7.896164669403243e-17	1.0000000000000002	[[-0.33671072319304224, -0.828213538215152, 0.44798239251555166], [-0.8988961779741355, 0.14106234957203012, -0.414833791724722], [0.28037751356039625, -0.5423686464484813, -0.7919751897877435]]	[[-1.3877787807814457e-17, 1.3877787807814457e-17, 4.588227053666265e-17], [-1.3877787807814457e-17, -1.3877787807814457e-17, 0.0], [4.588227053666265e-17, 0.0, -1.3877787807814457e-17]]	[]
5.41659985618744e-17	1.0000000000000004	[[-0.33671072319304224, -0.828213538215152, 0.44798239251555166], [-0.8988961779741355, 0.14106234957203012, -0.414833791724722], [0.28037751356039625, -0.5423686464484813, -0.7919751897877435]]	[[-1.3877787807814457e-17, 1.3877787807814457e-17, 4.588227053666265e-17], [-1.3877787807814457e-17, -1.3877787807814457e-17, 0.0], [4.588227053666265e-17, 0.0, -1.3877787807814457e-17]]	[]
7.221803952239907e-17	1.0000000000000002	[[-0.33671072319304224, -0.828213538215152, 0.44798239251555166], [-0.8988961779741355, 0.14106234957203012, -0.414833791724722], [0.28037751356039625, -0.5423686464484813, -0.7919751897877435]]	[[-1.3877787807814457e-17, 1.3877787807814457e-17, 4.588227053666265e-17], [-1.3877787807814457e-17, -1.3877787807814457e-17, 0.0], [4.588227053666265e-17, 0.0, -1.3877787807814457e-17]]	[]
6.481676069594909e-17	1.0000000000000002	[[-0.33671072319304224, -0.828213538215152, 0.44798239251555166], [-0.8988961779741355, 0.14106234957203012, -0.414833791724722], [0.28037751356039625, -0.5423686464484813, -0.7919751897877435]]	[[-1.3877787807814457e-17, 1.3877787807814457e-17, 4.588227053666265e-17], [-1.3877787807814457e-17, -1.3877787807814457e-17, 0.0], [4.588227053666265e-17, 0.0, -1.3877787807814457e-17]]	[]
7.550156290088408e-17	0.9999999999999999	[[-0.33671072319304224, -0.828213538215152, 0.44798239251555166], [-0.8988961779741355, 0.14106234957203012, -0.414833791724722], [0.28037751356039625, -0.5423686464484813, -0.7919751897877435]]	[[-1.3877787807814457e-17, 1.3877787807814457e-17, 4.588227053666265e-17], [-1.3877787807814457e-17, -1.3877787807814457e-17, 0.0], [4.588227053666265e-17, 0.0, -1.3877787807814457e-17]]	[]
1.1934285220026366e-16	1.0	[[-0.33671072319304224, -0.828213538215152, 0.44798239251555166], [-0.8988961779741355, 0.14106234957203012, -0.414833791724722], [0.28037751356039625, -0.5423686464484813, -0.7919751897877435]]	[[-1.3877787807814457e-17, 1.3877787807814457e-17, 4.588227053666265e-17], [-1.3877787807814457e-17, -1.3877787807814457e-17, 0.0], [4.588227053666265e-17, 0.0, -1.3877787807814457e-17]]	[]
6.232921789632933e-17	1.0000000000000002	[[-0.33671072319304224, -0.828213538215152, 0.44798239251555166], [-0.8988961779741355, 0.14106234957203012, -0.414833791724722], [0.28037751356039625, -0.5423686464484813, -0.7919751897877435]]	[[-1.3877787807814457e-17, 1.3877787807814457e-17, 4.588227053666265e-17], [-1.3877787807814457e-17, -1.3877787807814457e-17, 0.0], [4.588227053666265e-17, 0.0, -1.3877787807814457e-17]]	[]
8.338078817772155e-17	1.0	[[-0.33671072319304224, -0.828213538215152, 0.44798239251555166], [-0.8988961779741355, 0.14106234957203012, -0.414833791724722], [0.28037751356039625, -0.5423686464484813, -0.7919751897877435]]	[[-1.3877787807814457e-17, 1.3877787807814457e-17, 4.588227053666265e-17], [-1.3877787807814457e-17, -1.3877787807814457e-17, 0.0], [4.588227053666265e-17, 0.0, -1.3877787807814457e-17]]	[]
2.59063141584965e-16	1.0000000000000004	[[-0.33671072319304224, -0.828213538215152, 0.44798239251555166], [-0.8988961779741355, 0.14106234957203012, -0.414833791724722], [0.28037751356039625, -0.5423686464484813, -0.7919751897877435]]	[[-1.3877787807814457e-17, 1.3877787807814457e-17, 4.588227053666265e-17], [-1.3877787807814457e-17, -1.3877787807814457e-17, 0.0], [4.588227053666265e-17, 0.0, -1.3877787807814457e-17]]	[]
5.835624054985698e-17	1.0000000000000002	[[-0.33671072319304224, -0.828213538215152, 0.44798239251555166], [-0.8988961779741355, 0.14106234957203012, -0.414833791724722], [0.28037751356039625, -0.5423686464484813, -0.7919751897877435]]	[[-1.3877787807814457e-17, 1.3877787807814457e-17, 4.588227053666265e-17], [-1.3877787807814457e-17, -1.3877787807814457e-17, 0.0], [4.588227053666265e-17, 0.0, -1.3877787807814457e-17]]	[]
7.661442646414552e-17	1.0000000000000002	[[-0.33671072319304224, -0.828213538215152, 0.44798239251555166], [-0.8988961779741355, 0.14106234957203012, -0.414833791724722], [0.28037751356039625, -0.5423686464484813, -0.7919751897877435]]	[[-1.3877787807814457e-17, 1.3877787807814457e-17, 4.588227053666265e-17], [-1.3877787807814457e-17, -1.3877787807814457e-17, 0.0], [4.588227053666265e-17, 0.0, -1.3877787807814457e-17]]	[]
2.6269941750441914e-15	0.9999999999999977	[[-0.33671072319304224, -0.828213538215152, 0.44798239251555166], [-0.8988961779741355, 0.14106234957203012, -0.414833791724722], [0.28037751356039625, -0.5423686464484813, -0.7919751897877435]]	[[-1.3877787807814457e-17, 1.3877787807814457e-17, 4.588227053666265e-17], [-1.3877787807814457e-17, -1.3877787807814457e-17, 0.0], [4.588227053666265e-17, 0.0, -1.3877787807814457e-17]]	[]
8.163980396335465e-17	0.9999999999999999	[[0.611696357854135, 0.19982549882086859, -0.7654393090304265], [0.2139506463738884, 0.889727439954835, 0.40324955487589864], [0.761611900316809, -0.4104325189509307, 0.5014902398685468]]	[[0.0, 0.0, 1.719542278156534e-17], [0.0, 8.326672684688674e-17, 0.0], [1.719542278156534e-17, 0.0, 5.551115123125783e-17]]	[]
5.775492516411015e-17	1.0000000000000002	[[0.611696357854135, 0.19982549882086859, -0.7654393090304265], [0.2139506463738884, 0.889727439954835, 0.40324955487589864], [0.761611900316809, -0.4104325189509307, 0.5014902398685468]]	[[0.0, 0.0, 1.719542278156534e-17], [0.0, 8.326672684688674e-17, 0.0], [1.719542278156534e-17, 0.0, 5.551115123125783e-17]]	[]
8.401868594208314e-17	1.0000000000000002	[[0.611696357854135, 0.19982549882086859, -0.7654393090304265], [0.2139506463738884, 0.889727439954835, 0.40324955487589864], [0.761611900316809, -0.4104325189509307, 0.5014902398685468]]	[[0.0, 0.0, 1.719542278156534e-17], [0.0, 8.326672684688674e-17, 0.0], [1.719542278156534e-17, 0.0, 5.551115123125783e-17]]	[]
7.927992453541581e-17	1.0	[[0.611696357854135, 0.19982549882086859, -0.7654393090304265], [0.2139506463738884, 0.889727439954835, 0.40324955487589864], [0.761611900316809, -0.4104325189509307, 0.5014902398685468]]	[[0.0, 0.0, 1.719542278156534e-17], [0.0, 8.326672684688674e-17, 0.0], [1.719542278156534e-17, 0.0, 5.551115123125783e-17]]	[]
2.717560825547274e-16	0.9999999999999999	[[0.611696357854135, 0.19982549882086859, -0.7654393090304265], [0.2139506463738884, 0.889727439954835, 0.40324955487589864], [0.761611900316809, -0.4104325189509307, 0.5014902398685468]]	[[0.0, 0.0, 1.719542278156534e-17], [0.0, 8.326672684688674e-17, 0.0], [1.719542278156534e-17, 0.0, 5.551115123125783e-17]]	[]
6.931625170413304e-17	1.0	[[0.611696357854135, 0.19982549882086859, -0.7654393090304265], [0.2139506463738884, 0.889727439954835, 0.40324955487589864], [0.761611900316809, -0.4104325189509307, 0.5014902398685468]]	[[0.0, 0.0, 1.719542278156534e-17], [0.0, 8.326672684688674e-17, 0.0], [1.719542278156534e-17, 0.0, 5.551115123125783e-17]]	[]
7.359391828459658e-16	0.9999999999999996	[[0.611696357854135, 0.19982549882086859, -0.7654393090304265], [0.2139506463738884, 0.889727439954835, 0.40324955487589864], [0.761611900316809, -0.4104325189509307, 0.5014902398685468]]	[[0.0, 0.0, 1.719542278156534e-17], [0.0, 8.326672684688674e-17, 0.0], [1.719542278156534e-17, 0.0, 5.551115123125783e-17]]	[]
1.3353886382896616e-16	1.0	[[0.611696357854135, 0.19982549882086859, -0.7654393090304265], [0.2139506463738884, 0.889727439954835, 0.40324955487589864], [0.761611900316809, -0.4104325189509307, 0.5014902398685468]]	[[0.0, 0.0, 1.719542278156534e-17], [0.0, 8.326672684688674e-17, 0.0], [1.719542278156534e-17, 0.0, 5.551115123125783e-17]]	[]
3.2285475511041446e-15	0.9999999999999972	[[0.611696357854135, 0.19982549882086859, -0.7654393090304265], [0.2139506463738884, 0.889727439954835, 0.40324955487589864], [0.761611900316809, -0.4104325189509307, 0.5014902398685468]]	[[0.0, 0.0, 1.719542278156534e-17], [0.0, 8.326672684688674e-17, 0.0], [1.719542278156534e-17, 0.0, 5.551115123125783e-17]]	[]
4.037257312237857e-16	0.9999999999999994	[[0.611696357854135, 0.19982549882086859, -0.7654393090304265], [0.2139506463738884, 0.889727439954835, 0.40324955487589864], [0.761611900316809, -0.4104325189509307, 0.5014902398685468]]	[[0.0, 0.0, 1.719542278156534e-17], [0.0, 8.326672684688674e-17, 0.0], [1.719542278156534e-17, 0.0, 5.551115123125783e-17]]	[]
1.7064167560519448e-16	1.0	[[0.611696357854135, 0.19982549882086859, -0.7654393090304265], [0.2139506463738884, 0.889727439954835, 0.40324955487589864], [0.761611900316809, -0.4104325189509307, 0.5014902398685468]]	[[0.0, 0.0, 1.719542278156534e-17], [0.0, 8.326672684688674e-17, 0.0], [1.719542278156534e-17, 0.0, 5.551115123125783e-17]]	[]
6.416445422432268e-17	1.0	[[0.611696357854135, 0.19982549882086859, -0.7654393090304265], [0.2139506463738884, 0.889727439954835, 0.40324955487589864], [0.761611900316809, -0.4104325189509307, 0.5014902398685468]]	[[0.0, 0.0, 1.719542278156534e-17], [0.0, 8.326672684688674e-17, 0.0], [1.719542278156534e-17, 0.0, 5.551115123125783e-17]]	[]
6.625865155071799e-17	0.9999999999999999	[[-0.6500021834678882, -0.04376320810600787, -0.7586711692843269], [-0.7189243069645999, 0.35893263187355084, 0.5952438211622155], [0.24626206029847036, 0.9323369280429668, -0.2647694284938431]]	[[-1.3877787807814457e-17, 1.3877787807814457e-17, 5.0986197839033e-19], [-1.3877787807814457e-17, 6.938893903907228e-17, 0.0], [5.0986197839033e-19, 0.0, 2.7755575615628914e-17]]	[]
9.654648957240739e-17	1.0000000000000002	[[-0.6500021834678882, -0.04376320810600787, -0.7586711692843269], [-0.7189243069645999, 0.35893263187355084, 0.5952438211622155], [0.24626206029847036, 0.9323369280429668, -0.2647694284938431]]	[[-1.3877787807814457e-17, 1.3877787807814457e-17, 5.0986197839033e-19], [-1.3877787807814457e-17, 6.938893903907228e-17, 0.0], [5.0986197839033e-19, 0.0, 2.7755575615628914e-17]]	[]
1.0848290938494981e-16	0.9999999999999998	[[-0.6500021834678882, -0.04376320810600787, -0.7586711692843269], [-0.7189243069645999, 0.35893263187355084, 0.5952438211622155], [0.24626206029847036, 0.9323369280429668, -0.2647694284938431]]	[[-1.3877787807814457e-17, 1.3877787807814457e-17, 5.0986197839033e-19], [-1.3877787807814457e-17, 6.938893903907228e-17, 0.0], [5.0986197839033e-19, 0.0, 2.7755575615628914e-17]]	[]
6.517815014647666e-17	1.0	[[-0.6500021834678882, -0.04376320810600787, -0.7586711692843269], [-0.7189243069645999, 0.35893263187355084, 0.5952438211622155], [0.24626206029847036, 0.9323369280429668, -0.2647694284938431]]	[[-1.3877787807814457e-17, 1.3877787807814457e-17, 5.0986197839033e-19], [-1.3877787807814457e-17, 6.938893903907228e-17, 0.0], [5.0986197839033e-19, 0.0, 2.7755575615628914e-17]]	[]
2.1945257761195228e-16	1.0	[[-0.6500021834678882, -0.04376320810600787, -0.7586711692843269], [-0.7189243069645999, 0.35893263187355084, 0.5952438211622155], [0.24626206029847036, 0.9323369280429668, -0.2647694284938431]]	[[-1.3877787807814457e-17, 1.3877787807814457e-17, 5.0986197839033e-19], [-1.3877787807814457e-17, 6.938893903907228e-17, 0.0], [5.0986197839033e-19, 0.0, 2.7755575615628914e-17]]	[]
5.349719751455242e-17	1.0	[[-0.6500021834678882, -0.04376320810600787, -0.7586711692843269], [-0.7189243069645999, 0.35893263187355084, 0.5952438211622155], [0.24626206029847036, 0.9323369280429668, -0.2647694284938431]]	[[-1.3877787807814457e-17, 1.3877787807814457e-17, 5.0986197839033e-19], [-1.3877787807814457e-17, 6.938893903907228e-17, 0.0], [5.0986197839033e-19, 0.0, 2.7755575615628914e-17]]	[]
8.366812808799034e-17	1.0	[[-0.6500021834678882, -0.04376320810600787, -0.7586711692843269], [-0.7189243069645999, 0.35893263187355084, 0.5952438211622155], [0.24626206029847036, 0.9323369280429668, -0.2647694284938431]]	[[-1.3877787807814457e-17, 1.3877787807814457e-17, 5.0986197839033e-19], [-1.3877787807814457e-17, 6.938893903907228e-17, 0.0], [5.0986197839033e-19, 0.0, 2.7755575615628914e-17]]	[]
3.6278243326755614e-16	0.9999999999999997	[[-0.6500021834678882, -0.04376320810600787, -0.7586711692843269], [-0.7189243069645999, 0.35893263187355084, 0.5952438211622155], [0.24626206029847036, 0.9323369280429668, -0.2647694284938431]]	[[-1.3877787807814457e-17, 1.3877787807814457e-17, 5.0986197839033e-19], [-1.3877787807814457e-17, 6.938893903907228e-17, 0.0], [5.0986197839033e-19, 0.0, 2.7755575615628914e-17]]	[]
9.382271773597147e-17	1.0	[[-0.6500021834678882, -0.04376320810600787, -0.7586711692843269], [-0.7189243069645999, 0.35893263187355084, 0.5952438211622155], [0.24626206029847036, 0.9323369280429668, -0.2647694284938431]]	[[-1.3877787807814457e-17, 1.3877787807814457e-17, 5.0986197839033e-19], [-1.3877787807814457e-17, 6.938893903907228e-17, 0.0], [5.0986197839033e-19, 0.0, 2.7755575615628914e-17]]	[]
5.939535388095548e-17	1.0000000000000002	[[-0.6500021834678882, -0.04376320810600787, -0.7586711692843269], [-0.7189243069645999, 0.35893263187355084, 0.5952438211622155], [0.24626206029847036, 0.9323369280429668, -0.2647694284938431]]	[[-1.3877787807814457e-17, 1.3877787807814457e-17, 5.0986197839033e-19], [-1.3877787807814457e-17, 6.938893903907228e-17, 0.0], [5.0986197839033e-19, 0.0, 2.7755575615628914e-17]]	[]
5.614729704736334e-17	1.0	[[-0.6500021834678882, -0.04376320810600787, -0.7586711692843269], [-0.7189243069645999, 0.35893263187355084, 0.5952438211622155], [0.24626206029847036, 0.9323369280429668, -0.2647694284938431]]	[[-1.3877787807814457e-17, 1.3877787807814457e-17, 5.0986197839033e-19], [-1.3877787807814457e-17, 6.938893903907228e-17, 0.0], [5.0986197839033e-19, 0.0, 2.7755575615628914e-17]]	[]
7.349687622507439e-16	0.9999999999999994	[[-0.6500021834678882, -0.04376320810600787, -0.7586711692843269], [-0.7189243069645999, 0.35893263187355084, 0.5952438211622155], [0.24626206029847036, 0.9323369280429668, -0.2647694284938431]]	[[-1.3877787807814457e-17, 1.3877787807814457e-17, 5.0986197839033e-19], [-1.3877787807814457e-17, 6.938893903907228e-17, 0.0], [5.0986197839033e-19, 0.0, 2.7755575615628914e-17]]	[]
9.646831110417115e-16	0.9999999999999991	[[-0.11412379727222291, 0.3647536192079772, 0.9240836305069203], [-0.09907579711663703, -0.9297024239265865, 0.35473566126163913], [0.988513907500482, -0.051070541603857766, 0.14223942652590058]]	[[-8.326672684688674e-17, 2.220446049250313e-16, 9.344651921949657e-16], [-2.220446049250313e-16, -9.159339953157541e-16, 0.0], [9.344651921949657e-16, 0.0, 1.249000902703301e-16]]	[]
6.20314655149345e-17	1.0000000000000002	[[-0.11412379727222291, 0.3647536192079772, 0.9240836305069203], [-0.09907579711663703, -0.9297024239265865, 0.35473566126163913], [0.988513907500482, -0.051070541603857766, 0.14223942652590058]]	[[-8.326672684688674e-17, 2.220446049250313e-16, 9.344651921949657e-16], [-2.220446049250313e-16, -9.159339953157541e-16, 0.0], [9.344651921949657e-16, 0.0, 1.249000902703301e-16]]	[]
8.575598550898587e-17	1.0	[[-0.11412379727222291, 0.3647536192079772, 0.9240836305069203], [-0.09907579711663703, -0.9297024239265865, 0.35473566126163913], [0.988513907500482, -0.051070541603857766, 0.14223942652590058]]	[[-8.326672684688674e-17, 2.220446049250313e-16, 9.344651921949657e-16], [-2.220446049250313e-16, -9.159339953157541e-16, 0.0], [9.344651921949657e-16, 0.0, 1.249000902703301e-16]]	[]
7.258183902962122e-17	1.0	[[-0.11412379727222291, 0.3647536192079772, 0.9240836305069203], [-0.09907579711663703, -0.9297024239265865, 0.35473566126163913], [0.988513907500482, -0.051070541603857766, 0.14223942652590058]]	[[-8.326672684688674e-17, 2.220446049250313e-16, 9.344651921949657e-16], [-2.220446049250313e-16, -9.159339953157541e-16, 0.0], [9.344651921949657e-16, 0.0, 1.249000902703301e-16]]	[]
1.2127076393010792e-16	0.9999999999999999	[[-0.11412379727222291, 0.3647536192079772, 0.9240836305069203], [-0.09907579711663703, -0.9297024239265865, 0.35473566126163913], [0.988513907500482, -0.051070541603857766, 0.14223942652590058]]	[[-8.326672684688674e-17, 2.220446049250313e-16, 9.344651921949657e-16], [-2.220446049250313e-16, -9.159339953157541e-16, 0.0], [9.344651921949657e-16, 0.0, 1.249000902703301e-16]]	[]
6.783536030047243e-17	1.0	[[-0.11412379727222291, 0.3647536192079772, 0.9240836305069203], [-0.09907579711663703, -0.9297024239265865, 0.35473566126163913], [0.988513907500482, -0.051070541603857766, 0.14223942652590058]]	[[-8.326672684688674e-17, 2.220446049250313e-16, 9.344651921949657e-16], [-2.220446049250313e-16, -9.159339953157541e-16, 0.0], [9.344651921949657e-16, 0.0, 1.249000902703301e-16]]	[]
4.3937884111365453e-16	0.9999999999999997	[[-0.11412379727222291, 0.3647536192079772, 0.9240836305069203], [-0.09907579711663703, -0.9297024239265865, 0.35473566126163913], [0.988513907500482, -0.051070541603857766, 0.14223942652590058]]	[[-8.326672684688674e-17, 2.220446049250313e-16, 9.344651921949657e-16], [-2.220446049250313e-16, -9.159339953157541e-16, 0.0], [9.344651921949657e-16, 0.0, 1.249000902703301e-16]]	[]
8.176538976818808e-17	1.0	[[-0.11412379727222291, 0.3647536192079772, 0.9240836305069203], [-0.09907579711663703, -0.9297024239265865, 0.35473566126163913], [0.988513907500482, -0.051070541603857766, 0.14223942652590058]]	[[-8.326672684688674e-17, 2.220446049250313e-16, 9.344651921949657e-16], [-2.220446049250313e-16, -9.159339953157541e-16, 0.0], [9.344651921949657e-16, 0.0, 1.249000902703301e-16]]	[]
7.615877203350067e-17	0.9999999999999997	[[-0.11412379727222291, 0.3647536192079772, 0.9240836305069203], [-0.09907579711663703, -0.9297024239265865, 0.35473566126163913], [0.988513907500482, -0.051070541603857766, 0.14223942652590058]]	[[-8.326672684688674e-17, 2.220446049250313e-16, 9.344651921949657e-16], [-2.220446049250313e-16, -9.159339953157541e-16, 0.0], [9.344651921949657e-16, 0.0, 1.249000902703301e-16]]	[]
6.24192674983267e-17	1.0000000000000002	[[-0.11412379727222291, 0.3647536192079772, 0.9240836305069203], [-0.09907579711663703, -0.9297024239265865, 0.35473566126163913], [0.988513907500482, -0.051070541603857766, 0.14223942652590058]]	[[-8.326672684688674e-17, 2.220446049250313e-16, 9.344651921949657e-16], [-2.220446049250313e-16, -9.159339953157541e-16, 0.0], [9.344651921949657e-16, 0.0, 1.249000902703301e-16]]	[]
6.110565075814887e-16	0.9999999999999997	[[-0.11412379727222291, 0.3647536192079772, 0.9240836305069203], [-0.09907579711663703, -0.9297024239265865, 0.35473566126163913], [0.988513907500482, -0.051070541603857766, 0.14223942652590058]]	[[-8.326672684688674e-17, 2.220446049250313e-16, 9.344651921949657e-16], [-2.220446049250313e-16, -9.159339953157541e-16, 0.0], [9.344651921949657e-16, 0.0, 1.249000902703301e-16]]	[]
4.451869086079008e-16	0.9999999999999997	[[-0.11412379727222291, 0.3647536192079772, 0.9240836305069203], [-0.09907579711663703, -0.9297024239265865, 0.35473566126163913], [0.988513907500482, -0.051070541603857766, 0.14223942652590058]]	[[-8.326672684688674e-17, 2.220446049250313e-16, 9.344651921949657e-16], [-2.220446049250313e-16, -9.159339953157541e-16, 0.0], [9.344651921949657e-16, 0.0, 1.249000902703301e-16]]	[]
