10	[[-0.8011245690937495, -0.03963348185217799, -0.5971839012487085], [0.07148815852702158, -0.9969981734291763, -0.02973357310014117], [-0.594212813716407, -0.06651187333972096, 0.8015530567093305]]	0.8107953016862073	0.18920469831379289	[[-0.6495480366865992, -0.03213464087521156, -0.4841939013750928], [0.05796226305990792, -0.8083614348061063, -0.024107841371937826], [-0.48178495756300443, -0.053927514410193875, 0.6498954524321431]]	0.8115612389082787	0.3274498985031881	[[-0.6557655477828769, -0.01076024639807936, -0.33960081712935947], [0.04967206244228711, -0.951180924965988, 8.144284651367682e-05], [-0.30876850431768654, -0.039422722766288144, 0.6468544565720805]]	[[-0.005603899969292515, 0.021404751236122992, 0.1450504896241216], [-0.008344956059173939, -0.14205585214851463, 0.02421205826883411], [0.1734715829571748, 0.014555735563406313, -0.0036549351816615905]]	0.23332875564032254	[[-0.7071067811865476, -3.2354269956215097e-16, -0.7071067811865475], [2.414934981077229e-16, -0.8681255332467199, 1.1011398846104407e-16], [-0.6138574514799432, -9.638129552755003e-17, 0.6138574514799433]]
10	[[-0.011589893598810297, 0.9826435305367112, 0.18514147633827627], [0.11227511405049562, -0.182704212732111, 0.9767361309048049], [0.9936095677535101, 0.03210704820265742, -0.10820889207637127]]	0.8377925288727309	0.1622074711272695	[[-0.009709926267513151, 0.8232514084287798, 0.15511014566067544], [0.094063251729839, -0.15306822442053672, 0.8183022331521029], [0.8324386724803544, 0.026899045108343036, -0.0906566013391795]]	0.8971057898544762	0.15200064545748193	[[-0.010180199941040358, 0.906383207328498, 0.16817569933503698], [0.05489173584225503, -0.17021803413394493, 0.8462189431983839], [0.893988660049087, 0.045265850482686006, -0.03236278680763238]]	[[0.0002171607102497003, 0.024848006720970598, 0.0020842089697636857], [-0.045830919029016245, -0.006313027061164152, -0.03001669499637637], [0.00261576396260944, 0.016462431644945284, 0.06471203678781845]]	0.23879416276554064	[[0.0, 1.0, 1.9967346175427393e-16], [0.0, -1.6883138712052142e-16, 0.9411919999999999], [0.9411919999999999, 0.0, 0.0]]
10	[[-0.1979434622679918, 0.9682888025830232, -0.1524309041424854], [-0.9591958066328183, -0.15931265816426138, 0.2335869891210864], [0.2018954934697093, 0.19244810142210464, 0.9603134581872996]]	0.8101675500511741	0.18983244994882595	[[-0.16036736987430583, 0.784476166930673, -0.12349457216120274], [-0.7771093166790702, -0.12906994595707977, 0.18924459870006083], [0.16356917731072723, 0.15591520684114638, 0.7780148017007752]]	0.8545574394710638	0.16269205707479073	[[-0.1647097031802769, 0.8767407681336313, -0.13286440607920053], [-0.8189986450351269, -0.13212447223699786, 0.1572136522507678], [0.13013144887391864, 0.16210465056655216, 0.8239710874849272]]	[[0.004444355095495128, 0.04928236832978075, -0.0026034429389390637], [0.0006892674323961864, 0.004017344999182103, -0.04239984706630301], [-0.04239984706630301, -0.0023533062157891412, 0.003328077566785909]]	0.3203575110030243	[[-0.24999999999999978, 0.9571067811865475, -0.1464466094067263], [-0.6974152646804287, -0.11965754220711783, 0.40853640344377323], [0.37348952075142394, 0.20426820172188662, 0.6974152646804287]]
10	[[0.8434013427351802, 0.37557201465901263, -0.38421327004342964], [0.4843740832070826, -0.2220497303533281, 0.8462125411309575], [0.23249929589096227, -0.89979974386248, -0.3691943910126779]]	0.7681908762272823	0.23180912377271773	[[0.6478932164870047, 0.2885109950273526, -0.2951491285728116], [0.37209175140063533, -0.17057657692615477, 0.6500527534459054], [0.1786038378327045, -0.6912179536668027, -0.2836117627302269]]	0.8218827639704502	0.2215368865444269	[[0.7582352804217943, 0.36960142425626624, -0.31832946642658433], [0.43841680534620614, -0.22664217964503525, 0.6397009860240013], [0.14674819580384407, -0.6984522285343838, -0.36260131133197643]]	[[0.06505825371821528, 0.060925258778366534, -0.002551202089165405], [0.0403180950443163, -0.04414333352334879, -0.05578651618716838], [-0.04433896812420356, 0.04107767197121443, -0.05916680480408962]]	0.34590730070493886	[[0.9267766952966369, 0.28033008588991065, -0.25], [0.22905009013309635, -0.05982877110355908, 0.7820259241951973], [0.20426820172188662, -0.7820259241951973, -0.11965754220711812]]
10	[[0.5366695897887676, 0.8400312153292252, -0.07958208761059785], [0.7684311562343987, -0.447598556932012, 0.45735007375165615], [0.348567510712374, -0.30659923206832285, -0.8857186920071709]]	0.7720002178500146	0.22799978214998545	[[0.4143090402304065, 0.6485042812349744, -0.061437388972340454], [0.5932290200156943, -0.34554618346086546, 0.3530743565699988], [0.26909419420539005, -0.2366946739493923, -0.6837750231833659]]	0.8495510787949875	0.22459006066026974	[[0.5518126269548902, 0.7638845294585692, -0.018220544312336696], [0.5695179050084845, -0.3559920979796786, 0.4827126832992422], [0.3296834132915081, -0.35297541015978884, -0.7101525921539755]]	[[0.0958843979933793, 0.0502351042541616, 0.049388504070003905], [-0.08330361275012861, 0.02426573892899173, 0.09417043475655565], [0.033557508532927376, -0.09250370179843043, 0.04231067814960173]]	0.28392786176722246	[[0.4999999999999999, 0.8535533905932737, -0.14644660940672638], [0.6974152646804287, -0.3734895207514239, 0.2042682017218868], [0.11965754220711812, -0.20426820172188676, -0.7820259241951973]]
10	[[0.20231817389064605, -0.6994113589449509, -0.6854860374160302], [-0.8413567112351195, 0.2340817656053938, -0.48715973917256866], [0.5011848371341435, 0.6752995468603828, -0.5410954454040282]]	0.7822658137112984	0.21773418628870145	[[0.15826659092715023, -0.5471255958239972, -0.5362322928469846], [-0.6581645923358028, 0.18311416284628076, -0.3810884097712133], [0.39205976444050533, 0.5282637495236086, -0.4232804688944596]]	0.7958397281024481	0.34078656426648973	[[0.280526121446931, -0.5855649589901302, -0.5306327651131107], [-0.6569800466945568, 0.2908313201290314, -0.3659254434482362], [0.39800840110632524, 0.477057014086892, -0.28710011358495857]]	[[0.11951328094761549, -0.02894561325561673, 0.014904256522087184], [0.012605049611970846, 0.10453975143589375, 0.021775630917320432], [-0.0008544034075812579, -0.060373193674181515, 0.14352513856285629]]	0.3073998115310381	[[0.14644660940672638, -0.8535533905932737, -0.4999999999999999], [-0.7561137677176853, 0.12972861314631443, -0.44292119043199996], [0.44292119043199984, 0.44292119043199996, -0.6263851545713707]]
10	[[0.8706842278162519, 0.40148237992419594, 0.28411419190603826], [0.48700467489959137, -0.7845539150430676, -0.3837989070027929], [0.06881440298339332, 0.4725325946440084, -0.8786225156123877]]	0.7821040971412142	0.21789590285878585	[[0.6809657018913251, 0.3140010142687192, 0.22220687354567767], [0.38088835156589546, -0.6136028313833632, -0.30017069764520415], [0.05382002651563853, 0.36956967830384757, -0.6871742693009688]]	0.8490478972297619	0.20381852894816424	[[0.7797059359427172, 0.3778086324366738, 0.3270613323244682], [0.4701830728869375, -0.596445060063593, -0.3262825989493828], [0.006300415238023801, 0.4515664376088159, -0.7330065852946963]]	[[0.04045332316420959, 0.03693086198723483, 0.0858347751135134], [0.056692777722375576, 0.06967879176710084, -0.0004189439995805101], [-0.05212630891414776, 0.05036363175379706, 0.012986014044725259]]	0.3123440349606544	[[0.7803300858899106, 0.4267766952966369, 0.45710678118654746], [0.4683651745473323, -0.6375864935768697, -0.2042682017218866], [0.20426820172188667, 0.3734895207514239, -0.6974152646804287]]
10	[[0.5703528252803276, 0.5739516156578184, -0.5876029250935769], [-0.5509578072563881, -0.26325551186259916, -0.7919229950551969], [-0.609215191305979, 0.7754199367811874, 0.16607459867264057]]	0.7938697570151817	0.20613024298481847	[[0.4527858588182161, 0.4556428296607432, -0.4664801913654478], [-0.43738874057224614, -0.20899058923526886, -0.6286837156592041], [-0.4836375158920351, 0.6155824367972086, 0.13184160129464295]]	0.8958342462072912	0.17065038103642258	[[0.5582939737349244, 0.5087707260203568, -0.5709252870909285], [-0.45137921956032206, -0.27237165089819904, -0.6543569646260111], [-0.5698049312361916, 0.6364622657650727, 0.12043295618817725]]	[[0.047352380427723294, -0.005394786951921911, -0.04453046362052468], [0.042187652395226434, -0.036538347868852926, 0.0550747747034814], [-0.02404909955456914, -0.0581854687954077, -0.028342356727906134]]	0.25563758243759277	[[0.7071067811865476, 0.5, -0.4999999999999999], [-0.43406276662335996, -0.12713404088338814, -0.7409914923633316], [-0.43406276662335985, 0.7409914923633316, 0.12713404088338845]]
10	[[0.2023859315102588, -0.1060602062400518, 0.9735456678446278], [0.6690322325666673, 0.7409383789188091, -0.0583625773250962], [-0.7151474019484273, 0.6631451962409777, 0.2209132005764473]]	0.8477015108308278	0.15229848916917224	[[0.17156285991215084, -0.08990739706872111, 0.8252761334946984], [0.5671396343412856, 0.6280945832420187, -0.04947404497446507], [-0.6062315330984233, 0.5621491847536826, 0.18726845389112812]]	0.8791151884123566	0.19412370667516718	[[0.11550366139772139, -0.07396722698653617, 0.8817935373561632], [0.5817574028313784, 0.6745493927449338, -0.052168884715485045], [-0.5934720822929247, 0.5572118197071141, 0.1251934658469815]]	[[-0.06241688491393006, 0.019271911205240373, 0.02593475414089956], [-0.006398994355407076, 0.023179210159778783, -0.0008614565541023682], [0.03522486071357421, -0.0257691944310223, -0.06901468410055875]]	0.26116324632428506	[[0.0, 0.0, 1.0], [0.6655232455985289, 0.665523245598529, 0.0], [-0.665523245598529, 0.6655232455985289, 0.0]]
10	[[0.511206875187014, 0.8459474298653378, 0.15179089783566851], [-0.8586320663191376, 0.5104270682068909, 0.047065727767094744], [-0.037663051523436505, -0.15439285587729631, 0.9872914162515521]]	0.8791650102753668	0.1208349897246335	[[0.44943519767662937, 0.7437273808699797, 0.13344924625540266], [-0.7548792694082237, 0.4487496186649365, 0.04137854103597548], [-0.03311203707960372, -0.13573679672380642, 0.867992068113577]]	0.9077537882207818	0.12147749243132143	[[0.4652203738160885, 0.749595012754167, 0.10429690613202795], [-0.7538652308658131, 0.4523496663265046, 0.050527202270404616], [-0.022836471566143362, -0.1265883740913057, 0.8880098973384378]]	[[0.001170396300568091, -0.01831697134172761, -0.03349185639573379], [0.025561280023221486, -0.010992438448727973, 0.007803109594456331], [0.011352306130210616, 0.013562325705535217, -0.008207625841769364]]	0.2540819518891828	[[0.4999999999999999, 0.8535533905932737, 0.14644660940672638], [-0.7116482292657437, 0.3811117558687999, 0.20843694053253758], [0.12209953286440627, -0.20843694053253753, 0.7979856369338749]]
10	[[-0.048811022471290655, 0.8404542750081037, 0.5396796232079825], [-0.1921970497933101, 0.5223223691777455, -0.8308066181171734], [-0.9801417132925497, -0.1442773519203538, 0.13603774324354012]]	0.8142245217697957	0.1857754782302045	[[-0.0397431314287814, 0.6843184801378535, 0.43942038311542314], [-0.15649155095352354, 0.42528768125341654, -0.6764631213196367], [-0.7980554177722543, -0.11747415786956257, 0.1107652664351137]]	0.8791077312870953	0.17770696353311444	[[-0.0523047655889544, 0.7351385961193416, 0.4785812577291496], [-0.13823365525673198, 0.44227836834390555, -0.7206060688780983], [-0.8337606712211003, -0.10362520770488098, 0.05459187037219691]]	[[-0.009394618362414654, -0.0037112548335728104, 0.00414472854890573], [0.03072825714713775, -0.01689926462444298, 0.00976245231319405], [0.027889486691359724, 0.023210127817931064, -0.06499996146004801]]	0.22209807649697058	[[-0.14644660940672638, 0.8535533905932737, 0.4999999999999999], [-0.20843694053253758, 0.3811117558687999, -0.7116482292657437], [-0.7979856369338749, -0.20843694053253753, 0.12209953286440627]]
10	[[0.8677758745180911, 0.35246868940790826, 0.3503296370440759], [0.30489758050525356, -0.9342923179771935, 0.18475748962043512], [0.39243151887482847, -0.05351343341511783, -0.9182231838925224]]	0.7988818289882108	0.2011181710117893	[[0.6932503777868566, 0.28158083125526745, 0.2798719811905474], [0.2435771367681173, -0.7463891557952553, 0.14759940122724358], [0.3135064095513446, -0.04275090956210818, -0.7335518165674365]]	0.8271700541572149	0.28486976499365974	[[0.6970429141623642, 0.32274357916189356, 0.16927231817994493], [0.19406708247987448, -0.8426631535438898, 0.11589585094720808], [0.21152728365354811, 0.0, -0.7595267207487881]]	[[-0.020755302959089734, 0.031192034255631537, -0.1205098666666808], [-0.0581350656990599, -0.06984452628402499, -0.03693001174807828], [-0.11308031706714183, 0.04426470961612151, 0.0]]	0.2715244474399582	[[0.8535533905932738, 0.24999999999999992, 0.45710678118654746], [0.1220995328644061, -0.7979856369338749, 0.20843694053253736], [0.4168738810650748, -0.12209953286440613, -0.7116482292657437]]
10	[[0.8076735082395426, -0.3067057453339202, -0.5035822572998319], [0.0850908944562452, -0.7844955095899794, 0.6142689436344596], [-0.5834578337537903, -0.5389790174137795, -0.6075183742233737]]	0.8044225756094628	0.19557742439053716	[[0.6497108037495838, -0.24672102561573206, -0.405092936448358], [0.06844903647940571, -0.6310658983784293, 0.494131805755336], [-0.4693466533877419, -0.43356688938745, -0.48870149532283985]]	0.8331347248232309	0.1730037724179738	[[0.7328223079436137, -0.27876600333361407, -0.45601887956838355], [0.035376369649224, -0.6956519233723804, 0.47889369759902384], [-0.49042091973503177, -0.4043399429282377, -0.5613066209482114]]	[[0.05992146190944886, -0.023238796593134513, -0.03646701420702671], [-0.035515809288542394, -0.04206147286507265, -0.03287508972332824], [-0.004321937964609313, 0.0447021924302868, -0.05516196741456434]]	0.23908721273399552	[[0.8535533905932738, -0.1464466094067262, -0.4999999999999999], [0.12972861314631456, -0.7561137677176852, 0.44292119043199996], [-0.44292119043199984, -0.44292119043199996, -0.6263851545713707]]
10	[[0.6153023296687069, 0.7313682018673757, -0.2941149373995541], [-0.35367086285074184, -0.07732112734721036, -0.9321686349776892], [-0.7044997969301864, 0.6775854164332626, 0.21108775322668094]]	0.7797841387229115	0.22021586127708848	[[0.47980299719491354, 0.5703093233824761, -0.22934616314565429], [-0.2757869291794547, -0.06029378869352896, -0.7268903161705896], [-0.5493577673796715, 0.528370360364617, 0.1646028818448219]]	0.8406283800274578	0.2378159009924402	[[0.5217531570825715, 0.5820851207065488, -0.3010548261343343], [-0.31196501780168784, -0.0807385927826772, -0.7074360064377302], [-0.5930996438064668, 0.537451361529432, 0.1635017731204652]]	[[0.004512556466045567, -0.03272374603281798, -0.053813462766270026], [-0.014659253300555567, -0.015740258758895048, 0.07617140309597119], [-0.0008771207833712357, -0.03214616941709214, -0.013944582918115362]]	0.325669116922152	[[0.4571067811865476, 0.8535533905932737, -0.25], [-0.20426820172188673, -0.11965754220711794, -0.7820259241951973], [-0.6974152646804286, 0.40853640344377334, 0.11965754220711812]]
10	[[0.7983197949725356, -0.14272590074337235, -0.5850767660845899], [0.4905325911139221, -0.4095002147242297, 0.7692121626676685], [-0.3493755601212979, -0.9010765180592617, -0.2569004215491415]]	0.7927753687366469	0.2072246312633532	[[0.6328882698291162, -0.1131495785900971, -0.46383444897195575], [0.3888821557976825, -0.3246416837257372, 0.6098124558955744], [-0.2769763385027345, -0.714351268864365, -0.20366432642222068]]	0.8176087678399736	0.28193073684729314	[[0.6211211441123186, -0.2066147685402199, -0.4945647214287059], [0.3494657931680259, -0.37103676904896443, 0.6048575654436656], [-0.2695135854410529, -0.6967147995733238, -0.18046188516169587]]	[[-0.031592119797436466, -0.08992082069458086, -0.01620082761848796], [-0.051597954237977486, -0.036225803058082276, -0.024057043082568154], [0.016138935783121994, 0.04001326208664291, 0.029582151958667532]]	0.2521269407290814	[[0.8535533905932738, -0.1464466094067262, -0.4999999999999999], [0.3811117558688, -0.20843694053253753, 0.7116482292657437], [-0.2084369405325374, -0.7979856369338749, -0.12209953286440627]]
10	[[0.5388625488158765, 0.700060485213946, -0.46855359408041286], [-0.17010925617958866, -0.45432840348109804, -0.874441846409665], [-0.8250393896328132, 0.550909265516865, -0.12573379307880614]]	0.8033161205885889	0.1966838794114112	[[0.43287697224524896, 0.5623698731594322, -0.3763966554845177], [-0.1366515077503976, -0.3649693305576429, -0.7024532317381348], [-0.6627674418126087, 0.44255429397131696, -0.10100398288295492]]	0.8381360622415333	0.2593341734332647	[[0.39154790961500463, 0.5960043223977982, -0.3748104364230723], [-0.22485613874310562, -0.3495156866984438, -0.7398148088086827], [-0.6551552980507506, 0.41436985139868454, -0.09637525040533827]]	[[-0.06009222513897006, 0.00925838398968427, 0.017901227868602657], [-0.08228143661790893, 0.03127333235968615, -0.0069135629996704], [0.03633996717025367, -0.047367071053996054, 0.009006775816424046]]	0.19921975654833296	[[0.5000000000000001, 0.7071067811865475, -0.4999999999999999], [-0.11965754220711791, -0.40853640344377334, -0.6974152646804287], [-0.6974152646804286, 0.40853640344377334, -0.11965754220711812]]
10	[[0.8741664903139315, -0.15370841972864166, -0.46065895076156604], [0.4523572401227667, -0.08732656712286135, 0.8875511241517584], [-0.17665184550617297, -0.9842498627782785, -0.006806842160875459]]	0.8099329110088829	0.19006708899111718	[[0.7080162102063808, -0.12449350783739398, -0.37310284497261276], [0.3663790163085767, -0.07072866071823157, 0.7188568656534401], [-0.14307614346590605, -0.7971763565201047, -0.005513085486135726]]	0.8341775468468485	0.25998815660118835	[[0.729989980527387, -0.11138686459846327, -0.3484708970720438], [0.25538010618249235, -0.08745419751124701, 0.7393578691208798], [-0.13448739279515143, -0.8200217856915349, 0.010808480588290504]]	[[0.0007799221015921383, 0.01683324790048074, 0.03580045640728245], [-0.12196614668152791, -0.014608335974141929, -0.001017350325196622], [0.012871610335156457, 0.001017350325196622, 0.016486595483823183]]	0.22848445101404052	[[0.8535533905932738, -0.1464466094067262, -0.4999999999999999], [0.3811117558688, -0.20843694053253753, 0.7116482292657437], [-0.2084369405325374, -0.7979856369338749, -0.12209953286440627]]
10	[[-0.13714492618686602, -0.09186257958165817, -0.9862821785340151], [0.9849622221878442, -0.11826677366833438, -0.12594598488585185], [-0.1050746881222272, -0.9887235390738337, 0.10670085846576022]]	0.8074038056398313	0.19259619436016867	[[-0.11073133532746937, -0.07417019635012266, -0.7963279843831074], [0.7952622466059307, -0.09548904314055769, -0.10168926750189346], [-0.0848377030663045, -0.7982991481738961, 0.08615067919029185]]	0.883224580377387	0.19202553401060804	[[-0.10379998198030221, -0.022392832086773305, -0.8869246032694129], [0.8375516760593051, -0.09935495793221029, -0.053094783599825945], [-0.03157332049643012, -0.8514578117512842, 0.08401410689027441]]	[[0.017329787901980243, 0.05874245621662103, -0.01581594000001203], [-0.03239116932013233, 0.005101163613591881, 0.058143806051197275], [0.06123122682860896, 0.021807121156447493, -0.01022671405405364]]	0.23003375908821636	[[0.0, 0.0, -1.0], [0.9223681599999999, -1.6545475937811098e-16, 0.0], [-1.8417244351911998e-16, -0.9223681599999999, 0.0]]
10	[[-0.06806473341269687, 0.662577969415037, -0.7458938439961176], [-0.9098273039671204, 0.2655430850439849, 0.3189061726295745], [0.4093671567448706, 0.700340848752355, 0.5847574082877884]]	0.7864725054794707	0.21352749452052933	[[-0.05353104142187594, 0.5210993556813442, -0.5866250003093402], [-0.7155541593046532, 0.20884233540729102, 0.25081093660084997], [0.32195601342614555, 0.5507988220078837, 0.4598956239937787]]	0.7910985094776525	0.194883787594756	[[-0.05384590915077827, 0.560792352549521, -0.6267034167464408], [-0.7197630240504601, 0.24186836140693088, 0.2840838204570161], [0.3688183766996418, 0.554038601574302, 0.4626007141024845]]	[[0.0, 0.036627908532555584, -0.036627908532555584], [0.0, 0.0317976226265369, 0.031797622626536896], [0.04496862916967008, 0.0, 0.0]]	0.3698030413366535	[[0.0, 0.7071067811865475, -0.7071067811865476], [-0.6263851545713707, 0.44292119043200007, 0.44292119043199996], [0.6263851545713707, 0.44292119043199996, 0.44292119043199984]]
10	[[0.31358954156160956, 0.32022056906021157, -0.893935336908623], [-0.7749177473382989, -0.45777931064204774, -0.4358217383383115], [-0.5487841873481009, 0.8293954966714284, 0.10458979786689793]]	0.7907265883799606	0.2092734116200394	[[0.24796358835064736, 0.2532069181020706, -0.7068584391860463], [-0.6127480666278974, -0.3619782725349166, -0.3446158362980769], [-0.43393824821863286, 0.6558250715007015, 0.0827019340466419]]	0.8768440410739833	0.19781852297350927	[[0.27292143709256195, 0.29985704685991627, -0.8131907138461785], [-0.6149266611974251, -0.39691908878197546, -0.35748987268685567], [-0.5005327062760596, 0.6948568030917026, 0.025228846171061164]]	[[-0.0020476837688576523, 0.019073549050149775, -0.02934884057238871], [0.06455534787863683, 0.004481971881460122, 0.024657821545597536], [-0.019334561764248987, -0.03239369585823607, -0.06648009484566068]]	0.2796875049593704	[[0.14644660940672638, 0.2500000000000001, -0.9571067811865475], [-0.726171662516065, -0.38888954680489785, -0.2126907556454465], [-0.42538151129089263, 0.7261716625160649, 0.12459136006572068]]
10	[[-0.7147397866006825, 0.47804333933038157, 0.5105111195379277], [0.6441331517519284, 0.16556701204019203, 0.7467797850358632], [0.2724693015077806, 0.8625903606266073, -0.42626089369061476]]	0.7915391676255994	0.20846083237440055	[[-0.5657445357548028, 0.37839002690253226, 0.40408954662266416], [0.5098566187777753, 0.1310527748965512, 0.5911054494469113], [0.21567012411899716, 0.6827740560522505, -0.3374021929832133]]	0.8256848742147967	0.23383496362303705	[[-0.6612265992287579, 0.415794669341301, 0.44925126010147304], [0.5871015352987496, 0.23217227532695534, 0.5697489905717721], [0.1793928980003022, 0.6656941012936808, -0.41259431532200236]]	[[-0.07107676843306263, 0.021081514837073493, 0.027729950580544054], [0.05525053491687795, 0.09546609781642963, -0.046855782301717545], [-0.04558088294254317, -0.04653371211919586, -0.06063714293238015]]	0.3651087282314984	[[-0.7071067811865476, 0.5, 0.4999999999999999], [0.42538151129089274, -0.12459136006572037, 0.726171662516065], [0.42538151129089263, 0.7261716625160649, -0.12459136006572068]]
10	[[-0.6025847497358183, -0.5627740937894159, -0.565841796569786], [-0.05773503450399975, -0.6764267119426086, 0.7342435353214446], [-0.7959637461446616, 0.4751128526255769, 0.37511263920767013]]	0.7875997614342077	0.21240023856579232	[[-0.4745956051358223, -0.4432407420098964, -0.4456568639878669], [-0.04547209940174596, -0.5327535169537242, 0.578290033253779], [-0.6269008565738139, 0.3741987693822302, 0.295438625150917]]	0.8106193618813762	0.33351149939619296	[[-0.4942054326674823, -0.4558129343759763, -0.4283901934442749], [-0.05091573691105576, -0.6003103783389855, 0.5832220265020401], [-0.49700638255841656, 0.3637589658552777, 0.28517416948099894]]	[[-0.005738567357184449, 0.00038264241496985263, 0.03029212261693645], [-0.004114600083224232, -0.05198578874455066, -0.01196999956575491], [0.1482172414220787, -0.021376711561707753, -0.018899398747161487]]	0.23561477401058226	[[-0.7071067811865475, -0.5000000000000002, -0.49999999999999983], [1.0791170869182318e-16, -0.6015803024503442, 0.6015803024503446], [-0.6015803024503444, 0.42538151129089274, 0.42538151129089263]]
10	[[0.1615105106326433, 0.7484963581880271, -0.6431699283505437], [0.2746907081173145, -0.6600677628887605, -0.6991820673251248], [-0.9478709668668996, -0.06374755033950519, -0.3122128760902104]]	0.7852056919159639	0.2147943080840361	[[0.12681897225300534, 0.5877236008276091, -0.5050206886100297], [0.21568870753014202, -0.5182889644704917, -0.5490017389492586], [-0.7442736783857776, -0.05005493937227892, -0.24515132739548678]]	0.8461085554559599	0.24263533209533433	[[0.052487132625367985, 0.7248415028311621, -0.5727702775703832], [0.14508334175124266, -0.6002633875453814, -0.5631050324149196], [-0.7756416529090527, -0.02545845116136138, -0.1557255062130623]]	[[-0.08416829221697228, 0.09153233044064386, -0.02857869858099145], [-0.087334816491073, -0.04177440618452548, 0.02847889657025344], [0.02636008162534369, 0.02847889657025344, 0.10844047937037625]]	0.3324447848362645	[[0.0, 0.7071067811865475, -0.7071067811865476], [0.0, -0.665523245598529, -0.6655232455985289], [-0.9411919999999999, 0.0, 0.0]]
10	[[0.9108526935290702, 0.369894861597951, -0.1830987767689077], [-0.28482357056054014, 0.8843967298970963, 0.3697539151928853], [0.2987020327081532, -0.28464050223177145, 0.9109099187873969]]	0.7872685978645133	0.21273140213548686	[[0.7170857228957461, 0.29120660904750695, -0.14414791725756548], [-0.22423265303396067, 0.6962577735020476, 0.291095646368817], [0.23515873046942773, -0.2240885290874576, 0.7171307745446316]]	0.8272426089249755	0.23826805495758377	[[0.792798171019261, 0.4271259238272926, -0.16248071587871746], [-0.3180203936625688, 0.7286947809316457, 0.1979035145563689], [0.1717363991224191, -0.19290129487455654, 0.8330298205489195]]	[[0.03930201247793192, 0.12113313349106088, -0.011013606093434533], [-0.08240220006874063, -0.0029158772331450097, -0.10797267890801766], [-0.07536264970626695, 0.04256545679736941, 0.0794863228355956]]	0.2711729445429393	[[0.9571067811865475, 0.2803300858899108, -0.07322330470336308], [-0.2042682017218868, 0.7572440357839876, 0.22905009013309652], [0.11965754220711812, -0.20426820172188676, 0.7820259241951973]]
10	[[-0.4317850840940142, 0.8067077608929694, 0.4034652769061755], [-0.8878263375968627, -0.45904284438783466, -0.032311937200791035], [0.1591415578133718, -0.3721589116645979, 0.9144242500313273]]	0.8270404197752825	0.17295958022471752	[[-0.3571037172018191, 0.6671799252048997, 0.333682091977234], [-0.7342682669336611, -0.37964698671735436, -0.026723278106294747], [0.1316165007776634, -0.30779046252620135, 0.7562658155986068]]	0.833568749490924	0.1799174467558892	[[-0.3860559917471626, 0.7109630263681616, 0.3117409900220964], [-0.7349960101520534, -0.3760570735191873, -0.045756827262519575], [0.109005173999139, -0.31738766870098245, 0.7622354786027894]]	[[-0.02613343915008179, 0.03851664691598572, -0.02457505631159376], [0.005068279843670002, 0.0065866962399366465, -0.018822606176426948], [-0.023650255339390882, -0.007167630092820303, 0.0]]	0.2618045938883345	[[-0.49999999999999983, 0.7071067811865477, 0.4999999999999999], [-0.7116482292657436, -0.4168738810650747, -0.1220995328644061], [0.12209953286440603, -0.41687388106507484, 0.7116482292657437]]
10	[[-0.9512982242440221, -0.26632565387263285, -0.15524926614797568], [-0.28936275749252405, 0.9451100598101759, 0.15177670908913832], [0.10630561192379806, 0.1893082695893678, -0.9761462472081662]]	0.835192002344742	0.16480799765525828	[[-0.7945166687333622, -0.22243305613365694, -0.12966294545667956], [-0.24167346083417715, 0.7893483632890197, 0.12676269357345282], [0.08878559688311997, 0.1581087527387623, -0.8152695387870935]]	0.8808889222379611	0.17682599360009754	[[-0.8290977519522785, -0.20065148571416316, -0.08778968135460374], [-0.2511317605450588, 0.8220439444174761, 0.08946916895998061], [0.058426073665176555, 0.14789524262515716, -0.8434391798043698]]	[[0.008890315528924378, 0.03395183249002062, 0.048967677380720956], [0.0037646870383351745, -0.010493037564964787, -0.044229252730375014], [-0.03521736225022488, -0.018864314944154446, 0.016437235845462077]]	0.3627494797417093	[[-1.0, 0.0, 0.0], [0.0, 0.98, 0.0], [0.0, 0.0, -0.98]]
10	[[-0.24698665360156102, 0.8466372453907605, -0.4713840978011963], [-0.6254476894109686, -0.5108406865688171, -0.5897940155311683], [-0.7401437568156493, 0.1491548445845619, 0.6556981405980744]]	0.8086163989510805	0.1913836010489196	[[-0.19971745842427216, 0.6846047605857389, -0.3811689116868073], [-0.5057472583437714, -0.41307415641097445, -0.4769171129617109], [-0.5984923793423946, 0.12060905331407662, 0.5302082692493342]]	0.8290735513698395	0.16929928286326124	[[-0.2061049601632986, 0.7388883898087012, -0.42455329749458975], [-0.49958192506675264, -0.44062227649526226, -0.5032256488138346], [-0.6354485694933399, 0.10941730692300866, 0.5310512268922971]]	[[-0.0013348581209000829, 0.036963842050604996, -0.03374120947128416], [0.018960211989259356, -0.01709777429744609, -0.014243029780730616], [-0.021814956505974824, -0.014243029780730616, -0.01257075915994892]]	0.2595937400654338	[[-0.1464466094067263, 0.8535533905932736, -0.5000000000000001], [-0.4168738810650748, -0.416873881065075, -0.5895486964013374], [-0.7116482292657437, 0.12209953286440613, 0.4168738810650748]]
10	[[-0.7565373765452967, 0.581550495723293, 0.2990822943839241], [0.05028910555470567, 0.5077298103841723, -0.8600473507370163], [-0.6520139597834296, -0.6356173853594982, -0.4133622330067026]]	0.7697186120049554	0.23028138799504466	[[-0.5823208994043161, 0.44763024037892685, 0.2302092085084515], [0.038708460526538736, 0.3908090849224443, -0.6619944530678352], [-0.5018672801323562, -0.4892465316251318, -0.3181726042451881]]	0.8133367843695231	0.2323791920291394	[[-0.6414963481266779, 0.5556247644778448, 0.2842946493231293], [-0.04344294246310257, 0.3886328197702516, -0.7006363294812241], [-0.531435120241546, -0.5751606789004857, -0.2519058159608478]]	[[-0.02617667103197134, 0.08262835433775961, 0.04104001774704934], [-0.08434492186378637, -0.024322511536158827, -0.0011281828272520324], [-0.0011281828272520385, -0.058189678602827484, 0.08429689341262922]]	0.2833840212551877	[[-0.8535533905932738, 0.4999999999999998, 0.14644660940672638], [0.12459136006572032, 0.42538151129089274, -0.726171662516065], [-0.4253815112908926, -0.6015803024503446, -0.42538151129089263]]
10	[[0.4811460874291297, -0.5569646813589093, -0.6769702994005047], [0.28537953366574575, -0.6306542773568745, 0.7216880934421741], [-0.8288889939650315, -0.5404308708523664, -0.14449051703620916]]	0.7983061241874126	0.20169387581258738	[[0.3841018682234865, -0.4446283160849081, -0.5404295359044092], [0.22782022944311275, -0.50345517185898, 0.5761280247480253], [-0.6617071601538279, -0.4314292739013808, -0.11534766463701145]]	0.8799423601194238	0.19775300560005843	[[0.405460110985539, -0.5208912201316789, -0.6454168164421612], [0.27458121132561436, -0.5319888184299126, 0.6167535969929678], [-0.6696433995769058, -0.46261480157140117, -0.06771059819786343]]	[[-0.01792071274907594, -0.030794403913557453, -0.04972197345692816], [0.023463670941997476, 0.022950594806905058, -0.018290327220626186], [0.0597311380496988, 0.012933214407825674, 0.059432728377854266]]	0.2608918497124953	[[0.4999999999999999, -0.5, -0.7071067811865476], [0.46118407999999994, -0.46118408000000005, 0.6522127806865583], [-0.6522127806865584, -0.6522127806865583, 0.0]]
10	[[-0.6195752977719757, 0.6381387633459072, 0.45706166882175114], [0.5448782585382363, -0.06948620364724613, 0.835631109326976], [0.5650080829183833, 0.7667793595409634, -0.304656002761875]]	0.8026330580965516	0.19736694190344853	[[-0.49729161597180255, 0.5121912671142771, 0.3668528049851154], [0.43733730294086814, -0.05577192412890895, 0.6707051527197245], [0.4534941654420521, 0.6154424622336788, -0.24452697916423524]]	0.8342861284005496	0.2818145555154686	[[-0.6030826240331603, 0.5511308075890397, 0.3982576382129227], [0.39632728498148156, -0.11587481235320897, 0.6208456957815738], [0.4947764792910132, 0.570711203447724, -0.16206853783487674]]	[[-0.086179547602361, 0.018740489334868216, 0.01693742809132967], [-0.05825708778401735, -0.05790343653509583, -0.07630974718988558], [0.023398073278018502, -0.06900217976115951, 0.09210173920331516]]	0.2656811201851252	[[-0.7071067811865476, 0.5, 0.4999999999999999], [0.42538151129089274, -0.12459136006572037, 0.726171662516065], [0.42538151129089263, 0.7261716625160649, -0.12459136006572068]]
10	[[0.6392458436810273, -0.42249799911284014, -0.642541976902815], [0.5964188253930831, -0.25505911223508765, 0.7610712410691811], [-0.4854372627366653, -0.869735758728762, 0.08894028297255557]]	0.7886361426985543	0.2113638573014456	[[0.5041323763966884, -0.33319719231820755, -0.5067318261865396], [0.4703574418908037, -0.20114883443319714, 0.6002082878756005], [-0.3828333704067884, -0.6859050539308513, 0.0701415216939942]]	0.8729024323518485	0.21653480983456813	[[0.5580243280137877, -0.3767177826130535, -0.6345556404617282], [0.4500074419923368, -0.24524706973992055, 0.6499903491832826], [-0.419116018611362, -0.6711619265121079, 0.07228428645290616]]	[[2.50761938094873e-05, -0.007918251523666216, -0.07367918593509563], [-0.0706080013937179, -0.02260535027640932, -0.014350588339045664], [0.004623348785696597, 0.08803253278560891, -0.005351902887899303]]	0.2501870282812975	[[0.7071067811865476, -0.5, -0.4999999999999999], [0.43406276662335996, -0.12713404088338814, 0.7409914923633316], [-0.43406276662335985, -0.7409914923633316, 0.12713404088338845]]
10	[[-0.9645173536663985, 0.2631232422499032, 0.021735543799654512], [0.24053004160075506, 0.8417770646002551, 0.48327701435151793], [0.10886493266386094, 0.47135711822447, -0.8751976311298015]]	0.7763645605053601	0.22363543949464015	[[-0.7488170913790062, 0.20427956032809141, 0.01687470590936377], [0.18673900003570615, 0.6535258808018692, 0.37519914684935884], [0.08451887560202401, 0.3659449619314137, -0.6794724242474206]]	0.8829212158620638	0.19179488095818836	[[-0.8864503542279609, 0.226815892244751, -0.019599427042508624], [0.19901069318023357, 0.6820246278866414, 0.4185488052537193], [0.026087748594403833, 0.40010198131672653, -0.7460107321221721]]	[[-0.034857519608764334, -0.0055012007241018734, -0.03879019980152273], [-0.013358383601257871, -0.061198201475014855, -0.008146723855711045], [-0.070031410117914, -0.016069218611261062, 0.02671982447455018]]	0.29425873074784054	[[-0.9571067811865475, 0.2803300858899108, -0.07322330470336308], [0.2042682017218868, 0.7572440357839876, 0.22905009013309652], [0.11965754220711812, 0.20426820172188676, -0.7820259241951973]]
10	[[0.3502993174823247, 0.16132854553037096, 0.9226394141637744], [0.9363424150508688, -0.08505486977734195, -0.3406296389098664], [0.023521691013278723, 0.9832287473036041, -0.18085342277010252]]	0.8333802733097081	0.16661972669029218	[[0.291932540943624, 0.13444802736675815, 0.7689094871421154], [0.7803292977665649, -0.07088305062136299, -0.28387402157209163], [0.01960251328535288, 0.8194034421538394, -0.15071967489714425]]	0.868589269339357	0.1970392134599691	[[0.3238137275168939, 0.08580942044219111, 0.7800625419377254], [0.8108237285918972, -0.04968137303536598, -0.25096148136933344], [1.6633170962489134e-16, 0.8330186103027839, -0.10233546601409962]]	[[0.019547499294846074, -0.05431882304361495, -0.021332152674479715], [-0.0024732455485857764, 0.024196374158289752, 0.04490576780671643], [-0.02043068841084988, -0.021003328911104874, 0.05475187632730556]]	0.29012452765704205	[[0.4999999999999999, 0.1464466094067262, 0.8535533905932738], [0.7116482292657437, -0.20843694053253753, -0.3811117558688], [0.12209953286440627, 0.7979856369338749, -0.2084369405325374]]
10	[[-0.15924507484483535, -0.9821037016433163, 0.10056503048355725], [0.4404411616894768, -0.16184076937647524, -0.8830736936729884], [0.8835454652859054, -0.09633215759094466, 0.45833124068362]]	0.7748647150678123	0.22513528493218785	[[-0.1233933895455958, -0.7609975049408919, 0.07792429369142745], [0.34128231525665265, -0.125404701649258, -0.6842626460318006], [0.6846282052082209, -0.07464438984357491, 0.35514470621899014]]	0.8455423892451989	0.198250171562258	[[-0.11195641420994384, -0.9212784703836381, 0.07809417024063238], [0.43510717748882133, -0.12490158691548997, -0.695978573293913], [0.6934295158686274, -0.08115561010649552, 0.4557764118076513]]	[[0.022692046849888653, -0.09086816000959444, -0.0069378259089509], [0.06269550531197017, 0.011941643900376102, 0.05069766753392829], [-0.053645627855977936, 0.0002973125840967754, 0.06823791949430691]]	0.18997688153800343	[[-0.24999999999999994, -0.9571067811865475, 0.14644660940672638], [0.3968260681682632, -0.21703138331168007, -0.7409914923633316], [0.7409914923633316, -0.1271340408833883, 0.43406276662335985]]
10	[[0.47760876960590826, -0.863333164219942, 0.1629285449315538], [0.019313472734014514, 0.19571911282807325, 0.9804697948660861], [-0.878360320692188, -0.46513425635162037, 0.11015112619370837]]	0.8063469448400783	0.19365305515992182	[[0.38511837220055295, -0.6961460593478678, 0.1313769344327978], [0.015573359733324802, 0.15781750867572744, 0.7905988235982467], [-0.7082631610588973, -0.3750595865495909, 0.08882002407699074]]	0.8378845479658711	0.19866331851085414	[[0.4719117267298381, -0.737296277236875, 0.11010066456150613], [0.010448381977239282, 0.11407424665721237, 0.8453972384170201], [-0.7336538024340773, -0.4225384873950133, 0.01477624349706642]]	[[0.07173071870405584, -0.013922759190503821, -0.026414645659205895], [-0.005734078394151722, -0.0499157737230192, 0.02387674755145906], [0.0023107378202539687, -0.03280968126839435, -0.07751768308168067]]	0.22546527280500772	[[0.4999999999999999, -0.8535533905932737, 0.14644660940672638], [0.11965754220711797, 0.20426820172188673, 0.7820259241951973], [-0.6974152646804287, -0.3734895207514239, 0.20426820172188667]]
10	[[-0.2320176213509193, 0.7258914686476092, -0.6474947097291828], [-0.9237427054821723, 0.04411687515891305, 0.3804643418175869], [0.30474126312519306, 0.6863929465479887, 0.6603010566991635]]	0.7883553561104063	0.21164464388959378	[[-0.18291233450399336, 0.5722604272631918, -0.510455922468154], [-0.7282375095347883, 0.03477977482638322, 0.2999411016809151], [0.24024440701259658, 0.5411215558075108, 0.5205518746941467]]	0.8207633378540516	0.2203259191348471	[[-0.19952333914541157, 0.6715971857361888, -0.5933111889717738], [-0.765300320265388, -0.01887851959063129, 0.2422763142229863], [0.15922012908374772, 0.5725245395097701, 0.550222818552948]]	[[-0.009091781804473696, 0.07581208100919751, -0.061871269771609436], [-0.007126173995508301, -0.05508803330175133, -0.06999486890166115], [-0.09090032722074562, 0.009158373621565305, 0.008271919267985232]]	0.3126282821208354	[[-0.14644660940672638, 0.8535533905932737, -0.4999999999999999], [-0.7561137677176853, 0.12972861314631443, 0.44292119043199996], [0.44292119043199984, 0.44292119043199996, 0.6263851545713707]]
10	[[-0.5196294348588592, 0.17521189697653233, -0.8362332459225404], [0.269824892373195, 0.9623103357733339, 0.033960935199249837], [0.8106662555479022, -0.20798944401507244, -0.5473213071809325]]	0.7819528461946725	0.21804715380532758	[[-0.40632571555441405, 0.13700744152796718, -0.65389496673174], [0.21099034256539104, 0.7524813059805096, 0.026555849938486257], [0.6339027858396598, -0.1626379377260334, -0.42797945393311876]]	0.7985553874273108	0.3466570017996407	[[-0.33899888305648285, 0.1096239799294723, -0.6155933776954137], [0.2223682196158382, 0.8694085567380312, 0.0], [0.5393382813492956, -0.117085349291573, -0.373679868162614]]	[[0.07595400161586796, -0.0302924243424965, 0.05218518598185829], [0.006898098149229034, 0.10095045372925096, -0.027119687765430747], [-0.10802362442400672, 0.04900574175467415, 0.06338651034047774]]	0.20648488186641337	[[-0.45710678118654746, 0.24999999999999992, -0.8535533905932738], [0.2126907556454463, 0.8142710580957907, 0.12459136006572051], [0.726171662516065, -0.12459136006572054, -0.42538151129089263]]
