10	[[-0.8011245690937495, -0.03963348185217799, -0.5971839012487085], [0.07148815852702158, -0.9969981734291763, -0.02973357310014117], [-0.594212813716407, -0.06651187333972096, 0.8015530567093305]]	0.9740140419072554	0.025985958092744732	[[-0.7803065796142111, -0.038603567853697715, -0.5816655054171977], [0.06963047023541091, -0.9710902206759027, -0.02896091771561338], [-0.5787716244410006, -0.06478349858644508, 0.7807239325685705]]	0.9740140419072554	0.025985958092744676	[[-0.7803065796142112, -0.03860356785369771, -0.5816655054171979], [0.0696304702354109, -0.9710902206759028, -0.028960917715613387], [-0.5787716244410005, -0.06478349858644507, 0.7807239325685705]]	[[0.0, 0.0, 0.0], [0.0, 0.0, 0.0], [0.0, 0.0, 0.0]]	0.1652056690138084	[[-0.7071067811865476, -3.2354269956215097e-16, -0.7071067811865475], [2.7817808468846267e-16, -1.0, 1.268410895014533e-16], [-0.7071067811865475, -1.1102230246251565e-16, 0.7071067811865476]]
10	[[0.8434013427351802, 0.37557201465901263, -0.38421327004342964], [0.4843740832070826, -0.2220497303533281, 0.8462125411309575], [0.23249929589096227, -0.89979974386248, -0.3691943910126779]]	0.9417519467243609	0.058248053275639276	[[0.7942748563907959, 0.35369567594031537, -0.36183359502073237], [0.45616023580309767, -0.20911576582986613, 0.7969223079526473], [0.21895666451735693, -0.8473881604445717, -0.34768953645590434]]	0.9417519467243609	0.05824805327563924	[[0.7942748563907958, 0.35369567594031537, -0.3618335950207324], [0.4561602358030975, -0.2091157658298661, 0.7969223079526475], [0.21895666451735687, -0.8473881604445717, -0.3476895364559043]]	[[0.0, 0.0, 0.0], [0.0, 0.0, 0.0], [0.0, 0.0, 0.0]]	0.2857651237801113	[[0.9267766952966369, 0.28033008588991065, -0.25], [0.28033008588991065, -0.07322330470336322, 0.9571067811865475], [0.24999999999999994, -0.9571067811865475, -0.14644660940672638]]
10	[[0.8677758745180911, 0.35246868940790826, 0.3503296370440759], [0.30489758050525356, -0.9342923179771935, 0.18475748962043512], [0.39243151887482847, -0.05351343341511783, -0.9182231838925224]]	0.9533381967822808	0.04666180321771924	[[0.8272838874242437, 0.33602186478234897, 0.33398262445899024], [0.2906705096021587, -0.890696553687915, 0.17613637199676657], [0.37411995656466057, -0.05101640011559709, -0.875377234375782]]	0.953338196782281	0.046661803217719164	[[0.8272838874242439, 0.3360218647823491, 0.3339826244589903], [0.29067050960215884, -0.8906965536879152, 0.17613637199676663], [0.37411995656466074, -0.05101640011559709, -0.875377234375782]]	[[0.0, 0.0, 0.0], [0.0, 0.0, 0.0], [0.0, 0.0, 0.0]]	0.1954187817230528	[[0.8535533905932737, 0.24999999999999994, 0.4571067811865477], [0.14644660940672635, -0.9571067811865476, 0.24999999999999967], [0.5000000000000001, -0.14644660940672596, -0.8535533905932737]]
10	[[-0.011589893598810297, 0.9826435305367112, 0.18514147633827627], [0.11227511405049562, -0.182704212732111, 0.9767361309048049], [0.9936095677535101, 0.03210704820265742, -0.10820889207637127]]	0.9625007858074484	0.037499214192551644	[[-0.01115528169627963, 0.9457951703101899, 0.17819881646114216], [0.1080648855002229, -0.17585294832498824, 0.9401092935224015], [0.9563499897485526, 0.03090305912501538, -0.10415114365486072]]	0.9625007858074485	0.037499214192551616	[[-0.011155281696279622, 0.9457951703101899, 0.17819881646114216], [0.10806488550022293, -0.17585294832498818, 0.9401092935224017], [0.9563499897485528, 0.03090305912501539, -0.10415114365486075]]	[[0.0, 0.0, 0.0], [0.0, 0.0, 0.0], [0.0, 0.0, 0.0]]	0.21681967347308356	[[0.0, 0.9999999999999999, 4.677050100851671e-16], [0.0, -4.47411937370028e-16, 1.0], [1.0, 0.0, 0.0]]
10	[[0.6153023296687069, 0.7313682018673757, -0.2941149373995541], [-0.35367086285074184, -0.07732112734721036, -0.9321686349776892], [-0.7044997969301864, 0.6775854164332626, 0.21108775322668094]]	0.9527136905512611	0.0472863094487389	[[0.5862069533034624, 0.6967844987529074, -0.28020732745618226], [-0.3369470729869791, -0.0736648965925448, -0.8880898204457258], [-0.671186601525972, 0.6455449027538468, 0.2011061924067651]]	0.9527136905512611	0.047286309448738795	[[0.5862069533034626, 0.6967844987529074, -0.2802073274561823], [-0.3369470729869791, -0.07366489659254478, -0.8880898204457258], [-0.671186601525972, 0.6455449027538468, 0.2011061924067651]]	[[0.0, 0.0, 0.0], [0.0, 0.0, 0.0], [0.0, 0.0, 0.0]]	0.2408122735699339	[[0.4571067811865476, 0.8535533905932737, -0.25], [-0.25000000000000006, -0.14644660940672616, -0.9571067811865475], [-0.8535533905932736, 0.5, 0.14644660940672638]]
10	[[0.5703528252803276, 0.5739516156578184, -0.5876029250935769], [-0.5509578072563881, -0.26325551186259916, -0.7919229950551969], [-0.609215191305979, 0.7754199367811874, 0.16607459867264057]]	0.9643078594564682	0.03569214054353182	[[0.5499957120810216, 0.5534660539265724, -0.5666301189073465], [-0.531292943766237, -0.2538593591343399, -0.7636575682160323], [-0.5874709970766314, 0.7477435394173367, 0.16014704075610606]]	0.9643078594564681	0.03569214054353195	[[0.5499957120810217, 0.5534660539265724, -0.5666301189073465], [-0.5312929437662369, -0.2538593591343398, -0.763657568216032], [-0.5874709970766314, 0.7477435394173367, 0.16014704075610603]]	[[0.0, 0.0, 0.0], [0.0, 0.0, 0.0], [0.0, 0.0, 0.0]]	0.18748617875204462	[[0.7071067811865474, 0.5000000000000001, -0.5000000000000001], [-0.5000000000000002, -0.14644660940672619, -0.8535533905932736], [-0.5000000000000001, 0.8535533905932736, 0.1464466094067265]]
10	[[0.2023859315102588, -0.1060602062400518, 0.9735456678446278], [0.6690322325666673, 0.7409383789188091, -0.0583625773250962], [-0.7151474019484273, 0.6631451962409777, 0.2209132005764473]]	0.9533118462418293	0.046688153758170654	[[0.19293690602141728, -0.10110845102349297, 0.9280926180136969], [0.6377963528234227, 0.7063453339585182, -0.055637736341218984], [-0.6817584900865027, 0.6321841713548866, 0.2105991711007245]]	0.9533118462418294	0.04668815375817081	[[0.19293690602141725, -0.10110845102349299, 0.9280926180136969], [0.6377963528234225, 0.7063453339585181, -0.055637736341219005], [-0.6817584900865027, 0.6321841713548865, 0.2105991711007245]]	[[0.0, 0.0, 0.0], [0.0, 0.0, 0.0], [0.0, 0.0, 0.0]]	0.23421039443477923	[[2.2160455219980553e-16, 2.2160455219980555e-16, 1.0], [0.7071067811865475, 0.7071067811865476, -2.7817808468846267e-16], [-0.7071067811865476, 0.7071067811865475, 0.0]]
10	[[0.8706842278162519, 0.40148237992419594, 0.28411419190603826], [0.48700467489959137, -0.7845539150430676, -0.3837989070027929], [0.06881440298339332, 0.4725325946440084, -0.8786225156123877]]	0.9306127867306252	0.06938721326937515	[[0.8102698756104844, 0.37362463640449955, 0.26440029987939795], [0.45321277765915097, -0.730115905218651, -0.3571681703900371], [0.06403956332757992, 0.43974487472271345, -0.817657347738316]]	0.9306127867306251	0.06938721326937514	[[0.8102698756104845, 0.3736246364044996, 0.26440029987939795], [0.453212777659151, -0.7301159052186513, -0.3571681703900371], [0.0640395633275799, 0.4397448747227134, -0.817657347738316]]	[[0.0, 0.0, 0.0], [0.0, 0.0, 0.0], [0.0, 0.0, 0.0]]	0.22110900817107196	[[0.7803300858899106, 0.4267766952966369, 0.45710678118654746], [0.573223304703363, -0.7803300858899106, -0.2499999999999999], [0.25, 0.4571067811865474, -0.8535533905932738]]
10	[[0.5388625488158765, 0.700060485213946, -0.46855359408041286], [-0.17010925617958866, -0.45432840348109804, -0.874441846409665], [-0.8250393896328132, 0.550909265516865, -0.12573379307880614]]	0.9810187528439165	0.018981247156083576	[[0.5286342655936452, 0.6867724641198925, -0.4596598625053014], [-0.16688037034450637, -0.44570468376459443, -0.8578438495993411], [-0.8093791130646886, 0.5404523205875128, -0.12334720887650545]]	0.9810187528439163	0.018981247156083767	[[0.528634265593645, 0.6867724641198925, -0.45965986250530133], [-0.16688037034450634, -0.4457046837645943, -0.8578438495993409], [-0.8093791130646886, 0.5404523205875128, -0.12334720887650541]]	[[0.0, 0.0, 0.0], [0.0, 0.0, 0.0], [0.0, 0.0, 0.0]]	0.06879240483661422	[[0.5000000000000001, 0.7071067811865475, -0.4999999999999999], [-0.14644660940672613, -0.5, -0.8535533905932738], [-0.8535533905932736, 0.5, -0.14644660940672638]]
10	[[0.7983197949725356, -0.14272590074337235, -0.5850767660845899], [0.4905325911139221, -0.4095002147242297, 0.7692121626676685], [-0.3493755601212979, -0.9010765180592617, -0.2569004215491415]]	0.9578662336805134	0.0421337663194868	[[0.7646835752829422, -0.13671232099371286, -0.560425278343421], [0.4698646055478357, -0.39224642836925944, 0.7368023571557218], [-0.33465505191340733, -0.8631107706113761, -0.24607623922021235]]	0.9578662336805133	0.04213376631948671	[[0.7646835752829423, -0.13671232099371283, -0.5604252783434209], [0.4698646055478358, -0.39224642836925944, 0.7368023571557217], [-0.3346550519134072, -0.8631107706113761, -0.24607623922021238]]	[[0.0, 0.0, 0.0], [0.0, 0.0, 0.0], [0.0, 0.0, 0.0]]	0.18599547418185558	[[0.8535533905932738, -0.1464466094067262, -0.4999999999999999], [0.4571067811865474, -0.2500000000000001, 0.8535533905932738], [-0.24999999999999994, -0.9571067811865475, -0.14644660940672638]]
10	[[0.20231817389064605, -0.6994113589449509, -0.6854860374160302], [-0.8413567112351195, 0.2340817656053938, -0.48715973917256866], [0.5011848371341435, 0.6752995468603828, -0.5410954454040282]]	0.9439361001355945	0.05606389986440558	[[0.19097542804889145, -0.6601996305530335, -0.6470550168558896], [-0.7941869728261883, 0.22095822893840972, -0.4598476643376279], [0.4730864606114964, 0.637439620686724, -0.5107595245358109]]	0.9439361001355944	0.05606389986440558	[[0.19097542804889142, -0.6601996305530334, -0.6470550168558898], [-0.7941869728261882, 0.2209582289384097, -0.45984766433762786], [0.47308646061149634, 0.6374396206867239, -0.510759524535811]]	[[0.0, 0.0, 0.0], [0.0, 0.0, 0.0], [0.0, 0.0, 0.0]]	0.2525580311325375	[[0.1464466094067265, -0.8535533905932736, -0.5000000000000001], [-0.8535533905932736, 0.14644660940672619, -0.5000000000000002], [0.5000000000000001, 0.5000000000000001, -0.7071067811865474]]
10	[[0.5366695897887676, 0.8400312153292252, -0.07958208761059785], [0.7684311562343987, -0.447598556932012, 0.45735007375165615], [0.348567510712374, -0.30659923206832285, -0.8857186920071709]]	0.9689349084030966	0.03106509159690339	[[0.5199978998247071, 0.8139355686807647, -0.07710986276950185], [0.7445597719800628, -0.4336938667622773, 0.4431424518187105], [0.3377392290643896, -0.29707469884058013, -0.8582037597108788]]	0.9689349084030967	0.03106509159690336	[[0.519997899824707, 0.8139355686807648, -0.07710986276950185], [0.7445597719800627, -0.4336938667622772, 0.44314245181871054], [0.33773922906438963, -0.29707469884058024, -0.8582037597108787]]	[[0.0, 0.0, 0.0], [0.0, 0.0, 0.0], [0.0, 0.0, 0.0]]	0.18428312532403318	[[0.5732233047033629, 0.7803300858899107, -0.24999999999999994], [0.7803300858899108, -0.42677669529663675, 0.4571067811865474], [0.25, -0.4571067811865474, -0.8535533905932738]]
10	[[0.511206875187014, 0.8459474298653378, 0.15179089783566851], [-0.8586320663191376, 0.5104270682068909, 0.047065727767094744], [-0.037663051523436505, -0.15439285587729631, 0.9872914162515521]]	0.959071032699651	0.040928967300349166	[[0.49028370570877117, 0.8113236751705651, 0.14557825314166184], [-0.8234891425537303, 0.4895358154230381, 0.04513937613434821], [-0.0361215417192024, -0.14807371572768693, 0.9468825981598771]]	0.9590710326996509	0.040928967300349194	[[0.4902837057087711, 0.811323675170565, 0.14557825314166178], [-0.8234891425537303, 0.489535815423038, 0.04513937613434817], [-0.036121541719202406, -0.1480737157276869, 0.946882598159877]]	[[0.0, 0.0, 0.0], [0.0, 0.0, 0.0], [0.0, 0.0, 0.0]]	0.21001354284872886	[[0.4999999999999999, 0.8535533905932737, 0.14644660940672638], [-0.8535533905932738, 0.45710678118654735, 0.25000000000000017], [0.14644660940672638, -0.2500000000000001, 0.9571067811865475]]
10	[[0.8076735082395426, -0.3067057453339202, -0.5035822572998319], [0.0850908944562452, -0.7844955095899794, 0.6142689436344596], [-0.5834578337537903, -0.5389790174137795, -0.6075183742233737]]	0.9648012180460458	0.03519878195395437	[[0.7792443845330336, -0.29591007667988656, -0.48585677522925497], [0.08209579861601288, -0.7568822232040655, 0.5926474250263843], [-0.5629208286841643, -0.5200076125020755, -0.5861344674360643]]	0.9648012180460459	0.03519878195395429	[[0.7792443845330339, -0.29591007667988656, -0.4858567752292551], [0.08209579861601286, -0.7568822232040653, 0.5926474250263847], [-0.5629208286841643, -0.5200076125020755, -0.5861344674360643]]	[[0.0, 0.0, 0.0], [0.0, 0.0, 0.0], [0.0, 0.0, 0.0]]	0.18411153901949226	[[0.8535533905932737, -0.14644660940672652, -0.4999999999999999], [0.14644660940672588, -0.8535533905932738, 0.5], [-0.5000000000000001, -0.49999999999999983, -0.7071067811865476]]
10	[[-0.1979434622679918, 0.9682888025830232, -0.1524309041424854], [-0.9591958066328183, -0.15931265816426138, 0.2335869891210864], [0.2018954934697093, 0.19244810142210464, 0.9603134581872996]]	0.9566227268916182	0.04337727310838179	[[-0.18935721464517463, 0.9262870747455914, -0.14581886718333925], [-0.917588508164092, -0.15240210948144806, 0.22345462249941644], [0.19313781751012218, 0.18410022756752845, 0.9186576790418547]]	0.9566227268916182	0.04337727310838179	[[-0.18935721464517458, 0.9262870747455916, -0.1458188671833392], [-0.917588508164092, -0.152402109481448, 0.22345462249941642], [0.1931378175101222, 0.1841002275675285, 0.9186576790418547]]	[[0.0, 0.0, 0.0], [0.0, 0.0, 0.0], [0.0, 0.0, 0.0]]	0.2872413746226328	[[-0.24999999999999978, 0.9571067811865475, -0.1464466094067263], [-0.8535533905932738, -0.14644660940672602, 0.4999999999999999], [0.45710678118654746, 0.24999999999999992, 0.8535533905932738]]
10	[[-0.048811022471290655, 0.8404542750081037, 0.5396796232079825], [-0.1921970497933101, 0.5223223691777455, -0.8308066181171734], [-0.9801417132925497, -0.1442773519203538, 0.13603774324354012]]	0.9712477046217505	0.028752295378249585	[[-0.04740759353548175, 0.8162892854411583, 0.5241625952718841], [-0.18667094344682472, 0.5073044021364799, -0.8069190208308636], [-0.9519603892394187, -0.14012904688154817, 0.13212634586721136]]	0.9712477046217505	0.028752295378249474	[[-0.04740759353548174, 0.8162892854411581, 0.5241625952718844], [-0.1866709434468247, 0.50730440213648, -0.8069190208308639], [-0.9519603892394188, -0.1401290468815481, 0.13212634586721136]]	[[0.0, 0.0, 0.0], [0.0, 0.0, 0.0], [0.0, 0.0, 0.0]]	0.12491330533591376	[[-0.14644660940672638, 0.8535533905932737, 0.4999999999999999], [-0.25000000000000017, 0.45710678118654735, -0.8535533905932738], [-0.9571067811865475, -0.2500000000000001, 0.14644660940672638]]
10	[[-0.13714492618686602, -0.09186257958165817, -0.9862821785340151], [0.9849622221878442, -0.11826677366833438, -0.12594598488585185], [-0.1050746881222272, -0.9887235390738337, 0.10670085846576022]]	0.9661181163351173	0.03388188366488292	[[-0.13249819775257363, -0.0887501023471163, -0.9528650805001784], [0.9515898467613711, -0.11425967260148287, -0.1216786976778903], [-0.10151455976314608, -0.9552237231462029, 0.10308563239228011]]	0.9661181163351171	0.03388188366488292	[[-0.13249819775257363, -0.0887501023471163, -0.9528650805001786], [0.9515898467613711, -0.11425967260148284, -0.12167869767789023], [-0.10151455976314608, -0.9552237231462029, 0.10308563239228008]]	[[0.0, 0.0, 0.0], [0.0, 0.0, 0.0], [0.0, 0.0, 0.0]]	0.2000801344569404	[[-3.133961632045815e-16, 3.941495556579804e-32, -1.0], [1.0, -1.7938038903913487e-16, -2.7817808468846267e-16], [-1.9967346175427393e-16, -1.0, 0.0]]
10	[[0.9108526935290702, 0.369894861597951, -0.1830987767689077], [-0.28482357056054014, 0.8843967298970963, 0.3697539151928853], [0.2987020327081532, -0.28464050223177145, 0.9109099187873969]]	0.9727277776708031	0.02727222232919703	[[0.8860117163619976, 0.35980700669402416, -0.17810526622066206], [-0.2770557988196175, 0.8602772656521278, 0.3596699042106539], [0.2905557644619533, -0.27687772317101234, 0.8860673809603564]]	0.972727777670803	0.027272222329197186	[[0.8860117163619973, 0.3598070066940241, -0.178105266220662], [-0.2770557988196174, 0.8602772656521277, 0.3596699042106539], [0.29055576446195336, -0.2768777231710124, 0.886067380960356]]	[[0.0, 0.0, 0.0], [0.0, 0.0, 0.0], [0.0, 0.0, 0.0]]	0.1728512383965388	[[0.9571067811865475, 0.2803300858899108, -0.07322330470336308], [-0.25000000000000017, 0.9267766952966368, 0.2803300858899109], [0.14644660940672638, -0.2500000000000001, 0.9571067811865475]]
10	[[-0.7147397866006825, 0.47804333933038157, 0.5105111195379277], [0.6441331517519284, 0.16556701204019203, 0.7467797850358632], [0.2724693015077806, 0.8625903606266073, -0.42626089369061476]]	0.9414561673067067	0.058543832693293475	[[-0.672896180114692, 0.4500568500524804, 0.4806238419676334], [0.6064231282835597, 0.15587408458778254, 0.7030604342419898], [0.25651790430625054, 0.8120910148712357, -0.40130594724669777]]	0.9414561673067066	0.05854383269329347	[[-0.672896180114692, 0.4500568500524804, 0.48062384196763347], [0.6064231282835598, 0.1558740845877825, 0.7030604342419899], [0.25651790430625054, 0.8120910148712356, -0.4013059472466976]]	[[0.0, 0.0, 0.0], [0.0, 0.0, 0.0], [0.0, 0.0, 0.0]]	0.32539872092771993	[[-0.4999999999999999, 0.5, 0.7071067811865476], [0.8535533905932738, 0.14644660940672602, 0.5], [0.14644660940672638, 0.8535533905932737, -0.4999999999999999]]
10	[[-0.4317850840940142, 0.8067077608929694, 0.4034652769061755], [-0.8878263375968627, -0.45904284438783466, -0.032311937200791035], [0.1591415578133718, -0.3721589116645979, 0.9144242500313273]]	0.9730800940580266	0.02691990594197342	[[-0.4201614702430563, 0.7849912638470707, 0.39260402960100893], [-0.8639261360959485, -0.4466854541935782, -0.031442102890542785], [0.1548574820455767, -0.3621404287671196, 0.8898080352294244]]	0.9730800940580268	0.026919905941973226	[[-0.42016147024305633, 0.7849912638470709, 0.3926040296010092], [-0.8639261360959486, -0.44668545419357825, -0.03144210289054279], [0.15485748204557676, -0.36214042876711977, 0.8898080352294246]]	[[0.0, 0.0, 0.0], [0.0, 0.0, 0.0], [0.0, 0.0, 0.0]]	0.1731779383691843	[[-0.49999999999999983, 0.7071067811865477, 0.4999999999999999], [-0.8535533905932737, -0.49999999999999983, -0.14644660940672619], [0.1464466094067261, -0.49999999999999994, 0.8535533905932738]]
10	[[0.4811460874291297, -0.5569646813589093, -0.6769702994005047], [0.28537953366574575, -0.6306542773568745, 0.7216880934421741], [-0.8288889939650315, -0.5404308708523664, -0.14449051703620916]]	0.9481582032145804	0.05184179678541962	[[0.45620260974052895, -0.5280906315312449, -0.6418749427092191], [0.2705849458747283, -0.5979600264682837, 0.684274485959488], [-0.7859178991822254, -0.5124139634690706, -0.1369998690145978]]	0.9481582032145804	0.05184179678541965	[[0.456202609740529, -0.5280906315312446, -0.6418749427092192], [0.2705849458747284, -0.5979600264682836, 0.6842744859594884], [-0.7859178991822253, -0.5124139634690705, -0.13699986901459782]]	[[0.0, 0.0, 0.0], [0.0, 0.0, 0.0], [0.0, 0.0, 0.0]]	0.2347602770206475	[[0.49999999999999983, -0.7071067811865477, -0.4999999999999999], [0.14644660940672596, -0.5, 0.8535533905932738], [-0.8535533905932738, -0.4999999999999998, -0.14644660940672638]]
10	[[-0.6025847497358183, -0.5627740937894159, -0.565841796569786], [-0.05773503450399975, -0.6764267119426086, 0.7342435353214446], [-0.7959637461446616, 0.4751128526255769, 0.37511263920767013]]	0.9671897858953197	0.03281021410468044	[[-0.582813815080771, -0.5443093552796177, -0.5472764060749543], [-0.055840735660582466, -0.6542330066976465, 0.7101528477225707], [-0.7698480052140917, 0.4595242982070463, 0.3628051132018946]]	0.9671897858953197	0.032810214104680324	[[-0.5828138150807708, -0.5443093552796178, -0.5472764060749544], [-0.055840735660582466, -0.654233006697647, 0.7101528477225706], [-0.7698480052140919, 0.45952429820704616, 0.3628051132018946]]	[[0.0, 0.0, 0.0], [0.0, 0.0, 0.0], [0.0, 0.0, 0.0]]	0.15544029654477107	[[-0.7071067811865475, -0.49999999999999994, -0.5000000000000001], [-1.268410895014533e-16, -0.7071067811865476, 0.7071067811865475], [-0.7071067811865476, 0.5, 0.4999999999999999]]
10	[[-0.9512982242440221, -0.26632565387263285, -0.15524926614797568], [-0.28936275749252405, 0.9451100598101759, 0.15177670908913832], [0.10630561192379806, 0.1893082695893678, -0.9761462472081662]]	0.9265949745163851	0.07340502548361508	[[-0.881468153850872, -0.24677601246317185, -0.143853189810071], [-0.26812207690477624, 0.875734231784989, 0.14063553589063083], [0.09850224577148038, 0.17541209123590112, -0.9044922070561157]]	0.9265949745163848	0.07340502548361512	[[-0.881468153850872, -0.2467760124631718, -0.143853189810071], [-0.26812207690477624, 0.875734231784989, 0.14063553589063083], [0.09850224577148038, 0.17541209123590112, -0.9044922070561155]]	[[0.0, 0.0, 0.0], [0.0, 0.0, 0.0], [0.0, 0.0, 0.0]]	0.35699505422013356	[[-1.0, -3.133961632045815e-16, 0.0], [-2.7817808468846267e-16, 1.0, 0.0], [0.0, 0.0, -1.0]]
10	[[0.31358954156160956, 0.32022056906021157, -0.893935336908623], [-0.7749177473382989, -0.45777931064204774, -0.4358217383383115], [-0.5487841873481009, 0.8293954966714284, 0.10458979786689793]]	0.9589952038578874	0.04100479614211259	[[0.30073086633757723, 0.3070899899053864, -0.8572797006544544], [-0.7431424030817869, -0.4390081633310936, -0.41795095680344785], [-0.526281403619877, 0.7953863034092303, 0.10030111452682104]]	0.9589952038578873	0.04100479614211273	[[0.30073086633757723, 0.30708998990538644, -0.8572797006544542], [-0.7431424030817867, -0.43900816333109366, -0.4179509568034479], [-0.526281403619877, 0.7953863034092303, 0.10030111452682101]]	[[0.0, 0.0, 0.0], [0.0, 0.0, 0.0], [0.0, 0.0, 0.0]]	0.20283928124494185	[[0.14644660940672638, 0.2500000000000001, -0.9571067811865475], [-0.8535533905932738, -0.45710678118654735, -0.25000000000000017], [-0.4999999999999999, 0.8535533905932737, 0.14644660940672638]]
10	[[-0.6195752977719757, 0.6381387633459072, 0.45706166882175114], [0.5448782585382363, -0.06948620364724613, 0.835631109326976], [0.5650080829183833, 0.7667793595409634, -0.304656002761875]]	0.9635534296042523	0.036446570395747724	[[-0.5969939030662632, 0.6148807939853652, 0.44040333853384134], [0.5250193147313102, -0.06695366983448361, 0.8051752212760137], [0.544415476050132, 0.7388328816354474, -0.2935523363107273]]	0.9635534296042523	0.036446570395747786	[[-0.5969939030662631, 0.6148807939853652, 0.44040333853384117], [0.52501931473131, -0.06695366983448359, 0.8051752212760136], [0.5444154760501321, 0.7388328816354475, -0.29355233631072725]]	[[0.0, 0.0, 0.0], [0.0, 0.0, 0.0], [0.0, 0.0, 0.0]]	0.1918748870714154	[[-0.7071067811865476, 0.5, 0.4999999999999999], [0.5, -0.14644660940672602, 0.8535533905932738], [0.4999999999999999, 0.8535533905932737, -0.14644660940672638]]
10	[[-0.06806473341269687, 0.662577969415037, -0.7458938439961176], [-0.9098273039671204, 0.2655430850439849, 0.3189061726295745], [0.4093671567448706, 0.700340848752355, 0.5847574082877884]]	0.9474606772835107	0.0525393227164894	[[-0.06448865841831541, 0.6277665716551042, -0.7067050866141629], [-0.8620255936277184, 0.25159163120372674, 0.3021510583095089], [0.3878592835871202, 0.6635454148882152, 0.5540346501028983]]	0.9474606772835109	0.05253932271648933	[[-0.06448865841831541, 0.6277665716551043, -0.7067050866141628], [-0.8620255936277188, 0.25159163120372674, 0.30215105830950895], [0.3878592835871202, 0.663545414888215, 0.5540346501028984]]	[[0.0, 0.0, 0.0], [0.0, 0.0, 0.0], [0.0, 0.0, 0.0]]	0.3060721303327081	[[0.14644660940672605, 0.5000000000000001, -0.8535533905932737], [-0.8535533905932737, 0.49999999999999994, 0.14644660940672646], [0.5000000000000001, 0.7071067811865475, 0.4999999999999999]]
10	[[0.6392458436810273, -0.42249799911284014, -0.642541976902815], [0.5964188253930831, -0.25505911223508765, 0.7610712410691811], [-0.4854372627366653, -0.869735758728762, 0.08894028297255557]]	0.9643945371648242	0.03560546283517607	[[0.616485199551302, -0.40745476230749167, -0.6196639724241614], [0.5751830570713502, -0.24597761449362826, 0.7339729472803712], [-0.46815304431948546, -0.8387684144949213, 0.0857735230326262]]	0.9643945371648243	0.03560546283517581	[[0.616485199551302, -0.4074547623074918, -0.6196639724241615], [0.5751830570713506, -0.24597761449362832, 0.7339729472803712], [-0.4681530443194856, -0.8387684144949218, 0.08577352303262621]]	[[0.0, 0.0, 0.0], [0.0, 0.0, 0.0], [0.0, 0.0, 0.0]]	0.1793836889692736	[[0.7071067811865476, -0.5, -0.4999999999999999], [0.49999999999999983, -0.1464466094067264, 0.8535533905932737], [-0.5000000000000001, -0.8535533905932737, 0.14644660940672607]]
10	[[-0.7565373765452967, 0.581550495723293, 0.2990822943839241], [0.05028910555470567, 0.5077298103841723, -0.8600473507370163], [-0.6520139597834296, -0.6356173853594982, -0.4133622330067026]]	0.963601350451382	0.036398649548618114	[[-0.7290004377059937, 0.5603828430346356, 0.28819610276444707], [0.04845865002550644, 0.48924913095061245, -0.8287427886223223], [-0.6282815321604659, -0.612481770902789, -0.39831640595085743]]	0.9636013504513821	0.03639864954861824	[[-0.7290004377059937, 0.5603828430346357, 0.2881961027644471], [0.04845865002550645, 0.4892491309506125, -0.8287427886223221], [-0.6282815321604657, -0.6124817709027889, -0.3983164059508575]]	[[0.0, 0.0, 0.0], [0.0, 0.0, 0.0], [0.0, 0.0, 0.0]]	0.20546716288892133	[[-0.8535533905932736, 0.5, 0.14644660940672638], [0.14644660940672613, 0.5, -0.8535533905932738], [-0.5000000000000001, -0.7071067811865475, -0.4999999999999999]]
10	[[0.8741664903139315, -0.15370841972864166, -0.46065895076156604], [0.4523572401227667, -0.08732656712286135, 0.8875511241517584], [-0.17665184550617297, -0.9842498627782785, -0.006806842160875459]]	0.9693299727803231	0.030670027219677057	[[0.8473557802614736, -0.14899417831167064, -0.44653052820272093], [0.43848343125518346, -0.08464825893220222, 0.860329907015169], [-0.17123392859609243, -0.9540628926959055, -0.006598076126521355]]	0.969329972780323	0.030670027219677314	[[0.8473557802614734, -0.14899417831167067, -0.446530528202721], [0.4384834312551833, -0.08464825893220224, 0.8603299070151692], [-0.1712339285960924, -0.9540628926959055, -0.006598076126521374]]	[[0.0, 0.0, 0.0], [0.0, 0.0, 0.0], [0.0, 0.0, 0.0]]	0.16625637575490218	[[0.8535533905932738, -0.1464466094067262, -0.4999999999999999], [0.4571067811865474, -0.2500000000000001, 0.8535533905932738], [-0.24999999999999994, -0.9571067811865475, -0.14644660940672638]]
10	[[-0.24698665360156102, 0.8466372453907605, -0.4713840978011963], [-0.6254476894109686, -0.5108406865688171, -0.5897940155311683], [-0.7401437568156493, 0.1491548445845619, 0.6556981405980744]]	0.963289161680352	0.03671083831964812	[[-0.23791956649408316, 0.815556482359828, -0.4540791924003633], [-0.6024869804076051, -0.49208729671709117, -0.5681421827851076], [-0.7129724590258931, 0.1436792452004258, 0.6316269121720846]]	0.963289161680352	0.036710838319648234	[[-0.2379195664940832, 0.8155564823598279, -0.4540791924003633], [-0.6024869804076053, -0.49208729671709117, -0.5681421827851074], [-0.712972459025893, 0.14367924520042583, 0.6316269121720846]]	[[0.0, 0.0, 0.0], [0.0, 0.0, 0.0], [0.0, 0.0, 0.0]]	0.1971077398485562	[[-0.14644660940672638, 0.8535533905932737, -0.4999999999999999], [-0.5000000000000001, -0.5, -0.7071067811865475], [-0.8535533905932737, 0.14644660940672613, 0.5000000000000001]]
10	[[0.1615105106326433, 0.7484963581880271, -0.6431699283505437], [0.2746907081173145, -0.6600677628887605, -0.6991820673251248], [-0.9478709668668996, -0.06374755033950519, -0.3122128760902104]]	0.942769803589715	0.05723019641028519	[[0.15226723238681167, 0.705659764596543, -0.6063611870258532], [0.2589701049396803, -0.6222919551745393, -0.6591677402855588], [-0.8936241252615, -0.06009926551290079, -0.2943448718697477]]	0.942769803589715	0.057230196410285074	[[0.15226723238681172, 0.7056597645965432, -0.6063611870258532], [0.2589701049396803, -0.6222919551745392, -0.6591677402855588], [-0.8936241252615001, -0.060099265512900776, -0.2943448718697477]]	[[0.0, 0.0, 0.0], [0.0, 0.0, 0.0], [0.0, 0.0, 0.0]]	0.28214290691736477	[[0.14644660940672638, 0.8535533905932737, -0.4999999999999999], [0.4999999999999997, -0.5, -0.7071067811865477], [-0.8535533905932738, -0.14644660940672594, -0.49999999999999983]]
10	[[0.2474980822640765, 0.6766944151993265, -0.6934186092928614], [-0.6725024223343065, 0.6351887809349719, 0.37983641811816093], [0.6974849039442319, 0.37231690938283457, 0.612286638558706]]	0.9497959841866302	0.05020401581337001	[[0.2350726846283121, 0.6427216380778403, -0.6586062104666376], [-0.6387401000889056, 0.6032997533324373, 0.3607671045764631], [0.6624683607970289, 0.35362510537659375, 0.5815473904741896]]	0.94979598418663	0.05020401581337009	[[0.23507268462831202, 0.6427216380778404, -0.6586062104666375], [-0.6387401000889052, 0.6032997533324372, 0.36076710457646305], [0.6624683607970288, 0.3536251053765937, 0.5815473904741897]]	[[0.0, 0.0, 0.0], [0.0, 0.0, 0.0], [0.0, 0.0, 0.0]]	0.2502840133549185	[[1.9967346175427393e-16, 0.7071067811865476, -0.7071067811865475], [-0.7071067811865476, 0.5, 0.4999999999999999], [0.7071067811865475, 0.49999999999999994, 0.5000000000000002]]
10	[[-0.9645173536663985, 0.2631232422499032, 0.021735543799654512], [0.24053004160075506, 0.8417770646002551, 0.48327701435151793], [0.10886493266386094, 0.47135711822447, -0.8751976311298015]]	0.9438596858158699	0.056140314184130374	[[-0.9103690463955209, 0.24835142076084665, 0.020515303541778978], [0.22702660949456674, 0.7945194357206018, 0.4561456909278553], [0.10275322114047761, 0.4448949815144221, -0.8260637611449679]]	0.9438596858158697	0.05614031418413044	[[-0.910369046395521, 0.24835142076084657, 0.02051530354177899], [0.22702660949456674, 0.7945194357206019, 0.4561456909278552], [0.1027532211404776, 0.4448949815144219, -0.8260637611449678]]	[[0.0, 0.0, 0.0], [0.0, 0.0, 0.0], [0.0, 0.0, 0.0]]	0.23978189375203146	[[-0.9571067811865475, 0.2803300858899108, -0.07322330470336308], [0.25000000000000017, 0.9267766952966368, 0.2803300858899109], [0.14644660940672638, 0.2500000000000001, -0.9571067811865475]]
10	[[0.40945118502923766, -0.6319690739801498, 0.6580006205246504], [0.1566510016798315, 0.7592176555418734, 0.6317032651381553], [-0.89878261595942, -0.15557519418651922, 0.40986115722640565]]	0.955838765841189	0.044161234158810986	[[0.3913693153705589, -0.6040605397229856, 0.6289425010450183], [0.14973310011343616, 0.7256896668779852, 0.603806469327504], [-0.8590912663981675, -0.14870480160674585, 0.39176118268952903]]	0.9558387658411891	0.04416123415881104	[[0.39136931537055897, -0.6040605397229853, 0.6289425010450183], [0.14973310011343618, 0.7256896668779853, 0.6038064693275038], [-0.8590912663981676, -0.1487048016067459, 0.3917611826895291]]	[[0.0, 0.0, 0.0], [0.0, 0.0, 0.0], [0.0, 0.0, 0.0]]	0.17976300347403043	[[0.4999999999999999, -0.5, 0.7071067811865476], [0.14644660940672619, 0.8535533905932737, 0.5], [-0.8535533905932738, -0.1464466094067262, 0.4999999999999999]]
10	[[0.3502993174823247, 0.16132854553037096, 0.9226394141637744], [0.9363424150508688, -0.08505486977734195, -0.3406296389098664], [0.023521691013278723, 0.9832287473036041, -0.18085342277010252]]	0.9493658589816477	0.05063414101835238	[[0.3325622124422921, 0.1531598132057005, 0.8759223599579158], [0.8889315211657186, -0.08074818950673845, -0.3233821497382738], [0.022330690393522312, 0.9334438042593355, -0.17169606505790946]]	0.9493658589816476	0.050634141018352403	[[0.332562212442292, 0.1531598132057005, 0.8759223599579158], [0.8889315211657185, -0.08074818950673847, -0.32338214973827367], [0.022330690393522326, 0.9334438042593356, -0.1716960650579094]]	[[0.0, 0.0, 0.0], [0.0, 0.0, 0.0], [0.0, 0.0, 0.0]]	0.21863969226566402	[[0.4999999999999999, 0.1464466094067262, 0.8535533905932738], [0.8535533905932738, -0.2500000000000001, -0.4571067811865474], [0.14644660940672638, 0.9571067811865475, -0.24999999999999994]]
10	[[-0.8000941381037605, -0.5872859623158753, 0.12224798010076363], [0.31331023350144005, -0.23532960618484317, 0.9200308005910233], [-0.511552605071339, 0.7744127936182373, 0.37228854041606435]]	0.9423875450047532	0.05761245499524674	[[-0.7539987505802969, -0.5534509762426117, 0.1152049738489486], [0.2952596617742881, -0.22177168983946974, 0.8670255674977321], [-0.4820808036339654, 0.7297969713981636, 0.35084008363609775]]	0.9423875450047533	0.05761245499524681	[[-0.7539987505802968, -0.5534509762426116, 0.1152049738489486], [0.2952596617742881, -0.2217716898394698, 0.8670255674977323], [-0.4820808036339653, 0.7297969713981634, 0.3508400836360978]]	[[0.0, 0.0, 0.0], [0.0, 0.0, 0.0], [0.0, 0.0, 0.0]]	0.3209053011991962	[[-0.8535533905932738, -0.5, -0.14644660940672607], [0.14644660940672632, -0.4999999999999999, 0.8535533905932737], [-0.49999999999999983, 0.7071067811865477, 0.4999999999999999]]
10	[[0.5219868745328842, 0.6525362703745822, 0.5492960209768695], [-0.8484633314698179, 0.46322645744250823, 0.25599067224491256], [-0.08740525136700361, -0.5996813028358434, 0.7954512285882627]]	0.9724532291793694	0.027546770820630694	[[0.5076078217287495, 0.6345610032824245, 0.5341646893743354], [-0.8250909065281102, 0.45046606438128683, 0.24893895586436277], [-0.08499751893907716, -0.5831620194212074, 0.7735391158953526]]	0.9724532291793694	0.027546770820630652	[[0.5076078217287497, 0.6345610032824247, 0.5341646893743351], [-0.8250909065281101, 0.45046606438128683, 0.2489389558643628], [-0.08499751893907716, -0.5831620194212073, 0.7735391158953528]]	[[0.0, 0.0, 0.0], [0.0, 0.0, 0.0], [0.0, 0.0, 0.0]]	0.13429011532358306	[[0.5000000000000001, 0.7071067811865475, 0.4999999999999999], [-0.8535533905932736, 0.5000000000000001, 0.14644660940672619], [-0.14644660940672627, -0.49999999999999983, 0.8535533905932738]]
10	[[-0.2320176213509193, 0.7258914686476092, -0.6474947097291828], [-0.9237427054821723, 0.04411687515891305, 0.3804643418175869], [0.30474126312519306, 0.6863929465479887, 0.6603010566991635]]	0.9524922825133454	0.047507717486654596	[[-0.22099499374385428, 0.691406021829126, -0.6167337139852652], [-0.8798577979997673, 0.04202098311746938, 0.3623893493527711], [0.2902637012901151, 0.6537839843585543, 0.6289316606413602]]	0.9524922825133455	0.047507717486654624	[[-0.22099499374385426, 0.6914060218291259, -0.6167337139852654], [-0.8798577979997675, 0.04202098311746939, 0.362389349352771], [0.29026370129011514, 0.6537839843585544, 0.6289316606413601]]	[[0.0, 0.0, 0.0], [0.0, 0.0, 0.0], [0.0, 0.0, 0.0]]	0.2739711869016422	[[-0.14644660940672638, 0.8535533905932737, -0.4999999999999999], [-0.8535533905932738, 0.14644660940672602, 0.5], [0.4999999999999999, 0.5, 0.7071067811865476]]
10	[[0.47760876960590826, -0.863333164219942, 0.1629285449315538], [0.019313472734014514, 0.19571911282807325, 0.9804697948660861], [-0.878360320692188, -0.46513425635162037, 0.11015112619370837]]	0.9623443899593644	0.037655610040635674	[[0.4596241200256403, -0.8308238272529278, 0.1567933711791231], [0.018586212136211998, 0.18834919023792016, 0.9435496066139869], [-0.8452851269810353, -0.44761934217790267, 0.10600331834022124]]	0.9623443899593643	0.03765561004063554	[[0.4596241200256404, -0.830823827252928, 0.156793371179123], [0.018586212136211987, 0.18834919023792018, 0.9435496066139868], [-0.8452851269810354, -0.4476193421779027, 0.10600331834022123]]	[[0.0, 0.0, 0.0], [0.0, 0.0, 0.0], [0.0, 0.0, 0.0]]	0.14276077292685346	[[0.4999999999999999, -0.8535533905932737, 0.14644660940672638], [0.14644660940672619, 0.25000000000000006, 0.9571067811865475], [-0.8535533905932738, -0.4571067811865474, 0.25]]
10	[[-0.15924507484483535, -0.9821037016433163, 0.10056503048355725], [0.4404411616894768, -0.16184076937647524, -0.8830736936729884], [0.8835454652859054, -0.09633215759094466, 0.45833124068362]]	0.9683668762124292	0.0316331237875709	[[-0.15420765567970773, -0.9510366936770017, 0.09738384442557008], [0.42650863190061217, -0.1567212402849135, -0.8551393142074832], [0.8555961622105694, -0.09328487052514656, 0.4438327918113642]]	0.968366876212429	0.03163312378757101	[[-0.1542076556797077, -0.9510366936770017, 0.09738384442557005], [0.42650863190061195, -0.15672124028491352, -0.8551393142074832], [0.8555961622105693, -0.09328487052514652, 0.44383279181136415]]	[[0.0, 0.0, 0.0], [0.0, 0.0, 0.0], [0.0, 0.0, 0.0]]	0.1118814801388657	[[-0.2499999999999999, -0.9571067811865475, 0.14644660940672619], [0.4571067811865477, -0.24999999999999992, -0.8535533905932737], [0.8535533905932737, -0.14644660940672613, 0.5000000000000001]]
10	[[-0.29094534609566214, 0.7352895391304536, 0.6121275187659843], [-0.720858324577614, -0.5891471504749901, 0.36506014706395234], [0.6290580906978549, -0.3350446667722445, 0.7014492068532439]]	0.9558121906088738	0.044187809391126084	[[-0.27808910859915176, 0.7027987051280682, 0.5850789446436899], [-0.689005174333172, -0.5631140284864763, 0.3489289388691939], [0.6012613916901527, -0.3202397768993992, 0.6704537030032562]]	0.955812190608874	0.04418780939112618	[[-0.27808910859915176, 0.7027987051280682, 0.5850789446436901], [-0.689005174333172, -0.5631140284864763, 0.34892893886919396], [0.6012613916901521, -0.32023977689939925, 0.6704537030032562]]	[[0.0, 0.0, 0.0], [0.0, 0.0, 0.0], [0.0, 0.0, 0.0]]	0.24644985591213153	[[-0.42677669529663703, 0.7803300858899106, 0.45710678118654746], [-0.7803300858899105, -0.5732233047033631, 0.2499999999999999], [0.45710678118654746, -0.24999999999999992, 0.8535533905932738]]
10	[[-0.025484677740626793, -0.9751658735640326, 0.22000465957918597], [0.5903656460895103, -0.19228165120071194, -0.7838980613120834], [0.8067334969602857, 0.10990580352112828, 0.5806046669073575]]	0.955675942902071	0.04432405709792889	[[-0.02435509342932899, -0.9319425657042287, 0.2102531604861877], [0.5641982454835832, -0.18375894831400755, -0.749152518883531], [0.7709757953782062, 0.10503433241046399, 0.5548699125000316]]	0.9556759429020711	0.044324057097929144	[[-0.024355093429329, -0.9319425657042286, 0.2102531604861877], [0.5641982454835829, -0.18375894831400752, -0.7491525188835307], [0.770975795378206, 0.10503433241046399, 0.5548699125000317]]	[[0.0, 0.0, 0.0], [0.0, 0.0, 0.0], [0.0, 0.0, 0.0]]	0.2684896950052844	[[0.0, -1.0, 1.9967346175427393e-16], [0.7071067811865475, -1.3401577416544657e-16, -0.7071067811865476], [0.7071067811865476, 1.1102230246251565e-16, 0.7071067811865475]]
10	[[0.9585760929693858, -0.06891970183517857, 0.276372843612568], [-0.2700624667372825, 0.08852460169804383, 0.9587646525367821], [-0.09054356988390194, -0.9936868065910669, 0.06624494214297555]]	0.9563511140796995	0.04364888592030062	[[0.9167353144414379, -0.06591143363211376, 0.26430947689025397], [-0.2582745409353119, 0.08466060145738588, 0.9169156435937875], [-0.08659144393122277, -0.9503134845296656, 0.06335342422057992]]	0.9563511140796995	0.043648885920300605	[[0.9167353144414376, -0.06591143363211377, 0.2643094768902539], [-0.2582745409353119, 0.08466060145738587, 0.9169156435937876], [-0.08659144393122281, -0.9503134845296656, 0.06335342422057988]]	[[0.0, 0.0, 0.0], [0.0, 0.0, 0.0], [0.0, 0.0, 0.0]]	0.2689551861268271	[[0.9267766952966369, -0.28033008588991065, 0.25], [-0.28033008588991065, -0.07322330470336322, 0.9571067811865475], [-0.24999999999999994, -0.9571067811865475, -0.14644660940672638]]
