11	[[-0.8011245690937495, -0.03963348185217799, -0.5971839012487085], [0.07148815852702158, -0.9969981734291763, -0.02973357310014117], [-0.594212813716407, -0.06651187333972096, 0.8015530567093305]]	0.5997417441790011	0.4002582558209989	[[-0.48046784637293594, -0.023769853533912005, -0.35815611453052076], [0.04287443288314084, -0.5979414234756923, -0.017832464991752492], [-0.35637422931178975, -0.03988994692537706, 0.4807248282828635]]	0.7608915784150282	0.3706109239146301	[[-0.5652625561008878, -0.06374275606273122, -0.3790696955833271], [0.05259983134306266, -0.8394587821083183, 0.0], [-0.34235006977225957, -0.0013520373884330396, 0.5376976805105581]]	[[0.0443063817839147, -0.03358597349814414, 0.07532250564184706], [-0.0017949064365465547, -0.08085126825089223, 0.022624025368085034], [0.10978145597085238, 0.04925628690036767, -0.0721972899923951]]	0.4814439138516828	[[-0.7071067811865476, -3.2354269956215097e-16, -0.7071067811865475], [1.5518069908193252e-16, -0.5578466012364797, 7.075787067551784e-17], [-0.3944571145961826, -6.19334140901628e-17, 0.3944571145961827]]
11	[[0.5366695897887676, 0.8400312153292252, -0.07958208761059785], [0.7684311562343987, -0.447598556932012, 0.45735007375165615], [0.348567510712374, -0.30659923206832285, -0.8857186920071709]]	0.5326018688403192	0.46739813115968076	[[0.2858312264712651, 0.44740219516855, -0.04238556858761842], [0.40926786988556807, -0.23839182791221963, 0.2435855039943899], [0.1856477076224284, -0.16329532398459548, -0.4717354306298225]]	0.7363320604722013	0.4260623952226734	[[0.5345867616134251, 0.7436772201641781, -0.08423116981138895], [0.46947440650720834, -0.26693089826030414, 0.21662966442518367], [0.18421312833166772, -0.1386030581475668, -0.5550460744054663]]	[[0.1394197367714909, 0.12513530451984237, -0.025632327264398232], [-0.0963460900939026, 0.06265026942982818, -0.12013185773748657], [-0.07244830504484079, 0.08715578614049596, 0.09713699507891699]]	0.4984505076476757	[[0.7071067811865476, 0.7071067811865475, 0.0], [0.3295407615999999, -0.32954076159999995, 0.46604101440947865], [0.32954076159999984, -0.3295407615999999, -0.46604101440947876]]
11	[[0.20231817389064605, -0.6994113589449509, -0.6854860374160302], [-0.8413567112351195, 0.2340817656053938, -0.48715973917256866], [0.5011848371341435, 0.6752995468603828, -0.5410954454040282]]	0.5222188927842019	0.4777811072157982	[[0.10565437275929483, -0.3652458254689262, -0.3579737594784293], [-0.4393723701777616, 0.12224192045541979, -0.25440401959973935], [0.261728190728423, 0.3526541816591024, -0.28257026438946614]]	0.7149922636880053	0.46504804413775136	[[0.2935211998117598, -0.5702795232564846, -0.5330999421018128], [-0.518991992622715, 0.2305500037767513, -0.2751168305560854], [0.3297257281626006, 0.365467590972994, -0.24180691739773869]]	[[0.14886527067646335, -0.0702058124753303, -0.04298272848320479], [0.08257154691237835, 0.06318335229846575, 0.0731986141325677], [-0.02861755306604483, -0.11736636070419523, 0.14507213998295693]]	0.49482746992040166	[[0.14644660940672638, -0.8535533905932737, -0.4999999999999999], [-0.51755636730036, 0.08879863404363955, -0.30317750067199983], [0.3031775006719998, 0.30317750067199983, -0.42875773325672034]]
11	[[0.8677758745180911, 0.35246868940790826, 0.3503296370440759], [0.30489758050525356, -0.9342923179771935, 0.18475748962043512], [0.39243151887482847, -0.05351343341511783, -0.9182231838925224]]	0.6181464376376941	0.38185356236230616	[[0.5364125655012925, 0.2178772647363253, 0.21655501713770184], [0.1884713532336746, -0.5775294680698658, 0.1142071840357552], [0.24258014540922468, -0.03307913823131702, -0.567596390079504]]	0.7838794966931265	0.3393439916176724	[[0.6449131317550827, 0.32938121229914363, 0.2186527029197204], [0.13396065011604283, -0.7702381106756019, 0.14482760797395225], [0.24855634107379432, 0.0, -0.6371596471330541]]	[[-0.03531858400459651, 0.053088233445986496, -0.05596351664307547], [-0.10504231183336739, -0.03786551869538459, 0.0], [-0.05906268042832544, 0.041948083251763704, 0.08261668010857645]]	0.5574436035983327	[[1.0, 0.0, 0.0], [0.0, -0.9199999999999999, 0.0], [0.0, 0.0, -0.9199999999999999]]
11	[[-0.048811022471290655, 0.8404542750081037, 0.5396796232079825], [-0.1921970497933101, 0.5223223691777455, -0.8308066181171734], [-0.9801417132925497, -0.1442773519203538, 0.13603774324354012]]	0.5807673256866002	0.41923267431339983	[[-0.02834784698468002, 0.4881083816583267, 0.3134282914980521], [-0.11162176661331502, 0.3033477654936484, -0.4825053377666393], [-0.5692342816227965, -0.08379157183192831, 0.07900627633599114]]	0.785131094939305	0.3399974011091111	[[-0.05416715864019513, 0.7792828878987087, 0.47869108684256506], [-0.07499408358310025, 0.3519054148013067, -0.5687638907620223], [-0.6984543409227364, -0.054878516435555885, 0.03618911247006129]]	[[-0.01584410712220369, 0.1194161027151765, 0.05497183335685013], [0.07590579656522543, -0.058186118822508535, 0.08352821900313494], [0.07108539563032956, 0.05839811885261493, -0.0706183498358114]]	0.3833047512546753	[[0.0, 0.7071067811865475, 0.7071067811865476], [0.0, 0.5506155652285902, -0.5506155652285901], [-0.7786879999999998, 0.0, 0.0]]
11	[[0.511206875187014, 0.8459474298653378, 0.15179089783566851], [-0.8586320663191376, 0.5104270682068909, 0.047065727767094744], [-0.037663051523436505, -0.15439285587729631, 0.9872914162515521]]	0.754940636919015	0.2450593630809851	[[0.3859308439510638, 0.6386400915025416, 0.11459311709056874], [-0.6482162390260597, 0.3853421359728158, 0.035531830497547476], [-0.028433368105416832, -0.11655744095175177, 0.745346410609623]]	0.8506237831343445	0.20477282665346044	[[0.4859778332240138, 0.7092852011746729, 0.09670702720264865], [-0.7024995411419145, 0.43982249586346767, 0.008916397882795165], [1.3101147844091361e-17, -0.07822255558261455, 0.8153738262655278]]	[[0.05113310708814908, -0.010297801950156539, -0.03240992055968651], [0.027873315430929857, 0.005641092091149963, -0.031118829526422132], [0.03203708737124931, 0.05310767957264685, -0.024439733282432305]]	0.32677035553731143	[[0.7071067811865476, 0.7071067811865475, 0.0], [-0.6505382386916236, 0.6505382386916237, 0.0], [0.0, 0.0, 0.9199999999999999]]
11	[[-0.011589893598810297, 0.9826435305367112, 0.18514147633827627], [0.11227511405049562, -0.182704212732111, 0.9767361309048049], [0.9936095677535101, 0.03210704820265742, -0.10820889207637127]]	0.6236170114228909	0.37638298857710945	[[-0.007227654808799368, 0.6127932218073419, 0.11545737416449774], [0.0700166710813343, -0.11393745511837121, 0.6091092669036118], [0.6196318291636345, 0.02002250144575192, -0.0674809058860488]]	0.8201938329484129	0.27295212007600483	[[-0.011525972385510867, 0.9123271050221795, 0.17137388825598027], [0.020173149289011937, -0.13421407209115854, 0.731268892889822], [0.774238890468834, 0.018226969448541252, 0.0]]	[[-0.002020013131238352, 0.10636894128931376, 0.019521991140361416], [-0.07191420684878426, 0.01563879644541393, -0.06984405809619272], [-0.040713549361133104, -0.008107033481455781, 0.08875226595122011]]	0.33169975297476495	[[0.0, 1.0, 1.9967346175427393e-16], [0.0, -1.3968135638010583e-16, 0.7786879999999998], [0.7786879999999998, 0.0, 0.0]]
11	[[0.2023859315102588, -0.1060602062400518, 0.9735456678446278], [0.6690322325666673, 0.7409383789188091, -0.0583625773250962], [-0.7151474019484273, 0.6631451962409777, 0.2209132005764473]]	0.6433422407626042	0.3566577592373958	[[0.13020341867663685, -0.06823301073821886, 0.6263230514358888], [0.43041669564184754, 0.4766769569606381, -0.03754711127300814], [-0.460084532045056, 0.4266293165006274, 0.14212279347289025]]	0.7993334947828874	0.32284599571591793	[[0.12901506346491098, -0.07444246299590054, 0.8401498587457298], [0.5310866553062287, 0.561135178559467, -0.030048523253238205], [-0.46259958935000023, 0.4926481126032384, 0.12690386077567725]]	[[-0.03275879046407425, 0.010335012315353853, 0.06196219773674323], [-0.003693217273683127, -0.031121685280471913, 0.016602639644567447], [0.10904168273433845, -0.03742605465654608, -0.04967945988476737]]	0.35608050486999737	[[0.0, 0.0, 1.0], [0.5506155652285901, 0.5506155652285902, 0.0], [-0.5506155652285902, 0.5506155652285901, 0.0]]
11	[[-0.1979434622679918, 0.9682888025830232, -0.1524309041424854], [-0.9591958066328183, -0.15931265816426138, 0.2335869891210864], [0.2018954934697093, 0.19244810142210464, 0.9603134581872996]]	0.59905101746027	0.4009489825397301	[[-0.11857823247124896, 0.5800543923827467, -0.09131388821894476], [-0.5746072239070144, -0.09543640996760092, 0.13993052349846785], [0.12094570078367269, 0.11528623096520903, 0.5752767542078923]]	0.7840034079977162	0.32073136405456854	[[-0.24759194754322283, 0.8466950372180103, -0.12251897278415891], [-0.705379650055629, -0.07417082460546134, 0.087771729569003], [0.08777172956900302, 0.087771729569003, 0.6997459707591827]]	[[-0.09240359853425002, 0.08755331606689236, -0.0030126244522771743], [0.04663313128161883, 0.05073084233249468, -0.0953612659658542], [-0.07051502537062973, -0.06310823780861717, -0.05314305320573258]]	0.38327103062886414	[[1.9967346175427393e-16, 1.0, 0.0], [-0.8463999999999998, 1.5182756128272371e-16, 0.0], [0.0, 0.0, 0.8463999999999998]]
11	[[0.6153023296687069, 0.7313682018673757, -0.2941149373995541], [-0.35367086285074184, -0.07732112734721036, -0.9321686349776892], [-0.7044997969301864, 0.6775854164332626, 0.21108775322668094]]	0.5389540972009662	0.46104590279903385	[[0.3316197115922493, 0.39417388895892547, -0.15851445055949537], [-0.1906123605940083, -0.041672538383976665, -0.5023961051034574], [-0.3796930520327727, 0.36518743639032986, 0.1137666094704662]]	0.7388317719608153	0.4014214418616022	[[0.5378363640434793, 0.596348395286687, -0.2631275260947019], [-0.24932953078427136, -0.017253554390144803, -0.5703391023666937], [-0.43436644831821947, 0.39244884106028544, 0.16410249665877608]]	[[0.08323145352273079, 0.05599033074521858, -0.04582606573564503], [0.011973739506652724, 0.03987375113780249, 0.11837670198016695], [0.08614038499374474, -0.10817279281790915, 0.008144157903080039]]	0.5245597150393682	[[0.7071067811865475, 0.7071067811865476, -1.9967346175427393e-16], [-8.359861847296534e-17, -8.359861847296536e-17, -0.6590815231999998], [-0.46604101440947876, 0.46604101440947865, 0.0]]
11	[[0.8434013427351802, 0.37557201465901263, -0.38421327004342964], [0.4843740832070826, -0.2220497303533281, 0.8462125411309575], [0.23249929589096227, -0.89979974386248, -0.3691943910126779]]	0.510406322363864	0.4895936776361361	[[0.4304773776222081, 0.19169433078489384, -0.19610488216626099], [0.2472275944580952, -0.11333558625152979, 0.43191223105683185], [0.1186691105678939, -0.45926347812879503, -0.1884391513541473]]	0.7030844911150738	0.47628550372414313	[[0.7068113538828352, 0.2180924741409609, -0.40391196645678806], [0.21003828203026806, -0.06639680125146562, 0.49345693860082357], [0.22095660409505744, -0.5119964035844309, -0.22263671435503202]]	[[0.11382895002010122, -0.04596638466263403, -0.1337775750086448], [-0.130517623770714, 0.0897229204162434, -0.10150197525542894], [0.057489954958947306, 0.1206388414345946, 0.03693813617265622]]	0.5594096852923236	[[0.7071067811865476, 0.5, -0.4999999999999999], [0.46604101440947865, -0.32954076159999995, 0.3295407615999999], [0.0, -0.46604101440947865, -0.46604101440947876]]
11	[[0.8706842278162519, 0.40148237992419594, 0.28411419190603826], [0.48700467489959137, -0.7845539150430676, -0.3837989070027929], [0.06881440298339332, 0.4725325946440084, -0.8786225156123877]]	0.5765633462942872	0.4234366537057128	[[0.5020046119553957, 0.2314800244472888, 0.1638098292150427], [0.2807890450210698, -0.45234503060551495, -0.22128438212562024], [0.039675862457348846, 0.2724449740010714, -0.5065815377309828]]	0.7608177345772883	0.3663557117058475	[[0.7418473059835048, 0.3223894571068258, 0.15132446892268048], [0.37948508473879305, -0.522320519095287, -0.22325798985965145], [0.06677009937758148, 0.28846599273032464, -0.577802373940269]]	[[0.07941530424416833, 0.016934542340200844, -0.06483464692452848], [0.008963291253137107, 0.07458201320152201, 0.06874302509945285], [0.01441488119346758, -0.07104518544065792, 0.09066921793654581]]	0.5279608960689455	[[0.7071067811865476, 0.5, 0.4999999999999999], [0.46604101440947865, -0.32954076159999995, -0.3295407615999999], [0.0, 0.46604101440947865, -0.46604101440947876]]
11	[[0.5703528252803276, 0.5739516156578184, -0.5876029250935769], [-0.5509578072563881, -0.26325551186259916, -0.7919229950551969], [-0.609215191305979, 0.7754199367811874, 0.16607459867264057]]	0.5404374783004765	0.45956252169952355	[[0.3082400426360526, 0.3101849638325956, -0.31756264307955656], [-0.29775824800360234, -0.14227314497972426, -0.42798486645579137], [-0.32924272173174574, 0.4190659952579398, 0.08975293731640557]]	0.7785008277573428	0.36445799378214483	[[0.5642880382594841, 0.5137690744057883, -0.5753429118112168], [-0.36920020812700366, -0.16702476771048871, -0.4921125431460173], [-0.4099036472643725, 0.4927687846386028, 0.1292892125361192]]	[[0.12026789166501003, 0.0669472665235125, -0.11789354823323121], [0.059720900881465075, 0.037919866186227676, 0.12440016402452762], [0.06437088344968007, -0.110896278005098, 5.66865717482908e-18]]	0.3834414626228834	[[0.4999999999999999, 0.5, -0.7071067811865476], [-0.3581964799999999, -0.35819647999999993, -0.5065663200103029], [-0.506566320010303, 0.5065663200103029, 0.0]]
11	[[0.7983197949725356, -0.14272590074337235, -0.5850767660845899], [0.4905325911139221, -0.4095002147242297, 0.7692121626676685], [-0.3493755601212979, -0.9010765180592617, -0.2569004215491415]]	0.5383730477809318	0.4616269522190683	[[0.4297938611232126, -0.07683977818048811, -0.31498956174277204], [0.26408952611387987, -0.2204638786680295, 0.4141230964055545], [-0.1880943851226733, -0.48511531131139457, -0.13830826292561743]]	0.7144255240941157	0.4435566179384118	[[0.622803872126076, -0.20114722949369268, -0.5058657054865212], [0.2702206505481388, -0.30223427072752773, 0.4728491195874052], [-0.20378882364977555, -0.5205324417107189, -0.158133811594742]]	[[0.052463834208115255, -0.0991802030533041, -0.08787193024124755], [-0.0802283529436697, -0.009676865206517045, -0.07669568286601205], [0.04581399399555803, 0.12321962195267011, 0.025402406710502697]]	0.5457011360930245	[[0.7071067811865475, -1.1102230246251565e-16, -0.7071067811865476], [0.46604101440947876, -8.832732056978971e-17, 0.46604101440947865], [-1.3160108931562376e-16, -0.6590815231999998, 0.0]]
11	[[0.8076735082395426, -0.3067057453339202, -0.5035822572998319], [0.0850908944562452, -0.7844955095899794, 0.6142689436344596], [-0.5834578337537903, -0.5389790174137795, -0.6075183742233737]]	0.5434402125024784	0.4565597874975217	[[0.43892226295031933, -0.16667623541999665, -0.2736668489194984], [0.04624181376532786, -0.4263264064388185, 0.3338184452623837], [-0.3170744491613956, -0.29290287175772134, -0.3301499143871105]]	0.725612376610377	0.4473563580740231	[[0.6964529648597012, -0.31947294019801903, -0.35359267836957325], [0.10940925694705159, -0.53037397855545, 0.3714187685344305], [-0.2695737734329525, -0.3385130185113887, -0.3597640595231949]]	[[0.11039507102076572, -0.09692345540621612, 0.011812840168576214], [0.047666250792752766, 0.03886567259830371, -0.07430237953411549], [0.15379045196907754, 0.05257682725734965, 0.08105879183149967]]	0.4478911256659808	[[0.8535533905932738, -0.1464466094067262, -0.4999999999999999], [0.08879863404363965, -0.5175563673003599, 0.30317750067199983], [-0.3031775006719998, -0.30317750067199983, -0.42875773325672034]]
11	[[0.5388625488158765, 0.700060485213946, -0.46855359408041286], [-0.17010925617958866, -0.45432840348109804, -0.874441846409665], [-0.8250393896328132, 0.550909265516865, -0.12573379307880614]]	0.5609176657120568	0.4390823342879433	[[0.3022575230214507, 0.39267629322345643, -0.26281998825257985], [-0.09541728689226917, -0.25484082754730303, -0.4904898792890503], [-0.4627791685533377, 0.3090147392328637, -0.0705263057148867]]	0.7320125979841743	0.41260483381486657	[[0.40966610636424694, 0.5732309934469125, -0.4251625295628241], [-0.17521860612243925, -0.24176569926814195, -0.5234076668735347], [-0.5423407150990718, 0.4025742595200658, -0.014735165817233014]]	[[0.015211932049163226, 0.06077789891939032, -0.08217539586519883], [-0.05069648756526308, 0.0908084157020587, 0.11669478090288243], [0.06159851194532124, -0.0006982631844878297, 0.07730355470878846]]	0.4969968334212008	[[0.4999999999999999, 0.5, -0.7071067811865476], [-0.3581964799999999, -0.35819647999999993, -0.5065663200103029], [-0.506566320010303, 0.5065663200103029, 0.0]]
11	[[-0.9512982242440221, -0.26632565387263285, -0.15524926614797568], [-0.28936275749252405, 0.9451100598101759, 0.15177670908913832], [0.10630561192379806, 0.1893082695893678, -0.9761462472081662]]	0.681528966682594	0.318471033317406	[[-0.648337295776015, -0.1815086476848817, -0.1058068719360609], [-0.19720910111030596, 0.644119882463754, 0.10344022371200512], [0.07245035384698693, 0.12901906935771176, -0.6652719431908736]]	0.824465897799776	0.25738480522547547	[[-0.8246347584470692, -0.20213500844504584, -0.09163817962459275], [-0.22154447921840098, 0.730488951533873, 0.0781172122478278], [0.05045740807051422, 0.12857462031834202, -0.7508981286795041]]	[[-0.04032181392038899, 0.01744141088216676, 0.0363595459728544], [0.017025246427491685, -0.04872206244712365, -0.04701750847644403], [-0.0371879437053945, -0.027503592129578158, 0.05390116340885881]]	0.38347534020106216	[[-1.0, 0.0, 0.0], [0.0, 0.9199999999999999, 0.0], [0.0, 0.0, -0.9199999999999999]]
11	[[-0.13714492618686602, -0.09186257958165817, -0.9862821785340151], [0.9849622221878442, -0.11826677366833438, -0.12594598488585185], [-0.1050746881222272, -0.9887235390738337, 0.10670085846576022]]	0.5519244987830894	0.4480755012169107	[[-0.0756936446463298, -0.05070120819252836, -0.5443532970460798], [0.5436247808013039, -0.06527432977958846, -0.06951267458186634], [-0.05799329457664959, -0.5457007437383681, 0.058890817828440065]]	0.7714189026072672	0.3655884991724219	[[-0.10390288191650902, -0.016841802997585423, -0.8891210148670752], [0.6561483879448201, -0.07108173574375501, -0.04410221036408568], [-0.018404716640345667, -0.6668428591449669, 0.0665149577533356]]	[[0.0018933065407178394, 0.054022727333970066, -0.12828429904126057], [-0.10367008860494195, 0.020151489014373428, 0.053054903084349604], [0.06265188396270356, 0.09587716834934323, -0.015796101391574474]]	0.362521603727779	[[0.0, 0.0, -1.0], [0.7163929599999997, -1.2850684786969734e-16, 0.0], [-1.4304466229959105e-16, -0.7163929599999997, 0.0]]
11	[[0.31358954156160956, 0.32022056906021157, -0.893935336908623], [-0.7749177473382989, -0.45777931064204774, -0.4358217383383115], [-0.5487841873481009, 0.8293954966714284, 0.10458979786689793]]	0.5536212738635072	0.44637872613649265	[[0.1736098414696116, 0.17728091936041152, -0.4949016199709555], [-0.42901095042086845, -0.25343636510600864, -0.24128018595626413], [-0.3038186008758052, 0.4591709914038925, 0.05790313712819878]]	0.7719095268009957	0.3637983853549894	[[0.2827009019561048, 0.3196366190454678, -0.7974619286398574], [-0.47878968372625486, -0.293725691282228, -0.3051239014178952], [-0.3674632174332154, 0.5525272098772422, 0.022105848632916193]]	[[0.04063814731954159, 0.07245531111025441, -0.1074247257360335], [0.11937670793134494, 0.05963851977476112, 0.03129105039241814], [0.056148524938526095, -0.0876910754892769, -0.05862801274673279]]	0.5030728767277605	[[0.4999999999999999, 0.5, -0.7071067811865476], [-0.3581964799999999, -0.35819647999999993, -0.5065663200103029], [-0.506566320010303, 0.5065663200103029, 0.0]]
11	[[-0.4317850840940142, 0.8067077608929694, 0.4034652769061755], [-0.8878263375968627, -0.45904284438783466, -0.032311937200791035], [0.1591415578133718, -0.3721589116645979, 0.9144242500313273]]	0.650799874782305	0.34920012521769495	[[-0.28100567866125153, 0.5250053097750581, 0.26257515168954704], [-0.5777972693364708, -0.2987450256473159, -0.021028604684248508], [0.10356930589760333, -0.2422009731104393, 0.5951071874182912]]	0.757748705615162	0.35070547668269936	[[-0.3282969666754868, 0.6286082002684364, 0.23540674364862896], [-0.68505938302663, -0.37851941212049245, 0.0], [0.10064885952636053, -0.1530054023194256, 0.6471517321758005]]	[[-0.0011123780993136517, 0.01732643864208333, -0.07031854768768853], [-0.012310124901557463, -0.030680290963708612, 0.024484328589817805], [-0.01994044991630242, 0.12899753127757094, -0.045752059668553106]]	0.5617863203317784	[[-0.49999999999999983, 0.7071067811865477, 0.4999999999999999], [-0.4030149325403826, -0.23608068164327808, -0.06914643074617366], [0.06914643074617362, -0.23608068164327814, 0.4030149325403827]]
11	[[-0.6025847497358183, -0.5627740937894159, -0.565841796569786], [-0.05773503450399975, -0.6764267119426086, 0.7342435353214446], [-0.7959637461446616, 0.4751128526255769, 0.37511263920767013]]	0.559068423817338	0.4409315761826621	[[-0.33688610625116905, -0.31462922558007944, -0.31634428133824094], [-0.032277834739190776, -0.3781688156736987, 0.41049237599023], [-0.44499819697283965, 0.2656205936527405, 0.20971363195579396]]	0.7215058583424836	0.4585856947470831	[[-0.4362469754880298, -0.46882303893276966, -0.4467749390726561], [-0.025357054978458343, -0.5129983736351859, 0.4635031882626963], [-0.446917515061738, 0.2252393583516422, 0.22245219617891404]]	[[-0.0014785484057975168, -0.06277823334032373, -0.03851676795251971], [0.01629911064778291, -0.02495253822925013, -0.06625782392182235], [0.12737499080986495, -0.11755734819152058, -0.048193770547730386]]	0.5173945521274338	[[-0.7071067811865475, -0.5000000000000002, -0.49999999999999983], [6.509724102147642e-17, -0.362900545428488, 0.36290054542848815], [-0.3629005454284881, 0.25660943656878066, 0.2566094365687806]]
11	[[-0.7147397866006825, 0.47804333933038157, 0.5105111195379277], [0.6441331517519284, 0.16556701204019203, 0.7467797850358632], [0.2724693015077806, 0.8625903606266073, -0.42626089369061476]]	0.5343553134521187	0.4656446865478812	[[-0.38192500270570817, 0.25544499843158364, 0.2727943293014814], [0.34419597220930287, 0.08847161261606747, 0.3990457461125446], [0.14559541901327, 0.4609297425334069, -0.22777477346042874]]	0.7248726960529357	0.44523534531331604	[[-0.6693591588622043, 0.338868311580588, 0.4593692913687262], [0.38749996059326963, 0.029504688811667748, 0.4338108249300001], [0.23271523473924643, 0.48144161957420095, -0.23877543966407344]]	[[-0.1512638027726677, -0.007652252629974126, 0.08931371978426601], [-0.07941457373422552, -0.09051031758333508, -0.10750945120677789], [0.035209677563641316, -0.14382658072248208, 0.07020944356737632]]	0.4833107056844497	[[-0.7071067811865476, 0.5, 0.4999999999999999], [0.46604101440947865, 0.32954076159999995, 0.3295407615999999], [0.0, 0.46604101440947865, -0.46604101440947876]]
11	[[0.9108526935290702, 0.369894861597951, -0.1830987767689077], [-0.28482357056054014, 0.8843967298970963, 0.3697539151928853], [0.2987020327081532, -0.28464050223177145, 0.9109099187873969]]	0.6261746544858291	0.3738253455141708	[[0.5703528706580524, 0.23161878715718062, -0.11465181328004873], [-0.17834930088516637, 0.5537868167717114, 0.2315305300906875], [0.18703964212524268, -0.17823466813765232, 0.570388703664413]]	0.7722200029270038	0.37962866768161396	[[0.6916343307476593, 0.29735465738451483, -0.18519733732886956], [-0.2659351297021579, 0.6437882377466352, 0.22812274441359018], [0.15886478270503063, -0.2216637347440635, 0.5977528018803033]]	[[-0.011744338915428393, 0.011714446278661458, -0.0438047993964529], [-0.04598867121021788, -0.039160607603132995, -0.057408625058930796], [-0.07179890186716145, -0.001858645277501169, -0.10567005827193708]]	0.5952600757493345	[[0.9571067811865475, 0.2803300858899108, -0.07322330470336308], [-0.10859711355590802, 0.4025810960803919, 0.12177215268209632], [0.06361471628647986, -0.108597113555908, 0.41575613520658017]]
11	[[0.8741664903139315, -0.15370841972864166, -0.46065895076156604], [0.4523572401227667, -0.08732656712286135, 0.8875511241517584], [-0.17665184550617297, -0.9842498627782785, -0.006806842160875459]]	0.5399419815032481	0.46005801849675193	[[0.4719991869438441, -0.08299362872201571, -0.24872910667140724], [0.24424666457922722, -0.04715127969019409, 0.4792261126599357], [-0.09538174749880866, -0.5314378212028037, -0.003675299844122892]]	0.7302912782751891	0.412512314756088	[[0.708529923836361, -0.11946909738095422, -0.41523200458416976], [0.21929173640815713, -0.060274694513320404, 0.5857633978283348], [-0.10313966623953902, -0.5910057107252661, 0.017898375790906074]]	[[0.07013376019966425, -0.007217179055665209, -0.07881679058359828], [-0.11106081071813481, 0.0034991358182180597, -0.062407447163033966], [0.025867635824835287, 0.12778337970526255, 0.022869353253589207]]	0.5269066553605314	[[0.7071067811865475, -1.1102230246251565e-16, -0.7071067811865476], [0.46604101440947876, -8.832732056978971e-17, 0.46604101440947865], [-1.3160108931562376e-16, -0.6590815231999998, 0.0]]
11	[[-0.6195752977719757, 0.6381387633459072, 0.45706166882175114], [0.5448782585382363, -0.06948620364724613, 0.835631109326976], [0.5650080829183833, 0.7667793595409634, -0.304656002761875]]	0.5453270523219558	0.4546729476780444	[[-0.33787117082548956, 0.3479943307878017, 0.24924809258791947], [0.297136854602977, -0.037892706611995904, 0.4556922496778057], [0.30811419239596116, 0.4181455279197907, -0.16613715995832296]]	0.7431883947823003	0.4067403229778079	[[-0.6016802362949071, 0.5557216487144282, 0.39006714114506313], [0.30063436406127103, -0.10692263799309362, 0.5306527709630375], [0.42475487704709514, 0.47394296695514043, -0.10801990370471587]]	[[-0.14121906529698686, 0.08146432553502118, 0.05038421317690653], [-0.10431283425353606, -0.05528129784498072, -0.09037857180783071], [0.004847426863957035, -0.09591855441430847, 0.11839690194867401]]	0.508721558953288	[[-0.4999999999999999, 0.5, 0.7071067811865476], [0.3893439999999999, -0.389344, 0.5506155652285901], [0.5506155652285902, 0.5506155652285901, 0.0]]
11	[[0.6392458436810273, -0.42249799911284014, -0.642541976902815], [0.5964188253930831, -0.25505911223508765, 0.7610712410691811], [-0.4854372627366653, -0.869735758728762, 0.08894028297255557]]	0.5383294208093725	0.4616705791906275	[[0.34412484478360605, -0.227443103155534, -0.34589925027180163], [0.3210698008336647, -0.13730582416166748, 0.4097070403994425], [-0.2613251604883162, -0.46820434725365473, 0.04787917101923758]]	0.7612475911428259	0.39117953942894207	[[0.5594192496886561, -0.38187893484848573, -0.6342846427417466], [0.35440273372947345, -0.1799671807257138, 0.500758331132264], [-0.3207030205978289, -0.5201452240797185, 0.06619099283347452]]	[[0.07279489103841055, -0.0602533507611724, -0.1451511106163293], [-0.09961966041324476, 0.014195954062274375, -0.07860531781973121], [0.04883492631142469, 0.14193902718332954, -0.0015145833349447082]]	0.41050654331438136	[[0.4999999999999999, -0.5, -0.7071067811865476], [0.3581964799999999, -0.35819647999999993, 0.5065663200103029], [-0.506566320010303, -0.5065663200103029, 0.0]]
11	[[0.4811460874291297, -0.5569646813589093, -0.6769702994005047], [0.28537953366574575, -0.6306542773568745, 0.7216880934421741], [-0.8288889939650315, -0.5404308708523664, -0.14449051703620916]]	0.5721600670158473	0.4278399329841529	[[0.2752925776278635, -0.3186729494117735, -0.387335371872731], [0.16328277310714434, -0.36083519359634, 0.4129211079084134], [-0.47425718233573055, -0.30921296328432263, -0.08267170391059185]]	0.7817181398549594	0.3558746942802741	[[0.431172661634409, -0.5225232952032974, -0.623598667064768], [0.25926612265100507, -0.3930389490108844, 0.5007557611023546], [-0.5278747454391924, -0.3862848506417652, -0.046724969801568594]]	[[0.05505203717081812, -0.08713390052650057, -0.09439870388035043], [0.036179764441142515, 0.09995493957610524, -0.06340091285873377], [0.12008281706940063, 0.036179764441142515, 0.06622588840265815]]	0.3621451121940512	[[0.4999999999999999, -0.5, -0.7071067811865476], [0.3581964799999999, -0.35819647999999993, 0.5065663200103029], [-0.506566320010303, -0.5065663200103029, 0.0]]
11	[[0.1615105106326433, 0.7484963581880271, -0.6431699283505437], [0.2746907081173145, -0.6600677628887605, -0.6991820673251248], [-0.9478709668668996, -0.06374755033950519, -0.3122128760902104]]	0.5576843555581149	0.44231564444188504	[[0.09007188503802774, 0.4174247091536858, -0.35868580700653185], [0.15319071053420674, -0.3681094649713049, -0.38992290063400276], [-0.5286128093094142, -0.03555101152949543, -0.17411623659931452]]	0.7606339854198567	0.35194351100695487	[[0.063290437443202, 0.7226419976613, -0.5486819621216881], [0.08562596609650996, -0.48350362807822944, -0.48531364930951926], [-0.6744748780976578, -0.005888205634760655, -0.10568898236279603]]	[[-0.059559945946501616, 0.15331022966049232, -0.059465056218210376], [-0.12331312197656552, 0.018566345055017322, 0.04650799309408504], [0.04650799309408505, 0.04260034764073012, 0.13179074187709663]]	0.38972084772068205	[[0.0, 0.7071067811865475, -0.7071067811865476], [0.0, -0.5506155652285902, -0.5506155652285901], [-0.7786879999999998, 0.0, 0.0]]
11	[[-0.7565373765452967, 0.581550495723293, 0.2990822943839241], [0.05028910555470567, 0.5077298103841723, -0.8600473507370163], [-0.6520139597834296, -0.6356173853594982, -0.4133622330067026]]	0.5225008822243745	0.4774991177756256	[[-0.3952914466806313, 0.3038606470734429, 0.15627076267329043], [0.026276102018608395, 0.26528927385734435, -0.4493754995148271], [-0.34067786920944976, -0.332110644607488, -0.21598213142423955]]	0.6862178764140102	0.4909691886481757	[[-0.6178942989028365, 0.40732152233886026, 0.15785281150380376], [-0.043528699265072385, 0.35105355191871257, -0.5287424890504593], [-0.2940860735201983, -0.347741058407793, -0.28618218155466796]]	[[-0.09874482694209659, 0.00825117613610718, -0.04738280542136254], [-0.07803798248558252, 0.002640279644797669, 0.06143737758779128], [0.15333756135467663, 0.08843095398542752, -0.0025256278310551543]]	0.5430442841649293	[[-0.8535533905932738, 0.4999999999999998, 0.14644660940672638], [0.07515916385453648, 0.25660943656878066, -0.43805970928302473], [-0.25660943656878055, -0.36290054542848815, -0.2566094365687806]]
11	[[-0.06806473341269687, 0.662577969415037, -0.7458938439961176], [-0.9098273039671204, 0.2655430850439849, 0.3189061726295745], [0.4093671567448706, 0.700340848752355, 0.5847574082877884]]	0.5412567934681072	0.4587432065318928	[[-0.036840499355217826, 0.35862482714819255, -0.4037201102689392], [-0.49245020915497645, 0.14372699873853617, 0.17261013241467013], [0.2215727546108847, 0.3790642421304323, 0.3165039197665691]]	0.7163868401308816	0.46596788775264814	[[-0.1613667346771145, 0.497557665509169, -0.5692826245099527], [-0.6067845901764695, 0.2408644019158285, 0.16348590591492973], [0.2887483151298855, 0.37011649953427567, 0.28455200385625085]]	[[-0.1126060553832418, 0.022895527659594787, -0.03493409053649722], [0.04500371717733512, 0.05063283030256217, -0.06497427939340458], [-0.004516928743935757, -0.1315984681180037, -0.13436050811016167]]	0.4944682758467284	[[0.0, 0.7071067811865475, -0.7071067811865476], [-0.4287577332567203, 0.3031775006719999, 0.30317750067199983], [0.42875773325672034, 0.30317750067199983, 0.3031775006719998]]
11	[[-0.24698665360156102, 0.8466372453907605, -0.4713840978011963], [-0.6254476894109686, -0.5108406865688171, -0.5897940155311683], [-0.7401437568156493, 0.1491548445845619, 0.6556981405980744]]	0.5353287662084315	0.4646712337915686	[[-0.13221906054247295, 0.45322927200114077, -0.2523454674861891], [-0.334820139900288, -0.2734677144699529, -0.31573370265141676], [-0.39622024415299484, 0.0798468789254639, 0.35101407661152983]]	0.7134521119947069	0.4622734491596488	[[-0.11065685012584561, 0.7859582992798317, -0.3329173676432623], [-0.39293380815212975, -0.3672272471466462, -0.2729166434566964], [-0.36878390641479397, 0.026422497906179506, 0.43780465265842017]]	[[0.06555629952069313, 0.1819231684624129, 0.0033926124937206734], [0.053293166800335245, -0.0027668804212976376, 0.1478731425658546], [0.15927322006502784, -0.07999234097691847, -0.03000457058227826]]	0.5241480139165832	[[-0.49999999999999983, 0.7071067811865477, -0.4999999999999999], [-0.30317750067199994, -0.4287577332567202, -0.30317750067199983], [-0.4287577332567203, 6.731892835887262e-17, 0.42875773325672034]]
11	[[0.3502993174823247, 0.16132854553037096, 0.9226394141637744], [0.9363424150508688, -0.08505486977734195, -0.3406296389098664], [0.023521691013278723, 0.9832287473036041, -0.18085342277010252]]	0.5971717464654854	0.40282825353451457	[[0.20918885520658737, 0.09634084928910822, 0.5509741903140735], [0.5591572352856379, -0.05079236513032978, -0.2034143963657126], [0.014046489302221257, 0.5871564282023647, -0.10800055432988291]]	0.7770618707852264	0.3445381382590113	[[0.32599951851502224, 0.08719256503313103, 0.7949378824283971], [0.6515531691786696, -0.035762279234529584, -0.19685976373715988], [-0.020990713311699362, 0.6747376953553365, -0.07677211596566018]]	[[0.05379527553741904, -0.03816969636775856, 0.07798997319810938], [-0.07604281955631556, 0.03033061699404565, 0.0678305407190371], [-0.039268522534509895, -0.08929187443421659, 0.06376218306998718]]	0.4998874709577484	[[0.0, 0.0, 1.0], [0.7786879999999998, -1.3968135638010583e-16, 0.0], [1.55483328586512e-16, 0.7786879999999998, 0.0]]
11	[[-0.9645173536663985, 0.2631232422499032, 0.021735543799654512], [0.24053004160075506, 0.8417770646002551, 0.48327701435151793], [0.10886493266386094, 0.47135711822447, -0.8751976311298015]]	0.5714318397374437	0.42856816026255645	[[-0.5511559258642809, 0.15035699839654326, 0.012420381781130366], [0.13744652418404332, 0.4810182166733087, 0.27615987341370685], [0.06220888875500299, 0.26934846524034867, -0.500115792490355]]	0.7878156469411318	0.33721184745016386	[[-0.8849544595761519, 0.2255159188662341, -0.021633788298423415], [0.1821310312249871, 0.568759249978921, 0.3053665054292244], [0.024096696666789843, 0.3006125176008036, -0.6261266916438448]]	[[-0.12509259661150984, 0.018223311547878433, -0.03875738979856554], [-0.007362299107489075, -0.0944058927493358, -0.07536668828389545], [-0.06166880068899251, -0.0707299954335149, 0.06336769632602583]]	0.48090601571674735	[[-1.0, 0.0, 0.0], [0.0, 0.506566320010303, 0.5065663200103029], [0.0, 0.5065663200103029, -0.506566320010303]]
11	[[0.9585760929693858, -0.06891970183517857, 0.276372843612568], [-0.2700624667372825, 0.08852460169804383, 0.9587646525367821], [-0.09054356988390194, -0.9936868065910669, 0.06624494214297555]]	0.5536516201883794	0.4463483798116205	[[0.530717206946347, -0.038157504583946636, 0.15301427264216785], [-0.14952052226116677, 0.04901178915665294, 0.5308216032563382], [-0.05012959416386203, -0.5501563104289611, 0.036676619546743935]]	0.7833343624738978	0.3452019543088793	[[0.8705412036141038, -0.04145749776787826, 0.2623375008124628], [-0.1774698363843262, 0.04759437464778009, 0.6318254704365184], [-0.04016676188184004, -0.6904384592866067, 0.022325037058373756]]	[[0.11965561094521009, 0.01252967293107244, 0.045845155556113626], [0.03407937382545119, -0.021749987786612822, -0.11920782742088994], [0.03075912770927704, 0.08795056185312987, -0.029566902462314304]]	0.44822682947452197	[[1.0, 0.0, 0.0], [0.0, 1.2850684786969734e-16, 0.7163929599999997], [0.0, -0.7163929599999997, 1.4304466229959105e-16]]
11	[[-0.025484677740626793, -0.9751658735640326, 0.22000465957918597], [0.5903656460895103, -0.19228165120071194, -0.7838980613120834], [0.8067334969602857, 0.10990580352112828, 0.5806046669073575]]	0.5377212947490166	0.46227870525098336	[[-0.013703653910951293, -0.5243674561279075, 0.11830119039973651], [0.31745217959059113, -0.10339393844012562, -0.4215186804799775], [0.43379778050288675, 0.05909869096981211, 0.31220349322674573]]	0.7129942112075344	0.3863279380152591	[[0.025643798791846407, -0.926785750178266, 0.19298167097418234], [0.36364147843010247, -0.09740809214661171, -0.49265233736990055], [0.5216439535612908, 0.0726887597542787, 0.3484775279403677]]	[[0.04381422649540268, -0.23149812735997244, 0.03611962225553846], [-0.05728580972751434, 0.039687612080922134, 0.06626244252242366], [-0.053552359758603924, -0.005673441934398449, -0.06549023856465686]]	0.4509454244146707	[[1.9967346175427393e-16, -1.0, 0.0], [0.46604101440947876, 8.832732056978971e-17, -0.46604101440947865], [0.46604101440947865, 7.31727482161659e-17, 0.46604101440947876]]
11	[[0.40945118502923766, -0.6319690739801498, 0.6580006205246504], [0.1566510016798315, 0.7592176555418734, 0.6317032651381553], [-0.89878261595942, -0.15557519418651922, 0.40986115722640565]]	0.5963378194102836	0.4036621805897164	[[0.2441712268352922, -0.3768670595120588, 0.39239065521428346], [0.09341691675018743, 0.4527502011636286, 0.3767085476468438], [-0.5359780653251108, -0.0927753720555203, 0.24441570876137017]]	0.7505225383530066	0.3957752318805898	[[0.26134173555800705, -0.5547116926593302, 0.5410572848489809], [0.11757010741628825, 0.5670223089796087, 0.3693652825110756], [-0.5942648389594251, -0.10938735123868942, 0.2081293807752769]]	[[-0.04596060716178298, -0.08040465909514916, 0.047212988894966876], [-4.265356912955993e-18, -0.002787653020096724, -0.10474225552629515], [0.0802917713979944, 0.007375338406938884, -0.09948065531858577]]	0.4893340294539809	[[0.4999999999999999, -0.5, 0.7071067811865476], [0.08169474332014848, 0.47615185791633113, 0.27892330061823983], [-0.4761518579163312, -0.08169474332014849, 0.2789233006182398]]
11	[[0.2474980822640765, 0.6766944151993265, -0.6934186092928614], [-0.6725024223343065, 0.6351887809349719, 0.37983641811816093], [0.6974849039442319, 0.37231690938283457, 0.612286638558706]]	0.5543584729542724	0.4456415270457275	[[0.13720265894302433, 0.3751312826665831, -0.3844024813656659], [-0.3728074159032953, 0.3521222826367969, 0.21056553672040423], [0.3866566662591818, 0.20639703334052242, 0.3394262859617089]]	0.7138945355856803	0.4549566555082709	[[0.17056510628527366, 0.546123124356973, -0.44216069100916977], [-0.4723581641141436, 0.5315234184426694, 0.20614552697965893], [0.32843091127322743, 0.21763938941931726, 0.405221898720067]]	[[-0.006122422210985726, 0.06303467908482627, 0.05286706503842588], [0.00773764035845115, 0.07806561866786324, -0.06501761633133388], [-0.16949975030606274, -0.04815561769523727, -0.031886186759117724]]	0.4950238597381871	[[0.0, 0.7071067811865475, -0.7071067811865476], [-0.4287577332567203, 0.3031775006719999, 0.30317750067199983], [0.42875773325672034, 0.30317750067199983, 0.3031775006719998]]
11	[[-0.8000941381037605, -0.5872859623158753, 0.12224798010076363], [0.31331023350144005, -0.23532960618484317, 0.9200308005910233], [-0.511552605071339, 0.7744127936182373, 0.37228854041606435]]	0.5176917539416568	0.4823082460583434	[[-0.41420213767337394, -0.30403309989661914, 0.06328677123418906], [0.16219812430923053, -0.12182819658023084, 0.4762923588383135], [-0.26482656535280513, 0.40090711740308355, 0.19273070746037174]]	0.6853119020624882	0.4786239570535649	[[-0.631934953860436, -0.3687851013773771, 0.22871918199535765], [0.11690183868131439, -0.12274685118313608, 0.5488737107838451], [-0.3113058296037134, 0.40142069297856464, 0.2390392351111654]]	[[-0.08362091824750073, 0.03368895851191405, 0.14494118622920615], [-0.0978133933751998, 0.03852732884301512, -0.08163434712526288], [0.039267259182746775, -0.12929361159747452, -0.016094532637435235]]	0.5169820698644864	[[-0.7071067811865476, -0.7071067811865475, 0.0], [0.3295407615999999, -0.32954076159999995, 0.46604101440947865], [-0.32954076159999984, 0.3295407615999999, 0.46604101440947876]]
