1	[[-0.8011245690937495, -0.03963348185217799, -0.5971839012487085], [0.07148815852702158, -0.9969981734291763, -0.02973357310014117], [-0.594212813716407, -0.06651187333972096, 0.8015530567093305]]	0.0	1.0	[[-5.551115123125783e-17, 0.0, 0.0], [0.0, -2.7755575615628914e-17, 0.0], [0.0, 0.0, -1.1102230246251565e-16]]	0.0	1.8387909097949338	[[0.7071067811865476, -0.7071067811865476, 0.0], [0.6646803743153546, 0.6646803743153549, 0.0], [0.0, 0.0, 0.9400000000000003]]	[[0.7071067811865477, -0.7071067811865476, 0.0], [0.6646803743153546, 0.6646803743153548, 0.0], [0.0, 0.0, 0.9400000000000002]]	0.6536456537911902	[[-1.0, 0.0, 0.0], [0.0, -0.94, 0.0], [0.0, 0.0, 0.94]]
1	[[0.2023859315102588, -0.1060602062400518, 0.9735456678446278], [0.6690322325666673, 0.7409383789188091, -0.0583625773250962], [-0.7151474019484273, 0.6631451962409777, 0.2209132005764473]]	0.0	1.0	[[0.0, 0.0, 0.0], [0.0, 0.0, 0.0], [0.0, 0.0, 0.0]]	0.0	1.262050842208423	[[0.7071067811865478, -0.7071067811865476, 0.0], [0.6646803743153546, 0.6646803743153549, 0.0], [0.0, 0.0, 0.9400000000000003]]	[[0.7071067811865477, -0.7071067811865476, 0.0], [0.6646803743153546, 0.6646803743153548, 0.0], [0.0, 0.0, 0.9400000000000002]]	1.0	[[0.0, 0.0, 0.0], [0.0, 0.0, 0.0], [0.0, 0.0, 0.0]]
1	[[-0.1979434622679918, 0.9682888025830232, -0.1524309041424854], [-0.9591958066328183, -0.15931265816426138, 0.2335869891210864], [0.2018954934697093, 0.19244810142210464, 0.9603134581872996]]	0.0	1.0000000000000002	[[0.0, 0.0, 0.0], [0.0, 0.0, 0.0], [0.0, 0.0, 0.0]]	0.0	1.3056463265372522	[[-1.0, -1.0654906859119525e-17, 0.0], [1.0015612447572352e-17, -0.94, 0.0], [0.0, 0.0, 0.94]]	[[-1.0, -1.065490685911953e-17, 0.0], [1.0015612447572355e-17, -0.94, 0.0], [0.0, 0.0, 0.94]]	0.9791058320578613	[[0.7071067811865476, 0.7071067811865475, 0.0], [-0.6646803743153545, 0.6646803743153546, 0.0], [0.0, 0.0, 0.94]]
1	[[-0.011589893598810297, 0.9826435305367112, 0.18514147633827627], [0.11227511405049562, -0.182704212732111, 0.9767361309048049], [0.9936095677535101, 0.03210704820265742, -0.10820889207637127]]	0.0	1.0000000000000004	[[6.938893903907228e-17, 0.0, 0.0], [0.0, -5.551115123125783e-17, 0.0], [0.0, 0.0, -5.551115123125783e-17]]	0.0	1.7344647446719825	[[-1.0, 4.906538933319019e-18, 0.0], [-4.612146597319877e-18, 0.94, 0.0], [0.0, 0.0, -0.94]]	[[-1.0, 4.906538933319019e-18, 0.0], [-4.612146597319877e-18, 0.94, 0.0], [0.0, 0.0, -0.94]]	1.0000000000000004	[[0.0, 0.0, 0.0], [0.0, 0.0, 0.0], [0.0, 0.0, 0.0]]
1	[[0.6153023296687069, 0.7313682018673757, -0.2941149373995541], [-0.35367086285074184, -0.07732112734721036, -0.9321686349776892], [-0.7044997969301864, 0.6775854164332626, 0.21108775322668094]]	0.0	1.0000000000000002	[[1.1102230246251565e-16, 0.0, 0.0], [0.0, -5.551115123125783e-17, 0.0], [0.0, 0.0, -5.551115123125783e-17]]	0.0	1.5565367102704764	[[1.0, 4.4962004467441664e-18, 0.0], [-4.226428419939516e-18, -0.94, 0.0], [0.0, 0.0, -0.94]]	[[1.0, 4.4962004467441664e-18, 0.0], [-4.226428419939516e-18, -0.94, 0.0], [0.0, 0.0, -0.94]]	1.0	[[0.0, 0.0, 0.0], [0.0, 0.0, 0.0], [0.0, 0.0, 0.0]]
1	[[0.511206875187014, 0.8459474298653378, 0.15179089783566851], [-0.8586320663191376, 0.5104270682068909, 0.047065727767094744], [-0.037663051523436505, -0.15439285587729631, 0.9872914162515521]]	0.0	1.0000000000000002	[[5.551115123125783e-17, 0.0, 0.0], [0.0, -5.551115123125783e-17, 0.0], [0.0, 0.0, -5.551115123125783e-17]]	0.0	0.31734128920709825	[[0.7071067811865476, 0.7071067811865476, 0.0], [-0.6646803743153546, 0.6646803743153549, 0.0], [0.0, 0.0, 0.9400000000000003]]	[[0.7071067811865477, 0.7071067811865476, 0.0], [-0.6646803743153546, 0.6646803743153548, 0.0], [0.0, 0.0, 0.9400000000000002]]	0.31734128920709836	[[0.7071067811865476, 0.7071067811865475, 0.0], [-0.6646803743153545, 0.6646803743153546, 0.0], [0.0, 0.0, 0.94]]
1	[[0.8706842278162519, 0.40148237992419594, 0.28411419190603826], [0.48700467489959137, -0.7845539150430676, -0.3837989070027929], [0.06881440298339332, 0.4725325946440084, -0.8786225156123877]]	0.0	1.0000000000000002	[[5.551115123125783e-17, 0.0, 0.0], [0.0, -8.326672684688674e-17, 0.0], [0.0, 0.0, -2.7755575615628914e-17]]	0.0	1.9016849760998125	[[0.7071067811865476, -0.7071067811865475, 0.0], [0.6646803743153545, 0.6646803743153546, 0.0], [0.0, 0.0, 0.94]]	[[0.7071067811865476, -0.7071067811865475, 0.0], [0.6646803743153545, 0.6646803743153546, 0.0], [0.0, 0.0, 0.94]]	0.6866237713997533	[[1.0, 0.0, 0.0], [0.0, -0.94, 0.0], [0.0, 0.0, -0.94]]
1	[[0.5366695897887676, 0.8400312153292252, -0.07958208761059785], [0.7684311562343987, -0.447598556932012, 0.45735007375165615], [0.348567510712374, -0.30659923206832285, -0.8857186920071709]]	0.0	1.0	[[2.7755575615628914e-17, 0.0, 0.0], [0.0, -8.326672684688674e-17, 0.0], [0.0, 0.0, -2.7755575615628914e-17]]	0.0	1.8848369401390328	[[0.7071067811865475, 0.7071067811865474, 0.0], [-0.6646803743153544, 0.6646803743153545, 0.0], [0.0, 0.0, 0.9399999999999997]]	[[0.7071067811865476, 0.7071067811865475, 0.0], [-0.6646803743153545, 0.6646803743153546, 0.0], [0.0, 0.0, 0.94]]	1.0000000000000002	[[0.0, 0.0, 0.0], [0.0, 0.0, 0.0], [0.0, 0.0, 0.0]]
1	[[0.8677758745180911, 0.35246868940790826, 0.3503296370440759], [0.30489758050525356, -0.9342923179771935, 0.18475748962043512], [0.39243151887482847, -0.05351343341511783, -0.9182231838925224]]	0.0	1.0	[[1.1102230246251565e-16, 0.0, 0.0], [0.0, -5.551115123125783e-17, 0.0], [0.0, 0.0, -5.551115123125783e-17]]	0.0	1.9276498449576318	[[0.7071067811865477, 0.7071067811865475, 0.0], [-0.6646803743153545, 0.6646803743153546, 0.0], [0.0, 0.0, 0.94]]	[[0.7071067811865477, 0.7071067811865476, 0.0], [-0.6646803743153546, 0.6646803743153548, 0.0], [0.0, 0.0, 0.9400000000000002]]	0.549950459255593	[[1.0, 0.0, 0.0], [0.0, -0.94, 0.0], [0.0, 0.0, -0.94]]
1	[[-0.048811022471290655, 0.8404542750081037, 0.5396796232079825], [-0.1921970497933101, 0.5223223691777455, -0.8308066181171734], [-0.9801417132925497, -0.1442773519203538, 0.13603774324354012]]	0.0	1.0	[[5.551115123125783e-17, 0.0, 0.0], [0.0, 0.0, 0.0], [0.0, 0.0, 0.0]]	0.0	1.8053323971401258	[[-1.0, 0.0, 0.0], [0.0, -0.94, 0.0], [0.0, 0.0, 0.94]]	[[-1.0, 0.0, 0.0], [0.0, -0.94, 0.0], [0.0, 0.0, 0.94]]	1.0	[[0.0, 0.0, 0.0], [0.0, 0.0, 0.0], [0.0, 0.0, 0.0]]
1	[[0.20231817389064605, -0.6994113589449509, -0.6854860374160302], [-0.8413567112351195, 0.2340817656053938, -0.48715973917256866], [0.5011848371341435, 0.6752995468603828, -0.5410954454040282]]	0.0	1.0	[[2.7755575615628914e-17, 0.0, 0.0], [0.0, -8.326672684688674e-17, 0.0], [0.0, 0.0, -2.7755575615628914e-17]]	0.0	1.7657845790059947	[[0.7071067811865474, 0.7071067811865474, 0.0], [-0.6646803743153544, 0.6646803743153544, 0.0], [0.0, 0.0, 0.9399999999999998]]	[[0.7071067811865475, 0.7071067811865474, 0.0], [-0.6646803743153544, 0.6646803743153545, 0.0], [0.0, 0.0, 0.9399999999999998]]	1.0	[[0.0, 0.0, 0.0], [0.0, 0.0, 0.0], [0.0, 0.0, 0.0]]
1	[[0.8434013427351802, 0.37557201465901263, -0.38421327004342964], [0.4843740832070826, -0.2220497303533281, 0.8462125411309575], [0.23249929589096227, -0.89979974386248, -0.3691943910126779]]	0.0	1.0	[[5.551115123125783e-17, 0.0, 0.0], [0.0, -8.326672684688674e-17, 0.0], [0.0, 0.0, -2.7755575615628914e-17]]	0.0	1.6650101039186198	[[0.7071067811865476, -0.7071067811865475, 0.0], [0.6646803743153545, 0.6646803743153546, 0.0], [0.0, 0.0, 0.94]]	[[0.7071067811865476, -0.7071067811865475, 0.0], [0.6646803743153545, 0.6646803743153546, 0.0], [0.0, 0.0, 0.94]]	1.0	[[0.0, 0.0, 0.0], [0.0, 0.0, 0.0], [0.0, 0.0, 0.0]]
1	[[0.7983197949725356, -0.14272590074337235, -0.5850767660845899], [0.4905325911139221, -0.4095002147242297, 0.7692121626676685], [-0.3493755601212979, -0.9010765180592617, -0.2569004215491415]]	0.0	1.0000000000000002	[[1.1102230246251565e-16, 0.0, 0.0], [0.0, -5.551115123125783e-17, 0.0], [0.0, 0.0, -5.551115123125783e-17]]	0.0	1.5590975767748394	[[0.7071067811865477, -0.7071067811865475, 0.0], [0.6646803743153545, 0.6646803743153546, 0.0], [0.0, 0.0, 0.94]]	[[0.7071067811865477, -0.7071067811865476, 0.0], [0.6646803743153546, 0.6646803743153548, 0.0], [0.0, 0.0, 0.9400000000000002]]	1.0000000000000002	[[0.0, 0.0, 0.0], [0.0, 0.0, 0.0], [0.0, 0.0, 0.0]]
1	[[0.5388625488158765, 0.700060485213946, -0.46855359408041286], [-0.17010925617958866, -0.45432840348109804, -0.874441846409665], [-0.8250393896328132, 0.550909265516865, -0.12573379307880614]]	0.0	1.0000000000000004	[[5.551115123125783e-17, 0.0, 0.0], [0.0, -5.551115123125783e-17, 0.0], [0.0, 0.0, -5.551115123125783e-17]]	0.0	1.7926254780722346	[[-1.0000000000000002, -6.971424931209086e-17, 0.0], [6.55313943533654e-17, -0.9400000000000002, 0.0], [0.0, 0.0, 0.9400000000000004]]	[[-1.0000000000000004, -6.971424931209086e-17, 0.0], [6.55313943533654e-17, -0.9400000000000003, 0.0], [0.0, 0.0, 0.9400000000000005]]	1.0000000000000004	[[0.0, 0.0, 0.0], [0.0, 0.0, 0.0], [0.0, 0.0, 0.0]]
1	[[0.5703528252803276, 0.5739516156578184, -0.5876029250935769], [-0.5509578072563881, -0.26325551186259916, -0.7919229950551969], [-0.609215191305979, 0.7754199367811874, 0.16607459867264057]]	0.0	1.0	[[5.551115123125783e-17, 0.0, 0.0], [0.0, -5.551115123125783e-17, 0.0], [0.0, 0.0, -5.551115123125783e-17]]	0.0	1.7757585114258425	[[-1.0, 7.780722896228662e-18, 0.0], [-7.313879522454942e-18, -0.9399999999999998, 0.0], [0.0, 0.0, 0.9399999999999998]]	[[-0.9999999999999999, 7.780722896228662e-18, 0.0], [-7.313879522454942e-18, -0.9399999999999998, 0.0], [0.0, 0.0, 0.9399999999999998]]	1.0	[[0.0, 0.0, 0.0], [0.0, 0.0, 0.0], [0.0, 0.0, 0.0]]
1	[[0.8076735082395426, -0.3067057453339202, -0.5035822572998319], [0.0850908944562452, -0.7844955095899794, 0.6142689436344596], [-0.5834578337537903, -0.5389790174137795, -0.6075183742233737]]	0.0	1.0	[[5.551115123125783e-17, 0.0, 0.0], [0.0, -5.551115123125783e-17, 0.0], [0.0, 0.0, -5.551115123125783e-17]]	0.0	1.9066392318535592	[[-1.0000000000000002, 6.971424931209086e-17, 0.0], [-6.55313943533654e-17, -0.9400000000000002, 0.0], [0.0, 0.0, 0.9400000000000004]]	[[-1.0000000000000004, 6.971424931209086e-17, 0.0], [-6.55313943533654e-17, -0.9400000000000003, 0.0], [0.0, 0.0, 0.9400000000000005]]	0.8902693650128695	[[1.0, 0.0, 0.0], [0.0, -0.94, 0.0], [0.0, 0.0, -0.94]]
1	[[-0.9512982242440221, -0.26632565387263285, -0.15524926614797568], [-0.28936275749252405, 0.9451100598101759, 0.15177670908913832], [0.10630561192379806, 0.1893082695893678, -0.9761462472081662]]	0.0	1.0000000000000002	[[-5.551115123125783e-17, 0.0, 0.0], [0.0, -2.7755575615628914e-17, 0.0], [0.0, 0.0, 0.0]]	0.0	1.9841230411687663	[[0.7071067811865476, -0.7071067811865475, 0.0], [0.6646803743153545, 0.6646803743153546, 0.0], [0.0, 0.0, 0.94]]	[[0.7071067811865476, -0.7071067811865475, 0.0], [0.6646803743153545, 0.6646803743153546, 0.0], [0.0, 0.0, 0.94]]	0.37602736128100717	[[-1.0, 0.0, 0.0], [0.0, 0.94, 0.0], [0.0, 0.0, -0.94]]
1	[[0.9108526935290702, 0.369894861597951, -0.1830987767689077], [-0.28482357056054014, 0.8843967298970963, 0.3697539151928853], [0.2987020327081532, -0.28464050223177145, 0.9109099187873969]]	0.0	1.0	[[0.0, 0.0, 0.0], [0.0, -5.551115123125783e-17, 0.0], [0.0, 0.0, -5.551115123125783e-17]]	0.0	0.6023284217536802	[[0.707106781186548, 0.7071067811865478, 0.0], [-0.6646803743153549, 0.6646803743153551, 0.0], [0.0, 0.0, 0.9400000000000005]]	[[0.7071067811865479, 0.7071067811865478, 0.0], [-0.6646803743153549, 0.664680374315355, 0.0], [0.0, 0.0, 0.9400000000000005]]	0.6023284217536805	[[0.7071067811865476, 0.7071067811865475, 0.0], [-0.6646803743153545, 0.6646803743153546, 0.0], [0.0, 0.0, 0.94]]
1	[[0.8741664903139315, -0.15370841972864166, -0.46065895076156604], [0.4523572401227667, -0.08732656712286135, 0.8875511241517584], [-0.17665184550617297, -0.9842498627782785, -0.006806842160875459]]	0.0	1.0	[[1.1102230246251565e-16, 0.0, 0.0], [0.0, -5.551115123125783e-17, 0.0], [0.0, 0.0, -5.551115123125783e-17]]	0.0	1.3940454063614365	[[0.7071067811865477, -0.7071067811865475, 0.0], [0.6646803743153545, 0.6646803743153546, 0.0], [0.0, 0.0, 0.94]]	[[0.7071067811865477, -0.7071067811865476, 0.0], [0.6646803743153546, 0.6646803743153548, 0.0], [0.0, 0.0, 0.9400000000000002]]	1.0	[[0.0, 0.0, 0.0], [0.0, 0.0, 0.0], [0.0, 0.0, 0.0]]
1	[[0.31358954156160956, 0.32022056906021157, -0.893935336908623], [-0.7749177473382989, -0.45777931064204774, -0.4358217383383115], [-0.5487841873481009, 0.8293954966714284, 0.10458979786689793]]	0.0	0.9999999999999998	[[5.551115123125783e-17, 0.0, 0.0], [0.0, -5.551115123125783e-17, 0.0], [0.0, 0.0, -5.551115123125783e-17]]	0.0	1.6615019846466919	[[-1.0, 7.780722896228662e-18, 0.0], [-7.313879522454942e-18, -0.9399999999999998, 0.0], [0.0, 0.0, 0.9399999999999998]]	[[-0.9999999999999999, 7.780722896228662e-18, 0.0], [-7.313879522454942e-18, -0.9399999999999998, 0.0], [0.0, 0.0, 0.9399999999999998]]	1.0	[[0.0, 0.0, 0.0], [0.0, 0.0, 0.0], [0.0, 0.0, 0.0]]
1	[[-0.4317850840940142, 0.8067077608929694, 0.4034652769061755], [-0.8878263375968627, -0.45904284438783466, -0.032311937200791035], [0.1591415578133718, -0.3721589116645979, 0.9144242500313273]]	0.0	1.0000000000000002	[[4.163336342344337e-17, 0.0, 0.0], [0.0, -5.551115123125783e-17, 0.0], [0.0, 0.0, -5.551115123125783e-17]]	0.0	1.9566854994059752	[[1.0, -5.165461246041821e-18, 0.0], [4.855533571279311e-18, -0.94, 0.0], [0.0, 0.0, -0.94]]	[[1.0, -5.165461246041821e-18, 0.0], [4.855533571279311e-18, -0.94, 0.0], [0.0, 0.0, -0.94]]	1.0000000000000002	[[0.0, 0.0, 0.0], [0.0, 0.0, 0.0], [0.0, 0.0, 0.0]]
1	[[-0.06806473341269687, 0.662577969415037, -0.7458938439961176], [-0.9098273039671204, 0.2655430850439849, 0.3189061726295745], [0.4093671567448706, 0.700340848752355, 0.5847574082877884]]	0.0	1.0	[[0.0, 0.0, 0.0], [0.0, 0.0, 0.0], [0.0, 0.0, 0.0]]	0.0	1.7822630646072206	[[-1.0, 7.185459907134188e-18, 0.0], [-6.7543323127061354e-18, 0.94, 0.0], [0.0, 0.0, -0.94]]	[[-1.0, 7.185459907134188e-18, 0.0], [-6.7543323127061354e-18, 0.94, 0.0], [0.0, 0.0, -0.94]]	1.0	[[0.0, 0.0, 0.0], [0.0, 0.0, 0.0], [0.0, 0.0, 0.0]]
1	[[-0.7565373765452967, 0.581550495723293, 0.2990822943839241], [0.05028910555470567, 0.5077298103841723, -0.8600473507370163], [-0.6520139597834296, -0.6356173853594982, -0.4133622330067026]]	0.0	1.0	[[-6.938893903907228e-17, 0.0, 0.0], [0.0, -5.551115123125783e-17, 0.0], [0.0, 0.0, -5.551115123125783e-17]]	0.0	1.9578746010513424	[[1.0, -1.4247356721421834e-18, 0.0], [1.3392515318136522e-18, -0.94, 0.0], [0.0, 0.0, -0.94]]	[[1.0, -1.4247356721421834e-18, 0.0], [1.3392515318136522e-18, -0.94, 0.0], [0.0, 0.0, -0.94]]	1.0000000000000002	[[0.0, 0.0, 0.0], [0.0, 0.0, 0.0], [0.0, 0.0, 0.0]]
1	[[-0.13714492618686602, -0.09186257958165817, -0.9862821785340151], [0.9849622221878442, -0.11826677366833438, -0.12594598488585185], [-0.1050746881222272, -0.9887235390738337, 0.10670085846576022]]	0.0	1.0000000000000002	[[-1.3877787807814457e-17, 0.0, 0.0], [0.0, 0.0, 0.0], [0.0, 0.0, 0.0]]	0.0	1.7564823399461507	[[1.0, 4.90008965335981e-29, 0.0], [-4.6060842741582207e-29, -0.94, 0.0], [0.0, 0.0, -0.94]]	[[1.0, 4.90008965335981e-29, 0.0], [-4.6060842741582207e-29, -0.94, 0.0], [0.0, 0.0, -0.94]]	1.0000000000000002	[[0.0, 0.0, 0.0], [0.0, 0.0, 0.0], [0.0, 0.0, 0.0]]
1	[[-0.6195752977719757, 0.6381387633459072, 0.45706166882175114], [0.5448782585382363, -0.06948620364724613, 0.835631109326976], [0.5650080829183833, 0.7667793595409634, -0.304656002761875]]	0.0	1.0000000000000002	[[-5.551115123125783e-17, 0.0, 0.0], [0.0, -2.7755575615628914e-17, 0.0], [0.0, 0.0, 0.0]]	0.0	1.9040839301151207	[[0.7071067811865476, 0.7071067811865475, 0.0], [-0.6646803743153545, 0.6646803743153546, 0.0], [0.0, 0.0, 0.94]]	[[0.7071067811865476, 0.7071067811865475, 0.0], [-0.6646803743153545, 0.6646803743153546, 0.0], [0.0, 0.0, 0.94]]	1.0000000000000002	[[0.0, 0.0, 0.0], [0.0, 0.0, 0.0], [0.0, 0.0, 0.0]]
1	[[0.4811460874291297, -0.5569646813589093, -0.6769702994005047], [0.28537953366574575, -0.6306542773568745, 0.7216880934421741], [-0.8288889939650315, -0.5404308708523664, -0.14449051703620916]]	0.0	1.0000000000000002	[[5.551115123125783e-17, 0.0, 0.0], [0.0, -5.551115123125783e-17, 0.0], [0.0, 0.0, -5.551115123125783e-17]]	0.0	1.7341198620480514	[[-1.0000000000000002, 6.971424931209086e-17, 0.0], [-6.55313943533654e-17, -0.9400000000000002, 0.0], [0.0, 0.0, 0.9400000000000004]]	[[-1.0000000000000004, 6.971424931209086e-17, 0.0], [-6.55313943533654e-17, -0.9400000000000003, 0.0], [0.0, 0.0, 0.9400000000000005]]	1.0000000000000002	[[0.0, 0.0, 0.0], [0.0, 0.0, 0.0], [0.0, 0.0, 0.0]]
1	[[-0.7147397866006825, 0.47804333933038157, 0.5105111195379277], [0.6441331517519284, 0.16556701204019203, 0.7467797850358632], [0.2724693015077806, 0.8625903606266073, -0.42626089369061476]]	0.0	1.0	[[-5.551115123125783e-17, 0.0, 0.0], [0.0, -2.7755575615628914e-17, 0.0], [0.0, 0.0, 0.0]]	0.0	1.9238125260743781	[[0.7071067811865476, -0.7071067811865475, 0.0], [0.6646803743153545, 0.6646803743153546, 0.0], [0.0, 0.0, 0.94]]	[[0.7071067811865476, -0.7071067811865475, 0.0], [0.6646803743153545, 0.6646803743153546, 0.0], [0.0, 0.0, 0.94]]	1.0	[[0.0, 0.0, 0.0], [0.0, 0.0, 0.0], [0.0, 0.0, 0.0]]
1	[[-0.24698665360156102, 0.8466372453907605, -0.4713840978011963], [-0.6254476894109686, -0.5108406865688171, -0.5897940155311683], [-0.7401437568156493, 0.1491548445845619, 0.6556981405980744]]	0.0	1.0000000000000002	[[-1.3877787807814457e-17, 0.0, 0.0], [0.0, -5.551115123125783e-17, 0.0], [0.0, 0.0, -1.1102230246251565e-16]]	0.0	1.9437728644965537	[[-1.0, -1.1496735851465463e-17, 0.0], [1.0806931700377534e-17, 0.9399999999999998, 0.0], [0.0, 0.0, -0.94]]	[[-1.0, -1.1496735851465463e-17, 0.0], [1.0806931700377534e-17, 0.94, 0.0], [0.0, 0.0, -0.94]]	1.0000000000000007	[[0.0, 0.0, 0.0], [0.0, 0.0, 0.0], [0.0, 0.0, 0.0]]
1	[[0.1615105106326433, 0.7484963581880271, -0.6431699283505437], [0.2746907081173145, -0.6600677628887605, -0.6991820673251248], [-0.9478709668668996, -0.06374755033950519, -0.3122128760902104]]	0.0	1.0	[[4.163336342344337e-17, 0.0, 0.0], [0.0, -1.1102230246251565e-16, 0.0], [0.0, 0.0, -2.7755575615628914e-17]]	0.0	1.8560540710195932	[[-1.0, 3.697792839380434e-18, 0.0], [-3.475925269017607e-18, 0.94, 0.0], [0.0, 0.0, -0.94]]	[[-1.0, 3.697792839380434e-18, 0.0], [-3.475925269017607e-18, 0.94, 0.0], [0.0, 0.0, -0.94]]	1.0	[[0.0, 0.0, 0.0], [0.0, 0.0, 0.0], [0.0, 0.0, 0.0]]
1	[[-0.6025847497358183, -0.5627740937894159, -0.565841796569786], [-0.05773503450399975, -0.6764267119426086, 0.7342435353214446], [-0.7959637461446616, 0.4751128526255769, 0.37511263920767013]]	0.0	1.0	[[4.163336342344337e-17, 0.0, 0.0], [0.0, -5.551115123125783e-17, 0.0], [0.0, 0.0, -5.551115123125783e-17]]	0.0	1.818117332844658	[[1.0, 5.165461246041821e-18, 0.0], [-4.855533571279311e-18, -0.94, 0.0], [0.0, 0.0, -0.94]]	[[1.0, 5.165461246041821e-18, 0.0], [-4.855533571279311e-18, -0.94, 0.0], [0.0, 0.0, -0.94]]	1.0	[[0.0, 0.0, 0.0], [0.0, 0.0, 0.0], [0.0, 0.0, 0.0]]
1	[[0.6392458436810273, -0.42249799911284014, -0.642541976902815], [0.5964188253930831, -0.25505911223508765, 0.7610712410691811], [-0.4854372627366653, -0.869735758728762, 0.08894028297255557]]	0.0	0.9999999999999998	[[1.1102230246251565e-16, 0.0, 0.0], [0.0, -5.551115123125783e-17, 0.0], [0.0, 0.0, -5.551115123125783e-17]]	0.0	1.4550128980471615	[[1.0, -4.4962004467441664e-18, 0.0], [4.226428419939516e-18, -0.94, 0.0], [0.0, 0.0, -0.94]]	[[1.0, -4.4962004467441664e-18, 0.0], [4.226428419939516e-18, -0.94, 0.0], [0.0, 0.0, -0.94]]	0.9999999999999999	[[0.0, 0.0, 0.0], [0.0, 0.0, 0.0], [0.0, 0.0, 0.0]]
1	[[0.9585760929693858, -0.06891970183517857, 0.276372843612568], [-0.2700624667372825, 0.08852460169804383, 0.9587646525367821], [-0.09054356988390194, -0.9936868065910669, 0.06624494214297555]]	0.0	0.9999999999999999	[[-8.326672684688674e-17, 0.0, 0.0], [0.0, -5.551115123125783e-17, 0.0], [0.0, 0.0, -5.551115123125783e-17]]	0.0	1.4400887140908878	[[1.0, -8.992400893488333e-18, 0.0], [8.452856839879032e-18, -0.9400000000000001, 0.0], [0.0, 0.0, -0.9399999999999998]]	[[1.0, -8.992400893488333e-18, 0.0], [8.452856839879032e-18, -0.94, 0.0], [0.0, 0.0, -0.94]]	0.9999999999999999	[[0.0, 0.0, 0.0], [0.0, 0.0, 0.0], [0.0, 0.0, 0.0]]
1	[[-0.9645173536663985, 0.2631232422499032, 0.021735543799654512], [0.24053004160075506, 0.8417770646002551, 0.48327701435151793], [0.10886493266386094, 0.47135711822447, -0.8751976311298015]]	0.0	1.0000000000000002	[[-6.938893903907228e-17, 0.0, 0.0], [0.0, -5.551115123125783e-17, 0.0], [0.0, 0.0, -5.551115123125783e-17]]	0.0	1.9829324341922387	[[1.0, -1.4247356721421834e-18, 0.0], [1.3392515318136522e-18, -0.94, 0.0], [0.0, 0.0, -0.94]]	[[1.0, -1.4247356721421834e-18, 0.0], [1.3392515318136522e-18, -0.94, 0.0], [0.0, 0.0, -0.94]]	0.5590300090273359	[[-1.0, 0.0, 0.0], [0.0, 0.94, 0.0], [0.0, 0.0, -0.94]]
1	[[0.3502993174823247, 0.16132854553037096, 0.9226394141637744], [0.9363424150508688, -0.08505486977734195, -0.3406296389098664], [0.023521691013278723, 0.9832287473036041, -0.18085342277010252]]	0.0	1.0	[[4.163336342344337e-17, 0.0, 0.0], [0.0, -8.326672684688674e-17, 0.0], [0.0, 0.0, -2.7755575615628914e-17]]	0.0	1.8463684448343682	[[-1.0, 6.1152850274536065e-18, 0.0], [-5.74836792580639e-18, -0.94, 0.0], [0.0, 0.0, 0.94]]	[[-1.0, 6.1152850274536065e-18, 0.0], [-5.74836792580639e-18, -0.94, 0.0], [0.0, 0.0, 0.94]]	1.0	[[0.0, 0.0, 0.0], [0.0, 0.0, 0.0], [0.0, 0.0, 0.0]]
1	[[-0.15924507484483535, -0.9821037016433163, 0.10056503048355725], [0.4404411616894768, -0.16184076937647524, -0.8830736936729884], [0.8835454652859054, -0.09633215759094466, 0.45833124068362]]	0.0	1.0000000000000002	[[-1.3877787807814457e-17, 0.0, 0.0], [0.0, 0.0, 0.0], [0.0, 0.0, 0.0]]	0.0	1.8424933457929007	[[1.0, 4.90008965335981e-29, 0.0], [-4.6060842741582207e-29, -0.94, 0.0], [0.0, 0.0, -0.94]]	[[1.0, 4.90008965335981e-29, 0.0], [-4.6060842741582207e-29, -0.94, 0.0], [0.0, 0.0, -0.94]]	1.0000000000000002	[[0.0, 0.0, 0.0], [0.0, 0.0, 0.0], [0.0, 0.0, 0.0]]
1	[[-0.5196294348588592, 0.17521189697653233, -0.8362332459225404], [0.269824892373195, 0.9623103357733339, 0.033960935199249837], [0.8106662555479022, -0.20798944401507244, -0.5473213071809325]]	0.0	1.0000000000000009	[[5.551115123125783e-17, 0.0, 0.0], [0.0, -8.326672684688674e-17, 0.0], [0.0, 0.0, -2.7755575615628914e-17]]	0.0	1.7798770771923218	[[0.7071067811865481, -0.7071067811865478, 0.0], [0.6646803743153549, 0.664680374315355, 0.0], [0.0, 0.0, 0.9400000000000006]]	[[0.707106781186548, -0.7071067811865479, 0.0], [0.664680374315355, 0.6646803743153551, 0.0], [0.0, 0.0, 0.9400000000000007]]	1.0000000000000004	[[0.0, 0.0, 0.0], [0.0, 0.0, 0.0], [0.0, 0.0, 0.0]]
1	[[-0.29094534609566214, 0.7352895391304536, 0.6121275187659843], [-0.720858324577614, -0.5891471504749901, 0.36506014706395234], [0.6290580906978549, -0.3350446667722445, 0.7014492068532439]]	0.0	1.0	[[-1.3877787807814457e-17, 0.0, 0.0], [0.0, -5.551115123125783e-17, 0.0], [0.0, 0.0, -1.1102230246251565e-16]]	0.0	1.9616039261103004	[[-1.0, -1.1496735851465463e-17, 0.0], [1.0806931700377534e-17, 0.9399999999999998, 0.0], [0.0, 0.0, -0.94]]	[[-1.0, -1.1496735851465463e-17, 0.0], [1.0806931700377534e-17, 0.94, 0.0], [0.0, 0.0, -0.94]]	1.0	[[0.0, 0.0, 0.0], [0.0, 0.0, 0.0], [0.0, 0.0, 0.0]]
1	[[0.47760876960590826, -0.863333164219942, 0.1629285449315538], [0.019313472734014514, 0.19571911282807325, 0.9804697948660861], [-0.878360320692188, -0.46513425635162037, 0.11015112619370837]]	0.0	1.0000000000000002	[[-8.326672684688674e-17, 0.0, 0.0], [0.0, -5.551115123125783e-17, 0.0], [0.0, 0.0, -5.551115123125783e-17]]	0.0	1.652364622056731	[[1.0, 8.992400893488333e-18, 0.0], [-8.452856839879032e-18, -0.9400000000000001, 0.0], [0.0, 0.0, -0.9399999999999998]]	[[1.0, 8.992400893488333e-18, 0.0], [-8.452856839879032e-18, -0.94, 0.0], [0.0, 0.0, -0.94]]	1.0000000000000004	[[0.0, 0.0, 0.0], [0.0, 0.0, 0.0], [0.0, 0.0, 0.0]]
1	[[-0.18711826705519707, -0.8897379544839275, 0.41635697002093824], [-0.5914790418699325, -0.23635460037751538, -0.7709014501925726], [0.7843081646667249, -0.39051616513422527, -0.4820350896003028]]	0.0	1.0000000000000002	[[5.551115123125783e-17, 0.0, 0.0], [0.0, -5.551115123125783e-17, 0.0], [0.0, 0.0, -5.551115123125783e-17]]	0.0	1.8498089026892204	[[0.7071067811865476, -0.7071067811865475, 0.0], [0.6646803743153545, 0.6646803743153546, 0.0], [0.0, 0.0, 0.94]]	[[0.7071067811865476, -0.7071067811865475, 0.0], [0.6646803743153545, 0.6646803743153546, 0.0], [0.0, 0.0, 0.94]]	0.9999999999999999	[[0.0, 0.0, 0.0], [0.0, 0.0, 0.0], [0.0, 0.0, 0.0]]
1	[[0.2474980822640765, 0.6766944151993265, -0.6934186092928614], [-0.6725024223343065, 0.6351887809349719, 0.37983641811816093], [0.6974849039442319, 0.37231690938283457, 0.612286638558706]]	0.0	1.0000000000000002	[[0.0, 0.0, 0.0], [0.0, 0.0, 0.0], [0.0, 0.0, 0.0]]	0.0	0.9108410169878212	[[0.7071067811865477, 0.7071067811865475, 0.0], [-0.6646803743153545, 0.6646803743153545, 0.0], [0.0, 0.0, 0.9400000000000001]]	[[0.7071067811865476, 0.7071067811865475, 0.0], [-0.6646803743153545, 0.6646803743153546, 0.0], [0.0, 0.0, 0.94]]	0.910841016987821	[[0.7071067811865476, 0.7071067811865475, 0.0], [-0.6646803743153545, 0.6646803743153546, 0.0], [0.0, 0.0, 0.94]]
1	[[-0.8000941381037605, -0.5872859623158753, 0.12224798010076363], [0.31331023350144005, -0.23532960618484317, 0.9200308005910233], [-0.511552605071339, 0.7744127936182373, 0.37228854041606435]]	0.0	0.9999999999999999	[[-6.938893903907228e-17, 0.0, 0.0], [0.0, -5.551115123125783e-17, 0.0], [0.0, 0.0, -5.551115123125783e-17]]	0.0	1.9794665371232785	[[1.0, 5.165461246041821e-18, 0.0], [-4.855533571279311e-18, -0.94, 0.0], [0.0, 0.0, -0.94]]	[[1.0, 5.165461246041821e-18, 0.0], [-4.855533571279311e-18, -0.94, 0.0], [0.0, 0.0, -0.94]]	0.9999999999999999	[[0.0, 0.0, 0.0], [0.0, 0.0, 0.0], [0.0, 0.0, 0.0]]
1	[[-0.49184020816233054, 0.34209823179331383, -0.8006634807699946], [0.40688439057434317, -0.7226834063693603, -0.5587251442930801], [-0.7697650955595354, -0.6005809637028683, 0.21625032646438547]]	0.0	1.0000000000000002	[[2.7755575615628914e-17, 0.0, 0.0], [0.0, -1.1102230246251565e-16, 0.0], [0.0, 0.0, 0.0]]	0.0	1.8914916696870818	[[0.7071067811865476, -0.7071067811865475, 0.0], [0.6646803743153545, 0.6646803743153546, 0.0], [0.0, 0.0, 0.94]]	[[0.7071067811865476, -0.7071067811865475, 0.0], [0.6646803743153545, 0.6646803743153546, 0.0], [0.0, 0.0, 0.94]]	1.0000000000000002	[[0.0, 0.0, 0.0], [0.0, 0.0, 0.0], [0.0, 0.0, 0.0]]
1	[[0.5219868745328842, 0.6525362703745822, 0.5492960209768695], [-0.8484633314698179, 0.46322645744250823, 0.25599067224491256], [-0.08740525136700361, -0.5996813028358434, 0.7954512285882627]]	0.0	1.0	[[5.551115123125783e-17, 0.0, 0.0], [0.0, -5.551115123125783e-17, 0.0], [0.0, 0.0, -5.551115123125783e-17]]	0.0	0.6800857199772167	[[0.7071067811865476, 0.7071067811865476, 0.0], [-0.6646803743153546, 0.6646803743153549, 0.0], [0.0, 0.0, 0.9400000000000003]]	[[0.7071067811865477, 0.7071067811865476, 0.0], [-0.6646803743153546, 0.6646803743153548, 0.0], [0.0, 0.0, 0.9400000000000002]]	0.6800857199772166	[[0.7071067811865476, 0.7071067811865475, 0.0], [-0.6646803743153545, 0.6646803743153546, 0.0], [0.0, 0.0, 0.94]]
1	[[0.40945118502923766, -0.6319690739801498, 0.6580006205246504], [0.1566510016798315, 0.7592176555418734, 0.6317032651381553], [-0.89878261595942, -0.15557519418651922, 0.40986115722640565]]	0.0	1.0	[[0.0, 0.0, 0.0], [0.0, 0.0, 0.0], [0.0, 0.0, 0.0]]	0.0	1.0869245560218266	[[0.7071067811865478, -0.7071067811865476, 0.0], [0.6646803743153546, 0.6646803743153549, 0.0], [0.0, 0.0, 0.9400000000000003]]	[[0.7071067811865477, -0.7071067811865476, 0.0], [0.6646803743153546, 0.6646803743153548, 0.0], [0.0, 0.0, 0.9400000000000002]]	1.0	[[0.0, 0.0, 0.0], [0.0, 0.0, 0.0], [0.0, 0.0, 0.0]]
1	[[-0.025484677740626793, -0.9751658735640326, 0.22000465957918597], [0.5903656460895103, -0.19228165120071194, -0.7838980613120834], [0.8067334969602857, 0.10990580352112828, 0.5806046669073575]]	0.0	1.0	[[4.163336342344337e-17, 0.0, 0.0], [0.0, -5.551115123125783e-17, 0.0], [0.0, 0.0, -5.551115123125783e-17]]	0.0	1.9089396950472235	[[-1.0, 1.1496735851465463e-17, 0.0], [-1.0806931700377534e-17, 0.9399999999999998, 0.0], [0.0, 0.0, -0.94]]	[[-1.0, 1.1496735851465463e-17, 0.0], [-1.0806931700377534e-17, 0.94, 0.0], [0.0, 0.0, -0.94]]	1.0	[[0.0, 0.0, 0.0], [0.0, 0.0, 0.0], [0.0, 0.0, 0.0]]
1	[[-0.2320176213509193, 0.7258914686476092, -0.6474947097291828], [-0.9237427054821723, 0.04411687515891305, 0.3804643418175869], [0.30474126312519306, 0.6863929465479887, 0.6603010566991635]]	0.0	1.0	[[0.0, 0.0, 0.0], [0.0, 0.0, 0.0], [0.0, 0.0, 0.0]]	0.0	1.8111193952609657	[[-1.0, 7.185459907134188e-18, 0.0], [-6.7543323127061354e-18, 0.94, 0.0], [0.0, 0.0, -0.94]]	[[-1.0, 7.185459907134188e-18, 0.0], [-6.7543323127061354e-18, 0.94, 0.0], [0.0, 0.0, -0.94]]	1.0	[[0.0, 0.0, 0.0], [0.0, 0.0, 0.0], [0.0, 0.0, 0.0]]
1	[[0.8927277192675381, -0.09456149772016201, -0.4405625295009773], [0.010802361076342103, 0.9819421130448268, -0.18887296160180497], [0.45046701127447286, 0.16385301272170846, 0.8776284304735482]]	0.0	1.0000000000000002	[[-2.7755575615628914e-17, 0.0, 0.0], [0.0, -5.551115123125783e-17, 0.0], [0.0, 0.0, -5.551115123125783e-17]]	0.0	0.8610810446268238	[[0.707106781186548, -0.7071067811865478, 0.0], [0.6646803743153549, 0.6646803743153553, 0.0], [0.0, 0.0, 0.9400000000000005]]	[[0.7071067811865481, -0.7071067811865478, 0.0], [0.6646803743153549, 0.6646803743153552, 0.0], [0.0, 0.0, 0.9400000000000007]]	0.8610810446268234	[[0.7071067811865476, -0.7071067811865475, 0.0], [0.6646803743153545, 0.6646803743153546, 0.0], [0.0, 0.0, 0.94]]
1	[[0.6636388998000536, 0.6258191617010544, 0.4097972517232933], [0.5255804248846903, -0.7799018032406354, 0.3398799704013672], [0.5323050137376157, -0.010176155943931287, -0.8464914755625138]]	0.0	1.0000000000000002	[[2.7755575615628914e-17, 0.0, 0.0], [0.0, -8.326672684688674e-17, 0.0], [0.0, 0.0, -2.7755575615628914e-17]]	0.0	1.926230789340861	[[-1.0, -1.1496735851514463e-17, 0.0], [1.0806931700423593e-17, -0.94, 0.0], [0.0, 0.0, 0.9399999999999998]]	[[-1.0, -1.1496735851514463e-17, 0.0], [1.0806931700423593e-17, -0.94, 0.0], [0.0, 0.0, 0.94]]	0.8583501660495105	[[1.0, 0.0, 0.0], [0.0, -0.94, 0.0], [0.0, 0.0, -0.94]]
1	[[0.36085729349464246, -0.47219938071415135, -0.804244837462382], [0.6207123156518313, -0.5220097077630446, 0.5849975095667348], [-0.6960590743104084, -0.710305293415664, 0.10472896073114002]]	0.0	1.0	[[5.551115123125783e-17, 0.0, 0.0], [0.0, -5.551115123125783e-17, 0.0], [0.0, 0.0, -5.551115123125783e-17]]	0.0	1.6585625157900081	[[-1.0, -7.780722896228662e-18, 0.0], [7.313879522454942e-18, -0.9399999999999998, 0.0], [0.0, 0.0, 0.9399999999999998]]	[[-0.9999999999999999, -7.780722896228662e-18, 0.0], [7.313879522454942e-18, -0.9399999999999998, 0.0], [0.0, 0.0, 0.9399999999999998]]	1.0	[[0.0, 0.0, 0.0], [0.0, 0.0, 0.0], [0.0, 0.0, 0.0]]
1	[[0.3869015053050775, 0.33266992568480275, -0.8600220611923471], [-0.09821934144528259, 0.9422180135663794, 0.32027827880935267], [0.9168752293298802, -0.03944534770913097, 0.3972201887938044]]	0.0	1.0000000000000002	[[0.0, 0.0, 0.0], [0.0, 0.0, 0.0], [0.0, 0.0, 0.0]]	0.0	1.1657132242169888	[[0.7071067811865478, 0.7071067811865476, 0.0], [-0.6646803743153546, 0.6646803743153549, 0.0], [0.0, 0.0, 0.9400000000000003]]	[[0.7071067811865477, 0.7071067811865476, 0.0], [-0.6646803743153546, 0.6646803743153548, 0.0], [0.0, 0.0, 0.9400000000000002]]	1.0000000000000002	[[0.0, 0.0, 0.0], [0.0, 0.0, 0.0], [0.0, 0.0, 0.0]]
1	[[-0.18815607251669803, -0.094701353460129, -0.9775627581019599], [0.5341706952800498, 0.8253821112321893, -0.1827731893958255], [0.8241716815561668, -0.556575263653276, -0.10471396855323023]]	0.0	1.0000000000000002	[[5.551115123125783e-17, 0.0, 0.0], [0.0, -8.326672684688674e-17, 0.0], [0.0, 0.0, -2.7755575615628914e-17]]	0.0	1.4925108512535104	[[0.7071067811865481, -0.7071067811865478, 0.0], [0.6646803743153549, 0.664680374315355, 0.0], [0.0, 0.0, 0.9400000000000006]]	[[0.707106781186548, -0.7071067811865479, 0.0], [0.664680374315355, 0.6646803743153551, 0.0], [0.0, 0.0, 0.9400000000000007]]	1.0000000000000002	[[0.0, 0.0, 0.0], [0.0, 0.0, 0.0], [0.0, 0.0, 0.0]]
1	[[0.1819061184212672, 0.3819498911297933, -0.9061039922364578], [0.37500116339136236, -0.8787836917637228, -0.29514970869924073], [-0.9090018105240674, -0.2861005133795831, -0.30308778383152685]]	0.0	0.9999999999999998	[[4.163336342344337e-17, 0.0, 0.0], [0.0, -1.1102230246251565e-16, 0.0], [0.0, 0.0, -2.7755575615628914e-17]]	0.0	1.917913264604041	[[-1.0, 3.697792839380434e-18, 0.0], [-3.475925269017607e-18, 0.94, 0.0], [0.0, 0.0, -0.94]]	[[-1.0, 3.697792839380434e-18, 0.0], [-3.475925269017607e-18, 0.94, 0.0], [0.0, 0.0, -0.94]]	1.0	[[0.0, 0.0, 0.0], [0.0, 0.0, 0.0], [0.0, 0.0, 0.0]]
1	[[0.7897642969869093, -0.007590798991760073, 0.6133634607436602], [-0.5143281164210776, 0.5367068233976324, 0.6688889103409991], [-0.3342737558701242, -0.8437346534835993, 0.41996772572114544]]	0.0	1.0	[[-2.7755575615628914e-17, 0.0, 0.0], [0.0, -5.551115123125783e-17, 0.0], [0.0, 0.0, -5.551115123125783e-17]]	0.0	1.1327284153985242	[[0.707106781186548, 0.7071067811865478, 0.0], [-0.6646803743153549, 0.6646803743153553, 0.0], [0.0, 0.0, 0.9400000000000005]]	[[0.7071067811865481, 0.7071067811865478, 0.0], [-0.6646803743153549, 0.6646803743153552, 0.0], [0.0, 0.0, 0.9400000000000007]]	1.0	[[0.0, 0.0, 0.0], [0.0, 0.0, 0.0], [0.0, 0.0, 0.0]]
1	[[0.812626121436911, -0.10289690124222844, 0.5736296840934486], [0.42919994946164747, -0.5601840046108326, -0.7085063756666483], [0.3942412841655752, 0.8219526194939204, -0.4110568101449732]]	0.0	1.0	[[1.1102230246251565e-16, 0.0, 0.0], [0.0, -5.551115123125783e-17, 0.0], [0.0, 0.0, -5.551115123125783e-17]]	0.0	1.6536338752801336	[[0.7071067811865477, -0.7071067811865475, 0.0], [0.6646803743153545, 0.6646803743153546, 0.0], [0.0, 0.0, 0.94]]	[[0.7071067811865477, -0.7071067811865476, 0.0], [0.6646803743153546, 0.6646803743153548, 0.0], [0.0, 0.0, 0.9400000000000002]]	1.0	[[0.0, 0.0, 0.0], [0.0, 0.0, 0.0], [0.0, 0.0, 0.0]]
1	[[0.1908214313378307, 0.7355693603526292, -0.6500191516044782], [-0.7102359404809464, -0.3536447128681233, -0.6086873794564567], [-0.6776076225894507, 0.5778175604555877, 0.4549448061444663]]	0.0	1.0000000000000002	[[5.551115123125783e-17, 0.0, 0.0], [0.0, -5.551115123125783e-17, 0.0], [0.0, 0.0, -5.551115123125783e-17]]	0.0	1.6863728244188687	[[1.0, -1.4370919814365715e-17, 0.0], [1.350866462550377e-17, -0.94, 0.0], [0.0, 0.0, -0.94]]	[[1.0, -1.4370919814365715e-17, 0.0], [1.350866462550377e-17, -0.94, 0.0], [0.0, 0.0, -0.94]]	1.0000000000000002	[[0.0, 0.0, 0.0], [0.0, 0.0, 0.0], [0.0, 0.0, 0.0]]
1	[[-0.42406792397607385, 0.7503638602314814, -0.5070704814058222], [0.8963279830249412, 0.42779953306491314, -0.11654915853785763], [0.12947023866921367, -0.5039262215522743, -0.8539881852408642]]	0.0	1.0	[[5.551115123125783e-17, 0.0, 0.0], [0.0, -5.551115123125783e-17, 0.0], [0.0, 0.0, -5.551115123125783e-17]]	0.0	1.9356522434839152	[[0.7071067811865476, -0.7071067811865475, 0.0], [0.6646803743153545, 0.6646803743153546, 0.0], [0.0, 0.0, 0.94]]	[[0.7071067811865476, -0.7071067811865475, 0.0], [0.6646803743153545, 0.6646803743153546, 0.0], [0.0, 0.0, 0.94]]	1.0	[[0.0, 0.0, 0.0], [0.0, 0.0, 0.0], [0.0, 0.0, 0.0]]
1	[[-0.7516605574074957, 0.6001116991519557, 0.27362813265233776], [-0.17235384240888935, -0.5791774525471312, 0.7967732622697046], [0.6366322010743287, 0.5517421743912352, 0.5387764040427969]]	0.0	1.0	[[4.163336342344337e-17, 0.0, 0.0], [0.0, -5.551115123125783e-17, 0.0], [0.0, 0.0, -5.551115123125783e-17]]	0.0	1.92437946310795	[[1.0, -5.165461246041821e-18, 0.0], [4.855533571279311e-18, -0.94, 0.0], [0.0, 0.0, -0.94]]	[[1.0, -5.165461246041821e-18, 0.0], [4.855533571279311e-18, -0.94, 0.0], [0.0, 0.0, -0.94]]	1.0	[[0.0, 0.0, 0.0], [0.0, 0.0, 0.0], [0.0, 0.0, 0.0]]
1	[[-0.8012725389361501, -0.3975693731803693, 0.4471027978617273], [0.24628625352279082, 0.46186066621121635, 0.8520726532007934], [-0.5452571867224896, 0.7928576912131837, -0.2721603972138056]]	0.0	1.0000000000000004	[[-5.551115123125783e-17, 0.0, 0.0], [0.0, -5.551115123125783e-17, 0.0], [0.0, 0.0, -5.551115123125783e-17]]	0.0	1.7435646744938564	[[0.7071067811865477, -0.7071067811865476, 0.0], [0.6646803743153546, 0.6646803743153549, 0.0], [0.0, 0.0, 0.9400000000000003]]	[[0.7071067811865477, -0.7071067811865476, 0.0], [0.6646803743153546, 0.6646803743153548, 0.0], [0.0, 0.0, 0.9400000000000002]]	1.0000000000000004	[[0.0, 0.0, 0.0], [0.0, 0.0, 0.0], [0.0, 0.0, 0.0]]
1	[[-0.6934115991031871, 0.2893254653530719, 0.6599023634806815], [-0.6084814604022687, -0.7256457240155878, -0.321229817365412], [0.38591536193300663, -0.6242828351926089, 0.6792203435616416]]	0.0	1.0	[[4.163336342344337e-17, 0.0, 0.0], [0.0, -5.551115123125783e-17, 0.0], [0.0, 0.0, -5.551115123125783e-17]]	0.0	1.9070221478557745	[[1.0, -5.165461246041821e-18, 0.0], [4.855533571279311e-18, -0.94, 0.0], [0.0, 0.0, -0.94]]	[[1.0, -5.165461246041821e-18, 0.0], [4.855533571279311e-18, -0.94, 0.0], [0.0, 0.0, -0.94]]	0.952409784377061	[[-1.0, 0.0, 0.0], [0.0, -0.94, 0.0], [0.0, 0.0, 0.94]]
1	[[-0.769117473997542, 0.6158770506834998, -0.17074474994281302], [0.10131716253016981, -0.14628712005879352, -0.9840400962774531], [-0.6310254699839581, -0.774141806742342, 0.050113065015292675]]	0.0	1.0	[[-6.938893903907228e-17, 0.0, 0.0], [0.0, -5.551115123125783e-17, 0.0], [0.0, 0.0, -5.551115123125783e-17]]	0.0	1.9156744975979068	[[1.0, -5.165461246041821e-18, 0.0], [4.855533571279311e-18, -0.94, 0.0], [0.0, 0.0, -0.94]]	[[1.0, -5.165461246041821e-18, 0.0], [4.855533571279311e-18, -0.94, 0.0], [0.0, 0.0, -0.94]]	1.0000000000000002	[[0.0, 0.0, 0.0], [0.0, 0.0, 0.0], [0.0, 0.0, 0.0]]
1	[[0.6410706117481743, -0.24059532261480487, -0.7287951437054858], [0.1507095111660519, -0.8916404778761321, 0.42692376539250254], [-0.7525391112739002, -0.3835246392980519, -0.5353445031513707]]	0.0	1.0	[[5.551115123125783e-17, 0.0, 0.0], [0.0, -5.551115123125783e-17, 0.0], [0.0, 0.0, -5.551115123125783e-17]]	0.0	1.8152095650876698	[[-1.0000000000000002, 6.971424931209086e-17, 0.0], [-6.55313943533654e-17, -0.9400000000000002, 0.0], [0.0, 0.0, 0.9400000000000004]]	[[-1.0000000000000004, 6.971424931209086e-17, 0.0], [-6.55313943533654e-17, -0.9400000000000003, 0.0], [0.0, 0.0, 0.9400000000000005]]	0.971679266025728	[[1.0, 0.0, 0.0], [0.0, -0.94, 0.0], [0.0, 0.0, -0.94]]
1	[[0.10747355360315336, -0.01406824763964376, -0.9941084043927301], [0.8737398837897187, 0.47842353861115666, 0.08768998333850964], [0.4743712161915382, -0.8780165158532776, 0.0637098668797238]]	0.0	1.0000000000000002	[[2.7755575615628914e-17, 0.0, 0.0], [0.0, 0.0, 0.0], [0.0, 0.0, 0.0]]	0.0	1.6370666322199627	[[-1.0000000000000002, 4.694214234321958e-17, 0.0], [-4.41256138026264e-17, 0.9400000000000002, 0.0], [0.0, 0.0, -0.9400000000000003]]	[[-1.0000000000000002, 4.694214234321958e-17, 0.0], [-4.41256138026264e-17, 0.9400000000000002, 0.0], [0.0, 0.0, -0.9400000000000001]]	1.0000000000000002	[[0.0, 0.0, 0.0], [0.0, 0.0, 0.0], [0.0, 0.0, 0.0]]
1	[[-0.7770319326651175, 0.1939410723901483, 0.5988390735906202], [-0.36594319474201403, -0.9132469003617542, -0.17906891746379983], [0.5121591098874658, -0.35828335074324624, 0.7805934196106648]]	0.0	1.0000000000000002	[[-1.3877787807814457e-17, 0.0, 0.0], [0.0, -5.551115123125783e-17, 0.0], [0.0, 0.0, -1.1102230246251565e-16]]	0.0	1.9267195603510017	[[-1.0, -1.1496735851465463e-17, 0.0], [1.0806931700377534e-17, 0.9399999999999998, 0.0], [0.0, 0.0, -0.94]]	[[-1.0, -1.1496735851465463e-17, 0.0], [1.0806931700377534e-17, 0.94, 0.0], [0.0, 0.0, -0.94]]	0.7411975282123652	[[-1.0, 0.0, 0.0], [0.0, -0.94, 0.0], [0.0, 0.0, 0.94]]
