1	[[-0.8011245690937495, -0.03963348185217799, -0.5971839012487085], [0.07148815852702158, -0.9969981734291763, -0.02973357310014117], [-0.594212813716407, -0.06651187333972096, 0.8015530567093305]]	0.0	1.0	[[-5.551115123125783e-17, 0.0, 0.0], [0.0, -5.551115123125783e-17, 0.0], [0.0, 0.0, -1.6653345369377348e-16]]	0.0	1.841558270184704	[[0.7071067811865475, -0.7071067811865474, 0.0], [0.7071067811865474, 0.7071067811865475, 0.0], [0.0, 0.0, 0.9999999999999999]]	[[0.7071067811865475, -0.7071067811865474, 0.0], [0.7071067811865474, 0.7071067811865475, 0.0], [0.0, 0.0, 0.9999999999999999]]	0.6327117833324614	[[-1.0, 0.0, 0.0], [0.0, -1.0, 0.0], [0.0, 0.0, 1.0]]
1	[[0.8434013427351802, 0.37557201465901263, -0.38421327004342964], [0.4843740832070826, -0.2220497303533281, 0.8462125411309575], [0.23249929589096227, -0.89979974386248, -0.3691943910126779]]	0.0	1.0	[[2.7755575615628914e-17, 0.0, 0.0], [0.0, 2.7755575615628914e-17, 0.0], [0.0, 0.0, -8.326672684688674e-17]]	0.0	1.6890523295383157	[[0.7071067811865475, -0.7071067811865474, 0.0], [0.7071067811865474, 0.7071067811865475, 0.0], [0.0, 0.0, 0.9999999999999999]]	[[0.7071067811865475, -0.7071067811865474, 0.0], [0.7071067811865474, 0.7071067811865475, 0.0], [0.0, 0.0, 0.9999999999999999]]	1.0	[[0.0, 0.0, 0.0], [0.0, 0.0, 0.0], [0.0, 0.0, 0.0]]
1	[[0.8677758745180911, 0.35246868940790826, 0.3503296370440759], [0.30489758050525356, -0.9342923179771935, 0.18475748962043512], [0.39243151887482847, -0.05351343341511783, -0.9182231838925224]]	0.0	1.0000000000000002	[[0.0, 0.0, 0.0], [0.0, 2.7755575615628914e-17, 0.0], [0.0, 0.0, -5.551115123125783e-17]]	0.0	1.9828311976638946	[[0.7071067811865476, 0.7071067811865475, 0.0], [-0.7071067811865475, 0.7071067811865476, 0.0], [0.0, 0.0, 1.0]]	[[0.7071067811865476, 0.7071067811865475, 0.0], [-0.7071067811865475, 0.7071067811865476, 0.0], [0.0, 0.0, 1.0]]	0.5288748657406525	[[1.0, 0.0, 0.0], [0.0, -1.0, 0.0], [0.0, 0.0, -1.0]]
1	[[-0.011589893598810297, 0.9826435305367112, 0.18514147633827627], [0.11227511405049562, -0.182704212732111, 0.9767361309048049], [0.9936095677535101, 0.03210704820265742, -0.10820889207637127]]	0.0	1.0000000000000004	[[9.71445146547012e-17, 0.0, 0.0], [0.0, -1.3877787807814457e-17, 0.0], [0.0, 0.0, -5.551115123125783e-17]]	0.0	1.7501158324685056	[[-1.0, 0.0, 0.0], [0.0, 1.0, 0.0], [0.0, 0.0, -1.0]]	[[-1.0, 0.0, 0.0], [0.0, 1.0, 0.0], [0.0, 0.0, -1.0]]	1.0000000000000004	[[0.0, 0.0, 0.0], [0.0, 0.0, 0.0], [0.0, 0.0, 0.0]]
1	[[0.6153023296687069, 0.7313682018673757, -0.2941149373995541], [-0.35367086285074184, -0.07732112734721036, -0.9321686349776892], [-0.7044997969301864, 0.6775854164332626, 0.21108775322668094]]	0.0	1.0000000000000002	[[1.1102230246251565e-16, 0.0, 0.0], [0.0, 0.0, 0.0], [0.0, 0.0, -5.551115123125783e-17]]	0.0	1.586967011695821	[[1.0, 6.405272415633241e-18, 0.0], [-6.405272415633241e-18, -1.0, 0.0], [0.0, 0.0, -1.0]]	[[1.0, 6.405272415633241e-18, 0.0], [-6.405272415633241e-18, -1.0, 0.0], [0.0, 0.0, -1.0]]	1.0	[[0.0, 0.0, 0.0], [0.0, 0.0, 0.0], [0.0, 0.0, 0.0]]
1	[[0.5703528252803276, 0.5739516156578184, -0.5876029250935769], [-0.5509578072563881, -0.26325551186259916, -0.7919229950551969], [-0.609215191305979, 0.7754199367811874, 0.16607459867264057]]	0.0	1.0	[[1.1102230246251565e-16, 0.0, 0.0], [0.0, 0.0, 0.0], [0.0, 0.0, -5.551115123125783e-17]]	0.0	1.7722930668332166	[[-1.0, -4.906538933396186e-18, 0.0], [4.906538933396186e-18, -1.0, 0.0], [0.0, 0.0, 1.0]]	[[-1.0, -4.906538933396186e-18, 0.0], [4.906538933396186e-18, -1.0, 0.0], [0.0, 0.0, 1.0]]	1.0	[[0.0, 0.0, 0.0], [0.0, 0.0, 0.0], [0.0, 0.0, 0.0]]
1	[[0.2023859315102588, -0.1060602062400518, 0.9735456678446278], [0.6690322325666673, 0.7409383789188091, -0.0583625773250962], [-0.7151474019484273, 0.6631451962409777, 0.2209132005764473]]	0.0	1.0	[[5.551115123125783e-17, 0.0, 0.0], [0.0, 0.0, 0.0], [0.0, 0.0, -1.1102230246251565e-16]]	0.0	1.250592924629907	[[0.7071067811865474, -0.7071067811865474, 0.0], [0.7071067811865474, 0.7071067811865474, 0.0], [0.0, 0.0, 0.9999999999999997]]	[[0.7071067811865475, -0.7071067811865474, 0.0], [0.7071067811865474, 0.7071067811865475, 0.0], [0.0, 0.0, 0.9999999999999997]]	1.0	[[0.0, 0.0, 0.0], [0.0, 0.0, 0.0], [0.0, 0.0, 0.0]]
1	[[0.8706842278162519, 0.40148237992419594, 0.28411419190603826], [0.48700467489959137, -0.7845539150430676, -0.3837989070027929], [0.06881440298339332, 0.4725325946440084, -0.8786225156123877]]	0.0	1.0000000000000002	[[2.7755575615628914e-17, 0.0, 0.0], [0.0, 2.7755575615628914e-17, 0.0], [0.0, 0.0, -5.551115123125783e-17]]	0.0	1.9433516478617379	[[-1.0, 4.906538933397796e-18, 0.0], [-4.906538933397796e-18, 1.0, 0.0], [0.0, 0.0, -1.0]]	[[-1.0, 4.906538933397796e-18, 0.0], [-4.906538933397796e-18, 1.0, 0.0], [0.0, 0.0, -1.0]]	0.682743979488866	[[1.0, 0.0, 0.0], [0.0, -1.0, 0.0], [0.0, 0.0, -1.0]]
1	[[0.5388625488158765, 0.700060485213946, -0.46855359408041286], [-0.17010925617958866, -0.45432840348109804, -0.874441846409665], [-0.8250393896328132, 0.550909265516865, -0.12573379307880614]]	0.0	1.0000000000000004	[[5.551115123125783e-17, 0.0, 0.0], [0.0, 5.551115123125783e-17, 0.0], [0.0, 0.0, -1.1102230246251565e-16]]	0.0	1.7917220594761862	[[-1.0, -4.906538933396186e-18, 0.0], [4.906538933396186e-18, -1.0, 0.0], [0.0, 0.0, 1.0]]	[[-1.0, -4.906538933396186e-18, 0.0], [4.906538933396186e-18, -1.0, 0.0], [0.0, 0.0, 1.0]]	1.0000000000000004	[[0.0, 0.0, 0.0], [0.0, 0.0, 0.0], [0.0, 0.0, 0.0]]
1	[[0.7983197949725356, -0.14272590074337235, -0.5850767660845899], [0.4905325911139221, -0.4095002147242297, 0.7692121626676685], [-0.3493755601212979, -0.9010765180592617, -0.2569004215491415]]	0.0	1.0000000000000002	[[5.551115123125783e-17, 0.0, 0.0], [0.0, 5.551115123125783e-17, 0.0], [0.0, 0.0, -1.1102230246251565e-16]]	0.0	1.5919114566649741	[[0.7071067811865472, -0.7071067811865472, 0.0], [0.7071067811865472, 0.7071067811865472, 0.0], [0.0, 0.0, 0.9999999999999996]]	[[0.7071067811865474, -0.7071067811865472, 0.0], [0.7071067811865472, 0.7071067811865474, 0.0], [0.0, 0.0, 0.9999999999999996]]	1.0000000000000002	[[0.0, 0.0, 0.0], [0.0, 0.0, 0.0], [0.0, 0.0, 0.0]]
1	[[0.20231817389064605, -0.6994113589449509, -0.6854860374160302], [-0.8413567112351195, 0.2340817656053938, -0.48715973917256866], [0.5011848371341435, 0.6752995468603828, -0.5410954454040282]]	0.0	1.0	[[0.0, 0.0, 0.0], [0.0, 0.0, 0.0], [0.0, 0.0, -5.551115123125783e-17]]	0.0	1.7697863056636776	[[0.7071067811865476, 0.7071067811865475, 0.0], [-0.7071067811865475, 0.7071067811865476, 0.0], [0.0, 0.0, 1.0]]	[[0.7071067811865476, 0.7071067811865475, 0.0], [-0.7071067811865475, 0.7071067811865476, 0.0], [0.0, 0.0, 1.0]]	1.0	[[0.0, 0.0, 0.0], [0.0, 0.0, 0.0], [0.0, 0.0, 0.0]]
1	[[0.5366695897887676, 0.8400312153292252, -0.07958208761059785], [0.7684311562343987, -0.447598556932012, 0.45735007375165615], [0.348567510712374, -0.30659923206832285, -0.8857186920071709]]	0.0	1.0000000000000002	[[0.0, 0.0, 0.0], [0.0, 0.0, 0.0], [0.0, 0.0, -5.551115123125783e-17]]	0.0	1.9421913070929857	[[0.7071067811865476, 0.7071067811865475, 0.0], [-0.7071067811865475, 0.7071067811865476, 0.0], [0.0, 0.0, 1.0]]	[[0.7071067811865476, 0.7071067811865475, 0.0], [-0.7071067811865475, 0.7071067811865476, 0.0], [0.0, 0.0, 1.0]]	1.0000000000000002	[[0.0, 0.0, 0.0], [0.0, 0.0, 0.0], [0.0, 0.0, 0.0]]
1	[[0.511206875187014, 0.8459474298653378, 0.15179089783566851], [-0.8586320663191376, 0.5104270682068909, 0.047065727767094744], [-0.037663051523436505, -0.15439285587729631, 0.9872914162515521]]	0.0	1.0000000000000002	[[-5.551115123125783e-17, 0.0, 0.0], [0.0, -5.551115123125783e-17, 0.0], [0.0, 0.0, -1.1102230246251565e-16]]	0.0	0.29152113758812304	[[0.7071067811865475, 0.7071067811865474, 0.0], [-0.7071067811865474, 0.7071067811865475, 0.0], [0.0, 0.0, 0.9999999999999999]]	[[0.7071067811865475, 0.7071067811865474, 0.0], [-0.7071067811865474, 0.7071067811865475, 0.0], [0.0, 0.0, 0.9999999999999999]]	0.2915211375881231	[[0.7071067811865476, 0.7071067811865475, 0.0], [-0.7071067811865475, 0.7071067811865476, 0.0], [0.0, 0.0, 1.0]]
1	[[0.8076735082395426, -0.3067057453339202, -0.5035822572998319], [0.0850908944562452, -0.7844955095899794, 0.6142689436344596], [-0.5834578337537903, -0.5389790174137795, -0.6075183742233737]]	0.0	1.0000000000000002	[[5.551115123125783e-17, 0.0, 0.0], [0.0, 5.551115123125783e-17, 0.0], [0.0, 0.0, -1.1102230246251565e-16]]	0.0	1.9054386300463573	[[-1.0, 4.906538933396186e-18, 0.0], [-4.906538933396186e-18, -1.0, 0.0], [0.0, 0.0, 1.0]]	[[-1.0, 4.906538933396186e-18, 0.0], [-4.906538933396186e-18, -1.0, 0.0], [0.0, 0.0, 1.0]]	0.8946019270866258	[[1.0, 0.0, 0.0], [0.0, -1.0, 0.0], [0.0, 0.0, -1.0]]
1	[[-0.1979434622679918, 0.9682888025830232, -0.1524309041424854], [-0.9591958066328183, -0.15931265816426138, 0.2335869891210864], [0.2018954934697093, 0.19244810142210464, 0.9603134581872996]]	0.0	1.0000000000000002	[[2.7755575615628914e-17, 0.0, 0.0], [0.0, 0.0, 0.0], [0.0, 0.0, 0.0]]	0.0	1.297085356243161	[[-0.9999999999999999, 1.640327478485226e-17, 0.0], [-1.640327478485226e-17, -0.9999999999999999, 0.0], [0.0, 0.0, 0.9999999999999999]]	[[-0.9999999999999999, 1.640327478485226e-17, 0.0], [-1.640327478485226e-17, -0.9999999999999999, 0.0], [0.0, 0.0, 0.9999999999999999]]	0.9640369958572756	[[0.7071067811865476, 0.7071067811865475, 0.0], [-0.7071067811865475, 0.7071067811865476, 0.0], [0.0, 0.0, 1.0]]
1	[[-0.048811022471290655, 0.8404542750081037, 0.5396796232079825], [-0.1921970497933101, 0.5223223691777455, -0.8308066181171734], [-0.9801417132925497, -0.1442773519203538, 0.13603774324354012]]	0.0	1.0	[[5.551115123125783e-17, 0.0, 0.0], [0.0, 5.551115123125783e-17, 0.0], [0.0, 0.0, -1.1102230246251565e-16]]	0.0	1.6015318765464845	[[-1.0, 6.405272415633241e-18, 0.0], [-6.405272415633241e-18, 1.0, 0.0], [0.0, 0.0, -1.0]]	[[-1.0, 6.405272415633241e-18, 0.0], [-6.405272415633241e-18, 1.0, 0.0], [0.0, 0.0, -1.0]]	1.0	[[0.0, 0.0, 0.0], [0.0, 0.0, 0.0], [0.0, 0.0, 0.0]]
1	[[-0.13714492618686602, -0.09186257958165817, -0.9862821785340151], [0.9849622221878442, -0.11826677366833438, -0.12594598488585185], [-0.1050746881222272, -0.9887235390738337, 0.10670085846576022]]	0.0	1.0000000000000002	[[4.163336342344337e-17, 0.0, 0.0], [0.0, 4.163336342344337e-17, 0.0], [0.0, 0.0, -2.7755575615628914e-17]]	0.0	1.767930714418496	[[1.0, 1.1496735851465463e-17, 0.0], [-1.1496735851465463e-17, -1.0, 0.0], [0.0, 0.0, -1.0]]	[[1.0, 1.1496735851465463e-17, 0.0], [-1.1496735851465463e-17, -1.0, 0.0], [0.0, 0.0, -1.0]]	1.0000000000000002	[[0.0, 0.0, 0.0], [0.0, 0.0, 0.0], [0.0, 0.0, 0.0]]
1	[[0.9108526935290702, 0.369894861597951, -0.1830987767689077], [-0.28482357056054014, 0.8843967298970963, 0.3697539151928853], [0.2987020327081532, -0.28464050223177145, 0.9109099187873969]]	0.0	1.0	[[-5.551115123125783e-17, 0.0, 0.0], [0.0, -5.551115123125783e-17, 0.0], [0.0, 0.0, -1.1102230246251565e-16]]	0.0	0.5972446708340119	[[0.7071067811865475, 0.7071067811865474, 0.0], [-0.7071067811865474, 0.7071067811865475, 0.0], [0.0, 0.0, 0.9999999999999999]]	[[0.7071067811865475, 0.7071067811865474, 0.0], [-0.7071067811865474, 0.7071067811865475, 0.0], [0.0, 0.0, 0.9999999999999999]]	0.597244670834012	[[0.7071067811865476, 0.7071067811865475, 0.0], [-0.7071067811865475, 0.7071067811865476, 0.0], [0.0, 0.0, 1.0]]
1	[[-0.7147397866006825, 0.47804333933038157, 0.5105111195379277], [0.6441331517519284, 0.16556701204019203, 0.7467797850358632], [0.2724693015077806, 0.8625903606266073, -0.42626089369061476]]	0.0	0.9999999999999999	[[-2.7755575615628914e-17, 0.0, 0.0], [0.0, -2.7755575615628914e-17, 0.0], [0.0, 0.0, -5.551115123125783e-17]]	0.0	1.9227952189393678	[[0.7071067811865476, -0.7071067811865475, 0.0], [0.7071067811865475, 0.7071067811865476, 0.0], [0.0, 0.0, 1.0]]	[[0.7071067811865476, -0.7071067811865475, 0.0], [0.7071067811865475, 0.7071067811865476, 0.0], [0.0, 0.0, 1.0]]	1.0	[[0.0, 0.0, 0.0], [0.0, 0.0, 0.0], [0.0, 0.0, 0.0]]
1	[[-0.4317850840940142, 0.8067077608929694, 0.4034652769061755], [-0.8878263375968627, -0.45904284438783466, -0.032311937200791035], [0.1591415578133718, -0.3721589116645979, 0.9144242500313273]]	0.0	1.0000000000000004	[[-5.551115123125783e-17, 0.0, 0.0], [0.0, -5.551115123125783e-17, 0.0], [0.0, 0.0, -1.6653345369377348e-16]]	0.0	1.9715898381097188	[[1.0, -4.906538933396186e-18, 0.0], [4.906538933396186e-18, -1.0, 0.0], [0.0, 0.0, -1.0]]	[[1.0, -4.906538933396186e-18, 0.0], [4.906538933396186e-18, -1.0, 0.0], [0.0, 0.0, -1.0]]	1.0000000000000002	[[0.0, 0.0, 0.0], [0.0, 0.0, 0.0], [0.0, 0.0, 0.0]]
1	[[0.4811460874291297, -0.5569646813589093, -0.6769702994005047], [0.28537953366574575, -0.6306542773568745, 0.7216880934421741], [-0.8288889939650315, -0.5404308708523664, -0.14449051703620916]]	0.0	1.0000000000000002	[[5.551115123125783e-17, 0.0, 0.0], [0.0, 5.551115123125783e-17, 0.0], [0.0, 0.0, -1.1102230246251565e-16]]	0.0	1.7306017239990443	[[-1.0, 4.906538933396186e-18, 0.0], [-4.906538933396186e-18, -1.0, 0.0], [0.0, 0.0, 1.0]]	[[-1.0, 4.906538933396186e-18, 0.0], [-4.906538933396186e-18, -1.0, 0.0], [0.0, 0.0, 1.0]]	1.0000000000000002	[[0.0, 0.0, 0.0], [0.0, 0.0, 0.0], [0.0, 0.0, 0.0]]
1	[[-0.6025847497358183, -0.5627740937894159, -0.565841796569786], [-0.05773503450399975, -0.6764267119426086, 0.7342435353214446], [-0.7959637461446616, 0.4751128526255769, 0.37511263920767013]]	0.0	1.0000000000000002	[[-2.7755575615628914e-17, 0.0, 0.0], [0.0, -2.7755575615628914e-17, 0.0], [0.0, 0.0, -1.6653345369377348e-16]]	0.0	1.8571361289400574	[[-1.0, 1.6836579847294275e-18, 0.0], [-1.6836579847294275e-18, 0.9999999999999999, 0.0], [0.0, 0.0, -1.0]]	[[-1.0, 1.6836579847294275e-18, 0.0], [-1.6836579847294275e-18, 1.0, 0.0], [0.0, 0.0, -1.0]]	1.0	[[0.0, 0.0, 0.0], [0.0, 0.0, 0.0], [0.0, 0.0, 0.0]]
1	[[-0.9512982242440221, -0.26632565387263285, -0.15524926614797568], [-0.28936275749252405, 0.9451100598101759, 0.15177670908913832], [0.10630561192379806, 0.1893082695893678, -0.9761462472081662]]	0.0	1.0	[[0.0, 0.0, 0.0], [0.0, 0.0, 0.0], [0.0, 0.0, -5.551115123125783e-17]]	0.0	1.9924753656631047	[[-1.0, 1.1496735851454016e-17, 0.0], [-1.1496735851454016e-17, -1.0, 0.0], [0.0, 0.0, 1.0]]	[[-1.0, 1.1496735851454016e-17, 0.0], [-1.1496735851454016e-17, -1.0, 0.0], [0.0, 0.0, 1.0]]	0.3569950542201339	[[-1.0, 0.0, 0.0], [0.0, 1.0, 0.0], [0.0, 0.0, -1.0]]
1	[[0.31358954156160956, 0.32022056906021157, -0.893935336908623], [-0.7749177473382989, -0.45777931064204774, -0.4358217383383115], [-0.5487841873481009, 0.8293954966714284, 0.10458979786689793]]	0.0	0.9999999999999999	[[1.1102230246251565e-16, 0.0, 0.0], [0.0, 0.0, 0.0], [0.0, 0.0, -5.551115123125783e-17]]	0.0	1.6586803287712386	[[-1.0, -4.906538933396186e-18, 0.0], [4.906538933396186e-18, -1.0, 0.0], [0.0, 0.0, 1.0]]	[[-1.0, -4.906538933396186e-18, 0.0], [4.906538933396186e-18, -1.0, 0.0], [0.0, 0.0, 1.0]]	1.0	[[0.0, 0.0, 0.0], [0.0, 0.0, 0.0], [0.0, 0.0, 0.0]]
1	[[-0.6195752977719757, 0.6381387633459072, 0.45706166882175114], [0.5448782585382363, -0.06948620364724613, 0.835631109326976], [0.5650080829183833, 0.7667793595409634, -0.304656002761875]]	0.0	1.0000000000000002	[[-2.7755575615628914e-17, 0.0, 0.0], [0.0, -2.7755575615628914e-17, 0.0], [0.0, 0.0, -5.551115123125783e-17]]	0.0	1.9302722418621698	[[0.7071067811865476, 0.7071067811865475, 0.0], [-0.7071067811865475, 0.7071067811865476, 0.0], [0.0, 0.0, 1.0]]	[[0.7071067811865476, 0.7071067811865475, 0.0], [-0.7071067811865475, 0.7071067811865476, 0.0], [0.0, 0.0, 1.0]]	1.0000000000000002	[[0.0, 0.0, 0.0], [0.0, 0.0, 0.0], [0.0, 0.0, 0.0]]
1	[[-0.06806473341269687, 0.662577969415037, -0.7458938439961176], [-0.9098273039671204, 0.2655430850439849, 0.3189061726295745], [0.4093671567448706, 0.700340848752355, 0.5847574082877884]]	0.0	1.0	[[5.551115123125783e-17, 0.0, 0.0], [0.0, 5.551115123125783e-17, 0.0], [0.0, 0.0, -2.7755575615628914e-17]]	0.0	1.803094448394511	[[-1.0, 7.185459907137746e-18, 0.0], [-7.185459907137746e-18, 1.0, 0.0], [0.0, 0.0, -1.0]]	[[-1.0, 7.185459907137747e-18, 0.0], [-7.185459907137747e-18, 1.0, 0.0], [0.0, 0.0, -1.0]]	1.0	[[0.0, 0.0, 0.0], [0.0, 0.0, 0.0], [0.0, 0.0, 0.0]]
1	[[0.6392458436810273, -0.42249799911284014, -0.642541976902815], [0.5964188253930831, -0.25505911223508765, 0.7610712410691811], [-0.4854372627366653, -0.869735758728762, 0.08894028297255557]]	0.0	0.9999999999999998	[[1.1102230246251565e-16, 0.0, 0.0], [0.0, 0.0, 0.0], [0.0, 0.0, -5.551115123125783e-17]]	0.0	1.8152813689545162	[[-1.0, 4.906538933396186e-18, 0.0], [-4.906538933396186e-18, -1.0, 0.0], [0.0, 0.0, 1.0]]	[[-1.0, 4.906538933396186e-18, 0.0], [-4.906538933396186e-18, -1.0, 0.0], [0.0, 0.0, 1.0]]	0.9999999999999999	[[0.0, 0.0, 0.0], [0.0, 0.0, 0.0], [0.0, 0.0, 0.0]]
1	[[-0.7565373765452967, 0.581550495723293, 0.2990822943839241], [0.05028910555470567, 0.5077298103841723, -0.8600473507370163], [-0.6520139597834296, -0.6356173853594982, -0.4133622330067026]]	0.0	1.0	[[-6.938893903907228e-17, 0.0, 0.0], [0.0, 4.163336342344337e-17, 0.0], [0.0, 0.0, -1.1102230246251565e-16]]	0.0	1.962372277097994	[[1.0, -1.6836579847179778e-18, 0.0], [1.6836579847179778e-18, -1.0, 0.0], [0.0, 0.0, -1.0]]	[[1.0, -1.6836579847179778e-18, 0.0], [1.6836579847179778e-18, -1.0, 0.0], [0.0, 0.0, -1.0]]	1.0000000000000002	[[0.0, 0.0, 0.0], [0.0, 0.0, 0.0], [0.0, 0.0, 0.0]]
1	[[0.8741664903139315, -0.15370841972864166, -0.46065895076156604], [0.4523572401227667, -0.08732656712286135, 0.8875511241517584], [-0.17665184550617297, -0.9842498627782785, -0.006806842160875459]]	0.0	1.0	[[1.1102230246251565e-16, 0.0, 0.0], [0.0, 0.0, 0.0], [0.0, 0.0, -5.551115123125783e-17]]	0.0	1.425377178294339	[[1.0, -6.405272415633241e-18, 0.0], [6.405272415633241e-18, -1.0, 0.0], [0.0, 0.0, -1.0]]	[[1.0, -6.405272415633241e-18, 0.0], [6.405272415633241e-18, -1.0, 0.0], [0.0, 0.0, -1.0]]	1.0	[[0.0, 0.0, 0.0], [0.0, 0.0, 0.0], [0.0, 0.0, 0.0]]
1	[[-0.24698665360156102, 0.8466372453907605, -0.4713840978011963], [-0.6254476894109686, -0.5108406865688171, -0.5897940155311683], [-0.7401437568156493, 0.1491548445845619, 0.6556981405980744]]	0.0	1.0	[[-2.7755575615628914e-17, 0.0, 0.0], [0.0, -2.7755575615628914e-17, 0.0], [0.0, 0.0, -1.6653345369377348e-16]]	0.0	1.97978589083904	[[-1.0, -1.6836579847294275e-18, 0.0], [1.6836579847294275e-18, 0.9999999999999999, 0.0], [0.0, 0.0, -1.0]]	[[-1.0, -1.6836579847294275e-18, 0.0], [1.6836579847294275e-18, 1.0, 0.0], [0.0, 0.0, -1.0]]	1.0000000000000007	[[0.0, 0.0, 0.0], [0.0, 0.0, 0.0], [0.0, 0.0, 0.0]]
1	[[0.1615105106326433, 0.7484963581880271, -0.6431699283505437], [0.2746907081173145, -0.6600677628887605, -0.6991820673251248], [-0.9478709668668996, -0.06374755033950519, -0.3122128760902104]]	0.0	1.0	[[4.163336342344337e-17, 0.0, 0.0], [0.0, 4.163336342344337e-17, 0.0], [0.0, 0.0, -1.1102230246251565e-16]]	0.0	1.8733300289674517	[[-1.0, -1.6836579847179778e-18, 0.0], [1.6836579847179778e-18, 1.0, 0.0], [0.0, 0.0, -1.0]]	[[-1.0, -1.6836579847179778e-18, 0.0], [1.6836579847179778e-18, 1.0, 0.0], [0.0, 0.0, -1.0]]	1.0	[[0.0, 0.0, 0.0], [0.0, 0.0, 0.0], [0.0, 0.0, 0.0]]
1	[[0.2474980822640765, 0.6766944151993265, -0.6934186092928614], [-0.6725024223343065, 0.6351887809349719, 0.37983641811816093], [0.6974849039442319, 0.37231690938283457, 0.612286638558706]]	0.0	1.0	[[5.551115123125783e-17, 0.0, 0.0], [0.0, 0.0, 0.0], [0.0, 0.0, -1.1102230246251565e-16]]	0.0	0.8997406636545264	[[0.7071067811865474, 0.7071067811865474, 0.0], [-0.7071067811865474, 0.7071067811865474, 0.0], [0.0, 0.0, 0.9999999999999997]]	[[0.7071067811865475, 0.7071067811865474, 0.0], [-0.7071067811865474, 0.7071067811865475, 0.0], [0.0, 0.0, 0.9999999999999997]]	0.8997406636545268	[[0.7071067811865476, 0.7071067811865475, 0.0], [-0.7071067811865475, 0.7071067811865476, 0.0], [0.0, 0.0, 1.0]]
1	[[-0.9645173536663985, 0.2631232422499032, 0.021735543799654512], [0.24053004160075506, 0.8417770646002551, 0.48327701435151793], [0.10886493266386094, 0.47135711822447, -0.8751976311298015]]	0.0	1.0000000000000002	[[-2.7755575615628914e-17, 0.0, 0.0], [0.0, -2.7755575615628914e-17, 0.0], [0.0, 0.0, -5.551115123125783e-17]]	0.0	1.9864572274442631	[[0.7071067811865476, 0.7071067811865475, 0.0], [-0.7071067811865475, 0.7071067811865476, 0.0], [0.0, 0.0, 1.0]]	[[0.7071067811865476, 0.7071067811865475, 0.0], [-0.7071067811865475, 0.7071067811865476, 0.0], [0.0, 0.0, 1.0]]	0.5643650862726586	[[-1.0, 0.0, 0.0], [0.0, 1.0, 0.0], [0.0, 0.0, -1.0]]
1	[[0.40945118502923766, -0.6319690739801498, 0.6580006205246504], [0.1566510016798315, 0.7592176555418734, 0.6317032651381553], [-0.89878261595942, -0.15557519418651922, 0.40986115722640565]]	0.0	1.0	[[5.551115123125783e-17, 0.0, 0.0], [0.0, 0.0, 0.0], [0.0, 0.0, -1.1102230246251565e-16]]	0.0	1.098237942053233	[[0.7071067811865474, -0.7071067811865474, 0.0], [0.7071067811865474, 0.7071067811865474, 0.0], [0.0, 0.0, 0.9999999999999997]]	[[0.7071067811865475, -0.7071067811865474, 0.0], [0.7071067811865474, 0.7071067811865475, 0.0], [0.0, 0.0, 0.9999999999999997]]	1.0	[[0.0, 0.0, 0.0], [0.0, 0.0, 0.0], [0.0, 0.0, 0.0]]
1	[[0.3502993174823247, 0.16132854553037096, 0.9226394141637744], [0.9363424150508688, -0.08505486977734195, -0.3406296389098664], [0.023521691013278723, 0.9832287473036041, -0.18085342277010252]]	0.0	1.0	[[1.3877787807814457e-17, 0.0, 0.0], [0.0, 1.3877787807814457e-17, 0.0], [0.0, 0.0, -5.551115123125783e-17]]	0.0	1.8563668469553871	[[-1.0, 0.0, 0.0], [0.0, -1.0, 0.0], [0.0, 0.0, 1.0]]	[[-1.0, 0.0, 0.0], [0.0, -1.0, 0.0], [0.0, 0.0, 1.0]]	1.0	[[0.0, 0.0, 0.0], [0.0, 0.0, 0.0], [0.0, 0.0, 0.0]]
1	[[-0.8000941381037605, -0.5872859623158753, 0.12224798010076363], [0.31331023350144005, -0.23532960618484317, 0.9200308005910233], [-0.511552605071339, 0.7744127936182373, 0.37228854041606435]]	0.0	0.9999999999999999	[[4.163336342344337e-17, 0.0, 0.0], [0.0, 4.163336342344337e-17, 0.0], [0.0, 0.0, -1.3877787807814457e-16]]	0.0	1.9842008649163982	[[0.9999999999999999, 1.6836579847294275e-18, 0.0], [-1.6836579847294275e-18, -1.0, 0.0], [0.0, 0.0, -1.0]]	[[1.0, 1.6836579847294275e-18, 0.0], [-1.6836579847294275e-18, -1.0, 0.0], [0.0, 0.0, -1.0]]	0.9999999999999999	[[0.0, 0.0, 0.0], [0.0, 0.0, 0.0], [0.0, 0.0, 0.0]]
1	[[0.5219868745328842, 0.6525362703745822, 0.5492960209768695], [-0.8484633314698179, 0.46322645744250823, 0.25599067224491256], [-0.08740525136700361, -0.5996813028358434, 0.7954512285882627]]	0.0	1.0000000000000002	[[-5.551115123125783e-17, 0.0, 0.0], [0.0, -5.551115123125783e-17, 0.0], [0.0, 0.0, -1.1102230246251565e-16]]	0.0	0.6682295611794358	[[0.7071067811865475, 0.7071067811865474, 0.0], [-0.7071067811865474, 0.7071067811865475, 0.0], [0.0, 0.0, 0.9999999999999999]]	[[0.7071067811865475, 0.7071067811865474, 0.0], [-0.7071067811865474, 0.7071067811865475, 0.0], [0.0, 0.0, 0.9999999999999999]]	0.6682295611794359	[[0.7071067811865476, 0.7071067811865475, 0.0], [-0.7071067811865475, 0.7071067811865476, 0.0], [0.0, 0.0, 1.0]]
1	[[-0.2320176213509193, 0.7258914686476092, -0.6474947097291828], [-0.9237427054821723, 0.04411687515891305, 0.3804643418175869], [0.30474126312519306, 0.6863929465479887, 0.6603010566991635]]	0.0	1.0	[[5.551115123125783e-17, 0.0, 0.0], [0.0, 5.551115123125783e-17, 0.0], [0.0, 0.0, -2.7755575615628914e-17]]	0.0	1.839610437073385	[[-1.0, 7.185459907137746e-18, 0.0], [-7.185459907137746e-18, 1.0, 0.0], [0.0, 0.0, -1.0]]	[[-1.0, 7.185459907137747e-18, 0.0], [-7.185459907137747e-18, 1.0, 0.0], [0.0, 0.0, -1.0]]	1.0	[[0.0, 0.0, 0.0], [0.0, 0.0, 0.0], [0.0, 0.0, 0.0]]
1	[[0.47760876960590826, -0.863333164219942, 0.1629285449315538], [0.019313472734014514, 0.19571911282807325, 0.9804697948660861], [-0.878360320692188, -0.46513425635162037, 0.11015112619370837]]	0.0	1.0000000000000002	[[5.551115123125783e-17, 0.0, 0.0], [0.0, 5.551115123125783e-17, 0.0], [0.0, 0.0, -1.1102230246251565e-16]]	0.0	1.6817435801619325	[[0.9999999999999999, -8.171723920198872e-18, 0.0], [8.171723920198872e-18, -0.9999999999999999, 0.0], [0.0, 0.0, -0.9999999999999999]]	[[0.9999999999999999, -8.171723920198872e-18, 0.0], [8.171723920198872e-18, -0.9999999999999999, 0.0], [0.0, 0.0, -0.9999999999999999]]	1.0000000000000004	[[0.0, 0.0, 0.0], [0.0, 0.0, 0.0], [0.0, 0.0, 0.0]]
1	[[-0.15924507484483535, -0.9821037016433163, 0.10056503048355725], [0.4404411616894768, -0.16184076937647524, -0.8830736936729884], [0.8835454652859054, -0.09633215759094466, 0.45833124068362]]	0.0	1.0000000000000002	[[-2.7755575615628914e-17, 0.0, 0.0], [0.0, -2.7755575615628914e-17, 0.0], [0.0, 0.0, -1.6653345369377348e-16]]	0.0	1.8603566688179072	[[-1.0, -1.1443798121634188e-29, 0.0], [1.1443798121634188e-29, 1.0, 0.0], [0.0, 0.0, -1.0]]	[[-1.0, -1.1443798121634188e-29, 0.0], [1.1443798121634188e-29, 1.0, 0.0], [0.0, 0.0, -1.0]]	1.0000000000000002	[[0.0, 0.0, 0.0], [0.0, 0.0, 0.0], [0.0, 0.0, 0.0]]
1	[[-0.29094534609566214, 0.7352895391304536, 0.6121275187659843], [-0.720858324577614, -0.5891471504749901, 0.36506014706395234], [0.6290580906978549, -0.3350446667722445, 0.7014492068532439]]	0.0	1.0000000000000002	[[-5.551115123125783e-17, 0.0, 0.0], [0.0, -5.551115123125783e-17, 0.0], [0.0, 0.0, -1.6653345369377348e-16]]	0.0	1.8447892569271744	[[1.0, -4.906538933396186e-18, 0.0], [4.906538933396186e-18, -1.0, 0.0], [0.0, 0.0, -1.0]]	[[1.0, -4.906538933396186e-18, 0.0], [4.906538933396186e-18, -1.0, 0.0], [0.0, 0.0, -1.0]]	1.0	[[0.0, 0.0, 0.0], [0.0, 0.0, 0.0], [0.0, 0.0, 0.0]]
1	[[-0.025484677740626793, -0.9751658735640326, 0.22000465957918597], [0.5903656460895103, -0.19228165120071194, -0.7838980613120834], [0.8067334969602857, 0.10990580352112828, 0.5806046669073575]]	0.0	1.0	[[-5.551115123125783e-17, 0.0, 0.0], [0.0, -5.551115123125783e-17, 0.0], [0.0, 0.0, -1.6653345369377348e-16]]	0.0	1.8476492344185007	[[1.0, 4.906538933396186e-18, 0.0], [-4.906538933396186e-18, -1.0, 0.0], [0.0, 0.0, -1.0]]	[[1.0, 4.906538933396186e-18, 0.0], [-4.906538933396186e-18, -1.0, 0.0], [0.0, 0.0, -1.0]]	1.0	[[0.0, 0.0, 0.0], [0.0, 0.0, 0.0], [0.0, 0.0, 0.0]]
1	[[0.9585760929693858, -0.06891970183517857, 0.276372843612568], [-0.2700624667372825, 0.08852460169804383, 0.9587646525367821], [-0.09054356988390194, -0.9936868065910669, 0.06624494214297555]]	0.0	0.9999999999999998	[[5.551115123125783e-17, 0.0, 0.0], [0.0, 5.551115123125783e-17, 0.0], [0.0, 0.0, -1.1102230246251565e-16]]	0.0	1.4819559544303713	[[0.9999999999999999, 8.171723920198872e-18, 0.0], [-8.171723920198872e-18, -0.9999999999999999, 0.0], [0.0, 0.0, -0.9999999999999999]]	[[0.9999999999999999, 8.171723920198872e-18, 0.0], [-8.171723920198872e-18, -0.9999999999999999, 0.0], [0.0, 0.0, -0.9999999999999999]]	0.9999999999999999	[[0.0, 0.0, 0.0], [0.0, 0.0, 0.0], [0.0, 0.0, 0.0]]
1	[[-0.18711826705519707, -0.8897379544839275, 0.41635697002093824], [-0.5914790418699325, -0.23635460037751538, -0.7709014501925726], [0.7843081646667249, -0.39051616513422527, -0.4820350896003028]]	0.0	1.0	[[0.0, 0.0, 0.0], [0.0, 0.0, 0.0], [0.0, 0.0, -5.551115123125783e-17]]	0.0	1.889596445316249	[[0.7071067811865476, -0.7071067811865475, 0.0], [0.7071067811865475, 0.7071067811865476, 0.0], [0.0, 0.0, 1.0]]	[[0.7071067811865476, -0.7071067811865475, 0.0], [0.7071067811865475, 0.7071067811865476, 0.0], [0.0, 0.0, 1.0]]	0.9999999999999999	[[0.0, 0.0, 0.0], [0.0, 0.0, 0.0], [0.0, 0.0, 0.0]]
1	[[-0.5196294348588592, 0.17521189697653233, -0.8362332459225404], [0.269824892373195, 0.9623103357733339, 0.033960935199249837], [0.8106662555479022, -0.20798944401507244, -0.5473213071809325]]	0.0	1.0000000000000004	[[2.7755575615628914e-17, 0.0, 0.0], [0.0, 2.7755575615628914e-17, 0.0], [0.0, 0.0, -8.326672684688674e-17]]	0.0	1.7797182781578624	[[0.7071067811865475, -0.7071067811865474, 0.0], [0.7071067811865474, 0.7071067811865475, 0.0], [0.0, 0.0, 0.9999999999999999]]	[[0.7071067811865475, -0.7071067811865474, 0.0], [0.7071067811865474, 0.7071067811865475, 0.0], [0.0, 0.0, 0.9999999999999999]]	0.9852608396698183	[[-1.0, 0.0, 0.0], [0.0, 1.0, 0.0], [0.0, 0.0, -1.0]]
1	[[-0.49184020816233054, 0.34209823179331383, -0.8006634807699946], [0.40688439057434317, -0.7226834063693603, -0.5587251442930801], [-0.7697650955595354, -0.6005809637028683, 0.21625032646438547]]	0.0	1.0000000000000002	[[0.0, 0.0, 0.0], [0.0, 2.7755575615628914e-17, 0.0], [0.0, 0.0, -5.551115123125783e-17]]	0.0	1.8965064790506452	[[0.7071067811865477, -0.7071067811865475, 0.0], [0.7071067811865475, 0.7071067811865477, 0.0], [0.0, 0.0, 1.0]]	[[0.7071067811865476, -0.7071067811865475, 0.0], [0.7071067811865475, 0.7071067811865476, 0.0], [0.0, 0.0, 1.0]]	1.0000000000000002	[[0.0, 0.0, 0.0], [0.0, 0.0, 0.0], [0.0, 0.0, 0.0]]
1	[[-0.8012725389361501, -0.3975693731803693, 0.4471027978617273], [0.24628625352279082, 0.46186066621121635, 0.8520726532007934], [-0.5452571867224896, 0.7928576912131837, -0.2721603972138056]]	0.0	1.0000000000000002	[[-5.551115123125783e-17, 0.0, 0.0], [0.0, 5.551115123125783e-17, 0.0], [0.0, 0.0, -1.1102230246251565e-16]]	0.0	1.7483953083573274	[[0.7071067811865476, -0.7071067811865475, 0.0], [0.7071067811865475, 0.7071067811865476, 0.0], [0.0, 0.0, 1.0]]	[[0.7071067811865476, -0.7071067811865475, 0.0], [0.7071067811865475, 0.7071067811865476, 0.0], [0.0, 0.0, 1.0]]	1.0000000000000004	[[0.0, 0.0, 0.0], [0.0, 0.0, 0.0], [0.0, 0.0, 0.0]]
1	[[-0.42406792397607385, 0.7503638602314814, -0.5070704814058222], [0.8963279830249412, 0.42779953306491314, -0.11654915853785763], [0.12947023866921367, -0.5039262215522743, -0.8539881852408642]]	0.0	1.0	[[0.0, 0.0, 0.0], [0.0, 0.0, 0.0], [0.0, 0.0, -5.551115123125783e-17]]	0.0	1.9641078876501936	[[-1.0, -1.1496735851454016e-17, 0.0], [1.1496735851454016e-17, -1.0, 0.0], [0.0, 0.0, 1.0]]	[[-1.0, -1.1496735851454016e-17, 0.0], [1.1496735851454016e-17, -1.0, 0.0], [0.0, 0.0, 1.0]]	1.0	[[0.0, 0.0, 0.0], [0.0, 0.0, 0.0], [0.0, 0.0, 0.0]]
1	[[-0.7516605574074957, 0.6001116991519557, 0.27362813265233776], [-0.17235384240888935, -0.5791774525471312, 0.7967732622697046], [0.6366322010743287, 0.5517421743912352, 0.5387764040427969]]	0.0	1.0	[[4.163336342344337e-17, 0.0, 0.0], [0.0, 4.163336342344337e-17, 0.0], [0.0, 0.0, -1.3877787807814457e-16]]	0.0	1.9264629529018096	[[0.9999999999999999, -1.6836579847294275e-18, 0.0], [1.6836579847294275e-18, -1.0, 0.0], [0.0, 0.0, -1.0]]	[[1.0, -1.6836579847294275e-18, 0.0], [1.6836579847294275e-18, -1.0, 0.0], [0.0, 0.0, -1.0]]	1.0	[[0.0, 0.0, 0.0], [0.0, 0.0, 0.0], [0.0, 0.0, 0.0]]
1	[[0.1819061184212672, 0.3819498911297933, -0.9061039922364578], [0.37500116339136236, -0.8787836917637228, -0.29514970869924073], [-0.9090018105240674, -0.2861005133795831, -0.30308778383152685]]	0.0	1.0	[[0.0, 0.0, 0.0], [0.0, 2.7755575615628914e-17, 0.0], [0.0, 0.0, -5.551115123125783e-17]]	0.0	1.947033936297552	[[0.7071067811865476, 0.7071067811865475, 0.0], [-0.7071067811865475, 0.7071067811865476, 0.0], [0.0, 0.0, 1.0]]	[[0.7071067811865476, 0.7071067811865475, 0.0], [-0.7071067811865475, 0.7071067811865476, 0.0], [0.0, 0.0, 1.0]]	1.0	[[0.0, 0.0, 0.0], [0.0, 0.0, 0.0], [0.0, 0.0, 0.0]]
1	[[0.812626121436911, -0.10289690124222844, 0.5736296840934486], [0.42919994946164747, -0.5601840046108326, -0.7085063756666483], [0.3942412841655752, 0.8219526194939204, -0.4110568101449732]]	0.0	1.0	[[5.551115123125783e-17, 0.0, 0.0], [0.0, 5.551115123125783e-17, 0.0], [0.0, 0.0, -1.1102230246251565e-16]]	0.0	1.6900603498394515	[[0.7071067811865472, -0.7071067811865472, 0.0], [0.7071067811865472, 0.7071067811865472, 0.0], [0.0, 0.0, 0.9999999999999996]]	[[0.7071067811865474, -0.7071067811865472, 0.0], [0.7071067811865472, 0.7071067811865474, 0.0], [0.0, 0.0, 0.9999999999999996]]	1.0	[[0.0, 0.0, 0.0], [0.0, 0.0, 0.0], [0.0, 0.0, 0.0]]
1	[[0.6410706117481743, -0.24059532261480487, -0.7287951437054858], [0.1507095111660519, -0.8916404778761321, 0.42692376539250254], [-0.7525391112739002, -0.3835246392980519, -0.5353445031513707]]	0.0	1.0	[[5.551115123125783e-17, 0.0, 0.0], [0.0, 5.551115123125783e-17, 0.0], [0.0, 0.0, -1.1102230246251565e-16]]	0.0	1.8535991619478946	[[0.7071067811865476, -0.7071067811865475, 0.0], [0.7071067811865475, 0.7071067811865476, 0.0], [0.0, 0.0, 1.0]]	[[0.7071067811865476, -0.7071067811865475, 0.0], [0.7071067811865475, 0.7071067811865476, 0.0], [0.0, 0.0, 1.0]]	0.9653726778940469	[[1.0, 0.0, 0.0], [0.0, -1.0, 0.0], [0.0, 0.0, -1.0]]
1	[[0.6636388998000536, 0.6258191617010544, 0.4097972517232933], [0.5255804248846903, -0.7799018032406354, 0.3398799704013672], [0.5323050137376157, -0.010176155943931287, -0.8464914755625138]]	0.0	1.0000000000000002	[[0.0, 0.0, 0.0], [0.0, 0.0, 0.0], [0.0, 0.0, -5.551115123125783e-17]]	0.0	1.9641339751771931	[[0.7071067811865476, 0.7071067811865475, 0.0], [-0.7071067811865475, 0.7071067811865476, 0.0], [0.0, 0.0, 1.0]]	[[0.7071067811865476, 0.7071067811865475, 0.0], [-0.7071067811865475, 0.7071067811865476, 0.0], [0.0, 0.0, 1.0]]	0.8425958826132477	[[1.0, 0.0, 0.0], [0.0, -1.0, 0.0], [0.0, 0.0, -1.0]]
1	[[0.3869015053050775, 0.33266992568480275, -0.8600220611923471], [-0.09821934144528259, 0.9422180135663794, 0.32027827880935267], [0.9168752293298802, -0.03944534770913097, 0.3972201887938044]]	0.0	1.0000000000000002	[[5.551115123125783e-17, 0.0, 0.0], [0.0, 0.0, 0.0], [0.0, 0.0, -1.1102230246251565e-16]]	0.0	1.1654465511882568	[[0.7071067811865474, 0.7071067811865474, 0.0], [-0.7071067811865474, 0.7071067811865474, 0.0], [0.0, 0.0, 0.9999999999999997]]	[[0.7071067811865475, 0.7071067811865474, 0.0], [-0.7071067811865474, 0.7071067811865475, 0.0], [0.0, 0.0, 0.9999999999999997]]	1.0000000000000002	[[0.0, 0.0, 0.0], [0.0, 0.0, 0.0], [0.0, 0.0, 0.0]]
1	[[0.8927277192675381, -0.09456149772016201, -0.4405625295009773], [0.010802361076342103, 0.9819421130448268, -0.18887296160180497], [0.45046701127447286, 0.16385301272170846, 0.8776284304735482]]	0.0	1.0000000000000002	[[2.7755575615628914e-17, 0.0, 0.0], [0.0, 0.0, 0.0], [0.0, 0.0, -1.1102230246251565e-16]]	0.0	0.8498684130884857	[[0.7071067811865476, -0.7071067811865475, 0.0], [0.7071067811865475, 0.7071067811865476, 0.0], [0.0, 0.0, 1.0]]	[[0.7071067811865476, -0.7071067811865475, 0.0], [0.7071067811865475, 0.7071067811865476, 0.0], [0.0, 0.0, 1.0]]	0.8498684130884857	[[0.7071067811865476, -0.7071067811865475, 0.0], [0.7071067811865475, 0.7071067811865476, 0.0], [0.0, 0.0, 1.0]]
1	[[-0.6934115991031871, 0.2893254653530719, 0.6599023634806815], [-0.6084814604022687, -0.7256457240155878, -0.321229817365412], [0.38591536193300663, -0.6242828351926089, 0.6792203435616416]]	0.0	1.0	[[-2.7755575615628914e-17, 0.0, 0.0], [0.0, -2.7755575615628914e-17, 0.0], [0.0, 0.0, -1.6653345369377348e-16]]	0.0	1.9265135526318113	[[-1.0, -1.6836579847294275e-18, 0.0], [1.6836579847294275e-18, 0.9999999999999999, 0.0], [0.0, 0.0, -1.0]]	[[-1.0, -1.6836579847294275e-18, 0.0], [1.6836579847294275e-18, 1.0, 0.0], [0.0, 0.0, -1.0]]	0.9495906135380575	[[-1.0, 0.0, 0.0], [0.0, -1.0, 0.0], [0.0, 0.0, 1.0]]
1	[[0.36085729349464246, -0.47219938071415135, -0.804244837462382], [0.6207123156518313, -0.5220097077630446, 0.5849975095667348], [-0.6960590743104084, -0.710305293415664, 0.10472896073114002]]	0.0	1.0	[[5.551115123125783e-17, 0.0, 0.0], [0.0, 5.551115123125783e-17, 0.0], [0.0, 0.0, -1.1102230246251565e-16]]	0.0	1.6535170470849274	[[-1.0, 4.906538933396186e-18, 0.0], [-4.906538933396186e-18, -1.0, 0.0], [0.0, 0.0, 1.0]]	[[-1.0, 4.906538933396186e-18, 0.0], [-4.906538933396186e-18, -1.0, 0.0], [0.0, 0.0, 1.0]]	1.0	[[0.0, 0.0, 0.0], [0.0, 0.0, 0.0], [0.0, 0.0, 0.0]]
1	[[-0.18815607251669803, -0.094701353460129, -0.9775627581019599], [0.5341706952800498, 0.8253821112321893, -0.1827731893958255], [0.8241716815561668, -0.556575263653276, -0.10471396855323023]]	0.0	1.0000000000000002	[[0.0, 0.0, 0.0], [0.0, 5.551115123125783e-17, 0.0], [0.0, 0.0, -8.326672684688674e-17]]	0.0	1.4864210121180361	[[0.7071067811865475, -0.7071067811865474, 0.0], [0.7071067811865474, 0.7071067811865475, 0.0], [0.0, 0.0, 0.9999999999999997]]	[[0.7071067811865475, -0.7071067811865474, 0.0], [0.7071067811865474, 0.7071067811865475, 0.0], [0.0, 0.0, 0.9999999999999998]]	1.0000000000000002	[[0.0, 0.0, 0.0], [0.0, 0.0, 0.0], [0.0, 0.0, 0.0]]
1	[[0.7897642969869093, -0.007590798991760073, 0.6133634607436602], [-0.5143281164210776, 0.5367068233976324, 0.6688889103409991], [-0.3342737558701242, -0.8437346534835993, 0.41996772572114544]]	0.0	1.0000000000000002	[[0.0, 0.0, 0.0], [0.0, 2.7755575615628914e-17, 0.0], [0.0, 0.0, -1.1102230246251565e-16]]	0.0	1.1330305188176872	[[0.7071067811865476, 0.7071067811865475, 0.0], [-0.7071067811865475, 0.7071067811865476, 0.0], [0.0, 0.0, 1.0]]	[[0.7071067811865476, 0.7071067811865475, 0.0], [-0.7071067811865475, 0.7071067811865476, 0.0], [0.0, 0.0, 1.0]]	1.0	[[0.0, 0.0, 0.0], [0.0, 0.0, 0.0], [0.0, 0.0, 0.0]]
1	[[-0.769117473997542, 0.6158770506834998, -0.17074474994281302], [0.10131716253016981, -0.14628712005879352, -0.9840400962774531], [-0.6310254699839581, -0.774141806742342, 0.050113065015292675]]	0.0	1.0	[[-6.938893903907228e-17, 0.0, 0.0], [0.0, 4.163336342344337e-17, 0.0], [0.0, 0.0, -1.1102230246251565e-16]]	0.0	1.916492478188746	[[1.0, 0.0, 0.0], [0.0, -1.0, 0.0], [0.0, 0.0, -1.0]]	[[1.0, 0.0, 0.0], [0.0, -1.0, 0.0], [0.0, 0.0, -1.0]]	1.0000000000000002	[[0.0, 0.0, 0.0], [0.0, 0.0, 0.0], [0.0, 0.0, 0.0]]
1	[[0.1908214313378307, 0.7355693603526292, -0.6500191516044782], [-0.7102359404809464, -0.3536447128681233, -0.6086873794564567], [-0.6776076225894507, 0.5778175604555877, 0.4549448061444663]]	0.0	1.0000000000000002	[[-5.551115123125783e-17, 0.0, 0.0], [0.0, -5.551115123125783e-17, 0.0], [0.0, 0.0, -1.6653345369377348e-16]]	0.0	1.7060125034531588	[[1.0, -4.906538933396186e-18, 0.0], [4.906538933396186e-18, -1.0, 0.0], [0.0, 0.0, -1.0]]	[[1.0, -4.906538933396186e-18, 0.0], [4.906538933396186e-18, -1.0, 0.0], [0.0, 0.0, -1.0]]	1.0000000000000002	[[0.0, 0.0, 0.0], [0.0, 0.0, 0.0], [0.0, 0.0, 0.0]]
1	[[-0.20256313624476946, -0.6988351074081083, -0.686001216098471], [-0.9792274463772395, 0.15101807399161934, 0.13530391564686078], [0.009043455987288174, 0.6991588045514123, -0.7149092123633926]]	0.0	1.0000000000000004	[[0.0, 0.0, 0.0], [0.0, 0.0, 0.0], [0.0, 0.0, -5.551115123125783e-17]]	0.0	1.9139916797390333	[[-1.0, 1.1496735851454016e-17, 0.0], [-1.1496735851454016e-17, -1.0, 0.0], [0.0, 0.0, 1.0]]	[[-1.0, 1.1496735851454016e-17, 0.0], [-1.1496735851454016e-17, -1.0, 0.0], [0.0, 0.0, 1.0]]	1.0000000000000004	[[0.0, 0.0, 0.0], [0.0, 0.0, 0.0], [0.0, 0.0, 0.0]]
1	[[-0.4169555181181859, 0.006666073524116245, 0.9089024476667267], [0.9075648136314194, 0.057777291548326615, 0.41591813333816907], [-0.04974138085098273, 0.9983072413065585, -0.030140454308565906]]	0.0	1.0000000000000004	[[-1.3877787807814457e-17, 0.0, 0.0], [0.0, 1.3877787807814457e-17, 0.0], [0.0, 0.0, -8.326672684688674e-17]]	0.0	1.8559613022253312	[[1.0, 9.813077866785036e-18, 0.0], [-9.813077866785036e-18, -1.0, 0.0], [0.0, 0.0, -1.0]]	[[1.0, 9.813077866785036e-18, 0.0], [-9.813077866785036e-18, -1.0, 0.0], [0.0, 0.0, -1.0]]	1.0000000000000004	[[0.0, 0.0, 0.0], [0.0, 0.0, 0.0], [0.0, 0.0, 0.0]]
1	[[-0.7823226503571568, -0.6224952162733439, -0.021701991958272493], [0.4417313151586156, -0.5299089073369017, -0.723926788517493], [0.4391408839386216, -0.5759307733068394, 0.6895353714000408]]	0.0	1.0000000000000002	[[4.163336342344337e-17, 0.0, 0.0], [0.0, 4.163336342344337e-17, 0.0], [0.0, 0.0, -1.3877787807814457e-16]]	0.0	1.985434238251244	[[0.9999999999999999, 1.6836579847294275e-18, 0.0], [-1.6836579847294275e-18, -1.0, 0.0], [0.0, 0.0, -1.0]]	[[1.0, 1.6836579847294275e-18, 0.0], [-1.6836579847294275e-18, -1.0, 0.0], [0.0, 0.0, -1.0]]	0.9991161448529902	[[-1.0, 0.0, 0.0], [0.0, -1.0, 0.0], [0.0, 0.0, 1.0]]
