2	[[-0.8011245690937495, -0.03963348185217799, -0.5971839012487085], [0.07148815852702158, -0.9969981734291763, -0.02973357310014117], [-0.594212813716407, -0.06651187333972096, 0.8015530567093305]]	0.4274100825918776	0.5725899174081224	[[-0.3424087182427418, -0.01693974975184308, -0.25524242055525015], [0.03055475974037553, -0.42612707164931535, -0.012708428934482966], [-0.25397254778768147, -0.02842784527747064, 0.34259185816990695]]	0.7975671670288083	0.32970830478356966	[[-0.5962344792917179, -0.049634199299741874, -0.36987051697076134], [0.06903968122749969, -0.9167534648982995, 0.0], [-0.3591792337818885, 0.0, 0.5812748362301664]]	[[0.04271617371755875, -0.01802383545941259, 0.1064237553433827], [0.012023073154996747, -0.12158045618349488, 0.023714521663123565], [0.11474539666612324, 0.05304768639334016, -0.05801756443277608]]	0.6395385226738817	[[-1.0, 0.0, 0.0], [0.0, -0.98, 0.0], [0.0, 0.0, 0.98]]
2	[[-0.011589893598810297, 0.9826435305367112, 0.18514147633827627], [0.11227511405049562, -0.182704212732111, 0.9767361309048049], [0.9936095677535101, 0.03210704820265742, -0.10820889207637127]]	0.26269232441986984	0.7373076755801303	[[-0.003044576089250451, 0.258132913112836, 0.048635244765828145], [0.029493810684430688, -0.0479949943239007, 0.2565810845722535], [0.26101360691899184, 0.008434275122616882, -0.028425645382440804]]	0.6887194091688411	0.4964703669840431	[[-0.006996207004745375, 0.5525493613289142, 0.32479798531022736], [0.016174002353700895, -0.30506656006703337, 0.5144944042665882], [0.9301633834535211, 0.0, -0.030386884364030257]]	[[0.000985977666956992, -0.12421631044591369, 0.19728745711388268], [-0.06115204785952072, -0.17923462262151565, -0.15820272672402894], [0.24584518900581595, -0.02211274726828972, 0.044138679853623075]]	0.6140082021834709	[[0.0, 0.7071067811865475, 0.7071067811865476], [0.0, -0.6791053526515602, 0.6791053526515601], [0.9603999999999999, 0.0, 0.0]]
2	[[-0.1979434622679918, 0.9682888025830232, -0.1524309041424854], [-0.9591958066328183, -0.15931265816426138, 0.2335869891210864], [0.2018954934697093, 0.19244810142210464, 0.9603134581872996]]	0.3052966089506148	0.6947033910493853	[[-0.06043146779436185, 0.2956152879134483, -0.046536638133977015], [-0.29283922708464916, -0.048637614300457474, 0.07131331567365183], [0.06163800951871324, 0.058753752763152534, 0.2931804423142207]]	0.6506329504302059	0.5355952850594966	[[-0.1690864783942318, 0.6967998229519689, 0.1444812275488599], [-0.6792391100460426, -0.14504286323804216, 0.1460750014667311], [0.213896478726727, 0.0, 0.5257340905406902]]	[[-0.04029793952043828, 0.0667992224588452, 0.24365779644782906], [-0.05515471233625077, -0.0413887984157501, -0.005904390447229729], [0.0825366181319677, -0.12521307603295542, -0.0990774880975466]]	0.3431568650026752	[[1.9967346175427393e-16, 1.0, 0.0], [-0.9603999999999999, 1.7227692563318512e-16, 0.0], [0.0, 0.0, 0.9603999999999999]]
2	[[0.8434013427351802, 0.37557201465901263, -0.38421327004342964], [0.4843740832070826, -0.2220497303533281, 0.8462125411309575], [0.23249929589096227, -0.89979974386248, -0.3691943910126779]]	0.09355511595064224	0.9064448840493577	[[0.07890451041251711, 0.03513668337924021, -0.03594511702868845], [0.04531567351792465, -0.020773888270014487, 0.07916751240439436], [0.021751498585521653, -0.0841808693694125, -0.03454002405951785]]	0.36923364724812985	1.1059119614161197	[[0.3082306537968873, 0.24320136931506586, 0.33634769286188293], [0.3503312337220196, -0.4117141577021063, 0.28505107535909663], [0.42997706694544247, -0.02685397020357282, -0.009797305001724557]]	[[-0.003181500075193183, 0.10452754453819063, 0.47821215988114907], [0.17148402434699936, -0.32972592589328314, -0.02739906754979494], [0.3441305039410003, 0.3053823710157037, 0.12652168653543866]]	1.0	[[0.0, 0.0, 0.0], [0.0, 0.0, 0.0], [0.0, 0.0, 0.0]]
2	[[0.5366695897887676, 0.8400312153292252, -0.07958208761059785], [0.7684311562343987, -0.447598556932012, 0.45735007375165615], [0.348567510712374, -0.30659923206832285, -0.8857186920071709]]	0.20633545980484205	0.7936645401951579	[[0.11073396657234136, 0.17332822706537598, -0.01642060663936193], [0.15855459594999108, -0.09235545405255056, 0.0943675377593264], [0.0719218375958669, -0.0632622935246289, -0.18275517357304288]]	0.5494572174755159	0.6218133474806076	[[0.33397020105538333, 0.5433960702103444, 0.215217531491719], [0.4265513547711714, -0.46239194394081845, 0.2408469035383851], [0.374760943733287, 0.0, -0.41317463887113376]]	[[0.03909322154632068, 0.08183485604297244, 0.2589444839111308], [0.0043313098451253085, -0.21645568630289877, -0.010447395397421847], [0.18323800919489883, 0.16846316093239058, 0.07348988910517962]]	0.5256941324366191	[[0.7071067811865476, 0.7071067811865475, 0.0], [0.6791053526515601, -0.6791053526515602, 0.0], [0.0, 0.0, -0.9603999999999999]]
2	[[0.20231817389064605, -0.6994113589449509, -0.6854860374160302], [-0.8413567112351195, 0.2340817656053938, -0.48715973917256866], [0.5011848371341435, 0.6752995468603828, -0.5410954454040282]]	0.13193578214434298	0.8680642178556569	[[0.026693006514277556, -0.0922773846830399, -0.09044013649551029], [-0.11100505575919764, 0.030883760830876364, -0.06427380121696698], [0.0661242134861784, 0.08909617389674501, -0.07138985080412213]]	0.39703611032752656	0.9504691642655132	[[0.16624225140345206, -0.3141484084476768, 0.08692807033497935], [-0.3777029348368798, -0.23302703409086145, -0.19342000794924902], [0.44244201487445656, 0.024426392146026925, -0.21399903875980833]]	[[0.08591463059334185, -0.03645684297328394, 0.35909078031446934], [-0.04365393881012791, -0.3259659478054268, 0.0], [0.24345353658358135, -0.24369191324536074, 0.0008353921993475288]]	1.0	[[0.0, 0.0, 0.0], [0.0, 0.0, 0.0], [0.0, 0.0, 0.0]]
2	[[0.8706842278162519, 0.40148237992419594, 0.28411419190603826], [0.48700467489959137, -0.7845539150430676, -0.3837989070027929], [0.06881440298339332, 0.4725325946440084, -0.8786225156123877]]	0.19130616323691524	0.8086938367630849	[[0.16656725901442343, 0.07680605371052344, 0.0543527959747008], [0.09316699583348206, -0.15008999933939005, -0.07342309635322594], [0.01316461941019191, 0.09039839768572977, -0.16808590239537252]]	0.5505618614715226	0.638076710967021	[[0.39856685054720054, 0.2688636780275251, 0.37976505797323407], [0.33337871462953245, -0.6608833970269583, -0.05732832716863219], [0.29843773251467415, 0.2173632347246325, -0.3758061759278914]]	[[-0.08079867867321036, 0.04782279158844269, 0.22334261960696822], [0.0652525142714797, -0.2289379331360762, 0.15397671350156125], [0.2605511467120856, -0.04279519018854121, 0.10792987179845667]]	0.5736309743616973	[[0.7071067811865476, 0.7071067811865475, 0.0], [0.6791053526515601, -0.6791053526515602, 0.0], [0.0, 0.0, -0.9603999999999999]]
2	[[0.5703528252803276, 0.5739516156578184, -0.5876029250935769], [-0.5509578072563881, -0.26325551186259916, -0.7919229950551969], [-0.609215191305979, 0.7754199367811874, 0.16607459867264057]]	0.09686222921666618	0.9031377707833338	[[0.055245646096676246, 0.055594232955123515, -0.056916529218797585], [-0.053367001415180054, -0.02549951573258584, -0.07670742666898528], [-0.05900994150255483, 0.07510890365567216, 0.01608635584369518]]	0.3667437534600269	1.1685013079689703	[[0.20917333593983833, 0.30810224340012404, 0.23293162974713721], [-0.2729089722329475, -0.45725706442229674, -0.09863037858929109], [0.2167310530314981, 0.11547310130866104, 0.15896550048414657]]	[[2.0387042746311195e-17, 0.09760907356932884, 0.4484313320400467], [-0.07084863800163364, -0.36070974988276655, 0.19180243306855815], [0.4401569189559212, -0.16890731681420837, 0.09805867881257473]]	1.0	[[0.0, 0.0, 0.0], [0.0, 0.0, 0.0], [0.0, 0.0, 0.0]]
2	[[0.2023859315102588, -0.1060602062400518, 0.9735456678446278], [0.6690322325666673, 0.7409383789188091, -0.0583625773250962], [-0.7151474019484273, 0.6631451962409777, 0.2209132005764473]]	0.23292173993459223	0.7670782600654079	[[0.04714008330565269, -0.02470372777525457, 0.2267599508601554], [0.1558321516817529, 0.17258065640208523, -0.013593913057628589], [-0.1665733771715309, 0.15446093293771512, 0.05145548705278567]]	0.6380281421197158	0.6559400505561996	[[0.07011936953830689, -0.016238309788973865, 0.9008362366138756], [0.27474262709965813, 0.30901142005360355, 0.0], [-0.2402944379060628, 0.2588290835064637, 0.09718048811840196]]	[[-0.059008550334351574, 0.051431086551200274, 0.2796867028902696], [-0.15211876526305823, -0.1637281172731581, 0.03723696678004938], [0.21598973030083385, -0.16427621400678158, -0.04376835081510886]]	0.7437465940254924	[[0.0, 0.0, 1.0], [0.0, 0.9603999999999999, 0.0], [-0.9603999999999999, 0.0, 0.0]]
2	[[0.511206875187014, 0.8459474298653378, 0.15179089783566851], [-0.8586320663191376, 0.5104270682068909, 0.047065727767094744], [-0.037663051523436505, -0.15439285587729631, 0.9872914162515521]]	0.5146422315994341	0.48535776840056616	[[0.2630886470552183, 0.43536027312170317, 0.07811800639863016], [-0.4418883227333142, 0.26268732545075085, 0.02422201116990909], [-0.019382996884865805, -0.07945708389170159, 0.5081018576986644]]	0.8359629012895019	0.28225393633367885	[[0.4397662959346629, 0.6278284820403253, 0.19001435390895727], [-0.7145105157903939, 0.3649787365997062, 0.0], [0.06599223341626341, -0.1029246222385463, 0.7900999143215508]]	[[0.012416313394186322, -0.07935218576829992, 0.06312279456491346], [0.003274037509952152, -0.06171935623522086, -0.03934520233548239], [0.09747714723921136, 0.026142077499010246, -0.03523908242631779]]	0.2997046427382394	[[0.7071067811865476, 0.7071067811865475, 0.0], [-0.6929646455628165, 0.6929646455628166, 0.0], [0.0, 0.0, 0.98]]
2	[[-0.048811022471290655, 0.8404542750081037, 0.5396796232079825], [-0.1921970497933101, 0.5223223691777455, -0.8308066181171734], [-0.9801417132925497, -0.1442773519203538, 0.13603774324354012]]	0.14795381252149906	0.852046187478501	[[-0.007221776867700032, 0.12434841423744139, 0.07984765779378711], [-0.0284362862723046, 0.0772795858851094, -0.12292100661852894], [-0.14501570329298683, -0.02134638427712237, 0.020127302759702592]]	0.3875305659995846	1.0327388752275033	[[0.0836534773551412, 0.39761924147273703, 0.3706841474776444], [-0.11456254898382093, -0.05123635768512378, -0.09595869249039479], [0.010642949890357079, -0.055911883850615955, -0.02816467577134299]]	[[0.10256924052045888, 0.07191752058207612, 0.1615417976374124], [-0.04008031749396912, -0.25365224104681955, 0.22600426646475413], [0.3904778228024215, 0.0, -0.08088345940781827]]	0.9878745753849681	[[0.0, 0.0, 1.0], [0.0, 0.9603999999999999, 0.0], [-0.9603999999999999, 0.0, 0.0]]
2	[[0.8677758745180911, 0.35246868940790826, 0.3503296370440759], [0.30489758050525356, -0.9342923179771935, 0.18475748962043512], [0.39243151887482847, -0.05351343341511783, -0.9182231838925224]]	0.5904105077487634	0.4095894922512368	[[0.5123439946863533, 0.20810121787886424, 0.20683829888663277], [0.1800147353174762, -0.5516160018426837, 0.10908276325718796], [0.23169569231550585, -0.03159489339399935, -0.5421286162286703]]	0.8067356653886116	0.35065014280377127	[[0.5762985842502537, 0.34053175712232, 0.28264854353094065], [0.1348250479024306, -0.8159656826748249, 0.14905045632447123], [0.31656436698923046, -0.043171195313374246, -0.6348684941645356]]	[[-0.12376716328728285, 0.056182694444179185, 2.513068483731322e-05], [-0.11114670458185293, -0.06223874786402561, 0.0], [-2.4135509717755615e-05, 0.0, 0.10589489706824794]]	0.5356621071956609	[[1.0, 0.0, 0.0], [0.0, -0.98, 0.0], [0.0, 0.0, -0.98]]
2	[[0.8076735082395426, -0.3067057453339202, -0.5035822572998319], [0.0850908944562452, -0.7844955095899794, 0.6142689436344596], [-0.5834578337537903, -0.5389790174137795, -0.6075183742233737]]	0.12255294182286211	0.8774470581771379	[[0.09898276446714759, -0.03758769136464549, -0.06171548708189187], [0.010428139437951511, -0.09614223254707728, 0.07528046611282489], [-0.07150447395612144, -0.0660534641648543, -0.0744531639725169]]	0.43339913488312193	1.0065047887738907	[[0.34930211756443563, -0.20563372975377914, 0.14742322103094357], [0.03959806049657688, -0.6419842023768589, 0.08060678974703589], [0.12671288297432348, -0.11651188763564317, -0.14923205251701016]]	[[-0.0007428821745982513, -0.07270772506237497, 0.3656753356871804], [0.0027197404528091634, -0.30198452720086794, -0.1856168390097081], [0.3795830033639966, 0.11708115223164399, 0.11406588529700076]]	0.8927953520019972	[[1.0, 0.0, 0.0], [0.0, -0.98, 0.0], [0.0, 0.0, -0.98]]
2	[[0.6153023296687069, 0.7313682018673757, -0.2941149373995541], [-0.35367086285074184, -0.07732112734721036, -0.9321686349776892], [-0.7044997969301864, 0.6775854164332626, 0.21108775322668094]]	0.09490068504765407	0.9050993149523461	[[0.058392612596977755, 0.06940734337928492, -0.027911709041965563], [-0.03356360716593032, -0.007337827953907125, -0.0884634420393193], [-0.06685751334460785, 0.0643033201978166, 0.02003237238638217]]	0.3655961645333928	1.1958621618390712	[[0.2040942352037604, 0.49826399375313435, 0.30604996230636317], [-0.11825079737905236, -0.4172909020428383, -0.03990910858594106], [0.23606016889328868, 0.17962016626883026, 0.1646227601197244]]	[[-0.020857936551580084, 0.23087858428873764, 0.413577255351619], [0.011049913586394445, -0.38902259444730025, 0.30088816906023036], [0.4936225925655188, -0.06810246312293232, 0.08744988716007858]]	1.0	[[0.0, 0.0, 0.0], [0.0, 0.0, 0.0], [0.0, 0.0, 0.0]]
2	[[0.7983197949725356, -0.14272590074337235, -0.5850767660845899], [0.4905325911139221, -0.4095002147242297, 0.7692121626676685], [-0.3493755601212979, -0.9010765180592617, -0.2569004215491415]]	0.09148087858974839	0.9085191214102518	[[0.07303099623967535, -0.013056690797516937, -0.05352333660386695], [0.04487435241200741, -0.037461439425663115, 0.07036820446275877], [-0.03196118319768179, -0.08243127154865254, -0.023501476273392177]]	0.35943491785638687	1.1704055063052197	[[0.2865882641059628, -0.08320754740173528, 0.2762730783911168], [0.32218559014196163, -0.514085421329936, 0.15081800990600464], [0.2937122369087509, -0.08230366127065007, 0.002539836440615728]]	[[-0.00035574582311824335, -0.03190687499206235, 0.48657009774841187], [0.14587104854904837, -0.3668967452883596, -0.12566370059658255], [0.41929001266197885, 0.2415747029802998, 0.09487881835740254]]	1.0000000000000002	[[0.0, 0.0, 0.0], [0.0, 0.0, 0.0], [0.0, 0.0, 0.0]]
2	[[0.5388625488158765, 0.700060485213946, -0.46855359408041286], [-0.17010925617958866, -0.45432840348109804, -0.874441846409665], [-0.8250393896328132, 0.550909265516865, -0.12573379307880614]]	0.10392127855719825	0.8960787214428022	[[0.05599928503953654, 0.07275118069080583, -0.04869268856940702], [-0.017677971396596825, -0.04721438857460637, -0.09087311470280957], [-0.08573914823069245, 0.057251195241519615, -0.013066416534595754]]	0.3802275162425571	1.1619768078189416	[[0.19818184385594556, 0.431593582948953, 0.18813988618370295], [-0.002784692695280533, -0.49782559476951826, -0.04990555238220174], [0.1348666300415115, 0.16053185922447427, 0.06035835896657643]]	[[-0.006708524676448845, 0.1654113234364949, 0.36629685548742164], [0.0618955272717533, -0.325077434355454, 0.28258129897670076], [0.4485693079638714, -0.04893900247801471, 0.1081658068166865]]	1.0000000000000004	[[0.0, 0.0, 0.0], [0.0, 0.0, 0.0], [0.0, 0.0, 0.0]]
2	[[0.8741664903139315, -0.15370841972864166, -0.46065895076156604], [0.4523572401227667, -0.08732656712286135, 0.8875511241517584], [-0.17665184550617297, -0.9842498627782785, -0.006806842160875459]]	0.08426038837302686	0.9157396116269731	[[0.07365760797653768, -0.01295153114253958, -0.03881530209868064], [0.038115796736094915, -0.007358170461055538, 0.07478540242194376], [-0.014884753109162097, -0.08293327569379615, -0.0005735471640692658]]	0.3419960582331738	1.198853453631218	[[0.2979846614217767, -0.05654390155360611, 0.3270887072542804], [0.2828967989887791, -0.3928499236226595, 0.18470258830988018], [0.35273214458488444, -0.09152323919163756, 0.11230112074983585]]	[[-0.0009768325051158142, -0.00397622788916048, 0.4846322526045656], [0.1281924059535556, -0.36298458188760624, -0.11883639763044354], [0.4131463794276111, 0.24508633419507592, 0.11462903393787068]]	1.0	[[0.0, 0.0, 0.0], [0.0, 0.0, 0.0], [0.0, 0.0, 0.0]]
2	[[-0.13714492618686602, -0.09186257958165817, -0.9862821785340151], [0.9849622221878442, -0.11826677366833438, -0.12594598488585185], [-0.1050746881222272, -0.9887235390738337, 0.10670085846576022]]	0.13113321757972912	0.8688667824202712	[[-0.01798425544561823, -0.012046235635716758, -0.1293343555127103], [0.12916126538997202, -0.015508702563902355, -0.016515702239329688], [-0.013778781939654233, -0.12965449897556885, 0.013992026889134406]]	0.363148550968458	1.1819906686069248	[[0.03287090412338467, -0.09717880821809195, 0.16176456093427072], [0.5596412128717428, -0.284409346454635, -0.04573710191159241], [0.14219619411329992, -0.07751416428628552, -0.047670120129127136]]	[[0.08267488534082114, -0.06381904555478815, 0.5199315049149122], [0.201953609125555, -0.24146093896926482, 0.0], [0.18035391484834937, 0.2815393562367827, -0.08641838226805844]]	1.0000000000000002	[[0.0, 0.0, 0.0], [0.0, 0.0, 0.0], [0.0, 0.0, 0.0]]
2	[[-0.06806473341269687, 0.662577969415037, -0.7458938439961176], [-0.9098273039671204, 0.2655430850439849, 0.3189061726295745], [0.4093671567448706, 0.700340848752355, 0.5847574082877884]]	0.1452089424726205	0.8547910575273794	[[-0.009883607958538519, 0.09621224624441384, -0.10831045628351402], [-0.13211506064178097, 0.038559230560154104, 0.046308028075531464], [0.05944377191394613, 0.10169575401770695, 0.08491200486050011]]	0.41006230682333256	1.0047934327962036	[[0.07366385940320813, 0.3438515532382109, 0.11100516961712256], [-0.4823263195627006, -0.15576135621886433, 0.13077140080868324], [0.33496432164935147, 0.05213440894726191, 0.13008346033286974]]	[[0.10157464099973369, 0.07215330264956141, 0.4168681199314934], [-0.10924043648708975, -0.2646505662329853, 0.0], [0.16709828101684104, -0.23504897505473943, -0.1097035114416541]]	0.9234485353646916	[[1.9967346175427393e-16, 1.0, 0.0], [-0.9603999999999999, 1.7227692563318512e-16, 0.0], [0.0, 0.0, 0.9603999999999999]]
2	[[0.31358954156160956, 0.32022056906021157, -0.893935336908623], [-0.7749177473382989, -0.45777931064204774, -0.4358217383383115], [-0.5487841873481009, 0.8293954966714284, 0.10458979786689793]]	0.11728842656892158	0.8827115734310784	[[0.036780423918230595, 0.037558166700076924, -0.10484826912037123], [-0.09088888330564221, -0.05369221506101131, -0.0511168459542328], [-0.06436603385996302, 0.09727849280794107, 0.012267172826969985]]	0.3964332326906441	1.1309767119659446	[[0.16923093599072533, 0.09067207492812923, 0.10055288815049289], [-0.4823549221058115, -0.445234965030116, -0.12432334585575902], [0.12565486630376657, 0.054108666361907844, 0.14408292861115668]]	[[0.04491362029147929, -0.03627400043844804, 0.45493856357757834], [-0.17515177445913793, -0.26375603305339446, 0.04845087475055383], [0.34321115574368233, -0.27469127156260886, 0.10262005693632134]]	1.0	[[0.0, 0.0, 0.0], [0.0, 0.0, 0.0], [0.0, 0.0, 0.0]]
2	[[-0.7147397866006825, 0.47804333933038157, 0.5105111195379277], [0.6441331517519284, 0.16556701204019203, 0.7467797850358632], [0.2724693015077806, 0.8625903606266073, -0.42626089369061476]]	0.1263676997827975	0.8736323002172025	[[-0.0903200227759758, 0.06040923718766767, 0.06451211588954875], [0.08139762474073484, 0.020922322471429805, 0.09436884367927399], [0.03443131889296372, 0.10900355972719815, -0.05386560864304256]]	0.4752120866175758	0.8704529439670379	[[-0.2885688654004601, 0.06753167429337263, 0.6078602003936282], [0.22564091310995826, -0.2531320615634102, 0.15249904839971357], [0.520634226999096, 0.3049680045032299, -0.23719334845823642]]	[[0.0510841199786511, -0.15964029848345185, 0.3652591460365349], [-0.08045894599363122, -0.3318115068300672, -0.20237973149100366], [0.3911535216903501, -0.10494536066634737, -0.0346290197240467]]	1.0	[[0.0, 0.0, 0.0], [0.0, 0.0, 0.0], [0.0, 0.0, 0.0]]
2	[[-0.6025847497358183, -0.5627740937894159, -0.565841796569786], [-0.05773503450399975, -0.6764267119426086, 0.7342435353214446], [-0.7959637461446616, 0.4751128526255769, 0.37511263920767013]]	0.11793812847204295	0.8820618715279572	[[-0.07106771762963673, -0.06637252337407362, -0.06673432249869898], [-0.006809161916670532, -0.07977650045500898, 0.08659530839850754], [-0.09387447455189767, 0.05603392065167409, 0.04424008263436134]]	0.3839401871164163	1.1363226222904868	[[-0.3157325579853523, -0.3941468611787394, 0.17077374531241774], [-0.026408533080157726, -0.5160073856683091, 0.02984734615533206], [0.13613822965748884, 0.09713841982483971, 0.029420353788553094]]	[[-0.08437605641828332, -0.17807527030495948, 0.38802315056571046], [-0.004241733129519282, -0.25629998731452175, -0.2520582541850024], [0.4417406992901539, -0.08527649771363856, -0.11460046309857244]]	0.9882051169745375	[[0.0, 0.0, -1.0], [0.0, -0.9603999999999999, 0.0], [-0.9603999999999999, 0.0, 0.0]]
2	[[0.1615105106326433, 0.7484963581880271, -0.6431699283505437], [0.2746907081173145, -0.6600677628887605, -0.6991820673251248], [-0.9478709668668996, -0.06374755033950519, -0.3122128760902104]]	0.17149165119056736	0.8285083488094328	[[0.027697704153023674, 0.1283608763757911, -0.11029827300895365], [0.04710716310174444, -0.11319611055545747, -0.11990388720842009], [-0.16255195722360424, -0.010932172667075558, -0.05354190164366623]]	0.4700657069571438	1.0207983907777183	[[0.05269439966866254, 0.6681259689452141, 0.039609775279230305], [0.10990910608462053, -0.6124767739450506, 0.0], [0.02689921040945075, -0.026899210409450744, -0.17826910692785952]]	[[-0.023226152692880257, 0.3162834991787116, 0.3419419023429041], [-0.019213575821103394, -0.30220155434312523, 0.32866151276894207], [0.47246084655389137, 0.0030663269076748705, -0.031508540607391555]]	0.8755415512444399	[[0.0, 0.0, -1.0], [0.0, -0.9603999999999999, 0.0], [-0.9603999999999999, 0.0, 0.0]]
2	[[0.9108526935290702, 0.369894861597951, -0.1830987767689077], [-0.28482357056054014, 0.8843967298970963, 0.3697539151928853], [0.2987020327081532, -0.28464050223177145, 0.9109099187873969]]	0.2134794333226224	0.7865205666773777	[[0.1944483168549701, 0.07896494544288041, -0.039087823106691746], [-0.06080397444019006, 0.18880051273081247, 0.07893485628419813], [0.06376674067485197, -0.06076489311710521, 0.19446053327068946]]	0.0	0.598414490010392	[[0.7071067811865475, 0.7071067811865475, 0.0], [-0.6929646455628165, 0.6929646455628167, 0.0], [0.0, 0.0, 0.9800000000000001]]	[[0.7071067811865476, 0.7071067811865475, 0.0], [-0.6929646455628165, 0.6929646455628166, 0.0], [0.0, 0.0, 0.98]]	0.5984144900103919	[[0.7071067811865476, 0.7071067811865475, 0.0], [-0.6929646455628165, 0.6929646455628166, 0.0], [0.0, 0.0, 0.98]]
2	[[-0.4317850840940142, 0.8067077608929694, 0.4034652769061755], [-0.8878263375968627, -0.45904284438783466, -0.032311937200791035], [0.1591415578133718, -0.3721589116645979, 0.9144242500313273]]	0.4034017884276721	0.596598211572328	[[-0.17418287513991815, 0.3254273534827068, 0.1627586142724171], [-0.35815073239976464, -0.18517870439097806, -0.013034693254361735], [0.06419798903507996, -0.15012957054479484, 0.3688803778442703]]	0.7437801348754803	0.3907033684128772	[[-0.26311323599434355, 0.5345827903724997, 0.35643213883877034], [-0.7050380971591272, -0.4338077176896493, 0.0], [0.22411154077122755, -0.23462256021592426, 0.5572745374006013]]	[[0.05803993209032289, -0.06543041682956989, 0.05634268076392207], [-0.04469050403532897, -0.09238076897724157, 0.02403297700929241], [0.10574521143650381, 0.042181845297082375, -0.12285605462110942]]	0.5217565754569262	[[-0.7071067811865476, 0.7071067811865475, 0.0], [-0.6791053526515601, -0.6791053526515602, 0.0], [0.0, 0.0, 0.9603999999999999]]
2	[[-0.9512982242440221, -0.26632565387263285, -0.15524926614797568], [-0.28936275749252405, 0.9451100598101759, 0.15177670908913832], [0.10630561192379806, 0.1893082695893678, -0.9761462472081662]]	0.3284688234435321	0.671531176556468	[[-0.3124718084613553, -0.08747967418037311, -0.05099454379209742], [-0.09504664450194546, 0.31043918937049475, 0.04985391706064052], [0.03491807927405466, 0.06218186458015064, -0.3206336093292857]]	0.7331520650038645	0.46467301682061024	[[-0.6320176439743299, -0.2139323420983622, 0.0798625055124971], [-0.32537698964556167, 0.5338609004758349, 0.11127540768819258], [0.2094699015763115, 0.007260026098873809, -0.7355996198082956]]	[[0.06542861356468435, -0.018675138998136994, 0.19368382557922006], [-0.11323008645470524, -0.15904849152992165, 0.0], [0.13153172267287952, -0.1315317226728795, -0.01993598292185573]]	0.3627494797417093	[[-1.0, 0.0, 0.0], [0.0, 0.98, 0.0], [0.0, 0.0, -0.98]]
2	[[-0.24698665360156102, 0.8466372453907605, -0.4713840978011963], [-0.6254476894109686, -0.5108406865688171, -0.5897940155311683], [-0.7401437568156493, 0.1491548445845619, 0.6556981405980744]]	0.1789517991516549	0.8210482008483452	[[-0.04419870602844592, 0.15150725829147774, -0.08435503239300371], [-0.11192498929533826, -0.09141585994135647, -0.10554470020818166], [-0.13245005691302533, 0.026691527790592827, 0.11733836196042016]]	0.49995728084434454	0.9106155825069512	[[-0.08428018644402221, 0.674714410944807, 0.07122460373335837], [-0.2787962132992767, -0.5006230249768919, -0.006648573292600463], [0.042179413068622815, 0.06996059090653166, 0.38228436461818327]]	[[0.03920258929545823, 0.2514319558776961, 0.30689651550330904], [0.0339009128090094, -0.24522450437528812, 0.2882232389706295], [0.41221967316009267, -0.0046104596167267226, 0.05446330519007727]]	0.8762145328166693	[[-0.7071067811865476, 0.7071067811865475, 0.0], [-0.6791053526515601, -0.6791053526515602, 0.0], [0.0, 0.0, 0.9603999999999999]]
2	[[-0.7565373765452967, 0.581550495723293, 0.2990822943839241], [0.05028910555470567, 0.5077298103841723, -0.8600473507370163], [-0.6520139597834296, -0.6356173853594982, -0.4133622330067026]]	0.10425289039475207	0.8957471096052482	[[-0.07887120819651011, 0.06062832008965417, 0.031180193655418215], [0.005242784609444856, 0.05293230027212944, -0.08966242219068304], [-0.0679743398851502, -0.06626494960888264, -0.04309420757097773]]	0.3720067812456396	1.0877067437191823	[[-0.37046783250891013, 0.44624253436381617, 0.37914740437914607], [-0.06679729027168196, 0.017105664150089267, -0.013640573317911377], [0.23964848961159912, -0.23645397763135625, -0.27469613696316453]]	[[-0.08903079816827386, 0.22990180631798784, 0.2678867627178216], [-0.0855051785608102, -0.1717732683533856, 0.30630287334860573], [0.48220210411785663, 0.0, -0.120922583173831]]	1.0000000000000002	[[0.0, 0.0, 0.0], [0.0, 0.0, 0.0], [0.0, 0.0, 0.0]]
2	[[0.4811460874291297, -0.5569646813589093, -0.6769702994005047], [0.28537953366574575, -0.6306542773568745, 0.7216880934421741], [-0.8288889939650315, -0.5404308708523664, -0.14449051703620916]]	0.11475506635746219	0.8852449336425376	[[0.055213951190563076, -0.0639145189681044, -0.07768577162973593], [0.03274874732287427, -0.0723707734467055, 0.08281736505234706], [-0.0951192115054273, -0.06201718044628438, -0.01658101887051422]]	0.40333262357547306	1.1069774266263688	[[0.18974154212356084, -0.3063032670676042, 0.08636731944808464], [0.07825954490234216, -0.5573708147710678, 0.07571734604421988], [0.06204496080681568, -0.12617975164816175, 0.06864055107152164]]	[[-0.004320371642304, -0.08166124089623777, 0.35941152638796375], [-0.03684333112580815, -0.3030073705156255, -0.21536300608699338], [0.3963629333955664, 0.09179364935390089, 0.12691829038951247]]	0.9330220253919528	[[0.0, 0.0, -1.0], [0.0, -0.9603999999999999, 0.0], [-0.9603999999999999, 0.0, 0.0]]
2	[[-0.6195752977719757, 0.6381387633459072, 0.45706166882175114], [0.5448782585382363, -0.06948620364724613, 0.835631109326976], [0.5650080829183833, 0.7667793595409634, -0.304656002761875]]	0.13540553446183246	0.8645944655381675	[[-0.08389392433416339, 0.08640752031166542, 0.06188867954882629], [0.0737795318140024, -0.009408816542579107, 0.11314907697135314], [0.07650522144281904, 0.10382616899294574, -0.04125210888097716]]	0.4888702354416891	0.7915880100123609	[[-0.24346264710991536, 0.23168641479751084, 0.6003938611514759], [0.1312997279821994, -0.34442143341380105, 0.2922738021400384], [0.6143994722635013, 0.20106189735070842, -0.17781070276995126]]	[[0.0594292745857251, -0.08028063268387124, 0.37695001550321505], [-0.13507503455644582, -0.31045169667682265, -0.11624137501904026], [0.3381838377407339, -0.17379370867991, -0.028873450971029536]]	1.0000000000000002	[[0.0, 0.0, 0.0], [0.0, 0.0, 0.0], [0.0, 0.0, 0.0]]
2	[[0.6392458436810273, -0.42249799911284014, -0.642541976902815], [0.5964188253930831, -0.25505911223508765, 0.7610712410691811], [-0.4854372627366653, -0.869735758728762, 0.08894028297255557]]	0.09334698728331377	0.9066530127166859	[[0.059671673641004064, -0.03943891535041179, -0.05997935774694241], [0.05567390050949708, -0.023808999706302097, 0.07104370746178067], [-0.045314105991526146, -0.08118721280989699, 0.008302307463613462]]	0.36019138615038093	1.1852642883175353	[[0.23025084652633912, -0.2073321171266341, 0.2485884645814964], [0.34460729743500207, -0.46061022588691347, 0.12816844748276926], [0.2543496054488122, -0.09049405561752417, 0.12503042272154846]]	[[1.9334249678736742e-17, -0.05515197718041784, 0.4800265499019274], [0.12978237399048534, -0.36874013070067174, -0.1459628577971298], [0.4291999260029784, 0.22277727290354188, 0.09299489891305654]]	0.9999999999999999	[[0.0, 0.0, 0.0], [0.0, 0.0, 0.0], [0.0, 0.0, 0.0]]
2	[[-0.9645173536663985, 0.2631232422499032, 0.021735543799654512], [0.24053004160075506, 0.8417770646002551, 0.48327701435151793], [0.10886493266386094, 0.47135711822447, -0.8751976311298015]]	0.17320397909436505	0.826796020905635	[[-0.16705824356058724, 0.045573992549893784, 0.0037646826738800265], [0.04166076029698394, 0.14579913709913858, 0.08370550189052747], [0.01885583952122083, 0.08164092845093127, -0.151587712205644]]	0.5760950261240084	0.7865177594162232	[[-0.5261078234592375, 0.07336620487047235, 0.3511370746009914], [0.005838357147273973, 0.20222245412270476, 0.17754109832286538], [0.3639995814393492, 0.11291855231253774, -0.5370361738571182]]	[[0.029545826598265976, -0.07821778624731945, 0.33861533592790993], [-0.13272980345232185, -0.2827211258987704, -0.10087238588510516], [0.3012830352123739, -0.15862793902472572, -0.0328391716877248]]	0.5619146066552438	[[-1.0, 0.0, 0.0], [0.0, 0.98, 0.0], [0.0, 0.0, -0.98]]
2	[[0.3502993174823247, 0.16132854553037096, 0.9226394141637744], [0.9363424150508688, -0.08505486977734195, -0.3406296389098664], [0.023521691013278723, 0.9832287473036041, -0.18085342277010252]]	0.15663999051146438	0.8433600094885356	[[0.05487088176660379, 0.025270501841105658, 0.1445222290801167], [0.14666866700904974, -0.013322993994876714, -0.05335622340676501], [0.0036844374571335936, 0.15401294164823556, -0.028328878426674725]]	0.5164230756046223	0.6721472963976799	[[0.09359235145581735, 0.1791657142840654, 0.7607055188865913], [0.45525605072451153, -0.3288162449499528, 0.0], [0.3295579061228557, 0.4391241532996172, -0.03634031962767735]]	[[-0.0873102994606048, 0.09585193061845093, 0.2842332349500881], [-0.028292779075117912, -0.28489194750438723, 0.1759090057679251], [0.31741076210635666, -0.06863786040579, 0.05705656119288202]]	0.7937060892555622	[[0.0, 0.0, 1.0], [0.6791053526515601, -0.6791053526515602, 0.0], [0.6791053526515602, 0.6791053526515601, 0.0]]
2	[[-0.15924507484483535, -0.9821037016433163, 0.10056503048355725], [0.4404411616894768, -0.16184076937647524, -0.8830736936729884], [0.8835454652859054, -0.09633215759094466, 0.45833124068362]]	0.2204510800456415	0.7795489199543586	[[-0.03510574874149298, -0.21650582174409155, 0.022169669584923085], [0.09709572979100216, -0.035677972404461515, -0.19467454953010427], [0.19477855209170666, -0.021236528184050692, 0.10103961702736286]]	0.5867924897664459	0.6098082030270053	[[-0.07701899685046601, -0.5623617525839906, 0.2792355015346355], [0.21663896260399593, -0.2591323858189907, -0.4064676990077293], [0.7131220559371814, 0.0, 0.12987780501909463]]	[[0.01642481710077892, 0.013929323712133915, 0.2202246969137504], [-0.041808603259397926, -0.16416543781085155, 0.11171331234989539], [0.1946642125402119, 0.056526986597364055, -0.13906752483939097]]	0.7884944051622624	[[0.0, -0.7071067811865475, 0.7071067811865476], [0.0, -0.6791053526515602, -0.6791053526515601], [0.9603999999999999, 0.0, 0.0]]
2	[[0.47760876960590826, -0.863333164219942, 0.1629285449315538], [0.019313472734014514, 0.19571911282807325, 0.9804697948660861], [-0.878360320692188, -0.46513425635162037, 0.11015112619370837]]	0.10469429838827185	0.8953057016117284	[[0.05000291503797633, -0.0903860599033335, 0.017057689699031042], [0.0020220104773286673, 0.02049067519871013, 0.10264959726439771], [-0.09195931750696609, -0.04869690462508347, 0.011532194873528287]]	0.3576337660752617	1.1432059614972512	[[0.18987211838798446, -0.4812930487870142, 0.3830992039607938], [-0.03013830033750406, -0.2933874915150596, 0.03868193643673414], [0.12705689170618875, -0.16634771582964622, 0.0606762541588205]]	[[0.019063095403251424, -0.1725359578893638, 0.32483045483575973], [-0.03704545032736156, -0.3633832549286726, -0.31196716882426356], [0.44118820116641055, 0.0, 0.02128249206073316]]	1.0000000000000004	[[0.0, 0.0, 0.0], [0.0, 0.0, 0.0], [0.0, 0.0, 0.0]]
2	[[-0.2320176213509193, 0.7258914686476092, -0.6474947097291828], [-0.9237427054821723, 0.04411687515891305, 0.3804643418175869], [0.30474126312519306, 0.6863929465479887, 0.6603010566991635]]	0.13991412203207557	0.8600858779679246	[[-0.03246254178728444, 0.10156246752640417, -0.09059365383217224], [-0.12924464962107232, 0.006172573854658039, 0.053232334349919176], [0.042637606277107096, 0.09603606648527122, 0.09238544262491523]]	0.4127676774465305	1.024779551233069	[[-0.007071515190512814, 0.3883223950930993, 0.19452971919961495], [-0.5433968142701846, -0.2204814093249891, 0.15704338272326823], [0.2792933485579121, 0.03602971492723185, 0.15208055127723608]]	[[0.08869785950117462, 0.0886978595011746, 0.4617946066934452], [-0.1621056831701339, -0.23869142942053223, 0.0], [0.15350600515560414, -0.247291107435062, -0.12047038231196744]]	0.837009186846871	[[1.9967346175427393e-16, 1.0, 0.0], [-0.9603999999999999, 1.7227692563318512e-16, 0.0], [0.0, 0.0, 0.9603999999999999]]
2	[[-0.5196294348588592, 0.17521189697653233, -0.8362332459225404], [0.269824892373195, 0.9623103357733339, 0.033960935199249837], [0.8106662555479022, -0.20798944401507244, -0.5473213071809325]]	0.3972570086531547	0.6027429913468456	[[-0.20642643490015972, 0.06960415407334195, -0.3321995178115063], [0.10718982960433486, 0.38228452538532753, 0.013491219528317618], [0.32204285169501345, -0.08262526436086047, -0.21742722526283165]]	0.6868960703552506	0.538327373831678	[[-0.2141929756273618, 0.21710103866327685, -0.4536234531028853], [0.15027893623914618, 0.6514498916945985, 0.023327632933954026], [0.6388670847658562, -0.06084351230892958, -0.26412022277636427]]	[[0.14273844121810816, 0.09674867515060777, 0.12078187742172351], [-0.035062722016029904, -0.009557296410346104, 0.0], [0.08202361946039707, 0.08202361946039706, 0.11183263234791724]]	0.6351263614741122	[[0.0, 0.0, -1.0], [0.0, 0.9603999999999999, 0.0], [0.9603999999999999, 0.0, 0.0]]
2	[[-0.29094534609566214, 0.7352895391304536, 0.6121275187659843], [-0.720858324577614, -0.5891471504749901, 0.36506014706395234], [0.6290580906978549, -0.3350446667722445, 0.7014492068532439]]	0.3766551861482769	0.623344813851723	[[-0.10958607349263651, 0.2769506182340618, 0.23056100452728476], [-0.2715150264303163, -0.22190532963088427, 0.13750179764769033], [0.23693799224988027, -0.12619631133108716, 0.2642044815808698]]	0.725691783230709	0.4039299488865078	[[-0.1385865265100797, 0.5262512527780381, 0.5390445698218571], [-0.45904401740108475, -0.5694418652463833, 0.24194395744179256], [0.5371482656579819, -0.19498783970957984, 0.34331729510229725]]	[[0.07255012052075714, -0.007342324064426909, 0.09482865916398066], [0.06407694561834529, -0.1419026190328968, -0.022977191667511918], [0.0806459780637504, 0.04815132198230897, -0.16571863066479983]]	0.8121760742969659	[[-0.7071067811865476, 0.7071067811865475, 0.0], [-0.6791053526515601, -0.6791053526515602, 0.0], [0.0, 0.0, 0.9603999999999999]]
2	[[0.40945118502923766, -0.6319690739801498, 0.6580006205246504], [0.1566510016798315, 0.7592176555418734, 0.6317032651381553], [-0.89878261595942, -0.15557519418651922, 0.40986115722640565]]	0.17615962280301062	0.8238403771969893	[[0.0721287663109962, -0.11132743369551101, 0.11591314111576934], [0.027595581367632877, 0.1337434958256424, 0.11128060891016765], [-0.15832920660931454, -0.027406067525402353, 0.07220098685860905]]	0.45113664010822624	0.8782813970931861	[[0.19665467304322745, -0.28939183867238416, 0.5077152788959127], [0.07664633691284913, 0.12853058323170813, 0.08246773557115578], [-0.11907183083899488, -0.07018567038949113, 0.13660072431891693]]	[[0.011936241140805541, -0.004287433984672406, 0.21086708976329407], [0.005975330345421845, -0.2139803190002972, -0.2025167530086676], [0.28640193871262004, 0.0, -0.04830266106307314]]	0.8388530774100381	[[0.0, 0.0, 1.0], [0.0, 0.9603999999999999, 0.0], [-0.9603999999999999, 0.0, 0.0]]
2	[[0.2474980822640765, 0.6766944151993265, -0.6934186092928614], [-0.6725024223343065, 0.6351887809349719, 0.37983641811816093], [0.6974849039442319, 0.37231690938283457, 0.612286638558706]]	0.19688407415069725	0.8031159258493029	[[0.04872843078063578, 0.1332303534194669, -0.1365230808894891], [-0.13240501678539107, 0.12505855504529198, 0.07478374150991124], [0.13732366954714811, 0.07330326999448843, 0.12054948794747344]]	0.5020819928759261	0.812233035435858	[[0.17586397306217022, 0.4012786421910916, -0.07493598284264785], [-0.35455517347349824, 0.0838174152283765, 0.1907090257756198], [0.5357377474933932, 0.0013904789241399606, 0.20116831396201962]]	[[0.05159964268605279, 0.06152256163980432, 0.27321701440836516], [-0.016903817054001916, -0.23509943375588432, 0.0], [0.18554313692019925, -0.1855431369201992, -0.10624978173683741]]	0.9032516451193369	[[0.7071067811865476, 0.7071067811865475, 0.0], [-0.6929646455628165, 0.6929646455628166, 0.0], [0.0, 0.0, 0.98]]
2	[[0.5219868745328842, 0.6525362703745822, 0.5492960209768695], [-0.8484633314698179, 0.46322645744250823, 0.25599067224491256], [-0.08740525136700361, -0.5996813028358434, 0.7954512285882627]]	0.21505518971223772	0.7849448102877623	[[0.11225598632996743, 0.14033131141952182, 0.11812895999935796], [-0.18246644271311893, 0.09961925368502642, 0.05505212258419294], [-0.01879695291457681, -0.12896457634824418, 0.17106591487088144]]	0.0	0.6718480004909618	[[0.7071067811865474, 0.7071067811865474, 0.0], [-0.6929646455628163, 0.6929646455628163, 0.0], [0.0, 0.0, 0.9799999999999996]]	[[0.7071067811865475, 0.7071067811865474, 0.0], [-0.6929646455628163, 0.6929646455628165, 0.0], [0.0, 0.0, 0.9799999999999996]]	0.6718480004909616	[[0.7071067811865476, 0.7071067811865475, 0.0], [-0.6929646455628165, 0.6929646455628166, 0.0], [0.0, 0.0, 0.98]]
