2	[[-0.8011245690937495, -0.03963348185217799, -0.5971839012487085], [0.07148815852702158, -0.9969981734291763, -0.02973357310014117], [-0.594212813716407, -0.06651187333972096, 0.8015530567093305]]	0.4117501704366524	0.5882498295633477	[[-0.32986317786534114, -0.016319092907632254, -0.24589057312118073], [0.029435261457703574, -0.4105141678344944, -0.012242803791673789], [-0.2446672273233734, -0.027386275183691144, 0.3300396077140866]]	0.7608915784150282	0.3706109239146301	[[-0.5652625561008878, -0.06374275606273122, -0.3790696955833271], [0.05259983134306266, -0.8394587821083183, 0.0], [-0.34235006977225957, -0.0013520373884330396, 0.5376976805105581]]	[[0.0443063817839147, -0.03358597349814414, 0.07532250564184706], [-0.0017949064365465547, -0.08085126825089223, 0.022624025368085034], [0.10978145597085238, 0.04925628690036767, -0.0721972899923951]]	0.6609288825187867	[[-1.0, 0.0, 0.0], [0.0, -0.9199999999999999, 0.0], [0.0, 0.0, 0.9199999999999999]]
2	[[0.5366695897887676, 0.8400312153292252, -0.07958208761059785], [0.7684311562343987, -0.447598556932012, 0.45735007375165615], [0.348567510712374, -0.30659923206832285, -0.8857186920071709]]	0.18610445804748266	0.8138955419525173	[[0.09987660315820343, 0.15633355407181365, -0.014810581285057613], [0.14300846387780325, -0.08330008686066741, 0.08511488761352819], [0.06486996767408644, -0.05705948392184959, -0.1648361971585197]]	0.506271632270953	0.674043966988968	[[0.3098384908587678, 0.542840681978187, 0.22931377108135498], [0.37152254640786186, -0.4227838715851052, 0.22286836241809516], [0.3439606473303888, 0.0, -0.35361002546006315]]	[[0.03813790164622572, 0.11755670743490779, 0.26960392447550235], [-0.017512349346782724, -0.19617741956501247, -0.00867500593939651], [0.16749080472541225, 0.15522249367225052, 0.09480422247530058]]	0.5288507523369332	[[0.7071067811865476, 0.7071067811865475, 0.0], [0.5984951795962936, -0.5984951795962937, 0.0], [0.0, 0.0, -0.8463999999999998]]
2	[[0.20231817389064605, -0.6994113589449509, -0.6854860374160302], [-0.8413567112351195, 0.2340817656053938, -0.48715973917256866], [0.5011848371341435, 0.6752995468603828, -0.5410954454040282]]	0.1184287531812805	0.8815712468187196	[[0.023960289079782676, -0.08283041520067559, -0.08118125673435703], [-0.09964082629227783, 0.02772201164311952, -0.05769372051032511], [0.05935469537515971, 0.07997488335855885, -0.06408125895126869]]	0.3616350425182707	0.9717792774878822	[[0.1627962656504555, -0.31381835336719077, 0.1131942954656795], [-0.31711300624512967, -0.20732210996345504, -0.1761740329888615], [0.39735666483637316, 0.028101315391569008, -0.17556831212369042]]	[[0.08963092423329283, -0.060886696837372065, 0.36109006775230645], [-0.012848936204584785, -0.29197427922091346, 0.0], [0.2161106649498545, -0.21611066494985448, 0.02011076228143799]]	1.0	[[0.0, 0.0, 0.0], [0.0, 0.0, 0.0], [0.0, 0.0, 0.0]]
2	[[0.8677758745180911, 0.35246868940790826, 0.3503296370440759], [0.30489758050525356, -0.9342923179771935, 0.18475748962043512], [0.39243151887482847, -0.05351343341511783, -0.9182231838925224]]	0.5416237230317797	0.45837627696822025	[[0.47000799991364717, 0.19090540380924328, 0.1897468423041845], [0.16513976269663724, -0.506034883662799, 0.10006903938622548], [0.21255022028800077, -0.028984145038509372, -0.49733145943396256]]	0.7654384501197828	0.3889291924821709	[[0.5689139940219643, 0.35316352160817377, 0.2848008855924866], [0.11653587865221446, -0.7374209408927107, 0.14142048650308772], [0.2862937514808812, -0.04096123953385599, -0.5749429153061583]]	[[-0.09531502642050257, 0.0833704342720333, 0.01664511118244305], [-0.11684445281499858, -0.022277677061428313, 0.0], [-0.014088422104819795, 0.0, 0.1279004154365865]]	0.5574436035983327	[[1.0, 0.0, 0.0], [0.0, -0.9199999999999999, 0.0], [0.0, 0.0, -0.9199999999999999]]
2	[[-0.048811022471290655, 0.8404542750081037, 0.5396796232079825], [-0.1921970497933101, 0.5223223691777455, -0.8308066181171734], [-0.9801417132925497, -0.1442773519203538, 0.13603774324354012]]	0.13277367578959778	0.8672263242104024	[[-0.0064808188725619074, 0.11159020342590739, 0.07165524732206896], [-0.025518708776974132, 0.06935066090286061, -0.11030924855774175], [-0.13013701806856595, -0.019156234347654757, 0.018062231216566336]]	0.360875257101671	1.0232297364603995	[[-0.12015553332873506, 0.39458700080923514, 0.3743180397244307], [-0.10514895144288633, 0.12330334407657033, -0.08476016974792677], [0.013505111191508087, -0.05206612646820594, -0.02264696711106101]]	[[-0.10254084304501265, 0.09128784823348712, 0.17956101694671706], [-0.0357897916845429, -0.06518987519040259, 0.21505738216687795], [0.36721400397202936, 0.0, -0.07173962267960465]]	1.0	[[0.0, 0.0, 0.0], [0.0, 0.0, 0.0], [0.0, 0.0, 0.0]]
2	[[0.511206875187014, 0.8459474298653378, 0.15179089783566851], [-0.8586320663191376, 0.5104270682068909, 0.047065727767094744], [-0.037663051523436505, -0.15439285587729631, 0.9872914162515521]]	0.46794071290741296	0.5320592870925872	[[0.2392145096181822, 0.3958532434133799, 0.07102914094607903], [-0.40178890123854233, 0.23884960618397322, 0.022023970204840534], [-0.017624075180145526, -0.0722467030470335, 0.46199384916812064]]	0.8022497448267825	0.3135106873974372	[[0.45664332992096845, 0.6307061520265536, 0.17308070650101018], [-0.6637050481831148, 0.3350873995211455, 0.0], [0.08502446400614536, -0.09589871318634444, 0.7483224251514117]]	[[0.046527744748489586, -0.047954957719786195, 0.051306497445316894], [0.025132307921506263, -0.07440258570051532, -0.03775846809123856], [0.11523963748022024, 0.027962916044294725, -0.04373186160606862]]	0.32677035553731143	[[0.7071067811865476, 0.7071067811865475, 0.0], [-0.6505382386916236, 0.6505382386916237, 0.0], [0.0, 0.0, 0.9199999999999999]]
2	[[-0.011589893598810297, 0.9826435305367112, 0.18514147633827627], [0.11227511405049562, -0.182704212732111, 0.9767361309048049], [0.9936095677535101, 0.03210704820265742, -0.10820889207637127]]	0.22884362869145305	0.7711563713085474	[[-0.0026522733072995956, 0.22487171123820163, 0.0423684472665439], [0.025693444511062164, -0.04181069501883146, 0.22351984047030565], [0.22738121898725938, 0.007347493417267518, -0.02476291551943862]]	0.6182498849613457	0.5567047543793581	[[-0.011431951075878796, 0.5300207474499283, 0.32683265306338477], [-0.008812554708237734, -0.266955154162225, 0.45914901271462905], [0.8318526160930255, 0.0, -0.01282048654220217]]	[[-0.004266500691700077, -0.07749850226240393, 0.2123689566156718], [-0.07822663105397862, -0.15399829565864417, -0.14471798785485643], [0.21755361513292557, -0.019850178857741332, 0.054079648535809044]]	0.6565124158473632	[[0.0, 0.7071067811865475, 0.7071067811865476], [0.0, -0.5984951795962937, 0.5984951795962936], [0.8463999999999998, 0.0, 0.0]]
2	[[0.2023859315102588, -0.1060602062400518, 0.9735456678446278], [0.6690322325666673, 0.7409383789188091, -0.0583625773250962], [-0.7151474019484273, 0.6631451962409777, 0.2209132005764473]]	0.20143845758548679	0.7985615424145133	[[0.0407683098804285, -0.021364604356194656, 0.1961095377196545], [0.13476882100320414, 0.14925348421529583, -0.011756467557081084], [-0.14405818959475933, 0.1335829454860075, 0.04450041438439281]]	0.5989675965778362	0.6973192471269678	[[0.06864671759317563, -0.012645939918720144, 0.9029188809673352], [0.23988894855400308, 0.27632996766184914, 0.0], [-0.21317498747612754, 0.22825468382878053, 0.08931462951005154]]	[[-0.05257589738469065, 0.05088068690543332, 0.31979657213967394], [-0.16083967981955768, -0.16746811237142803, 0.034957292670500996], [0.21517513306780575, -0.16894780054581543, -0.043005219291540595]]	0.7216733689303211	[[0.0, 0.0, 1.0], [0.0, 0.8463999999999998, 0.0], [-0.8463999999999998, 0.0, 0.0]]
2	[[-0.1979434622679918, 0.9682888025830232, -0.1524309041424854], [-0.9591958066328183, -0.15931265816426138, 0.2335869891210864], [0.2018954934697093, 0.19244810142210464, 0.9603134581872996]]	0.2782572941813352	0.7217427058186651	[[-0.055079212211576606, 0.26943342219283717, -0.04241501093630248], [-0.26690322974373126, -0.044329909189623345, 0.0649972835487985], [0.05617889372028674, 0.05355008797205, 0.2672142244411189]]	0.5951122353719048	0.6155715173758461	[[-0.16875778059949706, 0.682808292388486, 0.1564249077501963], [-0.5918996252146258, -0.1255122530877939, 0.13575168779437508], [0.19533552386845235, 0.0, 0.43932506376139935]]	[[-0.05095920429193828, 0.10656777859771786, 0.24713840385419136], [-0.021070464570011875, -0.030703340964620237, -0.0032587874552674713], [0.07518504543817987, -0.11452821983038773, -0.13216922499816902]]	0.38327103062886414	[[1.9967346175427393e-16, 1.0, 0.0], [-0.8463999999999998, 1.5182756128272371e-16, 0.0], [0.0, 0.0, 0.8463999999999998]]
2	[[0.6153023296687069, 0.7313682018673757, -0.2941149373995541], [-0.35367086285074184, -0.07732112734721036, -0.9321686349776892], [-0.7044997969301864, 0.6775854164332626, 0.21108775322668094]]	0.08602760123577939	0.9139723987642208	[[0.05293298345618555, 0.0629178520267756, -0.025302002552095013], [-0.030425455958037646, -0.006651751110526696, -0.08019223161436144], [-0.06060642760099759, 0.05829104800810025, 0.01815937306034153]]	0.3370334220766055	1.186533760943244	[[0.19276123777714788, 0.48842997233939456, 0.3268157500781002], [-0.09747020361276279, -0.3745154728556456, -0.03114093616217657], [0.21761761817066244, 0.17357768390511755, 0.15206806010381907]]	[[-0.014616212002804193, 0.2419344444660192, 0.42594231391371856], [0.021728697582608595, -0.34845566870699446, 0.2830310488368322], [0.4550575955823169, -0.054791247744586845, 0.08092443227536873]]	1.0	[[0.0, 0.0, 0.0], [0.0, 0.0, 0.0], [0.0, 0.0, 0.0]]
2	[[0.8434013427351802, 0.37557201465901263, -0.38421327004342964], [0.4843740832070826, -0.2220497303533281, 0.8462125411309575], [0.23249929589096227, -0.89979974386248, -0.3691943910126779]]	0.08441468158270883	0.9155853184172911	[[0.07119545579341932, 0.03170379202881703, -0.032433240850567424], [0.04088828400084239, -0.018744257283302562, 0.07143276221086467], [0.019626354030839552, -0.07595630886635421, -0.0311654269594573]]	0.33718831438504876	1.121799426077003	[[0.2813545635608408, 0.24118511162373057, 0.35725138371891996], [0.2972727419412892, -0.37314854510960993, 0.2529273672678453], [0.39265988760263326, -0.03496657451712556, 0.0038073665575463905]]	[[-0.0030305135461214743, 0.1145466170706612, 0.48680360860923155], [0.13394746129288965, -0.29827597082211654, -0.03240561308759098], [0.31426384192544904, 0.26843538439996273, 0.12829540094352587]]	1.0	[[0.0, 0.0, 0.0], [0.0, 0.0, 0.0], [0.0, 0.0, 0.0]]
2	[[0.8706842278162519, 0.40148237992419594, 0.28411419190603826], [0.48700467489959137, -0.7845539150430676, -0.3837989070027929], [0.06881440298339332, 0.4725325946440084, -0.8786225156123877]]	0.17334656038225146	0.8266534396177486	[[0.1509301160710239, 0.06959558961393966, 0.04925021792269463], [0.08442058528392074, -0.13599972260714493, -0.06653022040740175], [0.01192874006192933, 0.08191189995003956, -0.15230619095580844]]	0.5176379275199751	0.6563965127680754	[[0.3949818817686721, 0.23792113327241146, 0.39524174329112727], [0.3109113223750213, -0.6015645093383564, -0.06228295040357244], [0.28059097471764693, 0.19250958155230388, -0.35327060158747126]]	[[-0.055717297442462385, 0.030098626192663396, 0.24817346181387318], [0.05881923176745757, -0.19544964672778026, 0.13638592040178493], [0.24497002977379878, -0.05209121142485709, 0.10153773646651215]]	0.5997063644433075	[[0.7071067811865476, 0.7071067811865475, 0.0], [0.5984951795962936, -0.5984951795962937, 0.0], [0.0, 0.0, -0.8463999999999998]]
2	[[0.5703528252803276, 0.5739516156578184, -0.5876029250935769], [-0.5509578072563881, -0.26325551186259916, -0.7919229950551969], [-0.609215191305979, 0.7754199367811874, 0.16607459867264057]]	0.0881618318315299	0.91183816816847	[[0.05028334986700221, 0.05060062581905948, -0.05180415026581492], [-0.04857344954960614, -0.023209088165553768, -0.06981738191357775], [-0.05370952724513099, 0.06836244206531858, 0.014641440839666162]]	0.33865382595178833	1.1737301668057223	[[0.19315216642359487, 0.302900335190316, 0.25654081237003346], [-0.22991816311911498, -0.4168902912241631, -0.08005629404080548], [0.19935135101676965, 0.12299258147508155, 0.1525139513153277]]	[[2.271147693325444e-17, 0.10852942463658545, 0.4555347910934353], [-0.043334193753731196, -0.3277378049289975, 0.18813145809383608], [0.40566440638049006, -0.13960634683516138, 0.09627215308143018]]	1.0	[[0.0, 0.0, 0.0], [0.0, 0.0, 0.0], [0.0, 0.0, 0.0]]
2	[[0.7983197949725356, -0.14272590074337235, -0.5850767660845899], [0.4905325911139221, -0.4095002147242297, 0.7692121626676685], [-0.3493755601212979, -0.9010765180592617, -0.2569004215491415]]	0.08304844518159345	0.9169515548184066	[[0.06629921773015758, -0.011853164143879505, -0.04858971573519999], [0.040737969002909546, -0.034008356134376014, 0.06388187412432082], [-0.029015097052522143, -0.0748330038144657, -0.02133518057615215]]	0.3284136204196047	1.1784251007946434	[[0.2585080914944606, -0.07956235637524328, 0.2954288262029864], [0.26201728303675476, -0.45962302740588873, 0.1282302985976447], [0.2650288216512578, -0.09207053823818269, 0.01106467557653934]]	[[-0.0036710026251064553, -0.032689226584463243, 0.48757600517622074], [0.10091969885522199, -0.3251375793256989, -0.12438945261483822], [0.3797685142368205, 0.20385526333275078, 0.09543427310481553]]	1.0000000000000002	[[0.0, 0.0, 0.0], [0.0, 0.0, 0.0], [0.0, 0.0, 0.0]]
2	[[0.8076735082395426, -0.3067057453339202, -0.5035822572998319], [0.0850908944562452, -0.7844955095899794, 0.6142689436344596], [-0.5834578337537903, -0.5389790174137795, -0.6075183742233737]]	0.11181840542891927	0.8881815945710808	[[0.09031276379852674, -0.03429534737912712, -0.05630976501356298], [0.009514728134617803, -0.08772103694849898, 0.06868657378171196], [-0.06524132460536035, -0.06026777428685453, -0.06793173587442711]]	0.40123316214326327	1.0216450665018564	[[0.32132265655632397, -0.19561081310543088, 0.16424069199310165], [0.008936984361790662, -0.584939539988958, 0.06459048820185892], [0.11372766748314136, -0.12563545755282446, -0.12889299402446647]]	[[-0.0027427391339707686, -0.07255029705759569, 0.3662945934887556], [-0.025204304290487256, -0.2701739259889797, -0.18187458245899726], [0.34783029909743307, 0.09062079793297527, 0.11486352432531213]]	0.8895411003705952	[[1.0, 0.0, 0.0], [0.0, -0.9199999999999999, 0.0], [0.0, 0.0, -0.9199999999999999]]
2	[[0.5388625488158765, 0.700060485213946, -0.46855359408041286], [-0.17010925617958866, -0.45432840348109804, -0.874441846409665], [-0.8250393896328132, 0.550909265516865, -0.12573379307880614]]	0.09448446567064593	0.9055155343293544	[[0.05091413999479047, 0.06614484088257286, -0.04427103597474853], [-0.01607268217575946, -0.042926976441909195, -0.08262117061807024], [-0.0779534058866923, 0.052052367585369, -0.011879890255794542]]	0.34985603147155525	1.1624433608966043	[[0.17895565048042966, 0.4140518981109343, 0.20360014749556188], [0.018673050618599724, -0.4493080752736823, -0.037931251801864255], [0.12082065235079581, 0.16227897280442818, 0.06130334979125118]]	[[-0.009568662356940151, 0.1691315149639318, 0.3675264484522692], [0.07818679990216873, -0.2903585430469779, 0.2679975023356804], [0.40946565901544607, -0.03045995653021156, 0.10529207565966804]]	1.0000000000000004	[[0.0, 0.0, 0.0], [0.0, 0.0, 0.0], [0.0, 0.0, 0.0]]
2	[[-0.9512982242440221, -0.26632565387263285, -0.15524926614797568], [-0.28936275749252405, 0.9451100598101759, 0.15177670908913832], [0.10630561192379806, 0.1893082695893678, -0.9761462472081662]]	0.30435109259344956	0.695648907406551	[[-0.28952865393087646, -0.08105650374180065, -0.047250283776467616], [-0.08806787139870303, 0.2876452793242874, 0.04619340724151739], [0.03235422913782317, 0.05761617868649939, -0.29709117686880093]]	0.6945612636492399	0.5133906344836453	[[-0.6305383719594702, -0.22258017256447887, 0.087318105169053], [-0.2986662291713482, 0.4811615837013252, 0.10541822285747501], [0.18536389037720577, 0.0019749003662376838, -0.6739489498591119]]	[[0.030196524778735835, -0.03760068986849293, 0.19514823164540818], [-0.09768606667431218, -0.17527525372803932, 0.0], [0.11152813022640688, -0.1295112905790046, 0.004044421108255453]]	0.38347534020106216	[[-1.0, 0.0, 0.0], [0.0, 0.9199999999999999, 0.0], [0.0, 0.0, -0.9199999999999999]]
2	[[-0.13714492618686602, -0.09186257958165817, -0.9862821785340151], [0.9849622221878442, -0.11826677366833438, -0.12594598488585185], [-0.1050746881222272, -0.9887235390738337, 0.10670085846576022]]	0.12076653048392	0.8792334695160802	[[-0.01656251690906111, -0.01109392501737988, -0.11910987677967522], [0.11895047023135788, -0.014282667927451781, -0.015210059623044557], [-0.012689505526201322, -0.1194047114217294, 0.012885892476565661]]	0.3305578127587027	1.2002408090438323	[[0.07026215229141952, -0.09938747095118121, 0.1799407990042992], [0.4746073042602429, -0.2676654458709191, -0.04163242928960782], [0.13713227388472976, -0.0782551277488275, -0.04492346018013893]]	[[0.11559647912270365, -0.06902157757029603, 0.5059640787033916], [0.14902034644387777, -0.228571439845086, 0.0], [0.17186553296671603, 0.2485751627504627, -0.08019426257405657]]	1.0000000000000002	[[0.0, 0.0, 0.0], [0.0, 0.0, 0.0], [0.0, 0.0, 0.0]]
2	[[0.31358954156160956, 0.32022056906021157, -0.893935336908623], [-0.7749177473382989, -0.45777931064204774, -0.4358217383383115], [-0.5487841873481009, 0.8293954966714284, 0.10458979786689793]]	0.10700660277767059	0.8929933972223291	[[0.03355615150911498, 0.03426571523466567, -0.09565698350550417], [-0.08292131557479665, -0.04898540885370948, -0.046635803636241584], [-0.05872353154622499, 0.08875079445790834, 0.011191798954940033]]	0.36166143440449416	1.137527080051379	[[0.1735243600781202, 0.11967707326951954, 0.13923614962186026], [-0.4146031128635905, -0.3803935536326768, -0.09030135902461402], [0.12595414582856218, 0.07073495771658646, 0.1307600661114833]]	[[0.06011111666270065, 0.003865642937380032, 0.4625380858330976], [-0.13434524881572182, -0.21483243150517328, 0.06731855600747984], [0.324428222203381, -0.2292254072982302, 0.09293396979086488]]	1.0	[[0.0, 0.0, 0.0], [0.0, 0.0, 0.0], [0.0, 0.0, 0.0]]
2	[[-0.4317850840940142, 0.8067077608929694, 0.4034652769061755], [-0.8878263375968627, -0.45904284438783466, -0.032311937200791035], [0.1591415578133718, -0.3721589116645979, 0.9144242500313273]]	0.37013902349811345	0.6298609765018868	[[-0.15982050938760922, 0.29859402286527326, 0.1493382436094477], [-0.32861917363400917, -0.16990967016550956, -0.01195990888283316], [0.05890450080701001, -0.13775053614965493, 0.3384640989695902]]	0.7161281718175323	0.4181869012426031	[[-0.244704611862204, 0.5206722284139981, 0.3660482298212672], [-0.6597750751773925, -0.42769369611214814, 0.0], [0.21907810104778472, -0.2190781010477847, 0.5380743898634733]]	[[0.0645088510281218, -0.05703392558529899, 0.07711537867859336], [-0.023977623142696136, -0.09896018317476817, 0.023139488515485397], [0.10511234819070064, 0.04743537998818631, -0.11677057657707922]]	0.5679996513134269	[[-0.7071067811865476, 0.7071067811865475, 0.0], [-0.5984951795962936, -0.5984951795962937, 0.0], [0.0, 0.0, 0.8463999999999998]]
2	[[-0.6025847497358183, -0.5627740937894159, -0.565841796569786], [-0.05773503450399975, -0.6764267119426086, 0.7342435353214446], [-0.7959637461446616, 0.4751128526255769, 0.37511263920767013]]	0.1084580678739052	0.8915419321260949	[[-0.06535517768662756, -0.061037390861887995, -0.06137010797825827], [-0.006261830290937062, -0.07336393423559394, 0.07963463518986935], [-0.08632869000452559, 0.051529822017829546, 0.04068399208354524]]	0.35521960977782324	1.1267006308914818	[[-0.12270701603900813, -0.398351869337953, 0.19457046656238366], [-0.009888084405565184, -0.6227960171655295, 0.015542510939220823], [0.12743970121117762, 0.10545927144759931, 0.02869361947921767]]	[[0.09134290362021656, -0.1984434753490086, 0.3955685687358855], [0.010620532021454743, -0.38251598450598007, -0.2452751911595521], [0.4101816325139787, -0.06331013066248656, -0.10455374584286029]]	1.0	[[0.0, 0.0, 0.0], [0.0, 0.0, 0.0], [0.0, 0.0, 0.0]]
2	[[-0.7147397866006825, 0.47804333933038157, 0.5105111195379277], [0.6441331517519284, 0.16556701204019203, 0.7467797850358632], [0.2724693015077806, 0.8625903606266073, -0.42626089369061476]]	0.11294732082658378	0.8870526791734162	[[-0.08072794398471131, 0.05399371441636007, 0.057660863203988805], [0.07275311374596363, 0.018700350427202417, 0.08434677596725289], [0.03077467761279451, 0.09742727020361201, -0.04814502591550021]]	0.43752028262847276	0.9107463448858322	[[-0.2555079500235248, 0.061259179752191584, 0.6199832428264738], [0.18601007057942306, -0.23459928700901037, 0.15313493295356845], [0.47933973179013856, 0.2627742327341074, -0.2131066357473432]]	[[0.05720520341582008, -0.14789447718029583, 0.3966242735212616], [-0.09581124802544953, -0.3070382129107871, -0.17359636965655248], [0.36012888598687187, -0.11462654563984206, -0.026608849066360064]]	1.0	[[0.0, 0.0, 0.0], [0.0, 0.0, 0.0], [0.0, 0.0, 0.0]]
2	[[0.9108526935290702, 0.369894861597951, -0.1830987767689077], [-0.28482357056054014, 0.8843967298970963, 0.3697539151928853], [0.2987020327081532, -0.28464050223177145, 0.9109099187873969]]	0.19503592215739388	0.8049640778426062	[[0.17764899503198825, 0.07214278543303795, -0.035710838773014675], [-0.05555082773643649, 0.1724891317684638, 0.07211529582095119], [0.0582576263995227, -0.05551512283611728, 0.1776601560130167]]	0.0	0.6050402817779517	[[0.7071067811865475, 0.7071067811865475, 0.0], [-0.6505382386916236, 0.6505382386916239, 0.0], [0.0, 0.0, 0.92]]	[[0.7071067811865476, 0.7071067811865475, 0.0], [-0.6505382386916236, 0.6505382386916237, 0.0], [0.0, 0.0, 0.9199999999999999]]	0.6050402817779518	[[0.7071067811865476, 0.7071067811865475, 0.0], [-0.6505382386916236, 0.6505382386916237, 0.0], [0.0, 0.0, 0.9199999999999999]]
2	[[0.8741664903139315, -0.15370841972864166, -0.46065895076156604], [0.4523572401227667, -0.08732656712286135, 0.8875511241517584], [-0.17665184550617297, -0.9842498627782785, -0.006806842160875459]]	0.07624242906784859	0.9237575709321514	[[0.06664857663125011, -0.011719103288292065, -0.03512175737790828], [0.03448881479338778, -0.006657989599603509, 0.06766905362722972], [-0.013468365800708954, -0.0750416003479126, -0.0005189701806265767]]	0.31296460527311604	1.2018226151530993	[[0.2712990724993399, -0.05553498920997996, 0.34934690572126026], [0.23968732395009718, -0.35502294812653196, 0.16080581857831722], [0.32278932385203696, -0.09537555431007327, 0.10774669195595696]]	[[-0.002284098084744946, -0.00742969430245116, 0.49351685241188153], [0.0981155188526394, -0.32769282351706946, -0.11696626865154826], [0.37807509895164393, 0.2126598154844493, 0.10987699262599177]]	1.0	[[0.0, 0.0, 0.0], [0.0, 0.0, 0.0], [0.0, 0.0, 0.0]]
2	[[-0.6195752977719757, 0.6381387633459072, 0.45706166882175114], [0.5448782585382363, -0.06948620364724613, 0.835631109326976], [0.5650080829183833, 0.7667793595409634, -0.304656002761875]]	0.1211275560860659	0.8788724439139343	[[-0.07504764163041594, 0.07729618884787412, 0.055362762924997505], [0.06599977182116815, -0.008416694029489608, 0.10121795406226476], [0.06843804825277705, 0.09287810987843574, -0.036902237061495646]]	0.4499174947707434	0.8339677662998759	[[-0.2108924754856497, 0.23844689587678, 0.6131289664784692], [0.08957906879055658, -0.32033031970387565, 0.2807071707926196], [0.565444674903373, 0.16846478691306963, -0.1615171723256996]]	[[0.06786529030975498, -0.048662897843910896, 0.40748892548645177], [-0.15557119224601215, -0.28906726103777697, -0.09525788446827066], [0.3112376537115136, -0.1765226615735158, -0.024447106796208116]]	0.9932024016868323	[[0.0, 0.7071067811865475, 0.7071067811865476], [0.0, -0.5984951795962937, 0.5984951795962936], [0.8463999999999998, 0.0, 0.0]]
2	[[0.6392458436810273, -0.42249799911284014, -0.642541976902815], [0.5964188253930831, -0.25505911223508765, 0.7610712410691811], [-0.4854372627366653, -0.869735758728762, 0.08894028297255557]]	0.08490715550262465	0.9150928444973752	[[0.05427654625383148, -0.035873103310221685, -0.05455641154985119], [0.05064022595234327, -0.021656343704906017, 0.0646203942140365], [-0.04121709715395053, -0.07384678931257622, 0.007551666436798221]]	0.3307907049200781	1.1920024679991534	[[0.20963710584117498, -0.20166658037418475, 0.2712154343158836], [0.28790467519466495, -0.4149507678491777, 0.10634340146708063], [0.2317730329838234, -0.10099280559049427, 0.12179554392574271]]	[[-0.00181947740730216, -0.0619081694203258, 0.4837623477963062], [0.09061487151528201, -0.3305795843166438, -0.14541189086059247], [0.3923511673189581, 0.18670769913359186, 0.09237492502545985]]	0.9999999999999999	[[0.0, 0.0, 0.0], [0.0, 0.0, 0.0], [0.0, 0.0, 0.0]]
2	[[0.4811460874291297, -0.5569646813589093, -0.6769702994005047], [0.28537953366574575, -0.6306542773568745, 0.7216880934421741], [-0.8288889939650315, -0.5404308708523664, -0.14449051703620916]]	0.1047532409258885	0.8952467590741116	[[0.05040161201701224, -0.058343855453600504, -0.07091483287277195], [0.02989443104540558, -0.06606307945690679, 0.0755991667256932], [-0.08682880848563625, -0.05661188521818568, -0.015135849942600213]]	0.3717816549244568	1.1145204451274875	[[0.17066010674696666, -0.2952725632780244, 0.10626530332024385], [0.046133480328120646, -0.5039802354664308, 0.055805169650360205], [0.056329776863317985, -0.13695455470275006, 0.06733193315553668]]	[[-0.00822118189786254, -0.08820331230793646, 0.3579504415660685], [-0.05996539497970006, -0.26951454454550455, -0.2125052240688473], [0.36449549878830545, 0.0639677288350081, 0.12105085670014892]]	0.9490005569512794	[[0.0, 0.0, -1.0], [0.0, -0.8463999999999998, 0.0], [-0.8463999999999998, 0.0, 0.0]]
2	[[0.1615105106326433, 0.7484963581880271, -0.6431699283505437], [0.2746907081173145, -0.6600677628887605, -0.6991820673251248], [-0.9478709668668996, -0.06374755033950519, -0.3122128760902104]]	0.15472727020706378	0.8452727297929363	[[0.024990080419937846, 0.11581279826236207, -0.09951592729295244], [0.042502143418237395, -0.10213048310346133, -0.10818253265494805], [-0.14666148721184563, -0.009863484446419019, -0.04830784604093449]]	0.43346604791813	1.0229674721650186	[[0.0489173282308188, 0.6482565771642226, 0.05060594003629247], [0.10153826125034922, -0.5393530794329928, -0.0037547546299550078], [0.03294242363119291, -0.02763239871012736, -0.1601260252720659]]	[[-0.021091994510352183, 0.3238088188993457, 0.3293982670181895], [-0.017530834397095713, -0.2532361148954405, 0.2993169328686947], [0.4438123055753246, 0.0, -0.024792343764089522]]	0.9076145851843789	[[0.0, 0.0, -1.0], [0.0, -0.8463999999999998, 0.0], [-0.8463999999999998, 0.0, 0.0]]
2	[[-0.7565373765452967, 0.581550495723293, 0.2990822943839241], [0.05028910555470567, 0.5077298103841723, -0.8600473507370163], [-0.6520139597834296, -0.6356173853594982, -0.4133622330067026]]	0.09479092304193372	0.9052090769580664	[[-0.07171287623845161, 0.05512570828510514, 0.028350286750151527], [0.004766950734483785, 0.0481281773822218, -0.08152468223613149], [-0.06180500508409763, -0.060250758659727316, -0.03918298761738019]]	0.3430384556086868	1.1695859183076747	[[-0.1662379585901541, 0.44278122234522643, 0.3901109598600109], [-0.06170401892942205, -0.14813631154924176, -0.010156049583914655], [0.22072699346099642, -0.2180412062317538, -0.2534585379299761]]	[[0.09328345467019206, 0.24328703843384164, 0.28751423149464694], [-0.07895511603285052, -0.3223071615699197, 0.284873265363254], [0.44439285526040856, 0.0, -0.11165939591239862]]	1.0000000000000002	[[0.0, 0.0, 0.0], [0.0, 0.0, 0.0], [0.0, 0.0, 0.0]]
2	[[-0.06806473341269687, 0.662577969415037, -0.7458938439961176], [-0.9098273039671204, 0.2655430850439849, 0.3189061726295745], [0.4093671567448706, 0.700340848752355, 0.5847574082877884]]	0.13317169270386253	0.8668283072961374	[[-0.009064295762005955, 0.08823662973528854, -0.09933194578235369], [-0.12116324213749305, 0.03536282212111318, 0.04246927482279062], [0.05451611720108186, 0.09326557629801088, 0.07787313388280845]]	0.37199584830605714	1.0327052042892075	[[0.10360225493756528, 0.33069131204982094, 0.12350442741497163], [-0.3981704165529693, -0.16991942494841025, 0.11863177221737646], [0.31186360705888616, 0.05384582500629761, 0.10104887391452202]]	[[0.128922053183147, 0.08421505824836936, 0.40097384065857317], [-0.0597184368017074, -0.2687003501311549, 0.0], [0.15958072431693932, -0.20667806312871875, -0.11647845423474523]]	0.943516075304468	[[1.9967346175427393e-16, 1.0, 0.0], [-0.8463999999999998, 1.5182756128272371e-16, 0.0], [0.0, 0.0, 0.8463999999999998]]
2	[[-0.24698665360156102, 0.8466372453907605, -0.4713840978011963], [-0.6254476894109686, -0.5108406865688171, -0.5897940155311683], [-0.7401437568156493, 0.1491548445845619, 0.6556981405980744]]	0.16466124114494735	0.8353387588550527	[[-0.04066912892827022, 0.13940833962558197, -0.07761869059993624], [-0.10298699280964964, -0.08411566147775844, -0.09711621461722451], [-0.1218729896229489, 0.02456002183207569, 0.10796806964731309]]	0.4643931820064362	0.9091469133040155	[[-0.07839497374622229, 0.6412448153267083, 0.0725326469615613], [-0.2561969750279537, -0.42993736075907635, -0.013488412347771178], [0.03828759494523954, 0.06926649288830014, 0.35294798992083537]]	[[0.036303944232928, 0.24807225093452911, 0.2914402080866919], [0.034256667636179225, -0.19270642882503092, 0.2604079072531015], [0.3820053093150568, 0.0, 0.04844624397279213]]	0.8836268316574571	[[-0.7071067811865476, 0.7071067811865475, 0.0], [-0.5984951795962936, -0.5984951795962937, 0.0], [0.0, 0.0, 0.8463999999999998]]
2	[[0.3502993174823247, 0.16132854553037096, 0.9226394141637744], [0.9363424150508688, -0.08505486977734195, -0.3406296389098664], [0.023521691013278723, 0.9832287473036041, -0.18085342277010252]]	0.13736709664891342	0.8626329033510867	[[0.0481196002006429, 0.022161233906099087, 0.126740297577532], [0.12862263902476967, -0.011683740517164892, -0.04679130452961609], [0.0032311064027669423, 0.13506327835884424, -0.024843309604947468]]	0.4793576366143613	0.7003619033411083	[[0.15420343128389585, 0.1703493636791309, 0.7590896195433464], [0.42177286224780236, -0.3272889828825278, 0.0], [0.3163465868889681, 0.3971645490749157, -0.034801410236220756]]	[[-0.013715221652055146, 0.09301529337525986, 0.3168153705225406], [-0.0270700248927655, -0.2865172815235188, 0.16328341866863685], [0.3050712846756695, -0.07415365948383902, 0.0518920590764735]]	0.779777625566261	[[0.0, 0.0, 1.0], [0.5984951795962936, -0.5984951795962937, 0.0], [0.5984951795962937, 0.5984951795962936, 0.0]]
2	[[-0.9645173536663985, 0.2631232422499032, 0.021735543799654512], [0.24053004160075506, 0.8417770646002551, 0.48327701435151793], [0.10886493266386094, 0.47135711822447, -0.8751976311298015]]	0.1559934836045959	0.8440065163954042	[[-0.15045842199550757, 0.041045511175898386, 0.0033906031953483684], [0.037521119100860145, 0.13131173672544483, 0.07538806501472156], [0.016982220088615413, 0.07352863889365842, -0.13652512732242783]]	0.5382419772853888	0.8356544579946044	[[-0.4879102477651035, 0.0382575735468309, 0.3665077363526521], [-0.029248144101967376, 0.16975451883628828, 0.16480483577381325], [0.33588773043981024, 0.10281849654381289, -0.4919770863964667]]	[[0.031233479798369542, -0.10336640063149932, 0.3548087542805529], [-0.15871150928969466, -0.2833252328476435, -0.09531514000732699], [0.2772920538257731, -0.15088569077686867, -0.020908982901673992]]	0.5585900773469961	[[-1.0, 0.0, 0.0], [0.0, 0.9199999999999999, 0.0], [0.0, 0.0, -0.9199999999999999]]
2	[[0.9585760929693858, -0.06891970183517857, 0.276372843612568], [-0.2700624667372825, 0.08852460169804383, 0.9587646525367821], [-0.09054356988390194, -0.9936868065910669, 0.06624494214297555]]	0.07877827198259246	0.9212217280174075	[[0.07551496816795311, -0.005429375016130875, 0.02177217504271342], [-0.021275054456919462, 0.006973815149719148, 0.07552982256483838], [-0.007132865974588926, -0.07828092951514481, 0.005218662069610434]]	0.334242228714834	1.0926309874474576	[[0.22341863717679664, -0.18683606079587, 0.5129678324316312], [-0.06620434427433633, -0.3583680917952688, 0.09973700085295151], [0.3775334846366211, -0.23648406535996008, 0.1233798778998717]]	[[-0.09697797253004883, -0.16380018605211802, 0.4205923572263103], [0.024061936500158664, -0.387956751962916, -0.220722633423946], [0.40779696923041375, 0.09564802751956432, 0.10123802079691831]]	0.9999999999999999	[[0.0, 0.0, 0.0], [0.0, 0.0, 0.0], [0.0, 0.0, 0.0]]
2	[[-0.025484677740626793, -0.9751658735640326, 0.22000465957918597], [0.5903656460895103, -0.19228165120071194, -0.7838980613120834], [0.8067334969602857, 0.10990580352112828, 0.5806046669073575]]	0.22492619354707596	0.7750738064529241	[[-0.0057321715579730995, -0.21934034801776697, 0.04948481064176649], [0.13278869757587372, -0.04324917989352266, -0.1763192070598593], [0.1814554946781987, 0.0247206940347402, 0.13059319768313984]]	0.5800695984396523	0.6221371067680272	[[0.034053932042503364, -0.6346272561458673, 0.3104651485719118], [0.15572827750688337, -0.2812266743151963, -0.39011399829594295], [0.6230748169607245, 0.0, 0.16288262902113923]]	[[0.048836818825872666, -0.06896317945552609, 0.18284713403496106], [-0.18672488575282473, -0.16968993411588612, 0.06460143534697925], [0.15511324133115495, -0.06375301531468822, -0.17390848696399977]]	0.8113934942974399	[[0.0, -0.7071067811865475, 0.7071067811865476], [0.0, -0.5984951795962937, -0.5984951795962936], [0.8463999999999998, 0.0, 0.0]]
2	[[0.40945118502923766, -0.6319690739801498, 0.6580006205246504], [0.1566510016798315, 0.7592176555418734, 0.6317032651381553], [-0.89878261595942, -0.15557519418651922, 0.40986115722640565]]	0.15540074740721974	0.8445992525927803	[[0.06362902018031538, -0.0982084664347638, 0.10225378822394503], [0.024343682743135454, 0.11798299111596425, 0.09816715954205044], [-0.13967149027670997, -0.02417650145460843, 0.06369273016617144]]	0.42258915612759657	0.8970728672915861	[[0.18928413036825503, -0.29354469491425095, 0.5099481767241478], [0.07246748618654025, 0.11081251090033808, 0.07068412073651449], [-0.10225257580289353, -0.06574439002566812, 0.1296300395930521]]	[[0.016254499611305047, -0.026481417242240714, 0.23188424976520092], [0.00626847158011757, -0.21002463747227457, -0.19626682900126596], [0.27756321141755147, 0.0, -0.04357284096873483]]	0.8751521438371296	[[0.0, 0.0, 1.0], [0.0, 0.8463999999999998, 0.0], [-0.8463999999999998, 0.0, 0.0]]
2	[[0.2474980822640765, 0.6766944151993265, -0.6934186092928614], [-0.6725024223343065, 0.6351887809349719, 0.37983641811816093], [0.6974849039442319, 0.37231690938283457, 0.612286638558706]]	0.18006780221203197	0.8199321977879683	[[0.04456643572498496, 0.12185087611409898, -0.12486236498828923], [-0.12109603317200633, 0.11437704777270025, 0.06839630901062768], [0.12559457372930807, 0.06704228759894328, 0.110253109329059]]	0.4594497739788479	0.8466256635359464	[[0.18745502428433117, 0.3850648484588219, -0.04746683709772703], [-0.2931003958412897, 0.06715552144512674, 0.1745157564533242], [0.4827257999922449, 0.008794401343037528, 0.16865284464275174]]	[[0.0737420863279029, 0.07415775234274254, 0.2711241862146051], [0.015880690100435177, -0.22468182038934603, 0.0], [0.16226651852140905, -0.16226651852140903, -0.11266211305331432]]	0.9149109941840226	[[0.7071067811865476, 0.7071067811865475, 0.0], [-0.6505382386916236, 0.6505382386916237, 0.0], [0.0, 0.0, 0.9199999999999999]]
2	[[-0.8000941381037605, -0.5872859623158753, 0.12224798010076363], [0.31331023350144005, -0.23532960618484317, 0.9200308005910233], [-0.511552605071339, 0.7744127936182373, 0.37228854041606435]]	0.08578099451218206	0.9142190054878178	[[-0.06863287086990769, -0.05037797391049966, 0.010486553310148944], [0.026876063420597507, -0.02018680765669601, 0.07892115705653703], [-0.04388149120831701, 0.0664298995995296, 0.031935281242378696]]	0.3189771817297214	1.1763037980732545	[[-0.1247939948634641, -0.3860930704182207, 0.39922771146587716], [0.18950436738036483, -0.4804188837279355, 0.014850856417717346], [0.24943700215298317, 0.22843471959419176, -0.03419683939990656]]	[[0.13041777842734395, -0.19876224928927544, 0.3602333953011845], [0.08956555209099451, -0.40535410916952913, -0.2786179754593466], [0.41261061042513614, -0.018585290809593983, -0.15294838881209424]]	0.9999999999999999	[[0.0, 0.0, 0.0], [0.0, 0.0, 0.0], [0.0, 0.0, 0.0]]
2	[[-0.2320176213509193, 0.7258914686476092, -0.6474947097291828], [-0.9237427054821723, 0.04411687515891305, 0.3804643418175869], [0.30474126312519306, 0.6863929465479887, 0.6603010566991635]]	0.1283056525233078	0.8716943474766924	[[-0.029769172304335446, 0.09313597854593372, -0.08307723123719254], [-0.11852141059053586, 0.00566044445455369, 0.048815725638756316], [0.03910002661605497, 0.08806809489423562, 0.08472035794161584]]	0.37561276907548946	1.060604076856953	[[-0.19742821181605683, 0.38293353517313183, 0.2252212836557151], [-0.47291830201437435, -0.023021788513741898, 0.14290726496458733], [0.24739786989725523, 0.038528698783743015, 0.11601409310139918]]	[[-0.11027943058612967, 0.11027943058612966, 0.4684285645388237], [-0.12594874649493126, -0.039592650155138964, 0.0], [0.13293316020323911, -0.21928925654303139, -0.13200341522884537]]	0.8603074232368754	[[1.9967346175427393e-16, 1.0, 0.0], [-0.8463999999999998, 1.5182756128272371e-16, 0.0], [0.0, 0.0, 0.8463999999999998]]
2	[[-0.49184020816233054, 0.34209823179331383, -0.8006634807699946], [0.40688439057434317, -0.7226834063693603, -0.5587251442930801], [-0.7697650955595354, -0.6005809637028683, 0.21625032646438547]]	0.11328940601732515	0.8867105939826749	[[-0.055720285038147965, 0.038756105479441735, -0.09070669015619674], [0.04609569092588865, -0.0818723738461621, -0.06329763972390733], [-0.08720623044880932, -0.06803946064321066, 0.02449887103620288]]	0.35973087193381853	1.1491173477050236	[[-0.31032192518960156, 0.1685186503098139, 0.08952031272128474], [0.1523849459192955, -0.4173638487547872, -0.049614435800189836], [0.05608897755795604, -0.09712860944671095, -0.08187680195170441]]	[[-0.13339181825525556, 0.04545535509978754, 0.37754368478424116], [0.00601606932172663, -0.15739231684943505, 0.15137624752770842], [0.3329972465678069, 0.11891890429297489, -0.15966872044671068]]	0.8480471211752735	[[0.0, 0.0, -1.0], [0.0, -0.8463999999999998, 0.0], [-0.8463999999999998, 0.0, 0.0]]
2	[[-0.5196294348588592, 0.17521189697653233, -0.8362332459225404], [0.269824892373195, 0.9623103357733339, 0.033960935199249837], [0.8106662555479022, -0.20798944401507244, -0.5473213071809325]]	0.3624536203685799	0.6375463796314204	[[-0.18834156991467263, 0.06350618639079078, -0.30309576745719374], [0.09779900910622695, 0.34879286511914853, 0.012309263914070842], [0.29382891923397747, -0.07538652698171107, -0.19837858929259264]]	0.6426075612543529	0.5643011509735772	[[-0.21207005618074384, 0.20869327693813833, -0.4374908577267365], [0.09124600148288926, 0.578265496464706, 0.02182355374630705], [0.5764467578113035, -0.06356843437124392, -0.2457685658113247]]	[[0.12184774770988531, 0.09610078711929992, 0.09987894907535874], [-0.08214551457076787, -0.04012240157645348, 0.0], [0.05550649234246813, 0.07008715501393055, 0.10594424461875893]]	0.6699541550842276	[[0.0, 0.0, -1.0], [0.0, 0.8463999999999998, 0.0], [0.8463999999999998, 0.0, 0.0]]
