3	[[-0.8011245690937495, -0.03963348185217799, -0.5971839012487085], [0.07148815852702158, -0.9969981734291763, -0.02973357310014117], [-0.594212813716407, -0.06651187333972096, 0.8015530567093305]]	0.5452765086849657	0.45472349131503437	[[-0.4368344080571872, -0.02161120661138456, -0.3256303527157631], [0.03898081349393169, -0.543639683172749, -0.01621301893077419], [-0.3240102884791523, -0.03626736208077969, 0.43706805228822615]]	0.7975671670288083	0.32970830478356966	[[-0.5962344792917179, -0.049634199299741874, -0.36987051697076134], [0.06903968122749969, -0.9167534648982995, 0.0], [-0.3591792337818885, 0.0, 0.5812748362301664]]	[[0.04271617371755875, -0.01802383545941259, 0.1064237553433827], [0.012023073154996747, -0.12158045618349488, 0.023714521663123565], [0.11474539666612324, 0.05304768639334016, -0.05801756443277608]]	0.6395385226738817	[[-1.0, 0.0, 0.0], [0.0, -0.98, 0.0], [0.0, 0.0, 0.98]]
3	[[-0.011589893598810297, 0.9826435305367112, 0.18514147633827627], [0.11227511405049562, -0.182704212732111, 0.9767361309048049], [0.9936095677535101, 0.03210704820265742, -0.10820889207637127]]	0.7689825270541604	0.23101747294583977	[[-0.008912425667901978, 0.7556357053055421, 0.14237056033714585], [0.08633760092784418, -0.1404963472101797, 0.7510930182082801], [0.7640683963162862, 0.024689759063129237, -0.0832107472786189]]	0.8971057898544762	0.15200064545748193	[[-0.010180199941040358, 0.906383207328498, 0.16817569933503698], [0.05489173584225503, -0.17021803413394493, 0.8462189431983839], [0.893988660049087, 0.045265850482686006, -0.03236278680763238]]	[[0.0002171607102497003, 0.024848006720970598, 0.0020842089697636857], [-0.045830919029016245, -0.006313027061164152, -0.03001669499637637], [0.00261576396260944, 0.016462431644945284, 0.06471203678781845]]	0.23879416276554064	[[0.0, 1.0, 1.9967346175427393e-16], [0.0, -1.6883138712052142e-16, 0.9411919999999999], [0.9411919999999999, 0.0, 0.0]]
3	[[-0.1979434622679918, 0.9682888025830232, -0.1524309041424854], [-0.9591958066328183, -0.15931265816426138, 0.2335869891210864], [0.2018954934697093, 0.19244810142210464, 0.9603134581872996]]	0.6571002999162272	0.342899700083773	[[-0.1300687084227537, 0.6362628625828289, -0.10016239282852885], [-0.6302878522168123, -0.10468439546018747, 0.15349008060799438], [0.13266558931068062, 0.12645770516277346, 0.631022261388464]]	0.8035303916423154	0.31617712691822714	[[-0.16411264290871397, 0.7842377907112729, -0.06375374173643578], [-0.7552599883123168, -0.07483260212377285, 0.055924440831680994], [0.13789858929731164, 0.1378985892973116, 0.7614019844730863]]	[[-0.005059055149478777, 0.00618830994886746, 0.058729122367567804], [0.015482993853018726, 0.053179960484534314, -0.13176980401933486], [-0.024330575641222457, -0.016739309009212167, -0.01023906468354092]]	0.3431568650026752	[[1.9967346175427393e-16, 1.0, 0.0], [-0.9603999999999999, 1.7227692563318512e-16, 0.0], [0.0, 0.0, 0.9603999999999999]]
3	[[0.8434013427351802, 0.37557201465901263, -0.38421327004342964], [0.4843740832070826, -0.2220497303533281, 0.8462125411309575], [0.23249929589096227, -0.89979974386248, -0.3691943910126779]]	0.41925178141784025	0.5807482185821597	[[0.3535975153919228, 0.15745923619647823, -0.1610820979100816], [0.20307469725720256, -0.09309474501398386, 0.3547761153272714], [0.0974757439806795, -0.37724264553366116, -0.15478540612153985]]	0.6314560833636278	0.674336437545683	[[0.7577570348781906, 0.285162431825198, -0.11914042058572888], [0.3449887720508048, 0.06716887120092087, 0.3125043498686052], [0.05948310734349134, -0.38378656133177586, -0.09436146512370126]]	[[0.22518612629100893, 0.048005198427630943, 0.12347338609222704], [0.039127810586012404, 0.2073835242417831, -0.22184170704713194], [-0.0873299874246169, 0.18439746073922114, 0.13876857902498405]]	1.0	[[0.0, 0.0, 0.0], [0.0, 0.0, 0.0], [0.0, 0.0, 0.0]]
3	[[0.5366695897887676, 0.8400312153292252, -0.07958208761059785], [0.7684311562343987, -0.447598556932012, 0.45735007375165615], [0.348567510712374, -0.30659923206832285, -0.8857186920071709]]	0.5405244384993209	0.4594755615006791	[[0.2900830286802345, 0.4540574009877315, -0.04301606322032214], [0.41535581924898235, -0.24193795865878223, 0.24720889181223696], [0.18840925800691197, -0.1657243777580532, -0.478752598665529]]	0.7495735350981036	0.4265996752739691	[[0.5087467793843453, 0.6353958876056078, -0.11294567254950849], [0.4966656793507068, -0.2998299407738752, 0.23146156907754956], [0.2601297422150906, -0.12166776800537416, -0.549587978830883]]	[[0.10647345778672967, 0.005730719938524101, -0.0532930458087457], [-0.07932997890743464, 0.03567809185046292, -0.11135594248185776], [-0.0011472390099296834, 0.10815090223444251, 0.11432331223940068]]	0.5246071185057871	[[0.7071067811865476, 0.7071067811865475, 0.0], [0.6655232455985289, -0.665523245598529, 0.0], [0.0, 0.0, -0.9411919999999999]]
3	[[0.20231817389064605, -0.6994113589449509, -0.6854860374160302], [-0.8413567112351195, 0.2340817656053938, -0.48715973917256866], [0.5011848371341435, 0.6752995468603828, -0.5410954454040282]]	0.5008408249225963	0.49915917507740365	[[0.1013292011082245, -0.35029376197422324, -0.3433193924523663], [-0.42138578930915993, 0.1172377045851432, -0.2439894856362661], [0.2510138272689616, 0.33821758211940967, -0.2710026892380132]]	0.7005437079497787	0.5176415653291538	[[0.23635520739845936, -0.366936343186045, -0.5050543609749013], [-0.5728746006950481, 0.1926977250175283, -0.14636705101678954], [0.44828645909911774, 0.3703314269570865, -0.27612146221586664]]	[[0.09462248367547806, 0.1230318835914445, -0.02484143057567477], [0.016532549502033624, 0.028713216976894752, 0.19490963902700875], [0.09718457492495897, -0.10274542157729138, 0.10293954746220835]]	0.8621452762717345	[[0.0, 0.0, -1.0], [-0.6655232455985289, 0.665523245598529, 0.0], [0.665523245598529, 0.6655232455985289, 0.0]]
3	[[0.8706842278162519, 0.40148237992419594, 0.28411419190603826], [0.48700467489959137, -0.7845539150430676, -0.3837989070027929], [0.06881440298339332, 0.4725325946440084, -0.8786225156123877]]	0.5439599163302249	0.45604008366977533	[[0.4736173197129747, 0.21839032179162515, 0.15454673205743805], [0.26491102221081003, -0.42676588198337734, -0.208771221340871], [0.03743227688916103, 0.25703879064585883, -0.47793543007836614]]	0.7572804214492518	0.42592707690150255	[[0.7530105760517836, 0.2871528536218892, 0.12804681750389385], [0.442984406109931, -0.4821346192633046, -0.21002256781472428], [0.1100837314288624, 0.2192469208525905, -0.5514269398244331]]	[[0.09365845706187609, -0.01688189225155447, -0.0871072974824244], [0.07418530065421257, 0.11199270017017005, 0.0806208302321129], [0.05797193133581967, -0.13859276156793257, 0.11393668909331764]]	0.5736309743616973	[[0.7071067811865476, 0.7071067811865475, 0.0], [0.6791053526515601, -0.6791053526515602, 0.0], [0.0, 0.0, -0.9603999999999999]]
3	[[0.5703528252803276, 0.5739516156578184, -0.5876029250935769], [-0.5509578072563881, -0.26325551186259916, -0.7919229950551969], [-0.609215191305979, 0.7754199367811874, 0.16607459867264057]]	0.4406366605060721	0.5593633394939279	[[0.25131836424172677, 0.2529041232155257, -0.25891939061683344], [-0.24277220826920304, -0.11600002960695228, -0.3489503039190886], [-0.26844254742663437, 0.3416784514330919, 0.0731785565539985]]	0.6868262161274123	0.5543728182952613	[[0.43488157054732474, 0.2002921626076456, -0.4374384192784908], [-0.17845615059240555, -0.08155468752835104, -0.487075390167496], [-0.4157773057112209, 0.4614445303918181, 0.30031868317318494]]	[[0.04314829770245826, -0.1939128538148287, -0.033857325651070067], [0.1999561154113557, 0.09925609955892312, 0.056838083990552436], [0.002647658940802343, -0.07113421069736217, 0.1862542949719766]]	0.900835799612483	[[0.0, 0.7071067811865475, -0.7071067811865476], [0.0, -0.665523245598529, -0.6655232455985289], [-0.9411919999999999, 0.0, 0.0]]
3	[[0.2023859315102588, -0.1060602062400518, 0.9735456678446278], [0.6690322325666673, 0.7409383789188091, -0.0583625773250962], [-0.7151474019484273, 0.6631451962409777, 0.2209132005764473]]	0.7267241404123433	0.2732758595876568	[[0.14707874210834423, -0.07707651221175749, 0.7074991386165479], [0.48620187412016225, 0.5384578065182868, -0.04241349383882945], [-0.5197148809490912, 0.4819236227067992, 0.16054295579465827]]	0.8750772321145576	0.21080242843420716	[[0.1466851716174766, -0.09282578142068562, 0.814865130780195], [0.5911319866298775, 0.6878007841948108, -0.03584467616972591], [-0.5609868422328129, 0.5360073970073315, 0.16449464561227972]]	[[-0.03041814914744707, -1.4909706641962409e-05, -0.03706251757440044], [0.005677112360015366, 0.03942247840309195, 0.015227086454991101], [0.06482236681813394, -0.044295865809288376, -0.028821466485725845]]	0.26116324632428506	[[0.0, 0.0, 1.0], [0.6655232455985289, 0.665523245598529, 0.0], [-0.665523245598529, 0.6655232455985289, 0.0]]
3	[[0.511206875187014, 0.8459474298653378, 0.15179089783566851], [-0.8586320663191376, 0.5104270682068909, 0.047065727767094744], [-0.037663051523436505, -0.15439285587729631, 0.9872914162515521]]	0.8136829917051384	0.18631700829486175	[[0.4159603395824048, 0.6883330355581008, 0.12350967186453575], [-0.6986543084965205, 0.41532582390586575, 0.03829658217630925], [-0.030645784440334577, -0.12562684086813872, 0.8033422332603659]]	0.8937926458012488	0.17233861708434278	[[0.46100962947042307, 0.6954602785988215, 0.11358328048993399], [-0.7838595152348103, 0.45178943688101453, 0.0], [2.1345826847702788e-17, -0.10690367493088195, 0.8640931523969482]]	[[0.004096683945232967, -0.06064131294928507, -0.02208630769515523], [-0.01642048890963506, -0.004426522900197025, -0.04206700134751291], [0.03366295847008108, 0.031091524216497596, -0.018340654711388744]]	0.2997046427382394	[[0.7071067811865476, 0.7071067811865475, 0.0], [-0.6929646455628165, 0.6929646455628166, 0.0], [0.0, 0.0, 0.98]]
3	[[-0.048811022471290655, 0.8404542750081037, 0.5396796232079825], [-0.1921970497933101, 0.5223223691777455, -0.8308066181171734], [-0.9801417132925497, -0.1442773519203538, 0.13603774324354012]]	0.65551722756377	0.3444827724362302	[[-0.03199646612493331, 0.5509322562474304, 0.3537692903779566], [-0.12598847722644652, 0.3423913113379357, -0.5446080509498011], [-0.6424997785171357, -0.09457628973107265, 0.0891750842950374]]	0.8136236735874752	0.31135366563639877	[[-0.07619726670489535, 0.6774422869725997, 0.4854201280924701], [-0.09481641072199043, 0.36394112515754534, -0.5927848796053528], [-0.7899392815980478, -0.02004177901394248, 0.10496692213510987]]	[[-0.036483463290243046, -0.0063712077417917845, 0.04632401049768695], [0.06155965898351745, -0.06103271964976536, 0.08317905306792861], [0.007527219807358543, 0.09734569007096874, -0.005716606269248996]]	0.30949718630669454	[[0.0, 0.7071067811865475, 0.7071067811865476], [0.0, 0.665523245598529, -0.6655232455985289], [-0.9411919999999999, 0.0, 0.0]]
3	[[0.8677758745180911, 0.35246868940790826, 0.3503296370440759], [0.30489758050525356, -0.9342923179771935, 0.18475748962043512], [0.39243151887482847, -0.05351343341511783, -0.9182231838925224]]	0.6467437026751741	0.35325629732482605	[[0.5612285821780174, 0.2279569052647365, 0.22657348661873544], [0.1971905901526697, -0.6042476731095412, 0.11949074293409026], [0.253802613563549, -0.03460947606975469, -0.5938550618328371]]	0.8227786287674627	0.2983893412253001	[[0.6465831876153214, 0.3153861346981299, 0.22277959800828545], [0.15088232979966365, -0.8457939616710513, 0.1520145139644203], [0.27818814239005485, 0.0, -0.6930697999680844]]	[[-0.06740425649815954, 0.025382429743626506, -0.06546414037544225], [-0.09998088340296599, -0.0770782094178018, 0.0], [-0.04469612459490921, 0.044029709365929565, 0.06242461217749891]]	0.5356621071956609	[[1.0, 0.0, 0.0], [0.0, -0.98, 0.0], [0.0, 0.0, -0.98]]
3	[[0.8076735082395426, -0.3067057453339202, -0.5035822572998319], [0.0850908944562452, -0.7844955095899794, 0.6142689436344596], [-0.5834578337537903, -0.5389790174137795, -0.6075183742233737]]	0.4745531831999252	0.5254468168000749	[[0.38328403432132596, -0.14554818775391742, -0.23897656320463895], [0.04038015482554001, -0.3722848412819722, 0.2915032825425883], [-0.27688177227079397, -0.25577420839167697, -0.28829977834014536]]	0.6855719098224498	0.5555679283829088	[[0.6315949169851743, -0.1950817481850996, -0.2875995771451045], [0.06157276580519199, -0.5355597624732981, 0.3165040233727783], [-0.3212356422235569, -0.19446740844014002, -0.2903776159302758]]	[[0.07787664742839316, 0.015187095396993984, 0.05764227274464158], [0.0032368387843234696, 0.0022683222834401088, -0.10462150945931689], [0.07876665916389845, 0.17504146588245217, 0.1261199161382722]]	0.8927953520019972	[[1.0, 0.0, 0.0], [0.0, -0.98, 0.0], [0.0, 0.0, -0.98]]
3	[[0.6153023296687069, 0.7313682018673757, -0.2941149373995541], [-0.35367086285074184, -0.07732112734721036, -0.9321686349776892], [-0.7044997969301864, 0.6775854164332626, 0.21108775322668094]]	0.4423451990212403	0.5576548009787597	[[0.27217603147553704, 0.32351721281283097, -0.1301003305191254], [-0.15644460821572514, -0.034202629464948446, -0.41234032036056384], [-0.3116321028835066, 0.29972665588606157, 0.09337365421200261]]	0.6866090582583304	0.5591807228309745	[[0.4793436419240011, 0.33092713889683867, -0.2814844658986732], [-0.027054984408812474, 0.03881618140907414, -0.6033050275626044], [-0.42695841631654186, 0.3695105642829256, 0.346744218453004]]	[[0.05687148880601354, -0.17123689342740872, -0.07954248571105767], [0.21577863366654654, 0.09190556784041475, 0.03673040103738004], [0.05675752579687847, -0.09572572038389544, 0.2018094550001658]]	0.9271739188870977	[[0.0, 0.7071067811865475, -0.7071067811865476], [0.0, -0.665523245598529, -0.6655232455985289], [-0.9411919999999999, 0.0, 0.0]]
3	[[0.7983197949725356, -0.14272590074337235, -0.5850767660845899], [0.4905325911139221, -0.4095002147242297, 0.7692121626676685], [-0.3493755601212979, -0.9010765180592617, -0.2569004215491415]]	0.41878189155494255	0.5812181084450577	[[0.33432187380435235, -0.05977102268719246, -0.2450195548057533], [0.20542616637603545, -0.17149127451436808, 0.3221321244890344], [-0.14631215793066477, -0.3773545286685989, -0.1075852444776116]]	0.6430238118334196	0.6369659210331631	[[0.6241525258982396, 0.002419170156817571, -0.33552223660913977], [0.23961821711635925, -0.1688323285467221, 0.3189874348239301], [-0.2548884278222697, -0.46601887615926474, 0.04770540105065044]]	[[0.11081388827292579, 0.09419532290017917, 0.04069605573374331], [-0.07580591945023915, 0.09448606047185591, -0.17563430212326245], [-0.03023162339163667, 0.11339478123678687, 0.21289848937679184]]	0.9586336724829507	[[0.0, 0.0, -1.0], [0.6655232455985289, -0.665523245598529, 0.0], [-0.665523245598529, -0.6655232455985289, 0.0]]
3	[[0.5388625488158765, 0.700060485213946, -0.46855359408041286], [-0.17010925617958866, -0.45432840348109804, -0.874441846409665], [-0.8250393896328132, 0.550909265516865, -0.12573379307880614]]	0.4731555037554512	0.5268444962445491	[[0.25496578073992243, 0.3312374715406901, -0.22169871184354492], [-0.08048813080111836, -0.21496798461950886, -0.41374697234281194], [-0.3903719280198037, 0.2606657510491779, -0.05949163620328619]]	0.6962051801136697	0.5312424872477437	[[0.40750040643619523, 0.41271838030030555, -0.41358743754858407], [0.012189972983357243, -0.25940564160354607, -0.5365231051372028], [-0.5144505219146933, 0.25238282268351775, 0.08616677008721833]]	[[0.03234150858132677, -0.07466735589853278, -0.08737799818892293], [0.13062091832087017, 0.05690014637276784, 0.07226783804136794], [0.059946174945491475, -0.13116306174194076, 0.17370328814402347]]	0.6549276945787427	[[0.0, 0.7071067811865475, -0.7071067811865476], [0.0, -0.665523245598529, -0.6655232455985289], [-0.9411919999999999, 0.0, 0.0]]
3	[[0.8741664903139315, -0.15370841972864166, -0.46065895076156604], [0.4523572401227667, -0.08732656712286135, 0.8875511241517584], [-0.17665184550617297, -0.9842498627782785, -0.006806842160875459]]	0.412435314349435	0.5875646856505651	[[0.3605371312263686, -0.0633947804089372, -0.18999201916522734], [0.1865681005282761, -0.03601656016237438, 0.36605742689072485], [-0.07285745943174626, -0.40593940155334757, -0.0028073820863476727]]	0.6486856508746053	0.6089845081454223	[[0.7075011510895014, 0.03648538129831153, -0.2487064082338508], [0.2107689306412145, 0.07274628261349227, 0.40973073538207416], [-0.1812988330828057, -0.5196270148747145, 0.2122622955180286]]	[[0.14044189234743937, 0.13619382759489249, 0.05011644307212845], [-0.08266872009566256, 0.1293937736462305, -0.16601094327279692], [-0.06670731570243368, 0.11884174798485421, 0.21667779635555678]]	0.9188203376454674	[[1.0, 0.0, 0.0], [0.0, 0.665523245598529, 0.6655232455985289], [0.0, -0.6655232455985289, 0.665523245598529]]
3	[[-0.13714492618686602, -0.09186257958165817, -0.9862821785340151], [0.9849622221878442, -0.11826677366833438, -0.12594598488585185], [-0.1050746881222272, -0.9887235390738337, 0.10670085846576022]]	0.529118422824623	0.47088157717537743	[[-0.07256590704239385, -0.0486061832248484, -0.5218600707659512], [0.5211616575458681, -0.06257712875594575, -0.06664034088389573], [-0.05559695325802199, -0.5231518396043264, 0.05645738994543637]]	0.7419261925854762	0.45177994793469123	[[-0.05285362540731603, -0.05285362540731603, -0.863015415951511], [0.5952306251278647, -0.03280554304537053, -0.04142101556855223], [0.05877835801758932, -0.6450669171863231, 0.0295200174254076]]	[[0.04889778751092164, 0.015301628502783918, -0.1312668344168604], [-0.1355386462204922, 0.054939674051745074, 0.05202160946923578], [0.13673602131321974, 0.08849297367836344, -0.04964414424169565]]	0.6631357420177949	[[0.0, 0.0, -1.0], [0.6655232455985289, -0.665523245598529, 0.0], [-0.665523245598529, -0.6655232455985289, 0.0]]
3	[[-0.06806473341269687, 0.662577969415037, -0.7458938439961176], [-0.9098273039671204, 0.2655430850439849, 0.3189061726295745], [0.4093671567448706, 0.700340848752355, 0.5847574082877884]]	0.5238200921510056	0.4761799078489945	[[-0.03565367492847247, 0.34707165299621084, -0.390714182096914], [-0.4765858222055579, 0.13909680327780255, 0.16704946073434818], [0.2144347417696932, 0.3668526079305721, 0.3063076794952925]]	0.709321989313666	0.4750463481932388	[[-0.1097951414080966, 0.43437378235943136, -0.4318723666438026], [-0.6622039217836576, 0.15132437490084605, 0.05874920715536639], [0.3146730407059996, 0.3877122690573606, 0.40090209265370824]]	[[-0.06151532930169818, -0.035607340981451935, 0.09720653859634065], [-0.01684340860181026, -0.03703117443104137, -0.16745795361865073], [0.02429991472404859, -0.10905489497728114, -0.013879195458889465]]	0.8093317325694135	[[0.0, 0.0, -1.0], [-0.6655232455985289, 0.665523245598529, 0.0], [0.665523245598529, 0.6655232455985289, 0.0]]
3	[[0.31358954156160956, 0.32022056906021157, -0.893935336908623], [-0.7749177473382989, -0.45777931064204774, -0.4358217383383115], [-0.5487841873481009, 0.8293954966714284, 0.10458979786689793]]	0.5157255075413616	0.48427449245863835	[[0.16172612548152404, 0.16514591550376126, -0.46102525533635774], [-0.39964484854885274, -0.2360884673228047, -0.22476438720208422], [-0.283022003550773, 0.4277404134733921, 0.05393962658855435]]	0.7411932195786163	0.44852824729456264	[[0.2724171102225617, 0.0770629352880909, -0.6403055548829342], [-0.43826351413211667, -0.2585314372871695, -0.2465511555894208], [-0.4406963793678168, 0.5743800209292061, 0.22648333190669345]]	[[0.039986668286330025, -0.16028237926894395, 0.022273255575463162], [0.1361002659261658, 0.0807714838240894, 0.07647696181190153], [-0.03394126069344336, -0.04036229755269537, 0.14896208289065066]]	0.5265938683475433	[[0.0, 0.0, -1.0], [-0.6655232455985289, -0.665523245598529, 0.0], [-0.665523245598529, 0.6655232455985289, 0.0]]
3	[[-0.7147397866006825, 0.47804333933038157, 0.5105111195379277], [0.6441331517519284, 0.16556701204019203, 0.7467797850358632], [0.2724693015077806, 0.8625903606266073, -0.42626089369061476]]	0.49120043685370074	0.5087995631462994	[[-0.35108049541497605, 0.23481509711408538, 0.25076328493570194], [0.3163984855324983, 0.08132658864270423, 0.36681855664312873], [0.13383703992984453, 0.4237047619655808, -0.20937953719447885]]	0.7289474090961457	0.5023231001264447	[[-0.5802088723218899, 0.2692062404005745, 0.5313000035275001], [0.3466771596174228, 0.03651221901140929, 0.429747320683627], [0.3424181333077701, 0.4638823791179535, -0.2739790904407406]]	[[-0.059201156701390284, -0.07926221323997679, 0.15916424562555492], [-0.12286203246508, -0.08417742544707901, -0.11461586878364213], [0.14380234191543695, -0.16490062937212197, 0.03674268361404065]]	0.6767829603417048	[[-0.4999999999999999, 0.5, 0.7071067811865476], [0.47059599999999996, -0.47059600000000007, 0.6655232455985289], [0.665523245598529, 0.6655232455985289, 0.0]]
3	[[-0.6025847497358183, -0.5627740937894159, -0.565841796569786], [-0.05773503450399975, -0.6764267119426086, 0.7342435353214446], [-0.7959637461446616, 0.4751128526255769, 0.37511263920767013]]	0.4572341909421054	0.5427658090578947	[[-0.27552235051950796, -0.25731955745698015, -0.25872221605581347], [-0.02639843179045087, -0.3092854203667071, 0.33572124882717197], [-0.3639418394877017, 0.2172378407764514, 0.17151432410027692]]	0.6731572280035372	0.5575510159550835	[[-0.16805619046889309, -0.2892119458930337, -0.3780411485198973], [0.019496845090896095, -0.635174082631633, 0.540611496062883], [-0.47663573833211526, 0.24891068119303067, 0.048932845054126387]]	[[0.23757808930047558, 0.08962350307445216, 0.002859346747561213], [0.05836160087629712, -0.17983255227279935, 0.04635015314638213], [0.05917301061393636, -0.0709149696692558, -0.20357693934399979]]	0.6593675373619329	[[0.0, -0.7071067811865475, -0.7071067811865476], [0.0, -0.665523245598529, 0.6655232455985289], [-0.9411919999999999, 0.0, 0.0]]
3	[[0.1615105106326433, 0.7484963581880271, -0.6431699283505437], [0.2746907081173145, -0.6600677628887605, -0.6991820673251248], [-0.9478709668668996, -0.06374755033950519, -0.3122128760902104]]	0.6401190205821837	0.35988097941781627	[[0.103385949879896, 0.47912675571265134, -0.4117053046036633], [0.17583474704308186, -0.4225219298982264, -0.4475597401447854], [-0.6067502349491274, -0.040806019487837505, -0.1998534004560122]]	0.8368018300898201	0.2913384172252919	[[0.1075513491347425, 0.7330800712045387, -0.5057540958764508], [0.24118481132608274, -0.5741965950513638, -0.46318055932843144], [-0.6673666547930156, -0.012330425963191902, -0.2716394634184849]]	[[-0.027600941741394807, 0.10673694885723206, 0.03245167722602262], [0.011323124064845345, -0.02185068308275548, 0.12189627417521678], [0.12581350497021332, 0.04101364082464898, -0.010379157328590514]]	0.3324447848362645	[[0.0, 0.7071067811865475, -0.7071067811865476], [0.0, -0.665523245598529, -0.6655232455985289], [-0.9411919999999999, 0.0, 0.0]]
3	[[0.9108526935290702, 0.369894861597951, -0.1830987767689077], [-0.28482357056054014, 0.8843967298970963, 0.3697539151928853], [0.2987020327081532, -0.28464050223177145, 0.9109099187873969]]	0.7006757940447532	0.2993242059552469	[[0.6382124342962835, 0.2591763758632184, -0.12829288080117746], [-0.1995689814651683, 0.619675380971231, 0.25907761812893126], [0.20929328395056707, -0.19944070991854382, 0.638252530649601]]	0.8255804592845399	0.3215969395881061	[[0.6814413772647997, 0.29876443545891745, -0.1935289975328175], [-0.29218057794533325, 0.7340973594531144, 0.24551435562613647], [0.18609541646725772, -0.24492988614638508, 0.670520993417076]]	[[-0.07054080779949035, -0.006613534266110242, -0.0423662253135052], [-0.0570358037468999, 0.003956700994924386, -0.05974725150106269], [-0.06050714488516505, -0.009936249582897055, -0.08150843570226612]]	0.5984144900103919	[[0.7071067811865476, 0.7071067811865475, 0.0], [-0.6929646455628165, 0.6929646455628166, 0.0], [0.0, 0.0, 0.98]]
3	[[-0.4317850840940142, 0.8067077608929694, 0.4034652769061755], [-0.8878263375968627, -0.45904284438783466, -0.032311937200791035], [0.1591415578133718, -0.3721589116645979, 0.9144242500313273]]	0.6235198405897971	0.3764801594102029	[[-0.2692265668033519, 0.5029982944745365, 0.25156860514005697], [-0.5535773364898191, -0.28622232115658963, -0.020147133932584764], [0.0992279187590056, -0.23204846527518244, 0.570161662610978]]	0.816005259774009	0.31971096626238854	[[-0.3366719284882628, 0.5315400002111245, 0.32900592093873227], [-0.7844224379173694, -0.41591190846416193, 0.0], [0.09257218834403438, -0.2739314217146055, 0.6444227135304414]]	[[0.0156669712244156, -0.12673777577805223, -0.000223867152883895], [-0.059951476672434556, -0.041330532982067, 0.026366710709332948], [-0.03728815988030658, 0.02975220767547713, -0.10175228416002517]]	0.5217565754569262	[[-0.7071067811865476, 0.7071067811865475, 0.0], [-0.6791053526515601, -0.6791053526515602, 0.0], [0.0, 0.0, 0.9603999999999999]]
3	[[-0.9512982242440221, -0.26632565387263285, -0.15524926614797568], [-0.28936275749252405, 0.9451100598101759, 0.15177670908913832], [0.10630561192379806, 0.1893082695893678, -0.9761462472081662]]	0.6964808518642438	0.30351914813575626	[[-0.6625609975984189, -0.18549071828251307, -0.1081281411380408], [-0.2015356198361798, 0.658251059562058, 0.10570957163955459], [0.07403982315063656, 0.13184958486854884, -0.6798671697996284]]	0.8240106654489259	0.2578287755068356	[[-0.7840798542541676, -0.20468735156047974, -0.038972887129899374], [-0.2538132818163249, 0.7577522466100076, 0.04337153046708154], [0.09997719610382963, 0.09997719610382962, -0.8262041806651896]]	[[-0.00019997145446936856, 0.014767827713228779, 0.08895416397915147], [-0.01537528345877396, -0.021028522696649496, -0.08169409658910735], [0.012380238081545501, -0.05601483709549, -0.02184926192771673]]	0.3627494797417093	[[-1.0, 0.0, 0.0], [0.0, 0.98, 0.0], [0.0, 0.0, -0.98]]
3	[[-0.24698665360156102, 0.8466372453907605, -0.4713840978011963], [-0.6254476894109686, -0.5108406865688171, -0.5897940155311683], [-0.7401437568156493, 0.1491548445845619, 0.6556981405980744]]	0.5518806010134096	0.4481193989865904	[[-0.13630714283192033, 0.4672426718265905, -0.2601477392026881], [-0.34517244673457365, -0.28192306512570164, -0.3254958757654534], [-0.40847098134774334, 0.08231566527338972, 0.36186708391664046]]	0.7660072405593419	0.397460168559191	[[-0.108824809733856, 0.7916896427490694, -0.3167789295338637], [-0.5085832680606185, -0.3930804240292791, -0.27423477929378715], [-0.41015237087699974, 0.02802774238667606, 0.5299825733548683]]	[[0.0803687552464617, 0.14315938265253053, 0.044304702466385563], [-0.029485809380706055, -0.0017727593452600329, 0.17755170704165665], [0.15680310589858035, -0.08622594852960169, 0.02771305003544605]]	0.7316812492059602	[[0.0, 0.7071067811865475, -0.7071067811865476], [0.0, -0.665523245598529, -0.6655232455985289], [-0.9411919999999999, 0.0, 0.0]]
3	[[-0.7565373765452967, 0.581550495723293, 0.2990822943839241], [0.05028910555470567, 0.5077298103841723, -0.8600473507370163], [-0.6520139597834296, -0.6356173853594982, -0.4133622330067026]]	0.4107039088217337	0.5892960911782663	[[-0.31071285771689316, 0.23884506177077336, 0.12283426736285007], [0.020653932222466385, 0.20852661775009723, -0.3532248087194691], [-0.26778468188939114, -0.26105054468219613, -0.16976948485513302]]	0.5921320088032488	0.6651813401671572	[[-0.3390472897088387, 0.3658743035984895, 0.3318552221901487], [0.07042116286985901, 0.1946263790373938, -0.4689926646539625], [-0.22690387910604784, -0.19119587639893326, -0.2729420559325921]]	[[0.10892270679966776, 0.021519640345330895, 0.15475902241911105], [0.04064337377683251, -0.10601669351467874, 0.04026890080385926], [0.159174456668275, 0.1851735228242551, -0.028177046538936636]]	0.887531792611526	[[0.0, 0.7071067811865475, 0.7071067811865476], [0.0, 0.665523245598529, -0.6655232455985289], [-0.9411919999999999, 0.0, 0.0]]
3	[[0.4811460874291297, -0.5569646813589093, -0.6769702994005047], [0.28537953366574575, -0.6306542773568745, 0.7216880934421741], [-0.8288889939650315, -0.5404308708523664, -0.14449051703620916]]	0.5208624865904755	0.4791375134095245	[[0.25061094751161483, -0.29010200887567333, -0.35260843349364557], [0.14864349352717063, -0.3284841550830211, 0.37590025489303025], [-0.431737182504104, -0.2814901672224197, -0.07525968999222336]]	0.7198824865936428	0.44894107235421815	[[0.3475426896308397, -0.32944565161967027, -0.5159964534034511], [0.1241538950721496, -0.410191475529753, 0.45754263116350613], [-0.5626613737006401, -0.2716249144964351, 0.02403403128161731]]	[[0.0011740477975555469, 0.07150346814181735, -0.028657390920972838], [-0.08128583324608164, 0.043805493834830796, -0.061987988088671474], [0.03404129638500987, 0.1174218046447343, 0.12805022397484467]]	0.5979116123903215	[[0.0, -0.7071067811865475, -0.7071067811865476], [0.0, -0.665523245598529, 0.6655232455985289], [-0.9411919999999999, 0.0, 0.0]]
3	[[-0.6195752977719757, 0.6381387633459072, 0.45706166882175114], [0.5448782585382363, -0.06948620364724613, 0.835631109326976], [0.5650080829183833, 0.7667793595409634, -0.304656002761875]]	0.5555371062154486	0.44446289378455156	[[-0.34419706800681826, 0.35450976195309025, 0.2539147168592394], [0.30270009098804485, -0.038602164496088456, 0.4642240883391134], [0.3138829553728169, 0.4259743865051218, -0.16924771416549772]]	0.7822574818848312	0.3887879138797597	[[-0.5750703420939244, 0.41947182387222187, 0.5036604628572074], [0.33519774592038604, -0.12064770479618898, 0.5336469772910589], [0.5336469772910589, 0.4740411983575007, -0.21989871847737363]]	[[-0.0904029298207742, -0.07971699823584771, 0.14612055273862581], [-0.09103734853752671, -0.06629160210535767, -0.12003171007568958], [0.09166517710274855, -0.12577769259827692, 0.018420719084228838]]	0.46264574254709306	[[-0.4999999999999999, 0.5, 0.7071067811865476], [0.47059599999999996, -0.47059600000000007, 0.6655232455985289], [0.665523245598529, 0.6655232455985289, 0.0]]
3	[[0.6392458436810273, -0.42249799911284014, -0.642541976902815], [0.5964188253930831, -0.25505911223508765, 0.7610712410691811], [-0.4854372627366653, -0.869735758728762, 0.08894028297255557]]	0.42895267702288736	0.5710473229771126	[[0.27420621592273087, -0.18123164775626627, -0.2756201010920408], [0.255835451779209, -0.1094082889923219, 0.3264635462617565], [-0.2082296133775553, -0.37307548200923457, 0.03815117247625086]]	0.6754537554071349	0.5613124293075376	[[0.5028759099720902, -0.0879125407699491, -0.42606717239504344], [0.2318212618294176, -0.057621892622614974, 0.42420871785288994], [-0.3632582551781753, -0.5153519405092628, 0.2536234005991367]]	[[0.07109490422933808, 0.19746531938281908, 0.007940218910687503], [-0.17103207357785263, 0.1146587425873849, -0.08985971005965729], [-0.035367833048134685, 0.0721143439359532, 0.19354835245835073]]	0.9054236124202629	[[0.0, 0.0, -1.0], [0.6655232455985289, -0.665523245598529, 0.0], [-0.665523245598529, -0.6655232455985289, 0.0]]
3	[[-0.9645173536663985, 0.2631232422499032, 0.021735543799654512], [0.24053004160075506, 0.8417770646002551, 0.48327701435151793], [0.10886493266386094, 0.47135711822447, -0.8751976311298015]]	0.5101169667999788	0.4898830332000213	[[-0.49201666687824563, 0.13422363023109668, 0.011087669674827848], [0.1226984552456499, 0.4294047629156721, 0.24652780468514615], [0.05553384924137273, 0.24044726342824566, -0.446453160942461]]	0.7441383606947118	0.4622291780112756	[[-0.8085585122663896, 0.09996025032398606, 0.1851197756185171], [0.08038217556089164, 0.5204044438705434, 0.1984878962921435], [0.20876765800298974, 0.21130574105698072, -0.6649316999114938]]	[[-0.09082414984747422, -0.09583984782453443, 0.1689455236866341], [-0.09860545529372507, -0.10599416105149685, -0.16113706892882976], [0.12775708547336412, -0.13944917220035988, -0.013663569398668354]]	0.5619146066552438	[[-1.0, 0.0, 0.0], [0.0, 0.98, 0.0], [0.0, 0.0, -0.98]]
3	[[0.3502993174823247, 0.16132854553037096, 0.9226394141637744], [0.9363424150508688, -0.08505486977734195, -0.3406296389098664], [0.023521691013278723, 0.9832287473036041, -0.18085342277010252]]	0.632338972883245	0.3676610271167551	[[0.22150791061847497, 0.1020143267774226, 0.5834208594939199], [0.5920858010002835, -0.0537835089937226, -0.21539339600185553], [0.014873681935813808, 0.6217338561792407, -0.11436066759686588]]	0.7721590321693744	0.39452748116230174	[[0.3219044449638532, 0.12375682752194923, 0.6268337986402877], [0.7173154925789862, -0.035078856077226175, -0.13187184546755157], [0.019803082787820593, 0.7020397192895806, -0.07622631264944289]]	[[0.05141766300710894, -0.0008144660560748529, -0.08559055844173095], [-0.0056897604058273555, 0.030597029851338456, 0.1311484068412944], [0.0016405966200201071, -0.05716923862947672, 0.06342129124123816]]	0.42128462279202816	[[0.0, 0.0, 1.0], [0.9411919999999999, -1.6883138712052142e-16, 0.0], [1.8793106481542857e-16, 0.9411919999999999, 0.0]]
3	[[-0.15924507484483535, -0.9821037016433163, 0.10056503048355725], [0.4404411616894768, -0.16184076937647524, -0.8830736936729884], [0.8835454652859054, -0.09633215759094466, 0.45833124068362]]	0.5676877358594818	0.4323122641405182	[[-0.09040147598543827, -0.5575282267651103, 0.05708953446185047], [0.25003304585881897, -0.09187501993708777, -0.5013101057582884], [0.501577924717068, -0.05468658443326216, 0.26018902429735147]]	0.7909958086033012	0.3377216404474339	[[-0.12596218674298376, -0.9235600458048205, 0.02208991155489213], [0.1729975911109142, -0.11577038932727372, -0.6952948094219505], [0.7033694012927479, -0.03568784674475589, 0.2276590547542574]]	[[-2.861452705932942e-17, -0.14672013419117008, -0.05745660604966501], [-0.1753895217218309, 0.01224498091065179, 0.003212780961218847], [0.004488641541143156, 0.04051048614339401, -0.1348790355784369]]	0.49511330578990814	[[0.0, -1.0, 1.9967346175427393e-16], [0.0, -1.6883138712052142e-16, -0.9411919999999999], [0.9411919999999999, 0.0, 0.0]]
3	[[0.47760876960590826, -0.863333164219942, 0.1629285449315538], [0.019313472734014514, 0.19571911282807325, 0.9804697948660861], [-0.878360320692188, -0.46513425635162037, 0.11015112619370837]]	0.5034464270220181	0.496553572977982	[[0.24045042857247673, -0.4346419968561431, 0.08202579380568709], [0.009723298841326784, 0.09853408805321276, 0.4936140150283421], [-0.44220736509039604, -0.23417017944576668, 0.05545519091467392]]	0.6979461876304381	0.48091567778039374	[[0.36612014054800684, -0.47722132079164614, 0.08457681539843223], [-0.03938888968041417, 0.25658048859806504, 0.6269221337117231], [-0.5806135486111441, -0.216366356239998, 0.16066205424713867]]	[[0.032774920622698836, 0.1253387698305853, -0.029138541392720308], [-0.052868654345024024, 0.11997907995329976, -0.05739302170185958], [0.032434688581817674, 0.10827232471693435, 0.08378249565704063]]	0.769025866942983	[[0.0, -0.7071067811865475, 0.7071067811865476], [0.0, 0.665523245598529, 0.6655232455985289], [-0.9411919999999999, 0.0, 0.0]]
3	[[-0.2320176213509193, 0.7258914686476092, -0.6474947097291828], [-0.9237427054821723, 0.04411687515891305, 0.3804643418175869], [0.30474126312519306, 0.6863929465479887, 0.6603010566991635]]	0.4935862372517913	0.5064137627482087	[[-0.11452070469871109, 0.35829003866295, -0.3195944774156682], [-0.4559466861877351, 0.02177548240899494, 0.18779196288622207], [0.15041609340132212, 0.33879411176279167, 0.32591551402952185]]	0.6797133535708779	0.5147861402351058	[[-0.2042104846892593, 0.43054791438456114, -0.37754932261003693], [-0.6132329192089595, -0.0037707483868279212, 0.07142129972467158], [0.2627436378669497, 0.37319163563810165, 0.42185645664938576]]	[[-0.04650500919328783, -0.06285021009839512, 0.06256147795938806], [0.014647332970963475, -0.03375757755016053, -0.18718539396629724], [0.05560693193669942, -0.09335881592742815, -0.026958988965997004]]	0.837009186846871	[[1.9967346175427393e-16, 1.0, 0.0], [-0.9603999999999999, 1.7227692563318512e-16, 0.0], [0.0, 0.0, 0.9603999999999999]]
3	[[-0.5196294348588592, 0.17521189697653233, -0.8362332459225404], [0.269824892373195, 0.9623103357733339, 0.033960935199249837], [0.8106662555479022, -0.20798944401507244, -0.5473213071809325]]	0.5667452890681907	0.4332547109318096	[[-0.29449753426742464, 0.09930051720015085, -0.47393125268880154], [0.15292198662583983, 0.5453848494211655, 0.01924720003652494], [0.45944128133832346, -0.11787703757145447, -0.31019177245143753]]	0.7985553874273108	0.3466570017996407	[[-0.33899888305648285, 0.1096239799294723, -0.6155933776954137], [0.2223682196158382, 0.8694085567380312, 0.0], [0.5393382813492956, -0.117085349291573, -0.373679868162614]]	[[0.07595400161586796, -0.0302924243424965, 0.05218518598185829], [0.006898098149229034, 0.10095045372925096, -0.027119687765430747], [-0.10802362442400672, 0.04900574175467415, 0.06338651034047774]]	0.6351263614741122	[[0.0, 0.0, -1.0], [0.0, 0.9603999999999999, 0.0], [0.9603999999999999, 0.0, 0.0]]
3	[[-0.29094534609566214, 0.7352895391304536, 0.6121275187659843], [-0.720858324577614, -0.5891471504749901, 0.36506014706395234], [0.6290580906978549, -0.3350446667722445, 0.7014492068532439]]	0.6036565978118494	0.39634340218815045	[[-0.17563107777329842, 0.44386238159813235, 0.36951481540528314], [-0.43515088371887234, -0.3556425644662784, 0.2203709663733189], [0.37973506685668496, -0.20225192365873784, 0.42343444174684947]]	0.7880189924205296	0.37058179656280854	[[-0.20071046399453799, 0.599378489098403, 0.36154845992425383], [-0.5394207279089628, -0.6116638021190504, 0.28750401587920604], [0.35655515516449104, -0.2543880198290593, 0.49226112297508334]]	[[0.02855999448520798, 0.019956367335467382, -0.12081965064659594], [0.028629322702639737, -0.14740465821432253, -0.00017031338302000095], [-0.1391545676412147, 0.009633540896676864, -0.06049417424358939]]	0.8121760742969659	[[-0.7071067811865476, 0.7071067811865475, 0.0], [-0.6791053526515601, -0.6791053526515602, 0.0], [0.0, 0.0, 0.9603999999999999]]
3	[[0.40945118502923766, -0.6319690739801498, 0.6580006205246504], [0.1566510016798315, 0.7592176555418734, 0.6317032651381553], [-0.89878261595942, -0.15557519418651922, 0.40986115722640565]]	0.6104854388344579	0.38951456116554206	[[0.24996398637386305, -0.3858079174585778, 0.4016997975743369], [0.09563315550436934, 0.4634913236143489, 0.3856456450310267], [-0.5486936997207685, -0.09497639069471321, 0.250214268430561]]	0.8187040966994937	0.29702970522719113	[[0.2522729618597307, -0.5315758629327682, 0.5275411062833353], [0.1041720215080555, 0.6998035053799039, 0.4974178830800693], [-0.6642782331481805, -0.0971497429509879, 0.24447122858750178]]	[[-0.0829464007221687, -0.01418019307783423, -0.011166697371005], [-0.02407879531930182, 0.07822890050118722, -0.019760167986984847], [0.07155877658008453, 0.030220305874334673, -0.09108377991175186]]	0.4725488395077677	[[0.0, -0.7071067811865475, 0.7071067811865476], [0.0, 0.665523245598529, 0.6655232455985289], [-0.9411919999999999, 0.0, 0.0]]
3	[[0.2474980822640765, 0.6766944151993265, -0.6934186092928614], [-0.6725024223343065, 0.6351887809349719, 0.37983641811816093], [0.6974849039442319, 0.37231690938283457, 0.612286638558706]]	0.6073606300653978	0.3926393699346022	[[0.15032059118388713, 0.4109975463771988, -0.42115516343918413], [-0.40845149494947064, 0.3857886581991365, 0.2306976862300301], [0.4236248707206721, 0.22613063266676003, 0.37187879857564016]]	0.7623263787199909	0.4043539583280719	[[0.20972268710391337, 0.5557879601602994, -0.40303134484080033], [-0.5534826017744373, 0.49525615745121004, 0.19671047158211744], [0.44343600488552126, 0.2163182511714097, 0.4222969323120822]]	[[0.021048370311397505, 0.03992595712135502, 0.12557995251847892], [-0.04081626547590349, 0.011034994277487338, -0.09284884954787254], [-0.08827513615014562, -0.06750875009462559, -0.04446532359901212]]	0.7679009929812528	[[0.0, 0.7071067811865475, -0.7071067811865476], [0.0, 0.665523245598529, 0.6655232455985289], [0.9411919999999999, 0.0, 0.0]]
