3	[[-0.8011245690937495, -0.03963348185217799, -0.5971839012487085], [0.07148815852702158, -0.9969981734291763, -0.02973357310014117], [-0.594212813716407, -0.06651187333972096, 0.8015530567093305]]	0.5378087774914697	0.4621912225085304	[[-0.4308518251226899, -0.0213152344226502, -0.3211707438681545], [0.03844695914253385, -0.5361943688131735, -0.01599097659944017], [-0.31957286691458725, -0.03577066928950281, 0.4310822695233957]]	0.7759040403252201	0.353236301520432	[[-0.5634448555920872, -0.0629111897063967, -0.3855980042598039], [0.05284599667619694, -0.8734249413234813, 0.0], [-0.356094114950383, -0.0027423305483751806, 0.5491154122031725]]	[[0.058150934371554025, -0.03215941100513549, 0.07775939753624633], [-0.002621954360328936, -0.09985003036291899, 0.023070399501704815], [0.10495800802519463, 0.048864500705513604, -0.07281284303262747]]	0.6536456537911902	[[-1.0, 0.0, 0.0], [0.0, -0.94, 0.0], [0.0, 0.0, 0.94]]
3	[[0.2023859315102588, -0.1060602062400518, 0.9735456678446278], [0.6690322325666673, 0.7409383789188091, -0.0583625773250962], [-0.7151474019484273, 0.6631451962409777, 0.2209132005764473]]	0.700622127998536	0.2993778720014641	[[0.1417960620116835, -0.07430812739186869, 0.6820876375090589], [0.4687387864804699, 0.5191178237538816, -0.040890113120988], [-0.5010480945857314, 0.4646141985623605, 0.15477667669083792]]	0.8250991530883578	0.29646470206205777	[[0.14451087393452877, -0.09101121823739158, 0.817791045143446], [0.533412723581872, 0.6136330425523352, -0.0314209672498021], [-0.49666153015938497, 0.479283145688526, 0.15240770845965385]]	[[-0.022477586751584133, -0.0035010318923482655, 0.014519339112003996], [-0.01860520489769832, 0.0022854136157652166, 0.01673394587318856], [0.0934059855216019, -0.06787739410451753, -0.029867586242011364]]	0.3227461752017899	[[0.0, 0.0, 1.0], [0.5873115787450472, 0.5873115787450474, 0.0], [-0.5873115787450474, 0.5873115787450472, 0.0]]
3	[[-0.1979434622679918, 0.9682888025830232, -0.1524309041424854], [-0.9591958066328183, -0.15931265816426138, 0.2335869891210864], [0.2018954934697093, 0.19244810142210464, 0.9603134581872996]]	0.5779019225537501	0.4220980774462501	[[-0.11439190740161811, 0.5595759605999976, -0.08809011256054866], [-0.5543211007586007, -0.09206709144027501, 0.13499037009661774], [0.11667579383108309, 0.11121612780365335, 0.5549669937406807]]	0.7579370251444443	0.37049941328182356	[[-0.15496279105989824, 0.784260896600799, -0.053820693997296234], [-0.681405013041794, -0.062138173464441976, 0.05739838326815282], [0.1295946860669143, 0.12959468606691427, 0.6886270610134959]]	[[-0.004934112121705096, 0.05035896209034621, 0.06171233202853706], [0.045605003168509975, 0.058610788732431945, -0.1196458443787311], [-0.02342938364358675, -0.01626885541965196, -0.03923006469115973]]	0.36781073252550744	[[1.9967346175427393e-16, 1.0, 0.0], [-0.8835999999999999, 1.5850051175497956e-16, 0.0], [0.0, 0.0, 0.8835999999999999]]
3	[[-0.011589893598810297, 0.9826435305367112, 0.18514147633827627], [0.11227511405049562, -0.182704212732111, 0.9767361309048049], [0.9936095677535101, 0.03210704820265742, -0.10820889207637127]]	0.647876712735988	0.35212328726401204	[[-0.007508822165757078, 0.6366318603554099, 0.11994885108113029], [0.07274043181309324, -0.11836980474789684, 0.6328045937010727], [0.6437365004991702, 0.020801408845193596, -0.07010602128724272]]	0.8392122682070802	0.23087510037986717	[[-0.020343332375666875, 0.9090554276226319, 0.1745797056439246], [0.022890247341759033, -0.1494938329459527, 0.7717175832551065], [0.821348921976252, 0.03237169823679031, -0.006782934544871135]]	[[-0.010616951480330549, 0.08440892152190507, 0.01920670734687222], [-0.07133240578376601, 0.0038337838319512174, -0.047971360601322316], [-0.01250041709042772, 0.005427069489204115, 0.08402729521471554]]	0.2979202053810272	[[0.0, 1.0, 1.9967346175427393e-16], [0.0, -1.4899048104968077e-16, 0.8305839999999999], [0.8305839999999999, 0.0, 0.0]]
3	[[0.6153023296687069, 0.7313682018673757, -0.2941149373995541], [-0.35367086285074184, -0.07732112734721036, -0.9321686349776892], [-0.7044997969301864, 0.6775854164332626, 0.21108775322668094]]	0.40743886059468276	0.5925611394053174	[[0.2506980801214719, 0.2979878268440255, -0.11983385497795078], [-0.14409925338544455, -0.03150363202624377, -0.37980172651741045], [-0.28704059455042064, 0.27607463002714216, 0.08600535366017045]]	0.6482249128271825	0.5827534267072957	[[0.4944108667789325, 0.3366388487269616, -0.2877610098214457], [-0.04889310586038223, 0.06136477123271111, -0.5467169591072493], [-0.386669900389255, 0.31451834412976104, 0.3151212151639054]]	[[0.09555656776707262, -0.13745224017309118, -0.09710838016444757], [0.18036515838055434, 0.11148625226705605, 0.05753797304139702], [0.07000441906258291, -0.12470940337066089, 0.17828887472965432]]	0.9368588298511367	[[0.0, 0.7071067811865475, -0.7071067811865476], [0.0, -0.5873115787450474, -0.5873115787450472], [-0.8305839999999999, 0.0, 0.0]]
3	[[0.511206875187014, 0.8459474298653378, 0.15179089783566851], [-0.8586320663191376, 0.5104270682068909, 0.047065727767094744], [-0.037663051523436505, -0.15439285587729631, 0.9872914162515521]]	0.7799520634725738	0.22004793652742632	[[0.3987168571634781, 0.6597984435127905, 0.11838962398328429], [-0.6696918518893312, 0.39810864510022076, 0.036709011490783955], [-0.02937537475237816, -0.12041902652692096, 0.7700399773541581]]	0.8655860176983721	0.19362714091283295	[[0.45810306003751755, 0.6965162356582988, 0.1137312639095452], [-0.7357421265168343, 0.43061687643526647, 0.0], [1.886182771810339e-17, -0.09446336810304568, 0.8196461088200154]]	[[0.015609536724361286, -0.035724031341011916, -0.01765681487089158], [0.007477784436472255, -0.011201656859391597, -0.040739435867995236], [0.03260061078254001, 0.03917692917686193, -0.034939536480951355]]	0.31734128920709836	[[0.7071067811865476, 0.7071067811865475, 0.0], [-0.6646803743153545, 0.6646803743153546, 0.0], [0.0, 0.0, 0.94]]
3	[[0.8706842278162519, 0.40148237992419594, 0.28411419190603826], [0.48700467489959137, -0.7845539150430676, -0.3837989070027929], [0.06881440298339332, 0.4725325946440084, -0.8786225156123877]]	0.5015601092008376	0.4984398907991624	[[0.4367004763829663, 0.20136754631699189, 0.14250034511790025], [0.24426211792395744, -0.39350094730294566, -0.19249822170748293], [0.03451455947494122, 0.23700349977060395, -0.44068200487686376]]	0.7221614682598495	0.4681393081756916	[[0.754617636750235, 0.2819488981434541, 0.128595305742596], [0.4016892593979205, -0.45207014708586835, -0.18700689880766186], [0.0995977032921705, 0.19421839894039972, -0.5158704817358853]]	[[0.12584303639975747, -0.007986206823062041, -0.07658101623772921], [0.04999324832302091, 0.1145044601306464, 0.09015788339000053], [0.04990259299625821, -0.14702643340835364, 0.11863684418491915]]	0.5896756281639635	[[0.7071067811865476, 0.7071067811865475, 0.0], [0.6247995518564333, -0.6247995518564334, 0.0], [0.0, 0.0, -0.8835999999999999]]
3	[[0.5366695897887676, 0.8400312153292252, -0.07958208761059785], [0.7684311562343987, -0.447598556932012, 0.45735007375165615], [0.348567510712374, -0.30659923206832285, -0.8857186920071709]]	0.47646805553128657	0.5235319444687134	[[0.2557059159094273, 0.4002480397534995, -0.03791832253894205], [0.36613289882066224, -0.21326641408000568, 0.21791270033754212], [0.1660812840505058, -0.14608473993097945, -0.42201666292837114]]	0.7054353653643584	0.48198336085223537	[[0.5040685300895087, 0.6371828133207565, -0.10790496678278694], [0.4392011030330329, -0.2662131543056725, 0.2221964951161484], [0.23933005557567946, -0.10961411233172996, -0.4852597416521245]]	[[0.12548282193692906, 0.044595086017518756, -0.0517649477327465], [-0.1028774104225366, 0.049538697240220926, -0.10043442126026733], [-0.006561793697848969, 0.10667182896281908, 0.13955754745399568]]	0.5253091720476469	[[0.7071067811865476, 0.7071067811865475, 0.0], [0.6247995518564333, -0.6247995518564334, 0.0], [0.0, 0.0, -0.8835999999999999]]
3	[[0.8677758745180911, 0.35246868940790826, 0.3503296370440759], [0.30489758050525356, -0.9342923179771935, 0.18475748962043512], [0.39243151887482847, -0.05351343341511783, -0.9182231838925224]]	0.6027174517260333	0.3972825482739667	[[0.523023663758874, 0.21243903029314914, 0.21114978610331148], [0.1837670927595595, -0.5631142850584229, 0.1113565633313277], [0.23652532503321333, -0.03225348022107057, -0.5534291375114659]]	0.7971666024434545	0.3207950322023678	[[0.6455768648014584, 0.32457803952739883, 0.21997850917782238], [0.1395146554497055, -0.7953158501111787, 0.14728250027670406], [0.25838519708602314, 0.0, -0.6557259245770629]]	[[-0.04618508077052581, 0.0436017719243994, -0.05929257731985219], [-0.10353951289489709, -0.050529217300279816, 0.0], [-0.054448103507148245, 0.04265912190061351, 0.07625093121135051]]	0.549950459255593	[[1.0, 0.0, 0.0], [0.0, -0.94, 0.0], [0.0, 0.0, -0.94]]
3	[[-0.048811022471290655, 0.8404542750081037, 0.5396796232079825], [-0.1921970497933101, 0.5223223691777455, -0.8308066181171734], [-0.9801417132925497, -0.1442773519203538, 0.13603774324354012]]	0.5673615639948667	0.4326384360051334	[[-0.027693498049500047, 0.4768414519347695, 0.3061934750794413], [-0.10904521876593169, 0.29634563628619, -0.4713677422322455], [-0.5560947353902691, -0.0818574240345697, 0.07718258676898702]]	0.7675443825491701	0.3770391667847011	[[-0.09403772449368876, 0.6732915798227883, 0.5561140505887221], [-0.08234915335916301, 0.36309766741304894, -0.520839102771727], [-0.6968576043569483, -0.016452611821970976, 0.10000667770849929]]	[[-0.05657309838936829, 0.028205622250882998, 0.14188598741918218], [0.06517061255221529, -0.03780793292910345, 0.11684184994878312], [0.05544466178286731, 0.0942866591735663, -0.0044083279327462345]]	0.35525538961035463	[[0.0, 0.7071067811865475, 0.7071067811865476], [0.0, 0.5873115787450474, -0.5873115787450472], [-0.8305839999999999, 0.0, 0.0]]
3	[[0.20231817389064605, -0.6994113589449509, -0.6854860374160302], [-0.8413567112351195, 0.2340817656053938, -0.48715973917256866], [0.5011848371341435, 0.6752995468603828, -0.5410954454040282]]	0.4487160548580294	0.5512839451419707	[[0.0907834128142915, -0.31383710570867135, -0.3075885903695846], [-0.3775302641937491, 0.10503624637665418, -0.21859639624718163], [0.22488968287349687, 0.30301774851460594, -0.2427982135633438]]	0.6542696350356851	0.5665039992751518	[[0.23968197106263367, -0.3645217329186876, -0.4977493233084466], [-0.501919085363763, 0.17709756701417748, -0.14095745537969992], [0.39474186947435536, 0.3308834676884701, -0.2347358234363466]]	[[0.10731133327011444, 0.09308188163803796, -0.04925662378620248], [0.04855506303086303, 0.023944975663027696, 0.17777636937281616], [0.06683184899718, -0.11094452037563615, 0.1192864961476185]]	0.8896317041715105	[[0.0, 0.0, -1.0], [-0.5873115787450472, 0.5873115787450474, 0.0], [0.5873115787450474, 0.5873115787450472, 0.0]]
3	[[0.8434013427351802, 0.37557201465901263, -0.38421327004342964], [0.4843740832070826, -0.2220497303533281, 0.8462125411309575], [0.23249929589096227, -0.89979974386248, -0.3691943910126779]]	0.3754295995908977	0.6245704004091023	[[0.3166378283974942, 0.14100085108097982, -0.14424503412991418], [0.18184836811064317, -0.08336404135581675, 0.31769323548559136], [0.08728711756150964, -0.33781145755028313, -0.138606502389095]]	0.5948061488563199	0.7121880396364642	[[0.7687967149865264, 0.2815703694837424, -0.11457301921090421], [0.3160856392701776, 0.08639145766500417, 0.2852542589120072], [0.051372303343631694, -0.35254431970635, -0.06803534854177797]]	[[0.26713641037396463, 0.05817782582620577, 0.11395939628312148], [0.027976956231962044, 0.21846800263105154, -0.21807816379201783], [-0.08691970745707756, 0.18266210068239486, 0.15156374535582728]]	1.0	[[0.0, 0.0, 0.0], [0.0, 0.0, 0.0], [0.0, 0.0, 0.0]]
3	[[0.7983197949725356, -0.14272590074337235, -0.5850767660845899], [0.4905325911139221, -0.4095002147242297, 0.7692121626676685], [-0.3493755601212979, -0.9010765180592617, -0.2569004215491415]]	0.37647195122987226	0.6235280487701279	[[0.300545010918742, -0.053732298343898484, -0.2202649917471291], [0.18467176171850336, -0.15416534486628242, 0.289586803789247], [-0.13153009883089456, -0.3392300349611895, -0.09671580297238203]]	0.6033081308402739	0.6858778418027414	[[0.6517787231409581, 0.0034951167030097367, -0.3217775973021564], [0.20101184109015854, -0.12664403371403538, 0.28672207148210527], [-0.20670453558667565, -0.4329239194949701, 0.057357459386449774]]	[[0.17014589982328696, 0.08960281310298818, 0.031203972842409836], [-0.09493045957101821, 0.12041077540993042, -0.17734988059653048], [0.004076580551378342, 0.11070287035942544, 0.21234757252334074]]	0.9860473667978993	[[0.0, 0.0, -1.0], [0.5873115787450472, -0.5873115787450474, 0.0], [-0.5873115787450474, -0.5873115787450472, 0.0]]
3	[[0.5388625488158765, 0.700060485213946, -0.46855359408041286], [-0.17010925617958866, -0.45432840348109804, -0.874441846409665], [-0.8250393896328132, 0.550909265516865, -0.12573379307880614]]	0.4357868910349251	0.5642131089650753	[[0.23482923484362633, 0.30507718238778664, -0.20418951404754335], [-0.07413138388676656, -0.19799036246188872, -0.38107029363770734], [-0.3595413505894358, 0.24007903606192865, -0.0547931387838415]]	0.6530875886144976	0.5750663655387094	[[0.4200217252854985, 0.3934683573313744, -0.386936303791452], [-0.008076396171803207, -0.22889925900440705, -0.4936619844087497], [-0.46461246056874006, 0.20815634639671513, 0.07494997366365903]]	[[0.06809728268467578, -0.06373245684129678, -0.08092976689681904], [0.10301984774753017, 0.06781698246413784, 0.0774251324465473], [0.07421052491853093, -0.1516356573650782, 0.15706515339285074]]	0.6898823722778648	[[0.0, 0.7071067811865475, -0.7071067811865476], [0.0, -0.5873115787450474, -0.5873115787450472], [-0.8305839999999999, 0.0, 0.0]]
3	[[0.5703528252803276, 0.5739516156578184, -0.5876029250935769], [-0.5509578072563881, -0.26325551186259916, -0.7919229950551969], [-0.609215191305979, 0.7754199367811874, 0.16607459867264057]]	0.3995689613934477	0.6004310386065522	[[0.22789528602507905, 0.22933325095848575, -0.2347878904913924], [-0.22014563881704638, -0.10518873145603919, -0.3164278486377935], [-0.2434234812552406, 0.30983373878343196, 0.06635825490546063]]	0.6390069120605619	0.5969276950572855	[[0.4354583623392942, 0.20277786095345046, -0.44001032514165095], [-0.16719865995400846, -0.05000477369402178, -0.4321852740425996], [-0.3578549659847318, 0.3999049020828571, 0.27879323439759873]]	[[0.0709989646718949, -0.16398118864022246, -0.06452799445985073], [0.18486718713655437, 0.11821731802422038, 0.07385899361737339], [0.03143775219208627, -0.09559379726988565, 0.17267041792809756]]	0.8969806044750456	[[0.0, 0.7071067811865475, -0.7071067811865476], [0.0, -0.5873115787450474, -0.5873115787450472], [-0.8305839999999999, 0.0, 0.0]]
3	[[0.8076735082395426, -0.3067057453339202, -0.5035822572998319], [0.0850908944562452, -0.7844955095899794, 0.6142689436344596], [-0.5834578337537903, -0.5389790174137795, -0.6075183742233737]]	0.4360684108378891	0.5639315891621111	[[0.3522009032138802, -0.1337446869626129, -0.21959631466689472], [0.0371054511223094, -0.34209371017636225, 0.2678632820777477], [-0.2544275303559327, -0.23503172359859378, -0.26491957200240457]]	0.6493322050911253	0.5905348621311318	[[0.6333743141172704, -0.198764233333056, -0.28429484472148736], [0.05023311840556869, -0.49419518285484887, 0.28679720322798247], [-0.2837061897593409, -0.17193992965484817, -0.27887167247057726]]	[[0.10892589401840314, 0.0003896845987355138, 0.04269733285577894], [-0.0050191397248812095, 0.015203016271298324, -0.1120674044611773], [0.09515177200969895, 0.17803650422028927, 0.11560957309726139]]	0.8902693650128695	[[1.0, 0.0, 0.0], [0.0, -0.94, 0.0], [0.0, 0.0, -0.94]]
3	[[-0.9512982242440221, -0.26632565387263285, -0.15524926614797568], [-0.28936275749252405, 0.9451100598101759, 0.15177670908913832], [0.10630561192379806, 0.1893082695893678, -0.9761462472081662]]	0.6480866121989801	0.35191338780102	[[-0.616523643341214, -0.17260209075999275, -0.10061497094421938], [-0.18753212919988493, 0.6125131768175522, 0.0983644532042898], [0.06889524388943379, 0.1226881550994246, -0.6326273143638886]]	0.7993166892645224	0.2719310311034325	[[-0.7826202427579596, -0.21571494887015208, -0.05118040759696592], [-0.24467165167736105, 0.7264837409763562, 0.031914065679149256], [0.08453956392269764, 0.08453956392269762, -0.7853204297658267]]	[[-0.02223169565200868, -0.0028364089504700676, 0.0729129218311807], [-0.013379170361983876, -0.02895850302170831, -0.08940359093744532], [-0.00043228585047174264, -0.06677769537587151, -0.005070443209407278]]	0.37602736128100717	[[-1.0, 0.0, 0.0], [0.0, 0.94, 0.0], [0.0, 0.0, -0.94]]
3	[[0.9108526935290702, 0.369894861597951, -0.1830987767689077], [-0.28482357056054014, 0.8843967298970963, 0.3697539151928853], [0.2987020327081532, -0.28464050223177145, 0.9109099187873969]]	0.6545989836479527	0.3454010163520475	[[0.5962432474371294, 0.2421328004586188, -0.11985627318011029], [-0.1864452198079105, 0.578925200532212, 0.242040537085114], [0.19553004702433466, -0.18632538346596036, 0.5962807070330692]]	0.7908993781496334	0.3588196743860328	[[0.6893895155659816, 0.2973404779276623, -0.1874480258338828], [-0.2780639456441206, 0.6747642411589168, 0.2324211572793862], [0.16607369201665786, -0.23115221613146175, 0.6243940192683524]]	[[-0.03100331333207875, 0.004790861909098235, -0.04263531714739513], [-0.052797160805431155, -0.024704582554266094, -0.06001698431505907], [-0.07016955990425199, -0.0060302199201543874, -0.09604406905093288]]	0.6023284217536805	[[0.7071067811865476, 0.7071067811865475, 0.0], [-0.6646803743153545, 0.6646803743153546, 0.0], [0.0, 0.0, 0.94]]
3	[[0.8741664903139315, -0.15370841972864166, -0.46065895076156604], [0.4523572401227667, -0.08732656712286135, 0.8875511241517584], [-0.17665184550617297, -0.9842498627782785, -0.006806842160875459]]	0.37052820663212643	0.6294717933678737	[[0.3239033419539212, -0.05695330510631176, -0.17068713489472004], [0.16761111693974695, -0.03235695630737383, 0.32886272632627883], [-0.0654544915136577, -0.3646923365331521, -0.002522127018697133]]	0.6091541636611254	0.6499764241807701	[[0.7269619054148271, 0.04429170611294451, -0.2354020360708435], [0.18428953578711454, 0.09467024377754854, 0.37239420984512644], [-0.1519298260077419, -0.47763301098524824, 0.2138561833789493]]	[[0.1944597481070629, 0.13792382998041844, 0.045210281813329756], [-0.09126576049592428, 0.14786558573867228, -0.1682612528940297], [-0.04432161879923478, 0.12192689100903141, 0.2180025996226307]]	0.9027120949666858	[[1.0, 0.0, 0.0], [0.0, 0.5873115787450474, 0.5873115787450472], [0.0, -0.5873115787450472, 0.5873115787450474]]
3	[[0.31358954156160956, 0.32022056906021157, -0.893935336908623], [-0.7749177473382989, -0.45777931064204774, -0.4358217383383115], [-0.5487841873481009, 0.8293954966714284, 0.10458979786689793]]	0.4607583528241651	0.5392416471758349	[[0.1444890006328123, 0.14754430194059984, -0.4118881733653322], [-0.3570498248378072, -0.21092564112841172, -0.2008085062817247], [-0.25285689821845897, 0.38215090288610754, 0.04819062298736427]]	0.6887391530077905	0.5023457218976818	[[0.27584184986333976, 0.08118106508842149, -0.6273226301782905], [-0.396187758565661, -0.21664319236590274, -0.21359509174335647], [-0.3763781028432067, 0.5057790678565617, 0.21441891536348406]]	[[0.05986045461609548, -0.13936737842178132, -0.011634363392111546], [0.13752843438682397, 0.09864734231019148, 0.08657240318215509], [0.0015910535349928784, -0.06545808402939374, 0.1423838265673808]]	0.5662402333593364	[[0.0, 0.0, -1.0], [-0.5873115787450472, -0.5873115787450474, 0.0], [-0.5873115787450474, 0.5873115787450472, 0.0]]
3	[[-0.4317850840940142, 0.8067077608929694, 0.4034652769061755], [-0.8878263375968627, -0.45904284438783466, -0.032311937200791035], [0.1591415578133718, -0.3721589116645979, 0.9144242500313273]]	0.6002699998704479	0.3997300001295522	[[-0.25918763237317527, 0.484242467526712, 0.24218810171620014], [-0.532935515554249, -0.27554964814121546, -0.01939588653933275], [0.09552790288801558, -0.2233958298566942, 0.5489014444478393]]	0.7762685434594979	0.3695478365951958	[[-0.3303314806722762, 0.525502232098263, 0.33482326089213527], [-0.7143493790743651, -0.3809985330488671, -0.0028541393159258895], [0.09210059612349798, -0.24870456349805306, 0.5864924824059659]]	[[0.0048496976449210125, -0.10071962644759522, 0.02162585805169541], [-0.025157721143068034, -0.024658012850417733, 0.022228601111286935], [-0.03143598916416363, 0.040190692795296315, -0.12334629826989621]]	0.5521193130566966	[[-0.7071067811865476, 0.7071067811865475, 0.0], [-0.6247995518564333, -0.6247995518564334, 0.0], [0.0, 0.0, 0.8835999999999999]]
3	[[-0.06806473341269687, 0.662577969415037, -0.7458938439961176], [-0.9098273039671204, 0.2655430850439849, 0.3189061726295745], [0.4093671567448706, 0.700340848752355, 0.5847574082877884]]	0.48282501985055076	0.5171749801494492	[[-0.03286335626110777, 0.3199092212353528, -0.3601362100338291], [-0.439287386098498, 0.1282108453075385, 0.1539758791303375], [0.19765270558150572, 0.33814208420100744, 0.282335507264308]]	0.6604404175534356	0.5239313106369143	[[-0.10521012263991802, 0.42784712908910677, -0.4205838477194494], [-0.5773496977097967, 0.2017598883862593, 0.06342352102426814], [0.35528448642603216, 0.35528448642603205, 0.3490807029739845]]	[[-0.060257421684173265, -0.009746141693067811, 0.0720345940598838], [0.02353702682376508, 0.02638450242138237, -0.14719500478757608], [0.08492187049278704, -0.10724891615370086, -0.037116723923067335]]	0.8344818623340395	[[0.0, 0.0, -1.0], [-0.5873115787450472, 0.5873115787450474, 0.0], [0.5873115787450474, 0.5873115787450472, 0.0]]
3	[[-0.7565373765452967, 0.581550495723293, 0.2990822943839241], [0.05028910555470567, 0.5077298103841723, -0.8600473507370163], [-0.6520139597834296, -0.6356173853594982, -0.4133622330067026]]	0.3797313579214922	0.620268642078508	[[-0.28728096531390884, 0.22083295944092293, 0.113570925776683], [0.019096350340945666, 0.19280093035440338, -0.3265869483721491], [-0.2475901463323309, -0.24136385286107065, -0.15696660205309548]]	0.5569002775436106	0.7087390161038196	[[-0.3412282830743777, 0.36694042934758403, 0.3371306552404112], [0.059978185945027726, 0.174487330014572, -0.42092337156915444], [-0.19570826652393827, -0.16550618408265744, -0.250328148092651]]	[[0.08008759189581305, 0.04307479687365793, 0.17057164248962406], [0.031972169104192205, -0.10826754230553837, 0.05803723675693688], [0.16739848864176227, 0.18846931423559113, -0.02012660580517172]]	0.921561577914641	[[0.0, 0.7071067811865475, 0.7071067811865476], [0.0, 0.5873115787450474, -0.5873115787450472], [-0.8305839999999999, 0.0, 0.0]]
3	[[-0.13714492618686602, -0.09186257958165817, -0.9862821785340151], [0.9849622221878442, -0.11826677366833438, -0.12594598488585185], [-0.1050746881222272, -0.9887235390738337, 0.10670085846576022]]	0.45281051773750114	0.5471894822624991	[[-0.06210066503174618, -0.04159634222107304, -0.44659894389725796], [0.44600125378075745, -0.05355243901590234, -0.057029666623122074], [-0.04757892392973215, -0.44770441762727703, 0.04831527096491672]]	0.6876602768917092	0.5038321263509274	[[-0.048032321536616865, -0.055018591513435314, -0.8654927303149014], [0.5244270564429451, -0.2263100543049405, -0.040802365973073094], [-0.14464602130413767, -0.5680620961626444, 0.02278744178114155]]	[[0.04627679637933646, 0.008151655397674418, -0.18726565433084247], [-0.15289233799462115, -0.1449826919770846, 0.045805684866930804], [-0.07239033217569692, 0.11184380648621878, -0.0505865000960062]]	0.647930608509414	[[0.0, 0.0, -1.0], [0.5873115787450472, -0.5873115787450474, 0.0], [-0.5873115787450474, -0.5873115787450472, 0.0]]
3	[[-0.6195752977719757, 0.6381387633459072, 0.45706166882175114], [0.5448782585382363, -0.06948620364724613, 0.835631109326976], [0.5650080829183833, 0.7667793595409634, -0.304656002761875]]	0.48475454856014444	0.5152454514398557	[[-0.3003419437704712, 0.3093406681444742, 0.22156272293383422], [0.2641322142379404, -0.033683753280179037, 0.40507598116461097], [0.2738902381679336, 0.3716997822795165, -0.14768338308497087]]	0.7263048247208657	0.449150703930836	[[-0.5618753951629079, 0.40682414289540003, 0.5044216983313282], [0.3135042514819962, -0.1157473705348856, 0.4677593367281011], [0.47786505927099626, 0.44336196430746444, -0.19134495481267066]]	[[-0.11187486711325491, -0.05665911976413917, 0.1724556030711199], [-0.08224345657982811, -0.06527920557435408, -0.1391635696629307], [0.06749696264108751, -0.11355358402351266, 0.02992816987345249]]	0.48998093367368006	[[-0.4999999999999999, 0.5, 0.7071067811865476], [0.41529199999999994, -0.41529200000000005, 0.5873115787450472], [0.5873115787450474, 0.5873115787450472, 0.0]]
3	[[0.4811460874291297, -0.5569646813589093, -0.6769702994005047], [0.28537953366574575, -0.6306542773568745, 0.7216880934421741], [-0.8288889939650315, -0.5404308708523664, -0.14449051703620916]]	0.476991896632682	0.5230081033673181	[[0.22950278480021483, -0.2656676397188036, -0.32290934707504126], [0.1361237250233744, -0.30081697987596917, 0.3442393724682069], [-0.39537333332933616, -0.25778114608672226, -0.06892080576653824]]	0.6754436943465555	0.5015424525403473	[[0.34760618239035546, -0.33199815346951295, -0.5148756797597481], [0.1074060886825069, -0.3628587794865228, 0.4092065740353333], [-0.4973788079917472, -0.2408603084165183, 0.02029966349730601]]	[[0.02261909157683331, 0.04420012852810087, -0.05762035976977742], [-0.08535171782758164, 0.0631126754668617, -0.078253097965171], [0.06248903629519343, 0.12417031553093026, 0.11789487212228703]]	0.6303606532739955	[[0.0, -0.7071067811865475, -0.7071067811865476], [0.0, -0.5873115787450474, 0.5873115787450472], [-0.8305839999999999, 0.0, 0.0]]
3	[[-0.7147397866006825, 0.47804333933038157, 0.5105111195379277], [0.6441331517519284, 0.16556701204019203, 0.7467797850358632], [0.2724693015077806, 0.8625903606266073, -0.42626089369061476]]	0.4299812793224333	0.5700187206775668	[[-0.3073247278252044, 0.20554968661684558, 0.21951022428724584], [0.2769651966442852, 0.0711907156506345, 0.32110132734185215], [0.11715669883840528, 0.3708977067934278, -0.18328420439421428]]	0.6819307931052903	0.5551758467655088	[[-0.5668873196640701, 0.25317780585319694, 0.5379823612121865], [0.29636565614607996, 0.008997595904934291, 0.37842272251854425], [0.3320072875693584, 0.42761363884566356, -0.25454901322601414]]	[[-0.07948425012356078, -0.07281466767507148, 0.1898491085766177], [-0.14288857489352283, -0.10390764792770699, -0.13082940856595995], [0.14620208069531312, -0.1606132899014171, 0.03613141607819657]]	0.6695257308217168	[[-0.4999999999999999, 0.5, 0.7071067811865476], [0.41529199999999994, -0.41529200000000005, 0.5873115787450472], [0.5873115787450474, 0.5873115787450472, 0.0]]
3	[[-0.24698665360156102, 0.8466372453907605, -0.4713840978011963], [-0.6254476894109686, -0.5108406865688171, -0.5897940155311683], [-0.7401437568156493, 0.1491548445845619, 0.6556981405980744]]	0.4888094944740123	0.5111905055259878	[[-0.120729421288807, 0.41384432392232784, -0.23041702254929108], [-0.3057247688809146, -0.24970377775846078, -0.2882969145755881], [-0.3617892956071538, 0.07290830417972957, 0.3205114766332945]]	0.7201813444210693	0.44770458613842784	[[-0.10765749219104279, 0.7864884045340892, -0.3204065906245746], [-0.4604823300995933, -0.35672933848680494, -0.24563955234124946], [-0.35693085660787904, 0.026413826316456886, 0.491800975948746]]	[[0.07021768805379028, 0.17675605491162075, 0.019075442668603743], [-0.01004657227455048, 0.011168593951307697, 0.1791190946954883], [0.17610686924047625, -0.08100471018336854, 0.01957940751842946]]	0.7251286581783325	[[0.0, 0.7071067811865475, -0.7071067811865476], [0.0, -0.5873115787450474, -0.5873115787450472], [-0.8305839999999999, 0.0, 0.0]]
3	[[0.1615105106326433, 0.7484963581880271, -0.6431699283505437], [0.2746907081173145, -0.6600677628887605, -0.6991820673251248], [-0.9478709668668996, -0.06374755033950519, -0.3122128760902104]]	0.5619606917127382	0.43803930828726184	[[0.09076255827399778, 0.4206255311918092, -0.3614362178247038], [0.1543653803406679, -0.37093213661024743, -0.39291283818716943], [-0.5326662241949449, -0.03582361748378093, -0.17545136380927806]]	0.7864097897197242	0.3676984015650971	[[0.1067886252402413, 0.739882645684081, -0.5090885589208246], [0.20948854957883617, -0.5151175183544773, -0.4157333663259835], [-0.5929614877554447, -0.005025722766216452, -0.24354736793727724]]	[[-0.020224821463900974, 0.15125778203545512, -0.0032934308126234112], [-0.006530912429663256, 0.003966232259641556, 0.13411025621496983], [0.15245351997978562, 0.04510597489142135, 0.0019798942966154282]]	0.36570998153576506	[[0.0, 0.7071067811865475, -0.7071067811865476], [0.0, -0.5873115787450474, -0.5873115787450472], [-0.8305839999999999, 0.0, 0.0]]
3	[[-0.6025847497358183, -0.5627740937894159, -0.565841796569786], [-0.05773503450399975, -0.6764267119426086, 0.7342435353214446], [-0.7959637461446616, 0.4751128526255769, 0.37511263920767013]]	0.421006664165261	0.578993335834739	[[-0.25369219536313553, -0.23693164390490973, -0.2382231672191239], [-0.024306834281995184, -0.2847801535472335, 0.3091214214905894], [-0.3351060415608486, 0.2000256771859354, 0.1579249209190483]]	0.6343462945306922	0.5928838123290984	[[-0.15600341646768554, -0.3144352606044345, -0.4023447003703645], [0.01303250453964333, -0.5656227894216979, 0.48193728807439973], [-0.447757352887956, 0.2077398870408828, 0.04314964109687472]]	[[0.22624398666793527, 0.04255840044874981, -0.043405053425730915], [0.049656509741857216, -0.1365340111793243, 0.016172622160125844], [0.05715930005967875, -0.09364619050605875, -0.19480167161613926]]	0.7010936102543694	[[0.0, -0.7071067811865475, -0.7071067811865476], [0.0, -0.5873115787450474, 0.5873115787450472], [-0.8305839999999999, 0.0, 0.0]]
3	[[0.6392458436810273, -0.42249799911284014, -0.642541976902815], [0.5964188253930831, -0.25505911223508765, 0.7610712410691811], [-0.4854372627366653, -0.869735758728762, 0.08894028297255557]]	0.38713618692241886	0.6128638130775811	[[0.24747519842867755, -0.16356426435889643, -0.2487512508757488], [0.2308953098714261, -0.09874261215050904, 0.2946382182438358], [-0.18793033088592903, -0.3367061852643298, 0.03443200201379609]]	0.6296870045120284	0.6050667171328161	[[0.49295524301820176, -0.08000525164497152, -0.430260719131931], [0.20486545870608677, -0.03256737131473836, 0.3875386541238119], [-0.3118742728856289, -0.45468559376442286, 0.239942246366891]]	[[0.09043044256393126, 0.18603624782871847, -0.025660386422760542], [-0.17069172489026624, 0.12804003704207126, -0.09169801588529262], [-0.006200737034459627, 0.09297571086648745, 0.18393770600145032]]	0.9328327233394342	[[0.0, 0.0, -1.0], [0.5873115787450472, -0.5873115787450474, 0.0], [-0.5873115787450474, -0.5873115787450472, 0.0]]
3	[[0.9585760929693858, -0.06891970183517857, 0.276372843612568], [-0.2700624667372825, 0.08852460169804383, 0.9587646525367821], [-0.09054356988390194, -0.9936868065910669, 0.06624494214297555]]	0.4223939694237025	0.5776060305762976	[[0.4048967609040029, -0.029111266429659118, 0.11673822245442869], [-0.11407275731751736, 0.03739225790288897, 0.40497640732814827], [-0.03824505788905376, -0.4197273145999637, 0.027981464066014955]]	0.6400695666477385	0.5717786743239974	[[0.838258633182737, -0.10389847834345317, 0.11870520797747738], [-0.20703597630417853, 0.2175404073232728, 0.4313247580297397], [0.03362298853847496, -0.45820581090919543, 0.1765536607374797]]	[[0.22470324875693995, -0.059785074656319034, -0.05819263826682219], [-0.0341772102518268, 0.16087850387674218, -0.18235131763664802], [0.0915771720768033, 0.1778228727691239, 0.13415228932742085]]	0.7153029733461767	[[1.0, 0.0, 0.0], [0.0, 0.5873115787450474, 0.5873115787450472], [0.0, -0.5873115787450472, 0.5873115787450474]]
3	[[-0.9645173536663985, 0.2631232422499032, 0.021735543799654512], [0.24053004160075506, 0.8417770646002551, 0.48327701435151793], [0.10886493266386094, 0.47135711822447, -0.8751976311298015]]	0.459510277483202	0.540489722516798	[[-0.4432056368206105, 0.12090783405853281, 0.00998770576262753], [0.11052602615900912, 0.38680521253345856, 0.2220707549659194], [0.05002455541656083, 0.21659344018900867, -0.40216230633309624]]	0.7111930353045544	0.49443321723128636	[[-0.8015798310424438, 0.10014837464403806, 0.19582337585100645], [0.07023328314235344, 0.49737653632398354, 0.1809536714289062], [0.1876854889440413, 0.19132463716550727, -0.6257861879539803]]	[[-0.11562180668452154, -0.08698304267084615, 0.18036520848213505], [-0.10083000722561826, -0.10128944929882985, -0.16274957530067244], [0.11026150704460413, -0.14390126245696122, -0.0033517281794210787]]	0.5590300090273359	[[-1.0, 0.0, 0.0], [0.0, 0.94, 0.0], [0.0, 0.0, -0.94]]
3	[[0.3502993174823247, 0.16132854553037096, 0.9226394141637744], [0.9363424150508688, -0.08505486977734195, -0.3406296389098664], [0.023521691013278723, 0.9832287473036041, -0.18085342277010252]]	0.5611665129326235	0.43883348706737646	[[0.19657624647423416, 0.09053217733177027, 0.5177543427404839], [0.5254440079650075, -0.04772994468088948, -0.19114994666854845], [0.01319958532420033, 0.5517550475394752, -0.10148888460782796]]	0.7234481152749771	0.42308886866281004	[[0.31491237752941514, 0.11642307470506538, 0.6368636059545707], [0.6303983520285064, -0.03186038116517877, -0.1275622176393438], [0.016676367163331665, 0.6178802680970409, -0.06787531459302619]]	[[0.061488996514716524, -0.0002897574989348603, -0.03061813930062081], [-0.04699680339206502, 0.029672404070198007, 0.11886565263679506], [-0.0003403558683052893, -0.09343471602392824, 0.06296275325103314]]	0.47286612448707616	[[0.0, 0.0, 1.0], [0.8305839999999999, -1.4899048104968077e-16, 0.0], [1.6584558255771184e-16, 0.8305839999999999, 0.0]]
3	[[-0.15924507484483535, -0.9821037016433163, 0.10056503048355725], [0.4404411616894768, -0.16184076937647524, -0.8830736936729884], [0.8835454652859054, -0.09633215759094466, 0.45833124068362]]	0.4934031334710987	0.5065968665289016	[[-0.0785720189182814, -0.4845730437843772, 0.049619101158203754], [0.2173150492872387, -0.07985274273372628, -0.4357113275441496], [0.4359441011362454, -0.04753058840940378, 0.22614207032099445]]	0.7350001755032298	0.4065123199416621	[[-0.11704515795897893, -0.9236471288277747, 0.02672257749539971], [0.13114843341795557, -0.09788093509184861, -0.6396586044506335], [0.6477827962841215, -0.03644000194045605, 0.1786617954139106]]	[[-3.8034307426025283e-17, -0.20180073575756544, -0.047192737559502665], [-0.19257589772265624, 0.02107205880343853, 0.009400715381298535], [-0.0016232757661017849, 0.03436415079549307, -0.15821174692716317]]	0.5015052545032389	[[0.0, -1.0, 1.9967346175427393e-16], [0.0, -1.4899048104968077e-16, -0.8305839999999999], [0.8305839999999999, 0.0, 0.0]]
3	[[-0.5196294348588592, 0.17521189697653233, -0.8362332459225404], [0.269824892373195, 0.9623103357733339, 0.033960935199249837], [0.8106662555479022, -0.20798944401507244, -0.5473213071809325]]	0.5585870141634427	0.44141298583655747	[[-0.2902582544892473, 0.09787109037803393, -0.4671090319840757], [0.1507206809777153, 0.5375340571582466, 0.018970137391147127], [0.45282764316956114, -0.11618020250989385, -0.30572657476622955]]	0.7597430579060259	0.39528848058682164	[[-0.34333349222391196, 0.1087000366587695, -0.6116414783615731], [0.18740628193783376, 0.8083260573615981, 0.0049457853042745355], [0.4934360293396989, -0.09662040327409666, -0.3545433815859934]]	[[0.05145136359373787, -0.02441598573169675, 0.023680925018299576], [-0.017591306892941787, 0.0772174602065909, -0.02085579945335193], [-0.1224620305914921, 0.06139813293408866, 0.06128018198877166]]	0.6576554015344616	[[0.0, 0.0, -1.0], [0.0, 0.8835999999999999, 0.0], [0.8835999999999999, 0.0, 0.0]]
3	[[-0.29094534609566214, 0.7352895391304536, 0.6121275187659843], [-0.720858324577614, -0.5891471504749901, 0.36506014706395234], [0.6290580906978549, -0.3350446667722445, 0.7014492068532439]]	0.5536996598785533	0.44630034012144665	[[-0.16109633917641614, 0.4071295677287904, 0.33893479894302836], [-0.3991390091392486, -0.3262105768364209, 0.20213367926452505], [0.34830925086325437, -0.185514118035915, 0.3883921872567221]]	0.7448052560510369	0.42229835995830173	[[-0.16203587158504146, 0.594763968867553, 0.40217801804489134], [-0.4721038550778704, -0.5466926566959346, 0.2718987163079962], [0.3630314602380205, -0.22637991488299392, 0.41097733599158226]]	[[0.05466175141059572, 0.04711645540384659, -0.05373777530549345], [0.06479521393568077, -0.10789276243467082, 0.0], [-0.10549431207517165, 0.023163113940841924, -0.11146572012554472]]	0.8297217357523549	[[0.0, 0.7071067811865475, 0.7071067811865476], [0.0, -0.6247995518564334, 0.6247995518564333], [0.8835999999999999, 0.0, 0.0]]
3	[[0.47760876960590826, -0.863333164219942, 0.1629285449315538], [0.019313472734014514, 0.19571911282807325, 0.9804697948660861], [-0.878360320692188, -0.46513425635162037, 0.11015112619370837]]	0.47043842244089756	0.5295615775591027	[[0.2246855161173416, -0.40614509181653785, 0.07664784764819112], [0.009085799644845075, 0.09207379068037085, 0.46125066354775207], [-0.4132144436011138, -0.2188170257812763, 0.05181932203665639]]	0.6603497385613819	0.4955809036735923	[[0.3409379506070065, -0.48021118383972855, 0.0648371278131337], [-0.01772423807537044, 0.22458429571888366, 0.570650794954199], [-0.5405052706270949, -0.18845585282671024, 0.16338999495779177]]	[[0.0255491244631217, 0.0898906454442808, -0.042752694236604216], [-0.030477884745989302, 0.09534123073139991, -0.07680217775295274], [0.03951973750468299, 0.11869543175102502, 0.09065172757353468]]	0.8058675095809411	[[0.0, -0.7071067811865475, 0.7071067811865476], [0.0, 0.5873115787450474, 0.5873115787450472], [-0.8305839999999999, 0.0, 0.0]]
3	[[-0.18711826705519707, -0.8897379544839275, 0.41635697002093824], [-0.5914790418699325, -0.23635460037751538, -0.7709014501925726], [0.7843081646667249, -0.39051616513422527, -0.4820350896003028]]	0.5220237819139297	0.47797621808607016	[[-0.09768018543333468, -0.46446437191206374, 0.2173482401165549], [-0.3087661263597698, -0.12338272236182612, -0.4024288905124597], [0.40942751430529695, -0.20385872542189304, -0.25163378048837004]]	0.7423862594861185	0.4170922893975715	[[-0.20765737038838045, -0.7535143513338999, 0.3361764411522295], [-0.33337517839206854, -0.22193547522730964, -0.5681828201369159], [0.5704797665710702, -0.274010173118606, -0.14899674265017787]]	[[-0.06874334002774815, -0.09298511938174658, 0.02707874756741112], [0.1057307350661839, -0.046469067540709605, 0.00412382390397251], [-0.011779838080282323, 0.01590366198425483, 0.20885948445924693]]	0.6692916721560165	[[-0.4999999999999999, -0.5, 0.7071067811865476], [-0.41529199999999994, -0.41529200000000005, -0.5873115787450472], [0.5873115787450474, -0.5873115787450472, 0.0]]
3	[[0.2474980822640765, 0.6766944151993265, -0.6934186092928614], [-0.6725024223343065, 0.6351887809349719, 0.37983641811816093], [0.6974849039442319, 0.37231690938283457, 0.612286638558706]]	0.5597611204917905	0.4402388795082095	[[0.1385398038477088, 0.3787872240825119, -0.38814877770763107], [-0.37644070945929475, 0.3555539837399742, 0.21261765900941001], [0.39042493135793205, 0.20840853037417587, 0.34273425486177317]]	0.7208065545969344	0.45304487062927673	[[0.2181898655773858, 0.5427249279987155, -0.3906258558645852], [-0.5032530341361174, 0.4443716042444258, 0.18257990898847487], [0.4021449545997215, 0.20562932507030804, 0.3825782784706542]]	[[0.039791625631268146, 0.0549591580639016, 0.10919482279319989], [-0.01850888013523353, -0.013476632459938243, -0.09120867086571731], [-0.10060673589569388, -0.06273914360011203, -0.05876194389458518]]	0.7473540549426342	[[0.0, 0.7071067811865475, -0.7071067811865476], [0.0, 0.5873115787450474, 0.5873115787450472], [0.8305839999999999, 0.0, 0.0]]
