3	[[-0.8011245690937495, -0.03963348185217799, -0.5971839012487085], [0.07148815852702158, -0.9969981734291763, -0.02973357310014117], [-0.594212813716407, -0.06651187333972096, 0.8015530567093305]]	0.5483214599194371	0.45167854008056285	[[-0.43927379330281474, -0.021731888630876748, -0.3274487485730768], [0.03919849145048862, -0.5466754939916981, -0.016303556210890722], [-0.3258196375198168, -0.03646988749161248, 0.4395087422577475]]	0.824989786258401	0.30856833993989113	[[-0.6463242200667856, -0.0124652591259303, -0.34581043817404505], [0.05838645187331076, -0.9731134774045167, -1.533293416683374e-19], [-0.3294913197084452, -0.04592119274738046, 0.6514874994552409]]	[[0.014595366956220568, 0.02023195859597424, 0.14686018087408517], [-0.000590548749903458, -0.1506001674071642, 0.02452989411658401], [0.1607281824714566, 0.008950423422801772, -0.009785585474157721]]	0.6327117833324614	[[-1.0, 0.0, 0.0], [0.0, -1.0, 0.0], [0.0, 0.0, 1.0]]
3	[[0.8434013427351802, 0.37557201465901263, -0.38421327004342964], [0.4843740832070826, -0.2220497303533281, 0.8462125411309575], [0.23249929589096227, -0.89979974386248, -0.3691943910126779]]	0.44084662296210514	0.5591533770378949	[[0.37181063374650913, 0.16556965434149995, -0.1693791225958733], [0.21353467883220809, -0.09788987375591071, 0.37304994106576417], [0.10249652943459794, -0.39667367842394147, -0.16275810049449005]]	0.6489486145313209	0.656100483110819	[[0.7551169472382071, 0.289418285428047, -0.12500207373872832], [0.35841316797878797, 0.06477124918015055, 0.3286931824778807], [0.05848723201603129, -0.3976880650286217, -0.10418496287051288]]	[[0.20779281437635627, 0.045691346858343806, 0.12433259554050362], [0.04407927776667307, 0.20887011404999628, -0.22045527368808251], [-0.0923928639319163, 0.18623573210657196, 0.1354032256698993]]	1.0	[[0.0, 0.0, 0.0], [0.0, 0.0, 0.0], [0.0, 0.0, 0.0]]
3	[[0.8677758745180911, 0.35246868940790826, 0.3503296370440759], [0.30489758050525356, -0.9342923179771935, 0.18475748962043512], [0.39243151887482847, -0.05351343341511783, -0.9182231838925224]]	0.6628388950866717	0.3371611049133283	[[0.5751956018484419, 0.23362995663978525, 0.23221210953441004], [0.20209797537670182, -0.6192852877359682, 0.12246445027899645], [0.2601188743681757, -0.0354707850771709, -0.6086340406542855]]	0.8351243924633934	0.2759353217671889	[[0.6803315472538819, 0.30031887598381013, 0.1952723012769803], [0.17499837347269914, -0.863602017287426, 0.1542954862723276], [0.247181753060494, 0.028974983761216593, -0.7408164156960699]]	[[-0.04436925274742886, 0.005963675879662211, -0.09729652402137469], [-0.07962903321030933, -0.08335171285350665, 0.0], [-0.08054738072333391, 0.07366535733064712, 0.02601416289797566]]	0.5288748657406525	[[1.0, 0.0, 0.0], [0.0, -1.0, 0.0], [0.0, 0.0, -1.0]]
3	[[-0.011589893598810297, 0.9826435305367112, 0.18514147633827627], [0.11227511405049562, -0.182704212732111, 0.9767361309048049], [0.9936095677535101, 0.03210704820265742, -0.10820889207637127]]	0.8372594218022176	0.16274057819778243	[[-0.00970374761328913, 0.8227275542148565, 0.15501144543059425], [0.094003397072696, -0.15297082351291677, 0.8177815282146922], [0.8319089721944553, 0.026881928613932883, -0.09059891441372118]]	0.9241934230273613	0.1276499456518743	[[6.423990144742431e-05, 0.9025422463494599, 0.1470846493569119], [0.08819918126463802, -0.1729630159241591, 0.8766638797822127], [0.9117742096969369, 0.062320814697390814, -0.06241166363726326]]	[[0.01077554333905481, -0.00561044175295463, -0.024021885404498962], [-0.01556474071047691, -0.004108984157750156, -0.026029228433199783], [-0.006513217877916399, 0.03264769191567238, 0.03759428273279662]]	0.2168196734730838	[[0.0, 1.0, 1.9967346175427393e-16], [0.0, -1.7938038903913487e-16, 1.0], [1.0, 0.0, 0.0]]
3	[[0.6153023296687069, 0.7313682018673757, -0.2941149373995541], [-0.35367086285074184, -0.07732112734721036, -0.9321686349776892], [-0.7044997969301864, 0.6775854164332626, 0.21108775322668094]]	0.45968051933440185	0.5403194806655982	[[0.2828424944497785, 0.33619571485906286, -0.1351989071678321], [-0.162575605908675, -0.03554301597448707, -0.4284997622337846], [-0.32384483252384866, 0.3114728161194591, 0.09703292802837274]]	0.7044176938980932	0.5543559861341752	[[0.47048343447348584, 0.327586296185746, -0.2779584077649196], [-0.011524802164770948, 0.02181311342440762, -0.6304658218580528], [-0.446109644867039, 0.4009192529795327, 0.3624845282319702]]	[[0.03705358635813102, -0.18760240596406597, -0.0707786418209436], [0.23760721144349736, 0.07627948363993038, 0.026170258317064203], [0.05015247743819777, -0.07638390348336518, 0.21379057989390182]]	0.925503681690876	[[0.0, 0.7071067811865475, -0.7071067811865476], [0.0, -0.7071067811865476, -0.7071067811865475], [-1.0, 0.0, 0.0]]
3	[[0.5703528252803276, 0.5739516156578184, -0.5876029250935769], [-0.5509578072563881, -0.26325551186259916, -0.7919229950551969], [-0.609215191305979, 0.7754199367811874, 0.16607459867264057]]	0.46104424127958343	0.5389557587204166	[[0.26295788559303546, 0.26461708717215, -0.270910944773432], [-0.2540159242235844, -0.1213724377293604, -0.36511153640707855], [-0.28087515565166143, 0.35750289642634503, 0.07656773734083891]]	0.7080771542131514	0.5360358118027191	[[0.4288532354726526, 0.20097324257826815, -0.4333093448623598], [-0.18166572532318914, -0.10311792922004621, -0.5117733686308664], [-0.44130678036516613, 0.4970618032547202, 0.30940773427353824]]	[[0.024999430050727398, -0.20542878409276039, -0.01724113785477628], [0.20845491093043217, 0.08328728445054949, 0.048969212063772916], [-0.009935421401807809, -0.05199533890144471, 0.1918141050583237]]	0.9073686343525508	[[0.0, 0.7071067811865475, -0.7071067811865476], [0.0, -0.7071067811865476, -0.7071067811865475], [-1.0, 0.0, 0.0]]
3	[[0.2023859315102588, -0.1060602062400518, 0.9735456678446278], [0.6690322325666673, 0.7409383789188091, -0.0583625773250962], [-0.7151474019484273, 0.6631451962409777, 0.2209132005764473]]	0.7293659689014849	0.2706340310985151	[[0.14761341102800948, -0.07735670508616668, 0.7100710792973401], [0.4879693425323109, 0.5404152386364127, -0.04256767775830663], [-0.5216041777294944, 0.4836755385786661, 0.1611265705815686]]	0.8976344491551073	0.1574187881142102	[[0.12846991481568723, -0.0780658323468445, 0.8391941586683056], [0.6179792250496157, 0.7292616097639961, -0.03564106851320466], [-0.6155547089039469, 0.5755544612159759, 0.14604282737605642]]	[[-0.0531986693322672, 0.017137462458721473, -0.03469397061474782], [0.01743284550262354, 0.06416979614533286, 0.016747191435280428], [0.026386235308735902, -0.01970751172164979, -0.0522564717344746]]	0.23421039443477934	[[0.0, 0.0, 1.0], [0.7071067811865475, 0.7071067811865476, 0.0], [-0.7071067811865476, 0.7071067811865475, 0.0]]
3	[[0.8706842278162519, 0.40148237992419594, 0.28411419190603826], [0.48700467489959137, -0.7845539150430676, -0.3837989070027929], [0.06881440298339332, 0.4725325946440084, -0.8786225156123877]]	0.5651343689548459	0.4348656310451541	[[0.49205358164587487, 0.2268914914249502, 0.16056269455393493], [0.27522307962744047, -0.44337838168891786, -0.216897953114583], [0.03888938420502444, 0.2670444096847377, -0.49653978091012596]]	0.7735047436578036	0.40449454812694113	[[0.7503930033517378, 0.28530113724438994, 0.1314313962411682], [0.4644081677755458, -0.4974470730225577, -0.22452625473343135], [0.11568862057481973, 0.23070182961097607, -0.5714215807316577]]	[[0.07691462290783509, -0.02524738812200006, -0.08833227893865594], [0.08770774155718533, 0.10940910191855671, 0.0723440204439092], [0.06246035343518527, -0.13480437387909447, 0.1081971029790768]]	0.5680599859440875	[[0.7071067811865476, 0.7071067811865475, 0.0], [0.7071067811865475, -0.7071067811865476, 0.0], [0.0, 0.0, -1.0]]
3	[[0.5388625488158765, 0.700060485213946, -0.46855359408041286], [-0.17010925617958866, -0.45432840348109804, -0.874441846409665], [-0.8250393896328132, 0.550909265516865, -0.12573379307880614]]	0.49181994913024374	0.5081800508697567	[[0.26502335134681787, 0.3443037122260166, -0.2304440048054215], [-0.0836631257208289, -0.22344777228849846, -0.4300679444185579], [-0.4057708306396576, 0.2709481669418845, -0.06183838771597103]]	0.7157686143351834	0.5120759768534312	[[0.41167033122328717, 0.41440383888893695, -0.41331399407712416], [0.020029132669707364, -0.2711151473175987, -0.5607116514867596], [-0.5354267860019292, 0.27402666968133954, 0.08929596398474174]]	[[0.025969431340222147, -0.08667748456346532, -0.07793803730041704], [0.14178799925096028, 0.054078864495183, 0.0651863772345856], [0.05511051468749498, -0.12029689192208057, 0.1792922668318655]]	0.6395648645535268	[[0.0, 0.7071067811865475, -0.7071067811865476], [0.0, -0.7071067811865476, -0.7071067811865475], [-1.0, 0.0, 0.0]]
3	[[0.7983197949725356, -0.14272590074337235, -0.5850767660845899], [0.4905325911139221, -0.4095002147242297, 0.7692121626676685], [-0.3493755601212979, -0.9010765180592617, -0.2569004215491415]]	0.44045278119876424	0.5595472188012359	[[0.3516221739816806, -0.06286401993151713, -0.2576986888367364], [0.2160564440247632, -0.18036550847677807, 0.3388016363788908], [-0.15388343713830172, -0.3968816584521004, -0.1131525051624543]]	0.6615354511364874	0.6165268328787742	[[0.6166023372674551, 0.004220313266474804, -0.33651508327382806], [0.25812985497983276, -0.1906260268821913, 0.3361000637557342], [-0.27647677594649794, -0.48104535956729844, 0.0389681696055898]]	[[0.08848549154911073, 0.09863855640360314, 0.05053393912741816], [-0.06637484397986577, 0.08027288240589035, -0.17276105129429498], [-0.04535245716559226, 0.11504870131553051, 0.20891690587225484]]	0.9456747800309647	[[0.0, 0.0, -1.0], [0.7071067811865475, -0.7071067811865476, 0.0], [-0.7071067811865476, -0.7071067811865475, 0.0]]
3	[[0.20231817389064605, -0.6994113589449509, -0.6854860374160302], [-0.8413567112351195, 0.2340817656053938, -0.48715973917256866], [0.5011848371341435, 0.6752995468603828, -0.5410954454040282]]	0.525219345778624	0.474780654221376	[[0.10626141892997093, -0.3673443763752055, -0.36003052811202874], [-0.4418968214413641, 0.12294427178997022, -0.2558657194979016], [0.26323197227376105, 0.35468038620661146, -0.2841937958388968]]	0.7224305670134316	0.5029352583178385	[[0.2122003261154122, -0.35931645660476674, -0.5067409298093793], [-0.5996724970943624, 0.19974072319414074, -0.14017449476922242], [0.4998816252190417, 0.4139028218646161, -0.29807629120800305]]	[[0.06603949303447071, 0.1459596880134688, -0.011524863119126105], [0.008149308863780834, 0.03063290054033078, 0.21176459182733182], [0.13781037914968797, -0.07395421267764384, 0.09282759822361436]]	0.8498023517139167	[[0.0, 0.0, -1.0], [-0.7071067811865475, 0.7071067811865476, 0.0], [0.7071067811865476, 0.7071067811865475, 0.0]]
3	[[0.5366695897887676, 0.8400312153292252, -0.07958208761059785], [0.7684311562343987, -0.447598556932012, 0.45735007375165615], [0.348567510712374, -0.30659923206832285, -0.8857186920071709]]	0.5780625422161905	0.4219374577838096	[[0.310228587403415, 0.48559057987416804, -0.04600342387905377], [0.4442012676909831, -0.25873995971241714, 0.2643769463156445], [0.2014938213763641, -0.17723353153094643, -0.5120007987900643]]	0.7711478549834955	0.39984740085816683	[[0.5098325118434744, 0.6355463677130677, -0.11451184913782825], [0.5246333303732423, -0.3158989548507002, 0.2386753078107984], [0.27285724744296397, -0.12776227047097302, -0.580641556529572]]	[[0.09598090884299404, -0.012241902107243168, -0.05314229298180714], [-0.06794070745940153, 0.02926571222112896, -0.11400922053933468], [0.004060159240180168, 0.10867106967810111, 0.10237851293054523]]	0.5300414858523956	[[0.7071067811865476, 0.7071067811865475, 0.0], [0.7071067811865475, -0.7071067811865476, 0.0], [0.0, 0.0, -1.0]]
3	[[0.511206875187014, 0.8459474298653378, 0.15179089783566851], [-0.8586320663191376, 0.5104270682068909, 0.047065727767094744], [-0.037663051523436505, -0.15439285587729631, 0.9872914162515521]]	0.8252417690205083	0.17475823097949184	[[0.42186926601477764, 0.6981111535204235, 0.12526418905111833], [-0.7085790453469394, 0.42122573672300634, 0.038840604442754924], [-0.03108112326591128, -0.12741143350830839, 0.814754114886194]]	0.9046186961293706	0.18602969072814424	[[0.45728187584541297, 0.6755749778804561, 0.13718813978644867], [-0.809049353861963, 0.452029820705014, 0.0037137638049417375], [0.0037137638049417644, -0.13718813978644867, 0.8612735688780941]]	[[-0.005165421038633588, -0.089684883118318, -0.00012474429796025584], [-0.03231473357347747, -0.009712048205440941, -0.038862773480107415], [0.03778446436632617, 0.002478524188960928, -0.03184870479110472]]	0.2915211375881231	[[0.7071067811865476, 0.7071067811865475, 0.0], [-0.7071067811865475, 0.7071067811865476, 0.0], [0.0, 0.0, 1.0]]
3	[[0.8076735082395426, -0.3067057453339202, -0.5035822572998319], [0.0850908944562452, -0.7844955095899794, 0.6142689436344596], [-0.5834578337537903, -0.5389790174137795, -0.6075183742233737]]	0.49377075560204553	0.5062292443979546	[[0.398805558443194, -0.15144232762101834, -0.2486541916947217], [0.04201539525051409, -0.387360940536656, 0.3033080404412575], [-0.28809441543454173, -0.26613207668204997, -0.2999748066824015]]	0.7030906707842569	0.53581925082244	[[0.6274927647826197, -0.19618104617218782, -0.2912463852123177], [0.06615085759307646, -0.5583693354888676, 0.32981946478073865], [-0.342078854700937, -0.2070990275323974, -0.2975513307929932]]	[[0.05962505609980565, 0.019460902048023622, 0.0628176018676713], [0.006324243532202629, -0.006797861424011689, -0.10206729884115052], [0.06814490500734487, 0.17185209135969653, 0.12958917045347987]]	0.8946019270866258	[[1.0, 0.0, 0.0], [0.0, -1.0, 0.0], [0.0, 0.0, -1.0]]
3	[[-0.1979434622679918, 0.9682888025830232, -0.1524309041424854], [-0.9591958066328183, -0.15931265816426138, 0.2335869891210864], [0.2018954934697093, 0.19244810142210464, 0.9603134581872996]]	0.6994641567298835	0.30053584327011645	[[-0.1384543569154745, 0.677283310769723, -0.10661995382559725], [-0.6709230860252647, -0.1114334940992614, 0.1633857263686532], [0.14121866108735392, 0.13461054897547953, 0.671704843227338]]	0.8254586704281255	0.25678238190275665	[[-0.19595657614315395, 0.8117518723467491, -0.10708025617856042], [-0.7666085510972518, -0.12023940086810116, 0.12086049652455003], [0.19657767179960284, 0.07571717527505278, 0.7720592472968895]]	[[-0.032562428959477516, 0.012469484776125144, 0.01874515528705263], [0.025167944126107858, 0.011266614122540587, -0.071955908944651], [0.029921286194666295, -0.08314077865125476, -0.020639823092634187]]	0.33496556927072285	[[-1.9967346175427393e-16, 1.0, 0.0], [-1.0, -1.7938038903913487e-16, 0.0], [0.0, 0.0, 1.0]]
3	[[-0.048811022471290655, 0.8404542750081037, 0.5396796232079825], [-0.1921970497933101, 0.5223223691777455, -0.8308066181171734], [-0.9801417132925497, -0.1442773519203538, 0.13603774324354012]]	0.7001242039352171	0.29987579606478276	[[-0.03417377825097639, 0.588422380233999, 0.3778427665785467], [-0.13456180648523852, 0.36569053291812575, -0.581667822133396], [-0.6862209367626464, -0.10101206615911888, 0.095243316693527]]	0.8339619971845483	0.2658573130435868	[[-0.05825757972717024, 0.6744918231062244, 0.4808879746731245], [-0.10722863198016477, 0.39512289059948014, -0.6336721811863543], [-0.829738802671989, -0.02750750434647408, 0.10385220726771646]]	[[-0.01755104194239281, -0.02641510262182535, 0.030815678262790885], [0.05305640351844221, -0.040474115574157574, 0.059188965332784046], [-0.01233786193064923, 0.09281432420952208, -0.009598100780145046]]	0.29521105263371894	[[0.0, 0.7071067811865475, 0.7071067811865476], [0.0, 0.7071067811865476, -0.7071067811865475], [-1.0, 0.0, 0.0]]
3	[[-0.13714492618686602, -0.09186257958165817, -0.9862821785340151], [0.9849622221878442, -0.11826677366833438, -0.12594598488585185], [-0.1050746881222272, -0.9887235390738337, 0.10670085846576022]]	0.5724449456040156	0.4275550543959846	[[-0.07850791981090724, -0.05258626937166687, -0.5645922480411143], [0.5638366457023307, -0.0677012168193321, -0.07209714246702562], [-0.06014947412648727, -0.5659897925425305, 0.06108036712033386]]	0.7683696586292963	0.4143633797562097	[[-0.05351404582017132, -0.053514045820171344, -0.8619129917117214], [0.6317752075963455, -0.05183666630404544, -0.044128214134233415], [0.04580559365035932, -0.6847960948223446, 0.03155207524210812]]	[[0.05186395429677098, 0.017070373093793903, -0.10408369087938163], [-0.12503987882888123, 0.03903593420668091, 0.05264485927823906], [0.12654179589341483, 0.07490907337456668, -0.05043362695268092]]	0.6783693489495949	[[0.0, 0.0, -1.0], [0.7071067811865475, -0.7071067811865476, 0.0], [-0.7071067811865476, -0.7071067811865475, 0.0]]
3	[[0.9108526935290702, 0.369894861597951, -0.1830987767689077], [-0.28482357056054014, 0.8843967298970963, 0.3697539151928853], [0.2987020327081532, -0.28464050223177145, 0.9109099187873969]]	0.7046388600508235	0.29536113994917657	[[0.6418222036425462, 0.2606422936150373, -0.12901851333914335], [-0.20069775607538431, 0.623180303587366, 0.2605429773008436], [0.21047705982233691, -0.2005687590168893, 0.6418625267833394]]	0.8391479107642376	0.29685878652398495	[[0.6840633023507409, 0.30486599199656966, -0.18965706905795265], [-0.2860979071348157, 0.7571590058275335, 0.2631717492063424], [0.19743106434746033, -0.24440366434458843, 0.6860075700713798]]	[[-0.08027683243815682, -0.00553050831577772, -0.03601011306883624], [-0.04708880296252804, 0.015019337647661352, -0.04710647622466441], [-0.053224122340617415, -0.005548181577914089, -0.07838058517348574]]	0.597244670834012	[[0.7071067811865476, 0.7071067811865475, 0.0], [-0.7071067811865475, 0.7071067811865476, 0.0], [0.0, 0.0, 1.0]]
3	[[-0.7147397866006825, 0.47804333933038157, 0.5105111195379277], [0.6441331517519284, 0.16556701204019203, 0.7467797850358632], [0.2724693015077806, 0.8625903606266073, -0.42626089369061476]]	0.5220967243343755	0.47790327566562446	[[-0.37316330133566694, 0.24958486155425852, 0.2665361832470269], [0.336299808564859, 0.08644199464401436, 0.3898912795663533], [0.14225532979888758, 0.4503556017255594, -0.22254941630771344]]	0.7514775541169314	0.47815278015026336	[[-0.586120399708509, 0.28589530686605, 0.5323013138142267], [0.3626254398435531, 0.05211692150198212, 0.45132537669274087], [0.3470583861372477, 0.489112512218314, -0.2807535941164941]]	[[-0.04900949304377084, -0.07334353253583538, 0.1486636663543684], [-0.12142616556061629, -0.07230297174842992, -0.10986286962997738], [0.142303821868232, -0.1591047821902107, 0.03957189968982637]]	0.6875158605325163	[[-0.4999999999999999, 0.5, 0.7071067811865476], [0.5, -0.5000000000000001, 0.7071067811865475], [0.7071067811865476, 0.7071067811865475, 0.0]]
3	[[-0.4317850840940142, 0.8067077608929694, 0.4034652769061755], [-0.8878263375968627, -0.45904284438783466, -0.032311937200791035], [0.1591415578133718, -0.3721589116645979, 0.9144242500313273]]	0.6352811319016427	0.3647188680983574	[[-0.2743049169614914, 0.5124862194539255, 0.2563138777959649], [-0.564019320680625, -0.29162125777405334, -0.02052716403885333], [0.10109962898026954, -0.23642553464956922, 0.5809164725982122]]	0.8326354062035387	0.29612847286642263	[[-0.35951954888724874, 0.5392489482465029, 0.3056876307385589], [-0.8076104502163892, -0.42677539352139754, 0.0228574016700652], [0.062133557475499215, -0.29556446225365224, 0.6786989755615078]]	[[-1.6509607089144646e-17, -0.13244449593216168, -0.030251843987237792], [-0.06837480697322541, -0.04456006831970496, 0.049761464626469076], [-0.0703733381583016, 0.014308224332467182, -0.0826830313056926]]	0.5073940567988546	[[-0.7071067811865474, 0.7071067811865477, 0.0], [-0.7071067811865477, -0.7071067811865474, 0.0], [0.0, 0.0, 1.0]]
3	[[0.4811460874291297, -0.5569646813589093, -0.6769702994005047], [0.28537953366574575, -0.6306542773568745, 0.7216880934421741], [-0.8288889939650315, -0.5404308708523664, -0.14449051703620916]]	0.542917450612014	0.45708254938798604	[[0.2612226071589683, -0.30238584488431175, -0.36753898909057386], [0.1549375288746521, -0.3423932124801563, 0.39181705982867004], [-0.45001829944385197, -0.29340935063519735, -0.07844642314691046]]	0.74053686564943	0.42427919600394526	[[0.345926801016375, -0.3300959814159853, -0.5173429665962668], [0.13066132994301655, -0.43384701379671275, 0.47858163783654595], [-0.5950235834491984, -0.2910440390966903, 0.024446337265127377]]	[[-0.010379614487879205, 0.0823568979949749, -0.016021502940460793], [-0.08067273543831079, 0.03317572806555324, -0.055855000857634576], [0.018799274112975165, 0.10916494410451302, 0.13144689186718728]]	0.5850955073479848	[[0.0, -0.7071067811865475, -0.7071067811865476], [0.0, -0.7071067811865476, 0.7071067811865475], [-1.0, 0.0, 0.0]]
3	[[-0.6025847497358183, -0.5627740937894159, -0.565841796569786], [-0.05773503450399975, -0.6764267119426086, 0.7342435353214446], [-0.7959637461446616, 0.4751128526255769, 0.37511263920767013]]	0.4752953973312627	0.5247046026687374	[[-0.2864057580514453, -0.26748393651538166, -0.26894200152727193], [-0.027441196164512717, -0.3215025028182418, 0.34898257285851697], [-0.37831790498510726, 0.22581895206586322, 0.17828931089618816]]	0.6906494780807824	0.5497045880364607	[[-0.17443674184180047, -0.2856073821132401, -0.36098475627629123], [0.014750151646468507, -0.6571173968822803, 0.5646571197484589], [-0.5047458675571121, 0.2642995859887502, 0.05885055593663902]]	[[0.2417381010626813, 0.10307225203980522, 0.02981358520092359], [0.05462482309363192, -0.1899436413192181, 0.05755220529451472], [0.04498607828892296, -0.0638368577065761, -0.2002207925536431]]	0.6391320728683068	[[0.0, -0.7071067811865475, -0.7071067811865476], [0.0, -0.7071067811865476, 0.7071067811865475], [-1.0, 0.0, 0.0]]
3	[[-0.9512982242440221, -0.26632565387263285, -0.15524926614797568], [-0.28936275749252405, 0.9451100598101759, 0.15177670908913832], [0.10630561192379806, 0.1893082695893678, -0.9761462472081662]]	0.711387896009348	0.28861210399065207	[[-0.6767420422223838, -0.18946084656176615, -0.11044244880200373], [-0.20584916323606992, 0.6723398569456301, 0.10797211374214499], [0.07562452560045697, 0.13467161160035082, -0.6944186249988383]]	0.8337739043499277	0.25828131124569437	[[-0.7614820759967001, -0.2329040534826679, -0.04844713172046473], [-0.2920679924274335, 0.7544616867120122, 0.051594354215715676], [0.103977185916188, 0.11075829316048122, -0.8365830124228588]]	[[0.031685558632391295, -0.010848673224735393, 0.08099565506319403], [-0.050804876339430406, -0.03354641789631188, -0.07495310511091835], [0.01534234080817466, -0.04708200190077467, -0.022697744671576484]]	0.3569950542201339	[[-1.0, 0.0, 0.0], [0.0, 1.0, 0.0], [0.0, 0.0, -1.0]]
3	[[0.31358954156160956, 0.32022056906021157, -0.893935336908623], [-0.7749177473382989, -0.45777931064204774, -0.4358217383383115], [-0.5487841873481009, 0.8293954966714284, 0.10458979786689793]]	0.5443133560405963	0.4556866439594036	[[0.17069097578663175, 0.17430033261839328, -0.48658094331601365], [-0.42179807970912836, -0.2491753929015236, -0.23722359303037294], [-0.2987105627574561, 0.45145104627818244, 0.05692962388453884]]	0.7671128467910521	0.43020919024569104	[[0.27084039428957507, 0.07479569701192451, -0.6468511040200692], [-0.4601072712582712, -0.28158621012516993, -0.2646012717942866], [-0.4758487273371415, 0.6109870664102602, 0.23214636369080469]]	[[0.03028182833834784, -0.17084961532090503, 0.03889817712302283], [0.13434208793132027, 0.06958218006349662, 0.06972318259584054], [-0.05486932710662578, -0.025252874157037742, 0.15191418610382793]]	0.5097999744811921	[[0.0, 0.0, -1.0], [-0.7071067811865475, -0.7071067811865476, 0.0], [-0.7071067811865476, 0.7071067811865475, 0.0]]
3	[[-0.6195752977719757, 0.6381387633459072, 0.45706166882175114], [0.5448782585382363, -0.06948620364724613, 0.835631109326976], [0.5650080829183833, 0.7667793595409634, -0.304656002761875]]	0.5924902385031037	0.40750976149689644	[[-0.3670923159475493, 0.3780909880928922, 0.2708045771708259], [0.32283504935647545, -0.041169897371632076, 0.4951032752657531], [0.3347617738044943, 0.4543092856136824, -0.18050570773778554]]	0.8099303669560234	0.35886413211394347	[[-0.5735236488934646, 0.42941698316253707, 0.49579190586574495], [0.35843068259064204, -0.12763198849667662, 0.5667782064376399], [0.56677820643764, 0.49579190586574484, -0.22785806203796372]]	[[-0.071710800612121, -0.0874309796030765, 0.12560378071541164], [-0.08288276529359076, -0.0713530020782816, -0.11002480457942672], [0.1091610025064344, -0.12524598218157218, 0.018892086074316982]]	0.45625976950239927	[[-0.4999999999999999, 0.5, 0.7071067811865476], [0.5, -0.5000000000000001, 0.7071067811865475], [0.7071067811865476, 0.7071067811865475, 0.0]]
3	[[-0.06806473341269687, 0.662577969415037, -0.7458938439961176], [-0.9098273039671204, 0.2655430850439849, 0.3189061726295745], [0.4093671567448706, 0.700340848752355, 0.5847574082877884]]	0.5437259069465333	0.45627409305346656	[[-0.03700855890589256, 0.36026080734298344, -0.40556180681262505], [-0.49469667601424183, 0.14438265474892115, 0.17339754794386314], [0.22258352857522856, 0.3807934631595793, 0.31794775216498206]]	0.7331801296793807	0.46136704185860355	[[-0.11208425793782315, 0.4377899799218699, -0.4371859360171604], [-0.7076284877716925, 0.2062331507796431, 0.05557665856542232], [0.3738940672828886, 0.40401243070984405, 0.4286401411228182]]	[[-0.062180547867709664, -0.04799902161654768, 0.10968860925096485], [-0.040561187063237816, 0.011542237251631386, -0.1782390104386841], [0.07375420221420498, -0.10946356359817523, -9.237131660107899e-05]]	0.7989441330306973	[[0.0, 0.0, -1.0], [-0.7071067811865475, 0.7071067811865476, 0.0], [0.7071067811865476, 0.7071067811865475, 0.0]]
3	[[0.6392458436810273, -0.42249799911284014, -0.642541976902815], [0.5964188253930831, -0.25505911223508765, 0.7610712410691811], [-0.4854372627366653, -0.869735758728762, 0.08894028297255557]]	0.450186258423399	0.549813741576601	[[0.28777969457947067, -0.19020279341198207, -0.2892635684618522], [0.2684995594569905, -0.11482410741390789, 0.3426238144105873], [-0.21853718501071576, -0.39154308703913737, 0.04003969321453313]]	0.6965115822608542	0.5409135801673969	[[0.5038578040364817, -0.09181103188409613, -0.4269513829828636], [0.24055259900395057, -0.07471858767725066, 0.4441027977722687], [-0.3841673501368035, -0.5473925901222432, 0.2613145941242593]]	[[0.058615670000534845, 0.20246371798003318, 0.02058654601873327], [-0.17486002076074583, 0.10293303815565899, -0.08599213655805867], [-0.046054674179710715, 0.05838843933877133, 0.1993666569043166]]	0.8928158635521115	[[0.0, 0.0, -1.0], [0.7071067811865475, -0.7071067811865476, 0.0], [-0.7071067811865476, -0.7071067811865475, 0.0]]
3	[[-0.7565373765452967, 0.581550495723293, 0.2990822943839241], [0.05028910555470567, 0.5077298103841723, -0.8600473507370163], [-0.6520139597834296, -0.6356173853594982, -0.4133622330067026]]	0.42608582631538866	0.5739141736846114	[[-0.32234985322377907, 0.24779042351438324, 0.1274347265388766], [0.021427475094938586, 0.2163364758024956, -0.3664539861091425], [-0.27781390682349116, -0.27082755886132864, -0.17612778861823508]]	0.6089610757144402	0.6476859266900129	[[-0.3399791334131788, 0.3618638347449189, 0.33147842290640334], [0.06988301420419236, 0.1991228013987378, -0.49782428914653265], [-0.23679311003763762, -0.2058434686058061, -0.28366246925362165]]	[[0.12072268122602564, 0.007722219286996429, 0.149348947191226], [0.03925890638888179, -0.11006489010509654, 0.025911070723635195], [0.16025801229291145, 0.18122277812551377, -0.03194095918213697]]	0.870700934199367	[[0.0, 0.7071067811865475, 0.7071067811865476], [0.0, 0.7071067811865476, -0.7071067811865475], [-1.0, 0.0, 0.0]]
3	[[0.8741664903139315, -0.15370841972864166, -0.46065895076156604], [0.4523572401227667, -0.08732656712286135, 0.8875511241517584], [-0.17665184550617297, -0.9842498627782785, -0.006806842160875459]]	0.43381783164401044	0.5661821683559897	[[0.3792290113238446, -0.06668145335210676, -0.19984206714678765], [0.19624063703852757, -0.03788382199415487, 0.38503550415271975], [-0.07663472057340069, -0.42698514126638765, -0.0029529295065740396]]	0.6669534739048673	0.5879613586268422	[[0.7000810254322503, 0.028972288842105565, -0.2561287227872685], [0.2213219441058761, 0.06251821374616869, 0.42640970330714895], [-0.19009811876712282, -0.5420126276648545, 0.20882608073281017]]	[[0.11705264794614817, 0.13148865334855053, 0.0511093647085292], [-0.08037928864002136, 0.12076097105294764, -0.16554560221403636], [-0.07227955673507482, 0.11443623750550716, 0.2133659277583282]]	0.9321119626079833	[[1.0, 0.0, 0.0], [0.0, 0.7071067811865476, 0.7071067811865475], [0.0, -0.7071067811865475, 0.7071067811865476]]
3	[[-0.24698665360156102, 0.8466372453907605, -0.4713840978011963], [-0.6254476894109686, -0.5108406865688171, -0.5897940155311683], [-0.7401437568156493, 0.1491548445845619, 0.6556981405980744]]	0.5830753708765419	0.41692462912345807	[[-0.14401183465028625, 0.4936533258541114, -0.2748524576507366], [-0.36468314346717684, -0.2978586227799404, -0.34389436434660087], [-0.43155959550724177, 0.0869685163241764, 0.3823214365122812]]	0.7878366563516642	0.37472181999410176	[[-0.10976256032630739, 0.7931706055730774, -0.3139608214892051], [-0.5321319009231993, -0.41166268724864935, -0.29015579704483857], [-0.43945935577694656, 0.02911709239496055, 0.5484799496561903]]	[[0.08482257901063323, 0.12615874902163707, 0.05741284997983529], [-0.039381284574787616, -0.009203668813883929, 0.17450554808745858], [0.1436530268122539, -0.08839256164119286, 0.031896918991399965]]	0.741355617905861	[[0.0, 0.7071067811865475, -0.7071067811865476], [0.0, -0.7071067811865476, -0.7071067811865475], [-1.0, 0.0, 0.0]]
3	[[0.1615105106326433, 0.7484963581880271, -0.6431699283505437], [0.2746907081173145, -0.6600677628887605, -0.6991820673251248], [-0.9478709668668996, -0.06374755033950519, -0.3122128760902104]]	0.6811689483620491	0.31883105163795095	[[0.11001594467705515, 0.5098524771597621, -0.43810738371263425], [0.18711078077309767, -0.44961766389462743, -0.4762611135134586], [-0.6456602696836446, -0.043422851825417524, -0.21266971647145938]]	0.8601375044384871	0.25781109862184265	[[0.09988883817638233, 0.732528250471777, -0.5076448453620732], [0.25920350910664736, -0.5924352366126856, -0.4917907242205519], [-0.7049706486556425, -0.011016396470917315, -0.2799309044185875]]	[[-0.03903240937976516, 0.08871846085863132, 0.04556973173924399], [0.0229317289341796, -0.024686198281252084, 0.10960199431662324], [0.11032871931494852, 0.043815262392171504, -0.011384900324791199]]	0.32701313811844684	[[0.0, 0.7071067811865475, -0.7071067811865476], [0.0, -0.7071067811865476, -0.7071067811865475], [-1.0, 0.0, 0.0]]
3	[[0.2474980822640765, 0.6766944151993265, -0.6934186092928614], [-0.6725024223343065, 0.6351887809349719, 0.37983641811816093], [0.6974849039442319, 0.37231690938283457, 0.612286638558706]]	0.6190036140623095	0.3809963859376906	[[0.1532022073949541, 0.4188762886241641, -0.42922862521034166], [-0.4162814298905933, 0.3931841510105802, 0.23512011556762408], [0.4317456762953823, 0.230465512484484, 0.3790076421099021]]	0.7828025428478766	0.37155394490383503	[[0.1700038729483228, 0.5858651583192617, -0.4341964237130627], [-0.521924152814111, 0.5222668544545129, 0.26174583289289455], [0.5235293225356127, 0.19780482738774388, 0.394537235257515]]	[[-0.023738255197969235, 0.0561470493702722, 0.10861342689942748], [0.004512453460540919, 0.02503946155017401, -0.03559108107623116], [-0.02246363386993916, -0.09364579602240149, -0.08476230235801888]]	0.784836087421849	[[0.0, 0.7071067811865475, -0.7071067811865476], [0.0, 0.7071067811865476, 0.7071067811865475], [1.0, 0.0, 0.0]]
3	[[-0.9645173536663985, 0.2631232422499032, 0.021735543799654512], [0.24053004160075506, 0.8417770646002551, 0.48327701435151793], [0.10886493266386094, 0.47135711822447, -0.8751976311298015]]	0.530418800643314	0.469581199356686	[[-0.5115981379313942, 0.1395655145755738, 0.011528941073542964], [0.1275816561845589, 0.4464943810143168, 0.25633921433081386], [0.057744007015680304, 0.25001667732331223, -0.4642212778297389]]	0.7588054793781525	0.4472596101607826	[[-0.802148953344537, 0.10243865079729313, 0.16724819986246128], [0.0842530703841676, 0.5321667945758127, 0.20823840014994982], [0.2200981500459905, 0.22642398056307536, -0.6734623053241119]]	[[-0.07026790042715846, -0.09722070717367837, 0.1507551501300196], [-0.09826244313754026, -0.10657825445771778, -0.15847484639749596], [0.13749084262851924, -0.1312443834895481, -0.009357547284039376]]	0.5643650862726586	[[-1.0, 0.0, 0.0], [0.0, 1.0, 0.0], [0.0, 0.0, -1.0]]
3	[[0.40945118502923766, -0.6319690739801498, 0.6580006205246504], [0.1566510016798315, 0.7592176555418734, 0.6317032651381553], [-0.89878261595942, -0.15557519418651922, 0.40986115722640565]]	0.6184758822250557	0.3815241177749443	[[0.2532356828890523, -0.39085763056882467, 0.40695751428361715], [0.09688486646537248, 0.46955780931209873, 0.3906932342107689], [-0.5558753713340457, -0.09621950547684183, 0.25348924080538343]]	0.8409049788575214	0.25887324648999016	[[0.2530225911602976, -0.5263817239597935, 0.5289429597902252], [0.10531412865511193, 0.7387027439213928, 0.5255132507807373], [-0.7033548684412501, -0.10444565547605568, 0.25338232452962]]	[[-0.09128694892990045, 0.005044216834091807, -0.024373038100291858], [-0.026414478600476306, 0.10027283733969711, -0.005689170034490432], [0.05243590822961381, 0.026378299902114044, -0.0912719632223698]]	0.4533667945758845	[[0.0, -0.7071067811865475, 0.7071067811865476], [0.0, 0.7071067811865476, 0.7071067811865475], [-1.0, 0.0, 0.0]]
3	[[0.3502993174823247, 0.16132854553037096, 0.9226394141637744], [0.9363424150508688, -0.08505486977734195, -0.3406296389098664], [0.023521691013278723, 0.9832287473036041, -0.18085342277010252]]	0.6674993352277093	0.3325006647722908	[[0.23382456155017203, 0.10768669689477582, 0.6158611956092025], [0.6250079395919627, -0.05677406903425522, -0.2273700575311905], [0.01570071311479525, 0.656304535201929, -0.12071953947269928]]	0.7955085745091225	0.3648861295532227	[[0.3127431883540476, 0.12270714318424274, 0.6364298487389819], [0.7548543981023409, -0.044823407812364074, -0.14991237917130343], [0.02073410983921014, 0.7345349121473526, -0.08706202122020036]]	[[0.03407707765216489, -0.005631098098252747, -0.09753771640837425], [0.009985978252794996, 0.02283847039926834, 0.12106141931344158], [0.0020224029511926225, -0.04763198703652782, 0.056808427322739566]]	0.39722716860979307	[[0.0, 0.0, 1.0], [1.0, -1.7938038903913487e-16, 0.0], [1.9967346175427393e-16, 1.0, 0.0]]
3	[[-0.8000941381037605, -0.5872859623158753, 0.12224798010076363], [0.31331023350144005, -0.23532960618484317, 0.9200308005910233], [-0.511552605071339, 0.7744127936182373, 0.37228854041606435]]	0.38688027157362387	0.6131197284263764	[[-0.3095406374340474, -0.22720935259214287, 0.04729533174071039], [0.12121354822383264, -0.09104438195010606, 0.3559417659887537], [-0.19790961077419444, 0.2996050319051124, 0.144031091619915]]	0.6077850372314043	0.7631490920626308	[[-0.24685368832988183, -0.1357604388890271, 0.194684374596189], [0.23758497811182827, -0.3775875420212661, 0.6838045609524819], [-0.18141658393629648, 0.33852616398365065, 0.019846380192342958]]	[[0.23943155718614056, 0.2211831815826083, 0.12038388145918238], [0.04715970617817558, -0.23455772856455953, 0.124623606561228], [0.1294974351828091, -0.13215034461808559, -0.20642502420525988]]	0.9999999999999999	[[0.0, 0.0, 0.0], [0.0, 0.0, 0.0], [0.0, 0.0, 0.0]]
3	[[0.5219868745328842, 0.6525362703745822, 0.5492960209768695], [-0.8484633314698179, 0.46322645744250823, 0.25599067224491256], [-0.08740525136700361, -0.5996813028358434, 0.7954512285882627]]	0.6613810275029821	0.338618972497018	[[0.34523221542162913, 0.43157510898330487, 0.36329396675698156], [-0.5611575499661114, 0.3063691903898925, 0.16930737384051936], [-0.05780817495826524, -0.3966178362438972, 0.5260963508922146]]	0.8027562147800735	0.37015010065905163	[[0.41734685958257545, 0.41071699798840133, 0.331636093578691], [-0.7404182742157801, 0.3716558302718003, 0.10563684035060704], [0.0019348173513123238, -0.43533811657798577, 0.624607694461846]]	[[-0.0016813479823238775, -0.11311054842420487, -0.10931470101445658], [-0.05930906186537825, -0.0002020872907303631, -0.0998612627197254], [0.07209992609058893, 0.046059776160898784, -0.01394572284182666]]	0.6682295611794359	[[0.7071067811865476, 0.7071067811865475, 0.0], [-0.7071067811865475, 0.7071067811865476, 0.0], [0.0, 0.0, 1.0]]
3	[[-0.2320176213509193, 0.7258914686476092, -0.6474947097291828], [-0.9237427054821723, 0.04411687515891305, 0.3804643418175869], [0.30474126312519306, 0.6863929465479887, 0.6603010566991635]]	0.5129351422205111	0.4870648577794891	[[-0.11900999160529852, 0.37233524370741705, -0.3321227910219668], [-0.4738200960116577, 0.02262909563396159, 0.1951535312800371], [0.15631250314157905, 0.3520750636567481, 0.33869161642633916]]	0.7028768076548733	0.5025050979456669	[[-0.21002842077356798, 0.43228483370918336, -0.3837764932237152], [-0.6551847681782222, 0.05578393338203272, 0.06854838284552629], [0.334360737001127, 0.3883903700134516, 0.450733071231872]]	[[-0.04694861575875663, -0.07792744447775561, 0.07133252132415166], [-0.0059074442544371705, 0.024775205006627405, -0.19887117915773167], [0.12016517081497767, -0.09405931305302077, -0.01337722759197556]]	0.8307013718365073	[[-1.9967346175427393e-16, 1.0, 0.0], [-1.0, -1.7938038903913487e-16, 0.0], [0.0, 0.0, 1.0]]
3	[[0.47760876960590826, -0.863333164219942, 0.1629285449315538], [0.019313472734014514, 0.19571911282807325, 0.9804697948660861], [-0.878360320692188, -0.46513425635162037, 0.11015112619370837]]	0.5193884294045078	0.4806115705954923	[[0.2480644687154321, -0.44840525621701977, 0.0846232010571615], [0.010031194269666595, 0.10165424261621668, 0.5092446668340564], [-0.4562101874155553, -0.24158535086870184, 0.05721122043088793]]	0.7141697492727123	0.4714420034981214	[[0.363964622139474, -0.467054523517411, 0.09145217172850584], [-0.05996310758684344, 0.2589959591918036, 0.6523401329413803], [-0.6008049267726658, -0.24524871701081266, 0.1677969802967806]]	[[0.022870886899573832, 0.1495119059123622, -0.024906466354629748], [-0.07375620556687995, 0.11921928945550088, -0.047881734627600064], [0.026493443227173202, 0.08693609822597348, 0.08913037812091301]]	0.7511803464599932	[[0.0, -0.7071067811865475, 0.7071067811865476], [0.0, 0.7071067811865476, 0.7071067811865475], [-1.0, 0.0, 0.0]]
3	[[-0.15924507484483535, -0.9821037016433163, 0.10056503048355725], [0.4404411616894768, -0.16184076937647524, -0.8830736936729884], [0.8835454652859054, -0.09633215759094466, 0.45833124068362]]	0.6090234164943719	0.39097658350562814	[[-0.09698397954190355, -0.598124151726582, 0.061246458444956756], [0.2682389810568752, -0.09856481829373873, -0.5378125579370278], [0.5380998778965315, -0.05866853973431136, 0.2791344580872425]]	0.8181352160892897	0.30374723406242793	[[-0.13028400371933446, -0.923489419349157, 0.020406804218092295], [0.1965966483358873, -0.1388651253598865, -0.7224736871959176], [0.7164021676323894, -0.03506474909257573, 0.25498113345405454]]	[[-2.3959975820168662e-17, -0.1199957951831113, -0.06186898872759895], [-0.16374377665755058, -0.006457492534006914, 0.0], [-0.006457492534006935, 0.043747981474439285, -0.1199957951831113]]	0.5012755124657398	[[0.0, -1.0, 1.9967346175427393e-16], [0.0, -1.7938038903913487e-16, -1.0], [1.0, 0.0, 0.0]]
