4	[[-0.8011245690937495, -0.03963348185217799, -0.5971839012487085], [0.07148815852702158, -0.9969981734291763, -0.02973357310014117], [-0.594212813716407, -0.06651187333972096, 0.8015530567093305]]	0.6071389898088828	0.39286101019111724	[[-0.48639396159065557, -0.024063032134340044, -0.3625736305342684], [0.04340324835139314, -0.6053164638570915, -0.01805241153542827], [-0.3607697674512733, -0.040381951589774534, 0.48665411312872503]]	0.7881592075860062	0.3386419697395691	[[-0.5810350622009987, -0.056187763074728246, -0.3796768668519421], [0.06233703804824681, -0.8945520880197876, 0.0], [-0.3602972400778082, 0.0, 0.5660909603272076]]	[[0.05037864335361179, -0.02495026942424128, 0.09099912353935985], [0.005992987671806671, -0.10875879768515208, 0.023434789413307854], [0.10803706031836632, 0.052421945386495285, -0.06566046168695959]]	0.6465160103958172	[[-1.0, 0.0, 0.0], [0.0, -0.96, 0.0], [0.0, 0.0, 0.96]]
4	[[-0.1979434622679918, 0.9682888025830232, -0.1524309041424854], [-0.9591958066328183, -0.15931265816426138, 0.2335869891210864], [0.2018954934697093, 0.19244810142210464, 0.9603134581872996]]	0.6901279101723864	0.3098720898276137	[[-0.13660630794729572, 0.6682431277699442, -0.10519682132154079], [-0.6619677974776234, -0.10994611184290942, 0.16120490064559534], [0.13933371498147318, 0.13281380605108056, 0.6627391200092185]]	0.834451268782048	0.26472350505462744	[[-0.24610840277428608, 0.8462421607936907, -0.11985620991231903], [-0.7712249350853653, -0.07585752587294296, 0.1064390279254001], [0.10743911750216067, 0.10402459810559678, 0.7585576621774969]]	[[-0.08093422953764899, 0.03825234093083694, 0.0073399514509725995], [0.029177222769810073, 0.057081123865265544, -0.08847793151766888], [-0.06103283318501594, -0.05656396430077465, -0.04277712143537142]]	0.35429140800267767	[[1.9967346175427393e-16, 1.0, 0.0], [-0.9216, 1.6531696653846668e-16, 0.0], [0.0, 0.0, 0.9216]]
4	[[-0.011589893598810297, 0.9826435305367112, 0.18514147633827627], [0.11227511405049562, -0.182704212732111, 0.9767361309048049], [0.9936095677535101, 0.03210704820265742, -0.10820889207637127]]	0.746667474249135	0.2533325257508652	[[-0.008653796580239896, 0.7337079630330989, 0.13823911851625684], [0.08383217582911714, -0.13641929305536207, 0.7292970998705631], [0.741895946344288, 0.023973288587073444, -0.0807960601379614]]	0.8693805955663491	0.18923349074911408	[[-0.0152564342611713, 0.9176543203291925, 0.1717432210845905], [0.024155661480367095, -0.15485994199642805, 0.8196431286422209], [0.8737826142921908, 0.026471301154077698, -0.0076899629195508025]]	[[-0.005180405661686982, 0.06336310252176655, 0.010784814121586639], [-0.07345414404013254, 0.003979555281095643, -0.029512310554969917], [0.009957736518221533, -0.0014419435342260863, 0.08638474811937966]]	0.2665079706923987	[[0.0, 1.0, 1.9967346175427393e-16], [0.0, -1.58704287876928e-16, 0.8847359999999999], [0.8847359999999999, 0.0, 0.0]]
4	[[0.8706842278162519, 0.40148237992419594, 0.28411419190603826], [0.48700467489959137, -0.7845539150430676, -0.3837989070027929], [0.06881440298339332, 0.4725325946440084, -0.8786225156123877]]	0.6724629108629843	0.3275370891370158	[[0.5855028502798065, 0.26998200986402343, 0.19105625650661903], [0.32749258128686054, -0.5275834094388117, -0.2580905301891299], [0.04627513373951113, 0.3177606440719485, -0.5908410543984641]]	0.8129464182618535	0.295161279261329	[[0.7399831118872926, 0.34358055800397347, 0.14189041104043051], [0.4172723103431904, -0.59547056445198, -0.2483434633676786], [0.0655558634572839, 0.3284268753302278, -0.6610728748992495]]	[[0.032163487446983066, 0.017196895249353725, -0.08907920364694422], [0.021363604206789222, 0.0423297307155964, 0.06366448341305612], [0.009613441027106468, -0.05571680499759907, 0.05320015217206061]]	0.580915520223252	[[0.7071067811865476, 0.7071067811865475, 0.0], [0.6516696095415221, -0.6516696095415222, 0.0], [0.0, 0.0, -0.9216]]
4	[[0.8434013427351802, 0.37557201465901263, -0.38421327004342964], [0.4843740832070826, -0.2220497303533281, 0.8462125411309575], [0.23249929589096227, -0.89979974386248, -0.3691943910126779]]	0.6186029329144467	0.3813970670855533	[[0.521730544239965, 0.23232994978865276, -0.23767545571351595], [0.2996352284996474, -0.13736061444943076, 0.5234695598125971], [0.14382474633869305, -0.5566187605889981, -0.22838473309600554]]	0.7606903770218787	0.3872363030967517	[[0.6953802280035353, 0.24750807023057006, -0.4209228289033091], [0.2683326734459902, -0.04838461032364638, 0.5862613032292839], [0.27704828225471045, -0.5862613032292839, -0.25072229573544613]]	[[0.053812942617552394, -0.03818594719926078, -0.1286554916571638], [-0.10012603052843223, 0.12052648277643328, -0.05744443372426604], [0.10018830520609305, 0.09820770317365562, 0.030120324758350747]]	0.6777833961697257	[[1.0, 0.0, 0.0], [0.0, 1.523561163618509e-16, 0.8493465599999999], [0.0, -0.8493465599999999, 1.6959196786428409e-16]]
4	[[0.8677758745180911, 0.35246868940790826, 0.3503296370440759], [0.30489758050525356, -0.9342923179771935, 0.18475748962043512], [0.39243151887482847, -0.05351343341511783, -0.9182231838925224]]	0.6507509331700067	0.3492490668299935	[[0.5647059601250665, 0.2293693285454055, 0.22797733822354216], [0.19841238503507094, -0.6079915977772272, 0.12023110878064595], [0.25537517711311764, -0.03482391673201894, -0.5975345937763935]]	0.813366389443768	0.291049847646868	[[0.6935616734496689, 0.3289657266779632, 0.17017626100439812], [0.19698808242278096, -0.8165561331714705, 0.10618673128362993], [0.20292874766915117, 0.0, -0.7392065051094512]]	[[-0.012258056453519251, 0.04227954138227599, -0.11477009099328762], [-0.05100536178291771, -0.0566341638133119, -0.04408880097163782], [-0.11626185994200192, 0.043526028123593886, 0.007645370676770798]]	0.5426887830601919	[[1.0, 0.0, 0.0], [0.0, -0.96, 0.0], [0.0, 0.0, -0.96]]
4	[[0.2023859315102588, -0.1060602062400518, 0.9735456678446278], [0.6690322325666673, 0.7409383789188091, -0.0583625773250962], [-0.7151474019484273, 0.6631451962409777, 0.2209132005764473]]	0.7524600047078648	0.24753999529213525	[[0.15228731897701492, -0.07980606328670646, 0.7325541778096899], [0.5034199968668278, 0.5575264960894848, -0.043915505208804995], [-0.5381198174369308, 0.498990237485484, 0.166228347945783]]	0.8518154136976605	0.23537938788407478	[[0.11391726689276094, -0.06345224441823318, 0.872565386543444], [0.5602370941903805, 0.6295086787068779, -0.044105054374184244], [-0.5547909755926137, 0.5360483320091189, 0.12117542314700447]]	[[-0.058478189083236515, 0.026891474036995735, 0.043284180734807165], [-0.009654873770464697, -0.0016340530563211525, 0.0056090885744542705], [0.054382604452892995, -0.02882896766850569, -0.06700184619329619]]	0.29089983404377695	[[0.0, 0.0, 1.0], [0.6256028251598611, 0.6256028251598612, 0.0], [-0.6256028251598612, 0.6256028251598611, 0.0]]
4	[[0.511206875187014, 0.8459474298653378, 0.15179089783566851], [-0.8586320663191376, 0.5104270682068909, 0.047065727767094744], [-0.037663051523436505, -0.15439285587729631, 0.9872914162515521]]	0.8413008007037903	0.1586991992962097	[[0.4300787534201174, 0.7116962500990222, 0.12770180388869518], [-0.7223678449042406, 0.42942270118334547, 0.03959643445616343], [-0.03168595540361525, -0.1298908332725143, 0.8306090590204099]]	0.8870974969515165	0.15831178033446391	[[0.4697300055108618, 0.7489634725804356, 0.11185687641663691], [-0.7291668002913064, 0.4250151399788322, 0.06561424362500473], [-0.014695504785905485, -0.1282706401793858, 0.8572529437159626]]	[[0.01623966610805521, -0.0014743750056739093, -0.02279644911340799], [0.032523556542708915, -0.02778343460380183, 0.023862354330613494], [0.018715293948091027, 0.008690875816559952, -0.018570800402507075]]	0.30831589323715003	[[0.7071067811865476, 0.7071067811865475, 0.0], [-0.6788225099390855, 0.6788225099390857, 0.0], [0.0, 0.0, 0.96]]
4	[[-0.048811022471290655, 0.8404542750081037, 0.5396796232079825], [-0.1921970497933101, 0.5223223691777455, -0.8308066181171734], [-0.9801417132925497, -0.1442773519203538, 0.13603774324354012]]	0.7259618324413702	0.2740381675586297	[[-0.03543493931659506, 0.6101377255680662, 0.39178680819533523], [-0.13952772245777667, 0.3791861042533941, -0.6031338948927609], [-0.7115454742340838, -0.1047398507798885, 0.098758209366269]]	0.847330351951906	0.23950235288322844	[[-0.060287891729210306, 0.7693060111016365, 0.4857073352879794], [-0.09503908354720805, 0.40658345099830345, -0.6573593318975719], [-0.7999118884668873, -0.07570321592320602, 0.04054580292049835]]	[[-0.018928830879479205, 0.05716359445953617, 0.028420410213887495], [0.06781531029827538, -0.03599614590942922, 0.04660833223562529], [0.0305919344200329, 0.046547363458156354, -0.07472310594079352]]	0.3301859530460616	[[0.0, 0.7071067811865475, 0.7071067811865476], [0.0, 0.6256028251598612, -0.6256028251598611], [-0.8847359999999999, 0.0, 0.0]]
4	[[0.6153023296687069, 0.7313682018673757, -0.2941149373995541], [-0.35367086285074184, -0.07732112734721036, -0.9321686349776892], [-0.7044997969301864, 0.6775854164332626, 0.21108775322668094]]	0.6753191722315014	0.32468082776849866	[[0.4155254599439856, 0.49390696868151773, -0.19862145606558673], [-0.23884071434276385, -0.052216439716124594, -0.6295113509533018], [-0.4757622197001543, 0.45758642254184806, 0.14255160677724962]]	0.8040835808723058	0.2902609562757666	[[0.5183825907985801, 0.6053760510329113, -0.2857665931041626], [-0.29850912654692563, -0.04474153837903776, -0.6744839621609573], [-0.5327066184492213, 0.4588190222566953, 0.17944078243886863]]	[[0.02362809023949419, 0.01729488833925244, -0.04927360105189499], [-0.014128192695702937, 0.01743111057539074, 0.07505753182875236], [0.033770100990215275, -0.08601628573581496, 0.009708585946069338]]	0.5702236508954021	[[0.4999999999999999, 0.5, -0.7071067811865476], [-0.42467327999999993, -0.42467328000000004, -0.6005787121534667], [-0.6005787121534668, 0.6005787121534667, 0.0]]
4	[[0.8076735082395426, -0.3067057453339202, -0.5035822572998319], [0.0850908944562452, -0.7844955095899794, 0.6142689436344596], [-0.5834578337537903, -0.5389790174137795, -0.6075183742233737]]	0.6188594621906213	0.3811405378093787	[[0.4998363929347359, -0.1898077526081235, -0.31164664492131294], [0.05265930518051084, -0.48549246915581223, 0.3801461480980228], [-0.36107840120777557, -0.33355226484872114, -0.37596849434279767]]	0.780848486348677	0.3748920729019296	[[0.701765413093672, -0.3589661578371579, -0.3594953898834172], [0.11799027198764563, -0.6057759318992607, 0.3659476904744567], [-0.30541487502964526, -0.3659476904744567, -0.4298077325013005]]	[[0.07109477672089946, -0.11947544083872358, 0.03372605348120653], [0.05154717584943154, 0.006796199311409044, -0.11370328437351189], [0.1501772913052799, 0.05491325944679025, 0.04457207044002994]]	0.6576730192872695	[[0.4999999999999999, -0.5, -0.7071067811865476], [0.42467327999999993, -0.42467328000000004, 0.6005787121534667], [-0.6005787121534668, -0.6005787121534667, 0.0]]
4	[[0.5366695897887676, 0.8400312153292252, -0.07958208761059785], [0.7684311562343987, -0.447598556932012, 0.45735007375165615], [0.348567510712374, -0.30659923206832285, -0.8857186920071709]]	0.6040265439151469	0.3959734560848531	[[0.32416267754446876, 0.5074011517761524, -0.04806969333698184], [0.4641528155369842, -0.2703614094050503, 0.2762515844075504], [0.21054402881670123, -0.18519407451326714, -0.534997600414136]]	0.7894219244307565	0.36224642005604357	[[0.5275582879020595, 0.7449633259765013, -0.08815470942799726], [0.5221231550248621, -0.27749330035105185, 0.25661276019382306], [0.21908289691977129, -0.16547900411069288, -0.6060508589813481]]	[[0.10389954754754593, 0.08182426738939713, -0.025330864676222087], [-0.08449324712224836, 0.07585081383464659, -0.10442941516575772], [-0.05608393818082935, 0.07655715169767464, 0.0931548953672453]]	0.5241829179305973	[[0.7071067811865476, 0.7071067811865475, 0.0], [0.6516696095415221, -0.6516696095415222, 0.0], [0.0, 0.0, -0.9216]]
4	[[0.5388625488158765, 0.700060485213946, -0.46855359408041286], [-0.17010925617958866, -0.45432840348109804, -0.874441846409665], [-0.8250393896328132, 0.550909265516865, -0.12573379307880614]]	0.7136331333866698	0.28636686661333033	[[0.38455016917620116, 0.49958635762342074, -0.33437536950319086], [-0.12139560150551558, -0.3242238021627792, -0.6240306748177544], [-0.58877544479109, 0.3931471053625492, -0.08972780072741961]]	0.8043734609878228	0.3138011873922424	[[0.3968138027192372, 0.6031861972807628, -0.3781396848817691], [-0.22710264496041058, -0.3048347472853428, -0.6841152196182331], [-0.606383117293301, 0.3989037428787465, -0.07773210232493212]]	[[-0.0366329306685089, 0.04007612188840647, -0.0012476087530238905], [-0.09027127382117067, 0.060614963047820096, 0.019262594810891355], [0.05725667199692586, -0.044233049715313694, 0.023404823976993956]]	0.4309453774594852	[[0.4999999999999999, 0.5, -0.7071067811865476], [-0.42467327999999993, -0.42467328000000004, -0.6005787121534667], [-0.6005787121534668, 0.6005787121534667, 0.0]]
4	[[0.5703528252803276, 0.5739516156578184, -0.5876029250935769], [-0.5509578072563881, -0.26325551186259916, -0.7919229950551969], [-0.609215191305979, 0.7754199367811874, 0.16607459867264057]]	0.6815473163219357	0.3184526836780645	[[0.3887224374264411, 0.39117518335022516, -0.4004791966604467], [-0.3755038149422096, -0.1794210876169119, -0.5397329920134988], [-0.4152089786971446, 0.5284853769357434, 0.1131876970345807]]	0.8578470623259574	0.23703432215103487	[[0.559547748175976, 0.5127039112346304, -0.5732735964028466], [-0.42516813692032224, -0.23060941460295828, -0.5946587904618257], [-0.5117626873580012, 0.5843636240764694, 0.12796271034602716]]	[[0.07027225251993681, 0.020341203825333973, -0.06920015329718207], [0.047469399500121384, -0.0047764471105114425, 0.08469002443464861], [0.010850774828179076, -0.08082809076025191, -0.014503896252259894]]	0.3034921795513304	[[0.4999999999999999, 0.5, -0.7071067811865476], [-0.42467327999999993, -0.42467328000000004, -0.6005787121534667], [-0.6005787121534668, 0.6005787121534667, 0.0]]
4	[[0.20231817389064605, -0.6994113589449509, -0.6854860374160302], [-0.8413567112351195, 0.2340817656053938, -0.48715973917256866], [0.5011848371341435, 0.6752995468603828, -0.5410954454040282]]	0.5920855389588668	0.40791446104113327	[[0.11978966502921687, -0.4141113514148747, -0.40586636991224817], [-0.49815514182830534, 0.13859642834891264, -0.28844023672705127], [0.2967442944125812, 0.39983509616150836, -0.3203747884202321]]	0.772184156477833	0.38799799004362306	[[0.2488200445967309, -0.6050786510590925, -0.4979859860031518], [-0.6354863808051205, 0.25364881652063864, -0.2988720438837458], [0.3411864114671043, 0.40782916130450253, -0.3151948144470838]]	[[0.09259315615084698, -0.06500428082117063, 0.03133547157627781], [0.01419594155693386, 0.07289458579979578, 0.07730498837918534], [-0.045820579234804426, -0.11362644965774504, 0.10263051563622311]]	0.5998950292233038	[[0.4999999999999999, -0.5, -0.7071067811865476], [-0.42467327999999993, 0.42467328000000004, -0.6005787121534667], [0.6005787121534668, 0.6005787121534667, 0.0]]
4	[[0.7983197949725356, -0.14272590074337235, -0.5850767660845899], [0.4905325911139221, -0.4095002147242297, 0.7692121626676685], [-0.3493755601212979, -0.9010765180592617, -0.2569004215491415]]	0.6810679320438469	0.31893206795615325	[[0.5437100118716128, -0.09720603406838398, -0.39847702316413325], [0.3340860174300689, -0.2788974644137423, 0.523885736931044], [-0.237948490238473, -0.6136943207678914, -0.1749666388456663]]	0.7829374018054147	0.35858459793857417	[[0.6460346735479778, -0.16213644700361163, -0.48433459465422996], [0.3127283473385686, -0.348768124037802, 0.5770203689244644], [-0.22023614094119698, -0.5848521535538986, -0.2011369485704006]]	[[0.02100024746234948, -0.05039100110525815, -0.02625611155924666], [-0.07132796504904346, -0.028155089882854128, -0.025224603151683917], [0.05330305235448346, 0.12063435432328948, 0.0]]	0.5484323207976506	[[0.4999999999999999, -0.5, -0.7071067811865476], [0.42467327999999993, -0.42467328000000004, 0.6005787121534667], [-0.6005787121534668, -0.6005787121534667, 0.0]]
4	[[-0.7565373765452967, 0.581550495723293, 0.2990822943839241], [0.05028910555470567, 0.5077298103841723, -0.8600473507370163], [-0.6520139597834296, -0.6356173853594982, -0.4133622330067026]]	0.6415285983860054	0.3584714016139946	[[-0.4853403628017299, 0.37308127441205075, 0.1918698451181895], [0.03226189940059619, 0.3257231936145504, -0.5517449714639153], [-0.4182856017479729, -0.4077667303394564, -0.2651836939664993]]	0.7517882537905735	0.39654597362804295	[[-0.5935058867929086, 0.4369505241082005, 0.1827764560898541], [-0.061855502923995095, 0.40528902237776865, -0.6200330383763031], [-0.372431810295378, -0.4028417823098338, -0.31536489116731137]]	[[-0.024749973552618452, -0.00025230756265623433, -0.042070099744714366], [-0.09966226177365708, 0.023583714831632914, 0.026540457611487336], [0.11774462597728373, 0.0750079019085133, -0.004604019832230314]]	0.6393823787857245	[[-0.4999999999999999, 0.5, 0.7071067811865476], [-0.42467327999999993, 0.42467328000000004, -0.6005787121534667], [-0.6005787121534668, -0.6005787121534667, 0.0]]
4	[[-0.9512982242440221, -0.26632565387263285, -0.15524926614797568], [-0.28936275749252405, 0.9451100598101759, 0.15177670908913832], [0.10630561192379806, 0.1893082695893678, -0.9761462472081662]]	0.7755226713923355	0.22447732860766448	[[-0.7377533401565091, -0.20654158255161476, -0.12039932561477779], [-0.22440737869205482, 0.7329542783437577, 0.1177062788879459], [0.08244241214314077, 0.14681285494860694, -0.7570235453044803]]	0.8625629189851471	0.2006916750522608	[[-0.8211499941902491, -0.2022211404172687, -0.09508726685036412], [-0.24585386578687224, 0.7938661241339603, 0.07713059502052622], [0.05948686277831741, 0.1366174577988436, -0.8115750015806137]]	[[-0.0005954210609384455, 0.027501492987737408, 0.03882499332853579], [0.0037397189614706006, -0.021350767818132, -0.05378636620536044], [-0.03220841614717611, -0.026672835806188618, 0.03041255476765922]]	0.36910728908711593	[[-1.0, 0.0, 0.0], [0.0, 0.96, 0.0], [0.0, 0.0, -0.96]]
4	[[-0.7147397866006825, 0.47804333933038157, 0.5105111195379277], [0.6441331517519284, 0.16556701204019203, 0.7467797850358632], [0.2724693015077806, 0.8625903606266073, -0.42626089369061476]]	0.6365648003430342	0.3634351996569658	[[-0.45497818955468633, 0.30430556285616167, 0.32497340888155984], [0.41003249113929574, 0.1053941319627575, 0.47537372476156825], [0.1734443665139064, 0.5490946606901022, -0.2713426806862095]]	0.7834625861523044	0.3653145392288859	[[-0.672627837603209, 0.3269167649160116, 0.46342954948572834], [0.44868595564786007, 0.04026498581780094, 0.5017811778845119], [0.2488348555388813, 0.5658727871573186, -0.26509595657602547]]	[[-0.1126559559670921, -0.04761230600865273, 0.06346318751303527], [-0.05596826925014055, -0.08945057361671754, -0.08329284378594737], [0.0353653519324835, -0.10993448756925216, 0.06886350557041598]]	0.591561960259616	[[-0.7071067811865475, 1.1102230246251565e-16, 0.7071067811865476], [0.6005787121534668, -1.138258367731589e-16, 0.6005787121534667], [1.6959196786428409e-16, 0.8493465599999999, 0.0]]
4	[[0.31358954156160956, 0.32022056906021157, -0.893935336908623], [-0.7749177473382989, -0.45777931064204774, -0.4358217383383115], [-0.5487841873481009, 0.8293954966714284, 0.10458979786689793]]	0.6913216915598925	0.3086783084401073	[[0.2167912523278632, 0.22137542547497685, -0.6179968892568318], [-0.5357174479096943, -0.316472767394182, -0.3012930213666144], [-0.37938641269881007, 0.5733790977310493, 0.07230519598125115]]	0.8415905043380627	0.2525685069032731	[[0.27296387554902934, 0.30222363050904, -0.8108417087812897], [-0.5693618192466737, -0.35233374829295017, -0.3413177003343322], [-0.44198749002262455, 0.6526815671237094, 0.020922876937514705]]	[[0.009049895111052432, 0.03272904029423511, -0.058514217746745714], [0.08280159855628079, 0.032928972625821444, 0.025465736235298665], [0.019864070980417484, -0.045329807215716146, -0.06709890379790395]]	0.4380225724065933	[[0.4999999999999999, 0.5, -0.7071067811865476], [-0.42467327999999993, -0.42467328000000004, -0.6005787121534667], [-0.6005787121534668, 0.6005787121534667, 0.0]]
4	[[-0.13714492618686602, -0.09186257958165817, -0.9862821785340151], [0.9849622221878442, -0.11826677366833438, -0.12594598488585185], [-0.1050746881222272, -0.9887235390738337, 0.10670085846576022]]	0.6987688185662402	0.30123118143375993	[[-0.09583259804395057, -0.06419070620472252, -0.6891832326671513], [0.6882608883305784, -0.08264113371186285, -0.08800712706184827], [-0.07342291568038474, -0.6908891792872546, 0.07455923281012287]]	0.8471779181644219	0.2530157160242782	[[-0.10302056371472859, -0.021468110282601913, -0.8880870538476964], [0.7744568764588527, -0.08494635528046598, -0.048978667455222204], [-0.02121506781310931, -0.7895350090345543, 0.0777733487861563]]	[[0.013165589339073875, 0.05635583864460078, -0.052530571114578886], [-0.05998136840484793, 0.015246643823896278, 0.057719989821541515], [0.0678018877220549, 0.04808974043817561, -0.012621262355223062]]	0.2700328760696967	[[0.0, 0.0, -1.0], [0.8493465599999999, -1.523561163618509e-16, 0.0], [-1.6959196786428409e-16, -0.8493465599999999, 0.0]]
4	[[0.4811460874291297, -0.5569646813589093, -0.6769702994005047], [0.28537953366574575, -0.6306542773568745, 0.7216880934421741], [-0.8288889939650315, -0.5404308708523664, -0.14449051703620916]]	0.7152930017132049	0.28470699828679535	[[0.34416042913974626, -0.39839293877745285, -0.484232117528874], [0.2041299832632859, -0.4511025910938708, 0.5162184426589327], [-0.5928984965802857, -0.38656641983047046, -0.10335305564992302]]	0.849058307414505	0.24836863607904758	[[0.4122021977922943, -0.5108961736760013, -0.6376682975760863], [0.26512626570171616, -0.48763547013368114, 0.5804795208392024], [-0.6230015169907018, -0.43603491860371985, -0.057458337475104204]]	[[0.003681115180605897, -0.03800068403174675, -0.06288104099720314], [0.022822401876737276, 0.04782678316266446, -0.03227575026001103], [0.08077356925975968, 0.022822401876737276, 0.06522253635710626]]	0.2846410368210882	[[0.4999999999999999, -0.5, -0.7071067811865476], [0.42467327999999993, -0.42467328000000004, 0.6005787121534667], [-0.6005787121534668, -0.6005787121534667, 0.0]]
4	[[0.8741664903139315, -0.15370841972864166, -0.46065895076156604], [0.4523572401227667, -0.08732656712286135, 0.8875511241517584], [-0.17665184550617297, -0.9842498627782785, -0.006806842160875459]]	0.6756120471083366	0.3243879528916636	[[0.5905974120345051, -0.10384726011065504, -0.31122673674280005], [0.30561800102361975, -0.058998880780819885, 0.5996402319014746], [-0.11934811496789116, -0.664971064657732, -0.004598784566652324]]	0.7975464719226177	0.3120742051479963	[[0.7335804173044576, -0.11111841888572915, -0.33556060936480187], [0.2302804940497869, -0.08472617076286078, 0.6777907591066169], [-0.12664580680130902, -0.7662973024920152, 0.006824907020532479]]	[[0.036392017081604396, 0.011471188973649904, 0.031836311574659965], [-0.13049542685877807, -0.015079175248909109, -0.030072508611571458], [0.014242249340758621, 0.018687703057121672, 0.012253679970872726]]	0.5651942368482752	[[1.0, 0.0, 0.0], [0.0, 1.523561163618509e-16, 0.8493465599999999], [0.0, -0.8493465599999999, 1.6959196786428409e-16]]
4	[[0.9108526935290702, 0.369894861597951, -0.1830987767689077], [-0.28482357056054014, 0.8843967298970963, 0.3697539151928853], [0.2987020327081532, -0.28464050223177145, 0.9109099187873969]]	0.721593623827269	0.2784063761727311	[[0.6572654958964705, 0.2669137736155515, -0.13212290984701633], [-0.205526872432202, 0.638175041227432, 0.26681206758835485], [0.2155414822264477, -0.2053947714934378, 0.6573067892780009]]	0.8087161563098432	0.33950752252436395	[[0.6834340010018, 0.2975878143582283, -0.19146453015444453], [-0.28568430178389914, 0.7050071435932932, 0.2386126363577827], [0.17645371099033608, -0.2386126363577827, 0.6486508426929624]]	[[-0.05318728827349731, -0.001552136352028069, -0.043389591180859485], [-0.0553428785737337, -0.01021878046208112, -0.06041332871752331], [-0.06511144878333863, -0.008419263462801151, -0.08801672557329282]]	0.5890627240688389	[[0.7071067811865476, 0.7071067811865475, 0.0], [-0.42467327999999993, 0.42467328000000004, 0.6005787121534667], [0.4246732799999998, -0.42467327999999993, 0.6005787121534668]]
4	[[0.1615105106326433, 0.7484963581880271, -0.6431699283505437], [0.2746907081173145, -0.6600677628887605, -0.6991820673251248], [-0.9478709668668996, -0.06374755033950519, -0.3122128760902104]]	0.6385720072934582	0.36142799270654186	[[0.10313609097367846, 0.47796882189997164, -0.4107103121775963], [0.17540979686733496, -0.4215007962975782, -0.4464780961953947], [-0.6052838659673871, -0.04070740118033861, -0.19937040298778938]]	0.8175926379385704	0.278869738538311	[[0.06294824712392329, 0.7243453550440483, -0.5617570542334666], [0.11331474014612843, -0.5656183193961868, -0.5520482724684546], [-0.7473467271253548, -0.02449393074346081, -0.12780913376634517]]	[[-0.06910155731902504, 0.11238024306568609, -0.035906055870584125], [-0.11127036052072063, -0.02595177591775439, 0.019597838355237384], [0.027625597100737042, 0.02762559710073704, 0.127453815194638]]	0.34604067033363356	[[0.0, 0.7071067811865475, -0.7071067811865476], [0.0, -0.6256028251598612, -0.6256028251598611], [-0.8847359999999999, 0.0, 0.0]]
4	[[-0.4317850840940142, 0.8067077608929694, 0.4034652769061755], [-0.8878263375968627, -0.45904284438783466, -0.032311937200791035], [0.1591415578133718, -0.3721589116645979, 0.9144242500313273]]	0.683015978201319	0.31698402179868107	[[-0.29491611158521197, 0.5509942904289071, 0.2755732307763375], [-0.6063995744466157, -0.31353359739587267, -0.02206956939477788], [0.10869622678238192, -0.25419048309693365, 0.6245663736261545]]	0.7965873957849602	0.3422760374665337	[[-0.33507061686956474, 0.5292525587145167, 0.33195664742539044], [-0.7491330181597641, -0.3991703980473114, 0.0], [0.09036931754032053, -0.2613738600484655, 0.6156687537327602]]	[[0.008883938807676017, -0.11336067569473, 0.010561293205042281], [-0.04190174798418033, -0.03350265408268551, 0.025739281907545302], [-0.036400841559395, 0.0350832382126016, -0.11275007824231004]]	0.5366861096744279	[[-0.7071067811865476, 0.7071067811865475, 0.0], [-0.6516696095415221, -0.6516696095415222, 0.0], [0.0, 0.0, 0.9216]]
4	[[-0.24698665360156102, 0.8466372453907605, -0.4713840978011963], [-0.6254476894109686, -0.5108406865688171, -0.5897940155311683], [-0.7401437568156493, 0.1491548445845619, 0.6556981405980744]]	0.5882397037194995	0.41176029628050054	[[-0.14528735593725292, 0.49802564238655406, -0.2772868420286593], [-0.3679131635111536, -0.3004967741151066, -0.3469402569515883], [-0.43538194421907483, 0.08773880158675072, 0.385707679954838]]	0.7628040012133116	0.4076942415013488	[[-0.11237769916922682, 0.7972104464691407, -0.33479455601946784], [-0.45039115813618147, -0.4105520385283158, -0.2962292470975364], [-0.408258033138933, 0.024742643142757034, 0.48470114068782405]]	[[0.07602470844433001, 0.15139216810885237, 0.02477911989161176], [0.026702841896126032, -0.020880718831066923, 0.15366798784130475], [0.1563265860330965, -0.08903326910669643, -0.015468024548515669]]	0.725178400252496	[[0.0, 0.7071067811865475, -0.7071067811865476], [0.0, -0.6005787121534668, -0.6005787121534667], [-0.8493465599999999, 0.0, 0.0]]
4	[[-0.06806473341269687, 0.662577969415037, -0.7458938439961176], [-0.9098273039671204, 0.2655430850439849, 0.3189061726295745], [0.4093671567448706, 0.700340848752355, 0.5847574082877884]]	0.6139349182549606	0.3860650817450395	[[-0.04178731654376973, 0.40677975149035844, -0.4579302761406347], [-0.5585747514871854, 0.16302617220964888, 0.19578763502434016], [0.25132479191242774, 0.4299637017293868, 0.359002991656146]]	0.7541057918536808	0.3932541034113134	[[-0.11369950514592755, 0.5774252906762857, -0.48967161872878073], [-0.6942295114464062, 0.24514262793934755, 0.1655710070028251], [0.2731311548724026, 0.3998164543012011, 0.3924137828354039]]	[[-0.06237149545843619, 0.07777140638575541, 0.0728112491366973], [-0.008123471938181213, 0.04489504952098402, -0.0749179848350268], [-0.03557498902357791, -0.12831463601467244, -0.04855516558376481]]	0.7163863870008436	[[-0.4999999999999999, 0.5, -0.7071067811865476], [-0.42467327999999993, 0.42467328000000004, 0.6005787121534667], [0.6005787121534668, 0.6005787121534667, 0.0]]
4	[[-0.6195752977719757, 0.6381387633459072, 0.45706166882175114], [0.5448782585382363, -0.06948620364724613, 0.835631109326976], [0.5650080829183833, 0.7667793595409634, -0.304656002761875]]	0.6519451451928503	0.3480548548071498	[[-0.4039291074638542, 0.41603146872273344, 0.29797913604208304], [0.35523073537513783, -0.045301193125703895, 0.5447856448978379], [0.36835427665335946, 0.4998980808868141, -0.19861900195446397]]	0.8058149643157905	0.32470106179044456	[[-0.6032009472358193, 0.5566592716079888, 0.40106562818448294], [0.3575468292555399, -0.1254994164391956, 0.5954270748579722], [0.4848486553084506, 0.5408046119853104, -0.1360315147506597]]	[[-0.10393790077074927, 0.042437506793883875, 0.032758495832767805], [-0.08152422520489908, -0.06950639372675016, -0.07793697768550946], [0.02955668713344037, -0.07707767026127575, 0.10946485124349195]]	0.47429359474803545	[[-0.4999999999999999, 0.5, 0.7071067811865476], [0.44236799999999993, -0.44236800000000004, 0.6256028251598611], [0.6256028251598612, 0.6256028251598611, 0.0]]
4	[[0.6392458436810273, -0.42249799911284014, -0.642541976902815], [0.5964188253930831, -0.25505911223508765, 0.7610712410691811], [-0.4854372627366653, -0.869735758728762, 0.08894028297255557]]	0.6812600859502865	0.31873991404971347	[[0.43549267840950007, -0.28783102318943765, -0.43773820241147876], [0.40631634024966073, -0.17376159272367953, 0.5184874591050815], [-0.33070903133545254, -0.5925162577455941, 0.06059146482232608]]	0.8387129884481083	0.2774284623569207	[[0.5609580676936639, -0.384784157915844, -0.632127127351844], [0.41894516860285114, -0.21564922440858997, 0.5943976375959799], [-0.3835802029550873, -0.6174208444473357, 0.07860614508122034]]	[[0.02481427578691725, -0.030429598466567665, -0.09321882570032863], [-0.0812790468092921, -0.0017278341549781607, -0.04392269742306365], [0.02356233437885079, 0.11203783291624694, 0.00401077455588786]]	0.3401591589431355	[[0.4999999999999999, -0.5, -0.7071067811865476], [0.42467327999999993, -0.42467328000000004, 0.6005787121534667], [-0.6005787121534668, -0.6005787121534667, 0.0]]
4	[[-0.6025847497358183, -0.5627740937894159, -0.565841796569786], [-0.05773503450399975, -0.6764267119426086, 0.7342435353214446], [-0.7959637461446616, 0.4751128526255769, 0.37511263920767013]]	0.6401323817698575	0.3598676182301426	[[-0.3857340110665829, -0.3602499210557919, -0.3622136569431522], [-0.03695806514861026, -0.4330026422085754, 0.4700130630644368], [-0.5095221686220405, 0.3041351219606819, 0.24012174716798315]]	0.7802703131186037	0.3610944889849877	[[-0.44350394839618124, -0.5281636572490844, -0.5082239084662055], [-0.08589423054171483, -0.5356158915069105, 0.5191833581598265], [-0.5240529270135417, 0.332727089396692, 0.2089257817235788]]	[[0.02667504296068128, -0.0890477388729784, -0.0667143526811053], [-0.04084529709136557, -0.007820209177663524, -0.05372507505074778], [0.09701395442181034, -0.03798936488813995, -0.08376347472573585]]	0.4820934512920279	[[-0.4999999999999999, -0.5, -0.7071067811865476], [-0.42467327999999993, -0.42467328000000004, 0.6005787121534667], [-0.6005787121534668, 0.6005787121534667, 0.0]]
4	[[-0.5196294348588592, 0.17521189697653233, -0.8362332459225404], [0.269824892373195, 0.9623103357733339, 0.033960935199249837], [0.8106662555479022, -0.20798944401507244, -0.5473213071809325]]	0.6117644910517726	0.3882355089482274	[[-0.3178908367519502, 0.1071884169800639, -0.5115778060923747], [0.16506928795578696, 0.588707292798234, 0.020776094237811293], [0.49593682923810867, -0.12724055636202194, -0.3348317409293341]]	0.779156848930075	0.3736083229947445	[[-0.33722137680062186, 0.10900728671502752, -0.6176263266445212], [0.22913115769367354, 0.8278722330290222, 0.0], [0.5083255911102824, -0.12867004225710418, -0.36115899842369603]]	[[0.06765145627532247, -0.02751026282826833, 0.03393053421905368], [0.018895244789278325, 0.07808154411502895, -0.026460895256565965], [-0.12331057409636383, 0.03338635755239787, 0.06529014663168899]]	0.6460104182871125	[[0.0, 0.0, -1.0], [0.0, 0.9216, 0.0], [0.9216, 0.0, 0.0]]
4	[[0.9585760929693858, -0.06891970183517857, 0.276372843612568], [-0.2700624667372825, 0.08852460169804383, 0.9587646525367821], [-0.09054356988390194, -0.9936868065910669, 0.06624494214297555]]	0.7173265608055287	0.2826734391944714	[[0.6876120920401301, -0.04943793268917113, 0.1982495814086476], [-0.1937229804673123, 0.06350104808273713, 0.6877473508261174], [-0.06494930758787439, -0.7127979394897984, 0.04751925651818198]]	0.8604491097420622	0.2263696122973615	[[0.8731260522797057, -0.04190960796960771, 0.2634349858940182], [-0.20924121831083298, 0.057797505177780664, 0.7485215455028266], [-0.050102162101834734, -0.8201114349608509, 0.022776004049738167]]	[[0.04832010646417357, 0.01739228811816003, 0.025630218650701916], [0.023133790768007048, -0.018373409543571854, -0.07644664622460536], [0.02780597199763683, 0.03490549313286549, -0.03422439744209964]]	0.36853956657066866	[[1.0, 0.0, 0.0], [0.0, 1.523561163618509e-16, 0.8493465599999999], [0.0, -0.8493465599999999, 1.6959196786428409e-16]]
4	[[0.3502993174823247, 0.16132854553037096, 0.9226394141637744], [0.9363424150508688, -0.08505486977734195, -0.3406296389098664], [0.023521691013278723, 0.9832287473036041, -0.18085342277010252]]	0.7309005445523399	0.26909945544766023	[[0.2560339619041441, 0.11791512177998506, 0.6743576502377544], [0.6843731810481333, -0.06216665063708771, -0.24896638856988826], [0.01719201677039743, 0.7186424268237191, -0.13218586518682246]]	0.8388142213045009	0.23208445306389833	[[0.32382441053442107, 0.0844849013547585, 0.7813826359744114], [0.7580675330776515, -0.04417495048896078, -0.2343275147608121], [1.5546881951891915e-16, 0.7786153360241995, -0.09481169531424957]]	[[0.029988361316986747, -0.05083977693848728, 0.007459574237784129], [-0.027349800677618732, 0.027170283871476172, 0.051397470554600796], [-0.01973032893106846, -0.04613092000947304, 0.05689072767690767]]	0.44658369118073227	[[0.0, 0.0, 1.0], [0.8847359999999999, -1.58704287876928e-16, 0.0], [1.7665829985862928e-16, 0.8847359999999999, 0.0]]
4	[[-0.15924507484483535, -0.9821037016433163, 0.10056503048355725], [0.4404411616894768, -0.16184076937647524, -0.8830736936729884], [0.8835454652859054, -0.09633215759094466, 0.45833124068362]]	0.6268340668237188	0.37316593317628144	[[-0.09982023788663563, -0.615616057343708, 0.06303758703825943], [0.2760835245783778, -0.10144730764613555, -0.5535406747100822], [0.553836397228819, -0.060384278108635225, 0.28729763555007426]]	0.7632442322235872	0.37257536357916843	[[-0.12154288488533402, -0.923590687071587, 0.02432998843374349], [0.15130919279527646, -0.10662539608417475, -0.6675419449164834], [0.6756663129808971, -0.036160129939908324, 0.20232852612061447]]	[[-3.328661745541848e-17, -0.17400570134689114, -0.05242569104622097], [-0.18485498349807306, 0.016898637681047837, 0.00645895840780385], [0.0013053326941240197, 0.03736483371903383, -0.1474901497790392]]	0.49548862678017536	[[0.0, -1.0, 1.9967346175427393e-16], [0.0, -1.58704287876928e-16, -0.8847359999999999], [0.8847359999999999, 0.0, 0.0]]
4	[[-0.025484677740626793, -0.9751658735640326, 0.22000465957918597], [0.5903656460895103, -0.19228165120071194, -0.7838980613120834], [0.8067334969602857, 0.10990580352112828, 0.5806046669073575]]	0.6142611791668193	0.3857388208331806	[[-0.01565424819964382, -0.5990065393786841, 0.13514032161530548], [0.36263869790652364, -0.11811115379869239, -0.48151814748814403], [0.4955450691161969, 0.06751086846816506, 0.3566429073242718]]	0.7592218976841663	0.39019942544920916	[[0.024065418274740638, -0.8855333588421499, 0.18300170013936495], [0.2903968417009, -0.17600426325711943, -0.5797428077342726], [0.617909035109214, 0.07345242537142989, 0.251681541831112]]	[[0.043413943670848734, -0.14516607375802715, 0.015969344994296295], [-0.15782168445071687, -0.030019823142669936, 0.015409765966026482], [0.005419298621642234, -0.009990467344384246, -0.18912623518257515]]	0.6372471853142189	[[0.0, -1.0, -1.9967346175427393e-16], [0.0, 1.523561163618509e-16, -0.8493465599999999], [0.8493465599999999, 0.0, 0.0]]
4	[[-0.9645173536663985, 0.2631232422499032, 0.021735543799654512], [0.24053004160075506, 0.8417770646002551, 0.48327701435151793], [0.10886493266386094, 0.47135711822447, -0.8751976311298015]]	0.6868102051161125	0.31318979488388776	[[-0.662440361509669, 0.18071572798047256, 0.014928193295350977], [0.16519848720840163, 0.5781410784001402, 0.3319195853546684], [0.07476954673281812, 0.323732879050688, -0.6010946645533947]]	0.8535761264375635	0.24184902416875262	[[-0.8850470958031583, 0.23039312180085014, -0.01952094846945321], [0.197576694868642, 0.6451784702943664, 0.3711386387302066], [0.02326705988604949, 0.35697517679450597, -0.7096170550556813]]	[[-0.06175810917878426, 0.005797403905485086, -0.038073889751976314], [-0.007734006332796532, -0.07334233583110192, -0.0413750831762729], [-0.06965744764205511, -0.04536400634830981, 0.03743074879142621]]	0.4194400560858553	[[-1.0, 0.0, 0.0], [0.0, 0.6005787121534668, 0.6005787121534667], [0.0, 0.6005787121534667, -0.6005787121534668]]
4	[[-0.8000941381037605, -0.5872859623158753, 0.12224798010076363], [0.31331023350144005, -0.23532960618484317, 0.9200308005910233], [-0.511552605071339, 0.7744127936182373, 0.37228854041606435]]	0.6224027853435331	0.3775972146564669	[[-0.4979808200928141, -0.365528418738558, 0.07608748331733609], [0.19500516200792906, -0.14646980236324314, 0.5726297328896935], [-0.31839176624614174, 0.48199667975365756, 0.23171342450643695]]	0.7362213896521766	0.3918079607236563	[[-0.6730607432960435, -0.350092437437727, 0.14496614306336889], [0.12348977511951688, -0.21710332608678515, 0.597566033179343], [-0.32982532319836816, 0.49323550949463574, 0.31925512984205906]]	[[-0.08401432508873242, 0.08228004986168247, 0.05496456527141312], [-0.10717592038116122, -0.04384863639508042, -0.07978032135458483], [0.04679064658744417, -0.07690375358740713, 0.04516834326536359]]	0.7810475892062573	[[-1.0, 0.0, 0.0], [0.0, -0.6005787121534668, 0.6005787121534667], [0.0, 0.6005787121534667, 0.6005787121534668]]
4	[[0.5219868745328842, 0.6525362703745822, 0.5492960209768695], [-0.8484633314698179, 0.46322645744250823, 0.25599067224491256], [-0.08740525136700361, -0.5996813028358434, 0.7954512285882627]]	0.7475708902880321	0.25242910971196797	[[0.39022219251321544, 0.48781712058915844, 0.41063771543335176], [-0.6342864880836414, 0.34629461519526694, 0.19137117475556112], [-0.06534162158028012, -0.4483042854500784, 0.5946561831364365]]	0.834579830286149	0.24694928697478355	[[0.4768133809500343, 0.5879111178536361, 0.4292645243853515], [-0.644941533085075, 0.3464860868603617, 0.261460568520737], [-0.049806795495549734, -0.49367218529994084, 0.6060559481525649]]	[[0.04117366379078245, 0.04331750806886069, -0.02916685557838119], [0.06316885009702629, -0.04011337137606095, 0.04781591672374068], [0.023139864356442337, 0.0068097346465742226, -0.05781160320353627]]	0.34980787280768333	[[0.7071067811865476, 0.5, 0.4999999999999999], [-0.6005787121534667, 0.42467328000000004, 0.42467327999999993], [0.0, -0.6005787121534667, 0.6005787121534668]]
