5	[[-0.8011245690937495, -0.03963348185217799, -0.5971839012487085], [0.07148815852702158, -0.9969981734291763, -0.02973357310014117], [-0.594212813716407, -0.06651187333972096, 0.8015530567093305]]	0.6677419772415265	0.33225802275847355	[[-0.5349445037834262, -0.026464939536939482, -0.39876475899662106], [0.047735644324189086, -0.6657375316317884, -0.019854354892343745], [-0.3967808391332445, -0.044412769813903255, 0.5352306229510778]]	0.8115612389082787	0.3274498985031881	[[-0.6557655477828769, -0.01076024639807936, -0.33960081712935947], [0.04967206244228711, -0.951180924965988, 8.144284651367682e-05], [-0.30876850431768654, -0.039422722766288144, 0.6468544565720805]]	[[-0.005603899969292515, 0.021404751236122992, 0.1450504896241216], [-0.008344956059173939, -0.14205585214851463, 0.02421205826883411], [0.1734715829571748, 0.014555735563406313, -0.0036549351816615905]]	0.6395385226738817	[[-1.0, 0.0, 0.0], [0.0, -0.98, 0.0], [0.0, 0.0, 0.98]]
5	[[-0.011589893598810297, 0.9826435305367112, 0.18514147633827627], [0.11227511405049562, -0.182704212732111, 0.9767361309048049], [0.9936095677535101, 0.03210704820265742, -0.10820889207637127]]	0.8359188229138927	0.16408117708610742	[[-0.009688210214814773, 0.8214102233901993, 0.15476324497323235], [0.09385288117961334, -0.15272589044843576, 0.8164721168434143], [0.8305769403124958, 0.02683888594080501, -0.09045384969329671]]	0.8971057898544762	0.15200064545748193	[[-0.010180199941040358, 0.906383207328498, 0.16817569933503698], [0.05489173584225503, -0.17021803413394493, 0.8462189431983839], [0.893988660049087, 0.045265850482686006, -0.03236278680763238]]	[[0.0002171607102497003, 0.024848006720970598, 0.0020842089697636857], [-0.045830919029016245, -0.006313027061164152, -0.03001669499637637], [0.00261576396260944, 0.016462431644945284, 0.06471203678781845]]	0.23879416276554064	[[0.0, 1.0, 1.9967346175427393e-16], [0.0, -1.6883138712052142e-16, 0.9411919999999999], [0.9411919999999999, 0.0, 0.0]]
5	[[-0.1979434622679918, 0.9682888025830232, -0.1524309041424854], [-0.9591958066328183, -0.15931265816426138, 0.2335869891210864], [0.2018954934697093, 0.19244810142210464, 0.9603134581872996]]	0.7976253542369424	0.2023746457630576	[[-0.15788472421039368, 0.7723316991639487, -0.1215827539133073], [-0.7650788950480915, -0.12707181540269782, 0.18631490494284736], [0.1610369644976192, 0.15350148506903324, 0.7659703622651481]]	0.8545574394710638	0.16269205707479073	[[-0.1647097031802769, 0.8767407681336313, -0.13286440607920053], [-0.8189986450351269, -0.13212447223699786, 0.1572136522507678], [0.13013144887391864, 0.16210465056655216, 0.8239710874849272]]	[[0.004444355095495128, 0.04928236832978075, -0.0026034429389390637], [0.0006892674323961864, 0.004017344999182103, -0.04239984706630301], [-0.04239984706630301, -0.0023533062157891412, 0.003328077566785909]]	0.3431568650026752	[[1.9967346175427393e-16, 1.0, 0.0], [-0.9603999999999999, 1.7227692563318512e-16, 0.0], [0.0, 0.0, 0.9603999999999999]]
5	[[0.8434013427351802, 0.37557201465901263, -0.38421327004342964], [0.4843740832070826, -0.2220497303533281, 0.8462125411309575], [0.23249929589096227, -0.89979974386248, -0.3691943910126779]]	0.7477029700164837	0.2522970299835165	[[0.6306136888789845, 0.28081631081561803, -0.2872774031312176], [0.36216794061294705, -0.1660272428765427, 0.6327156302688127], [0.17384041406441375, -0.6727829409060474, -0.2760477426736062]]	0.8218827639704502	0.2215368865444269	[[0.7582352804217943, 0.36960142425626624, -0.31832946642658433], [0.43841680534620614, -0.22664217964503525, 0.6397009860240013], [0.14674819580384407, -0.6984522285343838, -0.36260131133197643]]	[[0.06505825371821528, 0.060925258778366534, -0.002551202089165405], [0.0403180950443163, -0.04414333352334879, -0.05578651618716838], [-0.04433896812420356, 0.04107767197121443, -0.05916680480408962]]	0.49603170786308676	[[0.7071067811865476, 0.5, -0.4999999999999999], [0.6391685250728272, -0.4519603984000001, 0.45196039839999996], [0.0, -0.6391685250728272, -0.6391685250728273]]
5	[[0.5366695897887676, 0.8400312153292252, -0.07958208761059785], [0.7684311562343987, -0.447598556932012, 0.45735007375165615], [0.348567510712374, -0.30659923206832285, -0.8857186920071709]]	0.760199415405705	0.23980058459429518	[[0.40797590842344067, 0.6385912388158209, -0.06049825647834209], [0.5841609157489198, -0.34026416131615256, 0.3476772587017651], [0.2649808178729685, -0.23307655698217705, -0.6733228318777568]]	0.8495510787949875	0.22459006066026974	[[0.5518126269548902, 0.7638845294585692, -0.018220544312336696], [0.5695179050084845, -0.3559920979796786, 0.4827126832992422], [0.3296834132915081, -0.35297541015978884, -0.7101525921539755]]	[[0.0958843979933793, 0.0502351042541616, 0.049388504070003905], [-0.08330361275012861, 0.02426573892899173, 0.09417043475655565], [0.033557508532927376, -0.09250370179843043, 0.04231067814960173]]	0.38973633618634973	[[0.7071067811865476, 0.7071067811865475, 0.0], [0.45196039839999996, -0.4519603984000001, 0.6391685250728272], [0.45196039839999985, -0.45196039839999996, -0.6391685250728273]]
5	[[0.20231817389064605, -0.6994113589449509, -0.6854860374160302], [-0.8413567112351195, 0.2340817656053938, -0.48715973917256866], [0.5011848371341435, 0.6752995468603828, -0.5410954454040282]]	0.697932729742545	0.30206727025745495	[[0.14120447538002556, -0.48814207896139256, -0.4784231412941703], [-0.5872103861595372, 0.16337332565192708, -0.3400047265813771], [0.34979330148660565, 0.47131365613417076, -0.37764822126209163]]	0.7958397281024481	0.34078656426648973	[[0.280526121446931, -0.5855649589901302, -0.5306327651131107], [-0.6569800466945568, 0.2908313201290314, -0.3659254434482362], [0.39800840110632524, 0.477057014086892, -0.28710011358495857]]	[[0.11951328094761549, -0.02894561325561673, 0.014904256522087184], [0.012605049611970846, 0.10453975143589375, 0.021775630917320432], [-0.0008544034075812579, -0.060373193674181515, 0.14352513856285629]]	0.5919486789941681	[[0.4999999999999999, -0.5, -0.7071067811865476], [-0.46118407999999994, 0.46118408000000005, -0.6522127806865583], [0.6522127806865584, 0.6522127806865583, 0.0]]
5	[[0.8706842278162519, 0.40148237992419594, 0.28411419190603826], [0.48700467489959137, -0.7845539150430676, -0.3837989070027929], [0.06881440298339332, 0.4725325946440084, -0.8786225156123877]]	0.7799079300325135	0.22009206996748668	[[0.6790535338281305, 0.3131192918712068, 0.2215829113022986], [0.3798188079170975, -0.6118798198801432, -0.2993278111092894], [0.05366889858720151, 0.36853191776170136, -0.685244667431217]]	0.8490478972297619	0.20381852894816424	[[0.7797059359427172, 0.3778086324366738, 0.3270613323244682], [0.4701830728869375, -0.596445060063593, -0.3262825989493828], [0.006300415238023801, 0.4515664376088159, -0.7330065852946963]]	[[0.04045332316420959, 0.03693086198723483, 0.0858347751135134], [0.056692777722375576, 0.06967879176710084, -0.0004189439995805101], [-0.05212630891414776, 0.05036363175379706, 0.012986014044725259]]	0.4169954975459025	[[0.7071067811865476, 0.5, 0.4999999999999999], [0.6391685250728272, -0.4519603984000001, -0.45196039839999996], [0.0, 0.6391685250728272, -0.6391685250728273]]
5	[[0.5703528252803276, 0.5739516156578184, -0.5876029250935769], [-0.5509578072563881, -0.26325551186259916, -0.7919229950551969], [-0.609215191305979, 0.7754199367811874, 0.16607459867264057]]	0.7932982980813988	0.20670170191860113	[[0.4524599256008013, 0.4553148398824165, -0.4661444004243863], [-0.4370738908111521, -0.2088401495211475, -0.6282311641888116], [-0.48328937442836706, 0.6151393161469019, 0.13174669648155715]]	0.8958342462072912	0.17065038103642258	[[0.5582939737349244, 0.5087707260203568, -0.5709252870909285], [-0.45137921956032206, -0.27237165089819904, -0.6543569646260111], [-0.5698049312361916, 0.6364622657650727, 0.12043295618817725]]	[[0.047352380427723294, -0.005394786951921911, -0.04453046362052468], [0.042187652395226434, -0.036538347868852926, 0.0550747747034814], [-0.02404909955456914, -0.0581854687954077, -0.028342356727906134]]	0.27344405025985	[[0.4999999999999999, 0.5, -0.7071067811865476], [-0.46118407999999994, -0.46118408000000005, -0.6522127806865583], [-0.6522127806865584, 0.6522127806865583, 0.0]]
5	[[0.2023859315102588, -0.1060602062400518, 0.9735456678446278], [0.6690322325666673, 0.7409383789188091, -0.0583625773250962], [-0.7151474019484273, 0.6631451962409777, 0.2209132005764473]]	0.8373208586246739	0.16267914137532608	[[0.16946196194572438, -0.08880642295483017, 0.8151700945099954], [0.5601946434203045, 0.6204031596242713, -0.04886820335739848], [-0.598807836642662, 0.5552653051093233, 0.18497523078819567]]	0.8791151884123566	0.19412370667516718	[[0.11550366139772139, -0.07396722698653617, 0.8817935373561632], [0.5817574028313784, 0.6745493927449338, -0.052168884715485045], [-0.5934720822929247, 0.5572118197071141, 0.1251934658469815]]	[[-0.06241688491393006, 0.019271911205240373, 0.02593475414089956], [-0.006398994355407076, 0.023179210159778783, -0.0008614565541023682], [0.03522486071357421, -0.0257691944310223, -0.06901468410055875]]	0.26116324632428506	[[0.0, 0.0, 1.0], [0.6655232455985289, 0.665523245598529, 0.0], [-0.665523245598529, 0.6655232455985289, 0.0]]
5	[[0.511206875187014, 0.8459474298653378, 0.15179089783566851], [-0.8586320663191376, 0.5104270682068909, 0.047065727767094744], [-0.037663051523436505, -0.15439285587729631, 0.9872914162515521]]	0.8719449108919944	0.1280550891080056	[[0.4457442332323159, 0.7376195563532437, 0.13235330088753786], [-0.7486798605556497, 0.4450642845045195, 0.0410387218039463], [-0.03284010610452344, -0.1346220649602897, 0.8608637259678906]]	0.9077537882207818	0.12147749243132143	[[0.4652203738160885, 0.749595012754167, 0.10429690613202795], [-0.7538652308658131, 0.4523496663265046, 0.050527202270404616], [-0.022836471566143362, -0.1265883740913057, 0.8880098973384378]]	[[0.001170396300568091, -0.01831697134172761, -0.03349185639573379], [0.025561280023221486, -0.010992438448727973, 0.007803109594456331], [0.011352306130210616, 0.013562325705535217, -0.008207625841769364]]	0.2997046427382394	[[0.7071067811865476, 0.7071067811865475, 0.0], [-0.6929646455628165, 0.6929646455628166, 0.0], [0.0, 0.0, 0.98]]
5	[[-0.048811022471290655, 0.8404542750081037, 0.5396796232079825], [-0.1921970497933101, 0.5223223691777455, -0.8308066181171734], [-0.9801417132925497, -0.1442773519203538, 0.13603774324354012]]	0.8104042762271709	0.1895957237728292	[[-0.03955666133775448, 0.6811077384399739, 0.4373586744404173], [-0.15575731103074497, 0.42329228155075205, -0.6732892360399914], [-0.7943110357609079, -0.11692298295898712, 0.11024556885285884]]	0.8791077312870953	0.17770696353311444	[[-0.0523047655889544, 0.7351385961193416, 0.4785812577291496], [-0.13823365525673198, 0.44227836834390555, -0.7206060688780983], [-0.8337606712211003, -0.10362520770488098, 0.05459187037219691]]	[[-0.009394618362414654, -0.0037112548335728104, 0.00414472854890573], [0.03072825714713775, -0.01689926462444298, 0.00976245231319405], [0.027889486691359724, 0.023210127817931064, -0.06499996146004801]]	0.30949718630669454	[[0.0, 0.7071067811865475, 0.7071067811865476], [0.0, 0.665523245598529, -0.6655232455985289], [-0.9411919999999999, 0.0, 0.0]]
5	[[0.8677758745180911, 0.35246868940790826, 0.3503296370440759], [0.30489758050525356, -0.9342923179771935, 0.18475748962043512], [0.39243151887482847, -0.05351343341511783, -0.9182231838925224]]	0.7399443700390621	0.2600556299609382	[[0.6421058728053852, 0.26080722234242854, 0.259224442588592], [0.22560724813339406, -0.6913243406579695, 0.13671026426719143], [0.29037749301730725, -0.03959696377697666, -0.6794340753606142]]	0.8271700541572149	0.28486976499365974	[[0.6970429141623642, 0.32274357916189356, 0.16927231817994493], [0.19406708247987448, -0.8426631535438898, 0.11589585094720808], [0.21152728365354811, 0.0, -0.7595267207487881]]	[[-0.020755302959089734, 0.031192034255631537, -0.1205098666666808], [-0.0581350656990599, -0.06984452628402499, -0.03693001174807828], [-0.11308031706714183, 0.04426470961612151, 0.0]]	0.5356621071956609	[[1.0, 0.0, 0.0], [0.0, -0.98, 0.0], [0.0, 0.0, -0.98]]
5	[[0.8076735082395426, -0.3067057453339202, -0.5035822572998319], [0.0850908944562452, -0.7844955095899794, 0.6142689436344596], [-0.5834578337537903, -0.5389790174137795, -0.6075183742233737]]	0.7312174163681061	0.2687825836318939	[[0.5905849359638826, -0.22426858268832342, -0.3682281171116019], [0.06221994400074681, -0.5736367796747656, 0.44916414991955544], [-0.4266345297571785, -0.39411084458992435, -0.4442280159957676]]	0.8014526075116191	0.3532786624463654	[[0.6717825994126047, -0.2722485459122117, -0.3199421731676417], [0.12054288257696824, -0.7042792352919234, 0.44015625341755404], [-0.3587250028179637, -0.31298166751638773, -0.4565617668137888]]	[[0.02447056021596588, -0.026438426575546802, 0.08365514004189563], [0.05234656333951457, -0.07554326354987799, -0.05215119317169139], [0.10888879941709241, 0.11898447138393628, 0.03033541831875365]]	0.6508691651596656	[[0.4999999999999999, -0.5, -0.7071067811865476], [0.46118407999999994, -0.46118408000000005, 0.6522127806865583], [-0.6522127806865584, -0.6522127806865583, 0.0]]
5	[[0.6153023296687069, 0.7313682018673757, -0.2941149373995541], [-0.35367086285074184, -0.07732112734721036, -0.9321686349776892], [-0.7044997969301864, 0.6775854164332626, 0.21108775322668094]]	0.7719752291180758	0.22802477088192424	[[0.4749981569228857, 0.5645981352062424, -0.2270494461860693], [-0.27302514538158906, -0.059689994999530635, -0.7196110955635856], [-0.5438563921488185, 0.5230791570981349, 0.1629545166611869]]	0.8406283800274578	0.2378159009924402	[[0.5217531570825715, 0.5820851207065488, -0.3010548261343343], [-0.31196501780168784, -0.0807385927826772, -0.7074360064377302], [-0.5930996438064668, 0.537451361529432, 0.1635017731204652]]	[[0.004512556466045567, -0.03272374603281798, -0.053813462766270026], [-0.014659253300555567, -0.015740258758895048, 0.07617140309597119], [-0.0008771207833712357, -0.03214616941709214, -0.013944582918115362]]	0.40079800474282007	[[0.7071067811865475, 0.7071067811865476, -1.9967346175427393e-16], [-1.1465429868913377e-16, -1.146542986891338e-16, -0.9039207967999999], [-0.6391685250728273, 0.6391685250728272, 0.0]]
5	[[0.7983197949725356, -0.14272590074337235, -0.5850767660845899], [0.4905325911139221, -0.4095002147242297, 0.7692121626676685], [-0.3493755601212979, -0.9010765180592617, -0.2569004215491415]]	0.7890612895046992	0.21093871049530089	[[0.6299232468581559, -0.1126194832862851, -0.4616614275059458], [0.3870602788884327, -0.3231207674827519, 0.6069555409772489], [-0.2756787299907379, -0.7110045992822455, -0.2027101779018664]]	0.8176087678399736	0.28193073684729314	[[0.6211211441123186, -0.2066147685402199, -0.4945647214287059], [0.3494657931680259, -0.37103676904896443, 0.6048575654436656], [-0.2695135854410529, -0.6967147995733238, -0.18046188516169587]]	[[-0.031592119797436466, -0.08992082069458086, -0.01620082761848796], [-0.051597954237977486, -0.036225803058082276, -0.024057043082568154], [0.016138935783121994, 0.04001326208664291, 0.029582151958667532]]	0.4770004383859623	[[0.7071067811865475, -1.1102230246251565e-16, -0.7071067811865476], [0.6391685250728273, -1.2113964536739932e-16, 0.6391685250728272], [-1.804889946487376e-16, -0.9039207967999999, 0.0]]
5	[[0.5388625488158765, 0.700060485213946, -0.46855359408041286], [-0.17010925617958866, -0.45432840348109804, -0.874441846409665], [-0.8250393896328132, 0.550909265516865, -0.12573379307880614]]	0.8012314353895379	0.19876856461046202	[[0.4317536134654097, 0.5609104674274664, -0.37541986874197614], [-0.13629688350181846, -0.36402219885939735, -0.7006302957634939], [-0.6610474944084074, 0.44140582157947383, -0.10074186750550297]]	0.8381360622415333	0.2593341734332647	[[0.39154790961500463, 0.5960043223977982, -0.3748104364230723], [-0.22485613874310562, -0.3495156866984438, -0.7398148088086827], [-0.6551552980507506, 0.41436985139868454, -0.09637525040533827]]	[[-0.06009222513897006, 0.00925838398968427, 0.017901227868602657], [-0.08228143661790893, 0.03127333235968615, -0.0069135629996704], [0.03633996717025367, -0.047367071053996054, 0.009006775816424046]]	0.4031036367224581	[[0.4999999999999999, 0.5, -0.7071067811865476], [-0.46118407999999994, -0.46118408000000005, -0.6522127806865583], [-0.6522127806865584, 0.6522127806865583, 0.0]]
5	[[0.8741664903139315, -0.15370841972864166, -0.46065895076156604], [0.4523572401227667, -0.08732656712286135, 0.8875511241517584], [-0.17665184550617297, -0.9842498627782785, -0.006806842160875459]]	0.8099329110088829	0.19006708899111718	[[0.7080162102063808, -0.12449350783739398, -0.37310284497261276], [0.3663790163085767, -0.07072866071823157, 0.7188568656534401], [-0.14307614346590605, -0.7971763565201047, -0.005513085486135726]]	0.8341775468468485	0.25998815660118835	[[0.729989980527387, -0.11138686459846327, -0.3484708970720438], [0.25538010618249235, -0.08745419751124701, 0.7393578691208798], [-0.13448739279515143, -0.8200217856915349, 0.010808480588290504]]	[[0.0007799221015921383, 0.01683324790048074, 0.03580045640728245], [-0.12196614668152791, -0.014608335974141929, -0.001017350325196622], [0.012871610335156457, 0.001017350325196622, 0.016486595483823183]]	0.39156421105407785	[[0.7071067811865476, -1.1102230246251565e-16, -0.7071067811865475], [0.6391685250728272, 1.2113964536739932e-16, 0.6391685250728273], [0.0, -0.9039207967999999, 1.804889946487376e-16]]
5	[[-0.13714492618686602, -0.09186257958165817, -0.9862821785340151], [0.9849622221878442, -0.11826677366833438, -0.12594598488585185], [-0.1050746881222272, -0.9887235390738337, 0.10670085846576022]]	0.8056910751487542	0.1943089248512459	[[-0.1104964430306926, -0.07401286050908416, -0.7946387488231261], [0.7935752717754303, -0.09528648403121456, -0.10147355597335071], [-0.08465773844411714, -0.7966057312212783, 0.0859679293765734]]	0.883224580377387	0.19202553401060804	[[-0.10379998198030221, -0.022392832086773305, -0.8869246032694129], [0.8375516760593051, -0.09935495793221029, -0.053094783599825945], [-0.03157332049643012, -0.8514578117512842, 0.08401410689027441]]	[[0.017329787901980243, 0.05874245621662103, -0.01581594000001203], [-0.03239116932013233, 0.005101163613591881, 0.058143806051197275], [0.06123122682860896, 0.021807121156447493, -0.01022671405405364]]	0.23003375908821636	[[0.0, 0.0, -1.0], [0.9223681599999999, -1.6545475937811098e-16, 0.0], [-1.8417244351911998e-16, -0.9223681599999999, 0.0]]
5	[[-0.06806473341269687, 0.662577969415037, -0.7458938439961176], [-0.9098273039671204, 0.2655430850439849, 0.3189061726295745], [0.4093671567448706, 0.700340848752355, 0.5847574082877884]]	0.7379937819641763	0.26200621803582375	[[-0.05023135002961951, 0.48897842149474763, -0.5504650188744922], [-0.6714468929889653, 0.1959691456060454, 0.23535077243062008], [0.30211041621806883, 0.5168471916347516, 0.43154733127387496]]	0.7816438646870464	0.34418023069584974	[[-0.11702146746486897, 0.5878547315263236, -0.5100955889372994], [-0.6662726331104977, 0.3024862379515408, 0.23055360443144507], [0.31492468376810556, 0.5002720371883985, 0.3665251357683504]]	[[-0.0638190861912751, 0.06995472685625859, 0.07292775793010273], [0.04488829696015856, 0.09492611471683933, -0.018717448815289875], [-0.0050546427059030815, -0.04714509042859841, -0.09054690475009773]]	0.42318043047588955	[[1.9967346175427393e-16, 0.7071067811865476, -0.7071067811865475], [-0.9039207967999999, 1.146542986891338e-16, -1.1465429868913377e-16], [0.0, 0.6391685250728272, 0.6391685250728273]]
5	[[0.31358954156160956, 0.32022056906021157, -0.893935336908623], [-0.7749177473382989, -0.45777931064204774, -0.4358217383383115], [-0.5487841873481009, 0.8293954966714284, 0.10458979786689793]]	0.7893086819549321	0.21069131804506797	[[0.24751894772484542, 0.25275287529977386, -0.7055909225282837], [-0.6116493057750776, -0.36132918430911226, -0.34399788185512004], [-0.43316012359343803, 0.6546490662970812, 0.08255363550025399]]	0.8768440410739833	0.19781852297350927	[[0.27292143709256195, 0.29985704685991627, -0.8131907138461785], [-0.6149266611974251, -0.39691908878197546, -0.35748987268685567], [-0.5005327062760596, 0.6948568030917026, 0.025228846171061164]]	[[-0.0020476837688576523, 0.019073549050149775, -0.02934884057238871], [0.06455534787863683, 0.004481971881460122, 0.024657821545597536], [-0.019334561764248987, -0.03239369585823607, -0.06648009484566068]]	0.4106860394809036	[[0.4999999999999999, 0.5, -0.7071067811865476], [-0.46118407999999994, -0.46118408000000005, -0.6522127806865583], [-0.6522127806865584, 0.6522127806865583, 0.0]]
5	[[-0.7147397866006825, 0.47804333933038157, 0.5105111195379277], [0.6441331517519284, 0.16556701204019203, 0.7467797850358632], [0.2724693015077806, 0.8625903606266073, -0.42626089369061476]]	0.766588477959046	0.23341152204095406	[[-0.5479112851469905, 0.36646251589573703, 0.3913519421077486], [0.49378505240447396, 0.1269217637601178, 0.5724727787812258], [0.20887182713341396, 0.6612518316548954, -0.326766689707751]]	0.8256848742147967	0.23383496362303705	[[-0.6612265992287579, 0.415794669341301, 0.44925126010147304], [0.5871015352987496, 0.23217227532695534, 0.5697489905717721], [0.1793928980003022, 0.6656941012936808, -0.41259431532200236]]	[[-0.07107676843306263, 0.021081514837073493, 0.027729950580544054], [0.05525053491687795, 0.09546609781642963, -0.046855782301717545], [-0.04558088294254317, -0.04653371211919586, -0.06063714293238015]]	0.411940918977775	[[-0.7071067811865476, 0.5, 0.4999999999999999], [0.6391685250728272, 0.4519603984000001, 0.45196039839999996], [0.0, 0.6391685250728272, -0.6391685250728273]]
5	[[-0.6025847497358183, -0.5627740937894159, -0.565841796569786], [-0.05773503450399975, -0.6764267119426086, 0.7342435353214446], [-0.7959637461446616, 0.4751128526255769, 0.37511263920767013]]	0.7475303698033714	0.2524696301966287	[[-0.4504504008078883, -0.4206907264461593, -0.42298392744001617], [-0.04315869169338536, -0.5056495101233369, 0.5488693414845744], [-0.5950070735055956, 0.3551612864215322, 0.28040808990482824]]	0.8106193618813762	0.33351149939619296	[[-0.4942054326674823, -0.4558129343759763, -0.4283901934442749], [-0.05091573691105576, -0.6003103783389855, 0.5832220265020401], [-0.49700638255841656, 0.3637589658552777, 0.28517416948099894]]	[[-0.005738567357184449, 0.00038264241496985263, 0.03029212261693645], [-0.004114600083224232, -0.05198578874455066, -0.01196999956575491], [0.1482172414220787, -0.021376711561707753, -0.018899398747161487]]	0.4763254624731271	[[-0.4999999999999999, -0.5, -0.7071067811865476], [-0.46118407999999994, -0.46118408000000005, 0.6522127806865583], [-0.6522127806865584, 0.6522127806865583, 0.0]]
5	[[0.1615105106326433, 0.7484963581880271, -0.6431699283505437], [0.2746907081173145, -0.6600677628887605, -0.6991820673251248], [-0.9478709668668996, -0.06374755033950519, -0.3122128760902104]]	0.7490330366637042	0.25096696333629587	[[0.1209767082322743, 0.5606485001053015, -0.4817555245231848], [0.20575241524441532, -0.49441256084038604, -0.5237104670693447], [-0.7099866686776751, -0.04774902121067193, -0.23385775866335914]]	0.8461085554559599	0.24263533209533433	[[0.052487132625367985, 0.7248415028311621, -0.5727702775703832], [0.14508334175124266, -0.6002633875453814, -0.5631050324149196], [-0.7756416529090527, -0.02545845116136138, -0.1557255062130623]]	[[-0.08416829221697228, 0.09153233044064386, -0.02857869858099145], [-0.087334816491073, -0.04177440618452548, 0.02847889657025344], [0.02636008162534369, 0.02847889657025344, 0.10844047937037625]]	0.3324447848362645	[[0.0, 0.7071067811865475, -0.7071067811865476], [0.0, -0.665523245598529, -0.6655232455985289], [-0.9411919999999999, 0.0, 0.0]]
5	[[0.9108526935290702, 0.369894861597951, -0.1830987767689077], [-0.28482357056054014, 0.8843967298970963, 0.3697539151928853], [0.2987020327081532, -0.28464050223177145, 0.9109099187873969]]	0.780773684556953	0.21922631544304708	[[0.7111698136153172, 0.2888041739885163, -0.14295870657573104], [-0.22238274863522026, 0.6905136934118761, 0.2886941267445082], [0.23321868666219625, -0.22223981370164175, 0.7112144935911107]]	0.8272426089249755	0.23826805495758377	[[0.792798171019261, 0.4271259238272926, -0.16248071587871746], [-0.3180203936625688, 0.7286947809316457, 0.1979035145563689], [0.1717363991224191, -0.19290129487455654, 0.8330298205489195]]	[[0.03930201247793192, 0.12113313349106088, -0.011013606093434533], [-0.08240220006874063, -0.0029158772331450097, -0.10797267890801766], [-0.07536264970626695, 0.04256545679736941, 0.0794863228355956]]	0.5134455727648037	[[0.8535533905932738, 0.1464466094067262, -0.4999999999999999], [0.1323761358635863, 0.7715446609364136, 0.45196039839999996], [0.45196039839999985, -0.45196039839999996, 0.6391685250728273]]
5	[[-0.4317850840940142, 0.8067077608929694, 0.4034652769061755], [-0.8878263375968627, -0.45904284438783466, -0.032311937200791035], [0.1591415578133718, -0.3721589116645979, 0.9144242500313273]]	0.8119888879914098	0.1880111120085904	[[-0.35060469028477587, 0.6550377377015224, 0.3276093215381916], [-0.7209051205947625, -0.37273768875489155, -0.026236933956518556], [0.12922117656210041, -0.3021889008386302, 0.7425023299353162]]	0.833568749490924	0.1799174467558892	[[-0.3860559917471626, 0.7109630263681616, 0.3117409900220964], [-0.7349960101520534, -0.3760570735191873, -0.045756827262519575], [0.109005173999139, -0.31738766870098245, 0.7622354786027894]]	[[-0.02613343915008179, 0.03851664691598572, -0.02457505631159376], [0.005068279843670002, 0.0065866962399366465, -0.018822606176426948], [-0.023650255339390882, -0.007167630092820303, 0.0]]	0.5217565754569262	[[-0.7071067811865476, 0.7071067811865475, 0.0], [-0.6791053526515601, -0.6791053526515602, 0.0], [0.0, 0.0, 0.9603999999999999]]
5	[[-0.9512982242440221, -0.26632565387263285, -0.15524926614797568], [-0.28936275749252405, 0.9451100598101759, 0.15177670908913832], [0.10630561192379806, 0.1893082695893678, -0.9761462472081662]]	0.8307112587912004	0.16928874120879964	[[-0.7902541453475853, -0.2212397191769244, -0.128967313308195], [-0.2403769005239075, 0.7851135674811381, 0.12608262106262394], [0.08830926869778713, 0.15726051093016766, -0.810895677782602]]	0.8808889222379611	0.17682599360009754	[[-0.8290977519522785, -0.20065148571416316, -0.08778968135460374], [-0.2511317605450588, 0.8220439444174761, 0.08946916895998061], [0.058426073665176555, 0.14789524262515716, -0.8434391798043698]]	[[0.008890315528924378, 0.03395183249002062, 0.048967677380720956], [0.0037646870383351745, -0.010493037564964787, -0.044229252730375014], [-0.03521736225022488, -0.018864314944154446, 0.016437235845462077]]	0.3627494797417093	[[-1.0, 0.0, 0.0], [0.0, 0.98, 0.0], [0.0, 0.0, -0.98]]
5	[[-0.24698665360156102, 0.8466372453907605, -0.4713840978011963], [-0.6254476894109686, -0.5108406865688171, -0.5897940155311683], [-0.7401437568156493, 0.1491548445845619, 0.6556981405980744]]	0.7487202064403936	0.2512797935596065	[[-0.18492389827258277, 0.6338944131490963, -0.3529347990184304], [-0.4682853231334476, -0.382476744305957, -0.44159069706580506], [-0.5541605863985812, 0.11167524602893804, 0.49093444719117263]]	0.7851244985557971	0.37899113778525023	[[-0.09994100895952468, 0.8032991768379553, -0.34356558610511867], [-0.4775956515487201, -0.4132294245261439, -0.3024829183129854], [-0.442538606672848, 0.014763161208430936, 0.5025900936031831]]	[[0.09397426359937523, 0.13858353409187305, 0.026529617308222418], [0.013458651972948618, -0.012155886641902244, 0.1605788123821331], [0.13856638925624254, -0.1023419613531911, -0.012214580237848608]]	0.5327724347241756	[[0.14644660940672638, 0.8535533905932737, -0.4999999999999999], [-0.7715446609364136, -0.13237613586358615, -0.45196039839999996], [-0.45196039839999985, 0.45196039839999996, 0.6391685250728273]]
5	[[-0.7565373765452967, 0.581550495723293, 0.2990822943839241], [0.05028910555470567, 0.5077298103841723, -0.8600473507370163], [-0.6520139597834296, -0.6356173853594982, -0.4133622330067026]]	0.759963680686224	0.2400363193137762	[[-0.5749409292560633, 0.441957255234772, 0.22729168126808774], [0.0382178937557721, 0.38585621549367416, -0.6536047502305388], [-0.4955069287358147, -0.4830461276859582, -0.31414028405245026]]	0.8133367843695231	0.2323791920291394	[[-0.6414963481266779, 0.5556247644778448, 0.2842946493231293], [-0.04344294246310257, 0.3886328197702516, -0.7006363294812241], [-0.531435120241546, -0.5751606789004857, -0.2519058159608478]]	[[-0.02617667103197134, 0.08262835433775961, 0.04104001774704934], [-0.08434492186378637, -0.024322511536158827, -0.0011281828272520324], [-0.0011281828272520385, -0.058189678602827484, 0.08429689341262922]]	0.492748454602541	[[-0.7071067811865476, 0.7071067811865475, 0.0], [0.45196039839999996, 0.4519603984000001, -0.6391685250728272], [-0.45196039839999985, -0.45196039839999996, -0.6391685250728273]]
5	[[0.4811460874291297, -0.5569646813589093, -0.6769702994005047], [0.28537953366574575, -0.6306542773568745, 0.7216880934421741], [-0.8288889939650315, -0.5404308708523664, -0.14449051703620916]]	0.7943454635122362	0.20565453648776402	[[0.38219621183599095, -0.4424223679739877, -0.5377482862613112], [0.22668993794662262, -0.5009573642630208, 0.573269663096586], [-0.6584242121113438, -0.4292888106035445, -0.11477538672825024]]	0.8799423601194238	0.19775300560005843	[[0.405460110985539, -0.5208912201316789, -0.6454168164421612], [0.27458121132561436, -0.5319888184299126, 0.6167535969929678], [-0.6696433995769058, -0.46261480157140117, -0.06771059819786343]]	[[-0.01792071274907594, -0.030794403913557453, -0.04972197345692816], [0.023463670941997476, 0.022950594806905058, -0.018290327220626186], [0.0597311380496988, 0.012933214407825674, 0.059432728377854266]]	0.2608918497124953	[[0.4999999999999999, -0.5, -0.7071067811865476], [0.46118407999999994, -0.46118408000000005, 0.6522127806865583], [-0.6522127806865584, -0.6522127806865583, 0.0]]
5	[[-0.6195752977719757, 0.6381387633459072, 0.45706166882175114], [0.5448782585382363, -0.06948620364724613, 0.835631109326976], [0.5650080829183833, 0.7667793595409634, -0.304656002761875]]	0.785366429202409	0.2146335707975911	[[-0.4865936392331958, 0.5011727619046162, 0.3589608907678328], [0.4279290922582017, -0.054572131637269115, 0.6562766204625751], [0.44373838055210935, 0.6022027675887967, -0.23926659702417297]]	0.8342861284005496	0.2818145555154686	[[-0.6030826240331603, 0.5511308075890397, 0.3982576382129227], [0.39632728498148156, -0.11587481235320897, 0.6208456957815738], [0.4947764792910132, 0.570711203447724, -0.16206853783487674]]	[[-0.086179547602361, 0.018740489334868216, 0.01693742809132967], [-0.05825708778401735, -0.05790343653509583, -0.07630974718988558], [0.023398073278018502, -0.06900217976115951, 0.09210173920331516]]	0.46264574254709306	[[-0.4999999999999999, 0.5, 0.7071067811865476], [0.47059599999999996, -0.47059600000000007, 0.6655232455985289], [0.665523245598529, 0.6655232455985289, 0.0]]
5	[[0.6392458436810273, -0.42249799911284014, -0.642541976902815], [0.5964188253930831, -0.25505911223508765, 0.7610712410691811], [-0.4854372627366653, -0.869735758728762, 0.08894028297255557]]	0.7886361426985543	0.2113638573014456	[[0.5041323763966884, -0.33319719231820755, -0.5067318261865396], [0.4703574418908037, -0.20114883443319714, 0.6002082878756005], [-0.3828333704067884, -0.6859050539308513, 0.0701415216939942]]	0.8729024323518485	0.21653480983456813	[[0.5580243280137877, -0.3767177826130535, -0.6345556404617282], [0.4500074419923368, -0.24524706973992055, 0.6499903491832826], [-0.419116018611362, -0.6711619265121079, 0.07228428645290616]]	[[2.50761938094873e-05, -0.007918251523666216, -0.07367918593509563], [-0.0706080013937179, -0.02260535027640932, -0.014350588339045664], [0.004623348785696597, 0.08803253278560891, -0.005351902887899303]]	0.3156036607708058	[[0.4999999999999999, -0.5, -0.7071067811865476], [0.46118407999999994, -0.46118408000000005, 0.6522127806865583], [-0.6522127806865584, -0.6522127806865583, 0.0]]
5	[[-0.9645173536663985, 0.2631232422499032, 0.021735543799654512], [0.24053004160075506, 0.8417770646002551, 0.48327701435151793], [0.10886493266386094, 0.47135711822447, -0.8751976311298015]]	0.7763645605053601	0.22363543949464015	[[-0.7488170913790062, 0.20427956032809141, 0.01687470590936377], [0.18673900003570615, 0.6535258808018692, 0.37519914684935884], [0.08451887560202401, 0.3659449619314137, -0.6794724242474206]]	0.8829212158620638	0.19179488095818836	[[-0.8864503542279609, 0.226815892244751, -0.019599427042508624], [0.19901069318023357, 0.6820246278866414, 0.4185488052537193], [0.026087748594403833, 0.40010198131672653, -0.7460107321221721]]	[[-0.034857519608764334, -0.0055012007241018734, -0.03879019980152273], [-0.013358383601257871, -0.061198201475014855, -0.008146723855711045], [-0.070031410117914, -0.016069218611261062, 0.02671982447455018]]	0.39641672096771585	[[-1.0, 0.0, 0.0], [0.0, 0.6522127806865584, 0.6522127806865583], [0.0, 0.6522127806865583, -0.6522127806865584]]
5	[[0.3502993174823247, 0.16132854553037096, 0.9226394141637744], [0.9363424150508688, -0.08505486977734195, -0.3406296389098664], [0.023521691013278723, 0.9832287473036041, -0.18085342277010252]]	0.8184291001598221	0.18157089984017785	[[0.28669515519365885, 0.13203597634851436, 0.7551149455060434], [0.7663298801915573, -0.06961138053608093, -0.2787812088607671], [0.019250836410235218, 0.8047030189069578, -0.14801570405855885]]	0.868589269339357	0.1970392134599691	[[0.3238137275168939, 0.08580942044219111, 0.7800625419377254], [0.8108237285918972, -0.04968137303536598, -0.25096148136933344], [1.6633170962489134e-16, 0.8330186103027839, -0.10233546601409962]]	[[0.019547499294846074, -0.05431882304361495, -0.021332152674479715], [-0.0024732455485857764, 0.024196374158289752, 0.04490576780671643], [-0.02043068841084988, -0.021003328911104874, 0.05475187632730556]]	0.42128462279202816	[[0.0, 0.0, 1.0], [0.9411919999999999, -1.6883138712052142e-16, 0.0], [1.8793106481542857e-16, 0.9411919999999999, 0.0]]
5	[[-0.15924507484483535, -0.9821037016433163, 0.10056503048355725], [0.4404411616894768, -0.16184076937647524, -0.8830736936729884], [0.8835454652859054, -0.09633215759094466, 0.45833124068362]]	0.7608822755975639	0.23911772440243625	[[-0.12116675492564269, -0.7472652993791574, 0.07651814923986744], [0.3351238733731237, -0.12314177288763303, -0.6719151215622493], [0.6722740842206483, -0.0732974312810211, 0.3487361173888076]]	0.8455423892451989	0.198250171562258	[[-0.11195641420994384, -0.9212784703836381, 0.07809417024063238], [0.43510717748882133, -0.12490158691548997, -0.695978573293913], [0.6934295158686274, -0.08115561010649552, 0.4557764118076513]]	[[0.022692046849888653, -0.09086816000959444, -0.0069378259089509], [0.06269550531197017, 0.011941643900376102, 0.05069766753392829], [-0.053645627855977936, 0.0002973125840967754, 0.06823791949430691]]	0.37427469706634364	[[1.9967346175427393e-16, -1.0, 0.0], [0.6391685250728273, 1.2113964536739932e-16, -0.6391685250728272], [0.6391685250728272, 1.0035536810448774e-16, 0.6391685250728273]]
5	[[0.47760876960590826, -0.863333164219942, 0.1629285449315538], [0.019313472734014514, 0.19571911282807325, 0.9804697948660861], [-0.878360320692188, -0.46513425635162037, 0.11015112619370837]]	0.8039470951346012	0.196052904865399	[[0.38397218293548097, -0.6940741895079859, 0.13098593041222997], [0.015527010301472327, 0.15734781222045074, 0.788245843449808], [-0.7061552283019813, -0.37394333424147813, 0.08855567792923678]]	0.8378845479658711	0.19866331851085414	[[0.4719117267298381, -0.737296277236875, 0.11010066456150613], [0.010448381977239282, 0.11407424665721237, 0.8453972384170201], [-0.7336538024340773, -0.4225384873950133, 0.01477624349706642]]	[[0.07173071870405584, -0.013922759190503821, -0.026414645659205895], [-0.005734078394151722, -0.0499157737230192, 0.02387674755145906], [0.0023107378202539687, -0.03280968126839435, -0.07751768308168067]]	0.3853468728134419	[[0.7071067811865475, -0.7071067811865476, 1.9967346175427393e-16], [-1.1465429868913377e-16, 1.146542986891338e-16, 0.9039207967999999], [-0.6391685250728273, -0.6391685250728272, 0.0]]
5	[[-0.2320176213509193, 0.7258914686476092, -0.6474947097291828], [-0.9237427054821723, 0.04411687515891305, 0.3804643418175869], [0.30474126312519306, 0.6863929465479887, 0.6603010566991635]]	0.7585719353122486	0.24142806468775158	[[-0.17600205605471123, 0.5506408961986673, -0.4911713150637088], [-0.7007252918281838, 0.0334658233692256, 0.28860957208986776], [0.2311681697383769, 0.5206784258475845, 0.5008858504690074]]	0.8207633378540516	0.2203259191348471	[[-0.19952333914541157, 0.6715971857361888, -0.5933111889717738], [-0.765300320265388, -0.01887851959063129, 0.2422763142229863], [0.15922012908374772, 0.5725245395097701, 0.550222818552948]]	[[-0.009091781804473696, 0.07581208100919751, -0.061871269771609436], [-0.007126173995508301, -0.05508803330175133, -0.06999486890166115], [-0.09090032722074562, 0.009158373621565305, 0.008271919267985232]]	0.40405141177894505	[[1.9967346175427393e-16, 0.7071067811865476, -0.7071067811865475], [-0.9039207967999999, 1.146542986891338e-16, -1.1465429868913377e-16], [0.0, 0.6391685250728272, 0.6391685250728273]]
5	[[-0.5196294348588592, 0.17521189697653233, -0.8362332459225404], [0.269824892373195, 0.9623103357733339, 0.033960935199249837], [0.8106662555479022, -0.20798944401507244, -0.5473213071809325]]	0.658470062600043	0.3415299373999571	[[-0.3421604265003379, 0.11537178877040954, -0.5506345577908525], [0.1776716137720276, 0.6336525470373356, 0.02236225912660605], [0.5337994600383696, -0.13695482222075292, -0.3603946954017661]]	0.7985553874273108	0.3466570017996407	[[-0.33899888305648285, 0.1096239799294723, -0.6155933776954137], [0.2223682196158382, 0.8694085567380312, 0.0], [0.5393382813492956, -0.117085349291573, -0.373679868162614]]	[[0.07595400161586796, -0.0302924243424965, 0.05218518598185829], [0.006898098149229034, 0.10095045372925096, -0.027119687765430747], [-0.10802362442400672, 0.04900574175467415, 0.06338651034047774]]	0.6351263614741122	[[0.0, 0.0, -1.0], [0.0, 0.9603999999999999, 0.0], [0.9603999999999999, 0.0, 0.0]]
5	[[-0.29094534609566214, 0.7352895391304536, 0.6121275187659843], [-0.720858324577614, -0.5891471504749901, 0.36506014706395234], [0.6290580906978549, -0.3350446667722445, 0.7014492068532439]]	0.7784398482276442	0.22156015177235583	[[-0.22648345105724665, 0.5723786772440849, 0.4765044528041572], [-0.5611448447778317, -0.4586156183995003, 0.28417736547442457], [0.48968388464920987, -0.2608121195516676, 0.5460360141222406]]	0.8311086082996159	0.21940025138604236	[[-0.17555793289560584, 0.6811023341843248, 0.5648710846033577], [-0.6205804834828292, -0.4884577761052898, 0.352356485973299], [0.5095490647642007, -0.354890580013419, 0.5399841003521358]]	[[0.06624924878921001, 0.06999686862034737, 0.056126634379863705], [-0.02146892456193591, 0.0011874922096636426, 0.048951855201324404], [-0.01326652953530702, -0.07643207329413025, -0.04299637374853302]]	0.3550977359331321	[[0.0, 0.7071067811865475, 0.7071067811865476], [-0.6391685250728272, -0.4519603984000001, 0.45196039839999996], [0.6391685250728273, -0.45196039839999996, 0.45196039839999985]]
