6	[[-0.8011245690937495, -0.03963348185217799, -0.5971839012487085], [0.07148815852702158, -0.9969981734291763, -0.02973357310014117], [-0.594212813716407, -0.06651187333972096, 0.8015530567093305]]	0.8471120975267457	0.15288790247325446	[[-0.6786423141052162, -0.03357400194408676, -0.5058817071959983], [0.06055848391814983, -0.8445692139239236, -0.02518766947582541], [-0.503364863004575, -0.0563430125352443, 0.6790052911480156]]	0.8489457408802222	0.1539711509498017	[[-0.703178922651929, -0.03364667561466012, -0.5069767294873264], [0.06068956770488517, -0.8463973529980604, -0.048309822049802664], [-0.5044544373809966, -0.07953260339500803, 0.6804750535829094]]	[[-0.023067631805287047, -4.137880767443912e-18, 4.605993897034656e-18], [-4.137880767443912e-18, -6.622636197229635e-34, -0.023067631805287047], [4.605993897034656e-18, -0.023067631805287047, 0.0]]	0.4999365404143213	[[-0.8535533905932738, 0.1464466094067262, -0.4999999999999999], [0.14644660940672619, -0.8535533905932737, -0.5], [-0.4999999999999999, -0.5, 0.7071067811865476]]
6	[[0.8434013427351802, 0.37557201465901263, -0.38421327004342964], [0.4843740832070826, -0.2220497303533281, 0.8462125411309575], [0.23249929589096227, -0.89979974386248, -0.3691943910126779]]	0.8633459640989672	0.13665403590103278	[[0.7281471453660677, 0.32424858308437676, -0.3317089760452616], [0.4181824098509722, -0.1917057385298097, 0.7305741821553434], [0.20072732876331395, -0.7768384773609566, -0.3187424874487714]]	0.8828736044746489	0.16951938588508628	[[0.7668327073096024, 0.31219756496997264, -0.30829704666503027], [0.4305484486873237, -0.17983037334232135, 0.7669569882544587], [0.18013041408493818, -0.8200453457128222, -0.25431855290732786]]	[[0.02221592383023507, -0.01938505335183558, 0.030914707945204054], [0.0029073559321832754, 0.016211472467345205, 0.019858271914518364], [-0.025137077316133648, -0.025635902543588766, 0.07163342983785789]]	0.49978280910193845	[[0.7071067811865476, 0.49999999999999983, -0.5000000000000001], [0.7071067811865475, -0.4999999999999999, 0.5000000000000002], [0.0, -0.7071067811865477, -0.7071067811865474]]
6	[[0.8677758745180911, 0.35246868940790826, 0.3503296370440759], [0.30489758050525356, -0.9342923179771935, 0.18475748962043512], [0.39243151887482847, -0.05351343341511783, -0.9182231838925224]]	0.8617946591346576	0.1382053408653426	[[0.7478446139855978, 0.30375563404392775, 0.30191221014116765], [0.26275910646250683, -0.8051681297032843, 0.15922301779001788], [0.33819538704242863, -0.04611759110910657, -0.7913198357721963]]	0.8617946591346574	0.13820534086534259	[[0.7478446139855977, 0.30375563404392775, 0.3019122101411676], [0.2627591064625068, -0.8051681297032844, 0.15922301779001788], [0.33819538704242863, -0.046117591109106564, -0.7913198357721963]]	[[0.0, 0.0, 0.0], [0.0, 0.0, 0.0], [0.0, 0.0, 0.0]]	0.5288748657406522	[[1.0, 3.133961632045815e-16, 0.0], [2.7817808468846267e-16, -1.0, 0.0], [0.0, 0.0, -1.0]]
6	[[-0.011589893598810297, 0.9826435305367112, 0.18514147633827627], [0.11227511405049562, -0.182704212732111, 0.9767361309048049], [0.9936095677535101, 0.03210704820265742, -0.10820889207637127]]	0.9065329244647788	0.0934670755352213	[[-0.010506620138365001, 0.89079871344384, 0.16783684398466425], [0.1017810874848123, -0.16562738428007567, 0.8854434611795459], [0.9007397872317742, 0.029106096303086547, -0.09809492338708638]]	0.93245436576641	0.09159441842574019	[[0.011487875733534703, 0.933410547756802, 0.13362546777943504], [0.08038359587132214, -0.12382479808274811, 0.9154867232275042], [0.9554640531872733, 0.03514878543561534, -0.0704076312053156]]	[[0.022294922618513534, 0.017140297715726824, -0.039010510116629316], [-0.024307824391984117, 0.04653854272322385, 0.004724853763526956], [0.02896847386823727, 0.005210428167174867, 0.030492222626043092]]	0.2168196734730838	[[0.0, 1.0, 1.9967346175427393e-16], [0.0, -1.7938038903913487e-16, 1.0], [1.0, 0.0, 0.0]]
6	[[0.6153023296687069, 0.7313682018673757, -0.2941149373995541], [-0.35367086285074184, -0.07732112734721036, -0.9321686349776892], [-0.7044997969301864, 0.6775854164332626, 0.21108775322668094]]	0.8760936837851099	0.12390631621489007	[[0.5390624846410176, 0.6407470621772812, -0.2576722389626024], [-0.3098488090823649, -0.06774055129203517, -0.8166670533265413], [-0.6172078223184289, 0.5936283035620848, 0.18493264732628512]]	0.9090856000092541	0.1341397162333781	[[0.588983901779218, 0.6725234093106013, -0.21809912005232499], [-0.27785935674078066, -0.054620283894317945, -0.8341551716846348], [-0.6537165317525412, 0.6387278568332557, 0.18228571371606708]]	[[0.02962141422524972, 0.007647108688308689, 0.04927653428523293], [0.043657731819676596, 0.015671239553512777, 0.01326591115386503], [-0.01326591115386502, 0.022744711977502878, -0.00961112308061553]]	0.37190008550967457	[[0.7071067811865475, 0.7071067811865476, -1.9967346175427393e-16], [-1.268410895014533e-16, -1.2684108950145333e-16, -1.0], [-0.7071067811865476, 0.7071067811865475, 0.0]]
6	[[0.5703528252803276, 0.5739516156578184, -0.5876029250935769], [-0.5509578072563881, -0.26325551186259916, -0.7919229950551969], [-0.609215191305979, 0.7754199367811874, 0.16607459867264057]]	0.9057097734257183	0.09429022657428164	[[0.5165741281573638, 0.5198335877747678, -0.532197712150793], [-0.49900787077731384, -0.23843309000214621, -0.7172523964220587], [-0.551772152885244, 0.7023054152518741, 0.1504153871355644]]	0.9374845841501862	0.10778826390227056	[[0.5598811737213837, 0.5149780905959902, -0.5713041587022706], [-0.5027300262772325, -0.26468694146568605, -0.6985538708715684], [-0.6008736016934335, 0.6863058065528105, 0.15645117456446025]]	[[0.025184192494571926, -0.023092701131307188, -0.02043547482548551], [0.01378442454282107, -0.017888957401932894, 0.04386172882672286], [-0.02974375141397162, -0.04063843042226455, 0.0007587984899307352]]	0.2572627032278177	[[0.5, 0.5000000000000001, -0.7071067811865475], [-0.5000000000000001, -0.4999999999999998, -0.7071067811865476], [-0.7071067811865475, 0.7071067811865476, 1.9967346175427393e-16]]
6	[[0.2023859315102588, -0.1060602062400518, 0.9735456678446278], [0.6690322325666673, 0.7409383789188091, -0.0583625773250962], [-0.7151474019484273, 0.6631451962409777, 0.2209132005764473]]	0.8981459599907398	0.10185404000926028	[[0.18177210674490155, -0.09525754575028716, 0.8743861084411391], [0.6008885967833374, 0.6654708116280162, -0.05241811303918233], [-0.6423067498578535, 0.5956011788911005, 0.19841229860636017]]	0.9115597606865248	0.1315670362038209	[[0.1293604073411512, -0.04154205782844426, 0.8874450559978516], [0.6501842689278267, 0.7180065622019833, -0.03168332792260583], [-0.6366843189840822, 0.6252336333418597, 0.13388939553610504]]	[[-0.055126463952659716, 0.055138158390100826, 0.0], [0.04032140711778372, 0.04259695083129209, 0.021517649096907655], [0.015215275591615991, 0.020737156956015385, -0.06748618871385553]]	0.23421039443477926	[[0.0, 0.0, 1.0], [0.7071067811865472, 0.7071067811865478, 0.0], [-0.7071067811865478, 0.7071067811865472, 0.0]]
6	[[0.8706842278162519, 0.40148237992419594, 0.28411419190603826], [0.48700467489959137, -0.7845539150430676, -0.3837989070027929], [0.06881440298339332, 0.4725325946440084, -0.8786225156123877]]	0.8826345099305962	0.11736549006940379	[[0.7684959467228971, 0.35436220365016213, 0.25076899053731344], [0.4298471325639101, -0.6924743603181687, -0.3387541601943086], [0.06073796685341393, 0.41707357509984744, -0.7755025534815274]]	0.9062766204921694	0.15183701487940748	[[0.7899772250283581, 0.36306466639621343, 0.3475867968269808], [0.5070245992437266, -0.6452835354944977, -0.34933670016249174], [-3.6774508194509665e-05, 0.49329663301000487, -0.7956635348261656]]	[[0.0008964655272116062, -0.0007894280686400115, 0.09010074715251276], [0.0656636483118373, 0.06573933522463427, -0.0015087237754121579], [-0.062401659085170466, 0.06505139006363675, 0.0006115093113574991]]	0.3969676716216351	[[0.7071067811865476, 0.5, 0.4999999999999999], [0.7071067811865475, -0.5000000000000001, -0.5], [0.0, 0.7071067811865475, -0.7071067811865476]]
6	[[0.5388625488158765, 0.700060485213946, -0.46855359408041286], [-0.17010925617958866, -0.45432840348109804, -0.874441846409665], [-0.8250393896328132, 0.550909265516865, -0.12573379307880614]]	0.873366203107418	0.12663379689258225	[[0.4706243382561076, 0.6114091679168405, -0.40921887341434454], [-0.14856767518299446, -0.3967950727121417, -0.763707955237049], [-0.7205615191376715, 0.48114553348116085, -0.10981164546353067]]	0.9067957527708993	0.13205705756829847	[[0.4921395957625704, 0.6225877355103382, -0.4190142117743128], [-0.14796237170753074, -0.39057982074090847, -0.7935850006072634], [-0.7379091452623527, 0.5534276168447188, -0.07931567923686597]]	[[0.0035013251690322496, -0.012224139164403007, 0.0058681972833455175], [0.0062919793031371105, 0.02140324589893478, -0.0006448482378361847], [0.01023306912537732, 0.053865434711889926, 0.03469919030677053]]	0.38175364498685527	[[0.5000000000000001, 0.5000000000000001, -0.7071067811865474], [-0.49999999999999983, -0.4999999999999999, -0.7071067811865477], [-0.7071067811865476, 0.7071067811865475, 0.0]]
6	[[0.7983197949725356, -0.14272590074337235, -0.5850767660845899], [0.4905325911139221, -0.4095002147242297, 0.7692121626676685], [-0.3493755601212979, -0.9010765180592617, -0.2569004215491415]]	0.8679016746236463	0.13209832537635366	[[0.6928630869418697, -0.12387204826734116, -0.5077891050682031], [0.4257340572852494, -0.3554059221179017, 0.667600524120146], [-0.3032236337018488, -0.7820458189876777, -0.22296430607402054]]	0.8997618310682584	0.16165293568397052	[[0.6797977846566788, -0.17819562851636833, -0.5588868181912118], [0.4850757721041341, -0.3667316376446386, 0.696576073713408], [-0.2879607588796223, -0.808797321880566, -0.17364333979837274]]	[[-0.0384998958458464, -0.04977631072264509, -0.03245707582344587], [0.04371326972481428, 0.0017210253784792871, 0.004468329751571653], [0.026394034825615063, 0.00195693594104603, 0.057505853896890224]]	0.47952094280016055	[[0.7071067811865475, -1.1102230246251565e-16, -0.7071067811865476], [0.7071067811865476, -1.3401577416544657e-16, 0.7071067811865475], [-1.9967346175427393e-16, -1.0, 0.0]]
6	[[0.20231817389064605, -0.6994113589449509, -0.6854860374160302], [-0.8413567112351195, 0.2340817656053938, -0.48715973917256866], [0.5011848371341435, 0.6752995468603828, -0.5410954454040282]]	0.9033210071877084	0.0966789928122918	[[0.1827582566112763, -0.6317929732006766, -0.6192139377317596], [-0.7600151917970461, 0.21145097627094142, -0.440061626250666], [0.45273079186722204, 0.6100122668233241, -0.48878288272704845]]	0.9033210071877085	0.1176781199517309	[[0.14751844556753366, -0.6625660499876711, -0.6151300600229006], [-0.7786958771756886, 0.22920624202342993, -0.47818917491587953], [0.4981006763239996, 0.5718847181581106, -0.5354610433578695]]	[[-0.03523981104374266, -0.03077307678699414, 0.004083877708858982], [-0.01868068537864236, 0.0177552657524885, -0.03812754866521342], [0.04536988445677752, -0.03812754866521342, -0.046678160630820906]]	0.25255803113253766	[[0.14644660940672638, -0.8535533905932737, -0.4999999999999999], [-0.8535533905932738, 0.14644660940672602, -0.5], [0.4999999999999999, 0.5, -0.7071067811865476]]
6	[[0.5366695897887676, 0.8400312153292252, -0.07958208761059785], [0.7684311562343987, -0.447598556932012, 0.45735007375165615], [0.348567510712374, -0.30659923206832285, -0.8857186920071709]]	0.8881102477404726	0.11188975225952735	[[0.4766217623420802, 0.7460403307557687, -0.07067766754355205], [0.6824515845348298, -0.3975168652851673, 0.4061772873037068], [0.3095663782930464, -0.27229391994923685, -0.7866158469868559]]	0.9081479017109528	0.14075109977857672	[[0.5436123261402002, 0.7652765497656885, -0.02306021082248106], [0.6414417677229645, -0.4006738399497672, 0.4784706660626013], [0.32202382112354166, -0.3546358840198773, -0.7978544542444103]]	[[0.05623696426145312, 0.002403964192750925, 0.04921209505486058], [-0.056407374420626155, 0.005811850336889965, 0.06312915623768538], [0.0054729676654891365, -0.07619843475084047, 0.006509117408071729]]	0.37581147560262246	[[0.7071067811865476, 0.7071067811865475, 0.0], [0.5, -0.5000000000000001, 0.7071067811865475], [0.4999999999999999, -0.5, -0.7071067811865476]]
6	[[0.511206875187014, 0.8459474298653378, 0.15179089783566851], [-0.8586320663191376, 0.5104270682068909, 0.047065727767094744], [-0.037663051523436505, -0.15439285587729631, 0.9872914162515521]]	0.8962304307880008	0.10376956921199923	[[0.4581591579706452, 0.758163829492214, 0.13603962175695863], [-0.769532186685592, 0.457460271224918, 0.0421817374720541], [-0.03375477289164018, -0.13837157573349898, 0.884840611300424]]	0.9256535689235356	0.12193077364930852	[[0.45149530063086457, 0.7506307717194308, 0.1074053731223012], [-0.782487078934556, 0.462768892616036, 0.04641048472945723], [-0.03049744419642199, -0.13926168033742642, 0.9118184790889494]]	[[-0.021705167844243263, -0.03242348585711144, -0.03310041318939316], [0.012308757645943465, -0.009709744744849395, 0.002843925847862437], [0.0043654938627980065, 0.0036526177216899547, -0.002071343931871722]]	0.2915211375881228	[[0.7071067811865474, 0.7071067811865477, 0.0], [-0.7071067811865477, 0.7071067811865474, 0.0], [0.0, 0.0, 1.0]]
6	[[0.8076735082395426, -0.3067057453339202, -0.5035822572998319], [0.0850908944562452, -0.7844955095899794, 0.6142689436344596], [-0.5834578337537903, -0.5389790174137795, -0.6075183742233737]]	0.9205569254565287	0.0794430745434714	[[0.7435094415176817, -0.28234009794444664, -0.46357613449439183], [0.07833101218498707, -0.7221727743426041, 0.5654695301555678], [-0.5371061495739157, -0.4961608671560098, -0.5592552467334178]]	0.9221248430148031	0.07728523532742276	[[0.7631932901826551, -0.2698662691524161, -0.45641748256983994], [0.08812688222696236, -0.746063231385639, 0.5681901404737852], [-0.5295350642177518, -0.5053015376524557, -0.5860637366647687]]	[[0.018417483190051723, 0.012954718115363304, 0.00794822738780772], [0.009662454534508067, -0.02266043275916127, 0.0017574872559902516], [0.008485899138219087, -0.008295595831501416, -0.02585595120543198]]	0.18411153901949248	[[0.8535533905932738, -0.1464466094067262, -0.4999999999999999], [0.14644660940672619, -0.8535533905932737, 0.5], [-0.4999999999999999, -0.5, -0.7071067811865476]]
6	[[-0.1979434622679918, 0.9682888025830232, -0.1524309041424854], [-0.9591958066328183, -0.15931265816426138, 0.2335869891210864], [0.2018954934697093, 0.19244810142210464, 0.9603134581872996]]	0.8982087749017498	0.10179122509825037	[[-0.17779455474354386, 0.8697254991191794, -0.13691477566698784], [-0.8615580903665593, -0.14309602751606262, 0.20980988333143935], [0.18134430384761185, 0.1728585734105163, 0.862561974800077]]	0.9095790488377967	0.13447263827027156	[[-0.13898052087238924, 0.9075872126608164, -0.08412368365856865], [-0.8876414853139886, -0.09827406876170497, 0.19249924148876818], [0.13227692913067612, 0.16288189217286572, 0.8935027667365099]]	[[0.041064705260991125, 0.026852004607060925, 0.054524273144838584], [-0.01517707586770644, 0.046633387319165026, -0.019966589896874276], [-0.05136298178413963, -0.012164868869292063, 0.02002176485237069]]	0.33496556927072274	[[-4.677050100851671e-16, 0.9999999999999999, 0.0], [-1.0, -4.47411937370028e-16, 0.0], [0.0, 0.0, 1.0]]
6	[[-0.048811022471290655, 0.8404542750081037, 0.5396796232079825], [-0.1921970497933101, 0.5223223691777455, -0.8308066181171734], [-0.9801417132925497, -0.1442773519203538, 0.13603774324354012]]	0.8958844839408743	0.10411551605912595	[[-0.0437290376773186, 0.7529499444415366, 0.48349060073108885], [-0.17218635476903818, 0.46794050616157934, -0.7443067583265666], [-0.8780937530020201, -0.12925584096952195, 0.12187410340222012]]	0.917546937006456	0.11839445740171778	[[-0.06150865721565039, 0.7567141981500832, 0.5258352251432319], [-0.15028399561961442, 0.5004607111652927, -0.7453167629568396], [-0.9271366569343079, -0.08688317119358963, 0.08902449983544782]]	[[-0.01672225305496438, -0.014442047577583772, 0.030653839903949293], [0.026065818719914563, 0.021205421196296835, 0.016987304741265186], [-0.027810630070468967, 0.04549807114033349, -0.035796514794933114]]	0.2952110526337187	[[-2.2877923686379875e-16, 0.7071067811865475, 0.7071067811865476], [-3.0054922785922005e-16, 0.7071067811865476, -0.7071067811865475], [-1.0, -3.133961632045815e-16, 0.0]]
6	[[-0.13714492618686602, -0.09186257958165817, -0.9862821785340151], [0.9849622221878442, -0.11826677366833438, -0.12594598488585185], [-0.1050746881222272, -0.9887235390738337, 0.10670085846576022]]	0.9221602283308334	0.0778397716691668	[[-0.1264695964468957, -0.08471201736208127, -0.9095101989555592], [0.9082929877099876, -0.10906091500994214, -0.11614237817968884], [-0.09689569839058401, -0.911761524548396, 0.09839528800588138]]	0.9368862728130412	0.08867843925310225	[[-0.10372352289367279, -0.055307094128084724, -0.9341273615970264], [0.9284079451339556, -0.1104208568760785, -0.08661407135311165], [-0.06911498692209056, -0.9413757196974673, 0.07241654566864586]]	[[0.024765675836759756, 0.030757695667166386, -0.010093127408366586], [0.005610359926735667, 0.000381659903670957, 0.03138299300236172], [0.02932804599973576, -0.015054208332064124, -0.027550023925292065]]	0.20008013445694062	[[0.0, 0.0, -1.0], [1.0, -1.7938038903913487e-16, 0.0], [-1.9967346175427393e-16, -1.0, 0.0]]
6	[[0.9108526935290702, 0.369894861597951, -0.1830987767689077], [-0.28482357056054014, 0.8843967298970963, 0.3697539151928853], [0.2987020327081532, -0.28464050223177145, 0.9109099187873969]]	0.8654016880149547	0.13459831198504543	[[0.7882534585130254, 0.32010763761492483, -0.15845399048928607], [-0.246486798749538, 0.7653584229278532, 0.31998566235806125], [0.25849724331913393, -0.24632837110879954, 0.7883029813481786]]	0.8961348526270142	0.15399001208790045	[[0.8253207370958114, 0.329343980320738, -0.22299865006518074], [-0.17707350734655797, 0.7849716595151166, 0.3420508285466273], [0.27524437575534144, -0.3204099403897383, 0.8200573882256316]]	[[0.009073892815219151, -0.0021316969648317446, -0.05891745472918905], [0.07816682108241166, -0.0075670736950309795, 0.010701458246989514], [0.007567073695031, -0.0653336658705904, 0.0037592623966021116]]	0.4929423612027875	[[0.8535533905932738, 0.1464466094067262, -0.4999999999999999], [0.14644660940672619, 0.8535533905932737, 0.5], [0.4999999999999999, -0.5, 0.7071067811865476]]
6	[[-0.7147397866006825, 0.47804333933038157, 0.5105111195379277], [0.6441331517519284, 0.16556701204019203, 0.7467797850358632], [0.2724693015077806, 0.8625903606266073, -0.42626089369061476]]	0.8963348632370537	0.10366513676294631	[[-0.6406461888728038, 0.428486911180082, 0.45758891451202355], [0.5773590004820172, 0.14840348509361315, 0.6693647564883168], [0.24422373410327206, 0.773169812921851, -0.38207249984948144]]	0.9012895911489638	0.15226646129344173	[[-0.6778714434153269, 0.44539096725519567, 0.4991551474911847], [0.587906929241007, 0.21426575518519764, 0.6263841835688148], [0.18978020089337966, 0.7545314823080775, -0.40283322365407936]]	[[-0.033683913372100416, 0.014535481398630805, 0.039036789285846085], [0.007356424253018072, 0.06504193059573746, -0.04668066356446943], [-0.05579354446321171, -0.022912231150114568, -0.018648717056873307]]	0.32539872092771993	[[-0.4999999999999999, 0.5, 0.7071067811865476], [0.8535533905932738, 0.14644660940672602, 0.5], [0.14644660940672638, 0.8535533905932737, -0.4999999999999999]]
6	[[-0.4317850840940142, 0.8067077608929694, 0.4034652769061755], [-0.8878263375968627, -0.45904284438783466, -0.032311937200791035], [0.1591415578133718, -0.3721589116645979, 0.9144242500313273]]	0.8798768793909396	0.12012312060906045	[[-0.3799177123601957, 0.7098035072349582, 0.35499976878680706], [-0.7811778673658143, -0.4039011854267088, -0.028430526471308008], [0.14002497727024238, -0.3274540218329747, 0.8045807555569646]]	0.8891499312050056	0.1600318087804976	[[-0.3603739849299588, 0.6932447894160377, 0.38019860479045764], [-0.822316717628772, -0.38936064271648496, 0.009382841023166909], [0.06859140517762805, -0.38196490296025015, 0.8166847990622015]]	[[0.023547692887581483, -0.024039360684489912, 0.02145748158572311], [-0.03290599063252958, 0.018797270791108274, 0.03811299776235067], [-0.07290930000398893, -0.05105983225634321, 0.0036245400546580007]]	0.48045227594707696	[[-0.49999999999999983, 0.5000000000000002, 0.7071067811865475], [-0.7071067811865477, -0.7071067811865474, 1.268410895014533e-16], [0.4999999999999999, -0.5, 0.7071067811865476]]
6	[[0.4811460874291297, -0.5569646813589093, -0.6769702994005047], [0.28537953366574575, -0.6306542773568745, 0.7216880934421741], [-0.8288889939650315, -0.5404308708523664, -0.14449051703620916]]	0.8946417978430193	0.1053582021569809	[[0.4304534006827311, -0.498283883865999, -0.6056459257419945], [0.25531245906632527, -0.5642096765119443, 0.6456523333990077], [-0.7415587397731671, -0.4834920459092297, -0.1292672559325416]]	0.9131097272303091	0.12301134440105307	[[0.41741638622819677, -0.5277213879667264, -0.6422188110498461], [0.30543462599337623, -0.5720790634395521, 0.6668336646308337], [-0.7342930025952077, -0.505371140700904, -0.08156964121311039]]	[[-0.021922786422146227, -0.019151519694176677, -0.024070645621230655], [0.04485179785073433, 0.003777491734411407, 0.007853246482488451], [0.02257360058840745, -0.01189845563006138, 0.050366055385188874]]	0.25626453895595025	[[0.4999999999999999, -0.5, -0.7071067811865476], [0.5, -0.5000000000000001, 0.7071067811865475], [-0.7071067811865476, -0.7071067811865475, 0.0]]
6	[[-0.6025847497358183, -0.5627740937894159, -0.565841796569786], [-0.05773503450399975, -0.6764267119426086, 0.7342435353214446], [-0.7959637461446616, 0.4751128526255769, 0.37511263920767013]]	0.868987754579109	0.131012245420891	[[-0.5236387686165432, -0.4890437960973575, -0.49170959224818733], [-0.050171037994178116, -0.5878065295483372, 0.638048641073209], [-0.6916827484886257, 0.4128672509747752, 0.3259682900593167]]	0.8723699203784703	0.12947448347910248	[[-0.5256768101483164, -0.5033817586633526, -0.5060579302936087], [-0.06795144113332238, -0.590094316839244, 0.6405319744467751], [-0.6943748298483676, 0.42690872868897645, 0.3148024159253391]]	[[-3.511284517301248e-18, -0.01243456727321402, -0.012434567273214018], [-0.0175851336800199, 2.2305175150024255e-18, 2.230517515002425e-18], [0.0, 0.012434567273214018, -0.01243456727321402]]	0.4818232749822889	[[-0.5000000000000001, -0.5000000000000001, -0.7071067811865474], [-0.49999999999999983, -0.4999999999999999, 0.7071067811865477], [-0.7071067811865476, 0.7071067811865475, 0.0]]
6	[[-0.9512982242440221, -0.26632565387263285, -0.15524926614797568], [-0.28936275749252405, 0.9451100598101759, 0.15177670908913832], [0.10630561192379806, 0.1893082695893678, -0.9761462472081662]]	0.8692358803281479	0.13076411967185206	[[-0.8269025494053566, -0.23149981419794763, -0.1349482325304346], [-0.2515244912431945, 0.8215235748460868, 0.13192976133840634], [0.09240465216440508, 0.1645535403699125, -0.8485013425210084]]	0.8995103666989743	0.16801194682763926	[[-0.8215497225227776, -0.19834177735511097, -0.09629442331155054], [-0.2664322170691563, 0.8493339849101834, 0.09730771994938822], [0.06809043971404535, 0.16539815966343357, -0.8633993993618099]]	[[0.034152892007045674, 0.04122090922120511, 0.04335390101096172], [-0.006147416968029619, -0.0008023115605574893, -0.03921700329974611], [-0.02753256024968911, -0.004886591334046916, 0.014654269416235363]]	0.35699505422013356	[[-1.0, -3.133961632045815e-16, 0.0], [-2.7817808468846267e-16, 1.0, 0.0], [0.0, 0.0, -1.0]]
6	[[0.31358954156160956, 0.32022056906021157, -0.893935336908623], [-0.7749177473382989, -0.45777931064204774, -0.4358217383383115], [-0.5487841873481009, 0.8293954966714284, 0.10458979786689793]]	0.8836852206498578	0.11631477935014235	[[0.27711444322835876, 0.2829741842265961, -0.7899574454428013], [-0.6847833605421356, -0.40453281113365774, -0.38512922900749536], [-0.48495247568585936, 0.7329245424820896, 0.09242445860573376]]	0.9162285029026135	0.1442850598063148	[[0.27154072154492, 0.30998872213169343, -0.8020058728793482], [-0.6769613500036537, -0.39552742046280187, -0.383195018172291], [-0.5083435684469544, 0.7501676460442512, 0.03995015032722539]]	[[-0.015778954645990384, 0.016593509543032875, 0.017043162548182847], [0.03304037751278147, 0.023903031986551887, 0.01611728067783469], [-0.005531854056376583, -0.009748148185181126, -0.055878003591249455]]	0.3898024758737114	[[0.5000000000000001, 0.49999999999999983, -0.7071067811865476], [-0.5000000000000002, -0.4999999999999999, -0.7071067811865475], [-0.7071067811865474, 0.7071067811865477, 0.0]]
6	[[-0.6195752977719757, 0.6381387633459072, 0.45706166882175114], [0.5448782585382363, -0.06948620364724613, 0.835631109326976], [0.5650080829183833, 0.7667793595409634, -0.304656002761875]]	0.9026153617984166	0.0973846382015834	[[-0.5592381815598136, 0.5759938507550603, 0.412550883567733], [0.4918154864665814, -0.06271931484505751, 0.7542534760751807], [0.5099849751824063, 0.692106829031625, -0.27498718815696926]]	0.9030067963316947	0.09654501596543068	[[-0.5630552663256513, 0.5726690787057337, 0.4177849867806349], [0.497083964125293, -0.06780170763663873, 0.7545805709484529], [0.5137807004559655, 0.6959815345506778, -0.2700512475453333]]	[[-0.0035745615983236102, -0.0035745615983236133, 0.005055193491887299], [0.0050551934918873, -0.005055193491887298, -9.068025752428464e-19], [0.0035745615983236107, 0.0035745615983236115, 0.0050551934918872995]]	0.4096756147227674	[[-0.4999999999999999, 0.8535533905932737, 0.14644660940672638], [0.5, 0.14644660940672602, 0.8535533905932738], [0.7071067811865476, 0.5, -0.4999999999999999]]
6	[[-0.06806473341269687, 0.662577969415037, -0.7458938439961176], [-0.9098273039671204, 0.2655430850439849, 0.3189061726295745], [0.4093671567448706, 0.700340848752355, 0.5847574082877884]]	0.8991829541272337	0.10081704587276637	[[-0.06120264806191135, 0.5957788158782368, -0.670695030109747], [-0.8181012029267719, 0.23877181565790964, 0.28675499439447033], [0.36809596932451905, 0.6297345532771167, 0.5258038938319985]]	0.8991829541272335	0.1035080608136908	[[-0.04387342279563283, 0.598752040883093, -0.6808462552453144], [-0.8151279779219156, 0.256101040924188, 0.2969062195300377], [0.3782471944600864, 0.6195833281415494, 0.5401598940934205]]	[[0.0173292252662785, 0.002973225004856371, -0.010151225135567432], [0.00297322500485637, 0.017329225266278496, 0.010151225135567434], [0.010151225135567432, -0.010151225135567434, 0.014356000261422126]]	0.3290478290804171	[[-0.14644660940672638, 0.8535533905932737, -0.4999999999999999], [-0.8535533905932738, 0.14644660940672602, 0.5], [0.4999999999999999, 0.5, 0.7071067811865476]]
6	[[0.6392458436810273, -0.42249799911284014, -0.642541976902815], [0.5964188253930831, -0.25505911223508765, 0.7610712410691811], [-0.4854372627366653, -0.869735758728762, 0.08894028297255557]]	0.8861498450611411	0.11385015493885887	[[0.5664676053339209, -0.37439653645248544, -0.5693884732777089], [0.5285164497136284, -0.2260205927885551, 0.6744231623539452], [-0.43017015516100043, -0.7707162078416264, 0.07881441797582422]]	0.9266211761307305	0.1131123471231174	[[0.5816914550767427, -0.38197562298772253, -0.6284877438180287], [0.5488503492684733, -0.25642424526801744, 0.7125176427680944], [-0.4876128187035519, -0.7708699473488049, 0.06555606195422492]]	[[-0.010647280431652013, 0.009519969863097725, -0.03309474146697774], [-0.0038039641837741465, -0.02008107070588059, 0.007292914249294954], [-0.037796371368820664, 0.03504562432739395, -0.01685788765920459]]	0.30435612699376324	[[0.5000000000000001, -0.49999999999999983, -0.7071067811865476], [0.5000000000000002, -0.4999999999999999, 0.7071067811865475], [-0.7071067811865474, -0.7071067811865477, 0.0]]
6	[[-0.7565373765452967, 0.581550495723293, 0.2990822943839241], [0.05028910555470567, 0.5077298103841723, -0.8600473507370163], [-0.6520139597834296, -0.6356173853594982, -0.4133622330067026]]	0.8678469597894802	0.13215304021051993	[[-0.6565586622019448, 0.5046968296775249, 0.2595576599079508], [0.04364324736618351, 0.4406317723363933, -0.7463894786121162], [-0.5658483327383498, -0.551618615473579, -0.35873515720665766]]	0.8960958122276064	0.15155763020836885	[[-0.6298693965827056, 0.582638439990544, 0.29634820386960503], [0.019324792136737518, 0.4748429781150904, -0.7305947064910279], [-0.5789064811842711, -0.6050099714929056, -0.3540537094948596]]	[[0.04806057833319446, 0.06151347617401252, 0.028341812360746496], [-0.02573906475150629, 0.019868421286716918, 0.04009012282185988], [0.005360497691599143, -0.03543589429319866, 0.016358456435498693]]	0.4801742488528266	[[-0.7071067811865476, 0.7071067811865475, 0.0], [0.5, 0.5000000000000001, -0.7071067811865475], [-0.4999999999999999, -0.5, -0.7071067811865476]]
6	[[0.8741664903139315, -0.15370841972864166, -0.46065895076156604], [0.4523572401227667, -0.08732656712286135, 0.8875511241517584], [-0.17665184550617297, -0.9842498627782785, -0.006806842160875459]]	0.8795937383279729	0.12040626167202731	[[0.7689113711362745, -0.135200963521601, -0.40519272859460753], [0.3978905958993088, -0.07681190163094621, 0.7806844112498397], [-0.15538185717131014, -0.8657400162499403, -0.005987255742492856]]	0.919184491617656	0.12244361512908467	[[0.7748360109065424, -0.10283825460542181, -0.44075570162203137], [0.41936454517760474, -0.06374851629443086, 0.8124186671089966], [-0.125847764991503, -0.9428578053602886, -0.004291592222126166]]	[[-0.028684270081859257, 0.03844814104020306, -0.017325138157138317], [0.0035647853857934883, 0.016520709911111434, -0.003404561729116889], [0.03652787181340933, -0.03815059561768869, 0.0019651515290395986]]	0.3527431439302845	[[0.7071067811865477, 7.850462293418876e-17, -0.7071067811865474], [0.7071067811865474, 8.802883075958472e-17, 0.7071067811865477], [1.9967346175427393e-16, -1.0, 0.0]]
6	[[-0.24698665360156102, 0.8466372453907605, -0.4713840978011963], [-0.6254476894109686, -0.5108406865688171, -0.5897940155311683], [-0.7401437568156493, 0.1491548445845619, 0.6556981405980744]]	0.9153395153566214	0.08466048464337854	[[-0.22607664380720666, 0.7749605258788438, -0.43147649162816526], [-0.5724969849063547, -0.4675926664683447, -0.5398617683365353], [-0.6774828276578655, 0.13652732315512509, 0.6001864182352793]]	0.9170541127985868	0.08224049939337447	[[-0.23369220737931792, 0.7738690315492127, -0.4378069194266363], [-0.5761125122995523, -0.47566063349043397, -0.5353508338166536], [-0.6842740700801863, 0.1423052575003045, 0.6059596210926459]]	[[-0.007192080887646475, -0.0025431363848504706, -0.005522193830197967], [-0.0025431363848504697, -0.007192080887646474, 0.005522193830197969], [-0.0055221938301979676, 0.0055221938301979676, 0.004648944502796004]]	0.29377312624251967	[[-0.49999999999999983, 0.7071067811865477, -0.4999999999999999], [-0.5000000000000002, -0.7071067811865474, -0.5], [-0.7071067811865475, 1.1102230246251565e-16, 0.7071067811865476]]
6	[[0.1615105106326433, 0.7484963581880271, -0.6431699283505437], [0.2746907081173145, -0.6600677628887605, -0.6991820673251248], [-0.9478709668668996, -0.06374755033950519, -0.3122128760902104]]	0.8724541727310474	0.1275458272689526	[[0.14091051894137183, 0.6530287709751368, -0.5611362877645606], [0.23965505450739724, -0.5758788740175469, -0.6100043121365254], [-0.826973980253639, -0.05561681629508381, -0.27239142652526555]]	0.8765721967295036	0.12330063853579386	[[0.1081727318156676, 0.6830091102611342, -0.5919418063824498], [0.21228764842680065, -0.6162949245531594, -0.6263764962247956], [-0.8584230029560237, -0.050109964057367506, -0.23472167034242333]]	[[-0.033402891284492336, 0.026898013320221945, -0.028156929417856275], [-0.028498589008776616, -0.0376978756474297, -0.013492935555735185], [-0.02754566731338673, 0.00576936617985719, 0.03895545629920877]]	0.3270131381184468	[[0.0, 0.7071067811865477, -0.7071067811865474], [0.0, -0.7071067811865474, -0.7071067811865477], [-1.0, 0.0, 0.0]]
6	[[0.2474980822640765, 0.6766944151993265, -0.6934186092928614], [-0.6725024223343065, 0.6351887809349719, 0.37983641811816093], [0.6974849039442319, 0.37231690938283457, 0.612286638558706]]	0.9398955166333257	0.060104483366674254	[[0.23262233789535156, 0.6360220469766572, -0.6517410420244762], [-0.632082011677066, 0.5970110874165678, 0.35700654644332075], [0.6555629341366096, 0.3499389938957024, 0.5754854664758173]]	0.9439780118447177	0.0524647718325303	[[0.2419214827249721, 0.640194163238875, -0.6563240080937064], [-0.6374400156619724, 0.6096491553899589, 0.36125364557706147], [0.6590781556706091, 0.354604545144126, 0.5907651629582248]]	[[0.008288735093948762, 0.0014095145525909725, -0.001752087917302121], [-0.002612516066077155, 0.010044912816894158, 0.0026964187756610145], [0.0006677427536292866, 0.003145569248747976, 0.012780039212492234]]	0.25028401335491873	[[0.0, 0.7071067811865475, -0.7071067811865476], [-0.7071067811865475, 0.5000000000000001, 0.5], [0.7071067811865476, 0.5, 0.4999999999999999]]
6	[[-0.9645173536663985, 0.2631232422499032, 0.021735543799654512], [0.24053004160075506, 0.8417770646002551, 0.48327701435151793], [0.10886493266386094, 0.47135711822447, -0.8751976311298015]]	0.8774109436171023	0.12258905638289776	[[-0.8462780814155051, 0.2308672122700789, 0.01907100399528571], [0.21104369076917937, 0.7385844085661443, 0.42403254119062117], [0.09551928329541051, 0.4135738938819701, -0.7679079793810519]]	0.9167994216114284	0.14764403591312786	[[-0.8825395084349493, 0.23784033537412985, -0.018943798973720716], [0.21889653640040913, 0.725465062775116, 0.4438894323931521], [0.026790577431505362, 0.42494563341943137, -0.7971911779349407]]	[[0.0017294435405902577, -0.003390900933105158, -0.038870932957653835], [-0.0016212666193358496, -0.04627566317616387, 0.0008213451575824139], [-0.07301672986848945, -0.00719429994119241, 0.005189504080553571]]	0.3825832290633647	[[-1.0, 0.0, 0.0], [0.0, 0.7071067811865476, 0.7071067811865475], [0.0, 0.7071067811865475, -0.7071067811865476]]
6	[[0.40945118502923766, -0.6319690739801498, 0.6580006205246504], [0.1566510016798315, 0.7592176555418734, 0.6317032651381553], [-0.89878261595942, -0.15557519418651922, 0.40986115722640565]]	0.8736576994512263	0.12634230054877374	[[0.3577201803502223, -0.5521246472978195, 0.5748673083650456], [0.1368593537443318, 0.6632963503234668, 0.5518924213564287], [-0.7852283525658621, -0.13591946624467224, 0.35807835571683894]]	0.8807901990243074	0.1247601872131111	[[0.3351582811113789, -0.5821144760894451, 0.5795604975100247], [0.11995795299930428, 0.6867301838751262, 0.5818803542666025], [-0.8096576331381168, -0.11901039230315798, 0.3355193806045169]]	[[-0.025482309641261868, -0.02548230964126186, 0.0], [-0.018018713947631604, 0.018018713947631607, 0.02548230964126186], [-0.0180187139476316, 0.018018713947631604, -0.025482309641261868]]	0.40376788789483614	[[0.5000000000000001, -0.7071067811865475, 0.4999999999999999], [0.49999999999999994, 0.7071067811865475, 0.5], [-0.7071067811865475, -1.1102230246251565e-16, 0.7071067811865476]]
6	[[0.3502993174823247, 0.16132854553037096, 0.9226394141637744], [0.9363424150508688, -0.08505486977734195, -0.3406296389098664], [0.023521691013278723, 0.9832287473036041, -0.18085342277010252]]	0.882931244730518	0.11706875526948206	[[0.3092902124129197, 0.14244201351569444, 0.8146271663850572], [0.8267259740148429, -0.07509760204290074, -0.30075255107479526], [0.02076803592452095, 0.8681233817115992, -0.15968113768018122]]	0.9165711369606935	0.13184345710674297	[[0.29191024047461533, 0.10037185546790008, 0.8398536569343181], [0.873432196850931, -0.0810657664713731, -0.2583317005580025], [-0.013651466447635182, 0.9412035283474562, -0.1282957728356211]]	[[-0.02916400322671391, -0.04749723293308704, -0.005810999910520705], [0.015207764903234491, -0.003106927775510982, 0.05387959486012428], [-0.035210769522914256, 0.04000443753895354, 0.03746925449600473]]	0.39722716860979296	[[1.9967346175427393e-16, -1.7938038903913487e-16, 1.0], [1.0, 2.87096493178452e-32, -1.7938038903913487e-16], [0.0, 1.0, 1.9967346175427393e-16]]
6	[[-0.8000941381037605, -0.5872859623158753, 0.12224798010076363], [0.31331023350144005, -0.23532960618484317, 0.9200308005910233], [-0.511552605071339, 0.7744127936182373, 0.37228854041606435]]	0.8765518120682453	0.12344818793175481	[[-0.7013239665800324, -0.5147865744702236, 0.10715668847900708], [0.2746326529152123, -0.20627859273463078, 0.8064546654166599], [-0.4484023629435137, 0.6788129375348979, 0.32633019471394337]]	0.909701934674659	0.13422419058982313	[[-0.7316089608143791, -0.5736333184201593, 0.07431996840117548], [0.2834036409423729, -0.21517299277748855, 0.8442150024017302], [-0.4870280255828202, 0.673265727816442, 0.30177828561482767]]	[[-0.0037617754595343452, -0.03937814229413869, -0.03688925560655848], [-0.0016152846272563144, -0.001093194744911212, 0.007261203143800878], [-0.021667631061561242, -0.03121908877487605, -0.03689331985887102]]	0.43343250251617027	[[-0.7071067811865474, -0.7071067811865477, 0.0], [0.5000000000000002, -0.4999999999999999, 0.7071067811865475], [-0.5000000000000001, 0.49999999999999983, 0.7071067811865476]]
6	[[0.5219868745328842, 0.6525362703745822, 0.5492960209768695], [-0.8484633314698179, 0.46322645744250823, 0.25599067224491256], [-0.08740525136700361, -0.5996813028358434, 0.7954512285882627]]	0.9118568340561276	0.08814316594387248	[[0.47597729883040885, 0.5950196576105596, 0.5008793306475966], [-0.7736770872467829, 0.42239621093456114, 0.23342684394114582], [-0.07970107579139592, -0.5468234942465463, 0.7253376389465501]]	0.9122709182363118	0.08866124429107967	[[0.4711269955694335, 0.5967737913376194, 0.509755756195586], [-0.779094872257794, 0.4139390549269658, 0.2320489168482959], [-0.07257222694828823, -0.5521382625551856, 0.7307334724843997]]	[[-0.005066449767983107, 0.0014839287805012416, 0.008648970755464974], [-0.0050664497679831074, -0.008648970755464972, -0.0014839287805012414], [0.007165041974963732, -0.0050664497679831074, 0.005066449767983107]]	0.2896773755639417	[[0.7071067811865476, 0.5, 0.4999999999999999], [-0.7071067811865475, 0.5000000000000001, 0.5], [0.0, -0.7071067811865475, 0.7071067811865476]]
6	[[-0.2320176213509193, 0.7258914686476092, -0.6474947097291828], [-0.9237427054821723, 0.04411687515891305, 0.3804643418175869], [0.30474126312519306, 0.6863929465479887, 0.6603010566991635]]	0.9186379271207891	0.08136207287921096	[[-0.21314018673330476, 0.6668314340731051, -0.5948131979672934], [-0.8485850841570923, 0.04052743474703047, 0.34950897431068334], [0.27994688226549824, 0.6305465936071748, 0.6065775940017862]]	0.9201606134061134	0.07850402940541194	[[-0.2043292546498856, 0.6765118462658883, -0.5960936867439001], [-0.8562024496938117, 0.04722197325375692, 0.358455125775835], [0.2868299863743734, 0.6257617908908489, 0.6166609736151576]]	[[0.009164222133403692, 0.008575107208839717, -0.00029455746228198676], [-0.006210795187913206, 0.0066273623459705945, 0.008366823629811023], [0.006419078766941898, -0.005829963842377926, 0.0090779482501504]]	0.2739711869016422	[[-0.14644660940672638, 0.8535533905932737, -0.4999999999999999], [-0.8535533905932738, 0.14644660940672602, 0.5], [0.4999999999999999, 0.5, 0.7071067811865476]]
