7	[[-0.8011245690937495, -0.03963348185217799, -0.5971839012487085], [0.07148815852702158, -0.9969981734291763, -0.02973357310014117], [-0.594212813716407, -0.06651187333972096, 0.8015530567093305]]	0.9330975659386918	0.0669024340613084	[[-0.7475273854350609, -0.03698190544594281, -0.5572308446729419], [0.06670542671500335, -0.9302965688720859, -0.027744324686401808], [-0.5544585301283605, -0.06206206711931626, 0.7479272061861943]]	0.9396653839493014	0.061319145863172116	[[-0.7444997466296948, -0.03481433728149349, -0.5843048828420995], [0.06909944704425038, -0.9573601361945766, -0.025511735722947404], [-0.5764488028505385, -0.06442340411308414, 0.744902381609507]]	[[0.008289279179002162, 0.0024278736603812762, -0.023151842986890173], [0.0019244991141278821, -0.020515464762497333, 0.002427873660381276], [-0.01808759110211606, -0.0019244991141278821, -0.008289279179002162]]	0.1652056690138084	[[-0.7071067811865476, -3.2354269956215097e-16, -0.7071067811865475], [2.7817808468846267e-16, -1.0, 1.268410895014533e-16], [-0.7071067811865475, -1.1102230246251565e-16, 0.7071067811865476]]
7	[[0.8434013427351802, 0.37557201465901263, -0.38421327004342964], [0.4843740832070826, -0.2220497303533281, 0.8462125411309575], [0.23249929589096227, -0.89979974386248, -0.3691943910126779]]	0.8754271296335542	0.12457287036644599	[[0.7383364165997441, 0.32878593076363055, -0.33635072016124123], [0.42403421333086067, -0.19438835807911864, 0.7407974159421898], [0.20353619124364758, -0.787709107014538, -0.3232027860010366]]	0.8828736044746489	0.16951938588508628	[[0.7668327073096024, 0.31219756496997264, -0.30829704666503027], [0.4305484486873237, -0.17983037334232135, 0.7669569882544587], [0.18013041408493818, -0.8200453457128222, -0.25431855290732786]]	[[0.02221592383023507, -0.01938505335183558, 0.030914707945204054], [0.0029073559321832754, 0.016211472467345205, 0.019858271914518364], [-0.025137077316133648, -0.025635902543588766, 0.07163342983785789]]	0.49978280910193845	[[0.7071067811865476, 0.49999999999999983, -0.5000000000000001], [0.7071067811865475, -0.4999999999999999, 0.5000000000000002], [0.0, -0.7071067811865477, -0.7071067811865474]]
7	[[0.8677758745180911, 0.35246868940790826, 0.3503296370440759], [0.30489758050525356, -0.9342923179771935, 0.18475748962043512], [0.39243151887482847, -0.05351343341511783, -0.9182231838925224]]	0.8759524673821528	0.12404753261784726	[[0.7601304184188276, 0.30874581816181085, 0.3068721099658523], [0.2670757879424254, -0.8183956611883136, 0.16183877890035253], [0.34375135723693184, -0.04687522403806294, -0.8043198635381512]]	0.8759524673821529	0.12404753261784716	[[0.7601304184188273, 0.308745818161811, 0.30687210996585235], [0.2670757879424255, -0.8183956611883135, 0.1618387789003526], [0.34375135723693195, -0.04687522403806296, -0.8043198635381513]]	[[0.0, 0.0, 0.0], [0.0, 0.0, 0.0], [0.0, 0.0, 0.0]]	0.5288748657406522	[[1.0, 3.133961632045815e-16, 0.0], [2.7817808468846267e-16, -1.0, 0.0], [0.0, 0.0, -1.0]]
7	[[-0.011589893598810297, 0.9826435305367112, 0.18514147633827627], [0.11227511405049562, -0.182704212732111, 0.9767361309048049], [0.9936095677535101, 0.03210704820265742, -0.10820889207637127]]	0.9245851606707043	0.07541483932929595	[[-0.010715843635212283, 0.9085376265633132, 0.17117906164703658], [0.10380790436369905, -0.16892560388413336, 0.903075732525501], [0.9186766618453279, 0.029685700321115966, -0.10004833586643057]]	0.93245436576641	0.09159441842574019	[[0.011487875733534703, 0.933410547756802, 0.13362546777943504], [0.08038359587132214, -0.12382479808274811, 0.9154867232275042], [0.9554640531872733, 0.03514878543561534, -0.0704076312053156]]	[[0.022294922618513534, 0.017140297715726824, -0.039010510116629316], [-0.024307824391984117, 0.04653854272322385, 0.004724853763526956], [0.02896847386823727, 0.005210428167174867, 0.030492222626043092]]	0.2168196734730838	[[0.0, 1.0, 1.9967346175427393e-16], [0.0, -1.7938038903913487e-16, 1.0], [1.0, 0.0, 0.0]]
7	[[0.6153023296687069, 0.7313682018673757, -0.2941149373995541], [-0.35367086285074184, -0.07732112734721036, -0.9321686349776892], [-0.7044997969301864, 0.6775854164332626, 0.21108775322668094]]	0.9351832764969511	0.06481672350304905	[[0.5754204486957886, 0.683963311348016, -0.27505137082401054], [-0.3307470763222606, -0.07230942521500217, -0.8717485183061257], [-0.6588364283846084, 0.6336665498466095, 0.19740573669090736]]	0.9357631333449277	0.06310348787536169	[[0.5817009467244648, 0.6843874002082608, -0.26929820462531173], [-0.32676345874636636, -0.06643054964094552, -0.8764777387202342], [-0.663433633463904, 0.6399831631496595, 0.20171683341778768]]	[[0.005923710759242169, -9.300773590510069e-19, 0.00592371075924217], [0.004188696047647851, 0.005923710759242168, -0.00418869604764785], [-0.004188696047647848, 0.0059237107592421704, 0.004188696047647849]]	0.3268655983757467	[[0.7071067811865476, 0.5, -0.4999999999999999], [-0.5, -0.14644660940672602, -0.8535533905932738], [-0.4999999999999999, 0.8535533905932737, 0.14644660940672638]]
7	[[0.5703528252803276, 0.5739516156578184, -0.5876029250935769], [-0.5509578072563881, -0.26325551186259916, -0.7919229950551969], [-0.609215191305979, 0.7754199367811874, 0.16607459867264057]]	0.9544710751398904	0.04552892486010967	[[0.5443852743543884, 0.547820215675195, -0.5608499956694109], [-0.5258732906487215, -0.2512697714439972, -0.7558675925183359], [-0.5814782786373719, 0.7401159007444457, 0.15851340074850107]]	0.9544710751398905	0.0455289248601095	[[0.5443852743543885, 0.547820215675195, -0.5608499956694109], [-0.5258732906487212, -0.25126977144399726, -0.755867592518336], [-0.5814782786373718, 0.740115900744446, 0.1585134007485011]]	[[0.0, 0.0, 0.0], [0.0, 0.0, 0.0], [0.0, 0.0, 0.0]]	0.187486178752045	[[0.7071067811865476, 0.5, -0.4999999999999999], [-0.5, -0.14644660940672602, -0.8535533905932738], [-0.4999999999999999, 0.8535533905932737, 0.14644660940672638]]
7	[[0.2023859315102588, -0.1060602062400518, 0.9735456678446278], [0.6690322325666673, 0.7409383789188091, -0.0583625773250962], [-0.7151474019484273, 0.6631451962409777, 0.2209132005764473]]	0.9336192146899187	0.06638078531008132	[[0.18895139444089543, -0.09901984645968798, 0.908920941877874], [0.6246213475711351, 0.6917543074597998, -0.05448842360953595], [-0.6676753557946263, 0.6191250973398935, 0.20624880883681923]]	0.9419614097248147	0.058173319816000844	[[0.17305223366445588, -0.08746837826265341, 0.9294786928373423], [0.6477900486292552, 0.7103716030485104, -0.04253905248939074], [-0.6736412549003793, 0.6422446875928074, 0.19050420615239377]]	[[-0.01758750368941727, 0.012436243122930376, 0.012436243122930372], [0.01758750368941727, 0.012436243122930379, 0.012436243122930376], [0.0, 0.01758750368941727, -0.01758750368941727]]	0.23421039443477926	[[0.0, 0.0, 1.0], [0.7071067811865472, 0.7071067811865478, 0.0], [-0.7071067811865478, 0.7071067811865472, 0.0]]
7	[[0.8706842278162519, 0.40148237992419594, 0.28411419190603826], [0.48700467489959137, -0.7845539150430676, -0.3837989070027929], [0.06881440298339332, 0.4725325946440084, -0.8786225156123877]]	0.8852374615038949	0.11476253849610528	[[0.7707622956035376, 0.35540724284263747, 0.25150852602013174], [0.43111478214864374, -0.6945165161656675, -0.33975317016312184], [0.06091708741192517, 0.418303554560511, -0.7777895653408763]]	0.9062766204921694	0.15183701487940748	[[0.7899772250283581, 0.36306466639621343, 0.3475867968269808], [0.5070245992437266, -0.6452835354944977, -0.34933670016249174], [-3.6774508194509665e-05, 0.49329663301000487, -0.7956635348261656]]	[[0.0008964655272116062, -0.0007894280686400115, 0.09010074715251276], [0.0656636483118373, 0.06573933522463427, -0.0015087237754121579], [-0.062401659085170466, 0.06505139006363675, 0.0006115093113574991]]	0.3969676716216351	[[0.7071067811865476, 0.5, 0.4999999999999999], [0.7071067811865475, -0.5000000000000001, -0.5], [0.0, 0.7071067811865475, -0.7071067811865476]]
7	[[0.5388625488158765, 0.700060485213946, -0.46855359408041286], [-0.17010925617958866, -0.45432840348109804, -0.874441846409665], [-0.8250393896328132, 0.550909265516865, -0.12573379307880614]]	0.8810078009687	0.11899219903130014	[[0.47474210915666415, 0.6167587486234196, -0.4127993715567654], [-0.14986758171120065, -0.40026686766850245, -0.7703900881803887], [-0.7268661383729631, 0.485355360546295, -0.11077245254781252]]	0.9067957527708993	0.13205705756829847	[[0.4921395957625704, 0.6225877355103382, -0.4190142117743128], [-0.14796237170753074, -0.39057982074090847, -0.7935850006072634], [-0.7379091452623527, 0.5534276168447188, -0.07931567923686597]]	[[0.0035013251690322496, -0.012224139164403007, 0.0058681972833455175], [0.0062919793031371105, 0.02140324589893478, -0.0006448482378361847], [0.01023306912537732, 0.053865434711889926, 0.03469919030677053]]	0.38175364498685527	[[0.5000000000000001, 0.5000000000000001, -0.7071067811865474], [-0.49999999999999983, -0.4999999999999999, -0.7071067811865477], [-0.7071067811865476, 0.7071067811865475, 0.0]]
7	[[0.7983197949725356, -0.14272590074337235, -0.5850767660845899], [0.4905325911139221, -0.4095002147242297, 0.7692121626676685], [-0.3493755601212979, -0.9010765180592617, -0.2569004215491415]]	0.8679016746236463	0.13209832537635366	[[0.6928630869418697, -0.12387204826734116, -0.5077891050682031], [0.4257340572852494, -0.3554059221179017, 0.667600524120146], [-0.3032236337018488, -0.7820458189876777, -0.22296430607402054]]	0.8997618310682584	0.16165293568397052	[[0.6797977846566788, -0.17819562851636833, -0.5588868181912118], [0.4850757721041341, -0.3667316376446386, 0.696576073713408], [-0.2879607588796223, -0.808797321880566, -0.17364333979837274]]	[[-0.0384998958458464, -0.04977631072264509, -0.03245707582344587], [0.04371326972481428, 0.0017210253784792871, 0.004468329751571653], [0.026394034825615063, 0.00195693594104603, 0.057505853896890224]]	0.45124157762464484	[[0.7071067811865476, -0.5, -0.4999999999999999], [0.5, -0.14644660940672602, 0.8535533905932738], [-0.4999999999999999, -0.8535533905932737, 0.14644660940672638]]
7	[[0.20231817389064605, -0.6994113589449509, -0.6854860374160302], [-0.8413567112351195, 0.2340817656053938, -0.48715973917256866], [0.5011848371341435, 0.6752995468603828, -0.5410954454040282]]	0.9259701443789281	0.07402985562107199	[[0.18734058868800257, -0.6476340370225184, -0.6347396050358608], [-0.7790711953765636, 0.21675272629410092, -0.45109537401722444], [0.46408219600163264, 0.6253072189053333, -0.5010382277035486]]	0.9263550711124283	0.07400351784927922	[[0.1660874128998377, -0.6638078377590669, -0.6520694628514446], [-0.780216302121094, 0.23759317543169342, -0.47367573174043553], [0.4852659976522405, 0.610724364601414, -0.5177317970664187]]	[[-0.021331053461968355, -0.015904578606776867, -0.017065995914341315], [-0.0008212460539662569, 0.02075034480818612, -0.022392836916118635], [0.02099088220837015, -0.014842795152626584, -0.016485287260559086]]	0.2525580311325375	[[0.1464466094067265, -0.8535533905932736, -0.5000000000000001], [-0.8535533905932736, 0.14644660940672619, -0.5000000000000002], [0.5000000000000001, 0.5000000000000001, -0.7071067811865474]]
7	[[0.5366695897887676, 0.8400312153292252, -0.07958208761059785], [0.7684311562343987, -0.447598556932012, 0.45735007375165615], [0.348567510712374, -0.30659923206832285, -0.8857186920071709]]	0.8902152441113217	0.10978475588867836	[[0.4777514498809306, 0.7478085934154365, -0.07084518754915695], [0.6840691293299503, -0.3984590586231064, 0.4071400075491616], [0.31030011163809174, -0.2729393102200458, -0.7884802816191242]]	0.9081479017109528	0.14075109977857672	[[0.5436123261402002, 0.7652765497656885, -0.02306021082248106], [0.6414417677229645, -0.4006738399497672, 0.4784706660626013], [0.32202382112354166, -0.3546358840198773, -0.7978544542444103]]	[[0.05623696426145312, 0.002403964192750925, 0.04921209505486058], [-0.056407374420626155, 0.005811850336889965, 0.06312915623768538], [0.0054729676654891365, -0.07619843475084047, 0.006509117408071729]]	0.37581147560262246	[[0.7071067811865476, 0.7071067811865475, 0.0], [0.5, -0.5000000000000001, 0.7071067811865475], [0.4999999999999999, -0.5, -0.7071067811865476]]
7	[[0.511206875187014, 0.8459474298653378, 0.15179089783566851], [-0.8586320663191376, 0.5104270682068909, 0.047065727767094744], [-0.037663051523436505, -0.15439285587729631, 0.9872914162515521]]	0.8964235384587779	0.10357646154122208	[[0.4582578759395979, 0.7583271884299951, 0.13606893374368478], [-0.7696979951239734, 0.4575588386071609, 0.04219082622511662], [-0.0337620459157942, -0.13840139017828204, 0.8850312648461948]]	0.9256535689235356	0.12193077364930852	[[0.45149530063086457, 0.7506307717194308, 0.1074053731223012], [-0.782487078934556, 0.462768892616036, 0.04641048472945723], [-0.03049744419642199, -0.13926168033742642, 0.9118184790889494]]	[[-0.021705167844243263, -0.03242348585711144, -0.03310041318939316], [0.012308757645943465, -0.009709744744849395, 0.002843925847862437], [0.0043654938627980065, 0.0036526177216899547, -0.002071343931871722]]	0.2915211375881228	[[0.7071067811865474, 0.7071067811865477, 0.0], [-0.7071067811865477, 0.7071067811865474, 0.0], [0.0, 0.0, 1.0]]
7	[[0.8076735082395426, -0.3067057453339202, -0.5035822572998319], [0.0850908944562452, -0.7844955095899794, 0.6142689436344596], [-0.5834578337537903, -0.5389790174137795, -0.6075183742233737]]	0.9312905258025589	0.0687094741974412	[[0.7521786861652009, -0.2856321548386923, -0.46898138518559984], [0.0792443438391666, -0.7305932356157984, 0.5720628475015184], [-0.5433687527801895, -0.5019460525238253, -0.5657761061652017]]	0.9314620026356231	0.06851705846194228	[[0.7536366710379314, -0.2866177663822469, -0.47000075648993117], [0.07793944737888303, -0.7316607770349981, 0.5712351617809603], [-0.5434688022817481, -0.5007189873614318, -0.5671997690694291]]	[[0.001319487577387554, -0.0009330186136621487, -0.0009330186136621485], [-0.0013194875773875538, -0.000933018613662149, -0.0009330186136621487], [0.0, 0.0013194875773875538, -0.001319487577387554]]	0.18411153901949248	[[0.8535533905932738, -0.1464466094067262, -0.4999999999999999], [0.14644660940672619, -0.8535533905932737, 0.5], [-0.4999999999999999, -0.5, -0.7071067811865476]]
7	[[-0.1979434622679918, 0.9682888025830232, -0.1524309041424854], [-0.9591958066328183, -0.15931265816426138, 0.2335869891210864], [0.2018954934697093, 0.19244810142210464, 0.9603134581872996]]	0.8984340655974872	0.10156593440251292	[[-0.17783914956387495, 0.8699436455771881, -0.13694911693143402], [-0.8617741882571841, -0.1431319191756603, 0.2098625083067337], [0.18138978902380185, 0.17290193017717903, 0.862778324487198]]	0.9095790488377967	0.13447263827027156	[[-0.13898052087238924, 0.9075872126608164, -0.08412368365856865], [-0.8876414853139886, -0.09827406876170497, 0.19249924148876818], [0.13227692913067612, 0.16288189217286572, 0.8935027667365099]]	[[0.041064705260991125, 0.026852004607060925, 0.054524273144838584], [-0.01517707586770644, 0.046633387319165026, -0.019966589896874276], [-0.05136298178413963, -0.012164868869292063, 0.02002176485237069]]	0.33496556927072274	[[-4.677050100851671e-16, 0.9999999999999999, 0.0], [-1.0, -4.47411937370028e-16, 0.0], [0.0, 0.0, 1.0]]
7	[[-0.048811022471290655, 0.8404542750081037, 0.5396796232079825], [-0.1921970497933101, 0.5223223691777455, -0.8308066181171734], [-0.9801417132925497, -0.1442773519203538, 0.13603774324354012]]	0.8958844839408743	0.10411551605912595	[[-0.0437290376773186, 0.7529499444415366, 0.48349060073108885], [-0.17218635476903818, 0.46794050616157934, -0.7443067583265666], [-0.8780937530020201, -0.12925584096952195, 0.12187410340222012]]	0.917546937006456	0.11839445740171778	[[-0.06150865721565039, 0.7567141981500832, 0.5258352251432319], [-0.15028399561961442, 0.5004607111652927, -0.7453167629568396], [-0.9271366569343079, -0.08688317119358963, 0.08902449983544782]]	[[-0.01672225305496438, -0.014442047577583772, 0.030653839903949293], [0.026065818719914563, 0.021205421196296835, 0.016987304741265186], [-0.027810630070468967, 0.04549807114033349, -0.035796514794933114]]	0.2952110526337187	[[-2.2877923686379875e-16, 0.7071067811865475, 0.7071067811865476], [-3.0054922785922005e-16, 0.7071067811865476, -0.7071067811865475], [-1.0, -3.133961632045815e-16, 0.0]]
7	[[-0.13714492618686602, -0.09186257958165817, -0.9862821785340151], [0.9849622221878442, -0.11826677366833438, -0.12594598488585185], [-0.1050746881222272, -0.9887235390738337, 0.10670085846576022]]	0.9256725668707192	0.07432743312928089	[[-0.12695129585669163, -0.08503466984071925, -0.9129743558624267], [0.9117525084833094, -0.10947630795708535, -0.11658474311634728], [-0.09726475626724218, -0.9152342563399775, 0.09877005754330959]]	0.9368862728130412	0.08867843925310225	[[-0.10372352289367279, -0.055307094128084724, -0.9341273615970264], [0.9284079451339556, -0.1104208568760785, -0.08661407135311165], [-0.06911498692209056, -0.9413757196974673, 0.07241654566864586]]	[[0.024765675836759756, 0.030757695667166386, -0.010093127408366586], [0.005610359926735667, 0.000381659903670957, 0.03138299300236172], [0.02932804599973576, -0.015054208332064124, -0.027550023925292065]]	0.20008013445694062	[[0.0, 0.0, -1.0], [1.0, -1.7938038903913487e-16, 0.0], [-1.9967346175427393e-16, -1.0, 0.0]]
7	[[0.9108526935290702, 0.369894861597951, -0.1830987767689077], [-0.28482357056054014, 0.8843967298970963, 0.3697539151928853], [0.2987020327081532, -0.28464050223177145, 0.9109099187873969]]	0.8916660541861908	0.10833394581380915	[[0.8121764271839299, 0.3298226917047921, -0.16326296380785008], [-0.2539675093009389, 0.7885865424825144, 0.3296970145799355], [0.26634246288227353, -0.25380427348657936, 0.8122274530042217]]	0.8961348526270142	0.15399001208790045	[[0.8253207370958114, 0.329343980320738, -0.22299865006518074], [-0.17707350734655797, 0.7849716595151166, 0.3420508285466273], [0.27524437575534144, -0.3204099403897383, 0.8200573882256316]]	[[0.009073892815219151, -0.0021316969648317446, -0.05891745472918905], [0.07816682108241166, -0.0075670736950309795, 0.010701458246989514], [0.007567073695031, -0.0653336658705904, 0.0037592623966021116]]	0.4927632444118574	[[0.7071067811865476, 0.5, -0.4999999999999999], [-0.5, 0.8535533905932737, 0.14644660940672619], [0.4999999999999999, 0.1464466094067262, 0.8535533905932738]]
7	[[-0.7147397866006825, 0.47804333933038157, 0.5105111195379277], [0.6441331517519284, 0.16556701204019203, 0.7467797850358632], [0.2724693015077806, 0.8625903606266073, -0.42626089369061476]]	0.9096236084789439	0.09037639152105642	[[-0.6501441838111828, 0.43483950733102583, 0.4643729667227153], [0.5859187218375042, 0.1506036629370762, 0.6792885228034516], [0.24784450923724477, 0.7846325564723281, -0.38773697227231646]]	0.9096236084789435	0.09037639152105645	[[-0.650144183811183, 0.4348395073310258, 0.4643729667227152], [0.5859187218375042, 0.15060366293707614, 0.6792885228034518], [0.24784450923724463, 0.7846325564723278, -0.38773697227231646]]	[[0.0, 0.0, 0.0], [0.0, 0.0, 0.0], [0.0, 0.0, 0.0]]	0.32539872092771993	[[-0.4999999999999999, 0.5, 0.7071067811865476], [0.8535533905932738, 0.14644660940672602, 0.5], [0.14644660940672638, 0.8535533905932737, -0.4999999999999999]]
7	[[-0.4317850840940142, 0.8067077608929694, 0.4034652769061755], [-0.8878263375968627, -0.45904284438783466, -0.032311937200791035], [0.1591415578133718, -0.3721589116645979, 0.9144242500313273]]	0.8798768793909396	0.12012312060906045	[[-0.3799177123601957, 0.7098035072349582, 0.35499976878680706], [-0.7811778673658143, -0.4039011854267088, -0.028430526471308008], [0.14002497727024238, -0.3274540218329747, 0.8045807555569646]]	0.8891499312050056	0.1600318087804976	[[-0.3603739849299588, 0.6932447894160377, 0.38019860479045764], [-0.822316717628772, -0.38936064271648496, 0.009382841023166909], [0.06859140517762805, -0.38196490296025015, 0.8166847990622015]]	[[0.023547692887581483, -0.024039360684489912, 0.02145748158572311], [-0.03290599063252958, 0.018797270791108274, 0.03811299776235067], [-0.07290930000398893, -0.05105983225634321, 0.0036245400546580007]]	0.48045227594707696	[[-0.49999999999999983, 0.5000000000000002, 0.7071067811865475], [-0.7071067811865477, -0.7071067811865474, 1.268410895014533e-16], [0.4999999999999999, -0.5, 0.7071067811865476]]
7	[[0.4811460874291297, -0.5569646813589093, -0.6769702994005047], [0.28537953366574575, -0.6306542773568745, 0.7216880934421741], [-0.8288889939650315, -0.5404308708523664, -0.14449051703620916]]	0.9053997858495371	0.09460021415046306	[[0.43562956452067664, -0.5042757032281121, -0.6129287641037139], [0.2583825686668069, -0.5709942476640087, 0.6534162452527051], [-0.7504759176289776, -0.48930599473621134, -0.13082168318187262]]	0.9131097272303091	0.12301134440105307	[[0.41741638622819677, -0.5277213879667264, -0.6422188110498461], [0.30543462599337623, -0.5720790634395521, 0.6668336646308337], [-0.7342930025952077, -0.505371140700904, -0.08156964121311039]]	[[-0.021922786422146227, -0.019151519694176677, -0.024070645621230655], [0.04485179785073433, 0.003777491734411407, 0.007853246482488451], [0.02257360058840745, -0.01189845563006138, 0.050366055385188874]]	0.25626453895595025	[[0.4999999999999999, -0.5, -0.7071067811865476], [0.5, -0.5000000000000001, 0.7071067811865475], [-0.7071067811865476, -0.7071067811865475, 0.0]]
7	[[-0.6025847497358183, -0.5627740937894159, -0.565841796569786], [-0.05773503450399975, -0.6764267119426086, 0.7342435353214446], [-0.7959637461446616, 0.4751128526255769, 0.37511263920767013]]	0.8911730414410666	0.1088269585589336	[[-0.5370072841480731, -0.5015291008065538, -0.5042629548235734], [-0.051451906296634375, -0.6028132501938748, 0.6543380445308529], [-0.709341432528563, 0.4234077659020765, 0.3342902715656849]]	0.8911730414410666	0.1088269585589334	[[-0.5370072841480731, -0.5015291008065538, -0.5042629548235734], [-0.05145190629663437, -0.6028132501938749, 0.6543380445308531], [-0.7093414325285632, 0.4234077659020767, 0.33429027156568486]]	[[0.0, 0.0, 0.0], [0.0, 0.0, 0.0], [0.0, 0.0, 0.0]]	0.38032155534034096	[[-0.4999999999999999, -0.5, -0.7071067811865476], [0.14644660940672619, -0.8535533905932737, 0.5], [-0.8535533905932738, 0.1464466094067262, 0.4999999999999999]]
7	[[-0.9512982242440221, -0.26632565387263285, -0.15524926614797568], [-0.28936275749252405, 0.9451100598101759, 0.15177670908913832], [0.10630561192379806, 0.1893082695893678, -0.9761462472081662]]	0.8843899250524071	0.11561007494759312	[[-0.8413185652416588, -0.23553572506795115, -0.13730088685304942], [-0.2559095074117712, 0.8358458149617972, 0.134229792376044], [0.09401561216193806, 0.16742232635394194, -0.8632939064086188]]	0.8995103666989743	0.16801194682763926	[[-0.8215497225227776, -0.19834177735511097, -0.09629442331155054], [-0.2664322170691563, 0.8493339849101834, 0.09730771994938822], [0.06809043971404535, 0.16539815966343357, -0.8633993993618099]]	[[0.034152892007045674, 0.04122090922120511, 0.04335390101096172], [-0.006147416968029619, -0.0008023115605574893, -0.03921700329974611], [-0.02753256024968911, -0.004886591334046916, 0.014654269416235363]]	0.35699505422013356	[[-1.0, -3.133961632045815e-16, 0.0], [-2.7817808468846267e-16, 1.0, 0.0], [0.0, 0.0, -1.0]]
7	[[0.31358954156160956, 0.32022056906021157, -0.893935336908623], [-0.7749177473382989, -0.45777931064204774, -0.4358217383383115], [-0.5487841873481009, 0.8293954966714284, 0.10458979786689793]]	0.888506397108124	0.11149360289187608	[[0.27862631374369407, 0.28451802409560173, -0.7942672654443176], [-0.6885193757426956, -0.4067398459692065, -0.3872304025123728], [-0.4875982610905708, 0.7369232045252339, 0.09292870447698445]]	0.9162285029026135	0.1442850598063148	[[0.27154072154492, 0.30998872213169343, -0.8020058728793482], [-0.6769613500036537, -0.39552742046280187, -0.383195018172291], [-0.5083435684469544, 0.7501676460442512, 0.03995015032722539]]	[[-0.015778954645990384, 0.016593509543032875, 0.017043162548182847], [0.03304037751278147, 0.023903031986551887, 0.01611728067783469], [-0.005531854056376583, -0.009748148185181126, -0.055878003591249455]]	0.3898024758737114	[[0.5000000000000001, 0.49999999999999983, -0.7071067811865476], [-0.5000000000000002, -0.4999999999999999, -0.7071067811865475], [-0.7071067811865474, 0.7071067811865477, 0.0]]
7	[[-0.6195752977719757, 0.6381387633459072, 0.45706166882175114], [0.5448782585382363, -0.06948620364724613, 0.835631109326976], [0.5650080829183833, 0.7667793595409634, -0.304656002761875]]	0.903099886934169	0.0969001130658311	[[-0.5595383813650754, 0.5763030450259994, 0.41277234143486613], [0.4920794936787682, -0.06275298265731263, 0.7546583603518662], [0.5102587358004835, 0.6924783529048983, -0.2751348016480652]]	0.9036276309263179	0.09604054802043593	[[-0.562013160204793, 0.5744920172258777, 0.4160510032761252], [0.49540450019766125, -0.06582710387532165, 0.7550993596494664], [0.5127047171203939, 0.6950308178038346, -0.2722581317316979]]	[[-0.002147801698634543, -0.0021478016986345434, 0.0030374502914969426], [0.003037450291496942, -0.0030374502914969426, -5.448590149757551e-19], [0.002147801698634544, 0.002147801698634543, 0.003037450291496942]]	0.4096756147227674	[[-0.4999999999999999, 0.8535533905932737, 0.14644660940672638], [0.5, 0.14644660940672602, 0.8535533905932738], [0.7071067811865476, 0.5, -0.4999999999999999]]
7	[[-0.06806473341269687, 0.662577969415037, -0.7458938439961176], [-0.9098273039671204, 0.2655430850439849, 0.3189061726295745], [0.4093671567448706, 0.700340848752355, 0.5847574082877884]]	0.9069355867861835	0.09306441321381681	[[-0.061730328937089414, 0.6009155394830247, -0.6764776710848209], [-0.8251547597975114, 0.24083047365137983, 0.28922735680353906], [0.3712696425134006, 0.6351640386135506, 0.5303373032130533]]	0.9069355867861836	0.09306441321381655	[[-0.06173032893708943, 0.6009155394830247, -0.676477671084821], [-0.8251547597975116, 0.24083047365137983, 0.2892273568035391], [0.3712696425134008, 0.635164038613551, 0.5303373032130534]]	[[0.0, 0.0, 0.0], [0.0, 0.0, 0.0], [0.0, 0.0, 0.0]]	0.3290478290804171	[[-0.14644660940672638, 0.8535533905932737, -0.4999999999999999], [-0.8535533905932738, 0.14644660940672602, 0.5], [0.4999999999999999, 0.5, 0.7071067811865476]]
7	[[0.6392458436810273, -0.42249799911284014, -0.642541976902815], [0.5964188253930831, -0.25505911223508765, 0.7610712410691811], [-0.4854372627366653, -0.869735758728762, 0.08894028297255557]]	0.9402485533038866	0.05975144669611336	[[0.6010499797266083, -0.3972531324396347, -0.6041491642198911], [0.5607819377390498, -0.23981896128601485, 0.7155961333764912], [-0.45643168400794826, -0.8177677889013767, 0.08362597239538368]]	0.9402485533038866	0.059751446696113424	[[0.6010499797266085, -0.39725313243963467, -0.6041491642198913], [0.5607819377390496, -0.23981896128601482, 0.7155961333764911], [-0.45643168400794826, -0.8177677889013768, 0.08362597239538366]]	[[0.0, 0.0, 0.0], [0.0, 0.0, 0.0], [0.0, 0.0, 0.0]]	0.17938368896927373	[[0.7071067811865476, -0.5, -0.4999999999999999], [0.5, -0.14644660940672602, 0.8535533905932738], [-0.4999999999999999, -0.8535533905932737, 0.14644660940672638]]
7	[[-0.7565373765452967, 0.581550495723293, 0.2990822943839241], [0.05028910555470567, 0.5077298103841723, -0.8600473507370163], [-0.6520139597834296, -0.6356173853594982, -0.4133622330067026]]	0.8770633492952401	0.12293665070475987	[[-0.6635312053398523, 0.5100566255633785, 0.2623141188272695], [0.04410673135087202, 0.44531120803257945, -0.7543160099899057], [-0.5718575473549067, -0.5574767128736848, -0.36254486455301815]]	0.8960958122276064	0.15155763020836885	[[-0.6298693965827056, 0.582638439990544, 0.29634820386960503], [0.019324792136737518, 0.4748429781150904, -0.7305947064910279], [-0.5789064811842711, -0.6050099714929056, -0.3540537094948596]]	[[0.04806057833319446, 0.06151347617401252, 0.028341812360746496], [-0.02573906475150629, 0.019868421286716918, 0.04009012282185988], [0.005360497691599143, -0.03543589429319866, 0.016358456435498693]]	0.4801742488528266	[[-0.7071067811865476, 0.7071067811865475, 0.0], [0.5, 0.5000000000000001, -0.7071067811865475], [-0.4999999999999999, -0.5, -0.7071067811865476]]
7	[[0.8741664903139315, -0.15370841972864166, -0.46065895076156604], [0.4523572401227667, -0.08732656712286135, 0.8875511241517584], [-0.17665184550617297, -0.9842498627782785, -0.006806842160875459]]	0.9036653439611855	0.0963346560388148	[[0.7899539621488809, -0.13890097198381324, -0.4162815291887494], [0.40877956098887247, -0.07891399231603, 0.8020491918897357], [-0.1596341507307139, -0.8894324907912825, -0.006151107362596976]]	0.919184491617656	0.12244361512908467	[[0.7748360109065424, -0.10283825460542181, -0.44075570162203137], [0.41936454517760474, -0.06374851629443086, 0.8124186671089966], [-0.125847764991503, -0.9428578053602886, -0.004291592222126166]]	[[-0.028684270081859257, 0.03844814104020306, -0.017325138157138317], [0.0035647853857934883, 0.016520709911111434, -0.003404561729116889], [0.03652787181340933, -0.03815059561768869, 0.0019651515290395986]]	0.3527431439302845	[[0.7071067811865477, 7.850462293418876e-17, -0.7071067811865474], [0.7071067811865474, 8.802883075958472e-17, 0.7071067811865477], [1.9967346175427393e-16, -1.0, 0.0]]
7	[[-0.24698665360156102, 0.8466372453907605, -0.4713840978011963], [-0.6254476894109686, -0.5108406865688171, -0.5897940155311683], [-0.7401437568156493, 0.1491548445845619, 0.6556981405980744]]	0.9153395153566214	0.08466048464337854	[[-0.22607664380720666, 0.7749605258788438, -0.43147649162816526], [-0.5724969849063547, -0.4675926664683447, -0.5398617683365353], [-0.6774828276578655, 0.13652732315512509, 0.6001864182352793]]	0.9173592184003522	0.08043320262917868	[[-0.24483979762605343, 0.7729037386458422, -0.4489788860154636], [-0.5707802821932386, -0.49057860034839157, -0.5349391762519567], [-0.6939996411955817, 0.13925249923392516, 0.6175367003848935]]	[[-0.018264314122806834, -0.0037667430544528384, -0.016550338490202952], [0.0029799213151138772, -0.021954187390522246, 0.006113800852920827], [-0.015021942939277298, 0.0024239275852054164, 0.016025966619279648]]	0.29377312624251967	[[-0.49999999999999983, 0.7071067811865477, -0.4999999999999999], [-0.5000000000000002, -0.7071067811865474, -0.5], [-0.7071067811865475, 1.1102230246251565e-16, 0.7071067811865476]]
7	[[0.1615105106326433, 0.7484963581880271, -0.6431699283505437], [0.2746907081173145, -0.6600677628887605, -0.6991820673251248], [-0.9478709668668996, -0.06374755033950519, -0.3122128760902104]]	0.9109387305086695	0.08906126949133063	[[0.14712617951950704, 0.6818343223181637, -0.5858883980329961], [0.2502264049349139, -0.6012812899755848, -0.6369120248035762], [-0.8634523752437586, -0.05807011257930636, -0.28440680099407684]]	0.9135997961593886	0.08936504622150308	[[0.12977233399437021, 0.7016097558638377, -0.6127497740867826], [0.22580751629297927, -0.6281876322764326, -0.6387725941865339], [-0.8837583577122134, -0.04045611339862086, -0.2600877613044753]]	[[-0.017783635597211436, 0.01778363559721145, -0.025149858649877375], [-0.025149858649877385, -0.02514985864987737, -4.511391428894255e-18], [-0.01778363559721144, 0.017783635597211443, 0.025149858649877378]]	0.3270131381184468	[[0.0, 0.7071067811865477, -0.7071067811865474], [0.0, -0.7071067811865474, -0.7071067811865477], [-1.0, 0.0, 0.0]]
7	[[0.2474980822640765, 0.6766944151993265, -0.6934186092928614], [-0.6725024223343065, 0.6351887809349719, 0.37983641811816093], [0.6974849039442319, 0.37231690938283457, 0.612286638558706]]	0.939995798241459	0.060004201758541306	[[0.23264715740105082, 0.636089906980828, -0.6518105791577253], [-0.6321494513014513, 0.597074785168988, 0.35704463705015715], [0.6556328790444256, 0.34997633043411036, 0.5755468675645704]]	0.9439780118447177	0.0524647718325303	[[0.2419214827249721, 0.640194163238875, -0.6563240080937064], [-0.6374400156619724, 0.6096491553899589, 0.36125364557706147], [0.6590781556706091, 0.354604545144126, 0.5907651629582248]]	[[0.008288735093948762, 0.0014095145525909725, -0.001752087917302121], [-0.002612516066077155, 0.010044912816894158, 0.0026964187756610145], [0.0006677427536292866, 0.003145569248747976, 0.012780039212492234]]	0.25028401335491873	[[0.0, 0.7071067811865475, -0.7071067811865476], [-0.7071067811865475, 0.5000000000000001, 0.5], [0.7071067811865476, 0.5, 0.4999999999999999]]
7	[[-0.9645173536663985, 0.2631232422499032, 0.021735543799654512], [0.24053004160075506, 0.8417770646002551, 0.48327701435151793], [0.10886493266386094, 0.47135711822447, -0.8751976311298015]]	0.8881341420081804	0.11186585799181972	[[-0.8566207923505075, 0.23368873499802834, 0.0193040785435874], [0.21362294212427854, 0.7476109510309122, 0.42921481649336046], [0.09668666356619648, 0.4186283497737382, -0.7772928972110581]]	0.9167994216114284	0.14764403591312786	[[-0.8825395084349493, 0.23784033537412985, -0.018943798973720716], [0.21889653640040913, 0.725465062775116, 0.4438894323931521], [0.026790577431505362, 0.42494563341943137, -0.7971911779349407]]	[[0.0017294435405902577, -0.003390900933105158, -0.038870932957653835], [-0.0016212666193358496, -0.04627566317616387, 0.0008213451575824139], [-0.07301672986848945, -0.00719429994119241, 0.005189504080553571]]	0.3825832290633647	[[-1.0, 0.0, 0.0], [0.0, 0.7071067811865476, 0.7071067811865475], [0.0, 0.7071067811865475, -0.7071067811865476]]
7	[[0.40945118502923766, -0.6319690739801498, 0.6580006205246504], [0.1566510016798315, 0.7592176555418734, 0.6317032651381553], [-0.89878261595942, -0.15557519418651922, 0.40986115722640565]]	0.9335683115472702	0.0664316884527298	[[0.38225065146877435, -0.5899863013457404, 0.6142885283002537], [0.14624441114042888, 0.7087815447811038, 0.5897381506339253], [-0.8390749692292744, -0.1452400713553474, 0.38263338852066586]]	0.9335683115472703	0.06643168845272983	[[0.3822506514687744, -0.5899863013457403, 0.6142885283002539], [0.14624441114042885, 0.7087815447811037, 0.5897381506339252], [-0.8390749692292743, -0.14524007135534742, 0.38263338852066575]]	[[0.0, 0.0, 0.0], [0.0, 0.0, 0.0], [0.0, 0.0, 0.0]]	0.17976300347403043	[[0.4999999999999999, -0.5, 0.7071067811865476], [0.14644660940672619, 0.8535533905932737, 0.5], [-0.8535533905932738, -0.1464466094067262, 0.4999999999999999]]
7	[[0.3502993174823247, 0.16132854553037096, 0.9226394141637744], [0.9363424150508688, -0.08505486977734195, -0.3406296389098664], [0.023521691013278723, 0.9832287473036041, -0.18085342277010252]]	0.9054577707030125	0.09454222929698758	[[0.31718123908633256, 0.14607618518668908, 0.8354110271114648], [0.8478185157466345, -0.07701359277602716, -0.3084257534826998], [0.02129789790804852, 0.8902721096246369, -0.1637551370054265]]	0.9165711369606935	0.13184345710674297	[[0.29191024047461533, 0.10037185546790008, 0.8398536569343181], [0.873432196850931, -0.0810657664713731, -0.2583317005580025], [-0.013651466447635182, 0.9412035283474562, -0.1282957728356211]]	[[-0.02916400322671391, -0.04749723293308704, -0.005810999910520705], [0.015207764903234491, -0.003106927775510982, 0.05387959486012428], [-0.035210769522914256, 0.04000443753895354, 0.03746925449600473]]	0.3882289734923414	[[0.25, 0.4571067811865474, 0.8535533905932738], [0.9571067811865475, -0.25000000000000006, -0.14644660940672619], [0.14644660940672638, 0.8535533905932737, -0.4999999999999999]]
7	[[-0.8000941381037605, -0.5872859623158753, 0.12224798010076363], [0.31331023350144005, -0.23532960618484317, 0.9200308005910233], [-0.511552605071339, 0.7744127936182373, 0.37228854041606435]]	0.886317604974702	0.11368239502529787	[[-0.7091375202384238, -0.5205218875550698, 0.10835053693590381], [0.277692375771061, -0.20857677293339008, 0.8154394956827935], [-0.45339807974539886, 0.6863756925014844, 0.32996588750109374]]	0.909701934674659	0.13422419058982313	[[-0.7316089608143791, -0.5736333184201593, 0.07431996840117548], [0.2834036409423729, -0.21517299277748855, 0.8442150024017302], [-0.4870280255828202, 0.673265727816442, 0.30177828561482767]]	[[-0.0037617754595343452, -0.03937814229413869, -0.03688925560655848], [-0.0016152846272563144, -0.001093194744911212, 0.007261203143800878], [-0.021667631061561242, -0.03121908877487605, -0.03689331985887102]]	0.4114407277020974	[[-0.4999999999999999, -0.8535533905932737, 0.14644660940672638], [0.5, -0.14644660940672602, 0.8535533905932738], [-0.7071067811865476, 0.5, 0.4999999999999999]]
7	[[0.5219868745328842, 0.6525362703745822, 0.5492960209768695], [-0.8484633314698179, 0.46322645744250823, 0.25599067224491256], [-0.08740525136700361, -0.5996813028358434, 0.7954512285882627]]	0.9118568340561276	0.08814316594387248	[[0.47597729883040885, 0.5950196576105596, 0.5008793306475966], [-0.7736770872467829, 0.42239621093456114, 0.23342684394114582], [-0.07970107579139592, -0.5468234942465463, 0.7253376389465501]]	0.9125136578561389	0.08675231231522378	[[0.4849830753557113, 0.5867853358404966, 0.5134913447175072], [-0.7716970667185541, 0.4374890039044609, 0.24225790783007298], [-0.0945470204485962, -0.5497546906364456, 0.7345230333680511]]	[[0.008662923122815783, -0.008662923122815785, 0.01225122337008157], [0.002537311437775, 0.014788534807856569, 0.008662923122815785], [-0.01478853480785657, -0.0025373114377750003, 0.008662923122815783]]	0.2896773755639417	[[0.7071067811865476, 0.5, 0.4999999999999999], [-0.7071067811865475, 0.5000000000000001, 0.5], [0.0, -0.7071067811865475, 0.7071067811865476]]
7	[[-0.2320176213509193, 0.7258914686476092, -0.6474947097291828], [-0.9237427054821723, 0.04411687515891305, 0.3804643418175869], [0.30474126312519306, 0.6863929465479887, 0.6603010566991635]]	0.9398309858588614	0.060169014141138684	[[-0.21805734981086253, 0.6822152946056192, -0.6085355913831751], [-0.8681620175732419, 0.04146240627361353, 0.3575721774545655], [0.2864052817548248, 0.645093359640765, 0.6205713930812227]]	0.9443849411038406	0.05456868091260113	[[-0.21052685741470437, 0.6996393125275722, -0.6105343849075296], [-0.8793905586703885, 0.04639198552104673, 0.3734231357005327], [0.29939629998296957, 0.6411973042413094, 0.6321654648014803]]	[[0.008587090259836849, 0.014118340661019343, 0.0009498684051129398], [-0.007021858158504526, 0.004728672972411169, 0.014118340661019345], [0.011603240154574083, -0.007021858158504526, 0.008587090259836849]]	0.2739711869016422	[[-0.14644660940672638, 0.8535533905932737, -0.4999999999999999], [-0.8535533905932738, 0.14644660940672602, 0.5], [0.4999999999999999, 0.5, 0.7071067811865476]]
7	[[0.47760876960590826, -0.863333164219942, 0.1629285449315538], [0.019313472734014514, 0.19571911282807325, 0.9804697948660861], [-0.878360320692188, -0.46513425635162037, 0.11015112619370837]]	0.8958317122581652	0.104168287741835	[[0.42785708186557625, -0.7734012267524104, 0.14595655738176525], [0.017301621348963573, 0.17533138796642186, 0.878335935152298], [-0.7868630300653137, -0.41668201729740045, 0.09867687198527501]]	0.9121192235627662	0.1228063372059767	[[0.45903568817602697, -0.7641913404811184, 0.11025677575947684], [0.03704813938191457, 0.1506969216826594, 0.9292358440063909], [-0.791123344010277, -0.44368984638334924, 0.060583009370179776]]	[[0.023399548076317764, 0.023271434943161456, -0.0383534821397032], [0.01943194962746453, -0.02782224354647623, 0.03493049598639177], [0.010045989707823968, -0.01943194962746453, -0.03988795032818988]]	0.34834888349645043	[[0.7071067811865475, -0.7071067811865476, 1.9967346175427393e-16], [-1.268410895014533e-16, 1.2684108950145333e-16, 1.0], [-0.7071067811865476, -0.7071067811865475, 0.0]]
