9	[[-0.8011245690937495, -0.03963348185217799, -0.5971839012487085], [0.07148815852702158, -0.9969981734291763, -0.02973357310014117], [-0.594212813716407, -0.06651187333972096, 0.8015530567093305]]	0.9740140419072554	0.025985958092744732	[[-0.7803065796142111, -0.038603567853697715, -0.5816655054171977], [0.06963047023541091, -0.9710902206759027, -0.02896091771561338], [-0.5787716244410006, -0.06478349858644508, 0.7807239325685705]]	0.9740140419072554	0.025985958092744676	[[-0.7803065796142112, -0.03860356785369771, -0.5816655054171979], [0.0696304702354109, -0.9710902206759028, -0.028960917715613387], [-0.5787716244410005, -0.06478349858644507, 0.7807239325685705]]	[[0.0, 0.0, 0.0], [0.0, 0.0, 0.0], [0.0, 0.0, 0.0]]	0.1652056690138084	[[-0.7071067811865476, -3.2354269956215097e-16, -0.7071067811865475], [2.7817808468846267e-16, -1.0, 1.268410895014533e-16], [-0.7071067811865475, -1.1102230246251565e-16, 0.7071067811865476]]
9	[[0.8434013427351802, 0.37557201465901263, -0.38421327004342964], [0.4843740832070826, -0.2220497303533281, 0.8462125411309575], [0.23249929589096227, -0.89979974386248, -0.3691943910126779]]	0.9240609317139773	0.0759390682860227	[[0.7793542305766903, 0.3470514257915028, -0.35503647229320556], [0.4475911666264402, -0.20518748071713377, 0.7819519491855249], [0.21484351598384627, -0.8314697896695613, -0.3411581129427496]]	0.9240609317139772	0.07593906828602277	[[0.7793542305766901, 0.3470514257915028, -0.35503647229320556], [0.4475911666264402, -0.20518748071713372, 0.7819519491855248], [0.21484351598384627, -0.8314697896695613, -0.34115811294274956]]	[[0.0, 0.0, 0.0], [0.0, 0.0, 0.0], [0.0, 0.0, 0.0]]	0.33325745002180224	[[0.9571067811865475, 0.2500000000000001, -0.14644660940672638], [0.25000000000000017, -0.45710678118654735, 0.8535533905932738], [0.14644660940672638, -0.8535533905932737, -0.4999999999999999]]
9	[[0.8677758745180911, 0.35246868940790826, 0.3503296370440759], [0.30489758050525356, -0.9342923179771935, 0.18475748962043512], [0.39243151887482847, -0.05351343341511783, -0.9182231838925224]]	0.9448395319697716	0.055160468030228366	[[0.8199089511343325, 0.3330263515341669, 0.3310052902998646], [0.2880792872632995, -0.8827563164405245, 0.1745661800208818], [0.3707848126238796, -0.05056160738203547, -0.8675735633128046]]	0.9448395319697717	0.05516046803022859	[[0.8199089511343323, 0.33302635153416676, 0.33100529029986453], [0.2880792872632995, -0.8827563164405245, 0.17456618002088184], [0.3707848126238795, -0.05056160738203548, -0.8675735633128044]]	[[0.0, 0.0, 0.0], [0.0, 0.0, 0.0], [0.0, 0.0, 0.0]]	0.19541878172305285	[[0.8535533905932738, 0.24999999999999992, 0.45710678118654746], [0.14644660940672619, -0.9571067811865475, 0.2499999999999999], [0.4999999999999999, -0.1464466094067262, -0.8535533905932738]]
9	[[-0.011589893598810297, 0.9826435305367112, 0.18514147633827627], [0.11227511405049562, -0.182704212732111, 0.9767361309048049], [0.9936095677535101, 0.03210704820265742, -0.10820889207637127]]	0.9494545336394085	0.05054546636059153	[[-0.011004077021788796, 0.932975355019515, 0.17578341407406992], [0.10660011605012468, -0.17346934309352194, 0.9273665476569818], [0.9433871087710631, 0.030484182477792103, -0.10273942316200815]]	0.9494545336394086	0.05054546636059138	[[-0.01100407702178879, 0.9329753550195151, 0.17578341407406986], [0.10660011605012476, -0.17346934309352194, 0.9273665476569819], [0.9433871087710635, 0.030484182477792113, -0.10273942316200818]]	[[0.0, 0.0, 0.0], [0.0, 0.0, 0.0], [0.0, 0.0, 0.0]]	0.21681967347308356	[[0.0, 0.9999999999999999, 4.677050100851671e-16], [0.0, -4.47411937370028e-16, 1.0], [1.0, 0.0, 0.0]]
9	[[0.6153023296687069, 0.7313682018673757, -0.2941149373995541], [-0.35367086285074184, -0.07732112734721036, -0.9321686349776892], [-0.7044997969301864, 0.6775854164332626, 0.21108775322668094]]	0.9439824777512753	0.056017522248724784	[[0.580834617726798, 0.6903987673472601, -0.27763934735009227], [-0.33385909742227465, -0.07298978937574148, -0.8799508577282631], [-0.6650354638814279, 0.6396287602928009, 0.19926314031387202]]	0.9439824777512754	0.05601752224872472	[[0.5808346177267981, 0.6903987673472601, -0.27763934735009227], [-0.3338590974222747, -0.07298978937574149, -0.8799508577282633], [-0.6650354638814279, 0.639628760292801, 0.19926314031387202]]	[[0.0, 0.0, 0.0], [0.0, 0.0, 0.0], [0.0, 0.0, 0.0]]	0.3268655983757467	[[0.7071067811865476, 0.5, -0.4999999999999999], [-0.5, -0.14644660940672602, -0.8535533905932738], [-0.4999999999999999, 0.8535533905932737, 0.14644660940672638]]
9	[[0.5703528252803276, 0.5739516156578184, -0.5876029250935769], [-0.5509578072563881, -0.26325551186259916, -0.7919229950551969], [-0.609215191305979, 0.7754199367811874, 0.16607459867264057]]	0.9544710751398904	0.04552892486010967	[[0.5443852743543884, 0.547820215675195, -0.5608499956694109], [-0.5258732906487215, -0.2512697714439972, -0.7558675925183359], [-0.5814782786373719, 0.7401159007444457, 0.15851340074850107]]	0.9544710751398905	0.0455289248601095	[[0.5443852743543885, 0.547820215675195, -0.5608499956694109], [-0.5258732906487212, -0.25126977144399726, -0.755867592518336], [-0.5814782786373718, 0.740115900744446, 0.1585134007485011]]	[[0.0, 0.0, 0.0], [0.0, 0.0, 0.0], [0.0, 0.0, 0.0]]	0.187486178752045	[[0.7071067811865476, 0.5, -0.4999999999999999], [-0.5, -0.14644660940672602, -0.8535533905932738], [-0.4999999999999999, 0.8535533905932737, 0.14644660940672638]]
9	[[0.2023859315102588, -0.1060602062400518, 0.9735456678446278], [0.6690322325666673, 0.7409383789188091, -0.0583625773250962], [-0.7151474019484273, 0.6631451962409777, 0.2209132005764473]]	0.9445920422874924	0.05540795771250745	[[0.19117214037553187, -0.10018362681772322, 0.9196034906494979], [0.6319625229163088, 0.6998844965521018, -0.05512882610867432], [-0.6755225449430594, 0.6264016752504052, 0.20867285130077284]]	0.9445920422874925	0.05540795771250745	[[0.19117214037553193, -0.10018362681772319, 0.9196034906494979], [0.6319625229163089, 0.699884496552102, -0.05512882610867433], [-0.6755225449430593, 0.626401675250405, 0.20867285130077284]]	[[0.0, 0.0, 0.0], [0.0, 0.0, 0.0], [0.0, 0.0, 0.0]]	0.23421039443477923	[[2.2160455219980553e-16, 2.2160455219980555e-16, 1.0], [0.7071067811865475, 0.7071067811865476, -2.7817808468846267e-16], [-0.7071067811865476, 0.7071067811865475, 0.0]]
9	[[0.8706842278162519, 0.40148237992419594, 0.28411419190603826], [0.48700467489959137, -0.7845539150430676, -0.3837989070027929], [0.06881440298339332, 0.4725325946440084, -0.8786225156123877]]	0.9071493402627276	0.09285065973727233	[[0.7898406228406755, 0.36420447607534406, 0.2577340017468406], [0.44178596954002836, -0.7117075664318592, -0.34816292528113946], [0.06242494026695871, 0.42865763148394703, -0.7970418353777559]]	0.9071493402627276	0.09285065973727247	[[0.7898406228406752, 0.3642044760753442, 0.2577340017468405], [0.44178596954002847, -0.711707566431859, -0.3481629252811395], [0.06242494026695873, 0.42865763148394714, -0.7970418353777557]]	[[0.0, 0.0, 0.0], [0.0, 0.0, 0.0], [0.0, 0.0, 0.0]]	0.39696767162163493	[[0.7071067811865476, 0.5000000000000001, 0.4999999999999997], [0.7071067811865475, -0.5000000000000003, -0.4999999999999998], [0.0, 0.7071067811865472, -0.7071067811865478]]
9	[[0.5388625488158765, 0.700060485213946, -0.46855359408041286], [-0.17010925617958866, -0.45432840348109804, -0.874441846409665], [-0.8250393896328132, 0.550909265516865, -0.12573379307880614]]	0.9273230660843732	0.07267693391562673	[[0.4996996709659788, 0.6491822355931105, -0.43450055548750127], [-0.15774623700978826, -0.4213092081253101, -0.8108900941250914], [-0.7650780564346803, 0.5108708692333894, -0.11659584650825668]]	0.9273230660843735	0.07267693391562667	[[0.4996996709659791, 0.6491822355931106, -0.43450055548750144], [-0.15774623700978826, -0.42130920812531025, -0.810890094125091], [-0.7650780564346804, 0.5108708692333894, -0.11659584650825669]]	[[0.0, 0.0, 0.0], [0.0, 0.0, 0.0], [0.0, 0.0, 0.0]]	0.38175364498685527	[[0.5000000000000001, 0.5000000000000001, -0.7071067811865474], [-0.49999999999999983, -0.4999999999999999, -0.7071067811865477], [-0.7071067811865476, 0.7071067811865475, 0.0]]
9	[[0.7983197949725356, -0.14272590074337235, -0.5850767660845899], [0.4905325911139221, -0.4095002147242297, 0.7692121626676685], [-0.3493755601212979, -0.9010765180592617, -0.2569004215491415]]	0.9518915945350406	0.04810840546495971	[[0.7599139025852933, -0.13585958524005864, -0.5569296557936653], [0.46693385032683626, -0.38979981235628863, 0.7322065920574741], [-0.33256765901543506, -0.8577271635735129, -0.24454135190513637]]	0.9518915945350406	0.04810840546495945	[[0.7599139025852935, -0.13585958524005867, -0.5569296557936654], [0.4669338503268365, -0.3897998123562885, 0.7322065920574738], [-0.3325676590154352, -0.8577271635735129, -0.24454135190513634]]	[[0.0, 0.0, 0.0], [0.0, 0.0, 0.0], [0.0, 0.0, 0.0]]	0.18599547418185558	[[0.8535533905932738, -0.1464466094067262, -0.4999999999999999], [0.4571067811865474, -0.2500000000000001, 0.8535533905932738], [-0.24999999999999994, -0.9571067811865475, -0.14644660940672638]]
9	[[0.20231817389064605, -0.6994113589449509, -0.6854860374160302], [-0.8413567112351195, 0.2340817656053938, -0.48715973917256866], [0.5011848371341435, 0.6752995468603828, -0.5410954454040282]]	0.9439361001355945	0.05606389986440558	[[0.19097542804889145, -0.6601996305530335, -0.6470550168558896], [-0.7941869728261883, 0.22095822893840972, -0.4598476643376279], [0.4730864606114964, 0.637439620686724, -0.5107595245358109]]	0.9439361001355944	0.05606389986440558	[[0.19097542804889142, -0.6601996305530334, -0.6470550168558898], [-0.7941869728261882, 0.2209582289384097, -0.45984766433762786], [0.47308646061149634, 0.6374396206867239, -0.510759524535811]]	[[0.0, 0.0, 0.0], [0.0, 0.0, 0.0], [0.0, 0.0, 0.0]]	0.2525580311325375	[[0.1464466094067265, -0.8535533905932736, -0.5000000000000001], [-0.8535533905932736, 0.14644660940672619, -0.5000000000000002], [0.5000000000000001, 0.5000000000000001, -0.7071067811865474]]
9	[[0.5366695897887676, 0.8400312153292252, -0.07958208761059785], [0.7684311562343987, -0.447598556932012, 0.45735007375165615], [0.348567510712374, -0.30659923206832285, -0.8857186920071709]]	0.9057865654747289	0.0942134345252711	[[0.4861081045294994, 0.7608889894246215, -0.0720843858101124], [0.6960346178093308, -0.4054287595948921, 0.4142615525231267], [0.31572776836423705, -0.27771346539235553, -0.8022720920099446]]	0.9081479017109528	0.14075109977857672	[[0.5436123261402002, 0.7652765497656885, -0.02306021082248106], [0.6414417677229645, -0.4006738399497672, 0.4784706660626013], [0.32202382112354166, -0.3546358840198773, -0.7978544542444103]]	[[0.05623696426145312, 0.002403964192750925, 0.04921209505486058], [-0.056407374420626155, 0.005811850336889965, 0.06312915623768538], [0.0054729676654891365, -0.07619843475084047, 0.006509117408071729]]	0.37581147560262207	[[0.7071067811865476, 0.7071067811865475, 0.0], [0.5000000000000001, -0.5000000000000002, 0.7071067811865472], [0.4999999999999998, -0.49999999999999983, -0.7071067811865478]]
9	[[0.511206875187014, 0.8459474298653378, 0.15179089783566851], [-0.8586320663191376, 0.5104270682068909, 0.047065727767094744], [-0.037663051523436505, -0.15439285587729631, 0.9872914162515521]]	0.9527373424881274	0.04726265751187249	[[0.48704587972733554, 0.8059657062145635, 0.14461685661784168], [-0.8180508330399849, 0.48630292849743945, 0.04484127639509148], [-0.03588299561843232, -0.14709583920768773, 0.9406294001808435]]	0.9527373424881276	0.04726265751187257	[[0.48704587972733565, 0.8059657062145634, 0.1446168566178417], [-0.8180508330399848, 0.4863029284974394, 0.044841276395091514], [-0.03588299561843231, -0.14709583920768776, 0.9406294001808437]]	[[0.0, 0.0, 0.0], [0.0, 0.0, 0.0], [0.0, 0.0, 0.0]]	0.21001354284872886	[[0.4999999999999999, 0.8535533905932737, 0.14644660940672638], [-0.8535533905932738, 0.45710678118654735, 0.25000000000000017], [0.14644660940672638, -0.2500000000000001, 0.9571067811865475]]
9	[[0.8076735082395426, -0.3067057453339202, -0.5035822572998319], [0.0850908944562452, -0.7844955095899794, 0.6142689436344596], [-0.5834578337537903, -0.5389790174137795, -0.6075183742233737]]	0.9602121616903663	0.039787838309633894	[[0.775537925286733, -0.2945025867299385, -0.4835458078707857], [0.08170531170599796, -0.7532821290997798, 0.5898285102265022], [-0.5602433078039052, -0.5175342074166347, -0.5833465313796428]]	0.9602121616903662	0.039787838309633984	[[0.7755379252867332, -0.2945025867299385, -0.48354580787078577], [0.08170531170599794, -0.7532821290997795, 0.589828510226502], [-0.5602433078039053, -0.5175342074166349, -0.5833465313796425]]	[[0.0, 0.0, 0.0], [0.0, 0.0, 0.0], [0.0, 0.0, 0.0]]	0.18411153901949226	[[0.8535533905932737, -0.14644660940672652, -0.4999999999999999], [0.14644660940672588, -0.8535533905932738, 0.5], [-0.5000000000000001, -0.49999999999999983, -0.7071067811865476]]
9	[[-0.1979434622679918, 0.9682888025830232, -0.1524309041424854], [-0.9591958066328183, -0.15931265816426138, 0.2335869891210864], [0.2018954934697093, 0.19244810142210464, 0.9603134581872996]]	0.9266877223096228	0.07331227769037735	[[-0.18343177619520623, 0.8973013450035737, -0.14125584736939623], [-0.8888749772975078, -0.14763308432933103, 0.2164621949097822], [0.18709407498802222, 0.17833929276966143, 0.8899106912708658]]	0.9266877223096227	0.07331227769037736	[[-0.18343177619520623, 0.8973013450035738, -0.14125584736939623], [-0.888874977297508, -0.14763308432933103, 0.21646219490978222], [0.18709407498802222, 0.1783392927696614, 0.8899106912708658]]	[[0.0, 0.0, 0.0], [0.0, 0.0, 0.0], [0.0, 0.0, 0.0]]	0.33496556927072274	[[-4.677050100851671e-16, 0.9999999999999999, 0.0], [-1.0, -4.47411937370028e-16, 0.0], [0.0, 0.0, 1.0]]
9	[[-0.048811022471290655, 0.8404542750081037, 0.5396796232079825], [-0.1921970497933101, 0.5223223691777455, -0.8308066181171734], [-0.9801417132925497, -0.1442773519203538, 0.13603774324354012]]	0.9697978565785824	0.030202143421417492	[[-0.0473368249700667, 0.8150707544551655, 0.5233801418262385], [-0.18639228693027918, 0.5065471140716248, -0.8057144774813356], [-0.9505393326943744, -0.13991986664519293, 0.1319291118113727]]	0.9697978565785826	0.030202143421417537	[[-0.047336824970066714, 0.8150707544551655, 0.5233801418262386], [-0.1863922869302792, 0.5065471140716247, -0.8057144774813355], [-0.9505393326943744, -0.13991986664519293, 0.13192911181137282]]	[[0.0, 0.0, 0.0], [0.0, 0.0, 0.0], [0.0, 0.0, 0.0]]	0.12491330533591376	[[-0.14644660940672638, 0.8535533905932737, 0.4999999999999999], [-0.25000000000000017, 0.45710678118654735, -0.8535533905932738], [-0.9571067811865475, -0.2500000000000001, 0.14644660940672638]]
9	[[-0.13714492618686602, -0.09186257958165817, -0.9862821785340151], [0.9849622221878442, -0.11826677366833438, -0.12594598488585185], [-0.1050746881222272, -0.9887235390738337, 0.10670085846576022]]	0.9459018373593098	0.05409816264069027	[[-0.12972563766466336, -0.08689298281085625, -0.9329261248300678], [0.9316775756969906, -0.11186875851143514, -0.11913253851155503], [-0.09939034055477115, -0.9352354122503386, 0.10092853807057815]]	0.9459018373593099	0.054098162640690124	[[-0.1297256376646634, -0.0868929828108562, -0.9329261248300678], [0.9316775756969907, -0.11186875851143509, -0.11913253851155506], [-0.09939034055477114, -0.9352354122503388, 0.10092853807057817]]	[[0.0, 0.0, 0.0], [0.0, 0.0, 0.0], [0.0, 0.0, 0.0]]	0.2000801344569404	[[-3.133961632045815e-16, 3.941495556579804e-32, -1.0], [1.0, -1.7938038903913487e-16, -2.7817808468846267e-16], [-1.9967346175427393e-16, -1.0, 0.0]]
9	[[0.9108526935290702, 0.369894861597951, -0.1830987767689077], [-0.28482357056054014, 0.8843967298970963, 0.3697539151928853], [0.2987020327081532, -0.28464050223177145, 0.9109099187873969]]	0.9326027443174673	0.06739725568253269	[[0.849463721654168, 0.344964963035179, -0.17075842169585467], [-0.2656272435510596, 0.8247908173674259, 0.34483351603101287], [0.27857033543682963, -0.2654565135252523, 0.8495170900871277]]	0.9326027443174671	0.06739725568253269	[[0.8494637216541678, 0.344964963035179, -0.17075842169585467], [-0.2656272435510596, 0.8247908173674258, 0.344833516031013], [0.2785703354368295, -0.26545651352525224, 0.8495170900871277]]	[[0.0, 0.0, 0.0], [0.0, 0.0, 0.0], [0.0, 0.0, 0.0]]	0.25597583853445627	[[0.7803300858899106, 0.573223304703363, -0.24999999999999994], [-0.4267766952966369, 0.7803300858899107, 0.4571067811865474], [0.45710678118654746, -0.24999999999999992, 0.8535533905932738]]
9	[[-0.7147397866006825, 0.47804333933038157, 0.5105111195379277], [0.6441331517519284, 0.16556701204019203, 0.7467797850358632], [0.2724693015077806, 0.8625903606266073, -0.42626089369061476]]	0.9375470795576785	0.062452920442321494	[[-0.6701021995711482, 0.44818813669119956, 0.4786282092045051], [0.6039051552713034, 0.15522686860937304, 0.7001412065330844], [0.2554527978977403, 0.8087190734600805, -0.3996396560092819]]	0.9375470795576782	0.06245292044232181	[[-0.6701021995711479, 0.4481881366911994, 0.47862820920450483], [0.6039051552713033, 0.155226868609373, 0.7001412065330842], [0.2554527978977402, 0.8087190734600802, -0.39963965600928186]]	[[0.0, 0.0, 0.0], [0.0, 0.0, 0.0], [0.0, 0.0, 0.0]]	0.32539872092771993	[[-0.4999999999999999, 0.5, 0.7071067811865476], [0.8535533905932738, 0.14644660940672602, 0.5], [0.14644660940672638, 0.8535533905932737, -0.4999999999999999]]
9	[[-0.4317850840940142, 0.8067077608929694, 0.4034652769061755], [-0.8878263375968627, -0.45904284438783466, -0.032311937200791035], [0.1591415578133718, -0.3721589116645979, 0.9144242500313273]]	0.9526333501085008	0.047366649891499295	[[-0.4113328711873615, 0.7684967168179969, 0.3843544783915838], [-0.8457729782994602, -0.43729952269251826, -0.03078142898408507], [0.15160355536123798, -0.3545309907917796, 0.8711110367277967]]	0.9526333501085007	0.04736664989149926	[[-0.4113328711873616, 0.7684967168179968, 0.384354478391584], [-0.8457729782994601, -0.43729952269251815, -0.030781428984085063], [0.15160355536123798, -0.35453099079177947, 0.8711110367277968]]	[[0.0, 0.0, 0.0], [0.0, 0.0, 0.0], [0.0, 0.0, 0.0]]	0.1731779383691843	[[-0.49999999999999983, 0.7071067811865477, 0.4999999999999999], [-0.8535533905932737, -0.49999999999999983, -0.14644660940672619], [0.1464466094067261, -0.49999999999999994, 0.8535533905932738]]
9	[[0.4811460874291297, -0.5569646813589093, -0.6769702994005047], [0.28537953366574575, -0.6306542773568745, 0.7216880934421741], [-0.8288889939650315, -0.5404308708523664, -0.14449051703620916]]	0.9331540640330561	0.06684593596694387	[[0.44898342687809656, -0.5197338559329423, -0.6317175861152559], [0.2663030716320491, -0.5884976019153978, 0.6734461773598326], [-0.7734811333507404, -0.5043052634648094, -0.1348319131865761]]	0.9331540640330559	0.06684593596694408	[[0.4489834268780965, -0.5197338559329422, -0.6317175861152557], [0.26630307163204897, -0.5884976019153976, 0.6734461773598325], [-0.7734811333507403, -0.5043052634648094, -0.1348319131865761]]	[[0.0, 0.0, 0.0], [0.0, 0.0, 0.0], [0.0, 0.0, 0.0]]	0.2562645389559499	[[0.4999999999999997, -0.5000000000000001, -0.7071067811865476], [0.4999999999999998, -0.5000000000000003, 0.7071067811865475], [-0.7071067811865478, -0.7071067811865472, 0.0]]
9	[[-0.6025847497358183, -0.5627740937894159, -0.565841796569786], [-0.05773503450399975, -0.6764267119426086, 0.7342435353214446], [-0.7959637461446616, 0.4751128526255769, 0.37511263920767013]]	0.9627999488169416	0.037200051183058316	[[-0.5801685662035155, -0.5418388686959503, -0.5447924527758763], [-0.055587288265395385, -0.6512636036367558, 0.7069296382266572], [-0.7663538540482213, 0.4574386301901765, 0.36115842982973273]]	0.9627999488169414	0.03720005118305855	[[-0.5801685662035153, -0.5418388686959502, -0.5447924527758763], [-0.05558728826539537, -0.6512636036367556, 0.706929638226657], [-0.7663538540482213, 0.45743863019017644, 0.3611584298297327]]	[[0.0, 0.0, 0.0], [0.0, 0.0, 0.0], [0.0, 0.0, 0.0]]	0.15544029654477107	[[-0.7071067811865475, -0.49999999999999994, -0.5000000000000001], [-1.268410895014533e-16, -0.7071067811865476, 0.7071067811865475], [-0.7071067811865476, 0.5, 0.4999999999999999]]
9	[[-0.9512982242440221, -0.26632565387263285, -0.15524926614797568], [-0.28936275749252405, 0.9451100598101759, 0.15177670908913832], [0.10630561192379806, 0.1893082695893678, -0.9761462472081662]]	0.9173203433215519	0.08267965667844814	[[-0.872645213664709, -0.2443059402457804, -0.14241331012327998], [-0.26543834404751315, 0.8669686845417232, 0.13922786288986358], [0.09751630042694606, 0.17365632685332766, -0.8954388106210395]]	0.917320343321552	0.08267965667844815	[[-0.8726452136647092, -0.24430594024578037, -0.14241331012328004], [-0.2654383440475132, 0.866968684541723, 0.13922786288986355], [0.09751630042694612, 0.1736563268533277, -0.8954388106210395]]	[[0.0, 0.0, 0.0], [0.0, 0.0, 0.0], [0.0, 0.0, 0.0]]	0.35699505422013356	[[-1.0, -3.133961632045815e-16, 0.0], [-2.7817808468846267e-16, 1.0, 0.0], [0.0, 0.0, -1.0]]
9	[[0.31358954156160956, 0.32022056906021157, -0.893935336908623], [-0.7749177473382989, -0.45777931064204774, -0.4358217383383115], [-0.5487841873481009, 0.8293954966714284, 0.10458979786689793]]	0.9436246834688161	0.05637531653118391	[[0.295910831895205, 0.3021680331196463, -0.8435394493319889], [-0.7312315140464705, -0.43197185710317515, -0.41125214988831826], [-0.5178463050790431, 0.7826380630170383, 0.09869351490621903]]	0.9436246834688162	0.056375316531183856	[[0.29591083189520495, 0.3021680331196464, -0.8435394493319891], [-0.7312315140464702, -0.4319718571031752, -0.41125214988831843], [-0.5178463050790433, 0.7826380630170383, 0.09869351490621905]]	[[0.0, 0.0, 0.0], [0.0, 0.0, 0.0], [0.0, 0.0, 0.0]]	0.20283928124494185	[[0.14644660940672638, 0.2500000000000001, -0.9571067811865475], [-0.8535533905932738, -0.45710678118654735, -0.25000000000000017], [-0.4999999999999999, 0.8535533905932737, 0.14644660940672638]]
9	[[-0.6195752977719757, 0.6381387633459072, 0.45706166882175114], [0.5448782585382363, -0.06948620364724613, 0.835631109326976], [0.5650080829183833, 0.7667793595409634, -0.304656002761875]]	0.9612800654427655	0.03871993455723455	[[-0.5955853827889658, 0.6134300721907192, 0.43936427091635255], [0.523780608025976, -0.06679570238939413, 0.8032755274598464], [0.5431310069234752, 0.737089712919699, -0.2928597422724665]]	0.9612800654427652	0.038719934557234784	[[-0.5955853827889656, 0.6134300721907191, 0.4393642709163525], [0.5237806080259758, -0.06679570238939414, 0.803275527459846], [0.543131006923475, 0.7370897129196992, -0.29285974227246636]]	[[0.0, 0.0, 0.0], [0.0, 0.0, 0.0], [0.0, 0.0, 0.0]]	0.1918748870714154	[[-0.7071067811865476, 0.5, 0.4999999999999999], [0.5, -0.14644660940672602, 0.8535533905932738], [0.4999999999999999, 0.8535533905932737, -0.14644660940672638]]
9	[[-0.06806473341269687, 0.662577969415037, -0.7458938439961176], [-0.9098273039671204, 0.2655430850439849, 0.3189061726295745], [0.4093671567448706, 0.700340848752355, 0.5847574082877884]]	0.9398846359402948	0.06011536405970529	[[-0.06397299718396585, 0.6227468535657118, -0.701054164014398], [-0.8551327043576769, 0.24957986581302846, 0.29973501196106045], [0.38475790108306634, 0.6582396036637241, 0.5496045038019584]]	0.9398846359402948	0.060115364059705245	[[-0.06397299718396583, 0.6227468535657119, -0.701054164014398], [-0.8551327043576769, 0.2495798658130285, 0.2997350119610605], [0.3847579010830663, 0.6582396036637242, 0.5496045038019585]]	[[0.0, 0.0, 0.0], [0.0, 0.0, 0.0], [0.0, 0.0, 0.0]]	0.30607213033270847	[[0.14644660940672627, 0.49999999999999983, -0.8535533905932738], [-0.8535533905932736, 0.5000000000000001, 0.14644660940672619], [0.5000000000000001, 0.7071067811865475, 0.4999999999999999]]
9	[[0.6392458436810273, -0.42249799911284014, -0.642541976902815], [0.5964188253930831, -0.25505911223508765, 0.7610712410691811], [-0.4854372627366653, -0.869735758728762, 0.08894028297255557]]	0.9531100572473024	0.04688994275269779	[[0.6092716426659239, -0.40268709212130976, -0.6124132203896367], [0.5684527808137702, -0.2430994050638305, 0.7253846541447226], [-0.4626751372769169, -0.8289538987919961, 0.08476987819556374]]	0.9531100572473022	0.04688994275269778	[[0.609271642665924, -0.40268709212130965, -0.6124132203896367], [0.5684527808137702, -0.2430994050638305, 0.7253846541447226], [-0.4626751372769168, -0.8289538987919961, 0.0847698781955637]]	[[0.0, 0.0, 0.0], [0.0, 0.0, 0.0], [0.0, 0.0, 0.0]]	0.17938368896927373	[[0.7071067811865476, -0.5, -0.4999999999999999], [0.5, -0.14644660940672602, 0.8535533905932738], [-0.4999999999999999, -0.8535533905932737, 0.14644660940672638]]
9	[[-0.7565373765452967, 0.581550495723293, 0.2990822943839241], [0.05028910555470567, 0.5077298103841723, -0.8600473507370163], [-0.6520139597834296, -0.6356173853594982, -0.4133622330067026]]	0.953035674495754	0.046964325504246	[[-0.7210071089370951, 0.5542383689449888, 0.2850360961579208], [0.04792731163211705, 0.483884622301081, -0.8196558070079388], [-0.6213925639428483, -0.6057660435773169, -0.3939489545446138]]	0.9530356744957539	0.04696432550424625	[[-0.7210071089370949, 0.5542383689449887, 0.2850360961579208], [0.04792731163211704, 0.4838846223010809, -0.8196558070079385], [-0.6213925639428481, -0.6057660435773169, -0.39394895454461365]]	[[0.0, 0.0, 0.0], [0.0, 0.0, 0.0], [0.0, 0.0, 0.0]]	0.20546716288892133	[[-0.8535533905932736, 0.5, 0.14644660940672638], [0.14644660940672613, 0.5, -0.8535533905932738], [-0.5000000000000001, -0.7071067811865475, -0.4999999999999999]]
9	[[0.8741664903139315, -0.15370841972864166, -0.46065895076156604], [0.4523572401227667, -0.08732656712286135, 0.8875511241517584], [-0.17665184550617297, -0.9842498627782785, -0.006806842160875459]]	0.9662329918186193	0.03376700818138069	[[0.8446485032836121, -0.1485181462621175, -0.4451038762023741], [0.43708248949463446, -0.0843778102163718, 0.8575811780811324], [-0.17068684119371, -0.9510146896093217, -0.006576995465939809]]	0.9662329918186193	0.03376700818138083	[[0.8446485032836121, -0.14851814626211754, -0.4451038762023739], [0.43708248949463435, -0.08437781021637177, 0.8575811780811323], [-0.17068684119371003, -0.9510146896093215, -0.006576995465939811]]	[[0.0, 0.0, 0.0], [0.0, 0.0, 0.0], [0.0, 0.0, 0.0]]	0.16625637575490218	[[0.8535533905932738, -0.1464466094067262, -0.4999999999999999], [0.4571067811865474, -0.2500000000000001, 0.8535533905932738], [-0.24999999999999994, -0.9571067811865475, -0.14644660940672638]]
9	[[-0.24698665360156102, 0.8466372453907605, -0.4713840978011963], [-0.6254476894109686, -0.5108406865688171, -0.5897940155311683], [-0.7401437568156493, 0.1491548445845619, 0.6556981405980744]]	0.9613321187687168	0.03866788123128326	[[-0.23743620301438378, 0.8138995769400097, -0.4531566734931041], [-0.6012629524404448, -0.4910875595724669, -0.5669879305876876], [-0.7115239659330262, 0.14338734276909557, 0.6303436827738549]]	0.9613321187687169	0.0386678812312831	[[-0.23743620301438384, 0.8138995769400099, -0.4531566734931041], [-0.6012629524404448, -0.49108755957246697, -0.5669879305876875], [-0.7115239659330261, 0.1433873427690956, 0.6303436827738549]]	[[0.0, 0.0, 0.0], [0.0, 0.0, 0.0], [0.0, 0.0, 0.0]]	0.19710773984855642	[[-0.1464466094067263, 0.8535533905932736, -0.5000000000000001], [-0.4999999999999999, -0.5000000000000001, -0.7071067811865475], [-0.8535533905932738, 0.1464466094067262, 0.4999999999999999]]
9	[[0.1615105106326433, 0.7484963581880271, -0.6431699283505437], [0.2746907081173145, -0.6600677628887605, -0.6991820673251248], [-0.9478709668668996, -0.06374755033950519, -0.3122128760902104]]	0.9257802388772179	0.07421976112278218	[[0.14952323911466997, 0.6929431372820394, -0.5954340099070095], [0.25430322937819955, -0.6110776912023075, -0.6472889413069209], [-0.8775202101308179, -0.05901622238114458, -0.28904051100733824]]	0.9257802388772177	0.07421976112278227	[[0.14952323911466994, 0.6929431372820393, -0.5954340099070092], [0.25430322937819955, -0.6110776912023075, -0.647288941306921], [-0.8775202101308177, -0.05901622238114457, -0.2890405110073382]]	[[0.0, 0.0, 0.0], [0.0, 0.0, 0.0], [0.0, 0.0, 0.0]]	0.28214290691736477	[[0.14644660940672638, 0.8535533905932737, -0.4999999999999999], [0.4999999999999997, -0.5, -0.7071067811865477], [-0.8535533905932738, -0.14644660940672594, -0.49999999999999983]]
9	[[0.2474980822640765, 0.6766944151993265, -0.6934186092928614], [-0.6725024223343065, 0.6351887809349719, 0.37983641811816093], [0.6974849039442319, 0.37231690938283457, 0.612286638558706]]	0.945392448228699	0.05460755177130131	[[0.2339828179235432, 0.6397417898879788, -0.6555527166867177], [-0.6357787114903604, 0.6005026766955157, 0.35909448125114785], [0.6593969609423963, 0.3519855944783807, 0.5788511642447356]]	0.9439780118447177	0.0524647718325303	[[0.2419214827249721, 0.640194163238875, -0.6563240080937064], [-0.6374400156619724, 0.6096491553899589, 0.36125364557706147], [0.6590781556706091, 0.354604545144126, 0.5907651629582248]]	[[0.008288735093948762, 0.0014095145525909725, -0.001752087917302121], [-0.002612516066077155, 0.010044912816894158, 0.0026964187756610145], [0.0006677427536292866, 0.003145569248747976, 0.012780039212492234]]	0.2502840133549185	[[1.9967346175427393e-16, 0.7071067811865476, -0.7071067811865475], [-0.7071067811865476, 0.5, 0.4999999999999999], [0.7071067811865475, 0.49999999999999994, 0.5000000000000002]]
9	[[-0.9645173536663985, 0.2631232422499032, 0.021735543799654512], [0.24053004160075506, 0.8417770646002551, 0.48327701435151793], [0.10886493266386094, 0.47135711822447, -0.8751976311298015]]	0.9048981507447503	0.09510184925524978	[[-0.8727899696939443, 0.23809973532990036, 0.019668453389738893], [0.2176551898430811, 0.761722509096115, 0.43731647658413275], [0.0985116762484795, 0.42653018462169745, -0.7919647179455437]]	0.9167994216114284	0.14764403591312786	[[-0.8825395084349493, 0.23784033537412985, -0.018943798973720716], [0.21889653640040913, 0.725465062775116, 0.4438894323931521], [0.026790577431505362, 0.42494563341943137, -0.7971911779349407]]	[[0.0017294435405902577, -0.003390900933105158, -0.038870932957653835], [-0.0016212666193358496, -0.04627566317616387, 0.0008213451575824139], [-0.07301672986848945, -0.00719429994119241, 0.005189504080553571]]	0.3825832290633645	[[-1.0, 0.0, 0.0], [0.0, 0.7071067811865478, 0.7071067811865472], [0.0, 0.7071067811865472, -0.7071067811865478]]
9	[[0.40945118502923766, -0.6319690739801498, 0.6580006205246504], [0.1566510016798315, 0.7592176555418734, 0.6317032651381553], [-0.89878261595942, -0.15557519418651922, 0.40986115722640565]]	0.9531376656271101	0.04686233437288984	[[0.3902633466870215, -0.6023535279219664, 0.6271651754280552], [0.14930997005926314, 0.7236389439060688, 0.6021001755028048], [-0.856663564481789, -0.14828457741642326, 0.3906541066300022]]	0.9531376656271103	0.046862334372889836	[[0.3902633466870216, -0.6023535279219664, 0.6271651754280553], [0.14930997005926314, 0.7236389439060686, 0.6021001755028047], [-0.8566635644817892, -0.1482845774164233, 0.3906541066300023]]	[[0.0, 0.0, 0.0], [0.0, 0.0, 0.0], [0.0, 0.0, 0.0]]	0.17976300347403043	[[0.4999999999999999, -0.5, 0.7071067811865476], [0.14644660940672619, 0.8535533905932737, 0.5], [-0.8535533905932738, -0.1464466094067262, 0.4999999999999999]]
9	[[0.3502993174823247, 0.16132854553037096, 0.9226394141637744], [0.9363424150508688, -0.08505486977734195, -0.3406296389098664], [0.023521691013278723, 0.9832287473036041, -0.18085342277010252]]	0.9395858928850309	0.06041410711496905	[[0.32913629699364694, 0.151582025499997, 0.8668989777679919], [0.8797741240916969, -0.07991635576396391, -0.3200508034182325], [0.022100649052877376, 0.9238278604454874, -0.16992732471476074]]	0.9395858928850309	0.06041410711496927	[[0.329136296993647, 0.15158202549999697, 0.8668989777679916], [0.8797741240916968, -0.07991635576396397, -0.3200508034182324], [0.022100649052877397, 0.9238278604454871, -0.16992732471476077]]	[[0.0, 0.0, 0.0], [0.0, 0.0, 0.0], [0.0, 0.0, 0.0]]	0.21863969226566402	[[0.4999999999999999, 0.1464466094067262, 0.8535533905932738], [0.8535533905932738, -0.2500000000000001, -0.4571067811865474], [0.14644660940672638, 0.9571067811865475, -0.24999999999999994]]
9	[[-0.8000941381037605, -0.5872859623158753, 0.12224798010076363], [0.31331023350144005, -0.23532960618484317, 0.9200308005910233], [-0.511552605071339, 0.7744127936182373, 0.37228854041606435]]	0.9324872743846815	0.06751272561531844	[[-0.7460776020915367, -0.5476366862843154, 0.11399468576319387], [0.29215780567458594, -0.21944186305332486, 0.8579170135930797], [-0.4770162944073563, 0.7221300751696971, 0.3471543263372272]]	0.9324872743846815	0.06751272561531853	[[-0.7460776020915367, -0.5476366862843153, 0.1139946857631939], [0.292157805674586, -0.21944186305332478, 0.8579170135930797], [-0.4770162944073564, 0.7221300751696971, 0.3471543263372271]]	[[0.0, 0.0, 0.0], [0.0, 0.0, 0.0], [0.0, 0.0, 0.0]]	0.32090530119919647	[[-0.8535533905932738, -0.4999999999999998, -0.14644660940672638], [0.14644660940672596, -0.5, 0.8535533905932738], [-0.49999999999999983, 0.7071067811865477, 0.4999999999999999]]
9	[[0.5219868745328842, 0.6525362703745822, 0.5492960209768695], [-0.8484633314698179, 0.46322645744250823, 0.25599067224491256], [-0.08740525136700361, -0.5996813028358434, 0.7954512285882627]]	0.9706103541970635	0.029389645802936463	[[0.506645865176581, 0.6333584605147041, 0.5331524054793969], [-0.8235272946811406, 0.4496123959317239, 0.24846719705877898], [-0.08483644198801073, -0.5820568817508546, 0.7720731987265429]]	0.9706103541970635	0.029389645802936674	[[0.5066458651765806, 0.6333584605147038, 0.5331524054793968], [-0.8235272946811404, 0.4496123959317239, 0.248467197058779], [-0.08483644198801073, -0.5820568817508545, 0.7720731987265431]]	[[0.0, 0.0, 0.0], [0.0, 0.0, 0.0], [0.0, 0.0, 0.0]]	0.13429011532358306	[[0.5000000000000001, 0.7071067811865475, 0.4999999999999999], [-0.8535533905932736, 0.5000000000000001, 0.14644660940672619], [-0.14644660940672627, -0.49999999999999983, 0.8535533905932738]]
9	[[-0.2320176213509193, 0.7258914686476092, -0.6474947097291828], [-0.9237427054821723, 0.04411687515891305, 0.3804643418175869], [0.30474126312519306, 0.6863929465479887, 0.6603010566991635]]	0.9462859396571841	0.05371406034281603	[[-0.21955501283707946, 0.6869008904983362, -0.6127151398191354], [-0.8741247340586668, 0.041747178664490694, 0.3600280572029073], [0.28837237252874043, 0.6495239943982267, 0.6248336058951995]]	0.9462859396571842	0.0537140603428159	[[-0.21955501283707946, 0.6869008904983362, -0.6127151398191354], [-0.8741247340586671, 0.0417471786644907, 0.3600280572029074], [0.28837237252874054, 0.649523994398227, 0.6248336058951995]]	[[0.0, 0.0, 0.0], [0.0, 0.0, 0.0], [0.0, 0.0, 0.0]]	0.2739711869016422	[[-0.14644660940672638, 0.8535533905932737, -0.4999999999999999], [-0.8535533905932738, 0.14644660940672602, 0.5], [0.4999999999999999, 0.5, 0.7071067811865476]]
9	[[0.47760876960590826, -0.863333164219942, 0.1629285449315538], [0.019313472734014514, 0.19571911282807325, 0.9804697948660861], [-0.878360320692188, -0.46513425635162037, 0.11015112619370837]]	0.943391088996617	0.05660891100338283	[[0.4505718572728521, -0.8144608139603465, 0.1537053374316128], [0.01822015807484838, 0.18463966698832782, 0.9249664675070068], [-0.8286372994692212, -0.4388035126291868, 0.10391559089408635]]	0.9433910889966172	0.05660891100338281	[[0.45057185727285226, -0.8144608139603466, 0.15370533743161283], [0.01822015807484839, 0.1846396669883278, 0.9249664675070068], [-0.8286372994692212, -0.43880351262918676, 0.1039155908940863]]	[[0.0, 0.0, 0.0], [0.0, 0.0, 0.0], [0.0, 0.0, 0.0]]	0.23972654371551994	[[0.2803300858899108, -0.9267766952966368, 0.25], [0.07322330470336318, 0.28033008588991065, 0.9571067811865475], [-0.9571067811865475, -0.2500000000000001, 0.14644660940672638]]
9	[[-0.15924507484483535, -0.9821037016433163, 0.10056503048355725], [0.4404411616894768, -0.16184076937647524, -0.8830736936729884], [0.8835454652859054, -0.09633215759094466, 0.45833124068362]]	0.9635672675545548	0.03643273244544498	[[-0.15344334163975853, -0.9463229802476645, 0.09690117163458177], [0.4243946866876831, -0.15594446792701708, -0.8509009060617898], [0.8513554897457578, -0.0928225138675413, 0.44163298122040473]]	0.9635672675545551	0.03643273244544503	[[-0.15344334163975856, -0.9463229802476644, 0.09690117163458176], [0.42439468668768326, -0.15594446792701716, -0.8509009060617895], [0.8513554897457579, -0.09282251386754134, 0.4416329812204049]]	[[0.0, 0.0, 0.0], [0.0, 0.0, 0.0], [0.0, 0.0, 0.0]]	0.11188148013886573	[[-0.24999999999999994, -0.9571067811865475, 0.14644660940672638], [0.4571067811865474, -0.2500000000000001, -0.8535533905932738], [0.8535533905932738, -0.1464466094067262, 0.4999999999999999]]
9	[[-0.29094534609566214, 0.7352895391304536, 0.6121275187659843], [-0.720858324577614, -0.5891471504749901, 0.36506014706395234], [0.6290580906978549, -0.3350446667722445, 0.7014492068532439]]	0.9475878622264807	0.0524121377735194	[[-0.27569627853153206, 0.696751442502121, 0.5800446069174592], [-0.6830765987546638, -0.5582686888554185, 0.3459265643404153], [0.5960878113806518, -0.31748425953709486, 0.6646847543825259]]	0.9475878622264808	0.05241213777351911	[[-0.2756962785315321, 0.696751442502121, 0.5800446069174592], [-0.683076598754664, -0.5582686888554187, 0.34592656434041535], [0.596087811380652, -0.31748425953709486, 0.6646847543825258]]	[[0.0, 0.0, 0.0], [0.0, 0.0, 0.0], [0.0, 0.0, 0.0]]	0.31200420576727267	[[0.0, 0.7071067811865477, 0.7071067811865474], [-0.7071067811865475, -0.4999999999999999, 0.5000000000000002], [0.7071067811865476, -0.49999999999999983, 0.5000000000000001]]
9	[[-0.025484677740626793, -0.9751658735640326, 0.22000465957918597], [0.5903656460895103, -0.19228165120071194, -0.7838980613120834], [0.8067334969602857, 0.10990580352112828, 0.5806046669073575]]	0.9469378010305177	0.05306219896948225	[[-0.024132404699680577, -0.9234214279527293, 0.20833072855838203], [0.5590395467119617, -0.1820787639665192, -0.7423027064109502], [0.7639264436292329, 0.10407395990678932, 0.5497965065493091]]	0.9469378010305177	0.05306219896948234	[[-0.02413240469968057, -0.9234214279527289, 0.20833072855838203], [0.5590395467119617, -0.18207876396651917, -0.7423027064109503], [0.7639264436292328, 0.10407395990678932, 0.5497965065493093]]	[[0.0, 0.0, 0.0], [0.0, 0.0, 0.0], [0.0, 0.0, 0.0]]	0.2684896950052844	[[0.0, -1.0, 1.9967346175427393e-16], [0.7071067811865475, -1.3401577416544657e-16, -0.7071067811865476], [0.7071067811865476, 1.1102230246251565e-16, 0.7071067811865475]]
9	[[0.9585760929693858, -0.06891970183517857, 0.276372843612568], [-0.2700624667372825, 0.08852460169804383, 0.9587646525367821], [-0.09054356988390194, -0.9936868065910669, 0.06624494214297555]]	0.942286028432586	0.057713971567414174	[[0.9032528595945477, -0.06494207212302848, 0.26042226917430683], [-0.2544760892105813, 0.08341549535262631, 0.9034305366404326], [-0.08531794086601034, -0.9363371944885558, 0.062421683435650875]]	0.9433378736363962	0.10109774566157124	[[0.87062920912449, -0.055320600993477936, 0.25700811691311154], [-0.23409357370298248, 0.09375450718066691, 0.8776239071369103], [-0.078235144203607, -0.9516740970189422, 0.03843390618718898]]	[[-0.033631924135934924, 0.009693963987373825, -0.0037048537112125564], [0.0206665794179656, 0.01024589765032526, -0.026815101504875906], [0.007178034482121429, -0.014291697828784165, -0.024057456673131777]]	0.29357736863226097	[[0.8535533905932738, -0.1464466094067262, 0.4999999999999999], [-0.4571067811865474, 0.2500000000000001, 0.8535533905932738], [-0.24999999999999994, -0.9571067811865475, 0.14644660940672638]]
