11	[[0.960266122164094, -0.26817943200658406, -0.07725779489837309], [0.017005372634810778, 0.3325347103638141, -0.9429376881346961], [0.27856739207144177, 0.9041573196362899, 0.32388230798028383]]	0.9779480709961703	0.022051929003835655	[[0.9390904018133455, -0.26226555821169073, -0.07555411149028565], [0.016630371364786383, 0.32520167853955945, -0.9221440931809123], [0.272424443718697, 0.8842189066153834, 0.31674007831910794]]	0.977948071064581	0.02205192920162196	[[0.9390904016283186, -0.2622655581698975, -0.07555411147547349], [0.01663037137701671, 0.3252016784823478, -0.9221440929978484], [0.2724244436690643, 0.8842189064480591, 0.3167400782621054]]	[[-2.507176941392332e-10, 6.01391906796645e-11, 2.0095028697208837e-11], [1.1067972754347682e-11, -7.99631413815091e-11, 2.4756943575836407e-10], [-6.869344473979677e-11, -2.291708368056456e-10, -7.915762712122488e-11]]	0.10528106226285529	[[0.9571067811865475, -0.2500000000000001, -0.14644660940672638], [-0.07322330470336318, 0.28033008588991065, -0.9571067811865475], [0.2803300858899108, 0.9267766952966368, 0.25]]
11	[[-0.9486136680599805, -0.12041431394456104, -0.29263031587149324], [-0.3163835017059441, 0.34398030004570723, 0.8840695860783527], [-0.005795568830930603, 0.9312238969107944, -0.3644015164680301]]	0.9644346244186495	0.03556537558155638	[[-0.9148758666736655, -0.11613173364384728, -0.2822228087809684], [-0.30513120364000745, 0.3317465114821548, 0.8526273192094361], [-0.005589447248695502, 0.8981045692669839, -0.35144143967228797]]	0.9644346230970858	0.035565377612178366	[[-0.9148758647619369, -0.11613173344608775, -0.2822228081956426], [-0.3051312030021669, 0.33174651075561845, 0.8526273174649618], [-0.005589447262683482, 0.898104567398735, -0.3514414389049253]]	[[6.581948535008633e-10, 3.85463777286006e-11, 1.9865275312859478e-10], [2.197361836781295e-10, -2.718105750398182e-10, -5.761123493778844e-10], [-2.1601884055099173e-11, -6.37450173561139e-10, 2.8590573863616874e-10]]	0.20607799946329447	[[-0.9571067811865475, 0.07322330470336312, -0.2803300858899108], [-0.25000000000000017, 0.2803300858899107, 0.9267766952966368], [0.14644660940672638, 0.9571067811865475, -0.24999999999999994]]
11	[[0.5589385729429008, -0.453070050737613, 0.6944891653590938], [0.6606928908491764, -0.262767821928887, -0.7031628372860068], [0.5010714277005947, 0.851868887143653, 0.15246909017477023]]	0.9589576665901594	0.04104233340984248	[[0.5359984296765588, -0.4344749986572266, 0.6659857094849024], [0.6335765129414329, -0.25198321737190543, -0.6743033936767046], [0.4805062871027617, 0.816906200256033, 0.1462114029411226]]	0.9589576681901357	0.041042333946896846	[[0.535998429465769, -0.43447499848020477, 0.665985709086313], [0.6335765125747198, -0.25198321725058165, -0.6743033933391899], [0.48050628694032044, 0.8169061998479054, 0.14621140282988848]]	[[-1.1050530949248315e-09, 9.019443125976956e-10, -1.5097305567535404e-09], [-1.423822207286941e-09, 5.417439686265291e-10, 1.4625600163234118e-09], [-9.64142136385408e-10, -1.771117060614171e-09, -3.551523506440003e-10]]	0.24899063985813535	[[0.7071067811865475, -0.49999999999999994, 0.5000000000000002], [0.5000000000000002, -0.14644660940672619, -0.8535533905932736], [0.49999999999999983, 0.8535533905932738, 0.14644660940672632]]
11	[[0.42284015807257314, 0.3527755205810929, 0.834718894478794], [0.37729723708366386, -0.9060167935199916, 0.19178207619270926], [0.8239253580332351, 0.23384396921556794, -0.5162015134143967]]	0.9739653889908445	0.026034611009155422	[[0.4118316790381032, 0.34359114712921096, 0.8129873127590478], [0.3674744502813613, -0.8824289987329371, 0.18678910444050428], [0.8024747818362615, 0.22775593244020448, -0.5027624078103167]]	0.9739653890961041	0.026034611276419213	[[0.41183167893734723, 0.3435911469891993, 0.8129873125657503], [0.3674744501157959, -0.8824289985330666, 0.18678910439368343], [0.8024747816467976, 0.22775593234716618, -0.5027624077068629]]	[[-1.4526522790215776e-10, -1.7713910488274491e-10, -2.8115052815149627e-10], [-2.0527984365108824e-10, 2.952376676729325e-10, -6.701583513546062e-11], [-2.761857161338271e-10, -1.1765673729219654e-10, 1.5778798309892967e-10]]	0.1444652780838602	[[0.4571067811865474, 0.2500000000000002, 0.8535533905932737], [0.2500000000000001, -0.9571067811865475, 0.14644660940672646], [0.8535533905932738, 0.1464466094067262, -0.4999999999999999]]
11	[[0.27459789904950743, -0.1233857755913988, -0.9536099539220977], [-0.9242923950151736, 0.23955154775131188, -0.29715084466826813], [0.2651029278501293, 0.963011425867658, -0.04826418230561075]]	0.973453300172477	0.02654669982762579	[[0.2673082310501899, -0.12011029044378976, -0.928294756722693], [-0.8997554822519305, 0.2331922447199114, -0.2892624703913382], [0.2580653200011428, 0.9374466506146273, -0.04698292754550901]]	0.9734532980699246	0.02654670264698199	[[0.26730823028238604, -0.12011029014053631, -0.9282947540464129], [-0.8997554796712913, 0.23319224406538172, -0.2892624695655323], [0.2580653192791276, 0.9374466479081394, -0.04698292741272489]]	[[-1.904412090981678e-10, 4.382130370497169e-11, 6.713682683948085e-10], [6.371753399067323e-10, -1.5088378038956051e-10, 2.0104683952964076e-10], [-1.6457758351736306e-10, -6.81748540655199e-10, 3.13263207597551e-11]]	0.20095737727498975	[[0.2803300858899108, 0.07322330470336312, -0.9571067811865475], [-0.9267766952966368, 0.2803300858899107, -0.25000000000000017], [0.24999999999999994, 0.9571067811865475, 0.14644660940672638]]
11	[[-0.5524682326348718, 0.07472194964223472, 0.8301779822248746], [0.3954071310761524, 0.9002726737930906, 0.1821052264916233], [-0.7337792942182461, 0.42886564686752693, -0.5269176447163921]]	0.9751271292728241	0.024872870727177736	[[-0.5387267617036728, 0.07286340024830101, 0.8095290725924467], [0.38557222062029406, 0.8778803079586258, 0.17757574673435386], [-0.715528096690876, 0.4181985270736637, -0.5138116902554936]]	0.9751271293138386	0.024872870739389805	[[-0.5387267616923839, 0.07286340024746424, 0.8095290725862172], [0.3855722206181268, 0.8778803079478716, 0.17757574673097395], [-0.7155280966848241, 0.41819852707024285, -0.5138116902438514]]	[[3.3946600653620424e-11, -3.9007576391101554e-12, -4.0280060138632496e-11], [-1.8381531016158198e-11, -4.768044746356184e-11, -1.084835685339125e-11], [3.614430511038291e-11, -2.10109479684606e-11, 3.325127710233876e-11]]	0.12110682751079939	[[-0.5000000000000001, 0.14644660940672596, 0.8535533905932737], [0.49999999999999983, 0.8535533905932738, 0.14644660940672646], [-0.7071067811865476, 0.5, -0.4999999999999999]]
11	[[-0.5387086746235353, 0.7530690341028258, -0.37773005408729476], [0.8423234016150757, 0.49040532726543196, -0.22359316197346515], [0.01685974427331502, -0.4386224399926676, -0.8985132743359537]]	0.9722600159665674	0.02773998403356155	[[-0.5237649045907076, 0.7321789111207749, -0.36725182841800186], [0.81895736390324, 0.4768014913172278, -0.21739069123044152], [0.016392055236420875, -0.4264550605104976, -0.8735885304520314]]	0.9722600138102191	0.02773998786205	[[-0.523764902417827, 0.7321789083992887, -0.36725182697746905], [0.8189573607643861, 0.4768014893117062, -0.2173906904723509], [0.016392055079576636, -0.426455058906119, -0.8735885270854226]]	[[1.0113307269808861e-09, -1.0975839581314128e-09, 6.259859778608595e-10], [-1.3225505985994324e-09, -9.47994961236645e-10, 2.758492597679186e-10], [-1.204370364153633e-10, 6.586212589883523e-10, 1.4291146208447468e-09]]	0.15380497791314626	[[-0.49999999999999983, 0.7071067811865477, -0.4999999999999999], [0.8535533905932738, 0.4999999999999997, -0.14644660940672646], [0.14644660940672588, -0.5000000000000001, -0.8535533905932737]]
11	[[0.14595044963558398, -0.6734441926758938, -0.7246870949604965], [-0.34441161031647605, -0.7212947983739647, 0.6009279961175655], [-0.9274045012454825, 0.1618849381189445, -0.33721529900027186]]	0.9551502271582298	0.044849772841972564	[[0.1394046051233323, -0.6432403736128034, -0.6921850433703165], [-0.32896482782980724, -0.6889448905148078, 0.5739765119974276], [-0.8858106200321069, 0.1546244354177445, -0.32209126944122746]]	0.9551502286860335	0.0448497755344534	[[0.13940460470324229, -0.6432403716199004, -0.692185041668054], [-0.3289648269664391, -0.6889448887318741, 0.5739765101729127], [-0.8858106176194129, 0.15462443511806032, -0.3220912684910434]]	[[-6.431058933027995e-10, 3.0218010902774444e-09, 2.8095738029493607e-09], [1.389638301451202e-09, 2.8848587383386947e-09, -2.7426545829404397e-09], [3.829563840141391e-09, -5.469599204689956e-10, 1.4653226490010827e-09]]	0.22144179621228485	[[0.24999999999999994, -0.573223304703363, -0.7803300858899106], [-0.4571067811865474, -0.7803300858899107, 0.4267766952966369], [-0.8535533905932738, 0.24999999999999992, -0.45710678118654746]]
11	[[-0.9649136349056507, -0.007072981661685379, -0.26247218920026094], [-0.13286753364795276, -0.8490486324305947, 0.5113341747527215], [-0.22646831053256494, 0.5282673496423472, 0.8183188325013518]]	0.9734522769921169	0.0265477230079076	[[-0.9392973749996562, -0.006885210103686245, -0.25550415022408485], [-0.12934020316793368, -0.8265083245165927, 0.4977594167169365], [-0.22045609255450274, 0.5142430543699171, 0.7965943308039761]]	0.9734522774863311	0.026547722562485387	[[-0.9392973754315881, -0.006885210084965626, -0.25550415033596224], [-0.1293402032416175, -0.8265083249058433, 0.49775941694727377], [-0.22045609264589933, 0.5142430545962398, 0.7965943311894147]]	[[4.4932484702808676e-11, 2.2220156162481034e-11, 1.785176802260135e-11], [-8.02503670708252e-12, 3.0371650495947836e-11, -2.2358730631405167e-11], [2.0511048010750443e-11, -3.476900249995662e-11, -1.8980584868737533e-11]]	0.1563804252997448	[[-0.9571067811865474, 0.14644660940672616, -0.24999999999999994], [-0.24999999999999994, -0.8535533905932738, 0.4571067811865474], [-0.14644660940672627, 0.49999999999999983, 0.8535533905932738]]
11	[[-0.16688068420723817, -0.7255765027370625, 0.6675998621287887], [0.016208584335006937, 0.6749843637247572, 0.7376539774995726], [-0.9858438613859596, 0.13392104914067282, -0.10088128451146167]]	0.9632601255490797	0.03673987445092415	[[-0.16074950882118103, -0.6989189131219621, 0.6430723270107254], [0.015613082981511503, 0.6501855229451731, 0.7105526629780142], [-0.9496240816904288, 0.1290008066089085, -0.09717491878406267]]	0.9632601257075941	0.036739874572762884	[[-0.160749508771004, -0.6989189130474177, 0.6430723269256253], [0.01561308296326612, 0.6501855228610509, 0.7105526628929832], [-0.9496240815879097, 0.12900080656291246, -0.09717491876124679]]	[[7.662886812077808e-11, 1.895599017953963e-10, -1.909218540156206e-10], [-2.0814975490947646e-11, -1.9111690908156805e-10, -2.0196247751578115e-10], [2.5879385297826553e-10, -6.722485549306374e-11, 3.8808303837330754e-11]]	0.17362469059650978	[[-4.2504079419927064e-16, -0.7071067811865472, 0.7071067811865476], [6.24091927421371e-16, 0.7071067811865476, 0.7071067811865475], [-0.9999999999999998, 6.139453910638015e-16, 0.0]]
11	[[-0.7602129684948403, 0.05278936044302118, 0.6475256952092945], [-0.5363407046060238, 0.5114621413604626, -0.671375548063589], [-0.36662636445702773, -0.8576827859873295, -0.36050706998065346]]	0.9571804154732136	0.042819584526787385	[[-0.7276609650320187, 0.05052894196141724, 0.6197989139700145], [-0.5133748184699899, 0.4895615449662269, -0.642627526034062], [-0.3509275758544108, -0.8209571654355758, -0.3450703070251124]]	0.9571804158110345	0.042819584997924626	[[-0.7276609647219976, 0.05052894187515839, 0.6197989137019001], [-0.5133748182258496, 0.4895615447890894, -0.6426275257296106], [-0.35092757567575694, -0.8209571650361737, -0.3450703068792562]]	[[5.668352637663922e-10, -1.0409406028821148e-10, -4.868633004206973e-10], [4.2532425059774635e-10, -3.4992196936459977e-10, 5.312520529421064e-10], [3.0250532856053627e-10, 6.891459990194365e-10, 2.6764175229144675e-10]]	0.2627202669149913	[[-0.7071067811865477, -7.850462293418876e-17, 0.7071067811865474], [-0.5, 0.7071067811865474, -0.5000000000000002], [-0.49999999999999967, -0.7071067811865477, -0.5000000000000001]]
11	[[0.9276499285075541, 0.24559764542247225, 0.2813314889998406], [-0.0941166078059129, -0.5752662021112951, 0.8125336059779651], [0.3613968376660729, -0.780224706909096, -0.5105308339890726]]	0.9683722080593926	0.031627791940610904	[[0.8983104095749994, 0.23782993419194812, 0.2724335951994136], [-0.09113990731607134, -0.5570718023604552, 0.7868349621433444], [0.349966653676374, -0.7555479222120516, -0.49438387099240066]]	0.9683722101166341	0.03162779235231701	[[0.8983104092463429, 0.23782993413365558, 0.27243359509258586], [-0.0911399074063345, -0.5570718018979026, 0.7868349620012499], [0.34996665353859174, -0.7555479220863117, -0.4943838704940229]]	[[-2.2370535332516867e-09, -5.63553190778177e-10, -6.856108543773548e-10], [1.033379408584042e-10, 1.6460497021610997e-09, -1.8136886865782476e-09], [-8.812406426381667e-10, 1.7308419778551713e-09, 1.54862025935401e-09]]	0.15890658376855085	[[0.8749999999999999, 0.22855339059327387, 0.42677669529663703], [-0.22855339059327381, -0.5821067811865475, 0.7803300858899105], [0.42677669529663703, -0.7803300858899106, -0.45710678118654746]]
11	[[-0.5104173248528786, -0.5182894301775639, 0.6861852672975772], [0.45628273613066006, -0.8395968917985795, -0.29475943410056116], [0.7288897167604642, 0.1626441694263301, 0.6650313187756423]]	0.9597393279606761	0.04026067203932495	[[-0.48986758033378636, -0.49742274940773845, 0.6585589872926958], [0.4379124865340992, -0.8057941566926413, -0.28289222119374263], [0.6995441269211352, 0.15609600586194744, 0.6382567109545375]]	0.9597393279876534	0.04026067205296861	[[-0.4898675803263622, -0.49742274940240183, 0.6585589872832583], [0.43791248652863, -0.8057941566816643, -0.2828922211901577], [0.6995441269112188, 0.15609600585924127, 0.6382567109456769]]	[[2.1195569833574518e-11, 1.9315977124597688e-11, -2.7947959129860137e-11], [-1.7777202313049827e-11, 3.362899044809245e-11, 1.1535521953938853e-11], [-2.957969262156781e-11, -7.093904170620805e-12, -2.679994877042521e-11]]	0.28347129624216943	[[-0.5000000000000001, -0.7071067811865474, 0.5000000000000002], [0.49999999999999983, -0.7071067811865478, -0.49999999999999983], [0.7071067811865476, 1.1102230246251565e-16, 0.7071067811865475]]
11	[[-0.4871732334601276, -0.7856314367511983, 0.3813731587149939], [0.18798613468173503, 0.33212331739003315, 0.9243134290992746], [-0.8528326059476293, 0.5219936279631076, -0.014113773361090876]]	0.9722871562563414	0.02771284374367078	[[-0.47367227776516035, -0.7638593555044128, 0.37080422395949864], [0.1827765043053278, 0.3229192357915814, 0.8986980754684792], [-0.8291981891994967, 0.507527700116172, -0.013722640565301336]]	0.9722871574429257	0.02771284571806205	[[-0.4736722766095517, -0.7638593542808966, 0.3708042230694624], [0.18277650388269273, 0.32291923504079434, 0.8986980737670406], [-0.8291981877001507, 0.507527698868939, -0.013722640503439373]]	[[1.7337122344408236e-09, 2.155780976433944e-09, -1.3425699392585325e-09], [-6.45705637219077e-10, -1.14489674217046e-09, -2.7982167982500284e-09], [2.5112630000615902e-09, -1.8665923127079408e-09, 7.860678097254926e-11]]	0.19146055653268462	[[-0.4999999999999999, -0.7071067811865477, 0.49999999999999983], [0.14644660940672619, 0.49999999999999983, 0.8535533905932737], [-0.8535533905932738, 0.49999999999999994, -0.1464466094067261]]
11	[[0.9792681828595647, -0.06468287773609287, 0.1919634115312185], [-0.19461030959112274, -0.5634158260401757, 0.8029255472136342], [0.05621968907574672, -0.8236375005396755, -0.5643231470221494]]	0.9631255366324414	0.03687446336770301	[[0.9431581941236068, -0.062297731330500296, 0.18488486374469598], [-0.18743415885923853, -0.5426401698021946, 0.773318098536057], [0.054146618210416914, -0.7932663096978684, -0.5435140338097971]]	0.9631255377729722	0.036874463952303455	[[0.9431581935491814, -0.062297731405741415, 0.1848848636594627], [-0.1874341588726154, -0.5426401693617223, 0.7733180981586093], [0.05414661810113017, -0.7932663093089528, -0.5435140333921004]]	[[-1.6913873663067446e-09, -1.4582281095766157e-12, -3.0426396318783233e-10], [2.0850916211694228e-10, 1.0830273952106225e-09, -1.2931914003374272e-09], [-1.7338837105613582e-10, 1.3283034595792086e-09, 1.0613459842588342e-09]]	0.22354441215517212	[[0.9571067811865475, -0.24999999999999992, 0.1464466094067265], [-0.2500000000000002, -0.45710678118654763, 0.8535533905932736], [-0.14644660940672607, -0.8535533905932737, -0.5000000000000001]]
11	[[-0.004881392374527848, -0.8737977806315758, 0.48626495922677654], [-0.9964931464260065, -0.036369118883652976, -0.07535712519479704], [0.0835319168610627, -0.4849275469128966, -0.8705559678220334]]	0.9667503938860517	0.03324960611396155	[[-0.00471908800079266, -0.8447443486023262, 0.4700968408654702], [-0.9633601418120917, -0.03515986000606931, -0.07285153046419551], [0.08075451352748064, -0.4688038969842398, -0.8416103247918122]]	0.9667503958868374	0.033249606101642	[[-0.004719087915824346, -0.8447443486851729, 0.47009684074916636], [-0.96336014186693, -0.03515985998233588, -0.07285153028237087], [0.0807545133639472, -0.46880389687571816, -0.841610324961503]]	[[9.475095370435951e-11, 1.6654030876340515e-09, -1.0892126028408656e-09], [1.9389221569774563e-09, 9.652743844286725e-11, 3.3261293990256285e-10], [-3.306372439333704e-10, 1.0787619909088863e-09, 1.5721483150574285e-09]]	0.22860064527138316	[[0.14644660940672607, -0.8535533905932737, 0.4999999999999999], [-0.9571067811865476, -0.24999999999999975, -0.14644660940672619], [0.24999999999999983, -0.45710678118654746, -0.8535533905932738]]
11	[[0.34528785424661446, 0.721296251312937, 0.6004231970466106], [-0.4727265086543158, -0.4190107345154037, 0.7752158746932126], [0.8107440691890812, -0.5515085876056384, 0.1962965411614891]]	0.9737202274538453	0.02627977254616918	[[0.33621376797406205, 0.7023407498900346, 0.584644211996796], [-0.46030336353034623, -0.4079992277179338, 0.7548433778321096], [0.7894378994576464, -0.5370150673661012, 0.1911379127081625]]	0.9737202274626573	0.026279772626522972	[[0.3362137679471679, 0.7023407498389348, 0.5846442119427678], [-0.4603033634866484, -0.407999227680352, 0.754843377776029], [0.7894378993978151, -0.5370150673164481, 0.19113791269250655]]	[[-2.993820202603201e-11, -5.746142715342607e-11, -5.931465861824326e-11], [4.7860797087790635e-11, 4.1281699978086775e-11, -6.290957954756676e-11], [-6.697813826687467e-11, 5.4521961182029434e-11, -1.7391227832077433e-11]]	0.11675496706768386	[[0.24999999999999994, 0.7803300858899107, 0.5732233047033629], [-0.4571067811865474, -0.42677669529663675, 0.7803300858899108], [0.8535533905932738, -0.4571067811865474, 0.25]]
11	[[-0.19923769144659614, 0.8439754804473203, -0.49800575369241046], [-0.7021380284509187, 0.23156213831599123, 0.6733358486680942], [0.6835982236007403, 0.4838226581116686, 0.5464513740376828]]	0.9530420609320693	0.04695793906793131	[[-0.18988190007161174, 0.8043441312616468, -0.47462042985504366], [-0.669167073693643, 0.22068845753450886, 0.641717384914084], [0.6514978598699513, 0.4611033432123768, 0.5207911437120334]]	0.9530420614502203	0.046957939066030185	[[-0.1898819000826116, 0.8043441312698553, -0.47462042985791464], [-0.6691670736923422, 0.22068845754016989, 0.6417173849329774], [0.6514978598846408, 0.4611033432236957, 0.5207911436946626]]	[[9.223528818494482e-11, -4.290969638899451e-10, 2.5517163877244745e-10], [3.6511449705710415e-10, -1.1432258051246933e-10, -3.2999534017876156e-10], [-3.3951863929276344e-10, -2.3937433885432944e-10, -3.005147143417189e-10]]	0.24787029597938828	[[-0.14644660940672627, 0.8535533905932737, -0.5000000000000001], [-0.8535533905932736, 0.1464466094067265, 0.5000000000000002], [0.5000000000000001, 0.5, 0.7071067811865474]]
11	[[-0.30856070057004426, 0.1412364016461924, 0.9406607108377383], [0.9283791655349412, 0.26005680283238586, 0.2654855632633233], [-0.2071289913661773, 0.9552082171708078, -0.21136424197341674]]	0.983988890520122	0.016011109479877928	[[-0.30362030141202967, 0.1389750501568913, 0.9255996892130953], [0.9135147850767242, 0.25589300489124966, 0.26123484484458764], [-0.20381262640895684, 0.9399142738296071, -0.20798006595504892]]	0.983988890573042	0.016011109519439407	[[-0.30362030139890545, 0.13897505015002637, 0.9255996891770079], [0.9135147850415205, 0.25589300487890326, 0.2612348448354668], [-0.20381262640016404, 0.9399142737935934, -0.20798006594460924]]	[[2.945337755926705e-11, -1.4339875748866e-11, -8.586858305811691e-11], [-8.433559721673142e-11, -2.611092408460517e-11, -2.3169816992561065e-11], [1.9751642051760055e-11, -8.656208239997412e-11, 2.1622835525813567e-11]]	0.07874778003834582	[[-0.2803300858899108, 0.07322330470336312, 0.9571067811865475], [0.9267766952966368, 0.2803300858899107, 0.25000000000000017], [-0.24999999999999994, 0.9571067811865475, -0.14644660940672638]]
11	[[-0.43776478212225356, 0.8965698997575128, 0.0672637374984425], [-0.25427414048209707, -0.19521750927551854, 0.9472247809017422], [0.8623842861599152, 0.39755822079422076, 0.3134338910574078]]	0.9754984998699439	0.024501500130059483	[[-0.42703888825615277, 0.8746025922419997, 0.0656156750253772], [-0.24804404259600638, -0.1904343874466145, 0.9240163528092896], [0.8412545774604077, 0.387817447995724, 0.3057542905348999]]	0.9754985003283969	0.02450150034378028	[[-0.42703888820855895, 0.8746025920437733, 0.06561567498082015], [-0.248044042513726, -0.19043438736514398, 0.9240163526261727], [0.8412545772638488, 0.3878174479732777, 0.3057542904372087]]	[[2.482852367856796e-10, -6.092520926599703e-10, -7.53974793303468e-11], [1.988598983032442e-10, 1.709686464241245e-10, -6.173827355343675e-10], [-5.919210701473809e-10, -2.0471000360252187e-10, -2.4138318845372186e-10]]	0.13108584130641032	[[-0.4999999999999999, 0.8535533905932737, 0.14644660940672638], [-0.14644660940672619, -0.25000000000000006, 0.9571067811865475], [0.8535533905932738, 0.4571067811865474, 0.25]]
11	[[-0.6688443635042012, -0.7106257709593319, -0.21830765231002544], [0.3076282537140923, 0.0027649952570922287, -0.9515026076254579], [0.6767658937368799, -0.7035647578223935, 0.2167592134716278]]	0.9529890052740178	0.047010994725987375	[[-0.6374013246589983, -0.6772185465886136, -0.2080447924186341], [0.29316634350117593, 0.0026350100796470647, -0.9067715235566235], [0.6449504558756921, -0.6704894787030214, 0.20656914723030828]]	0.9529890053748682	0.047010994781551	[[-0.6374013246230023, -0.6772185465504954, -0.2080447924063935], [0.29316634348345316, 0.00263501007959068, -0.9067715235057077], [0.6449504558413989, -0.6704894786641421, 0.20656914721513445]]	[[1.0344418839169668e-10, 1.0978067091232099e-10, 3.425434486943794e-11], [-4.8747201833414206e-11, -3.3753167211680183e-13, 1.468762894938023e-10], [-1.0254410091154973e-10, 1.0983716060551567e-10, -3.7036661588180385e-11]]	0.28974008500426884	[[-0.4571067811865476, -0.8535533905932737, -0.25], [0.25000000000000006, 0.14644660940672616, -0.9571067811865475], [0.8535533905932736, -0.5, 0.14644660940672638]]
11	[[0.648727301424343, -0.24025956634810233, -0.722099874785276], [0.6191713111804977, -0.3850481214649154, 0.6843718518227958], [-0.4424700846359139, -0.8910742308778553, -0.10102939803703481]]	0.9566624151479383	0.043337584852062225	[[0.620613026953017, -0.22984729700497147, -0.6908058101901058], [0.5923379219442503, -0.3683610658288023, 0.6547128286240627], [-0.42329449979850586, -0.8524572257877022, -0.0966510279270518]]	0.9566624157828222	0.04333758586501415	[[0.6206130263721669, -0.22984729680626373, -0.6908058095112007], [0.5923379213442412, -0.3683610654951596, 0.6547128279996844], [-0.4232944994182433, -0.8524572248970107, -0.09665102773746438]]	[[-9.927238221972882e-10, 3.512327055727353e-10, 1.1373625162127124e-09], [-9.931108896469135e-10, 5.781059413353709e-10, -1.0588808320656256e-09], [6.611812132578984e-10, 1.4564051300436447e-09, 2.5371612492607154e-10]]	0.23443602177554865	[[0.5000000000000001, -0.14644660940672644, -0.8535533905932735], [0.7071067811865475, -0.4999999999999999, 0.5000000000000002], [-0.4999999999999999, -0.8535533905932737, -0.14644660940672607]]
11	[[-0.20962728376771522, 0.9146782181840727, -0.3455722197743615], [-0.11263779594486362, 0.32848192764058937, 0.9377698812279087], [0.9712719129187527, 0.23550664617613754, 0.03416856423694914]]	0.9690416269322069	0.03095837306779484	[[-0.2031375641116464, 0.8863612686685463, -0.33487386607272207], [-0.10915071303646863, 0.31831266157866406, 0.9087380513931138], [0.941202914688343, 0.2282157435638721, 0.03311076107811071]]	0.9690416273040475	0.030958374012813556	[[-0.20313756385256138, 0.8863612678447655, -0.33487386578726075], [-0.10915071295629206, 0.3183126613017635, 0.9087380504980186], [0.941202913792616, 0.22821574334010267, 0.03311076108657645]]	[[3.3703318746440043e-10, -1.1639247100871976e-09, 4.1395908041383037e-10], [1.22064936069836e-10, -3.990510621662608e-10, -1.2437960724350806e-09], [-1.256856926059668e-09, -3.1133832263125144e-10, -4.2355445837839914e-12]]	0.20560729811892015	[[-0.2803300858899108, 0.9267766952966368, -0.25], [0.07322330470336318, 0.28033008588991065, 0.9571067811865475], [0.9571067811865475, 0.2500000000000001, -0.14644660940672638]]
11	[[0.574704889092418, -0.24730035866747077, 0.780100521122895], [-0.20680691382082303, -0.9661955377213083, -0.1539385698366041], [0.7917987060163579, -0.07286093253845069, -0.6064207233105157]]	0.9704736393997522	0.029526360600252228	[[0.5577359452983489, -0.23999847910088395, 0.7570669918317774], [-0.20070065830872708, -0.9376672998641953, -0.14939332411332004], [0.7684197718997118, -0.07070961437064754, -0.5885153263585872]]	0.9704736396392557	0.029526360522714477	[[0.55773594534167, -0.23999847912242375, 0.7570669918967423], [-0.20070065832450526, -0.9376672999464927, -0.1493933241209388], [0.7684197719719277, -0.0707096143720054, -0.5885153264062433]]	[[-9.43224497505079e-11, 3.7689598520816535e-11, -1.2187418030921717e-10], [3.375081416437639e-11, 1.4911282560227314e-10, 2.9251346164030714e-11], [-1.1742286688636935e-10, 1.609435760638381e-11, 9.758442215618694e-11]]	0.1445513196017252	[[0.4571067811865477, -0.24999999999999994, 0.8535533905932737], [-0.24999999999999967, -0.9571067811865476, -0.14644660940672635], [0.8535533905932737, -0.14644660940672596, -0.5000000000000001]]
11	[[0.24646923027241593, 0.7083253665859152, 0.6614590641754414], [0.9286246270354669, -0.36790822982092686, 0.04795661052734279], [0.27732511713179175, 0.6024273478860003, -0.7484464375804571]]	0.958904291210074	0.0410957087899282	[[0.23634040255946306, 0.6792162335921813, 0.6342759350976299], [0.8904621397876651, -0.35278878034679073, 0.04598579962655952], [0.26592824487800987, 0.5776701690301894, -0.7176885007367915]]	0.9589042918357491	0.04109570824068125	[[0.23634040269211165, 0.6792162339785124, 0.6342759354648629], [0.8904621402991718, -0.3527887805472859, 0.045985799652883345], [0.2659282450301486, 0.5776701693658625, -0.7176885011448901]]	[[-2.1561157185503482e-11, -5.6851250285045793e-11, -4.662553157803006e-11], [-6.950853372907924e-11, 2.969464025770998e-11, -3.681141613902219e-12], [-2.1378616454261844e-11, -4.125109349000244e-11, 6.018502832574868e-11]]	0.23926010678123769	[[0.1464466094067265, 0.8535533905932736, 0.5000000000000001], [0.9571067811865476, -0.2500000000000001, 0.14644660940672588], [0.24999999999999978, 0.45710678118654763, -0.8535533905932737]]
11	[[-0.9588610349856624, -0.2231075811005983, 0.17552356776702127], [-0.1293663018671285, -0.20694792700785122, -0.9697612672448699], [0.252685329070461, -0.9525731272519675, 0.16957170079338071]]	0.9818866820734634	0.018113317926548713	[[-0.9414928802116074, -0.2190663625522934, 0.17234425358045635], [-0.12702304891242766, -0.2031994134117228, -0.9521956730984122], [0.248108359369648, -0.9353188673497804, 0.16650019466556093]]	0.9818866823793871	0.01811331765287606	[[-0.9414928804767094, -0.21906636261247267, 0.1723442536272541], [-0.1270230489466577, -0.2031994134695234, -0.9521956733641419], [0.24810835943823226, -0.9353188676106375, 0.16650019471434058]]	[[2.822690564571924e-11, 8.082610432126807e-12, -6.899685461457083e-12], [5.347365102908158e-12, 5.507898006395868e-12, 3.095117780310838e-11], [-8.709015850814088e-12, 3.055343706290749e-11, -3.1012123421192564e-12]]	0.09530808541976807	[[-0.9571067811865475, -0.2500000000000001, 0.14644660940672638], [-0.07322330470336318, -0.28033008588991065, -0.9571067811865475], [0.2803300858899108, -0.9267766952966368, 0.25]]
11	[[0.26616637265112986, 0.9073278585449115, 0.3254406538495851], [-0.9565105633649592, 0.2904108926461212, -0.02736888020603004], [-0.11934405825590477, -0.30400274758756485, 0.9451662950075098]]	0.9877553180428744	0.012244681957152209	[[0.26290725007034577, 0.8962179174861964, 0.3214557365473015], [-0.9447983957279033, 0.28685490362877103, -0.027033756972388922], [-0.11788272821908584, -0.3002803306292432, 0.9335930343285501]]	0.9877553180695915	0.012244681992392162	[[0.2629072500714586, 0.8962179174520902, 0.3214557365415143], [-0.9447983956913573, 0.28685490363014127, -0.027033756973111174], [-0.11788272821972152, -0.30028033062274606, 0.933593034294852]]	[[-5.99170691198126e-12, -5.833633125130813e-11, -1.4477270514179969e-11], [6.210549172243427e-11, -6.3962674043637734e-12, 6.383845665059923e-15], [2.5527412836485273e-12, 1.4625442192850944e-11, -5.894947487730667e-11]]	0.06585058397593845	[[0.25, 0.9267766952966368, 0.2803300858899108], [-0.9571067811865475, 0.28033008588991065, -0.07322330470336318], [-0.14644660940672638, -0.2500000000000001, 0.9571067811865475]]
11	[[0.2996549344758955, 0.21795608323613597, 0.9288175633700135], [0.8916359750523828, -0.4103184136620505, -0.1913742077769225], [0.3393997764239587, 0.8855133794529706, -0.31729142215500555]]	0.9701644373310478	0.02983556266895323	[[0.2907145608992793, 0.21145324085566466, 0.901105768750063], [0.8650335140408156, -0.3980763329170117, -0.1856644506075728], [0.32927359312463306, 0.8590935895261069, -0.3078248540449792]]	0.9701644377920953	0.029835563520393803	[[0.290714560609581, 0.21145324074926244, 0.9011057679756984], [0.8650335133156659, -0.39807633259629155, -0.1856644503737784], [0.3292735928276221, 0.859093588761082, -0.30782485383653446]]	[[-4.278561664857866e-10, -2.0688477225492388e-10, -1.2025898373203256e-09], [-1.136241170620028e-09, 5.09901944483814e-10, 3.220222866915609e-10], [-4.534849400041086e-10, -1.1732889727041365e-09, 3.547325358511198e-10]]	0.20735960446632146	[[0.2803300858899108, 0.07322330470336312, 0.9571067811865475], [0.9267766952966368, -0.2803300858899107, -0.25000000000000017], [0.24999999999999994, 0.9571067811865475, -0.14644660940672638]]
11	[[0.5403191569681028, 0.6036400661371987, -0.5862370503193712], [0.4146608078153325, 0.41521567174819174, 0.8097236321095203], [0.7321964374914798, -0.6805987191352745, -0.02595689573522414]]	0.9678593841167937	0.0321406158832081	[[0.5229529664896527, 0.5842387026397721, -0.5673950304685527], [0.40133335406952153, 0.40187038433384636, 0.7836986158783353], [0.7086631930430126, -0.6587238571329466, -0.025122625119876556]]	0.9678593871769182	0.0321406163075217	[[0.5229529661882112, 0.5842387024913498, -0.567395030183041], [0.4013333538131444, 0.4018703842062287, 0.7836986156455445], [0.7086631928906182, -0.6587238567931784, -0.025122625106274978]]	[[-1.9545382473697096e-09, -1.9959233853839003e-09, 2.0794209955466777e-09], [-1.525548055705034e-09, -1.39820830743358e-09, -2.7108461289154495e-09], [-2.3926417271367633e-09, 2.422561575492146e-09, 9.260983962026102e-11]]	0.16429196015638964	[[0.5000000000000001, 0.5000000000000002, -0.707106781186547], [0.49999999999999967, 0.4999999999999998, 0.7071067811865479], [0.7071067811865476, -0.7071067811865475, 0.0]]
11	[[-0.28551340625994115, -0.7402800071091643, -0.6086605013636927], [-0.9037881084920453, 0.4192574902120425, -0.08596634137539147], [0.31882463799746885, 0.5255555802915186, -0.7887599015101034]]	0.9627632455923745	0.03723675440762566	[[-0.27488181367095454, -0.7127143822915656, -0.5859959597567906], [-0.8701339726595946, 0.40364570201545874, -0.08276523383427374], [0.30695264325325705, 0.505985596220646, -0.759389042770989]]	0.9627632456355307	0.03723675443999616	[[-0.2748818136596407, -0.7127143822666372, -0.5859959597403315], [-0.8701339726321476, 0.4036457020011761, -0.08276523383014427], [0.3069526432421843, 0.5059855962069325, -0.7593890427436498]]	[[2.363570596270191e-11, 5.687490118306521e-11, 4.272757882428497e-11], [6.644945077905175e-11, -3.237687399079921e-11, 7.838671645991537e-12], [-2.4832357079952606e-11, -3.639355310995709e-11, 6.137661217724198e-11]]	0.2153446594920011	[[-0.1464466094067265, -0.8535533905932736, -0.5000000000000001], [-0.9571067811865476, 0.2500000000000001, -0.14644660940672588], [0.24999999999999978, 0.45710678118654763, -0.8535533905932737]]
11	[[-0.16743794764991254, 0.7773753727082936, -0.606343189615771], [-0.9312695185128573, 0.07714504854866044, 0.35606983215832233], [0.3235762932843136, 0.6242885321636675, 0.711028980445465]]	0.9589596182917232	0.04104038170827804	[[-0.16056623036590884, 0.7454715906817307, -0.5814586336677254], [-0.8930498619998071, 0.07397898630931912, 0.3414565903317429], [0.31029659869617615, 0.5986674925075722, 0.6818480796823357]]	0.9589596185426348	0.04104038218466182	[[-0.16056623025114033, 0.7454715903118926, -0.5814586333996979], [-0.893049861587985, 0.07397898626779242, 0.34145659013504714], [0.310296598520793, 0.5986674922189467, 0.6818480793604301]]	[[1.5676328578123304e-10, -5.648744282312723e-10, 4.201395172973496e-10], [6.45505422886919e-10, -6.086561952168672e-11, -2.860378521913416e-10], [-2.565912834654983e-10, -4.4528169634684245e-10, -5.00311500403382e-10]]	0.21874567872831086	[[-0.1464466094067263, 0.8535533905932736, -0.5000000000000002], [-0.8535533905932738, 0.1464466094067262, 0.4999999999999999], [0.49999999999999983, 0.5000000000000002, 0.7071067811865475]]
11	[[0.6569714475509829, -0.30708792903278176, -0.688538685147845], [0.5770443935784932, 0.7925721197384169, 0.19710201128598737], [0.4851889167555201, -0.5268077816962367, 0.6979006205770957]]	0.9602796539232406	0.03972034607676481	[[0.6308763142917035, -0.29489029021560315, -0.6611896902865335], [0.5541239905639, 0.7610908808516169, 0.18927305118528057], [0.4659170450693816, -0.5058827942913363, 0.6701797664005896]]	0.9602796541564661	0.039720346033806794	[[0.6308763143199254, -0.29489029022024643, -0.6611896903231176], [0.5541239905890905, 0.7610908808845724, 0.18927305120416266], [0.4659170450905523, -0.5058827943284635, 0.6701797664256641]]	[[-1.2500051260969745e-10, 6.697562410238635e-11, 1.2400189193803512e-10], [-1.093885756754715e-10, -1.5189595725308118e-10, -2.708544771026465e-11], [-9.198457739316262e-11, 8.574247914019857e-11, -1.376950428891801e-10]]	0.25128908354542984	[[0.5000000000000002, -0.49999999999999967, -0.7071067811865476], [0.7071067811865474, 0.7071067811865477, 2.7817808468846267e-16], [0.5, -0.5000000000000001, 0.7071067811865475]]
11	[[0.8875576111457726, 0.3128668588496867, -0.3381653671367607], [-0.3273769476023962, 0.9447770405743245, 0.014855227435465884], [0.3241385831334306, 0.09752267550242714, 0.9409694504536801]]	0.949620876978842	0.050379123021158705	[[0.8428432370654941, 0.2971049008784547, -0.32112889250428234], [-0.3108839840848442, 0.8971800018196662, 0.01410683410498726], [0.3078087655778472, 0.09260956863593799, 0.8935642347501237]]	0.9496208770429877	0.050379123044033164	[[0.842843237046851, 0.2971049008701995, -0.32112889249488336], [-0.31088398407670376, 0.8971800018014114, 0.01410683410964247], [0.3078087655700186, 0.09260956862706726, 0.8935642347322122]]	[[-7.55768544615976e-11, -2.832394618619758e-11, 3.109061938488535e-11], [2.9140313351999396e-11, -7.88566625190261e-11, 3.702350509975857e-12], [-2.862070236982325e-11, -1.512629775304025e-11, -7.826982327430432e-11]]	0.2605488204036456	[[0.8535533905932738, 0.14644660940672646, -0.49999999999999983], [-0.2500000000000001, 0.9571067811865475, -0.14644660940672596], [0.45710678118654746, 0.24999999999999978, 0.8535533905932738]]
11	[[0.1500697479079782, -0.48793689800337037, 0.859881767645811], [0.7237996175280507, -0.5382464804175793, -0.4317462680606933], [0.6734932697726708, 0.6871741481494608, 0.2723940265240403]]	0.946919291423498	0.05308070857650448	[[0.1421039393531247, -0.4620368617167334, 0.8142386341271589], [0.685379820962261, -0.5096759758482036, -0.40882887022677], [0.637743769791634, 0.6506984574502346, 0.25793515858413546]]	0.9476617776125488	0.03666489502065511	[[0.1376385122887346, -0.4707676040940062, 0.830503452784197], [0.6964114727344607, -0.5243614549711254, -0.4137263029339597], [0.6525296733991051, 0.659021855364836, 0.26650585273115673]]	[[-0.004576851779600761, -0.008368455969418504, 0.015626368320335423], [0.010494240552542828, -0.01428583854494302, -0.0045768670659606], [0.014285844156210124, 0.007813180600133016, 0.008368445344327255]]	0.15243777299544609	[[0.25, -0.4571067811865474, 0.8535533905932738], [0.7803300858899108, -0.42677669529663675, -0.4571067811865474], [0.5732233047033629, 0.7803300858899107, 0.24999999999999994]]
11	[[-0.8598553706683427, -0.29151891260974605, 0.4191246415132833], [0.4738316458013455, -0.15002286318554503, 0.8677423073463686], [-0.19008501511164744, 0.9447274020120526, 0.2671288507772275]]	0.950813783414474	0.04918621658552968	[[-0.8175623381744201, -0.27718020023534623, 0.3985094861194809], [0.4505256598458825, -0.14264380614411842, 0.8250613462768038], [-0.1807354523887028, 0.8982598354024081, 0.25398979326665816]]	0.9508137838093884	0.049186216625399445	[[-0.8175623381450957, -0.277180200205681, 0.39850948611191317], [0.4505256598289397, -0.1426438061321492, 0.8250613462423443], [-0.1807354523610902, 0.8982598353788794, 0.2539897932412102]]	[[3.6889278553115123e-10, 1.4478923113172202e-10, -1.7308639895507555e-10], [-2.0406346094275168e-10, 7.121361961830288e-11, -3.771419086905252e-10], [1.0267955188193463e-10, -3.966175626200824e-10, -1.3094320027906722e-10]]	0.2267609873649372	[[-0.9267766952966366, -0.2803300858899107, 0.2500000000000003], [0.28033008588991093, -0.07322330470336313, 0.9571067811865475], [-0.24999999999999994, 0.9571067811865475, 0.14644660940672638]]
11	[[-0.3165369632697661, -0.9278010874929129, 0.1974575724831094], [-0.8157660753724355, 0.3724826131232639, 0.4424730649342605], [-0.48407650341181413, -0.021020108654157543, -0.8747731670991965]]	0.9660315699155106	0.03396843008449183	[[-0.30578469956377863, -0.8962851411200969, 0.1907502487375627], [-0.788055782475848, 0.3598299635217013, 0.4274429495637719], [-0.4676331845501265, -0.020306088562971183, -0.8450584959328018]]	0.9660315703279583	0.033968430037097326	[[-0.30578469957309057, -0.8962851411700224, 0.19075024874820964], [-0.7880557825048864, 0.3598299635421183, 0.4274429496190779], [-0.46763318459457376, -0.020306088565417546, -0.8450584959718018]]	[[1.21242708943662e-10, 3.327423342285897e-10, -7.0794063526657e-11], [3.074223677799381e-10, -1.3321304353079865e-10, -1.271919010958841e-10], [1.5520812414536655e-10, 6.223439101130496e-12, 3.217990060909362e-10]]	0.1811489993893573	[[-0.1464466094067265, -0.9571067811865475, 0.24999999999999978], [-0.8535533905932736, 0.25000000000000017, 0.4571067811865477], [-0.5000000000000001, -0.14644660940672596, -0.8535533905932737]]
