1	[[-0.9377842524711256, -0.012787777579644166, -0.34698295139926694], [-0.21556114428834758, -0.7619772552868597, 0.6106750817731164], [-0.2722022940576928, 0.6474775171155194, 0.7118137227812147]]	1.6538388546492718e-16	1.0	[[-1.3877787807814457e-16, 2.7755575615628914e-17, -3.344522621232675e-17], [-2.7755575615628914e-17, -1.942890293094024e-16, 0.0], [-3.344522621232675e-17, 0.0, 1.3877787807814457e-16]]	5.952537000407686e-20	1.111765550411758	[[0.04918786055309041, -4.163336342344337e-17, 0.11875000001056753], [4.163336342344337e-17, -0.06956213945747675, 0.0], [0.11875000001056753, 0.0, 0.11875000002747584]]	[[0.04918786055309045, -2.7755575615628914e-17, 0.11875000001056753], [2.7755575615628914e-17, -0.06956213945747679, 0.0], [0.11875000001056753, 0.0, 0.11875000002747584]]	0.7493353928567371	[[-0.95, 0.0, 0.0], [0.0, -0.95, 0.0], [0.0, 0.0, 0.95]]
1	[[-0.8598553706683427, -0.29151891260974605, 0.4191246415132833], [0.4738316458013455, -0.15002286318554503, 0.8677423073463686], [-0.19008501511164744, 0.9447274020120526, 0.2671288507772275]]	8.028730731592097e-17	1.0	[[-1.1102230246251565e-16, -2.7755575615628914e-17, 2.647226596670604e-17], [2.7755575615628914e-17, -1.3877787807814457e-17, 0.0], [2.647226596670604e-17, 0.0, 2.7755575615628914e-17]]	1.2557048068697495e-20	1.093236903841296	[[0.04918786053895459, -1.3877787807814457e-17, 0.11875000000133813], [1.3877787807814457e-17, -0.0695621394623838, 0.0], [0.11875000000133813, 0.0, 0.11875000000937135]]	[[0.04918786053895459, -1.3877787807814457e-17, 0.11875000000133813], [1.3877787807814457e-17, -0.06956213946238386, 0.0], [0.11875000000133813, 0.0, 0.11875000000937133]]	1.0000000000000002	[[0.0, 0.0, 0.0], [0.0, 0.0, 0.0], [0.0, 0.0, 0.0]]
1	[[0.7682057170631343, 0.5541913911831843, 0.3205181402198053], [0.09030813392978146, -0.589450211148092, 0.8027408607536998], [0.6338015598100375, -0.5877247234172788, -0.5028670125057387]]	1.2514925120931604e-16	1.0	[[1.1102230246251565e-16, 1.3877787807814457e-17, 7.660355809849844e-17], [-1.3877787807814457e-17, -1.6653345369377348e-16, 0.0], [7.660355809849844e-17, 0.0, -8.326672684688674e-17]]	9.64409043288306e-21	1.0557700736825408	[[0.049187860529537664, 6.938893903907228e-17, 0.11875000000035828], [-6.938893903907228e-17, -0.06956213947082013, 0.0], [0.11875000000035828, 0.0, 0.11874999999697772]]	[[0.04918786052953762, 8.326672684688674e-17, 0.11875000000035828], [-8.326672684688674e-17, -0.06956213947082017, 0.0], [0.11875000000035828, 0.0, 0.11874999999697768]]	1.0000000000000002	[[0.0, 0.0, 0.0], [0.0, 0.0, 0.0], [0.0, 0.0, 0.0]]
1	[[0.8875576111457726, 0.3128668588496867, -0.3381653671367607], [-0.3273769476023962, 0.9447770405743245, 0.014855227435465884], [0.3241385831334306, 0.09752267550242714, 0.9409694504536801]]	5.552791588354326e-16	0.9999999999999999	[[4.718447854656915e-16, 1.6653345369377348e-16, 1.3487610792904671e-17], [-1.6653345369377348e-16, 4.996003610813204e-16, 0.0], [1.3487610792904671e-17, 0.0, 5.828670879282072e-16]]	3.8064865807880795e-19	1.0704479252751946	[[0.04918786051833267, 1.3877787807814457e-17, 0.11875000011304518], [-1.3877787807814457e-17, -0.0695621395947127, 0.0], [0.11875000011304518, 0.0, 0.11874999997487727]]	[[0.049187860518332654, 0.0, 0.11875000011304518], [0.0, -0.06956213959471261, 0.0], [0.11875000011304518, 0.0, 0.11874999997487728]]	0.545546402260288	[[0.6717514421272202, 0.67175144212722, 0.0], [-0.67175144212722, 0.6717514421272202, 0.0], [0.0, 0.0, 0.95]]
1	[[0.1500697479079782, -0.48793689800337037, 0.859881767645811], [0.7237996175280507, -0.5382464804175793, -0.4317462680606933], [0.6734932697726708, 0.6871741481494608, 0.2723940265240403]]	2.3348806408971445e-16	1.0	[[2.7755575615628914e-17, -1.5265566588595902e-16, 1.9501105890859826e-16], [1.5265566588595902e-16, -5.551115123125783e-17, 0.0], [1.9501105890859826e-16, 0.0, 2.7755575615628914e-17]]	8.702846349877842e-20	0.9882219826812192	[[0.049187860562185354, -4.163336342344337e-17, 0.11875000001214442], [4.163336342344337e-17, -0.06956213944995918, 0.0], [0.11875000001214442, 0.0, 0.11875000003940564]]	[[0.04918786056218538, -4.163336342344337e-17, 0.11875000001214442], [4.163336342344337e-17, -0.06956213944995912, 0.0], [0.11875000001214442, 0.0, 0.11875000003940564]]	0.9404571005929734	[[0.0, 0.0, 0.95], [0.0, -0.95, 0.0], [0.95, 0.0, 0.0]]
1	[[0.39514561495520173, 0.8903073900525152, 0.22630221872432854], [-0.7137866099724287, 0.4526453451835295, -0.5344350913887965], [-0.5782461572771092, 0.04964818930798781, 0.814350317058141]]	2.0074215436944027e-16	0.9999999999999998	[[8.326672684688674e-17, 1.6653345369377348e-16, -1.769413933687626e-17], [-1.6653345369377348e-16, 1.1102230246251565e-16, 0.0], [-1.769413933687626e-17, 0.0, 2.220446049250313e-16]]	6.503393281043512e-20	1.0949639502166533	[[0.04918786054897607, -1.6653345369377348e-16, 0.11875000000552832], [1.6653345369377348e-16, -0.06956213945655243, 0.0], [0.11875000000552832, 0.0, 0.11875000002235814]]	[[0.04918786054897609, -1.6653345369377348e-16, 0.11875000000552832], [1.6653345369377348e-16, -0.06956213945655236, 0.0], [0.11875000000552832, 0.0, 0.11875000002235812]]	0.6571224702251288	[[0.6717514421272202, 0.67175144212722, 0.0], [-0.67175144212722, 0.6717514421272202, 0.0], [0.0, 0.0, 0.95]]
1	[[0.6569714475509829, -0.30708792903278176, -0.688538685147845], [0.5770443935784932, 0.7925721197384169, 0.19710201128598737], [0.4851889167555201, -0.5268077816962367, 0.6979006205770957]]	1.2041011487338822e-16	1.0	[[5.551115123125783e-17, -5.551115123125783e-17, 5.204614279775948e-18], [5.551115123125783e-17, 1.0581768818273971e-16, 0.0], [5.204614279775948e-18, 0.0, 2.7755575615628914e-17]]	5.335727286587777e-20	1.0917371478382132	[[0.04918786055778207, 1.1102230246251565e-16, 0.11875000001279462], [-1.1102230246251565e-16, -0.06956213945501222, 0.0], [0.11875000001279462, 0.0, 0.11875000003353856]]	[[0.04918786055778204, 1.1102230246251565e-16, 0.11875000001279462], [-1.1102230246251565e-16, -0.06956213945501227, 0.0], [0.11875000001279462, 0.0, 0.11875000003353853]]	0.788571027843058	[[0.6717514421272202, -0.67175144212722, 0.0], [0.67175144212722, 0.6717514421272202, 0.0], [0.0, 0.0, 0.95]]
1	[[-0.28551340625994115, -0.7402800071091643, -0.6086605013636927], [-0.9037881084920453, 0.4192574902120425, -0.08596634137539147], [0.31882463799746885, 0.5255555802915186, -0.7887599015101034]]	6.657148912162063e-17	1.0000000000000002	[[-2.7755575615628914e-17, 0.0, 7.780000161533692e-18], [0.0, 2.7755575615628914e-17, 0.0], [7.780000161533692e-18, 0.0, -2.7755575615628914e-17]]	2.171257314019483e-20	1.185333374748831	[[0.049187860551617946, -5.551115123125783e-17, 0.11875000000983615], [5.551115123125783e-17, -0.06956213945821854, 0.0], [0.11875000000983615, 0.0, 0.11875000002557476]]	[[0.04918786055161797, -5.551115123125783e-17, 0.11875000000983615], [5.551115123125783e-17, -0.06956213945821851, 0.0], [0.11875000000983615, 0.0, 0.11875000002557473]]	1.0000000000000002	[[0.0, 0.0, 0.0], [0.0, 0.0, 0.0], [0.0, 0.0, 0.0]]
1	[[0.6438892552647056, -0.6636492387928785, 0.380757553837473], [-0.15091110836074634, -0.5980263899765946, -0.7871405683007917], [0.7500883043535569, 0.4493708098454942, -0.48521480905966874]]	1.30978641160057e-16	1.0000000000000002	[[9.71445146547012e-17, -4.163336342344337e-17, 9.083276940280501e-17], [4.163336342344337e-17, -9.71445146547012e-17, 0.0], [9.083276940280501e-17, 0.0, -8.326672684688674e-17]]	1.1274062545393481e-20	1.04457911951803	[[0.04918786053141659, -2.7755575615628914e-17, 0.11874999999977776], [2.7755575615628914e-17, -0.06956213946836094, 0.0], [0.11874999999977776, 0.0, 0.11874999999950055]]	[[0.04918786053141656, -4.163336342344337e-17, 0.11874999999977776], [4.163336342344337e-17, -0.06956213946836097, 0.0], [0.11874999999977776, 0.0, 0.11874999999950057]]	1.0000000000000002	[[0.0, 0.0, 0.0], [0.0, 0.0, 0.0], [0.0, 0.0, 0.0]]
1	[[-0.16743794764991254, 0.7773753727082936, -0.606343189615771], [-0.9312695185128573, 0.07714504854866044, 0.35606983215832233], [0.3235762932843136, 0.6242885321636675, 0.711028980445465]]	1.380851679942529e-16	1.0	[[-5.551115123125783e-17, 1.1102230246251565e-16, -2.017861232405036e-18], [-1.1102230246251565e-16, -5.551115123125783e-17, 0.0], [-2.017861232405036e-18, 0.0, 1.3877787807814457e-16]]	7.344465316135015e-21	1.0958880263437971	[[0.049187860528721344, 5.551115123125783e-17, 0.11874999999481826], [-5.551115123125783e-17, -0.06956213946609661, 0.0], [0.11874999999481826, 0.0, 0.11874999999625555]]	[[0.04918786052872136, 5.551115123125783e-17, 0.11874999999481826], [-5.551115123125783e-17, -0.0695621394660966, 0.0], [0.11874999999481826, 0.0, 0.11874999999625557]]	1.0000000000000002	[[0.0, 0.0, 0.0], [0.0, 0.0, 0.0], [0.0, 0.0, 0.0]]
1	[[-0.3165369632697661, -0.9278010874929129, 0.1974575724831094], [-0.8157660753724355, 0.3724826131232639, 0.4424730649342605], [-0.48407650341181413, -0.021020108654157543, -0.8747731670991965]]	7.052892828285709e-17	0.9999999999999999	[[2.7755575615628914e-17, -1.3877787807814457e-17, 7.322565581225158e-18], [1.3877787807814457e-17, 0.0, 0.0], [7.322565581225158e-18, 0.0, -2.7755575615628914e-17]]	2.5423212505749888e-20	1.1893858812928053	[[0.04918786055454008, -6.938893903907228e-17, 0.1187500000113169], [6.938893903907228e-17, -0.06956213945677663, 0.0], [0.1187500000113169, 0.0, 0.11875000002934538]]	[[0.04918786055454008, -6.938893903907228e-17, 0.1187500000113169], [6.938893903907228e-17, -0.06956213945677663, 0.0], [0.1187500000113169, 0.0, 0.11875000002934541]]	0.9999999999999999	[[0.0, 0.0, 0.0], [0.0, 0.0, 0.0], [0.0, 0.0, 0.0]]
1	[[0.406855499873406, -0.3245501708658478, -0.8538944834191807], [-0.8488954288502084, 0.21093624421169652, -0.4846467288191305], [0.33740947393335186, 0.9220483108106712, -0.18968858540040373]]	5.150732398240223e-17	0.9999999999999998	[[-2.7755575615628914e-17, 0.0, 4.154249186181905e-18], [0.0, 2.7755575615628914e-17, 0.0], [4.154249186181905e-18, 0.0, -5.551115123125783e-17]]	2.6283450496708465e-21	1.149722744969159	[[0.04918786052740223, 5.551115123125783e-17, 0.11874999999784332], [-5.551115123125783e-17, -0.06956213947044175, 0.0], [0.11874999999784332, 0.0, 0.11874999999431445]]	[[0.04918786052740219, 4.163336342344337e-17, 0.11874999999784332], [-4.163336342344337e-17, -0.06956213947044179, 0.0], [0.11874999999784332, 0.0, 0.11874999999431443]]	0.9999999999999999	[[0.0, 0.0, 0.0], [0.0, 0.0, 0.0], [0.0, 0.0, 0.0]]
1	[[0.5403191569681028, 0.6036400661371987, -0.5862370503193712], [0.4146608078153325, 0.41521567174819174, 0.8097236321095203], [0.7321964374914798, -0.6805987191352745, -0.02595689573522414]]	5.460282021353165e-17	1.0	[[2.7755575615628914e-17, 0.0, 2.1303905527849676e-17], [0.0, 0.0, 0.0], [2.1303905527849676e-17, 0.0, -2.7755575615628914e-17]]	2.4674045271385238e-20	1.1013603312769362	[[0.04918786056407333, 1.3877787807814457e-17, 0.11875000001308185], [-1.3877787807814457e-17, -0.06956213944900819, 0.0], [0.11875000001308185, 0.0, 0.11875000004184211]]	[[0.04918786056407326, 2.7755575615628914e-17, 0.11875000001308185], [-2.7755575615628914e-17, -0.06956213944900815, 0.0], [0.11875000001308185, 0.0, 0.11875000004184207]]	1.0	[[0.0, 0.0, 0.0], [0.0, 0.0, 0.0], [0.0, 0.0, 0.0]]
1	[[-0.9506790929980296, 0.17724456833992716, -0.25454591949280275], [0.013897849357551978, -0.7954843399685079, -0.6058147527488101], [-0.30986466710433175, -0.579473060511755, 0.7537870125051647]]	1.8953171197132537e-16	0.9999999999999998	[[-1.6653345369377348e-16, 1.3877787807814457e-17, -3.57116758383791e-17], [-1.3877787807814457e-17, -1.6653345369377348e-16, 0.0], [-3.57116758383791e-17, 0.0, 2.220446049250313e-16]]	5.597307730424862e-20	1.1058903928831065	[[0.04918786054711598, 8.326672684688674e-17, 0.11875000000832879], [-8.326672684688674e-17, -0.06956213946121259, 0.0], [0.11875000000832879, 0.0, 0.11875000001971664]]	[[0.04918786054711598, 9.71445146547012e-17, 0.11875000000832879], [-9.71445146547012e-17, -0.06956213946121266, 0.0], [0.11875000000832879, 0.0, 0.11875000001971672]]	0.6910478107930613	[[-0.95, 0.0, 0.0], [0.0, -0.95, 0.0], [0.0, 0.0, 0.95]]
1	[[-0.010871777499557311, -0.0840287307277911, 0.9964040229075135], [0.9413747147740295, -0.3368748437119881, -0.018137972823285553], [0.33718756032528074, 0.9377923608594283, 0.08276495076773299]]	1.1111983775057612e-16	1.0000000000000002	[[0.0, -5.551115123125783e-17, 9.08745632869134e-17], [5.551115123125783e-17, -2.7755575615628914e-17, 0.0], [9.08745632869134e-17, 0.0, 2.7755575615628914e-17]]	2.4667572845417932e-20	1.0023031593313498	[[0.04918786054579202, 0.0, 0.11875000000694456], [0.0, -0.06956213946115253, 0.0], [0.11875000000694456, 0.0, 0.11875000001805504]]	[[0.049187860545791995, 0.0, 0.11875000000694456], [0.0, -0.06956213946115254, 0.0], [0.11875000000694456, 0.0, 0.11875000001805505]]	1.0000000000000002	[[0.0, 0.0, 0.0], [0.0, 0.0, 0.0], [0.0, 0.0, 0.0]]
1	[[-0.2538643033432252, 0.48696402069590106, -0.8357146391177678], [-0.8713143736524561, 0.26000688613899875, 0.4161822694768838], [0.4199573523045962, 0.8338239992396379, 0.35829228366981253]]	7.571137455956022e-17	0.9999999999999999	[[-8.326672684688674e-17, 5.551115123125783e-17, 1.7361688718624414e-18], [-5.551115123125783e-17, 0.0, 0.0], [1.7361688718624414e-18, 0.0, 5.551115123125783e-17]]	-1.481982188111662e-21	1.1268867938523035	[[0.04918786052369517, -2.0816681711721685e-16, 0.11874999999156631], [2.0816681711721685e-16, -0.06956213946787142, 0.0], [0.11874999999156631, 0.0, 0.11874999998981645]]	[[0.049187860523695046, -2.220446049250313e-16, 0.11874999999156631], [2.220446049250313e-16, -0.06956213946787139, 0.0], [0.11874999999156631, 0.0, 0.11874999998981642]]	1.0000000000000002	[[0.0, 0.0, 0.0], [0.0, 0.0, 0.0], [0.0, 0.0, 0.0]]
1	[[-0.3298322266022023, -0.8762827350930389, 0.35119691125136165], [0.9222848180711871, -0.37850758052406547, -0.0782478487960887], [0.201497932123461, 0.2980949172053785, 0.9330262609842703]]	1.3508559311005412e-15	0.9999999999999988	[[-4.440892098500626e-16, -1.2073675392798577e-15, 3.8792164312916405e-16], [1.2073675392798577e-15, -4.996003610813204e-16, 0.0], [3.8792164312916405e-16, 0.0, 1.1657341758564144e-15]]	2.2241710762361534e-18	1.0287032734470556	[[0.04918786066456267, -1.5265566588595902e-16, 0.1187500000600339], [1.5265566588595902e-16, -0.06956213939547105, 0.0], [0.1187500000600339, 0.0, 0.1187500001717471]]	[[0.04918786066456267, -1.5265566588595902e-16, 0.1187500000600339], [1.5265566588595902e-16, -0.06956213939547105, 0.0], [0.1187500000600339, 0.0, 0.11875000017174701]]	1.0000000000000002	[[0.0, 0.0, 0.0], [0.0, 0.0, 0.0], [0.0, 0.0, 0.0]]
1	[[0.5035622894699279, 0.5369873573117416, 0.6768083914308072], [0.7236893469787391, 0.16572605027924595, -0.6699317915492047], [-0.4719096838308055, 0.8271514095654997, -0.3051586406453477]]	5.440449624246385e-17	1.0000000000000002	[[0.0, 0.0, 2.288005635816668e-17], [0.0, 0.0, 0.0], [2.288005635816668e-17, 0.0, -2.7755575615628914e-17]]	7.0661287871129105e-22	1.1089837537519747	[[0.04918786052445981, 1.5265566588595902e-16, 0.11874999999635368], [-1.5265566588595902e-16, -0.06956213947189364, 0.0], [0.11874999999635368, 0.0, 0.11874999999051854]]	[[0.049187860524459864, 1.5265566588595902e-16, 0.11874999999635368], [-1.5265566588595902e-16, -0.0695621394718936, 0.0], [0.11874999999635368, 0.0, 0.11874999999051856]]	1.0000000000000002	[[0.0, 0.0, 0.0], [0.0, 0.0, 0.0], [0.0, 0.0, 0.0]]
1	[[0.388721369236936, 0.6072553768335828, 0.6929189017520486], [-0.1881814353775204, -0.6838834560027736, 0.704905075868346], [0.9019331707381749, -0.4044061398055253, -0.1515659249626253]]	2.1565923106668643e-16	1.0	[[1.1102230246251565e-16, 8.326672684688674e-17, 1.8803069468776848e-16], [-8.326672684688674e-17, -1.3877787807814457e-16, 0.0], [1.8803069468776848e-16, 0.0, -4.163336342344337e-17]]	8.524419828702974e-20	0.9998236029219911	[[0.04918786056208117, 5.551115123125783e-17, 0.11875000001796956], [-5.551115123125783e-17, -0.0695621394558882, 0.0], [0.11875000001796956, 0.0, 0.11875000003889136]]	[[0.04918786056208109, 5.551115123125783e-17, 0.11875000001796956], [-5.551115123125783e-17, -0.06956213945588821, 0.0], [0.11875000001796956, 0.0, 0.11875000003889134]]	0.8292775457780421	[[0.0, 0.0, 0.95], [0.0, -0.95, 0.0], [0.95, 0.0, 0.0]]
1	[[0.4709175022496733, 0.19115318190370978, 0.8612184201020178], [0.8821529167293078, -0.0947858233539779, -0.46132621776469945], [-0.006552677384344174, 0.9769729314260427, -0.21326264014097962]]	7.212472623548686e-17	0.9999999999999998	[[-2.7755575615628914e-17, -1.3877787807814457e-17, 4.793001956867697e-17], [1.3877787807814457e-17, -2.7755575615628914e-17, 0.0], [4.793001956867697e-17, 0.0, -8.326672684688674e-17]]	1.616556290633588e-20	1.0570180741924553	[[0.04918786054490751, -2.7755575615628914e-17, 0.1187500000065347], [2.7755575615628914e-17, -0.06956213946162663, 0.0], [0.1187500000065347, 0.0, 0.11875000001691167]]	[[0.049187860544907536, -1.3877787807814457e-17, 0.1187500000065347], [1.3877787807814457e-17, -0.06956213946162657, 0.0], [0.1187500000065347, 0.0, 0.11875000001691165]]	0.9999999999999998	[[0.0, 0.0, 0.0], [0.0, 0.0, 0.0], [0.0, 0.0, 0.0]]
1	[[-0.7797112461789556, 0.3586263663473402, 0.5132616310835669], [0.12556441147624647, -0.7135152995487305, 0.6892963773882098], [0.6134198816085799, 0.6018995320403472, 0.511305194748623]]	1.7128811121952412e-16	0.9999999999999999	[[-1.942890293094024e-16, 2.7755575615628914e-17, 1.130965203004761e-16], [-2.7755575615628914e-17, -1.249000902703301e-16, 0.0], [1.130965203004761e-16, 0.0, 1.1102230246251565e-16]]	2.9923069739576964e-20	1.0048419775415671	[[0.049187860540176515, 1.3877787807814457e-17, 0.1187500000048832], [-1.3877787807814457e-17, -0.06956213946470725, 0.0], [0.1187500000048832, 0.0, 0.11875000001075912]]	[[0.049187860540176515, 4.163336342344337e-17, 0.1187500000048832], [-4.163336342344337e-17, -0.06956213946470725, 0.0], [0.1187500000048832, 0.0, 0.11875000001075914]]	0.9737529699813535	[[-0.95, 0.0, 0.0], [0.0, -0.95, 0.0], [0.0, 0.0, 0.95]]
1	[[0.312078085329446, 0.25026955923460475, -0.9165000907679297], [0.9493512559049828, -0.044986478459825396, 0.310979757648975], [0.036598655285933646, -0.9671304795508722, -0.25163301443761527]]	5.626362176855202e-17	1.0	[[-2.7755575615628914e-17, -2.7755575615628914e-17, -7.205661889689743e-18], [2.7755575615628914e-17, -2.054991372593917e-17, 0.0], [-7.205661889689743e-18, 0.0, 1.3877787807814457e-17]]	1.1295818680917414e-20	1.1701984332269568	[[0.049187860538999706, 1.3877787807814457e-17, 0.11875000000360149], [-1.3877787807814457e-17, -0.06956213946460224, 0.0], [0.11875000000360149, 0.0, 0.11875000000928465]]	[[0.04918786053899972, 1.3877787807814457e-17, 0.11875000000360149], [-1.3877787807814457e-17, -0.06956213946460224, 0.0], [0.11875000000360149, 0.0, 0.1187500000092847]]	1.0	[[0.0, 0.0, 0.0], [0.0, 0.0, 0.0], [0.0, 0.0, 0.0]]
1	[[0.2932727100912193, 0.7663848849828426, 0.5715289367876191], [0.00018149557078206424, 0.5977709472802035, -0.8016669268761718], [-0.9560288094901268, 0.235210762206075, 0.175170810260522]]	5.9053681079623e-17	0.9999999999999998	[[2.7755575615628914e-17, 2.7755575615628914e-17, 6.087380048273651e-18], [-2.7755575615628914e-17, 4.942377118298418e-17, 0.0], [6.087380048273651e-18, 0.0, -2.7755575615628914e-17]]	1.3467185713048576e-20	1.131764463594546	[[0.04918786054166016, 1.1102230246251565e-16, 0.11875000000484813], [-1.1102230246251565e-16, -0.06956213946318786, 0.0], [0.11875000000484813, 0.0, 0.11875000001272423]]	[[0.04918786054166016, 1.249000902703301e-16, 0.11875000000484813], [-1.249000902703301e-16, -0.06956213946318789, 0.0], [0.11875000000484813, 0.0, 0.11875000001272426]]	1.0	[[0.0, 0.0, 0.0], [0.0, 0.0, 0.0], [0.0, 0.0, 0.0]]
1	[[0.23507429571004806, 0.1639243119487907, -0.9580547455383437], [0.7224674736879957, -0.6888480443340972, 0.059406407734983124], [-0.6502159833157828, -0.7061283111228478, -0.2803604524027675]]	1.220738804542289e-16	1.0000000000000004	[[4.163336342344337e-17, -4.163336342344337e-17, -8.003639975603887e-17], [4.163336342344337e-17, -8.326672684688674e-17, 0.0], [-8.003639975603887e-17, 0.0, -2.7755575615628914e-17]]	9.019082404176804e-20	1.1989162259673323	[[0.049187860577786055, -1.5265566588595902e-16, 0.11875000001988925], [1.5265566588595902e-16, -0.06956213944210318, 0.0], [0.11875000001988925, 0.0, 0.11875000005954357]]	[[0.04918786057778607, -1.3877787807814457e-16, 0.11875000001988925], [1.3877787807814457e-16, -0.06956213944210318, 0.0], [0.11875000001988925, 0.0, 0.11875000005954355]]	1.0	[[0.0, 0.0, 0.0], [0.0, 0.0, 0.0], [0.0, 0.0, 0.0]]
1	[[-0.22702687951129652, -0.2600962815277815, 0.9385141023526418], [0.7861776675639859, -0.6177088015181534, 0.01898714171901844], [0.574789936414178, 0.742149419498815, 0.3447183896089062]]	2.1994843076857635e-16	1.0000000000000002	[[-5.551115123125783e-17, -1.1102230246251565e-16, 1.825180861595499e-16], [1.1102230246251565e-16, -2.0816681711721685e-16, 0.0], [1.825180861595499e-16, 0.0, 5.551115123125783e-17]]	1.0486997169323603e-19	0.9770487875896944	[[0.0491878605706781, 9.71445146547012e-17, 0.11875000002223765], [-9.71445146547012e-17, -0.06956213945155994, 0.0], [0.11875000002223765, 0.0, 0.11875000004998901]]	[[0.049187860570678116, 9.71445146547012e-17, 0.11875000002223765], [-9.71445146547012e-17, -0.06956213945155995, 0.0], [0.11875000002223765, 0.0, 0.118750000049989]]	0.9099658244842366	[[0.0, 0.0, 0.95], [0.0, -0.95, 0.0], [0.95, 0.0, 0.0]]
1	[[-0.7789526709276531, -0.6132277320749256, -0.13108960702099365], [0.4894249346840115, -0.725216103161197, 0.48427764456480876], [-0.3920407756397623, 0.31307084235030797, 0.8650379632743539]]	3.6294235003182414e-16	1.0	[[-3.3306690738754696e-16, -2.0816681711721685e-16, -7.682972528123099e-17], [2.0816681711721685e-16, -3.0531133177191805e-16, 0.0], [-7.682972528123099e-17, 0.0, 3.469446951953614e-16]]	1.2746786884802124e-19	1.09681166199685	[[0.0491878605532593, -1.249000902703301e-16, 0.11875000000480362], [1.249000902703301e-16, -0.06956213945154388, 0.0], [0.11875000000480362, 0.0, 0.11875000002807187]]	[[0.04918786055325926, -1.5265566588595902e-16, 0.1187500000048036], [1.5265566588595902e-16, -0.06956213945154383, 0.0], [0.1187500000048036, 0.0, 0.11875000002807191]]	0.7757277869877786	[[-0.95, 0.0, 0.0], [0.0, -0.95, 0.0], [0.0, 0.0, 0.95]]
1	[[-0.7357259517984016, -0.6355984379310936, 0.23392723131326343], [-0.6762908134220847, 0.6707859050452003, -0.3044289823153933], [0.03657949604943121, -0.38217914031543476, -0.9233639830405582]]	1.324631657852278e-16	0.9999999999999997	[[-6.938893903907228e-17, 1.3877787807814457e-17, 3.512521840836569e-17], [-1.3877787807814457e-17, 1.249000902703301e-16, 0.0], [3.512521840836569e-17, 0.0, -1.8041124150158794e-16]]	4.1661339658629306e-20	1.1742548990500776	[[0.04918786055214043, 8.326672684688674e-17, 0.11875000001008146], [-8.326672684688674e-17, -0.06956213945794107, 0.0], [0.11875000001008146, 0.0, 0.11875000002625027]]	[[0.04918786055214046, 6.938893903907228e-17, 0.11875000001008146], [-6.938893903907228e-17, -0.06956213945794107, 0.0], [0.11875000001008146, 0.0, 0.11875000002625033]]	0.7994485299942999	[[-0.95, 0.0, 0.0], [0.0, 0.95, 0.0], [0.0, 0.0, -0.95]]
1	[[-0.7099649817244492, 0.17004561671924806, -0.6833990144561036], [-0.6966343129430994, -0.02737173477805739, 0.7169040536679481], [0.1032005753632168, 0.9850559762621669, 0.13789258455366898]]	6.897632353058075e-17	1.0000000000000004	[[-2.7755575615628914e-17, 1.3877787807814457e-17, -2.500866528812711e-18], [-1.3877787807814457e-17, 4.163336342344337e-17, 0.0], [-2.500866528812711e-18, 0.0, -2.7755575615628914e-17]]	1.4711160144447157e-20	1.151022396310897	[[0.04918786054038042, 4.163336342344337e-17, 0.11875000000572658], [-4.163336342344337e-17, -0.06956213946534578, 0.0], [0.11875000000572658, 0.0, 0.11875000001097435]]	[[0.04918786054038042, 2.7755575615628914e-17, 0.11875000000572658], [-2.7755575615628914e-17, -0.0695621394653458, 0.0], [0.11875000000572658, 0.0, 0.1187500000109743]]	1.0000000000000004	[[0.0, 0.0, 0.0], [0.0, 0.0, 0.0], [0.0, 0.0, 0.0]]
1	[[-0.8451655046892217, 0.03102096411427288, 0.5336037569853065], [0.3597306106374598, 0.7713925264558512, 0.5249261451846907], [-0.3953342351148118, 0.635603075758354, -0.6631135442989435]]	1.2233869314444056e-16	1.0	[[-1.3877787807814457e-16, -2.7755575615628914e-17, 2.5741260907087472e-17], [2.7755575615628914e-17, 1.3877787807814457e-16, 0.0], [2.5741260907087472e-17, 0.0, -8.326672684688674e-17]]	1.4809162839894946e-20	1.1718996243411313	[[0.049187860533793024, 0.0, 0.11875000000097197], [0.0, -0.06956213946717854, 0.0], [0.11875000000097197, 0.0, 0.11875000000256741]]	[[0.049187860533793024, -4.163336342344337e-17, 0.11875000000097197], [4.163336342344337e-17, -0.06956213946717853, 0.0], [0.11875000000097197, 0.0, 0.11875000000256745]]	0.8287412161393833	[[-0.95, 0.0, 0.0], [0.0, 0.95, 0.0], [0.0, 0.0, -0.95]]
1	[[-0.09570001472736311, 0.5345101365068197, -0.8397263966034669], [0.9941363825171496, 0.008658117471247562, -0.10778631618888002], [-0.05034242879418521, -0.8451177142702161, -0.5322045554951473]]	5.752693361235429e-17	0.9999999999999998	[[-1.3877787807814457e-17, -1.3877787807814457e-17, -8.04745645710242e-18], [1.3877787807814457e-17, 0.0, 0.0], [-8.04745645710242e-18, 0.0, -4.163336342344337e-17]]	1.4236580339990686e-20	1.1934909566218757	[[0.049187860543133954, 1.3877787807814457e-17, 0.11875000000562437], [-1.3877787807814457e-17, -0.06956213946249094, 0.0], [0.11875000000562437, 0.0, 0.11875000001462327]]	[[0.04918786054313393, 0.0, 0.11875000000562437], [0.0, -0.06956213946249093, 0.0], [0.11875000000562437, 0.0, 0.11875000001462326]]	0.9999999999999998	[[0.0, 0.0, 0.0], [0.0, 0.0, 0.0], [0.0, 0.0, 0.0]]
1	[[-0.20892554660170207, -0.8722728212278597, 0.4421427838655412], [-0.9769286190798419, 0.16569047850232185, -0.13474842691632785], [0.04427854107729115, -0.4600943280250934, -0.8867652564908058]]	7.497446649597855e-17	1.0000000000000004	[[-2.7755575615628914e-17, 0.0, 3.544194994504727e-17], [0.0, -1.3877787807814457e-17, 0.0], [3.544194994504727e-17, 0.0, -9.71445146547012e-17]]	2.0667966689620777e-20	1.1367046150694033	[[0.04918786054960579, 1.3877787807814457e-17, 0.1187500000088672], [-1.3877787807814457e-17, -0.06956213945926076, 0.0], [0.1187500000088672, 0.0, 0.11875000002297613]]	[[0.049187860549605764, 0.0, 0.1187500000088672], [0.0, -0.06956213945926074, 0.0], [0.1187500000088672, 0.0, 0.11875000002297614]]	1.0000000000000002	[[0.0, 0.0, 0.0], [0.0, 0.0, 0.0], [0.0, 0.0, 0.0]]
1	[[-0.3901123425915053, -0.19274962118636868, 0.9003665607352815], [0.8924450663689159, 0.1615093954769425, 0.42125588267281683], [-0.22661457073972407, 0.9678648142716957, 0.10901163985220427]]	7.620376174512172e-17	1.0	[[0.0, -4.163336342344337e-17, 4.282008718071193e-17], [4.163336342344337e-17, 0.0, 0.0], [4.282008718071193e-17, 0.0, 4.163336342344337e-17]]	2.4578253068353806e-20	1.0665471759905107	[[0.04918786055423677, -1.3877787807814457e-17, 0.11875000001113638], [1.3877787807814457e-17, -0.06956213945689954, 0.0], [0.11875000001113638, 0.0, 0.11875000002895575]]	[[0.049187860554236754, 0.0, 0.11875000001113638], [0.0, -0.06956213945689957, 0.0], [0.11875000001113638, 0.0, 0.11875000002895574]]	1.0	[[0.0, 0.0, 0.0], [0.0, 0.0, 0.0], [0.0, 0.0, 0.0]]
1	[[-0.04368688083802902, -0.7928421645001731, 0.6078591601952907], [-0.07099332237196321, 0.6093655773994191, 0.7897047177643444], [-0.9965196458782106, -0.008654205414294847, -0.08290778074109101]]	5.686686544224845e-17	1.0	[[-2.7755575615628914e-17, -2.7755575615628914e-17, 6.386648424294558e-18], [2.7755575615628914e-17, 2.1368927191334356e-17, 0.0], [6.386648424294558e-18, 0.0, 2.7755575615628914e-17]]	8.872723183408734e-21	1.152018887717834	[[0.04918786053611131, 2.7755575615628914e-17, 0.11875000000210854], [-2.7755575615628914e-17, -0.06956213946599699, 0.0], [0.11875000000210854, 0.0, 0.11875000000556066]]	[[0.049187860536111294, 2.7755575615628914e-17, 0.11875000000210854], [-2.7755575615628914e-17, -0.06956213946599689, 0.0], [0.11875000000210854, 0.0, 0.1187500000055606]]	1.0	[[0.0, 0.0, 0.0], [0.0, 0.0, 0.0], [0.0, 0.0, 0.0]]
1	[[-0.6282958732607286, -0.7138118081737849, -0.3093816383614419], [-0.5738327107911779, 0.1566825842932765, 0.8038448779492399], [-0.5253192511888238, 0.6825857237672436, -0.5080515860024072]]	6.621339024179461e-17	0.9999999999999999	[[-2.7755575615628914e-17, 0.0, -1.0063554429294729e-17], [0.0, 3.7819130044923644e-17, 0.0], [-1.0063554429294729e-17, 0.0, -1.1102230246251565e-16]]	2.1327242250460267e-20	1.2025310422977673	[[0.0491878605504851, 6.938893903907228e-17, 0.11875000000779048], [-6.938893903907228e-17, -0.06956213945730536, 0.0], [0.11875000000779048, 0.0, 0.11875000002420881]]	[[0.04918786055048509, 5.551115123125783e-17, 0.11875000000779048], [-5.551115123125783e-17, -0.06956213945730531, 0.0], [0.11875000000779048, 0.0, 0.11875000002420881]]	0.9999999999999999	[[0.0, 0.0, 0.0], [0.0, 0.0, 0.0], [0.0, 0.0, 0.0]]
1	[[0.15665500554066836, 0.7010445100749366, 0.6956980696630148], [0.9690588098128995, 0.026938980891129116, -0.2453554858415722], [-0.1907465133706504, 0.7126085083707178, -0.6751332323583257]]	6.338576308228977e-17	1.0	[[2.7755575615628914e-17, -1.3877787807814457e-17, 3.322877205142686e-17], [1.3877787807814457e-17, 0.0, 0.0], [3.322877205142686e-17, 0.0, -5.551115123125783e-17]]	6.620763467832351e-21	1.1133760077420887	[[0.04918786053315727, 4.163336342344337e-17, 0.11875000000064226], [-4.163336342344337e-17, -0.06956213946748502, 0.0], [0.11875000000064226, 0.0, 0.11875000000174729]]	[[0.04918786053315731, 2.7755575615628914e-17, 0.11875000000064226], [-2.7755575615628914e-17, -0.069562139467485, 0.0], [0.11875000000064226, 0.0, 0.11875000000174728]]	1.0	[[0.0, 0.0, 0.0], [0.0, 0.0, 0.0], [0.0, 0.0, 0.0]]
1	[[-0.5981897663743452, -0.7419171441245457, 0.3028662322859456], [0.7115509511219108, -0.6655993255599615, -0.22510615667197656], [0.3685976768273374, 0.0808485563767378, 0.9260665546111073]]	2.3789868107603304e-15	0.9999999999999977	[[-1.4016565685892601e-15, -1.734723475976807e-15, 8.10988825231404e-16], [1.734723475976807e-15, -1.609823385706477e-15, 0.0], [8.10988825231404e-16, 0.0, 2.220446049250313e-15]]	8.781655404233845e-18	1.0195742332126567	[[0.04918786083420695, -2.7755575615628914e-17, 0.11875000014716669], [2.7755575615628914e-17, -0.0695621393129595, 0.0], [0.11875000014716669, 0.0, 0.11875000039054001]]	[[0.04918786083420695, -2.7755575615628914e-17, 0.11875000014716669], [2.7755575615628914e-17, -0.06956213931295945, 0.0], [0.11875000014716669, 0.0, 0.11875000039054]]	0.8787133410742417	[[-0.95, 0.0, 0.0], [0.0, -0.95, 0.0], [0.0, 0.0, 0.95]]
1	[[0.6069875784705717, -0.6928697567511047, 0.38922690010082395], [0.12403339438257666, 0.5663640199931965, 0.8147683805444849], [-0.7849724814669417, -0.44627715271657287, 0.4297149128233985]]	7.256793142453187e-17	1.0000000000000002	[[8.326672684688674e-17, -2.7755575615628914e-17, 3.1044592951473206e-18], [2.7755575615628914e-17, 5.2406691936110504e-17, 0.0], [3.1044592951473206e-18, 0.0, 0.0]]	3.431381940241989e-20	1.1147990759637698	[[0.049187860559567725, -8.326672684688674e-17, 0.11875000001526698], [8.326672684688674e-17, -0.06956213945569978, 0.0], [0.11875000001526698, 0.0, 0.11875000003574077]]	[[0.049187860559567684, -5.551115123125783e-17, 0.11875000001526698], [5.551115123125783e-17, -0.06956213945569979, 0.0], [0.11875000001526698, 0.0, 0.11875000003574077]]	1.0000000000000002	[[0.0, 0.0, 0.0], [0.0, 0.0, 0.0], [0.0, 0.0, 0.0]]
1	[[-0.9329322773960255, -0.042925561482400815, -0.35748393245583304], [-0.169270649991114, -0.8240132564325088, 0.5406936288463909], [-0.3177810769134181, 0.5649420761413629, 0.7614825262347359]]	2.1264366421230525e-16	1.0000000000000002	[[-2.220446049250313e-16, 1.3877787807814457e-17, -5.387520429875892e-17], [-1.3877787807814457e-17, -1.6653345369377348e-16, 0.0], [-5.387520429875892e-17, 0.0, 2.220446049250313e-16]]	5.640013282553186e-20	1.1112198733971765	[[0.04918786056469926, 1.3877787807814457e-16, 0.1187499999799073], [-1.3877787807814457e-16, -0.0695621394152077, 0.0], [0.1187499999799073, 0.0, 0.11875000004481347]]	[[0.04918786056469929, 1.5265566588595902e-16, 0.1187499999799073], [-1.5265566588595902e-16, -0.06956213941520772, 0.0], [0.1187499999799073, 0.0, 0.11875000004481345]]	0.6782280906449497	[[-0.95, 0.0, 0.0], [0.0, -0.95, 0.0], [0.0, 0.0, 0.95]]
1	[[0.9008474576716361, -0.4254042240105299, 0.08663200448188091], [-0.049446002604253164, -0.2987906365719553, -0.9530368557004423], [0.4313107358193278, 0.8542572222058906, -0.2901993237002208]]	8.068243863637353e-17	0.9999999999999998	[[1.3877787807814457e-16, -1.3877787807814457e-17, 3.808093543554233e-17], [1.3877787807814457e-17, -2.7755575615628914e-17, 0.0], [3.808093543554233e-17, 0.0, -5.551115123125783e-17]]	1.4345742744639948e-20	1.076202095036804	[[0.04918786053953683, 1.1102230246251565e-16, 0.11875000000383847], [-1.1102230246251565e-16, -0.06956213946430134, 0.0], [0.11875000000383847, 0.0, 0.11875000000998087]]	[[0.049187860539536804, 1.1102230246251565e-16, 0.11875000000383847], [-1.1102230246251565e-16, -0.06956213946430137, 0.0], [0.11875000000383847, 0.0, 0.11875000000998087]]	1.0	[[0.0, 0.0, 0.0], [0.0, 0.0, 0.0], [0.0, 0.0, 0.0]]
1	[[0.2716390998961424, -0.9623667677143403, 0.0078996080071079], [-0.8358745486248621, -0.23185104168470852, 0.4975528448626315], [-0.4769967907321766, -0.14175788820650492, -0.8673976958480093]]	6.70103538220157e-17	0.9999999999999997	[[5.551115123125783e-17, 0.0, 1.75680535020423e-18], [0.0, 0.0, 0.0], [1.75680535020423e-18, 0.0, -2.7755575615628914e-17]]	2.059606211098674e-20	1.1748417246820977	[[0.04918786054929006, 0.0, 0.11875000000871004], [0.0, -0.06956213945942002, 0.0], [0.11875000000871004, 0.0, 0.11875000002256822]]	[[0.04918786054929007, 1.3877787807814457e-17, 0.11875000000871004], [-1.3877787807814457e-17, -0.06956213945942001, 0.0], [0.11875000000871004, 0.0, 0.11875000002256822]]	0.9999999999999997	[[0.0, 0.0, 0.0], [0.0, 0.0, 0.0], [0.0, 0.0, 0.0]]
1	[[-0.3892204033068475, 0.16341442670440054, -0.9065336192301567], [0.7573193366333747, 0.6170095977865081, -0.21393124736820557], [0.5243804916383139, -0.7698018455318246, -0.3639096297227603]]	6.397599327003924e-17	1.0	[[-2.7755575615628914e-17, -1.3877787807814457e-17, 5.2232968691568914e-18], [1.3877787807814457e-17, 7.804342997772985e-17, 0.0], [5.2232968691568914e-18, 0.0, -8.326672684688674e-17]]	1.918551400105626e-20	1.1739107604657475	[[0.049187860548565415, 8.326672684688674e-17, 0.11875000000832123], [-8.326672684688674e-17, -0.06956213945975635, 0.0], [0.11875000000832123, 0.0, 0.11875000002163431]]	[[0.04918786054856539, 1.249000902703301e-16, 0.11875000000832123], [-1.249000902703301e-16, -0.06956213945975638, 0.0], [0.11875000000832123, 0.0, 0.11875000002163429]]	1.0	[[0.0, 0.0, 0.0], [0.0, 0.0, 0.0], [0.0, 0.0, 0.0]]
1	[[0.2973838978430522, -0.6779765432739062, -0.6722429799365989], [0.21009501085824506, -0.6403704890576759, 0.7387731202179104], [-0.931355412136606, -0.3609341262812347, -0.047996382878866456]]	1.3848361805246717e-16	1.0	[[5.551115123125783e-17, -5.551115123125783e-17, -9.280967909643256e-17], [5.551115123125783e-17, -7.372377459734092e-17, 0.0], [-9.280967909643256e-17, 0.0, -4.163336342344337e-17]]	4.7247495425084094e-20	1.1874989304606518	[[0.04918786054507658, 0.0, 0.11875000000955636], [0.0, -0.06956213946448006, 0.0], [0.11875000000955636, 0.0, 0.11875000001693933]]	[[0.04918786054507655, 2.7755575615628914e-17, 0.11875000000955636], [-2.7755575615628914e-17, -0.06956213946448006, 0.0], [0.11875000000955636, 0.0, 0.11875000001693932]]	1.0000000000000002	[[0.0, 0.0, 0.0], [0.0, 0.0, 0.0], [0.0, 0.0, 0.0]]
1	[[0.39159002759377715, 0.2136607185654068, -0.8949895796215835], [0.9173475615466772, -0.1663710136628364, 0.36165472088328326], [-0.07162891604282473, -0.9626368906056502, -0.2611503690053217]]	6.033021831383432e-17	1.0	[[4.163336342344337e-17, -1.3877787807814457e-17, -1.1575546522547493e-17], [1.3877787807814457e-17, -5.781339251652479e-17, 0.0], [-1.1575546522547493e-17, 0.0, -2.7755575615628914e-17]]	2.2643375963344858e-20	1.1716375506560093	[[0.04918786055240844, -1.942890293094024e-16, 0.11875000001022888], [1.942890293094024e-16, -0.06956213945782003, 0.0], [0.11875000001022888, 0.0, 0.11875000002659589]]	[[0.049187860552408424, -1.8041124150158794e-16, 0.11875000001022888], [1.8041124150158794e-16, -0.06956213945782004, 0.0], [0.11875000001022888, 0.0, 0.11875000002659589]]	1.0	[[0.0, 0.0, 0.0], [0.0, 0.0, 0.0], [0.0, 0.0, 0.0]]
1	[[0.3165442381789233, -0.7577804397575791, -0.5705861463412293], [-0.23983098085954807, -0.6459091038519906, 0.7247637754338064], [-0.9177585989222176, -0.09257556201248784, -0.3861980313548994]]	1.068417870123108e-16	0.9999999999999998	[[2.7755575615628914e-17, -2.7755575615628914e-17, -6.153125023267944e-17], [2.7755575615628914e-17, 1.3877787807814457e-17, 0.0], [-6.153125023267944e-17, 0.0, -4.163336342344337e-17]]	5.037462584896133e-20	1.1971759398729125	[[0.04918786055744023, -2.7755575615628914e-17, 0.11875000001269743], [2.7755575615628914e-17, -0.06956213945525695, 0.0], [0.11875000001269743, 0.0, 0.11875000003309283]]	[[0.04918786055744022, -1.3877787807814457e-17, 0.11875000001269743], [1.3877787807814457e-17, -0.06956213945525694, 0.0], [0.11875000001269743, 0.0, 0.1187500000330928]]	0.9999999999999999	[[0.0, 0.0, 0.0], [0.0, 0.0, 0.0], [0.0, 0.0, 0.0]]
1	[[-0.497660567830157, -0.331663200144824, 0.8014570986002058], [0.5168745496181553, -0.8554231213464026, -0.033045172461446226], [0.6965448005577205, 0.39780749758604605, 0.5971386235040682]]	8.719432068086312e-16	0.9999999999999992	[[-4.718447854656915e-16, -3.7470027081099033e-16, 6.66167043085461e-16], [3.7470027081099033e-16, -7.632783294297951e-16, 0.0], [6.66167043085461e-16, 0.0, 4.996003610813204e-16]]	1.384413153571639e-18	0.9757951173389027	[[0.04918786067567593, 8.326672684688674e-17, 0.1187500000714286], [-8.326672684688674e-17, -0.06956213939575243, 0.0], [0.1187500000714286, 0.0, 0.1187500001857128]]	[[0.049187860675675904, 1.1102230246251565e-16, 0.1187500000714286], [-1.1102230246251565e-16, -0.06956213939575243, 0.0], [0.1187500000714286, 0.0, 0.11875000018571277]]	0.7853319237882077	[[0.0, 0.0, 0.95], [0.0, -0.95, 0.0], [0.95, 0.0, 0.0]]
1	[[0.011896673231499427, 0.9993644402235865, 0.03360334481298405], [0.8317252015093325, 0.008764640468321566, -0.5551183389618117], [-0.5550600493102371, 0.0345528102194082, -0.8310923203625807]]	6.225523093979103e-17	1.0	[[-1.3877787807814457e-17, 1.3877787807814457e-17, 1.2486948898018846e-18], [-1.3877787807814457e-17, -1.3877787807814457e-17, 0.0], [1.2486948898018846e-18, 0.0, -2.7755575615628914e-17]]	1.7048345266917785e-20	1.1861160326461118	[[0.04918786054656529, 2.7755575615628914e-17, 0.11875000000729852], [-2.7755575615628914e-17, -0.06956213946073335, 0.0], [0.11875000000729852, 0.0, 0.11875000001905464]]	[[0.04918786054656524, 1.3877787807814457e-17, 0.11875000000729852], [-1.3877787807814457e-17, -0.06956213946073336, 0.0], [0.11875000000729852, 0.0, 0.11875000001905467]]	1.0	[[0.0, 0.0, 0.0], [0.0, 0.0, 0.0], [0.0, 0.0, 0.0]]
