1	[[0.8875576111457726, 0.3128668588496867, -0.3381653671367607], [-0.3273769476023962, 0.9447770405743245, 0.014855227435465884], [0.3241385831334306, 0.09752267550242714, 0.9409694504536801]]	5.563033178945658e-16	0.9999999999999999	[[4.996003610813204e-16, 1.8041124150158794e-16, 1.3126751614330443e-17], [-1.8041124150158794e-16, 4.996003610813204e-16, 0.0], [1.3126751614330443e-17, 0.0, 4.996003610813204e-16]]	3.819245862922268e-19	1.0719371878424124	[[0.05022339442417714, -6.938893903907228e-17, 0.1212500001155097], [6.938893903907228e-17, -0.07102660569133244, 0.0], [0.1212500001155097, 0.0, 0.12124999997460184]]	[[0.050223394424177184, -6.938893903907228e-17, 0.1212500001155097], [6.938893903907228e-17, -0.07102660569133241, 0.0], [0.1212500001155097, 0.0, 0.12124999997460184]]	0.5497580814451788	[[0.6858935777509512, 0.6858935777509511, 0.0], [-0.6858935777509511, 0.6858935777509512, 0.0], [0.0, 0.0, 0.97]]
1	[[0.6569714475509829, -0.30708792903278176, -0.688538685147845], [0.5770443935784932, 0.7925721197384169, 0.19710201128598737], [0.4851889167555201, -0.5268077816962367, 0.6979006205770957]]	1.20654826565884e-16	0.9999999999999999	[[8.326672684688674e-17, -5.551115123125783e-17, 4.8235542291329264e-18], [5.551115123125783e-17, 7.844317261775382e-17, 0.0], [4.8235542291329264e-18, 0.0, 1.3877787807814457e-16]]	4.098142285633137e-20	1.0937069896002964	[[0.050223394455060244, -6.938893903907228e-17, 0.12125000001011574], [6.938893903907228e-17, -0.07102660555505563, 0.0], [0.12125000001011574, 0.0, 0.12125000002226169]]	[[0.050223394455060244, -6.938893903907228e-17, 0.12125000001011574], [6.938893903907228e-17, -0.07102660555505566, 0.0], [0.12125000001011574, 0.0, 0.12125000002226169]]	0.7957908598401394	[[0.6858935777509512, -0.6858935777509511, 0.0], [0.6858935777509511, 0.6858935777509512, 0.0], [0.0, 0.0, 0.97]]
1	[[0.406855499873406, -0.3245501708658478, -0.8538944834191807], [-0.8488954288502084, 0.21093624421169652, -0.4846467288191305], [0.33740947393335186, 0.9220483108106712, -0.18968858540040373]]	5.167425014801289e-17	0.9999999999999999	[[5.551115123125783e-17, 1.3877787807814457e-17, 3.755105372356557e-18], [-1.3877787807814457e-17, 0.0, 0.0], [3.755105372356557e-18, 0.0, 0.0]]	1.6298629061943824e-20	1.152937449883506	[[0.05022339445368881, 2.7755575615628914e-17, 0.12125000001091996], [-2.7755575615628914e-17, -0.07102660555723131, 0.0], [0.12125000001091996, 0.0, 0.121250000020396]]	[[0.0502233944536888, 4.163336342344337e-17, 0.12125000001091996], [-4.163336342344337e-17, -0.0710266055572313, 0.0], [0.12125000001091996, 0.0, 0.121250000020396]]	0.9999999999999999	[[0.0, 0.0, 0.0], [0.0, 0.0, 0.0], [0.0, 0.0, 0.0]]
1	[[-0.16743794764991254, 0.7773753727082936, -0.606343189615771], [-0.9312695185128573, 0.07714504854866044, 0.35606983215832233], [0.3235762932843136, 0.6242885321636675, 0.711028980445465]]	1.382341723126509e-16	1.0	[[-2.7755575615628914e-17, 9.71445146547012e-17, -2.3973901859525262e-18], [-9.71445146547012e-17, -2.7755575615628914e-17, 0.0], [-2.3973901859525262e-18, 0.0, 1.1102230246251565e-16]]	5.74884839636696e-21	1.0980093693604607	[[0.050223394433590765, -9.71445146547012e-17, 0.1212499999942211], [9.71445146547012e-17, -0.07102660556063041, 0.0], [0.1212499999942211, 0.0, 0.12124999999488724]]	[[0.050223394433590765, -8.326672684688674e-17, 0.1212499999942211], [8.326672684688674e-17, -0.0710266055606304, 0.0], [0.1212499999942211, 0.0, 0.12124999999488724]]	1.0000000000000002	[[0.0, 0.0, 0.0], [0.0, 0.0, 0.0], [0.0, 0.0, 0.0]]
1	[[-0.8598553706683427, -0.29151891260974605, 0.4191246415132833], [0.4738316458013455, -0.15002286318554503, 0.8677423073463686], [-0.19008501511164744, 0.9447274020120526, 0.2671288507772275]]	8.013767296645612e-17	1.0	[[-6.938893903907228e-17, -2.7755575615628914e-17, 2.6105808528954525e-17], [2.7755575615628914e-17, 1.3877787807814457e-17, 0.0], [2.6105808528954525e-17, 0.0, 1.3877787807814457e-17]]	1.2192481424932902e-20	1.0953718002125465	[[0.050223394444605565, 0.0, 0.12125000000114411], [0.0, -0.07102660555653868, 0.0], [0.12125000000114411, 0.0, 0.12125000000901114]]	[[0.050223394444605676, 0.0, 0.12125000000114411], [0.0, -0.07102660555653866, 0.0], [0.12125000000114411, 0.0, 0.12125000000901116]]	1.0000000000000002	[[0.0, 0.0, 0.0], [0.0, 0.0, 0.0], [0.0, 0.0, 0.0]]
1	[[0.1500697479079782, -0.48793689800337037, 0.859881767645811], [0.7237996175280507, -0.5382464804175793, -0.4317462680606933], [0.6734932697726708, 0.6871741481494608, 0.2723940265240403]]	2.3270884512989956e-16	0.9999999999999999	[[5.551115123125783e-17, -1.5265566588595902e-16, 1.9411904319080718e-16], [1.5265566588595902e-16, -1.3877787807814457e-16, 0.0], [1.9411904319080718e-16, 0.0, 2.7755575615628914e-17]]	5.1691779491272046e-20	0.988004108644567	[[0.050223394451862705, 0.0, 0.12125000000549697], [0.0, -0.07102660555363478, 0.0], [0.12125000000549697, 0.0, 0.12125000001833024]]	[[0.05022339445186272, -1.3877787807814457e-17, 0.12125000000549697], [1.3877787807814457e-17, -0.07102660555363474, 0.0], [0.12125000000549697, 0.0, 0.12125000001833028]]	0.9494351624513497	[[0.0, 0.0, 0.97], [0.0, -0.97, 0.0], [0.97, 0.0, 0.0]]
1	[[-0.9506790929980296, 0.17724456833992716, -0.25454591949280275], [0.013897849357551978, -0.7954843399685079, -0.6058147527488101], [-0.30986466710433175, -0.579473060511755, 0.7537870125051647]]	1.8960194767267668e-16	0.9999999999999997	[[-1.6653345369377348e-16, 2.7755575615628914e-17, -3.6100800350290894e-17], [-2.7755575615628914e-17, -1.942890293094024e-16, 0.0], [-3.6100800350290894e-17, 0.0, 1.3877787807814457e-16]]	9.624474896008455e-20	1.1082794795533348	[[0.050223394473017255, -1.3877787807814457e-17, 0.12125000001675784], [1.3877787807814457e-17, -0.07102660554374031, 0.0], [0.12125000001675784, 0.0, 0.1212500000455886]]	[[0.05022339447301724, -1.3877787807814457e-17, 0.12125000001675784], [1.3877787807814457e-17, -0.0710266055437403, 0.0], [0.12125000001675784, 0.0, 0.12125000004558867]]	0.6970997546208494	[[-0.97, 0.0, 0.0], [0.0, -0.97, 0.0], [0.0, 0.0, 0.97]]
1	[[0.6438892552647056, -0.6636492387928785, 0.380757553837473], [-0.15091110836074634, -0.5980263899765946, -0.7871405683007917], [0.7500883043535569, 0.4493708098454942, -0.48521480905966874]]	1.303140022608931e-16	1.0000000000000002	[[6.938893903907228e-17, -2.7755575615628914e-17, 9.013299123326994e-17], [2.7755575615628914e-17, -6.938893903907228e-17, 0.0], [9.013299123326994e-17, 0.0, -4.163336342344337e-17]]	7.967699650081428e-21	1.0456536179114941	[[0.05022339443469184, 1.1102230246251565e-16, 0.12124999999851811], [-1.1102230246251565e-16, -0.07102660556382645, 0.0], [0.12124999999851811, 0.0, 0.12124999999606564]]	[[0.05022339443469187, 1.1102230246251565e-16, 0.12124999999851811], [-1.1102230246251565e-16, -0.07102660556382648, 0.0], [0.12124999999851811, 0.0, 0.12124999999606569]]	1.0000000000000002	[[0.0, 0.0, 0.0], [0.0, 0.0, 0.0], [0.0, 0.0, 0.0]]
1	[[0.39514561495520173, 0.8903073900525152, 0.22630221872432854], [-0.7137866099724287, 0.4526453451835295, -0.5344350913887965], [-0.5782461572771092, 0.04964818930798781, 0.814350317058141]]	2.0147405254704937e-16	0.9999999999999998	[[1.1102230246251565e-16, 1.5265566588595902e-16, -1.818484031434938e-17], [-1.5265566588595902e-16, 1.3877787807814457e-16, 0.0], [-1.818484031434938e-17, 0.0, 1.1102230246251565e-16]]	6.417187872092235e-20	1.097021361421538	[[0.050223394454919676, 5.551115123125783e-17, 0.1212500000054705], [-5.551115123125783e-17, -0.07102660555055071, 0.0], [0.1212500000054705, 0.0, 0.12125000002237667]]	[[0.05022339445491972, 2.7755575615628914e-17, 0.1212500000054705], [-2.7755575615628914e-17, -0.07102660555055068, 0.0], [0.1212500000054705, 0.0, 0.12125000002237664]]	0.6627579082087152	[[0.6858935777509512, 0.6858935777509511, 0.0], [-0.6858935777509511, 0.6858935777509512, 0.0], [0.0, 0.0, 0.97]]
1	[[0.5403191569681028, 0.6036400661371987, -0.5862370503193712], [0.4146608078153325, 0.41521567174819174, 0.8097236321095203], [0.7321964374914798, -0.6805987191352745, -0.02595689573522414]]	5.464997054365453e-17	1.0	[[5.551115123125783e-17, 0.0, 2.0956103813534495e-17], [0.0, 2.7755575615628914e-17, 0.0], [2.0956103813534495e-17, 0.0, -2.7755575615628914e-17]]	2.726883622933508e-20	1.1035853163944676	[[0.05022339447491822, 4.163336342344337e-17, 0.12125000001542877], [-4.163336342344337e-17, -0.07102660554051021, 0.0], [0.12125000001542877, 0.0, 0.12125000004818971]]	[[0.05022339447491819, 2.7755575615628914e-17, 0.12125000001542877], [-2.7755575615628914e-17, -0.07102660554051024, 0.0], [0.12125000001542877, 0.0, 0.12125000004818969]]	1.0	[[0.0, 0.0, 0.0], [0.0, 0.0, 0.0], [0.0, 0.0, 0.0]]
1	[[0.7682057170631343, 0.5541913911831843, 0.3205181402198053], [0.09030813392978146, -0.589450211148092, 0.8027408607536998], [0.6338015598100375, -0.5877247234172788, -0.5028670125057387]]	1.2509103954034154e-16	1.0000000000000002	[[1.6653345369377348e-16, 4.163336342344337e-17, 7.624026671126404e-17], [-4.163336342344337e-17, -1.6653345369377348e-16, 0.0], [7.624026671126404e-17, 0.0, 0.0]]	1.0471562712376265e-20	1.0570792506580218	[[0.05022339443608359, 1.3877787807814457e-17, 0.12125000000070879], [-1.3877787807814457e-17, -0.07102660556462542, 0.0], [0.12125000000070879, 0.0, 0.12124999999776542]]	[[0.050223394436083646, 1.3877787807814457e-17, 0.12125000000070879], [-1.3877787807814457e-17, -0.0710266055646254, 0.0], [0.12125000000070879, 0.0, 0.12124999999776545]]	1.0000000000000002	[[0.0, 0.0, 0.0], [0.0, 0.0, 0.0], [0.0, 0.0, 0.0]]
1	[[-0.9377842524711256, -0.012787777579644166, -0.34698295139926694], [-0.21556114428834758, -0.7619772552868597, 0.6106750817731164], [-0.2722022940576928, 0.6474775171155194, 0.7118137227812147]]	1.654693117383031e-16	1.0	[[-1.6653345369377348e-16, 1.3877787807814457e-17, -3.384019907640109e-17], [-1.3877787807814457e-17, -1.6653345369377348e-16, 0.0], [-3.384019907640109e-17, 0.0, 1.1102230246251565e-16]]	5.967378746499442e-20	1.1142744093978343	[[0.05022339445955007, 2.7755575615628914e-17, 0.12125000001082922], [-2.7755575615628914e-17, -0.07102660555127925, 0.0], [0.12125000001082922, 0.0, 0.12125000002815596]]	[[0.050223394459550014, 1.3877787807814457e-17, 0.12125000001082922], [-1.3877787807814457e-17, -0.07102660555127935, 0.0], [0.12125000001082922, 0.0, 0.12125000002815593]]	0.7560899591827526	[[-0.97, 0.0, 0.0], [0.0, -0.97, 0.0], [0.0, 0.0, 0.97]]
1	[[-0.28551340625994115, -0.7402800071091643, -0.6086605013636927], [-0.9037881084920453, 0.4192574902120425, -0.08596634137539147], [0.31882463799746885, 0.5255555802915186, -0.7887599015101034]]	6.608672761759169e-17	1.0000000000000002	[[0.0, 0.0, 7.493048157572815e-18], [0.0, 0.0, 0.0], [7.493048157572815e-18, 0.0, 0.0]]	2.1616257607350715e-20	1.1892754601555957	[[0.050223394457836995, 4.163336342344337e-17, 0.12125000000997825], [-4.163336342344337e-17, -0.07102660555214167, 0.0], [0.12125000000997825, 0.0, 0.12125000002594408]]	[[0.05022339445783697, 1.3877787807814457e-17, 0.12125000000997825], [-1.3877787807814457e-17, -0.07102660555214164, 0.0], [0.12125000000997825, 0.0, 0.12125000002594408]]	1.0000000000000002	[[0.0, 0.0, 0.0], [0.0, 0.0, 0.0], [0.0, 0.0, 0.0]]
1	[[-0.3165369632697661, -0.9278010874929129, 0.1974575724831094], [-0.8157660753724355, 0.3724826131232639, 0.4424730649342605], [-0.48407650341181413, -0.021020108654157543, -0.8747731670991965]]	7.057819002852939e-17	0.9999999999999999	[[-2.7755575615628914e-17, 0.0, 6.960007609521704e-18], [0.0, 0.0, 0.0], [6.960007609521704e-18, 0.0, -5.551115123125783e-17]]	2.5258878978922388e-20	1.193410285468941	[[0.05022339446074402, 0.0, 0.1212500000114518], [0.0, -0.07102660555070861, 0.0], [0.1212500000114518, 0.0, 0.12125000002969481]]	[[0.05022339446074399, -2.7755575615628914e-17, 0.1212500000114518], [2.7755575615628914e-17, -0.0710266055507086, 0.0], [0.1212500000114518, 0.0, 0.12125000002969481]]	0.9999999999999999	[[0.0, 0.0, 0.0], [0.0, 0.0, 0.0], [0.0, 0.0, 0.0]]
1	[[0.388721369236936, 0.6072553768335828, 0.6929189017520486], [-0.1881814353775204, -0.6838834560027736, 0.704905075868346], [0.9019331707381749, -0.4044061398055253, -0.1515659249626253]]	2.155450207307842e-16	0.9999999999999999	[[6.938893903907228e-17, 8.326672684688674e-17, 1.8763064713245653e-16], [-8.326672684688674e-17, -1.5265566588595902e-16, 0.0], [1.8763064713245653e-16, 0.0, -9.71445146547012e-17]]	8.468698389810115e-20	0.9998934521020069	[[0.05022339446837332, -6.938893903907228e-17, 0.12125000001820974], [6.938893903907228e-17, -0.07102660554983656, 0.0], [0.12125000001820974, 0.0, 0.12125000003935126]]	[[0.05022339446837336, -5.551115123125783e-17, 0.12125000001820974], [5.551115123125783e-17, -0.07102660554983653, 0.0], [0.12125000001820974, 0.0, 0.12125000003935124]]	0.8369746336429755	[[0.0, 0.0, 0.97], [0.0, -0.97, 0.0], [0.97, 0.0, 0.0]]
1	[[0.312078085329446, 0.25026955923460475, -0.9165000907679297], [0.9493512559049828, -0.044986478459825396, 0.310979757648975], [0.036598655285933646, -0.9671304795508722, -0.25163301443761527]]	5.626870254451175e-17	1.0	[[-2.7755575615628914e-17, -1.3877787807814457e-17, -7.569174060881006e-18], [1.3877787807814457e-17, -6.308613746933451e-18, 0.0], [-7.569174060881006e-18, 0.0, -1.3877787807814457e-17]]	1.4656455168992892e-20	1.1738260062891062	[[0.05022339444990577, -5.551115123125783e-17, 0.12125000000604107], [5.551115123125783e-17, -0.0710266055561351, 0.0], [0.12125000000604107, 0.0, 0.12125000001570672]]	[[0.05022339444990581, -5.551115123125783e-17, 0.12125000000604107], [5.551115123125783e-17, -0.07102660555613508, 0.0], [0.12125000000604107, 0.0, 0.12125000001570672]]	1.0	[[0.0, 0.0, 0.0], [0.0, 0.0, 0.0], [0.0, 0.0, 0.0]]
1	[[-0.010871777499557311, -0.0840287307277911, 0.9964040229075135], [0.9413747147740295, -0.3368748437119881, -0.018137972823285553], [0.33718756032528074, 0.9377923608594283, 0.08276495076773299]]	1.1150870172059697e-16	1.0	[[2.7755575615628914e-17, -5.551115123125783e-17, 9.079446583175115e-17], [5.551115123125783e-17, -5.551115123125783e-17, 0.0], [9.079446583175115e-17, 0.0, -1.3877787807814457e-17]]	2.375683523858741e-20	1.0024631177738323	[[0.050223394451155604, -2.7755575615628914e-17, 0.12125000000666156], [2.7755575615628914e-17, -0.07102660555550552, 0.0], [0.12125000000666156, 0.0, 0.1212500000173203]]	[[0.05022339445115562, -5.551115123125783e-17, 0.12125000000666156], [5.551115123125783e-17, -0.07102660555550559, 0.0], [0.12125000000666156, 0.0, 0.1212500000173203]]	1.0000000000000002	[[0.0, 0.0, 0.0], [0.0, 0.0, 0.0], [0.0, 0.0, 0.0]]
1	[[0.2932727100912193, 0.7663848849828426, 0.5715289367876191], [0.00018149557078206424, 0.5977709472802035, -0.8016669268761718], [-0.9560288094901268, 0.235210762206075, 0.175170810260522]]	5.895241206426538e-17	1.0	[[0.0, 2.7755575615628914e-17, 5.7500128196501345e-18], [-2.7755575615628914e-17, -5.7500128196501345e-18, 0.0], [5.7500128196501345e-18, 0.0, 8.326672684688674e-17]]	4.650541573672787e-21	1.1345999053746698	[[0.050223394434650195, 2.498001805406602e-16, 0.12124999999998183], [-2.498001805406602e-16, -0.07102660556533197, 0.0], [0.12124999999998183, 0.0, 0.12124999999591621]]	[[0.05022339443465017, 2.7755575615628914e-16, 0.12124999999998183], [-2.7755575615628914e-16, -0.07102660556533208, 0.0], [0.12124999999998183, 0.0, 0.12124999999591622]]	1.0	[[0.0, 0.0, 0.0], [0.0, 0.0, 0.0], [0.0, 0.0, 0.0]]
1	[[-0.7797112461789556, 0.3586263663473402, 0.5132616310835669], [0.12556441147624647, -0.7135152995487305, 0.6892963773882098], [0.6134198816085799, 0.6018995320403472, 0.511305194748623]]	1.707638146321251e-16	1.0000000000000002	[[-1.249000902703301e-16, 1.3877787807814457e-17, 1.124804091994039e-16], [-1.3877787807814457e-17, -1.249000902703301e-16, 0.0], [1.124804091994039e-16, 0.0, 8.326672684688674e-17]]	2.1235861056191224e-20	1.0050796248268972	[[0.05022339444086539, 1.3877787807814457e-17, 0.12125000000232546], [-1.3877787807814457e-17, -0.07102660556146007, 0.0], [0.12125000000232546, 0.0, 0.12125000000398721]]	[[0.05022339444086536, 4.163336342344337e-17, 0.12125000000232546], [-4.163336342344337e-17, -0.07102660556146007, 0.0], [0.12125000000232546, 0.0, 0.12125000000398724]]	0.9831094607102411	[[-0.97, 0.0, 0.0], [0.0, -0.97, 0.0], [0.0, 0.0, 0.97]]
1	[[0.5035622894699279, 0.5369873573117416, 0.6768083914308072], [0.7236893469787391, 0.16572605027924595, -0.6699317915492047], [-0.4719096838308055, 0.8271514095654997, -0.3051586406453477]]	5.443058461438879e-17	1.0000000000000002	[[2.7755575615628914e-17, -1.3877787807814457e-17, 2.253196964299593e-17], [1.3877787807814457e-17, -2.7755575615628914e-17, 0.0], [2.253196964299593e-17, 0.0, -2.7755575615628914e-17]]	2.3019622537884873e-20	1.1113879171910646	[[0.050223394469226926, 9.71445146547012e-17, 0.12125000001263309], [-9.71445146547012e-17, -0.07102660554340637, 0.0], [0.12125000001263309, 0.0, 0.1212500000408404]]	[[0.05022339446922698, 9.71445146547012e-17, 0.12125000001263309], [-9.71445146547012e-17, -0.07102660554340637, 0.0], [0.12125000001263309, 0.0, 0.12125000004084047]]	1.0000000000000002	[[0.0, 0.0, 0.0], [0.0, 0.0, 0.0], [0.0, 0.0, 0.0]]
1	[[-0.3298322266022023, -0.8762827350930389, 0.35119691125136165], [0.9222848180711871, -0.37850758052406547, -0.0782478487960887], [0.201497932123461, 0.2980949172053785, 0.9330262609842703]]	1.3524857206549543e-15	0.9999999999999988	[[-4.163336342344337e-16, -1.2073675392798577e-15, 3.8810937009634716e-16], [1.2073675392798577e-15, -5.273559366969494e-16, 0.0], [3.8810937009634716e-16, 0.0, 1.1934897514720433e-15]]	2.2128477112345913e-18	1.0293927872175996	[[0.05022339457250308, -1.3877787807814457e-17, 0.12125000006090726], [1.3877787807814457e-17, -0.07102660548840428, 0.0], [0.12125000006090726, 0.0, 0.12125000017434606]]	[[0.05022339457250308, -2.7755575615628914e-17, 0.12125000006090723], [2.7755575615628914e-17, -0.07102660548840428, 0.0], [0.12125000006090723, 0.0, 0.12125000017434606]]	1.0000000000000002	[[0.0, 0.0, 0.0], [0.0, 0.0, 0.0], [0.0, 0.0, 0.0]]
1	[[-0.7789526709276531, -0.6132277320749256, -0.13108960702099365], [0.4894249346840115, -0.725216103161197, 0.48427764456480876], [-0.3920407756397623, 0.31307084235030797, 0.8650379632743539]]	3.6286416805910535e-16	1.0	[[-3.3306690738754696e-16, -1.942890293094024e-16, -7.719313347036382e-17], [1.942890293094024e-16, -2.914335439641036e-16, 0.0], [-7.719313347036382e-17, 0.0, 3.3306690738754696e-16]]	2.5275194079905457e-19	1.0989985996431944	[[0.05022339448691478, -2.7755575615628914e-17, 0.12125000002439999], [2.7755575615628914e-17, -0.07102660553748509, 0.0], [0.12125000002439999, 0.0, 0.12125000006348027]]	[[0.05022339448691479, -5.551115123125783e-17, 0.12125000002439999], [5.551115123125783e-17, -0.07102660553748509, 0.0], [0.12125000002439999, 0.0, 0.12125000006348029]]	0.7827959279133307	[[-0.97, 0.0, 0.0], [0.0, -0.97, 0.0], [0.0, 0.0, 0.97]]
1	[[-0.7357259517984016, -0.6355984379310936, 0.23392723131326343], [-0.6762908134220847, 0.6707859050452003, -0.3044289823153933], [0.03657949604943121, -0.38217914031543476, -0.9233639830405582]]	1.3205135070039121e-16	0.9999999999999997	[[-6.938893903907228e-17, 1.3877787807814457e-17, 3.472366268827812e-17], [-1.3877787807814457e-17, 6.938893903907228e-17, 0.0], [3.472366268827812e-17, 0.0, -1.5265566588595902e-16]]	4.075645890079933e-20	1.1780017780110648	[[0.050223394457845766, 4.163336342344337e-17, 0.12125000000996829], [-4.163336342344337e-17, -0.0710266055521223, 0.0], [0.12125000000996829, 0.0, 0.12125000002595725]]	[[0.050223394457845766, 1.3877787807814457e-17, 0.12125000000996829], [-1.3877787807814457e-17, -0.07102660555212231, 0.0], [0.12125000000996829, 0.0, 0.12125000002595729]]	0.8067964026397021	[[-0.97, 0.0, 0.0], [0.0, 0.97, 0.0], [0.0, 0.0, -0.97]]
1	[[-0.2538643033432252, 0.48696402069590106, -0.8357146391177678], [-0.8713143736524561, 0.26000688613899875, 0.4161822694768838], [0.4199573523045962, 0.8338239992396379, 0.35829228366981253]]	7.590060232261387e-17	0.9999999999999999	[[-2.7755575615628914e-17, 5.551115123125783e-17, 1.3399999970002443e-18], [-5.551115123125783e-17, 2.7755575615628914e-17, 0.0], [1.3399999970002443e-18, 0.0, 2.7755575615628914e-17]]	-2.751643972739484e-21	1.1296527154997646	[[0.05022339442802387, -2.7755575615628914e-17, 0.12124999999069165], [2.7755575615628914e-17, -0.07102660556266768, 0.0], [0.12124999999069165, 0.0, 0.12124999998775081]]	[[0.050223394428023926, -2.7755575615628914e-17, 0.12124999999069165], [2.7755575615628914e-17, -0.07102660556266767, 0.0], [0.12124999999069165, 0.0, 0.1212499999877508]]	1.0000000000000002	[[0.0, 0.0, 0.0], [0.0, 0.0, 0.0], [0.0, 0.0, 0.0]]
1	[[-0.7099649817244492, 0.17004561671924806, -0.6833990144561036], [-0.6966343129430994, -0.02737173477805739, 0.7169040536679481], [0.1032005753632168, 0.9850559762621669, 0.13789258455366898]]	6.908730354327918e-17	1.0000000000000004	[[-1.3877787807814457e-17, 2.7755575615628914e-17, -2.8914061665235813e-18], [-2.7755575615628914e-17, -1.3877787807814457e-17, 0.0], [-2.8914061665235813e-18, 0.0, 0.0]]	2.872071255041702e-20	1.1543027876402099	[[0.05022339446482524, 8.326672684688674e-17, 0.12125000001344828], [-8.326672684688674e-17, -0.07102660554862307, 0.0], [0.12125000001344828, 0.0, 0.12125000003496517]]	[[0.0502233944648252, 9.71445146547012e-17, 0.12125000001344828], [-9.71445146547012e-17, -0.07102660554862307, 0.0], [0.12125000001344828, 0.0, 0.12125000003496515]]	1.0000000000000004	[[0.0, 0.0, 0.0], [0.0, 0.0, 0.0], [0.0, 0.0, 0.0]]
1	[[0.4709175022496733, 0.19115318190370978, 0.8612184201020178], [0.8821529167293078, -0.0947858233539779, -0.46132621776469945], [-0.006552677384344174, 0.9769729314260427, -0.21326264014097962]]	7.189359221293041e-17	0.9999999999999997	[[2.7755575615628914e-17, -2.7755575615628914e-17, 4.74898371278078e-17], [2.7755575615628914e-17, -5.551115123125783e-17, 0.0], [4.74898371278078e-17, 0.0, 0.0]]	1.9516794072364907e-20	1.0583448063387386	[[0.050223394455737494, -2.7755575615628914e-17, 0.12125000000893628], [2.7755575615628914e-17, -0.07102660555319928, 0.0], [0.12125000000893628, 0.0, 0.1212500000232344]]	[[0.050223394455737466, -1.3877787807814457e-17, 0.12125000000893628], [1.3877787807814457e-17, -0.07102660555319928, 0.0], [0.12125000000893628, 0.0, 0.12125000002323442]]	0.9999999999999998	[[0.0, 0.0, 0.0], [0.0, 0.0, 0.0], [0.0, 0.0, 0.0]]
1	[[0.23507429571004806, 0.1639243119487907, -0.9580547455383437], [0.7224674736879957, -0.6888480443340972, 0.059406407734983124], [-0.6502159833157828, -0.7061283111228478, -0.2803604524027675]]	1.23110278924642e-16	1.0	[[5.551115123125783e-17, -2.7755575615628914e-17, -8.12406945555276e-17], [2.7755575615628914e-17, -1.3877787807814457e-17, 0.0], [-8.12406945555276e-17, 0.0, -4.163336342344337e-17]]	8.793789380580897e-20	1.2031156735825723	[[0.050223394483316725, 9.71445146547012e-17, 0.12125000001962769], [-9.71445146547012e-17, -0.07102660553631161, 0.0], [0.12125000001962769, 0.0, 0.1212500000590274]]	[[0.05022339448331675, 9.71445146547012e-17, 0.12125000001962769], [-9.71445146547012e-17, -0.07102660553631161, 0.0], [0.12125000001962769, 0.0, 0.1212500000590274]]	1.0	[[0.0, 0.0, 0.0], [0.0, 0.0, 0.0], [0.0, 0.0, 0.0]]
1	[[-0.22702687951129652, -0.2600962815277815, 0.9385141023526418], [0.7861776675639859, -0.6177088015181534, 0.01898714171901844], [0.574789936414178, 0.742149419498815, 0.3447183896089062]]	2.2014100815373254e-16	1.0000000000000002	[[-6.938893903907228e-17, -1.249000902703301e-16, 1.8234835425952474e-16], [1.249000902703301e-16, -1.5265566588595902e-16, 0.0], [1.8234835425952474e-16, 0.0, 4.163336342344337e-17]]	6.514568695763102e-20	0.9765894083337134	[[0.050223394459543935, 1.3877787807814457e-17, 0.12125000001082592], [-1.3877787807814457e-17, -0.07102660555128239, 0.0], [0.12125000001082592, 0.0, 0.12125000002814802]]	[[0.05022339445954392, 0.0, 0.12125000001082592], [0.0, -0.07102660555128244, 0.0], [0.12125000001082592, 0.0, 0.12125000002814801]]	0.9185954196073355	[[0.0, 0.0, 0.97], [0.0, -0.97, 0.0], [0.97, 0.0, 0.0]]
1	[[-0.04368688083802902, -0.7928421645001731, 0.6078591601952907], [-0.07099332237196321, 0.6093655773994191, 0.7897047177643444], [-0.9965196458782106, -0.008654205414294847, -0.08290778074109101]]	5.696545993383611e-17	1.0	[[-2.7755575615628914e-17, -1.3877787807814457e-17, 6.011748797006011e-18], [1.3877787807814457e-17, 4.9499402434251814e-17, 0.0], [6.011748797006011e-18, 0.0, -2.7755575615628914e-17]]	1.2965955903781675e-20	1.1552783405451974	[[0.05022339444815124, -9.71445146547012e-17, 0.12125000000519964], [9.71445146547012e-17, -0.07102660555704826, 0.0], [0.12125000000519964, 0.0, 0.12125000001344045]]	[[0.05022339444815126, -9.71445146547012e-17, 0.12125000000519964], [9.71445146547012e-17, -0.07102660555704816, 0.0], [0.12125000000519964, 0.0, 0.12125000001344043]]	1.0	[[0.0, 0.0, 0.0], [0.0, 0.0, 0.0], [0.0, 0.0, 0.0]]
1	[[-0.3901123425915053, -0.19274962118636868, 0.9003665607352815], [0.8924450663689159, 0.1615093954769425, 0.42125588267281683], [-0.22661457073972407, 0.9678648142716957, 0.10901163985220427]]	7.597256763725295e-17	1.0	[[-2.7755575615628914e-17, -4.163336342344337e-17, 4.2398909958851174e-17], [4.163336342344337e-17, 2.7755575615628914e-17, 0.0], [4.2398909958851174e-17, 0.0, 0.0]]	1.0850130707414829e-20	1.0681105726233964	[[0.050223394442115446, -8.326672684688674e-17, 0.12125000000367385], [8.326672684688674e-17, -0.07102660556155829, 0.0], [0.12125000000367385, 0.0, 0.1212500000055536]]	[[0.05022339444211543, -9.71445146547012e-17, 0.12125000000367385], [9.71445146547012e-17, -0.07102660556155833, 0.0], [0.12125000000367385, 0.0, 0.12125000000555362]]	1.0	[[0.0, 0.0, 0.0], [0.0, 0.0, 0.0], [0.0, 0.0, 0.0]]
1	[[-0.8451655046892217, 0.03102096411427288, 0.5336037569853065], [0.3597306106374598, 0.7713925264558512, 0.5249261451846907], [-0.3953342351148118, 0.635603075758354, -0.6631135442989435]]	1.2210618921038477e-16	1.0000000000000004	[[-1.3877787807814457e-16, -1.3877787807814457e-17, 2.5375688431243558e-17], [1.3877787807814457e-17, 1.3877787807814457e-16, 0.0], [2.5375688431243558e-17, 0.0, -2.7755575615628914e-17]]	1.3610747859002497e-20	1.1755922294143188	[[0.050223394438845964, 1.249000902703301e-16, 0.12125000000053525], [-1.249000902703301e-16, -0.07102660556168898, 0.0], [0.12125000000053525, 0.0, 0.121250000001432]]	[[0.050223394438845964, 1.1102230246251565e-16, 0.12125000000053525], [-1.1102230246251565e-16, -0.07102660556168902, 0.0], [0.12125000000053525, 0.0, 0.12125000000143199]]	0.8364320485367019	[[-0.97, 0.0, 0.0], [0.0, 0.97, 0.0], [0.0, 0.0, -0.97]]
1	[[-0.20892554660170207, -0.8722728212278597, 0.4421427838655412], [-0.9769286190798419, 0.16569047850232185, -0.13474842691632785], [0.04427854107729115, -0.4600943280250934, -0.8867652564908058]]	7.480013053585315e-17	1.0000000000000004	[[-6.938893903907228e-17, 0.0, 3.505332227314126e-17], [0.0, 0.0, 0.0], [3.505332227314126e-17, 0.0, -4.163336342344337e-17]]	2.0311380110132976e-20	1.1397225258211656	[[0.050223394456264794, 1.3877787807814457e-16, 0.1212500000076681], [-1.3877787807814457e-16, -0.07102660555140314, 0.0], [0.1212500000076681, 0.0, 0.121250000024014]]	[[0.05022339445626477, 1.3877787807814457e-16, 0.1212500000076681], [-1.3877787807814457e-16, -0.07102660555140314, 0.0], [0.1212500000076681, 0.0, 0.12125000002401397]]	1.0000000000000002	[[0.0, 0.0, 0.0], [0.0, 0.0, 0.0], [0.0, 0.0, 0.0]]
1	[[-0.09570001472736311, 0.5345101365068197, -0.8397263966034669], [0.9941363825171496, 0.008658117471247562, -0.10778631618888002], [-0.05034242879418521, -0.8451177142702161, -0.5322045554951473]]	5.766261103210733e-17	0.9999999999999998	[[1.3877787807814457e-17, -1.3877787807814457e-17, -8.467853135215168e-18], [1.3877787807814457e-17, 2.7755575615628914e-17, 0.0], [-8.467853135215168e-18, 0.0, -4.163336342344337e-17]]	1.273756830950586e-20	1.1975848088956804	[[0.05022339444717748, 2.7755575615628914e-17, 0.12125000000465637], [-2.7755575615628914e-17, -0.07102660555747924, 0.0], [0.12125000000465637, 0.0, 0.12125000001218667]]	[[0.05022339444717748, 4.163336342344337e-17, 0.12125000000465637], [-4.163336342344337e-17, -0.07102660555747921, 0.0], [0.12125000000465637, 0.0, 0.12125000001218667]]	0.9999999999999998	[[0.0, 0.0, 0.0], [0.0, 0.0, 0.0], [0.0, 0.0, 0.0]]
1	[[-0.6282958732607286, -0.7138118081737849, -0.3093816383614419], [-0.5738327107911779, 0.1566825842932765, 0.8038448779492399], [-0.5253192511888238, 0.6825857237672436, -0.5080515860024072]]	6.635254380982115e-17	1.0	[[-5.551115123125783e-17, 0.0, -1.048220067362209e-17], [0.0, -1.7273374942006823e-17, 0.0], [-1.048220067362209e-17, 0.0, 0.0]]	2.3992648238319544e-20	1.2068068989055842	[[0.05022339445980907, 1.249000902703301e-16, 0.12125000001020043], [-1.249000902703301e-16, -0.07102660555039082, 0.0], [0.12125000001020043, 0.0, 0.12125000002853925]]	[[0.05022339445980907, 1.3877787807814457e-16, 0.12125000001020043], [-1.3877787807814457e-16, -0.07102660555039085, 0.0], [0.12125000001020043, 0.0, 0.12125000002853925]]	0.9999999999999999	[[0.0, 0.0, 0.0], [0.0, 0.0, 0.0], [0.0, 0.0, 0.0]]
1	[[-0.5981897663743452, -0.7419171441245457, 0.3028662322859456], [0.7115509511219108, -0.6655993255599615, -0.22510615667197656], [0.3685976768273374, 0.0808485563767378, 0.9260665546111073]]	2.3819492188759514e-15	0.9999999999999977	[[-1.4710455076283324e-15, -1.7069679003611782e-15, 8.117782388849088e-16], [1.7069679003611782e-15, -1.5404344466674047e-15, 0.0], [8.117782388849088e-16, 0.0, 2.192690473634684e-15]]	8.746853248749572e-18	1.0200847588826893	[[0.05022339474515705, -9.71445146547012e-17, 0.12125000014959418], [9.71445146547012e-17, -0.07102660540443677, 0.0], [0.12125000014959418, 0.0, 0.12125000039702037]]	[[0.05022339474515709, -8.326672684688674e-17, 0.12125000014959418], [8.326672684688674e-17, -0.07102660540443674, 0.0], [0.12125000014959418, 0.0, 0.12125000039702039]]	0.8869836654927465	[[-0.97, 0.0, 0.0], [0.0, -0.97, 0.0], [0.0, 0.0, 0.97]]
1	[[-0.9329322773960255, -0.042925561482400815, -0.35748393245583304], [-0.169270649991114, -0.8240132564325088, 0.5406936288463909], [-0.3177810769134181, 0.5649420761413629, 0.7614825262347359]]	2.1284495019134775e-16	1.0000000000000002	[[-1.942890293094024e-16, 1.3877787807814457e-17, -5.4317614941389864e-17], [-1.3877787807814457e-17, -1.942890293094024e-16, 0.0], [-5.4317614941389864e-17, 0.0, 1.942890293094024e-16]]	1.846741537908546e-20	1.1137168248574116	[[0.05022339445493912, -1.3877787807814457e-17, 0.12124999997283471], [1.3877787807814457e-17, -0.07102660551789532, 0.0], [0.12124999997283471, 0.0, 0.12125000002451004]]	[[0.050223394454939146, -1.3877787807814457e-17, 0.12124999997283473], [1.3877787807814457e-17, -0.07102660551789539, 0.0], [0.12124999997283473, 0.0, 0.12125000002451002]]	0.6841233673385443	[[-0.97, 0.0, 0.0], [0.0, -0.97, 0.0], [0.0, 0.0, 0.97]]
1	[[0.15665500554066836, 0.7010445100749366, 0.6956980696630148], [0.9690588098128995, 0.026938980891129116, -0.2453554858415722], [-0.1907465133706504, 0.7126085083707178, -0.6751332323583257]]	6.379614870616464e-17	1.0	[[0.0, 0.0, 3.29821718921426e-17], [0.0, -2.7755575615628914e-17, 0.0], [3.29821718921426e-17, 0.0, 0.0]]	5.621480425563292e-21	1.1159088594046	[[0.0502233944375612, 8.326672684688674e-17, 0.12124999999994193], [-8.326672684688674e-17, -0.07102660556238084, 0.0], [0.12124999999994193, 0.0, 0.12124999999976971]]	[[0.050223394437561186, 9.71445146547012e-17, 0.12124999999994193], [-9.71445146547012e-17, -0.07102660556238084, 0.0], [0.12124999999994193, 0.0, 0.12124999999976968]]	1.0	[[0.0, 0.0, 0.0], [0.0, 0.0, 0.0], [0.0, 0.0, 0.0]]
1	[[0.6069875784705717, -0.6928697567511047, 0.38922690010082395], [0.12403339438257666, 0.5663640199931965, 0.8147683805444849], [-0.7849724814669417, -0.44627715271657287, 0.4297149128233985]]	7.285620710619842e-17	1.0000000000000002	[[2.7755575615628914e-17, -4.163336342344337e-17, 2.6912152487319e-18], [4.163336342344337e-17, 2.5064360366897014e-17, 0.0], [2.6912152487319e-18, 0.0, 5.551115123125783e-17]]	2.797088170356578e-20	1.1172688033907003	[[0.05022339445906118, -1.5265566588595902e-16, 0.12125000001205648], [1.5265566588595902e-16, -0.07102660555299563, 0.0], [0.12125000001205648, 0.0, 0.1212500000274289]]	[[0.05022339445906111, -1.6653345369377348e-16, 0.12125000001205648], [1.6653345369377348e-16, -0.07102660555299564, 0.0], [0.12125000001205648, 0.0, 0.12125000002742892]]	1.0000000000000002	[[0.0, 0.0, 0.0], [0.0, 0.0, 0.0], [0.0, 0.0, 0.0]]
1	[[0.9008474576716361, -0.4254042240105299, 0.08663200448188091], [-0.049446002604253164, -0.2987906365719553, -0.9530368557004423], [0.4313107358193278, 0.8542572222058906, -0.2901993237002208]]	8.056590117019e-17	0.9999999999999999	[[8.326672684688674e-17, -4.163336342344337e-17, 3.7705233060985006e-17], [4.163336342344337e-17, 2.7755575615628914e-17, 0.0], [3.7705233060985006e-17, 0.0, -2.7755575615628914e-17]]	1.755638350224231e-20	1.0779195642603927	[[0.05022339444939945, -8.326672684688674e-17, 0.12125000000578957], [8.326672684688674e-17, -0.07102660555639041, 0.0], [0.12125000000578957, 0.0, 0.12125000001505322]]	[[0.05022339444939948, -6.938893903907228e-17, 0.12125000000578957], [6.938893903907228e-17, -0.07102660555639044, 0.0], [0.12125000000578957, 0.0, 0.12125000001505322]]	1.0	[[0.0, 0.0, 0.0], [0.0, 0.0, 0.0], [0.0, 0.0, 0.0]]
1	[[0.2716390998961424, -0.9623667677143403, 0.0078996080071079], [-0.8358745486248621, -0.23185104168470852, 0.4975528448626315], [-0.4769967907321766, -0.14175788820650492, -0.8673976958480093]]	6.717718432072311e-17	0.9999999999999997	[[0.0, 0.0, 1.3610158429379814e-18], [0.0, 0.0, 0.0], [1.3610158429379814e-18, 0.0, -1.3877787807814457e-17]]	2.069830663749931e-20	1.1785890040915743	[[0.050223394455715956, 5.551115123125783e-17, 0.12125000000897047], [-5.551115123125783e-17, -0.07102660555325484, 0.0], [0.12125000000897047, 0.0, 0.12125000002320331]]	[[0.05022339445571593, 4.163336342344337e-17, 0.12125000000897047], [-4.163336342344337e-17, -0.07102660555325487, 0.0], [0.12125000000897047, 0.0, 0.12125000002320323]]	0.9999999999999997	[[0.0, 0.0, 0.0], [0.0, 0.0, 0.0], [0.0, 0.0, 0.0]]
1	[[0.3165442381789233, -0.7577804397575791, -0.5705861463412293], [-0.23983098085954807, -0.6459091038519906, 0.7247637754338064], [-0.9177585989222176, -0.09257556201248784, -0.3861980313548994]]	1.0756604861600573e-16	0.9999999999999998	[[-1.3877787807814457e-17, -2.7755575615628914e-17, -6.244020066824628e-17], [2.7755575615628914e-17, -1.1102230246251565e-16, 0.0], [-6.244020066824628e-17, 0.0, -5.551115123125783e-17]]	5.084071003926894e-20	1.2013420302108926	[[0.05022339446424105, -1.249000902703301e-16, 0.12125000001312809], [1.249000902703301e-16, -0.07102660554888754, 0.0], [0.12125000001312809, 0.0, 0.12125000003421207]]	[[0.05022339446424107, -1.1102230246251565e-16, 0.12125000001312809], [1.1102230246251565e-16, -0.07102660554888751, 0.0], [0.12125000001312809, 0.0, 0.1212500000342121]]	0.9999999999999999	[[0.0, 0.0, 0.0], [0.0, 0.0, 0.0], [0.0, 0.0, 0.0]]
1	[[-0.497660567830157, -0.331663200144824, 0.8014570986002058], [0.5168745496181553, -0.8554231213464026, -0.033045172461446226], [0.6965448005577205, 0.39780749758604605, 0.5971386235040682]]	8.719921519029262e-16	0.9999999999999993	[[-4.579669976578771e-16, -3.608224830031759e-16, 6.659762404994609e-16], [3.608224830031759e-16, -7.91033905045424e-16, 0.0], [6.659762404994609e-16, 0.0, 5.134781488891349e-16]]	1.3857426503206157e-18	0.975318508041449	[[0.050223394584794814, 6.938893903907228e-17, 0.12125000007300922], [-6.938893903907228e-17, -0.07102660548821438, 0.0], [0.12125000007300922, 0.0, 0.12125000018982528]]	[[0.05022339458479479, 9.71445146547012e-17, 0.12125000007300922], [-9.71445146547012e-17, -0.07102660548821443, 0.0], [0.12125000007300922, 0.0, 0.1212500001898253]]	0.7925135520045072	[[0.0, 0.0, 0.97], [0.0, -0.97, 0.0], [0.97, 0.0, 0.0]]
1	[[0.011896673231499427, 0.9993644402235865, 0.03360334481298405], [0.8317252015093325, 0.008764640468321566, -0.5551183389618117], [-0.5550600493102371, 0.0345528102194082, -0.8310923203625807]]	6.232893204013318e-17	1.0	[[0.0, 0.0, 8.720607911118698e-19], [0.0, 0.0, 0.0], [8.720607911118698e-19, 0.0, -2.7755575615628914e-17]]	-3.3991905850376657e-20	1.1900776638947668	[[0.05022339437822916, 0.0, 0.12124999997645676], [0.0, -0.0710266055982274, 0.0], [0.12124999997645676, 0.0, 0.12124999992279745]]	[[0.05022339437822912, 1.3877787807814457e-17, 0.12124999997645676], [-1.3877787807814457e-17, -0.07102660559822734, 0.0], [0.12124999997645676, 0.0, 0.12124999992279754]]	1.0	[[0.0, 0.0, 0.0], [0.0, 0.0, 0.0], [0.0, 0.0, 0.0]]
1	[[-0.3892204033068475, 0.16341442670440054, -0.9065336192301567], [0.7573193366333747, 0.6170095977865081, -0.21393124736820557], [0.5243804916383139, -0.7698018455318246, -0.3639096297227603]]	6.405450360196758e-17	1.0	[[-2.7755575615628914e-17, -1.3877787807814457e-17, 4.852130454634416e-18], [1.3877787807814457e-17, -4.852130454634416e-18, 0.0], [4.852130454634416e-18, 0.0, 0.0]]	1.894661265176646e-20	1.1776169261896146	[[0.0502233944545271, 1.3877787807814457e-17, 0.12125000000833552], [-1.3877787807814457e-17, -0.0710266055538082, 0.0], [0.12125000000833552, 0.0, 0.1212500000216722]]	[[0.05022339445452706, 1.3877787807814457e-17, 0.12125000000833552], [-1.3877787807814457e-17, -0.07102660555380827, 0.0], [0.12125000000833552, 0.0, 0.12125000002167222]]	1.0	[[0.0, 0.0, 0.0], [0.0, 0.0, 0.0], [0.0, 0.0, 0.0]]
1	[[0.39159002759377715, 0.2136607185654068, -0.8949895796215835], [0.9173475615466772, -0.1663710136628364, 0.36165472088328326], [-0.07162891604282473, -0.9626368906056502, -0.2611503690053217]]	6.028830326785668e-17	1.0	[[5.551115123125783e-17, -1.3877787807814457e-17, -1.1918774554176885e-17], [1.3877787807814457e-17, -4.3592376677080944e-17, 0.0], [-1.1918774554176885e-17, 0.0, 1.3877787807814457e-17]]	1.8155213416716927e-20	1.1752944437179644	[[0.050223394452851955, 1.3877787807814457e-17, 0.12125000000750373], [-1.3877787807814457e-17, -0.07102660555465165, 0.0], [0.12125000000750373, 0.0, 0.12125000001950972]]	[[0.05022339445285198, 2.7755575615628914e-17, 0.12125000000750373], [-2.7755575615628914e-17, -0.07102660555465164, 0.0], [0.12125000000750373, 0.0, 0.1212500000195097]]	1.0	[[0.0, 0.0, 0.0], [0.0, 0.0, 0.0], [0.0, 0.0, 0.0]]
1	[[0.2973838978430522, -0.6779765432739062, -0.6722429799365989], [0.21009501085824506, -0.6403704890576759, 0.7387731202179104], [-0.931355412136606, -0.3609341262812347, -0.047996382878866456]]	1.3905284583536085e-16	1.0000000000000002	[[2.7755575615628914e-17, -5.551115123125783e-17, -9.365110869691491e-17], [5.551115123125783e-17, -1.561490718437453e-16, 0.0], [-9.365110869691491e-17, 0.0, 0.0]]	1.1127254244194966e-19	1.1914710651363734	[[0.05022339448686307, 0.0, 0.12125000002438938], [0.0, -0.07102660553752622, 0.0], [0.12125000002438938, 0.0, 0.12125000006341242]]	[[0.050223394486863054, -2.7755575615628914e-17, 0.12125000002438938], [2.7755575615628914e-17, -0.07102660553752622, 0.0], [0.12125000002438938, 0.0, 0.12125000006341241]]	1.0000000000000002	[[0.0, 0.0, 0.0], [0.0, 0.0, 0.0], [0.0, 0.0, 0.0]]
1	[[0.2943250136427136, 0.18032690162771614, -0.9385387551367095], [0.05363968514426791, -0.9836066795264454, -0.1721647007042514], [-0.9541989155945632, 0.00032945456234623194, -0.29917272759703717]]	1.7029914068871283e-15	0.9999999999999984	[[5.273559366969494e-16, 1.1102230246251565e-16, -1.5870694212878086e-15], [-1.1102230246251565e-16, -1.7486012637846216e-15, 0.0], [-1.5870694212878086e-15, 0.0, -4.718447854656915e-16]]	4.797354065090821e-18	1.2116798308200554	[[0.05022339474467641, 0.0, 0.12124999986071044], [0.0, -0.07102660511603381, 0.0], [0.12124999986071044, 0.0, 0.12125000041504058]]	[[0.05022339474467641, 0.0, 0.12124999986071044], [0.0, -0.07102660511603393, 0.0], [0.12124999986071044, 0.0, 0.12125000041504064]]	1.0	[[0.0, 0.0, 0.0], [0.0, 0.0, 0.0], [0.0, 0.0, 0.0]]
