1	[[0.7682057170631343, 0.5541913911831843, 0.3205181402198053], [0.09030813392978146, -0.589450211148092, 0.8027408607536998], [0.6338015598100375, -0.5877247234172788, -0.5028670125057387]]	1.2491311283230292e-16	1.0000000000000002	[[2.7755575615628914e-17, 2.7755575615628914e-17, 7.599417091386435e-17], [-2.7755575615628914e-17, -1.1102230246251565e-16, 0.0], [7.599417091386435e-17, 0.0, 2.7755575615628914e-17]]	1.630598400825171e-20	1.057735982064814	[[0.050741161393819914, 2.7755575615628914e-17, 0.12250000000304699], [-2.7755575615628914e-17, -0.0717588386092274, 0.0], [0.12250000000304699, 0.0, 0.1225000000039246]]	[[0.05074116139381997, 1.3877787807814457e-17, 0.12250000000304699], [-1.3877787807814457e-17, -0.0717588386092274, 0.0], [0.12250000000304699, 0.0, 0.12250000000392454]]	1.0000000000000002	[[0.0, 0.0, 0.0], [0.0, 0.0, 0.0], [0.0, 0.0, 0.0]]
1	[[-0.9377842524711256, -0.012787777579644166, -0.34698295139926694], [-0.21556114428834758, -0.7619772552868597, 0.6106750817731164], [-0.2722022940576928, 0.6474775171155194, 0.7118137227812147]]	1.655963731648577e-16	1.0	[[-1.6653345369377348e-16, 1.3877787807814457e-17, -3.405756245319093e-17], [-1.3877787807814457e-17, -1.3877787807814457e-16, 0.0], [-3.405756245319093e-17, 0.0, 5.551115123125783e-17]]	5.985698067728237e-20	1.1155311683998699	[[0.0507411614128357, -1.8041124150158794e-16, 0.12250000001099524], [1.8041124150158794e-16, -0.07175883859815968, 0.0], [0.12250000001099524, 0.0, 0.12250000002856744]]	[[0.0507411614128357, -1.942890293094024e-16, 0.12250000001099524], [1.942890293094024e-16, -0.07175883859815968, 0.0], [0.12250000001099524, 0.0, 0.12250000002856742]]	0.7596422013498094	[[-0.98, 0.0, 0.0], [0.0, -0.98, 0.0], [0.0, 0.0, 0.98]]
1	[[0.8875576111457726, 0.3128668588496867, -0.3381653671367607], [-0.3273769476023962, 0.9447770405743245, 0.014855227435465884], [0.3241385831334306, 0.09752267550242714, 0.9409694504536801]]	5.569407922131206e-16	0.9999999999999999	[[4.996003610813204e-16, 1.8041124150158794e-16, 1.2950771380021641e-17], [-1.8041124150158794e-16, 4.996003610813204e-16, 0.0], [1.2950771380021641e-17, 0.0, 4.996003610813204e-16]]	3.0787630364224617e-19	1.0726819187477759	[[0.05074116136641328, 1.3877787807814457e-17, 0.12250000011044632], [-1.3877787807814457e-17, -0.07175883874403298, 0.0], [0.12250000011044632, 0.0, 0.12249999996073362]]	[[0.05074116136641328, 2.7755575615628914e-17, 0.12250000011044632], [-2.7755575615628914e-17, -0.07175883874403301, 0.0], [0.12250000011044632, 0.0, 0.12249999996073362]]	0.5521236126646403	[[0.6929646455628166, 0.6929646455628165, 0.0], [-0.6929646455628165, 0.6929646455628166, 0.0], [0.0, 0.0, 0.98]]
1	[[0.1500697479079782, -0.48793689800337037, 0.859881767645811], [0.7237996175280507, -0.5382464804175793, -0.4317462680606933], [0.6734932697726708, 0.6871741481494608, 0.2723940265240403]]	2.326066484116045e-16	0.9999999999999998	[[2.7755575615628914e-17, -1.3877787807814457e-16, 1.938924939799514e-16], [1.3877787807814457e-16, -1.1102230246251565e-16, 0.0], [1.938924939799514e-16, 0.0, 1.3877787807814457e-16]]	4.654585249938324e-20	0.9878956593868574	[[0.050741161402594784, -9.71445146547012e-17, 0.12250000000438784], [9.71445146547012e-17, -0.07175883860179343, 0.0], [0.12250000000438784, 0.0, 0.12250000001544654]]	[[0.05074116140259477, -6.938893903907228e-17, 0.12250000000438784], [6.938893903907228e-17, -0.07175883860179338, 0.0], [0.12250000000438784, 0.0, 0.12250000001544648]]	0.9540497432108351	[[0.0, 0.0, 0.98], [0.0, -0.98, 0.0], [0.98, 0.0, 0.0]]
1	[[0.6438892552647056, -0.6636492387928785, 0.380757553837473], [-0.15091110836074634, -0.5980263899765946, -0.7871405683007917], [0.7500883043535569, 0.4493708098454942, -0.48521480905966874]]	1.301679163740893e-16	1.0000000000000002	[[8.326672684688674e-17, -2.7755575615628914e-17, 8.989066935791936e-17], [2.7755575615628914e-17, -1.1102230246251565e-16, 0.0], [8.989066935791936e-17, 0.0, -6.938893903907228e-17]]	8.564205538824949e-21	1.0461930478873587	[[0.05074116138810475, -6.938893903907228e-17, 0.12249999999873978], [6.938893903907228e-17, -0.07175883861063519, 0.0], [0.12249999999873978, 0.0, 0.12249999999664271]]	[[0.050741161388104694, -8.326672684688674e-17, 0.12249999999873978], [8.326672684688674e-17, -0.07175883861063519, 0.0], [0.12249999999873978, 0.0, 0.12249999999664268]]	1.0000000000000002	[[0.0, 0.0, 0.0], [0.0, 0.0, 0.0], [0.0, 0.0, 0.0]]
1	[[0.5403191569681028, 0.6036400661371987, -0.5862370503193712], [0.4146608078153325, 0.41521567174819174, 0.8097236321095203], [0.7321964374914798, -0.6805987191352745, -0.02595689573522414]]	5.465174507508466e-17	1.0	[[2.7755575615628914e-17, 1.3877787807814457e-17, 2.0785900120192983e-17], [-1.3877787807814457e-17, 2.7755575615628914e-17, 0.0], [2.0785900120192983e-17, 0.0, 0.0]]	2.420565102816444e-20	1.1046992165144145	[[0.05074116142322402, 2.498001805406602e-16, 0.12250000001311397], [-2.498001805406602e-16, -0.07175883858988984, 0.0], [0.12250000001311397, 0.0, 0.12250000004217315]]	[[0.050741161423224004, 2.498001805406602e-16, 0.12250000001311397], [-2.498001805406602e-16, -0.07175883858988982, 0.0], [0.12250000001311397, 0.0, 0.12250000004217314]]	1.0	[[0.0, 0.0, 0.0], [0.0, 0.0, 0.0], [0.0, 0.0, 0.0]]
1	[[0.6569714475509829, -0.30708792903278176, -0.688538685147845], [0.5770443935784932, 0.7925721197384169, 0.19710201128598737], [0.4851889167555201, -0.5268077816962367, 0.6979006205770957]]	1.2087760079718064e-16	0.9999999999999999	[[1.1102230246251565e-16, -5.551115123125783e-17, 4.628407498930066e-18], [5.551115123125783e-17, 1.341494705792145e-16, 0.0], [4.628407498930066e-18, 0.0, 8.326672684688674e-17]]	6.767505637947175e-20	1.094692536499205	[[0.05074116142720486, 2.498001805406602e-16, 0.12250000001813664], [-2.498001805406602e-16, -0.07175883859093186, 0.0], [0.12250000001813664, 0.0, 0.12250000004711498]]	[[0.05074116142720489, 2.636779683484747e-16, 0.12250000001813664], [-2.636779683484747e-16, -0.07175883859093178, 0.0], [0.12250000001813664, 0.0, 0.122500000047115]]	0.799563947368148	[[0.6929646455628166, -0.6929646455628165, 0.0], [0.6929646455628165, 0.6929646455628166, 0.0], [0.0, 0.0, 0.98]]
1	[[-0.16743794764991254, 0.7773753727082936, -0.606343189615771], [-0.9312695185128573, 0.07714504854866044, 0.35606983215832233], [0.3235762932843136, 0.6242885321636675, 0.711028980445465]]	1.3819262961623278e-16	1.0	[[2.7755575615628914e-17, 1.1102230246251565e-16, -2.5657041131017876e-18], [-1.1102230246251565e-16, 2.7755575615628914e-17, 0.0], [-2.5657041131017876e-18, 0.0, 8.326672684688674e-17]]	8.070837615375183e-21	1.099071623162353	[[0.050741161387979294, -2.7755575615628914e-17, 0.12249999999488105], [2.7755575615628914e-17, -0.0717588386069018, 0.0], [0.12249999999488105, 0.0, 0.12249999999672591]]	[[0.050741161387979294, -2.7755575615628914e-17, 0.12249999999488105], [2.7755575615628914e-17, -0.07175883860690177, 0.0], [0.12249999999488105, 0.0, 0.12249999999672592]]	1.0000000000000002	[[0.0, 0.0, 0.0], [0.0, 0.0, 0.0], [0.0, 0.0, 0.0]]
1	[[-0.8598553706683427, -0.29151891260974605, 0.4191246415132833], [0.4738316458013455, -0.15002286318554503, 0.8677423073463686], [-0.19008501511164744, 0.9447274020120526, 0.2671288507772275]]	8.008078782555302e-17	1.0	[[-9.71445146547012e-17, -5.551115123125783e-17, 2.5929798565229106e-17], [5.551115123125783e-17, -6.938893903907228e-17, 0.0], [2.5929798565229106e-17, 0.0, 4.163336342344337e-17]]	7.442118742725294e-21	1.0964418535807736	[[0.05074116139147873, -8.326672684688674e-17, 0.12249999999889173], [8.326672684688674e-17, -0.07175883860741294, 0.0], [0.12249999999889173, 0.0, 0.12250000000109633]]	[[0.05074116139147876, -4.163336342344337e-17, 0.12249999999889173], [4.163336342344337e-17, -0.07175883860741293, 0.0], [0.12249999999889173, 0.0, 0.12250000000109634]]	1.0000000000000002	[[0.0, 0.0, 0.0], [0.0, 0.0, 0.0], [0.0, 0.0, 0.0]]
1	[[0.406855499873406, -0.3245501708658478, -0.8538944834191807], [-0.8488954288502084, 0.21093624421169652, -0.4846467288191305], [0.33740947393335186, 0.9220483108106712, -0.18968858540040373]]	5.174063293914318e-17	0.9999999999999998	[[2.7755575615628914e-17, 1.3877787807814457e-17, 3.565203791626582e-18], [-1.3877787807814457e-17, 0.0, 0.0], [3.565203791626582e-18, 0.0, -2.7755575615628914e-17]]	2.7649250234211633e-21	1.1545457429866128	[[0.050741161386384126, 9.71445146547012e-17, 0.1224999999978855], [-9.71445146547012e-17, -0.07175883861150148, 0.0], [0.1224999999978855, 0.0, 0.12249999999442159]]	[[0.05074116138638414, 6.938893903907228e-17, 0.1224999999978855], [-6.938893903907228e-17, -0.07175883861150147, 0.0], [0.1224999999978855, 0.0, 0.12249999999442156]]	0.9999999999999999	[[0.0, 0.0, 0.0], [0.0, 0.0, 0.0], [0.0, 0.0, 0.0]]
1	[[-0.3165369632697661, -0.9278010874929129, 0.1974575724831094], [-0.8157660753724355, 0.3724826131232639, 0.4424730649342605], [-0.48407650341181413, -0.021020108654157543, -0.8747731670991965]]	7.057482282296709e-17	0.9999999999999999	[[-2.7755575615628914e-17, -1.3877787807814457e-17, 6.78799073104273e-18], [1.3877787807814457e-17, 8.326672684688674e-17, 0.0], [6.78799073104273e-18, 0.0, -1.1102230246251565e-16]]	2.4582849665932592e-20	1.1954230099403353	[[0.05074116141308582, 1.3877787807814457e-17, 0.12250000001114207], [-1.3877787807814457e-17, -0.07175883859805655, 0.0], [0.12250000001114207, 0.0, 0.12250000002888889]]	[[0.05074116141308582, 4.163336342344337e-17, 0.12250000001114207], [-4.163336342344337e-17, -0.07175883859805655, 0.0], [0.12250000001114207, 0.0, 0.12250000002888886]]	0.9999999999999999	[[0.0, 0.0, 0.0], [0.0, 0.0, 0.0], [0.0, 0.0, 0.0]]
1	[[0.39514561495520173, 0.8903073900525152, 0.22630221872432854], [-0.7137866099724287, 0.4526453451835295, -0.5344350913887965], [-0.5782461572771092, 0.04964818930798781, 0.814350317058141]]	2.016323494818454e-16	0.9999999999999998	[[8.326672684688674e-17, 1.6653345369377348e-16, -1.838898476470729e-17], [-1.6653345369377348e-16, 1.1102230246251565e-16, 0.0], [-1.838898476470729e-17, 0.0, 1.1102230246251565e-16]]	6.474929472727673e-20	1.098050983696004	[[0.05074116140830086, -8.326672684688674e-17, 0.12250000000564464], [8.326672684688674e-17, -0.07175883859734355, 0.0], [0.12250000000564464, 0.0, 0.12250000002291388]]	[[0.05074116140830083, -8.326672684688674e-17, 0.12250000000564464], [8.326672684688674e-17, -0.07175883859734354, 0.0], [0.12250000000564464, 0.0, 0.12250000002291381]]	0.6657830704534321	[[0.6929646455628166, 0.6929646455628165, 0.0], [-0.6929646455628165, 0.6929646455628166, 0.0], [0.0, 0.0, 0.98]]
1	[[-0.28551340625994115, -0.7402800071091643, -0.6086605013636927], [-0.9037881084920453, 0.4192574902120425, -0.08596634137539147], [0.31882463799746885, 0.5255555802915186, -0.7887599015101034]]	6.66775763149196e-17	1.0000000000000002	[[-5.551115123125783e-17, 2.7755575615628914e-17, 7.236959064098384e-18], [-2.7755575615628914e-17, 5.551115123125783e-17, 0.0], [7.236959064098384e-18, 0.0, -2.7755575615628914e-17]]	2.109704682880565e-20	1.1912470747749417	[[0.05074116141031043, 1.3877787807814457e-17, 0.12250000000973377], [-1.3877787807814457e-17, -0.07175883859942314, 0.0], [0.12250000000973377, 0.0, 0.1225000000253082]]	[[0.05074116141031043, 2.7755575615628914e-17, 0.12250000000973377], [-2.7755575615628914e-17, -0.07175883859942311, 0.0], [0.12250000000973377, 0.0, 0.12250000002530817]]	1.0000000000000002	[[0.0, 0.0, 0.0], [0.0, 0.0, 0.0], [0.0, 0.0, 0.0]]
1	[[-0.9506790929980296, 0.17724456833992716, -0.25454591949280275], [0.013897849357551978, -0.7954843399685079, -0.6058147527488101], [-0.30986466710433175, -0.579473060511755, 0.7537870125051647]]	1.8964616591002815e-16	0.9999999999999997	[[-2.498001805406602e-16, 2.7755575615628914e-17, -3.629221581404149e-17], [-2.7755575615628914e-17, -1.6653345369377348e-16, 0.0], [-3.629221581404149e-17, 0.0, 1.3877787807814457e-16]]	9.18551420400368e-20	1.109476425323722	[[0.05074116142426255, 5.551115123125783e-17, 0.12250000001591056], [-5.551115123125783e-17, -0.07175883859164793, 0.0], [0.12250000001591056, 0.0, 0.12250000004336668]]	[[0.050741161424262535, 6.938893903907228e-17, 0.12250000001591056], [-6.938893903907228e-17, -0.07175883859164799, 0.0], [0.12250000001591056, 0.0, 0.12250000004336667]]	0.7003203291621137	[[-0.98, 0.0, 0.0], [0.0, -0.98, 0.0], [0.0, 0.0, 0.98]]
1	[[-0.7789526709276531, -0.6132277320749256, -0.13108960702099365], [0.4894249346840115, -0.725216103161197, 0.48427764456480876], [-0.3920407756397623, 0.31307084235030797, 0.8650379632743539]]	3.6300352459476865e-16	0.9999999999999999	[[-2.498001805406602e-16, -2.0816681711721685e-16, -7.741444425604912e-17], [2.0816681711721685e-16, -2.3592239273284576e-16, 0.0], [-7.741444425604912e-17, 0.0, 2.7755575615628914e-16]]	2.6634756204010865e-19	1.100094333596043	[[0.05074116144368944, -5.551115123125783e-17, 0.12250000002635107], [5.551115123125783e-17, -0.07175883858266162, 0.0], [0.12250000002635107, 0.0, 0.12250000006839182]]	[[0.050741161443689384, -5.551115123125783e-17, 0.12250000002635107], [5.551115123125783e-17, -0.07175883858266162, 0.0], [0.12250000002635107, 0.0, 0.12250000006839183]]	0.786496915050568	[[-0.98, 0.0, 0.0], [0.0, -0.98, 0.0], [0.0, 0.0, 0.98]]
1	[[-0.2538643033432252, 0.48696402069590106, -0.8357146391177678], [-0.8713143736524561, 0.26000688613899875, 0.4161822694768838], [0.4199573523045962, 0.8338239992396379, 0.35829228366981253]]	7.597238845715414e-17	1.0	[[-5.551115123125783e-17, 4.163336342344337e-17, 1.1519281963709445e-18], [-4.163336342344337e-17, 0.0, 0.0], [1.1519281963709445e-18, 0.0, 5.551115123125783e-17]]	-1.6734016264803362e-21	1.131037098983943	[[0.050741161382121217, 9.71445146547012e-17, 0.12249999999119167], [-9.71445146547012e-17, -0.07175883860907022, 0.0], [0.12249999999119167, 0.0, 0.12249999998921471]]	[[0.050741161382121286, 9.71445146547012e-17, 0.12249999999119167], [-9.71445146547012e-17, -0.07175883860907017, 0.0], [0.12249999999119167, 0.0, 0.12249999998921475]]	1.0000000000000002	[[0.0, 0.0, 0.0], [0.0, 0.0, 0.0], [0.0, 0.0, 0.0]]
1	[[-0.7357259517984016, -0.6355984379310936, 0.23392723131326343], [-0.6762908134220847, 0.6707859050452003, -0.3044289823153933], [0.03657949604943121, -0.38217914031543476, -0.9233639830405582]]	1.3203056712028458e-16	0.9999999999999997	[[-5.551115123125783e-17, 0.0, 3.455249008826921e-17], [0.0, 8.326672684688674e-17, 0.0], [3.455249008826921e-17, 0.0, -1.6653345369377348e-16]]	4.141498327329318e-20	1.1798763095168243	[[0.05074116141150241, -6.938893903907228e-17, 0.1225000000103105], [6.938893903907228e-17, -0.07175883859880831, 0.0], [0.1225000000103105, 0.0, 0.12250000002684802]]	[[0.05074116141150245, -5.551115123125783e-17, 0.1225000000103105], [5.551115123125783e-17, -0.07175883859880829, 0.0], [0.1225000000103105, 0.0, 0.122500000026848]]	0.8106304194350974	[[-0.98, 0.0, 0.0], [0.0, 0.98, 0.0], [0.0, 0.0, -0.98]]
1	[[0.312078085329446, 0.25026955923460475, -0.9165000907679297], [0.9493512559049828, -0.044986478459825396, 0.310979757648975], [0.036598655285933646, -0.9671304795508722, -0.25163301443761527]]	5.633347255649722e-17	0.9999999999999999	[[-1.3877787807814457e-17, -2.7755575615628914e-17, -7.772190670264874e-18], [2.7755575615628914e-17, -6.105597137549583e-18, 0.0], [-7.772190670264874e-18, 0.0, -2.7755575615628914e-17]]	1.4838835404795538e-20	1.1756404515384729	[[0.05074116140326074, -2.7755575615628914e-17, 0.12250000000623394], [2.7755575615628914e-17, -0.0717588386029732, 0.0], [0.12250000000623394, 0.0, 0.12250000001620825]]	[[0.05074116140326071, -6.938893903907228e-17, 0.12250000000623394], [6.938893903907228e-17, -0.07175883860297316, 0.0], [0.12250000000623394, 0.0, 0.12250000001620832]]	1.0	[[0.0, 0.0, 0.0], [0.0, 0.0, 0.0], [0.0, 0.0, 0.0]]
1	[[-0.010871777499557311, -0.0840287307277911, 0.9964040229075135], [0.9413747147740295, -0.3368748437119881, -0.018137972823285553], [0.33718756032528074, 0.9377923608594283, 0.08276495076773299]]	1.1126641450181897e-16	1.0000000000000002	[[-5.551115123125783e-17, -5.551115123125783e-17, 9.047494289070884e-17], [5.551115123125783e-17, -4.163336342344337e-17, 0.0], [9.047494289070884e-17, 0.0, 5.551115123125783e-17]]	2.509996578311335e-20	1.002544976348922	[[0.050741161405532614, 0.0, 0.12250000000739215], [0.0, -0.07175883860185948, 0.0], [0.12250000000739215, 0.0, 0.12250000001913883]]	[[0.05074116140553257, -2.7755575615628914e-17, 0.12250000000739215], [2.7755575615628914e-17, -0.07175883860185941, 0.0], [0.12250000000739215, 0.0, 0.12250000001913884]]	1.0000000000000002	[[0.0, 0.0, 0.0], [0.0, 0.0, 0.0], [0.0, 0.0, 0.0]]
1	[[-0.22702687951129652, -0.2600962815277815, 0.9385141023526418], [0.7861776675639859, -0.6177088015181534, 0.01898714171901844], [0.574789936414178, 0.742149419498815, 0.3447183896089062]]	2.19498717255563e-16	1.0000000000000002	[[-8.326672684688674e-17, -1.249000902703301e-16, 1.817220623877107e-16], [1.249000902703301e-16, -1.6653345369377348e-16, 0.0], [1.817220623877107e-16, 0.0, 1.1102230246251565e-16]]	1.414584634193805e-19	0.9763601252049735	[[0.05074116145208277, 2.7755575615628914e-17, 0.12250000002744116], [-2.7755575615628914e-17, -0.07175883857535884, 0.0], [0.12250000002744116, 0.0, 0.1225000000794245]]	[[0.05074116145208278, 4.163336342344337e-17, 0.12250000002744116], [-4.163336342344337e-17, -0.07175883857535886, 0.0], [0.12250000002744116, 0.0, 0.12250000007942446]]	0.9230424781778613	[[0.0, 0.0, 0.98], [0.0, -0.98, 0.0], [0.98, 0.0, 0.0]]
1	[[0.388721369236936, 0.6072553768335828, 0.6929189017520486], [-0.1881814353775204, -0.6838834560027736, 0.704905075868346], [0.9019331707381749, -0.4044061398055253, -0.1515659249626253]]	2.1474180281766964e-16	1.0	[[4.163336342344337e-17, 8.326672684688674e-17, 1.8685371622400172e-16], [-8.326672684688674e-17, -1.5265566588595902e-16, 0.0], [1.8685371622400172e-16, 0.0, -1.3877787807814457e-17]]	8.587533700261256e-20	0.999929608849299	[[0.05074116142225414, 4.163336342344337e-17, 0.12250000001869454], [-4.163336342344337e-17, -0.07175883859644032, 0.0], [0.12250000001869454, 0.0, 0.12250000004052986]]	[[0.05074116142225414, 2.7755575615628914e-17, 0.12250000001869454], [-2.7755575615628914e-17, -0.07175883859644039, 0.0], [0.12250000001869454, 0.0, 0.12250000004052983]]	0.84097513760923	[[0.0, 0.0, 0.98], [0.0, -0.98, 0.0], [0.98, 0.0, 0.0]]
1	[[0.2932727100912193, 0.7663848849828426, 0.5715289367876191], [0.00018149557078206424, 0.5977709472802035, -0.8016669268761718], [-0.9560288094901268, 0.235210762206075, 0.175170810260522]]	5.902275114949512e-17	0.9999999999999998	[[8.326672684688674e-17, 1.3877787807814457e-17, 5.563984464117935e-18], [-1.3877787807814457e-17, 1.0545831799839772e-16, 0.0], [5.563984464117935e-18, 0.0, -2.7755575615628914e-17]]	4.0651675367209675e-21	1.1360185767918591	[[0.05074116138675637, 2.7755575615628914e-16, 0.1224999999995702], [-2.7755575615628914e-16, -0.07175883861281417, 0.0], [0.1224999999995702, 0.0, 0.1224999999948048]]	[[0.050741161386756356, 2.636779683484747e-16, 0.1224999999995702], [-2.636779683484747e-16, -0.07175883861281424, 0.0], [0.1224999999995702, 0.0, 0.12249999999480482]]	1.0	[[0.0, 0.0, 0.0], [0.0, 0.0, 0.0], [0.0, 0.0, 0.0]]
1	[[-0.7099649817244492, 0.17004561671924806, -0.6833990144561036], [-0.6966343129430994, -0.02737173477805739, 0.7169040536679481], [0.1032005753632168, 0.9850559762621669, 0.13789258455366898]]	6.916048987259034e-17	1.0000000000000004	[[-2.7755575615628914e-17, 2.7755575615628914e-17, -3.0862811012248656e-18], [-2.7755575615628914e-17, -2.7755575615628914e-17, 0.0], [-3.0862811012248656e-18, 0.0, 1.3877787807814457e-17]]	1.393134469321292e-20	1.155944442323488	[[0.05074116139856297, 0.0, 0.12250000000541734], [0.0, -0.07175883860685453, 0.0], [0.12250000000541734, 0.0, 0.12250000001004599]]	[[0.05074116139856295, -1.3877787807814457e-17, 0.12250000000541734], [1.3877787807814457e-17, -0.07175883860685454, 0.0], [0.12250000000541734, 0.0, 0.12250000001004599]]	1.0000000000000004	[[0.0, 0.0, 0.0], [0.0, 0.0, 0.0], [0.0, 0.0, 0.0]]
1	[[0.4709175022496733, 0.19115318190370978, 0.8612184201020178], [0.8821529167293078, -0.0947858233539779, -0.46132621776469945], [-0.006552677384344174, 0.9769729314260427, -0.21326264014097962]]	7.187493512817454e-17	0.9999999999999997	[[2.7755575615628914e-17, -2.7755575615628914e-17, 4.7315257441375174e-17], [2.7755575615628914e-17, -8.326672684688674e-17, 0.0], [4.7315257441375174e-17, 0.0, 0.0]]	1.517672187515335e-20	1.059010173693319	[[0.05074116140286525, 6.938893903907228e-17, 0.12250000000603757], [-6.938893903907228e-17, -0.07175883860317214, 0.0], [0.12250000000603757, 0.0, 0.12250000001569794]]	[[0.050741161402865206, 6.938893903907228e-17, 0.12250000000603757], [-6.938893903907228e-17, -0.07175883860317217, 0.0], [0.12250000000603757, 0.0, 0.12250000001569798]]	0.9999999999999998	[[0.0, 0.0, 0.0], [0.0, 0.0, 0.0], [0.0, 0.0, 0.0]]
1	[[0.5035622894699279, 0.5369873573117416, 0.6768083914308072], [0.7236893469787391, 0.16572605027924595, -0.6699317915492047], [-0.4719096838308055, 0.8271514095654997, -0.3051586406453477]]	5.440333084203412e-17	1.0000000000000002	[[0.0, 0.0, 2.2359133725435435e-17], [0.0, 0.0, 0.0], [2.2359133725435435e-17, 0.0, -5.551115123125783e-17]]	2.0520906758620384e-20	1.1125916672346567	[[0.050741161418266234, 1.6653345369377348e-16, 0.12250000001068329], [-1.6653345369377348e-16, -0.0717588385924171, 0.0], [0.12250000001068329, 0.0, 0.12250000003577134]]	[[0.05074116141826618, 1.3877787807814457e-16, 0.12250000001068329], [-1.3877787807814457e-16, -0.0717588385924171, 0.0], [0.12250000001068329, 0.0, 0.12250000003577136]]	1.0000000000000002	[[0.0, 0.0, 0.0], [0.0, 0.0, 0.0], [0.0, 0.0, 0.0]]
1	[[-0.3298322266022023, -0.8762827350930389, 0.35119691125136165], [0.9222848180711871, -0.37850758052406547, -0.0782478487960887], [0.201497932123461, 0.2980949172053785, 0.9330262609842703]]	1.3492813156976105e-15	0.9999999999999988	[[-4.440892098500626e-16, -1.2212453270876722e-15, 3.871213414511558e-16], [1.2212453270876722e-15, -4.996003610813204e-16, 0.0], [3.871213414511558e-16, 0.0, 1.2212453270876722e-15]]	2.1833466776940684e-18	1.0297389244868482	[[0.05074116152478837, -2.220446049250313e-16, 0.12250000006050574], [2.220446049250313e-16, -0.07175883853571734, 0.0], [0.12250000006050574, 0.0, 0.12250000017347117]]	[[0.0507411615247884, -2.0816681711721685e-16, 0.12250000006050574], [2.0816681711721685e-16, -0.07175883853571736, 0.0], [0.12250000006050574, 0.0, 0.12250000017347114]]	1.0000000000000002	[[0.0, 0.0, 0.0], [0.0, 0.0, 0.0], [0.0, 0.0, 0.0]]
1	[[-0.7797112461789556, 0.3586263663473402, 0.5132616310835669], [0.12556441147624647, -0.7135152995487305, 0.6892963773882098], [0.6134198816085799, 0.6018995320403472, 0.511305194748623]]	1.7035531984121598e-16	1.0000000000000002	[[-1.1102230246251565e-16, 1.3877787807814457e-17, 1.120964210700874e-16], [-1.3877787807814457e-17, -6.938893903907228e-17, 0.0], [1.120964210700874e-16, 0.0, 8.326672684688674e-17]]	2.872356010280061e-20	1.005200723838545	[[0.05074116139858517, 1.1102230246251565e-16, 0.12250000000466295], [-1.1102230246251565e-16, -0.07175883860607853, 0.0], [0.12250000000466295, 0.0, 0.12250000001012437]]	[[0.050741161398585144, 1.249000902703301e-16, 0.12250000000466295], [-1.249000902703301e-16, -0.07175883860607839, 0.0], [0.12250000000466295, 0.0, 0.12250000001012437]]	0.9879063186017272	[[-0.98, 0.0, 0.0], [0.0, -0.98, 0.0], [0.0, 0.0, 0.98]]
1	[[0.23507429571004806, 0.1639243119487907, -0.9580547455383437], [0.7224674736879957, -0.6888480443340972, 0.059406407734983124], [-0.6502159833157828, -0.7061283111228478, -0.2803604524027675]]	1.2348536227883048e-16	1.0000000000000004	[[1.3877787807814457e-17, -4.163336342344337e-17, -8.172468208858489e-17], [4.163336342344337e-17, -1.3877787807814457e-16, 0.0], [-8.172468208858489e-17, 0.0, -2.7755575615628914e-17]]	8.784191227224431e-20	1.2052155679821077	[[0.05074116143668832, -5.551115123125783e-17, 0.12250000001979879], [5.551115123125783e-17, -0.07175883858311043, 0.0], [0.12250000001979879, 0.0, 0.12250000005955354]]	[[0.05074116143668833, -5.551115123125783e-17, 0.12250000001979879], [5.551115123125783e-17, -0.0717588385831104, 0.0], [0.12250000001979879, 0.0, 0.12250000005955355]]	1.0	[[0.0, 0.0, 0.0], [0.0, 0.0, 0.0], [0.0, 0.0, 0.0]]
1	[[-0.6282958732607286, -0.7138118081737849, -0.3093816383614419], [-0.5738327107911779, 0.1566825842932765, 0.8038448779492399], [-0.5253192511888238, 0.6825857237672436, -0.5080515860024072]]	6.6447855194069e-17	1.0	[[-4.163336342344337e-17, 0.0, -1.0696555838257091e-17], [0.0, -3.093680758518628e-17, 0.0], [-1.0696555838257091e-17, 0.0, -4.163336342344337e-17]]	2.3932317599170562e-20	1.2089449926538012	[[0.05074116141292791, 8.326672684688674e-17, 0.12250000001026815], [-8.326672684688674e-17, -0.07175883859734018, 0.0], [0.12250000001026815, 0.0, 0.12250000002873658]]	[[0.050741161412927935, 8.326672684688674e-17, 0.12250000001026815], [-8.326672684688674e-17, -0.0717588385973402, 0.0], [0.12250000001026815, 0.0, 0.12250000002873651]]	0.9999999999999999	[[0.0, 0.0, 0.0], [0.0, 0.0, 0.0], [0.0, 0.0, 0.0]]
1	[[-0.04368688083802902, -0.7928421645001731, 0.6078591601952907], [-0.07099332237196321, 0.6093655773994191, 0.7897047177643444], [-0.9965196458782106, -0.008654205414294847, -0.08290778074109101]]	5.702795788469443e-17	0.9999999999999999	[[-2.7755575615628914e-17, -2.7755575615628914e-17, 5.82714663508525e-18], [2.7755575615628914e-17, -5.82714663508525e-18, 0.0], [5.82714663508525e-18, 0.0, -2.7755575615628914e-17]]	1.2976129461394204e-20	1.1569089582616285	[[0.05074116140124052, 1.5265566588595902e-16, 0.1225000000052613], [-1.5265566588595902e-16, -0.07175883860402059, 0.0], [0.1225000000052613, 0.0, 0.1225000000135985]]	[[0.05074116140124052, 1.8041124150158794e-16, 0.1225000000052613], [-1.8041124150158794e-16, -0.07175883860402056, 0.0], [0.1225000000052613, 0.0, 0.12250000001359848]]	1.0	[[0.0, 0.0, 0.0], [0.0, 0.0, 0.0], [0.0, 0.0, 0.0]]
1	[[-0.09570001472736311, 0.5345101365068197, -0.8397263966034669], [0.9941363825171496, 0.008658117471247562, -0.10778631618888002], [-0.05034242879418521, -0.8451177142702161, -0.5322045554951473]]	5.776195248168131e-17	0.9999999999999998	[[1.3877787807814457e-17, -1.3877787807814457e-17, -8.686298904694762e-18], [1.3877787807814457e-17, 2.7755575615628914e-17, 0.0], [-8.686298904694762e-18, 0.0, -8.326672684688674e-17]]	1.5351175285710207e-20	1.1996320297091183	[[0.05074116140399902, -5.551115123125783e-17, 0.12250000000660041], [5.551115123125783e-17, -0.07175883860260089, 0.0], [0.12250000000660041, 0.0, 0.1225000000171613]]	[[0.05074116140399906, -5.551115123125783e-17, 0.12250000000660041], [5.551115123125783e-17, -0.0717588386026009, 0.0], [0.12250000000660041, 0.0, 0.12250000001716127]]	0.9999999999999998	[[0.0, 0.0, 0.0], [0.0, 0.0, 0.0], [0.0, 0.0, 0.0]]
1	[[-0.3901123425915053, -0.19274962118636868, 0.9003665607352815], [0.8924450663689159, 0.1615093954769425, 0.42125588267281683], [-0.22661457073972407, 0.9678648142716957, 0.10901163985220427]]	7.590529335012267e-17	1.0	[[0.0, -4.163336342344337e-17, 4.2209309410068714e-17], [4.163336342344337e-17, 0.0, 0.0], [4.2209309410068714e-17, 0.0, -2.7755575615628914e-17]]	2.4540161534622028e-20	1.0688947956128811	[[0.05074116141379685, -3.608224830031759e-16, 0.12250000001146494], [3.608224830031759e-16, -0.07175883859766789, 0.0], [0.12250000001146494, 0.0, 0.12250000002980853]]	[[0.05074116141379689, -3.885780586188048e-16, 0.12250000001146494], [3.885780586188048e-16, -0.07175883859766788, 0.0], [0.12250000001146494, 0.0, 0.12250000002980851]]	1.0	[[0.0, 0.0, 0.0], [0.0, 0.0, 0.0], [0.0, 0.0, 0.0]]
1	[[-0.8451655046892217, 0.03102096411427288, 0.5336037569853065], [0.3597306106374598, 0.7713925264558512, 0.5249261451846907], [-0.3953342351148118, 0.635603075758354, -0.6631135442989435]]	1.2203566414810447e-16	1.0	[[-1.3877787807814457e-16, -4.163336342344337e-17, 2.5201204411971095e-17], [4.163336342344337e-17, 1.1102230246251565e-16, 0.0], [2.5201204411971095e-17, 0.0, -1.1102230246251565e-16]]	2.012926319170311e-20	1.177439570831459	[[0.05074116139686076, 9.71445146547012e-17, 0.12250000000310161], [-9.71445146547012e-17, -0.07175883860624074, 0.0], [0.12250000000310161, 0.0, 0.1225000000079448]]	[[0.0507411613968608, 9.71445146547012e-17, 0.12250000000310161], [-9.71445146547012e-17, -0.07175883860624069, 0.0], [0.12250000000310161, 0.0, 0.12250000000794477]]	0.8404295663914161	[[-0.98, 0.0, 0.0], [0.0, 0.98, 0.0], [0.0, 0.0, -0.98]]
1	[[-0.20892554660170207, -0.8722728212278597, 0.4421427838655412], [-0.9769286190798419, 0.16569047850232185, -0.13474842691632785], [0.04427854107729115, -0.4600943280250934, -0.8867652564908058]]	7.474710263262901e-17	1.0000000000000004	[[-2.7755575615628914e-17, 1.3877787807814457e-17, 3.487226775807422e-17], [-1.3877787807814457e-17, -1.3877787807814457e-17, 0.0], [3.487226775807422e-17, 0.0, -4.163336342344337e-17]]	2.1282711098914156e-20	1.1412335059457555	[[0.0507411614107066, 2.7755575615628914e-17, 0.12250000000838446], [-2.7755575615628914e-17, -0.07175883859767763, 0.0], [0.12250000000838446, 0.0, 0.12250000002591961]]	[[0.05074116141070657, 4.163336342344337e-17, 0.12250000000838446], [-4.163336342344337e-17, -0.07175883859767766, 0.0], [0.12250000000838446, 0.0, 0.12250000002591963]]	1.0000000000000002	[[0.0, 0.0, 0.0], [0.0, 0.0, 0.0], [0.0, 0.0, 0.0]]
1	[[0.2716390998961424, -0.9623667677143403, 0.0078996080071079], [-0.8358745486248621, -0.23185104168470852, 0.4975528448626315], [-0.4769967907321766, -0.14175788820650492, -0.8673976958480093]]	6.711158990223965e-17	0.9999999999999997	[[0.0, 0.0, 1.2026491653451477e-18], [0.0, -5.551115123125783e-17, 0.0], [1.2026491653451477e-18, 0.0, -1.3877787807814457e-17]]	2.1040502782600208e-20	1.1804635819208336	[[0.05074116141014158, -5.551115123125783e-17, 0.12250000000811923], [5.551115123125783e-17, -0.07175883859797752, 0.0], [0.12250000000811923, 0.0, 0.12250000002518928]]	[[0.05074116141014151, -5.551115123125783e-17, 0.12250000000811923], [5.551115123125783e-17, -0.07175883859797756, 0.0], [0.12250000000811923, 0.0, 0.12250000002518932]]	0.9999999999999997	[[0.0, 0.0, 0.0], [0.0, 0.0, 0.0], [0.0, 0.0, 0.0]]
1	[[-0.9329322773960255, -0.042925561482400815, -0.35748393245583304], [-0.169270649991114, -0.8240132564325088, 0.5406936288463909], [-0.3177810769134181, 0.5649420761413629, 0.7614825262347359]]	2.1288877871607574e-16	1.0000000000000004	[[-2.220446049250313e-16, 0.0, -5.451428349329554e-17], [0.0, -1.6653345369377348e-16, 0.0], [-5.451428349329554e-17, 0.0, 1.1102230246251565e-16]]	1.3714089449694172e-20	1.1149676263119674	[[0.05074116140610074, 1.1102230246251565e-16, 0.12249999997158195], [-1.1102230246251565e-16, -0.07175883856548067, 0.0], [0.12249999997158195, 0.0, 0.12250000002220358]]	[[0.05074116140610074, 9.71445146547012e-17, 0.12249999997158195], [-9.71445146547012e-17, -0.0717588385654807, 0.0], [0.12249999997158195, 0.0, 0.12250000002220356]]	0.6872703261002877	[[-0.98, 0.0, 0.0], [0.0, -0.98, 0.0], [0.0, 0.0, 0.98]]
1	[[0.15665500554066836, 0.7010445100749366, 0.6956980696630148], [0.9690588098128995, 0.026938980891129116, -0.2453554858415722], [-0.1907465133706504, 0.7126085083707178, -0.6751332323583257]]	6.374872283961313e-17	1.0	[[-2.7755575615628914e-17, -1.3877787807814457e-17, 3.280179445148729e-17], [1.3877787807814457e-17, 0.0, 0.0], [3.280179445148729e-17, 0.0, -8.326672684688674e-17]]	8.293669566094765e-21	1.1171774618612957	[[0.050741161394663725, -1.3877787807814457e-17, 0.122500000001966], [1.3877787807814457e-17, -0.07175883860730241, 0.0], [0.122500000001966, 0.0, 0.1225000000051111]]	[[0.050741161394663684, -2.7755575615628914e-17, 0.122500000001966], [2.7755575615628914e-17, -0.07175883860730242, 0.0], [0.122500000001966, 0.0, 0.12250000000511106]]	1.0	[[0.0, 0.0, 0.0], [0.0, 0.0, 0.0], [0.0, 0.0, 0.0]]
1	[[-0.5981897663743452, -0.7419171441245457, 0.3028662322859456], [0.7115509511219108, -0.6655993255599615, -0.22510615667197656], [0.3685976768273374, 0.0808485563767378, 0.9260665546111073]]	2.3847992115558804e-15	0.9999999999999979	[[-1.4016565685892601e-15, -1.7208456881689926e-15, 8.12624938477288e-16], [1.7208456881689926e-15, -1.609823385706477e-15, 0.0], [8.12624938477288e-16, 0.0, 2.1510571102112408e-15]]	1.1196935667160385e-18	1.0203416379529324	[[0.05074116126932009, -1.249000902703301e-16, 0.12250000023426638], [1.249000902703301e-16, -0.0717588389649465, 0.0], [0.12250000023426638, 0.0, 0.12249999982429395]]	[[0.05074116126932009, -1.249000902703301e-16, 0.12250000023426638], [1.249000902703301e-16, -0.07175883896494646, 0.0], [0.12250000023426638, 0.0, 0.12249999982429398]]	0.891258361186864	[[-0.98, 0.0, 0.0], [0.0, -0.98, 0.0], [0.0, 0.0, 0.98]]
1	[[0.9008474576716361, -0.4254042240105299, 0.08663200448188091], [-0.049446002604253164, -0.2987906365719553, -0.9530368557004423], [0.4313107358193278, 0.8542572222058906, -0.2901993237002208]]	8.068135180942971e-17	0.9999999999999998	[[1.1102230246251565e-16, -2.7755575615628914e-17, 3.756647794488712e-17], [2.7755575615628914e-17, 0.0, 0.0], [3.756647794488712e-17, 0.0, -2.7755575615628914e-17]]	1.5326620927021637e-20	1.0787800660018763	[[0.05074116139983546, -5.551115123125783e-17, 0.12250000000454862], [5.551115123125783e-17, -0.07175883860471365, 0.0], [0.12250000000454862, 0.0, 0.12250000001178583]]	[[0.05074116139983549, -4.163336342344337e-17, 0.12250000000454862], [4.163336342344337e-17, -0.07175883860471362, 0.0], [0.12250000000454862, 0.0, 0.12250000001178586]]	1.0	[[0.0, 0.0, 0.0], [0.0, 0.0, 0.0], [0.0, 0.0, 0.0]]
1	[[0.6069875784705717, -0.6928697567511047, 0.38922690010082395], [0.12403339438257666, 0.5663640199931965, 0.8147683805444849], [-0.7849724814669417, -0.44627715271657287, 0.4297149128233985]]	7.298427926887264e-17	1.0000000000000002	[[5.551115123125783e-17, -2.7755575615628914e-17, 2.49306697939942e-18], [2.7755575615628914e-17, 2.5262508636229495e-17, 0.0], [2.49306697939942e-18, 0.0, 8.326672684688674e-17]]	3.515527986970879e-20	1.118504503282154	[[0.05074116142028788, -1.3877787807814457e-17, 0.12250000001621893], [1.3877787807814457e-17, -0.07175883859593127, 0.0], [0.12250000001621893, 0.0, 0.1225000000380887]]	[[0.050741161420287936, -1.3877787807814457e-17, 0.12250000001621893], [1.3877787807814457e-17, -0.07175883859593124, 0.0], [0.12250000001621893, 0.0, 0.12250000003808867]]	1.0000000000000002	[[0.0, 0.0, 0.0], [0.0, 0.0, 0.0], [0.0, 0.0, 0.0]]
1	[[0.39159002759377715, 0.2136607185654068, -0.8949895796215835], [0.9173475615466772, -0.1663710136628364, 0.36165472088328326], [-0.07162891604282473, -0.9626368906056502, -0.2611503690053217]]	6.039240779667765e-17	1.0	[[0.0, -1.3877787807814457e-17, -1.214390552365575e-17], [1.3877787807814457e-17, -2.948945789978762e-17, 0.0], [-1.214390552365575e-17, 0.0, -2.7755575615628914e-17]]	2.3422557346478604e-20	1.1771235328280834	[[0.05074116141299677, -1.3877787807814457e-17, 0.12250000001106764], [1.3877787807814457e-17, -0.07175883859807078, 0.0], [0.12250000001106764, 0.0, 0.1225000000287758]]	[[0.05074116141299674, -1.3877787807814457e-17, 0.12250000001106764], [1.3877787807814457e-17, -0.0717588385980708, 0.0], [0.12250000001106764, 0.0, 0.12250000002877577]]	1.0	[[0.0, 0.0, 0.0], [0.0, 0.0, 0.0], [0.0, 0.0, 0.0]]
1	[[-0.3892204033068475, 0.16341442670440054, -0.9065336192301567], [0.7573193366333747, 0.6170095977865081, -0.21393124736820557], [0.5243804916383139, -0.7698018455318246, -0.3639096297227603]]	6.404811575384175e-17	1.0	[[0.0, -2.7755575615628914e-17, 4.6804334879353015e-18], [2.7755575615628914e-17, 5.0830717743322524e-17, 0.0], [4.6804334879353015e-18, 0.0, -5.551115123125783e-17]]	1.9035404501187374e-20	1.1794706688752086	[[0.05074116140778687, 5.551115123125783e-17, 0.12250000000848145], [-5.551115123125783e-17, -0.0717588386006944, 0.0], [0.12250000000848145, 0.0, 0.12250000002205157]]	[[0.05074116140778685, 5.551115123125783e-17, 0.12250000000848145], [-5.551115123125783e-17, -0.07175883860069435, 0.0], [0.12250000000848145, 0.0, 0.12250000002205157]]	1.0	[[0.0, 0.0, 0.0], [0.0, 0.0, 0.0], [0.0, 0.0, 0.0]]
1	[[0.3165442381789233, -0.7577804397575791, -0.5705861463412293], [-0.23983098085954807, -0.6459091038519906, 0.7247637754338064], [-0.9177585989222176, -0.09257556201248784, -0.3861980313548994]]	1.0766454827385e-16	0.9999999999999998	[[1.3877787807814457e-17, -2.7755575615628914e-17, -6.269725979569468e-17], [2.7755575615628914e-17, -8.326672684688674e-17, 0.0], [-6.269725979569468e-17, 0.0, -2.7755575615628914e-17]]	5.483267678679309e-20	1.2034252921206676	[[0.05074116142032026, 1.3877787807814457e-17, 0.12250000001470307], [-1.3877787807814457e-17, -0.07175883859438269, 0.0], [0.12250000001470307, 0.0, 0.12250000003822935]]	[[0.050741161420320216, 4.163336342344337e-17, 0.12250000001470307], [-4.163336342344337e-17, -0.07175883859438272, 0.0], [0.12250000001470307, 0.0, 0.12250000003822933]]	0.9999999999999999	[[0.0, 0.0, 0.0], [0.0, 0.0, 0.0], [0.0, 0.0, 0.0]]
1	[[0.2973838978430522, -0.6779765432739062, -0.6722429799365989], [0.21009501085824506, -0.6403704890576759, 0.7387731202179104], [-0.931355412136606, -0.3609341262812347, -0.047996382878866456]]	1.3960471361530403e-16	1.0	[[5.551115123125783e-17, -6.938893903907228e-17, -9.427512892662277e-17], [6.938893903907228e-17, -7.225832476715071e-17, 0.0], [-9.427512892662277e-17, 0.0, -4.163336342344337e-17]]	4.1590616262748695e-20	1.1934574965790428	[[0.05074116140137601, -1.3877787807814457e-17, 0.12250000000832952], [1.3877787807814457e-17, -0.07175883860695356, 0.0], [0.12250000000832952, 0.0, 0.12250000001357969]]	[[0.05074116140137605, 0.0, 0.12250000000832952], [0.0, -0.07175883860695352, 0.0], [0.12250000000832952, 0.0, 0.12250000001357964]]	1.0000000000000002	[[0.0, 0.0, 0.0], [0.0, 0.0, 0.0], [0.0, 0.0, 0.0]]
1	[[-0.497660567830157, -0.331663200144824, 0.8014570986002058], [0.5168745496181553, -0.8554231213464026, -0.033045172461446226], [0.6965448005577205, 0.39780749758604605, 0.5971386235040682]]	8.702058994603346e-16	0.9999999999999992	[[-4.3021142204224816e-16, -3.7470027081099033e-16, 6.6455934278568e-16], [3.7470027081099033e-16, -7.632783294297951e-16, 0.0], [6.6455934278568e-16, 0.0, 5.273559366969494e-16]]	1.3433550053095923e-18	0.9750807699572288	[[0.050741161534257256, 8.326672684688674e-17, 0.12250000007120937], [-8.326672684688674e-17, -0.07175883853695214, 0.0], [0.12250000007120937, 0.0, 0.12250000018530624]]	[[0.05074116153425724, 6.938893903907228e-17, 0.12250000007120937], [-6.938893903907228e-17, -0.07175883853695217, 0.0], [0.12250000007120937, 0.0, 0.12250000018530625]]	0.7962684722540242	[[0.0, 0.0, 0.98], [0.0, -0.98, 0.0], [0.98, 0.0, 0.0]]
1	[[0.011896673231499427, 0.9993644402235865, 0.03360334481298405], [0.8317252015093325, 0.008764640468321566, -0.5551183389618117], [-0.5550600493102371, 0.0345528102194082, -0.8310923203625807]]	6.22809616862568e-17	1.0	[[-5.551115123125783e-17, 1.3877787807814457e-17, 7.107484072180439e-19], [-1.3877787807814457e-17, 0.0, 0.0], [7.107484072180439e-19, 0.0, -1.6653345369377348e-16]]	1.706598731335745e-20	1.1920590889406075	[[0.05074116140594033, -5.551115123125783e-17, 0.12250000000756464], [5.551115123125783e-17, -0.07175883860162459, 0.0], [0.12250000000756464, 0.0, 0.12250000001966688]]	[[0.05074116140594033, -5.551115123125783e-17, 0.12250000000756464], [5.551115123125783e-17, -0.07175883860162457, 0.0], [0.12250000000756464, 0.0, 0.12250000001966689]]	1.0	[[0.0, 0.0, 0.0], [0.0, 0.0, 0.0], [0.0, 0.0, 0.0]]
