1	[[0.960266122164094, -0.26817943200658406, -0.07725779489837309], [0.017005372634810778, 0.3325347103638141, -0.9429376881346961], [0.27856739207144177, 0.9041573196362899, 0.32388230798028383]]	7.477716364482732e-17	1.0	[[8.326672684688674e-17, 0.0, 2.3968331644809457e-17], [0.0, 0.0, 0.0], [2.3968331644809457e-17, 0.0, 0.0]]	1.6262726215829175e-20	1.0812601830108193	[[0.051776695306995635, -1.942890293094024e-16, 0.12500000000514272], [1.942890293094024e-16, -0.07322330469814689, 0.0], [0.12500000000514272, 0.0, 0.12500000001337133]]	[[0.05177669530699565, -1.942890293094024e-16, 0.12500000000514272], [1.942890293094024e-16, -0.07322330469814693, 0.0], [0.12500000000514272, 0.0, 0.12500000001337133]]	1.0	[[0.0, 0.0, 0.0], [0.0, 0.0, 0.0], [0.0, 0.0, 0.0]]
1	[[-0.9486136680599805, -0.12041431394456104, -0.29263031587149324], [-0.3163835017059441, 0.34398030004570723, 0.8840695860783527], [-0.005795568830930603, 0.9312238969107944, -0.3644015164680301]]	7.811798076255686e-17	1.0	[[-1.1102230246251565e-16, 2.7755575615628914e-17, 4.9226123442827866e-18], [-2.7755575615628914e-17, 2.7755575615628914e-17, 0.0], [4.9226123442827866e-18, 0.0, 0.0]]	1.6549279358449452e-20	1.183711186899339	[[0.0517766953071456, -5.551115123125783e-17, 0.12500000000523284], [5.551115123125783e-17, -0.07322330469808688, 0.0], [0.12500000000523284, 0.0, 0.1250000000135645]]	[[0.051776695307145626, -6.938893903907228e-17, 0.12500000000523284], [6.938893903907228e-17, -0.07322330469808683, 0.0], [0.12500000000523284, 0.0, 0.1250000000135645]]	1.0	[[0.0, 0.0, 0.0], [0.0, 0.0, 0.0], [0.0, 0.0, 0.0]]
1	[[0.5589385729429008, -0.453070050737613, 0.6944891653590938], [0.6606928908491764, -0.262767821928887, -0.7031628372860068], [0.5010714277005947, 0.851868887143653, 0.15246909017477023]]	1.237328597784242e-16	1.0000000000000002	[[8.326672684688674e-17, -6.938893903907228e-17, 8.994293746942375e-17], [6.938893903907228e-17, -5.551115123125783e-17, 0.0], [8.994293746942375e-17, 0.0, 5.551115123125783e-17]]	3.389654858894494e-20	1.018514339895708	[[0.051776695315595006, -6.938893903907228e-17, 0.1250000000094122], [6.938893903907228e-17, -0.07322330469381697, 0.0], [0.1250000000094122, 0.0, 0.12500000002447167]]	[[0.051776695315595006, -9.71445146547012e-17, 0.1250000000094122], [9.71445146547012e-17, -0.07322330469381697, 0.0], [0.1250000000094122, 0.0, 0.12500000002447167]]	1.0000000000000002	[[0.0, 0.0, 0.0], [0.0, 0.0, 0.0], [0.0, 0.0, 0.0]]
1	[[0.42284015807257314, 0.3527755205810929, 0.834718894478794], [0.37729723708366386, -0.9060167935199916, 0.19178207619270926], [0.8239253580332351, 0.23384396921556794, -0.5162015134143967]]	4.570074055821449e-16	0.9999999999999994	[[1.942890293094024e-16, 0.0, 3.9308008421300944e-16], [0.0, -3.608224830031759e-16, 0.0], [3.9308008421300944e-16, 0.0, -2.220446049250313e-16]]	2.709309635888198e-19	1.009693780345761	[[0.05177669538195223, 4.163336342344337e-17, 0.1249999999830456], [-4.163336342344337e-17, -0.07322330460109362, 0.0], [0.1249999999830456, 0.0, 0.1250000001139574]]	[[0.05177669538195222, 1.3877787807814457e-17, 0.1249999999830456], [-1.3877787807814457e-17, -0.07322330460109364, 0.0], [0.1249999999830456, 0.0, 0.12500000011395737]]	0.6598022082169618	[[0.0, 0.0, 1.0], [0.0, -1.0, 0.0], [1.0, 0.0, 0.0]]
1	[[0.27459789904950743, -0.1233857755913988, -0.9536099539220977], [-0.9242923950151736, 0.23955154775131188, -0.29715084466826813], [0.2651029278501293, 0.963011425867658, -0.04826418230561075]]	5.450240883488255e-17	1.0	[[2.7755575615628914e-17, 2.7755575615628914e-17, -2.1329967990611195e-18], [-2.7755575615628914e-17, 2.1329967990611195e-18, 0.0], [-2.1329967990611195e-18, 0.0, -5.551115123125783e-17]]	9.315285601127246e-21	1.1637230342443197	[[0.051776695301937514, -4.163336342344337e-17, 0.12500000000269335], [4.163336342344337e-17, -0.07322330470075597, 0.0], [0.12500000000269335, 0.0, 0.12500000000683797]]	[[0.051776695301937445, -4.163336342344337e-17, 0.12500000000269335], [4.163336342344337e-17, -0.07322330470075604, 0.0], [0.12500000000269335, 0.0, 0.12500000000683795]]	1.0	[[0.0, 0.0, 0.0], [0.0, 0.0, 0.0], [0.0, 0.0, 0.0]]
1	[[-0.5524682326348718, 0.07472194964223472, 0.8301779822248746], [0.3954071310761524, 0.9002726737930906, 0.1821052264916233], [-0.7337792942182461, 0.42886564686752693, -0.5269176447163921]]	9.104796267348813e-17	0.9999999999999999	[[-2.7755575615628914e-17, -1.3877787807814457e-17, 2.085236512322492e-17], [1.3877787807814457e-17, 1.1102230246251565e-16, 0.0], [2.085236512322492e-17, 0.0, -5.551115123125783e-17]]	-5.207451884901043e-21	1.1716075210328902	[[0.051776695283536664, 3.3306690738754696e-16, 0.12499999999034087], [-3.3306690738754696e-16, -0.0732233047068036, 0.0], [0.12499999999034087, 0.0, 0.1249999999832937]]	[[0.05177669528353665, 3.3306690738754696e-16, 0.12499999999034087], [-3.3306690738754696e-16, -0.0732233047068036, 0.0], [0.12499999999034087, 0.0, 0.1249999999832937]]	0.9999999999999999	[[0.0, 0.0, 0.0], [0.0, 0.0, 0.0], [0.0, 0.0, 0.0]]
1	[[-0.5387086746235353, 0.7530690341028258, -0.37773005408729476], [0.8423234016150757, 0.49040532726543196, -0.22359316197346515], [0.01685974427331502, -0.4386224399926676, -0.8985132743359537]]	8.65614898069072e-17	0.9999999999999999	[[-8.326672684688674e-17, 0.0, 9.893297705597221e-19], [0.0, 2.7755575615628914e-17, 0.0], [9.893297705597221e-19, 0.0, -5.551115123125783e-17]]	5.979802646347e-20	1.2127088698983177	[[0.05177669535176978, -4.163336342344337e-17, 0.12500000002580985], [4.163336342344337e-17, -0.07322330467404035, 0.0], [0.12500000002580985, 0.0, 0.12500000007126782]]	[[0.05177669535176979, -4.163336342344337e-17, 0.12500000002580985], [4.163336342344337e-17, -0.07322330467404035, 0.0], [0.12500000002580985, 0.0, 0.12500000007126782]]	0.9999999999999999	[[0.0, 0.0, 0.0], [0.0, 0.0, 0.0], [0.0, 0.0, 0.0]]
1	[[0.14595044963558398, -0.6734441926758938, -0.7246870949604965], [-0.34441161031647605, -0.7212947983739647, 0.6009279961175655], [-0.9274045012454825, 0.1618849381189445, -0.33721529900027186]]	1.2622889413401794e-16	0.9999999999999998	[[0.0, 0.0, -8.702267908040158e-17], [0.0, -1.5265566588595902e-16, 0.0], [-8.702267908040158e-17, 0.0, -5.551115123125783e-17]]	1.0367109372478955e-19	1.2156122079789446	[[0.05177669535236552, -1.249000902703301e-16, 0.12500000002455902], [1.249000902703301e-16, -0.07322330467219318, 0.0], [0.12500000002455902, 0.0, 0.12500000007213713]]	[[0.05177669535236551, -1.3877787807814457e-16, 0.12500000002455902], [1.3877787807814457e-16, -0.07322330467219322, 0.0], [0.12500000002455902, 0.0, 0.12500000007213716]]	0.9999999999999998	[[0.0, 0.0, 0.0], [0.0, 0.0, 0.0], [0.0, 0.0, 0.0]]
1	[[-0.9649136349056507, -0.007072981661685379, -0.26247218920026094], [-0.13286753364795276, -0.8490486324305947, 0.5113341747527215], [-0.22646831053256494, 0.5282673496423472, 0.8183188325013518]]	2.508156110350158e-16	0.9999999999999998	[[-2.220446049250313e-16, 2.7755575615628914e-17, -4.4383294236129855e-17], [-2.7755575615628914e-17, -1.6653345369377348e-16, 0.0], [-4.4383294236129855e-17, 0.0, 1.6653345369377348e-16]]	3.4076387998714774e-20	1.1028082859733237	[[0.05177669534102189, 4.163336342344337e-17, 0.12499999994534627], [-4.163336342344337e-17, -0.07322330460432412, 0.0], [0.12499999994534627, 0.0, 0.12500000006224568]]	[[0.051776695341021875, 6.938893903907228e-17, 0.12499999994534627], [-6.938893903907228e-17, -0.07322330460432412, 0.0], [0.12499999994534627, 0.0, 0.12500000006224565]]	0.6063983015827157	[[-1.0, 0.0, 0.0], [0.0, -1.0, 0.0], [0.0, 0.0, 1.0]]
1	[[-0.16688068420723817, -0.7255765027370625, 0.6675998621287887], [0.016208584335006937, 0.6749843637247572, 0.7376539774995726], [-0.9858438613859596, 0.13392104914067282, -0.10088128451146167]]	6.063051103123958e-17	1.0	[[0.0, -1.3877787807814457e-17, 6.9167214449272e-18], [1.3877787807814457e-17, 2.0838854170701715e-17, 0.0], [6.9167214449272e-18, 0.0, -2.7755575615628914e-17]]	1.5642566334490282e-20	1.1603676512283616	[[0.05177669531035489, 1.1102230246251565e-16, 0.12500000000682573], [-1.1102230246251565e-16, -0.07322330469647048, 0.0], [0.12500000000682573, 0.0, 0.12500000001770675]]	[[0.051776695310354934, 1.1102230246251565e-16, 0.12500000000682573], [-1.1102230246251565e-16, -0.07322330469647051, 0.0], [0.12500000000682573, 0.0, 0.12500000001770678]]	1.0	[[0.0, 0.0, 0.0], [0.0, 0.0, 0.0], [0.0, 0.0, 0.0]]
1	[[-0.7602129684948403, 0.05278936044302118, 0.6475256952092945], [-0.5363407046060238, 0.5114621413604626, -0.671375548063589], [-0.36662636445702773, -0.8576827859873295, -0.36050706998065346]]	8.087799876171849e-17	1.0000000000000004	[[-1.3877787807814457e-16, 4.163336342344337e-17, 2.777331087806454e-17], [-4.163336342344337e-17, 0.0, 0.0], [2.777331087806454e-17, 0.0, -1.3877787807814457e-17]]	2.2369657605848728e-20	1.1453433385933602	[[0.05177669531379177, 4.163336342344337e-17, 0.1250000000100481], [-4.163336342344337e-17, -0.07322330469625635, 0.0], [0.1250000000100481, 0.0, 0.12500000002204503]]	[[0.05177669531379182, 1.3877787807814457e-17, 0.1250000000100481], [-1.3877787807814457e-17, -0.07322330469625637, 0.0], [0.1250000000100481, 0.0, 0.12500000002204498]]	1.0000000000000002	[[0.0, 0.0, 0.0], [0.0, 0.0, 0.0], [0.0, 0.0, 0.0]]
1	[[0.9276499285075541, 0.24559764542247225, 0.2813314889998406], [-0.0941166078059129, -0.5752662021112951, 0.8125336059779651], [0.3613968376660729, -0.780224706909096, -0.5105308339890726]]	1.167548094487584e-16	1.0000000000000002	[[2.7755575615628914e-17, 2.7755575615628914e-17, 5.3749842799077885e-17], [-2.7755575615628914e-17, -8.326672684688674e-17, 0.0], [5.3749842799077885e-17, 0.0, -5.551115123125783e-17]]	2.887098089183575e-20	1.078201197276227	[[0.051776695311834944, 5.551115123125783e-17, 0.12500000000754552], [-5.551115123125783e-17, -0.07322330469571046, 0.0], [0.12500000000754552, 0.0, 0.12500000001961836]]	[[0.051776695311834986, 2.7755575615628914e-17, 0.12500000000754552], [-2.7755575615628914e-17, -0.07322330469571045, 0.0], [0.12500000000754552, 0.0, 0.12500000001961836]]	0.9932537618313251	[[1.0, 0.0, 0.0], [0.0, -1.0, 0.0], [0.0, 0.0, -1.0]]
1	[[-0.5104173248528786, -0.5182894301775639, 0.6861852672975772], [0.45628273613066006, -0.8395968917985795, -0.29475943410056116], [0.7288897167604642, 0.1626441694263301, 0.6650313187756423]]	1.3148611941966509e-15	0.9999999999999992	[[-6.938893903907228e-16, -6.522560269672795e-16, 9.416391896290165e-16], [6.522560269672795e-16, -1.0824674490095276e-15, 0.0], [9.416391896290165e-16, 0.0, 9.159339953157541e-16]]	2.2002232385682575e-18	0.9789736659688122	[[0.05177669544566439, 0.0, 0.12500000007398768], [0.0, -0.07322330462832323, 0.0], [0.12500000007398768, 0.0, 0.12500000019236834]]	[[0.051776695445664364, 0.0, 0.12500000007398765], [0.0, -0.07322330462832326, 0.0], [0.12500000007398765, 0.0, 0.1250000001923683]]	0.8633238813697786	[[0.0, 0.0, 1.0], [0.0, -1.0, 0.0], [1.0, 0.0, 0.0]]
1	[[-0.4871732334601276, -0.7856314367511983, 0.3813731587149939], [0.18798613468173503, 0.33212331739003315, 0.9243134290992746], [-0.8528326059476293, 0.5219936279631076, -0.014113773361090876]]	6.424969240485974e-17	1.0	[[-1.3877787807814457e-17, -4.163336342344337e-17, 1.4581482338436184e-18], [4.163336342344337e-17, 1.3877787807814457e-17, 0.0], [1.4581482338436184e-18, 0.0, 0.0]]	6.049724717576586e-21	1.1644912898429698	[[0.051776695295077974, -1.3877787807814457e-17, 0.1250000000007731], [1.3877787807814457e-17, -0.07322330470569517, 0.0], [0.1250000000007731, 0.0, 0.12499999999788801]]	[[0.05177669529507792, -4.163336342344337e-17, 0.1250000000007731], [4.163336342344337e-17, -0.07322330470569519, 0.0], [0.1250000000007731, 0.0, 0.12499999999788802]]	1.0	[[0.0, 0.0, 0.0], [0.0, 0.0, 0.0], [0.0, 0.0, 0.0]]
1	[[0.9792681828595647, -0.06468287773609287, 0.1919634115312185], [-0.19461030959112274, -0.5634158260401757, 0.8029255472136342], [0.05621968907574672, -0.8236375005396755, -0.5643231470221494]]	1.0517764522255881e-16	1.0	[[8.326672684688674e-17, 0.0, 2.945358104068658e-17], [0.0, -2.7755575615628914e-17, 0.0], [2.945358104068658e-17, 0.0, -2.7755575615628914e-17]]	1.9898922044821206e-20	1.105054287431795	[[0.051776695304908235, 0.0, 0.12500000000486433], [0.0, -0.07322330469995597, 0.0], [0.12500000000486433, 0.0, 0.12500000001062794]]	[[0.05177669530490815, 1.3877787807814457e-17, 0.12500000000486433], [-1.3877787807814457e-17, -0.07322330469995601, 0.0], [0.12500000000486433, 0.0, 0.12500000001062792]]	0.9449829861315548	[[1.0, 0.0, 0.0], [0.0, -1.0, 0.0], [0.0, 0.0, -1.0]]
1	[[-0.004881392374527848, -0.8737977806315758, 0.48626495922677654], [-0.9964931464260065, -0.036369118883652976, -0.07535712519479704], [0.0835319168610627, -0.4849275469128966, -0.8705559678220334]]	7.347793207709765e-17	1.0	[[-2.7755575615628914e-17, 0.0, 3.728017878323041e-17], [0.0, -1.3877787807814457e-17, 0.0], [3.728017878323041e-17, 0.0, -4.163336342344337e-17]]	1.792044121738974e-20	1.128998460883053	[[0.05177669531232963, 4.163336342344337e-17, 0.12500000000779085], [-4.163336342344337e-17, -0.0732233046954615, 0.0], [0.12500000000779085, 0.0, 0.12500000002025585]]	[[0.051776695312329646, 4.163336342344337e-17, 0.12500000000779085], [-4.163336342344337e-17, -0.0732233046954615, 0.0], [0.12500000000779085, 0.0, 0.12500000002025585]]	1.0	[[0.0, 0.0, 0.0], [0.0, 0.0, 0.0], [0.0, 0.0, 0.0]]
1	[[0.34528785424661446, 0.721296251312937, 0.6004231970466106], [-0.4727265086543158, -0.4190107345154037, 0.7752158746932126], [0.8107440691890812, -0.5515085876056384, 0.1962965411614891]]	1.6758622958085172e-16	0.9999999999999999	[[5.551115123125783e-17, 8.326672684688674e-17, 1.3392241900773545e-16], [-8.326672684688674e-17, -1.1102230246251565e-16, 0.0], [1.3392241900773545e-16, 0.0, 0.0]]	4.8534489091859806e-20	1.0004325508393155	[[0.051776695318540955, 6.938893903907228e-17, 0.1250000000093284], [-6.938893903907228e-17, -0.07322330469078725, 0.0], [0.1250000000093284, 0.0, 0.12500000002837441]]	[[0.05177669531854087, 8.326672684688674e-17, 0.1250000000093284], [-8.326672684688674e-17, -0.0732233046907873, 0.0], [0.1250000000093284, 0.0, 0.1250000000283744]]	1.0	[[0.0, 0.0, 0.0], [0.0, 0.0, 0.0], [0.0, 0.0, 0.0]]
1	[[-0.19923769144659614, 0.8439754804473203, -0.49800575369241046], [-0.7021380284509187, 0.23156213831599123, 0.6733358486680942], [0.6835982236007403, 0.4838226581116686, 0.5464513740376828]]	1.0058844880019402e-16	1.0	[[0.0, 6.938893903907228e-17, 2.5762961715065198e-17], [-6.938893903907228e-17, 0.0, 0.0], [2.5762961715065198e-17, 0.0, 2.7755575615628914e-17]]	4.979703890196854e-21	1.0794534328634013	[[0.0517766952930461, 3.0531133177191805e-16, 0.12499999999585876], [-3.0531133177191805e-16, -0.0732233047028126, 0.0], [0.12499999999585876, 0.0, 0.12499999999551728]]	[[0.05177669529304614, 3.191891195797325e-16, 0.12499999999585876], [-3.191891195797325e-16, -0.07322330470281262, 0.0], [0.12499999999585876, 0.0, 0.12499999999551734]]	1.0	[[0.0, 0.0, 0.0], [0.0, 0.0, 0.0], [0.0, 0.0, 0.0]]
1	[[-0.30856070057004426, 0.1412364016461924, 0.9406607108377383], [0.9283791655349412, 0.26005680283238586, 0.2654855632633233], [-0.2071289913661773, 0.9552082171708078, -0.21136424197341674]]	6.876575712060813e-17	1.0000000000000002	[[0.0, -2.7755575615628914e-17, 4.15377202172759e-17], [2.7755575615628914e-17, 1.3877787807814457e-16, 0.0], [4.15377202172759e-17, 0.0, -1.3877787807814457e-17]]	1.1179023360510299e-20	1.0873857472542643	[[0.051776695304116424, -6.938893903907228e-17, 0.12500000000371367], [6.938893903907228e-17, -0.0732233046995977, 0.0], [0.12500000000371367, 0.0, 0.12500000000965444]]	[[0.05177669530411645, -5.551115123125783e-17, 0.12500000000371367], [5.551115123125783e-17, -0.07322330469959766, 0.0], [0.12500000000371367, 0.0, 0.1250000000096544]]	1.0	[[0.0, 0.0, 0.0], [0.0, 0.0, 0.0], [0.0, 0.0, 0.0]]
1	[[-0.43776478212225356, 0.8965698997575128, 0.0672637374984425], [-0.25427414048209707, -0.19521750927551854, 0.9472247809017422], [0.8623842861599152, 0.39755822079422076, 0.3134338910574078]]	9.930543446661156e-17	1.0	[[-6.938893903907228e-17, 6.938893903907228e-17, 6.232830728882221e-17], [-6.938893903907228e-17, 1.3877787807814457e-17, 0.0], [6.232830728882221e-17, 0.0, 4.163336342344337e-17]]	3.045925726634356e-20	1.0319711765120256	[[0.05177669531780517, 8.326672684688674e-17, 0.12500000001357145], [-8.326672684688674e-17, -0.07322330469576616, 0.0], [0.12500000001357145, 0.0, 0.12500000002712675]]	[[0.051776695317805155, 8.326672684688674e-17, 0.12500000001357145], [-8.326672684688674e-17, -0.07322330469576607, 0.0], [0.12500000001357145, 0.0, 0.12500000002712677]]	1.0	[[0.0, 0.0, 0.0], [0.0, 0.0, 0.0], [0.0, 0.0, 0.0]]
1	[[-0.6688443635042012, -0.7106257709593319, -0.21830765231002544], [0.3076282537140923, 0.0027649952570922287, -0.9515026076254579], [0.6767658937368799, -0.7035647578223935, 0.2167592134716278]]	7.956543271402872e-17	0.9999999999999999	[[-9.71445146547012e-17, -5.551115123125783e-17, 3.460418977944215e-17], [5.551115123125783e-17, -1.3877787807814457e-17, 0.0], [3.460418977944215e-17, 0.0, 0.0]]	1.7711920853106197e-20	1.0839681196349125	[[0.051776695308913906, 1.3877787807814457e-16, 0.1250000000076574], [-1.3877787807814457e-16, -0.073223304698743, 0.0], [0.1250000000076574, 0.0, 0.12500000001574757]]	[[0.05177669530891392, 1.3877787807814457e-16, 0.1250000000076574], [-1.3877787807814457e-16, -0.07322330469874296, 0.0], [0.1250000000076574, 0.0, 0.12500000001574757]]	1.0	[[0.0, 0.0, 0.0], [0.0, 0.0, 0.0], [0.0, 0.0, 0.0]]
1	[[0.648727301424343, -0.24025956634810233, -0.722099874785276], [0.6191713111804977, -0.3850481214649154, 0.6843718518227958], [-0.4424700846359139, -0.8910742308778553, -0.10102939803703481]]	8.689338636701897e-17	1.0	[[5.551115123125783e-17, -4.163336342344337e-17, -3.373867281543783e-17], [4.163336342344337e-17, -2.7755575615628914e-17, 0.0], [-3.373867281543783e-17, 0.0, 0.0]]	3.2834040873772166e-20	1.1749294820587897	[[0.051776695318088026, -1.942890293094024e-16, 0.12500000000910347], [1.942890293094024e-16, -0.07322330469101558, 0.0], [0.12500000000910347, 0.0, 0.12500000002778944]]	[[0.051776695318088053, -2.0816681711721685e-16, 0.12500000000910347], [2.0816681711721685e-16, -0.07322330469101558, 0.0], [0.12500000000910347, 0.0, 0.1250000000277895]]	0.9999999999999999	[[0.0, 0.0, 0.0], [0.0, 0.0, 0.0], [0.0, 0.0, 0.0]]
1	[[-0.20962728376771522, 0.9146782181840727, -0.3455722197743615], [-0.11263779594486362, 0.32848192764058937, 0.9377698812279087], [0.9712719129187527, 0.23550664617613754, 0.03416856423694914]]	7.027989604819259e-17	1.0	[[2.7755575615628914e-17, 2.7755575615628914e-17, 3.8325451911399223e-17], [-2.7755575615628914e-17, 2.7755575615628914e-17, 0.0], [3.8325451911399223e-17, 0.0, -1.3877787807814457e-17]]	1.4893520690512952e-20	1.0776717103853968	[[0.05177669530871659, 1.249000902703301e-16, 0.12500000000593547], [-1.249000902703301e-16, -0.07322330469721945, 0.0], [0.12500000000593547, 0.0, 0.12500000001559605]]	[[0.051776695308716605, 1.3877787807814457e-16, 0.12500000000593547], [-1.3877787807814457e-16, -0.0732233046972194, 0.0], [0.12500000000593547, 0.0, 0.12500000001559602]]	1.0000000000000002	[[0.0, 0.0, 0.0], [0.0, 0.0, 0.0], [0.0, 0.0, 0.0]]
1	[[0.574704889092418, -0.24730035866747077, 0.780100521122895], [-0.20680691382082303, -0.9661955377213083, -0.1539385698366041], [0.7917987060163579, -0.07286093253845069, -0.6064207233105157]]	1.1804043177736095e-15	0.9999999999999991	[[6.661338147750939e-16, 0.0, 9.389426423178812e-16], [0.0, -1.1102230246251565e-15, 0.0], [9.389426423178812e-16, 0.0, -6.938893903907228e-16]]	1.8626873808001225e-18	1.0188352815803488	[[0.05177669552947253, 4.163336342344337e-17, 0.12499999995759255], [-4.163336342344337e-17, -0.07322330442812036, 0.0], [0.12499999995759255, 0.0, 0.12500000031075373]]	[[0.051776695529472505, 5.551115123125783e-17, 0.12499999995759255], [-5.551115123125783e-17, -0.07322330442812039, 0.0], [0.12499999995759255, 0.0, 0.1250000003107537]]	0.6796361049410483	[[0.0, 0.0, 1.0], [0.0, -1.0, 0.0], [1.0, 0.0, 0.0]]
1	[[0.24646923027241593, 0.7083253665859152, 0.6614590641754414], [0.9286246270354669, -0.36790822982092686, 0.04795661052734279], [0.27732511713179175, 0.6024273478860003, -0.7484464375804571]]	8.899066967138853e-17	0.9999999999999997	[[2.7755575615628914e-17, -1.3877787807814457e-17, 5.796993261467001e-17], [1.3877787807814457e-17, -2.7755575615628914e-17, 0.0], [5.796993261467001e-17, 0.0, -9.71445146547012e-17]]	3.1250564373110905e-20	1.0846311190838234	[[0.05177669532535291, -1.5265566588595902e-16, 0.12500000001272518], [1.5265566588595902e-16, -0.07322330468737236, 0.0], [0.12500000001272518, 0.0, 0.12500000003716605]]	[[0.051776695325352895, -1.3877787807814457e-16, 0.12500000001272518], [1.3877787807814457e-16, -0.0732233046873723, 0.0], [0.12500000001272518, 0.0, 0.12500000003716602]]	0.9999999999999997	[[0.0, 0.0, 0.0], [0.0, 0.0, 0.0], [0.0, 0.0, 0.0]]
1	[[-0.9588610349856624, -0.2231075811005983, 0.17552356776702127], [-0.1293663018671285, -0.20694792700785122, -0.9697612672448699], [0.252685329070461, -0.9525731272519675, 0.16957170079338071]]	7.95758786066624e-17	1.0000000000000002	[[-1.1102230246251565e-16, -1.3877787807814457e-17, 3.341131030186785e-17], [1.3877787807814457e-17, 0.0, 0.0], [3.341131030186785e-17, 0.0, 0.0]]	1.060006662856875e-20	1.0913389586259197	[[0.05177669530081565, 5.551115123125783e-17, 0.12500000000246148], [-5.551115123125783e-17, -0.0732233047016454, 0.0], [0.12500000000246148, 0.0, 0.1250000000053702]]	[[0.05177669530081569, 2.7755575615628914e-17, 0.12500000000246148], [-2.7755575615628914e-17, -0.07322330470164537, 0.0], [0.12500000000246148, 0.0, 0.12500000000537023]]	1.0	[[0.0, 0.0, 0.0], [0.0, 0.0, 0.0], [0.0, 0.0, 0.0]]
1	[[0.26616637265112986, 0.9073278585449115, 0.3254406538495851], [-0.9565105633649592, 0.2904108926461212, -0.02736888020603004], [-0.11934405825590477, -0.30400274758756485, 0.9451662950075098]]	7.081984922946351e-16	0.9999999999999997	[[1.6653345369377348e-16, 6.38378239159465e-16, 8.895132150306358e-17], [-6.38378239159465e-16, 1.942890293094024e-16, 0.0], [8.895132150306358e-17, 0.0, 6.106226635438361e-16]]	7.406167641962129e-19	1.0568094489588982	[[0.05177669537759638, -6.938893903907228e-17, 0.1250000000369135], [6.938893903907228e-17, -0.07322330465931692, 0.0], [0.1250000000369135, 0.0, 0.125000000104717]]	[[0.05177669537759637, -8.326672684688674e-17, 0.1250000000369135], [8.326672684688674e-17, -0.07322330465931694, 0.0], [0.1250000000369135, 0.0, 0.125000000104717]]	0.5859533763688353	[[0.7071067811865476, 0.7071067811865475, 0.0], [-0.7071067811865475, 0.7071067811865476, 0.0], [0.0, 0.0, 1.0]]
1	[[0.2996549344758955, 0.21795608323613597, 0.9288175633700135], [0.8916359750523828, -0.4103184136620505, -0.1913742077769225], [0.3393997764239587, 0.8855133794529706, -0.31729142215500555]]	9.989504307351168e-17	1.0	[[2.7755575615628914e-17, -1.3877787807814457e-17, 7.939726638318814e-17], [1.3877787807814457e-17, -8.326672684688674e-17, 0.0], [7.939726638318814e-17, 0.0, -2.7755575615628914e-17]]	8.352875047845179e-21	1.0331783123750864	[[0.0517766952963028, 5.551115123125783e-17, 0.12499999999983433], [-5.551115123125783e-17, -0.07322330470353097, 0.0], [0.12499999999983433, 0.0, 0.12499999999956915]]	[[0.05177669529630276, 4.163336342344337e-17, 0.12499999999983433], [-4.163336342344337e-17, -0.07322330470353092, 0.0], [0.12499999999983433, 0.0, 0.12499999999956919]]	0.9999999999999998	[[0.0, 0.0, 0.0], [0.0, 0.0, 0.0], [0.0, 0.0, 0.0]]
1	[[0.5403191569681028, 0.6036400661371987, -0.5862370503193712], [0.4146608078153325, 0.41521567174819174, 0.8097236321095203], [0.7321964374914798, -0.6805987191352745, -0.02595689573522414]]	5.4695634350220995e-17	1.0	[[-2.7755575615628914e-17, 1.3877787807814457e-17, 2.0458361586981814e-17], [-1.3877787807814457e-17, 0.0, 0.0], [2.0458361586981814e-17, 0.0, 0.0]]	2.419168165756119e-20	1.1069298316646685	[[0.051776695329797215, 1.1102230246251565e-16, 0.12500000001336953], [-1.1102230246251565e-16, -0.07322330468357256, 0.0], [0.12500000001336953, 0.0, 0.12500000004300366]]	[[0.051776695329797257, 9.71445146547012e-17, 0.12500000001336953], [-9.71445146547012e-17, -0.07322330468357255, 0.0], [0.12500000001336953, 0.0, 0.12500000004300368]]	1.0	[[0.0, 0.0, 0.0], [0.0, 0.0, 0.0], [0.0, 0.0, 0.0]]
1	[[-0.28551340625994115, -0.7402800071091643, -0.6086605013636927], [-0.9037881084920453, 0.4192574902120425, -0.08596634137539147], [0.31882463799746885, 0.5255555802915186, -0.7887599015101034]]	6.614466386906962e-17	1.0000000000000002	[[-2.7755575615628914e-17, 1.3877787807814457e-17, 6.977790425995459e-18], [-1.3877787807814457e-17, 0.0, 0.0], [6.977790425995459e-18, 0.0, -2.7755575615628914e-17]]	2.044320926737685e-20	1.1951914429996646	[[0.051776695315738974, -1.3877787807814457e-17, 0.12500000000948405], [1.3877787807814457e-17, -0.07322330469374433, 0.0], [0.12500000000948405, 0.0, 0.1250000000246573]]	[[0.051776695315739, -2.7755575615628914e-17, 0.12500000000948405], [2.7755575615628914e-17, -0.07322330469374433, 0.0], [0.12500000000948405, 0.0, 0.1250000000246573]]	1.0000000000000002	[[0.0, 0.0, 0.0], [0.0, 0.0, 0.0], [0.0, 0.0, 0.0]]
1	[[-0.16743794764991254, 0.7773753727082936, -0.606343189615771], [-0.9312695185128573, 0.07714504854866044, 0.35606983215832233], [0.3235762932843136, 0.6242885321636675, 0.711028980445465]]	1.3847327785527027e-16	0.9999999999999999	[[-8.326672684688674e-17, 1.249000902703301e-16, -2.9422923771676844e-18], [-1.249000902703301e-16, 2.7755575615628914e-17, 0.0], [-2.9422923771676844e-18, 0.0, 2.7755575615628914e-17]]	5.697114276871079e-21	1.1011992946448348	[[0.051776695292329394, 4.163336342344337e-17, 0.12499999999402607], [-4.163336342344337e-17, -0.07322330470169636, 0.0], [0.12499999999402607, 0.0, 0.12499999999468757]]	[[0.05177669529232941, 5.551115123125783e-17, 0.12499999999402607], [-5.551115123125783e-17, -0.0732233047016964, 0.0], [0.12499999999402607, 0.0, 0.12499999999468756]]	1.0000000000000002	[[0.0, 0.0, 0.0], [0.0, 0.0, 0.0], [0.0, 0.0, 0.0]]
1	[[0.6569714475509829, -0.30708792903278176, -0.688538685147845], [0.5770443935784932, 0.7925721197384169, 0.19710201128598737], [0.4851889167555201, -0.5268077816962367, 0.6979006205770957]]	1.2107183263125551e-16	1.0	[[2.7755575615628914e-17, -5.551115123125783e-17, 4.273315147091187e-18], [5.551115123125783e-17, 5.123783608416664e-17, 0.0], [4.273315147091187e-18, 0.0, 1.1102230246251565e-16]]	6.68587515173666e-20	1.0966648855083723	[[0.051776695333314554, -4.163336342344337e-17, 0.12500000001822523], [4.163336342344337e-17, -0.07322330468491033, 0.0], [0.12500000001822523, 0.0, 0.12500000004734418]]	[[0.051776695333314526, -4.163336342344337e-17, 0.12500000001822523], [4.163336342344337e-17, -0.0732233046849104, 0.0], [0.12500000001822523, 0.0, 0.1250000000473442]]	0.8074288405689917	[[0.7071067811865476, -0.7071067811865475, 0.0], [0.7071067811865475, 0.7071067811865476, 0.0], [0.0, 0.0, 1.0]]
1	[[0.8875576111457726, 0.3128668588496867, -0.3381653671367607], [-0.3273769476023962, 0.9447770405743245, 0.014855227435465884], [0.3241385831334306, 0.09752267550242714, 0.9409694504536801]]	5.580251989077867e-16	0.9999999999999999	[[4.718447854656915e-16, 1.6653345369377348e-16, 1.2610212014673343e-17], [-1.6653345369377348e-16, 4.996003610813204e-16, 0.0], [1.2610212014673343e-17, 0.0, 5.551115123125783e-16]]	3.398057608929554e-19	1.0741715803071352	[[0.05177669527694355, -1.1102230246251565e-16, 0.12500000011483964], [1.1102230246251565e-16, -0.07322330483789652, 0.0], [0.12500000011483964, 0.0, 0.12499999996653133]]	[[0.05177669527694359, -1.249000902703301e-16, 0.12500000011483964], [1.249000902703301e-16, -0.07322330483789648, 0.0], [0.12500000011483964, 0.0, 0.12499999996653131]]	0.557363036769567	[[0.7071067811865476, 0.7071067811865475, 0.0], [-0.7071067811865475, 0.7071067811865476, 0.0], [0.0, 0.0, 1.0]]
1	[[0.1500697479079782, -0.48793689800337037, 0.859881767645811], [0.7237996175280507, -0.5382464804175793, -0.4317462680606933], [0.6734932697726708, 0.6871741481494608, 0.2723940265240403]]	2.320058765784742e-16	0.9999999999999998	[[2.7755575615628914e-17, -1.249000902703301e-16, 1.9315058392127113e-16], [1.249000902703301e-16, -1.1102230246251565e-16, 0.0], [1.9315058392127113e-16, 0.0, 1.1102230246251565e-16]]	8.697614271486475e-20	0.9876797388512781	[[0.051776695328591915, -1.1102230246251565e-16, 0.12500000001277153], [1.1102230246251565e-16, -0.0732233046841797, 0.0], [0.12500000001277153, 0.0, 0.12500000004144823]]	[[0.05177669532859193, -1.1102230246251565e-16, 0.12500000001277153], [1.1102230246251565e-16, -0.07322330468417972, 0.0], [0.12500000001277153, 0.0, 0.1250000000414483]]	0.9635239914833147	[[0.0, 0.0, 1.0], [0.0, -1.0, 0.0], [1.0, 0.0, 0.0]]
1	[[-0.8598553706683427, -0.29151891260974605, 0.4191246415132833], [0.4738316458013455, -0.15002286318554503, 0.8677423073463686], [-0.19008501511164744, 0.9447274020120526, 0.2671288507772275]]	8.003549360272111e-17	1.0	[[-9.71445146547012e-17, -4.163336342344337e-17, 2.5595367390221942e-17], [4.163336342344337e-17, -6.938893903907228e-17, 0.0], [2.5595367390221942e-17, 0.0, 2.7755575615628914e-17]]	5.582184782338471e-21	1.0985871641464946	[[0.051776695295150874, 2.7755575615628914e-17, 0.12499999999770009], [-2.7755575615628914e-17, -0.07322330470254905, 0.0], [0.12499999999770009, 0.0, 0.12499999999818207]]	[[0.051776695295150874, 2.7755575615628914e-17, 0.12499999999770009], [-2.7755575615628914e-17, -0.07322330470254902, 0.0], [0.12499999999770009, 0.0, 0.1249999999981821]]	1.0000000000000002	[[0.0, 0.0, 0.0], [0.0, 0.0, 0.0], [0.0, 0.0, 0.0]]
1	[[-0.3165369632697661, -0.9278010874929129, 0.1974575724831094], [-0.8157660753724355, 0.3724826131232639, 0.4424730649342605], [-0.48407650341181413, -0.021020108654157543, -0.8747731670991965]]	7.060461314138984e-17	0.9999999999999998	[[-5.551115123125783e-17, 0.0, 6.4490263689061174e-18], [0.0, 0.0, 0.0], [6.4490263689061174e-18, 0.0, 0.0]]	3.3193215969494315e-20	1.199449498592362	[[0.05177669533071694, 1.3877787807814457e-17, 0.12500000001688888], [-1.3877787807814457e-17, -0.07322330468617179, 0.0], [0.12500000001688888, 0.0, 0.12500000004399323]]	[[0.05177669533071691, 1.3877787807814457e-17, 0.12500000001688888], [-1.3877787807814457e-17, -0.07322330468617176, 0.0], [0.12500000001688888, 0.0, 0.12500000004399325]]	0.9999999999999999	[[0.0, 0.0, 0.0], [0.0, 0.0, 0.0], [0.0, 0.0, 0.0]]
1	[[-0.9506790929980296, 0.17724456833992716, -0.25454591949280275], [0.013897849357551978, -0.7954843399685079, -0.6058147527488101], [-0.30986466710433175, -0.579473060511755, 0.7537870125051647]]	1.8967818592977618e-16	0.9999999999999998	[[-1.6653345369377348e-16, 2.7755575615628914e-17, -3.664872867281373e-17], [-2.7755575615628914e-17, -1.3877787807814457e-16, 0.0], [-3.664872867281373e-17, 0.0, 1.6653345369377348e-16]]	9.099791425808671e-20	1.1118751139688623	[[0.05177669533046558, 5.551115123125783e-17, 0.1250000000160296], [-5.551115123125783e-17, -0.07322330468556375, 0.0], [0.1250000000160296, 0.0, 0.12500000004371647]]	[[0.051776695330465625, 5.551115123125783e-17, 0.1250000000160296], [-5.551115123125783e-17, -0.07322330468556376, 0.0], [0.1250000000160296, 0.0, 0.12500000004371647]]	0.7071418206613844	[[-1.0, 0.0, 0.0], [0.0, -1.0, 0.0], [0.0, 0.0, 1.0]]
1	[[-0.9377842524711256, -0.012787777579644166, -0.34698295139926694], [-0.21556114428834758, -0.7619772552868597, 0.6106750817731164], [-0.2722022940576928, 0.6474775171155194, 0.7118137227812147]]	1.6561931940794719e-16	1.0	[[-1.3877787807814457e-16, 1.3877787807814457e-17, -3.441162908654411e-17], [-1.3877787807814457e-17, -1.942890293094024e-16, 0.0], [-3.441162908654411e-17, 0.0, 1.1102230246251565e-16]]	6.051857106650146e-20	1.1180493365022683	[[0.05177669531958699, -1.3877787807814457e-17, 0.12500000001139402], [1.3877787807814457e-17, -0.073223304691807, 0.0], [0.12500000001139402, 0.0, 0.12500000002962458]]	[[0.05177669531958698, -1.3877787807814457e-17, 0.12500000001139402], [1.3877787807814457e-17, -0.07322330469180699, 0.0], [0.12500000001139402, 0.0, 0.1250000000296245]]	0.7670885017133294	[[-1.0, 0.0, 0.0], [0.0, -1.0, 0.0], [0.0, 0.0, 1.0]]
1	[[0.39514561495520173, 0.8903073900525152, 0.22630221872432854], [-0.7137866099724287, 0.4526453451835295, -0.5344350913887965], [-0.5782461572771092, 0.04964818930798781, 0.814350317058141]]	2.0172050050555624e-16	0.9999999999999998	[[8.326672684688674e-17, 1.5265566588595902e-16, -1.874740904849724e-17], [-1.5265566588595902e-16, 1.1102230246251565e-16, 0.0], [-1.874740904849724e-17, 0.0, 2.220446049250313e-16]]	6.853320249315553e-20	1.1001120633861894	[[0.05177669531618734, 4.163336342344337e-17, 0.12500000000653552], [-4.163336342344337e-17, -0.07322330469034836, 0.0], [0.12500000000653552, 0.0, 0.12500000002544087]]	[[0.05177669531618734, 1.3877787807814457e-17, 0.12500000000653552], [-1.3877787807814457e-17, -0.0732233046903484, 0.0], [0.12500000000653552, 0.0, 0.12500000002544084]]	0.6722389462987222	[[0.7071067811865476, 0.7071067811865475, 0.0], [-0.7071067811865475, 0.7071067811865476, 0.0], [0.0, 0.0, 1.0]]
1	[[0.7682057170631343, 0.5541913911831843, 0.3205181402198053], [0.09030813392978146, -0.589450211148092, 0.8027408607536998], [0.6338015598100375, -0.5877247234172788, -0.5028670125057387]]	1.2492970856420696e-16	1.0000000000000002	[[8.326672684688674e-17, 2.7755575615628914e-17, 7.568505360697776e-17], [-2.7755575615628914e-17, -2.7755575615628914e-17, 0.0], [7.568505360697776e-17, 0.0, -2.7755575615628914e-17]]	3.696483985617803e-21	1.059053735757552	[[0.05177669529013, 2.7755575615628914e-17, 0.12499999999673822], [-2.7755575615628914e-17, -0.07322330470660803, 0.0], [0.12499999999673822, 0.0, 0.12499999999160265]]	[[0.051776695290130015, 2.7755575615628914e-17, 0.12499999999673822], [-2.7755575615628914e-17, -0.07322330470660807, 0.0], [0.12499999999673822, 0.0, 0.12499999999160263]]	1.0000000000000002	[[0.0, 0.0, 0.0], [0.0, 0.0, 0.0], [0.0, 0.0, 0.0]]
1	[[0.406855499873406, -0.3245501708658478, -0.8538944834191807], [-0.8488954288502084, 0.21093624421169652, -0.4846467288191305], [0.33740947393335186, 0.9220483108106712, -0.18968858540040373]]	5.1860938149912095e-17	0.9999999999999998	[[2.7755575615628914e-17, 1.3877787807814457e-17, 3.198755892888134e-18], [-1.3877787807814457e-17, 0.0, 0.0], [3.198755892888134e-18, 0.0, 2.7755575615628914e-17]]	4.548166355238218e-21	1.157764207719895	[[0.051776695295204456, 1.3877787807814457e-16, 0.12499999999928847], [-1.3877787807814457e-16, -0.07322330470408402, 0.0], [0.12499999999928847, 0.0, 0.12499999999815084]]	[[0.051776695295204456, 1.249000902703301e-16, 0.12499999999928847], [-1.249000902703301e-16, -0.07322330470408399, 0.0], [0.12499999999928847, 0.0, 0.12499999999815084]]	0.9999999999999999	[[0.0, 0.0, 0.0], [0.0, 0.0, 0.0], [0.0, 0.0, 0.0]]
1	[[0.6438892552647056, -0.6636492387928785, 0.380757553837473], [-0.15091110836074634, -0.5980263899765946, -0.7871405683007917], [0.7500883043535569, 0.4493708098454942, -0.48521480905966874]]	1.2958027214289315e-16	1.0000000000000002	[[1.249000902703301e-16, -2.7755575615628914e-17, 8.92517493005173e-17], [2.7755575615628914e-17, -9.71445146547012e-17, 0.0], [8.92517493005173e-17, 0.0, -6.938893903907228e-17]]	5.951716907664835e-21	1.0472762769641653	[[0.05177669529186689, 6.938893903907228e-17, 0.12499999999763195], [-6.938893903907228e-17, -0.07322330470576509, 0.0], [0.12499999999763195, 0.0, 0.1249999999938427]]	[[0.051776695291866875, 8.326672684688674e-17, 0.12499999999763195], [-8.326672684688674e-17, -0.07322330470576514, 0.0], [0.12499999999763195, 0.0, 0.12499999999384274]]	1.0000000000000002	[[0.0, 0.0, 0.0], [0.0, 0.0, 0.0], [0.0, 0.0, 0.0]]
1	[[0.1828592390285253, 0.6753088617352168, -0.714507130799822], [0.9700889719096482, -0.005915654157246486, 0.24267754658223575], [0.15965552067244648, -0.7375113194370492, -0.6561914114197415]]	5.641259324403018e-17	0.9999999999999997	[[2.7755575615628914e-17, -1.3877787807814457e-17, 9.569393237751414e-19], [1.3877787807814457e-17, 2.7755575615628914e-17, 0.0], [9.569393237751414e-19, 0.0, -8.326672684688674e-17]]	5.9573613485217835e-21	1.1847806719883027	[[0.05177669529692755, 8.326672684688674e-17, 0.12500000000014425], [-8.326672684688674e-17, -0.07322330470321659, 0.0], [0.12500000000014425, 0.0, 0.12500000000037542]]	[[0.05177669529692758, 8.326672684688674e-17, 0.12500000000014425], [-8.326672684688674e-17, -0.0732233047032166, 0.0], [0.12500000000014425, 0.0, 0.12500000000037542]]	0.9999999999999999	[[0.0, 0.0, 0.0], [0.0, 0.0, 0.0], [0.0, 0.0, 0.0]]
1	[[0.31262448751221084, 0.7779123947241628, 0.5450855308502014], [-0.7030532234641591, 0.5753777359002664, -0.4179194013286994], [-0.6387347609018807, -0.2525723008661118, 0.7267909864953029]]	1.38791941177829e-16	1.0	[[5.551115123125783e-17, 9.71445146547012e-17, 1.0042751083084425e-17], [-9.71445146547012e-17, 5.551115123125783e-17, 0.0], [1.0042751083084425e-17, 0.0, 1.1102230246251565e-16]]	1.3367267173325318e-20	1.08814035906854	[[0.05177669527660875, -1.249000902703301e-16, 0.1250000000307872], [1.249000902703301e-16, -0.07322330475417807, 0.0], [0.1250000000307872, 0.0, 0.12499999997151715]]	[[0.05177669527660876, -1.3877787807814457e-16, 0.1250000000307872], [1.3877787807814457e-16, -0.07322330475417806, 0.0], [0.1250000000307872, 0.0, 0.12499999997151716]]	0.7733665290765518	[[0.7071067811865476, 0.7071067811865475, 0.0], [-0.7071067811865475, 0.7071067811865476, 0.0], [0.0, 0.0, 1.0]]
1	[[-0.09531481262431762, -0.970534881610184, 0.22130777228171983], [0.6706528614597962, -0.22689989547154943, -0.7062160978417211], [0.7356220673077846, 0.08110783570596802, 0.6725189165197625]]	2.2450014444833234e-16	0.9999999999999999	[[-2.7755575615628914e-17, -1.8041124150158794e-16, 1.2316097300998781e-16], [1.8041124150158794e-16, -5.551115123125783e-17, 0.0], [1.2316097300998781e-16, 0.0, 1.942890293094024e-16]]	7.469649098434223e-20	1.010519758763168	[[0.05177669531845103, 4.163336342344337e-17, 0.1250000000139231], [-4.163336342344337e-17, -0.07322330469547217, 0.0], [0.1250000000139231, 0.0, 0.12500000002795825]]	[[0.051776695318451055, 2.7755575615628914e-17, 0.1250000000139231], [-2.7755575615628914e-17, -0.07322330469547214, 0.0], [0.1250000000139231, 0.0, 0.12500000002795827]]	1.0	[[0.0, 0.0, 0.0], [0.0, 0.0, 0.0], [0.0, 0.0, 0.0]]
1	[[0.5209292324334213, -0.018563026495300256, 0.8533980014293807], [0.40052546312099446, 0.8881884408873195, -0.2251680413954551], [-0.7537984400275974, 0.4591042447217051, 0.4701182875516259]]	8.109465084028467e-17	0.9999999999999999	[[5.551115123125783e-17, -1.3877787807814457e-17, 2.0504968442441045e-17], [1.3877787807814457e-17, 1.1102230246251565e-16, 0.0], [2.0504968442441045e-17, 0.0, 2.7755575615628914e-17]]	4.465064313751159e-20	1.082857804955317	[[0.05177669533501121, -8.326672684688674e-17, 0.12500000002062905], [8.326672684688674e-17, -0.07322330468561801, 0.0], [0.12500000002062905, 0.0, 0.12500000004943262]]	[[0.051776695335011225, -1.1102230246251565e-16, 0.12500000002062905], [1.1102230246251565e-16, -0.07322330468561801, 0.0], [0.12500000002062905, 0.0, 0.12500000004943262]]	1.0	[[0.0, 0.0, 0.0], [0.0, 0.0, 0.0], [0.0, 0.0, 0.0]]
