2	[[-0.004881392374527848, -0.8737977806315758, 0.48626495922677654], [-0.9964931464260065, -0.036369118883652976, -0.07535712519479704], [0.0835319168610627, -0.4849275469128966, -0.8705559678220334]]	0.31820081531383776	0.6817991846861625	[[-0.0015532630334415126, -0.27804316621638925, 0.1547299064845103], [-0.3170849316474069, -0.011572683281024246, -0.023978698676691397], [0.02657992404991784, -0.15430434079582286, -0.277011618737298]]	0.657159975269389	0.5646836449059779	[[-0.040791135945145544, -0.3796647388217847, 0.44317297705211656], [-0.6413137274010003, -0.14771242415820937, -1.8122338204294202e-11], [0.1885035601157249, -0.2616489886832939, -0.5369270226507754]]	[[-0.03758328025302066, 0.19456018908850845, 0.12361910847227764], [0.013541684060429647, -0.12381209489205844, 0.04952168651126274], [0.1336097276971043, 0.057025986053430684, 0.03516751563377069]]	0.8771911190109121	[[0.6930353562409353, -0.6930353562409352, 0.0], [-0.6930353562409352, -0.6930353562409353, 0.0], [0.0, 0.0, -0.9801]]
2	[[0.2996549344758955, 0.21795608323613597, 0.9288175633700135], [0.8916359750523828, -0.4103184136620505, -0.1913742077769225], [0.3393997764239587, 0.8855133794529706, -0.31729142215500555]]	0.2279747405984487	0.7720252594015513	[[0.06831375595618745, 0.04968848153761192, 0.21174694307256198], [0.203270480120812, -0.09354223391737292, -0.04362848537517749], [0.07737457598942347, 0.20187468297724667, -0.07233442965990022]]	0.6187512582337394	0.4715950408080915	[[0.1219855098599457, 0.15107196449226318, 0.7669855143164164], [0.5713004225993644, -0.4762283210079338, -2.8110956684461058e-12], [0.4296961124253099, 0.49568175962942723, -0.10694093878947614]]	[[-0.06342635788296339, 0.016211363750206438, 0.19227847831162437], [0.01959954114923574, -0.2223432862780681, 0.11841303185264475], [0.2196920737187356, -0.05223075808990904, 0.08938352789570621]]	0.5283496637658788	[[0.0, 0.0, 0.9801], [0.6930353562409352, -0.6930353562409353, 0.0], [0.6930353562409353, 0.6930353562409352, 0.0]]
2	[[-0.19923769144659614, 0.8439754804473203, -0.49800575369241046], [-0.7021380284509187, 0.23156213831599123, 0.6733358486680942], [0.6835982236007403, 0.4838226581116686, 0.5464513740376828]]	0.14469455354292723	0.8553054464570727	[[-0.0288286088127886, 0.12211865534450253, -0.07205872019233234], [-0.10159554855221681, 0.03350578022107792, 0.09742803000747796], [0.09891293976664721, 0.07000650350942024, 0.07906853759930159]]	0.44679116620533293	0.9018798269610118	[[-0.05646119897822838, 0.44293035618366255, 0.16762695266437735], [-0.42814893710633295, -0.11116575382260405, 0.2756776164669992], [0.49791768860120134, 1.3328248561722466e-10, 0.1132193682822984]]	[[0.03255644153525486, 0.06584956702589843, 0.3901315241335752], [-0.11443986853763402, -0.2146256716498062, -0.025162892607276267], [0.1924920410627329, -0.21616768952099394, -0.13093027839850474]]	0.9432778849493414	[[1.9569995986536386e-16, 0.9801, 0.0], [-0.9801, 1.758107192972561e-16, 0.0], [0.0, 0.0, 0.9801]]
2	[[0.34528785424661446, 0.721296251312937, 0.6004231970466106], [-0.4727265086543158, -0.4190107345154037, 0.7752158746932126], [0.8107440691890812, -0.5515085876056384, 0.1962965411614891]]	0.19968833929768934	0.8003116607023106	[[0.06894995819416902, 0.14403445056632913, 0.11989751109404698], [-0.09439797145517512, -0.08367155772328605, 0.1548015706146933], [0.16189613677181866, -0.11012983396738416, 0.03919813031441829]]	0.5982270129949357	0.5647954920267004	[[0.12593479593303367, 0.3629798287568755, 0.6447660823097355], [-0.12931484317225847, -0.48403481406904186, 0.3952360055401316], [0.7353925287797698, -0.1764444093920431, 0.12879916956303666]]	[[-0.08062572573634924, -0.0685190731505073, 0.2855767066076719], [0.15348292406353767, -0.23337127394707785, -0.06851907160384534], [0.2503835259654263, 0.15348292561233381, 0.01136927608276158]]	0.6343864559541387	[[0.0, 0.6930353562409352, 0.6930353562409353], [0.0, -0.6930353562409353, 0.6930353562409352], [0.9801, 0.0, 0.0]]
2	[[0.9792681828595647, -0.06468287773609287, 0.1919634115312185], [-0.19461030959112274, -0.5634158260401757, 0.8029255472136342], [0.05621968907574672, -0.8236375005396755, -0.5643231470221494]]	0.10675844349162528	0.8932415565083748	[[0.10454514696295943, -0.006905443347664217, 0.02049371502241519], [-0.020776293739371506, -0.060149396626597525, 0.08571908166018896], [0.0060019264993098065, -0.08793025755894857, -0.06024626080238023]]	0.4003822549691162	0.9340214645531851	[[0.3807195949199364, -0.061765481804799495, 0.43235043230244813], [-0.09536899121217823, -0.5192633724673489, 0.13822572405115752], [0.40345826934202633, -0.20797757572247969, -0.09567977676078049]]	[[-0.011362008352884947, -0.03586760535893101, 0.3554916887220144], [-0.01745047661784674, -0.29368167355209623, -0.18325141711454884], [0.3809489034562163, 0.12179226402072231, 0.1302651973752158]]	0.9402993755380942	[[0.99, 0.0, 0.0], [0.0, -0.99, 0.0], [0.0, 0.0, -0.99]]
2	[[0.26616637265112986, 0.9073278585449115, 0.3254406538495851], [-0.9565105633649592, 0.2904108926461212, -0.02736888020603004], [-0.11934405825590477, -0.30400274758756485, 0.9451662950075098]]	0.397151071857738	0.6028489281422622	[[0.10570826019088234, 0.36034623154749756, 0.1292491045024458], [-0.3798791954836423, 0.11533699729356947, -0.010869580109370653], [-0.047397620656184886, -0.12073501705209912, 0.37537380714603935]]	0.7193458627553174	0.4800257600192904	[[0.1622445973155146, 0.5579900126940908, 0.3510802892133442], [-0.6765781831883796, 0.14964610307920675, -5.3087162048962085e-11], [0.01078609817142701, -0.14988996531788634, 0.5870339569968901]]	[[-0.02922108165566578, -0.09469252851283283, 0.11697590129425964], [0.011483733249961806, -0.059259771044859175, 0.019687690691366156], [0.09663575272224173, 0.0687931534254774, -0.0928675069325341]]	0.4331171746182274	[[1.9569995986536386e-16, 0.9801, 0.0], [-0.9801, 1.758107192972561e-16, 0.0], [0.0, 0.0, 0.9801]]
2	[[-0.43776478212225356, 0.8965698997575128, 0.0672637374984425], [-0.25427414048209707, -0.19521750927551854, 0.9472247809017422], [0.8623842861599152, 0.39755822079422076, 0.3134338910574078]]	0.15350515202678017	0.8464948479732198	[[-0.06719914943164676, 0.1376280987649121, 0.010325330250587855], [-0.039032390591183165, -0.02996689343962791, 0.1454038839958556], [0.13238043095248397, 0.06102723512251313, 0.048113717097112554]]	0.5038666236827559	0.7140989642016656	[[-0.15366414795563743, 0.49074025887048517, 0.3891953109950779], [-0.24798131370028695, -0.3765108077720646, 0.43580830623367717], [0.6629390116710623, 1.8102437854867724e-10, 0.04414796131205534]]	[[0.0669109147795197, 0.03898861058408036, 0.3553033586854544], [-0.11986106104573795, -0.27814722048965207, -0.04146664598792171], [0.22841235308660193, -0.20031631824788346, -0.11378091512278943]]	0.7973390015697726	[[0.0, 0.6930353562409352, 0.6930353562409353], [0.0, -0.6930353562409353, 0.6930353562409352], [0.9801, 0.0, 0.0]]
2	[[0.24646923027241593, 0.7083253665859152, 0.6614590641754414], [0.9286246270354669, -0.36790822982092686, 0.04795661052734279], [0.27732511713179175, 0.6024273478860003, -0.7484464375804571]]	0.33092046278148296	0.6690795372185169	[[0.08156171174314386, 0.23439935811047458, 0.21889033962794363], [0.30730089132885885, -0.12174836167345732, 0.015869823749139353], [0.09177255610218141, 0.19935553675465673, -0.24767624149127698]]	0.6775484820982726	0.5107714322145541	[[0.11232341037043149, 0.29755264765020023, 0.559297010148037], [0.6496207620186063, -0.4029940168813929, 2.469949468587454e-12], [0.2906706065143853, 0.352068114393441, -0.42080298979389835]]	[[-0.05467144248457352, -0.18237212931178912, 0.11112642524582292], [0.020432555531651405, -0.15371835421476185, -0.03249292866690917], [0.10276939435401408, -0.0561056207412066, 0.08630575792059976]]	0.8042972911972356	[[0.6930353562409353, 0.6930353562409352, 0.0], [0.6930353562409352, -0.6930353562409353, 0.0], [0.0, 0.0, -0.9801]]
2	[[-0.30856070057004426, 0.1412364016461924, 0.9406607108377383], [0.9283791655349412, 0.26005680283238586, 0.2654855632633233], [-0.2071289913661773, 0.9552082171708078, -0.21136424197341674]]	0.17594432231578996	0.8240556776842101	[[-0.05428950335508148, 0.024849742973960146, 0.16550391129743497], [0.16334304313214396, 0.04575551793795521, 0.04671067751299111], [-0.036443170017875226, 0.1680634624405916, -0.0371883383158038]]	0.5657165728797522	0.7467106389989724	[[-0.12534131027084483, -0.04552688108267272, 0.836698982375123], [0.39128611772321836, -0.11191233933758123, 3.4577373540105887e-12], [0.2043742917050967, 0.4312266695412984, -0.10900587061795929]]	[[0.04921659178101597, -0.1254266541878249, 0.30455162879736597], [-0.1339133621361728, -0.259030782589984, -0.15018958299492013], [0.3215505948448102, -0.10915044946314907, 0.010566383980568698]]	1.0	[[0.0, 0.0, 0.0], [0.0, 0.0, 0.0], [0.0, 0.0, 0.0]]
2	[[-0.20962728376771522, 0.9146782181840727, -0.3455722197743615], [-0.11263779594486362, 0.32848192764058937, 0.9377698812279087], [0.9712719129187527, 0.23550664617613754, 0.03416856423694914]]	0.1705560335919775	0.8294439664080226	[[-0.03575319805208152, 0.15600388890645275, -0.05893942712429025], [-0.019211055708898462, 0.056024574685025905, 0.15994231136425197], [0.16565628500671495, 0.04016707945635126, 0.005827654789786785]]	0.5473545960904705	0.745199919459997	[[-0.06679483236251753, 0.40342489173726853, 0.13662188278118576], [-0.14261283307512154, -0.07219977576519788, 0.39202899803272073], [0.8098198411942004, 1.532124377690375e-11, -0.015288616739806176]]	[[0.047945624873702436, -0.0972284349296257, 0.3257724255558686], [-0.08096001777119977, -0.251995868591932, -0.12126365653258979], [0.27818969560453793, -0.12890564517904005, -0.033990937416712684]]	1.0000000000000002	[[0.0, 0.0, 0.0], [0.0, 0.0, 0.0], [0.0, 0.0, 0.0]]
2	[[0.574704889092418, -0.24730035866747077, 0.780100521122895], [-0.20680691382082303, -0.9661955377213083, -0.1539385698366041], [0.7917987060163579, -0.07286093253845069, -0.6064207233105157]]	0.5464772775983047	0.45352272240169567	[[0.3140631632136606, -0.13514402675368412, 0.4263072090362584], [-0.11301527925331024, -0.5280039070815705, -0.08412393056168348], [0.43270000126967967, -0.03981684405688654, -0.33139514595392533]]	0.7911405743836841	0.3390776785349926	[[0.2968306393025267, -0.1956457444348735, 0.608512010432346], [-0.1315019358930799, -0.8814660379409188, -0.12178704855980396], [0.6350812458727694, -0.05764324001799421, -0.3274239128355366]]	[[-0.15784171675516057, 3.603366600597775e-06, -0.008657163925832365], [0.03211140469364298, -0.1170695452611307, 5.297677837489407e-13], [0.008657162798729804, 6.066789504215525e-13, 0.15234012652251377]]	0.6763033215858437	[[0.0, 0.0, 0.99], [0.0, -0.99, 0.0], [0.99, 0.0, 0.0]]
2	[[0.648727301424343, -0.24025956634810233, -0.722099874785276], [0.6191713111804977, -0.3850481214649154, 0.6843718518227958], [-0.4424700846359139, -0.8910742308778553, -0.10102939803703481]]	0.09691044891818576	0.9030895510818144	[[0.06286845400651618, -0.02328366243168364, -0.06997902302920683], [0.06000416972376337, -0.037315186306268996, 0.06632278338711776], [-0.04287997453493411, -0.08635440373379988, -0.009790804317702906]]	3.273246999355485e-20	1.1731570187019615	[[0.05125892836481463, -2.7755575615628914e-17, 0.12375000000896644], [2.7755575615628914e-17, -0.07249107164415228, 0.0], [0.12375000000896644, 0.0, 0.12375000002739225]]	[[0.05125892836481462, -2.7755575615628914e-17, 0.12375000000896644], [2.7755575615628914e-17, -0.07249107164415226, 0.0], [0.12375000000896644, 0.0, 0.12375000002739227]]	0.9999999999999999	[[0.0, 0.0, 0.0], [0.0, 0.0, 0.0], [0.0, 0.0, 0.0]]
2	[[-0.6688443635042012, -0.7106257709593319, -0.21830765231002544], [0.3076282537140923, 0.0027649952570922287, -0.9515026076254579], [0.6767658937368799, -0.7035647578223935, 0.2167592134716278]]	0.11006898855184971	0.8899310114481505	[[-0.07361902258951297, -0.07821785984837212, -0.02402890248289331], [0.03386033073628193, 0.000304340231298883, -0.10473092962578182], [0.07449093741000683, -0.07744066127423802, 0.023858467386116432]]	0.4083004607848127	0.9740957425455561	[[-0.21597251176568144, -0.3683895813616346, 0.3584763197688084], [0.32278130310348196, -0.3255946276269664, -0.37665043563559236], [0.5508382693953339, -2.5736300468428797e-11, -0.0389025795673067]]	[[0.057116950046408585, -0.0782407516333766, 0.44761143479984244], [0.19717654536159082, -0.3267235764645049, 0.011848517495832754], [0.2745144431391203, 0.28726581478510227, -0.12740546630712588]]	1.0	[[0.0, 0.0, 0.0], [0.0, 0.0, 0.0], [0.0, 0.0, 0.0]]
2	[[-0.9588610349856624, -0.2231075811005983, 0.17552356776702127], [-0.1293663018671285, -0.20694792700785122, -0.9697612672448699], [0.252685329070461, -0.9525731272519675, 0.16957170079338071]]	0.09441440278592517	0.9055855972140752	[[-0.09053029197286523, -0.02106456902662535, 0.0165719528255787], [-0.012214042131408661, -0.01953886493623138, -0.09155943089184673], [0.023857134436951914, -0.08993662291941551, 0.016010010859800507]]	0.3688765774783121	1.0143471142072191	[[-0.29040954226852367, -0.037337684889009064, 0.4596989094439917], [0.013163983290214537, -0.44620311239436994, -0.21239705294756467], [0.4752436122489805, -0.17486882059884645, -0.07938466063485318]]	[[0.06329183459429961, 0.0449614760368437, 0.39495237649931036], [0.06088418196398793, -0.36986486936348223, 0.14532516428475456], [0.382033912882488, 0.17651309437967114, -0.1419356892606917]]	1.0	[[0.0, 0.0, 0.0], [0.0, 0.0, 0.0], [0.0, 0.0, 0.0]]
2	[[0.8875576111457726, 0.3128668588496867, -0.3381653671367607], [-0.3273769476023962, 0.9447770405743245, 0.014855227435465884], [0.3241385831334306, 0.09752267550242714, 0.9409694504536801]]	0.4727825707686827	0.5272174292313173	[[0.41962176910280924, 0.14791799783527756, -0.1598786916198532], [-0.15477811489786525, 0.44667411804595736, 0.0070232926162918], [0.15324707261914186, 0.04610702123227725, 0.44487395580028555]]	0.7444690663082009	0.43977785525186697	[[0.4877187353657545, 0.2728038661261669, -0.18953723830477162], [-0.2478314928560058, 0.6744103409065779, 0.011059257285512682], [0.28530479854151597, 0.028608964979702885, 0.6689553751240308]]	[[-0.17304045069867616, 0.039884167839560905, 0.062216416825302545], [-0.004109482343621002, -0.028946940359214888, -1.3164494266111612e-11], [0.04399365020170771, -0.04399365019546667, -0.03156727307976134]]	0.5546593722361715	[[0.7000357133746821, 0.700035713374682, 0.0], [-0.700035713374682, 0.7000357133746821, 0.0], [0.0, 0.0, 0.99]]
2	[[0.6438892552647056, -0.6636492387928785, 0.380757553837473], [-0.15091110836074634, -0.5980263899765946, -0.7871405683007917], [0.7500883043535569, 0.4493708098454942, -0.48521480905966874]]	0.17320180030687596	0.8267981996931241	[[0.1115227782101007, -0.1149452429312144, 0.06594789380509253], [-0.026138075654387236, -0.103579247374968, -0.1363341635242746], [0.12991664470316786, 0.07783183327059837, -0.08404007846469162]]	0.5327686022559907	0.6060445159816239	[[0.2633071705436479, -0.429559045983602, 0.48039862512123765], [-0.12093401189029875, -0.5719322339895153, -0.3908305401870464], [0.6160520510923149, 0.06333420030239056, -0.1338093567584973]]	[[-0.07973680799137996, -0.07598756864366789, 0.2775429553648374], [-0.04053331162404158, -0.25332255008948934, 0.028533240165552372], [0.21642855361330368, -0.17607645795363586, 0.12469785885812974]]	0.722325378848833	[[0.0, -0.6930353562409352, 0.6930353562409353], [0.0, -0.6930353562409353, -0.6930353562409352], [0.9801, 0.0, 0.0]]
2	[[-0.16743794764991254, 0.7773753727082936, -0.606343189615771], [-0.9312695185128573, 0.07714504854866044, 0.35606983215832233], [0.3235762932843136, 0.6242885321636675, 0.711028980445465]]	0.1527180184478319	0.8472819815521683	[[-0.02557079157806645, 0.11871922651015539, -0.09259953041745864], [-0.14222163550815006, 0.011781438947413203, 0.05437827919627106], [0.04941593032707481, 0.09534010757174084, 0.10858693695261365]]	0.43921058053077433	0.9570505498787368	[[-0.06339759166478118, 0.420913236553434, 0.17091319809477318], [-0.5705550240063578, -0.12089215319413084, 0.15638963762363883], [0.2867502799944677, 0.03318078191242849, 0.19988728544886913]]	[[0.010142926525418344, 0.07948174781589726, 0.43722554240679734], [-0.16153159814971105, -0.15477507475226285, -6.811331568894267e-11], [0.14463214837506838, -0.24101334671788097, -0.11240416582678796]]	0.7544359803055194	[[1.9569995986536386e-16, 0.9801, 0.0], [-0.9801, 1.758107192972561e-16, 0.0], [0.0, 0.0, 0.9801]]
2	[[-0.28551340625994115, -0.7402800071091643, -0.6086605013636927], [-0.9037881084920453, 0.4192574902120425, -0.08596634137539147], [0.31882463799746885, 0.5255555802915186, -0.7887599015101034]]	0.2149711194385269	0.7850288805614732	[[-0.06137713655840663, -0.15913882182621786, -0.13084442933616802], [-0.1942883414177639, 0.09012825200386984, -0.018480280639502005], [0.06853808933489915, 0.11297927142243233, -0.16956059899584897]]	0.4770415525590853	0.7973952530102363	[[-0.1406246578954018, -0.3179729062513349, 0.04934125002895343], [-0.4684780670522803, 0.12285302851093298, -0.04100951695078123], [0.2336657151133666, 0.07621580624349149, -0.4471341801827126]]	[[-0.004422899296726527, 0.035171417668471525, 0.33969760058088067], [-0.037333584592795704, -0.0771502155418454, 6.759844852561987e-12], [0.08157311480896562, -0.17449604373486552, -0.07086293216998157]]	0.7347135149466056	[[-0.6930353562409353, -0.6930353562409352, 0.0], [-0.6930353562409352, 0.6930353562409353, 0.0], [0.0, 0.0, -0.9801]]
2	[[0.1500697479079782, -0.48793689800337037, 0.859881767645811], [0.7237996175280507, -0.5382464804175793, -0.4317462680606933], [0.6734932697726708, 0.6871741481494608, 0.2723940265240403]]	0.28362121157318915	0.716378788426811	[[0.04256296372214397, -0.13838925418297948, 0.24388070874940035], [0.20528492445951677, -0.15265811890103867, -0.12245239963957673], [0.19101697715931373, 0.19489716445992408, 0.0772567238280476]]	0.6920874921908109	0.42207274028586245	[[0.08546173332660181, -0.21355879257970006, 0.7832489229922425], [0.45766134524182067, -0.5215215430882031, -0.18144036187258464], [0.682138335065981, 0.4255429145349066, 0.1229252709740087]]	[[-0.01839966215673838, 0.12413623150681592, 0.18813550684165126], [-0.043271316901835874, -0.14900788627547037, 0.11736583005228218], [0.21602206698162343, -0.05004171835621045, -0.06559522773077134]]	0.5294267595645417	[[0.0, 0.0, 0.9801], [0.6930353562409352, -0.6930353562409353, 0.0], [0.6930353562409353, 0.6930353562409352, 0.0]]
2	[[-0.8598553706683427, -0.29151891260974605, 0.4191246415132833], [0.4738316458013455, -0.15002286318554503, 0.8677423073463686], [-0.19008501511164744, 0.9447274020120526, 0.2671288507772275]]	0.09671816970763494	0.9032818302923653	[[-0.08316363766432201, -0.028195175662774657, 0.040536968206533346], [0.04582812953146252, -0.014509936741604834, 0.08392644774442085], [-0.018384674750446663, 0.09137230519525487, 0.025836213523277377]]	0.3702168767985934	1.063112833251034	[[-0.26360845856819093, -0.27731974976042856, 0.48552337588346434], [0.25274839211620476, -0.4169300041002661, 0.03328191608596205], [0.3668507396882005, 0.3197830038669433, -0.05284801350734735]]	[[0.05472451125913966, -0.16939452840632646, 0.33035636011308633], [0.0773279200792935, -0.36138900824333103, -0.2879709308058156], [0.43722342030904826, -0.02997102433200795, -0.15174362234489014]]	1.0000000000000002	[[0.0, 0.0, 0.0], [0.0, 0.0, 0.0], [0.0, 0.0, 0.0]]
2	[[0.6569714475509829, -0.30708792903278176, -0.688538685147845], [0.5770443935784932, 0.7925721197384169, 0.19710201128598737], [0.4851889167555201, -0.5268077816962367, 0.6979006205770957]]	0.1919924078921605	0.8080075921078399	[[0.12613353013171139, -0.05895855092962015, -0.1321942000884369], [0.1107881425838065, 0.1521678296967723, 0.03784208974718403], [0.09315258841048134, -0.10114309450418821, 0.13399162061403005]]	0.5032315446487431	0.8166679790136604	[[0.26803826472017506, -0.1545902272057393, -0.05892710173716568], [0.32861862285798427, 0.25807697928240986, 0.09918794936578591], [0.44750314465177193, -0.06176551726996938, 0.31694534396266255]]	[[-0.06257049162102704, -5.389433558860429e-05, 0.2875672843401993], [0.03823168134658197, -0.14077031277908209, -2.2703577006823736e-10], [0.20334077662644104, 0.2033407764460053, -0.034260263341665737]]	0.8034437872413729	[[0.7000357133746821, -0.700035713374682, 0.0], [0.700035713374682, 0.7000357133746821, 0.0], [0.0, 0.0, 0.99]]
2	[[0.5403191569681028, 0.6036400661371987, -0.5862370503193712], [0.4146608078153325, 0.41521567174819174, 0.8097236321095203], [0.7321964374914798, -0.6805987191352745, -0.02595689573522414]]	0.11452303991846899	0.885476960081531	[[0.061878992382171545, 0.06913069539061774, -0.06713764911541084], [0.047488216246059874, 0.0475517609503921, 0.09273201184300628], [0.08385336183899757, -0.07794423427998791, -0.0029726626064445704]]	0.40315119913667646	0.9440597164204768	[[0.1996913268981417, 0.2869345431630556, 0.16553717502312107], [0.28477499099164266, -0.10269202528910927, 0.3125995511199831], [0.5891449014901258, -9.738624716907486e-11, 0.026374658115697096]]	[[-0.01813898915006718, 0.04357632665290119, 0.40187934483772353], [0.11760398908590863, -0.2700867212547335, -0.013841502134274942], [0.2939590297118332, 0.27438418965288586, 0.03683921175721851]]	1.0	[[0.0, 0.0, 0.0], [0.0, 0.0, 0.0], [0.0, 0.0, 0.0]]
2	[[0.406855499873406, -0.3245501708658478, -0.8538944834191807], [-0.8488954288502084, 0.21093624421169652, -0.4846467288191305], [0.33740947393335186, 0.9220483108106712, -0.18968858540040373]]	0.11014664556337454	0.8898533544366269	[[0.04481376854006543, -0.035748112637895485, -0.09405361301369346], [-0.09350298392193288, 0.023233919727655095, -0.05338221146268751], [0.037164521735061525, 0.10156052848317176, -0.020893561383514257]]	0.3606438332176395	1.0431408200971533	[[0.12082142516986161, -0.15247759958893312, 0.10533110759584886], [-0.415560103739774, -0.19025377467639076, -0.17478485402947613], [0.41391977815369574, 0.040295905111153156, -0.06350559848186256]]	[[-0.025908501870162318, -0.03543058189643405, 0.41328288725953843], [-0.10941120227830281, -0.266326630353429, 8.244895425646774e-12], [0.2922351321104247, -0.29223513211145674, 0.004904420074570648]]	0.9999999999999999	[[0.0, 0.0, 0.0], [0.0, 0.0, 0.0], [0.0, 0.0, 0.0]]
2	[[-0.9377842524711256, -0.012787777579644166, -0.34698295139926694], [-0.21556114428834758, -0.7619772552868597, 0.6106750817731164], [-0.2722022940576928, 0.6474775171155194, 0.7118137227812147]]	0.12007356162416813	0.8799264383758322	[[-0.11260309522926616, -0.0015354739992455703, -0.04166347879737557], [-0.025883194342483123, -0.09149332291890108, 0.07332593206362828], [-0.03268429892977644, 0.07774493155163367, 0.08547000890729864]]	0.405691614376944	1.0162902197055665	[[-0.3604110375795143, -0.02658708448096953, 0.23477497521730928], [-0.15293682573152162, -0.6327139894882402, 0.118015884929606], [0.24685172276228995, 0.0888600372052806, 0.13557413507739266]]	[[0.020040169742785593, -0.021399190350395905, 0.3755430489317523], [-0.06548547710823509, -0.3235862066723881, -0.1297298748546964], [0.3572819108756607, -0.1738161619860954, -0.15320272325336737]]	0.7633089294421969	[[-0.99, 0.0, 0.0], [0.0, -0.99, 0.0], [0.0, 0.0, 0.99]]
2	[[-0.9506790929980296, 0.17724456833992716, -0.25454591949280275], [0.013897849357551978, -0.7954843399685079, -0.6058147527488101], [-0.30986466710433175, -0.579473060511755, 0.7537870125051647]]	0.12674426217700377	0.8732557378229964	[[-0.12049312020913842, 0.022464732039125627, -0.03226223475628239], [0.0017614726626700669, -0.10082307574266924, -0.0767835438530919], [-0.03927356860686132, -0.0734448855060127, 0.09553817873857501]]	0.4211889085108339	0.9803025536636402	[[-0.37934961810999124, 0.127528258270907, 0.23762559740969813], [0.025055860745693062, -0.6475651035123926, -0.09260114324230921], [0.22827359018690174, -0.11517888593426448, 0.1623665943047507]]	[[0.02106587141391897, 0.05287481199233918, 0.3448375154067584], [0.019202240744137816, -0.3125159226235951, 0.16256131122772297], [0.3587851511106481, 0.12888873993411384, -0.15512013474194145]]	0.7036682876064648	[[-0.99, 0.0, 0.0], [0.0, -0.99, 0.0], [0.0, 0.0, 0.99]]
2	[[-0.3165369632697661, -0.9278010874929129, 0.1974575724831094], [-0.8157660753724355, 0.3724826131232639, 0.4424730649342605], [-0.48407650341181413, -0.021020108654157543, -0.8747731670991965]]	0.2470761813771225	0.7529238186228774	[[-0.07820874414940429, -0.22923754977529032, 0.048787062993123076], [-0.20155636680002328, 0.09203158167986807, 0.10932455524618866], [-0.11960377395738063, -0.005193568178401419, -0.216135613698041]]	0.5210921025439975	0.7232378911393844	[[-0.16845127483674888, -0.5140299287986234, 0.15812064654175928], [-0.3663637412157781, 0.14237704607846655, 0.07887549898021576], [0.058745530195639696, -0.01095341258634379, -0.5518129524103899]]	[[-0.0035063631136142905, -0.03056010937433403, 0.05522706493330205], [0.05872551818410966, -0.051720701955017455, -0.1516937207454647], [0.31099397315064853, 2.7954303259504624e-11, -0.09597556351759794]]	0.6304460417015652	[[-0.6930353562409353, -0.6930353562409352, 0.0], [-0.6930353562409352, 0.6930353562409353, 0.0], [0.0, 0.0, -0.9801]]
2	[[0.7682057170631343, 0.5541913911831843, 0.3205181402198053], [0.09030813392978146, -0.589450211148092, 0.8027408607536998], [0.6338015598100375, -0.5877247234172788, -0.5028670125057387]]	0.1439255253321612	0.856074474667839	[[0.11056441139148125, 0.07976228711060097, 0.046130741709622766], [0.01299764561761089, -0.08483693129664246, 0.11553490008956757], [0.09122022245200283, -0.08458858956853095, -0.07237539894710289]]	0.4788634923019412	0.7020637357691181	[[0.3046612144610336, 0.3229480691772823, 0.46795193536761287], [0.07957512040502236, -0.5480341638700997, 0.33006946742344123], [0.5642863454470514, -0.097497628088859, -0.11751728842387907]]	[[-0.06320445801813575, 0.057566044191631534, 0.3144674993958337], [0.036329852008135786, -0.26576797722160767, -0.05433382457054168], [0.26078191708999915, 0.18394228547893163, 0.12328736534806298]]	0.8651386212949129	[[0.0, 0.6930353562409352, 0.6930353562409353], [0.0, -0.6930353562409353, 0.6930353562409352], [0.9801, 0.0, 0.0]]
2	[[0.39514561495520173, 0.8903073900525152, 0.22630221872432854], [-0.7137866099724287, 0.4526453451835295, -0.5344350913887965], [-0.5782461572771092, 0.04964818930798781, 0.814350317058141]]	0.22694369079062918	0.7730563092093713	[[0.08967580425766594, 0.20204964503668993, 0.051357860751407164], [-0.16198936770407393, 0.10272500525514858, -0.12128667212780082], [-0.13122931711796576, 0.011267343322626557, 0.1848116665496941]]	0.5172781257613542	0.7531802104177349	[[0.1470292328706109, 0.4777118068364294, 0.30583233040173297], [-0.3644868543919274, 0.10274332402762876, -0.08768043979923927], [-0.03215137815476682, 0.025681922118312567, 0.3914278368721872]]	[[-0.05737095023623373, 0.01717526875858157, 0.18877114284437618], [0.0047393454081613995, -0.13140021176350852, 0.18877114261545536], [0.2669627103102417, -1.9436817683892428e-10, -0.029817768848812418]]	0.6689440551433342	[[0.7000357133746821, 0.700035713374682, 0.0], [-0.700035713374682, 0.7000357133746821, 0.0], [0.0, 0.0, 0.99]]
2	[[-0.3298322266022023, -0.8762827350930389, 0.35119691125136165], [0.9222848180711871, -0.37850758052406547, -0.0782478487960887], [0.201497932123461, 0.2980949172053785, 0.9330262609842703]]	0.4431880821542281	0.556811917845772	[[-0.14617771194048879, -0.3883580647907456, 0.1556462855559796], [0.40874563972093064, -0.16775004869329774, -0.034678514040632547], [0.08930148209583957, 0.1321121146561752, 0.4135061192051491]]	0.7965196821015423	0.35723519256715836	[[-0.18646877272692133, -0.5667395049442066, 0.33892495320651395], [0.7982289830763074, -0.42752608186149416, -0.004783915498136785], [0.24303887181733194, 0.23627339363056074, 0.6391934840732344]]	[[0.07624908755310876, 0.1312369406431709, 0.059189701101535375], [0.06361097297916679, -0.12603734414944165, 0.05754203615005327], [0.08254180297823505, -0.001165075057952722, -0.10398029671834727]]	0.5132844364999382	[[1.9569995986536386e-16, -0.9801, 0.0], [0.9801, 1.758107192972561e-16, 0.0], [0.0, 0.0, 0.9801]]
2	[[-0.7357259517984016, -0.6355984379310936, 0.23392723131326343], [-0.6762908134220847, 0.6707859050452003, -0.3044289823153933], [0.03657949604943121, -0.38217914031543476, -0.9233639830405582]]	0.2504620285929626	0.7495379714070372	[[-0.18427141437591593, -0.1591932741347399, 0.05858988889785502], [-0.16938516904848022, 0.16800639852918728, -0.07624790047320466], [0.009161774785448775, -0.09572136276931821, -0.23126761632201595]]	0.6813553086514597	0.598967218834222	[[-0.5129139259897362, -0.25365883099583975, 0.3651160919776384], [-0.4424588906226005, 0.24283482080630714, -0.040639522766077525], [0.2869125466909469, -0.2294395824022901, -0.601149412551943]]	[[-0.011623143019247365, 0.17940953885908614, 0.20572853108420847], [0.018335445294750865, -0.21420871656481405, 0.16678478044187714], [0.26198891286987197, 0.030960203707482353, 0.02798953911029775]]	0.38956243376003197	[[-0.6930353562409353, -0.6930353562409352, 0.0], [-0.6930353562409352, 0.6930353562409353, 0.0], [0.0, 0.0, -0.9801]]
2	[[-0.010871777499557311, -0.0840287307277911, 0.9964040229075135], [0.9413747147740295, -0.3368748437119881, -0.018137972823285553], [0.33718756032528074, 0.9377923608594283, 0.08276495076773299]]	0.3204394267697462	0.6795605732302539	[[-0.0034837461499263103, -0.026926118306602683, 0.3192871339315527], [0.30165357397772347, -0.10794798181221729, -0.005812121614258758], [0.10804818854452217, 0.3005056465428421, 0.026521153380638544]]	0.7474898200984659	0.3880829034986239	[[0.00012094141198173224, -0.025965221978781084, 0.9512189842597741], [0.5896929123346402, -0.4096191103165394, -4.576518142365238e-11], [0.40974005169979116, 0.5637276904215182, 0.028932525249953878]]	[[0.008247484419276347, 0.03684539883604979, 0.2064171204312509], [-0.11397510385703927, -0.1578085939945667, 0.013557949996852331], [0.15769578289280609, -0.13726255268701631, -0.03293343290986759]]	0.4411826437428003	[[0.0, 0.0, 0.9801], [0.6930353562409352, -0.6930353562409353, 0.0], [0.6930353562409353, 0.6930353562409352, 0.0]]
2	[[0.4709175022496733, 0.19115318190370978, 0.8612184201020178], [0.8821529167293078, -0.0947858233539779, -0.46132621776469945], [-0.006552677384344174, 0.9769729314260427, -0.21326264014097962]]	0.14041074610796153	0.8595892538920384	[[0.06612187784617432, 0.026839960892010732, 0.12092432092844418], [0.12386374921927658, -0.013308948177589463, -0.06477515843550534], [-0.0009200663205405635, 0.13717749822881298, -0.02994436641914866]]	0.4822097101575754	0.7351045446188538	[[0.17502185289055094, 0.2040316704922675, 0.6928563315690232], [0.4522221687545288, -0.34148781479242507, -4.658084129683591e-12], [0.3504108995748515, 0.4321354363072997, -0.028406929524463945]]	[[-0.052059139377393454, 0.11185575005078133, 0.2775684468292642], [0.02683946646382997, -0.2957811703858565, 0.2224559817517482], [0.35357066423711214, -0.03897039778744901, 0.0744303863653572]]	0.864307354033051	[[0.0, 0.0, 0.9801], [0.6930353562409352, -0.6930353562409353, 0.0], [0.6930353562409353, 0.6930353562409352, 0.0]]
2	[[-0.7099649817244492, 0.17004561671924806, -0.6833990144561036], [-0.6966343129430994, -0.02737173477805739, 0.7169040536679481], [0.1032005753632168, 0.9850559762621669, 0.13789258455366898]]	0.09330806503807314	0.9066919349619278	[[-0.06624545868949858, 0.015866627464278978, -0.06376663968782517], [-0.06500159977984807, -0.0025540036088757684, 0.06689293006570753], [0.009629445997957346, 0.09191366709921332, 0.012866490247801093]]	2.990211773082688e-20	1.1575870670837083	[[0.05125892837282432, -1.3877787807814457e-16, 0.12375000001447391], [1.3877787807814457e-16, -0.07249107164164961, 0.0], [0.12375000001447391, 0.0, 0.1237500000376322]]	[[0.05125892837282435, -1.3877787807814457e-16, 0.12375000001447391], [1.3877787807814457e-16, -0.07249107164164957, 0.0], [0.12375000001447391, 0.0, 0.1237500000376322]]	1.0000000000000004	[[0.0, 0.0, 0.0], [0.0, 0.0, 0.0], [0.0, 0.0, 0.0]]
2	[[0.2932727100912193, 0.7663848849828426, 0.5715289367876191], [0.00018149557078206424, 0.5977709472802035, -0.8016669268761718], [-0.9560288094901268, 0.235210762206075, 0.175170810260522]]	0.14330204530664478	0.8566979546933552	[[0.042026579188694124, 0.10982452151013915, 0.08190126559359799], [2.6008686508625306e-05, 0.08566179937014361, -0.11488051027604801], [-0.13700088377201175, 0.033706183302263736, 0.02510233538835625]]	0.3965087507459844	0.9667019744766713	[[0.07783133246964445, 0.3280974183288019, 0.4637567584521212], [0.00443924993697342, 0.0383347288756446, -0.08072741776556105], [-0.043706428679775, 0.09326312519142593, 0.030631070271726367]]	[[-0.03845386343651382, 0.02421910499365032, 0.23714053371128158], [0.004367285354936707, -0.1986866826626722, 0.23714053392448223], [0.3353673602483262, -2.9291564231832103e-10, -0.03882568887183509]]	0.9261000796047116	[[0.0, 0.0, 0.9801], [0.0, 0.9801, 0.0], [-0.9801, 0.0, 0.0]]
2	[[-0.7797112461789556, 0.3586263663473402, 0.5132616310835669], [0.12556441147624647, -0.7135152995487305, 0.6892963773882098], [0.6134198816085799, 0.6018995320403472, 0.511305194748623]]	0.16352493827214226	0.8364750617278579	[[-0.12750223340150882, 0.058644354419711456, 0.08393107654039939], [0.020532912635831107, -0.11667754531493535, 0.11271714756361835], [0.10030944827494781, 0.0984255838229291, 0.08361115040949431]]	0.5006679030431647	0.6442557283224537	[[-0.2874516110177946, 0.19100044794603724, 0.5141289827887912], [0.08021307934420357, -0.6220091486718908, 0.261233857906102], [0.5482643224529458, 0.17882385792756, 0.12118779657780385]]	[[0.10292478358579585, 0.011447737130924639, 0.2571553582416674], [0.017347008753542142, -0.2647749398576125, -0.08387471393610291], [0.24114467664299186, -0.1225279186217427, -0.13480630309206615]]	0.8735192527178611	[[0.0, 0.6930353562409352, 0.6930353562409353], [0.0, -0.6930353562409353, 0.6930353562409352], [0.9801, 0.0, 0.0]]
2	[[0.23507429571004806, 0.1639243119487907, -0.9580547455383437], [0.7224674736879957, -0.6888480443340972, 0.059406407734983124], [-0.6502159833157828, -0.7061283111228478, -0.2803604524027675]]	0.17288919170212871	0.827110808297872	[[0.040641804975257066, 0.028340741793156952, -0.16563731056251302], [0.12490681755699685, -0.11909438159051434, 0.010270725815223796], [-0.11241531578727046, -0.12208195294801868, -0.04847129200115533]]	0.4828464703620216	1.004580706620525	[[0.12690081340682532, 0.09061772135034246, 0.0166115071990986], [0.6671715858639804, -0.6528671998914948, 0.02675556883314667], [0.026258243661254132, -0.003466286983657212, -0.11642619064974377]]	[[0.01339601945039093, 0.011467445919345795, 0.4792048594958763], [0.3183307162423648, -0.32025935306899495, -0.0019286054585744658], [0.34021273617824677, 0.3374852756647041, 0.01894486422203224]]	0.83023484653333	[[0.0, 0.0, -0.9801], [0.0, -0.9801, 0.0], [-0.9801, 0.0, 0.0]]
2	[[0.312078085329446, 0.25026955923460475, -0.9165000907679297], [0.9493512559049828, -0.044986478459825396, 0.310979757648975], [0.036598655285933646, -0.9671304795508722, -0.25163301443761527]]	0.11707562174632481	0.8829243782536756	[[0.036536735873347256, 0.02930046425157206, -0.10729981795721862], [0.11114588854073032, -0.005266819935861644, 0.03640814847727311], [0.004284810322680015, -0.11322740220324001, -0.029460091617184075]]	0.36566125768187957	1.1081526400666024	[[0.10551399140921223, 0.09923229020443905, 0.1571583215630703], [0.5389080705359671, -0.2405828428029602, 0.11371324927981245], [0.24611661441128166, -0.0533286985298683, -0.10517618703684632]]	[[-0.008600873767305854, 0.00771840841522383, 0.49228689741882825], [0.19176709631987932, -0.2241330305106618, -1.571789603311313e-11], [0.23273390408996164, 0.3003134489651829, -0.013163742503305403]]	1.0	[[0.0, 0.0, 0.0], [0.0, 0.0, 0.0], [0.0, 0.0, 0.0]]
2	[[0.5035622894699279, 0.5369873573117416, 0.6768083914308072], [0.7236893469787391, 0.16572605027924595, -0.6699317915492047], [-0.4719096838308055, 0.8271514095654997, -0.3051586406453477]]	0.11493939435638056	0.8850606056436198	[[0.05787914457238591, 0.0617210016264449, 0.07779194660637312], [0.08318041524390085, 0.019048451848171558, -0.07700155438075058], [-0.0542410132504238, 0.095072282056485, -0.035074749338392615]]	0.3994680041976275	0.9211414127398412	[[0.1852570610021394, 0.3120800907245673, 0.5584154438554781], [0.34988717816179205, -0.1999644145839273, -1.7357092005398226e-11], [0.20440411822395246, 0.3159702082117213, -0.06628782114206049]]	[[-0.015899961761600766, 0.0975708228198876, 0.2880521465064068], [0.06079643906511085, -0.2661666691325334, 0.2676163157013447], [0.39291693778537773, -0.01445031453666334, 0.055613292000197545]]	1.0000000000000002	[[0.0, 0.0, 0.0], [0.0, 0.0, 0.0], [0.0, 0.0, 0.0]]
2	[[-0.7789526709276531, -0.6132277320749256, -0.13108960702099365], [0.4894249346840115, -0.725216103161197, 0.48427764456480876], [-0.3920407756397623, 0.31307084235030797, 0.8650379632743539]]	0.17351961039959277	0.8264803896004076	[[-0.13516356397908857, -0.10640703715586695, -0.022746617537718578], [0.08492482398621577, -0.1258392156760417, 0.08403166821011811], [-0.06802676264976572, 0.05432393059209775, 0.15010105036822316]]	0.505094982674049	0.8108781532851715	[[-0.3970379866819662, -0.45197561280628873, 0.20101190999192495], [0.2903573646146746, -0.6018503471883243, 0.015389706105063617], [0.15301905020256473, 0.13125471910256672, 0.337893091213327]]	[[-0.003592900855859206, -0.14223736209865795, 0.26722461277894166], [0.04315128571020636, -0.23554733212717827, -0.22921650238582764], [0.3510368789818512, -0.026875792590111955, -0.09903324385912743]]	0.5350260519641558	[[-0.6930353562409353, -0.6930353562409352, 0.0], [0.6930353562409352, -0.6930353562409353, 0.0], [0.0, 0.0, 0.9801]]
2	[[-0.22702687951129652, -0.2600962815277815, 0.9385141023526418], [0.7861776675639859, -0.6177088015181534, 0.01898714171901844], [0.574789936414178, 0.742149419498815, 0.3447183896089062]]	0.4444042787297122	0.5555957212702879	[[-0.10089171664147503, -0.11558790039263393, 0.41707968273368917], [0.3493807193071806, -0.27451243440367, 0.008437967020779194], [0.25543910711324, 0.3298143774820456, 0.15319432729901394]]	0.7912844984641927	0.28004682074555826	[[-0.09970938571120988, -0.13674242080292154, 0.8010642953339729], [0.6680694662406914, -0.6113627009270126, 4.396006112931588e-12], [0.5246736334525525, 0.5491386303002446, 0.15384631957870076]]	[[0.07993346478077715, 0.0690677348781906, 0.0584326345522907], [0.04597926485857387, -0.12257930172080278, -0.015024230908006014], [0.06985126689479415, -0.03811270089336697, -0.11892399845436677]]	0.36773610563709774	[[0.0, 0.0, 0.9801], [0.6930353562409352, -0.6930353562409353, 0.0], [0.6930353562409353, 0.6930353562409352, 0.0]]
2	[[0.388721369236936, 0.6072553768335828, 0.6929189017520486], [-0.1881814353775204, -0.6838834560027736, 0.704905075868346], [0.9019331707381749, -0.4044061398055253, -0.1515659249626253]]	0.26187151379903406	0.7381284862009672	[[0.10179505340811071, 0.1590228847940131, 0.18145572174177305], [-0.04927935735118894, -0.17908959588556123, 0.18459455930226734], [0.2361906047667683, -0.10590244802049445, -0.039690798210312676]]	0.6481108259552163	0.3638614800413321	[[0.14845367149866506, 0.38078611009473684, 0.6383051118462973], [-0.10295669725474488, -0.6321964788575749, 0.4172253289438033], [0.7463727324859315, -0.15632701363310483, -0.04355051748101073]]	[[-0.10348085618392823, -0.01278267375062235, 0.18921687011179553], [0.019005728257217972, -0.18896420733050914, -0.039631281997255255], [0.16182008024240577, 0.10577298365761513, 0.05468099933318263]]	0.43950541532044185	[[0.0, 0.6930353562409352, 0.6930353562409353], [0.0, -0.6930353562409353, 0.6930353562409352], [0.9801, 0.0, 0.0]]
