2	[[-0.22702687951129652, -0.2600962815277815, 0.9385141023526418], [0.7861776675639859, -0.6177088015181534, 0.01898714171901844], [0.574789936414178, 0.742149419498815, 0.3447183896089062]]	0.4078267243408124	0.5921732756591879	[[-0.09258762860840834, -0.10607421450870089, 0.3827511321101357], [0.3206242629125205, -0.2519181571196376, 0.007743463811861833], [0.2344146969518581, 0.3026683667256372, 0.1405853716542401]]	0.7429352236507949	0.31823906265576346	[[-0.06997639659287612, -0.11189353249621459, 0.7427212948981456], [0.6274785488655478, -0.5719874407779304, 4.848026709481743e-12], [0.5020110442106998, 0.5155850163716208, 0.14087870499965527]]	[[0.09868986891159093, 0.08134115659136791, 0.04546611036736088], [0.04339946758463775, -0.11306981417097642, -0.014106216374660287], [0.07497935424860629, -0.035783928586038925, -0.11522472888097933]]	0.36756923568878463	[[0.0, 0.0, 0.8835999999999999], [0.6247995518564333, -0.6247995518564334, 0.0], [0.6247995518564334, 0.6247995518564333, 0.0]]
2	[[-0.010871777499557311, -0.0840287307277911, 0.9964040229075135], [0.9413747147740295, -0.3368748437119881, -0.018137972823285553], [0.33718756032528074, 0.9377923608594283, 0.08276495076773299]]	0.29175407183603635	0.7082459281639644	[[-0.003171885353591558, -0.02451572434104609, 0.2907049308770741], [0.27464990615881113, -0.09828460735210079, -0.00529182742604307], [0.09837584369735974, 0.2736047398174671, 0.024147011391795394]]	0.6944765888816702	0.4288377973013141	[[0.014085668775098694, -0.022584919132335103, 0.8563758141912989], [0.5424050370978304, -0.3844952960057883, -1.8262768386086708e-11], [0.3985809648320672, 0.5198201180082496, 0.02841939418581853]]	[[0.021635863728071327, 0.0357710671515572, 0.16439654721451544], [-0.11135766367789227, -0.1505436036646411, 0.012596397477281307], [0.16441209812403376, -0.1314547218406952, -0.029058926502316375]]	0.434361290487558	[[0.0, 0.0, 0.8835999999999999], [0.6247995518564333, -0.6247995518564334, 0.0], [0.6247995518564334, 0.6247995518564333, 0.0]]
2	[[0.388721369236936, 0.6072553768335828, 0.6929189017520486], [-0.1881814353775204, -0.6838834560027736, 0.704905075868346], [0.9019331707381749, -0.4044061398055253, -0.1515659249626253]]	0.2377125277078024	0.7622874722921977	[[0.09240393925535026, 0.14435221059126518, 0.1647155036319938], [-0.04473308467127342, -0.16256766498396694, 0.1675647673787248], [0.21440081383968443, -0.09613240571372587, -0.03602911913723649]]	0.6060839616145143	0.3946977213784998	[[0.119534139881279, 0.35752708152718554, 0.5969141007855056], [-0.11354674569633433, -0.5906079671472929, 0.3901702766535501], [0.6979740569033075, -0.14618995998712245, -0.04072647629428063]]	[[-0.11606364755006146, -0.010520662975827122, 0.17694706773404548], [0.0005070041595789438, -0.1761171728505061, -0.03706138429091686], [0.15132682767077435, 0.09891411532744357, 0.051135199952835525]]	0.4328256593638542	[[0.0, 0.6247995518564333, 0.6247995518564334], [0.0, -0.6247995518564334, 0.6247995518564333], [0.8835999999999999, 0.0, 0.0]]
2	[[-0.3298322266022023, -0.8762827350930389, 0.35119691125136165], [0.9222848180711871, -0.37850758052406547, -0.0782478487960887], [0.201497932123461, 0.2980949172053785, 0.9330262609842703]]	0.4081641247686723	0.5918358752313282	[[-0.13462568209159026, -0.3576671756191485, 0.14334597990237238], [0.37644357555546004, -0.15449321532291296, -0.03193796471888685], [0.0822442271078703, 0.12167165097912416, 0.38082784720083174]]	0.7333331875974363	0.4211076145907764	[[-0.15841799709675009, -0.5085225262707337, 0.31203863746253585], [0.7216483542978281, -0.38035265722464007, -0.004404416009788372], [0.2237590289851892, 0.21753024404222715, 0.5697369932696185]]	[[0.08345892100980293, 0.13408468509164467, 0.054494287060200416], [0.045306288788963145, -0.10278048666913409, 0.05297732837048907], [0.07599390812680042, -0.0010726517985871, -0.11448212881009401]]	0.5007121586484485	[[1.7643147080607643e-16, -0.8835999999999999, 0.0], [0.8835999999999999, 1.5850051175497956e-16, 0.0], [0.0, 0.0, 0.8835999999999999]]
2	[[0.4709175022496733, 0.19115318190370978, 0.8612184201020178], [0.8821529167293078, -0.0947858233539779, -0.46132621776469945], [-0.006552677384344174, 0.9769729314260427, -0.21326264014097962]]	0.12738511861672727	0.8726148813832726	[[0.05998788188276758, 0.02435007075076885, 0.10970641059960598], [0.11237315393565493, -0.01207430335113059, -0.05876609497096236], [-0.0008347135858618182, 0.12445181275503817, -0.02716648671087499]]	0.44667842347499515	0.7435772845012284	[[0.15058971976097676, 0.1756882544171292, 0.641803695328597], [0.4189004931418054, -0.31809923765587267, -3.586935954195614e-11], [0.3245911164923804, 0.40029383758642784, -0.026313784694922494]]	[[-0.05975896773068991, 0.09030425248215122, 0.2571160091698015], [0.024861819033289354, -0.27576045551233824, 0.20606446762294886], [0.32751805609595946, -0.03609889120070143, 0.06894603518936548]]	0.8286539308812646	[[0.0, 0.0, 0.8835999999999999], [0.6247995518564333, -0.6247995518564334, 0.0], [0.6247995518564334, 0.6247995518564333, 0.0]]
2	[[0.2932727100912193, 0.7663848849828426, 0.5715289367876191], [0.00018149557078206424, 0.5977709472802035, -0.8016669268761718], [-0.9560288094901268, 0.235210762206075, 0.175170810260522]]	0.13055958965935366	0.8694404103406465	[[0.03828956468779499, 0.10005889610449109, 0.07461858346543823], [2.3695987249396128e-05, 0.07804472958718643, -0.10466530501642847], [-0.12481872906955147, 0.030709020597085752, 0.02287022910791326]]	0.36484736331437534	0.9693978354320744	[[0.0682913889298686, 0.28741461701412757, 0.42672558990547643], [0.006569851523013443, 0.03859877040147154, -0.07428130012938228], [-0.04021645257433389, 0.08581602623486251, 0.028185166590277328]]	[[-0.03870838607897391, 0.007801112444146635, 0.21820476426064536], [0.006503633342560464, -0.17949638357964703, 0.21820476439772712], [0.3085881378207203, -1.791885625818845e-10, -0.03572544166291682]]	0.886796778508016	[[0.0, 0.0, 0.8835999999999999], [0.0, 0.8835999999999999, 0.0], [-0.8835999999999999, 0.0, 0.0]]
2	[[0.312078085329446, 0.25026955923460475, -0.9165000907679297], [0.9493512559049828, -0.044986478459825396, 0.310979757648975], [0.036598655285933646, -0.9671304795508722, -0.25163301443761527]]	0.10665400596139461	0.8933459940386053	[[0.03328437797314734, 0.02669225106256318, -0.09774840614438148], [0.10125211450674751, -0.004797988141836365, 0.03316723692616681], [0.003903393199044994, -0.10314833993146516, -0.026837669021913105]]	0.3357015841752552	1.098463470461881	[[0.09346721211468871, 0.0934739884633423, 0.14428189038161673], [0.4809282720690977, -0.21746948584869977, 0.10439639727961268], [0.2259515757360744, -0.04895932561403677, -0.09655880098729946]]	[[-0.01129789551678677, 0.009458100957442539, 0.4519524227491759], [0.16222955152302682, -0.20236745376327045, -9.585196050346805e-12], [0.2136653491779025, 0.27570790847536525, -0.01208519940979709]]	1.0	[[0.0, 0.0, 0.0], [0.0, 0.0, 0.0], [0.0, 0.0, 0.0]]
2	[[-0.2538643033432252, 0.48696402069590106, -0.8357146391177678], [-0.8713143736524561, 0.26000688613899875, 0.4161822694768838], [0.4199573523045962, 0.8338239992396379, 0.35829228366981253]]	0.11267960922042754	0.8873203907795725	[[-0.028605330495730302, 0.054870915556422394, -0.0941679989555807], [-0.09817936313130034, 0.02929747432476257, 0.04689525548912593], [0.0473206303469273, 0.09395496239293664, 0.04037223451060871]]	0.3455083805322747	1.1059300386540154	[[-0.07183177293906143, 0.24157164961653302, 0.15992590717142008], [-0.45192624614944965, -0.07053190979467384, 0.1437944617012507], [0.2895847809227334, 0.0423989613671496, 0.01564940451442023]]	[[0.015880471384010726, 0.07332149944840714, 0.4486723187201146], [-0.15087982797429667, -0.16036646795179854, -2.319544071275185e-10], [0.1444859962353508, -0.2456942182590822, -0.10814358217354701]]	1.0000000000000002	[[0.0, 0.0, 0.0], [0.0, 0.0, 0.0], [0.0, 0.0, 0.0]]
2	[[0.23507429571004806, 0.1639243119487907, -0.9580547455383437], [0.7224674736879957, -0.6888480443340972, 0.059406407734983124], [-0.6502159833157828, -0.7061283111228478, -0.2803604524027675]]	0.15734996176147098	0.8426500382385291	[[0.036988931441080765, 0.025793484216917736, -0.1507498775758542], [0.11368022935871262, -0.10839021343543424, 0.009347595985485789], [-0.10231146011143565, -0.1111092627538722, -0.044114706465004115]]	0.4463430763911175	1.0035650498711282	[[0.11730707916637736, 0.08376697568178292, 0.01535567011333399], [0.6008911024411743, -0.5876681060132839, 0.024732836706563757], [0.0242731092042286, -0.0032042343174725463, -0.10762432215844761]]	[[0.012383294838679391, 0.010600493991262424, 0.44297677258802926], [0.2784227476427555, -0.28020555073919795, -0.001782802079212634], [0.3144925115160687, 0.31197124839596285, 0.01751262466540915]]	0.7966271474227361	[[0.0, 0.0, -0.8835999999999999], [0.0, -0.8835999999999999, 0.0], [-0.8835999999999999, 0.0, 0.0]]
2	[[-0.7789526709276531, -0.6132277320749256, -0.13108960702099365], [0.4894249346840115, -0.725216103161197, 0.48427764456480876], [-0.3920407756397623, 0.31307084235030797, 0.8650379632743539]]	0.15998172274693523	0.840018277253065	[[-0.12461819023333245, -0.09810522901354277, -0.020971941165437345], [0.07829904420605453, -0.11602132154754746, 0.07747557186530607], [-0.06271935867389379, 0.0500856127010362, 0.13839026360613121]]	0.4686693684799352	0.8180283047044838	[[-0.360373295361613, -0.4048275222754255, 0.18651566199621397], [0.26941784727247425, -0.5519255901583061, 0.014279856139805048], [0.14198387258434034, 0.12178910617454283, 0.31352546970902606]]	[[0.004697960997808753, -0.11742646834948733, 0.2479533453330259], [0.04003937221578514, -0.2120390170782685, -0.21268624170733438], [0.3257213753218117, -0.024937607799257227, -0.09189132624993476]]	0.5208267923593617	[[-0.6247995518564334, -0.6247995518564333, 0.0], [0.6247995518564333, -0.6247995518564334, 0.0], [0.0, 0.0, 0.8835999999999999]]
2	[[-0.7357259517984016, -0.6355984379310936, 0.23392723131326343], [-0.6762908134220847, 0.6707859050452003, -0.3044289823153933], [0.03657949604943121, -0.38217914031543476, -0.9233639830405582]]	0.22735187739691218	0.7726481226030933	[[-0.16726867639100032, -0.14450449813417632, 0.05318379521333208], [-0.15375598609780003, 0.15250443484341325, -0.06921250066343909], [0.008316417101070952, -0.08688914505264846, -0.20992853506495768]]	0.6366178995078542	0.6314512771315908	[[-0.46776265144450585, -0.2344044865054765, 0.33486763524739355], [-0.41080803963632745, 0.22061528403466912, -0.035371907126200954], [0.261798891073126, -0.2117754602572917, -0.550204645227535]]	[[0.0006136586028091967, 0.1702288559806896, 0.18594537261105576], [0.019730797460898074, -0.20641902985468139, 0.15843303214473814], [0.23851172913308127, 0.03152662128603809, 0.03762539413695089]]	0.387309631197033	[[-0.6247995518564334, -0.6247995518564333, 0.0], [-0.6247995518564333, 0.6247995518564334, 0.0], [0.0, 0.0, -0.8835999999999999]]
2	[[-0.7099649817244492, 0.17004561671924806, -0.6833990144561036], [-0.6966343129430994, -0.02737173477805739, 0.7169040536679481], [0.1032005753632168, 0.9850559762621669, 0.13789258455366898]]	0.08565631325348318	0.9143436867465174	[[-0.060812982873592526, 0.014565480613085699, -0.05853744005937366], [-0.05967112693257921, -0.002344561888440448, 0.06140735819367384], [0.00883978081125125, 0.08437626327492805, 0.011811370417861185]]	2.908014267085112e-20	1.1493836637562656	[[0.04867009360552298, 2.7755575615628914e-17, 0.11750000001324773], [-2.7755575615628914e-17, -0.06882990640772418, 0.0], [0.11750000001324773, 0.0, 0.1175000000344448]]	[[0.04867009360552298, 1.3877787807814457e-17, 0.11750000001324773], [-1.3877787807814457e-17, -0.06882990640772418, 0.0], [0.11750000001324773, 0.0, 0.11750000003444483]]	1.0000000000000004	[[0.0, 0.0, 0.0], [0.0, 0.0, 0.0], [0.0, 0.0, 0.0]]
2	[[0.5035622894699279, 0.5369873573117416, 0.6768083914308072], [0.7236893469787391, 0.16572605027924595, -0.6699317915492047], [-0.4719096838308055, 0.8271514095654997, -0.3051586406453477]]	0.10446667448682004	0.8955333255131799	[[0.052605477777892796, 0.05609728345982342, 0.07070392191755041], [0.07560141944040735, 0.01731284934850837, -0.06998554639614293], [-0.04929883532793093, 0.08640975705439337, -0.031878908379137975]]	0.36864767653769126	0.9208085643114831	[[0.16860175326281165, 0.2754611392041398, 0.5153317756490609], [0.32504385997745233, -0.18217438364258237, -2.6116951070394725e-11], [0.18863363895587473, 0.2915920221062743, -0.06117348819697485]]	[[-0.017035314742277725, 0.07750199760105124, 0.2658279346868814], [0.05825746367866131, -0.243268907019795, 0.24696879836723024], [0.3626020474357376, -0.013335423174923332, 0.05132253565233289]]	1.0000000000000002	[[0.0, 0.0, 0.0], [0.0, 0.0, 0.0], [0.0, 0.0, 0.0]]
2	[[-0.7797112461789556, 0.3586263663473402, 0.5132616310835669], [0.12556441147624647, -0.7135152995487305, 0.6892963773882098], [0.6134198816085799, 0.6018995320403472, 0.511305194748623]]	0.1506872635754017	0.849312736424599	[[-0.1174925540656731, 0.05404042579087029, 0.07734199068623092], [0.018920957567811356, -0.10751766800818124, 0.10386818490106729], [0.09243456338234284, 0.0906985934304745, 0.07704718064855767]]	0.46599443102741217	0.658138572890717	[[-0.25594570239605324, 0.17777282032381234, 0.4785232712058629], [0.08764162449020671, -0.5775472110721529, 0.24314225513800036], [0.5102945872679158, 0.16643951300212556, 0.11279500425404236]]	[[0.10739539613278368, 0.010654930786355304, 0.23934620946087476], [0.029129308007041298, -0.24505305502958857, -0.07806601805227498], [0.22444433855682275, -0.11404231696668161, -0.12547036905420245]]	0.8373170340185687	[[0.0, 0.6247995518564333, 0.6247995518564334], [0.0, -0.6247995518564334, 0.6247995518564333], [0.8835999999999999, 0.0, 0.0]]
2	[[-0.20892554660170207, -0.8722728212278597, 0.4421427838655412], [-0.9769286190798419, 0.16569047850232185, -0.13474842691632785], [0.04427854107729115, -0.4600943280250934, -0.8867652564908058]]	0.26759844128733357	0.732401558712667	[[-0.05590815061571962, -0.2334188473378801, 0.11831671978886113], [-0.2614245757147533, 0.04433851378337374, -0.03605846900872957], [0.011848868574760274, -0.12312052502465787, -0.23729700042470192]]	0.6186414894866337	0.5956672788241935	[[-0.18216059747038577, -0.3565921712567606, 0.37930251489537803], [-0.6029120331470134, -0.03320563945152443, -2.8623976781319453e-11], [0.21536623697618196, -0.24631986206624762, -0.5042974845974617]]	[[-0.05291058612889976, 0.18303198610635057, 0.1057746445190329], [0.001456542882660259, -0.13570864386595374, 0.08336096750487396], [0.18797369437183142, 0.0383135783275481, 0.044292294503007056]]	0.7009729121478009	[[-0.6247995518564334, -0.6247995518564333, 0.0], [-0.6247995518564333, 0.6247995518564334, 0.0], [0.0, 0.0, -0.8835999999999999]]
2	[[-0.8451655046892217, 0.03102096411427288, 0.5336037569853065], [0.3597306106374598, 0.7713925264558512, 0.5249261451846907], [-0.3953342351148118, 0.635603075758354, -0.6631135442989435]]	0.13407126844256406	0.8659287315574361	[[-0.11331241125758397, 0.004159020007111831, 0.07154093254473776], [0.048229539265782356, 0.10342157448905005, 0.070377514123577], [-0.05300296236061368, 0.08521611059291763, -0.0889044740056037]]	0.4672538159344122	0.9383202024187055	[[-0.29692726083406096, -0.19451511460832605, 0.5122466693010835], [0.11934497304012073, 0.07723416603957932, 2.560840420369033e-12], [0.17462459526444774, 0.28451139338016235, -0.32027293265867707]]	[[0.09797954632811118, -0.20900977846468452, 0.2629182776527603], [-0.04874052748864862, -0.2832019355302041, -0.24527374441872718], [0.3593460251913556, -0.012476569187577871, -0.010430598687202794]]	0.8250507372777897	[[-0.94, 0.0, 0.0], [0.0, 0.94, 0.0], [0.0, 0.0, -0.94]]
2	[[-0.3901123425915053, -0.19274962118636868, 0.9003665607352815], [0.8924450663689159, 0.1615093954769425, 0.42125588267281683], [-0.22661457073972407, 0.9678648142716957, 0.10901163985220427]]	0.1296462358466246	0.8703537641533753	[[-0.05057659677429704, -0.024989262847675386, 0.11672913548150043], [0.11570214355462116, 0.02093908517744958, 0.05461423951677816], [-0.02937972608440387, 0.125480029978718, 0.014132948770305784]]	0.4470426659373834	0.82352772553446	[[-0.10647116254982984, -0.2065609581972836, 0.6329372421772429], [0.3879073746582407, -0.18220920734198517, 1.1294100417066844e-11], [0.267269448596485, 0.3728778202397812, -0.020203551125267494]]	[[0.06792569909735445, -0.12039365368370848, 0.23043497454526943], [-0.011053647013984608, -0.2544107980699326, -0.18831935282056755], [0.36857583044022696, -0.059799046599228266, -0.06893640522300282]]	0.9741478159667922	[[0.0, 0.0, 0.8835999999999999], [0.6247995518564333, -0.6247995518564334, 0.0], [0.6247995518564334, 0.6247995518564333, 0.0]]
2	[[-0.04368688083802902, -0.7928421645001731, 0.6078591601952907], [-0.07099332237196321, 0.6093655773994191, 0.7897047177643444], [-0.9965196458782106, -0.008654205414294847, -0.08290778074109101]]	0.16183089288893884	0.8381691071110613	[[-0.007069886933551644, -0.12830635540106214, 0.09837039064512458], [-0.011488912748603086, 0.09861417548633158, 0.1277986195944111], [-0.16126766407384, -0.0014005177894426916, -0.013417040184773469]]	0.37590987283721833	0.9543340964478279	[[-0.017351178971337998, -0.29197832019418124, 0.3410429211159082], [-0.00882208553907915, 0.11745272435099886, 0.11654372658461007], [-0.05182755320843748, -0.003253201238607685, -0.09132992412773099]]	[[-0.0009288491508597784, 0.00605887704306375, 0.11254266150395797], [0.017865005246057143, -0.111613812360595, -0.18031407344913605], [0.3227740201534305, 1.818691234342588e-11, -0.060164070812131494]]	0.8415963538201241	[[0.0, 0.0, 0.8835999999999999], [0.0, 0.8835999999999999, 0.0], [-0.8835999999999999, 0.0, 0.0]]
2	[[-0.09570001472736311, 0.5345101365068197, -0.8397263966034669], [0.9941363825171496, 0.008658117471247562, -0.10778631618888002], [-0.05034242879418521, -0.8451177142702161, -0.5322045554951473]]	0.13430527128894448	0.8656947287110556	[[-0.012853016440314908, 0.07178752889023912, -0.11277968150431648], [0.13351775655217588, 0.0011628308158274578, -0.014476270436983114], [-0.006761253556547329, -0.11350376388615403, -0.07147787720698759]]	0.3611039039776034	1.076047701460539	[[-0.02332524989247615, 0.11815621030310018, 0.1330535088425488], [0.506427326043903, -0.13157382147414382, -0.038922059560000284], [0.12160509066099813, -0.06656098611465079, -0.2980456156826277]]	[[0.01123239903628874, -0.07485748670511419, 0.436281988929106], [0.1474407972307883, -0.13470030149410794, 1.1168633742984029e-11], [0.13978393823429291, 0.238614319828953, -0.10586447297866491]]	0.9999999999999998	[[0.0, 0.0, 0.0], [0.0, 0.0, 0.0], [0.0, 0.0, 0.0]]
2	[[-0.6282958732607286, -0.7138118081737849, -0.3093816383614419], [-0.5738327107911779, 0.1566825842932765, 0.8038448779492399], [-0.5253192511888238, 0.6825857237672436, -0.5080515860024072]]	0.09546193608390055	0.9045380639160997	[[-0.05997834049499358, -0.0681418572078192, -0.029534170186792497], [-0.05477918156039875, 0.014957222847265252, 0.07673658836016127], [-0.05014799278062995, 0.06516095473405176, -0.048499588030286714]]	0.32770096742525456	1.1386665927167123	[[-0.22563775655609566, -0.3166556506794084, 0.23918651579731812], [-0.17071742666701797, -0.2238932520648876, 0.06067594888454112], [0.2120347822228493, 0.12622603230867369, -0.32882102369808786]]	[[-0.019744591059259943, -0.08273883058128885, 0.340571177991973], [0.017328107799507386, -0.2752382865164836, -0.20274479527926037], [0.3841824090445373, -0.0974579697205197, -0.1623320274631642]]	0.9594064163387042	[[-0.6247995518564334, -0.6247995518564333, 0.0], [-0.6247995518564333, 0.6247995518564334, 0.0], [0.0, 0.0, -0.8835999999999999]]
2	[[-0.5981897663743452, -0.7419171441245457, 0.3028662322859456], [0.7115509511219108, -0.6655993255599615, -0.22510615667197656], [0.3685976768273374, 0.0808485563767378, 0.9260665546111073]]	0.5277193091274215	0.4722806908725799	[[-0.3156762902381629, -0.39152400272719484, 0.1598283588599693], [0.3754991763350145, -0.3512496162401807, -0.11879286547926489], [0.19451611136129132, 0.04266534431507767, 0.4887032024053849]]	0.7661264255906265	0.368038723345006	[[-0.3572176192608606, -0.5891124068940143, 0.24604514599182514], [0.47306442342012117, -0.5809587783023373, -0.16989457124561094], [0.2941137946277923, 0.053846587771178296, 0.5671822182924173]]	[[0.10107136827640849, -0.02071007718147041, 0.014011322018493573], [-0.07207356338851886, -0.07102554613555247, 0.0025652039439335284], [0.011721373999054794, -0.008093627739894008, -0.1423018410508169]]	0.38514345316571574	[[-0.6247995518564334, -0.6247995518564333, 0.0], [0.6247995518564333, -0.6247995518564334, 0.0], [0.0, 0.0, 0.8835999999999999]]
2	[[0.6069875784705717, -0.6928697567511047, 0.38922690010082395], [0.12403339438257666, 0.5663640199931965, 0.8147683805444849], [-0.7849724814669417, -0.44627715271657287, 0.4297149128233985]]	0.1107518847422999	0.8892481152577003	[[0.06722501833078041, -0.0767366314411237, 0.043107612778569136], [0.013736932198855337, 0.06272588266447222, 0.09023713377373313], [-0.08693718179330395, -0.049426035780787594, 0.04759173649706454]]	0.3649256183902542	1.0024855323301962	[[0.18572681964765816, -0.3456114227757089, 0.4020426629704246], [0.004589963264319218, -0.017544559390924655, 0.03732605940982107], [0.08124432598219611, -0.16285796588780696, 0.17127444922771434]]	[[-0.03577849778091821, -0.09276549832940695, 0.2600037957570097], [-0.04067299988178492, -0.22422529962093216, -0.260003795705201], [0.3677008942008522, 4.073041074957383e-11, 0.014460468934121376]]	1.0000000000000002	[[0.0, 0.0, 0.0], [0.0, 0.0, 0.0], [0.0, 0.0, 0.0]]
2	[[-0.9329322773960255, -0.042925561482400815, -0.35748393245583304], [-0.169270649991114, -0.8240132564325088, 0.5406936288463909], [-0.3177810769134181, 0.5649420761413629, 0.7614825262347359]]	0.12211561381226353	0.8778843861877373	[[-0.11392559769948848, -0.005241881288659473, -0.04365436983986491], [-0.02067058932406576, -0.10062488459869787, 0.06602713437095768], [-0.038806031265205106, 0.06898824839637682, 0.09298890609846783]]	0.4042125336609108	0.9666722452899539	[[-0.3686964862212739, -0.05319920888098095, 0.19850037608698795], [-0.12828090757353205, -0.6212072850405, 0.09069867423912914], [0.20449460943034886, 0.07622731479183707, 0.1776813835265013]]	[[0.008406433359013896, -0.03584815891536096, 0.34299986216802675], [-0.05985958926619635, -0.288130798887741, -0.12785646741118428], [0.33294570367901505, -0.15212935317691675, -0.13011939774135578]]	0.6754832518579027	[[-0.94, 0.0, 0.0], [0.0, -0.94, 0.0], [0.0, 0.0, 0.94]]
2	[[0.9008474576716361, -0.4254042240105299, 0.08663200448188091], [-0.049446002604253164, -0.2987906365719553, -0.9530368557004423], [0.4313107358193278, 0.8542572222058906, -0.2901993237002208]]	0.09232373129980628	0.9076762687001938	[[0.08316959862418973, -0.03927490527135062, 0.007998189903748815], [-0.004565039458284416, -0.027585466445767273, -0.08798791858450003], [0.03982021648050535, 0.07886821424385541, -0.02679228438468465]]	0.3647612119575433	0.9294905432708209	[[0.30146341470255905, -0.18760437331946797, 0.40994983884044633], [-0.0909066079098195, -0.39816118037440545, -0.26926131788336494], [0.48027481478085127, 0.09948180719902851, 0.0044053587059881315]]	[[-0.02713079574661855, -0.03243341299752891, 0.3783498438913243], [-0.07287062407343628, -0.2891739456568534, 0.07836956064213468], [0.32294938805309353, -0.21211809249627656, 0.11025881572814003]]	1.0	[[0.0, 0.0, 0.0], [0.0, 0.0, 0.0], [0.0, 0.0, 0.0]]
2	[[0.2716390998961424, -0.9623667677143403, 0.0078996080071079], [-0.8358745486248621, -0.23185104168470852, 0.4975528448626315], [-0.4769967907321766, -0.14175788820650492, -0.8673976958480093]]	0.1837798936775779	0.8162201063224224	[[0.04992180489758599, -0.17686366224937577, 0.001451789119640817], [-0.15361693567406992, -0.042609559789851356, 0.09144020892783086], [-0.08766241948530532, -0.026052249622550126, -0.15941025631912367]]	0.4603208349374151	0.7791538715648183	[[0.1394451697531401, -0.5258041576825961, 0.12945151674458913], [-0.3510247924930598, -0.24186754943365715, 0.03716827013586074], [0.11781798116611866, -0.06525410944855069, -0.4615511367585238]]	[[0.014404032487299814, -0.08280668365230952, 0.12581516259107892], [0.03374567763287176, -0.13514168434424265, -0.19186567083679196], [0.33738954213842176, 9.632399649905647e-12, -0.062269905182977855]]	0.6780822756468375	[[0.6247995518564334, -0.6247995518564333, 0.0], [-0.6247995518564333, -0.6247995518564334, 0.0], [0.0, 0.0, -0.8835999999999999]]
2	[[0.15665500554066836, 0.7010445100749366, 0.6956980696630148], [0.9690588098128995, 0.026938980891129116, -0.2453554858415722], [-0.1907465133706504, 0.7126085083707178, -0.6751332323583257]]	0.16936930549703225	0.8306306945029678	[[0.026532549491056743, 0.11873542179389925, 0.11782989889445074], [0.16412881760379153, 0.004562636484328334, -0.04155568823687404], [-0.03230660449556738, 0.12069400815402455, -0.11434684668249616]]	0.47154036135668354	0.7127043564593676	[[0.06147280072262806, 0.2542814635061976, 0.5298012711778124], [0.46597931205383725, -0.15144700182455417, -8.522856742482088e-12], [0.13452393997629128, 0.2751725122706995, -0.2737610443102044]]	[[-0.012396357198352087, -0.076289318101657, 0.20175155201376685], [0.009028970698784779, -0.16414981860853792, 0.11569501444605677], [0.22446861981861513, -0.06085116127227609, 0.044591524039946366]]	0.9712234119906149	[[0.6247995518564334, 0.6247995518564333, 0.0], [0.6247995518564333, -0.6247995518564334, 0.0], [0.0, 0.0, -0.8835999999999999]]
2	[[0.39159002759377715, 0.2136607185654068, -0.8949895796215835], [0.9173475615466772, -0.1663710136628364, 0.36165472088328326], [-0.07162891604282473, -0.9626368906056502, -0.2611503690053217]]	0.10306797361519722	0.8969320263848038	[[0.040360390632009316, 0.02202157730370486, -0.09224476237831401], [0.09454915426945858, -0.01714752324653476, 0.037275019229808484], [-0.007382647228787149, -0.0992170336419591, -0.02691623934223813]]	0.34154878363873753	1.1172175827844795	[[0.12553968503652435, 0.09567559442451579, 0.17132202503064695], [0.5171335492542962, -0.2826721596459882, 0.12352273000998563], [0.20959098570988785, -0.034256605114659736, -0.08058217384042188]]	[[-0.008207412573189842, 0.02270003588712247, 0.4770046273197438], [0.20381460543406688, -0.22584834229670256, -4.906924055103169e-12], [0.23405575485767602, 0.2945308539574766, 0.008613417040153275]]	1.0	[[0.0, 0.0, 0.0], [0.0, 0.0, 0.0], [0.0, 0.0, 0.0]]
2	[[0.3165442381789233, -0.7577804397575791, -0.5705861463412293], [-0.23983098085954807, -0.6459091038519906, 0.7247637754338064], [-0.9177585989222176, -0.09257556201248784, -0.3861980313548994]]	0.14782327615802743	0.8521767238419736	[[0.046792606336555166, -0.11201758721343638, -0.08434591348254433], [-0.03545260131485553, -0.09548039983169697, 0.10713695572528666], [-0.1356660828148835, -0.013684822868851535, -0.057089058240658797]]	0.43568075764403463	1.0089765982577272	[[0.15839265535843602, -0.602957523082745, 0.060459171574515545], [-0.11923530105478591, -0.5566582877844474, 0.0034191429629464136], [0.04516878930775473, -0.04033339098840547, -0.1474056834503857]]	[[0.02048042184078901, -0.27280716696133284, 0.3090525761136525], [-0.014745557607386195, -0.27524812004903276, -0.31234648783100505], [0.4450185510205141, 8.517747892664603e-12, 0.020853367450951277]]	0.8823390838683273	[[0.0, 0.0, -0.8835999999999999], [0.0, -0.8835999999999999, 0.0], [-0.8835999999999999, 0.0, 0.0]]
2	[[0.011896673231499427, 0.9993644402235865, 0.03360334481298405], [0.8317252015093325, 0.008764640468321566, -0.5551183389618117], [-0.5550600493102371, 0.0345528102194082, -0.8310923203625807]]	0.1897060372346874	0.8102939627653297	[[0.0022568707350180232, 0.18958546770808415, 0.006374757382307614], [0.1577832920465631, 0.0016627052110263808, -0.10530930028074202], [-0.10529824238193528, 0.006554876702026655, -0.15766323067215843]]	0.4424268092770847	0.8456824102294794	[[0.01204821368816536, 0.510971202222976, 0.09783242702685031], [0.30370823418939863, -0.08587250100732038, -0.0673752076738121], [0.10173201210164903, 0.015287089575006596, -0.4679345828571391]]	[[0.006784806509340966, 0.06882558162987473, 0.08296540640020413], [-0.06426929290971559, -0.08975021292418069, 0.17822402780425742], [0.3473054586751585, -1.922815739886373e-12, -0.10023705934443368]]	0.8854235740576963	[[0.6247995518564334, 0.6247995518564333, 0.0], [0.6247995518564333, -0.6247995518564334, 0.0], [0.0, 0.0, -0.8835999999999999]]
2	[[0.2973838978430522, -0.6779765432739062, -0.6722429799365989], [0.21009501085824506, -0.6403704890576759, 0.7387731202179104], [-0.931355412136606, -0.3609341262812347, -0.047996382878866456]]	0.12093901172974468	0.8790609882702555	[[0.0359653147094781, -0.0819938131194947, -0.08130040163579086], [0.02540868298254616, -0.07744577408752855, 0.08934649105165395], [-0.11263720311295018, -0.04365101653199142, -0.005804635111972507]]	0.39396587838213837	1.0673425103797587	[[0.15030206284141748, -0.38938433302006364, 0.03217764293628508], [0.03998482454750674, -0.46652995332063624, 0.05224102845157918], [0.011965933376142494, -0.10103641180457291, 0.0787640831709535]]	[[0.033142954310975546, -0.1222847086266734, 0.29701843901323344], [-0.042785440948966434, -0.2142458311090295, -0.23881037278018308], [0.37888818640449906, 0.04115931829390318, 0.09767302031099159]]	0.8255774080198378	[[0.0, 0.0, -0.8835999999999999], [0.0, -0.8835999999999999, 0.0], [-0.8835999999999999, 0.0, 0.0]]
2	[[-0.3892204033068475, 0.16341442670440054, -0.9065336192301567], [0.7573193366333747, 0.6170095977865081, -0.21393124736820557], [0.5243804916383139, -0.7698018455318246, -0.3639096297227603]]	0.1366481858889308	0.8633518141110695	[[-0.05318626202283696, 0.022330284957235758, -0.12387617451512777], [0.10348631348955928, 0.08431324221358516, -0.02923331685782102], [0.07165564289792119, -0.105192025685875, -0.04972759072912915]]	0.36890307845554793	1.0218352335876035	[[-0.13386915283784911, 0.019937953286268312, 0.060235537310407726], [0.3619322665773203, 0.1040094694132556, -0.07891989570522538], [0.3073373961003432, -0.0733337984213715, -0.20947853349118495]]	[[0.009715452139756851, -0.04034613178903354, 0.394658580167862], [0.08255483191935492, -0.12360727064680639, 2.674101509819617e-11], [0.11389181845293557, 0.21064847219608074, -0.07523115080684012]]	0.9245558777231693	[[0.0, 0.0, -0.8835999999999999], [0.0, 0.8835999999999999, 0.0], [0.8835999999999999, 0.0, 0.0]]
2	[[-0.497660567830157, -0.331663200144824, 0.8014570986002058], [0.5168745496181553, -0.8554231213464026, -0.033045172461446226], [0.6965448005577205, 0.39780749758604605, 0.5971386235040682]]	0.5042323237813415	0.495767676218659	[[-0.2509365445713419, -0.16723530612178059, 0.4041205752382339], [0.260624855257396, -0.43133198829278463, -0.016662444099990206], [0.35122040340303023, 0.20058739892545294, 0.30109659574904823]]	0.7382690954733361	0.39821869684164846	[[-0.22564150715960402, -0.15681591884734886, 0.6087366079022875], [0.42610867067166636, -0.7127281558210937, -0.024396229578331936], [0.4971918978358265, 0.29368898141341937, 0.2804915384184784]]	[[0.14176591010511289, 0.08804077192536229, 0.017045600658029205], [0.044516164451882834, -0.08119570177770705, 4.540112033191573e-12], [-0.017045602028577064, -1.9422081837725786e-12, -0.16035745302806284]]	0.6442202048921561	[[0.0, 0.0, 0.8835999999999999], [0.6247995518564333, -0.6247995518564334, 0.0], [0.6247995518564334, 0.6247995518564333, 0.0]]
2	[[0.34438500917845144, -0.9365203313506948, 0.06579235837042641], [0.28308685107610987, 0.17040524526154976, 0.9438346715051124], [-0.8951317222626903, -0.30641756045327384, 0.32380160352427834]]	0.11121811650077043	0.8887818834992297	[[0.03830185207192714, -0.10415802731750176, 0.007317302178102503], [0.03148438638281879, 0.018952150419841413, 0.10497151445292202], [-0.09955486417014715, -0.034079183936373825, 0.03601260446390022]]	0.34774968570491543	1.061551875084751	[[0.09626543671402574, -0.46190988891915397, 0.28067460351006274], [0.07450817333468031, -0.1750426190306263, 0.05110068590848326], [0.09994377934239194, -0.10655661032482887, 0.11231655940006373]]	[[-0.023494341989265272, -0.1362352380356866, 0.25779533156496176], [-0.023935190154231088, -0.23430098951279937, -0.27711752446482163], [0.41122555442374203, 1.726407668261351e-11, -0.00028534645625167415]]	1.0000000000000002	[[0.0, 0.0, 0.0], [0.0, 0.0, 0.0], [0.0, 0.0, 0.0]]
2	[[0.2943250136427136, 0.18032690162771614, -0.9385387551367095], [0.05363968514426791, -0.9836066795264454, -0.1721647007042514], [-0.9541989155945632, 0.00032945456234623194, -0.29917272759703717]]	0.36312689785551655	0.6368731021444839	[[0.10687732916536152, 0.06548154838796956, -0.340808666669972], [0.01947801246838454, -0.3571740422464033, -0.06251763368696009], [-0.34649529215695196, 0.00011963381320819394, -0.10863766449528595]]	0.7172485106971536	0.4403276355002172	[[0.18569135058549152, 0.16611814707130648, -0.5537476358934224], [0.08108336656248422, -0.7738194639618494, -0.01719023863494395], [-0.5466272059159916, 4.437597539523255e-11, -0.1893361657773763]]	[[-0.025412827110664254, 0.03677894544019505, 0.11941788845994292], [0.042610382278493855, -0.06832903795973436, 0.1062946365398016], [0.13777054520304777, -0.00023630074980421248, 0.025245027532803825]]	0.350444135508472	[[0.0, 0.0, -0.8835999999999999], [0.0, -0.8835999999999999, 0.0], [-0.8835999999999999, 0.0, 0.0]]
2	[[-0.8098148069570111, 0.06315897562890704, -0.5832760257636909], [0.5634097413606913, 0.3609782514293012, -0.7431447808704055], [0.16361369677706578, -0.9304330420790907, -0.32790991512058765]]	0.08768993470769629	0.912310065292304	[[-0.07101260754738584, 0.0055384064491037985, -0.05114743661578259], [0.049405363433599074, 0.031654159298733844, -0.0651663173128912], [0.014347274387665681, -0.08158961270979873, -0.028754399046930668]]	1.6170321993869954e-20	1.1751887653590964	[[0.04867009358868049, -6.938893903907228e-17, 0.11750000000634046], [6.938893903907228e-17, -0.0688299064176589, 0.0], [0.11750000000634046, 0.0, 0.11750000001261099]]	[[0.04867009358868049, -6.938893903907228e-17, 0.11750000000634046], [6.938893903907228e-17, -0.06882990641765892, 0.0], [0.11750000000634046, 0.0, 0.11750000001261102]]	1.0	[[0.0, 0.0, 0.0], [0.0, 0.0, 0.0], [0.0, 0.0, 0.0]]
2	[[-0.21241983037595796, 0.9040403184743173, 0.3709298023021392], [0.7675810831292289, -0.08054299284272853, 0.6358711403469227], [0.6047289446398354, 0.41979033918944697, -0.6768153179693851]]	0.19561107991119248	0.8043889200888076	[[-0.041551672414393476, 0.1768403029800197, 0.07255797919956658], [0.15014736459031117, -0.01575510180924559, 0.12438344044762294], [0.11829168191455391, 0.08211564158513361, -0.1323925752484285]]	0.5815319226706922	0.6321185106200783	[[-0.15585285894784504, 0.5048037677860711, 0.4653634001089129], [0.27785457842840483, -0.26860512953940424, 0.32570358890299905], [0.5593688323329403, 0.09875439954165173, -0.2852431931808186]]	[[-0.03232394657593189, -0.02092453678812354, 0.24965587900029024], [-0.16851832464938818, -0.22176680805392066, -0.04407577791375236], [0.2076996464619183, -0.14536708352576924, 0.10834651997089362]]	0.9411665501197221	[[0.0, 0.6247995518564333, 0.6247995518564334], [0.0, -0.6247995518564334, 0.6247995518564333], [0.8835999999999999, 0.0, 0.0]]
2	[[-0.10845513793664141, -0.6720147867879052, 0.7325528031436028], [-0.782694789624546, 0.5120379814051966, 0.35384455894231126], [-0.6128836344280466, -0.5349890016971353, -0.5815156220716438]]	0.16264974129775023	0.8373502587022499	[[-0.017640200127806545, -0.10930303121931549, 0.11914952391824879], [-0.1273051050475295, 0.08328284521017752, 0.05755272597158348], [-0.09968536458534671, -0.08701582272318066, -0.0945833654905531]]	0.44783357067652013	0.7822897050534628	[[-0.056921899494078144, -0.27950963567300213, 0.5141437280943049], [-0.36491513203788345, 0.06378143222098502, 3.922154317258348e-11], [-0.006859532947793706, -0.2101239935085141, -0.24473777381082806]]	[[-0.008352047813697527, 0.02144114584164587, 0.1860819905534114], [-0.014398129650415311, -0.1655263653137017, -0.1584634722563721], [0.2676103334673214, 0.029462041394180825, 0.015684443625694]]	0.9240865987660208	[[-0.6247995518564334, -0.6247995518564333, 0.0], [-0.6247995518564333, 0.6247995518564334, 0.0], [0.0, 0.0, -0.8835999999999999]]
2	[[-0.9655239015696506, 0.07817738312533667, 0.24829799086056714], [-0.2583680309547694, -0.17137329386372563, -0.9507245419840874], [-0.03177351221182961, -0.982099532083165, 0.18566354785943645]]	0.08373516705409706	0.9162648329459032	[[-0.0808483051926582, 0.006546196235852217, 0.02079127374390615], [-0.021634490233435763, -0.014349971390289951, -0.07960907834546749], [-0.0026605603529528494, -0.08223626838273447, 0.015546568195866214]]	0.32619068391468053	1.057056315682361	[[-0.2556782955803624, 0.10726174102308064, 0.4220778628055294], [-0.08321472380310065, -0.39131227821711334, -0.10723388575058537], [0.3742799270266645, -0.22262831082425347, -0.07613741656261246]]	[[0.05926660620861266, 0.08176100695476735, 0.34108537135208], [0.0010625209157249186, -0.33541190628699347, 0.20288360281367535], [0.3846441507054127, 0.09772340721824196, -0.13669913621690816]]	1.0000000000000002	[[0.0, 0.0, 0.0], [0.0, 0.0, 0.0], [0.0, 0.0, 0.0]]
2	[[-0.27114142863196994, 0.8695060223572442, -0.4128457372480651], [-0.23296513918988904, 0.35687880148636025, 0.9046351557240604], [0.933921607845996, 0.34146273315567405, 0.10579996344142523]]	0.1395313356673515	0.86046866433265	[[-0.03783272569176981, 0.12132333667031282, -0.05760491714279507], [-0.03250593703509521, 0.04979577584275591, 0.1262249515698215], [0.13031132935135167, 0.04764475123783617, 0.014762410212536709]]	0.46095694042113977	0.8272703450614329	[[-0.07626727637437097, 0.35900383209168996, 0.15513887997936773], [-0.1904153640938598, -0.07887160357433423, 0.33694444588602224], [0.6583169710925753, 1.1774068597356568e-11, -0.01280827843455579]]	[[0.048717246989238724, -0.041801003651860395, 0.34544298788714567], [-0.0830284663081036, -0.24337736400865012, -0.08005340769394184], [0.22781932414669365, -0.1573996167315055, -0.06157750587918359]]	1.0000000000000002	[[0.0, 0.0, 0.0], [0.0, 0.0, 0.0], [0.0, 0.0, 0.0]]
2	[[0.20805133692550554, -0.4762234029301439, -0.8543570165364966], [-0.6208270748227136, 0.6106764497540519, -0.4915770711524895], [0.7558362153076437, 0.6326812342858138, -0.16860033040298789]]	0.12668870514453767	0.8733112948554623	[[0.02635775447868222, -0.060332126276745515, -0.1082373841561591], [-0.07865177822796057, 0.07736580868160416, -0.062277262623053005], [0.09575591141867332, 0.08015356634091765, -0.02135975754569558]]	0.3835939387067401	0.9041221550898031	[[0.0646509742790637, -0.2105639806128197, -0.011711226614974092], [-0.26740428605731337, 0.025951728721439957, -0.1885659848863694], [0.5133905024195082, 0.01923637505837636, -0.07123041482516367]]	[[-0.015156257505393988, -0.027887569778518972, 0.31601494642000005], [-0.029258783170284616, -0.20830005591516534, 1.49374754302748e-11], [0.22345631157245366, -0.22345631154716067, -0.0065563500186238705]]	0.8378475454041967	[[0.0, 0.0, -0.8835999999999999], [0.0, 0.8835999999999999, 0.0], [0.8835999999999999, 0.0, 0.0]]
