2	[[-0.9377842524711256, -0.012787777579644166, -0.34698295139926694], [-0.21556114428834758, -0.7619772552868597, 0.6106750817731164], [-0.2722022940576928, 0.6474775171155194, 0.7118137227812147]]	0.1124926188263064	0.8875073811736937	[[-0.10549380645454699, -0.001438530588902485, -0.03903302089098455], [-0.02424903763819151, -0.08571681693329995, 0.0686964392006267], [-0.03062074890907822, 0.0728364415314794, 0.08007378979216133]]	0.3826356355519238	1.0121452533589297	[[-0.34151076339893793, -0.029531795040070703, 0.22563327347629755], [-0.14383330613289283, -0.5937861827155997, 0.10956883487211228], [0.2370236838647339, 0.08206995161043414, 0.1317097685062019]]	[[0.017318910055937102, -0.024638735638586852, 0.35840131561063837], [-0.061351930687821084, -0.3022265313628016, -0.12409721315786716], [0.34117798165019086, -0.1656780196566441, -0.1406555277047691]]	0.7493353928567371	[[-0.95, 0.0, 0.0], [0.0, -0.95, 0.0], [0.0, 0.0, 0.95]]
2	[[-0.8598553706683427, -0.29151891260974605, 0.4191246415132833], [0.4738316458013455, -0.15002286318554503, 0.8677423073463686], [-0.19008501511164744, 0.9447274020120526, 0.2671288507772275]]	0.09052427842488771	0.9094757215751124	[[-0.07783778697951606, -0.026389539211205133, 0.037940955743079666], [0.04289326783104377, -0.013580711437107096, 0.07855174623127718], [-0.017207308832365785, 0.08552076637535992, 0.024181646463077987]]	0.3463956752897881	1.0532133977553628	[[-0.23920058837632044, -0.2503072967893136, 0.4542829034971926], [0.23648557207444046, -0.3883807526766275, 0.031140427374855312], [0.343246128735009, 0.2992069149205236, -0.04944756552837951]]	[[0.05864959339789112, -0.14932640619611592, 0.3090999402696082], [0.0723523391534118, -0.33641348167456325, -0.2694417551559088], [0.40909075590707766, -0.028042571464208476, -0.14197984418274234]]	1.0000000000000002	[[0.0, 0.0, 0.0], [0.0, 0.0, 0.0], [0.0, 0.0, 0.0]]
2	[[0.7682057170631343, 0.5541913911831843, 0.3205181402198053], [0.09030813392978146, -0.589450211148092, 0.8027408607536998], [0.6338015598100375, -0.5877247234172788, -0.5028670125057387]]	0.13371579862857128	0.8662842013714289	[[0.10272124096813127, 0.07410414446513848, 0.04285833909443565], [0.0120756242510766, -0.0788188057354471, 0.10733913528746777], [0.08474928174203336, -0.07858808076549752, -0.06724126418116858]]	0.4518131073164792	0.7095802538238257	[[0.278382445918807, 0.3047051407212519, 0.4415179302480204], [0.06601116814552833, -0.5170764185896563, 0.31142426621223507], [0.5324105329617321, -0.09199011202959347, -0.11087888740758824]]	[[-0.06870296616577173, 0.05431420622273493, 0.29670363336401123], [0.025208769538760962, -0.25075508708248195, -0.05126457645479927], [0.2460506808019276, 0.1735516215042856, 0.11632302007958428]]	0.8356711556071813	[[0.0, 0.6381638700208591, 0.6381638700208592], [0.0, -0.6381638700208592, 0.6381638700208591], [0.9025, 0.0, 0.0]]
2	[[0.8875576111457726, 0.3128668588496867, -0.3381653671367607], [-0.3273769476023962, 0.9447770405743245, 0.014855227435465884], [0.3241385831334306, 0.09752267550242714, 0.9409694504536801]]	0.44516195623071814	0.5548380437692819	[[0.39510688244511516, 0.13927642292528652, -0.15053835636407945], [-0.14573576241952402, 0.42057879558393496, 0.006612982105423542], [0.14429416575753118, 0.043413385003513945, 0.41888380131730407]]	0.7197748588822295	0.4714047193902892	[[0.4578662398429132, 0.2700520645158644, -0.18325024517758473], [-0.23331370174569901, 0.6509595749507939, 0.010692419203360143], [0.2758411737942215, 0.02765999914808732, 0.6452380253679201]]	[[-0.18097541446938317, 0.0448583653384045, 0.06015268423213356], [0.002323994516110348, -0.029067186103762174, -2.7665199733997367e-11], [0.042534370861069794, -0.042534370849489196, -0.032048128044867556]]	0.545546402260288	[[0.6717514421272202, 0.67175144212722, 0.0], [-0.67175144212722, 0.6717514421272202, 0.0], [0.0, 0.0, 0.95]]
2	[[0.1500697479079782, -0.48793689800337037, 0.859881767645811], [0.7237996175280507, -0.5382464804175793, -0.4317462680606933], [0.6734932697726708, 0.6871741481494608, 0.2723940265240403]]	0.26292050691594504	0.7370794930840554	[[0.03945641419271363, -0.1282886165660396, 0.2260805502372155], [0.19030176234604249, -0.14151603747711333, -0.11351494765758521], [0.1770751918931079, 0.18067217537098865, 0.07161797553457612]]	0.6542069425373368	0.44765055992705033	[[0.0719878709042826, -0.19987721331877173, 0.7355679528463898], [0.4306191158004498, -0.497787521657298, -0.1695167450413319], [0.6399915274169071, 0.4002586475238189, 0.10180622341751477]]	[[-0.026188800041944692, 0.11933449287516538, 0.17302733069122303], [-0.042895618992270235, -0.14566293737183073, 0.11293466093855997], [0.19938755457945462, -0.04929545092773854, -0.07639583984021191]]	0.5169544926368965	[[0.0, 0.0, 0.9025], [0.6381638700208591, -0.6381638700208592, 0.0], [0.6381638700208592, 0.6381638700208591, 0.0]]
2	[[0.39514561495520173, 0.8903073900525152, 0.22630221872432854], [-0.7137866099724287, 0.4526453451835295, -0.5344350913887965], [-0.5782461572771092, 0.04964818930798781, 0.814350317058141]]	0.21185394253374548	0.7881460574662849	[[0.08371315640316117, 0.18861513064954621, 0.047943017240874485], [-0.1512185074504356, 0.09589470094668741, -0.11322218113910797], [-0.12250372817414389, 0.010518164644558198, 0.1725233252724012]]	0.4875825400732248	0.7693771023114069	[[0.13300790934888798, 0.43620280129630684, 0.28827529523701106], [-0.3411460402810454, 0.102425875455983, -0.0826469347832368], [-0.030305651669909624, 0.02420759023656593, 0.36895698744305266]]	[[-0.059658193289765786, 0.002104462608538313, 0.17793428460719649], [0.006883848079567687, -0.118276091700924, 0.1779342845803787], [0.2516370784828448, -1.6259069616134568e-11, -0.028106008657591674]]	0.6571224702251288	[[0.6717514421272202, 0.67175144212722, 0.0], [-0.67175144212722, 0.6717514421272202, 0.0], [0.0, 0.0, 0.95]]
2	[[0.6569714475509829, -0.30708792903278176, -0.688538685147845], [0.5770443935784932, 0.7925721197384169, 0.19710201128598737], [0.4851889167555201, -0.5268077816962367, 0.6979006205770957]]	0.17840192766461263	0.8215980723354146	[[0.11720497266370591, -0.05478507850195545, -0.12283662870203349], [0.10294583216246059, 0.14139639397456163, 0.0351633787599658], [0.08655863803068993, -0.09398352376332748, 0.1245068160293026]]	0.47590116558551515	0.82810475947587	[[0.24929439192799738, -0.14435525554059592, -0.05572678584370994], [0.300051716985947, 0.2482476852325386, 0.09380107681651903], [0.4231993609781888, -0.05841104746425041, 0.29973212168332525]]	[[-0.06335908571791862, 0.0017882478233469806, 0.2719495769688677], [0.025435617487355455, -0.1289383103615564, -9.373182608388248e-11], [0.19229738996506326, 0.1922973898845081, -0.03239959711216894]]	0.788571027843058	[[0.6717514421272202, -0.67175144212722, 0.0], [0.67175144212722, 0.6717514421272202, 0.0], [0.0, 0.0, 0.95]]
2	[[-0.28551340625994115, -0.7402800071091643, -0.6086605013636927], [-0.9037881084920453, 0.4192574902120425, -0.08596634137539147], [0.31882463799746885, 0.5255555802915186, -0.7887599015101034]]	0.1991468020766722	0.8008531979233278	[[-0.056859081806685176, -0.14742439605708607, -0.12121279239696336], [-0.17998651156111542, 0.08349378842241996, -0.01711992197114066], [0.06349290708044865, 0.10466271312860563, -0.15707901199204816]]	0.4477268362587144	0.8055758999111153	[[-0.13312267179274828, -0.30097717068244795, 0.046309177169939014], [-0.42486182628992747, 0.11644312814049505, -0.03848943804223209], [0.21930670569034974, 0.07153226300583553, -0.4196573040687072]]	[[-0.005290657698535812, 0.030466054846116707, 0.318822817801148], [-0.020211635826536442, -0.07126970152991165, 6.508544571817751e-12], [0.07656035919841313, -0.16377307423619888, -0.06650832879785355]]	0.7114817249139512	[[-0.6381638700208592, -0.6381638700208591, 0.0], [-0.6381638700208591, 0.6381638700208592, 0.0], [0.0, 0.0, -0.9025]]
2	[[0.6438892552647056, -0.6636492387928785, 0.380757553837473], [-0.15091110836074634, -0.5980263899765946, -0.7871405683007917], [0.7500883043535569, 0.4493708098454942, -0.48521480905966874]]	0.1608203653581874	0.8391796346418128	[[0.10355050528188117, -0.10672831305235364, 0.06123356892103214], [-0.024269579583184174, -0.09617482252987367, -0.1265882337823846], [0.12062947515704221, 0.07226797782065689, -0.078032422870179]]	0.5029509203884831	0.6170429277551093	[[0.23705720733586583, -0.40551720418758436, 0.4535119554220669], [-0.10265153504481193, -0.5399228771875002, -0.3689567649397652], [0.581573209509003, 0.0597895485803423, -0.12632039322419666]]	[[-0.08678748622777273, -0.0717342087215898, 0.2620095932746426], [-0.02675065419792845, -0.23914495393217, 0.026936308362231563], [0.20431560646174501, -0.166221913827167, 0.11771884157848586]]	0.6997037715637516	[[0.0, -0.6381638700208591, 0.6381638700208592], [0.0, -0.6381638700208592, -0.6381638700208591], [0.9025, 0.0, 0.0]]
2	[[-0.16743794764991254, 0.7773753727082936, -0.606343189615771], [-0.9312695185128573, 0.07714504854866044, 0.35606983215832233], [0.3235762932843136, 0.6242885321636675, 0.711028980445465]]	0.14276924968201524	0.857230750317985	[[-0.023904990154274417, 0.11098529868284011, -0.08656716223124356], [-0.13295665040981228, 0.011013940697974931, 0.05083582277164473], [0.046196744607089134, 0.08912920532209354, 0.10151307404036726]]	0.4126616976544566	0.9663249248721847	[[-0.05717029439857224, 0.3971283918420598, 0.1719037193335722], [-0.5344087660207449, -0.10465804080083137, 0.1469363814169063], [0.2580954566939333, 0.03117510909915027, 0.185459937712734]]	[[0.011924933330418662, 0.07633535082548944, 0.4221183293216344], [-0.15010950553738078, -0.1364928475005571, -5.084393962558553e-12], [0.1245679141864921, -0.22644485640971765, -0.10795448843940898]]	0.7302400843701196	[[1.802052992332322e-16, 0.9025, 0.0], [-0.9025, 1.6189080110781922e-16, 0.0], [0.0, 0.0, 0.9025]]
2	[[-0.3165369632697661, -0.9278010874929129, 0.1974575724831094], [-0.8157660753724355, 0.3724826131232639, 0.4424730649342605], [-0.48407650341181413, -0.021020108654157543, -0.8747731670991965]]	0.22902907974752304	0.7709709202524769	[[-0.07249616940374999, -0.2124934292572529, 0.04522352611498636], [-0.1868341535317973, 0.08530935010557375, 0.10133919887495975], [-0.11086759610380656, -0.004814216141254582, -0.20034849344855526]]	0.4899412694723313	0.7342477177039118	[[-0.1595378400917457, -0.46707545968960507, 0.1486682103613118], [-0.34724646313129753, 0.13502232616386434, 0.07416032964407294], [0.05523372830065027, -0.010298618696413915, -0.5188256300621674]]	[[-0.0044533184724398185, -0.012507417065517907, 0.05192559663201234], [0.05243100342913495, -0.0474722781661189, -0.14262548549713186], [0.29240278490396177, 2.2050270232170836e-11, -0.09023815407325542]]	0.6124822438295049	[[-0.6381638700208592, -0.6381638700208591, 0.0], [-0.6381638700208591, 0.6381638700208592, 0.0], [0.0, 0.0, -0.9025]]
2	[[0.406855499873406, -0.3245501708658478, -0.8538944834191807], [-0.8488954288502084, 0.21093624421169652, -0.4846467288191305], [0.33740947393335186, 0.9220483108106712, -0.18968858540040373]]	0.10224456145611556	0.8977554385438843	[[0.04159876216056508, -0.033183489890686015, -0.08730606698699044], [-0.08679494084489069, 0.02156708378462494, -0.0495524922492529], [0.03449828369345418, 0.09427442518018923, -0.01939462622749513]]	0.3369943412332107	1.0391047654790344	[[0.10961912772831447, -0.14435643787276453, 0.09842394133965184], [-0.3773655543680056, -0.1744984025802639, -0.1633232047422576], [0.38677667563731816, 0.03765347086823558, -0.0593411705637165]]	[[-0.02748887342863226, -0.034984866844702284, 0.38618155026217194], [-0.09129259854674579, -0.24558272324059185, 3.669759111288359e-10], [0.27307159224330413, -0.2730715922186011, 0.004582809312752094]]	0.9999999999999999	[[0.0, 0.0, 0.0], [0.0, 0.0, 0.0], [0.0, 0.0, 0.0]]
2	[[0.5403191569681028, 0.6036400661371987, -0.5862370503193712], [0.4146608078153325, 0.41521567174819174, 0.8097236321095203], [0.7321964374914798, -0.6805987191352745, -0.02595689573522414]]	0.10606915870602386	0.893930841293976	[[0.057311198412354734, 0.06402759397642141, -0.062181670729676716], [0.04398272303333255, 0.04404157698388726, 0.08588670444224267], [0.07766346013226899, -0.07219053355507601, -0.002753226093255063]]	0.37871026397583357	0.9433266386413347	[[0.18543840527233588, 0.27118032848430446, 0.15550152746191764], [0.2579454713150841, -0.09431964471186564, 0.2936482857631531], [0.5534281471336897, -7.679037789248725e-11, 0.024775701429205967]]	[[-0.019186005294254644, 0.042575639691096165, 0.3775155155407804], [0.10090916732690734, -0.2515660813665267, -0.0130023647005139], [0.27613784100912625, 0.2577497205085437, 0.03460584426508599]]	1.0	[[0.0, 0.0, 0.0], [0.0, 0.0, 0.0], [0.0, 0.0, 0.0]]
2	[[-0.9506790929980296, 0.17724456833992716, -0.25454591949280275], [0.013897849357551978, -0.7954843399685079, -0.6058147527488101], [-0.30986466710433175, -0.579473060511755, 0.7537870125051647]]	0.11878039412473766	0.8812196058752626	[[-0.11292203735245392, 0.02105317968388563, -0.030235064640199545], [0.0016507920241763344, -0.09448794342151613, -0.0719589150980841], [-0.036805847283982535, -0.06883003851225461, 0.08953511843147188]]	0.3979103620567735	0.9777844768246438	[[-0.360191727073311, 0.1256040080899098, 0.23293025883099855], [0.032620811484764214, -0.6131312985434197, -0.08398810550628329], [0.2240951245008183, -0.10531800664403346, 0.16110686159074358]]	[[0.01809333502134015, 0.05507655772917295, 0.33421671781645407], [0.027090713215090163, -0.29659983681605734, 0.15707186209933033], [0.3473934863769046, 0.12526032866634565, -0.13883280146888002]]	0.6910478107930613	[[-0.95, 0.0, 0.0], [0.0, -0.95, 0.0], [0.0, 0.0, 0.95]]
2	[[-0.010871777499557311, -0.0840287307277911, 0.9964040229075135], [0.9413747147740295, -0.3368748437119881, -0.018137972823285553], [0.33718756032528074, 0.9377923608594283, 0.08276495076773299]]	0.2974047540991729	0.702595245900828	[[-0.0032333183138771177, -0.024990543999363138, 0.29633529341623577], [0.27996931556255034, -0.100188180056361, -0.005394319347364169], [0.10028118346384007, 0.2789039064774802, 0.024614689831108084]]	0.7055231046707646	0.4201492305341579	[[0.014309716099416402, -0.022944161291917137, 0.8746404086959635], [0.5523925308735577, -0.3892513105316401, -8.929310971482525e-11], [0.4035610268196216, 0.5294483697608322, 0.028871439858595912]]	[[0.021980006314193612, 0.03634004969269701, 0.17165434894781545], [-0.11176908055236988, -0.15157832491047943, 0.01279675880942529], [0.16566741240256927, -0.1321858082092388, -0.029521145164978585]]	0.4340193699916561	[[0.0, 0.0, 0.9025], [0.6381638700208591, -0.6381638700208592, 0.0], [0.6381638700208592, 0.6381638700208591, 0.0]]
2	[[-0.2538643033432252, 0.48696402069590106, -0.8357146391177678], [-0.8713143736524561, 0.26000688613899875, 0.4161822694768838], [0.4199573523045962, 0.8338239992396379, 0.35829228366981253]]	0.11470277462771522	0.8852972253722848	[[-0.02911893997239951, 0.05585612431768805, -0.09585878790380768], [-0.09994217623094656, 0.029823511262455627, 0.04773726105985805], [0.04817027353464604, 0.09564192626396455, 0.041097119064627576]]	0.35159950419761976	1.1082581978890054	[[-0.07340020135165747, 0.24631701132027228, 0.16274531336705694], [-0.4627294880640737, -0.07147327531490151, 0.14632947936008772], [0.2946900022137932, 0.04314643185524947, 0.01592529496585637]]	[[0.015858361837295, 0.07510070308151393, 0.45658216613155694], [-0.15637578628761073, -0.16289156756934023, -2.4382507217474984e-10], [0.14703320535935233, -0.25002567286548344, -0.1100500943302827]]	1.0000000000000002	[[0.0, 0.0, 0.0], [0.0, 0.0, 0.0], [0.0, 0.0, 0.0]]
2	[[-0.3298322266022023, -0.8762827350930389, 0.35119691125136165], [0.9222848180711871, -0.37850758052406547, -0.0782478487960887], [0.201497932123461, 0.2980949172053785, 0.9330262609842703]]	0.41510520434864945	0.5848947956513508	[[-0.13691507382447726, -0.36374952381798925, 0.14578366561161082], [0.3828452278730971, -0.157120466560955, -0.03248108926434258], [0.0836428402899397, 0.12374075152183263, 0.38730405672853185]]	0.7458193387586683	0.40845945972920744	[[-0.1638414356759258, -0.5199070452520175, 0.3173515861306264], [0.7366616757599656, -0.3895548825173902, -0.004479408133478364], [0.22756887845115317, 0.221234038646373, 0.5832929819214795]]	[[0.08215381746982799, 0.13364156480071024, 0.055422138007048635], [0.048803822598954445, -0.1072566090957883, 0.05387935071490833], [0.07728782395359513, -0.0010909153910624763, -0.11257604709028136]]	0.5017398058067373	[[1.802052992332322e-16, -0.9025, 0.0], [0.9025, 1.6189080110781922e-16, 0.0], [0.0, 0.0, 0.9025]]
2	[[0.5035622894699279, 0.5369873573117416, 0.6768083914308072], [0.7236893469787391, 0.16572605027924595, -0.6699317915492047], [-0.4719096838308055, 0.8271514095654997, -0.3051586406453477]]	0.10652763196551107	0.8934723680344889	[[0.053643298244362606, 0.057203991569837576, 0.07209879523351052], [0.07709291241231224, 0.017654403691245317, -0.07136624733214918], [-0.05027142112008874, 0.08811448093794723, -0.03250782736176319]]	0.3747927600763089	0.9207822980122823	[[0.1718632951811437, 0.2825388808815172, 0.5239219744030582], [0.33003556854585636, -0.1856621713215684, -2.7274175093403477e-11], [0.1917780219092356, 0.2964526449949173, -0.06219320490514957]]	[[-0.01686820515963584, 0.08127990710856649, 0.27025908933589915], [0.05880204075387302, -0.24777509512227228, 0.25108558519031876], [0.36864635481892133, -0.01355771479714573, 0.05217804428345488]]	1.0000000000000002	[[0.0, 0.0, 0.0], [0.0, 0.0, 0.0], [0.0, 0.0, 0.0]]
2	[[0.388721369236936, 0.6072553768335828, 0.6929189017520486], [-0.1881814353775204, -0.6838834560027736, 0.704905075868346], [0.9019331707381749, -0.4044061398055253, -0.1515659249626253]]	0.24246342671321872	0.7575365732867816	[[0.09425071522184214, 0.14723721955709768, 0.1680074913531617], [-0.0456271156654464, -0.16581672621491125, 0.17091370020258054], [0.21868580724349643, -0.09805369844111213, -0.03674919353939637]]	0.6145863123050177	0.38866595088650413	[[0.12562663837921034, 0.36108868779267106, 0.6052878136871618], [-0.11278011606996538, -0.5994954424376209, 0.39564371718279767], [0.7077654730313926, -0.1482407621652014, -0.04129780096003354]]	[[-0.11327619445427584, -0.012122154882872542, 0.17942934113292755], [0.0028736183429715232, -0.1791900311664647, -0.037581293920219874], [0.1534496916818455, 0.10030171597138224, 0.05185254193384467]]	0.43244959237528613	[[0.0, 0.6381638700208591, 0.6381638700208592], [0.0, -0.6381638700208592, 0.6381638700208591], [0.9025, 0.0, 0.0]]
2	[[0.4709175022496733, 0.19115318190370978, 0.8612184201020178], [0.8821529167293078, -0.0947858233539779, -0.46132621776469945], [-0.006552677384344174, 0.9769729314260427, -0.21326264014097962]]	0.12994579047384805	0.8700542095261519	[[0.061193747077803944, 0.024839551324068752, 0.11191170837079517], [0.11463205808320073, -0.012317018741447241, -0.0599474000337444], [-0.0008514928424287471, 0.1269535198457096, -0.027712582351659253]]	0.4538034766303041	0.7417490341972054	[[0.1553819392484046, 0.18115744504679265, 0.6520412290790655], [0.42558245495026303, -0.32289668145527384, -3.6461880913298614e-11], [0.32976873164371173, 0.40667900132273904, -0.02673352090926088]]	[[-0.05832206047855623, 0.09441146652994425, 0.2612173158987119], [0.025258394418940316, -0.27988254528197287, 0.2093514414458675], [0.33274235942196384, -0.036674711532098815, 0.0700458066220731]]	0.8348787180466399	[[0.0, 0.0, 0.9025], [0.6381638700208591, -0.6381638700208592, 0.0], [0.6381638700208592, 0.6381638700208591, 0.0]]
2	[[-0.7797112461789556, 0.3586263663473402, 0.5132616310835669], [0.12556441147624647, -0.7135152995487305, 0.6892963773882098], [0.6134198816085799, 0.6018995320403472, 0.511305194748623]]	0.15323214419132003	0.8467678558086805	[[-0.1194768261020874, 0.054953087078944876, 0.07864818026206997], [0.019240504004626485, -0.10933347926316411, 0.10562236189050529], [0.09399564374846754, 0.09223035588229445, 0.07834839132749177]]	0.47292850325225966	0.6551577539318328	[[-0.2621594055322684, 0.18041810848804266, 0.48564377461339076], [0.08635141640593005, -0.5863303463790522, 0.2467602510560072], [0.5178878529739168, 0.1689161597662592, 0.1144734121168325]]	[[0.10658826709209929, 0.010813477824598522, 0.24290771964822605], [0.02696842722471788, -0.2488886237158835, -0.0792276529994036], [0.2277841064995929, -0.1157392850298176, -0.12733738834073896]]	0.8436608675993473	[[0.0, 0.6381638700208591, 0.6381638700208592], [0.0, -0.6381638700208592, 0.6381638700208591], [0.9025, 0.0, 0.0]]
2	[[0.312078085329446, 0.25026955923460475, -0.9165000907679297], [0.9493512559049828, -0.044986478459825396, 0.310979757648975], [0.036598655285933646, -0.9671304795508722, -0.25163301443761527]]	0.10870757806851682	0.8912924219314833	[[0.03392525282442402, 0.027206197648669137, -0.09963050516695741], [0.10320167576573544, -0.004890371119199089, 0.033805856282354343], [0.003978551176698358, -0.10513441210821854, -0.027354415561593255]]	0.34165552126396864	1.1003480563339803	[[0.09599849312120227, 0.09465900062143895, 0.14684084553460638], [0.4922137416642424, -0.22220004671370341, 0.1062479511933065], [0.22995900831718072, -0.04982765855688674, -0.09827134884159204]]	[[-0.010624707797090864, 0.009153023904636392, 0.45996816178439803], [0.16786264346542246, -0.20683016796568152, -8.796712683952814e-12], [0.21745487566790475, 0.2805978095643385, -0.012299540126684876]]	1.0	[[0.0, 0.0, 0.0], [0.0, 0.0, 0.0], [0.0, 0.0, 0.0]]
2	[[0.2932727100912193, 0.7663848849828426, 0.5715289367876191], [0.00018149557078206424, 0.5977709472802035, -0.8016669268761718], [-0.9560288094901268, 0.235210762206075, 0.175170810260522]]	0.13307062852261303	0.866929371477387	[[0.0390259838603677, 0.10198331833489754, 0.07605371483718922], [2.41517296809229e-05, 0.0795457556671344, -0.1066783218252042], [-0.1272193545645768, 0.03129964396204221, 0.023310089820185734]]	0.3711498151036145	0.968857723116302	[[0.07008368623014041, 0.2952629772279219, 0.4340969394755903], [0.006188610294041111, 0.03865291584274163, -0.07556445127718545], [-0.04091116016975033, 0.08729843070298154, 0.028672043237172325]]	[[-0.03876442589515144, 0.010819368868335066, 0.22197408026050014], [0.006121248246503271, -0.18320966071461828, 0.22197408040758856], [0.3139187557062391, -2.0018347025619908e-10, -0.03634257060257072]]	0.8938104407892928	[[0.0, 0.0, 0.9025], [0.0, 0.9025, 0.0], [-0.9025, 0.0, 0.0]]
2	[[0.23507429571004806, 0.1639243119487907, -0.9580547455383437], [0.7224674736879957, -0.6888480443340972, 0.059406407734983124], [-0.6502159833157828, -0.7061283111228478, -0.2803604524027675]]	0.16041032796894925	0.839589672031051	[[0.03770834487191856, 0.026295152641789922, -0.1536818759440139], [0.11589124440118963, -0.11049834071240182, 0.00952940134822559], [-0.10430135913433754, -0.11327027397537627, -0.04497271211945086]]	0.4536130572298711	1.003758472029289	[[0.11921776199445706, 0.08513136199549506, 0.01560578137551371], [0.6138660024881504, -0.6004276319948857, 0.025135682115255558], [0.024668466642394596, -0.0032564244658470445, -0.10937729381907776]]	[[0.012584992041263544, 0.01077315369810099, 0.45019192349274995], [0.2861453229993972, -0.2879571646376781, -0.0018118401164532128], [0.3196149266939917, 0.3170525975391528, 0.01779786812169132]]	0.8024067280361177	[[0.0, 0.0, -0.9025], [0.0, -0.9025, 0.0], [-0.9025, 0.0, 0.0]]
2	[[-0.22702687951129652, -0.2600962815277815, 0.9385141023526418], [0.7861776675639859, -0.6177088015181534, 0.01898714171901844], [0.574789936414178, 0.742149419498815, 0.3447183896089062]]	0.4150627538345045	0.5849372461654959	[[-0.094230401804413, -0.1079562788730356, 0.3895422478350054], [0.3263130677022958, -0.25638791622593615, 0.007880855329341518], [0.2385738938844286, 0.3080385818138572, 0.14307976408846826]]	0.7534894244476446	0.3102390753636788	[[-0.07545884994053291, -0.11468290508968021, 0.7565610158426177], [0.6370736452916411, -0.5807942257320116, 9.435554219154159e-13], [0.5058540964273522, 0.5229094608454246, 0.14520540236711565]]	[[0.0956035028365787, 0.08129689237966023, 0.04940056502492775], [0.04469708704526168, -0.11535717639985399, -0.014306610484825445], [0.07275595806033508, -0.03629227810689096, -0.11453625861581802]]	0.36560160625351645	[[0.0, 0.0, 0.9025], [0.6381638700208591, -0.6381638700208592, 0.0], [0.6381638700208592, 0.6381638700208591, 0.0]]
2	[[-0.7789526709276531, -0.6132277320749256, -0.13108960702099365], [0.4894249346840115, -0.725216103161197, 0.48427764456480876], [-0.3920407756397623, 0.31307084235030797, 0.8650379632743539]]	0.16266609111182673	0.8373339088881736	[[-0.12670918614091842, -0.09975135813799899, -0.02132383395949087], [0.07961284101770948, -0.11796806871258336, 0.0787755514542], [-0.0637717405297684, 0.05092601016621096, 0.14071234414917494]]	0.4759413759365869	0.816489948399088	[[-0.36751619071183117, -0.41402652667012096, 0.18940969231538027], [0.27359821152721486, -0.5618557693372688, 0.01450142626868761], [0.14418693482017034, 0.12367882081628104, 0.31839022029552305]]	[[0.003219615278955222, -0.12216607610390828, 0.25180066025193815], [0.040660634696032136, -0.2166954193473588, -0.21598634222081675], [0.330775361001406, -0.02532454665755064, -0.0933171381826557]]	0.522235798275185	[[-0.6381638700208592, -0.6381638700208591, 0.0], [0.6381638700208591, -0.6381638700208592, 0.0], [0.0, 0.0, 0.9025]]
2	[[-0.7357259517984016, -0.6355984379310936, 0.23392723131326343], [-0.6762908134220847, 0.6707859050452003, -0.3044289823153933], [0.03657949604943121, -0.38217914031543476, -0.9233639830405582]]	0.23189647941137673	0.7681035205886234	[[-0.1706122580336336, -0.14739304007559106, 0.05424690137999653], [-0.15682945869083775, 0.15555288981875598, -0.07059600922972803], [0.00848265635250547, -0.08862599714361581, -0.2141248568823715]]	0.6456286100506596	0.6249928548811939	[[-0.47668930376317475, -0.23824464153008798, 0.34086851470178287], [-0.4171450162819258, 0.22499903192888618, -0.03639494852328038], [0.2667655531239547, -0.2152953232786469, -0.5602981842491179]]	[[-0.001683580125374152, 0.1721158945017348, 0.18983840149600145], [0.019487681577804502, -0.20807953958702058, 0.16015311218814354], [0.24314878393320702, 0.03145046387356356, 0.03585202069219855]]	0.3858560402922906	[[-0.6381638700208592, -0.6381638700208591, 0.0], [-0.6381638700208591, 0.6381638700208592, 0.0], [0.0, 0.0, -0.9025]]
2	[[-0.7099649817244492, 0.17004561671924806, -0.6833990144561036], [-0.6966343129430994, -0.02737173477805739, 0.7169040536679481], [0.1032005753632168, 0.9850559762621669, 0.13789258455366898]]	0.08717029193953968	0.9128297080604609	[[-0.061887854723769876, 0.01482292605245604, -0.05957209160133222], [-0.060725816434350544, -0.002386002111494881, 0.06249273565087462], [0.008996024282739988, 0.08586761702756154, 0.012020136851840772]]	1.4711160144447157e-20	1.151022396310897	[[0.04918786054038042, 4.163336342344337e-17, 0.11875000000572658], [-4.163336342344337e-17, -0.06956213946534578, 0.0], [0.11875000000572658, 0.0, 0.11875000001097435]]	[[0.04918786054038042, 2.7755575615628914e-17, 0.11875000000572658], [-2.7755575615628914e-17, -0.0695621394653458, 0.0], [0.11875000000572658, 0.0, 0.1187500000109743]]	1.0000000000000004	[[0.0, 0.0, 0.0], [0.0, 0.0, 0.0], [0.0, 0.0, 0.0]]
2	[[-0.8451655046892217, 0.03102096411427288, 0.5336037569853065], [0.3597306106374598, 0.7713925264558512, 0.5249261451846907], [-0.3953342351148118, 0.635603075758354, -0.6631135442989435]]	0.13643172732462155	0.863568272675379	[[-0.11530738967993638, 0.004232243717385321, 0.07280048227241298], [0.04907866858080948, 0.10524241482967546, 0.07161658070540237], [-0.053936132567271824, 0.08671642551855449, -0.0904697262610566]]	0.47426897954497305	0.9351013350294402	[[-0.3054074017639317, -0.19910152996459307, 0.5199373376226067], [0.12280282107625257, 0.07908382964940493, 7.862414693529096e-12], [0.17724633991776595, 0.28878293468174787, -0.3250813837024248]]	[[0.0954283796916376, -0.21381381095957044, 0.2668656283158215], [-0.047806248541865555, -0.28676371670143025, -0.2489561872053573], [0.3647411041848601, -0.012663887453812918, -0.010587199725314633]]	0.8287412161393833	[[-0.95, 0.0, 0.0], [0.0, 0.95, 0.0], [0.0, 0.0, -0.95]]
2	[[-0.09570001472736311, 0.5345101365068197, -0.8397263966034669], [0.9941363825171496, 0.008658117471247562, -0.10778631618888002], [-0.05034242879418521, -0.8451177142702161, -0.5322045554951473]]	0.1369235988300876	0.8630764011699124	[[-0.013103590424563313, 0.0731870515016751, -0.1149783602555682], [0.13612073122217283, 0.0011855006032568602, -0.014758490317218879], [-0.006893066524347229, -0.11571655887293565, -0.07287136305216242]]	0.36736682930646836	1.0778540712658262	[[-0.02491711957386376, 0.12020549172853273, 0.13536116650108337], [0.5177386162273557, -0.13519639510629122, -0.0395971172080082], [0.12371418889200202, -0.06771540865560825, -0.3032148686714171]]	[[0.010239891401109948, -0.07615580235214511, 0.4438487903062449], [0.15252588548382798, -0.13837710026946642, 1.2925101119351874e-11], [0.14220832733770852, 0.24275280642657088, -0.10770056857670642]]	0.9999999999999998	[[0.0, 0.0, 0.0], [0.0, 0.0, 0.0], [0.0, 0.0, 0.0]]
2	[[-0.20892554660170207, -0.8722728212278597, 0.4421427838655412], [-0.9769286190798419, 0.16569047850232185, -0.13474842691632785], [0.04427854107729115, -0.4600943280250934, -0.8867652564908058]]	0.273064374129304	0.7269356258706965	[[-0.057050123622416446, -0.23818663199858772, 0.12073344255203207], [-0.26676440193804274, 0.04524416681142141, -0.03679499486081539], [0.012090892106629138, -0.1256353697226145, -0.24214399976327336]]	0.6283257039281627	0.5891454019094085	[[-0.18109979870872822, -0.3627891320015009, 0.38943868913499224], [-0.6129648854000092, -0.03343920911253002, -9.836402938702567e-12], [0.2145390078359815, -0.2501757534277992, -0.5130613107198274]]	[[-0.04982650757163771, 0.18528230241389812, 0.11162901322591867], [0.0008644768709002176, -0.13754679565169547, 0.08466590018557794], [0.18671766234468054, 0.03891333910192261, 0.04411609328379608]]	0.7053656116298294	[[-0.6381638700208592, -0.6381638700208591, 0.0], [-0.6381638700208591, 0.6381638700208592, 0.0], [0.0, 0.0, -0.9025]]
2	[[-0.3901123425915053, -0.19274962118636868, 0.9003665607352815], [0.8924450663689159, 0.1615093954769425, 0.42125588267281683], [-0.22661457073972407, 0.9678648142716957, 0.10901163985220427]]	0.13188959467830974	0.8681104053216906	[[-0.05145175874339903, -0.025421669412667797, 0.11874898075727984], [0.11770421807605363, 0.02130140870619293, 0.05555926762157155], [-0.029888103883061384, 0.1276512980576917, 0.014377500995324616]]	0.4543696217692546	0.8220010523478746	[[-0.11134016369378225, -0.21307041451437145, 0.6433109795774447], [0.39426511274848436, -0.18519558639975797, 7.003787474138949e-12], [0.2716499509181909, 0.37898922644183497, -0.02053468400072348]]	[[0.06591503385703791, -0.12549084203975394, 0.23421176592247006], [-0.011234814507397353, -0.25858054933479724, -0.1914058760711175], [0.37461672771260124, -0.060779143142565266, -0.07006626156881572]]	0.9823082858234612	[[0.0, 0.0, 0.9025], [0.6381638700208591, -0.6381638700208592, 0.0], [0.6381638700208592, 0.6381638700208591, 0.0]]
2	[[-0.04368688083802902, -0.7928421645001731, 0.6078591601952907], [-0.07099332237196321, 0.6093655773994191, 0.7897047177643444], [-0.9965196458782106, -0.008654205414294847, -0.08290778074109101]]	0.16496605197133318	0.8350339480286669	[[-0.00720685225479238, -0.13079204171399983, 0.10027612581202738], [-0.01171148810802693, 0.10052463351081402, 0.13027446951271965], [-0.16439191169239947, -0.001427650100148299, -0.013676969266565078]]	0.38241307807885005	0.9537227067938702	[[-0.017727090745497883, -0.3001140918199582, 0.3469429313914967], [-0.00844547750221511, 0.11956038338799889, 0.11855992202963175], [-0.05272416497787565, -0.003309481313212426, -0.09290992317816923]]	[[-0.0010206561725633024, 0.003079120737250871, 0.11448963890279054], [0.018703297429091454, -0.11346898274060864, -0.18343348986402072], [0.3283579801684565, 1.75945800330301e-11, -0.06120490354828218]]	0.8479987876852706	[[0.0, 0.0, 0.9025], [0.0, 0.9025, 0.0], [-0.9025, 0.0, 0.0]]
2	[[-0.6282958732607286, -0.7138118081737849, -0.3093816383614419], [-0.5738327107911779, 0.1566825842932765, 0.8038448779492399], [-0.5253192511888238, 0.6825857237672436, -0.5080515860024072]]	0.09718576693240656	0.9028142330675935	[[-0.06106141630330969, -0.06937234802277707, -0.03006749179896124], [-0.0557683720891424, 0.015227317119493567, 0.07812228095818367], [-0.051053554311143355, 0.06633761706143146, -0.049375383026869696]]	0.33335056760026127	1.1416336651500423	[[-0.23021581259512156, -0.3240521069315305, 0.2433101172532057], [-0.17366061348167952, -0.22900243802293474, 0.06172200884930971], [0.21569028483577157, 0.12840218284167976, -0.3344899339235792]]	[[-0.02077302662275815, -0.0861025355170316, 0.34644266200609153], [0.01762684636815711, -0.28123266643017664, -0.20624013747763106], [0.3908057553909108, -0.09913815561196714, -0.16513064935946625]]	0.9673761387605807	[[-0.6381638700208592, -0.6381638700208591, 0.0], [-0.6381638700208591, 0.6381638700208592, 0.0], [0.0, 0.0, -0.9025]]
2	[[0.15665500554066836, 0.7010445100749366, 0.6956980696630148], [0.9690588098128995, 0.026938980891129116, -0.2453554858415722], [-0.1907465133706504, 0.7126085083707178, -0.6751332323583257]]	0.1727270999663382	0.8272729000336619	[[0.027058564802250294, 0.12108938517256619, 0.12016591002507208], [0.16738271791581352, 0.004653092045373351, -0.042379541530246735], [-0.03294709208320282, 0.12308680106221209, -0.11661380531615352]]	0.47912483393760713	0.7078622711301834	[[0.06289444520671526, 0.2620994996936506, 0.5383228390931011], [0.47283470488236745, -0.15431583286293538, -8.135058053424803e-12], [0.1366876850504357, 0.27959851382942913, -0.2781643431681914]]	[[-0.01216285830845244, -0.07378833477887452, 0.2049966169950953], [0.008534563554987062, -0.16722296760884603, 0.11755590640138912], [0.22807907659332605, -0.06182991940621686, 0.04530875467125122]]	0.9793461234661796	[[0.6381638700208592, 0.6381638700208591, 0.0], [0.6381638700208591, -0.6381638700208592, 0.0], [0.0, 0.0, -0.9025]]
2	[[-0.5981897663743452, -0.7419171441245457, 0.3028662322859456], [0.7115509511219108, -0.6655993255599615, -0.22510615667197656], [0.3685976768273374, 0.0808485563767378, 0.9260665546111073]]	0.537014676275347	0.46298532372465284	[[-0.3212366837407445, -0.3984203949751729, 0.16264361168577124], [0.3821133036701483, -0.35743660634467195, -0.12088530985278892], [0.19794236209727756, 0.04341686132998281, 0.49731133103391006]]	0.7788820868573818	0.35366351019071274	[[-0.3661268183513259, -0.6018825500855263, 0.2501416872963488], [0.4839024198295845, -0.5935931673063756, -0.17272323959623362], [0.29901065733499804, 0.054743109339690864, 0.5808140042219302]]	[[0.09979247521905389, -0.024016576594530818, 0.014244604254839071], [-0.07031186988560445, -0.07516977560336698, 0.0026079134768801247], [0.01191652959693859, -0.008228382970429292, -0.14048264640239483]]	0.383635011502086	[[-0.6381638700208592, -0.6381638700208591, 0.0], [0.6381638700208591, -0.6381638700208592, 0.0], [0.0, 0.0, 0.9025]]
2	[[0.6069875784705717, -0.6928697567511047, 0.38922690010082395], [0.12403339438257666, 0.5663640199931965, 0.8147683805444849], [-0.7849724814669417, -0.44627715271657287, 0.4297149128233985]]	0.11285968417594745	0.8871403158240527	[[0.06850442640491179, -0.07819706192199524, 0.04392802501816207], [0.013998369717288281, 0.06391966442505205, 0.09195450210479875], [-0.08859174634516884, -0.05036669851053344, 0.048497489346943576]]	0.3709363321594071	1.002715264548106	[[0.1895147130705655, -0.3535783300268002, 0.4086647340137054], [0.0050557763642005895, -0.018562312285907545, 0.037940859381176306], [0.08258250659739731, -0.16554041011219203, 0.17409552190078256]]	[[-0.035639032953628615, -0.09656776379336493, 0.26428633531252993], [-0.040952716013353714, -0.22864730452924095, -0.2642863352574549], [0.3737573197188128, 4.303711606948549e-11, 0.014698648263871697]]	1.0000000000000002	[[0.0, 0.0, 0.0], [0.0, 0.0, 0.0], [0.0, 0.0, 0.0]]
2	[[-0.9329322773960255, -0.042925561482400815, -0.35748393245583304], [-0.169270649991114, -0.8240132564325088, 0.5406936288463909], [-0.3177810769134181, 0.5649420761413629, 0.7614825262347359]]	0.1241720669981213	0.8758279330018792	[[-0.1158441292535291, -0.005330155696324715, -0.044389518811656856], [-0.021018686491512218, -0.10231942928507769, 0.06713904550657177], [-0.03945953317322887, 0.07015002532868286, 0.09455485926551828]]	0.4099563182058827	0.9670463881089983	[[-0.37345452660548156, -0.04966812449518422, 0.19727917322581495], [-0.12608188975870346, -0.6274323787794062, 0.09366167716216552], [0.20335858348710067, 0.07898468244071319, 0.17651108401174218]]	[[0.009006954971225242, -0.032070519352939995, 0.3438319699931683], [-0.05668831730802875, -0.2896229380194919, -0.12799909219707792], [0.3336349437740255, -0.15261689109378845, -0.13566348882156182]]	0.6782280906449497	[[-0.95, 0.0, 0.0], [0.0, -0.95, 0.0], [0.0, 0.0, 0.95]]
2	[[0.9008474576716361, -0.4254042240105299, 0.08663200448188091], [-0.049446002604253164, -0.2987906365719553, -0.9530368557004423], [0.4313107358193278, 0.8542572222058906, -0.2901993237002208]]	0.09409711055377713	0.9059028894462231	[[0.08476714281661701, -0.04002930829676252, 0.008151821303226822], [-0.004652725973494541, -0.028115335561944732, -0.08967801437266883], [0.04058509399142218, 0.08038313627927011, -0.02730691784485096]]	0.3704921334155124	0.9299331776981388	[[0.30760338908101925, -0.1905519089373411, 0.41639073842827085], [-0.09373843657220259, -0.40441686268021937, -0.27349179913241467], [0.4878206205413725, 0.10104480898436097, 0.004474573269128553]]	[[-0.026153507393685563, -0.03294299041970947, 0.3842942622657166], [-0.07541908157848383, -0.29371728229209654, 0.0796008587596541], [0.32802338586265545, -0.2154507717563089, 0.11199113982256222]]	1.0	[[0.0, 0.0, 0.0], [0.0, 0.0, 0.0], [0.0, 0.0, 0.0]]
2	[[0.2716390998961424, -0.9623667677143403, 0.0078996080071079], [-0.8358745486248621, -0.23185104168470852, 0.4975528448626315], [-0.4769967907321766, -0.14175788820650492, -0.8673976958480093]]	0.18745523959509	0.8125447604049101	[[0.05092017255442595, -0.18040069302024395, 0.001480822911679686], [-0.15668906378391062, -0.04346169256937827, 0.09326888774494325], [-0.08941554769278921, -0.02657325889824499, -0.16259824289941796]]	0.46785420330711447	0.7771617996386694	[[0.14122548624207856, -0.5381985143502298, 0.13157005209335687], [-0.35611933439771043, -0.24532405667012547, 0.03777654647209264], [0.11974612820283129, -0.06632202383870371, -0.46910463960056986]]	[[0.014137991573107102, -0.08795117695199413, 0.12787418728275282], [0.034948086613868355, -0.13685157227680156, -0.1950056433643021], [0.34291108171088414, 1.0649627300343931e-11, -0.06328898165917282]]	0.682127535408266	[[0.6381638700208592, -0.6381638700208591, 0.0], [-0.6381638700208591, -0.6381638700208592, 0.0], [0.0, 0.0, -0.9025]]
