2	[[0.4709175022496733, 0.19115318190370978, 0.8612184201020178], [0.8821529167293078, -0.0947858233539779, -0.46132621776469945], [-0.006552677384344174, 0.9769729314260427, -0.21326264014097962]]	0.12484684215955026	0.8751531578404496	[[0.05879256307353464, 0.023864871129428183, 0.10752040015937386], [0.11013400595549092, -0.011833710727237089, -0.05759512149333172], [-0.0008180810791257598, 0.1219719853639002, -0.026625167172209745]]	0.43954693474137563	0.7454721013778537	[[0.14584532999674224, 0.1703188000409552, 0.6315569146658039], [0.41221249569629376, -0.31324494423237464, -3.782856551550266e-11], [0.31940882484921274, 0.39390290656695326, -0.025893669336132533]]	[[-0.061145014633166656, 0.08629800486911919, 0.2530109979671518], [0.024464885174762363, -0.2715821261201962, 0.2027745248964774], [0.3222890341078503, -0.03552255076665994, 0.06784527043268813]]	0.8228759922665696	[[0.0, 0.0, 0.8649000000000001], [0.611576655048245, -0.6115766550482451, 0.0], [0.6115766550482451, 0.611576655048245, 0.0]]
2	[[0.2932727100912193, 0.7663848849828426, 0.5715289367876191], [0.00018149557078206424, 0.5977709472802035, -0.8016669268761718], [-0.9560288094901268, 0.235210762206075, 0.175170810260522]]	0.12806751514151152	0.8719324848584885	[[0.037558707240198934, 0.09814900786176589, 0.07319429076586036], [2.3243686762404734e-05, 0.07655503984196313, -0.10266749129616344], [-0.1224362340350982, 0.030122857850269753, 0.022433690395392798]]	0.35856176104255394	0.9699377834044445	[[0.06655565165742137, 0.2797079332826856, 0.4193739475302575], [0.006929365665932781, 0.038493001239222176, -0.07300157946919703], [-0.03952360224941607, 0.08433758494909706, 0.02769959160771033]]	[[-0.038600727738608516, 0.004911619286842417, 0.21444552546891033], [0.006864288294451804, -0.17584480231764316, 0.2144455256010954], [0.30327177128878013, -1.636746467672007e-10, -0.03510996260255352]]	0.8802018080768347	[[0.0, 0.0, 0.8649000000000001], [0.0, 0.8649000000000001, 0.0], [-0.8649000000000001, 0.0, 0.0]]
2	[[-0.010871777499557311, -0.0840287307277911, 0.9964040229075135], [0.9413747147740295, -0.3368748437119881, -0.018137972823285553], [0.33718756032528074, 0.9377923608594283, 0.08276495076773299]]	0.2861470987742247	0.7138529012257757	[[-0.00311092759001743, -0.024044577511437404, 0.2851181203619511], [0.2693716434920023, -0.0963957591782057, -0.00519012830102756], [0.09648524212983797, 0.26834656331255574, 0.02368295054237848]]	0.683430031372487	0.43756692561140137	[[0.013861618006140209, -0.022225676458293712, 0.8383048835249711], [0.5324742491416175, -0.37968252283386267, -1.0266723178924704e-12], [0.3935441408433342, 0.5102485726862955, 0.027967346632998224]]	[[0.021291717243737403, 0.03520208161919064, 0.1573324508896168], [-0.11088950170966355, -0.1494521378271769, 0.012396035334624873], [0.16310003591181504, -0.13066688991674227, -0.028596706266736025]]	0.4355073200759063	[[0.0, 0.0, 0.8649000000000001], [0.611576655048245, -0.6115766550482451, 0.0], [0.6115766550482451, 0.611576655048245, 0.0]]
2	[[-0.7797112461789556, 0.3586263663473402, 0.5132616310835669], [0.12556441147624647, -0.7135152995487305, 0.6892963773882098], [0.6134198816085799, 0.6018995320403472, 0.511305194748623]]	0.14815401216853136	0.8518459878314695	[[-0.11551734945433766, 0.05313193504378004, 0.0760417699371961], [0.018602871345786386, -0.10571015437177585, 0.10212202388329804], [0.09088061660425549, 0.08917383059413862, 0.07575191604462066]]	0.45906180883122205	0.6612490627008746	[[-0.24964456987833838, 0.1751280853372556, 0.47140425681115883], [0.08883581400657141, -0.568950389988947, 0.2395250158042338], [0.502702909439257, 0.16396338414274772, 0.11111694737324487]]	[[0.10829108515861928, 0.010496416907277102, 0.2357854440422734], [0.031193988149457653, -0.24140276594935556, -0.07690462602040651], [0.22110526901498814, -0.11234570377036004, -0.12360374019285825]]	0.8314156218808494	[[0.0, 0.611576655048245, 0.6115766550482451], [0.0, -0.6115766550482451, 0.611576655048245], [0.8649000000000001, 0.0, 0.0]]
2	[[0.312078085329446, 0.25026955923460475, -0.9165000907679297], [0.9493512559049828, -0.044986478459825396, 0.310979757648975], [0.036598655285933646, -0.9671304795508722, -0.25163301443761527]]	0.10461600138659256	0.8953839986134078	[[0.032648361407549745, 0.026182200555911833, -0.09588057476659008], [0.09931733230411931, -0.004706305492931008, 0.03253345875740483], [0.0038288049721405867, -0.10117732358971057, -0.026324839787315705]]	0.3297684252141027	1.0965089023168342	[[0.09149349592769505, 0.09227348170001137, 0.14173186551426084], [0.4697965991187358, -0.2133041648581183, 0.10255130494190447], [0.22195812833440723, -0.048094022992282576, -0.0948522296060671]]	[[-0.011420002815228692, 0.009742483272188076, 0.4439646571553833], [0.1567305304839189, -0.19846904470049356, -1.1461371887749014e-11], [0.20988904741581113, 0.2708350722257685, -0.011871606703097122]]	1.0	[[0.0, 0.0, 0.0], [0.0, 0.0, 0.0], [0.0, 0.0, 0.0]]
2	[[-0.3298322266022023, -0.8762827350930389, 0.35119691125136165], [0.9222848180711871, -0.37850758052406547, -0.0782478487960887], [0.201497932123461, 0.2980949172053785, 0.9330262609842703]]	0.4012557290376938	0.5987442709623072	[[-0.1323470705453925, -0.35161346771290153, 0.14091977265995043], [0.37007206705555074, -0.15187833516947716, -0.03139739761430567], [0.08085219965378765, 0.11961229332567637, 0.37438213256255704]]	0.7209236076925859	0.4336678200900369	[[-0.1530872824209168, -0.4972672877102983, 0.30675827040212245], [0.7067865668574096, -0.3712663292173067, -0.0043298837861454765], [0.21997254339694772, 0.2138491629375434, 0.5563482326157602]]	[[0.08469655631442141, 0.13446562303170168, 0.053572126132297525], [0.04188966849342951, -0.09839127872690556, 0.052080837662114354], [0.07470792722790702, -0.0010545002089808824, -0.116292425524944]]	0.500396363039307	[[1.7269757707127154e-16, -0.8649000000000001, 0.0], [0.8649000000000001, 1.5514609847994777e-16, 0.0], [0.0, 0.0, 0.8649000000000001]]
2	[[0.23507429571004806, 0.1639243119487907, -0.9580547455383437], [0.7224674736879957, -0.6888480443340972, 0.059406407734983124], [-0.6502159833157828, -0.7061283111228478, -0.2803604524027675]]	0.15431360716289186	0.8456863928371082	[[0.036275162522293826, 0.025295751878513083, -0.14784088364354828], [0.11148656192265631, -0.10629862650829815, 0.009167217066174618], [-0.1003371738204252, -0.10896520680920745, -0.04326343271609125]]	0.43908985799938743	1.0033764542605086	[[0.11540080170455592, 0.08240573528373019, 0.015106135528104702], [0.5880567258030122, -0.5750486070052558, 0.02433092014063726], [0.023878663337853642, -0.0031521645103047974, -0.1058753923368567]]	[[0.01218206258192499, 0.010428232427488426, 0.43577825770217665], [0.2708285853721743, -0.27258241703544145, -0.0017538309959692878], [0.3093819071209111, 0.30690161534997323, 0.017228038897318495]]	0.7913115587867433	[[0.0, 0.0, -0.8649000000000001], [0.0, -0.8649000000000001, 0.0], [-0.8649000000000001, 0.0, 0.0]]
2	[[0.388721369236936, 0.6072553768335828, 0.6929189017520486], [-0.1881814353775204, -0.6838834560027736, 0.704905075868346], [0.9019331707381749, -0.4044061398055253, -0.1515659249626253]]	0.23300241238919428	0.7669975876108059	[[0.090573016779437, 0.14149196773853406, 0.1614517756982984], [-0.043846728409823996, -0.15934649504170556, 0.1642445831827127], [0.21015260459582982, -0.09422760615968878, -0.035315226152291074]]	0.5975354095941829	0.400795824424653	[[0.11332761676223221, 0.354356789536761, 0.5884948856978376], [-0.11381768736555935, -0.5815020937245174, 0.38466709373475544], [0.688129434866872, -0.14412801385667112, -0.04015204695548033]]	[[-0.11894716582277187, -0.00849980078776383, 0.17445130592387603], [-0.001372616299231461, -0.17285751272721464, -0.03653864949925527], [0.14919242826325632, 0.09751897453442593, 0.05041396009758326]]	0.43400821358620034	[[0.0, 0.611576655048245, 0.6115766550482451], [0.0, -0.6115766550482451, 0.611576655048245], [0.8649000000000001, 0.0, 0.0]]
2	[[-0.2538643033432252, 0.48696402069590106, -0.8357146391177678], [-0.8713143736524561, 0.26000688613899875, 0.4161822694768838], [0.4199573523045962, 0.8338239992396379, 0.35829228366981253]]	0.11066833564631501	0.8893316643536852	[[-0.02809473993100567, 0.053891497690053115, -0.09248714818642416], [-0.09642691155682881, 0.028774529345583926, 0.04605819908851288], [0.046475981221982786, 0.09227791421780511, 0.03965161070865526]]	0.3394372471486812	1.1036254649410033	[[-0.07028939140458314, 0.23686206720562575, 0.15711575390926324], [-0.44127622611718376, -0.06957273421771754, 0.14126776364617155], [0.2844963142999917, 0.04165394397837977, 0.01537441949281274]]	[[0.015881608871559233, 0.07156834056015567, 0.440788430413252], [-0.1455196737235167, -0.15782875588843961, -2.1715271554614162e-10], [0.1419471467138711, -0.24137697893002677, -0.10624332695068278]]	1.0000000000000002	[[0.0, 0.0, 0.0], [0.0, 0.0, 0.0], [0.0, 0.0, 0.0]]
2	[[-0.7357259517984016, -0.6355984379310936, 0.23392723131326343], [-0.6762908134220847, 0.6707859050452003, -0.3044289823153933], [0.03657949604943121, -0.38217914031543476, -0.9233639830405582]]	0.2228463109783102	0.7771536890216946	[[-0.16395381424928324, -0.1416407671565184, 0.052129820535530516], [-0.15070891291963595, 0.14948216439557005, -0.06784087566386927], [0.00815160575206117, -0.08516721155215348, -0.2057682573108239]]	0.6275806374903259	0.6378886283094402	[[-0.45888941644173076, -0.2305710759633179, 0.3288926742033399], [-0.4044704501709586, 0.21626221964079045, -0.03436391128175475], [0.2568611949135674, -0.20826328548962586, -0.5401610851313355]]	[[0.0028379454060871103, 0.16831819690133312, 0.18208447324941507], [0.01995656964532442, -0.20471002626700174, 0.15668982351027083], [0.23390461146379055, 0.031584943025039426, 0.03932427198086446]]	0.3896457933018028	[[-0.6115766550482451, -0.611576655048245, 0.0], [-0.611576655048245, 0.6115766550482451, 0.0], [0.0, 0.0, -0.8649000000000001]]
2	[[0.5035622894699279, 0.5369873573117416, 0.6768083914308072], [0.7236893469787391, 0.16572605027924595, -0.6699317915492047], [-0.4719096838308055, 0.8271514095654997, -0.3051586406453477]]	0.10242267468361609	0.8975773253163839	[[0.05157619655731534, 0.05499968140715523, 0.06932052569865907], [0.07412219855760198, 0.01697410533435181, -0.0686162059460563], [-0.04833425202705072, 0.08471905973602162, -0.0312551641777129]]	0.36251389859471495	0.9208786913208785	[[0.16536853049842634, 0.26850423375813315, 0.5067573809620229], [0.3200428369622515, -0.1787153313698464, -2.333824588537279e-11], [0.18549504096612693, 0.28674034169064216, -0.060155647544202724]]	[[-0.01717979824259767, 0.07383885336298053, 0.26140493238282303], [0.05769539041752536, -0.23879332795527958, 0.24285958552370587], [0.35656886023623147, -0.013113540519060909, 0.050468600966005965]]	1.0000000000000002	[[0.0, 0.0, 0.0], [0.0, 0.0, 0.0], [0.0, 0.0, 0.0]]
2	[[-0.7789526709276531, -0.6132277320749256, -0.13108960702099365], [0.4894249346840115, -0.725216103161197, 0.48427764456480876], [-0.3920407756397623, 0.31307084235030797, 0.8650379632743539]]	0.15730927436421424	0.8426907256357858	[[-0.12253647942769563, -0.0964664095527194, -0.020621610957162587], [0.07699108133089483, -0.11408321894553097, 0.07618136485730097], [-0.06167164993707466, 0.0492489470347203, 0.13607849430018645]]	0.46140525739050514	0.8196188307590487	[[-0.3533931045199396, -0.39574326010376015, 0.18362477431403265], [0.2652420222957693, -0.5419559989055998, 0.014058526591384185], [0.139783202623347, 0.11990144350208566, 0.30866600161742824]]	[[0.0060197531044555355, -0.11279676054673349, 0.24411020818277426], [0.039418784334561634, -0.2073374761627685, -0.20938972464750902], [0.3206728776149849, -0.024551089094020304, -0.09046706247973345]]	0.5201053147798774	[[-0.6115766550482451, -0.611576655048245, 0.0], [0.611576655048245, -0.6115766550482451, 0.0], [0.0, 0.0, 0.8649000000000001]]
2	[[-0.22702687951129652, -0.2600962815277815, 0.9385141023526418], [0.7861776675639859, -0.6177088015181534, 0.01898714171901844], [0.574789936414178, 0.742149419498815, 0.3447183896089062]]	0.40063129301076406	0.599368706989236	[[-0.09095407228680968, -0.10420270957576684, 0.3759981183343754], [0.31496737549234627, -0.2474734758563472, 0.007606843137468961], [0.2302788354351871, 0.29732828154099833, 0.1381049741536044]]	0.7322931335250821	0.32613996634986914	[[-0.06470100019567267, -0.1095575908668466, 0.7285423772758258], [0.6177571689941651, -0.5630609368368423, 4.229253131379223e-12], [0.4983599366643307, 0.5081995781303666, 0.1363576226388559]]	[[0.10154922479607585, 0.08090913015135448, 0.041274944406530276], [0.042044661306293606, -0.11071702296709113, -0.013904153501875616], [0.07744521300890973, -0.03527134581824116, -0.11607728707157014]]	0.370455943204852	[[0.0, 0.0, 0.8649000000000001], [0.611576655048245, -0.6115766550482451, 0.0], [0.6115766550482451, 0.611576655048245, 0.0]]
2	[[-0.7099649817244492, 0.17004561671924806, -0.6833990144561036], [-0.6966343129430994, -0.02737173477805739, 0.7169040536679481], [0.1032005753632168, 0.9850559762621669, 0.13789258455366898]]	0.08415070063483092	0.9158492993651697	[[-0.05974405063830701, 0.01430945778680668, -0.05750850587963402], [-0.05862226552042584, -0.0023033506591642605, 0.06032797840410841], [0.008684400722732279, 0.08289315056698891, 0.011603757602538657]]	1.4596148527509368e-20	1.1477459092279512	[[0.04815232663412854, 2.7755575615628914e-17, 0.11625000000553719], [-2.7755575615628914e-17, -0.06809767337140854, 0.0], [0.11625000000553719, 0.0, 0.11625000001056443]]	[[0.04815232663412851, 5.551115123125783e-17, 0.11625000000553719], [-5.551115123125783e-17, -0.06809767337140858, 0.0], [0.11625000000553719, 0.0, 0.1162500000105644]]	1.0000000000000004	[[0.0, 0.0, 0.0], [0.0, 0.0, 0.0], [0.0, 0.0, 0.0]]
2	[[-0.04368688083802902, -0.7928421645001731, 0.6078591601952907], [-0.07099332237196321, 0.6093655773994191, 0.7897047177643444], [-0.9965196458782106, -0.008654205414294847, -0.08290778074109101]]	0.15872000662383992	0.8412799933761602	[[-0.006933982015987631, -0.1258399136011271, 0.0964794099325585], [-0.011268060597122414, 0.0967185084811757, 0.1253419380344342], [-0.15816760479457626, -0.0013735955406838781, -0.01315912350839608]]	0.3694238162898319	0.9549524801334958	[[-0.016964693972751525, -0.2839921730890045, 0.3351584689336169], [-0.00917570984049031, 0.1153390586387199, 0.11453284776705051], [-0.05093330576871817, -0.003197069572257515, -0.08975409147179689]]	[[-0.0008257197317677444, 0.008902605036140087, 0.11060081820754038], [0.017050914241254683, -0.1097750984798304, -0.17720288281153823], [0.3172047848194022, 1.8847266025748627e-11, -0.059125982710302415]]	0.8356341859535612	[[0.0, 0.0, 0.8649000000000001], [0.0, 0.8649000000000001, 0.0], [-0.8649000000000001, 0.0, 0.0]]
2	[[-0.09570001472736311, 0.5345101365068197, -0.8397263966034669], [0.9941363825171496, 0.008658117471247562, -0.10778631618888002], [-0.05034242879418521, -0.8451177142702161, -0.5322045554951473]]	0.13170765103818904	0.8682923489618112	[[-0.01260442414406163, 0.07039907453541501, -0.11059839121140533], [0.1309353677529366, 0.0011403403145506322, -0.014196282519296473], [-0.006630483044039377, -0.11130846899729355, -0.07009541187608902]]	0.3548654171051152	1.074284697839431	[[-0.02138776553905738, 0.11611492534539623, 0.13075485585523233], [0.4952494461244292, -0.12840648237612934, -0.03824963604267394], [0.11950422230937827, -0.06541106822703399, -0.2928965335491104]]	[[0.01257286010413397, -0.07356423719300835, 0.42874471384009716], [0.1424648240831105, -0.13147894884390873, 9.916791207030643e-12], [0.1373690093015114, 0.23449198195038776, -0.10403554197808255]]	0.9999999999999998	[[0.0, 0.0, 0.0], [0.0, 0.0, 0.0], [0.0, 0.0, 0.0]]
2	[[-0.20892554660170207, -0.8722728212278597, 0.4421427838655412], [-0.9769286190798419, 0.16569047850232185, -0.13474842691632785], [0.04427854107729115, -0.4600943280250934, -0.8867652564908058]]	0.2621827997674648	0.7378172002325356	[[-0.05477668475098221, -0.2286949304305855, 0.11592223297084867], [-0.2561338805233164, 0.04344119354854977, -0.03532871983318451], [0.011609071869262855, -0.12062881907874907, -0.2324945976832734]]	0.6089514976597173	0.6023362367165632	[[-0.1830719320389419, -0.35041714567906723, 0.3693353192733643], [-0.5928788153995093, -0.03294700199020823, -8.997906776789817e-11], [0.21601893418077509, -0.24246167033570393, -0.4955646791070436]]	[[-0.055846407536460106, 0.18075469517550471, 0.10009180885900654], [0.0020233302957998476, -0.1338444670221522, 0.08205525628801001], [0.18905545027757126, 0.03771345977991803, 0.044432351905636006]]	0.6971039325141792	[[-0.6115766550482451, -0.611576655048245, 0.0], [-0.611576655048245, 0.6115766550482451, 0.0], [0.0, 0.0, -0.8649000000000001]]
2	[[-0.3901123425915053, -0.19274962118636868, 0.9003665607352815], [0.8924450663689159, 0.1615093954769425, 0.42125588267281683], [-0.22661457073972407, 0.9678648142716957, 0.10901163985220427]]	0.12741424646256652	0.8725857535374334	[[-0.04970587016704307, -0.024559047739406266, 0.11471952687617847], [0.11371021564063058, 0.020578597921319303, 0.05367400085868035], [-0.028873924768239894, 0.1233197659880601, 0.013889635947417094]]	0.4397332607666344	0.8251037751471975	[[-0.10172323357274264, -0.20017650339292892, 0.6225883535822876], [0.3815648655762593, -0.17922998181250904, 7.359411494782905e-12], [0.2628994390975917, 0.36678105303256314, -0.019873211419326485]]	[[0.06982213890033032, -0.11541808395711342, 0.22666722994492197], [-0.010872913513239515, -0.25025103493003276, -0.1852402228974851], [0.36254940322620166, -0.058821297728422615, -0.06780925527305424]]	0.9663697193453017	[[0.0, 0.0, 0.8649000000000001], [0.611576655048245, -0.6115766550482451, 0.0], [0.6115766550482451, 0.611576655048245, 0.0]]
2	[[-0.8451655046892217, 0.03102096411427288, 0.5336037569853065], [0.3597306106374598, 0.7713925264558512, 0.5249261451846907], [-0.3953342351148118, 0.635603075758354, -0.6631135442989435]]	0.13172365007276024	0.8682763499272398	[[-0.11132828519325097, 0.004086194621908137, 0.07028823456264269], [0.0473850290760691, 0.10161063922361298, 0.0691451878623511], [-0.05207486844804583, 0.0837239571363635, -0.08734773646774179]]	0.4602442841039705	0.9414972112437668	[[-0.28854935835082773, -0.18997179947865142, 0.5045621718467538], [0.11592951065297766, 0.07540239363729019, 1.2530301239506715e-10], [0.17200495936302562, 0.2802432812803016, -0.31546834531089635]]	[[0.10043323430423318, -0.20424902089963923, 0.2589740927178621], [-0.04963444671014463, -0.27962660746453694, -0.24159425777268323], [0.3539552813852321, -0.012289401296382993, -0.01027412683538255]]	0.8214654191364752	[[-0.93, 0.0, 0.0], [0.0, 0.93, 0.0], [0.0, 0.0, -0.93]]
2	[[-0.6282958732607286, -0.7138118081737849, -0.3093816383614419], [-0.5738327107911779, 0.1566825842932765, 0.8038448779492399], [-0.5253192511888238, 0.6825857237672436, -0.5080515860024072]]	0.0937484628337865	0.9062515371662138	[[-0.058901772323004156, -0.0669187597688979, -0.02900405302538377], [-0.05379593456041762, 0.014688751430319936, 0.07535922166455407], [-0.04924787229594802, 0.06399136235546689, -0.047629055227993475]]	0.3220723718463146	1.1357357836917024	[[-0.2210884896245486, -0.30935868875259015, 0.23507824556122855], [-0.1677851822915518, -0.21886328834845653, 0.059633778074299246], [0.20839287047342187, 0.12405797251022689, -0.3231731899406043]]	[[-0.018731747502214346, -0.07945962664215288, 0.3347215236339969], [0.017030479915963227, -0.26932641989880235, -0.19926244836332369], [0.37758368768033646, -0.0957840305319226, -0.15954381061652712]]	0.9518247559876294	[[-0.6115766550482451, -0.611576655048245, 0.0], [-0.611576655048245, 0.6115766550482451, 0.0], [0.0, 0.0, -0.8649000000000001]]
2	[[0.2716390998961424, -0.9623667677143403, 0.0078996080071079], [-0.8358745486248621, -0.23185104168470852, 0.4975528448626315], [-0.4769967907321766, -0.14175788820650492, -0.8673976958480093]]	0.1801361635145679	0.8198638364854323	[[0.04893202531584155, -0.17335705742997654, 0.0014230050796693618], [-0.15057123436875305, -0.04176475715593956, 0.08962726061931349], [-0.0859243718912555, -0.025535722129447557, -0.1562496931714369]]	0.4527936195213244	0.7812295002881869	[[0.13752491062975547, -0.5135774588035135, 0.12733471173090807], [-0.3459073829470632, -0.23827246861313853, 0.03656049061551166], [0.11589140896266169, -0.06418706728798049, -0.4540038033150726]]	[[0.014528459384266466, -0.07782392674309994, 0.12375781962856995], [0.03257127939054124, -0.1332917962589299, -0.18872826291297126], [0.3318725123383396, 8.742118541141505e-12, -0.0612516610475958]]	0.6745772876453741	[[0.6115766550482451, -0.611576655048245, 0.0], [-0.611576655048245, -0.6115766550482451, 0.0], [0.0, 0.0, -0.8649000000000001]]
2	[[-0.9329322773960255, -0.042925561482400815, -0.35748393245583304], [-0.169270649991114, -0.8240132564325088, 0.5406936288463909], [-0.3177810769134181, 0.5649420761413629, 0.7614825262347359]]	0.12006844059350412	0.8799315594064965	[[-0.11201572372628706, -0.00515400522879251, -0.042922538307204466], [-0.020324062982681974, -0.09893798672822647, 0.0649202408544296], [-0.038155478355119635, 0.06783171410794983, 0.09143001946420679]]	0.3982358273222889	0.9664132692041792	[[-0.3629711592856863, -0.05241260288815182, 0.19556533995736394], [-0.12505508347816774, -0.6109667897295703, 0.08935759906460611], [0.20147094228588364, 0.07510021382335576, 0.17505417799103962]]	[[0.008555898038786881, -0.03531810639793403, 0.3379282495533379], [-0.05764544613757499, -0.28281518882963697, -0.12596597554692712], [0.3280227523578666, -0.1498799612579713, -0.12819544583551715]]	0.6728758460081321	[[-0.93, 0.0, 0.0], [0.0, -0.93, 0.0], [0.0, 0.0, 0.93]]
2	[[0.6069875784705717, -0.6928697567511047, 0.38922690010082395], [0.12403339438257666, 0.5663640199931965, 0.8147683805444849], [-0.7849724814669417, -0.44627715271657287, 0.4297149128233985]]	0.10865943424394651	0.8913405657560538	[[0.06595492686971538, -0.0752868357733159, 0.04229317475748061], [0.013477398460967027, 0.06154079398858805, 0.08853227126982025], [-0.08529466573326468, -0.04849222293018208, 0.0466925793135773]]	0.3589245558270064	1.0022869348141847	[[0.1820355344888769, -0.3377579397994921, 0.3954312247701595], [0.00414216387738222, -0.01661896705151038, 0.03671224660302786], [0.07990829404017408, -0.16017982877509757, 0.16845790625883877]]	[[-0.03582721250618331, -0.08906997011163578, 0.25572813253554866], [-0.04037646710909997, -0.21990092136396608, -0.2557281324857906], [0.3616541932871192, 3.943949896064336e-11, 0.01422267204145971]]	1.0000000000000002	[[0.0, 0.0, 0.0], [0.0, 0.0, 0.0], [0.0, 0.0, 0.0]]
2	[[-0.5981897663743452, -0.7419171441245457, 0.3028662322859456], [0.7115509511219108, -0.6655993255599615, -0.22510615667197656], [0.3685976768273374, 0.0808485563767378, 0.9260665546111073]]	0.5184746041710815	0.48152539582891873	[[-0.3101462023401303, -0.384665197627713, 0.15702844990124265], [0.36892109773048914, -0.34509634685623986, -0.11671182547697638], [0.1911085345914339, 0.041917923265232165, 0.4801419903380709]]	0.7534467211668531	0.38225277798666407	[[-0.3484233125040766, -0.5764801468089322, 0.24197299860257135], [0.46235280471761886, -0.568461464227968, -0.16708274689232305], [0.28924609152969, 0.05295540480080051, 0.5537190614326771]]	[[0.10228080560623981, -0.017485107190817552, 0.013779428934567713], [-0.07376292634834056, -0.06696783477394641, 0.002522748766648876], [0.011527380494412326, -0.007959674912325992, -0.14402274772134593]]	0.387538366455554	[[-0.6115766550482451, -0.611576655048245, 0.0], [0.611576655048245, -0.6115766550482451, 0.0], [0.0, 0.0, 0.8649000000000001]]
2	[[0.9008474576716361, -0.4254042240105299, 0.08663200448188091], [-0.049446002604253164, -0.2987906365719553, -0.9530368557004423], [0.4313107358193278, 0.8542572222058906, -0.2901993237002208]]	0.09056368633613403	0.909436313663866	[[0.08158406659327783, -0.03852617470935603, 0.007845713680567606], [-0.004478012270427063, -0.027059581490676367, -0.08631053086643047], [0.03906109019214876, 0.07736468312223128, -0.026281520526544984]]	0.3590301749371949	0.9290978613228433	[[0.29538567792486803, -0.18465678527290405, 0.40350880975247083], [-0.08813709864586587, -0.39190537124662805, -0.26503075139286514], [0.4727288573509085, 0.09791877391019017, 0.0043361433500186215]]	[[-0.02804574239470595, -0.031923832307382306, 0.3724053060281819], [-0.07038449168091569, -0.2846305167286024, 0.07713823763085928], [0.3178752884174053, -0.20878534601975315, 0.10852645730476441]]	1.0	[[0.0, 0.0, 0.0], [0.0, 0.0, 0.0], [0.0, 0.0, 0.0]]
2	[[0.15665500554066836, 0.7010445100749366, 0.6956980696630148], [0.9690588098128995, 0.026938980891129116, -0.2453554858415722], [-0.1907465133706504, 0.7126085083707178, -0.6751332323583257]]	0.16603958809336836	0.8339604119066315	[[0.02601093259273692, 0.11640114168795969, 0.11551342092419851], [0.16090212561958367, 0.004472937290818252, -0.040738723805582924], [-0.03167147251030902, 0.11832122320170357, -0.11209884380892071]]	0.4639586734037512	0.7175740529969777	[[0.06010722400131097, 0.24662253773855156, 0.5212828319442002], [0.4590996296176842, -0.14863476989088345, -9.851524781190443e-12], [0.13236098932030058, 0.2707481357112534, -0.26935936211577877]]	[[-0.012574224551394985, -0.07863314315279875, 0.19850767845379746], [0.009496389766673346, -0.16113334372798088, 0.11383480571353714], [0.22085948862013827, -0.059872762488650644, 0.043874556739976665]]	0.9634841892371622	[[0.6115766550482451, 0.611576655048245, 0.0], [0.611576655048245, -0.6115766550482451, 0.0], [0.0, 0.0, -0.8649000000000001]]
2	[[-0.497660567830157, -0.331663200144824, 0.8014570986002058], [0.5168745496181553, -0.8554231213464026, -0.033045172461446226], [0.6965448005577205, 0.39780749758604605, 0.5971386235040682]]	0.4963644794268453	0.5036355205731552	[[-0.24702102868228407, -0.16462583168492698, 0.3978148355296413], [0.25655816675020016, -0.4246016523167943, -0.01640244982639608], [0.34574009732630845, 0.19745751145139429, 0.29639840200126016]]	0.7275117792521942	0.40876845039488	[[-0.22006192141635747, -0.15223919066195887, 0.5998667092729824], [0.4176080788131517, -0.7000512325577454, -0.024040752209326204], [0.4899473167648134, 0.28940964036571537, 0.273163453335676]]	[[0.1419920037494174, 0.0890496941878787, 0.01679722947604533], [0.041575755570271156, -0.07772083553355841, 3.795947562198447e-12], [-0.01679723041779864, -2.9719802769285754e-12, -0.16126192910997467]]	0.6412692321783076	[[0.0, 0.0, 0.8649000000000001], [0.611576655048245, -0.6115766550482451, 0.0], [0.6115766550482451, 0.611576655048245, 0.0]]
2	[[0.3165442381789233, -0.7577804397575791, -0.5705861463412293], [-0.23983098085954807, -0.6459091038519906, 0.7247637754338064], [-0.9177585989222176, -0.09257556201248784, -0.3861980313548994]]	0.1449669758466734	0.8550330241533266	[[0.045888460930487256, -0.10985313870741886, -0.0827161480950955], [-0.03476757200955122, -0.09363548945725803, 0.10506681272785662], [-0.13304468864303406, -0.013420399262254084, -0.0559859606834574]]	0.4285659960886854	1.0085827756152177	[[0.15588100559467363, -0.5900913114070199, 0.05947186014560056], [-0.11728816262503161, -0.5446230892974232, 0.0033633076121456166], [0.044431173152570974, -0.03967473794059759, -0.14499851657286722]]	[[0.020220908853389286, -0.26533238242579105, 0.3040056803067339], [-0.014504759420033085, -0.26780841082234486, -0.30724580173563976], [0.4377513012686275, 6.75432905322167e-12, 0.020512827422234623]]	0.8758058323053447	[[0.0, 0.0, -0.8649000000000001], [0.0, -0.8649000000000001, 0.0], [-0.8649000000000001, 0.0, 0.0]]
2	[[-0.3892204033068475, 0.16341442670440054, -0.9065336192301567], [0.7573193366333747, 0.6170095977865081, -0.21393124736820557], [0.5243804916383139, -0.7698018455318246, -0.3639096297227603]]	0.1340913994669928	0.8659086005330078	[[-0.052191108580520805, 0.02191246916988908, -0.12155836166644983], [0.10155000969258382, 0.08273568045175911, -0.028686340349321965], [0.07031491397697115, -0.10322380677963647, -0.048797151529041474]]	0.36251093383855826	1.0212530853587227	[[-0.13078967683095333, 0.02008885711872125, 0.059191809871213974], [0.35276780847632155, 0.10144738518608397, -0.07755241623416223], [0.3020120269286577, -0.0720631116955141, -0.20584880753184345]]	[[0.01030697504083225, -0.03915065930858361, 0.38782015873438613], [0.07823126853935944, -0.1222253402948563, 2.6533583630989758e-11], [0.1119183652181303, 0.20699847419887318, -0.07392758782820175]]	0.917443619185565	[[0.0, 0.0, -0.8649000000000001], [0.0, 0.8649000000000001, 0.0], [0.8649000000000001, 0.0, 0.0]]
2	[[0.011896673231499427, 0.9993644402235865, 0.03360334481298405], [0.8317252015093325, 0.008764640468321566, -0.5551183389618117], [-0.5550600493102371, 0.0345528102194082, -0.8310923203625807]]	0.18602340921422947	0.81397659078579	[[0.0022130597128246637, 0.1859051802178682, 0.006251008763118952], [0.15472035751416455, 0.001630428300447656, -0.10326500593101036], [-0.1032541626913087, 0.006427631554924268, -0.15460262680560258]]	0.43510052469262633	0.8470202735557736	[[0.012250761638345178, 0.4990374522077342, 0.09621238911838145], [0.2992748067055928, -0.08485256938311497, -0.06625952043467101], [0.10004739974450355, 0.015033945853616351, -0.4601859070318913]]	[[0.007074512873223083, 0.06421345990729904, 0.08159155615882481], [-0.06260926487119804, -0.08866606904962387, 0.17527276011411252], [0.3415543184353028, -2.4528999693301525e-12, -0.09857720237412013]]	0.8788476010168603	[[0.6115766550482451, 0.611576655048245, 0.0], [0.611576655048245, -0.6115766550482451, 0.0], [0.0, 0.0, -0.8649000000000001]]
2	[[0.39159002759377715, 0.2136607185654068, -0.8949895796215835], [0.9173475615466772, -0.1663710136628364, 0.36165472088328326], [-0.07162891604282473, -0.9626368906056502, -0.2611503690053217]]	0.10111131594103727	0.8988886840589634	[[0.039594182999393435, 0.02160351641905713, -0.09049357414905429], [0.09275421912328631, -0.016821992125893668, 0.03656738474479622], [-0.007242493960520227, -0.09733348278252604, -0.026405257468614333]]	0.3355331141331542	1.1149864643589231	[[0.12278852046995077, 0.09444990483582064, 0.16830454505178524], [0.5053475232922237, -0.27715343586799585, 0.12134713423419312], [0.2058994785328721, -0.03365324665941132, -0.07916288586411849]]	[[-0.00860290095207311, 0.022759658567642463, 0.4686031858189382], [0.197547039224012, -0.22133045155221087, -5.047337253803588e-10], [0.22993335179470736, 0.2893433070249585, 0.008461710705259591]]	1.0	[[0.0, 0.0, 0.0], [0.0, 0.0, 0.0], [0.0, 0.0, 0.0]]
2	[[0.2973838978430522, -0.6779765432739062, -0.6722429799365989], [0.21009501085824506, -0.6403704890576759, 0.7387731202179104], [-0.931355412136606, -0.3609341262812347, -0.047996382878866456]]	0.11874702898681783	0.8812529710131823	[[0.03531345433738175, -0.08050770023652909, -0.07982685662471607], [0.024948158344369857, -0.07604209302643465, 0.08772711312119805], [-0.1105956881220151, -0.04285985515584956, -0.005699427868979096]]	0.3873964549082728	1.0661691564283264	[[0.14639361177303709, -0.3795062220436095, 0.03164107765788659], [0.03873728480559741, -0.4573483671391713, 0.05136990353153063], [0.011766400539482922, -0.09935161859103789, 0.07745068344672713]]	[[0.031188144001834797, -0.11686051266833303, 0.29206562492229793], [-0.04265277759480162, -0.2092711098503508, -0.23482818422241108], [0.3725701854608376, 0.040472982385727135, 0.09604431202242013]]	0.8198434757378397	[[0.0, 0.0, -0.8649000000000001], [0.0, -0.8649000000000001, 0.0], [-0.8649000000000001, 0.0, 0.0]]
2	[[-0.9655239015696506, 0.07817738312533667, 0.24829799086056714], [-0.2583680309547694, -0.17137329386372563, -0.9507245419840874], [-0.03177351221182961, -0.982099532083165, 0.18566354785943645]]	0.08231333584903705	0.9176866641509632	[[-0.07947549318017526, 0.006435041192994678, 0.02043823591234696], [-0.021267134504634355, -0.014106307493360523, -0.0782573085242581], [-0.0026153837817957837, -0.08083988862154373, 0.01528258596987755]]	0.3206615323647294	1.0551672500014755	[[-0.24955807288830725, 0.10365271582302157, 0.4149233589758774], [-0.081804178123521, -0.38467470909808904, -0.10541619928950069], [0.3679356303912038, -0.2188546111145499, -0.0748468360945657]]	[[0.06004830092378909, 0.07858423635378675, 0.3353037447434445], [0.0010445105964931554, -0.32972188608135594, 0.19944458919987218], [0.37812417350565863, 0.09606692977792157, -0.1343819938554449]]	1.0000000000000002	[[0.0, 0.0, 0.0], [0.0, 0.0, 0.0], [0.0, 0.0, 0.0]]
2	[[-0.10845513793664141, -0.6720147867879052, 0.7325528031436028], [-0.782694789624546, 0.5120379814051966, 0.35384455894231126], [-0.6128836344280466, -0.5349890016971353, -0.5815156220716438]]	0.15943685859586593	0.8405631414041339	[[-0.017291746491199456, -0.10714392653543425, 0.11679591768881177], [-0.12479039849708984, 0.08163772723701301, 0.056415864909001835], [-0.09771624135802486, -0.08529696581392958, -0.09271502400752361]]	0.4404430712362707	0.7860934735399009	[[-0.0558879470017263, -0.27138189456033346, 0.5056589267111808], [-0.3594961055047796, 0.06263427840324491, 4.709690822778509e-11], [-0.0067463316052523955, -0.20665636321253777, -0.24069891983681535]]	[[-0.008119632957558609, 0.024602362048719014, 0.1830111202518733], [-0.014763608521917805, -0.16288930271648042, -0.15584838423369832], [0.26319401865268427, 0.028975835772574954, 0.015425606720289909]]	0.9169807114949179	[[-0.6115766550482451, -0.611576655048245, 0.0], [-0.611576655048245, 0.6115766550482451, 0.0], [0.0, 0.0, -0.8649000000000001]]
2	[[0.2943250136427136, 0.18032690162771614, -0.9385387551367095], [0.05363968514426791, -0.9836066795264454, -0.1721647007042514], [-0.9541989155945632, 0.00032945456234623194, -0.29917272759703717]]	0.3560789359968732	0.6439210640031897	[[0.10480293769516309, 0.0642106112632099, -0.3341938813209097], [0.019099962013377877, -0.3502416198851937, -0.06130422344299131], [-0.33977013459428257, 0.0001173118298946639, -0.10652910652203552]]	0.7077029428295906	0.44689127613304325	[[0.18060557894982004, 0.1591414762715315, -0.5463780344703865], [0.08172760699560919, -0.7609065351494214, -0.016961460755705315], [-0.5393523673919807, 4.462325369881704e-11, -0.18681636797690462]]	[[-0.027689099353487755, 0.03152359731825462, 0.11782860449948343], [0.0437666439665581, -0.06480519346171382, 0.1048800045840691], [0.13593701321909568, -0.00023315591867224358, 0.02490905175787409]]	0.3538386376049111	[[0.0, 0.0, -0.8649000000000001], [0.0, -0.8649000000000001, 0.0], [-0.8649000000000001, 0.0, 0.0]]
2	[[0.34438500917845144, -0.9365203313506948, 0.06579235837042641], [0.28308685107610987, 0.17040524526154976, 0.9438346715051124], [-0.8951317222626903, -0.30641756045327384, 0.32380160352427834]]	0.1091744198817758	0.8908255801182242	[[0.03759803359303672, -0.1022440638827006, 0.0071828425577452], [0.03090584274239273, 0.018603893796241396, 0.10304260272587712], [-0.09772548649580408, -0.03345295940407492, 0.035350852221552556]]	0.34164730142907795	1.0605494933731856	[[0.09385137870613322, -0.4510776045993506, 0.2757492668331494], [0.07273287892930903, -0.17124616254957103, 0.05020396037730771], [0.09818994497148098, -0.10468673261929065, 0.11034560491324198]]	[[-0.023806830332313074, -0.13111796065991957, 0.25327148514123843], [-0.023982979810899224, -0.2294646547425398, -0.27225460813761415], [0.40400928230609184, 2.0051788012185966e-11, -0.00028033912923593196]]	1.0000000000000002	[[0.0, 0.0, 0.0], [0.0, 0.0, 0.0], [0.0, 0.0, 0.0]]
2	[[-0.8098148069570111, 0.06315897562890704, -0.5832760257636909], [0.5634097413606913, 0.3609782514293012, -0.7431447808704055], [0.16361369677706578, -0.9304330420790907, -0.32790991512058765]]	0.08614706975090897	0.9138529302490911	[[-0.0697631726602445, 0.0054409606788994105, -0.05024752047549766], [0.048536098287341005, 0.031097218604441167, -0.06401974527266682], [0.01409484054845791, -0.08015408017453789, -0.028248478329907983]]	1.7980098476696064e-20	1.173294985085554	[[0.04815232663774574, -5.551115123125783e-17, 0.1162500000073188], [5.551115123125783e-17, -0.06809767336957277, 0.0], [0.1162500000073188, 0.0, 0.1162500000152346]]	[[0.048152326637745727, -5.551115123125783e-17, 0.1162500000073188], [5.551115123125783e-17, -0.06809767336957277, 0.0], [0.1162500000073188, 0.0, 0.11625000001523463]]	1.0	[[0.0, 0.0, 0.0], [0.0, 0.0, 0.0], [0.0, 0.0, 0.0]]
2	[[-0.21241983037595796, 0.9040403184743173, 0.3709298023021392], [0.7675810831292289, -0.08054299284272853, 0.6358711403469227], [0.6047289446398354, 0.41979033918944697, -0.6768153179693851]]	0.19162139455400637	0.8083786054459938	[[-0.04070418412756657, 0.17323346655909685, 0.07107808599877774], [0.14708495758249743, -0.015433760610076999, 0.12184651466992362], [0.11587900369905768, 0.08044081021578126, -0.12969229508480679]]	0.5732070938513353	0.6392529114486882	[[-0.15362177184347633, 0.497577328811687, 0.45870156349216107], [0.27387699488260986, -0.26475995501189975, 0.3210410303841959], [0.551361275724973, 0.09734069645343205, -0.2749921350184224]]	[[-0.03186121819727986, -0.020624994865412024, 0.24608196949170155], [-0.1661059270731556, -0.21859214015443046, -0.043444818037998115], [0.20472635480018786, -0.14328610390021707, 0.1129632064688761]]	0.9338296551430938	[[0.0, 0.611576655048245, 0.6115766550482451], [0.0, -0.6115766550482451, 0.611576655048245], [0.8649000000000001, 0.0, 0.0]]
2	[[0.20805133692550554, -0.4762234029301439, -0.8543570165364966], [-0.6208270748227136, 0.6106764497540519, -0.4915770711524895], [0.7558362153076437, 0.6326812342858138, -0.16860033040298789]]	0.12420120354208015	0.87579879645792	[[0.025840226444686587, -0.059147519798829, -0.10611216970845373], [-0.0771074698844901, 0.07584675003425793, -0.06105446387082983], [0.09387576762190021, 0.07857977075678689, -0.020940363953643362]]	0.37711353144873105	0.9054805226210679	[[0.06317774260871165, -0.20748699952911454, -0.011513378030314578], [-0.2600875537364235, 0.025894325449672757, -0.18538036526724608], [0.5047173217416812, 0.018911397180091986, -0.07002705353227968]]	[[-0.015281231781895548, -0.02789671029159608, 0.31067621359376557], [-0.02596526313104447, -0.2044000270896514, 1.4293416096796611e-11], [0.21968125739017239, -0.21968125736277322, -0.00644558753058607]]	0.8319385929176044	[[0.0, 0.0, -0.8649000000000001], [0.0, 0.8649000000000001, 0.0], [0.8649000000000001, 0.0, 0.0]]
2	[[-0.7753320161399874, 0.22712083305570396, -0.5893016137262695], [0.11705836436419426, 0.9686102766043213, 0.21929767757292748], [0.6206106702923194, 0.10104582746745741, -0.7775809518440732]]	0.35488243760408517	0.6451175623959295	[[-0.27515171584023446, 0.08060119486547304, -0.20913279316319955], [0.04154195768751129, 0.34374277604970876, 0.0778248943780007], [0.22024382747644353, 0.03585938956137402, -0.2759498236249438]]	0.6575888883938465	0.5666503975135001	[[-0.5061379228612044, 0.11088451898199846, -0.13965131254582178], [0.006817870715317371, 0.6457892353984228, 0.1040666482739861], [0.39089042622662185, 3.928468098267109e-12, -0.5089619773648602]]	[[0.0037117957684495383, -0.03846761715818627, 0.24786688055313566], [-0.07015840898413495, 0.008841880319330786, -0.04014106774854744], [-0.017216254576264457, -0.0664466133572333, 0.0023666163945133684]]	0.6707334660897761	[[-0.93, 0.0, 0.0], [0.0, 0.93, 0.0], [0.0, 0.0, -0.93]]
