3	[[-0.7797112461789556, 0.3586263663473402, 0.5132616310835669], [0.12556441147624647, -0.7135152995487305, 0.6892963773882098], [0.6134198816085799, 0.6018995320403472, 0.511305194748623]]	0.4722746278763018	0.5277253721236985	[[-0.3682378386401341, 0.16937013371332044, 0.2424004458231751], [0.05930088570445124, -0.33697517257842485, 0.32553719012749954], [0.28970264631861714, 0.2842618775132754, 0.24147647058112576]]	0.6959858711970374	0.4268597837628635	[[-0.4855206349976507, 0.367200030531736, 0.3927765626511861], [0.19142664639859164, -0.4886773700466187, 0.39724086017086446], [0.3940841251222122, 0.4003975952168327, 0.24037900758105912]]	[[0.05714737595633766, 0.11760114651525462, 0.03555371918947704], [0.10403559008595276, 0.007919197322219738, -0.08249967955863044], [-0.03284744558871874, -0.018515974963357374, -0.11548218383363208]]	0.5327536836933325	[[-0.3893439999999999, 0.389344, 0.5506155652285903], [0.389344, -0.38934400000000013, 0.5506155652285903], [0.5506155652285903, 0.5506155652285903, 0.0]]
3	[[-0.22702687951129652, -0.2600962815277815, 0.9385141023526418], [0.7861776675639859, -0.6177088015181534, 0.01898714171901844], [0.574789936414178, 0.742149419498815, 0.3447183896089062]]	0.5519248501478593	0.448075149852141	[[-0.12530177645380847, -0.1435536012062363, 0.5179892553026343], [0.4339109913598468, -0.3409288377129206, 0.01047947534800544], [0.31724084952189263, 0.40961070714420433, 0.19025864552810673]]	0.7216515952583474	0.33416208531314506	[[-0.0595666130675988, -0.10724591677501259, 0.7144807841596705], [0.6080604396423406, -0.5541590422566388, 3.772076647808678e-12], [0.4945924292100992, 0.5008145228704125, 0.13191921576498244]]	[[0.10426769669825292, 0.08045297971027521, 0.037200585024430716], [0.04071407168830323, -0.10838850023594145, -0.013702101107153858], [0.07979435465836375, -0.034758789630963925, -0.11684736001117337]]	0.3742104795272693	[[0.0, 0.0, 0.8464], [0.5984951795962938, -0.598495179596294, 0.0], [0.598495179596294, 0.5984951795962938, 0.0]]
3	[[0.312078085329446, 0.25026955923460475, -0.9165000907679297], [0.9493512559049828, -0.044986478459825396, 0.310979757648975], [0.036598655285933646, -0.9671304795508722, -0.25163301443761527]]	0.42425123308946383	0.575748766910536	[[0.13239951252121648, 0.10617716911003766, -0.38882629363489996], [0.40276344095272026, -0.019085568958933482, 0.1319335456484402], [0.015527024634473568, -0.410306298507862, -0.10675561666117721]]	0.5978307509425661	0.556371265310811	[[0.21287869721032152, 0.10902638839837374, -0.5329840213470511], [0.4859030041400957, 0.02148956431409355, 0.07343467189431416], [0.05708128089079127, -0.45031128765627526, -0.08075192524411443]]	[[0.026308821105100813, -0.040592450136915065, 0.014927916155670299], [-0.08164837008584847, 0.04838386451399253, -0.11247859014891007], [0.03520147931771349, 0.1278690531930664, 0.06968202873906665]]	0.7819924799177271	[[0.0, 0.0, -0.778688], [0.5506155652285903, -0.5506155652285903, 0.0], [-0.5506155652285903, -0.5506155652285903, 0.0]]
3	[[-0.010871777499557311, -0.0840287307277911, 0.9964040229075135], [0.9413747147740295, -0.3368748437119881, -0.018137972823285553], [0.33718756032528074, 0.9377923608594283, 0.08276495076773299]]	0.6896979729665811	0.3103020270334192	[[-0.0074982429039883855, -0.05795444525391196, 0.6872178348550588], [0.6492642325816416, -0.23234189685159207, -0.012509723089943112], [0.2325575768658929, 0.6467934903482918, 0.05708281877718407]]	0.7895494387767367	0.28124916722724125	[[-1.2386265119028181e-11, -0.02758787215388916, 0.7842343834731111], [0.6985925713037455, -0.273360639539443, -7.230381030161904e-12], [0.27336063952961864, 0.6710046991585682, 0.02758787216023558]]	[[0.008583805810894869, 0.038756965033359916, -0.0024758536083994104], [-0.04466930642470024, -0.0073812957486420125, 0.014320826255942167], [0.007134390512296418, -0.06942873304710466, -0.03775914826881221]]	0.38192969740952104	[[0.0, 0.0, 0.778688], [0.778688, -1.3968135638010585e-16, 0.0], [1.5548332858651206e-16, 0.778688, 0.0]]
3	[[0.4709175022496733, 0.19115318190370978, 0.8612184201020178], [0.8821529167293078, -0.0947858233539779, -0.46132621776469945], [-0.006552677384344174, 0.9769729314260427, -0.21326264014097962]]	0.47862791078535993	0.5213720892146406	[[0.22539426025402134, 0.09149124809454731, 0.41220317314329763], [0.4222230075273596, -0.045367140603985105, -0.22080360379922984], [-0.003136294286518764, 0.46760651306229534, -0.10207345189924641]]	0.6328397093088316	0.5634360636150254	[[0.31366100991644147, 0.11458322426528114, 0.43199056860199575], [0.5541429870660358, -0.0179304705550882, -0.14076925254876468], [0.018273651953568205, 0.5544861685453414, -0.057823201594253526]]	[[0.015645714684316886, -0.006386099804120767, -0.11302264602677638], [-0.004118408322877599, 0.04205376234284146, 0.15117629699799037], [0.022420446404671113, -0.0637810973809125, 0.07713786559899799]]	0.5164722294404664	[[0.0, 0.0, 0.778688], [0.778688, -1.3968135638010585e-16, 0.0], [1.5548332858651206e-16, 0.778688, 0.0]]
3	[[-0.2538643033432252, 0.48696402069590106, -0.8357146391177678], [-0.8713143736524561, 0.26000688613899875, 0.4161822694768838], [0.4199573523045962, 0.8338239992396379, 0.35829228366981253]]	0.40661528463629604	0.5933847153637042	[[-0.10322510596290031, 0.19800701388289876, -0.33981434585959047], [-0.35428974205038993, 0.10572277401480573, 0.16922607196392309], [0.1707610783424388, 0.3390455827873999, 0.1456871189073893]]	0.5987287976504581	0.5897211623064958	[[-0.17289488690677876, 0.17289488779994042, -0.49323521227366235], [-0.49303286322136913, 0.15169056101386091, 0.04049174573694935], [0.36507719370257896, 0.41789369628215883, 0.20401854933440072]]	[[-0.020899017799717493, -0.11866449481034971, 0.007131208784205194], [0.028648144091127512, -0.003983049304981255, -0.20868856407038358], [0.11363663309277817, -0.08134074423468636, -0.01050135887466244]]	0.648850844162105	[[0.0, 0.0, -0.778688], [-0.5506155652285903, 0.5506155652285903, 0.0], [0.5506155652285903, 0.5506155652285903, 0.0]]
3	[[0.5035622894699279, 0.5369873573117416, 0.6768083914308072], [0.7236893469787391, 0.16572605027924595, -0.6699317915492047], [-0.4719096838308055, 0.8271514095654997, -0.3051586406453477]]	0.3994519556565223	0.6005480443434779	[[0.20114894132363859, 0.21450065004100294, 0.2703524355617811], [0.2890791249384486, 0.06619959488727589, -0.2676055642908073], [-0.1885052460994664, 0.33040724817498784, -0.12189621579127011]]	0.5746763488085915	0.5972606932465476	[[0.2797732171808895, 0.28579076927965397, 0.39404757864255513], [0.34710348786376705, 0.16032857682636448, -0.27975191607821476], [-0.23527907588412603, 0.34106463466185466, -0.05550561998471622]]	[[-0.009612120729383708, -0.022803164576632125, 0.0051018034120826885], [-0.06878366372964853, 0.06508973534941843, 0.10524203984008071], [0.03591625818717794, -0.1342797172991266, 0.11986183342874528]]	0.8064733979528451	[[0.0, 0.0, 0.778688], [0.778688, -1.3968135638010585e-16, 0.0], [1.5548332858651206e-16, 0.778688, 0.0]]
3	[[0.2932727100912193, 0.7663848849828426, 0.5715289367876191], [0.00018149557078206424, 0.5977709472802035, -0.8016669268761718], [-0.9560288094901268, 0.235210762206075, 0.175170810260522]]	0.5598419366557641	0.44015806334423585	[[0.16418636198575237, 0.4290543982324999, 0.3199658668259901], [0.00010160883184150858, 0.33465724480190046, -0.4488067648952311], [-0.5352250202036571, 0.13168084863572735, 0.09806796566181011]]	0.7146827362167383	0.4016013552886541	[[0.14806353333578615, 0.44591883675085936, 0.38774943999169076], [3.556897162636e-13, 0.4924461684567202, -0.5506155652162449], [-0.6306244666466121, 0.10469672846916954, 0.10469672846782159]]	[[-0.061533409569904794, -0.10180320984382933, -0.02071242437872808], [-0.0001297117507820765, 0.06522959222363289, 0.022321947618081404], [0.052632818821822115, -0.06340434265189268, -0.02049482551447143]]	0.3651936314581018	[[0.0, 0.5506155652285903, 0.5506155652285903], [0.0, 0.5506155652285903, -0.5506155652285903], [-0.778688, 0.0, 0.0]]
3	[[-0.7357259517984016, -0.6355984379310936, 0.23392723131326343], [-0.6762908134220847, 0.6707859050452003, -0.3044289823153933], [0.03657949604943121, -0.38217914031543476, -0.9233639830405582]]	0.507936012099909	0.49206398790009087	[[-0.37370170595488983, -0.3228433358596513, 0.11882006499483193], [-0.3435124587894174, 0.34071631758148746, -0.1546304432449146], [0.018580043347972485, -0.1941225484395935, -0.4690098192623091]]	0.7166160767630732	0.41704912900831753	[[-0.5636787057906316, -0.37931554158227804, 0.18301841998413335], [-0.4557792443235937, 0.4129875795428504, -0.10655471723876285], [0.10655471723335318, -0.18301841997966065, -0.6142416302992139]]	[[-0.03644566064008305, 0.07616451740463964, 0.015382405232374706], [0.02886162514184827, -0.06770838407860875, 0.11160398572106911], [0.08034126228443943, 0.09085729617387006, 0.04745584465163527]]	0.3928202200618935	[[-0.598495179596294, -0.5984951795962938, 0.0], [-0.5984951795962938, 0.598495179596294, 0.0], [0.0, 0.0, -0.8464]]
3	[[-0.7099649817244492, 0.17004561671924806, -0.6833990144561036], [-0.6966343129430994, -0.02737173477805739, 0.7169040536679481], [0.1032005753632168, 0.9850559762621669, 0.13789258455366898]]	0.31442351289502346	0.6855764871049776	[[-0.22322968358625297, 0.05346634016126666, -0.21487671883428555], [-0.21903820787877887, -0.008606317002947256, 0.22541149096295798], [0.03244868743848974, 0.309724760454588, 0.04335667083753965]]	0.5026941773618548	0.7870187138870341	[[-0.18416827948864975, 0.10519246883113961, -0.23334151947545903], [-0.2044852760859575, -0.1524969527799203, 0.2046089473413644], [0.15730446336107554, 0.5142866921796122, -0.05584433124119093]]	[[0.1727269829550465, 0.01971152742046807, 0.11019918590645439], [0.1457087367810148, -0.138737341082698, -0.15577454616462383], [0.10542613502559325, 0.019104788537123357, -0.12516213059769757]]	0.9408352674754445	[[0.0, 0.0, -0.778688], [-0.5506155652285903, 0.5506155652285903, 0.0], [0.5506155652285903, 0.5506155652285903, 0.0]]
3	[[0.23507429571004806, 0.1639243119487907, -0.9580547455383437], [0.7224674736879957, -0.6888480443340972, 0.059406407734983124], [-0.6502159833157828, -0.7061283111228478, -0.2803604524027675]]	0.5520348697928308	0.4479651302072053	[[0.1297692082239191, 0.09049193620255198, -0.5288796267076412], [0.39882723776688606, -0.38026814046103813, 0.03279440855883373], [-0.3589418956869272, -0.3898074502877857, -0.15476874583722092]]	0.7448841085074293	0.336722202689522	[[0.07981080442407691, 0.07922008895875209, -0.6750258891232807], [0.5565354725539985, -0.5561177753776155, 0.000417698445201149], [-0.4773153835184334, -0.47773308215032473, -0.11161642680123546]]	[[-0.09529230276891264, -0.04288452600991828, 0.03861386590836137], [0.018380932490301153, -0.04300581397672601, -0.04383319062009793], [0.007020169551025729, 0.04825067537227383, 0.09721961884754018]]	0.33926493430904825	[[0.0, 0.0, -0.778688], [0.5506155652285903, -0.5506155652285903, 0.0], [-0.5506155652285903, -0.5506155652285903, 0.0]]
3	[[-0.3298322266022023, -0.8762827350930389, 0.35119691125136165], [0.9222848180711871, -0.37850758052406547, -0.0782478487960887], [0.201497932123461, 0.2980949172053785, 0.9330262609842703]]	0.5585335515427017	0.44146644845729854	[[-0.18422236493736513, -0.48943330818706743, 0.19615525813204993], [0.5151270149712145, -0.21140918323594152, -0.043704048888655686], [0.11254335565742682, 0.16649601280354767, 0.5211264712301522]]	0.7342100285944786	0.4143564368932457	[[-0.1481235196324473, -0.5308280204643665, 0.2522242945588447], [0.6977182730254344, -0.33793228516018353, -0.016205835937868382], [0.18309608851379006, 0.183096088501506, 0.5854701141635102]]	[[0.09404260889253617, 0.11254755152514166, -0.005627999693310244], [0.020567510377134644, -0.060028223640382454, 0.041244519364164345], [0.03515428600769544, -0.03576818918372375, -0.0995671235931507]]	0.5007713607073722	[[1.6900361802881747e-16, -0.8464, 0.0], [0.8464, 1.5182756128272376e-16, 0.0], [0.0, 0.0, 0.8464]]
3	[[0.388721369236936, 0.6072553768335828, 0.6929189017520486], [-0.1881814353775204, -0.6838834560027736, 0.704905075868346], [0.9019331707381749, -0.4044061398055253, -0.1515659249626253]]	0.6534313268147054	0.3465686731852949	[[0.2540027200617201, 0.3967996865997321, 0.45277491734682945], [-0.1229636450006289, -0.4468708740425186, 0.4606070590030741], [0.5893513884536395, -0.26425164050513766, -0.09903792344822637]]	0.7756843599160012	0.3246663137503585	[[0.2755948291235377, 0.4434659234623512, 0.5144045046625619], [-0.17867231516797596, -0.529907092112069, 0.5144045046613398], [0.6197440930706614, -0.2600922416740137, -0.09385259899216276]]	[[-0.025930257358686527, -0.027572574822356227, -0.023081850116674293], [-0.03270291891908977, 0.0005706087145850423, -0.03237933791513818], [-0.07987136116038919, 0.05359927602713616, 0.02371471849754783]]	0.41082575463263543	[[0.3893439999999999, 0.389344, 0.5506155652285903], [-0.389344, -0.38934400000000013, 0.5506155652285903], [0.5506155652285903, -0.5506155652285903, 0.0]]
3	[[-0.7789526709276531, -0.6132277320749256, -0.13108960702099365], [0.4894249346840115, -0.725216103161197, 0.48427764456480876], [-0.3920407756397623, 0.31307084235030797, 0.8650379632743539]]	0.4347847270511425	0.5652152729488579	[[-0.3386767244150379, -0.2666220521103878, -0.056995759007864], [0.2127944866386109, -0.3153128854660348, 0.2105565235090801], [-0.17045334162945217, 0.13611842073895034, 0.3761052947511164]]	0.6425862361016187	0.5578484745657616	[[-0.363462183659117, -0.39239186136657467, -0.0983147385240529], [0.33325226270358227, -0.5563540762088625, 0.28746904657713546], [-0.17821317651694846, 0.0945771540237848, 0.4069226365505748]]	[[0.1370820812535865, 0.001659838860583627, -0.014078361356392219], [0.018754536070702803, -0.09034019011822644, -0.02372110227192238], [0.07370682989976557, -0.10659786019526285, -0.14893885235490217]]	0.5200526525929092	[[-0.598495179596294, -0.5984951795962938, 0.0], [0.5984951795962938, -0.598495179596294, 0.0], [0.0, 0.0, 0.8464]]
3	[[-0.04368688083802902, -0.7928421645001731, 0.6078591601952907], [-0.07099332237196321, 0.6093655773994191, 0.7897047177643444], [-0.9965196458782106, -0.008654205414294847, -0.08290778074109101]]	0.6411985264137134	0.3588014735862869	[[-0.028011963616955144, -0.5083692275561703, 0.3897583977842976], [-0.04552081369011502, 0.3907243102757493, 0.506357501332455], [-0.6389669284794239, -0.005549063758928013, -0.0531603468394204]]	0.7654123566856305	0.30424201812202384	[[-1.0197145828779279e-11, -0.5621078172755142, 0.474037395084038], [-0.03923700287708021, 0.4740373950907266, 0.522870814399451], [-0.7394509970915377, 8.576561373953586e-13, -0.039237002881721855]]	[[0.03343847840828292, 0.04474337233429913, 0.00877448274601219], [0.015102163308586878, 0.007621452410337386, -0.08157893471031617], [0.02329745354363328, 0.006624035762254649, 0.024221636962892173]]	0.2597446406658534	[[0.0, -0.5506155652285903, 0.5506155652285903], [0.0, 0.5506155652285903, 0.5506155652285903], [-0.778688, 0.0, 0.0]]
3	[[-0.6282958732607286, -0.7138118081737849, -0.3093816383614419], [-0.5738327107911779, 0.1566825842932765, 0.8038448779492399], [-0.5253192511888238, 0.6825857237672436, -0.5080515860024072]]	0.3440325891928874	0.6559674108071136	[[-0.21615425605709448, -0.2455745245624831, -0.10643736609422437], [-0.19741715325706324, 0.053903915155848706, 0.27654883467031854], [-0.1807269421393598, 0.23483173389374495, -0.17478630257596114]]	0.5021186877899296	0.7544653251088139	[[-0.32313628607812656, -0.32919098467399693, -0.10756394935461644], [-0.2378939711728087, 0.0074086027642848344, 0.25866547420379243], [-0.1574691843961346, 0.16736846066691516, -0.3523489090281431]]	[[-0.007657186652621299, 0.029227263775179858, 0.04778235292572939], [0.050238156580596396, -0.07126465086059014, -0.14496006109873705], [0.10630342868158613, -0.17537058725523164, -0.09724671333502166]]	0.9209836351538514	[[-0.5506155652285903, -0.5506155652285903, 0.0], [-0.5506155652285903, 0.5506155652285903, 0.0], [0.0, 0.0, -0.778688]]
3	[[-0.3901123425915053, -0.19274962118636868, 0.9003665607352815], [0.8924450663689159, 0.1615093954769425, 0.42125588267281683], [-0.22661457073972407, 0.9678648142716957, 0.10901163985220427]]	0.4445284261823697	0.5554715738176305	[[-0.17341602568651932, -0.08568268575322446, 0.40023853023088757], [0.39671720080719475, 0.07179551738503125, 0.1872602145446122], [-0.10073661848092286, 0.4302434226454885, 0.048458772699059655]]	0.6401681902701262	0.5375128891583881	[[-0.10590743531960718, -0.07877595741361712, 0.6419106646483252], [0.46647683346405394, 0.047660236827923044, 0.2813412664206494], [-0.08940389068421616, 0.48834299267020537, 0.022002136985183215]]	[[0.14383007703923617, 0.04461621875651299, 0.06552463288268222], [-0.10483810958883766, -0.05573294058617342, 0.011666650369347423], [0.05566754895507437, -0.13125327390823793, -0.04778364721738111]]	0.4851158465375963	[[0.0, 0.0, 0.778688], [0.778688, -1.3968135638010585e-16, 0.0], [1.5548332858651206e-16, 0.778688, 0.0]]
3	[[-0.20892554660170207, -0.8722728212278597, 0.4421427838655412], [-0.9769286190798419, 0.16569047850232185, -0.13474842691632785], [0.04427854107729115, -0.4600943280250934, -0.8867652564908058]]	0.5112015333271568	0.4887984666728459	[[-0.10680305977400723, -0.4459072036912869, 0.22602406906159975], [-0.4994074080247969, 0.08470122666809446, -0.06888360245304917], [0.0226352580921968, -0.23520092596155834, -0.45331575881934955]]	0.6940356398442001	0.4348837651083768	[[-0.1285416153908254, -0.49715691803689877, 0.2592783343920664], [-0.7239153804790874, 0.08255157175272158, -0.03251987171669387], [0.03251987181691243, -0.2592783342045366, -0.5178807268227564]]	[[0.016460160024686508, 0.10823150756268513, -0.04758451551055028], [-0.04589210125389827, -0.03244352551072894, 0.06100033897617875], [0.0017889862289668292, 0.060043527135046314, 0.09756596535744519]]	0.5045577926733112	[[-1.5548332858651206e-16, -0.778688, 0.0], [-0.778688, 1.3968135638010585e-16, 0.0], [0.0, 0.0, -0.778688]]
3	[[-0.09570001472736311, 0.5345101365068197, -0.8397263966034669], [0.9941363825171496, 0.008658117471247562, -0.10778631618888002], [-0.05034242879418521, -0.8451177142702161, -0.5322045554951473]]	0.4420100653047527	0.5579899346952474	[[-0.04230036975930759, 0.23625886034343171, -0.37116751940082304], [0.43941828735823574, 0.003826975068882333, -0.04764263665760556], [-0.022251860238917644, -0.37355053607478156, -0.235239770329897]]	0.6093504821003799	0.5741488090881591	[[-0.0689718037803475, 0.2928076984964941, -0.4651145135273236], [0.6216933250150306, 0.03344268094922896, -2.1173638616849103e-11], [-0.03552912280833031, -0.3288856265668617, -0.3213767550263674]]	[[-0.010656953669215288, -0.03289631087147636, 0.046573171075413894], [0.01591584105467804, 0.028166852894042523, 0.06567964371234442], [-0.004852939552489526, 0.1860872600552655, 0.0029223474406190183]]	0.8339569343100517	[[0.0, 0.0, -0.778688], [0.5506155652285903, -0.5506155652285903, 0.0], [-0.5506155652285903, -0.5506155652285903, 0.0]]
3	[[-0.8451655046892217, 0.03102096411427288, 0.5336037569853065], [0.3597306106374598, 0.7713925264558512, 0.5249261451846907], [-0.3953342351148118, 0.635603075758354, -0.6631135442989435]]	0.4176523900972256	0.5823476099027766	[[-0.3529853930611794, 0.012955979805445366, 0.22286088446977256], [0.15024234932386923, 0.3221739323774232, 0.2192366591609094], [-0.1651122881829588, 0.26546114374362534, -0.2769509566822987]]	0.6066740144559658	0.6233666279995069	[[-0.4936311032385766, 0.0017313760957128452, 0.34546866698232687], [0.17126531328079644, 0.45317641186462115, 0.2517473213945678], [-0.06382246344332602, 0.21475538222645896, -0.3886367889626227]]	[[0.01910884637093562, -0.017088236735787507, 0.02174513360326521], [-0.04697390039732721, -0.01480738888167991, -0.06671173039752396], [0.17601654402565553, -0.170848487344421, 0.013656966997341424]]	0.8179866445068067	[[-0.92, 0.0, 0.0], [0.0, 0.92, 0.0], [0.0, 0.0, -0.92]]
3	[[-0.5981897663743452, -0.7419171441245457, 0.3028662322859456], [0.7115509511219108, -0.6655993255599615, -0.22510615667197656], [0.3685976768273374, 0.0808485563767378, 0.9260665546111073]]	0.5622695267065124	0.43773047329348774	[[-0.3363438768199821, -0.41715740148235564, 0.1702924530828034], [0.4000834165148856, -0.3742462177587737, -0.12657033217067426], [0.20725124129482714, 0.04545867952885316, 0.5206990033599177]]	0.7512595784790705	0.3549972882003127	[[-0.4141673786500204, -0.5823798469265277, 0.1522479831567072], [0.47241712697978366, -0.5830221448004427, -0.15133963668328587], [0.19779603310645122, 0.04137691673231374, 0.6264557428751337]]	[[0.03522841308686355, -0.02500748596512527, -0.07528317484597608], [-0.062142340626445275, -0.0829842760443131, 0.01777351969114728], [-0.079116502215219, -0.019361335651914953, -0.06926062658557247]]	0.39077474320391736	[[-0.598495179596294, -0.5984951795962938, 0.0], [0.5984951795962938, -0.598495179596294, 0.0], [0.0, 0.0, 0.8464]]
3	[[0.15665500554066836, 0.7010445100749366, 0.6956980696630148], [0.9690588098128995, 0.026938980891129116, -0.2453554858415722], [-0.1907465133706504, 0.7126085083707178, -0.6751332323583257]]	0.4490505121636429	0.5509494878363572	[[0.07034601047103547, 0.3148043962986603, 0.31240357449343464], [0.4351563548631727, 0.012096963166328124, -0.11017700657931738], [-0.08565481952251977, 0.31999721565604033, -0.30316892376920185]]	0.6448679252147926	0.5417851515659677	[[0.11167866491036818, 0.3448771389740437, 0.452808772760525], [0.618024084777193, -0.02184775143011108, -0.08983091347769602], [-0.1270400961618945, 0.36297785928213855, -0.3013050431308233]]	[[0.01065687651284554, -0.1072039797212014, 0.004175402001000147], [-0.006890859317967759, -0.03921983614477447, 0.06839096961702607], [-0.0040337878426074366, -0.0965605110012942, 0.13406672366364675]]	0.7306278821756542	[[0.0, 0.0, 0.778688], [0.778688, -1.3968135638010585e-16, 0.0], [1.5548332858651206e-16, 0.778688, 0.0]]
3	[[0.9008474576716361, -0.4254042240105299, 0.08663200448188091], [-0.049446002604253164, -0.2987906365719553, -0.9530368557004423], [0.4313107358193278, 0.8542572222058906, -0.2901993237002208]]	0.3866889268382168	0.6133110731617832	[[0.34834773665198104, -0.16449910285507618, 0.0334996368429421], [-0.019120221683478357, -0.11553903060531709, -0.36852879896807256], [0.16678308556777738, 0.330331808498592, -0.11221686505081466]]	0.5902288439281951	0.6556235383531086	[[0.605944956161259, -0.2983909751148562, 0.16644371634250252], [-0.062080024942369305, -0.07934012156927425, -0.385494570003106], [0.16736770555677855, 0.38457058097971253, -0.03611126517415528]]	[[0.07423880266407594, -0.04730513177495055, 0.11531100848997973], [-0.03289556798839065, 0.0970147304311605, 0.1770152715579282], [-0.08720433141968231, -0.11963667170018155, 0.13517274616217026]]	0.7009154331843058	[[0.3893439999999999, -0.389344, 0.5506155652285903], [0.389344, -0.38934400000000013, -0.5506155652285903], [0.5506155652285903, 0.5506155652285903, 0.0]]
3	[[0.6069875784705717, -0.6928697567511047, 0.38922690010082395], [0.12403339438257666, 0.5663640199931965, 0.8147683805444849], [-0.7849724814669417, -0.44627715271657287, 0.4297149128233985]]	0.4824794710804125	0.5175205289195884	[[0.2928590458128616, -0.33429543376488846, 0.18779398889091345], [0.059843566518013556, 0.273259012805294, 0.3931090172981474], [-0.378733107670848, -0.2153195645979655, 0.20732862385439793]]	0.6602477812504997	0.4962509974128959	[[0.34526912468993887, -0.33116678070320743, 0.21149583629869342], [0.02868962518091771, 0.4640409723506613, 0.5263326664361015], [-0.4277672956457495, -0.22385551091896097, 0.2644287679318907]]	[[-0.055493077241869665, 0.1262989388872827, -0.045490360895885686], [-0.05320314826114682, 0.09010038477003934, -0.01161634905145729], [0.09050904358549744, 0.07079798898494648, -0.01928954983000995]]	0.6461440164339547	[[0.0, -0.5506155652285903, 0.5506155652285903], [0.0, 0.5506155652285903, 0.5506155652285903], [-0.778688, 0.0, 0.0]]
3	[[-0.9329322773960255, -0.042925561482400815, -0.35748393245583304], [-0.169270649991114, -0.8240132564325088, 0.5406936288463909], [-0.3177810769134181, 0.5649420761413629, 0.7614825262347359]]	0.3762507660339801	0.6237492339660201	[[-0.3510164840280801, -0.01615077539019203, -0.1345036034313468], [-0.06368821172622637, -0.310035618954886, 0.20343639204314706], [-0.1195653736197767, 0.212559888913015, 0.2865083838173098]]	0.5909877190721616	0.632231200267937	[[-0.3771710220393775, 0.016457066048555968, -0.15634582153815554], [-0.04870065511745637, -0.6172741323516896, 0.23445157160833632], [-0.12935660973446853, 0.2996092927678058, 0.27324126139557897]]	[[0.17418049662769683, 0.041825545718931836, 0.05492279230886391], [0.051336220226654246, -0.13029241744741693, -0.08509172282044221], [0.05844810407488752, -0.03426453621886992, -0.1767855598971951]]	0.670407476645206	[[-0.92, 0.0, 0.0], [0.0, -0.92, 0.0], [0.0, 0.0, 0.92]]
3	[[0.2716390998961424, -0.9623667677143403, 0.0078996080071079], [-0.8358745486248621, -0.23185104168470852, 0.4975528448626315], [-0.4769967907321766, -0.14175788820650492, -0.8673976958480093]]	0.4701824009593176	0.5298175990406827	[[0.12771992418359654, -0.4524879174473861, 0.0037142566594190757], [-0.39301350217322417, -0.10901227944423476, 0.23394059120165087], [-0.22427549631634433, -0.06665206423185611, -0.4078351312203969]]	0.654166594841698	0.5026365385113655	[[0.24280527381074288, -0.6323680553625534, 0.055741787579854665], [-0.45560661255197077, -0.18706348638317558, 0.17676144295263918], [-0.2499784298237331, -5.7221888878369006e-11, -0.556179849953886]]	[[0.06510804880581975, -0.002819863938052505, 0.050574127909260636], [0.09119459463679683, -0.03539427993378922, -0.14872100732494817], [0.062056936519952983, 0.09273327496277774, 0.011242747112540872]]	0.5561851222587346	[[1.5548332858651206e-16, -0.778688, 0.0], [-0.778688, -1.3968135638010585e-16, 0.0], [0.0, 0.0, -0.778688]]
3	[[0.2973838978430522, -0.6779765432739062, -0.6722429799365989], [0.21009501085824506, -0.6403704890576759, 0.7387731202179104], [-0.931355412136606, -0.3609341262812347, -0.047996382878866456]]	0.4908898859145118	0.5091101140854885	[[0.14598274768498867, -0.3328118279804428, -0.3299972797279086], [0.10313351591141212, -0.3143513963165425, 0.3626562527004782], [-0.4571929520096018, -0.17717891207284905, -0.023560938915715916]]	0.6819573934074287	0.4402574216760354	[[0.14611243879915178, -0.38492725400497385, -0.477496862984839], [0.06545659828530785, -0.3955613977093129, 0.4681572120928155], [-0.6098259413410925, -0.14868655647293938, 0.05482245466681545]]	[[-0.056690709015237054, 0.0774238622374773, -0.019055792650833573], [-0.07781924768748655, 0.04114399182350027, -0.03565457929046377], [0.025318767855488807, 0.09745513947759882, 0.08755394282787221]]	0.39620435922673275	[[0.0, -0.5506155652285903, -0.5506155652285903], [0.0, -0.5506155652285903, 0.5506155652285903], [-0.778688, 0.0, 0.0]]
3	[[-0.497660567830157, -0.331663200144824, 0.8014570986002058], [0.5168745496181553, -0.8554231213464026, -0.033045172461446226], [0.6965448005577205, 0.39780749758604605, 0.5971386235040682]]	0.5230875552437333	0.47691244475626665	[[-0.2603200497674847, -0.17348889252806904, 0.4192322343395173], [0.27037064452746645, -0.4474611892440534, -0.017285518475465257], [0.36435391684147195, 0.20808815136991216, 0.3123557827103514]]	0.7167888144471344	0.41925321548955385	[[-0.21455132063479046, -0.14772824521851013, 0.5910251351865103], [0.40918579985102405, -0.6874659584267466, -0.023686409967702944], [0.48272587016780777, 0.28514396456558416, 0.26593113142643876]]	[[0.14216620777727548, 0.090004226809041, 0.01654965165062877], [0.03869590421232992, -0.07430823342619203, 2.4137282872537202e-11], [-0.0165496516332765, -7.29895988748492e-12, -0.1620911545756359]]	0.6388752268495833	[[0.0, 0.0, 0.8464], [0.5984951795962938, -0.598495179596294, 0.0], [0.598495179596294, 0.5984951795962938, 0.0]]
3	[[0.39159002759377715, 0.2136607185654068, -0.8949895796215835], [0.9173475615466772, -0.1663710136628364, 0.36165472088328326], [-0.07162891604282473, -0.9626368906056502, -0.2611503690053217]]	0.4121205725083987	0.5878794274916086	[[0.16138230636052578, 0.08805397765772835, -0.3688436179426941], [0.37805780225381, -0.06856491739953485, 0.1490453506207867], [-0.029519749887720784, -0.3967224664741012, -0.10762543958524573]]	0.5904571323253935	0.5767480517387491	[[0.2546145392711872, 0.11142822707929197, -0.4905250425564543], [0.4582818110085753, -0.033861297420673786, 0.1012480123394451], [-0.023681082663480624, -0.4481015962718197, -0.05633529763046264]]	[[0.02339741453094376, -0.014729268095420975, 0.03792793808801564], [-0.08337259952796838, 0.06437365420875357, -0.11229359704523921], [0.018612721694742002, 0.12029422162582595, 0.097862800358138]]	0.7224473600239436	[[0.0, 0.0, -0.778688], [0.5506155652285903, -0.5506155652285903, 0.0], [-0.5506155652285903, -0.5506155652285903, 0.0]]
3	[[0.3165442381789233, -0.7577804397575791, -0.5705861463412293], [-0.23983098085954807, -0.6459091038519906, 0.7247637754338064], [-0.9177585989222176, -0.09257556201248784, -0.3861980313548994]]	0.5034988807700825	0.4965011192299175	[[0.15937966963730632, -0.38154160328740194, -0.2872894860657236], [-0.12075463043677354, -0.32521451086868414, 0.364917749753621], [-0.4620904273744557, -0.04661169185994903, -0.1944502765428011]]	0.7038581930631544	0.4116531166372458	[[0.1463422363874648, -0.5478652025589061, -0.39395363230463776], [-0.1279740277719537, -0.5089393752062219, 0.43287945966492375], [-0.5938157941069475, -0.01298828487523597, -0.16799432083155094]]	[[-0.07646001912170487, -0.014495231492534363, 0.007658101645968245], [0.040832973056411814, -0.05431096048591863, -0.07725146170954494], [0.052156114998616755, 0.052171782924679715, 0.10383432768245603]]	0.4292577927766005	[[0.0, -0.5506155652285903, -0.5506155652285903], [0.0, -0.5506155652285903, 0.5506155652285903], [-0.778688, 0.0, 0.0]]
3	[[0.011896673231499427, 0.9993644402235865, 0.03360334481298405], [0.8317252015093325, 0.008764640468321566, -0.5551183389618117], [-0.5550600493102371, 0.0345528102194082, -0.8310923203625807]]	0.46302389920074993	0.5369761007992508	[[0.00550844402716529, 0.4627296198348993, 0.015559151741495922], [0.3851086458663805, 0.004058238004734158, -0.25703305782394165], [-0.25700606832218653, 0.015998776916133606, -0.38481560677008114]]	0.6497564510527403	0.5013482469389778	[[0.007238676678466233, 0.6941778537091751, 0.008222025096930551], [0.4954138401463363, 0.0009833483059075515, -0.1987640136327881], [-0.2810947637358613, 1.4568527162801466e-11, -0.49841219822234417]]	[[-0.0004912634997667917, 0.04483436172118885, -0.01361196497225538], [-0.045004975037492456, -0.004711533379542383, 0.16192770820533078], [0.07955908402511737, -0.022450911327492926, 0.04159539835363332]]	0.5585999048010832	[[-1.5548332858651206e-16, 0.778688, 0.0], [0.778688, 1.3968135638010585e-16, 0.0], [0.0, 0.0, -0.778688]]
3	[[-0.3892204033068475, 0.16341442670440054, -0.9065336192301567], [0.7573193366333747, 0.6170095977865081, -0.21393124736820557], [0.5243804916383139, -0.7698018455318246, -0.3639096297227603]]	0.49103683676733056	0.5089631632326715	[[-0.19112155564509886, 0.08024250317107486, -0.44514140081001397], [0.37187169148318727, 0.3029744411521721, -0.10504812299337477], [0.25749013787657304, -0.37800106316760146, -0.17869303344823273]]	0.6443003629542127	0.5019053439695048	[[-0.19496331405388753, 0.1120600811834665, -0.45735460091936564], [0.47031907226756986, 0.4098702678448101, -0.04930012312465564], [0.33392797966245213, -0.4075591142024781, -0.22095933984602328]]	[[0.055811533065899296, 0.006772106745866542, 0.12672533898082008], [-0.017622051197556946, 0.012330760044730197, 0.0885358572019267], [-0.003930561426222235, 0.08842449427649933, 0.013507766666884309]]	0.458052735312762	[[0.0, 0.0, -0.778688], [0.5506155652285903, 0.5506155652285903, 0.0], [0.5506155652285903, -0.5506155652285903, 0.0]]
3	[[0.2943250136427136, 0.18032690162771614, -0.9385387551367095], [0.05363968514426791, -0.9836066795264454, -0.1721647007042514], [-0.9541989155945632, 0.00032945456234623194, -0.29917272759703717]]	0.5626442519461984	0.4373557480538022	[[0.16560027713005954, 0.10145989467210276, -0.5280634358064105], [0.030180060522625753, -0.5534206444114411, -0.096867479239284], [-0.5368745350725767, 0.00018536571578162513, -0.1683278155215383]]	0.764830058643974	0.3629931877683143	[[0.19193823277729677, 0.13348362075625364, -0.5999369277361255], [0.04248946543355782, -0.7918751605193647, -0.09099415533395036], [-0.6376279409643991, -9.25432580831852e-12, -0.209537945625057]]	[[-0.033170384667448316, -0.00443581399075858, 0.11788572339472622], [0.0014642218990230174, -0.03958320613454948, 0.040682582802104475], [0.09217207160780692, -0.0002519767614941257, 0.019278349167662502]]	0.3581272147461952	[[0.0, 0.0, -0.8464], [0.0, -0.8464, 0.0], [-0.8464, 0.0, 0.0]]
3	[[-0.21241983037595796, 0.9040403184743173, 0.3709298023021392], [0.7675810831292289, -0.08054299284272853, 0.6358711403469227], [0.6047289446398354, 0.41979033918944697, -0.6768153179693851]]	0.4961718729017557	0.5038281270982443	[[-0.10539674507911237, 0.4485593779961016, 0.18404493472333028], [0.3808521436201877, -0.039963167607889344, 0.31550137463010774], [0.30004949305984935, 0.2082881588216913, -0.33581672392546735]]	0.6734685027751074	0.480390088054864	[[-0.18418695652595193, 0.6059793554289924, 0.2372542831553786], [0.45696072189208725, -0.15134126843709012, 0.38627291668996977], [0.3862729166989358, 0.2372542831519315, -0.2959991741529435]]	[[-0.041128891402913204, -0.0028633243022377942, -0.012555255435709775], [-0.05998096092145008, -0.09709809963827147, -0.0419662681573726], [-0.020992980232425226, -0.04546128806143974, 0.15981462469515656]]	0.7082848200068746	[[-0.3893439999999999, 0.389344, 0.5506155652285903], [0.389344, -0.38934400000000013, 0.5506155652285903], [0.5506155652285903, 0.5506155652285903, 0.0]]
3	[[-0.9655239015696506, 0.07817738312533667, 0.24829799086056714], [-0.2583680309547694, -0.17137329386372563, -0.9507245419840874], [-0.03177351221182961, -0.982099532083165, 0.18566354785943645]]	0.3060389761138112	0.6939610238861892	[[-0.295487946249788, 0.023925326286935493, 0.07598886289408456], [-0.07907068765393907, -0.05244690738730593, -0.2909587653950819], [-0.009723933144847872, -0.30056073524058485, 0.056820282088559396]]	0.5048605403335141	0.7880816699631954	[[-0.34739032850210233, -0.10058957379703062, 0.1888072850717363], [-0.22872706848927846, -0.27454706565626075, -0.47560500173809106], [0.13231460244765725, -0.34746750710952123, -0.1087227204933247]]	[[0.14006459014924164, -0.1400582496836003, 0.06345142724215014], [-0.09828724477656042, -0.18802745191749154, 0.0043783042363411025], [0.14835579499117457, 0.14835579331930987, -0.20245691958584514]]	0.8299264930520762	[[-0.3893439999999999, -0.389344, 0.5506155652285903], [-0.389344, -0.38934400000000013, -0.5506155652285903], [0.5506155652285903, -0.5506155652285903, 0.0]]
3	[[-0.10845513793664141, -0.6720147867879052, 0.7325528031436028], [-0.782694789624546, 0.5120379814051966, 0.35384455894231126], [-0.6128836344280466, -0.5349890016971353, -0.5815156220716438]]	0.48138700125497447	0.5186129987450263	[[-0.052208893622015154, -0.32349918301083047, 0.3526413971662245], [-0.37677909767525386, 0.24648842839729726, 0.17033617113962862], [-0.29503421489556797, -0.25753675123137565, -0.2799340614919895]]	0.6633213980051251	0.5153036322201222	[[1.7393211185183512e-11, -0.3922628410006837, 0.4655933444851487], [-0.49589597096064153, 0.35644289719445515, 0.13514854660328413], [-0.4124232581499817, -0.2387816765679901, -0.2571142944213579]]	[[0.07194061373436494, 0.05349894685158586, -0.020324605008639498], [0.0232822311044394, 0.01679714753703796, -0.09956412091083655], [-0.005884428946708262, 0.11608797595512006, 0.12861746097302496]]	0.685329385973412	[[0.0, 0.0, 0.778688], [-0.5506155652285903, 0.5506155652285903, 0.0], [-0.5506155652285903, -0.5506155652285903, 0.0]]
3	[[0.34438500917845144, -0.9365203313506948, 0.06579235837042641], [0.28308685107610987, 0.17040524526154976, 0.9438346715051124], [-0.8951317222626903, -0.30641756045327384, 0.32380160352427834]]	0.4410450706990369	0.5589549293009631	[[0.1518893107207986, -0.4130476757516527, 0.029017395348941086], [0.12485406024683066, 0.07515639344386699, 0.4162736294221746], [-0.39479343373029896, -0.13514395461354053, 0.14281110111882694]]	0.6119844343957296	0.5611717684157057	[[0.21955854872660904, -0.4767336642963881, -0.016086380678261365], [0.09453793090524429, 0.16685447670464612, 0.4705986603903658], [-0.540506389640415, -0.0884029270047799, 0.2220997508492716]]	[[0.008800283670166276, 0.09640220098536867, -0.05635027990314799], [-0.078706815535437, 0.06256911906519105, -0.1070134672137697], [0.007300291118193156, 0.09911985041813617, 0.023938209660035886]]	0.7229162199324297	[[0.0, -0.5506155652285903, 0.5506155652285903], [0.0, 0.5506155652285903, 0.5506155652285903], [-0.778688, 0.0, 0.0]]
3	[[-0.8098148069570111, 0.06315897562890704, -0.5832760257636909], [0.5634097413606913, 0.3609782514293012, -0.7431447808704055], [0.16361369677706578, -0.9304330420790907, -0.32790991512058765]]	0.3166026186140169	0.683397381385983	[[-0.2563894884749943, 0.019996297073090825, -0.18466671713156138], [0.17837699946744084, 0.11428665966522583, -0.23528158363291019], [0.05180052484073872, -0.2945775375672458, -0.10381713779667813]]	0.48938778129085675	0.8096560016101265	[[-0.3335171250515357, 0.01158963718718897, -0.10324987241971993], [0.21292949687845258, 0.050783542708967164, -0.1814876878116986], [0.15541645497123877, -0.3828275474941242, -0.26314304825190904]]	[[0.06279634658163927, -0.019319593764445087, 0.1821982877089212], [-0.06279634640371164, -0.1258748028522715, 0.18219828767634902], [0.07534591091671558, 0.07251501460866436, -0.10266794242777177]]	0.9052465845015712	[[0.0, 0.0, -0.778688], [0.5506155652285903, 0.5506155652285903, 0.0], [0.5506155652285903, -0.5506155652285903, 0.0]]
3	[[-0.3545391490451308, -0.715389506691908, 0.6020962095126183], [0.903927370327887, -0.4269561203702776, 0.02497559709940833], [0.23920138161487575, 0.5531060702916478, 0.7980328151398695]]	0.48085366694680787	0.5191463330531971	[[-0.17048144989455644, -0.34399766758807027, 0.28952017019891785], [0.4346567906757514, -0.20530341610542643, 0.012009607449437328], [0.11502086148825937, 0.2659630821102742, 0.3837370055038902]]	0.6942196243276827	0.45039218221323035	[[-0.1755181631444282, -0.3921032010362182, 0.37124009700519894], [0.6894870301438982, -0.3538229664576856, -6.88062505451429e-11], [0.17830480333477303, 0.29738382922334144, 0.4648052046174046]]	[[0.07060987171513869, 0.1045342335474044, -0.04674690737177286], [0.06196291069536228, -0.05742164896982665, -0.017338549704517273], [0.012246510051431299, -0.08659325910788716, -0.08920483651015937]]	0.6646050613494303	[[-0.5506155652285902, -0.5506155652285905, 0.0], [0.5506155652285905, -0.5506155652285902, 0.0], [0.0, 0.0, 0.778688]]
