3	[[0.7682057170631343, 0.5541913911831843, 0.3205181402198053], [0.09030813392978146, -0.589450211148092, 0.8027408607536998], [0.6338015598100375, -0.5877247234172788, -0.5028670125057387]]	0.5109208962694558	0.4890791037305444	[[0.39249235348121664, 0.28314796228812905, 0.16375941547172215], [0.04614031272782599, -0.3011624301860031, 0.4101370800483946], [0.32382246099512346, -0.300280842448074, -0.2569252647337757]]	0.7314523452991483	0.4460206923982306	[[0.5664472909148787, 0.516063052756926, 0.3071772810012546], [0.012599712825585908, -0.37121328775699186, 0.4570949160364976], [0.3762263440898545, -0.38804585294982247, -0.24919526384985963]]	[[0.004541417496835186, 0.11069845993138855, 0.07273353562655659], [-0.05345638353694243, 0.059941451624358204, -0.13007176922925312], [-0.08736929328745592, 0.04184677438403923, 0.11862799182103909]]	0.639778253591108	[[0.47059599999999985, 0.47059599999999996, 0.665523245598529], [-0.47059599999999996, -0.47059600000000007, 0.6655232455985289], [0.665523245598529, -0.6655232455985289, 0.0]]
3	[[-0.9377842524711256, -0.012787777579644166, -0.34698295139926694], [-0.21556114428834758, -0.7619772552868597, 0.6106750817731164], [-0.2722022940576928, 0.6474775171155194, 0.7118137227812147]]	0.41246413400620713	0.5875358659937933	[[-0.3868023695801609, -0.005274499605251931, -0.14311802256381637], [-0.08891124070428041, -0.31428828873432124, 0.25188156876271817], [-0.11227368349300919, 0.2670612533855419, 0.2935976307406883]]	0.6358645632756986	0.6302909207840474	[[-0.3588060091814209, 0.04211767790068848, -0.1953866885998912], [-0.0647226448225511, -0.6733564248656169, 0.31029165324442226], [-0.1511319779107631, 0.4171319758396686, 0.2128332847286909]]	[[0.23749776496295877, 0.050248972506635695, 0.02524747425571682], [0.07234504804956897, -0.1888420902066224, -0.07801499093059187], [0.02195181492287504, 0.005423967188175164, -0.2397838372412353]]	0.7596422013498094	[[-0.98, 0.0, 0.0], [0.0, -0.98, 0.0], [0.0, 0.0, 0.98]]
3	[[0.8875576111457726, 0.3128668588496867, -0.3381653671367607], [-0.3273769476023962, 0.9447770405743245, 0.014855227435465884], [0.3241385831334306, 0.09752267550242714, 0.9409694504536801]]	0.628742887410433	0.3712571125895675	[[0.5580455351748997, 0.19671281220818432, -0.21261906935577626], [-0.20583592730714462, 0.5940218444497855, 0.009340118590913842], [0.20379982868043925, 0.061316688583386764, 0.5916278492432544]]	0.784308827188776	0.355579208855049	[[0.5508796299672764, 0.2623709818847224, -0.25504623408927307], [-0.2623709818858322, 0.7593489592063546, -0.04371495202641701], [0.2550462340913092, 0.04371495202813995, 0.6666148485558416]]	[[-0.14523963909293636, 0.01698674275408837, 0.010179848405621677], [-0.005606352063155551, 0.018351986558623527, -0.055366038033949794], [0.0008214821072965998, -0.032772943219480294, -0.07139579754995146]]	0.5521236126646403	[[0.6929646455628166, 0.6929646455628165, 0.0], [-0.6929646455628165, 0.6929646455628166, 0.0], [0.0, 0.0, 0.98]]
3	[[0.1500697479079782, -0.48793689800337037, 0.859881767645811], [0.7237996175280507, -0.5382464804175793, -0.4317462680606933], [0.6734932697726708, 0.6871741481494608, 0.2723940265240403]]	0.7094720910893958	0.2905279089106067	[[0.10647029785753304, -0.34617761134612657, 0.6100621157813209], [0.5135156281773287, -0.38187085598336856, -0.3063119276210606], [0.47782467844024984, 0.48753087983017346, 0.1932559595982716]]	0.8335769821487098	0.2576199466090135	[[0.2010737371025672, -0.36877419355601654, 0.6647898213257921], [0.5908269632337294, -0.517028274598844, -0.3507597828630072], [0.5728125525353344, 0.5728125525423603, 0.1401972654211339]]	[[0.07597904952961715, 0.03795877336063596, -0.05198782755310062], [-0.012515737625693971, -0.06835839780019363, 0.00913396832099362], [0.011404065220764446, -8.267777578008492e-11, -0.08686412516411106]]	0.4095276318280964	[[0.47059599999999985, -0.47059599999999996, 0.665523245598529], [0.47059599999999996, -0.47059600000000007, -0.6655232455985289], [0.665523245598529, 0.6655232455985289, 0.0]]
3	[[0.6438892552647056, -0.6636492387928785, 0.380757553837473], [-0.15091110836074634, -0.5980263899765946, -0.7871405683007917], [0.7500883043535569, 0.4493708098454942, -0.48521480905966874]]	0.5383054959254425	0.4616945040745577	[[0.3466091248763314, -0.3572460326089427, 0.20496388384583933], [-0.08123627902678966, -0.3219208924328529, -0.42372209398219246], [0.4037766566629155, 0.24189877664829645, -0.261193798421234]]	0.7512822380940787	0.400473682315443	[[0.43161091780231897, -0.6300332954731916, 0.2973933214721712], [-0.00595655530489423, -0.40166986318803755, -0.5257567537836981], [0.5133547628683064, 0.30098308619708214, -0.2721405759123098]]	[[-0.05213164297767858, -0.13144541004344584, 0.011336934253927889], [0.10742027993762533, 0.04761674151290052, 0.06560797406396544], [-0.05017325719462602, -0.0366212215577895, 0.09239269179442912]]	0.6525105832312695	[[0.47059599999999985, -0.47059599999999996, 0.665523245598529], [0.47059599999999996, -0.47059600000000007, -0.6655232455985289], [0.665523245598529, 0.6655232455985289, 0.0]]
3	[[0.5403191569681028, 0.6036400661371987, -0.5862370503193712], [0.4146608078153325, 0.41521567174819174, 0.8097236321095203], [0.7321964374914798, -0.6805987191352745, -0.02595689573522414]]	0.5300083540460782	0.4699916459539219	[[0.28637366704422873, 0.3199342778896425, -0.31071053412059796], [0.21977369223762142, 0.22006777475739597, 0.429160289486579], [0.38807022867326124, -0.360723006894756, -0.013757371584771947]]	0.6869270701571977	0.4767284505548695	[[0.3167200855881521, 0.348718242779228, -0.3235923062846091], [0.30671842839529195, 0.319778592595773, 0.43968252126438606], [0.4996284426213981, -0.39768270689459895, 0.05869533778193484]]	[[-0.05443976985775374, -0.06593845928189496, 0.07910979310887409], [0.021876694573688894, 0.034555707718435164, -0.11653856097765132], [-0.0033371109641615556, 0.06983897719373673, 0.07652583211970825]]	0.7285468343876984	[[0.0, 0.6655232455985289, -0.665523245598529], [0.0, 0.665523245598529, 0.6655232455985289], [0.9411919999999999, 0.0, 0.0]]
3	[[0.6569714475509829, -0.30708792903278176, -0.688538685147845], [0.5770443935784932, 0.7925721197384169, 0.19710201128598737], [0.4851889167555201, -0.5268077816962367, 0.6979006205770957]]	0.5526490189886154	0.4473509810113847	[[0.3630746259925812, -0.1697118427232124, -0.3805202288826675], [0.31890301802403465, 0.4380142044511638, 0.10892823317788397], [0.26813917886908706, -0.291139803749994, 0.3856940933134779]]	0.7802617718737187	0.36134005342033687	[[0.41503045664560295, -0.21962848441445207, -0.45000020365929316], [0.4490163766164856, 0.7127831716961925, 0.1381700596165183], [0.3549846276744394, -0.3675579518164595, 0.44877164097619265]]	[[-0.09757924909096864, 0.01998048721369694, 0.08724021081776492], [-0.0012293043668652687, 0.09436944521138639, -0.015621104949359903], [-0.02358973620671299, 0.04349002136670917, -0.09577353382705966]]	0.7706934048347042	[[0.0, 0.0, -0.9411919999999999], [0.6655232455985289, 0.665523245598529, 0.0], [0.665523245598529, -0.6655232455985289, 0.0]]
3	[[-0.16743794764991254, 0.7773753727082936, -0.606343189615771], [-0.9312695185128573, 0.07714504854866044, 0.35606983215832233], [0.3235762932843136, 0.6242885321636675, 0.711028980445465]]	0.5045564419030533	0.4954435580969469	[[-0.0844818951057895, 0.39222975207675664, -0.30593436232468174], [-0.4698780347136167, 0.03892403120615037, 0.17965732758282058], [0.1632625032237121, 0.3149888005093798, 0.35875425246351944]]	0.691645479488474	0.48710912688041985	[[-0.17538330042920672, 0.4816190074687013, -0.3337788467581069], [-0.66819545523719, 0.03698575686341462, 0.06248516959317339], [0.27485422691620354, 0.3120452207020884, 0.4917799795770128]]	[[-0.059575600842316966, -0.05604915493065748, 0.08559567935826347], [-0.024087102572365033, -0.016371267230185244, -0.18378892020135015], [0.0510541463964716, -0.11974112046540689, -5.333917716183761e-10]]	0.7413883531876898	[[-1.8793106481542857e-16, 0.9411919999999999, 0.0], [-0.9411919999999999, -1.6883138712052142e-16, 0.0], [0.0, 0.0, 0.9411919999999999]]
3	[[-0.8598553706683427, -0.29151891260974605, 0.4191246415132833], [0.4738316458013455, -0.15002286318554503, 0.8677423073463686], [-0.19008501511164744, 0.9447274020120526, 0.2671288507772275]]	0.3766016792291082	0.623398320770892	[[-0.3238229764878651, -0.10978651201587421, 0.15784304380020056], [0.17844579348067857, -0.056498862198435154, 0.32679321008478324], [-0.07158633588733683, 0.35578592601149167, 0.10060117377324575]]	0.596725143748985	0.7275803971194333	[[-0.2873195228651175, 0.029177370515261123, 0.3884460037233043], [0.2862695955345375, -0.3047697908994593, 0.6644733182183145], [0.0402131058195455, 0.40738109321925287, -9.524658871570703e-12]]	[[0.22577779680028617, 0.2031340355478599, 0.1383437917675484], [0.0035223385809113952, -0.21524737629943058, 0.14666966512997695], [0.1536416137865713, -0.15636150154999423, -0.15940250188906688]]	0.952534598574525	[[-0.47059599999999985, 0.47059599999999996, 0.665523245598529], [0.47059599999999996, -0.47059600000000007, 0.6655232455985289], [0.665523245598529, 0.6655232455985289, 0.0]]
3	[[0.406855499873406, -0.3245501708658478, -0.8538944834191807], [-0.8488954288502084, 0.21093624421169652, -0.4846467288191305], [0.33740947393335186, 0.9220483108106712, -0.18968858540040373]]	0.49480810964162136	0.505191890358379	[[0.2013154007896571, -0.1605900565299955, -0.42251391517405407], [-0.42004034243278454, 0.10437296425329307, -0.2398071317309894], [0.16695294397213575, 0.4562369816704785, -0.09385945036256725]]	0.6711675225918314	0.5370940160617762	[[0.3433326480404541, -0.14345394296172365, -0.5424962721944434], [-0.5270567356492016, 0.26854716589453265, -0.1413355881439625], [0.27066552102787395, 0.5249383808719122, -0.061538923570326316]]	[[0.07026445013755914, 0.07437359117506319, 0.030609972796839358], [0.04269430627172312, 0.12697360944214298, 0.1839435561698086], [0.04420724030901318, -0.09391049960486898, 0.0657738943568115]]	0.6926865646050024	[[0.0, 0.0, -0.9411919999999999], [-0.6655232455985289, 0.665523245598529, 0.0], [0.665523245598529, 0.6655232455985289, 0.0]]
3	[[-0.3165369632697661, -0.9278010874929129, 0.1974575724831094], [-0.8157660753724355, 0.3724826131232639, 0.4424730649342605], [-0.48407650341181413, -0.021020108654157543, -0.8747731670991965]]	0.5705412864893207	0.42945871351068	[[-0.18059740624535525, -0.5293488260643966, 0.11265769743157149], [-0.46542822611733325, 0.21251670928625083, 0.2524491517044657], [-0.27618563101582855, -0.011992839833688386, -0.4990942081431133]]	0.773170965347703	0.35979669108338636	[[-0.19585371862821596, -0.784426740583818, 0.13139057892558756], [-0.5914221621328013, 0.3272442975404264, 0.194027237444795], [-0.273161492065232, 5.183174312123354e-12, -0.6725474286188814]]	[[0.04888347083129963, -0.06707787811627322, -0.021277883006392256], [0.03930448186081211, 0.03925155597667763, -0.14808008931078417], [0.101112405379821, 0.016252137705031724, 0.0038017854474720063]]	0.6022237200775217	[[-1.8793106481542857e-16, -0.9411919999999999, 0.0], [-0.9411919999999999, 1.6883138712052142e-16, 0.0], [0.0, 0.0, -0.9411919999999999]]
3	[[0.39514561495520173, 0.8903073900525152, 0.22630221872432854], [-0.7137866099724287, 0.4526453451835295, -0.5344350913887965], [-0.5782461572771092, 0.04964818930798781, 0.814350317058141]]	0.6073217828898152	0.3926782171101854	[[0.2399805393756857, 0.5407030714466717, 0.13743826694757935], [-0.4334981565713344, 0.2749013780536379, -0.3245740725411254], [-0.3511814871867179, 0.0301524268477794, 0.4945726864526344]]	0.7622674860140699	0.4129311823361749	[[0.1917811777403246, 0.6994112484188507, 0.21486082770921106], [-0.461244425991765, 0.3690428671200056, -0.328939171856199], [-0.3368187504303072, 0.09077234937041763, 0.5782819290180488]]	[[-0.10942547678106067, 0.020758872423772737, 0.04235800436281074], [0.0828518987424237, 0.024006037790985996, 0.0784433216944389], [0.10395949417461112, 0.05292714892146733, -0.04247083990062156]]	0.6657830704534321	[[0.6929646455628166, 0.6929646455628165, 0.0], [-0.6929646455628165, 0.6929646455628166, 0.0], [0.0, 0.0, 0.98]]
3	[[-0.28551340625994115, -0.7402800071091643, -0.6086605013636927], [-0.9037881084920453, 0.4192574902120425, -0.08596634137539147], [0.31882463799746885, 0.5255555802915186, -0.7887599015101034]]	0.5493646773784057	0.4506353226215949	[[-0.15685098031720202, -0.40668368727520954, -0.33437657996464387], [-0.49650926264017153, 0.23032525584881888, -0.04722687139509397], [0.1751509943937661, 0.288721671811271, -0.4333168288221215]]	0.7738094437482782	0.38790902842214825	[[-0.11696973587913671, -0.5151493564462035, -0.3616831153289119], [-0.7680836049737587, 0.36876979088457257, 1.3221471075729214e-11], [0.2518000550726747, 0.2721517294792969, -0.5635998073711208]]	[[0.10396323420154448, 0.057686304072910255, 0.10930412866287494], [-0.06872383147522124, 0.04434438559629272, 0.0665215668139878], [0.005090539290607123, -0.1345281417648867, 0.0467500532673594]]	0.7221169634751069	[[-0.665523245598529, -0.6655232455985289, 0.0], [-0.6655232455985289, 0.665523245598529, 0.0], [0.0, 0.0, -0.9411919999999999]]
3	[[-0.9506790929980296, 0.17724456833992716, -0.25454591949280275], [0.013897849357551978, -0.7954843399685079, -0.6058147527488101], [-0.30986466710433175, -0.579473060511755, 0.7537870125051647]]	0.42539169447037267	0.5746083055296274	[[-0.40441099026798866, 0.07539836726179143, -0.10828172001356241], [0.005912029687703014, -0.3383924313038492, -0.2577085642069663], [-0.13181385579600963, -0.24650302711102826, 0.32065473451933213]]	0.64820048354825	0.6075658155239037	[[-0.4025811178834691, 0.0476363693593868, -0.13383502700247693], [-0.03791080880171337, -0.691931953662041, -0.3851739352884392], [-0.16926982842280802, -0.2996267571319238, 0.26276848026214783]]	[[0.21364952989706543, -0.06725364554485483, 0.031161761097991823], [-0.046919401475559314, -0.17629861983939424, 0.007515480384003012], [0.031584598628737366, 0.07598796089498003, -0.2258366257360906]]	0.7003203291621137	[[-0.98, 0.0, 0.0], [0.0, -0.98, 0.0], [0.0, 0.0, 0.98]]
3	[[-0.7789526709276531, -0.6132277320749256, -0.13108960702099365], [0.4894249346840115, -0.725216103161197, 0.48427764456480876], [-0.3920407756397623, 0.31307084235030797, 0.8650379632743539]]	0.5054295738675315	0.4945704261324687	[[-0.393705716529939, -0.3099434313063825, -0.06625656421508297], [0.24736983617748431, -0.36654566598263544, 0.2447682435259632], [-0.19814900217030154, 0.15823526243946529, 0.4372157691569938]]	0.7129416765845009	0.47831699013925777	[[-0.45336214611884934, -0.4113671942536741, -0.07245788345050333], [0.37155640601232, -0.6455194300792936, 0.328790704300174], [-0.17600035719527019, 0.11969940051483659, 0.4875664481921107]]	[[0.10198567707228669, 0.02582841317993477, 0.021001360761847287], [0.022624972516440953, -0.12848264560547074, -0.016471011548253887], [0.10350185067883022, -0.1035018507201139, -0.12915516765394885]]	0.5272260465161326	[[-0.665523245598529, -0.6655232455985289, 0.0], [0.6655232455985289, -0.665523245598529, 0.0], [0.0, 0.0, 0.9411919999999999]]
3	[[-0.2538643033432252, 0.48696402069590106, -0.8357146391177678], [-0.8713143736524561, 0.26000688613899875, 0.4161822694768838], [0.4199573523045962, 0.8338239992396379, 0.35829228366981253]]	0.48525845671038254	0.5147415432896176	[[-0.12318980005418953, 0.23630340915637543, -0.4055375960285626], [-0.42281266826816444, 0.1261705403018826, 0.20195596579657735], [0.20378785666350688, 0.404620147039106, 0.1738643606248521]]	0.6811748457018076	0.5268996781478991	[[-0.18891528809455863, 0.2043975836713654, -0.5610889913575456], [-0.5503127610408326, 0.1805701565785614, 0.07189105608197588], [0.4413765007637121, 0.5194755398676998, 0.2107578020740439]]	[[-0.01598931043554028, -0.12731005798849698, 0.008178798994241572], [0.043204672989646885, 0.0034600060314214673, -0.21160183711276848], [0.15531211610628884, -0.048504394156824504, -0.03330188897088878]]	0.6731457622698185	[[0.0, 0.0, -0.9411919999999999], [-0.6655232455985289, 0.665523245598529, 0.0], [0.665523245598529, 0.6655232455985289, 0.0]]
3	[[-0.7357259517984016, -0.6355984379310936, 0.23392723131326343], [-0.6762908134220847, 0.6707859050452003, -0.3044289823153933], [0.03657949604943121, -0.38217914031543476, -0.9233639830405582]]	0.590404358438659	0.4095956415613409	[[-0.43437580855820723, -0.3752600879713211, 0.138111656924839], [-0.3992850438164249, 0.39603492191790673, -0.17973619799405363], [0.02159669389707386, -0.22564023014657247, -0.5451581200124258]]	0.787299049062241	0.3557191040331896	[[-0.6387086378349309, -0.4039652034584944, 0.22855109749944544], [-0.5040687175734332, 0.4570563243783815, -0.12844758310630214], [0.1284475824939247, -0.2285510971927426, -0.6775889209333301]]	[[-0.059472295613637344, 0.09644084231010144, 0.0443804107367503], [0.028374396723303514, -0.07105278078805945, 0.11122906517759266], [0.09964858003903151, 0.0723381765490239, 0.049374664852824476]]	0.38576217877382796	[[-0.665523245598529, -0.6655232455985289, 0.0], [-0.6655232455985289, 0.665523245598529, 0.0], [0.0, 0.0, -0.9411919999999999]]
3	[[0.312078085329446, 0.25026955923460475, -0.9165000907679297], [0.9493512559049828, -0.044986478459825396, 0.310979757648975], [0.036598655285933646, -0.9671304795508722, -0.25163301443761527]]	0.5096423618705921	0.49035763812941	[[0.15904821249535137, 0.12754796927263662, -0.4670872709135805], [0.483829616304226, -0.02292701513450505, 0.15848845818216728], [0.018652225121209932, -0.4928906618353457, -0.12824284380260456]]	0.6832029014886152	0.4765464467822764	[[0.26733706500276166, 0.13551297137858492, -0.6215565098649686], [0.5750197943868129, 0.024025415708367907, 0.09321371056334994], [0.06632467653776702, -0.5327205335771876, -0.09843057143540429]]	[[0.054124411614672685, -0.03547191764477391, 0.0045990113622603156], [-0.07357973817933185, 0.05476030831987577, -0.11924856216665608], [0.04132036905583555, 0.12802581617004402, 0.07348583413870104]]	0.8266718765150254	[[0.0, 0.0, -0.9411919999999999], [0.6655232455985289, -0.665523245598529, 0.0], [-0.665523245598529, -0.6655232455985289, 0.0]]
3	[[-0.010871777499557311, -0.0840287307277911, 0.9964040229075135], [0.9413747147740295, -0.3368748437119881, -0.018137972823285553], [0.33718756032528074, 0.9377923608594283, 0.08276495076773299]]	0.8111419555586948	0.18885804444130502	[[-0.008818554861389903, -0.06815922896565563, 0.8082251076677512], [0.763588527055315, -0.2732533195070715, -0.014712470745750167], [0.27350697707231364, 0.7606827294955221, 0.06713412401745832]]	0.8896985558731242	0.16499862269144014	[[0.003298129570936193, -0.04238922173805168, 0.9095699797575917], [0.8210689519954947, -0.3080346261478547, -0.004664259776244937], [0.30940075607121037, 0.7833439900361147, 0.03909109208659838]]	[[0.0129707343120663, 0.03237101864231572, 0.02307075951060556], [-0.016470772274433443, -0.008317564187314374, 0.011473068451098153], [0.009405470591426142, -0.05100851912936608, -0.03454476508836388]]	0.34723172016108533	[[0.0, 0.0, 0.9411919999999999], [0.9411919999999999, -1.6883138712052142e-16, 0.0], [1.8793106481542857e-16, 0.9411919999999999, 0.0]]
3	[[-0.22702687951129652, -0.2600962815277815, 0.9385141023526418], [0.7861776675639859, -0.6177088015181534, 0.01898714171901844], [0.574789936414178, 0.742149419498815, 0.3447183896089062]]	0.636320982300037	0.3636790176999632	[[-0.14446196697914043, -0.16550472135434496, 0.5971962155114707], [0.5002613456866674, -0.39306107135741064, 0.01208191666971581], [0.36575089695524554, 0.4722452476288881, 0.21935154429282597]]	0.8317042809661978	0.25923494431851346	[[-0.12548052993976133, -0.12397255621848209, 0.7809342572249165], [0.7142927483993771, -0.5867298893848389, 0.0010662984503618982], [0.4623156578978538, 0.5898785169040519, 0.17638996882398214]]	[[0.06333869764418114, 0.09235063459156362, 0.00036806055107641635], [0.060425416686389746, -0.0729788347716915, -0.014725388600657623], [-0.01573959287410683, -0.027370332409691507, -0.11031379154151874]]	0.3656389403684078	[[0.0, 0.0, 0.9603999999999999], [0.6791053526515601, -0.6791053526515602, 0.0], [0.6791053526515602, 0.6791053526515601, 0.0]]
3	[[0.388721369236936, 0.6072553768335828, 0.6929189017520486], [-0.1881814353775204, -0.6838834560027736, 0.704905075868346], [0.9019331707381749, -0.4044061398055253, -0.1515659249626253]]	0.7615643714865323	0.23843562851346792	[[0.29603634524631134, 0.46246405939008484, 0.5277023479039373], [-0.14331227655871465, -0.5208212743407897, 0.5368305910613432], [0.6868801682960732, -0.30798130768628956, -0.11542720838293666]]	0.8716758718386687	0.21889294317474992	[[0.32341238405773975, 0.5358278895786843, 0.5925240624044854], [-0.18775211323847463, -0.5995394174368287, 0.5925240623126018], [0.7068996245419937, -0.31639702900930067, -0.11458697191234785]]	[[-0.015426654374187283, 0.006498029548552136, -0.011476625393724106], [-0.02371889649192234, -0.0034147096895692426, -0.021924684258441726], [-0.07929375840141965, 0.03611404548259121, 0.01752938787048291]]	0.3850427642208572	[[0.47059599999999985, 0.47059599999999996, 0.665523245598529], [-0.47059599999999996, -0.47059600000000007, 0.6655232455985289], [0.665523245598529, -0.6655232455985289, 0.0]]
3	[[0.2932727100912193, 0.7663848849828426, 0.5715289367876191], [0.00018149557078206424, 0.5977709472802035, -0.8016669268761718], [-0.9560288094901268, 0.235210762206075, 0.175170810260522]]	0.6686904711128413	0.331309528887159	[[0.19610866667543708, 0.5124742697929376, 0.3821759539951341], [0.00012136435873120542, 0.39972373635436886, -0.5360670350084111], [-0.6392873550154013, 0.15728319539039073, 0.11713505163832658]]	0.8133283174425345	0.29604807684044854	[[0.19053057966151066, 0.5297065669981549, 0.4413708098729886], [0.01181705930458601, 0.5606975139069578, -0.6557850390761074], [-0.7419548076123044, 0.13789553145003908, 0.12398035988701839]]	[[-0.04799642018879295, -0.09361596201833079, -0.023469858654206397], [0.011669443817378567, 0.07451347513951943, -0.0037666262905826633], [0.035610495436889635, -0.05340804201940388, -0.018491020487217402]]	0.32474070977396974	[[0.0, 0.6655232455985289, 0.665523245598529], [0.0, 0.665523245598529, -0.6655232455985289], [-0.9411919999999999, 0.0, 0.0]]
3	[[-0.7099649817244492, 0.17004561671924806, -0.6833990144561036], [-0.6966343129430994, -0.02737173477805739, 0.7169040536679481], [0.1032005753632168, 0.9850559762621669, 0.13789258455366898]]	0.3728662743141631	0.6271337256858373	[[-0.26472199762911813, 0.0634042755695601, -0.25481644439021817], [-0.2597514408265002, -0.010205996768209663, 0.2673093435318887], [0.038480014042760725, 0.36729415185977493, 0.05141549425807732]]	0.5736501295254156	0.7384864253754166	[[-0.21720447676716353, 0.12124850150101588, -0.29692252654960566], [-0.2579339191784087, -0.17137950609963973, 0.2393223966822887], [0.1891913918733964, 0.6185048172921063, -0.06785112049816322]]	[[0.19006702695757605, 0.023701811444790076, 0.09510940661067971], [0.141690444673249, -0.15567770689887173, -0.1719297065616253], [0.1299903684491896, 0.05342732891952928, -0.14695321948796977]]	1.0000000000000004	[[0.0, 0.0, 0.0], [0.0, 0.0, 0.0], [0.0, 0.0, 0.0]]
3	[[0.4709175022496733, 0.19115318190370978, 0.8612184201020178], [0.8821529167293078, -0.0947858233539779, -0.46132621776469945], [-0.006552677384344174, 0.9769729314260427, -0.21326264014097962]]	0.5711526601976428	0.4288473398023571	[[0.2689657841435304, 0.10917764834954784, 0.49188719165247874], [0.503843985091054, -0.054137175157648355, -0.2634876964952253], [-0.003742579119485101, 0.5580006887250735, -0.12180552423729318]]	0.721555731358373	0.48656506850431314	[[0.385367943707452, 0.14632550618050807, 0.49971726370400177], [0.6475996019289718, -0.024292951202183107, -0.17626192367080887], [0.018225315242318962, 0.6432870819266827, -0.0773537876325019]]	[[0.045574720962230905, 0.008397832210496827, -0.1216998232720122], [0.011077108928433563, 0.04410030289040192, 0.1566106527831907], [0.022953437164734827, -0.06165333612576934, 0.07652709264584008]]	0.5163991850635614	[[0.0, 0.0, 0.9411919999999999], [0.9411919999999999, -1.6883138712052142e-16, 0.0], [1.8793106481542857e-16, 0.9411919999999999, 0.0]]
3	[[0.5035622894699279, 0.5369873573117416, 0.6768083914308072], [0.7236893469787391, 0.16572605027924595, -0.6699317915492047], [-0.4719096838308055, 0.8271514095654997, -0.3051586406453477]]	0.47754943360620666	0.5224505663937935	[[0.24047588612180865, 0.256438008337916, 0.3232094639877097], [0.3455974377565428, 0.07914238144464761, -0.31992554760911424], [-0.22536020222668557, 0.3950056871445797, -0.14572833600022547]]	0.6561941275805837	0.5255289300300455	[[0.3502074933364115, 0.3440568044588575, 0.4527827920804413], [0.4135795258265307, 0.1790553575389138, -0.3314821266561233], [-0.27100579495403776, 0.4010048480140856, -0.07571191284750299]]	[[0.01977287611521071, -0.008311145994123952, 0.008665100126284343], [-0.06130117385354533, 0.07030689655854809, 0.10812318083800453], [0.03865856832414662, -0.14176704956279743, 0.12453139512444766]]	0.8546278862657541	[[0.0, 0.0, 0.9411919999999999], [0.9411919999999999, -1.6883138712052142e-16, 0.0], [1.8793106481542857e-16, 0.9411919999999999, 0.0]]
3	[[-0.3298322266022023, -0.8762827350930389, 0.35119691125136165], [0.9222848180711871, -0.37850758052406547, -0.0782478487960887], [0.201497932123461, 0.2980949172053785, 0.9330262609842703]]	0.6409025785344051	0.3590974214655953	[[-0.21139032451309522, -0.5616118644463102, 0.22508300599431613], [0.5910947180449583, -0.24258648435269292, -0.05014924805818323], [0.12914054426727653, 0.19104980108492747, 0.5979789365051338]]	0.8121747542066408	0.314470970231837	[[-0.19975776106874982, -0.6190207380814134, 0.255225503919937], [0.769232286755209, -0.3826354486836213, -0.07064842686466732], [0.15361415123351452, 0.22085997559007084, 0.6724995753240798]]	[[0.06812364650132277, 0.09267397690829834, -0.030007761153769366], [0.020175841329726087, -0.07522114750613816, -0.00709749950150575], [-0.010037382262003819, -0.021245190521456406, -0.08528079885916129]]	0.5060436105099525	[[-1.8793106481542857e-16, -0.9411919999999999, 0.0], [0.9411919999999999, -1.6883138712052142e-16, 0.0], [0.0, 0.0, 0.9411919999999999]]
3	[[-0.7797112461789556, 0.3586263663473402, 0.5132616310835669], [0.12556441147624647, -0.7135152995487305, 0.6892963773882098], [0.6134198816085799, 0.6018995320403472, 0.511305194748623]]	0.5477062393059533	0.45229376069404814	[[-0.42705271438923625, 0.19642189842806088, 0.28111659774081965], [0.06877241160032002, -0.39079678140309576, 0.37753192662651364], [0.33597389647133846, 0.32966412913383075, 0.280045045353365]]	0.7765901057703789	0.36353502566314305	[[-0.5433792067170031, 0.418968745570306, 0.43596151811953726], [0.20846507003682205, -0.5663865075708001, 0.48061493185688364], [0.42835659255811914, 0.4622550174250759, 0.26555784993470327]]	[[0.062136832423465814, 0.14046305779657908, 0.0373676137484732], [0.11095299044748867, -0.012277585625467716, -0.05468581476616494], [-0.04801921818194133, -0.0051742038252787165, -0.13151670533607385]]	0.5360187204201828	[[-0.47059599999999985, 0.47059599999999996, 0.665523245598529], [0.47059599999999996, -0.47059600000000007, 0.6655232455985289], [0.665523245598529, 0.6655232455985289, 0.0]]
3	[[0.23507429571004806, 0.1639243119487907, -0.9580547455383437], [0.7224674736879957, -0.6888480443340972, 0.059406407734983124], [-0.6502159833157828, -0.7061283111228478, -0.2803604524027675]]	0.6516759669135982	0.3483240330864206	[[0.15319226895336896, 0.10682553448988585, -0.6243412526548497], [0.4708146894792378, -0.44890571534797347, 0.03871372820155555], [-0.4237301296299797, -0.46016684991607465, -0.18270416890390753]]	0.841948151162234	0.24729088934492724	[[0.14337991800498973, 0.1219513975209873, -0.7509235503418877], [0.6529345321179892, -0.6453730754556076, 0.01200804171141463], [-0.5309831345962803, -0.5429911763097162, -0.16490386365977763]]	[[-0.05454045065384939, -0.016064373854838394, 0.05570887137632567], [0.04465437837153137, -0.06539873809679385, -0.03800907344824404], [0.01646501041257696, 0.0515322497234762, 0.07114510089973979]]	0.2887541821338671	[[0.0, 0.0, -0.9411919999999999], [0.6655232455985289, -0.665523245598529, 0.0], [-0.665523245598529, -0.6655232455985289, 0.0]]
3	[[-0.6282958732607286, -0.7138118081737849, -0.3093816383614419], [-0.5738327107911779, 0.1566825842932765, 0.8038448779492399], [-0.5253192511888238, 0.6825857237672436, -0.5080515860024072]]	0.40869563754519866	0.5913043624548017	[[-0.2567817824893108, -0.2917317720288758, -0.12644292593490755], [-0.23452292558109025, 0.06403548867997001, 0.3285278948809071], [-0.21469568627938257, 0.27896980755430434, -0.2076384668471031]]	0.5692019252999801	0.701340321730474	[[-0.36402820891491505, -0.37573974206633415, -0.13059947710072484], [-0.2748896485380415, 0.0011495892047756414, 0.3090761571641396], [-0.1949335469432555, 0.2082260636957123, -0.39164116988336084]]	[[-0.006400988196875971, 0.030563313448043895, 0.045501147107070226], [0.05173703524440426, -0.0880344394359338, -0.14847389500709593], [0.10407918223056709, -0.18030304445488252, -0.10245722897908205]]	0.9846225278228375	[[-0.665523245598529, -0.6655232455985289, 0.0], [-0.6655232455985289, 0.665523245598529, 0.0], [0.0, 0.0, -0.9411919999999999]]
3	[[-0.04368688083802902, -0.7928421645001731, 0.6078591601952907], [-0.07099332237196321, 0.6093655773994191, 0.7897047177643444], [-0.9965196458782106, -0.008654205414294847, -0.08290778074109101]]	0.7711265954808159	0.22887340451918398	[[-0.033688115687805456, -0.6113816790646597, 0.4687363647332224], [-0.05474483898256392, 0.4698980031032159, 0.6089623104447577], [-0.7684428018558129, -0.006673487957716891, -0.06393239470174758]]	0.8785599589843905	0.17972642332534966	[[-0.011155491022017412, -0.6777246038963664, 0.5423619945251992], [-0.05205179061521699, 0.5535174854962753, 0.625672813314678], [-0.884834978169148, 2.0151383590778636e-11, -0.056672546289433336]]	[[0.02722605321519727, 0.018834775628001267, 0.00832127567573838], [0.010320099776060625, 0.018153288809741517, -0.06813013113414446], [-0.009332718959248056, 0.007603238373976711, 0.016166910157946458]]	0.16063924469827082	[[0.0, -0.6655232455985289, 0.665523245598529], [0.0, 0.665523245598529, 0.6655232455985289], [-0.9411919999999999, 0.0, 0.0]]
3	[[-0.09570001472736311, 0.5345101365068197, -0.8397263966034669], [0.9941363825171496, 0.008658117471247562, -0.10778631618888002], [-0.05034242879418521, -0.8451177142702161, -0.5322045554951473]]	0.5312734944683023	0.46872650553169765	[[-0.05084288124487426, 0.28397106805070743, -0.4461243771207999], [0.5281583099179631, 0.004599828324466697, -0.057264012857531583], [-0.02674559806550845, -0.4489886412974018, -0.2827461739698566]]	0.6942329641343206	0.49453592092257775	[[-0.08067005068354384, 0.3466311897941473, -0.5499222653353276], [0.724259772453615, 0.03449552638016816, -0.016026490667776894], [-0.05155163539851491, -0.39365507372797387, -0.3694739459685472]]	[[-0.014231945791668362, -0.02444336663282207, 0.03304348004052921], [0.03409752486496323, 0.028484775824280766, 0.05880232311314805], [-0.016602261835006703, 0.19305350209225985, 1.1863759706072857e-10]]	0.8859358780721602	[[0.0, 0.0, -0.9411919999999999], [0.6655232455985289, -0.665523245598529, 0.0], [-0.665523245598529, -0.6655232455985289, 0.0]]
3	[[-0.3901123425915053, -0.19274962118636868, 0.9003665607352815], [0.8924450663689159, 0.1615093954769425, 0.42125588267281683], [-0.22661457073972407, 0.9678648142716957, 0.10901163985220427]]	0.5301401833560705	0.4698598166439297	[[-0.20681422883092682, -0.10218431951755459, 0.4773204935958766], [0.47312099112003736, 0.0856226205318743, 0.2233246708799903], [-0.1201374900831145, 0.513104030101886, 0.057791450739193506]]	0.7259753198730324	0.4591156340931088	[[-0.15238936383811255, -0.08136055589913738, 0.7557768740723944], [0.5403710301213277, 0.03363898522382053, 0.3677952076697573], [-0.08131695561242491, 0.5697485251775397, 0.0337442462604299]]	[[0.1308225688611733, 0.05857091199704301, 0.102132972139616], [-0.1075220624049553, -0.08361284982005315, 0.061973833497962656], [0.08319962986823572, -0.132897442957208, -0.04539551385115784]]	0.4782340427578745	[[0.0, 0.0, 0.9411919999999999], [0.9411919999999999, -1.6883138712052142e-16, 0.0], [1.8793106481542857e-16, 0.9411919999999999, 0.0]]
3	[[-0.8451655046892217, 0.03102096411427288, 0.5336037569853065], [0.3597306106374598, 0.7713925264558512, 0.5249261451846907], [-0.3953342351148118, 0.635603075758354, -0.6631135442989435]]	0.4853604334863479	0.5146395665136533	[[-0.4102098957236675, 0.01505634858966745, 0.2589901508003325], [0.17459900511730603, 0.37440341102874103, 0.25477838137515907], [-0.19187959572731844, 0.30849658437533134, -0.321849077311605]]	0.6737188707785321	0.5768814927298348	[[-0.5107195133646938, -0.04626504222506925, 0.4270408128952919], [0.1890289695497336, 0.5191166485008254, 0.3201538004658764], [-0.1410091813820995, 0.2360208513274978, -0.39727107509485227]]	[[0.05868443607549692, -0.06716445113859836, 0.06754189229596899], [-0.05332833123340752, -0.0005850533500100959, -0.03349884931008122], [0.1253349530795462, -0.19219693513578245, 0.049481033168182004]]	0.8404295663914161	[[-0.98, 0.0, 0.0], [0.0, 0.98, 0.0], [0.0, 0.0, -0.98]]
3	[[-0.20892554660170207, -0.8722728212278597, 0.4421427838655412], [-0.9769286190798419, 0.16569047850232185, -0.13474842691632785], [0.04427854107729115, -0.4600943280250934, -0.8867652564908058]]	0.6009275498670045	0.3990724501329958	[[-0.1255491168239855, -0.5241727692760374, 0.2656957797996961], [-0.5870633214586052, 0.09956797328269186, -0.08097404203526201], [0.026608195201262026, -0.2764833572478254, -0.5328816728902054]]	0.7912931332310268	0.3267101523807739	[[-0.17191199527228007, -0.5865280572152815, 0.3196474366464525], [-0.8508023595942386, 0.09360255781424068, -0.055373134259689503], [0.05537313425972039, -0.31964743663953465, -0.6023632029395252]]	[[-0.0065906448898144145, 0.10369543652637843, -0.030217112134000322], [-0.07776545165948955, -0.037507180066409726, 0.0512523706728836], [0.020335828755771928, 0.044422045765265525, 0.0993280553094989]]	0.5019605697371253	[[-1.8793106481542857e-16, -0.9411919999999999, 0.0], [-0.9411919999999999, 1.6883138712052142e-16, 0.0], [0.0, 0.0, -0.9411919999999999]]
3	[[0.2716390998961424, -0.9623667677143403, 0.0078996080071079], [-0.8358745486248621, -0.23185104168470852, 0.4975528448626315], [-0.4769967907321766, -0.14175788820650492, -0.8673976958480093]]	0.5565069732117377	0.4434930267882625	[[0.15116905328916322, -0.5355638170202704, 0.004396186941594742], [-0.46517001503994954, -0.12902672144394534, 0.27689162770739223], [-0.26545204024207647, -0.0788892532946897, -0.4827128662872112]]	0.7422477251015894	0.41890659721377393	[[0.2893381949291814, -0.7376260049825785, 0.07833403786893282], [-0.5344983447670376, -0.21419355621473388, 0.21082755086198726], [-0.29045529112705004, -0.003189399137836401, -0.6511567500730097]]	[[0.08771469098262644, -0.023311460933239964, 0.07247057179646267], [0.08592763742008395, -0.042102647961825196, -0.15847991635512487], [0.06359449167466716, 0.10203007089864731, -0.007332783571464213]]	0.564053426286458	[[1.8793106481542857e-16, -0.9411919999999999, 0.0], [-0.9411919999999999, -1.6883138712052142e-16, 0.0], [0.0, 0.0, -0.9411919999999999]]
3	[[-0.9329322773960255, -0.042925561482400815, -0.35748393245583304], [-0.169270649991114, -0.8240132564325088, 0.5406936288463909], [-0.3177810769134181, 0.5649420761413629, 0.7614825262347359]]	0.43481250555633205	0.5651874944436683	[[-0.40565062104894056, -0.018664570940575064, -0.15543848436725133], [-0.07360099543978522, -0.3582912686410516, 0.2351003514970447], [-0.13817518627111283, 0.24564387962122214, 0.3311021251694908]]	0.659003402592673	0.580282523947489	[[-0.4149151177508711, 0.008682334559687697, -0.1976817877821866], [-0.0599693430198645, -0.7093114544419757, 0.28477658412572626], [-0.16924533184751567, 0.35342826170240055, 0.2933604536319953]]	[[0.19989042744164087, 0.03697042563479079, 0.03790134007841691], [0.051580591283353086, -0.16628391467148335, -0.07154235704422526], [0.04017347911799088, -0.01887048874252666, -0.20845912217155999]]	0.6872703261002877	[[-0.98, 0.0, 0.0], [0.0, -0.98, 0.0], [0.0, 0.0, 0.98]]
3	[[0.15665500554066836, 0.7010445100749366, 0.6956980696630148], [0.9690588098128995, 0.026938980891129116, -0.2453554858415722], [-0.1907465133706504, 0.7126085083707178, -0.6751332323583257]]	0.5291796694575832	0.47082033054241706	[[0.08289864405088675, 0.37097850211650824, 0.3681492745465531], [0.5128062206617487, 0.014255561003491925, -0.12983713489724777], [-0.10093917689566731, 0.37709793491227783, -0.35726678073920887]]	0.736919637048018	0.456756019722832	[[0.1290206652679762, 0.4221509687621088, 0.536500182611906], [0.7290384412444197, -0.01421431024081477, -0.11480635509303226], [-0.1623607043380915, 0.421693827634306, -0.3607867230237399]]	[[0.013578515443191618, -0.0944624971568189, 0.023826613620830397], [0.014919974838913254, -0.034066174261549134, 0.06600092048107925], [-0.02179585293681703, -0.10344137571157284, 0.13673221352481246]]	0.7677741183094494	[[0.0, 0.0, 0.9411919999999999], [0.9411919999999999, -1.6883138712052142e-16, 0.0], [1.8793106481542857e-16, 0.9411919999999999, 0.0]]
3	[[-0.5981897663743452, -0.7419171441245457, 0.3028662322859456], [0.7115509511219108, -0.6655993255599615, -0.22510615667197656], [0.3685976768273374, 0.0808485563767378, 0.9260665546111073]]	0.641965255510706	0.3580347444892937	[[-0.38401704621439625, -0.47628502899568753, 0.194429598195012], [0.4567909881458635, -0.42729164110085444, -0.14451033138495853], [0.23662690178511453, 0.05190196415206411, 0.5945025523508395]]	0.8321706417865983	0.2739773108958875	[[-0.45321913866785635, -0.6602293659962016, 0.18205441798887712], [0.5384236017787165, -0.6602293660260784, -0.1820544178737322], [0.23250801750727115, 0.06024865365411173, 0.7011973062627536]]	[[0.04457682312605764, -0.04282770001759823, -0.06998196890800688], [-0.05370820988026869, -0.10633714810211843, 0.005272316994101352], [-0.07422814777918335, -0.007031141393437636, -0.06944809282507462]]	0.38344507541236106	[[-0.6655232455985288, -0.6655232455985292, 0.0], [0.6655232455985292, -0.6655232455985288, 0.0], [0.0, 0.0, 0.9411919999999999]]
3	[[0.9008474576716361, -0.4254042240105299, 0.08663200448188091], [-0.049446002604253164, -0.2987906365719553, -0.9530368557004423], [0.4313107358193278, 0.8542572222058906, -0.2901993237002208]]	0.4572631122780062	0.5427368877219939	[[0.4119243121826618, -0.19452165944726493, 0.03961361999226702], [-0.02260983304052725, -0.13662593639841908, -0.43578859875322923], [0.19722248941966278, 0.3906203161118298, -0.1326974459361354]]	0.6657547123568417	0.5774442819681249	[[0.7130075498726349, -0.3388841428435689, 0.1597777032887909], [-0.0642831432722189, -0.082075689630886, -0.45306842131537756], [0.20841890834912116, 0.43292057145770646, -0.054322881391721235]]	[[0.11326410981306279, -0.05566927605205312, 0.10210203806405958], [-0.031364234031228455, 0.11684558467499387, 0.18142035641693877], [-0.07872824651269335, -0.13580519979073105, 0.13887868588446908]]	0.7335297560874777	[[0.47059599999999985, -0.47059599999999996, 0.665523245598529], [0.47059599999999996, -0.47059600000000007, -0.6655232455985289], [0.665523245598529, 0.6655232455985289, 0.0]]
