3	[[-0.3298322266022023, -0.8762827350930389, 0.35119691125136165], [0.9222848180711871, -0.37850758052406547, -0.0782478487960887], [0.201497932123461, 0.2980949172053785, 0.9330262609842703]]	0.5453428186848273	0.45465718131517435	[[-0.17987163614833498, -0.47787449672048843, 0.1915227134952218], [0.5029614023171638, -0.2064163908565708, -0.0426719024184819], [0.1098854502633712, 0.16256392238440306, 0.5088191710721273]]	0.7214652294182222	0.4226521262073516	[[-0.11474160803903374, -0.5363856819885623, 0.24418678756983594], [0.7090518151955858, -0.28740774146464554, -1.6569010710283981e-10], [0.1726661334141869, 0.17266613338026118, 0.5839132121295301]]	[[0.12322087499604685, 0.09582184252056414, -0.009189572577098678], [0.043655387336912876, -0.014327683045313924, 0.05645310201746367], [0.02729238158743586, -0.04239898444972222, -0.08923279330471313]]	0.5018134837802095	[[1.6534959367871425e-16, -0.8281000000000001, 0.0], [0.8281000000000001, 1.485449001633076e-16, 0.0], [0.0, 0.0, 0.8281000000000001]]
3	[[-0.010871777499557311, -0.0840287307277911, 0.9964040229075135], [0.9413747147740295, -0.3368748437119881, -0.018137972823285553], [0.33718756032528074, 0.9377923608594283, 0.08276495076773299]]	0.670549868986495	0.3294501310135052	[[-0.007290068977978505, -0.05634545438062163, 0.6681385870182497], [0.6312386916589247, -0.22589138231591963, -0.012162415300334824], [0.226101074399993, 0.6288365447108253, 0.05549802689397684]]	0.7728406899706506	0.2969155235182345	[[-4.875749927210709e-11, -0.021496760693133266, 0.768065770935823], [0.678729057357897, -0.2675756765481937, -7.95938404431832e-11], [0.2675756765128788, 0.6572322967513994, 0.021496760716139412]]	[[0.008402151975207953, 0.04344406153989087, -0.0019958016175517573], [-0.04880362672898804, -0.007225089900065249, 0.014017763351822666], [0.006983409741568735, -0.06753179846440666, -0.04246736094058226]]	0.3930563111595867	[[0.0, 0.0, 0.7535710000000001], [0.7535710000000001, -1.3517585914860993e-16, 0.0], [1.5046813024762997e-16, 0.7535710000000001, 0.0]]
3	[[-0.7789526709276531, -0.6132277320749256, -0.13108960702099365], [0.4894249346840115, -0.725216103161197, 0.48427764456480876], [-0.3920407756397623, 0.31307084235030797, 0.8650379632743539]]	0.4235090410780052	0.5764909589219951	[[-0.32989349870972096, -0.259707488773492, -0.05551763376475332], [0.20727588476769082, -0.3071355764241264, 0.2050959608651568], [-0.1660328129546731, 0.13258833223326258, 0.3663513983223922]]	0.6298622287729605	0.5717744988551295	[[-0.35194160716605505, -0.3773399644960105, -0.09716526760814026], [0.3187109124190811, -0.5421415289609368, 0.2832345759821525], [-0.17594865478125493, 0.09303465418653023, 0.39092133538127977]]	[[0.13869125825308687, 0.008909021574090051, -0.014596875560925631], [0.01044063224194893, -0.08535529788178386, -0.021793620568357583], [0.07098302193308596, -0.10415684434006292, -0.15393340413992718]]	0.5206476895745135	[[-0.5855551255005801, -0.58555512550058, 0.0], [0.58555512550058, -0.5855551255005801, 0.0], [0.0, 0.0, 0.8281000000000001]]
3	[[0.23507429571004806, 0.1639243119487907, -0.9580547455383437], [0.7224674736879957, -0.6888480443340972, 0.059406407734983124], [-0.6502159833157828, -0.7061283111228478, -0.2803604524027675]]	0.5363034295314633	0.46369657046855334	[[0.12607115098398355, 0.08791317068173193, -0.5138080457110971], [0.3874617838637941, -0.3694315686024263, 0.0318598602044125], [-0.3487130617884187, -0.37869903494446777, -0.15035827212859684]]	0.7280175941999582	0.36695009437058496	[[0.09899018887131526, 0.09899018886934119, -0.6261771264119925], [0.5417642811778822, -0.5417642811818497, 2.0006074215318102e-12], [-0.4427740923072826, -0.44277409231089854, -0.1399932676439437]]	[[-0.07214803434976337, -0.020349594346500823, 0.07130358454668499], [0.01579524909582626, -0.040270785176394576, -0.04324891003728359], [0.030594583576633826, 0.0712997419492364, 0.06411407442313075]]	0.35315174579368264	[[0.0, 0.0, -0.7535710000000001], [0.5328551642055278, -0.5328551642055279, 0.0], [-0.5328551642055279, -0.5328551642055278, 0.0]]
3	[[-0.22702687951129652, -0.2600962815277815, 0.9385141023526418], [0.7861776675639859, -0.6177088015181534, 0.01898714171901844], [0.574789936414178, 0.742149419498815, 0.3447183896089062]]	0.5386793957205566	0.4613206042794435	[[-0.12229470226746884, -0.14010850776254902, 0.5055582095305419], [0.42349771089236443, -0.33274700393306833, 0.010227982027661411], [0.30962749561384684, 0.3997806008299834, 0.185692693808289]]	0.7110113209092611	0.3423367178161103	[[-0.054572703410058994, -0.10495851474033051, 0.7005367313262705], [0.598388859488426, -0.5452822024660685, 2.5470912062100593e-12], [0.4907094990694807, 0.49343034474945285, 0.12756326862459383]]	[[0.10684597807317556, 0.07997288595232445, 0.03324257972054941], [0.03940763760439453, -0.10608425156136966, -0.013500072711383527], [0.08202734713428583, -0.03424629432044091, -0.11753540891294795]]	0.3787777374946084	[[0.0, 0.0, 0.8281000000000001], [0.58555512550058, -0.5855551255005801, 0.0], [0.5855551255005801, 0.58555512550058, 0.0]]
3	[[0.312078085329446, 0.25026955923460475, -0.9165000907679297], [0.9493512559049828, -0.044986478459825396, 0.310979757648975], [0.036598655285933646, -0.9671304795508722, -0.25163301443761527]]	0.41098957041186757	0.5890104295881325	[[0.1282608382245072, 0.10285817863699767, -0.37667197858714896], [0.39017346483435567, -0.01848897345654634, 0.12780943700293884], [0.015041665613617881, -0.39748054032283653, -0.10341854450515882]]	0.5839330498502547	0.5683665459607344	[[0.20293452640384999, 0.10361895475455482, -0.5209046367300719], [0.4719541557295091, 0.02170630987619404, 0.07022671424395298], [0.05509855042588389, -0.4385619152305415, -0.07631261689435774]]	[[0.02070181824599865, -0.04252171225398694, 0.014270056460080121], [-0.08240341851025702, 0.04797540144526269, -0.11136464408170618], [0.03372738602435048, 0.12617753529673825, 0.07062421666921209]]	0.7778918160020999	[[0.0, 0.0, -0.7535710000000001], [0.5328551642055278, -0.5328551642055279, 0.0], [-0.5328551642055279, -0.5328551642055278, 0.0]]
3	[[0.388721369236936, 0.6072553768335828, 0.6929189017520486], [-0.1881814353775204, -0.6838834560027736, 0.704905075868346], [0.9019331707381749, -0.4044061398055253, -0.1515659249626253]]	0.6362484073182137	0.3637515926817872	[[0.24732335206755512, 0.3863652663457881, 0.44086854764042677], [-0.11973013854580229, -0.43511975967304134, 0.44849473183176025], [0.5738535433896297, -0.2573027623609731, -0.09643357836118213]]	0.7601385243841421	0.3403036704027719	[[0.2669304337846761, 0.42970903041282504, 0.5034580832944701], [-0.17804596402653552, -0.518593499659808, 0.5034580832889038], [0.6077003383331084, -0.2517950174200101, -0.08888446961326674]]	[[-0.02855165422367162, -0.031889175657790564, -0.02325626820121258], [-0.03500200542217742, 0.0012526614368673838, -0.03236742091255202], [-0.07789381116491849, 0.05560966894364902, 0.026326628934740914]]	0.42031164235604757	[[0.37678549999999994, 0.37678550000000005, 0.5328551642055279], [-0.37678550000000005, -0.37678550000000016, 0.5328551642055278], [0.5328551642055279, -0.5328551642055278, 0.0]]
3	[[-0.7099649817244492, 0.17004561671924806, -0.6833990144561036], [-0.6966343129430994, -0.02737173477805739, 0.7169040536679481], [0.1032005753632168, 0.9850559762621669, 0.13789258455366898]]	0.3052409184032518	0.694759081596749	[[-0.21671036305571942, 0.051904880217830615, -0.20860134280845866], [-0.2126412974739684, -0.008354973461943912, 0.21882845174861792], [0.0315010384036118, 0.3006793908728766, 0.04209045915016109]]	0.4914944869123945	0.802470842260463	[[-0.18903017878148062, 0.1043870095160096, -0.19821142689376092], [-0.18247822867927563, -0.16593013945732718, 0.2074772836012675], [0.14593415349512598, 0.494342521406338, -0.05985175882027996]]	[[0.15991369563694519, 0.02081052637488117, 0.137675421072778], [0.15991369552626128, -0.1524770827166839, -0.144877106421676], [0.0952116396579179, 0.010192939773376528, -0.12762520391450938]]	0.9327097237723359	[[0.0, 0.0, -0.7535710000000001], [-0.5328551642055278, 0.5328551642055279, 0.0], [0.5328551642055279, 0.5328551642055278, 0.0]]
3	[[0.4709175022496733, 0.19115318190370978, 0.8612184201020178], [0.8821529167293078, -0.0947858233539779, -0.46132621776469945], [-0.006552677384344174, 0.9769729314260427, -0.21326264014097962]]	0.46417940114128337	0.5358205988587168	[[0.21859020418120248, 0.08872936950231544, 0.3997598504947971], [0.4094772126024464, -0.04399762672113328, -0.21413812749279124], [-0.003041617864136686, 0.4534907102405846, -0.09899212458644842]]	0.6183519504504469	0.5744352467144499	[[0.3018077917137989, 0.1092660717275687, 0.42204652196620623], [0.5388397841471144, -0.016990199439328585, -0.1361475563528676], [0.01817224626106052, 0.540021831089096, -0.054722497396935334]]	[[0.010615035696460658, -0.008933871137399322, -0.11048956786772864], [-0.006641192508003837, 0.04162079930665522, 0.1491144101958619], [0.022224107102342284, -0.06409128659548825, 0.0771488720924513]]	0.5210256245771661	[[0.0, 0.0, 0.7535710000000001], [0.7535710000000001, -1.3517585914860993e-16, 0.0], [1.5046813024762997e-16, 0.7535710000000001, 0.0]]
3	[[-0.7797112461789556, 0.3586263663473402, 0.5132616310835669], [0.12556441147624647, -0.7135152995487305, 0.6892963773882098], [0.6134198816085799, 0.6018995320403472, 0.511305194748623]]	0.46018130830984905	0.5398186916901512	[[-0.35880854137053475, 0.1650331504601263, 0.2361934088972828], [0.05778239515029522, -0.3283464040454285, 0.3172013087597457], [0.28228436366190907, 0.276982914125413, 0.2352930934650435]]	0.6822036450664261	0.441142817587208	[[-0.47554860000582655, 0.35978047348277664, 0.3855042568153542], [0.18555205481185788, -0.4756957799676568, 0.38571240072714585], [0.38556522075607036, 0.38585958066691234, 0.23886215090026613]]	[[0.05637325423674163, 0.11512425914369316, 0.035355301217405], [0.09989155561214158, 0.011066958195149563, -0.08452810045817304], [-0.03291205843351879, -0.02475847405478839, -0.10995211669864413]]	0.53665594777763	[[-0.37678549999999994, 0.37678550000000005, 0.5328551642055279], [0.37678550000000005, -0.37678550000000016, 0.5328551642055278], [0.5328551642055279, 0.5328551642055278, 0.0]]
3	[[0.5035622894699279, 0.5369873573117416, 0.6768083914308072], [0.7236893469787391, 0.16572605027924595, -0.6699317915492047], [-0.4719096838308055, 0.8271514095654997, -0.3051586406453477]]	0.38753186031062714	0.6124681396893729	[[0.19514643082055985, 0.20809970954230675, 0.26228481500502393], [0.2804526789216537, 0.06422412456664879, -0.25961991346029445], [-0.1828800376735519, 0.3205475245074757, -0.1182586956991539]]	0.561407259282738	0.6086193497812559	[[0.2689742582835565, 0.2766904491784792, 0.38454843598089883], [0.33665622850537186, 0.15719333535443647, -0.27159245621211126], [-0.22951459757392478, 0.33155823553623587, -0.05248366035279918]]	[[-0.01372926652589651, -0.024778151359385957, 0.0045832918881706574], [-0.06962822435407644, 0.06415352767541185, 0.10451211478790218], [0.03541892465451117, -0.13281057031978477, 0.1188346157383515]]	0.8017159446788475	[[0.0, 0.0, 0.7535710000000001], [0.7535710000000001, -1.3517585914860993e-16, 0.0], [1.5046813024762997e-16, 0.7535710000000001, 0.0]]
3	[[-0.7357259517984016, -0.6355984379310936, 0.23392723131326343], [-0.6762908134220847, 0.6707859050452003, -0.3044289823153933], [0.03657949604943121, -0.38217914031543476, -0.9233639830405582]]	0.4948154930349905	0.5051845069650095	[[-0.3640485995777638, -0.31450395443714396, 0.1157508182965826], [-0.3346391722784838, 0.33191525832586294, -0.15063617697853177], [0.018100101372670825, -0.18910815974287074, -0.4568948045189664]]	0.7045090917884017	0.42755910996977814	[[-0.551478585122421, -0.3746655074013349, 0.17614059205360458], [-0.4476197151248572, 0.4055510009749042, -0.10318638432172511], [0.10318638431095084, -0.1761405920441239, -0.6034837353295757]]	[[-0.03315296301577194, 0.07311937084762654, 0.011336730776521965], [0.028833311623975663, -0.06702376777295117, 0.11128660152336008], [0.07741579677108858, 0.09310808699997504, 0.04703458575244892]]	0.39678482024017936	[[-0.5855551255005801, -0.58555512550058, 0.0], [-0.58555512550058, 0.5855551255005801, 0.0], [0.0, 0.0, -0.8281000000000001]]
3	[[0.2932727100912193, 0.7663848849828426, 0.5715289367876191], [0.00018149557078206424, 0.5977709472802035, -0.8016669268761718], [-0.9560288094901268, 0.235210762206075, 0.175170810260522]]	0.5428327004268465	0.45716729957315416	[[0.15919801718031576, 0.41601877668155474, 0.3102445961285072], [9.852173080364298e-05, 0.32448961754882755, -0.43517102275908365], [-0.5189637003413882, 0.1276800932177804, 0.09508844396967796]]	0.6979622424547807	0.41796459853912477	[[0.14174180136535275, 0.4326285752659458, 0.3798614667799453], [4.061716079248582e-14, 0.48008805569751606, -0.5328551641844802], [-0.6118291986044188, 0.10022658892453587, 0.10022658892291508]]	[[-0.06295147702070537, -0.10227913764012789, -0.019044151568137872], [-0.00012667705553805197, 0.06286650485950716, 0.026678081799845776], [0.0554428131186844, -0.06394164211431433, -0.022036022619139756]]	0.37734954435289875	[[0.0, 0.5328551642055278, 0.5328551642055279], [0.0, 0.5328551642055279, -0.5328551642055278], [-0.7535710000000001, 0.0, 0.0]]
3	[[-0.2538643033432252, 0.48696402069590106, -0.8357146391177678], [-0.8713143736524561, 0.26000688613899875, 0.4161822694768838], [0.4199573523045962, 0.8338239992396379, 0.35829228366981253]]	0.3943386932806843	0.6056613067193164	[[-0.10010851765097831, 0.1920287555959292, -0.32955461874523895], [-0.34359297154278856, 0.1025307757240319, 0.16411677231210456], [0.16560543354141094, 0.32880906628623263, 0.14128851095490555]]	0.5850899332903426	0.5998175918145773	[[-0.16887309066996548, 0.1688730908052547, -0.48089446774720923], [-0.48289864184708575, 0.14729198055242385, 0.03679527464622283], [0.35296034591206427, 0.4028572016998359, 0.20202734078139656]]	[[-0.020339642362082296, -0.11604465557850592, 0.008073754703967444], [0.026898626908147302, -0.004835431113672999, -0.20670878163863277], [0.10724752666737929, -0.08500482639116923, -0.007605867569420481]]	0.6486568369454473	[[0.0, 0.0, -0.7535710000000001], [-0.5328551642055278, 0.5328551642055279, 0.0], [0.5328551642055279, 0.5328551642055278, 0.0]]
3	[[-0.09570001472736311, 0.5345101365068197, -0.8397263966034669], [0.9941363825171496, 0.008658117471247562, -0.10778631618888002], [-0.05034242879418521, -0.8451177142702161, -0.5322045554951473]]	0.4281529780386333	0.5718470219613688	[[-0.040974246303863565, 0.22885210673723358, -0.35953135744342485], [0.42564245275127177, 0.0037069987795218784, -0.04614903226808077], [-0.021554260809927086, -0.3618396661579958, -0.22786496536097206]]	0.5945128698693614	0.5866228325789922	[[-0.0628274212308795, 0.28382843207522757, -0.4517152227403471], [0.6032393292246871, 0.031762533658735936, -1.973801940332324e-11], [-0.031064887520000996, -0.3194108971903362, -0.3098524020525266]]	[[-0.005932530828774726, -0.033944723153706315, 0.04751292720943746], [0.01221245541287126, 0.026615171393238487, 0.06408035215035957], [-0.0011356657013759431, 0.18302246049788531, 0.006550055592441245]]	0.8284799619254704	[[0.0, 0.0, -0.7535710000000001], [0.5328551642055278, -0.5328551642055279, 0.0], [-0.5328551642055279, -0.5328551642055278, 0.0]]
3	[[-0.20892554660170207, -0.8722728212278597, 0.4421427838655412], [-0.9769286190798419, 0.16569047850232185, -0.13474842691632785], [0.04427854107729115, -0.4600943280250934, -0.8867652564908058]]	0.49704999609020434	0.5029500039097978	[[-0.10384644212152208, -0.4335632023808991, 0.21976706899167717], [-0.4855823662940437, 0.0823564516917609, -0.06697670507192198], [0.02200864866934427, -0.2286898839460002, -0.4407666672716843]]	0.6781583519586263	0.45435834105302914	[[-0.12029362493841574, -0.477558205755473, 0.25580378946919935], [-0.7045040696655236, 0.07948235550171918, -0.028857925364999187], [0.028857925460524767, -0.25580378930357617, -0.49852753140595163]]	[[0.021390979427049914, 0.11398089314671378, -0.04403903216745504], [-0.041991767369121115, -0.03288202633465151, 0.06252284576159473], [-0.001169936983583367, 0.05621302193543276, 0.10283973351002147]]	0.5096028771188917	[[-1.5046813024762997e-16, -0.7535710000000001, 0.0], [-0.7535710000000001, 1.3517585914860993e-16, 0.0], [0.0, 0.0, -0.7535710000000001]]
3	[[-0.3901123425915053, -0.19274962118636868, 0.9003665607352815], [0.8924450663689159, 0.1615093954769425, 0.42125588267281683], [-0.22661457073972407, 0.9678648142716957, 0.10901163985220427]]	0.4311430237319458	0.5688569762680543	[[-0.16819421498005438, -0.08310265450147807, 0.388186761462542], [0.3847714644289517, 0.06963364912704761, 0.18162153502042802], [-0.09770329125044161, 0.41728816258885715, 0.04699960802785722]]	0.6264195898862511	0.5506288423059313	[[-0.09851308945809217, -0.07842143900501512, 0.6243421385033986], [0.4540133368026073, 0.05064861011876662, 0.26884189112088064], [-0.09126630717202533, 0.47518043899897, 0.01963835559710466]]	[[0.14586092419764315, 0.042320699649280195, 0.06033488678030956], [-0.10503173566821722, -0.050524039158676065, 0.004958953859803723], [0.05068949929300139, -0.13110904102243814, -0.048648671131940886]]	0.49099342708118504	[[0.0, 0.0, 0.7535710000000001], [0.7535710000000001, -1.3517585914860993e-16, 0.0], [1.5046813024762997e-16, 0.7535710000000001, 0.0]]
3	[[-0.04368688083802902, -0.7928421645001731, 0.6078591601952907], [-0.07099332237196321, 0.6093655773994191, 0.7897047177643444], [-0.9965196458782106, -0.008654205414294847, -0.08290778074109101]]	0.6210375713128398	0.37896242868716024	[[-0.02713119437388222, -0.4923847722756025, 0.37750337654794563], [-0.044089520505311446, 0.3784389182297816, 0.49043629997465993], [-0.6188761406417352, -0.005374586712136864, -0.0514888467943867]]	0.7467901285989748	0.32457306310457684	[[-6.909038560152794e-13, -0.5435770529946798, 0.4607237753598143], [-0.03660681817308586, 0.46072377535806563, 0.5069702348223333], [-0.7169641818046261, 8.846687062507434e-14, -0.036606818175421996]]	[[0.03262493135842905, 0.048509648991093834, 0.006780554947508441], [0.016410294170740997, 0.0056555774481646184, -0.08277345291211821], [0.027226852692167455, 0.006462875174351519, 0.02530789406607293]]	0.28039111922249876	[[0.0, -0.5328551642055278, 0.5328551642055279], [0.0, 0.5328551642055279, 0.5328551642055278], [-0.7535710000000001, 0.0, 0.0]]
3	[[-0.8451655046892217, 0.03102096411427288, 0.5336037569853065], [0.3597306106374598, 0.7713925264558512, 0.5249261451846907], [-0.3953342351148118, 0.635603075758354, -0.6631135442989435]]	0.4068024969826436	0.5931975030173585	[[-0.3438154376711695, 0.012619405660494243, 0.21707134074094278], [0.1463393106484096, 0.3138044059159898, 0.2135412665926061], [-0.16082295398742813, 0.25856491830834755, -0.2697562456038235]]	0.595710868595801	0.6303148674733889	[[-0.48319252374138494, 0.001864351229794403, 0.336750123143361], [0.16760956697668275, 0.4457802362697694, 0.24336844847783734], [-0.0633942245668744, 0.20968486353530064, -0.38161377214670894]]	[[0.020281753164239837, -0.016615174247398265, 0.018876565583661714], [-0.04668586754665614, -0.013746675693555338, -0.06933576141878034], [0.1721106760190267, -0.168950796806871, 0.013410173305254937]]	0.8146157783556277	[[-0.91, 0.0, 0.0], [0.0, 0.91, 0.0], [0.0, 0.0, -0.91]]
3	[[-0.6282958732607286, -0.7138118081737849, -0.3093816383614419], [-0.5738327107911779, 0.1566825842932765, 0.8038448779492399], [-0.5253192511888238, 0.6825857237672436, -0.5080515860024072]]	0.33389915462645414	0.6661008453735479	[[-0.20978746093704678, -0.2383411593116059, -0.10330226750583268], [-0.19160225703018238, 0.05231618244021321, 0.2684031251980581], [-0.17540365388095028, 0.2279147961259674, -0.16963799507283317]]	0.49110430123214316	0.7626155773424618	[[-0.31634647388051695, -0.3217012267906779, -0.1042209679835433], [-0.23192528819788732, 0.007770741604143413, 0.25098326818374], [-0.15213741387457713, 0.161207329451643, -0.3456388114842557]]	[[-0.007787668075767458, 0.028854822473761033, 0.047717685338008256], [0.04988642425936087, -0.0691767494704525, -0.1437884089005592], [0.10584912990430283, -0.17401345545010521, -0.0961324923506612]]	0.9133342508832214	[[-0.5328551642055279, -0.5328551642055278, 0.0], [-0.5328551642055278, 0.5328551642055279, 0.0], [0.0, 0.0, -0.7535710000000001]]
3	[[-0.9329322773960255, -0.042925561482400815, -0.35748393245583304], [-0.169270649991114, -0.8240132564325088, 0.5406936288463909], [-0.3177810769134181, 0.5649420761413629, 0.7614825262347359]]	0.3668173562441473	0.6331826437558528	[[-0.3422157515492416, -0.015745840978269872, -0.13113131100321018], [-0.06209141231946882, -0.30226236423470343, 0.19833580747148732], [-0.11656761449779811, 0.20723055880125454, 0.2793250070995403]]	0.5795084425520817	0.6406818936068166	[[-0.3705717804525098, 0.017378275022850456, -0.15031325545844626], [-0.04702781497141587, -0.6025896338845316, 0.22690188854877363], [-0.1236353794853568, 0.291307978543745, 0.2693876236445617]]	[[0.17007035062782747, 0.04225400030319018, 0.056851701476427124], [0.05106595577471306, -0.12506699500705984, -0.08643463420183177], [0.060521437469261606, -0.03608072413307591, -0.17189792916435467]]	0.6680796848748095	[[-0.91, 0.0, 0.0], [0.0, -0.91, 0.0], [0.0, 0.0, 0.91]]
3	[[-0.5981897663743452, -0.7419171441245457, 0.3028662322859456], [0.7115509511219108, -0.6655993255599615, -0.22510615667197656], [0.3685976768273374, 0.0808485563767378, 0.9260665546111073]]	0.5500060163369979	0.4499939836630023	[[-0.3290079704171129, -0.4080588928920636, 0.16657824990258877], [0.3913573040473642, -0.3660836335278271, -0.123809740484086], [0.20273093986287596, 0.04446719241936673, 0.5093421765645838]]	0.737888922047313	0.3679910125738643	[[-0.40761940683109693, -0.5700273874881432, 0.1475508616198346], [0.46202174559382736, -0.5706582543207465, -0.1466586811595372], [0.19228826330291277, 0.038653039264462244, 0.6144830658668062]]	[[0.033778195058602134, -0.022574945761661157, -0.07593077604617292], [-0.06302381871126084, -0.07951988546788814, 0.019444658133361277], [-0.0796958791203551, -0.021004214849449997, -0.06885118585925297]]	0.394803777678934	[[-0.5855551255005801, -0.58555512550058, 0.0], [0.58555512550058, -0.5855551255005801, 0.0], [0.0, 0.0, 0.8281000000000001]]
3	[[0.2716390998961424, -0.9623667677143403, 0.0078996080071079], [-0.8358745486248621, -0.23185104168470852, 0.4975528448626315], [-0.4769967907321766, -0.14175788820650492, -0.8673976958480093]]	0.45662978619552574	0.5433702138044743	[[0.12403850410792075, -0.43944533138307823, 0.003607196315313976], [-0.3816852164248526, -0.10587009159369826, 0.2271974491705991], [-0.21781094256798608, -0.06473087418326529, -0.3960796244015681]]	0.6394851264653489	0.5158553072975517	[[0.23436713099176484, -0.6150587493812713, 0.05176619535531006], [-0.4430115798384625, -0.18260093578157485, 0.17204716965583947], [-0.24331144059867096, -5.263208959272798e-11, -0.5400896240704565]]	[[0.0606579668417468, 0.00036048477658270087, 0.04671451352985786], [0.09151776159807382, -0.03433564306870617, -0.14613047426433445], [0.061720912446260705, 0.09065206101456559, 0.01459830115466008]]	0.5591886944387108	[[1.5046813024762997e-16, -0.7535710000000001, 0.0], [-0.7535710000000001, -1.3517585914860993e-16, 0.0], [0.0, 0.0, -0.7535710000000001]]
3	[[0.9008474576716361, -0.4254042240105299, 0.08663200448188091], [-0.049446002604253164, -0.2987906365719553, -0.9530368557004423], [0.4313107358193278, 0.8542572222058906, -0.2901993237002208]]	0.3755713272106686	0.6244286727893318	[[0.33833247529209315, -0.15976962901265945, 0.0325364969021805], [-0.018570500823341687, -0.11221719593545026, -0.35793331677609724], [0.1619879454918749, 0.32083451872316576, -0.1089905451577298]]	0.5770897986768991	0.6660873530161288	[[0.5893087306729604, -0.28667585960083114, 0.15779020277000388], [-0.06009773373874498, -0.0668282966782762, -0.37763776570320023], [0.16121928386834647, 0.3742086846136584, -0.026362751062527445]]	[[0.06943885268663984, -0.04117942161029214, 0.10779575674457892], [-0.031562950050479155, 0.10560073162757595, 0.172350081484633], [-0.08768574183281451, -0.11877444376742588, 0.14110831822780517]]	0.6991165567113884	[[0.37678549999999994, -0.37678550000000005, 0.5328551642055279], [0.37678550000000005, -0.37678550000000016, -0.5328551642055278], [0.5328551642055279, 0.5328551642055278, 0.0]]
3	[[0.15665500554066836, 0.7010445100749366, 0.6956980696630148], [0.9690588098128995, 0.026938980891129116, -0.2453554858415722], [-0.1907465133706504, 0.7126085083707178, -0.6751332323583257]]	0.4364332050981043	0.5635667949018959	[[0.06836944616277524, 0.3059591024484347, 0.30362573832359374], [0.42292944229519797, 0.011757065772392038, -0.10708128107423982], [-0.0832481121916414, 0.3110060152884117, -0.2946505604663873]]	0.6298167941559352	0.5546692367024799	[[0.10556778017376486, 0.33061298521672594, 0.44280162875351103], [0.6022442614426744, -0.019982603908584917, -0.08558517626325055], [-0.12103571700999809, 0.3572164524906728, -0.288755415251958]]	[[0.0069038267956608446, -0.11091662067928872, 0.004639300817878564], [-0.008085251502252186, -0.03694922649126383, 0.06894382925806034], [-0.0009003594624727604, -0.09159635373961549, 0.1364548327800965]]	0.7279606028872893	[[0.0, 0.0, 0.7535710000000001], [0.7535710000000001, -1.3517585914860993e-16, 0.0], [1.5046813024762997e-16, 0.7535710000000001, 0.0]]
3	[[0.6069875784705717, -0.6928697567511047, 0.38922690010082395], [0.12403339438257666, 0.5663640199931965, 0.8147683805444849], [-0.7849724814669417, -0.44627715271657287, 0.4297149128233985]]	0.4682337487091758	0.5317662512908254	[[0.2842120692871803, -0.32442500357078613, 0.18224917053265988], [0.05807662121687716, 0.265190748215414, 0.3815020531520484], [-0.36755060763080916, -0.20896202417973944, 0.20120702450753536]]	0.6445659289669255	0.5104850081480032	[[0.33557576215659285, -0.3195856704762335, 0.20860267932037058], [0.027324480292276396, 0.45389373128806554, 0.5102277619529367], [-0.4133197389056756, -0.21796657178652482, 0.25660922236185507]]	[[-0.05566775023167562, 0.12701456793713048, -0.04227971912203363], [-0.05262321978084983, 0.08883478060770833, -0.014944176145595893], [0.09264677782453676, 0.06968847573094825, -0.020370369613100077]]	0.6460367097606045	[[0.0, -0.5328551642055278, 0.5328551642055279], [0.0, 0.5328551642055279, 0.5328551642055278], [-0.7535710000000001, 0.0, 0.0]]
3	[[-0.3892204033068475, 0.16341442670440054, -0.9065336192301567], [0.7573193366333747, 0.6170095977865081, -0.21393124736820557], [0.5243804916383139, -0.7698018455318246, -0.3639096297227603]]	0.4766879013143428	0.5233120986856585	[[-0.185536657201063, 0.07789768011020662, -0.43213360842171766], [0.3610049652045346, 0.29412101025965853, -0.10197843733351053], [0.24996583604924966, -0.3669552261744739, -0.17347131766062102]]	0.6309702723147372	0.515987301379454	[[-0.18768222944283874, 0.11220112123118313, -0.44441404917107463], [0.46003135123341027, 0.40162114827502415, -0.047492179514634636], [0.3285951827201524, -0.3953224095094667, -0.2144855506964417]]	[[0.05790427442213467, 0.009091475913350931, 0.12758171541704194], [-0.01781463683136651, 0.012306434338864124, 0.08749207789391344], [-0.0022733188854102953, 0.090399670594136, 0.015130607467683611]]	0.4651588914088479	[[0.0, 0.0, -0.7535710000000001], [0.5328551642055278, 0.5328551642055279, 0.0], [0.5328551642055279, -0.5328551642055278, 0.0]]
3	[[0.011896673231499427, 0.9993644402235865, 0.03360334481298405], [0.8317252015093325, 0.008764640468321566, -0.5551183389618117], [-0.5550600493102371, 0.0345528102194082, -0.8310923203625807]]	0.44906620619536064	0.5509337938046394	[[0.005342393914414641, 0.4487807977777561, 0.015090126570641986], [0.37349968083886775, 0.003935903843774745, -0.24928488646705105], [-0.24925871055435797, 0.01551649939861764, -0.37321547530332344]]	0.6333389346053097	0.5174650171908638	[[0.004719913591393058, 0.6719662095209225, 0.004740212478986882], [0.47822440302760183, 2.0298713156212247e-05, -0.1937418066097965], [-0.27399229040700257, 2.0989942483087978e-11, -0.48017945528567624]]	[[-0.002814712758391938, 0.03902979966728506, -0.01654209412404304], [-0.04853954998070473, -0.005530689343249401, 0.1578362507681464], [0.07754884986511405, -0.021883639990989284, 0.046183669451415076]]	0.5615132488933202	[[-1.5046813024762997e-16, 0.7535710000000001, 0.0], [0.7535710000000001, 1.3517585914860993e-16, 0.0], [0.0, 0.0, -0.7535710000000001]]
3	[[0.2973838978430522, -0.6779765432739062, -0.6722429799365989], [0.21009501085824506, -0.6403704890576759, 0.7387731202179104], [-0.931355412136606, -0.3609341262812347, -0.047996382878866456]]	0.47604691190467957	0.5239530880953207	[[0.14156868621836166, -0.322748639769352, -0.3200191946484175], [0.1000150811256478, -0.3048463937907958, 0.35169066247792097], [-0.4433688678333416, -0.17182157621719513, -0.02284852985207895]]	0.6662701595419379	0.4567549654344765	[[0.1371708007674449, -0.3754574716239314, -0.4650276465171869], [0.06333567805973028, -0.3829820682364915, 0.4553931845308643], [-0.5943127265235434, -0.1432713909681374, 0.05581108144816664]]	[[-0.06096721629364875, 0.07625806802886559, -0.01713220902388161], [-0.07664435834375784, 0.04367767967391527, -0.036829300142017976], [0.02622159251096062, 0.09720824693339082, 0.08778963912630491]]	0.4065004091319171	[[0.0, -0.5328551642055278, -0.5328551642055279], [0.0, -0.5328551642055279, 0.5328551642055278], [-0.7535710000000001, 0.0, 0.0]]
3	[[-0.497660567830157, -0.331663200144824, 0.8014570986002058], [0.5168745496181553, -0.8554231213464026, -0.033045172461446226], [0.6965448005577205, 0.39780749758604605, 0.5971386235040682]]	0.5117729935537343	0.4882270064462658	[[-0.25468923857209064, -0.16973626878972795, 0.4101640985555175], [0.26452243554982124, -0.43778245156652823, -0.016911626833093597], [0.35647281772571343, 0.2035871338977306, 0.3055994209172332]]	0.7061006785319572	0.4296712032135409	[[-0.2091097118998551, -0.1432830444487486, 0.58221227867], [0.40084196976689157, -0.6749726549454548, -0.023333218676851175], [0.47552787877009606, 0.2808921439643062, 0.25879455683495606]]	[[0.14228875272361785, 0.09090456621759216, 0.01630287753414102], [0.0358764995656122, -0.07095780853083569, 2.038074252709477e-11], [-0.016302877531617237, -6.300721867499305e-12, -0.16284543039890528]]	0.6370270437131713	[[0.0, 0.0, 0.8281000000000001], [0.58555512550058, -0.5855551255005801, 0.0], [0.5855551255005801, 0.58555512550058, 0.0]]
3	[[0.3165442381789233, -0.7577804397575791, -0.5705861463412293], [-0.23983098085954807, -0.6459091038519906, 0.7247637754338064], [-0.9177585989222176, -0.09257556201248784, -0.3861980313548994]]	0.48936222926580475	0.5106377707341951	[[0.15490479405648377, -0.37082912529379103, -0.2792233085617285], [-0.11736422344043299, -0.31608351896408854, 0.3546720168373887], [-0.44911639389643804, -0.045302983401965806, -0.18899072956189866]]	0.6887788978942627	0.42547210327469487	[[0.13758103032198288, -0.5329415649407936, -0.386150920824118], [-0.12215537812543005, -0.49739871567752064, 0.4216937700962112], [-0.5809393966325369, -0.010907583277736872, -0.16184620918435236]]	[[-0.08044796118567507, -0.010998388798738948, 0.006856776206528198], [0.0430351405519094, -0.052510154986475335, -0.07750822438077103], [0.05119335966609077, 0.0528565102971665, 0.1041588452212091]]	0.4377749071930358	[[0.0, -0.5328551642055278, -0.5328551642055279], [0.0, -0.5328551642055279, 0.5328551642055278], [-0.7535710000000001, 0.0, 0.0]]
3	[[0.39159002759377715, 0.2136607185654068, -0.8949895796215835], [0.9173475615466772, -0.1663710136628364, 0.36165472088328326], [-0.07162891604282473, -0.9626368906056502, -0.2611503690053217]]	0.3993874444382702	0.6006125555617347	[[0.15639614038818955, 0.0853334083646803, -0.3574476010039432], [0.366377098267813, -0.06644649397540758, 0.14444035474261235], [-0.028607689726224374, -0.38446508766099047, -0.10430017849114188]]	0.5767022245727993	0.5882550883353436	[[0.24432921816845235, 0.10654830576215052, -0.47866941370845534], [0.4450186941339806, -0.03255503050118111, 0.09742581750653773], [-0.02343254221149761, -0.4358962058823004, -0.053256241558061565]]	[[0.018498378134597197, -0.016670305938342376, 0.03747306782878642], [-0.08401768531642043, 0.0633915031826082, -0.11114126455410676], [0.017876013014137607, 0.11925863038582026, 0.09734975719531483]]	0.7200160720124947	[[0.0, 0.0, -0.7535710000000001], [0.5328551642055278, -0.5328551642055279, 0.0], [-0.5328551642055279, -0.5328551642055278, 0.0]]
3	[[0.2943250136427136, 0.18032690162771614, -0.9385387551367095], [0.05363968514426791, -0.9836066795264454, -0.1721647007042514], [-0.9541989155945632, 0.00032945456234623194, -0.29917272759703717]]	0.5502934511165674	0.44970654888343276	[[0.16196512750737962, 0.09923271302587393, -0.516471730570827], [0.02951756745484504, -0.541272314217915, -0.09474110731099313], [-0.5250894143142182, 0.00018129668809961316, -0.16463279274933026]]	0.7516793207813817	0.37731244169115435	[[0.19293110662700114, 0.123037491300307, -0.5862918978188203], [0.03874126098868298, -0.77922300444691, -0.08429623031310572], [-0.6212085396702938, -1.3948508837743377e-12, -0.20897826235332467]]	[[-0.028306919716924624, -0.012510511633825702, 0.11918827616934496], [-0.001578581107487504, -0.03986620366444183, 0.045116414974795856], [0.09604305309415832, -0.0002476441830476031, 0.01590369032312951]]	0.36324764768898865	[[0.0, 0.0, -0.8281000000000001], [0.0, -0.8281000000000001, 0.0], [-0.8281000000000001, 0.0, 0.0]]
3	[[0.34438500917845144, -0.9365203313506948, 0.06579235837042641], [0.28308685107610987, 0.17040524526154976, 0.9438346715051124], [-0.8951317222626903, -0.30641756045327384, 0.32380160352427834]]	0.42780629675513965	0.5721937032448604	[[0.1473300754346181, -0.40064929479103706, 0.028146385189239145], [0.12110633741894428, 0.0729004369229949, 0.4037784155657059], [-0.3829429872092517, -0.13108736179825922, 0.13852436488709732]]	0.5975442146745447	0.5735982971392171	[[0.2128046629505444, -0.4635182333604873, -0.01104969642476088], [0.09230723943709197, 0.16646208828576425, 0.4564155392216647], [-0.5249716221085328, -0.08520454529816189, 0.21574669520577644]]	[[0.00701939309532063, 0.09609407256320787, -0.05036353953880357], [-0.07684967067387188, 0.06463741982952834, -0.10756740834546435], [0.009909159901199435, 0.0978934952253794, 0.022260920317503083]]	0.7204713445266899	[[0.0, -0.5328551642055278, 0.5328551642055279], [0.0, 0.5328551642055279, 0.5328551642055278], [-0.7535710000000001, 0.0, 0.0]]
3	[[-0.10845513793664141, -0.6720147867879052, 0.7325528031436028], [-0.782694789624546, 0.5120379814051966, 0.35384455894231126], [-0.6128836344280466, -0.5349890016971353, -0.5815156220716438]]	0.46757358772084023	0.5324264122791603	[[-0.050710757951794486, -0.314216364859876, 0.3425223423608129], [-0.36596741087515766, 0.2394154360149642, 0.16544836992015508], [-0.28656819980491016, -0.25014672691471973, -0.2719013457277543]]	0.6468610523273454	0.5299452594518972	[[1.2146814666476665e-11, -0.37836747879041727, 0.4507212371645439], [-0.48049208558998635, 0.34803811896509196, 0.12891680518783918], [-0.4014372081040878, -0.2310414119906853, -0.24945067361653112]]	[[0.07015540466815019, 0.056332713370743616, -0.023138639962273777], [0.025802689677677612, 0.016820691481756543, -0.09997145856988954], [-0.004986655383753723, 0.11502213663067963, 0.12670913362152308]]	0.6839991215669978	[[0.0, 0.0, 0.7535710000000001], [-0.5328551642055278, 0.5328551642055279, 0.0], [-0.5328551642055279, -0.5328551642055278, 0.0]]
3	[[-0.21241983037595796, 0.9040403184743173, 0.3709298023021392], [0.7675810831292289, -0.08054299284272853, 0.6358711403469227], [0.6047289446398354, 0.41979033918944697, -0.6768153179693851]]	0.4825208743867182	0.5174791256132821	[[-0.10249700229008563, 0.4362183249510747, 0.17898137254292057], [0.3703738953942196, -0.03886367533219657, 0.30682109863747664], [0.2917943391345705, 0.20255760152478894, -0.32657751902491233]]	0.6574386729046949	0.4969614591370647	[[-0.17342467264940822, 0.588913923563444, 0.22787086797271486], [0.44344221654294946, -0.14883339930264822, 0.37334257499210705], [0.373342574999372, 0.22787086797066194, -0.2874062000400727]]	[[-0.03377166126839796, -0.005437143666649234, -0.015992728993604356], [-0.06119527209627921, -0.09588132097635252, -0.044703703655968846], [-0.02422961983169815, -0.04811553552425973, 0.15755836440728882]]	0.706267604924022	[[-0.37678549999999994, 0.37678550000000005, 0.5328551642055279], [0.37678550000000005, -0.37678550000000016, 0.5328551642055278], [0.5328551642055279, 0.5328551642055278, 0.0]]
3	[[-0.9655239015696506, 0.07817738312533667, 0.24829799086056714], [-0.2583680309547694, -0.17137329386372563, -0.9507245419840874], [-0.03177351221182961, -0.982099532083165, 0.18566354785943645]]	0.2974769393448362	0.7025230606551642	[[-0.28722109510322447, 0.02325596865811412, 0.07386292636667369], [-0.07685853107297667, -0.0509796029440244, -0.2828186269094474], [-0.009451887165010752, -0.2921519629360957, 0.05523062396512858]]	0.49391889524462046	0.7955048145906843	[[-0.33868511279499613, -0.09723464479620254, 0.1847137841516511], [-0.22495549276401514, -0.2681070801979771, -0.46362777752862067], [0.13181007665506506, -0.33590692957404467, -0.10636829080224051]]	[[0.13820538600056154, -0.1358479315025841, 0.062074714814340876], [-0.09734264034830757, -0.1834625722183741, 0.005953037930107473], [0.14750361470477363, 0.14917058633273075, -0.19807102524817022]]	0.824553924543998	[[-0.37678549999999994, -0.37678550000000005, 0.5328551642055279], [-0.37678550000000005, -0.37678550000000016, -0.5328551642055278], [0.5328551642055279, -0.5328551642055278, 0.0]]
3	[[-0.8098148069570111, 0.06315897562890704, -0.5832760257636909], [0.5634097413606913, 0.3609782514293012, -0.7431447808704055], [0.16361369677706578, -0.9304330420790907, -0.32790991512058765]]	0.307605146343472	0.6923948536565281	[[-0.24910320220512186, 0.019428025941233735, -0.17941870726367895], [0.17330773594259305, 0.11103876785772096, -0.22859515907402855], [0.05032841514090581, -0.28620599207154057, -0.10086677742814394]]	0.4787288559718284	0.8148656754151606	[[-0.3247498622840076, 0.011595125136851743, -0.09975576997767346], [0.20678864725397716, 0.05066486695216723, -0.1762895562946993], [0.15151564237715304, -0.3714830784051188, -0.25653119524203166]]	[[0.06293185379956945, -0.01864089901032755, 0.1794752945519731], [-0.06293185367101033, -0.12214583838529315, 0.17947529447282504], [0.07318904449774671, 0.07394206738779241, -0.0995512567145332]]	0.8979793893296106	[[0.0, 0.0, -0.7535710000000001], [0.5328551642055278, 0.5328551642055279, 0.0], [0.5328551642055279, -0.5328551642055278, 0.0]]
3	[[-0.27114142863196994, 0.8695060223572442, -0.4128457372480651], [-0.23296513918988904, 0.35687880148636025, 0.9046351557240604], [0.933921607845996, 0.34146273315567405, 0.10579996344142523]]	0.45794778441936473	0.5420522155806352	[[-0.124168616506312, 0.39818835647779466, -0.18906179067973058], [-0.10668586933895859, 0.16343185644691696, 0.41427566527170046], [0.4276873311344447, 0.1563721021104217, 0.0484508588496505]]	0.6549893397541706	0.515441519825457	[[-0.03333714781416617, 0.4865004704369964, -0.1865875351918408], [-0.13193731145098392, 0.13193731130655661, 0.5003091690472343], [0.6655836281109998, 0.21242030542966145, 1.5227163533401827e-10]]	[[0.14425759750549075, -0.08301670505905007, 0.08382202166859357], [0.020652371252740116, -0.10181449925125381, -0.09221721431887948], [0.05387493080579786, -0.01123414471062761, -0.06929784804824321]]	0.5120078396316086	[[0.0, 0.5328551642055278, -0.5328551642055279], [0.0, 0.5328551642055279, 0.5328551642055278], [0.7535710000000001, 0.0, 0.0]]
