4	[[0.8875576111457726, 0.3128668588496867, -0.3381653671367607], [-0.3273769476023962, 0.9447770405743245, 0.014855227435465884], [0.3241385831334306, 0.09752267550242714, 0.9409694504536801]]	0.6732963025874248	0.32670369741257577	[[0.597589257917776, 0.2106520992656355, -0.22768549135630015], [-0.22042168837305054, 0.6361148881881817, 0.010001969706394205], [0.21824130954966556, 0.06566165683421718, 0.6335512518381835]]	0.7763576252328682	0.3635298927160959	[[0.5727615337920438, 0.29695677051233943, -0.1751947940963669], [-0.30025506888738546, 0.7293728375970049, -0.04156621591484251], [0.17519479409615582, 0.04156621591604773, 0.7684409131749286]]	[[-0.11630058545444613, 0.05406019896172997, 0.08734246726992949], [-0.0460934792908044, -0.004112021997814957, -0.05309918500893494], [-0.07645266655166078, -0.03414625684337226, 0.03791210520403214]]	0.5368212904356571	[[0.6259965492866936, 0.6259965492866939, 0.0], [-0.6259965492866939, 0.6259965492866936, 0.0], [0.0, 0.0, 0.8852928099999999]]
4	[[0.6569714475509829, -0.30708792903278176, -0.688538685147845], [0.5770443935784932, 0.7925721197384169, 0.19710201128598737], [0.4851889167555201, -0.5268077816962367, 0.6979006205770957]]	0.6591751146875183	0.34082488531248223	[[0.4330592292858444, -0.20242472083933633, -0.45386756674912365], [0.38037330431689315, 0.5224438179267004, 0.1299247408945813], [0.3198244598474329, -0.34725857991789416, 0.46003872160939663]]	0.7708741591820618	0.35675208716467605	[[0.48621023946456154, -0.33605810295652905, -0.4808244629047685], [0.4862102395824232, 0.6005193538495707, 0.27034560874701996], [0.2486501729256163, -0.3665153486051936, 0.5134292457949777]]	[[-0.020232072772924423, -0.09933195386842296, 0.04995221707289873], [0.04138162787187964, -0.010454012544925484, 0.11840476152384131], [-0.12536942532275075, 0.03958715716046016, -0.024564308285030048]]	0.5010958388483913	[[0.6259965492866938, -0.44264640499999997, -0.44264640499999985], [0.6259965492866937, 0.4426464050000001, 0.44264640499999997], [0.0, -0.6259965492866937, 0.6259965492866938]]
4	[[0.406855499873406, -0.3245501708658478, -0.8538944834191807], [-0.8488954288502084, 0.21093624421169652, -0.4846467288191305], [0.33740947393335186, 0.9220483108106712, -0.18968858540040373]]	0.6932877315553464	0.30671226844465366	[[0.28206792657805013, -0.22500665173548376, -0.5919945693973084], [-0.5885287861952638, 0.1462395102523317, -0.3359996312287342], [0.23392184878853634, 0.6392447817863692, -0.13150876907418846]]	0.797134255908463	0.3051877084957047	[[0.2822609928918583, -0.24085420456363138, -0.682242705025906], [-0.6215031047682147, 0.15638482372228676, -0.33087282567788023], [0.3015938047766936, 0.7115217258463276, -0.06830449862947933]]	[[-0.04205746326199501, 0.017855854394480754, -0.001574161361215216], [0.055180521252391646, -0.01175968235152967, 0.055455683877827865], [0.032633154836365474, -0.0234745683033915, 0.0829027707480004]]	0.4998129565558808	[[0.44264640499999985, -0.44264640499999997, -0.6259965492866938], [-0.44264640499999997, 0.4426464050000001, -0.6259965492866937], [0.6259965492866938, 0.6259965492866937, 0.0]]
4	[[-0.16743794764991254, 0.7773753727082936, -0.606343189615771], [-0.9312695185128573, 0.07714504854866044, 0.35606983215832233], [0.3235762932843136, 0.6242885321636675, 0.711028980445465]]	0.6036971648345186	0.39630283516548137	[[-0.1010818142819628, 0.4692993085161741, -0.3660476644877602], [-0.5622047680230193, 0.04657224708984764, 0.21495834815708223], [0.19534209086340285, 0.3768812169059093, 0.4292461796101058]]	0.7510071730931696	0.3870510769869479	[[-0.1823825086092464, 0.6156258966346947, -0.3468316036224765], [-0.7500696871616063, 0.11797921714742858, 0.2123878130975577], [0.21238781309157034, 0.3468316036219374, 0.4787833921538239]]	[[-0.05663540887616325, 0.031811415544789896, 0.10853648113515961], [-0.050679598675428296, 0.06004273231876373, -0.055023184975423425], [-0.03062030420784837, -0.12201356211278269, -0.05520447243784321]]	0.7258899973869171	[[-1.7676948003886869e-16, 0.8852928099999999, 0.0], [-0.8852928099999999, -1.588041686713489e-16, 0.0], [0.0, 0.0, 0.8852928099999999]]
4	[[-0.8598553706683427, -0.29151891260974605, 0.4191246415132833], [0.4738316458013455, -0.15002286318554503, 0.8677423073463686], [-0.19008501511164744, 0.9447274020120526, 0.2671288507772275]]	0.6706282588020835	0.32937174119791673	[[-0.576643310052931, -0.1955008207713507, 0.2810768285591006], [0.3177648915890824, -0.10060957151862535, 0.5819325126645971], [-0.12747638270869183, 0.633560892653959, 0.17914415607253362]]	0.7907592758664496	0.3150347617435835	[[-0.6526244574585469, -0.14428527661433702, 0.41742581532999967], [0.35766089692921876, -0.06428545726857192, 0.6259965492197891], [-0.2040501950272756, 0.7143796250436864, 0.2085707338265624]]	[[0.02731415280102944, 0.08623600762232042, 0.08599911730917086], [-0.017025872187261284, 0.05434651338744099, -0.0601787293761075], [-0.05373870612452618, -0.03267233126255735, -0.002663882777074838]]	0.43842679378742055	[[-0.6259965492866937, 9.82872461197104e-17, 0.6259965492866938], [0.6259965492866938, -1.186432012952536e-16, 0.6259965492866937], [1.7676948003886869e-16, 0.8852928099999999, 0.0]]
4	[[0.1500697479079782, -0.48793689800337037, 0.859881767645811], [0.7237996175280507, -0.5382464804175793, -0.4317462680606933], [0.6734932697726708, 0.6871741481494608, 0.2723940265240403]]	0.7214069089519618	0.27859309104804	[[0.10826135296549595, -0.3520010493522218, 0.6203246480615134], [0.5221540447815246, -0.3882947296923185, -0.3114647406932085], [0.4858626979466522, 0.49573217812819853, 0.19650693269168548]]	0.8174719603876615	0.2745317995678204	[[0.19762359310670863, -0.3586853288248401, 0.6489818229871991], [0.57361004566064, -0.5052505857640578, -0.34503237351615335], [0.5599570903506832, 0.5599570903545084, 0.13390986775452696]]	[[0.07494578208949164, 0.0401894037314496, -0.053947411311829764], [-0.018075846607855876, -0.06524918024534074, 0.007908094625478614], [0.009395226801721954, -0.001788507660952319, -0.08876461110596859]]	0.4085381743978781	[[0.45633649999999987, -0.4563365, 0.64535726730587], [0.4563365, -0.4563365000000001, -0.6453572673058698], [0.64535726730587, 0.6453572673058698, 0.0]]
4	[[-0.9506790929980296, 0.17724456833992716, -0.25454591949280275], [0.013897849357551978, -0.7954843399685079, -0.6058147527488101], [-0.30986466710433175, -0.579473060511755, 0.7537870125051647]]	0.6745192676811519	0.32548073231885494	[[-0.64125136560881, 0.11955487643709907, -0.17169612720750826], [0.009374367171008069, -0.5365695144473768, -0.40863372337456394], [-0.2090096883354857, -0.39086574441734684, 0.508443863662555]]	0.8147849305929099	0.2859718950918679	[[-0.7588644556113425, 0.10987064909330886, -0.11910813029937872], [0.022301252414947792, -0.6843614306610499, -0.5103855686503852], [-0.15538056204810854, -0.4228161719872657, 0.574490781580795]]	[[0.015734543193186613, -0.03454555421950879, 0.08829204904727297], [0.010977494190764072, -0.03621277793206239, -0.016776837379785223], [0.09709249923168958, 0.049329745402265666, -0.03968351708506231]]	0.3399738257855827	[[-0.8852928099999999, 0.0, 0.0], [0.0, -0.6259965492866938, -0.6259965492866937], [0.0, -0.6259965492866937, 0.6259965492866938]]
4	[[0.6438892552647056, -0.6636492387928785, 0.380757553837473], [-0.15091110836074634, -0.5980263899765946, -0.7871405683007917], [0.7500883043535569, 0.4493708098454942, -0.48521480905966874]]	0.6336535955231246	0.3663464044768753	[[0.40800274171718814, -0.4205237263272923, 0.24126839301170447], [-0.09562536641716679, -0.37894157222638375, -0.49877445128591225], [0.4752961510134753, 0.2847454293817357, -0.30745810836172544]]	0.7635403591916349	0.35866660238404136	[[0.4026153924873827, -0.536889901774649, 0.2918605323296925], [-0.08586361803199744, -0.48915429533180776, -0.6283850397796129], [0.5719188730395037, 0.2705958967098538, -0.23285963919858502]]	[[-0.08902004075706473, -0.030166923609479444, 0.001136772907700136], [0.029363103851774628, -0.03253701072300203, -0.027371447524918668], [-0.0008038202920556359, -0.07251685284981065, 0.13762145039593485]]	0.6346766357941999	[[0.6259965492866937, -0.6259965492866938, 1.7676948003886869e-16], [1.1229150454820309e-16, -1.122915045482031e-16, -0.8852928099999999], [0.6259965492866938, 0.6259965492866937, 0.0]]
4	[[0.39514561495520173, 0.8903073900525152, 0.22630221872432854], [-0.7137866099724287, 0.4526453451835295, -0.5344350913887965], [-0.5782461572771092, 0.04964818930798781, 0.814350317058141]]	0.6668233224359112	0.3331766775640889	[[0.26349231181040894, 0.5936777318240629, 0.150903597364375], [-0.4759695587720807, 0.3018344729604306, -0.35637378326621727], [-0.38558802378132034, 0.033106570547279585, 0.5430277840474472]]	0.7882221474868952	0.3308047515945665	[[0.26133090793146996, 0.7342196137896602, 0.14726381163023014], [-0.5482661652075412, 0.35608826617394734, -0.3598888025052862], [-0.34884108795943125, 0.12676179187303074, 0.6209472700036307]]	[[-0.05013161725854895, 0.03245961087901353, -0.031112609193709284], [0.014356249352317559, -0.0006968198565614064, 0.06136477292154632], [0.10694533990557664, 0.08762798947785255, -0.020941685714571088]]	0.4751420058824561	[[0.6259965492866938, 0.6259965492866937, 0.0], [-0.44264640499999997, 0.4426464050000001, -0.6259965492866937], [-0.44264640499999985, 0.44264640499999997, 0.6259965492866938]]
4	[[0.5403191569681028, 0.6036400661371987, -0.5862370503193712], [0.4146608078153325, 0.41521567174819174, 0.8097236321095203], [0.7321964374914798, -0.6805987191352745, -0.02595689573522414]]	0.8064146245363568	0.19358537546364366	[[0.4357212700962337, 0.4867841772891303, -0.4727501308225965], [0.33438853964434384, 0.33483599003442954, 0.6529729787658137], [0.5904539152265507, -0.5488447605513975, -0.020932020328450422]]	0.877855496954352	0.1620226510772405	[[0.46144880182360387, 0.479438111490765, -0.5196740166460876], [0.3674650211788446, 0.3674650211781721, 0.6705764635403515], [0.6316471069566612, -0.6136577972902476, -6.676213180968419e-12]]	[[-0.012873340230586672, -0.05047063874966408, -0.005042599504922335], [0.0034527516666226434, 0.0029656613124287978, -0.04024387792083478], [-0.01111556054562763, -0.016190470477255175, 0.022786403598361187]]	0.19249267142674534	[[0.44264640499999985, 0.44264640499999997, -0.6259965492866938], [0.44264640499999997, 0.4426464050000001, 0.6259965492866937], [0.6259965492866938, -0.6259965492866937, 0.0]]
4	[[0.7682057170631343, 0.5541913911831843, 0.3205181402198053], [0.09030813392978146, -0.589450211148092, 0.8027408607536998], [0.6338015598100375, -0.5877247234172788, -0.5028670125057387]]	0.6494243971700712	0.350575602829929	[[0.49889153470632813, 0.35990541013598265, 0.20815229999431917], [0.05864830543690249, -0.38280334803662086, 0.5213194995787555], [0.4116061959050843, -0.3816827742072134, -0.3265741064532542]]	0.7711631423570143	0.3410481881910965	[[0.5501656256148789, 0.41308829650732753, 0.23269255739272504], [0.036180534313628276, -0.5079266811909966, 0.5991737778200358], [0.4098980590998118, -0.39639814564635095, -0.3350470012809694]]	[[-0.04224630913215134, -0.0142836781847024, -0.014479218801606061], [-0.03346177002806008, -0.05336440409902839, -0.019870386857161727], [-0.07886634339407378, 0.056833498905024676, 0.05274550427064016]]	0.6048869253067357	[[0.6259965492866937, 0.6259965492866938, 1.7676948003886869e-16], [-1.1229150454820309e-16, -1.122915045482031e-16, 0.8852928099999999], [0.6259965492866938, -0.6259965492866937, 0.0]]
4	[[-0.9377842524711256, -0.012787777579644166, -0.34698295139926694], [-0.21556114428834758, -0.7619772552868597, 0.6106750817731164], [-0.2722022940576928, 0.6474775171155194, 0.7118137227812147]]	0.6652945394139063	0.33470546058609363	[[-0.6239027423173921, -0.00850763859497679, -0.23084586283565312], [-0.1434116522048508, -0.5069393070999442, 0.4062787972597948], [-0.18109469985252144, 0.4307632565302295, 0.4735657828462261]]	0.8085901319929595	0.29180633939332157	[[-0.7330656056750829, -0.013581036434868425, -0.1729519208902063], [-0.15310266301108516, -0.6492077621363275, 0.4533099165039355], [-0.140681680075897, 0.5312171692167077, 0.5396730409306678]]	[[0.025217486811463574, -0.003240965673847406, 0.10761506958103349], [0.021197951101582947, -0.03308047270829236, -0.04047592847179959], [0.07941840880499944, 0.007673238189796535, -0.03589251112739476]]	0.3586575823441303	[[-0.8852928099999999, 0.0, 0.0], [0.0, -0.6259965492866938, 0.6259965492866937], [0.0, 0.6259965492866937, 0.6259965492866938]]
4	[[-0.28551340625994115, -0.7402800071091643, -0.6086605013636927], [-0.9037881084920453, 0.4192574902120425, -0.08596634137539147], [0.31882463799746885, 0.5255555802915186, -0.7887599015101034]]	0.5793345827454134	0.4206654172545872	[[-0.16540779008382464, -0.42886980903335953, -0.35261807759114905], [-0.5235957067235049, 0.24289036315488308, -0.0498032745108622], [0.184706138623221, 0.3044725228177106, -0.4569558884276693]]	0.7602238697720075	0.39920003997385	[[-0.11128669103938132, -0.5139866138857896, -0.3517036926737919], [-0.7618574461183808, 0.35866595654769073, 1.8276082495150124e-10], [0.2473792664598817, 0.2534785631428823, -0.5600830695371034]]	[[0.10576741553933781, 0.048791917833587675, 0.11101454905028514], [-0.07477615282663369, 0.039936404907791594, 0.06535366489330212], [0.005001166382786939, -0.14606133388660839, 0.039551035109895424]]	0.7073807909653099	[[-0.6259965492866936, -0.6259965492866939, 0.0], [-0.6259965492866939, 0.6259965492866936, 0.0], [0.0, 0.0, -0.8852928099999999]]
4	[[-0.3165369632697661, -0.9278010874929129, 0.1974575724831094], [-0.8157660753724355, 0.3724826131232639, 0.4424730649342605], [-0.48407650341181413, -0.021020108654157543, -0.8747731670991965]]	0.6067445894154949	0.39325541058450547	[[-0.19205708981394168, -0.5629382898901365, 0.11980631374324453], [-0.4949616524609381, 0.22600181016388546, 0.2684681381109534], [-0.29371079930828947, -0.012753837194835888, -0.5307638861032938]]	0.772771051244005	0.36422201250524283	[[-0.19347084935825162, -0.7924182260916259, 0.10943309394716798], [-0.586110409139446, 0.30290394330644466, 0.20630781695483733], [-0.25163648864023735, -1.7165623505482378e-12, -0.6662486588672097]]	[[0.05113975250531059, -0.07544040436439647, -0.04315640191669383], [0.04428999849530704, 0.01506016279306613, -0.13562255858156788], [0.12244381978383237, 0.016243731460219964, 0.009750721072084037]]	0.5924848531288003	[[-1.7676948003886869e-16, -0.8852928099999999, 0.0], [-0.8852928099999999, 1.588041686713489e-16, 0.0], [0.0, 0.0, -0.8852928099999999]]
4	[[0.388721369236936, 0.6072553768335828, 0.6929189017520486], [-0.1881814353775204, -0.6838834560027736, 0.704905075868346], [0.9019331707381749, -0.4044061398055253, -0.1515659249626253]]	0.7613788174397258	0.23862118256027465	[[0.29596421642316917, 0.4623513806974679, 0.527573773997609], [-0.1432773587318464, -0.5206943769979853, 0.5366997930719021], [0.6867128109462936, -0.30790626849049546, -0.11539908471220188]]	0.8554593194096425	0.2359596230537921	[[0.3128607252681699, 0.5227275122231437, 0.5800977818880956], [-0.18475524342030125, -0.5854239754263291, 0.580097781732004], [0.6929971766791861, -0.3075345317041687, -0.10894762386430037]]	[[-0.01967459269924348, 0.0032452408492416635, -0.012666150210788873], [-0.023773680786717908, -0.0003894995986818739, -0.022919834718733482], [-0.07856995971347457, 0.03841846941894683, 0.020710859149920203]]	0.3847570561302176	[[0.45633649999999987, 0.4563365, 0.64535726730587], [-0.4563365, -0.4563365000000001, 0.6453572673058698], [0.64535726730587, -0.6453572673058698, 0.0]]
4	[[0.312078085329446, 0.25026955923460475, -0.9165000907679297], [0.9493512559049828, -0.044986478459825396, 0.310979757648975], [0.036598655285933646, -0.9671304795508722, -0.25163301443761527]]	0.6636021183477409	0.3363978816522594	[[0.20709567851452754, 0.16607940966603887, -0.6081914016994948], [0.6299915044746349, -0.029853122402945128, 0.20636682593912678], [0.024286945176424504, -0.6417898349486252, -0.16698420142702922]]	0.7849113315268476	0.3219325462217976	[[0.1972142191545401, 0.11712617887992163, -0.6956155997740099], [0.7249042170357761, -0.04953590435426339, 0.14446835802464472], [0.08783756157312293, -0.7522463961483965, -0.13443466545486513]]	[[-0.04773940634174434, -0.07931323409954912, 0.023755706815122492], [-0.020252341323289236, -0.014225507645658022, -0.09962317762950867], [0.05911086232054881, 0.006865276316077458, 0.06307493896347792]]	0.4012701431967119	[[0.0, 0.0, -0.8852928099999999], [0.8852928099999999, -1.588041686713489e-16, 0.0], [-1.7676948003886869e-16, -0.8852928099999999, 0.0]]
4	[[-0.010871777499557311, -0.0840287307277911, 0.9964040229075135], [0.9413747147740295, -0.3368748437119881, -0.018137972823285553], [0.33718756032528074, 0.9377923608594283, 0.08276495076773299]]	0.7947035214715092	0.20529647852849067	[[-0.008639839863552932, -0.0667779282141574, 0.7918457858129798], [0.7481138008551589, -0.2677156245930818, -0.014414310875019537], [0.2679641415868877, 0.7452668915840689, 0.06577359782953356]]	0.8765925102521046	0.18139095187686075	[[0.002684107999762793, -0.03532754528498105, 0.8908558808791155], [0.8108993865170394, -0.2718402820194977, -0.003795901942110108], [0.2729520759895539, 0.7793677431876408, 0.03264343734800457]]	[[0.012214226729002185, 0.038331410716991525, 0.017415577213323194], [-0.01430263779458572, 0.02346168287077922, 0.012103709185937981], [-0.022624013941766802, -0.042694016513372846, -0.039907698606374484]]	0.3481219667161442	[[0.0, 0.0, 0.912673], [0.912673, -1.6371563780551434e-16, 0.0], [1.8223657735965844e-16, 0.912673, 0.0]]
4	[[0.2932727100912193, 0.7663848849828426, 0.5715289367876191], [0.00018149557078206424, 0.5977709472802035, -0.8016669268761718], [-0.9560288094901268, 0.235210762206075, 0.175170810260522]]	0.7550588756465487	0.24494112435345114	[[0.22143816273929232, 0.5786657095676548, 0.43153799641032703], [0.0001370398416095688, 0.451352259347563, -0.6053057284501464], [-0.7218580379793238, 0.17759797365128677, 0.13226427504140464]]	0.8486003345026266	0.21308918771969623	[[0.1848562302754701, 0.621395510153396, 0.4919493546033137], [-0.004760168181303333, 0.5399297340322494, -0.651956814612859], [-0.7799756673670201, 0.1828845040553769, 0.11107471456765633]]	[[-0.06401508960843043, -0.02895895960080197, 0.006949707667409494], [-0.004914185383379736, 0.03266110821431603, 0.028338007693952685], [0.03131070016044913, -0.016715427431316116, -0.0375752936145188]]	0.32639471985126367	[[0.0, 0.6453572673058698, 0.64535726730587], [0.0, 0.64535726730587, -0.6453572673058698], [-0.912673, 0.0, 0.0]]
4	[[-0.7797112461789556, 0.3586263663473402, 0.5132616310835669], [0.12556441147624647, -0.7135152995487305, 0.6892963773882098], [0.6134198816085799, 0.6018995320403472, 0.511305194748623]]	0.6421386892124075	0.3578613107875926	[[-0.5006827575855277, 0.23028786480329, 0.32958515100702407], [0.08062976659708396, -0.4581757791852201, 0.44262387225492605], [0.39390063871296305, 0.38650297654194987, 0.3283288475433753]]	0.7869401324952651	0.33610188606047053	[[-0.6301340823539476, 0.3381270829538538, 0.36129145920934974], [0.17000858541308037, -0.6036367677207406, 0.4416256045744499], [0.36409907242353173, 0.434847426677031, 0.3795945188663802]]	[[-0.016548010977831512, 0.05590960270418246, -0.04261471676028828], [0.0711969108092729, -0.04214294335646422, -0.10080937797593426], [-0.11862565048475382, -0.03881147081563796, -0.022772058834618403]]	0.5318670309766026	[[-0.45633649999999987, 0.4563365, 0.64535726730587], [0.4563365, -0.4563365000000001, 0.6453572673058698], [0.64535726730587, 0.6453572673058698, 0.0]]
4	[[0.5035622894699279, 0.5369873573117416, 0.6768083914308072], [0.7236893469787391, 0.16572605027924595, -0.6699317915492047], [-0.4719096838308055, 0.8271514095654997, -0.3051586406453477]]	0.6822600851441389	0.3177399148558631	[[0.34356045048913075, 0.36636504012083376, 0.46175935076385105], [0.493744355487622, 0.11306826917411997, -0.4570677211431264], [-0.3219651410707499, 0.5643323911172504, -0.2081975601491654]]	0.7983239988001266	0.31365815724064305	[[0.4516891060862058, 0.3853950527132275, 0.5176587911399018], [0.5638483106349458, 0.20647321702895965, -0.5176587908667833], [-0.33920553319362534, 0.5915765507086255, -0.15936751369824656]]	[[0.04968324551162635, -0.04329484168099475, -0.02265359032862207], [-0.013890262734174, 0.07417013386468116, 0.01716383588610982], [0.037531292674686786, -0.06875827018886563, 0.08424795257015837]]	0.39809749033116526	[[0.44264640499999985, 0.44264640499999997, 0.6259965492866938], [0.44264640499999997, 0.4426464050000001, -0.6259965492866937], [-0.6259965492866938, 0.6259965492866937, 0.0]]
4	[[-0.3298322266022023, -0.8762827350930389, 0.35119691125136165], [0.9222848180711871, -0.37850758052406547, -0.0782478487960887], [0.201497932123461, 0.2980949172053785, 0.9330262609842703]]	0.6824255429233944	0.3175744570766057	[[-0.22508593631264007, -0.597997721250264, 0.23966574283373], [0.6293907177022338, -0.2583032411397556, -0.05339833069725853], [0.13750733572729434, 0.20342758571658484, 0.6367209527139752]]	0.8108375211373481	0.30705532101763455	[[-0.2030722606026156, -0.6715079285240032, 0.18505750286798736], [0.7988182525135654, -0.33747276693615647, -0.005013516039833856], [0.13232384002421815, 0.132323840033892, 0.7535465467071716]]	[[0.06436808440672619, 0.039014992214291874, -0.0997061300821599], [0.05099511684611454, -0.030564618612327888, 0.0584327757123167], [-0.031058243773070617, -0.1093827036965601, -0.0029861539053624487]]	0.5007752049887815	[[-1.7676948003886869e-16, -0.8852928099999999, 0.0], [0.8852928099999999, -1.588041686713489e-16, 0.0], [0.0, 0.0, 0.8852928099999999]]
4	[[-0.7789526709276531, -0.6132277320749256, -0.13108960702099365], [0.4894249346840115, -0.725216103161197, 0.48427764456480876], [-0.3920407756397623, 0.31307084235030797, 0.8650379632743539]]	0.6510904422804324	0.3489095577195676	[[-0.50716863902981, -0.3992667152952899, -0.08535119021366686], [0.3186598971864848, -0.47218127335611554, 0.3153085457862278], [-0.25525400200325665, 0.2038374332109697, 0.5632179500976634]]	0.7800094466106371	0.34834036599838586	[[-0.609370777207653, -0.5471662269228493, -0.08537990548398953], [0.3448525463006455, -0.5672606963242576, 0.26861089613226247], [-0.16694816640467464, 0.18704263485722847, 0.6747377829221278]]	[[-0.0017803354214961954, -0.06884280298079015, 0.016871226344861615], [-0.03690352615967733, -0.0015852850243699814, -0.10913024141063654], [0.13884734205090127, -0.057155579634361214, -1.0869338997341867e-10]]	0.5232753103803268	[[-0.64535726730587, -0.6453572673058698, 0.0], [0.6453572673058698, -0.64535726730587, 0.0], [0.0, 0.0, 0.912673]]
4	[[-0.7357259517984016, -0.6355984379310936, 0.23392723131326343], [-0.6762908134220847, 0.6707859050452003, -0.3044289823153933], [0.03657949604943121, -0.38217914031543476, -0.9233639830405582]]	0.6947157297937772	0.3052842702062227	[[-0.511120391531848, -0.44156023266308403, 0.16251292722043148], [-0.4698298659993508, 0.466005519558856, -0.21149160261961542], [0.025412351293469564, -0.2655058603761956, -0.6414754833433111]]	0.8260314076634606	0.27461768334790543	[[-0.6671273782038075, -0.4959761649225063, 0.12937114254444032], [-0.5898543972785698, 0.5004218587914077, -0.18401139136844005], [0.035492910182953606, -0.2228970284257394, -0.7205635576843169]]	[[-0.05939463458523395, 0.029048107470411193, -0.06386009762807071], [-0.031216944677658325, -0.05366836659388745, 0.06745650942709905], [0.005277097569621976, 0.09279494482863002, 0.042164093012414985]]	0.3854552085629424	[[-0.64535726730587, -0.6453572673058698, 0.0], [-0.6453572673058698, 0.64535726730587, 0.0], [0.0, 0.0, -0.912673]]
4	[[-0.2538643033432252, 0.48696402069590106, -0.8357146391177678], [-0.8713143736524561, 0.26000688613899875, 0.4161822694768838], [0.4199573523045962, 0.8338239992396379, 0.35829228366981253]]	0.6584369523466005	0.3415630476534	[[-0.16715363820290594, 0.3206351056894558, -0.5502654000121416], [-0.57370558072351, 0.17119814169849173, 0.27402978513505044], [0.2765154391669861, 0.5490205328528011, 0.235912879308855]]	0.7809911430914129	0.3418767991286399	[[-0.21470632865169031, 0.35417917877251065, -0.6282907493932252], [-0.6788293264549665, 0.2147063282204464, 0.30364060158956435], [0.303640601669471, 0.6282907493109112, 0.13947285047196534]]	[[-0.01644055619355959, -0.026135408395170104, 0.024394981909588165], [0.0016594822158416103, 0.011643253003112353, -0.021394064783564103], [-0.024342370956540595, -0.022918408992306433, -0.1403502497121564]]	0.5213347696664916	[[-0.44264640499999985, 0.44264640499999997, -0.6259965492866938], [-0.44264640499999997, 0.4426464050000001, 0.6259965492866937], [0.6259965492866938, 0.6259965492866937, 0.0]]
4	[[-0.7099649817244492, 0.17004561671924806, -0.6833990144561036], [-0.6966343129430994, -0.02737173477805739, 0.7169040536679481], [0.1032005753632168, 0.9850559762621669, 0.13789258455366898]]	0.6304526770020561	0.36954732299794424	[[-0.44759932330589486, 0.10720571427311547, -0.4308507381244176], [-0.4391949674864652, -0.01725658346501654, 0.45197407978858345], [0.06506307900589241, 0.6210311772313566, 0.08693474907059305]]	0.7397289390801252	0.398930218475679	[[-0.4842651211163195, 0.1203586777674412, -0.5276886542020227], [-0.401027688815477, -0.005844680360162571, 0.558650943953458], [0.1702128744168341, 0.6538920122899647, 0.126203358110499]]	[[0.04091652159874787, -0.005428985883513766, -0.022158626270006077], [0.11429287242473385, 0.014402983967992455, 0.028336268911425874], [0.0938724222909432, -0.07478239996498555, 0.024200222831596868]]	0.6522470642260916	[[-0.44264640499999985, 0.44264640499999997, -0.6259965492866938], [-0.44264640499999997, 0.4426464050000001, 0.6259965492866937], [0.6259965492866938, 0.6259965492866937, 0.0]]
4	[[0.4709175022496733, 0.19115318190370978, 0.8612184201020178], [0.8821529167293078, -0.0947858233539779, -0.46132621776469945], [-0.006552677384344174, 0.9769729314260427, -0.21326264014097962]]	0.7153645918703538	0.2846354081296464	[[0.33687770680144363, 0.1367442179572666, 0.6160851636075109], [0.6310609612433036, -0.06780642183871415, -0.3300164414903384], [-0.004687553382709665, 0.6988918423579737, -0.15256054152564597]]	0.8230840387526306	0.2721887562882448	[[0.41055997221715795, 0.09610586730583962, 0.6330748938624253], [0.7291807611547962, -0.05251058940294427, -0.358049382814941], [-4.141877103785175e-12, 0.7813838042138506, -0.11785646560380567]]	[[0.022955292546195678, -0.06122926567588221, -0.07578024160330274], [0.0030947756558247293, 0.025506108899741302, 0.02166086368530335], [0.005393404162007159, -0.022747021936293646, 0.05767660955848069]]	0.35944855664847003	[[0.6259965492866937, -9.82872461197104e-17, 0.6259965492866938], [0.6259965492866938, -1.186432012952536e-16, -0.6259965492866937], [1.7676948003886869e-16, 0.8852928099999999, 0.0]]
4	[[0.23507429571004806, 0.1639243119487907, -0.9580547455383437], [0.7224674736879957, -0.6888480443340972, 0.059406407734983124], [-0.6502159833157828, -0.7061283111228478, -0.2803604524027675]]	0.6678226200919634	0.3321773799080367	[[0.15698793207735737, 0.10947236350241378, -0.6398106303569562], [0.482480121209539, -0.4600283058124213, 0.039672942863827956], [-0.4342289416036184, -0.47156845885517346, -0.18723105189378442]]	0.8267317751234465	0.24549696512666516	[[0.1212080217761875, 0.10438276980590318, -0.7547447999378982], [0.634465944668339, -0.6391592118859322, 0.016991234670105628], [-0.524989190051298, -0.5470744095011142, -0.154422793676581]]	[[-0.07313536800207443, -0.031138667597410144, 0.03730950050645855], [0.03717912767731019, -0.0696666454032894, -0.03212193025034409], [0.012565024048996797, 0.036704302618398424, 0.07736010081277159]]	0.2917617739738271	[[0.0, 0.0, -0.912673], [0.6453572673058698, -0.64535726730587, 0.0], [-0.64535726730587, -0.6453572673058698, 0.0]]
4	[[-0.22702687951129652, -0.2600962815277815, 0.9385141023526418], [0.7861776675639859, -0.6177088015181534, 0.01898714171901844], [0.574789936414178, 0.742149419498815, 0.3447183896089062]]	0.6820481270153319	0.31795187298466865	[[-0.15484325795281528, -0.17739818165967586, 0.6401117856870944], [0.5362110056632987, -0.4213071311163422, 0.012950144446831216], [0.3920343995585515, 0.506181621534683, 0.235114531980496]]	0.8181951307425455	0.27292914186394346	[[-0.12223223415496345, -0.12223223416667407, 0.7643120649255861], [0.6979633034166668, -0.5775070314986134, -2.6153897467131745e-12], [0.4552747973479295, 0.575731069256184, 0.17286248331671292]]	[[0.0635200532088539, 0.09057727690359886, -0.0035756037525562843], [0.05471656391728223, -0.07210069787964657, -0.01553518690383518], [-0.0150155298259681, -0.031491972061152916, -0.10918442453870592]]	0.3646009329933191	[[0.0, 0.0, 0.9409], [0.6653167704184225, -0.6653167704184226, 0.0], [0.6653167704184226, 0.6653167704184225, 0.0]]
4	[[-0.04368688083802902, -0.7928421645001731, 0.6078591601952907], [-0.07099332237196321, 0.6093655773994191, 0.7897047177643444], [-0.9965196458782106, -0.008654205414294847, -0.08290778074109101]]	0.8068362894045032	0.19316371059549706	[[-0.03524816083101212, -0.6396938300887541, 0.4904428292925059], [-0.05727998879509244, 0.4916582613597801, 0.637162424206214], [-0.8040282133990647, -0.006982526984214081, -0.06689300617590394]]	0.8822776574757684	0.16457193488877983	[[-0.013077288688038768, -0.684135395427036, 0.5307996214201944], [-0.030105859412877307, 0.5438769101044448, 0.6540295360205991], [-0.8738939381163683, -2.7710694096408186e-12, -0.03552264974414043]]	[[0.02546667020016051, 0.015371532216194448, -0.005500934512094043], [0.03252996274588044, 0.006247275930116217, -0.04270929246608887], [0.005313080677641627, 0.007635412077467098, 0.03762503283462398]]	0.17115919050263106	[[0.0, -0.6453572673058698, 0.64535726730587], [0.0, 0.64535726730587, 0.6453572673058698], [-0.912673, 0.0, 0.0]]
4	[[-0.3901123425915053, -0.19274962118636868, 0.9003665607352815], [0.8924450663689159, 0.1615093954769425, 0.42125588267281683], [-0.22661457073972407, 0.9678648142716957, 0.10901163985220427]]	0.7623320170167596	0.23766798298324063	[[-0.29739512899091564, -0.14693920749822095, 0.6863782562997697], [0.6803394475216714, 0.12312378322109549, 0.32113684671814335], [-0.17275554279740102, 0.7378343360632932, 0.08310306328683542]]	0.8363619606439019	0.2278001761682257	[[-0.3034009127123821, -0.15013165031149647, 0.72972325857844], [0.6956795583642246, 0.13023163922429412, 0.357344623883807], [-0.18417535048773676, 0.8014523201719309, 0.0199000111490908]]	[[0.022874211008834914, 0.01107680077730408, -0.023309083456327512], [-0.050727547111059534, -0.00484867543921288, 0.005022227918792168], [0.0053564562066149984, -0.008032993530590048, -0.07127317769070567]]	0.42659677331920093	[[-0.6259965492866937, 9.82872461197104e-17, 0.6259965492866938], [0.6259965492866938, -1.186432012952536e-16, 0.6259965492866937], [1.7676948003886869e-16, 0.8852928099999999, 0.0]]
4	[[-0.8451655046892217, 0.03102096411427288, 0.5336037569853065], [0.3597306106374598, 0.7713925264558512, 0.5249261451846907], [-0.3953342351148118, 0.635603075758354, -0.6631135442989435]]	0.622071752579093	0.377928247420907	[[-0.5257535867214178, 0.0192972655132589, 0.3319398242906384], [0.22377825141559193, 0.47986150085880536, 0.3265417271096279], [-0.24592626049238622, 0.39539071928166125, -0.412504204660978]]	0.7695733652264647	0.35789751677222503	[[-0.6237488927434984, 0.0029016784292693314, 0.28179114595159477], [0.2609355323098534, 0.6514769750763435, 0.3553286399919599], [-0.22360283623250807, 0.4958076464708095, -0.4777688655200316]]	[[0.026667968873509296, -0.020971229316721043, -0.12885609300907225], [-0.015903564293387747, 0.05783383258116938, -0.048640540053178534], [0.08063586147402792, 0.006664448511161448, 0.03254565629335434]]	0.5443657658195181	[[-0.8852928099999999, 0.0, 0.0], [0.0, 0.6259965492866938, 0.6259965492866937], [0.0, 0.6259965492866937, -0.6259965492866938]]
4	[[-0.20892554660170207, -0.8722728212278597, 0.4421427838655412], [-0.9769286190798419, 0.16569047850232185, -0.13474842691632785], [0.04427854107729115, -0.4600943280250934, -0.8867652564908058]]	0.6209677728776731	0.3790322271223269	[[-0.12973603137050937, -0.541653311139589, 0.2745564197909192], [-0.6066411888504707, 0.10288844742262265, -0.083674430561002], [0.027495547039038035, -0.28570375018739186, -0.5506526463883943]]	0.7753072342512806	0.33816708813639185	[[-0.1746835182529897, -0.5888314205354274, 0.28884654642016344], [-0.8237902613759892, 0.0984747943778509, -0.05388770546845614], [0.05388770547049206, -0.28884654632222695, -0.6072999975497118]]	[[-0.012702030552786934, 0.0874480080033064, -0.05394995248279112], [-0.06637043565627435, -0.029986232251555445, 0.05058372472375268], [0.0195582322511757, 0.06786791463360964, 0.0802155208903021]]	0.4968948826085127	[[-1.7676948003886869e-16, -0.8852928099999999, 0.0], [-0.8852928099999999, 1.588041686713489e-16, 0.0], [0.0, 0.0, -0.8852928099999999]]
4	[[-0.09570001472736311, 0.5345101365068197, -0.8397263966034669], [0.9941363825171496, 0.008658117471247562, -0.10778631618888002], [-0.05034242879418521, -0.8451177142702161, -0.5322045554951473]]	0.5913867964838967	0.4086132035161033	[[-0.056595725133077, 0.3161022373169386, -0.4966031036102903], [0.587919130524907, 0.005120296354902358, -0.06374340423574207], [-0.029771847691811883, -0.49979145769405636, -0.31473874714841144]]	0.7599218705059498	0.3664879935072568	[[-0.07333885674764251, 0.352799583333249, -0.5294721253044236], [0.8578864922342994, 0.03885295300334318, -0.02438521639517273], [-0.024385216393056425, -0.5294721252971607, -0.3587923160532062]]	[[-0.0006143225485777885, -0.053386359405403566, 0.10865432871570346], [0.10242051289384808, 0.032273460179532476, 0.05752396261802674], [0.013871096262033419, 0.11275130892877512, 0.04564156525045357]]	0.5453017517930222	[[0.0, 0.0, -0.8852928099999999], [0.8852928099999999, -1.588041686713489e-16, 0.0], [-1.7676948003886869e-16, -0.8852928099999999, 0.0]]
4	[[-0.6282958732607286, -0.7138118081737849, -0.3093816383614419], [-0.5738327107911779, 0.1566825842932765, 0.8038448779492399], [-0.5253192511888238, 0.6825857237672436, -0.5080515860024072]]	0.6114458420316238	0.38855415796837645	[[-0.3841688992709007, -0.4364572621009355, -0.18917011637703507], [-0.3508676250350008, 0.09580291468489306, 0.491507608260481], [-0.32120427187857287, 0.41736420262762786, -0.3106460297987442]]	0.7266828766594645	0.3958579526345112	[[-0.5178906218164282, -0.490281753845491, -0.32012793591933836], [-0.40994055752906705, 0.03354351132960841, 0.47680135473114726], [-0.40046913225622566, 0.3964601584323009, -0.3359477827721579]]	[[-0.06131876924205135, 0.02843306431172898, -0.09530559696922766], [0.007053847469964255, -0.08031503974706883, -0.10733895356498292], [-0.018728627637735154, -0.09956319888156241, 0.03324460523547485]]	0.6612765845805892	[[-0.44264640499999985, -0.44264640499999997, -0.6259965492866938], [-0.44264640499999997, -0.4426464050000001, 0.6259965492866937], [-0.6259965492866938, 0.6259965492866937, 0.0]]
4	[[-0.5981897663743452, -0.7419171441245457, 0.3028662322859456], [0.7115509511219108, -0.6655993255599615, -0.22510615667197656], [0.3685976768273374, 0.0808485563767378, 0.9260665546111073]]	0.6593073181464026	0.34069268185359736	[[-0.39439089061089266, -0.4891514025795926, 0.19968192336555204], [0.4691307493087088, -0.4388345062949926, -0.14841413645364462], [0.24301914578402645, 0.05330404488075523, 0.6105624565457283]]	0.819300308619521	0.2771351804936469	[[-0.4867920403935911, -0.6442316676447692, 0.13395321247547615], [0.5745200401682982, -0.6455253895094685, -0.13212361337040393], [0.16282871403741048, 0.06241198588634536, 0.7495461696700311]]	[[0.003305019809949329, -0.03637872249341562, -0.11418518510683051], [-0.008453873684397149, -0.10019965666124778, 0.052305930263100826], [-0.13916347634366555, -0.0038272613045586294, -0.009180444325066062]]	0.3832067215566617	[[-0.64535726730587, -0.6453572673058698, 0.0], [0.6453572673058698, -0.64535726730587, 0.0], [0.0, 0.0, 0.912673]]
4	[[-0.9329322773960255, -0.042925561482400815, -0.35748393245583304], [-0.169270649991114, -0.8240132564325088, 0.5406936288463909], [-0.3177810769134181, 0.5649420761413629, 0.7614825262347359]]	0.6531692044628532	0.3468307955371471	[[-0.6093626334444795, -0.028037654844581324, -0.23349749577042844], [-0.11056237579360582, -0.5382200831708668, 0.3531644274117304], [-0.20756481320088652, 0.36900276644084684, 0.4973769358731063]]	0.7952152623058871	0.3000661545150481	[[-0.7481858476185891, -0.07879298280182723, -0.19261855751454257], [-0.19361079299798345, -0.6463819524170292, 0.438394902532026], [-0.19261855720840623, 0.43839490311237167, 0.5339596114083603]]	[[-0.006303861935480133, -0.04465792116797188, 0.09165812160346272], [-0.05900418866461151, 0.008885965440476455, 0.008427076641821048], [0.06008580522514459, -0.010855658154014295, -0.07158291543274524]]	0.39809409326599415	[[-0.8852928099999999, 0.0, 0.0], [0.0, -0.6259965492866938, 0.6259965492866937], [0.0, 0.6259965492866937, 0.6259965492866938]]
4	[[0.15665500554066836, 0.7010445100749366, 0.6956980696630148], [0.9690588098128995, 0.026938980891129116, -0.2453554858415722], [-0.1907465133706504, 0.7126085083707178, -0.6751332323583257]]	0.5859397272354304	0.4140602727645697	[[0.091790391216564, 0.41076982901320463, 0.40763713717656214], [0.5678100546968611, 0.01578461911534856, -0.14376352644972742], [-0.1117659600155084, 0.4175456350203856, -0.39558738201561194]]	0.7500590371838792	0.3929321207109302	[[0.10751957928779911, 0.4857785601210149, 0.43017311667430697], [0.8242942191363906, 0.06481160985540917, -0.13436542708789725], [-0.0916574576585452, 0.44786333683083057, -0.4209669502745233]]	[[-0.009980923338069802, -0.04004621012883659, -0.09164150762781768], [0.09744290127357068, 0.0446057837854939, 0.04966567239021535], [0.051413688506426816, -0.08663511484675047, 0.0854228319590027]]	0.7512467536264041	[[0.0, 0.0, 0.8852928099999999], [0.8852928099999999, 1.588041686713489e-16, 0.0], [-1.7676948003886869e-16, 0.8852928099999999, 0.0]]
4	[[0.6069875784705717, -0.6928697567511047, 0.38922690010082395], [0.12403339438257666, 0.5663640199931965, 0.8147683805444849], [-0.7849724814669417, -0.44627715271657287, 0.4297149128233985]]	0.7060007554772212	0.2939992445227789	[[0.42853368896551336, -0.4891665717135984, 0.2747944855232383], [0.08756767013850321, 0.39985342599031237, 0.5752270922033584], [-0.5541911649444901, -0.315072006970124, 0.3033790530931477]]	0.8280022848104595	0.2592226361584194	[[0.471246145081129, -0.5835851126727329, 0.2686471444890708], [0.1445406843448224, 0.4779327957813935, 0.629366717740449], [-0.5702467248716696, -0.4113754332076051, 0.36071957327438975]]	[[-0.03134095674407285, -0.009887371006750975, -0.053633618104103636], [0.04184075040325228, 0.00898209319259027, -0.04526336294170184], [0.07971228329629505, -0.041856931099576944, 0.00491464363948833]]	0.47505532099647674	[[0.6259965492866938, -0.6259965492866937, 0.0], [0.44264640499999997, 0.4426464050000001, 0.6259965492866937], [-0.44264640499999985, -0.44264640499999997, 0.6259965492866938]]
