4	[[0.7682057170631343, 0.5541913911831843, 0.3205181402198053], [0.09030813392978146, -0.589450211148092, 0.8027408607536998], [0.6338015598100375, -0.5877247234172788, -0.5028670125057387]]	0.6698839150518995	0.3301160849481007	[[0.5146086533115043, 0.3712438988138504, 0.21470994661559686], [0.060495966317913374, -0.39486321517205275, 0.5377431905738201], [0.4245734702515486, -0.39370733869556157, -0.3368625230877964]]	0.7921209613361931	0.3191673840109101	[[0.5702364561482669, 0.429684730429196, 0.23833709852493504], [0.03850092133023713, -0.5208953171596076, 0.6170974832246687], [0.4224268989290674, -0.410879442748215, -0.34622094168152184]]	[[-0.03827539495574294, -0.009301887119070519, -0.015552038831665674], [-0.03303404453469911, -0.053979449245159086, -0.018770379099395343], [-0.0796206019240383, 0.054669630166127844, 0.05211055968878344]]	0.6111703714063532	[[0.6522127806865583, 0.6522127806865584, 1.8417244351911998e-16], [-1.1699418233585078e-16, -1.169941823358508e-16, 0.9223681599999999], [0.6522127806865584, -0.6522127806865583, 0.0]]
4	[[-0.9377842524711256, -0.012787777579644166, -0.34698295139926694], [-0.21556114428834758, -0.7619772552868597, 0.6106750817731164], [-0.2722022940576928, 0.6474775171155194, 0.7118137227812147]]	0.6899450689956745	0.31005493100432596	[[-0.6470196207742481, -0.008822864084488841, -0.23939917634348967], [-0.14872534856881078, -0.5257224499720273, 0.42133226142789176], [-0.18780463055441624, 0.4467239202194152, 0.4911123680763527]]	0.829093314445407	0.26787798204409696	[[-0.7605288313140259, -0.01624361742844861, -0.17925788102196152], [-0.1560903420411307, -0.6745174018461544, 0.4680828050192738], [-0.14563410728210624, 0.5492577729981603, 0.5599142586016667]]	[[0.016981822801968166, -0.005641356530550794, 0.10842336420970633], [0.02262996154254011, -0.04276715372835796, -0.03822382257721861], [0.08004699489782972, 0.012438492303971765, -0.030245740086734328]]	0.3554438494998889	[[-0.9223681599999999, 0.0, 0.0], [0.0, -0.6522127806865584, 0.6522127806865583], [0.0, 0.6522127806865583, 0.6522127806865584]]
4	[[0.8875576111457726, 0.3128668588496867, -0.3381653671367607], [-0.3273769476023962, 0.9447770405743245, 0.014855227435465884], [0.3241385831334306, 0.09752267550242714, 0.9409694504536801]]	0.691008847482211	0.3089911525177891	[[0.6133101619519047, 0.21619376754910136, -0.2336752606035718], [-0.2262203672549762, 0.6528492939349183, 0.010265093589267086], [0.22398262875554906, 0.06738903160231349, 0.6502182154739673]]	0.784308827188776	0.355579208855049	[[0.5508796299672764, 0.2623709818847224, -0.25504623408927307], [-0.2623709818858322, 0.7593489592063546, -0.04371495202641701], [0.2550462340913092, 0.04371495202813995, 0.6666148485558416]]	[[-0.14523963909293636, 0.01698674275408837, 0.010179848405621677], [-0.005606352063155551, 0.018351986558623527, -0.055366038033949794], [0.0008214821072965998, -0.032772943219480294, -0.07139579754995146]]	0.5408915328237756	[[0.6522127806865582, 0.6522127806865585, 0.0], [-0.6522127806865585, 0.6522127806865582, 0.0], [0.0, 0.0, 0.9223681599999999]]
4	[[0.1500697479079782, -0.48793689800337037, 0.859881767645811], [0.7237996175280507, -0.5382464804175793, -0.4317462680606933], [0.6734932697726708, 0.6871741481494608, 0.2723940265240403]]	0.7411593377956518	0.2588406622043487	[[0.11122559498263751, -0.36163898821024243, 0.6373094014909241], [0.5364508452238359, -0.3989264049971336, -0.3199927781316073], [0.4991658258345411, 0.5093055365927447, 0.20188737631804884]]	0.8335769821487098	0.2576199466090135	[[0.2010737371025672, -0.36877419355601654, 0.6647898213257921], [0.5908269632337294, -0.517028274598844, -0.3507597828630072], [0.5728125525353344, 0.5728125525423603, 0.1401972654211339]]	[[0.07597904952961715, 0.03795877336063596, -0.05198782755310062], [-0.012515737625693971, -0.06835839780019363, 0.00913396832099362], [0.011404065220764446, -8.267777578008492e-11, -0.08686412516411106]]	0.4095276318280964	[[0.47059599999999985, -0.47059599999999996, 0.665523245598529], [0.47059599999999996, -0.47059600000000007, -0.6655232455985289], [0.665523245598529, 0.6655232455985289, 0.0]]
4	[[0.6438892552647056, -0.6636492387928785, 0.380757553837473], [-0.15091110836074634, -0.5980263899765946, -0.7871405683007917], [0.7500883043535569, 0.4493708098454942, -0.48521480905966874]]	0.6518272271162063	0.34817277288379384	[[0.4197045478291122, -0.4325846431001433, 0.2481881405214296], [-0.09836796930381868, -0.38980988352075857, -0.5130796539861799], [0.48892797951907596, 0.2929121289285526, -0.3162762235450834]]	0.7835076500381585	0.3314396363798811	[[0.4573238608962366, -0.5080920156295385, 0.2735067564434666], [-0.06435209520275512, -0.49535882725698993, -0.6717527810172689], [0.5570301280926468, 0.3277331396485663, -0.24850758159641279]]	[[-0.04716829638103261, 0.01188223990668195, -0.02481969979800952], [0.053887912673627164, -0.026800575785625065, -0.05502212409821474], [-0.03066979657251566, -0.02435232756922121, 0.13166193321364217]]	0.6418737443463621	[[0.6522127806865583, -0.6522127806865584, 1.8417244351911998e-16], [1.1699418233585078e-16, -1.169941823358508e-16, -0.9223681599999999], [0.6522127806865584, 0.6522127806865583, 0.0]]
4	[[0.5403191569681028, 0.6036400661371987, -0.5862370503193712], [0.4146608078153325, 0.41521567174819174, 0.8097236321095203], [0.7321964374914798, -0.6805987191352745, -0.02595689573522414]]	0.8388274596403155	0.16117254035968542	[[0.4532345458345501, 0.5063498632149773, -0.4917517356664294], [0.3478288720321367, 0.348294307135383, 0.6792184173331586], [0.6141864776186676, -0.5709048946066951, -0.0217733569097274]]	0.9060266781509873	0.1295837094626735	[[0.4762571135336928, 0.5034766067793417, -0.53635082833671], [0.37925730782207584, 0.37925730781933326, 0.700748762346046], [0.6605701272886384, -0.6333506340447576, -3.870782130546709e-11]]	[[-0.013286457395459375, -0.04343739714178699, -0.005204421026816462], [0.0035635535577456146, 0.003060832029088242, -0.032882450274494365], [-0.002819378725753326, -0.016710037392808328, 0.02351763997938883]]	0.17584971969047686	[[0.46118407999999983, 0.46118407999999994, -0.6522127806865584], [0.46118407999999994, 0.46118408000000005, 0.6522127806865583], [0.6522127806865584, -0.6522127806865583, 0.0]]
4	[[0.6569714475509829, -0.30708792903278176, -0.688538685147845], [0.5770443935784932, 0.7925721197384169, 0.19710201128598737], [0.4851889167555201, -0.5268077816962367, 0.6979006205770957]]	0.683366310371225	0.31663368962877536	[[0.4489521541321579, -0.20985354502267273, -0.4705241408173372], [0.3943326981601361, 0.541617085168743, 0.13469287421925286], [0.33156175987623127, -0.3600026900526068, 0.4769217720895579]]	0.7896555136972214	0.3276787483149033	[[0.49048644651172796, -0.37145002348994377, -0.5241987225477122], [0.4864237744907535, 0.6221402293420953, 0.27757118882891313], [0.24662753380977467, -0.3925449397290923, 0.531055146905447]]	[[-0.02829467938855091, -0.1289563471393465, 0.019509646573118624], [0.03075748745342676, -0.0037187150120396436, 0.12192849885612127], [-0.13650456949100376, 0.023451729745943267, -0.02004592614596929]]	0.5039153789575077	[[0.6522127806865584, -0.46118407999999994, -0.46118407999999983], [0.6522127806865583, 0.46118408000000005, 0.46118407999999994], [0.0, -0.6522127806865583, 0.6522127806865584]]
4	[[-0.16743794764991254, 0.7773753727082936, -0.606343189615771], [-0.9312695185128573, 0.07714504854866044, 0.35606983215832233], [0.3235762932843136, 0.6242885321636675, 0.711028980445465]]	0.6237912944273869	0.3762087055726135	[[-0.104446334100804, 0.4849199899976784, -0.37823160311765236], [-0.5809178184139043, 0.04812240969283251, 0.22211326150858218], [0.20184407483383776, 0.38942575157454745, 0.44353368808746196]]	0.770227010994667	0.36836635546264695	[[-0.1907377070413944, 0.6309336585355536, -0.35947215725224846], [-0.7726593148595865, 0.11720234758182589, 0.21774650094785555], [0.21774650081856053, 0.35947215723911136, 0.4921933029226845]]	[[-0.0617724770959207, 0.032178148793579414, 0.10754974532247982], [-0.0553703771849862, 0.057783147425152614, -0.056508101580821514], [-0.031480700386550375, -0.12137173288755827, -0.05546042341641223]]	0.7357316397794601	[[-1.8417244351911998e-16, 0.9223681599999999, 0.0], [-0.9223681599999999, -1.6545475937811098e-16, 0.0], [0.0, 0.0, 0.9223681599999999]]
4	[[-0.8598553706683427, -0.29151891260974605, 0.4191246415132833], [0.4738316458013455, -0.15002286318554503, 0.8677423073463686], [-0.19008501511164744, 0.9447274020120526, 0.2671288507772275]]	0.6975132696992034	0.30248673030079715	[[-0.5997605310632959, -0.20333830991358012, 0.2923449991134368], [0.3305038605498517, -0.10464293783018569, 0.6052617740534968], [-0.13258682041134767, 0.65895989915186, 0.18632591813661448]]	0.8171738958364599	0.2886725384016219	[[-0.6790501419722047, -0.15394237482186612, 0.43347928399529306], [0.36971426454671524, -0.06479112180233051, 0.6522127806287589], [-0.21770739428685645, 0.74158842374592, 0.2187334965599144]]	[[0.023601221132748422, 0.08427927070544869, 0.09098156784882348], [-0.01748858742337196, 0.0578036457715414, -0.0568835812475918], [-0.062374881947939075, -0.03041814785972715, 0.0004427728799710536]]	0.4388461215730549	[[-0.6522127806865583, 1.0240343684131402e-16, 0.6522127806865584], [0.6522127806865584, -1.2361188302795848e-16, 0.6522127806865583], [1.8417244351911998e-16, 0.9223681599999999, 0.0]]
4	[[0.406855499873406, -0.3245501708658478, -0.8538944834191807], [-0.8488954288502084, 0.21093624421169652, -0.4846467288191305], [0.33740947393335186, 0.9220483108106712, -0.18968858540040373]]	0.7206635690752735	0.2793364309247268	[[0.2932059366366732, -0.23389148448017147, -0.6153706460345533], [-0.6117680095268763, 0.15201406660093464, -0.3492672413314509], [0.24315871572461997, 0.6644866265286455, -0.13670165296749467]]	0.821857056328887	0.27937079517081603	[[0.29703506951611797, -0.2522445738361563, -0.7056986908620744], [-0.64537177711068, 0.15812659985617, -0.3442431508315707], [0.31257148752962627, 0.7373703540866285, -0.07582787300520243]]	[[-0.0373419939610572, 0.01448927422268671, -0.003919484303710962], [0.05229892117519994, -0.015232840884726227, 0.054067183075144486], [0.03526913050528323, -0.020421556429251975, 0.08006902941116409]]	0.502586197658139	[[0.46118407999999983, -0.46118407999999994, -0.6522127806865584], [-0.46118407999999994, 0.46118408000000005, -0.6522127806865583], [0.6522127806865584, 0.6522127806865583, 0.0]]
4	[[-0.3165369632697661, -0.9278010874929129, 0.1974575724831094], [-0.8157660753724355, 0.3724826131232639, 0.4424730649342605], [-0.48407650341181413, -0.021020108654157543, -0.8747731670991965]]	0.6264028177256378	0.3735971822743623	[[-0.19827964570649761, -0.581177215494471, 0.1236879797846834], [-0.5109981682182789, 0.23332415841422172, 0.2771663746425203], [-0.3032268857319345, -0.013167055289863608, -0.5479603767417169]]	0.7901725369768386	0.3468313000806877	[[-0.20179406793565866, -0.8147099451380333, 0.11237856794833248], [-0.6016321871327799, 0.3141726359496278, 0.2130777581730593], [-0.2596264851238638, -1.0363788835477785e-10, -0.6852180268329526]]	[[0.048324747378156785, -0.08158700602388776, -0.04364698304593415], [0.04296376222389547, 0.019847104558256258, -0.13655230608996255], [0.1228774736679265, 0.016609512479146687, 0.006003705893083031]]	0.5983790021203907	[[-1.8417244351911998e-16, -0.9223681599999999, 0.0], [-0.9223681599999999, 1.6545475937811098e-16, 0.0], [0.0, 0.0, -0.9223681599999999]]
4	[[0.39514561495520173, 0.8903073900525152, 0.22630221872432854], [-0.7137866099724287, 0.4526453451835295, -0.5344350913887965], [-0.5782461572771092, 0.04964818930798781, 0.814350317058141]]	0.6910599597415653	0.3089400402584348	[[0.27306931276299784, 0.615255789127309, 0.15638840216106126], [-0.49326934595161503, 0.31280507401973706, -0.36932669273962165], [-0.3996027661686339, 0.03430987570441963, 0.5627648973217299]]	0.8069309314404616	0.31311999946813585	[[0.26312056537448275, 0.7608047827025447, 0.15648692147807206], [-0.5627004181095404, 0.3672005125197124, -0.3614637565580144], [-0.35861708607862214, 0.12652162817666776, 0.6391913140879363]]	[[-0.05573465375593221, 0.042388211179142744, -0.02612333866419346], [0.013276075925241194, 0.001946982518577449, 0.06978844953081532], [0.10798762421486324, 0.08645896853404075, -0.017933145774624966]]	0.47700366587996595	[[0.6522127806865584, 0.6522127806865583, 0.0], [-0.46118407999999994, 0.46118408000000005, -0.6522127806865583], [-0.46118407999999983, 0.46118407999999994, 0.6522127806865584]]
4	[[-0.28551340625994115, -0.7402800071091643, -0.6086605013636927], [-0.9037881084920453, 0.4192574902120425, -0.08596634137539147], [0.31882463799746885, 0.5255555802915186, -0.7887599015101034]]	0.5982280726603534	0.4017719273396467	[[-0.17080213474557698, -0.44285628188190834, -0.36411779863528637], [-0.5406714182365426, 0.2508116003179674, -0.05142747871466237], [0.19072984870586054, 0.31440210187368856, -0.4718583156721594]]	0.7747578200278239	0.37706900965598406	[[-0.14842465787239378, -0.5049490349968028, -0.3781762815711341], [-0.7836299208311702, 0.38862779155501365, -2.5577331076774514e-11], [0.24020313366350218, 0.27868088587120243, -0.566428541251552]]	[[0.07277908635027666, 0.06858868952127507, 0.0933882016024428], [-0.08341301612880224, 0.06380477240799436, 0.06660309521418871], [-0.00680874784257681, -0.1284974098189124, 0.04466936056777711]]	0.716701709286928	[[-0.6522127806865582, -0.6522127806865585, 0.0], [-0.6522127806865585, 0.6522127806865582, 0.0], [0.0, 0.0, -0.9223681599999999]]
4	[[-0.9506790929980296, 0.17724456833992716, -0.25454591949280275], [0.013897849357551978, -0.7954843399685079, -0.6058147527488101], [-0.30986466710433175, -0.579473060511755, 0.7537870125051647]]	0.698618714403182	0.3013812855968181	[[-0.6641622057602667, 0.12382637246858678, -0.1778305430326383], [0.00970929765114203, -0.5557402469166628, -0.4232335237318552], [-0.21647725537139773, -0.40483072456599944, 0.5266097136101737]]	0.835113680950717	0.2635704606467036	[[-0.782661392303146, 0.1177683976670176, -0.12599778677773618], [0.023138250850973558, -0.7079046891010499, -0.5237667849656154], [-0.1632789171439588, -0.4337621744306883, 0.5934070395224512]]	[[0.011263724453327295, -0.030250966227859714, 0.08657699302088334], [0.011531966716689795, -0.043584833811297026, -0.017842596823308802], [0.09549330559810837, 0.05016370614506089, -0.03609080714358091]]	0.3357686992369615	[[-0.9223681599999999, 0.0, 0.0], [0.0, -0.6522127806865584, -0.6522127806865583], [0.0, -0.6522127806865583, 0.6522127806865584]]
4	[[-0.7789526709276531, -0.6132277320749256, -0.13108960702099365], [0.4894249346840115, -0.725216103161197, 0.48427764456480876], [-0.3920407756397623, 0.31307084235030797, 0.8650379632743539]]	0.6715275108566436	0.3284724891433566	[[-0.5230881481831811, -0.4117992925085397, -0.08803027750198386], [0.32866230813953023, -0.48700256458899327, 0.3252057612181248], [-0.263266166219677, 0.210235683485295, 0.5808967902741273]]	0.7978728428472692	0.3314937596161939	[[-0.6256390750501641, -0.5606551485659202, -0.08598043657545487], [0.35043740620770214, -0.5806486355423135, 0.2832200095159307], [-0.17460347968523365, 0.19459696624291672, 0.6901902988877612]]	[[-0.004133893053644438, -0.07137739466251618, 0.01861240084611667], [-0.040061457788969475, -0.0020184016344702693, -0.10317197148037252], [0.13819520848651196, -0.05519375675571258, -4.0759745814474425e-11]]	0.5272260465161326	[[-0.665523245598529, -0.6655232455985289, 0.0], [0.6655232455985289, -0.665523245598529, 0.0], [0.0, 0.0, 0.9411919999999999]]
4	[[-0.2538643033432252, 0.48696402069590106, -0.8357146391177678], [-0.8713143736524561, 0.26000688613899875, 0.4161822694768838], [0.4199573523045962, 0.8338239992396379, 0.35829228366981253]]	0.6840316991891267	0.31596830081087335	[[-0.1736512307793302, 0.3330988265205863, -0.571655304632955], [-0.5960066515373998, 0.1778529521265331, 0.28468186496265985], [0.28726414128387984, 0.5703620470245625, 0.2450832796050146]]	0.8035298417158684	0.3174395390617425	[[-0.22505476423914195, 0.3655821898023879, -0.6502951058204178], [-0.7049540263534634, 0.2172953298170436, 0.3082850789802149], [0.31465423337889664, 0.6476569156509783, 0.15051784654766123]]	[[-0.02106722075645105, -0.02570793266871257, 0.021226545869516656], [-0.0048269256077438675, 0.008372037752737876, -0.02612979413749655], [-0.022794031445830705, -0.022345550476940517, -0.1373806954375601]]	0.5248716162924563	[[-0.46118407999999983, 0.46118407999999994, -0.6522127806865584], [-0.46118407999999994, 0.46118408000000005, 0.6522127806865583], [0.6522127806865584, 0.6522127806865583, 0.0]]
4	[[-0.7357259517984016, -0.6355984379310936, 0.23392723131326343], [-0.6762908134220847, 0.6707859050452003, -0.3044289823153933], [0.03657949604943121, -0.38217914031543476, -0.9233639830405582]]	0.7147329563680681	0.2852670436319327	[[-0.5258475846055813, -0.45428315060541613, 0.16719550161152583], [-0.48336733244173197, 0.4794327930029863, -0.21758542653440352], [0.026144571353864388, -0.2731560268198572, -0.659958669402373]]	0.8426036612725295	0.2564015654897482	[[-0.684766627875259, -0.5080116642737339, 0.13332686356891818], [-0.6059435556279319, 0.5136919435296253, -0.18906319257230458], [0.035394972153755484, -0.22962791020964105, -0.7387783422756182]]	[[-0.06484124719670896, 0.027545906626106474, -0.06378107800698343], [-0.03609844015350595, -0.05151471599146775, 0.06744978252411593], [0.004572954855000658, 0.09239763268213183, 0.03925153052154151]]	0.3853228500049662	[[-0.6522127806865582, -0.6522127806865585, 0.0], [-0.6522127806865585, 0.6522127806865582, 0.0], [0.0, 0.0, -0.9223681599999999]]
4	[[0.312078085329446, 0.25026955923460475, -0.9165000907679297], [0.9493512559049828, -0.044986478459825396, 0.310979757648975], [0.036598655285933646, -0.9671304795508722, -0.25163301443761527]]	0.6903505181703675	0.3096494818296333	[[0.21544326791679944, 0.17277371989987853, -0.6327063125648287], [0.6553851314396947, -0.031056438715400585, 0.21468503683346518], [0.02526590064098316, -0.6676590276962998, -0.17371498190577925]]	0.8078083500829222	0.29782666669148056	[[0.20976853484126373, 0.1279214723185648, -0.7185009161041713], [0.7517218823817663, -0.051869345290320466, 0.15257511899200837], [0.09470050596605407, -0.7763755290318491, -0.14408238796989814]]	[[-0.04233074836575336, -0.07424836740272141, 0.021855510069918697], [-0.015171989299988562, -0.015528892349648027, -0.09863692594359694], [0.06513580662427043, 0.0048805479690470985, 0.05918886224934403]]	0.4000986730974162	[[0.0, 0.0, -0.9223681599999999], [0.9223681599999999, 1.6545475937811098e-16, 0.0], [1.8417244351911998e-16, -0.9223681599999999, 0.0]]
4	[[-0.010871777499557311, -0.0840287307277911, 0.9964040229075135], [0.9413747147740295, -0.3368748437119881, -0.018137972823285553], [0.33718756032528074, 0.9377923608594283, 0.08276495076773299]]	0.8163416527947438	0.1836583472052667	[[-0.008875084812805677, -0.06859615292457975, 0.8134061069116613], [0.768483390557802, -0.2750049667008152, -0.01480678271290677], [0.2752602502977631, 0.7655589658422705, 0.06756447670320595]]	0.8937059544749004	0.162522190736269	[[0.0019651590094512173, -0.038730682546261025, 0.9118669377183252], [0.832765400159043, -0.27972783014685976, -0.0027791545418698435], [0.2805418257122615, 0.7968138722103283, 0.03676552372273891]]	[[0.011681331296531877, 0.03636629445213382, 0.02137472938313579], [-0.00854678782661858, 0.02133922359134552, 0.01343085977240443], [-0.020804704725306614, -0.0412967447508171, -0.03720200560020598]]	0.34723172016108533	[[0.0, 0.0, 0.9411919999999999], [0.9411919999999999, -1.6883138712052142e-16, 0.0], [1.8793106481542857e-16, 0.9411919999999999, 0.0]]
4	[[-0.22702687951129652, -0.2600962815277815, 0.9385141023526418], [0.7861776675639859, -0.6177088015181534, 0.01898714171901844], [0.574789936414178, 0.742149419498815, 0.3447183896089062]]	0.70015902928498	0.2998409707150206	[[-0.15895491958022748, -0.18210875999512446, 0.6571091228734895], [0.5504493925671295, -0.4324943948517385, 0.013294018714884358], [0.4024443639225262, 0.5196226171407018, 0.24135769304525315]]	0.8317042809661978	0.25923494431851346	[[-0.12548052993976133, -0.12397255621848209, 0.7809342572249165], [0.7142927483993771, -0.5867298893848389, 0.0010662984503618982], [0.4623156578978538, 0.5898785169040519, 0.17638996882398214]]	[[0.06333869764418114, 0.09235063459156362, 0.00036806055107641635], [0.060425416686389746, -0.0729788347716915, -0.014725388600657623], [-0.01573959287410683, -0.027370332409691507, -0.11031379154151874]]	0.3645795931985963	[[0.0, 0.0, 0.9223681599999999], [0.6522127806865583, -0.6522127806865584, 0.0], [0.6522127806865584, 0.6522127806865583, 0.0]]
4	[[0.388721369236936, 0.6072553768335828, 0.6929189017520486], [-0.1881814353775204, -0.6838834560027736, 0.704905075868346], [0.9019331707381749, -0.4044061398055253, -0.1515659249626253]]	0.780376969276385	0.21962303072362285	[[0.30334920401808313, 0.4738881105501748, 0.5407379525035856], [-0.1468524582139859, -0.5336868987337073, 0.5500916867336869], [0.7038478742704937, -0.3155892377382009, -0.11827855716790629]]	0.8716758718386687	0.21889294317474992	[[0.32341238405773975, 0.5358278895786843, 0.5925240624044854], [-0.18775211323847463, -0.5995394174368287, 0.5925240623126018], [0.7068996245419937, -0.31639702900930067, -0.11458697191234785]]	[[-0.015426654374187283, 0.006498029548552136, -0.011476625393724106], [-0.02371889649192234, -0.0034147096895692426, -0.021924684258441726], [-0.07929375840141965, 0.03611404548259121, 0.01752938787048291]]	0.3850427642208572	[[0.47059599999999985, 0.47059599999999996, 0.665523245598529], [-0.47059599999999996, -0.47059600000000007, 0.6655232455985289], [0.665523245598529, -0.6655232455985289, 0.0]]
4	[[0.2932727100912193, 0.7663848849828426, 0.5715289367876191], [0.00018149557078206424, 0.5977709472802035, -0.8016669268761718], [-0.9560288094901268, 0.235210762206075, 0.175170810260522]]	0.7832231812315731	0.2167768187684271	[[0.2296979849660497, 0.6002504076640552, 0.4476347120366978], [0.00014215153832746933, 0.46818806297661236, -0.6278841207560946], [-0.7487839255178904, 0.18422252143494472, 0.1371978392711581]]	0.8724588142479226	0.18630270194798426	[[0.19542485521364464, 0.6437113393834083, 0.504141707259437], [-0.003916173573371661, 0.554132083653467, -0.6762907206516235], [-0.8048373368747027, 0.193802723009661, 0.1167712711196228]]	[[-0.06044350568381493, -0.024927908626253447, 0.005506248761334661], [-0.004074520983847846, 0.03260155179752235, 0.02313065579253671], [0.029258424639905335, -0.01140897968300112, -0.03605804629112027]]	0.32474070977396974	[[0.0, 0.6655232455985289, 0.665523245598529], [0.0, 0.665523245598529, -0.6655232455985289], [-0.9411919999999999, 0.0, 0.0]]
4	[[-0.7099649817244492, 0.17004561671924806, -0.6833990144561036], [-0.6966343129430994, -0.02737173477805739, 0.7169040536679481], [0.1032005753632168, 0.9850559762621669, 0.13789258455366898]]	0.6555623014528189	0.3444376985471813	[[-0.4654262773701884, 0.11147549584843439, -0.4480106307274315], [-0.4566871934639815, -0.017943877445859464, 0.46997527134341516], [0.0676544066963654, 0.6457655628582794, 0.09039718008328064]]	0.7648071261883412	0.3698816621258355	[[-0.4894995524267919, 0.11928641167287934, -0.5645077110130995], [-0.43286860751642964, -0.0021200350013332006, 0.5708504591538067], [0.16869646117198162, 0.6859141576595008, 0.12140644666138767]]	[[0.053486724940242265, -0.010765687771092977, -0.04183927472698266], [0.09992227936977197, 0.01881406281306233, 0.022557130115250505], [0.08976792570745658, -0.06746367268021831, 0.015945215346213168]]	0.6599702027044432	[[-0.46118407999999983, 0.46118407999999994, -0.6522127806865584], [-0.46118407999999994, 0.46118408000000005, 0.6522127806865583], [0.6522127806865584, 0.6522127806865583, 0.0]]
4	[[0.4709175022496733, 0.19115318190370978, 0.8612184201020178], [0.8821529167293078, -0.0947858233539779, -0.46132621776469945], [-0.006552677384344174, 0.9769729314260427, -0.21326264014097962]]	0.739603482928639	0.26039651707136097	[[0.3482922248359139, 0.14137755910887542, 0.636960143069752], [0.6524433696886536, -0.07010392508486074, -0.34119847742506787], [-0.004846383015968708, 0.7225725828097038, -0.15772979142682567]]	0.8458948550483545	0.24696753638187197	[[0.41880296705363906, 0.10006511035222912, 0.6587238289804341], [0.7587889392477237, -0.05526376966203948, -0.36353919740107243], [-1.6443796579539466e-11, 0.809306694937905, -0.12295611324183517]]	[[0.020456274748418407, -0.0616303827462411, -0.06977640165673478], [0.012580325620503674, 0.0249150706446125, 0.02669427670500346], [0.005542876069764612, -0.017109681276892837, 0.057441656827448236]]	0.35627534461478305	[[0.6522127806865583, -1.0240343684131402e-16, 0.6522127806865584], [0.6522127806865584, -1.2361188302795848e-16, -0.6522127806865583], [1.8417244351911998e-16, 0.9223681599999999, 0.0]]
4	[[0.5035622894699279, 0.5369873573117416, 0.6768083914308072], [0.7236893469787391, 0.16572605027924595, -0.6699317915492047], [-0.4719096838308055, 0.8271514095654997, -0.3051586406453477]]	0.7084804240707037	0.29151957592929856	[[0.356764024389669, 0.38044503062882745, 0.4795054961755101], [0.512719735442949, 0.11741366238140241, -0.47463355977522725], [-0.3343387729235217, 0.5860205814196441, -0.2161989231332562]]	0.8223892765340607	0.289452373653396	[[0.4683130892772585, 0.4015948847180544, 0.5345251213004465], [0.5890071232508998, 0.20999089537897753, -0.5345251210060805], [-0.3471128827312114, 0.6121538121474336, -0.17083494420014414]]	[[0.05418886235024935, -0.04001775956948543, -0.022074842080515952], [-0.006147235246352463, 0.07369956878698118, 0.016419600373237055], [0.04098058074382205, -0.06808663714926652, 0.08012424950830085]]	0.3967828394786688	[[0.46118407999999983, 0.46118407999999994, 0.6522127806865584], [0.46118407999999994, 0.46118408000000005, -0.6522127806865583], [-0.6522127806865584, 0.6522127806865583, 0.0]]
4	[[-0.3298322266022023, -0.8762827350930389, 0.35119691125136165], [0.9222848180711871, -0.37850758052406547, -0.0782478487960887], [0.201497932123461, 0.2980949172053785, 0.9330262609842703]]	0.7003979628732998	0.2996020371267004	[[-0.2310138196021472, -0.6137466425602084, 0.24597760120784845], [0.6459664077660319, -0.2651059383311575, -0.05480463389599919], [0.14112874118245375, 0.20878507275353245, 0.6534896925006741]]	0.8239731423735984	0.2939208787165423	[[-0.20625690456958667, -0.6848811526114469, 0.18993739809870308], [0.8155846528382965, -0.34416544853816156, -0.005094735382317437], [0.13579823558968976, 0.13579823561649323, 0.768205251442873]]	[[0.06551599163991209, 0.037152286230896926, -0.09943942445698332], [0.05564673312871866, -0.032285368001521056, 0.05937939047416971], [-0.030230648723859888, -0.10982397003882029, -0.0005833287374234538]]	0.5035831831567206	[[-1.8417244351911998e-16, -0.9223681599999999, 0.0], [0.9223681599999999, -1.6545475937811098e-16, 0.0], [0.0, 0.0, 0.9223681599999999]]
4	[[-0.7797112461789556, 0.3586263663473402, 0.5132616310835669], [0.12556441147624647, -0.7135152995487305, 0.6892963773882098], [0.6134198816085799, 0.6018995320403472, 0.511305194748623]]	0.6618888401064078	0.33811115989359236	[[-0.516082172351311, 0.237370789653217, 0.3397221456690256], [0.08310968267065608, -0.47226781401648577, 0.4562375797190311], [0.4060157739361124, 0.39839058312277476, 0.33842720229254686]]	0.8029930366696019	0.31240463971374643	[[-0.5855189329431909, 0.40862103330260025, 0.45023349992313916], [0.22553848221547976, -0.5613506412630492, 0.5235413584937492], [0.4528003057526341, 0.5173445411090272, 0.2778067094977679]]	[[0.04058376835148804, 0.12064655835956448, 0.03808798417335247], [0.12471113414653706, 0.011597175831806411, -0.029958832750565555], [-0.03977158773374672, 0.03402340810593648, -0.132767801498371]]	0.5360187204201828	[[-0.47059599999999985, 0.47059599999999996, 0.665523245598529], [0.47059599999999996, -0.47059600000000007, 0.6655232455985289], [0.665523245598529, 0.6655232455985289, 0.0]]
4	[[0.23507429571004806, 0.1639243119487907, -0.9580547455383437], [0.7224674736879957, -0.6888480443340972, 0.059406407734983124], [-0.6502159833157828, -0.7061283111228478, -0.2803604524027675]]	0.6902262942430164	0.3097737057569838	[[0.1622544599997335, 0.11314487037275017, -0.6612745766948669], [0.49866604707477946, -0.475461032937273, 0.041003864665207126], [-0.4487961686216319, -0.4873883274464026, -0.19351215611425776]]	0.8449890645135363	0.22228907476728277	[[0.12247537393736443, 0.095221039482663, -0.7809873910013472], [0.653553926454237, -0.6520282838709811, 0.01927172568418571], [-0.5375355201322235, -0.5776046126584763, -0.15393460924973015]]	[[-0.07615983528584751, -0.04329321152197072, 0.028558392183851318], [0.04307681172115984, -0.0699592192971337, -0.030926039213907356], [0.011889875341528867, 0.019066088383742217, 0.08296690715267609]]	0.2887541821338671	[[0.0, 0.0, -0.9411919999999999], [0.6655232455985289, -0.665523245598529, 0.0], [-0.665523245598529, -0.6655232455985289, 0.0]]
4	[[-0.6282958732607286, -0.7138118081737849, -0.3093816383614419], [-0.5738327107911779, 0.1566825842932765, 0.8038448779492399], [-0.5253192511888238, 0.6825857237672436, -0.5080515860024072]]	0.6348119194503474	0.3651880805496527	[[-0.39884970928737534, -0.4531362440731235, -0.19639915169092023], [-0.364275844580744, 0.09946397207965572, 0.5102903099112877], [-0.33347892217139646, 0.4333135534940884, -0.32251720248998145]]	0.747552820203686	0.3748678611939608	[[-0.5304605222597297, -0.5104457343963477, -0.3298437079808548], [-0.41793412151778825, 0.03103285719356457, 0.5019235019654027], [-0.4223553209769193, 0.40941188915605353, -0.34077257577500686]]	[[-0.060776170281334585, 0.023166295898657152, -0.0985645917045219], [0.011036139759282797, -0.08609565057167601, -0.0989930035518388], [-0.029651433243425545, -0.10085699367692318, 0.03902282015004804]]	0.6692666618691187	[[-0.46118407999999983, -0.46118407999999994, -0.6522127806865584], [-0.46118407999999994, -0.46118408000000005, 0.6522127806865583], [-0.6522127806865584, 0.6522127806865583, 0.0]]
4	[[-0.04368688083802902, -0.7928421645001731, 0.6078591601952907], [-0.07099332237196321, 0.6093655773994191, 0.7897047177643444], [-0.9965196458782106, -0.008654205414294847, -0.08290778074109101]]	0.833543872979487	0.16645612702051327	[[-0.036414931852124265, -0.6608687284589143, 0.5066772786152415], [-0.05917604888560714, 0.5079329434458926, 0.6582535289554643], [-0.8306428451254706, -0.007213659898591474, -0.06910727265906316]]	0.9035640217998665	0.14191019840989103	[[-0.01578870003930819, -0.7073105158586613, 0.5436060143861007], [-0.035364789956499935, 0.559394714361192, 0.6719457260108406], [-0.8971147097827599, -5.366727910611307e-11, -0.041904683624448456]]	[[0.02368519371059234, 0.009073138949625111, -0.005633653087844998], [0.028782221926845427, 0.008793902499774246, -0.041603044806639254], [0.0033045892495350776, 0.007819628595954657, 0.03300780418047371]]	0.16063924469827082	[[0.0, -0.6655232455985289, 0.665523245598529], [0.0, 0.665523245598529, 0.6655232455985289], [-0.9411919999999999, 0.0, 0.0]]
4	[[-0.09570001472736311, 0.5345101365068197, -0.8397263966034669], [0.9941363825171496, 0.008658117471247562, -0.10778631618888002], [-0.05034242879418521, -0.8451177142702161, -0.5322045554951473]]	0.6114968554594398	0.3885031445405602	[[-0.05852025807320484, 0.32685126768511613, -0.5134900509693064], [0.6079112718070603, 0.00529441160786614, -0.06591099341105686], [-0.030784236903834923, -0.5167868247693069, -0.32544141214647154]]	0.7814693560159719	0.3454073322189785	[[-0.0782974904422846, 0.37171069485887365, -0.5447554052377634], [0.886665514696313, 0.0361530985403618, -0.02980058533189907], [-0.029800585298575873, -0.5447554051784312, -0.37434199198771284]]	[[-0.0035108615625731965, -0.04599259730111981, 0.11146504114556063], [0.10977839605858786, 0.029387045055795362, 0.0544311177675589], [0.009540480111495988, 0.11567819075000453, 0.04155955926384673]]	0.5496588707707631	[[0.0, 0.0, -0.9223681599999999], [0.9223681599999999, -1.6545475937811098e-16, 0.0], [-1.8417244351911998e-16, -0.9223681599999999, 0.0]]
4	[[-0.3901123425915053, -0.19274962118636868, 0.9003665607352815], [0.8924450663689159, 0.1615093954769425, 0.42125588267281683], [-0.22661457073972407, 0.9678648142716957, 0.10901163985220427]]	0.789172327634595	0.21082767236540512	[[-0.30786586544192307, -0.15211266720233318, 0.710544374459817], [0.704292950312368, 0.12745874556339512, 0.33244348545867264], [-0.17883794826658247, 0.7638121283144189, 0.08602896956142832]]	0.8591214941986546	0.1995581789771895	[[-0.31154184163494175, -0.15284862451974177, 0.757334546064491], [0.7255732847488598, 0.13053890211738972, 0.3656128252903835], [-0.18460988581326745, 0.8323084184069846, 0.02230972242135832]]	[[0.02361205703760953, 0.012746718040115972, -0.016189718920907623], [-0.04114545416022011, -0.008217291051882467, 0.0037028419285402344], [0.010079562807831104, 0.0007949529875827316, -0.071344520493513]]	0.4265256285290213	[[-0.6522127806865583, 1.0240343684131402e-16, 0.6522127806865584], [0.6522127806865584, -1.2361188302795848e-16, 0.6522127806865583], [1.8417244351911998e-16, 0.9223681599999999, 0.0]]
4	[[-0.8451655046892217, 0.03102096411427288, 0.5336037569853065], [0.3597306106374598, 0.7713925264558512, 0.5249261451846907], [-0.3953342351148118, 0.635603075758354, -0.6631135442989435]]	0.641906875513902	0.35809312448609826	[[-0.542517548407188, 0.019912570150021815, 0.34252392040891777], [0.23091355230099977, 0.49516216645205013, 0.33695370173106165], [-0.25376776364622716, 0.40799798442707086, -0.4256571433318845]]	0.78978256837927	0.3398119510983044	[[-0.6278089849447691, 0.002977877229014067, 0.3092796184218106], [0.2609614477337957, 0.6896160149795538, 0.33946810863792914], [-0.23496810626366046, 0.5188719690552186, -0.4884301675037944]]	[[0.03968799805424633, -0.021521939482757563, -0.11215132726687253], [-0.02314751786010055, 0.08038364420667846, -0.07510941051546541], [0.0772599813135699, 0.016883739413021803, 0.03528535063970527]]	0.548691395547729	[[-0.9223681599999999, 0.0, 0.0], [0.0, 0.6522127806865584, 0.6522127806865583], [0.0, 0.6522127806865583, -0.6522127806865584]]
4	[[-0.20892554660170207, -0.8722728212278597, 0.4421427838655412], [-0.9769286190798419, 0.16569047850232185, -0.13474842691632785], [0.04427854107729115, -0.4600943280250934, -0.8867652564908058]]	0.6394735808227856	0.3605264191772145	[[-0.1336023674107482, -0.5577954244449732, 0.28273862923345255], [-0.6247200422512454, 0.10595468359612052, -0.08616805907042162], [0.02831495721630415, -0.2942181674584598, -0.5670629539174118]]	0.7912931332310268	0.3267101523807739	[[-0.17191199527228007, -0.5865280572152815, 0.3196474366464525], [-0.8508023595942386, 0.09360255781424068, -0.055373134259689503], [0.05537313425972039, -0.31964743663953465, -0.6023632029395252]]	[[-0.0065906448898144145, 0.10369543652637843, -0.030217112134000322], [-0.07776545165948955, -0.037507180066409726, 0.0512523706728836], [0.020335828755771928, 0.044422045765265525, 0.0993280553094989]]	0.49956242316097876	[[-1.8417244351911998e-16, -0.9223681599999999, 0.0], [-0.9223681599999999, 1.6545475937811098e-16, 0.0], [0.0, 0.0, -0.9223681599999999]]
4	[[0.2716390998961424, -0.9623667677143403, 0.0078996080071079], [-0.8358745486248621, -0.23185104168470852, 0.4975528448626315], [-0.4769967907321766, -0.14175788820650492, -0.8673976958480093]]	0.628121262875892	0.3718787371241082	[[0.1706222944732356, -0.6044830294865216, 0.004961911757649112], [-0.5250305770880644, -0.14563056910209007, 0.31252352126260885], [-0.2996118265824424, -0.08904114376288949, -0.5448309361316902]]	0.7855459165586073	0.3415840775721646	[[0.26364164337684115, -0.8164392816878812, 0.03985933442266692], [-0.5935960107240683, -0.20727203203483546, 0.26270260539747026], [-0.2627026053926745, -0.039859334439391124, -0.6629406205906604]]	[[0.05025665767577082, -0.06045599707817581, 0.03365382961026964], [0.06302182770346149, -0.025142392989553248, -0.1281480001564883], [0.1120002757785474, 0.0714979957812004, 0.018440097415087963]]	0.5607411449915626	[[1.8417244351911998e-16, -0.9223681599999999, 0.0], [-0.9223681599999999, -1.6545475937811098e-16, 0.0], [0.0, 0.0, -0.9223681599999999]]
4	[[-0.9329322773960255, -0.042925561482400815, -0.35748393245583304], [-0.169270649991114, -0.8240132564325088, 0.5406936288463909], [-0.3177810769134181, 0.5649420761413629, 0.7614825262347359]]	0.6756167490972707	0.3243832509027295	[[-0.6303046723822158, -0.02900122830191474, -0.2415221323003182], [-0.11436208626457835, -0.5567171575239878, 0.36530167177880535], [-0.21469821810887327, 0.3816843289108906, 0.5144703488690892]]	0.8153979560591861	0.27799751578391896	[[-0.772833542597675, -0.0798218971708279, -0.19944897803374384], [-0.20224155210288594, -0.6725648783361045, 0.4415189476011801], [-0.19944897782635568, 0.44151894802796654, 0.5568870941869659]]	[[-0.012122470467314437, -0.04482048207538515, 0.09204268981474252], [-0.0642186100793219, -0.0006661532753628287, 0.0006384677856085535], [0.059669062763132615, -0.01913366614953328, -0.06402420127962333]]	0.3967792884196243	[[-0.9223681599999999, 0.0, 0.0], [0.0, -0.6522127806865584, 0.6522127806865583], [0.0, 0.6522127806865583, 0.6522127806865584]]
4	[[0.15665500554066836, 0.7010445100749366, 0.6956980696630148], [0.9690588098128995, 0.026938980891129116, -0.2453554858415722], [-0.1907465133706504, 0.7126085083707178, -0.6751332323583257]]	0.6046168453708929	0.39538315462910717	[[0.09471625526155873, 0.4238633201460913, 0.4206307722102722], [0.5859092805679472, 0.01628776164390128, -0.1483460598439742], [-0.11532855517965945, 0.4308551083155609, -0.408196925153545]]	0.7689073136444059	0.37659778333088567	[[0.10586627582038245, 0.5053229723109706, 0.4298510415356587], [0.8643505649761889, 0.05007974094478044, -0.12660998370959836], [-0.07082344887570756, 0.45295858084620166, -0.45524323145246287]]	[[-0.014586903658840331, -0.0337152786759089, -0.1050762923165271], [0.11923415875951066, 0.02936616151546448, 0.06204564379676266], [0.07584294030715492, -0.09497131300527786, 0.06387164859224213]]	0.761790682632704	[[0.0, 0.0, 0.9223681599999999], [0.9223681599999999, 1.6545475937811098e-16, 0.0], [-1.8417244351911998e-16, 0.9223681599999999, 0.0]]
4	[[-0.5981897663743452, -0.7419171441245457, 0.3028662322859456], [0.7115509511219108, -0.6655993255599615, -0.22510615667197656], [0.3685976768273374, 0.0808485563767378, 0.9260665546111073]]	0.6768798411224104	0.32312015887758994	[[-0.40490259402451845, -0.5021887586410146, 0.20500404719105383], [0.4816344947458987, -0.45053076573621026, -0.15236981956380385], [0.24949633692897766, 0.05472475799526256, 0.626835782353944]]	0.8327768498770868	0.2637509342980508	[[-0.49614591864039237, -0.6580797850552953, 0.13773435999240877], [0.5864325959103524, -0.6593947871770974, -0.13587466609769921], [0.1674115974450837, 0.06422747695018154, 0.7645687619187738]]	[[0.0020126706295454967, -0.04022836290145103, -0.1144856268648231], [-0.006130563691997317, -0.1050990775569598, 0.05158852994352744], [-0.13954801473519904, -0.0031013291463481167, -0.0066380262067908015]]	0.38344507541236106	[[-0.6655232455985288, -0.6655232455985292, 0.0], [0.6655232455985292, -0.6655232455985288, 0.0], [0.0, 0.0, 0.9411919999999999]]
