4	[[0.1500697479079782, -0.48793689800337037, 0.859881767645811], [0.7237996175280507, -0.5382464804175793, -0.4317462680606933], [0.6734932697726708, 0.6871741481494608, 0.2723940265240403]]	0.7019427939100695	0.29805720608993225	[[0.10534037812790717, -0.3425037894362996, 0.6035878104136299], [0.5080659257586807, -0.3778182382765772, -0.3030611816627673], [0.4727537474638567, 0.4823569414548034, 0.19120502402269748]]	0.8012965391821206	0.29149626682188434	[[0.19371319021846106, -0.34867866940073694, 0.6332310301602533], [0.5572934526675384, -0.4931959374743501, -0.3382051743486622], [0.5468199576175636, 0.5468199576156297, 0.12835086872225657]]	[[0.07346282058386476, 0.0423034783086232, -0.055789254360139234], [-0.022684675919031484, -0.06190089548878688, 0.00775161605316755], [0.007152131386272296, -0.003810309111954935, -0.08991752202533991]]	0.40949692129825066	[[0.4423679999999998, -0.44236799999999993, 0.6256028251598612], [0.44236799999999993, -0.44236800000000004, -0.6256028251598611], [0.6256028251598612, 0.6256028251598611, 0.0]]
4	[[-0.16743794764991254, 0.7773753727082936, -0.606343189615771], [-0.9312695185128573, 0.07714504854866044, 0.35606983215832233], [0.3235762932843136, 0.6242885321636675, 0.711028980445465]]	0.5840042872076442	0.415995712792357	[[-0.09778447926879723, 0.45399055043128084, -0.3541070222547665], [-0.5438653913573094, 0.045053039089259464, 0.20794630852576684], [0.18896994251680005, 0.3645871792381485, 0.41524397290903353]]	0.7327718217025398	0.40580999572721604	[[-0.160694771402275, 0.5916229166740395, -0.3442095925536289], [-0.7358937596854457, 0.12206131974684702, 0.19993874954925892], [0.1999387495047809, 0.3442095925135407, 0.45824612105822493]]	[[-0.0380009614807143, 0.0219841486678924, 0.10010161107804834], [-0.05348569810873238, 0.0655316019865141, -0.06097919001471247], [-0.03716884038492097, -0.1132514524680347, -0.06277588022609791]]	0.718049065010123	[[-1.6959196786428409e-16, 0.8493465599999999, 0.0], [-0.8493465599999999, -1.523561163618509e-16, 0.0], [0.0, 0.0, 0.8493465599999999]]
4	[[-0.9377842524711256, -0.012787777579644166, -0.34698295139926694], [-0.21556114428834758, -0.7619772552868597, 0.6106750817731164], [-0.2722022940576928, 0.6474775171155194, 0.7118137227812147]]	0.6419617778370776	0.3580382221629228	[[-0.6020216459439783, -0.008209264429613668, -0.22274979235942965], [-0.13838201541994233, -0.4891602734753687, 0.3920300611758725], [-0.17474346862460735, 0.4156558179970157, 0.456957202965457]]	0.7876021946614175	0.31577159965203394	[[-0.7049239182457614, -0.010847891394446522, -0.16649056348332653], [-0.12605350284114722, -0.6332092176549935, 0.43817698366656865], [-0.12566906291608826, 0.5367288026657785, 0.5189317252927931]]	[[0.03367701711941326, -0.0007762097078770426, 0.10679397054883114], [0.043722927484081076, -0.033074259108979695, -0.04279205096297822], [0.08871806127562408, 0.026774089191670104, -0.04169432495980558]]	0.36535620290439225	[[-0.8493465599999999, 0.0, 0.0], [0.0, -0.6005787121534668, 0.6005787121534667], [0.0, 0.6005787121534667, 0.6005787121534668]]
4	[[0.6438892552647056, -0.6636492387928785, 0.380757553837473], [-0.15091110836074634, -0.5980263899765946, -0.7871405683007917], [0.7500883043535569, 0.4493708098454942, -0.48521480905966874]]	0.6157130702015015	0.3842869297984988	[[0.39645103022878997, -0.40861751035405275, 0.23443740247568393], [-0.09291794185630653, -0.36821266463400965, -0.48465273598863495], [0.4618391727957667, 0.2766834809889045, -0.2987530997933638]]	0.7489802016100718	0.3839159009465747	[[0.4590540533345068, -0.527020471354244, 0.2740132816772596], [-0.10513346240861739, -0.4960376408436124, -0.501678561357986], [0.4539106822005699, 0.28163892743314517, -0.3231845407094584]]	[[-0.02320625088821133, -0.029960330684783015, -0.011166587760488733], [0.007895969956613826, -0.04812771471079941, 0.08787414018340699], [-0.10789060721951431, -0.05493091232261388, 0.04023174480424507]]	0.6297075592070654	[[0.6005787121534667, -0.6005787121534668, 1.6959196786428409e-16], [1.0773204303471146e-16, -1.0773204303471148e-16, -0.8493465599999999], [0.6005787121534668, 0.6005787121534667, 0.0]]
4	[[-0.8598553706683427, -0.29151891260974605, 0.4191246415132833], [0.4738316458013455, -0.15002286318554503, 0.8677423073463686], [-0.19008501511164744, 0.9447274020120526, 0.2671288507772275]]	0.6444982172881131	0.35550178271188687	[[-0.554175253521357, -0.1878834194827506, 0.27012508427683074], [0.3053836510136596, -0.09668946787554229, 0.5592583701502086], [-0.12250945337264092, 0.6088751264199985, 0.1721640681121456]]	0.7672436728348151	0.3417367448585275	[[-0.6222708000178078, -0.13522875419887986, 0.4129806247517401], [0.3569670407748971, -0.05236933308624689, 0.600578712019564], [-0.19124233817458872, 0.6924257176057969, 0.18759808725095994]]	[[0.037447792680512466, 0.0884372870126332, 0.09140989542151326], [-0.006577291455092511, 0.06273475947342562, -0.06519108294302044], [-0.0454008130294669, -0.03241040414162325, -0.01735483333950357]]	0.44100594590209763	[[-0.6005787121534667, 9.429641067981718e-17, 0.6005787121534668], [0.6005787121534668, -1.138258367731589e-16, 0.6005787121534667], [1.6959196786428409e-16, 0.8493465599999999, 0.0]]
4	[[-0.3165369632697661, -0.9278010874929129, 0.1974575724831094], [-0.8157660753724355, 0.3724826131232639, 0.4424730649342605], [-0.48407650341181413, -0.021020108654157543, -0.8747731670991965]]	0.5878477145938746	0.4121522854061253	[[-0.1860755304426172, -0.5454057488804205, 0.11607498271345022], [-0.4795462230509008, 0.21896305285046505, 0.2601067799909522], [-0.2845632662192287, -0.012356622832861423, -0.5142334070673084]]	0.7553531655517721	0.3815161397055721	[[-0.18541898139182222, -0.770418564710634, 0.10651871576656506], [-0.5707375506865807, 0.291937697214382, 0.19968101421958306], [-0.24380251091138888, -1.0127021443832534e-10, -0.6475406074691019]]	[[0.05367821582814064, -0.06960107627048488, -0.04263148667072012], [0.045453936695734366, 0.010581776278728531, -0.13454241604990522], [0.121846208309958, 0.015877605510889924, 0.013222073439024899]]	0.5889463361115183	[[-1.6959196786428409e-16, -0.8493465599999999, 0.0], [-0.8493465599999999, 1.523561163618509e-16, 0.0], [0.0, 0.0, -0.8493465599999999]]
4	[[-0.9506790929980296, 0.17724456833992716, -0.25454591949280275], [0.013897849357551978, -0.7954843399685079, -0.6058147527488101], [-0.30986466710433175, -0.579473060511755, 0.7537870125051647]]	0.6518247036300646	0.34817529636994005	[[-0.6196761180407379, 0.11553238822820415, -0.16591931853363653], [0.009058961538588237, -0.5185163441423263, -0.3948850216652129], [-0.20197744480071528, -0.37771485592968324, 0.4913369960263765]]	0.7938334301314024	0.30798545881380135	[[-0.7356226556711207, 0.10420036166895753, -0.11290503720019186], [0.021014945728971897, -0.6609032042548496, -0.4941211095118481], [-0.14736156467075937, -0.4109356935833207, 0.5567028425958886]]	[[0.019058189677715717, -0.03650230198848668, 0.08916202319673158], [0.009982368302016887, -0.029421142041834058, -0.013205106313052311], [0.09861936689319757, 0.049069393711467374, -0.04167848712958841]]	0.3477960603829628	[[-0.8493465599999999, 0.0, 0.0], [0.0, -0.6005787121534668, -0.6005787121534667], [0.0, -0.6005787121534667, 0.6005787121534668]]
4	[[0.8875576111457726, 0.3128668588496867, -0.3381653671367607], [-0.3273769476023962, 0.9447770405743245, 0.014855227435465884], [0.3241385831334306, 0.09752267550242714, 0.9409694504536801]]	0.6557556337629374	0.3442443662370629	[[0.5820209037980152, 0.20516420530839594, -0.22175384464344292], [-0.2146792777543853, 0.6195428670064884, 0.009741399081636503], [0.2125557020096834, 0.06395104388035135, 0.6170460183338162]]	0.7668868025209549	0.37119735824690775	[[0.566490113279948, 0.2943972326688924, -0.1715542030648632], [-0.294445071839722, 0.7203686818185238, -0.042624917206464906], [0.17155420304770053, 0.04262491727693382, 0.7585130837897476]]	[[-0.11416610518476672, 0.054463767670876864, 0.08778035406197217], [-0.04338401127385416, -0.004168361922730287, -0.054017195075166426], [-0.07702339854517155, -0.03216393551241057, 0.03689603066141969]]	0.5353027060163792	[[0.6005787121534666, 0.6005787121534669, 0.0], [-0.6005787121534669, 0.6005787121534666, 0.0], [0.0, 0.0, 0.8493465599999999]]
4	[[0.6569714475509829, -0.30708792903278176, -0.688538685147845], [0.5770443935784932, 0.7925721197384169, 0.19710201128598737], [0.4851889167555201, -0.5268077816962367, 0.6979006205770957]]	0.6355624310573672	0.3644375689426329	[[0.4175463703407803, -0.19517355072444698, -0.4376093206096075], [0.3667477376107716, 0.5037290632092393, 0.12527063345921874], [0.30836784745522905, -0.3348192344347992, 0.443559415050424]]	0.7529958794255818	0.39002252236329044	[[0.40594838828248087, -0.2141991112809492, -0.41880767171859595], [0.4220399906306725, 0.6825034860124668, 0.135587214049134], [0.33271716069272583, -0.34342809339958946, 0.43851050228966004]]	[[-0.08874840462366906, 0.017036833902071072, 0.09965912102283928], [-0.012472059979566429, 0.08569994570183943, -0.012829788275709256], [-0.03262809436714189, 0.05325599546700793, -0.08700578925344925]]	0.5009735722448869	[[0.6005787121534668, -0.42467327999999993, -0.4246732799999998], [0.6005787121534667, 0.42467328000000004, 0.42467327999999993], [0.0, -0.6005787121534667, 0.6005787121534668]]
4	[[-0.28551340625994115, -0.7402800071091643, -0.6086605013636927], [-0.9037881084920453, 0.4192574902120425, -0.08596634137539147], [0.31882463799746885, 0.5255555802915186, -0.7887599015101034]]	0.5612567620155421	0.4387432379844581	[[-0.16024632990948254, -0.4154871597749323, -0.3416148221621424], [-0.5072571873203973, 0.23531110140717407, -0.04824919040267489], [0.17894248397323653, 0.294971623253617, -0.44269682832925844]]	0.7459704376453468	0.41401175883980856	[[-0.1146977662499419, -0.4940270453748376, -0.34968786928101336], [-0.7412937089678129, 0.3553437445994782, 2.7386561048798144e-11], [0.24064597843542368, 0.2472666637415577, -0.5415364156436281]]	[[0.0982867943713984, 0.058199955508483434, 0.10435487129869872], [-0.06709449813734006, 0.04259005113990996, 0.06412834932595632], [0.002812223696333786, -0.14478226249545828, 0.04685515328296744]]	0.7001020790167308	[[-0.6005787121534666, -0.6005787121534669, 0.0], [-0.6005787121534669, 0.6005787121534666, 0.0], [0.0, 0.0, -0.8493465599999999]]
4	[[0.39514561495520173, 0.8903073900525152, 0.22630221872432854], [-0.7137866099724287, 0.4526453451835295, -0.5344350913887965], [-0.5782461572771092, 0.04964818930798781, 0.814350317058141]]	0.6439330819063342	0.35606691809366614	[[0.25444733363987676, 0.5732983815205003, 0.14572348514539835], [-0.45963081158302077, 0.2914733121345869, -0.34414043547688117], [-0.3723518301559435, 0.03197011155216176, 0.5243871094146496]]	0.7691107671326027	0.35218110895962557	[[0.23986699607950754, 0.7357056085635827, 0.14922605349115253], [-0.537625403387901, 0.3402388978866667, -0.31602456074532376], [-0.3289818642826367, 0.11794435555796144, 0.6167455141265252]]	[[-0.06404375096777153, 0.050960608816466704, -0.024825419555725956], [0.011355563776973592, -0.007895510786439455, 0.09501522237529608], [0.1157534813322404, 0.0797593985925502, -0.009580082940739804]]	0.47609472710312783	[[0.6005787121534668, 0.6005787121534667, 0.0], [-0.42467327999999993, 0.42467328000000004, -0.6005787121534667], [-0.4246732799999998, 0.42467327999999993, 0.6005787121534668]]
4	[[0.5403191569681028, 0.6036400661371987, -0.5862370503193712], [0.4146608078153325, 0.41521567174819174, 0.8097236321095203], [0.7321964374914798, -0.6805987191352745, -0.02595689573522414]]	0.7748885407062452	0.2251114592937555	[[0.4186871230586417, 0.46775376996087425, -0.45426837242991086], [0.3213159082560958, 0.32174586595932003, 0.6274455636607075], [0.567370628958084, -0.5273881482772724, -0.02011370105753254]]	0.8496898992597541	0.19378366730692262	[[0.44664342515443706, 0.4563806514864403, -0.50300051020298], [0.35567507168510676, 0.35567507171744656, 0.6413864157212491], [0.6037060899874688, -0.5939688636411928, -2.868872385314903e-12]]	[[-0.012460304897905684, -0.05652621549882749, -0.0048808099747778165], [0.0033419716655281664, 0.0028705094186547583, -0.04662757567413152], [-0.01843382722301737, -0.015671006542824, 0.02205531211948969]]	0.213592819113351	[[0.4246732799999998, 0.42467327999999993, -0.6005787121534668], [0.42467327999999993, 0.42467328000000004, 0.6005787121534667], [0.6005787121534668, -0.6005787121534667, 0.0]]
4	[[0.406855499873406, -0.3245501708658478, -0.8538944834191807], [-0.8488954288502084, 0.21093624421169652, -0.4846467288191305], [0.33740947393335186, 0.9220483108106712, -0.18968858540040373]]	0.6668338314939672	0.3331661685060331	[[0.2713050118449772, -0.21642103395049514, -0.5694057300699743], [-0.5660721913578983, 0.1406594239286329, -0.32317883509947853], [0.22499605228534064, 0.6148530079204206, -0.12649076619322186]]	0.7727689631518994	0.33042141184297297	[[0.2681493216942736, -0.22999155542792316, -0.6591212560921302], [-0.598033930068477, 0.1546745311372651, -0.31806049673830966], [0.2910788814194692, 0.6861028713569769, -0.061159910749339304]]	[[-0.046255981095546135, 0.02081074360284979, 0.0007418985008369046], [0.057966110308485266, -0.008330451593363764, 0.05645945338620965], [0.030339312090365174, -0.026427445764145494, 0.08542554071228116]]	0.49974254286548225	[[0.4246732799999998, -0.42467327999999993, -0.6005787121534668], [-0.42467327999999993, 0.42467328000000004, -0.6005787121534667], [0.6005787121534668, 0.6005787121534667, 0.0]]
4	[[0.7682057170631343, 0.5541913911831843, 0.3205181402198053], [0.09030813392978146, -0.589450211148092, 0.8027408607536998], [0.6338015598100375, -0.5877247234172788, -0.5028670125057387]]	0.6292963082777054	0.3707036917222948	[[0.483429021745658, 0.34875059655086366, 0.20170088237635939], [0.0568305752894601, -0.3709388417890083, 0.5051618601759709], [0.39884898176910805, -0.36985299873002886, -0.3164523545244999]]	0.752829795651954	0.3573446274005122	[[0.5242763048883339, 0.39555154149931177, 0.2171650442541844], [0.027121710900295696, -0.4750114781522672, 0.6145020933331213], [0.4191909867889067, -0.3901063451968894, -0.29679322545795034]]	[[-0.054051848106968, -0.021660250277196737, -0.024130561750236014], [-0.04086494311177098, -0.03125579614664793, 0.010174855170439963], [-0.057953711966773624, 0.052350338232941905, 0.08178004480685358]]	0.6009198915520476	[[0.6005787121534667, 0.6005787121534668, 1.6959196786428409e-16], [-1.0773204303471146e-16, -1.0773204303471148e-16, 0.8493465599999999], [0.6005787121534668, -0.6005787121534667, 0.0]]
4	[[-0.2538643033432252, 0.48696402069590106, -0.8357146391177678], [-0.8713143736524561, 0.26000688613899875, 0.4161822694768838], [0.4199573523045962, 0.8338239992396379, 0.35829228366981253]]	0.6344980817329582	0.3655019182670423	[[-0.161076413491751, 0.30897773700451786, -0.5302593353963762], [-0.5528472986688372, 0.1649738704925554, 0.26406685163435145], [0.266462134446917, 0.5290597280204532, 0.22733576668821706]]	0.75738177058488	0.36496962190749216	[[-0.2078117230189924, 0.33466795315714115, -0.6107025692306011], [-0.6514803652185139, 0.2078117230431899, 0.2938901571136089], [0.2938901571622756, 0.6107025691905562, 0.12685623014852432]]	[[-0.015539527464603745, -0.034149719048652834, 0.022252463848117875], [0.00843725783443951, 0.010887247254973226, -0.02131870702882728], [-0.024177885896317704, -0.02082052770972668, -0.14450781404421825]]	0.5204106186682915	[[-0.4246732799999998, 0.42467327999999993, -0.6005787121534668], [-0.42467327999999993, 0.42467328000000004, 0.6005787121534667], [0.6005787121534668, 0.6005787121534667, 0.0]]
4	[[-0.010871777499557311, -0.0840287307277911, 0.9964040229075135], [0.9413747147740295, -0.3368748437119881, -0.018137972823285553], [0.33718756032528074, 0.9377923608594283, 0.08276495076773299]]	0.7733943694117775	0.22660563058822247	[[-0.008408171503655285, -0.06498734721369251, 0.7706132609759148], [0.7280539039128525, -0.2605371073233244, -0.014027806054072882], [0.26077896059126604, 0.7252833315660597, 0.06400994690840767]]	0.8586215883758708	0.2003269241752221	[[0.003902311031044511, -0.03247010802505672, 0.869592472031052], [0.7898759883070307, -0.26142137900836643, -0.0055187011844624115], [0.2630377692111687, 0.7629245814727443, 0.02856779706723755]]	[[0.013237053896183324, 0.03967877422164727, 0.014058467218095071], [-0.018408664549129265, 0.027826634383493736, 0.010054953850985668], [-0.026478749415908567, -0.04228418497513524, -0.04249597642280399]]	0.35124424302364793	[[0.0, 0.0, 0.8847359999999999], [0.8847359999999999, -1.58704287876928e-16, 0.0], [1.7665829985862928e-16, 0.8847359999999999, 0.0]]
4	[[0.23507429571004806, 0.1639243119487907, -0.9580547455383437], [0.7224674736879957, -0.6888480443340972, 0.059406407734983124], [-0.6502159833157828, -0.7061283111228478, -0.2803604524027675]]	0.6460005091114713	0.35399949088852883	[[0.1518581147077114, 0.10589518897466643, -0.618903853374431], [0.4667143558189236, -0.44499618734026797, 0.03837656964128271], [-0.42003985625441165, -0.45615924848338313, -0.18111299498691028]]	0.8103849022044243	0.27804317869281747	[[0.11758379841547904, 0.10390768310768628, -0.7299901360219606], [0.6200886584749318, -0.6104181846714709, 0.009670473880052809], [-0.5161809753584689, -0.5258514492610906, -0.1372771808527708]]	[[-0.07291686172428175, -0.028934104399862597, 0.046402965247613656], [0.03461192546440756, -0.05218612963007515, -0.03847158204257741], [0.010744240692645117, 0.0463842730919737, 0.08992269694963394]]	0.2973423424111467	[[0.0, 0.0, -0.8847359999999999], [0.6256028251598611, -0.6256028251598612, 0.0], [-0.6256028251598612, -0.6256028251598611, 0.0]]
4	[[0.388721369236936, 0.6072553768335828, 0.6929189017520486], [-0.1881814353775204, -0.6838834560027736, 0.704905075868346], [0.9019331707381749, -0.4044061398055253, -0.1515659249626253]]	0.7425899488454449	0.2574100511545562	[[0.2886605816967869, 0.45094173921897085, 0.5145546118060959], [-0.1397416424706546, -0.5078449806093459, 0.5234554242299714], [0.6697665071204705, -0.3003079346709692, -0.11255133246470857]]	0.8392851798290425	0.2528783550390139	[[0.3025675308755809, 0.5098208396457526, 0.5677754283038989], [-0.18174095813181837, -0.5714962270682666, 0.5677754282735544], [0.679169341575376, -0.29884673210591917, -0.10350159168469948]]	[[-0.023680553407832233, 0.00016040149782616336, -0.013781136760012115], [-0.023803068300508788, 0.0024770222851281352, -0.02384095508901493], [-0.07780980182139151, 0.04056534766473033, 0.023705442903512574]]	0.3865226433873196	[[0.4423679999999998, 0.44236799999999993, 0.6256028251598612], [-0.44236799999999993, -0.44236800000000004, 0.6256028251598611], [0.6256028251598612, -0.6256028251598611, 0.0]]
4	[[-0.22702687951129652, -0.2600962815277815, 0.9385141023526418], [0.7861776675639859, -0.6177088015181534, 0.01898714171901844], [0.574789936414178, 0.742149419498815, 0.3447183896089062]]	0.6641531256197754	0.33584687438022487	[[-0.1507806116271316, -0.17274375833875732, 0.6233170745157449], [0.5221423552050858, -0.4102532312511267, 0.01261036951927182], [0.3817485328442684, 0.4929008566370399, 0.22894579591737058]]	0.8044484179127717	0.2866121159595154	[[-0.11914261175352703, -0.11914261263224935, 0.7483627561948001], [0.6816636610415395, -0.5678041828718815, -2.2835511627486523e-11], [0.4486615711891571, 0.5625210484891775, 0.16849309831202477]]	[[0.06348880229300907, 0.09009142954776915, -0.006623428631607654], [0.04922428017133834, -0.07088931475980917, -0.015274176139385937], [-0.013727283791410949, -0.03449987788152628, -0.10881506483429819]]	0.3645990404084169	[[0.0, 0.0, 0.9216], [0.6516696095415221, -0.6516696095415222, 0.0], [0.6516696095415222, 0.6516696095415221, 0.0]]
4	[[-0.7357259517984016, -0.6355984379310936, 0.23392723131326343], [-0.6762908134220847, 0.6707859050452003, -0.3044289823153933], [0.03657949604943121, -0.38217914031543476, -0.9233639830405582]]	0.6750092566046827	0.32499074339531747	[[-0.49662182778821107, -0.42903482908696455, 0.15790304650835765], [-0.45650255921661786, 0.4527866951054603, -0.2054923810416336], [0.024691498435300836, -0.2579744573941383, -0.6232792357677464]]	0.8095619459285179	0.29211073520851194	[[-0.6477546228859635, -0.47468560570741053, 0.1382700468501778], [-0.5979384476635986, 0.4886734261944727, -0.1734954021668047], [0.015017204892324627, -0.22454840090740416, -0.6915149718761027]]	[[-0.052138889677938886, 0.03987070253321219, -0.05110853773745826], [-0.050439140736035455, -0.05436931639534144, 0.0729587171534834], [-0.014596163110537413, 0.08484928761964736, 0.056005371034518095]]	0.3853244405354839	[[-0.6516696095415222, -0.6516696095415221, 0.0], [-0.6516696095415221, 0.6516696095415222, 0.0], [0.0, 0.0, -0.9216]]
4	[[0.5035622894699279, 0.5369873573117416, 0.6768083914308072], [0.7236893469787391, 0.16572605027924595, -0.6699317915492047], [-0.4719096838308055, 0.8271514095654997, -0.3051586406453477]]	0.6567340057016239	0.34326599429837634	[[0.3307064794838662, 0.35265785817846945, 0.4444830859968266], [0.4752714037249401, 0.108837932848998, -0.43996698901097425], [-0.3099191369915922, 0.5432184585256947, -0.2004080564454816]]	0.7726723827149465	0.33725026126948504	[[0.4357754065416583, 0.35843402577782757, 0.5056199079208336], [0.5427036268309443, 0.20295215673818856, -0.5056199079048512], [-0.3213503068668336, 0.5819468758033943, -0.14126083456854313]]	[[0.04668673249153556, -0.056481275084038, -0.017331244527478324], [-0.016471145244542226, 0.07490021459098677, 0.012017885727965348], [0.04328127296497196, -0.05717017469160683, 0.09452681940495178]]	0.402640820417009	[[0.4246732799999998, 0.42467327999999993, 0.6005787121534668], [0.42467327999999993, 0.42467328000000004, -0.6005787121534667], [-0.6005787121534668, 0.6005787121534667, 0.0]]
4	[[0.2932727100912193, 0.7663848849828426, 0.5715289367876191], [0.00018149557078206424, 0.5977709472802035, -0.8016669268761718], [-0.9560288094901268, 0.235210762206075, 0.175170810260522]]	0.727612115791516	0.2723878842084846	[[0.21338877709338436, 0.5576309276730038, 0.4158513789321143], [0.00013205837626365077, 0.4349453837092486, -0.5833025688244539], [-0.6956181448307549, 0.1711422003456971, 0.12745640387857177]]	0.8250111348883788	0.23914649209994993	[[0.17496675659204583, 0.5997456104671806, 0.4797963325936718], [-0.005704115251472902, 0.5259971589707991, -0.6283811095290728], [-0.755624325602638, 0.17260403469026098, 0.10583454640472433]]	[[-0.06698649479210152, -0.032530453253813915, 0.008278595832969188], [-0.005853851118301091, 0.03282947135185698, 0.03300303161551623], [0.03311008750079798, -0.02144746317533366, -0.03868332256762597]]	0.33040237661823163	[[0.0, 0.6256028251598611, 0.6256028251598612], [0.0, 0.6256028251598612, -0.6256028251598611], [-0.8847359999999999, 0.0, 0.0]]
4	[[-0.7797112461789556, 0.3586263663473402, 0.5132616310835669], [0.12556441147624647, -0.7135152995487305, 0.6892963773882098], [0.6134198816085799, 0.6018995320403472, 0.511305194748623]]	0.6204674297018568	0.37953257029814363	[[-0.4837854328262884, 0.2225159797508507, 0.3184621250030033], [0.077908627650693, -0.44271300396395075, 0.4276859515808635], [0.3806070572696929, 0.3734590555838247, 0.3172482199788856]]	0.769128703591876	0.35158783112344805	[[-0.613193402027371, 0.3323414166924967, 0.3568976192926358], [0.17238803680163414, -0.5824727858455894, 0.4310637480264235], [0.3568976193799186, 0.43106374781957674, 0.3632354886026681]]	[[-0.013495102077744736, 0.056511584469902336, -0.0378666336261198], [0.07581284378563186, -0.03368768851070564, -0.09909388110474708], [-0.11490121891917043, -0.03187445895117197, -0.030024012974131955]]	0.529260518971816	[[-0.4423679999999998, 0.44236799999999993, 0.6256028251598612], [0.44236799999999993, -0.44236800000000004, 0.6256028251598611], [0.6256028251598612, 0.6256028251598611, 0.0]]
4	[[-0.3298322266022023, -0.8762827350930389, 0.35119691125136165], [0.9222848180711871, -0.37850758052406547, -0.0782478487960887], [0.201497932123461, 0.2980949172053785, 0.9330262609842703]]	0.6647853681723424	0.3352146318276582	[[-0.21926763819684852, -0.5825399406718927, 0.23347056794722604], [0.613121452341217, -0.2516263012747136, -0.05201802497060183], [0.13395287699266042, 0.19816913928468136, 0.6202622064228913]]	0.7976473883490217	0.32152013912300276	[[-0.19484392469040004, -0.6519974111745974, 0.18889559232742106], [0.7855667653604334, -0.32841327892984234, -9.776996544909879e-11], [0.13356935426777589, 0.13356935430456474, 0.7327044073535349]]	[[0.06824588945218961, 0.04696722392770318, -0.09123570672847053], [0.04990868891199765, -0.02649769585451418, 0.06241419213835933], [-0.027154945048231304, -0.10420527788442337, -0.01152155298162116]]	0.5006658862150777	[[-1.6959196786428409e-16, -0.8493465599999999, 0.0], [0.8493465599999999, -1.523561163618509e-16, 0.0], [0.0, 0.0, 0.8493465599999999]]
4	[[0.4709175022496733, 0.19115318190370978, 0.8612184201020178], [0.8821529167293078, -0.0947858233539779, -0.46132621776469945], [-0.006552677384344174, 0.9769729314260427, -0.21326264014097962]]	0.6916235023894047	0.3083764976105952	[[0.3256976122423894, 0.1322060331611227, 0.5956389000332272], [0.6101176899113531, -0.06555610312494174, -0.31906405447447883], [-0.004531985682588054, 0.6756974405725233, -0.14749745410311557]]	0.8000941315923168	0.29569648112756847	[[0.3981350367763577, 0.08913048815449293, 0.6130350054465855], [0.702165493590378, -0.050242888309979174, -0.3478921484663922], [-5.570132772672171e-12, 0.7571366515761078, -0.10994177390434214]]	[[0.021356706762281966, -0.06381005092186387, -0.07602079849624553], [-0.0036398782517868132, 0.025594692713684468, 0.02121225111682323], [0.005242758715861339, -0.024533657582412587, 0.06068841296033979]]	0.36610120923754536	[[0.6005787121534667, -9.429641067981718e-17, 0.6005787121534668], [0.6005787121534668, -1.138258367731589e-16, -0.6005787121534667], [1.6959196786428409e-16, 0.8493465599999999, 0.0]]
4	[[-0.7789526709276531, -0.6132277320749256, -0.13108960702099365], [0.4894249346840115, -0.725216103161197, 0.48427764456480876], [-0.3920407756397623, 0.31307084235030797, 0.8650379632743539]]	0.6310093420950335	0.3689906579049668	[[-0.49152641240522726, -0.3869524277710284, -0.0827187666818137], [0.30883170603986265, -0.45761813613247077, 0.30558371788817235], [-0.24738139191087294, 0.19755062626060566, 0.5458470360929784]]	0.7623720644774096	0.36481012041123456	[[-0.59345884946016, -0.5339103269576886, -0.08469879005364823], [0.3391878105147481, -0.5540679743355694, 0.2547371156908289], [-0.15963912949559414, 0.17979677598753863, 0.6594807778576902]]	[[0.00039290640514647425, -0.06640263486092783, 0.015240264282479186], [-0.033936087347023046, -0.0011834765763058816, -0.1144626319763016], [0.13924180598821642, -0.05887968842274764, -5.511268164316142e-11]]	0.520892219311083	[[-0.6256028251598612, -0.6256028251598611, 0.0], [0.6256028251598611, -0.6256028251598612, 0.0], [0.0, 0.0, 0.8847359999999999]]
4	[[0.312078085329446, 0.25026955923460475, -0.9165000907679297], [0.9493512559049828, -0.044986478459825396, 0.310979757648975], [0.036598655285933646, -0.9671304795508722, -0.25163301443761527]]	0.6380195790509804	0.36198042094901983	[[0.19911192863292887, 0.15967687883213674, -0.5847450021119396], [0.6057046886640165, -0.028702254049924002, 0.19841117406857495], [0.02335065863936352, -0.6170481814504203, -0.16054678994681632]]	0.7600566360019343	0.34616429527066245	[[0.18638904144546686, 0.11048815138868741, -0.6718579806959472], [0.6987493924239844, -0.04593454246727152, 0.13726677374996116], [0.08359673962237477, -0.7255280147478025, -0.1263271365832916]]	[[-0.0508079782599565, -0.07973088789685312, 0.02473399518859263], [-0.022811329523368083, -0.011742270983523134, -0.09909545471341574], [0.0557796888035537, 0.009545924114571589, 0.06492820587718855]]	0.4056510450351926	[[0.0, 0.0, -0.8493465599999999], [0.8493465599999999, -1.523561163618509e-16, 0.0], [-1.6959196786428409e-16, -0.8493465599999999, 0.0]]
4	[[-0.7099649817244492, 0.17004561671924806, -0.6833990144561036], [-0.6966343129430994, -0.02737173477805739, 0.7169040536679481], [0.1032005753632168, 0.9850559762621669, 0.13789258455366898]]	0.6060371701838551	0.3939628298161453	[[-0.4302651684539175, 0.10305396435870154, -0.41416520482741237], [-0.42218628766900995, -0.01658828868791689, 0.43447050397825787], [0.06254338465446954, 0.5969805363266181, 0.08356803173224352]]	0.7150066709124835	0.42137102019574363	[[-0.4548579571932619, 0.12506975191400221, -0.5150680530199471], [-0.3944886027876231, 0.00927860306278438, 0.5274751431699014], [0.17687533938997618, 0.6308592018591866, 0.11579114884554487]]	[[0.052771740853978726, 0.0034860016003123648, -0.026433198788816045], [0.1036095781532276, 0.028849576023542614, 0.014883962393117737], [0.10308623956326968, -0.07346239239047214, 0.017197031020307896]]	0.6467033987162469	[[-0.4246732799999998, 0.42467327999999993, -0.6005787121534668], [-0.42467327999999993, 0.42467328000000004, 0.6005787121534667], [0.6005787121534668, 0.6005787121534667, 0.0]]
4	[[-0.3901123425915053, -0.19274962118636868, 0.9003665607352815], [0.8924450663689159, 0.1615093954769425, 0.42125588267281683], [-0.22661457073972407, 0.9678648142716957, 0.10901163985220427]]	0.736096408249828	0.2639035917501721	[[-0.28716029419553357, -0.14188230384680095, 0.6627565914654913], [0.6569256079144382, 0.11888648590917851, 0.31008494218957106], [-0.1668101715785873, 0.7124418134567823, 0.08024307655263095]]	0.8128176466312939	0.2545352613665116	[[-0.2928851676779511, -0.14210358808234377, 0.7075629102083772], [0.6685966103465211, 0.1280357455442574, 0.34591930988402037], [-0.18106988789694092, 0.7758457764995995, 0.014067842610643928]]	[[0.024205028549097826, 0.014566705399433843, -0.02427091879398612], [-0.05679848824716959, -0.003241941196153952, 0.0035150947003131025], [0.003126434184082691, -0.010851824093954443, -0.07453874194944295]]	0.4297307371897421	[[-0.6005787121534667, 9.429641067981718e-17, 0.6005787121534668], [0.6005787121534668, -1.138258367731589e-16, 0.6005787121534667], [1.6959196786428409e-16, 0.8493465599999999, 0.0]]
4	[[-0.04368688083802902, -0.7928421645001731, 0.6078591601952907], [-0.07099332237196321, 0.6093655773994191, 0.7897047177643444], [-0.9965196458782106, -0.008654205414294847, -0.08290778074109101]]	0.7807030460474892	0.21929695395251084	[[-0.034106480942562974, -0.6189742928601699, 0.4745574979323318], [-0.05542470302482305, 0.4757335624322137, 0.6165248786366962], [-0.7779859229832845, -0.006756364528060676, -0.06472635696560715]]	0.8605802229354443	0.18777815845076753	[[-0.012875249362398174, -0.6608035993262809, 0.51774591894839], [-0.02617167249481297, 0.5306211683089523, 0.6346319268373218], [-0.8490893083312194, -2.21495862549538e-12, -0.03150477539692091]]	[[0.024720816288547057, 0.0215006873518977, -0.005365652645825055], [0.03492377669897902, 0.006213203861374744, -0.04497233522948965], [0.008495790678200596, 0.0074476380225480185, 0.03984402103633014]]	0.18518085509566418	[[0.0, -0.6256028251598611, 0.6256028251598612], [0.0, 0.6256028251598612, 0.6256028251598611], [-0.8847359999999999, 0.0, 0.0]]
4	[[-0.8451655046892217, 0.03102096411427288, 0.5336037569853065], [0.3597306106374598, 0.7713925264558512, 0.5249261451846907], [-0.3953342351148118, 0.635603075758354, -0.6631135442989435]]	0.6025587481560439	0.39744125184395623	[[-0.5092618684902083, 0.018691953303289818, 0.32152761182042827], [0.21675882641911698, 0.46480931507816553, 0.3162988409168649], [-0.23821210181400818, 0.38298819365308484, -0.3995648671380887]]	0.74920449898094	0.3902464500038989	[[-0.5800392472291074, -0.012667193688943791, 0.30683364989801465], [0.21696415553886236, 0.670814319266358, 0.2919801995617945], [-0.2222110783187163, 0.49627715939463596, -0.4538501652059983]]	[[0.05316255126755409, -0.03590823956608337, -0.09294468550850904], [-0.05254763637188336, 0.09288356796536103, -0.10129683004329794], [0.0739751092304893, 0.020080475470353812, 0.04295748551796676]]	0.5425631497482064	[[-0.8493465599999999, 0.0, 0.0], [0.0, 0.6005787121534668, 0.6005787121534667], [0.0, 0.6005787121534667, -0.6005787121534668]]
4	[[-0.20892554660170207, -0.8722728212278597, 0.4421427838655412], [-0.9769286190798419, 0.16569047850232185, -0.13474842691632785], [0.04427854107729115, -0.4600943280250934, -0.8867652564908058]]	0.6027801817207021	0.3972198182792982	[[-0.12593617894667106, -0.5257887696897586, 0.2665149076049678], [-0.5888732105371015, 0.09987493674101955, -0.08122368126320291], [0.026690227036897208, -0.2773357426556302, -0.5345245224511329]]	0.7592440438396328	0.3541148974864576	[[-0.16331256023228172, -0.5831171546667481, 0.26936668558058086], [-0.804560765236814, 0.0955390976892744, -0.04792307495771566], [0.047923074967960756, -0.26936668553140963, -0.6028403571092978]]	[[-0.0046870833689998115, 0.07915078945369738, -0.06632758959600547], [-0.06283352994396657, -0.030260411234552316, 0.05438386559526626], [0.014304856385119007, 0.07995719262604081, 0.0704308821652706]]	0.4968757975966188	[[-1.7665829985862928e-16, -0.8847359999999999, 0.0], [-0.8847359999999999, 1.58704287876928e-16, 0.0], [0.0, 0.0, -0.8847359999999999]]
4	[[-0.6282958732607286, -0.7138118081737849, -0.3093816383614419], [-0.5738327107911779, 0.1566825842932765, 0.8038448779492399], [-0.5253192511888238, 0.6825857237672436, -0.5080515860024072]]	0.5886935073386078	0.4113064926613927	[[-0.3698737012762303, -0.4202163769335381, -0.18213096179316188], [-0.3378115911412795, 0.09223802008648584, 0.4732182605561134], [-0.3092520324548405, 0.40183378378380125, -0.29908667007270023]]	0.7062149626317343	0.42421219794789106	[[-0.526786714998646, -0.4535143381116533, -0.30912534865292374], [-0.40655917560133986, 0.03960056387104047, 0.4349625917259207], [-0.36475194289321156, 0.408942116784616, -0.33604680010772897]]	[[-0.08307476834214766, 0.05059024132388684, -0.0906354064785533], [-0.0013099291930812572, -0.07105102154067931, -0.1327246887167128], [0.006236372454834218, -0.073110134618623, 0.022746831715954582]]	0.6554419833667389	[[-0.4246732799999998, -0.42467327999999993, -0.6005787121534668], [-0.42467327999999993, -0.42467328000000004, 0.6005787121534667], [-0.6005787121534668, 0.6005787121534667, 0.0]]
4	[[-0.09570001472736311, 0.5345101365068197, -0.8397263966034669], [0.9941363825171496, 0.008658117471247562, -0.10778631618888002], [-0.05034242879418521, -0.8451177142702161, -0.5322045554951473]]	0.5716734148626414	0.42832658513735866	[[-0.054709154221597014, 0.30556523501555066, -0.4800492566966044], [0.5683213406327721, 0.004949615581069759, -0.061618571451161196], [-0.028779428181251142, -0.48313132967776473, -0.3042471956453648]]	0.7384395632105574	0.3878970187208499	[[-0.06865708284732266, 0.33475582860576797, -0.514259648187414], [0.8295995992562334, 0.04119888554989743, -0.0194158775152033], [-0.019415877509889115, -0.5142596481666565, -0.34377864596406527]]	[[0.002011594227195215, -0.05994760312794329, 0.10582754533682519], [0.09548996317854554, 0.03480538906620367, 0.06017780273138831], [0.01775896361984761, 0.10980870762054673, 0.04922225353444045]]	0.5434641410573715	[[0.0, 0.0, -0.8493465599999999], [0.8493465599999999, -1.523561163618509e-16, 0.0], [-1.6959196786428409e-16, -0.8493465599999999, 0.0]]
4	[[-0.5981897663743452, -0.7419171441245457, 0.3028662322859456], [0.7115509511219108, -0.6655993255599615, -0.22510615667197656], [0.3685976768273374, 0.0808485563767378, 0.9260665546111073]]	0.6427529067599604	0.3572470932400396	[[-0.38448821113117226, -0.4768694009611005, 0.1946681511612289], [0.4573514421414226, -0.42781590124113433, -0.14468763653047606], [0.2369172282057397, 0.05196564461849473, 0.5952319698294708]]	0.8057088855627578	0.2905869234975504	[[-0.47746934204413655, -0.6305332799484634, 0.13026978043662873], [0.5627087399241915, -0.6318055401670393, -0.12847053267092132], [0.15836362477558225, 0.06064599263485709, 0.7346173516307268]]	[[0.004497467976383963, -0.03276404457597175, -0.11375223405307174], [-0.010594183925363564, -0.0955262493387999, 0.052899497954572466], [-0.1386187986419931, -0.0044944076228021716, -0.011522700041931467]]	0.38305312043686646	[[-0.6516696095415222, -0.6516696095415221, 0.0], [0.6516696095415221, -0.6516696095415222, 0.0], [0.0, 0.0, 0.9216]]
4	[[0.9008474576716361, -0.4254042240105299, 0.08663200448188091], [-0.049446002604253164, -0.2987906365719553, -0.9530368557004423], [0.4313107358193278, 0.8542572222058906, -0.2901993237002208]]	0.7009851696630333	0.29901483033696685	[[0.6314807079564638, -0.29820205214339235, 0.06072775035998001], [-0.03466091452470126, -0.20944780507111785, -0.6680647019882989], [0.30234242932579924, 0.598821643843868, -0.20342542216009685]]	0.8076903901052339	0.27214359297393137	[[0.6936069991482123, -0.37598855995760244, 3.79629739778396e-12], [1.9797630047103232e-12, -0.2093580522326431, -0.762627615352664], [0.37598855995792635, 0.6068880545228433, -0.20935805223169687]]	[[-0.0339988353638996, -0.03239365631412329, -0.06997183749177249], [0.039937061134553406, 0.03197227357995075, 0.007131094412691671], [0.02762302348743797, -0.08308729453084575, 0.0250331527360097]]	0.43894679455356966	[[0.6005787121534667, -0.6005787121534668, 1.6959196786428409e-16], [1.0773204303471146e-16, -1.0773204303471148e-16, -0.8493465599999999], [0.6005787121534668, 0.6005787121534667, 0.0]]
4	[[-0.9329322773960255, -0.042925561482400815, -0.35748393245583304], [-0.169270649991114, -0.8240132564325088, 0.5406936288463909], [-0.3177810769134181, 0.5649420761413629, 0.7614825262347359]]	0.6314195206004636	0.3685804793995368	[[-0.5890716513460971, -0.02710403745272332, -0.22572233325363047], [-0.10688079266911821, -0.5202980553450411, 0.34140451191791316], [-0.2006531752405694, 0.3567154548842099, 0.48081493166076666]]	0.7750637223440996	0.33225431161652563	[[-0.7507189639408995, -0.04895508889958559, -0.16325989934816953], [-0.18192927494254094, -0.6780998075256753, 0.3385780516605084], [-0.16325989934361246, 0.3385780516678949, 0.5901974812571981]]	[[-0.027637000327378, -0.015685043433325642, 0.11381292801925483], [-0.05073373487682293, -0.039437025734212365, -0.08049396496091452], [0.0830406850194179, -0.09928805677503354, -2.6284737613661854e-11]]	0.40263759806191957	[[-0.8493465599999999, 0.0, 0.0], [0.0, -0.6005787121534668, 0.6005787121534667], [0.0, 0.6005787121534667, 0.6005787121534668]]
4	[[0.15665500554066836, 0.7010445100749366, 0.6956980696630148], [0.9690588098128995, 0.026938980891129116, -0.2453554858415722], [-0.1907465133706504, 0.7126085083707178, -0.6751332323583257]]	0.5676324064388066	0.43236759356119325	[[0.08892245777573413, 0.3979355822745504, 0.39490076943764985], [0.5500691841948222, 0.015291438550240564, -0.13927172486121417], [-0.10827390240439437, 0.4044996824552392, -0.38322750135036643]]	0.732197771864282	0.4124417419194935	[[0.10304118052260039, 0.4575020691822671, 0.43720070010356127], [0.7914191467464393, 0.07303254978572753, -0.133292253061565], [-0.10328362254490746, 0.4496306818355178, -0.38446951938367424]]	[[-0.0116612654856637, -0.05580115907228872, -0.07218787639398005], [0.08187644539598193, 0.05330788800094828, 0.04635648698631248], [0.03638054953596332, -0.07213968020505136, 0.10986152906062258]]	0.7426500016516735	[[0.0, 0.0, 0.8493465599999999], [0.8493465599999999, 1.523561163618509e-16, 0.0], [-1.6959196786428409e-16, 0.8493465599999999, 0.0]]
