4	[[-0.22702687951129652, -0.2600962815277815, 0.9385141023526418], [0.7861776675639859, -0.6177088015181534, 0.01898714171901844], [0.574789936414178, 0.742149419498815, 0.3447183896089062]]	0.6297807168668509	0.3702192831331507	[[-0.14297715092666696, -0.16380362263496998, 0.5910580841692937], [0.4951195350631545, -0.3890210918350674, 0.011957735723057299], [0.3619916182027727, 0.46739139343428354, 0.2170969945250832]]	0.7772505067006451	0.31179030265140734	[[-0.10041399880071825, -0.12936676586376028, 0.7079124134421526], [0.6516315308976893, -0.5486070693869438, -4.8332253984421905e-12], [0.4481930705886617, 0.5222647650410367, 0.1709596060191527]]	[[0.07604275833410329, 0.07279320074466143, -0.021548148157139246], [0.040574540426849624, -0.0684925904135105, -0.014757765526737281], [0.0014373012643104604, -0.05457124731200695, -0.09697293697340002]]	0.36756923568878463	[[0.0, 0.0, 0.8835999999999999], [0.6247995518564333, -0.6247995518564334, 0.0], [0.6247995518564334, 0.6247995518564333, 0.0]]
4	[[-0.010871777499557311, -0.0840287307277911, 0.9964040229075135], [0.9413747147740295, -0.3368748437119881, -0.018137972823285553], [0.33718756032528074, 0.9377923608594283, 0.08276495076773299]]	0.7317594814826514	0.2682405185173492	[[-0.007955526265870842, -0.06148882042701381, 0.7291280911500296], [0.688859873163922, -0.24651136095923376, -0.013272633588313846], [0.24674019430602762, 0.6862384517208869, 0.060564037458733413]]	0.8240620825112543	0.23970239960852777	[[0.008218996958938752, -0.027053088355179843, 0.8271402911532828], [0.7381382366730557, -0.26615119418313465, -0.005811708566300285], [0.2719629026702238, 0.7168968568624249, 0.029460376839933588]]	[[0.017178016565822872, 0.04219180247914091, 0.006041517013525597], [-0.03761297120706747, 0.01145459107181981, 0.009135107090987978], [-0.005900580488315703, -0.055902268990542126, -0.038743080848666824]]	0.36338744577302906	[[0.0, 0.0, 0.8305839999999999], [0.8305839999999999, -1.4899048104968077e-16, 0.0], [1.6584558255771184e-16, 0.8305839999999999, 0.0]]
4	[[0.388721369236936, 0.6072553768335828, 0.6929189017520486], [-0.1881814353775204, -0.6838834560027736, 0.704905075868346], [0.9019331707381749, -0.4044061398055253, -0.1515659249626253]]	0.7056389820764737	0.29436101792352753	[[0.27429695129972387, 0.4285030659693135, 0.4889505884938635], [-0.13278815650548248, -0.4825748257527387, 0.4974085001962808], [0.6364392045006912, -0.28536473683784785, -0.10695082500810624]]	0.8071386604050903	0.2906861253131932	[[0.29134542520619844, 0.47166745380579556, 0.5392545018210971], [-0.18251127453876811, -0.5531483006704027, 0.5392545018066385], [0.6476968035051726, -0.2774516263560458, -0.10082255347576115]]	[[-0.022406620030534546, -0.01847183757545078, -0.020027132308418023], [-0.030622762875049288, -0.0011595241191204864, -0.029701636842486768], [-0.08028832769935394, 0.04896020358617945, 0.02151216416163061]]	0.3955813739292133	[[0.41529199999999983, 0.41529199999999994, 0.5873115787450474], [-0.41529199999999994, -0.41529200000000005, 0.5873115787450472], [0.5873115787450474, -0.5873115787450472, 0.0]]
4	[[-0.3298322266022023, -0.8762827350930389, 0.35119691125136165], [0.9222848180711871, -0.37850758052406547, -0.0782478487960887], [0.201497932123461, 0.2980949172053785, 0.9330262609842703]]	0.6302822648330789	0.36971773516692136	[[-0.2078874027977727, -0.5523054669085667, 0.22135318462588907], [0.581299763955072, -0.23856661510919797, -0.04931823135751439], [0.12700057301795675, 0.18788393955143665, 0.5880699049219045]]	0.7708673946559659	0.34774979492100777	[[-0.1884735552526329, -0.6260436231570821, 0.17948807358508145], [0.7529608570265186, -0.31539078920977404, -1.2243964528599497e-10], [0.12691723398089422, 0.12691723400871963, 0.7041119259370081]]	[[0.06578335394178315, 0.04945416582609222, -0.09123817440247814], [0.042001562189231914, -0.02361163675365474, 0.060318715216434914], [-0.028410951983682736, -0.10287441817757657, -0.015127597013533065]]	0.5007121586484485	[[1.7643147080607643e-16, -0.8835999999999999, 0.0], [0.8835999999999999, 1.5850051175497956e-16, 0.0], [0.0, 0.0, 0.8835999999999999]]
4	[[0.4709175022496733, 0.19115318190370978, 0.8612184201020178], [0.8821529167293078, -0.0947858233539779, -0.46132621776469945], [-0.006552677384344174, 0.9769729314260427, -0.21326264014097962]]	0.6456237113153798	0.35437628868462057	[[0.30403550552580166, 0.12341302673041579, 0.5560230326394329], [0.5695388400464638, -0.06119597505388058, -0.297843144840334], [-0.004230563891933939, 0.6307568898419466, -0.13768741721273545]]	0.7551563563512902	0.34049567112143303	[[0.37257404447803993, 0.0707257728884938, 0.5820700824565017], [0.6527958553338885, -0.05806785751917187, -0.3145061869583334], [-8.35225965062908e-12, 0.7123428105359092, -0.09477826701077724]]	[[0.016957699337126275, -0.0736247674628671, -0.06828448169035248], [-0.013367527008078878, 0.013510259478575167, 0.03386723873817876], [0.004948295969554564, -0.02542450861361981, 0.06626837126394132]]	0.3878308618727806	[[0.5520728840203444, -8.668054718441452e-17, 0.5520728840203445], [0.5520728840203445, -1.0463267630326725e-16, -0.5520728840203444], [1.558948476042491e-16, 0.7807489599999998, 0.0]]
4	[[0.2932727100912193, 0.7663848849828426, 0.5715289367876191], [0.00018149557078206424, 0.5977709472802035, -0.8016669268761718], [-0.9560288094901268, 0.235210762206075, 0.175170810260522]]	0.6749616160557552	0.325038383944245	[[0.19794782234822028, 0.5172803804887235, 0.3857600947967986], [0.00012250254376199894, 0.4034724446074258, -0.5410944045027917], [-0.6452827502493156, 0.15875823617231818, 0.11823357317923795]]	0.7802432578624174	0.28963962101018476	[[0.15970272011896988, 0.5572432976911115, 0.4551669989834385], [-0.007079347069593861, 0.4985674759402319, -0.5829262149251533], [-0.7065261504184996, 0.15677035852892215, 0.09769867301447348]]	[[-0.0691213346447437, -0.040723341744415345, 0.009235399381623311], [-0.007220957765028218, 0.032160724578822325, 0.042568999821263415], [0.03940888250840521, -0.02675125285904808, -0.038977170665595105]]	0.3445478228624126	[[0.0, 0.5873115787450472, 0.5873115787450474], [0.0, 0.5873115787450474, -0.5873115787450472], [-0.8305839999999999, 0.0, 0.0]]
4	[[0.312078085329446, 0.25026955923460475, -0.9165000907679297], [0.9493512559049828, -0.044986478459825396, 0.310979757648975], [0.036598655285933646, -0.9671304795508722, -0.25163301443761527]]	0.5895552933165501	0.41044470668345	[[0.18398728713406928, 0.14754774340276086, -0.540327479837332], [0.5596950581354971, -0.026522016503660584, 0.18333976223625073], [0.021576930952089846, -0.5701768935469897, -0.14835157563489626]]	0.7131922947905041	0.39279703244833103	[[0.1650707443620119, 0.09739184731140908, -0.6267195015990384], [0.6487998338343343, -0.0387414883374838, 0.12316772212517973], [0.07531151507273466, -0.6745757086449509, -0.11027756330435037]]	[[-0.0575009414679223, -0.08109847395532661, 0.026921301311446395], [-0.028270166926787552, -0.0066574785301773435, -0.09862064486588759], [0.04920963612311303, 0.015174297427776512, 0.0691851637074643]]	0.4224574345634843	[[0.0, 0.0, -0.7807489599999998], [0.7807489599999998, -1.400510521866999e-16, 0.0], [-1.558948476042491e-16, -0.7807489599999998, 0.0]]
4	[[-0.2538643033432252, 0.48696402069590106, -0.8357146391177678], [-0.8713143736524561, 0.26000688613899875, 0.4161822694768838], [0.4199573523045962, 0.8338239992396379, 0.35829228366981253]]	0.5891983071298393	0.41080169287016066	[[-0.14957641777052452, 0.286918376627165, -0.49240165061181385], [-0.5133769539339235, 0.15319561715519925, 0.24521388863323437], [0.2474381610445973, 0.4912876887962268, 0.2111052069959378]]	0.709570945215451	0.41290009176666104	[[-0.20987375678824502, 0.3468608089603355, -0.5367660003295917], [-0.5868204960437337, 0.20987375679445125, 0.2968063132329641], [0.296806313247993, 0.5367660003188994, 0.13698705217725576]]	[[-0.029739023108530806, 0.0013252885092284806, 0.05623282607959238], [0.031438867648648006, 0.025380424834275796, 0.0014954668983396965], [-0.0011832221769575398, -0.05489128296489802, -0.11724674220973551]]	0.5255106609470906	[[-0.3903744799999998, 0.3903744799999999, -0.5520728840203445], [-0.3903744799999999, 0.39037448, 0.5520728840203444], [0.5520728840203445, 0.5520728840203444, 0.0]]
4	[[0.23507429571004806, 0.1639243119487907, -0.9580547455383437], [0.7224674736879957, -0.6888480443340972, 0.059406407734983124], [-0.6502159833157828, -0.7061283111228478, -0.2803604524027675]]	0.6056511732991006	0.3943488267008998	[[0.14237302300925023, 0.09928095186403273, -0.5802469807200694], [0.43756327310957127, -0.41720162627573676, 0.03597956054617729], [-0.39380407319303223, -0.4276674401312649, -0.16980063694440278]]	0.7775417621928625	0.30702247636113406	[[0.0968681839175377, 0.09004787440979424, -0.7040575807369172], [0.5878917640934755, -0.5830690769946042, 0.004822687104050024], [-0.4978438896819489, -0.5026665767891663, -0.12252423815220143]]	[[-0.08591189821509908, -0.03741012396912101, 0.040869994386200766], [0.026143131475086095, -0.04746095471996316, -0.04136827585175643], [0.007726191791369876, 0.04637767457556271, 0.09546772205823452]]	0.31500822910243365	[[0.0, 0.0, -0.8305839999999999], [0.5873115787450472, -0.5873115787450474, 0.0], [-0.5873115787450474, -0.5873115787450472, 0.0]]
4	[[-0.7789526709276531, -0.6132277320749256, -0.13108960702099365], [0.4894249346840115, -0.725216103161197, 0.48427764456480876], [-0.3920407756397623, 0.31307084235030797, 0.8650379632743539]]	0.5923232781877297	0.40767672181227055	[[-0.4613917995969551, -0.36322906053824683, -0.07764742576701625], [0.28989778173884934, -0.42956237961897065, 0.28684892198165973], [-0.23221487741020413, 0.1854391476459284, 0.5123821221635025]]	0.7270859101240225	0.3910679396774951	[[-0.5504852914845574, -0.4843843784432415, -0.07146995708568633], [0.3389941075742957, -0.5441542741518973, 0.2566558038936228], [-0.15256941993957412, 0.14954685033882292, 0.6289569148451466]]	[[0.015880220200413988, -0.03851513475425389, 0.023843449142973178], [-0.01685986649781922, -0.01685986374834157, -0.09545564805749905], [0.1324779042221902, -0.07808254800474533, 2.5982578820579755e-11]]	0.5205292243832051	[[-0.5873115787450474, -0.5873115787450472, 0.0], [0.5873115787450472, -0.5873115787450474, 0.0], [0.0, 0.0, 0.8305839999999999]]
4	[[-0.7357259517984016, -0.6355984379310936, 0.23392723131326343], [-0.6762908134220847, 0.6707859050452003, -0.3044289823153933], [0.03657949604943121, -0.38217914031543476, -0.9233639830405582]]	0.6365276012770817	0.36347239872291853	[[-0.46830987529553375, -0.40457594907173877, 0.14890113942122063], [-0.4304777692332861, 0.4269737431088981, -0.19377744987244036], [0.023283858876269367, -0.24326757144312094, -0.5877466612304595]]	0.7755279035157822	0.32394912800895603	[[-0.6158663073335942, -0.4652704794745218, 0.11570822504721896], [-0.5548704530879833, 0.4714784183780965, -0.1588388072139245], [0.02610825143045235, -0.19595233147528643, -0.6750141529796779]]	[[-0.04529030237322603, 0.02765384457208495, -0.06570887022840768], [-0.030388056387771558, -0.04873476826954457, 0.0772543632105755], [-0.0022601684524268394, 0.10043825598100693, 0.041080380969748476]]	0.387309631197033	[[-0.6247995518564334, -0.6247995518564333, 0.0], [-0.6247995518564333, 0.6247995518564334, 0.0], [0.0, 0.0, -0.8835999999999999]]
4	[[-0.7099649817244492, 0.17004561671924806, -0.6833990144561036], [-0.6966343129430994, -0.02737173477805739, 0.7169040536679481], [0.1032005753632168, 0.9850559762621669, 0.13789258455366898]]	0.5592445593312653	0.44075544066873523	[[-0.3970440533451195, 0.09509708598836912, -0.3821871806869248], [-0.3895889493569023, -0.015307493754087008, 0.4009246915763294], [0.05771436029173519, 0.5508871953613644, 0.07711567768376588]]	0.6667904151499665	0.46661046419403596	[[-0.3910602625061434, 0.13469353386880262, -0.4983388813972997], [-0.3896886974298101, 0.04364963619592307, 0.46199882929109604], [0.1904854223186591, 0.5893827790073226, 0.09104389764856613]]	[[0.08233758239984021, 0.021308746502143025, -0.04265496883503672], [0.07482038530523127, 0.06190084659195874, -0.016025922276849132], [0.1216722678285045, -0.06744310435048381, -0.0009015560520766004]]	0.641603383339626	[[-0.3903744799999998, 0.3903744799999999, -0.5520728840203445], [-0.3903744799999999, 0.39037448, 0.5520728840203444], [0.5520728840203445, 0.5520728840203444, 0.0]]
4	[[0.5035622894699279, 0.5369873573117416, 0.6768083914308072], [0.7236893469787391, 0.16572605027924595, -0.6699317915492047], [-0.4719096838308055, 0.8271514095654997, -0.3051586406453477]]	0.6077420314667117	0.39225796853328854	[[0.3060359687724821, 0.32634978740457893, 0.41132490672187594], [0.43981643388367686, 0.1007186864636633, -0.4071457079402473], [-0.2867993499201472, 0.5026946779798906, -0.18545773218542386]]	0.7279495327386468	0.38588336459946093	[[0.39930607448221705, 0.3604429776805958, 0.45968524886970485], [0.4900464873846038, 0.19710350742635405, -0.45968524885491446], [-0.33008173916587036, 0.5133687803141008, -0.14207569865981431]]	[[0.03273814115778019, -0.030456718161047443, -0.03299710342594635], [-0.036762834596505575, 0.07646330656295561, 0.027991285770093764], [0.01344469467360714, -0.08875570178321827, 0.08006439120912706]]	0.4198019257484924	[[0.3903744799999998, 0.3903744799999999, 0.5520728840203445], [0.3903744799999999, 0.39037448, -0.5520728840203444], [-0.5520728840203445, 0.5520728840203444, 0.0]]
4	[[-0.7797112461789556, 0.3586263663473402, 0.5132616310835669], [0.12556441147624647, -0.7135152995487305, 0.6892963773882098], [0.6134198816085799, 0.6018995320403472, 0.511305194748623]]	0.5822413506293524	0.41775864937064755	[[-0.4539801290761307, 0.20880709991337235, 0.2988421453083205], [0.07310879252890948, -0.4154381117039603, 0.40133685375443123], [0.35715842037067697, 0.3504507964783471, 0.29770302717424213]]	0.7389814555083145	0.3817819391793447	[[-0.5610396926491705, 0.2421283850762868, 0.3074049618262242], [0.15759159699697053, -0.5699533208488519, 0.4899754198249155], [0.3424212459677088, 0.4054386318156295, 0.3278249358477358]]	[[0.015152458928355868, -0.02288984911072866, -0.07188586536848202], [0.064801825444209, -0.04267874626088004, -0.01940182041403227], [-0.11088467098113751, -0.03935396044131957, -0.050020121176563875]]	0.5283945305602901	[[-0.41529199999999983, 0.41529199999999994, 0.5873115787450474], [0.41529199999999994, -0.41529200000000005, 0.5873115787450472], [0.5873115787450474, 0.5873115787450472, 0.0]]
4	[[-0.20892554660170207, -0.8722728212278597, 0.4421427838655412], [-0.9769286190798419, 0.16569047850232185, -0.13474842691632785], [0.04427854107729115, -0.4600943280250934, -0.8867652564908058]]	0.5673547617592303	0.43264523824077	[[-0.11853490371762593, -0.4948881386767841, 0.2508518138035968], [-0.5542651039338178, 0.0940052819564575, -0.07645016165054427], [0.025121641123952574, -0.2610367078634499, -0.5031104908327036]]	0.7265529467843473	0.3873002917802513	[[-0.14240573453816355, -0.5696179658011326, 0.23361288870846958], [-0.7660490005766067, 0.08982265264514862, -0.03718185379450963], [0.03718185384014132, -0.23361288858837156, -0.5914224987009734]]	[[0.009389737003834362, 0.06413442286186662, -0.08762725380847398], [-0.05625863358618373, -0.03056025276482187, 0.060720012856102214], [0.005011149341123175, 0.10067000123702406, 0.052859411508397826]]	0.49799961662867653	[[-1.6584558255771184e-16, -0.8305839999999999, 0.0], [-0.8305839999999999, 1.4899048104968077e-16, 0.0], [0.0, 0.0, -0.8305839999999999]]
4	[[-0.8451655046892217, 0.03102096411427288, 0.5336037569853065], [0.3597306106374598, 0.7713925264558512, 0.5249261451846907], [-0.3953342351148118, 0.635603075758354, -0.6631135442989435]]	0.5645086265690431	0.43549137343095706	[[-0.4771032182756444, 0.01751160184699566, 0.3012239239878569], [0.2030710329457957, 0.43545773565521695, 0.29632533726839194], [-0.2231695861003855, 0.35880341933940796, -0.37433331615152704]]	0.7084814655105479	0.4322405724524238	[[-0.5971033047820328, -0.01454089689478726, 0.24282668379968425], [0.32886789241462766, 0.5657131604874293, 0.31860919607828153], [-0.24282668369574711, 0.3186091963028029, -0.45910801796345685]]	[[0.0016807905791493304, -0.03651867501201746, -0.1352216879512], [0.07400542220119581, 0.019195852860104196, -0.05329124854697097], [0.037260294564886415, -0.13170380229348777, 0.01069563770135261]]	0.5457171356159657	[[-0.7807489599999998, 0.0, 0.0], [0.0, 0.5520728840203445, 0.5520728840203444], [0.0, 0.5520728840203444, -0.5520728840203445]]
4	[[-0.3901123425915053, -0.19274962118636868, 0.9003665607352815], [0.8924450663689159, 0.1615093954769425, 0.42125588267281683], [-0.22661457073972407, 0.9678648142716957, 0.10901163985220427]]	0.6854171683606236	0.31458283163937667	[[-0.26738969720159933, -0.13211389955614392, 0.6171266985457704], [0.6116971703079906, 0.11070131251144238, 0.288736014256857], [-0.1553255173856797, 0.6633911603539869, 0.07471844950584591]]	0.7659656061593884	0.30813402709117205	[[-0.2724390678188369, -0.12705168075350817, 0.6638579528313243], [0.6165245698127526, 0.12330886112714189, 0.32351527045419004], [-0.17438506376999607, 0.7256297069953518, 0.0037428196317246904]]	[[0.026373569144524378, 0.02058789967550131, -0.02579186562791922], [-0.06705765641246952, -0.0004017808797908032, 0.0008477529344977742], [-0.0008060967287939026, -0.01572145214861144, -0.07975634716609788]]	0.4438033007685934	[[-0.5520728840203444, 8.668054718441452e-17, 0.5520728840203445], [0.5520728840203445, -1.0463267630326725e-16, 0.5520728840203444], [1.558948476042491e-16, 0.7807489599999998, 0.0]]
4	[[-0.04368688083802902, -0.7928421645001731, 0.6078591601952907], [-0.07099332237196321, 0.6093655773994191, 0.7897047177643444], [-0.9965196458782106, -0.008654205414294847, -0.08290778074109101]]	0.7301799766347365	0.26982002336526356	[[-0.03189928562955654, -0.5789174731497703, 0.4438465873886077], [-0.05183790247078246, 0.44494654306752063, 0.5766265723655105], [-0.727638691743408, -0.006319127507201959, -0.060537601404367494]]	0.8178612828385035	0.23235675366891337	[[-0.009691097462601134, -0.616767210876123, 0.4920451692679627], [-0.017982854887078056, 0.5017362667307055, 0.5987843559914486], [-0.8025961384040263, 3.793051087025564e-14, -0.021997038889477516]]	[[0.02603871094280213, 0.03166769887044364, -0.005099303274493428], [0.04007983482102323, 0.003359753881190911, -0.04708455754291568], [0.012418697547698377, 0.007077939542121028, 0.04581002502472458]]	0.22005048811304795	[[0.0, -0.5873115787450472, 0.5873115787450474], [0.0, 0.5873115787450474, 0.5873115787450472], [-0.8305839999999999, 0.0, 0.0]]
4	[[-0.09570001472736311, 0.5345101365068197, -0.8397263966034669], [0.9941363825171496, 0.008658117471247562, -0.10778631618888002], [-0.05034242879418521, -0.8451177142702161, -0.5322045554951473]]	0.5334338769388359	0.46656612306116435	[[-0.051049629879121, 0.2851258143799392, -0.4479385073080657], [0.5303060247320723, 0.004618533169679457, -0.05749687252558946], [-0.02685435696619955, -0.4508144187928489, -0.2838959393622862]]	0.6979464915796689	0.4279393882958731	[[-0.04793109357088451, 0.3044390059193251, -0.4879860953395658], [0.7748506167791795, 0.02307701931838065, -0.017574484449590116], [-0.01757448444410426, -0.4879860953074443, -0.3067182305005097]]	[[0.01886239595220119, -0.06862046856937949, 0.09809799705666128], [0.0809966164496313, 0.0170341166056388, 0.05765459677473554], [0.017561837110396578, 0.10186084833928237, 0.06473207181004549]]	0.5465406338653161	[[0.0, 0.0, -0.7807489599999998], [0.7807489599999998, 1.400510521866999e-16, 0.0], [1.558948476042491e-16, -0.7807489599999998, 0.0]]
4	[[-0.6282958732607286, -0.7138118081737849, -0.3093816383614419], [-0.5738327107911779, 0.1566825842932765, 0.8038448779492399], [-0.5253192511888238, 0.6825857237672436, -0.5080515860024072]]	0.5449933253065282	0.4550066746934718	[[-0.3424170572447334, -0.3890226709796967, -0.1686109278793839], [-0.3127349972237435, 0.08539096263161307, 0.43809009306417657], [-0.28629548555293266, 0.3720046634026732, -0.2768847232827074]]	0.6661831859490417	0.4649898692075368	[[-0.4940067781980616, -0.42371133376367026, -0.2910110613681412], [-0.3883038654332836, 0.041799785395139594, 0.39714575381329986], [-0.33209804406495985, 0.3754498447305547, -0.3231812409446625]]	[[-0.07544663163059331, 0.05181809077358758, -0.08490621585038159], [-0.0060261619566413654, -0.06257951779208461, -0.13836218798774366], [0.017860808332376143, -0.07927728741203988, 0.015274183244884675]]	0.6497036170512271	[[-0.3903744799999998, -0.3903744799999999, -0.5520728840203445], [-0.3903744799999999, -0.39037448, 0.5520728840203444], [-0.5520728840203445, 0.5520728840203444, 0.0]]
4	[[-0.5981897663743452, -0.7419171441245457, 0.3028662322859456], [0.7115509511219108, -0.6655993255599615, -0.22510615667197656], [0.3685976768273374, 0.0808485563767378, 0.9260665546111073]]	0.6103067406486888	0.38969325935131105	[[-0.3650792466053274, -0.45279703406203503, 0.1848413030789844], [0.43426434178468776, -0.4062197549604658, -0.1373838047784271], [0.22495764675517124, 0.0493424189284387, 0.5651846605684663]]	0.7788552894328834	0.31725866699007393	[[-0.4408658229361521, -0.6221144777543728, 0.13991683258600293], [0.5131381122856494, -0.5935986166208952, -0.1399168325839782], [0.18505632114190376, 0.030940467114441855, 0.682934754231291]]	[[0.025037440689127288, -0.04426838573203157, -0.09597213442051412], [-0.04105710969664919, -0.07519306126555832, 0.03540828822389798], [-0.10202792912774047, -0.032028858662593036, -0.038337080194456086]]	0.38514345316571574	[[-0.6247995518564334, -0.6247995518564333, 0.0], [0.6247995518564333, -0.6247995518564334, 0.0], [0.0, 0.0, 0.8835999999999999]]
4	[[0.6069875784705717, -0.6928697567511047, 0.38922690010082395], [0.12403339438257666, 0.5663640199931965, 0.8147683805444849], [-0.7849724814669417, -0.44627715271657287, 0.4297149128233985]]	0.6259098995707666	0.3740901004292696	[[0.37991953428119607, -0.43367403986372177, 0.2436209699523651], [0.07763372942141311, 0.3544928468744194, 0.5099715952400068], [-0.49132204704079935, -0.27932928783756905, 0.26896281792938925]]	0.750934820897926	0.34078856837720617	[[0.39926395906095935, -0.524102557216667, 0.245908805347561], [0.13617758483469336, 0.4322353120006146, 0.5595631999029178], [-0.5194057951509813, -0.34285735653070054, 0.3136543945572655]]	[[-0.05654414946510511, -0.0038025305251880386, -0.04637522716830658], [0.0430365900386516, 0.006932848083994535, -0.052274748014548254], [0.07005737462919721, -0.0077323027846445055, -0.009033496540941032]]	0.48527771683917326	[[0.5520728840203445, -0.5520728840203444, 0.0], [0.3903744799999999, 0.39037448, 0.5520728840203444], [-0.3903744799999998, -0.3903744799999999, 0.5520728840203445]]
4	[[-0.9329322773960255, -0.042925561482400815, -0.35748393245583304], [-0.169270649991114, -0.8240132564325088, 0.5406936288463909], [-0.3177810769134181, 0.5649420761413629, 0.7614825262347359]]	0.586659055068982	0.4133409449310179	[[-0.5473131683005059, -0.025182669337570702, -0.2097211860168828], [-0.09930415957469929, -0.4834148383830108, 0.3172028133808426], [-0.1864291463008295, 0.3314283845578009, 0.44673061929241165]]	0.7386384120588253	0.3686511669412259	[[-0.71114342053663, -0.042801572209992006, -0.14969701624663784], [-0.16890197830887937, -0.6421957699797585, 0.3161513693812266], [-0.14969701616417647, 0.31615136948975725, 0.562460243954412]]	[[-0.022043804602406274, -0.011095103639898641, 0.11435434795908332], [-0.04387217419127778, -0.03354792673302838, -0.08322571404019523], [0.08502829386949395, -0.10113654853651517, -3.4155154880629174e-11]]	0.41979908473703065	[[-0.7807489599999998, 0.0, 0.0], [0.0, -0.5520728840203445, 0.5520728840203444], [0.0, 0.5520728840203444, 0.5520728840203445]]
4	[[0.9008474576716361, -0.4254042240105299, 0.08663200448188091], [-0.049446002604253164, -0.2987906365719553, -0.9530368557004423], [0.4313107358193278, 0.8542572222058906, -0.2901993237002208]]	0.6478980517124437	0.3521019482875565	[[0.5836573127155609, -0.2756185679266667, 0.05612870691975427], [-0.032035968752263985, -0.19358587130489074, -0.6174707220184698], [0.2794453854200029, 0.5534715899284804, -0.1880195764336419]]	0.7557492758330171	0.32904626448939106	[[0.6507337137017141, -0.3099027152071668, 0.0050076963588300185], [0.0035409760514065855, -0.21413655520977248, -0.6918680762926239], [0.3113694355126606, 0.5649688889444057, -0.210595579157473]]	[[-0.030081100069639547, 0.011596219025097856, -0.06046437829231416], [0.04090975671240839, 0.011674252005168917, 0.028388837245161044], [-0.014593340741802033, -0.08063538811282153, 0.008722349576200317]]	0.4520183221696419	[[0.5520728840203444, -0.5520728840203445, 1.558948476042491e-16], [9.903104871352656e-17, -9.903104871352658e-17, -0.7807489599999998], [0.5520728840203445, 0.5520728840203444, 0.0]]
4	[[0.2716390998961424, -0.9623667677143403, 0.0078996080071079], [-0.8358745486248621, -0.23185104168470852, 0.4975528448626315], [-0.4769967907321766, -0.14175788820650492, -0.8673976958480093]]	0.5535106968196677	0.44648930318033214	[[0.15035514746698111, -0.5326803001936562, 0.004372517532616552], [-0.46266550386317257, -0.12833203164126886, 0.2754008218645233], [-0.26402282601891236, -0.07846450748086707, -0.4801139030486059]]	0.7148137084226163	0.41492894292286703	[[0.22179975887890604, -0.726422704360811, 0.03200934697952406], [-0.5221224105513225, -0.17653170625655637, 0.2363096407903395], [-0.23630964079662758, -0.03200934698395162, -0.5819855318381367]]	[[0.027628406529562985, -0.03850974626823724, 0.026362598884878304], [0.07537217532729563, -0.010801403348263317, -0.11934795338214044], [0.10465420409232629, 0.06932113478309888, 0.03804223180821164]]	0.5535491556831209	[[1.6584558255771184e-16, -0.8305839999999999, 0.0], [-0.8305839999999999, -1.4899048104968077e-16, 0.0], [0.0, 0.0, -0.8305839999999999]]
4	[[0.15665500554066836, 0.7010445100749366, 0.6956980696630148], [0.9690588098128995, 0.026938980891129116, -0.2453554858415722], [-0.1907465133706504, 0.7126085083707178, -0.6751332323583257]]	0.5321158068614044	0.46788419313859564	[[0.08335860467215042, 0.3730368651242827, 0.3701919396706568], [0.5156515104797433, 0.014334657552907007, -0.1305575323164602], [-0.10149923486822343, 0.37919025140798635, -0.3592490646752984]]	0.6929546675026238	0.4480279340155438	[[0.08948825146294048, 0.42485067413561844, 0.41357016268098895], [0.7527509025786263, 0.031667331499891774, -0.08566993430391182], [-0.08566993424161351, 0.4135701626983746, -0.3762479873134801]]	[[-0.019066565814115137, -0.06094139124789862, -0.06851706186456208], [0.08123707723423948, 0.01299983895361985, 0.0843502948073795], [0.04650875250843044, -0.08023522927919739, 0.0915887372353548]]	0.7308846314158116	[[0.0, 0.0, 0.7807489599999998], [0.7807489599999998, 1.400510521866999e-16, 0.0], [-1.558948476042491e-16, 0.7807489599999998, 0.0]]
4	[[0.39159002759377715, 0.2136607185654068, -0.8949895796215835], [0.9173475615466772, -0.1663710136628364, 0.36165472088328326], [-0.07162891604282473, -0.9626368906056502, -0.2611503690053217]]	0.5783975118252425	0.4216024881747579	[[0.2264946976158186, 0.12358082799302465, -0.517659745962643], [0.5305915470775513, -0.09622858034242816, 0.20918019069874375], [-0.041429986813908894, -0.5567867823174961, -0.15104872364492178]]	0.7001803147106364	0.42120075653424377	[[0.19786786005309825, 0.057201183584937546, -0.5840814219619144], [0.6083083108019359, -0.11003484962388554, 0.13244065561083887], [0.03297429459410313, -0.6835477827224373, -0.14738675563609097]]	[[-0.07631576870505924, -0.09239984558148968, 0.042572663560265574], [-0.03400039354085133, 0.0064548590812868465, -0.12078286067380566], [0.08312745157134997, -0.009528381706105182, 0.03546559192085401]]	0.47303256675052907	[[0.0, 0.0, -0.7807489599999998], [0.7807489599999998, -1.400510521866999e-16, 0.0], [-1.558948476042491e-16, -0.7807489599999998, 0.0]]
4	[[0.3165442381789233, -0.7577804397575791, -0.5705861463412293], [-0.23983098085954807, -0.6459091038519906, 0.7247637754338064], [-0.9177585989222176, -0.09257556201248784, -0.3861980313548994]]	0.5618577809818536	0.4381422190181465	[[0.17785284324580122, -0.4257648363536464, -0.32058826604227053], [-0.134750902716447, -0.36290905580625693, 0.4072141666012689], [-0.515649809867452, -0.05201429984548439, -0.21698836891662424]]	0.7403830881841504	0.37576323544741147	[[0.15321137190239906, -0.56730159949016, -0.3918524938981635], [-0.1342920946172192, -0.5241344941255514, 0.4835374778176004], [-0.6478581896293801, -0.05052797294626247, -0.16614562710822145]]	[[-0.08115262870741148, -0.0062537773368996005, 0.03059983920504934], [0.04327470763380666, -0.04591431712935732, -0.05306536444208548], [0.03163475604821082, 0.01801340754692655, 0.11978886399695829]]	0.4159339411716324	[[0.0, -0.5873115787450472, -0.5873115787450474], [0.0, -0.5873115787450474, 0.5873115787450472], [-0.8305839999999999, 0.0, 0.0]]
4	[[0.011896673231499427, 0.9993644402235865, 0.03360334481298405], [0.8317252015093325, 0.008764640468321566, -0.5551183389618117], [-0.5550600493102371, 0.0345528102194082, -0.8310923203625807]]	0.5375903240965347	0.4624096759034652	[[0.006395536418192586, 0.5372486533103501, 0.018064833028739413], [0.4471274206386578, 0.00471178590995486, -0.2984262477544101], [-0.298394911801729, 0.01857525644429769, -0.44678718985786087]]	0.7142693950518776	0.40683451966819434	[[2.9059927152854474e-11, 0.814154780388474, 4.508226143369857e-11], [0.5567636768192267, 3.0815619075302957e-11, -0.25739110360854955], [-0.25739110364134726, 4.359227469624354e-11, -0.5567636768128732]]	[[-0.008497429563132828, 0.10033934623361417, -0.02400184072620766], [-0.037312179712245354, -0.006260314414339884, 0.13911293654390677], [0.13907130199694107, -0.024680014809166657, 0.036860132084768196]]	0.5561367082389645	[[-1.6584558255771184e-16, 0.8305839999999999, 0.0], [0.8305839999999999, 1.4899048104968077e-16, 0.0], [0.0, 0.0, -0.8305839999999999]]
4	[[0.2973838978430522, -0.6779765432739062, -0.6722429799365989], [0.21009501085824506, -0.6403704890576759, 0.7387731202179104], [-0.931355412136606, -0.3609341262812347, -0.047996382878866456]]	0.6995614690093572	0.30043853099064327	[[0.20803831643481419, -0.4742862665665795, -0.47027528657567524], [0.14697437442753056, -0.4479785200354281, 0.5168172092442681], [-0.651540360284099, -0.25249560759690926, -0.03357642011387539]]	0.7964692734859575	0.263450043637941	[[0.18614108021146683, -0.4937200406277139, -0.5628382652684898], [0.18138998151315336, -0.49106360889250006, 0.5722137650787357], [-0.695733682827911, -0.25988370607006833, -0.0033595340792658144]]	[[-0.05071605685001136, 0.04626744423417532, -0.02741738743235124], [0.014055760851862456, 0.01897180928911446, -0.016196325252177006], [0.04606228563374679, 0.02758923526543547, 0.034868110122218784]]	0.37933930341186023	[[0.0, -0.5873115787450472, -0.5873115787450474], [0.0, -0.5873115787450474, 0.5873115787450472], [-0.8305839999999999, 0.0, 0.0]]
4	[[-0.3892204033068475, 0.16341442670440054, -0.9065336192301567], [0.7573193366333747, 0.6170095977865081, -0.21393124736820557], [0.5243804916383139, -0.7698018455318246, -0.3639096297227603]]	0.5628771312491901	0.43712286875081	[[-0.2190832640370112, 0.09198224370810405, -0.5102670429732158], [0.42627773564373367, 0.3473005923552864, -0.12041700680317632], [0.2951617868164142, -0.4333038544432857, -0.20483640841230244]]	0.7197384329358499	0.38882443032184355	[[-0.22448754124680148, 0.06599972631599986, -0.574691889929377], [0.581904111556208, 0.4740350849693318, -0.11322908347935585], [0.3620963681127606, -0.4706456539192885, -0.20424424195364466]]	[[0.05564934189592828, -0.051615917079335674, 0.07777519657900032], [0.0368322789756855, 0.02994956395209119, 0.04074545725744812], [-0.015320425201130411, 0.08341032005491178, 0.05767550467328043]]	0.44749736719320443	[[0.0, 0.0, -0.8305839999999999], [0.5873115787450472, 0.5873115787450474, 0.0], [0.5873115787450474, -0.5873115787450472, 0.0]]
4	[[-0.497660567830157, -0.331663200144824, 0.8014570986002058], [0.5168745496181553, -0.8554231213464026, -0.033045172461446226], [0.6965448005577205, 0.39780749758604605, 0.5971386235040682]]	0.5579124482732739	0.4420875517267261	[[-0.2776510258071906, -0.18503902799494754, 0.4471428920660355], [0.28837074542761093, -0.47725120793993714, -0.018436313071578107], [0.38861101501117706, 0.22194175491969564, 0.3331510713976874]]	0.7382690954733361	0.39821869684164846	[[-0.22564150715960402, -0.15681591884734886, 0.6087366079022875], [0.42610867067166636, -0.7127281558210937, -0.024396229578331936], [0.4971918978358265, 0.29368898141341937, 0.2804915384184784]]	[[0.14176591010511289, 0.08804077192536229, 0.017045600658029205], [0.044516164451882834, -0.08119570177770705, 4.540112033191573e-12], [-0.017045602028577064, -1.9422081837725786e-12, -0.16035745302806284]]	0.6346735696482302	[[0.0, 0.0, 0.7807489599999998], [0.5520728840203444, -0.5520728840203445, 0.0], [0.5520728840203445, 0.5520728840203444, 0.0]]
4	[[0.34438500917845144, -0.9365203313506948, 0.06579235837042641], [0.28308685107610987, 0.17040524526154976, 0.9438346715051124], [-0.8951317222626903, -0.30641756045327384, 0.32380160352427834]]	0.6290945378535047	0.3709054621464957	[[0.2166507281927926, -0.589159825041476, 0.04138961328333549], [0.17808839175012917, 0.1072010090156278, 0.5937612364806237], [-0.5631224771348585, -0.19276561358355068, 0.20370182012532986]]	0.754538746655112	0.33418944571403136	[[0.25637415333689095, -0.6745553085111803, -5.537497461749756e-12], [0.18128390235868255, 0.18128390232881683, 0.6745553084872212], [-0.599465057520914, -0.1812839023547119, 0.2563741533549826]]	[[-0.0034776798554271293, 0.032085568523203115, -0.04964288362984279], [-0.0323160954468276, 0.05270654214571016, -0.03760452159988588], [0.07594651028640848, 0.04992001966281849, 0.012053297266858548]]	0.4726092724555969	[[0.0, -0.7807489599999998, 1.558948476042491e-16], [0.0, 1.400510521866999e-16, 0.7807489599999998], [-0.7807489599999998, 0.0, 0.0]]
4	[[0.2943250136427136, 0.18032690162771614, -0.9385387551367095], [0.05363968514426791, -0.9836066795264454, -0.1721647007042514], [-0.9541989155945632, 0.00032945456234623194, -0.29917272759703717]]	0.6217572228326832	0.3782427771673168	[[0.18299870309268512, 0.11211955355807145, -0.5835432499146442], [0.033350861668919485, -0.6115645574220397, -0.10704464617969545], [-0.593280067790034, 0.00020484075373390385, -0.18601280425801248]]	0.7919386392661211	0.3335425955927001	[[0.19196875557536808, 0.15159715686630687, -0.6280721434702232], [0.046281373300609364, -0.820040899060389, -0.1053157835857351], [-0.6716953693568111, -1.6527337355731172e-11, -0.2111391280920074]]	[[-0.041118595230823986, 0.008789315768178478, 0.1151929611712627], [0.0038020340367956023, -0.041084763703151395, 0.031028095219648857], [0.08397162144835603, -0.00026090781433306913, 0.02578731470672659]]	0.350444135508472	[[0.0, 0.0, -0.8835999999999999], [0.0, -0.8835999999999999, 0.0], [-0.8835999999999999, 0.0, 0.0]]
4	[[-0.8098148069570111, 0.06315897562890704, -0.5832760257636909], [0.5634097413606913, 0.3609782514293012, -0.7431447808704055], [0.16361369677706578, -0.9304330420790907, -0.32790991512058765]]	0.5640760843051125	0.4359239156948907	[[-0.4567971653206142, 0.035626467661475224, -0.3290120566818349], [0.3178059607660912, 0.20361919858554242, -0.4191901980651567], [0.09229057341669382, -0.5248350270840668, -0.18496614092604716]]	0.6653999133594783	0.46596664311674607	[[-0.5233528875642305, -0.03455520633460125, -0.3204307567471761], [0.2573960719544823, 0.29701464439279107, -0.47767331372207206], [0.04886844192027179, -0.5828901942144826, -0.26245943783366865]]	[[0.015497814822188417, -0.07658118324594919, 0.06768106026064352], [-0.1174967211328079, 0.05681974716707931, 0.016815159082643416], [-0.06000009773961236, 0.03621987137174099, -0.044268208722715946]]	0.6338063869410907	[[-0.3903744799999998, -0.3903744799999999, -0.5520728840203445], [0.3903744799999999, 0.39037448, -0.5520728840203444], [0.5520728840203445, -0.5520728840203444, 0.0]]
4	[[-0.21241983037595796, 0.9040403184743173, 0.3709298023021392], [0.7675810831292289, -0.08054299284272853, 0.6358711403469227], [0.6047289446398354, 0.41979033918944697, -0.6768153179693851]]	0.5395310341138616	0.4604689658861406	[[-0.11460709074903166, 0.48775780790707085, 0.20012813981971989], [0.4141338155469535, -0.04345544421906308, 0.34307221391453663], [0.3262700328601155, 0.2264899158138915, -0.3651628684081235]]	0.7062095912886025	0.4355159562580071	[[-0.20128807394236967, 0.6448894984034308, 0.2517813076820448], [0.5387050963437828, -0.154784466131469, 0.3579657097407363], [0.3579657097436443, 0.25178130768085516, -0.3703000388361428]]	[[-0.05127515235097002, 0.006447554585264428, -0.010172876398510805], [-0.003368026653772907, -0.09790423207484486, -0.09109258839588169], [-0.06909967109084197, -0.04467865618502823, 0.107673430244882]]	0.715234073581077	[[-0.41529199999999983, 0.41529199999999994, 0.5873115787450474], [0.41529199999999994, -0.41529200000000005, 0.5873115787450472], [0.5873115787450474, 0.5873115787450472, 0.0]]
4	[[-0.10845513793664141, -0.6720147867879052, 0.7325528031436028], [-0.782694789624546, 0.5120379814051966, 0.35384455894231126], [-0.6128836344280466, -0.5349890016971353, -0.5815156220716438]]	0.5354474224217465	0.46455257757825413	[[-0.058072024056568715, -0.3598285854148846, 0.3922435102310668], [-0.4190919076473941, 0.2741694173254473, 0.1894651570236198], [-0.32816696229896886, -0.2864584819827153, -0.3113710409362394]]	0.6966892102143789	0.485247282558047	[[1.1431139539818478e-10, -0.4211346936347638, 0.496302675940289], [-0.5276460710811651, 0.37340629113223045, 0.1482679777685839], [-0.4348208985095067, -0.25477935523645145, -0.27286671598225737]]	[[0.075559524507082, 0.04705075742488703, -0.014058957922157467], [0.017648943741267985, 0.016674954267279017, -0.09825170853958906], [-0.007831483286513194, 0.11794170982930556, 0.1322689434861597]]	0.6568166257408241	[[0.3903744799999998, -0.3903744799999999, 0.5520728840203445], [-0.3903744799999999, 0.39037448, 0.5520728840203444], [-0.5520728840203445, -0.5520728840203444, 0.0]]
4	[[-0.9655239015696506, 0.07817738312533667, 0.24829799086056714], [-0.2583680309547694, -0.17137329386372563, -0.9507245419840874], [-0.03177351221182961, -0.982099532083165, 0.18566354785943645]]	0.5919396405598815	0.40806035944011887	[[-0.5715318712471132, 0.04627629206712391, 0.146977423461745], [-0.15293827937553034, -0.1014426459712566, -0.562771543653519], [-0.018808001397995485, -0.5813436440153361, 0.10990161378498725]]	0.6994502088041431	0.40755926609082915	[[-0.6547144596312464, 0.01849940218914583, 0.23345058678904354], [-0.24111329006471632, -0.12625530547834912, -0.5520728839759282], [-0.026162105473746155, -0.6596079820598625, 0.10775590330163606]]	[[0.02062143492703657, -0.0361817847616324, 0.05977850523597042], [-0.06039771686508777, -0.006388219301912346, 0.11291159543006535], [-0.003938115722740969, 0.027321740722158313, -0.02210650401596483]]	0.5347142541767035	[[-0.5520728840203444, -8.668054718441452e-17, 0.5520728840203445], [-0.5520728840203445, -1.0463267630326725e-16, -0.5520728840203444], [1.558948476042491e-16, -0.7807489599999998, 0.0]]
