4	[[0.960266122164094, -0.26817943200658406, -0.07725779489837309], [0.017005372634810778, 0.3325347103638141, -0.9429376881346961], [0.27856739207144177, 0.9041573196362899, 0.32388230798028383]]	0.8667763410639336	0.1332236589360669	[[0.8323359558170468, -0.23245158682327097, -0.06696522878067966], [0.01473985467083006, 0.28823321952590203, -0.8173160791726768], [0.24145562483940666, 0.7837021732605164, 0.2807335218464922]]	0.9260887077286907	0.13831842928678711	[[0.8869844127055333, -0.24251572287904385, -0.030328040696212095], [-0.021445163235846658, 0.3101730543133941, -0.8678427058911736], [0.25139860033951134, 0.7762722818469461, 0.28872789107863917]]	[[-0.002307199445054558, 0.0058422207473478194, 0.04121953074319046], [-0.037193646803663424, 0.002216414117634923, 0.005401239182166763], [-0.006579515799281431, -0.061057601878461806, -0.01121585697500774]]	0.4389064479646201	[[1.0, 0.0, 0.0], [0.0, 1.7938038903913487e-16, -1.0], [0.0, 1.0, 1.9967346175427393e-16]]
4	[[-0.9486136680599805, -0.12041431394456104, -0.29263031587149324], [-0.3163835017059441, 0.34398030004570723, 0.8840695860783527], [-0.005795568830930603, 0.9312238969107944, -0.3644015164680301]]	0.7145666199265397	0.28543338007346053	[[-0.6778476624017369, -0.08604404930613656, -0.20910385570032766], [-0.2260770894145403, 0.2457968403249777, 0.6317266159038647], [-0.004141320030070512, 0.6654215124103668, -0.2603891599186659]]	0.8501611579359749	0.27175153198767243	[[-0.7875341824106905, -0.045013440793360886, -0.3004720401073879], [-0.21246581713227086, 0.28188976139984395, 0.7071067810185666], [-0.06365861853596863, 0.707106780956148, -0.3269032023820466]]	[[0.018940312061075913, 0.057358131781813426, -0.051689111918909306], [0.05651114702989314, -0.010548928794178599, -0.04449484197778332], [-0.05873145102776722, -0.08458360553918315, -0.01710318718796123]]	0.5166027624282885	[[-1.0, 0.0, 0.0], [0.0, 0.7071067811865476, 0.7071067811865475], [0.0, 0.7071067811865475, -0.7071067811865476]]
4	[[0.5589385729429008, -0.453070050737613, 0.6944891653590938], [0.6606928908491764, -0.262767821928887, -0.7031628372860068], [0.5010714277005947, 0.851868887143653, 0.15246909017477023]]	0.8714378103358414	0.12856218966415997	[[0.48708020611760244, -0.394822372943534, 0.6052041175624941], [0.5757527661060632, -0.228985815368428, -0.612762683234054], [0.4366525877772606, 0.7423507577056953, 0.13286733008579948]]	0.9381790362101561	0.11476348977610619	[[0.539506830551236, -0.4260358960903107, 0.6804966930162974], [0.582335443610257, -0.23698221962262908, -0.6376680799599534], [0.46882460567648043, 0.7504339499850583, 0.13368113664634693]]	[[0.015122378886985303, -0.0009750725536099264, 0.0289415172013069], [-0.03751277595752436, 0.009541042301656052, 0.022024553023831075], [-0.0012701034361097198, -0.048771581532792964, -0.009362167425658516]]	0.2954705599452722	[[0.4999999999999999, -0.5, 0.7071067811865476], [0.5, -0.5000000000000001, -0.7071067811865475], [0.7071067811865476, 0.7071067811865475, 0.0]]
4	[[0.42284015807257314, 0.3527755205810929, 0.834718894478794], [0.37729723708366386, -0.9060167935199916, 0.19178207619270926], [0.8239253580332351, 0.23384396921556794, -0.5162015134143967]]	0.6481956522102456	0.35180434778975467	[[0.27408315204253486, 0.22866755864687033, 0.541061158218897], [0.2445624286685694, -0.5872761463891261, 0.12431230795996823], [0.5340648348229129, 0.15157664414111763, -0.33459957665956075]]	0.8028245237377056	0.30168713103833605	[[0.25655384856516034, 0.270092068339935, 0.6315703538299267], [0.3038603875762411, -0.8103615403911463, 0.15396735397927983], [0.6175830580163575, 0.18773567321550363, -0.304654280196124]]	[[-0.0829125999566293, -0.013124770956901968, -0.03856244508487523], [0.0009569129069964761, -0.08298903963509614, -1.5602687639774563e-12], [-0.043884425142092814, 1.0806306342685466e-12, 0.10976495396347187]]	0.6598022082169618	[[0.0, 0.0, 1.0], [0.0, -1.0, 0.0], [1.0, 0.0, 0.0]]
4	[[0.27459789904950743, -0.1233857755913988, -0.9536099539220977], [-0.9242923950151736, 0.23955154775131188, -0.29715084466826813], [0.2651029278501293, 0.963011425867658, -0.04826418230561075]]	0.8172948759253088	0.18270512407469158	[[0.22442745583301776, -0.10084256215292031, -0.7793805289719], [-0.7554194383026325, 0.19578425249712436, -0.24285986272425297], [0.2166672645247071, 0.7870643038191618, -0.039446068889100766]]	0.9239649915173288	0.14673699929630016	[[0.20287395503952294, -0.1593700018273945, -0.8737716013040281], [-0.806294057407898, 0.18150354212148206, -0.2703514989279272], [0.2410339944575656, 0.8916068144071746, 0.015650776439288746]]	[[-0.05084489042643134, -0.04536586472972878, 0.007330611682443615], [0.047719757511828956, -0.03983370166452139, 0.004205478745356008], [-0.003911830024698403, 0.0018179704742733364, 0.060245191233883305]]	0.39885614599134667	[[0.0, 0.0, -1.0], [-1.0, 1.7938038903913487e-16, 0.0], [1.9967346175427393e-16, 1.0, 0.0]]
4	[[-0.5524682326348718, 0.07472194964223472, 0.8301779822248746], [0.3954071310761524, 0.9002726737930906, 0.1821052264916233], [-0.7337792942182461, 0.42886564686752693, -0.5269176447163921]]	0.6453812934688185	0.3546187065311821	[[-0.3565526625783255, 0.04822414851061733, 0.5357813399776232], [0.25518836570072173, 0.5810191426872159, 0.11752730662059588], [-0.47356743002320817, 0.27678186589970594, -0.34006279109860854]]	0.8204546197253108	0.3190563242183795	[[-0.39913457073792546, -0.039160830104256715, 0.6170863757324451], [0.3562828577420541, 0.8294829242253131, 0.05538177798111481], [-0.485730131342059, 0.3725038046089287, -0.3599737402918283]]	[[0.05414054297883243, -0.1004667988831103, -0.06403698497819026], [0.031869250378293794, 0.09085004999931329, -0.09402729637006169], [0.11630248045807957, 0.020639003394982505, 0.07233827553051562]]	0.6569048025030997	[[0.0, 0.0, 1.0], [0.7071067811865475, 0.7071067811865476, 0.0], [-0.7071067811865476, 0.7071067811865475, 0.0]]
4	[[-0.5387086746235353, 0.7530690341028258, -0.37773005408729476], [0.8423234016150757, 0.49040532726543196, -0.22359316197346515], [0.01685974427331502, -0.4386224399926676, -0.8985132743359537]]	0.7037513991630088	0.2962486008369913	[[-0.3791169835075631, 0.5299733864161997, -0.26582805406985266], [0.5927862724343543, 0.3451234352200408, -0.15735400058210747], [0.01186506862187595, -0.30868115584913275, -0.6323299739804636]]	0.8351308543832183	0.2886569766943201	[[-0.5163763029519997, 0.551820925102108, -0.26246075738522523], [0.7471506904068922, 0.41586240653501716, -0.08059346053398767], [-0.06713099202930606, -0.27592322585186196, -0.7041563380320759]]	[[-0.06648406725000705, -0.07709026075776436, 0.05299326541089496], [0.04370042834913415, 0.006309786581737023, 0.10613608785913906], [-0.08121108466895735, 0.09038390721089454, 0.0462198204387429]]	0.49566160469061976	[[-0.7071067811865474, 0.7071067811865477, 0.0], [0.7071067811865477, 0.7071067811865474, 0.0], [0.0, 0.0, -1.0]]
4	[[0.14595044963558398, -0.6734441926758938, -0.7246870949604965], [-0.34441161031647605, -0.7212947983739647, 0.6009279961175655], [-0.9274045012454825, 0.1618849381189445, -0.33721529900027186]]	0.7142556357618695	0.2857443642381307	[[0.10424593119419445, -0.48101130998985986, -0.5176118417394312], [-0.24599793369036368, -0.5151888747843266, 0.42921620791405785], [-0.6624038916455122, 0.11562722939641744, -0.24085792777606754]]	0.8602975572046837	0.23384632851844253	[[0.09402281319490402, -0.6269169775421419, -0.5991617829841038], [-0.2589411395019373, -0.669516145818594, 0.47973297895789396], [-0.7515823659540964, 0.11175714093401316, -0.20212631009551885]]	[[-0.031538002099514094, -0.047554583669391054, 0.024284754548170143], [0.03735532752625793, -0.04898799275302743, -0.037243908157953864], [0.04626146100802039, -0.027512075877946282, 0.08797918788646232]]	0.386024196201945	[[0.0, -0.7071067811865475, -0.7071067811865476], [0.0, -0.7071067811865476, 0.7071067811865475], [-1.0, 0.0, 0.0]]
4	[[-0.9649136349056507, -0.007072981661685379, -0.26247218920026094], [-0.13286753364795276, -0.8490486324305947, 0.5113341747527215], [-0.22646831053256494, 0.5282673496423472, 0.8183188325013518]]	0.759812061359948	0.24018793864005233	[[-0.7331530179719826, -0.005374136776326287, -0.1994295351259087], [-0.10095435462886333, -0.6451173916019355, 0.3885178733626532], [-0.17207335385845254, 0.40138390388090844, 0.6217685189725176]]	0.8737781600283225	0.2125350240490144	[[-0.8485010629394473, -0.03670655051449329, -0.1557186733428318], [-0.10187126888172879, -0.7841124887536776, 0.3895907635774141], [-0.12095926770619839, 0.4547554818045766, 0.6861248677239139]]	[[-0.00538060244534655, -0.030526333612231806, 0.07362379319517787], [0.014225480196680601, -0.042232336933909084, -0.05720187079761948], [0.07692379597566913, -0.006832990968951294, -0.028904256055642355]]	0.347807757647125	[[-1.0, 0.0, 0.0], [0.0, -0.7071067811865476, 0.7071067811865475], [0.0, 0.7071067811865475, 0.7071067811865476]]
4	[[-0.16688068420723817, -0.7255765027370625, 0.6675998621287887], [0.016208584335006937, 0.6749843637247572, 0.7376539774995726], [-0.9858438613859596, 0.13392104914067282, -0.10088128451146167]]	0.8608820485311017	0.13911795146889844	[[-0.1436645852805992, -0.6246357860423147, 0.5747247369085127], [0.01395367928610983, 0.5810819217698316, 0.6350330672569473], [-0.8486952829217569, 0.11529022712565681, -0.08684688686867628]]	0.935336001423808	0.11706929048529535	[[-0.11799366474056032, -0.6434897350884528, 0.6005790439698101], [0.01750020934309514, 0.6643898235962279, 0.7217981627419586], [-0.8892551590375244, 0.09580863719854849, -0.07105960376629317]]	[[0.038095847140706116, 0.03516808970870248, -0.02385114162481678], [0.002339736882449276, 0.033052647806319516, 0.03184384099313991], [0.03284009629942611, -0.02945254141117031, 0.023298293507155576]]	0.1736246905965102	[[0.0, -0.7071067811865475, 0.7071067811865476], [0.0, 0.7071067811865476, 0.7071067811865475], [-1.0, 0.0, 0.0]]
4	[[-0.7602129684948403, 0.05278936044302118, 0.6475256952092945], [-0.5363407046060238, 0.5114621413604626, -0.671375548063589], [-0.36662636445702773, -0.8576827859873295, -0.36050706998065346]]	0.7565637734030566	0.2434362265969438	[[-0.5751495920343953, 0.039938517732306104, 0.48989448334298125], [-0.4057759473063871, 0.3869537276204795, -0.5079384180135349], [-0.2773762257226532, -0.6488917249494198, -0.27274658920304296]]	0.8738131902741781	0.23723318180600225	[[-0.6131911496158673, 0.05756564482908916, 0.5168360754846169], [-0.4185496711898408, 0.501997009936531, -0.5273880551252949], [-0.2611288416654202, -0.7821893265602349, -0.2647126392838132]]	[[0.05109296967241214, 0.011437605367839334, -0.048980418030722006], [0.05011191097584942, 0.05507464448988289, 0.059268754400224846], [0.05923411149939855, -0.03273479509340128, 0.050303193652377516]]	0.520841719878752	[[-0.4999999999999999, 0.5, 0.7071067811865476], [-0.5, 0.5000000000000001, -0.7071067811865475], [-0.7071067811865476, -0.7071067811865475, 0.0]]
4	[[0.9276499285075541, 0.24559764542247225, 0.2813314889998406], [-0.0941166078059129, -0.5752662021112951, 0.8125336059779651], [0.3613968376660729, -0.780224706909096, -0.5105308339890726]]	0.7806116591974549	0.2193883408025455	[[0.7241343498466822, 0.19171638548822423, 0.219610640412656], [-0.0734685213774098, -0.44905950451031657, 0.6342732063161499], [0.2821105850792264, -0.6090525030071573, -0.3985263213916702]]	0.908649701984772	0.16381908868662814	[[0.8059626000390538, 0.22156132949128574, 0.20361337028606374], [-0.12233988363154265, -0.5878091437902735, 0.7355312747171027], [0.2849105433369292, -0.6765081334314825, -0.43487061258215065]]	[[-0.03694623104553116, -0.0016008978300052358, -0.05201840335257397], [-0.03682085599688244, -0.06509368067993379, -0.002777144207387185], [-0.043472585506586774, 0.03244281398262288, 0.029023077576056714]]	0.4222859462969805	[[1.0, 0.0, 0.0], [0.0, -0.7071067811865476, 0.7071067811865475], [0.0, -0.7071067811865475, -0.7071067811865476]]
4	[[-0.5104173248528786, -0.5182894301775639, 0.6861852672975772], [0.45628273613066006, -0.8395968917985795, -0.29475943410056116], [0.7288897167604642, 0.1626441694263301, 0.6650313187756423]]	0.6403144349227896	0.359685565077211	[[-0.3268275809379727, -0.3318682036106015, 0.4393743316819916], [0.2921644223505277, -0.5376060093349387, -0.18873872048426207], [0.4667186071085084, 0.10414340943970693, 0.42582915308778274]]	0.7983849944007975	0.3240176463363922	[[-0.36097477776402026, -0.44523594960475144, 0.454602453033134], [0.34846962494689004, -0.768727137112597, -0.20987245588443118], [0.49468437700938356, 0.11310613120283289, 0.45846552903962967]]	[[0.04653475528071521, -0.03144144579444452, -0.09323756775615061], [-0.015819664783967704, -0.09840557735506132, 0.025459053259527], [-0.08725023542521984, -0.01674653309393046, -0.07248549667741605]]	0.7856888738948191	[[0.0, -0.7071067811865475, 0.7071067811865476], [0.0, -0.7071067811865476, -0.7071067811865475], [1.0, 0.0, 0.0]]
4	[[-0.4871732334601276, -0.7856314367511983, 0.3813731587149939], [0.18798613468173503, 0.33212331739003315, 0.9243134290992746], [-0.8528326059476293, 0.5219936279631076, -0.014113773361090876]]	0.7766568642914969	0.22334313570850342	[[-0.37836643586589236, -0.6101660481560087, 0.29619608157253063], [0.14600072189219562, 0.25794585424223226, 0.7178743694667633], [-0.6623582975008319, 0.4054099342739691, -0.010961558961945806]]	0.8874388546412817	0.2085572962334922	[[-0.3622708002824171, -0.6394436555825268, 0.3185283520966511], [0.22230679706264903, 0.2769634616901503, 0.8055769938616373], [-0.7567738501088295, 0.4593860709304419, -0.05294220795481763]]	[[0.07006565603132715, 0.057756206818141025, -0.019917007064310394], [0.0554805970122479, -0.01777567469412453, -0.014694656987778306], [6.294091407497347e-05, -0.0038513563991861297, -0.04041709708858423]]	0.45621721313340907	[[-0.4999999999999999, -0.5, 0.7071067811865476], [0.5, 0.5000000000000001, 0.7071067811865475], [-0.7071067811865476, 0.7071067811865475, 0.0]]
4	[[0.9792681828595647, -0.06468287773609287, 0.1919634115312185], [-0.19461030959112274, -0.5634158260401757, 0.8029255472136342], [0.05621968907574672, -0.8236375005396755, -0.5643231470221494]]	0.845132399789819	0.15486760021018103	[[0.8276112694179195, -0.05466559568641575, 0.16223449865921932], [-0.16447147796858508, -0.4761609691408969, 0.6785783945692125], [0.047513080744023356, -0.6960827373879842, -0.47692777549977206]]	0.9423654739388917	0.11386026729387212	[[0.9236561488532637, -0.005693031575174421, 0.17853833157824356], [-0.1842150022501103, -0.5286243092012779, 0.7013742508016927], [3.949875169304211e-05, -0.7753436100447079, -0.5309429413607459]]	[[0.0008276235995723903, 0.055261879158330654, -0.002361359708306332], [-0.0008209656188818838, 0.0023193127297519095, -0.0552750630359778], [-0.05293999518885161, 0.0008239335051676758, 0.00085570853746399]]	0.2704555061112433	[[1.0, 0.0, 0.0], [0.0, -0.7071067811865476, 0.7071067811865475], [0.0, -0.7071067811865475, -0.7071067811865476]]
4	[[-0.004881392374527848, -0.8737977806315758, 0.48626495922677654], [-0.9964931464260065, -0.036369118883652976, -0.07535712519479704], [0.0835319168610627, -0.4849275469128966, -0.8705559678220334]]	0.6636305964267583	0.33636940357324197	[[-0.00323944133290076, -0.5798789423169111, 0.32270030491309876], [-0.6613033410978676, -0.024135660056274145, -0.05000929393802916], [0.05543433580717757, -0.3218127571815705, -0.5777275761486097]]	0.8389865213034607	0.298379696799805	[[-0.03770984875579869, -0.6418550843084528, 0.3726488374118644], [-0.9398736122050879, -0.06806448012246566, -0.07518831400665632], [0.07463030948880396, -0.3732068418838848, -0.59620714316353]]	[[-0.03361442634837642, 0.09124947598631765, -0.03532090916157806], [-0.10382929378239271, -0.037551279587397554, -0.01196470168404419], [0.004548157143731011, 0.033640833784786967, 0.13417757987944517]]	0.5090708252496744	[[1.9967346175427393e-16, -1.0, 0.0], [-1.0, -1.7938038903913487e-16, 0.0], [0.0, 0.0, -1.0]]
4	[[0.34528785424661446, 0.721296251312937, 0.6004231970466106], [-0.4727265086543158, -0.4190107345154037, 0.7752158746932126], [0.8107440691890812, -0.5515085876056384, 0.1962965411614891]]	0.8380243806801249	0.16197561931987542	[[0.2893596402113886, 0.6044638442934201, 0.5031692778509663], [-0.3961563396461105, -0.3511412112905955, 0.6496498032831802], [0.6794232964722643, -0.46217764256798527, 0.16450128733650737]]	0.9006669657564136	0.16279939051103282	[[0.34198403096057617, 0.633413063727013, 0.5430351223433662], [-0.4165951247009217, -0.3908678713301909, 0.6750761835454048], [0.7101919161170452, -0.45825824451834657, 0.12101695847423562]]	[[0.030994666963735238, -0.016234642354485438, 0.0022537832896304534], [0.009174025481384632, -0.013478744454836166, -0.023135146120735334], [-0.020018484684492195, 0.0384673216690287, -0.055780851642161774]]	0.29130313804356955	[[0.4999999999999999, 0.5, 0.7071067811865476], [-0.5, -0.5000000000000001, 0.7071067811865475], [0.7071067811865476, -0.7071067811865475, 0.0]]
4	[[-0.19923769144659614, 0.8439754804473203, -0.49800575369241046], [-0.7021380284509187, 0.23156213831599123, 0.6733358486680942], [0.6835982236007403, 0.4838226581116686, 0.5464513740376828]]	0.6827615172601723	0.3172384827398278	[[-0.1360318285074919, 0.5762339795605957, -0.3400191639953257], [-0.479392825631215, 0.1581017168966361, 0.45972780566229365], [0.46673456034200017, 0.33033549213717234, 0.37309596924687427]]	0.8257640289781673	0.3023435540472285	[[-0.21798273870751853, 0.7087569660395521, -0.3576939105569755], [-0.5833163289604087, 0.2776376722993757, 0.49098662966194523], [0.5045919913095868, 0.3498418285049091, 0.35748150823023966]]	[[-0.05345941989426844, 0.011832372946588884, 0.05354132706637833], [-0.0035160016879907216, 0.0864219880047632, -0.0650298935896537], [-0.059898832013277954, -0.049681518968308816, -0.09375838003577298]]	0.5981542598669133	[[-0.4999999999999999, 0.5, -0.7071067811865476], [-0.5, 0.5000000000000001, 0.7071067811865475], [0.7071067811865476, 0.7071067811865475, 0.0]]
4	[[-0.30856070057004426, 0.1412364016461924, 0.9406607108377383], [0.9283791655349412, 0.26005680283238586, 0.2654855632633233], [-0.2071289913661773, 0.9552082171708078, -0.21136424197341674]]	0.7836233231262134	0.21637667687378684	[[-0.24179536156685064, 0.11067613840437776, 0.7371236721609347], [0.7274995668176313, 0.20378657603709283, 0.2080406793264399], [-0.1623111085301446, 0.7485234374168538, -0.16562994968526185]]	0.8823594490325566	0.19584828173031255	[[-0.27251793673568675, 0.09301788786056822, 0.7941014865610678], [0.8225046901659088, 0.2349916664831622, 0.1935199172280517], [-0.15599364695540677, 0.80964537663979, -0.12573993896100857]]	[[-0.00025648698760275646, -0.03160338567930709, -0.0358993799802921], [0.0033405611711933587, 0.005528089218809759, -0.0407337780990719], [0.0267685757451227, -0.03319161957441493, 0.06075929713183925]]	0.41922775010310676	[[0.0, 0.0, 1.0], [1.0, 1.7938038903913487e-16, 0.0], [-1.9967346175427393e-16, 1.0, 0.0]]
4	[[-0.43776478212225356, 0.8965698997575128, 0.0672637374984425], [-0.25427414048209707, -0.19521750927551854, 0.9472247809017422], [0.8623842861599152, 0.39755822079422076, 0.3134338910574078]]	0.7459946516976708	0.25400534830232946	[[-0.3265701861647974, 0.6688363500922219, 0.050178388427034135], [-0.18968714886466653, -0.14563121783727723, 0.7066246205081981], [0.6433340651834101, 0.29657630645093047, 0.2338200063896163]]	0.8516676264115817	0.24796084528003098	[[-0.3993302849376313, 0.8136860753848805, 0.05047131863750608], [-0.18257834697283776, -0.14405481158412323, 0.7577521963141522], [0.652013633112849, 0.3057467919903973, 0.22134189897160939]]	[[-0.02650019202098794, 0.05010651694633082, -0.006815029021364118], [0.033978706709394756, 0.022205621174538552, -0.048968484514664685], [-0.08245114493561248, -0.03284067427382832, -0.045599599062199445]]	0.46727318197841383	[[-0.7071067811865475, 0.7071067811865476, 1.9967346175427393e-16], [1.268410895014533e-16, -1.2684108950145333e-16, 1.0], [0.7071067811865476, 0.7071067811865475, 0.0]]
4	[[-0.6688443635042012, -0.7106257709593319, -0.21830765231002544], [0.3076282537140923, 0.0027649952570922287, -0.9515026076254579], [0.6767658937368799, -0.7035647578223935, 0.2167592134716278]]	0.8073963563872767	0.19260364361272364	[[-0.540022502083459, -0.5737566582274642, -0.17626080304657485], [0.2483779311705389, 0.002232447096004484, -0.768239738489787], [0.5464183167303356, -0.5680556219482971, 0.17501059917036424]]	0.8936475888925598	0.1903148908069564	[[-0.6322001881942095, -0.6536437952439178, -0.1821273294236868], [0.23375277315614484, 0.04978312460110738, -0.7868680722125494], [0.6020183515142866, -0.6129435161398218, 0.14409213111321417]]	[[-0.03448903540430118, -0.01859478842119471, 0.012962777699962584], [-0.04115847405068214, 0.0473121932563075, 0.06343993891692588], [-0.0027718576683938402, 0.015795433317938336, -0.049614217375953645]]	0.31148602192369945	[[-0.7071067811865475, -0.7071067811865476, 1.9967346175427393e-16], [-1.268410895014533e-16, -1.2684108950145333e-16, -1.0], [0.7071067811865476, -0.7071067811865475, 0.0]]
4	[[0.648727301424343, -0.24025956634810233, -0.722099874785276], [0.6191713111804977, -0.3850481214649154, 0.6843718518227958], [-0.4424700846359139, -0.8910742308778553, -0.10102939803703481]]	0.8016687876366777	0.19833121236332266	[[0.5200644292396662, -0.19260859527239702, -0.578884931171709], [0.4963703143734818, -0.30868106071655893, 0.5486395527434491], [-0.35471445631557136, -0.7143463983621349, -0.08099211504001279]]	0.8822963609353772	0.21052158891542266	[[0.4991852106835362, -0.25377599155342456, -0.6371060917544284], [0.5028705989435585, -0.34550912620308855, 0.598330948888712], [-0.36385661259382623, -0.7651462638259585, -0.08967732500073589]]	[[-0.0731845266025891, -0.0417958504845819, 5.12218980816156e-13], [-0.04342199570658007, -0.005782569849589933, -0.005487845501145746], [0.026533132903208825, 0.02104528740086347, -0.0005394547651683886]]	0.34045987406270345	[[0.4999999999999999, -0.5, -0.7071067811865476], [0.5, -0.5000000000000001, 0.7071067811865475], [-0.7071067811865476, -0.7071067811865475, 0.0]]
4	[[-0.20962728376771522, 0.9146782181840727, -0.3455722197743615], [-0.11263779594486362, 0.32848192764058937, 0.9377698812279087], [0.9712719129187527, 0.23550664617613754, 0.03416856423694914]]	0.8635954388812164	0.1364045611187864	[[-0.18103316612685705, 0.7899119372677633, -0.298434592801194], [-0.09727348682361749, 0.2836754944653233, 0.8098537921485996], [0.8387859939100714, 0.20338246546392574, 0.029507816228149332]]	0.9255613760624086	0.13469502000653852	[[-0.1727819027983707, 0.7948802202891362, -0.32242105112102676], [-0.11209859909071723, 0.27811954220521584, 0.8613035323454475], [0.9049358112161076, 0.2170834117220977, 0.005145295411996486]]	[[0.021241014425901077, -0.0517106099876267, -0.0025727518577279293], [-0.007845405679352485, -0.025910642753440558, -0.006660049353738262], [0.005964042964258411, -0.0008924437845311881, -0.026479807921230968]]	0.41985710386900205	[[0.0, 1.0, -1.9967346175427393e-16], [0.0, 1.7938038903913487e-16, 1.0], [1.0, 0.0, 0.0]]
4	[[0.574704889092418, -0.24730035866747077, 0.780100521122895], [-0.20680691382082303, -0.9661955377213083, -0.1539385698366041], [0.7917987060163579, -0.07286093253845069, -0.6064207233105157]]	0.6298879296632344	0.37011207033676585	[[0.3619996727577623, -0.15577151092602848, 0.4913759021793108], [-0.1302651787866411, -0.6085949069051301, -0.09696404704969766], [0.4987444476426717, -0.045894221949977346, -0.3819770939109418]]	0.7997982593450741	0.31979192650872856	[[0.3584551843389383, -0.2076833764166947, 0.5555195447119574], [-0.1428376232553508, -0.8898368283147002, -0.12311980019762632], [0.5823795351253771, -0.05827404701148791, -0.39348256447484714]]	[[-0.10119278559428166, -0.00989298001903909, -0.06840349419631933], [0.022566186439070178, -0.1170753190582203, 3.759748612572474e-12], [-0.05089969169818801, 7.023583626926085e-12, 0.09153167445968377]]	0.6796361049410483	[[0.0, 0.0, 1.0], [0.0, -1.0, 0.0], [1.0, 0.0, 0.0]]
4	[[0.24646923027241593, 0.7083253665859152, 0.6614590641754414], [0.9286246270354669, -0.36790822982092686, 0.04795661052734279], [0.27732511713179175, 0.6024273478860003, -0.7484464375804571]]	0.6376785891553232	0.36232141084467745	[[0.15716815103031434, 0.45168392042743344, 0.42179828282739507], [0.5921640420228655, -0.23460720093083937, 0.030580903741747874], [0.17684428942993724, 0.3841550212685275, -0.4772682683746333]]	0.8019589077253113	0.34173463959974587	[[0.14203225228291605, 0.46537001673888523, 0.4757982979207415], [0.8370074494139781, -0.3684155954700849, 0.025083230256510446], [0.2159935290700467, 0.39672066297735226, -0.5138118877600855]]	[[-0.05562594241424884, -0.10267782056248577, -0.05466469069040205], [0.09228865782979066, -0.07336831333974124, -0.013376000740205575], [-0.006409818949759276, -0.08640131491716063, 0.08641139981283888]]	0.7839665610204043	[[1.9967346175427393e-16, 1.0, 0.0], [1.0, -1.7938038903913487e-16, 0.0], [0.0, 0.0, -1.0]]
4	[[-0.9588610349856624, -0.2231075811005983, 0.17552356776702127], [-0.1293663018671285, -0.20694792700785122, -0.9697612672448699], [0.252685329070461, -0.9525731272519675, 0.16957170079338071]]	0.7896591814977862	0.21034081850227607	[[-0.7571734200568897, -0.17617894987779276, 0.13860379685643762], [-0.10215528804582918, -0.16341833065366418, -0.7657808885408555], [0.1995352901303255, -0.7522081159825731, 0.13390385045370778]]	0.8765780006355723	0.21118242693401745	[[-0.8593145005103869, -0.21793623289681677, 0.12170860779823249], [-0.1217086077984966, -0.17172284840566282, -0.7973789245524876], [0.21793623289522776, -0.7575201371624892, 0.17172284839443264]]	[[-0.018798011575299832, -0.02236503552901537, -0.032151490299405415], [-0.008308953558191159, 0.009683151686555562, 0.052692468182839465], [-0.0035621676512986207, 0.07748451018321471, 0.02308002594859755]]	0.5849908389221464	[[-0.7071067811865475, -0.7071067811865476, 1.9967346175427393e-16], [-1.268410895014533e-16, -1.2684108950145333e-16, -1.0], [0.7071067811865476, -0.7071067811865475, 0.0]]
4	[[0.26616637265112986, 0.9073278585449115, 0.3254406538495851], [-0.9565105633649592, 0.2904108926461212, -0.02736888020603004], [-0.11934405825590477, -0.30400274758756485, 0.9451662950075098]]	0.7833839882389468	0.21661601176105333	[[0.20851047454253607, 0.7107861164672156, 0.2549449973477786], [-0.7493150599215235, 0.227503243309151, -0.02144034252943384], [-0.09349222432913183, -0.23815088484074448, 0.7404281417320124]]	0.873505247623951	0.216705841775091	[[0.19436886773675804, 0.7812532206205259, 0.20224412475761055], [-0.8265134051541941, 0.28059713156025035, 0.016291377715809387], [-0.0929763735369837, -0.24750430912584023, 0.8045039846483777]]	[[-0.03812885551503612, -0.011302425133856552, -0.08202999417017205], [0.009003591352838888, 0.02692169286670705, 0.040198238197367904], [0.011271287622287572, 0.018043686183997345, -0.02110373391796967]]	0.4370300711422731	[[1.9967346175427393e-16, 1.0, 0.0], [-1.0, 1.7938038903913487e-16, 0.0], [0.0, 0.0, 1.0]]
4	[[0.2996549344758955, 0.21795608323613597, 0.9288175633700135], [0.8916359750523828, -0.4103184136620505, -0.1913742077769225], [0.3393997764239587, 0.8855133794529706, -0.31729142215500555]]	0.7271939845355914	0.27280601546440897	[[0.21790726578727798, 0.1584963526222566, 0.6754305448136788], [0.6483923174536208, -0.2983810821592295, -0.1391661726906423], [0.24680947576822757, 0.643940002763983, -0.23073241353586252]]	0.85792576120754	0.24191951279839888	[[0.24282167069544489, 0.14405217915670174, 0.7553677906090258], [0.7896918025753595, -0.36748864759879424, -0.14024025206893143], [0.26490722909208003, 0.703729037948539, -0.18654279401466886]]	[[-0.014260017064383474, -0.042937959463474264, -0.04148872446812638], [0.024734329958518226, -0.015465910220309336, 0.02394461081357473], [-0.02627258245011365, -0.055975702178111764, 0.08566969086228707]]	0.5333078479539121	[[0.0, 0.0, 1.0], [0.7071067811865475, -0.7071067811865476, 0.0], [0.7071067811865476, 0.7071067811865475, 0.0]]
4	[[0.5403191569681028, 0.6036400661371987, -0.5862370503193712], [0.4146608078153325, 0.41521567174819174, 0.8097236321095203], [0.7321964374914798, -0.6805987191352745, -0.02595689573522414]]	0.9064878616756842	0.09351213832431568	[[0.4897927572224245, 0.5471923927744785, -0.5314167701790676], [0.37588498899723266, 0.37638796641725153, 0.7340046438192281], [0.663727182948205, -0.6169544775681447, -0.02352961091076205]]	0.9628490885883824	0.06552464219668463	[[0.5039514202542629, 0.5618189538374809, -0.5539112041092661], [0.40167803645796074, 0.3916743685930549, 0.7605587990225953], [0.7140521214868463, -0.6661882557540872, -0.01000366786381855]]	[[-0.016294387579318483, -0.01939533367815175, 0.010546605487482937], [0.00242225557964487, -0.008115662517304171, -0.01908286216252991], [0.009057448980513961, -0.010874399340267968, 0.014988905537425042]]	0.16429196015639017	[[0.4999999999999999, 0.5, -0.7071067811865476], [0.5, 0.5000000000000001, 0.7071067811865475], [0.7071067811865476, -0.7071067811865475, 0.0]]
4	[[-0.28551340625994115, -0.7402800071091643, -0.6086605013636927], [-0.9037881084920453, 0.4192574902120425, -0.08596634137539147], [0.31882463799746885, 0.5255555802915186, -0.7887599015101034]]	0.6371332927260819	0.36286670727391807	[[-0.18191009664783578, -0.4716570384687494, -0.3877978693861574], [-0.5758334934902145, 0.26712290523887183, -0.05477201814411758], [0.2031337914095285, 0.3348489573817021, -0.5025451932194323]]	0.8127890407855621	0.34051101185705995	[[-0.14276597073993494, -0.5256735921683015, -0.41519080645299355], [-0.8334561984397229, 0.40207230428138024, -1.6582706803404754e-11], [0.25930633354151633, 0.3077826062982821, -0.5848091934870578]]	[[0.08929619686550125, 0.07601788472268538, 0.07952177861446155], [-0.09886712866507577, 0.06130441096977225, 0.0698725001297659], [0.00016916184474968112, -0.11938320968636068, 0.05628621027145338]]	0.741862591816996	[[-0.7071067811865474, -0.7071067811865477, 0.0], [-0.7071067811865477, 0.7071067811865474, 0.0], [0.0, 0.0, -1.0]]
4	[[-0.16743794764991254, 0.7773753727082936, -0.606343189615771], [-0.9312695185128573, 0.07714504854866044, 0.35606983215832233], [0.3235762932843136, 0.6242885321636675, 0.711028980445465]]	0.6651912995446122	0.3348087004553883	[[-0.11137826599032806, 0.5171033344058074, -0.40333421427053995], [-0.6194723812458524, 0.051316215097515584, 0.2368545543820264], [0.21524013503162112, 0.41527130000074824, 0.47297029151639963]]	0.8110338846368543	0.33110408410024134	[[-0.20414255609027587, 0.6693311486423196, -0.3712541855452911], [-0.8194602114634347, 0.11076966559536736, 0.22642208629957597], [0.22112512272304077, 0.37655114912235266, 0.534958715467058]]	[[-0.06834470697214508, 0.038853380293690024, 0.12051068695188842], [-0.06416907622005975, 0.04820241719044855, -0.06236261287778114], [-0.041306215395729824, -0.1297680042525871, -0.04170988063300951]]	0.7617913942368898	[[-1.9967346175427393e-16, 1.0, 0.0], [-1.0, -1.7938038903913487e-16, 0.0], [0.0, 0.0, 1.0]]
4	[[0.6569714475509829, -0.30708792903278176, -0.688538685147845], [0.5770443935784932, 0.7925721197384169, 0.19710201128598737], [0.4851889167555201, -0.5268077816962367, 0.6979006205770957]]	0.7335078849994978	0.26649211500050235	[[0.48189373699817994, -0.22525141733371165, -0.5050485546831307], [0.42326661268457805, 0.5813578992588952, 0.14457587942753186], [0.3558898961545391, -0.38641766175328374, 0.5119156081393424]]	0.8361919446526194	0.2881795965345738	[[0.4561369103592063, -0.32201645791635597, -0.5855231114355138], [0.44695933651741054, 0.7010284385120704, 0.24416638269000496], [0.35397666170758285, -0.3611611549629303, 0.5043735957811757]]	[[-0.09321732194969577, -0.06523200535908855, -0.009772609333179878], [-0.035560537099880975, 0.03828601643055557, 0.07935126857783278], [-0.05173440211811357, 0.07935126847177829, -0.07920528131345642]]	0.518429399069531	[[0.7071067811865476, -0.5, -0.4999999999999999], [0.7071067811865475, 0.5000000000000001, 0.5], [0.0, -0.7071067811865475, 0.7071067811865476]]
4	[[0.8875576111457726, 0.3128668588496867, -0.3381653671367607], [-0.3273769476023962, 0.9447770405743245, 0.014855227435465884], [0.3241385831334306, 0.09752267550242714, 0.9409694504536801]]	0.7269347774346275	0.27306522256537286	[[0.6451964945186615, 0.22743380040456795, -0.24582416589566028], [-0.23798168854257562, 0.6867912877152429, 0.010798781449541123], [0.23562760878807595, 0.07089262441118627, 0.6840234180383299]]	0.8091410177110266	0.2986209107568719	[[0.6168150169598366, 0.2812173799335375, -0.22573592364334807], [-0.2812173799455233, 0.7732233022388906, -0.020817178839984327], [0.22573592369311854, 0.020817178836860593, 0.7049364378134497]]	[[-0.10134425179982168, 0.028063971355849534, 0.047887545676313675], [-0.016323263387391103, 0.008765446118569558, -0.03283715268544591], [-0.036537899342875615, -0.05809241806907548, -0.05644054096162647]]	0.557363036769567	[[0.7071067811865476, 0.7071067811865475, 0.0], [-0.7071067811865475, 0.7071067811865476, 0.0], [0.0, 0.0, 1.0]]
4	[[0.1500697479079782, -0.48793689800337037, 0.859881767645811], [0.7237996175280507, -0.5382464804175793, -0.4317462680606933], [0.6734932697726708, 0.6871741481494608, 0.2723940265240403]]	0.7815300457160118	0.21846995428398858	[[0.11728401694311325, -0.3813373462031034, 0.6720234371785965], [0.5656711481759295, -0.42065579644723333, -0.33742268061519076], [0.5263552259148618, 0.5370472434181089, 0.21288411600210116]]	0.8660395730531638	0.2214764398069031	[[0.18739105307065743, -0.39227225058913495, 0.6884667212010983], [0.6272899662845327, -0.5160759993048057, -0.34351154023126923], [0.5751638502766843, 0.578529255933747, 0.17881906505023004]]	[[0.05742471266423595, 0.030300412234589437, -0.05622491772708002], [0.0004508545444968538, -0.049933247206596997, 0.030397813427310707], [-0.008107973531418467, -0.016590749942783638, -0.05708494138288204]]	0.41775294984051536	[[0.4999999999999999, -0.5, 0.7071067811865476], [0.5, -0.5000000000000001, -0.7071067811865475], [0.7071067811865476, 0.7071067811865475, 0.0]]
4	[[-0.8598553706683427, -0.29151891260974605, 0.4191246415132833], [0.4738316458013455, -0.15002286318554503, 0.8677423073463686], [-0.19008501511164744, 0.9447274020120526, 0.2671288507772275]]	0.7535988059688934	0.24640119403110664	[[-0.6479859806416038, -0.2196883044600548, 0.3158518293965508], [0.35707896250616955, -0.11305705056466138, 0.6539295667049159], [-0.14324784042071656, 0.7119454421223776, 0.20130798298556138]]	0.872781480069221	0.2280870412571342	[[-0.7661961394833844, -0.15689961760929672, 0.4075528332988308], [0.34616128312581257, -0.11560547991216172, 0.7045623285862245], [-0.2182911677914423, 0.7829570772834207, 0.2710145916872253]]	[[-0.015730296425999716, 0.09753269040640741, 0.04174860834538575], [-0.06739020200032066, 0.01533169666314056, -0.05278708673822037], [-0.052388486963318354, -0.04158350290660923, 0.03786947793668702]]	0.44973449794103454	[[-0.7071067811865475, 1.1102230246251565e-16, 0.7071067811865476], [0.7071067811865476, -1.3401577416544657e-16, 0.7071067811865475], [1.9967346175427393e-16, 1.0, 0.0]]
4	[[-0.3165369632697661, -0.9278010874929129, 0.1974575724831094], [-0.8157660753724355, 0.3724826131232639, 0.4424730649342605], [-0.48407650341181413, -0.021020108654157543, -0.8747731670991965]]	0.6675458940655531	0.332454105934447	[[-0.21130295015071088, -0.6193498064654496, 0.13181199176325092], [-0.5445612941328397, 0.248649239001243, 0.2953710777314665], [-0.32314328226616623, -0.014031887224894476, -0.5839512359357886]]	0.826289439249219	0.31058933662710647	[[-0.2237907418275906, -0.8514784713679536, 0.13477194651286678], [-0.6013820478949834, 0.3585626883444342, 0.25009642354440864], [-0.3059207915830062, -4.612775466409279e-11, -0.6940792082703857]]	[[0.03776040805423482, -0.08484623104861981, -0.028385160329713163], [0.07267684508304154, 0.050784238816729214, -0.11551439716300319], [0.09406651097486615, 0.017368693746673748, 0.02873662144227402]]	0.6177861037895351	[[-1.9967346175427393e-16, -1.0, 0.0], [-1.0, 1.7938038903913487e-16, 0.0], [0.0, 0.0, -1.0]]
4	[[-0.9506790929980296, 0.17724456833992716, -0.25454591949280275], [0.013897849357551978, -0.7954843399685079, -0.6058147527488101], [-0.30986466710433175, -0.579473060511755, 0.7537870125051647]]	0.7504875020651539	0.24951249793484684	[[-0.713472777769657, 0.1330198333480483, -0.1910335312810331], [0.01043016224842689, -0.5970010552349131, -0.4546564005046737], [-0.23254955999337895, -0.43488728969751667, 0.5657077321041564]]	0.8699600348051351	0.22153492267043173	[[-0.8086932421200552, 0.12508360162442678, -0.14452567215911388], [0.034968148341471994, -0.7478803499584757, -0.5357414603111834], [-0.19176829355316663, -0.44562600706479377, 0.6277545375955539]]	[[0.018359574713023925, -0.02911208921759741, 0.07691910482235004], [0.022877574830659525, -0.0558407658725321, -0.008706836924364626], [0.07780158302579944, 0.058492396826650556, -0.028010038039098684]]	0.34014052589402294	[[-1.0, 0.0, 0.0], [0.0, -0.7071067811865476, -0.7071067811865475], [0.0, -0.7071067811865475, 0.7071067811865476]]
4	[[-0.9377842524711256, -0.012787777579644166, -0.34698295139926694], [-0.21556114428834758, -0.7619772552868597, 0.6106750817731164], [-0.2722022940576928, 0.6474775171155194, 0.7118137227812147]]	0.7428506277158251	0.2571493722841753	[[-0.6966336206101912, -0.009499408602128927, -0.257756503253635], [-0.16012973134574046, -0.5660352823950254, 0.4536403678255727], [-0.2022056450064447, 0.4809790800211475, 0.5287712707847637]]	0.8672233852082514	0.2264123777476454	[[-0.7724683462914876, -0.02682285356992061, -0.2222514597643279], [-0.14486257661435345, -0.7249179741961227, 0.47487312062752646], [-0.16176791275898603, 0.5929128436249147, 0.5858503440353356]]	[[0.040800087731511496, -0.015732993808011426, 0.07866026995769416], [0.04207708865475161, -0.06411347941456062, -0.05471859105008145], [0.07429228215517819, 0.03140519938576019, -0.03145116227267762]]	0.3611646694289912	[[-1.0, 0.0, 0.0], [0.0, -0.7071067811865476, 0.7071067811865475], [0.0, 0.7071067811865475, 0.7071067811865476]]
4	[[0.39514561495520173, 0.8903073900525152, 0.22630221872432854], [-0.7137866099724287, 0.4526453451835295, -0.5344350913887965], [-0.5782461572771092, 0.04964818930798781, 0.814350317058141]]	0.7416110908789066	0.2583889091210938	[[0.2930443705629432, 0.6602618347543978, 0.16782823529646623], [-0.5293520664764092, 0.3356868082228164, -0.3963429911288133], [-0.42883376349481295, 0.03681964783285932, 0.6039312269910712]]	0.8449255384283131	0.2659030254609016	[[0.30672503613546, 0.7046770072541939, 0.1539677298844424], [-0.6120584515337746, 0.4276597207970381, -0.47018725771349706], [-0.3876842842269549, 0.06963324314882316, 0.6453487600477202]]	[[-0.027143585338150707, -0.047566443652634516, -0.037240794118732684], [-0.008961915779899597, 0.045208108800774964, -0.01862940036683359], [0.10089066155450999, 0.027684220065780737, -0.042716620061896846]]	0.4900500012382348	[[0.7071067811865476, 0.7071067811865475, 0.0], [-0.5, 0.5000000000000001, -0.7071067811865475], [-0.4999999999999999, 0.5, 0.7071067811865476]]
