5	[[0.1500697479079782, -0.48793689800337037, 0.859881767645811], [0.7237996175280507, -0.5382464804175793, -0.4317462680606933], [0.6734932697726708, 0.6871741481494608, 0.2723940265240403]]	0.7750698727465597	0.22493012725344055	[[0.11631454041414481, -0.37818518944382307, 0.6664684522263253], [0.560995277451475, -0.41717863108353664, -0.3346335250446035], [0.522004342898369, 0.5326079795609283, 0.21112440347491085]]	0.8012965391821206	0.29149626682188434	[[0.19371319021846106, -0.34867866940073694, 0.6332310301602533], [0.5572934526675384, -0.4931959374743501, -0.3382051743486622], [0.5468199576175636, 0.5468199576156297, 0.12835086872225657]]	[[0.07346282058386476, 0.0423034783086232, -0.055789254360139234], [-0.022684675919031484, -0.06190089548878688, 0.00775161605316755], [0.007152131386272296, -0.003810309111954935, -0.08991752202533991]]	0.3329269398890263	[[0.0, -0.5765555636673281, 0.5765555636673281], [0.5765555636673281, -0.40768634880000004, -0.40768634879999993], [0.5765555636673281, 0.40768634879999993, 0.4076863487999998]]
5	[[-0.16743794764991254, 0.7773753727082936, -0.606343189615771], [-0.9312695185128573, 0.07714504854866044, 0.35606983215832233], [0.3235762932843136, 0.6242885321636675, 0.711028980445465]]	0.6976456113464322	0.30235438865356773	[[-0.1168123493508153, 0.5423325171387382, -0.4230126652052403], [-0.6496960925712004, 0.05381990455708047, 0.24841055573811444], [0.22574158094554753, 0.4355321546778888, 0.49604624774790673]]	0.7327718217025398	0.40580999572721604	[[-0.160694771402275, 0.5916229166740395, -0.3442095925536289], [-0.7358937596854457, 0.12206131974684702, 0.19993874954925892], [0.1999387495047809, 0.3442095925135407, 0.45824612105822493]]	[[-0.0380009614807143, 0.0219841486678924, 0.10010161107804834], [-0.05348569810873238, 0.0655316019865141, -0.06097919001471247], [-0.03716884038492097, -0.1132514524680347, -0.06277588022609791]]	0.3914054384830526	[[1.6280828914971273e-16, 0.5765555636673281, -0.5765555636673281], [-0.8153726975999999, 1.0342276131332302e-16, -1.03422761313323e-16], [0.0, 0.5765555636673281, 0.5765555636673281]]
5	[[-0.9377842524711256, -0.012787777579644166, -0.34698295139926694], [-0.21556114428834758, -0.7619772552868597, 0.6106750817731164], [-0.2722022940576928, 0.6474775171155194, 0.7118137227812147]]	0.6869585940384101	0.3130414059615902	[[-0.6442189515889263, -0.008784673706988318, -0.23836292044853827], [-0.14808158060963403, -0.5234468239811073, 0.419508495589151], [-0.18699170521990244, 0.4447902448291578, 0.48898655421902987]]	0.7876021946614175	0.31577159965203394	[[-0.7049239182457614, -0.010847891394446522, -0.16649056348332653], [-0.12605350284114722, -0.6332092176549935, 0.43817698366656865], [-0.12566906291608826, 0.5367288026657785, 0.5189317252927931]]	[[0.03367701711941326, -0.0007762097078770426, 0.10679397054883114], [0.043722927484081076, -0.033074259108979695, -0.04279205096297822], [0.08871806127562408, 0.026774089191670104, -0.04169432495980558]]	0.36535620290439225	[[-0.8493465599999999, 0.0, 0.0], [0.0, -0.6005787121534668, 0.6005787121534667], [0.0, 0.6005787121534667, 0.6005787121534668]]
5	[[0.6438892552647056, -0.6636492387928785, 0.380757553837473], [-0.15091110836074634, -0.5980263899765946, -0.7871405683007917], [0.7500883043535569, 0.4493708098454942, -0.48521480905966874]]	0.6882698257083945	0.31173017429160677	[[0.4431695454965468, -0.4567697459154814, 0.26206393521687266], [-0.10386756224891258, -0.4116035191982123, -0.5417651017523937], [0.516263146503326, 0.3092883689707983, -0.33395871206262917]]	0.7489802016100718	0.3839159009465747	[[0.4590540533345068, -0.527020471354244, 0.2740132816772596], [-0.10513346240861739, -0.4960376408436124, -0.501678561357986], [0.4539106822005699, 0.28163892743314517, -0.3231845407094584]]	[[-0.02320625088821133, -0.029960330684783015, -0.011166587760488733], [0.007895969956613826, -0.04812771471079941, 0.08787414018340699], [-0.10789060721951431, -0.05493091232261388, 0.04023174480424507]]	0.4454418787843545	[[0.5765555636673281, -0.5765555636673281, 0.0], [-0.40768634879999993, -0.40768634880000004, -0.5765555636673281], [0.4076863487999998, 0.40768634879999993, -0.5765555636673281]]
5	[[-0.8598553706683427, -0.29151891260974605, 0.4191246415132833], [0.4738316458013455, -0.15002286318554503, 0.8677423073463686], [-0.19008501511164744, 0.9447274020120526, 0.2671288507772275]]	0.7219069985521305	0.27809300144787	[[-0.6207356098281123, -0.21044954322328258, 0.3025690119740916], [0.34206238123946553, -0.10830255487647367, 0.6264292446131172], [-0.1372237027289859, 0.6820053232364734, 0.19284218689126845]]	0.7672436728348151	0.3417367448585275	[[-0.6222708000178078, -0.13522875419887986, 0.4129806247517401], [0.3569670407748971, -0.05236933308624689, 0.600578712019564], [-0.19124233817458872, 0.6924257176057969, 0.18759808725095994]]	[[0.037447792680512466, 0.0884372870126332, 0.09140989542151326], [-0.006577291455092511, 0.06273475947342562, -0.06519108294302044], [-0.0454008130294669, -0.03241040414162325, -0.01735483333950357]]	0.44100594590209763	[[-0.6005787121534667, 9.429641067981718e-17, 0.6005787121534668], [0.6005787121534668, -1.138258367731589e-16, 0.6005787121534667], [1.6959196786428409e-16, 0.8493465599999999, 0.0]]
5	[[-0.3165369632697661, -0.9278010874929129, 0.1974575724831094], [-0.8157660753724355, 0.3724826131232639, 0.4424730649342605], [-0.48407650341181413, -0.021020108654157543, -0.8747731670991965]]	0.6521349137904278	0.3478650862095724	[[-0.20642480525341284, -0.6050514822068559, 0.12876897700853981], [-0.5319895392361585, 0.24290891679757293, 0.2885521340554907], [-0.3156831888204349, -0.013707946745044478, -0.5704701239124136]]	0.7553531655517721	0.3815161397055721	[[-0.18541898139182222, -0.770418564710634, 0.10651871576656506], [-0.5707375506865807, 0.291937697214382, 0.19968101421958306], [-0.24380251091138888, -1.0127021443832534e-10, -0.6475406074691019]]	[[0.05367821582814064, -0.06960107627048488, -0.04263148667072012], [0.045453936695734366, 0.010581776278728531, -0.13454241604990522], [0.121846208309958, 0.015877605510889924, 0.013222073439024899]]	0.5745390529773976	[[-0.5765555636673281, -0.5765555636673281, 0.0], [-0.40768634879999993, 0.40768634880000004, 0.5765555636673281], [-0.4076863487999998, 0.40768634879999993, -0.5765555636673281]]
5	[[-0.9506790929980296, 0.17724456833992716, -0.25454591949280275], [0.013897849357551978, -0.7954843399685079, -0.6058147527488101], [-0.30986466710433175, -0.579473060511755, 0.7537870125051647]]	0.6953519326616874	0.3046480673383128	[[-0.6610565446572396, 0.12324735314895496, -0.1769989970704666], [0.009663896410614806, -0.5531415731992086, -0.42125445915884696], [-0.21546499513456754, -0.40293771255223165, 0.5241472559607462]]	0.7938334301314024	0.30798545881380135	[[-0.7356226556711207, 0.10420036166895753, -0.11290503720019186], [0.021014945728971897, -0.6609032042548496, -0.4941211095118481], [-0.14736156467075937, -0.4109356935833207, 0.5567028425958886]]	[[0.019058189677715717, -0.03650230198848668, 0.08916202319673158], [0.009982368302016887, -0.029421142041834058, -0.013205106313052311], [0.09861936689319757, 0.049069393711467374, -0.04167848712958841]]	0.3477960603829628	[[-0.8493465599999999, 0.0, 0.0], [0.0, -0.6005787121534668, -0.6005787121534667], [0.0, -0.6005787121534667, 0.6005787121534668]]
5	[[0.8875576111457726, 0.3128668588496867, -0.3381653671367607], [-0.3273769476023962, 0.9447770405743245, 0.014855227435465884], [0.3241385831334306, 0.09752267550242714, 0.9409694504536801]]	0.7198457428020443	0.28015425719795606	[[0.6389045678748364, 0.22521587640679525, -0.24342689989648764], [-0.23566090202311266, 0.6800937305545416, 0.010693472227776097], [0.23332977914648648, 0.07020128278708712, 0.6773528530158609]]	0.7668868025209549	0.37119735824690775	[[0.566490113279948, 0.2943972326688924, -0.1715542030648632], [-0.294445071839722, 0.7203686818185238, -0.042624917206464906], [0.17155420304770053, 0.04262491727693382, 0.7585130837897476]]	[[-0.11416610518476672, 0.054463767670876864, 0.08778035406197217], [-0.04338401127385416, -0.004168361922730287, -0.054017195075166426], [-0.07702339854517155, -0.03216393551241057, 0.03689603066141969]]	0.4678983720178162	[[0.8153726975999999, 2.5553467500960944e-16, 0.0], [-2.2681881532563303e-16, 0.8153726975999999, 0.0], [0.0, 0.0, 0.8153726975999999]]
5	[[0.6569714475509829, -0.30708792903278176, -0.688538685147845], [0.5770443935784932, 0.7925721197384169, 0.19710201128598737], [0.4851889167555201, -0.5268077816962367, 0.6979006205770957]]	0.6840394765482375	0.3159605234517626	[[0.4493944050899122, -0.21006026622986626, -0.47098764177174346], [0.3947211449285276, 0.5421506179125937, 0.13482555662667162], [0.3318883726444522, -0.36035731923303194, 0.4773915751822467]]	0.7529958794255818	0.39002252236329044	[[0.40594838828248087, -0.2141991112809492, -0.41880767171859595], [0.4220399906306725, 0.6825034860124668, 0.135587214049134], [0.33271716069272583, -0.34342809339958946, 0.43851050228966004]]	[[-0.08874840462366906, 0.017036833902071072, 0.09965912102283928], [-0.012472059979566429, 0.08569994570183943, -0.012829788275709256], [-0.03262809436714189, 0.05325599546700793, -0.08700578925344925]]	0.5009735722448869	[[0.6005787121534668, -0.42467327999999993, -0.4246732799999998], [0.6005787121534667, 0.42467328000000004, 0.42467327999999993], [0.0, -0.6005787121534667, 0.6005787121534668]]
5	[[-0.28551340625994115, -0.7402800071091643, -0.6086605013636927], [-0.9037881084920453, 0.4192574902120425, -0.08596634137539147], [0.31882463799746885, 0.5255555802915186, -0.7887599015101034]]	0.6253990401124129	0.37460095988759007	[[-0.17855981021419218, -0.46297040586048077, -0.38065569330719745], [-0.5652282155159373, 0.2622032319385502, -0.05376326737814488], [0.19939262256780313, 0.3286819554400349, -0.4932896852835819]]	0.7459704376453468	0.41401175883980856	[[-0.1146977662499419, -0.4940270453748376, -0.34968786928101336], [-0.7412937089678129, 0.3553437445994782, 2.7386561048798144e-11], [0.24064597843542368, 0.2472666637415577, -0.5415364156436281]]	[[0.0982867943713984, 0.058199955508483434, 0.10435487129869872], [-0.06709449813734006, 0.04259005113990996, 0.06412834932595632], [0.002812223696333786, -0.14478226249545828, 0.04685515328296744]]	0.5923750017785576	[[-0.5765555636673281, -0.40768634879999993, -0.4076863487999998], [-0.5765555636673281, 0.40768634880000004, 0.40768634879999993], [0.0, 0.5765555636673281, -0.5765555636673281]]
5	[[0.39514561495520173, 0.8903073900525152, 0.22630221872432854], [-0.7137866099724287, 0.4526453451835295, -0.5344350913887965], [-0.5782461572771092, 0.04964818930798781, 0.814350317058141]]	0.7112517162246506	0.28874828377534933	[[0.2810479967955324, 0.6332326591423418, 0.16095784145312492], [-0.5076819513610655, 0.3219447786028847, -0.3801178759609597], [-0.4112785717636527, 0.03531235985275272, 0.5792080606156907]]	0.7691107671326027	0.35218110895962557	[[0.23986699607950754, 0.7357056085635827, 0.14922605349115253], [-0.537625403387901, 0.3402388978866667, -0.31602456074532376], [-0.3289818642826367, 0.11794435555796144, 0.6167455141265252]]	[[-0.06404375096777153, 0.050960608816466704, -0.024825419555725956], [0.011355563776973592, -0.007895510786439455, 0.09501522237529608], [0.1157534813322404, 0.0797593985925502, -0.009580082940739804]]	0.47609472710312783	[[0.6005787121534668, 0.6005787121534667, 0.0], [-0.42467327999999993, 0.42467328000000004, -0.6005787121534667], [-0.4246732799999998, 0.42467327999999993, 0.6005787121534668]]
5	[[0.5403191569681028, 0.6036400661371987, -0.5862370503193712], [0.4146608078153325, 0.41521567174819174, 0.8097236321095203], [0.7321964374914798, -0.6805987191352745, -0.02595689573522414]]	0.7786116325900679	0.2213883674099382	[[0.4206987809266318, 0.4700011773918567, -0.45645098683394986], [0.32285972854421624, 0.32329175205684013, 0.630460239143549], [0.57009666357188, -0.5299220798446191, -0.020210340965373566]]	0.8496898992597541	0.19378366730692262	[[0.44664342515443706, 0.4563806514864403, -0.50300051020298], [0.35567507168510676, 0.35567507171744656, 0.6413864157212491], [0.6037060899874688, -0.5939688636411928, -2.868872385314903e-12]]	[[-0.012460304897905684, -0.05652621549882749, -0.0048808099747778165], [0.0033419716655281664, 0.0028705094186547583, -0.04662757567413152], [-0.01843382722301737, -0.015671006542824, 0.02205531211948969]]	0.213592819113351	[[0.4246732799999998, 0.42467327999999993, -0.6005787121534668], [0.42467327999999993, 0.42467328000000004, 0.6005787121534667], [0.6005787121534668, -0.6005787121534667, 0.0]]
5	[[0.406855499873406, -0.3245501708658478, -0.8538944834191807], [-0.8488954288502084, 0.21093624421169652, -0.4846467288191305], [0.33740947393335186, 0.9220483108106712, -0.18968858540040373]]	0.7126355208546941	0.28736447914531255	[[0.28993968106487883, -0.23128598005846113, -0.6085155399463813], [-0.6049530360898396, 0.15032066026093285, -0.3453764740225494], [0.2404499761978033, 0.6570843782277476, -0.13517882385700686]]	0.7727689631518994	0.33042141184297297	[[0.2681493216942736, -0.22999155542792316, -0.6591212560921302], [-0.598033930068477, 0.1546745311372651, -0.31806049673830966], [0.2910788814194692, 0.6861028713569769, -0.061159910749339304]]	[[-0.046255981095546135, 0.02081074360284979, 0.0007418985008369046], [0.057966110308485266, -0.008330451593363764, 0.05645945338620965], [0.030339312090365174, -0.026427445764145494, 0.08542554071228116]]	0.48232639098255603	[[0.5765555636673281, -9.05245542526245e-17, -0.5765555636673281], [-0.5765555636673281, 1.0927280330223254e-16, -0.5765555636673281], [1.6280828914971273e-16, 0.8153726975999999, 0.0]]
5	[[0.7682057170631343, 0.5541913911831843, 0.3205181402198053], [0.09030813392978146, -0.589450211148092, 0.8027408607536998], [0.6338015598100375, -0.5877247234172788, -0.5028670125057387]]	0.6923625479132199	0.30763745208678034	[[0.5318768675873338, 0.38370136363116214, 0.22191475621499118], [0.06252596970491175, -0.4081132500584784, 0.555787707665483], [0.4388204628214503, -0.4069185869767791, -0.3481662860399825]]	0.752829795651954	0.3573446274005122	[[0.5242763048883339, 0.39555154149931177, 0.2171650442541844], [0.027121710900295696, -0.4750114781522672, 0.6145020933331213], [0.4191909867889067, -0.3901063451968894, -0.29679322545795034]]	[[-0.054051848106968, -0.021660250277196737, -0.024130561750236014], [-0.04086494311177098, -0.03125579614664793, 0.010174855170439963], [-0.057953711966773624, 0.052350338232941905, 0.08178004480685358]]	0.4357598559018434	[[0.5765555636673281, 0.5765555636673281, 0.0], [0.40768634879999993, -0.40768634880000004, 0.5765555636673281], [0.4076863487999998, -0.40768634879999993, -0.5765555636673281]]
5	[[-0.2538643033432252, 0.48696402069590106, -0.8357146391177678], [-0.8713143736524561, 0.26000688613899875, 0.4161822694768838], [0.4199573523045962, 0.8338239992396379, 0.35829228366981253]]	0.6862536611073561	0.31374633889264464	[[-0.17421530759375675, 0.3341808420301202, -0.5735122307355811], [-0.5979426788944606, 0.17843067752601147, 0.28560660611648003], [0.28819727052798094, 0.5722147721973782, 0.2458793914149243]]	0.75738177058488	0.36496962190749216	[[-0.2078117230189924, 0.33466795315714115, -0.6107025692306011], [-0.6514803652185139, 0.2078117230431899, 0.2938901571136089], [0.2938901571622756, 0.6107025691905562, 0.12685623014852432]]	[[-0.015539527464603745, -0.034149719048652834, 0.022252463848117875], [0.00843725783443951, 0.010887247254973226, -0.02131870702882728], [-0.024177885896317704, -0.02082052770972668, -0.14450781404421825]]	0.5204106186682915	[[-0.4246732799999998, 0.42467327999999993, -0.6005787121534668], [-0.42467327999999993, 0.42467328000000004, 0.6005787121534667], [0.6005787121534668, 0.6005787121534667, 0.0]]
5	[[-0.010871777499557311, -0.0840287307277911, 0.9964040229075135], [0.9413747147740295, -0.3368748437119881, -0.018137972823285553], [0.33718756032528074, 0.9377923608594283, 0.08276495076773299]]	0.7749977668961359	0.22500223310386422	[[-0.008425603284348661, -0.06512207866915468, 0.7722108926796495], [0.7295633017623596, -0.2610772516002756, -0.014056888434069196], [0.26131960627724865, 0.726786985478312, 0.06414265202226169]]	0.8586215883758708	0.2003269241752221	[[0.003902311031044511, -0.03247010802505672, 0.869592472031052], [0.7898759883070307, -0.26142137900836643, -0.0055187011844624115], [0.2630377692111687, 0.7629245814727443, 0.02856779706723755]]	[[0.013237053896183324, 0.03967877422164727, 0.014058467218095071], [-0.018408664549129265, 0.027826634383493736, 0.010054953850985668], [-0.026478749415908567, -0.04228418497513524, -0.04249597642280399]]	0.35124424302364793	[[0.0, 0.0, 0.8847359999999999], [0.8847359999999999, -1.58704287876928e-16, 0.0], [1.7665829985862928e-16, 0.8847359999999999, 0.0]]
5	[[0.23507429571004806, 0.1639243119487907, -0.9580547455383437], [0.7224674736879957, -0.6888480443340972, 0.059406407734983124], [-0.6502159833157828, -0.7061283111228478, -0.2803604524027675]]	0.6882327293557056	0.3117672706442949	[[0.16178582413789674, 0.11281807662027223, -0.6593646323940403], [0.4972257612870103, -0.47408776966339555, 0.04088543413666516], [-0.4474999208681249, -0.48598061483941224, -0.19295323936055697]]	0.8103849022044243	0.27804317869281747	[[0.11758379841547904, 0.10390768310768628, -0.7299901360219606], [0.6200886584749318, -0.6104181846714709, 0.009670473880052809], [-0.5161809753584689, -0.5258514492610906, -0.1372771808527708]]	[[-0.07291686172428175, -0.028934104399862597, 0.046402965247613656], [0.03461192546440756, -0.05218612963007515, -0.03847158204257741], [0.010744240692645117, 0.0463842730919737, 0.08992269694963394]]	0.2973423424111467	[[0.0, 0.0, -0.8847359999999999], [0.6256028251598611, -0.6256028251598612, 0.0], [-0.6256028251598612, -0.6256028251598611, 0.0]]
5	[[0.388721369236936, 0.6072553768335828, 0.6929189017520486], [-0.1881814353775204, -0.6838834560027736, 0.704905075868346], [0.9019331707381749, -0.4044061398055253, -0.1515659249626253]]	0.7601196138148508	0.23988038618514979	[[0.2954747370659597, 0.46158672252573424, 0.5267012480047775], [-0.1430403999862849, -0.5198332284711943, 0.5358121740451754], [0.6855770934283051, -0.30739703881333025, -0.11520823235008122]]	0.8392851798290425	0.2528783550390139	[[0.3025675308755809, 0.5098208396457526, 0.5677754283038989], [-0.18174095813181837, -0.5714962270682666, 0.5677754282735544], [0.679169341575376, -0.29884673210591917, -0.10350159168469948]]	[[-0.023680553407832233, 0.00016040149782616336, -0.013781136760012115], [-0.023803068300508788, 0.0024770222851281352, -0.02384095508901493], [-0.07780980182139151, 0.04056534766473033, 0.023705442903512574]]	0.3865226433873196	[[0.4423679999999998, 0.44236799999999993, 0.6256028251598612], [-0.44236799999999993, -0.44236800000000004, 0.6256028251598611], [0.6256028251598612, -0.6256028251598611, 0.0]]
5	[[-0.22702687951129652, -0.2600962815277815, 0.9385141023526418], [0.7861776675639859, -0.6177088015181534, 0.01898714171901844], [0.574789936414178, 0.742149419498815, 0.3447183896089062]]	0.7207701198067638	0.27922988019323863	[[-0.1636341911447124, -0.1874696279980729, 0.676452921993051], [0.5666533716394936, -0.44522604687593154, 0.013685364411604449], [0.41429141133296893, 0.5349191260066842, 0.24846271497800643]]	0.8044484179127717	0.2866121159595154	[[-0.11914261175352703, -0.11914261263224935, 0.7483627561948001], [0.6816636610415395, -0.5678041828718815, -2.2835511627486523e-11], [0.4486615711891571, 0.5625210484891775, 0.16849309831202477]]	[[0.06348880229300907, 0.09009142954776915, -0.006623428631607654], [0.04922428017133834, -0.07088931475980917, -0.015274176139385937], [-0.013727283791410949, -0.03449987788152628, -0.10881506483429819]]	0.3645990404084169	[[0.0, 0.0, 0.9216], [0.6516696095415221, -0.6516696095415222, 0.0], [0.6516696095415222, 0.6516696095415221, 0.0]]
5	[[-0.7357259517984016, -0.6355984379310936, 0.23392723131326343], [-0.6762908134220847, 0.6707859050452003, -0.3044289823153933], [0.03657949604943121, -0.38217914031543476, -0.9233639830405582]]	0.757964471316873	0.24203552868312708	[[-0.5576541320889775, -0.48176103397627, 0.1773085302089768], [-0.5126044088519307, 0.508431883884397, -0.23074635263422116], [0.027725958384145422, -0.2896782100375257, -0.6998770932383789]]	0.8095619459285179	0.29211073520851194	[[-0.6477546228859635, -0.47468560570741053, 0.1382700468501778], [-0.5979384476635986, 0.4886734261944727, -0.1734954021668047], [0.015017204892324627, -0.22454840090740416, -0.6915149718761027]]	[[-0.052138889677938886, 0.03987070253321219, -0.05110853773745826], [-0.050439140736035455, -0.05436931639534144, 0.0729587171534834], [-0.014596163110537413, 0.08484928761964736, 0.056005371034518095]]	0.3853244405354839	[[-0.6516696095415222, -0.6516696095415221, 0.0], [-0.6516696095415221, 0.6516696095415222, 0.0], [0.0, 0.0, -0.9216]]
5	[[0.5035622894699279, 0.5369873573117416, 0.6768083914308072], [0.7236893469787391, 0.16572605027924595, -0.6699317915492047], [-0.4719096838308055, 0.8271514095654997, -0.3051586406453477]]	0.6979362179178694	0.30206378208213097	[[0.35145435979870465, 0.3747829252318689, 0.4723690889702943], [0.5050890057777941, 0.11566621274236379, -0.46756966085679386], [-0.32936285993168984, 0.5772989264375792, -0.21298126751697194]]	0.7726723827149465	0.33725026126948504	[[0.4357754065416583, 0.35843402577782757, 0.5056199079208336], [0.5427036268309443, 0.20295215673818856, -0.5056199079048512], [-0.3213503068668336, 0.5819468758033943, -0.14126083456854313]]	[[0.04668673249153556, -0.056481275084038, -0.017331244527478324], [-0.016471145244542226, 0.07490021459098677, 0.012017885727965348], [0.04328127296497196, -0.05717017469160683, 0.09452681940495178]]	0.402640820417009	[[0.4246732799999998, 0.42467327999999993, 0.6005787121534668], [0.42467327999999993, 0.42467328000000004, -0.6005787121534667], [-0.6005787121534668, 0.6005787121534667, 0.0]]
5	[[0.2932727100912193, 0.7663848849828426, 0.5715289367876191], [0.00018149557078206424, 0.5977709472802035, -0.8016669268761718], [-0.9560288094901268, 0.235210762206075, 0.175170810260522]]	0.7420574230290898	0.25794257697091044	[[0.2176251914950475, 0.5687015927988134, 0.42410729001917596], [0.00013468013554571043, 0.44358036870040585, -0.5948828938853814], [-0.7094282747118122, 0.17453989207134804, 0.12998680005184068]]	0.8250111348883788	0.23914649209994993	[[0.17496675659204583, 0.5997456104671806, 0.4797963325936718], [-0.005704115251472902, 0.5259971589707991, -0.6283811095290728], [-0.755624325602638, 0.17260403469026098, 0.10583454640472433]]	[[-0.06698649479210152, -0.032530453253813915, 0.008278595832969188], [-0.005853851118301091, 0.03282947135185698, 0.03300303161551623], [0.03311008750079798, -0.02144746317533366, -0.03868332256762597]]	0.33040237661823163	[[0.0, 0.6256028251598611, 0.6256028251598612], [0.0, 0.6256028251598612, -0.6256028251598611], [-0.8847359999999999, 0.0, 0.0]]
5	[[-0.7797112461789556, 0.3586263663473402, 0.5132616310835669], [0.12556441147624647, -0.7135152995487305, 0.6892963773882098], [0.6134198816085799, 0.6018995320403472, 0.511305194748623]]	0.6696072460197022	0.33039275398029766	[[-0.5221003002444814, 0.2401388135198952, 0.3436837072774478], [0.0840788397666941, -0.4777750147237485, 0.4615578489542766], [0.4107503975776531, 0.4030362880300844, 0.3423736633311931]]	0.769128703591876	0.35158783112344805	[[-0.613193402027371, 0.3323414166924967, 0.3568976192926358], [0.17238803680163414, -0.5824727858455894, 0.4310637480264235], [0.3568976193799186, 0.43106374781957674, 0.3632354886026681]]	[[-0.013495102077744736, 0.056511584469902336, -0.0378666336261198], [0.07581284378563186, -0.03368768851070564, -0.09909388110474708], [-0.11490121891917043, -0.03187445895117197, -0.030024012974131955]]	0.5291489439748567	[[-0.4076863487999998, 0.40768634879999993, 0.5765555636673281], [0.40768634879999993, -0.40768634880000004, 0.5765555636673281], [0.5765555636673281, 0.5765555636673281, 0.0]]
5	[[-0.3298322266022023, -0.8762827350930389, 0.35119691125136165], [0.9222848180711871, -0.37850758052406547, -0.0782478487960887], [0.201497932123461, 0.2980949172053785, 0.9330262609842703]]	0.7362729260492877	0.26372707395071315	[[-0.24284653858575522, -0.6451832534134252, 0.25857677746651203], [0.6790533416521071, -0.2786848838442906, -0.057611772590158504], [0.14835747207742128, 0.2194792169312243, 0.686961975255715]]	0.7976473883490217	0.32152013912300276	[[-0.19484392469040004, -0.6519974111745974, 0.18889559232742106], [0.7855667653604334, -0.32841327892984234, -9.776996544909879e-11], [0.13356935426777589, 0.13356935430456474, 0.7327044073535349]]	[[0.06824588945218961, 0.04696722392770318, -0.09123570672847053], [0.04990868891199765, -0.02649769585451418, 0.06241419213835933], [-0.027154945048231304, -0.10420527788442337, -0.01152155298162116]]	0.5006658862150777	[[-1.6959196786428409e-16, -0.8493465599999999, 0.0], [0.8493465599999999, -1.523561163618509e-16, 0.0], [0.0, 0.0, 0.8493465599999999]]
5	[[0.4709175022496733, 0.19115318190370978, 0.8612184201020178], [0.8821529167293078, -0.0947858233539779, -0.46132621776469945], [-0.006552677384344174, 0.9769729314260427, -0.21326264014097962]]	0.7324355520782109	0.26756444792178896	[[0.3449167207435315, 0.1400073863191498, 0.630786988987346], [0.6461201585820352, -0.06942450685745899, -0.3378917229966415], [-0.004799413877593009, 0.7155697083945016, -0.15620113956931514]]	0.8000941315923168	0.29569648112756847	[[0.3981350367763577, 0.08913048815449293, 0.6130350054465855], [0.702165493590378, -0.050242888309979174, -0.3478921484663922], [-5.570132772672171e-12, 0.7571366515761078, -0.10994177390434214]]	[[0.021356706762281966, -0.06381005092186387, -0.07602079849624553], [-0.0036398782517868132, 0.025594692713684468, 0.02121225111682323], [0.005242758715861339, -0.024533657582412587, 0.06068841296033979]]	0.36610120923754536	[[0.6005787121534667, -9.429641067981718e-17, 0.6005787121534668], [0.6005787121534668, -1.138258367731589e-16, -0.6005787121534667], [1.6959196786428409e-16, 0.8493465599999999, 0.0]]
5	[[-0.7789526709276531, -0.6132277320749256, -0.13108960702099365], [0.4894249346840115, -0.725216103161197, 0.48427764456480876], [-0.3920407756397623, 0.31307084235030797, 0.8650379632743539]]	0.7356940564786475	0.2643059435213532	[[-0.5730708502796421, -0.4511479977554033, -0.09644184475146649], [0.36006701553947734, -0.5335371767582986, 0.356280184791809], [-0.28842206853545216, 0.23032435797388517, 0.6364032882093359]]	0.7623720644774096	0.36481012041123456	[[-0.59345884946016, -0.5339103269576886, -0.08469879005364823], [0.3391878105147481, -0.5540679743355694, 0.2547371156908289], [-0.15963912949559414, 0.17979677598753863, 0.6594807778576902]]	[[0.00039290640514647425, -0.06640263486092783, 0.015240264282479186], [-0.033936087347023046, -0.0011834765763058816, -0.1144626319763016], [0.13924180598821642, -0.05887968842274764, -5.511268164316142e-11]]	0.3419409377543461	[[-0.5765555636673281, -0.5765555636673281, 0.0], [0.40768634879999993, -0.40768634880000004, 0.5765555636673281], [-0.4076863487999998, 0.40768634879999993, 0.5765555636673281]]
5	[[0.312078085329446, 0.25026955923460475, -0.9165000907679297], [0.9493512559049828, -0.044986478459825396, 0.310979757648975], [0.036598655285933646, -0.9671304795508722, -0.25163301443761527]]	0.695562152788156	0.3044378472118438	[[0.21706970486975524, 0.17407803339856467, -0.6374827761650816], [0.6603328033094097, -0.03129089180387404, 0.2163057497038603], [0.02545663945983561, -0.6726993583834466, -0.1750264012348009]]	0.7600566360019343	0.34616429527066245	[[0.18638904144546686, 0.11048815138868741, -0.6718579806959472], [0.6987493924239844, -0.04593454246727152, 0.13726677374996116], [0.08359673962237477, -0.7255280147478025, -0.1263271365832916]]	[[-0.0508079782599565, -0.07973088789685312, 0.02473399518859263], [-0.022811329523368083, -0.011742270983523134, -0.09909545471341574], [0.0557796888035537, 0.009545924114571589, 0.06492820587718855]]	0.4056510450351926	[[0.0, 0.0, -0.8493465599999999], [0.8493465599999999, -1.523561163618509e-16, 0.0], [-1.6959196786428409e-16, -0.8493465599999999, 0.0]]
5	[[-0.7099649817244492, 0.17004561671924806, -0.6833990144561036], [-0.6966343129430994, -0.02737173477805739, 0.7169040536679481], [0.1032005753632168, 0.9850559762621669, 0.13789258455366898]]	0.7547398840837278	0.24526011591628402	[[-0.5358388880102246, 0.12834020905163807, -0.5157884929535373], [-0.5257777005994154, -0.020658539933558512, 0.5410760823644926], [0.07788959028700274, 0.7434610333400935, 0.1040730332820388]]	0.7701506466181044	0.23752757684171666	[[-0.5604482950829849, 0.10570307460770327, -0.5506772719356315], [-0.5537619203263967, -0.007446999970992939, 0.5601332338067166], [0.07143593049261171, 0.7586414970841702, 0.07528120409170547]]	[[-0.013668305331690075, -0.025257667063199617, -0.024357079054087894], [-0.0172485537569104, 0.013633359267387202, 0.008009113311206458], [-0.00804405935473011, 1.0834630799850136e-11, -0.030916859066144275]]	0.2422445272883392	[[-0.5765555636673281, 9.05245542526245e-17, -0.5765555636673281], [-0.5765555636673281, 1.0927280330223254e-16, 0.5765555636673281], [1.6280828914971273e-16, 0.8153726975999999, 0.0]]
5	[[-0.3901123425915053, -0.19274962118636868, 0.9003665607352815], [0.8924450663689159, 0.1615093954769425, 0.42125588267281683], [-0.22661457073972407, 0.9678648142716957, 0.10901163985220427]]	0.7464222275063089	0.2535777724936932	[[-0.2911885237348565, -0.143872601596926, 0.6720536138362223], [0.6661408343661037, 0.12055420273509522, 0.31443475429477974], [-0.16915015267693267, 0.7224358105936572, 0.08136871104259626]]	0.8128176466312939	0.2545352613665116	[[-0.2928851676779511, -0.14210358808234377, 0.7075629102083772], [0.6685966103465211, 0.1280357455442574, 0.34591930988402037], [-0.18106988789694092, 0.7758457764995995, 0.014067842610643928]]	[[0.024205028549097826, 0.014566705399433843, -0.02427091879398612], [-0.05679848824716959, -0.003241941196153952, 0.0035150947003131025], [0.003126434184082691, -0.010851824093954443, -0.07453874194944295]]	0.4297307371897421	[[-0.6005787121534667, 9.429641067981718e-17, 0.6005787121534668], [0.6005787121534668, -1.138258367731589e-16, 0.6005787121534667], [1.6959196786428409e-16, 0.8493465599999999, 0.0]]
5	[[-0.04368688083802902, -0.7928421645001731, 0.6078591601952907], [-0.07099332237196321, 0.6093655773994191, 0.7897047177643444], [-0.9965196458782106, -0.008654205414294847, -0.08290778074109101]]	0.7931093678491028	0.20689063215089773	[[-0.034648474444748056, -0.6288105478908461, 0.4820987942837734], [-0.05630546902793537, 0.4832935478802567, 0.626322209493533], [-0.7903490663916789, -0.006863731385367442, -0.0657549375733387]]	0.8605802229354443	0.18777815845076753	[[-0.012875249362398174, -0.6608035993262809, 0.51774591894839], [-0.02617167249481297, 0.5306211683089523, 0.6346319268373218], [-0.8490893083312194, -2.21495862549538e-12, -0.03150477539692091]]	[[0.024720816288547057, 0.0215006873518977, -0.005365652645825055], [0.03492377669897902, 0.006213203861374744, -0.04497233522948965], [0.008495790678200596, 0.0074476380225480185, 0.03984402103633014]]	0.18518085509566418	[[0.0, -0.6256028251598611, 0.6256028251598612], [0.0, 0.6256028251598612, 0.6256028251598611], [-0.8847359999999999, 0.0, 0.0]]
5	[[-0.8451655046892217, 0.03102096411427288, 0.5336037569853065], [0.3597306106374598, 0.7713925264558512, 0.5249261451846907], [-0.3953342351148118, 0.635603075758354, -0.6631135442989435]]	0.6617738943512216	0.33822610564877864	[[-0.5593084674095019, 0.020528864228431806, 0.3531250363006091], [0.23806032711889463, 0.5104874363061163, 0.3473824193456474], [-0.2616218763422905, 0.4206255227062202, -0.43883123260775325]]	0.74920449898094	0.3902464500038989	[[-0.5800392472291074, -0.012667193688943791, 0.30683364989801465], [0.21696415553886236, 0.670814319266358, 0.2919801995617945], [-0.2222110783187163, 0.49627715939463596, -0.4538501652059983]]	[[0.05316255126755409, -0.03590823956608337, -0.09294468550850904], [-0.05254763637188336, 0.09288356796536103, -0.10129683004329794], [0.0739751092304893, 0.020080475470353812, 0.04295748551796676]]	0.5273066134876226	[[-0.5765555636673281, 0.40768634879999993, 0.4076863487999998], [0.5765555636673281, 0.40768634880000004, 0.40768634879999993], [0.0, 0.5765555636673281, -0.5765555636673281]]
5	[[-0.20892554660170207, -0.8722728212278597, 0.4421427838655412], [-0.9769286190798419, 0.16569047850232185, -0.13474842691632785], [0.04427854107729115, -0.4600943280250934, -0.8867652564908058]]	0.6860426876972517	0.3139573123027491	[[-0.14333184351924955, -0.5984163906804255, 0.30332882378906056], [-0.6702147355218993, 0.11367074119757614, -0.09244317296465383], [0.030376969327977968, -0.31564434939259645, -0.6083588199194941]]	0.7592440438396328	0.3541148974864576	[[-0.16331256023228172, -0.5831171546667481, 0.26936668558058086], [-0.804560765236814, 0.0955390976892744, -0.04792307495771566], [0.047923074967960756, -0.26936668553140963, -0.6028403571092978]]	[[-0.0046870833689998115, 0.07915078945369738, -0.06632758959600547], [-0.06283352994396657, -0.030260411234552316, 0.05438386559526626], [0.014304856385119007, 0.07995719262604081, 0.0704308821652706]]	0.4968757975966188	[[-1.7665829985862928e-16, -0.8847359999999999, 0.0], [-0.8847359999999999, 1.58704287876928e-16, 0.0], [0.0, 0.0, -0.8847359999999999]]
5	[[-0.6282958732607286, -0.7138118081737849, -0.3093816383614419], [-0.5738327107911779, 0.1566825842932765, 0.8038448779492399], [-0.5253192511888238, 0.6825857237672436, -0.5080515860024072]]	0.6903007856094245	0.3096992143905756	[[-0.4337131349070407, -0.49274485195964773, -0.21356638801403413], [-0.3961171710675359, 0.10815811102896368, 0.5548947507564722], [-0.36262829179139955, 0.4711894613623059, -0.35070840894757577]]	0.7155105161475509	0.29864452037051814	[[-0.5387821777181394, -0.527163217546027, -0.1762871303588712], [-0.43370385941501455, 0.222259227862399, 0.5587361013326505], [-0.4019179802916733, 0.4652767431999219, -0.4527461256841177]]	[[-0.08922987314797935, -0.01642336224738551, 0.04507868539169902], [-0.023120520334471005, 0.11015119110338466, -0.016423362191375364], [-0.02604653173131275, -0.02312052032772817, -0.08922987315395398]]	0.3996961286280203	[[-0.5765555636673281, -0.5765555636673281, 0.0], [-0.40768634879999993, 0.40768634880000004, 0.5765555636673281], [-0.4076863487999998, 0.40768634879999993, -0.5765555636673281]]
5	[[-0.09570001472736311, 0.5345101365068197, -0.8397263966034669], [0.9941363825171496, 0.008658117471247562, -0.10778631618888002], [-0.05034242879418521, -0.8451177142702161, -0.5322045554951473]]	0.641558424945373	0.35844157505462737	[[-0.061397150715735996, 0.34291948129465144, -0.5387335443899733], [0.6377965717485932, 0.0055546882078456525, -0.06915121924480182], [-0.03229760932512211, -0.5421923896606335, -0.34144031637221883]]	0.7384395632105574	0.3878970187208499	[[-0.06865708284732266, 0.33475582860576797, -0.514259648187414], [0.8295995992562334, 0.04119888554989743, -0.0194158775152033], [-0.019415877509889115, -0.5142596481666565, -0.34377864596406527]]	[[0.002011594227195215, -0.05994760312794329, 0.10582754533682519], [0.09548996317854554, 0.03480538906620367, 0.06017780273138831], [0.01775896361984761, 0.10980870762054673, 0.04922225353444045]]	0.5434641410573715	[[0.0, 0.0, -0.8493465599999999], [0.8493465599999999, -1.523561163618509e-16, 0.0], [-1.6959196786428409e-16, -0.8493465599999999, 0.0]]
5	[[-0.5981897663743452, -0.7419171441245457, 0.3028662322859456], [0.7115509511219108, -0.6655993255599615, -0.22510615667197656], [0.3685976768273374, 0.0808485563767378, 0.9260665546111073]]	0.6962729003041226	0.30372709969587763	[[-0.41650332356571107, -0.516576801724949, 0.21087754995791747], [0.49543364445180954, -0.4634387728481025, -0.1567353165823113], [0.2566445734899317, 0.05629265883383261, 0.6447950458537216]]	0.8057088855627578	0.2905869234975504	[[-0.47746934204413655, -0.6305332799484634, 0.13026978043662873], [0.5627087399241915, -0.6318055401670393, -0.12847053267092132], [0.15836362477558225, 0.06064599263485709, 0.7346173516307268]]	[[0.004497467976383963, -0.03276404457597175, -0.11375223405307174], [-0.010594183925363564, -0.0955262493387999, 0.052899497954572466], [-0.1386187986419931, -0.0044944076228021716, -0.011522700041931467]]	0.38305312043686646	[[-0.6516696095415222, -0.6516696095415221, 0.0], [0.6516696095415221, -0.6516696095415222, 0.0], [0.0, 0.0, 0.9216]]
5	[[0.9008474576716361, -0.4254042240105299, 0.08663200448188091], [-0.049446002604253164, -0.2987906365719553, -0.9530368557004423], [0.4313107358193278, 0.8542572222058906, -0.2901993237002208]]	0.7334270288122893	0.26657297118771084	[[0.6607058742932125, -0.3120029560602403, 0.06353825364719887], [-0.03626503477668219, -0.21914112881790165, -0.6989829894249824], [0.31633495146681173, 0.6265353363239062, -0.21284002774478875]]	0.8076903901052339	0.27214359297393137	[[0.6936069991482123, -0.37598855995760244, 3.79629739778396e-12], [1.9797630047103232e-12, -0.2093580522326431, -0.762627615352664], [0.37598855995792635, 0.6068880545228433, -0.20935805223169687]]	[[-0.0339988353638996, -0.03239365631412329, -0.06997183749177249], [0.039937061134553406, 0.03197227357995075, 0.007131094412691671], [0.02762302348743797, -0.08308729453084575, 0.0250331527360097]]	0.43894679455356966	[[0.6005787121534667, -0.6005787121534668, 1.6959196786428409e-16], [1.0773204303471146e-16, -1.0773204303471148e-16, -0.8493465599999999], [0.6005787121534668, 0.6005787121534667, 0.0]]
5	[[-0.9329322773960255, -0.042925561482400815, -0.35748393245583304], [-0.169270649991114, -0.8240132564325088, 0.5406936288463909], [-0.3177810769134181, 0.5649420761413629, 0.7614825262347359]]	0.6824590572478512	0.31754094275214934	[[-0.6366880825077819, -0.0292949382211139, -0.2439681475250626], [-0.11552028821266665, -0.5623553101446612, 0.3690012642024277], [-0.21687257416153813, 0.38554983668307774, 0.5196806469648702]]	0.7750637223440996	0.33225431161652563	[[-0.7507189639408995, -0.04895508889958559, -0.16325989934816953], [-0.18192927494254094, -0.6780998075256753, 0.3385780516605084], [-0.16325989934361246, 0.3385780516678949, 0.5901974812571981]]	[[-0.027637000327378, -0.015685043433325642, 0.11381292801925483], [-0.05073373487682293, -0.039437025734212365, -0.08049396496091452], [0.0830406850194179, -0.09928805677503354, -2.6284737613661854e-11]]	0.40263759806191957	[[-0.8493465599999999, 0.0, 0.0], [0.0, -0.6005787121534668, 0.6005787121534667], [0.0, 0.6005787121534667, 0.6005787121534668]]
5	[[0.15665500554066836, 0.7010445100749366, 0.6956980696630148], [0.9690588098128995, 0.026938980891129116, -0.2453554858415722], [-0.1907465133706504, 0.7126085083707178, -0.6751332323583257]]	0.6421104074630823	0.3578895925369182	[[0.10058980943885082, 0.4501479760139738, 0.4467149709825982], [0.6222427472246504, 0.017297799996642386, -0.15754531098703276], [-0.12248032142259271, 0.45757333967158104, -0.4335100749214724]]	0.732197771864282	0.4124417419194935	[[0.10304118052260039, 0.4575020691822671, 0.43720070010356127], [0.7914191467464393, 0.07303254978572753, -0.133292253061565], [-0.10328362254490746, 0.4496306818355178, -0.38446951938367424]]	[[-0.0116612654856637, -0.05580115907228872, -0.07218787639398005], [0.08187644539598193, 0.05330788800094828, 0.04635648698631248], [0.03638054953596332, -0.07213968020505136, 0.10986152906062258]]	0.6103935113791362	[[0.5765555636673281, 0.40768634879999993, 0.4076863487999998], [0.5765555636673281, -0.40768634880000004, -0.40768634879999993], [0.0, 0.5765555636673281, -0.5765555636673281]]
