5	[[-0.7797112461789556, 0.3586263663473402, 0.5132616310835669], [0.12556441147624647, -0.7135152995487305, 0.6892963773882098], [0.6134198816085799, 0.6018995320403472, 0.511305194748623]]	0.5714395385222424	0.42856046147775784	[[-0.44555783469710486, 0.20493328528743276, 0.29329798960756726], [0.07175246934880326, -0.40773085350268606, 0.39389120379977177], [0.3505323740667752, 0.3439491908258895, 0.2921800045311787]]	0.7022124511135133	0.41389420295070933	[[-0.5408154923342293, 0.2494620967968688, 0.29772370669321785], [0.1587592213095778, -0.5207961038355464, 0.4371333606838689], [0.3173143987340018, 0.3966043525735479, 0.30879432845459737]]	[[0.00670745300586725, -0.002369802949829705, -0.06269500133249366], [0.07058632815421692, -0.01975677643244002, -0.04689913802557133], [-0.11343667989211985, -0.026056993144580515, -0.05025054561690541]]	0.5327536836933325	[[-0.3893439999999999, 0.389344, 0.5506155652285903], [0.389344, -0.38934400000000013, 0.5506155652285903], [0.5506155652285903, 0.5506155652285903, 0.0]]
5	[[-0.22702687951129652, -0.2600962815277815, 0.9385141023526418], [0.7861776675639859, -0.6177088015181534, 0.01898714171901844], [0.574789936414178, 0.742149419498815, 0.3447183896089062]]	0.6253131782197072	0.3746868217802928	[[-0.14196289956851132, -0.16264163244526478, 0.5868652361461462], [0.49160725594979265, -0.3862614538916027, 0.011872909933627402], [0.35942372194785305, 0.4640758122207151, 0.21555695179712445]]	0.7216515952583474	0.33416208531314506	[[-0.0595666130675988, -0.10724591677501259, 0.7144807841596705], [0.6080604396423406, -0.5541590422566388, 3.772076647808678e-12], [0.4945924292100992, 0.5008145228704125, 0.13191921576498244]]	[[0.10426769669825292, 0.08045297971027521, 0.037200585024430716], [0.04071407168830323, -0.10838850023594145, -0.013702101107153858], [0.07979435465836375, -0.034758789630963925, -0.11684736001117337]]	0.3742104795272693	[[0.0, 0.0, 0.8464], [0.5984951795962938, -0.598495179596294, 0.0], [0.598495179596294, 0.5984951795962938, 0.0]]
5	[[0.312078085329446, 0.25026955923460475, -0.9165000907679297], [0.9493512559049828, -0.044986478459825396, 0.310979757648975], [0.036598655285933646, -0.9671304795508722, -0.25163301443761527]]	0.5817615155465683	0.4182384844534323	[[0.18155501989012957, 0.14559719807549534, -0.5331844818037172], [0.5522960254213212, -0.02617140188789123, 0.18091605511417233], [0.021291689166111287, -0.5626392935147947, -0.1463904038407787]]	0.6671585114982578	0.43744718532683136	[[0.14578599411878648, 0.08558651077864865, -0.5830065660044503], [0.600892391869524, -0.03241074690609434, 0.11026814782808256], [0.06770068485535145, -0.6255740288685788, -0.09590438226501037]]	[[-0.06241955676083312, -0.08138295583363539, 0.028444270340300403], [-0.03247537890904604, -0.0023976348992888114, -0.09720464439109645], [0.043283580471950064, 0.019655302293177596, 0.07197472509100854]]	0.4473070500482844	[[0.0, 0.0, -0.7163929600000001], [0.7163929600000001, -1.285068478696974e-16, 0.0], [-1.430446622995911e-16, -0.7163929600000001, 0.0]]
5	[[-0.010871777499557311, -0.0840287307277911, 0.9964040229075135], [0.9413747147740295, -0.3368748437119881, -0.018137972823285553], [0.33718756032528074, 0.9377923608594283, 0.08276495076773299]]	0.6915973076744961	0.30840269232550466	[[-0.007518892048330026, -0.05811404393864551, 0.6891103395988736], [0.6510522182505656, -0.23298173493447766, -0.01254417317125752], [0.23319800890229578, 0.6485746719280894, 0.05724001712077625]]	0.7895494387767367	0.28124916722724125	[[-1.2386265119028181e-11, -0.02758787215388916, 0.7842343834731111], [0.6985925713037455, -0.273360639539443, -7.230381030161904e-12], [0.27336063952961864, 0.6710046991585682, 0.02758787216023558]]	[[0.008583805810894869, 0.038756965033359916, -0.0024758536083994104], [-0.04466930642470024, -0.0073812957486420125, 0.014320826255942167], [0.007134390512296418, -0.06942873304710466, -0.03775914826881221]]	0.38192969740952104	[[0.0, 0.0, 0.778688], [0.778688, -1.3968135638010585e-16, 0.0], [1.5548332858651206e-16, 0.778688, 0.0]]
5	[[0.4709175022496733, 0.19115318190370978, 0.8612184201020178], [0.8821529167293078, -0.0947858233539779, -0.46132621776469945], [-0.006552677384344174, 0.9769729314260427, -0.21326264014097962]]	0.6228592323135591	0.3771407676864409	[[0.2933153139342503, 0.11906152413483874, 0.5364178439990389], [0.5494570884971844, -0.059038225168467386, -0.2873412938430383], [-0.004081395605211066, 0.6085166100591527, -0.1328326043193733]]	0.7128933268480286	0.384111959300552	[[0.3331922238985215, 0.05843385234864529, 0.5547417729952392], [0.6131756253354546, -0.05706909331494566, -0.2761231305812902], [-7.784033245934488e-12, 0.6691157185620203, -0.08207264479035506]]	[[-0.0025217209512123726, -0.07783797543627674, -0.059215091654090966], [-0.015705302260393524, 0.01050308763390125, 0.05275325156320424], [0.00467135997250288, -0.0273617647627622, 0.0699608682321417]]	0.41753901595287785	[[0.5065663200103031, -7.953559588713689e-17, 0.5065663200103032], [0.5065663200103032, -9.600795714107581e-17, -0.5065663200103031], [1.430446622995911e-16, 0.7163929600000001, 0.0]]
5	[[-0.2538643033432252, 0.48696402069590106, -0.8357146391177678], [-0.8713143736524561, 0.26000688613899875, 0.4161822694768838], [0.4199573523045962, 0.8338239992396379, 0.35829228366981253]]	0.5754428412574856	0.42455715874251504	[[-0.14608439600967896, 0.28021995965941787, -0.48090600641440195], [-0.501391618803057, 0.14961910130633768, 0.23948910762876613], [0.24166145201712724, 0.4798180512311367, 0.20617672971558948]]	0.6653043486823816	0.45079068707415015	[[-0.16261141749664704, 0.3090821020952162, -0.5037119789429747], [-0.5588558073003971, 0.22048253483479496, 0.2299672720212546], [0.2878383893774215, 0.47974097724490744, 0.14647068460270712]]	[[0.006285607492824027, -0.01489717852562398, 0.052292604719603106], [0.02083343456004738, 0.04749882279915424, -0.04692060170621905], [0.008438936628034494, -0.07500575548495828, -0.09190272982216076]]	0.5382585129913023	[[-0.35819648, 0.35819648000000004, -0.5065663200103032], [-0.35819648000000004, 0.3581964800000001, 0.5065663200103031], [0.5065663200103032, 0.5065663200103031, 0.0]]
5	[[0.5035622894699279, 0.5369873573117416, 0.6768083914308072], [0.7236893469787391, 0.16572605027924595, -0.6699317915492047], [-0.4719096838308055, 0.8271514095654997, -0.3051586406453477]]	0.5871988304340212	0.4128011695659795	[[0.2956911874274201, 0.31531834817131027, 0.3974210958761008], [0.42494953814347697, 0.09731414289642329, -0.393383164468261], [-0.27710481441593776, 0.4857023402887131, -0.17918879688378392]]	0.6825239155201737	0.4290016756592608	[[0.37349926488112983, 0.33492420688037045, 0.4589381396963367], [0.4366779723742776, 0.17021077947485522, -0.3957594323094017], [-0.35718437418753785, 0.47491645192262544, -0.1164699815218401]]	[[0.02980595936381176, -0.031582506816869776, -0.002999773679928062], [-0.05725731434588886, 0.05709878673457114, 0.061485037190205996], [-0.03509472900744941, -0.08963416686205049, 0.09180808874623624]]	0.4450071143105454	[[0.35819648, 0.35819648000000004, 0.5065663200103032], [0.35819648000000004, 0.3581964800000001, -0.5065663200103031], [-0.5065663200103032, 0.5065663200103031, 0.0]]
5	[[0.2932727100912193, 0.7663848849828426, 0.5715289367876191], [0.00018149557078206424, 0.5977709472802035, -0.8016669268761718], [-0.9560288094901268, 0.235210762206075, 0.175170810260522]]	0.6319251846357479	0.36807481536425257	[[0.1853264114730199, 0.4842979099448293, 0.36116352890418874], [0.00011469162207699003, 0.37774651622992833, -0.5065935207825977], [-0.6041386819541421, 0.1486356043353886, 0.11069484661667386]]	0.7356012824876199	0.33708299177607914	[[0.14388985669732518, 0.5180208110597729, 0.4316802096925974], [-0.007830487518215436, 0.4717372323932633, -0.5408084126214394], [-0.6613585792146729, 0.14064636256531254, 0.08887571995368457]]	[[-0.07184192496439532, -0.04573289321273321, 0.011262790812838364], [-0.007963995892848788, 0.03201615694010648, 0.04889880691658193], [0.041897439141377474, -0.032374975768366884, -0.03998015272835143]]	0.3651936314581018	[[0.0, 0.5506155652285903, 0.5506155652285903], [0.0, 0.5506155652285903, -0.5506155652285903], [-0.778688, 0.0, 0.0]]
5	[[-0.7357259517984016, -0.6355984379310936, 0.23392723131326343], [-0.6762908134220847, 0.6707859050452003, -0.3044289823153933], [0.03657949604943121, -0.38217914031543476, -0.9233639830405582]]	0.6505713999601517	0.34942860003984827	[[-0.4786422624485004, -0.41350216557731684, 0.15218636636427177], [-0.43997546126819614, 0.4363941253187937, -0.1980527892133696], [0.02379757395471544, -0.2486348183505793, -0.6007141991194781]]	0.7420708753511494	0.3557664987628434	[[-0.5833767869460426, -0.4449824595367334, 0.10746413976454486], [-0.5315431732577421, 0.4520724508783235, -0.14411603956160482], [0.02090342598004215, -0.17997066120635036, -0.6450487031363338]]	[[-0.03741598587644525, 0.026676629670616778, -0.06612644554455906], [-0.02968745734967499, -0.045698232851781595, 0.08179184182743882], [-0.006241152673263421, 0.10363334798847403, 0.040152816026296764]]	0.3928202200618935	[[-0.598495179596294, -0.5984951795962938, 0.0], [-0.5984951795962938, 0.598495179596294, 0.0], [0.0, 0.0, -0.8464]]
5	[[-0.7099649817244492, 0.17004561671924806, -0.6833990144561036], [-0.6966343129430994, -0.02737173477805739, 0.7169040536679481], [0.1032005753632168, 0.9850559762621669, 0.13789258455366898]]	0.6149777829253515	0.38502221707465556	[[-0.4366126904155367, 0.10457427636617332, -0.42027521076358076], [-0.42841462528347873, -0.016833008768630975, 0.44088006549491576], [0.06346606103349497, 0.6057875403390726, 0.08480087593066363]]	0.6250928708696477	0.38063458733275973	[[-0.45642327176751785, 0.0857003363175787, -0.43653839947697515], [-0.4471667789054268, -0.013368983240648969, 0.4568284864891387], [0.051748490242422986, 0.6162136855599811, 0.06139859479030163]]	[[-0.012629223124464739, -0.020593966416256045, -0.009350547581121778], [-0.011705636281519901, 0.0037408930324495247, 0.008696873443753207], [-0.01276145368676964, 0.0004622173909594745, -0.02479707675998697]]	0.3689256830958512	[[-0.46604101440947887, 7.317274821616594e-17, -0.466041014409479], [-0.466041014409479, 8.832732056978976e-17, 0.46604101440947887], [1.3160108931562383e-16, 0.6590815232000001, 0.0]]
5	[[0.23507429571004806, 0.1639243119487907, -0.9580547455383437], [0.7224674736879957, -0.6888480443340972, 0.059406407734983124], [-0.6502159833157828, -0.7061283111228478, -0.2803604524027675]]	0.5868624922015079	0.4131375077984922	[[0.137956287032913, 0.09620103024268466, -0.5622463956321141], [0.4239890621430645, -0.40425908004604316, 0.034863392496091175], [-0.38158737243795426, -0.41440022047959657, -0.16453303381183018]]	0.7448841085074293	0.336722202689522	[[0.07981080442407691, 0.07922008895875209, -0.6750258891232807], [0.5565354725539985, -0.5561177753776155, 0.000417698445201149], [-0.4773153835184334, -0.47773308215032473, -0.11161642680123546]]	[[-0.09529230276891264, -0.04288452600991828, 0.03861386590836137], [0.018380932490301153, -0.04300581397672601, -0.04383319062009793], [0.007020169551025729, 0.04825067537227383, 0.09721961884754018]]	0.33926493430904825	[[0.0, 0.0, -0.778688], [0.5506155652285903, -0.5506155652285903, 0.0], [-0.5506155652285903, -0.5506155652285903, 0.0]]
5	[[-0.3298322266022023, -0.8762827350930389, 0.35119691125136165], [0.9222848180711871, -0.37850758052406547, -0.0782478487960887], [0.201497932123461, 0.2980949172053785, 0.9330262609842703]]	0.6266960693658395	0.3733039306341603	[[-0.20670455996178305, -0.5491629457359554, 0.22009372385465173], [0.577992270321002, -0.23720921293960587, -0.04903761927684135], [0.12627796204711747, 0.18681491291054625, 0.5847238903739483]]	0.7438192595804146	0.3736979969485129	[[-0.1820107575902167, -0.6005096140816544, 0.17049906157466352], [0.7210706566951368, -0.30257180021350344, -1.1467220249422372e-11], [0.12056104262697705, 0.12056104262586416, 0.6759009383771067]]	[[0.0633248049867929, 0.051286361118350304, -0.0907279649192528], [0.035057446195168734, -0.021030571922518858, 0.0582022569437998], [-0.029317000052080374, -0.10116769797452536, -0.018101964237295827]]	0.5007713607073722	[[1.6900361802881747e-16, -0.8464, 0.0], [0.8464, 1.5182756128272376e-16, 0.0], [0.0, 0.0, 0.8464]]
5	[[0.388721369236936, 0.6072553768335828, 0.6929189017520486], [-0.1881814353775204, -0.6838834560027736, 0.704905075868346], [0.9019331707381749, -0.4044061398055253, -0.1515659249626253]]	0.6750583764286915	0.32494162357130857	[[0.26240961640022364, 0.4099328287628717, 0.4677607088134899], [-0.12703345423996965, -0.4616612554756751, 0.47585207605202917], [0.6088575418856942, -0.27299775215491257, -0.10231584722718258]]	0.7756843599160012	0.3246663137503585	[[0.2755948291235377, 0.4434659234623512, 0.5144045046625619], [-0.17867231516797596, -0.529907092112069, 0.5144045046613398], [0.6197440930706614, -0.2600922416740137, -0.09385259899216276]]	[[-0.025930257358686527, -0.027572574822356227, -0.023081850116674293], [-0.03270291891908977, 0.0005706087145850423, -0.03237933791513818], [-0.07987136116038919, 0.05359927602713616, 0.02371471849754783]]	0.41082575463263543	[[0.3893439999999999, 0.389344, 0.5506155652285903], [-0.389344, -0.38934400000000013, 0.5506155652285903], [0.5506155652285903, -0.5506155652285903, 0.0]]
5	[[-0.7789526709276531, -0.6132277320749256, -0.13108960702099365], [0.4894249346840115, -0.725216103161197, 0.48427764456480876], [-0.3920407756397623, 0.31307084235030797, 0.8650379632743539]]	0.6249987241261313	0.3750012758738687	[[-0.4868444254844254, -0.3832665501455899, -0.08193083713431691], [0.30588995973302235, -0.4532591391914732, 0.30267290997581364], [-0.2450249845802703, 0.19566887703003571, 0.5406476233671382]]	0.6901821635514841	0.428835521121941	[[-0.5299640954401588, -0.48283001387713503, -0.07741921671742528], [0.3143691636781161, -0.49888589156212426, 0.21142218260953846], [-0.13639276097574107, 0.15244863841167616, 0.5970337731932989]]	[[0.007655144284895841, -0.059591171003892655, 0.01305649187543805], [-0.023423196638138733, 0.001645327560046773, -0.1228176098758178], [0.1341867897557119, -0.06362727290654487, 1.4643578010050597e-10]]	0.4279995832285669	[[-0.466041014409479, -0.46604101440947887, 0.0], [0.32954076160000007, -0.3295407616000001, 0.46604101440947887], [-0.3295407616, 0.32954076160000007, 0.466041014409479]]
5	[[-0.04368688083802902, -0.7928421645001731, 0.6078591601952907], [-0.07099332237196321, 0.6093655773994191, 0.7897047177643444], [-0.9965196458782106, -0.008654205414294847, -0.08290778074109101]]	0.6875258336379081	0.31247416636209263	[[-0.03003585916720585, -0.5450994700912659, 0.417918875847707], [-0.048809743146508905, 0.4189545765917808, 0.5429423944087183], [-0.685133000268969, -0.0059499897919360655, -0.057001241069087216]]	0.7754194745130698	0.27584839642900744	[[-0.006952355414253297, -0.5748914522660581, 0.4665111487540872], [-0.010997013084831211, 0.47346350416841393, 0.5638944391847125], [-0.7571296839999977, -7.390822418611591e-13, -0.013876772986947264]]	[[0.02692330276828628, 0.03989380230246994, -0.00483468182250077], [0.04405259164277354, 0.0009495683550033658, -0.048457978084607466], [0.015591056148835604, 0.006710639413941555, 0.050411534788354355]]	0.2597446406658534	[[0.0, -0.5506155652285903, 0.5506155652285903], [0.0, 0.5506155652285903, 0.5506155652285903], [-0.778688, 0.0, 0.0]]
5	[[-0.6282958732607286, -0.7138118081737849, -0.3093816383614419], [-0.5738327107911779, 0.1566825842932765, 0.8038448779492399], [-0.5253192511888238, 0.6825857237672436, -0.5080515860024072]]	0.567497214056097	0.4325027859439032	[[-0.3565561576784065, -0.40508621249896837, -0.17557321785022903], [-0.3256484647082517, 0.08891693007754385, 0.4561797287694567], [-0.2981172115396925, 0.38736549659237496, -0.28831785965314766]]	0.627246982874946	0.5080696159420826	[[-0.4720859936771512, -0.38475260193461713, -0.24031047907723954], [-0.3448242350971916, 0.07987756694237585, 0.3639785086948429], [-0.2890748381777122, 0.3453821136252729, -0.3222483012588815]]	[[-0.0779893028215799, 0.06298370108289914, -0.04625177985811743], [0.01511060142152608, -0.018401111324631254, -0.14023076569829715], [0.040430077176603546, -0.0827677221612419, -0.003574476794040493]]	0.4666976549875436	[[-0.466041014409479, -0.46604101440947887, 0.0], [-0.32954076160000007, 0.3295407616000001, 0.46604101440947887], [-0.3295407616, 0.32954076160000007, -0.466041014409479]]
5	[[-0.3901123425915053, -0.19274962118636868, 0.9003665607352815], [0.8924450663689159, 0.1615093954769425, 0.42125588267281683], [-0.22661457073972407, 0.9678648142716957, 0.10901163985220427]]	0.6423734436379149	0.3576265563620859	[[-0.25059780891615935, -0.12381723792139109, 0.5783715681559491], [0.5732830105410681, 0.1037493465524012, 0.270603592005267], [-0.14557118218460488, 0.6217306537196794, 0.0700261824884764]]	0.7187620261808036	0.3611847072550967	[[-0.25993308119346, -0.11699909885559928, 0.6130213312909562], [0.5645587177504146, 0.11699909891817067, 0.3083956946990017], [-0.16546171242100818, 0.6722265252379228, 7.920638811479583e-11]]	[[0.020464856605750304, 0.021542009413897386, -0.034127962208576966], [-0.07689690640797038, 0.0009122785779265969, 0.005612962928504894], [-0.002579764394031199, -0.023437949737108454, -0.07835342705825593]]	0.4658867775568609	[[-0.5065663200103031, 7.953559588713689e-17, 0.5065663200103032], [0.5065663200103032, -9.600795714107581e-17, 0.5065663200103031], [1.430446622995911e-16, 0.7163929600000001, 0.0]]
5	[[-0.20892554660170207, -0.8722728212278597, 0.4421427838655412], [-0.9769286190798419, 0.16569047850232185, -0.13474842691632785], [0.04427854107729115, -0.4600943280250934, -0.8867652564908058]]	0.5799468303595691	0.4200531696404314	[[-0.12116570853279854, -0.5058718578798964, 0.2564193060691759], [-0.5665666561229051, 0.09609166782818124, -0.07814692308606185], [0.02567919955072097, -0.2668302472045695, -0.5142766997748324]]	0.6940356398442001	0.4348837651083768	[[-0.1285416153908254, -0.49715691803689877, 0.2592783343920664], [-0.7239153804790874, 0.08255157175272158, -0.03251987171669387], [0.03251987181691243, -0.2592783342045366, -0.5178807268227564]]	[[0.016460160024686508, 0.10823150756268513, -0.04758451551055028], [-0.04589210125389827, -0.03244352551072894, 0.06100033897617875], [0.0017889862289668292, 0.060043527135046314, 0.09756596535744519]]	0.5045577926733112	[[-1.5548332858651206e-16, -0.778688, 0.0], [-0.778688, 1.3968135638010585e-16, 0.0], [0.0, 0.0, -0.778688]]
5	[[-0.09570001472736311, 0.5345101365068197, -0.8397263966034669], [0.9941363825171496, 0.008658117471247562, -0.10778631618888002], [-0.05034242879418521, -0.8451177142702161, -0.5322045554951473]]	0.5378257463385092	0.46217425366149106	[[-0.05146993184535012, 0.2874733130922794, -0.4516264759734059], [0.5346721418895513, 0.004656558490861256, -0.057970255949362316], [-0.02707545433872712, -0.4545260654212746, -0.2862333122639317]]	0.6552098632082807	0.4707548927330919	[[-0.04869849979584025, 0.28599384013087964, -0.44661905492052845], [0.7168108193218218, 0.02635098999341914, -0.015802075725096273], [-0.015802075724153732, -0.4466190549155193, -0.2903633434905878]]	[[0.014005093762705761, -0.06422247329319333, 0.10357796253041159], [0.06544285612238565, 0.020678106029441822, 0.05482058176074427], [0.017182780159656953, 0.10711040704636382, 0.05834233051421148]]	0.5571436688099776	[[0.0, 0.0, -0.7163929600000001], [0.7163929600000001, -1.285068478696974e-16, 0.0], [-1.430446622995911e-16, -0.7163929600000001, 0.0]]
5	[[-0.8451655046892217, 0.03102096411427288, 0.5336037569853065], [0.3597306106374598, 0.7713925264558512, 0.5249261451846907], [-0.3953342351148118, 0.635603075758354, -0.6631135442989435]]	0.5575348699137114	0.44246513008628874	[[-0.4712092397124614, 0.017295269192049028, 0.2975027012362705], [0.20056235920573615, 0.4300782318899722, 0.2926646300698525], [-0.22041262134717338, 0.35437087815968876, -0.36970892365873137]]	0.6753719818406296	0.47448566018260746	[[-0.61000988034021, -0.06667413635747006, 0.30332019631561624], [0.24778792807701705, 0.5636813262124356, 0.2080126408609091], [-0.16168408670381343, 0.3225101117974455, -0.4296145710592246]]	[[-0.03920877845491443, -0.08762482636993375, -0.05706083055715609], [0.004835952642055865, 0.04270442684289725, -0.1465077701324375], [0.1053135791551264, -0.10675839714147427, 0.018233737539317674]]	0.556402495978512	[[-0.7163929600000001, 0.0, 0.0], [0.0, 0.5065663200103032, 0.5065663200103031], [0.0, 0.5065663200103031, -0.5065663200103032]]
5	[[-0.5981897663743452, -0.7419171441245457, 0.3028662322859456], [0.7115509511219108, -0.6655993255599615, -0.22510615667197656], [0.3685976768273374, 0.0808485563767378, 0.9260665546111073]]	0.6049455123172285	0.3950544876827719	[[-0.3618722146822509, -0.4488194468493584, 0.18321756805381018], [0.4304495546662555, -0.4026513249988725, -0.13617695927369122], [0.2229815104472537, 0.048908971357434064, 0.5602198063190669]]	0.7514074985340954	0.3436024359489447	[[-0.4321055071687784, -0.5899767403039127, 0.12722691664033733], [0.49765604050004825, -0.5737910521608119, -0.12722691660226934], [0.1654674025871277, 0.03490621679372278, 0.6621813735647981]]	[[0.017378768831263592, -0.032494634917727055, -0.10034904135209122], [-0.037008679762023204, -0.07365472791582, 0.04191953748724486], [-0.11149965572318077, -0.025843994713414555, -0.03367197971162216]]	0.39077474320391736	[[-0.598495179596294, -0.5984951795962938, 0.0], [0.5984951795962938, -0.598495179596294, 0.0], [0.0, 0.0, 0.8464]]
5	[[0.15665500554066836, 0.7010445100749366, 0.6956980696630148], [0.9690588098128995, 0.026938980891129116, -0.2453554858415722], [-0.1907465133706504, 0.7126085083707178, -0.6751332323583257]]	0.542162902414751	0.45783709758524926	[[0.08493253248172819, 0.38008032630415484, 0.37718168465283985], [0.5253877369387452, 0.014605316068029695, -0.13302264232724725], [-0.10341568331452701, 0.3863498971837146, -0.3660321927720423]]	0.6571051963234332	0.4849795702108888	[[0.07955130544358875, 0.415446190174436, 0.37438759421439827], [0.6981520406573016, 0.0501062599961684, -0.09168174377436988], [-0.09168174371721732, 0.37438759419659223, -0.35671567610078847]]	[[-0.023387512727260595, -0.04521380024982065, -0.08275922243335078], [0.06137846118624518, 0.032404515668949696, 0.0695426209185878], [0.03365878139921427, -0.09387115959809707, 0.08691787909250304]]	0.6243683572382401	[[0.466041014409479, 0.32954076160000007, 0.3295407616], [0.46604101440947887, -0.3295407616000001, -0.32954076160000007], [0.0, 0.46604101440947887, -0.466041014409479]]
5	[[0.9008474576716361, -0.4254042240105299, 0.08663200448188091], [-0.049446002604253164, -0.2987906365719553, -0.9530368557004423], [0.4313107358193278, 0.8542572222058906, -0.2901993237002208]]	0.6175229269137918	0.3824770730862084	[[0.5562939587642366, -0.26269686153247257, 0.05349724897205985], [-0.03053404025236542, -0.18451006843034887, -0.5885221085888545], [0.26634426799249267, 0.5275234201938269, -0.1792047357597633]]	0.7042333710294136	0.3822049924028167	[[0.576301266716763, -0.31749987818974595, 0.028494214252529], [0.02014845212051043, -0.1619952956441262, -0.6490591359467833], [0.3258456403199983, 0.5258921424799754, -0.14184684352246213]]	[[-0.05810557518261038, -0.01791602746465855, -0.03251493430278125], [0.0549699772184328, 0.04842304158096658, 0.022101221658411718], [0.02210222687277622, -0.07570430084030179, 0.06252120447740031]]	0.4730782976168144	[[0.5065663200103031, -0.5065663200103032, 1.430446622995911e-16], [9.086806355757107e-17, -9.086806355757108e-17, -0.7163929600000001], [0.5065663200103032, 0.5065663200103031, 0.0]]
5	[[0.6069875784705717, -0.6928697567511047, 0.38922690010082395], [0.12403339438257666, 0.5663640199931965, 0.8147683805444849], [-0.7849724814669417, -0.44627715271657287, 0.4297149128233985]]	0.5899152116002179	0.4100847883997828	[[0.35807120579217094, -0.40873440916521975, 0.22961086913347417], [0.07316918609269059, 0.3341067506970369, 0.48064426161406676], [-0.4630672075049184, -0.26326568097713965, 0.25349536372598436]]	0.7022077769543373	0.3923194647860098	[[0.3772579898002701, -0.4792316779624546, 0.2231527894719486], [0.1204855679201311, 0.3938323846310173, 0.514724214992056], [-0.47156380630616695, -0.3273512334912344, 0.29157142553817766]]	[[-0.048973408316446435, 0.007306853644631528, -0.05016536677867901], [0.033388353782641336, -0.0038728347953270875, -0.057412478242772444], [0.07964997487506405, -0.013971946176618802, -0.01017772811966812]]	0.5024015878397693	[[0.5065663200103032, -0.5065663200103031, 0.0], [0.35819648000000004, 0.3581964800000001, 0.5065663200103031], [-0.35819648, -0.35819648000000004, 0.5065663200103032]]
5	[[-0.9329322773960255, -0.042925561482400815, -0.35748393245583304], [-0.169270649991114, -0.8240132564325088, 0.5406936288463909], [-0.3177810769134181, 0.5649420761413629, 0.7614825262347359]]	0.5782163739280205	0.4217836260719796	[[-0.5394367185563403, -0.024820262509178057, -0.20670306316214115], [-0.09787506145030106, -0.4764579572030255, 0.31263790947754305], [-0.18374622199581797, 0.3266587587458264, 0.44030166512899777]]	0.707933740990832	0.4039867509144921	[[-0.6543768949998788, -0.05044600114865199, -0.14550268746223158], [-0.10288593699907052, -0.6049134489025116, 0.3173579456912563], [-0.12378135483239644, 0.36979788151261705, 0.502027511928926]]	[[0.0060773422281860875, -0.020057547824284018, 0.10757225018533997], [0.016946467489088467, -0.021566661650208513, -0.06541731770787775], [0.101186591763015, -0.030143675893265845, -0.037051661567579275]]	0.4450046551318733	[[-0.7163929600000001, 0.0, 0.0], [0.0, -0.5065663200103032, 0.5065663200103031], [0.0, 0.5065663200103031, 0.5065663200103032]]
5	[[0.2716390998961424, -0.9623667677143403, 0.0078996080071079], [-0.8358745486248621, -0.23185104168470852, 0.4975528448626315], [-0.4769967907321766, -0.14175788820650492, -0.8673976958480093]]	0.5633667941524673	0.43663320584753285	[[0.15303244887495157, -0.5421654807260995, 0.004450376838025519], [-0.47090396477242974, -0.13061717807482437, 0.28030475113170067], [-0.26872415281580175, -0.0798616870247226, -0.4886630591651299]]	0.6782272777948853	0.4509070640771684	[[0.2042243010858024, -0.6830190452033155, 0.02807222702450136], [-0.48917548780267667, -0.16452417690161028, 0.22191578442317694], [-0.22191578443071686, -0.028072227025693758, -0.5456957360622586]]	[[0.01999125382058871, -0.030315652096155412, 0.022714497390193926], [0.07773743188919177, -0.007276476045881931, -0.11553812710710672], [0.10159645046446393, 0.06807183959855578, 0.042597041958292586]]	0.5561851222587346	[[1.5548332858651206e-16, -0.778688, 0.0], [-0.778688, -1.3968135638010585e-16, 0.0], [0.0, 0.0, -0.778688]]
5	[[0.2973838978430522, -0.6779765432739062, -0.6722429799365989], [0.21009501085824506, -0.6403704890576759, 0.7387731202179104], [-0.931355412136606, -0.3609341262812347, -0.047996382878866456]]	0.6510693873016695	0.34893061269833053	[[0.19361755216205806, -0.441409772634246, -0.4376768250651699], [0.13678642999461532, -0.4169256219568513, 0.48099256273521784], [-0.6063769975398741, -0.23499316045418703, -0.03124897559364002]]	0.750834315404014	0.3131501479813445	[[0.16822755258652175, -0.4602456326189363, -0.5299277651253406], [0.16822755236085732, -0.46024563141989455, 0.5299277664406379], [-0.6508856151447002, -0.23790968633790685, -8.532678914200354e-11]]	[[-0.05505848276264264, 0.04880242111010747, -0.025184667499491272], [0.010481008713308329, 0.020566506336656853, -0.024768443517065333], [0.04840798812471324, 0.03309204127441085, 0.036037331195394956]]	0.39620435922673275	[[0.0, -0.5506155652285903, -0.5506155652285903], [0.0, -0.5506155652285903, 0.5506155652285903], [-0.778688, 0.0, 0.0]]
5	[[-0.497660567830157, -0.331663200144824, 0.8014570986002058], [0.5168745496181553, -0.8554231213464026, -0.033045172461446226], [0.6965448005577205, 0.39780749758604605, 0.5971386235040682]]	0.5572406510785313	0.4427593489214686	[[-0.2773166988337886, -0.18481621758749087, 0.4466044754354897], [0.2880235105551435, -0.47667653708669877, -0.01841411341741866], [0.38814307816815, 0.2216745089587699, 0.3327499153455449]]	0.7167888144471344	0.41925321548955385	[[-0.21455132063479046, -0.14772824521851013, 0.5910251351865103], [0.40918579985102405, -0.6874659584267466, -0.023686409967702944], [0.48272587016780777, 0.28514396456558416, 0.26593113142643876]]	[[0.14216620777727548, 0.090004226809041, 0.01654965165062877], [0.03869590421232992, -0.07430823342619203, 2.4137282872537202e-11], [-0.0165496516332765, -7.29895988748492e-12, -0.1620911545756359]]	0.6158120154678517	[[0.0, -0.46604101440947887, 0.466041014409479], [0.46604101440947887, -0.3295407616000001, -0.32954076160000007], [0.466041014409479, 0.32954076160000007, 0.3295407616]]
5	[[0.39159002759377715, 0.2136607185654068, -0.8949895796215835], [0.9173475615466772, -0.1663710136628364, 0.36165472088328326], [-0.07162891604282473, -0.9626368906056502, -0.2611503690053217]]	0.5813091067752528	0.4186908932247473	[[0.22763484916263527, 0.1242029214622153, -0.5202655931029815], [0.5332624916051552, -0.09671298534563687, 0.2102331827577148], [-0.04163854120413407, -0.5595895910268774, -0.1518090877405113]]	0.6558491739020904	0.46664616103999595	[[0.18356835765029927, 0.05113093271558008, -0.5369099475906101], [0.5552826884300769, -0.09845125485848105, 0.12640559313802288], [0.032758191695441786, -0.6305573487683938, -0.13319926786351616]]	[[-0.07325563845537622, -0.088998273050869, 0.05006822885518535], [-0.04635895199140839, 0.010663037013543673, -0.11078535679106956], [0.07973595710963056, 0.0007872607029988064, 0.03807598591285009]]	0.4915688889585217	[[0.0, 0.0, -0.7163929600000001], [0.7163929600000001, -1.285068478696974e-16, 0.0], [-1.430446622995911e-16, -0.7163929600000001, 0.0]]
5	[[0.3165442381789233, -0.7577804397575791, -0.5705861463412293], [-0.23983098085954807, -0.6459091038519906, 0.7247637754338064], [-0.9177585989222176, -0.09257556201248784, -0.3861980313548994]]	0.552514591153262	0.44748540884673854	[[0.1748953103393482, -0.4186847498565985, -0.31525717136343967], [-0.13251011633549906, -0.35687420443695245, 0.400442561066503], [-0.5070750170609001, -0.051149348796113776, -0.21338004739824726]]	0.7038581930631544	0.4116531166372458	[[0.1463422363874648, -0.5478652025589061, -0.39395363230463776], [-0.1279740277719537, -0.5089393752062219, 0.43287945966492375], [-0.5938157941069475, -0.01298828487523597, -0.16799432083155094]]	[[-0.07646001912170487, -0.014495231492534363, 0.007658101645968245], [0.040832973056411814, -0.05431096048591863, -0.07725146170954494], [0.052156114998616755, 0.052171782924679715, 0.10383432768245603]]	0.4292577927766005	[[0.0, -0.5506155652285903, -0.5506155652285903], [0.0, -0.5506155652285903, 0.5506155652285903], [-0.778688, 0.0, 0.0]]
5	[[0.011896673231499427, 0.9993644402235865, 0.03360334481298405], [0.8317252015093325, 0.008764640468321566, -0.5551183389618117], [-0.5550600493102371, 0.0345528102194082, -0.8310923203625807]]	0.5429314351651449	0.45706856483485503	[[0.006459077871268809, 0.5425863697836036, 0.018244312225662487], [0.45156975731848126, 0.004758598828172504, -0.301391196459028], [-0.30135954917484314, 0.01875980684141228, -0.4512261462491862]]	0.6741116526709485	0.4458375559182549	[[1.5628963748729864e-10, 0.7582264045767427, 2.3793889331552014e-10], [0.5229180685037442, 1.8284300521599207e-10, -0.23530833630686687], [-0.2353083364175792, 2.255108351790733e-10, -0.5229180684316588]]	[[-0.008019685897082785, 0.0845431901570437, -0.022652406069213375], [-0.03775758165379037, -0.005908346088323713, 0.13890340459863185], [0.13886411075456265, -0.023292451775920035, 0.0373309491700942]]	0.5585999048010832	[[-1.5548332858651206e-16, 0.778688, 0.0], [0.778688, 1.3968135638010585e-16, 0.0], [0.0, 0.0, -0.778688]]
5	[[-0.3892204033068475, 0.16341442670440054, -0.9065336192301567], [0.7573193366333747, 0.6170095977865081, -0.21393124736820557], [0.5243804916383139, -0.7698018455318246, -0.3639096297227603]]	0.5561152373208001	0.4438847626792002	[[-0.21645139695508492, 0.09087725268836015, -0.5041371587974625], [0.4211568226194998, 0.3431284389022556, -0.11897042640050441], [0.29161598155383867, -0.4280985360179202, -0.2023756900965972]]	0.6820997128679718	0.425336826368914	[[-0.20780280414119257, 0.0804141389329406, -0.5481104472709798], [0.5258175595234613, 0.46686040084194086, -0.11070635399010995], [0.3576797827735597, -0.4287211093944514, -0.18317118993435255]]	[[0.05768432119676436, -0.03105079460061524, 0.07023587411107347], [0.009250257456473867, 0.04599833135498108, 0.03521608841323019], [-6.499896722763733e-12, 0.09636050840804103, 0.06505146400943225]]	0.458052735312762	[[0.0, 0.0, -0.778688], [0.5506155652285903, 0.5506155652285903, 0.0], [0.5506155652285903, -0.5506155652285903, 0.0]]
5	[[0.2943250136427136, 0.18032690162771614, -0.9385387551367095], [0.05363968514426791, -0.9836066795264454, -0.1721647007042514], [-0.9541989155945632, 0.00032945456234623194, -0.29917272759703717]]	0.5855131536979113	0.4144868463020882	[[0.17233116695012607, 0.10558377286861718, -0.549526786387807], [0.03140674121218328, -0.5759146489278604, -0.10080469686480335], [-0.5586960163249005, 0.00019289997979948266, -0.17516956723574756]]	0.764830058643974	0.3629931877683143	[[0.19193823277729677, 0.13348362075625364, -0.5999369277361255], [0.04248946543355782, -0.7918751605193647, -0.09099415533395036], [-0.6376279409643991, -9.25432580831852e-12, -0.209537945625057]]	[[-0.033170384667448316, -0.00443581399075858, 0.11788572339472622], [0.0014642218990230174, -0.03958320613454948, 0.040682582802104475], [0.09217207160780692, -0.0002519767614941257, 0.019278349167662502]]	0.3581272147461952	[[0.0, 0.0, -0.8464], [0.0, -0.8464, 0.0], [-0.8464, 0.0, 0.0]]
5	[[-0.21241983037595796, 0.9040403184743173, 0.3709298023021392], [0.7675810831292289, -0.08054299284272853, 0.6358711403469227], [0.6047289446398354, 0.41979033918944697, -0.6768153179693851]]	0.5702876015875942	0.42971239841240627	[[-0.12114039559474958, 0.5155629849612036, 0.21153666731224774], [0.43774197492177586, -0.04593267021296662, 0.3626294275472144], [0.34486941944924865, 0.23940122570599165, -0.3859793844025056]]	0.6734685027751074	0.480390088054864	[[-0.18418695652595193, 0.6059793554289924, 0.2372542831553786], [0.45696072189208725, -0.15134126843709012, 0.38627291668996977], [0.3862729166989358, 0.2372542831519315, -0.2959991741529435]]	[[-0.041128891402913204, -0.0028633243022377942, -0.012555255435709775], [-0.05998096092145008, -0.09709809963827147, -0.0419662681573726], [-0.020992980232425226, -0.04546128806143974, 0.15981462469515656]]	0.5121180811708274	[[0.0, 0.46604101440947887, 0.466041014409479], [0.46604101440947887, -0.3295407616000001, 0.32954076160000007], [0.466041014409479, 0.32954076160000007, -0.3295407616]]
5	[[-0.9655239015696506, 0.07817738312533667, 0.24829799086056714], [-0.2583680309547694, -0.17137329386372563, -0.9507245419840874], [-0.03177351221182961, -0.982099532083165, 0.18566354785943645]]	0.6046848812043132	0.3953151187956873	[[-0.5838377057205695, 0.04727268162800837, 0.1501420411067918], [-0.15623124210487688, -0.10362683984157865, -0.574888756727672], [-0.01921296245725368, -0.5938607388885208, 0.11226794038135464]]	0.6508081701608843	0.4525657086681088	[[-0.6043391863155493, 0.013880704579768302, 0.21738047398708912], [-0.2231300500740413, -0.12446403065156417, -0.5065663199604032], [-0.01963028067648287, -0.6047393889571145, 0.11058332608121532]]	[[0.0240316573115932, -0.036997775079998456, 0.055786112900499514], [-0.05498202462029708, -0.012932890857669436, 0.11217297953530497], [0.0010481806656825053, 0.034419010433791225, -0.0102480277667623]]	0.42804483278883976	[[-0.6590815232000001, 0.0, 0.0], [0.0, -1.1822630004012161e-16, -0.6590815232000001], [0.0, -0.6590815232000001, 1.3160108931562383e-16]]
5	[[-0.10845513793664141, -0.6720147867879052, 0.7325528031436028], [-0.782694789624546, 0.5120379814051966, 0.35384455894231126], [-0.6128836344280466, -0.5349890016971353, -0.5815156220716438]]	0.5208286100579348	0.47917138994206526	[[-0.05648653874518254, -0.3500045273411242, 0.38153445825532634], [-0.40764983937973986, 0.266684030152139, 0.18429236981048705], [-0.3192073314464151, -0.278637578150201, -0.30286997317054953]]	0.6633213980051251	0.5153036322201222	[[1.7393211185183512e-11, -0.3922628410006837, 0.4655933444851487], [-0.49589597096064153, 0.35644289719445515, 0.13514854660328413], [-0.4124232581499817, -0.2387816765679901, -0.2571142944213579]]	[[0.07194061373436494, 0.05349894685158586, -0.020324605008639498], [0.0232822311044394, 0.01679714753703796, -0.09956412091083655], [-0.005884428946708262, 0.11608797595512006, 0.12861746097302496]]	0.657397975827642	[[0.35819648, -0.35819648000000004, 0.5065663200103032], [-0.35819648000000004, 0.3581964800000001, 0.5065663200103031], [-0.5065663200103032, -0.5065663200103031, 0.0]]
5	[[0.34438500917845144, -0.9365203313506948, 0.06579235837042641], [0.28308685107610987, 0.17040524526154976, 0.9438346715051124], [-0.8951317222626903, -0.30641756045327384, 0.32380160352427834]]	0.606084220172125	0.39391577982787496	[[0.20872631972689204, -0.5676101947020261, 0.03987571021622488], [0.17157447337544662, 0.10327993018758615, 0.5720433008505897], [-0.5425252118389138, -0.18571484817436745, 0.19625104236249583]]	0.7029919608837167	0.3874306778511618	[[0.2243444360927572, -0.623466451765462, -4.9693822350307165e-12], [0.15863547209224463, 0.15863547206271314, 0.6234664517362972], [-0.5577574877565957, -0.1586354720887635, 0.22434443610158802]]	[[-0.017755456808558986, 0.034899812378231185, -0.04625149902695958], [-0.040372308446146324, 0.03884195455142562, -0.04004173473512032], [0.07151291692607151, 0.056773609583488385, -0.0032854880972360972]]	0.4911951574366492	[[0.0, -0.7163929600000001, 1.430446622995911e-16], [0.0, 1.285068478696974e-16, 0.7163929600000001], [-0.7163929600000001, 0.0, 0.0]]
5	[[-0.8098148069570111, 0.06315897562890704, -0.5832760257636909], [0.5634097413606913, 0.3609782514293012, -0.7431447808704055], [0.16361369677706578, -0.9304330420790907, -0.32790991512058765]]	0.5862671568412261	0.41373284315877934	[[-0.47476782444260784, 0.03702803307096383, -0.3419555772781296], [0.3303086272041821, 0.21162969314697566, -0.4356813778022941], [0.09592133682976976, -0.5454823342108422, -0.19224281363779502]]	0.6236811937163849	0.5019636677628024	[[-0.45854711754995187, -0.04219288525039783, -0.3451997316339022], [0.25118364213053945, 0.24371390313787278, -0.4690904683471945], [0.08179768416837457, -0.5154271257048609, -0.17939308428227554]]	[[0.04651914794220082, -0.08158395056453865, 0.018578556380545445], [-0.10020441791273658, 0.018578556380792977, -0.005605044309839478], [-0.020245101545896392, 0.0648664646521941, 0.025118163011571007]]	0.4712677487872059	[[-0.46604101440947887, -7.317274821616594e-17, -0.466041014409479], [0.466041014409479, 8.832732056978976e-17, -0.46604101440947887], [1.3160108931562383e-16, -0.6590815232000001, 0.0]]
