6	[[-0.004881392374527848, -0.8737977806315758, 0.48626495922677654], [-0.9964931464260065, -0.036369118883652976, -0.07535712519479704], [0.0835319168610627, -0.4849275469128966, -0.8705559678220334]]	0.8586491378428321	0.1413508621571684	[[-0.004191403353862387, -0.7502857109882822, 0.4175309880032515], [-0.8556379810449812, -0.031228312573553567, -0.06470533057882646], [0.07172460839511, -0.41638262007299787, -0.7475021312143209]]	0.8592089524160074	0.13890457087489574	[[-0.009093175655405163, -0.7507748749412025, 0.4227022534387064], [-0.8610948778517691, -0.031248677624174135, -0.0696465561713592], [0.07177137580322994, -0.42358238324533104, -0.7479894800871766]]	[[-0.0048990396269372, 7.78686576616589e-10, 0.004899047224856516], [-0.004899045421350964, -5.087839014149616e-09, -0.0048990395756590656], [5.023742668407148e-09, -0.006928293664636794, 1.0446956982546814e-09]]	0.28613641634497144	[[-1.8798860060382868e-16, -0.6657269979939711, 0.665726997993971], [-0.941480149401, 1.1941836789401388e-16, -1.1941836789401386e-16], [0.0, -0.665726997993971, -0.6657269979939711]]
6	[[0.2996549344758955, 0.21795608323613597, 0.9288175633700135], [0.8916359750523828, -0.4103184136620505, -0.1913742077769225], [0.3393997764239587, 0.8855133794529706, -0.31729142215500555]]	0.8301009261561648	0.1698990738438402	[[0.24874383863570795, 0.18092554655568663, 0.7710123195835608], [0.7401478486851419, -0.3406056951997968, -0.15885990711802572], [0.28173606874672313, 0.7350654764075816, -0.2633839033922745]]	0.8373386081924671	0.26126900321852053	[[0.2280282305205244, 0.11306566580344103, 0.7663159162883508], [0.7745780503550148, -0.3660837734698898, -0.11496256473447272], [0.2530181076849421, 0.7091314380321649, -0.15989899800992394]]	[[-0.02288441525152684, -0.06943737758058659, -0.01141888948861525], [0.02797682399031962, -0.022508324058367286, 0.04528244804939153], [-0.03117442872673022, -0.03234310265479332, 0.10578135980875686]]	0.5207665292624434	[[0.0, 0.0, 0.941480149401], [0.6657269979939712, -0.6657269979939708, 0.0], [0.6657269979939708, 0.6657269979939712, 0.0]]
6	[[-0.19923769144659614, 0.8439754804473203, -0.49800575369241046], [-0.7021380284509187, 0.23156213831599123, 0.6733358486680942], [0.6835982236007403, 0.4838226581116686, 0.5464513740376828]]	0.8579475283069369	0.14205247169306415	[[-0.1709354849221861, 0.7240866774014372, -0.4272628054630376], [-0.6023975860397732, 0.198668164217672, 0.5776868270852457], [0.5864914062932676, 0.4150944536657987, 0.46882660569555873]]	0.8579475286342123	0.14205247209658087	[[-0.17093548395317812, 0.7240866777807747, -0.42726280602914135], [-0.6023975870469612, 0.19866816441399449, 0.5776868254353176], [0.5864914053862286, 0.41509445413265206, 0.46882660661478237]]	[[1.0342120761781917e-09, 1.0312446515193214e-10, -4.0311584592026004e-10], [-7.773983501597403e-10, 1.2053941384600153e-10, -1.870296797411686e-09], [-1.1307614226413497e-09, 3.085093830758929e-10, 7.403831848423437e-10]]	0.24752538341799488	[[-0.13787657570351464, 0.8036035736974855, -0.4707400747004999], [-0.8036035736974856, 0.1378765757035143, 0.4707400747005], [0.4707400747004999, 0.4707400747005, 0.6657269979939711]]
6	[[0.34528785424661446, 0.721296251312937, 0.6004231970466106], [-0.4727265086543158, -0.4190107345154037, 0.7752158746932126], [0.8107440691890812, -0.5515085876056384, 0.1962965411614891]]	0.8798910305520774	0.1201089694479232	[[0.30381568591016905, 0.6346621019010912, 0.5283069856167153], [-0.41594781486913174, -0.3686837870051417, 0.6821054948841402], [0.7133664345527656, -0.48526745950664535, 0.17271956589639112]]	0.8798910306949991	0.12010896981141608	[[0.30381568572878626, 0.6346621014975691, 0.5283069857497099], [-0.4159478149011984, -0.3686837870161235, 0.6821054944432147], [0.7133664343508019, -0.48526745945271904, 0.17271956578044195]]	[[-2.307322581757329e-10, -5.066092982208442e-10, 4.718137540819555e-11], [3.549577236825207e-11, 4.890320102919034e-11, -5.517201506793706e-10], [-3.178364640914632e-10, 1.327488189582776e-10, -1.4400393420583134e-10]]	0.2882718000578199	[[0.47549502494999984, 0.47549502494999996, 0.6724515131252232], [-0.47549502494999996, -0.47549502495000007, 0.6724515131252231], [0.6724515131252232, -0.6724515131252231, 0.0]]
6	[[0.9792681828595647, -0.06468287773609287, 0.1919634115312185], [-0.19461030959112274, -0.5634158260401757, 0.8029255472136342], [0.05621968907574672, -0.8236375005396755, -0.5643231470221494]]	0.8592013939066659	0.14079860609334385	[[0.841388587721377, -0.05557561871274633, 0.164935230766702], [-0.16720944926929596, -0.4840876630827948, 0.6898747493692274], [0.04830403521888192, -0.7076704885375018, -0.4848672345352308]]	0.9055446764611444	0.1502368218668979	[[0.8887635391584379, -0.008756828085717734, 0.14717267414919055], [-0.15219943167353936, -0.5323084990645663, 0.6744048361833519], [4.9579572418376575e-05, -0.7262904508054893, -0.530611000080952]]	[[0.0019924493421801352, 0.04981640750638837, -0.026658771238224074], [0.024028898161156966, -0.022110297159927267, -0.05268011869060545], [-0.05085986058242496, 0.019550103141976465, -0.019591178491245812]]	0.2679862008342659	[[0.96059601, 0.0, 0.0], [0.0, -0.6792439526517406, 0.6792439526517405], [0.0, -0.6792439526517405, -0.6792439526517406]]
6	[[0.26616637265112986, 0.9073278585449115, 0.3254406538495851], [-0.9565105633649592, 0.2904108926461212, -0.02736888020603004], [-0.11934405825590477, -0.30400274758756485, 0.9451662950075098]]	0.8499069382888487	0.15009306171115194	[[0.22621664685537063, 0.7711442422800826, 0.2765942697080217], [-0.8129449643504537, 0.24682223261459646, -0.02326100118030126], [-0.10143134315524205, -0.2583740444335451, 0.8033033919636473]]	0.8559568745965997	0.23052105262829378	[[0.19511680111244903, 0.7716640498359758, 0.1855344704527141], [-0.8163160404908171, 0.26039874308408767, 0.03006441207081042], [-0.07773502921128624, -0.23018646096097753, 0.8017897117022452]]	[[-0.032710135344725985, -0.004969468198552001, -0.09302869448305089], [0.0024157518456867713, 0.011819543065905084, 0.053490993233172676], [0.024418337895112573, 0.030026780732853527, -0.007231876146431206]]	0.4280687334595243	[[-4.4033498277057933e-16, 0.9414801494009999, 0.0], [-0.941480149401, -4.2122945763892486e-16, 0.0], [0.0, 0.0, 0.941480149401]]
6	[[-0.43776478212225356, 0.8965698997575128, 0.0672637374984425], [-0.25427414048209707, -0.19521750927551854, 0.9472247809017422], [0.8623842861599152, 0.39755822079422076, 0.3134338910574078]]	0.840430886026508	0.15956911397349338	[[-0.3679110437102081, 0.7535050352379038, 0.056530522503270106], [-0.2136998411789994, -0.1640668242883122, 0.796076961879516], [0.7247743897127161, 0.33412020774920753, 0.2634195227721115]]	0.8498313469326263	0.18582642968364985	[[-0.4356462638322071, 0.7639427502516372, 0.039696591113109865], [-0.16800057616841976, -0.162831452633491, 0.8536786217111536], [0.7107974995414347, 0.3846421341876217, 0.21900470584243117]]	[[-0.06362002940158451, 0.0020095447214590716, -0.017466241524913897], [0.048089559127616394, 0.003070506218955469, 0.048697310309463185], [-0.022083699939377463, 0.04678469592592979, -0.047361239969219635]]	0.457155693381145	[[-0.665726997993971, 0.6657269979939711, -1.8798860060382868e-16], [-1.1941836789401386e-16, 1.1941836789401388e-16, 0.941480149401], [0.6657269979939711, 0.665726997993971, 0.0]]
6	[[0.24646923027241593, 0.7083253665859152, 0.6614590641754414], [0.9286246270354669, -0.36790822982092686, 0.04795661052734279], [0.27732511713179175, 0.6024273478860003, -0.7484464375804571]]	0.8323597831680595	0.16764021683194358	[[0.20515107506714617, 0.5895815485438868, 0.5505719232316154], [0.7729497932037608, -0.30623201439949127, 0.039917153940015264], [0.23083427436287524, 0.5014362966609023, -0.6229767144973782]]	0.8323597841882326	0.1676402160927175	[[0.2051510751777895, 0.5895815491425568, 0.5505719237564529], [0.7729497939175983, -0.3062320146546038, 0.03991715403659731], [0.23083427454802288, 0.501436297158147, -0.6229767151194823]]	[[-1.4079830242783082e-10, -1.2394523791495622e-10, -1.4996745453431984e-10], [-2.335195001014222e-10, 1.2021699063792462e-10, 4.765842066364635e-11], [-9.777158673383455e-11, -1.1733525946300955e-10, 1.4143948301425687e-10]]	0.37731650064813493	[[1.8798860060382868e-16, 0.6657269979939711, 0.665726997993971], [0.941480149401, -1.1941836789401388e-16, -1.1941836789401386e-16], [0.0, 0.665726997993971, -0.6657269979939711]]
6	[[-0.30856070057004426, 0.1412364016461924, 0.9406607108377383], [0.9283791655349412, 0.26005680283238586, 0.2654855632633233], [-0.2071289913661773, 0.9552082171708078, -0.21136424197341674]]	0.8338231995347202	0.16617680046528077	[[-0.25728507059998856, 0.1177661883113993, 0.7843447235873259], [0.7741040861877204, 0.21684139539847014, 0.221368021790502], [-0.17270895829734564, 0.7964747718632194, -0.17624040850950462]]	0.8591460659579757	0.21692562029012658	[[-0.26826122432444904, 0.07476248122079653, 0.7827122556855509], [0.8018393785789668, 0.20907811765652842, 0.1934987431947766], [-0.13431563650122694, 0.8072267011078709, -0.10573011485870752]]	[[-0.0031625123204587066, -0.04658021762359022, -0.025452693431925775], [0.004226070792273507, -0.014348661422524856, -0.03459213405154495], [0.04363842157686781, -0.013436680845160068, 0.07586264211694317]]	0.41096411529757393	[[0.0, 0.0, 0.941480149401], [0.941480149401, 1.688830754721742e-16, 0.0], [-1.8798860060382868e-16, 0.941480149401, 0.0]]
6	[[-0.20962728376771522, 0.9146782181840727, -0.3455722197743615], [-0.11263779594486362, 0.32848192764058937, 0.9377698812279087], [0.9712719129187527, 0.23550664617613754, 0.03416856423694914]]	0.8430739845781454	0.15692601542186077	[[-0.1767313094023433, 0.7711414100112846, -0.29134294828468515], [-0.09496199544133638, 0.27693456759785984, 0.7906093903841813], [0.8188540817332542, 0.19854952658635155, 0.028806627598558624]]	0.9042835559263117	0.16321691622009998	[[-0.14781233215836634, 0.7857563593510758, -0.2911097766989935], [-0.1053995764604634, 0.24745184267709233, 0.846982231975909], [0.8882542686091753, 0.19147026619477894, 4.1529324919333394e-11]]	[[0.04175017342627822, -0.0413721123167606, 0.0213854990279149], [-0.003543069811739594, -0.049588962907268976, -0.0010276508614583213], [0.009949049423655399, -0.021494521253657382, -0.030898070727555377]]	0.4115685629896872	[[0.0, 0.941480149401, -1.8798860060382868e-16], [0.0, 1.688830754721742e-16, 0.941480149401], [0.941480149401, 0.0, 0.0]]
6	[[0.574704889092418, -0.24730035866747077, 0.780100521122895], [-0.20680691382082303, -0.9661955377213083, -0.1539385698366041], [0.7917987060163579, -0.07286093253845069, -0.6064207233105157]]	0.8394967177326678	0.16050328226733213	[[0.4824628680580015, -0.20760783939545324, 0.6548918269842142], [-0.17361372535700362, -0.8111179826049884, -0.1292309241102901], [0.6647124148057066, -0.061166513716970725, -0.5090882067842483]]	0.839964234509763	0.15940585251115238	[[0.48273155145861024, -0.21035960695411185, 0.6578926868420362], [-0.17107425990213831, -0.8134337337071025, -0.13116693285453224], [0.6677187437654696, -0.059336537226509445, -0.5075076772719735]]	[[-7.769197735541568e-10, -0.0026361504919966182, 0.0026361497763762137], [0.0026361511566898154, -0.0018640384782761036, -0.0018640398802006594], [0.002636149780619208, 0.0018640401988233213, 0.001864041374401201]]	0.36393704239992886	[[0.4707400747004999, -0.4707400747005, 0.6657269979939711], [-0.13787657570351447, -0.8036035736974855, -0.4707400747005], [0.8036035736974856, 0.1378765757035145, -0.4707400747004999]]
6	[[0.648727301424343, -0.24025956634810233, -0.722099874785276], [0.6191713111804977, -0.3850481214649154, 0.6843718518227958], [-0.4424700846359139, -0.8910742308778553, -0.10102939803703481]]	0.8406880634828505	0.15931193651715017	[[0.5453772987628865, -0.20198334956641528, -0.6070607453744419], [0.5205299305604697, -0.3237053595820492, 0.575343246811078], [-0.3719793186016595, -0.7491154695761743, -0.08493420899059259]]	0.8553829636180658	0.14941086268627096	[[0.5563444376322936, -0.2058590191807946, -0.6614969982050435], [0.5596034920135018, -0.2973604996580529, 0.6301253306912318], [-0.34825750388986754, -0.7942128200652037, -0.0434727532791638]]	[[0.001434155959988647, -0.0003450792803635812, -0.04382506728297962], [0.029974900868644044, 0.03200310361617527, 0.044725307862264946], [0.030223868418336894, -0.032003103653214834, 0.042946072626304295]]	0.33549112008795956	[[0.4707400747005001, -0.47074007470049983, -0.6657269979939711], [0.4707400747005002, -0.4707400747004999, 0.665726997993971], [-0.6657269979939708, -0.6657269979939712, 0.0]]
6	[[-0.6688443635042012, -0.7106257709593319, -0.21830765231002544], [0.3076282537140923, 0.0027649952570922287, -0.9515026076254579], [0.6767658937368799, -0.7035647578223935, 0.2167592134716278]]	0.8464535099349435	0.15354649006505688	[[-0.5661456590883344, -0.6015116780787514, -0.18478727854347818], [0.26039301511145085, 0.002340439940319212, -0.8054027219368198], [0.5728508661578413, -0.5955348587252933, 0.18347659705379685]]	0.8656913947962191	0.16868081003545085	[[-0.613327631777001, -0.6442463652432829, -0.14559537889194565], [0.20358560180116084, 0.00900513568140543, -0.8279208880427679], [0.6237454590788185, -0.6385184681654269, 0.1395479718631044]]	[[-0.0343148218334596, -0.02906375040336073, 0.04339167713100803], [-0.06272553023531592, 0.006611503080687036, -0.004213268495246324], [0.037875048579230026, -0.029448511636695075, -0.04809861398208206]]	0.30768555071350545	[[-0.6724515131252231, -0.6724515131252232, -1.8988747535740268e-16], [1.2062461403435742e-16, 1.2062461403435744e-16, -0.9509900498999999], [0.6724515131252232, -0.6724515131252231, 0.0]]
6	[[-0.9588610349856624, -0.2231075811005983, 0.17552356776702127], [-0.1293663018671285, -0.20694792700785122, -0.9697612672448699], [0.252685329070461, -0.9525731272519675, 0.16957170079338071]]	0.8479564067401808	0.15204359325981945	[[-0.8130723577896131, -0.18918550278655683, 0.14883633382194011], [-0.10969698448451592, -0.17548282056790662, -0.8223152795687636], [0.21426614367454835, -0.8077404861418356, 0.14378941008957627]]	0.8537516564640107	0.15272223918407918	[[-0.8298615086268684, -0.17243947663417886, 0.13428397344339355], [-0.0994373507460675, -0.1764591675838392, -0.8459742786275662], [0.18668218418233792, -0.8242702291013839, 0.1335398087765987]]	[[-0.011232311689062142, 0.01803899030013544, -0.015569563286173576], [0.011009343763616732, 0.00022296790090682063, -0.018038990342621287], [-0.029048334075721816, -0.011009343806914014, -0.011232311665169598]]	0.33952425202696035	[[-0.941480149401, -1.688830754721742e-16, -1.8798860060382868e-16], [1.688830754721742e-16, 2.7029564929015215e-32, -0.941480149401], [1.8798860060382868e-16, -0.941480149401, 0.0]]
6	[[0.8875576111457726, 0.3128668588496867, -0.3381653671367607], [-0.3273769476023962, 0.9447770405743245, 0.014855227435465884], [0.3241385831334306, 0.09752267550242714, 0.9409694504536801]]	0.8304593017187158	0.16954069828128734	[[0.7370804739872466, 0.25982319313123936, -0.28083257465784867], [-0.27187323130468943, 0.784598881395226, 0.012336661802928668], [0.2691839014090828, 0.08098861299948625, 0.7814368327624107]]	0.8317421192968826	0.16515294564619612	[[0.7382190487493097, 0.2723017926527851, -0.2812663783986195], [-0.28437044449367804, 0.7858108576931797, 0.012355718357138779], [0.2695997115884492, 0.0811137168532524, 0.7947211762560955]]	[[2.568659387287517e-10, 0.01207724841539784, 7.36518703460827e-10], [-0.012077248285912487, -2.971505880362895e-10, 7.331549968331214e-12], [-4.92842531631283e-10, 5.136966033211579e-11, 0.01207725134211474]]	0.4656761328092258	[[0.941480149401, 2.950562665555496e-16, 0.0], [-2.6189914473257786e-16, 0.941480149401, 0.0], [0.0, 0.0, 0.941480149401]]
6	[[0.6438892552647056, -0.6636492387928785, 0.380757553837473], [-0.15091110836074634, -0.5980263899765946, -0.7871405683007917], [0.7500883043535569, 0.4493708098454942, -0.48521480905966874]]	0.8332556124839816	0.16674438751601883	[[0.5365243357674472, -0.5529894529448883, 0.317268368730746], [-0.12574752802777023, -0.49830884586153223, -0.6558892963504652], [0.625015289461194, 0.37444074939023037, -0.40430796290931226]]	0.8332556127572789	0.16674438784627002	[[0.5365243355732771, -0.5529894527824218, 0.31726836866464325], [-0.1257475280539184, -0.4983088458056317, -0.6558892960282031], [0.6250152893966442, 0.37444074927077664, -0.40430796280876297]]	[[-3.7014218669291517e-10, 3.4383878572882443e-10, -1.701619965996595e-10], [1.509581478146614e-11, 2.1933955816026056e-10, 5.37385108172152e-10], [-2.695485843382217e-10, -2.422656692132486e-10, 2.3315776631694264e-10]]	0.43951297139375617	[[0.6657269979939711, -0.665726997993971, 0.0], [-0.47074007470049983, -0.4707400747004999, -0.6657269979939712], [0.4707400747005001, 0.4707400747005001, -0.6657269979939708]]
6	[[-0.16743794764991254, 0.7773753727082936, -0.606343189615771], [-0.9312695185128573, 0.07714504854866044, 0.35606983215832233], [0.3235762932843136, 0.6242885321636675, 0.711028980445465]]	0.8842475467607553	0.11575245323924468	[[-0.14805659444409106, 0.6873922662295364, -0.5361574779128373], [-0.8234727871180638, 0.06821531992389264, 0.3148538755615109], [0.2861215435265932, 0.5520256030365965, 0.6287256316347041]]	0.8878452797507174	0.10859714484030288	[[-0.14385115384147662, 0.7106204072709535, -0.5382376159369147], [-0.8303242234812903, 0.07174922933934176, 0.33656627183208604], [0.3063088536070045, 0.5507706490080321, 0.6360915613971073]]	[[0.004807837630623798, 0.02043135201746141, 0.00010132287241315568], [-0.003500977293904818, 0.003256362129296037, 0.02043135208868861], [0.019023168975272144, -0.0035009774760045975, 0.0048078373426370695]]	0.22016832020523128	[[-0.13787657570351464, 0.8036035736974855, -0.4707400747004999], [-0.8036035736974856, 0.1378765757035143, 0.4707400747005], [0.4707400747004999, 0.4707400747005, 0.6657269979939711]]
6	[[-0.28551340625994115, -0.7402800071091643, -0.6086605013636927], [-0.9037881084920453, 0.4192574902120425, -0.08596634137539147], [0.31882463799746885, 0.5255555802915186, -0.7887599015101034]]	0.8080349802890796	0.19196501971092125	[[-0.23070481959951972, -0.5981721409528526, -0.49181897622215137], [-0.7302924064308747, 0.3387747178395362, -0.06946381095878926], [0.257621460079958, 0.42466729296167344, -0.6373455914695332]]	0.8080349808041922	0.19196501922740802	[[-0.23070481965974127, -0.5981721413080099, -0.4918189765679428], [-0.730292406912607, 0.3387747180323148, -0.06946381107093222], [0.2576214602274782, 0.4246672933005063, -0.6373455918415679]]	[[8.684970567072237e-11, 2.617146693118738e-11, -3.22613392112054e-11], [-1.617965690427632e-11, -2.3186598524584416e-11, -6.786088700475217e-11], [-1.671013475736579e-11, 6.811272822938879e-11, 3.426528100944118e-11]]	0.45162489126741245	[[-1.8798860060382868e-16, -0.6657269979939711, -0.665726997993971], [-0.941480149401, 1.1941836789401388e-16, 1.1941836789401386e-16], [0.0, 0.665726997993971, -0.6657269979939711]]
6	[[0.1500697479079782, -0.48793689800337037, 0.859881767645811], [0.7237996175280507, -0.5382464804175793, -0.4317462680606933], [0.6734932697726708, 0.6871741481494608, 0.2723940265240403]]	0.873697349737469	0.12630265026253074	[[0.13111554102297093, -0.4263091746246664, 0.7512764214797156], [0.632381807575253, -0.47026452344635994, -0.3772155701636704], [0.5884292848664044, 0.6003822320462869, 0.23798993905837165]]	0.8818940110148367	0.13242741136337963	[[0.10109522407368271, -0.42214506436010285, 0.7707219565456278], [0.6745559470125005, -0.4592040317125275, -0.36999596338320506], [0.5951085518576883, 0.6223884315907677, 0.22703874748823671]]	[[-0.03125038784088546, 0.008163563742323597, 0.012397375477912892], [0.03624139913966778, 0.01547231581757843, 0.010758484697469164], [0.0011588707864078254, 0.01637366581357581, -0.013183913139460195]]	0.3031849074962563	[[0.0, -0.6724515131252231, 0.6724515131252232], [0.6724515131252231, -0.47549502495000007, -0.47549502494999996], [0.6724515131252232, 0.47549502494999996, 0.47549502494999984]]
6	[[-0.8598553706683427, -0.29151891260974605, 0.4191246415132833], [0.4738316458013455, -0.15002286318554503, 0.8677423073463686], [-0.19008501511164744, 0.9447274020120526, 0.2671288507772275]]	0.8295693103390844	0.17043068966092315	[[-0.7133096268366876, -0.24183514328446615, 0.34769293980628807], [0.39307619162425417, -0.12445436314792722, 0.7198523874573702], [-0.1576886948919656, 0.7837168593455828, 0.22160189651093995]]	0.8432471653851034	0.260870480106052	[[-0.7075129993174406, -0.16124033130345677, 0.44975610440244945], [0.38296817249733067, -0.06824751668261056, 0.6792439524611356], [-0.22802826331002043, 0.7710866315162611, 0.22948784768591793]]	[[0.01755760463979732, 0.08458216541085944, 0.09633043850332582], [-0.016589019694412344, 0.058258837441557514, -0.052477288493418275], [-0.06773961313493929, -0.025552072292034163, 0.004232201475441011]]	0.44028331913406055	[[-0.6657269979939711, -1.0452529390925225e-16, 0.665726997993971], [0.665726997993971, -1.2617319108337532e-16, 0.6657269979939711], [0.0, 0.941480149401, 1.8798860060382868e-16]]
6	[[0.6569714475509829, -0.30708792903278176, -0.688538685147845], [0.5770443935784932, 0.7925721197384169, 0.19710201128598737], [0.4851889167555201, -0.5268077816962367, 0.6979006205770957]]	0.8520079473728037	0.1479920526271963	[[0.5597448945104521, -0.2616413560781855, -0.5866404318195854], [0.49164640931579673, 0.675277744883241, 0.16793248005882522], [0.4133848130529049, -0.44884441674303055, 0.5946168752080976]]	0.8536545250858206	0.14227275238382767	[[0.5608266489831533, -0.2794702330942543, -0.5877741642118903], [0.5099197905286273, 0.6765827764007081, 0.1682570236646321], [0.4141837144263358, -0.44971184667670944, 0.6130892556434572]]	[[-7.092496867471473e-11, -0.01732323287618668, 6.120854309423498e-11], [0.017323232774943367, -7.085119893081061e-11, -1.7316766495595157e-10], [1.1649820183181363e-10, 1.8706143134057442e-11, 0.017323232827617357]]	0.2507498156090742	[[0.4707400747005001, -0.47074007470049994, -0.665726997993971], [0.665726997993971, 0.6657269979939711, 1.1941836789401386e-16], [0.4707400747004999, -0.4707400747005, 0.6657269979939711]]
6	[[0.5403191569681028, 0.6036400661371987, -0.5862370503193712], [0.4146608078153325, 0.41521567174819174, 0.8097236321095203], [0.7321964374914798, -0.6805987191352745, -0.02595689573522414]]	0.8794802109304699	0.1205197890695313	[[0.4752000061400799, 0.5308894926924262, -0.5155838846701378], [0.3646859747220267, 0.3651739665707366, 0.7121359107630673], [0.6439522772875448, -0.5985731050640994, -0.022828576136315473]]	0.933875740542742	0.09716300328314013	[[0.4879433916091506, 0.531471879331603, -0.5491047750237849], [0.3899864764668379, 0.38827571000006406, 0.7318738833331124], [0.6905901778901897, -0.6487724566242713, -0.0017107664781528674]]	[[-0.016647561233866986, -0.032252934453542874, -0.0016322155231893835], [0.0027448074942428165, 0.0005158670612698413, -0.02430737323812446], [0.0068096876050769434, -0.013177823779375332, 0.022529748748770267]]	0.16577374968461334	[[0.48029800499999986, 0.480298005, -0.6792439526517406], [0.480298005, 0.4802980050000001, 0.6792439526517405], [0.6792439526517406, -0.6792439526517405, 0.0]]
6	[[0.406855499873406, -0.3245501708658478, -0.8538944834191807], [-0.8488954288502084, 0.21093624421169652, -0.4846467288191305], [0.33740947393335186, 0.9220483108106712, -0.18968858540040373]]	0.8347710295154481	0.1652289704845527	[[0.33963118449334573, -0.27092508026309814, -0.712806377021391], [-0.7086333110922463, 0.17608346574271977, -0.4045690487676396], [0.2816596539236099, 0.7696992176784028, -0.15834653572202412]]	0.8429552005564283	0.25038253510054026	[[0.3146601314640811, -0.2638005264071365, -0.7320582455858146], [-0.6636931432586917, 0.16998943909555042, -0.36812880037850443], [0.3321656287137487, 0.7680214172243518, -0.07686782508314415]]	[[-0.028300828029191764, 0.009780727965707114, -0.012263450061170378], [0.051887673219170496, -0.00782036494853997, 0.040406680112243264], [0.047744557944621215, -0.009224001537773748, 0.08303115446631834]]	0.4823738392349066	[[0.665726997993971, -1.0452529390925225e-16, -0.6657269979939711], [-0.6657269979939711, 1.2617319108337532e-16, -0.665726997993971], [1.8798860060382868e-16, 0.941480149401, 0.0]]
6	[[-0.9377842524711256, -0.012787777579644166, -0.34698295139926694], [-0.21556114428834758, -0.7619772552868597, 0.6106750817731164], [-0.2722022940576928, 0.6474775171155194, 0.7118137227812147]]	0.8805382213994805	0.11946177860052032	[[-0.8257548777273657, -0.011260126925632899, -0.3055317508810528], [-0.18980982659449872, -0.6709500971171486, 0.5377227503574815], [-0.23968452387041864, 0.5701287013170511, 0.6267791894255144]]	0.8810307026384756	0.11749114570244715	[[-0.8303818168870956, -0.01543152414859736, -0.3115929740176448], [-0.18402564581135142, -0.6772156969494296, 0.5380234959379584], [-0.2439836782350637, 0.5662824713640431, 0.6330200835806279]]	[[-0.004165098009245291, -0.004165099482454436, -0.00589034054275348], [0.0058903406026475985, -0.0058903403292890726, -4.4073931447022124e-10], [-0.004165099841703416, -0.004165100482616625, 0.005890339251166784]]	0.2698793466593293	[[-0.8036035736974856, -0.1378765757035145, -0.4707400747004999], [-0.13787657570351447, -0.8036035736974855, 0.4707400747005], [-0.4707400747004999, 0.4707400747005, 0.6657269979939711]]
6	[[-0.9506790929980296, 0.17724456833992716, -0.25454591949280275], [0.013897849357551978, -0.7954843399685079, -0.6058147527488101], [-0.30986466710433175, -0.579473060511755, 0.7537870125051647]]	0.8883585780277627	0.11164142197232142	[[-0.8445439272163986, 0.15745673269365862, -0.22612805108337306], [0.012346273692974905, -0.7066753370978319, -0.5381807323001981], [-0.27527093504981764, -0.5147798640416187, 0.6696331585648844]]	0.8890125123140522	0.10967749413971352	[[-0.8451656086136753, 0.15757263822975667, -0.23572046354913978], [0.012426767246037085, -0.7165919113283459, -0.53857689466514], [-0.2848699457435357, -0.5152302068509006, 0.6701260856682134]]	[[2.5666389914054794e-10, -7.644249736568012e-10, -0.009425956161671948], [7.140527263492759e-05, -0.009396379746170773, 6.731113653603139e-10], [-0.009396379563920903, -7.140550702845417e-05, -6.870512998168136e-11]]	0.26984859400646205	[[-0.8036035736974856, 0.1378765757035145, -0.4707400747004999], [0.13787657570351447, -0.8036035736974855, -0.4707400747005], [-0.4707400747004999, -0.4707400747005, 0.6657269979939711]]
6	[[-0.3165369632697661, -0.9278010874929129, 0.1974575724831094], [-0.8157660753724355, 0.3724826131232639, 0.4424730649342605], [-0.48407650341181413, -0.021020108654157543, -0.8747731670991965]]	0.8223480698417227	0.17765193015827843	[[-0.2603035607784527, -0.7629754334968472, 0.1623788536071166], [-0.6708436575248805, 0.30631035795151723, 0.3638668709056412], [-0.3980793782364352, -0.017285845779610096, -0.7193680255133554]]	0.8223480702710363	0.17765193004503677	[[-0.26030356078206135, -0.7629754336185453, 0.16237885360624876], [-0.6708436576926705, 0.30631035797174516, 0.36386687101452286], [-0.39807937829483814, -0.01728584578974818, -0.719368025674643]]	[[1.3228505884125384e-10, 2.766184075510181e-10, -8.563770425142553e-11], [1.8243321906999048e-10, -1.3968439482049086e-10, -8.107773141874861e-11], [1.4941887580778213e-10, -1.1140437901439531e-12, 2.1426296408550532e-10]]	0.4605345124315954	[[-1.8798860060382868e-16, -0.941480149401, 0.0], [-0.6657269979939711, 1.2617319108337532e-16, 0.665726997993971], [-0.665726997993971, 1.0452529390925225e-16, -0.6657269979939711]]
6	[[0.7682057170631343, 0.5541913911831843, 0.3205181402198053], [0.09030813392978146, -0.589450211148092, 0.8027408607536998], [0.6338015598100375, -0.5877247234172788, -0.5028670125057387]]	0.8347260840704506	0.16527391592955037	[[0.6412413499646441, 0.4625980097878958, 0.26754485205922146], [0.07538255499491645, -0.4920294665061478, 0.6700687352202774], [0.5290506940979761, -0.49058915688949256, -0.4197562121571204]]	0.8347260847725313	0.1652739160083128	[[0.641241350076672, 0.46259800977554155, 0.2675448519848763], [0.0753825552278199, -0.4920294667533309, 0.6700687350103359], [0.529050694124512, -0.490589156852231, -0.41975621238343475]]	[[-4.273177951019733e-10, -4.014433176522928e-10, -2.993742255579618e-10], [1.694995161689573e-10, 1.6666001705842162e-10, -7.735278602579902e-10], [-4.1844153407438383e-10, 4.4989133192411533e-10, 1.2673611757794065e-10]]	0.42815918314431056	[[0.6657269979939711, 0.665726997993971, 0.0], [0.47074007470049983, -0.4707400747004999, 0.6657269979939712], [0.4707400747005001, -0.4707400747005001, -0.6657269979939708]]
6	[[0.39514561495520173, 0.8903073900525152, 0.22630221872432854], [-0.7137866099724287, 0.4526453451835295, -0.5344350913887965], [-0.5782461572771092, 0.04964818930798781, 0.814350317058141]]	0.8509999164931358	0.14900008350686517	[[0.33626888532950516, 0.7576515145879101, 0.19258316923661511], [-0.6074323454804548, 0.38520115095219026, -0.4548042181428678], [-0.49208743155529655, 0.0422506049551328, 0.6930120518126378]]	0.8512580020990693	0.1470189241897077	[[0.3278458519423516, 0.7639093880635401, 0.1986696726759538], [-0.6161415817565664, 0.37928987729621993, -0.460970247104275], [-0.49223666808074357, 0.03373840054125976, 0.7017472474574107]]	[[-0.00852501478262107, 0.006028097953371723, 0.006028098094087406], [-0.00852501822639138, -0.0060280949041582035, -0.006028098957003736], [4.844113469763172e-10, -0.008525017896890164, 0.00852502354975863]]	0.3558197315693951	[[0.4707400747005001, 0.665726997993971, 0.4707400747004999], [-0.47074007470049994, 0.665726997993971, -0.4707400747005], [-0.665726997993971, 1.0452529390925225e-16, 0.6657269979939711]]
6	[[-0.3298322266022023, -0.8762827350930389, 0.35119691125136165], [0.9222848180711871, -0.37850758052406547, -0.0782478487960887], [0.201497932123461, 0.2980949172053785, 0.9330262609842703]]	0.8414274430806271	0.15857255691937422	[[-0.27752988707548043, -0.7373283412050341, 0.29550671905204745], [0.7760357562617191, -0.3184866656669992, -0.06583988733905233], [0.16954588981267793, 0.25082524397945355, 0.7850739011070749]]	0.8414274435491212	0.15857255685901042	[[-0.2775298871135832, -0.7373283412800904, 0.2955067190168364], [0.7760357563226026, -0.3184866656877188, -0.06583988731951029], [0.16954588979406804, 0.2508252439711123, 0.7850739014310808]]	[[1.164203555127997e-10, 3.3547533923539724e-10, -1.9974439397432738e-10], [-3.7119850695732293e-10, 1.56608840612841e-10, 5.6200600309878964e-11], [-1.1301112068642047e-10, -1.4799830397935107e-10, -1.131154547009494e-10]]	0.5060866219035586	[[-4.4033498277057933e-16, -0.9414801494009999, 0.0], [0.941480149401, -4.2122945763892486e-16, 0.0], [0.0, 0.0, 0.941480149401]]
6	[[-0.7357259517984016, -0.6355984379310936, 0.23392723131326343], [-0.6762908134220847, 0.6707859050452003, -0.3044289823153933], [0.03657949604943121, -0.38217914031543476, -0.9233639830405582]]	0.851233711632195	0.14876628836780864	[[-0.6262747326934806, -0.5410428174277073, 0.1991267453626315], [-0.5756815392520408, 0.5709955756621908, -0.2591402125447444], [0.031137700191794012, -0.3253237681191092, -0.7859985504711006]]	0.8606218584642157	0.1692567784999849	[[-0.6618491833612485, -0.525373484347996, 0.24561729799715212], [-0.6096465395740173, 0.5426462066284452, -0.3052464038847946], [0.04216414512777283, -0.38951945911170077, -0.7946672271337638]]	[[-0.028667347404154574, 0.021636424541214075, 0.04429440943894297], [-0.02761588286442675, -0.03464680560315626, -0.04324816735415097], [0.010683031256026841, -0.060607737107175076, -1.0478420349129615e-11]]	0.38577603775931285	[[-0.6657269979939713, -0.6657269979939707, 0.0], [-0.6657269979939707, 0.6657269979939713, 0.0], [0.0, 0.0, -0.941480149401]]
6	[[-0.010871777499557311, -0.0840287307277911, 0.9964040229075135], [0.9413747147740295, -0.3368748437119881, -0.018137972823285553], [0.33718756032528074, 0.9377923608594283, 0.08276495076773299]]	0.8515365323725022	0.14846346762749807	[[-0.009257715712698593, -0.0715535339836059, 0.8484744265086755], [0.8016149602818301, -0.2868612362580351, -0.01544514648220742], [0.28712752587853335, 0.7985644550516601, 0.07047737917873621]]	0.9065242221023845	0.14124477641844774	[[0.00577775669486972, -0.04077361691362132, 0.9365986352006329], [0.8411283357032576, -0.3138600676278068, -0.009284086108136757], [0.31579223006499296, 0.8096388049264557, 0.03453479741046193]]	[[0.015633286335525746, 0.03540046284364257, 0.03333425343471183], [-0.012250645314123221, -0.008474861985935113, 0.007158425596004279], [0.010123539238516211, -0.040492685495195725, -0.040493635201597156]]	0.3472346665435035	[[0.0, 0.0, 0.941480149401], [0.941480149401, -1.688830754721742e-16, 0.0], [1.8798860060382868e-16, 0.941480149401, 0.0]]
6	[[0.4709175022496733, 0.19115318190370978, 0.8612184201020178], [0.8821529167293078, -0.0947858233539779, -0.46132621776469945], [-0.006552677384344174, 0.9769729314260427, -0.21326264014097962]]	0.8497371189124646	0.1502628810875386	[[0.40015608160708915, 0.16242995406181016, 0.7318092590518324], [0.7495980779017878, -0.08054303245055644, -0.3920060111621617], [-0.00556805320173513, 0.8301701640054332, -0.18121718140506088]]	0.8678379870281308	0.22174472615121443	[[0.43200426640485134, 0.10499380767979802, 0.681831153028202], [0.7868249604877018, -0.05766190090155027, -0.37434236553017625], [-2.361735114826752e-11, 0.8368888376479748, -0.12887814901331102]]	[[0.023324169196179623, -0.06089618491753952, -0.06556690706468049], [0.02125914898234456, 0.024596837236769982, 0.02601405065804158], [0.0056866623272566735, -0.01096538454177428, 0.05619927131494146]]	0.3561393268034998	[[0.665726997993971, -1.0452529390925225e-16, 0.6657269979939711], [0.6657269979939711, -1.2617319108337532e-16, -0.665726997993971], [1.8798860060382868e-16, 0.941480149401, 0.0]]
6	[[-0.7099649817244492, 0.17004561671924806, -0.6833990144561036], [-0.6966343129430994, -0.02737173477805739, 0.7169040536679481], [0.1032005753632168, 0.9850559762621669, 0.13789258455366898]]	0.8757251892275375	0.1242748107724632	[[-0.6217342179655683, 0.1489132298787772, -0.5984697312524845], [-0.6100602155244917, -0.023970117617999654, 0.6278109380563524], [0.09037534338834316, 0.862638331211902, 0.12075600970133617]]	0.8947524752871724	0.11688812036322387	[[-0.6547720574924791, 0.11759576822294021, -0.6383522846383831], [-0.6471291940536613, -0.02118933372929514, 0.6491609257824108], [0.0704081864539739, 0.8844110739230422, 0.09273156614743289]]	[[-0.019529132727316063, -0.034552968248340976, -0.026879324844970527], [-0.023813918177844163, 0.00330159371627562, 0.007709249219606242], [-0.02193078380332469, 0.0030298008660459576, -0.030648165205708268]]	0.17631775813847608	[[-0.6724515131252231, 1.0558110495884064e-16, -0.6724515131252232], [-0.6724515131252232, 1.2744766776098515e-16, 0.6724515131252231], [1.8988747535740268e-16, 0.9509900498999999, 0.0]]
6	[[0.2932727100912193, 0.7663848849828426, 0.5715289367876191], [0.00018149557078206424, 0.5977709472802035, -0.8016669268761718], [-0.9560288094901268, 0.235210762206075, 0.175170810260522]]	0.8534831791793334	0.14651682082069906	[[0.25030332497521157, 0.6540966081101661, 0.487790333962463], [0.00015490341676990642, 0.5101874485057685, -0.68420923739318], [-0.8159545077106676, 0.20074842910482546, 0.14950534004055355]]	0.8925117090761803	0.1592752969261218	[[0.20307444303218375, 0.6655322648952595, 0.5230837180545546], [-0.00047940218215061076, 0.5726727378067664, -0.7002580085029362], [-0.8328924427170005, 0.20287586814771577, 0.11923908185229162]]	[[-0.058674884676733596, -0.01847521861092976, 0.012987449895744041], [-0.0006413891042190022, 0.039155168013625265, 0.015239110513165344], [0.020374463967098702, -0.007052491221939304, -0.03710291739358625]]	0.32473673605495473	[[2.15391110102376e-16, 0.665726997993971, 0.6657269979939711], [2.829611319472537e-16, 0.6657269979939711, -0.665726997993971], [-0.941480149401, 2.950562665555496e-16, 0.0]]
6	[[-0.7797112461789556, 0.3586263663473402, 0.5132616310835669], [0.12556441147624647, -0.7135152995487305, 0.6892963773882098], [0.6134198816085799, 0.6018995320403472, 0.511305194748623]]	0.8502267687164401	0.14977323128356107	[[-0.6629313733706026, 0.3049137366360172, 0.43638877810231086], [0.10675822383523063, -0.6066498075650588, 0.586058231634725], [0.5215460038064834, 0.5117510942186017, 0.4347253635590517]]	0.851518628431852	0.1448760707324014	[[-0.6816583797193602, 0.30233680677968783, 0.447431816910152], [0.10388021061162009, -0.6252912980435615, 0.576568729022914], [0.5327184330151884, 0.5021486871514246, 0.45006540214292906]]	[[-0.017719728800166385, -0.0030402248118989476, 0.010379976783177737], [-0.003040224828486262, -0.01771972880668465, -0.010379976833738761], [0.010379976775021556, -0.010379976825344212, 0.014679504000499949]]	0.2873374245245406	[[-0.8036035736974856, 0.1378765757035145, 0.4707400747004999], [0.13787657570351447, -0.8036035736974855, 0.4707400747005], [0.4707400747004999, 0.4707400747005, 0.6657269979939711]]
6	[[0.23507429571004806, 0.1639243119487907, -0.9580547455383437], [0.7224674736879957, -0.6888480443340972, 0.059406407734983124], [-0.6502159833157828, -0.7061283111228478, -0.2803604524027675]]	0.8240684703026461	0.17593152969735407	[[0.1937173152732512, 0.1350848569930537, -0.7895027086219752], [0.5953626658854837, -0.5676579541653682, 0.048954947548342724], [-0.5358224907373679, -0.5818980771843966, -0.23103620914490636]]	0.8633948003909323	0.2009917355506286	[[0.12539786693038127, 0.09161168486330142, -0.8076267319421766], [0.6708643779004602, -0.6668458251099723, 0.023890438517556664], [-0.5513437018443001, -0.603143131542876, -0.15344892561323117]]	[[-0.07756405769123466, -0.049919713730945635, 0.019552753845487138], [0.04708971766667244, -0.07209800537245059, -0.027400745030731467], [0.010049397281624343, 0.0065243806894214685, 0.08861283122656773]]	0.2883070375329486	[[0.0, 0.0, -0.96059601], [0.6792439526517405, -0.6792439526517406, 0.0], [-0.6792439526517406, -0.6792439526517405, 0.0]]
6	[[0.312078085329446, 0.25026955923460475, -0.9165000907679297], [0.9493512559049828, -0.044986478459825396, 0.310979757648975], [0.036598655285933646, -0.9671304795508722, -0.25163301443761527]]	0.8302434246986683	0.1697565753013319	[[0.2591007783373223, 0.20778465595676443, -0.7609181740958068], [0.7881926379445346, -0.03734972794161838, 0.2581888990024473], [0.03038579290395958, -0.8029537214727812, -0.20891665567393514]]	0.8317251852320295	0.272573581769715	[[0.22231923423455852, 0.13303647150393366, -0.742147874166198], [0.7775806922151123, -0.058136508022607024, 0.1607361004262766], [0.09760365345173716, -0.8052803211363717, -0.1536707758068129]]	[[-0.03724396909293201, -0.0751190240084061, 0.020128333592929988], [-0.012018656952719697, -0.020720120892672073, -0.09791359610772889], [0.06716363010480084, -0.0008935438883806812, 0.0556187397368065]]	0.4008352131657624	[[0.0, 0.0, -0.941480149401], [0.941480149401, 1.688830754721742e-16, 0.0], [1.8798860060382868e-16, -0.941480149401, 0.0]]
