6	[[0.8875576111457726, 0.3128668588496867, -0.3381653671367607], [-0.3273769476023962, 0.9447770405743245, 0.014855227435465884], [0.3241385831334306, 0.09752267550242714, 0.9409694504536801]]	0.7643659839954254	0.23563401600457923	[[0.6784188467960635, 0.23914478442419915, -0.258482103604666], [-0.25023580269152207, 0.7221554322748791, 0.01135483053618426], [0.2477605070476674, 0.0745430158222787, 0.7192450399056658]]	0.7763576252328682	0.3635298927160959	[[0.5727615337920438, 0.29695677051233943, -0.1751947940963669], [-0.30025506888738546, 0.7293728375970049, -0.04156621591484251], [0.17519479409615582, 0.04156621591604773, 0.7684409131749286]]	[[-0.11630058545444613, 0.05406019896172997, 0.08734246726992949], [-0.0460934792908044, -0.004112021997814957, -0.05309918500893494], [-0.07645266655166078, -0.03414625684337226, 0.03791210520403214]]	0.4632791344804089	[[0.8587340256999999, 2.6912394886760447e-16, 0.0], [-2.3888098652603906e-16, 0.8587340256999999, 0.0], [0.0, 0.0, 0.8587340256999999]]
6	[[0.6569714475509829, -0.30708792903278176, -0.688538685147845], [0.5770443935784932, 0.7925721197384169, 0.19710201128598737], [0.4851889167555201, -0.5268077816962367, 0.6979006205770957]]	0.7713383378845317	0.2286616621154728	[[0.5067472643915678, -0.23686869276454486, -0.5310962849711409], [0.4450964634284225, 0.6113412614926478, 0.15203233777902972], [0.3742448126101977, -0.4063470387182139, 0.5383175046845255]]	0.7713383376758484	0.2286616622101846	[[0.506747264008476, -0.2368686942327868, -0.5310962845852839], [0.4450964646962385, 0.6113412610583087, 0.1520323375869974], [0.3742448123964032, -0.40634703844345277, 0.5383175060341548]]	[[-2.459936671214216e-10, -1.5323243672406863e-09, 2.421701860981861e-10], [1.3882348616131205e-09, -2.689445547626167e-10, -1.509026596871076e-10], [-1.1254372638537334e-10, 1.648226664806434e-10, 1.4952726189476216e-09]]	0.28372058592578286	[[0.4164860024645, -0.41648600246449985, -0.58900015322385], [0.58900015322385, 0.5890001532238501, 1.0565507662940427e-16], [0.4164860024644998, -0.4164860024644999, 0.5890001532238501]]
6	[[0.406855499873406, -0.3245501708658478, -0.8538944834191807], [-0.8488954288502084, 0.21093624421169652, -0.4846467288191305], [0.33740947393335186, 0.9220483108106712, -0.18968858540040373]]	0.7598025927226989	0.24019740727730074	[[0.30912986366730416, -0.24659406129246608, -0.6487912424135046], [-0.644992947790836, 0.16026990525123552, -0.36823584111135055], [0.25636459310376214, 0.7005746971695327, -0.1441258789971278]]	0.797134255908463	0.3051877084957047	[[0.2822609928918583, -0.24085420456363138, -0.682242705025906], [-0.6215031047682147, 0.15638482372228676, -0.33087282567788023], [0.3015938047766936, 0.7115217258463276, -0.06830449862947933]]	[[-0.04205746326199501, 0.017855854394480754, -0.001574161361215216], [0.055180521252391646, -0.01175968235152967, 0.055455683877827865], [0.032633154836365474, -0.0234745683033915, 0.0829027707480004]]	0.4786089264956862	[[0.6072166528080929, -9.533862873611908e-17, -0.607216652808093], [-0.607216652808093, 1.15083905256396e-16, -0.6072166528080929], [1.7146639563770262e-16, 0.8587340256999999, 0.0]]
6	[[-0.16743794764991254, 0.7773753727082936, -0.606343189615771], [-0.9312695185128573, 0.07714504854866044, 0.35606983215832233], [0.3235762932843136, 0.6242885321636675, 0.711028980445465]]	0.7924829058877763	0.2075170941122256	[[-0.13269171130948793, 0.6160566943294618, -0.48051661287196784], [-0.73801517419578, 0.061136132248694776, 0.28217925528779864], [0.25642868117834927, 0.49473799008147873, 0.5634783125938434]]	0.7935131788503084	0.20447158982067234	[[-0.13255503477597813, 0.6202817019950069, -0.48669039648512774], [-0.7432716482683411, 0.05731834108532629, 0.2859702033013633], [0.2561077650122594, 0.49905982364584406, 0.5645200495619559]]	[[0.0003091833238608062, 0.003424098837319084, -0.005549084618904371], [-0.004297012266792746, -0.003897271621065017, 0.0034240988927183927], [-0.0006542880723929697, 0.0036786459688439273, 0.000309183033985165]]	0.26029942052774147	[[-0.12198592585257499, 0.7109860790764249, -0.4164860024644998], [-0.710986079076425, 0.1219859258525747, 0.4164860024644999], [0.4164860024644998, 0.4164860024644999, 0.5890001532238501]]
6	[[-0.8598553706683427, -0.29151891260974605, 0.4191246415132833], [0.4738316458013455, -0.15002286318554503, 0.8677423073463686], [-0.19008501511164744, 0.9447274020120526, 0.2671288507772275]]	0.7565256211305087	0.2434743788695079	[[-0.650502618377256, -0.22054152643337704, 0.3170785297519324], [0.35846578015115155, -0.11349613975522112, 0.6564692880464258], [-0.14380418412494586, 0.7147104846062018, 0.2020898197561281]]	0.7907592758664496	0.3150347617435835	[[-0.6526244574585469, -0.14428527661433702, 0.41742581532999967], [0.35766089692921876, -0.06428545726857192, 0.6259965492197891], [-0.2040501950272756, 0.7143796250436864, 0.2085707338265624]]	[[0.02731415280102944, 0.08623600762232042, 0.08599911730917086], [-0.017025872187261284, 0.05434651338744099, -0.0601787293761075], [-0.05373870612452618, -0.03267233126255735, -0.002663882777074838]]	0.43842679378742055	[[-0.6259965492866937, 9.82872461197104e-17, 0.6259965492866938], [0.6259965492866938, -1.186432012952536e-16, 0.6259965492866937], [1.7676948003886869e-16, 0.8852928099999999, 0.0]]
6	[[0.1500697479079782, -0.48793689800337037, 0.859881767645811], [0.7237996175280507, -0.5382464804175793, -0.4317462680606933], [0.6734932697726708, 0.6871741481494608, 0.2723940265240403]]	0.8083821482011496	0.19161785179885052	[[0.12131370519385647, -0.39443947779456967, 0.6951130705285226], [0.5851066896844964, -0.43510884610167055, -0.3490159756527324], [0.5444399362178474, 0.5554993140693564, 0.22019846831866466]]	0.8184542037522341	0.19599512362911956	[[0.10730414122707599, -0.3770804572704215, 0.7199395610432349], [0.6213664455659441, -0.42960045056287527, -0.33807059958305424], [0.5512233978978753, 0.5861541066677493, 0.19231424736399289]]	[[-0.015521074804245605, 0.022273548066260952, 0.016165713583622055], [0.028969605925852224, 0.010929643989739135, 0.015293948465559537], [5.359633265990821e-11, 0.023733536404959413, -0.03062778872160614]]	0.3174758166256082	[[0.0, -0.6072166528080929, 0.607216652808093], [0.6072166528080929, -0.42936701285000006, -0.42936701284999995], [0.607216652808093, 0.42936701284999995, 0.42936701284999984]]
6	[[-0.9506790929980296, 0.17724456833992716, -0.25454591949280275], [0.013897849357551978, -0.7954843399685079, -0.6058147527488101], [-0.30986466710433175, -0.579473060511755, 0.7537870125051647]]	0.8045948525264617	0.19540514747354387	[[-0.7649115046307369, 0.14261006732458453, -0.20480633655552324], [0.011182138054278515, -0.6400426052040743, -0.487435431646286], [-0.2493155161319687, -0.46624104166551256, 0.6064931501629552]]	0.8147849305929099	0.2859718950918679	[[-0.7588644556113425, 0.10987064909330886, -0.11910813029937872], [0.022301252414947792, -0.6843614306610499, -0.5103855686503852], [-0.15538056204810854, -0.4228161719872657, 0.574490781580795]]	[[0.015734543193186613, -0.03454555421950879, 0.08829204904727297], [0.010977494190764072, -0.03621277793206239, -0.016776837379785223], [0.09709249923168958, 0.049329745402265666, -0.03968351708506231]]	0.29882140244876476	[[-0.710986079076425, 0.12198592585257485, -0.4164860024644998], [0.12198592585257484, -0.7109860790764249, -0.4164860024644999], [-0.4164860024644998, -0.4164860024644999, 0.5890001532238501]]
6	[[0.6438892552647056, -0.6636492387928785, 0.380757553837473], [-0.15091110836074634, -0.5980263899765946, -0.7871405683007917], [0.7500883043535569, 0.4493708098454942, -0.48521480905966874]]	0.7572078929144966	0.2427921070855125	[[0.48755802624927874, -0.502520441740672, 0.2883126250525498], [-0.114271082379229, -0.452830302661444, -0.596029051150561], [0.5679727844393592, 0.3402671240603814, -0.36740848317897734]]	0.7635403591916349	0.35866660238404136	[[0.4026153924873827, -0.536889901774649, 0.2918605323296925], [-0.08586361803199744, -0.48915429533180776, -0.6283850397796129], [0.5719188730395037, 0.2705958967098538, -0.23285963919858502]]	[[-0.08902004075706473, -0.030166923609479444, 0.001136772907700136], [0.029363103851774628, -0.03253701072300203, -0.027371447524918668], [-0.0008038202920556359, -0.07251685284981065, 0.13762145039593485]]	0.4393476960455599	[[0.607216652808093, -0.6072166528080929, 0.0], [-0.42936701284999995, -0.42936701285000006, -0.6072166528080929], [0.42936701284999984, 0.42936701284999995, -0.607216652808093]]
6	[[0.39514561495520173, 0.8903073900525152, 0.22630221872432854], [-0.7137866099724287, 0.4526453451835295, -0.5344350913887965], [-0.5782461572771092, 0.04964818930798781, 0.814350317058141]]	0.7768971633768743	0.223102836623126	[[0.30698750737950625, 0.6916772858652677, 0.17581355179282362], [-0.5545387925439749, 0.3516588846888304, -0.41520110650901626], [-0.44923779932216423, 0.03857153744017397, 0.6326664513175273]]	0.7882221474868952	0.3308047515945665	[[0.26133090793146996, 0.7342196137896602, 0.14726381163023014], [-0.5482661652075412, 0.35608826617394734, -0.3598888025052862], [-0.34884108795943125, 0.12676179187303074, 0.6209472700036307]]	[[-0.05013161725854895, 0.03245961087901353, -0.031112609193709284], [0.014356249352317559, -0.0006968198565614064, 0.06136477292154632], [0.10694533990557664, 0.08762798947785255, -0.020941685714571088]]	0.36997874500676153	[[0.4164860024645, 0.58900015322385, 0.4164860024644998], [-0.41648600246449985, 0.58900015322385, -0.4164860024644999], [-0.58900015322385, 9.24784698740355e-17, 0.5890001532238501]]
6	[[0.5403191569681028, 0.6036400661371987, -0.5862370503193712], [0.4146608078153325, 0.41521567174819174, 0.8097236321095203], [0.7321964374914798, -0.6805987191352745, -0.02595689573522414]]	0.810773796958422	0.18922620304158125	[[0.4380766144644064, 0.48941554841828727, -0.4753056392051417], [0.3361961176022857, 0.33664598673992274, 0.6565027036923995], [0.5936456857444004, -0.5518116077183423, -0.021045170912501857]]	0.877855496954352	0.1620226510772405	[[0.46144880182360387, 0.479438111490765, -0.5196740166460876], [0.3674650211788446, 0.3674650211781721, 0.6705764635403515], [0.6316471069566612, -0.6136577972902476, -6.676213180968419e-12]]	[[-0.012873340230586672, -0.05047063874966408, -0.005042599504922335], [0.0034527516666226434, 0.0029656613124287978, -0.04024387792083478], [-0.01111556054562763, -0.016190470477255175, 0.022786403598361187]]	0.19249267142674534	[[0.44264640499999985, 0.44264640499999997, -0.6259965492866938], [0.44264640499999997, 0.4426464050000001, 0.6259965492866937], [0.6259965492866938, -0.6259965492866937, 0.0]]
6	[[0.7682057170631343, 0.5541913911831843, 0.3205181402198053], [0.09030813392978146, -0.589450211148092, 0.8027408607536998], [0.6338015598100375, -0.5877247234172788, -0.5028670125057387]]	0.7595148598155683	0.24048514018443232	[[0.5834636575047257, 0.4209165967854914, 0.24343829033739223], [0.06859036968188353, -0.44769619448840026, 0.6096936123235743], [0.48138170285000936, -0.44638566091641807, -0.38193496850916947]]	0.7711631423570143	0.3410481881910965	[[0.5501656256148789, 0.41308829650732753, 0.23269255739272504], [0.036180534313628276, -0.5079266811909966, 0.5991737778200358], [0.4098980590998118, -0.39639814564635095, -0.3350470012809694]]	[[-0.04224630913215134, -0.0142836781847024, -0.014479218801606061], [-0.03346177002806008, -0.05336440409902839, -0.019870386857161727], [-0.07886634339407378, 0.056833498905024676, 0.05274550427064016]]	0.4289998400104442	[[0.607216652808093, 0.6072166528080929, 0.0], [0.42936701284999995, -0.42936701285000006, 0.6072166528080929], [0.42936701284999984, -0.42936701284999995, -0.607216652808093]]
6	[[-0.9377842524711256, -0.012787777579644166, -0.34698295139926694], [-0.21556114428834758, -0.7619772552868597, 0.6106750817731164], [-0.2722022940576928, 0.6474775171155194, 0.7118137227812147]]	0.7946321767117542	0.205367823288256	[[-0.7451935418271323, -0.010161579533427488, -0.27572381795226775], [-0.17129182130032933, -0.6054916449734433, 0.48526206949299594], [-0.21630070143299399, 0.5145064687974316, 0.5656300879469428]]	0.8085901319929595	0.29180633939332157	[[-0.7330656056750829, -0.013581036434868425, -0.1729519208902063], [-0.15310266301108516, -0.6492077621363275, 0.4533099165039355], [-0.140681680075897, 0.5312171692167077, 0.5396730409306678]]	[[0.025217486811463574, -0.003240965673847406, 0.10761506958103349], [0.021197951101582947, -0.03308047270829236, -0.04047592847179959], [0.07941840880499944, 0.007673238189796535, -0.03589251112739476]]	0.29884597312873107	[[-0.710986079076425, -0.12198592585257485, -0.4164860024644998], [-0.12198592585257484, -0.7109860790764249, 0.4164860024644999], [-0.4164860024644998, 0.4164860024644999, 0.5890001532238501]]
6	[[-0.28551340625994115, -0.7402800071091643, -0.6086605013636927], [-0.9037881084920453, 0.4192574902120425, -0.08596634137539147], [0.31882463799746885, 0.5255555802915186, -0.7887599015101034]]	0.7274637063376669	0.2725362936623336	[[-0.20770064072694921, -0.538526837699307, -0.4427784242233734], [-0.6574730471475329, 0.30499460773948023, -0.06253739331723192], [0.23193335282940414, 0.38232261032531256, -0.5737942013630735]]	0.7602238697720075	0.39920003997385	[[-0.11128669103938132, -0.5139866138857896, -0.3517036926737919], [-0.7618574461183808, 0.35866595654769073, 1.8276082495150124e-10], [0.2473792664598817, 0.2534785631428823, -0.5600830695371034]]	[[0.10576741553933781, 0.048791917833587675, 0.11101454905028514], [-0.07477615282663369, 0.039936404907791594, 0.06535366489330212], [0.005001166382786939, -0.14606133388660839, 0.039551035109895424]]	0.45312910612409973	[[-1.663224037685715e-16, -0.5890001532238501, -0.58900015322385], [-0.8329720049289998, 1.0565507662940429e-16, 1.0565507662940427e-16], [0.0, 0.58900015322385, -0.5890001532238501]]
6	[[-0.3165369632697661, -0.9278010874929129, 0.1974575724831094], [-0.8157660753724355, 0.3724826131232639, 0.4424730649342605], [-0.48407650341181413, -0.021020108654157543, -0.8747731670991965]]	0.7462539734945257	0.25374602650547473	[[-0.23621696659795388, -0.6923752481541275, 0.14735349806210352], [-0.6087686751887152, 0.2779666301008599, 0.33019728287149336], [-0.3612440141464026, -0.015686339606451705, -0.6528029518541661]]	0.772771051244005	0.36422201250524283	[[-0.19347084935825162, -0.7924182260916259, 0.10943309394716798], [-0.586110409139446, 0.30290394330644466, 0.20630781695483733], [-0.25163648864023735, -1.7165623505482378e-12, -0.6662486588672097]]	[[0.05113975250531059, -0.07544040436439647, -0.04315640191669383], [0.04428999849530704, 0.01506016279306613, -0.13562255858156788], [0.12244381978383237, 0.016243731460219964, 0.009750721072084037]]	0.4609949276598452	[[-1.663224037685715e-16, -0.8329720049289998, 0.0], [-0.5890001532238501, 1.1163138809870408e-16, 0.58900015322385], [-0.58900015322385, 9.24784698740355e-17, -0.5890001532238501]]
6	[[0.388721369236936, 0.6072553768335828, 0.6929189017520486], [-0.1881814353775204, -0.6838834560027736, 0.704905075868346], [0.9019331707381749, -0.4044061398055253, -0.1515659249626253]]	0.7975111387111242	0.20248886128887686	[[0.3100096218214963, 0.48429292706700344, 0.5526105423707376], [-0.15007679081222014, -0.5454046737424709, 0.5621696497390164], [0.7193017500367355, -0.32251840105807456, -0.12087551340674794]]	0.8554593194096425	0.2359596230537921	[[0.3128607252681699, 0.5227275122231437, 0.5800977818880956], [-0.18475524342030125, -0.5854239754263291, 0.580097781732004], [0.6929971766791861, -0.3075345317041687, -0.10894762386430037]]	[[-0.01967459269924348, 0.0032452408492416635, -0.012666150210788873], [-0.023773680786717908, -0.0003894995986818739, -0.022919834718733482], [-0.07856995971347457, 0.03841846941894683, 0.020710859149920203]]	0.3847570561302176	[[0.45633649999999987, 0.4563365, 0.64535726730587], [-0.4563365, -0.4563365000000001, 0.6453572673058698], [0.64535726730587, -0.6453572673058698, 0.0]]
6	[[0.312078085329446, 0.25026955923460475, -0.9165000907679297], [0.9493512559049828, -0.044986478459825396, 0.310979757648975], [0.036598655285933646, -0.9671304795508722, -0.25163301443761527]]	0.7550827217696102	0.2449172782303923	[[0.23564477007520512, 0.18897421996294564, -0.6920333830391434], [0.71683873022413, -0.03396851259827506, 0.23481544182084285], [0.02763501224641065, -0.7302635148056229, -0.19000374142864757]]	0.7849113315268476	0.3219325462217976	[[0.1972142191545401, 0.11712617887992163, -0.6956155997740099], [0.7249042170357761, -0.04953590435426339, 0.14446835802464472], [0.08783756157312293, -0.7522463961483965, -0.13443466545486513]]	[[-0.04773940634174434, -0.07931323409954912, 0.023755706815122492], [-0.020252341323289236, -0.014225507645658022, -0.09962317762950867], [0.05911086232054881, 0.006865276316077458, 0.06307493896347792]]	0.4012701431967119	[[0.0, 0.0, -0.8852928099999999], [0.8852928099999999, -1.588041686713489e-16, 0.0], [-1.7676948003886869e-16, -0.8852928099999999, 0.0]]
6	[[-0.010871777499557311, -0.0840287307277911, 0.9964040229075135], [0.9413747147740295, -0.3368748437119881, -0.018137972823285553], [0.33718756032528074, 0.9377923608594283, 0.08276495076773299]]	0.7999062495560356	0.20009375044396477	[[-0.008696402765678781, -0.06721510685142101, 0.7970298050064953], [0.7530115175217763, -0.26946829280343193, -0.014508677815623977], [0.2697184367767446, 0.7501459702373666, 0.06620420136330746]]	0.8765925102521046	0.18139095187686075	[[0.002684107999762793, -0.03532754528498105, 0.8908558808791155], [0.8108993865170394, -0.2718402820194977, -0.003795901942110108], [0.2729520759895539, 0.7793677431876408, 0.03264343734800457]]	[[0.012214226729002185, 0.038331410716991525, 0.017415577213323194], [-0.01430263779458572, 0.02346168287077922, 0.012103709185937981], [-0.022624013941766802, -0.042694016513372846, -0.039907698606374484]]	0.3481219667161442	[[0.0, 0.0, 0.912673], [0.912673, -1.6371563780551434e-16, 0.0], [1.8223657735965844e-16, 0.912673, 0.0]]
6	[[0.2932727100912193, 0.7663848849828426, 0.5715289367876191], [0.00018149557078206424, 0.5977709472802035, -0.8016669268761718], [-0.9560288094901268, 0.235210762206075, 0.175170810260522]]	0.7870280374909604	0.21297196250906003	[[0.23081384547275902, 0.6031663919907949, 0.4498092974892434], [0.0001428421028931908, 0.47046249550706215, -0.6309343481807491], [-0.7524214777178339, 0.1851174645757942, 0.13786433902502987]]	0.8486003345026266	0.21308918771969623	[[0.1848562302754701, 0.621395510153396, 0.4919493546033137], [-0.004760168181303333, 0.5399297340322494, -0.651956814612859], [-0.7799756673670201, 0.1828845040553769, 0.11107471456765633]]	[[-0.06401508960843043, -0.02895895960080197, 0.006949707667409494], [-0.004914185383379736, 0.03266110821431603, 0.028338007693952685], [0.03131070016044913, -0.016715427431316116, -0.0375752936145188]]	0.32639471985126367	[[0.0, 0.6453572673058698, 0.64535726730587], [0.0, 0.64535726730587, -0.6453572673058698], [-0.912673, 0.0, 0.0]]
6	[[-0.7797112461789556, 0.3586263663473402, 0.5132616310835669], [0.12556441147624647, -0.7135152995487305, 0.6892963773882098], [0.6134198816085799, 0.6018995320403472, 0.511305194748623]]	0.767532818824202	0.23246718117579837	[[-0.5984539706486652, 0.2752575058672546, 0.39394514649987783], [0.09637480668436534, -0.5476464091368328, 0.5290575915420839], [0.4708198908538411, 0.46197764447589545, 0.392443517404868]]	0.7869401324952651	0.33610188606047053	[[-0.6301340823539476, 0.3381270829538538, 0.36129145920934974], [0.17000858541308037, -0.6036367677207406, 0.4416256045744499], [0.36409907242353173, 0.434847426677031, 0.3795945188663802]]	[[-0.016548010977831512, 0.05590960270418246, -0.04261471676028828], [0.0711969108092729, -0.04214294335646422, -0.10080937797593426], [-0.11862565048475382, -0.03881147081563796, -0.022772058834618403]]	0.31291481052081277	[[-0.710986079076425, 0.12198592585257485, 0.4164860024644998], [0.12198592585257484, -0.7109860790764249, 0.4164860024644999], [0.4164860024644998, 0.4164860024644999, 0.5890001532238501]]
6	[[0.5035622894699279, 0.5369873573117416, 0.6768083914308072], [0.7236893469787391, 0.16572605027924595, -0.6699317915492047], [-0.4719096838308055, 0.8271514095654997, -0.3051586406453477]]	0.7581778724495973	0.2418221275504032	[[0.3817897852761581, 0.4071319320989478, 0.5131411462710432], [0.5486852494067787, 0.12564982421019377, -0.507927460403123], [-0.3577914800752021, 0.6271278958980556, -0.23136452892410106]]	0.7983239988001266	0.31365815724064305	[[0.4516891060862058, 0.3853950527132275, 0.5176587911399018], [0.5638483106349458, 0.20647321702895965, -0.5176587908667833], [-0.33920553319362534, 0.5915765507086255, -0.15936751369824656]]	[[0.04968324551162635, -0.04329484168099475, -0.02265359032862207], [-0.013890262734174, 0.07417013386468116, 0.01716383588610982], [0.037531292674686786, -0.06875827018886563, 0.08424795257015837]]	0.39809749033116526	[[0.44264640499999985, 0.44264640499999997, 0.6259965492866938], [0.44264640499999997, 0.4426464050000001, -0.6259965492866937], [-0.6259965492866938, 0.6259965492866937, 0.0]]
6	[[-0.3298322266022023, -0.8762827350930389, 0.35119691125136165], [0.9222848180711871, -0.37850758052406547, -0.0782478487960887], [0.201497932123461, 0.2980949172053785, 0.9330262609842703]]	0.7783386296669559	0.22166137033304484	[[-0.2567211632735585, -0.6820447032331277, 0.27335012264665187], [0.7178499014601649, -0.294607071543656, -0.0609033234063348], [0.15683362436970003, 0.23201878936831916, 0.7262103814177813]]	0.8108375211373481	0.30705532101763455	[[-0.2030722606026156, -0.6715079285240032, 0.18505750286798736], [0.7988182525135654, -0.33747276693615647, -0.005013516039833856], [0.13232384002421815, 0.132323840033892, 0.7535465467071716]]	[[0.06436808440672619, 0.039014992214291874, -0.0997061300821599], [0.05099511684611454, -0.030564618612327888, 0.0584327757123167], [-0.031058243773070617, -0.1093827036965601, -0.0029861539053624487]]	0.5004454016113771	[[-1.7146639563770262e-16, -0.8587340256999999, 0.0], [0.8587340256999999, -1.5404004361120843e-16, 0.0], [0.0, 0.0, 0.8587340256999999]]
6	[[-0.7789526709276531, -0.6132277320749256, -0.13108960702099365], [0.4894249346840115, -0.725216103161197, 0.48427764456480876], [-0.3920407756397623, 0.31307084235030797, 0.8650379632743539]]	0.7866028277798307	0.21339717222018506	[[-0.6127263736583487, -0.48236666812315926, -0.10311545557525789], [0.3849830376083989, -0.5704570374980781, 0.38093416464523394], [-0.30838038272323254, 0.24626240988816483, 0.6804413080484966]]	0.7881072047244111	0.20782366676320888	[[-0.6172193925576243, -0.4992541760108478, -0.10331266378316539], [0.38806774633498065, -0.5738964650635632, 0.3909853226183562], [-0.31926553275295977, 0.24438495758357273, 0.6850638315769284]]	[[-0.0033211804602159933, -0.015964982225787273, -2.5428651730767115e-11], [0.0023484291387369464, -0.002348429180060539, 0.009322621849863601], [-0.010295372925517236, -0.0023484288618451136, 0.0033211803602822836]]	0.3274105342807696	[[-0.607216652808093, -0.6072166528080929, 0.0], [0.42936701284999995, -0.42936701285000006, 0.6072166528080929], [-0.42936701284999984, 0.42936701284999995, 0.607216652808093]]
6	[[-0.7357259517984016, -0.6355984379310936, 0.23392723131326343], [-0.6762908134220847, 0.6707859050452003, -0.3044289823153933], [0.03657949604943121, -0.38217914031543476, -0.9233639830405582]]	0.7861810602371947	0.21381893976280872	[[-0.5784138088288852, -0.4996954538177689, 0.18390915873221206], [-0.5316870287248522, 0.5273591740206028, -0.23933630008364662], [0.028758106987085322, -0.3004620017337279, -0.7259312751716643]]	0.8260314076634606	0.27461768334790543	[[-0.6671273782038075, -0.4959761649225063, 0.12937114254444032], [-0.5898543972785698, 0.5004218587914077, -0.18401139136844005], [0.035492910182953606, -0.2228970284257394, -0.7205635576843169]]	[[-0.05939463458523395, 0.029048107470411193, -0.06386009762807071], [-0.031216944677658325, -0.05366836659388745, 0.06745650942709905], [0.005277097569621976, 0.09279494482863002, 0.042164093012414985]]	0.3854552085629424	[[-0.64535726730587, -0.6453572673058698, 0.0], [-0.6453572673058698, 0.64535726730587, 0.0], [0.0, 0.0, -0.912673]]
6	[[-0.2538643033432252, 0.48696402069590106, -0.8357146391177678], [-0.8713143736524561, 0.26000688613899875, 0.4161822694768838], [0.4199573523045962, 0.8338239992396379, 0.35829228366981253]]	0.7491433391488039	0.2508566608512052	[[-0.19018075189722866, 0.3648058525094547, -0.6260700553242138], [-0.6527393593263496, 0.1947824268838523, 0.3117801750504363], [0.31460825320555985, 0.6246536950528009, 0.26841227777965365]]	0.7809911430914129	0.3418767991286399	[[-0.21470632865169031, 0.35417917877251065, -0.6282907493932252], [-0.6788293264549665, 0.2147063282204464, 0.30364060158956435], [0.303640601669471, 0.6282907493109112, 0.13947285047196534]]	[[-0.01644055619355959, -0.026135408395170104, 0.024394981909588165], [0.0016594822158416103, 0.011643253003112353, -0.021394064783564103], [-0.024342370956540595, -0.022918408992306433, -0.1403502497121564]]	0.4572462407848096	[[0.0, 0.58900015322385, -0.5890001532238501], [-0.58900015322385, 0.4164860024645, 0.4164860024644999], [0.5890001532238501, 0.4164860024644999, 0.4164860024644998]]
6	[[-0.7099649817244492, 0.17004561671924806, -0.6833990144561036], [-0.6966343129430994, -0.02737173477805739, 0.7169040536679481], [0.1032005753632168, 0.9850559762621669, 0.13789258455366898]]	0.7937282666991361	0.20627173330086582	[[-0.5635192743612335, 0.13497001261835506, -0.5424331152081397], [-0.5529383457354704, -0.02172571960193327, 0.5690270119074453], [0.08191321380539776, 0.7818667726401947, 0.10944924212844806]]	0.8096475480957871	0.1972357664211799	[[-0.5924930144193895, 0.10641057462616212, -0.5776350178634301], [-0.5855771066583411, -0.019173897865643833, 0.5874155888633107], [0.0637112681097787, 0.800289776145184, 0.08391134671108963]]	[[-0.01767160773231545, -0.03126644201501071, -0.02432268143796596], [-0.02154884326457159, 0.002987560084537654, 0.006975979591127351], [-0.01984482469512516, 0.0027416202274197776, -0.02773304627338164]]	0.21414763847876508	[[-0.6072166528080929, 9.533862873611908e-17, -0.607216652808093], [-0.607216652808093, 1.15083905256396e-16, 0.6072166528080929], [1.7146639563770262e-16, 0.8587340256999999, 0.0]]
6	[[0.4709175022496733, 0.19115318190370978, 0.8612184201020178], [0.8821529167293078, -0.0947858233539779, -0.46132621776469945], [-0.006552677384344174, 0.9769729314260427, -0.21326264014097962]]	0.7787893005748735	0.221210699425127	[[0.36674551220548846, 0.1488680528374521, 0.670707691033448], [0.6870112530197022, -0.07381818507425826, -0.3592759224698225], [-0.005103155037046139, 0.7608560659458716, -0.16608666235414413]]	0.8230840387526306	0.2721887562882448	[[0.41055997221715795, 0.09610586730583962, 0.6330748938624253], [0.7291807611547962, -0.05251058940294427, -0.358049382814941], [-4.141877103785175e-12, 0.7813838042138506, -0.11785646560380567]]	[[0.022955292546195678, -0.06122926567588221, -0.07578024160330274], [0.0030947756558247293, 0.025506108899741302, 0.02166086368530335], [0.005393404162007159, -0.022747021936293646, 0.05767660955848069]]	0.35944855664847003	[[0.6259965492866937, -9.82872461197104e-17, 0.6259965492866938], [0.6259965492866938, -1.186432012952536e-16, -0.6259965492866937], [1.7676948003886869e-16, 0.8852928099999999, 0.0]]
6	[[0.23507429571004806, 0.1639243119487907, -0.9580547455383437], [0.7224674736879957, -0.6888480443340972, 0.059406407734983124], [-0.6502159833157828, -0.7061283111228478, -0.2803604524027675]]	0.7556948857754486	0.24430511422455176	[[0.17764444304534888, 0.12387676419396039, -0.7239970714962246], [0.5459649750051269, -0.5205589441796967, 0.04489311850761786], [-0.4913648932411916, -0.5336175534167914, -0.21186696005446262]]	0.8267317751234465	0.24549696512666516	[[0.1212080217761875, 0.10438276980590318, -0.7547447999378982], [0.634465944668339, -0.6391592118859322, 0.016991234670105628], [-0.524989190051298, -0.5470744095011142, -0.154422793676581]]	[[-0.07313536800207443, -0.031138667597410144, 0.03730950050645855], [0.03717912767731019, -0.0696666454032894, -0.03212193025034409], [0.012565024048996797, 0.036704302618398424, 0.07736010081277159]]	0.2917617739738271	[[0.0, 0.0, -0.912673], [0.6453572673058698, -0.64535726730587, 0.0], [-0.64535726730587, -0.6453572673058698, 0.0]]
6	[[-0.22702687951129652, -0.2600962815277815, 0.9385141023526418], [0.7861776675639859, -0.6177088015181534, 0.01898714171901844], [0.574789936414178, 0.742149419498815, 0.3447183896089062]]	0.7891544411655443	0.21084555883445635	[[-0.1791592702302946, -0.20525613569829249, 0.7406325719680817], [0.620415597903288, -0.4874676440650964, 0.014983787212602979], [0.45359803105850954, 0.5856705104059198, 0.2720360481113025]]	0.8181951307425455	0.27292914186394346	[[-0.12223223415496345, -0.12223223416667407, 0.7643120649255861], [0.6979633034166668, -0.5775070314986134, -2.6153897467131745e-12], [0.4552747973479295, 0.575731069256184, 0.17286248331671292]]	[[0.0635200532088539, 0.09057727690359886, -0.0035756037525562843], [0.05471656391728223, -0.07210069787964657, -0.01553518690383518], [-0.0150155298259681, -0.031491972061152916, -0.10918442453870592]]	0.3646009329933191	[[0.0, 0.0, 0.9409], [0.6653167704184225, -0.6653167704184226, 0.0], [0.6653167704184226, 0.6653167704184225, 0.0]]
6	[[-0.04368688083802902, -0.7928421645001731, 0.6078591601952907], [-0.07099332237196321, 0.6093655773994191, 0.7897047177643444], [-0.9965196458782106, -0.008654205414294847, -0.08290778074109101]]	0.8292363029018216	0.17076369709817857	[[-0.0362267475514392, -0.6574535052748015, 0.504058882685349], [-0.05887024017444421, 0.5053080585183284, 0.6548518205430311], [-0.8263502669170797, -0.0071763813023027435, -0.06875014158353694]]	0.8822776574757684	0.16457193488877983	[[-0.013077288688038768, -0.684135395427036, 0.5307996214201944], [-0.030105859412877307, 0.5438769101044448, 0.6540295360205991], [-0.8738939381163683, -2.7710694096408186e-12, -0.03552264974414043]]	[[0.02546667020016051, 0.015371532216194448, -0.005500934512094043], [0.03252996274588044, 0.006247275930116217, -0.04270929246608887], [0.005313080677641627, 0.007635412077467098, 0.03762503283462398]]	0.17115919050263106	[[0.0, -0.6453572673058698, 0.64535726730587], [0.0, 0.64535726730587, 0.6453572673058698], [-0.912673, 0.0, 0.0]]
6	[[-0.3901123425915053, -0.19274962118636868, 0.9003665607352815], [0.8924450663689159, 0.1615093954769425, 0.42125588267281683], [-0.22661457073972407, 0.9678648142716957, 0.10901163985220427]]	0.7741071694976636	0.22589283050233702	[[-0.30198876130961316, -0.14920886367832656, 0.6969802098411347], [0.6908481242589972, 0.12502558097993433, 0.3260971989700941], [-0.1754239639222561, 0.7492310918322437, 0.08438669196828832]]	0.8363619606439019	0.2278001761682257	[[-0.3034009127123821, -0.15013165031149647, 0.72972325857844], [0.6956795583642246, 0.13023163922429412, 0.357344623883807], [-0.18417535048773676, 0.8014523201719309, 0.0199000111490908]]	[[0.022874211008834914, 0.01107680077730408, -0.023309083456327512], [-0.050727547111059534, -0.00484867543921288, 0.005022227918792168], [0.0053564562066149984, -0.008032993530590048, -0.07127317769070567]]	0.42659677331920093	[[-0.6259965492866937, 9.82872461197104e-17, 0.6259965492866938], [0.6259965492866938, -1.186432012952536e-16, 0.6259965492866937], [1.7676948003886869e-16, 0.8852928099999999, 0.0]]
6	[[-0.8451655046892217, 0.03102096411427288, 0.5336037569853065], [0.3597306106374598, 0.7713925264558512, 0.5249261451846907], [-0.3953342351148118, 0.635603075758354, -0.6631135442989435]]	0.7651123201849696	0.2348876798150305	[[-0.6466465402330716, 0.023734521827846407, 0.40826680856644515], [0.27523432214638216, 0.5902019256899822, 0.40162746086801127], [-0.3024750938772434, 0.486307744010177, -0.5073563424246428]]	0.7695733652264647	0.35789751677222503	[[-0.6237488927434984, 0.0029016784292693314, 0.28179114595159477], [0.2609355323098534, 0.6514769750763435, 0.3553286399919599], [-0.22360283623250807, 0.4958076464708095, -0.4777688655200316]]	[[0.026667968873509296, -0.020971229316721043, -0.12885609300907225], [-0.015903564293387747, 0.05783383258116938, -0.048640540053178534], [0.08063586147402792, 0.006664448511161448, 0.03254565629335434]]	0.27669176560826436	[[-0.710986079076425, -0.12198592585257485, 0.4164860024644998], [0.12198592585257484, 0.7109860790764249, 0.4164860024644999], [-0.4164860024644998, 0.4164860024644999, -0.5890001532238501]]
6	[[-0.20892554660170207, -0.8722728212278597, 0.4421427838655412], [-0.9769286190798419, 0.16569047850232185, -0.13474842691632785], [0.04427854107729115, -0.4600943280250934, -0.8867652564908058]]	0.767561944744376	0.23243805525562491	[[-0.16036329885638598, -0.6695234230093199, 0.33937197503852734], [-0.7498532307373622, 0.12717770590486693, -0.10342776461514148], [0.03398652309972896, -0.35315089718479703, -0.6806472648038275]]	0.7753072342512806	0.33816708813639185	[[-0.1746835182529897, -0.5888314205354274, 0.28884654642016344], [-0.8237902613759892, 0.0984747943778509, -0.05388770546845614], [0.05388770547049206, -0.28884654632222695, -0.6072999975497118]]	[[-0.012702030552786934, 0.0874480080033064, -0.05394995248279112], [-0.06637043565627435, -0.029986232251555445, 0.05058372472375268], [0.0195582322511757, 0.06786791463360964, 0.0802155208903021]]	0.3815346392744364	[[-1.663224037685715e-16, -0.5890001532238501, 0.58900015322385], [-0.8329720049289998, 1.0565507662940429e-16, -1.0565507662940427e-16], [0.0, -0.58900015322385, -0.5890001532238501]]
6	[[-0.09570001472736311, 0.5345101365068197, -0.8397263966034669], [0.9941363825171496, 0.008658117471247562, -0.10778631618888002], [-0.05034242879418521, -0.8451177142702161, -0.5322045554951473]]	0.7617836597236596	0.23821634027634062	[[-0.07290270745461877, 0.4071810879475586, -0.6396898475711502], [0.757316851738354, 0.006595612413564654, -0.08210985441449645], [-0.0383500396462125, -0.6437968652740597, -0.40542473400669665]]	0.7628067608918299	0.23366394807612662	[[-0.07300061829001897, 0.39340176360123846, -0.654875154943437], [0.778594235268028, 0.006604470548614941, -0.08222013071305842], [-0.038401545030292104, -0.6589876885139967, -0.3916430508160232]]	[[-3.853862846204937e-11, -0.014326182291378732, -0.01432618231497744], [0.020260281435399815, 4.95158423000618e-12, 7.443558017513819e-12], [1.362802690719921e-11, -0.014326182319225925, 0.014326182293106317]]	0.279388678561019	[[-1.663224037685715e-16, 0.5890001532238501, -0.58900015322385], [0.8329720049289998, 1.0565507662940429e-16, -1.0565507662940427e-16], [0.0, -0.58900015322385, -0.5890001532238501]]
6	[[-0.6282958732607286, -0.7138118081737849, -0.3093816383614419], [-0.5738327107911779, 0.1566825842932765, 0.8038448779492399], [-0.5253192511888238, 0.6825857237672436, -0.5080515860024072]]	0.750204046754548	0.24979595324545187	[[-0.47135010667938154, -0.5355045071131548, -0.2320993570903058], [-0.43049162179567396, 0.11754390879277665, 0.6030476804004361], [-0.3940966280799242, 0.5120785722270681, -0.3811423557790719]]	0.7518488647550422	0.2758258415023159	[[-0.5750875200339147, -0.5574397418898005, -0.16481912612883137], [-0.44960733476570985, 0.25912339841827964, 0.5932352809655179], [-0.4251495859979492, 0.48540287381089864, -0.48866944316071764]]	[[-0.10270398099255867, -0.020761144265596807, 0.06778910744927344], [-0.018171862598054297, 0.14132177529049433, -0.011134577959772766], [-0.03018890335766236, -0.02779842770150338, -0.10669143498780796]]	0.39026775154956245	[[-0.607216652808093, -0.6072166528080929, 0.0], [-0.42936701284999995, 0.42936701285000006, 0.6072166528080929], [-0.42936701284999984, 0.42936701284999995, -0.607216652808093]]
6	[[-0.5981897663743452, -0.7419171441245457, 0.3028662322859456], [0.7115509511219108, -0.6655993255599615, -0.22510615667197656], [0.3685976768273374, 0.0808485563767378, 0.9260665546111073]]	0.7856050964304014	0.21439490356959925	[[-0.4699409290961964, -0.582853889553332, 0.23793325562051237], [0.5589980535712724, -0.5228982223405437, -0.17684454391936516], [0.289572213447962, 0.06351503792860573, 0.7275226049362278]]	0.819300308619521	0.2771351804936469	[[-0.4867920403935911, -0.6442316676447692, 0.13395321247547615], [0.5745200401682982, -0.6455253895094685, -0.13212361337040393], [0.16282871403741048, 0.06241198588634536, 0.7495461696700311]]	[[0.003305019809949329, -0.03637872249341562, -0.11418518510683051], [-0.008453873684397149, -0.10019965666124778, 0.052305930263100826], [-0.13916347634366555, -0.0038272613045586294, -0.009180444325066062]]	0.3832067215566617	[[-0.64535726730587, -0.6453572673058698, 0.0], [0.6453572673058698, -0.64535726730587, 0.0], [0.0, 0.0, 0.912673]]
6	[[-0.9329322773960255, -0.042925561482400815, -0.35748393245583304], [-0.169270649991114, -0.8240132564325088, 0.5406936288463909], [-0.3177810769134181, 0.5649420761413629, 0.7614825262347359]]	0.8047854423707597	0.1952145576292411	[[-0.7508103155661197, -0.034545866986627295, -0.28769786472190595], [-0.1362265549334855, -0.6631538730974078, 0.4351423612781955], [-0.25574558456082175, 0.4546571586612821, 0.612830051733425]]	0.8060685088765193	0.1932652804629084	[[-0.7538339672231619, -0.032774305206545194, -0.2855732852177148], [-0.13697874973194782, -0.6673294054847608, 0.4376627462062532], [-0.2530350535210813, 0.45591702612037227, 0.6156337221788231]]	[[-0.0018266374999611284, 0.001826638130442763, 0.0025832551642299456], [-0.0005350092969779087, -0.0031182685777080186, 0.0018266390430485683], [0.003118265295633291, 0.0005350092033806337, 0.0018266377210909206]]	0.24805655488130474	[[-0.710986079076425, -0.12198592585257485, -0.4164860024644998], [-0.12198592585257484, -0.7109860790764249, 0.4164860024644999], [-0.4164860024644998, 0.4164860024644999, 0.5890001532238501]]
6	[[0.15665500554066836, 0.7010445100749366, 0.6956980696630148], [0.9690588098128995, 0.026938980891129116, -0.2453554858415722], [-0.1907465133706504, 0.7126085083707178, -0.6751332323583257]]	0.7811102796318273	0.21888972036817395	[[0.12236483518359638, 0.5475930732989902, 0.5434169137337994], [0.7569417979126385, 0.02104231489686649, -0.19164969215491406], [-0.14899406239774468, 0.5566258312414709, -0.5273535079161522]]	0.7817699120658401	0.216767285726511	[[0.11750746799884802, 0.5530162068449084, 0.5438758187097578], [0.7610887664185146, 0.024567830642185474, -0.18685083468275146], [-0.14561213903576048, 0.5606036368405967, -0.5327595495288404]]	[[-0.004960701907353932, 0.0049607018493855745, -3.507071096763392e-11], [0.0035077458844556706, 0.0035077459197839986, 0.004960701908485499], [0.0035077459488784346, 0.0035077459142501136, -0.004960701835344823]]	0.28205285819506976	[[1.663224037685715e-16, 0.5890001532238501, 0.58900015322385], [0.8329720049289998, -1.0565507662940429e-16, -1.0565507662940427e-16], [0.0, 0.58900015322385, -0.5890001532238501]]
