6	[[0.7682057170631343, 0.5541913911831843, 0.3205181402198053], [0.09030813392978146, -0.589450211148092, 0.8027408607536998], [0.6338015598100375, -0.5877247234172788, -0.5028670125057387]]	0.7964791390136636	0.20352086098633657	[[0.6118598281118198, 0.44140188209836734, 0.25528601236053117], [0.07192854475832301, -0.4694847966666549, 0.6393663496241938], [0.5048097206630152, -0.46811048168443775, -0.4005230851589435]]	0.7964791391529166	0.20352086093047106	[[0.6118598281690315, 0.44140188213250475, 0.25528601237273313], [0.07192854478598668, -0.46948479672474935, 0.6393663496575566], [0.5048097207075494, -0.4681104817212004, -0.4005230852090781]]	[[-4.976422887275739e-11, -4.303608357649197e-11, -3.243105747440326e-11], [1.5087962335070028e-11, 2.3988142784604977e-11, -7.842094237020864e-11], [-4.372498847356874e-11, 4.5079786491652743e-11, 1.9890356892491676e-11]]	0.4265561835138021	[[0.6391685250728273, 0.6391685250728272, 0.0], [0.45196039839999996, -0.4519603984000001, 0.6391685250728272], [0.45196039839999985, -0.45196039839999996, -0.6391685250728273]]
6	[[-0.9377842524711256, -0.012787777579644166, -0.34698295139926694], [-0.21556114428834758, -0.7619772552868597, 0.6106750817731164], [-0.2722022940576928, 0.6474775171155194, 0.7118137227812147]]	0.8367523269078535	0.16324767309214994	[[-0.7846931553927551, -0.01070020264575032, -0.2903387919806915], [-0.1803712890741954, -0.6375862414121385, 0.5109837956582974], [-0.22776590294242907, 0.5417783190669311, 0.5956117888621255]]	0.8367523274080413	0.16324767260032147	[[-0.7846931558804188, -0.01070020270671136, -0.29033879220770664], [-0.18037128910317404, -0.6375862418473431, 0.5109837959444677], [-0.22776590311853917, 0.5417783193216221, 0.5956117892742872]]	[[-1.8594060343312843e-11, -5.456756944981185e-11, -5.345874348983862e-11], [7.884126651473794e-11, -5.40722598755131e-11, -1.928322397680215e-11], [-3.9956757870059735e-11, -6.916893805525648e-11, 5.6123900615208024e-11]]	0.2798935086208609	[[-0.7561137677176853, -0.1297286131463146, -0.44292119043199984], [-0.12972861314631456, -0.7561137677176852, 0.44292119043199996], [-0.44292119043199984, 0.44292119043199996, 0.6263851545713707]]
6	[[0.8875576111457726, 0.3128668588496867, -0.3381653671367607], [-0.3273769476023962, 0.9447770405743245, 0.014855227435465884], [0.3241385831334306, 0.09752267550242714, 0.9409694504536801]]	0.7970345711702775	0.202965428829724	[[0.7074140999884854, 0.24936570267665198, -0.26952948838048796], [-0.2609307450433097, 0.75301996338568, 0.01184012982866323], [0.2583496566074952, 0.07772894384845508, 0.749985182426681]]	0.7977621158063812	0.1991801761895764	[[0.7080598378933562, 0.26117718079803315, -0.2697755188556698], [-0.27275277991453184, 0.7537073309874958, 0.0118509376756062], [0.2585854819699317, 0.07779989597903644, 0.7622536333297306]]	[[1.2564730729698457e-10, 0.01158385351641074, -7.620588241698068e-11], [-0.011583853529010164, 1.3363067353585955e-10, 5.904155795740518e-12], [7.492336283700515e-11, 3.1120954295335965e-11, 0.01158385362663451]]	0.462437883254912	[[0.8858423808639999, 2.7761960336678916e-16, 0.0], [-2.4642193684461516e-16, 0.8858423808639999, 0.0], [0.0, 0.0, 0.8858423808639999]]
6	[[0.1500697479079782, -0.48793689800337037, 0.859881767645811], [0.7237996175280507, -0.5382464804175793, -0.4317462680606933], [0.6734932697726708, 0.6871741481494608, 0.2723940265240403]]	0.8406528326026844	0.15934716739731591	[[0.1261565586668128, -0.4101855354379005, 0.722862043674855], [0.6084641987116958, -0.4524784284014631, -0.3629487232108594], [0.5661740249732394, 0.5776748941331803, 0.22898880998148508]]	0.8487479742847609	0.16425013977720626	[[0.0973062505880257, -0.40626435111104753, 0.7417694546041114], [0.6492008880403077, -0.4419466569208704, -0.3560781873091456], [0.5727439581288135, 0.5990147241588074, 0.21846636809218467]]	[[-0.030065143950296788, 0.007871102648109899, 0.011946546190328027], [0.034877428875289204, 0.014888952999454419, 0.010365583112368687], [0.001117909714841663, 0.015777057936099667, -0.012727510127358675]]	0.3071149258232686	[[0.0, -0.6391685250728272, 0.6391685250728273], [0.6391685250728272, -0.4519603984000001, -0.45196039839999996], [0.6391685250728273, 0.45196039839999996, 0.45196039839999985]]
6	[[0.6438892552647056, -0.6636492387928785, 0.380757553837473], [-0.15091110836074634, -0.5980263899765946, -0.7871405683007917], [0.7500883043535569, 0.4493708098454942, -0.48521480905966874]]	0.7944328067612442	0.2055671932387634	[[0.511526748303353, -0.5272247274791951, 0.30248629219064854], [-0.11988873538647539, -0.4750917835064032, -0.6253302909908377], [0.595894756946374, 0.3569949137421245, -0.38547056264339036]]	0.7944328076501543	0.20556719267147583	[[0.511526748661786, -0.5272247278865732, 0.30248629246453906], [-0.11988873550404974, -0.4750917839284586, -0.6253302914035502], [0.5958947575214214, 0.3569949140430648, -0.3854705629354878]]	[[-2.1393201983299767e-10, 1.8255282461664266e-10, -6.45675682474596e-11], [1.6569881205325415e-11, 1.0953914655500486e-10, 2.869841611132213e-10], [-9.170880105053858e-11, -9.850517981058701e-11, 1.392115424649536e-10]]	0.4375026100558617	[[0.6391685250728273, -0.6391685250728272, 0.0], [-0.45196039839999996, -0.4519603984000001, -0.6391685250728272], [0.45196039839999985, 0.45196039839999996, -0.6391685250728273]]
6	[[0.5403191569681028, 0.6036400661371987, -0.5862370503193712], [0.4146608078153325, 0.41521567174819174, 0.8097236321095203], [0.7321964374914798, -0.6805987191352745, -0.02595689573522414]]	0.8446483722922511	0.15535162770774893	[[0.4563796964514296, 0.5098635993131716, -0.49516417032966736], [0.3502425763746105, 0.3507112412923439, 0.6839317478678762], [0.6184485291253632, -0.5748666003018009, -0.021924449732516754]]	0.9060266781509873	0.1295837094626735	[[0.4762571135336928, 0.5034766067793417, -0.53635082833671], [0.37925730782207584, 0.37925730781933326, 0.700748762346046], [0.6605701272886384, -0.6333506340447576, -3.870782130546709e-11]]	[[-0.013286457395459375, -0.04343739714178699, -0.005204421026816462], [0.0035635535577456146, 0.003060832029088242, -0.032882450274494365], [-0.002819378725753326, -0.016710037392808328, 0.02351763997938883]]	0.17584971969047686	[[0.46118407999999983, 0.46118407999999994, -0.6522127806865584], [0.46118407999999994, 0.46118408000000005, 0.6522127806865583], [0.6522127806865584, -0.6522127806865583, 0.0]]
6	[[0.6569714475509829, -0.30708792903278176, -0.688538685147845], [0.5770443935784932, 0.7925721197384169, 0.19710201128598737], [0.4851889167555201, -0.5268077816962367, 0.6979006205770957]]	0.8109422340818896	0.1890577659181154	[[0.5327658934050048, -0.24903057122942035, -0.5583650995856019], [0.4679496696929724, 0.6427302054516877, 0.15983834537429004], [0.3934601841054914, -0.4272106794204724, 0.5659570884179329]]	0.8115279293786456	0.18435400633138627	[[0.5331506784318897, -0.2656787877278382, -0.5587683734011031], [0.4847559983824423, 0.6431944111466712, 0.15995378704282753], [0.3937443569727491, -0.42751922822996263, 0.5828342020722325]]	[[-6.005111563196446e-11, -0.01646835654268927, 5.40228703115994e-11], [0.016468356502131055, -6.788947794075724e-11, -5.245634927253163e-11], [6.743721591179412e-13, 3.05411137196314e-11, 0.016468356543228056]]	0.2626205347375292	[[0.44292119043200007, -0.4429211904319999, -0.6263851545713707], [0.6263851545713707, 0.6263851545713707, 1.1236121271535108e-16], [0.44292119043199984, -0.44292119043199996, 0.6263851545713707]]
6	[[-0.16743794764991254, 0.7773753727082936, -0.606343189615771], [-0.9312695185128573, 0.07714504854866044, 0.35606983215832233], [0.3235762932843136, 0.6242885321636675, 0.711028980445465]]	0.8373652258263211	0.1626347741736852	[[-0.14020671484576377, 0.6509471045197023, -0.5077307019008576], [-0.779812710674691, 0.0645985809993273, 0.29816049541519135], [0.27095153589806714, 0.5227575077160157, 0.5953909427797717]]	0.8394109420446926	0.15789604170219562	[[-0.13775104401159097, 0.664296728585978, -0.5081515339070283], [-0.7845160251796484, 0.06557597205101975, 0.3106482479144573], [0.282553241587677, 0.5212364235954844, 0.5996437076100077]]	[[0.002798201359252379, 0.011759334658564831, 0.0008195740907301093], [-0.002798201347264277, 0.0008195741747051099, 0.01175933466874437], [0.010939760418561918, -0.002798201295717054, 0.002798201313202914]]	0.23541289119641198	[[-0.12972861314631473, 0.7561137677176852, -0.44292119043199984], [-0.7561137677176853, 0.12972861314631443, 0.44292119043199996], [0.44292119043199984, 0.44292119043199996, 0.6263851545713707]]
6	[[-0.8598553706683427, -0.29151891260974605, 0.4191246415132833], [0.4738316458013455, -0.15002286318554503, 0.8677423073463686], [-0.19008501511164744, 0.9447274020120526, 0.2671288507772275]]	0.7924026566629266	0.20759734333707386	[[-0.6813516800634798, -0.23100036081945016, 0.3321154794080222], [0.37546545494395295, -0.11887851534840464, 0.6876013096400804], [-0.15062387096628205, 0.7486045031766154, 0.21167361102718976]]	0.8171738958364599	0.2886725384016219	[[-0.6790501419722047, -0.15394237482186612, 0.43347928399529306], [0.36971426454671524, -0.06479112180233051, 0.6522127806287589], [-0.21770739428685645, 0.74158842374592, 0.2187334965599144]]	[[0.023601221132748422, 0.08427927070544869, 0.09098156784882348], [-0.01748858742337196, 0.0578036457715414, -0.0568835812475918], [-0.062374881947939075, -0.03041814785972715, 0.0004427728799710536]]	0.43824564436935953	[[-0.6391685250728272, -1.0035536810448774e-16, 0.6391685250728273], [0.6391685250728273, 1.2113964536739932e-16, 0.6391685250728272], [-1.804889946487376e-16, 0.9039207967999999, 0.0]]
6	[[0.406855499873406, -0.3245501708658478, -0.8538944834191807], [-0.8488954288502084, 0.21093624421169652, -0.4846467288191305], [0.33740947393335186, 0.9220483108106712, -0.18968858540040373]]	0.7966320436374744	0.20336795636252628	[[0.3241141283292973, -0.25854706587975196, -0.6802397073769878], [-0.6762573003194522, 0.168038571303577, -0.3860851140214008], [0.2687911987621708, 0.7345332301735852, -0.15111200544222517]]	0.821857056328887	0.27937079517081603	[[0.29703506951611797, -0.2522445738361563, -0.7056986908620744], [-0.64537177711068, 0.15812659985617, -0.3442431508315707], [0.31257148752962627, 0.7373703540866285, -0.07582787300520243]]	[[-0.0373419939610572, 0.01448927422268671, -0.003919484303710962], [0.05229892117519994, -0.015232840884726227, 0.054067183075144486], [0.03526913050528323, -0.020421556429251975, 0.08006902941116409]]	0.4782714187142242	[[0.6263851545713707, -9.834826074239799e-17, -0.6263851545713707], [-0.6263851545713707, -1.1871685246005133e-16, -0.6263851545713707], [0.0, 0.8858423808639999, -1.7687921475576284e-16]]
6	[[-0.3165369632697661, -0.9278010874929129, 0.1974575724831094], [-0.8157660753724355, 0.3724826131232639, 0.4424730649342605], [-0.48407650341181413, -0.021020108654157543, -0.8747731670991965]]	0.7836548704822657	0.216345129517735	[[-0.2480557329540182, -0.7270758410525633, 0.15473858838999352], [-0.6392790581398123, 0.2918978139440071, 0.3467461723929494], [-0.37934890958469325, -0.016472510524897038, -0.6855202529644818]]	0.7901725369768386	0.3468313000806877	[[-0.20179406793565866, -0.8147099451380333, 0.11237856794833248], [-0.6016321871327799, 0.3141726359496278, 0.2130777581730593], [-0.2596264851238638, -1.0363788835477785e-10, -0.6852180268329526]]	[[0.048324747378156785, -0.08158700602388776, -0.04364698304593415], [0.04296376222389547, 0.019847104558256258, -0.13655230608996255], [0.1228774736679265, 0.016609512479146687, 0.006003705893083031]]	0.4575674824491081	[[-1.7687921475576284e-16, -0.8858423808639999, 0.0], [-0.6263851545713707, 1.1871685246005133e-16, 0.6263851545713707], [-0.6263851545713707, 9.834826074239799e-17, -0.6263851545713707]]
6	[[0.39514561495520173, 0.8903073900525152, 0.22630221872432854], [-0.7137866099724287, 0.4526453451835295, -0.5344350913887965], [-0.5782461572771092, 0.04964818930798781, 0.814350317058141]]	0.8133826210523346	0.18661737894766559	[[0.3214045759895988, 0.724160558463178, 0.18407029181595294], [-0.5805816236914346, 0.3681738572725183, -0.43470021541616344], [-0.47033537501949574, 0.040382974349833727, 0.6623783953435501]]	0.813382621299581	0.186617378517821	[[0.32140457691032204, 0.7241605586036467, 0.1840702920108754], [-0.5805816239979622, 0.36817385827270144, -0.4347002157829278], [-0.4703353748409892, 0.04038297411973343, 0.6623783974358113]]	[[8.230527569406527e-10, -7.967935748225016e-11, 1.389882860157943e-10], [-1.300409937539562e-10, 8.882288944453395e-10, -2.346424731233805e-10], [3.214800201314554e-10, -2.4239308446724825e-10, 1.8909445531705732e-09]]	0.35907580529631616	[[0.44292119043200007, 0.6263851545713707, 0.44292119043199984], [-0.4429211904319999, 0.6263851545713707, -0.44292119043199996], [-0.6263851545713707, 9.834826074239799e-17, 0.6263851545713707]]
6	[[-0.28551340625994115, -0.7402800071091643, -0.6086605013636927], [-0.9037881084920453, 0.4192574902120425, -0.08596634137539147], [0.31882463799746885, 0.5255555802915186, -0.7887599015101034]]	0.7669614782444363	0.23303852175556447	[[-0.21897778412372862, -0.5677662485672469, -0.4668191578748976], [-0.6931706637088013, 0.3215543444580803, -0.06593287226053621], [0.2445262156592858, 0.4030808847599961, -0.6049484600421245]]	0.7747578200278239	0.37706900965598406	[[-0.14842465787239378, -0.5049490349968028, -0.3781762815711341], [-0.7836299208311702, 0.38862779155501365, -2.5577331076774514e-11], [0.24020313366350218, 0.27868088587120243, -0.566428541251552]]	[[0.07277908635027666, 0.06858868952127507, 0.0933882016024428], [-0.08341301612880224, 0.06380477240799436, 0.06660309521418871], [-0.00680874784257681, -0.1284974098189124, 0.04466936056777711]]	0.44913392172538813	[[-1.7687921475576284e-16, -0.6263851545713707, -0.6263851545713707], [-0.8858423808639999, 1.123612127153511e-16, 1.1236121271535108e-16], [0.0, 0.6263851545713707, -0.6263851545713707]]
6	[[-0.9506790929980296, 0.17724456833992716, -0.25454591949280275], [0.013897849357551978, -0.7954843399685079, -0.6058147527488101], [-0.30986466710433175, -0.579473060511755, 0.7537870125051647]]	0.8457339206329204	0.15426607936716447	[[-0.8040215565849181, 0.14990174369307324, -0.2152781184737371], [0.011753882625584836, -0.6727680896437134, -0.5123580860195392], [-0.26206305977572786, -0.4900800233677636, 0.6375032454081703]]	0.8457375179915689	0.15424577465351902	[[-0.8040589416937264, 0.14991232946611996, -0.21522105212163956], [0.011719967477368304, -0.6728289336247533, -0.5123702135164041], [-0.26201614058784606, -0.49011607317473155, 0.637539922226814]]	[[-3.3965175106136436e-05, 9.948160814608119e-06, 5.79820450817447e-05], [-3.396514371680459e-05, -5.7982338617586466e-05, -9.948163945705658e-06], [4.803388225025905e-05, -3.396523454119541e-05, 3.3965176416473495e-05]]	0.27986560878825084	[[-0.7561137677176853, 0.1297286131463146, -0.44292119043199984], [0.12972861314631456, -0.7561137677176852, -0.44292119043199996], [-0.44292119043199984, -0.44292119043199996, 0.6263851545713707]]
6	[[-0.7789526709276531, -0.6132277320749256, -0.13108960702099365], [0.4894249346840115, -0.725216103161197, 0.48427764456480876], [-0.3920407756397623, 0.31307084235030797, 0.8650379632743539]]	0.8239600773164208	0.1760399226835796	[[-0.6418259029633815, -0.5052751695330295, -0.10801260273639707], [0.4032666070228226, -0.5975491164318133, 0.39902544545823354], [-0.323025947807328, 0.25795787546847665, 0.7127567471011756]]	0.8252100458512075	0.1720289646546867	[[-0.6427995693171156, -0.5192807369901768, -0.10817646062417008], [0.40387837279965066, -0.5984556137569292, 0.4128698293033145], [-0.3367550384812053, 0.25834920414761875, 0.7138380173508646]]	[[-2.4985241607694527e-11, -0.013239052087395191, -3.759136126715767e-12], [8.333385909068856e-12, -1.524344460110891e-11, 0.01323905202727396], [-0.013239052039974223, -2.2954119490112195e-11, 1.4199840668786432e-11]]	0.317904807739708	[[-0.6391685250728273, -0.6391685250728272, 0.0], [0.45196039839999996, -0.4519603984000001, 0.6391685250728272], [-0.45196039839999985, 0.45196039839999996, 0.6391685250728273]]
6	[[-0.2538643033432252, 0.48696402069590106, -0.8357146391177678], [-0.8713143736524561, 0.26000688613899875, 0.4161822694768838], [0.4199573523045962, 0.8338239992396379, 0.35829228366981253]]	0.7863575265601309	0.21364247343986925	[[-0.1996281056588895, 0.38292782283820537, -0.65717049652674], [-0.6851646157216351, 0.2044583718728645, 0.3272680600240242], [0.3302366248189841, 0.6556837776285588, 0.28174583397217473]]	0.8035298417158684	0.3174395390617425	[[-0.22505476423914195, 0.3655821898023879, -0.6502951058204178], [-0.7049540263534634, 0.2172953298170436, 0.3082850789802149], [0.31465423337889664, 0.6476569156509783, 0.15051784654766123]]	[[-0.02106722075645105, -0.02570793266871257, 0.021226545869516656], [-0.0048269256077438675, 0.008372037752737876, -0.02612979413749655], [-0.022794031445830705, -0.022345550476940517, -0.1373806954375601]]	0.45354968773409177	[[0.0, 0.6263851545713707, -0.6263851545713707], [-0.6263851545713707, 0.44292119043200007, 0.44292119043199996], [0.6263851545713707, 0.44292119043199996, 0.44292119043199984]]
6	[[-0.7357259517984016, -0.6355984379310936, 0.23392723131326343], [-0.6762908134220847, 0.6707859050452003, -0.3044289823153933], [0.03657949604943121, -0.38217914031543476, -0.9233639830405582]]	0.8173111830725096	0.18268881692766717	[[-0.601317048081388, -0.5194817112643735, 0.19119134217747888], [-0.5527400448192307, 0.5482408216410369, -0.24881321169775517], [0.029896831192437443, -0.31235928531685314, -0.7546757093853458]]	0.8426036612725295	0.2564015654897482	[[-0.684766627875259, -0.5080116642737339, 0.13332686356891818], [-0.6059435556279319, 0.5136919435296253, -0.18906319257230458], [0.035394972153755484, -0.22962791020964105, -0.7387783422756182]]	[[-0.06484124719670896, 0.027545906626106474, -0.06378107800698343], [-0.03609844015350595, -0.05151471599146775, 0.06744978252411593], [0.004572954855000658, 0.09239763268213183, 0.03925153052154151]]	0.3853228500049662	[[-0.6522127806865582, -0.6522127806865585, 0.0], [-0.6522127806865585, 0.6522127806865582, 0.0], [0.0, 0.0, -0.9223681599999999]]
6	[[0.312078085329446, 0.25026955923460475, -0.9165000907679297], [0.9493512559049828, -0.044986478459825396, 0.310979757648975], [0.036598655285933646, -0.9671304795508722, -0.25163301443761527]]	0.7917966140628498	0.20820338593715024	[[0.247102371287072, 0.19816258960496186, -0.7256816686583412], [0.7516931099818797, -0.03562014132310109, 0.24623271914854417], [0.028978691334655717, -0.7657706390653615, -0.1992421688181324]]	0.8078083500829222	0.29782666669148056	[[0.20976853484126373, 0.1279214723185648, -0.7185009161041713], [0.7517218823817663, -0.051869345290320466, 0.15257511899200837], [0.09470050596605407, -0.7763755290318491, -0.14408238796989814]]	[[-0.04233074836575336, -0.07424836740272141, 0.021855510069918697], [-0.015171989299988562, -0.015528892349648027, -0.09863692594359694], [0.06513580662427043, 0.0048805479690470985, 0.05918886224934403]]	0.4000986730974162	[[0.0, 0.0, -0.9223681599999999], [0.9223681599999999, 1.6545475937811098e-16, 0.0], [1.8417244351911998e-16, -0.9223681599999999, 0.0]]
6	[[-0.010871777499557311, -0.0840287307277911, 0.9964040229075135], [0.9413747147740295, -0.3368748437119881, -0.018137972823285553], [0.33718756032528074, 0.9377923608594283, 0.08276495076773299]]	0.825495854088796	0.174504145911205	[[-0.008974607252461039, -0.06936536884013399, 0.8225273899075503], [0.7771009241899832, -0.2780887868310574, -0.014972821367198798], [0.2783469330988347, 0.774143705885602, 0.06832212372262823]]	0.8937059544749004	0.162522190736269	[[0.0019651590094512173, -0.038730682546261025, 0.9118669377183252], [0.832765400159043, -0.27972783014685976, -0.0027791545418698435], [0.2805418257122615, 0.7968138722103283, 0.03676552372273891]]	[[0.011681331296531877, 0.03636629445213382, 0.02137472938313579], [-0.00854678782661858, 0.02133922359134552, 0.01343085977240443], [-0.020804704725306614, -0.0412967447508171, -0.03720200560020598]]	0.34723172016108533	[[0.0, 0.0, 0.9411919999999999], [0.9411919999999999, -1.6883138712052142e-16, 0.0], [1.8793106481542857e-16, 0.9411919999999999, 0.0]]
6	[[-0.22702687951129652, -0.2600962815277815, 0.9385141023526418], [0.7861776675639859, -0.6177088015181534, 0.01898714171901844], [0.574789936414178, 0.742149419498815, 0.3447183896089062]]	0.8239353932722744	0.17606460672772622	[[-0.18705548125351748, -0.21430253200924876, 0.7732749860134995], [0.6477596057062114, -0.5089521443066054, 0.015644178079375858], [0.47358977230836125, 0.6114831738215462, 0.2840256819105993]]	0.8317042809661978	0.25923494431851346	[[-0.12548052993976133, -0.12397255621848209, 0.7809342572249165], [0.7142927483993771, -0.5867298893848389, 0.0010662984503618982], [0.4623156578978538, 0.5898785169040519, 0.17638996882398214]]	[[0.06333869764418114, 0.09235063459156362, 0.00036806055107641635], [0.060425416686389746, -0.0729788347716915, -0.014725388600657623], [-0.01573959287410683, -0.027370332409691507, -0.11031379154151874]]	0.3645795931985963	[[0.0, 0.0, 0.9223681599999999], [0.6522127806865583, -0.6522127806865584, 0.0], [0.6522127806865584, 0.6522127806865583, 0.0]]
6	[[0.388721369236936, 0.6072553768335828, 0.6929189017520486], [-0.1881814353775204, -0.6838834560027736, 0.704905075868346], [0.9019331707381749, -0.4044061398055253, -0.1515659249626253]]	0.8255085133747737	0.17449148662522732	[[0.3208927996357892, 0.5012944833687295, 0.5720104524746144], [-0.15534537696322787, -0.5645516150864517, 0.5819051412504095], [0.7445535109394658, -0.33384071127049025, -0.12511896139416948]]	0.8716758718386687	0.21889294317474992	[[0.32341238405773975, 0.5358278895786843, 0.5925240624044854], [-0.18775211323847463, -0.5995394174368287, 0.5925240623126018], [0.7068996245419937, -0.31639702900930067, -0.11458697191234785]]	[[-0.015426654374187283, 0.006498029548552136, -0.011476625393724106], [-0.02371889649192234, -0.0034147096895692426, -0.021924684258441726], [-0.07929375840141965, 0.03611404548259121, 0.01752938787048291]]	0.3850427642208572	[[0.47059599999999985, 0.47059599999999996, 0.665523245598529], [-0.47059599999999996, -0.47059600000000007, 0.6655232455985289], [0.665523245598529, -0.6655232455985289, 0.0]]
6	[[0.2932727100912193, 0.7663848849828426, 0.5715289367876191], [0.00018149557078206424, 0.5977709472802035, -0.8016669268761718], [-0.9560288094901268, 0.235210762206075, 0.175170810260522]]	0.8198005430214637	0.18019945697860865	[[0.24042512698619917, 0.6282827448724247, 0.46853973273092836], [0.00014879016750922753, 0.4900529471828063, -0.6572069819753865], [-0.7837529371641704, 0.19282591058101126, 0.143605125373049]]	0.8724588142479226	0.18630270194798426	[[0.19542485521364464, 0.6437113393834083, 0.504141707259437], [-0.003916173573371661, 0.554132083653467, -0.6762907206516235], [-0.8048373368747027, 0.193802723009661, 0.1167712711196228]]	[[-0.06044350568381493, -0.024927908626253447, 0.005506248761334661], [-0.004074520983847846, 0.03260155179752235, 0.02313065579253671], [0.029258424639905335, -0.01140897968300112, -0.03605804629112027]]	0.32474070977396974	[[0.0, 0.6655232455985289, 0.665523245598529], [0.0, 0.665523245598529, -0.6655232455985289], [-0.9411919999999999, 0.0, 0.0]]
6	[[-0.7099649817244492, 0.17004561671924806, -0.6833990144561036], [-0.6966343129430994, -0.02737173477805739, 0.7169040536679481], [0.1032005753632168, 0.9850559762621669, 0.13789258455366898]]	0.8339358114422423	0.1660641885577586	[[-0.5920652231299551, 0.1418071293609629, -0.5699109116592791], [-0.5809483010427123, -0.022826269852720564, 0.5978519637218134], [0.08606265555682975, 0.8214734548802192, 0.11499356439163215]]	0.8513581046859255	0.15720048437710427	[[-0.6230164355834579, 0.11189252123440338, -0.6073930010657432], [-0.6157442414196909, -0.020161677688959826, 0.6176774367077185], [0.06699347786819279, 0.8415182483218638, 0.08823420172752515]]	[[-0.01858199434915232, -0.032877192725844655, -0.025575711374164797], [-0.022658973093272274, 0.0031414705536528193, 0.007335360335317944], [-0.02086716837553249, 0.002882859361760822, -0.02916176770833043]]	0.1910428681817429	[[-0.6391685250728272, 1.0035536810448774e-16, -0.6391685250728273], [-0.6391685250728273, 1.2113964536739932e-16, 0.6391685250728272], [1.804889946487376e-16, 0.9039207967999999, 0.0]]
6	[[0.4709175022496733, 0.19115318190370978, 0.8612184201020178], [0.8821529167293078, -0.0947858233539779, -0.46132621776469945], [-0.006552677384344174, 0.9769729314260427, -0.21326264014097962]]	0.8137204551729903	0.18627954482701045	[[0.38319520427953085, 0.15554525418645296, 0.7007910448087776], [0.717825872933153, -0.07712916332354616, -0.37539057990272595], [-0.005332047623790168, 0.7949828584516906, -0.17353617260691098]]	0.8458948550483545	0.24696753638187197	[[0.41880296705363906, 0.10006511035222912, 0.6587238289804341], [0.7587889392477237, -0.05526376966203948, -0.36353919740107243], [-1.6443796579539466e-11, 0.809306694937905, -0.12295611324183517]]	[[0.020456274748418407, -0.0616303827462411, -0.06977640165673478], [0.012580325620503674, 0.0249150706446125, 0.02669427670500346], [0.005542876069764612, -0.017109681276892837, 0.057441656827448236]]	0.35627534461478305	[[0.6522127806865583, -1.0240343684131402e-16, 0.6522127806865584], [0.6522127806865584, -1.2361188302795848e-16, -0.6522127806865583], [1.8417244351911998e-16, 0.9223681599999999, 0.0]]
6	[[0.5035622894699279, 0.5369873573117416, 0.6768083914308072], [0.7236893469787391, 0.16572605027924595, -0.6699317915492047], [-0.4719096838308055, 0.8271514095654997, -0.3051586406453477]]	0.7942992486414435	0.20570075135855703	[[0.39997914817012803, 0.42652865444267046, 0.5375883967877143], [0.5748259045550291, 0.1316360772171186, -0.5321263186685495], [-0.37483750729343007, 0.6570057431305868, -0.24238727898104392]]	0.8223892765340607	0.289452373653396	[[0.4683130892772585, 0.4015948847180544, 0.5345251213004465], [0.5890071232508998, 0.20999089537897753, -0.5345251210060805], [-0.3471128827312114, 0.6121538121474336, -0.17083494420014414]]	[[0.05418886235024935, -0.04001775956948543, -0.022074842080515952], [-0.006147235246352463, 0.07369956878698118, 0.016419600373237055], [0.04098058074382205, -0.06808663714926652, 0.08012424950830085]]	0.3967828394786688	[[0.46118407999999983, 0.46118407999999994, 0.6522127806865584], [0.46118407999999994, 0.46118408000000005, -0.6522127806865583], [-0.6522127806865584, 0.6522127806865583, 0.0]]
6	[[-0.3298322266022023, -0.8762827350930389, 0.35119691125136165], [0.9222848180711871, -0.37850758052406547, -0.0782478487960887], [0.201497932123461, 0.2980949172053785, 0.9330262609842703]]	0.809537995933671	0.19046200406633015	[[-0.2670117197178866, -0.709384169238494, 0.2843072437125227], [0.7466246033013981, -0.3064162681831544, -0.06334460670050647], [0.16312023215600582, 0.24131916187245625, 0.7553202094706936]]	0.8239731423735984	0.2939208787165423	[[-0.20625690456958667, -0.6848811526114469, 0.18993739809870308], [0.8155846528382965, -0.34416544853816156, -0.005094735382317437], [0.13579823558968976, 0.13579823561649323, 0.768205251442873]]	[[0.06551599163991209, 0.037152286230896926, -0.09943942445698332], [0.05564673312871866, -0.032285368001521056, 0.05937939047416971], [-0.030230648723859888, -0.10982397003882029, -0.0005833287374234538]]	0.5007969016678531	[[-4.1431291967586547e-16, -0.8858423808639998, 0.0], [0.8858423808639999, -3.9633645582684046e-16, 0.0], [0.0, 0.0, 0.8858423808639999]]
6	[[-0.7797112461789556, 0.3586263663473402, 0.5132616310835669], [0.12556441147624647, -0.7135152995487305, 0.6892963773882098], [0.6134198816085799, 0.6018995320403472, 0.511305194748623]]	0.8080990954547497	0.19190090454525072	[[-0.6300839527531089, 0.2898056422515091, 0.41476625981025944], [0.1014684873352625, -0.5765910681584537, 0.5570197790676479], [0.49570405146185337, 0.48639446739644215, 0.4131852653776774]]	0.8080990955506033	0.19190090440796292	[[-0.6300839534170476, 0.2898056423231466, 0.41476626010706175], [0.10146848727931096, -0.5765910688532743, 0.5570197786657409], [0.49570405171199566, 0.48639446704383715, 0.41318526592928406]]	[[-5.891994224919264e-10, 3.726068612291453e-11, 2.4760382654167356e-10], [-6.798801597642637e-11, -6.264279023174776e-10, -4.679778850995457e-10], [1.9134511977564684e-10, -4.1029735652484927e-10, 5.025968051941654e-10]]	0.29579287918604	[[-0.7561137677176853, 0.1297286131463146, 0.44292119043199984], [0.12972861314631456, -0.7561137677176852, 0.44292119043199996], [0.44292119043199984, 0.44292119043199996, 0.6263851545713707]]
6	[[0.23507429571004806, 0.1639243119487907, -0.9580547455383437], [0.7224674736879957, -0.6888480443340972, 0.059406407734983124], [-0.6502159833157828, -0.7061283111228478, -0.2803604524027675]]	0.7893966971839814	0.21060330281601908	[[0.18556687262636232, 0.12940131044053182, -0.7562852518494079], [0.5703134375521595, -0.5437743710589815, 0.04689522205756016], [-0.5132783496857133, -0.5574153565884797, -0.2213156151477515]]	0.8449890645135363	0.22228907476728277	[[0.12247537393736443, 0.095221039482663, -0.7809873910013472], [0.653553926454237, -0.6520282838709811, 0.01927172568418571], [-0.5375355201322235, -0.5776046126584763, -0.15393460924973015]]	[[-0.07615983528584751, -0.04329321152197072, 0.028558392183851318], [0.04307681172115984, -0.0699592192971337, -0.030926039213907356], [0.011889875341528867, 0.019066088383742217, 0.08296690715267609]]	0.2887541821338671	[[0.0, 0.0, -0.9411919999999999], [0.6655232455985289, -0.665523245598529, 0.0], [-0.665523245598529, -0.6655232455985289, 0.0]]
6	[[-0.6282958732607286, -0.7138118081737849, -0.3093816383614419], [-0.5738327107911779, 0.1566825842932765, 0.8038448779492399], [-0.5253192511888238, 0.6825857237672436, -0.5080515860024072]]	0.7902282332713891	0.2097717667286109	[[-0.49649713789852995, -0.5640742440614258, -0.2444821054889701], [-0.4534588092418444, 0.12381500177047138, 0.6352209177260834], [-0.4151221037703936, 0.5393985105488615, -0.40147670721740936]]	0.7902282333121288	0.209771766731152	[[-0.49649713789962446, -0.5640742440722877, -0.24448210548517618], [-0.453458809255322, 0.12381500178006448, 0.6352209177152399], [-0.41512210377086795, 0.5393985105448724, -0.4014767072320538]]	[[2.4502512386310874e-11, 1.8219637835413577e-11, 1.63980400469892e-11], [9.900225384994844e-12, 3.2099612456898943e-12, -4.3592575289685935e-11], [2.0927802845204093e-11, -3.179782112412251e-11, 6.053660792794008e-12]]	0.38541988925035386	[[-0.6391685250728273, -0.6391685250728272, 0.0], [-0.45196039839999996, 0.4519603984000001, 0.6391685250728272], [-0.45196039839999985, 0.45196039839999996, -0.6391685250728273]]
6	[[-0.04368688083802902, -0.7928421645001731, 0.6078591601952907], [-0.07099332237196321, 0.6093655773994191, 0.7897047177643444], [-0.9965196458782106, -0.008654205414294847, -0.08290778074109101]]	0.8599808135925094	0.14001918640749134	[[-0.03756987932640704, -0.6818290496773045, 0.5227472151344056], [-0.06105289513307569, 0.5240427050272211, 0.6791309056808231], [-0.8569877758232634, -0.007442450613182268, -0.07129910073487351]]	0.9035640217998665	0.14191019840989103	[[-0.01578870003930819, -0.7073105158586613, 0.5436060143861007], [-0.035364789956499935, 0.559394714361192, 0.6719457260108406], [-0.8971147097827599, -5.366727910611307e-11, -0.041904683624448456]]	[[0.02368519371059234, 0.009073138949625111, -0.005633653087844998], [0.028782221926845427, 0.008793902499774246, -0.041603044806639254], [0.0033045892495350776, 0.007819628595954657, 0.03300780418047371]]	0.16063924469827082	[[0.0, -0.6655232455985289, 0.665523245598529], [0.0, 0.665523245598529, 0.6655232455985289], [-0.9411919999999999, 0.0, 0.0]]
6	[[-0.09570001472736311, 0.5345101365068197, -0.8397263966034669], [0.9941363825171496, 0.008658117471247562, -0.10778631618888002], [-0.05034242879418521, -0.8451177142702161, -0.5322045554951473]]	0.8038604684661713	0.19613953153383795	[[-0.07692945867096493, 0.429671568732287, -0.6750228545570773], [0.7991469381695006, 0.006959918366473387, -0.08664515862582473], [-0.04046828839422651, -0.6793567217023125, -0.4278182033001613]]	0.8054386271198756	0.18773304756587983	[[-0.07708048860899433, 0.4324186261969222, -0.6885529748234163], [0.8279523323306818, 0.0069735822879804735, -0.07683910713928428], [-0.030571581321826916, -0.6928953503323981, -0.42642936335054354]]	[[-1.316340251897293e-10, 0.0019035156672122524, -0.01220489878679807], [0.02723648922614679, 3.8495598150251156e-11, 0.00997615539419442], [0.00997615541204306, -0.012204898795909191, 0.002228743174411581]]	0.25763419523581	[[-1.7687921475576284e-16, 0.6263851545713707, -0.6263851545713707], [0.8858423808639999, 1.123612127153511e-16, -1.1236121271535108e-16], [0.0, -0.6263851545713707, -0.6263851545713707]]
6	[[-0.3901123425915053, -0.19274962118636868, 0.9003665607352815], [0.8924450663689159, 0.1615093954769425, 0.42125588267281683], [-0.22661457073972407, 0.9678648142716957, 0.10901163985220427]]	0.8055348100818372	0.19446518991816233	[[-0.3142490718000292, -0.1552665294957076, 0.7252766065059334], [0.7188955670459579, 0.13010144021195125, 0.3393362774447043], [-0.18254592520260063, 0.7796487993492435, 0.087812670605055]]	0.8591214941986546	0.1995581789771895	[[-0.31154184163494175, -0.15284862451974177, 0.757334546064491], [0.7255732847488598, 0.13053890211738972, 0.3656128252903835], [-0.18460988581326745, 0.8323084184069846, 0.02230972242135832]]	[[0.02361205703760953, 0.012746718040115972, -0.016189718920907623], [-0.04114545416022011, -0.008217291051882467, 0.0037028419285402344], [0.010079562807831104, 0.0007949529875827316, -0.071344520493513]]	0.42615803912824635	[[-0.6391685250728272, -1.0035536810448774e-16, 0.6391685250728273], [0.6391685250728273, 1.2113964536739932e-16, 0.6391685250728272], [-1.804889946487376e-16, 0.9039207967999999, 0.0]]
6	[[-0.8451655046892217, 0.03102096411427288, 0.5336037569853065], [0.3597306106374598, 0.7713925264558512, 0.5249261451846907], [-0.3953342351148118, 0.635603075758354, -0.6631135442989435]]	0.8069886558256297	0.19301134417437094	[[-0.6820389745793456, 0.025033566132992218, 0.43061217859307827], [0.29029852193765643, 0.6225050180385444, 0.4236094443103223], [-0.3190302429971554, 0.5129244717448692, -0.5351251077735735]]	0.806988655860692	0.1930113441659897	[[-0.6820389746012534, 0.02503356607405701, 0.43061217861691053], [0.29029852188907307, 0.6225050180998218, 0.42360944433416375], [-0.31903024302809113, 0.5129244717251346, -0.5351251078332371]]	[[7.72580567486979e-12, -6.002334905423168e-11, 5.121537510661088e-12], [-6.119647305940221e-11, 3.4230272142875356e-11, 5.434714198818811e-12], [-1.7074486695970972e-11, -4.202089070641115e-11, -3.641415732545927e-11]]	0.2545201152175851	[[-0.7561137677176853, -0.1297286131463146, 0.44292119043199984], [0.12972861314631456, 0.7561137677176852, 0.44292119043199996], [-0.44292119043199984, 0.44292119043199996, -0.6263851545713707]]
6	[[-0.20892554660170207, -0.8722728212278597, 0.4421427838655412], [-0.9769286190798419, 0.16569047850232185, -0.13474842691632785], [0.04427854107729115, -0.4600943280250934, -0.8867652564908058]]	0.8066617008538425	0.1933382991461578	[[-0.1685322367735478, -0.7036290775802452, 0.35665965005323025], [-0.7880509014797416, 0.13365616320396986, -0.10869639524370471], [0.035717803256734335, -0.3711404731979274, -0.7153195700589671]]	0.8072915530484137	0.18999458037325123	[[-0.1766029915388559, -0.7097923162205743, 0.35543091401199656], [-0.7995092000095294, 0.13647054406773307, -0.10316743117657379], [0.03864950751234005, -0.36639491742111907, -0.7238172636607997]]	[[-0.007939162551278656, -0.005613835689614087, -0.0015072206439656053], [-0.010842977895121862, 0.002710020352259083, 0.005613835659539338], [0.0029038153193358526, 0.005035347199024534, -0.007939162558962036]]	0.37171367978399444	[[-1.7687921475576284e-16, -0.6263851545713707, 0.6263851545713707], [-0.8858423808639999, 1.123612127153511e-16, -1.1236121271535108e-16], [0.0, -0.6263851545713707, -0.6263851545713707]]
6	[[0.2716390998961424, -0.9623667677143403, 0.0078996080071079], [-0.8358745486248621, -0.23185104168470852, 0.4975528448626315], [-0.4769967907321766, -0.14175788820650492, -0.8673976958480093]]	0.8063082138009505	0.19369178619905036	[[0.21902483743575427, -0.7759642294971428, 0.006369518821939618], [-0.6739725142633884, -0.18694339928868872, 0.4011809456127719], [-0.3846064303240461, -0.11430054963198201, -0.69938988679427]]	0.8063082142172486	0.19369177564789902	[[0.21902481365367055, -0.7759642482857145, 0.006369500609365389], [-0.6739725408553191, -0.18694338299109953, 0.40118096416856425], [-0.3846064300105421, -0.11430052429962671, -0.6993899175563096]]	[[-2.3895153410073683e-08, -1.838798580476887e-08, -1.8215849360508668e-08], [-2.6243976052649224e-08, 1.639409475947808e-08, 1.8348680967147508e-08], [5.121144909985327e-10, 2.539138207975022e-08, -3.040087762561799e-08]]	0.37510793588185226	[[1.7687921475576284e-16, -0.8858423808639999, 0.0], [-0.6263851545713707, -1.1871685246005133e-16, 0.6263851545713707], [-0.6263851545713707, -9.834826074239799e-17, -0.6263851545713707]]
6	[[-0.9329322773960255, -0.042925561482400815, -0.35748393245583304], [-0.169270649991114, -0.8240132564325088, 0.5406936288463909], [-0.3177810769134181, 0.5649420761413629, 0.7614825262347359]]	0.8475757308911022	0.15242426910890797	[[-0.790730756885835, -0.0363826641473501, -0.3029947053330754], [-0.14346969488462924, -0.6984136380847427, 0.4582787976576497], [-0.26934352852825644, 0.47883119309664546, 0.64541410873421]]	0.8488564207228065	0.15045436315493485	[[-0.7938491537869561, -0.03451403897334445, -0.30073215480494003], [-0.14424988727907292, -0.7027527389498297, 0.4608948598761616], [-0.26646672152788015, 0.4801181180785932, 0.64831293149055]]	[[-0.0019236000198304332, 0.0019235995041499592, 0.0027203765654233414], [-0.000563409194184405, -0.0032837954663882812, 0.0019236013859876833], [0.003283785994278079, 0.0005634094095091453, 0.0019235998279286117]]	0.2209082677684105	[[-0.7561137677176853, -0.1297286131463146, -0.44292119043199984], [-0.12972861314631456, -0.7561137677176852, 0.44292119043199996], [-0.44292119043199984, 0.44292119043199996, 0.6263851545713707]]
6	[[0.15665500554066836, 0.7010445100749366, 0.6956980696630148], [0.9690588098128995, 0.026938980891129116, -0.2453554858415722], [-0.1907465133706504, 0.7126085083707178, -0.6751332323583257]]	0.827489636676865	0.17251036332314304	[[0.1296303936184549, 0.5801070669362143, 0.575682942902243], [0.8018861224505879, 0.022291727510046412, -0.2030291218357217], [-0.1578407630464583, 0.5896761556845329, -0.5586657531526756]]	0.828565778850847	0.16992413262730616	[[0.12454133267519674, 0.586119134473513, 0.5764316129175896], [0.8066466831966973, 0.0260384333928019, -0.19803551521962634], [-0.15432831768995084, 0.5941607394536489, -0.5646499364671098]]	[[-0.005257644001490345, 0.00525764397416516, -1.7775789101916404e-11], [0.003717715691797139, 0.0037177157092950206, 0.005257644002024437], [0.003717715724085471, 0.0037177156997261975, -0.005257643970041771]]	0.2607030875145709	[[1.7687921475576284e-16, 0.6263851545713707, 0.6263851545713707], [0.8858423808639999, -1.123612127153511e-16, -1.1236121271535108e-16], [0.0, 0.6263851545713707, -0.6263851545713707]]
