6	[[0.960266122164094, -0.26817943200658406, -0.07725779489837309], [0.017005372634810778, 0.3325347103638141, -0.9429376881346961], [0.27856739207144177, 0.9041573196362899, 0.32388230798028383]]	0.8725644237996654	0.1274355762003348	[[0.8378940555804518, -0.23400383156374632, -0.06741240328953142], [0.014838283174592265, 0.29015795794199023, -0.8227738805262397], [0.2430679959521932, 0.788935510632689, 0.28260817944172273]]	0.9260887077286907	0.13831842928678711	[[0.8869844127055333, -0.24251572287904385, -0.030328040696212095], [-0.021445163235846658, 0.3101730543133941, -0.8678427058911736], [0.25139860033951134, 0.7762722818469461, 0.28872789107863917]]	[[-0.002307199445054558, 0.0058422207473478194, 0.04121953074319046], [-0.037193646803663424, 0.002216414117634923, 0.005401239182166763], [-0.006579515799281431, -0.061057601878461806, -0.01121585697500774]]	0.43890644796462003	[[1.0, -1.7938038903913487e-16, -1.9967346175427393e-16], [-1.7938038903913487e-16, 2.87096493178452e-32, -1.0], [1.9967346175427393e-16, 1.0, 0.0]]
6	[[-0.9486136680599805, -0.12041431394456104, -0.29263031587149324], [-0.3163835017059441, 0.34398030004570723, 0.8840695860783527], [-0.005795568830930603, 0.9312238969107944, -0.3644015164680301]]	0.8648864957422604	0.13511350425774005	[[-0.8204431511816087, -0.10414471402471985, -0.2530920084420462], [-0.2736358181011193, 0.29750391631090334, 0.7646198462956173], [-0.005012509217016624, 0.8054029729506279, -0.3151659506212001]]	0.9252326731592707	0.14400031384726916	[[-0.882391731427301, -0.10651841771337926, -0.23981010354348392], [-0.283931476789873, 0.29552325532283064, 0.7599819911004787], [-2.2581523642759488e-11, 0.8593145883642017, -0.339644628555534]]	[[-0.004703371532746789, 0.004892839864187374, 0.03094102585773983], [0.008796876237007945, -0.022738557202587845, -0.057988075285605165], [0.005362249619339017, -0.0022841870843647097, -0.002488439370527474]]	0.485893865932543	[[-1.0, -1.7938038903913487e-16, -1.9967346175427393e-16], [-1.7938038903913487e-16, -2.87096493178452e-32, 1.0], [-1.9967346175427393e-16, 1.0, 0.0]]
6	[[0.5589385729429008, -0.453070050737613, 0.6944891653590938], [0.6606928908491764, -0.262767821928887, -0.7031628372860068], [0.5010714277005947, 0.851868887143653, 0.15246909017477023]]	0.8946501281405744	0.10534987185942639	[[0.5000544659060758, -0.4053391789490623, 0.6213248207807537], [0.5910889794597838, -0.2350852655598982, -0.6290847224816154], [0.4482836169999181, 0.7621246090420366, 0.13640649106233488]]	0.9415198820287017	0.0825641291002827	[[0.533411065537563, -0.43094798603635653, 0.6907135745862422], [0.6189337745176806, -0.24173950566234856, -0.6598006454068804], [0.45539663717912077, 0.7849980576060211, 0.13736559472731358]]	[[0.007159286279072599, -0.0043735253151405955, 0.03683821754713643], [-0.003121718131838354, 0.0056616230410768105, 0.0022411462016097795], [-0.016372074317495704, -0.017053436521391976, -0.006187085067059747]]	0.2954705599452719	[[0.5, -0.5000000000000001, 0.7071067811865475], [0.5000000000000001, -0.4999999999999998, -0.7071067811865476], [0.7071067811865475, 0.7071067811865476, 1.9967346175427393e-16]]
6	[[0.42284015807257314, 0.3527755205810929, 0.834718894478794], [0.37729723708366386, -0.9060167935199916, 0.19178207619270926], [0.8239253580332351, 0.23384396921556794, -0.5162015134143967]]	0.9040205139297114	0.09597948607028928	[[0.382256177010888, 0.31891630741754184, 0.7546030039735614], [0.34108444217263334, -0.819057767306893, 0.17337493108223992], [0.7448454256089261, 0.2113997452296218, -0.4666567574481777]]	0.9356041621048387	0.09050863397590729	[[0.43058309020414226, 0.3180626257505677, 0.7943777679015882], [0.37047862468556164, -0.8272714894771572, 0.1509283376306576], [0.7726663502572767, 0.24676717184025382, -0.477196733456466]]	[[0.034972078406374986, -0.0119956195938048, 0.013411296039679754], [0.01747775931943005, 0.020401593477025193, -0.028503771072348284], [0.0017983560176624467, 0.02798178095905285, 0.005763550978859325]]	0.364578606838877	[[0.4999999999999999, 0.1464466094067262, 0.8535533905932738], [0.5, -0.8535533905932737, -0.14644660940672619], [0.7071067811865476, 0.5, -0.4999999999999999]]
6	[[0.27459789904950743, -0.1233857755913988, -0.9536099539220977], [-0.9242923950151736, 0.23955154775131188, -0.29715084466826813], [0.2651029278501293, 0.963011425867658, -0.04826418230561075]]	0.8814534623300422	0.11854653766995839	[[0.24204526886574387, -0.10875881909731631, -0.8405627955970245], [-0.8147207317914528, 0.21115354117191482, -0.2619246408671411], [0.23367589362732777, 0.8488497555944381, -0.04254263059980891]]	0.9274589432458106	0.13510113486573558	[[0.2111989706710277, -0.1357043063340826, -0.8865787700497522], [-0.8123911088226426, 0.1868466815749871, -0.2660812478775757], [0.24172895878244963, 0.8966658184693468, -0.0032067683634848395]]	[[-0.04347930659894815, -0.021269065292519096, -0.0021446899164766675], [0.04485213910826978, -0.035327543755342944, 0.009513960503056149], [-0.004143122532801739, 0.0035122591004875863, 0.041556279154300095]]	0.39885614599134667	[[0.0, 0.0, -1.0], [-1.0, 1.7938038903913487e-16, 0.0], [1.9967346175427393e-16, 1.0, 0.0]]
6	[[-0.5524682326348718, 0.07472194964223472, 0.8301779822248746], [0.3954071310761524, 0.9002726737930906, 0.1821052264916233], [-0.7337792942182461, 0.42886564686752693, -0.5269176447163921]]	0.8059807970169329	0.19401920298306777	[[-0.44527878646558927, 0.06022445652730744, 0.6691075117795147], [0.31869055465093576, 0.7256024871563199, 0.1467733155886677], [-0.5914120203885445, 0.34565747587547174, -0.42468550325080284]]	0.8685990594276122	0.2071796137887221	[[-0.5102095221945568, 0.02693527695224, 0.6555886530061704], [0.26209896321668413, 0.8071310423059516, 0.22367958996272208], [-0.6250629049970415, 0.4386915764542886, -0.5001336723081405]]	[[-0.030336134964272135, -0.03796813822560259, -0.06550316151187052], [-0.08135129892703256, 0.025155044620890604, 0.06550316151524531], [0.012297099788385031, 0.06617927896433984, -0.042453501711670186]]	0.502984792563302	[[-0.8535533905932738, -0.1464466094067262, 0.4999999999999999], [0.14644660940672619, 0.8535533905932737, 0.5], [-0.4999999999999999, 0.5, -0.7071067811865476]]
6	[[-0.5387086746235353, 0.7530690341028258, -0.37773005408729476], [0.8423234016150757, 0.49040532726543196, -0.22359316197346515], [0.01685974427331502, -0.4386224399926676, -0.8985132743359537]]	0.8797552633143622	0.12024473668563734	[[-0.47393179189315954, 0.6625164463910247, -0.33231000319531645], [0.7410384459837207, 0.4314366678191665, -0.19670726108725645], [0.014832448762583092, -0.38588040019133757, -0.7904717822548771]]	0.9145224181507109	0.14758654287413062	[[-0.49207202240974374, 0.653267026219631, -0.29697502499981004], [0.7622074017643761, 0.43117204723912755, -0.22903563924946488], [0.03396969287635357, -0.405915400538385, -0.7978946430287804]]	[[0.0005891373857372627, -0.03543148788250465, 0.048467577472301016], [-0.008116232345575878, -0.01731461852564671, -0.02455468007952799], [0.018551078774119146, -0.0047853460611258095, 0.02381588935744875]]	0.39441898302762435	[[-0.7071067811865476, 0.5, -0.4999999999999999], [0.7071067811865475, 0.5000000000000001, -0.5], [0.0, -0.7071067811865475, -0.7071067811865476]]
6	[[0.14595044963558398, -0.6734441926758938, -0.7246870949604965], [-0.34441161031647605, -0.7212947983739647, 0.6009279961175655], [-0.9274045012454825, 0.1618849381189445, -0.33721529900027186]]	0.8693107490328039	0.1306892509671964	[[0.1268762946943841, -0.5854322755668742, -0.6299782813345167], [-0.29940071493980935, -0.6270293214479368, 0.5223931664197428], [-0.8062027016341041, 0.14072831681330855, -0.2931448841592466]]	0.9081824441610358	0.1337731886197711	[[0.08504031630608955, -0.6302677597875953, -0.6909526382665748], [-0.3100052309361877, -0.6351858075451673, 0.5612631969692664], [-0.8186500501818406, 0.18637233736388814, -0.2948038261622808]]	[[-0.04750931977035733, -0.01865756687714628, -0.032804541113390435], [0.0027833471184673894, 0.01988146540274279, 0.015510940690423676], [0.023602436485228976, 0.03935127859016732, 0.011449188292280825]]	0.386024196201945	[[0.0, -0.7071067811865477, -0.7071067811865474], [0.0, -0.7071067811865474, 0.7071067811865477], [-1.0, 0.0, 0.0]]
6	[[-0.9649136349056507, -0.007072981661685379, -0.26247218920026094], [-0.13286753364795276, -0.8490486324305947, 0.5113341747527215], [-0.22646831053256494, 0.5282673496423472, 0.8183188325013518]]	0.9262930164835477	0.073706983516452	[[-0.8937927615228602, -0.0065516535189360445, -0.24312615587735006], [-0.12307426853549243, -0.7864678188753669, 0.4736452751628247], [-0.20977601450114214, 0.4893303568099795, 0.7580030198029721]]	0.9424862811629224	0.08270781088378262	[[-0.913165897392433, -0.02645381393298164, -0.23680831102428976], [-0.11205485998214129, -0.7992127979603113, 0.5106889940314938], [-0.23558187591947985, 0.5111970000851687, 0.7478358096439135]]	[[-0.003748033986808991, -0.019787625749926135, 0.010568126483755366], [0.013170967693007097, 0.0010038901456649672, 0.028763549237288834], [-0.022138600124392616, 0.013312270260960333, -0.023418463605870996]]	0.29712410643171705	[[-0.8535533905932738, -0.1464466094067262, -0.4999999999999999], [-0.14644660940672619, -0.8535533905932737, 0.5], [-0.4999999999999999, 0.5, 0.7071067811865476]]
6	[[-0.16688068420723817, -0.7255765027370625, 0.6675998621287887], [0.016208584335006937, 0.6749843637247572, 0.7376539774995726], [-0.9858438613859596, 0.13392104914067282, -0.10088128451146167]]	0.9093205897761627	0.09067941022383817	[[-0.15174804218557544, -0.6597816533965929, 0.6070623003654366], [0.01473879946694531, 0.6137771797118842, 0.6707639498706427], [-0.8964481214626895, 0.12177716738803866, -0.09173342912933889]]	0.9552273333749921	0.0839870227594936	[[-0.12686844504607747, -0.6846590285842544, 0.6339319673347926], [0.0018955901002824605, 0.6636000538205741, 0.706856762406692], [-0.9167418434503233, 0.12748228380989093, -0.07327837500009447]]	[[0.03254054592099682, 0.008431479284822345, -0.0037776687280030264], [-0.013587292691829955, 0.018836539989959288, 0.0022295205263181423], [0.024963159385492865, -0.0004427628435351079, 0.0230861853912326]]	0.17362469059650998	[[-2.2877923686379875e-16, -0.7071067811865475, 0.7071067811865476], [3.0054922785922005e-16, 0.7071067811865476, 0.7071067811865475], [-1.0, 3.133961632045815e-16, 0.0]]
6	[[-0.7602129684948403, 0.05278936044302118, 0.6475256952092945], [-0.5363407046060238, 0.5114621413604626, -0.671375548063589], [-0.36662636445702773, -0.8576827859873295, -0.36050706998065346]]	0.8629085783243586	0.13709142167564106	[[-0.655994291867624, 0.04555239197053954, 0.5587554770815453], [-0.4628129949090689, 0.4413450692680886, -0.5793357197012886], [-0.31636503492984214, -0.740101833509603, -0.31108464323288537]]	0.9154390042753565	0.15319196199410345	[[-0.6433549429314499, 0.0761630081783083, 0.560887361313826], [-0.5293396103495328, 0.47352114052535094, -0.6415083761280902], [-0.3316777227932546, -0.7364501170353831, -0.30458797844720786]]	[[0.052573659984680145, 0.02783756861801645, -0.03188291635127784], [-0.03835240977265049, 0.005308747113786686, -0.026905012913937036], [0.00394635122638075, 0.04870615855297028, 0.02543425473010779]]	0.5208417198787518	[[-0.5000000000000001, 0.49999999999999983, 0.7071067811865476], [-0.5000000000000002, 0.4999999999999999, -0.7071067811865475], [-0.7071067811865474, -0.7071067811865477, 0.0]]
6	[[0.9276499285075541, 0.24559764542247225, 0.2813314889998406], [-0.0941166078059129, -0.5752662021112951, 0.8125336059779651], [0.3613968376660729, -0.780224706909096, -0.5105308339890726]]	0.8761965468450749	0.12380345315492518	[[0.8128036640394, 0.2151918088324513, 0.24650167918044347], [-0.082464646760313, -0.5040462598065982, 0.711939139753471], [0.31665466120374286, -0.6836301939569605, -0.4473253537991617]]	0.9161057964427559	0.15356167501635234	[[0.8147993729631379, 0.2345467302625438, 0.21256713513400155], [-0.12817581600578484, -0.5816889764881888, 0.7294705943300138], [0.28763889161525996, -0.6983748546385519, -0.4405486248655086]]	[[-0.035026103612340494, 0.00955330369832416, -0.045162272660623524], [-0.04195504605325851, -0.05468427423642181, -0.014896151910934794], [-0.04343884618671157, 0.01639352188872081, 0.027151631414635908]]	0.42228594629698035	[[1.0, 0.0, 0.0], [0.0, -0.7071067811865474, 0.7071067811865477], [0.0, -0.7071067811865477, -0.7071067811865474]]
6	[[-0.5104173248528786, -0.5182894301775639, 0.6861852672975772], [0.45628273613066006, -0.8395968917985795, -0.29475943410056116], [0.7288897167604642, 0.1626441694263301, 0.6650313187756423]]	0.9175722101600292	0.08242778983997147	[[-0.46834475286922467, -0.4755679779506089, 0.6296245322934882], [0.41867235864927493, -0.7703907756511129, -0.2704630654131716], [0.6688089483708167, 0.1492377700101602, 0.6102142569946046]]	0.9474631208427863	0.07947216250942749	[[-0.5051359098353568, -0.5101441854697741, 0.6639930070837993], [0.4107438446214914, -0.7816380596529547, -0.3016537009303572], [0.7033857408523811, 0.12168765704462058, 0.6089669096589421]]	[[-0.02153431829802313, -0.01908406445390979, 0.013857772253695354], [-0.0215672205395491, 0.013849031700432375, -0.022380007599585833], [0.01278961506029659, -0.03241169530693299, -0.021125739086421416]]	0.2834712962421699	[[-0.49999999999999983, -0.7071067811865477, 0.4999999999999999], [0.5000000000000002, -0.7071067811865474, -0.5], [0.7071067811865475, 1.1102230246251565e-16, 0.7071067811865476]]
6	[[-0.4871732334601276, -0.7856314367511983, 0.3813731587149939], [0.18798613468173503, 0.33212331739003315, 0.9243134290992746], [-0.8528326059476293, 0.5219936279631076, -0.014113773361090876]]	0.8718098162529497	0.12819018374705057	[[-0.4247224071462295, -0.6849211985166042, 0.33248486342312644], [0.16388815753498567, 0.2895483683071241, 0.805825520783173], [-0.7435078374857265, 0.4550791688797275, -0.012304526160568374]]	0.9298922037026961	0.13487635631137307	[[-0.43667156243939054, -0.6732682624873142, 0.35212862948963597], [0.15351026393677872, 0.28854259620716244, 0.8541435459495091], [-0.792786519153525, 0.5002575957263945, -4.279238612582733e-12]]	[[0.01634702920781568, 0.05728428553137385, -0.0025072975009080055], [-0.021296577107971778, -0.020296287301705473, -0.005368305547610279], [0.00025587218062899704, 0.014859790701015549, 0.013124287809025964]]	0.451141667901497	[[-0.7071067811865475, -0.7071067811865476, 1.9967346175427393e-16], [1.268410895014533e-16, 1.2684108950145333e-16, 1.0], [-0.7071067811865476, 0.7071067811865475, 0.0]]
6	[[0.9792681828595647, -0.06468287773609287, 0.1919634115312185], [-0.19461030959112274, -0.5634158260401757, 0.8029255472136342], [0.05621968907574672, -0.8236375005396755, -0.5643231470221494]]	0.8959050623324887	0.10409493766751168	[[0.8773313224050215, -0.057949717609999146, 0.17198099217343327], [-0.17435236154477973, -0.5047670907476337, 0.7193450624247785], [0.05036750404572012, -0.7379010062603738, -0.5055799642085449]]	0.9423654739388917	0.11386026729387212	[[0.9236561488532637, -0.005693031575174421, 0.17853833157824356], [-0.1842150022501103, -0.5286243092012779, 0.7013742508016927], [3.949875169304211e-05, -0.7753436100447079, -0.5309429413607459]]	[[0.0008276235995723903, 0.055261879158330654, -0.002361359708306332], [-0.0008209656188818838, 0.0023193127297519095, -0.0552750630359778], [-0.05293999518885161, 0.0008239335051676758, 0.00085570853746399]]	0.270455506111243	[[1.0, 0.0, 0.0], [0.0, -0.7071067811865474, 0.7071067811865477], [0.0, -0.7071067811865477, -0.7071067811865474]]
6	[[-0.004881392374527848, -0.8737977806315758, 0.48626495922677654], [-0.9964931464260065, -0.036369118883652976, -0.07535712519479704], [0.0835319168610627, -0.4849275469128966, -0.8705559678220334]]	0.9031873785087247	0.09681262149127597	[[-0.004408811982222862, -0.7892031268353745, 0.4391883737846842], [-0.9000200326224151, -0.03284812914319922, -0.06806160435664237], [0.07544497301155194, -0.4379804398629259, -0.7862751624223072]]	0.9042771934283477	0.09561977187188857	[[-0.004414131839089799, -0.793470683309524, 0.4364030341810454], [-0.9044213044282134, -0.03523202068734212, -0.06579947379819229], [0.07222072881553573, -0.43616466536296755, -0.7895681633024588]]	[[-4.2629242834876185e-11, -0.00331527861608471, -0.003315278411094058], [-0.0033152787075205925, -0.002344255935770496, 0.002344255877787444], [-0.0033152785252760567, 0.0023442557755200735, -0.0023442559980510645]]	0.2886618823560758	[[-1.9967346175427393e-16, -0.7071067811865476, 0.7071067811865475], [-1.0, 1.2684108950145333e-16, -1.268410895014533e-16], [0.0, -0.7071067811865475, -0.7071067811865476]]
6	[[0.34528785424661446, 0.721296251312937, 0.6004231970466106], [-0.4727265086543158, -0.4190107345154037, 0.7752158746932126], [0.8107440691890812, -0.5515085876056384, 0.1962965411614891]]	0.9128001638560924	0.08719983614391248	[[0.31517880993383, 0.6583993363872362, 0.5480663926471446], [-0.4315048345587782, -0.38247306712312107, 0.7076171774438039], [0.7400473192011517, -0.5034171291344692, 0.17917951493659023]]	0.917934564779288	0.10923370424631398	[[0.33043223656305293, 0.6305412043003734, 0.5727149842677984], [-0.4748774414281073, -0.40954918269799745, 0.7018950099468914], [0.7346663220143776, -0.5325852093191389, 0.14697412533725038]]	[[0.0134805803516129, -0.031561556225499346, 0.021565778203428965], [-0.04094543944687574, -0.024924746472750562, -0.009702436599618043], [-0.009543682284090794, -0.026336413983316626, -0.03321325474150066]]	0.2913031380435695	[[0.5, 0.5000000000000001, 0.7071067811865475], [-0.5000000000000001, -0.4999999999999998, 0.7071067811865476], [0.7071067811865475, -0.7071067811865476, 1.9967346175427393e-16]]
6	[[-0.19923769144659614, 0.8439754804473203, -0.49800575369241046], [-0.7021380284509187, 0.23156213831599123, 0.6733358486680942], [0.6835982236007403, 0.4838226581116686, 0.5464513740376828]]	0.9041884350159008	0.09581156498410133	[[-0.18014841642527932, 0.7631128688574551, -0.450291043060054], [-0.6348650851101859, 0.20937580745287207, 0.6088224872473055], [0.6181016079772045, 0.43746685206322333, 0.49409501270342093]]	0.9041884352066608	0.09464218857758522	[[-0.17709543031133126, 0.7810410025042178, -0.45991789426182395], [-0.655363449302942, 0.20367035259207553, 0.5980411235057019], [0.607284357074826, 0.44461930659180615, 0.5104966767756584]]	[[0.00305298615195392, 0.01792813348576667, -0.00962685110676971], [-0.020498364058815614, -0.0057054549049689, -0.010781363870050182], [-0.010817251032780837, 0.007152454436288822, 0.01640166396799687]]	0.24787029597938862	[[-0.14644660940672638, 0.8535533905932737, -0.4999999999999999], [-0.8535533905932738, 0.14644660940672602, 0.5], [0.4999999999999999, 0.5, 0.7071067811865476]]
6	[[-0.30856070057004426, 0.1412364016461924, 0.9406607108377383], [0.9283791655349412, 0.26005680283238586, 0.2654855632633233], [-0.2071289913661773, 0.9552082171708078, -0.21136424197341674]]	0.8705178496270359	0.12948215037296612	[[-0.2686075975396462, 0.12294880865010377, 0.8188619392271047], [0.8081706348200214, 0.22638408878253072, 0.2311099216390111], [-0.18030948415950204, 0.8315258031576059, -0.18399634541074664]]	0.8968252816072085	0.14906833332076067	[[-0.26663508366192734, 0.11065899133553674, 0.8437196770677214], [0.8433893782201705, 0.22211539466536823, 0.22079862865010455], [-0.1114564033231452, 0.8890107097526267, -0.15649544636573665]]	[[0.010089953519721188, -0.016005384343998223, 0.00011137017382817383], [0.010795471651031723, -0.011110120768656175, -0.017295536386173406], [0.07430211268784315, 0.03235583139489786, 0.033061349463767445]]	0.41922775010310676	[[0.0, 0.0, 1.0], [1.0, 1.7938038903913487e-16, 0.0], [-1.9967346175427393e-16, 1.0, 0.0]]
6	[[-0.43776478212225356, 0.8965698997575128, 0.0672637374984425], [-0.25427414048209707, -0.19521750927551854, 0.9472247809017422], [0.8623842861599152, 0.39755822079422076, 0.3134338910574078]]	0.8768841520198404	0.12311584798016148	[[-0.38386899975542155, 0.7861879362753779, 0.05898250541800683], [-0.22296896405721817, -0.17118314008048857, 0.8306063987732057], [0.7562111134845729, 0.3486125033196566, 0.2748452117741547]]	0.8999658442884785	0.15050949891314702	[[-0.38000034625638074, 0.828423902873427, 0.03422099434625584], [-0.17213986833044875, -0.17191457970408516, 0.890898047569615], [0.771296034762565, 0.3229657957493528, 0.22917441883897757]]	[[0.013973005486035056, 0.021541616074519803, -0.026314071961528584], [0.056698173189248795, 0.0037745108509507344, 0.03842809789440986], [-0.0048203674324598135, -0.03482302408154345, -0.05290537755512527]]	0.46727318197841383	[[-0.7071067811865475, 0.7071067811865476, 1.9967346175427393e-16], [1.268410895014533e-16, -1.2684108950145333e-16, 1.0], [0.7071067811865476, 0.7071067811865475, 0.0]]
6	[[-0.6688443635042012, -0.7106257709593319, -0.21830765231002544], [0.3076282537140923, 0.0027649952570922287, -0.9515026076254579], [0.6767658937368799, -0.7035647578223935, 0.2167592134716278]]	0.8836160931036829	0.11638390689631699	[[-0.5910016433740023, -0.6279203673938778, -0.1929001548288218], [0.2718252756751549, 0.002443194306521895, -0.8407630167279738], [0.5980012349696051, -0.6216811425524627, 0.1915319293520267]]	0.908900339087744	0.11625212834106542	[[-0.6328021904881527, -0.6551438421550564, -0.17600135708838438], [0.24992238379097734, 0.009586083479342726, -0.8594937282408754], [0.637539078221672, -0.6496536081631202, 0.163210789768693]]	[[-0.02488932170225731, -0.009255837965629145, 0.02241854212164716], [-0.02968104032273208, 0.007072978352595585, 0.005327314472775166], [0.022426327921201545, -0.010183361208159786, -0.033801732856062326]]	0.3114860219236992	[[-0.7071067811865475, -0.7071067811865476, -1.9967346175427393e-16], [1.268410895014533e-16, 1.2684108950145333e-16, -1.0], [0.7071067811865476, -0.7071067811865475, 0.0]]
6	[[0.648727301424343, -0.24025956634810233, -0.722099874785276], [0.6191713111804977, -0.3850481214649154, 0.6843718518227958], [-0.4424700846359139, -0.8910742308778553, -0.10102939803703481]]	0.879573365261194	0.12042663473880867	[[0.5706032556506228, -0.21132591530899494, -0.6351398169195728], [0.5446065938482132, -0.3386780719843966, 0.6019552527978119], [-0.38918490137061595, -0.7837651599507662, -0.08886276762174614]]	0.9269656606373081	0.10856417766342781	[[0.5693961683976538, -0.25337310030644306, -0.6884051202788173], [0.5802381408617201, -0.3667451307200392, 0.6733104975118652], [-0.43899516677533285, -0.7869271811978914, -0.07540812103872588]]	[[-0.03195176314062027, -0.030660732662141327, -0.019043332802365195], [0.0062875973456212025, -0.009818744429158978, 0.038921291765368675], [-0.028840592458557666, 0.03906803190468065, 0.018242661656463523]]	0.34045987406270317	[[0.5000000000000001, -0.49999999999999983, -0.7071067811865476], [0.5000000000000002, -0.4999999999999999, 0.7071067811865475], [-0.7071067811865474, -0.7071067811865477, 0.0]]
6	[[-0.20962728376771522, 0.9146782181840727, -0.3455722197743615], [-0.11263779594486362, 0.32848192764058937, 0.9377698812279087], [0.9712719129187527, 0.23550664617613754, 0.03416856423694914]]	0.8747465373922818	0.1252534626077252	[[-0.1833707406187599, 0.8001116041846604, -0.3022881026665862], [-0.0985295219822679, 0.2873384287995458, 0.8203109564748778], [0.8496167426920634, 0.2060086232754463, 0.029888833253936688]]	0.9255613760624086	0.13469502000653852	[[-0.1727819027983707, 0.7948802202891362, -0.32242105112102676], [-0.11209859909071723, 0.27811954220521584, 0.8613035323454475], [0.9049358112161076, 0.2170834117220977, 0.005145295411996486]]	[[0.021241014425901077, -0.0517106099876267, -0.0025727518577279293], [-0.007845405679352485, -0.025910642753440558, -0.006660049353738262], [0.005964042964258411, -0.0008924437845311881, -0.026479807921230968]]	0.41985710386900205	[[0.0, 1.0, -1.9967346175427393e-16], [0.0, 1.7938038903913487e-16, 1.0], [1.0, 0.0, 0.0]]
6	[[0.574704889092418, -0.24730035866747077, 0.780100521122895], [-0.20680691382082303, -0.9661955377213083, -0.1539385698366041], [0.7917987060163579, -0.07286093253845069, -0.6064207233105157]]	0.8844194835562201	0.11558051644378062	[[0.5082802012083507, -0.2187172554959524, 0.6899361000134493], [-0.1829040639172676, -0.8545221584858042, -0.13614627043427263], [0.7002822026554701, -0.06443962832708172, -0.5363303029280766]]	0.8909590443177887	0.10878386823078971	[[0.532017921837691, -0.22497168001054607, 0.7103798290717137], [-0.19959870459463602, -0.860840652916193, -0.12836872205182814], [0.7100974071991865, -0.08197608556656692, -0.5402960280974209]]	[[0.019979403087148614, -0.0046371887927302395, 0.015342214300250585], [-0.015342214298524427, -3.90482498163359e-12, 0.008784239013440064], [0.004637188794790584, -0.017059978744005905, -2.18166521726198e-12]]	0.37019654086057385	[[0.4999999999999999, -0.5, 0.7071067811865476], [-0.14644660940672619, -0.8535533905932737, -0.5], [0.8535533905932738, 0.1464466094067262, -0.4999999999999999]]
6	[[0.24646923027241593, 0.7083253665859152, 0.6614590641754414], [0.9286246270354669, -0.36790822982092686, 0.04795661052734279], [0.27732511713179175, 0.6024273478860003, -0.7484464375804571]]	0.8768099997664486	0.12319000023355257	[[0.21610668573759328, 0.6210667645107657, 0.5799739219051832], [0.8142273590140849, -0.3225856149033615, 0.042048835665279054], [0.24316143588755673, 0.5282143227592261, -0.6562453207601203]]	0.8773085700956803	0.12278884062972385	[[0.21291541577258516, 0.6247340675584948, 0.5803037061120014], [0.8146903440469861, -0.3227690432239825, 0.046759664588860717], [0.2466138544283172, 0.5318288281775626, -0.6566184742194909]]	[[-0.0033141522102891684, 0.003314153036506829, 3.4341952235347905e-10], [3.468682165446269e-10, -1.933516185662367e-10, 0.004686919180483356], [0.0033141524658069806, 0.00331415301716244, -2.7257366475684546e-10]]	0.3841607723062677	[[0.0, 0.7071067811865475, 0.7071067811865476], [1.0, -1.2684108950145333e-16, 1.268410895014533e-16], [1.9967346175427393e-16, 0.7071067811865476, -0.7071067811865475]]
6	[[-0.9588610349856624, -0.2231075811005983, 0.17552356776702127], [-0.1293663018671285, -0.20694792700785122, -0.9697612672448699], [0.252685329070461, -0.9525731272519675, 0.16957170079338071]]	0.8869354895736247	0.11306451042637734	[[-0.8504478814980831, -0.19788203167104804, 0.15567808150915283], [-0.11473956428085128, -0.1835494609569558, -0.8601156843333679], [0.22411558604718046, -0.8448709129739013, 0.15039915946100818]]	0.9046662942399666	0.13865854690021173	[[-0.890646156718419, -0.15117936876383084, 0.1128241627603689], [-0.0807432060108667, -0.19673515187080495, -0.9038572902584932], [0.1832603255135671, -0.8746816763648725, 0.119284870992758]]	[[-0.023196897506840182, 0.05065853984729035, -0.04596609284319989], [0.03629012689879752, -0.009516337643968921, -0.026546958322622567], [-0.045335574745413644, -0.012920875341258829, -0.03412093117195822]]	0.34468038893662056	[[-1.0, -1.7938038903913487e-16, 1.9967346175427393e-16], [-1.7938038903913487e-16, -2.87096493178452e-32, -1.0], [1.9967346175427393e-16, -1.0, 0.0]]
6	[[0.26616637265112986, 0.9073278585449115, 0.3254406538495851], [-0.9565105633649592, 0.2904108926461212, -0.02736888020603004], [-0.11934405825590477, -0.30400274758756485, 0.9451662950075098]]	0.8808050022634281	0.11919499773657243	[[0.23444067246542705, 0.7991789164993217, 0.28664975585059593], [-0.8424992889296662, 0.2557953669544911, -0.02410664659181977], [-0.10511884350221885, -0.26776714077695346, 0.8325072006134052]]	0.8864875382321584	0.16105159608505154	[[0.22139098597303122, 0.7704767096403875, 0.33272725333999636], [-0.888304483239239, 0.22139098608801527, -0.0482658440942208], [-0.04826584418200471, -0.33272725328885144, 0.8421874913165128]]	[[-0.014562186478652253, -0.03385813005054814, 0.04422816926821387], [-0.04036978862878001, -0.0360546512096482, -0.024003672856206453], [0.05753117622390766, -0.06323260596413832, 0.004309349235295528]]	0.4370300711422731	[[1.9967346175427393e-16, 1.0, 0.0], [-1.0, 1.7938038903913487e-16, 0.0], [0.0, 0.0, 1.0]]
6	[[0.2996549344758955, 0.21795608323613597, 0.9288175633700135], [0.8916359750523828, -0.4103184136620505, -0.1913742077769225], [0.3393997764239587, 0.8855133794529706, -0.31729142215500555]]	0.8641717461062902	0.1358282538937212	[[0.2589533279554041, 0.18835148902465976, 0.8026578955516555], [0.7705266174522128, -0.3545855799938971, -0.1653801832942912], [0.2932996974203763, 0.7652356433223452, -0.2741942823082345]]	0.8802790040547522	0.1769755680789042	[[0.21880401418424317, 0.16785556504820046, 0.8398403578958228], [0.8114538703652212, -0.3872564486715293, -0.14542800092440192], [0.23638660830342592, 0.8076059087734527, -0.2280938153598078]]	[[-0.04497593309629104, -0.0240065988305804, 0.0222217582639064], [0.02656544226672301, -0.026061764147774353, 0.023034696099234246], [-0.06237988886346207, 0.028107073031433092, 0.05121116172991565]]	0.5333078479539118	[[0.0, 0.0, 1.0], [0.7071067811865477, -0.7071067811865474, 0.0], [0.7071067811865474, 0.7071067811865477, 0.0]]
6	[[0.5403191569681028, 0.6036400661371987, -0.5862370503193712], [0.4146608078153325, 0.41521567174819174, 0.8097236321095203], [0.7321964374914798, -0.6805987191352745, -0.02595689573522414]]	0.9153472230455236	0.0846527769544774	[[0.49457963988905146, 0.5525402582577014, -0.536610456056235], [0.37955861893957854, 0.3800665120996888, 0.7411782780857834], [0.6702139757816529, -0.6229841475688149, -0.02375957243011976]]	0.9628490885883824	0.06552464219668463	[[0.5039514202542629, 0.5618189538374809, -0.5539112041092661], [0.40167803645796074, 0.3916743685930549, 0.7605587990225953], [0.7140521214868463, -0.6661882557540872, -0.01000366786381855]]	[[-0.016294387579318483, -0.01939533367815175, 0.010546605487482937], [0.00242225557964487, -0.008115662517304171, -0.01908286216252991], [0.009057448980513961, -0.010874399340267968, 0.014988905537425042]]	0.16429196015638983	[[0.5000000000000001, 0.5000000000000001, -0.7071067811865474], [0.49999999999999983, 0.4999999999999999, 0.7071067811865477], [0.7071067811865476, -0.7071067811865475, 0.0]]
6	[[-0.28551340625994115, -0.7402800071091643, -0.6086605013636927], [-0.9037881084920453, 0.4192574902120425, -0.08596634137539147], [0.31882463799746885, 0.5255555802915186, -0.7887599015101034]]	0.8507203495826976	0.14927965041730237	[[-0.242892064784004, -0.629771266436991, -0.5177998744973006], [-0.7688709356050383, 0.3566708786383533, -0.07313331598721845], [0.27123060749278405, 0.44710082699073805, -0.6710140991494896]]	0.8643111642998884	0.1561134893856652	[[-0.19249352410028495, -0.6973861006936857, -0.5260720666536591], [-0.7811541524142788, 0.3623689295340145, -0.15106362587118785], [0.3298425946130163, 0.5117973813445387, -0.6817339888832541]]	[[0.05427890048747233, -0.05755382584123442, -5.6651037714316345e-11], [-8.312621254874062e-11, 2.7395127775595205e-11, -0.07676195726642152], [0.05427890053793352, 0.05755382583847341, -5.599076364237768e-11]]	0.4615252113906422	[[-1.9967346175427393e-16, -0.7071067811865476, -0.7071067811865475], [-1.0, 1.2684108950145333e-16, 1.268410895014533e-16], [0.0, 0.7071067811865475, -0.7071067811865476]]
6	[[-0.16743794764991254, 0.7773753727082936, -0.606343189615771], [-0.9312695185128573, 0.07714504854866044, 0.35606983215832233], [0.3235762932843136, 0.6242885321636675, 0.711028980445465]]	0.9344187404728519	0.06558125952714886	[[-0.1564571561503903, 0.7263941166406971, -0.5665784395350589], [-0.8701956905295432, 0.07208577909855593, 0.3327183240857596], [0.3023557524176028, 0.5833469039160195, 0.6643988043475478]]	0.938851508218919	0.05730009175613446	[[-0.14798412099151997, 0.7475661774244221, -0.5751059493014762], [-0.8820526307690131, 0.07188772550812646, 0.34204922832087836], [0.31005353790281476, 0.5883589982165697, 0.6726346761419618]]	[[0.009215248692680363, 0.01772613630499618, -0.00583973123243971], [-0.007728838754910124, -0.0005400196734046687, 0.007752529367780302], [0.006263446928949495, 0.0022447682309339463, 0.005084045463377135]]	0.21874567872831108	[[-0.14644660940672638, 0.8535533905932737, -0.4999999999999999], [-0.8535533905932738, 0.14644660940672602, 0.5], [0.4999999999999999, 0.5, 0.7071067811865476]]
6	[[0.6569714475509829, -0.30708792903278176, -0.688538685147845], [0.5770443935784932, 0.7925721197384169, 0.19710201128598737], [0.4851889167555201, -0.5268077816962367, 0.6979006205770957]]	0.8945643664716273	0.10543563352837411	[[0.5877032467683919, -0.2747099186862938, -0.6159421726704891], [0.5162033523675483, 0.7090067761768716, 0.17632043585633278], [0.4340327159364565, -0.4712634694854169, 0.6243170265067053]]	0.9171345683247452	0.10746163193205886	[[0.6416413220029061, -0.22564624579480422, -0.620810770994478], [0.4913568303556401, 0.743890500675202, 0.23291955761925923], [0.4831065197826209, -0.5171799381191624, 0.6825242211607555]]	[[0.039110097051553924, 0.055994709436416566, 0.010671858783479997], [-0.037870530453185655, 0.016995211772678577, 0.05215048958254523], [0.03812299205809693, -0.0340263106630674, 0.042455436774208676]]	0.25128908354543006	[[0.5000000000000001, -0.49999999999999994, -0.7071067811865475], [0.7071067811865475, 0.7071067811865476, 1.268410895014533e-16], [0.4999999999999999, -0.5, 0.7071067811865476]]
6	[[0.8875576111457726, 0.3128668588496867, -0.3381653671367607], [-0.3273769476023962, 0.9447770405743245, 0.014855227435465884], [0.3241385831334306, 0.09752267550242714, 0.9409694504536801]]	0.8646309047848058	0.1353690952151951	[[0.7674097403736094, 0.27051435524438455, -0.2923882273543436], [-0.28306022641114725, 0.816883427411689, 0.012844288738310831], [0.280260236410323, 0.0843211191566986, 0.8135912673206278]]	0.8694199341295629	0.13138190920200457	[[0.7716602802753181, 0.2653267438113449, -0.30069365144694243], [-0.27794210429273547, 0.8261356664683368, 0.008187757370921908], [0.28849848590811905, 0.08006048443489594, 0.8228252719438491]]	[[4.5676773531068305e-10, -0.006685940001072885, -0.0066859402260006865], [0.00668593992727746, 0.00472767408508248, -0.004727673487500611], [0.006685940311402273, -0.004727673676563093, 0.004727674312479023]]	0.47612592643776824	[[1.0, 3.133961632045815e-16, 0.0], [-2.7817808468846267e-16, 1.0, 0.0], [0.0, 0.0, 1.0]]
6	[[0.1500697479079782, -0.48793689800337037, 0.859881767645811], [0.7237996175280507, -0.5382464804175793, -0.4317462680606933], [0.6734932697726708, 0.6871741481494608, 0.2723940265240403]]	0.9075184478697178	0.09248155213028306	[[0.13619106469364825, -0.44281173633438353, 0.7803585671253963], [0.656861505467752, -0.48846861047990014, -0.3918177030639836], [0.6112075668347952, 0.6236232163447929, 0.24720260416007966]]	0.9308187132045251	0.09440092642608712	[[0.12833587957482395, -0.4928091017913636, 0.773852830484993], [0.6734847546277964, -0.5000314569867826, -0.4392158284256385], [0.6599416540650249, 0.6198914812525267, 0.2577214870216661]]	[[-0.011351850063807964, -0.038628306266858634, -0.0265412099831129], [-0.00024147397759130543, 0.0009784393023729882, -0.037338322758528296], [0.033041515343319124, -0.01974307507537064, 0.004172029767959832]]	0.3068102739800326	[[0.0, -0.7071067811865475, 0.7071067811865476], [0.7071067811865475, -0.5000000000000001, -0.5], [0.7071067811865476, 0.5, 0.4999999999999999]]
6	[[-0.8598553706683427, -0.29151891260974605, 0.4191246415132833], [0.4738316458013455, -0.15002286318554503, 0.8677423073463686], [-0.19008501511164744, 0.9447274020120526, 0.2671288507772275]]	0.8680572045497095	0.13194279545030407	[[-0.7464036493794037, -0.25305509235338597, 0.36382416466991363], [0.41131297388150256, -0.130228427235387, 0.753249961584596], [-0.16500466684461035, 0.8200774276521104, 0.2318831234602619]]	0.8966446724989648	0.16491519599828358	[[-0.7530385182501165, -0.2193713095772233, 0.37684644875287526], [0.5151365791965341, -0.13829013055047992, 0.7628966068847061], [-0.16208966188810536, 0.8518517806289782, 0.1955717782149382]]	[[0.01794621897927465, 0.04201757034699693, 0.0010405718269506014], [0.09027795832734183, -0.0037729295221197987, -0.015159910099375219], [0.008349054233638553, 0.004766988651084456, -0.043947882705234004]]	0.4497344979410343	[[-0.7071067811865476, -1.1102230246251565e-16, 0.7071067811865475], [0.7071067811865475, -1.3401577416544657e-16, 0.7071067811865476], [0.0, 1.0, 1.9967346175427393e-16]]
6	[[-0.3165369632697661, -0.9278010874929129, 0.1974575724831094], [-0.8157660753724355, 0.3724826131232639, 0.4424730649342605], [-0.48407650341181413, -0.021020108654157543, -0.8747731670991965]]	0.8623534477032389	0.13764655229676137	[[-0.27296674160119605, -0.8000924665823277, 0.1702782184059213], [-0.7034786876167618, 0.3212116656363583, 0.3815681730618787], [-0.417445041669307, -0.018126763169009578, -0.7543636566062735]]	0.8632204761405153	0.13725010791747924	[[-0.270017574175545, -0.8008968965422739, 0.17367303370811676], [-0.7074095939986866, 0.3215346186629396, 0.38517542380036396], [-0.4178647497856553, -0.022703866805582507, -0.7551221098343092]]	[[0.0032236139742552574, -3.2953628120903427e-11, 0.003223613971696417], [-0.0032236139964121253, 8.612555459394678e-12, 0.003223614008458597], [-2.20731742434471e-11, -0.0045588786046152924, -1.5993939466976446e-11]]	0.47078409851061054	[[-1.9967346175427393e-16, -1.0, 0.0], [-0.7071067811865476, 1.3401577416544657e-16, 0.7071067811865475], [-0.7071067811865475, 1.1102230246251565e-16, -0.7071067811865476]]
6	[[-0.9506790929980296, 0.17724456833992716, -0.25454591949280275], [0.013897849357551978, -0.7954843399685079, -0.6058147527488101], [-0.30986466710433175, -0.579473060511755, 0.7537870125051647]]	0.9325066616908819	0.06749333830912133	[[-0.8865145873509064, 0.16528174072550966, -0.2373657656332685], [0.012959837109096343, -0.7417944462914108, -0.5649262926888816], [-0.2889508662974153, -0.5403624891976153, 0.7029114106571347]]	0.9353865274020313	0.06328363052711479	[[-0.8907538724826435, 0.16202343791469864, -0.2455739116285732], [0.013765690407509551, -0.7545211873609485, -0.5671911251269938], [-0.2973183228554402, -0.545757888219692, 0.7066854295949602]]	[[-0.0015014570095024282, -0.003768743365658928, -0.007475087929842941], [0.0007658293585921773, -0.010435852995109907, -0.0005201673043642959], [-0.007475087928132821, -0.003726594424573466, 0.0016032135670021584]]	0.2714903575345174	[[-0.8535533905932738, 0.1464466094067262, -0.4999999999999999], [0.14644660940672619, -0.8535533905932737, -0.5], [-0.4999999999999999, -0.5, 0.7071067811865476]]
6	[[-0.9377842524711256, -0.012787777579644166, -0.34698295139926694], [-0.21556114428834758, -0.7619772552868597, 0.6106750817731164], [-0.2722022940576928, 0.6474775171155194, 0.7118137227812147]]	0.9260313799074302	0.07396862009257685	[[-0.8684176453712914, -0.01184188331803331, -0.32131710128861507], [-0.19961638389976552, -0.7056148491713664, 0.565504288649439], [-0.25206786598021097, 0.5995844986335239, 0.6591618439441387]]	0.9290404102879514	0.07143917319428386	[[-0.871590452809517, -0.01845614257696426, -0.3256929300956283], [-0.19368923341859598, -0.7107599315212194, 0.5717434236225336], [-0.25861535737850616, 0.5995278638419074, 0.6662016767693459]]	[[-0.00035098613216169475, -0.006575780447700959, -0.0033317465647282963], [0.006575780513188647, -0.002852269639431891, 0.004401595099412059], [-0.005728426425824967, -0.0020049143113206524, 0.0048979637080894586]]	0.2715228240700073	[[-0.8535533905932738, -0.1464466094067262, -0.4999999999999999], [-0.14644660940672619, -0.8535533905932737, 0.5], [-0.4999999999999999, 0.5, 0.7071067811865476]]
