7	[[-0.9377842524711256, -0.012787777579644166, -0.34698295139926694], [-0.21556114428834758, -0.7619772552868597, 0.6106750817731164], [-0.2722022940576928, 0.6474775171155194, 0.7118137227812147]]	0.7152244968816298	0.2847755031183714	[[-0.6707262701571755, -0.00914613178563422, -0.24817070684104536], [-0.15417461097086066, -0.5449847990477906, 0.43676977811932705], [-0.19468574881743791, 0.4630917814211121, 0.509106611749634]]	0.765680376128422	0.34025850798035456	[[-0.6803898624377004, -0.011798757118651767, -0.15914490861082922], [-0.11253244411730205, -0.6120321351045146, 0.42490874794492267], [-0.11741964931368892, 0.5256424348279305, 0.49949969107495895]]	[[0.037653136721702514, -0.002007406771623259, 0.10653312812671148], [0.052518493920072955, -0.02860110367516882, -0.042673178359371934], [0.09100030558342492, 0.029881605988223103, -0.045522107917534]]	0.3526622950495292	[[-0.6274401756405886, -0.10765171498441126, -0.36754594531249984], [-0.10765171498441123, -0.6274401756405885, 0.3675459453124999], [-0.36754594531249984, 0.3675459453124999, 0.5197884606561773]]
7	[[-0.8598553706683427, -0.29151891260974605, 0.4191246415132833], [0.4738316458013455, -0.15002286318554503, 0.8677423073463686], [-0.19008501511164744, 0.9447274020120526, 0.2671288507772275]]	0.6885159855568864	0.3114840144431142	[[-0.5920241679720952, -0.20071543142397102, 0.2885740156226951], [0.3262406625969547, -0.10329313950226132, 0.5974544499519917], [-0.13087657151919188, 0.6504599182789264, 0.18392248396356173]]	0.7425308483236539	0.3665528836793669	[[-0.597671091149258, -0.12637004457522868, 0.39711633659926326], [0.34477215026563285, -0.052456511487326135, 0.5759428926585823], [-0.1787142309082899, 0.6664080068868382, 0.17882655605606476]]	[[0.04079804666875632, 0.0900917409072753, 0.08590336098305733], [-0.007062463653833348, 0.05894009238178009, -0.0683825389416416], [-0.03757024338382368, -0.035081232363773154, -0.019524856123272875]]	0.44626323683665514	[[-0.5759428926938253, 9.042835924510938e-17, 0.5759428926938254], [0.5759428926938254, -1.0915668565634475e-16, 0.5759428926938253], [1.6263528255799205e-16, 0.8145062499999999, 0.0]]
7	[[0.7682057170631343, 0.5541913911831843, 0.3205181402198053], [0.09030813392978146, -0.589450211148092, 0.8027408607536998], [0.6338015598100375, -0.5877247234172788, -0.5028670125057387]]	0.6914747172990161	0.30852528270098434	[[0.5311948310337189, 0.38320933554794095, 0.22163019039769682], [0.062445791378897324, -0.40758991811547224, 0.5550750097540327], [0.4382577543933215, -0.40639678697460513, -0.34771982531140694]]	0.7320014581746409	0.37910739875769567	[[0.5035642237518508, 0.3796863799231928, 0.2094594180307055], [0.024382737582961844, -0.4583540756493096, 0.6020105219143205], [0.41040565478177815, -0.37691292120167696, -0.281380554732193]]	[[-0.0587634813164586, -0.025982526530730906, -0.025160327981615736], [-0.04172294813866895, -0.026875661567556438, 0.014403041306246131], [-0.053538011192531126, 0.05330243334505866, 0.08671883168993325]]	0.34643647778253095	[[0.4937990376233683, 0.3491686480468748, 0.3491686480468749], [-8.85778634760302e-17, -0.49379903762336835, 0.4937990376233683], [0.49379903762336835, -0.34916864804687486, -0.3491686480468748]]
7	[[0.8875576111457726, 0.3128668588496867, -0.3381653671367607], [-0.3273769476023962, 0.9447770405743245, 0.014855227435465884], [0.3241385831334306, 0.09752267550242714, 0.9409694504536801]]	0.7013296310867214	0.2986703689132784	[[0.6224704519930768, 0.21942279869631195, -0.23716539218033017], [-0.22959915388828556, 0.6626001333251959, 0.010418411177024548], [0.22732799292994135, 0.06839554203270715, 0.659929757550555]]	0.7573759706883373	0.41283933144985524	[[0.4938370304844063, 0.2427534930801051, -0.250681929944056], [-0.26086209352306666, 0.7239264881767343, -0.03160602523285356], [0.2431811020638337, 0.04971462567785767, 0.6667850007782321]]	[[-0.1783777767989453, 0.005795652162612612, 0.005436393244326053], [-0.012914660051716912, 0.008375059987700313, -0.04285701753158554], [-0.0023136719743904466, -0.024146705344916773, -0.045882650147195565]]	0.3967393318203242	[[0.49379903762336835, 0.34916864804687486, -0.3491686480468748], [-0.34916864804687486, 0.596068166858559, 0.10226912923519066], [0.3491686480468748, 0.10226912923519067, 0.5960681668585591]]
7	[[0.1500697479079782, -0.48793689800337037, 0.859881767645811], [0.7237996175280507, -0.5382464804175793, -0.4317462680606933], [0.6734932697726708, 0.6871741481494608, 0.2723940265240403]]	0.7461499410585765	0.2538500589414241	[[0.11197453355621342, -0.36407408768551963, 0.6416007302462657], [0.5400630419567758, -0.4016125796385637, -0.322147452465747], [0.5025269635442257, 0.5127349501386972, 0.2032467868356206]]	0.7887468662949174	0.3086787640741063	[[0.19575944181772273, -0.33958675557773105, 0.6329556807504645], [0.5635274648751408, -0.4523484929607477, -0.2931698285874375], [0.5401964016959767, 0.5171105378890405, 0.12750314285561418]]	[[0.0773923984296369, 0.045271943672090205, -0.04527336886430299], [-0.0073672152755692635, -0.02780826823711343, 0.04736868737995948], [0.008980695692065065, -0.024895918062726115, -0.08734679196267721]]	0.3521548417301128	[[0.0, -0.5471457480591339, 0.547145748059134], [0.5471457480591339, -0.38689046875, -0.3868904687499999], [0.547145748059134, 0.3868904687499999, 0.38689046874999977]]
7	[[0.39514561495520173, 0.8903073900525152, 0.22630221872432854], [-0.7137866099724287, 0.4526453451835295, -0.5344350913887965], [-0.5782461572771092, 0.04964818930798781, 0.814350317058141]]	0.707644611465948	0.29235538853405274	[[0.27962266516744716, 0.6300212271189733, 0.16014154564305977], [-0.5051072482835344, 0.32031203942426884, -0.378190112599594], [-0.4091927772980375, 0.03513327363283881, 0.5762706137117793]]	0.7504989007108949	0.3692285471109919	[[0.23461984275862285, 0.7152105791715753, 0.14303880989151266], [-0.5239424126406583, 0.32942929600164483, -0.3077041334504922], [-0.3187233918158073, 0.1164359668999237, 0.6011478798923862]]	[[-0.061936506885986335, 0.04703586164237649, -0.02680075648953246], [0.011753653485805928, -0.010280537970497557, 0.09338881513812625], [0.11524971356096252, 0.07917505540199249, -0.01002113785331666]]	0.40786714616013614	[[0.36754594531249996, 0.5197884606561772, 0.36754594531249984], [-0.36754594531249984, 0.5197884606561772, -0.3675459453124999], [-0.5197884606561772, 8.16115942187112e-17, 0.5197884606561773]]
7	[[0.6569714475509829, -0.30708792903278176, -0.688538685147845], [0.5770443935784932, 0.7925721197384169, 0.19710201128598737], [0.4851889167555201, -0.5268077816962367, 0.6979006205770957]]	0.6968648327193565	0.30313516728064355	[[0.4578202978990089, -0.21399877829556305, -0.4798183956463588], [0.40212194480271946, 0.552315637639538, 0.13735346012345856], [0.33811109331212125, -0.36711381666700316, 0.48634239921319294]]	0.7392602331779974	0.40291536721324694	[[0.39902728673143145, -0.22536156402262494, -0.40182222521186606], [0.4282014694299137, 0.6659649595995172, 0.12280021016742997], [0.3178031854516261, -0.32564011557107825, 0.44150959050519123]]	[[-0.08664557877639403, 0.0016563300002976939, 0.10718704372260204], [0.0016154964790201284, 0.08004790955131537, -0.02290946865570171], [-0.04087768628443909, 0.06380792796566516, -0.07442058499770163]]	0.3414594683647445	[[0.36754594531249996, -0.36754594531249984, -0.5197884606561772], [0.5197884606561772, 0.5197884606561773, 9.323985629055813e-17], [0.36754594531249984, -0.3675459453124999, 0.5197884606561773]]
7	[[-0.28551340625994115, -0.7402800071091643, -0.6086605013636927], [-0.9037881084920453, 0.4192574902120425, -0.08596634137539147], [0.31882463799746885, 0.5255555802915186, -0.7887599015101034]]	0.6701642897082083	0.3298357102917933	[[-0.19134088910836383, -0.4961092251495009, -0.40790253256984116], [-0.6056865157742953, 0.28097139813280003, -0.05761157210665234], [0.21366488706504985, 0.3522085821682504, -0.5285987191458353]]	0.7300006062773373	0.43093138693297245	[[-0.10652509823793922, -0.4805557051064583, -0.3402276163707009], [-0.7211329597866268, 0.34292062343766566, 1.1428544014537673e-12], [0.23639552520413368, 0.24057725468491845, -0.524679845528174]]	[[0.10189986143212547, 0.05984914889822352, 0.10409491864186286], [-0.06136709264118596, 0.036862401396559726, 0.06275548132462319], [0.0036533461698288294, -0.1430786375603281, 0.05111536078145423]]	0.4354799457656543	[[-0.3491686480468749, -0.3491686480468748, -0.4937990376233683], [-0.4937990376233683, 0.49379903762336835, 8.85778634760302e-17], [0.3491686480468748, 0.34916864804687486, -0.49379903762336835]]
7	[[0.6438892552647056, -0.6636492387928785, 0.380757553837473], [-0.15091110836074634, -0.5980263899765946, -0.7871405683007917], [0.7500883043535569, 0.4493708098454942, -0.48521480905966874]]	0.6881509009090921	0.31184909909090835	[[0.4430929710960908, -0.45669082156295154, 0.2620186537011996], [-0.10384961517563761, -0.41153239902980504, -0.5416714912182844], [0.5161739424022739, 0.30923492763742594, -0.33390100798884476]]	0.7312234058086404	0.40414702801907515	[[0.44034139166174485, -0.5295277741383491, 0.2745031264422644], [-0.10685904596689393, -0.4805063022369721, -0.4742900957760829], [0.44616010419180824, 0.26599315361397724, -0.31405483489453445]]	[[-0.030485502536502042, -0.044251917485908586, -0.0039157088621396], [0.003490688663007689, -0.04321540859484068, 0.10128551142697097], [-0.10232202037482782, -0.06259730043223193, 0.04074559033486564]]	0.3502446031351064	[[0.4937990376233683, -0.3491686480468748, 0.3491686480468749], [8.85778634760302e-17, -0.49379903762336835, -0.4937990376233683], [0.49379903762336835, 0.34916864804687486, -0.3491686480468748]]
7	[[-0.16743794764991254, 0.7773753727082936, -0.606343189615771], [-0.9312695185128573, 0.07714504854866044, 0.35606983215832233], [0.3235762932843136, 0.6242885321636675, 0.711028980445465]]	0.7085332613249422	0.2914667386750582	[[-0.11863535511794752, 0.5507963080986993, -0.42961431762062985], [-0.6598354291244237, 0.0546598328432534, 0.25228731943856086], [0.22926456636817055, 0.44232918970168417, 0.503787682411574]]	0.7149401129080987	0.425366709703218	[[-0.15399394444215722, 0.5505442675604465, -0.3564193714967489], [-0.709648039409535, 0.125052452642431, 0.19731559964836803], [0.19731559964535167, 0.3564193714934132, 0.4170150482339905]]	[[-0.03428583924422853, -0.005232569175596131, 0.0770796969482069], [-0.043846104696082175, 0.06989836292275065, -0.057253006358070804], [-0.034022072009719476, -0.08990954217891024, -0.09132809132662065]]	0.32457697429299764	[[-0.10765171498441138, 0.6274401756405885, -0.36754594531249984], [-0.6274401756405886, 0.1076517149844111, 0.3675459453124999], [0.36754594531249984, 0.3675459453124999, 0.5197884606561773]]
7	[[-0.3165369632697661, -0.9278010874929129, 0.1974575724831094], [-0.8157660753724355, 0.3724826131232639, 0.4424730649342605], [-0.48407650341181413, -0.021020108654157543, -0.8747731670991965]]	0.6829185441951015	0.31708145580489894	[[-0.2161689621401268, -0.6336125679732915, 0.1348474379404638], [-0.5571017805970955, 0.25437528389212694, 0.3021730613504496], [-0.33058482098905095, -0.014355022000920033, -0.597398817776321]]	0.7378585112042947	0.3986222169477913	[[-0.1777077107488328, -0.7485510236459577, 0.10410216848306947], [-0.5559025021464102, 0.2818098792787543, 0.19264852161307736], [-0.2357690516988138, -7.813321726768655e-11, -0.6295114460835525]]	[[0.05585178171052523, -0.06396509453471158, -0.041593581975331764], [0.04601743971886632, 0.006970412910137357, -0.13383399532731782], [0.12141091641760796, 0.015509865998775725, 0.01594738063372608]]	0.4828046793301596	[[-1.467783425085878e-16, -0.7350918906249998, 0.0], [-0.5197884606561773, 9.851390880485112e-17, 0.5197884606561772], [-0.5197884606561772, 8.16115942187112e-17, -0.5197884606561773]]
7	[[0.406855499873406, -0.3245501708658478, -0.8538944834191807], [-0.8488954288502084, 0.21093624421169652, -0.4846467288191305], [0.33740947393335186, 0.9220483108106712, -0.18968858540040373]]	0.6903653911682631	0.30963460883173827	[[0.28087895631906334, -0.22405820566352733, -0.5894991990621061], [-0.5860480247991231, 0.14562308274677202, -0.33458332851963873], [0.23293582345587563, 0.6365502427688431, -0.13095443446010444]]	0.7485695817303908	0.355093802909578	[[0.2549815032878031, -0.21990997348700697, -0.6360954302885888], [-0.5747403531876318, 0.15305955912335562, -0.3060643671372921], [0.2812650505815708, 0.6608947468320933, -0.05453393296649477]]	[[-0.0495781480771414, 0.02303841216856785, 0.0031040060063954747], [0.06071694291960924, -0.004840896977973523, 0.05672743194184652], [0.028690581807410513, -0.029322571526664065, 0.08746117206571494]]	0.4527491869217922	[[0.3491686480468748, -0.34916864804687486, -0.49379903762336835], [-0.5960681668585591, -0.10226912923519055, -0.34916864804687486], [0.1022691292351908, 0.596068166858559, -0.3491686480468748]]
7	[[0.5403191569681028, 0.6036400661371987, -0.5862370503193712], [0.4146608078153325, 0.41521567174819174, 0.8097236321095203], [0.7321964374914798, -0.6805987191352745, -0.02595689573522414]]	0.7475036778581647	0.2524963221418438	[[0.40389055705088983, 0.45122316954009717, -0.4382143512104503], [0.30996047890560285, 0.31037524173612013, 0.6052713930505339], [0.5473195299395356, -0.5087500456991649, -0.01940287502786121]]	0.8218928343023622	0.22483147266051506	[[0.43203176941108323, 0.43412382715236203, -0.4865451682455162], [0.3440393878097194, 0.3440393878271596, 0.613077245411774], [0.5766296075787496, -0.574537549829793, -2.9685064952601544e-12]]	[[-0.012052673937294197, -0.06200361770360533, -0.004721137385471405], [0.003232641200268754, 0.0027766025272791643, -0.05242880558432298], [-0.025157397697215287, -0.015158339537145467, 0.02133378660254572]]	0.23747202008706442	[[0.4072531249999998, 0.40725312499999994, -0.5759428926938254], [0.40725312499999994, 0.40725312500000005, 0.5759428926938253], [0.5759428926938254, -0.5759428926938253, 0.0]]
7	[[-0.9506790929980296, 0.17724456833992716, -0.25454591949280275], [0.013897849357551978, -0.7954843399685079, -0.6058147527488101], [-0.30986466710433175, -0.579473060511755, 0.7537870125051647]]	0.7266674916851492	0.273332508314854	[[-0.6908275919063877, 0.12879786589039338, -0.18497024483652413], [0.0100991153324721, -0.5780526099997346, -0.44022588680583746], [-0.2251685804065578, -0.42108423538119427, 0.5477525176419699]]	0.7726643877042134	0.3299112457463872	[[-0.71258283265458, 0.09871894325413967, -0.10679234489639342], [0.019490915765362913, -0.6381168192578299, -0.47784258277164277], [-0.1396096683914508, -0.3986145553200012, 0.5393978760377729]]	[[0.02197304663993956, -0.03823162261612779, 0.08988622213111902], [0.008752542501104606, -0.023474398787772337, -0.009751097776804024], [0.09981172488788757, 0.049123642171400445, -0.043026504438918554]]	0.35264392077333984	[[-0.6274401756405886, 0.10765171498441126, -0.36754594531249984], [0.10765171498441123, -0.6274401756405885, -0.3675459453124999], [-0.36754594531249984, -0.3675459453124999, 0.5197884606561773]]
7	[[-0.010871777499557311, -0.0840287307277911, 0.9964040229075135], [0.9413747147740295, -0.3368748437119881, -0.018137972823285553], [0.33718756032528074, 0.9377923608594283, 0.08276495076773299]]	0.7524133204624737	0.24758667953753205	[[-0.008180070207771459, -0.06322433630115094, 0.749707659398015], [0.7083028749425362, -0.25346911973761377, -0.013647252358426178], [0.25370441188298304, 0.7056074641385842, 0.06227345142506262]]	0.8398587522646559	0.22124842904828063	[[-3.416693864998455e-11, -0.02819939958898345, 0.8485840192655394], [0.7713509454554743, -0.25453650717386045, -4.977945145753637e-12], [0.2545365071453411, 0.7431515458872885, 0.028199399614685282]]	[[0.009130757451508252, 0.04237286535444158, 0.011745379834951514], [-0.01927084790813964, 0.028390778735440422, 0.01523333521899925], [-0.028653416548613708, -0.04446157618743635, -0.041311468668348436]]	0.35640443321237586	[[0.0, 0.0, 0.8573749999999999], [0.8573749999999999, -1.5379626105242825e-16, 0.0], [1.7119503427157058e-16, 0.8573749999999999, 0.0]]
7	[[-0.2538643033432252, 0.48696402069590106, -0.8357146391177678], [-0.8713143736524561, 0.26000688613899875, 0.4161822694768838], [0.4199573523045962, 0.8338239992396379, 0.35829228366981253]]	0.6800702101810592	0.3199297898189414	[[-0.17264555013209557, 0.33116972390527544, -0.5683446302762075], [-0.5925549492236041, 0.17682293770507151, 0.28303316347677426], [0.2856004848488681, 0.5670588624169131, 0.24366390866158122]]	0.7337093514314688	0.38809838713809497	[[-0.19954083683022186, 0.3176839909345691, -0.5909937373568084], [-0.6264843705670035, 0.19954083684685467, 0.2821933576878757], [0.282193357726499, 0.5909937373284224, 0.11814315411581479]]	[[-0.013278223472662595, -0.039606064860680704, 0.02217790849207331], [0.01280713341845624, 0.008771353050093952, -0.023163465327285387], [-0.02593327886178308, -0.020790728361685527, -0.1447392449584632]]	0.45989589540585823	[[-0.3491686480468748, 0.34916864804687486, -0.49379903762336835], [-0.5960681668585591, -0.10226912923519055, 0.34916864804687486], [0.1022691292351908, 0.596068166858559, 0.3491686480468748]]
7	[[-0.3298322266022023, -0.8762827350930389, 0.35119691125136165], [0.9222848180711871, -0.37850758052406547, -0.0782478487960887], [0.201497932123461, 0.2980949172053785, 0.9330262609842703]]	0.7184591921738386	0.2815408078261627	[[-0.23697099507751643, -0.6295733859708267, 0.25232064915160096], [0.6626240053456196, -0.2719422505349946, -0.05621788623537857], [0.14476804153812048, 0.2141690334065039, 0.6703412937437365]]	0.7842939895041746	0.334666798673456	[[-0.19167113228427027, -0.6389685138584095, 0.18413870355138232], [0.7691742398010617, -0.321876858234223, -2.0129269939272866e-11], [0.1302057259561722, 0.13020572596791333, 0.7183612963725113]]	[[0.06701430058461551, 0.048294768381339066, -0.09130292307549157], [0.04583180037687865, -0.025015637847431212, 0.06136931748227455], [-0.027827891105778307, -0.10358832589800947, -0.013405592167005233]]	0.5004664266655987	[[-1.7119503427157058e-16, -0.8573749999999999, 0.0], [0.8573749999999999, -1.5379626105242825e-16, 0.0], [0.0, 0.0, 0.8573749999999999]]
7	[[0.5035622894699279, 0.5369873573117416, 0.6768083914308072], [0.7236893469787391, 0.16572605027924595, -0.6699317915492047], [-0.4719096838308055, 0.8271514095654997, -0.3051586406453477]]	0.6895678075622201	0.3104321924377805	[[0.34724034392078995, 0.3702891946700881, 0.4667052786186544], [0.4990328763522635, 0.11427934914700598, -0.4619633967148151], [-0.32541372604658886, 0.5703769840160811, -0.21042757478847976]]	0.7514995863358014	0.3629272792000932	[[0.4151400627488743, 0.3746659332839949, 0.47611821674465016], [0.5125860512109645, 0.2010643932579801, -0.47611821671021887], [-0.33819809881796403, 0.5332466000991833, -0.15129609539211544]]	[[0.03671321051791489, -0.02887984360333426, -0.03250300944420068], [-0.03126619367918468, 0.07652133502806059, 0.027335247512210833], [0.016441833368745225, -0.08835734202636447, 0.0780304968196588]]	0.4100145672460425	[[0.4072531249999998, 0.40725312499999994, 0.5759428926938254], [0.40725312499999994, 0.40725312500000005, -0.5759428926938253], [-0.5759428926938254, 0.5759428926938253, 0.0]]
7	[[0.388721369236936, 0.6072553768335828, 0.6929189017520486], [-0.1881814353775204, -0.6838834560027736, 0.704905075868346], [0.9019331707381749, -0.4044061398055253, -0.1515659249626253]]	0.7443566335572093	0.25564336644279223	[[0.2893473297969557, 0.45201456800935763, 0.5157787810363142], [-0.14007409973557225, -0.5090531870556928, 0.5247007692507527], [0.6713599386642483, -0.3010223928155076, -0.11281910166716322]]	0.8231565540462185	0.2696406678341325	[[0.29252890718550884, 0.4971062926146288, 0.555557548028667], [-0.17871047763611062, -0.5577550097877613, 0.5555575479785556], [0.6654177968147212, -0.29033144542122163, -0.09824538135985919]]	[[-0.027449635599695054, -0.0027599508057406233, -0.01482318737103948], [-0.023807695755279742, 0.005188139224700532, -0.024689685202920388], [-0.07701440399009431, 0.04255811905622794, 0.02651710314320329]]	0.3901877080128625	[[0.42868749999999983, 0.42868749999999994, 0.6062556765198162], [-0.42868749999999994, -0.42868750000000005, 0.606255676519816], [0.6062556765198162, -0.606255676519816, 0.0]]
7	[[0.4709175022496733, 0.19115318190370978, 0.8612184201020178], [0.8821529167293078, -0.0947858233539779, -0.46132621776469945], [-0.006552677384344174, 0.9769729314260427, -0.21326264014097962]]	0.7122347697685618	0.2877652302314388	[[0.3354038187947819, 0.13614594250371656, 0.6133897031618053], [0.6282999795473633, -0.06750975907384402, -0.3285725724978427], [-0.004667044668206, 0.6958340908843449, -0.1518930674010465]]	0.7776610083863936	0.31839901752949223	[[0.38584265639393933, 0.07749565482103658, 0.600216436369562], [0.6777120911812876, -0.06116387129135876, -0.32467878510171766], [-6.824934335067467e-12, 0.7347027925665772, -0.10283055983654565]]	[[0.019628476727656725, -0.07115672137447009, -0.06951954864790973], [-0.008303835593424314, 0.012547367678830378, 0.034076626600259265], [0.0050957616955148565, -0.025050962452410456, 0.06301547994663319]]	0.3757321479283653	[[0.5759428926938253, -9.042835924510938e-17, 0.5759428926938254], [0.5759428926938254, -1.0915668565634475e-16, -0.5759428926938253], [1.6263528255799205e-16, 0.8145062499999999, 0.0]]
7	[[-0.7797112461789556, 0.3586263663473402, 0.5132616310835669], [0.12556441147624647, -0.7135152995487305, 0.6892963773882098], [0.6134198816085799, 0.6018995320403472, 0.511305194748623]]	0.6921232876484484	0.30787671235155717	[[-0.5396563111218475, 0.24821365971373965, 0.35524032752936924], [0.08690605328257926, -0.4938405549111349, 0.477078074882093], [0.4245621851678475, 0.4165886829498292, 0.3538862323811475]]	0.7544593522284956	0.3561493556880409	[[-0.5663391375811282, 0.26866513880727516, 0.3377768530266964], [0.17693642965154951, -0.571582600226039, 0.5121349778904549], [0.36986389117633434, 0.43467001521968385, 0.3130034532878983]]	[[0.021921304136320374, -0.0019038772391981012, -0.04945818468435263], [0.08220318510622836, -0.0332643095233829, -0.007911120487303039], [-0.09293647534615504, -0.019438715830110982, -0.07275553273321267]]	0.3350317391275186	[[-0.4937990376233683, 0.3491686480468748, 0.3491686480468749], [8.85778634760302e-17, -0.49379903762336835, 0.4937990376233683], [0.49379903762336835, 0.34916864804687486, 0.3491686480468748]]
7	[[0.312078085329446, 0.25026955923460475, -0.9165000907679297], [0.9493512559049828, -0.044986478459825396, 0.310979757648975], [0.036598655285933646, -0.9671304795508722, -0.25163301443761527]]	0.6860013788762613	0.3139986211237393	[[0.21408599685306356, 0.17168526272569307, -0.6287203260070184], [0.6512562705887285, -0.03086078625422748, 0.2133325425498025], [0.025106727991167463, -0.6634528425251575, -0.17262059487499423]]	0.7365328553598824	0.3697269058672853	[[0.175467740598155, 0.10377339864541257, -0.6491172027839626], [0.6735229203978782, -0.042226103096681684, 0.13006323641295933], [0.07936768100616039, -0.6998127581419508, -0.11808562211664908]]	[[-0.05438802268478675, -0.0805583544273102, 0.025915226006932177], [-0.025705470853309098, -0.009092083664080609, -0.09898357244736453], [0.052411568926079635, 0.012510615467225476, 0.06725036050990216]]	0.4128501879536639	[[0.0, 0.0, -0.8145062499999999], [0.8145062499999999, -1.4610644799980683e-16, 0.0], [-1.6263528255799205e-16, -0.8145062499999999, 0.0]]
7	[[0.2932727100912193, 0.7663848849828426, 0.5715289367876191], [0.00018149557078206424, 0.5977709472802035, -0.8016669268761718], [-0.9560288094901268, 0.235210762206075, 0.175170810260522]]	0.7248014138532873	0.275198586146713	[[0.2125644749187012, 0.5554768481913542, 0.41424498144173233], [0.00013154824631107483, 0.4332652277491105, -0.5810493220392696], [-0.6929310328029186, 0.17048109300047243, 0.12696405094265234]]	0.8017961253631679	0.26442617557687137	[[0.1652471189352336, 0.5789006567712337, 0.46783193875272505], [-0.00663015244427798, 0.5122826570248543, -0.605643835353951], [-0.7321161258721531, 0.1625008198620041, 0.10068337452105501]]	[[-0.06989780369066174, -0.03558377454490598, 0.009582251703481393], [-0.006775674889701423, 0.03299222764091704, 0.03712960044716144], [0.03442406931259329, -0.02609025791854434, -0.039767902422558433]]	0.33653630681044094	[[0.0, 0.606255676519816, 0.6062556765198162], [0.0, 0.6062556765198162, -0.606255676519816], [-0.8573749999999999, 0.0, 0.0]]
7	[[0.23507429571004806, 0.1639243119487907, -0.9580547455383437], [0.7224674736879957, -0.6888480443340972, 0.059406407734983124], [-0.6502159833157828, -0.7061283111228478, -0.2803604524027675]]	0.7116855384069427	0.28831446159305824	[[0.1672989767080386, 0.11666256220726297, -0.6818337074017818], [0.5141696529931451, -0.49024319131248184, 0.042278681273694094], [-0.46274931216689286, -0.5025413072858477, -0.19952847951627717]]	0.7939471476326492	0.29207861358139375	[[0.10594364226372681, 0.09579352575101152, -0.7185260053271122], [0.6038681365752308, -0.5966909203617249, 0.007177216218306648], [-0.5080746108219192, -0.515251827044276, -0.12829528708896992]]	[[-0.08069292429701984, -0.03435371414837546, 0.042118827168979786], [0.030267146583281, -0.04978198041034022, -0.039988331753985425], [0.008162514476804656, 0.0453767314343692, 0.09429609440520655]]	0.3051970366648065	[[0.0, 0.0, -0.8573749999999999], [0.606255676519816, -0.6062556765198162, 0.0], [-0.6062556765198162, -0.606255676519816, 0.0]]
7	[[-0.22702687951129652, -0.2600962815277815, 0.9385141023526418], [0.7861776675639859, -0.6177088015181534, 0.01898714171901844], [0.574789936414178, 0.742149419498815, 0.3447183896089062]]	0.7235233277884366	0.276476672211564	[[-0.16425924336143757, -0.18818572715637896, 0.6790368465105624], [0.568817882268846, -0.4469267276786208, 0.013737639961734929], [0.41587392757368946, 0.5369624177120398, 0.24941179639970662]]	0.7907478326244776	0.3002753364593412	[[-0.11611674824311181, -0.11611675025666326, 0.7326271438871585], [0.6656543980061391, -0.5581338929142541, -5.026087903779304e-12], [0.4420171446760849, 0.5495376477592018, 0.16421388220061442]]	[[0.06340426467794438, 0.08955382063511587, -0.009500848435699883], [0.04398611132215066, -0.06968199692071043, -0.015014041167073708], [-0.01249675175778785, -0.03731539719300029, -0.10837143724842846]]	0.36560160625351645	[[0.0, 0.0, 0.9025], [0.6381638700208591, -0.6381638700208592, 0.0], [0.6381638700208592, 0.6381638700208591, 0.0]]
7	[[-0.7789526709276531, -0.6132277320749256, -0.13108960702099365], [0.4894249346840115, -0.725216103161197, 0.48427764456480876], [-0.3920407756397623, 0.31307084235030797, 0.8650379632743539]]	0.7175671758123962	0.2824328241876041	[[-0.5589508681690786, -0.4400320918348458, -0.09406559908841126], [0.35119526815337265, -0.5203912709990512, 0.3475017417194495], [-0.2813155921791257, 0.22464936017451825, 0.6207228482772847]]	0.7449174176446489	0.38092564441722215	[[-0.5778771722910649, -0.5208602756196652, -0.08392784709741512], [0.33341637332347945, -0.541040314563544, 0.24161189142621708], [-0.15267984981455804, 0.1728598886919999, 0.6443818457662986]]	[[0.0023782398037644954, -0.0640562570143269, 0.013723084444715258], [-0.031164785152235128, -0.0008142077623900235, -0.11913496098603354], [0.13935815238641877, -0.06035203473142656, -6.194974308689871e-13]]	0.36025822153709974	[[-0.547145748059134, -0.5471457480591339, 0.0], [0.3868904687499999, -0.38689046875, 0.5471457480591339], [-0.38689046874999977, 0.3868904687499999, 0.547145748059134]]
7	[[-0.7357259517984016, -0.6355984379310936, 0.23392723131326343], [-0.6762908134220847, 0.6707859050452003, -0.3044289823153933], [0.03657949604943121, -0.38217914031543476, -0.9233639830405582]]	0.7302930970307929	0.2697069029692122	[[-0.5372955839047798, -0.46417315170462836, 0.1708354422356002], [-0.49389051262749273, 0.4898703160400657, -0.22232238432104215], [0.026713753457766092, -0.2791027880015249, -0.6743263428613785]]	0.7924975015749232	0.30863424944428847	[[-0.6308019643868713, -0.4658984936763463, 0.13176938988250333], [-0.5833734215752115, 0.47922011600608566, -0.16530643420241828], [0.01429446195570704, -0.2139661425982661, -0.6781225507597282]]	[[-0.04774098574280527, 0.03781168038896935, -0.053617356483597244], [-0.047414641600136816, -0.05237603783391004, 0.07595277368952738], [-0.014694697272336804, 0.08890987125576787, 0.05364109884418365]]	0.3858560402922906	[[-0.6381638700208592, -0.6381638700208591, 0.0], [-0.6381638700208591, 0.6381638700208592, 0.0], [0.0, 0.0, -0.9025]]
7	[[-0.7099649817244492, 0.17004561671924806, -0.6833990144561036], [-0.6966343129430994, -0.02737173477805739, 0.7169040536679481], [0.1032005753632168, 0.9850559762621669, 0.13789258455366898]]	0.7181505153881323	0.28184948461186754	[[-0.5098617175329392, 0.12211834728642067, -0.49078335444739224], [-0.5002882908771448, -0.019657025437929243, 0.5148450156254785], [0.07411354638544616, 0.7074184570388361, 0.09902763066541909]]	0.7317723155615502	0.27509776349783155	[[-0.5325199018924288, 0.10043565372290841, -0.523235790330585], [-0.5261667240104051, -0.00707589970528352, 0.532220540759524], [0.06787611786550912, 0.7208366928864695, 0.07152977328578755]]	[[-0.012987183248315711, -0.023999020974827586, -0.023143311069560496], [-0.016389019728403263, 0.012953978034191965, 0.007610001371468916], [-0.007643206135316133, 1.7936054898599626e-10, -0.029376202611817774]]	0.2729755427097845	[[-0.5471457480591339, 8.59069412828539e-17, -0.547145748059134], [-0.547145748059134, 1.0369885137352749e-16, 0.5471457480591339], [1.5450351843009243e-16, 0.7737809374999998, 0.0]]
7	[[-0.8451655046892217, 0.03102096411427288, 0.5336037569853065], [0.3597306106374598, 0.7713925264558512, 0.5249261451846907], [-0.3953342351148118, 0.635603075758354, -0.6631135442989435]]	0.6933209894373268	0.3066790105626974	[[-0.5859709839494294, 0.0215074855330139, 0.3699586847605341], [0.24940878289805726, 0.5348226296869453, 0.3639423143609872], [-0.2740935230482408, 0.4406769533741741, -0.45975053864262067]]	0.7283403301450191	0.40313469450673106	[[-0.5655950829254445, 0.0027462075774411666, 0.2826893066145197], [0.21604248035833412, 0.6351287933911072, 0.3013068575673053], [-0.20544395346794503, 0.48779363609243376, -0.44192721241620364]]	[[0.04997303978708478, -0.019847611666965127, -0.10595582991478092], [-0.04596383135662282, 0.07329250600085258, -0.08101802431826423], [0.08249391385320545, 0.024858282053404672, 0.041045125362122424]]	0.3363307831046596	[[-0.6274401756405886, -0.10765171498441126, 0.36754594531249984], [0.10765171498441123, 0.6274401756405885, 0.3675459453124999], [-0.36754594531249984, 0.3675459453124999, -0.5197884606561773]]
7	[[-0.09570001472736311, 0.5345101365068197, -0.8397263966034669], [0.9941363825171496, 0.008658117471247562, -0.10778631618888002], [-0.05034242879418521, -0.8451177142702161, -0.5322045554951473]]	0.6840333307617136	0.315966669238287	[[-0.06546199982790445, 0.3656227490006575, -0.5744008439972006], [0.6800224209646075, 0.005922440931981922, -0.07372943287321487], [-0.03443589924671914, -0.5780886849779815, -0.36404565474190287]]	0.7203531370532587	0.40434365080091555	[[-0.02531206441221923, 0.3022050471448668, -0.5288822124094379], [0.811158821220804, -0.002871003292832426, -0.019928438310622118], [-0.019928438285477818, -0.528882212378481, -0.2927612092325071]]	[[0.043625741412679823, -0.08283100647458609, 0.07601733165029832], [0.09502955941579809, -0.009107905374221233, 0.05771577268745202], [0.016335888223293786, 0.07990098427534814, 0.09061401187245756]]	0.33829258160994063	[[-1.467783425085878e-16, 0.5197884606561773, -0.5197884606561772], [0.7350918906249998, 9.323985629055814e-17, -9.323985629055813e-17], [0.0, -0.5197884606561772, -0.5197884606561773]]
7	[[-0.20892554660170207, -0.8722728212278597, 0.4421427838655412], [-0.9769286190798419, 0.16569047850232185, -0.13474842691632785], [0.04427854107729115, -0.4600943280250934, -0.8867652564908058]]	0.6939624242707606	0.3060375757292405	[[-0.1449864788118101, -0.6053245616447814, 0.30683047816515374], [-0.6779517528361344, 0.11498296614005454, -0.09351034500952699], [0.030727643709169576, -0.31928817526951914, -0.615381767153442]]	0.7429435375559436	0.37058575912165503	[[-0.1526023207189938, -0.5766251290375178, 0.2510417815609682], [-0.7852782879681721, 0.09265575608144391, -0.04238862239438949], [0.042388622453652415, -0.2510417813550961, -0.5974464577012097]]	[[0.0026175639590839623, 0.07142432647941147, -0.07744534238892986], [-0.05947548376935122, -0.03044291415640823, 0.05772185057892532], [0.009492166507873595, 0.09078232631729183, 0.06137005893777262]]	0.41715649161084756	[[-1.467783425085878e-16, -0.5197884606561773, 0.5197884606561772], [-0.7350918906249998, 9.323985629055814e-17, -9.323985629055813e-17], [0.0, -0.5197884606561772, -0.5197884606561773]]
7	[[-0.3901123425915053, -0.19274962118636868, 0.9003665607352815], [0.8924450663689159, 0.1615093954769425, 0.42125588267281683], [-0.22661457073972407, 0.9678648142716957, 0.10901163985220427]]	0.7194145600107194	0.2805854399892811	[[-0.2806524993002192, -0.13866688391802415, 0.647736813139737], [0.6420379747555313, 0.11619221068464147, 0.3030576154849917], [-0.16302982170073704, 0.6962960395091281, 0.0784245609203202]]	0.7893428833647881	0.2813535228915442	[[-0.2825632375245665, -0.13441256444743008, 0.6856013736012344], [0.6422117015919929, 0.1257251671070139, 0.33464030687086305], [-0.17780223645558946, 0.7505658294623332, 0.00868739734263574]]	[[0.025369163812804036, 0.017732977307288598, -0.025096563534790547], [-0.062233460340326535, -0.0017611248092596204, 0.0021249738075229327], [0.0010743622245780633, -0.013411373742211652, -0.07736016477862702]]	0.435586803796411	[[-0.5759428926938253, 9.042835924510938e-17, 0.5759428926938254], [0.5759428926938254, -1.0915668565634475e-16, 0.5759428926938253], [1.6263528255799205e-16, 0.8145062499999999, 0.0]]
7	[[-0.04368688083802902, -0.7928421645001731, 0.6078591601952907], [-0.07099332237196321, 0.6093655773994191, 0.7897047177643444], [-0.9965196458782106, -0.008654205414294847, -0.08290778074109101]]	0.7707152720949149	0.2292847279050858	[[-0.03367014625205978, -0.6110555645410727, 0.4684863380452994], [-0.05471563776882758, 0.4696473567906683, 0.6086374864263836], [-0.7680329100209543, -0.006669928280644357, -0.0638982927926576]]	0.8391946445923456	0.21020090739699432	[[-0.011225271712536983, -0.6385114913593085, 0.5048798367244737], [-0.021920781012578012, 0.5161051084366233, 0.616590710350692], [-0.8257187860923003, -4.920422907430623e-13, -0.026570440795612084]]	[[0.0254365247256809, 0.026837407096240853, -0.005232315177814386], [0.037656434923791456, 0.004728779284108802, -0.0461252596064557], [0.010555163959754671, 0.007262562836386267, 0.043005324797347914]]	0.20173849841175956	[[0.0, -0.606255676519816, 0.6062556765198162], [0.0, 0.6062556765198162, 0.606255676519816], [-0.8573749999999999, 0.0, 0.0]]
7	[[-0.6282958732607286, -0.7138118081737849, -0.3093816383614419], [-0.5738327107911779, 0.1566825842932765, 0.8038448779492399], [-0.5253192511888238, 0.6825857237672436, -0.5080515860024072]]	0.6772141232711232	0.3227858767288768	[[-0.42549083896512874, -0.48340343785298473, -0.2095176149791277], [-0.3886076161427394, 0.10610765895402553, 0.5443751042663775], [-0.35575361613128265, 0.46225669247841905, -0.34405970939112346]]	0.6963390472535104	0.32709583291792543	[[-0.49838443226033957, -0.5024155421947374, -0.16597489280832084], [-0.4088257682262754, 0.1895037212841065, 0.5324257984402861], [-0.391920594436363, 0.4388360244787718, -0.4259332645478436]]	[[-0.06087748248065138, -0.005360507772698489, 0.0494596224860161], [-0.009243645111047864, 0.08039951981610838, -0.027322778010502025], [-0.02612028755960931, -0.036475068078157626, -0.07215710719529264]]	0.3726130449303981	[[-0.3491686480468748, -0.596068166858559, -0.1022691292351908], [-0.34916864804687486, 0.10226912923519055, 0.5960681668585591], [-0.49379903762336835, 0.34916864804687486, -0.3491686480468748]]
7	[[0.15665500554066836, 0.7010445100749366, 0.6956980696630148], [0.9690588098128995, 0.026938980891129116, -0.2453554858415722], [-0.1907465133706504, 0.7126085083707178, -0.6751332323583257]]	0.6946831685548195	0.30531683144518096	[[0.10882559561896399, 0.48700382155681776, 0.4832897393909743], [0.6731888445167875, 0.01871405660308727, -0.17044432632673057], [-0.13250839229910755, 0.495037136534094, -0.46900369305133904]]	0.712440802195306	0.43314851691081435	[[0.08852505508148514, 0.4508790720045623, 0.40072570534623436], [0.7851364660624502, 0.04700019360991473, -0.10799317268340879], [-0.06646831128855689, 0.41792586610611326, -0.4038788783846418]]	[[-0.023082362733818834, -0.048573641127840274, -0.09491798549020933], [0.09473943022492015, 0.027807764453514648, 0.06680808647257983], [0.06942728771318718, -0.08976551124872152, 0.07711358326543354]]	0.34023798582559656	[[1.467783425085878e-16, 0.5197884606561773, 0.5197884606561772], [0.7350918906249998, -9.323985629055814e-17, -9.323985629055813e-17], [0.0, 0.5197884606561772, -0.5197884606561773]]
7	[[-0.5981897663743452, -0.7419171441245457, 0.3028662322859456], [0.7115509511219108, -0.6655993255599615, -0.22510615667197656], [0.3685976768273374, 0.0808485563767378, 0.9260665546111073]]	0.7185270125406447	0.2814729874593558	[[-0.4298155057653448, -0.5330875091204965, 0.21761756908386143], [0.5112685791800815, -0.4782510949436667, -0.16174485425802157], [0.2648473875601688, 0.05809187168160131, 0.6654038348985262]]	0.792430396106982	0.30356252148455437	[[-0.44895619826353583, -0.6346524732968832, 0.1429300835424373], [0.5260749460919364, -0.6061155764471613, -0.14293008351084244], [0.187904367891432, 0.03435255629477362, 0.6978093976551816]]	[[0.02506755525162948, -0.04673477689970904, -0.09707032487534384], [-0.03777965595589869, -0.07867443924514063, 0.03545087738685235], [-0.10418363516096829, -0.029714297259522363, -0.03603388903672605]]	0.383635011502086	[[-0.6381638700208592, -0.6381638700208591, 0.0], [0.6381638700208591, -0.6381638700208592, 0.0], [0.0, 0.0, 0.9025]]
7	[[0.6069875784705717, -0.6928697567511047, 0.38922690010082395], [0.12403339438257666, 0.5663640199931965, 0.8147683805444849], [-0.7849724814669417, -0.44627715271657287, 0.4297149128233985]]	0.6876335190560039	0.31236648094399616	[[0.41738500460700156, -0.4764404690822395, 0.2676454630275891], [0.08528951945975244, 0.38945088413462675, 0.5602620487293655], [-0.5397733897932369, -0.3068751289967908, 0.29548637769559744]]	0.7720258078875789	0.31790465122660344	[[0.41605408035301145, -0.5249734928314648, 0.27673538721887875], [0.10266593125714348, 0.45538185229118655, 0.5832740331432656], [-0.5367121489625315, -0.36705957812406176, 0.3065386460763776]]	[[-0.05255599529345756, 0.009939840885177211, -0.02375782478303795], [0.006908949753896156, 0.01813421219748147, -0.04574818408784471], [0.06930686521150184, -0.022522098756280945, -0.025212356657447046]]	0.4795153949436548	[[0.5759428926938254, -0.5759428926938253, 0.0], [0.40725312499999994, 0.40725312500000005, 0.5759428926938253], [-0.4072531249999998, -0.40725312499999994, 0.5759428926938254]]
