7	[[-0.004881392374527848, -0.8737977806315758, 0.48626495922677654], [-0.9964931464260065, -0.036369118883652976, -0.07535712519479704], [0.0835319168610627, -0.4849275469128966, -0.8705559678220334]]	0.8591776387079834	0.14082236129201695	[[-0.004193983173954739, -0.7507475138713137, 0.41778797945489554], [-0.856164628534985, -0.031247533684347628, -0.06474515688468725], [0.07176875508543927, -0.41663890470107706, -0.7479622207964776]]	0.8592089524160074	0.13890457087489574	[[-0.009093175655405163, -0.7507748749412025, 0.4227022534387064], [-0.8610948778517691, -0.031248677624174135, -0.0696465561713592], [0.07177137580322994, -0.42358238324533104, -0.7479894800871766]]	[[-0.0048990396269372, 7.78686576616589e-10, 0.004899047224856516], [-0.004899045421350964, -5.087839014149616e-09, -0.0048990395756590656], [5.023742668407148e-09, -0.006928293664636794, 1.0446956982546814e-09]]	0.28613641634497144	[[-1.8798860060382868e-16, -0.6657269979939711, 0.665726997993971], [-0.941480149401, 1.1941836789401388e-16, -1.1941836789401386e-16], [0.0, -0.665726997993971, -0.6657269979939711]]
7	[[0.2996549344758955, 0.21795608323613597, 0.9288175633700135], [0.8916359750523828, -0.4103184136620505, -0.1913742077769225], [0.3393997764239587, 0.8855133794529706, -0.31729142215500555]]	0.8614913098706208	0.13850869012938208	[[0.25815012201083404, 0.18776727164136855, 0.8001682592984719], [0.7681366440756464, -0.35348574764975466, -0.16486721693319406], [0.2923899579612716, 0.7628620811728968, -0.273343802883028]]	0.8631059747437824	0.13162606128915788	[[0.258633964311534, 0.2012124592584463, 0.8147612499181127], [0.7826695988404464, -0.34488994028174064, -0.17443455620855197], [0.27984471322407106, 0.7735502224750639, -0.2831144562201447]]	[[3.931661955491673e-12, 0.013093261585584203, 0.013093261526491873], [0.013093261476236713, 0.009258334097365985, -0.00925833406443186], [-0.013093261634151789, 0.009258333953646437, -0.00925833402320761]]	0.28871847439407916	[[0.23301633697674748, 0.4260533910372836, 0.7955675379605106], [0.8920860649907786, -0.23301633697674753, -0.1364978099464793], [0.13649780994647948, 0.7955675379605105, -0.46603267395349485]]
7	[[-0.19923769144659614, 0.8439754804473203, -0.49800575369241046], [-0.7021380284509187, 0.23156213831599123, 0.6733358486680942], [0.6835982236007403, 0.4838226581116686, 0.5464513740376828]]	0.8743082209068226	0.12569177909317886	[[-0.17419515154625673, 0.7378947007988774, -0.43541052451217155], [-0.6138850504859473, 0.20245668118043428, 0.5887030679217852], [0.5976755466914281, 0.4230101274480228, 0.47776692864697495]]	0.8743082213467849	0.1256917787021676	[[-0.17419515162186325, 0.737894701130417, -0.43541052471016106], [-0.6138850507684375, 0.2024566812722418, 0.5887030681779795], [0.5976755469580678, 0.4230101276403042, 0.477766928867727]]	[[1.2049738728371543e-11, -3.97778304340161e-11, 2.1115425697988603e-11], [2.6423083686239874e-11, -1.007050545214082e-11, -4.004930302205159e-11], [-3.411731905099525e-11, -2.0582426093907608e-11, -1.9666028528039342e-11]]	0.24752538341799488	[[-0.13787657570351464, 0.8036035736974855, -0.4707400747004999], [-0.8036035736974856, 0.1378765757035143, 0.4707400747005], [0.4707400747004999, 0.4707400747005, 0.6657269979939711]]
7	[[0.34528785424661446, 0.721296251312937, 0.6004231970466106], [-0.4727265086543158, -0.4190107345154037, 0.7752158746932126], [0.8107440691890812, -0.5515085876056384, 0.1962965411614891]]	0.8809984199523901	0.11900158004761033	[[0.30419805402001826, 0.6354608577242795, 0.5289718879008274], [-0.416471307194062, -0.36914779505116097, 0.6829639607267316], [0.7142642439413514, -0.4858781942707419, 0.17293694260539125]]	0.8809984200877887	0.11900158016677369	[[0.30419805395213106, 0.6354608576049351, 0.5289718878979088], [-0.416471307164894, -0.3691477950676924, 0.6829639605843796], [0.7142642438775442, -0.48587819420028744, 0.17293694258103073]]	[[-1.146379746218446e-10, -2.170056991130328e-10, -8.42157062071956e-11], [9.317304421989622e-11, 4.020110284790522e-11, -2.473157519858468e-10], [-1.7357931777065719e-10, 1.4512842388825867e-10, -5.093910411219463e-11]]	0.2882718000578199	[[0.47549502494999984, 0.47549502494999996, 0.6724515131252232], [-0.47549502494999996, -0.47549502495000007, 0.6724515131252231], [0.6724515131252232, -0.6724515131252231, 0.0]]
7	[[0.9792681828595647, -0.06468287773609287, 0.1919634115312185], [-0.19461030959112274, -0.5634158260401757, 0.8029255472136342], [0.05621968907574672, -0.8236375005396755, -0.5643231470221494]]	0.8647480567919947	0.1352519432080058	[[0.8468202582060359, -0.055934392830000484, 0.16599998709678288], [-0.1682888870506115, -0.48721274073409815, 0.6943283067016394], [0.04861586688170228, -0.7122389280927024, -0.4879973447901475]]	0.9055446764611444	0.1502368218668979	[[0.8887635391584379, -0.008756828085717734, 0.14717267414919055], [-0.15219943167353936, -0.5323084990645663, 0.6744048361833519], [4.9579572418376575e-05, -0.7262904508054893, -0.530611000080952]]	[[0.0019924493421801352, 0.04981640750638837, -0.026658771238224074], [0.024028898161156966, -0.022110297159927267, -0.05268011869060545], [-0.05085986058242496, 0.019550103141976465, -0.019591178491245812]]	0.2679862008342659	[[0.96059601, 0.0, 0.0], [0.0, -0.6792439526517406, 0.6792439526517405], [0.0, -0.6792439526517405, -0.6792439526517406]]
7	[[0.26616637265112986, 0.9073278585449115, 0.3254406538495851], [-0.9565105633649592, 0.2904108926461212, -0.02736888020603004], [-0.11934405825590477, -0.30400274758756485, 0.9451662950075098]]	0.8499069382888487	0.15009306171115194	[[0.22621664685537063, 0.7711442422800826, 0.2765942697080217], [-0.8129449643504537, 0.24682223261459646, -0.02326100118030126], [-0.10143134315524205, -0.2583740444335451, 0.8033033919636473]]	0.8559568745965997	0.23052105262829378	[[0.19511680111244903, 0.7716640498359758, 0.1855344704527141], [-0.8163160404908171, 0.26039874308408767, 0.03006441207081042], [-0.07773502921128624, -0.23018646096097753, 0.8017897117022452]]	[[-0.032710135344725985, -0.004969468198552001, -0.09302869448305089], [0.0024157518456867713, 0.011819543065905084, 0.053490993233172676], [0.024418337895112573, 0.030026780732853527, -0.007231876146431206]]	0.4273583998589416	[[-1.8610871459779038e-16, 0.9320653479069899, 0.0], [-0.9320653479069899, -1.6719424471745244e-16, 0.0], [0.0, 0.0, 0.9320653479069899]]
7	[[-0.43776478212225356, 0.8965698997575128, 0.0672637374984425], [-0.25427414048209707, -0.19521750927551854, 0.9472247809017422], [0.8623842861599152, 0.39755822079422076, 0.3134338910574078]]	0.8747529838389679	0.1252470161610323	[[-0.382936049381057, 0.7842771950330883, 0.0588391550809239], [-0.22242706309980348, -0.17076709873637042, 0.828587703460012], [0.7543732275342242, 0.34776523988945623, 0.2741772314387261]]	0.8747529841194746	0.12524701685804634	[[-0.38293604935270326, 0.784277194321472, 0.05883915499684061], [-0.22242706311054436, -0.1707670985998802, 0.8285877030270192], [0.7543732267716861, 0.34776523984443, 0.2741772313914762]]	[[1.5114737119394915e-10, -9.631033584498904e-10, -1.0295259968108233e-10], [6.058582153709334e-11, 1.9124549672769265e-10, -6.986959358718447e-10], [-1.0044486728219418e-09, -1.5654547100554391e-10, -1.3517314871106872e-10]]	0.3070063108585691	[[-0.46603267395349485, 0.7955675379605105, -0.13649780994647948], [-0.46603267395349496, -0.13649780994647914, 0.7955675379605106], [0.6590697280140313, 0.46603267395349496, 0.46603267395349485]]
7	[[0.24646923027241593, 0.7083253665859152, 0.6614590641754414], [0.9286246270354669, -0.36790822982092686, 0.04795661052734279], [0.27732511713179175, 0.6024273478860003, -0.7484464375804571]]	0.8591725240759053	0.1408274759240955	[[0.2117595906801968, 0.608573693076611, 0.5683074537404994], [0.7978487647291079, -0.31609664244354435, 0.041203002112902294], [0.2382701208757676, 0.5175890250555684, -0.6430446149116213]]	0.8591725247237889	0.140827475343852	[[0.21175959081217324, 0.6085736934846999, 0.5683074541356813], [0.7978487652703237, -0.31609664265581605, 0.04120300214877865], [0.23827012104091672, 0.5175890254161537, -0.6430446153477302]]	[[-2.7706977934137948e-11, -5.082402268154534e-11, -3.336646313351759e-11], [-6.042505905584021e-11, 2.60895252199488e-11, 4.806076764876072e-12], [-1.4525174318155498e-11, -2.971703940630961e-11, 4.879657142639569e-11]]	0.3766136841412277	[[0.23301633697674748, 0.4260533910372836, 0.7955675379605106], [0.8920860649907786, -0.23301633697674753, -0.1364978099464793], [0.13649780994647948, 0.7955675379605105, -0.46603267395349485]]
7	[[-0.30856070057004426, 0.1412364016461924, 0.9406607108377383], [0.9283791655349412, 0.26005680283238586, 0.2654855632633233], [-0.2071289913661773, 0.9552082171708078, -0.21136424197341674]]	0.8488023301643406	0.15119766983566144	[[-0.2619070416409946, 0.11988178682131481, 0.7984350032531177], [0.788010398982082, 0.22073682021921734, 0.22534476472290108], [-0.17581157051620097, 0.8107829605267077, -0.17940646110045613]]	0.8591460659579757	0.21692562029012658	[[-0.26826122432444904, 0.07476248122079653, 0.7827122556855509], [0.8018393785789668, 0.20907811765652842, 0.1934987431947766], [-0.13431563650122694, 0.8072267011078709, -0.10573011485870752]]	[[-0.0031625123204587066, -0.04658021762359022, -0.025452693431925775], [0.004226070792273507, -0.014348661422524856, -0.03459213405154495], [0.04363842157686781, -0.013436680845160068, 0.07586264211694317]]	0.41039904823440426	[[0.0, 0.0, 0.9320653479069899], [0.9320653479069899, -1.6719424471745244e-16, 0.0], [1.8610871459779038e-16, 0.9320653479069899, 0.0]]
7	[[-0.20962728376771522, 0.9146782181840727, -0.3455722197743615], [-0.11263779594486362, 0.32848192764058937, 0.9377698812279087], [0.9712719129187527, 0.23550664617613754, 0.03416856423694914]]	0.8441775820301173	0.15582241796988316	[[-0.1769626535385709, 0.7721508465622463, -0.29172432090590067], [-0.09508630222593671, 0.27729707941622445, 0.7916443108356466], [0.8199259749415189, 0.19880943112099414, 0.028844335938988417]]	0.9042835559263117	0.16321691622009998	[[-0.14781233215836634, 0.7857563593510758, -0.2911097766989935], [-0.1053995764604634, 0.24745184267709233, 0.846982231975909], [0.8882542686091753, 0.19147026619477894, 4.1529324919333394e-11]]	[[0.04175017342627822, -0.0413721123167606, 0.0213854990279149], [-0.003543069811739594, -0.049588962907268976, -0.0010276508614583213], [0.009949049423655399, -0.021494521253657382, -0.030898070727555377]]	0.4109982785742451	[[0.0, 0.9320653479069899, 1.8610871459779038e-16], [0.0, -1.6719424471745244e-16, 0.9320653479069899], [0.9320653479069899, 0.0, 0.0]]
7	[[0.574704889092418, -0.24730035866747077, 0.780100521122895], [-0.20680691382082303, -0.9661955377213083, -0.1539385698366041], [0.7917987060163579, -0.07286093253845069, -0.6064207233105157]]	0.8794814406163025	0.12051855938369961	[[0.5054422837882321, -0.21749607570579466, 0.6860839301426942], [-0.18188284249655004, -0.8497510434321773, -0.13538611516631033], [0.6963722666453898, -0.0640798379135638, -0.533335771356713]]	0.8794814418549866	0.12051855847687956	[[0.5054422842368966, -0.21749607589364145, 0.6860839309402486], [-0.18188284271486194, -0.8497510443291357, -0.13538611529148437], [0.6963722674531633, -0.0640798380647548, -0.5333357718361047]]	[[-2.6321415237453035e-10, 1.1848057541544804e-10, -1.687424028070537e-10], [3.785550361667369e-11, 2.998532080058546e-10, 6.550756966029793e-11], [-1.7301468232041718e-10, -6.093865737652453e-11, 2.717719815956633e-10]]	0.15521179301747476	[[0.4260533910372837, -0.2330163369767474, 0.7955675379605106], [-0.23301633697674737, -0.8920860649907786, -0.1364978099464793], [0.7955675379605106, -0.13649780994647934, -0.46603267395349485]]
7	[[0.648727301424343, -0.24025956634810233, -0.722099874785276], [0.6191713111804977, -0.3850481214649154, 0.6843718518227958], [-0.4424700846359139, -0.8910742308778553, -0.10102939803703481]]	0.8529318451858373	0.14706815481417287	[[0.5533201742263002, -0.20492503524884004, -0.615901978609066], [0.5281109289313236, -0.32841980472641724, 0.5837225463684618], [-0.3773968257280385, -0.7600255879401937, -0.0861711908857369]]	0.8553829636180658	0.14941086268627096	[[0.5563444376322936, -0.2058590191807946, -0.6614969982050435], [0.5596034920135018, -0.2973604996580529, 0.6301253306912318], [-0.34825750388986754, -0.7942128200652037, -0.0434727532791638]]	[[0.001434155959988647, -0.0003450792803635812, -0.04382506728297962], [0.029974900868644044, 0.03200310361617527, 0.044725307862264946], [0.030223868418336894, -0.032003103653214834, 0.042946072626304295]]	0.33549112008795956	[[0.4707400747005001, -0.47074007470049983, -0.6657269979939711], [0.4707400747005002, -0.4707400747004999, 0.665726997993971], [-0.6657269979939708, -0.6657269979939712, 0.0]]
7	[[-0.6688443635042012, -0.7106257709593319, -0.21830765231002544], [0.3076282537140923, 0.0027649952570922287, -0.9515026076254579], [0.6767658937368799, -0.7035647578223935, 0.2167592134716278]]	0.8718495503106031	0.1281504496893972	[[-0.5831316575489193, -0.619558758850019, -0.19033142849585902], [0.2682055546634675, 0.0024106598715068765, -0.8295671205776214], [0.5900380401200523, -0.6134026177218429, 0.18898142279091873]]	0.8718495508641431	0.1281504502524478	[[-0.5831316571679388, -0.6195587587342508, -0.19033142787158017], [0.268205554308315, 0.0024106595131733336, -0.8295671201683514], [0.5900380401097048, -0.6134026173886155, 0.18898142269734658]]	[[7.512039477364159e-10, 5.091284243413795e-10, 7.451196169903592e-10], [-5.254348023675845e-10, -3.598641134689767e-10, 9.359623071415408e-10], [-3.849654919851935e-10, 7.226870653653497e-10, -2.135598851354063e-10]]	0.30768555071350545	[[-0.6724515131252231, -0.6724515131252232, -1.8988747535740268e-16], [1.2062461403435742e-16, 1.2062461403435744e-16, -0.9509900498999999], [0.6724515131252232, -0.6724515131252231, 0.0]]
7	[[-0.9588610349856624, -0.2231075811005983, 0.17552356776702127], [-0.1293663018671285, -0.20694792700785122, -0.9697612672448699], [0.252685329070461, -0.9525731272519675, 0.16957170079338071]]	0.8492616913151704	0.1507383086848359	[[-0.8143239443081437, -0.18947672167073254, 0.14906544202749067], [-0.10986584432286894, -0.17575294650485687, -0.823581093992316], [0.21459596993691044, -0.8089838651513873, 0.14401074941497347]]	0.8537516564640107	0.15272223918407918	[[-0.8298615086268684, -0.17243947663417886, 0.13428397344339355], [-0.0994373507460675, -0.1764591675838392, -0.8459742786275662], [0.18668218418233792, -0.8242702291013839, 0.1335398087765987]]	[[-0.011232311689062142, 0.01803899030013544, -0.015569563286173576], [0.011009343763616732, 0.00022296790090682063, -0.018038990342621287], [-0.029048334075721816, -0.011009343806914014, -0.011232311665169598]]	0.33952425202696035	[[-0.941480149401, -1.688830754721742e-16, -1.8798860060382868e-16], [1.688830754721742e-16, 2.7029564929015215e-32, -0.941480149401], [1.8798860060382868e-16, -0.941480149401, 0.0]]
7	[[0.8875576111457726, 0.3128668588496867, -0.3381653671367607], [-0.3273769476023962, 0.9447770405743245, 0.014855227435465884], [0.3241385831334306, 0.09752267550242714, 0.9409694504536801]]	0.8602752154384381	0.13972478456158785	[[0.7635438151424419, 0.26915160440045, -0.29091528406741374], [-0.2816342741282375, 0.8127682721213715, 0.012779583982430284], [0.27884838943700696, 0.0838963406779757, 0.809492696710038]]	0.8616093353507186	0.13329930919674557	[[0.7614415586595729, 0.2887233437359792, -0.3025867883005481], [-0.3012253716621572, 0.8173150827103483, 0.024019753726524828], [0.2905011802611185, 0.09524679871260387, 0.8266160354695212]]	[[-0.0032863647652075826, 0.019154337429233323, -0.011220351083211793], [-0.019154337429309533, 0.003286364726485083, 0.011220351089369286], [0.011220351085999749, 0.011220351091333769, 0.015867972678794497]]	0.3053538317455849	[[0.6590697280140313, 0.46603267395349496, -0.46603267395349485], [-0.46603267395349496, 0.7955675379605105, 0.1364978099464793], [0.46603267395349485, 0.13649780994647934, 0.7955675379605106]]
7	[[0.6438892552647056, -0.6636492387928785, 0.380757553837473], [-0.15091110836074634, -0.5980263899765946, -0.7871405683007917], [0.7500883043535569, 0.4493708098454942, -0.48521480905966874]]	0.8773055093688332	0.1226944906311671	[[0.5648875910671215, -0.5822231334814247, 0.33404069971541517], [-0.13239514678983966, -0.5246518466744206, -0.6905627572179992], [0.6580566019225019, 0.3942354872269861, -0.42568162521539366]]	0.8777380514974163	0.11826540862258593	[[0.5700638316256088, -0.5798315307786691, 0.34335090553678055], [-0.12978176364745447, -0.5351655669409009, -0.6893341062790517], [0.6675265585903879, 0.39599898052410537, -0.43124881769516027]]	[[0.004897731329445735, 0.002678658957136581, 0.009145512138549], [0.002678658554426694, -0.010255048658813569, 0.001569122395849539], [0.009145511876094721, 0.001569121490496064, -0.0053573166334355046]]	0.21653178490287828	[[0.6590697280140312, -0.4660326739534949, 0.46603267395349507], [1.1822418421507372e-16, -0.6590697280140313, -0.6590697280140312], [0.6590697280140313, 0.46603267395349496, -0.46603267395349485]]
7	[[-0.16743794764991254, 0.7773753727082936, -0.606343189615771], [-0.9312695185128573, 0.07714504854866044, 0.35606983215832233], [0.3235762932843136, 0.6242885321636675, 0.711028980445465]]	0.8884944498633598	0.11150555013664028	[[-0.14876768718345884, 0.69069370411178, -0.5387325586860596], [-0.8274277985255973, 0.06854294746992404, 0.3163660696364476], [0.28749574069047124, 0.5546768959407621, 0.6317453028177986]]	0.8878452797507174	0.10859714484030288	[[-0.14385115384147662, 0.7106204072709535, -0.5382376159369147], [-0.8303242234812903, 0.07174922933934176, 0.33656627183208604], [0.3063088536070045, 0.5507706490080321, 0.6360915613971073]]	[[0.004807837630623798, 0.02043135201746141, 0.00010132287241315568], [-0.003500977293904818, 0.003256362129296037, 0.02043135208868861], [0.019023168975272144, -0.0035009774760045975, 0.0048078373426370695]]	0.22016832020523128	[[-0.13787657570351464, 0.8036035736974855, -0.4707400747004999], [-0.8036035736974856, 0.1378765757035143, 0.4707400747005], [0.4707400747004999, 0.4707400747005, 0.6657269979939711]]
7	[[-0.28551340625994115, -0.7402800071091643, -0.6086605013636927], [-0.9037881084920453, 0.4192574902120425, -0.08596634137539147], [0.31882463799746885, 0.5255555802915186, -0.7887599015101034]]	0.8469276403727238	0.15307235962727947	[[-0.24180919545851057, -0.6269635996360701, -0.5154914022080321], [-0.7654431301220919, 0.3550807568938752, -0.07280727065253594], [0.2700213983518837, 0.4451075475010138, -0.6680225622065752]]	0.8469276409167346	0.15307235914967948	[[-0.2418091955899634, -0.6269635999994716, -0.5154914025012758], [-0.7654431305549251, 0.3550807570939943, -0.07280727069916298], [0.27002139850633256, 0.44510754775289707, -0.6680225626023168]]	[[2.3869613103323392e-11, 3.931657869666065e-11, 3.787330635156828e-11], [5.884005381758339e-11, -2.796202500128711e-11, 1.398344803439068e-13], [-1.899570373450052e-11, -3.4024359527970694e-11, 3.3350487559239354e-11]]	0.3691508561898156	[[-0.46603267395349507, -0.4660326739534949, -0.6590697280140312], [-0.6590697280140312, 0.6590697280140313, 1.1822418421507372e-16], [0.46603267395349485, 0.46603267395349496, -0.6590697280140313]]
7	[[0.1500697479079782, -0.48793689800337037, 0.859881767645811], [0.7237996175280507, -0.5382464804175793, -0.4317462680606933], [0.6734932697726708, 0.6871741481494608, 0.2723940265240403]]	0.8748583834783835	0.12514161652161876	[[0.1312897770637823, -0.4268756858266847, 0.7522747732251489], [0.6332221633528617, -0.47088944577105085, -0.37771684214840207], [0.5892112332768927, 0.6011800644181744, 0.23830619771399134]]	0.8818940110148367	0.13242741136337963	[[0.10109522407368271, -0.42214506436010285, 0.7707219565456278], [0.6745559470125005, -0.4592040317125275, -0.36999596338320506], [0.5951085518576883, 0.6223884315907677, 0.22703874748823671]]	[[-0.03125038784088546, 0.008163563742323597, 0.012397375477912892], [0.03624139913966778, 0.01547231581757843, 0.010758484697469164], [0.0011588707864078254, 0.01637366581357581, -0.013183913139460195]]	0.3031849074962563	[[0.0, -0.6724515131252231, 0.6724515131252232], [0.6724515131252231, -0.47549502495000007, -0.47549502494999996], [0.6724515131252232, 0.47549502494999996, 0.47549502494999984]]
7	[[-0.8598553706683427, -0.29151891260974605, 0.4191246415132833], [0.4738316458013455, -0.15002286318554503, 0.8677423073463686], [-0.19008501511164744, 0.9447274020120526, 0.2671288507772275]]	0.8368002352547528	0.16319976474524725	[[-0.719527176460332, -0.24394309465304514, 0.3507235986193793], [0.3965024326777129, -0.12553916720725564, 0.7261269669279433], [-0.15906318536382988, 0.7905481122552973, 0.22353348517371557]]	0.8432471653851034	0.260870480106052	[[-0.7075129993174406, -0.16124033130345677, 0.44975610440244945], [0.38296817249733067, -0.06824751668261056, 0.6792439524611356], [-0.22802826331002043, 0.7710866315162611, 0.22948784768591793]]	[[0.01755760463979732, 0.08458216541085944, 0.09633043850332582], [-0.016589019694412344, 0.058258837441557514, -0.052477288493418275], [-0.06773961313493929, -0.025552072292034163, 0.004232201475441011]]	0.43947206608229195	[[-0.6590697280140312, -1.0348004097015972e-16, 0.6590697280140313], [0.6590697280140313, 1.2491145917254156e-16, 0.6590697280140312], [-1.8610871459779038e-16, 0.9320653479069899, 0.0]]
7	[[0.6569714475509829, -0.30708792903278176, -0.688538685147845], [0.5770443935784932, 0.7925721197384169, 0.19710201128598737], [0.4851889167555201, -0.5268077816962367, 0.6979006205770957]]	0.8802878739382214	0.1197121260617803	[[0.5783239988027701, -0.2703257801603581, -0.6061122552730165], [0.5079651823911828, 0.6976916262272396, 0.1735065104638895], [0.4271059199891047, -0.4637425021234893, 0.6143534535079787]]	0.880287874180667	0.11971212605757443	[[0.5783239987991268, -0.27032578020996717, -0.6061122553295276], [0.50796518236999, 0.6976916262883913, 0.17350651044752727], [0.4271059200543927, -0.4637425020910114, 0.6143534535833459]]	[[-1.629223156787307e-10, 2.4841345215702304e-11, 1.1042586269078523e-10], [-1.6109488471102037e-10, -1.3100197283893254e-10, -6.415004213748452e-11], [-5.234313115985012e-11, 1.6019815646990437e-10, -9.383793309002545e-11]]	0.2507498156090742	[[0.4707400747005001, -0.47074007470049994, -0.665726997993971], [0.665726997993971, 0.6657269979939711, 1.1941836789401386e-16], [0.4707400747004999, -0.4707400747005, 0.6657269979939711]]
7	[[0.5403191569681028, 0.6036400661371987, -0.5862370503193712], [0.4146608078153325, 0.41521567174819174, 0.8097236321095203], [0.7321964374914798, -0.6805987191352745, -0.02595689573522414]]	0.8803588369036491	0.11964116309635124	[[0.4756747445851994, 0.5314198665329858, -0.5160989677689874], [0.3650503064778341, 0.3655387858444056, 0.7128473549773354], [0.6445956040949951, -0.5991710967760436, -0.022851382539091292]]	0.933875740542742	0.09716300328314013	[[0.4879433916091506, 0.531471879331603, -0.5491047750237849], [0.3899864764668379, 0.38827571000006406, 0.7318738833331124], [0.6905901778901897, -0.6487724566242713, -0.0017107664781528674]]	[[-0.016647561233866986, -0.032252934453542874, -0.0016322155231893835], [0.0027448074942428165, 0.0005158670612698413, -0.02430737323812446], [0.0068096876050769434, -0.013177823779375332, 0.022529748748770267]]	0.16577374968461334	[[0.48029800499999986, 0.480298005, -0.6792439526517406], [0.480298005, 0.4802980050000001, 0.6792439526517405], [0.6792439526517406, -0.6792439526517405, 0.0]]
7	[[0.406855499873406, -0.3245501708658478, -0.8538944834191807], [-0.8488954288502084, 0.21093624421169652, -0.4846467288191305], [0.33740947393335186, 0.9220483108106712, -0.18968858540040373]]	0.8428093604480439	0.1571906395519566	[[0.34290162364307414, -0.273533921940748, -0.7196702634606322], [-0.7154570134765117, 0.17777904107937229, -0.40846479955928755], [0.28437186293487915, 0.7771109471365408, -0.15987131534560847]]	0.8429552005564283	0.25038253510054026	[[0.3146601314640811, -0.2638005264071365, -0.7320582455858146], [-0.6636931432586917, 0.16998943909555042, -0.36812880037850443], [0.3321656287137487, 0.7680214172243518, -0.07686782508314415]]	[[-0.028300828029191764, 0.009780727965707114, -0.012263450061170378], [0.051887673219170496, -0.00782036494853997, 0.040406680112243264], [0.047744557944621215, -0.009224001537773748, 0.08303115446631834]]	0.3959106665996676	[[0.46603267395349485, -0.46603267395349496, -0.6590697280140313], [-0.7955675379605106, -0.13649780994647914, -0.46603267395349496], [0.13649780994647948, 0.7955675379605105, -0.46603267395349485]]
7	[[-0.9377842524711256, -0.012787777579644166, -0.34698295139926694], [-0.21556114428834758, -0.7619772552868597, 0.6106750817731164], [-0.2722022940576928, 0.6474775171155194, 0.7118137227812147]]	0.8805382213994805	0.11946177860052032	[[-0.8257548777273657, -0.011260126925632899, -0.3055317508810528], [-0.18980982659449872, -0.6709500971171486, 0.5377227503574815], [-0.23968452387041864, 0.5701287013170511, 0.6267791894255144]]	0.8810307026384756	0.11749114570244715	[[-0.8303818168870956, -0.01543152414859736, -0.3115929740176448], [-0.18402564581135142, -0.6772156969494296, 0.5380234959379584], [-0.2439836782350637, 0.5662824713640431, 0.6330200835806279]]	[[-0.004165098009245291, -0.004165099482454436, -0.00589034054275348], [0.0058903406026475985, -0.0058903403292890726, -4.4073931447022124e-10], [-0.004165099841703416, -0.004165100482616625, 0.005890339251166784]]	0.2698793466593293	[[-0.8036035736974856, -0.1378765757035145, -0.4707400747004999], [-0.13787657570351447, -0.8036035736974855, 0.4707400747005], [-0.4707400747004999, 0.4707400747005, 0.6657269979939711]]
7	[[-0.9506790929980296, 0.17724456833992716, -0.25454591949280275], [0.013897849357551978, -0.7954843399685079, -0.6058147527488101], [-0.30986466710433175, -0.579473060511755, 0.7537870125051647]]	0.8883585780277627	0.11164142197232142	[[-0.8445439272163986, 0.15745673269365862, -0.22612805108337306], [0.012346273692974905, -0.7066753370978319, -0.5381807323001981], [-0.27527093504981764, -0.5147798640416187, 0.6696331585648844]]	0.8890125123140522	0.10967749413971352	[[-0.8451656086136753, 0.15757263822975667, -0.23572046354913978], [0.012426767246037085, -0.7165919113283459, -0.53857689466514], [-0.2848699457435357, -0.5152302068509006, 0.6701260856682134]]	[[2.5666389914054794e-10, -7.644249736568012e-10, -0.009425956161671948], [7.140527263492759e-05, -0.009396379746170773, 6.731113653603139e-10], [-0.009396379563920903, -7.140550702845417e-05, -6.870512998168136e-11]]	0.26984859400646205	[[-0.8036035736974856, 0.1378765757035145, -0.4707400747004999], [0.13787657570351447, -0.8036035736974855, -0.4707400747005], [-0.4707400747004999, -0.4707400747005, 0.6657269979939711]]
7	[[-0.3165369632697661, -0.9278010874929129, 0.1974575724831094], [-0.8157660753724355, 0.3724826131232639, 0.4424730649342605], [-0.48407650341181413, -0.021020108654157543, -0.8747731670991965]]	0.8382117283722844	0.16178827162771534	[[-0.2653249950760643, -0.7776937531331197, 0.1655112531112625], [-0.683784691985405, 0.3122192949346762, 0.37088611251672815], [-0.40575860258922875, -0.017619301605574404, -0.7332451283279152]]	0.8382117285157189	0.16178827155667336	[[-0.2653249950905183, -0.7776937532026461, 0.16551125312500373], [-0.683784692050183, 0.3122192949565329, 0.37088611254803633], [-0.4057586026247869, -0.017619301609183118, -0.7332451284093815]]	[[3.0948489900776824e-11, 6.355088179706757e-11, -1.4581156828582133e-11], [5.2230619979280786e-11, -3.1570561765816795e-11, -3.215792599938898e-11], [3.387564245797596e-11, -5.936739929655484e-13, 4.400695836097459e-11]]	0.4595605580760945	[[-1.8610871459779038e-16, -0.9320653479069899, 0.0], [-0.6590697280140313, 1.2491145917254156e-16, 0.6590697280140312], [-0.6590697280140312, 1.0348004097015972e-16, -0.6590697280140313]]
7	[[0.7682057170631343, 0.5541913911831843, 0.3205181402198053], [0.09030813392978146, -0.589450211148092, 0.8027408607536998], [0.6338015598100375, -0.5877247234172788, -0.5028670125057387]]	0.8807351832480916	0.11926481675190892	[[0.6765858029898312, 0.4880958564682369, 0.2822916029608275], [0.07953755088543929, -0.5191495397311414, 0.7070021190966403], [0.5582113329222192, -0.5176298419783505, -0.4428926704086615]]	0.8807351835414708	0.11926481648506027	[[0.6765858032002326, 0.4880958566142043, 0.2822916030492007], [0.07953755091231281, -0.5191495399004513, 0.7070021193040765], [0.558211333094303, -0.5176298421316748, -0.44289267055227943]]	[[-1.497427295858124e-11, -1.6620555327222237e-11, -5.66048335545767e-12], [3.7892089677938125e-13, 3.6219635890877765e-12, -2.807191518559784e-11], [-1.3860655139415742e-11, 1.91022473529434e-11, 3.913156731698351e-12]]	0.2081946449730797	[[0.6590697280140312, 0.4660326739534949, 0.46603267395349507], [-1.1822418421507372e-16, -0.6590697280140313, 0.6590697280140312], [0.6590697280140313, -0.46603267395349496, -0.46603267395349485]]
7	[[0.39514561495520173, 0.8903073900525152, 0.22630221872432854], [-0.7137866099724287, 0.4526453451835295, -0.5344350913887965], [-0.5782461572771092, 0.04964818930798781, 0.814350317058141]]	0.8560393179536933	0.14396068204630696	[[0.3382601827186426, 0.7621381309496875, 0.19372359696818095], [-0.6110294027652777, 0.38748221256582344, -0.4574974511229844], [-0.49500144608484115, 0.04250080211284635, 0.697115889989825]]	0.8560393183446849	0.14396068196120934	[[0.33826018280443, 0.7621381310005757, 0.1937235969956013], [-0.6110294028100259, 0.3874822126639844, -0.45749745118975754], [-0.4950014461419179, 0.042500802135877605, 0.697115890132186]]	[[-6.871082980487303e-11, -2.972158631234337e-10, -6.106184629149354e-11], [2.343365358948569e-10, -7.881979243362859e-11, 1.4218657382088508e-10], [1.690125942042164e-10, 3.61918191072714e-12, -1.760434924484582e-10]]	0.3557617100397195	[[0.4660326739534948, 0.6590697280140314, 0.46603267395349485], [-0.4660326739534952, 0.6590697280140311, -0.46603267395349496], [-0.6590697280140312, -1.0348004097015972e-16, 0.6590697280140313]]
7	[[-0.3298322266022023, -0.8762827350930389, 0.35119691125136165], [0.9222848180711871, -0.37850758052406547, -0.0782478487960887], [0.201497932123461, 0.2980949172053785, 0.9330262609842703]]	0.8426434307960607	0.15735656920393945	[[-0.2779309590111835, -0.7383938902461539, 0.2959337701818269], [0.777157243270627, -0.31894692623511467, -0.0659350357619476], [0.169790908822825, 0.25118772373680776, 0.7862084495786062]]	0.8426434308893367	0.15735656914499158	[[-0.2779309590262488, -0.7383938902985251, 0.29593377020598544], [0.7771572433277375, -0.318946926255598, -0.06593503576747706], [0.16979090883609804, 0.25118772375873527, 0.7862084496418691]]	[[1.5700176571362787e-11, 2.936401029061452e-11, -8.59975764979408e-12], [-2.8915354514825e-11, 1.4822326507904556e-11, 1.7691435577582238e-12], [-5.521828752935748e-12, -5.8774234758766545e-12, -2.3766422598946494e-11]]	0.5047645212879649	[[-1.8610871459779038e-16, -0.9320653479069899, 0.0], [0.9320653479069899, -1.6719424471745244e-16, 0.0], [0.0, 0.0, 0.9320653479069899]]
7	[[-0.7357259517984016, -0.6355984379310936, 0.23392723131326343], [-0.6762908134220847, 0.6707859050452003, -0.3044289823153933], [0.03657949604943121, -0.38217914031543476, -0.9233639830405582]]	0.8572979812200945	0.1427020187799058	[[-0.6307363732080021, -0.5448972577049727, 0.2005453431572667], [-0.5797827490644485, 0.5750634022261437, -0.26098635196387454], [0.03135952811722564, -0.3276414054568537, -0.7915980785920163]]	0.8606218584642157	0.1692567784999849	[[-0.6618491833612485, -0.525373484347996, 0.24561729799715212], [-0.6096465395740173, 0.5426462066284452, -0.3052464038847946], [0.04216414512777283, -0.38951945911170077, -0.7946672271337638]]	[[-0.028667347404154574, 0.021636424541214075, 0.04429440943894297], [-0.02761588286442675, -0.03464680560315626, -0.04324816735415097], [0.010683031256026841, -0.060607737107175076, -1.0478420349129615e-11]]	0.3854344426308998	[[-0.6590697280140313, -0.6590697280140312, 0.0], [-0.6590697280140312, 0.6590697280140313, 0.0], [0.0, 0.0, -0.9320653479069899]]
7	[[-0.010871777499557311, -0.0840287307277911, 0.9964040229075135], [0.9413747147740295, -0.3368748437119881, -0.018137972823285553], [0.33718756032528074, 0.9377923608594283, 0.08276495076773299]]	0.8619936711439685	0.13800632885603215	[[-0.009371403398703463, -0.07243223408161692, 0.8588939616486662], [0.8114590463101717, -0.29038398324734754, -0.015634817781053204], [0.29065354298886686, 0.8083710799079871, 0.07134286375432777]]	0.9065242221023845	0.14124477641844774	[[0.00577775669486972, -0.04077361691362132, 0.9365986352006329], [0.8411283357032576, -0.3138600676278068, -0.009284086108136757], [0.31579223006499296, 0.8096388049264557, 0.03453479741046193]]	[[0.015633286335525746, 0.03540046284364257, 0.03333425343471183], [-0.012250645314123221, -0.008474861985935113, 0.007158425596004279], [0.010123539238516211, -0.040492685495195725, -0.040493635201597156]]	0.3472346665435035	[[0.0, 0.0, 0.941480149401], [0.941480149401, -1.688830754721742e-16, 0.0], [1.8798860060382868e-16, 0.941480149401, 0.0]]
7	[[0.4709175022496733, 0.19115318190370978, 0.8612184201020178], [0.8821529167293078, -0.0947858233539779, -0.46132621776469945], [-0.006552677384344174, 0.9769729314260427, -0.21326264014097962]]	0.869618212115576	0.13038178788442464	[[0.40951843636029384, 0.1662302882873086, 0.7489312227301181], [0.7671362422586814, -0.0824274782389895, -0.4011776806945793], [-0.005698327591543565, 0.8495934539120286, -0.1854570758304452]]	0.8696182122834897	0.13038178812418946	[[0.4095184371172369, 0.16623028829289532, 0.7489312220863688], [0.7671362416837285, -0.08242747834612726, -0.401177681367281], [-0.0056983275996620435, 0.8495934542596795, -0.18545707593841135]]	[[6.778680935899196e-10, -2.651757545192869e-11, -7.883611821555632e-10], [-7.230769320299656e-10, -9.121952466219783e-11, -5.952413880070308e-10], [-7.01710757082806e-12, 1.836039536633328e-10, -7.216420769055001e-11]]	0.3426200417921855	[[0.46603267395349485, 0.46603267395349496, 0.6590697280140313], [0.7955675379605106, -0.13649780994647914, -0.46603267395349496], [-0.13649780994647948, 0.7955675379605105, -0.46603267395349485]]
7	[[-0.7099649817244492, 0.17004561671924806, -0.6833990144561036], [-0.6966343129430994, -0.02737173477805739, 0.7169040536679481], [0.1032005753632168, 0.9850559762621669, 0.13789258455366898]]	0.8901519247641005	0.10984807523589957	[[-0.6319766949971283, 0.15136643302033717, -0.6083289480999907], [-0.6201103745230179, -0.024365002396820244, 0.63815352324371], [0.09186419079633007, 0.8768494732701478, 0.1227453495511449]]	0.8947524752871724	0.11688812036322387	[[-0.6547720574924791, 0.11759576822294021, -0.6383522846383831], [-0.6471291940536613, -0.02118933372929514, 0.6491609257824108], [0.0704081864539739, 0.8844110739230422, 0.09273156614743289]]	[[-0.019529132727316063, -0.034552968248340976, -0.026879324844970527], [-0.023813918177844163, 0.00330159371627562, 0.007709249219606242], [-0.02193078380332469, 0.0030298008660459576, -0.030648165205708268]]	0.17631775813847608	[[-0.6724515131252231, 1.0558110495884064e-16, -0.6724515131252232], [-0.6724515131252232, 1.2744766776098515e-16, 0.6724515131252231], [1.8988747535740268e-16, 0.9509900498999999, 0.0]]
7	[[0.2932727100912193, 0.7663848849828426, 0.5715289367876191], [0.00018149557078206424, 0.5977709472802035, -0.8016669268761718], [-0.9560288094901268, 0.235210762206075, 0.175170810260522]]	0.862529083131563	0.13747091686843943	[[0.25295624174248726, 0.6610292521701372, 0.49296032983058347], [0.00015654520825871993, 0.5155948270802793, -0.6914610394154062], [-0.8246026524968786, 0.2028761230682814, 0.1510899183654226]]	0.8925117090761803	0.1592752969261218	[[0.20307444303218375, 0.6655322648952595, 0.5230837180545546], [-0.00047940218215061076, 0.5726727378067664, -0.7002580085029362], [-0.8328924427170005, 0.20287586814771577, 0.11923908185229162]]	[[-0.058674884676733596, -0.01847521861092976, 0.012987449895744041], [-0.0006413891042190022, 0.039155168013625265, 0.015239110513165344], [0.020374463967098702, -0.007052491221939304, -0.03710291739358625]]	0.32473673605495473	[[2.15391110102376e-16, 0.665726997993971, 0.6657269979939711], [2.829611319472537e-16, 0.6657269979939711, -0.665726997993971], [-0.941480149401, 2.950562665555496e-16, 0.0]]
7	[[-0.7797112461789556, 0.3586263663473402, 0.5132616310835669], [0.12556441147624647, -0.7135152995487305, 0.6892963773882098], [0.6134198816085799, 0.6018995320403472, 0.511305194748623]]	0.8922704299301866	0.10772957006981548	[[-0.695713288849497, 0.31999170208504096, 0.45796817623360264], [0.11203741141184055, -0.6366486030901123, 0.6150387750014963], [0.5473364214906126, 0.5370571542284198, 0.4562225059438905]]	0.8922704300804505	0.10772957017641392	[[-0.6957132887252409, 0.31999170206153443, 0.4579681762486443], [0.11203741137894052, -0.6366486030930499, 0.6150387748932374], [0.5473364215099669, 0.5370571540837917, 0.45622250590305163]]	[[2.414183069510249e-10, -7.739396074462756e-11, -6.208200135681375e-11], [-5.1766892904285745e-11, 1.0428072721342782e-10, -2.118359222367503e-10], [-7.282161880302742e-11, -2.35072528463939e-10, -1.176683749856265e-10]]	0.18158145970776682	[[-0.6590697280140312, 0.4660326739534949, 0.46603267395349507], [1.1822418421507372e-16, -0.6590697280140313, 0.6590697280140312], [0.6590697280140313, 0.46603267395349496, 0.46603267395349485]]
7	[[0.23507429571004806, 0.1639243119487907, -0.9580547455383437], [0.7224674736879957, -0.6888480443340972, 0.059406407734983124], [-0.6502159833157828, -0.7061283111228478, -0.2803604524027675]]	0.874440137345536	0.12555986265446784	[[0.2055583994270983, 0.143341997854775, -0.8377615232730907], [0.6317545569194103, -0.6023563784977133, 0.05194734733898443], [-0.5685749537549138, -0.6174669373618358, -0.24515843250533206]]	0.8744401383653606	0.12555986196574004	[[0.20555839959337696, 0.14334199795716923, -0.8377615239534986], [0.6317545573939586, -0.6023563790908125, 0.051947347364529974], [-0.5685749542899415, -0.6174669377712592, -0.24515843269255255]]	[[-7.3456732511424e-11, -6.477935593440174e-11, 2.966403508034726e-10], [-2.622427233221321e-10, 1.0940552390780687e-10, -3.503826948691695e-11], [1.280790163662342e-10, 3.1070336634485383e-10, 9.86981073278624e-11]]	0.2883070375329486	[[0.0, 0.0, -0.96059601], [0.6792439526517405, -0.6792439526517406, 0.0], [-0.6792439526517406, -0.6792439526517405, 0.0]]
7	[[0.312078085329446, 0.25026955923460475, -0.9165000907679297], [0.9493512559049828, -0.044986478459825396, 0.310979757648975], [0.036598655285933646, -0.9671304795508722, -0.25163301443761527]]	0.8504158188772455	0.14958418112275484	[[0.265396140489084, 0.21283319215654375, -0.7794061751914788], [0.8073433256925769, -0.038257212917815905, 0.2644621052553007], [0.03112407540479324, -0.8224630587283986, -0.2139926960295144]]	0.8504158189699081	0.1495841811182314	[[0.26539614046473153, 0.21283319217309435, -0.7794061752012614], [0.8073433257216378, -0.03825721293207503, 0.2644621052289053], [0.031124075414798464, -0.8224630587698237, -0.21399269604533863]]	[[-5.327006331225841e-11, -6.639568299905959e-12, 7.514206917375866e-11], [-5.890830345638492e-11, -1.0090537955883021e-11, -5.5211285321030535e-11], [6.6136546329977606e-12, 4.819107187628284e-11, 7.493139658985087e-12]]	0.3697006034100964	[[0.46603267395349485, 0.46603267395349496, -0.6590697280140313], [0.7955675379605106, -0.13649780994647914, 0.46603267395349496], [0.13649780994647948, -0.7955675379605105, -0.46603267395349485]]
