7	[[0.960266122164094, -0.26817943200658406, -0.07725779489837309], [0.017005372634810778, 0.3325347103638141, -0.9429376881346961], [0.27856739207144177, 0.9041573196362899, 0.32388230798028383]]	0.9085785704983794	0.09142142950162363	[[0.8724772205738746, -0.24366208496960756, -0.07019477684862124], [0.015450717159330728, 0.3021339117834452, -0.8567329767544676], [0.25310036287573406, 0.8214979649807903, 0.2942725243944426]]	0.9260887077286907	0.13831842928678711	[[0.8869844127055333, -0.24251572287904385, -0.030328040696212095], [-0.021445163235846658, 0.3101730543133941, -0.8678427058911736], [0.25139860033951134, 0.7762722818469461, 0.28872789107863917]]	[[-0.002307199445054558, 0.0058422207473478194, 0.04121953074319046], [-0.037193646803663424, 0.002216414117634923, 0.005401239182166763], [-0.006579515799281431, -0.061057601878461806, -0.01121585697500774]]	0.29934301715169004	[[0.9571067811865475, -0.2500000000000001, 0.14644660940672638], [0.25000000000000017, 0.45710678118654735, -0.8535533905932738], [0.14644660940672638, 0.8535533905932737, 0.4999999999999999]]
7	[[-0.9486136680599805, -0.12041431394456104, -0.29263031587149324], [-0.3163835017059441, 0.34398030004570723, 0.8840695860783527], [-0.005795568830930603, 0.9312238969107944, -0.3644015164680301]]	0.8745379058506924	0.12546209414930842	[[-0.8295986107265186, -0.10530688195152435, -0.2559163036306831], [-0.2766893650276248, 0.30082381125586627, 0.7731523644352519], [-0.005068444628615602, 0.8143905966824861, -0.31868293910076756]]	0.9252326731592707	0.14400031384726916	[[-0.882391731427301, -0.10651841771337926, -0.23981010354348392], [-0.283931476789873, 0.29552325532283064, 0.7599819911004787], [-2.2581523642759488e-11, 0.8593145883642017, -0.339644628555534]]	[[-0.004703371532746789, 0.004892839864187374, 0.03094102585773983], [0.008796876237007945, -0.022738557202587845, -0.057988075285605165], [0.005362249619339017, -0.0022841870843647097, -0.002488439370527474]]	0.485893865932543	[[-1.0, -1.7938038903913487e-16, -1.9967346175427393e-16], [-1.7938038903913487e-16, -2.87096493178452e-32, 1.0], [-1.9967346175427393e-16, 1.0, 0.0]]
7	[[0.5589385729429008, -0.453070050737613, 0.6944891653590938], [0.6606928908491764, -0.262767821928887, -0.7031628372860068], [0.5010714277005947, 0.851868887143653, 0.15246909017477023]]	0.9286163716811142	0.07138362831888592	[[0.5190395095988584, -0.42072826663334145, 0.6449140089076066], [0.6135302350958687, -0.24401050139415195, -0.65296852266153], [0.4653031311444024, 0.7910593951273668, 0.1415852933116158]]	0.9458412135484692	0.07943862064653363	[[0.5393891724693919, -0.45129538083742826, 0.687381836358967], [0.5958112563790006, -0.27936953196720377, -0.6763429258360646], [0.49876995026406856, 0.7810204599018843, 0.12065977204278863]]	[[0.010722034338030362, -0.022763054225296925, 0.03050536139945686], [-0.029099309284631728, -0.030832896392497047, -0.011262534495283694], [0.024835943013274263, -0.024712242098253907, -0.023551777236747284]]	0.2489906398581357	[[0.7071067811865476, -0.5, 0.4999999999999999], [0.5, -0.14644660940672602, -0.8535533905932738], [0.4999999999999999, 0.8535533905932737, 0.14644660940672638]]
7	[[0.42284015807257314, 0.3527755205810929, 0.834718894478794], [0.37729723708366386, -0.9060167935199916, 0.19178207619270926], [0.8239253580332351, 0.23384396921556794, -0.5162015134143967]]	0.9536828356062121	0.04631716439378816	[[0.4032554009588302, 0.3364359588002347, 0.7960570822206188], [0.3598218989283379, -0.8640526647509932, 0.18289927424190944], [0.785763471776999, 0.22301297965091466, -0.49229252305726007]]	0.9684623281918655	0.04659772760865049	[[0.41054699281771895, 0.3224100940338953, 0.8218738146753741], [0.33937516890584696, -0.8838940720821339, 0.17651777171137895], [0.809306072967079, 0.2130777523429201, -0.5166477941691107]]	[[0.0010422288777376363, -0.01923970795716809, 0.013480010742700322], [-0.026022991740556844, -0.0064509388488326784, -0.009215944303681587], [0.01136540246989757, -0.013391322517215346, -0.01672607467164002]]	0.14446527808386053	[[0.45710678118654746, 0.24999999999999992, 0.8535533905932738], [0.2499999999999999, -0.9571067811865475, 0.14644660940672619], [0.8535533905932738, 0.1464466094067262, -0.4999999999999999]]
7	[[0.27459789904950743, -0.1233857755913988, -0.9536099539220977], [-0.9242923950151736, 0.23955154775131188, -0.29715084466826813], [0.2651029278501293, 0.963011425867658, -0.04826418230561075]]	0.8851338334891348	0.11486616651086595	[[0.2430558910537532, -0.10921292454724493, -0.8440724341684629], [-0.8181224708646342, 0.21203517977937406, -0.2630182662657586], [0.23465157079717847, 0.852393995072077, -0.042720260704383575]]	0.9274589432458106	0.13510113486573558	[[0.2111989706710277, -0.1357043063340826, -0.8865787700497522], [-0.8123911088226426, 0.1868466815749871, -0.2660812478775757], [0.24172895878244963, 0.8966658184693468, -0.0032067683634848395]]	[[-0.04347930659894815, -0.021269065292519096, -0.0021446899164766675], [0.04485213910826978, -0.035327543755342944, 0.009513960503056149], [-0.004143122532801739, 0.0035122591004875863, 0.041556279154300095]]	0.39885614599134667	[[0.0, 0.0, -1.0], [-1.0, 1.7938038903913487e-16, 0.0], [1.9967346175427393e-16, 1.0, 0.0]]
7	[[-0.5524682326348718, 0.07472194964223472, 0.8301779822248746], [0.3954071310761524, 0.9002726737930906, 0.1821052264916233], [-0.7337792942182461, 0.42886564686752693, -0.5269176447163921]]	0.9500372535708137	0.04996274642918883	[[-0.5248654024175542, 0.07098863581956807, 0.7887000102078814], [0.3756515048499025, 0.8552925784752401, 0.1730067492369955], [-0.697117665406232, 0.4074383413008939, -0.5005913920443648]]	0.9659627014523374	0.05029707431100092	[[-0.5242732089483548, 0.08284298221264716, 0.8217543473118871], [0.40000885001349623, 0.8535533905806851, 0.17119609060076574], [-0.700413698882855, 0.4352765265615785, -0.5142189165959887]]	[[0.009390497514224688, 0.010664365878448698, 0.01983338091569569], [0.01806030950565691, -0.01607643344020664, -0.004710765929672609], [0.008389730429992772, 0.02100830775331717, -0.005236125062840576]]	0.12110682751079964	[[-0.4999999999999999, 0.1464466094067262, 0.8535533905932738], [0.5, 0.8535533905932737, 0.14644660940672619], [-0.7071067811865476, 0.5, -0.4999999999999999]]
7	[[-0.5387086746235353, 0.7530690341028258, -0.37773005408729476], [0.8423234016150757, 0.49040532726543196, -0.22359316197346515], [0.01685974427331502, -0.4386224399926676, -0.8985132743359537]]	0.892441261004747	0.10755873899525421	[[-0.480765848895223, 0.6720698784183518, -0.3371018857890567], [0.7517241587111652, 0.4376579486682074, -0.199543763423638], [0.015046331439494852, -0.39144476345203505, -0.8018703195778846]]	0.9145224181507109	0.14758654287413062	[[-0.49207202240974374, 0.653267026219631, -0.29697502499981004], [0.7622074017643761, 0.43117204723912755, -0.22903563924946488], [0.03396969287635357, -0.405915400538385, -0.7978946430287804]]	[[0.0005891373857372627, -0.03543148788250465, 0.048467577472301016], [-0.008116232345575878, -0.01731461852564671, -0.02455468007952799], [0.018551078774119146, -0.0047853460611258095, 0.02381588935744875]]	0.39441898302762435	[[-0.7071067811865476, 0.5, -0.4999999999999999], [0.7071067811865475, 0.5000000000000001, -0.5], [0.0, -0.7071067811865475, -0.7071067811865476]]
7	[[0.14595044963558398, -0.6734441926758938, -0.7246870949604965], [-0.34441161031647605, -0.7212947983739647, 0.6009279961175655], [-0.9274045012454825, 0.1618849381189445, -0.33721529900027186]]	0.9022157046259572	0.09778429537404386	[[0.13167878775844397, -0.6075919268213407, -0.6538240780131234], [-0.3107335636830388, -0.650763494758005, 0.5421666754466722], [-0.8367189055644766, 0.14605513351331378, -0.304240938598183]]	0.9348225500802237	0.1007762717706503	[[0.14131730321323902, -0.64396818245414, -0.7084600185347167], [-0.26482630391070955, -0.6850547669596729, 0.5783005082944118], [-0.8660591370736116, 0.11637687004687208, -0.2985170421401303]]	[[0.004879531699547361, -0.014417364920142341, -0.031006180413516275], [0.057137435922573504, -0.010772124184122156, 0.016539466549190484], [0.0008995037365682891, -0.034956820625059816, 0.01671942359736979]]	0.386024196201945	[[0.0, -0.7071067811865477, -0.7071067811865474], [0.0, -0.7071067811865474, 0.7071067811865477], [-1.0, 0.0, 0.0]]
7	[[-0.9649136349056507, -0.007072981661685379, -0.26247218920026094], [-0.13286753364795276, -0.8490486324305947, 0.5113341747527215], [-0.22646831053256494, 0.5282673496423472, 0.8183188325013518]]	0.9266367298526416	0.0733632701473594	[[-0.894124415239199, -0.006554084597291994, -0.24321637107779354], [-0.12311993688312502, -0.7867596482413426, 0.4738210275547613], [-0.20985385468714865, 0.4895119293605066, 0.7582842869258838]]	0.9424862811629224	0.08270781088378262	[[-0.913165897392433, -0.02645381393298164, -0.23680831102428976], [-0.11205485998214129, -0.7992127979603113, 0.5106889940314938], [-0.23558187591947985, 0.5111970000851687, 0.7478358096439135]]	[[-0.003748033986808991, -0.019787625749926135, 0.010568126483755366], [0.013170967693007097, 0.0010038901456649672, 0.028763549237288834], [-0.022138600124392616, 0.013312270260960333, -0.023418463605870996]]	0.29712410643171705	[[-0.8535533905932738, -0.1464466094067262, -0.4999999999999999], [-0.14644660940672619, -0.8535533905932737, 0.5], [-0.4999999999999999, 0.5, 0.7071067811865476]]
7	[[-0.16688068420723817, -0.7255765027370625, 0.6675998621287887], [0.016208584335006937, 0.6749843637247572, 0.7376539774995726], [-0.9858438613859596, 0.13392104914067282, -0.10088128451146167]]	0.936117439160115	0.06388256083988539	[[-0.15621991874536748, -0.6792248176569715, 0.624951873319647], [0.015173138460097465, 0.6318646340431384, 0.6905307524031743], [-0.9228656309323442, 0.12536582957120246, -0.09443672971605252]]	0.9552273333749921	0.0839870227594936	[[-0.12686844504607747, -0.6846590285842544, 0.6339319673347926], [0.0018955901002824605, 0.6636000538205741, 0.706856762406692], [-0.9167418434503233, 0.12748228380989093, -0.07327837500009447]]	[[0.03254054592099682, 0.008431479284822345, -0.0037776687280030264], [-0.013587292691829955, 0.018836539989959288, 0.0022295205263181423], [0.024963159385492865, -0.0004427628435351079, 0.0230861853912326]]	0.17362469059650998	[[-2.2877923686379875e-16, -0.7071067811865475, 0.7071067811865476], [3.0054922785922005e-16, 0.7071067811865476, 0.7071067811865475], [-1.0, 3.133961632045815e-16, 0.0]]
7	[[-0.7602129684948403, 0.05278936044302118, 0.6475256952092945], [-0.5363407046060238, 0.5114621413604626, -0.671375548063589], [-0.36662636445702773, -0.8576827859873295, -0.36050706998065346]]	0.9129332642966399	0.08706673570336024	[[-0.6940237068886349, 0.048193163149378965, 0.5911477466433719], [-0.489643270231137, 0.4669308022763567, -0.6129210706626403], [-0.33470540368096435, -0.7830071455424495, -0.3291188961994548]]	0.9343307371431357	0.09204646696808556	[[-0.7186337907939894, 0.03163616865358497, 0.638052768093626], [-0.4913357042132745, 0.5205587726107748, -0.5981249871459045], [-0.3768996370340903, -0.7789495879327165, -0.34572048873890976]]	[[-0.008343447554432877, -0.017686553402457644, 0.03304960796960418], [0.009783901681140282, 0.04268397305264652, 0.02916182357622729], [-0.03434935567484789, 0.022409801733803542, -0.008887652298573665]]	0.2627202669149914	[[-0.7071067811865475, -1.1102230246251565e-16, 0.7071067811865476], [-0.5000000000000002, 0.7071067811865474, -0.5], [-0.49999999999999983, -0.7071067811865477, -0.4999999999999999]]
7	[[0.9276499285075541, 0.24559764542247225, 0.2813314889998406], [-0.0941166078059129, -0.5752662021112951, 0.8125336059779651], [0.3613968376660729, -0.780224706909096, -0.5105308339890726]]	0.8938918340101283	0.10610816598987213	[[0.8292186959129815, 0.21953772969526295, 0.2514799206668679], [-0.0841300671624392, -0.5142257604493073, 0.7263171552425052], [0.32304968202678663, -0.6974364941989871, -0.4563593435132123]]	0.9161057964427559	0.15356167501635234	[[0.8147993729631379, 0.2345467302625438, 0.21256713513400155], [-0.12817581600578484, -0.5816889764881888, 0.7294705943300138], [0.28763889161525996, -0.6983748546385519, -0.4405486248655086]]	[[-0.035026103612340494, 0.00955330369832416, -0.045162272660623524], [-0.04195504605325851, -0.05468427423642181, -0.014896151910934794], [-0.04343884618671157, 0.01639352188872081, 0.027151631414635908]]	0.42228594629698035	[[1.0, 0.0, 0.0], [0.0, -0.7071067811865474, 0.7071067811865477], [0.0, -0.7071067811865477, -0.7071067811865474]]
7	[[-0.5104173248528786, -0.5182894301775639, 0.6861852672975772], [0.45628273613066006, -0.8395968917985795, -0.29475943410056116], [0.7288897167604642, 0.1626441694263301, 0.6650313187756423]]	0.9445074227902774	0.055492577209722234	[[-0.48209295204430047, -0.4895282139564527, 0.6481070783718924], [0.43096243116646643, -0.793005496455404, -0.278402473445442], [0.6884417478757618, 0.1536186252967284, 0.6281270169716019]]	0.9557535633054633	0.06156003536675243	[[-0.4910937846305361, -0.5216408492946659, 0.6447085221291877], [0.45752220417967315, -0.7859913886130191, -0.29308360318835186], [0.7088271672433502, 0.13828750055606406, 0.646197361452903]]	[[-0.0032606076295568854, -0.026283879578901038, -0.01111549217818358], [0.021428353248027953, 0.016456332463664326, -0.011366223728838845], [0.01218822319282927, -0.01716024392400834, 0.010591308823350997]]	0.2834712962421699	[[-0.5000000000000001, -0.7071067811865475, 0.4999999999999999], [0.49999999999999994, -0.7071067811865475, -0.5], [0.7071067811865475, -1.1102230246251565e-16, 0.7071067811865476]]
7	[[-0.4871732334601276, -0.7856314367511983, 0.3813731587149939], [0.18798613468173503, 0.33212331739003315, 0.9243134290992746], [-0.8528326059476293, 0.5219936279631076, -0.014113773361090876]]	0.8789687518784501	0.12103124812158465	[[-0.4282100489630551, -0.6905454833976612, 0.3352150893156341], [0.1652339381716753, 0.2919260177560646, 0.8124426211198685], [-0.7496132112110633, 0.45881608765922716, -0.012405565755493585]]	0.9298922037026961	0.13487635631137307	[[-0.43667156243939054, -0.6732682624873142, 0.35212862948963597], [0.15351026393677872, 0.28854259620716244, 0.8541435459495091], [-0.792786519153525, 0.5002575957263945, -4.279238612582733e-12]]	[[0.01634702920781568, 0.05728428553137385, -0.0025072975009080055], [-0.021296577107971778, -0.020296287301705473, -0.005368305547610279], [0.00025587218062899704, 0.014859790701015549, 0.013124287809025964]]	0.451141667901497	[[-0.7071067811865475, -0.7071067811865476, 1.9967346175427393e-16], [1.268410895014533e-16, 1.2684108950145333e-16, 1.0], [-0.7071067811865476, 0.7071067811865475, 0.0]]
7	[[0.9792681828595647, -0.06468287773609287, 0.1919634115312185], [-0.19461030959112274, -0.5634158260401757, 0.8029255472136342], [0.05621968907574672, -0.8236375005396755, -0.5643231470221494]]	0.9054615225028761	0.09453847749712427	[[0.8866896597906461, -0.05856785695479007, 0.17381548286990314], [-0.17621214721713374, -0.5101513516485525, 0.7270181884365123], [0.05090476526516393, -0.7457720652291189, -0.5109728958862898]]	0.9423654739388917	0.11386026729387212	[[0.9236561488532637, -0.005693031575174421, 0.17853833157824356], [-0.1842150022501103, -0.5286243092012779, 0.7013742508016927], [3.949875169304211e-05, -0.7753436100447079, -0.5309429413607459]]	[[0.0008276235995723903, 0.055261879158330654, -0.002361359708306332], [-0.0008209656188818838, 0.0023193127297519095, -0.0552750630359778], [-0.05293999518885161, 0.0008239335051676758, 0.00085570853746399]]	0.270455506111243	[[1.0, 0.0, 0.0], [0.0, -0.7071067811865474, 0.7071067811865477], [0.0, -0.7071067811865477, -0.7071067811865474]]
7	[[-0.004881392374527848, -0.8737977806315758, 0.48626495922677654], [-0.9964931464260065, -0.036369118883652976, -0.07535712519479704], [0.0835319168610627, -0.4849275469128966, -0.8705559678220334]]	0.9038489675807141	0.09615103241928633	[[-0.004412041458073717, -0.7897812218981687, 0.43951008136779995], [-0.9006793015984037, -0.032872190554810395, -0.06811145980716779], [0.07550023681490953, -0.4383012626286697, -0.786851112737174]]	0.904612741839113	0.09529168527640813	[[-0.0044157697665385175, -0.794421905734996, 0.43590817845345514], [-0.9054136970465861, -0.035709515440970285, -0.06535946857608847], [0.07159073674540592, -0.4358620907530041, -0.7903255680491342]]	[[-2.6624268587984335e-11, -0.003973299584933414, -0.003973299572964252], [-0.003973299634270148, -0.0028095470893562875, 0.002809547063490306], [-0.003973299597356738, 0.0028095470531861724, -0.002809547073241064]]	0.2886618823560758	[[-1.9967346175427393e-16, -0.7071067811865476, 0.7071067811865475], [-1.0, 1.2684108950145333e-16, -1.268410895014533e-16], [0.0, -0.7071067811865475, -0.7071067811865476]]
7	[[0.34528785424661446, 0.721296251312937, 0.6004231970466106], [-0.4727265086543158, -0.4190107345154037, 0.7752158746932126], [0.8107440691890812, -0.5515085876056384, 0.1962965411614891]]	0.9155485759173551	0.0844514240826452	[[0.31612780323704653, 0.6603817557040859, 0.54971660300377], [-0.4328040817968421, -0.3836246812796622, 0.7097477901038977], [0.7422755779795047, -0.5049329019885345, 0.1797190187179036]]	0.917934564779288	0.10923370424631398	[[0.33043223656305293, 0.6305412043003734, 0.5727149842677984], [-0.4748774414281073, -0.40954918269799745, 0.7018950099468914], [0.7346663220143776, -0.5325852093191389, 0.14697412533725038]]	[[0.0134805803516129, -0.031561556225499346, 0.021565778203428965], [-0.04094543944687574, -0.024924746472750562, -0.009702436599618043], [-0.009543682284090794, -0.026336413983316626, -0.03321325474150066]]	0.2913031380435695	[[0.5, 0.5000000000000001, 0.7071067811865475], [-0.5000000000000001, -0.4999999999999998, 0.7071067811865476], [0.7071067811865475, -0.7071067811865476, 1.9967346175427393e-16]]
7	[[-0.19923769144659614, 0.8439754804473203, -0.49800575369241046], [-0.7021380284509187, 0.23156213831599123, 0.6733358486680942], [0.6835982236007403, 0.4838226581116686, 0.5464513740376828]]	0.9266622511632341	0.07333774883676777	[[-0.18462604767246954, 0.782080218637887, -0.4614831328088513], [-0.650644806071645, 0.21457989237606845, 0.6239549133156809], [0.6334646687730525, 0.4483401935295382, 0.5063758604170014]]	0.9266622517901766	0.0733377484208656	[[-0.18462604772886745, 0.7820802190533642, -0.46148313307717137], [-0.6506448064839776, 0.21457989247519588, 0.623954913491743], [0.6334646691198793, 0.4483401938035368, 0.5063758607677714]]	[[6.851281679598525e-11, -1.1364661627291912e-10, 4.389989344422758e-11], [2.7865581789249475e-11, -4.605061152858119e-11, -2.460808247101161e-10], [-8.174801776037191e-11, -2.93311949630821e-11, 8.17505406915988e-12]]	0.24787029597938862	[[-0.14644660940672638, 0.8535533905932737, -0.4999999999999999], [-0.8535533905932738, 0.14644660940672602, 0.5], [0.4999999999999999, 0.5, 0.7071067811865476]]
7	[[-0.30856070057004426, 0.1412364016461924, 0.9406607108377383], [0.9283791655349412, 0.26005680283238586, 0.2654855632633233], [-0.2071289913661773, 0.9552082171708078, -0.21136424197341674]]	0.8850910688640369	0.1149089311359632	[[-0.2731043202769772, 0.12500707769553876, 0.8325703939937783], [0.8217001079344237, 0.23017395358428053, 0.23497890095670607], [-0.1833280203610197, 0.8454462619234215, -0.18707660284788838]]	0.8968252816072085	0.14906833332076067	[[-0.26663508366192734, 0.11065899133553674, 0.8437196770677214], [0.8433893782201705, 0.22211539466536823, 0.22079862865010455], [-0.1114564033231452, 0.8890107097526267, -0.15649544636573665]]	[[0.010089953519721188, -0.016005384343998223, 0.00011137017382817383], [0.010795471651031723, -0.011110120768656175, -0.017295536386173406], [0.07430211268784315, 0.03235583139489786, 0.033061349463767445]]	0.41922775010310676	[[0.0, 0.0, 1.0], [1.0, 1.7938038903913487e-16, 0.0], [-1.9967346175427393e-16, 1.0, 0.0]]
7	[[-0.43776478212225356, 0.8965698997575128, 0.0672637374984425], [-0.25427414048209707, -0.19521750927551854, 0.9472247809017422], [0.8623842861599152, 0.39755822079422076, 0.3134338910574078]]	0.9243344496999104	0.07566555030008976	[[-0.4046410689809744, 0.8287304449098649, 0.062174189785382174], [-0.23503434771543683, -0.18044626900797353, 0.8755524965969301], [0.7971315045774752, 0.3674767592415017, 0.28971774320785126]]	0.9244462716244767	0.07504494608991889	[[-0.40128551789927597, 0.8312380477438907, 0.06458905819415266], [-0.23747012814075127, -0.18117319409516217, 0.8797680151124426], [0.7996352845978404, 0.3634116166325279, 0.2904578876043746]]	[[0.0034045027821424656, 0.0024073466623262146, 0.002407346848189974], [-0.0024073470015579983, -0.0007050954895924566, 0.004109598017513281], [0.002407346549771508, -0.004109598334348844, 0.0007050956156012514]]	0.310114670351968	[[-0.4999999999999999, 0.8535533905932737, -0.14644660940672638], [-0.5, -0.14644660940672602, 0.8535533905932738], [0.7071067811865476, 0.5, 0.4999999999999999]]
7	[[-0.6688443635042012, -0.7106257709593319, -0.21830765231002544], [0.3076282537140923, 0.0027649952570922287, -0.9515026076254579], [0.6767658937368799, -0.7035647578223935, 0.2167592134716278]]	0.9211531787459221	0.07884682125408103	[[-0.6161081115281889, -0.6545951878179617, -0.20109478786993998], [0.2833727437807935, 0.0025469841702886803, -0.8764796515992264], [0.62340505428255, -0.6480909131217003, 0.19966843851185462]]	0.921153178906795	0.07884682115551027	[[-0.6161081115897337, -0.654595187935306, -0.20109478785711524], [0.2833727438145909, 0.0025469841627058665, -0.8764796517077555], [0.623405054376773, -0.6480909131854649, 0.19966843853808933]]	[[4.6055883349735345e-11, -3.0258477254684156e-12, 4.7943932634329734e-11], [-1.569282728411726e-11, -8.027250858529993e-12, 4.4539869528615817e-11], [-1.465127094446902e-11, 4.941906180176975e-11, -8.635696856458458e-12]]	0.3114860219236992	[[-0.7071067811865475, -0.7071067811865476, -1.9967346175427393e-16], [1.268410895014533e-16, 1.2684108950145333e-16, -1.0], [0.7071067811865476, -0.7071067811865475, 0.0]]
7	[[0.648727301424343, -0.24025956634810233, -0.722099874785276], [0.6191713111804977, -0.3850481214649154, 0.6843718518227958], [-0.4424700846359139, -0.8910742308778553, -0.10102939803703481]]	0.8958975248286288	0.1041024751713865	[[0.5811931836348346, -0.2152479508076716, -0.6469274904991893], [0.5547140451315173, -0.3449636589603419, 0.6131270481104211], [-0.3964078536360205, -0.7983111978820366, -0.09051198763629673]]	0.9269656606373081	0.10856417766342781	[[0.5693961683976538, -0.25337310030644306, -0.6884051202788173], [0.5802381408617201, -0.3667451307200392, 0.6733104975118652], [-0.43899516677533285, -0.7869271811978914, -0.07540812103872588]]	[[-0.03195176314062027, -0.030660732662141327, -0.019043332802365195], [0.0062875973456212025, -0.009818744429158978, 0.038921291765368675], [-0.028840592458557666, 0.03906803190468065, 0.018242661656463523]]	0.34045987406270317	[[0.5000000000000001, -0.49999999999999983, -0.7071067811865476], [0.5000000000000002, -0.4999999999999999, 0.7071067811865475], [-0.7071067811865474, -0.7071067811865477, 0.0]]
7	[[-0.20962728376771522, 0.9146782181840727, -0.3455722197743615], [-0.11263779594486362, 0.32848192764058937, 0.9377698812279087], [0.9712719129187527, 0.23550664617613754, 0.03416856423694914]]	0.8774827314535778	0.12251726854642275	[[-0.1839443215476892, 0.8026143412932513, -0.30323365532208296], [-0.09883772085060966, 0.28823721909920047, 0.8228768768547624], [0.8522743311320886, 0.2066530151621086, 0.029982325076485142]]	0.9255613760624086	0.13469502000653852	[[-0.1727819027983707, 0.7948802202891362, -0.32242105112102676], [-0.11209859909071723, 0.27811954220521584, 0.8613035323454475], [0.9049358112161076, 0.2170834117220977, 0.005145295411996486]]	[[0.021241014425901077, -0.0517106099876267, -0.0025727518577279293], [-0.007845405679352485, -0.025910642753440558, -0.006660049353738262], [0.005964042964258411, -0.0008924437845311881, -0.026479807921230968]]	0.41985710386900205	[[0.0, 1.0, -1.9967346175427393e-16], [0.0, 1.7938038903913487e-16, 1.0], [1.0, 0.0, 0.0]]
7	[[0.574704889092418, -0.24730035866747077, 0.780100521122895], [-0.20680691382082303, -0.9661955377213083, -0.1539385698366041], [0.7917987060163579, -0.07286093253845069, -0.6064207233105157]]	0.9395032098739017	0.06049679012609875	[[0.539937088032552, -0.23233948077105587, 0.7329069436192629], [-0.19429575935877869, -0.9077438090550092, -0.1446257804848873], [0.7438974258763693, -0.06845307999428024, -0.5697342160842824]]	0.9415904339473302	0.05802521151137184	[[0.53966927269884, -0.22514388047954229, 0.7439562473691504], [-0.2028521912056741, -0.9173387786081195, -0.1397860795178354], [0.7548000728721427, -0.07452131724480082, -0.5642005200735437]]	[[-0.0014673532133408947, 0.007711771553491888, 0.009421059162506584], [-0.008124779477817552, -0.007578302967138493, 0.005161005255844267], [0.009249985675265786, -0.005916160158113604, 0.0067994319430577516]]	0.14455131960172554	[[0.45710678118654746, -0.24999999999999992, 0.8535533905932738], [-0.2499999999999999, -0.9571067811865475, -0.14644660940672619], [0.8535533905932738, -0.1464466094067262, -0.4999999999999999]]
7	[[0.24646923027241593, 0.7083253665859152, 0.6614590641754414], [0.9286246270354669, -0.36790822982092686, 0.04795661052734279], [0.27732511713179175, 0.6024273478860003, -0.7484464375804571]]	0.9098582271123418	0.09014177288765841	[[0.22425205689340377, 0.6444756622605599, 0.6018339714380561], [0.8449167568073499, -0.33474432972490814, 0.04363371663272517], [0.25232653940725414, 0.5481234787115468, -0.6809801487855035]]	0.9098582271773766	0.09014177284952468	[[0.22425205690529804, 0.6444756622725527, 0.6018339714841958], [0.8449167568470479, -0.3347443297519332, 0.04363371663150427], [0.25232653943261535, 0.5481234787476703, -0.6809801488227024]]	[[-4.134661453229638e-12, -3.407342032409273e-11, 3.122621358232408e-12], [-2.0695025625447247e-11, -3.097364326334798e-12, -4.339792399536553e-12], [7.325054113499974e-12, -3.0537999138984717e-12, 1.1475764551229074e-11]]	0.3836983029469567	[[0.25, 0.4571067811865474, 0.8535533905932738], [0.9571067811865475, -0.25000000000000006, -0.14644660940672619], [0.14644660940672638, 0.8535533905932737, -0.4999999999999999]]
7	[[-0.9588610349856624, -0.2231075811005983, 0.17552356776702127], [-0.1293663018671285, -0.20694792700785122, -0.9697612672448699], [0.252685329070461, -0.9525731272519675, 0.16957170079338071]]	0.8888308368871746	0.11116916311282596	[[-0.8522652561848082, -0.19830489802551796, 0.1560107596317842], [-0.11498475835355887, -0.18394169915445438, -0.8619537187460244], [0.22459451250680873, -0.8466763698915988, 0.15072055672856227]]	0.9046662942399666	0.13865854690021173	[[-0.890646156718419, -0.15117936876383084, 0.1128241627603689], [-0.0807432060108667, -0.19673515187080495, -0.9038572902584932], [0.1832603255135671, -0.8746816763648725, 0.119284870992758]]	[[-0.023196897506840182, 0.05065853984729035, -0.04596609284319989], [0.03629012689879752, -0.009516337643968921, -0.026546958322622567], [-0.045335574745413644, -0.012920875341258829, -0.03412093117195822]]	0.34468038893662056	[[-1.0, -1.7938038903913487e-16, 1.9967346175427393e-16], [-1.7938038903913487e-16, -2.87096493178452e-32, -1.0], [1.9967346175427393e-16, -1.0, 0.0]]
7	[[0.26616637265112986, 0.9073278585449115, 0.3254406538495851], [-0.9565105633649592, 0.2904108926461212, -0.02736888020603004], [-0.11934405825590477, -0.30400274758756485, 0.9451662950075098]]	0.8808050022634281	0.11919499773657243	[[0.23444067246542705, 0.7991789164993217, 0.28664975585059593], [-0.8424992889296662, 0.2557953669544911, -0.02410664659181977], [-0.10511884350221885, -0.26776714077695346, 0.8325072006134052]]	0.8864875382321584	0.16105159608505154	[[0.22139098597303122, 0.7704767096403875, 0.33272725333999636], [-0.888304483239239, 0.22139098608801527, -0.0482658440942208], [-0.04826584418200471, -0.33272725328885144, 0.8421874913165128]]	[[-0.014562186478652253, -0.03385813005054814, 0.04422816926821387], [-0.04036978862878001, -0.0360546512096482, -0.024003672856206453], [0.05753117622390766, -0.06323260596413832, 0.004309349235295528]]	0.4370300711422731	[[1.9967346175427393e-16, 1.0, 0.0], [-1.0, 1.7938038903913487e-16, 0.0], [0.0, 0.0, 1.0]]
7	[[0.2996549344758955, 0.21795608323613597, 0.9288175633700135], [0.8916359750523828, -0.4103184136620505, -0.1913742077769225], [0.3393997764239587, 0.8855133794529706, -0.31729142215500555]]	0.910435572904804	0.08956442709520267	[[0.2728165119433091, 0.19843497150917683, 0.8456285504308177], [0.81177710976935, -0.3735684800157973, -0.1742338864965883], [0.3090016298923131, 0.806202880937139, -0.2888733977074759]]	0.9117037245766164	0.08606588131311856	[[0.26493360582542225, 0.20697428691778547, 0.8584919570537151], [0.8245933644764244, -0.36240330091710027, -0.17447657805449082], [0.3011691262442822, 0.8155887601936981, -0.30096129643863156]]	[[-0.008262914024013584, 0.008262914037269335, 0.01168552507709744], [0.011685525054664294, 0.011685525080959991, -3.637132885229747e-11], [-0.008262914041911823, 0.008262913983999061, -0.011685525083701114]]	0.29065878950245166	[[0.25, 0.4571067811865474, 0.8535533905932738], [0.9571067811865475, -0.25000000000000006, -0.14644660940672619], [0.14644660940672638, 0.8535533905932737, -0.4999999999999999]]
7	[[0.5403191569681028, 0.6036400661371987, -0.5862370503193712], [0.4146608078153325, 0.41521567174819174, 0.8097236321095203], [0.7321964374914798, -0.6805987191352745, -0.02595689573522414]]	0.9205724842063875	0.07942751579361397	[[0.4974029485944283, 0.555694435250429, -0.5396736977463297], [0.38172532995358693, 0.3822361224226567, 0.7454092955316791], [0.6740398933885993, -0.6265404536220451, -0.023895203989262676]]	0.9628490885883824	0.06552464219668463	[[0.5039514202542629, 0.5618189538374809, -0.5539112041092661], [0.40167803645796074, 0.3916743685930549, 0.7605587990225953], [0.7140521214868463, -0.6661882557540872, -0.01000366786381855]]	[[-0.016294387579318483, -0.01939533367815175, 0.010546605487482937], [0.00242225557964487, -0.008115662517304171, -0.01908286216252991], [0.009057448980513961, -0.010874399340267968, 0.014988905537425042]]	0.16429196015638983	[[0.5000000000000001, 0.5000000000000001, -0.7071067811865474], [0.49999999999999983, 0.4999999999999999, 0.7071067811865477], [0.7071067811865476, -0.7071067811865475, 0.0]]
7	[[-0.28551340625994115, -0.7402800071091643, -0.6086605013636927], [-0.9037881084920453, 0.4192574902120425, -0.08596634137539147], [0.31882463799746885, 0.5255555802915186, -0.7887599015101034]]	0.8977340673689425	0.10226593263105839	[[-0.25631511149009784, -0.6645745817740193, -0.5464152675360485], [-0.8113613746762462, 0.37638173196295166, -0.077174913299757], [0.28621973904689785, 0.47180914872354957, -0.7080966345601922]]	0.8977340683111801	0.10226593239954418	[[-0.25631511175146837, -0.6645745817938767, -0.5464152683556268], [-0.8113613747950505, 0.37638173256020563, -0.07717491292556561], [0.28621973948869706, 0.47180914911739624, -0.7080966355220836]]	[[7.64117955135287e-12, 6.776534616655848e-10, -2.4608997795215515e-10], [7.327902359673598e-10, 2.022025743747284e-10, 4.551889110458557e-10], [1.413890488040336e-10, -1.0136054227305828e-10, -2.1869509484526666e-10]]	0.3758367018636941	[[-0.5000000000000001, -0.49999999999999994, -0.7071067811865475], [-0.7071067811865475, 0.7071067811865476, 1.268410895014533e-16], [0.4999999999999999, 0.5, -0.7071067811865476]]
7	[[-0.16743794764991254, 0.7773753727082936, -0.606343189615771], [-0.9312695185128573, 0.07714504854866044, 0.35606983215832233], [0.3235762932843136, 0.6242885321636675, 0.711028980445465]]	0.9405634691521852	0.05943653084781669	[[-0.1574860169093227, 0.7311708773879851, -0.5703042539218126], [-0.8759180890481388, 0.072559814490841, 0.3349062765952694], [0.3043440409468992, 0.5871829875637832, 0.6687678845155275]]	0.9484073736357641	0.052476951725569494	[[-0.15465071600122143, 0.7654744870605954, -0.5752412392806514], [-0.8859755422966049, 0.07536717359435909, 0.36631408597641696], [0.3346907374562167, 0.5883400591333108, 0.6780849159592114]]	[[0.004148668176395862, 0.028205951501199, -0.00018088729522568083], [-0.002752664096782737, 0.0022022407113192403, 0.02861483162821476], [0.027808594971646314, -0.0037397880469572094, 0.003739788036015112]]	0.21874567872831108	[[-0.14644660940672638, 0.8535533905932737, -0.4999999999999999], [-0.8535533905932738, 0.14644660940672602, 0.5], [0.4999999999999999, 0.5, 0.7071067811865476]]
7	[[0.6569714475509829, -0.30708792903278176, -0.688538685147845], [0.5770443935784932, 0.7925721197384169, 0.19710201128598737], [0.4851889167555201, -0.5268077816962367, 0.6979006205770957]]	0.9343477058259257	0.06565229417407503	[[0.6138397648123981, -0.2869269019786137, -0.6433345408402898], [0.5391601052997774, 0.7405379417791806, 0.18416181205873833], [0.453335151262686, -0.492221642239123, 0.6520818437306993]]	0.9344689296162801	0.06531635610737659	[[0.6147378474897398, -0.28614568621589764, -0.644575460065635], [0.538072604833751, 0.7417914723267276, 0.18418570549414273], [0.45421240983896305, -0.4914670617279489, 0.6533238978419529]]	[[0.0008184421083148509, 0.0008184421254463546, -0.0011574519561267384], [-0.001157451974618741, 0.0011574519510625786, -1.7489730005593054e-11], [0.0008184421367499404, 0.0008184421472604587, 0.0011574519527358079]]	0.25128908354543006	[[0.5000000000000001, -0.49999999999999994, -0.7071067811865475], [0.7071067811865475, 0.7071067811865476, 1.268410895014533e-16], [0.4999999999999999, -0.5, 0.7071067811865476]]
7	[[0.8875576111457726, 0.3128668588496867, -0.3381653671367607], [-0.3273769476023962, 0.9447770405743245, 0.014855227435465884], [0.3241385831334306, 0.09752267550242714, 0.9409694504536801]]	0.9084820807111911	0.09151791928880944	[[0.806330185324765, 0.28423393491333765, -0.30721717636086787], [-0.2974160905347035, 0.8583130116291238, 0.013495707930009945], [0.2944740944438369, 0.08859760315696716, 0.8548538842338251]]	0.9097342487593343	0.08621767659669792	[[0.8043282545781573, 0.3048136088834858, -0.31827009415874796], [-0.317415769984715, 0.8626093332423439, 0.025587881750933586], [0.3069535429968216, 0.09934919588570759, 0.8725085826065212]]	[[-0.0031133020281715667, 0.02018791208617313, -0.010629477930162678], [-0.019589748496525238, 0.0031133019903947156, 0.012073572579780846], [0.01207357257601492, 0.010629477950506524, 0.01647644649255851]]	0.3083592742729499	[[0.7071067811865476, 0.5, -0.4999999999999999], [-0.5, 0.8535533905932737, 0.14644660940672619], [0.4999999999999999, 0.1464466094067262, 0.8535533905932738]]
7	[[0.1500697479079782, -0.48793689800337037, 0.859881767645811], [0.7237996175280507, -0.5382464804175793, -0.4317462680606933], [0.6734932697726708, 0.6871741481494608, 0.2723940265240403]]	0.9104031715686866	0.08959682843131359	[[0.1366239744519367, -0.4442192994676545, 0.782839088438835], [0.6589494673777412, -0.4900213028578471, -0.3930631717553992], [0.6131504088312044, 0.6256055238952799, 0.24798838566385134]]	0.9308187132045251	0.09440092642608712	[[0.12833587957482395, -0.4928091017913636, 0.773852830484993], [0.6734847546277964, -0.5000314569867826, -0.4392158284256385], [0.6599416540650249, 0.6198914812525267, 0.2577214870216661]]	[[-0.011351850063807964, -0.038628306266858634, -0.0265412099831129], [-0.00024147397759130543, 0.0009784393023729882, -0.037338322758528296], [0.033041515343319124, -0.01974307507537064, 0.004172029767959832]]	0.3068102739800326	[[0.0, -0.7071067811865475, 0.7071067811865476], [0.7071067811865475, -0.5000000000000001, -0.5], [0.7071067811865476, 0.5, 0.4999999999999999]]
7	[[-0.8598553706683427, -0.29151891260974605, 0.4191246415132833], [0.4738316458013455, -0.15002286318554503, 0.8677423073463686], [-0.19008501511164744, 0.9447274020120526, 0.2671288507772275]]	0.8775977182137131	0.1224022817862882	[[-0.7546071112923466, -0.25583633252245513, 0.36782282903919733], [0.4158335711727101, -0.13165972241152205, 0.7615286689246745], [-0.16681817552860148, 0.8290906123397471, 0.23443166991114614]]	0.8966446724989648	0.16491519599828358	[[-0.7530385182501165, -0.2193713095772233, 0.37684644875287526], [0.5151365791965341, -0.13829013055047992, 0.7628966068847061], [-0.16208966188810536, 0.8518517806289782, 0.1955717782149382]]	[[0.01794621897927465, 0.04201757034699693, 0.0010405718269506014], [0.09027795832734183, -0.0037729295221197987, -0.015159910099375219], [0.008349054233638553, 0.004766988651084456, -0.043947882705234004]]	0.4497344979410343	[[-0.7071067811865476, -1.1102230246251565e-16, 0.7071067811865475], [0.7071067811865475, -1.3401577416544657e-16, 0.7071067811865476], [0.0, 1.0, 1.9967346175427393e-16]]
7	[[-0.3165369632697661, -0.9278010874929129, 0.1974575724831094], [-0.8157660753724355, 0.3724826131232639, 0.4424730649342605], [-0.48407650341181413, -0.021020108654157543, -0.8747731670991965]]	0.8807330445743967	0.11926695542560324	[[-0.2787845633809149, -0.8171450765470694, 0.17390740898731868], [-0.7184721392232722, 0.3280577459070795, 0.3897006496217161], [-0.4263421726568153, -0.018513104292260784, -0.770441634771263]]	0.880733045095526	0.1192669556399092	[[-0.2787845634294783, -0.8171450765512579, 0.1739074093006752], [-0.7184721387359277, 0.32805774617728695, 0.3897006500724061], [-0.42634217302618, -0.01851310411419593, -0.7704416349475077]]	[[1.163924877923882e-10, 4.793144866303631e-10, 2.1045589668170423e-10], [9.124626908438759e-10, 7.609509155519276e-11, 2.2010375153693265e-10], [-1.1709753696645191e-10, 1.8901866779820328e-10, 2.796262944889173e-10]]	0.47078409851061054	[[-1.9967346175427393e-16, -1.0, 0.0], [-0.7071067811865476, 1.3401577416544657e-16, 0.7071067811865475], [-0.7071067811865475, 1.1102230246251565e-16, -0.7071067811865476]]
7	[[-0.9506790929980296, 0.17724456833992716, -0.25454591949280275], [0.013897849357551978, -0.7954843399685079, -0.6058147527488101], [-0.30986466710433175, -0.579473060511755, 0.7537870125051647]]	0.9325066616908819	0.06749333830912133	[[-0.8865145873509064, 0.16528174072550966, -0.2373657656332685], [0.012959837109096343, -0.7417944462914108, -0.5649262926888816], [-0.2889508662974153, -0.5403624891976153, 0.7029114106571347]]	0.9353865274020313	0.06328363052711479	[[-0.8907538724826435, 0.16202343791469864, -0.2455739116285732], [0.013765690407509551, -0.7545211873609485, -0.5671911251269938], [-0.2973183228554402, -0.545757888219692, 0.7066854295949602]]	[[-0.0015014570095024282, -0.003768743365658928, -0.007475087929842941], [0.0007658293585921773, -0.010435852995109907, -0.0005201673043642959], [-0.007475087928132821, -0.003726594424573466, 0.0016032135670021584]]	0.2714903575345174	[[-0.8535533905932738, 0.1464466094067262, -0.4999999999999999], [0.14644660940672619, -0.8535533905932737, -0.5], [-0.4999999999999999, -0.5, 0.7071067811865476]]
7	[[-0.9377842524711256, -0.012787777579644166, -0.34698295139926694], [-0.21556114428834758, -0.7619772552868597, 0.6106750817731164], [-0.2722022940576928, 0.6474775171155194, 0.7118137227812147]]	0.9266594568525643	0.0733405431474402	[[-0.869006646039779, -0.011849915026308203, -0.3215350332807444], [-0.19975177288475932, -0.70609342951813, 0.5658878395892702], [-0.2522388299655212, 0.5999911643345152, 0.659608917732644]]	0.9290404102879514	0.07143917319428386	[[-0.871590452809517, -0.01845614257696426, -0.3256929300956283], [-0.19368923341859598, -0.7107599315212194, 0.5717434236225336], [-0.25861535737850616, 0.5995278638419074, 0.6662016767693459]]	[[-0.00035098613216169475, -0.006575780447700959, -0.0033317465647282963], [0.006575780513188647, -0.002852269639431891, 0.004401595099412059], [-0.005728426425824967, -0.0020049143113206524, 0.0048979637080894586]]	0.2715228240700073	[[-0.8535533905932738, -0.1464466094067262, -0.4999999999999999], [-0.14644660940672619, -0.8535533905932737, 0.5], [-0.4999999999999999, 0.5, 0.7071067811865476]]
