8	[[-0.004881392374527848, -0.8737977806315758, 0.48626495922677654], [-0.9964931464260065, -0.036369118883652976, -0.07535712519479704], [0.0835319168610627, -0.4849275469128966, -0.8705559678220334]]	0.8591776387079834	0.14082236129201695	[[-0.004193983173954739, -0.7507475138713137, 0.41778797945489554], [-0.856164628534985, -0.031247533684347628, -0.06474515688468725], [0.07176875508543927, -0.41663890470107706, -0.7479622207964776]]	0.8592089524160074	0.13890457087489574	[[-0.009093175655405163, -0.7507748749412025, 0.4227022534387064], [-0.8610948778517691, -0.031248677624174135, -0.0696465561713592], [0.07177137580322994, -0.42358238324533104, -0.7479894800871766]]	[[-0.0048990396269372, 7.78686576616589e-10, 0.004899047224856516], [-0.004899045421350964, -5.087839014149616e-09, -0.0048990395756590656], [5.023742668407148e-09, -0.006928293664636794, 1.0446956982546814e-09]]	0.28613641634497144	[[-1.8798860060382868e-16, -0.6657269979939711, 0.665726997993971], [-0.941480149401, 1.1941836789401388e-16, -1.1941836789401386e-16], [0.0, -0.665726997993971, -0.6657269979939711]]
8	[[0.2996549344758955, 0.21795608323613597, 0.9288175633700135], [0.8916359750523828, -0.4103184136620505, -0.1913742077769225], [0.3393997764239587, 0.8855133794529706, -0.31729142215500555]]	0.8691619755420027	0.13083802445799783	[[0.26044867482997786, 0.189439139886917, 0.8072929082967891], [0.7749760855408483, -0.35663316301976855, -0.16633518449917584], [0.2949933801751626, 0.7696545582542199, -0.2757776393027768]]	0.8691619761864985	0.1308380245638758	[[0.2604486747442705, 0.18943913990188505, 0.8072929082208484], [0.7749760854662175, -0.3566331630083777, -0.16633518440351455], [0.2949933801654794, 0.7696545581463691, -0.2757776393000424]]	[[-2.788330346896632e-10, -1.255035148142595e-10, -6.745593024852925e-10], [-6.492864557313626e-10, 2.758387787966961e-10, 2.190015811161423e-10], [-2.284251632010662e-10, -6.78560721940563e-10, 2.0722751920041916e-10]]	0.28871847439407916	[[0.23301633697674748, 0.4260533910372836, 0.7955675379605106], [0.8920860649907786, -0.23301633697674753, -0.1364978099464793], [0.13649780994647948, 0.7955675379605105, -0.46603267395349485]]
8	[[-0.19923769144659614, 0.8439754804473203, -0.49800575369241046], [-0.7021380284509187, 0.23156213831599123, 0.6733358486680942], [0.6835982236007403, 0.4838226581116686, 0.5464513740376828]]	0.8795547850999188	0.12044521490008255	[[-0.17524046488411416, 0.7423226723344429, -0.4380233436674501], [-0.6175688627246291, 0.2036715868038007, 0.5922357676753375], [0.6012620886538347, 0.4255485340818812, 0.4806339208592697]]	0.8795547851337063	0.12044521525806136	[[-0.17524046480718583, 0.7423226720534234, -0.4380233434640748], [-0.6175688624835516, 0.20367158672125976, 0.5922357674574992], [0.6012620884316212, 0.4255485339045567, 0.4806339206733348]]	[[8.365882046047332e-11, -3.0953811719609693e-10, 2.201986184545935e-10], [2.648002446602392e-10, -9.036650279422856e-11, -2.4059228501111874e-10], [-2.453104332809518e-10, -1.9367443348075878e-10, -2.0439862231456718e-10]]	0.24752538341799488	[[-0.13787657570351464, 0.8036035736974855, -0.4707400747004999], [-0.8036035736974856, 0.1378765757035143, 0.4707400747005], [0.4707400747004999, 0.4707400747005, 0.6657269979939711]]
8	[[0.34528785424661446, 0.721296251312937, 0.6004231970466106], [-0.4727265086543158, -0.4190107345154037, 0.7752158746932126], [0.8107440691890812, -0.5515085876056384, 0.1962965411614891]]	0.8935068720175193	0.10649312798249348	[[0.3085170705935349, 0.6444831573085781, 0.5364822526798716], [-0.4223843840674815, -0.37438897073863125, 0.6926607113354739], [0.7244053972678837, -0.4927767130023092, 0.17539230848106865]]	0.8935068732948412	0.10649312884445862	[[0.3085170703522433, 0.6444831564598029, 0.5364822524819055], [-0.4223843839273648, -0.37438897057730486, 0.6926607104894139], [0.7244053964495121, -0.4927767127430806, 0.17539230835252198]]	[[-6.82335490017964e-10, -1.7700992932041909e-09, -9.64898326580972e-10], [7.439428835881968e-10, 6.965415738701244e-10, -1.8362658234022306e-09], [-1.8539512737049156e-09, 9.636795782733433e-10, -3.7928225456885224e-10]]	0.2882718000578199	[[0.47549502494999984, 0.47549502494999996, 0.6724515131252232], [-0.47549502494999996, -0.47549502495000007, 0.6724515131252231], [0.6724515131252232, -0.6724515131252231, 0.0]]
8	[[0.9792681828595647, -0.06468287773609287, 0.1919634115312185], [-0.19461030959112274, -0.5634158260401757, 0.8029255472136342], [0.05621968907574672, -0.8236375005396755, -0.5643231470221494]]	0.8880142170693922	0.11198578293060894	[[0.8696040687030018, -0.05743931503061119, 0.17046623859686533], [-0.17281672170519233, -0.500321263645571, 0.7130093011739276], [0.04992388317848302, -0.7314018101907306, -0.5011269775770095]]	0.9055446764611444	0.1502368218668979	[[0.8887635391584379, -0.008756828085717734, 0.14717267414919055], [-0.15219943167353936, -0.5323084990645663, 0.6744048361833519], [4.9579572418376575e-05, -0.7262904508054893, -0.530611000080952]]	[[0.0019924493421801352, 0.04981640750638837, -0.026658771238224074], [0.024028898161156966, -0.022110297159927267, -0.05268011869060545], [-0.05085986058242496, 0.019550103141976465, -0.019591178491245812]]	0.22821015810944537	[[0.8831652043408709, -0.23068617360698013, 0.1351328318470147], [-0.23068617360698018, -0.4217928571269108, 0.7876118625809055], [-0.1351328318470147, -0.7876118625809054, -0.4613723472139599]]
8	[[0.26616637265112986, 0.9073278585449115, 0.3254406538495851], [-0.9565105633649592, 0.2904108926461212, -0.02736888020603004], [-0.11934405825590477, -0.30400274758756485, 0.9451662950075098]]	0.8766286136207665	0.12337138637923523	[[0.23332905824962796, 0.7953895627357231, 0.28529058919999695], [-0.8385045290762417, 0.25458249820073825, -0.02399234351136552], [-0.10462041633274928, -0.26649750715459186, 0.8285598188335117]]	0.8766286148704842	0.12337138537465908	[[0.23332905850103472, 0.7953895636566338, 0.28529058951784214], [-0.8385045300540078, 0.25458249847868397, -0.023992343541065886], [-0.10462041644324482, -0.26649750744965583, 0.8285598197980772]]	[[-8.122619919636392e-11, -2.1299399451860228e-10, -8.886405999636821e-11], [2.1760258179309634e-10, -8.498551688485656e-11, 4.502871165390456e-12], [3.865117251941802e-11, 8.485281409435668e-11, -2.166249089032598e-10]]	0.24048428253064522	[[0.1351328318470147, 0.7876118625809054, 0.4613723472139599], [-0.8831652043408709, 0.23068617360698007, -0.13513283184701452], [-0.23068617360698002, -0.4217928571269108, 0.7876118625809055]]
8	[[-0.43776478212225356, 0.8965698997575128, 0.0672637374984425], [-0.25427414048209707, -0.19521750927551854, 0.9472247809017422], [0.8623842861599152, 0.39755822079422076, 0.3134338910574078]]	0.8747529838389679	0.1252470161610323	[[-0.382936049381057, 0.7842771950330883, 0.0588391550809239], [-0.22242706309980348, -0.17076709873637042, 0.828587703460012], [0.7543732275342242, 0.34776523988945623, 0.2741772314387261]]	0.8747529841194746	0.12524701685804634	[[-0.38293604935270326, 0.784277194321472, 0.05883915499684061], [-0.22242706311054436, -0.1707670985998802, 0.8285877030270192], [0.7543732267716861, 0.34776523984443, 0.2741772313914762]]	[[1.5114737119394915e-10, -9.631033584498904e-10, -1.0295259968108233e-10], [6.058582153709334e-11, 1.9124549672769265e-10, -6.986959358718447e-10], [-1.0044486728219418e-09, -1.5654547100554391e-10, -1.3517314871106872e-10]]	0.3070063108585691	[[-0.46603267395349485, 0.7955675379605105, -0.13649780994647948], [-0.46603267395349496, -0.13649780994647914, 0.7955675379605106], [0.6590697280140313, 0.46603267395349496, 0.46603267395349485]]
8	[[0.24646923027241593, 0.7083253665859152, 0.6614590641754414], [0.9286246270354669, -0.36790822982092686, 0.04795661052734279], [0.27732511713179175, 0.6024273478860003, -0.7484464375804571]]	0.8591725240759053	0.1408274759240955	[[0.2117595906801968, 0.608573693076611, 0.5683074537404994], [0.7978487647291079, -0.31609664244354435, 0.041203002112902294], [0.2382701208757676, 0.5175890250555684, -0.6430446149116213]]	0.8591725247237889	0.140827475343852	[[0.21175959081217324, 0.6085736934846999, 0.5683074541356813], [0.7978487652703237, -0.31609664265581605, 0.04120300214877865], [0.23827012104091672, 0.5175890254161537, -0.6430446153477302]]	[[-2.7706977934137948e-11, -5.082402268154534e-11, -3.336646313351759e-11], [-6.042505905584021e-11, 2.60895252199488e-11, 4.806076764876072e-12], [-1.4525174318155498e-11, -2.971703940630961e-11, 4.879657142639569e-11]]	0.3452083830507947	[[0.1351328318470146, 0.46137234721395987, 0.7876118625809055], [0.7876118625809053, -0.46137234721396014, 0.13513283184701452], [0.46137234721396014, 0.6524790307338909, -0.4613723472139599]]
8	[[-0.30856070057004426, 0.1412364016461924, 0.9406607108377383], [0.9283791655349412, 0.26005680283238586, 0.2654855632633233], [-0.2071289913661773, 0.9552082171708078, -0.21136424197341674]]	0.8636889850927919	0.13631101490720862	[[-0.26650047831486257, 0.12198432439595765, 0.8124382946601109], [0.8018308592621666, 0.2246081961047792, 0.22929695669168776], [-0.1788950283363473, 0.8250028156405497, -0.1825529676349274]]	0.8636889854270915	0.1363110174376029	[[-0.2665004773404474, 0.1219843243104928, 0.8124382923688411], [0.8018308570832754, 0.2246081952071882, 0.22929695579712409], [-0.17889502750540784, 0.8250028133370267, -0.1825529671784966]]	[[1.0775695349300827e-09, -1.3268130402396733e-10, -2.605741726543709e-09], [-2.489243614430398e-09, -9.845234490611015e-10, -9.833156673214674e-10], [9.00182866153845e-10, -2.6228411036385206e-09, 5.270908975422001e-10]]	0.3300808558931281	[[-0.23068617360698002, 0.4217928571269108, 0.7876118625809055], [0.8831652043408709, 0.23068617360698007, 0.13513283184701452], [-0.1351328318470147, 0.7876118625809054, -0.4613723472139599]]
8	[[-0.20962728376771522, 0.9146782181840727, -0.3455722197743615], [-0.11263779594486362, 0.32848192764058937, 0.9377698812279087], [0.9712719129187527, 0.23550664617613754, 0.03416856423694914]]	0.8471425587167813	0.15285744128321893	[[-0.177584193547831, 0.7748628461549623, -0.29274893448109035], [-0.09542027066495042, 0.27827102067366943, 0.794424776670943], [0.8228057735197347, 0.19950770283646085, 0.028945644935367804]]	0.9042835559263117	0.16321691622009998	[[-0.14781233215836634, 0.7857563593510758, -0.2911097766989935], [-0.1053995764604634, 0.24745184267709233, 0.846982231975909], [0.8882542686091753, 0.19147026619477894, 4.1529324919333394e-11]]	[[0.04175017342627822, -0.0413721123167606, 0.0213854990279149], [-0.003543069811739594, -0.049588962907268976, -0.0010276508614583213], [0.009949049423655399, -0.021494521253657382, -0.030898070727555377]]	0.4106455960979851	[[-2.5668735175239955e-16, 0.9227446944279201, -1.8424762745181248e-16], [-6.41671151997967e-32, 1.6552230227027794e-16, 0.9227446944279201], [0.9227446944279201, 2.891846468510941e-16, 0.0]]
8	[[0.574704889092418, -0.24730035866747077, 0.780100521122895], [-0.20680691382082303, -0.9661955377213083, -0.1539385698366041], [0.7917987060163579, -0.07286093253845069, -0.6064207233105157]]	0.9010411682422041	0.09895883175780473	[[0.5178327646623354, -0.2228278040804504, 0.7029026848989273], [-0.1863415432296824, -0.870581956058805, -0.13870498880310722], [0.7134432310816528, -0.06565069977365942, -0.5464100369779968]]	0.9010411697274772	0.09895883170191161	[[0.5178327646896381, -0.22282780421636517, 0.7029026849333722], [-0.18634154345440185, -0.8705819561123704, -0.1387049888487611], [0.7134432311109201, -0.06565069990593948, -0.546410037144095]]	[[-8.262820486758526e-10, 2.313907816897865e-10, -1.1242250013777334e-09], [8.245680853866818e-11, 1.3814606995972781e-09, 1.829683372120216e-10], [-1.1467979903710924e-09, -2.4082981564579643e-11, 7.346285933065618e-10]]	0.15521179301747476	[[0.4260533910372837, -0.2330163369767474, 0.7955675379605106], [-0.23301633697674737, -0.8920860649907786, -0.1364978099464793], [0.7955675379605106, -0.13649780994647934, -0.46603267395349485]]
8	[[0.648727301424343, -0.24025956634810233, -0.722099874785276], [0.6191713111804977, -0.3850481214649154, 0.6843718518227958], [-0.4424700846359139, -0.8910742308778553, -0.10102939803703481]]	0.8593833088266506	0.14061669117334963	[[0.5575054148242354, -0.2064750611054881, -0.62056057969628], [0.5321054901328323, -0.330903928682005, 0.5881377464872963], [-0.3802514053912198, -0.7657743209419751, -0.08682297837383166]]	0.859383309052436	0.14061669197181623	[[0.5575054143245324, -0.20647506094922263, -0.6205605791850297], [0.5321054896936119, -0.33090392836432225, 0.5881377459439402], [-0.3802514050095284, -0.7657743202717198, -0.08682297822374577]]	[[-6.461775810700552e-10, 2.1051254719090412e-10, 6.742905704285356e-10], [-5.790196518498883e-10, 4.046219763312183e-10, -6.978768500225329e-10], [4.815941175357399e-10, 8.714452903763246e-10, 1.7289555349891334e-10]]	0.33549112008795956	[[0.4707400747005001, -0.47074007470049983, -0.6657269979939711], [0.4707400747005002, -0.4707400747004999, 0.665726997993971], [-0.6657269979939708, -0.6657269979939712, 0.0]]
8	[[-0.6688443635042012, -0.7106257709593319, -0.21830765231002544], [0.3076282537140923, 0.0027649952570922287, -0.9515026076254579], [0.6767658937368799, -0.7035647578223935, 0.2167592134716278]]	0.8798406770515923	0.12015932294840992	[[-0.5884764776276782, -0.6252374594511688, -0.1920759526139977], [0.27066385102800555, 0.0024327552990427966, -0.837170698509537], [0.5954461621508819, -0.6190248928720946, 0.19071357313804674]]	0.8798406777031736	0.1201593254840742	[[-0.5884764761559584, -0.6252374578418844, -0.19207595201129907], [0.27066385034106244, 0.0024327550676142375, -0.8371706960834553], [0.5954461606064887, -0.6190248912297223, 0.1907135727489285]]	[[1.9075266509429426e-09, 2.072330512929951e-09, 7.449594872641314e-10], [-8.873803184284947e-10, -2.3320992888545794e-10, 3.04604296990813e-09], [-1.9853653148844628e-09, 2.1008093724795076e-09, -5.303441972146545e-10]]	0.30768555071350545	[[-0.6724515131252231, -0.6724515131252232, -1.8988747535740268e-16], [1.2062461403435742e-16, 1.2062461403435744e-16, -0.9509900498999999], [0.6724515131252232, -0.6724515131252231, 0.0]]
8	[[-0.9588610349856624, -0.2231075811005983, 0.17552356776702127], [-0.1293663018671285, -0.20694792700785122, -0.9697612672448699], [0.252685329070461, -0.9525731272519675, 0.16957170079338071]]	0.8616555419081009	0.1383444580919004	[[-0.8262079247151322, -0.19224188369704134, 0.15124085490193595], [-0.11146919093996722, -0.1783178281927083, -0.8356001702493651], [0.21772771415243478, -0.8207899141693887, 0.14611239573939874]]	0.8616555423664596	0.1383444612122206	[[-0.8262079219288918, -0.19224188270053025, 0.15124085389113773], [-0.11146919032775178, -0.17831782719740416, -0.8356001673928957], [0.21772771297177232, -0.8207899113704623, 0.14611239499748188]]	[[3.2257448709124448e-09, 1.0987672336878464e-09, -1.0912504178546588e-09], [6.715056432210996e-10, 1.0901608585417234e-09, 3.300955796034617e-09], [-1.2964957453022462e-09, 3.235559459070554e-09, -8.196380223193813e-10]]	0.33952425202696035	[[-0.941480149401, -1.688830754721742e-16, -1.8798860060382868e-16], [1.688830754721742e-16, 2.7029564929015215e-32, -0.941480149401], [1.8798860060382868e-16, -0.941480149401, 0.0]]
8	[[0.8875576111457726, 0.3128668588496867, -0.3381653671367607], [-0.3273769476023962, 0.9447770405743245, 0.014855227435465884], [0.3241385831334306, 0.09752267550242714, 0.9409694504536801]]	0.8746579092824776	0.125342090717524	[[0.7763092845325116, 0.27365147264524203, -0.29577901301157977], [-0.286342836537191, 0.8263567110468236, 0.012993242170620364], [0.28351037544127106, 0.08529897946258656, 0.8230263722324981]]	0.8746579098395695	0.12534209175694605	[[0.7763092836587017, 0.2736514722870456, -0.2957790125927239], [-0.28634283616289147, 0.8263567101749935, 0.012993242240491181], [0.28351037505196774, 0.08529897921816432, 0.8230263713796608]]	[[-1.368259902501545e-09, -5.324918791325113e-10, 6.072455428224768e-10], [5.566781690987983e-10, -1.3981606892560392e-09, 6.15948501088217e-11], [-5.698789103515008e-10, -2.9875127979391166e-10, -1.3770461950149784e-09]]	0.26193422933390387	[[0.7876118625809055, 0.13513283184701455, -0.4613723472139599], [-0.2306861736069799, 0.8831652043408709, -0.13513283184701452], [0.42179285712691084, 0.23068617360697993, 0.7876118625809055]]
8	[[0.6438892552647056, -0.6636492387928785, 0.380757553837473], [-0.15091110836074634, -0.5980263899765946, -0.7871405683007917], [0.7500883043535569, 0.4493708098454942, -0.48521480905966874]]	0.8809096967604376	0.11909030323956492	[[0.5672082886025366, -0.5846150497003284, 0.33541302129021205], [-0.13293905870384531, -0.5268072458490213, -0.6933997593296893], [0.6607600607316446, 0.3958551038339845, -0.4274304303124272]]	0.8777380514974163	0.11826540862258593	[[0.5700638316256088, -0.5798315307786691, 0.34335090553678055], [-0.12978176364745447, -0.5351655669409009, -0.6893341062790517], [0.6675265585903879, 0.39599898052410537, -0.43124881769516027]]	[[0.004897731329445735, 0.002678658957136581, 0.009145512138549], [0.002678658554426694, -0.010255048658813569, 0.001569122395849539], [0.009145511876094721, 0.001569121490496064, -0.0053573166334355046]]	0.21653178490287828	[[0.6590697280140312, -0.4660326739534949, 0.46603267395349507], [1.1822418421507372e-16, -0.6590697280140313, -0.6590697280140312], [0.6590697280140313, 0.46603267395349496, -0.46603267395349485]]
8	[[-0.16743794764991254, 0.7773753727082936, -0.606343189615771], [-0.9312695185128573, 0.07714504854866044, 0.35606983215832233], [0.3235762932843136, 0.6242885321636675, 0.711028980445465]]	0.8884944498633598	0.11150555013664028	[[-0.14876768718345884, 0.69069370411178, -0.5387325586860596], [-0.8274277985255973, 0.06854294746992404, 0.3163660696364476], [0.28749574069047124, 0.5546768959407621, 0.6317453028177986]]	0.8878452797507174	0.10859714484030288	[[-0.14385115384147662, 0.7106204072709535, -0.5382376159369147], [-0.8303242234812903, 0.07174922933934176, 0.33656627183208604], [0.3063088536070045, 0.5507706490080321, 0.6360915613971073]]	[[0.004807837630623798, 0.02043135201746141, 0.00010132287241315568], [-0.003500977293904818, 0.003256362129296037, 0.02043135208868861], [0.019023168975272144, -0.0035009774760045975, 0.0048078373426370695]]	0.22016832020523128	[[-0.13787657570351464, 0.8036035736974855, -0.4707400747004999], [-0.8036035736974856, 0.1378765757035143, 0.4707400747005], [0.4707400747004999, 0.4707400747005, 0.6657269979939711]]
8	[[-0.28551340625994115, -0.7402800071091643, -0.6086605013636927], [-0.9037881084920453, 0.4192574902120425, -0.08596634137539147], [0.31882463799746885, 0.5255555802915186, -0.7887599015101034]]	0.8480858139749357	0.151914186025067	[[-0.24213986954871666, -0.6278209723985464, -0.5161963367334186], [-0.7664898736513432, 0.35556632985157044, -0.07290683459979516], [0.2703906526313476, 0.4457162321006037, -0.668936083102987]]	0.848085814119707	0.15191418637384102	[[-0.2421398694322931, -0.6278209720910319, -0.516196336609645], [-0.7664898733279549, 0.35556632972938895, -0.0729068345910843], [0.2703906525711287, 0.4457162319908074, -0.6689360827712202]]	[[1.5775885998667592e-10, 4.1468652269045643e-10, 2.1189097552259656e-10], [4.542309787140328e-10, -1.8287713159607726e-10, 2.115681870883462e-11], [-1.0637576299930097e-10, -1.8588148514695616e-10, 4.459557948908898e-10]]	0.3691508561898156	[[-0.46603267395349507, -0.4660326739534949, -0.6590697280140312], [-0.6590697280140312, 0.6590697280140313, 1.1822418421507372e-16], [0.46603267395349485, 0.46603267395349496, -0.6590697280140313]]
8	[[0.1500697479079782, -0.48793689800337037, 0.859881767645811], [0.7237996175280507, -0.5382464804175793, -0.4317462680606933], [0.6734932697726708, 0.6871741481494608, 0.2723940265240403]]	0.8844144218443794	0.1155855781556201	[[0.13272384933236586, -0.43153842954419047, 0.7604918363869938], [0.6401388202672543, -0.47603294978828536, -0.38184262605036684], [0.5956471608020778, 0.6077467269420104, 0.24090920548212177]]	0.8844144226212788	0.1155855804720011	[[0.13272384921321373, -0.43153842827634964, 0.7604918344437442], [0.640138818715722, -0.4760329484936493, -0.38184262514607414], [0.595647159247514, 0.6077467256204947, 0.24090920478883676]]	[[-2.35740131660874e-10, 1.6469139248860561e-09, -2.6112814634477144e-09], [-2.1138529683362125e-09, 1.7128032926174322e-09, 1.2397175054696319e-09], [-2.0777994691166397e-09, -1.8553852136851621e-09, -9.049106371828304e-10]]	0.3031849074962563	[[0.0, -0.6724515131252231, 0.6724515131252232], [0.6724515131252231, -0.47549502495000007, -0.47549502494999996], [0.6724515131252232, 0.47549502494999996, 0.47549502494999984]]
8	[[-0.8598553706683427, -0.29151891260974605, 0.4191246415132833], [0.4738316458013455, -0.15002286318554503, 0.8677423073463686], [-0.19008501511164744, 0.9447274020120526, 0.2671288507772275]]	0.8671314197288591	0.13286858027114148	[[-0.7456076083291244, -0.2527852085691015, 0.36343614543876296], [0.4108743077361825, -0.13008953834586978, 0.7524466189280523], [-0.16482868902294448, 0.8192028133634677, 0.23163581962499605]]	0.8671314197715759	0.13286858041780505	[[-0.7456076082063569, -0.252785208501182, 0.3634361453952892], [0.41087430767665384, -0.13008953832909392, 0.7524466187949562], [-0.16482868896963138, 0.8192028132337381, 0.23163581958568097]]	[[1.594938766512709e-10, 8.037266839344429e-11, -6.137635952857877e-11], [-7.976874751672593e-11, 2.3184465077295553e-11, -1.7016337288874668e-10], [6.143288500783957e-11, -1.7008838606025573e-10, -5.0727078612280714e-11]]	0.3682842468948755	[[-0.652479030733891, -0.46137234721396003, 0.4613723472139599], [0.46137234721396003, 0.13513283184701436, 0.7876118625809055], [-0.4613723472139599, 0.7876118625809054, 0.1351328318470147]]
8	[[0.6569714475509829, -0.30708792903278176, -0.688538685147845], [0.5770443935784932, 0.7925721197384169, 0.19710201128598737], [0.4851889167555201, -0.5268077816962367, 0.6979006205770957]]	0.8911703735202513	0.10882962647975002	[[0.5854734903061488, -0.2736676644197052, -0.6136052772263464], [0.5142448677631135, 0.7063167919890208, 0.17565147301932632], [0.4323859881729034, -0.4694754875876104, 0.6219483567197049]]	0.8911703736094566	0.10882962651269647	[[0.5854734902900822, -0.27366766440888607, -0.6136052772104137], [0.5142448677456708, 0.7063167919611829, 0.17565147301893097], [0.43238598815745477, -0.46947548757430146, 0.6219483567010785]]	[[-7.467240059984892e-11, 3.8211747729614566e-11, 7.735671622597151e-11], [-6.891748567840943e-11, -9.854001173356716e-11, -1.7977012788241902e-11], [-5.872919062509718e-11, 6.030216779289699e-11, -8.088294501320715e-11]]	0.2507498156090742	[[0.4707400747005001, -0.47074007470049994, -0.665726997993971], [0.665726997993971, 0.6657269979939711, 1.1941836789401386e-16], [0.4707400747004999, -0.4707400747005, 0.6657269979939711]]
8	[[0.5403191569681028, 0.6036400661371987, -0.5862370503193712], [0.4146608078153325, 0.41521567174819174, 0.8097236321095203], [0.7321964374914798, -0.6805987191352745, -0.02595689573522414]]	0.8803588369036491	0.11964116309635124	[[0.4756747445851994, 0.5314198665329858, -0.5160989677689874], [0.3650503064778341, 0.3655387858444056, 0.7128473549773354], [0.6445956040949951, -0.5991710967760436, -0.022851382539091292]]	0.933875740542742	0.09716300328314013	[[0.4879433916091506, 0.531471879331603, -0.5491047750237849], [0.3899864764668379, 0.38827571000006406, 0.7318738833331124], [0.6905901778901897, -0.6487724566242713, -0.0017107664781528674]]	[[-0.016647561233866986, -0.032252934453542874, -0.0016322155231893835], [0.0027448074942428165, 0.0005158670612698413, -0.02430737323812446], [0.0068096876050769434, -0.013177823779375332, 0.022529748748770267]]	0.16577374968461334	[[0.48029800499999986, 0.480298005, -0.6792439526517406], [0.480298005, 0.4802980050000001, 0.6792439526517405], [0.6792439526517406, -0.6792439526517405, 0.0]]
8	[[0.406855499873406, -0.3245501708658478, -0.8538944834191807], [-0.8488954288502084, 0.21093624421169652, -0.4846467288191305], [0.33740947393335186, 0.9220483108106712, -0.18968858540040373]]	0.8448880506610679	0.15511194933893319	[[0.34374735018877595, -0.27420856120456266, -0.7214452455662705], [-0.7172216040963427, 0.1782175121857871, -0.4094722299712586], [0.2850732327061261, 0.7790275999361579, -0.16026561915160265]]	0.844888050716586	0.1551119493970325	[[0.3437473501724269, -0.2742085611875927, -0.7214452455133643], [-0.7172216040454318, 0.1782175121707775, -0.4094722299523949], [0.28507323268592766, 0.7790275998842011, -0.16026561913950277]]	[[-3.893692901347509e-11, 3.498848213581554e-11, 1.003155987803908e-10], [9.804075908946456e-11, -2.6721282547663113e-11, 4.5770726231265e-11], [-3.892906308338805e-11, -1.0314501142472825e-10, 2.263121967379611e-11]]	0.39569839502038207	[[0.4613723472139599, -0.46137234721396003, -0.652479030733891], [-0.7876118625809055, -0.13513283184701436, -0.46137234721396003], [0.1351328318470147, 0.7876118625809054, -0.4613723472139599]]
8	[[-0.9377842524711256, -0.012787777579644166, -0.34698295139926694], [-0.21556114428834758, -0.7619772552868597, 0.6106750817731164], [-0.2722022940576928, 0.6474775171155194, 0.7118137227812147]]	0.8805382213994805	0.11946177860052032	[[-0.8257548777273657, -0.011260126925632899, -0.3055317508810528], [-0.18980982659449872, -0.6709500971171486, 0.5377227503574815], [-0.23968452387041864, 0.5701287013170511, 0.6267791894255144]]	0.8810307026384756	0.11749114570244715	[[-0.8303818168870956, -0.01543152414859736, -0.3115929740176448], [-0.18402564581135142, -0.6772156969494296, 0.5380234959379584], [-0.2439836782350637, 0.5662824713640431, 0.6330200835806279]]	[[-0.004165098009245291, -0.004165099482454436, -0.00589034054275348], [0.0058903406026475985, -0.0058903403292890726, -4.4073931447022124e-10], [-0.004165099841703416, -0.004165100482616625, 0.005890339251166784]]	0.2698793466593293	[[-0.8036035736974856, -0.1378765757035145, -0.4707400747004999], [-0.13787657570351447, -0.8036035736974855, 0.4707400747005], [-0.4707400747004999, 0.4707400747005, 0.6657269979939711]]
8	[[-0.9506790929980296, 0.17724456833992716, -0.25454591949280275], [0.013897849357551978, -0.7954843399685079, -0.6058147527488101], [-0.30986466710433175, -0.579473060511755, 0.7537870125051647]]	0.8883585780277627	0.11164142197232142	[[-0.8445439272163986, 0.15745673269365862, -0.22612805108337306], [0.012346273692974905, -0.7066753370978319, -0.5381807323001981], [-0.27527093504981764, -0.5147798640416187, 0.6696331585648844]]	0.8890125123140522	0.10967749413971352	[[-0.8451656086136753, 0.15757263822975667, -0.23572046354913978], [0.012426767246037085, -0.7165919113283459, -0.53857689466514], [-0.2848699457435357, -0.5152302068509006, 0.6701260856682134]]	[[2.5666389914054794e-10, -7.644249736568012e-10, -0.009425956161671948], [7.140527263492759e-05, -0.009396379746170773, 6.731113653603139e-10], [-0.009396379563920903, -7.140550702845417e-05, -6.870512998168136e-11]]	0.26984859400646205	[[-0.8036035736974856, 0.1378765757035145, -0.4707400747004999], [0.13787657570351447, -0.8036035736974855, -0.4707400747005], [-0.4707400747004999, -0.4707400747005, 0.6657269979939711]]
8	[[-0.3165369632697661, -0.9278010874929129, 0.1974575724831094], [-0.8157660753724355, 0.3724826131232639, 0.4424730649342605], [-0.48407650341181413, -0.021020108654157543, -0.8747731670991965]]	0.8382117283722844	0.16178827162771534	[[-0.2653249950760643, -0.7776937531331197, 0.1655112531112625], [-0.683784691985405, 0.3122192949346762, 0.37088611251672815], [-0.40575860258922875, -0.017619301605574404, -0.7332451283279152]]	0.8382117285157189	0.16178827155667336	[[-0.2653249950905183, -0.7776937532026461, 0.16551125312500373], [-0.683784692050183, 0.3122192949565329, 0.37088611254803633], [-0.4057586026247869, -0.017619301609183118, -0.7332451284093815]]	[[3.0948489900776824e-11, 6.355088179706757e-11, -1.4581156828582133e-11], [5.2230619979280786e-11, -3.1570561765816795e-11, -3.215792599938898e-11], [3.387564245797596e-11, -5.936739929655484e-13, 4.400695836097459e-11]]	0.45878465964699217	[[-1.8424762745181248e-16, -0.9227446944279201, 0.0], [-0.652479030733891, 1.2366234458081615e-16, 0.6524790307338909], [-0.6524790307338909, 1.0244524056045812e-16, -0.652479030733891]]
8	[[0.7682057170631343, 0.5541913911831843, 0.3205181402198053], [0.09030813392978146, -0.589450211148092, 0.8027408607536998], [0.6338015598100375, -0.5877247234172788, -0.5028670125057387]]	0.8907161880253073	0.1092838119746921	[[0.6842532679217226, 0.49362724339112807, 0.285490696049546], [0.0804389168016139, -0.5250328451045412, 0.7150142794626902], [0.5645373093184922, -0.5234959252504671, -0.44791178846278645]]	0.8907161880539297	0.10928381224743788	[[0.6842532677283625, 0.4936272432390727, 0.2854906959547207], [0.08043891680089664, -0.525032844952407, 0.7150142792365048], [0.5645373091407296, -0.5234959250923634, -0.44791178835460543]]	[[-2.1534941302721006e-10, -1.6791704843424232e-10, -1.0399947294374266e-10], [-3.3013925695291524e-12, 1.690041267470198e-10, -2.4915921725627653e-10], [-1.959038548939874e-10, 1.7492684628628502e-10, 1.2257578723934325e-10]]	0.2081946449730797	[[0.6590697280140312, 0.4660326739534949, 0.46603267395349507], [-1.1822418421507372e-16, -0.6590697280140313, 0.6590697280140312], [0.6590697280140313, -0.46603267395349496, -0.46603267395349485]]
8	[[0.39514561495520173, 0.8903073900525152, 0.22630221872432854], [-0.7137866099724287, 0.4526453451835295, -0.5344350913887965], [-0.5782461572771092, 0.04964818930798781, 0.814350317058141]]	0.8738105894070932	0.12618941059290584	[[0.3452824227056333, 0.7779600252552801, 0.1977452751276385], [-0.6237142983709001, 0.3955262958671974, -0.46699504220627813], [-0.5052776155126979, 0.04338311356220762, 0.7115879305324285]]	0.8738105894288571	0.12618941078296986	[[0.3452824226274503, 0.7779600250901454, 0.1977452751030547], [-0.6237142982190075, 0.39552629578428544, -0.46699504212605897], [-0.50527761543016, 0.043383113544428996, 0.711587930365098]]	[[-8.67831496366354e-11, -1.8451085752980162e-10, -2.950867466488013e-11], [1.674262471298338e-10, -9.276225329438659e-11, 9.185065058016836e-11], [9.51225605193905e-11, -1.8858605457480166e-11, -1.850526916388146e-10]]	0.2980195194383576	[[0.1351328318470147, 0.8831652043408709, 0.23068617360697996], [-0.7876118625809055, 0.23068617360698013, -0.4217928571269108], [-0.4613723472139599, -0.13513283184701455, 0.7876118625809055]]
8	[[-0.3298322266022023, -0.8762827350930389, 0.35119691125136165], [0.9222848180711871, -0.37850758052406547, -0.0782478487960887], [0.201497932123461, 0.2980949172053785, 0.9330262609842703]]	0.8426434307960607	0.15735656920393945	[[-0.2779309590111835, -0.7383938902461539, 0.2959337701818269], [0.777157243270627, -0.31894692623511467, -0.0659350357619476], [0.169790908822825, 0.25118772373680776, 0.7862084495786062]]	0.8426434308893367	0.15735656914499158	[[-0.2779309590262488, -0.7383938902985251, 0.29593377020598544], [0.7771572433277375, -0.318946926255598, -0.06593503576747706], [0.16979090883609804, 0.25118772375873527, 0.7862084496418691]]	[[1.5700176571362787e-11, 2.936401029061452e-11, -8.59975764979408e-12], [-2.8915354514825e-11, 1.4822326507904556e-11, 1.7691435577582238e-12], [-5.521828752935748e-12, -5.8774234758766545e-12, -2.3766422598946494e-11]]	0.503625621057095	[[-4.3157231661344474e-16, -0.92274469442792, 0.0], [0.9227446944279201, -4.1284699143191023e-16, 0.0], [0.0, 0.0, 0.9227446944279201]]
8	[[-0.7357259517984016, -0.6355984379310936, 0.23392723131326343], [-0.6762908134220847, 0.6707859050452003, -0.3044289823153933], [0.03657949604943121, -0.38217914031543476, -0.9233639830405582]]	0.8572979812200945	0.1427020187799058	[[-0.6307363732080021, -0.5448972577049727, 0.2005453431572667], [-0.5797827490644485, 0.5750634022261437, -0.26098635196387454], [0.03135952811722564, -0.3276414054568537, -0.7915980785920163]]	0.8606218584642157	0.1692567784999849	[[-0.6618491833612485, -0.525373484347996, 0.24561729799715212], [-0.6096465395740173, 0.5426462066284452, -0.3052464038847946], [0.04216414512777283, -0.38951945911170077, -0.7946672271337638]]	[[-0.028667347404154574, 0.021636424541214075, 0.04429440943894297], [-0.02761588286442675, -0.03464680560315626, -0.04324816735415097], [0.010683031256026841, -0.060607737107175076, -1.0478420349129615e-11]]	0.3853226296548352	[[-0.652479030733891, -0.6524790307338909, 2.1110482701133872e-16], [-0.6524790307338909, 0.652479030733891, -2.7733020542150335e-16], [0.0, -2.891846468510941e-16, -0.9227446944279201]]
8	[[-0.010871777499557311, -0.0840287307277911, 0.9964040229075135], [0.9413747147740295, -0.3368748437119881, -0.018137972823285553], [0.33718756032528074, 0.9377923608594283, 0.08276495076773299]]	0.8619936711439685	0.13800632885603215	[[-0.009371403398703463, -0.07243223408161692, 0.8588939616486662], [0.8114590463101717, -0.29038398324734754, -0.015634817781053204], [0.29065354298886686, 0.8083710799079871, 0.07134286375432777]]	0.9065242221023845	0.14124477641844774	[[0.00577775669486972, -0.04077361691362132, 0.9365986352006329], [0.8411283357032576, -0.3138600676278068, -0.009284086108136757], [0.31579223006499296, 0.8096388049264557, 0.03453479741046193]]	[[0.015633286335525746, 0.03540046284364257, 0.03333425343471183], [-0.012250645314123221, -0.008474861985935113, 0.007158425596004279], [0.010123539238516211, -0.040492685495195725, -0.040493635201597156]]	0.2884698069065759	[[0.1351328318470147, -0.23068617360698013, 0.8831652043408709], [0.7876118625809055, -0.4217928571269108, -0.23068617360698018], [0.4613723472139599, 0.7876118625809054, 0.1351328318470147]]
8	[[0.4709175022496733, 0.19115318190370978, 0.8612184201020178], [0.8821529167293078, -0.0947858233539779, -0.46132621776469945], [-0.006552677384344174, 0.9769729314260427, -0.21326264014097962]]	0.869618212115576	0.13038178788442464	[[0.40951843636029384, 0.1662302882873086, 0.7489312227301181], [0.7671362422586814, -0.0824274782389895, -0.4011776806945793], [-0.005698327591543565, 0.8495934539120286, -0.1854570758304452]]	0.8696182122834897	0.13038178812418946	[[0.4095184371172369, 0.16623028829289532, 0.7489312220863688], [0.7671362416837285, -0.08242747834612726, -0.401177681367281], [-0.0056983275996620435, 0.8495934542596795, -0.18545707593841135]]	[[6.778680935899196e-10, -2.651757545192869e-11, -7.883611821555632e-10], [-7.230769320299656e-10, -9.121952466219783e-11, -5.952413880070308e-10], [-7.01710757082806e-12, 1.836039536633328e-10, -7.216420769055001e-11]]	0.3426200417921855	[[0.46603267395349485, 0.46603267395349496, 0.6590697280140313], [0.7955675379605106, -0.13649780994647914, -0.46603267395349496], [-0.13649780994647948, 0.7955675379605105, -0.46603267395349485]]
8	[[-0.7099649817244492, 0.17004561671924806, -0.6833990144561036], [-0.6966343129430994, -0.02737173477805739, 0.7169040536679481], [0.1032005753632168, 0.9850559762621669, 0.13789258455366898]]	0.89353274374075	0.10646725625925192	[[-0.6343769580800966, 0.1519413264682372, -0.6106393964566856], [-0.622465569027999, -0.0244575412771824, 0.6405772460727865], [0.09221309325991998, 0.8801797692077582, 0.12321153941774284]]	0.8947524752871724	0.11688812036322387	[[-0.6547720574924791, 0.11759576822294021, -0.6383522846383831], [-0.6471291940536613, -0.02118933372929514, 0.6491609257824108], [0.0704081864539739, 0.8844110739230422, 0.09273156614743289]]	[[-0.019529132727316063, -0.034552968248340976, -0.026879324844970527], [-0.023813918177844163, 0.00330159371627562, 0.007709249219606242], [-0.02193078380332469, 0.0030298008660459576, -0.030648165205708268]]	0.17631775813847608	[[-0.6724515131252231, 1.0558110495884064e-16, -0.6724515131252232], [-0.6724515131252232, 1.2744766776098515e-16, 0.6724515131252231], [1.8988747535740268e-16, 0.9509900498999999, 0.0]]
8	[[0.2932727100912193, 0.7663848849828426, 0.5715289367876191], [0.00018149557078206424, 0.5977709472802035, -0.8016669268761718], [-0.9560288094901268, 0.235210762206075, 0.175170810260522]]	0.862529083131563	0.13747091686843943	[[0.25295624174248726, 0.6610292521701372, 0.49296032983058347], [0.00015654520825871993, 0.5155948270802793, -0.6914610394154062], [-0.8246026524968786, 0.2028761230682814, 0.1510899183654226]]	0.8925117090761803	0.1592752969261218	[[0.20307444303218375, 0.6655322648952595, 0.5230837180545546], [-0.00047940218215061076, 0.5726727378067664, -0.7002580085029362], [-0.8328924427170005, 0.20287586814771577, 0.11923908185229162]]	[[-0.058674884676733596, -0.01847521861092976, 0.012987449895744041], [-0.0006413891042190022, 0.039155168013625265, 0.015239110513165344], [0.020374463967098702, -0.007052491221939304, -0.03710291739358625]]	0.32473673605495473	[[2.15391110102376e-16, 0.665726997993971, 0.6657269979939711], [2.829611319472537e-16, 0.6657269979939711, -0.665726997993971], [-0.941480149401, 2.950562665555496e-16, 0.0]]
8	[[-0.7797112461789556, 0.3586263663473402, 0.5132616310835669], [0.12556441147624647, -0.7135152995487305, 0.6892963773882098], [0.6134198816085799, 0.6018995320403472, 0.511305194748623]]	0.8922704299301866	0.10772957006981548	[[-0.695713288849497, 0.31999170208504096, 0.45796817623360264], [0.11203741141184055, -0.6366486030901123, 0.6150387750014963], [0.5473364214906126, 0.5370571542284198, 0.4562225059438905]]	0.8922704300804505	0.10772957017641392	[[-0.6957132887252409, 0.31999170206153443, 0.4579681762486443], [0.11203741137894052, -0.6366486030930499, 0.6150387748932374], [0.5473364215099669, 0.5370571540837917, 0.45622250590305163]]	[[2.414183069510249e-10, -7.739396074462756e-11, -6.208200135681375e-11], [-5.1766892904285745e-11, 1.0428072721342782e-10, -2.118359222367503e-10], [-7.282161880302742e-11, -2.35072528463939e-10, -1.176683749856265e-10]]	0.18158145970776682	[[-0.6590697280140312, 0.4660326739534949, 0.46603267395349507], [1.1822418421507372e-16, -0.6590697280140313, 0.6590697280140312], [0.6590697280140313, 0.46603267395349496, 0.46603267395349485]]
8	[[0.23507429571004806, 0.1639243119487907, -0.9580547455383437], [0.7224674736879957, -0.6888480443340972, 0.059406407734983124], [-0.6502159833157828, -0.7061283111228478, -0.2803604524027675]]	0.874925597011844	0.125074402988162	[[0.2056725185162517, 0.14342157649655365, -0.8382266202101718], [0.6321052857381034, -0.6026907864394481, 0.05197618675386059], [-0.5688906073892062, -0.6178097341761246, -0.24529453619700267]]	0.874925597054011	0.12507440302561806	[[0.20567251850825105, 0.14342157649346088, -0.8382266201738349], [0.6321052857102791, -0.6026907864197292, 0.05197618674728925], [-0.568890607369995, -0.6178097341456416, -0.24529453619068553]]	[[-1.7913415393447172e-11, -1.0002885268484546e-11, 7.673002150377208e-11], [-5.829223957002977e-11, 4.876748438682201e-11, -9.075000996575609e-12], [4.662716912339303e-11, 6.025691244279391e-11, 1.8138726587618883e-11]]	0.2883070375329486	[[0.0, 0.0, -0.96059601], [0.6792439526517405, -0.6792439526517406, 0.0], [-0.6792439526517406, -0.6792439526517405, 0.0]]
