8	[[0.1500697479079782, -0.48793689800337037, 0.859881767645811], [0.7237996175280507, -0.5382464804175793, -0.4317462680606933], [0.6734932697726708, 0.6871741481494608, 0.2723940265240403]]	0.7768822809804463	0.22311771901955446	[[0.11658652806091073, -0.37906953029538193, 0.6680269090221765], [0.5623070978379673, -0.41815415343650636, -0.33541602553578664], [0.5232249876459706, 0.533853419645147, 0.21161809265144424]]	0.8012965391821206	0.29149626682188434	[[0.19371319021846106, -0.34867866940073694, 0.6332310301602533], [0.5572934526675384, -0.4931959374743501, -0.3382051743486622], [0.5468199576175636, 0.5468199576156297, 0.12835086872225657]]	[[0.07346282058386476, 0.0423034783086232, -0.055789254360139234], [-0.022684675919031484, -0.06190089548878688, 0.00775161605316755], [0.007152131386272296, -0.003810309111954935, -0.08991752202533991]]	0.3329269398890263	[[0.0, -0.5765555636673281, 0.5765555636673281], [0.5765555636673281, -0.40768634880000004, -0.40768634879999993], [0.5765555636673281, 0.40768634879999993, 0.4076863487999998]]
8	[[-0.16743794764991254, 0.7773753727082936, -0.606343189615771], [-0.9312695185128573, 0.07714504854866044, 0.35606983215832233], [0.3235762932843136, 0.6242885321636675, 0.711028980445465]]	0.7495125552430055	0.2504874447569962	[[-0.1254968439877288, 0.5826526019815765, -0.4544618334031117], [-0.697998196440497, 0.057821182462049335, 0.266878809745933], [0.24252449439558701, 0.46791209295089436, 0.532925147985508]]	0.7498675275885454	0.24832996418373224	[[-0.12555627982917217, 0.5856154035375309, -0.460419714672905], [-0.70238943550535, 0.05378790282966666, 0.2696920594248693], [0.24126554575435633, 0.47219436219452865, 0.5331775436969008]]	[[-4.3563537925173875e-13, 0.0026868547965417616, -0.005742646205578944], [-0.00406066413953483, -0.004060663991211617, 0.002686854735440051], [-0.0013738092770216865, 0.004060664079074123, 8.645644528019722e-11]]	0.2909448081692875	[[-0.11463222428768256, 0.6681255654083174, -0.3913788948479998], [-0.6681255654083175, 0.11463222428768229, 0.3913788948479999], [0.3913788948479998, 0.3913788948479999, 0.553493341120635]]
8	[[-0.9377842524711256, -0.012787777579644166, -0.34698295139926694], [-0.21556114428834758, -0.7619772552868597, 0.6106750817731164], [-0.2722022940576928, 0.6474775171155194, 0.7118137227812147]]	0.754136541772843	0.24586345822716477	[[-0.7072173730876026, -0.009643730360879905, -0.2616725230223777], [-0.16256253589421343, -0.5746348922115933, 0.4605323943152232], [-0.20527769670329934, 0.48828645563316736, 0.5368047392846845]]	0.7876021946614175	0.31577159965203394	[[-0.7049239182457614, -0.010847891394446522, -0.16649056348332653], [-0.12605350284114722, -0.6332092176549935, 0.43817698366656865], [-0.12566906291608826, 0.5367288026657785, 0.5189317252927931]]	[[0.03367701711941326, -0.0007762097078770426, 0.10679397054883114], [0.043722927484081076, -0.033074259108979695, -0.04279205096297822], [0.08871806127562408, 0.026774089191670104, -0.04169432495980558]]	0.3238868896918331	[[-0.6681255654083175, -0.11463222428768242, -0.3913788948479998], [-0.11463222428768241, -0.6681255654083174, 0.3913788948479999], [-0.3913788948479998, 0.3913788948479999, 0.553493341120635]]
8	[[0.6438892552647056, -0.6636492387928785, 0.380757553837473], [-0.15091110836074634, -0.5980263899765946, -0.7871405683007917], [0.7500883043535569, 0.4493708098454942, -0.48521480905966874]]	0.7312161138203203	0.26878388617967996	[[0.47082219896531846, -0.4852710173299424, 0.2784160588247683], [-0.11034863418786207, -0.437286532840681, -0.5755698673832235], [0.5484766549314818, 0.32858717723951236, -0.35479688704867934]]	0.7489802016100718	0.3839159009465747	[[0.4590540533345068, -0.527020471354244, 0.2740132816772596], [-0.10513346240861739, -0.4960376408436124, -0.501678561357986], [0.4539106822005699, 0.28163892743314517, -0.3231845407094584]]	[[-0.02320625088821133, -0.029960330684783015, -0.011166587760488733], [0.007895969956613826, -0.04812771471079941, 0.08787414018340699], [-0.10789060721951431, -0.05493091232261388, 0.04023174480424507]]	0.3096092646563201	[[0.5313536074758095, -0.37572373905407985, 0.37572373905408], [9.531441682635847e-17, -0.5313536074758095, -0.5313536074758095], [0.5313536074758095, 0.3757237390540799, -0.3757237390540798]]
8	[[-0.8598553706683427, -0.29151891260974605, 0.4191246415132833], [0.4738316458013455, -0.15002286318554503, 0.8677423073463686], [-0.19008501511164744, 0.9447274020120526, 0.2671288507772275]]	0.7233157529633139	0.27668424703668937	[[-0.621946934874518, -0.21086022177736458, 0.30315945566165786], [0.34272989366064577, -0.10851390024676456, 0.6276516804163597], [-0.13749148583252538, 0.6833362121314283, 0.1932185058381564]]	0.7672436728348151	0.3417367448585275	[[-0.6222708000178078, -0.13522875419887986, 0.4129806247517401], [0.3569670407748971, -0.05236933308624689, 0.600578712019564], [-0.19124233817458872, 0.6924257176057969, 0.18759808725095994]]	[[0.037447792680512466, 0.0884372870126332, 0.09140989542151326], [-0.006577291455092511, 0.06273475947342562, -0.06519108294302044], [-0.0454008130294669, -0.03241040414162325, -0.01735483333950357]]	0.4230769093851606	[[-0.5100994631767771, -0.3606947894919167, 0.36069478949191663], [0.3606947894919167, 0.10564505790352798, 0.6157445210803053], [-0.36069478949191663, 0.6157445210803052, 0.10564505790352824]]
8	[[-0.3165369632697661, -0.9278010874929129, 0.1974575724831094], [-0.8157660753724355, 0.3724826131232639, 0.4424730649342605], [-0.48407650341181413, -0.021020108654157543, -0.8747731670991965]]	0.7196330575142676	0.2803669424857333	[[-0.2277904626941021, -0.6676763333575859, 0.14209699661536462], [-0.5870522350366814, 0.26805080175279883, 0.31841824458635104], [-0.3483574542210603, -0.015126765060073084, -0.6295156888710357]]	0.7553531655517721	0.3815161397055721	[[-0.18541898139182222, -0.770418564710634, 0.10651871576656506], [-0.5707375506865807, 0.291937697214382, 0.19968101421958306], [-0.24380251091138888, -1.0127021443832534e-10, -0.6475406074691019]]	[[0.05367821582814064, -0.06960107627048488, -0.04263148667072012], [0.045453936695734366, 0.010581776278728531, -0.13454241604990522], [0.121846208309958, 0.015877605510889924, 0.013222073439024899]]	0.4697688672031672	[[-1.562959575837242e-16, -0.7827577896959999, 0.0], [-0.553493341120635, 1.0490189117014323e-16, 0.5534933411206349], [-0.5534933411206349, 8.690357208251951e-17, -0.553493341120635]]
8	[[-0.9506790929980296, 0.17724456833992716, -0.25454591949280275], [0.013897849357551978, -0.7954843399685079, -0.6058147527488101], [-0.30986466710433175, -0.579473060511755, 0.7537870125051647]]	0.7649149972515826	0.23508500274842578	[[-0.7271886958077198, 0.13557702850459932, -0.19470599130923621], [0.010630673403140792, -0.6084779017206944, -0.4633967899338262], [-0.237020130986469, -0.4432476344887148, 0.5765829905986668]]	0.7938334301314024	0.30798545881380135	[[-0.7356226556711207, 0.10420036166895753, -0.11290503720019186], [0.021014945728971897, -0.6609032042548496, -0.4941211095118481], [-0.14736156467075937, -0.4109356935833207, 0.5567028425958886]]	[[0.019058189677715717, -0.03650230198848668, 0.08916202319673158], [0.009982368302016887, -0.029421142041834058, -0.013205106313052311], [0.09861936689319757, 0.049069393711467374, -0.04167848712958841]]	0.32386558552096434	[[-0.6681255654083175, 0.11463222428768242, -0.3913788948479998], [0.11463222428768241, -0.6681255654083174, -0.3913788948479999], [-0.3913788948479998, -0.3913788948479999, 0.553493341120635]]
8	[[0.8875576111457726, 0.3128668588496867, -0.3381653671367607], [-0.3273769476023962, 0.9447770405743245, 0.014855227435465884], [0.3241385831334306, 0.09752267550242714, 0.9409694504536801]]	0.7359459650498659	0.26405403495013485	[[0.653194442672029, 0.23025310236825278, -0.2488714374639054], [-0.2409317436383248, 0.6953048508824274, 0.010932644691029215], [0.2385484823740288, 0.07177141953687864, 0.6925026702965746]]	0.7668868025209549	0.37119735824690775	[[0.566490113279948, 0.2943972326688924, -0.1715542030648632], [-0.294445071839722, 0.7203686818185238, -0.042624917206464906], [0.17155420304770053, 0.04262491727693382, 0.7585130837897476]]	[[-0.11416610518476672, 0.054463767670876864, 0.08778035406197217], [-0.04338401127385416, -0.004168361922730287, -0.054017195075166426], [-0.07702339854517155, -0.03216393551241057, 0.03689603066141969]]	0.35580302760063925	[[0.6157445210803053, 0.10564505790352811, -0.36069478949191663], [-0.18034739474595826, 0.6904468579227354, -0.1056450579035281], [0.3297520684308187, 0.1803473947459583, 0.6157445210803053]]
8	[[0.6569714475509829, -0.30708792903278176, -0.688538685147845], [0.5770443935784932, 0.7925721197384169, 0.19710201128598737], [0.4851889167555201, -0.5268077816962367, 0.6979006205770957]]	0.7374223626606645	0.26257763733933587	[[0.4844654370536424, -0.2264535061719243, -0.507743823984991], [0.4255254400727428, 0.5844604051164748, 0.14534743084768176], [0.3577891573306237, -0.388479839046462, 0.5146475245283061]]	0.7529958794255818	0.39002252236329044	[[0.40594838828248087, -0.2141991112809492, -0.41880767171859595], [0.4220399906306725, 0.6825034860124668, 0.135587214049134], [0.33271716069272583, -0.34342809339958946, 0.43851050228966004]]	[[-0.08874840462366906, 0.017036833902071072, 0.09965912102283928], [-0.012472059979566429, 0.08569994570183943, -0.012829788275709256], [-0.03262809436714189, 0.05325599546700793, -0.08700578925344925]]	0.31084137534158157	[[0.39137889484800004, -0.39137889484799987, -0.5534933411206349], [0.5534933411206349, 0.553493341120635, 9.928585086079008e-17], [0.3913788948479998, -0.3913788948479999, 0.553493341120635]]
8	[[-0.28551340625994115, -0.7402800071091643, -0.6086605013636927], [-0.9037881084920453, 0.4192574902120425, -0.08596634137539147], [0.31882463799746885, 0.5255555802915186, -0.7887599015101034]]	0.7108693853099249	0.2891306146900753	[[-0.20296273960574718, -0.5262423936109188, -0.4326781164668391], [-0.6424752971341599, 0.2980373143536164, -0.06111084025086766], [0.22664267443491992, 0.37360137230803275, -0.5607052663436042]]	0.7459704376453468	0.41401175883980856	[[-0.1146977662499419, -0.4940270453748376, -0.34968786928101336], [-0.7412937089678129, 0.3553437445994782, 2.7386561048798144e-11], [0.24064597843542368, 0.2472666637415577, -0.5415364156436281]]	[[0.0982867943713984, 0.058199955508483434, 0.10435487129869872], [-0.06709449813734006, 0.04259005113990996, 0.06412834932595632], [0.002812223696333786, -0.14478226249545828, 0.04685515328296744]]	0.40978376852023707	[[-0.37572373905408, -0.37572373905407985, -0.5313536074758095], [-0.5313536074758095, 0.5313536074758095, 9.531441682635847e-17], [0.3757237390540798, 0.3757237390540799, -0.5313536074758095]]
8	[[0.39514561495520173, 0.8903073900525152, 0.22630221872432854], [-0.7137866099724287, 0.4526453451835295, -0.5344350913887965], [-0.5782461572771092, 0.04964818930798781, 0.814350317058141]]	0.7415341586010114	0.2584658413989887	[[0.29301397111068417, 0.6601933413788553, 0.16781082535128716], [-0.5292971532465737, 0.3356519851853328, -0.3963018758198462], [-0.42878927770074876, 0.03681582828456245, 0.6038685771661756]]	0.7691107671326027	0.35218110895962557	[[0.23986699607950754, 0.7357056085635827, 0.14922605349115253], [-0.537625403387901, 0.3402388978866667, -0.31602456074532376], [-0.3289818642826367, 0.11794435555796144, 0.6167455141265252]]	[[-0.06404375096777153, 0.050960608816466704, -0.024825419555725956], [0.011355563776973592, -0.007895510786439455, 0.09501522237529608], [0.1157534813322404, 0.0797593985925502, -0.009580082940739804]]	0.3773495073067205	[[0.10564505790352824, 0.6904468579227354, 0.18034739474595832], [-0.6157445210803053, 0.18034739474595843, -0.32975206843081867], [-0.36069478949191663, -0.10564505790352811, 0.6157445210803053]]
8	[[0.5403191569681028, 0.6036400661371987, -0.5862370503193712], [0.4146608078153325, 0.41521567174819174, 0.8097236321095203], [0.7321964374914798, -0.6805987191352745, -0.02595689573522414]]	0.7786116325900679	0.2213883674099382	[[0.4206987809266318, 0.4700011773918567, -0.45645098683394986], [0.32285972854421624, 0.32329175205684013, 0.630460239143549], [0.57009666357188, -0.5299220798446191, -0.020210340965373566]]	0.8496898992597541	0.19378366730692262	[[0.44664342515443706, 0.4563806514864403, -0.50300051020298], [0.35567507168510676, 0.35567507171744656, 0.6413864157212491], [0.6037060899874688, -0.5939688636411928, -2.868872385314903e-12]]	[[-0.012460304897905684, -0.05652621549882749, -0.0048808099747778165], [0.0033419716655281664, 0.0028705094186547583, -0.04662757567413152], [-0.01843382722301737, -0.015671006542824, 0.02205531211948969]]	0.213592819113351	[[0.4246732799999998, 0.42467327999999993, -0.6005787121534668], [0.42467327999999993, 0.42467328000000004, 0.6005787121534667], [0.6005787121534668, -0.6005787121534667, 0.0]]
8	[[0.406855499873406, -0.3245501708658478, -0.8538944834191807], [-0.8488954288502084, 0.21093624421169652, -0.4846467288191305], [0.33740947393335186, 0.9220483108106712, -0.18968858540040373]]	0.7261582759046071	0.27384172409539254	[[0.2954414883303793, -0.23567479252048973, -0.6200625458841276], [-0.6164324410371702, 0.15317309942255858, -0.3519302330221074], [0.24501268186532318, 0.669553011679033, -0.137743936133141]]	0.7727689631518994	0.33042141184297297	[[0.2681493216942736, -0.22999155542792316, -0.6591212560921302], [-0.598033930068477, 0.1546745311372651, -0.31806049673830966], [0.2910788814194692, 0.6861028713569769, -0.061159910749339304]]	[[-0.046255981095546135, 0.02081074360284979, 0.0007418985008369046], [0.057966110308485266, -0.008330451593363764, 0.05645945338620965], [0.030339312090365174, -0.026427445764145494, 0.08542554071228116]]	0.4294512196764084	[[0.3757237390540798, -0.3757237390540799, -0.5313536074758095], [-0.6414005427919848, -0.11004693531617499, -0.3757237390540799], [0.11004693531617525, 0.6414005427919847, -0.3757237390540798]]
8	[[0.7682057170631343, 0.5541913911831843, 0.3205181402198053], [0.09030813392978146, -0.589450211148092, 0.8027408607536998], [0.6338015598100375, -0.5877247234172788, -0.5028670125057387]]	0.7346859406762793	0.265314059323721	[[0.5643899398734248, 0.407156623546114, 0.23548017135119942], [0.06634811632692093, -0.4330607828591678, 0.5897624244021185], [0.46564509517113006, -0.4317930912825289, -0.3694493241178488]]	0.752829795651954	0.3573446274005122	[[0.5242763048883339, 0.39555154149931177, 0.2171650442541844], [0.027121710900295696, -0.4750114781522672, 0.6145020933331213], [0.4191909867889067, -0.3901063451968894, -0.29679322545795034]]	[[-0.054051848106968, -0.021660250277196737, -0.024130561750236014], [-0.04086494311177098, -0.03125579614664793, 0.010174855170439963], [-0.057953711966773624, 0.052350338232941905, 0.08178004480685358]]	0.3049640590484349	[[0.5313536074758095, 0.37572373905407985, 0.37572373905408], [-9.531441682635847e-17, -0.5313536074758095, 0.5313536074758095], [0.5313536074758095, -0.3757237390540799, -0.3757237390540798]]
8	[[-0.2538643033432252, 0.48696402069590106, -0.8357146391177678], [-0.8713143736524561, 0.26000688613899875, 0.4161822694768838], [0.4199573523045962, 0.8338239992396379, 0.35829228366981253]]	0.717998798497882	0.2820012015021187	[[-0.18227426478193745, 0.3496395817713546, -0.6000421067736472], [-0.6256026733963975, 0.1866846318489767, 0.2988183694405236], [0.30152887437505205, 0.5986846296127595, 0.25725342918598787]]	0.75738177058488	0.36496962190749216	[[-0.2078117230189924, 0.33466795315714115, -0.6107025692306011], [-0.6514803652185139, 0.2078117230431899, 0.2938901571136089], [0.2938901571622756, 0.6107025691905562, 0.12685623014852432]]	[[-0.015539527464603745, -0.034149719048652834, 0.022252463848117875], [0.00843725783443951, 0.010887247254973226, -0.02131870702882728], [-0.024177885896317704, -0.02082052770972668, -0.14450781404421825]]	0.43754634362509737	[[-0.3757237390540798, 0.3757237390540799, -0.5313536074758095], [-0.6414005427919848, -0.11004693531617499, 0.3757237390540799], [0.11004693531617525, 0.6414005427919847, 0.3757237390540798]]
8	[[-0.010871777499557311, -0.0840287307277911, 0.9964040229075135], [0.9413747147740295, -0.3368748437119881, -0.018137972823285553], [0.33718756032528074, 0.9377923608594283, 0.08276495076773299]]	0.7749977668961359	0.22500223310386422	[[-0.008425603284348661, -0.06512207866915468, 0.7722108926796495], [0.7295633017623596, -0.2610772516002756, -0.014056888434069196], [0.26131960627724865, 0.726786985478312, 0.06414265202226169]]	0.8586215883758708	0.2003269241752221	[[0.003902311031044511, -0.03247010802505672, 0.869592472031052], [0.7898759883070307, -0.26142137900836643, -0.0055187011844624115], [0.2630377692111687, 0.7629245814727443, 0.02856779706723755]]	[[0.013237053896183324, 0.03967877422164727, 0.014058467218095071], [-0.018408664549129265, 0.027826634383493736, 0.010054953850985668], [-0.026478749415908567, -0.04228418497513524, -0.04249597642280399]]	0.35124424302364793	[[0.0, 0.0, 0.8847359999999999], [0.8847359999999999, -1.58704287876928e-16, 0.0], [1.7665829985862928e-16, 0.8847359999999999, 0.0]]
8	[[0.23507429571004806, 0.1639243119487907, -0.9580547455383437], [0.7224674736879957, -0.6888480443340972, 0.059406407734983124], [-0.6502159833157828, -0.7061283111228478, -0.2803604524027675]]	0.7498359050499901	0.25016409495000996	[[0.17626714727773285, 0.12291633480981867, -0.7183838472081823], [0.5417320520020182, -0.5165229967651739, 0.04454505750972999], [-0.4875552903275591, -0.5294803612522218, -0.21022433356765363]]	0.8103849022044243	0.27804317869281747	[[0.11758379841547904, 0.10390768310768628, -0.7299901360219606], [0.6200886584749318, -0.6104181846714709, 0.009670473880052809], [-0.5161809753584689, -0.5258514492610906, -0.1372771808527708]]	[[-0.07291686172428175, -0.028934104399862597, 0.046402965247613656], [0.03461192546440756, -0.05218612963007515, -0.03847158204257741], [0.010744240692645117, 0.0463842730919737, 0.08992269694963394]]	0.2973423424111467	[[0.0, 0.0, -0.8847359999999999], [0.6256028251598611, -0.6256028251598612, 0.0], [-0.6256028251598612, -0.6256028251598611, 0.0]]
8	[[0.388721369236936, 0.6072553768335828, 0.6929189017520486], [-0.1881814353775204, -0.6838834560027736, 0.704905075868346], [0.9019331707381749, -0.4044061398055253, -0.1515659249626253]]	0.7706941637040291	0.2293058362959709	[[0.2995852905779456, 0.4680081748035326, 0.5340285535005098], [-0.14503033396290152, -0.5270649881950784, 0.5432662279370809], [0.695114630738981, -0.3116734517141941, -0.11681097378509794]]	0.8392851798290425	0.2528783550390139	[[0.3025675308755809, 0.5098208396457526, 0.5677754283038989], [-0.18174095813181837, -0.5714962270682666, 0.5677754282735544], [0.679169341575376, -0.29884673210591917, -0.10350159168469948]]	[[-0.023680553407832233, 0.00016040149782616336, -0.013781136760012115], [-0.023803068300508788, 0.0024770222851281352, -0.02384095508901493], [-0.07780980182139151, 0.04056534766473033, 0.023705442903512574]]	0.3865226433873196	[[0.4423679999999998, 0.44236799999999993, 0.6256028251598612], [-0.44236799999999993, -0.44236800000000004, 0.6256028251598611], [0.6256028251598612, -0.6256028251598611, 0.0]]
8	[[-0.22702687951129652, -0.2600962815277815, 0.9385141023526418], [0.7861776675639859, -0.6177088015181534, 0.01898714171901844], [0.574789936414178, 0.742149419498815, 0.3447183896089062]]	0.7582730254519686	0.24172697454803302	[[-0.17214835878594967, -0.19722399430287685, 0.7116499278202754], [0.5961373185265164, -0.4683919217754787, 0.014397437395965872], [0.4358477040841242, 0.5627518856607879, 0.2613906562176768]]	0.8044484179127717	0.2866121159595154	[[-0.11914261175352703, -0.11914261263224935, 0.7483627561948001], [0.6816636610415395, -0.5678041828718815, -2.2835511627486523e-11], [0.4486615711891571, 0.5625210484891775, 0.16849309831202477]]	[[0.06348880229300907, 0.09009142954776915, -0.006623428631607654], [0.04922428017133834, -0.07088931475980917, -0.015274176139385937], [-0.013727283791410949, -0.03449987788152628, -0.10881506483429819]]	0.36192958349394067	[[-0.10564505790352816, -0.3606947894919166, 0.6157445210803053], [0.6157445210803052, -0.36069478949191675, -0.1056450579035281], [0.36069478949191675, 0.510099463176777, 0.36069478949191663]]
8	[[-0.7357259517984016, -0.6355984379310936, 0.23392723131326343], [-0.6762908134220847, 0.6707859050452003, -0.3044289823153933], [0.03657949604943121, -0.38217914031543476, -0.9233639830405582]]	0.757964471316873	0.24203552868312708	[[-0.5576541320889775, -0.48176103397627, 0.1773085302089768], [-0.5126044088519307, 0.508431883884397, -0.23074635263422116], [0.027725958384145422, -0.2896782100375257, -0.6998770932383789]]	0.8095619459285179	0.29211073520851194	[[-0.6477546228859635, -0.47468560570741053, 0.1382700468501778], [-0.5979384476635986, 0.4886734261944727, -0.1734954021668047], [0.015017204892324627, -0.22454840090740416, -0.6915149718761027]]	[[-0.052138889677938886, 0.03987070253321219, -0.05110853773745826], [-0.050439140736035455, -0.05436931639534144, 0.0729587171534834], [-0.014596163110537413, 0.08484928761964736, 0.056005371034518095]]	0.3853244405354839	[[-0.6516696095415222, -0.6516696095415221, 0.0], [-0.6516696095415221, 0.6516696095415222, 0.0], [0.0, 0.0, -0.9216]]
8	[[0.5035622894699279, 0.5369873573117416, 0.6768083914308072], [0.7236893469787391, 0.16572605027924595, -0.6699317915492047], [-0.4719096838308055, 0.8271514095654997, -0.3051586406453477]]	0.7259330080030129	0.2740669919969875	[[0.36555248751178865, 0.3898168475529014, 0.4913175514330462], [0.5253499845120126, 0.1203060101836718, -0.48632560059616137], [-0.3425748162890478, 0.600456510819815, -0.22152472992178782]]	0.7726723827149465	0.33725026126948504	[[0.4357754065416583, 0.35843402577782757, 0.5056199079208336], [0.5427036268309443, 0.20295215673818856, -0.5056199079048512], [-0.3213503068668336, 0.5819468758033943, -0.14126083456854313]]	[[0.04668673249153556, -0.056481275084038, -0.017331244527478324], [-0.016471145244542226, 0.07490021459098677, 0.012017885727965348], [0.04328127296497196, -0.05717017469160683, 0.09452681940495178]]	0.37987114680612954	[[0.5100994631767771, 0.3606947894919167, 0.36069478949191663], [0.3606947894919167, 0.10564505790352798, -0.6157445210803053], [-0.36069478949191663, 0.6157445210803052, -0.10564505790352824]]
8	[[0.2932727100912193, 0.7663848849828426, 0.5715289367876191], [0.00018149557078206424, 0.5977709472802035, -0.8016669268761718], [-0.9560288094901268, 0.235210762206075, 0.175170810260522]]	0.7572673029350111	0.24273269706498818	[[0.22208583419521932, 0.5803582148611163, 0.4328001765104747], [0.00013744066138114162, 0.45267239301978723, -0.6070761515677183], [-0.7239693580907585, 0.17811741951708204, 0.13265112703892593]]	0.8250111348883788	0.23914649209994993	[[0.17496675659204583, 0.5997456104671806, 0.4797963325936718], [-0.005704115251472902, 0.5259971589707991, -0.6283811095290728], [-0.755624325602638, 0.17260403469026098, 0.10583454640472433]]	[[-0.06698649479210152, -0.032530453253813915, 0.008278595832969188], [-0.005853851118301091, 0.03282947135185698, 0.03300303161551623], [0.03311008750079798, -0.02144746317533366, -0.03868332256762597]]	0.33040237661823163	[[0.0, 0.6256028251598611, 0.6256028251598612], [0.0, 0.6256028251598612, -0.6256028251598611], [-0.8847359999999999, 0.0, 0.0]]
8	[[-0.7797112461789556, 0.3586263663473402, 0.5132616310835669], [0.12556441147624647, -0.7135152995487305, 0.6892963773882098], [0.6134198816085799, 0.6018995320403472, 0.511305194748623]]	0.7374863735146857	0.26251362648531446	[[-0.5750264193331341, 0.26448205836424915, 0.3785234589720522], [0.09260204246212278, -0.526207810711438, 0.508346685636841], [0.4523888039293194, 0.44389270310462203, 0.3770806138343823]]	0.769128703591876	0.35158783112344805	[[-0.613193402027371, 0.3323414166924967, 0.3568976192926358], [0.17238803680163414, -0.5824727858455894, 0.4310637480264235], [0.3568976193799186, 0.43106374781957674, 0.3632354886026681]]	[[-0.013495102077744736, 0.056511584469902336, -0.0378666336261198], [0.07581284378563186, -0.03368768851070564, -0.09909388110474708], [-0.11490121891917043, -0.03187445895117197, -0.030024012974131955]]	0.29092960345064334	[[-0.5313536074758095, 0.37572373905407985, 0.37572373905408], [9.531441682635847e-17, -0.5313536074758095, 0.5313536074758095], [0.5313536074758095, 0.3757237390540799, 0.3757237390540798]]
8	[[-0.3298322266022023, -0.8762827350930389, 0.35119691125136165], [0.9222848180711871, -0.37850758052406547, -0.0782478487960887], [0.201497932123461, 0.2980949172053785, 0.9330262609842703]]	0.7483129129661773	0.25168708703382614	[[-0.2468177142788133, -0.6557336860794425, 0.2628051836832307], [0.6901576387953277, -0.2832421101617434, -0.05855387566593814], [0.15078350454396755, 0.2230682758343694, 0.6981955992310822]]	0.7976473883490217	0.32152013912300276	[[-0.19484392469040004, -0.6519974111745974, 0.18889559232742106], [0.7855667653604334, -0.32841327892984234, -9.776996544909879e-11], [0.13356935426777589, 0.13356935430456474, 0.7327044073535349]]	[[0.06824588945218961, 0.04696722392770318, -0.09123570672847053], [0.04990868891199765, -0.02649769585451418, 0.06241419213835933], [-0.027154945048231304, -0.10420527788442337, -0.01152155298162116]]	0.5006658862150777	[[-1.6959196786428409e-16, -0.8493465599999999, 0.0], [0.8493465599999999, -1.523561163618509e-16, 0.0], [0.0, 0.0, 0.8493465599999999]]
8	[[0.4709175022496733, 0.19115318190370978, 0.8612184201020178], [0.8821529167293078, -0.0947858233539779, -0.46132621776469945], [-0.006552677384344174, 0.9769729314260427, -0.21326264014097962]]	0.7471352676226782	0.25286473237732277	[[0.3518390740715128, 0.1428172837185539, 0.6434466547845006], [0.6590875555246773, -0.07081783149841017, -0.34467308717098705], [-0.004895736371197095, 0.7299309325811081, -0.1593360397156505]]	0.8000941315923168	0.29569648112756847	[[0.3981350367763577, 0.08913048815449293, 0.6130350054465855], [0.702165493590378, -0.050242888309979174, -0.3478921484663922], [-5.570132772672171e-12, 0.7571366515761078, -0.10994177390434214]]	[[0.021356706762281966, -0.06381005092186387, -0.07602079849624553], [-0.0036398782517868132, 0.025594692713684468, 0.02121225111682323], [0.005242758715861339, -0.024533657582412587, 0.06068841296033979]]	0.36610120923754536	[[0.6005787121534667, -9.429641067981718e-17, 0.6005787121534668], [0.6005787121534668, -1.138258367731589e-16, -0.6005787121534667], [1.6959196786428409e-16, 0.8493465599999999, 0.0]]
8	[[-0.7789526709276531, -0.6132277320749256, -0.13108960702099365], [0.4894249346840115, -0.725216103161197, 0.48427764456480876], [-0.3920407756397623, 0.31307084235030797, 0.8650379632743539]]	0.7526320890096112	0.24736791099038888	[[-0.5862647759598959, -0.46153486903017793, -0.09866224477965944], [0.3683569110046199, -0.5458209107056217, 0.36448289528946576], [-0.2950624679467023, 0.2356271620861108, 0.6510553293717966]]	0.7623720644774096	0.36481012041123456	[[-0.59345884946016, -0.5339103269576886, -0.08469879005364823], [0.3391878105147481, -0.5540679743355694, 0.2547371156908289], [-0.15963912949559414, 0.17979677598753863, 0.6594807778576902]]	[[0.00039290640514647425, -0.06640263486092783, 0.015240264282479186], [-0.033936087347023046, -0.0011834765763058816, -0.1144626319763016], [0.13924180598821642, -0.05887968842274764, -5.511268164316142e-11]]	0.3419409377543461	[[-0.5765555636673281, -0.5765555636673281, 0.0], [0.40768634879999993, -0.40768634880000004, 0.5765555636673281], [-0.4076863487999998, 0.40768634879999993, 0.5765555636673281]]
8	[[0.312078085329446, 0.25026955923460475, -0.9165000907679297], [0.9493512559049828, -0.044986478459825396, 0.310979757648975], [0.036598655285933646, -0.9671304795508722, -0.25163301443761527]]	0.7238850401635393	0.2761149598364609	[[0.22590865733286605, 0.1811663899382535, -0.6634407050154298], [0.6872211720100855, -0.03256503876670683, 0.22511359435577658], [0.02649321905158958, -0.7000912860330667, -0.18215337476264531]]	0.7600566360019343	0.34616429527066245	[[0.18638904144546686, 0.11048815138868741, -0.6718579806959472], [0.6987493924239844, -0.04593454246727152, 0.13726677374996116], [0.08359673962237477, -0.7255280147478025, -0.1263271365832916]]	[[-0.0508079782599565, -0.07973088789685312, 0.02473399518859263], [-0.022811329523368083, -0.011742270983523134, -0.09909545471341574], [0.0557796888035537, 0.009545924114571589, 0.06492820587718855]]	0.3997604473376368	[[0.18034739474595834, 0.32975206843081867, -0.6157445210803053], [0.6904468579227354, -0.18034739474595837, 0.1056450579035281], [-0.10564505790352824, -0.6157445210803052, -0.36069478949191663]]
8	[[-0.7099649817244492, 0.17004561671924806, -0.6833990144561036], [-0.6966343129430994, -0.02737173477805739, 0.7169040536679481], [0.1032005753632168, 0.9850559762621669, 0.13789258455366898]]	0.7581398899296856	0.24186011007031485	[[-0.5382527730985047, 0.12891836514255595, -0.5181120535978054], [-0.5281462613359238, -0.020751603991820935, 0.5435135603379645], [0.07824047284654945, 0.7468102294179778, 0.10454186887563839]]	0.7701506466181044	0.23752757684171666	[[-0.5604482950829849, 0.10570307460770327, -0.5506772719356315], [-0.5537619203263967, -0.007446999970992939, 0.5601332338067166], [0.07143593049261171, 0.7586414970841702, 0.07528120409170547]]	[[-0.013668305331690075, -0.025257667063199617, -0.024357079054087894], [-0.0172485537569104, 0.013633359267387202, 0.008009113311206458], [-0.00804405935473011, 1.0834630799850136e-11, -0.030916859066144275]]	0.2422445272883392	[[-0.5765555636673281, 9.05245542526245e-17, -0.5765555636673281], [-0.5765555636673281, 1.0927280330223254e-16, 0.5765555636673281], [1.6280828914971273e-16, 0.8153726975999999, 0.0]]
8	[[-0.3901123425915053, -0.19274962118636868, 0.9003665607352815], [0.8924450663689159, 0.1615093954769425, 0.42125588267281683], [-0.22661457073972407, 0.9678648142716957, 0.10901163985220427]]	0.7464222275063089	0.2535777724936932	[[-0.2911885237348565, -0.143872601596926, 0.6720536138362223], [0.6661408343661037, 0.12055420273509522, 0.31443475429477974], [-0.16915015267693267, 0.7224358105936572, 0.08136871104259626]]	0.8128176466312939	0.2545352613665116	[[-0.2928851676779511, -0.14210358808234377, 0.7075629102083772], [0.6685966103465211, 0.1280357455442574, 0.34591930988402037], [-0.18106988789694092, 0.7758457764995995, 0.014067842610643928]]	[[0.024205028549097826, 0.014566705399433843, -0.02427091879398612], [-0.05679848824716959, -0.003241941196153952, 0.0035150947003131025], [0.003126434184082691, -0.010851824093954443, -0.07453874194944295]]	0.4297307371897421	[[-0.6005787121534667, 9.429641067981718e-17, 0.6005787121534668], [0.6005787121534668, -1.138258367731589e-16, 0.6005787121534667], [1.6959196786428409e-16, 0.8493465599999999, 0.0]]
8	[[-0.04368688083802902, -0.7928421645001731, 0.6078591601952907], [-0.07099332237196321, 0.6093655773994191, 0.7897047177643444], [-0.9965196458782106, -0.008654205414294847, -0.08290778074109101]]	0.7994382381744556	0.20056176182554536	[[-0.03492496304849154, -0.6338283431384394, 0.4859458560847272], [-0.05675477655919185, 0.4871501436003507, 0.6313201482475825], [-0.7966559100071101, -0.006918502729204071, -0.06627965016661373]]	0.8605802229354443	0.18777815845076753	[[-0.012875249362398174, -0.6608035993262809, 0.51774591894839], [-0.02617167249481297, 0.5306211683089523, 0.6346319268373218], [-0.8490893083312194, -2.21495862549538e-12, -0.03150477539692091]]	[[0.024720816288547057, 0.0215006873518977, -0.005365652645825055], [0.03492377669897902, 0.006213203861374744, -0.04497233522948965], [0.008495790678200596, 0.0074476380225480185, 0.03984402103633014]]	0.18518085509566418	[[0.0, -0.6256028251598611, 0.6256028251598612], [0.0, 0.6256028251598612, 0.6256028251598611], [-0.8847359999999999, 0.0, 0.0]]
8	[[-0.8451655046892217, 0.03102096411427288, 0.5336037569853065], [0.3597306106374598, 0.7713925264558512, 0.5249261451846907], [-0.3953342351148118, 0.635603075758354, -0.6631135442989435]]	0.7378428028595561	0.2621571971404597	[[-0.6235992848601064, 0.02288859510948513, 0.3937156916704324], [0.26542464202712285, 0.5691664238251094, 0.38731297825734523], [-0.2916945201034456, 0.46897515492368835, -0.4892735561396565]]	0.74920449898094	0.3902464500038989	[[-0.5800392472291074, -0.012667193688943791, 0.30683364989801465], [0.21696415553886236, 0.670814319266358, 0.2919801995617945], [-0.2222110783187163, 0.49627715939463596, -0.4538501652059983]]	[[0.05316255126755409, -0.03590823956608337, -0.09294468550850904], [-0.05254763637188336, 0.09288356796536103, -0.10129683004329794], [0.0739751092304893, 0.020080475470353812, 0.04295748551796676]]	0.3048291007884679	[[-0.6681255654083175, -0.11463222428768242, 0.3913788948479998], [0.11463222428768241, 0.6681255654083174, 0.3913788948479999], [-0.3913788948479998, 0.3913788948479999, -0.553493341120635]]
8	[[-0.20892554660170207, -0.8722728212278597, 0.4421427838655412], [-0.9769286190798419, 0.16569047850232185, -0.13474842691632785], [0.04427854107729115, -0.4600943280250934, -0.8867652564908058]]	0.7301096450137213	0.2698903549862789	[[-0.15253855666366525, -0.6368547998617893, 0.32281271097344966], [-0.7132650072801295, 0.12097221644148479, -0.09838112614203817], [0.03232818990766669, -0.33591930650722707, -0.6474358666270038]]	0.7592440438396328	0.3541148974864576	[[-0.16331256023228172, -0.5831171546667481, 0.26936668558058086], [-0.804560765236814, 0.0955390976892744, -0.04792307495771566], [0.047923074967960756, -0.26936668553140963, -0.6028403571092978]]	[[-0.0046870833689998115, 0.07915078945369738, -0.06632758959600547], [-0.06283352994396657, -0.030260411234552316, 0.05438386559526626], [0.014304856385119007, 0.07995719262604081, 0.0704308821652706]]	0.3972039326665359	[[-1.562959575837242e-16, -0.553493341120635, 0.5534933411206349], [-0.7827577896959999, 9.92858508607901e-17, -9.928585086079008e-17], [0.0, -0.5534933411206349, -0.553493341120635]]
8	[[-0.6282958732607286, -0.7138118081737849, -0.3093816383614419], [-0.5738327107911779, 0.1566825842932765, 0.8038448779492399], [-0.5253192511888238, 0.6825857237672436, -0.5080515860024072]]	0.7179049729569422	0.28209502704305806	[[-0.4510567319022019, -0.5124490468433467, -0.2221066167212455], [-0.4119573567223496, 0.11248320643988843, 0.5770842353657253], [-0.3771293028184739, 0.49003168556191773, -0.36473276010978967]]	0.7179049731630688	0.2820950270523884	[[-0.45105673189238504, -0.5124490468670033, -0.22210661671627815], [-0.41195735675327533, 0.11248320646260673, 0.5770842353354934], [-0.377129302821656, 0.4900316855363788, -0.36473276014471284]]	[[1.3932596633679404e-10, 1.2348046390978885e-10, 6.873871047817865e-11], [8.735660779294057e-11, -9.578342486974447e-12, -1.9592591563066686e-10], [1.0510045326892518e-10, -1.662385047692426e-10, 6.979941478270503e-11]]	0.3365364784760001	[[-0.3757237390540798, -0.6414005427919847, -0.11004693531617525], [-0.3757237390540799, 0.11004693531617499, 0.6414005427919848], [-0.5313536074758095, 0.3757237390540799, -0.3757237390540798]]
8	[[-0.09570001472736311, 0.5345101365068197, -0.8397263966034669], [0.9941363825171496, 0.008658117471247562, -0.10778631618888002], [-0.05034242879418521, -0.8451177142702161, -0.5322045554951473]]	0.723817780095577	0.27618221990442315	[[-0.06926937221507448, 0.38688794044494973, -0.6078088962771794], [0.7195735895058104, 0.0062668993678440445, -0.07801765210851536], [-0.03643874505442568, -0.6117112278625159, -0.38521911991525115]]	0.7384395632105574	0.3878970187208499	[[-0.06865708284732266, 0.33475582860576797, -0.514259648187414], [0.8295995992562334, 0.04119888554989743, -0.0194158775152033], [-0.019415877509889115, -0.5142596481666565, -0.34377864596406527]]	[[0.002011594227195215, -0.05994760312794329, 0.10582754533682519], [0.09548996317854554, 0.03480538906620367, 0.06017780273138831], [0.01775896361984761, 0.10980870762054673, 0.04922225353444045]]	0.3071320147700777	[[-1.562959575837242e-16, 0.553493341120635, -0.5534933411206349], [0.7827577896959999, 9.92858508607901e-17, -9.928585086079008e-17], [0.0, -0.5534933411206349, -0.553493341120635]]
8	[[-0.5981897663743452, -0.7419171441245457, 0.3028662322859456], [0.7115509511219108, -0.6655993255599615, -0.22510615667197656], [0.3685976768273374, 0.0808485563767378, 0.9260665546111073]]	0.7516389186135821	0.2483610813864182	[[-0.4496227091233236, -0.5576537999106502, 0.227646047319978], [0.534829387439739, -0.5002903572938197, -0.1691985481741844], [0.2770523592139783, 0.060768921486480235, 0.6960676636720982]]	0.8057088855627578	0.2905869234975504	[[-0.47746934204413655, -0.6305332799484634, 0.13026978043662873], [0.5627087399241915, -0.6318055401670393, -0.12847053267092132], [0.15836362477558225, 0.06064599263485709, 0.7346173516307268]]	[[0.004497467976383963, -0.03276404457597175, -0.11375223405307174], [-0.010594183925363564, -0.0955262493387999, 0.052899497954572466], [-0.1386187986419931, -0.0044944076228021716, -0.011522700041931467]]	0.38305312043686646	[[-0.6516696095415222, -0.6516696095415221, 0.0], [0.6516696095415221, -0.6516696095415222, 0.0], [0.0, 0.0, 0.9216]]
8	[[0.9008474576716361, -0.4254042240105299, 0.08663200448188091], [-0.049446002604253164, -0.2987906365719553, -0.9530368557004423], [0.4313107358193278, 0.8542572222058906, -0.2901993237002208]]	0.7339593160602637	0.26604068393973695	[[0.6611853839073004, -0.312229393303914, 0.06358436675845103], [-0.03629135425333234, -0.2193001712635637, -0.6994902787901232], [0.31656453267140333, 0.6269900465497753, -0.21299449714416496]]	0.8076903901052339	0.27214359297393137	[[0.6936069991482123, -0.37598855995760244, 3.79629739778396e-12], [1.9797630047103232e-12, -0.2093580522326431, -0.762627615352664], [0.37598855995792635, 0.6068880545228433, -0.20935805223169687]]	[[-0.0339988353638996, -0.03239365631412329, -0.06997183749177249], [0.039937061134553406, 0.03197227357995075, 0.007131094412691671], [0.02762302348743797, -0.08308729453084575, 0.0250331527360097]]	0.3587241889683109	[[0.6157445210803052, -0.3606947894919167, 0.10564505790352824], [-0.10564505790352806, -0.3606947894919167, -0.6157445210803053], [0.36069478949191675, 0.510099463176777, -0.36069478949191663]]
8	[[-0.9329322773960255, -0.042925561482400815, -0.35748393245583304], [-0.169270649991114, -0.8240132564325088, 0.5406936288463909], [-0.3177810769134181, 0.5649420761413629, 0.7614825262347359]]	0.763580824345371	0.23641917565462958	[[-0.7123691974324607, -0.03277713562221874, -0.27296787583484916], [-0.12925182245769193, -0.6292007216182497, 0.412863286832819], [-0.2426515366709079, 0.4313789362074059, 0.5814534551069154]]	0.7750637223440996	0.33225431161652563	[[-0.7507189639408995, -0.04895508889958559, -0.16325989934816953], [-0.18192927494254094, -0.6780998075256753, 0.3385780516605084], [-0.16325989934361246, 0.3385780516678949, 0.5901974812571981]]	[[-0.027637000327378, -0.015685043433325642, 0.11381292801925483], [-0.05073373487682293, -0.039437025734212365, -0.08049396496091452], [0.0830406850194179, -0.09928805677503354, -2.6284737613661854e-11]]	0.2807139719868393	[[-0.6681255654083175, -0.11463222428768242, -0.3913788948479998], [-0.11463222428768241, -0.6681255654083174, 0.3913788948479999], [-0.3913788948479998, 0.3913788948479999, 0.553493341120635]]
