8	[[0.960266122164094, -0.26817943200658406, -0.07725779489837309], [0.017005372634810778, 0.3325347103638141, -0.9429376881346961], [0.27856739207144177, 0.9041573196362899, 0.32388230798028383]]	0.9408571367583177	0.05914286324168618	[[0.9034732342253186, -0.252318532535186, -0.07268854770034515], [0.01599962620669699, 0.31286765546565576, -0.8871696533999182], [0.262092118898569, 0.8506828669320755, 0.3047269809330056]]	0.9410906383207395	0.05816085858418468	[[0.9051076068333781, -0.25097100353458285, -0.07071233526875173], [0.01741374619055143, 0.31435545197414333, -0.8893840827489301], [0.2601629124316225, 0.8528882410551952, 0.304802607755576]]	[[0.0014101489681956542, 0.0014101493169848163, 0.001994252247411647], [0.0014101492027732273, 0.0014101491340559828, -0.0019942519255668444], [-0.0019942523882347904, 0.0019942519763086718, -2.023819207220683e-10]]	0.29934301715169004	[[0.9571067811865475, -0.2500000000000001, 0.14644660940672638], [0.25000000000000017, 0.45710678118654735, -0.8535533905932738], [0.14644660940672638, 0.8535533905932737, 0.4999999999999999]]
8	[[-0.9486136680599805, -0.12041431394456104, -0.29263031587149324], [-0.3163835017059441, 0.34398030004570723, 0.8840695860783527], [-0.005795568830930603, 0.9312238969107944, -0.3644015164680301]]	0.9384963676502002	0.06150363234980268	[[-0.8902704817776266, -0.11300839625006079, -0.27463248850972694], [-0.29692476713547955, 0.322824262136121, 0.8296960952845502], [-0.005439120296295314, 0.8739502447198425, -0.3419894995714705]]	0.9384963678246919	0.06150363220118447	[[-0.8902704819279555, -0.11300839628070088, -0.2746324885511851], [-0.29692476719110966, 0.3228242621998221, 0.8296960954112144], [-0.005439120298259795, 0.8739502448540499, -0.3419894996409636]]	[[1.5191608500872084e-11, -9.627956645114009e-12, 9.604607170613552e-12], [-4.244869179911193e-13, 3.678101664163245e-12, -2.7597066166562794e-11], [-9.53590472978233e-13, -2.828542689125694e-11, -5.908866011818653e-12]]	0.22424566747274763	[[-0.9571067811865475, -0.2500000000000001, -0.14644660940672638], [-0.25000000000000017, 0.45710678118654735, 0.8535533905932738], [-0.14644660940672638, 0.8535533905932737, -0.4999999999999999]]
8	[[0.5589385729429008, -0.453070050737613, 0.6944891653590938], [0.6606928908491764, -0.262767821928887, -0.7031628372860068], [0.5010714277005947, 0.851868887143653, 0.15246909017477023]]	0.9406590596018017	0.05934094039819902	[[0.525770632399642, -0.42618444786058396, 0.6532775251903247], [0.6214867533917822, -0.2471749322692406, -0.6614364932683892], [0.4713373779741732, 0.8013181862845818, 0.14342143098214105]]	0.9458412135484692	0.07943862064653363	[[0.5393891724693919, -0.45129538083742826, 0.687381836358967], [0.5958112563790006, -0.27936953196720377, -0.6763429258360646], [0.49876995026406856, 0.7810204599018843, 0.12065977204278863]]	[[0.010722034338030362, -0.022763054225296925, 0.03050536139945686], [-0.029099309284631728, -0.030832896392497047, -0.011262534495283694], [0.024835943013274263, -0.024712242098253907, -0.023551777236747284]]	0.2489906398581357	[[0.7071067811865476, -0.5, 0.4999999999999999], [0.5, -0.14644660940672602, -0.8535533905932738], [0.4999999999999999, 0.8535533905932737, 0.14644660940672638]]
8	[[0.42284015807257314, 0.3527755205810929, 0.834718894478794], [0.37729723708366386, -0.9060167935199916, 0.19178207619270926], [0.8239253580332351, 0.23384396921556794, -0.5162015134143967]]	0.9536828356062121	0.04631716439378816	[[0.4032554009588302, 0.3364359588002347, 0.7960570822206188], [0.3598218989283379, -0.8640526647509932, 0.18289927424190944], [0.785763471776999, 0.22301297965091466, -0.49229252305726007]]	0.9684623281918655	0.04659772760865049	[[0.41054699281771895, 0.3224100940338953, 0.8218738146753741], [0.33937516890584696, -0.8838940720821339, 0.17651777171137895], [0.809306072967079, 0.2130777523429201, -0.5166477941691107]]	[[0.0010422288777376363, -0.01923970795716809, 0.013480010742700322], [-0.026022991740556844, -0.0064509388488326784, -0.009215944303681587], [0.01136540246989757, -0.013391322517215346, -0.01672607467164002]]	0.14446527808386053	[[0.45710678118654746, 0.24999999999999992, 0.8535533905932738], [0.2499999999999999, -0.9571067811865475, 0.14644660940672619], [0.8535533905932738, 0.1464466094067262, -0.4999999999999999]]
8	[[0.27459789904950743, -0.1233857755913988, -0.9536099539220977], [-0.9242923950151736, 0.23955154775131188, -0.29715084466826813], [0.2651029278501293, 0.963011425867658, -0.04826418230561075]]	0.8890839108397255	0.1109160891602739	[[0.2441405739953086, -0.10970030790479347, -0.8478392672487524], [-0.8217734973195078, 0.2129814269224454, -0.2641920350869912], [0.23569874786805414, 0.8561979646937584, -0.042910907957753965]]	0.9274589432458106	0.13510113486573558	[[0.2111989706710277, -0.1357043063340826, -0.8865787700497522], [-0.8123911088226426, 0.1868466815749871, -0.2660812478775757], [0.24172895878244963, 0.8966658184693468, -0.0032067683634848395]]	[[-0.04347930659894815, -0.021269065292519096, -0.0021446899164766675], [0.04485213910826978, -0.035327543755342944, 0.009513960503056149], [-0.004143122532801739, 0.0035122591004875863, 0.041556279154300095]]	0.39885614599134644	[[0.0, 0.0, -1.0], [-1.0, 4.47411937370028e-16, 0.0], [4.677050100851671e-16, 0.9999999999999999, 0.0]]
8	[[-0.5524682326348718, 0.07472194964223472, 0.8301779822248746], [0.3954071310761524, 0.9002726737930906, 0.1821052264916233], [-0.7337792942182461, 0.42886564686752693, -0.5269176447163921]]	0.9604011706346979	0.039598829365304684	[[-0.5305911373610115, 0.07176304790850914, 0.7973039059639193], [0.3797494715628441, 0.8646229298013143, 0.17489407270125154], [-0.704722493154706, 0.41188306929657886, -0.5060523228137015]]	0.9659627014523374	0.05029707431100092	[[-0.5242732089483548, 0.08284298221264716, 0.8217543473118871], [0.40000885001349623, 0.8535533905806851, 0.17119609060076574], [-0.700413698882855, 0.4352765265615785, -0.5142189165959887]]	[[0.009390497514224688, 0.010664365878448698, 0.01983338091569569], [0.01806030950565691, -0.01607643344020664, -0.004710765929672609], [0.008389730429992772, 0.02100830775331717, -0.005236125062840576]]	0.12110682751079964	[[-0.4999999999999999, 0.1464466094067262, 0.8535533905932738], [0.5, 0.8535533905932737, 0.14644660940672619], [-0.7071067811865476, 0.5, -0.4999999999999999]]
8	[[-0.5387086746235353, 0.7530690341028258, -0.37773005408729476], [0.8423234016150757, 0.49040532726543196, -0.22359316197346515], [0.01685974427331502, -0.4386224399926676, -0.8985132743359537]]	0.892441261004747	0.10755873899525421	[[-0.480765848895223, 0.6720698784183518, -0.3371018857890567], [0.7517241587111652, 0.4376579486682074, -0.199543763423638], [0.015046331439494852, -0.39144476345203505, -0.8018703195778846]]	0.9145224181507109	0.14758654287413062	[[-0.49207202240974374, 0.653267026219631, -0.29697502499981004], [0.7622074017643761, 0.43117204723912755, -0.22903563924946488], [0.03396969287635357, -0.405915400538385, -0.7978946430287804]]	[[0.0005891373857372627, -0.03543148788250465, 0.048467577472301016], [-0.008116232345575878, -0.01731461852564671, -0.02455468007952799], [0.018551078774119146, -0.0047853460611258095, 0.02381588935744875]]	0.3944189830276241	[[-0.7071067811865474, 0.5000000000000001, -0.5000000000000001], [0.7071067811865477, 0.4999999999999999, -0.49999999999999983], [0.0, -0.7071067811865475, -0.7071067811865476]]
8	[[0.14595044963558398, -0.6734441926758938, -0.7246870949604965], [-0.34441161031647605, -0.7212947983739647, 0.6009279961175655], [-0.9274045012454825, 0.1618849381189445, -0.33721529900027186]]	0.9147335699070909	0.08526643009290957	[[0.133505775824703, -0.6160220104996201, -0.6628956134388149], [-0.3150448618222406, -0.6597925658720316, 0.5496890111457353], [-0.8483280301721845, 0.14808158735973048, -0.30846215428180607]]	0.9348225500802237	0.1007762717706503	[[0.14131730321323902, -0.64396818245414, -0.7084600185347167], [-0.26482630391070955, -0.6850547669596729, 0.5783005082944118], [-0.8660591370736116, 0.11637687004687208, -0.2985170421401303]]	[[0.004879531699547361, -0.014417364920142341, -0.031006180413516275], [0.057137435922573504, -0.010772124184122156, 0.016539466549190484], [0.0008995037365682891, -0.034956820625059816, 0.01671942359736979]]	0.38602419620194456	[[2.299347170293092e-17, -0.7071067811865476, -0.7071067811865475], [-2.6803154833089315e-16, -0.7071067811865475, 0.7071067811865476], [-1.0, 1.7938038903913487e-16, -1.9967346175427393e-16]]
8	[[-0.9649136349056507, -0.007072981661685379, -0.26247218920026094], [-0.13286753364795276, -0.8490486324305947, 0.5113341747527215], [-0.22646831053256494, 0.5282673496423472, 0.8183188325013518]]	0.9273249224240416	0.07267507757595791	[[-0.8947884616347849, -0.006558952170728978, -0.24339700248859994], [-0.12321137533276147, -0.7873439572029396, 0.4741729239353296], [-0.2100097084961149, 0.48987547902624423, 0.7588474478674492]]	0.9424862811629224	0.08270781088378262	[[-0.913165897392433, -0.02645381393298164, -0.23680831102428976], [-0.11205485998214129, -0.7992127979603113, 0.5106889940314938], [-0.23558187591947985, 0.5111970000851687, 0.7478358096439135]]	[[-0.003748033986808991, -0.019787625749926135, 0.010568126483755366], [0.013170967693007097, 0.0010038901456649672, 0.028763549237288834], [-0.022138600124392616, 0.013312270260960333, -0.023418463605870996]]	0.29712410643171705	[[-0.8535533905932738, -0.1464466094067262, -0.4999999999999999], [-0.14644660940672619, -0.8535533905932737, 0.5], [-0.4999999999999999, 0.5, 0.7071067811865476]]
8	[[-0.16688068420723817, -0.7255765027370625, 0.6675998621287887], [0.016208584335006937, 0.6749843637247572, 0.7376539774995726], [-0.9858438613859596, 0.13392104914067282, -0.10088128451146167]]	0.9390153460659416	0.060984653934075865	[[-0.1567035234325823, -0.6813274708149636, 0.6268865155704356], [0.015220109428579934, 0.6338206758921133, 0.6926684049586925], [-0.9257225146663046, 0.1257539203043367, -0.09472907428710745]]	0.9552273333749921	0.0839870227594936	[[-0.12686844504607747, -0.6846590285842544, 0.6339319673347926], [0.0018955901002824605, 0.6636000538205741, 0.706856762406692], [-0.9167418434503233, 0.12748228380989093, -0.07327837500009447]]	[[0.03254054592099682, 0.008431479284822345, -0.0037776687280030264], [-0.013587292691829955, 0.018836539989959288, 0.0022295205263181423], [0.024963159385492865, -0.0004427628435351079, 0.0230861853912326]]	0.17362469059650995	[[-2.612969163921257e-16, -0.7071067811865477, 0.7071067811865475], [0.0, 0.7071067811865475, 0.7071067811865476], [-1.0, 1.7938038903913487e-16, -1.9967346175427393e-16]]
8	[[-0.7602129684948403, 0.05278936044302118, 0.6475256952092945], [-0.5363407046060238, 0.5114621413604626, -0.671375548063589], [-0.36662636445702773, -0.8576827859873295, -0.36050706998065346]]	0.9198753454820483	0.08012465451795163	[[-0.699301167034125, 0.048559631175300225, 0.5956429225891526], [-0.4933665909455514, 0.4704814139849437, -0.617581814223195], [-0.33725055366773526, -0.7889612490741014, -0.3316215655471744]]	0.9343307371431357	0.09204646696808556	[[-0.7186337907939894, 0.03163616865358497, 0.638052768093626], [-0.4913357042132745, 0.5205587726107748, -0.5981249871459045], [-0.3768996370340903, -0.7789495879327165, -0.34572048873890976]]	[[-0.008343447554432877, -0.017686553402457644, 0.03304960796960418], [0.009783901681140282, 0.04268397305264652, 0.02916182357622729], [-0.03434935567484789, 0.022409801733803542, -0.008887652298573665]]	0.2627202669149914	[[-0.7071067811865475, -1.1102230246251565e-16, 0.7071067811865476], [-0.5000000000000002, 0.7071067811865474, -0.5], [-0.49999999999999983, -0.7071067811865477, -0.4999999999999999]]
8	[[0.9276499285075541, 0.24559764542247225, 0.2813314889998406], [-0.0941166078059129, -0.5752662021112951, 0.8125336059779651], [0.3613968376660729, -0.780224706909096, -0.5105308339890726]]	0.930758349805458	0.06924165019454465	[[0.8634179166548415, 0.22859205916952735, 0.2618516324498064], [-0.08759981857071826, -0.5354338209759615, 0.7562724382615279], [0.33637312425098326, -0.7262006606801573, -0.4751808365684733]]	0.9307583500755413	0.06924164996230664	[[0.8634179168742276, 0.22859205922882622, 0.2618516325127753], [-0.08759981859102664, -0.5354338211106633, 0.7562724384516898], [0.33637312433569977, -0.7262006608612059, -0.4751808366927965]]	[[-3.1160375633248094e-11, -7.031794581083437e-12, -1.3011248460092212e-11], [5.111402707607238e-12, 2.0670169310902107e-11, -2.92891212365978e-11], [-1.2892063490798877e-11, 2.967877664191536e-11, 1.3562670320214504e-11]]	0.2985724679283072	[[0.8535533905932736, 0.5, 0.14644660940672638], [0.14644660940672613, -0.5, 0.8535533905932738], [0.5000000000000001, -0.7071067811865475, -0.4999999999999999]]
8	[[-0.5104173248528786, -0.5182894301775639, 0.6861852672975772], [0.45628273613066006, -0.8395968917985795, -0.29475943410056116], [0.7288897167604642, 0.1626441694263301, 0.6650313187756423]]	0.9514086704100653	0.04859132958993426	[[-0.48561546839253983, -0.4931050576528269, 0.6528426128145631], [0.43411135131313827, -0.798799762506511, -0.2804366812884391], [0.6934719962986433, 0.15474107298385487, 0.632716562777387]]	0.9557535633054633	0.06156003536675243	[[-0.4910937846305361, -0.5216408492946659, 0.6447085221291877], [0.45752220417967315, -0.7859913886130191, -0.29308360318835186], [0.7088271672433502, 0.13828750055606406, 0.646197361452903]]	[[-0.0032606076295568854, -0.026283879578901038, -0.01111549217818358], [0.021428353248027953, 0.016456332463664326, -0.011366223728838845], [0.01218822319282927, -0.01716024392400834, 0.010591308823350997]]	0.28347129624216966	[[-0.5000000000000002, -0.7071067811865474, 0.5000000000000001], [0.49999999999999983, -0.7071067811865478, -0.49999999999999983], [0.7071067811865475, -1.1102230246251565e-16, 0.7071067811865476]]
8	[[-0.4871732334601276, -0.7856314367511983, 0.3813731587149939], [0.18798613468173503, 0.33212331739003315, 0.9243134290992746], [-0.8528326059476293, 0.5219936279631076, -0.014113773361090876]]	0.8907617544613992	0.1092382455386011	[[-0.43395528416357537, -0.6998104369605267, 0.3397126239614538], [0.1674508591435192, 0.29584274889588574, 0.8233430517767029], [-0.7596706683357974, 0.46497195986208834, -0.012572009521195974]]	0.9298922037026961	0.13487635631137307	[[-0.43667156243939054, -0.6732682624873142, 0.35212862948963597], [0.15351026393677872, 0.28854259620716244, 0.8541435459495091], [-0.792786519153525, 0.5002575957263945, -4.279238612582733e-12]]	[[0.01634702920781568, 0.05728428553137385, -0.0025072975009080055], [-0.021296577107971778, -0.020296287301705473, -0.005368305547610279], [0.00025587218062899704, 0.014859790701015549, 0.013124287809025964]]	0.45114166790149685	[[-0.7071067811865472, -0.7071067811865478, 1.9967346175427393e-16], [1.2684108950145325e-16, 1.2684108950145337e-16, 1.0], [-0.7071067811865478, 0.7071067811865472, 0.0]]
8	[[0.9792681828595647, -0.06468287773609287, 0.1919634115312185], [-0.19461030959112274, -0.5634158260401757, 0.8029255472136342], [0.05621968907574672, -0.8236375005396755, -0.5643231470221494]]	0.9432330774584683	0.05676692254153523	[[0.9236781417757882, -0.061011029825882385, 0.18106623941802036], [-0.18356288122077893, -0.5314324434846784, 0.7573459348683396], [0.05302827034067136, -0.7768821343442407, -0.5322882586467508]]	0.9432330772003201	0.056766922889715236	[[0.9236781414415862, -0.06101102980032112, 0.18106623933366722], [-0.18356288113460129, -0.5314324432795204, 0.7573459346003005], [0.053028270308024726, -0.7768821340764137, -0.5322882584503832]]	[[-8.140619539346107e-11, 8.865309980663514e-12, -3.4795793515555794e-11], [3.594014638929325e-11, 5.97141764565913e-11, -6.076477850844957e-11], [-1.8136537194955054e-11, 5.520370292783176e-11, 5.0688032211161913e-11]]	0.22354441215517248	[[0.9571067811865475, -0.2500000000000001, 0.14644660940672638], [-0.25000000000000017, -0.45710678118654735, 0.8535533905932738], [-0.14644660940672638, -0.8535533905932737, -0.4999999999999999]]
8	[[-0.004881392374527848, -0.8737977806315758, 0.48626495922677654], [-0.9964931464260065, -0.036369118883652976, -0.07535712519479704], [0.0835319168610627, -0.4849275469128966, -0.8705559678220334]]	0.9057746810338974	0.09422531896610475	[[-0.004421441621039385, -0.7914639060396943, 0.44044648834159456], [-0.9025982618564813, -0.03294222705632485, -0.06825657603694854], [0.07566109535097927, -0.4392350941295789, -0.788527554076156]]	0.9057746810949795	0.09422531913371288	[[-0.004421441619335062, -0.7914639058933784, 0.4404464882773952], [-0.9025982617065156, -0.032942227053769695, -0.06825657603150824], [0.07566109534087107, -0.43923509407024913, -0.7885275539205974]]	[[1.9982233302410162e-12, 1.9968911963014017e-10, -9.390314564195852e-11], [2.1083201151712102e-10, 4.7724069284449545e-12, 1.0045847598666335e-11], [-1.521054664077168e-11, 8.89483893735266e-11, 2.0873457814437148e-10]]	0.2886618823560758	[[-1.9967346175427393e-16, -0.7071067811865476, 0.7071067811865475], [-1.0, 1.2684108950145333e-16, -1.268410895014533e-16], [0.0, -0.7071067811865475, -0.7071067811865476]]
8	[[0.34528785424661446, 0.721296251312937, 0.6004231970466106], [-0.4727265086543158, -0.4190107345154037, 0.7752158746932126], [0.8107440691890812, -0.5515085876056384, 0.1962965411614891]]	0.938633970791333	0.061366029208669626	[[0.3240989096975187, 0.6770331644867631, 0.5635776095990893], [-0.44371715991652333, -0.39329770954238547, 0.7276439546837655], [0.760991924958472, -0.5176646955098, 0.18425060188301404]]	0.9386339719626402	0.06136602980077082	[[0.3240989095162954, 0.6770331639954563, 0.5635776093861719], [-0.44371715969669306, -0.3932977094206161, 0.7276439541804486], [0.7609919244466734, -0.517664695252136, 0.18425060171194585]]	[[-5.856560720531687e-10, -1.3361602232665497e-09, -9.161938691846358e-10], [7.735446101639969e-10, 6.125542549137887e-10, -1.4113360614829775e-09], [-1.4614377598681636e-09, 9.0364975892703e-10, -4.009864330900433e-10]]	0.29130313804356944	[[0.4999999999999997, 0.5000000000000001, 0.7071067811865476], [-0.4999999999999998, -0.5000000000000003, 0.7071067811865475], [0.7071067811865478, -0.7071067811865472, 0.0]]
8	[[-0.19923769144659614, 0.8439754804473203, -0.49800575369241046], [-0.7021380284509187, 0.23156213831599123, 0.6733358486680942], [0.6835982236007403, 0.4838226581116686, 0.5464513740376828]]	0.9411322689364091	0.05886773106390189	[[-0.1875090206086341, 0.7942925588401142, -0.46868928491574846], [-0.6608047558224754, 0.21793060063325156, 0.6336980950133904], [0.6433563472180673, 0.4553411159917179, 0.5142830215115347]]	0.9411322698444867	0.05886773040520282	[[-0.1875090207249556, 0.7942925593966126, -0.4686892852575755], [-0.6608047563267764, 0.21793060081201399, 0.6336980954380533], [0.6433563476635619, 0.4553411163256511, 0.5142830218992709]]	[[6.473377938491942e-11, -2.0986772903308283e-10, 1.105516143643787e-10], [1.3335979744111195e-10, -3.1380132141879755e-11, -1.8663671727604304e-10], [-1.754361922420722e-10, -1.052103796477436e-10, -1.0845771061134805e-10]]	0.24787029597938837	[[-0.1464466094067265, 0.8535533905932736, -0.5000000000000001], [-0.8535533905932736, 0.14644660940672619, 0.5000000000000002], [0.5000000000000001, 0.5000000000000001, 0.7071067811865474]]
8	[[-0.30856070057004426, 0.1412364016461924, 0.9406607108377383], [0.9283791655349412, 0.26005680283238586, 0.2654855632633233], [-0.2071289913661773, 0.9552082171708078, -0.21136424197341674]]	0.9114561487373559	0.0885438512626456	[[-0.2812395477932738, 0.12873078670596105, 0.8573709887687072], [0.8461768987864776, 0.23703037196255675, 0.24197844903735538], [-0.18878899276246883, 0.8706304028647807, -0.19264923796988054]]	0.911456150144089	0.08854385190873836	[[-0.2812395475605289, 0.1287307869253028, 0.8573709882091554], [0.8461768982376733, 0.23703037178619868, 0.24197844871999313], [-0.18878899259012782, 0.8706304023741305, -0.19264923803852335]]	[[6.668092508659116e-10, 2.0658146115008626e-11, -1.8828086658347243e-09], [-1.8547838709145755e-09, -5.421884997906868e-10, -6.908250862219904e-10], [4.637165718552281e-10, -1.8343783102747703e-09, 2.2868981236547273e-10]]	0.3340766987835761	[[-0.25, 0.4571067811865474, 0.8535533905932738], [0.9571067811865475, 0.25000000000000006, 0.14644660940672619], [-0.14644660940672638, 0.8535533905932737, -0.4999999999999999]]
8	[[-0.43776478212225356, 0.8965698997575128, 0.0672637374984425], [-0.25427414048209707, -0.19521750927551854, 0.9472247809017422], [0.8623842861599152, 0.39755822079422076, 0.3134338910574078]]	0.9243344496999104	0.07566555030008976	[[-0.4046410689809744, 0.8287304449098649, 0.062174189785382174], [-0.23503434771543683, -0.18044626900797353, 0.8755524965969301], [0.7971315045774752, 0.3674767592415017, 0.28971774320785126]]	0.9244462716244767	0.07504494608991889	[[-0.40128551789927597, 0.8312380477438907, 0.06458905819415266], [-0.23747012814075127, -0.18117319409516217, 0.8797680151124426], [0.7996352845978404, 0.3634116166325279, 0.2904578876043746]]	[[0.0034045027821424656, 0.0024073466623262146, 0.002407346848189974], [-0.0024073470015579983, -0.0007050954895924566, 0.004109598017513281], [0.002407346549771508, -0.004109598334348844, 0.0007050956156012514]]	0.3101146703519679	[[-0.5000000000000001, 0.8535533905932737, -0.14644660940672607], [-0.49999999999999983, -0.1464466094067264, 0.8535533905932737], [0.7071067811865476, 0.5, 0.4999999999999999]]
8	[[-0.6688443635042012, -0.7106257709593319, -0.21830765231002544], [0.3076282537140923, 0.0027649952570922287, -0.9515026076254579], [0.6767658937368799, -0.7035647578223935, 0.2167592134716278]]	0.9378879694410839	0.062112030558917786	[[-0.6273010819590689, -0.6664873613575537, -0.20474812073849957], [0.2885208382186164, 0.002593255787189152, -0.892402848583736], [0.6347305898638618, -0.6598649220843513, 0.20329585858055174]]	0.9378879696020069	0.06211203054588341	[[-0.6273010819797291, -0.6664873613664121, -0.2047481207343456], [0.2885208382142307, 0.002593255786403983, -0.8924028485993875], [0.6347305898795296, -0.6598649221028832, 0.20329585857949142]]	[[8.697443998982157e-11, 1.0549650195046784e-10, 3.928501706258961e-11], [-5.389040733343649e-11, -1.2298297417172112e-12, 1.3746989616828595e-10], [-9.323978474049582e-11, 9.469014093853952e-11, -3.594172582196673e-11]]	0.31148602192369895	[[-0.7071067811865474, -0.7071067811865475, -4.677050100851671e-16], [3.163680148981577e-16, 3.1636801489815773e-16, -1.0], [0.7071067811865476, -0.7071067811865475, 0.0]]
8	[[0.648727301424343, -0.24025956634810233, -0.722099874785276], [0.6191713111804977, -0.3850481214649154, 0.6843718518227958], [-0.4424700846359139, -0.8910742308778553, -0.10102939803703481]]	0.9212656063252119	0.07873439367478893	[[0.597650150686415, -0.2213428750671171, -0.6652457789714172], [0.5704212334138783, -0.35473159108575925, 0.6304882490214346], [-0.4076324708028729, -0.8209160415904584, -0.09307490963925985]]	0.9269656606373081	0.10856417766342781	[[0.5693961683976538, -0.25337310030644306, -0.6884051202788173], [0.5802381408617201, -0.3667451307200392, 0.6733104975118652], [-0.43899516677533285, -0.7869271811978914, -0.07540812103872588]]	[[-0.03195176314062027, -0.030660732662141327, -0.019043332802365195], [0.0062875973456212025, -0.009818744429158978, 0.038921291765368675], [-0.028840592458557666, 0.03906803190468065, 0.018242661656463523]]	0.34045987406270317	[[0.5000000000000001, -0.49999999999999983, -0.7071067811865476], [0.5000000000000002, -0.4999999999999999, 0.7071067811865475], [-0.7071067811865474, -0.7071067811865477, 0.0]]
8	[[-0.20962728376771522, 0.9146782181840727, -0.3455722197743615], [-0.11263779594486362, 0.32848192764058937, 0.9377698812279087], [0.9712719129187527, 0.23550664617613754, 0.03416856423694914]]	0.8937323144785024	0.10626768552161218	[[-0.18735067749959453, 0.8174774809407382, -0.3088490597984204], [-0.1006680380675521, 0.29357491345461506, 0.8381152463981262], [0.8680570947207493, 0.2104798999620026, 0.030537549997919293]]	0.9255613760624086	0.13469502000653852	[[-0.1727819027983707, 0.7948802202891362, -0.32242105112102676], [-0.11209859909071723, 0.27811954220521584, 0.8613035323454475], [0.9049358112161076, 0.2170834117220977, 0.005145295411996486]]	[[0.021241014425901077, -0.0517106099876267, -0.0025727518577279293], [-0.007845405679352485, -0.025910642753440558, -0.006660049353738262], [0.005964042964258411, -0.0008924437845311881, -0.026479807921230968]]	0.4198571038690017	[[-2.7817808468846267e-16, 1.0, -1.9967346175427393e-16], [-6.953940303019439e-32, 1.7938038903913487e-16, 1.0], [1.0, 3.133961632045815e-16, 0.0]]
8	[[0.574704889092418, -0.24730035866747077, 0.780100521122895], [-0.20680691382082303, -0.9661955377213083, -0.1539385698366041], [0.7917987060163579, -0.07286093253845069, -0.6064207233105157]]	0.9689519331385396	0.031048066861492186	[[0.5568614132702553, -0.23962216059669073, 0.755879907984417], [-0.20038595893310118, -0.936197034064862, -0.14915907482776253], [0.7672148868511633, -0.07059874143341165, -0.5875925321470276]]	0.9689519326300288	0.031048067699108107	[[0.5568614127505662, -0.23962216042321408, 0.7558799073807128], [-0.20038595880556648, -0.9361970332457156, -0.14915907471646617], [0.7672148862367691, -0.07059874139798855, -0.5875925316642553]]	[[-2.2745488981391077e-10, 4.7724494997275126e-11, -2.0700927156311842e-10], [2.2376340136150615e-11, 3.27840979676759e-10, 3.301537807622736e-11], [-2.1174595284876096e-10, -1.633083939821892e-12, 1.743816460965993e-10]]	0.14455131960172554	[[0.45710678118654746, -0.24999999999999992, 0.8535533905932738], [-0.2499999999999999, -0.9571067811865475, -0.14644660940672619], [0.8535533905932738, -0.1464466094067262, -0.4999999999999999]]
8	[[0.24646923027241593, 0.7083253665859152, 0.6614590641754414], [0.9286246270354669, -0.36790822982092686, 0.04795661052734279], [0.27732511713179175, 0.6024273478860003, -0.7484464375804571]]	0.9098582271123418	0.09014177288765841	[[0.22425205689340377, 0.6444756622605599, 0.6018339714380561], [0.8449167568073499, -0.33474432972490814, 0.04363371663272517], [0.25232653940725414, 0.5481234787115468, -0.6809801487855035]]	0.9098582271773766	0.09014177284952468	[[0.22425205690529804, 0.6444756622725527, 0.6018339714841958], [0.8449167568470479, -0.3347443297519332, 0.04363371663150427], [0.25232653943261535, 0.5481234787476703, -0.6809801488227024]]	[[-4.134661453229638e-12, -3.407342032409273e-11, 3.122621358232408e-12], [-2.0695025625447247e-11, -3.097364326334798e-12, -4.339792399536553e-12], [7.325054113499974e-12, -3.0537999138984717e-12, 1.1475764551229074e-11]]	0.35025414988411924	[[0.14644660940672627, 0.49999999999999983, 0.8535533905932738], [0.8535533905932736, -0.5000000000000001, 0.14644660940672619], [0.5000000000000001, 0.7071067811865475, -0.4999999999999999]]
8	[[-0.9588610349856624, -0.2231075811005983, 0.17552356776702127], [-0.1293663018671285, -0.20694792700785122, -0.9697612672448699], [0.252685329070461, -0.9525731272519675, 0.16957170079338071]]	0.9193445972404846	0.08065540275953129	[[-0.8815237120184932, -0.20511274928822104, 0.16136664371498366], [-0.11893221068652099, -0.1902564586047879, -0.8915447816546418], [0.23230489208287755, -0.8757429580155826, 0.15589482696927007]]	0.9193445966899295	0.08065540336144335	[[-0.8815237114427646, -0.20511274915216368, 0.1613666436050408], [-0.11893221060728087, -0.19025645847805472, -0.8915447810743655], [0.23230489192728807, -0.8757429574447766, 0.15589482686416692]]	[[4.7813809331106954e-11, 1.3231003856899162e-11, -1.3308903020857466e-11], [8.021947882469146e-12, 1.2795252522383556e-11, 4.6383619551013015e-11], [-1.6457022651849575e-11, 4.635023982904317e-11, -1.1748690426947247e-11]]	0.3446803889366204	[[-1.0, -3.133961632045815e-16, 0.0], [6.953940303019439e-32, -1.7938038903913487e-16, -1.0], [2.7817808468846267e-16, -1.0, 1.9967346175427393e-16]]
8	[[0.26616637265112986, 0.9073278585449115, 0.3254406538495851], [-0.9565105633649592, 0.2904108926461212, -0.02736888020603004], [-0.11934405825590477, -0.30400274758756485, 0.9451662950075098]]	0.9258010954117327	0.07419890458827216	[[0.2464171193621807, 0.8400051253384596, 0.3012933138254565], [-0.8855385273361691, 0.2688627225312791, -0.025338139274934914], [-0.1104888598641978, -0.2814460767247447, 0.875035991264204]]	0.9258010955750602	0.07419890503381983	[[0.2464171191701605, 0.8400051249481918, 0.3012933137065309], [-0.885538526978281, 0.26886272237376563, -0.025338139294827915], [-0.11048885981835924, -0.2814460766421677, 0.8750359908911642]]	[[-2.354941159642968e-10, -5.384564935801292e-10, -1.7207917105724895e-10], [5.141138122240409e-10, -2.0494539381877886e-10, -1.542251701244965e-11], [6.533106952017394e-11, 1.3222935267662082e-10, -5.274086989388442e-10]]	0.23707923383070284	[[0.14644660940672638, 0.8535533905932737, 0.4999999999999999], [-0.9571067811865475, 0.25000000000000006, -0.14644660940672619], [-0.25, -0.4571067811865474, 0.8535533905932738]]
8	[[0.2996549344758955, 0.21795608323613597, 0.9288175633700135], [0.8916359750523828, -0.4103184136620505, -0.1913742077769225], [0.3393997764239587, 0.8855133794529706, -0.31729142215500555]]	0.923159872202719	0.07684012779728187	[[0.2766294110156807, 0.20120830994607652, 0.8574471031003028], [0.8231225527807041, -0.3787894943186804, -0.1766689891942406], [0.3133202542291736, 0.817470418209604, -0.2929107087276339]]	0.9231598726819215	0.07684012811884254	[[0.27662941091187443, 0.20120830990617178, 0.8574471028370826], [0.8231225525536942, -0.37878949416518143, -0.17666898914628293], [0.31332025407220243, 0.8174704179379321, -0.29291070865046254]]	[[-2.4740063851841566e-10, -1.443492204345086e-10, -7.083119241380535e-10], [-6.542858381157143e-10, 3.5012362628267273e-10, 1.3966673467730886e-10], [-3.196142324810504e-10, -6.960077911199367e-10, 2.2921986781454521e-10]]	0.29065878950245166	[[0.25, 0.4571067811865474, 0.8535533905932738], [0.9571067811865475, -0.25000000000000006, -0.14644660940672619], [0.14644660940672638, 0.8535533905932737, -0.4999999999999999]]
8	[[0.5403191569681028, 0.6036400661371987, -0.5862370503193712], [0.4146608078153325, 0.41521567174819174, 0.8097236321095203], [0.7321964374914798, -0.6805987191352745, -0.02595689573522414]]	0.9420049623271348	0.057995037672895225	[[0.5089833271043687, 0.5686319377607353, -0.5522382105008707], [0.3906125386446075, 0.39113522322279654, 0.7627636795606961], [0.6897326775152152, -0.6411273707789333, -0.024451524589199455]]	0.9628490885883824	0.06552464219668463	[[0.5039514202542629, 0.5618189538374809, -0.5539112041092661], [0.40167803645796074, 0.3916743685930549, 0.7605587990225953], [0.7140521214868463, -0.6661882557540872, -0.01000366786381855]]	[[-0.016294387579318483, -0.01939533367815175, 0.010546605487482937], [0.00242225557964487, -0.008115662517304171, -0.01908286216252991], [0.009057448980513961, -0.010874399340267968, 0.014988905537425042]]	0.16429196015638983	[[0.5000000000000001, 0.5000000000000001, -0.7071067811865474], [0.49999999999999983, 0.4999999999999999, 0.7071067811865477], [0.7071067811865476, -0.7071067811865475, 0.0]]
8	[[-0.28551340625994115, -0.7402800071091643, -0.6086605013636927], [-0.9037881084920453, 0.4192574902120425, -0.08596634137539147], [0.31882463799746885, 0.5255555802915186, -0.7887599015101034]]	0.8993410705524718	0.10065892944752936	[[-0.256773932442898, -0.6657642141021466, -0.5473933868994266], [-0.8128137650438286, 0.3770554800844405, -0.07731306148402378], [0.28673209125514787, 0.47265371821420027, -0.7093641742329583]]	0.8993410706390452	0.10065892948352391	[[-0.2567739324323639, -0.6657642140755726, -0.5473933868873838], [-0.8128137650104308, 0.3770554800728142, -0.07731306148183442], [0.28673209124711635, 0.47265371820658325, -0.7093641742050366]]	[[3.52520918711734e-11, 9.06619422861374e-11, 6.473758809862183e-11], [1.11642550903247e-10, -4.7922357938300836e-11, 9.63181303438169e-12], [-3.56332920781536e-11, -5.3115715654890615e-11, 9.620699054382316e-11]]	0.3758367018636938	[[-0.4999999999999999, -0.5, -0.7071067811865476], [-0.7071067811865477, 0.7071067811865474, 1.268410895014533e-16], [0.49999999999999983, 0.5000000000000002, -0.7071067811865475]]
8	[[-0.16743794764991254, 0.7773753727082936, -0.606343189615771], [-0.9312695185128573, 0.07714504854866044, 0.35606983215832233], [0.3235762932843136, 0.6242885321636675, 0.711028980445465]]	0.9405634691521852	0.05943653084781669	[[-0.1574860169093227, 0.7311708773879851, -0.5703042539218126], [-0.8759180890481388, 0.072559814490841, 0.3349062765952694], [0.3043440409468992, 0.5871829875637832, 0.6687678845155275]]	0.9484073736357641	0.052476951725569494	[[-0.15465071600122143, 0.7654744870605954, -0.5752412392806514], [-0.8859755422966049, 0.07536717359435909, 0.36631408597641696], [0.3346907374562167, 0.5883400591333108, 0.6780849159592114]]	[[0.004148668176395862, 0.028205951501199, -0.00018088729522568083], [-0.002752664096782737, 0.0022022407113192403, 0.02861483162821476], [0.027808594971646314, -0.0037397880469572094, 0.003739788036015112]]	0.21874567872831108	[[-0.14644660940672638, 0.8535533905932737, -0.4999999999999999], [-0.8535533905932738, 0.14644660940672602, 0.5], [0.4999999999999999, 0.5, 0.7071067811865476]]
8	[[0.6569714475509829, -0.30708792903278176, -0.688538685147845], [0.5770443935784932, 0.7925721197384169, 0.19710201128598737], [0.4851889167555201, -0.5268077816962367, 0.6979006205770957]]	0.9520726403932606	0.047927359606747565	[[0.6254845407328443, -0.2923700154271394, -0.6555388439816147], [0.5493881794184025, 0.754586230741432, 0.18765543231187742], [0.46193509306497693, -0.5015592756992484, 0.6644520865649349]]	0.9520726409179178	0.047927359441296766	[[0.6254845407931744, -0.2923700155344767, -0.6555388441830228], [0.5493881795871249, 0.75458623083146, 0.1876554323307978], [0.461935093163873, -0.5015592758216233, 0.6644520867043725]]	[[-2.8435806495582644e-10, 5.3779424554886227e-11, 1.598388637608781e-10], [-1.3402712580158606e-10, -3.258015287815919e-10, -8.448802840958058e-11], [-1.5566167759621143e-10, 1.5402032179334236e-10, -2.2671954291875005e-10]]	0.25128908354543006	[[0.5000000000000001, -0.49999999999999994, -0.7071067811865475], [0.7071067811865475, 0.7071067811865476, 1.268410895014533e-16], [0.4999999999999999, -0.5, 0.7071067811865476]]
8	[[0.8875576111457726, 0.3128668588496867, -0.3381653671367607], [-0.3273769476023962, 0.9447770405743245, 0.014855227435465884], [0.3241385831334306, 0.09752267550242714, 0.9409694504536801]]	0.935715841733633	0.06428415826637493	[[0.8305017172003558, 0.2927544761790942, -0.3164266911555451], [-0.30633179608996136, 0.8840428437716161, 0.01390027164392127], [0.3033016071550388, 0.09125351239586901, 0.8804800213769025]]	0.9357158428589588	0.06428415775411102	[[0.8305017176473382, 0.2927544763515023, -0.3164266913509636], [-0.30633179627215473, 0.8840428443022247, 0.013900271637332168], [0.3033016073357656, 0.09125351245246224, 0.8804800219133057]]	[[-5.518126519071443e-10, -1.7966751996357702e-10, 1.8512399168662038e-10], [1.862145580423032e-10, -5.325716091556298e-10, -2.3306408323415553e-11], [-1.840368499128154e-10, -5.315147138477703e-11, -5.224927528928265e-10]]	0.26054882040364585	[[0.8535533905932738, 0.1464466094067262, -0.4999999999999999], [-0.2499999999999999, 0.9571067811865475, -0.14644660940672619], [0.45710678118654746, 0.24999999999999992, 0.8535533905932738]]
8	[[0.1500697479079782, -0.48793689800337037, 0.859881767645811], [0.7237996175280507, -0.5382464804175793, -0.4317462680606933], [0.6734932697726708, 0.6871741481494608, 0.2723940265240403]]	0.9443928871168575	0.055607112883188446	[[0.14172480249568215, -0.4608041358362613, 0.8120662251262003], [0.6835512104913631, -0.5083161476220142, -0.407738104595778], [0.6360422534943865, 0.6489623777229467, 0.2572469811424074]]	0.9443928875719593	0.05560711257922363	[[0.1417248025444666, -0.4608041359926618, 0.8120662253835619], [0.6835512107221198, -0.5083161477838423, -0.4077381047340598], [0.6360422537020003, 0.6489623779417714, 0.2572469812293194]]	[[-1.9525291421107363e-11, 6.565474681626012e-11, -1.3396393804555225e-10], [-9.865833055648705e-11, 8.314266570638512e-11, 5.8203056018327695e-11], [-9.889246155320517e-11, -9.390458822067191e-11, -3.706191375350081e-11]]	0.3068102739800326	[[0.0, -0.7071067811865475, 0.7071067811865476], [0.7071067811865475, -0.5000000000000001, -0.5], [0.7071067811865476, 0.5, 0.4999999999999999]]
8	[[-0.8598553706683427, -0.29151891260974605, 0.4191246415132833], [0.4738316458013455, -0.15002286318554503, 0.8677423073463686], [-0.19008501511164744, 0.9447274020120526, 0.2671288507772275]]	0.9244836315568157	0.07551636844318453	[[-0.7949222156891016, -0.2695044629969515, 0.38747387066114897], [0.4380496006569698, -0.13869368137432386, 0.8022135595510635], [-0.17573048507494782, 0.8733850194433399, 0.2469562500601302]]	0.9244836316122128	0.0755163684345126	[[-0.7949222156989609, -0.26950446299885134, 0.3874738706660558], [0.4380496006616758, -0.13869368137288263, 0.8022135595590147], [-0.17573048507779154, 0.8733850194548647, 0.24695625006149366]]	[[3.7772919499329826e-11, 1.4249416217252992e-11, -1.8310781283127304e-11], [-2.1542824664521884e-11, 9.752161356917887e-12, -4.011775608077169e-11], [7.686512361691748e-12, -4.081011473238264e-11, -1.3434721593178845e-11]]	0.3748611588951533	[[-0.7071067811865476, -0.5, 0.4999999999999999], [0.5, 0.14644660940672602, 0.8535533905932738], [-0.4999999999999999, 0.8535533905932737, 0.14644660940672638]]
8	[[-0.3165369632697661, -0.9278010874929129, 0.1974575724831094], [-0.8157660753724355, 0.3724826131232639, 0.4424730649342605], [-0.48407650341181413, -0.021020108654157543, -0.8747731670991965]]	0.8818612514410124	0.11813874855899086	[[-0.27914168255641286, -0.8181918281048292, 0.17413018197645794], [-0.7193924921110602, 0.3284779833489009, 0.39019985077186653], [-0.42688831109193415, -0.018536819323180607, -0.7714285598651156]]	0.8818612518159115	0.11813874947032994	[[-0.2791416822015798, -0.8181918273493429, 0.17413018184472784], [-0.7193924913087911, 0.3284779829970024, 0.39019985053820605], [-0.4268883107947976, -0.01853681932698655, -0.7714285590623542]]	[[4.734969606186173e-10, 1.1033148563413298e-09, -2.0575220561051964e-10], [1.108106728707432e-09, -4.915471465042524e-10, -3.995392656943276e-10], [4.786222702181454e-10, 4.070813627353603e-12, 1.1307138183064424e-09]]	0.47078409851061054	[[-1.9967346175427393e-16, -1.0, 0.0], [-0.7071067811865476, 1.3401577416544657e-16, 0.7071067811865475], [-0.7071067811865475, 1.1102230246251565e-16, -0.7071067811865476]]
8	[[-0.9506790929980296, 0.17724456833992716, -0.25454591949280275], [0.013897849357551978, -0.7954843399685079, -0.6058147527488101], [-0.30986466710433175, -0.579473060511755, 0.7537870125051647]]	0.9325066616908819	0.06749333830912133	[[-0.8865145873509064, 0.16528174072550966, -0.2373657656332685], [0.012959837109096343, -0.7417944462914108, -0.5649262926888816], [-0.2889508662974153, -0.5403624891976153, 0.7029114106571347]]	0.9353865274020313	0.06328363052711479	[[-0.8907538724826435, 0.16202343791469864, -0.2455739116285732], [0.013765690407509551, -0.7545211873609485, -0.5671911251269938], [-0.2973183228554402, -0.545757888219692, 0.7066854295949602]]	[[-0.0015014570095024282, -0.003768743365658928, -0.007475087929842941], [0.0007658293585921773, -0.010435852995109907, -0.0005201673043642959], [-0.007475087928132821, -0.003726594424573466, 0.0016032135670021584]]	0.2714903575345174	[[-0.8535533905932738, 0.1464466094067262, -0.4999999999999999], [0.14644660940672619, -0.8535533905932737, -0.5], [-0.4999999999999999, -0.5, 0.7071067811865476]]
