9	[[-0.3298322266022023, -0.8762827350930389, 0.35119691125136165], [0.9222848180711871, -0.37850758052406547, -0.0782478487960887], [0.201497932123461, 0.2980949172053785, 0.9330262609842703]]	0.6061092967733674	0.3938907032266331	[[-0.19991437891905484, -0.5311231123418844, 0.21286371290754147], [0.5590054025058799, -0.22941696345483004, -0.04742674860782611], [0.12212976994063868, 0.18067810063906709, 0.5655158909162604]]	0.7301957885240006	0.3864665967111008	[[-0.1788746606215034, -0.5881180274686733, 0.16594598029369773], [0.7052954318433775, -0.2962443477814148, -9.614142695078502e-05], [0.11740951018886912, 0.11727354580484264, 0.6621141965090168]]	[[0.06196744216291942, 0.05173993525255499, -0.09049652524468421], [0.031846941868173564, -0.019859706558334737, 0.05704010822501433], [-0.029723431243976056, -0.100394107318937, -0.01917764984399276]]	0.5018134837802095	[[1.6534959367871425e-16, -0.8281000000000001, 0.0], [0.8281000000000001, 1.485449001633076e-16, 0.0], [0.0, 0.0, 0.8281000000000001]]
9	[[-0.010871777499557311, -0.0840287307277911, 0.9964040229075135], [0.9413747147740295, -0.3368748437119881, -0.018137972823285553], [0.33718756032528074, 0.9377923608594283, 0.08276495076773299]]	0.6720529105539458	0.32794708944605455	[[-0.0073064097114724095, -0.056471753055765794, 0.6696362236826549], [0.6326536169857774, -0.22639771920904722, -0.012189677427437453], [0.22660788131918908, 0.6302460856108347, 0.05562242605530885]]	0.7728406899706506	0.2969155235182345	[[-4.875749927210709e-11, -0.021496760693133266, 0.768065770935823], [0.678729057357897, -0.2675756765481937, -7.95938404431832e-11], [0.2675756765128788, 0.6572322967513994, 0.021496760716139412]]	[[0.008402151975207953, 0.04344406153989087, -0.0019958016175517573], [-0.04880362672898804, -0.007225089900065249, 0.014017763351822666], [0.006983409741568735, -0.06753179846440666, -0.04246736094058226]]	0.3930563111595867	[[0.0, 0.0, 0.7535710000000001], [0.7535710000000001, -1.3517585914860993e-16, 0.0], [1.5046813024762997e-16, 0.7535710000000001, 0.0]]
9	[[-0.7789526709276531, -0.6132277320749256, -0.13108960702099365], [0.4894249346840115, -0.725216103161197, 0.48427764456480876], [-0.3920407756397623, 0.31307084235030797, 0.8650379632743539]]	0.5989638167179647	0.4010361832820351	[[-0.46656446482147995, -0.3673012229208988, -0.07851793135335236], [0.29314782687527635, -0.43437820509476, 0.29006478633972366], [-0.23481823928626355, 0.1875181066372488, 0.5181264400887421]]	0.6730087912045504	0.4441579826899412	[[-0.5146701547487297, -0.47100796825796276, -0.0752214377371573], [0.30865408637025465, -0.4854871850464214, 0.20165006344551556], [-0.13119614219831943, 0.14567535898561734, 0.5821781540114174]]	[[0.00957184071784667, -0.058300313561109866, 0.01300302022352118], [-0.020733197306797957, 0.0025896279041705632, -0.1242730487304332], [0.1326507463178914, -0.06502407018595369, 2.098521050814185e-12]]	0.4524923016238226	[[-0.44125736147859773, -0.4412573614785976, 0.0], [0.3120160725500001, -0.31201607255000013, 0.4412573614785976], [-0.31201607255, 0.3120160725500001, 0.44125736147859773]]
9	[[0.23507429571004806, 0.1639243119487907, -0.9580547455383437], [0.7224674736879957, -0.6888480443340972, 0.059406407734983124], [-0.6502159833157828, -0.7061283111228478, -0.2803604524027675]]	0.5732525156004697	0.42674748439953053	[[0.13475693136879385, 0.09397002419272046, -0.5492072929628231], [0.41415629673116, -0.394883874280985, 0.03405487267686626], [-0.3727379481194054, -0.4047898306878835, -0.16071733461477236]]	0.7280175941999582	0.36695009437058496	[[0.09899018887131526, 0.09899018886934119, -0.6261771264119925], [0.5417642811778822, -0.5417642811818497, 2.0006074215318102e-12], [-0.4427740923072826, -0.44277409231089854, -0.1399932676439437]]	[[-0.07214803434976337, -0.020349594346500823, 0.07130358454668499], [0.01579524909582626, -0.040270785176394576, -0.04324891003728359], [0.030594583576633826, 0.0712997419492364, 0.06411407442313075]]	0.35315174579368264	[[0.0, 0.0, -0.7535710000000001], [0.5328551642055278, -0.5328551642055279, 0.0], [-0.5328551642055279, -0.5328551642055278, 0.0]]
9	[[-0.22702687951129652, -0.2600962815277815, 0.9385141023526418], [0.7861776675639859, -0.6177088015181534, 0.01898714171901844], [0.574789936414178, 0.742149419498815, 0.3447183896089062]]	0.6055729460570907	0.39442705394290983	[[-0.13748133625980397, -0.15750727146327337, 0.5683387498778153], [0.4760879262710148, -0.3740677387407432, 0.011498099347989463], [0.34807723515830113, 0.4494256103804571, 0.20875213075552113]]	0.7110113209092611	0.3423367178161103	[[-0.054572703410058994, -0.10495851474033051, 0.7005367313262705], [0.598388859488426, -0.5452822024660685, 2.5470912062100593e-12], [0.4907094990694807, 0.49343034474945285, 0.12756326862459383]]	[[0.10684597807317556, 0.07997288595232445, 0.03324257972054941], [0.03940763760439453, -0.10608425156136966, -0.013500072711383527], [0.08202734713428583, -0.03424629432044091, -0.11753540891294795]]	0.3787777374946084	[[0.0, 0.0, 0.8281000000000001], [0.58555512550058, -0.5855551255005801, 0.0], [0.5855551255005801, 0.58555512550058, 0.0]]
9	[[0.312078085329446, 0.25026955923460475, -0.9165000907679297], [0.9493512559049828, -0.044986478459825396, 0.310979757648975], [0.036598655285933646, -0.9671304795508722, -0.25163301443761527]]	0.5614080692413855	0.4385919307586144	[[0.17520315533735287, 0.1405033500397921, -0.514530546417578], [0.5329734556095009, -0.025255772014099627, 0.1745865453148654], [0.020546780400906926, -0.5429548552291503, -0.14126880479281148]]	0.648773750321854	0.46076986705698014	[[0.13964812991393374, 0.0986569122683882, -0.5598404493829692], [0.5845152840306397, -0.023015622744601304, 0.10296724560532339], [0.07398207751746044, -0.5888256172859372, -0.0945250336753466]]	[[-0.06281993989851438, -0.06371140826764364, 0.03476075167486053], [-0.03139889063559848, 0.006170423599552926, -0.09878825803878342], [0.05023783067086851, 0.03862325098285468, 0.0687278608061383]]	0.461828924110545	[[0.0, 0.0, -0.6857496100000001], [0.6857496100000001, -1.2301003182523503e-16, 0.0], [-1.3692599852534328e-16, -0.6857496100000001, 0.0]]
9	[[0.388721369236936, 0.6072553768335828, 0.6929189017520486], [-0.1881814353775204, -0.6838834560027736, 0.704905075868346], [0.9019331707381749, -0.4044061398055253, -0.1515659249626253]]	0.6545996857506213	0.3454003142493792	[[0.25445688614704975, 0.39750917884563847, 0.45358449533755724], [-0.12318350846222581, -0.44766989538946395, 0.46143064114743715], [0.590405170133272, -0.26472413203231837, -0.0992150068510375]]	0.7601385243841421	0.3403036704027719	[[0.2669304337846761, 0.42970903041282504, 0.5034580832944701], [-0.17804596402653552, -0.518593499659808, 0.5034580832889038], [0.6077003383331084, -0.2517950174200101, -0.08888446961326674]]	[[-0.02855165422367162, -0.031889175657790564, -0.02325626820121258], [-0.03500200542217742, 0.0012526614368673838, -0.03236742091255202], [-0.07789381116491849, 0.05560966894364902, 0.026326628934740914]]	0.42031164235604757	[[0.37678549999999994, 0.37678550000000005, 0.5328551642055279], [-0.37678550000000005, -0.37678550000000016, 0.5328551642055278], [0.5328551642055279, -0.5328551642055278, 0.0]]
9	[[-0.7099649817244492, 0.17004561671924806, -0.6833990144561036], [-0.6966343129430994, -0.02737173477805739, 0.7169040536679481], [0.1032005753632168, 0.9850559762621669, 0.13789258455366898]]	0.5834611747753174	0.41653882522469754	[[-0.41423700228627747, 0.09921501529639763, -0.3987367918148439], [-0.40645907461858927, -0.01597034452924487, 0.4182856813542958], [0.060213528938918064, 0.5747419171293676, 0.08045496937649192]]	0.5983342290470766	0.5331244903311699	[[-0.33506912942367056, 0.1398622894849713, -0.44136302229618324], [-0.3506804805688091, 0.05773741781740782, 0.39173443549931813], [0.19779514664696154, 0.5234878939525137, 0.08212487166351065]]	[[0.08972722056684927, 0.03811817650242512, -0.03246199985005839], [0.06613967399374039, 0.07411486364351781, -0.037213798752817516], [0.1360467099497966, -0.06590481417252504, -0.0003809816067175878]]	0.40021911345435585	[[-0.4412573614785976, 6.928148555962467e-17, -0.44125736147859773], [-0.44125736147859773, 8.36301510297008e-17, 0.4412573614785976], [1.246026586580624e-16, 0.6240321451000002, 0.0]]
9	[[0.4709175022496733, 0.19115318190370978, 0.8612184201020178], [0.8821529167293078, -0.0947858233539779, -0.46132621776469945], [-0.006552677384344174, 0.9769729314260427, -0.21326264014097962]]	0.5975148362557139	0.40248516374428617	[[0.28138019424666305, 0.11421686218495343, 0.5145907832676617], [0.5270994555920129, -0.05663593572071566, -0.27564925946814256], [-0.003915321954343427, 0.5837558211472966, -0.12742759150329877]]	0.6911643394060623	0.40504113536376873	[[0.3196490719826952, 0.05344661842909092, 0.5372910327610891], [0.59073765118263, -0.05344661841588204, -0.2662024535695233], [-2.265480485555616e-12, 0.6475556993588675, -0.0755849326424831]]	[[-0.005832312374453133, -0.07867164426675356, -0.05795242765305472], [-0.018974986763713383, 0.012065962567629793, 0.052649776982512414], [0.004528976933425823, -0.027693151407817338, 0.07181459915054986]]	0.4343298372030815	[[0.48489819942703033, -7.613350061497216e-17, 0.48489819942703044], [0.48489819942703044, -9.190126486780308e-17, -0.48489819942703033], [1.3692599852534328e-16, 0.6857496100000001, 0.0]]
9	[[-0.7797112461789556, 0.3586263663473402, 0.5132616310835669], [0.12556441147624647, -0.7135152995487305, 0.6892963773882098], [0.6134198816085799, 0.6018995320403472, 0.511305194748623]]	0.5582219410440014	0.44177805895599925	[[-0.43525192529585366, 0.2001931063319697, 0.28651390396687826], [0.07009280950031863, -0.3982998954786846, 0.3847803617402452], [0.3424244369865232, 0.3359935250890382, 0.28542177827845727]]	0.683910617419488	0.4319255908404918	[[-0.5374055115284183, 0.2682050874067038, 0.30321775629257125], [0.16060957586218827, -0.5021489190032793, 0.3883347003647705], [0.3032177563439258, 0.38833470026402084, 0.31002534737419707]]	[[-0.00415271174525059, 0.022936707775186933, -0.04780732271952434], [0.07473474168355418, -0.014168229950656162, -0.08308241067981649], [-0.1163066136243873, -0.023310780318193745, -0.0396617040561251]]	0.4842215455606311	[[-0.48470672549326205, 0.0831625265477381, 0.2839346260205], [0.08316252654773809, -0.484706725493262, 0.28393462602050007], [0.2839346260205, 0.28393462602050007, 0.4015441989455239]]
9	[[0.5035622894699279, 0.5369873573117416, 0.6768083914308072], [0.7236893469787391, 0.16572605027924595, -0.6699317915492047], [-0.4719096838308055, 0.8271514095654997, -0.3051586406453477]]	0.5661646436952155	0.4338353563047848	[[0.28509916419608927, 0.3040232558212374, 0.38318498178435495], [0.40972732127824135, 0.09382823020736511, -0.37929169406255286], [-0.26717857800239, 0.46830388307864607, -0.17277003305148977]]	0.6616401449061953	0.4492722779280277	[[0.3632127036936568, 0.31873865644267707, 0.4394522947596165], [0.4190149576364285, 0.1609286337976895, -0.3836500409334533], [-0.33917599354511546, 0.4578740483349334, -0.11158853721023675]]	[[0.030035677519478193, -0.03655373646185855, -0.008351307420391953], [-0.05980696676565436, 0.051277625876197636, 0.059603726704429524], [-0.026941601952664585, -0.08940253014934778, 0.09031667000572871]]	0.4596971552300761	[[0.342874805, 0.34287480500000006, 0.48489819942703044], [0.34287480500000006, 0.3428748050000001, -0.48489819942703033], [-0.48489819942703044, 0.48489819942703033, 0.0]]
9	[[-0.7357259517984016, -0.6355984379310936, 0.23392723131326343], [-0.6762908134220847, 0.6707859050452003, -0.3044289823153933], [0.03657949604943121, -0.38217914031543476, -0.9233639830405582]]	0.623490066768437	0.37650993323156323	[[-0.45871782281005585, -0.3962893125035692, 0.14585130507046126], [-0.4216606044154191, 0.4182283487239607, -0.18980844651007264], [0.02280695243421664, -0.2382848977127743, -0.5757082714375272]]	0.7254159656867795	0.37137988621730905	[[-0.5676011454643175, -0.43489757652369165, 0.10357867375684178], [-0.5198898575551731, 0.44234942313701203, -0.13731564900995752], [0.018586392717152237, -0.17252060452177703, -0.6301886334858351]]	[[-0.033893793659654954, 0.026175678117101663, -0.0661158746467037], [-0.029297704051494313, -0.044249381940432375, 0.08352199517940716], [-0.00794895773388171, 0.10471824561548719, 0.039634341951922517]]	0.39678482024017936	[[-0.5855551255005801, -0.58555512550058, 0.0], [-0.58555512550058, 0.5855551255005801, 0.0], [0.0, 0.0, -0.8281000000000001]]
9	[[0.2932727100912193, 0.7663848849828426, 0.5715289367876191], [0.00018149557078206424, 0.5977709472802035, -0.8016669268761718], [-0.9560288094901268, 0.235210762206075, 0.175170810260522]]	0.6088217212818867	0.3911782787181246	[[0.1785507961627472, 0.4665917648396828, 0.3479592310574383], [0.00011049844581280885, 0.3639359370554437, -0.48807223831550367], [-0.5820511053888529, 0.14320142111032386, 0.10664779422114821]]	0.7137552579459222	0.3598256670321617	[[0.13658259170871237, 0.4994012224989412, 0.41983211329338255], [-0.008285261160928334, 0.45841481620333446, -0.5208247490143003], [-0.6395720684980131, 0.133150724153433, 0.08486162345419403]]	[[-0.07274234713094478, -0.047610018767843196, 0.011900329592976518], [-0.008414804578868475, 0.03175265953477464, 0.051369235164916205], [0.04279852102334497, -0.0347321940966213, -0.04016746340790225]]	0.37734954435289875	[[0.0, 0.5328551642055278, 0.5328551642055279], [0.0, 0.5328551642055279, -0.5328551642055278], [-0.7535710000000001, 0.0, 0.0]]
9	[[-0.2538643033432252, 0.48696402069590106, -0.8357146391177678], [-0.8713143736524561, 0.26000688613899875, 0.4161822694768838], [0.4199573523045962, 0.8338239992396379, 0.35829228366981253]]	0.5527860986666412	0.44721390133335986	[[-0.1403326578358261, 0.2691869411915083, -0.46197143495650983], [-0.4816504733235093, 0.1437281922152388, 0.23005977307835498], [0.2321465863868304, 0.4609263155142967, 0.1980589936721973]]	0.6437269556422234	0.4716866891986564	[[-0.15788294019965204, 0.3018403661582155, -0.481381023030778], [-0.5360923876752351, 0.21545905160173545, 0.22328019529762488], [0.28085630670160633, 0.4575322168164437, 0.14395742595909528]]	[[0.005536354937716245, -0.011631500391653945, 0.05659101739414162], [0.024796161483371257, 0.04808561034146333, -0.04462755002500114], [0.01051843880299976, -0.07922276775551199, -0.08668497503777285]]	0.5468915225559914	[[-0.342874805, 0.34287480500000006, -0.48489819942703044], [-0.34287480500000006, 0.3428748050000001, 0.48489819942703033], [0.48489819942703044, 0.48489819942703033, 0.0]]
9	[[-0.09570001472736311, 0.5345101365068197, -0.8397263966034669], [0.9941363825171496, 0.008658117471247562, -0.10778631618888002], [-0.05034242879418521, -0.8451177142702161, -0.5322045554951473]]	0.5472667823205553	0.4527332176794451	[[-0.05237343912787343, 0.2925196425238086, -0.45955436309881376], [0.5440578192479567, 0.004738300089444627, -0.058987870438873206], [-0.027550739020396987, -0.46250485217076454, -0.29125787462216973]]	0.6342326360045087	0.4906532796185995	[[-0.04256018737303904, 0.27418374527194034, -0.43105350331652004], [0.6909241366692831, 0.022318390440816325, -0.014313111883289369], [-0.014313111883562706, -0.4310535032760741, -0.2774996402307984]]	[[0.018135885233166792, -0.06482002757590984, 0.10152838272386454], [0.06041039823744384, 0.0168271297741903, 0.054048487558399444], [0.01761569943344264, 0.10494773237963047, 0.06004185789449676]]	0.4700348711911039	[[-1.133884193788368e-16, 0.4015441989455239, -0.40154419894552384], [0.5678692520410001, 7.202915462325586e-17, -7.202915462325585e-17], [0.0, -0.40154419894552384, -0.4015441989455239]]
9	[[-0.20892554660170207, -0.8722728212278597, 0.4421427838655412], [-0.9769286190798419, 0.16569047850232185, -0.13474842691632785], [0.04427854107729115, -0.4600943280250934, -0.8867652564908058]]	0.563889488822178	0.43611051117782224	[[-0.11781091967512808, -0.4918654752756567, 0.24931966838035605], [-0.5508797796286895, 0.09343111922537631, -0.07598322157344137], [0.02496820389386485, -0.25944235544005245, -0.5000376071878683]]	0.6781583519586263	0.45435834105302914	[[-0.12029362493841574, -0.477558205755473, 0.25580378946919935], [-0.7045040696655236, 0.07948235550171918, -0.028857925364999187], [0.028857925460524767, -0.25580378930357617, -0.49852753140595163]]	[[0.021390979427049914, 0.11398089314671378, -0.04403903216745504], [-0.041991767369121115, -0.03288202633465151, 0.06252284576159473], [-0.001169936983583367, 0.05621302193543276, 0.10283973351002147]]	0.5096028771188917	[[-1.5046813024762997e-16, -0.7535710000000001, 0.0], [-0.7535710000000001, 1.3517585914860993e-16, 0.0], [0.0, 0.0, -0.7535710000000001]]
9	[[-0.3901123425915053, -0.19274962118636868, 0.9003665607352815], [0.8924450663689159, 0.1615093954769425, 0.42125588267281683], [-0.22661457073972407, 0.9678648142716957, 0.10901163985220427]]	0.6179929582222582	0.3820070417777427	[[-0.24108668063713984, -0.11911790859318336, 0.5564201943531969], [0.5515247666161872, 0.09981166909148373, 0.26033316910150234], [-0.1400462089477099, 0.598133639731001, 0.06736842579292202]]	0.6959173251676236	0.38236011955456245	[[-0.2183922227360242, -0.11006669599703778, 0.6073028888506551], [0.5617117705935628, 0.11006669605323063, 0.26398334094643106], [-0.15565781426893244, 0.6521727911065474, 9.377423796005838e-11]]	[[0.05309371523513129, 0.024071104806052606, -0.019277799766614784], [-0.05935621285293566, -0.0023304904365229976, -0.029175926134361728], [0.002047191644265523, -0.021381101565270025, -0.0758630887243081]]	0.4790898634890637	[[-0.48489819942703033, 7.613350061497216e-17, 0.48489819942703044], [0.48489819942703044, -9.190126486780308e-17, 0.48489819942703033], [1.3692599852534328e-16, 0.6857496100000001, 0.0]]
9	[[-0.04368688083802902, -0.7928421645001731, 0.6078591601952907], [-0.07099332237196321, 0.6093655773994191, 0.7897047177643444], [-0.9965196458782106, -0.008654205414294847, -0.08290778074109101]]	0.6629944259694119	0.3370055740305895	[[-0.028964158483603224, -0.5256499357371394, 0.40300723498392593], [-0.047068177013660936, 0.4040059811934469, 0.5235698260395073], [-0.6606869705862645, -0.005737689950871305, -0.054967396500836714]]	0.7543447879610986	0.2971764906830023	[[-0.005738876171721896, -0.5547443306861384, 0.4538321065725564], [-0.00792463266366903, 0.459570982744517, 0.5468196980318722], [-0.7348031116245987, -7.915574454420158e-13, -0.01030175300437776]]	[[0.027216094690722954, 0.04333202378036314, -0.004703282735171674], [0.04562881004766344, -0.0001007645296400103, -0.048889939841951356], [0.01691628934446937, 0.006528254747426434, 0.052239299279085764]]	0.28039111922249876	[[0.0, -0.5328551642055278, 0.5328551642055279], [0.0, 0.5328551642055279, 0.5328551642055278], [-0.7535710000000001, 0.0, 0.0]]
9	[[-0.8451655046892217, 0.03102096411427288, 0.5336037569853065], [0.3597306106374598, 0.7713925264558512, 0.5249261451846907], [-0.3953342351148118, 0.635603075758354, -0.6631135442989435]]	0.5472786318724668	0.4527213681275331	[[-0.4625410211121211, 0.01697711079982538, 0.29202993408492833], [0.1968728764323152, 0.42216664651540525, 0.28728086257076596], [-0.21635797932598116, 0.34785198171496234, -0.3629078733000268]]	0.6594610432472633	0.48879133162636124	[[-0.5967316579103781, -0.06267306574111867, 0.2930915684435227], [0.24025870068593116, 0.5488995438767005, 0.2013419743556954], [-0.1535098600846892, 0.3129042790150302, -0.42134971776363256]]	[[-0.03937793247142391, -0.08313018309845288, -0.05879932181866701], [0.0030303769069766374, 0.040196223626982955, -0.14482636897556522], [0.10719766703548328, -0.10625118841574333, 0.015947831951139017]]	0.46894602699032045	[[-0.48470672549326205, -0.0831625265477381, 0.2839346260205], [0.08316252654773809, 0.484706725493262, 0.28393462602050007], [-0.2839346260205, 0.28393462602050007, -0.4015441989455239]]
9	[[-0.6282958732607286, -0.7138118081737849, -0.3093816383614419], [-0.5738327107911779, 0.1566825842932765, 0.8038448779492399], [-0.5253192511888238, 0.6825857237672436, -0.5080515860024072]]	0.5423523073868312	0.45764769261316934	[[-0.3407577165845808, -0.3871374812030187, -0.16779384542844608], [-0.311219494751636, 0.08497716111878989, 0.4359671243368553], [-0.28490810799698024, 0.3702019422744737, -0.2755429499399445]]	0.6076399525068753	0.5327426262235994	[[-0.45438756134818514, -0.3803518343116491, -0.23574020436265863], [-0.3464397008093601, 0.06540387125078237, 0.3360503681370686], [-0.28369920349055244, 0.3360503681219638, -0.3065506837110273]]	[[-0.07260988675977008, 0.05338873890591672, -0.047747560322212605], [0.0022439803226827273, -0.029802726827838712, -0.15239789532290277], [0.03550576135277169, -0.07871598864983531, 0.0021617578785181613]]	0.4873716416272037	[[-0.44125736147859773, -0.4412573614785976, 0.0], [-0.3120160725500001, 0.31201607255000013, 0.4412573614785976], [-0.31201607255, 0.3120160725500001, -0.44125736147859773]]
9	[[-0.9329322773960255, -0.042925561482400815, -0.35748393245583304], [-0.169270649991114, -0.8240132564325088, 0.5406936288463909], [-0.3177810769134181, 0.5649420761413629, 0.7614825262347359]]	0.5802732113341047	0.41972678866589647	[[-0.5413556085618304, -0.024908553409712122, -0.20743834948648984], [-0.09822322365495567, -0.4781528184919664, 0.31375002835858773], [-0.18439984600175938, 0.32782075274030364, 0.4418679108730367]]	0.685924240394558	0.4173968854168273	[[-0.6460808469572386, -0.05077008379832847, -0.1352323236120928], [-0.14047730226575625, -0.5736202546193927, 0.31016766839080123], [-0.1352323235709829, 0.31016766844095833, 0.4965755348586907]]	[[-0.006159983244804549, -0.02132640064500278, 0.10997457121093368], [-0.024370460249508383, -0.008409587625878366, -0.0607071982618365], [0.08274142022261816, -0.07733979600323047, -0.025743788522599113]]	0.45789341608504447	[[-0.48470672549326205, -0.0831625265477381, -0.2839346260205], [-0.08316252654773809, -0.484706725493262, 0.28393462602050007], [-0.2839346260205, 0.28393462602050007, 0.4015441989455239]]
9	[[-0.5981897663743452, -0.7419171441245457, 0.3028662322859456], [0.7115509511219108, -0.6655993255599615, -0.22510615667197656], [0.3685976768273374, 0.0808485563767378, 0.9260665546111073]]	0.5947773897117461	0.405222610288254	[[-0.35578974779641104, -0.4412755423647895, 0.18013798707086587], [0.4232144173552015, -0.3958834294504536, -0.1338880522734017], [0.2192335640771773, 0.04808689332371876, 0.5508034480509448]]	0.737888922047313	0.3679910125738643	[[-0.40761940683109693, -0.5700273874881432, 0.1475508616198346], [0.46202174559382736, -0.5706582543207465, -0.1466586811595372], [0.19228826330291277, 0.038653039264462244, 0.6144830658668062]]	[[0.033778195058602134, -0.022574945761661157, -0.07593077604617292], [-0.06302381871126084, -0.07951988546788814, 0.019444658133361277], [-0.0796958791203551, -0.021004214849449997, -0.06885118585925297]]	0.394803777678934	[[-0.5855551255005801, -0.58555512550058, 0.0], [0.58555512550058, -0.5855551255005801, 0.0], [0.0, 0.0, 0.8281000000000001]]
9	[[0.2716390998961424, -0.9623667677143403, 0.0078996080071079], [-0.8358745486248621, -0.23185104168470852, 0.4975528448626315], [-0.4769967907321766, -0.14175788820650492, -0.8673976958480093]]	0.560189144954994	0.43981085504506634	[[0.1521692751071697, -0.5391074167389668, 0.004425274654961064], [-0.4682478486837817, -0.1298804367982539, 0.2787237027334852], [-0.2672084243465848, -0.0794112301850407, -0.4859067735730817]]	0.6599351376250477	0.4685082382288624	[[0.19590117772946491, -0.6617825805334331, 0.02627521634940073], [-0.4731670838484059, -0.15874241045334533, 0.21489071295732598], [-0.21489071305809582, -0.02627521629964097, -0.5280367923445577]]	[[0.016636990955160205, -0.02668293523609794, 0.021061987452046006], [0.07845590143561706, -0.005735761350636446, -0.11346189219282884], [0.09989622968044935, 0.06727579516335505, 0.04438942544054757]]	0.5182493619223991	[[-1.133884193788368e-16, -0.5678692520410001, 0.0], [-0.4015441989455239, 7.610343743702774e-17, 0.40154419894552384], [-0.40154419894552384, 6.304615185925845e-17, -0.4015441989455239]]
9	[[0.9008474576716361, -0.4254042240105299, 0.08663200448188091], [-0.049446002604253164, -0.2987906365719553, -0.9530368557004423], [0.4313107358193278, 0.8542572222058906, -0.2901993237002208]]	0.5907792991120426	0.4092207008879607	[[0.532202029650113, -0.2513200093002398, 0.051180394888478316], [-0.029211674762433713, -0.17651932285521982, -0.5630344456386555], [0.25480945420684387, 0.5046774829961944, -0.1714437530584068]]	0.6795675447186952	0.4070936158868381	[[0.5688399768738762, -0.26940687012547704, 0.01853264989854271], [0.013104562414726087, -0.16458404684943254, -0.6176870994014906], [0.2748349576067985, 0.5115232074813023, -0.1514794844335344]]	[[-0.04334671810211607, 0.01968403389832062, -0.0403396486812681], [0.04670646100065262, 0.038464372430706974, 0.029965816653283947], [-0.01826982014475593, -0.06900227557136787, 0.04573055745245043]]	0.48578888931374453	[[0.48489819942703033, -0.48489819942703044, 1.3692599852534328e-16], [8.698122765759671e-17, -8.698122765759673e-17, -0.6857496100000001], [0.48489819942703044, 0.48489819942703033, 0.0]]
9	[[0.15665500554066836, 0.7010445100749366, 0.6956980696630148], [0.9690588098128995, 0.026938980891129116, -0.2453554858415722], [-0.1907465133706504, 0.7126085083707178, -0.6751332323583257]]	0.5471856316373426	0.4528143683626575	[[0.08571936815592199, 0.3836014830512458, 0.3806759876774366], [0.5302550569412028, 0.01474062327457878, -0.13425499649590786], [-0.10437375140134017, 0.3899291367629754, -0.3694232041873514]]	0.6402556494742743	0.5026107943712843	[[0.08008905727029345, 0.3850724838425673, 0.3786713639319524], [0.670595874058053, 0.05164207046918376, -0.09314797371936717], [-0.09314797371414381, 0.37867136392630646, -0.32509848385523027]]	[[-0.020210195045543153, -0.06377522426583578, -0.06675325549813978], [0.050150496402527917, 0.034394235762558775, 0.06394226222020469], [0.02897855908893529, -0.07758025942148129, 0.10715938231001594]]	0.4711183630512836	[[1.133884193788368e-16, 0.4015441989455239, 0.40154419894552384], [0.5678692520410001, -7.202915462325586e-17, -7.202915462325585e-17], [0.0, 0.40154419894552384, -0.4015441989455239]]
9	[[0.6069875784705717, -0.6928697567511047, 0.38922690010082395], [0.12403339438257666, 0.5663640199931965, 0.8147683805444849], [-0.7849724814669417, -0.44627715271657287, 0.4297149128233985]]	0.5654542925474068	0.4345457074525934	[[0.34322373176914067, -0.39178617813118966, 0.2200900214369314], [0.07013521527285341, 0.32025296624955796, 0.460714278210778], [-0.44386605917707184, -0.2523493316694208, 0.24298414202762533]]	0.6785646698156325	0.4177010243173583	[[0.35575893678616255, -0.45473215574914183, 0.23237894778158996], [0.09052459678320667, 0.378162006736962, 0.4938057890566602], [-0.4582316896491094, -0.3182624210580269, 0.26142684131351124]]	[[-0.056121388980911256, 0.015424781965909153, -0.03173667516868807], [0.006359917477881411, -0.0061526074851758344, -0.05906724806372645], [0.07442290305186422, -0.015434512278644855, -0.030162516621351186]]	0.5131974191570386	[[0.48489819942703044, -0.48489819942703033, 0.0], [0.34287480500000006, 0.3428748050000001, 0.48489819942703033], [-0.342874805, -0.34287480500000006, 0.48489819942703044]]
9	[[-0.3892204033068475, 0.16341442670440054, -0.9065336192301567], [0.7573193366333747, 0.6170095977865081, -0.21393124736820557], [0.5243804916383139, -0.7698018455318246, -0.3639096297227603]]	0.541843391781704	0.4581566082183018	[[-0.21089650347842648, 0.08854502723157597, -0.49119925100781126], [0.41034847802329394, 0.3343225732265024, -0.11591723268207611], [0.28413210417346596, -0.41711204298278354, -0.19718202807100468]]	0.6635660778245597	0.44172930923117787	[[-0.20049029353218126, 0.07522210173253366, -0.5290996200566334], [0.5114350444346883, 0.45338967095922755, -0.10423112290022143], [0.34796110611237446, -0.4151758738387256, -0.17930496934707912]]	[[0.05778316289943689, -0.03321416845565432, 0.0724453380720243], [0.008903622564182867, 0.043963032175925454, 0.037726395840014415], [-1.17754328316131e-11, 0.09563851750293517, 0.06217311633064077]]	0.4651588914088479	[[0.0, 0.0, -0.7535710000000001], [0.5328551642055278, 0.5328551642055279, 0.0], [0.5328551642055279, -0.5328551642055278, 0.0]]
9	[[0.011896673231499427, 0.9993644402235865, 0.03360334481298405], [0.8317252015093325, 0.008764640468321566, -0.5551183389618117], [-0.5550600493102371, 0.0345528102194082, -0.8310923203625807]]	0.554409235433872	0.4455907645662065	[[0.006595625510427505, 0.5540568752241591, 0.018630004705767707], [0.46111613305987037, 0.004859197620840214, -0.3077627338790665], [-0.3077304175580459, 0.01915639709588539, -0.4607652579071799]]	0.654518328377702	0.4645599208564439	[[1.3516262173739148e-10, 0.7315692759242735, 1.263644531132327e-10], [0.5091074045930737, 4.681242184434379e-11, -0.22246187146398477], [-0.22246187151821997, 1.3162376890783032e-10, -0.5091074045662793]]	[[-0.0077865905415740455, 0.07746693306901399, -0.021994004948529388], [-0.035271983968422085, -0.005736617781345073, 0.1408732558051065], [0.14083510410556116, -0.02261544745393513, 0.034857751684982306]]	0.4575543474282511	[[-1.133884193788368e-16, 0.5678692520410001, 0.0], [0.4015441989455239, 7.610343743702774e-17, -0.40154419894552384], [-0.40154419894552384, -6.304615185925845e-17, -0.4015441989455239]]
9	[[0.2973838978430522, -0.6779765432739062, -0.6722429799365989], [0.21009501085824506, -0.6403704890576759, 0.7387731202179104], [-0.931355412136606, -0.3609341262812347, -0.047996382878866456]]	0.6276783767194926	0.3723216232805075	[[0.18666144226064232, -0.4255512161360584, -0.4219523824076787], [0.13187209537236738, -0.4019467090707897, 0.4637119128623728], [-0.584591653238819, -0.22655054648687378, -0.030126291693814145]]	0.7286233018496749	0.3369546267727071	[[0.1508777885477431, -0.44936570515013613, -0.5113723079297658], [0.15087778848999536, -0.4488766816913518, 0.5118613314232254], [-0.6352965145309303, -0.21337341479903205, -2.349829739495759e-11]]	[[-0.06580304901558805, 0.04462380238672676, -0.021560408243096862], [-0.002202332023682506, 0.017712178452943025, -0.026425978747734762], [0.04331074105560796, 0.049611600042228546, 0.03497128294654261]]	0.4065004091319171	[[0.0, -0.5328551642055278, -0.5328551642055279], [0.0, -0.5328551642055279, 0.5328551642055278], [-0.7535710000000001, 0.0, 0.0]]
9	[[-0.497660567830157, -0.331663200144824, 0.8014570986002058], [0.5168745496181553, -0.8554231213464026, -0.033045172461446226], [0.6965448005577205, 0.39780749758604605, 0.5971386235040682]]	0.5529543944233852	0.447045605576615	[[-0.2751835979129224, -0.18339462398860468, 0.4431692246127989], [0.2858080535769647, -0.4730099740398618, -0.01827247332703405], [0.38515750838115337, 0.21996940392477554, 0.3301904259465066]]	0.7061006785319572	0.4296712032135409	[[-0.2091097118998551, -0.1432830444487486, 0.58221227867], [0.40084196976689157, -0.6749726549454548, -0.023333218676851175], [0.47552787877009606, 0.2808921439643062, 0.25879455683495606]]	[[0.14228875272361785, 0.09090456621759216, 0.01630287753414102], [0.0358764995656122, -0.07095780853083569, 2.038074252709477e-11], [-0.016302877531617237, -6.300721867499305e-12, -0.16284543039890528]]	0.46060296994878086	[[-0.2839346260205, -0.0831625265477381, 0.48470672549326205], [0.28393462602050007, -0.484706725493262, 0.08316252654773809], [0.4015441989455239, 0.28393462602050007, 0.2839346260205]]
9	[[0.3165442381789233, -0.7577804397575791, -0.5705861463412293], [-0.23983098085954807, -0.6459091038519906, 0.7247637754338064], [-0.9177585989222176, -0.09257556201248784, -0.3861980313548994]]	0.5414342893033256	0.4585657106966743	[[0.17138790463146808, -0.4102883138481068, -0.308934904630587], [-0.12985271667460896, -0.34971733659865045, 0.3924119596647981], [-0.49690597475946663, -0.05012358362508724, -0.2091008566369835]]	0.6888887342949455	0.42346300946412124	[[0.1511248828067666, -0.5508309362876993, -0.3408804676204161], [-0.13755330194804266, -0.488030326331035, 0.4228741912023463], [-0.5544749472466135, -0.00959655694165976, -0.20412630192215886]]	[[-0.06693887678066959, -0.028804528269633787, 0.05218990053882415], [0.027663558901006455, -0.04307082130885472, -0.07640740871907516], [0.07775861235321554, 0.05417770479976621, 0.061921171085117487]]	0.4377749071930358	[[0.0, -0.5328551642055278, -0.5328551642055279], [0.0, -0.5328551642055279, 0.5328551642055278], [-0.7535710000000001, 0.0, 0.0]]
9	[[0.39159002759377715, 0.2136607185654068, -0.8949895796215835], [0.9173475615466772, -0.1663710136628364, 0.36165472088328326], [-0.07162891604282473, -0.9626368906056502, -0.2611503690053217]]	0.5595827997865905	0.44041720021340963	[[0.2191270440094339, 0.11956086309924514, -0.5008207747444693], [0.5133319168676911, -0.09309835762878312, 0.20237576126790566], [-0.04008230938492253, -0.538675046422968, -0.14613525465329938]]	0.6334367263356994	0.48781243391074713	[[0.1739484164558983, 0.04853392616918158, -0.5166260103640385], [0.5334375397923452, -0.0923531196632827, 0.1204038332334813], [0.03172239590361894, -0.6053074465634365, -0.1255963764248281]]	[[-0.07409908868881002, -0.08680661994542284, 0.05029325905602123], [-0.047644096505818294, 0.013032390588456375, -0.10868154922667675], [0.07709478199276047, 0.004462114071783399, 0.03982585839926279]]	0.50305544184122	[[0.0, 0.0, -0.6857496100000001], [0.6857496100000001, -1.2301003182523503e-16, 0.0], [-1.3692599852534328e-16, -0.6857496100000001, 0.0]]
9	[[0.2943250136427136, 0.18032690162771614, -0.9385387551367095], [0.05363968514426791, -0.9836066795264454, -0.1721647007042514], [-0.9541989155945632, 0.00032945456234623194, -0.29917272759703717]]	0.5829929176571638	0.4170070823428384	[[0.17158939844304935, 0.1051293065120191, -0.5471614471914737], [0.031271556544466936, -0.573435727924198, -0.10037080118114403], [-0.5562912098277741, 0.0001920696765368611, -0.17441558134524918]]	0.7516793207813817	0.37731244169115435	[[0.19293110662700114, 0.123037491300307, -0.5862918978188203], [0.03874126098868298, -0.77922300444691, -0.08429623031310572], [-0.6212085396702938, -1.3948508837743377e-12, -0.20897826235332467]]	[[-0.028306919716924624, -0.012510511633825702, 0.11918827616934496], [-0.001578581107487504, -0.03986620366444183, 0.045116414974795856], [0.09604305309415832, -0.0002476441830476031, 0.01590369032312951]]	0.36324764768898865	[[0.0, 0.0, -0.8281000000000001], [0.0, -0.8281000000000001, 0.0], [-0.8281000000000001, 0.0, 0.0]]
9	[[0.34438500917845144, -0.9365203313506948, 0.06579235837042641], [0.28308685107610987, 0.17040524526154976, 0.9438346715051124], [-0.8951317222626903, -0.30641756045327384, 0.32380160352427834]]	0.5783844241308179	0.42161557586918214	[[0.1991869252129649, -0.5416687725350742, 0.03805327530828753], [0.16373302533866232, 0.09855973964947223, 0.5458992729531846], [-0.5177302457021336, -0.17722714424633676, 0.1872818039870252]]	0.6776196922717095	0.4135788160070578	[[0.2145096957255268, -0.5968967847410014, -6.357204715124749e-13], [0.15168126048005337, 0.1516812604742792, 0.5968967847348454], [-0.5340683494925106, -0.15168126047889607, 0.21450969572826614]]	[[-0.018852368216965114, 0.037707833995055465, -0.0445821976334341], [-0.04014396443230732, 0.036211310618662534, -0.04266417492581845], [0.07249053268977895, 0.05595331254209927, -0.004904647208941313]]	0.5027058765371307	[[0.0, -0.6857496100000001, 1.3692599852534328e-16], [0.0, 1.2301003182523503e-16, 0.6857496100000001], [-0.6857496100000001, 0.0, 0.0]]
9	[[-0.10845513793664141, -0.6720147867879052, 0.7325528031436028], [-0.782694789624546, 0.5120379814051966, 0.35384455894231126], [-0.6128836344280466, -0.5349890016971353, -0.5815156220716438]]	0.5370727479914486	0.46292725200855134	[[-0.05824829896542359, -0.3609208282310678, 0.3934341470331736], [-0.42036404150224344, 0.2750016457492832, 0.1900402696329694], [-0.3291630977412576, -0.28732801328668234, -0.3123161931459745]]	0.6468610523273454	0.5299452594518972	[[1.2146814666476665e-11, -0.37836747879041727, 0.4507212371645439], [-0.48049208558998635, 0.34803811896509196, 0.12891680518783918], [-0.4014372081040878, -0.2310414119906853, -0.24945067361653112]]	[[0.07015540466815019, 0.056332713370743616, -0.023138639962273777], [0.025802689677677612, 0.016820691481756543, -0.09997145856988954], [-0.004986655383753723, 0.11502213663067963, 0.12670913362152308]]	0.4506595092391369	[[0.0, -0.40154419894552384, 0.4015441989455239], [-0.40154419894552384, 0.2839346260205001, 0.28393462602050007], [-0.4015441989455239, -0.28393462602050007, -0.2839346260205]]
9	[[-0.21241983037595796, 0.9040403184743173, 0.3709298023021392], [0.7675810831292289, -0.08054299284272853, 0.6358711403469227], [0.6047289446398354, 0.41979033918944697, -0.6768153179693851]]	0.552563954997575	0.44743604500242484	[[-0.1173755415924533, 0.4995400938534363, 0.20496243858653856], [0.4241376390752094, -0.04450515467251939, 0.35135947217891406], [0.3341514173516975, 0.2319610100922945, -0.3739837489001048]]	0.6574386729046949	0.4969614591370647	[[-0.17342467264940822, 0.588913923563444, 0.22787086797271486], [0.44344221654294946, -0.14883339930264822, 0.37334257499210705], [0.373342574999372, 0.22787086797066194, -0.2874062000400727]]	[[-0.03377166126839796, -0.005437143666649234, -0.015992728993604356], [-0.06119527209627921, -0.09588132097635252, -0.044703703655968846], [-0.02422961983169815, -0.04811553552425973, 0.15755836440728882]]	0.4551940921567258	[[-0.0831625265477382, 0.484706725493262, 0.2839346260205], [0.48470672549326205, -0.083162526547738, 0.28393462602050007], [0.2839346260205, 0.28393462602050007, -0.4015441989455239]]
9	[[-0.9655239015696506, 0.07817738312533667, 0.24829799086056714], [-0.2583680309547694, -0.17137329386372563, -0.9507245419840874], [-0.03177351221182961, -0.982099532083165, 0.18566354785943645]]	0.5755482854029765	0.4244517145970239	[[-0.5557056260640051, 0.04499485881507903, 0.14290748290880342], [-0.14870327721896076, -0.09863360544712774, -0.5471878800294713], [-0.018287190474748964, -0.5652457017855316, 0.106858336632332]]	0.6273938364602685	0.47429997281724345	[[-0.578413023233034, 0.012104219002969657, 0.21279332302834653], [-0.2178070546975025, -0.12174844360012792, -0.4848981993985797], [-0.017117950678015685, -0.5801305671009839, 0.10964422460500069]]	[[0.027350721566836322, -0.03694378932045955, 0.05701269395695847], [-0.055708544538104275, -0.01422989529613211, 0.11158051841374879], [0.002816555046381271, 0.03603262611850775, -0.0068399409773558465]]	0.4525328261410088	[[-0.6240321451000002, -1.119391289609639e-16, 1.246026586580624e-16], [-1.119391289609639e-16, -1.7915744048883698e-32, -0.6240321451000002], [1.246026586580624e-16, -0.6240321451000002, 0.0]]
9	[[-0.8098148069570111, 0.06315897562890704, -0.5832760257636909], [0.5634097413606913, 0.3609782514293012, -0.7431447808704055], [0.16361369677706578, -0.9304330420790907, -0.32790991512058765]]	0.5567962088095885	0.44320379119041214	[[-0.45090181435153187, 0.035166678182472724, -0.32476587983474675], [0.31370440799602356, 0.20099132185854957, -0.41378019658527443], [0.09109948607479161, -0.5180615903808097, -0.18257899757021726]]	0.6014521747244477	0.5223212825340613	[[-0.44166560280647255, -0.041399615640312235, -0.32925727373356817], [0.23692714021581773, 0.23866651477975787, -0.4522851112979583], [0.08349042283294356, -0.49125011585798234, -0.17232437422694946]]	[[0.04539927396188028, -0.07938671888568676, 0.021555360426636763], [-0.1019368739865088, 0.021555360429376138, -0.005319066708330128], [-0.014915390908328947, 0.06836086073597039, 0.02489775733603688]]	0.4915178021634524	[[-0.4412573614785976, -6.928148555962467e-17, -0.44125736147859773], [0.44125736147859773, 8.36301510297008e-17, -0.4412573614785976], [1.246026586580624e-16, -0.6240321451000002, 0.0]]
