9	[[0.4709175022496733, 0.19115318190370978, 0.8612184201020178], [0.8821529167293078, -0.0947858233539779, -0.46132621776469945], [-0.006552677384344174, 0.9769729314260427, -0.21326264014097962]]	0.6522535415006302	0.3477464584993715	[[0.30715760859698016, 0.12468033986581126, 0.5617327645171191], [0.5753873640817997, -0.06182438896668585, -0.30090165932411556], [-0.00427400703025023, 0.6372340544728915, -0.13910131230172698]]	0.732897047481322	0.3636676741987353	[[0.36360909964758864, 0.06425692865561002, 0.5639844665209379], [0.628241395170636, -0.06425692861734805, -0.29935217103127876], [-4.166916613818458e-12, 0.6879801956814923, -0.09087301996693595]]	[[0.018475052641524332, -0.07583867397827893, -0.06719997080835986], [-0.018285872927310213, 0.005211321461868482, 0.03875245189419475], [0.004802437903916528, -0.028040381229827036, 0.06542653933045967]]	0.40191240675534723	[[0.5289526489512272, -8.305045651191281e-17, 0.5289526489512273], [0.5289526489512273, -1.002507692361684e-16, -0.5289526489512272], [1.4936613440894277e-16, 0.7480520100000002, 0.0]]
9	[[0.2932727100912193, 0.7663848849828426, 0.5715289367876191], [0.00018149557078206424, 0.5977709472802035, -0.8016669268761718], [-0.9560288094901268, 0.235210762206075, 0.175170810260522]]	0.6647953321201295	0.33520466787991143	[[0.19496632870688582, 0.5094890941440426, 0.37994976934796654], [0.00012065740827124351, 0.39739533542893063, -0.5329444309023412], [-0.6355634899214001, 0.15636701677900444, 0.11645273698487528]]	0.7577640462425747	0.3136937646559521	[[0.15158336537384154, 0.5373169925507397, 0.44340713698269546], [-0.0074790210609366565, 0.4851000556808564, -0.561509871575989], [-0.6836704327750113, 0.14848545340780192, 0.09317658871571297]]	[[-0.07064815007740657, -0.043421918873009, 0.01032305729779244], [-0.0076165518790273605, 0.03213072394355233, 0.04596450267254912], [0.040773826228698726, -0.029748805481273295, -0.03956155325088993]]	0.3541826534718552	[[0.0, 0.5687662891948678, 0.5687662891948679], [0.0, 0.5687662891948679, -0.5687662891948678], [-0.8043570000000001, 0.0, 0.0]]
9	[[-0.010871777499557311, -0.0840287307277911, 0.9964040229075135], [0.9413747147740295, -0.3368748437119881, -0.018137972823285553], [0.33718756032528074, 0.9377923608594283, 0.08276495076773299]]	0.7114604519184221	0.2885395480815787	[[-0.007734839732991873, -0.05978311873772595, 0.7089020564311134], [0.6697508799977078, -0.2396731285472791, -0.012904450341739314], [0.23989561405029433, 0.6672021768626925, 0.05888398927621593]]	0.8062295856887665	0.263405118925147	[[-3.409618285863393e-11, -0.03075568901646983, 0.8033872336157148], [0.718521130012743, -0.2791356998473805, -8.904218277118402e-12], [0.2791356998152855, 0.6877654410080983, 0.030755689030898814]]	[[0.008765148635072226, 0.036990759744149955, 5.68310483702885e-05], [-0.04044301625740394, -0.007537234172496405, 0.014623370305647755], [0.007285112754828533, -0.06831050554968869, -0.03597186293612163]]	0.3719696779844831	[[0.0, 0.0, 0.8043570000000001], [0.8043570000000001, -1.4428587158635143e-16, 0.0], [1.6060874667628253e-16, 0.8043570000000001, 0.0]]
9	[[-0.7797112461789556, 0.3586263663473402, 0.5132616310835669], [0.12556441147624647, -0.7135152995487305, 0.6892963773882098], [0.6134198816085799, 0.6018995320403472, 0.511305194748623]]	0.6211671786994586	0.37883282130054186	[[-0.4843310349892212, 0.22276692819121643, 0.31882127931486176], [0.07799649122175811, -0.4432122855795839, 0.428168286029991], [0.381036297216957, 0.3738802341780268, 0.31760600527637967]]	0.720527743421998	0.39840065255917123	[[-0.5497492250802297, 0.24272499497596026, 0.3018798046606955], [0.1572742898488261, -0.5470032723657148, 0.46542919999983456], [0.3288030338477317, 0.4004307750394919, 0.3187402234247178]]	[[0.012054359649847548, -0.01567525149991958, -0.06793944016904095], [0.06680164779373485, -0.03289570368479755, -0.031227963348650804], [-0.11318300921788746, -0.033254536548296104, -0.0496693547474528]]	0.4206519409951253	[[-0.4254667658524623, 0.3008504353037851, 0.3008504353037852], [7.632039398183719e-17, -0.42546676585246235, 0.4254667658524623], [0.42546676585246235, 0.30085043530378514, 0.3008504353037851]]
9	[[0.312078085329446, 0.25026955923460475, -0.9165000907679297], [0.9493512559049828, -0.044986478459825396, 0.310979757648975], [0.036598655285933646, -0.9671304795508722, -0.25163301443761527]]	0.620933889996901	0.37906611000309925	[[0.19377985950639764, 0.15540085096335302, -0.569085966543044], [0.5894843683025247, -0.027933629067321147, 0.19309787062727163], [0.022725345395350406, -0.6005240908020908, -0.1562474665063948]]	0.6900595726767862	0.4153713385229697	[[0.15518218539890355, 0.09133306787508691, -0.6046783628088866], [0.6245874604837391, -0.03547246452093745, 0.11657211418010673], [0.07142397018357616, -0.6498265067748714, -0.10288863705417757]]	[[-0.06017028480532359, -0.08136783722435205, 0.02776129818466697], [-0.030521461486223308, -0.004429114418716837, -0.09802244449427552], [0.04616871775641973, 0.017551138666699106, 0.07075313336001467]]	0.4340691998574268	[[0.0, 0.0, -0.7480520100000002], [0.7480520100000002, -1.3418586057530684e-16, 0.0], [-1.4936613440894277e-16, -0.7480520100000002, 0.0]]
9	[[-0.3298322266022023, -0.8762827350930389, 0.35119691125136165], [0.9222848180711871, -0.37850758052406547, -0.0782478487960887], [0.201497932123461, 0.2980949172053785, 0.9330262609842703]]	0.6608252453438709	0.3391747546561291	[[-0.2179614620667155, -0.5790697534084557, 0.23207978504169077], [0.6094690911788196, -0.2501273647643308, -0.05170815387830549], [0.13315492043176877, 0.19698864679800515, 0.6165673078272051]]	0.7573737009874706	0.3607621745011774	[[-0.185252853864933, -0.6132236679629108, 0.17494208746804468], [0.7369264043213154, -0.30895559022611185, -5.547259757116754e-12], [0.12370273636283954, 0.12370273636562527, 0.689957912505442]]	[[0.06455340030171501, 0.05044983022592688, -0.09104521698176735], [0.03841213829418429, -0.02228390311278727, 0.05926286283145444], [-0.02890649823082827, -0.10206651432376602, -0.01669163989471599]]	0.500396363039307	[[1.7269757707127154e-16, -0.8649000000000001, 0.0], [0.8649000000000001, 1.5514609847994777e-16, 0.0], [0.0, 0.0, 0.8649000000000001]]
9	[[0.23507429571004806, 0.1639243119487907, -0.9580547455383437], [0.7224674736879957, -0.6888480443340972, 0.059406407734983124], [-0.6502159833157828, -0.7061283111228478, -0.2803604524027675]]	0.6393596899912044	0.3606403100087961	[[0.15029702883007726, 0.10480659726960037, -0.6125415851019967], [0.46191658000588565, -0.44042167207649585, 0.03798206243292987], [-0.415721889520105, -0.4514699780935166, -0.17925117193402737]]	0.7611865522757126	0.32188216904778505	[[0.08811038041529139, 0.08447834636489508, -0.6896174724000258], [0.5721115375227337, -0.5695433016225588, 0.0025682359065530825], [-0.48763319115669984, -0.49020142706560277, -0.11690218725366229]]	[[-0.09082501226488134, -0.04029863548157326, 0.03964091624769099], [0.02217901209482397, -0.04520143371402009, -0.04265112278032391], [0.007302471418003088, 0.04729394754226935, 0.0965044189052593]]	0.32646215891733177	[[0.0, 0.0, -0.8043570000000001], [0.5687662891948678, -0.5687662891948679, 0.0], [-0.5687662891948679, -0.5687662891948678, 0.0]]
9	[[0.388721369236936, 0.6072553768335828, 0.6929189017520486], [-0.1881814353775204, -0.6838834560027736, 0.704905075868346], [0.9019331707381749, -0.4044061398055253, -0.1515659249626253]]	0.6958235923660391	0.3041764076339612	[[0.27048149957189044, 0.42254261779193636, 0.4821493194354411], [-0.13094108238098368, -0.4758622431155518, 0.4904895821677682], [0.6275863789371287, -0.28139533297436314, -0.10546314638777536]]	0.7913526486219644	0.30778736337970936	[[0.28337894786727563, 0.45737609244072747, 0.5267291778573304], [-0.18063055145635984, -0.5414605580194173, 0.5267291778555763], [0.6336300809818457, -0.2686475677050874, -0.09728185763466222]]	[[-0.02423673725433023, -0.02317705840645727, -0.021614030324376053], [-0.03171267414887587, -0.00026757376287976577, -0.03109932095990585], [-0.08011712256181527, 0.051380302148999364, 0.02266023852534915]]	0.4025221496705544	[[0.40217849999999994, 0.40217850000000005, 0.5687662891948679], [-0.40217850000000005, -0.40217850000000016, 0.5687662891948678], [0.5687662891948679, -0.5687662891948678, 0.0]]
9	[[-0.2538643033432252, 0.48696402069590106, -0.8357146391177678], [-0.8713143736524561, 0.26000688613899875, 0.4161822694768838], [0.4199573523045962, 0.8338239992396379, 0.35829228366981253]]	0.6133137628385219	0.38668623716147826	[[-0.15569847113381322, 0.29866173589997913, -0.5125552899765553], [-0.534389097120078, 0.15946580170183652, 0.25525031371954354], [0.257565623973635, 0.5113957345187268, 0.21974558869353997]]	0.6866780671976507	0.44105098497660405	[[-0.20936133574641883, 0.3602300424851563, -0.4949246344880642], [-0.5590730365122804, 0.20936133576768867, 0.2960816404485927], [0.2960816404721314, 0.4949246344765206, 0.15086870673980027]]	[[-0.03503828659621472, 0.025842529958897957, 0.07894227863010703], [0.03923943350891962, 0.030820309735681506, 0.010298404042274256], [0.007706137486168344, -0.07764401770436906, -0.09516274610241898]]	0.512318878856405	[[-0.3008504353037851, 0.30085043530378514, -0.42546676585246235], [-0.5135838182300163, -0.08811705237755384, 0.30085043530378514], [0.08811705237755406, 0.5135838182300163, 0.3008504353037851]]
9	[[-0.7357259517984016, -0.6355984379310936, 0.23392723131326343], [-0.6762908134220847, 0.6707859050452003, -0.3044289823153933], [0.03657949604943121, -0.38217914031543476, -0.9233639830405582]]	0.6765925242775613	0.3234074757224388	[[-0.4977866789037916, -0.43004115154667333, 0.15827341593150196], [-0.4575733085989737, 0.45384872874434046, -0.2059743736080209], [0.02474941356888575, -0.2585795492722488, -0.624741168112395]]	0.7587760418243322	0.33995904964985807	[[-0.5994613474333588, -0.4551072987726376, 0.11150488064349191], [-0.5432047130226638, 0.4617835902117537, -0.15128432841282566], [0.02340746633766806, -0.18777547225267607, -0.6599908956738979]]	[[-0.041210121860328235, 0.02716956815044599, -0.065993498007311], [-0.030051446492096987, -0.047192683729996084, 0.07970908980505813], [-0.004348178886648291, 0.10221290310369566, 0.04063557254076655]]	0.3896457933018028	[[-0.6115766550482451, -0.611576655048245, 0.0], [-0.611576655048245, 0.6115766550482451, 0.0], [0.0, 0.0, -0.8649000000000001]]
9	[[0.5035622894699279, 0.5369873573117416, 0.6768083914308072], [0.7236893469787391, 0.16572605027924595, -0.6699317915492047], [-0.4719096838308055, 0.8271514095654997, -0.3051586406453477]]	0.6256307876229565	0.37436921237704374	[[0.31504407177828997, 0.33595582329851476, 0.4234321670006823], [0.45276233614465194, 0.10368331936584635, -0.41912995440058737], [-0.29524122718196677, 0.5174913878499019, -0.19091664069689965]]	0.704750561878319	0.40796492232012715	[[0.3882932507187638, 0.3480518233511324, 0.4764441023334951], [0.45608986722403344, 0.17295302124612114, -0.4086474860933451], [-0.3684060584607627, 0.4931126474268061, -0.12381355042881546]]	[[0.033407444274099314, -0.030390318435871186, -0.0005369918113275006], [-0.053930606684586754, 0.056157494193947874, 0.06348732042110589], [-0.035827443625182774, -0.08982277322292326, 0.09124717302801735]]	0.43159368706626	[[0.37402600500000005, 0.3740260050000001, 0.5289526489512273], [0.3740260050000001, 0.37402600500000016, -0.5289526489512272], [-0.5289526489512273, 0.5289526489512272, 0.0]]
9	[[-0.7789526709276531, -0.6132277320749256, -0.13108960702099365], [0.4894249346840115, -0.725216103161197, 0.48427764456480876], [-0.3920407756397623, 0.31307084235030797, 0.8650379632743539]]	0.6516907599866711	0.34830924001332914	[[-0.5076362581104894, -0.3996348467608109, -0.08542988562586536], [0.3189537076406506, -0.4726166334236922, 0.315599266230995], [-0.25548935102244075, 0.2040253751809396, 0.563737247703586]]	0.7075334648235614	0.413404610000801	[[-0.5450693381732535, -0.49529647967894436, -0.07890163933147366], [0.3204906078999047, -0.5119738801295729, 0.22202324664187723], [-0.14212374282946424, 0.15880114318243488, 0.6120433074401906]]	[[0.006065744021756098, -0.06141733767807812, 0.01384864452644913], [-0.025793911908119097, 0.00114078208591035, -0.12061939315365505], [0.13525822551105324, -0.06270695464090932, 8.07701573971714e-11]]	0.4040826803369761	[[-0.49192596352464135, -0.4919259635246413, 0.0], [0.3478441846500001, -0.34784418465000017, 0.4919259635246413], [-0.34784418465000005, 0.3478441846500001, 0.49192596352464135]]
9	[[-0.22702687951129652, -0.2600962815277815, 0.9385141023526418], [0.7861776675639859, -0.6177088015181534, 0.01898714171901844], [0.574789936414178, 0.742149419498815, 0.3447183896089062]]	0.6624282040856599	0.33757179591433994	[[-0.15038900807383945, -0.17229511266180658, 0.621698211330526], [0.5207862604166643, -0.40918773203757597, 0.012577618189649326], [0.38075706530535486, 0.49162070712181566, 0.2283511837439283]]	0.7638320421791718	0.32526393123131225	[[-0.09683252662138021, -0.1274504297765388, 0.692312208758983], [0.6365545789574131, -0.5391359083789798, -3.223834752712568e-11], [0.4423033818308872, 0.5091041492851939, 0.16755977561520205]]	[[0.07657787838529809, 0.07121944410603498, -0.024554934654986874], [0.03604688562635619, -0.06731013304332008, -0.014502987266622561], [0.0032604108756094322, -0.05777335741267329, -0.09574717589648439]]	0.370455943204852	[[0.0, 0.0, 0.8649000000000001], [0.611576655048245, -0.6115766550482451, 0.0], [0.6115766550482451, 0.611576655048245, 0.0]]
9	[[-0.7099649817244492, 0.17004561671924806, -0.6833990144561036], [-0.6966343129430994, -0.02737173477805739, 0.7169040536679481], [0.1032005753632168, 0.9850559762621669, 0.13789258455366898]]	0.6478166350479969	0.35218336495218516	[[-0.45992712546256886, 0.11015837922762868, -0.4427172499399711], [-0.4512912964699102, -0.017731865119361256, 0.4644223716995331], [0.06685504946689541, 0.6381356478760363, 0.08932911012366918]]	0.6595558214049498	0.3461536727640582	[[-0.47996705222961433, 0.09052394943303131, -0.47159916312897016], [-0.4742408512508261, -0.006377599255096474, 0.47969723424119626], [0.06117762026165139, 0.6496994035943718, 0.06447070663420605]]	[[-0.011705515539595542, -0.021630626978543392, -0.02085936480204118], [-0.014771634758767561, 0.011675587759723556, 0.006858992255694681], [-0.006888919991498462, 4.092239343692616e-11, -0.02647715023674056]]	0.3370319589421714	[[-0.4919259635246413, 7.723692455607891e-17, -0.49192596352464135], [-0.49192596352464135, 9.323321538963662e-17, 0.4919259635246413], [1.3891050500031678e-16, 0.6956883693000002, 0.0]]
9	[[-0.04368688083802902, -0.7928421645001731, 0.6078591601952907], [-0.07099332237196321, 0.6093655773994191, 0.7897047177643444], [-0.9965196458782106, -0.008654205414294847, -0.08290778074109101]]	0.7152903766169807	0.28470962338302014	[[-0.031248805447855126, -0.5671123704431512, 0.4347958076261709], [-0.05078084029673082, 0.43587333335545425, 0.5648681849858632], [-0.7128009128064471, -0.006190269850112291, -0.059303137710774584]]	0.7966716914585069	0.2512289671596513	[[-0.0006592923887119522, -0.5949119685226626, 0.48816760290009337], [-0.013324964052405373, 0.48882689529617923, 0.581587004533972], [-0.7837926464155972, 8.329454892138374e-12, -0.013598051881583282]]	[[0.034144808863065236, 0.03672293972931473, 0.003903417578760928], [0.04323340616392625, 0.003362590032796889, -0.0475483887201099], [0.01010634543782963, 0.006894560473968547, 0.052452230036491215]]	0.23952852821512322	[[0.0, -0.5687662891948678, 0.5687662891948679], [0.0, 0.5687662891948679, 0.5687662891948678], [-0.8043570000000001, 0.0, 0.0]]
9	[[-0.09570001472736311, 0.5345101365068197, -0.8397263966034669], [0.9941363825171496, 0.008658117471247562, -0.10778631618888002], [-0.05034242879418521, -0.8451177142702161, -0.5322045554951473]]	0.6125718775713975	0.38742812242860397	[[-0.058623137705151415, 0.3274258779009289, -0.5143927754136486], [0.6089799904005658, 0.005303719275598981, -0.06602686608432343], [-0.030838356127961583, -0.517695344999355, -0.3260135438117111]]	0.6764976357287263	0.4489419926607552	[[-0.040828018420351955, 0.2918761738825346, -0.47178995736637874], [0.7477977639833562, 0.01838675825645366, -0.015868367244114508], [-0.015868367239942137, -0.4717899573473407, -0.2929193255985638]]	[[0.02391281528191345, -0.0697186697373676, 0.09628296459486958], [0.07526685161859574, 0.01252956225729313, 0.05704882082157173], [0.01818816681616586, 0.0999301782689255, 0.0671157979179611]]	0.40444555900876655	[[1.291867696502946e-16, 0.4574911460779164, -0.45749114607791636], [0.6469901834490002, -8.206493976541634e-17, 8.206493976541632e-17], [0.0, -0.45749114607791636, -0.4574911460779164]]
9	[[-0.20892554660170207, -0.8722728212278597, 0.4421427838655412], [-0.9769286190798419, 0.16569047850232185, -0.13474842691632785], [0.04427854107729115, -0.4600943280250934, -0.8867652564908058]]	0.6255760190744373	0.3744239809255637	[[-0.1306988117260437, -0.5456729590505521, 0.2765939225930947], [-0.6111431164438538, 0.10365198994002103, -0.0842953844868591], [0.02769959345755567, -0.28782397812466676, -0.5547390790090402]]	0.7100876539851603	0.40603343098216693	[[-0.13384444393423434, -0.5502409808029077, 0.2291270130190852], [-0.7460184276048957, 0.08668103513844674, -0.033349566184496825], [0.0333495661979161, -0.2291270129896448, -0.5723315985660153]]	[[0.014511007309735528, 0.06914918045780068, -0.08483311910246473], [-0.052313476371528625, -0.030973728028945713, 0.06233362816270921], [0.0019079208424568348, 0.09758028900957257, 0.057349462051089775]]	0.4647724367152629	[[-1.291867696502946e-16, -0.4574911460779164, 0.45749114607791636], [-0.6469901834490002, 8.206493976541634e-17, -8.206493976541632e-17], [0.0, -0.45749114607791636, -0.4574911460779164]]
9	[[-0.3901123425915053, -0.19274962118636868, 0.9003665607352815], [0.8924450663689159, 0.1615093954769425, 0.42125588267281683], [-0.22661457073972407, 0.9678648142716957, 0.10901163985220427]]	0.6673983751230798	0.33260162487692096	[[-0.260360343561029, -0.12864078398537168, 0.6009031796498827], [0.5956163871812227, 0.10779110810842217, 0.2811454916068767], [-0.1512421962909061, 0.6459514043837309, 0.07275419130686334]]	0.7425886725693532	0.3347451840921616	[[-0.26366037690278593, -0.12060700420773225, 0.6410690269421818], [0.591111970077031, 0.12060700422451535, 0.31361743375547074], [-0.17056406107221955, 0.7003236740375505, 2.2809393764329037e-11]]	[[0.02603262973516101, 0.02252668112729894, -0.02753298222006494], [-0.07160762709893063, 0.0006719566298138452, 0.0007975870294323084], [-0.0022826478017340156, -0.01840177361905199, -0.08095080890964744]]	0.45401846733924556	[[-0.5289526489512272, 8.305045651191281e-17, 0.5289526489512273], [0.5289526489512273, -1.002507692361684e-16, 0.5289526489512272], [1.4936613440894277e-16, 0.7480520100000002, 0.0]]
9	[[-0.8451655046892217, 0.03102096411427288, 0.5336037569853065], [0.3597306106374598, 0.7713925264558512, 0.5249261451846907], [-0.3953342351148118, 0.635603075758354, -0.6631135442989435]]	0.6137969314182742	0.3862030685817261	[[-0.5187599933188224, 0.019040572582977505, 0.3275243486308439], [0.22080154494649437, 0.4734783656575916, 0.32219805713558625], [-0.2426549403980616, 0.39013121750049395, -0.40701705867258686]]	0.6909123981149453	0.45996888337367187	[[-0.6293931406320694, -0.0705313877714745, 0.3096135088855497], [0.2534313530596672, 0.5767018452046757, 0.2175420757322075], [-0.16485078015074744, 0.3314389582374025, -0.4410661225133151]]	[[-0.04545781498321154, -0.0919641564795044, -0.05905994249631278], [0.004889014188786029, 0.04373718486311708, -0.14513590607058113], [0.10829054428936494, -0.10770708708403748, 0.017087246600769428]]	0.4030029221791023	[[-0.5522406647634583, -0.09474951868554186, 0.32349509172450003], [0.09474951868554185, 0.5522406647634582, 0.3234950917245001], [-0.32349509172450003, 0.3234950917245001, -0.4574911460779164]]
9	[[-0.6282958732607286, -0.7138118081737849, -0.3093816383614419], [-0.5738327107911779, 0.1566825842932765, 0.8038448779492399], [-0.5253192511888238, 0.6825857237672436, -0.5080515860024072]]	0.6057948084497689	0.39420519155023126	[[-0.3806183781917646, -0.4324234876018217, -0.18742179034904513], [-0.3476248771159536, 0.09491749613935951, 0.48696505386058797], [-0.31823567514890905, 0.4135068877801233, -0.30777501322492934]]	0.646115241776546	0.48204595442094805	[[-0.47900465945825754, -0.4007418548835769, -0.2884345915836701], [-0.37347850124141413, 0.0401886518625747, 0.3903162072725472], [-0.31569794537774065, 0.36305285385280767, -0.31436203199568785]]	[[-0.07305311939919627, 0.06046283413758189, -0.08853839951254298], [-0.0027164405692814645, -0.061046353970249774, -0.12906022039446405], [0.02371882961400044, -0.07797618609228343, 0.013897841329214863]]	0.447022272063189	[[-0.49192596352464135, -0.4919259635246413, 0.0], [-0.3478441846500001, 0.34784418465000017, 0.4919259635246413], [-0.34784418465000005, 0.3478441846500001, -0.49192596352464135]]
9	[[0.2716390998961424, -0.9623667677143403, 0.0078996080071079], [-0.8358745486248621, -0.23185104168470852, 0.4975528448626315], [-0.4769967907321766, -0.14175788820650492, -0.8673976958480093]]	0.6240684688640168	0.37593153113599864	[[0.16952139715578746, -0.6005827552130948, 0.004929896273616357], [-0.5216429497227139, -0.14469092458869595, 0.310507042072348], [-0.29767865684529254, -0.08846662824243332, -0.5413155519440563]]	0.6965274971064962	0.43304131029073184	[[0.21285432255864917, -0.7045681118340414, 0.02998204102148379], [-0.5054941844226538, -0.17045331351657778, 0.229055968434415], [-0.22905596844213733, -0.029982041025723806, -0.5636792906213407]]	[[0.02365022019172753, -0.034253195819503514, 0.024479746828170498], [0.07671542282604339, -0.008962687750393895, -0.11750326927597038], [0.10318541233437671, 0.06875622604185555, 0.04048705546361542]]	0.4667599259094168	[[1.291867696502946e-16, -0.6469901834490002, 0.0], [-0.4574911460779164, -8.670689031236206e-17, 0.45749114607791636], [-0.45749114607791636, -7.183033983715339e-17, -0.4574911460779164]]
9	[[-0.9329322773960255, -0.042925561482400815, -0.35748393245583304], [-0.169270649991114, -0.8240132564325088, 0.5406936288463909], [-0.3177810769134181, 0.5649420761413629, 0.7614825262347359]]	0.6491787021286011	0.3508212978713989	[[-0.6056397650138322, -0.0278663602912864, -0.23207095530350633], [-0.1098869008696961, -0.5349318563476196, 0.35100678822370396], [-0.2062967070716817, 0.36674836376728737, 0.4943382380746742]]	0.7209070202132943	0.386301809147062	[[-0.6993770217049335, -0.07163134459014764, -0.15590970789917807], [-0.14885827874953125, -0.6432086888651555, 0.29151205887504467], [-0.15590970785038255, 0.29151205895434795, 0.5489580989295427]]	[[-0.026819593546562732, -0.0406860059708874, 0.10180296862168711], [-0.026829878854869853, -0.04917174755414168, -0.0982777739449198], [0.07318090138744131, -0.11575864974983432, -2.8327551555789905e-12]]	0.38825258386921063	[[-0.5522406647634583, -0.09474951868554186, -0.32349509172450003], [-0.09474951868554185, -0.5522406647634582, 0.3234950917245001], [-0.32349509172450003, 0.3234950917245001, 0.4574911460779164]]
9	[[0.6069875784705717, -0.6928697567511047, 0.38922690010082395], [0.12403339438257666, 0.5663640199931965, 0.8147683805444849], [-0.7849724814669417, -0.44627715271657287, 0.4297149128233985]]	0.62433272435688	0.3756672756431201	[[0.3789622085173173, -0.4325812628569059, 0.24300709093293077], [0.07743810702610558, 0.3535995915800669, 0.5086865627451815], [-0.4900840078994363, -0.2786254305737696, 0.26828508221981145]]	0.7270694644343325	0.3668033328352195	[[0.39064078238181693, -0.49907394210409767, 0.23636042325327805], [0.12180287892467304, 0.4111525097301304, 0.5365429700900685], [-0.4935360230874673, -0.3401883779917366, 0.3001825468468441]]	[[-0.05068135121507434, 0.004690500859674271, -0.04663457054646347], [0.03162198529896075, -0.0006334749611983017, -0.05585023999043854], [0.07719349860839095, -0.015713887576819453, -0.012250044679110363]]	0.4770635419566313	[[0.39568409224278994, -0.2797909048325203, 0.27979090483252006], [7.097796640310859e-17, 0.3956840922427899, 0.39568409224279005], [-0.39568409224279, -0.27979090483252017, 0.2797909048325201]]
9	[[-0.5981897663743452, -0.7419171441245457, 0.3028662322859456], [0.7115509511219108, -0.6655993255599615, -0.22510615667197656], [0.3685976768273374, 0.0808485563767378, 0.9260665546111073]]	0.6548854081995197	0.34511459180048026	[[-0.391745749332838, -0.48587071178022495, 0.19834267616043177], [0.4659843350802294, -0.4358912860166606, -0.14741873730035265], [0.24138924005046541, 0.05294653984512175, 0.6064674736364183]]	0.7652758904258388	0.33074303031148117	[[-0.43371309742043485, -0.6088157893152865, 0.13612368676083408], [0.5016564790560468, -0.5818342216658539, -0.1361236866949183], [0.1805105264044816, 0.028964376434319046, 0.669308888641572]]	[[0.024067108685317192, -0.041044486223179716, -0.09565253883171185], [-0.04287630864712563, -0.07246710513111647, 0.03614462779256719], [-0.10156838893845462, -0.03290707453653263, -0.039387518532031804]]	0.387538366455554	[[-0.6115766550482451, -0.611576655048245, 0.0], [0.611576655048245, -0.6115766550482451, 0.0], [0.0, 0.0, 0.8649000000000001]]
9	[[0.9008474576716361, -0.4254042240105299, 0.08663200448188091], [-0.049446002604253164, -0.2987906365719553, -0.9530368557004423], [0.4313107358193278, 0.8542572222058906, -0.2901993237002208]]	0.6451393311792041	0.3548606688207983	[[0.5811721263367635, -0.27444499655896165, 0.05588971343015376], [-0.03189956104959303, -0.1927615914406409, -0.6148415596757157], [0.2782555196368905, 0.551114932988914, -0.18721899760061758]]	0.7294289593597879	0.3571607070977016	[[0.6236824921889317, -0.29678229686274366, 0.004562755158225258], [0.0032263551111418845, -0.20554558218377988, -0.6628103768386554], [0.29811869690854526, 0.5412155244519663, -0.20231922707086367]]	[[-0.033421731402400665, 0.01351986356451507, -0.05862913771824563], [0.03929370133526358, 0.012400960917350087, 0.032362305046442295], [-0.01649184428085129, -0.08190443216725915, 0.009360563622702956]]	0.46171827681843347	[[0.5289526489512272, -0.5289526489512273, 1.4936613440894277e-16], [9.488373195215207e-17, -9.488373195215208e-17, -0.7480520100000002], [0.5289526489512273, 0.5289526489512272, 0.0]]
9	[[0.15665500554066836, 0.7010445100749366, 0.6956980696630148], [0.9690588098128995, 0.026938980891129116, -0.2453554858415722], [-0.1907465133706504, 0.7126085083707178, -0.6751332323583257]]	0.6168198167566511	0.3831801832433495	[[0.09662791181160713, 0.43241814624267866, 0.4291203558474972], [0.5977346774952104, 0.016616497256877253, -0.15134012581703796], [-0.11765622942425466, 0.4395510495524566, -0.41643555666958804]]	0.6764172229097576	0.46706071751556605	[[0.08591082292526585, 0.4286746893289483, 0.38830762909201477], [0.7199823065337291, 0.0512679095016664, -0.09700001196987634], [-0.09700001186400664, 0.38830762906575145, -0.3672601055020261]]	[[-0.020053320877465593, -0.04552389131207097, -0.08227452717312068], [0.06449423756385225, 0.03304591885926979, 0.06896266438875416], [0.03202421498988761, -0.09371303918823408, 0.0894116406238808]]	0.40587931800994687	[[1.291867696502946e-16, 0.4574911460779164, 0.45749114607791636], [0.6469901834490002, -8.206493976541634e-17, -8.206493976541632e-17], [0.0, 0.45749114607791636, -0.4574911460779164]]
9	[[-0.497660567830157, -0.331663200144824, 0.8014570986002058], [0.5168745496181553, -0.8554231213464026, -0.033045172461446226], [0.6965448005577205, 0.39780749758604605, 0.5971386235040682]]	0.6250544297660079	0.3749455702339926	[[-0.3110649424421062, -0.20730755244089383, 0.5009543097474699], [0.3230747268721362, -0.5346860113218335, -0.02065503142940755], [0.435378413119085, 0.2486513385602895, 0.37324414180559473]]	0.7275117792521942	0.40876845039488	[[-0.22006192141635747, -0.15223919066195887, 0.5998667092729824], [0.4176080788131517, -0.7000512325577454, -0.024040752209326204], [0.4899473167648134, 0.28940964036571537, 0.273163453335676]]	[[0.1419920037494174, 0.0890496941878787, 0.01679722947604533], [0.041575755570271156, -0.07772083553355841, 3.795947562198447e-12], [-0.01679723041779864, -2.9719802769285754e-12, -0.16126192910997467]]	0.3918871467098525	[[-0.32349509172450003, -0.09474951868554186, 0.5522406647634583], [0.3234950917245001, -0.5522406647634582, 0.09474951868554185], [0.4574911460779164, 0.3234950917245001, 0.32349509172450003]]
9	[[0.3165442381789233, -0.7577804397575791, -0.5705861463412293], [-0.23983098085954807, -0.6459091038519906, 0.7247637754338064], [-0.9177585989222176, -0.09257556201248784, -0.3861980313548994]]	0.6083923549225297	0.39160764507747015	[[0.1925830945028332, -0.4610278262583443, -0.347140249258712], [-0.14591133522852057, -0.39296616075841373, 0.44094074009871703], [-0.5583573152486895, -0.05632226418105413, -0.23495992976245236]]	0.722067137408884	0.39289143382445435	[[0.14676866178037173, -0.5508790284899018, -0.378770068498835], [-0.1261777210739837, -0.5055991154849435, 0.47283979581473695], [-0.6290801692745829, -0.04813848841900884, -0.1594237436019352]]	[[-0.0817975301447594, -0.0037106755697013777, 0.033231436834943444], [0.04699634873723524, -0.039209377840199164, -0.05048830881040683], [0.033603155081570725, 0.018707282637366877, 0.11943716337144325]]	0.42192294199109315	[[0.0, -0.5687662891948678, -0.5687662891948679], [0.0, -0.5687662891948679, 0.5687662891948678], [-0.8043570000000001, 0.0, 0.0]]
9	[[-0.3892204033068475, 0.16341442670440054, -0.9065336192301567], [0.7573193366333747, 0.6170095977865081, -0.21393124736820557], [0.5243804916383139, -0.7698018455318246, -0.3639096297227603]]	0.6067381824816882	0.3932618175183128	[[-0.23615488008718652, 0.09914977224991516, -0.5500285604902511], [0.45949455786717125, 0.374363281934743, -0.12980025620422486], [0.31816166642548527, -0.46706817262902955, -0.22079786732557172]]	0.7007091526887489	0.4067920328490103	[[-0.21631387164368313, 0.06542411140098622, -0.5570169290263143], [0.5614575585589507, 0.4643250841476499, -0.10823917732559146], [0.35534593283677907, -0.4533828642468597, -0.1976748337330716]]	[[0.05641642736663114, -0.04908187307217182, 0.0781994751883137], [0.03079696787177358, 0.031980811681840395, 0.0416644057514309], [-0.01209227714561344, 0.08602433467398066, 0.05731997456524036]]	0.45211864313358474	[[0.0, 0.0, -0.8043570000000001], [0.5687662891948678, 0.5687662891948679, 0.0], [0.5687662891948679, -0.5687662891948678, 0.0]]
9	[[0.011896673231499427, 0.9993644402235865, 0.03360334481298405], [0.8317252015093325, 0.008764640468321566, -0.5551183389618117], [-0.5550600493102371, 0.0345528102194082, -0.8310923203625807]]	0.6239457745608805	0.37605422543915007	[[0.0074228789940955974, 0.6235492197239073, 0.02096666500719213], [0.5189514250775454, 0.005468660385724515, -0.3463637419764883], [-0.3463273723946653, 0.021559079935602892, -0.5185565415602305]]	0.6940715196654352	0.42655909484906745	[[1.7555553467208045e-10, 0.7857959610626434, 1.313718362258708e-10], [0.5391993137143913, 3.7321517707667926e-11, -0.24659664753628094], [-0.2465966476330734, 1.7864344235176918e-10, -0.5391993137001831]]	[[-0.008257141893194448, 0.09216556533706179, -0.023323124468817548], [-0.03807746084123173, -0.006083287291847487, 0.13869518158109612], [0.13865472429725412, -0.023982121319052568, 0.0376381960761462]]	0.38779688164626724	[[1.291867696502946e-16, 0.6469901834490002, 0.0], [0.4574911460779164, -8.670689031236206e-17, -0.45749114607791636], [-0.45749114607791636, 7.183033983715339e-17, -0.4574911460779164]]
9	[[0.39159002759377715, 0.2136607185654068, -0.8949895796215835], [0.9173475615466772, -0.1663710136628364, 0.36165472088328326], [-0.07162891604282473, -0.9626368906056502, -0.2611503690053217]]	0.6185350604987412	0.38146493950125937	[[0.24221216140842095, 0.13215664548405842, -0.5535824337769784], [0.5674116294796464, -0.10290630500117937, 0.22369612466119704], [-0.04430499591800792, -0.5954246673690861, -0.16153065929197538]]	0.678566181199166	0.44493467503647166	[[0.19362445241212944, 0.05384077416506796, -0.5576462040048685], [0.5776865522507729, -0.1048817403064537, 0.13264241269981436], [0.033800425791743326, -0.6564881907500366, -0.1411839139039335]]	[[-0.07209529720785604, -0.0911421637041299, 0.049663457251996536], [-0.04479447942032255, 0.008012003096971382, -0.11276425016260552], [0.08240538581435866, -0.0032753520103212252, 0.036023894710760604]]	0.48146538556656604	[[0.0, 0.0, -0.7480520100000002], [0.7480520100000002, -1.3418586057530684e-16, 0.0], [-1.4936613440894277e-16, -0.7480520100000002, 0.0]]
9	[[0.2973838978430522, -0.6779765432739062, -0.6722429799365989], [0.21009501085824506, -0.6403704890576759, 0.7387731202179104], [-0.931355412136606, -0.3609341262812347, -0.047996382878866456]]	0.6750284788258172	0.3249715211741846	[[0.20074260018828582, -0.4576534746857706, -0.45378315614793635], [0.14182011558853502, -0.4322683171135485, 0.49869289553810037], [-0.6286914271007639, -0.2436408142199482, -0.03239892532386367]]	0.7734991803734113	0.2879840696449365	[[0.17781184483556153, -0.47644216463490263, -0.5490288390249579], [0.17781184468410247, -0.4753767614407745, 0.5500942422990442], [-0.6733496664457981, -0.2514639224480411, -6.287700259972772e-11]]	[[-0.052214356402289386, 0.04797213589986218, -0.029049445032218436], [0.015303525984706417, 0.0199492869806578, -0.021346160671417196], [0.04705298147820719, 0.027718328399287215, 0.037125162754813965]]	0.3870855170109594	[[0.0, -0.5687662891948678, -0.5687662891948679], [0.0, -0.5687662891948679, 0.5687662891948678], [-0.8043570000000001, 0.0, 0.0]]
9	[[-0.9655239015696506, 0.07817738312533667, 0.24829799086056714], [-0.2583680309547694, -0.17137329386372563, -0.9507245419840874], [-0.03177351221182961, -0.982099532083165, 0.18566354785943645]]	0.63492386445083	0.36507613554917023	[[-0.6130341668042456, 0.04963668620659183, 0.15765031989256825], [-0.16404402866435394, -0.10880899400362434, -0.6036377002247819], [-0.020173761160710468, -0.6235584301855956, 0.11788221729456518]]	0.6746497975013251	0.43003381603087554	[[-0.6308598220552795, 0.0159416878231592, 0.22189537792394246], [-0.22849864117230642, -0.12853532278671223, -0.5289526486055063], [-0.022544951153581086, -0.6302031479497844, 0.11259363510743703]]	[[0.020530682621374523, -0.03680066787153257, 0.05438118866987506], [-0.05419070140785546, -0.012918364784414032, 0.11245347112359702], [-0.0011089575739647605, 0.03237010249627025, -0.012664239859308762]]	0.40413326965804264	[[-0.6956883693000002, -1.2479285033503537e-16, 1.3891050500031678e-16], [-1.2479285033503537e-16, -1.997296911710659e-32, -0.6956883693000002], [1.3891050500031678e-16, -0.6956883693000002, 0.0]]
9	[[-0.10845513793664141, -0.6720147867879052, 0.7325528031436028], [-0.782694789624546, 0.5120379814051966, 0.35384455894231126], [-0.6128836344280466, -0.5349890016971353, -0.5815156220716438]]	0.6117366598379752	0.38826334016202674	[[-0.06634598382362882, -0.4110960810313632, 0.4481294049500126], [-0.4788030962775064, 0.31323240445499306, 0.21645968858920997], [-0.3749233873943731, -0.32727238494825867, -0.355734424289708]]	0.6799318363237612	0.5004044449352226	[[1.0039231281010244e-10, -0.4065168776311122, 0.48078604232433375], [-0.5116130228741261, 0.3648997653457404, 0.14159754420990467], [-0.4235513886571381, -0.2466936894805353, -0.2649193335600278]]	[[0.07374210119640007, 0.05040737038630934, -0.017299930321214973], [0.020566082716330692, 0.016748840381393168, -0.0989926365249117], [-0.006832293647695868, 0.11706236485641394, 0.1304716512060993]]	0.37848639911627646	[[0.0, -0.45749114607791636, 0.4574911460779164], [-0.45749114607791636, 0.32349509172450014, 0.3234950917245001], [-0.4574911460779164, -0.3234950917245001, -0.32349509172450003]]
9	[[0.2943250136427136, 0.18032690162771614, -0.9385387551367095], [0.05363968514426791, -0.9836066795264454, -0.1721647007042514], [-0.9541989155945632, 0.00032945456234623194, -0.29917272759703717]]	0.6385401543342397	0.3614598456657622	[[0.18793833963584497, 0.11514596759597853, -0.5992946815536602], [0.03425109283046083, -0.6280723609490063, -0.10993407455859969], [-0.6092943228293147, 0.00021036996708735255, -0.19103379965240783]]	0.778356496299106	0.34792900578604324	[[0.18784538342540655, 0.14741956749174084, -0.6152239255418603], [0.048717491381521046, -0.8030693089723784, -0.09870207611732235], [-0.6561076640999837, -6.544096214045842e-12, -0.20802482908556874]]	[[-0.04124440296672233, 0.007060952152318441, 0.11529381154727375], [0.006966693990041491, -0.037472660159776745, 0.03530343710922311], [0.08659926061460702, -0.000256433105381844, 0.024838206955108133]]	0.3538386376049111	[[0.0, 0.0, -0.8649000000000001], [0.0, -0.8649000000000001, 0.0], [-0.8649000000000001, 0.0, 0.0]]
9	[[0.34438500917845144, -0.9365203313506948, 0.06579235837042641], [0.28308685107610987, 0.17040524526154976, 0.9438346715051124], [-0.8951317222626903, -0.30641756045327384, 0.32380160352427834]]	0.6347456614253137	0.3652543385746865	[[0.21859689043593886, -0.5944522171614502, 0.04176141403056761], [0.17968815052711473, 0.10816399011388514, 0.5990949628406566], [-0.5681809771104114, -0.19449721708224418, 0.2055316629995953]]	0.7284814448231922	0.3613498966917389	[[0.2417653283695617, -0.6479095315325186, -3.616158513587118e-11], [0.17095390317702983, 0.17095390306209607, 0.6479095314348128], [-0.5770981063187764, -0.17095390317047618, 0.2417653284059848]]	[[-0.009112760692204836, 0.03432815255613095, -0.047928512320175067], [-0.035269615105342524, 0.04681684378851193, -0.0396565137374541], [0.07498874402222061, 0.05226560398772248, 0.005881868434551965]]	0.47671311662797566	[[0.13989545241626006, -0.53557954465905, 0.08194885871112527], [0.25578863982652983, 0.13989545241626014, 0.4776329509539152], [-0.4776329509539152, -0.08194885871112517, 0.2797909048325201]]
9	[[-0.8098148069570111, 0.06315897562890704, -0.5832760257636909], [0.5634097413606913, 0.3609782514293012, -0.7431447808704055], [0.16361369677706578, -0.9304330420790907, -0.32790991512058765]]	0.6169766516834226	0.38302334831658374	[[-0.4996368280799876, 0.03896761330727831, -0.35986768938289687], [0.3476106557505413, 0.22271515289738908, -0.45850297861743944], [0.10094583080705757, -0.5740554629175791, -0.20231276148489588]]	0.6420216888081315	0.48864164928970033	[[-0.5081436941344949, -0.030933996352177372, -0.30050245641378903], [0.23990831498401832, 0.2868051811936508, -0.4627525208072129], [0.04374727920353117, -0.5563736384748408, -0.25587118312534984]]	[[0.011774975849876282, -0.07148342854883985, 0.0739734026883107], [-0.12181295865532554, 0.055049314588004876, 0.01436254643615337], [-0.06129626271342225, 0.04098455452366452, -0.045345905642699094]]	0.4520548509671877	[[-0.4919259635246413, -7.723692455607891e-17, -0.49192596352464135], [0.49192596352464135, 9.323321538963662e-17, -0.4919259635246413], [1.3891050500031678e-16, -0.6956883693000002, 0.0]]
