10	[[0.1093031896461408, 0.1859596356180152, -0.9764588197430523], [-0.9647495672926553, -0.21674161245263301, -0.1492693734162066], [-0.23939733737411129, 0.9583538424570789, 0.15571392842625953]]	0.9506977041099389	0.049302295890061146	[[0.10391429144847933, 0.17679139863916787, -0.9283171580876204], [-0.9171851986661843, -0.20605575334380447, -0.14191005060071676], [-0.2275944990116002, 0.911104797748883, 0.14803687425278428]]	0.9506977041099389	0.049302295890061396	[[0.1039142914484793, 0.17679139863916787, -0.9283171580876202], [-0.9171851986661843, -0.20605575334380447, -0.14191005060071676], [-0.22759449901160017, 0.9111047977488828, 0.1480368742527843]]	[[0.0, 0.0, 0.0], [0.0, 0.0, 0.0], [0.0, 0.0, 0.0]]	0.28733667723017714	[[0.14644660940672638, 0.2500000000000001, -0.9571067811865475], [-0.8535533905932738, -0.45710678118654735, -0.25000000000000017], [-0.4999999999999999, 0.8535533905932737, 0.14644660940672638]]
10	[[-0.07673908792314688, -0.9932055702045202, -0.08748604288363548], [-0.7029605032121287, -0.008330385140834728, 0.7111801006827707], [-0.7070768298484077, 0.11607454500500591, -0.6975450212663026]]	0.9652906188735058	0.034709381126494285	[[-0.07407552167312283, -0.9587320195313345, -0.08444945647793844], [-0.6785611791892667, -0.00804124262805095, 0.6864954795185938], [-0.682534630675486, 0.11204566938334272, -0.6733336652702819]]	0.9652906188735059	0.034709381126494215	[[-0.07407552167312283, -0.9587320195313345, -0.08444945647793844], [-0.6785611791892668, -0.00804124262805096, 0.686495479518594], [-0.682534630675486, 0.11204566938334272, -0.6733336652702819]]	[[0.0, 0.0, 0.0], [0.0, 0.0, 0.0], [0.0, 0.0, 0.0]]	0.1167406668823845	[[0.0, -1.0, -1.9967346175427393e-16], [-0.7071067811865475, -1.3401577416544657e-16, 0.7071067811865476], [-0.7071067811865476, 1.1102230246251565e-16, -0.7071067811865475]]
10	[[-0.7969422360492981, -0.5496472174344235, -0.2505414312391083], [-0.20133618011619125, -0.14934722918147175, 0.9680698051855754], [-0.5695145432532569, 0.8219387699229261, 0.008357243601908652]]	0.9653177582458546	0.03468224175414538	[[-0.7693024927545471, -0.5305842197598695, -0.2418520927514439], [-0.19435339004354535, -0.14416753247368816, 0.934494974167241], [-0.5497625021816459, 0.7934320907973543, 0.00806739565890897]]	0.9653177582458544	0.03468224175414588	[[-0.7693024927545471, -0.5305842197598694, -0.24185209275144395], [-0.19435339004354524, -0.14416753247368816, 0.9344949741672408], [-0.5497625021816456, 0.7934320907973538, 0.00806739565890896]]	[[0.0, 0.0, 0.0], [0.0, 0.0, 0.0], [0.0, 0.0, 0.0]]	0.15800840224663887	[[-0.8535533905932737, -0.45710678118654763, -0.24999999999999978], [-0.14644660940672588, -0.2500000000000001, 0.9571067811865476], [-0.5000000000000001, 0.8535533905932736, 0.1464466094067265]]
10	[[-0.7906551711763438, -0.6122537057691856, -0.0031305053914775782], [0.21569187232512302, -0.27374870521795946, -0.9373039328864322], [0.5730108345441554, -0.7417594260697941, 0.3484989775187588]]	0.9496853847672931	0.05031461523270704	[[-0.7508736604568558, -0.58144839613861, -0.002972995217221424], [0.2048394187602623, -0.2599751444444662, -0.8901438461471484], [0.544180014879894, -0.7044380859518589, 0.3309643855559108]]	0.9496853847672929	0.05031461523270712	[[-0.7508736604568559, -0.5814483961386099, -0.0029729952172214344], [0.20483941876026224, -0.25997514444446607, -0.8901438461471483], [0.544180014879894, -0.7044380859518589, 0.33096438555591057]]	[[0.0, 0.0, 0.0], [0.0, 0.0, 0.0], [0.0, 0.0, 0.0]]	0.25633283975017335	[[-0.8535533905932736, -0.5, 0.14644660940672638], [0.14644660940672613, -0.5, -0.8535533905932738], [0.5000000000000001, -0.7071067811865475, 0.4999999999999999]]
10	[[-0.46302331253993745, -0.17599259499966094, -0.8686978868109609], [0.02399014622745857, 0.9772413149034422, -0.2107697448159405], [0.8860213794985587, -0.11843149475995327, -0.44826342268848407]]	0.9712004440449148	0.028799555955085477	[[-0.44968844674193464, -0.17092408641228757, -0.8436797734116844], [0.02329924066881018, 0.9490971989732593, -0.2046996697564748], [0.8605043572022879, -0.1150207202997696, -0.43535363516414916]]	0.9712004440449147	0.02879955595508555	[[-0.4496884467419345, -0.17092408641228748, -0.8436797734116841], [0.02329924066881018, 0.9490971989732593, -0.20469966975647477], [0.8605043572022879, -0.11502072029976956, -0.43535363516414893]]	[[0.0, 0.0, 0.0], [0.0, 0.0, 0.0], [0.0, 0.0, 0.0]]	0.1375722374867514	[[-0.4999999999999999, -0.1464466094067262, -0.8535533905932738], [0.14644660940672619, 0.9571067811865475, -0.2499999999999999], [0.8535533905932738, -0.24999999999999992, -0.45710678118654746]]
10	[[-0.09505120117050858, 0.5452103891734319, 0.8328930907946102], [-0.8397020396470369, 0.4054655520987933, -0.361245305400398], [-0.5346641504427332, -0.7337188273436738, 0.41927428806543177]]	0.9674770909159066	0.032522909084093485	[[-0.09195985959650627, 0.527478561254641, 0.8058049845259275], [-0.8123924865538685, 0.3922786328111524, -0.3494965571758053], [-0.5172753168873602, -0.7098561566286878, 0.4056382685133818]]	0.9674770909159065	0.03252290908409342	[[-0.09195985959650625, 0.5274785612546411, 0.8058049845259276], [-0.8123924865538688, 0.39227863281115244, -0.3494965571758053], [-0.5172753168873601, -0.7098561566286878, 0.40563826851338186]]	[[0.0, 0.0, 0.0], [0.0, 0.0, 0.0], [0.0, 0.0, 0.0]]	0.19707871859314652	[[-0.25, 0.4571067811865474, 0.8535533905932738], [-0.7803300858899108, 0.42677669529663675, -0.4571067811865474], [-0.5732233047033629, -0.7803300858899107, 0.24999999999999994]]
10	[[-0.7823064473600231, -0.6191382563410173, -0.06829671993547412], [0.4516132128936376, -0.48825713387833247, -0.7467599863120696], [0.42900131510151085, -0.6150388530425709, 0.6615777209740769]]	0.9616306576619026	0.03836934233809753	[[-0.7522898634679657, -0.595382328628856, -0.06567621970770075], [0.4342851109237135, -0.46952302875953655, -0.718107296752869], [0.41254081677888704, -0.5914402167389495, 0.6361934189147642]]	0.9616306576619025	0.038369342338097454	[[-0.7522898634679657, -0.595382328628856, -0.06567621970770074], [0.4342851109237136, -0.46952302875953655, -0.7181072967528689], [0.412540816778887, -0.5914402167389496, 0.6361934189147642]]	[[0.0, 0.0, 0.0], [0.0, 0.0, 0.0], [0.0, 0.0, 0.0]]	0.14570019243037363	[[-0.7071067811865478, -0.7071067811865472, 0.0], [0.4999999999999998, -0.5000000000000003, -0.7071067811865475], [0.4999999999999997, -0.5000000000000001, 0.7071067811865476]]
10	[[-0.14788840876935622, -0.1760303547303998, -0.9732123780373726], [0.7447065518890947, -0.66734943231379, 0.007542331464318042], [-0.6508004072871522, -0.7236422109053288, 0.22978420413710982]]	0.9489121419050807	0.05108785809491951	[[-0.14033310672826405, -0.16703734094753475, -0.9234930421719801], [0.7066610892438279, -0.6332559792160181, 0.007157009904764009], [-0.6175524084315505, -0.6866728803231037, 0.2180450213236992]]	0.9489121419050808	0.051087858094919274	[[-0.14033310672826405, -0.1670373409475347, -0.9234930421719806], [0.7066610892438282, -0.6332559792160181, 0.007157009904764011], [-0.6175524084315506, -0.6866728803231037, 0.2180450213236992]]	[[0.0, 0.0, 0.0], [0.0, 0.0, 0.0], [0.0, 0.0, 0.0]]	0.23756170659857534	[[-2.6803154833089315e-16, 1.43493693279865e-17, -1.0], [0.7071067811865476, -0.7071067811865475, -1.7938038903913487e-16], [-0.7071067811865475, -0.7071067811865476, 1.9967346175427393e-16]]
10	[[-0.8454278191407976, -0.5275798211578228, 0.08313443889216068], [0.5338434264073765, -0.8300116656812779, 0.16152965955087792], [-0.016217234797175482, 0.18094244151129993, 0.9833599718086266]]	0.9371552652254144	0.06284473477458564	[[-0.7922971320758377, -0.494424207224736, 0.07790987712934888], [0.5002941778636489, -0.7778498026917261, 0.15137837093817388], [-0.015198066977569803, 0.1695711617650563, 0.9215609751923696]]	0.9371552652254144	0.0628447347745856	[[-0.7922971320758379, -0.49442420722473607, 0.07790987712934888], [0.5002941778636488, -0.777849802691726, 0.15137837093817383], [-0.015198066977569796, 0.16957116176505635, 0.9215609751923697]]	[[0.0, 0.0, 0.0], [0.0, 0.0, 0.0], [0.0, 0.0, 0.0]]	0.28528202001455993	[[-0.7071067811865478, -0.7071067811865472, 0.0], [0.7071067811865472, -0.7071067811865478, 0.0], [0.0, 0.0, 1.0]]
10	[[-0.328472184202533, 0.6350926635744277, -0.699116108296151], [0.7870892180276409, -0.22510676047337688, -0.5742974048816677], [-0.522107830883481, -0.738907473952673, -0.4259332786564415]]	0.9368065299169165	0.06319347008308358	[[-0.3077148870570051, 0.5949589543388514, -0.6549365354219363], [0.7373503190754934, -0.21088148313990263, -0.5380055590074856], [-0.48911402529240217, -0.6922133466032779, -0.3990170767542759]]	0.9368065299169166	0.06319347008308371	[[-0.3077148870570051, 0.5949589543388512, -0.6549365354219363], [0.7373503190754934, -0.21088148313990265, -0.5380055590074854], [-0.4891140252924022, -0.6922133466032779, -0.3990170767542761]]	[[0.0, 0.0, 0.0], [0.0, 0.0, 0.0], [0.0, 0.0, 0.0]]	0.2792396309770678	[[-0.49999999999999983, 0.7071067811865477, -0.4999999999999999], [0.7071067811865472, -2.7755575615628914e-16, -0.7071067811865477], [-0.5000000000000003, -0.7071067811865472, -0.49999999999999983]]
10	[[0.045438286595317165, 0.914755726437795, 0.40144404723515764], [0.8006341574927736, -0.2736772949406891, 0.532996889380964], [0.597428077652129, 0.29719135112450484, -0.7448201077103603]]	0.9647452557220009	0.03525474427799922	[[0.04383637142096882, 0.8825062472253952, 0.38729124000795717], [0.7724080050101345, -0.2640288718928606, 0.5142062203448692], [0.5763659035500065, 0.2867139460389774, -0.7185616652799198]]	0.9647452557220008	0.03525474427799933	[[0.04383637142096882, 0.8825062472253953, 0.3872912400079571], [0.7724080050101343, -0.2640288718928605, 0.5142062203448692], [0.5763659035500066, 0.2867139460389774, -0.7185616652799194]]	[[0.0, 0.0, 0.0], [0.0, 0.0, 0.0], [0.0, 0.0, 0.0]]	0.20987031100768955	[[0.14644660940672638, 0.9571067811865474, 0.2500000000000003], [0.8535533905932738, -0.2500000000000002, 0.4571067811865473], [0.4999999999999999, 0.14644660940672652, -0.8535533905932737]]
10	[[-0.21951259035361326, -0.17809212642501718, -0.9592170855346885], [-0.39870436216914484, 0.9137219002469867, -0.0784035751501837], [0.8904207175619522, 0.3652334643956531, -0.27157956885967516]]	0.9487434370443597	0.051256562955640315	[[-0.2082611294465977, -0.16896373613500937, -0.9100509146018538], [-0.3782681469289337, 0.8668876561430299, -0.07438487736455104], [0.8447808119952316, 0.3465128523343507, -0.2576593335909536]]	0.9487434370443597	0.05125656295564026	[[-0.20826112944659766, -0.16896373613500945, -0.9100509146018542], [-0.3782681469289337, 0.8668876561430299, -0.07438487736455104], [0.8447808119952316, 0.34651285233435064, -0.2576593335909536]]	[[0.0, 0.0, 0.0], [0.0, 0.0, 0.0], [0.0, 0.0, 0.0]]	0.23331296444425043	[[-0.07322330470336308, -0.2803300858899108, -0.9571067811865475], [-0.2803300858899109, 0.9267766952966368, -0.25000000000000017], [0.9571067811865475, 0.2500000000000001, -0.14644660940672638]]
10	[[-0.4889737104017652, -0.6675742726348228, 0.5614706591194402], [-0.8352955409727327, 0.5438241864302344, -0.08084932581391074], [-0.2513683945268397, -0.5085271327761987, -0.8235375434449957]]	0.9761127697996118	0.02388723020038846	[[-0.4772934828194603, -0.6516277723085382, 0.5480586802342904], [-0.8153426441001593, 0.5308337329004367, -0.07891805935664768], [-0.245363899821675, -0.4963798280924303, -0.8038655125660626]]	0.9761127697996119	0.02388723020038831	[[-0.47729348281946016, -0.651627772308538, 0.5480586802342906], [-0.8153426441001592, 0.5308337329004366, -0.07891805935664764], [-0.24536389982167509, -0.49637982809243025, -0.8038655125660628]]	[[0.0, 0.0, 0.0], [0.0, 0.0, 0.0], [0.0, 0.0, 0.0]]	0.10954952372619471	[[-0.5000000000000001, -0.7071067811865475, 0.4999999999999999], [-0.8535533905932736, 0.5000000000000001, -0.14644660940672619], [-0.14644660940672627, -0.49999999999999983, -0.8535533905932738]]
10	[[-0.9404471891782326, -0.16511750794278138, -0.2971452387932999], [-0.33967856319298195, 0.4221845412224513, 0.8404633762752188], [-0.01332509189135525, 0.8913452875982203, -0.45312914296316575]]	0.9641075134303545	0.03589248656964549	[[-0.906692201071192, -0.1591910300065318, -0.28647995730067727], [-0.32748665492558143, 0.40703128824671253, 0.8102970558299817], [-0.012846821209605477, 0.8593526888341844, -0.43686521128504546]]	0.9641075134303545	0.035892486569645596	[[-0.9066922010711919, -0.15919103000653176, -0.2864799573006772], [-0.32748665492558143, 0.4070312882467125, 0.8102970558299817], [-0.012846821209605508, 0.8593526888341844, -0.4368652112850453]]	[[0.0, 0.0, 0.0], [0.0, 0.0, 0.0], [0.0, 0.0, 0.0]]	0.17460277134431273	[[-0.9571067811865475, -0.2500000000000001, -0.14644660940672638], [-0.25000000000000017, 0.45710678118654735, 0.8535533905932738], [-0.14644660940672638, 0.8535533905932737, -0.4999999999999999]]
10	[[0.39962180205666736, -0.8574648204204427, -0.3241242000565831], [-0.742889895952614, -0.510089041811326, 0.433501755377666], [-0.5370447074615821, 0.0675518405770078, -0.8408446533231704]]	0.9732889014127551	0.026711098587245262	[[0.3889474647043193, -0.834560993067098, -0.3154664865943597], [-0.7230464907023556, -0.4964640031272304, 0.4219224472520293], [-0.5226996533348176, 0.0657474567036055, -0.8183847688916971]]	0.9732889014127551	0.02671109858724499	[[0.3889474647043193, -0.8345609930670979, -0.3154664865943599], [-0.7230464907023557, -0.4964640031272304, 0.42192244725202943], [-0.5226996533348176, 0.0657474567036055, -0.8183847688916975]]	[[0.0, 0.0, 0.0], [0.0, 0.0, 0.0], [0.0, 0.0, 0.0]]	0.21770829529329053	[[0.49999999999999983, -0.8535533905932738, -0.1464466094067261], [-0.7071067811865477, -0.49999999999999983, 0.49999999999999994], [-0.4999999999999999, -0.1464466094067262, -0.8535533905932738]]
10	[[0.5316565726284, 0.12413974256263854, 0.8378129941087711], [-0.8431913025942939, 0.17079270063273144, 0.5097629651513687], [-0.0798105006271736, -0.9774554607382677, 0.19547661308345798]]	0.9751438932627902	0.024856106737209782	[[0.5184416601116094, 0.12105411187117182, 0.8169882249013821], [-0.8222328495771232, 0.16654745903586796, 0.4970922424788897], [-0.07782672230483444, -0.9531597234752888, 0.19061782552402728]]	0.9751438932627903	0.024856106737209893	[[0.5184416601116095, 0.12105411187117181, 0.8169882249013823], [-0.8222328495771231, 0.16654745903586793, 0.4970922424788898], [-0.07782672230483444, -0.9531597234752887, 0.19061782552402726]]	[[0.0, 0.0, 0.0], [0.0, 0.0, 0.0], [0.0, 0.0, 0.0]]	0.09676925468501897	[[0.4999999999999999, 0.1464466094067262, 0.8535533905932738], [-0.8535533905932738, 0.2500000000000001, 0.4571067811865474], [-0.14644660940672638, -0.9571067811865475, 0.24999999999999994]]
10	[[-0.10494230950179255, 0.25078566681139447, 0.9623376024028126], [-0.014608284002347344, -0.9679651692114681, 0.2506591894025037], [0.9943710121051078, 0.012246653231707691, 0.1052440486188438]]	0.9574513878758492	0.042548612124150745	[[-0.1004771598793882, 0.24011508474793994, 0.9213914730256901], [-0.013986721792531978, -0.9267795946770016, 0.23999398877726252], [0.9520619056035485, 0.011725575133532855, 0.10076606041578533]]	0.9574513878758493	0.04254861212415091	[[-0.10047715987938821, 0.24011508474793997, 0.92139147302569], [-0.013986721792531963, -0.9267795946770014, 0.23999398877726255], [0.9520619056035482, 0.011725575133532859, 0.10076606041578534]]	[[0.0, 0.0, 0.0], [0.0, 0.0, 0.0], [0.0, 0.0, 0.0]]	0.2702507274919196	[[-0.07322330470336308, 0.2803300858899108, 0.9571067811865475], [-0.2803300858899109, -0.9267766952966368, 0.25000000000000017], [0.9571067811865475, -0.2500000000000001, 0.14644660940672638]]
10	[[-0.6423177830836196, 0.6472169826683319, -0.4105338510771609], [0.6354509445700302, 0.7491834873395028, 0.186885524701293], [0.4285206676224623, -0.14083422752840047, -0.8924885196891207]]	0.9663125844493688	0.0336874155506314	[[-0.6206797570093214, 0.6254139152217579, -0.39670402663832366], [0.6140442445382582, 0.723945431877826, 0.1805898343702828], [0.41408491382023055, -0.13608988638189912, -0.8624228880521855]]	0.9663125844493688	0.033687415550631136	[[-0.6206797570093217, 0.6254139152217582, -0.3967040266383237], [0.6140442445382586, 0.723945431877826, 0.18058983437028278], [0.4140849138202306, -0.13608988638189914, -0.8624228880521857]]	[[0.0, 0.0, 0.0], [0.0, 0.0, 0.0], [0.0, 0.0, 0.0]]	0.18895333430472422	[[-0.7071067811865476, 0.5, -0.4999999999999999], [0.5, 0.8535533905932737, 0.14644660940672619], [0.4999999999999999, -0.1464466094067262, -0.8535533905932738]]
10	[[0.4863417937448936, 0.8226223794475465, -0.29455743156310954], [-0.6786221941306434, 0.14325991665360527, -0.7203808117334284], [-0.5504031043610768, 0.5502445066626823, 0.6279230889187231]]	0.9618448595237906	0.03815514047620939	[[0.4677853542851056, 0.7912351070008518, -0.28331855138350753], [-0.6527292689833155, 0.13779381440907704, -0.6928945806653738], [-0.529402396595638, 0.5292498502147054, 0.6039645952527738]]	0.9618448595237906	0.038155140476209326	[[0.4677853542851056, 0.7912351070008519, -0.2833185513835077], [-0.6527292689833153, 0.13779381440907698, -0.6928945806653738], [-0.5294023965956381, 0.5292498502147052, 0.6039645952527739]]	[[0.0, 0.0, 0.0], [0.0, 0.0, 0.0], [0.0, 0.0, 0.0]]	0.24101445823257076	[[0.4999999999999999, 0.8535533905932737, -0.14644660940672638], [-0.5, 0.14644660940672602, -0.8535533905932738], [-0.7071067811865476, 0.5, 0.4999999999999999]]
10	[[-0.7229741855265539, 0.37453352207805324, 0.5805454055472524], [0.6255107660641113, -0.0019251384381000977, 0.7802131602196173], [0.2933336131439832, 0.9272113754057388, -0.23288292491742163]]	0.9485356892834738	0.051464310716526254	[[-0.6857668174025879, 0.3552584125240734, 0.5506680364111171], [0.5933192856428554, -0.0018260625153493414, 0.7400600277169522], [0.27823740093353977, 0.8794930810819604, -0.22089776570889805]]	0.9485356892834739	0.05146431071652628	[[-0.6857668174025879, 0.3552584125240734, 0.550668036411117], [0.5933192856428553, -0.001826062515349307, 0.740060027716952], [0.27823740093353994, 0.8794930810819602, -0.22089776570889805]]	[[0.0, 0.0, 0.0], [0.0, 0.0, 0.0], [0.0, 0.0, 0.0]]	0.2450582605620692	[[-0.7071067811865476, 0.5, 0.4999999999999999], [0.5, -0.14644660940672602, 0.8535533905932738], [0.4999999999999999, 0.8535533905932737, -0.14644660940672638]]
10	[[-0.4173896908511048, -0.2512754656216099, -0.8732963336393107], [0.3950375357134564, 0.8152827950674679, -0.42339025667156843], [0.8183710596964306, -0.5217035599299856, -0.24102739306502285]]	0.9236427078365074	0.07635729216349263	[[-0.38551894428075717, -0.23208875147962307, -0.8066137903463071], [0.3648735391834379, 0.7530300084886323, -0.39106132314372133], [0.7558824615930433, -0.48186768878167757, -0.22262319399335195]]	0.9236427078365075	0.07635729216349245	[[-0.3855189442807571, -0.23208875147962307, -0.8066137903463071], [0.36487353918343796, 0.7530300084886327, -0.3910613231437214], [0.7558824615930434, -0.4818676887816775, -0.22262319399335198]]	[[0.0, 0.0, 0.0], [0.0, 0.0, 0.0], [0.0, 0.0, 0.0]]	0.3549154348006198	[[-0.4999999999999999, -0.1464466094067262, -0.8535533905932738], [0.14644660940672619, 0.9571067811865475, -0.2499999999999999], [0.8535533905932738, -0.24999999999999992, -0.45710678118654746]]
10	[[0.607699742283575, 0.04436598313018672, -0.7929266566141968], [-0.48983361298617956, -0.764959691968786, -0.4182101161520675], [-0.6251112339555114, 0.6425483088483792, -0.443133857856411]]	0.9600590542554411	0.03994094574455882	[[0.5834276398480445, 0.04259396380507999, -0.7612564160429547], [-0.4702691952260374, -0.7344064784150864, -0.4015064085930121], [-0.6001437000757802, 0.616884321706408, -0.4254346724821912]]	0.9600590542554411	0.039940945744558934	[[0.5834276398480444, 0.04259396380507999, -0.7612564160429547], [-0.4702691952260374, -0.7344064784150863, -0.4015064085930121], [-0.6001437000757801, 0.6168843217064078, -0.425434672482191]]	[[0.0, 0.0, 0.0], [0.0, 0.0, 0.0], [0.0, 0.0, 0.0]]	0.16187869842344393	[[0.7071067811865475, 1.1102230246251565e-16, -0.7071067811865476], [-0.49999999999999994, -0.7071067811865475, -0.5], [-0.5000000000000001, 0.7071067811865475, -0.4999999999999999]]
10	[[-0.9811165986123564, 0.18418769307433647, 0.05903485112435114], [-0.17683959200596489, -0.7305894532589015, -0.6595201357699575], [-0.0783452527373813, -0.6575058513099433, 0.74936511585922]]	0.9619227704561316	0.03807722954386841	[[-0.9437583966776943, 0.1771743360059894, 0.05678696754700112], [-0.17010603026870974, -0.702770630944833, -0.6344074361714416], [-0.07536208256522765, -0.6324698500831781, 0.7208313683304811]]	0.9619227704561316	0.038077229543868524	[[-0.9437583966776942, 0.1771743360059894, 0.05678696754700112], [-0.1701060302687097, -0.702770630944833, -0.6344074361714418], [-0.07536208256522763, -0.6324698500831779, 0.7208313683304811]]	[[0.0, 0.0, 0.0], [0.0, 0.0, 0.0], [0.0, 0.0, 0.0]]	0.20277939553391605	[[-1.0, 0.0, 0.0], [0.0, -0.7071067811865478, -0.7071067811865472], [0.0, -0.7071067811865472, 0.7071067811865478]]
10	[[-0.09107681945440971, 0.026979593008170225, -0.9954783345302809], [0.1626680633668992, -0.9858035016183849, -0.04159996823788131], [-0.9824683781774002, -0.16572132559825775, 0.08539512938935634]]	0.9630213684554643	0.036978631544535956	[[-0.08770892330555688, 0.025981924579099445, -0.9586669079871175], [0.15665282098759142, -0.9493498371567253, -0.04006165834014821], [-0.9461380420166203, -0.1595931777598878, 0.08223733436396939]]	0.9630213684554643	0.03697863154453574	[[-0.0877089233055569, 0.025981924579099452, -0.9586669079871176], [0.15665282098759145, -0.9493498371567255, -0.04006165834014821], [-0.9461380420166207, -0.15959317775988774, 0.08223733436396938]]	[[0.0, 0.0, 0.0], [0.0, 0.0, 0.0], [0.0, 0.0, 0.0]]	0.19039376479793962	[[0.0, 0.0, -1.0], [2.7817808468846267e-16, -1.0, 0.0], [-1.0, -3.133961632045815e-16, 0.0]]
10	[[0.5859585634738876, 0.36139819833278886, -0.7252888418646962], [-0.7596467684279905, 0.5565829073689794, -0.33638111487062594], [0.28211584341991347, 0.748068719748733, 0.600669494335248]]	0.9487369983859494	0.05126300161405068	[[0.5559205686887589, 0.34287184190834014, -0.6881083587935332], [-0.720704994911958, 0.5280507968901705, -0.31913720923607686], [0.26765373848332913, 0.709720471760833, 0.5698773730776292]]	0.9487369983859495	0.05126300161405063	[[0.555920568688759, 0.34287184190834014, -0.6881083587935333], [-0.720704994911958, 0.5280507968901704, -0.3191372092360768], [0.26765373848332924, 0.709720471760833, 0.5698773730776293]]	[[0.0, 0.0, 0.0], [0.0, 0.0, 0.0], [0.0, 0.0, 0.0]]	0.3240152412597984	[[0.7071067811865475, 0.49999999999999994, -0.5000000000000002], [-0.7071067811865476, 0.5, -0.4999999999999999], [1.9967346175427393e-16, 0.7071067811865476, 0.7071067811865475]]
10	[[-0.7351688989075352, -0.09676064626795722, 0.6709426707349067], [-0.4070551462354579, -0.7284396683943796, -0.5510732777342012], [0.5420634630763377, -0.6782426017608253, 0.49613926991762536]]	0.9732137728332456	0.026786227166754488	[[-0.7154764977754655, -0.09416879361622181, 0.6529706479407322], [-0.3961516746189985, -0.7089275179594924, -0.536312103731285], [0.5275436280155774, -0.6600750413558893, 0.48284957072726425]]	0.9732137728332455	0.026786227166754446	[[-0.7154764977754654, -0.09416879361622182, 0.6529706479407327], [-0.3961516746189984, -0.7089275179594926, -0.5363121037312849], [0.5275436280155772, -0.6600750413558895, 0.482849570727264]]	[[0.0, 0.0, 0.0], [0.0, 0.0, 0.0], [0.0, 0.0, 0.0]]	0.11352895365291289	[[-0.7071067811865475, -1.1102230246251565e-16, 0.7071067811865476], [-0.49999999999999994, -0.7071067811865475, -0.5], [0.5000000000000001, -0.7071067811865475, 0.4999999999999999]]
10	[[-0.9494449584333646, 0.029426784615528695, -0.3125513321882631], [-0.305151494792988, 0.14733284102383137, 0.940837711394187], [0.07373490442844376, 0.988649128003984, -0.1309047958093612]]	0.9530190080317055	0.04698099196829469	[[-0.9048390924668691, 0.028044285083853784, -0.2978673605610466], [-0.29081517486700553, 0.1404109980030247, 0.8966362224317082], [0.07027076547570804, 0.9422014112617673, -0.12475475864883034]]	0.9530190080317056	0.04698099196829444	[[-0.9048390924668691, 0.02804428508385378, -0.2978673605610466], [-0.29081517486700564, 0.14041099800302473, 0.8966362224317084], [0.07027076547570804, 0.9422014112617675, -0.12475475864883039]]	[[0.0, 0.0, 0.0], [0.0, 0.0, 0.0], [0.0, 0.0, 0.0]]	0.25649677778068486	[[-0.8535533905932738, 0.1464466094067262, -0.4999999999999999], [-0.4571067811865474, 0.2500000000000001, 0.8535533905932738], [0.24999999999999994, 0.9571067811865475, -0.14644660940672638]]
10	[[-0.4073423402475564, 0.6394988746997277, 0.652007213993393], [0.8839564696894593, 0.09663191055244695, 0.45747484472605926], [0.22954994562358777, 0.76269486894876, -0.6046514362369794]]	0.9581790502076153	0.04182094979238471	[[-0.390306896687751, 0.6127544243686239, 0.6247396530327027], [0.8469885705519229, 0.09259067227289083, 0.4383428122134917], [0.2199499488728191, 0.7307982451275444, -0.5793643388802194]]	0.9581790502076155	0.04182094979238461	[[-0.39030689668775104, 0.6127544243686238, 0.6247396530327027], [0.8469885705519228, 0.09259067227289085, 0.4383428122134919], [0.21994994887281913, 0.7307982451275447, -0.5793643388802195]]	[[0.0, 0.0, 0.0], [0.0, 0.0, 0.0], [0.0, 0.0, 0.0]]	0.17664786877000377	[[-0.4999999999999999, 0.5, 0.7071067811865476], [0.8535533905932737, 0.1464466094067264, 0.49999999999999983], [0.14644660940672607, 0.8535533905932737, -0.5000000000000001]]
10	[[-0.5765804364735063, -0.21489234046914468, -0.7882742430675469], [0.7184694088670802, -0.5927529150888833, -0.36393088653729166], [-0.3890458954907621, -0.7761863588477473, 0.49616330732982133]]	0.9440979828665611	0.05590201713343893	[[-0.5443484270349584, -0.20287942517039376, -0.7442081228257365], [0.6783055196627411, -0.5596168314736886, -0.34358641588269645], [-0.3672974451753434, -0.7327959757166991, 0.46842677762248597]]	0.9440979828665611	0.055902017133439084	[[-0.5443484270349587, -0.2028794251703937, -0.7442081228257361], [0.6783055196627411, -0.5596168314736886, -0.34358641588269634], [-0.3672974451753434, -0.7327959757166991, 0.46842677762248597]]	[[0.0, 0.0, 0.0], [0.0, 0.0, 0.0], [0.0, 0.0, 0.0]]	0.2882897986691007	[[-0.7071067811865475, -1.1102230246251565e-16, -0.7071067811865476], [0.5000000000000002, -0.7071067811865474, -0.5], [-0.49999999999999983, -0.7071067811865477, 0.4999999999999999]]
10	[[-0.10249990202145981, -0.9422123744706561, -0.3189507978982955], [0.6126683972808709, 0.19280684864693648, -0.7664613193685161], [0.7836652378783178, -0.27397328429831536, 0.5575010622697631]]	0.9435744996207378	0.056425500379262444	[[-0.09671629376107363, -0.8890475697776165, -0.3009538395305193], [0.5780982763977371, 0.1819276257354844, -0.723213355901798], [0.7394465347011998, -0.2585142046412331, 0.5260437858692216]]	0.9435744996207378	0.05642550037926231	[[-0.09671629376107366, -0.8890475697776166, -0.3009538395305193], [0.5780982763977373, 0.18192762573548438, -0.7232133559017981], [0.7394465347012, -0.25851420464123304, 0.5260437858692214]]	[[0.0, 0.0, 0.0], [0.0, 0.0, 0.0], [0.0, 0.0, 0.0]]	0.34471157117503615	[[0.1464466094067261, -0.8535533905932738, -0.49999999999999983], [0.49999999999999994, 0.49999999999999983, -0.7071067811865477], [0.8535533905932738, -0.1464466094067262, 0.4999999999999999]]
10	[[-0.11776339373586858, 0.36921076657559443, 0.9218542145808483], [-0.35654034849298993, -0.8821364675726786, 0.30775677486433006], [0.9268283352338275, -0.29243574067315803, 0.235521919541756]]	0.9709958818956861	0.02900411810431396	[[-0.11434777035558864, 0.3585021338964516, 0.8951166460661858], [-0.3461992101163461, -0.8565508772830784, 0.29883056101876226], [0.8999464967362808, -0.2839538999127513, 0.22869081397121216]]	0.970995881895686	0.029004118104314025	[[-0.11434777035558862, 0.35850213389645164, 0.8951166460661857], [-0.34619921011634597, -0.8565508772830784, 0.2988305610187623], [0.8999464967362808, -0.2839538999127513, 0.2286908139712121]]	[[0.0, 0.0, 0.0], [0.0, 0.0, 0.0], [0.0, 0.0, 0.0]]	0.12828664142051627	[[-0.07322330470336308, 0.2803300858899108, 0.9571067811865475], [-0.2803300858899109, -0.9267766952966368, 0.25000000000000017], [0.9571067811865475, -0.2500000000000001, 0.14644660940672638]]
10	[[0.6724379315615234, 0.726914486201285, 0.13936483755948603], [-0.3270676168278158, 0.46074031506667057, -0.825072806541846], [-0.6639683744123911, 0.509228526128483, 0.547569453089907]]	0.9551432693348031	0.044856730665196916	[[0.6422745643764061, 0.6943074788771241, 0.1331133865768812], [-0.31239643283046264, 0.44007301084712686, -0.7880627378796203], [-0.634184923871166, 0.4863861992849025, 0.5230072776121639]]	0.9551432693348031	0.04485673066519677	[[0.6422745643764061, 0.6943074788771241, 0.13311338657688124], [-0.3123964328304626, 0.440073010847127, -0.7880627378796204], [-0.6341849238711661, 0.4863861992849025, 0.523007277612164]]	[[0.0, 0.0, 0.0], [0.0, 0.0, 0.0], [0.0, 0.0, 0.0]]	0.2437239216482645	[[0.7071067811865475, 0.7071067811865476, 1.9967346175427393e-16], [-0.4999999999999999, 0.5, -0.7071067811865476], [-0.5000000000000002, 0.49999999999999994, 0.7071067811865475]]
10	[[-0.9354158387137099, -0.0645142516937865, 0.34761346350784095], [-0.3448283291114701, 0.383514201978592, -0.8567439992920377], [-0.07804250204675633, -0.9212788764587595, -0.3809916005178692]]	0.9560624104119272	0.04393758958807293	[[-0.8943159214981239, -0.061679650980283274, 0.3323401658129448], [-0.32967740350862945, 0.3666635123708595, -0.8191007330691001], [-0.07461350262139961, -0.8808001032887539, -0.36425174793781206]]	0.9560624104119272	0.04393758958807277	[[-0.8943159214981242, -0.061679650980283295, 0.3323401658129449], [-0.32967740350862945, 0.36666351237085937, -0.8191007330691], [-0.07461350262139962, -0.8808001032887538, -0.3642517479378122]]	[[0.0, 0.0, 0.0], [0.0, 0.0, 0.0], [0.0, 0.0, 0.0]]	0.2450544595318044	[[-0.8535533905932738, -0.1464466094067262, 0.4999999999999999], [-0.49999999999999994, 0.49999999999999983, -0.7071067811865477], [-0.1464466094067261, -0.8535533905932738, -0.49999999999999983]]
10	[[-0.9945741148769375, -0.05571399045578551, -0.08785374940347358], [0.04382460725063632, 0.541520885874493, -0.8395442418128012], [0.09434900007993284, -0.8388391272640996, -0.5361410120059088]]	0.9501041391976575	0.049895860802342575	[[-0.9449489832834249, -0.052934092943260604, -0.08347021095227396], [0.041637940747541236, 0.5145012351313383, -0.7976544591859013], [0.08964137550510431, -0.7969845269345716, -0.509389794700435]]	0.9501041391976575	0.04989586080234272	[[-0.9449489832834247, -0.05293409294326059, -0.08347021095227397], [0.04163794074754123, 0.5145012351313382, -0.7976544591859015], [0.0896413755051043, -0.7969845269345714, -0.5093897947004348]]	[[0.0, 0.0, 0.0], [0.0, 0.0, 0.0], [0.0, 0.0, 0.0]]	0.23792349106480473	[[-1.0, 0.0, 0.0], [0.0, 0.7071067811865474, -0.7071067811865477], [0.0, -0.7071067811865477, -0.7071067811865474]]
10	[[0.2693697955279176, -0.8332118037256505, 0.4829057914226089], [-0.5456055074659315, 0.281164383477422, 0.7894689478925723], [-0.793570755181976, -0.4761351484568322, -0.37886775651129134]]	0.9292781266607901	0.07072187333920985	[[0.2503194589671834, -0.7742855040778306, 0.44875378920684833], [-0.5070192638737505, 0.2612799115616347, 0.7336362249544746], [-0.7374479447482952, -0.44246197879532223, -0.3520735190229892]]	0.9292781266607902	0.07072187333920989	[[0.2503194589671834, -0.7742855040778304, 0.44875378920684833], [-0.5070192638737507, 0.26127991156163477, 0.7336362249544746], [-0.7374479447482952, -0.4424619787953223, -0.3520735190229892]]	[[0.0, 0.0, 0.0], [0.0, 0.0, 0.0], [0.0, 0.0, 0.0]]	0.36753366359546913	[[0.14644660940672638, -0.8535533905932737, 0.4999999999999999], [-0.25000000000000017, 0.45710678118654735, 0.8535533905932738], [-0.9571067811865475, -0.2500000000000001, -0.14644660940672638]]
10	[[0.8082379753195112, 0.5598220322729544, 0.18262165105265082], [0.5142410611933297, -0.8221198924002462, 0.24428469764306882], [0.2868928480010876, -0.10352861779037982, -0.95235199325892]]	0.9425959931364961	0.05740400686350386	[[0.7618418770369255, 0.527686004490017, 0.17213843654219996], [0.4847215637870923, -0.7749269164542795, 0.23026177718291713], [0.27042404898534306, -0.09758566030417176, -0.8976831729014134]]	0.9425959931364963	0.05740400686350381	[[0.7618418770369256, 0.5276860044900171, 0.17213843654220007], [0.4847215637870924, -0.7749269164542794, 0.23026177718291715], [0.27042404898534306, -0.09758566030417179, -0.8976831729014134]]	[[0.0, 0.0, 0.0], [0.0, 0.0, 0.0], [0.0, 0.0, 0.0]]	0.24533216413798442	[[0.7803300858899106, 0.573223304703363, 0.24999999999999994], [0.4267766952966369, -0.7803300858899107, 0.4571067811865474], [0.45710678118654746, -0.24999999999999992, -0.8535533905932738]]
10	[[-0.26061641159578686, 0.214194633552232, 0.9413818274028666], [0.3269392317606362, 0.9370465383592396, -0.12269687724115588], [-0.9083995953008238, 0.27579783158391824, -0.31423833526625644]]	0.9560932738414529	0.04390672615854701	[[-0.24917359817942747, 0.20479004843222381, 0.9000488332964564], [0.3125844004412363, 0.895903892601686, -0.11730965905161954], [-0.8685147430274156, 0.26368845171744204, -0.30044115873120325]]	0.9560932738414532	0.043906726158547016	[[-0.24917359817942752, 0.20479004843222393, 0.9000488332964562], [0.3125844004412363, 0.8959038926016863, -0.11730965905161964], [-0.8685147430274158, 0.2636884517174422, -0.3004411587312034]]	[[0.0, 0.0, 0.0], [0.0, 0.0, 0.0], [0.0, 0.0, 0.0]]	0.21143946804693828	[[-0.07322330470336308, 0.2803300858899108, 0.9571067811865475], [0.2803300858899109, 0.9267766952966368, -0.25000000000000017], [-0.9571067811865475, 0.2500000000000001, -0.14644660940672638]]
10	[[-0.6444901429183796, 0.6254792214998769, 0.43978199048273264], [0.6024876936975031, 0.7695704867721718, -0.21158885800605393], [-0.47078767467310584, 0.12859630383938042, -0.8728241266227346]]	0.9706102255886622	0.029389774411337815	[[-0.6255487230076776, 0.6070965282810165, 0.426856896992276], [0.5847807162941262, 0.7469529837723142, -0.20537030920130345], [-0.45695133111882497, 0.12481688747940917, -0.8471720224405196]]	0.9706102255886621	0.029389774411338134	[[-0.6255487230076775, 0.6070965282810163, 0.42685689699227597], [0.5847807162941262, 0.7469529837723139, -0.20537030920130336], [-0.4569513311188249, 0.12481688747940917, -0.8471720224405191]]	[[0.0, 0.0, 0.0], [0.0, 0.0, 0.0], [0.0, 0.0, 0.0]]	0.15270201334567735	[[-0.7071067811865476, 0.5, 0.4999999999999999], [0.5, 0.8535533905932737, -0.14644660940672619], [-0.4999999999999999, 0.1464466094067262, -0.8535533905932738]]
10	[[0.38401809673392395, -0.5473175780213695, -0.7436219269021571], [0.16374961445699815, 0.8329771875431029, -0.5285215878258589], [0.9086892566471991, 0.08119405040767946, 0.40950135656961645]]	0.9649501397047295	0.03504986029527056	[[0.3705583160925443, -0.5281341733745747, -0.7175580822517367], [0.15801021334687598, 0.8037814534905697, -0.509996980009528], [0.8768398251499018, 0.07834821028408315, 0.39514839123112777]]	0.9649501397047295	0.03504986029527062	[[0.3705583160925443, -0.5281341733745747, -0.7175580822517368], [0.15801021334687598, 0.80378145349057, -0.509996980009528], [0.8768398251499014, 0.07834821028408315, 0.39514839123112755]]	[[0.0, 0.0, 0.0], [0.0, 0.0, 0.0], [0.0, 0.0, 0.0]]	0.13047649342636763	[[0.4999999999999999, -0.5, -0.7071067811865476], [0.14644660940672619, 0.8535533905932737, -0.5], [0.8535533905932738, 0.1464466094067262, 0.4999999999999999]]
10	[[0.5977334925608182, 0.6122861497964367, -0.5175136158967237], [0.8005212526413146, -0.4209281575567265, 0.4265972459422119], [0.04336353238179311, -0.669272109790446, -0.7417509333435437]]	0.9686000722399339	0.031399927760066074	[[0.5789647040746367, 0.5930604089243395, -0.501263725742716], [0.7753849431379799, -0.40771104381726764, 0.4132021232369833], [0.04200192059758352, -0.648257013891199, -0.7184600076205949]]	0.9686000722399338	0.03139992776006623	[[0.5789647040746365, 0.5930604089243394, -0.501263725742716], [0.7753849431379796, -0.4077110438172676, 0.41320212323698313], [0.04200192059758352, -0.6482570138911989, -0.7184600076205947]]	[[0.0, 0.0, 0.0], [0.0, 0.0, 0.0], [0.0, 0.0, 0.0]]	0.15772774338946077	[[0.7071067811865474, 0.5000000000000001, -0.5000000000000001], [0.7071067811865477, -0.4999999999999999, 0.49999999999999983], [0.0, -0.7071067811865475, -0.7071067811865476]]
10	[[-0.19118987636437412, 0.26283917413924524, 0.945707142678734], [0.07907792122591596, 0.9644731457555763, -0.2520679144415871], [-0.9783624653217047, 0.026591721534022325, -0.20518227700143543]]	0.9503665186306554	0.04963348136934497	[[-0.18170045719783562, 0.24979355088647104, 0.8987684048317326], [0.07515300869602295, 0.9166029858444835, -0.23955690630634102], [-0.9298029301266935, 0.025271881818684627, -0.19499836627856496]]	0.950366518630655	0.04963348136934511	[[-0.18170045719783556, 0.24979355088647096, 0.8987684048317325], [0.07515300869602291, 0.9166029858444834, -0.2395569063063409], [-0.9298029301266935, 0.025271881818684606, -0.19499836627856496]]	[[0.0, 0.0, 0.0], [0.0, 0.0, 0.0], [0.0, 0.0, 0.0]]	0.23461955359016573	[[-0.07322330470336308, 0.2803300858899108, 0.9571067811865475], [0.2803300858899109, 0.9267766952966368, -0.25000000000000017], [-0.9571067811865475, 0.2500000000000001, -0.14644660940672638]]
10	[[0.3150175355465583, 0.07704224194745776, 0.9459537225752019], [0.010291163786529306, 0.9963639725302899, -0.08457497378999636], [-0.9490300544482728, 0.036377564505737925, 0.3130792688035079]]	0.9536031147214377	0.04639688527856224	[[0.3004017030890692, 0.07346772188621832, 0.9020644162300514], [0.009813685840942818, 0.9501357876011095, -0.08065095843362448], [-0.9049980158861287, 0.03468975881865169, 0.2985533658857354]]	0.9536031147214378	0.04639688527856239	[[0.3004017030890693, 0.07346772188621833, 0.9020644162300513], [0.009813685840942821, 0.9501357876011095, -0.0806509584336245], [-0.9049980158861285, 0.03468975881865172, 0.2985533658857353]]	[[0.0, 0.0, 0.0], [0.0, 0.0, 0.0], [0.0, 0.0, 0.0]]	0.2919866727091339	[[0.4999999999999999, 0.1464466094067262, 0.8535533905932738], [0.14644660940672619, 0.9571067811865475, -0.2499999999999999], [-0.8535533905932738, 0.24999999999999992, 0.45710678118654746]]
10	[[0.14079796079058327, 0.02201185143879847, 0.9897936212329567], [-0.639458496161006, -0.7612176221964431, 0.10789144240901527], [0.755823237221983, -0.6481228356213269, -0.09310222350434222]]	0.9563101578872107	0.043689842112789194	[[0.13464652011384, 0.021050157124827173, 0.9465496941970429], [-0.6115206554260503, -0.7279601444692076, 0.10317768232484428], [0.7228014393225773, -0.6198064512633379, -0.08903460205908789]]	0.9563101578872109	0.04368984211278918	[[0.13464652011384, 0.02105015712482719, 0.9465496941970428], [-0.61152065542605, -0.7279601444692078, 0.10317768232484434], [0.7228014393225773, -0.619806451263338, -0.0890346020590879]]	[[0.0, 0.0, 0.0], [0.0, 0.0, 0.0], [0.0, 0.0, 0.0]]	0.16443542411145087	[[2.2160455219980553e-16, 2.2160455219980555e-16, 1.0], [-0.7071067811865475, -0.7071067811865476, 2.7817808468846267e-16], [0.7071067811865476, -0.7071067811865475, 0.0]]
