1	[[-0.8454278191407976, -0.5275798211578228, 0.08313443889216068], [0.5338434264073765, -0.8300116656812779, 0.16152965955087792], [-0.016217234797175482, 0.18094244151129993, 0.9833599718086266]]	0.0	1.0	[[2.7755575615628914e-17, 0.0, 0.0], [0.0, 0.0, 0.0], [0.0, 0.0, 1.1102230246251565e-16]]	0.0	1.9861604808185873	[[-0.9199999999999999, -9.657258115204643e-18, 0.0], [1.049701969043983e-17, 1.0, 0.0], [0.0, 0.0, -0.9199999999999999]]	[[-0.9199999999999999, -9.657258115204645e-18, 0.0], [1.0497019690439832e-17, 1.0, 0.0], [0.0, 0.0, -0.9199999999999999]]	0.6135622812930531	[[-0.9199999999999999, 0.0, 0.0], [0.0, -1.0, 0.0], [0.0, 0.0, 0.9199999999999999]]
1	[[-0.21951259035361326, -0.17809212642501718, -0.9592170855346885], [-0.39870436216914484, 0.9137219002469867, -0.0784035751501837], [0.8904207175619522, 0.3652334643956531, -0.27157956885967516]]	0.0	0.9999999999999998	[[0.0, 0.0, 0.0], [0.0, 2.7755575615628914e-17, 0.0], [0.0, 0.0, 5.551115123125783e-17]]	0.0	1.5601188879433772	[[0.6505382386916237, 0.6505382386916236, 0.0], [-0.7071067811865475, 0.7071067811865476, 0.0], [0.0, 0.0, 0.9200000000000002]]	[[0.6505382386916237, 0.6505382386916236, 0.0], [-0.7071067811865475, 0.7071067811865476, 0.0], [0.0, 0.0, 0.9199999999999999]]	0.9999999999999998	[[0.0, 0.0, 0.0], [0.0, 0.0, 0.0], [0.0, 0.0, 0.0]]
1	[[0.1093031896461408, 0.1859596356180152, -0.9764588197430523], [-0.9647495672926553, -0.21674161245263301, -0.1492693734162066], [-0.23939733737411129, 0.9583538424570789, 0.15571392842625953]]	0.0	1.0	[[2.7755575615628914e-17, 0.0, 0.0], [0.0, 0.0, 0.0], [0.0, 0.0, 1.1102230246251565e-16]]	0.0	1.8461288241407183	[[-0.9199999999999999, -1.053190938228271e-29, 0.0], [1.144772758943773e-29, 1.0, 0.0], [0.0, 0.0, -0.9199999999999999]]	[[-0.9199999999999999, -1.053190938228271e-29, 0.0], [1.144772758943773e-29, 1.0, 0.0], [0.0, 0.0, -0.9199999999999999]]	1.0	[[0.0, 0.0, 0.0], [0.0, 0.0, 0.0], [0.0, 0.0, 0.0]]
1	[[-0.7969422360492981, -0.5496472174344235, -0.2505414312391083], [-0.20133618011619125, -0.14934722918147175, 0.9680698051855754], [-0.5695145432532569, 0.8219387699229261, 0.008357243601908652]]	0.0	1.0000000000000002	[[-8.326672684688674e-17, 0.0, 0.0], [0.0, 4.163336342344337e-17, 0.0], [0.0, 0.0, 0.0]]	0.0	1.872883476835376	[[0.9199999999999999, 1.5489653459165217e-18, 0.0], [-1.6836579846918714e-18, -1.0, 0.0], [0.0, 0.0, -0.9199999999999999]]	[[0.9199999999999999, 1.5489653459165219e-18, 0.0], [-1.6836579846918716e-18, -1.0, 0.0], [0.0, 0.0, -0.9199999999999999]]	1.0000000000000002	[[0.0, 0.0, 0.0], [0.0, 0.0, 0.0], [0.0, 0.0, 0.0]]
1	[[-0.9404471891782326, -0.16511750794278138, -0.2971452387932999], [-0.33967856319298195, 0.4221845412224513, 0.8404633762752188], [-0.01332509189135525, 0.8913452875982203, -0.45312914296316575]]	0.0	1.0000000000000002	[[-8.326672684688674e-17, 0.0, 0.0], [0.0, 5.551115123125783e-17, 0.0], [0.0, 0.0, 0.0]]	0.0	1.8659431781789335	[[0.650538238691624, 0.6505382386916237, 0.0], [-0.7071067811865476, 0.7071067811865478, 0.0], [0.0, 0.0, 0.9200000000000003]]	[[0.6505382386916239, 0.6505382386916237, 0.0], [-0.7071067811865476, 0.7071067811865477, 0.0], [0.0, 0.0, 0.9200000000000003]]	1.0000000000000002	[[0.0, 0.0, 0.0], [0.0, 0.0, 0.0], [0.0, 0.0, 0.0]]
1	[[-0.09505120117050858, 0.5452103891734319, 0.8328930907946102], [-0.8397020396470369, 0.4054655520987933, -0.361245305400398], [-0.5346641504427332, -0.7337188273436738, 0.41927428806543177]]	0.0	1.0000000000000002	[[2.7755575615628914e-17, 0.0, 0.0], [0.0, 0.0, 0.0], [0.0, 0.0, 5.551115123125783e-17]]	0.0	1.7045053228789826	[[-0.92, -1.6454703187413074e-17, 0.0], [1.78855469428403e-17, -0.9999999999999999, 0.0], [0.0, 0.0, 0.92]]	[[-0.9199999999999999, -1.6454703187413074e-17, 0.0], [1.78855469428403e-17, -1.0, 0.0], [0.0, 0.0, 0.9199999999999999]]	1.0	[[0.0, 0.0, 0.0], [0.0, 0.0, 0.0], [0.0, 0.0, 0.0]]
1	[[0.045438286595317165, 0.914755726437795, 0.40144404723515764], [0.8006341574927736, -0.2736772949406891, 0.532996889380964], [0.597428077652129, 0.29719135112450484, -0.7448201077103603]]	0.0	1.0	[[2.7755575615628914e-17, 0.0, 0.0], [0.0, 0.0, 0.0], [0.0, 0.0, 1.1102230246251565e-16]]	0.0	1.9427166262917746	[[0.6505382386916236, -0.6505382386916235, 0.0], [0.7071067811865474, 0.7071067811865475, 0.0], [0.0, 0.0, 0.9199999999999998]]	[[0.6505382386916237, -0.6505382386916236, 0.0], [0.7071067811865475, 0.7071067811865476, 0.0], [0.0, 0.0, 0.9199999999999999]]	1.0	[[0.0, 0.0, 0.0], [0.0, 0.0, 0.0], [0.0, 0.0, 0.0]]
1	[[0.39962180205666736, -0.8574648204204427, -0.3241242000565831], [-0.742889895952614, -0.510089041811326, 0.433501755377666], [-0.5370447074615821, 0.0675518405770078, -0.8408446533231704]]	0.0	1.0000000000000002	[[2.7755575615628914e-17, 0.0, 0.0], [0.0, 0.0, 0.0], [0.0, 0.0, 1.1102230246251565e-16]]	0.0	1.9541923830325842	[[0.6505382386916236, 0.6505382386916235, 0.0], [-0.7071067811865474, 0.7071067811865475, 0.0], [0.0, 0.0, 0.9199999999999998]]	[[0.6505382386916237, 0.6505382386916236, 0.0], [-0.7071067811865475, 0.7071067811865476, 0.0], [0.0, 0.0, 0.9199999999999999]]	1.0	[[0.0, 0.0, 0.0], [0.0, 0.0, 0.0], [0.0, 0.0, 0.0]]
1	[[-0.46302331253993745, -0.17599259499966094, -0.8686978868109609], [0.02399014622745857, 0.9772413149034422, -0.2107697448159405], [0.8860213794985587, -0.11843149475995327, -0.44826342268848407]]	0.0	1.0000000000000002	[[0.0, 0.0, 0.0], [0.0, 0.0, 0.0], [0.0, 0.0, 5.551115123125783e-17]]	0.0	1.6626865197735938	[[0.6505382386916237, -0.6505382386916236, 0.0], [0.7071067811865475, 0.7071067811865476, 0.0], [0.0, 0.0, 0.9199999999999999]]	[[0.6505382386916237, -0.6505382386916236, 0.0], [0.7071067811865475, 0.7071067811865476, 0.0], [0.0, 0.0, 0.9199999999999999]]	1.0000000000000002	[[0.0, 0.0, 0.0], [0.0, 0.0, 0.0], [0.0, 0.0, 0.0]]
1	[[-0.4889737104017652, -0.6675742726348228, 0.5614706591194402], [-0.8352955409727327, 0.5438241864302344, -0.08084932581391074], [-0.2513683945268397, -0.5085271327761987, -0.8235375434449957]]	0.0	1.0000000000000004	[[0.0, 0.0, 0.0], [0.0, 0.0, 0.0], [0.0, 0.0, 5.551115123125783e-17]]	0.0	1.8393804757743721	[[0.6505382386916237, 0.6505382386916236, 0.0], [-0.7071067811865475, 0.7071067811865476, 0.0], [0.0, 0.0, 0.92]]	[[0.6505382386916237, 0.6505382386916236, 0.0], [-0.7071067811865475, 0.7071067811865476, 0.0], [0.0, 0.0, 0.9199999999999999]]	1.0000000000000004	[[0.0, 0.0, 0.0], [0.0, 0.0, 0.0], [0.0, 0.0, 0.0]]
1	[[-0.14788840876935622, -0.1760303547303998, -0.9732123780373726], [0.7447065518890947, -0.66734943231379, 0.007542331464318042], [-0.6508004072871522, -0.7236422109053288, 0.22978420413710982]]	0.0	1.0000000000000007	[[0.0, 0.0, 0.0], [0.0, -1.3877787807814457e-17, 0.0], [0.0, 0.0, 5.551115123125783e-17]]	0.0	1.9292083458563467	[[-0.9199999999999999, -1.477639956314246e-17, 0.0], [1.606130387298094e-17, 1.0, 0.0], [0.0, 0.0, -0.9199999999999999]]	[[-0.9199999999999999, -1.4776399563142467e-17, 0.0], [1.6061303872980943e-17, 1.0, 0.0], [0.0, 0.0, -0.9199999999999999]]	1.0000000000000007	[[0.0, 0.0, 0.0], [0.0, 0.0, 0.0], [0.0, 0.0, 0.0]]
1	[[-0.7823064473600231, -0.6191382563410173, -0.06829671993547412], [0.4516132128936376, -0.48825713387833247, -0.7467599863120696], [0.42900131510151085, -0.6150388530425709, 0.6615777209740769]]	0.0	1.0000000000000002	[[5.551115123125783e-17, 0.0, 0.0], [0.0, 0.0, 0.0], [0.0, 0.0, 1.1102230246251565e-16]]	0.0	1.930603758469495	[[0.9199999999999999, -9.028031637431705e-18, 0.0], [9.813077866773593e-18, -1.0, 0.0], [0.0, 0.0, -0.9199999999999999]]	[[0.9199999999999999, -9.028031637431705e-18, 0.0], [9.813077866773593e-18, -1.0, 0.0], [0.0, 0.0, -0.9199999999999999]]	1.0000000000000002	[[0.0, 0.0, 0.0], [0.0, 0.0, 0.0], [0.0, 0.0, 0.0]]
1	[[-0.07673908792314688, -0.9932055702045202, -0.08748604288363548], [-0.7029605032121287, -0.008330385140834728, 0.7111801006827707], [-0.7070768298484077, 0.11607454500500591, -0.6975450212663026]]	0.0	1.0	[[2.7755575615628914e-17, 0.0, 0.0], [0.0, 0.0, 0.0], [0.0, 0.0, 1.1102230246251565e-16]]	0.0	1.8756291239358251	[[0.6505382386916237, -0.6505382386916236, 0.0], [0.7071067811865475, 0.7071067811865476, 0.0], [0.0, 0.0, 0.9199999999999999]]	[[0.6505382386916237, -0.6505382386916236, 0.0], [0.7071067811865475, 0.7071067811865476, 0.0], [0.0, 0.0, 0.9199999999999999]]	0.9999999999999998	[[0.0, 0.0, 0.0], [0.0, 0.0, 0.0], [0.0, 0.0, 0.0]]
1	[[-0.7906551711763438, -0.6122537057691856, -0.0031305053914775782], [0.21569187232512302, -0.27374870521795946, -0.9373039328864322], [0.5730108345441554, -0.7417594260697941, 0.3484989775187588]]	0.0	1.0	[[5.551115123125783e-17, 0.0, 0.0], [0.0, 0.0, 0.0], [0.0, 0.0, 1.1102230246251565e-16]]	0.0	1.9180283986626587	[[0.9199999999999999, -9.028031637431705e-18, 0.0], [9.813077866773593e-18, -1.0, 0.0], [0.0, 0.0, -0.9199999999999999]]	[[0.9199999999999999, -9.028031637431705e-18, 0.0], [9.813077866773593e-18, -1.0, 0.0], [0.0, 0.0, -0.9199999999999999]]	1.0	[[0.0, 0.0, 0.0], [0.0, 0.0, 0.0], [0.0, 0.0, 0.0]]
1	[[-0.328472184202533, 0.6350926635744277, -0.699116108296151], [0.7870892180276409, -0.22510676047337688, -0.5742974048816677], [-0.522107830883481, -0.738907473952673, -0.4259332786564415]]	0.0	0.9999999999999998	[[2.7755575615628914e-17, 0.0, 0.0], [0.0, 0.0, 0.0], [0.0, 0.0, 1.1102230246251565e-16]]	0.0	1.8753850674353605	[[0.6505382386916237, -0.6505382386916236, 0.0], [0.7071067811865475, 0.7071067811865476, 0.0], [0.0, 0.0, 0.9199999999999999]]	[[0.6505382386916237, -0.6505382386916236, 0.0], [0.7071067811865475, 0.7071067811865476, 0.0], [0.0, 0.0, 0.9199999999999999]]	0.9999999999999998	[[0.0, 0.0, 0.0], [0.0, 0.0, 0.0], [0.0, 0.0, 0.0]]
1	[[-0.6423177830836196, 0.6472169826683319, -0.4105338510771609], [0.6354509445700302, 0.7491834873395028, 0.186885524701293], [0.4285206676224623, -0.14083422752840047, -0.8924885196891207]]	0.0	1.0000000000000002	[[0.0, 0.0, 0.0], [0.0, 0.0, 0.0], [0.0, 0.0, 5.551115123125783e-17]]	0.0	1.8785651097776679	[[0.6505382386916237, -0.6505382386916236, 0.0], [0.7071067811865475, 0.7071067811865476, 0.0], [0.0, 0.0, 0.92]]	[[0.6505382386916237, -0.6505382386916236, 0.0], [0.7071067811865475, 0.7071067811865476, 0.0], [0.0, 0.0, 0.9199999999999999]]	0.8545623197838857	[[-0.9199999999999999, 0.0, 0.0], [0.0, 1.0, 0.0], [0.0, 0.0, -0.9199999999999999]]
1	[[-0.10494230950179255, 0.25078566681139447, 0.9623376024028126], [-0.014608284002347344, -0.9679651692114681, 0.2506591894025037], [0.9943710121051078, 0.012246653231707691, 0.1052440486188438]]	0.0	0.9999999999999999	[[0.0, 0.0, 0.0], [0.0, 0.0, 0.0], [0.0, 0.0, 5.551115123125783e-17]]	0.0	1.8619688659776588	[[0.6505382386916242, 0.650538238691624, 0.0], [-0.7071067811865478, 0.707106781186548, 0.0], [0.0, 0.0, 0.9200000000000005]]	[[0.6505382386916241, 0.650538238691624, 0.0], [-0.7071067811865478, 0.7071067811865479, 0.0], [0.0, 0.0, 0.9200000000000005]]	0.3070626716807188	[[0.0, 0.0, 0.9199999999999999], [0.0, -1.0, 0.0], [0.9199999999999999, 0.0, 0.0]]
1	[[-0.7351688989075352, -0.09676064626795722, 0.6709426707349067], [-0.4070551462354579, -0.7284396683943796, -0.5510732777342012], [0.5420634630763377, -0.6782426017608253, 0.49613926991762536]]	0.0	1.0	[[2.7755575615628914e-17, 0.0, 0.0], [0.0, 0.0, 0.0], [0.0, 0.0, 1.1102230246251565e-16]]	0.0	1.8700012527369634	[[-0.9199999999999999, 9.657258115204643e-18, 0.0], [-1.049701969043983e-17, 1.0, 0.0], [0.0, 0.0, -0.9199999999999999]]	[[-0.9199999999999999, 9.657258115204645e-18, 0.0], [-1.0497019690439832e-17, 1.0, 0.0], [0.0, 0.0, -0.9199999999999999]]	1.0	[[0.0, 0.0, 0.0], [0.0, 0.0, 0.0], [0.0, 0.0, 0.0]]
1	[[0.607699742283575, 0.04436598313018672, -0.7929266566141968], [-0.48983361298617956, -0.764959691968786, -0.4182101161520675], [-0.6251112339555114, 0.6425483088483792, -0.443133857856411]]	0.0	1.0000000000000002	[[2.7755575615628914e-17, 0.0, 0.0], [0.0, 0.0, 0.0], [0.0, 0.0, 8.326672684688674e-17]]	0.0	1.9748507270978444	[[-0.9199999999999999, 0.0, 0.0], [0.0, 1.0, 0.0], [0.0, 0.0, -0.9199999999999999]]	[[-0.9199999999999999, 0.0, 0.0], [0.0, 1.0, 0.0], [0.0, 0.0, -0.9199999999999999]]	1.0	[[0.0, 0.0, 0.0], [0.0, 0.0, 0.0], [0.0, 0.0, 0.0]]
1	[[-0.4173896908511048, -0.2512754656216099, -0.8732963336393107], [0.3950375357134564, 0.8152827950674679, -0.42339025667156843], [0.8183710596964306, -0.5217035599299856, -0.24102739306502285]]	0.0	1.0	[[0.0, 0.0, 0.0], [0.0, 0.0, 0.0], [0.0, 0.0, 5.551115123125783e-17]]	0.0	1.5280300296741407	[[0.6505382386916237, -0.6505382386916236, 0.0], [0.7071067811865475, 0.7071067811865476, 0.0], [0.0, 0.0, 0.9199999999999999]]	[[0.6505382386916237, -0.6505382386916236, 0.0], [0.7071067811865475, 0.7071067811865476, 0.0], [0.0, 0.0, 0.9199999999999999]]	1.0	[[0.0, 0.0, 0.0], [0.0, 0.0, 0.0], [0.0, 0.0, 0.0]]
1	[[-0.09107681945440971, 0.026979593008170225, -0.9954783345302809], [0.1626680633668992, -0.9858035016183849, -0.04159996823788131], [-0.9824683781774002, -0.16572132559825775, 0.08539512938935634]]	0.0	0.9999999999999999	[[0.0, 0.0, 0.0], [0.0, 0.0, 0.0], [0.0, 0.0, 5.551115123125783e-17]]	0.0	1.8856173249286636	[[0.6505382386916242, -0.650538238691624, 0.0], [0.7071067811865478, 0.707106781186548, 0.0], [0.0, 0.0, 0.9200000000000005]]	[[0.6505382386916241, -0.650538238691624, 0.0], [0.7071067811865478, 0.7071067811865479, 0.0], [0.0, 0.0, 0.9200000000000005]]	0.9999999999999999	[[0.0, 0.0, 0.0], [0.0, 0.0, 0.0], [0.0, 0.0, 0.0]]
1	[[-0.10249990202145981, -0.9422123744706561, -0.3189507978982955], [0.6126683972808709, 0.19280684864693648, -0.7664613193685161], [0.7836652378783178, -0.27397328429831536, 0.5575010622697631]]	0.0	1.0000000000000002	[[5.551115123125783e-17, 0.0, 0.0], [0.0, 0.0, 0.0], [0.0, 0.0, 1.1102230246251565e-16]]	0.0	1.7726079958514351	[[-0.9200000000000002, 3.141328371712193e-17, 0.0], [-3.414487360556732e-17, 1.0000000000000004, 0.0], [0.0, 0.0, -0.9200000000000003]]	[[-0.9200000000000002, 3.141328371712193e-17, 0.0], [-3.414487360556732e-17, 1.0000000000000002, 0.0], [0.0, 0.0, -0.9200000000000002]]	1.0000000000000004	[[0.0, 0.0, 0.0], [0.0, 0.0, 0.0], [0.0, 0.0, 0.0]]
1	[[-0.9494449584333646, 0.029426784615528695, -0.3125513321882631], [-0.305151494792988, 0.14733284102383137, 0.940837711394187], [0.07373490442844376, 0.988649128003984, -0.1309047958093612]]	0.0	1.0	[[-8.326672684688674e-17, 0.0, 0.0], [0.0, 5.551115123125783e-17, 0.0], [0.0, 0.0, 0.0]]	0.0	1.817377321057161	[[0.650538238691624, 0.6505382386916237, 0.0], [-0.7071067811865476, 0.7071067811865478, 0.0], [0.0, 0.0, 0.9200000000000003]]	[[0.6505382386916239, 0.6505382386916237, 0.0], [-0.7071067811865476, 0.7071067811865477, 0.0], [0.0, 0.0, 0.9200000000000003]]	1.0000000000000002	[[0.0, 0.0, 0.0], [0.0, 0.0, 0.0], [0.0, 0.0, 0.0]]
1	[[-0.4073423402475564, 0.6394988746997277, 0.652007213993393], [0.8839564696894593, 0.09663191055244695, 0.45747484472605926], [0.22954994562358777, 0.76269486894876, -0.6046514362369794]]	0.0	1.0000000000000002	[[2.7755575615628914e-17, 0.0, 0.0], [0.0, 0.0, 0.0], [0.0, 0.0, 1.1102230246251565e-16]]	0.0	1.848186014541122	[[0.6505382386916237, -0.6505382386916236, 0.0], [0.7071067811865475, 0.7071067811865476, 0.0], [0.0, 0.0, 0.9199999999999999]]	[[0.6505382386916237, -0.6505382386916236, 0.0], [0.7071067811865475, 0.7071067811865476, 0.0], [0.0, 0.0, 0.9199999999999999]]	1.0000000000000002	[[0.0, 0.0, 0.0], [0.0, 0.0, 0.0], [0.0, 0.0, 0.0]]
1	[[0.5859585634738876, 0.36139819833278886, -0.7252888418646962], [-0.7596467684279905, 0.5565829073689794, -0.33638111487062594], [0.28211584341991347, 0.748068719748733, 0.600669494335248]]	0.0	1.0	[[0.0, 0.0, 0.0], [0.0, 0.0, 0.0], [0.0, 0.0, 5.551115123125783e-17]]	0.0	0.8712019620915683	[[0.6505382386916235, 0.6505382386916235, 0.0], [-0.7071067811865474, 0.7071067811865474, 0.0], [0.0, 0.0, 0.9199999999999999]]	[[0.6505382386916236, 0.6505382386916235, 0.0], [-0.7071067811865474, 0.7071067811865475, 0.0], [0.0, 0.0, 0.9199999999999998]]	0.8712019620915683	[[0.6505382386916237, 0.6505382386916236, 0.0], [-0.7071067811865475, 0.7071067811865476, 0.0], [0.0, 0.0, 0.9199999999999999]]
1	[[-0.9811165986123564, 0.18418769307433647, 0.05903485112435114], [-0.17683959200596489, -0.7305894532589015, -0.6595201357699575], [-0.0783452527373813, -0.6575058513099433, 0.74936511585922]]	0.0	1.0	[[5.551115123125783e-17, 0.0, 0.0], [0.0, 0.0, 0.0], [0.0, 0.0, 1.1102230246251565e-16]]	0.0	1.8723641619656153	[[-0.92, -6.6106231146436874e-18, 0.0], [7.1854599072214e-18, 1.0, 0.0], [0.0, 0.0, -0.9199999999999998]]	[[-0.9199999999999999, -6.610623114643687e-18, 0.0], [7.185459907221399e-18, 1.0, 0.0], [0.0, 0.0, -0.9199999999999999]]	0.7603873498392131	[[-0.9199999999999999, 0.0, 0.0], [0.0, -1.0, 0.0], [0.0, 0.0, 0.9199999999999999]]
1	[[0.5316565726284, 0.12413974256263854, 0.8378129941087711], [-0.8431913025942939, 0.17079270063273144, 0.5097629651513687], [-0.0798105006271736, -0.9774554607382677, 0.19547661308345798]]	0.0	0.9999999999999998	[[-5.551115123125783e-17, 0.0, 0.0], [0.0, 2.7755575615628914e-17, 0.0], [0.0, 0.0, 5.551115123125783e-17]]	0.0	1.6778229747388764	[[0.9200000000000004, -2.3440191662359592e-17, 0.0], [2.547846919821695e-17, -1.0000000000000002, 0.0], [0.0, 0.0, -0.9200000000000002]]	[[0.9200000000000002, -2.3440191662359592e-17, 0.0], [2.547846919821695e-17, -1.0000000000000002, 0.0], [0.0, 0.0, -0.9200000000000002]]	0.9999999999999997	[[0.0, 0.0, 0.0], [0.0, 0.0, 0.0], [0.0, 0.0, 0.0]]
1	[[-0.7229741855265539, 0.37453352207805324, 0.5805454055472524], [0.6255107660641113, -0.0019251384381000977, 0.7802131602196173], [0.2933336131439832, 0.9272113754057388, -0.23288292491742163]]	0.0	0.9999999999999998	[[-5.551115123125783e-17, 0.0, 0.0], [0.0, 2.7755575615628914e-17, 0.0], [0.0, 0.0, 0.0]]	0.0	1.8385827669208756	[[0.6505382386916237, -0.6505382386916236, 0.0], [0.7071067811865475, 0.7071067811865476, 0.0], [0.0, 0.0, 0.9199999999999999]]	[[0.6505382386916237, -0.6505382386916236, 0.0], [0.7071067811865475, 0.7071067811865476, 0.0], [0.0, 0.0, 0.9199999999999999]]	0.9999999999999998	[[0.0, 0.0, 0.0], [0.0, 0.0, 0.0], [0.0, 0.0, 0.0]]
1	[[-0.5765804364735063, -0.21489234046914468, -0.7882742430675469], [0.7184694088670802, -0.5927529150888833, -0.36393088653729166], [-0.3890458954907621, -0.7761863588477473, 0.49616330732982133]]	0.0	1.0	[[2.7755575615628914e-17, 0.0, 0.0], [0.0, 0.0, 0.0], [0.0, 0.0, 1.1102230246251565e-16]]	0.0	1.8697628042517136	[[-0.9199999999999999, -9.657258115204643e-18, 0.0], [1.049701969043983e-17, 1.0, 0.0], [0.0, 0.0, -0.9199999999999999]]	[[-0.9199999999999999, -9.657258115204645e-18, 0.0], [1.0497019690439832e-17, 1.0, 0.0], [0.0, 0.0, -0.9199999999999999]]	1.0	[[0.0, 0.0, 0.0], [0.0, 0.0, 0.0], [0.0, 0.0, 0.0]]
1	[[0.4863417937448936, 0.8226223794475465, -0.29455743156310954], [-0.6786221941306434, 0.14325991665360527, -0.7203808117334284], [-0.5504031043610768, 0.5502445066626823, 0.6279230889187231]]	0.0	0.9999999999999998	[[2.7755575615628914e-17, 0.0, 0.0], [0.0, 0.0, 0.0], [0.0, 0.0, 1.1102230246251565e-16]]	0.0	1.7208859158207588	[[-0.9200000000000003, -7.47831727197515e-17, 0.0], [8.128605730407772e-17, -1.0000000000000004, 0.0], [0.0, 0.0, 0.9200000000000003]]	[[-0.92, -7.47831727197515e-17, 0.0], [8.128605730407772e-17, -1.0000000000000002, 0.0], [0.0, 0.0, 0.9200000000000003]]	0.9506294380262696	[[0.6505382386916237, 0.6505382386916236, 0.0], [-0.7071067811865475, 0.7071067811865476, 0.0], [0.0, 0.0, 0.9199999999999999]]
1	[[-0.19118987636437412, 0.26283917413924524, 0.945707142678734], [0.07907792122591596, 0.9644731457555763, -0.2520679144415871], [-0.9783624653217047, 0.026591721534022325, -0.20518227700143543]]	0.0	1.0000000000000004	[[0.0, 0.0, 0.0], [0.0, 2.7755575615628914e-17, 0.0], [0.0, 0.0, 5.551115123125783e-17]]	0.0	1.5490532995926163	[[0.6505382386916237, 0.6505382386916236, 0.0], [-0.7071067811865475, 0.7071067811865476, 0.0], [0.0, 0.0, 0.9200000000000002]]	[[0.6505382386916237, 0.6505382386916236, 0.0], [-0.7071067811865475, 0.7071067811865476, 0.0], [0.0, 0.0, 0.9199999999999999]]	1.0000000000000007	[[0.0, 0.0, 0.0], [0.0, 0.0, 0.0], [0.0, 0.0, 0.0]]
1	[[-0.6444901429183796, 0.6254792214998769, 0.43978199048273264], [0.6024876936975031, 0.7695704867721718, -0.21158885800605393], [-0.47078767467310584, 0.12859630383938042, -0.8728241266227346]]	0.0	0.9999999999999999	[[0.0, 0.0, 0.0], [0.0, 2.7755575615628914e-17, 0.0], [0.0, 0.0, 5.551115123125783e-17]]	0.0	1.8841867313862617	[[0.9199999999999999, 1.1351479656321663e-17, 0.0], [-1.2338564843827894e-17, -1.0, 0.0], [0.0, 0.0, -0.9199999999999999]]	[[0.9199999999999999, 1.1351479656321663e-17, 0.0], [-1.2338564843827894e-17, -1.0, 0.0], [0.0, 0.0, -0.9199999999999999]]	0.850023072343417	[[-0.9199999999999999, 0.0, 0.0], [0.0, 1.0, 0.0], [0.0, 0.0, -0.9199999999999999]]
1	[[0.8082379753195112, 0.5598220322729544, 0.18262165105265082], [0.5142410611933297, -0.8221198924002462, 0.24428469764306882], [0.2868928480010876, -0.10352861779037982, -0.95235199325892]]	0.0	1.0	[[0.0, 0.0, 0.0], [0.0, 0.0, 0.0], [0.0, 0.0, 1.1102230246251565e-16]]	0.0	1.9681704681975605	[[0.6505382386916237, -0.6505382386916236, 0.0], [0.7071067811865475, 0.7071067811865476, 0.0], [0.0, 0.0, 0.9199999999999999]]	[[0.6505382386916237, -0.6505382386916236, 0.0], [0.7071067811865475, 0.7071067811865476, 0.0], [0.0, 0.0, 0.9199999999999999]]	0.6674380474538091	[[0.9199999999999999, 0.0, 0.0], [0.0, -1.0, 0.0], [0.0, 0.0, -0.9199999999999999]]
1	[[0.38401809673392395, -0.5473175780213695, -0.7436219269021571], [0.16374961445699815, 0.8329771875431029, -0.5285215878258589], [0.9086892566471991, 0.08119405040767946, 0.40950135656961645]]	0.0	1.0000000000000002	[[0.0, 0.0, 0.0], [0.0, 0.0, 0.0], [0.0, 0.0, 5.551115123125783e-17]]	0.0	1.095620154081472	[[0.6505382386916235, -0.6505382386916235, 0.0], [0.7071067811865474, 0.7071067811865474, 0.0], [0.0, 0.0, 0.9199999999999999]]	[[0.6505382386916236, -0.6505382386916235, 0.0], [0.7071067811865474, 0.7071067811865475, 0.0], [0.0, 0.0, 0.9199999999999998]]	1.0000000000000002	[[0.0, 0.0, 0.0], [0.0, 0.0, 0.0], [0.0, 0.0, 0.0]]
1	[[-0.11776339373586858, 0.36921076657559443, 0.9218542145808483], [-0.35654034849298993, -0.8821364675726786, 0.30775677486433006], [0.9268283352338275, -0.29243574067315803, 0.235521919541756]]	0.0	1.0	[[0.0, 0.0, 0.0], [0.0, 0.0, 0.0], [0.0, 0.0, 5.551115123125783e-17]]	0.0	1.7205376402502703	[[0.6505382386916242, 0.650538238691624, 0.0], [-0.7071067811865478, 0.707106781186548, 0.0], [0.0, 0.0, 0.9200000000000005]]	[[0.6505382386916241, 0.650538238691624, 0.0], [-0.7071067811865478, 0.7071067811865479, 0.0], [0.0, 0.0, 0.9200000000000005]]	0.5447120340188069	[[0.0, 0.0, 0.9199999999999999], [0.0, -1.0, 0.0], [0.9199999999999999, 0.0, 0.0]]
1	[[0.3150175355465583, 0.07704224194745776, 0.9459537225752019], [0.010291163786529306, 0.9963639725302899, -0.08457497378999636], [-0.9490300544482728, 0.036377564505737925, 0.3130792688035079]]	0.0	1.0	[[0.0, 0.0, 0.0], [0.0, 2.7755575615628914e-17, 0.0], [0.0, 0.0, 5.551115123125783e-17]]	0.0	1.2815395932933438	[[0.6505382386916237, 0.6505382386916236, 0.0], [-0.7071067811865475, 0.7071067811865476, 0.0], [0.0, 0.0, 0.9199999999999999]]	[[0.6505382386916237, 0.6505382386916236, 0.0], [-0.7071067811865475, 0.7071067811865476, 0.0], [0.0, 0.0, 0.9199999999999999]]	1.0	[[0.0, 0.0, 0.0], [0.0, 0.0, 0.0], [0.0, 0.0, 0.0]]
1	[[0.2693697955279176, -0.8332118037256505, 0.4829057914226089], [-0.5456055074659315, 0.281164383477422, 0.7894689478925723], [-0.793570755181976, -0.4761351484568322, -0.37886775651129134]]	0.0	1.0000000000000002	[[0.0, 0.0, 0.0], [0.0, 0.0, 0.0], [0.0, 0.0, 5.551115123125783e-17]]	0.0	1.665574823200464	[[0.6505382386916237, -0.6505382386916236, 0.0], [0.7071067811865475, 0.7071067811865476, 0.0], [0.0, 0.0, 0.92]]	[[0.6505382386916237, -0.6505382386916236, 0.0], [0.7071067811865475, 0.7071067811865476, 0.0], [0.0, 0.0, 0.9199999999999999]]	1.0000000000000002	[[0.0, 0.0, 0.0], [0.0, 0.0, 0.0], [0.0, 0.0, 0.0]]
1	[[-0.26061641159578686, 0.214194633552232, 0.9413818274028666], [0.3269392317606362, 0.9370465383592396, -0.12269687724115588], [-0.9083995953008238, 0.27579783158391824, -0.31423833526625644]]	0.0	1.0000000000000002	[[0.0, 0.0, 0.0], [0.0, 2.7755575615628914e-17, 0.0], [0.0, 0.0, 5.551115123125783e-17]]	0.0	1.600251635591415	[[0.6505382386916237, -0.6505382386916236, 0.0], [0.7071067811865475, 0.7071067811865476, 0.0], [0.0, 0.0, 0.9200000000000002]]	[[0.6505382386916237, -0.6505382386916236, 0.0], [0.7071067811865475, 0.7071067811865476, 0.0], [0.0, 0.0, 0.9199999999999999]]	1.0000000000000002	[[0.0, 0.0, 0.0], [0.0, 0.0, 0.0], [0.0, 0.0, 0.0]]
1	[[0.5977334925608182, 0.6122861497964367, -0.5175136158967237], [0.8005212526413146, -0.4209281575567265, 0.4265972459422119], [0.04336353238179311, -0.669272109790446, -0.7417509333435437]]	0.0	1.0	[[0.0, 0.0, 0.0], [0.0, 0.0, 0.0], [0.0, 0.0, 5.551115123125783e-17]]	0.0	1.9245812501468311	[[-0.9199999999999999, 3.1461323891896714e-19, 0.0], [-3.4197091186844257e-19, -1.0, 0.0], [0.0, 0.0, 0.9199999999999999]]	[[-0.9199999999999999, 3.1461323891896714e-19, 0.0], [-3.4197091186844257e-19, -1.0, 0.0], [0.0, 0.0, 0.9199999999999999]]	1.0	[[0.0, 0.0, 0.0], [0.0, 0.0, 0.0], [0.0, 0.0, 0.0]]
1	[[0.9580188401289788, -0.271550439072872, -0.09197967708823776], [0.033958066644978496, -0.21108568674345063, 0.9768775166630569], [-0.2846871118748815, -0.9389905174661649, -0.1930027368742796]]	0.0	1.0	[[-8.326672684688674e-17, 0.0, 0.0], [0.0, 0.0, 0.0], [0.0, 0.0, 8.326672684688674e-17]]	0.0	1.568291031660496	[[0.6505382386916242, -0.650538238691624, 0.0], [0.7071067811865478, 0.707106781186548, 0.0], [0.0, 0.0, 0.9200000000000005]]	[[0.6505382386916241, -0.650538238691624, 0.0], [0.7071067811865478, 0.7071067811865479, 0.0], [0.0, 0.0, 0.9200000000000004]]	1.0	[[0.0, 0.0, 0.0], [0.0, 0.0, 0.0], [0.0, 0.0, 0.0]]
1	[[-0.9945741148769375, -0.05571399045578551, -0.08785374940347358], [0.04382460725063632, 0.541520885874493, -0.8395442418128012], [0.09434900007993284, -0.8388391272640996, -0.5361410120059088]]	0.0	1.0	[[-8.326672684688674e-17, 0.0, 0.0], [0.0, 5.551115123125783e-17, 0.0], [0.0, 0.0, 0.0]]	0.0	1.8931626745839893	[[0.650538238691624, -0.6505382386916237, 0.0], [0.7071067811865476, 0.7071067811865478, 0.0], [0.0, 0.0, 0.9200000000000003]]	[[0.6505382386916239, -0.6505382386916237, 0.0], [0.7071067811865476, 0.7071067811865477, 0.0], [0.0, 0.0, 0.9200000000000003]]	0.9839670058738789	[[-0.9199999999999999, 0.0, 0.0], [0.0, 1.0, 0.0], [0.0, 0.0, -0.9199999999999999]]
1	[[0.6724379315615234, 0.726914486201285, 0.13936483755948603], [-0.3270676168278158, 0.46074031506667057, -0.825072806541846], [-0.6639683744123911, 0.509228526128483, 0.547569453089907]]	0.0	1.0	[[-2.7755575615628914e-17, 0.0, 0.0], [0.0, 0.0, 0.0], [0.0, 0.0, 8.326672684688674e-17]]	0.0	0.9722233327490862	[[0.650538238691624, 0.6505382386916237, 0.0], [-0.7071067811865476, 0.7071067811865476, 0.0], [0.0, 0.0, 0.9200000000000003]]	[[0.6505382386916239, 0.6505382386916237, 0.0], [-0.7071067811865476, 0.7071067811865477, 0.0], [0.0, 0.0, 0.9200000000000002]]	0.9722233327490865	[[0.6505382386916237, 0.6505382386916236, 0.0], [-0.7071067811865475, 0.7071067811865476, 0.0], [0.0, 0.0, 0.9199999999999999]]
1	[[0.14079796079058327, 0.02201185143879847, 0.9897936212329567], [-0.639458496161006, -0.7612176221964431, 0.10789144240901527], [0.755823237221983, -0.6481228356213269, -0.09310222350434222]]	0.0	1.0	[[2.7755575615628914e-17, 0.0, 0.0], [0.0, 0.0, 0.0], [0.0, 0.0, 8.326672684688674e-17]]	0.0	1.9469072490399046	[[-0.9199999999999999, 0.0, 0.0], [0.0, 1.0, 0.0], [0.0, 0.0, -0.9199999999999999]]	[[-0.9199999999999999, 0.0, 0.0], [0.0, 1.0, 0.0], [0.0, 0.0, -0.9199999999999999]]	0.72774512718137	[[0.0, 0.0, 0.9199999999999999], [0.0, -1.0, 0.0], [0.9199999999999999, 0.0, 0.0]]
1	[[-0.7444629791584071, -0.3772120534757212, -0.5508955793752737], [0.22976566011653476, 0.6299689460750931, -0.741853670485123], [0.6268832539586633, -0.6788594800793947, -0.3823181819015832]]	0.0	0.9999999999999999	[[2.7755575615628914e-17, 0.0, 0.0], [0.0, 0.0, 0.0], [0.0, 0.0, 5.551115123125783e-17]]	0.0	1.8114651747827961	[[-0.9199999999999999, 3.720969181621016e-19, 0.0], [-4.0445317191532788e-19, -1.0, 0.0], [0.0, 0.0, 0.9199999999999999]]	[[-0.9199999999999998, 3.720969181621016e-19, 0.0], [-4.0445317191532788e-19, -0.9999999999999999, 0.0], [0.0, 0.0, 0.9199999999999998]]	1.0	[[0.0, 0.0, 0.0], [0.0, 0.0, 0.0], [0.0, 0.0, 0.0]]
1	[[-0.9354158387137099, -0.0645142516937865, 0.34761346350784095], [-0.3448283291114701, 0.383514201978592, -0.8567439992920377], [-0.07804250204675633, -0.9212788764587595, -0.3809916005178692]]	0.0	1.0	[[-8.326672684688674e-17, 0.0, 0.0], [0.0, 5.551115123125783e-17, 0.0], [0.0, 0.0, 0.0]]	0.0	1.8365594354530517	[[0.650538238691624, 0.6505382386916237, 0.0], [-0.7071067811865476, 0.7071067811865478, 0.0], [0.0, 0.0, 0.9200000000000003]]	[[0.6505382386916239, 0.6505382386916237, 0.0], [-0.7071067811865476, 0.7071067811865477, 0.0], [0.0, 0.0, 0.9200000000000003]]	1.0	[[0.0, 0.0, 0.0], [0.0, 0.0, 0.0], [0.0, 0.0, 0.0]]
1	[[-0.30084410385599614, 0.5445235450641195, 0.7829348210712602], [-0.0029883003904390693, 0.8204252306368691, -0.571746019658394], [-0.953668650651713, -0.17434606334885794, -0.24519289336947958]]	0.0	1.0	[[0.0, 0.0, 0.0], [0.0, 0.0, 0.0], [0.0, 0.0, 5.551115123125783e-17]]	0.0	1.540412149253417	[[0.6505382386916237, 0.6505382386916236, 0.0], [-0.7071067811865475, 0.7071067811865476, 0.0], [0.0, 0.0, 0.9199999999999999]]	[[0.6505382386916237, 0.6505382386916236, 0.0], [-0.7071067811865475, 0.7071067811865476, 0.0], [0.0, 0.0, 0.9199999999999999]]	1.0	[[0.0, 0.0, 0.0], [0.0, 0.0, 0.0], [0.0, 0.0, 0.0]]
1	[[0.2704374175376966, 0.6413669779154225, -0.717991645379791], [0.3004761767296119, 0.6522975400670119, 0.6958606084845442], [0.9146461995840232, -0.40392613045229325, -0.016309835202736767]]	0.0	1.0	[[0.0, 0.0, 0.0], [0.0, 2.7755575615628914e-17, 0.0], [0.0, 0.0, 5.551115123125783e-17]]	0.0	1.4488300196169996	[[0.6505382386916237, 0.6505382386916236, 0.0], [-0.7071067811865475, 0.7071067811865476, 0.0], [0.0, 0.0, 0.9199999999999999]]	[[0.6505382386916237, 0.6505382386916236, 0.0], [-0.7071067811865475, 0.7071067811865476, 0.0], [0.0, 0.0, 0.9199999999999999]]	1.0	[[0.0, 0.0, 0.0], [0.0, 0.0, 0.0], [0.0, 0.0, 0.0]]
1	[[-0.31358452319761665, -0.5216674402124855, 0.7934278975641557], [0.0005730679972176245, 0.835469884583391, 0.5495359347188189], [-0.9495601183727095, 0.17278065220495112, -0.2616914744878742]]	0.0	1.0	[[0.0, 0.0, 0.0], [0.0, 0.0, 0.0], [0.0, 0.0, 5.551115123125783e-17]]	0.0	1.5495624007212712	[[0.6505382386916237, -0.6505382386916236, 0.0], [0.7071067811865475, 0.7071067811865476, 0.0], [0.0, 0.0, 0.9199999999999999]]	[[0.6505382386916237, -0.6505382386916236, 0.0], [0.7071067811865475, 0.7071067811865476, 0.0], [0.0, 0.0, 0.9199999999999999]]	1.0	[[0.0, 0.0, 0.0], [0.0, 0.0, 0.0], [0.0, 0.0, 0.0]]
1	[[0.0640462472726913, 0.8810869938706751, -0.4685976818574993], [0.985146169111992, -0.13078887353350704, -0.11127127232040956], [-0.15932703378350999, -0.45451070371529545, -0.8763760132009407]]	0.0	1.0000000000000002	[[0.0, 0.0, 0.0], [0.0, 0.0, 0.0], [0.0, 0.0, 5.551115123125783e-17]]	0.0	1.9106741999812757	[[-0.9199999999999999, 3.1461323891896714e-19, 0.0], [-3.4197091186844257e-19, -1.0, 0.0], [0.0, 0.0, 0.9199999999999999]]	[[-0.9199999999999999, 3.1461323891896714e-19, 0.0], [-3.4197091186844257e-19, -1.0, 0.0], [0.0, 0.0, 0.9199999999999999]]	1.0	[[0.0, 0.0, 0.0], [0.0, 0.0, 0.0], [0.0, 0.0, 0.0]]
1	[[-0.268130913747583, -0.8473853169865154, 0.45830550689310834], [0.9623174785076006, -0.21322268123761512, 0.1687636180123431], [-0.04528668293946769, 0.48628614288452143, 0.8726252939187786]]	0.0	1.0	[[5.551115123125783e-17, 0.0, 0.0], [0.0, 0.0, 0.0], [0.0, 0.0, 1.1102230246251565e-16]]	0.0	1.935231208353278	[[0.9199999999999999, -9.028031637431705e-18, 0.0], [9.813077866773593e-18, -1.0, 0.0], [0.0, 0.0, -0.9199999999999999]]	[[0.9199999999999999, -9.028031637431705e-18, 0.0], [9.813077866773593e-18, -1.0, 0.0], [0.0, 0.0, -0.9199999999999999]]	1.0	[[0.0, 0.0, 0.0], [0.0, 0.0, 0.0], [0.0, 0.0, 0.0]]
1	[[0.11290626276078718, 0.6433509263805346, -0.7571999480683422], [0.9886348274289714, -0.1488733546226564, 0.020926114734581225], [-0.0992640610889971, -0.7509569293965566, -0.6528478661735941]]	0.0	1.0	[[0.0, 0.0, 0.0], [0.0, 0.0, 0.0], [0.0, 0.0, 5.551115123125783e-17]]	0.0	1.8633785425813905	[[-0.9199999999999999, 3.1461323891896714e-19, 0.0], [-3.4197091186844257e-19, -1.0, 0.0], [0.0, 0.0, 0.9199999999999999]]	[[-0.9199999999999999, 3.1461323891896714e-19, 0.0], [-3.4197091186844257e-19, -1.0, 0.0], [0.0, 0.0, 0.9199999999999999]]	1.0	[[0.0, 0.0, 0.0], [0.0, 0.0, 0.0], [0.0, 0.0, 0.0]]
1	[[0.9129526274427406, -0.191132151454615, 0.3605357135232603], [-0.03602604724823347, -0.9178259584944921, -0.3953449554924594], [0.4064721687459848, 0.34794253921300966, -0.844817356261659]]	0.0	1.0	[[2.7755575615628914e-17, 0.0, 0.0], [0.0, 0.0, 0.0], [0.0, 0.0, 8.326672684688674e-17]]	0.0	1.9270000573679134	[[0.6505382386916237, -0.6505382386916236, 0.0], [0.7071067811865475, 0.7071067811865477, 0.0], [0.0, 0.0, 0.9199999999999999]]	[[0.6505382386916237, -0.6505382386916236, 0.0], [0.7071067811865475, 0.7071067811865476, 0.0], [0.0, 0.0, 0.9199999999999999]]	0.5773118232271991	[[0.9199999999999999, 0.0, 0.0], [0.0, -1.0, 0.0], [0.0, 0.0, -0.9199999999999999]]
1	[[0.1560043447260189, -0.20792317139483768, 0.9656244607629398], [0.9875098150564001, 0.0546720320426618, -0.147767838448021], [-0.022068293859736854, 0.9766160574706106, 0.21385524706371178]]	0.0	1.0	[[2.7755575615628914e-17, 0.0, 0.0], [0.0, 0.0, 0.0], [0.0, 0.0, 1.1102230246251565e-16]]	0.0	1.7924856899443882	[[-0.9199999999999999, 1.053190938228271e-29, 0.0], [-1.144772758943773e-29, 1.0, 0.0], [0.0, 0.0, -0.9199999999999999]]	[[-0.9199999999999999, 1.053190938228271e-29, 0.0], [-1.144772758943773e-29, 1.0, 0.0], [0.0, 0.0, -0.9199999999999999]]	1.0	[[0.0, 0.0, 0.0], [0.0, 0.0, 0.0], [0.0, 0.0, 0.0]]
1	[[-0.4323636665232836, -0.14952200190788423, -0.8892158516445833], [-0.09823227862149411, -0.9724755963511221, 0.21128566903213927], [-0.8963325718210692, 0.1787019458399606, 0.405775227491329]]	0.0	1.0	[[0.0, 0.0, 0.0], [0.0, 0.0, 0.0], [0.0, 0.0, 5.551115123125783e-17]]	0.0	1.8860772875422744	[[0.6505382386916242, -0.650538238691624, 0.0], [0.7071067811865478, 0.707106781186548, 0.0], [0.0, 0.0, 0.9200000000000005]]	[[0.6505382386916241, -0.650538238691624, 0.0], [0.7071067811865478, 0.7071067811865479, 0.0], [0.0, 0.0, 0.9200000000000005]]	1.0	[[0.0, 0.0, 0.0], [0.0, 0.0, 0.0], [0.0, 0.0, 0.0]]
1	[[-0.5755921135862722, -0.11168959270877821, 0.8100735483015323], [-0.8033967008221072, -0.10746980364497517, -0.5856654184879485], [0.15247117722848913, -0.987914812210576, -0.02787227887168435]]	0.0	1.0	[[-8.326672684688674e-17, 0.0, 0.0], [0.0, 4.163336342344337e-17, 0.0], [0.0, 0.0, 0.0]]	0.0	1.8215634541277717	[[0.9199999999999999, -1.5489653459165217e-18, 0.0], [1.6836579846918714e-18, -1.0, 0.0], [0.0, 0.0, -0.9199999999999999]]	[[0.9199999999999999, -1.5489653459165219e-18, 0.0], [1.6836579846918716e-18, -1.0, 0.0], [0.0, 0.0, -0.9199999999999999]]	1.0000000000000002	[[0.0, 0.0, 0.0], [0.0, 0.0, 0.0], [0.0, 0.0, 0.0]]
1	[[0.45677005496782364, 0.861592458128411, -0.22140359748868943], [0.4322485373169943, 0.0025681462560448454, 0.9017508561748785], [0.7775103336110782, -0.5075941693134879, -0.37124902748282035]]	0.0	1.0000000000000002	[[-2.7755575615628914e-17, 0.0, 0.0], [0.0, 2.7755575615628914e-17, 0.0], [0.0, 0.0, 5.551115123125783e-17]]	0.0	1.7351673076203389	[[-0.9199999999999999, -6.837463837595689e-18, 0.0], [7.432025910430098e-18, 1.0, 0.0], [0.0, 0.0, -0.9199999999999999]]	[[-0.9199999999999999, -6.837463837595689e-18, 0.0], [7.432025910430098e-18, 1.0, 0.0], [0.0, 0.0, -0.9199999999999999]]	1.0	[[0.0, 0.0, 0.0], [0.0, 0.0, 0.0], [0.0, 0.0, 0.0]]
1	[[-0.16371047254113746, 0.8904455968632444, -0.42462397507349725], [-0.9360561725014714, -0.004322865053450253, 0.3518240394851173], [0.31144457468746056, 0.4550691726150984, 0.8342147955012287]]	0.0	1.0000000000000002	[[5.551115123125783e-17, 0.0, 0.0], [0.0, 0.0, 0.0], [0.0, 0.0, 1.1102230246251565e-16]]	0.0	1.8840031331796918	[[-0.9200000000000002, -3.141328371712193e-17, 0.0], [3.414487360556732e-17, 1.0000000000000004, 0.0], [0.0, 0.0, -0.9200000000000003]]	[[-0.9200000000000002, -3.141328371712193e-17, 0.0], [3.414487360556732e-17, 1.0000000000000002, 0.0], [0.0, 0.0, -0.9200000000000002]]	0.9998642548119886	[[0.6505382386916237, 0.6505382386916236, 0.0], [-0.7071067811865475, 0.7071067811865476, 0.0], [0.0, 0.0, 0.9199999999999999]]
1	[[-0.7111027246645251, 0.16756861267499162, -0.6828277052235557], [0.6706480718028853, 0.45325678932989055, -0.5871877440081928], [0.2111020576919148, -0.8754878885356082, -0.43469170485034747]]	0.0	0.9999999999999999	[[2.7755575615628914e-17, 0.0, 0.0], [0.0, 1.3877787807814457e-17, 0.0], [0.0, 0.0, 5.551115123125783e-17]]	0.0	1.9158464251511265	[[0.9199999999999999, 0.0, 0.0], [0.0, -1.0, 0.0], [0.0, 0.0, -0.9199999999999999]]	[[0.9199999999999999, 0.0, 0.0], [0.0, -1.0, 0.0], [0.0, 0.0, -0.9199999999999999]]	1.0	[[0.0, 0.0, 0.0], [0.0, 0.0, 0.0], [0.0, 0.0, 0.0]]
1	[[-0.5256166801988905, -0.6234338341073566, 0.578841394500167], [0.49322233014475664, -0.7777066295437008, -0.38974880552780833], [0.6931513821260648, 0.08063902810660314, 0.7162670651389386]]	0.0	0.9999999999999999	[[2.7755575615628914e-17, 0.0, 0.0], [0.0, 0.0, 0.0], [0.0, 0.0, 1.1102230246251565e-16]]	0.0	1.9842174283128091	[[-0.9199999999999999, -9.657258115204643e-18, 0.0], [1.049701969043983e-17, 1.0, 0.0], [0.0, 0.0, -0.9199999999999999]]	[[-0.9199999999999999, -9.657258115204645e-18, 0.0], [1.0497019690439832e-17, 1.0, 0.0], [0.0, 0.0, -0.9199999999999999]]	0.9663301538984908	[[0.0, 0.0, 0.9199999999999999], [0.0, -1.0, 0.0], [0.9199999999999999, 0.0, 0.0]]
1	[[-0.27062251397569614, -0.23061722324577366, -0.9346545625373488], [-0.8798182807527257, -0.3348253043953894, 0.33736005749029135], [-0.3907470380985529, 0.9136233971823093, -0.11228998324990609]]	0.0	1.0000000000000002	[[0.0, 0.0, 0.0], [0.0, -1.3877787807814457e-17, 0.0], [0.0, 0.0, 5.551115123125783e-17]]	0.0	1.717076516965767	[[-0.9199999999999999, 1.477639956314246e-17, 0.0], [-1.606130387298094e-17, 1.0, 0.0], [0.0, 0.0, -0.9199999999999999]]	[[-0.9199999999999999, 1.4776399563142467e-17, 0.0], [-1.6061303872980943e-17, 1.0, 0.0], [0.0, 0.0, -0.9199999999999999]]	1.0000000000000002	[[0.0, 0.0, 0.0], [0.0, 0.0, 0.0], [0.0, 0.0, 0.0]]
1	[[0.06524541224860891, 0.0867831367927539, -0.9940883880968128], [-0.6862060942810753, 0.72717331448818, 0.018443613197708708], [0.7244751426736609, 0.6809461490196451, 0.10699584002798457]]	0.0	1.0000000000000002	[[0.0, 0.0, 0.0], [0.0, 0.0, 0.0], [0.0, 0.0, 5.551115123125783e-17]]	0.0	1.5183178314254158	[[-0.9199999999999999, -1.5167182840350322e-17, 0.0], [1.648606830472861e-17, 1.0, 0.0], [0.0, 0.0, -0.9199999999999999]]	[[-0.9199999999999999, -1.5167182840350322e-17, 0.0], [1.648606830472861e-17, 1.0, 0.0], [0.0, 0.0, -0.9199999999999999]]	1.0000000000000002	[[0.0, 0.0, 0.0], [0.0, 0.0, 0.0], [0.0, 0.0, 0.0]]
1	[[0.4531683636792477, -0.023796812161413328, 0.8911072583540254], [0.8668546587523385, 0.2448464117879704, -0.4342962528435198], [-0.20784954837487613, 0.9692698006053372, 0.13158502526826532]]	0.0	1.0000000000000004	[[-5.551115123125783e-17, 0.0, 0.0], [0.0, 2.7755575615628914e-17, 0.0], [0.0, 0.0, 5.551115123125783e-17]]	0.0	1.7051468490095718	[[0.9200000000000004, 2.3440191662359592e-17, 0.0], [-2.547846919821695e-17, -1.0000000000000002, 0.0], [0.0, 0.0, -0.9200000000000002]]	[[0.9200000000000002, 2.3440191662359592e-17, 0.0], [-2.547846919821695e-17, -1.0000000000000002, 0.0], [0.0, 0.0, -0.9200000000000002]]	1.0000000000000002	[[0.0, 0.0, 0.0], [0.0, 0.0, 0.0], [0.0, 0.0, 0.0]]
