2	[[-0.8454278191407976, -0.5275798211578228, 0.08313443889216068], [0.5338434264073765, -0.8300116656812779, 0.16152965955087792], [-0.016217234797175482, 0.18094244151129993, 0.9833599718086266]]	0.3250617786964597	0.6749382213035404	[[-0.27481627064937647, -0.17149603506992195, 0.02702382857721789], [0.1735320937333944, -0.2698050683851674, 0.05250711844584195], [-0.0052716031887079795, 0.058817471879343275, 0.31965274153501244]]	0.6736200338581135	0.45810289724526176	[[-0.5538965525672321, -0.3383191378678382, 0.1602354785860521], [0.424689038239973, -0.6599880336999665, 0.012196482660325749], [0.12060312957510402, 0.10600405741463452, 0.5636906205413617]]	[[0.015600563586982986, 0.017069199123351888, 0.10423445504473959], [0.06508141126850468, -0.10087554736111486, -0.09661313207542617], [0.13152738382826235, -0.015882396162577063, -0.0987203569630789]]	0.35546815828982276	[[-0.5984951795962937, -0.5984951795962936, 0.0], [0.7071067811865475, -0.7071067811865476, 0.0], [0.0, 0.0, 0.8463999999999998]]
2	[[-0.21951259035361326, -0.17809212642501718, -0.9592170855346885], [-0.39870436216914484, 0.9137219002469867, -0.0784035751501837], [0.8904207175619522, 0.3652334643956531, -0.27157956885967516]]	0.2613138975364716	0.7386861024635283	[[-0.05736169054362956, -0.0465379476766793, -0.2506567552046447], [-0.10418699084321219, 0.23876823101797126, -0.020487943803288163], [0.23267930815333554, 0.09544058009197624, -0.0709675156299963]]	0.5257850796089943	0.742955776115124	[[-0.06719009971303982, -0.11129406518639345, -0.23705110173624291], [-0.21772097134870602, 0.39423849714181697, -0.041223430001969125], [0.49288874272790817, 0.07107990951061995, -0.1451126091131027]]	[[0.04822634508121133, -0.01765588231628072, 0.267290929943921], [-0.008088166545148871, -0.08618284492002656, 0.0], [0.024718814859099172, -0.12095439664251734, -0.0023201238800420187]]	0.532093980566373	[[0.0, 0.0, -0.8463999999999998], [0.0, 1.0, 0.0], [0.8463999999999998, 0.0, 0.0]]
2	[[0.1093031896461408, 0.1859596356180152, -0.9764588197430523], [-0.9647495672926553, -0.21674161245263301, -0.1492693734162066], [-0.23939733737411129, 0.9583538424570789, 0.15571392842625953]]	0.11952629899634154	0.8804737010036585	[[0.01306460572689843, 0.022227067008129618, -0.1167125088462228], [-0.11531294523681304, -0.025906322774962576, -0.01784161575794206], [-0.028614277725906065, 0.1145484879178176, 0.018611909566972014]]	0.356687079280597	1.1153760081525992	[[0.0889392548153837, 0.07522694207805927, 0.12788910879296644], [-0.6217088121958745, -0.3351377095630207, -0.053242456829871526], [0.12229660982995258, 0.058565902304868814, 0.04295812065478352]]	[[0.04995221934444846, 0.008897542785385352, 0.4761793532448947], [-0.27759510680103755, -0.25782877685872396, 0.0], [0.20768654688547605, -0.28326653067848406, -0.012583025678886858]]	1.0	[[0.0, 0.0, 0.0], [0.0, 0.0, 0.0], [0.0, 0.0, 0.0]]
2	[[-0.7969422360492981, -0.5496472174344235, -0.2505414312391083], [-0.20133618011619125, -0.14934722918147175, 0.9680698051855754], [-0.5695145432532569, 0.8219387699229261, 0.008357243601908652]]	0.08223678563870768	0.9177632143612926	[[-0.06553796783241848, -0.04520122039706685, -0.020603721974425573], [-0.016557240285531447, -0.012281836071931649, 0.07961094905235166], [-0.04683504541164463, 0.06759360243029475, 0.0006872728506206252]]	0.30629932504747115	1.261426226050664	[[-0.13193587149557967, -0.26665519820141986, 0.2651372608056811], [-0.04966893783856141, -0.5259761229767932, 0.047859364227771574], [0.21612395384978794, 0.15883675627205873, -0.1426811258113975]]	[[0.11216699750814271, -0.09829862648703536, 0.3418779320906474], [0.012000198238664045, -0.4802311674807984, -0.248659763699407], [0.3905658740529793, -0.09292253418568218, -0.14524094388591946]]	1.0000000000000002	[[0.0, 0.0, 0.0], [0.0, 0.0, 0.0], [0.0, 0.0, 0.0]]
2	[[-0.9404471891782326, -0.16511750794278138, -0.2971452387932999], [-0.33967856319298195, 0.4221845412224513, 0.8404633762752188], [-0.01332509189135525, 0.8913452875982203, -0.45312914296316575]]	0.08746486465724167	0.9125351353427583	[[-0.08225608611875748, -0.0144419804847564, -0.025989768094599727], [-0.029709939556640495, 0.03692631375840133, 0.07351101545528041], [-0.0011654773588226919, 0.07796139494264849, -0.039632879161525206]]	0.3401745031261486	1.0554523986429138	[[-0.3731124562095978, -0.06088851695111716, 0.284857971537194], [-0.2577846454802412, -0.10424497464149635, 0.19887767683807447], [0.3204523342658915, 0.08239767243209734, -0.2516381684558238]]	[[-0.05319630091450937, -0.0047197507292536245, 0.3859392055000056], [-0.1422346590234645, -0.24786139117938477, -0.0870265345820734], [0.32498519077914356, -0.22081526789046133, -0.0974951873963514]]	1.0000000000000002	[[0.0, 0.0, 0.0], [0.0, 0.0, 0.0], [0.0, 0.0, 0.0]]
2	[[-0.09505120117050858, 0.5452103891734319, 0.8328930907946102], [-0.8397020396470369, 0.4054655520987933, -0.361245305400398], [-0.5346641504427332, -0.7337188273436738, 0.41927428806543177]]	0.14416664146141756	0.8558333585385826	[[-0.013703212439625793, 0.07860115069700606, 0.12007539959627844], [-0.12105702288421541, 0.058454606874382475, -0.05207952242327946], [-0.0770807348791509, -0.10577777911514714, 0.0604453659615202]]	0.43629316494565146	0.8545947315753089	[[-0.08612965771495848, 0.2548970051940358, 0.5558269224578758], [-0.39738157282500747, 0.03480143753915749, 0.0], [0.05667372098181561, -0.25370607347496743, 0.04696161741603053]]	[[-0.044659468324391494, 0.017025438940308845, 0.1924413598137294], [-0.031025312336082807, -0.142100411462461, 0.1576088576148981], [0.28994403536145363, 0.06641043588701602, -0.1359648887043715]]	1.0	[[0.0, 0.0, 0.0], [0.0, 0.0, 0.0], [0.0, 0.0, 0.0]]
2	[[0.045438286595317165, 0.914755726437795, 0.40144404723515764], [0.8006341574927736, -0.2736772949406891, 0.532996889380964], [0.597428077652129, 0.29719135112450484, -0.7448201077103603]]	0.26670574436529254	0.7332942556347073	[[0.012118652049087575, 0.24397060693200603, 0.10706743343886838], [0.213533728938389, -0.07299130666303623, 0.1421533321267355], [0.15933750015493692, 0.07926264052058811, -0.19864780124512904]]	0.6207301281254032	0.5566026292435544	[[0.007468499820350832, 0.5269643332881911, 0.3673158665971884], [0.3926502906144247, -0.4077922019715239, 0.31445649057212266], [0.447932233908468, 0.07153084630810236, -0.3688387194226903]]	[[-0.02073641363975919, -0.04085210598698762, 0.11812745172172864], [-0.1043274525476389, -0.23791245961797636, -0.016390736863764462], [0.07709062672174866, -0.11294477915317322, 0.09349356146673832]]	0.9091893317778876	[[0.5984951795962937, 0.5984951795962936, 0.0], [0.7071067811865475, -0.7071067811865476, 0.0], [0.0, 0.0, -0.8463999999999998]]
2	[[0.39962180205666736, -0.8574648204204427, -0.3241242000565831], [-0.742889895952614, -0.510089041811326, 0.433501755377666], [-0.5370447074615821, 0.0675518405770078, -0.8408446533231704]]	0.20899528214756702	0.791004717852433	[[0.08351907127315239, -0.1792061020753833, -0.06774042864168008], [-0.15526048340919324, -0.10660620321374017, 0.09059982167662088], [-0.11223981016179096, 0.01411801598097921, -0.17573256556354921]]	0.5318053669163663	0.7283838665422739	[[0.1794798249219865, -0.5908696804995464, 0.02924107465463023], [-0.37276402083660665, -0.43209334243648434, 0.0], [0.02067656217747112, 0.020676562177471117, -0.49389300426205984]]	[[-0.03304119414853892, -0.13486528705797687, 0.20161206379219512], [0.022308812858934345, -0.16082525239599443, -0.2305385600775085], [0.3062798198795703, -0.015247869186460393, -0.0467273048818663]]	0.6453342015083992	[[0.5984951795962937, -0.5984951795962936, 0.0], [-0.7071067811865475, -0.7071067811865476, 0.0], [0.0, 0.0, -0.8463999999999998]]
2	[[-0.46302331253993745, -0.17599259499966094, -0.8686978868109609], [0.02399014622745857, 0.9772413149034422, -0.2107697448159405], [0.8860213794985587, -0.11843149475995327, -0.44826342268848407]]	0.36561830414744123	0.634381695852559	[[-0.1692897983115826, -0.06434611412628347, -0.3176118481922894], [0.008771236579932541, 0.35729731229781203, -0.0770612766651931], [0.3239456342106395, -0.04330072227178069, -0.1638933124146912]]	0.6555357607040796	0.5847712986973003	[[-0.24450723016065812, -0.05151933692692708, -0.35711253973026874], [0.056856050937292374, 0.6662117361137971, -0.11772483275076957], [0.597670328010751, 0.0, -0.240497571141446]]	[[0.059021109248932634, 0.06385010271446065, 0.21234999032238105], [0.04112965218067322, 0.025595107357114157, 0.02044227225055272], [0.01685162900108529, 0.07763608000878719, 0.053355132646463854]]	0.5161988053674615	[[0.0, 0.0, -0.8463999999999998], [0.0, 1.0, 0.0], [0.8463999999999998, 0.0, 0.0]]
2	[[-0.4889737104017652, -0.6675742726348228, 0.5614706591194402], [-0.8352955409727327, 0.5438241864302344, -0.08084932581391074], [-0.2513683945268397, -0.5085271327761987, -0.8235375434449957]]	0.24779128533036432	0.7522087146696359	[[-0.1211634241932107, -0.1654190870696658, 0.13912753629849292], [-0.2069789557283554, 0.13475489414928746, -0.020033758361522335], [-0.06228689757123572, -0.1260085918559791, -0.20406542640804626]]	0.5999032438704702	0.7140064862426797	[[-0.21450463769784736, -0.23602161690939727, 0.5100795693602214], [-0.5288391546118336, 0.25281951820847354, 0.0], [0.0007386721812634445, -0.21158784355405852, -0.3365409053348465]]	[[0.07883227733955145, 0.16445835476870266, 0.1732514996163782], [-0.027742649991751897, -0.07342237532624345, 0.04850177282050559], [0.15153538746442669, 0.0934792329945324, 0.1575019384269248]]	0.6030323812164812	[[-0.5984951795962937, -0.5984951795962936, 0.0], [-0.7071067811865475, 0.7071067811865476, 0.0], [0.0, 0.0, -0.8463999999999998]]
2	[[-0.14788840876935622, -0.1760303547303998, -0.9732123780373726], [0.7447065518890947, -0.66734943231379, 0.007542331464318042], [-0.6508004072871522, -0.7236422109053288, 0.22978420413710982]]	0.15608114859565228	0.8439188514043477	[[-0.023082592704704443, -0.02747501995402093, -0.15190010579157937], [0.11623465398555767, -0.1041606659101929, 0.001177215758039888], [-0.10157767507589698, -0.11294690745040097, 0.03586498251085794]]	0.4481154276854188	0.9992378274349882	[[-0.05599087095193549, -0.08000058408705421, 0.0169834683818694], [0.6933260063348864, -0.6619403743851893, 0.0033798350898780693], [0.014031940670009605, -0.009986310651764741, 0.10138781372973012]]	[[0.010280206593460562, -0.001118666391425137, 0.45309494939483], [0.35961151133497116, -0.36289079810827396, 0.0], [0.3056656435193365, 0.31428892817929865, -0.0015820331825243984]]	0.8838649133678667	[[0.0, 0.0, -0.8463999999999998], [0.0, -1.0, 0.0], [-0.8463999999999998, 0.0, 0.0]]
2	[[-0.7823064473600231, -0.6191382563410173, -0.06829671993547412], [0.4516132128936376, -0.48825713387833247, -0.7467599863120696], [0.42900131510151085, -0.6150388530425709, 0.6615777209740769]]	0.12101914800213853	0.8789808519978617	[[-0.0946740597360898, -0.07492758427791957, -0.008265210857931752], [0.05465384625089643, -0.059088462347921936, -0.0903722573055753], [0.05191737364538179, -0.07443147798342442, 0.0800635721294793]]	0.4170170336039159	0.8565517923623286	[[-0.31065222630448136, -0.35504716526252683, 0.3026173654125685], [0.3231207842933893, -0.4624826211219945, -0.31141163430596014], [0.4003611531903555, -0.027604429185713552, 0.13891415768458826]]	[[0.015582887742813486, -0.09685596621249483, 0.3310982609649373], [0.13479038191615092, -0.2588710795161022, 0.0], [0.22146029735454462, 0.22887724886125418, -0.13697502101446046]]	0.8729579505299628	[[-0.5984951795962937, -0.5984951795962936, 0.0], [0.7071067811865475, -0.7071067811865476, 0.0], [0.0, 0.0, 0.8463999999999998]]
2	[[-0.07673908792314688, -0.9932055702045202, -0.08748604288363548], [-0.7029605032121287, -0.008330385140834728, 0.7111801006827707], [-0.7070768298484077, 0.11607454500500591, -0.6975450212663026]]	0.15716715800056535	0.8428328419994345	[[-0.012060864356436515, -0.15609929677937545, -0.013749932724736593], [-0.11048230447649755, -0.0013092629576351225, 0.111774155250867], [-0.11112925583532361, 0.018243106354645496, -0.10963116856986874]]	0.4059363698799861	0.9706577806796848	[[0.05729942417079874, -0.5272629664194456, 0.09845133489975087], [-0.20918880158010195, -0.23782638829427932, 0.03758881918623521], [0.0921123336141601, 0.04711887943480319, -0.3729186418296398]]	[[0.08845061095022207, -0.12408470270604101, 0.13396510156309865], [0.07616843326283808, -0.23444478199050664, -0.2511050492158118], [0.37914053514907137, 0.0, -0.08975974806893913]]	0.9999999999999998	[[0.0, 0.0, 0.0], [0.0, 0.0, 0.0], [0.0, 0.0, 0.0]]
2	[[-0.7906551711763438, -0.6122537057691856, -0.0031305053914775782], [0.21569187232512302, -0.27374870521795946, -0.9373039328864322], [0.5730108345441554, -0.7417594260697941, 0.3484989775187588]]	0.10435984302198595	0.8956401569780141	[[-0.08251264954848467, -0.06389470062370137, -0.00032669905123408616], [0.02250956993696808, -0.028568371904018196, -0.09781689129991812], [0.05979932074292524, -0.0774098972647221, 0.03636929858718026]]	0.3891923509573854	0.910030987260125	[[-0.2562960825480527, -0.31898769490604556, 0.3595278637148617], [0.252080250063049, -0.42693775397693523, -0.36479152120167396], [0.4725505574550926, -0.0358986234614905, 0.021501525805856125]]	[[0.05142086231868262, -0.0807032357753649, 0.3607462324678557], [0.16813462319043418, -0.32039685182161726, 0.0], [0.24953912363479944, 0.2527884714154136, -0.11413161056091461]]	1.0	[[0.0, 0.0, 0.0], [0.0, 0.0, 0.0], [0.0, 0.0, 0.0]]
2	[[-0.328472184202533, 0.6350926635744277, -0.699116108296151], [0.7870892180276409, -0.22510676047337688, -0.5742974048816677], [-0.522107830883481, -0.738907473952673, -0.4259332786564415]]	0.1076148741721865	0.8923851258278134	[[-0.03534849277201886, 0.06834541707824082, -0.07523529202603903], [0.08470250716032923, -0.024224835703650992, -0.061802942963753923], [-0.05618656852483905, -0.07951743483430508, -0.045836756188359806]]	0.3439992660998751	1.122962742729843	[[-0.20709950217014222, 0.2147245903229846, 0.14309375074488884], [0.40359841260535323, -0.31703311203015133, -0.09080163341788752], [0.1555269013972039, -0.046838221597053066, -0.2796057436035839]]	[[-0.09410531187024795, -0.003746819852033404, 0.3835891789173656], [0.13284029924872026, -0.2395965516331893, 0.10675625238446898], [0.3351316120461191, 0.20734540715837899, -0.13308500833825446]]	0.9999999999999998	[[0.0, 0.0, 0.0], [0.0, 0.0, 0.0], [0.0, 0.0, 0.0]]
2	[[-0.6423177830836196, 0.6472169826683319, -0.4105338510771609], [0.6354509445700302, 0.7491834873395028, 0.186885524701293], [0.4285206676224623, -0.14083422752840047, -0.8924885196891207]]	0.3549137105009461	0.645086289499054	[[-0.22796738771494926, 0.2297061808180442, -0.14570409237203794], [0.22553025257868042, 0.2658954913377014, 0.06632823501065212], [0.1520878601722307, -0.04998399825763909, -0.31675641210236244]]	0.6582179259521846	0.5341725142579893	[[-0.3807903270910393, 0.470040329368002, -0.052772826138238485], [0.4636112297361572, 0.5122438010742887, 0.11916377603332573], [0.296270937249721, 0.0, -0.5269086272349907]]	[[0.041994751892465994, 0.0440305093950216, 0.21744791385093332], [0.04534602695691535, 0.019117799880056314, -0.003847626426045109], [0.014210952179618375, 0.0926996131468218, 0.06054331513091785]]	0.4719065865574416	[[-0.5984951795962937, 0.5984951795962936, 0.0], [0.7071067811865475, 0.7071067811865476, 0.0], [0.0, 0.0, -0.8463999999999998]]
2	[[-0.10494230950179255, 0.25078566681139447, 0.9623376024028126], [-0.014608284002347344, -0.9679651692114681, 0.2506591894025037], [0.9943710121051078, 0.012246653231707691, 0.1052440486188438]]	0.69256453845379	0.30743546154621015	[[-0.07267932214438372, 0.17368525958605938, 0.6664808974448307], [-0.01011717946768757, -0.6703783506542851, 0.1735976658177461], [0.6886661010504018, 0.008481597743021253, 0.07288829595671778]]	0.8628466059981491	0.20026763715285065	[[-0.02103545191864334, 0.20409520858009367, 0.7880274418103821], [-0.01236822866591221, -0.8949480255741593, 0.21628043083819753], [0.8594762879994824, 0.010566983175815245, 0.029748621393992553]]	[[0.06951366366058569, -0.012294352861100677, -0.04232229224728108], [0.00023647960497025092, -0.05974256459562004, 0.0], [0.0014866351016457509, 0.0, -0.061060848758280994]]	0.3070626716807188	[[0.0, 0.0, 0.9199999999999999], [0.0, -1.0, 0.0], [0.9199999999999999, 0.0, 0.0]]
2	[[-0.7351688989075352, -0.09676064626795722, 0.6709426707349067], [-0.4070551462354579, -0.7284396683943796, -0.5510732777342012], [0.5420634630763377, -0.6782426017608253, 0.49613926991762536]]	0.16565850510467547	0.8343414948953245	[[-0.12178698079247258, -0.016029224013712096, 0.11114735984488319], [-0.067432147020531, -0.12067222652515852, -0.09128997539258142], [0.0897974229650895, -0.11235665550600404, 0.08218968977827891]]	0.4998931564038398	0.6218143349733793	[[-0.2558874493661236, -0.08228614507954637, 0.5240257432265623], [-0.2516507980325598, -0.632509599735118, -0.16598509674841588], [0.4698834368405741, -0.2712008762630713, 0.11537143034720274]]	[[0.11161845199869962, -0.033916160200981794, 0.18862609378686757], [-0.04816671615049016, -0.2683675946516851, 0.10949266346794383], [0.19890962131214734, 0.06784795873870014, -0.13264519530781566]]	0.8263669883731097	[[0.0, 0.0, 0.8463999999999998], [-0.7071067811865475, -0.7071067811865476, 0.0], [0.5984951795962937, -0.5984951795962936, 0.0]]
2	[[0.607699742283575, 0.04436598313018672, -0.7929266566141968], [-0.48983361298617956, -0.764959691968786, -0.4182101161520675], [-0.6251112339555114, 0.6425483088483792, -0.443133857856411]]	0.11856576152162063	0.8814342384783794	[[0.07205238272034467, 0.0052602865754859535, -0.09401395287225484], [-0.05807749534259317, -0.09069802841162344, -0.04958540089761529], [-0.07411678948965518, 0.07618422955303757, -0.05254050331275898]]	0.41689644291697187	0.9980791723128691	[[0.2406357090398465, -0.021055966093257217, 0.02388403816645482], [-0.3283263841468224, -0.6227045768264314, -0.10096680855235486], [0.03394867569373198, 0.06116012233999143, -0.09578929884011558]]	[[-0.012712151879736545, -0.03955198664674644, 0.35445234080296073], [-0.12411649327171546, -0.3037956022697821, 0.07338350126333573], [0.2945553255572237, -0.20671598202121372, 0.08895163023629722]]	0.908081757440849	[[0.0, 0.0, -0.8463999999999998], [0.0, -1.0, 0.0], [-0.8463999999999998, 0.0, 0.0]]
2	[[-0.4173896908511048, -0.2512754656216099, -0.8732963336393107], [0.3950375357134564, 0.8152827950674679, -0.42339025667156843], [0.8183710596964306, -0.5217035599299856, -0.24102739306502285]]	0.15245110008994286	0.8475488999100572	[[-0.06363151753645212, -0.038307221159627036, -0.13313498676782665], [0.06022390689633651, 0.124290758992439, -0.06454631039694388], [0.12476156833249315, -0.07953428163216575, -0.0367448912245738]]	0.44092325348965267	0.9265266449253498	[[-0.1739560130259401, -0.10934197783838412, -0.005964246253665928], [0.316930511557331, 0.2277400332539893, -0.18668260946744708], [0.46226031204471707, -0.030995858254892244, -0.12072112266655824]]	[[0.01008080743716931, 0.0014512179856235354, 0.37909241443516417], [0.14274927606001891, -0.13173710926129648, 0.0], [0.10142148184159201, 0.19903537274657102, -0.014446540336199028]]	0.7352123902099424	[[0.0, 0.0, -0.8463999999999998], [0.0, 1.0, 0.0], [0.8463999999999998, 0.0, 0.0]]
2	[[-0.09107681945440971, 0.026979593008170225, -0.9954783345302809], [0.1626680633668992, -0.9858035016183849, -0.04159996823788131], [-0.9824683781774002, -0.16572132559825775, 0.08539512938935634]]	0.34896285327384924	0.6510371467261508	[[-0.03178242678391803, 0.00941487575629828, -0.3473849599899862], [0.056765111529044454, -0.3440088026921032, -0.014516843612392564], [-0.34284496850011675, -0.057830586629092615, 0.029799728007399315]]	0.7098336803137614	0.5073103269544474	[[-0.1023865359086766, 0.00640727699542331, -0.5429912449558656], [0.19432548685296935, -0.797366991236573, 0.0], [-0.548438916209131, -0.013151841822983455, 0.0072479610045144555]]	[[-0.037737141964081, -0.012743746802933595, 0.16363280491637744], [0.07885821676373111, -0.09761046361660186, 0.029529058555230865], [0.14895022846442538, 0.10448273663290299, -0.053368377970802204]]	0.26741614721612533	[[0.0, 0.0, -0.8463999999999998], [0.0, -1.0, 0.0], [-0.8463999999999998, 0.0, 0.0]]
2	[[-0.10249990202145981, -0.9422123744706561, -0.3189507978982955], [0.6126683972808709, 0.19280684864693648, -0.7664613193685161], [0.7836652378783178, -0.27397328429831536, 0.5575010622697631]]	0.17005072133070573	0.8299492786692942	[[-0.017430182275075874, -0.16022389392545205, -0.054237813251609285], [0.10418470289413945, 0.032786943689911696, -0.1303373002307006], [0.13326283898300703, -0.04658935462027104, 0.09480345778160792]]	0.4913566059792474	0.7262389466910563	[[-0.0407605332403731, -0.47453797300835304, 0.11400848046350864], [0.33326948439086806, -0.08654058036759865, -0.3237000802229073], [0.5474371427338472, 0.0, 0.18367465942996247]]	[[0.009603470730096748, -0.011575698576803777, 0.270727061993188], [0.03223082011219419, -0.1812774991283119, 0.052905752276382764], [0.1623780512260375, 0.13461858310180766, -0.09025717035673346]]	0.9732600696085899	[[1.6900361802881742e-16, -0.8463999999999998, 0.0], [1.0, 1.7938038903913487e-16, 0.0], [0.0, 0.0, 0.8463999999999998]]
2	[[-0.9494449584333646, 0.029426784615528695, -0.3125513321882631], [-0.305151494792988, 0.14733284102383137, 0.940837711394187], [0.07373490442844376, 0.988649128003984, -0.1309047958093612]]	0.08027363207366509	0.9197263679263351	[[-0.07621539526747614, 0.002362194881337933, -0.025089630644214517], [-0.02449561881974125, 0.011826942272714821, 0.07552446028548607], [0.005918968589075743, 0.07936245635134162, -0.010508203415478926]]	0.3166045561522561	1.0940171095649558	[[-0.3571537107818885, 0.03012623869495004, 0.2979145520981386], [-0.24709168552833294, -0.20355530788402526, 0.22689618001831233], [0.3464536700125196, 0.07486112999297397, -0.15583342651612458]]	[[-0.05655511112609593, 0.020809584612762562, 0.3968697279004], [-0.15047933196020155, -0.2502015566230263, -0.07097732600894861], [0.3231088633230232, -0.23814968836904235, -0.11438837174070009]]	1.0000000000000002	[[0.0, 0.0, 0.0], [0.0, 0.0, 0.0], [0.0, 0.0, 0.0]]
2	[[-0.4073423402475564, 0.6394988746997277, 0.652007213993393], [0.8839564696894593, 0.09663191055244695, 0.45747484472605926], [0.22954994562358777, 0.76269486894876, -0.6046514362369794]]	0.16781537896773488	0.8321846210322651	[[-0.0683583091982477, 0.10731774600717482, 0.1094168377059983], [0.14834148995191765, 0.016216320689735136, 0.07677131443590932], [0.038522011116845334, 0.12799192846938307, -0.10146980991549387]]	0.5493316362821404	0.741610391364462	[[-0.23450314501504768, 0.08616762598704718, 0.5804924588211497], [0.5429927106268891, -0.21827977382114713, 0.018827771083967253], [0.42173848429638455, 0.3992018238237907, -0.2593464380712775]]	[[-0.010737110719861108, -0.2651293372523417, 0.22232426909039937], [0.057407456730194206, -0.27136273936199223, -0.232477633927317], [0.29563943705850276, -0.019770596519824317, 0.0728077247771287]]	0.9863414475207092	[[-0.5984951795962937, 0.5984951795962936, 0.0], [0.7071067811865475, 0.7071067811865476, 0.0], [0.0, 0.0, -0.8463999999999998]]
2	[[0.5859585634738876, 0.36139819833278886, -0.7252888418646962], [-0.7596467684279905, 0.5565829073689794, -0.33638111487062594], [0.28211584341991347, 0.748068719748733, 0.600669494335248]]	0.12614300932638897	0.8738569906736111	[[0.07391457653716409, 0.04558785630283316, -0.09149011714366426], [-0.09582412939457324, 0.07020904287515388, -0.04243212611034648], [0.03558694146764022, 0.09436363949204428, 0.0757702576260085]]	0.0	0.8712019620915683	[[0.6505382386916235, 0.6505382386916235, 0.0], [-0.7071067811865474, 0.7071067811865474, 0.0], [0.0, 0.0, 0.9199999999999999]]	[[0.6505382386916236, 0.6505382386916235, 0.0], [-0.7071067811865474, 0.7071067811865475, 0.0], [0.0, 0.0, 0.9199999999999998]]	0.8712019620915683	[[0.6505382386916237, 0.6505382386916236, 0.0], [-0.7071067811865475, 0.7071067811865476, 0.0], [0.0, 0.0, 0.9199999999999999]]
2	[[-0.9811165986123564, 0.18418769307433647, 0.05903485112435114], [-0.17683959200596489, -0.7305894532589015, -0.6595201357699575], [-0.0783452527373813, -0.6575058513099433, 0.74936511585922]]	0.11505817318724097	0.8849418268127591	[[-0.1128854835200173, 0.021192299488705386, 0.00679244212474861], [-0.02034684040338336, -0.08406028784183442, -0.07588318200189245], [-0.009014261657855793, -0.07565142211164377, 0.08622058128100704]]	0.3963073228100151	0.9071313041946834	[[-0.4582113217733242, 0.0978688768153056, 0.3065647950288574], [-0.07894472754633047, -0.4778954117982891, -0.09092642056770762], [0.27119306984568736, -0.16235502103025073, 0.14827372771120426]]	[[-0.06938762921279312, 0.02487394527846253, 0.283168851227278], [-0.008861902271631155, -0.18835746150402122, 0.17044623877858187], [0.302241867212913, 0.09821936263431275, -0.14870515516217997]]	0.7603873498392131	[[-0.9199999999999999, 0.0, 0.0], [0.0, -1.0, 0.0], [0.0, 0.0, 0.9199999999999999]]
2	[[0.5316565726284, 0.12413974256263854, 0.8378129941087711], [-0.8431913025942939, 0.17079270063273144, 0.5097629651513687], [-0.0798105006271736, -0.9774554607382677, 0.19547661308345798]]	0.1257380647808979	0.8742619352191018	[[0.06684946857033992, 0.015609090992225037, 0.10534498452752669], [-0.10602124262829102, 0.02147514365626285, 0.06409660873510539], [-0.010035217898055476, -0.12290335804275071, 0.024578851039038348]]	0.4623450690317759	0.865438074268166	[[0.16916077578055239, -0.13994522634810289, 0.6371683278765391], [-0.32394229604543456, -0.2683787758393973, 0.0], [0.3243784453436425, -0.39828571432388593, 0.16184877460800245]]	[[-0.07664801899252259, -0.19734062419281287, 0.24980962127960057], [0.06590304495951724, -0.3473439388035609, -0.23568639331275226], [0.3612784367655736, 0.05363599814663477, 0.07147112643783331]]	0.9999999999999997	[[0.0, 0.0, 0.0], [0.0, 0.0, 0.0], [0.0, 0.0, 0.0]]
2	[[-0.7229741855265539, 0.37453352207805324, 0.5805454055472524], [0.6255107660641113, -0.0019251384381000977, 0.7802131602196173], [0.2933336131439832, 0.9272113754057388, -0.23288292491742163]]	0.11263407052126878	0.887365929478731	[[-0.08143152539765472, 0.04218523513831862, 0.06538919214920783], [0.07045382373667795, -0.0002168361786002021, 0.08787858410979835], [0.03303935886911799, 0.10443559144557261, -0.02623055178834821]]	0.42865022284267945	0.9008967896791034	[[-0.19897690999871545, -0.03913454945217543, 0.546998990506396], [0.19526039927905514, -0.3791549444724991, 0.1252584895945912], [0.46175329771514395, 0.31182009326339316, -0.1528525963592633]]	[[0.11092613573674658, -0.1996784271529865, 0.29814807304827257], [-0.07286492998482125, -0.3783297334520043, -0.2091800553983389], [0.33601577907372715, -0.08562926942654411, -0.0530272786971555]]	0.9999999999999998	[[0.0, 0.0, 0.0], [0.0, 0.0, 0.0], [0.0, 0.0, 0.0]]
2	[[-0.5765804364735063, -0.21489234046914468, -0.7882742430675469], [0.7184694088670802, -0.5927529150888833, -0.36393088653729166], [-0.3890458954907621, -0.7761863588477473, 0.49616330732982133]]	0.11275573692046112	0.8872442630795387	[[-0.06501275200849128, -0.02423034420816105, -0.08888244317249995], [0.08101154765161567, -0.0668362917525986, -0.04103529529962904], [-0.04386715664194159, -0.08751946487948722, 0.05594525935086721]]	0.378780530664423	1.0815014121840865	[[-0.28331641668966795, -0.13306799939659708, 0.11693904487984257], [0.5206682853464034, -0.4887015089023581, -0.12219775054523854], [0.15582315627885032, -0.009553626961179045, 0.09612770878668078]]	[[-0.06491897299150863, -0.051670964637974624, 0.41552198097806436], [0.24852606138957656, -0.2641782451721073, 0.01565218378253071], [0.3031861670256568, 0.28445065393765695, -0.09180929205992414]]	0.9576743881490279	[[-0.5984951795962937, -0.5984951795962936, 0.0], [0.7071067811865475, -0.7071067811865476, 0.0], [0.0, 0.0, 0.8463999999999998]]
2	[[0.4863417937448936, 0.8226223794475465, -0.29455743156310954], [-0.6786221941306434, 0.14325991665360527, -0.7203808117334284], [-0.5504031043610768, 0.5502445066626823, 0.6279230889187231]]	0.11353218811527402	0.8864678118847259	[[0.055215448015765015, 0.09339411873127314, -0.0334417497309749], [-0.07704546260324023, 0.01626461180689559, -0.08178640983235339], [-0.06248846878355264, 0.06247046283982379, 0.07128948225304442]]	0.40172903460934445	1.045535802603996	[[0.18822331429192826, 0.47564546264908686, 0.21961243429179056], [-0.30034788595625195, -0.2923359467659016, -0.029878173494818364], [0.17317138433240073, 0.13740749870881963, 0.30946623425424674]]	[[-0.007154304999384835, 0.14517416830558225, 0.3379447069106466], [-0.0277256470436736, -0.34988761478136965, 0.25951971455394773], [0.39428429209336235, -0.08364169575187468, 0.057211297934010516]]	0.9506294380262696	[[0.6505382386916237, 0.6505382386916236, 0.0], [-0.7071067811865475, 0.7071067811865476, 0.0], [0.0, 0.0, 0.9199999999999999]]
2	[[-0.19118987636437412, 0.26283917413924524, 0.945707142678734], [0.07907792122591596, 0.9644731457555763, -0.2520679144415871], [-0.9783624653217047, 0.026591721534022325, -0.20518227700143543]]	0.3601448982427254	0.6398551017572749	[[-0.06885605856828676, 0.09466018762458046, 0.3405916026674512], [0.02847950989315376, 0.34735008293598335, -0.0907809733968214], [-0.35235225051778735, 0.00957687284596936, -0.07389535027189267]]	0.6230139359855682	0.5955994018838936	[[-0.13101362809307904, 0.15252597376471844, 0.5632911084079125], [0.08519049156041517, 0.6455367460637929, -0.06375598235142685], [-0.3930164410220521, 0.016567013097543444, -0.10980584057105003]]	[[-0.011899670698716145, -0.011226494646968913, -0.025897620842030955], [0.035923844607900546, 0.044656535374228645, 0.0932858411604998], [0.2165170093185673, 0.0, 0.0180255774180954]]	0.3865880899357438	[[0.0, 0.0, 0.8463999999999998], [0.0, 1.0, 0.0], [-0.8463999999999998, 0.0, 0.0]]
2	[[-0.6444901429183796, 0.6254792214998769, 0.43978199048273264], [0.6024876936975031, 0.7695704867721718, -0.21158885800605393], [-0.47078767467310584, 0.12859630383938042, -0.8728241266227346]]	0.31787593274817033	0.6821240672518296	[[-0.20486790532718147, 0.1988247909488728, 0.1397961104305456], [0.19151633760338774, 0.2446279362981676, -0.06725900559779456], [-0.14965207121305563, 0.04087767003091017, -0.2774497833753088]]	0.6163833955126561	0.6082044554131849	[[-0.3601513838342831, 0.4041078468232871, 0.27670305975406523], [0.45351639234148056, 0.4989203236460793, -0.013708970673847349], [-0.05732854514705353, 0.07926462641089449, -0.4537712357585329]]	[[0.037101638832184675, 0.018572840452580317, 0.0056287431750039335], [0.08215298194562447, 0.024569853923120603, 0.1167108880765694], [0.2328571603334631, 0.0, 0.08422306309455671]]	0.5136448225117893	[[-0.5984951795962937, 0.5984951795962936, 0.0], [0.7071067811865475, 0.7071067811865476, 0.0], [0.0, 0.0, -0.8463999999999998]]
2	[[0.8082379753195112, 0.5598220322729544, 0.18262165105265082], [0.5142410611933297, -0.8221198924002462, 0.24428469764306882], [0.2868928480010876, -0.10352861779037982, -0.95235199325892]]	0.40345253421520355	0.5965474657847964	[[0.32608565939162193, 0.2258616176300289, 0.07367916791975658], [0.20747185933596446, -0.33168635401760965, 0.09855728033409088], [0.115747646574256, -0.04176888321132595, -0.3842288251452116]]	0.7354824507129769	0.394992173437773	[[0.46738137354466763, 0.4595425118995331, 0.19952370525590804], [0.32865159975643615, -0.7517897790995584, 0.17966710809420283], [0.24861446312030522, -0.03355466686753191, -0.5903102363186349]]	[[-0.1270634733026211, 0.04780323164030133, 0.0652086857864543], [-0.04956367618727589, -0.14713502585713648, 0.0], [0.03760980818043971, 0.04258881466386375, 0.11012794162482382]]	0.42788211403502596	[[0.5984951795962937, 0.5984951795962936, 0.0], [0.7071067811865475, -0.7071067811865476, 0.0], [0.0, 0.0, -0.8463999999999998]]
2	[[0.38401809673392395, -0.5473175780213695, -0.7436219269021571], [0.16374961445699815, 0.8329771875431029, -0.5285215878258589], [0.9086892566471991, 0.08119405040767946, 0.40950135656961645]]	0.25456760416489976	0.7454323958351005	[[0.09775856684151976, -0.13932932455423566, -0.18930205233596836], [0.041685347035244055, 0.21204900695686402, -0.13454447436225755], [0.23132284699506123, 0.02066937488472707, 0.10424577924420361]]	0.6036926033212213	0.6636170746169756	[[0.09511703584756258, -0.2276066522394611, -0.29261956744885775], [0.053787059260621085, 0.4491106337767196, -0.21044725628507768], [0.7226454620603171, 0.0, 0.13451580210835085]]	[[-0.13671184869220054, 0.10280492127972511, 0.15629948948944836], [-0.04506737178377043, -0.05375153307836535, 0.10861731698098055], [0.1740764791049441, -0.04901624766480648, -0.11269713790273257]]	0.7408368460048763	[[0.0, 0.0, -0.8463999999999998], [0.0, 1.0, 0.0], [0.8463999999999998, 0.0, 0.0]]
2	[[-0.11776339373586858, 0.36921076657559443, 0.9218542145808483], [-0.35654034849298993, -0.8821364675726786, 0.30775677486433006], [0.9268283352338275, -0.29243574067315803, 0.235521919541756]]	0.5945809238413895	0.40541907615861056	[[-0.07001986744217004, 0.21952567868270448, 0.5481169305525593], [-0.21199208979369294, -0.5245015158435431, 0.18298630751727987], [0.5510744478057062, -0.17387671285368728, 0.14003684050603465]]	0.7967445339036126	0.3014156063723647	[[-0.04108958646632381, 0.24862985268821763, 0.7166965017451008], [-0.3238258085606296, -0.7643003313483785, 0.2452035281449597], [0.706152152200284, -0.23299657789939304, 0.05810945045297711]]	[[0.05273775378666842, -0.04553680743924984, -0.017785804778198015], [-0.039754234782750704, -0.06146292265280551, 0.0], [-0.032293257764253076, 0.0, -0.12954135155640342]]	0.5447120340188069	[[0.0, 0.0, 0.9199999999999999], [0.0, -1.0, 0.0], [0.9199999999999999, 0.0, 0.0]]
2	[[0.3150175355465583, 0.07704224194745776, 0.9459537225752019], [0.010291163786529306, 0.9963639725302899, -0.08457497378999636], [-0.9490300544482728, 0.036377564505737925, 0.3130792688035079]]	0.48812257836584383	0.5118774216341562	[[0.15376717168143994, 0.037606057782478254, 0.4617413700781756], [0.0050233494018659015, 0.4863477512623198, -0.041282954271596686], [-0.46324299712396805, 0.0177567105812106, 0.15282105992126138]]	0.740986514260067	0.39983387135806925	[[0.07606200394175694, 0.06271273246807921, 0.7414101828791361], [-0.0335437639939329, 0.8356013106132595, -0.014853188017556883], [-0.6459835077312219, 0.026955284720377483, 0.08706920637116838]]	[[-0.15736174165368408, 0.005625470156651741, 0.040471231336802665], [-0.04116937757579268, 0.09730904367372688, 0.047815727004729046], [0.05723496424244533, 0.0, -0.1449183097066335]]	0.34511264416534626	[[0.0, 0.0, 0.8463999999999998], [0.0, 1.0, 0.0], [-0.8463999999999998, 0.0, 0.0]]
2	[[0.2693697955279176, -0.8332118037256505, 0.4829057914226089], [-0.5456055074659315, 0.281164383477422, 0.7894689478925723], [-0.793570755181976, -0.4761351484568322, -0.37886775651129134]]	0.11601403524365163	0.8839859647563487	[[0.03125067695195107, -0.0966642635628542, 0.056023849505466024], [-0.063297896572283, 0.03261901469400923, 0.09158947834457745], [-0.09206534556001306, -0.05523835989381222, -0.043953977256584176]]	0.36105266118414203	1.042744930978318	[[0.1658353822905696, -0.3496999712712943, 0.397723837948909], [-0.24872931555149033, -0.24341410161991955, 0.013520220862735402], [0.04493037240915983, -0.17190986243364578, -0.12140724700208338]]	[[0.06857870077258671, -0.048866632206109206, 0.22336941685454176], [-0.05173699512419136, -0.3449292505046414, -0.2715196436961226], [0.33145120540552153, 0.0, 0.015383964723183902]]	1.0000000000000002	[[0.0, 0.0, 0.0], [0.0, 0.0, 0.0], [0.0, 0.0, 0.0]]
2	[[-0.26061641159578686, 0.214194633552232, 0.9413818274028666], [0.3269392317606362, 0.9370465383592396, -0.12269687724115588], [-0.9083995953008238, 0.27579783158391824, -0.31423833526625644]]	0.3051717712026898	0.6948282287973104	[[-0.07953277193117546, 0.06536615570324573, 0.28728315964655754], [0.09977262443204005, 0.28596015181043843, -0.03744362334872253], [-0.2772179134577589, 0.08416571275832546, -0.09589666935298814]]	0.6324851308903938	0.590838556824728	[[-0.09169932034621149, 0.11783959425050064, 0.6905773036017033], [0.22440980540749333, 0.5694628191473239, 0.0], [-0.3902940097800834, 0.12438141285497999, -0.10354214858971822]]	[[0.07313668485413452, -0.017635326587802782, 0.09516729527896312], [0.01762560261416252, -0.023205183317210335, 0.07760395046171507], [0.18425522715453896, -0.050056614753661334, 0.09520892602193948]]	0.4994392896435363	[[0.0, 0.0, 0.8463999999999998], [0.0, 1.0, 0.0], [-0.8463999999999998, 0.0, 0.0]]
2	[[0.5977334925608182, 0.6122861497964367, -0.5175136158967237], [0.8005212526413146, -0.4209281575567265, 0.4265972459422119], [0.04336353238179311, -0.669272109790446, -0.7417509333435437]]	0.12402763917090533	0.8759723608290947	[[0.07413547393569819, 0.07594040565629534, -0.06418599201846933], [0.0992867610712381, -0.05220672564231965, 0.05290984929102262], [0.005378276547424898, -0.08300823974023998, -0.09199761711541525]]	0.41576525340200116	0.8920050756938046	[[0.28079251123201204, 0.30110821102375973, 0.15487078632262835], [0.5028742309091744, -0.5033511055855173, 0.17736431205975955], [0.2636635510766116, -0.023241445142221623, -0.2752223902489624]]	[[0.03227569423060014, 0.046540904799108634, 0.3700349659749156], [0.17004530945107083, -0.32834380349490755, 0.0], [0.24563450104748952, 0.25501864317969514, 0.033171874513786996]]	0.7434292984808366	[[0.5984951795962937, 0.5984951795962936, 0.0], [0.7071067811865475, -0.7071067811865476, 0.0], [0.0, 0.0, -0.8463999999999998]]
2	[[0.9580188401289788, -0.271550439072872, -0.09197967708823776], [0.033958066644978496, -0.21108568674345063, 0.9768775166630569], [-0.2846871118748815, -0.9389905174661649, -0.1930027368742796]]	0.07981918956845765	0.9201808104315424	[[0.07646828741040888, -0.021674935973755468, -0.007341743281951571], [0.0027105053589138416, -0.01684868844536354, 0.07797357168769269], [-0.02272349455043786, -0.07494946211661598, -0.015405322041799278]]	0.33120113980580435	1.1500189109531356	[[0.31618366407163545, -0.16277578361026507, 0.3415979704621306], [0.030853516536509973, -0.4446100179675179, 0.10099608437342886], [0.30199191100893225, -0.18110057169773672, 0.04891530332509994]]	[[-0.001113267734516931, -0.07283796867456327, 0.37206174435272477], [0.019606566158091608, -0.37469819792139625, -0.22254686259603923], [0.3962806069499155, 0.1298941579538991, 0.11283802976350109]]	1.0	[[0.0, 0.0, 0.0], [0.0, 0.0, 0.0], [0.0, 0.0, 0.0]]
2	[[-0.9945741148769375, -0.05571399045578551, -0.08785374940347358], [0.04382460725063632, 0.541520885874493, -0.8395442418128012], [0.09434900007993284, -0.8388391272640996, -0.5361410120059088]]	0.09438744567989546	0.9056125543201043	[[-0.09387531024257702, -0.005258701247755668, -0.008292290999595525], [0.0041364927363121695, 0.05111277320000751, -0.07924243651997478], [0.008905361119997096, -0.07917588255881113, -0.05060498064747186]]	0.3824576090127914	1.0512684463333142	[[-0.3234377118418458, 0.041533905376843795, 0.34593944112265995], [0.16845809047738966, -0.15872071189056977, -0.2105400288778345], [0.37062331709316565, -0.11860893230226881, -0.2485063453136358]]	[[0.05694472612000103, 0.06284214495512505, 0.37953977606232137], [0.1516970359723867, -0.365829495132617, 0.11055005450634624], [0.33453882410984687, 0.20221147465753533, -0.04345513576815768]]	0.9839670058738789	[[-0.9199999999999999, 0.0, 0.0], [0.0, 1.0, 0.0], [0.0, 0.0, -0.9199999999999999]]
