2	[[-0.21951259035361326, -0.17809212642501718, -0.9592170855346885], [-0.39870436216914484, 0.9137219002469867, -0.0784035751501837], [0.8904207175619522, 0.3652334643956531, -0.27157956885967516]]	0.27637024132551186	0.7236297586744882	[[-0.06066674757001633, -0.049219363958255546, -0.26509905741277584], [-0.1101900207902208, 0.2525255420756651, -0.021668414985039172], [0.24608578859383223, 0.10093966069517937, -0.0750565109848269]]	0.552578698898493	0.7142345678511149	[[-0.06792039798005803, -0.1183319967277586, -0.26648642544275375], [-0.22256150429774157, 0.39569736657543403, -0.04332414554547872], [0.5392940882614717, 0.0730731013241061, -0.15225672263356083]]	[[0.053377583589379454, -0.01992208122375671, 0.2635565036432088], [-0.0022459666051620544, -0.10920589221810453, 0.0], [0.0472665666788257, -0.12874713122583292, -0.002187637825667804]]	0.5066116617078723	[[0.0, 0.0, -0.9216], [0.0, 1.0, 0.0], [0.9216, 0.0, 0.0]]
2	[[0.39962180205666736, -0.8574648204204427, -0.3241242000565831], [-0.742889895952614, -0.510089041811326, 0.433501755377666], [-0.5370447074615821, 0.0675518405770078, -0.8408446533231704]]	0.21862511274718788	0.7813748872528122	[[0.0873673615308733, -0.18746334304116644, -0.07086168978146255], [-0.1624143872613869, -0.1115182742771062, 0.09477437014554609], [-0.11741145971906893, 0.014768528762428389, -0.18382975713564825]]	0.5494371604774491	0.7497973734782891	[[0.17269286553600016, -0.6287906264357965, 0.04287574141829947], [-0.36436079744287614, -0.45018842992238284, 0.0], [0.03031772750528048, 0.030317727505280473, -0.5282814318388503]]	[[-0.046874202650896424, -0.15766759029468272, 0.22096162153941315], [0.04381051753671569, -0.16992655519890504, -0.23818197353669454], [0.32539004662241444, -0.006797763966376007, -0.06629013311432261]]	0.629687324335651	[[0.6516696095415222, -0.6516696095415221, 0.0], [-0.7071067811865475, -0.7071067811865476, 0.0], [0.0, 0.0, -0.9216]]
2	[[-0.8454278191407976, -0.5275798211578228, 0.08313443889216068], [0.5338434264073765, -0.8300116656812779, 0.16152965955087792], [-0.016217234797175482, 0.18094244151129993, 0.9833599718086266]]	0.34550335362441725	0.6544966463755828	[[-0.2920981467605228, -0.18228059751459808, 0.028723227438925684], [0.18444469413409842, -0.2867718140402703, 0.05580903908463871], [-0.0056031090089387215, 0.06251622035514409, 0.3397541680798928]]	0.6995391828347001	0.42156809093679987	[[-0.5948409140912385, -0.3674563916172762, 0.17064958540255468], [0.42025211125308015, -0.6577606837505333, 0.016242373010229575], [0.13125213992242335, 0.1100828181672152, 0.6044659955699978]]	[[-0.003431028343762379, 0.0016063653555443945, 0.11249378795451132], [0.04680771698238753, -0.07713500139658387, -0.09675395303555889], [0.14259673110027796, -0.016493509507715054, -0.0834328355413626]]	0.31754877724391756	[[-0.6516696095415222, -0.6516696095415221, 0.0], [0.7071067811865475, -0.7071067811865476, 0.0], [0.0, 0.0, 0.9216]]
2	[[-0.46302331253993745, -0.17599259499966094, -0.8686978868109609], [0.02399014622745857, 0.9772413149034422, -0.2107697448159405], [0.8860213794985587, -0.11843149475995327, -0.44826342268848407]]	0.3727128225357068	0.6272871774642934	[[-0.17257472571659277, -0.06559469682770713, -0.32377484132411716], [0.008941435113480417, 0.3642303687761673, -0.07855658649547984], [0.3302315291798884, -0.044140936689104945, -0.16707352550974147]]	0.6835396838921469	0.555591328122996	[[-0.2603207866630102, -0.05419212942230603, -0.3827420253073234], [0.059813167130643705, 0.6643474716166199, -0.11861539089616674], [0.6466540604990707, 0.0, -0.25962016915034547]]	[[0.05617402202523343, 0.06610579333112082, 0.21104745364121685], [0.0434149501618003, -0.0036357478588249868, 0.02545409384934969], [0.041023286834941795, 0.0809526264910929, 0.04678566909455278]]	0.5115259568062802	[[0.0, 0.0, -0.9216], [0.0, 1.0, 0.0], [0.9216, 0.0, 0.0]]
2	[[-0.07673908792314688, -0.9932055702045202, -0.08748604288363548], [-0.7029605032121287, -0.008330385140834728, 0.7111801006827707], [-0.7070768298484077, 0.11607454500500591, -0.6975450212663026]]	0.16156034047229303	0.8384396595277068	[[-0.012397993172396829, -0.16046263008122028, -0.014134274874853817], [-0.11357053823752598, -0.0013458598596185999, 0.11489849920342808], [-0.11423557337037842, 0.01875304301117526, -0.11269561113053675]]	0.4189934328497393	0.9869142411451154	[[0.05883145263975355, -0.5557375996890058, 0.1128220912713224], [-0.21072348072489078, -0.2494969238147907, 0.047789237477854705], [0.11092005953308032, 0.04863447207811899, -0.4011060623446878]]	[[0.09098462652243078, -0.13959098830353106, 0.14947816870557634], [0.08381235367373924, -0.24600654714767187, -0.2501905542816426], [0.4071806077597757, 0.0, -0.10883927931707528]]	0.9999999999999998	[[0.0, 0.0, 0.0], [0.0, 0.0, 0.0], [0.0, 0.0, 0.0]]
2	[[-0.09505120117050858, 0.5452103891734319, 0.8328930907946102], [-0.8397020396470369, 0.4054655520987933, -0.361245305400398], [-0.5346641504427332, -0.7337188273436738, 0.41927428806543177]]	0.15228122201452388	0.8477187779854761	[[-0.014474513068193393, 0.08302530431834436, 0.12683397767365706], [-0.12787085272553897, 0.06174478975839787, -0.05501087655338249], [-0.08141931019677666, -0.1117315996429581, 0.06384760094587344]]	0.4605651649307515	0.8377362129738173	[[-0.09041855298760844, 0.2841212228880052, 0.6000261861743771], [-0.4094620471142794, 0.031213636762128613, 0.0], [0.061652065347630736, -0.2740761057077316, 0.06583152597517045]]	[[-0.04664128084364714, 0.03301631007638421, 0.21642464244287402], [-0.02272453873155335, -0.15552967211399038, 0.16637700366219402], [0.3078997479788484, 0.06384922702060511, -0.1272716056589086]]	1.0	[[0.0, 0.0, 0.0], [0.0, 0.0, 0.0], [0.0, 0.0, 0.0]]
2	[[0.045438286595317165, 0.914755726437795, 0.40144404723515764], [0.8006341574927736, -0.2736772949406891, 0.532996889380964], [0.597428077652129, 0.29719135112450484, -0.7448201077103603]]	0.2758182370129971	0.7241817629870029	[[0.01253270810161168, 0.2523063117636162, 0.1107255893677635], [0.2208295018120431, -0.07548518900102691, 0.14701026236246895], [0.16478155912007422, 0.08197079452267154, -0.20543496900050226]]	0.64822988696218	0.5236501418223186	[[0.000998375552039077, 0.5738506470293117, 0.40411002826016573], [0.38803408580287313, -0.4045949806096396, 0.3190726953836744], [0.4936789201442907, 0.07781896251221039, -0.3956874101733483]]	[[-0.028456079831398504, -0.01912135411746702, 0.1438819988992795], [-0.13096090360672769, -0.22718917864612154, -0.026431817970941487], [0.1064081848998186, -0.11482935343336492, 0.08712724405489732]]	0.90420324374981	[[0.6516696095415222, 0.6516696095415221, 0.0], [0.7071067811865475, -0.7071067811865476, 0.0], [0.0, 0.0, -0.9216]]
2	[[-0.9404471891782326, -0.16511750794278138, -0.2971452387932999], [-0.33967856319298195, 0.4221845412224513, 0.8404633762752188], [-0.01332509189135525, 0.8913452875982203, -0.45312914296316575]]	0.09139525061318243	0.9086047493868178	[[-0.08595240654340756, -0.015090956019054635, -0.027157663568027554], [-0.031045007410948303, 0.03858566195003736, 0.07681436090587507], [-0.0012178501128540797, 0.08146472594291851, -0.04141385158125507]]	0.3555403056891296	1.0649630454536558	[[-0.4025741997647538, -0.06347101272991534, 0.3089606863882059], [-0.26164007889218155, -0.10304102255043585, 0.20309155145902735], [0.35081678850563697, 0.0861196044246643, -0.27913165246811944]]	[[-0.06820731863984228, -0.004765083481311619, 0.41460779542284515], [-0.14087065869850438, -0.2531446433938912, -0.09572705426238189], [0.3555543957500251, -0.23078957160257207, -0.11802597846234213]]	1.0000000000000002	[[0.0, 0.0, 0.0], [0.0, 0.0, 0.0], [0.0, 0.0, 0.0]]
2	[[0.1093031896461408, 0.1859596356180152, -0.9764588197430523], [-0.9647495672926553, -0.21674161245263301, -0.1492693734162066], [-0.23939733737411129, 0.9583538424570789, 0.15571392842625953]]	0.12876868545963602	0.871231314540364	[[0.014074828047278838, 0.023945777827084715, -0.12573731862378051], [-0.12422953357802785, -0.02790953251992742, -0.019221220994188465], [-0.030826880436201354, 0.12340596449838917, 0.020051077871205282]]	0.3744887611953537	1.122313684759874	[[0.09507824251525718, 0.07860233190383578, 0.13550307258356106], [-0.6285013800196899, -0.33264417223930176, -0.05589970273504187], [0.13224327895028087, 0.05938700404061708, 0.04563817289918448]]	[[0.05414542642997303, 0.008962538328905912, 0.5011759263474138], [-0.2672135097005099, -0.25147687429243193, 0.0], [0.22189489125697798, -0.29950573920794155, -0.012674943258027448]]	1.0	[[0.0, 0.0, 0.0], [0.0, 0.0, 0.0], [0.0, 0.0, 0.0]]
2	[[-0.14788840876935622, -0.1760303547303998, -0.9732123780373726], [0.7447065518890947, -0.66734943231379, 0.007542331464318042], [-0.6508004072871522, -0.7236422109053288, 0.22978420413710982]]	0.1703376663739686	0.8296623336260314	[[-0.0251909664335317, -0.029984599835758165, -0.16577472536114657], [0.12685157618219314, -0.11367474495632378, 0.0012847431406508927], [-0.11085582265252181, -0.12326352549531291, 0.039140905102314896]]	0.4688536875102416	0.9995454457506835	[[-0.05827859977876917, -0.0837810736128427, 0.017847331428854092], [0.6943229173061671, -0.6617384347153051, 0.0035362499194700344], [0.0149244356836888, -0.010315502475164245, 0.10596939473403859]]	[[0.011059426012765512, -0.0012485926837588089, 0.47414154360228755], [0.3451645043399282, -0.3488491925171183, 0.0], [0.32005460647343725, 0.3289668165458631, -0.00176577670725153]]	0.8622237825991579	[[0.0, 0.0, -0.9216], [0.0, -1.0, 0.0], [-0.9216, 0.0, 0.0]]
2	[[-0.4889737104017652, -0.6675742726348228, 0.5614706591194402], [-0.8352955409727327, 0.5438241864302344, -0.08084932581391074], [-0.2513683945268397, -0.5085271327761987, -0.8235375434449957]]	0.26566206679121257	0.7343379332087877	[[-0.1299017665119008, -0.17734916100480747, 0.1491614557442949], [-0.22190633979630017, 0.14447345733810585, -0.021478598994399665], [-0.06677904721598915, -0.13509636911273432, -0.21878268587175564]]	0.6329694389733197	0.6761076961903345	[[-0.2420863024616943, -0.2689293925703862, 0.5393219160560175], [-0.5361371282786065, 0.2581055978049319, 0.0], [0.004297620593426754, -0.22517458485117756, -0.3823595210127401]]	[[0.06741911268401347, 0.1536247202522996, 0.18392814795320536], [-0.007420578332180294, -0.08611849237993574, 0.051175152401802225], [0.1634061322527045, 0.09670754908488376, 0.1389145758351047]]	0.6063561323223334	[[-0.6516696095415222, -0.6516696095415221, 0.0], [-0.7071067811865475, 0.7071067811865476, 0.0], [0.0, 0.0, -0.9216]]
2	[[-0.7969422360492981, -0.5496472174344235, -0.2505414312391083], [-0.20133618011619125, -0.14934722918147175, 0.9680698051855754], [-0.5695145432532569, 0.8219387699229261, 0.008357243601908652]]	0.08594915700065832	0.9140508429993418	[[-0.0684965133666568, -0.04724171498624624, -0.02153382480873979], [-0.017304674954719337, -0.01283626844853164, 0.08320478367349174], [-0.04894929489223242, 0.07064494438103355, 0.0007182980424332158]]	0.3180284089467192	1.2673092787873355	[[-0.13551135186344954, -0.28696552096086825, 0.286866181753543], [-0.046094507294168086, -0.5244851036772092, 0.05819812436306217], [0.2407709713907486, 0.16491907343129722, -0.15702123399776896]]	[[0.11793891948974941, -0.1121620909182072, 0.3665454745057505], [0.0179361177315943, -0.4769884420000249, -0.2496755755294668], [0.42189277545359943, -0.09648080581891447, -0.15967907488366417]]	1.0000000000000002	[[0.0, 0.0, 0.0], [0.0, 0.0, 0.0], [0.0, 0.0, 0.0]]
2	[[-0.7823064473600231, -0.6191382563410173, -0.06829671993547412], [0.4516132128936376, -0.48825713387833247, -0.7467599863120696], [0.42900131510151085, -0.6150388530425709, 0.6615777209740769]]	0.12585467748680082	0.8741453225131992	[[-0.09845692562834063, -0.0779214455715389, -0.008595461660885467], [0.05683763525750666, -0.06144944411488726, -0.09398323723735331], [0.053991822153514044, -0.07740551649152465, 0.08326265070564516]]	0.4304329051761709	0.8610574349613661	[[-0.3475467079989397, -0.3698266007976397, 0.3206108700818267], [0.3274601743227582, -0.4497891624602294, -0.31834338506946913], [0.4341608298053262, -0.019251410908631424, 0.13461237611212215]]	[[-0.010816271123715802, -0.10332912241506678, 0.35000802565765615], [0.13307098708100515, -0.2396272258519881, 0.003086685308152579], [0.2495045474217851, 0.2454815494027024, -0.15015244432657993]]	0.849274839331269	[[-0.6516696095415222, -0.6516696095415221, 0.0], [0.7071067811865475, -0.7071067811865476, 0.0], [0.0, 0.0, 0.9216]]
2	[[-0.328472184202533, 0.6350926635744277, -0.699116108296151], [0.7870892180276409, -0.22510676047337688, -0.5742974048816677], [-0.522107830883481, -0.738907473952673, -0.4259332786564415]]	0.11359476747062301	0.8864052325293768	[[-0.03731272138505439, 0.07214320344103572, -0.07941593175686817], [0.08940921670048436, -0.02557095011203852, -0.06523718016651528], [-0.05930871764380048, -0.08393602268595932, -0.04838379174697856]]	0.3570046203384108	1.16168040528688	[[0.004492912602111904, 0.19675241227549134, 0.13278694670039246], [0.3718388352403097, -0.535030546788736, -0.10543872255159793], [0.1488833252644383, -0.05831223126914163, -0.32425337759852935]]	[[0.12175900001506572, -0.029978602963607368, 0.38237462751512713], [0.09084434778589506, -0.4546663932303285, 0.09958810443951643], [0.3352782332047066, 0.20548115093454658, -0.17219322916229182]]	0.9999999999999998	[[0.0, 0.0, 0.0], [0.0, 0.0, 0.0], [0.0, 0.0, 0.0]]
2	[[-0.7906551711763438, -0.6122537057691856, -0.0031305053914775782], [0.21569187232512302, -0.27374870521795946, -0.9373039328864322], [0.5730108345441554, -0.7417594260697941, 0.3484989775187588]]	0.10825211652266906	0.891747883477331	[[-0.08559009571943241, -0.0662777594983618, -0.00033888383441307846], [0.023349101695931872, -0.029633876735184347, -0.10146513455997803], [0.06202963562982572, -0.08029702782269547, 0.03772575192239169]]	0.4024356522453222	0.9106078541444043	[[-0.28887657194855443, -0.32791062146319, 0.38426468440997585], [0.2513037050271161, -0.41690242129432786, -0.36621589847757574], [0.510367935685582, -0.03306439254802299, 0.010642789829415578]]	[[0.029311257564934322, -0.08151790204235221, 0.38552451138905264], [0.16450160570394046, -0.3067361825586261, 0.010988621105681273], [0.27976794674216854, 0.2654460458914904, -0.12960562349517402]]	1.0	[[0.0, 0.0, 0.0], [0.0, 0.0, 0.0], [0.0, 0.0, 0.0]]
2	[[0.5859585634738876, 0.36139819833278886, -0.7252888418646962], [-0.7596467684279905, 0.5565829073689794, -0.33638111487062594], [0.28211584341991347, 0.748068719748733, 0.600669494335248]]	0.13322392247975415	0.866776077520246	[[0.07806369823659329, 0.048146885559010276, -0.09662582444401291], [-0.10120312218904635, 0.07415015810488113, -0.04481401157117754], [0.03758457925408501, 0.09966064912933413, 0.0800235461492722]]	0.0	0.8816554547788832	[[0.678822509939086, 0.6788225099390857, 0.0], [-0.7071067811865476, 0.7071067811865477, 0.0], [0.0, 0.0, 0.9600000000000002]]	[[0.6788225099390858, 0.6788225099390857, 0.0], [-0.7071067811865476, 0.7071067811865477, 0.0], [0.0, 0.0, 0.9600000000000002]]	0.8816554547788839	[[0.6788225099390857, 0.6788225099390855, 0.0], [-0.7071067811865475, 0.7071067811865476, 0.0], [0.0, 0.0, 0.96]]
2	[[-0.5765804364735063, -0.21489234046914468, -0.7882742430675469], [0.7184694088670802, -0.5927529150888833, -0.36393088653729166], [-0.3890458954907621, -0.7761863588477473, 0.49616330732982133]]	0.12012866681902327	0.8798713331809767	[[-0.06926383914749284, -0.025814730370178, -0.09469433390747914], [0.08630877223745406, -0.0712066174427173, -0.04371853221399007], [-0.04673556475671829, -0.09324223249149188, 0.05960343663404877]]	0.39459777863316486	1.0951559566427191	[[-0.2996792371987486, -0.13775709709471717, 0.12722182343551355], [0.5193313854937941, -0.49055816033768207, -0.12277209537729916], [0.16996625752328834, -0.009952570609050183, 0.09373263269294091]]	[[-0.07216187776296239, -0.05296105690031095, 0.438273088703707], [0.23582495273896129, -0.2566591767652758, 0.02083422402631447], [0.3234829036702934, 0.29632884239763546, -0.10205230621869085]]	0.9799618890481875	[[-0.6516696095415222, -0.6516696095415221, 0.0], [0.7071067811865475, -0.7071067811865476, 0.0], [0.0, 0.0, 0.9216]]
2	[[-0.6423177830836196, 0.6472169826683319, -0.4105338510771609], [0.6354509445700302, 0.7491834873395028, 0.186885524701293], [0.4285206676224623, -0.14083422752840047, -0.8924885196891207]]	0.3633657431889276	0.6366342568110726	[[-0.23339627861364384, 0.2351764799117737, -0.14917393790086508], [0.23090110473379502, 0.2722276146619909, 0.06790779757433801], [0.15570973086245143, -0.05117433375229577, -0.3242997542444232]]	0.6786848917259676	0.5193908646395191	[[-0.4039764865594746, 0.4842950569668285, -0.059261010279194226], [0.4692094005687133, 0.5026448533405694, 0.11801808529948526], [0.3218440768231071, 0.0, -0.5428621291675897]]	[[0.031954888506295465, 0.04503866916136415, 0.2193621119889532], [0.03793844505603847, -0.005814660647323844, -0.008818296797562412], [0.031013573915416953, 0.09558206246142274, 0.06285634518429037]]	0.4628200566000325	[[-0.6516696095415222, 0.6516696095415221, 0.0], [0.7071067811865475, 0.7071067811865476, 0.0], [0.0, 0.0, -0.9216]]
2	[[-0.9494449584333646, 0.029426784615528695, -0.3125513321882631], [-0.305151494792988, 0.14733284102383137, 0.940837711394187], [0.07373490442844376, 0.988649128003984, -0.1309047958093612]]	0.08393658300412855	0.9160634169958716	[[-0.07969316556139351, 0.002469983749425947, -0.0262344908372711], [-0.025613373771525547, 0.012366615239830916, 0.07897070265585253], [0.006189055925859541, 0.08298382959466571, -0.010987701259090932]]	0.33049166015726256	1.10526164694955	[[-0.38737941253590447, 0.029809310155588353, 0.3226731706820024], [-0.24765389398320134, -0.2015093533441452, 0.2302081452379277], [0.37818403921668653, 0.07814473497572977, -0.17688572466868138]]	[[-0.07359577199531868, 0.020084003254912067, 0.42596877934126554], [-0.1468038698695965, -0.2502016285697972, -0.08073087193929664], [0.35381526824059306, -0.24859555665133687, -0.1336227813790982]]	1.0000000000000002	[[0.0, 0.0, 0.0], [0.0, 0.0, 0.0], [0.0, 0.0, 0.0]]
2	[[-0.7229741855265539, 0.37453352207805324, 0.5805454055472524], [0.6255107660641113, -0.0019251384381000977, 0.7802131602196173], [0.2933336131439832, 0.9272113754057388, -0.23288292491742163]]	0.11776228282210892	0.8822377171778909	[[-0.08513909050906188, 0.04410592255331629, 0.06836635223913148], [0.07366157574151588, -0.00022670869721928832, 0.09187968283531393], [0.03454363591229287, 0.10919052822640722, -0.027424824868565373]]	0.4478068637195194	0.8512950829257746	[[-0.2508155850133065, 0.025004073518174408, 0.5845815790552632], [0.24616525480336618, -0.357719181262586, 0.13443326694637114], [0.5009676732870494, 0.3257555241263835, -0.16181521614435498]]	[[0.07293721755751356, -0.142714608361424, 0.32460936175037164], [-0.03394275957059744, -0.35685709105639435, -0.2149515413642705], [0.3696108679615274, -0.08945609389912235, -0.05752864392325611]]	0.9999999999999998	[[0.0, 0.0, 0.0], [0.0, 0.0, 0.0], [0.0, 0.0, 0.0]]
2	[[-0.09107681945440971, 0.026979593008170225, -0.9954783345302809], [0.1626680633668992, -0.9858035016183849, -0.04159996823788131], [-0.9824683781774002, -0.16572132559825775, 0.08539512938935634]]	0.3870893522833004	0.6129106477166996	[[-0.03525486705063055, 0.010443513182399677, -0.385339063725385], [0.06296707528587184, -0.38159403892007004, -0.01610290476020734], [-0.3803030481475145, -0.06414896058535952, 0.03305554532347458]]	0.7333972471684261	0.48282630157377826	[[-0.09658868239803406, 0.01811093840902269, -0.557050148623298], [0.2054056216624268, -0.829351902914664, 0.0], [-0.5621829650036935, -0.012391714918721443, 0.020494614177340303]]	[[-0.029793193729314216, -0.001675820832893856, 0.17303092153701952], [0.08610531178692385, -0.10636632857874559, 0.030509302187956115], [0.15835663898164004, 0.10914784907214323, -0.04213393863840521]]	0.22408022357454066	[[0.0, 0.0, -0.9216], [0.0, -1.0, 0.0], [-0.9216, 0.0, 0.0]]
2	[[-0.10494230950179255, 0.25078566681139447, 0.9623376024028126], [-0.014608284002347344, -0.9679651692114681, 0.2506591894025037], [0.9943710121051078, 0.012246653231707691, 0.1052440486188438]]	0.7588821745498893	0.24111782545011085	[[-0.07963884803700784, 0.19031677217577503, 0.7303008523625731], [-0.011085966330143715, -0.7345715124997503, 0.19022079072468456], [0.7546104359756985, 0.009293766835436762, 0.07986783247430246]]	0.8905648371416042	0.16068126163605645	[[-0.023820767926735834, 0.22107094312545833, 0.830939250867459], [-0.0048148218262883714, -0.8957376543697729, 0.22322826018828723], [0.9116366377453611, 0.010906438740825461, 0.030176369094368403]]	[[0.06963716284399186, -0.002269953395879797, -0.026084779291643698], [0.008194802237180391, -0.03370191109221656, 0.0], [0.026084779291643698, 0.0, -0.0635502799239953]]	0.28959805237624014	[[0.0, 0.0, 0.96], [0.0, -1.0, 0.0], [0.96, 0.0, 0.0]]
2	[[-0.4073423402475564, 0.6394988746997277, 0.652007213993393], [0.8839564696894593, 0.09663191055244695, 0.45747484472605926], [0.22954994562358777, 0.76269486894876, -0.6046514362369794]]	0.17775120115133056	0.8222487988486695	[[-0.07240559025879713, 0.11367169311280083, 0.11589506544665815], [0.15712432425279108, 0.017176438170245382, 0.08131670314657548], [0.04080277855881531, 0.13556992906759874, -0.10747751906900024]]	0.5777796351162553	0.7153844922596366	[[-0.25200301529267033, 0.10555926323751513, 0.6217571756129435], [0.5403390899982262, -0.21900878191120188, 0.02953918736249853], [0.4588985058220007, 0.42039892443261406, -0.2949025933716129]]	[[-0.016648906577035667, -0.26393016324374946, 0.24504068541867458], [0.029607043482397195, -0.2748407319307812, -0.2347804614981896], [0.32626922199864794, -0.02027063865364073, 0.05445269282990878]]	0.9816224143422774	[[-0.6516696095415222, 0.6516696095415221, 0.0], [0.7071067811865475, 0.7071067811865476, 0.0], [0.0, 0.0, -0.9216]]
2	[[0.4863417937448936, 0.8226223794475465, -0.29455743156310954], [-0.6786221941306434, 0.14325991665360527, -0.7203808117334284], [-0.5504031043610768, 0.5502445066626823, 0.6279230889187231]]	0.11836890454473117	0.8816310954552687	[[0.05756774535990268, 0.09737290990918623, -0.03486644049963489], [-0.08032776571898614, 0.016957519399456722, -0.08527068753993014], [-0.06515061252123998, 0.06513183948541773, 0.07432656817365309]]	0.41619585600728704	1.0491647418873402	[[0.2002503890309358, 0.5043938702779879, 0.23879419708546798], [-0.29780522149223243, -0.2912130245009297, -0.04066057675340742], [0.19535025824375743, 0.14235573389050518, 0.33293594923023884]]	[[-0.0021630501288396973, 0.16202184489306495, 0.3613877794581843], [-0.015365476500485989, -0.35083720814410957, 0.2591589318372111], [0.4244257494123839, -0.08665374957327723, 0.07159696173097108]]	0.9402160489570501	[[0.6788225099390857, 0.6788225099390855, 0.0], [-0.7071067811865475, 0.7071067811865476, 0.0], [0.0, 0.0, 0.96]]
2	[[0.607699742283575, 0.04436598313018672, -0.7929266566141968], [-0.48983361298617956, -0.764959691968786, -0.4182101161520675], [-0.6251112339555114, 0.6425483088483792, -0.443133857856411]]	0.1260846117368801	0.87391538826312	[[0.07662158605842664, 0.005593867757294542, -0.09997584963502341], [-0.06176048090903562, -0.09644964575624781, -0.052729860119468945], [-0.07881690722564262, 0.08101545404333681, -0.05587236041529141]]	0.4334933008661503	1.0035887919047821	[[0.2512325815041725, -0.02349180211792161, 0.02616463706857472], [-0.32173655308608673, -0.6246690905327981, -0.10628222633677946], [0.0394534612967984, 0.06586764011220614, -0.09244423861855228]]	[[-0.012201185713843352, -0.04272415859119817, 0.36989303078902336], [-0.10939696331751542, -0.29306418863169564, 0.07500905736959632], [0.31043499351268533, -0.21267274725644034, 0.09965132014917476]]	0.903717509965669	[[0.0, 0.0, -0.9216], [0.0, -1.0, 0.0], [-0.9216, 0.0, 0.0]]
2	[[-0.9811165986123564, 0.18418769307433647, 0.05903485112435114], [-0.17683959200596489, -0.7305894532589015, -0.6595201357699575], [-0.0783452527373813, -0.6575058513099433, 0.74936511585922]]	0.12068289876785158	0.8793171012321482	[[-0.11840399514979391, 0.02222830471757424, 0.007124496962015236], [-0.02134151458020403, -0.0881696530285041, -0.07959280178048551], [-0.009454932205047156, -0.07934971209290799, 0.09043555441739765]]	0.4097287257547855	0.9063332403268259	[[-0.4857333269729218, 0.1106689371733465, 0.3271073994992856], [-0.08069250163227232, -0.47527897107302725, -0.09735991832159872], [0.29474636031987267, -0.16785336040461113, 0.15312669236355286]]	[[-0.08374167320661174, 0.035201948390285086, 0.3029191251729817], [-0.008236240936672167, -0.1759354853393721, 0.17286442651704909], [0.3268466608928965, 0.10154567422892742, -0.15390972168253259]]	0.7470095212758846	[[-0.96, 0.0, 0.0], [0.0, -1.0, 0.0], [0.0, 0.0, 0.96]]
2	[[0.5316565726284, 0.12413974256263854, 0.8378129941087711], [-0.8431913025942939, 0.17079270063273144, 0.5097629651513687], [-0.0798105006271736, -0.9774554607382677, 0.19547661308345798]]	0.13231399301239968	0.8676860069876001	[[0.07034560403575049, 0.016425425029994063, 0.1108543826482056], [-0.11156600811957758, 0.022598264198088136, 0.06744877340901832], [-0.010560046022299985, -0.12933103500205506, 0.02586429121761221]]	0.4826208180178455	0.8407270857260004	[[0.17450791909956756, -0.1527701384690081, 0.6922878432236694], [-0.34098113109933625, -0.26461927135478513, 0.0], [0.333759270998813, -0.42500263034472835, 0.14249833649562596]]	[[-0.08208061088691496, -0.2126825625731135, 0.287941850660914], [0.06596054510425457, -0.347047384245631, -0.246022219236556], [0.3722774800979132, 0.04673772369278452, 0.048157253585929566]]	0.9999999999999997	[[0.0, 0.0, 0.0], [0.0, 0.0, 0.0], [0.0, 0.0, 0.0]]
2	[[-0.4173896908511048, -0.2512754656216099, -0.8732963336393107], [0.3950375357134564, 0.8152827950674679, -0.42339025667156843], [0.8183710596964306, -0.5217035599299856, -0.24102739306502285]]	0.15887519259997465	0.8411248074000254	[[-0.06631286752321312, -0.03992143799628158, -0.13874512320379723], [0.06276166457069472, 0.12952821108978962, -0.06726620857364814], [0.13001885972751576, -0.08288575356396888, -0.0382932734950753]]	0.4621043818319157	0.913711285169636	[[-0.19055740112236805, -0.12242103857809966, -0.013059939233374472], [0.32345482188744157, 0.2322329180797644, -0.19565049283287125], [0.5090356764699151, -0.025128382776595477, -0.13682191557212942]]	[[0.0023202039513961015, -0.006305544867498777, 0.3904941231790976], [0.14090624564617155, -0.14451283395308423, 0.0], [0.13086282381976633, 0.2159531182843603, -0.025442101095258865]]	0.716829435484813	[[0.0, 0.0, -0.9216], [0.0, 1.0, 0.0], [0.9216, 0.0, 0.0]]
2	[[-0.7351688989075352, -0.09676064626795722, 0.6709426707349067], [-0.4070551462354579, -0.7284396683943796, -0.5510732777342012], [0.5420634630763377, -0.6782426017608253, 0.49613926991762536]]	0.17343529147800396	0.826564708521996	[[-0.12750423226759158, -0.016781710889083194, 0.11636513766393898], [-0.07059772793496816, -0.12633714621211978, -0.0955755545495702], [0.09401293471822085, -0.1176312033291885, 0.08604805889184743]]	0.5166142570149587	0.6045694788402486	[[-0.28289355906683145, -0.082821089939739, 0.5522584940834974], [-0.2374857537418542, -0.6252047244381309, -0.16915528286081097], [0.5007390832681022, -0.2802723690005213, 0.12298065174832959]]	[[0.09690517542279013, -0.03283316055973104, 0.2056399447421515], [-0.027195261805307784, -0.24888240637034567, 0.11553702907664132], [0.2207013700359646, 0.0701174287840399, -0.13333196855610843]]	0.8180159800941225	[[0.0, 0.0, 0.9216], [-0.7071067811865475, -0.7071067811865476, 0.0], [0.6516696095415222, -0.6516696095415221, 0.0]]
2	[[-0.10249990202145981, -0.9422123744706561, -0.3189507978982955], [0.6126683972808709, 0.19280684864693648, -0.7664613193685161], [0.7836652378783178, -0.27397328429831536, 0.5575010622697631]]	0.1727888084959854	0.8272111915040147	[[-0.017710835941243293, -0.16280375353495788, -0.055111128337690315], [0.10586224236930672, 0.03331486564757, -0.13243593813194685], [0.1354085827127175, -0.047339517353637776, 0.09632994428483851]]	0.5023137464438943	0.7450915487861729	[[-0.06008337530821302, -0.4873527069095476, 0.12738545381667127], [0.33957668302598254, -0.07302742893712903, -0.31962411724091605], [0.58375877999744, 0.0, 0.16789977153450478]]	[[-0.008596265513681502, -0.014066479143394824, 0.28759882404023346], [0.03182492506005209, -0.16987695942101272, 0.06537993959541344], [0.19011295840093656, 0.13762054686142494, -0.11214067570067075]]	0.9568321223042202	[[1.8401906235273885e-16, -0.9216, 0.0], [1.0, 1.7938038903913487e-16, 0.0], [0.0, 0.0, 0.9216]]
2	[[0.8082379753195112, 0.5598220322729544, 0.18262165105265082], [0.5142410611933297, -0.8221198924002462, 0.24428469764306882], [0.2868928480010876, -0.10352861779037982, -0.95235199325892]]	0.42225622209057145	0.5777437779094285	[[0.3412835140085494, 0.2363883363906437, 0.07711312844543497], [0.21714148774334177, -0.34714523987043505, 0.10315073354129976], [0.12114229014174381, -0.043715603026424514, -0.4021365547739369]]	0.759700761717126	0.3518074343318575	[[0.5102920675582238, 0.49073354335783625, 0.21050016759219337], [0.32967307978701504, -0.7487933861043488, 0.18474794963100388], [0.26924072014497774, -0.02845147174571153, -0.6309856828932735]]	[[-0.10372693794071654, 0.06543631901404331, 0.07176236018145535], [-0.06099624610778072, -0.12422827762507999, -0.0008353212442733025], [0.05128800498735588, 0.05019929804916123, 0.09251685180835106]]	0.39518630261559373	[[0.6516696095415222, 0.6516696095415221, 0.0], [0.7071067811865475, -0.7071067811865476, 0.0], [0.0, 0.0, -0.9216]]
2	[[0.2693697955279176, -0.8332118037256505, 0.4829057914226089], [-0.5456055074659315, 0.281164383477422, 0.7894689478925723], [-0.793570755181976, -0.4761351484568322, -0.37886775651129134]]	0.12063642157974348	0.8793635784202571	[[0.03249580821415516, -0.10051569041946604, 0.058256026637357516], [-0.06581989601488998, 0.033918665098391004, 0.09523870882208489], [-0.09573353617548823, -0.057439240498172145, -0.045705250397467756]]	0.37403865353591464	1.0320112320833457	[[0.17761385145923717, -0.37090672332655383, 0.4270860138503482], [-0.24336939354958065, -0.24565799902137922, 0.02491111081098034], [0.05829410842634081, -0.1780929498299163, -0.13733591837760079]]	[[0.07685913583673024, -0.05925330215078076, 0.24646058184194036], [-0.0392918441752442, -0.3508243464395297, -0.27038079146717253], [0.355120245180086, 0.0, 0.004375267136055405]]	1.0000000000000002	[[0.0, 0.0, 0.0], [0.0, 0.0, 0.0], [0.0, 0.0, 0.0]]
2	[[-0.26061641159578686, 0.214194633552232, 0.9413818274028666], [0.3269392317606362, 0.9370465383592396, -0.12269687724115588], [-0.9083995953008238, 0.27579783158391824, -0.31423833526625644]]	0.3194401314448368	0.6805598685551634	[[-0.08325134077683985, 0.06842236189670363, 0.3007151346853524], [0.10443751116809159, 0.2993302693834047, -0.03919430659378583], [-0.2901792861273317, 0.0881008955733678, -0.10038033512245967]]	0.6637051208947053	0.5580584568855629	[[-0.10801458130438088, 0.13696870559317986, 0.7398901898964942], [0.23073283242748796, 0.5701031583954794, 0.0], [-0.417392489472893, 0.13358292134959104, -0.12380156152590777]]	[[0.06495786566094515, -0.0051933695636013615, 0.11509025033199603], [0.013741590086572823, -0.05181942763020477, 0.08143454574274417], [0.1855169737469417, -0.04946551180431099, 0.08476003077173393]]	0.47689492451411886	[[0.0, 0.0, 0.9216], [0.0, 1.0, 0.0], [-0.9216, 0.0, 0.0]]
2	[[0.3150175355465583, 0.07704224194745776, 0.9459537225752019], [0.010291163786529306, 0.9963639725302899, -0.08457497378999636], [-0.9490300544482728, 0.036377564505737925, 0.3130792688035079]]	0.5327274838725763	0.4672725161274239	[[0.1678184990874578, 0.04104251970457141, 0.5039355464873843], [0.005482385790118314, 0.5307904721073459, -0.045055412985733845], [-0.5055743930256824, 0.0193793284085541, 0.16678593112235876]]	0.7692226293457085	0.3643819720370638	[[0.10504292952488448, 0.06403948892342153, 0.772108584916323], [-0.03514231326009003, 0.8229328820155709, -0.016815257155618914], [-0.667140059588917, 0.027982445818296845, 0.12548504528862248]]	[[-0.1372756874582443, 0.004776853001909817, 0.04445957519766511], [-0.04305850932699141, 0.05650716728048619, 0.048241726559966475], [0.06287533422188447, 0.0, -0.11534261305404377]]	0.32898419942964385	[[0.0, 0.0, 0.9216], [0.0, 1.0, 0.0], [-0.9216, 0.0, 0.0]]
2	[[-0.7444629791584071, -0.3772120534757212, -0.5508955793752737], [0.22976566011653476, 0.6299689460750931, -0.741853670485123], [0.6268832539586633, -0.6788594800793947, -0.3823181819015832]]	0.11633416181809453	0.8836658381819055	[[-0.08660647668499487, -0.043882648068780276, -0.06408797547591606], [0.02672959548423827, 0.07328690931307436, -0.08630292494756367], [0.07292793790708074, -0.07897454860730381, -0.044476665239338464]]	0.4228834074398888	1.000620944319283	[[-0.24269664681275438, -0.17637116694289934, 0.19847002518303852], [0.3254910482379994, -0.022218394859850308, -0.31371760799653725], [0.5131325386414386, -0.005633285425955667, -0.1855118050613191]]	[[0.07212439452660369, -0.016854448441688798, 0.431434624932826], [0.22832696297524374, -0.2886218093574013, 0.0], [0.2480340121403939, 0.28144512468289, -0.023835789572554375]]	1.0	[[0.0, 0.0, 0.0], [0.0, 0.0, 0.0], [0.0, 0.0, 0.0]]
2	[[-0.11776339373586858, 0.36921076657559443, 0.9218542145808483], [-0.35654034849298993, -0.8821364675726786, 0.30775677486433006], [0.9268283352338275, -0.29243574067315803, 0.235521919541756]]	0.6699628807991911	0.33003711920080886	[[-0.07889710251997192, 0.24735750879706295, 0.6176081052774608], [-0.2388687989975111, -0.5909986890730139, 0.20618561547357464], [0.6209405814795735, -0.19592109127003413, 0.1577909437075502]]	0.8308508863088551	0.2517353311154534	[[-0.04468119104011223, 0.27792330040729096, 0.7695052474204972], [-0.3095059513029648, -0.7658840339249157, 0.2556999891635834], [0.7664742875967405, -0.2429704943266798, 0.06219007718545485]]	[[0.05316262902007286, -0.028835792236813443, 0.003581856188445789], [-0.013274086752696061, -0.032960167996793036, 0.0], [-0.003581856188445789, 0.0, -0.13349351841097593]]	0.5311546764559983	[[0.0, 0.0, 0.96], [0.0, -1.0, 0.0], [0.96, 0.0, 0.0]]
2	[[0.38401809673392395, -0.5473175780213695, -0.7436219269021571], [0.16374961445699815, 0.8329771875431029, -0.5285215878258589], [0.9086892566471991, 0.08119405040767946, 0.40950135656961645]]	0.2570817325883683	0.7429182674116319	[[0.09872403765364479, -0.14070535123380312, -0.19117161335870753], [0.04209703459528241, 0.2141432185801671, -0.13587324550862728], [0.2336074084832984, 0.02087350715467355, 0.10527531824420418]]	0.6230453204654504	0.6526002436687657	[[0.1164811723618379, -0.23766100062362602, -0.2894228963022383], [0.043029622727478456, 0.43537849584375277, -0.21305616623833196], [0.7634599164333798, 0.0, 0.16472925371522928]]	[[-0.12277950578228208, 0.10334265517107236, 0.1738872654496519], [-0.0589938082879759, -0.0836040429094493, 0.11623673582153901], [0.1973053273221138, -0.05058757315614058, -0.09040865021972405]]	0.726788123749295	[[0.0, 0.0, -0.9216], [0.0, 1.0, 0.0], [0.9216, 0.0, 0.0]]
2	[[-0.19118987636437412, 0.26283917413924524, 0.945707142678734], [0.07907792122591596, 0.9644731457555763, -0.2520679144415871], [-0.9783624653217047, 0.026591721534022325, -0.20518227700143543]]	0.3736406581526699	0.6263593418473303	[[-0.07143631123691237, 0.09820740201369184, 0.35335463921016297], [0.029546726532196213, 0.3603663809506894, -0.09418282145112548], [-0.3655559954546704, 0.009935748335384626, -0.07666444102007973]]	0.6482758192350957	0.5638450868202838	[[-0.14066798652898005, 0.15944973024692435, 0.6157847548037378], [0.08336552091939912, 0.6404556979833669, -0.06759477950744074], [-0.42377240638922986, 0.01723877006233986, -0.11785748182899776]]	[[-0.016724212799408732, -0.01094255069527085, 0.0027056821272000015], [0.03210121675326007, 0.01521107928842097, 0.09581475423006117], [0.21047632232606614, 0.0, 0.015157226886630144]]	0.35593271219240225	[[0.0, 0.0, 0.9216], [0.0, 1.0, 0.0], [-0.9216, 0.0, 0.0]]
2	[[0.14079796079058327, 0.02201185143879847, 0.9897936212329567], [-0.639458496161006, -0.7612176221964431, 0.10789144240901527], [0.755823237221983, -0.6481228356213269, -0.09310222350434222]]	0.6389748648564724	0.36102513514352763	[[0.08996635796822983, 0.014065019798346998, 0.632453245363127], [-0.4085979061658019, -0.4863989272693374, 0.0689399198324704], [0.48295205085929804, -0.414134201301531, -0.05948998068152417]]	0.8577410953547865	0.18623336285830502	[[0.02941256264037882, 0.07300902812133811, 0.8602330385699293], [-0.5975671225994678, -0.7075795536791435, 0.083081850905512], [0.6624185323130879, -0.5541346976339239, -0.02081988003290823]]	[[-0.09135563447185636, 0.054128558557436285, 0.011246373718392379], [-0.0490772916684019, -0.054651916613000354, -0.009461073085804636], [0.01411788092370353, 0.0017868933163633052, 0.059037723135672404]]	0.1977586878093191	[[0.0, 0.0, 0.9216], [-0.7071067811865475, -0.7071067811865476, 0.0], [0.6516696095415222, -0.6516696095415221, 0.0]]
2	[[0.9580188401289788, -0.271550439072872, -0.09197967708823776], [0.033958066644978496, -0.21108568674345063, 0.9768775166630569], [-0.2846871118748815, -0.9389905174661649, -0.1930027368742796]]	0.08349004377674273	0.916509956223257	[[0.07998503490131273, -0.022671758045787787, -0.007679387266667614], [0.0028351604707627974, -0.01762355322685448, 0.08155954663071434], [-0.02376853943310832, -0.07839635940919641, -0.016113806950664764]]	0.3424249865374338	1.1513995786131175	[[0.3266541239780922, -0.17799137345446264, 0.3657516215793355], [0.02765265026866473, -0.44144882046973016, 0.10954582948461165], [0.33001313977586316, -0.187237763921585, 0.052860837231193725]]	[[-0.0013954644556813905, -0.08500571801070023, 0.39724776126799277], [0.01602455975492066, -0.3691678070283592, -0.22496144100745735], [0.42749712022700037, 0.13429605138054448, 0.11894979680705679]]	1.0	[[0.0, 0.0, 0.0], [0.0, 0.0, 0.0], [0.0, 0.0, 0.0]]
2	[[0.6724379315615234, 0.726914486201285, 0.13936483755948603], [-0.3270676168278158, 0.46074031506667057, -0.825072806541846], [-0.6639683744123911, 0.509228526128483, 0.547569453089907]]	0.11326072042604493	0.8867392795739553	[[0.07616080457045765, 0.08233085839528585, 0.015784561904046132], [-0.03704391390994802, 0.05218378001377402, -0.09344834047286828], [-0.07520153642605736, 0.05767558973080504, 0.06201811074025828]]	0.0	0.9618016396853251	[[0.6788225099390855, 0.6788225099390854, 0.0], [-0.7071067811865474, 0.7071067811865475, 0.0], [0.0, 0.0, 0.9599999999999999]]	[[0.6788225099390855, 0.6788225099390854, 0.0], [-0.7071067811865474, 0.7071067811865475, 0.0], [0.0, 0.0, 0.9599999999999997]]	0.9618016396853251	[[0.6788225099390857, 0.6788225099390855, 0.0], [-0.7071067811865475, 0.7071067811865476, 0.0], [0.0, 0.0, 0.96]]
2	[[0.5977334925608182, 0.6122861497964367, -0.5175136158967237], [0.8005212526413146, -0.4209281575567265, 0.4265972459422119], [0.04336353238179311, -0.669272109790446, -0.7417509333435437]]	0.13141233385700554	0.8685876661429945	[[0.07854955328191617, 0.08046195193306983, -0.0680076720677664], [0.1051983661117287, -0.055315151570658805, 0.05606013970623706], [0.00569850299457525, -0.08795060993296457, -0.09747522129128722]]	0.4342222058770706	0.8870018135895987	[[0.23099030927466688, 0.3180427374172563, 0.17558326208836253], [0.5255689226519018, -0.4333813590454558, 0.1852379971541105], [0.2783458285656406, -0.017308247527346016, -0.28173969316431147]]	[[-0.028558846391697274, 0.052174494824669085, 0.400299165954457], [0.1779648184785144, -0.2506050059554029, 0.0], [0.2595164198801966, 0.2733045643178625, 0.04034503332349813]]	0.7358180111788215	[[0.6516696095415222, 0.6516696095415221, 0.0], [0.7071067811865475, -0.7071067811865476, 0.0], [0.0, 0.0, -0.9216]]
