2	[[0.1093031896461408, 0.1859596356180152, -0.9764588197430523], [-0.9647495672926553, -0.21674161245263301, -0.1492693734162066], [-0.23939733737411129, 0.9583538424570789, 0.15571392842625953]]	0.1381938180981484	0.8618061819018519	[[0.0151050251075062, 0.025698472058193957, -0.134940572515904], [-0.1333224262127086, -0.02995235096557848, -0.020628104637503843], [-0.03308323209425901, 0.13243857657817512, 0.021518702300286623]]	0.39174104581201274	1.130353583897229	[[0.07652133332437634, 0.07156209372384024, 0.1430882998608542], [-0.6248363573058568, -0.3549178708041053, -0.05847494044976863], [0.14252673406157507, 0.059830680218553166, 0.04832531390815424]]	[[0.03370278750180832, -0.001285928411981864, 0.5256072990993611], [-0.24690435286794538, -0.270011284870929, 0.0], [0.23630849736912068, -0.31559585628354386, -0.012674223261045586]]	1.0	[[0.0, 0.0, 0.0], [0.0, 0.0, 0.0], [0.0, 0.0, 0.0]]
2	[[-0.07673908792314688, -0.9932055702045202, -0.08748604288363548], [-0.7029605032121287, -0.008330385140834728, 0.7111801006827707], [-0.7070768298484077, 0.11607454500500591, -0.6975450212663026]]	0.16561775796515324	0.8343822420348467	[[-0.01270935569012235, -0.16449247973577424, -0.014489242275630972], [-0.11642274248004868, -0.001379659710011253, 0.11778405378451243], [-0.11710447926860137, 0.01922400590055436, -0.11552584250188017]]	0.43139093656733574	1.0048989613697739	[[0.05933107177714939, -0.5837999217972385, 0.12818678776508935], [-0.2124640058132619, -0.26195674517674106, 0.05737215550076297], [0.13120998709309403, 0.05007350668133686, -0.42998947100740537]]	[[0.09243561878763881, -0.1553400406628158, 0.16592747374123096], [0.0907867840372638, -0.25836309252886974, -0.2494244942008296], [0.4362365229464613, 0.0, -0.12907487098545306]]	0.9999999999999998	[[0.0, 0.0, 0.0], [0.0, 0.0, 0.0], [0.0, 0.0, 0.0]]
2	[[-0.7969422360492981, -0.5496472174344235, -0.2505414312391083], [-0.20133618011619125, -0.14934722918147175, 0.9680698051855754], [-0.5695145432532569, 0.8219387699229261, 0.008357243601908652]]	0.08951391466991217	0.9104860853300881	[[-0.07133741931456586, -0.049201074119979635, -0.02242694429721523], [-0.018022389646886794, -0.013368655129138068, 0.08665571793590009], [-0.050979476228046036, 0.07357495691477337, 0.0007480895906569196]]	0.32929435961680176	1.275722273571704	[[-0.13881501571475455, -0.30813052390550266, 0.309524403803879], [-0.04282108583795194, -0.5232024977496891, 0.06803156358098797], [0.2669723848152864, 0.17076122492960566, -0.17172852645300662]]	[[0.1236135675566812, -0.12713479542527695, 0.3920262839612382], [0.023477782661102356, -0.47402329755583267, -0.25074836298195813], [0.45451031162832306, -0.09989857595638606, -0.1744805196330588]]	1.0000000000000002	[[0.0, 0.0, 0.0], [0.0, 0.0, 0.0], [0.0, 0.0, 0.0]]
2	[[-0.7906551711763438, -0.6122537057691856, -0.0031305053914775782], [0.21569187232512302, -0.27374870521795946, -0.9373039328864322], [0.5730108345441554, -0.7417594260697941, 0.3484989775187588]]	0.11193207434206066	0.8880679256579395	[[-0.08849967339904521, -0.06853082731035863, -0.00035040396220711867], [0.024142838688073924, -0.030641260423499458, -0.10491437349694997], [0.06413829133100257, -0.08302667122276844, 0.03900821345976184]]	0.41437293053915875	0.9600611820738557	[[-0.21249761765824884, -0.33209729573888047, 0.41088798537860677], [0.24756825007722288, -0.5164549059301593, -0.36274084759831327], [0.5470381939194151, -0.03404516761916852, -0.002738205371909372]]	[[0.11512848266803292, -0.0783959334458432, 0.412185182071742], [0.15819137684838358, -0.40302085271769306, 0.02565252987771663], [0.3095980151786645, 0.2733198595164165, -0.14714674797625787]]	1.0	[[0.0, 0.0, 0.0], [0.0, 0.0, 0.0], [0.0, 0.0, 0.0]]
2	[[-0.46302331253993745, -0.17599259499966094, -0.8686978868109609], [0.02399014622745857, 0.9772413149034422, -0.2107697448159405], [0.8860213794985587, -0.11843149475995327, -0.44826342268848407]]	0.3791325376766828	0.6208674623233172	[[-0.17554720348673036, -0.06672451915452612, -0.32935163430101133], [0.009095445018451075, 0.3705039796418405, -0.07990966821753438], [0.3359195340450839, -0.044901233149183845, -0.16995124899152053]]	0.7106323718757075	0.5258440777509997	[[-0.276095142814773, -0.05655854627756926, -0.4092781546757325], [0.06296159850116724, 0.662354887953064, -0.1195201447787365], [0.6978253091773541, 0.0, -0.2791562812852045]]	[[0.052944212009229816, 0.06850748893960057, 0.2080466850721555], [0.04591342398590331, -0.03210442555170428, 0.03025965889945288], [0.06818983473170695, 0.084161254026051, 0.03939421800503582]]	0.5177252348370114	[[0.0, 0.0, -1.0], [0.0, 1.0, 0.0], [1.0, 0.0, 0.0]]
2	[[-0.09505120117050858, 0.5452103891734319, 0.8328930907946102], [-0.8397020396470369, 0.4054655520987933, -0.361245305400398], [-0.5346641504427332, -0.7337188273436738, 0.41927428806543177]]	0.16025427408205287	0.8397457259179473	[[-0.015232361244207064, 0.08737229513898187, 0.13347467765324758], [-0.1345658408088551, 0.06497758771687093, -0.05789110418249027], [-0.08568221530689771, -0.11758157805629553, 0.06719049667519528]]	0.4843419491146089	0.8201567071358586	[[-0.09453528711930394, 0.3152825947473189, 0.6455596072050309], [-0.42129604638055257, 0.027699037024881606, 0.0], [0.0668362500944224, -0.29508402587184157, 0.08705422246106068]]	[[-0.04849800307869505, 0.05121433217752441, 0.24215454420547844], [-0.014593123822394048, -0.16868493877747898, 0.17496625532613092], [0.32579652684156224, 0.0602867810658786, -0.11601790343419054]]	1.0	[[0.0, 0.0, 0.0], [0.0, 0.0, 0.0], [0.0, 0.0, 0.0]]
2	[[-0.7823064473600231, -0.6191382563410173, -0.06829671993547412], [0.4516132128936376, -0.48825713387833247, -0.7467599863120696], [0.42900131510151085, -0.6150388530425709, 0.6615777209740769]]	0.13046393907899523	0.869536060921005	[[-0.10206278068948321, -0.08077521575674983, -0.008910259108956875], [0.05891923869422484, -0.06369994896918765, -0.09742524936084916], [0.05596920143821235, -0.08024039145456106, 0.08631203548518247]]	0.44194886128626004	0.9084425854753088	[[-0.21904491210893834, -0.37511510256536673, 0.3421257733745533], [0.3249446643992027, -0.6010375147406357, -0.3141717633478792], [0.46407243869245923, -0.019766470051217937, 0.12643175674895926]]	[[0.12669453147872342, -0.10148765519669356, 0.37230943097962277], [0.12535471921903035, -0.3852528304082135, 0.0158579622568831], [0.2744757959930385, 0.25204925069775375, -0.1659517636878931]]	0.8263549660662386	[[-0.7071067811865476, -0.7071067811865475, 0.0], [0.7071067811865475, -0.7071067811865476, 0.0], [0.0, 0.0, 1.0]]
2	[[-0.14788840876935622, -0.1760303547303998, -0.9732123780373726], [0.7447065518890947, -0.66734943231379, 0.007542331464318042], [-0.6508004072871522, -0.7236422109053288, 0.22978420413710982]]	0.18528884677943588	0.8147111532205641	[[-0.027402072712919813, -0.032616461426170786, -0.1803253991980172], [0.13798581818862046, -0.12365240671233341, 0.001397509899051744], [-0.12058605694982359, -0.1340828307395697, 0.04257645019269554]]	0.4888155617691595	0.9994978033100691	[[-0.0656672803223817, -0.08526418657986391, 0.018691857438227186], [0.6931136131150735, -0.6667791364163902, 0.003686808991779831], [0.01582410678656971, -0.010610171508515592, 0.1103610002203035]]	[[0.006622875289358208, 0.0007821901561008218, 0.49441321272926514], [0.32908946160023206, -0.340568348763595, 0.0], [0.3339454734742368, 0.3431174023350493, -0.001961094610656984]]	0.8418062617738632	[[0.0, 0.0, -1.0], [0.0, -1.0, 0.0], [-1.0, 0.0, 0.0]]
2	[[-0.8454278191407976, -0.5275798211578228, 0.08313443889216068], [0.5338434264073765, -0.8300116656812779, 0.16152965955087792], [-0.016217234797175482, 0.18094244151129993, 0.9833599718086266]]	0.3670098350072792	0.6329901649927209	[[-0.3102803244134279, -0.19362698311630233, 0.03051115670123461], [0.1959257878454918, -0.3046224444758028, 0.05928297370054968], [-0.005951884667185686, 0.06640765560487645, 0.36090278100624684]]	0.7241831862851019	0.38546115607666853	[[-0.637302232159126, -0.3978975567129851, 0.18124688530969718], [0.4159780049427253, -0.6553826803888663, 0.020081812399174597], [0.1423608873973998, 0.11396091594545486, 0.6464395263753482]]	[[-0.025057620319678377, -0.015833120807188763, 0.12104232246274815], [0.029377571429675082, -0.05430218768199353, -0.09689525113392793], [0.15410513616555194, -0.017074557882404022, -0.06569323127425106]]	0.28528202001456016	[[-0.7071067811865476, -0.7071067811865475, 0.0], [0.7071067811865475, -0.7071067811865476, 0.0], [0.0, 0.0, 1.0]]
2	[[-0.328472184202533, 0.6350926635744277, -0.699116108296151], [0.7870892180276409, -0.22510676047337688, -0.5742974048816677], [-0.522107830883481, -0.738907473952673, -0.4259332786564415]]	0.11944000169071624	0.8805599983092834	[[-0.039232718236503795, 0.07585546881109112, -0.08350242915689932], [0.09400993753196592, -0.02688675185153181, -0.06859408301004033], [-0.06236056020345915, -0.08825510993819012, -0.05087347152285766]]	0.36959246256230943	1.168852006997091	[[0.03232194470896912, 0.17232932019162622, 0.11679390577129853], [0.33789546381967306, -0.5289632065760826, -0.12092934525585829], [0.13690427327684307, -0.07237862327966542, -0.37481858119567674]]	[[0.1537227881516038, -0.06239614129410283, 0.3751819498534512], [0.04699322147259474, -0.44576544463330336, 0.09132664685750096], [0.3298713922161346, 0.20071600962419853, -0.21739685184980423]]	0.9999999999999998	[[0.0, 0.0, 0.0], [0.0, 0.0, 0.0], [0.0, 0.0, 0.0]]
2	[[0.045438286595317165, 0.914755726437795, 0.40144404723515764], [0.8006341574927736, -0.2736772949406891, 0.532996889380964], [0.597428077652129, 0.29719135112450484, -0.7448201077103603]]	0.27959393110614117	0.7204060688938588	[[0.012704269171912193, 0.255760149556597, 0.11224131928563713], [0.2238524514712579, -0.0765185107469621, 0.14902269556936878], [0.16703726478394365, 0.08309289815164582, -0.20824718188163913]]	0.6753728127019998	0.5010463096513651	[[-0.005749247443307959, 0.6227155403530636, 0.4431422158210496], [0.38331180269770493, -0.4024369718790185, 0.3237949784888426], [0.5423064908407096, 0.08439124083348383, -0.42273751266056725]]	[[-0.03643703086554687, 0.004914392453509035, 0.17201782049736675], [-0.15741474019348536, -0.21760276742225057, -0.036176629853795696], [0.13881980964964255, -0.11632371788618062, 0.08029373844078519]]	0.90364112417327	[[0.7071067811865476, 0.7071067811865475, 0.0], [0.7071067811865475, -0.7071067811865476, 0.0], [0.0, 0.0, -1.0]]
2	[[-0.21951259035361326, -0.17809212642501718, -0.9592170855346885], [-0.39870436216914484, 0.9137219002469867, -0.0784035751501837], [0.8904207175619522, 0.3652334643956531, -0.27157956885967516]]	0.28970430693042976	0.7102956930695701	[[-0.06359374285089688, -0.05159405605572609, -0.2778893209606538], [-0.11550637091235118, 0.26470916983820864, -0.02271385339975183], [0.2579587168577813, 0.10580970767054247, -0.07867777077295714]]	0.5785966388864553	0.6843684403227104	[[-0.06817789162638396, -0.1253953031719039, -0.2979796739173738], [-0.227261903091089, 0.39711400151989606, -0.045364045058577905], [0.5879254978706905, 0.07473544757632768, -0.15915197359908045]]	[[0.05883135534547596, -0.022351797410247287, 0.2570201077354586], [0.0034271007693461586, -0.13156241883995526, 0.0], [0.07273106349447933, -0.136587407331853, -0.0020169478666397372]]	0.48645688057254566	[[0.0, 0.0, -1.0], [0.0, 1.0, 0.0], [1.0, 0.0, 0.0]]
2	[[-0.4889737104017652, -0.6675742726348228, 0.5614706591194402], [-0.8352955409727327, 0.5438241864302344, -0.08084932581391074], [-0.2513683945268397, -0.5085271327761987, -0.8235375434449957]]	0.2839517922223071	0.7160482077776932	[[-0.1388449614181726, -0.189558911156161, 0.15943059993720515], [-0.23718366589450904, 0.15441985239070316, -0.022957310964825197], [-0.07137650613394012, -0.14439719074547275, -0.23384496142356265]]	0.6659186634261169	0.6357306857131143	[[-0.2713346823905781, -0.30415613701092853, 0.5686326160955968], [-0.54316267672517, 0.2629544688121893, 0.0], [0.008380213578388834, -0.23900653971424152, -0.4313673839044032]]	[[0.0542820372906745, 0.14039403035971484, 0.19473882522179833], [0.013076213485187432, -0.0991882065542278, 0.05383907498490209], [0.17577111888927077, 0.09963116886000017, 0.11704163630771612]]	0.6192532790929965	[[-0.7071067811865476, -0.7071067811865475, 0.0], [-0.7071067811865475, 0.7071067811865476, 0.0], [0.0, 0.0, -1.0]]
2	[[-0.9404471891782326, -0.16511750794278138, -0.2971452387932999], [-0.33967856319298195, 0.4221845412224513, 0.8404633762752188], [-0.01332509189135525, 0.8913452875982203, -0.45312914296316575]]	0.09516271856574621	0.9048372814342539	[[-0.08949551118971524, -0.01571303093863627, -0.02827714873243825], [-0.03232473551195078, 0.04017622867916085, 0.07998077974129554], [-0.0012680519695197345, 0.08482284074861356, -0.04312100110574159]]	0.37031631263659853	1.0764176591774905	[[-0.43311411564420116, -0.06595744634712533, 0.3340013789663785], [-0.26538596015449273, -0.10177070914258303, 0.20714829614766514], [0.38265060491003733, 0.08969867507553092, -0.30820036458392935]]	[[-0.08485118031826437, -0.0048117396540102025, 0.4440391081138349], [-0.13959744715116987, -0.2581125317002552, -0.10408900226067995], [0.38758510380478783, -0.24038102511385048, -0.1403992512136277]]	1.0000000000000002	[[0.0, 0.0, 0.0], [0.0, 0.0, 0.0], [0.0, 0.0, 0.0]]
2	[[0.39962180205666736, -0.8574648204204427, -0.3241242000565831], [-0.742889895952614, -0.510089041811326, 0.433501755377666], [-0.5370447074615821, 0.0675518405770078, -0.8408446533231704]]	0.2278566864814967	0.7721433135185034	[[0.0910564996623968, -0.19537909275545373, -0.07385386623335877], [-0.1692724301123465, -0.11622719887765041, 0.09877627356426733], [-0.12236922753462083, 0.015392138559603315, -0.19159207655190044]]	0.5657414319889829	0.7340287194815435	[[0.28828193444517203, -0.6649867151237219, 0.05666113500360994], [-0.3586371978367144, -0.5908094529377477, 0.0026143120366476594], [0.04191407056003022, 0.03821687502152787, -0.563110857488995]]	[[0.06219932389561514, -0.17988333973888457, 0.24003162408590484], [0.06164639570966394, -0.30223094798152, -0.24263559182045086], [0.34574251240145004, 0.0, -0.08741019923766467]]	0.6198959330464856	[[0.7071067811865476, -0.7071067811865475, 0.0], [-0.7071067811865475, -0.7071067811865476, 0.0], [0.0, 0.0, -1.0]]
2	[[0.5316565726284, 0.12413974256263854, 0.8378129941087711], [-0.8431913025942939, 0.17079270063273144, 0.5097629651513687], [-0.0798105006271736, -0.9774554607382677, 0.19547661308345798]]	0.13894152927788642	0.8610584707221133	[[0.0738691772516296, 0.017248165675816128, 0.11640701865035755], [-0.11715428905626427, 0.0237301990154119, 0.07082724594736109], [-0.01108899300957325, -0.13580915651599598, 0.027159819559877348]]	0.4998955232430067	0.8237327253829272	[[0.1923449198693897, -0.17707557103125043, 0.7279832056671429], [-0.367390440143635, -0.2608228323952473, 0.0], [0.3589059844209474, -0.4502042433311959, 0.13871052383504723]]	[[-0.07342782069026789, -0.23913247259485276, 0.3091642405973487], [0.0541171172606918, -0.34620133884413273, -0.25482822419425], [0.39880289639225464, 0.03842136566129459, 0.04099264005592126]]	0.9999999999999997	[[0.0, 0.0, 0.0], [0.0, 0.0, 0.0], [0.0, 0.0, 0.0]]
2	[[-0.10494230950179255, 0.25078566681139447, 0.9623376024028126], [-0.014608284002347344, -0.9679651692114681, 0.2506591894025037], [0.9943710121051078, 0.012246653231707691, 0.1052440486188438]]	0.8264455337907063	0.17355446620929377	[[-0.08672910299343846, 0.2072606942750011, 0.795319613504661], [-0.012072951070086185, -0.7999704909597831, 0.20715616758529792], [0.8217934818852106, 0.010121191867228341, 0.0869784739390954]]	0.9164936671841931	0.14590597015586518	[[-0.08052544505082274, 0.2386864225893046, 0.8206074015583713], [0.002265117250674213, -0.8961970825525625, 0.22972755970891787], [0.9111145476465885, 0.011223980131060934, 0.0839496882967797]]	[[0.015653517027253715, 0.00884294713609648, -0.06136891673702644], [0.015653517027253715, -0.009063134915375953, 0.0], [-0.00022018777927947097, 0.0, -0.012505815771215963]]	0.27445621924199665	[[0.0, 0.0, 1.0], [0.0, -1.0, 0.0], [1.0, 0.0, 0.0]]
2	[[-0.6423177830836196, 0.6472169826683319, -0.4105338510771609], [0.6354509445700302, 0.7491834873395028, 0.186885524701293], [0.4285206676224623, -0.14083422752840047, -0.8924885196891207]]	0.37111112716788813	0.628888872832112	[[-0.2383712764801411, 0.24018942396024415, -0.15235368021381906], [0.23582291629928312, 0.27803032844213216, 0.06935529772325905], [0.15902878797610792, -0.05226514892188352, -0.3312124205262295]]	0.6979690878081742	0.5060646890948716	[[-0.42795442700305014, 0.49772628550753, -0.0651950853301652], [0.47515176539655674, 0.4931495123332154, 0.11696919689798652], [0.34758370686117324, 0.0, -0.5580216163518136]]	[[0.020363530138792607, 0.04598883850055538, 0.22134485222053765], [0.031626649268170104, -0.029757402926084295, -0.013471122302326981], [0.04848952737377333, 0.09829793732016655, 0.06490778161486982]]	0.4653904883044505	[[-0.7071067811865476, 0.7071067811865475, 0.0], [0.7071067811865475, 0.7071067811865476, 0.0], [0.0, 0.0, -1.0]]
2	[[0.4863417937448936, 0.8226223794475465, -0.29455743156310954], [-0.6786221941306434, 0.14325991665360527, -0.7203808117334284], [-0.5504031043610768, 0.5502445066626823, 0.6279230889187231]]	0.12300263686401565	0.8769973631359842	[[0.059821323047797095, 0.10118472181539903, -0.036231340790154304], [-0.08347231931251306, 0.017621347505312523, -0.08860873938945171], [-0.0677010331745525, 0.06768152523944934, 0.07723619568480071]]	0.0	0.9302370955918734	[[0.7071067811865475, 0.7071067811865474, 0.0], [-0.7071067811865474, 0.7071067811865475, 0.0], [0.0, 0.0, 0.9999999999999999]]	[[0.7071067811865475, 0.7071067811865474, 0.0], [-0.7071067811865474, 0.7071067811865475, 0.0], [0.0, 0.0, 0.9999999999999999]]	0.9302370955918734	[[0.7071067811865476, 0.7071067811865475, 0.0], [-0.7071067811865475, 0.7071067811865476, 0.0], [0.0, 0.0, 1.0]]
2	[[-0.7229741855265539, 0.37453352207805324, 0.5805454055472524], [0.6255107660641113, -0.0019251384381000977, 0.7802131602196173], [0.2933336131439832, 0.9272113754057388, -0.23288292491742163]]	0.12267728145663193	0.8773227185433679	[[-0.08869250764372026, 0.04594675430291301, 0.0712197321146748], [0.07673596030260044, -0.00023617075001383658, 0.09571442945243025], [0.035985370220355195, 0.11374777087044063, -0.028569444126538238]]	0.4645032289360874	0.8366866271122761	[[-0.26965384333628684, 0.020450074431177273, 0.6205840868677872], [0.2391672911360048, -0.35478459307758187, 0.14271957598332194], [0.5397371961065496, 0.3379012361347981, -0.16673315812563766]]	[[0.06617000027823534, -0.15352195591888385, 0.3509188714470781], [-0.05138447943506052, -0.3538903600569353, -0.21969195619711918], [0.4034827856456802, -0.09279144164743829, -0.058558287537414905]]	0.9999999999999998	[[0.0, 0.0, 0.0], [0.0, 0.0, 0.0], [0.0, 0.0, 0.0]]
2	[[-0.4173896908511048, -0.2512754656216099, -0.8732963336393107], [0.3950375357134564, 0.8152827950674679, -0.42339025667156843], [0.8183710596964306, -0.5217035599299856, -0.24102739306502285]]	0.16499183830960296	0.835008161690397	[[-0.06886589238500067, -0.04145840099501085, -0.14408676747618626], [0.0651779692186586, 0.13451500710037279, -0.06985593677061672], [0.13502454555869187, -0.08607682940551245, -0.03976755266476938]]	0.48255993490999066	0.9151633504509391	[[-0.14666527143894348, -0.13636084716288785, -0.02105122785096702], [0.3297556371272565, 0.17526832494751646, -0.2043111747009564], [0.5583173022625391, -0.018231719923269236, -0.1540938425673978]]	[[0.054750270610266716, -0.015105374828046095, 0.40036659406715225], [0.13912634960636777, -0.2181544875734761, 0.0], [0.16340421696320942, 0.23352151599885507, -0.03778367945841564]]	0.7021750576578397	[[0.0, 0.0, -1.0], [0.0, 1.0, 0.0], [1.0, 0.0, 0.0]]
2	[[0.607699742283575, 0.04436598313018672, -0.7929266566141968], [-0.48983361298617956, -0.764959691968786, -0.4182101161520675], [-0.6251112339555114, 0.6425483088483792, -0.443133857856411]]	0.13357626769744493	0.866423732302555	[[0.08117426345493915, 0.005926242439258156, -0.10591618334833801], [-0.06543014581544856, -0.10218046059217765, -0.0558629464289081], [-0.08350002552752159, 0.08582920491127163, -0.05919216682282946]]	0.4493078563133489	1.009761426076753	[[0.2648300576814112, -0.017965597000550726, 0.028470855578025395], [-0.3071733457130138, -0.6299534160069812, -0.11138010630174722], [0.045295525392594696, 0.0707617602529648, -0.08808139500434259]]	[[-0.008214210806196528, -0.03789958177400911, 0.3847390318750611], [-0.08708725511197103, -0.2862510166423664, 0.07652498447509484], [0.3261629138785378, -0.2179402429734681, 0.1110221287289857]]	0.9038818603454245	[[0.0, 0.0, -1.0], [0.0, -1.0, 0.0], [-1.0, 0.0, 0.0]]
2	[[-0.9811165986123564, 0.18418769307433647, 0.05903485112435114], [-0.17683959200596489, -0.7305894532589015, -0.6595201357699575], [-0.0783452527373813, -0.6575058513099433, 0.74936511585922]]	0.126152077989249	0.8738479220107512	[[-0.12376989766469271, 0.023235660221373536, 0.007447369143122854], [-0.022308682002323485, -0.09216537768563976, -0.08319983560313177], [-0.009883416433413532, -0.08294572943283952, 0.09453396653829495]]	0.42246940510248177	0.9069811826982259	[[-0.5145304544974865, 0.12451694918413825, 0.34820111702450673], [-0.08214939625011858, -0.47216290156346674, -0.10343917626655345], [0.31935791404318986, -0.17307282808632876, 0.15798917860652067]]	[[-0.10003870874555397, 0.0467032840638248, 0.32326069858968853], [-0.00744007901679309, -0.16351120987103152, 0.17518790314528848], [0.35245638635975496, 0.10470327776798379, -0.1585946560950763]]	0.7341177237129762	[[-1.0, 0.0, 0.0], [0.0, -1.0, 0.0], [0.0, 0.0, 1.0]]
2	[[-0.09107681945440971, 0.026979593008170225, -0.9954783345302809], [0.1626680633668992, -0.9858035016183849, -0.04159996823788131], [-0.9824683781774002, -0.16572132559825775, 0.08539512938935634]]	0.42843417509659965	0.5715658249034002	[[-0.039020422013371955, 0.011558979674897406, -0.4264969390810178], [0.06969255754315885, -0.42235191002321215, -0.017822848076041425], [-0.4209230291629289, -0.07100067942860457, 0.0365861918171963]]	0.7550694095304908	0.4598826166097312	[[-0.09000139299512362, 0.03055025610814889, -0.5692540468452065], [0.21525132088315518, -0.8584406195454488, 0.0], [-0.5740064799397332, -0.011473388431077217, 0.03445256474418492]]	[[-0.021232072707767363, 0.010178790746096848, 0.1824011914089692], [0.0924256423272421, -0.1140905516653645, 0.03141086345386421], [0.1678253382530555, 0.11365771503500946, -0.030026685180616245]]	0.1903937647979399	[[0.0, 0.0, -1.0], [0.0, -1.0, 0.0], [-1.0, 0.0, 0.0]]
2	[[0.5859585634738876, 0.36139819833278886, -0.7252888418646962], [-0.7596467684279905, 0.5565829073689794, -0.33638111487062594], [0.28211584341991347, 0.748068719748733, 0.600669494335248]]	0.14015853384375696	0.8598414661562432	[[0.08212709314969406, 0.05065304161209895, -0.10165542068899222], [-0.10647097730201505, 0.0780098442593317, -0.047146683872995324], [0.039540942987829994, 0.10484821497435873, 0.08418895565069923]]	0.0	0.8937187397796433	[[0.7071067811865475, 0.7071067811865474, 0.0], [-0.7071067811865474, 0.7071067811865475, 0.0], [0.0, 0.0, 0.9999999999999999]]	[[0.7071067811865475, 0.7071067811865474, 0.0], [-0.7071067811865474, 0.7071067811865475, 0.0], [0.0, 0.0, 0.9999999999999999]]	0.8937187397796437	[[0.7071067811865476, 0.7071067811865475, 0.0], [-0.7071067811865475, 0.7071067811865476, 0.0], [0.0, 0.0, 1.0]]
2	[[-0.7351688989075352, -0.09676064626795722, 0.6709426707349067], [-0.4070551462354579, -0.7284396683943796, -0.5510732777342012], [0.5420634630763377, -0.6782426017608253, 0.49613926991762536]]	0.18096152707162655	0.8190384729283734	[[-0.1330372866018738, -0.017509954309087014, 0.12141481027370424], [-0.07366132086513275, -0.1318195547721962, -0.09972306186714763], [0.09809263204802829, -0.122735816939672, 0.08978211992449538]]	0.5304997328194414	0.6000560887274792	[[-0.25082285894577067, -0.0697147991829093, 0.5785619037035514], [-0.23596435563798054, -0.6712635698449321, -0.17154348329040933], [0.5304046057479892, -0.2878054851419698, 0.13306052444412483]]	[[0.13918404550183977, -0.018383302190321502, 0.222626996141521], [-0.02002170931729148, -0.28482652038663137, 0.12080074331151824], [0.2428400834148109, 0.07200203387891081, -0.13014122568840814]]	0.8144044156736533	[[0.0, 0.0, 1.0], [-0.7071067811865475, -0.7071067811865476, 0.0], [0.7071067811865476, -0.7071067811865475, 0.0]]
2	[[-0.9494449584333646, 0.029426784615528695, -0.3125513321882631], [-0.305151494792988, 0.14733284102383137, 0.940837711394187], [0.07373490442844376, 0.988649128003984, -0.1309047958093612]]	0.08745459806856828	0.9125454019314317	[[-0.08303332722801844, 0.002573507621001392, -0.027334051132320125], [-0.026686901327143575, 0.012884934394039482, 0.08228058389773026], [0.006448456430413835, 0.08646191212042893, -0.011448226302755715]]	0.3437761907777611	1.118903618543347	[[-0.41856533546181385, 0.0292765319187335, 0.348322181320177], [-0.24813084349176578, -0.19971102388878154, 0.2333666135369604], [0.4113160913837124, 0.08128586151466223, -0.1994783309149426]]	[[-0.092168764298442, 0.01916030399676942, 0.4557698877223727], [-0.14322702500169263, -0.2503605467524197, -0.0900709910261998], [0.3859677868119397, -0.25858816972630255, -0.15447637885705984]]	1.0000000000000002	[[0.0, 0.0, 0.0], [0.0, 0.0, 0.0], [0.0, 0.0, 0.0]]
2	[[-0.4073423402475564, 0.6394988746997277, 0.652007213993393], [0.8839564696894593, 0.09663191055244695, 0.45747484472605926], [0.22954994562358777, 0.76269486894876, -0.6046514362369794]]	0.1876506009308861	0.8123493990691141	[[-0.07643803493204743, 0.12000234813202934, 0.12234954551713303], [0.16587496273397162, 0.01813303608426625, 0.08584542952360884], [0.043075185239918434, 0.14312015048513824, -0.11346320536359253]]	0.6005587610039871	0.6878992187611862	[[-0.26098097188463093, 0.13013685190945068, 0.657039957117131], [0.5280436924977019, -0.21505872991038835, 0.039066430603384], [0.49222154718444827, 0.4369732711916352, -0.32677819749343995]]	[[-0.016347960721093933, -0.2539197999436617, 0.2654713125155974], [-0.002824109720458228, -0.27309187038521393, -0.23567409533578956], [0.35436331625221384, -0.021069814328330418, 0.0363505198923217]]	0.9806831030595191	[[-0.7071067811865476, 0.7071067811865475, 0.0], [0.7071067811865475, 0.7071067811865476, 0.0], [0.0, 0.0, -1.0]]
2	[[-0.5765804364735063, -0.21489234046914468, -0.7882742430675469], [0.7184694088670802, -0.5927529150888833, -0.36393088653729166], [-0.3890458954907621, -0.7761863588477473, 0.49616330732982133]]	0.1275002077138694	0.8724997922861305	[[-0.0735141254141255, -0.027398818045935497, -0.10050512972660533], [0.09160499886661368, -0.0755761197968342, -0.04640126362699732], [-0.049603432485300455, -0.09896392197775976, 0.06326092474455265]]	0.40968320855587065	1.1099949755261311	[[-0.3160605736689803, -0.14210359002414474, 0.1379300776650149], [0.5180222136428879, -0.4922977210807472, -0.12331692931187517], [0.18472953019804825, -0.010333056294990099, 0.0903515396173507]]	[[-0.07984525046397002, -0.05406580648666503, 0.4608727987868777], [0.22367736096898294, -0.24945680494628797, 0.02577944397730498], [0.3441151009381956, 0.3076574616350534, -0.11291823609722305]]	1.0	[[0.0, 0.0, 0.0], [0.0, 0.0, 0.0], [0.0, 0.0, 0.0]]
2	[[-0.10249990202145981, -0.9422123744706561, -0.3189507978982955], [0.6126683972808709, 0.19280684864693648, -0.7664613193685161], [0.7836652378783178, -0.27397328429831536, 0.5575010622697631]]	0.17524746687898393	0.8247525331210162	[[-0.01796284818460486, -0.16512033188801511, -0.055895319390707035], [0.10736858466027956, 0.033788911822295285, -0.13432040468005635], [0.13733534781929158, -0.048013124065795464, 0.09770064894511868]]	0.5123965309998054	0.7664513009286852	[[-0.08087221570686799, -0.4995095567680656, 0.14146481322201837], [0.3453805809676381, -0.06059259751515027, -0.3158734072141635], [0.6211210504674147, 0.0, 0.1501377809889548]]	[[-0.028351621483252112, -0.016723204624211715, 0.3048940956247249], [0.03145141954770927, -0.1593861579148451, 0.07685871397579813], [0.21957370111342736, 0.14038296046108026, -0.13552382934677834]]	0.9421348979730612	[[1.9967346175427393e-16, -1.0, 0.0], [1.0, 1.7938038903913487e-16, 0.0], [0.0, 0.0, 1.0]]
2	[[-0.11776339373586858, 0.36921076657559443, 0.9218542145808483], [-0.35654034849298993, -0.8821364675726786, 0.30775677486433006], [0.9268283352338275, -0.29243574067315803, 0.235521919541756]]	0.7570427784343476	0.2429572215656525	[[-0.08915192679166001, 0.27950834455626333, 0.6978830759176985], [-0.2699162960470836, -0.6678150423694813, 0.23298504392528643], [0.7016486980370978, -0.22138636563271388, 0.17830016835208184]]	0.8633103154373741	0.23876595786535876	[[-0.13447728430342532, 0.3198876154696465, 0.7330209269338577], [-0.30666080860923906, -0.7629246989927643, 0.2656895983861137], [0.738499649722328, -0.2524627915257062, 0.15692683803315327]]	[[-0.0328109317103369, 0.0011441521143954227, -0.06282532584320719], [0.0011441521143954227, -0.0013671869137841797, 0.0], [-0.06164081272468401, 0.0, -0.0464016646188559]]	0.518826543858972	[[0.0, 0.0, 1.0], [0.0, -1.0, 0.0], [1.0, 0.0, 0.0]]
2	[[0.6724379315615234, 0.726914486201285, 0.13936483755948603], [-0.3270676168278158, 0.46074031506667057, -0.825072806541846], [-0.6639683744123911, 0.509228526128483, 0.547569453089907]]	0.11706793795478779	0.8829320620452122	[[0.07872092205049028, 0.08509837996904843, 0.01631515415649297], [-0.03828913147381905, 0.05393791861749435, -0.09658957212442346], [-0.07772940845965118, 0.059614333501617274, 0.06410282676026632]]	0.0	0.951774464946964	[[0.7071067811865476, 0.7071067811865474, 0.0], [-0.7071067811865474, 0.7071067811865474, 0.0], [0.0, 0.0, 0.9999999999999998]]	[[0.7071067811865475, 0.7071067811865474, 0.0], [-0.7071067811865474, 0.7071067811865475, 0.0], [0.0, 0.0, 0.9999999999999998]]	0.951774464946964	[[0.7071067811865476, 0.7071067811865475, 0.0], [-0.7071067811865475, 0.7071067811865476, 0.0], [0.0, 0.0, 1.0]]
2	[[-0.9354158387137099, -0.0645142516937865, 0.34761346350784095], [-0.3448283291114701, 0.383514201978592, -0.8567439992920377], [-0.07804250204675633, -0.9212788764587595, -0.3809916005178692]]	0.10182939251906507	0.8981706074809348	[[-0.09525282660892884, -0.006569447058800346, 0.03539726782045169], [-0.03511365927678524, 0.03905301820991408, -0.0872417209922625], [-0.007947020574089053, -0.09381326833044228, -0.038796143235600905]]	0.4185788561139787	1.0520314779032232	[[-0.329170602222738, 0.18577930901946807, 0.5247393581627712], [-0.12297798025400403, -0.24045518455791876, -0.08345662297272918], [0.4300595025513179, -0.3120340144734262, -0.2333450263103933]]	[[0.062374689536944805, 0.21278361069650248, 0.3792357122378409], [0.021359867301169743, -0.40098612052558336, 0.2751583002334473], [0.462726443786322, 0.07359384379665286, -0.0738699979765897]]	1.0	[[0.0, 0.0, 0.0], [0.0, 0.0, 0.0], [0.0, 0.0, 0.0]]
2	[[-0.9945741148769375, -0.05571399045578551, -0.08785374940347358], [0.04382460725063632, 0.541520885874493, -0.8395442418128012], [0.09434900007993284, -0.8388391272640996, -0.5361410120059088]]	0.10216910179399798	0.8978308982060019	[[-0.10161474398453722, -0.0056922483622269815, -0.008975938665787858], [0.004477520759272241, 0.055326702512487, -0.08577548110233693], [0.009639552593328632, -0.08570344018223422, -0.054777045631568794]]	0.41687230541188985	1.0743256123681124	[[-0.3515518482608642, 0.04718910176764665, 0.4039467966510789], [0.17561778599661954, -0.181983124075127, -0.22111482919887399], [0.4419853142979903, -0.12928172400313223, -0.30616763796049123]]	[[0.06305855591087449, 0.070414721412646, 0.44057059170398344], [0.15734852093827612, -0.40772818419831586, 0.12886791438090558], [0.40265382912136216, 0.2204070768491506, -0.08266529825972434]]	0.9632050598095193	[[-1.0, 0.0, 0.0], [0.0, 1.0, 0.0], [0.0, 0.0, -1.0]]
2	[[0.2693697955279176, -0.8332118037256505, 0.4829057914226089], [-0.5456055074659315, 0.281164383477422, 0.7894689478925723], [-0.793570755181976, -0.4761351484568322, -0.37886775651129134]]	0.12508905000160891	0.8749109499983913	[[0.03369521182171486, -0.10422567297816866, 0.06040622668932924], [-0.06824927460455912, 0.03517058562347879, 0.09875392069765156], [-0.09926701187477274, -0.059559293392840176, -0.04739220773823834]]	0.38618332227618085	0.9556687410820237	[[0.018924487848420202, -0.3931725997445216, 0.455715112070219], [-0.23832533007676848, -0.07554231876577586, 0.03565479193880721], [0.07427778377946231, -0.183875453483522, -0.1539410776382173]]	[[-0.08510163470940656, -0.07140009722202084, 0.2692249491922275], [-0.027621582551393464, -0.1841233144828209, -0.26922494919222745], [0.3807415744768555, 0.0, -0.007628668725363677]]	1.0000000000000002	[[0.0, 0.0, 0.0], [0.0, 0.0, 0.0], [0.0, 0.0, 0.0]]
2	[[0.8082379753195112, 0.5598220322729544, 0.18262165105265082], [0.5142410611933297, -0.8221198924002462, 0.24428469764306882], [0.2868928480010876, -0.10352861779037982, -0.95235199325892]]	0.43984357126949425	0.5601564287305058	[[0.3554982775001593, 0.24623412195028238, 0.08032495919012932], [0.22618562484868876, -0.36160414948501657, 0.107447053817816], [0.1261879748364745, -0.04553639697751516, -0.4188859018206247]]	0.7717136314420435	0.32361473627357423	[[0.5260399356081427, 0.5115968703019514, 0.22121862857690247], [0.3600934369956458, -0.7352872270623527, 0.18034592701286542], [0.28394902034168723, -0.028901364441344585, -0.646335784387716]]	[[-0.09768832739504221, 0.07957457681532486, 0.0802870110631196], [-0.0367533997744689, -0.10084609941741664, -0.008171904110988837], [0.06254989877601766, 0.050993081151844796, 0.08860723074119364]]	0.3678771614321673	[[0.7071067811865476, 0.7071067811865475, 0.0], [0.7071067811865475, -0.7071067811865476, 0.0], [0.0, 0.0, -1.0]]
2	[[-0.26061641159578686, 0.214194633552232, 0.9413818274028666], [0.3269392317606362, 0.9370465383592396, -0.12269687724115588], [-0.9083995953008238, 0.27579783158391824, -0.31423833526625644]]	0.3333166161324891	0.6666833838675108	[[-0.0868677804216997, 0.0713946304493685, 0.3137782051985424], [0.10897427841141089, 0.31233318132456445, -0.04089690793204549], [-0.3027846792017931, 0.09192799996022975, -0.10474085857005522]]	0.6945318499879565	0.5266377925728609	[[-0.1478800624673616, 0.14788006246736157, 0.7908660100540768], [0.24580812684024625, 0.5480050140147493, 0.0], [-0.44532475950944794, 0.14312787233494487, -0.14521180850931834]]	[[0.03312633601548296, -0.0008849326311625039, 0.1370463479229207], [0.01873841737189033, -0.10280365179670407, 0.08521688913804518], [0.1855876919431442, -0.04842250585770071, 0.07303672382029043]]	0.46170557602986584	[[0.0, 0.0, 1.0], [0.0, 1.0, 0.0], [-1.0, 0.0, 0.0]]
2	[[-0.6444901429183796, 0.6254792214998769, 0.43978199048273264], [0.6024876936975031, 0.7695704867721718, -0.21158885800605393], [-0.47078767467310584, 0.12859630383938042, -0.8728241266227346]]	0.35437090113658987	0.6456290988634101	[[-0.22838855271963582, 0.22165163536512408, 0.15584594027100918], [0.21350410693928995, 0.2727133868855786, -0.07498093428206729], [-0.1668334525179082, 0.045570788074395956, -0.30930347228505534]]	0.6691134411457119	0.5491911221262765	[[-0.4296921527782031, 0.47251185748203284, 0.3163136284456055], [0.44944895026670934, 0.49133550463410947, -0.023469013188251207], [-0.05192216829781963, 0.08604551538058736, -0.5413877522121456]]	[[0.0015448645344055384, 0.0539953032191092, 0.02204958743979346], [0.046316336288829245, -0.023594451974198974, 0.11810793570027095], [0.26308819275169015, 0.0, 0.04263060266739284]]	0.5089010515860263	[[-0.7071067811865476, 0.7071067811865475, 0.0], [0.7071067811865475, 0.7071067811865476, 0.0], [0.0, 0.0, -1.0]]
2	[[0.38401809673392395, -0.5473175780213695, -0.7436219269021571], [0.16374961445699815, 0.8329771875431029, -0.5285215878258589], [0.9086892566471991, 0.08119405040767946, 0.40950135656961645]]	0.2588515446823753	0.7411484553176247	[[0.09940367752556205, -0.141674000502648, -0.19248768443830785], [0.04238684064333739, 0.2156174316807129, -0.13680862940670527], [0.23521561771940688, 0.021017205367046477, 0.10600005869757338]]	0.6395504069478786	0.6456117351163558	[[0.13827120412091745, -0.24891982036423757, -0.28096664156216233], [0.0327355801730954, 0.41858611309896954, -0.21683597277525238], [0.8044549878465399, 0.0, 0.1946233230939709]]	[[-0.10732772592061338, 0.1011173593890566, 0.1946170644034778], [-0.07199055239043597, -0.11414478617252116, 0.12118022379951461], [0.22330240396865844, -0.05192768797997796, -0.06727343614583563]]	0.7174340589263527	[[0.0, 0.0, -1.0], [0.0, 1.0, 0.0], [1.0, 0.0, 0.0]]
2	[[0.5977334925608182, 0.6122861497964367, -0.5175136158967237], [0.8005212526413146, -0.4209281575567265, 0.4265972459422119], [0.04336353238179311, -0.669272109790446, -0.7417509333435437]]	0.13858236862369155	0.8614176313763083	[[0.08283532320478991, 0.08485206491427062, -0.07171826268597926], [0.11093813132463799, -0.058333221094617596, 0.05911885679101522], [0.006009421029359058, -0.09274931422853536, -0.10279360127158221]]	0.45192543389098966	0.9004843426790733	[[0.24599545156822997, 0.33488028965804795, 0.19775610390627293], [0.5473368338587923, -0.4394203186740763, 0.19279014546913537], [0.2929247780285002, -0.010456530625439059, -0.2870407648757545]]	[[-0.02413551640849447, 0.05817260574584979, 0.4316336693148948], [0.18556091941990757, -0.24919217843331787, 0.0], [0.27332769484181235, 0.2920045579827463, 0.048175347514572996]]	0.7341258824952138	[[0.7071067811865476, 0.7071067811865475, 0.0], [0.7071067811865475, -0.7071067811865476, 0.0], [0.0, 0.0, -1.0]]
2	[[-0.19118987636437412, 0.26283917413924524, 0.945707142678734], [0.07907792122591596, 0.9644731457555763, -0.2520679144415871], [-0.9783624653217047, 0.026591721534022325, -0.20518227700143543]]	0.3865315755322216	0.6134684244677786	[[-0.07390092413693222, 0.10159564009163047, 0.3655456718516866], [0.030566113481266206, 0.3727993245874209, -0.0974322081102279], [-0.3781679851623871, 0.010278540020659756, -0.07930942880065357]]	0.6723319392677948	0.5311595596308191	[[-0.15058265598190498, 0.16616576974750244, 0.67069764226259], [0.08162765710446537, 0.6356171710490408, -0.07125034881928058], [-0.45552165426237595, 0.01787846370743841, -0.1261225717628941]]	[[-0.022039595637475422, -0.010549401917081952, 0.0348685250459916], [0.028461044973379424, -0.01282892940851614, 0.09822296092442026], [0.20226267935418638, 0.0, 0.011828026436862845]]	0.33385213230408745	[[0.0, 0.0, 1.0], [0.0, 1.0, 0.0], [-1.0, 0.0, 0.0]]
2	[[0.3150175355465583, 0.07704224194745776, 0.9459537225752019], [0.010291163786529306, 0.9963639725302899, -0.08457497378999636], [-0.9490300544482728, 0.036377564505737925, 0.3130792688035079]]	0.5479676108608799	0.45203238913912014	[[0.17261940633272987, 0.042216653255314304, 0.518352001344489], [0.005639224433082488, 0.5459751855752784, -0.046344346326325836], [-0.5200377315711907, 0.019933727111146757, 0.1715572989363294]]	0.7963195471768053	0.33262555964322055	[[0.13835016665803007, 0.05605311829168218, 0.801947233703811], [-0.04576786373550497, 0.8071997355058366, -0.018682911138427044], [-0.6869073577518245, 0.028968165694604253, 0.16451754703587507]]	[[-0.11250445460115846, -0.005297124929403291, 0.048665793692513046], [-0.05396291862191633, 0.013775628077233253, 0.04866579369251304], [0.06882382546360297, 0.0, -0.08479359452817967]]	0.3296244081469625	[[0.0, 0.0, 1.0], [0.0, 1.0, 0.0], [-1.0, 0.0, 0.0]]
