3	[[-0.46302331253993745, -0.17599259499966094, -0.8686978868109609], [0.02399014622745857, 0.9772413149034422, -0.2107697448159405], [0.8860213794985587, -0.11843149475995327, -0.44826342268848407]]	0.5036421029887721	0.4963578970112284	[[-0.23319803486044158, -0.08863728065608048, -0.43751283057537466], [0.012082447697005394, 0.4921798709654823, -0.10615251752550711], [0.4462376708636671, -0.05964708708100661, -0.225764332895773]]	0.7694157595704298	0.3894005863169347	[[-0.32254065670279375, -0.12225969427690378, -0.5148139455228534], [0.052282892669829675, 0.9173726127082209, -0.14719726635343783], [0.547468206678662, -0.043425334125277805, -0.32254065670279375]]	[[0.03371677701393881, 0.013151781883531359, 0.15357589889502926], [0.03382449608802395, 0.16546774411818319, 0.014972296948584686], [-0.13425060602386166, 0.04769772437251303, 0.022360285152706917]]	0.5126127989255703	[[0.0, 0.0, -0.8835999999999999], [0.0, 1.0, 0.0], [0.8835999999999999, 0.0, 0.0]]
3	[[-0.7906551711763438, -0.6122537057691856, -0.0031305053914775782], [0.21569187232512302, -0.27374870521795946, -0.9373039328864322], [0.5730108345441554, -0.7417594260697941, 0.3484989775187588]]	0.41291972109603214	0.5870802789039679	[[-0.32647711276527136, -0.2528116294262242, -0.001292647413138559], [0.08906342776317078, -0.11303623900899977, -0.3870312785496796], [0.23660747398497722, -0.30628709533309223, 0.14390210059929823]]	0.6143110395677047	0.6153260491605383	[[-0.31956528676801693, -0.319565286768017, 0.08104349623097742], [0.028409407916290513, -0.2677489795374321, -0.39757171651472156], [0.42222996608091945, -0.5064087733243124, 0.12171685602131349]]	[[0.16614291337690437, 0.05654892370223105, 0.08296660025238835], [-0.10409249039806046, -0.09958212785467431, 0.17822443688764072], [0.07022308462854127, -0.050737769186233246, -0.09236991314651735]]	0.8689669870468422	[[-0.41529199999999983, -0.41529199999999994, 0.5873115787450474], [-0.5, -0.5000000000000001, -0.7071067811865475], [0.5873115787450474, -0.5873115787450472, 0.0]]
3	[[-0.8454278191407976, -0.5275798211578228, 0.08313443889216068], [0.5338434264073765, -0.8300116656812779, 0.16152965955087792], [-0.016217234797175482, 0.18094244151129993, 0.9833599718086266]]	0.6452156442686667	0.3547843557313333	[[-0.5454832550095836, -0.3404027542114926, 0.053639640550719576], [0.34444413030802806, -0.5355365116230548, 0.1042214633556181], [-0.010463613597915804, 0.11674689397525892, 0.6344792377585208]]	0.808009502159173	0.30273559441041253	[[-0.6116014927784271, -0.3547772901659138, 0.055417615306954916], [0.5103157503539553, -0.7266198899051988, 0.1477326169791533], [0.04009991056667185, 0.08963349357960601, 0.7077292529078086]]	[[0.07151221847704414, 0.07151221847704413, -0.011755801274582025], [0.07896518915158399, -0.055962577131763606, 0.017215117181507745], [0.053203590381536034, -0.05656971850540468, -0.08683494835653822]]	0.33592749763221574	[[-0.6247995518564334, -0.6247995518564333, 0.0], [0.7071067811865475, -0.7071067811865476, 0.0], [0.0, 0.0, 0.8835999999999999]]
3	[[0.045438286595317165, 0.914755726437795, 0.40144404723515764], [0.8006341574927736, -0.2736772949406891, 0.532996889380964], [0.597428077652129, 0.29719135112450484, -0.7448201077103603]]	0.5479218419856821	0.4520781580143179	[[0.02489662968797949, 0.5012146425967473, 0.21995996181527477], [0.4386849423300952, -0.14995376755356118, 0.29204063740225666], [0.3273438927611197, 0.1628376325303523, -0.40810320536463474]]	0.7386123581786893	0.4512804961171695	[[-0.10380889613669457, 0.6406091554050233, 0.3132251183993874], [0.5853626769228711, -0.33939884884998134, 0.4119366945347086], [0.3972790020173822, 0.19696742587774121, -0.3647796429501274]]	[[-0.13737017615046085, -0.03504072885665656, 0.01671358399423046], [-0.005995606181274465, -0.13725741665387428, 0.018258605167128766], [-0.043988759259417934, -0.022541778806640177, 0.18535369322472717]]	0.7689146374866868	[[1.6584558255771184e-16, 0.8305839999999999, 0.0], [1.0, -1.7938038903913487e-16, 0.0], [0.0, 0.0, -0.8305839999999999]]
3	[[-0.21951259035361326, -0.17809212642501718, -0.9592170855346885], [-0.39870436216914484, 0.9137219002469867, -0.0784035751501837], [0.8904207175619522, 0.3652334643956531, -0.27157956885967516]]	0.5658787775639759	0.43412122243602386	[[-0.12421751628920448, -0.10077855479515778, -0.5428005917808494], [-0.22561833707370038, 0.517055831945198, -0.044366919262631276], [0.5038701871715959, 0.20667786635766808, -0.15368111443766458]]	0.7943419239070401	0.3176551135201527	[[-0.0606372913696752, -0.0813855290928066, -0.7653938340060685], [-0.361852156595998, 0.8397687499981663, -0.024980300274423068], [0.6731065055377049, 0.2435495577466357, -0.08575407984056369]]	[[0.11373076197363194, 0.060080513244337344, -0.0034474888379400874], [-0.04514456648043018, 0.11396113783997827, 0.03729894645156404], [-0.03419200033714336, -0.04657069503664073, 0.1299729573812751]]	0.5187962146750765	[[0.0, 0.0, -0.8835999999999999], [0.0, 1.0, 0.0], [0.8835999999999999, 0.0, 0.0]]
3	[[-0.7969422360492981, -0.5496472174344235, -0.2505414312391083], [-0.20133618011619125, -0.14934722918147175, 0.9680698051855754], [-0.5695145432532569, 0.8219387699229261, 0.008357243601908652]]	0.33083709114156135	0.6691629088584389	[[-0.2636580511824014, -0.1818436865700579, -0.08288839832159012], [-0.06660947617119417, -0.049409602872450234, 0.32027339836957375], [-0.1884165348527224, 0.27192783173777396, 0.0027648861632168786]]	0.5197570601327353	0.8419509608312162	[[-0.2880957798990039, -0.1595624480382667, -0.04720266602907619], [-0.01572816640587095, -0.2934766825341982, 0.48864263113708684], [-0.13453792104883933, 0.26573719500894594, -0.18607651079175977]]	[[0.1261205738055876, 0.1261205738055876, 0.08301801171321062], [0.0889177346696755, -0.2158524057558665, -0.014518484809437671], [0.16147128365531094, -0.1614712836553109, -0.1904202471571009]]	1.0000000000000002	[[0.0, 0.0, 0.0], [0.0, 0.0, 0.0], [0.0, 0.0, 0.0]]
3	[[-0.9404471891782326, -0.16511750794278138, -0.2971452387932999], [-0.33967856319298195, 0.4221845412224513, 0.8404633762752188], [-0.01332509189135525, 0.8913452875982203, -0.45312914296316575]]	0.34859458788447767	0.6514054121155226	[[-0.3278348003387013, -0.05755906963382586, -0.10358322205898508], [-0.11841010874944902, 0.14717124615863778, 0.2929809842846566], [-0.004645054916389814, 0.31071814319307284, -0.1579583668496913]]	0.5246788699396626	0.8475915999370672	[[-0.46714666053708587, -0.02914387378096446, 0.018974436588649987], [-0.17498750644594233, 0.029739229329141324, 0.2442894944368541], [0.07133097341985478, 0.32930280674412116, -0.39517329646751453]]	[[0.026286107918881266, 0.05748979369370734, 0.17488026468666978], [0.003234658232879703, -0.19177207866544926, -0.19668388005290116], [0.07832236757525327, -0.13836723147895674, -0.1574260098008729]]	1.0000000000000002	[[0.0, 0.0, 0.0], [0.0, 0.0, 0.0], [0.0, 0.0, 0.0]]
3	[[-0.4889737104017652, -0.6675742726348228, 0.5614706591194402], [-0.8352955409727327, 0.5438241864302344, -0.08084932581391074], [-0.2513683945268397, -0.5085271327761987, -0.8235375434449957]]	0.5056344438787727	0.4943655561212276	[[-0.24724195013033645, -0.3375485460914848, 0.2838989044781061], [-0.4223541963341662, 0.27497624007347754, -0.04088020389589046], [-0.1271005183752785, -0.25712883397856, -0.41640894779310117]]	0.7412940283185189	0.46170986580266354	[[-0.27932413994983474, -0.3095116650748426, 0.43017161479154864], [-0.7735408905126477, 0.4902071116158485, -0.01539928772942652], [-0.14934879921859756, -0.3630113586546897, -0.41949820516103603]]	[[0.0831491515757426, 0.18535715668843028, 0.013956768110244882], [-0.15434129410847416, 0.0870734897599388, 0.044533834690003785], [0.03698909055216211, 0.013956768110244874, 0.19098525789084211]]	0.6034622328101916	[[-0.5873115787450474, -0.5873115787450472, 0.0], [-0.7071067811865475, 0.7071067811865476, 0.0], [0.0, 0.0, -0.8305839999999999]]
3	[[-0.328472184202533, 0.6350926635744277, -0.699116108296151], [0.7870892180276409, -0.22510676047337688, -0.5742974048816677], [-0.522107830883481, -0.738907473952673, -0.4259332786564415]]	0.4259277233190738	0.5740722766809263	[[-0.13990540959102826, 0.2705035722929024, -0.2977729323422706], [0.3352431186835031, -0.0958792099921575, -0.24460918616930105], [-0.22238019973526102, -0.3147211781241098, -0.18141679166396676]]	0.5922503312579926	0.63339485800105	[[-0.20866648562355428, 0.2792560172497063, -0.25111706032768777], [0.5209085139686305, -0.0004146998575616581, -0.16326996164584834], [-0.3949838958783322, -0.3003890338521669, -0.2681668552945998]]	[[-0.014128725720567729, -0.09687782313176936, 0.16293468639850636], [0.05475466386216567, 0.13290485360120938, 0.17685786663592487], [-0.08576536008519856, 0.13722916236531027, -0.015907729916519432]]	0.8685389946239189	[[0.0, 0.0, -0.8305839999999999], [0.7071067811865475, -0.7071067811865476, 0.0], [-0.5873115787450474, -0.5873115787450472, 0.0]]
3	[[-0.14788840876935622, -0.1760303547303998, -0.9732123780373726], [0.7447065518890947, -0.66734943231379, 0.007542331464318042], [-0.6508004072871522, -0.7236422109053288, 0.22978420413710982]]	0.5537087211401636	0.4462912788598365	[[-0.08188710169113396, -0.09746954259961901, -0.538876181240851], [0.41235051247121146, -0.36951720072008276, 0.004176254709522761], [-0.3603538612364667, -0.40068700316343014, 0.12723351781096937]]	0.8072864396176004	0.35323932598515867	[[-0.11292999968643175, -0.14280068226753898, -0.6497041314175125], [0.7142574888775381, -0.632342018654881, 0.0], [-0.41905896351719985, -0.4616949188406004, 0.18957781973644838]]	[[0.006458307289694151, -0.000693763932611326, 0.13595702424005635], [0.11306598804309115, -0.09359987146145475, -0.006088821914245114], [0.10632338018332937, 0.12249162515817126, 0.004076147698237132]]	0.2784491797669378	[[0.0, 0.0, -0.8305839999999999], [0.7071067811865475, -0.7071067811865476, 0.0], [-0.5873115787450474, -0.5873115787450472, 0.0]]
3	[[0.39962180205666736, -0.8574648204204427, -0.3241242000565831], [-0.742889895952614, -0.510089041811326, 0.433501755377666], [-0.5370447074615821, 0.0675518405770078, -0.8408446533231704]]	0.525897102475451	0.47410289752454915	[[0.21015994778761954, -0.45093826453374375, -0.1704559776519305], [-0.3906836437397688, -0.2682543490930554, 0.2279773170711363], [-0.2824302555538223, 0.035525317226331996, -0.4421977668146303]]	0.7480508039161887	0.400975416205572	[[0.19796818378394324, -0.6754291917586422, -0.21716299801934952], [-0.53743884148052, -0.4855054886396273, 0.2614582005183696], [-0.30711485704456565, 0.0, -0.5402673003809715]]	[[-0.10096922650698276, -0.034001943513279814, 0.025298370401669053], [0.018280542408046656, -0.10393297084382652, -0.06282313609097233], [0.09462186811100518, -0.050532208649648906, 0.08872721850605494]]	0.6368757440230189	[[0.6247995518564334, -0.6247995518564333, 0.0], [-0.7071067811865475, -0.7071067811865476, 0.0], [0.0, 0.0, -0.8835999999999999]]
3	[[-0.09505120117050858, 0.5452103891734319, 0.8328930907946102], [-0.8397020396470369, 0.4054655520987933, -0.361245305400398], [-0.5346641504427332, -0.7337188273436738, 0.41927428806543177]]	0.5047053060590382	0.4952946939409619	[[-0.047972845578040726, 0.27517057633434433, 0.420365562303952], [-0.4238020749184565, 0.20464061556841837, -0.1823224224244986], [-0.2698478336879953, -0.37031178531576747, 0.2116099578807491]]	0.700475886726713	0.5039885760082079	[[-0.024042861308291547, 0.3393685176928165, 0.5756589112775912], [-0.6813950850970157, 0.20541080421320723, -0.19622817972991702], [-0.2693849413582234, -0.40881794266750926, 0.18634341049217282]]	[[0.042538213116059605, -0.04253821311605958, -0.007762615045316019], [-0.093204054289028, -0.0786080379303312, 0.05681544589628897], [0.10513440352413471, 0.10513440352413468, -0.10734811822217181]]	0.6551801169992427	[[0.0, 0.0, 0.8305839999999999], [-0.7071067811865475, 0.7071067811865476, 0.0], [-0.5873115787450474, -0.5873115787450472, 0.0]]
3	[[-0.07673908792314688, -0.9932055702045202, -0.08748604288363548], [-0.7029605032121287, -0.008330385140834728, 0.7111801006827707], [-0.7070768298484077, 0.11607454500500591, -0.6975450212663026]]	0.5171947569982033	0.4828052430017967	[[-0.03968905393067568, -0.5136807135311887, -0.04524732268993624], [-0.3635674866381316, -0.004308431518615518, 0.3678186193545834], [-0.3656964291925072, 0.06003314609754104, -0.36076662776913193]]	0.6876406189420361	0.4692277736699611	[[-0.04975127940182796, -0.6978408556188105, -0.010398920536182105], [-0.4983783328437145, 0.043785194635986444, 0.33820866962045637], [-0.39726773540010474, 0.0, -0.4375378006444238]]	[[0.0030176345146920042, -0.014872362586696304, 0.049760036141110506], [-0.014994137323121158, 0.049513505830255655, -0.15082765499230358], [0.08894701351642705, -0.07981757197065749, 0.042122489519072284]]	0.8326103459200578	[[-1.6584558255771184e-16, -0.8305839999999999, 0.0], [-1.0, 1.7938038903913487e-16, 0.0], [0.0, 0.0, -0.8305839999999999]]
3	[[0.1093031896461408, 0.1859596356180152, -0.9764588197430523], [-0.9647495672926553, -0.21674161245263301, -0.1492693734162066], [-0.23939733737411129, 0.9583538424570789, 0.15571392842625953]]	0.5377733207249907	0.46222667927500916	[[0.05878033926183858, 0.10000413076710932, -0.5251135020444265], [-0.5188165784709693, -0.11655785666794144, -0.08027308662457208], [-0.1287415010923968, 0.515377128287698, 0.08373879637292311]]	0.7079704814725891	0.4450652773183961	[[0.08224932604405538, 0.08050074885205817, -0.6726639700350099], [-0.663769057184529, -0.22682892153280354, -0.07002188363100526], [-0.24655952915617693, 0.5338043108653948, 0.13865980504583303]]	[[0.00486589424378734, -0.05115318391089528, 0.018640050716635166], [0.019245158472124244, -0.07338225780956754, 0.03565642653557821], [-0.07707328095217142, -0.1446819204000491, 0.028418940165905817]]	0.6471521367887112	[[0.0, 0.0, -0.8305839999999999], [-0.7071067811865475, -0.7071067811865476, 0.0], [-0.5873115787450474, 0.5873115787450472, 0.0]]
3	[[-0.7823064473600231, -0.6191382563410173, -0.06829671993547412], [0.4516132128936376, -0.48825713387833247, -0.7467599863120696], [0.42900131510151085, -0.6150388530425709, 0.6615777209740769]]	0.4385611190775508	0.5614388809224494	[[-0.3430891910157947, -0.27152996656464007, -0.029952285924227592], [0.19805999603684193, -0.21413059503127913, -0.32749989527935774], [0.1881432968366596, -0.26973212766652316, 0.29014226566716683]]	0.6309137194674487	0.6006771558869126	[[-0.375682716299069, -0.375682716299069, 0.011622462369197062], [0.22920010053300138, -0.3569723928829378, -0.27995125197813964], [0.29903434273011015, -0.38872332048860014, 0.2987725618662961]]	[[0.11788515416820902, 0.014940103873632912, 0.054711799971113674], [-0.05572887137436824, -0.04892426849124302, 0.19118986853546927], [0.028371527362988938, -0.0006868700985182113, -0.1186258987902567]]	0.8610321975954789	[[-0.6247995518564334, -0.6247995518564333, 0.0], [0.7071067811865475, -0.7071067811865476, 0.0], [0.0, 0.0, 0.8835999999999999]]
3	[[-0.9811165986123564, 0.18418769307433647, 0.05903485112435114], [-0.17683959200596489, -0.7305894532589015, -0.6595201357699575], [-0.0783452527373813, -0.6575058513099433, 0.74936511585922]]	0.4065841948035768	0.5934158051964232	[[-0.39890650225522895, 0.07488780488135743, 0.02400263740974333], [-0.07190018312513828, -0.2970461245852558, -0.2681504633587739], [-0.03185394150091088, -0.26733148713349364, 0.3046800122455101]]	0.6160311362985884	0.6468671239147987	[[-0.4362049467538627, -0.054728072473914154, 0.11247729605891843], [-0.20934958321082758, -0.6737832593598924, -0.4488407910300384], [0.04524803439586749, -0.31153292724215864, 0.2591170292994678]]	[[0.1681934263307133, -0.1681934263307133, 0.07610998963956636], [-0.1004108884048143, -0.2237174083010467, -0.042555852379872174], [0.0935111494632766, 0.09351114946327659, -0.202515214525811]]	0.7536368335414682	[[-0.94, 0.0, 0.0], [0.0, -1.0, 0.0], [0.0, 0.0, 0.94]]
3	[[-0.09107681945440971, 0.026979593008170225, -0.9954783345302809], [0.1626680633668992, -0.9858035016183849, -0.04159996823788131], [-0.9824683781774002, -0.16572132559825775, 0.08539512938935634]]	0.6776758024719013	0.32232419752809854	[[-0.06172055671035557, 0.01828341734217705, -0.6746115791962], [0.1102362103787135, -0.6680551790388494, -0.028191291858411825], [-0.6657950465846372, -0.11230533231150655, 0.05787021283612389]]	0.8699787353640246	0.2206528912970883	[[-0.056426446357732606, 0.023233858892018133, -0.8085202354137693], [0.1376151953452969, -0.9314111573016488, -0.027972918924537595], [-0.7707989990086752, -0.11430097941067807, 0.056426446357732606]]	[[0.022808449852192332, -0.00023781331386588112, 0.05752474714316984], [-0.0039025607067530808, -0.073783073646259, 0.008218168834237979], [0.08392759817324355, 0.029873049856143953, -0.017865500314666865]]	0.2448361177025359	[[0.0, 0.0, -0.8835999999999999], [0.0, -1.0, 0.0], [-0.8835999999999999, 0.0, 0.0]]
3	[[-0.10494230950179255, 0.25078566681139447, 0.9623376024028126], [-0.014608284002347344, -0.9679651692114681, 0.2506591894025037], [0.9943710121051078, 0.012246653231707691, 0.1052440486188438]]	0.7486528241744986	0.25134717582550126	[[-0.07856535638391132, 0.1877513977208353, 0.7204567638481816], [-0.010936533074700487, -0.7246698576327122, 0.18765671005147502], [0.7444386664897437, 0.009168491528603717, 0.07879125422605567]]	0.8810591163465035	0.17562282431065476	[[-0.01912729830439518, 0.1940543544513778, 0.8251981220838365], [-0.013724602488483086, -0.9065376206923716, 0.2037461104702611], [0.8976552811659166, 0.004796826640667661, 0.02225325803296391]]	[[0.07333308017261543, -0.026902643541838047, -0.022678195516198377], [-0.0008538406940361669, -0.05370308405272186, -0.017099453448839657], [0.021555635920011924, -0.005993198833862767, -0.07047297044388307]]	0.2980590355322988	[[0.0, 0.0, 0.94], [0.0, -1.0, 0.0], [0.94, 0.0, 0.0]]
3	[[-0.5765804364735063, -0.21489234046914468, -0.7882742430675469], [0.7184694088670802, -0.5927529150888833, -0.36393088653729166], [-0.3890458954907621, -0.7761863588477473, 0.49616330732982133]]	0.41361467271028646	0.5863853272897136	[[-0.23848212852314343, -0.08888262507109274, -0.32604179305233233], [0.29716948940091026, -0.24517130297255652, -0.15052715452428625], [-0.16091509073269186, -0.321042066777, 0.20522042397207732]]	0.6512170896146344	0.5949062515512222	[[-0.11764508315583863, -0.1533909971683464, -0.48631582391161343], [0.45036533710125237, -0.6333192327879731, -0.18013333656195735], [-0.26268222723068996, -0.5090598274396984, 0.06252708231306568]]	[[0.25783395061317377, -0.013449432627552872, 0.027021834477013416], [-0.01751422031831431, -0.2473084045632, 0.056864676189731456], [-0.00932889144267668, -0.0035940058322881576, -0.26058294265983195]]	0.676034030374731	[[0.0, 0.0, -0.8305839999999999], [0.7071067811865475, -0.7071067811865476, 0.0], [-0.5873115787450474, -0.5873115787450472, 0.0]]
3	[[-0.6423177830836196, 0.6472169826683319, -0.4105338510771609], [0.6354509445700302, 0.7491834873395028, 0.186885524701293], [0.4285206676224623, -0.14083422752840047, -0.8924885196891207]]	0.5206818300169215	0.47931816998307863	[[-0.33444319874839107, 0.3369941229537772, -0.21375751686275038], [0.33086776070470464, 0.39008622920639124, 0.09730789700514182], [0.22312292541773657, -0.07332982331850706, -0.4647025557008246]]	0.7765016286534652	0.39283963459859156	[[-0.3707759651842614, 0.47107707911928554, -0.30089604848367124], [0.5229514372146784, 0.7333660971309486, 0.12075974728025607], [0.306891965707533, -0.08582568925431072, -0.5243563985655569]]	[[0.1279848394932524, -0.031487962014855805, 0.017884155495123316], [0.029522743826667072, 0.15162389905154183, -0.024357167022055315], [-0.0258550306129792, 0.023532317791644938, 0.16866239052756568]]	0.46604791160442066	[[-0.6247995518564334, 0.6247995518564333, 0.0], [0.7071067811865475, 0.7071067811865476, 0.0], [0.0, 0.0, -0.8835999999999999]]
3	[[-0.10249990202145981, -0.9422123744706561, -0.3189507978982955], [0.6126683972808709, 0.19280684864693648, -0.7664613193685161], [0.7836652378783178, -0.27397328429831536, 0.5575010622697631]]	0.5506361996519967	0.4493638003480034	[[-0.05644015651379862, -0.518816241143606, -0.1756258552306894], [0.3373573979256185, 0.10616643040582681, -0.42204134807733507], [0.4315144483846949, -0.15085960807220042, 0.3069802662301735]]	0.7103713369291673	0.46113845375286644	[[-0.024040810621684935, -0.6898185037754185, -0.13635890657921554], [0.47482192324032585, 0.09674063689447207, -0.4523537565074764], [0.47908414216277306, -0.11318953668170799, 0.3240587410903579]]	[[0.04877218181240806, -0.02049783965149341, 0.09021459813842114], [0.03959985476966332, -0.040223821947951786, 0.09211839563682989], [-0.07760918057376144, 0.08143323156816112, -0.07197403385364466]]	0.7646210775622153	[[0.0, -0.8305839999999999, 1.6584558255771184e-16], [0.0, -1.7938038903913487e-16, -1.0], [0.8305839999999999, 0.0, 0.0]]
3	[[-0.7229741855265539, 0.37453352207805324, 0.5805454055472524], [0.6255107660641113, -0.0019251384381000977, 0.7802131602196173], [0.2933336131439832, 0.9272113754057388, -0.23288292491742163]]	0.4758118230305149	0.524188176969485	[[-0.34399966521939124, 0.17820747792599811, 0.2762303677654278], [0.2976254179261787, -0.000916003629818498, 0.37123464611649526], [0.13957160122616646, 0.4411781348664357, -0.1108084490576369]]	0.6809310310428128	0.5114661327973737	[[-0.46964421049443084, 0.2550314973487049, 0.47677712217436397], [0.36517071711444565, -0.11467335788179063, 0.5312713516215153], [0.35644296098747746, 0.4509871032982341, -0.18122855724978926]]	[[0.022651347073503383, 0.0, 0.08146574060790543], [-0.06075897374996939, -0.11336247138023497, 0.0], [0.1567030013498314, -0.18037989455142026, -0.022651347073503383]]	0.6153841487744055	[[-0.41529199999999983, 0.41529199999999994, 0.5873115787450474], [0.5, -0.5000000000000001, 0.7071067811865475], [0.5873115787450474, 0.5873115787450472, 0.0]]
3	[[0.607699742283575, 0.04436598313018672, -0.7929266566141968], [-0.48983361298617956, -0.764959691968786, -0.4182101161520675], [-0.6251112339555114, 0.6425483088483792, -0.443133857856411]]	0.46852659500091715	0.531473404999083	[[0.28472349103505834, 0.020786643009854517, -0.3715072265089111], [-0.22950007480941173, -0.3584039597910857, -0.19594256171566626], [-0.29288123794199744, 0.3010509712683287, -0.2076199975510847]]	0.6886529760393719	0.5124724034193743	[[0.39704193584862535, 0.04304881241167757, -0.44975474687456596], [-0.3462437564503048, -0.6201951690961706, -0.14085129767486787], [-0.3484647385641696, 0.3615245460238248, -0.21853493237753963]]	[[-0.02145230021331796, 0.012496046094161932, 0.09629655498374973], [-0.008918381103254353, -0.09340340067170473, 0.14715034342302485], [0.08201997305493733, -0.080968259113677, 0.08663051761908583]]	0.6719532524998167	[[0.0, 0.0, -0.8305839999999999], [-0.7071067811865475, -0.7071067811865476, 0.0], [-0.5873115787450474, 0.5873115787450472, 0.0]]
3	[[0.5859585634738876, 0.36139819833278886, -0.7252888418646962], [-0.7596467684279905, 0.5565829073689794, -0.33638111487062594], [0.28211584341991347, 0.748068719748733, 0.600669494335248]]	0.49442177155386596	0.5055782284461342	[[0.28971067100991793, 0.17868313745607287, -0.3585985940829948], [-0.37558590100133643, 0.2751867070779721, -0.1663141467315994], [0.13948421508708664, 0.3698614616622011, 0.2969840755075982]]	0.7005785758212087	0.4638449727466822	[[0.3404472104316689, 0.1651324896014818, -0.40510134459465863], [-0.5248603198129529, 0.45661303193371006, -0.2032847303561681], [0.12057989514631064, 0.45529495230881895, 0.37608824879670333]]	[[-0.07006280545710862, -0.08805534549085418, 0.10302047929792404], [0.007331931339512366, 0.06668297136272275, 0.032376672033045464], [-0.07706442065341146, -0.06878596598914344, -0.04472793008393034]]	0.7615238239812187	[[0.0, 0.0, -0.8305839999999999], [-0.7071067811865475, 0.7071067811865476, 0.0], [0.5873115787450474, 0.5873115787450472, 0.0]]
3	[[-0.4173896908511048, -0.2512754656216099, -0.8732963336393107], [0.3950375357134564, 0.8152827950674679, -0.42339025667156843], [0.8183710596964306, -0.5217035599299856, -0.24102739306502285]]	0.5233390520665426	0.4766609479334574	[[-0.21843632515236447, -0.1315022639859925, -0.4570300754199841], [0.20673856947098326, 0.4266693251367699, -0.2215766555807088], [0.428285534620222, -0.2730278465134993, -0.12613904740871903]]	0.7231960278455991	0.43758916016854343	[[-0.16488713530592747, -0.17464085101291804, -0.5458146272182005], [0.34283914561356693, 0.6570030599854549, -0.22598828898731188], [0.5632691924936786, -0.360884161980682, -0.13335411177939557]]	[[0.13696743118129412, 0.007080567619683665, 0.08574981240187395], [0.05714956893568131, 0.06739378102180452, 0.08020586286609506], [-0.0285735071825736, 0.016409780273592085, 0.040955941487208825]]	0.6268830473851036	[[0.0, 0.0, -0.8305839999999999], [0.7071067811865475, 0.7071067811865476, 0.0], [0.5873115787450474, -0.5873115787450472, 0.0]]
3	[[-0.4073423402475564, 0.6394988746997277, 0.652007213993393], [0.8839564696894593, 0.09663191055244695, 0.45747484472605926], [0.22954994562358777, 0.76269486894876, -0.6046514362369794]]	0.49834056956025385	0.5016594304397464	[[-0.20299521384497393, 0.3186882334510036, 0.3249216463788618], [0.44051137057151646, 0.04815560134240194, 0.2279782746802731], [0.11439405064458402, 0.3800817953926082, -0.30132234111976186]]	0.7165677666369491	0.4666633738062448	[[-0.33102365531972083, 0.3238177732017984, 0.5110345660896912], [0.7083309042886876, 0.02107733961254713, 0.27504498422488766], [0.2083153047943937, 0.5026953459408073, -0.23990427359065347]]	[[-0.03913526431186115, -0.13442650720862756, 0.04382721292726625], [0.07491619099902964, -0.04816597271788118, -0.05276674355304972], [0.04382721292726625, -0.04382721292726624, 0.19336945566750247]]	0.8214001036527414	[[0.0, 0.0, 0.8305839999999999], [1.0, -1.7938038903913487e-16, 0.0], [1.6584558255771184e-16, 0.8305839999999999, 0.0]]
3	[[0.5316565726284, 0.12413974256263854, 0.8378129941087711], [-0.8431913025942939, 0.17079270063273144, 0.5097629651513687], [-0.0798105006271736, -0.9774554607382677, 0.19547661308345798]]	0.5625825081945822	0.4374174918054176	[[0.2991006881274204, 0.06983884773751893, 0.47133893562372536], [-0.4743646779013548, 0.09608498590328839, 0.28678372751956444], [-0.04489999162310053, -0.5498993447506256, 0.10997172328187368]]	0.7516053772293216	0.416795635008585	[[0.3113250417087611, 0.040550999373011966, 0.5360557321993232], [-0.6251733217726791, 0.18169765144993102, 0.29956504674542], [0.0573477732810965, -0.7275218937042247, 0.19146616150490153]]	[[-0.08827089711805569, -0.052753098664930845, -0.09364901928542703], [0.008573795290188157, 0.05332893926285241, -0.08357553897471197], [0.11733377471184422, 0.007138886588821359, 0.04454488798879898]]	0.6438033580212065	[[0.0, 0.0, 0.8305839999999999], [-1.0, -1.7938038903913487e-16, 0.0], [1.6584558255771184e-16, -0.8305839999999999, 0.0]]
3	[[-0.7351688989075352, -0.09676064626795722, 0.6709426707349067], [-0.4070551462354579, -0.7284396683943796, -0.5510732777342012], [0.5420634630763377, -0.6782426017608253, 0.49613926991762536]]	0.5044947178528552	0.4955052821471449	[[-0.3708888262285511, -0.048815234938212965, 0.33848703336784786], [-0.20535717115061003, -0.3674939649794499, -0.27801355776676395], [0.27346815386303847, -0.3421698100111139, 0.25029964099281393]]	0.744119960799135	0.4053553514711876	[[-0.43132364551567026, -0.1881650735186864, 0.46993891376624264], [-0.4552310669357624, -0.6270808460775547, -0.41440992024591106], [0.433111497357845, -0.4585817642709796, 0.2108098802823593]]	[[0.11573020672014814, -0.11616354521087507, -0.029322920079483082], [-0.15233320747594722, -0.08503434858739412, -0.004345294420886314], [0.029751254462837228, 0.04611209396358904, -0.15837725379965562]]	0.5480042960750906	[[-0.41529199999999983, -0.41529199999999994, 0.5873115787450474], [-0.5, -0.5000000000000001, -0.7071067811865475], [0.5873115787450474, -0.5873115787450472, 0.0]]
3	[[-0.9494449584333646, 0.029426784615528695, -0.3125513321882631], [-0.305151494792988, 0.14733284102383137, 0.940837711394187], [0.07373490442844376, 0.988649128003984, -0.1309047958093612]]	0.3267402302742295	0.6732597697257706	[[-0.31022186435122373, 0.009614914381508008, -0.10212309425171029], [-0.09970526967718624, 0.04813956640308311, 0.3074095304716157], [0.024092159652198058, 0.3230314437444379, -0.04277186312675167]]	0.5128547587520289	0.8414499607472545	[[-0.3855392932155818, 0.10237918467749624, -0.031931492352193336], [-0.08786247793541876, -0.11758293432183413, 0.2973776053221491], [0.11346849469836508, 0.4259127743674705, -0.24082290562600905]]	[[0.10138807189009158, 0.08728751815265137, 0.12836194571484358], [0.06863591830946009, -0.19314328296136218, -0.18513549217972775], [0.07565319807611164, -0.08112063566541652, -0.17368775815171553]]	1.0000000000000002	[[0.0, 0.0, 0.0], [0.0, 0.0, 0.0], [0.0, 0.0, 0.0]]
3	[[0.4863417937448936, 0.8226223794475465, -0.29455743156310954], [-0.6786221941306434, 0.14325991665360527, -0.7203808117334284], [-0.5504031043610768, 0.5502445066626823, 0.6279230889187231]]	0.4832664352615517	0.5167335647384482	[[0.2350326649818036, 0.3975457848819913, -0.1423497199313024], [-0.3279553286468887, 0.06923270923705488, -0.34813586691723697], [-0.26599134620146936, 0.2659147012571257, 0.3034541528001737]]	0.6612957909630114	0.5603739666127721	[[0.32639321321354253, 0.4436245633358217, -0.16924669994184188], [-0.33663978266501643, 0.07874647641294213, -0.4657825536266317], [-0.23003836953790677, 0.24010746330329824, 0.5183427356075245]]	[[0.004777432040643314, -0.100372153744818, 0.02554288974771772], [0.11213021796766164, -0.015990703483798795, 0.010602245063201987], [0.13394088670904833, -0.12376691295325225, 0.10309983985708025]]	0.9453685110696063	[[0.6646803743153546, 0.6646803743153545, 0.0], [-0.7071067811865475, 0.7071067811865476, 0.0], [0.0, 0.0, 0.94]]
3	[[0.6724379315615234, 0.726914486201285, 0.13936483755948603], [-0.3270676168278158, 0.46074031506667057, -0.825072806541846], [-0.6639683744123911, 0.509228526128483, 0.547569453089907]]	0.4926141208598884	0.5073858791401117	[[0.3312524204890216, 0.3580883405603635, 0.06865308693314737], [-0.16111812652537338, 0.2269671852512759, -0.4064425152400123], [-0.3270801970399293, 0.2508531627155594, 0.2697404447436144]]	0.6835430239746424	0.48258668928523785	[[0.4058608461753229, 0.3714059150074191, 0.03930592165900204], [-0.13614322367436166, 0.4056996370098256, -0.5919933347543247], [-0.3499907225274246, 0.24421937870206473, 0.39319714753066337]]	[[-0.053779410999494376, -0.12547141106158066, -0.05595594084214388], [0.08742156417630323, 0.09076380878212408, -0.02802057357146628], [0.10386022794194882, -0.1038602279419488, 0.01890986772944725]]	0.7979743550076919	[[0.8305839999999999, 0.0, 0.0], [0.0, 0.7071067811865476, -0.7071067811865475], [0.0, 0.5873115787450472, 0.5873115787450474]]
3	[[0.3150175355465583, 0.07704224194745776, 0.9459537225752019], [0.010291163786529306, 0.9963639725302899, -0.08457497378999636], [-0.9490300544482728, 0.036377564505737925, 0.3130792688035079]]	0.5496548351478165	0.4503451648521834	[[0.17315091156951495, 0.042346640797048106, 0.519948037439536], [0.005656587934563955, 0.5476562750683601, -0.04648704327617135], [-0.5216389581280888, 0.01999510422148043, 0.1720855338823911]]	0.8081864404473352	0.29037661450835056	[[0.09525536062073924, 0.03950860141497012, 0.7610506895341046], [-0.0222522034681336, 0.9532150349530688, -0.0655339889379231], [-0.7687515534695427, 0.035839952513091376, 0.0988714703654981]]	[[-0.1593375401111256, -0.022755893868628148, -0.0034562823418538887], [-0.030569382496829237, 0.1479671826038471, 0.0028183580803407336], [-0.001758331887452256, 0.00644009814305571, -0.1541549494666634]]	0.3351949402668269	[[0.0, 0.0, 0.8835999999999999], [0.0, 1.0, 0.0], [-0.8835999999999999, 0.0, 0.0]]
3	[[-0.26061641159578686, 0.214194633552232, 0.9413818274028666], [0.3269392317606362, 0.9370465383592396, -0.12269687724115588], [-0.9083995953008238, 0.27579783158391824, -0.31423833526625644]]	0.5550039924857617	0.44499600751423857	[[-0.1446431489429742, 0.11887887679051345, 0.5224706726621331], [0.1814525789273809, 0.5200645699343402, -0.0680972567343769], [-0.5041654021644073, 0.15306889764799034, -0.17440353066485165]]	0.7876341629309649	0.33170146987626614	[[-0.09201768956433809, 0.12273229662326249, 0.723317911392386], [0.29959477529579537, 0.8605863574449223, -0.03697953134050791], [-0.6687960606139921, 0.16234199865380508, -0.13013266456012412]]	[[0.1132526996289813, -0.04597471427895454, -0.01814657623249287], [0.042086267158713886, 0.12253649157698428, 0.059660720859573274], [0.04669049423759953, -0.054885795563969615, 0.11737218359813367]]	0.4873957940310699	[[0.0, 0.0, 0.8835999999999999], [0.0, 1.0, 0.0], [-0.8835999999999999, 0.0, 0.0]]
3	[[-0.11776339373586858, 0.36921076657559443, 0.9218542145808483], [-0.35654034849298993, -0.8821364675726786, 0.30775677486433006], [0.9268283352338275, -0.29243574067315803, 0.235521919541756]]	0.6551838589223136	0.34481614107768654	[[-0.0771566747476542, 0.24190093480066352, 0.6039840016728787], [-0.2335994813871436, -0.5779615749203657, 0.20163727136509743], [0.6072429652370427, -0.19159917706104462, 0.15431016010615833]]	0.8140622747004441	0.27587646559998247	[[-0.041628848346980926, 0.2629999663721684, 0.7442027596045755], [-0.3165343510673168, -0.7651129377674292, 0.250533180200529], [0.7372896237946237, -0.2380609042561002, 0.05887208191827322]]	[[0.0542378878340843, -0.03756059011025475, -0.006243979259301148], [-0.026288303950624342, -0.04699891837899987, 0.0], [-0.01720635904265182, 0.0, -0.13285742764570366]]	0.5377850089327239	[[0.0, 0.0, 0.94], [0.0, -1.0, 0.0], [0.94, 0.0, 0.0]]
3	[[0.5977334925608182, 0.6122861497964367, -0.5175136158967237], [0.8005212526413146, -0.4209281575567265, 0.4265972459422119], [0.04336353238179311, -0.669272109790446, -0.7417509333435437]]	0.4368689715646332	0.5631310284353668	[[0.26113121616478097, 0.2674888205648383, -0.22608564114749635], [0.34972289635704296, -0.18389045129440312, 0.18636710010707902], [0.01894418179504367, -0.2923842183010445, -0.32404796740690084]]	0.6485556084979532	0.5527135639647174	[[0.4823404290559753, 0.3434636112085698, -0.23512013882896324], [0.5888758260399164, -0.20765692019930712, 0.11823095514663097], [0.05217853947972494, -0.2644557842089917, -0.3875301575032898]]	[[0.09467702006858696, -0.05363800524752712, 0.10051621923491241], [0.06969327791758498, 0.06533839715881795, -0.15844108127897127], [0.024054877349230414, 0.16960439620685996, 0.09353657042525683]]	0.7389619606394838	[[0.6247995518564334, 0.6247995518564333, 0.0], [0.7071067811865475, -0.7071067811865476, 0.0], [0.0, 0.0, -0.8835999999999999]]
3	[[-0.6444901429183796, 0.6254792214998769, 0.43978199048273264], [0.6024876936975031, 0.7695704867721718, -0.21158885800605393], [-0.47078767467310584, 0.12859630383938042, -0.8728241266227346]]	0.5125049003327569	0.48749509966724314	[[-0.3303043564618284, 0.3205611660750048, 0.22539042520049438], [0.3087778954101513, 0.3944086456222029, -0.10844032658391452], [-0.24128099028623048, 0.06590623588236258, -0.44732664202281014]]	0.7704312390222537	0.3947466584932019	[[-0.36324892673093395, 0.4613969516222434, 0.31479357757819815], [0.48553698643778886, 0.7499374190034374, -0.11816748804613325], [-0.3298389589152323, 0.06182526121636656, -0.5137115587003575]]	[[0.13328641261530266, -0.020491779980581534, -0.024028206249086612], [0.021361646086761367, 0.1570362753645942, 0.04484717799077458], [0.03287057259957428, -0.03724934848428951, 0.15873941462211247]]	0.5086284649946637	[[-0.6247995518564334, 0.6247995518564333, 0.0], [0.7071067811865475, 0.7071067811865476, 0.0], [0.0, 0.0, -0.8835999999999999]]
3	[[-0.9945741148769375, -0.05571399045578551, -0.08785374940347358], [0.04382460725063632, 0.541520885874493, -0.8395442418128012], [0.09434900007993284, -0.8388391272640996, -0.5361410120059088]]	0.36426933884345825	0.6357306611565418	[[-0.36229285525703964, -0.020294898467659736, -0.032002427210122204], [0.015963960708263523, 0.19725945506742543, -0.3058202258949816], [0.03436844787965851, -0.3055633742845171, -0.19529973197025502]]	0.5541883695247225	0.7604140885727886	[[-0.514983139589827, -0.031648757125345345, 0.10808455257198378], [0.061424808760799254, 0.11344850075760156, -0.2847370694572551], [0.18303397050984943, -0.3273001118230998, -0.4039130936739842]]	[[0.036198267505316975, -0.0007727115949376362, 0.15677207871052837], [0.037137721123507786, -0.18665607604876697, 0.18052858505685054], [0.13074685198926356, 0.13757477640893273, -0.1067899803950949]]	0.9786411985536748	[[-0.94, 0.0, 0.0], [0.0, 1.0, 0.0], [0.0, 0.0, -0.94]]
3	[[0.8082379753195112, 0.5598220322729544, 0.18262165105265082], [0.5142410611933297, -0.8221198924002462, 0.24428469764306882], [0.2868928480010876, -0.10352861779037982, -0.95235199325892]]	0.6198306934249729	0.38016930657502723	[[0.5009707046946887, 0.34699487845832283, 0.11319450460637799], [0.31874239354705547, -0.5095751429849086, 0.1514151535332132], [0.17782499291517953, -0.06417021495434011, -0.5902969963663315]]	0.8125057622998022	0.30289967650574573	[[0.5763710916911452, 0.4955228186937199, 0.14029926544732568], [0.37211282180561295, -0.7378033772439593, 0.16293703800943551], [0.17458488642345085, -0.057526454292380805, -0.6898112883909222]]	[[-0.0803269205654828, 0.040664191609558566, -0.008081878353656837], [-0.045711003625132696, -0.06982622736746594, -0.035545686467222816], [-0.0585172057400341, 0.026591144225236618, 0.08398019386965251]]	0.41098148776153476	[[0.6247995518564334, 0.6247995518564333, 0.0], [0.7071067811865475, -0.7071067811865476, 0.0], [0.0, 0.0, -0.8835999999999999]]
3	[[-0.19118987636437412, 0.26283917413924524, 0.945707142678734], [0.07907792122591596, 0.9644731457555763, -0.2520679144415871], [-0.9783624653217047, 0.026591721534022325, -0.20518227700143543]]	0.601001422039004	0.39899857796099647	[[-0.11490538757445018, 0.15796671742524374, 0.5683713375823624], [0.04752594310866383, 0.5796497321175327, -0.15149317502979984], [-0.5879972329279303, 0.015981662456412617, -0.12331484025506352]]	0.8236961597893706	0.28226275150021723	[[-0.09104828586699934, 0.18831267558945725, 0.7047850894916556], [0.06621377251766286, 0.9078388058134719, -0.15628303241195396], [-0.7585525722926615, 0.0, -0.1152824672619116]]	[[0.06643408108494019, -0.028186942791248677, -0.0741902522181959], [0.001077592479749515, 0.11340597943462988, 0.05134434071969697], [0.04732083327488793, -0.021903498909762502, 0.05372538636100964]]	0.37040147391796735	[[0.0, 0.0, 0.8835999999999999], [0.0, 1.0, 0.0], [-0.8835999999999999, 0.0, 0.0]]
3	[[-0.9354158387137099, -0.0645142516937865, 0.34761346350784095], [-0.3448283291114701, 0.383514201978592, -0.8567439992920377], [-0.07804250204675633, -0.9212788764587595, -0.3809916005178692]]	0.3679225275108455	0.6320774724891544	[[-0.3441605596532256, -0.023736246543648802, 0.12789482409060393], [-0.12687011040403376, 0.14110351452826847, -0.3152154176492765], [-0.028713594606312932, -0.3389592527690588, -0.14017539262293677]]	0.5669436848746869	0.7132926227491794	[[-0.48841371207206713, -0.07849033800063772, 0.30742123169469593], [-0.17633073910811087, 0.06646077786004016, -0.4579447236500947], [0.1627248430556057, -0.3153426942739066, -0.2983510326553419]]	[[0.04191439041842941, -0.041914390418429384, 0.110343973781508], [0.019167504447527347, -0.15097017701147775, 0.027780876302809423], [0.20697054674283402, 0.206970546742834, -0.08235025075143641]]	1.0	[[0.0, 0.0, 0.0], [0.0, 0.0, 0.0], [0.0, 0.0, 0.0]]
