3	[[0.1093031896461408, 0.1859596356180152, -0.9764588197430523], [-0.9647495672926553, -0.21674161245263301, -0.1492693734162066], [-0.23939733737411129, 0.9583538424570789, 0.15571392842625953]]	0.5905728801713809	0.40942711982861923	[[0.06455149952124006, 0.10982271760255174, -0.5766700975444017], [-0.569754930600117, -0.1280017183191407, -0.08815444377978648], [-0.14138157503838866, 0.5659777889631868, 0.09196042319349634]]	0.7800702106641911	0.3677538174268827	[[0.09847905442193344, 0.08934077094951, -0.8121801746285565], [-0.6636388799746367, -0.07069241689464129, -0.06963520718658818], [-0.1403276240812295, 0.6439333162117149, 0.1589759781360982]]	[[0.013214892248400324, -0.055720801182071324, -0.050473737406686196], [0.08893351822153214, 0.09838125839098055, 0.04680538437990391], [0.046419107316639896, -0.10364996756461572, 0.037508181185277156]]	0.5840914086974213	[[0.0, 0.0, -1.0], [-0.7071067811865475, -0.7071067811865476, 0.0], [-0.7071067811865476, 0.7071067811865475, 0.0]]
3	[[-0.07673908792314688, -0.9932055702045202, -0.08748604288363548], [-0.7029605032121287, -0.008330385140834728, 0.7111801006827707], [-0.7070768298484077, 0.11607454500500591, -0.6975450212663026]]	0.5594713108900355	0.4405286891099645	[[-0.04293331811686862, -0.5556700223456082, -0.04894593109668941], [-0.39328623423600867, -0.004660611494961768, 0.39788486320789734], [-0.3955892008952592, 0.0649403778549151, -0.390256427452676]]	0.7288322936208483	0.4486714817446072	[[-0.07235284952010326, -0.7955696012508877, -0.03297808324908352], [-0.4946307338212256, 0.06746782952924235, 0.3281797162405738], [-0.42584143559681925, 0.027240848810911683, -0.5083933377533228]]	[[-0.01642292405870428, -0.07168930748172475, 0.030784570045608445], [0.017709582059735877, 0.07353928323818203, -0.19015130771755576], [0.08949899206775404, -0.05735802805608315, 0.0]]	0.7786455582080001	[[-1.9967346175427393e-16, -1.0, 0.0], [-1.0, 1.7938038903913487e-16, 0.0], [0.0, 0.0, -1.0]]
3	[[-0.7969422360492981, -0.5496472174344235, -0.2505414312391083], [-0.20133618011619125, -0.14934722918147175, 0.9680698051855754], [-0.5695145432532569, 0.8219387699229261, 0.008357243601908652]]	0.37352409099381984	0.6264759090061803	[[-0.2976771242948963, -0.20530647725947554, -0.09358326035987855], [-0.07520391366206836, -0.05578478802245494, 0.3615973940005064], [-0.21272740207643331, 0.3070139318880394, 0.0031216318196168324]]	0.566327623678572	0.762624152935997	[[-0.2935050980477625, -0.21800014866766626, -0.0294219521766923], [-0.03627256440963181, -0.2796614196499877, 0.5017578556966924], [-0.2132501479990319, 0.320030271438658, -0.17596880736844855]]	[[0.1578253047031241, 0.09328025384351017, 0.11246658120998021], [0.07774967603609173, -0.19508195824466573, -0.04648681662903258], [0.10928166993197236, -0.14545635894108133, -0.18070174527802044]]	1.0000000000000002	[[0.0, 0.0, 0.0], [0.0, 0.0, 0.0], [0.0, 0.0, 0.0]]
3	[[-0.7906551711763438, -0.6122537057691856, -0.0031305053914775782], [0.21569187232512302, -0.27374870521795946, -0.9373039328864322], [0.5730108345441554, -0.7417594260697941, 0.3484989775187588]]	0.45074288904748905	0.549257110952511	[[-0.35638219609636224, -0.27596900416843406, -0.0014110530443333172], [0.0972215776758881, -0.12339028226295243, -0.42248308262480416], [0.25828055901794533, -0.3343427866849063, 0.15708343595690127]]	0.6594224830258282	0.5853172047085046	[[-0.35454192864035744, -0.41649291685751944, 0.13322617745900575], [-0.024601797536835737, -0.33567422447310397, -0.464915010406614], [0.4837827145738676, -0.5936974813409948, 0.09843398172365557]]	[[0.16683386755395838, -0.012759057957438267, 0.1352905030973796], [-0.16683386755395838, -0.15515817355317163, 0.15316427636723123], [0.10592648725805882, -0.10456463879423793, -0.13137407936372664]]	0.8241806917856832	[[-0.4999999999999999, -0.5, 0.7071067811865476], [-0.5, -0.5000000000000001, -0.7071067811865475], [0.7071067811865476, -0.7071067811865475, 0.0]]
3	[[-0.46302331253993745, -0.17599259499966094, -0.8686978868109609], [0.02399014622745857, 0.9772413149034422, -0.2107697448159405], [0.8860213794985587, -0.11843149475995327, -0.44826342268848407]]	0.5921488102601656	0.40785118973983453	[[-0.2741787036432448, -0.1042138057436484, -0.5143984201506306], [0.014205736546556958, 0.578672281957153, -0.12480705363159787], [0.5246565057351422, -0.07012906871943934, -0.2654386524281356]]	0.8264550138122548	0.2984055487935649	[[-0.32580352119560696, -0.1385606095955769, -0.6168027950992215], [0.057672674058102474, 0.9187175125216395, -0.1385606095955769], [0.6503076750312041, -0.057672674058102474, -0.32580352119560696]]	[[0.056864416964983004, 0.006889352935722483, 0.10113692894380781], [0.037845897426330176, 0.11107152811520897, 0.035631102767486676], [-0.08194913640023047, 0.04020562857954067, 0.044666031993932806]]	0.5177252348370114	[[0.0, 0.0, -1.0], [0.0, 1.0, 0.0], [1.0, 0.0, 0.0]]
3	[[-0.09505120117050858, 0.5452103891734319, 0.8328930907946102], [-0.8397020396470369, 0.4054655520987933, -0.361245305400398], [-0.5346641504427332, -0.7337188273436738, 0.41927428806543177]]	0.5835013707495166	0.4164986292504834	[[-0.05546250617437977, 0.3181310094295749, 0.48599426016645664], [-0.4899672911552109, 0.2365897054413555, -0.21078713087795997], [-0.3119772646739606, -0.42812594149976163, 0.24464712180620715]]	0.7705496104041316	0.42592660199676136	[[-0.04629000923501375, 0.4026436451735392, 0.6986466116210752], [-0.6757084373546931, 0.19385748563313276, -0.20564526367347888], [-0.32532855211949263, -0.4787100558546328, 0.21617233112757883]]	[[0.026951656795366354, -0.017468007792333748, 0.05686116500099511], [-0.02867635784911428, -0.11857383756888852, 0.07271216566311939], [0.08665670070121134, 0.08665670070121131, -0.10689930819370927]]	0.6243062202427883	[[0.0, 0.0, 1.0], [-0.7071067811865475, 0.7071067811865476, 0.0], [-0.7071067811865476, -0.7071067811865475, 0.0]]
3	[[-0.7823064473600231, -0.6191382563410173, -0.06829671993547412], [0.4516132128936376, -0.48825713387833247, -0.7467599863120696], [0.42900131510151085, -0.6150388530425709, 0.6615777209740769]]	0.4817546284732318	0.5182453715267683	[[-0.37687975190014184, -0.2982727206571314, -0.0329022609384547], [0.21756675559117694, -0.23522013413096107, -0.35975507976444676], [0.20667336917125625, -0.2962978141441264, 0.31871812917403386]]	0.6717699812854463	0.5578004969000976	[[-0.3931460829687843, -0.49081376677462796, 0.04057627035086327], [0.1709962950400769, -0.43830496327173196, -0.37125865642206524], [0.3260997761191177, -0.438357248704221, 0.2824015499120912]]	[[0.13238390453374232, -0.07489527189931898, 0.0864559566237741], [-0.13238390453374232, -0.11030847758379884, 0.1303922856075138], [0.037909570701944006, -0.02519260990599088, -0.1620265033255326]]	0.8263549660662386	[[-0.7071067811865476, -0.7071067811865475, 0.0], [0.7071067811865475, -0.7071067811865476, 0.0], [0.0, 0.0, 1.0]]
3	[[-0.14788840876935622, -0.1760303547303998, -0.9732123780373726], [0.7447065518890947, -0.66734943231379, 0.007542331464318042], [-0.6508004072871522, -0.7236422109053288, 0.22978420413710982]]	0.7166399509869151	0.283360049013085	[[-0.10598274201200429, -0.126150384786203, -0.6974428708965618], [0.5336864668454354, -0.47824926446450006, 0.005405136050915953], [-0.46638957198052916, -0.5185909185552576, 0.1646725407903857]]	0.8874762639468284	0.19118835741035428	[[-0.08547312119815689, -0.15622276155737014, -0.796953480531757], [0.7161682669816641, -0.6373694570789187, -0.005070952570862898], [-0.549829329888691, -0.575191814473814, 0.18655593500514311]]	[[0.04577433129751276, 0.0, 0.06674940475565891], [0.055258878574405486, -0.0451126761420396, -0.011764592720264484], [0.027740584145585143, 0.06702347129466997, -0.017372091996454453]]	0.2375617065985756	[[0.0, 0.0, -1.0], [0.7071067811865475, -0.7071067811865476, 0.0], [-0.7071067811865476, -0.7071067811865475, 0.0]]
3	[[-0.8454278191407976, -0.5275798211578228, 0.08313443889216068], [0.5338434264073765, -0.8300116656812779, 0.16152965955087792], [-0.016217234797175482, 0.18094244151129993, 0.9833599718086266]]	0.7441801636937811	0.2558198363062189	[[-0.629150612839475, -0.3926144376707643, 0.061867000343358784], [0.39727568845069056, -0.6176782172344412, 0.12020716848597308], [-0.012068544446022525, 0.1346537757430316, 0.7317969847904557]]	0.8643099758403308	0.2197555503016317	[[-0.6797091874578515, -0.4200206265303946, 0.04641662750555985], [0.5063527783015309, -0.7296571599834787, 0.14631257255681432], [0.025727499872406315, 0.09636460003118708, 0.7930827755444556]]	[[0.051002510478474906, 0.03597187594836926, -0.025437297364823006], [0.04494657932085187, -0.012269797271300705, 0.006700876412898183], [0.03974421768815002, -0.060025757219935014, -0.05684505793180675]]	0.28528202001456016	[[-0.7071067811865476, -0.7071067811865475, 0.0], [0.7071067811865475, -0.7071067811865476, 0.0], [0.0, 0.0, 1.0]]
3	[[-0.328472184202533, 0.6350926635744277, -0.699116108296151], [0.7870892180276409, -0.22510676047337688, -0.5742974048816677], [-0.522107830883481, -0.738907473952673, -0.4259332786564415]]	0.48539357589778975	0.5146064241022102	[[-0.159438288073025, 0.3082698989988434, -0.3393464677736151], [0.38204805008903164, -0.10926537542493962, -0.2787602709843334], [-0.25342778703677127, -0.35866094103949075, -0.20674527722091987]]	0.6442750016011344	0.6015341493439481	[[-0.24013393471139993, 0.2958272022699012, -0.29733043835440875], [0.5036271223829505, -0.020860595747015993, -0.16999999381755465], [-0.442797368617992, -0.37779991393060397, -0.29225327096790843]]	[[-0.02850751770838492, -0.11334712457138181, 0.15309259343747267], [-0.003474784822043206, 0.12417006271739509, 0.20000546763210908], [-0.10641634503957247, 0.09825970003334457, -0.01783510717955322]]	0.8327549328502112	[[0.0, 0.0, -1.0], [0.7071067811865475, -0.7071067811865476, 0.0], [-0.7071067811865476, -0.7071067811865475, 0.0]]
3	[[0.045438286595317165, 0.914755726437795, 0.40144404723515764], [0.8006341574927736, -0.2736772949406891, 0.532996889380964], [0.597428077652129, 0.29719135112450484, -0.7448201077103603]]	0.6087884012101425	0.3912115987898574	[[0.02766230185009133, 0.5568926761958879, 0.24439447969162062], [0.48741678869425514, -0.16661156283445874, 0.32448232413621636], [0.36370728423188853, 0.1809266475045694, -0.45343784256215647]]	0.8018316773550236	0.33522822331498525	[[-0.07885654872337622, 0.7542540221100089, 0.31693620610367035], [0.5874133101001207, -0.3421163876115078, 0.41800759711903535], [0.44525014186303646, 0.2511668851091471, -0.4507131279057498]]	[[-0.1152904062802376, 0.020773903610278654, -0.004954347655085466], [-0.05456051935003608, -0.12267326315522957, -0.009366192718312995], [-0.033786615739757435, 0.012869445541579599, 0.14650722838739777]]	0.7347040277275407	[[1.9967346175427393e-16, 1.0, 0.0], [1.0, -1.7938038903913487e-16, 0.0], [0.0, 0.0, -1.0]]
3	[[-0.21951259035361326, -0.17809212642501718, -0.9592170855346885], [-0.39870436216914484, 0.9137219002469867, -0.0784035751501837], [0.8904207175619522, 0.3652334643956531, -0.27157956885967516]]	0.700766888838987	0.2992331111610132	[[-0.15382715500308858, -0.12480106536157878, -0.6721875727513442], [-0.2793988154438044, 0.640306053300128, -0.054942629431847946], [0.6239773560036673, 0.25594351854442676, -0.19031396954202798]]	0.8645714000552169	0.227154869823482	[[-0.10435538289581442, -0.12665958769108823, -0.8405581514639254], [-0.3565529662271242, 0.839138701639179, -0.022847310561660426], [0.7479555427885547, 0.25536303571172353, -0.1462696244908845]]	[[0.0854289246759563, 0.027313771390999532, -0.011246492866315076], [-0.011844577618424374, 0.049160879081528414, 0.044938178175268316], [-0.021876743632153212, -0.06040737194784347, 0.08853030358451704]]	0.47421073123251756	[[0.0, 0.0, -1.0], [-0.7071067811865475, 0.7071067811865476, 0.0], [0.7071067811865476, 0.7071067811865475, 0.0]]
3	[[-0.4889737104017652, -0.6675742726348228, 0.5614706591194402], [-0.8352955409727327, 0.5438241864302344, -0.08084932581391074], [-0.2513683945268397, -0.5085271327761987, -0.8235375434449957]]	0.6126957973273088	0.3873042026726914	[[-0.2995921373667022, -0.4090199512471909, 0.3440107131650749], [-0.5117820674802341, 0.3331987935107477, -0.049536042142929414], [-0.15401235890750753, -0.3115724370788832, -0.5045779918100048]]	0.8069837403291685	0.35618078920686624	[[-0.3390929507170199, -0.40448075949524603, 0.4727214339007928], [-0.7650841893062429, 0.4943581590725658, -0.03014595653610431], [-0.1677520724035102, -0.39074938634710116, -0.5147917020512429]]	[[0.055500883025628195, 0.13424082398312734, 0.01962374131950331], [-0.0910142693717908, 0.055500883025628195, 0.035098134812296976], [0.03509813481229698, 0.019623741319503302, 0.1497897050594949]]	0.6192532790929965	[[-0.7071067811865476, -0.7071067811865475, 0.0], [-0.7071067811865475, 0.7071067811865476, 0.0], [0.0, 0.0, -1.0]]
3	[[-0.9404471891782326, -0.16511750794278138, -0.2971452387932999], [-0.33967856319298195, 0.4221845412224513, 0.8404633762752188], [-0.01332509189135525, 0.8913452875982203, -0.45312914296316575]]	0.3836994332695119	0.6163005667304883	[[-0.36084905350759333, -0.06335549422051934, -0.11401445972372296], [-0.13033447219094926, 0.1619919692022035, 0.322485321160582], [-0.005112830206977156, 0.3420086816988872, -0.17386539535286633]]	0.5658893212878918	0.7684452979249874	[[-0.4695672780876524, -0.08323560624520038, -0.014812565691862498], [-0.18408940177123123, 0.05184889068797732, 0.287276144347692], [0.143726666159112, 0.3881299398737229, -0.38505091993169616]]	[[0.06262174350352301, 0.010202628257288252, 0.15333875181280654], [0.008131069810091596, -0.18706083280263552, -0.18833310522002156], [0.15126719336560987, -0.11627283995839482, -0.1286299767645062]]	1.0000000000000002	[[0.0, 0.0, 0.0], [0.0, 0.0, 0.0], [0.0, 0.0, 0.0]]
3	[[0.39962180205666736, -0.8574648204204427, -0.3241242000565831], [-0.742889895952614, -0.510089041811326, 0.433501755377666], [-0.5370447074615821, 0.0675518405770078, -0.8408446533231704]]	0.5932382504238134	0.4067617495761867	[[0.23707093868330878, -0.508680929866193, -0.19228287336158542], [-0.4407107021324575, -0.3026043307245104, 0.2571698229158985], [-0.3185954626538776, 0.04007433571681247, -0.4988212110156554]]	0.7986045716052563	0.3333106092931424	[[0.26071496149241374, -0.7957185985689064, -0.1956883610804243], [-0.6116095008819304, -0.4345755222043224, 0.1993105852884399], [-0.2783214783984057, -0.000329650434278855, -0.6998507212330787]]	[[-0.05842483654317163, -0.1109432729904607, 0.06315870685265963], [-0.018334233774819755, -0.02721608148805264, -0.1468858983550677], [0.15056488013682123, -0.054276859139426745, -0.028348337079357785]]	0.6198959330464856	[[0.7071067811865476, -0.7071067811865475, 0.0], [-0.7071067811865475, -0.7071067811865476, 0.0], [0.0, 0.0, -1.0]]
3	[[0.5316565726284, 0.12413974256263854, 0.8378129941087711], [-0.8431913025942939, 0.17079270063273144, 0.5097629651513687], [-0.0798105006271736, -0.9774554607382677, 0.19547661308345798]]	0.6584272291192598	0.3415727708807403	[[0.3500571639587599, 0.08173698671909634, 0.5516388882311487], [-0.5551801129846201, 0.11245456463140455, 0.3356418166522334], [-0.052549406782570814, -0.6435832906013869, 0.12870712471015883]]	0.8013014519489848	0.34822678506860305	[[0.3625484887414799, 0.007717751409694173, 0.6406483085634395], [-0.5953436693640347, 0.1510966732613561, 0.3261958763724777], [0.03801343996495699, -0.8000745307366885, 0.1700391529522162]]	[[-0.06346869484387785, -0.09175560455032128, -0.03069246007764504], [0.08030674567552867, 0.01424023426206021, -0.08227792775313375], [0.10196570999828646, -0.016838050831650807, 0.013403459066371373]]	0.5844144441735387	[[0.0, 0.0, 1.0], [-1.0, -1.7938038903913487e-16, 0.0], [1.9967346175427393e-16, -1.0, 0.0]]
3	[[-0.10494230950179255, 0.25078566681139447, 0.9623376024028126], [-0.014608284002347344, -0.9679651692114681, 0.2506591894025037], [0.9943710121051078, 0.012246653231707691, 0.1052440486188438]]	0.8534340780446794	0.14656592195532045	[[-0.08956134315754172, 0.21402903434200263, 0.8212917044743718], [-0.012467207389358151, -0.8260944617653515, 0.21392109421115246], [0.8486301079502777, 0.010451711209935339, 0.08981885760271237]]	0.9164936671841931	0.14590597015586518	[[-0.08052544505082274, 0.2386864225893046, 0.8206074015583713], [0.002265117250674213, -0.8961970825525625, 0.22972755970891787], [0.9111145476465885, 0.011223980131060934, 0.0839496882967797]]	[[0.015653517027253715, 0.00884294713609648, -0.06136891673702644], [0.015653517027253715, -0.009063134915375953, 0.0], [-0.00022018777927947097, 0.0, -0.012505815771215963]]	0.27445621924199665	[[0.0, 0.0, 1.0], [0.0, -1.0, 0.0], [1.0, 0.0, 0.0]]
3	[[-0.6423177830836196, 0.6472169826683319, -0.4105338510771609], [0.6354509445700302, 0.7491834873395028, 0.186885524701293], [0.4285206676224623, -0.14083422752840047, -0.8924885196891207]]	0.6155068326436215	0.38449316735637845	[[-0.3953509842164715, 0.3983664750353468, -0.2526863903694914], [0.39112439819269684, 0.4611275553612401, 0.11502931737583413], [0.26375739885063193, -0.08668442931381692, -0.5493327819246452]]	0.8401833165079009	0.27563723892206393	[[-0.45751238187866017, 0.5578605964671235, -0.2972923434446504], [0.5194923307486151, 0.7320565207432898, 0.09328728973523208], [0.31318499946999123, -0.05491902401672371, -0.6640667959499881]]	[[0.0821523033645378, 0.014079685468607783, 0.04763134909211932], [-0.014402951338311194, 0.1026050536774314, -0.06373081021561953], [-0.04685091624522902, 0.06340754434591613, 0.08578716846764446]]	0.4653904883044505	[[-0.7071067811865476, 0.7071067811865475, 0.0], [0.7071067811865475, 0.7071067811865476, 0.0], [0.0, 0.0, -1.0]]
3	[[0.4863417937448936, 0.8226223794475465, -0.29455743156310954], [-0.6786221941306434, 0.14325991665360527, -0.7203808117334284], [-0.5504031043610768, 0.5502445066626823, 0.6279230889187231]]	0.5249414086078353	0.47505859139216455	[[0.2553009462733058, 0.43182855061952435, -0.1546253930406448], [-0.3562368904994799, 0.07520306244518458, -0.3781577180454018], [-0.288929380905429, 0.2888461264062319, 0.3296228307943776]]	0.7154923771347624	0.5140400303389687	[[0.3854988359363565, 0.49628008147859626, -0.19674009701097173], [-0.3466116148072426, 0.08858631845583928, -0.4530085326582727], [-0.2859031997765089, 0.30334006598691904, 0.5884492308805596]]	[[0.03752498982983831, -0.09229996027658323, 0.0140134999008276], [0.13893739204769964, -0.013915059858776653, 0.062418446771147815], [0.10790602574515062, -0.09035568409050813, 0.13917504733229957]]	0.9302370955918734	[[0.7071067811865476, 0.7071067811865475, 0.0], [-0.7071067811865475, 0.7071067811865476, 0.0], [0.0, 0.0, 1.0]]
3	[[-0.7229741855265539, 0.37453352207805324, 0.5805454055472524], [0.6255107660641113, -0.0019251384381000977, 0.7802131602196173], [0.2933336131439832, 0.9272113754057388, -0.23288292491742163]]	0.5214683294829542	0.47853167051704554	[[-0.3770081407858315, 0.1953073700934095, 0.3027360428197299], [0.32618405425305513, -0.001003898725339486, 0.40685645330034037], [0.15296418922739205, 0.483511367010423, -0.1214410698217921]]	0.7426406006944142	0.46095359154433313	[[-0.5318260495465136, 0.2815974042897017, 0.5832196489721136], [0.35798525799049546, -0.10888498931674301, 0.584017531705727], [0.39767467998402595, 0.5076296780049332, -0.17327660326448843]]	[[0.005083933879481262, 0.0034536044734615745, 0.1520830602661198], [-0.10654443306017927, -0.10745530335065248, 0.004599561730543133], [0.1798332293149154, -0.1809551347970787, -0.00032828801234224174]]	0.5588120850414657	[[-0.4999999999999999, 0.5, 0.7071067811865476], [0.5, -0.5000000000000001, 0.7071067811865475], [0.7071067811865476, 0.7071067811865475, 0.0]]
3	[[-0.4173896908511048, -0.2512754656216099, -0.8732963336393107], [0.3950375357134564, 0.8152827950674679, -0.42339025667156843], [0.8183710596964306, -0.5217035599299856, -0.24102739306502285]]	0.6301946067167916	0.3698053932832085	[[-0.2630367320735552, -0.15835244323498915, -0.5503466395250414], [0.2489505244573122, 0.5137868204005095, -0.26681825629086053], [0.5157330281137961, -0.3287747697728275, -0.15189416318058563]]	0.781513097008524	0.36217601230824154	[[-0.21749777672526982, -0.19183196599685623, -0.6127670096857794], [0.3295633431028742, 0.6486172742486419, -0.2105286987514391], [0.6459926169005019, -0.43853588743381555, -0.1723598709370906]]	[[0.10869773323120743, 0.004543101343347056, 0.06972551262286755], [0.020836335132835535, 0.011463092137699185, 0.1203563319831922], [0.0064249155349968366, -0.03081772259256042, 0.01600619348104624]]	0.5685966076435298	[[0.0, 0.0, -1.0], [0.7071067811865475, 0.7071067811865476, 0.0], [0.7071067811865476, -0.7071067811865475, 0.0]]
3	[[0.607699742283575, 0.04436598313018672, -0.7929266566141968], [-0.48983361298617956, -0.764959691968786, -0.4182101161520675], [-0.6251112339555114, 0.6425483088483792, -0.443133857856411]]	0.5453419446581413	0.4546580553418586	[[0.33140415922517613, 0.024194631516886313, -0.4324161648892644], [-0.26712681506480657, -0.41716460600335065, -0.22806751801807565], [-0.34089937595294895, 0.3504085442841751, -0.24165947978727959]]	0.737635621021858	0.4566653019176201	[[0.4541278646727235, 0.036116256124014645, -0.5077949816955019], [-0.34170042890985525, -0.6009109776937086, -0.15971855731044257], [-0.4043351834041109, 0.4094926055059034, -0.23465294792137237]]	[[0.005866887878555497, 0.003390326605534094, 0.07709596508089676], [0.019618292402585683, -0.03664946025162397, 0.148768121435011], [0.05676912986240262, -0.06447391532801541, 0.09221837051435314]]	0.6507148603744947	[[0.0, 0.0, -1.0], [-0.7071067811865475, -0.7071067811865476, 0.0], [-0.7071067811865476, 0.7071067811865475, 0.0]]
3	[[-0.9811165986123564, 0.18418769307433647, 0.05903485112435114], [-0.17683959200596489, -0.7305894532589015, -0.6595201357699575], [-0.0783452527373813, -0.6575058513099433, 0.74936511585922]]	0.4550993052918921	0.544900694708108	[[-0.4465054824388276, 0.08382369116144678, 0.026866719734702477], [-0.08047957547001625, -0.33249075263170924, -0.300147155614922], [-0.03565487009369997, -0.29923045615650923, 0.34103554363750926]]	0.6653118946769498	0.604490409755001	[[-0.491463293645329, -0.03874298642099913, 0.11722095955308295], [-0.20940636288010858, -0.6840643349305413, -0.455187457990894], [0.02803951808157867, -0.34765410692691917, 0.28687060470095277]]	[[0.16128524947646244, -0.16128524947646242, 0.07794437089956922], [-0.09175287886872124, -0.19799448155186453, -0.016400866884184365], [0.08016354661923031, 0.08979235676928007, -0.21169092033615694]]	0.7341177237129762	[[-1.0, 0.0, 0.0], [0.0, -1.0, 0.0], [0.0, 0.0, 1.0]]
3	[[-0.09107681945440971, 0.026979593008170225, -0.9954783345302809], [0.1626680633668992, -0.9858035016183849, -0.04159996823788131], [-0.9824683781774002, -0.16572132559825775, 0.08539512938935634]]	0.8503865455632437	0.14961345443675633	[[-0.0774505018767227, 0.0229430828989201, -0.8465413820842568], [0.13833073248004024, -0.838314034345408, -0.03537605328535253], [-0.8354778902434018, -0.14092718560166395, 0.07261886908934097]]	0.9340579304963743	0.11367967098369874	[[-0.06568590188765146, 0.027456456752948482, -0.922941261350567], [0.14631065805264018, -0.9280233043530826, -0.027456456752948482], [-0.8737102392272127, -0.14631065805264018, 0.06568590188765146]]	[[0.019385123608126408, 0.0022559539421025485, 0.0068931716547645655], [-0.005630736573698798, -0.0072257257553347415, 0.011400323488041842], [0.04397214087129897, 0.008482660374784293, -0.014078095944240837]]	0.1903937647979399	[[0.0, 0.0, -1.0], [0.0, -1.0, 0.0], [-1.0, 0.0, 0.0]]
3	[[0.5859585634738876, 0.36139819833278886, -0.7252888418646962], [-0.7596467684279905, 0.5565829073689794, -0.33638111487062594], [0.28211584341991347, 0.748068719748733, 0.600669494335248]]	0.6074725139625641	0.392527486037436	[[0.3559537216313752, 0.21953947208276062, -0.4405930361165436], [-0.46146453214048927, 0.33810881796802683, -0.20434228149998918], [0.17137762063096396, 0.45443118580251973, 0.36489020778445524]]	0.7658828450167778	0.3881466043066497	[[0.36102126865144274, 0.20863962088536717, -0.4539215906942583], [-0.5296106557922616, 0.44959887586096714, -0.22681401541188534], [0.18252704852942742, 0.5477850503187798, 0.4521289679858386]]	[[-0.08775434300388243, -0.06814905943768695, 0.10156469097199902], [0.052189772419169174, 0.02332157527750338, 0.030814509855145278], [-0.03354063625332377, -0.025147949030438377, -0.007913493250430448]]	0.7845672299363802	[[0.0, 0.0, -1.0], [-0.7071067811865475, 0.7071067811865476, 0.0], [0.7071067811865476, 0.7071067811865475, 0.0]]
3	[[-0.7351688989075352, -0.09676064626795722, 0.6709426707349067], [-0.4070551462354579, -0.7284396683943796, -0.5510732777342012], [0.5420634630763377, -0.6782426017608253, 0.49613926991762536]]	0.5864390035139239	0.41356099648607614	[[-0.43113171648976356, -0.05674421697674413, 0.39346695124074926], [-0.2387130143335365, -0.427185433253213, -0.32317086385759686], [0.3178871571277941, -0.3977479155173095, 0.29095541905461797]]	0.8133422430381175	0.32020223386160535	[[-0.5715938436147138, -0.21298802117705457, 0.515875482880814], [-0.4864570185792993, -0.5638521638776482, -0.4622427823140287], [0.46197648572380506, -0.5165183797205457, 0.28057909834740974]]	[[0.026350077634603983, -0.1342885001036564, -0.029830533884700337], [-0.1553818728999431, 0.02861858993217903, -0.014031606523325958], [0.021093372796286695, 0.03512497931961265, -0.12295192830668585]]	0.5378711394444671	[[-0.4999999999999999, -0.5, 0.7071067811865476], [-0.5, -0.5000000000000001, -0.7071067811865475], [0.7071067811865476, -0.7071067811865475, 0.0]]
3	[[-0.9494449584333646, 0.029426784615528695, -0.3125513321882631], [-0.305151494792988, 0.14733284102383137, 0.940837711394187], [0.07373490442844376, 0.988649128003984, -0.1309047958093612]]	0.3608146222526879	0.6391853777473122	[[-0.34257362402685343, 0.010617614175163229, -0.11277309085808249], [-0.11010312132357503, 0.053159843379429014, 0.339468003437777], [0.026604631688187025, 0.3567190616612068, -0.0472323644510199]]	0.5541257627174142	0.7787259285088568	[[-0.38344374949793647, 0.014592919385711105, 0.012659607878802756], [-0.11371777718468615, -0.14444276597084327, 0.36879052029086584], [0.21774938419609552, 0.4971012168612631, -0.22464112919465098]]	[[0.14266816225215523, -0.0017132200836897909, 0.1858523532159679], [0.05537452761183739, -0.22608368887649735, -0.15255189412874434], [0.17689097404078852, -0.05073473525385099, -0.15210340937342134]]	1.0000000000000002	[[0.0, 0.0, 0.0], [0.0, 0.0, 0.0], [0.0, 0.0, 0.0]]
3	[[-0.4073423402475564, 0.6394988746997277, 0.652007213993393], [0.8839564696894593, 0.09663191055244695, 0.45747484472605926], [0.22954994562358777, 0.76269486894876, -0.6046514362369794]]	0.5838655753118777	0.41613442468812256	[[-0.2378331698375261, 0.3733813783878548, 0.38068456710574683], [0.5161117527258924, 0.05642004604819028, 0.2671038134066925], [0.13402631106432633, 0.44531127844618495, -0.353035158681657]]	0.7718501364429803	0.37756305512797356	[[-0.3991119341589825, 0.40406768079580047, 0.5327171052714981], [0.6661555833392949, 0.016384445286821998, 0.27062920272800356], [0.2706292027280036, 0.5327171052714981, -0.35518460858434514]]	[[-0.0847046932599032, -0.08952961289631675, 0.02946524818889018], [-0.016126338400169478, -0.058200908057830014, -0.08247281859303657], [0.09345104587795863, -0.055969033390963374, 0.11151568497561141]]	0.7725100573139617	[[-0.4999999999999999, 0.5, 0.7071067811865476], [0.5, -0.5000000000000001, 0.7071067811865475], [0.7071067811865476, 0.7071067811865475, 0.0]]
3	[[-0.5765804364735063, -0.21489234046914468, -0.7882742430675469], [0.7184694088670802, -0.5927529150888833, -0.36393088653729166], [-0.3890458954907621, -0.7761863588477473, 0.49616330732982133]]	0.4800528684465137	0.5199471315534863	[[-0.2767890924192496, -0.10315968444939774, -0.37841331150708024], [0.3449033006177129, -0.2845527371684513, -0.17470606599850957], [-0.18676259808768297, -0.3726104880139161, 0.23818461890158982]]	0.6986351167222382	0.5398000186937169	[[-0.22188431242242906, -0.21124541301443836, -0.47940509129489567], [0.3872791353681008, -0.6091279159990806, -0.18294392087507444], [-0.22397975308671267, -0.5701875244517258, 0.14612117699217667]]	[[0.1809350281129981, -0.06111407764806253, 0.07131097651973395], [-0.1146688239571092, -0.19500991397851172, 0.07131097651973393], [0.04782137151978351, -0.027916477039920746, -0.20051593313748484]]	0.678681023250215	[[0.0, 0.0, -1.0], [0.7071067811865475, -0.7071067811865476, 0.0], [-0.7071067811865476, -0.7071067811865475, 0.0]]
3	[[-0.10249990202145981, -0.9422123744706561, -0.3189507978982955], [0.6126683972808709, 0.19280684864693648, -0.7664613193685161], [0.7836652378783178, -0.27397328429831536, 0.5575010622697631]]	0.5762372890854153	0.4237627109145848	[[-0.05906426567236669, -0.5429379044077031, -0.1837913431325439], [0.35304237635743524, 0.11110249578141258, -0.4416635928617445], [0.45157713222547896, -0.157873622625889, 0.32125290078456753]]	0.7614270007687697	0.4185927811186062	[[-0.0783587251221796, -0.7811177266985965, -0.18311146327414088], [0.4010721273637322, 0.052777413947652035, -0.5102112181689651], [0.6413473572387968, -0.13347918218549104, 0.3033637552055036]]	[[-0.0003125321468866807, -0.06369178431818383, 0.05974628616236415], [-0.06543013284365032, -0.09403092654526281, 0.07339312544307817], [0.044643485554364946, 0.07513147396854467, -0.12113260656396527]]	0.7125033812428616	[[0.0, -1.0, 1.9967346175427393e-16], [0.0, -1.7938038903913487e-16, -1.0], [1.0, 0.0, 0.0]]
3	[[-0.11776339373586858, 0.36921076657559443, 0.9218542145808483], [-0.35654034849298993, -0.8821364675726786, 0.30775677486433006], [0.9268283352338275, -0.29243574067315803, 0.235521919541756]]	0.7694463270826525	0.2305536729173476	[[-0.09061261077485233, 0.2840878682609616, 0.7093173395148971], [-0.2743386616047, -0.6787566649594627, 0.23680232005416152], [0.7131446583817979, -0.22501360656865643, 0.18122147593886012]]	0.8653490142801974	0.232318515289819	[[-0.10953731616810462, 0.3206430269362187, 0.7576479933945519], [-0.34686897243684794, -0.7670878283792125, 0.2154307511318273], [0.7467848510821335, -0.2416566966324565, 0.1531176677344222]]	[[-0.007630879480479986, 0.0011468540183920406, -0.04007764250303067], [-0.038337133317321075, -0.00373190570457985, -0.05088627063507335], [-0.05524513521941547, 0.01140228329936024, -0.05069099318241631]]	0.518826543858972	[[0.0, 0.0, 1.0], [0.0, -1.0, 0.0], [1.0, 0.0, 0.0]]
3	[[0.6724379315615234, 0.726914486201285, 0.13936483755948603], [-0.3270676168278158, 0.46074031506667057, -0.825072806541846], [-0.6639683744123911, 0.509228526128483, 0.547569453089907]]	0.5844682218114917	0.41553177818850845	[[0.39301860213836104, 0.4248584171590791, 0.08145431879144019], [-0.19116062841947581, 0.26928807266388327, -0.4822288361045296], [-0.38806841513187695, 0.29762789116200117, 0.320036944565749]]	0.7467827431016134	0.4059041385635354	[[0.46854523068181286, 0.41546279352328663, 0.06309384864666029], [-0.1276821972820716, 0.3960106836323986, -0.6152165085735829], [-0.406983222192142, 0.32743591233236796, 0.45738838211178356]]	[[-0.03361981241527667, -0.12738440048240884, -0.040981407037923454], [0.11656625479231209, 0.05193776728940863, 0.0009336251542835181], [0.08885690178426257, -0.052847163275452205, 0.04847296389465252]]	0.819198311375755	[[1.0, 0.0, 0.0], [0.0, 0.7071067811865476, -0.7071067811865475], [0.0, 0.7071067811865475, 0.7071067811865476]]
3	[[-0.9354158387137099, -0.0645142516937865, 0.34761346350784095], [-0.3448283291114701, 0.383514201978592, -0.8567439992920377], [-0.07804250204675633, -0.9212788764587595, -0.3809916005178692]]	0.4024862554323615	0.5975137445676386	[[-0.3764920181960029, -0.02596609958625301, 0.1399096412651447], [-0.13878866295107353, 0.1543591950594939, -0.34482768413919807], [-0.031411034413371355, -0.3708020851948192, -0.1533438826436193]]	0.6132081683307053	0.6631103489197228	[[-0.49153022813954095, -0.02226981538741863, 0.4283611865624415], [-0.11035156542069263, 0.05385572630057693, -0.47892388460781815], [0.17267583197484074, -0.39084213457454414, -0.2839290002255617]]	[[0.08207440494562357, 0.017290850724954294, 0.21520177131770582], [0.10109998266228967, -0.1813183150235276, 0.04643853392637544], [0.22053213170687752, 0.17409359778050207, -0.05030183872261537]]	1.0	[[0.0, 0.0, 0.0], [0.0, 0.0, 0.0], [0.0, 0.0, 0.0]]
3	[[-0.9945741148769375, -0.05571399045578551, -0.08785374940347358], [0.04382460725063632, 0.541520885874493, -0.8395442418128012], [0.09434900007993284, -0.8388391272640996, -0.5361410120059088]]	0.399005326136867	0.6009946738631331	[[-0.3968403690737582, -0.022230178932196976, -0.0350541139330796], [0.017486251708860256, 0.2160697176782772, -0.3349826240108454], [0.037645753547580846, -0.3347012795503769, -0.21392311935076758]]	0.5942286290402327	0.7462381652946525	[[-0.5254433773277323, 0.081664801676109, 0.10903426963683963], [0.1382251085843977, 0.09492691480072657, -0.3104462768218853], [0.21837650075273743, -0.36700658373017403, -0.4306789875026286]]	[[0.06556103543449306, 0.11477164984301107, 0.1612394827009099], [0.11218327229962549, -0.22686029880912562, 0.18843494700915714], [0.16231162378392217, 0.13145564084927705, -0.11208864896611453]]	0.9632050598095193	[[-1.0, 0.0, 0.0], [0.0, 1.0, 0.0], [0.0, 0.0, -1.0]]
3	[[0.2693697955279176, -0.8332118037256505, 0.4829057914226089], [-0.5456055074659315, 0.281164383477422, 0.7894689478925723], [-0.793570755181976, -0.4761351484568322, -0.37886775651129134]]	0.5277636752908398	0.4722363247091604	[[0.14216359330015577, -0.43973892382995905, 0.2548601353004277], [-0.28795076787914375, 0.14838834838492734, 0.41665303346777643], [-0.4188178183581669, -0.2512868358847274, -0.1999526396255941]]	0.7187327121259984	0.49409188247648145	[[0.29277275957440396, -0.5958943147213698, 0.4603997335269832], [-0.2520156190719237, 0.2784001729031866, 0.47215527303634175], [-0.5687107312327175, -0.12827657738689568, -0.20399503193913804]]	[[0.09916787586979807, 0.0029622647457621474, 0.11331954435645987], [0.14012890705994688, 0.07631813301322479, -0.09526188502174524], [0.0016545299031008043, 0.21393732920199823, 0.06830961823531476]]	0.7202370996232367	[[0.0, -0.7071067811865475, 0.7071067811865476], [0.0, 0.7071067811865476, 0.7071067811865475], [-1.0, 0.0, 0.0]]
3	[[0.8082379753195112, 0.5598220322729544, 0.18262165105265082], [0.5142410611933297, -0.8221198924002462, 0.24428469764306882], [0.2868928480010876, -0.10352861779037982, -0.95235199325892]]	0.6806558548217461	0.31934414517825416	[[0.5501319099904991, 0.38104614392479474, 0.12430249600620064], [0.3500211890909875, -0.5595807181276512, 0.16627380969411482], [0.19527529669842555, -0.0704673598406248, -0.6482239600628439]]	0.8563826274528807	0.2556471073735749	[[0.6347714562130423, 0.5667361678966054, 0.1723689089472485], [0.36474643412843866, -0.7158410123717501, 0.1805655142872296], [0.21414562394373365, -0.07970760235131968, -0.7364451954581459]]	[[-0.05738950469827722, 0.08731430499268153, 0.01597489958899624], [-0.07564067700046263, -0.011791818836747731, -0.02863565692687419], [-0.031544427024877704, 0.008952507368570842, 0.07913250678891626]]	0.3678771614321673	[[0.7071067811865476, 0.7071067811865475, 0.0], [0.7071067811865475, -0.7071067811865476, 0.0], [0.0, 0.0, -1.0]]
3	[[-0.26061641159578686, 0.214194633552232, 0.9413818274028666], [0.3269392317606362, 0.9370465383592396, -0.12269687724115588], [-0.9083995953008238, 0.27579783158391824, -0.31423833526625644]]	0.6722284015847573	0.32777159841524284	[[-0.17519375379379099, 0.1439877161408497, 0.6328236011159668], [0.21977783718180094, 0.6299092966917615, -0.0824803256672634], [-0.6106520079493131, 0.1853991354861994, -0.21123993383269066]]	0.8558430273710042	0.24479745612680492	[[-0.12431337176811443, 0.16609762246329365, 0.8067453420500698], [0.2802236214432766, 0.8664785738897566, -0.041784250695179256], [-0.7595727891355316, 0.15601023335751085, -0.17580565633879602]]	[[0.09873336691459146, -0.017219361162671438, 0.001070268973552429], [0.0004149595669034066, 0.06451382771286515, 0.06322501617186006], [0.017874670569320458, -0.08002941776762809, 0.09313303183150151]]	0.46170557602986584	[[0.0, 0.0, 1.0], [0.0, 1.0, 0.0], [-1.0, 0.0, 0.0]]
3	[[-0.6444901429183796, 0.6254792214998769, 0.43978199048273264], [0.6024876936975031, 0.7695704867721718, -0.21158885800605393], [-0.47078767467310584, 0.12859630383938042, -0.8728241266227346]]	0.6030223063386498	0.39697769366135016	[[-0.3886419323951673, 0.37717792271575895, 0.26519835018709964], [0.36331351859412236, 0.46406816982351246, -0.12759280115037172], [-0.2838954693771862, 0.07754643972784897, -0.5263324178640593]]	0.8332468521220474	0.28755133435763597	[[-0.45516941072154576, 0.545183350797607, 0.31158731790729066], [0.49238210024327816, 0.7491691868398388, -0.09526133247013055], [-0.3334583119971536, 0.04246008191580171, -0.6489541462138487]]	[[0.08184997208888256, 0.024004758415085772, -0.054859641282414516], [-0.009638873972438653, 0.10792700125089506, 0.08104441740751271], [0.0588240359420704, -0.06469238345289238, 0.07832380975072017]]	0.5089010515860263	[[-0.7071067811865476, 0.7071067811865475, 0.0], [0.7071067811865475, 0.7071067811865476, 0.0], [0.0, 0.0, -1.0]]
3	[[0.38401809673392395, -0.5473175780213695, -0.7436219269021571], [0.16374961445699815, 0.8329771875431029, -0.5285215878258589], [0.9086892566471991, 0.08119405040767946, 0.40950135656961645]]	0.6200191346758387	0.3799808653241614	[[0.23809856803683008, -0.3393473711176853, -0.4610598236438552], [0.10152789425913018, 0.5164617950251884, -0.32769349754128924], [0.5634047265956276, 0.05034186487459584, 0.2538986767488757]]	0.8319616155969946	0.2625192984395459	[[0.20291783030293176, -0.47027454477873254, -0.6022880752108838], [0.11652467169875949, 0.7799019352067784, -0.41483906137710813], [0.7488160703283696, 0.06108918829713513, 0.22587995936459318]]	[[-0.1165704858743066, -0.01492732832343983, 0.016376824487985005], [-0.01970872209826965, 0.08689688850297794, 0.024870612708382245], [-0.007178511707466044, -0.006461145056901697, -0.11480945083622582]]	0.46449289411055394	[[0.0, -0.7071067811865475, -0.7071067811865476], [0.0, 0.7071067811865476, -0.7071067811865475], [1.0, 0.0, 0.0]]
3	[[0.5977334925608182, 0.6122861497964367, -0.5175136158967237], [0.8005212526413146, -0.4209281575567265, 0.4265972459422119], [0.04336353238179311, -0.669272109790446, -0.7417509333435437]]	0.4984906548662939	0.5015093451337062	[[0.2979645601421593, 0.3052189237775874, -0.2579757012905815], [0.39905236346355477, -0.2098287529121151, 0.2126547404938906], [0.021616315654315793, -0.3336258922931856, -0.3697559085101078]]	0.7037841385188692	0.5275682164813423	[[0.5417023788509927, 0.37137287651861167, -0.3044699389974896], [0.586665635051191, -0.18106509803960746, 0.12044114613535647], [0.06986663234364773, -0.33573390466793585, -0.4047594125347729]]	[[0.12102702772520241, -0.059544403942908886, 0.05974793533817111], [0.023271474894977426, 0.11517746270478815, -0.17979122909460526], [0.03934806606319239, 0.1352891905556393, 0.11727312908398017]]	0.7341258824952138	[[0.7071067811865476, 0.7071067811865475, 0.0], [0.7071067811865475, -0.7071067811865476, 0.0], [0.0, 0.0, -1.0]]
