4	[[-0.21951259035361326, -0.17809212642501718, -0.9592170855346885], [-0.39870436216914484, 0.9137219002469867, -0.0784035751501837], [0.8904207175619522, 0.3652334643956531, -0.27157956885967516]]	0.6324745495104037	0.36752545048959623	[[-0.13883612669576334, -0.11263873743201261, -0.6066803940562344], [-0.2521703618507627, 0.577905847236503, -0.04958826587311752], [0.5631684422147262, 0.2310008708597647, -0.17176716547075271]]	0.817723475569518	0.288448747725882	[[-0.07670557813447396, -0.09564630966375909, -0.7897037171166051], [-0.36053038356405326, 0.84179579956614, -0.021408342747763338], [0.6959273725449981, 0.24533685442383116, -0.1084780689074422]]	[[0.10279502018075047, 0.04998380292807195, -0.005329388107516212], [-0.034500466806372254, 0.09462395159218949, 0.04270410122112076], [-0.03219055133886545, -0.053323123476078045, 0.11359892003416261]]	0.5017004969103162	[[0.0, 0.0, -0.8847359999999999], [-0.7071067811865475, 0.7071067811865476, 0.0], [0.6256028251598612, 0.6256028251598611, 0.0]]
4	[[0.39962180205666736, -0.8574648204204427, -0.3241242000565831], [-0.742889895952614, -0.510089041811326, 0.433501755377666], [-0.5370447074615821, 0.0675518405770078, -0.8408446533231704]]	0.5718153273066953	0.42818467269330485	[[0.22850987154192479, -0.4903115269426921, -0.18533918554337583], [-0.4247958290069808, -0.29167673239890185, 0.24788294813930703], [-0.30709039517547304, 0.038627177829711416, -0.48080786065407344]]	0.7755722749984263	0.3610196463872982	[[0.2545269697534432, -0.7208296194768828, -0.1742370245545377], [-0.5871783070407273, -0.4731161787446687, 0.21685055514509743], [-0.2633220926667838, 0.0, -0.6351073883097254]]	[[-0.05540862040661711, -0.05580367797228317, 0.07714471866539149], [-0.011013500363414367, -0.07750526013529126, -0.11936138748897028], [0.15319489287505964, -0.05239133467664095, 0.017028412388388998]]	0.629687324335651	[[0.6516696095415222, -0.6516696095415221, 0.0], [-0.7071067811865475, -0.7071067811865476, 0.0], [0.0, 0.0, -0.9216]]
4	[[-0.8454278191407976, -0.5275798211578228, 0.08313443889216068], [0.5338434264073765, -0.8300116656812779, 0.16152965955087792], [-0.016217234797175482, 0.18094244151129993, 0.9833599718086266]]	0.7888757805356718	0.2111242194643284	[[-0.6669375307112673, -0.41619494321074746, 0.06558274537044836], [0.4211361496909565, -0.6547761006180313, 0.12742683625786017], [-0.012793383758752063, 0.1427411097792569, 0.7757488653080664]]	0.8868734435325215	0.18561573382723975	[[-0.7136999222579007, -0.4547306730749444, 0.009058145228274304], [0.5073497165195916, -0.7295805024032668, 0.14441325952652181], [0.00840505036281254, 0.12326362796254152, 0.850727547072402]]	[[0.03608755896168828, 0.013165859653565773, -0.06467158086816022], [0.03389815863448129, 0.006534801711652392, 0.0011568941279988822], [0.02278768523195899, -0.03720941822176689, -0.02138829735755803]]	0.31754877724391756	[[-0.6516696095415222, -0.6516696095415221, 0.0], [0.7071067811865475, -0.7071067811865476, 0.0], [0.0, 0.0, 0.9216]]
4	[[-0.46302331253993745, -0.17599259499966094, -0.8686978868109609], [0.02399014622745857, 0.9772413149034422, -0.2107697448159405], [0.8860213794985587, -0.11843149475995327, -0.44826342268848407]]	0.5849216562725983	0.41507834372740177	[[-0.27083236286368517, -0.10294188015891426, -0.5081202067539734], [0.014032356065586893, 0.5716096084913331, -0.12328378822989282], [0.5182530927892294, -0.06927314606983136, -0.2621989836453719]]	0.7972553513867027	0.34774011450688375	[[-0.3261122784980128, -0.11315796692744284, -0.5753889673079269], [0.03546001206388211, 0.9256624616464852, -0.14400668122260304], [0.6097853144073112, -0.042593056756545414, -0.29599443923399604]]	[[0.04303553524125008, 0.027153071240469475, 0.11718507169043176], [0.01633373960349125, 0.14655159374353818, 0.024030625742315237], [-0.0965999718409433, 0.051827086213553565, 0.061385973335317326]]	0.5115259568062802	[[0.0, 0.0, -0.9216], [0.0, 1.0, 0.0], [0.9216, 0.0, 0.0]]
4	[[-0.07673908792314688, -0.9932055702045202, -0.08748604288363548], [-0.7029605032121287, -0.008330385140834728, 0.7111801006827707], [-0.7070768298484077, 0.11607454500500591, -0.6975450212663026]]	0.5892138669573821	0.4107861330426178	[[-0.045215734741979895, -0.585210494703817, -0.051547989632266186], [-0.41419407641592554, -0.004908378442075534, 0.41903717722643574], [-0.4166194731509472, 0.06839273151771821, -0.41100319935718754]]	0.7562601272973026	0.40922974973451437	[[-0.028181869014083483, -0.845287049727816, -0.0289086258952737], [-0.5617183075392662, -0.015668454431026012, 0.4447717787874895], [-0.37776538029823514, 0.02890862589527376, -0.4791949817882364]]	[[0.02985284338735438, -0.09416527877255539, 0.03725358003264172], [-0.03009730789508591, -0.009368516303982777, -0.09306537468617118], [0.1569686330518949, -0.058873924286188505, 0.048330504790217235]]	0.8143522988964699	[[-1.7665829985862928e-16, -0.8847359999999999, 0.0], [-1.0, 1.7938038903913487e-16, 0.0], [0.0, 0.0, -0.8847359999999999]]
4	[[-0.09505120117050858, 0.5452103891734319, 0.8328930907946102], [-0.8397020396470369, 0.4054655520987933, -0.361245305400398], [-0.5346641504427332, -0.7337188273436738, 0.41927428806543177]]	0.6228540920161452	0.37714590798385483	[[-0.059203029600101056, 0.33958652190638705, 0.5187708698133977], [-0.5230118514684603, 0.2525458782963189, -0.22500311669025996], [-0.3330177539575922, -0.4569997740002948, 0.2611467059987102]]	0.7768481150301669	0.3606529528496827	[[-0.13835463273597032, 0.41151861640716153, 0.5309527350600871], [-0.7401431391658001, 0.3868168223834314, -0.23457904017828116], [-0.39193346162444687, -0.4540984094484765, 0.2695880808800242]]	[[-0.06451428627530759, -0.01202704671708273, -0.11607869254535552], [-0.08782219247901293, 0.07183167252581779, 0.046053694385515], [0.023419375821196013, 0.11588967853560109, -0.05612435948422169]]	0.6047161155365091	[[-0.4246732799999998, 0.42467327999999993, 0.6005787121534668], [-0.5, 0.5000000000000001, -0.7071067811865475], [-0.6005787121534668, -0.6005787121534667, 0.0]]
4	[[0.045438286595317165, 0.914755726437795, 0.40144404723515764], [0.8006341574927736, -0.2736772949406891, 0.532996889380964], [0.597428077652129, 0.29719135112450484, -0.7448201077103603]]	0.5838376302955485	0.4161623697044515	[[0.026528581570499924, 0.5340688156227252, 0.23437814123402873], [0.46744034924425387, -0.1597831033438679, 0.3111836408510807], [0.3488009931284439, 0.17351149418486322, -0.43485400668209195]]	0.7616781260332448	0.4267807855464685	[[-0.12315905644634965, 0.685862391330085, 0.34829161546509735], [0.5856428501228411, -0.33887807937912995, 0.40408516378237913], [0.42645954161954835, 0.196488904433883, -0.3863679752770554]]	[[-0.15776840543043238, -0.010887036161234239, 0.04252046585982103], [-0.02418267459446069, -0.13042407023085814, -0.0018869081028622843], [-0.028588357006169136, -0.029875246963917954, 0.18094520859565144]]	0.7557419927886346	[[-1.7665829985862928e-16, 0.8847359999999999, 0.0], [1.0, 1.7938038903913487e-16, 0.0], [0.0, 0.0, -0.8847359999999999]]
4	[[-0.9404471891782326, -0.16511750794278138, -0.2971452387932999], [-0.33967856319298195, 0.4221845412224513, 0.8404633762752188], [-0.01332509189135525, 0.8913452875982203, -0.45312914296316575]]	0.6475481936934634	0.35245180630653683	[[-0.6089848786164591, -0.10692154401551417, -0.19241586264521424], [-0.21995824003200645, 0.27338483707390193, 0.5442405411725275], [-0.008628639185046513, 0.5771890309414079, -0.2934229580356651]]	0.7782067547026434	0.36501241753892116	[[-0.6812475763401469, -0.0411681743451452, -0.21245543165563657], [-0.19791565843258718, 0.4114280739894541, 0.6563115697554235], [-0.058220590497044464, 0.6184490193897039, -0.3906131936755135]]	[[0.05061477871946843, 0.08732738565559464, 0.01878500030103938], [0.06642449387188015, 0.08288121227910597, 0.002257293257858615], [-0.04785091398015837, -0.07520190419160164, -0.03798503386895808]]	0.528088145350846	[[-0.8493465599999999, 0.0, 0.0], [0.0, 0.7071067811865476, 0.7071067811865475], [0.0, 0.6005787121534667, -0.6005787121534668]]
4	[[0.1093031896461408, 0.1859596356180152, -0.9764588197430523], [-0.9647495672926553, -0.21674161245263301, -0.1492693734162066], [-0.23939733737411129, 0.9583538424570789, 0.15571392842625953]]	0.7087535029474425	0.29124649705255745	[[0.07746901854503094, 0.1317995431510983, -0.6920686089768137], [-0.6837696352856989, -0.1536163770602808, -0.1057951912915063], [-0.16967370146019217, 0.6792366429045962, 0.11036279222981879]]	0.8358255490962733	0.24792572516638323	[[0.07592096930114521, 0.08419535596342052, -0.796574930685924], [-0.8775122954415596, -0.1640662847878308, -0.11378144063850978], [-0.17896260988214796, 0.7624757374881752, 0.027890830268258344]]	[[-0.015437429202814518, -0.07123445858674993, 0.01957429849571158], [-0.07114995861878387, 0.017091892452402963, 0.010981715360347755], [0.02113180108075451, -0.038540889112036084, -0.10225884946055784]]	0.37362986241246426	[[0.0, 0.0, -0.8493465599999999], [-1.0, -1.7938038903913487e-16, 0.0], [-1.6959196786428409e-16, 0.8493465599999999, 0.0]]
4	[[-0.14788840876935622, -0.1760303547303998, -0.9732123780373726], [0.7447065518890947, -0.66734943231379, 0.007542331464318042], [-0.6508004072871522, -0.7236422109053288, 0.22978420413710982]]	0.6629300042122148	0.3370699957877854	[[-0.09803966344840706, -0.11669580380290161, -0.645171685871695], [0.49368831758070164, -0.4424059619748, 0.005000037829410257], [-0.43143511674418294, -0.47972413392360613, 0.15233084341651465]]	0.8425350339598553	0.24063815719082185	[[-0.04023830740683285, -0.07968072413034408, -0.7851296111318545], [0.7237769735955981, -0.6480414073583086, -0.007795486497242778], [-0.536808902151334, -0.5693971530981198, 0.09909051362748003]]	[[0.08436285809792562, 0.0686310167703987, 0.034835912848014614], [0.09633561360959292, -0.08577613074071963, -0.014150164993668463], [0.01151324110343444, 0.04029676164178607, -0.09451072860861812]]	0.2543526325877598	[[0.0, 0.0, -0.8847359999999999], [0.7071067811865475, -0.7071067811865476, 0.0], [-0.6256028251598612, -0.6256028251598611, 0.0]]
4	[[-0.4889737104017652, -0.6675742726348228, 0.5614706591194402], [-0.8352955409727327, 0.5438241864302344, -0.08084932581391074], [-0.2513683945268397, -0.5085271327761987, -0.8235375434449957]]	0.5657780905501735	0.4342219094498267	[[-0.2766506122003442, -0.377698897271751, 0.3176677974165442], [-0.472591916216627, 0.3076838097934996, -0.04574277718126326], [-0.142218730280058, -0.2877135101750722, -0.4659394988266902]]	0.7774104199809119	0.38003568554131173	[[-0.38224278055433214, -0.41993770432240657, 0.32809106882795175], [-0.7757057665853442, 0.5414941802717387, 0.0], [-0.11212632574473808, -0.2816468240054177, -0.5782678481472139]]	[[-0.0021095229912709867, 0.09904149133508276, -0.10840207208505169], [-0.1263383092695491, 0.11871959110323235, 0.06285310833616593], [0.08329008341429989, 0.11368746785781586, 0.06195881937240879]]	0.602995400755975	[[-0.6005787121534666, -0.6005787121534669, 0.0], [-0.7071067811865477, 0.7071067811865474, 0.0], [0.0, 0.0, -0.8493465599999999]]
4	[[-0.7969422360492981, -0.5496472174344235, -0.2505414312391083], [-0.20133618011619125, -0.14934722918147175, 0.9680698051855754], [-0.5695145432532569, 0.8219387699229261, 0.008357243601908652]]	0.6436777516869556	0.3563222483130445	[[-0.5129739867245872, -0.3537956851391809, -0.16126794516442122], [-0.12959561975042994, -0.09613148870020621, 0.6231249956778804], [-0.3665838407542799, 0.529063699448331, 0.0053793717719767264]]	0.7606792671958782	0.37174577120641267	[[-0.49869747148641813, -0.3506490885135816, -0.253205339907706], [-0.21080112796522504, -0.1976770840618548, 0.7071067811865475], [-0.49589269660967106, 0.6005787121534667, -0.011146861542616557]]	[[0.10751996462900662, 0.06745615406068918, -0.06262366759053462], [-0.05764887001442336, -0.08407174321035799, -0.02928384881647244], [-0.06267479119038834, -0.02465306903138622, -0.017504043481493876]]	0.6065311970589553	[[-0.4246732799999998, -0.42467327999999993, -0.6005787121534668], [-0.5, -0.5000000000000001, 0.7071067811865475], [-0.6005787121534668, 0.6005787121534667, 0.0]]
4	[[-0.7823064473600231, -0.6191382563410173, -0.06829671993547412], [0.4516132128936376, -0.48825713387833247, -0.7467599863120696], [0.42900131510151085, -0.6150388530425709, 0.6615777209740769]]	0.651075408430657	0.348924591569343	[[-0.5093404897328633, -0.40310569312227273, -0.044466314826463], [0.29403425703740643, -0.31789221285901725, -0.48619706308780264], [0.2793122064470052, -0.4004366724454147, 0.43073698489182044]]	0.7677067376653565	0.36441735090587896	[[-0.6593222677071131, -0.48853050567041606, -0.03965891381924993], [0.314465904596647, -0.3906207303897587, -0.5237336911318307], [0.24076325163615336, -0.36153126474310093, 0.48759108404706103]]	[[-0.05874033714977494, -0.013213894731036506, 0.01277293823565737], [-0.03224060176049757, -0.01578243899818682, 0.04955898177883446], [-0.08858394843457514, 0.1106382066636537, -0.0203065898340289]]	0.6844842197134674	[[-0.8493465599999999, 0.0, 0.0], [0.0, -0.7071067811865476, -0.7071067811865475], [0.0, -0.6005787121534667, 0.6005787121534668]]
4	[[-0.328472184202533, 0.6350926635744277, -0.699116108296151], [0.7870892180276409, -0.22510676047337688, -0.5742974048816677], [-0.522107830883481, -0.738907473952673, -0.4259332786564415]]	0.59415230284083	0.4058476971591699	[[-0.19516250466309223, 0.37734176858006274, -0.41538144569727725], [0.46765087143231093, -0.13374770012029605, -0.3412201256259554], [-0.3102115700506509, -0.4390235772352813, -0.2530692383702696]]	0.7740421000930715	0.35662507153266965	[[-0.3157335635482147, 0.46367515475163357, -0.4941405496148027], [0.6569006860846228, -0.28272891137977685, -0.4602094634838616], [-0.39087732468946346, -0.49414054961480264, -0.2035789541802282]]	[[-0.06148226426592784, -0.027913304315218997, 0.047004751059645224], [0.04766049480189435, -0.10848680175781607, -0.015679094131254467], [0.013256117202624358, 0.07780494329799094, 0.1261113353305312]]	0.5195022505325054	[[-0.4246732799999998, 0.42467327999999993, -0.6005787121534668], [0.5, -0.5000000000000001, -0.7071067811865475], [-0.6005787121534668, -0.6005787121534667, 0.0]]
4	[[-0.7906551711763438, -0.6122537057691856, -0.0031305053914775782], [0.21569187232512302, -0.27374870521795946, -0.9373039328864322], [0.5730108345441554, -0.7417594260697941, 0.3484989775187588]]	0.6818750922901999	0.3181249077098001	[[-0.5391280678155932, -0.41748055212638036, -0.002134613652728684], [0.14707491534793923, -0.18666242363481889, -0.6391242057409035], [0.3907218156880804, -0.5057872771084666, 0.23763277245864398]]	0.8074053073280385	0.30196426093516143	[[-0.6441723654574749, -0.46555474250560797, -0.046257112611915806], [0.10530529558189404, -0.17698898664987947, -0.8213834657570551], [0.4175450071785103, -0.5438467396071972, 0.21335807465428636]]	[[-0.005793183983336024, 0.028782148963691766, -0.043729525944217876], [-0.06884546688093188, 0.04403717081727983, -0.06459929576510616], [-0.04510698178890929, 0.05505375776215431, -0.06802184939275427]]	0.4379402076454097	[[-0.6005787121534667, -0.6005787121534668, 1.6959196786428409e-16], [-1.268410895014533e-16, -1.2684108950145333e-16, -1.0], [0.6005787121534668, -0.6005787121534667, 0.0]]
4	[[0.5859585634738876, 0.36139819833278886, -0.7252888418646962], [-0.7596467684279905, 0.5565829073689794, -0.33638111487062594], [0.28211584341991347, 0.748068719748733, 0.600669494335248]]	0.6387424126872441	0.36125758731275603	[[0.3742765865680626, 0.23084035714390874, -0.4632727447477931], [-0.4852186096557628, 0.355513109113343, -0.21486088489488858], [0.18019935448333232, 0.47782321890816354, 0.38367308203932315]]	0.8401602278514402	0.2739204816005931	[[0.41516274258577096, 0.30363239265637576, -0.5384871532764192], [-0.7009794816838565, 0.5820520131867413, -0.30079403139963623], [0.19944784913738806, 0.5607488331402739, 0.4369183181288589]]	[[-0.07713633761395305, -8.041257261357038e-19, 0.07087168536273135], [-0.06275447963478557, 0.11443319091340234, -0.018179997285009693], [-0.03757466215078768, -0.06774875289235675, -0.06774030109525245]]	0.35654012744783353	[[0.6005787121534668, 0.42467327999999993, -0.4246732799999998], [-0.7071067811865475, 0.5000000000000001, -0.5], [0.0, 0.6005787121534667, 0.6005787121534668]]
4	[[-0.5765804364735063, -0.21489234046914468, -0.7882742430675469], [0.7184694088670802, -0.5927529150888833, -0.36393088653729166], [-0.3890458954907621, -0.7761863588477473, 0.49616330732982133]]	0.5632416450686629	0.4367583549313371	[[-0.32475411355374545, -0.12103631535849625, -0.44398888143062015], [0.4046718917818042, -0.333863127013908, -0.2049810312245611], [-0.21912685018342795, -0.4371804816372607, 0.27945983744315717]]	0.749920629697994	0.39437548721494325	[[-0.36434050909608406, -0.08437967700047275, -0.48821168641620355], [0.6225675607875782, -0.5288459346548114, -0.25434713351671473], [-0.27532422171192, -0.48313574257549385, 0.2992264263873177]]	[[0.06804905489567209, 0.07677252228142395, 0.10293143031972078], [0.08377252927123188, -0.08432829531603458, 0.01857214608188014], [0.01642932121593224, 0.09894242041460197, -0.07285667347850121]]	0.6728372900766993	[[0.0, 0.0, -0.8847359999999999], [0.7071067811865475, -0.7071067811865476, 0.0], [-0.6256028251598612, -0.6256028251598611, 0.0]]
4	[[-0.6423177830836196, 0.6472169826683319, -0.4105338510771609], [0.6354509445700302, 0.7491834873395028, 0.186885524701293], [0.4285206676224623, -0.14083422752840047, -0.8924885196891207]]	0.5769783446380138	0.42302165536198627	[[-0.37060345121514565, 0.37343018328158434, -0.23686914181236918], [0.3666414340966783, 0.4322626483552806, 0.10782890067895867], [0.24724714544798485, -0.0812582994677099, -0.5149465486986602]]	0.7977566091349334	0.36118235881486205	[[-0.3915372349600215, 0.49935492603162046, -0.311799130772287], [0.5221112702121647, 0.7332566047631757, 0.12186425224202364], [0.32081357763397955, -0.08605489120080911, -0.5537172678545236]]	[[0.12087602165983467, -0.016966699436410985, 0.015706962198134604], [0.01517607940038702, 0.1355905262833297, -0.02722491024008268], [-0.021041617112753794, 0.02629654460238534, 0.1582713473045254]]	0.4628200566000325	[[-0.6516696095415222, 0.6516696095415221, 0.0], [0.7071067811865475, 0.7071067811865476, 0.0], [0.0, 0.0, -0.9216]]
4	[[-0.9494449584333646, 0.029426784615528695, -0.3125513321882631], [-0.305151494792988, 0.14733284102383137, 0.940837711394187], [0.07373490442844376, 0.988649128003984, -0.1309047958093612]]	0.6441786333128913	0.35582136668710884	[[-0.6116121557294196, 0.01895610589642408, -0.2013388900091588], [-0.19657207286913286, 0.09490866817283719, 0.6060675510951359], [0.04749844996217154, 0.6368666441035882, -0.08432607245857744]]	0.7414684823881055	0.41731822956217574	[[-0.634155197655305, 0.07494880867994125, -0.21544329222399844], [-0.17936307753191383, 0.14221007030532953, 0.781104784371432], [0.04314367226692861, 0.6005787121534667, -0.19757002569261123]]	[[0.06982831478531976, 0.05312977534950353, 0.016303669722013577], [0.04689713821070483, 0.03296741226546137, 0.0835032743304858], [-0.011528435418661592, -0.1324734564019711, -0.10050824540651936]]	0.7477004409372654	[[-0.8493465599999999, 0.0, 0.0], [0.0, 0.7071067811865476, 0.7071067811865475], [0.0, 0.6005787121534667, -0.6005787121534668]]
4	[[-0.7229741855265539, 0.37453352207805324, 0.5805454055472524], [0.6255107660641113, -0.0019251384381000977, 0.7802131602196173], [0.2933336131439832, 0.9272113754057388, -0.23288292491742163]]	0.6842445655160195	0.31575543448398036	[[-0.494691157454915, 0.2562725270854821, 0.3972350387810011], [0.4280023423511303, -0.0013172655141360221, 0.5338566148243526], [0.200711930676949, 0.6344393447060106, -0.15934887577622095]]	0.8105769748807842	0.29082846662510115	[[-0.5776383458364297, 0.22150121190238373, 0.46433271869268855], [0.5669754652156401, -0.025277867457448755, 0.6891194454318132], [0.1967934729686977, 0.700447437842909, -0.07975809809150998]]	[[0.008387882384583059, -0.08208703741509012, -0.0062440199167413035], [0.05995084070403106, -0.02371739456606678, 0.056696622258819294], [-0.04097599980440253, -0.05112875390852572, 0.10901143868944246]]	0.4014584164565073	[[-0.6005787121534667, 9.429641067981718e-17, 0.6005787121534668], [0.7071067811865476, -1.3401577416544657e-16, 0.7071067811865475], [1.6959196786428409e-16, 0.8493465599999999, 0.0]]
4	[[-0.09107681945440971, 0.026979593008170225, -0.9954783345302809], [0.1626680633668992, -0.9858035016183849, -0.04159996823788131], [-0.9824683781774002, -0.16572132559825775, 0.08539512938935634]]	0.7764537915575579	0.22354620844244225	[[-0.07071694178837958, 0.020948407285873546, -0.7729429272594395], [0.12630423456655396, -0.7654308665623121, -0.03230045306697692], [-0.762841297321247, -0.12867495160271178, 0.06630537199491397]]	0.8918232459845716	0.18118190110139282	[[-0.05422163995240775, 0.023597674406750424, -0.8512899609741078], [0.136040592666903, -0.9326022393079197, -0.026671995269493307], [-0.8112096893299205, -0.12036000979374506, 0.05422163995240775]]	[[0.027002784807374676, -0.00046335380513859437, 0.03650075863400238], [-0.009030567622989026, -0.053439760591654936, 0.010427823437269092], [0.06497844877344595, 0.02743412073015926, -0.021935721530880505]]	0.22408022357454066	[[0.0, 0.0, -0.9216], [0.0, -1.0, 0.0], [-0.9216, 0.0, 0.0]]
4	[[-0.10494230950179255, 0.25078566681139447, 0.9623376024028126], [-0.014608284002347344, -0.9679651692114681, 0.2506591894025037], [0.9943710121051078, 0.012246653231707691, 0.1052440486188438]]	0.7930929599409715	0.20690704005902852	[[-0.0832290068658182, 0.19889634680221907, 0.7632231775521444], [-0.011585727199079994, -0.7676863611696866, 0.19879603845963623], [0.7886286492699396, 0.009712734460905719, 0.08346831403529034]]	0.8948075666697001	0.15872686521600302	[[-0.028200515097702127, 0.20492765352589631, 0.8370985642175495], [-0.011748289225034993, -0.905751362356868, 0.20866997023710854], [0.9148346896500197, 0.00445309081450886, 0.030895112246443864]]	[[0.0657026575082954, -0.01947725874924572, -0.02400840410326452], [0.0013233138363253436, -0.0396088046737299, -0.015621769095545265], [0.02506398394136157, -0.0065053071636031155, -0.06327805880465136]]	0.28959805237624014	[[0.0, 0.0, 0.96], [0.0, -1.0, 0.0], [0.96, 0.0, 0.0]]
4	[[-0.4073423402475564, 0.6394988746997277, 0.652007213993393], [0.8839564696894593, 0.09663191055244695, 0.45747484472605926], [0.22954994562358777, 0.76269486894876, -0.6046514362369794]]	0.5853510205465382	0.4146489794534619	[[-0.23843825457572235, 0.37433131894384836, 0.3816530881147377], [0.5174248216514401, 0.05656358745923651, 0.26778336723476776], [0.13436729493716945, 0.4464442199047648, -0.35393333527624593]]	0.753531339470687	0.42577916775612923	[[-0.3124385661128524, 0.43568095279401614, 0.347134192594368], [0.8115795359362015, -0.0581976612582509, 0.38945058951132155], [0.07547011236990485, 0.4551917272133576, -0.38411635227492874]]	[[-0.005493346842986996, -0.0462014908484667, -0.14417367671062434], [0.1454906332973234, -0.13101283425244772, 0.04472895699074964], [-0.09750296563126071, -0.11952275899302167, 0.07150745438559708]]	0.7133991740180584	[[-0.6005787121534667, 9.429641067981718e-17, 0.6005787121534668], [0.7071067811865476, -1.3401577416544657e-16, 0.7071067811865475], [1.6959196786428409e-16, 0.8493465599999999, 0.0]]
4	[[0.4863417937448936, 0.8226223794475465, -0.29455743156310954], [-0.6786221941306434, 0.14325991665360527, -0.7203808117334284], [-0.5504031043610768, 0.5502445066626823, 0.6279230889187231]]	0.6924938419317028	0.30750615806829723	[[0.33678869724235716, 0.5696609320026306, -0.20397920745267234], [-0.46994169043365114, 0.09920661007827067, -0.4988592759711605], [-0.38115076035013795, 0.3810409324206554, 0.43483287228294876]]	0.8110968091160063	0.2753895480139478	[[0.43635655244086263, 0.6109953562629791, -0.1721288011353968], [-0.5947476149208532, 0.11864748608397163, -0.5731134191629735], [-0.39461507781381566, 0.39461507781381566, 0.4892819137426294]]	[[0.04188627539462447, -0.05623103081434249, 0.0667857917068478], [-0.04431931866618531, 0.002449824812007387, 0.011185158582408795], [0.051815123860997965, -0.05168648577389702, -0.02002450004961325]]	0.46684257334748874	[[0.6005787121534668, 0.6005787121534667, 0.0], [-0.5, 0.5000000000000001, -0.7071067811865475], [-0.4246732799999998, 0.42467327999999993, 0.6005787121534668]]
4	[[0.607699742283575, 0.04436598313018672, -0.7929266566141968], [-0.48983361298617956, -0.764959691968786, -0.4182101161520675], [-0.6251112339555114, 0.6425483088483792, -0.443133857856411]]	0.5659160772071334	0.43408392279286667	[[0.3439070542729067, 0.025107423134473124, -0.44872994302407393], [-0.2772047167453359, -0.43290298810055233, -0.2366718283811176], [-0.35376049733821363, 0.36362841835955234, -0.2507765745157636]]	0.7810018545476807	0.36435575033370604	[[0.42229544239207106, 0.09681128349515712, -0.5068396419141713], [-0.4096403348011575, -0.7257780443750056, -0.25239002956917705], [-0.39849029438611266, 0.47594506766939365, -0.2934013413324458]]	[[-0.05231918333954869, 0.062161368391650186, 0.1124375474218083], [-0.02707937463916043, -0.1283431062931612, 0.07423284673618863], [0.08972273863173078, -0.025886353177666348, 0.052687023466279626]]	0.5670871757968267	[[0.4246732799999998, 0.42467327999999993, -0.6005787121534668], [-0.5, -0.5000000000000001, -0.7071067811865475], [-0.6005787121534668, 0.6005787121534667, 0.0]]
4	[[-0.9811165986123564, 0.18418769307433647, 0.05903485112435114], [-0.17683959200596489, -0.7305894532589015, -0.6595201357699575], [-0.0783452527373813, -0.6575058513099433, 0.74936511585922]]	0.733824240681914	0.2661757593180861	[[-0.7199671429971347, 0.13516139401322835, 0.04332120480009682], [-0.12976917932627663, -0.5361242507879279, -0.48397186284582183], [-0.05749164560104146, -0.4824937320814346, 0.5499022871389065]]	0.8574668979936175	0.21185796633357767	[[-0.7978656162940744, 0.10571369192510945, 0.043343459978322035], [-0.14502263363319126, -0.6405673920796152, -0.6066921211811687], [-0.018627372293121145, -0.5255296048323416, 0.6028227706819065]]	[[0.043409390088112045, -0.05222115790394234, -0.007276970688790345], [0.006611462766620341, -0.014111119886852175, -0.041175436198173876], [0.04855108854412717, 0.03825989790304836, -0.039733010678526685]]	0.277977986187405	[[-0.8493465599999999, 0.0, 0.0], [0.0, -0.7071067811865476, -0.7071067811865475], [0.0, -0.6005787121534667, 0.6005787121534668]]
4	[[0.5316565726284, 0.12413974256263854, 0.8378129941087711], [-0.8431913025942939, 0.17079270063273144, 0.5097629651513687], [-0.0798105006271736, -0.9774554607382677, 0.19547661308345798]]	0.7140077506105861	0.2859922493894139	[[0.3796069135197376, 0.08863673834852681, 0.5982049713559239], [-0.6020451252997617, 0.1219473119994837, 0.3639747080923113], [-0.05698531602791288, -0.6979107748437645, 0.1395718168046957]]	0.8593386900365241	0.228586018804272	[[0.43672003541365406, 0.11222355210921799, 0.6316221461935322], [-0.7691280718663367, 0.17531986613128173, 0.4594538160163177], [-0.038212263634423545, -0.7774349524689972, 0.15870806941053978]]	[[-0.020153027258143386, 0.005545468353968797, -0.08834297465947749], [-0.04454116244476572, 0.02855109050175012, 0.021394777314006262], [0.030371987425690864, 0.0625303427308729, -0.009272547209375492]]	0.3792799986070545	[[0.6005787121534667, 9.429641067981718e-17, 0.6005787121534668], [-0.7071067811865476, -1.3401577416544657e-16, 0.7071067811865475], [1.6959196786428409e-16, -0.8493465599999999, 0.0]]
4	[[-0.4173896908511048, -0.2512754656216099, -0.8732963336393107], [0.3950375357134564, 0.8152827950674679, -0.42339025667156843], [0.8183710596964306, -0.5217035599299856, -0.24102739306502285]]	0.648541787858968	0.3514582121410321	[[-0.27069465633847745, -0.1629626397193335, -0.5663691655491202], [0.25619834968300587, 0.5287449615237123, -0.2745862740238464], [0.5307478301875613, -0.338346559489381, -0.15631633642137613]]	0.8164321821369722	0.2866754860525473	[[-0.29509147147738446, -0.22699685600645503, -0.6799900043205593], [0.35638727036193285, 0.6958219348689078, -0.377963539853957], [0.6473277780287946, -0.3998756220712589, -0.06809461547092949]]	[[0.04567890462565928, -0.021847479291520276, 0.032997227004800435], [0.033865913053383476, 0.03019882343324476, -0.03229410870405554], [-0.02081669203690864, 0.026059953791006008, 0.12868790500393285]]	0.5060930990875732	[[-0.4246732799999998, -0.42467327999999993, -0.6005787121534668], [0.5, 0.5000000000000001, -0.7071067811865475], [0.6005787121534668, -0.6005787121534667, 0.0]]
4	[[-0.7351688989075352, -0.09676064626795722, 0.6709426707349067], [-0.4070551462354579, -0.7284396683943796, -0.5510732777342012], [0.5420634630763377, -0.6782426017608253, 0.49613926991762536]]	0.6004550544827393	0.3995449455172607	[[-0.44143588124753946, -0.058100419126611375, 0.40287091791092294], [-0.24441832001029123, -0.4373952807731358, -0.3308947350058716], [0.3254847462546047, -0.40725419839281124, 0.2979093323494143]]	0.7843723438397773	0.3396692723177598	[[-0.5226971647937734, -0.16032799796845393, 0.4476666151724088], [-0.41057084614719, -0.6607886373405677, -0.40835782609627014], [0.40488970841922234, -0.4621745880830296, 0.30762505779211075]]	[[0.05394898756043836, -0.08443162306380472, -0.07860226005404997], [-0.09128804702244062, -0.08942070729619808, 0.02388881238757387], [-0.020289880623871253, 0.06982015115209769, -0.08153286422413297]]	0.5397166859866674	[[-0.4423679999999998, -0.44236799999999993, 0.6256028251598612], [-0.5, -0.5000000000000001, -0.7071067811865475], [0.6256028251598612, -0.6256028251598611, 0.0]]
4	[[-0.10249990202145981, -0.9422123744706561, -0.3189507978982955], [0.6126683972808709, 0.19280684864693648, -0.7664613193685161], [0.7836652378783178, -0.27397328429831536, 0.5575010622697631]]	0.6159827661946669	0.38401723380533326	[[-0.0631381731818611, -0.5803865847692801, -0.1964681947693881], [0.3773931741171239, 0.11876569597081639, -0.4721269636858325], [0.48272428099888776, -0.16876282152551417, 0.34341104649339393]]	0.7600386475880357	0.3931142502358739	[[-0.140386195323757, -0.7261676996120092, -0.23844692304984205], [0.4378666332319913, 0.21039777038793508, -0.6119122352403621], [0.5496400676487629, -0.19853606139681562, 0.2512091182189848]]	[[-0.06248230841346059, -0.01004988077862009, 0.0039680100319032935], [-0.02778502685729116, 0.06385711389660637, -0.02937201063897376], [-0.04597579991003011, 0.009694223076528369, -0.17251323517741923]]	0.7262790314689732	[[-0.4246732799999998, -0.42467327999999993, -0.6005787121534668], [0.5, 0.5000000000000001, -0.7071067811865475], [0.6005787121534668, -0.6005787121534667, 0.0]]
4	[[0.8082379753195112, 0.5598220322729544, 0.18262165105265082], [0.5142410611933297, -0.8221198924002462, 0.24428469764306882], [0.2868928480010876, -0.10352861779037982, -0.95235199325892]]	0.6796592566817901	0.3203407433182099	[[0.5493264215276541, 0.3804882263287253, 0.12412049560844594], [0.3495086974059134, -0.5587613949720645, 0.166030356018824], [0.19498937981974102, -0.07036418341270273, -0.6472748478377787]]	0.8303852247298953	0.261413789142976	[[0.6176914255333879, 0.48261451943249123, 0.10456428041708309], [0.41021076282053837, -0.7582061451041163, 0.17353124096757636], [0.14787622350562232, -0.05102172173595828, -0.7531510726733002]]	[[-0.053457447237540055, 0.017746575354767292, -0.04708204033281688], [-0.016807416343824568, -0.07552993349842052, -0.029319162582837892], [-0.09035535855516053, 0.034946912813881695, 0.03766795127097182]]	0.39518630261559373	[[0.6516696095415222, 0.6516696095415221, 0.0], [0.7071067811865475, -0.7071067811865476, 0.0], [0.0, 0.0, -0.9216]]
4	[[0.2693697955279176, -0.8332118037256505, 0.4829057914226089], [-0.5456055074659315, 0.281164383477422, 0.7894689478925723], [-0.793570755181976, -0.4761351484568322, -0.37886775651129134]]	0.6187564690119657	0.38124353098803443	[[0.16667430353932947, -0.5155551936123745, 0.29880108236608227], [-0.33759693727310147, 0.17397228113241597, 0.4884890185925995], [-0.49102703838755857, -0.2946117032316375, -0.23442687524141187]]	0.7778588605590626	0.3512539679064172	[[0.28611372179120115, -0.5807654282227636, 0.38175923754570007], [-0.4682948223948084, 0.29493220818867394, 0.6432019289881097], [-0.5514763341969179, -0.3703659440507516, -0.15252053465850868]]	[[0.07658203957282746, 0.06735575602763232, 0.006126688872337062], [-0.04389074404260979, 0.0762260012271351, 0.029106512733631507], [0.06580970920192894, 0.0, 0.1421851067239328]]	0.4948963945666125	[[0.4246732799999998, -0.42467327999999993, 0.6005787121534668], [-0.5, 0.5000000000000001, 0.7071067811865475], [-0.6005787121534668, -0.6005787121534667, 0.0]]
4	[[-0.26061641159578686, 0.214194633552232, 0.9413818274028666], [0.3269392317606362, 0.9370465383592396, -0.12269687724115588], [-0.9083995953008238, 0.27579783158391824, -0.31423833526625644]]	0.6203638958255799	0.3796361041744202	[[-0.16167701241364518, 0.13287861733539513, 0.5839992979070461], [0.20282129551325048, 0.5813098411064115, -0.07611671277095641], [-0.5635383119071993, 0.1710950172616467, -0.19494211788351956]]	0.8101939317983621	0.3020854865325285	[[-0.10295567642542926, 0.13703629934298142, 0.7504843631856448], [0.29181772161690317, 0.863169358289232, -0.03852066934944682], [-0.698598493012934, 0.1593441943840403, -0.145601313924138]]	[[0.10819415877654154, -0.03650289298481079, -0.012217480881410735], [0.026933539977617365, 0.10397993909791489, 0.06088759604194625], [0.0373813467478813, -0.0641055351683969, 0.10899267844700221]]	0.47689492451411886	[[0.0, 0.0, 0.9216], [0.0, 1.0, 0.0], [-0.9216, 0.0, 0.0]]
4	[[0.3150175355465583, 0.07704224194745776, 0.9459537225752019], [0.010291163786529306, 0.9963639725302899, -0.08457497378999636], [-0.9490300544482728, 0.036377564505737925, 0.3130792688035079]]	0.6389723097790795	0.3610276902209205	[[0.20128748230909765, 0.04922785928772577, 0.6044382350579953], [0.006575768694993461, 0.6366489889083384, -0.054041066352099085], [-0.6064039259405786, 0.02324425641636883, 0.20004898353132272]]	0.8249382349984465	0.26477188836713017	[[0.1213612748779418, 0.03780892652294855, 0.7777303785066804], [-0.026502079756073854, 0.9503465424797829, -0.06246399892334653], [-0.7828529286198366, 0.04289721859432826, 0.11177502267403688]]	[[-0.1385087348893964, -0.025746164569510545, -0.0026230157847168924], [-0.034991654246213276, 0.128407805564605, 0.007305130680012944], [3.8249457201188115e-05, 0.012887974737422673, -0.14649603674733314]]	0.32898419942964385	[[0.0, 0.0, 0.9216], [0.0, 1.0, 0.0], [-0.9216, 0.0, 0.0]]
4	[[-0.7444629791584071, -0.3772120534757212, -0.5508955793752737], [0.22976566011653476, 0.6299689460750931, -0.741853670485123], [0.6268832539586633, -0.6788594800793947, -0.3823181819015832]]	0.608235204774976	0.39176479522502416	[[-0.45280859257580236, -0.2294336505893944, -0.3350740855309486], [0.13975156333123803, 0.38316929091786006, -0.45122151918058634], [0.3812924643415509, -0.4129062348795243, -0.23253937765810595]]	0.812701699829193	0.3246901821508091	[[-0.5434917923147582, -0.27689037104804515, -0.36789430482437824], [0.23102974283374464, 0.6223513889197348, -0.6407255958671382], [0.4112502953278358, -0.4760227345475356, -0.25509492912850595]]	[[0.061534536307184334, 0.029670506007733903, 0.07981946896229483], [0.044298800294660254, 0.11037455560490124, -0.037819856839352725], [-0.09821879075882559, 0.07568751885815057, 0.05561570717851734]]	0.45130650598170025	[[-0.4246732799999998, -0.42467327999999993, -0.6005787121534668], [0.5, 0.5000000000000001, -0.7071067811865475], [0.6005787121534668, -0.6005787121534667, 0.0]]
4	[[-0.11776339373586858, 0.36921076657559443, 0.9218542145808483], [-0.35654034849298993, -0.8821364675726786, 0.30775677486433006], [0.9268283352338275, -0.29243574067315803, 0.235521919541756]]	0.7038169895581126	0.29618301044188755	[[-0.08288387725932575, 0.25985681024367785, 0.6488166581177508], [-0.2509391547323365, -0.6208626329864303, 0.21660444680112662], [0.6523175287414298, -0.20582124263977902, 0.16576432838682673]]	0.8308508863088551	0.2517353311154534	[[-0.04468119104011223, 0.27792330040729096, 0.7695052474204972], [-0.3095059513029648, -0.7658840339249157, 0.2556999891635834], [0.7664742875967405, -0.2429704943266798, 0.06219007718545485]]	[[0.05316262902007286, -0.028835792236813443, 0.003581856188445789], [-0.013274086752696061, -0.032960167996793036, 0.0], [-0.003581856188445789, 0.0, -0.13349351841097593]]	0.5311546764559983	[[0.0, 0.0, 0.96], [0.0, -1.0, 0.0], [0.96, 0.0, 0.0]]
4	[[0.38401809673392395, -0.5473175780213695, -0.7436219269021571], [0.16374961445699815, 0.8329771875431029, -0.5285215878258589], [0.9086892566471991, 0.08119405040767946, 0.40950135656961645]]	0.614484000230381	0.38551599976961903	[[0.23597297624191899, -0.3363178947389748, -0.4569437763018615], [0.10062151812771886, 0.5118511543021382, -0.3247680594953465], [0.5583750093909423, 0.049892444889418075, 0.2516320316846655]]	0.7917314770499352	0.3230445741869846	[[0.15748285089856592, -0.4308231767609977, -0.570522656787546], [0.11139465280263915, 0.7854907864521665, -0.406476399798527], [0.704679930658585, 0.03573999398168542, 0.18697438960024643]]	[[-0.1465563640424886, 0.0025053777012543008, 0.01822622976541787], [-0.018251071317757425, 0.12599652740976477, 0.01197077758361731], [-0.01475795668610962, -0.028543891475253526, -0.13724072429056827]]	0.4748884774220269	[[0.0, -0.6256028251598611, -0.6256028251598612], [0.0, 0.7071067811865476, -0.7071067811865475], [0.8847359999999999, 0.0, 0.0]]
4	[[-0.19118987636437412, 0.26283917413924524, 0.945707142678734], [0.07907792122591596, 0.9644731457555763, -0.2520679144415871], [-0.9783624653217047, 0.026591721534022325, -0.20518227700143543]]	0.6787443682171311	0.32125563178286914	[[-0.12976905184244855, 0.1784006091938545, 0.6418933970759055], [0.05367369368240839, 0.6546307159782577, -0.17108967733546487], [-0.6640580134121353, 0.01804898123241587, -0.13926631497269168]]	0.8458281124152097	0.2482838774182847	[[-0.08985758920655969, 0.1969591353039332, 0.7432359172209515], [0.062394720440237694, 0.9088650121596317, -0.15762460321068678], [-0.8010005504413569, 0.0, -0.1136761010623209]]	[[0.07185618303161619, -0.025357627227037226, -0.056669770168583544], [-0.004491608403997448, 0.09308651181003302, 0.05558152506187945], [0.026525926859591625, -0.02249202563099299, 0.05987283699485793]]	0.35593271219240225	[[0.0, 0.0, 0.9216], [0.0, 1.0, 0.0], [-0.9216, 0.0, 0.0]]
4	[[0.14079796079058327, 0.02201185143879847, 0.9897936212329567], [-0.639458496161006, -0.7612176221964431, 0.10789144240901527], [0.755823237221983, -0.6481228356213269, -0.09310222350434222]]	0.7762564871875998	0.22374351281240024	[[0.10929533044647556, 0.01708684247437702, 0.7683337194589887], [-0.4963838059322078, -0.5909001173915084, 0.08375143208202543], [0.5867126910606966, -0.5031095556454774, -0.07227120496683548]]	0.8947881803099971	0.17164752466779476	[[0.11190146525713912, 0.03928661779883384, 0.8281806384418078], [-0.5877495250291727, -0.7305343844945695, 0.06279801851725153], [0.6207646873991215, -0.556306069770646, -0.07261484745830529]]	[[-0.014082885870025177, 0.019590673304657365, -0.05747499478367209], [-0.015569620865498783, -0.04940585350951121, -0.033741968906932075], [-0.05553701167074768, 0.023626582932316568, 0.010691921693959721]]	0.1977586878093191	[[0.0, 0.0, 0.9216], [-0.7071067811865475, -0.7071067811865476, 0.0], [0.6516696095415222, -0.6516696095415221, 0.0]]
