4	[[-0.8454278191407976, -0.5275798211578228, 0.08313443889216068], [0.5338434264073765, -0.8300116656812779, 0.16152965955087792], [-0.016217234797175482, 0.18094244151129993, 0.9833599718086266]]	0.6861510680335217	0.31384893196647856	[[-0.5800912010487091, -0.3619994577603744, 0.05704278403622361], [0.36629723719209606, -0.5695133908874911, 0.11083374841992603], [-0.011127472976632354, 0.12415384949557147, 0.6747334949179027]]	0.8383162747392332	0.2509921282684985	[[-0.6531310510921307, -0.41205830837123114, 0.009554973759545933], [0.5001739910522796, -0.7252259102978907, 0.14432710633886123], [2.6981422584270957e-18, 0.1073527226376545, 0.7753864375144929]]	[[0.05560484881089703, 0.030220441929385684, -0.06013797935506663], [0.052644358532419666, -0.02941362273385599, 0.00891416388427266], [0.013595171861739613, -0.044334270872320045, -0.04898023077979212]]	0.35546815828982276	[[-0.5984951795962937, -0.5984951795962936, 0.0], [0.7071067811865475, -0.7071067811865476, 0.0], [0.0, 0.0, 0.8463999999999998]]
4	[[-0.21951259035361326, -0.17809212642501718, -0.9592170855346885], [-0.39870436216914484, 0.9137219002469867, -0.0784035751501837], [0.8904207175619522, 0.3652334643956531, -0.27157956885967516]]	0.5350046940131853	0.4649953059868147	[[-0.11744026623417653, -0.09528012360417384, -0.5131856433387054], [-0.21330870528402548, 0.4888455056547853, -0.041946280732763824], [0.47637926354223303, 0.19540161786237198, -0.14529634413800327]]	0.7709882693316886	0.3477071312515861	[[-0.0660012253633502, -0.06751985988513298, -0.7216633919495985], [-0.36322871050754485, 0.8376104486653771, -0.028814346712183508], [0.6309802065162569, 0.24136596216498407, -0.08467499746667714]]	[[0.10324040676989804, 0.06978708044889133, 0.01788172874017739], [-0.05583232434376109, 0.13314158214349112, 0.03163389000227361], [-0.05552372149391281, -0.0402247544514374, 0.12470966431428997]]	0.532093980566373	[[0.0, 0.0, -0.8463999999999998], [0.0, 1.0, 0.0], [0.8463999999999998, 0.0, 0.0]]
4	[[0.1093031896461408, 0.1859596356180152, -0.9764588197430523], [-0.9647495672926553, -0.21674161245263301, -0.1492693734162066], [-0.23939733737411129, 0.9583538424570789, 0.15571392842625953]]	0.57218213082739	0.42781786917260994	[[0.06254133195795916, 0.10640278055580095, -0.5587122881457781], [-0.552012463128314, -0.12401567765211191, -0.08540926814855447], [-0.13697887861312263, 0.5483529436637082, 0.08909672736644086]]	0.7706557106038182	0.3765139377659414	[[0.09934600463538544, 0.07656575545972119, -0.6626211171713366], [-0.8399508478746148, -0.14965929825104565, -0.09805824105456207], [-0.19289467524680504, 0.6118192976484704, 0.10566352653363542]]	[[0.015110877347374891, -0.06674509967110738, 0.08989244843311092], [-0.09646108453796731, 0.017373863111055696, 0.016977053986891297], [-0.008401750096097223, -0.12674156382018925, -0.014338301628615695]]	0.44798066458154595	[[0.0, 0.0, -0.7163929599999997], [-1.0, -1.7938038903913487e-16, 0.0], [-1.4304466229959105e-16, 0.7163929599999997, 0.0]]
4	[[-0.7969422360492981, -0.5496472174344235, -0.2505414312391083], [-0.20133618011619125, -0.14934722918147175, 0.9680698051855754], [-0.5695145432532569, 0.8219387699229261, 0.008357243601908652]]	0.5358934383823405	0.4641065616176597	[[-0.42707611506856913, -0.29455233724821905, -0.1342635090439585], [-0.10789473783323193, -0.08003420015893434, 0.5187822564950206], [-0.305199106792736, 0.4404715935537483, 0.004478592009225658]]	0.6925681374307435	0.4704288685265687	[[-0.41619440687588577, -0.300198553124114, -0.2062055768320679], [-0.20353265573190288, -0.2054171763316653, 0.7071067811865475], [-0.42454486523290214, 0.5065663200103029, 0.001350057290644753]]	[[0.13574239318466866, 0.0804695964984356, -0.03268856444956596], [-0.06409363247141163, -0.101984043987011, 0.03665247930623071], [-0.03011723877227336, -0.06268228295733444, -0.004437903344784118]]	0.6647140829725322	[[-0.3581964799999998, -0.3581964799999999, -0.506566320010303], [-0.5, -0.5000000000000001, 0.7071067811865475], [-0.506566320010303, 0.5065663200103029, 0.0]]
4	[[-0.9404471891782326, -0.16511750794278138, -0.2971452387932999], [-0.33967856319298195, 0.4221845412224513, 0.8404633762752188], [-0.01332509189135525, 0.8913452875982203, -0.45312914296316575]]	0.5307851036625345	0.4692148963374657	[[-0.49917535879710734, -0.08764191356990857, -0.15772026637573022], [-0.18029632137632773, 0.22408926547747843, 0.44610544030080573], [-0.007072760280865818, 0.473112800876933, -0.24051419912021932]]	0.7022253188599173	0.4659270530458556	[[-0.5827291017274446, -0.029068316099064476, -0.15533867534008902], [-0.1753792135148396, 0.42813239873281805, 0.6607309226002923], [-0.047063144873804, 0.5234002663736725, -0.35015439608066146]]	[[0.07767672556415277, 0.08688137856541012, 0.053324234719242275], [0.06315167383323074, 0.13166372465515425, 0.07053626020534395], [-0.037705927971559354, -0.10252496242427271, -0.03195563917863125]]	0.5944406349316766	[[-0.7163929599999997, 0.0, 0.0], [0.0, 0.7071067811865476, 0.7071067811865475], [0.0, 0.5065663200103029, -0.506566320010303]]
4	[[-0.09505120117050858, 0.5452103891734319, 0.8328930907946102], [-0.8397020396470369, 0.4054655520987933, -0.361245305400398], [-0.5346641504427332, -0.7337188273436738, 0.41927428806543177]]	0.526973166118137	0.473026833881863	[[-0.05008943242415488, 0.28731124498322513, 0.43891230909395673], [-0.44250044242865655, 0.21366946574133952, -0.19036658233216106], [-0.281753660168671, -0.3866501334857825, 0.22094629905376842]]	0.7183068117967675	0.4354474713125975	[[-0.10552099532575188, 0.36426096289309406, 0.4601098396638282], [-0.7331309027909039, 0.38976523520191814, -0.22744610173618612], [-0.32947999399161243, -0.40248607208185166, 0.245028404208881]]	[[-0.03724507005551071, -0.02736737351254863, -0.13816294095240392], [-0.12996720783279803, 0.09851656718041772, 0.03203886186252339], [0.054572907294934456, 0.12454915954264552, -0.056139172919758784]]	0.6571010376836852	[[-0.3581964799999998, 0.3581964799999999, 0.506566320010303], [-0.5, 0.5000000000000001, -0.7071067811865475], [-0.506566320010303, -0.5065663200103029, 0.0]]
4	[[0.045438286595317165, 0.914755726437795, 0.40144404723515764], [0.8006341574927736, -0.2736772949406891, 0.532996889380964], [0.597428077652129, 0.29719135112450484, -0.7448201077103603]]	0.5233581890945327	0.47664181090546726	[[0.023780499388083555, 0.47874490045233814, 0.2100990295837722], [0.4190184427926449, -0.1432312534764494, 0.27894828681944017], [0.31266887683424616, 0.15553752733907827, -0.38980770277248905]]	0.7142330745505517	0.4769105091446115	[[-0.0849567539899323, 0.595212661411363, 0.2799717558311629], [0.5814165837771534, -0.3404857361897796, 0.4191430360707593], [0.36794946598184564, 0.19586274572957937, -0.3465116967569445]]	[[-0.11741028112721485, -0.058136133545026746, -0.006752860285620655], [0.009577187880899167, -0.14501636038961313, 0.038459029042313075], [-0.05875342674246026, -0.01640114671390829, 0.18546345876009923]]	0.7833359129363082	[[-1.55483328586512e-16, 0.7786879999999998, 0.0], [1.0, 1.7938038903913487e-16, 0.0], [0.0, 0.0, -0.7786879999999998]]
4	[[0.39962180205666736, -0.8574648204204427, -0.3241242000565831], [-0.742889895952614, -0.510089041811326, 0.433501755377666], [-0.5370447074615821, 0.0675518405770078, -0.8408446533231704]]	0.5036959365059309	0.49630406349406914	[[0.20128787783512075, -0.43190154574256473, -0.16326004249173634], [-0.37419062186264546, -0.2569297776165688, 0.21835307265191845], [-0.27050723687041534, 0.03402558760213528, -0.4235300351116191]]	0.7309402501717024	0.4159189547156301	[[0.24666271247090601, -0.6435691730794263, -0.14139168500478158], [-0.5857685539469655, -0.4730025125313543, 0.21830739032599775], [-0.2262715658816645, 0.0, -0.5780350015707114]]	[[-0.04543694749846092, -0.016813622727874115, 0.09552373887128021], [-0.04276042754933181, -0.10015790069993974, -0.09855649119962558], [0.16627602694369303, -0.04937635925091704, 0.03657219968486511]]	0.6453342015083992	[[0.5984951795962937, -0.5984951795962936, 0.0], [-0.7071067811865475, -0.7071067811865476, 0.0], [0.0, 0.0, -0.8463999999999998]]
4	[[-0.46302331253993745, -0.17599259499966094, -0.8686978868109609], [0.02399014622745857, 0.9772413149034422, -0.2107697448159405], [0.8860213794985587, -0.11843149475995327, -0.44826342268848407]]	0.48308552410936895	0.5169144758906311	[[-0.22367985961321188, -0.08501947499477913, -0.4196553739427743], [0.011589292363752238, 0.4720911327914583, -0.10181981264080658], [0.4280241024871674, -0.05721254071716802, -0.2165495704885259]]	0.7583047456026849	0.3962518390808652	[[-0.2934825880100042, -0.0964708637685718, -0.5401094809802055], [0.04265316662016797, 0.9222844552103271, -0.144968755618274], [0.5674121341122609, -0.04321331530312956, -0.2629261597216089]]	[[0.0576301872137055, 0.03698515621060246, 0.11862824908357011], [0.02446132488818379, 0.1812377285200391, 0.014858942105120563], [-0.10446208266693363, 0.046593849202162516, 0.07699412098317081]]	0.5161988053674615	[[0.0, 0.0, -0.8463999999999998], [0.0, 1.0, 0.0], [0.8463999999999998, 0.0, 0.0]]
4	[[-0.4889737104017652, -0.6675742726348228, 0.5614706591194402], [-0.8352955409727327, 0.5438241864302344, -0.08084932581391074], [-0.2513683945268397, -0.5085271327761987, -0.8235375434449957]]	0.48920307736325674	0.5107969226367435	[[-0.23920744387827342, -0.3265793885414931, 0.27467317429040616], [-0.4086291491516672, 0.26604046554624006, -0.039551738990909746], [-0.12297019215439117, -0.2487730382768298, -0.4028771005774687]]	0.7270790764600923	0.44329625966963015	[[-0.3295647539136596, -0.3646210502568833, 0.3154358427838458], [-0.776026069975648, 0.5370853980455946, -0.0015058740013145118], [-0.11544175753406731, -0.2671325918345906, -0.4999586349937371]]	[[0.025957799858520522, 0.12075823535896157, -0.09279772550815613], [-0.1687001594739601, 0.14168221081923865, 0.05727797914388481], [0.06732294260976336, 0.10260684621922674, 0.09881828152446356]]	0.6030323812164812	[[-0.5984951795962937, -0.5984951795962936, 0.0], [-0.7071067811865475, 0.7071067811865476, 0.0], [0.0, 0.0, -0.8463999999999998]]
4	[[-0.14788840876935622, -0.1760303547303998, -0.9732123780373726], [0.7447065518890947, -0.66734943231379, 0.007542331464318042], [-0.6508004072871522, -0.7236422109053288, 0.22978420413710982]]	0.5438832491884072	0.45611675081159286	[[-0.08043402827878081, -0.09573996128655772, -0.5293139103173428], [0.405033419133336, -0.36296017759086313, 0.004102147743269252], [-0.35395944008847513, -0.3935768769170729, 0.12497577955826356]]	0.7898868576625225	0.3750164238122285	[[-0.10998909238625942, -0.12896473930825797, -0.6133077007597204], [0.7254619649200501, -0.6547684043304852, 0.0033240817928725753], [-0.40816043993760565, -0.4452284978809744, 0.17690506188263205]]	[[0.006826018101278019, 0.010079324442956672, 0.1554199663664909], [0.13722804676768063, -0.12763785827727736, -0.002633506706926775], [0.10589824873993284, 0.12636697416299608, -0.004598461063713244]]	0.3085590333632301	[[0.0, 0.0, -0.7786879999999998], [0.7071067811865475, -0.7071067811865476, 0.0], [-0.5506155652285902, -0.5506155652285901, 0.0]]
4	[[-0.7823064473600231, -0.6191382563410173, -0.06829671993547412], [0.4516132128936376, -0.48825713387833247, -0.7467599863120696], [0.42900131510151085, -0.6150388530425709, 0.6615777209740769]]	0.5762375924584459	0.4237624075415543	[[-0.45079438379145953, -0.35677073823286787, -0.03935513746842634], [0.2602365105202532, -0.2813521153267114, -0.430311176656769], [0.24720668497560172, -0.3544085079456549, 0.3812259531582475]]	0.7114427317942625	0.4453450510363109	[[-0.5675449852982339, -0.441900080494287, -0.03773898358320124], [0.3082475588487647, -0.357764212104082, -0.5435616523659998], [0.2235810659122225, -0.3124254301206316, 0.4132260743846318]]	[[-0.010978749288154833, -0.0014186680446972005, 0.010850221420280089], [-0.01304937904666868, -0.010397222959644088, -0.012284687709494854], [-0.0816288016469276, 0.12513949164758498, -0.05744858671938777]]	0.7200433015059897	[[-0.7163929599999997, 0.0, 0.0], [0.0, -0.7071067811865476, -0.7071067811865475], [0.0, -0.5065663200103029, 0.506566320010303]]
4	[[-0.07673908792314688, -0.9932055702045202, -0.08748604288363548], [-0.7029605032121287, -0.008330385140834728, 0.7111801006827707], [-0.7070768298484077, 0.11607454500500591, -0.6975450212663026]]	0.5475839319623852	0.45241606803761475	[[-0.04202109150016394, -0.543863411379534, -0.04790595135405098], [-0.3849298763631543, -0.004561585050179361, 0.3894307958652767], [-0.3871839106878895, 0.06356055575458597, -0.3819644454657876]]	0.6682631216051212	0.4913900395894576	[[-0.03576261907828468, -0.6581793544266434, -0.005755785129963303], [-0.5013294925896009, 0.034860976953617645, 0.34023779096990014], [-0.374680447174037, 0.0, -0.4080536313000822]]	[[0.015519283366367246, 0.005543300313823612, 0.05270791098433446], [-0.031566912347957006, 0.04042786613200486, -0.13501764313581266], [0.09783292235511307, -0.07756833778393939, 0.05808998207144778]]	0.8510145634723032	[[-1.55483328586512e-16, -0.7786879999999998, 0.0], [-1.0, 1.7938038903913487e-16, 0.0], [0.0, 0.0, -0.7786879999999998]]
4	[[-0.7906551711763438, -0.6122537057691856, -0.0031305053914775782], [0.21569187232512302, -0.27374870521795946, -0.9373039328864322], [0.5730108345441554, -0.7417594260697941, 0.3484989775187588]]	0.5745715427330146	0.42542845726698547	[[-0.45428796147262757, -0.35178355626780616, -0.0017986993123152752], [0.12393041183681829, -0.1572882158782482, -0.5385481667282793], [0.32923571920676753, -0.426193857773677, 0.2002375951538314]]	0.7390152777936172	0.4074510639635531	[[-0.5473260286060038, -0.40871921293146807, -0.03403867873183934], [0.11153485315118439, -0.18115007965244742, -0.8134303270318054], [0.3527226976899365, -0.4507325169720745, 0.1913001329583322]]	[[0.0369802223598419, 0.043745629517718286, -0.03172518742032221], [-0.04786473579299173, 0.021154395779845944, -0.12074840069268877], [-0.07074106337946491, 0.09743903134092838, -0.06624593572348489]]	0.5090955022842671	[[-0.5065663200103029, -0.506566320010303, 1.4304466229959105e-16], [-1.268410895014533e-16, -1.2684108950145333e-16, -1.0], [0.506566320010303, -0.5065663200103029, 0.0]]
4	[[-0.328472184202533, 0.6350926635744277, -0.699116108296151], [0.7870892180276409, -0.22510676047337688, -0.5742974048816677], [-0.522107830883481, -0.738907473952673, -0.4259332786564415]]	0.4994983389692822	0.5005016610307177	[[-0.16407131040677736, 0.3172277305470038, -0.34920733484059624], [0.39314975702543775, -0.1124404529472078, -0.2868605998127623], [-0.2607919942891537, -0.3690830558913484, -0.21275296520063297]]	0.7219396262998928	0.46428498513169064	[[-0.240445923375245, 0.43108788390745006, -0.3826193965806098], [0.6903697168060609, -0.26170006401243134, -0.41802999898179527], [-0.2994737483393653, -0.38261939658060967, -0.2312100980474333]]	[[-0.0033088374621587507, -0.02741067629927585, 0.1221002253829489], [0.12213882087851095, -0.09918657347870206, -0.0034219451165257843], [0.07745658397690268, 0.15082718903498085, 0.07628801397448622]]	0.5801928323859429	[[-0.3581964799999998, 0.3581964799999999, -0.506566320010303], [0.5, -0.5000000000000001, -0.7071067811865475], [-0.506566320010303, -0.5065663200103029, 0.0]]
4	[[-0.6423177830836196, 0.6472169826683319, -0.4105338510771609], [0.6354509445700302, 0.7491834873395028, 0.186885524701293], [0.4285206676224623, -0.14083422752840047, -0.8924885196891207]]	0.5025765602932831	0.4974234397067169	[[-0.3228138620373727, 0.32527608491284776, -0.20632469075831447], [0.3193627499571235, 0.37652206009561395, 0.09392428417298124], [0.21536444314827835, -0.07077998164278512, -0.44854381032660234]]	0.7553537169621457	0.42428209634087455	[[-0.3501394152325746, 0.4436219129593783, -0.2904770026101178], [0.5236790635372537, 0.7333581576817096, 0.12005128848371086], [0.29371953145474106, -0.08565434061372834, -0.49517190974329156]]	[[0.1350377096905227, -0.04525584058017088, 0.019621267739799685], [0.0436888306091751, 0.1674596258331537, -0.021113387245831693], [-0.029965147628986034, 0.020725316625341477, 0.17897261094992883]]	0.4719065865574416	[[-0.5984951795962937, 0.5984951795962936, 0.0], [0.7071067811865475, 0.7071067811865476, 0.0], [0.0, 0.0, -0.8463999999999998]]
4	[[-0.10494230950179255, 0.25078566681139447, 0.9623376024028126], [-0.014608284002347344, -0.9679651692114681, 0.2506591894025037], [0.9943710121051078, 0.012246653231707691, 0.1052440486188438]]	0.7132774868942457	0.2867225131057543	[[-0.0748529867903167, 0.17887977017232912, 0.686413746585712], [-0.010419760101031732, -0.6904277632963193, 0.17878955668396665], [0.7092624565548188, 0.00873526203997775, 0.07506821050942472]]	0.8664638122485221	0.1969594371472761	[[-0.024461060875512662, 0.1850442463774497, 0.7986747502074334], [-0.018259406405191, -0.9060124396075251, 0.1975625607796686], [0.8651904835314104, 0.006103064666616466, 0.028490099373567432]]	[[0.06646765268157481, -0.032252458545238845, -0.03515595744061026], [-0.005601856958108023, -0.06730564896877078, -0.019624556045149094], [0.003603985593397252, -0.004508217179814664, -0.06270006020918478]]	0.3070626716807188	[[0.0, 0.0, 0.9199999999999999], [0.0, -1.0, 0.0], [0.9199999999999999, 0.0, 0.0]]
4	[[-0.7351688989075352, -0.09676064626795722, 0.6709426707349067], [-0.4070551462354579, -0.7284396683943796, -0.5510732777342012], [0.5420634630763377, -0.6782426017608253, 0.49613926991762536]]	0.5198611940479883	0.4801388059520116	[[-0.3821857816130161, -0.05030210510571529, 0.34879705794599486], [-0.2116121743653437, -0.3786875158034228, -0.2864816121708406], [0.28179775916465255, -0.3525920088055969, 0.25792355327347394]]	0.743858866167446	0.40035564528279405	[[-0.4463272761334069, -0.11787485308982099, 0.4134089368813671], [-0.357483754604369, -0.6987282559864361, -0.36985057575297214], [0.3411496254844761, -0.4527437755756798, 0.2822286125943106]]	[[0.10053462744952188, -0.045898588467309, -0.08567771743485855], [-0.05469217505803736, -0.15687195018320257, 0.04007016779756886], [-0.062069087550287734, 0.05177299715658641, -0.08682898218775861]]	0.5600142534511783	[[-0.3893439999999998, -0.3893439999999999, 0.5506155652285902], [-0.5, -0.5000000000000001, -0.7071067811865475], [0.5506155652285902, -0.5506155652285901, 0.0]]
4	[[0.607699742283575, 0.04436598313018672, -0.7929266566141968], [-0.48983361298617956, -0.764959691968786, -0.4182101161520675], [-0.6251112339555114, 0.6425483088483792, -0.443133857856411]]	0.47147675792881744	0.5285232420711826	[[0.2865163042860378, 0.02091752988854502, -0.37384648933579817], [-0.23094516377528299, -0.36066071551567014, -0.19717634969641096], [-0.294725417930227, 0.30294659346847824, -0.20892731463063008]]	0.72990365318776	0.4301621581938296	[[0.3672717550429222, 0.08943831960358432, -0.45994035745398554], [-0.4276477753349201, -0.7231430002481509, -0.24074414830391833], [-0.36227351067274194, 0.4082560390996164, -0.25878684853272005]]	[[-0.07629050689111949, 0.057055426439594506, 0.11881970591867312], [-0.07011643176214823, -0.16479612653875056, 0.06450894327555315], [0.09399746264009434, -0.060742318878432636, 0.06465817316785985]]	0.6114869476551315	[[0.3581964799999998, 0.3581964799999999, -0.506566320010303], [-0.5, -0.5000000000000001, -0.7071067811865475], [-0.506566320010303, 0.5065663200103029, 0.0]]
4	[[-0.4173896908511048, -0.2512754656216099, -0.8732963336393107], [0.3950375357134564, 0.8152827950674679, -0.42339025667156843], [0.8183710596964306, -0.5217035599299856, -0.24102739306502285]]	0.5348080228408076	0.46519197715919236	[[-0.22322335531821527, -0.13438413495749654, -0.46704588554776605], [0.21126924342281855, 0.4360197796861599, -0.22643250606058357], [0.43767140838638463, -0.2790112493951664, -0.12890338353557906]]	0.7597488866128437	0.38193075792377035	[[-0.27786734787372713, -0.1710576648279839, -0.5764431511827761], [0.3369754963643421, 0.7205482573777643, -0.33768069070305506], [0.5447696770019961, -0.3183786004823193, -0.10680968304574326]]	[[0.03924400503407869, 0.019848590411158083, 0.08704276598276864], [0.03684616843576219, 0.1011380615506483, -0.01601041459410481], [-0.07698682443854023, 0.0779850983164442, 0.07631061047860407]]	0.5735506200970464	[[-0.3581964799999998, -0.3581964799999999, -0.506566320010303], [0.5, 0.5000000000000001, -0.7071067811865475], [0.506566320010303, -0.5065663200103029, 0.0]]
4	[[-0.09107681945440971, 0.026979593008170225, -0.9954783345302809], [0.1626680633668992, -0.9858035016183849, -0.04159996823788131], [-0.9824683781774002, -0.16572132559825775, 0.08539512938935634]]	0.6580291392644689	0.3419708607355311	[[-0.059931201112530676, 0.017753358364871952, -0.6550537516273878], [0.10704032572313879, -0.6486874296538452, -0.027373991293002296], [-0.6464928212466334, -0.10904946124118836, 0.0561924834894561]]	0.8483641974083441	0.2617393149680432	[[-0.06012969368550329, 0.02257583078488781, -0.7651610494988257], [0.14402948231075247, -0.9283320978420397, -0.028992139065823305], [-0.7280565446891292, -0.11215402952159519, 0.06012969368550329]]	[[0.017136619153441675, -0.00031268998389229544, 0.07936712881235108], [0.006027721288523345, -0.09201170138922327, 0.0062997846005194875], [0.10543445244241839, 0.028438009863017623, -0.012316476721479704]]	0.26741614721612533	[[0.0, 0.0, -0.8463999999999998], [0.0, -1.0, 0.0], [-0.8463999999999998, 0.0, 0.0]]
4	[[-0.10249990202145981, -0.9422123744706561, -0.3189507978982955], [0.6126683972808709, 0.19280684864693648, -0.7664613193685161], [0.7836652378783178, -0.27397328429831536, 0.5575010622697631]]	0.5514103836891908	0.44858961631080935	[[-0.05651951030175762, -0.5195456869235681, -0.17587278184707256], [0.33783171601888656, 0.10631569839031095, -0.4226347301959169], [0.43212114950236413, -0.15107171381552187, 0.3074118746533015]]	0.7031789823045741	0.4651676120828843	[[-0.08819447865979609, -0.6365478611440514, -0.17005187550476353], [0.49612666039990005, 0.20268493659332845, -0.5389594905293743], [0.40489416815222745, -0.17005187550476356, 0.313144244979836]]	[[-0.01611870187002744, 0.025996077451000865, 0.05422762196659174], [0.06531112030976279, 0.06710721298042358, 0.0], [-0.14616275628652003, 0.022600379726767605, -0.07887878462073511]]	0.7306190685548767	[[-0.3581964799999998, -0.3581964799999999, -0.506566320010303], [0.5, 0.5000000000000001, -0.7071067811865475], [0.506566320010303, -0.5065663200103029, 0.0]]
4	[[-0.9494449584333646, 0.029426784615528695, -0.3125513321882631], [-0.305151494792988, 0.14733284102383137, 0.940837711394187], [0.07373490442844376, 0.988649128003984, -0.1309047958093612]]	0.5305024126112194	0.46949758738878067	[[-0.503682841090459, 0.015610980233928687, -0.1658092357907243], [-0.1618836041996001, 0.0781604276200078, 0.49911667577023444], [0.03911654469294711, 0.5244807476320917, -0.0694453099992452]]	0.6790578984304643	0.4930908979748809	[[-0.5708089114166216, 0.032228269509157186, -0.20274236431664788], [-0.20011433479482443, 0.21078833870624422, 0.7102105916166264], [0.04335410789038241, 0.506566320010303, -0.1241471319865238]]	[[0.0739191867325385, 0.01224577899057035, 0.009498086470755979], [0.007101197962216699, 0.11074080931081162, 0.07132731255316208], [-0.006716161351767759, -0.16478367913719344, -0.035255196449749907]]	0.759135317982124	[[-0.5065663200103029, 0.506566320010303, 1.4304466229959105e-16], [1.268410895014533e-16, -1.2684108950145333e-16, 1.0], [0.506566320010303, 0.5065663200103029, 0.0]]
4	[[-0.4073423402475564, 0.6394988746997277, 0.652007213993393], [0.8839564696894593, 0.09663191055244695, 0.45747484472605926], [0.22954994562358777, 0.76269486894876, -0.6046514362369794]]	0.5068996269844023	0.4931003730155977	[[-0.20648168032643982, 0.32416174104223705, 0.3305022135643903], [0.448077204756036, 0.04898267941382552, 0.23189382814638682], [0.11635878181088645, 0.3866097445730441, -0.3064975874841079]]	0.6951972797453403	0.4902277272152292	[[-0.30980889555320734, 0.2955912769126303, 0.4860775846309426], [0.7186967207207182, 0.019710976351137076, 0.26408602100898027], [0.1950827243960192, 0.4817043629342491, -0.22660619584215924]]	[[-0.026625608688005308, -0.14898660117882653, 0.03280394308839778], [0.10417258757931183, -0.04746726500151907, -0.05394924659649806], [0.03550022663281014, -0.0485190352346576, 0.19374583782390195]]	0.7186942726189196	[[-0.5065663200103029, 7.953559588713685e-17, 0.506566320010303], [0.7071067811865476, -1.3401577416544657e-16, 0.7071067811865475], [1.4304466229959105e-16, 0.7163929599999997, 0.0]]
4	[[0.5859585634738876, 0.36139819833278886, -0.7252888418646962], [-0.7596467684279905, 0.5565829073689794, -0.33638111487062594], [0.28211584341991347, 0.748068719748733, 0.600669494335248]]	0.5159891242837179	0.4840108757162822	[[0.3023482460334366, 0.18647753987544913, -0.37424115436651656], [-0.39196947080611505, 0.2871907269646054, -0.17356899688767502], [0.1455687069928036, 0.38599532360719085, 0.30993892636598824]]	0.7675185434489061	0.3753572949363628	[[0.37475984723758715, 0.27737981878944107, -0.43934126319398453], [-0.7013538761129009, 0.5734971423516251, -0.2964294350945278], [0.15274538945012053, 0.4640344270124236, 0.4055928738764077]]	[[-0.07497421592130453, -2.195611620679916e-18, 0.11733137229375118], [-0.11831089487338106, 0.1463094399792286, -0.0382506917653057], [-0.06378375177539113, -0.11012218716881206, -0.05543210150997281]]	0.4232146491023561	[[0.506566320010303, 0.3581964799999999, -0.3581964799999998], [-0.7071067811865475, 0.5000000000000001, -0.5], [0.0, 0.5065663200103029, 0.506566320010303]]
4	[[-0.9811165986123564, 0.18418769307433647, 0.05903485112435114], [-0.17683959200596489, -0.7305894532589015, -0.6595201357699575], [-0.0783452527373813, -0.6575058513099433, 0.74936511585922]]	0.5970655085648743	0.4029344914351258	[[-0.5857908809119262, 0.10997211863681967, 0.03524767340961235], [-0.10558482093544633, -0.4362097634621594, -0.3937767252722646], [-0.04677724816928814, -0.3925740654967519, 0.4474200640012611]]	0.7870297710955196	0.3290941850261053	[[-0.6763210277500218, 0.10138399841414407, 0.04172080123571641], [-0.15518443047461786, -0.6307548844325457, -0.6026563578256698], [-0.018352475788340296, -0.4414182493758022, 0.5150441205863889]]	[[0.09584694427387588, -0.04357719950476275, -0.004741384131339739], [-0.016006406857538208, -0.05575923426939186, -0.08359437633775416], [0.04330757053998153, 0.07605843027462716, -0.07472853501526039]]	0.37030978991309604	[[-0.7163929599999997, 0.0, 0.0], [0.0, -0.7071067811865476, -0.7071067811865475], [0.0, -0.5065663200103029, 0.506566320010303]]
4	[[0.5316565726284, 0.12413974256263854, 0.8378129941087711], [-0.8431913025942939, 0.17079270063273144, 0.5097629651513687], [-0.0798105006271736, -0.9774554607382677, 0.19547661308345798]]	0.5765940511213454	0.42340594887865435	[[0.30655001701709905, 0.07157823706935271, 0.48307798835528026], [-0.4861790890331283, 0.09847805515978175, 0.29392629318825686], [-0.04601825987864463, -0.563595003897759, 0.11271065223727085]]	0.7864675767036942	0.34159085441126164	[[0.3666688677829615, 0.08865635049659418, 0.5449949814095395], [-0.760302792263994, 0.19060759579004272, 0.4605659511460995], [-0.052058249184693504, -0.660099941535321, 0.12537901326278614]]	[[-0.05146178853068785, -0.008975532009264648, -0.11391777379805208], [-0.09716017181502828, 0.056284674404739, 0.05965390725021284], [0.010710121839068288, 0.10863708600729763, -0.0283570049312067]]	0.4568591328311891	[[0.5065663200103029, 7.953559588713685e-17, 0.506566320010303], [-0.7071067811865476, -1.3401577416544657e-16, 0.7071067811865475], [1.4304466229959105e-16, -0.7163929599999997, 0.0]]
4	[[-0.7229741855265539, 0.37453352207805324, 0.5805454055472524], [0.6255107660641113, -0.0019251384381000977, 0.7802131602196173], [0.2933336131439832, 0.9272113754057388, -0.23288292491742163]]	0.562145772766996	0.43785422723300393	[[-0.4064168822134141, 0.21054243619571203, 0.3263511456276894], [0.35162823296318546, -0.0010822084349692948, 0.43859352987463684], [0.16489625063935953, 0.5212279551458082, -0.1309141517919423]]	0.7482589684179289	0.3943466993427555	[[-0.4918085769427425, 0.21758691782729384, 0.3892856534693565], [0.5621760115149266, -0.0295784294598663, 0.6743037307019861], [0.18788603085225755, 0.5756940202697768, -0.08966446417681662]]	[[0.04916334131214908, -0.06266114904076392, -0.04511265280519871], [0.09413197096548617, -0.02813792735811175, 0.09050223628996294], [-0.031603475921163235, -0.11810020699669047, 0.08459227298404327]]	0.44852012236366545	[[-0.5065663200103029, 7.953559588713685e-17, 0.506566320010303], [0.7071067811865476, -1.3401577416544657e-16, 0.7071067811865475], [1.4304466229959105e-16, 0.7163929599999997, 0.0]]
4	[[-0.5765804364735063, -0.21489234046914468, -0.7882742430675469], [0.7184694088670802, -0.5927529150888833, -0.36393088653729166], [-0.3890458954907621, -0.7761863588477473, 0.49616330732982133]]	0.4723461369631736	0.5276538630368264	[[-0.2723455418168012, -0.10150356688357554, -0.3723382935805256], [0.3393662498045803, -0.27998454961589414, -0.17190134837747273], [-0.18376432583644, -0.36662862816524505, 0.234360821520113]]	0.6994662934185067	0.4707343167297342	[[-0.2801394762576597, -0.07422759797440182, -0.4509142385770051], [0.5487932267662601, -0.573861191695304, -0.21350568471395848], [-0.22338831356879216, -0.5009400391398151, 0.24322307723061865]]	[[0.12315910450008846, 0.0760823508975786, 0.10045702441873097], [0.046248092411417634, -0.15925050726506804, 0.0410517035527921], [0.04873617691981494, 0.04197615628542588, -0.1038264322776389]]	0.6824744319037489	[[0.0, 0.0, -0.7786879999999998], [0.7071067811865475, -0.7071067811865476, 0.0], [-0.5506155652285902, -0.5506155652285901, 0.0]]
4	[[0.4863417937448936, 0.8226223794475465, -0.29455743156310954], [-0.6786221941306434, 0.14325991665360527, -0.7203808117334284], [-0.5504031043610768, 0.5502445066626823, 0.6279230889187231]]	0.5600405195153715	0.4399594804846285	[[0.27237111083092785, 0.4607018647507749, -0.16496409699971734], [-0.38005592615558687, 0.08023135814841388, -0.40344244405209423], [-0.30824804050925053, 0.30815921937184787, 0.35166237293373853]]	0.7471675917028008	0.3795858221403045	[[0.36475216898233626, 0.5193538902734456, -0.168272130975278], [-0.5913289941464493, 0.07648916839571196, -0.5779480790267457], [-0.3420547976275504, 0.3420547976275504, 0.4003675253761157]]	[[0.0013733422055438522, -0.09528289185920523, 0.051811635783893126], [-0.08428448368178602, -0.03054999851790626, -0.039702882814971314], [0.06918856432366059, -0.06907006526330163, -0.06879625674587023]]	0.5381036781179354	[[0.506566320010303, 0.5065663200103029, 0.0], [-0.5, 0.5000000000000001, -0.7071067811865475], [-0.3581964799999998, 0.3581964799999999, 0.506566320010303]]
4	[[-0.19118987636437412, 0.26283917413924524, 0.945707142678734], [0.07907792122591596, 0.9644731457555763, -0.2520679144415871], [-0.9783624653217047, 0.026591721534022325, -0.20518227700143543]]	0.5690608500918022	0.430939149908198	[[-0.1087986735728573, 0.1495714838731061, 0.5381649105506496], [0.04500014907631231, 0.5488439082143828, -0.1434419816729972], [-0.5567477762138806, 0.015132307661555225, -0.11676120097420847]]	0.8036004718755324	0.30489510509521456	[[-0.06686823837560495, 0.17707445357357443, 0.6922773262726374], [0.06923860178186257, 0.9083012845729178, -0.15214168065439046], [-0.7413495802239212, 0.0, -0.09114262464430067]]	[[0.08677203648863081, -0.03414323079209829, -0.06769337984005508], [0.005691546969780317, 0.13325020953245753, 0.050420214335550266], [0.04486295857391015, -0.021369119972723085, 0.07374194997454905]]	0.3865880899357438	[[0.0, 0.0, 0.8463999999999998], [0.0, 1.0, 0.0], [-0.8463999999999998, 0.0, 0.0]]
4	[[-0.6444901429183796, 0.6254792214998769, 0.43978199048273264], [0.6024876936975031, 0.7695704867721718, -0.21158885800605393], [-0.47078767467310584, 0.12859630383938042, -0.8728241266227346]]	0.5005138017337339	0.49948619826626606	[[-0.3225762116119957, 0.31306098305835967, 0.22011695599054126], [0.3015534060703267, 0.38518065003641994, -0.10590314372510926], [-0.23563572886002052, 0.06436422492355467, -0.4368605218608708]]	0.7494129461392433	0.4256220290420742	[[-0.3430078382517654, 0.4344788273367507, 0.3042608039772734], [0.48791734391317276, 0.7492411443957145, -0.11746808617184983], [-0.3154871594256736, 0.06436816950543647, -0.4850863368559235]]	[[0.13998141851039933, -0.03426339879635225, -0.025317513169371895], [0.036405266366689074, 0.17251505864196964, 0.041099343276705044], [0.03732721885714225, -0.03200356541745089, 0.16901936333783182]]	0.5136448225117893	[[-0.5984951795962937, 0.5984951795962936, 0.0], [0.7071067811865475, 0.7071067811865476, 0.0], [0.0, 0.0, -0.8463999999999998]]
4	[[0.8082379753195112, 0.5598220322729544, 0.18262165105265082], [0.5142410611933297, -0.8221198924002462, 0.24428469764306882], [0.2868928480010876, -0.10352861779037982, -0.95235199325892]]	0.6129084784115436	0.3870915215884564	[[0.49537590764750833, 0.3431196699816745, 0.11193035827168411], [0.31518270635274115, -0.5038842523228967, 0.1497241623316373], [0.17583905893550084, -0.06345356760195195, -0.5837046111005252]]	0.7957389275565283	0.3247387240698709	[[0.5568181660578087, 0.4696135693286607, 0.13192359658031316], [0.3705898640791333, -0.7417969975400067, 0.1610525347716847], [0.1656505236713064, -0.05049959178006875, -0.6671119566771156]]	[[-0.08632825363339917, 0.024141385745263914, -0.013395560176925708], [-0.038611766460377867, -0.0876041960385463, -0.033334308549281655], [-0.06264128352071714, 0.03188215951185782, 0.09071159709505942]]	0.42788211403502596	[[0.5984951795962937, 0.5984951795962936, 0.0], [0.7071067811865475, -0.7071067811865476, 0.0], [0.0, 0.0, -0.8463999999999998]]
4	[[0.38401809673392395, -0.5473175780213695, -0.7436219269021571], [0.16374961445699815, 0.8329771875431029, -0.5285215878258589], [0.9086892566471991, 0.08119405040767946, 0.40950135656961645]]	0.515130128972223	0.48486987102777707	[[0.19781929169821386, -0.2819397745549128, -0.3830620591116812], [0.08435236001438526, 0.4290916460499982, -0.27225739370133883], [0.46809321397234516, 0.0418255016582851, 0.21094648662400678]]	0.7494864355735184	0.3821071269518081	[[0.13970003099975395, -0.38343327772433966, -0.5214605419675173], [0.11063876590515972, 0.7900937453146061, -0.3961197609832593], [0.6381219746929404, 0.026808091348939442, 0.1707575871548544]]	[[-0.1481163235170813, 0.02677382295362763, 0.035874005440691775], [-0.012089348960753723, 0.16578864210887181, 0.0], [-0.04292829731551895, -0.03404574808088882, -0.13615812494302784]]	0.5043100211764175	[[0.0, -0.5506155652285901, -0.5506155652285902], [0.0, 0.7071067811865476, -0.7071067811865475], [0.7786879999999998, 0.0, 0.0]]
4	[[-0.11776339373586858, 0.36921076657559443, 0.9218542145808483], [-0.35654034849298993, -0.8821364675726786, 0.30775677486433006], [0.9268283352338275, -0.29243574067315803, 0.235521919541756]]	0.6302164198508183	0.3697835801491817	[[-0.07421642438970141, 0.23268268748164733, 0.5809676627375302], [-0.22469758195961528, -0.5559368864135011, 0.19395337283983247], [0.5841024352473567, -0.18429780552346, 0.14842978092999798]]	0.7967445339036126	0.3014156063723647	[[-0.04108958646632381, 0.24862985268821763, 0.7166965017451008], [-0.3238258085606296, -0.7643003313483785, 0.2452035281449597], [0.706152152200284, -0.23299657789939304, 0.05810945045297711]]	[[0.05273775378666842, -0.04553680743924984, -0.017785804778198015], [-0.039754234782750704, -0.06146292265280551, 0.0], [-0.032293257764253076, 0.0, -0.12954135155640342]]	0.5447120340188069	[[0.0, 0.0, 0.9199999999999999], [0.0, -1.0, 0.0], [0.9199999999999999, 0.0, 0.0]]
4	[[0.3150175355465583, 0.07704224194745776, 0.9459537225752019], [0.010291163786529306, 0.9963639725302899, -0.08457497378999636], [-0.9490300544482728, 0.036377564505737925, 0.3130792688035079]]	0.5325342313333975	0.4674657686666026	[[0.16775762114882772, 0.04102763109569106, 0.503752738528551], [0.005480396996585493, 0.5305979222397083, -0.04503906865729799], [-0.5053909905579034, 0.019372298351844255, 0.16672542775869825]]	0.7916241609812579	0.31273461133124486	[[0.0784670624760155, 0.03769661787398923, 0.7460408516174577], [-0.023560788485206027, 0.9597272374863003, -0.06441971373478694], [-0.7526768397161461, 0.03414216558111408, 0.076827018372044]]	[[-0.17090842979541235, -0.023291882267782095, -0.002798970343234009], [-0.03170752238323799, 0.17098144370005677, 0.0025318789317307984], [-0.0014017191175345277, 0.00534480660071771, -0.1710140951151587]]	0.34511264416534626	[[0.0, 0.0, 0.8463999999999998], [0.0, 1.0, 0.0], [-0.8463999999999998, 0.0, 0.0]]
4	[[0.2693697955279176, -0.8332118037256505, 0.4829057914226089], [-0.5456055074659315, 0.281164383477422, 0.7894689478925723], [-0.793570755181976, -0.4761351484568322, -0.37886775651129134]]	0.5250916547104583	0.4749083452895418	[[0.14144383166277205, -0.43751256474258743, 0.25356980108736116], [-0.2864928987344253, 0.14763707136580528, 0.4145435561914354], [-0.41669738096833175, -0.2500145929690077, -0.19894029718295295]]	0.7167160164367743	0.45052776299220104	[[0.2892688268786599, -0.4649704777275364, 0.3557759014567168], [-0.4803763193122628, 0.2988091690045091, 0.6249226560549853], [-0.4576749566744197, -0.3412536868875129, -0.13548309033700756]]	[[0.09620718007950241, 0.13220576708681134, 0.009669586314056691], [-0.08933211345531569, 0.09729415211466957, 0.059097616620889554], [0.11108991374032864, 0.0, 0.13605749886610297]]	0.5335978963717681	[[0.3581964799999998, -0.3581964799999999, 0.506566320010303], [-0.5, 0.5000000000000001, 0.7071067811865475], [-0.506566320010303, -0.5065663200103029, 0.0]]
4	[[-0.26061641159578686, 0.214194633552232, 0.9413818274028666], [0.3269392317606362, 0.9370465383592396, -0.12269687724115588], [-0.9083995953008238, 0.27579783158391824, -0.31423833526625644]]	0.5285316243734265	0.4714683756265736	[[-0.1377440153590947, 0.11320863760343203, 0.4975500663928618], [0.1727977232338492, 0.49525872903250506, -0.06484917983381502], [-0.4801179136845076, 0.145767875925717, -0.1660848977786759]]	0.7668199655380965	0.35990988689568515	[[-0.10782201085529447, 0.11742871811564025, 0.667748492495042], [0.2850198744466185, 0.8566829780620283, -0.06097802363495516], [-0.6221400556022405, 0.15759136217349487, -0.13679453587856943]]	[[0.09202385690324921, -0.04682000340332752, -0.05412188795221447], [0.034316344014875655, 0.13813698380980363, 0.0331083915427401], [0.07443889076115806, -0.05389592153716708, 0.10416969354105014]]	0.4994392896435363	[[0.0, 0.0, 0.8463999999999998], [0.0, 1.0, 0.0], [-0.8463999999999998, 0.0, 0.0]]
4	[[0.5977334925608182, 0.6122861497964367, -0.5175136158967237], [0.8005212526413146, -0.4209281575567265, 0.4265972459422119], [0.04336353238179311, -0.669272109790446, -0.7417509333435437]]	0.49813950853790645	0.5018604914620935	[[0.2977546682208924, 0.3050039217441639, -0.25779397828446887], [0.3987712633648938, -0.2096809455350743, 0.21250494243727788], [0.02160108870913402, -0.33339087984914056, -0.36949544539328627]]	0.6893258536588698	0.4673258953676056	[[0.43602007103043305, 0.33255835677135626, -0.24957704034785205], [0.6413443198724661, -0.3486420451603606, 0.2142434166086194], [0.08032399563898387, -0.3227355200936301, -0.46314302253335676]]	[[0.02398692101044948, -0.08950631612057494, 0.10715847471024545], [0.08952432402342414, -0.05848538362351487, -0.07982109411901861], [0.050432391662240325, 0.138611048317742, 0.0481650727959448]]	0.7434292984808366	[[0.5984951795962937, 0.5984951795962936, 0.0], [0.7071067811865475, -0.7071067811865476, 0.0], [0.0, 0.0, -0.8463999999999998]]
