4	[[-0.14788840876935622, -0.1760303547303998, -0.9732123780373726], [0.7447065518890947, -0.66734943231379, 0.007542331464318042], [-0.6508004072871522, -0.7236422109053288, 0.22978420413710982]]	0.7220696703125887	0.2779303296874114	[[-0.10678573456314237, -0.12710618020518782, -0.7027271409535762], [0.5377300144021834, -0.4818727845741114, 0.005446088793828397], [-0.4699232355291324, -0.5225200926526835, 0.16592020452432343]]	0.8712810567385807	0.19828844542422092	[[-0.0560351260524008, -0.0866055783084306, -0.8318146485173722], [0.726335688766449, -0.65309711239588, 0.004834988821339151], [-0.557890407797199, -0.6036275368938172, 0.10796884422387207]]	[[0.07281724301955105, 0.06676633517913935, 0.01612686065009668], [0.0774869772763735, -0.07164819379562895, -0.0017365017071645176], [0.00913965878984973, 0.02686821332442061, -0.09223777997854274]]	0.23956585219791007	[[0.0, 0.0, -0.9411919999999999], [0.7071067811865475, -0.7071067811865476, 0.0], [-0.665523245598529, -0.6655232455985289, 0.0]]
4	[[-0.8454278191407976, -0.5275798211578228, 0.08313443889216068], [0.5338434264073765, -0.8300116656812779, 0.16152965955087792], [-0.016217234797175482, 0.18094244151129993, 0.9833599718086266]]	0.8249878561539489	0.17501214384605127	[[-0.6974676840458749, -0.4352469456070759, 0.06858490251420511], [0.4404143438736999, -0.6847495446531654, 0.13326000753815603], [-0.01337902176806702, 0.1492753169096686, 0.8112600349700064]]	0.909160475672672	0.15045424186440212	[[-0.7465009367097668, -0.47456182634368627, 0.011764037630621536], [0.5116289585617495, -0.7293208386578586, 0.14184834380222383], [0.011764037630621536, 0.13107167662451702, 0.8887792152650117]]	[[0.022128621487190303, 0.0050928948154631976, -0.06381850837735595], [0.02627961507448999, 0.02529296212679928, -0.005008038310297115], [0.026508106532917013, -0.03343403956927106, -0.005252804461984679]]	0.3005636914775133	[[-0.6791053526515602, -0.6791053526515601, 0.0], [0.7071067811865475, -0.7071067811865476, 0.0], [0.0, 0.0, 0.9603999999999999]]
4	[[-0.9404471891782326, -0.16511750794278138, -0.2971452387932999], [-0.33967856319298195, 0.4221845412224513, 0.8404633762752188], [-0.01332509189135525, 0.8913452875982203, -0.45312914296316575]]	0.6910051877784547	0.3089948122215454	[[-0.6498538865538246, -0.11409705458151212, -0.20532890152983796], [-0.23471964934348216, 0.29173170818458083, 0.5807645531439716], [-0.009207707624551108, 0.6159242178322489, -0.3131145885211526]]	0.8101980412503531	0.3149297746833081	[[-0.7385593952968429, -0.07857831586318789, -0.24474267687962542], [-0.19927917362537442, 0.3594306747179027, 0.6789708042438369], [-0.11112652000215725, 0.6629623389223843, -0.41010572595029826]]	[[0.02338907527476163, 0.05519956564819323, -0.0039961864424253694], [0.07592773292831385, 0.017377586373293737, -0.0019709769570041002], [-0.10033055665230023, -0.05920386716742639, -0.04298138188809017]]	0.4958528845384591	[[-0.9223681599999999, 0.0, 0.0], [0.0, 0.7071067811865476, 0.7071067811865475], [0.0, 0.6522127806865583, -0.6522127806865584]]
4	[[-0.21951259035361326, -0.17809212642501718, -0.9592170855346885], [-0.39870436216914484, 0.9137219002469867, -0.0784035751501837], [0.8904207175619522, 0.3652334643956531, -0.27157956885967516]]	0.6867456760285895	0.31325432397141056	[[-0.15074932225917897, -0.12230399775711741, -0.6587381858636929], [-0.27380849673339697, 0.6274945640872444, -0.053843316219571224], [0.6114925776319445, 0.25082250241465653, -0.18650609461209045]]	0.8440184747787258	0.2532893593642048	[[-0.10071071565702243, -0.1300231594326167, -0.7963818348223876], [-0.3729904983415765, 0.8224315249507214, -0.035115582886977685], [0.7041040625576501, 0.27500678257187033, -0.13293430489549124]]	[[0.08456196604796148, 0.020289885482726314, 0.01321510669229495], [-0.03647665069595015, 0.051233360332340536, 0.031058483028479567], [-0.04742747339036734, -0.033257008985498854, 0.09628386859451576]]	0.4860522677359907	[[0.0, 0.0, -0.9411919999999999], [-0.7071067811865475, 0.7071067811865476, 0.0], [0.665523245598529, 0.6655232455985289, 0.0]]
4	[[-0.46302331253993745, -0.17599259499966094, -0.8686978868109609], [0.02399014622745857, 0.9772413149034422, -0.2107697448159405], [0.8860213794985587, -0.11843149475995327, -0.44826342268848407]]	0.6275842587411414	0.3724157412588588	[[-0.2905861423802445, -0.11045018227679214, -0.5451811193642528], [0.015055838137251164, 0.6133012662248952, -0.13227577406537158], [0.5560530706814064, -0.07432574185053062, -0.28132306784871924]]	0.8153514176079726	0.3192885846632323	[[-0.3373777173608808, -0.11889221594276117, -0.604337303685714], [0.03913340515097105, 0.924428162281369, -0.14331315040280665], [0.6386328649109351, -0.051046613982497026, -0.30128231045724513]]	[[0.040148996904096526, 0.024603595878718156, 0.10395674979865312], [0.01957300541579013, 0.12763307082976827, 0.028538259821741067], [-0.08378592289418642, 0.04551667315946205, 0.06420990669361216]]	0.5120035786338841	[[0.0, 0.0, -0.9411919999999999], [0.0, 1.0, 0.0], [0.9411919999999999, 0.0, 0.0]]
4	[[-0.328472184202533, 0.6350926635744277, -0.699116108296151], [0.7870892180276409, -0.22510676047337688, -0.5742974048816677], [-0.522107830883481, -0.738907473952673, -0.4259332786564415]]	0.6481831710947039	0.351816828905296	[[-0.2129101419728015, 0.41165637661465454, -0.4531552960387877], [0.5101779852756071, -0.14591041383848946, -0.37224991304765853], [-0.33842150947543215, -0.47894738961222083, -0.27608278323429636]]	0.8000682789590143	0.30955078615511844	[[-0.34833444846321304, 0.5148915594578389, -0.5174250192880291], [0.6541853219657306, -0.2740063833813876, -0.4593118382076418], [-0.4236546150738003, -0.5174250192880291, -0.23552179717925345]]	[[-0.08553427336238419, 0.006774065132350307, 0.04191560226899628], [0.02446020591115965, -0.0939056049474139, 0.00016529812666222013], [-0.00593270138782952, 0.07375141170723878, 0.10525390802677598]]	0.4923310870483752	[[-0.46118407999999983, 0.46118407999999994, -0.6522127806865584], [0.5, -0.5000000000000001, -0.7071067811865475], [-0.6522127806865584, -0.6522127806865583, 0.0]]
4	[[0.045438286595317165, 0.914755726437795, 0.40144404723515764], [0.8006341574927736, -0.2736772949406891, 0.532996889380964], [0.597428077652129, 0.29719135112450484, -0.7448201077103603]]	0.608846450545378	0.391153549454622	[[0.027664939512422465, 0.5569457771577101, 0.24441778325169686], [0.48746326497486436, -0.16662744961949913, 0.32451326425132737], [0.36374196453464724, 0.18094389926493998, -0.4534810788742791]]	0.7817362989811892	0.38216162199200293	[[-0.10678349321584456, 0.7193441548868416, 0.34052555282045655], [0.588129558109481, -0.34227948289623006, 0.4080083553924179], [0.43565776944950235, 0.22158967910256627, -0.41852429499278615]]	[[-0.1423042512109143, 0.004246398829510463, 0.026702169086814685], [-0.037755225006842086, -0.12833600723411248, -0.008654660280743132], [-0.03137344488171946, -0.010735587814723276, 0.16372861941548164]]	0.7441850225479664	[[1.8793106481542857e-16, 0.9411919999999999, 0.0], [1.0, -1.7938038903913487e-16, 0.0], [0.0, 0.0, -0.9411919999999999]]
4	[[0.39962180205666736, -0.8574648204204427, -0.3241242000565831], [-0.742889895952614, -0.510089041811326, 0.433501755377666], [-0.5370447074615821, 0.0675518405770078, -0.8408446533231704]]	0.605631808460414	0.3943681915395862	[[0.24202367467978905, -0.5193079698824168, -0.1962999254460535], [-0.44991775117275035, -0.3089261488680331, 0.2625424520801398], [-0.325251357404052, 0.040911543373482816, -0.5092422680263815]]	0.7985162598210077	0.3413210515112511	[[0.253236454725939, -0.7618163552880375, -0.19671648785990994], [-0.5866121667526675, -0.4726859275167343, 0.21759491132699546], [-0.2861195849572192, 0.0, -0.6620733815795595]]	[[-0.06586805199528216, -0.07711675395781373, 0.06210195608674894], [0.006597494422231568, -0.06537153367387265, -0.12856328900301983], [0.14271934620167057, -0.05394124308157726, 0.009354746082550384]]	0.6239565538006521	[[0.6791053526515602, -0.6791053526515601, 0.0], [-0.7071067811865475, -0.7071067811865476, 0.0], [0.0, 0.0, -0.9603999999999999]]
4	[[0.1093031896461408, 0.1859596356180152, -0.9764588197430523], [-0.9647495672926553, -0.21674161245263301, -0.1492693734162066], [-0.23939733737411129, 0.9583538424570789, 0.15571392842625953]]	0.784876114938035	0.2151238850619651	[[0.08578946283979828, 0.1459552763391604, -0.7663992048369058], [-0.7572088922648096, -0.17011531472722774, -0.11715796588614703], [-0.18789725208470243, 0.7521890406036497, 0.12221614318494183]]	0.871549093297417	0.2018184331977152	[[0.07892190077045351, 0.11197738279042799, -0.8444165420064474], [-0.8789498181909116, -0.1692559934597224, -0.11622953989158243], [-0.19242436268158938, 0.809118117226505, 0.041111523868962024]]	[[-0.01634119506015614, -0.05009556902237125, 0.006615256982875721], [-0.038123207557922395, 0.019644962353189965, 0.013866047166385991], [0.01622216964463303, -0.026134305225057906, -0.09460080926472335]]	0.3417556555027898	[[0.0, 0.0, -0.9223681599999999], [-1.0, -1.7938038903913487e-16, 0.0], [-1.8417244351911998e-16, 0.9223681599999999, 0.0]]
4	[[-0.7823064473600231, -0.6191382563410173, -0.06829671993547412], [0.4516132128936376, -0.48825713387833247, -0.7467599863120696], [0.42900131510151085, -0.6150388530425709, 0.6615777209740769]]	0.6875490426928573	0.31245095730714273	[[-0.537874048974834, -0.42568791544179135, -0.04695734441069742], [0.31050623219246604, -0.33570072498600595, -0.5134341137101947], [0.29495944351202064, -0.4228693746283326, 0.4548671287226488]]	0.79465030181229	0.3220391288313819	[[-0.7032189480369392, -0.5180641948823148, -0.04661959636904302], [0.3099876474597354, -0.3804520443087074, -0.5324239559550283], [0.2683308958805675, -0.3992550774051236, 0.5034108690374197]]	[[-0.08155889353259638, -0.026065792617390535, 0.0076524127404708694], [-0.04888692846861172, 0.007541634489713317, 0.06098909254919945], [-0.07257512864271742, 0.08948573279144013, -0.022312066606917612]]	0.6718770880733193	[[-0.9223681599999999, 0.0, 0.0], [0.0, -0.7071067811865476, -0.7071067811865475], [0.0, -0.6522127806865583, 0.6522127806865584]]
4	[[-0.07673908792314688, -0.9932055702045202, -0.08748604288363548], [-0.7029605032121287, -0.008330385140834728, 0.7111801006827707], [-0.7070768298484077, 0.11607454500500591, -0.6975450212663026]]	0.6105133809200338	0.389486619079966	[[-0.04685024001668011, -0.6063652906141718, -0.05341139982420331], [-0.4291667934692851, -0.005085811596696972, 0.4341849677108885], [-0.4316798659609709, 0.0708650629097608, -0.42586056927722726]]	0.7885348241505603	0.363681163887292	[[-0.054797579744754875, -0.8938167340855214, -0.040238067619362064], [-0.5543641202715194, -0.0034161001278441815, 0.4470508747318581], [-0.41234549275281446, 0.04023806761936213, -0.5041691420482056]]	[[0.005713863456198044, -0.11063955443894309, 0.02874772382151377], [-5.528348635418581e-05, 0.0031526986542903777, -0.11373940089940834], [0.1452092109326353, -0.05129075331451649, 0.04586939863311715]]	0.7910647270833955	[[0.0, -0.9223681599999999, -1.8417244351911998e-16], [0.0, -1.7938038903913487e-16, 1.0], [-0.9223681599999999, 0.0, 0.0]]
4	[[-0.7969422360492981, -0.5496472174344235, -0.2505414312391083], [-0.20133618011619125, -0.14934722918147175, 0.9680698051855754], [-0.5695145432532569, 0.8219387699229261, 0.008357243601908652]]	0.6765566826863036	0.32344331731369635	[[-0.5391765955141183, -0.371867498075191, -0.1695054795946098], [-0.1362153381241425, -0.10104186594340764, 0.6549540960051292], [-0.38530887012502896, 0.5560881675503159, 0.005654149007708668]]	0.7990276750208688	0.32863448274087775	[[-0.5289393685604281, -0.37069301750081063, -0.26937004617453447], [-0.18907500706759478, -0.21576819082964827, 0.7071067811865475], [-0.5242390928266535, 0.6749485546253196, -0.030268071002858686]]	[[0.10783953343597485, 0.06849032072750674, -0.06918050887514882], [-0.028201827171771558, -0.096435621525968, -0.0664077845087882], [-0.06918121144043157, 0.01819673028429096, -0.03694573992767479]]	0.5788478573492086	[[-0.46118407999999983, -0.46118407999999994, -0.6522127806865584], [-0.5, -0.5000000000000001, 0.7071067811865475], [-0.6522127806865584, 0.6522127806865583, 0.0]]
4	[[-0.4889737104017652, -0.6675742726348228, 0.5614706591194402], [-0.8352955409727327, 0.5438241864302344, -0.08084932581391074], [-0.2513683945268397, -0.5085271327761987, -0.8235375434449957]]	0.6060151332048234	0.3939848667951768	[[-0.2963254682427824, -0.4045601117549052, 0.3402597162768675], [-0.5062017385279856, 0.3295656867795232, -0.048995914952637255], [-0.15233305109266534, -0.30817513810763486, -0.49907621408999214]]	0.7957707073971806	0.3542810874022238	[[-0.3800001931242418, -0.4140928019605873, 0.3804459928793703], [-0.7754326750980114, 0.5421534814442261, 0.0], [-0.137870330245697, -0.32333823224274505, -0.5714940356570436]]	[[0.009110762300795001, 0.117143249214184, -0.06635591071086785], [-0.11072895157242921, 0.10939412390894222, 0.0643375251955209], [0.062161274884219755, 0.08133276393723053, 0.08385301785831704]]	0.6064360119317731	[[-0.6522127806865582, -0.6522127806865585, 0.0], [-0.7071067811865477, 0.7071067811865474, 0.0], [0.0, 0.0, -0.9223681599999999]]
4	[[-0.7906551711763438, -0.6122537057691856, -0.0031305053914775782], [0.21569187232512302, -0.27374870521795946, -0.9373039328864322], [0.5730108345441554, -0.7417594260697941, 0.3484989775187588]]	0.738712507667627	0.26128749233237303	[[-0.5840668642000537, -0.45227947031755267, -0.002312543488005324], [0.15933428388881724, -0.20222159250232494, -0.6923981387092655], [0.42329027050683277, -0.5479469657181173, 0.2574405536024863]]	0.8400517201525087	0.25361074322228283	[[-0.6827670061206493, -0.5692801457829374, -0.020533570467051142], [0.10332406192611021, -0.15884119012199893, -0.8308817628618744], [0.49117996408785725, -0.5714307634687394, 0.1992043857462471]]	[[-0.01857576952648548, -0.05495536708178516, -0.017903784027993832], [-0.0778682664435246, 0.07112188058587009, -0.04349798173491548], [0.009821226863014954, 0.0516855183405287, -0.09355277978977675]]	0.40503652300342724	[[-0.6522127806865583, -0.6522127806865584, 1.8417244351911998e-16], [-1.268410895014533e-16, -1.2684108950145333e-16, -1.0], [0.6522127806865584, -0.6522127806865583, 0.0]]
4	[[-0.09505120117050858, 0.5452103891734319, 0.8328930907946102], [-0.8397020396470369, 0.4054655520987933, -0.361245305400398], [-0.5346641504427332, -0.7337188273436738, 0.41927428806543177]]	0.6674433334239902	0.33255666657600985	[[-0.06344129055519851, 0.36389703956730635, 0.5559089409057647], [-0.5604535284249419, 0.2706252796814172, -0.241110770820209], [-0.3568580228338036, -0.4897157399182028, 0.27984182844536215]]	0.8041149396819133	0.32883511005133453	[[-0.15252530486055926, 0.4400343804816518, 0.5646376286452159], [-0.7421482944858431, 0.3851269046510873, -0.235317878421516], [-0.42311271360939817, -0.4781567958255622, 0.28613523501306853]]	[[-0.07609321396464241, 0.0016225612775051532, -0.10510414882057433], [-0.06693133952428656, 0.05908599668207237, 0.055164868540899414], [0.006818717473941593, 0.11183747476738026, -0.05100948384484327]]	0.5816189960087651	[[-0.46118407999999983, 0.46118407999999994, 0.6522127806865584], [-0.5, 0.5000000000000001, -0.7071067811865475], [-0.6522127806865584, -0.6522127806865583, 0.0]]
4	[[-0.5765804364735063, -0.21489234046914468, -0.7882742430675469], [0.7184694088670802, -0.5927529150888833, -0.36393088653729166], [-0.3890458954907621, -0.7761863588477473, 0.49616330732982133]]	0.6148447400840915	0.3851552599159087	[[-0.35450744860112504, -0.13212542522181336, -0.4846662720938497], [0.4417471369532509, -0.36445101201191193, -0.2237609913415941], [-0.23920282249380023, -0.47723410006256056, 0.30506339973446717]]	0.7767776908742589	0.35506540587134006	[[-0.3325153262472362, -0.11320484965748843, -0.5610637533376458], [0.5972677442572388, -0.5446048595547843, -0.17714953678087492], [-0.24684538621107216, -0.6104462314725904, 0.3068505917903279]]	[[0.11535949379992641, 0.05371872635869887, 0.05125009296801757], [0.039176735873674505, -0.0841676189130559, 0.10554385690138442], [0.05535678613235031, -0.007521983958738366, -0.07855799637386597]]	0.6728178096275104	[[0.0, 0.0, -0.9223681599999999], [0.7071067811865475, -0.7071067811865476, 0.0], [-0.6522127806865584, -0.6522127806865583, 0.0]]
4	[[0.4863417937448936, 0.8226223794475465, -0.29455743156310954], [-0.6786221941306434, 0.14325991665360527, -0.7203808117334284], [-0.5504031043610768, 0.5502445066626823, 0.6279230889187231]]	0.7519578091426321	0.2480421908573679	[[0.3657085097189081, 0.6185773222010761, -0.2214947609048766], [-0.5102952583340447, 0.107725413064801, -0.5416959769394598], [-0.41387991250065875, 0.41376065372283904, 0.47217167025339707]]	0.8417900539029215	0.23747734760372016	[[0.4688132133689998, 0.6582374039205088, -0.1869643340128592], [-0.598617342019736, 0.11472109667806248, -0.5676407986170506], [-0.4249831692895051, 0.4249831692895051, 0.5260336554999894]]	[[0.05941552859724214, -0.034237933216391056, 0.06099118218015689], [-0.027359928642782992, -0.005873676283903988, 0.03876860372266243], [0.038340689598941075, -0.0382071836338607, -0.0025457553677913497]]	0.43250796707919015	[[0.6522127806865584, 0.6522127806865583, 0.0], [-0.5, 0.5000000000000001, -0.7071067811865475], [-0.46118407999999983, 0.46118407999999994, 0.6522127806865584]]
4	[[-0.4173896908511048, -0.2512754656216099, -0.8732963336393107], [0.3950375357134564, 0.8152827950674679, -0.42339025667156843], [0.8183710596964306, -0.5217035599299856, -0.24102739306502285]]	0.7104965435073833	0.28950345649261666	[[-0.29655393264532526, -0.17853034979236215, -0.620474026508401], [0.2806728036800853, 0.5792556078764743, -0.3008173139198532], [0.5814498092207885, -0.3706685760657518, -0.17124912966329423]]	0.8470787141163962	0.24426665845195322	[[-0.32532836932819453, -0.23506420522826263, -0.7119773240206633], [0.36093121796906885, 0.7012105593432885, -0.360410301958235], [0.6706205266964822, -0.4322751280586149, -0.09026416409993197]]	[[0.028233553283399396, -0.022214106920510596, 0.027773411321087405], [0.02630333018920422, 0.010601857656316452, -0.00176542776747192], [-0.022604178221242777, 0.009648852636823519, 0.11390501008441478]]	0.4736366898515948	[[-0.46118407999999983, -0.46118407999999994, -0.6522127806865584], [0.5, 0.5000000000000001, -0.7071067811865475], [0.6522127806865584, -0.6522127806865583, 0.0]]
4	[[-0.9494449584333646, 0.029426784615528695, -0.3125513321882631], [-0.305151494792988, 0.14733284102383137, 0.940837711394187], [0.07373490442844376, 0.988649128003984, -0.1309047958093612]]	0.6799537841339481	0.320046215866052	[[-0.6455786923136654, 0.020008853554223386, -0.21252046105751615], [-0.20748891361862298, 0.10017952278135948, 0.6397261621184008], [0.050136327288875404, 0.6722357157670369, -0.08900921127185693]]	0.7716635413782571	0.3480994124193873	[[-0.7273555006258923, 0.040672172134051096, -0.2757895477213077], [-0.21142605288338187, 0.2054790228518621, 0.7071067811865475], [0.05751913744314814, 0.6522127806865584, -0.1488551360924188]]	[[0.005296558342530016, 0.017964595306256992, -0.03460507986242056], [0.024048230245444016, 0.09178764098609256, -0.018903379050105414], [0.0006205999687078669, -0.11069170660952178, -0.04784067777476955]]	0.7231614674337531	[[-0.9223681599999999, 0.0, 0.0], [0.0, 0.7071067811865476, 0.7071067811865475], [0.0, 0.6522127806865583, -0.6522127806865584]]
4	[[-0.10249990202145981, -0.9422123744706561, -0.3189507978982955], [0.6126683972808709, 0.19280684864693648, -0.7664613193685161], [0.7836652378783178, -0.27397328429831536, 0.5575010622697631]]	0.6501781126030834	0.3498218873969167	[[-0.0666431928383137, -0.6126058633046008, -0.20737482779076122], [0.3983435821956327, 0.1253587929502135, -0.4983363740102909], [0.5095219852763709, -0.1781314328887467, 0.36247498844076864]]	0.7850038771332465	0.36154247646438853	[[-0.15565415513403053, -0.7679596031685944, -0.2598472504759577], [0.4408889877118089, 0.2109556857587136, -0.6115314504423273], [0.5875282585628897, -0.2201282172302718, 0.26135756895665674]]	[[-0.07519133464140673, -0.028319236126206997, -0.009469637511053208], [-0.04005807955068689, 0.05960156203302536, -0.00985634306537871], [-0.02765199154613745, -0.005058126825165041, -0.1762829264310108]]	0.729085401181794	[[0.0, -0.9411919999999999, 1.8793106481542857e-16], [0.0, -1.7938038903913487e-16, -1.0], [0.9411919999999999, 0.0, 0.0]]
4	[[-0.4073423402475564, 0.6394988746997277, 0.652007213993393], [0.8839564696894593, 0.09663191055244695, 0.45747484472605926], [0.22954994562358777, 0.76269486894876, -0.6046514362369794]]	0.6287442608451009	0.37125573915489923	[[-0.25611415862986336, 0.4020812472843541, 0.4099457938279494], [0.555782557154144, 0.06075675917434809, 0.28763468310251344], [0.14432821088813583, 0.47954002162753917, -0.3801711203457483]]	0.7797067871022006	0.3892042714406698	[[-0.31524884847570056, 0.4754358080141782, 0.35709047788564646], [0.8297279821100869, -0.038118843863914426, 0.3566962413614338], [0.05707618026794356, 0.47277289549366275, -0.4394690210558585]]	[[0.0023587388894129933, -0.023185804933419273, -0.151283972104599], [0.14050112319031471, -0.11346340037230994, 0.0], [-0.121905470313709, -0.12190547031370898, 0.03198180760920779]]	0.7200607337016309	[[-0.6522127806865583, 1.0240343684131402e-16, 0.6522127806865584], [0.7071067811865476, -1.3401577416544657e-16, 0.7071067811865475], [1.8417244351911998e-16, 0.9223681599999999, 0.0]]
4	[[-0.10494230950179255, 0.25078566681139447, 0.9623376024028126], [-0.014608284002347344, -0.9679651692114681, 0.2506591894025037], [0.9943710121051078, 0.012246653231707691, 0.1052440486188438]]	0.8293531387224372	0.17064686127756296	[[-0.08703423377009309, 0.20798987991662937, 0.7981177110633974], [-0.012115426188695527, -0.8027849512595264, 0.20788498548058834], [0.8246847199439776, 0.01015680029656206, 0.08728448205389489]]	0.9081155088790294	0.14347742502119182	[[-0.040458691138093195, 0.21154632625431657, 0.8469222867563797], [-0.006256069027128132, -0.907855837564891, 0.21315026858365416], [0.9308579798761532, 0.0020294126657824907, 0.04211894275727879]]	[[0.054841047658067736, -0.01619602718167962, -0.026991414763075545], [0.00700994023351291, -0.0288316553492429, -0.014477228755805528], [0.027854242203767622, -0.009091963065794748, -0.05345481001071186]]	0.2817151837424356	[[0.0, 0.0, 0.98], [0.0, -1.0, 0.0], [0.98, 0.0, 0.0]]
4	[[-0.09107681945440971, 0.026979593008170225, -0.9954783345302809], [0.1626680633668992, -0.9858035016183849, -0.04159996823788131], [-0.9824683781774002, -0.16572132559825775, 0.08539512938935634]]	0.8325568936592737	0.16744310634072618	[[-0.07582663388932984, 0.022462046147073655, -0.8287923499016381], [0.1354304175343155, -0.8207375010658375, -0.034634340332454897], [-0.8179608210538409, -0.13797243205318255, 0.07109630365803427]]	0.9136766169056463	0.14308162806347413	[[-0.0533063065333109, 0.023944478748085755, -0.8937268965910581], [0.1407631947712059, -0.931156138685611, -0.025440588900124263], [-0.8487678607556687, -0.13248519281310084, 0.0533063065333109]]	[[0.029908453744320523, -0.0007061445171104436, 0.015818380305436266], [-0.007862811044455837, -0.03045053039318532, 0.012568329342845477], [0.04889052323423543, 0.018930507308634395, -0.024717226387376143]]	0.20567702365875154	[[0.0, 0.0, -0.9603999999999999], [0.0, -1.0, 0.0], [-0.9603999999999999, 0.0, 0.0]]
4	[[-0.7229741855265539, 0.37453352207805324, 0.5805454055472524], [0.6255107660641113, -0.0019251384381000977, 0.7802131602196173], [0.2933336131439832, 0.9272113754057388, -0.23288292491742163]]	0.7488806642728649	0.2511193357271351	[[-0.5414213883092591, 0.28048091280626825, 0.43475922894678615], [0.46843291799992026, -0.0014416989523416864, 0.5842865496996982], [0.21967187106482577, 0.6943706707352063, -0.1744015195099664]]	0.851763250172186	0.24725645068544397	[[-0.6203013705901018, 0.2580909905267462, 0.49043269009033763], [0.5700020185850392, -0.015357991354530032, 0.6663955197645317], [0.21787904142962294, 0.7301218733475339, -0.10997970359459187]]	[[-0.004498528535415193, -0.06092289953689271, -0.004054551411119889], [0.03721493546457783, -0.013718229181462399, 0.0018386225887580196], [-0.03197175028664694, -0.05964270136468111, 0.08838141344267636]]	0.391981167828829	[[-0.6522127806865583, 1.0240343684131402e-16, 0.6522127806865584], [0.7071067811865476, -1.3401577416544657e-16, 0.7071067811865475], [1.8417244351911998e-16, 0.9223681599999999, 0.0]]
4	[[0.5859585634738876, 0.36139819833278886, -0.7252888418646962], [-0.7596467684279905, 0.5565829073689794, -0.33638111487062594], [0.28211584341991347, 0.748068719748733, 0.600669494335248]]	0.7122611349854034	0.2877388650145967	[[0.41735551147432765, 0.25740989092619215, -0.5165950536987972], [-0.5410668694685143, 0.3964323733161049, -0.23959119466540746], [0.20094015083163197, 0.5328202753753102, 0.4278335357863321]]	0.8751767545037881	0.204695183391844	[[0.4989325477608935, 0.3576749186943176, -0.5539022307853394], [-0.6990931649016532, 0.5539443939266495, -0.3578067793349308], [0.15517285328114944, 0.6219051622782233, 0.5137898830699428]]	[[-0.013884766093885392, 0.04138761639391118, 0.08085370391561647], [-0.034267971539553556, 0.06683597144318348, -0.06341384694609051], [-0.09172837495718927, -0.03278719201727661, -0.011902095511811013]]	0.3338402101039795	[[0.6522127806865584, 0.46118407999999994, -0.46118407999999983], [-0.7071067811865475, 0.5000000000000001, -0.5], [0.0, 0.6522127806865583, 0.6522127806865584]]
4	[[-0.6423177830836196, 0.6472169826683319, -0.4105338510771609], [0.6354509445700302, 0.7491834873395028, 0.186885524701293], [0.4285206676224623, -0.14083422752840047, -0.8924885196891207]]	0.6186442666193571	0.3813557333806428	[[-0.3973662138523372, 0.40039707558644344, -0.2539744132220506], [0.39311808357610406, 0.4634780690884791, 0.11561565837060517], [0.26510185415253557, -0.087126287404211, -0.5521329057292718]]	0.8191140118759122	0.32952672752117124	[[-0.41236823661461697, 0.5284706456592427, -0.32328809963135136], [0.5211488976801463, 0.7330370096712746, 0.12335677422314023], [0.3355993997105218, -0.08638030142304765, -0.5831767529122688]]	[[0.11376325958624861, -0.0016738535684373487, 0.012985930135330104], [0.0006421251230509959, 0.11937031772542762, -0.02972377767647075], [-0.01540788351745765, 0.028978987697185474, 0.14787309900348095]]	0.46228188867348113	[[-0.665523245598529, 0.6655232455985289, 0.0], [0.7071067811865475, 0.7071067811865476, 0.0], [0.0, 0.0, -0.9411919999999999]]
4	[[0.5316565726284, 0.12413974256263854, 0.8378129941087711], [-0.8431913025942939, 0.17079270063273144, 0.5097629651513687], [-0.0798105006271736, -0.9774554607382677, 0.19547661308345798]]	0.794966911391682	0.20503308860831798	[[0.42264938346348674, 0.09868698772597931, 0.6660336082504672], [-0.6703091855357148, 0.13577454571024658, 0.40524468994824914], [-0.06344670718020795, -0.7770447486460341, 0.15539743935226344]]	0.8947498211480378	0.1678787605753281	[[0.4782860658217423, 0.11070959629005613, 0.6834179546768379], [-0.7658551379241432, 0.16676187004395931, 0.4688243461846634], [-0.04398596218423441, -0.8443161839898609, 0.1565670125582474]]	[[0.0025864425503026034, -0.0003644161652282315, -0.06621507195748713], [-0.011409870734317974, 0.013945131699432567, 0.012714024287582955], [0.027424468977664398, 0.030261914685876967, -0.01833565203680084]]	0.3436991041678622	[[0.6522127806865583, 1.0240343684131402e-16, 0.6522127806865584], [-0.7071067811865476, -1.3401577416544657e-16, 0.7071067811865475], [1.8417244351911998e-16, -0.9223681599999999, 0.0]]
4	[[-0.9811165986123564, 0.18418769307433647, 0.05903485112435114], [-0.17683959200596489, -0.7305894532589015, -0.6595201357699575], [-0.0783452527373813, -0.6575058513099433, 0.74936511585922]]	0.8173414570011902	0.18265854299880993	[[-0.8019072701978753, 0.15054423741906617, 0.04825163123182552], [-0.14453832978565134, -0.5971410481963333, -0.5390531486918397], [-0.06403482302149771, -0.5374067904964769, 0.6124871756222405]]	0.8921122758014557	0.1524516468399268	[[-0.8613676454085242, 0.12141518359765145, 0.03903989860486007], [-0.1331561603255855, -0.6388893923617226, -0.6055516637436559], [-0.033773751632566976, -0.5607228833695483, 0.6574349229565656]]	[[0.013898516206128425, -0.04290091844551487, -0.013625816783284936], [0.024604610550656728, 0.012878427461617247, -0.017185654485034157], [0.0361190100852185, 0.02584615799533871, -0.011082895958824807]]	0.23669306412186794	[[-0.9223681599999999, 0.0, 0.0], [0.0, -0.7071067811865476, -0.7071067811865475], [0.0, -0.6522127806865583, 0.6522127806865584]]
4	[[0.607699742283575, 0.04436598313018672, -0.7929266566141968], [-0.48983361298617956, -0.764959691968786, -0.4182101161520675], [-0.6251112339555114, 0.6425483088483792, -0.443133857856411]]	0.6209347478686208	0.3790652521313792	[[0.3773418862546776, 0.02754838054888599, -0.4923557136030448], [-0.3041547109771489, -0.47499005346229606, -0.2596811930289907], [-0.3881532864460079, 0.398980572148177, -0.2751572103001198]]	0.7975519071471567	0.3579213788559034	[[0.5077143335085021, 0.09624352017292512, -0.47663543195851577], [-0.46488182954406165, -0.683382118861654, -0.2995013531899658], [-0.4181879275334657, 0.41735526992915617, -0.35342225345485767]]	[[0.023042245077401307, 0.06085934571498612, 0.15576473525195556], [-0.074214097322152, -0.07328705764124732, 0.034042922535349546], [0.08037072928686485, -0.09511035922704884, 0.0]]	0.5511816303793279	[[0.46118407999999983, 0.46118407999999994, -0.6522127806865584], [-0.5, -0.5000000000000001, -0.7071067811865475], [-0.6522127806865584, 0.6522127806865583, 0.0]]
4	[[-0.7351688989075352, -0.09676064626795722, 0.6709426707349067], [-0.4070551462354579, -0.7284396683943796, -0.5510732777342012], [0.5420634630763377, -0.6782426017608253, 0.49613926991762536]]	0.648622618951909	0.3513773810480911	[[-0.4768471765813967, -0.06276114379380167, 0.43518859225866346], [-0.264025175009095, -0.47248244546242263, -0.3574385926383704], [0.35159462305871547, -0.4399234926388631, 0.32180715261885817]]	0.8073760533165348	0.3098469955069868	[[-0.559524429779769, -0.15899525618435129, 0.456229973057829], [-0.39401876178872214, -0.6650051447167961, -0.414730361161201], [0.4097999912427155, -0.5005801339080544, 0.33274933961108344]]	[[0.034033334341259255, -0.08087302748417069, -0.08547307244177521], [-0.0653721843389532, -0.07688040016933662, 0.030193006904045017], [-0.027849068222951304, 0.04701670109273892, -0.06782162603035588]]	0.5360260588132628	[[-0.47059599999999985, -0.47059599999999996, 0.665523245598529], [-0.5, -0.5000000000000001, -0.7071067811865475], [0.665523245598529, -0.6655232455985289, 0.0]]
4	[[0.14079796079058327, 0.02201185143879847, 0.9897936212329567], [-0.639458496161006, -0.7612176221964431, 0.10789144240901527], [0.755823237221983, -0.6481228356213269, -0.09310222350434222]]	0.8263553159576491	0.1736446840423509	[[0.11634914337529512, 0.01818961045052115, 0.8179212206068256], [-0.5284199276369312, -0.6290362287026721, 0.08915666698102832], [0.6245785500027049, -0.535579750609229, -0.07693551732029037]]	0.9151997292889326	0.13757388092568235	[[0.11611676405646612, 0.04264070197760895, 0.8629993568830083], [-0.5875348030963783, -0.7300960626194483, 0.06407094306564848], [0.6472945358080416, -0.5810605635542903, -0.0734760620788572]]	[[-0.012741491543509382, 0.022495461499672388, -0.042859497321305895], [-0.002302560518317739, -0.03342990085529862, -0.03467127581967474], [-0.044434686287801825, 0.012101280152323448, 0.011731067668514507]]	0.17906826192076486	[[0.0, 0.0, 0.9603999999999999], [-0.7071067811865475, -0.7071067811865476, 0.0], [0.6791053526515602, -0.6791053526515601, 0.0]]
4	[[-0.19118987636437412, 0.26283917413924524, 0.945707142678734], [0.07907792122591596, 0.9644731457555763, -0.2520679144415871], [-0.9783624653217047, 0.026591721534022325, -0.20518227700143543]]	0.7305133583460658	0.26948664165393443	[[-0.139666758664708, 0.19200752780536645, 0.6908517008101039], [0.05776747780576951, 0.7045605167405006, -0.18413897871001259], [-0.7147068502218947, 0.01942560780202205, -0.14988839424541134]]	0.8710151678790703	0.21192649630677213	[[-0.08097220637262804, 0.23093350223564355, 0.7785631753117026], [0.0716715689790637, 0.8948886952089122, -0.1820895686063127], [-0.8457097608564162, -0.008500625617871762, -0.10571393186340254]]	[[0.08555707588566598, 0.0019965948475526435, -0.045162090333050596], [0.0027935001469446153, 0.05481795624376372, 0.03746540820795338], [0.0064587861223493965, -0.031662418414021704, 0.07300294358481267]]	0.34357807568175713	[[0.0, 0.0, 0.9603999999999999], [0.0, 1.0, 0.0], [-0.9603999999999999, 0.0, 0.0]]
4	[[0.5977334925608182, 0.6122861497964367, -0.5175136158967237], [0.8005212526413146, -0.4209281575567265, 0.4265972459422119], [0.04336353238179311, -0.669272109790446, -0.7417509333435437]]	0.6345303617789451	0.36546963822105494	[[0.3792800492820083, 0.3885141521425703, -0.3283781019204781], [0.5079550400502276, -0.26709169609741445, 0.27068890480161334], [0.02751547789023221, -0.42467347395388955, -0.470663488084349]]	0.7667871512023386	0.37338464228804447	[[0.5261134482106002, 0.4122623357035193, -0.301854919303496], [0.6537296668325498, -0.3699450376551037, 0.19303408123808077], [0.0975435966294696, -0.38235981300288546, -0.5659882834774467]]	[[0.06777908627166619, -0.05723081681953873, 0.09496787193837411], [0.03990025604278877, -0.047182734861332204, -0.13407520568871129], [0.06429299716836413, 0.13082944144250952, 0.0027768016027250307]]	0.7341511838097126	[[0.6791053526515602, 0.6791053526515601, 0.0], [0.7071067811865475, -0.7071067811865476, 0.0], [0.0, 0.0, -0.9603999999999999]]
4	[[0.3150175355465583, 0.07704224194745776, 0.9459537225752019], [0.010291163786529306, 0.9963639725302899, -0.08457497378999636], [-0.9490300544482728, 0.036377564505737925, 0.3130792688035079]]	0.7028948619720858	0.2971051380279144	[[0.22142420716678474, 0.05415259601967836, 0.6649060112614773], [0.007233606149264632, 0.7003391169456369, -0.05944731452841227], [-0.6670683491287797, 0.025569603182141305, 0.22006180943196324]]	0.8417975333880235	0.23915455538050306	[[0.14180009585565237, 0.03870437971629071, 0.7933899834728002], [-0.026670051270713147, 0.945234169041363, -0.06265500170067058], [-0.7985957074679211, 0.046402656889665723, 0.13266631143896349]]	[[-0.1233808885414144, -0.026149589521762558, -0.0029115268902236736], [-0.03533312756190567, 0.10649743460867263, 0.008540002622105095], [0.00029545147773686695, 0.01578011281807181, -0.13088304479475552]]	0.32699388338028834	[[0.0, 0.0, 0.9603999999999999], [0.0, 1.0, 0.0], [-0.9603999999999999, 0.0, 0.0]]
4	[[-0.11776339373586858, 0.36921076657559443, 0.9218542145808483], [-0.35654034849298993, -0.8821364675726786, 0.30775677486433006], [0.9268283352338275, -0.29243574067315803, 0.235521919541756]]	0.7412102335196488	0.2587897664803513	[[-0.0872874325710295, 0.2736627985114648, 0.683287777660543], [-0.264271354965666, -0.6538485771257433, 0.2281124709644441], [0.6869746467912925, -0.21675636363384287, 0.1745712569825409]]	0.8471542038911994	0.22914688141449868	[[-0.06031199072207069, 0.29346756058583523, 0.7825097557688092], [-0.3028037202297738, -0.7665818904280509, 0.26071744560231463], [0.7836094379669951, -0.24773816707930243, 0.07815404351338687]]	[[0.03945176334576494, -0.01931089244057192, 0.0015570825118238403], [-0.0007590651471040682, -0.019276273518123596, 0.0], [-0.0015570825118238403, 0.0, -0.12136934073493655]]	0.524831183447868	[[0.0, 0.0, 0.98], [0.0, -1.0, 0.0], [0.98, 0.0, 0.0]]
4	[[0.8082379753195112, 0.5598220322729544, 0.18262165105265082], [0.5142410611933297, -0.8221198924002462, 0.24428469764306882], [0.2868928480010876, -0.10352861779037982, -0.95235199325892]]	0.7121128413063614	0.2878871586936385	[[0.5755566410564781, 0.3986564580277951, 0.13004722281516207], [0.36619766320278047, -0.5854421324716196, 0.1739582701262712], [0.2043000811405286, -0.07372405817122772, -0.6781820838433863]]	0.8502561672515355	0.23788791431219306	[[0.6422845108662665, 0.5075624823146979, 0.10765210508037004], [0.41639980969838397, -0.7547913582909993, 0.17558621872657054], [0.15224306702267287, -0.058566055768997025, -0.7836739582562482]]	[[-0.044924812256042446, 0.03157034681133036, -0.0476230800008042], [-0.020836824035218846, -0.05577884955752126, -0.03211835200962539], [-0.09168934633060927, 0.029459789994300444, 0.026069197406441542]]	0.38071997006249647	[[0.6791053526515602, 0.6791053526515601, 0.0], [0.7071067811865475, -0.7071067811865476, 0.0], [0.0, 0.0, -0.9603999999999999]]
4	[[-0.9354158387137099, -0.0645142516937865, 0.34761346350784095], [-0.3448283291114701, 0.383514201978592, -0.8567439992920377], [-0.07804250204675633, -0.9212788764587595, -0.3809916005178692]]	0.7444007884304449	0.25559921156955523	[[-0.6963242878488115, -0.04802445982585487, 0.25876373630427446], [-0.2566904800637312, 0.28548827432713675, -0.6377609085560453], [-0.05809490005468995, -0.6858007220002149, -0.2836104478108789]]	0.8607154201915314	0.22724024357842718	[[-0.773066044282192, -0.015410766645369972, 0.33107897789839064], [-0.36024263635724557, 0.31632226770450256, -0.7153255257527847], [0.014213406893378931, -0.7910435059489994, -0.294656270181926]]	[[0.03206079239009254, 0.04011764460958974, 0.03188270959100575], [-0.063443576172123, -0.013774319800920878, 0.022087245594434618], [0.08138579183535116, 0.0019154293157838606, 0.03326907534725579]]	0.543496425153939	[[-0.9223681599999999, 0.0, 0.0], [0.0, 0.7071067811865476, -0.7071067811865475], [0.0, -0.6522127806865583, -0.6522127806865584]]
4	[[-0.26061641159578686, 0.214194633552232, 0.9413818274028666], [0.3269392317606362, 0.9370465383592396, -0.12269687724115588], [-0.9083995953008238, 0.27579783158391824, -0.31423833526625644]]	0.6690965992151605	0.33090340078483954	[[-0.1743775546983995, 0.14331690087993595, 0.6298753792782112], [0.21875392812105887, 0.6269746521225056, -0.08209606329637742], [-0.6078070799442093, 0.18453539118371529, -0.2102558014696856]]	0.8385822024730343	0.27139565538264454	[[-0.12184999106052119, 0.1681732673785828, 0.7625712460170636], [0.2960080626403252, 0.8540165220918424, -0.05038383122362633], [-0.7158540362972096, 0.1658372984089365, -0.16953479080888548]]	[[0.09669829337609258, -0.011446540183552385, -0.02685480017452183], [0.021842641595649095, 0.06822597213481878, 0.052507586329825676], [0.0459136970557683, -0.06544185463799267, 0.0939798844801516]]	0.46821936210387544	[[0.0, 0.0, 0.9603999999999999], [0.0, 1.0, 0.0], [-0.9603999999999999, 0.0, 0.0]]
4	[[-0.9945741148769375, -0.05571399045578551, -0.08785374940347358], [0.04382460725063632, 0.541520885874493, -0.8395442418128012], [0.09434900007993284, -0.8388391272640996, -0.5361410120059088]]	0.7706160601333829	0.22938393986661726	[[-0.7664347859171119, -0.042934095819346325, -0.06770151023325034], [0.033771946176378236, 0.417304691552541, -0.6469662759334488], [0.07270685471912205, -0.6464229033379857, -0.41315887434791815]]	0.8728430122108519	0.21499996820904962	[[-0.8815783990009077, -0.04078976099909216, -0.05768543321087326], [0.0442228632426906, 0.5394361724391077, -0.7071067811865475], [0.05768543321087326, -0.6522127806865583, -0.4567689888110102]]	[[-0.013471332704779803, 0.00783980625262233, 0.01899709805247196], [0.005970861041087655, 0.06677345123732616, 0.025683543721613664], [-0.024666432217977236, 0.07996208991496036, 0.011197947078001796]]	0.27019567277423356	[[-0.9223681599999999, 0.0, 0.0], [0.0, 0.7071067811865476, -0.7071067811865475], [0.0, -0.6522127806865583, -0.6522127806865584]]
