4	[[0.1093031896461408, 0.1859596356180152, -0.9764588197430523], [-0.9647495672926553, -0.21674161245263301, -0.1492693734162066], [-0.23939733737411129, 0.9583538424570789, 0.15571392842625953]]	0.8508762651997271	0.14912373480027294	[[0.09300348978052576, 0.1582286402325589, -0.8308456336643019], [-0.8208825086710274, -0.18442029371706314, -0.1270097669610853], [-0.203697512323643, 0.8154405382096871, 0.13249328585891335]]	0.9071091551983018	0.16165562578405387	[[0.09521986226581483, 0.1688051548513082, -0.8657273697959968], [-0.8686631582464409, -0.17894289437267072, -0.12628131730871264], [-0.22185532233487648, 0.8261393207038454, 0.08890733510920845]]	[[-0.003930061754575741, 0.0001194668848663507, 0.020027365267054276], [0.006470006718326817, 0.017665406595555, 0.009122297907842351], [-0.004695805872723443, -0.043192223708441835, -0.05234219495814467]]	0.3169191860825301	[[0.0, 0.0, -1.0], [-1.0, -1.7938038903913487e-16, 0.0], [-1.9967346175427393e-16, 1.0, 0.0]]
4	[[-0.07673908792314688, -0.9932055702045202, -0.08748604288363548], [-0.7029605032121287, -0.008330385140834728, 0.7111801006827707], [-0.7070768298484077, 0.11607454500500591, -0.6975450212663026]]	0.633320705594057	0.366679294405943	[[-0.04860045331013168, -0.6290176525218745, -0.05540672240869589], [-0.4451994418990587, -0.0052758053952637225, 0.4504050831688648], [-0.4478063967888025, 0.07351241274407944, -0.44176970505199625]]	0.8161398133315327	0.317433465723012	[[-0.058357591539026296, -0.9416424084609736, -0.04286211876345216], [-0.5386220699431078, -0.01047410550442612, 0.4657164466105522], [-0.4458824572813181, 0.06269610809268637, -0.5281479644386817]]	[[0.004272233353802772, -0.1310477997944181, 0.028538723944712498], [0.035091983927879274, -0.0036753465306054826, -0.11470594800578492], [0.1311910946422133, -0.03203694940024174, 0.04114629900793863]]	0.7671619772018823	[[0.0, -1.0, -1.9967346175427393e-16], [0.0, -1.7938038903913487e-16, 1.0], [-1.0, 0.0, 0.0]]
4	[[-0.7969422360492981, -0.5496472174344235, -0.2505414312391083], [-0.20133618011619125, -0.14934722918147175, 0.9680698051855754], [-0.5695145432532569, 0.8219387699229261, 0.008357243601908652]]	0.7103184599246952	0.28968154007530506	[[-0.5660827817594803, -0.39042456498991374, -0.17796420358509235], [-0.143012805387254, -0.10608409382620346, 0.6876378531190174], [-0.4045366932683696, 0.5838382812040512, 0.005936304404523236]]	0.8429068884696383	0.265798540977914	[[-0.6136440738994943, -0.3863559261005057, -0.22312063636221097], [-0.15777011499437715, -0.14535015072298052, 0.7071067811865475], [-0.5463897905945525, 0.7071067811865475, -0.012419964271396591]]	[[0.05810402657885581, 0.07694549970313899, -0.011937538123724287], [0.011937538123724301, -0.019464342472064175, -0.10888592612383476], [-0.06634205900274243, 0.014288930118251967, -0.019464342472064192]]	0.552964037033082	[[-0.4999999999999999, -0.5, -0.7071067811865476], [-0.5, -0.5000000000000001, 0.7071067811865475], [-0.7071067811865476, 0.7071067811865475, 0.0]]
4	[[-0.7906551711763438, -0.6122537057691856, -0.0031305053914775782], [0.21569187232512302, -0.27374870521795946, -0.9373039328864322], [0.5730108345441554, -0.7417594260697941, 0.3484989775187588]]	0.7789583358808249	0.22104166411917528	[[-0.6158874363950934, -0.47692012778283305, -0.002438533270211221], [0.1680149819293971, -0.21323883586611225, -0.7301207117757674], [0.44635156611819804, -0.5777996881552424, 0.27146618358418134]]	0.8844103318182017	0.20584009228019035	[[-0.7401110874111309, -0.5624003617026203, -0.03580348965020296], [0.13766316711982082, -0.21519682448438876, -0.7731993895991227], [0.47264544852771323, -0.5922535256184281, 0.28203510879785254]]	[[-0.040847485117283366, -0.020916858626371444, -0.033034838338167734], [-0.05309695325373033, 0.02690935873222998, 0.055761892699472085], [-0.034131253786907755, 0.06376617452123726, -0.026180987547816927]]	0.37550861488926224	[[-0.7071067811865475, -0.7071067811865476, 1.9967346175427393e-16], [-1.268410895014533e-16, -1.2684108950145333e-16, -1.0], [0.7071067811865476, -0.7071067811865475, 0.0]]
4	[[-0.46302331253993745, -0.17599259499966094, -0.8686978868109609], [0.02399014622745857, 0.9772413149034422, -0.2107697448159405], [0.8860213794985587, -0.11843149475995327, -0.44826342268848407]]	0.6689085635482335	0.3310914364517668	[[-0.3097202588804343, -0.1177229539163492, -0.5810794556241057], [0.016047214252321376, 0.6536850841920482, -0.1409856872442585], [0.5926672882334051, -0.07921984103875049, -0.2998472421617685]]	0.8348646549887865	0.2836376432101153	[[-0.30071704332280463, -0.16849186844137562, -0.6589878329621469], [0.0498288861367972, 0.8937930654686747, -0.19101918861750128], [0.7108090056003488, -0.06591181081627691, -0.2618894284389797]]	[[0.08584475475261528, -0.021561871336402465, 0.06625732859977392], [0.029800360983479462, 0.07792883226102425, -0.015054978329666522], [-0.028898927707404144, 0.03296245819629773, 0.11234985928793413]]	0.5177252348370114	[[0.0, 0.0, -1.0], [0.0, 1.0, 0.0], [1.0, 0.0, 0.0]]
4	[[-0.09505120117050858, 0.5452103891734319, 0.8328930907946102], [-0.8397020396470369, 0.4054655520987933, -0.361245305400398], [-0.5346641504427332, -0.7337188273436738, 0.41927428806543177]]	0.7148762122646551	0.28512378773534497	[[-0.06794984266397894, 0.3897579378996414, 0.5954154579686524], [-0.6002830135337791, 0.2898576780881825, -0.2582456756230252], [-0.38221868270220083, -0.52451813615871, 0.2997292149521758]]	0.8348409938637564	0.28107309240153505	[[-0.1206319926643803, 0.4868506582151255, 0.6031403180289662], [-0.6565020288953999, 0.4005618188400541, -0.27239347906899425], [-0.41348590711064204, -0.596178625696276, 0.2891517775772415]]	[[-0.041279353411249095, 0.03168667505273222, -0.09219297767226217], [0.04451565643295586, 0.06206255434838066, 0.02918891072009027], [0.03287364362829038, 0.01635992933986663, -0.060875585772822496]]	0.5621564253800202	[[-0.4999999999999999, 0.5, 0.7071067811865476], [-0.5, 0.5000000000000001, -0.7071067811865475], [-0.7071067811865476, -0.7071067811865475, 0.0]]
4	[[-0.7823064473600231, -0.6191382563410173, -0.06829671993547412], [0.4516132128936376, -0.48825713387833247, -0.7467599863120696], [0.42900131510151085, -0.6150388530425709, 0.6615777209740769]]	0.7177778840937886	0.2822221159062114	[[-0.5615222664990063, -0.44440374759797313, -0.04902187512583066], [0.3241579763795929, -0.3504601724488872, -0.5360078029009839], [0.3079276562270152, -0.4414612865723672, 0.4748658567243638]]	0.8275588232260478	0.2948489509188846	[[-0.7357625188273462, -0.5702419622381807, -0.0656060545824625], [0.28675011286142194, -0.31161839114517226, -0.5841733232413637], [0.34909790395922125, -0.46760776340478716, 0.456352009570059]]	[[-0.0883579158479354, -0.05786863540638131, -0.00908650140246265], [-0.08698638615417129, 0.09244310799890348, 0.03381449226335226], [-0.005925919528611986, 0.04137306605742095, -0.09114247067181862]]	0.6646053984204111	[[-1.0, 0.0, 0.0], [0.0, -0.7071067811865476, -0.7071067811865475], [0.0, -0.7071067811865475, 0.7071067811865476]]
4	[[-0.14788840876935622, -0.1760303547303998, -0.9732123780373726], [0.7447065518890947, -0.66734943231379, 0.007542331464318042], [-0.6508004072871522, -0.7236422109053288, 0.22978420413710982]]	0.7845075280602151	0.21549247193978494	[[-0.11601956999240627, -0.1380971384531087, -0.7634924369717028], [0.58422789615276, -0.5235406534968793, 0.005917015812882939], [-0.5105578187814249, -0.5677027620773685, 0.18026743797488787]]	0.9013643366149862	0.15910968438227865	[[-0.08748948416594249, -0.10571373853458114, -0.8554615113642328], [0.7194202141660602, -0.6613721533998591, 0.009765616804089362], [-0.5698376183087243, -0.6234720924355683, 0.14414977260003542]]	[[0.04581185329749418, 0.05295374538108635, 0.021757418150916644], [0.04816828704971262, -0.059847175051952195, 0.0029672282072239937], [0.016770659074422475, 0.028793188943715062, -0.06296951412661314]]	0.2375617065985756	[[0.0, 0.0, -1.0], [0.7071067811865475, -0.7071067811865476, 0.0], [-0.7071067811865476, -0.7071067811865475, 0.0]]
4	[[-0.8454278191407976, -0.5275798211578228, 0.08313443889216068], [0.5338434264073765, -0.8300116656812779, 0.16152965955087792], [-0.016217234797175482, 0.18094244151129993, 0.9833599718086266]]	0.8517095922835197	0.14829040771648028	[[-0.720058983145554, -0.4493447943753414, 0.07080639905356137], [0.45467956704866386, -0.7069288973679664, 0.13757636047777397], [-0.013812374437068438, 0.1541104130863739, 0.8375371206570588]]	0.9315897529338726	0.12260943539549624	[[-0.7768353606135064, -0.4779055485082592, 0.025209679661019474], [0.4957314839481067, -0.7333548427196082, 0.1480068710993222], [0.017825935439847455, 0.16583280653916965, 0.9134838670052348]]	[[0.010756532543291848, 0.013582406737053573, -0.05223751172682462], [-0.0015915817641130347, 0.03987551984464564, -0.002472504533172712], [0.03293374519781877, -0.00273131784359398, -0.0026042061770233616]]	0.28528202001456016	[[-0.7071067811865476, -0.7071067811865475, 0.0], [0.7071067811865475, -0.7071067811865476, 0.0], [0.0, 0.0, 1.0]]
4	[[-0.328472184202533, 0.6350926635744277, -0.699116108296151], [0.7870892180276409, -0.22510676047337688, -0.5742974048816677], [-0.522107830883481, -0.738907473952673, -0.4259332786564415]]	0.7019346751127272	0.2980653248872729	[[-0.2305660159017729, 0.4457935624725925, -0.4907338383429329], [0.5524852145409627, -0.15801024077855824, -0.40311926231369577], [-0.36648559064500696, -0.5186647776673353, -0.2989773375734079]]	0.8464063757348247	0.2696953632606045	[[-0.34895231033726404, 0.5486306900419282, -0.5483978288395424], [0.6715354120071948, -0.2527858121006016, -0.4254931068742758], [-0.42549310687427583, -0.5483978288395424, -0.2753571555968679]]	[[-0.0709313593766964, 0.011084210410120372, 0.04333850260123806], [0.005338079596461804, -0.062254014814923306, 0.060595878185531866], [0.016422290006582182, 0.07701816819211404, 0.08515548709558195]]	0.4690498728373388	[[-0.4999999999999999, 0.5, -0.7071067811865476], [0.5, -0.5000000000000001, -0.7071067811865475], [-0.7071067811865476, -0.7071067811865475, 0.0]]
4	[[0.045438286595317165, 0.914755726437795, 0.40144404723515764], [0.8006341574927736, -0.2736772949406891, 0.532996889380964], [0.597428077652129, 0.29719135112450484, -0.7448201077103603]]	0.6371247456502985	0.3628752543497015	[[0.028949856789826756, 0.5828135095388343, 0.2557699364875262], [0.5101038339515244, -0.17436657692934826, 0.33958550757924694], [0.38063621201845954, 0.18934796399466874, -0.47454332168019125]]	0.8018316773550236	0.33522822331498525	[[-0.07885654872337622, 0.7542540221100089, 0.31693620610367035], [0.5874133101001207, -0.3421163876115078, 0.41800759711903535], [0.44525014186303646, 0.2511668851091471, -0.4507131279057498]]	[[-0.1152904062802376, 0.020773903610278654, -0.004954347655085466], [-0.05456051935003608, -0.12267326315522957, -0.009366192718312995], [-0.033786615739757435, 0.012869445541579599, 0.14650722838739777]]	0.7347040277275407	[[1.9967346175427393e-16, 1.0, 0.0], [1.0, -1.7938038903913487e-16, 0.0], [0.0, 0.0, -1.0]]
4	[[-0.21951259035361326, -0.17809212642501718, -0.9592170855346885], [-0.39870436216914484, 0.9137219002469867, -0.0784035751501837], [0.8904207175619522, 0.3652334643956531, -0.27157956885967516]]	0.7401727743490194	0.2598272256509806	[[-0.16247724300657373, -0.13181894330572125, -0.7099863714031911], [-0.2951101138917921, 0.6763120738892703, -0.05803219173779332], [0.6590651728556748, 0.27033586662683434, -0.20101580293937632]]	0.8645714000552169	0.227154869823482	[[-0.10435538289581442, -0.12665958769108823, -0.8405581514639254], [-0.3565529662271242, 0.839138701639179, -0.022847310561660426], [0.7479555427885547, 0.25536303571172353, -0.1462696244908845]]	[[0.0854289246759563, 0.027313771390999532, -0.011246492866315076], [-0.011844577618424374, 0.049160879081528414, 0.044938178175268316], [-0.021876743632153212, -0.06040737194784347, 0.08853030358451704]]	0.47421073123251756	[[0.0, 0.0, -1.0], [-0.7071067811865475, 0.7071067811865476, 0.0], [0.7071067811865476, 0.7071067811865475, 0.0]]
4	[[-0.4889737104017652, -0.6675742726348228, 0.5614706591194402], [-0.8352955409727327, 0.5438241864302344, -0.08084932581391074], [-0.2513683945268397, -0.5085271327761987, -0.8235375434449957]]	0.6483458417468199	0.3516541582531803	[[-0.3170240718624982, -0.4328190037199452, 0.3640271671029352], [-0.5415603906193315, 0.3525861499133899, -0.05241832419948285], [-0.1629736533380506, -0.32970145195088135, -0.5339371418149541]]	0.8205308856710559	0.31876408480119595	[[-0.41602078514471313, -0.45152541262679885, 0.37615313593715755], [-0.7744550757313917, 0.5439564990075503, -0.0005571160861360028], [-0.12849282994897324, -0.3231604281432867, -0.6236160990241487]]	[[-0.014802753478890344, 0.09623989654946317, -0.08455088126842823], [-0.08906928569995175, 0.09773195766660861, 0.06578225282985994], [0.07776270144184594, 0.09410179050133016, 0.05212189088213924]]	0.6192532790929965	[[-0.7071067811865476, -0.7071067811865475, 0.0], [-0.7071067811865475, 0.7071067811865476, 0.0], [0.0, 0.0, -1.0]]
4	[[-0.9404471891782326, -0.16511750794278138, -0.2971452387932999], [-0.33967856319298195, 0.4221845412224513, 0.8404633762752188], [-0.01332509189135525, 0.8913452875982203, -0.45312914296316575]]	0.7220162798615903	0.27798372013840983	[[-0.6790181809367566, -0.11921752882486358, -0.21454369989212232], [-0.245253452545327, 0.3048241118685065, 0.6068282402981455], [-0.009620933276210157, 0.6435658086238263, -0.32716661809913566]]	0.8519635747430703	0.2620554734433487	[[-0.7805201108602545, -0.06771313400956389, -0.28501696652843156], [-0.22383309032337376, 0.35197320033283325, 0.6637898524711352], [-0.08525127512985818, 0.7145396832035659, -0.41533313315876885]]	[[0.02070663828910506, 0.07296096831003542, -0.031860046668208505], [0.06556067263810904, -0.007712650608309603, -0.05225433002093034], [-0.07389878220831929, -0.04485403434900397, -0.029283608699606403]]	0.46479986997224393	[[-1.0, 0.0, 0.0], [0.0, 0.7071067811865476, 0.7071067811865475], [0.0, 0.7071067811865475, -0.7071067811865476]]
4	[[0.39962180205666736, -0.8574648204204427, -0.3241242000565831], [-0.742889895952614, -0.510089041811326, 0.433501755377666], [-0.5370447074615821, 0.0675518405770078, -0.8408446533231704]]	0.6437082670789402	0.3562917329210598	[[0.2572398576888606, -0.551957193633998, -0.2086414271367709], [-0.4782043675541114, -0.32834853316032575, 0.279048663729836], [-0.34570011798401135, 0.04348367823581853, -0.5412586546732503]]	0.8229205453730323	0.32592335107612286	[[0.23028769913522176, -0.8079600128545079, -0.23333784234938001], [-0.5674090796262201, -0.4636255414846018, 0.24055093322828788], [-0.33720263214427626, 0.0, -0.6627973678557237]]	[[-0.0985692921562048, -0.1023345951959281, 0.03339062112978123], [0.04393027870322029, -0.04386278900841787, -0.1161865677272679], [0.10474249140970955, -0.055589797488583406, 0.029150972830977864]]	0.6198959330464855	[[0.7071067811865474, -0.7071067811865477, 0.0], [-0.7071067811865477, -0.7071067811865474, 0.0], [0.0, 0.0, -1.0]]
4	[[0.5316565726284, 0.12413974256263854, 0.8378129941087711], [-0.8431913025942939, 0.17079270063273144, 0.5097629651513687], [-0.0798105006271736, -0.9774554607382677, 0.19547661308345798]]	0.8702087518266585	0.12979124817334167	[[0.4626522024673992, 0.10802749042751646, 0.729072199867549], [-0.7337524509816747, 0.14862530283871328, 0.4436001936318289], [-0.06945179613343337, -0.8505902964551992, 0.1701054594826586]]	0.9321187868287077	0.11842909749509571	[[0.5114726921232342, 0.11848366315767214, 0.7390635339395247], [-0.7673894490887712, 0.16858251779540367, 0.46239515192368097], [-0.050098854637731505, -0.9098422519915743, 0.1675612033572253]]	[[0.015905612635341116, 0.0027706769229573387, -0.041877697718470455], [0.018565004949939852, 0.00938343288242344, -0.012764484723417575], [0.024294012383061222, 0.0012623462508754742, -0.01464622008351224]]	0.31225019557245504	[[0.7071067811865475, 1.1102230246251565e-16, 0.7071067811865476], [-0.7071067811865476, -1.3401577416544657e-16, 0.7071067811865475], [1.9967346175427393e-16, -1.0, 0.0]]
4	[[-0.10494230950179255, 0.25078566681139447, 0.9623376024028126], [-0.014608284002347344, -0.9679651692114681, 0.2506591894025037], [0.9943710121051078, 0.012246653231707691, 0.1052440486188438]]	0.860074057787721	0.13992594221227916	[[-0.09025815796682164, 0.21569424608947546, 0.8276816066602934], [-0.012564206099214346, -0.8325217308808855, 0.21558546615119228], [0.8552327113277229, 0.01053302873931394, 0.09051767595361718]]	0.9215622553102808	0.13855352737156626	[[-0.0732493960063056, 0.22988813804491212, 0.8323857610910453], [-0.014005959217895518, -0.8989185162125428, 0.2152755224300774], [0.91723539066422, 0.004090619492999582, 0.07953193154703214]]	[[0.023461475415635848, -0.0012264666612891995, -0.05446825014917891], [-0.000543516066479191, -0.006878351812224689, -0.015722525469940768], [0.0008605981334703907, -0.007195433879215896, -0.0174570112561344]]	0.27445621924199665	[[0.0, 0.0, 1.0], [0.0, -1.0, 0.0], [1.0, 0.0, 0.0]]
4	[[-0.6423177830836196, 0.6472169826683319, -0.4105338510771609], [0.6354509445700302, 0.7491834873395028, 0.186885524701293], [0.4285206676224623, -0.14083422752840047, -0.8924885196891207]]	0.658251547053632	0.34174845294636813	[[-0.4228066744148518, 0.42603158012081316, -0.27023454258942653], [0.418286567339914, 0.4931511895682628, 0.12301768575655589], [0.2820743924069411, -0.09270434814867282, -0.5874819488129697]]	0.8401833165079009	0.27563723892206393	[[-0.45751238187866017, 0.5578605964671235, -0.2972923434446504], [0.5194923307486151, 0.7320565207432898, 0.09328728973523208], [0.31318499946999123, -0.05491902401672371, -0.6640667959499881]]	[[0.0821523033645378, 0.014079685468607783, 0.04763134909211932], [-0.014402951338311194, 0.1026050536774314, -0.06373081021561953], [-0.04685091624522902, 0.06340754434591613, 0.08578716846764446]]	0.4653904883044505	[[-0.7071067811865476, 0.7071067811865475, 0.0], [0.7071067811865475, 0.7071067811865476, 0.0], [0.0, 0.0, -1.0]]
4	[[0.4863417937448936, 0.8226223794475465, -0.29455743156310954], [-0.6786221941306434, 0.14325991665360527, -0.7203808117334284], [-0.5504031043610768, 0.5502445066626823, 0.6279230889187231]]	0.7982530970902827	0.2017469029097173	[[0.3882238431013048, 0.6566608621297818, -0.2351313820162112], [-0.5417122682189891, 0.11435767215763619, -0.5750462140506211], [-0.43936098270433555, 0.43923438160040085, 0.5012415504638676]]	0.8830160649072817	0.21262953153277883	[[0.49407293012790116, 0.7098121993641002, -0.2065023938025079], [-0.5876949926114942, 0.10137354761410142, -0.5742244073881415], [-0.47173358552526545, 0.4521072006355355, 0.5448580410216933]]	[[0.06462531321533636, -0.016576577040337034, 0.053596550305545], [0.011539306808491877, -0.025127260248310183, 0.061883422223423815], [0.014281197800404427, -0.0337675383745949, -0.009608134019742594]]	0.3997034709005785	[[0.7071067811865476, 0.7071067811865475, 0.0], [-0.5, 0.5000000000000001, -0.7071067811865475], [-0.4999999999999999, 0.5, 0.7071067811865476]]
4	[[-0.7229741855265539, 0.37453352207805324, 0.5805454055472524], [0.6255107660641113, -0.0019251384381000977, 0.7802131602196173], [0.2933336131439832, 0.9272113754057388, -0.23288292491742163]]	0.8111129935942324	0.1888870064057676	[[-0.5864137559137951, 0.3037890062941213, 0.4708879218108095], [0.5073599099876829, -0.0015615048016107463, 0.6328410320273502], [0.23792670507902872, 0.7520731943999744, -0.18889436638675072]]	0.8833940175285337	0.20353455146447774	[[-0.6621699655188419, 0.3024265826909606, 0.5131672683304217], [0.5604319970558964, -0.016285525441654583, 0.6570464831390055], [0.2551618539654861, 0.763915824934652, -0.1303926745525805]]	[[-0.02349889519711985, -0.028434090076682714, 0.0003169301663025579], [0.007859528415170151, -0.014584869662522667, -0.032189154996035765], [-0.003967305025938086, -0.05517715708318099, 0.07533470810401643]]	0.39631321146922843	[[-0.7071067811865475, 1.1102230246251565e-16, 0.7071067811865476], [0.7071067811865476, -1.3401577416544657e-16, 0.7071067811865475], [1.9967346175427393e-16, 1.0, 0.0]]
4	[[-0.4173896908511048, -0.2512754656216099, -0.8732963336393107], [0.3950375357134564, 0.8152827950674679, -0.42339025667156843], [0.8183710596964306, -0.5217035599299856, -0.24102739306502285]]	0.7708904266401662	0.22910957335983392	[[-0.3217617168554152, -0.1937058508972493, -0.6732157832225011], [0.3045306544450263, 0.6284937017219475, -0.32638749560083496], [0.6308744153593462, -0.40217627989412025, -0.1858057098718625]]	0.8748211447930161	0.20880340011574705	[[-0.3572123396818775, -0.2469671417630625, -0.7450847998969017], [0.36586614246804056, 0.7037832795923273, -0.3492642813418418], [0.6958352212522916, -0.46816328204681984, -0.11024519791881505]]	[[0.007928987493289089, -0.027146051269567588, 0.018893298440983995], [0.02027895323898276, -0.0094433485186448, 0.021126467693788696], [-0.020093086056813675, -0.011765976506277911, 0.10061066200880449]]	0.4427589913902063	[[-0.4999999999999999, -0.5, -0.7071067811865476], [0.5, 0.5000000000000001, -0.7071067811865475], [0.7071067811865476, -0.7071067811865475, 0.0]]
4	[[0.607699742283575, 0.04436598313018672, -0.7929266566141968], [-0.48983361298617956, -0.764959691968786, -0.4182101161520675], [-0.6251112339555114, 0.6425483088483792, -0.443133857856411]]	0.6765159086090334	0.3234840913909668	[[0.41111854331244824, 0.03001429338865133, -0.5364274975596763], [-0.3313802317565909, -0.5175074010615496, -0.2829257967181053], [-0.42289769442112685, 0.4346941529857591, -0.2997871044831561]]	0.8332666055639447	0.30156960952766076	[[0.4888113492144654, 0.1141657066542006, -0.5618260428583163], [-0.40576015162473295, -0.7114755612296786, -0.27128350940973367], [-0.43999253652281567, 0.5378158885843259, -0.3258046482960029]]	[[-0.017564552240253294, 0.07719701448880267, 0.09889326075976299], [0.0024018403593838566, -0.07406019530960753, 0.07719701448880267], [0.08089177949518217, 0.0024018403593838566, 0.04344399725046434]]	0.5420302582843053	[[0.4999999999999999, 0.5, -0.7071067811865476], [-0.5, -0.5000000000000001, -0.7071067811865475], [-0.7071067811865476, 0.7071067811865475, 0.0]]
4	[[-0.9811165986123564, 0.18418769307433647, 0.05903485112435114], [-0.17683959200596489, -0.7305894532589015, -0.6595201357699575], [-0.0783452527373813, -0.6575058513099433, 0.74936511585922]]	0.8633797430635022	0.13662025693649799	[[-0.8470761968252734, 0.15902392312197983, 0.05096949459553439], [-0.15267972150956452, -0.6307761344395749, -0.5694163253662721], [-0.06764170417864541, -0.5676772329667281, 0.646986661191285]]	0.9278289734430569	0.13449628858708976	[[-0.914373292955857, 0.15139126643346887, 0.040719734234544974], [-0.1410603255006244, -0.6302887683569898, -0.5978655184344763], [-0.05105067516738946, -0.5875345775016318, 0.7055845344682883]]	[[-0.004064886437410571, -0.019503411752537586, -0.01405451108152543], [0.02301657161435905, 0.04757329406854086, 0.014056372101988866], [0.021640320254071872, 0.022518401552076097, 0.010301868286590826]]	0.20277939553391613	[[-1.0, 0.0, 0.0], [0.0, -0.7071067811865476, -0.7071067811865475], [0.0, -0.7071067811865475, 0.7071067811865476]]
4	[[-0.09107681945440971, 0.026979593008170225, -0.9954783345302809], [0.1626680633668992, -0.9858035016183849, -0.04159996823788131], [-0.9824683781774002, -0.16572132559825775, 0.08539512938935634]]	0.8834593678145095	0.11654063218549067	[[-0.08046266933774904, 0.023835374182890827, -0.8794646600971627], [0.14371062442573138, -0.8709173383291079, -0.03675188164054231], [-0.8679708922823527, -0.1464080575464193, 0.07544312702475899]]	0.9363227215063175	0.10115863552420959	[[-0.06547554467844946, 0.020652867698781094, -0.9415067599521804], [0.14062789989913832, -0.9277538002362352, -0.02953321891085796], [-0.8929233244140394, -0.14950825111121518, 0.0456088736157196]]	[[0.019801750779242934, -0.00460873825176167, -0.009417776564211427], [-0.01168190389471886, -0.004723582730451431, 0.009417776564211435], [0.0269841412349217, 0.005660391484580078, -0.03434852633750664]]	0.1903937647979399	[[0.0, 0.0, -1.0], [0.0, -1.0, 0.0], [-1.0, 0.0, 0.0]]
4	[[0.5859585634738876, 0.36139819833278886, -0.7252888418646962], [-0.7596467684279905, 0.5565829073689794, -0.33638111487062594], [0.28211584341991347, 0.748068719748733, 0.600669494335248]]	0.7925051784451931	0.20749482155480703	[[0.46437519590736226, 0.2864099436594981, -0.5747951630462884], [-0.602023997768339, 0.4410948363239974, -0.26658377546613843], [0.22357826683171472, 0.5928483342337368, 0.47603368479473956]]	0.9131787799242617	0.15135884021057175	[[0.5114188101962805, 0.36221289856628036, -0.6181878478544505], [-0.6889292483198468, 0.5566620552209697, -0.3265703888592647], [0.2134916698392672, 0.6637261880075087, 0.5138613268584206]]	[[-0.023666115882977175, 0.0321917327459179, 0.04413053185223335], [0.004764060846633663, 0.048402354943066925, -0.019394292792143598], [-0.04413053185223335, -0.019394292792143598, -0.034657309116364304]]	0.3240152412597987	[[0.7071067811865476, 0.5, -0.4999999999999999], [-0.7071067811865475, 0.5000000000000001, -0.5], [0.0, 0.7071067811865475, 0.7071067811865476]]
4	[[-0.7351688989075352, -0.09676064626795722, 0.6709426707349067], [-0.4070551462354579, -0.7284396683943796, -0.5510732777342012], [0.5420634630763377, -0.6782426017608253, 0.49613926991762536]]	0.6971462709471834	0.30285372905281666	[[-0.5125202563897351, -0.06745632372014584, 0.46774518092218403], [-0.28377697726790996, -0.5078289984311447, -0.3841786805910398], [0.3778975219003851, -0.472834300615075, 0.34588164189353066]]	0.8372381981117731	0.28780894349160707	[[-0.567293093003185, -0.11759597901788243, 0.46272917426804366], [-0.31318325038889533, -0.6883648320832487, -0.3885813182311163], [0.36850015779863715, -0.584168589602129, 0.38178863971434635]]	[[0.04821839122597593, -0.03658426988836732, -0.09900965841435022], [0.02761886677740384, -0.07848731668360086, 0.07279827984661498], [-0.08533607928962347, -0.01631797582125484, -0.03359810864397676]]	0.5378711394444671	[[-0.4999999999999999, -0.5, 0.7071067811865476], [-0.5, -0.5000000000000001, -0.7071067811865475], [0.7071067811865476, -0.7071067811865475, 0.0]]
4	[[-0.9494449584333646, 0.029426784615528695, -0.3125513321882631], [-0.305151494792988, 0.14733284102383137, 0.940837711394187], [0.07373490442844376, 0.988649128003984, -0.1309047958093612]]	0.7072697713204031	0.292730228679597	[[-0.6715137186324753, 0.020812675225719744, -0.2210581092426801], [-0.2158244279403157, 0.10420406477891049, 0.6654260729873781], [0.05215046899343718, 0.6992416426794938, -0.09258500499683098]]	0.8233758048902641	0.28650121349181323	[[-0.7787352449954519, 0.042951690226842296, -0.29363113642169997], [-0.2076285677312963, 0.11045581114409549, 0.7207429684597993], [0.04710667557239637, 0.7071067811865475, -0.10042478917139736]]	[[0.0030147618536231213, 0.01872238775869889, -0.036283931711664594], [0.043625789907347425, -0.01085448542067094, -0.05392003943050306], [-0.013604860709880214, -0.10692299033779043, 0.007359052442131076]]	0.6996128168007786	[[-1.0, 0.0, 0.0], [0.0, 0.7071067811865476, 0.7071067811865475], [0.0, 0.7071067811865475, -0.7071067811865476]]
4	[[-0.4073423402475564, 0.6394988746997277, 0.652007213993393], [0.8839564696894593, 0.09663191055244695, 0.45747484472605926], [0.22954994562358777, 0.76269486894876, -0.6046514362369794]]	0.6714502800650756	0.32854971993492443	[[-0.273510128441585, 0.4293916985184328, 0.4377904264403134], [0.5935328191383229, 0.06488352340366384, 0.30717161261403947], [0.15413137527788084, 0.512111683359841, -0.40599337620306997]]	0.8153453839004389	0.35225851024580684	[[-0.3512742802580917, 0.5190961186864121, 0.3790920448043593], [0.8236034143738112, -0.04370364980310242, 0.36408391543075436], [0.07458474911696035, 0.49900652578723703, -0.47009945958232324]]	[[-0.01914958347004467, -0.002316336809536025, -0.15251902739493936], [0.1028735872435824, -0.12249203200952002, -0.008916087467207996], [-0.11257773942182875, -0.12285321493468454, 0.022900297822268413]]	0.7346405234407652	[[-0.7071067811865475, 1.1102230246251565e-16, 0.7071067811865476], [0.7071067811865476, -1.3401577416544657e-16, 0.7071067811865475], [1.9967346175427393e-16, 1.0, 0.0]]
4	[[-0.5765804364735063, -0.21489234046914468, -0.7882742430675469], [0.7184694088670802, -0.5927529150888833, -0.36393088653729166], [-0.3890458954907621, -0.7761863588477473, 0.49616330732982133]]	0.6696864238644951	0.33031357613550494	[[-0.38612809057217207, -0.14391048300465298, -0.5278965588643971], [0.4811492090802326, -0.39695857994112893, -0.2437195739389941], [-0.26053875447036856, -0.5198014669091517, 0.33227383093848845]]	0.8161863473132649	0.32327905149123043	[[-0.41906375468512047, -0.11402449438355737, -0.5337057532984754], [0.5513933984688446, -0.5622975517976914, -0.2156953294873637], [-0.23257772792677034, -0.653064233572651, 0.3769503158873253]]	[[0.05153332569247861, 0.06136770004955233, 0.10967292183195453], [-0.03501152401069826, -0.07850071517200577, 0.08134009146998666], [0.08495622045105292, -0.019551524510325023, -0.02801140159307037]]	0.678681023250215	[[0.0, 0.0, -1.0], [0.7071067811865475, -0.7071067811865476, 0.0], [-0.7071067811865476, -0.7071067811865475, 0.0]]
4	[[-0.10249990202145981, -0.9422123744706561, -0.3189507978982955], [0.6126683972808709, 0.19280684864693648, -0.7664613193685161], [0.7836652378783178, -0.27397328429831536, 0.5575010622697631]]	0.6889341391341648	0.31106586086583543	[[-0.07061568176049063, -0.6491222710874986, -0.2197360933762172], [0.42208817485540523, 0.1328312202917484, -0.5280413692387846], [0.5398937360270692, -0.1887495487638197, 0.3840815144012016]]	0.8170524461261065	0.3181909739007372	[[-0.08737298308410023, -0.8061546858269822, -0.2109933298756987], [0.49241187898469074, 0.19290945044682128, -0.5549852967589984], [0.5559211604851948, -0.18074416983469047, 0.37478973585958225]]	[[-0.0036251874097801996, -0.03631776049544552, 0.04960619974097703], [-0.008170333677806124, 0.03537614312997594, 0.0712537990920907], [-0.08437443906728158, 0.0431063722744513, -0.08071787078583051]]	0.7125033812428614	[[0.0, -1.0, -1.9967346175427393e-16], [0.0, 1.7938038903913487e-16, -1.0], [1.0, 0.0, 0.0]]
4	[[-0.11776339373586858, 0.36921076657559443, 0.9218542145808483], [-0.35654034849298993, -0.8821364675726786, 0.30775677486433006], [0.9268283352338275, -0.29243574067315803, 0.235521919541756]]	0.7765507137828611	0.2234492862171389	[[-0.09144924746308088, 0.2867108843205952, 0.7158665483364965], [-0.27687166211462133, -0.6850237035474555, 0.23898874319240682], [0.7197292052800096, -0.22709118315536056, 0.18289471473166016]]	0.8714022326640052	0.21080552944631417	[[-0.07733795294875573, 0.3153441194882229, 0.7920422359446204], [-0.301993336087314, -0.7763248823372615, 0.23800616653946713], [0.7975723114975826, -0.22465538313855823, 0.10937238194630268]]	[[0.025281331278770504, -0.006386966829338982, -0.01126358483185354], [0.00869671962427991, -0.0076291949800903446, -0.03017377419478372], [-0.010067969121437632, 0.03017377419478372, -0.09586194458369568]]	0.518826543858972	[[0.0, 0.0, 1.0], [0.0, -1.0, 0.0], [1.0, 0.0, 0.0]]
4	[[0.6724379315615234, 0.726914486201285, 0.13936483755948603], [-0.3270676168278158, 0.46074031506667057, -0.825072806541846], [-0.6639683744123911, 0.509228526128483, 0.547569453089907]]	0.8504700496722017	0.14952995032779842	[[0.5718883210566013, 0.6182189991870497, 0.11852562032177445], [-0.27816121232972113, 0.3918458386407372, -0.7016997107628269], [-0.5646852163672773, 0.433083609910993, 0.4656914199683536]]	0.9367317369690165	0.1212597142783917	[[0.6022240183338105, 0.7012928823362214, 0.10770204371397918], [-0.2902204635457146, 0.442534154461324, -0.7361233796484058], [-0.5843649293133899, 0.4852960653109788, 0.5181357593385353]]	[[-0.02766993330166821, 0.020369013048951643, -0.02284542264552299], [0.016154153271722028, 0.010944078837269791, 0.036748503549438837], [0.037595319342423696, 0.00828554351647271, 0.005210074434452233]]	0.2437239216482648	[[0.7071067811865476, 0.7071067811865475, 0.0], [-0.5, 0.5000000000000001, -0.7071067811865475], [-0.4999999999999999, 0.5, 0.7071067811865476]]
4	[[-0.9354158387137099, -0.0645142516937865, 0.34761346350784095], [-0.3448283291114701, 0.383514201978592, -0.8567439992920377], [-0.07804250204675633, -0.9212788764587595, -0.3809916005178692]]	0.7851023674304083	0.21489763256959185	[[-0.7343971895060346, -0.050650291737793035, 0.27291215315068973], [-0.27072553754248707, 0.3010979079165763, -0.6726317421259749], [-0.06127135311710084, -0.7232982269713986, -0.29911740753767946]]	0.915593357572209	0.15917314130167715	[[-0.8635173954577537, 0.0006156889183065783, 0.31714590892418537], [-0.31572252763718556, 0.35226972513246857, -0.709014612638185], [-0.002778547070109546, -0.8364599527935842, -0.3488333787249656]]	[[-0.007056866963643889, 0.05968450923787917, -0.0011266692662633049], [1.2658635413358593e-18, 0.0011266692662633086, 0.0754145022534542], [0.06867664941221599, 0.007056866963643889, 0.0]]	0.5164735148450342	[[-1.0, 0.0, 0.0], [0.0, 0.7071067811865476, -0.7071067811865475], [0.0, -0.7071067811865475, -0.7071067811865476]]
4	[[-0.9945741148769375, -0.05571399045578551, -0.08785374940347358], [0.04382460725063632, 0.541520885874493, -0.8395442418128012], [0.09434900007993284, -0.8388391272640996, -0.5361410120059088]]	0.8465567595730417	0.15344324042695828	[[-0.8419634398454464, -0.04716505522313319, -0.0743731854113466], [0.03710001750365989, 0.4584281663870337, -0.710721852867251], [0.07987178377662466, -0.7101249333797746, -0.4538737977979334]]	0.9159525565757006	0.1444988314592263	[[-0.924038142699745, -0.06770472791829052, -0.07065236267129493], [0.049958764751723936, 0.49600743985588003, -0.7331098737350785], [0.06974585191029586, -0.7071067811865475, -0.4910797306318956]]	[[-0.013055439474199675, -0.016673355923279592, 0.009817503699577616], [0.00981750369957762, -1.39897286085532e-17, 0.03587282091176491], [-0.016673355923279592, 0.061230061986734065, 0.0]]	0.23792349106480504	[[-1.0, 0.0, 0.0], [0.0, 0.7071067811865476, -0.7071067811865475], [0.0, -0.7071067811865475, -0.7071067811865476]]
4	[[0.2693697955279176, -0.8332118037256505, 0.4829057914226089], [-0.5456055074659315, 0.281164383477422, 0.7894689478925723], [-0.793570755181976, -0.4761351484568322, -0.37886775651129134]]	0.7146990946683689	0.2853009053316312	[[0.19251834899480633, -0.5954957217897211, 0.3451323319398509], [-0.3899437622319773, 0.2009479303243037, 0.564232742327611], [-0.5671643002838519, -0.3402933595418875, -0.27077644257765593]]	0.8553524957815606	0.2679186446932818	[[0.2792398901654249, -0.717102646888978, 0.40373473647465485], [-0.4713042668480214, 0.27974150414789173, 0.6205969669081493], [-0.6325827125184169, -0.37479858686719264, -0.21217062964292122]]	[[0.04883376327245194, -0.004412851057587159, -0.009319937446043465], [-0.004619234324871987, 0.039246847015594985, -0.05467726801380531], [0.04620001350574396, 0.03246480069468263, 0.11189485146017245]]	0.4876492529941117	[[0.4999999999999999, -0.5, 0.7071067811865476], [-0.5, 0.5000000000000001, 0.7071067811865475], [-0.7071067811865476, -0.7071067811865475, 0.0]]
4	[[0.8082379753195112, 0.5598220322729544, 0.18262165105265082], [0.5142410611933297, -0.8221198924002462, 0.24428469764306882], [0.2868928480010876, -0.10352861779037982, -0.95235199325892]]	0.742464060791397	0.25753593920860307	[[0.6000876492415411, 0.4156477394018702, 0.13559001262898063], [0.3818055065192768, -0.6103944737688732, 0.1813726086012715], [0.21300762893889655, -0.07686627797276585, -0.7070871282177988]]	0.8709227660199621	0.21458923207919292	[[0.675918176936885, 0.5324631990113357, 0.10352834456805521], [0.4289348544432805, -0.7513712606574587, 0.17130802007320758], [0.14641118897817862, -0.06777967550515239, -0.8255135501743398]]	[[-0.027994676130757658, 0.04490144618525789, -0.055521008901851764], [-0.018929392972254773, -0.035368329968202605, -0.04144508449444399], [-0.10345032375427317, 0.022385754663068656, 0.003911482019343109]]	0.3678771614321673	[[0.7071067811865476, 0.7071067811865475, 0.0], [0.7071067811865475, -0.7071067811865476, 0.0], [0.0, 0.0, -1.0]]
4	[[-0.26061641159578686, 0.214194633552232, 0.9413818274028666], [0.3269392317606362, 0.9370465383592396, -0.12269687724115588], [-0.9083995953008238, 0.27579783158391824, -0.31423833526625644]]	0.7175546540994442	0.2824453459005559	[[-0.18700651907525323, 0.15369635618852903, 0.6754929115375665], [0.23459676735754137, 0.6723821047074456, -0.08804171530785955], [-0.6518263573901576, 0.19790001764357523, -0.22548317996676387]]	0.8627620844118128	0.2446221479344395	[[-0.13500662805534688, 0.17993691248294577, 0.7904610624226764], [0.2986042159461101, 0.8568813956887743, -0.04527074938321891], [-0.7413074559179901, 0.16558196307312434, -0.19010624929276096]]	[[0.08984333044496118, -0.004862096030402399, -0.02172748521482221], [0.016533442876306797, 0.04843317106308272, 0.060587464176181056], [0.042425272402595984, -0.07236594898047503, 0.08100667184365251]]	0.46170557602986584	[[0.0, 0.0, 1.0], [0.0, 1.0, 0.0], [-1.0, 0.0, 0.0]]
4	[[-0.6444901429183796, 0.6254792214998769, 0.43978199048273264], [0.6024876936975031, 0.7695704867721718, -0.21158885800605393], [-0.47078767467310584, 0.12859630383938042, -0.8728241266227346]]	0.6469331361713924	0.35306686382860764	[[-0.4169420293897362, 0.4046432343749565, 0.28450954233469167], [0.3897692531883949, 0.49786064851246614, -0.13688384348877988], [-0.30456814684710953, 0.08319321014285966, -0.5646588495621021]]	0.8332468521220474	0.28755133435763597	[[-0.45516941072154576, 0.545183350797607, 0.31158731790729066], [0.49238210024327816, 0.7491691868398388, -0.09526133247013055], [-0.3334583119971536, 0.04246008191580171, -0.6489541462138487]]	[[0.08184997208888256, 0.024004758415085772, -0.054859641282414516], [-0.009638873972438653, 0.10792700125089506, 0.08104441740751271], [0.0588240359420704, -0.06469238345289238, 0.07832380975072017]]	0.508901051586026	[[-0.7071067811865474, 0.7071067811865477, 0.0], [0.7071067811865477, 0.7071067811865474, 0.0], [0.0, 0.0, -1.0]]
4	[[0.38401809673392395, -0.5473175780213695, -0.7436219269021571], [0.16374961445699815, 0.8329771875431029, -0.5285215878258589], [0.9086892566471991, 0.08119405040767946, 0.40950135656961645]]	0.7346965035919314	0.2653034964080687	[[0.2821367529864419, -0.40211231092670435, -0.5463364296893095], [0.12030626920608334, 0.6119854272597584, -0.38830296264851444], [0.6676108197102484, 0.059652984946989125, 0.30085921488785]]	0.8319616155969946	0.2625192984395459	[[0.20291783030293176, -0.47027454477873254, -0.6022880752108838], [0.11652467169875949, 0.7799019352067784, -0.41483906137710813], [0.7488160703283696, 0.06108918829713513, 0.22587995936459318]]	[[-0.1165704858743066, -0.01492732832343983, 0.016376824487985005], [-0.01970872209826965, 0.08689688850297794, 0.024870612708382245], [-0.007178511707466044, -0.006461145056901697, -0.11480945083622582]]	0.46449289411055394	[[0.0, -0.7071067811865475, -0.7071067811865476], [0.0, 0.7071067811865476, -0.7071067811865475], [1.0, 0.0, 0.0]]
