5	[[-0.14788840876935622, -0.1760303547303998, -0.9732123780373726], [0.7447065518890947, -0.66734943231379, 0.007542331464318042], [-0.6508004072871522, -0.7236422109053288, 0.22978420413710982]]	0.7688666853352293	0.23113331466477086	[[-0.11370647064999635, -0.13534387535994707, -0.7482705752288109], [0.5725800580983962, -0.5131027459834505, 0.005799047392669822], [-0.5003787519656898, -0.5563843880674368, 0.17667341937729328]]	0.8712810567385807	0.19828844542422092	[[-0.0560351260524008, -0.0866055783084306, -0.8318146485173722], [0.726335688766449, -0.65309711239588, 0.004834988821339151], [-0.557890407797199, -0.6036275368938172, 0.10796884422387207]]	[[0.07281724301955105, 0.06676633517913935, 0.01612686065009668], [0.0774869772763735, -0.07164819379562895, -0.0017365017071645176], [0.00913965878984973, 0.02686821332442061, -0.09223777997854274]]	0.23956585219791007	[[0.0, 0.0, -0.9411919999999999], [0.7071067811865475, -0.7071067811865476, 0.0], [-0.665523245598529, -0.6655232455985289, 0.0]]
5	[[-0.8454278191407976, -0.5275798211578228, 0.08313443889216068], [0.5338434264073765, -0.8300116656812779, 0.16152965955087792], [-0.016217234797175482, 0.18094244151129993, 0.9833599718086266]]	0.8607458361024192	0.1392541638975809	[[-0.7276984750505905, -0.4541121342732549, 0.07155762211313832], [0.45950350641079757, -0.7144290851515932, 0.13903598186545954], [-0.013958917324764064, 0.15574545310505697, 0.8464230011240678]]	0.909160475672672	0.15045424186440212	[[-0.7465009367097668, -0.47456182634368627, 0.011764037630621536], [0.5116289585617495, -0.7293208386578586, 0.14184834380222383], [0.011764037630621536, 0.13107167662451702, 0.8887792152650117]]	[[0.022128621487190303, 0.0050928948154631976, -0.06381850837735595], [0.02627961507448999, 0.02529296212679928, -0.005008038310297115], [0.026508106532917013, -0.03343403956927106, -0.005252804461984679]]	0.3005636914775133	[[-0.6791053526515602, -0.6791053526515601, 0.0], [0.7071067811865475, -0.7071067811865476, 0.0], [0.0, 0.0, 0.9603999999999999]]
5	[[-0.9404471891782326, -0.16511750794278138, -0.2971452387932999], [-0.33967856319298195, 0.4221845412224513, 0.8404633762752188], [-0.01332509189135525, 0.8913452875982203, -0.45312914296316575]]	0.7999720239616657	0.20002797603833444	[[-0.7523314413559704, -0.1320893870204932, -0.23770787808804852], [-0.27173334769388036, 0.3377358219270516, 0.6723471881845418], [-0.010659700729802577, 0.7130512937686413, -0.3624906376122587]]	0.8385799808956304	0.17529208528225115	[[-0.8000379636248169, -0.12123730079395027, -0.21520969396343892], [-0.2936405812958939, 0.3664472660667668, 0.7265826612647245], [7.277269298102096e-17, 0.7502017072876265, -0.38574319416494673]]	[[-0.011397777690385481, 0.017226935862241347, 0.03397035470707402], [-0.008792938262868002, 0.012411761554013202, 0.021786899244374543], [0.011174155303685204, 0.002737393042100949, -0.0057581661156418315]]	0.4958528845384591	[[-0.9223681599999999, 0.0, 0.0], [0.0, 0.7071067811865476, 0.7071067811865475], [0.0, 0.6522127806865583, -0.6522127806865584]]
5	[[-0.21951259035361326, -0.17809212642501718, -0.9592170855346885], [-0.39870436216914484, 0.9137219002469867, -0.0784035751501837], [0.8904207175619522, 0.3652334643956531, -0.27157956885967516]]	0.7129244151563349	0.28707558484366524	[[-0.1564958850973018, -0.12696622507550342, -0.6838492797127819], [-0.2842460742197171, 0.651414651349118, -0.05589582296011049], [0.6348026693109386, 0.26038385399979297, -0.19361570529769345]]	0.8440184747787258	0.2532893593642048	[[-0.10071071565702243, -0.1300231594326167, -0.7963818348223876], [-0.3729904983415765, 0.8224315249507214, -0.035115582886977685], [0.7041040625576501, 0.27500678257187033, -0.13293430489549124]]	[[0.08456196604796148, 0.020289885482726314, 0.01321510669229495], [-0.03647665069595015, 0.051233360332340536, 0.031058483028479567], [-0.04742747339036734, -0.033257008985498854, 0.09628386859451576]]	0.4860522677359907	[[0.0, 0.0, -0.9411919999999999], [-0.7071067811865475, 0.7071067811865476, 0.0], [0.665523245598529, 0.6655232455985289, 0.0]]
5	[[-0.46302331253993745, -0.17599259499966094, -0.8686978868109609], [0.02399014622745857, 0.9772413149034422, -0.2107697448159405], [0.8860213794985587, -0.11843149475995327, -0.44826342268848407]]	0.643774415209766	0.35622558479023414	[[-0.2980825622588869, -0.11329952992715593, -0.5592454740756858], [0.015444242358378907, 0.6291229560207863, -0.1356881692127937], [0.5703978954500348, -0.07624316628150737, -0.28858052280120705]]	0.8153514176079726	0.3192885846632323	[[-0.3373777173608808, -0.11889221594276117, -0.604337303685714], [0.03913340515097105, 0.924428162281369, -0.14331315040280665], [0.6386328649109351, -0.051046613982497026, -0.30128231045724513]]	[[0.040148996904096526, 0.024603595878718156, 0.10395674979865312], [0.01957300541579013, 0.12763307082976827, 0.028538259821741067], [-0.08378592289418642, 0.04551667315946205, 0.06420990669361216]]	0.5117032208043846	[[0.0, -2.832853095579481e-16, -0.9039207967999999], [0.0, 1.0, -2.7817808468846267e-16], [0.9039207967999999, 0.0, 0.0]]
5	[[-0.328472184202533, 0.6350926635744277, -0.699116108296151], [0.7870892180276409, -0.22510676047337688, -0.5742974048816677], [-0.522107830883481, -0.738907473952673, -0.4259332786564415]]	0.7301549308411284	0.26984506915887163	[[-0.2398355849396349, 0.4637160398498943, -0.510463073702895], [0.57469707355477, -0.164362811125309, -0.4193260819436137], [-0.3812196071503397, -0.5395169355419067, -0.31099728362032913]]	0.8000682789590143	0.30955078615511844	[[-0.34833444846321304, 0.5148915594578389, -0.5174250192880291], [0.6541853219657306, -0.2740063833813876, -0.4593118382076418], [-0.4236546150738003, -0.5174250192880291, -0.23552179717925345]]	[[-0.08553427336238419, 0.006774065132350307, 0.04191560226899628], [0.02446020591115965, -0.0939056049474139, 0.00016529812666222013], [-0.00593270138782952, 0.07375141170723878, 0.10525390802677598]]	0.4923310870483752	[[-0.46118407999999983, 0.46118407999999994, -0.6522127806865584], [0.5, -0.5000000000000001, -0.7071067811865475], [-0.6522127806865584, -0.6522127806865583, 0.0]]
5	[[0.045438286595317165, 0.914755726437795, 0.40144404723515764], [0.8006341574927736, -0.2736772949406891, 0.532996889380964], [0.597428077652129, 0.29719135112450484, -0.7448201077103603]]	0.7403468675639523	0.25965313243604776	[[0.03364009314831617, 0.6772365366544092, 0.29720784287274427], [0.5927469905644789, -0.2026161280327151, 0.3946025774745271], [0.4423040058845073, 0.22002468587212584, -0.5514252336420107]]	0.8019685461788447	0.23021762581845412	[[-0.015182743060009739, 0.7102936150536303, 0.3873359621363893], [0.6846000554066973, -0.29112292335888745, 0.47373406514120364], [0.5141788359901258, 0.28462370599880255, -0.541640656068401]]	[[-0.051622819701713896, -0.023311704986460974, 0.06539046320305848], [0.042516644101093515, -0.0716423410131441, 0.04628732464650542], [0.03506030910902599, 0.04628559020055683, 0.055681642876847265]]	0.4088784609538878	[[0.0, 0.6391685250728272, 0.6391685250728273], [0.7071067811865475, -0.5000000000000001, 0.5], [0.6391685250728273, 0.45196039839999996, -0.45196039839999985]]
5	[[0.39962180205666736, -0.8574648204204427, -0.3241242000565831], [-0.742889895952614, -0.510089041811326, 0.433501755377666], [-0.5370447074615821, 0.0675518405770078, -0.8408446533231704]]	0.6881286427311024	0.31187135726889775	[[0.27499120825501183, -0.5900461030655878, -0.22303914586124085], [-0.511203815800522, -0.3510068800136362, 0.2983049745495837], [-0.36955584563146043, 0.046484356370244166, -0.5786092900389777]]	0.7985162598210077	0.3413210515112511	[[0.253236454725939, -0.7618163552880375, -0.19671648785990994], [-0.5866121667526675, -0.4726859275167343, 0.21759491132699546], [-0.2861195849572192, 0.0, -0.6620733815795595]]	[[-0.06586805199528216, -0.07711675395781373, 0.06210195608674894], [0.006597494422231568, -0.06537153367387265, -0.12856328900301983], [0.14271934620167057, -0.05394124308157726, 0.009354746082550384]]	0.5929507280625819	[[0.6391685250728273, -0.6391685250728272, 0.0], [-0.5, -0.5000000000000001, 0.7071067811865475], [-0.45196039839999985, -0.45196039839999996, -0.6391685250728273]]
5	[[0.1093031896461408, 0.1859596356180152, -0.9764588197430523], [-0.9647495672926553, -0.21674161245263301, -0.1492693734162066], [-0.23939733737411129, 0.9583538424570789, 0.15571392842625953]]	0.7997915070270869	0.20020849297291313	[[0.08741976276995445, 0.14872893721714034, -0.7809634709921865], [-0.7715985103287226, -0.17334810085897223, -0.11938437711753692], [-0.19146795723671253, 0.7664832639239466, 0.12453867748114607]]	0.871549093297417	0.2018184331977152	[[0.07892190077045351, 0.11197738279042799, -0.8444165420064474], [-0.8789498181909116, -0.1692559934597224, -0.11622953989158243], [-0.19242436268158938, 0.809118117226505, 0.041111523868962024]]	[[-0.01634119506015614, -0.05009556902237125, 0.006615256982875721], [-0.038123207557922395, 0.019644962353189965, 0.013866047166385991], [0.01622216964463303, -0.026134305225057906, -0.09460080926472335]]	0.3417556555027898	[[0.0, 0.0, -0.9223681599999999], [-1.0, -1.7938038903913487e-16, 0.0], [-1.8417244351911998e-16, 0.9223681599999999, 0.0]]
5	[[-0.7823064473600231, -0.6191382563410173, -0.06829671993547412], [0.4516132128936376, -0.48825713387833247, -0.7467599863120696], [0.42900131510151085, -0.6150388530425709, 0.6615777209740769]]	0.8047069215017554	0.1952930784982447	[[-0.6295274129260592, -0.49822484024414465, -0.054958843247942944], [0.36341627825715594, -0.39290389510450335, -0.6009229296858786], [0.34522032759554133, -0.4949260220358578, 0.5323761711791967]]	0.8878278762732587	0.1559356347027113	[[-0.6528984085243436, -0.6086446939021789, 6.507548541426593e-18], [0.45809468597434855, -0.47475640836359395, -0.7247528344211498], [0.43712659790210917, -0.47501457816583836, 0.6009676517784477]]	[[0.04165506323018354, -0.05895649065540524, 0.060635731816741506], [0.05713988627404725, -0.041268114117125936, -0.06175850168785737], [0.05624727139709972, 0.07103406055648807, 0.013600508776330652]]	0.1752961373340637	[[-0.6391685250728273, -0.6391685250728272, 0.0], [0.5, -0.5000000000000001, -0.7071067811865475], [0.45196039839999985, -0.45196039839999996, 0.6391685250728273]]
5	[[-0.07673908792314688, -0.9932055702045202, -0.08748604288363548], [-0.7029605032121287, -0.008330385140834728, 0.7111801006827707], [-0.7070768298484077, 0.11607454500500591, -0.6975450212663026]]	0.6987334244330431	0.30126657556695696	[[-0.053620165692408864, -0.6939859292349775, -0.06112942233417869], [-0.49118199965058584, -0.005820718536301561, 0.4969253071387088], [-0.4940582146572381, 0.08110516432085516, -0.4873980214056234]]	0.7885348241505603	0.363681163887292	[[-0.054797579744754875, -0.8938167340855214, -0.040238067619362064], [-0.5543641202715194, -0.0034161001278441815, 0.4470508747318581], [-0.41234549275281446, 0.04023806761936213, -0.5041691420482056]]	[[0.005713863456198044, -0.11063955443894309, 0.02874772382151377], [-5.528348635418581e-05, 0.0031526986542903777, -0.11373940089940834], [0.1452092109326353, -0.05129075331451649, 0.04586939863311715]]	0.7097409613612443	[[-0.6391685250728273, -0.6391685250728272, 0.0], [-0.5, 0.5000000000000001, 0.7071067811865475], [-0.45196039839999985, 0.45196039839999996, -0.6391685250728273]]
5	[[-0.7969422360492981, -0.5496472174344235, -0.2505414312391083], [-0.20133618011619125, -0.14934722918147175, 0.9680698051855754], [-0.5695145432532569, 0.8219387699229261, 0.008357243601908652]]	0.7734798597040323	0.2265201402959678	[[-0.6164187689316291, -0.4251410526278896, -0.19378875108487292], [-0.1557294803496173, -0.11551707387447067, 0.7487824970986487], [-0.4405080290149352, 0.6357530844452897, 0.006464159608716708]]	0.8523607603006531	0.2065592549825624	[[-0.6147435621208276, -0.5357727814433093, -0.1716117641609426], [-0.14421653613605848, -0.10418427687864094, 0.9221006701834613], [-0.5751241664030505, 0.6690746158221239, 0.001093612497510732]]	[[0.06453872811385483, -0.06727506129376579, 0.04193992065683748], [0.027394523423807438, 0.023113440935274124, 0.0969559550113792], [-0.08969231731342539, -0.03151373902996493, -0.006029774013029872]]	0.3406994248790372	[[-0.6391685250728272, -0.6391685250728273, -1.804889946487376e-16], [-1.268410895014533e-16, -1.2684108950145333e-16, 1.0], [-0.6391685250728273, 0.6391685250728272, 0.0]]
5	[[-0.4889737104017652, -0.6675742726348228, 0.5614706591194402], [-0.8352955409727327, 0.5438241864302344, -0.08084932581391074], [-0.2513683945268397, -0.5085271327761987, -0.8235375434449957]]	0.7129963362377472	0.28700366376225306	[[-0.3486364640330358, -0.4759780105552076, 0.40032652285715375], [-0.5955626603892854, 0.3877446524822308, -0.057645273092610264], [-0.17922474434360128, -0.36257798254691603, -0.5871792512305164]]	0.7957707073971806	0.3542810874022238	[[-0.3800001931242418, -0.4140928019605873, 0.3804459928793703], [-0.7754326750980114, 0.5421534814442261, 0.0], [-0.137870330245697, -0.32333823224274505, -0.5714940356570436]]	[[0.009110762300795001, 0.117143249214184, -0.06635591071086785], [-0.11072895157242921, 0.10939412390894222, 0.0643375251955209], [0.062161274884219755, 0.08133276393723053, 0.08385301785831704]]	0.4811917286775218	[[-0.6391685250728273, -0.45196039839999996, 0.45196039839999985], [-0.7071067811865475, 0.5000000000000001, -0.5], [0.0, -0.6391685250728272, -0.6391685250728273]]
5	[[-0.7906551711763438, -0.6122537057691856, -0.0031305053914775782], [0.21569187232512302, -0.27374870521795946, -0.9373039328864322], [0.5730108345441554, -0.7417594260697941, 0.3484989775187588]]	0.794965944989976	0.20503405501002406	[[-0.6285439353154133, -0.4867208457804154, -0.002488645176832161], [0.17146769310959864, -0.21762089813337754, -0.7451247067498836], [0.45552409957288925, -0.5896734831007963, 0.2770448189912405]]	0.8400517201525087	0.25361074322228283	[[-0.6827670061206493, -0.5692801457829374, -0.020533570467051142], [0.10332406192611021, -0.15884119012199893, -0.8308817628618744], [0.49117996408785725, -0.5714307634687394, 0.1992043857462471]]	[[-0.01857576952648548, -0.05495536708178516, -0.017903784027993832], [-0.0778682664435246, 0.07112188058587009, -0.04349798173491548], [0.009821226863014954, 0.0516855183405287, -0.09355277978977675]]	0.40503652300342724	[[-0.6522127806865583, -0.6522127806865584, 1.8417244351911998e-16], [-1.268410895014533e-16, -1.2684108950145333e-16, -1.0], [0.6522127806865584, -0.6522127806865583, 0.0]]
5	[[-0.09505120117050858, 0.5452103891734319, 0.8328930907946102], [-0.8397020396470369, 0.4054655520987933, -0.361245305400398], [-0.5346641504427332, -0.7337188273436738, 0.41927428806543177]]	0.7420540703690782	0.2579459296309219	[[-0.07053313072204594, 0.4045755884936544, 0.618051708206423], [-0.6231043164173008, 0.300877363329355, -0.2680635492740861], [-0.39674970911645535, -0.5444590423368001, 0.31112419206005104]]	0.8041149396819133	0.32883511005133453	[[-0.15252530486055926, 0.4400343804816518, 0.5646376286452159], [-0.7421482944858431, 0.3851269046510873, -0.235317878421516], [-0.42311271360939817, -0.4781567958255622, 0.28613523501306853]]	[[-0.07609321396464241, 0.0016225612775051532, -0.10510414882057433], [-0.06693133952428656, 0.05908599668207237, 0.055164868540899414], [0.006818717473941593, 0.11183747476738026, -0.05100948384484327]]	0.5816189960087651	[[-0.46118407999999983, 0.46118407999999994, 0.6522127806865584], [-0.5, 0.5000000000000001, -0.7071067811865475], [-0.6522127806865584, -0.6522127806865583, 0.0]]
5	[[-0.5765804364735063, -0.21489234046914468, -0.7882742430675469], [0.7184694088670802, -0.5927529150888833, -0.36393088653729166], [-0.3890458954907621, -0.7761863588477473, 0.49616330732982133]]	0.6997254118121349	0.30027458818786523	[[-0.40344798335424464, -0.15036563143004572, -0.5515755193513381], [0.5027313029939388, -0.4147642776134124, -0.2546516894534617], [-0.27222529943609436, -0.5431173195877015, 0.34717807454743]]	0.8191494748643141	0.25803451801894794	[[-0.4913083305385416, -0.27346618342587314, -0.5571187636843022], [0.6676712374433706, -0.5545438742362966, -0.38802356061505167], [-0.20156058675719934, -0.6190427923364007, 0.46189345599493736]]	[[-0.01900276878423199, -0.09743723557820991, 0.08859566857354348], [0.07913739846382786, -0.06899063511694659, -0.08990976602112484], [0.11712615423217526, 0.016769855910575518, 0.05546154334877285]]	0.44842424390884084	[[-0.6391685250728273, -0.45196039839999996, -0.45196039839999985], [0.7071067811865475, -0.5000000000000001, -0.5], [0.0, -0.6391685250728272, 0.6391685250728273]]
5	[[0.4863417937448936, 0.8226223794475465, -0.29455743156310954], [-0.6786221941306434, 0.14325991665360527, -0.7203808117334284], [-0.5504031043610768, 0.5502445066626823, 0.6279230889187231]]	0.8272205948106846	0.17277940518931534	[[0.40231194790294633, 0.6804901740311803, -0.243663973743543], [-0.5613702550804827, 0.11850755346672442, -0.5959138435723305], [-0.4553047833752172, 0.4551735880928159, 0.5194309111107085]]	0.8557403951183765	0.16528441790791804	[[0.41720925175850354, 0.6993483675918274, -0.20920329397937404], [-0.5943104033362803, 0.14523927216779542, -0.6518610259850313], [-0.48692025003921235, 0.47189338455990815, 0.5567244868302461]]	[[0.001026933016668263, -0.004602832429835168, 0.04286139889149548], [-0.013585978794823891, 0.022645974486013586, -0.035402065516570436], [-0.015918080038883484, 0.001026933016668275, 0.019385334614986552]]	0.43250796707919015	[[0.6522127806865584, 0.6522127806865583, 0.0], [-0.5, 0.5000000000000001, -0.7071067811865475], [-0.46118407999999983, 0.46118407999999994, 0.6522127806865584]]
5	[[-0.4173896908511048, -0.2512754656216099, -0.8732963336393107], [0.3950375357134564, 0.8152827950674679, -0.42339025667156843], [0.8183710596964306, -0.5217035599299856, -0.24102739306502285]]	0.7243494187296508	0.2756505812703493	[[-0.3023359799517464, -0.18201123746403547, -0.6325716916503699], [0.28614520937043586, 0.5905496187074053, -0.3066824863158482], [0.5927866013962778, -0.3778956703844745, -0.17458805206457234]]	0.8470787141163962	0.24426665845195322	[[-0.32532836932819453, -0.23506420522826263, -0.7119773240206633], [0.36093121796906885, 0.7012105593432885, -0.360410301958235], [0.6706205266964822, -0.4322751280586149, -0.09026416409993197]]	[[0.028233553283399396, -0.022214106920510596, 0.027773411321087405], [0.02630333018920422, 0.010601857656316452, -0.00176542776747192], [-0.022604178221242777, 0.009648852636823519, 0.11390501008441478]]	0.4736366898515948	[[-0.46118407999999983, -0.46118407999999994, -0.6522127806865584], [0.5, 0.5000000000000001, -0.7071067811865475], [0.6522127806865584, -0.6522127806865583, 0.0]]
5	[[-0.9494449584333646, 0.029426784615528695, -0.3125513321882631], [-0.305151494792988, 0.14733284102383137, 0.940837711394187], [0.07373490442844376, 0.988649128003984, -0.1309047958093612]]	0.7991025311581385	0.20089746884186166	[[-0.7587038694794351, 0.023515018070114312, -0.24976056066848915], [-0.24384733187576618, 0.11773404618486313, 0.7518257965841252], [0.05892174876347277, 0.7900320206152699, -0.10460635367199973]]	0.8471369210374553	0.17419877138431386	[[-0.8043098787817751, 0.003946179850631715, -0.22310275406821092], [-0.24457698309252526, 0.14437906608382578, 0.8440184765824845], [0.02757514345470682, 0.8464235907856258, -0.1197966981729449]]	[[0.0, -0.020982335864599595, 0.0416710191479091], [0.013928114656383625, 0.019567976771196524, 0.047000114556087054], [-0.034888416455796004, 0.00890241250196595, -0.008902412501965948]]	0.39000148754156055	[[-0.9039207967999999, 0.0, 0.0], [0.0, 1.7938038903913487e-16, 1.0], [0.0, 0.9039207967999999, -1.804889946487376e-16]]
5	[[-0.10249990202145981, -0.9422123744706561, -0.3189507978982955], [0.6126683972808709, 0.19280684864693648, -0.7664613193685161], [0.7836652378783178, -0.27397328429831536, 0.5575010622697631]]	0.7671083392124475	0.23289166078755272	[[-0.07862852960912056, -0.7227789697656016, -0.24466981686624645], [0.46998303672608077, 0.14790374145433724, -0.5879588697713635], [0.6011561391273639, -0.21016719110666038, 0.4276637139869333]]	0.8304991272469706	0.23687690321996446	[[-0.0668917970575581, -0.8053075062031417, -0.17063019259560572], [0.619220199352127, 0.13773078533429503, -0.6888771205573633], [0.656945109616053, -0.10906674115038048, 0.48652802868458966]]	[[0.018234282114164127, -0.022800951523965985, 0.09425816669365358], [0.11039963011856348, -0.022395134194224602, -0.05233166375324906], [0.006111813504320488, 0.11846783234835653, 0.023523883030292313]]	0.38063945285064804	[[1.804889946487376e-16, -0.9039207967999999, 0.0], [0.7071067811865476, 1.3401577416544657e-16, -0.7071067811865475], [0.6391685250728272, 1.0035536810448774e-16, 0.6391685250728273]]
5	[[-0.4073423402475564, 0.6394988746997277, 0.652007213993393], [0.8839564696894593, 0.09663191055244695, 0.45747484472605926], [0.22954994562358777, 0.76269486894876, -0.6046514362369794]]	0.7730653234499825	0.2269346765500176	[[-0.31490223801835, 0.49437440441564484, 0.5040441677775243], [0.6833560941561866, 0.07470277918681721, 0.3536579388083815], [0.1774571029614248, 0.5896129555575154, -0.46743505812903696]]	0.7977800009503898	0.24412763656917447	[[-0.39376439253913287, 0.5000337227071652, 0.5046790229001811], [0.7021712311680433, 0.16013095035245173, 0.4433159950265662], [0.1784763769593295, 0.5921673625941055, -0.5763073156738161]]	[[-0.06879481994930321, -0.010145690158556792, -0.0154792928991291], [-0.003031562060916856, 0.08303994466008258, 0.07835171296623122], [-0.004653978878418334, -0.01629535068069378, -0.09392849229802418]]	0.4836900742939569	[[-0.6391685250728273, 0.45196039839999996, 0.45196039839999985], [0.7071067811865475, 0.5000000000000001, 0.5], [0.0, 0.6391685250728272, -0.6391685250728273]]
5	[[-0.10494230950179255, 0.25078566681139447, 0.9623376024028126], [-0.014608284002347344, -0.9679651692114681, 0.2506591894025037], [0.9943710121051078, 0.012246653231707691, 0.1052440486188438]]	0.8542450845412469	0.14575491545875324	[[-0.08964645205231246, 0.2142324231470326, 0.8220721665218115], [-0.01247905480258774, -0.8268794878060329, 0.21412438044218218], [0.8494365493010929, 0.010461643325267478, 0.08990421120986733]]	0.9081155088790294	0.14347742502119182	[[-0.040458691138093195, 0.21154632625431657, 0.8469222867563797], [-0.006256069027128132, -0.907855837564891, 0.21315026858365416], [0.9308579798761532, 0.0020294126657824907, 0.04211894275727879]]	[[0.054841047658067736, -0.01619602718167962, -0.026991414763075545], [0.00700994023351291, -0.0288316553492429, -0.014477228755805528], [0.027854242203767622, -0.009091963065794748, -0.05345481001071186]]	0.2817151837424356	[[0.0, 0.0, 0.98], [0.0, -1.0, 0.0], [0.98, 0.0, 0.0]]
5	[[-0.09107681945440971, 0.026979593008170225, -0.9954783345302809], [0.1626680633668992, -0.9858035016183849, -0.04159996823788131], [-0.9824683781774002, -0.16572132559825775, 0.08539512938935634]]	0.848006170105907	0.15199382989409313	[[-0.07723370485096112, 0.02287886133787453, -0.8441717698884305], [0.13794352141430918, -0.8359674518843987, -0.03527702974193311], [-0.8331392466283789, -0.14053270662545253, 0.07241559661916644]]	0.9136766169056463	0.14308162806347413	[[-0.0533063065333109, 0.023944478748085755, -0.8937268965910581], [0.1407631947712059, -0.931156138685611, -0.025440588900124263], [-0.8487678607556687, -0.13248519281310084, 0.0533063065333109]]	[[0.029908453744320523, -0.0007061445171104436, 0.015818380305436266], [-0.007862811044455837, -0.03045053039318532, 0.012568329342845477], [0.04889052323423543, 0.018930507308634395, -0.024717226387376143]]	0.20567702365875154	[[0.0, 0.0, -0.9603999999999999], [0.0, -1.0, 0.0], [-0.9603999999999999, 0.0, 0.0]]
5	[[-0.7229741855265539, 0.37453352207805324, 0.5805454055472524], [0.6255107660641113, -0.0019251384381000977, 0.7802131602196173], [0.2933336131439832, 0.9272113754057388, -0.23288292491742163]]	0.7933846606793483	0.20661533932065168	[[-0.5735966288639133, 0.29714915132693753, 0.46059581958906154], [0.4962706468850543, -0.0015273753064728307, 0.6190091533784029], [0.23272638913008642, 0.7356352824543141, -0.18476574036362275]]	0.851763250172186	0.24725645068544397	[[-0.6203013705901018, 0.2580909905267462, 0.49043269009033763], [0.5700020185850392, -0.015357991354530032, 0.6663955197645317], [0.21787904142962294, 0.7301218733475339, -0.10997970359459187]]	[[-0.004498528535415193, -0.06092289953689271, -0.004054551411119889], [0.03721493546457783, -0.013718229181462399, 0.0018386225887580196], [-0.03197175028664694, -0.05964270136468111, 0.08838141344267636]]	0.391981167828829	[[-0.6522127806865583, 1.0240343684131402e-16, 0.6522127806865584], [0.7071067811865476, -1.3401577416544657e-16, 0.7071067811865475], [1.8417244351911998e-16, 0.9223681599999999, 0.0]]
5	[[0.5859585634738876, 0.36139819833278886, -0.7252888418646962], [-0.7596467684279905, 0.5565829073689794, -0.33638111487062594], [0.28211584341991347, 0.748068719748733, 0.600669494335248]]	0.7642025133646988	0.2357974866353013	[[0.4477910069343134, 0.2761814114913911, -0.5542675558683724], [-0.5805239697020417, 0.4253420567072055, -0.25706329343255185], [0.21559363660149972, 0.5716759958014942, 0.45903313727249917]]	0.8751767545037881	0.204695183391844	[[0.4989325477608935, 0.3576749186943176, -0.5539022307853394], [-0.6990931649016532, 0.5539443939266495, -0.3578067793349308], [0.15517285328114944, 0.6219051622782233, 0.5137898830699428]]	[[-0.013884766093885392, 0.04138761639391118, 0.08085370391561647], [-0.034267971539553556, 0.06683597144318348, -0.06341384694609051], [-0.09172837495718927, -0.03278719201727661, -0.011902095511811013]]	0.3338402101039795	[[0.6522127806865584, 0.46118407999999994, -0.46118407999999983], [-0.7071067811865475, 0.5000000000000001, -0.5], [0.0, 0.6522127806865583, 0.6522127806865584]]
5	[[-0.6423177830836196, 0.6472169826683319, -0.4105338510771609], [0.6354509445700302, 0.7491834873395028, 0.186885524701293], [0.4285206676224623, -0.14083422752840047, -0.8924885196891207]]	0.680292935664992	0.31970706433500795	[[-0.43696425028378516, 0.44029714115167784, -0.27928327873913644], [0.432292788552638, 0.5096642339539267, 0.12713690223233495], [0.2915195829700072, -0.095808530087407, -0.607153635106615]]	0.8191140118759122	0.32952672752117124	[[-0.41236823661461697, 0.5284706456592427, -0.32328809963135136], [0.5211488976801463, 0.7330370096712746, 0.12335677422314023], [0.3355993997105218, -0.08638030142304765, -0.5831767529122688]]	[[0.11376325958624861, -0.0016738535684373487, 0.012985930135330104], [0.0006421251230509959, 0.11937031772542762, -0.02972377767647075], [-0.01540788351745765, 0.028978987697185474, 0.14787309900348095]]	0.46228188867348113	[[-0.665523245598529, 0.6655232455985289, 0.0], [0.7071067811865475, 0.7071067811865476, 0.0], [0.0, 0.0, -0.9411919999999999]]
5	[[0.5316565726284, 0.12413974256263854, 0.8378129941087711], [-0.8431913025942939, 0.17079270063273144, 0.5097629651513687], [-0.0798105006271736, -0.9774554607382677, 0.19547661308345798]]	0.8063978772064593	0.19360212279354067	[[0.42872673157040364, 0.10010602487946813, 0.6756106199453007], [-0.679947676490988, 0.13772687123259283, 0.4110717729765341], [-0.06435901828453747, -0.7882180086032007, 0.15763192583400892]]	0.8947498211480378	0.1678787605753281	[[0.4782860658217423, 0.11070959629005613, 0.6834179546768379], [-0.7658551379241432, 0.16676187004395931, 0.4688243461846634], [-0.04398596218423441, -0.8443161839898609, 0.1565670125582474]]	[[0.0025864425503026034, -0.0003644161652282315, -0.06621507195748713], [-0.011409870734317974, 0.013945131699432567, 0.012714024287582955], [0.027424468977664398, 0.030261914685876967, -0.01833565203680084]]	0.3436991041678622	[[0.6522127806865583, 1.0240343684131402e-16, 0.6522127806865584], [-0.7071067811865476, -1.3401577416544657e-16, 0.7071067811865475], [1.8417244351911998e-16, -0.9223681599999999, 0.0]]
5	[[-0.9811165986123564, 0.18418769307433647, 0.05903485112435114], [-0.17683959200596489, -0.7305894532589015, -0.6595201357699575], [-0.0783452527373813, -0.6575058513099433, 0.74936511585922]]	0.8251926693425241	0.17480733065747592	[[-0.8096102249451883, 0.15199033410805327, 0.04871512638354182], [-0.145926734972845, -0.6028770611282082, -0.5442311813211552], [-0.06464992823667437, -0.5425690085507807, 0.6183706002680397]]	0.8921122758014557	0.1524516468399268	[[-0.8613676454085242, 0.12141518359765145, 0.03903989860486007], [-0.1331561603255855, -0.6388893923617226, -0.6055516637436559], [-0.033773751632566976, -0.5607228833695483, 0.6574349229565656]]	[[0.013898516206128425, -0.04290091844551487, -0.013625816783284936], [0.024604610550656728, 0.012878427461617247, -0.017185654485034157], [0.0361190100852185, 0.02584615799533871, -0.011082895958824807]]	0.23669306412186794	[[-0.9223681599999999, 0.0, 0.0], [0.0, -0.7071067811865476, -0.7071067811865475], [0.0, -0.6522127806865583, 0.6522127806865584]]
5	[[0.607699742283575, 0.04436598313018672, -0.7929266566141968], [-0.48983361298617956, -0.764959691968786, -0.4182101161520675], [-0.6251112339555114, 0.6425483088483792, -0.443133857856411]]	0.6835550465031437	0.3164449534968564	[[0.4153962255965976, 0.030326591661712463, -0.5420090176354995], [-0.334828238103571, -0.522892057816754, -0.2858696353944117], [-0.4272979385960971, 0.43921713913537014, -0.3029063848141565]]	0.7975519071471567	0.3579213788559034	[[0.5077143335085021, 0.09624352017292512, -0.47663543195851577], [-0.46488182954406165, -0.683382118861654, -0.2995013531899658], [-0.4181879275334657, 0.41735526992915617, -0.35342225345485767]]	[[0.023042245077401307, 0.06085934571498612, 0.15576473525195556], [-0.074214097322152, -0.07328705764124732, 0.034042922535349546], [0.08037072928686485, -0.09511035922704884, 0.0]]	0.5511816303793279	[[0.46118407999999983, 0.46118407999999994, -0.6522127806865584], [-0.5, -0.5000000000000001, -0.7071067811865475], [-0.6522127806865584, 0.6522127806865583, 0.0]]
5	[[-0.7351688989075352, -0.09676064626795722, 0.6709426707349067], [-0.4070551462354579, -0.7284396683943796, -0.5510732777342012], [0.5420634630763377, -0.6782426017608253, 0.49613926991762536]]	0.7052564925905233	0.29474350740947675	[[-0.5184826391051652, -0.06824107400773183, 0.4731866746918186], [-0.28707828472494157, -0.513736805595624, -0.388648007015186], [0.3822937767306906, -0.47833499844331073, 0.3499054413385274]]	0.8073760533165348	0.3098469955069868	[[-0.559524429779769, -0.15899525618435129, 0.456229973057829], [-0.39401876178872214, -0.6650051447167961, -0.414730361161201], [0.4097999912427155, -0.5005801339080544, 0.33274933961108344]]	[[0.034033334341259255, -0.08087302748417069, -0.08547307244177521], [-0.0653721843389532, -0.07688040016933662, 0.030193006904045017], [-0.027849068222951304, 0.04701670109273892, -0.06782162603035588]]	0.5360260588132628	[[-0.47059599999999985, -0.47059599999999996, 0.665523245598529], [-0.5, -0.5000000000000001, -0.7071067811865475], [0.665523245598529, -0.6655232455985289, 0.0]]
5	[[0.14079796079058327, 0.02201185143879847, 0.9897936212329567], [-0.639458496161006, -0.7612176221964431, 0.10789144240901527], [0.755823237221983, -0.6481228356213269, -0.09310222350434222]]	0.852610856938836	0.14738914306116432	[[0.12004587000489983, 0.018767543518044317, 0.8439087875920246], [-0.5452092563886546, -0.6490224091778524, 0.09198941516871757], [0.6444230979821197, -0.552596566280728, -0.07937996656494828]]	0.9151997292889326	0.13757388092568235	[[0.11611676405646612, 0.04264070197760895, 0.8629993568830083], [-0.5875348030963783, -0.7300960626194483, 0.06407094306564848], [0.6472945358080416, -0.5810605635542903, -0.0734760620788572]]	[[-0.012741491543509382, 0.022495461499672388, -0.042859497321305895], [-0.002302560518317739, -0.03342990085529862, -0.03467127581967474], [-0.044434686287801825, 0.012101280152323448, 0.011731067668514507]]	0.17906826192076486	[[0.0, 0.0, 0.9603999999999999], [-0.7071067811865475, -0.7071067811865476, 0.0], [0.6791053526515602, -0.6791053526515601, 0.0]]
5	[[-0.19118987636437412, 0.26283917413924524, 0.945707142678734], [0.07907792122591596, 0.9644731457555763, -0.2520679144415871], [-0.9783624653217047, 0.026591721534022325, -0.20518227700143543]]	0.736400322414605	0.2635996775853953	[[-0.14079228659713358, 0.19355485257932875, 0.6964190447784147], [0.05823300668664125, 0.7102383354946347, -0.1856228934651618], [-0.7204664349012508, 0.019582152311213435, -0.15109629493761983]]	0.8710151678790703	0.21192649630677213	[[-0.08097220637262804, 0.23093350223564355, 0.7785631753117026], [0.0716715689790637, 0.8948886952089122, -0.1820895686063127], [-0.8457097608564162, -0.008500625617871762, -0.10571393186340254]]	[[0.08555707588566598, 0.0019965948475526435, -0.045162090333050596], [0.0027935001469446153, 0.05481795624376372, 0.03746540820795338], [0.0064587861223493965, -0.031662418414021704, 0.07300294358481267]]	0.34357807568175713	[[0.0, 0.0, 0.9603999999999999], [0.0, 1.0, 0.0], [-0.9603999999999999, 0.0, 0.0]]
5	[[0.5977334925608182, 0.6122861497964367, -0.5175136158967237], [0.8005212526413146, -0.4209281575567265, 0.4265972459422119], [0.04336353238179311, -0.669272109790446, -0.7417509333435437]]	0.800933231274125	0.19906676872587498	[[0.4787446176375045, 0.49040032442085296, -0.41449385260851934], [0.6411640735816182, -0.33713534936617295, 0.3416759106451384], [0.03473129411000972, -0.5360422734961129, -0.5940929718434426]]	0.8596455695460209	0.17877164847173038	[[0.5540382493402235, 0.4581375199042907, -0.450233285867099], [0.7067519961039007, -0.4169983934806261, 0.44000698134647087], [0.012431787564727926, -0.6315766040912029, -0.6306902368391047]]	[[0.04019930069104668, -0.06821155606260745, -0.005354998781739291], [0.018587447943363998, -0.05514936773981677, 0.07328454889171424], [-0.024845480927145933, -0.05623980008912778, 0.006952666716298468]]	0.2044695625274168	[[0.6391685250728273, 0.45196039839999996, -0.45196039839999985], [0.7071067811865475, -0.5000000000000001, 0.5], [0.0, -0.6391685250728272, -0.6391685250728273]]
5	[[0.3150175355465583, 0.07704224194745776, 0.9459537225752019], [0.010291163786529306, 0.9963639725302899, -0.08457497378999636], [-0.9490300544482728, 0.036377564505737925, 0.3130792688035079]]	0.7467582382350861	0.2532417617649138	[[0.23524193985790656, 0.0575319288663648, 0.7063987353221794], [0.007685011338617334, 0.744043004767631, -0.06315705842619627], [-0.7086960114919402, 0.027165245981588065, 0.23379452319963653]]	0.8550725367281451	0.19788621973594808	[[0.18340589008386238, 0.04937206483413541, 0.8186327853012688], [-0.004709920215333962, 0.9556220577830282, -0.07389568990303934], [-0.8226190034081448, 0.0575533629209653, 0.16534794049496546]]	[[-0.08595695314978186, -0.016504640423100788, 0.00977373611145891], [-0.013509611740166383, 0.10365858828702111, -0.0015779525207107736], [-0.011129467319810533, 0.026447906559052256, -0.1023575440778429]]	0.32699388338028834	[[0.0, 0.0, 0.9603999999999999], [0.0, 1.0, 0.0], [-0.9603999999999999, 0.0, 0.0]]
5	[[-0.11776339373586858, 0.36921076657559443, 0.9218542145808483], [-0.35654034849298993, -0.8821364675726786, 0.30775677486433006], [0.9268283352338275, -0.29243574067315803, 0.235521919541756]]	0.8041441279940139	0.1958558720059862	[[-0.09469874156534576, 0.2968986699339328, 0.7413036535217228], [-0.28670982763357716, -0.7093648604879512, 0.24748080335752667], [0.7453035634367497, -0.2351604836779002, 0.18939356861338164]]	0.8471542038911994	0.22914688141449868	[[-0.06031199072207069, 0.29346756058583523, 0.7825097557688092], [-0.3028037202297738, -0.7665818904280509, 0.26071744560231463], [0.7836094379669951, -0.24773816707930243, 0.07815404351338687]]	[[0.03945176334576494, -0.01931089244057192, 0.0015570825118238403], [-0.0007590651471040682, -0.019276273518123596, 0.0], [-0.0015570825118238403, 0.0, -0.12136934073493655]]	0.524831183447868	[[0.0, 0.0, 0.98], [0.0, -1.0, 0.0], [0.98, 0.0, 0.0]]
5	[[0.8082379753195112, 0.5598220322729544, 0.18262165105265082], [0.5142410611933297, -0.8221198924002462, 0.24428469764306882], [0.2868928480010876, -0.10352861779037982, -0.95235199325892]]	0.7765400982044887	0.22345990179551137	[[0.6276291967272103, 0.4347242559182764, 0.14181303484269134], [0.39932880415984867, -0.6384090619803511, 0.18969686309760245], [0.22278380036093, -0.08039412302591653, -0.7395395103705223]]	0.8502561672515355	0.23788791431219306	[[0.6422845108662665, 0.5075624823146979, 0.10765210508037004], [0.41639980969838397, -0.7547913582909993, 0.17558621872657054], [0.15224306702267287, -0.058566055768997025, -0.7836739582562482]]	[[-0.044924812256042446, 0.03157034681133036, -0.0476230800008042], [-0.020836824035218846, -0.05577884955752126, -0.03211835200962539], [-0.09168934633060927, 0.029459789994300444, 0.026069197406441542]]	0.38071997006249647	[[0.6791053526515602, 0.6791053526515601, 0.0], [0.7071067811865475, -0.7071067811865476, 0.0], [0.0, 0.0, -0.9603999999999999]]
5	[[-0.9354158387137099, -0.0645142516937865, 0.34761346350784095], [-0.3448283291114701, 0.383514201978592, -0.8567439992920377], [-0.07804250204675633, -0.9212788764587595, -0.3809916005178692]]	0.785777731737394	0.214222268262606	[[-0.735028935975691, -0.05069386236067894, 0.2731469188765706], [-0.2709584222880066, 0.3013569197198148, -0.6732103564433208], [-0.061324060237411035, -0.7239204258413389, -0.29937471566593055]]	0.8607154201915314	0.22724024357842718	[[-0.773066044282192, -0.015410766645369972, 0.33107897789839064], [-0.36024263635724557, 0.31632226770450256, -0.7153255257527847], [0.014213406893378931, -0.7910435059489994, -0.294656270181926]]	[[0.03206079239009254, 0.04011764460958974, 0.03188270959100575], [-0.063443576172123, -0.013774319800920878, 0.022087245594434618], [0.08138579183535116, 0.0019154293157838606, 0.03326907534725579]]	0.543496425153939	[[-0.9223681599999999, 0.0, 0.0], [0.0, 0.7071067811865476, -0.7071067811865475], [0.0, -0.6522127806865583, -0.6522127806865584]]
5	[[-0.26061641159578686, 0.214194633552232, 0.9413818274028666], [0.3269392317606362, 0.9370465383592396, -0.12269687724115588], [-0.9083995953008238, 0.27579783158391824, -0.31423833526625644]]	0.6932920374529763	0.30670796254702376	[[-0.18068328298892652, 0.14849943390692052, 0.6526525251413396], [0.2266643661106423, 0.6496469037673356, -0.08506476801163866], [-0.6297862062475673, 0.19120844058392755, -0.21785893570257436]]	0.8385822024730343	0.27139565538264454	[[-0.12184999106052119, 0.1681732673785828, 0.7625712460170636], [0.2960080626403252, 0.8540165220918424, -0.05038383122362633], [-0.7158540362972096, 0.1658372984089365, -0.16953479080888548]]	[[0.09669829337609258, -0.011446540183552385, -0.02685480017452183], [0.021842641595649095, 0.06822597213481878, 0.052507586329825676], [0.0459136970557683, -0.06544185463799267, 0.0939798844801516]]	0.46821936210387544	[[0.0, 0.0, 0.9603999999999999], [0.0, 1.0, 0.0], [-0.9603999999999999, 0.0, 0.0]]
