8	[[0.1093031896461408, 0.1859596356180152, -0.9764588197430523], [-0.9647495672926553, -0.21674161245263301, -0.1492693734162066], [-0.23939733737411129, 0.9583538424570789, 0.15571392842625953]]	0.9356867100100521	0.06431328998994784	[[0.10227354191360229, 0.17399995964608872, -0.9136595405056751], [-0.9027033486036861, -0.20280224627807802, -0.13966936891707232], [-0.2240009069927488, 0.896718953874156, 0.14569945339190749]]	0.9356867100100522	0.06431328998994795	[[0.10227354191360227, 0.17399995964608875, -0.913659540505675], [-0.902703348603686, -0.20280224627807805, -0.13966936891707232], [-0.22400090699274883, 0.896718953874156, 0.1456994533919075]]	[[0.0, 0.0, 0.0], [0.0, 0.0, 0.0], [0.0, 0.0, 0.0]]	0.28733667723017714	[[0.14644660940672638, 0.2500000000000001, -0.9571067811865475], [-0.8535533905932738, -0.45710678118654735, -0.25000000000000017], [-0.4999999999999999, 0.8535533905932737, 0.14644660940672638]]
8	[[-0.07673908792314688, -0.9932055702045202, -0.08748604288363548], [-0.7029605032121287, -0.008330385140834728, 0.7111801006827707], [-0.7070768298484077, 0.11607454500500591, -0.6975450212663026]]	0.9566720389060649	0.043327961093935385	[[-0.07341413970722885, -0.9501719979004191, -0.08369545102131098], [-0.6725026578783803, -0.007969446537555044, 0.6803661169496068], [-0.6764406324743127, 0.11104527163503287, -0.6673218177236078]]	0.9634382815306545	0.035703545880231315	[[-0.059844009020421765, -0.9696687285479014, -0.06753166388583685], [-0.6945424952745166, -0.00742874260988525, 0.7000628300422584], [-0.6897458782210661, 0.09243898889490901, -0.6810412125452259]]	[[0.01408936597448481, -0.012776460783384517, 0.01675573892789007], [-0.01728343607589918, 0.0005970693346889497, 0.014884695981651944], [-0.008520992361773214, -0.019391671274166602, -0.008999635966155259]]	0.1167406668823845	[[0.0, -1.0, -1.9967346175427393e-16], [-0.7071067811865475, -1.3401577416544657e-16, 0.7071067811865476], [-0.7071067811865476, 1.1102230246251565e-16, -0.7071067811865475]]
8	[[-0.7969422360492981, -0.5496472174344235, -0.2505414312391083], [-0.20133618011619125, -0.14934722918147175, 0.9680698051855754], [-0.5695145432532569, 0.8219387699229261, 0.008357243601908652]]	0.9359530900085881	0.06404690999141198	[[-0.7459005483886941, -0.5144440115723709, -0.2344950267434176], [-0.18844121991027485, -0.13978200063661922, 0.9060679255074512], [-0.5330388965627155, 0.7692961315072206, 0.007821987973160908]]	0.9359530900085882	0.06404690999141197	[[-0.7459005483886941, -0.514444011572371, -0.2344950267434176], [-0.18844121991027488, -0.13978200063661922, 0.9060679255074512], [-0.5330388965627155, 0.7692961315072208, 0.007821987973160908]]	[[0.0, 0.0, 0.0], [0.0, 0.0, 0.0], [0.0, 0.0, 0.0]]	0.30958292480437394	[[-0.7071067811865477, -0.7071067811865474, -1.9967346175427393e-16], [-1.2684108950145335e-16, -1.2684108950145328e-16, 1.0], [-0.7071067811865474, 0.7071067811865477, 0.0]]
8	[[-0.7906551711763438, -0.6122537057691856, -0.0031305053914775782], [0.21569187232512302, -0.27374870521795946, -0.9373039328864322], [0.5730108345441554, -0.7417594260697941, 0.3484989775187588]]	0.9404606407573729	0.059539359242627016	[[-0.7435800689026348, -0.5758005124337644, -0.002944117106363369], [0.2028497164530426, -0.25744988271578345, -0.8814974573067798], [0.5388941366163134, -0.6975955451294199, 0.3277495717005811]]	0.940460640757373	0.05953935924262706	[[-0.7435800689026347, -0.5758005124337644, -0.0029441171063633656], [0.20284971645304264, -0.2574498827157834, -0.8814974573067799], [0.5388941366163132, -0.6975955451294199, 0.3277495717005813]]	[[0.0, 0.0, 0.0], [0.0, 0.0, 0.0], [0.0, 0.0, 0.0]]	0.25633283975017335	[[-0.8535533905932736, -0.5, 0.14644660940672638], [0.14644660940672613, -0.5, -0.8535533905932738], [0.5000000000000001, -0.7071067811865475, 0.4999999999999999]]
8	[[-0.46302331253993745, -0.17599259499966094, -0.8686978868109609], [0.02399014622745857, 0.9772413149034422, -0.2107697448159405], [0.8860213794985587, -0.11843149475995327, -0.44826342268848407]]	0.931849566473744	0.0681504335262562	[[-0.4314680730575775, -0.16399862335302318, -0.8094957492214514], [0.02235520736169899, 0.9106418956330042, -0.19640569533251573], [0.8256386383722004, -0.11036033704889989, -0.41771407609830047]]	0.9318495664737441	0.068150433526256	[[-0.4314680730575777, -0.16399862335302318, -0.8094957492214515], [0.022355207361698996, 0.9106418956330042, -0.19640569533251578], [0.8256386383722006, -0.11036033704889991, -0.4177140760983006]]	[[0.0, 0.0, 0.0], [0.0, 0.0, 0.0], [0.0, 0.0, 0.0]]	0.28217563354481795	[[-0.45710678118654746, -0.24999999999999992, -0.8535533905932738], [-0.2499999999999999, 0.9571067811865475, -0.14644660940672619], [0.8535533905932738, 0.1464466094067262, -0.4999999999999999]]
8	[[-0.09505120117050858, 0.5452103891734319, 0.8328930907946102], [-0.8397020396470369, 0.4054655520987933, -0.361245305400398], [-0.5346641504427332, -0.7337188273436738, 0.41927428806543177]]	0.9299763713745065	0.07002362862549358	[[-0.0883953711593378, 0.5070327793591908, 0.7745708943200689], [-0.7809030558667237, 0.37707338285819675, -0.3359495982923375], [-0.4972250265327663, -0.6823411726622277, 0.38991518102571987]]	0.9299763713745067	0.07002362862549338	[[-0.0883953711593378, 0.507032779359191, 0.774570894320069], [-0.7809030558667237, 0.3770733828581967, -0.3359495982923375], [-0.4972250265327664, -0.6823411726622279, 0.38991518102571987]]	[[0.0, 0.0, 0.0], [0.0, 0.0, 0.0], [0.0, 0.0, 0.0]]	0.24948503587200752	[[0.1464466094067261, 0.49999999999999994, 0.8535533905932738], [-0.8535533905932737, 0.49999999999999983, -0.14644660940672619], [-0.49999999999999983, -0.7071067811865477, 0.4999999999999999]]
8	[[-0.7823064473600231, -0.6191382563410173, -0.06829671993547412], [0.4516132128936376, -0.48825713387833247, -0.7467599863120696], [0.42900131510151085, -0.6150388530425709, 0.6615777209740769]]	0.9571634496438951	0.04283655035610499	[[-0.7487951378337799, -0.5926165092458743, -0.06537112405280138], [0.43226766075803696, -0.46734188257622583, -0.7147713645544884], [0.41062437866432977, -0.5886927102432518, 0.6332380136150936]]	0.9571634496438952	0.0428365503561049	[[-0.7487951378337799, -0.5926165092458744, -0.06537112405280139], [0.4322676607580369, -0.4673418825762259, -0.7147713645544886], [0.4106243786643298, -0.5886927102432518, 0.6332380136150937]]	[[0.0, 0.0, 0.0], [0.0, 0.0, 0.0], [0.0, 0.0, 0.0]]	0.14570019243037363	[[-0.7071067811865478, -0.7071067811865472, 0.0], [0.4999999999999998, -0.5000000000000003, -0.7071067811865475], [0.4999999999999997, -0.5000000000000001, 0.7071067811865476]]
8	[[-0.14788840876935622, -0.1760303547303998, -0.9732123780373726], [0.7447065518890947, -0.66734943231379, 0.007542331464318042], [-0.6508004072871522, -0.7236422109053288, 0.22978420413710982]]	0.9255136161915956	0.07448638380840461	[[-0.13687273599294783, -0.16291849016602156, -0.9007213073197907], [0.68923605384045, -0.6176409863641441, 0.006980530468056512], [-0.6023246383672954, -0.669740719443872, 0.2126684097146443]]	0.9255136161915958	0.07448638380840433	[[-0.1368727359929479, -0.1629184901660216, -0.900721307319791], [0.6892360538404503, -0.6176409863641442, 0.006980530468056509], [-0.6023246383672956, -0.6697407194438723, 0.21266840971464435]]	[[0.0, 0.0, 0.0], [0.0, 0.0, 0.0], [0.0, 0.0, 0.0]]	0.23756170659857534	[[-2.6803154833089315e-16, 1.43493693279865e-17, -1.0], [0.7071067811865476, -0.7071067811865475, -1.7938038903913487e-16], [-0.7071067811865475, -0.7071067811865476, 1.9967346175427393e-16]]
8	[[-0.8454278191407976, -0.5275798211578228, 0.08313443889216068], [0.5338434264073765, -0.8300116656812779, 0.16152965955087792], [-0.016217234797175482, 0.18094244151129993, 0.9833599718086266]]	0.9068139232527647	0.09318607674723543	[[-0.7666457175020956, -0.4784167274531172, 0.07538746668921746], [0.48409665190317175, -0.7526661349020017, 0.146477344299015], [-0.014706014310737954, 0.16408112526979574, 0.8917245140055086]]	0.9315897529338726	0.12260943539549624	[[-0.7768353606135064, -0.4779055485082592, 0.025209679661019474], [0.4957314839481067, -0.7333548427196082, 0.1480068710993222], [0.017825935439847455, 0.16583280653916965, 0.9134838670052348]]	[[0.010756532543291848, 0.013582406737053573, -0.05223751172682462], [-0.0015915817641130347, 0.03987551984464564, -0.002472504533172712], [0.03293374519781877, -0.00273131784359398, -0.0026042061770233616]]	0.28528202001455993	[[-0.7071067811865478, -0.7071067811865472, 0.0], [0.7071067811865472, -0.7071067811865478, 0.0], [0.0, 0.0, 1.0]]
8	[[-0.328472184202533, 0.6350926635744277, -0.699116108296151], [0.7870892180276409, -0.22510676047337688, -0.5742974048816677], [-0.522107830883481, -0.738907473952673, -0.4259332786564415]]	0.9211939646711979	0.07880603532880216	[[-0.3025865936497394, 0.5850435286917184, -0.6440215395668296], [0.7250618373048354, -0.20736698915475973, -0.5290393033033238], [-0.4809625827174332, -0.6806771054556426, -0.39236716565092944]]	0.9211939646711979	0.07880603532880215	[[-0.30258659364973933, 0.5850435286917183, -0.6440215395668298], [0.7250618373048354, -0.2073669891547597, -0.5290393033033237], [-0.48096258271743314, -0.6806771054556428, -0.3923671656509295]]	[[0.0, 0.0, 0.0], [0.0, 0.0, 0.0], [0.0, 0.0, 0.0]]	0.36963137685201397	[[-0.1464466094067265, 0.8535533905932736, -0.5000000000000001], [0.8535533905932736, -0.14644660940672619, -0.5000000000000002], [-0.5000000000000001, -0.5000000000000001, -0.7071067811865474]]
8	[[0.045438286595317165, 0.914755726437795, 0.40144404723515764], [0.8006341574927736, -0.2736772949406891, 0.532996889380964], [0.597428077652129, 0.29719135112450484, -0.7448201077103603]]	0.9306450765441217	0.06935492345587833	[[0.0422869177065327, 0.8513129130498756, 0.37360192606734527], [0.7451062367837006, -0.2546964270984658, 0.4960309309157261], [0.5559934990561731, 0.27657966771551573, -0.6931631661517094]]	0.9306450765441218	0.06935492345587824	[[0.042286917706532694, 0.8513129130498756, 0.37360192606734527], [0.7451062367837007, -0.25469642709846574, 0.496030930915726], [0.5559934990561732, 0.2765796677155158, -0.6931631661517094]]	[[0.0, 0.0, 0.0], [0.0, 0.0, 0.0], [0.0, 0.0, 0.0]]	0.24738792988474398	[[-0.14644660940672607, 0.8535533905932737, 0.4999999999999999], [0.8535533905932736, -0.14644660940672632, 0.5], [0.5000000000000001, 0.49999999999999983, -0.7071067811865476]]
8	[[-0.21951259035361326, -0.17809212642501718, -0.9592170855346885], [-0.39870436216914484, 0.9137219002469867, -0.0784035751501837], [0.8904207175619522, 0.3652334643956531, -0.27157956885967516]]	0.9163655998888052	0.08363440011119494	[[-0.20115378654253432, -0.1631974982669338, -0.8789935400095863], [-0.3653589620174118, 0.8373033172513689, -0.07184633917592512], [0.8159509150020787, 0.33468738270038917, -0.2488661745356393]]	0.9163655998888052	0.083634400111195	[[-0.20115378654253438, -0.1631974982669338, -0.8789935400095862], [-0.36535896201741175, 0.8373033172513689, -0.0718463391759251], [0.8159509150020785, 0.3346873827003891, -0.2488661745356393]]	[[0.0, 0.0, 0.0], [0.0, 0.0, 0.0], [0.0, 0.0, 0.0]]	0.31844499449473757	[[-0.45710678118654746, -0.24999999999999992, -0.8535533905932738], [-0.2499999999999999, 0.9571067811865475, -0.14644660940672619], [0.8535533905932738, 0.1464466094067262, -0.4999999999999999]]
8	[[-0.4889737104017652, -0.6675742726348228, 0.5614706591194402], [-0.8352955409727327, 0.5438241864302344, -0.08084932581391074], [-0.2513683945268397, -0.5085271327761987, -0.8235375434449957]]	0.9109982138514668	0.08900178614853332	[[-0.44545417679633237, -0.6081589699835158, 0.5114987675878159], [-0.7609527458642542, 0.4954228624871706, -0.07365359140756804], [-0.2289961584326618, -0.4632673096541247, -0.7502412311180158]]	0.9114462156844183	0.08686514487777224	[[-0.45343247501416306, -0.6006988073819821, 0.5227235258117561], [-0.7590543318681139, 0.5089123429885533, -0.081449049153031], [-0.24235461820321447, -0.4657677586712663, -0.7583694145462889]]	[[-0.007759237099305458, 0.00775923709930546, 0.010973218339506256], [0.0022726279295523315, 0.013245846269058587, -0.00775923709930546], [-0.013245846269058588, -0.002272627929552332, -0.007759237099305458]]	0.2953720391017108	[[-0.49999999999999983, -0.5000000000000002, 0.7071067811865475], [-0.7071067811865477, 0.7071067811865474, 1.268410895014533e-16], [-0.4999999999999999, -0.5, -0.7071067811865476]]
8	[[-0.9404471891782326, -0.16511750794278138, -0.2971452387932999], [-0.33967856319298195, 0.4221845412224513, 0.8404633762752188], [-0.01332509189135525, 0.8913452875982203, -0.45312914296316575]]	0.9556287719887581	0.04437122801124209	[[-0.8987183925146734, -0.15779104134920416, -0.2839605396503475], [-0.32460660821501514, 0.4034516946810483, 0.8031709841714127], [-0.012733841200773173, 0.8517952026054536, -0.4330232464422085]]	0.9556287719887583	0.044371228011241756	[[-0.8987183925146738, -0.15779104134920413, -0.2839605396503475], [-0.3246066082150152, 0.40345169468104863, 0.8031709841714131], [-0.012733841200773172, 0.8517952026054539, -0.4330232464422086]]	[[0.0, 0.0, 0.0], [0.0, 0.0, 0.0], [0.0, 0.0, 0.0]]	0.17460277134431273	[[-0.9571067811865475, -0.2500000000000001, -0.14644660940672638], [-0.25000000000000017, 0.45710678118654735, 0.8535533905932738], [-0.14644660940672638, 0.8535533905932737, -0.4999999999999999]]
8	[[0.39962180205666736, -0.8574648204204427, -0.3241242000565831], [-0.742889895952614, -0.510089041811326, 0.433501755377666], [-0.5370447074615821, 0.0675518405770078, -0.8408446533231704]]	0.8940087413618463	0.10599125863815378	[[0.35726538427743404, -0.7665810448661415, -0.28976986813750105], [-0.6641500608510293, -0.45602406225221376, 0.38755435870333815], [-0.4801226629727699, 0.060391935970926874, -0.7517224701982855]]	0.8948216241825723	0.10558050310128338	[[0.37193663004450067, -0.7630760999933299, -0.31452417997557486], [-0.6504075432157528, -0.48092954171540886, 0.39210870812774756], [-0.500848090938785, 0.04610044763225313, -0.7667523784412587]]	[[0.014346400069387236, 0.004201963294708366, -0.024490836844066114], [0.01434640006938724, -0.02449083684406611, 0.004201963294708365], [-0.020288873549357746, -0.01434640006938724, -0.014346400069387236]]	0.3295597865647475	[[0.49999999999999983, -0.7071067811865477, -0.4999999999999999], [-0.5000000000000002, -0.7071067811865474, 0.5], [-0.7071067811865475, 1.1102230246251565e-16, -0.7071067811865476]]
8	[[0.5316565726284, 0.12413974256263854, 0.8378129941087711], [-0.8431913025942939, 0.17079270063273144, 0.5097629651513687], [-0.0798105006271736, -0.9774554607382677, 0.19547661308345798]]	0.9183805745771604	0.08161942542283954	[[0.4882630686481938, 0.1140075281025367, 0.7694311789178243], [-0.774370512955012, 0.15685269854067285, 0.4681564048338709], [-0.07329641342327457, -0.8976761076563935, 0.1795219242399834]]	0.9321187868287077	0.11842909749509571	[[0.5114726921232342, 0.11848366315767214, 0.7390635339395247], [-0.7673894490887712, 0.16858251779540367, 0.46239515192368097], [-0.050098854637731505, -0.9098422519915743, 0.1675612033572253]]	[[0.015905612635341116, 0.0027706769229573387, -0.041877697718470455], [0.018565004949939852, 0.00938343288242344, -0.012764484723417575], [0.024294012383061222, 0.0012623462508754742, -0.01464622008351224]]	0.31225019557245476	[[0.7071067811865474, 7.850462293418876e-17, 0.7071067811865477], [-0.7071067811865477, 8.802883075958472e-17, 0.7071067811865474], [0.0, -1.0, 1.9967346175427393e-16]]
8	[[-0.10494230950179255, 0.25078566681139447, 0.9623376024028126], [-0.014608284002347344, -0.9679651692114681, 0.2506591894025037], [0.9943710121051078, 0.012246653231707691, 0.1052440486188438]]	0.9105358484765267	0.08946415152347327	[[-0.09555373482330094, 0.22834933991586462, 0.8762428853247114], [-0.013301366268863312, -0.881366986643689, 0.22823417770104712], [0.9054104532075871, 0.011151016791330879, 0.09582847910626376]]	0.9215622553102808	0.13855352737156626	[[-0.0732493960063056, 0.22988813804491212, 0.8323857610910453], [-0.014005959217895518, -0.8989185162125428, 0.2152755224300774], [0.91723539066422, 0.004090619492999582, 0.07953193154703214]]	[[0.023461475415635848, -0.0012264666612891995, -0.05446825014917891], [-0.000543516066479191, -0.006878351812224689, -0.015722525469940768], [0.0008605981334703907, -0.007195433879215896, -0.0174570112561344]]	0.27445621924199637	[[-1.7938038903913485e-16, 1.9967346175427395e-16, 1.0], [-1.9967346175427393e-16, -1.0, 1.7938038903913487e-16], [1.0, -1.7938038903913487e-16, 1.9967346175427393e-16]]
8	[[-0.6423177830836196, 0.6472169826683319, -0.4105338510771609], [0.6354509445700302, 0.7491834873395028, 0.186885524701293], [0.4285206676224623, -0.14083422752840047, -0.8924885196891207]]	0.9361594980393445	0.0638405019606555	[[-0.601311893393306, 0.6058983256173248, -0.38432516395255395], [0.5948834372973069, 0.7013552374471146, 0.17495465899518198], [0.40116369310092914, -0.1318432997497462, -0.8355116045980449]]	0.9361594980393443	0.06384050196065572	[[-0.6013118933933058, 0.6058983256173248, -0.3843251639525539], [0.5948834372973066, 0.7013552374471144, 0.17495465899518195], [0.401163693100929, -0.13184329974974618, -0.835511604598045]]	[[0.0, 0.0, 0.0], [0.0, 0.0, 0.0], [0.0, 0.0, 0.0]]	0.18895333430472422	[[-0.7071067811865476, 0.5, -0.4999999999999999], [0.5, 0.8535533905932737, 0.14644660940672619], [0.4999999999999999, -0.1464466094067262, -0.8535533905932738]]
8	[[0.4863417937448936, 0.8226223794475465, -0.29455743156310954], [-0.6786221941306434, 0.14325991665360527, -0.7203808117334284], [-0.5504031043610768, 0.5502445066626823, 0.6279230889187231]]	0.9364478433700844	0.06355215662991567	[[0.4554337238931441, 0.7703429531416223, -0.2758376715359051], [-0.6354942901567157, 0.1341554399916467, -0.6745990575529596], [-0.5154238000631297, 0.515275281590505, 0.5880172224202199]]	0.9364478433700842	0.06355215662991577	[[0.4554337238931439, 0.770342953141622, -0.2758376715359051], [-0.6354942901567157, 0.1341554399916467, -0.6745990575529597], [-0.5154238000631297, 0.515275281590505, 0.5880172224202198]]	[[0.0, 0.0, 0.0], [0.0, 0.0, 0.0], [0.0, 0.0, 0.0]]	0.24101445823257076	[[0.4999999999999999, 0.8535533905932737, -0.14644660940672638], [-0.5, 0.14644660940672602, -0.8535533905932738], [-0.7071067811865476, 0.5, 0.4999999999999999]]
8	[[-0.7229741855265539, 0.37453352207805324, 0.5805454055472524], [0.6255107660641113, -0.0019251384381000977, 0.7802131602196173], [0.2933336131439832, 0.9272113754057388, -0.23288292491742163]]	0.9450775625825519	0.05492243741744844	[[-0.6832666810675414, 0.3539632281509849, 0.5486604368430963], [0.591156190161015, -0.0018194051427135195, 0.7373619517551856], [0.27722301613364886, 0.8762866666672711, -0.2200924270480523]]	0.9450775625825518	0.05492243741744818	[[-0.6832666810675413, 0.3539632281509849, 0.5486604368430964], [0.5911561901610151, -0.0018194051427135257, 0.7373619517551858], [0.27722301613364875, 0.8762866666672712, -0.2200924270480523]]	[[0.0, 0.0, 0.0], [0.0, 0.0, 0.0], [0.0, 0.0, 0.0]]	0.2450582605620692	[[-0.7071067811865476, 0.5, 0.4999999999999999], [0.5, -0.14644660940672602, 0.8535533905932738], [0.4999999999999999, 0.8535533905932737, -0.14644660940672638]]
8	[[-0.4173896908511048, -0.2512754656216099, -0.8732963336393107], [0.3950375357134564, 0.8152827950674679, -0.42339025667156843], [0.8183710596964306, -0.5217035599299856, -0.24102739306502285]]	0.905321326998731	0.09467867300126906	[[-0.3778717887969123, -0.22748503797877986, -0.7906137956334673], [0.35763590604641493, 0.7380929019097145, -0.3833042290082376], [0.7408887737417302, -0.4723093591757766, -0.21820723933267128]]	0.9053213269987312	0.09467867300126893	[[-0.3778717887969123, -0.22748503797877992, -0.7906137956334673], [0.357635906046415, 0.7380929019097145, -0.38330422900823774], [0.7408887737417303, -0.47230935917577666, -0.21820723933267128]]	[[0.0, 0.0, 0.0], [0.0, 0.0, 0.0], [0.0, 0.0, 0.0]]	0.40895857517764245	[[-0.5000000000000001, 0.14644660940672596, -0.8535533905932737], [0.49999999999999983, 0.8535533905932738, -0.14644660940672646], [0.7071067811865476, -0.5, -0.4999999999999999]]
8	[[0.607699742283575, 0.04436598313018672, -0.7929266566141968], [-0.48983361298617956, -0.764959691968786, -0.4182101161520675], [-0.6251112339555114, 0.6425483088483792, -0.443133857856411]]	0.9588099077863699	0.041190092213630194	[[0.5826685338607154, 0.04253854419390603, -0.7602659345096126], [-0.46965732129794313, -0.7334509317168816, -0.4009840029030909], [-0.5993628445851079, 0.6160816847552024, -0.42488113338832373]]	0.9588099077863699	0.04119009221363024	[[0.5826685338607154, 0.04253854419390603, -0.7602659345096127], [-0.46965732129794313, -0.7334509317168814, -0.4009840029030909], [-0.5993628445851077, 0.6160816847552024, -0.4248811333883236]]	[[0.0, 0.0, 0.0], [0.0, 0.0, 0.0], [0.0, 0.0, 0.0]]	0.16187869842344393	[[0.7071067811865475, 1.1102230246251565e-16, -0.7071067811865476], [-0.49999999999999994, -0.7071067811865475, -0.5], [-0.5000000000000001, 0.7071067811865475, -0.4999999999999999]]
8	[[-0.9811165986123564, 0.18418769307433647, 0.05903485112435114], [-0.17683959200596489, -0.7305894532589015, -0.6595201357699575], [-0.0783452527373813, -0.6575058513099433, 0.74936511585922]]	0.9270653155369958	0.07293468446300427	[[-0.9095591690711483, 0.17075402179799107, 0.05472916288527616], [-0.16394185216244342, -0.6773041420134648, -0.611418242770578], [-0.07263116644980608, -0.6095508695120736, 0.6947104075864451]]	0.9456350686975499	0.07459284654382359	[[-0.932811614324837, 0.14140558057438712, 0.050219339119102126], [-0.13549928015959387, -0.6815641044321487, -0.6332729776667358], [-0.06447840968394589, -0.6273666772519425, 0.7290734675600336]]	[[-0.005033352195734724, -0.03276876121920627, -0.005606086379423303], [0.03172643957541345, 0.009306903390038075, -0.009607608770494587], [0.009607608770494585, -0.005606086379423305, 0.020447534744952433]]	0.20277939553391605	[[-1.0, 0.0, 0.0], [0.0, -0.7071067811865478, -0.7071067811865472], [0.0, -0.7071067811865472, 0.7071067811865478]]
8	[[-0.09107681945440971, 0.026979593008170225, -0.9954783345302809], [0.1626680633668992, -0.9858035016183849, -0.04159996823788131], [-0.9824683781774002, -0.16572132559825775, 0.08539512938935634]]	0.930220115556222	0.06977988444377821	[[-0.08472148951737415, 0.02509696012571978, -0.9260139713804731], [0.15131710470246382, -0.9170142471911821, -0.03869712726137699], [-0.9139118482785153, -0.15415731064814162, 0.07943626712850557]]	0.9363227215063175	0.10115863552420959	[[-0.06547554467844946, 0.020652867698781094, -0.9415067599521804], [0.14062789989913832, -0.9277538002362352, -0.02953321891085796], [-0.8929233244140394, -0.14950825111121518, 0.0456088736157196]]	[[0.019801750779242934, -0.00460873825176167, -0.009417776564211427], [-0.01168190389471886, -0.004723582730451431, 0.009417776564211435], [0.0269841412349217, 0.005660391484580078, -0.03434852633750664]]	0.19039376479793962	[[0.0, 0.0, -1.0], [2.7817808468846267e-16, -1.0, 0.0], [-1.0, -3.133961632045815e-16, 0.0]]
8	[[0.5859585634738876, 0.36139819833278886, -0.7252888418646962], [-0.7596467684279905, 0.5565829073689794, -0.33638111487062594], [0.28211584341991347, 0.748068719748733, 0.600669494335248]]	0.9363615832408472	0.06363841675915283	[[0.5486690882079419, 0.3383993891712798, -0.6791326082753474], [-0.7113040507890265, 0.5211628523488115, -0.3149743532925805], [0.26416243780199716, 0.7004628107968773, 0.562443838720232]]	0.9363615832408471	0.06363841675915309	[[0.5486690882079417, 0.3383993891712798, -0.6791326082753472], [-0.7113040507890265, 0.5211628523488111, -0.31497435329258056], [0.2641624378019971, 0.7004628107968771, 0.562443838720232]]	[[0.0, 0.0, 0.0], [0.0, 0.0, 0.0], [0.0, 0.0, 0.0]]	0.3240152412597984	[[0.7071067811865475, 0.49999999999999994, -0.5000000000000002], [-0.7071067811865476, 0.5, -0.4999999999999999], [1.9967346175427393e-16, 0.7071067811865476, 0.7071067811865475]]
8	[[-0.7351688989075352, -0.09676064626795722, 0.6709426707349067], [-0.4070551462354579, -0.7284396683943796, -0.5510732777342012], [0.5420634630763377, -0.6782426017608253, 0.49613926991762536]]	0.9677745071264139	0.03222549287358598	[[-0.7114777187949083, -0.09364248675120566, 0.6493212124805542], [-0.3939375935212907, -0.7049653410516992, -0.5333146697497543], [0.5245952008099399, -0.6563858996312196, 0.4801509374105888]]	0.9679776932442128	0.03175148961902111	[[-0.7115021911374968, -0.09293415463910965, 0.6503334880683772], [-0.39519779520760495, -0.705238253651878, -0.5330001920376424], [0.5251317887326399, -0.6573996584636878, 0.4808548347829906]]	[[0.00012490377190717812, 0.0007279925321669073, 0.0008759493512909041], [-0.001177493731420769, -0.00012490377190717774, 0.0004264481520370427], [0.00042644815203704247, -0.0008759493512909044, 0.0006030887602597294]]	0.11352895365291289	[[-0.7071067811865475, -1.1102230246251565e-16, 0.7071067811865476], [-0.49999999999999994, -0.7071067811865475, -0.5], [0.5000000000000001, -0.7071067811865475, 0.4999999999999999]]
8	[[-0.9494449584333646, 0.029426784615528695, -0.3125513321882631], [-0.305151494792988, 0.14733284102383137, 0.940837711394187], [0.07373490442844376, 0.988649128003984, -0.1309047958093612]]	0.911585337558789	0.08841466244121104	[[-0.8655001029269692, 0.0268250253870164, -0.284917211657287], [-0.278171628387435, 0.13430645761820464, 0.8576538627293084], [0.06721565774326782, 0.9012380490787141, -0.11933089247594084]]	0.9213479929397292	0.11360387020032452	[[-0.8710091138663519, 0.026957273041144713, -0.2844542736852319], [-0.2732882055869952, 0.11818784267077614, 0.8443862427209723], [0.038123341139381484, 0.9464198558134757, -0.09123056962963141]]	[[0.003760092992973238, -0.00015503590304239215, 0.0035142689170628814], [0.007862511683082628, -0.01755697470063905, -0.022452694354070206], [-0.029812165065367997, 0.03552996600539141, 0.02937830125550851]]	0.34794856253254514	[[-1.0, 1.7938038903913487e-16, -1.9967346175427393e-16], [-1.7938038903913487e-16, 2.87096493178452e-32, 1.0], [1.9967346175427393e-16, 1.0, 0.0]]
8	[[-0.4073423402475564, 0.6394988746997277, 0.652007213993393], [0.8839564696894593, 0.09663191055244695, 0.45747484472605926], [0.22954994562358777, 0.76269486894876, -0.6046514362369794]]	0.9464734430907099	0.05352655690929005	[[-0.3855387072907321, 0.6052687017896856, 0.6171075127483081], [0.8366413234092914, 0.09145953709300798, 0.4329877914152613], [0.21726292739564232, 0.7218704386415508, -0.5722865267249567]]	0.9527060394739572	0.04712609499229241	[[-0.3821530929936613, 0.6088393861060001, 0.6277558204290449], [0.8549766331753782, 0.090252359749324, 0.44054584016294596], [0.21228235063215847, 0.7314026007817815, -0.5800015517351401]]	[[0.005924414693641204, -0.00041505405722985344, 0.006584609876950635], [0.012825965870152414, -0.0018094450398994247, 0.004706792685018498], [-0.006411268924352062, 0.004778592858499499, -0.003946476655567485]]	0.17664786877000377	[[-0.4999999999999999, 0.5, 0.7071067811865476], [0.8535533905932738, 0.14644660940672602, 0.5], [0.14644660940672638, 0.8535533905932737, -0.4999999999999999]]
8	[[-0.5765804364735063, -0.21489234046914468, -0.7882742430675469], [0.7184694088670802, -0.5927529150888833, -0.36393088653729166], [-0.3890458954907621, -0.7761863588477473, 0.49616330732982133]]	0.9246218740389665	0.07537812596103365	[[-0.5331188837063386, -0.19869415856120012, -0.7288556078817628], [0.664312531266348, -0.5480723111915436, -0.3364984583307731], [-0.3597203449758364, -0.7176788857212857, 0.4587634470526711]]	0.9246218740389665	0.07537812596103355	[[-0.5331188837063388, -0.19869415856120015, -0.728855607881763], [0.6643125312663481, -0.5480723111915436, -0.33649845833077313], [-0.3597203449758364, -0.7176788857212858, 0.4587634470526712]]	[[0.0, 0.0, 0.0], [0.0, 0.0, 0.0], [0.0, 0.0, 0.0]]	0.2882897986691007	[[-0.7071067811865475, -1.1102230246251565e-16, -0.7071067811865476], [0.5000000000000002, -0.7071067811865474, -0.5], [-0.49999999999999983, -0.7071067811865477, 0.4999999999999999]]
8	[[-0.10249990202145981, -0.9422123744706561, -0.3189507978982955], [0.6126683972808709, 0.19280684864693648, -0.7664613193685161], [0.7836652378783178, -0.27397328429831536, 0.5575010622697631]]	0.9305887971371996	0.06941120286280048	[[-0.09538526052883113, -0.8768122802064324, -0.2968120393621249], [0.5701423468695815, 0.1794238933621667, -0.7132603172433385], [0.7292700910754211, -0.2549564690828974, 0.5188042429403298]]	0.9305887971371999	0.06941120286280023	[[-0.09538526052883115, -0.8768122802064326, -0.29681203936212497], [0.5701423468695817, 0.17942389336216671, -0.7132603172433386], [0.7292700910754214, -0.25495646908289743, 0.51880424294033]]	[[0.0, 0.0, 0.0], [0.0, 0.0, 0.0], [0.0, 0.0, 0.0]]	0.34471157117503615	[[0.1464466094067261, -0.8535533905932738, -0.49999999999999983], [0.49999999999999994, 0.49999999999999983, -0.7071067811865477], [0.8535533905932738, -0.1464466094067262, 0.4999999999999999]]
8	[[-0.11776339373586858, 0.36921076657559443, 0.9218542145808483], [-0.35654034849298993, -0.8821364675726786, 0.30775677486433006], [0.9268283352338275, -0.29243574067315803, 0.235521919541756]]	0.904208731485895	0.09579126851410512	[[-0.10648268886538372, 0.3338435988962531, 0.8335486299810747], [-0.3223868962343853, -0.79763549634134, 0.278276363006266], [0.8380462733069629, -0.26442295011521433, 0.21296097610597417]]	0.9042087314858949	0.09579126851410519	[[-0.10648268886538367, 0.333843598896253, 0.8335486299810747], [-0.32238689623438527, -0.7976354963413401, 0.278276363006266], [0.8380462733069628, -0.26442295011521433, 0.21296097610597414]]	[[0.0, 0.0, 0.0], [0.0, 0.0, 0.0], [0.0, 0.0, 0.0]]	0.3699008017662534	[[-0.45710678118654746, 0.24999999999999992, 0.8535533905932738], [-0.2499999999999999, -0.9571067811865475, 0.14644660940672619], [0.8535533905932738, -0.1464466094067262, 0.4999999999999999]]
8	[[0.6724379315615234, 0.726914486201285, 0.13936483755948603], [-0.3270676168278158, 0.46074031506667057, -0.825072806541846], [-0.6639683744123911, 0.509228526128483, 0.547569453089907]]	0.9445139071413191	0.05548609285868083	[[0.6351269780492015, 0.6865808415196003, 0.13163202724142542], [-0.3089199126694402, 0.4351756351611434, -0.7792927401828927], [-0.6271273635345178, 0.48097342484142874, 0.5171869635691835]]	0.9445139071413191	0.055486092858680884	[[0.6351269780492015, 0.6865808415196004, 0.13163202724142542], [-0.3089199126694402, 0.4351756351611434, -0.7792927401828926], [-0.6271273635345178, 0.48097342484142874, 0.5171869635691834]]	[[0.0, 0.0, 0.0], [0.0, 0.0, 0.0], [0.0, 0.0, 0.0]]	0.2437239216482645	[[0.7071067811865475, 0.7071067811865476, 1.9967346175427393e-16], [-0.4999999999999999, 0.5, -0.7071067811865476], [-0.5000000000000002, 0.49999999999999994, 0.7071067811865475]]
8	[[-0.9354158387137099, -0.0645142516937865, 0.34761346350784095], [-0.3448283291114701, 0.383514201978592, -0.8567439992920377], [-0.07804250204675633, -0.9212788764587595, -0.3809916005178692]]	0.9146243547356102	0.08537564526438969	[[-0.8555541078929967, -0.059006305826680205, 0.31793573975826955], [-0.315388388008137, 0.3507714295166121, -0.7835989275260862], [-0.07137957307646706, -0.842624097912641, -0.3484641967833435]]	0.915593357572209	0.15917314130167715	[[-0.8635173954577537, 0.0006156889183065783, 0.31714590892418537], [-0.31572252763718556, 0.35226972513246857, -0.709014612638185], [-0.002778547070109546, -0.8364599527935842, -0.3488333787249656]]	[[-0.007056866963643889, 0.05968450923787917, -0.0011266692662633049], [1.2658635413358593e-18, 0.0011266692662633086, 0.0754145022534542], [0.06867664941221599, 0.007056866963643889, 0.0]]	0.2818750826550876	[[-0.9571067811865475, -0.2500000000000001, 0.14644660940672638], [-0.25000000000000017, 0.45710678118654735, -0.8535533905932738], [0.14644660940672638, -0.8535533905932737, -0.4999999999999999]]
8	[[-0.9945741148769375, -0.05571399045578551, -0.08785374940347358], [0.04382460725063632, 0.541520885874493, -0.8395442418128012], [0.09434900007993284, -0.8388391272640996, -0.5361410120059088]]	0.9452473069579075	0.0547526930420926	[[-0.9401185036574697, -0.05266349943820982, -0.08304352002978826], [0.04142509198215197, 0.511871159034325, -0.7935769336455688], [0.08918313823972793, -0.7929104260173114, -0.5067858477482724]]	0.9452473069579075	0.05475269304209265	[[-0.9401185036574695, -0.052663499438209804, -0.08304352002978828], [0.041425091982151975, 0.5118711590343248, -0.7935769336455687], [0.08918313823972791, -0.7929104260173117, -0.5067858477482725]]	[[0.0, 0.0, 0.0], [0.0, 0.0, 0.0], [0.0, 0.0, 0.0]]	0.23792349106480473	[[-1.0, 0.0, 0.0], [0.0, 0.7071067811865474, -0.7071067811865477], [0.0, -0.7071067811865477, -0.7071067811865474]]
8	[[0.2693697955279176, -0.8332118037256505, 0.4829057914226089], [-0.5456055074659315, 0.281164383477422, 0.7894689478925723], [-0.793570755181976, -0.4761351484568322, -0.37886775651129134]]	0.9052612812396406	0.09473871876035954	[[0.24385004622686274, -0.7542743849846744, 0.43715591546127364], [-0.49391554074001337, 0.2545272300257248, 0.7146756712681411], [-0.7183888785903446, -0.4310267145352583, -0.3429743106797997]]	0.9052612812396406	0.09473871876035947	[[0.24385004622686274, -0.7542743849846745, 0.4371559154612737], [-0.4939155407400135, 0.25452723002572464, 0.714675671268141], [-0.7183888785903446, -0.4310267145352585, -0.34297431067979983]]	[[0.0, 0.0, 0.0], [0.0, 0.0, 0.0], [0.0, 0.0, 0.0]]	0.3995066819720088	[[0.0, -0.7071067811865477, 0.7071067811865474], [-0.7071067811865475, 0.4999999999999999, 0.5000000000000002], [-0.7071067811865476, -0.49999999999999983, -0.5000000000000001]]
8	[[0.8082379753195112, 0.5598220322729544, 0.18262165105265082], [0.5142410611933297, -0.8221198924002462, 0.24428469764306882], [0.2868928480010876, -0.10352861779037982, -0.95235199325892]]	0.9141070882567888	0.08589291174321134	[[0.7388160622378808, 0.5117372878630284, 0.16693574569638592], [0.4700713991095157, -0.7515056210399734, 0.22330237366819564], [0.26225078592797163, -0.09463624335961406, -0.8705517075534601]]	0.9141070882567887	0.08589291174321133	[[0.7388160622378808, 0.5117372878630282, 0.16693574569638595], [0.4700713991095157, -0.7515056210399735, 0.22330237366819566], [0.2622507859279716, -0.09463624335961406, -0.8705517075534601]]	[[0.0, 0.0, 0.0], [0.0, 0.0, 0.0], [0.0, 0.0, 0.0]]	0.34854111007806027	[[0.7071067811865476, 0.5, 0.4999999999999999], [0.5, -0.8535533905932737, 0.14644660940672619], [0.4999999999999999, 0.1464466094067262, -0.8535533905932738]]
8	[[-0.26061641159578686, 0.214194633552232, 0.9413818274028666], [0.3269392317606362, 0.9370465383592396, -0.12269687724115588], [-0.9083995953008238, 0.27579783158391824, -0.31423833526625644]]	0.9267752086952231	0.07322479130477678	[[-0.2415328292460855, 0.1985102762117667, 0.8724493395531825], [0.3029991747456196, 0.8684315011450208, -0.11371242401142438], [-0.8418822245135773, 0.25560259292387577, -0.2912282987464243]]	0.9267752086952232	0.0732247913047769	[[-0.24153282924608557, 0.19851027621176665, 0.8724493395531824], [0.3029991747456195, 0.8684315011450205, -0.11371242401142442], [-0.8418822245135774, 0.2556025929238757, -0.29122829874642436]]	[[0.0, 0.0, 0.0], [0.0, 0.0, 0.0], [0.0, 0.0, 0.0]]	0.23317126040653102	[[-0.45710678118654746, 0.24999999999999992, 0.8535533905932738], [0.2499999999999999, 0.9571067811865475, -0.14644660940672619], [-0.8535533905932738, 0.1464466094067262, -0.4999999999999999]]
8	[[-0.6444901429183796, 0.6254792214998769, 0.43978199048273264], [0.6024876936975031, 0.7695704867721718, -0.21158885800605393], [-0.47078767467310584, 0.12859630383938042, -0.8728241266227346]]	0.9478676649006346	0.05213233509936539	[[-0.6108913668195206, 0.5928715291269551, 0.41685512838422095], [0.5710786033564211, 0.7294509802731832, -0.2005582367571903], [-0.4462444138563965, 0.12189227823508604, -0.8273217667708274]]	0.9478676649006348	0.05213233509936542	[[-0.6108913668195207, 0.5928715291269552, 0.41685512838422095], [0.5710786033564209, 0.7294509802731834, -0.20055823675719028], [-0.44624441385639657, 0.12189227823508605, -0.8273217667708274]]	[[0.0, 0.0, 0.0], [0.0, 0.0, 0.0], [0.0, 0.0, 0.0]]	0.15270201334567735	[[-0.7071067811865476, 0.5, 0.4999999999999999], [0.5, 0.8535533905932737, -0.14644660940672619], [-0.4999999999999999, 0.1464466094067262, -0.8535533905932738]]
8	[[0.38401809673392395, -0.5473175780213695, -0.7436219269021571], [0.16374961445699815, 0.8329771875431029, -0.5285215878258589], [0.9086892566471991, 0.08119405040767946, 0.40950135656961645]]	0.9546871638933995	0.04531283610660072	[[0.36661714765465087, -0.5225170663102257, -0.7099263084031654], [0.15632965501458918, 0.7952326287634255, -0.5045727757379055], [0.8675139692889158, 0.0775149177087252, 0.39094568871394686]]	0.9576381549646859	0.041339002827662744	[[0.38731163741592667, -0.5213979303120497, -0.7148549953539411], [0.15294604361691372, 0.816119423029262, -0.5088667035086366], [0.8701955031718559, 0.08162135567438453, 0.41171537934746494]]	[[0.019561255786601547, 0.0027342652840749186, -0.0027342652840749134], [-0.0038668350478646705, 0.018428686022811794, -0.002734265284074914], [0.0, 0.003866835047864666, 0.019561255786601547]]	0.13047649342636763	[[0.4999999999999999, -0.5, -0.7071067811865476], [0.14644660940672619, 0.8535533905932737, -0.5], [0.8535533905932738, 0.1464466094067262, 0.4999999999999999]]
8	[[0.5977334925608182, 0.6122861497964367, -0.5175136158967237], [0.8005212526413146, -0.4209281575567265, 0.4265972459422119], [0.04336353238179311, -0.669272109790446, -0.7417509333435437]]	0.936966574592243	0.06303342540775693	[[0.5600563030437677, 0.5736916564450404, -0.484892959991599], [0.7500616559756242, -0.39439561393535, 0.39970736026095893], [0.04063018039798849, -0.6270855961804779, -0.6949958312154993]]	0.9481098639576225	0.06527626477000308	[[0.600429245550445, 0.5541539049298546, -0.4881143675119523], [0.74752315083202, -0.41414481748615023, 0.44132538149430806], [0.020990268723418307, -0.6620182050067678, -0.7220121685327644]]	[[0.03371222523569309, -0.026360633256781514, 0.002545396452107838], [-0.011458945104922265, -0.015058679289109532, 0.03686432467934114], [-0.02012312406380551, -0.027474716042717083, -0.0187507920299777]]	0.15772774338946077	[[0.7071067811865474, 0.5000000000000001, -0.5000000000000001], [0.7071067811865477, -0.4999999999999999, 0.49999999999999983], [0.0, -0.7071067811865475, -0.7071067811865476]]
8	[[-0.19118987636437412, 0.26283917413924524, 0.945707142678734], [0.07907792122591596, 0.9644731457555763, -0.2520679144415871], [-0.9783624653217047, 0.026591721534022325, -0.20518227700143543]]	0.9178859084726878	0.08211409152731222	[[-0.17549049335749436, 0.241256374137012, 0.8680512598067797], [0.0725845095645815, 0.8852763095893682, -0.23136958664403184], [-0.8980251202973916, 0.02440816647810881, -0.18833392072795727]]	0.9178859084726879	0.0821140915273121	[[-0.17549049335749445, 0.241256374137012, 0.8680512598067797], [0.07258450956458151, 0.8852763095893684, -0.23136958664403184], [-0.8980251202973916, 0.024408166478108805, -0.18833392072795727]]	[[0.0, 0.0, 0.0], [0.0, 0.0, 0.0], [0.0, 0.0, 0.0]]	0.3338521323040872	[[0.0, 3.133961632045815e-16, 1.0], [0.0, 1.0, -2.7817808468846267e-16], [-1.0, 0.0, 0.0]]
