9	[[0.1093031896461408, 0.1859596356180152, -0.9764588197430523], [-0.9647495672926553, -0.21674161245263301, -0.1492693734162066], [-0.23939733737411129, 0.9583538424570789, 0.15571392842625953]]	0.9410609165234415	0.058939083476558476	[[0.10286095982733283, 0.17499934513105464, -0.9189072318547947], [-0.9078881120120198, -0.2039670604634435, -0.14047157335593524], [-0.2252874777225529, 0.9018693453364207, 0.14653629220028136]]	0.9410609165234415	0.058939083476558754	[[0.10286095982733282, 0.17499934513105458, -0.9189072318547945], [-0.9078881120120195, -0.20396706046344354, -0.14047157335593524], [-0.2252874777225528, 0.9018693453364206, 0.14653629220028141]]	[[0.0, 0.0, 0.0], [0.0, 0.0, 0.0], [0.0, 0.0, 0.0]]	0.28733667723017714	[[0.14644660940672638, 0.2500000000000001, -0.9571067811865475], [-0.8535533905932738, -0.45710678118654735, -0.25000000000000017], [-0.4999999999999999, 0.8535533905932737, 0.14644660940672638]]
9	[[-0.07673908792314688, -0.9932055702045202, -0.08748604288363548], [-0.7029605032121287, -0.008330385140834728, 0.7111801006827707], [-0.7070768298484077, 0.11607454500500591, -0.6975450212663026]]	0.9599073078257806	0.0400926921742193	[[-0.07366241129331379, -0.9533852850125905, -0.08397849189676121], [-0.6747769241462105, -0.0079963975736905, 0.682666975825666], [-0.6787282161657727, 0.11142080400285757, -0.6695785634510135]]	0.9634382815306545	0.035703545880231315	[[-0.059844009020421765, -0.9696687285479014, -0.06753166388583685], [-0.6945424952745166, -0.00742874260988525, 0.7000628300422584], [-0.6897458782210661, 0.09243898889490901, -0.6810412125452259]]	[[0.01408936597448481, -0.012776460783384517, 0.01675573892789007], [-0.01728343607589918, 0.0005970693346889497, 0.014884695981651944], [-0.008520992361773214, -0.019391671274166602, -0.008999635966155259]]	0.1167406668823845	[[0.0, -1.0, -1.9967346175427393e-16], [-0.7071067811865475, -1.3401577416544657e-16, 0.7071067811865476], [-0.7071067811865476, 1.1102230246251565e-16, -0.7071067811865475]]
9	[[-0.7969422360492981, -0.5496472174344235, -0.2505414312391083], [-0.20133618011619125, -0.14934722918147175, 0.9680698051855754], [-0.5695145432532569, 0.8219387699229261, 0.008357243601908652]]	0.9653177582458546	0.03468224175414538	[[-0.7693024927545471, -0.5305842197598695, -0.2418520927514439], [-0.19435339004354535, -0.14416753247368816, 0.934494974167241], [-0.5497625021816459, 0.7934320907973543, 0.00806739565890897]]	0.9653177582458544	0.03468224175414588	[[-0.7693024927545471, -0.5305842197598694, -0.24185209275144395], [-0.19435339004354524, -0.14416753247368816, 0.9344949741672408], [-0.5497625021816456, 0.7934320907973538, 0.00806739565890896]]	[[0.0, 0.0, 0.0], [0.0, 0.0, 0.0], [0.0, 0.0, 0.0]]	0.15800840224663892	[[-0.8535533905932738, -0.4571067811865474, -0.25], [-0.14644660940672619, -0.25000000000000006, 0.9571067811865475], [-0.4999999999999999, 0.8535533905932737, 0.14644660940672638]]
9	[[-0.7906551711763438, -0.6122537057691856, -0.0031305053914775782], [0.21569187232512302, -0.27374870521795946, -0.9373039328864322], [0.5730108345441554, -0.7417594260697941, 0.3484989775187588]]	0.9418358173429853	0.05816418265701478	[[-0.7446673593813297, -0.5766424693943926, -0.002948422104078887], [0.20314633086557102, -0.2578263355255408, -0.8827864157288877], [0.5396821276992806, -0.6986155953243082, 0.3282288193345749]]	0.9418358173429852	0.05816418265701491	[[-0.7446673593813296, -0.5766424693943926, -0.002948422104078866], [0.20314633086557107, -0.2578263355255408, -0.8827864157288876], [0.5396821276992805, -0.6986155953243082, 0.3282288193345749]]	[[0.0, 0.0, 0.0], [0.0, 0.0, 0.0], [0.0, 0.0, 0.0]]	0.25633283975017335	[[-0.8535533905932736, -0.5, 0.14644660940672638], [0.14644660940672613, -0.5, -0.8535533905932738], [0.5000000000000001, -0.7071067811865475, 0.4999999999999999]]
9	[[-0.46302331253993745, -0.17599259499966094, -0.8686978868109609], [0.02399014622745857, 0.9772413149034422, -0.2107697448159405], [0.8860213794985587, -0.11843149475995327, -0.44826342268848407]]	0.931849566473744	0.0681504335262562	[[-0.4314680730575775, -0.16399862335302318, -0.8094957492214514], [0.02235520736169899, 0.9106418956330042, -0.19640569533251573], [0.8256386383722004, -0.11036033704889989, -0.41771407609830047]]	0.9318495664737441	0.068150433526256	[[-0.4314680730575777, -0.16399862335302318, -0.8094957492214515], [0.022355207361698996, 0.9106418956330042, -0.19640569533251578], [0.8256386383722006, -0.11036033704889991, -0.4177140760983006]]	[[0.0, 0.0, 0.0], [0.0, 0.0, 0.0], [0.0, 0.0, 0.0]]	0.28217563354481795	[[-0.45710678118654746, -0.24999999999999992, -0.8535533905932738], [-0.2499999999999999, 0.9571067811865475, -0.14644660940672619], [0.8535533905932738, 0.1464466094067262, -0.4999999999999999]]
9	[[-0.09505120117050858, 0.5452103891734319, 0.8328930907946102], [-0.8397020396470369, 0.4054655520987933, -0.361245305400398], [-0.5346641504427332, -0.7337188273436738, 0.41927428806543177]]	0.9500788996325575	0.04992110036744255	[[-0.0903061406168297, 0.5179928866141326, 0.7913141512137032], [-0.797783189847071, 0.38522426557692896, -0.3432115422522373], [-0.5079731277256081, -0.6970907761223679, 0.3983436542494294]]	0.9500788996325571	0.04992110036744287	[[-0.09030614061682961, 0.5179928866141325, 0.7913141512137027], [-0.7977831898470708, 0.3852242655769288, -0.3432115422522372], [-0.5079731277256079, -0.6970907761223679, 0.3983436542494292]]	[[0.0, 0.0, 0.0], [0.0, 0.0, 0.0], [0.0, 0.0, 0.0]]	0.24948503587200752	[[0.1464466094067261, 0.49999999999999994, 0.8535533905932738], [-0.8535533905932737, 0.49999999999999983, -0.14644660940672619], [-0.49999999999999983, -0.7071067811865477, 0.4999999999999999]]
9	[[-0.7823064473600231, -0.6191382563410173, -0.06829671993547412], [0.4516132128936376, -0.48825713387833247, -0.7467599863120696], [0.42900131510151085, -0.6150388530425709, 0.6615777209740769]]	0.9571634496438951	0.04283655035610499	[[-0.7487951378337799, -0.5926165092458743, -0.06537112405280138], [0.43226766075803696, -0.46734188257622583, -0.7147713645544884], [0.41062437866432977, -0.5886927102432518, 0.6332380136150936]]	0.9571634496438952	0.0428365503561049	[[-0.7487951378337799, -0.5926165092458744, -0.06537112405280139], [0.4322676607580369, -0.4673418825762259, -0.7147713645544886], [0.4106243786643298, -0.5886927102432518, 0.6332380136150937]]	[[0.0, 0.0, 0.0], [0.0, 0.0, 0.0], [0.0, 0.0, 0.0]]	0.14570019243037363	[[-0.7071067811865478, -0.7071067811865472, 0.0], [0.4999999999999998, -0.5000000000000003, -0.7071067811865475], [0.4999999999999997, -0.5000000000000001, 0.7071067811865476]]
9	[[-0.14788840876935622, -0.1760303547303998, -0.9732123780373726], [0.7447065518890947, -0.66734943231379, 0.007542331464318042], [-0.6508004072871522, -0.7236422109053288, 0.22978420413710982]]	0.9453844775862827	0.05461552241371728	[[-0.1398114060654845, -0.16641636494612697, -0.9200598755913654], [0.7040340145127538, -0.6309017944354748, 0.007130403091176795], [-0.6152566030561044, -0.6841201135161168, 0.21723441978574135]]	0.9453844775862827	0.054615522413717296	[[-0.13981140606548453, -0.166416364946127, -0.9200598755913654], [0.7040340145127539, -0.6309017944354746, 0.007130403091176806], [-0.6152566030561044, -0.684120113516117, 0.21723441978574132]]	[[0.0, 0.0, 0.0], [0.0, 0.0, 0.0], [0.0, 0.0, 0.0]]	0.23756170659857534	[[-2.6803154833089315e-16, 1.43493693279865e-17, -1.0], [0.7071067811865476, -0.7071067811865475, -1.7938038903913487e-16], [-0.7071067811865475, -0.7071067811865476, 1.9967346175427393e-16]]
9	[[-0.8454278191407976, -0.5275798211578228, 0.08313443889216068], [0.5338434264073765, -0.8300116656812779, 0.16152965955087792], [-0.016217234797175482, 0.18094244151129993, 0.9833599718086266]]	0.9168503776532914	0.0831496223467089	[[-0.7751308152578386, -0.4837117582708057, 0.07622184169427199], [0.48945454710933023, -0.7609965091365167, 0.14809852936142998], [-0.014868777848282437, 0.16589714583314388, 0.9015939615218691]]	0.9315897529338726	0.12260943539549624	[[-0.7768353606135064, -0.4779055485082592, 0.025209679661019474], [0.4957314839481067, -0.7333548427196082, 0.1480068710993222], [0.017825935439847455, 0.16583280653916965, 0.9134838670052348]]	[[0.010756532543291848, 0.013582406737053573, -0.05223751172682462], [-0.0015915817641130347, 0.03987551984464564, -0.002472504533172712], [0.03293374519781877, -0.00273131784359398, -0.0026042061770233616]]	0.28528202001455993	[[-0.7071067811865478, -0.7071067811865472, 0.0], [0.7071067811865472, -0.7071067811865478, 0.0], [0.0, 0.0, 1.0]]
9	[[-0.328472184202533, 0.6350926635744277, -0.699116108296151], [0.7870892180276409, -0.22510676047337688, -0.5742974048816677], [-0.522107830883481, -0.738907473952673, -0.4259332786564415]]	0.9368065299169165	0.06319347008308358	[[-0.3077148870570051, 0.5949589543388514, -0.6549365354219363], [0.7373503190754934, -0.21088148313990263, -0.5380055590074856], [-0.48911402529240217, -0.6922133466032779, -0.3990170767542759]]	0.9368065299169166	0.06319347008308371	[[-0.3077148870570051, 0.5949589543388512, -0.6549365354219363], [0.7373503190754934, -0.21088148313990265, -0.5380055590074854], [-0.4891140252924022, -0.6922133466032779, -0.3990170767542761]]	[[0.0, 0.0, 0.0], [0.0, 0.0, 0.0], [0.0, 0.0, 0.0]]	0.27923963097706805	[[-0.5000000000000003, 0.7071067811865472, -0.49999999999999983], [0.7071067811865472, 2.7755575615628914e-16, -0.7071067811865477], [-0.49999999999999983, -0.7071067811865477, -0.4999999999999999]]
9	[[0.045438286595317165, 0.914755726437795, 0.40144404723515764], [0.8006341574927736, -0.2736772949406891, 0.532996889380964], [0.597428077652129, 0.29719135112450484, -0.7448201077103603]]	0.9623503673336423	0.03764963266635773	[[0.04372755179601479, 0.8803155093579648, 0.3863298263206581], [0.770490575563032, -0.26337344531704976, 0.5129297522834594], [0.5749351299839582, 0.2860022059230488, -0.7167779042525484]]	0.9623503673336423	0.03764963266635789	[[0.043727551796014785, 0.8803155093579648, 0.3863298263206579], [0.7704905755630319, -0.2633734453170497, 0.5129297522834594], [0.5749351299839582, 0.2860022059230488, -0.7167779042525482]]	[[0.0, 0.0, 0.0], [0.0, 0.0, 0.0], [0.0, 0.0, 0.0]]	0.20987031100768977	[[0.14644660940672638, 0.9571067811865475, 0.24999999999999994], [0.8535533905932738, -0.2500000000000001, 0.4571067811865474], [0.4999999999999999, 0.1464466094067262, -0.8535533905932738]]
9	[[-0.21951259035361326, -0.17809212642501718, -0.9592170855346885], [-0.39870436216914484, 0.9137219002469867, -0.0784035751501837], [0.8904207175619522, 0.3652334643956531, -0.27157956885967516]]	0.9195213821843299	0.08047861781567027	[[-0.20184652048881713, -0.16375951824647822, -0.8820206203056814], [-0.3666171861846936, 0.8401868246472014, -0.0720937637902899], [0.8187608889381289, 0.3358399800010621, -0.24972322053087292]]	0.9195213821843295	0.08047861781567055	[[-0.201846520488817, -0.16375951824647814, -0.8820206203056813], [-0.36661718618469347, 0.8401868246472012, -0.07209376379028987], [0.8187608889381288, 0.33583998000106213, -0.24972322053087279]]	[[0.0, 0.0, 0.0], [0.0, 0.0, 0.0], [0.0, 0.0, 0.0]]	0.31844499449473757	[[-0.45710678118654746, -0.24999999999999992, -0.8535533905932738], [-0.2499999999999999, 0.9571067811865475, -0.14644660940672619], [0.8535533905932738, 0.1464466094067262, -0.4999999999999999]]
9	[[-0.4889737104017652, -0.6675742726348228, 0.5614706591194402], [-0.8352955409727327, 0.5438241864302344, -0.08084932581391074], [-0.2513683945268397, -0.5085271327761987, -0.8235375434449957]]	0.9376568603958364	0.06234313960416364	[[-0.4584895541114221, -0.6259555965598023, 0.5264668154343151], [-0.7832205944511343, 0.5099204792554936, -0.07580892500779157], [-0.23569729961477845, -0.4768239547450271, -0.7721956274047345]]	0.9376568603958364	0.062343139604163725	[[-0.4584895541114221, -0.625955596559802, 0.5264668154343151], [-0.7832205944511342, 0.5099204792554936, -0.07580892500779157], [-0.23569729961477837, -0.476823954745027, -0.7721956274047346]]	[[0.0, 0.0, 0.0], [0.0, 0.0, 0.0], [0.0, 0.0, 0.0]]	0.2953720391017108	[[-0.49999999999999983, -0.5000000000000002, 0.7071067811865475], [-0.7071067811865477, 0.7071067811865474, 1.268410895014533e-16], [-0.4999999999999999, -0.5, -0.7071067811865476]]
9	[[-0.9404471891782326, -0.16511750794278138, -0.2971452387932999], [-0.33967856319298195, 0.4221845412224513, 0.8404633762752188], [-0.01332509189135525, 0.8913452875982203, -0.45312914296316575]]	0.9631452711295198	0.036854728870480365	[[-0.9057872630040634, -0.1590321469557808, -0.2861940315824188], [-0.3271598018433903, 0.40662504442238984, 0.8094883264170273], [-0.012833999242525106, 0.8584949986938076, -0.4364291912559453]]	0.9631452711295195	0.036854728870480476	[[-0.9057872630040633, -0.15903214695578077, -0.2861940315824187], [-0.3271598018433903, 0.4066250444223896, 0.8094883264170272], [-0.012833999242525117, 0.8584949986938075, -0.43642919125594504]]	[[0.0, 0.0, 0.0], [0.0, 0.0, 0.0], [0.0, 0.0, 0.0]]	0.17460277134431273	[[-0.9571067811865475, -0.2500000000000001, -0.14644660940672638], [-0.25000000000000017, 0.45710678118654735, 0.8535533905932738], [-0.14644660940672638, 0.8535533905932737, -0.4999999999999999]]
9	[[0.39962180205666736, -0.8574648204204427, -0.3241242000565831], [-0.742889895952614, -0.510089041811326, 0.433501755377666], [-0.5370447074615821, 0.0675518405770078, -0.8408446533231704]]	0.9341223876478326	0.06587761235216759	[[0.37329567189330365, -0.8009770853751638, -0.30277167165129915], [-0.6939500833667057, -0.47648559364979093, 0.404943694782912], [-0.5016654844076447, 0.06310168660980031, -0.7854518152031541]]	0.9341223876478326	0.06587761235216745	[[0.3732956718933037, -0.8009770853751639, -0.30277167165129926], [-0.6939500833667058, -0.47648559364979093, 0.404943694782912], [-0.5016654844076448, 0.06310168660980034, -0.7854518152031541]]	[[0.0, 0.0, 0.0], [0.0, 0.0, 0.0], [0.0, 0.0, 0.0]]	0.2895934377840263	[[0.14644660940672638, -0.9571067811865475, -0.24999999999999994], [-0.8535533905932738, -0.2500000000000001, 0.4571067811865474], [-0.4999999999999999, 0.1464466094067262, -0.8535533905932738]]
9	[[0.5316565726284, 0.12413974256263854, 0.8378129941087711], [-0.8431913025942939, 0.17079270063273144, 0.5097629651513687], [-0.0798105006271736, -0.9774554607382677, 0.19547661308345798]]	0.9447746932521556	0.0552253067478445	[[0.502295675320489, 0.11728408720001837, 0.7915445145117841], [-0.7966258042614095, 0.16136062134999615, 0.48161114903219354], [-0.07540294124833895, -0.9234751830866412, 0.18468135716389436]]	0.9447746932521557	0.05522530674784433	[[0.5022956753204891, 0.11728408720001837, 0.7915445145117844], [-0.7966258042614095, 0.16136062134999618, 0.4816111490321936], [-0.07540294124833896, -0.9234751830866414, 0.18468135716389428]]	[[0.0, 0.0, 0.0], [0.0, 0.0, 0.0], [0.0, 0.0, 0.0]]	0.31225019557245476	[[0.7071067811865474, 7.850462293418876e-17, 0.7071067811865477], [-0.7071067811865477, 8.802883075958472e-17, 0.7071067811865474], [0.0, -1.0, 1.9967346175427393e-16]]
9	[[-0.10494230950179255, 0.25078566681139447, 0.9623376024028126], [-0.014608284002347344, -0.9679651692114681, 0.2506591894025037], [0.9943710121051078, 0.012246653231707691, 0.1052440486188438]]	0.9367552408668638	0.06324475913313637	[[-0.09830525841447665, 0.23492478771986489, 0.9014747925340868], [-0.013684386599270387, -0.9067464452354232, 0.2348063093442352], [0.9314822569555472, 0.011472116597881367, 0.09858791411374893]]	0.9367552408668636	0.06324475913313647	[[-0.09830525841447664, 0.23492478771986483, 0.9014747925340867], [-0.013684386599270348, -0.9067464452354231, 0.2348063093442351], [0.9314822569555473, 0.011472116597881377, 0.09858791411374894]]	[[0.0, 0.0, 0.0], [0.0, 0.0, 0.0], [0.0, 0.0, 0.0]]	0.2702507274919196	[[-0.07322330470336308, 0.2803300858899108, 0.9571067811865475], [-0.2803300858899109, -0.9267766952966368, 0.25000000000000017], [0.9571067811865475, -0.2500000000000001, 0.14644660940672638]]
9	[[-0.6423177830836196, 0.6472169826683319, -0.4105338510771609], [0.6354509445700302, 0.7491834873395028, 0.186885524701293], [0.4285206676224623, -0.14083422752840047, -0.8924885196891207]]	0.9436741973788816	0.056325802621118394	[[-0.6061387184136173, 0.6107619666495198, -0.38741020241210106], [0.5996586600907755, 0.7069851261046167, 0.17635904752422388], [0.4043838970788896, -0.13290162662633812, -0.8422183874874972]]	0.9436741973788815	0.05632580262111864	[[-0.6061387184136172, 0.6107619666495195, -0.38741020241210106], [0.5996586600907753, 0.7069851261046168, 0.1763590475242238], [0.4043838970788896, -0.13290162662633812, -0.8422183874874969]]	[[0.0, 0.0, 0.0], [0.0, 0.0, 0.0], [0.0, 0.0, 0.0]]	0.18895333430472422	[[-0.7071067811865476, 0.5, -0.4999999999999999], [0.5, 0.8535533905932737, 0.14644660940672619], [0.4999999999999999, -0.1464466094067262, -0.8535533905932738]]
9	[[0.4863417937448936, 0.8226223794475465, -0.29455743156310954], [-0.6786221941306434, 0.14325991665360527, -0.7203808117334284], [-0.5504031043610768, 0.5502445066626823, 0.6279230889187231]]	0.9499754436128355	0.05002455638716459	[[0.46201276126026747, 0.7814710598415292, -0.2798223267186224], [-0.6446744199147736, 0.13609340287494662, -0.6843440811966381], [-0.5228694332312956, 0.5227187693124076, 0.5965115149503059]]	0.9499754436128355	0.05002455638716456	[[0.4620127612602674, 0.7814710598415292, -0.2798223267186224], [-0.6446744199147737, 0.1360934028749466, -0.6843440811966383], [-0.5228694332312956, 0.5227187693124075, 0.596511514950306]]	[[0.0, 0.0, 0.0], [0.0, 0.0, 0.0], [0.0, 0.0, 0.0]]	0.24101445823257076	[[0.4999999999999999, 0.8535533905932737, -0.14644660940672638], [-0.5, 0.14644660940672602, -0.8535533905932738], [-0.7071067811865476, 0.5, 0.4999999999999999]]
9	[[-0.7229741855265539, 0.37453352207805324, 0.5805454055472524], [0.6255107660641113, -0.0019251384381000977, 0.7802131602196173], [0.2933336131439832, 0.9272113754057388, -0.23288292491742163]]	0.9485356892834738	0.051464310716526254	[[-0.6857668174025879, 0.3552584125240734, 0.5506680364111171], [0.5933192856428554, -0.0018260625153493414, 0.7400600277169522], [0.27823740093353977, 0.8794930810819604, -0.22089776570889805]]	0.9485356892834739	0.05146431071652628	[[-0.6857668174025879, 0.3552584125240734, 0.550668036411117], [0.5933192856428553, -0.001826062515349307, 0.740060027716952], [0.27823740093353994, 0.8794930810819602, -0.22089776570889805]]	[[0.0, 0.0, 0.0], [0.0, 0.0, 0.0], [0.0, 0.0, 0.0]]	0.2450582605620692	[[-0.7071067811865476, 0.5, 0.4999999999999999], [0.5, -0.14644660940672602, 0.8535533905932738], [0.4999999999999999, 0.8535533905932737, -0.14644660940672638]]
9	[[-0.4173896908511048, -0.2512754656216099, -0.8732963336393107], [0.3950375357134564, 0.8152827950674679, -0.42339025667156843], [0.8183710596964306, -0.5217035599299856, -0.24102739306502285]]	0.9066222531982103	0.09337774680178981	[[-0.378414781981133, -0.22781192881529339, -0.7917498897138078], [0.3581498207264023, 0.7391535246578024, -0.38385502848574604], [0.7419534140941851, -0.4729880570052511, -0.21852079818310172]]	0.9066222531982102	0.09337774680178994	[[-0.378414781981133, -0.22781192881529339, -0.7917498897138077], [0.35814982072640217, 0.7391535246578025, -0.3838550284857459], [0.7419534140941848, -0.472988057005251, -0.21852079818310172]]	[[0.0, 0.0, 0.0], [0.0, 0.0, 0.0], [0.0, 0.0, 0.0]]	0.40895857517764245	[[-0.5000000000000001, 0.14644660940672596, -0.8535533905932737], [0.49999999999999983, 0.8535533905932738, -0.14644660940672646], [0.7071067811865476, -0.5, -0.4999999999999999]]
9	[[0.607699742283575, 0.04436598313018672, -0.7929266566141968], [-0.48983361298617956, -0.764959691968786, -0.4182101161520675], [-0.6251112339555114, 0.6425483088483792, -0.443133857856411]]	0.9597641331136719	0.04023586688632818	[[0.5832484163461973, 0.04258087933867952, -0.7610225652080468], [-0.4701247329376185, -0.7341808756293232, -0.40138306958805714], [-0.5999593415569294, 0.6166948206255206, -0.42530398293887556]]	0.9597641331136718	0.0402358668863282	[[0.5832484163461973, 0.0425808793386795, -0.7610225652080469], [-0.47012473293761836, -0.7341808756293235, -0.40138306958805703], [-0.599959341556929, 0.6166948206255208, -0.42530398293887545]]	[[0.0, 0.0, 0.0], [0.0, 0.0, 0.0], [0.0, 0.0, 0.0]]	0.16187869842344393	[[0.7071067811865475, 1.1102230246251565e-16, -0.7071067811865476], [-0.49999999999999994, -0.7071067811865475, -0.5], [-0.5000000000000001, 0.7071067811865475, -0.4999999999999999]]
9	[[-0.9811165986123564, 0.18418769307433647, 0.05903485112435114], [-0.17683959200596489, -0.7305894532589015, -0.6595201357699575], [-0.0783452527373813, -0.6575058513099433, 0.74936511585922]]	0.9367382659525149	0.06326173404748504	[[-0.9190494612813684, 0.17253566022024797, 0.05530020407298955], [-0.16565241276741774, -0.6843710975689394, -0.6177977483419171], [-0.0733889961948261, -0.6159108910097085, 0.7019589791952713]]	0.9456350686975499	0.07459284654382359	[[-0.932811614324837, 0.14140558057438712, 0.050219339119102126], [-0.13549928015959387, -0.6815641044321487, -0.6332729776667358], [-0.06447840968394589, -0.6273666772519425, 0.7290734675600336]]	[[-0.005033352195734724, -0.03276876121920627, -0.005606086379423303], [0.03172643957541345, 0.009306903390038075, -0.009607608770494587], [0.009607608770494585, -0.005606086379423305, 0.020447534744952433]]	0.20277939553391605	[[-1.0, 0.0, 0.0], [0.0, -0.7071067811865478, -0.7071067811865472], [0.0, -0.7071067811865472, 0.7071067811865478]]
9	[[-0.09107681945440971, 0.026979593008170225, -0.9954783345302809], [0.1626680633668992, -0.9858035016183849, -0.04159996823788131], [-0.9824683781774002, -0.16572132559825775, 0.08539512938935634]]	0.9349386228154594	0.06506137718454054	[[-0.0851512361511181, 0.02522426353118012, -0.930711143128368], [0.15208465514030664, -0.9216657681697505, -0.038893417013491485], [-0.9185476324529166, -0.15493926792598745, 0.0798392046664328]]	0.9363227215063175	0.10115863552420959	[[-0.06547554467844946, 0.020652867698781094, -0.9415067599521804], [0.14062789989913832, -0.9277538002362352, -0.02953321891085796], [-0.8929233244140394, -0.14950825111121518, 0.0456088736157196]]	[[0.019801750779242934, -0.00460873825176167, -0.009417776564211427], [-0.01168190389471886, -0.004723582730451431, 0.009417776564211435], [0.0269841412349217, 0.005660391484580078, -0.03434852633750664]]	0.19039376479793962	[[0.0, 0.0, -1.0], [2.7817808468846267e-16, -1.0, 0.0], [-1.0, -3.133961632045815e-16, 0.0]]
9	[[0.5859585634738876, 0.36139819833278886, -0.7252888418646962], [-0.7596467684279905, 0.5565829073689794, -0.33638111487062594], [0.28211584341991347, 0.748068719748733, 0.600669494335248]]	0.9461987262015662	0.05380127379843387	[[0.554433246365892, 0.34195451491402584, -0.6862673783005848], [-0.7187768046497007, 0.5266380379780927, -0.318283382408849], [0.2669376516852026, 0.7078216697374874, 0.5683527104081508]]	0.9461987262015662	0.053801273798433816	[[0.5544332463658922, 0.34195451491402584, -0.6862673783005848], [-0.7187768046497006, 0.5266380379780927, -0.31828338240884896], [0.26693765168520267, 0.7078216697374875, 0.5683527104081507]]	[[0.0, 0.0, 0.0], [0.0, 0.0, 0.0], [0.0, 0.0, 0.0]]	0.3240152412597984	[[0.7071067811865475, 0.49999999999999994, -0.5000000000000002], [-0.7071067811865476, 0.5, -0.4999999999999999], [1.9967346175427393e-16, 0.7071067811865476, 0.7071067811865475]]
9	[[-0.7351688989075352, -0.09676064626795722, 0.6709426707349067], [-0.4070551462354579, -0.7284396683943796, -0.5510732777342012], [0.5420634630763377, -0.6782426017608253, 0.49613926991762536]]	0.9680140000969207	0.03198599990307938	[[-0.7116537865783319, -0.09366566024580855, 0.6494818985338083], [-0.39403508036742263, -0.7051397972317176, -0.5334466479260057], [0.524725021198915, -0.6565483339666394, 0.4802697592781263]]	0.9679776932442128	0.03175148961902111	[[-0.7115021911374968, -0.09293415463910965, 0.6503334880683772], [-0.39519779520760495, -0.705238253651878, -0.5330001920376424], [0.5251317887326399, -0.6573996584636878, 0.4808548347829906]]	[[0.00012490377190717812, 0.0007279925321669073, 0.0008759493512909041], [-0.001177493731420769, -0.00012490377190717774, 0.0004264481520370427], [0.00042644815203704247, -0.0008759493512909044, 0.0006030887602597294]]	0.11352895365291289	[[-0.7071067811865475, -1.1102230246251565e-16, 0.7071067811865476], [-0.49999999999999994, -0.7071067811865475, -0.5], [0.5000000000000001, -0.7071067811865475, 0.4999999999999999]]
9	[[-0.9494449584333646, 0.029426784615528695, -0.3125513321882631], [-0.305151494792988, 0.14733284102383137, 0.940837711394187], [0.07373490442844376, 0.988649128003984, -0.1309047958093612]]	0.9479522054063849	0.05204779459361511	[[-0.9000284422588815, 0.02789518537430904, -0.2962837246505676], [-0.28926903247206787, 0.13966449157732927, 0.8918691834456158], [0.06989716526837224, 0.9371921212644759, -0.12409148988575644]]	0.9479522054063851	0.05204779459361509	[[-0.9000284422588815, 0.027895185374309055, -0.2962837246505676], [-0.2892690324720679, 0.1396644915773293, 0.8918691834456156], [0.06989716526837222, 0.9371921212644763, -0.12409148988575644]]	[[0.0, 0.0, 0.0], [0.0, 0.0, 0.0], [0.0, 0.0, 0.0]]	0.25649677778068486	[[-0.8535533905932738, 0.1464466094067262, -0.4999999999999999], [-0.4571067811865474, 0.2500000000000001, 0.8535533905932738], [0.24999999999999994, 0.9571067811865475, -0.14644660940672638]]
9	[[-0.4073423402475564, 0.6394988746997277, 0.652007213993393], [0.8839564696894593, 0.09663191055244695, 0.45747484472605926], [0.22954994562358777, 0.76269486894876, -0.6046514362369794]]	0.9533091677984635	0.046690832201536664	[[-0.38832318739047644, 0.6096401400480512, 0.6215644545706362], [0.8426838064897263, 0.09212008623152879, 0.43611496351453083], [0.21883206763060503, 0.7270840108017005, -0.5764197574872204]]	0.9533091677984636	0.046690832201536504	[[-0.3883231873904766, 0.6096401400480513, 0.6215644545706361], [0.8426838064897263, 0.09212008623152879, 0.43611496351453094], [0.21883206763060503, 0.7270840108017005, -0.5764197574872206]]	[[0.0, 0.0, 0.0], [0.0, 0.0, 0.0], [0.0, 0.0, 0.0]]	0.17664786877000377	[[-0.4999999999999999, 0.5, 0.7071067811865476], [0.8535533905932737, 0.1464466094067264, 0.49999999999999983], [0.14644660940672607, 0.8535533905932737, -0.5000000000000001]]
9	[[-0.5765804364735063, -0.21489234046914468, -0.7882742430675469], [0.7184694088670802, -0.5927529150888833, -0.36393088653729166], [-0.3890458954907621, -0.7761863588477473, 0.49616330732982133]]	0.9338092352118816	0.06619076478811849	[[-0.5384161364214579, -0.2006684521063833, -0.7360977680561307], [0.6709133692173008, -0.5535181463087635, -0.3398420228273706], [-0.3632946501305502, -0.72480999013751, 0.46332187855785817]]	0.9338092352118815	0.0661907647881185	[[-0.5384161364214577, -0.2006684521063833, -0.7360977680561307], [0.6709133692173008, -0.5535181463087635, -0.3398420228273704], [-0.3632946501305502, -0.7248099901375101, 0.46332187855785817]]	[[0.0, 0.0, 0.0], [0.0, 0.0, 0.0], [0.0, 0.0, 0.0]]	0.2882897986691007	[[-0.7071067811865475, -1.1102230246251565e-16, -0.7071067811865476], [0.5000000000000002, -0.7071067811865474, -0.5], [-0.49999999999999983, -0.7071067811865477, 0.4999999999999999]]
9	[[-0.10249990202145981, -0.9422123744706561, -0.3189507978982955], [0.6126683972808709, 0.19280684864693648, -0.7664613193685161], [0.7836652378783178, -0.27397328429831536, 0.5575010622697631]]	0.935620991052641	0.06437900894735923	[[-0.09590105991211686, -0.8815536755842971, -0.29841706162663384], [0.5732254130505616, 0.18039413481278327, -0.7171172992310858], [0.7332136465172153, -0.2563351557771367, 0.5216096963937358]]	0.935620991052641	0.06437900894735905	[[-0.09590105991211686, -0.8815536755842974, -0.29841706162663384], [0.5732254130505615, 0.1803941348127832, -0.7171172992310859], [0.7332136465172153, -0.2563351557771368, 0.5216096963937359]]	[[0.0, 0.0, 0.0], [0.0, 0.0, 0.0], [0.0, 0.0, 0.0]]	0.34471157117503615	[[0.1464466094067261, -0.8535533905932738, -0.49999999999999983], [0.49999999999999994, 0.49999999999999983, -0.7071067811865477], [0.8535533905932738, -0.1464466094067262, 0.4999999999999999]]
9	[[-0.11776339373586858, 0.36921076657559443, 0.9218542145808483], [-0.35654034849298993, -0.8821364675726786, 0.30775677486433006], [0.9268283352338275, -0.29243574067315803, 0.235521919541756]]	0.9534925267016295	0.046507473298370544	[[-0.11228651584617219, 0.35203970670760903, 0.8789811043112393], [-0.3399585577556605, -0.8411105293615233, 0.2934437848749346], [0.8837238911807672, -0.278835293272312, 0.22456839015748684]]	0.9534925267016295	0.04650747329837058	[[-0.11228651584617216, 0.3520397067076092, 0.8789811043112391], [-0.3399585577556604, -0.8411105293615235, 0.2934437848749346], [0.883723891180767, -0.278835293272312, 0.22456839015748686]]	[[0.0, 0.0, 0.0], [0.0, 0.0, 0.0], [0.0, 0.0, 0.0]]	0.12828664142051627	[[-0.07322330470336308, 0.2803300858899108, 0.9571067811865475], [-0.2803300858899109, -0.9267766952966368, 0.25000000000000017], [0.9571067811865475, -0.2500000000000001, 0.14644660940672638]]
9	[[0.6724379315615234, 0.726914486201285, 0.13936483755948603], [-0.3270676168278158, 0.46074031506667057, -0.825072806541846], [-0.6639683744123911, 0.509228526128483, 0.547569453089907]]	0.9488244898795646	0.05117551012043546	[[0.6380255773895318, 0.6897142665560001, 0.13223277090452773], [-0.31032976469277723, 0.4371616944100837, -0.7828492847805678], [-0.6299894541480009, 0.48316849653598054, 0.5195473070016632]]	0.9488244898795647	0.05117551012043535	[[0.638025577389532, 0.6897142665560001, 0.13223277090452773], [-0.3103297646927773, 0.4371616944100836, -0.7828492847805677], [-0.6299894541480009, 0.48316849653598043, 0.5195473070016633]]	[[0.0, 0.0, 0.0], [0.0, 0.0, 0.0], [0.0, 0.0, 0.0]]	0.2437239216482645	[[0.7071067811865475, 0.7071067811865476, 1.9967346175427393e-16], [-0.4999999999999999, 0.5, -0.7071067811865476], [-0.5000000000000002, 0.49999999999999994, 0.7071067811865475]]
9	[[-0.9354158387137099, -0.0645142516937865, 0.34761346350784095], [-0.3448283291114701, 0.383514201978592, -0.8567439992920377], [-0.07804250204675633, -0.9212788764587595, -0.3809916005178692]]	0.9544127290609146	0.04558727093908563	[[-0.892772783433556, -0.06157322302238951, 0.331766714364835], [-0.3291085466447932, 0.36603083614400683, -0.8176873784708759], [-0.0744847573611867, -0.8792802867071777, -0.36362323319954526]]	0.9544127290609146	0.04558727093908559	[[-0.8927727834335563, -0.0615732230223895, 0.3317667143648351], [-0.32910854664479333, 0.3660308361440068, -0.8176873784708758], [-0.07448475736118672, -0.8792802867071777, -0.3636232331995452]]	[[0.0, 0.0, 0.0], [0.0, 0.0, 0.0], [0.0, 0.0, 0.0]]	0.2450544595318044	[[-0.8535533905932738, -0.14644660940672594, 0.49999999999999983], [-0.4999999999999997, 0.5, -0.7071067811865477], [-0.14644660940672638, -0.8535533905932737, -0.4999999999999999]]
9	[[-0.9945741148769375, -0.05571399045578551, -0.08785374940347358], [0.04382460725063632, 0.541520885874493, -0.8395442418128012], [0.09434900007993284, -0.8388391272640996, -0.5361410120059088]]	0.9501041391976575	0.049895860802342575	[[-0.9449489832834249, -0.052934092943260604, -0.08347021095227396], [0.041637940747541236, 0.5145012351313383, -0.7976544591859013], [0.08964137550510431, -0.7969845269345716, -0.509389794700435]]	0.9501041391976575	0.04989586080234272	[[-0.9449489832834247, -0.05293409294326059, -0.08347021095227397], [0.04163794074754123, 0.5145012351313382, -0.7976544591859015], [0.0896413755051043, -0.7969845269345714, -0.5093897947004348]]	[[0.0, 0.0, 0.0], [0.0, 0.0, 0.0], [0.0, 0.0, 0.0]]	0.23792349106480473	[[-1.0, 0.0, 0.0], [0.0, 0.7071067811865474, -0.7071067811865477], [0.0, -0.7071067811865477, -0.7071067811865474]]
9	[[0.2693697955279176, -0.8332118037256505, 0.4829057914226089], [-0.5456055074659315, 0.281164383477422, 0.7894689478925723], [-0.793570755181976, -0.4761351484568322, -0.37886775651129134]]	0.9292781266607901	0.07072187333920985	[[0.2503194589671834, -0.7742855040778306, 0.44875378920684833], [-0.5070192638737505, 0.2612799115616347, 0.7336362249544746], [-0.7374479447482952, -0.44246197879532223, -0.3520735190229892]]	0.9292781266607902	0.07072187333920989	[[0.2503194589671834, -0.7742855040778304, 0.44875378920684833], [-0.5070192638737507, 0.26127991156163477, 0.7336362249544746], [-0.7374479447482952, -0.4424619787953223, -0.3520735190229892]]	[[0.0, 0.0, 0.0], [0.0, 0.0, 0.0], [0.0, 0.0, 0.0]]	0.36753366359546913	[[0.14644660940672638, -0.8535533905932737, 0.4999999999999999], [-0.25000000000000017, 0.45710678118654735, 0.8535533905932738], [-0.9571067811865475, -0.2500000000000001, -0.14644660940672638]]
9	[[0.8082379753195112, 0.5598220322729544, 0.18262165105265082], [0.5142410611933297, -0.8221198924002462, 0.24428469764306882], [0.2868928480010876, -0.10352861779037982, -0.95235199325892]]	0.9203356704112653	0.07966432958873461	[[0.7438502388675262, 0.5152241853829265, 0.16807321965315355], [0.47327439180636355, -0.7566262623306179, 0.22482392097654694], [0.2640377216012783, -0.09528107986086082, -0.876483510183453]]	0.9203356704112653	0.07966432958873465	[[0.7438502388675263, 0.5152241853829264, 0.1680732196531535], [0.4732743918063635, -0.7566262623306179, 0.2248239209765469], [0.2640377216012782, -0.09528107986086083, -0.876483510183453]]	[[0.0, 0.0, 0.0], [0.0, 0.0, 0.0], [0.0, 0.0, 0.0]]	0.34854111007806027	[[0.7071067811865476, 0.5, 0.4999999999999999], [0.5, -0.8535533905932737, 0.14644660940672619], [0.4999999999999999, 0.1464466094067262, -0.8535533905932738]]
9	[[-0.26061641159578686, 0.214194633552232, 0.9413818274028666], [0.3269392317606362, 0.9370465383592396, -0.12269687724115588], [-0.9083995953008238, 0.27579783158391824, -0.31423833526625644]]	0.9319743331440654	0.06802566685593467	[[-0.24288780640338273, 0.19962390076787886, 0.8773437008277282], [0.304698972498752, 0.8733033227123073, -0.11435034034568553], [-0.8466051070588241, 0.2570365001730014, -0.2928620629580705]]	0.9319743331440655	0.06802566685593454	[[-0.2428878064033828, 0.19962390076787898, 0.8773437008277284], [0.30469897249875205, 0.8733033227123073, -0.11435034034568553], [-0.8466051070588242, 0.2570365001730014, -0.2928620629580707]]	[[0.0, 0.0, 0.0], [0.0, 0.0, 0.0], [0.0, 0.0, 0.0]]	0.23317126040653102	[[-0.45710678118654746, 0.24999999999999992, 0.8535533905932738], [0.2499999999999999, 0.9571067811865475, -0.14644660940672619], [-0.8535533905932738, 0.1464466094067262, -0.4999999999999999]]
9	[[-0.6444901429183796, 0.6254792214998769, 0.43978199048273264], [0.6024876936975031, 0.7695704867721718, -0.21158885800605393], [-0.47078767467310584, 0.12859630383938042, -0.8728241266227346]]	0.9534821382785048	0.04651786172149525	[[-0.6145098395692358, 0.5963832655644773, 0.419324272661853], [0.57446125447318, 0.7337717132835602, -0.20174619676751926], [-0.448887638722478, 0.12261427875948475, -0.8322222145933136]]	0.9534821382785049	0.04651786172149536	[[-0.6145098395692358, 0.5963832655644771, 0.41932427266185296], [0.5744612544731802, 0.73377171328356, -0.20174619676751926], [-0.4488876387224782, 0.12261427875948479, -0.8322222145933132]]	[[0.0, 0.0, 0.0], [0.0, 0.0, 0.0], [0.0, 0.0, 0.0]]	0.15270201334567735	[[-0.7071067811865476, 0.5, 0.4999999999999999], [0.5, 0.8535533905932737, -0.14644660940672619], [-0.4999999999999999, 0.1464466094067262, -0.8535533905932738]]
9	[[0.38401809673392395, -0.5473175780213695, -0.7436219269021571], [0.16374961445699815, 0.8329771875431029, -0.5285215878258589], [0.9086892566471991, 0.08119405040767946, 0.40950135656961645]]	0.9568963560819771	0.043103643918023224	[[0.367465517434228, -0.5237261960282615, -0.7115691121553324], [0.15669140938373013, 0.7970728354594085, -0.5057403815012248], [0.8695214384965455, 0.07769429097064486, 0.39185035591209233]]	0.9576381549646859	0.041339002827662744	[[0.38731163741592667, -0.5213979303120497, -0.7148549953539411], [0.15294604361691372, 0.816119423029262, -0.5088667035086366], [0.8701955031718559, 0.08162135567438453, 0.41171537934746494]]	[[0.019561255786601547, 0.0027342652840749186, -0.0027342652840749134], [-0.0038668350478646705, 0.018428686022811794, -0.002734265284074914], [0.0, 0.003866835047864666, 0.019561255786601547]]	0.13047649342636763	[[0.4999999999999999, -0.5, -0.7071067811865476], [0.14644660940672619, 0.8535533905932737, -0.5], [0.8535533905932738, 0.1464466094067262, 0.4999999999999999]]
9	[[0.5977334925608182, 0.6122861497964367, -0.5175136158967237], [0.8005212526413146, -0.4209281575567265, 0.4265972459422119], [0.04336353238179311, -0.669272109790446, -0.7417509333435437]]	0.944059750400771	0.055940249599229115	[[0.564296131793147, 0.5780347097506731, -0.48856377505246146], [0.7557398939590722, -0.39738133135965953, 0.40273328952586085], [0.04093776555685135, -0.6318328609189661, -0.7002572009918447]]	0.9481098639576225	0.06527626477000308	[[0.600429245550445, 0.5541539049298546, -0.4881143675119523], [0.74752315083202, -0.41414481748615023, 0.44132538149430806], [0.020990268723418307, -0.6620182050067678, -0.7220121685327644]]	[[0.03371222523569309, -0.026360633256781514, 0.002545396452107838], [-0.011458945104922265, -0.015058679289109532, 0.03686432467934114], [-0.02012312406380551, -0.027474716042717083, -0.0187507920299777]]	0.15772774338946077	[[0.7071067811865474, 0.5000000000000001, -0.5000000000000001], [0.7071067811865477, -0.4999999999999999, 0.49999999999999983], [0.0, -0.7071067811865475, -0.7071067811865476]]
9	[[-0.19118987636437412, 0.26283917413924524, 0.945707142678734], [0.07907792122591596, 0.9644731457555763, -0.2520679144415871], [-0.9783624653217047, 0.026591721534022325, -0.20518227700143543]]	0.9178859084726878	0.08211409152731222	[[-0.17549049335749436, 0.241256374137012, 0.8680512598067797], [0.0725845095645815, 0.8852763095893682, -0.23136958664403184], [-0.8980251202973916, 0.02440816647810881, -0.18833392072795727]]	0.9178859084726879	0.0821140915273121	[[-0.17549049335749445, 0.241256374137012, 0.8680512598067797], [0.07258450956458151, 0.8852763095893684, -0.23136958664403184], [-0.8980251202973916, 0.024408166478108805, -0.18833392072795727]]	[[0.0, 0.0, 0.0], [0.0, 0.0, 0.0], [0.0, 0.0, 0.0]]	0.3338521323040872	[[0.0, 3.133961632045815e-16, 1.0], [0.0, 1.0, -2.7817808468846267e-16], [-1.0, 0.0, 0.0]]
9	[[0.3150175355465583, 0.07704224194745776, 0.9459537225752019], [0.010291163786529306, 0.9963639725302899, -0.08457497378999636], [-0.9490300544482728, 0.036377564505737925, 0.3130792688035079]]	0.920170291500389	0.07982970849961116	[[0.2898697775116108, 0.07089198223063571, 0.8704385126479015], [0.009469623181328922, 0.9168245270436822, -0.0778233782859787], [-0.8732692618442972, 0.03347355413531907, 0.28808624203765254]]	0.9201702915003888	0.07982970849961138	[[0.2898697775116107, 0.07089198223063567, 0.8704385126479016], [0.009469623181328924, 0.916824527043682, -0.07782337828597868], [-0.873269261844297, 0.03347355413531905, 0.28808624203765243]]	[[0.0, 0.0, 0.0], [0.0, 0.0, 0.0], [0.0, 0.0, 0.0]]	0.32345178088673	[[0.45710678118654746, 0.24999999999999992, 0.8535533905932738], [-0.2499999999999999, 0.9571067811865475, -0.14644660940672619], [-0.8535533905932738, -0.1464466094067262, 0.4999999999999999]]
