10	[[0.3802729664721569, 0.7767473726770865, -0.5020517802076895], [0.4287143634067757, 0.332951791095048, 0.839849450446521], [0.8195098935212374, -0.5346088512602871, -0.20639019011321075]]	0.6846059570854265	0.31539404291457374	[[0.26033713816538523, 0.5317658784851873, -0.3437076394955275], [0.29350040707636504, 0.22794077960593237, 0.5749659368306101], [0.5610413549950826, -0.36599640428338925, -0.1412959536354978]]	0.8201082344203129	0.2866021469640451	[[0.34726517879522273, 0.5428226646216397, -0.41908398721129286], [0.4076387673661726, 0.29471287570160487, 0.7144353027554082], [0.6126818075264473, -0.41908398721129286, -0.07398280389209155]]	[[0.03540018766396733, -0.09419425177518254, -0.007347188157589737], [0.056046587722013375, 0.021656370159564217, 0.025667852770841965], [-0.05940500433923332, 0.01935313390125289, 0.09527949052332643]]	0.37781024744451874	[[0.1648282734857774, 0.5144818432249695, -0.3779336305442681], [0.4571067811865474, 0.42677669529663675, 0.7803300858899108], [0.5627589267976829, -0.3013764861664786, -0.16482827348577742]]
10	[[-0.3195682178843842, -0.5708200961323295, -0.7563336379995778], [0.910087742671785, 0.03735879733279218, -0.41272826520656647], [0.2638493031197415, -0.8202248094963509, 0.507557688474819]]	0.6822251018130384	0.31777489818696175	[[-0.21801745998238523, -0.38942779820080686, -0.5159897931888878], [0.6208847029030566, 0.0254871093139768, -0.28157358275166855], [0.18000461768416487, -0.5595779541682281, 0.3462685956957239]]	0.7532880280116122	0.27471119210483647	[[-0.2902274091516247, -0.44497246103563104, -0.5466669106180094], [0.7612072859304179, 0.012427888017126534, -0.33814218803413343], [0.1916427081403411, -0.583566493483193, 0.39192378534285205]]	[[-0.04950049648631177, -0.014980516470709627, 0.023070164069540933], [0.0756490849356495, -0.015714046754578024, -0.027238927032025385], [-0.007111813098967069, 0.03429903578851336, 0.00958665508952354]]	0.3657009506562497	[[-0.3735374889436526, -0.37353748894365263, -0.5282617829189036], [0.8535533905932738, -0.14644660940672602, -0.5], [0.10940659748420094, -0.6376683804031044, 0.3735374889436526]]
10	[[-0.30792515101507295, 0.09349718223056193, 0.9468053539599837], [0.3027085282091916, -0.9338174967034747, 0.1906631317268273], [0.9019698710720718, 0.34531602882779927, 0.2592434992682147]]	0.7289607291805088	0.27103927081949136	[[-0.22446534261696588, 0.06815577413511337, 0.6901839212146794], [0.22066262945253093, -0.6807162833184821, 0.13898593553142752], [0.657500614915547, 0.25172182417203015, 0.1889783302618645]]	0.8329817983912383	0.2782703330144102	[[-0.23835180218735552, 0.07393720536951895, 0.7296210400982333], [0.24649432296781076, -0.8488220669998291, 0.11848149321273282], [0.6676097269875617, 0.2542715517298863, 0.16441459681783657]]	[[0.018144243875073615, -0.003944245629407853, -0.0590505863698068], [-0.00565637124824655, -0.07096908922656477, -0.04033742513998535], [-0.08371475831276587, -0.03337041497641465, -0.051530519423838614]]	0.4056126408101181	[[-0.34367863529144577, 0.10066114172792616, 0.5866961288549656], [0.14644660940672619, -0.9571067811865475, 0.2499999999999999], [0.5866961288549656, 0.17183931764572286, 0.31419566948131633]]
10	[[0.034229894132735264, 0.2773841392786001, 0.9601491309293217], [-0.1827544195208179, -0.9427759796974285, 0.2788803941677556], [0.9825625356654255, -0.18501754344446375, 0.018422055382213542]]	0.8474576096132722	0.15254239038672782	[[0.0290083842590432, 0.23507129961767742, 0.8136856873696238], [-0.15487662351337345, -0.7989626781551936, 0.23633931220941334], [0.8326800977705772, -0.156794525103965, 0.015611911018374006]]	0.9061880647219367	0.14245827025194804	[[0.009091997099528426, 0.22971909071320912, 0.8390314166675819], [-0.16576862649190297, -0.8259750444226628, 0.25436478145428], [0.8711694066198461, -0.15589714801072413, 0.0]]	[[-0.02192672442025172, -0.02164310564422568, -0.031044266133709614], [-0.00015875274695205215, 0.02835729608567785, 0.0016466967745105672], [-0.019217036043085063, 0.011763541622821297, -0.016693846715008426]]	0.3497635082210274	[[-0.05033057086396306, 0.19268692269955667, 0.6578743047727622], [-0.2803300858899109, -0.9267766952966368, 0.25000000000000017], [0.6578743047727622, -0.171839317645723, 0.10066114172792627]]
10	[[0.8787972042104137, -0.3840163418041313, 0.28327887866788265], [-0.395223040501579, -0.9183905790867732, -0.018907472103605397], [0.2674214316928388, -0.09534250611366366, -0.9588511794847616]]	0.6991014441878788	0.3008985558121213	[[0.6143683946117706, -0.2684663791470143, 0.1980406731846396], [-0.2763009983909783, -0.6420481801681054, -0.013218241053572537], [0.18695470910325374, -0.06665408371655396, -0.6703342443390479]]	0.8303932052521895	0.2787800881389118	[[0.6571652286579102, -0.26948425283992905, 0.17096385632205088], [-0.31828427338017196, -0.8544574508937715, -0.03308652257443719], [0.16128871700160877, -0.05379959204656194, -0.7561798796748055]]	[[-0.07258199851303816, 0.049400308100023944, -0.06426899971521832], [0.009906254011450085, -0.09183215425249142, -0.017385886211107947], [-0.060776222814937095, 0.025372177201939697, 0.04004362461738805]]	0.4135692399537108	[[0.5067087021758124, -0.35829715939475165, 0.3582971593947516], [-0.5, -0.8535533905932737, -0.14644660940672619], [0.3582971593947516, -0.10494280830684544, -0.6116515104826579]]
10	[[-0.8305561570912853, 0.32773595720904825, 0.4502950280316503], [-0.5100865793185324, -0.772219296347621, -0.37879947194723407], [0.22358030216652452, -0.5443036842615101, 0.808545204538665]]	0.6771946349076461	0.3228053650923538	[[-0.5624481735717305, 0.2219410318882894, 0.3049373771086217], [-0.3454278948529036, -0.5229427644587666, -0.2565209701085162], [0.1514073810982008, -0.36859953474236, 0.5475424745938893]]	0.7738912522227275	0.380114759887551	[[-0.6119974409500752, 0.2430378338671201, 0.19766938299111486], [-0.5668096951825867, -0.6256429661338879, -0.30411607782731054], [0.17800482323566658, -0.27284794451696914, 0.5915043614742622]]	[[0.03076270350259614, -0.010594156455804438, -0.15081000012196713], [-0.17205815357176013, -0.02802920789287404, -0.010966480140757618], [0.0049779832196791465, 0.14838391528561504, -0.03422169934484657]]	0.38599014463354614	[[-0.5144818432249695, 0.28137946339884146, 0.30137648616647866], [-0.573223304703363, -0.7803300858899106, -0.2499999999999999], [0.16482827348577742, -0.3013764861664786, 0.5627589267976829]]
10	[[-0.5446221603179724, 0.8109226453022452, -0.2139887049042392], [-0.8354447797583356, -0.5021691245819775, 0.22328947644507607], [0.07361197229480154, 0.30038414347728, 0.9509735242804028]]	0.7228648374205228	0.2771351625794773	[[-0.393688209373865, 0.5861874661570277, -0.15468491038043108], [-0.6039136548938336, -0.3630004025985574, 0.16140811108818354], [0.05321150638508573, 0.21713713503840695, 0.687425322020175]]	0.8173587767643732	0.21616696382762948	[[-0.4556066513810705, 0.6523597927899706, -0.10399424423242729], [-0.7562484043600515, -0.4317304099251463, 0.19538346759970676], [0.05429283117457868, 0.17985515428022422, 0.7877415051659373]]	[[-0.010454948624802276, -0.010454948624802275, 0.07091130184949412], [-0.07339028112259696, -0.021278068527985063, 0.012875854268202034], [-0.00587456045551323, -0.06566646179177933, 0.010454948624802276]]	0.3541368073514528	[[-0.3296565469715548, 0.5627589267976829, -0.09655416714542688], [-0.8535533905932738, -0.45710678118654735, 0.25000000000000017], [0.09655416714542688, 0.1648282734857775, 0.6310330331380335]]
10	[[0.08740825448676931, -0.06334395238859675, -0.994156597696443], [0.7119981850616444, -0.6940087028176986, 0.10681996481098455], [-0.6967197295301035, -0.717174639895393, -0.015561310176609944]]	0.7767310471770573	0.2232689528229426	[[0.06789270503942706, -0.04920121447112842, -0.7721922951867389], [0.5530310958710954, -0.5390581064895823, 0.08297038312705245], [-0.5411638451068335, -0.5570518090547776, -0.012086952748925241]]	0.9097415649765758	0.1525762809327702	[[0.054484474138180736, -0.05448447413818075, -0.8457254214366604], [0.6824744289760947, -0.6706087690425389, 0.09102298656556045], [-0.6120803630187112, -0.6223028440466107, 0.0]]	[[-0.025034448090483566, 0.0031421522396229643, 0.05870015758348988], [0.03474008583763235, -0.03924020563380252, -0.006155575392327393], [0.02175453407406184, 0.030140735213336184, 0.014156770673155045]]	0.17922013782451274	[[0.0, 0.0, -0.8825260026880002], [0.7071067811865475, -0.7071067811865476, 0.0], [-0.6240401210741422, -0.6240401210741422, 0.0]]
10	[[0.22433838825039393, -0.7661379269479729, -0.6022499185961573], [-0.9416906372873723, -0.011392912655017143, -0.3362869982418849], [0.2507808429735371, 0.642575192824231, -0.724020780340167]]	0.6695654632475665	0.3304345367524336	[[0.1502092368530874, -0.5129794959684496, -0.40324574573564526], [-0.6305235277912156, -0.007628300839595606, -0.22516615976196128], [0.16791419129919158, 0.43024615665475063, -0.48477930918932854]]	0.7570970718645539	0.4131067220366539	[[0.2047351872270609, -0.5137760944401163, -0.3707177632407432], [-0.8188892830721247, 0.05340113239838365, -0.20323019021336705], [0.17203820555682817, 0.3707177632407431, -0.4265419801277316]]	[[0.03488925037587418, 0.06626468669657362, 0.08524388665907345], [-0.10593805897958945, 0.062026673209505855, 0.05137171146168433], [-0.017827236338161207, -0.11577403369928321, 0.12161203263689824]]	0.3878638016036501	[[0.11406025592598096, -0.6647918894944791, -0.3894260727102299], [-0.8535533905932738, 0.14644660940672602, -0.5], [0.3894260727102299, 0.38942607271023, -0.5507316335684983]]
10	[[-0.42203838922340475, -0.825029846081567, 0.3757783270710803], [0.2588054115689476, 0.28760896992378115, 0.9221175843470338], [-0.8688517462515349, 0.4864224845687207, 0.09214016247897017]]	0.6742203471748504	0.32577965282514976	[[-0.2845468693033186, -0.5562519092547273, 0.25335739413864833], [0.17449187443874592, 0.19391181955261289, 0.6217104378544915], [-0.5857975260011847, 0.3279559364195761, 0.062122772335318384]]	0.8204816218746207	0.2966800479262841	[[-0.2638567793543153, -0.5826621624240144, 0.31481268970065107], [0.2629665760618013, 0.23497630027914118, 0.8290065161781291], [-0.6780754201668285, 0.3494555372513369, 0.023694298635621138]]	[[0.0824179627290563, 0.09425966378395836, 0.006493478440039466], [0.05062149222778253, -0.0010015738296117811, 0.0724259850139673], [0.034801469766227035, -0.04964517180388977, -0.05190501131491538]]	0.38628275019145525	[[-0.3013764861664785, -0.5627589267976829, 0.16482827348577742], [0.25000000000000006, 0.1464466094067262, 0.9571067811865475], [-0.5627589267976829, 0.32965654697155466, 0.09655416714542688]]
10	[[0.04673222253661188, -0.9725397674033924, -0.22799671093185395], [-0.8377629715199755, -0.16246744520517667, 0.5213036857710898], [-0.5440306084466285, 0.16664552219444034, -0.8223502702654952]]	0.6731679246270393	0.3268320753729608	[[0.031458633258179935, -0.6546825768402051, -0.15348007271978714], [-0.5639551608674834, -0.10936787290822597, 0.3509249202509508], [-0.36622395562160237, 0.11218042032402067, -0.5535798247511083]]	0.764073626086575	0.38859560763240136	[[-0.010280363983597962, -0.8086928426368303, -0.12774282815217794], [-0.6878879701431739, -0.14914437603046976, 0.2732240988580688], [-0.2743632222723397, 0.03307785374126028, -0.588659428566493]]	[[-0.04598722271223188, -0.06560085604352571, 0.0464634455053364], [-0.047775378692842055, -0.0250072860515284, -0.12509029862134427], [0.1413162174255614, -0.09425159467293659, 0.039676724348539104]]	0.34324174610668373	[[0.10066114172792627, -0.6578743047727622, -0.17183931764572288], [-0.8535533905932738, -0.2500000000000001, 0.4571067811865474], [-0.34367863529144577, 0.10066114172792616, -0.5866961288549656]]
10	[[0.8489524140446696, -0.5135124485683378, 0.12483895166604869], [0.522794976890395, 0.7815435453534784, -0.34040431673891397], [0.0772347773085365, 0.35425224329800037, 0.9319550081910795]]	0.7654679484541042	0.2345320515458959	[[0.6498458627139324, -0.3930773205112492, 0.09556021621897133], [0.4001827984224014, 0.5982465342892743, -0.26056859397905746], [0.059120746535675034, 0.27116873791258445, 0.7133816881715533]]	0.8840352489993787	0.19377185328376825	[[0.7186197628010921, -0.45843419998762486, 0.054826618529138366], [0.5057034877663709, 0.6691487853318012, -0.2930420018132073], [0.022747283925662828, 0.2682044624832108, 0.8029194437162416]]	[[-0.03188409593751111, -0.004471094653233723, -0.055535415191778396], [0.043534300195445894, -0.021763257388618423, 0.00788741309554193], [-0.0455309816637008, -0.04496700762932546, -0.020961634006177347]]	0.44026344527043215	[[0.6782568245141365, -0.6782568245141364, 0.0], [0.7071067811865475, 0.7071067811865476, 0.0], [0.0, 0.0, 0.9592]]
10	[[0.8592155572171323, 0.2624339665249735, -0.4391776855101157], [-0.4266000482917053, 0.8413623931712975, -0.33184593135155627], [0.2824199444684594, 0.4724804086637203, 0.8348660002631537]]	0.7050440358637216	0.29495596413627856	[[0.6057848041372633, 0.18502750290649214, -0.30963960785334027], [-0.3007718197472424, 0.5931975373054508, -0.23396599472505675], [0.19911849745645077, 0.33311949419080966, 0.5886172942309367]]	0.7882777935033063	0.27495768200272824	[[0.6863589817826535, 0.1638211066129549, -0.28060075157478204], [-0.34036909565999696, 0.7427734416159777, -0.4046320374598013], [0.21061539460005105, 0.3756679814302685, 0.655885506901654]]	[[0.009058438195818627, -0.043049761459671716, 0.06559326531502098], [-0.004089750884207575, 0.07954615079024595, -0.1430452589109469], [-0.012009976066872458, 0.0032221674152905612, -0.0022208216567155747]]	0.384329193460968	[[0.5363655579910024, 0.2933480644274828, -0.31419566948131633], [-0.573223304703363, 0.7803300858899106, -0.2499999999999999], [0.1718393176457229, 0.31419566948131633, 0.5866961288549656]]
10	[[0.5319609947059123, -0.8460851799387872, 0.03402011756955908], [-0.703274286200726, -0.4190807785627857, 0.5742617690636116], [-0.47161719485230363, -0.3294103357928521, -0.8179645788128509]]	0.7052693738756531	0.2947306261243468	[[0.37517579766250847, -0.5967179651008979, 0.023993347017459032], [-0.495997815491633, -0.2955648383002971, 0.4050092383082183], [-0.33261716372247613, -0.23232302127279347, -0.5768853663518018]]	0.7826979446129002	0.262927061336107	[[0.44344606137903864, -0.6431802144974563, 0.005125955809711895], [-0.6078131214384417, -0.3814921376826466, 0.5455000441552902], [-0.3171171365360796, -0.3098679403098599, -0.6402191946029749]]	[[0.027081284208487173, 0.019048916808068198, -0.021501520287471213], [-0.05736178313002902, -0.053478473674780286, 0.09602653783943352], [0.052016672518920073, -0.05203914755054936, 8.494578951630943e-18]]	0.3691093780595117	[[0.5741572493416371, -0.574157249341637, 0.0], [-0.5, -0.5000000000000001, 0.7071067811865475], [-0.4059904844768869, -0.405990484476887, -0.5741572493416371]]
