10	[[0.22433838825039393, -0.7661379269479729, -0.6022499185961573], [-0.9416906372873723, -0.011392912655017143, -0.3362869982418849], [0.2507808429735371, 0.642575192824231, -0.724020780340167]]	0.5054994464265965	0.4945005535734035	[[0.113402931072809, -0.3872822979586205, -0.3044370004608203], [-0.4760240958538757, -0.0057591110402977486, -0.16999289145173463], [0.1267695772975182, 0.32482140426011236, -0.36599210366330687]]	0.6948862691541112	0.4939305827653157	[[0.1843041490961672, -0.42442695877566117, -0.33320173825025], [-0.8158550711815127, 0.046791263995267895, -0.20352650496590724], [0.14479330291091724, 0.33320173825024996, -0.3559749340220094]]	[[0.028414483456804467, 0.10795176693868071, 0.08529346078140097], [-0.16148717753953298, 0.05470804256491132, 0.030154712607431376], [-0.029470861438286994, -0.11331494014236358, 0.14713716481861747]]	0.5090715812295193	[[0.0878760589432628, -0.5121792055607074, -0.300027632251985], [-0.8535533905932738, 0.14644660940672602, -0.5], [0.300027632251985, 0.30002763225198503, -0.42430314661744467]]
10	[[0.08740825448676931, -0.06334395238859675, -0.994156597696443], [0.7119981850616444, -0.6940087028176986, 0.10681996481098455], [-0.6967197295301035, -0.717174639895393, -0.015561310176609944]]	0.6307611952853859	0.36923880471461434	[[0.0551337350778838, -0.03995490712273186, -0.6270754038638607], [0.4491008262505082, -0.4377537589277518, 0.06737788868451947], [-0.43946376937731874, -0.45236593308878414, -0.009815470607205126]]	0.8463430220375593	0.2591051884520995	[[0.047802665626247874, -0.04780266562624788, -0.7386138718453286], [0.6743612127918025, -0.6652205598082058, 0.09502537945972152], [-0.5303763632265645, -0.5379352425354867, 0.0]]	[[-0.026174700627112506, 0.00580804646612036, 0.1027836274276572], [0.07176651716147286, -0.07785113694510847, 0.004619047627647132], [0.05928751817713432, 0.06904050952227853, 0.013170206281735885]]	0.26469425109849537	[[0.0, 0.0, -0.7746323415040003], [0.7071067811865475, -0.7071067811865476, 0.0], [-0.5477477816038921, -0.547747781603892, 0.0]]
10	[[0.034229894132735264, 0.2773841392786001, 0.9601491309293217], [-0.1827544195208179, -0.9427759796974285, 0.2788803941677556], [0.9825625356654255, -0.18501754344446375, 0.018422055382213542]]	0.7623285659836465	0.2376714340163536	[[0.026094426107980104, 0.2114578531228633, 0.7319491101117944], [-0.13931891456047885, -0.7187050606465683, 0.21259849096685923], [0.7490354888030792, -0.14104415857583508, 0.014043659061994168]]	0.8713191830008746	0.1980421966728524	[[0.009213112474569409, 0.2119927504539193, 0.7835360627470095], [-0.16826963770381784, -0.8237504339882165, 0.257234454924202], [0.8128967091693986, -0.144926075799582, 0.0]]	[[-0.020612050915371914, -0.029697371159711404, -0.05306029357332711], [-0.009032206197139726, -0.0022916376054039136, 0.014240617722991273], [-0.04322887665386781, 0.016283258995277036, -0.016051490244827164]]	0.37470373340781093	[[0.0, 0.0, 0.9184000000000001], [0.0, -1.0, 0.0], [0.9184000000000001, 0.0, 0.0]]
10	[[0.5319609947059123, -0.8460851799387872, 0.03402011756955908], [-0.703274286200726, -0.4190807785627857, 0.5742617690636116], [-0.47161719485230363, -0.3294103357928521, -0.8179645788128509]]	0.5737484020097057	0.4262515979902943	[[0.3052117706440106, -0.4854400199539734, 0.01951898809171684], [-0.40350249788218295, -0.2404469270133817, 0.3294817723355138], [-0.2705896119068093, -0.18899865376662947, -0.46930586999441515]]	0.7118304504777198	0.47807204925915203	[[0.43033300442086697, -0.5573303471901919, 0.08028341607645391], [-0.5272168417645617, -0.3473560714642067, 0.3289035624623258], [-0.24840841751359988, -0.10936506241479578, -0.4992177087739553]]	[[0.05166696992278147, 0.04493884758815751, 0.05606686046160965], [-0.02660478980890199, -0.04904161207330541, -0.07987345130235701], [0.0873030627511539, 0.1251192453046471, 0.0830343858372146]]	0.4723846288172779	[[0.4620025551148134, -0.4620025551148133, 0.0], [-0.5, -0.5000000000000001, 0.7071067811865475], [-0.32668513964719614, -0.3266851396471962, -0.4620025551148134]]
10	[[0.8787972042104137, -0.3840163418041313, 0.28327887866788265], [-0.395223040501579, -0.9183905790867732, -0.018907472103605397], [0.2674214316928388, -0.09534250611366366, -0.9588511794847616]]	0.5894931670789697	0.41050683292103035	[[0.5180449471301409, -0.2263750095401975, 0.16699096335250938], [-0.23298128184785574, -0.541384971081351, -0.01114582561181162], [0.15764310671340395, -0.05620375588618962, -0.5652362185518778]]	0.7949041800547159	0.36243055542906893	[[0.5553837093854617, -0.2355419765896006, 0.226332006377343], [-0.3455107284724876, -0.8471090701102436, -0.023600628031196568], [0.2031849220500457, -0.07578815664664354, -0.6447029925740413]]	[[-0.14317586166179394, 0.06971421871982392, 0.0011524416030304087], [-0.03134628152384822, -0.11707655987129645, -0.008570999421772708], [-0.009389491838808486, 0.0, 0.11749181804879048]]	0.5107235781706772	[[0.5964152674258406, -0.5964152674258405, 0.0], [-0.7071067811865475, -0.7071067811865476, 0.0], [0.0, 0.0, -0.8434585600000002]]
10	[[-0.5446221603179724, 0.8109226453022452, -0.2139887049042392], [-0.8354447797583356, -0.5021691245819775, 0.22328947644507607], [0.07361197229480154, 0.30038414347728, 0.9509735242804028]]	0.5987158078767002	0.40128419212329985	[[-0.32607389670232856, 0.48551220670764444, -0.12811842033323037], [-0.5001939962493839, -0.300656593114834, 0.13368693928017916], [0.044072651461879365, 0.1798447351353503, 0.5693628818588942]]	0.7659959869209323	0.33378128499480936	[[-0.4396032463672191, 0.5876811789321251, -0.08629970344958973], [-0.7318046825240614, -0.3931528082633252, 0.1053460922082003], [0.06899992957723555, 0.0922453375577251, 0.7032336383479306]]	[[-0.022424857175443735, -0.033482313072701435, 0.07761478575346516], [-0.0918573339351341, -0.00849327407793281, -0.06569275067040403], [0.012613454210082718, -0.13784771088055295, -0.02520826491891376]]	0.4368022102245981	[[-0.5964152674258406, 0.5964152674258405, 0.0], [-0.7071067811865475, -0.7071067811865476, 0.0], [0.0, 0.0, 0.8434585600000002]]
10	[[0.8489524140446696, -0.5135124485683378, 0.12483895166604869], [0.522794976890395, 0.7815435453534784, -0.34040431673891397], [0.0772347773085365, 0.35425224329800037, 0.9319550081910795]]	0.6778382039120681	0.32216179608793205	[[0.5754523795428531, -0.34807835582405033, 0.08462061077557992], [0.35437040814963644, 0.5297600730614717, -0.23073905066222014], [0.05235268273036694, 0.2401257043289375, 0.6317147088790979]]	0.8248475988634052	0.26362757336070536	[[0.6581992764265276, -0.40774743551639814, 0.04957992643176883], [0.47649274320327994, 0.6264419722519654, -0.2640264958502058], [0.02742726763133429, 0.22667612149997568, 0.726310880767012]]	[[-0.04205708384750955, 0.015822074671663144, -0.05339318309459612], [0.045266561817388216, -0.018212344540044032, 0.01675518745462542], [-0.036279652980361864, -0.06552799077635477, -0.04240996998812509]]	0.4551606101902143	[[0.6494068678417254, -0.6494068678417253, 0.0], [0.7071067811865475, 0.7071067811865476, 0.0], [0.0, 0.0, 0.9184000000000001]]
10	[[-0.8305561570912853, 0.32773595720904825, 0.4502950280316503], [-0.5100865793185324, -0.772219296347621, -0.37879947194723407], [0.22358030216652452, -0.5443036842615101, 0.808545204538665]]	0.5332065802639258	0.46679341973607424	[[-0.4428580082397922, 0.17475096897296089, 0.24010027200660483], [-0.27198152059695846, -0.41175241021933007, -0.2019783710427655], [0.11921448833258776, -0.29022630611013545, 0.43112162350085786]]	0.7242418754309071	0.41962617290418397	[[-0.5168528021393425, 0.1799202526255131, 0.23865140247820532], [-0.44006964306661933, -0.6710211180291854, -0.26064567811828754], [0.13548948856346082, -0.3404033901808764, 0.4870153510093521]]	[[0.08467074672313715, -0.057439851669711516, -0.08747111312064995], [-0.07064358222882934, -0.111747566598449, 0.013696761857014541], [-0.026436728787031794, 0.053804130912631976, -0.09856694429639695]]	0.5432325768300773	[[-0.4620025551148134, 0.3266851396471962, 0.32668513964719614], [-0.7071067811865475, -0.5000000000000001, -0.5], [0.0, -0.4620025551148133, 0.4620025551148134]]
10	[[0.04673222253661188, -0.9725397674033924, -0.22799671093185395], [-0.8377629715199755, -0.16246744520517667, 0.5213036857710898], [-0.5440306084466285, 0.16664552219444034, -0.8223502702654952]]	0.5362853284423452	0.46371467155765483	[[0.025061805311887675, -0.5215588085851703, -0.12227129100586374], [-0.44927999033842514, -0.08712890721304688, 0.27956751834195387], [-0.2917556335334891, 0.08936954860349156, -0.44101438478398236]]	0.7050970078189585	0.46266287322142585	[[-0.0023721028814599598, -0.708941352622948, -0.11080659524001708], [-0.6723668770749188, -0.1504821180243962, 0.2808926051485619], [-0.2453843958349191, 0.018935125470611852, -0.5117207480722694]]	[[-0.03532285316075459, -0.023206472641870035, 0.049953203430597205], [-0.0816627125946648, -0.03592680854223562, -0.08667706385362803], [0.138209958342726, -0.09856613359511587, 0.06811596687104297]]	0.48643192875232805	[[-0.0878760589432628, -0.5121792055607074, -0.300027632251985], [-0.8535533905932738, -0.14644660940672602, 0.5], [-0.300027632251985, 0.30002763225198503, -0.42430314661744467]]
10	[[-0.30792515101507295, 0.09349718223056193, 0.9468053539599837], [0.3027085282091916, -0.9338174967034747, 0.1906631317268273], [0.9019698710720718, 0.34531602882779927, 0.2592434992682147]]	0.6056021441830882	0.3943978558169121	[[-0.18648013170262945, 0.05662209403390524, 0.5733873524821936], [0.18332093374599323, -0.5655218782793082, 0.1154660013904292], [0.5462348879097904, 0.20912412747890435, 0.15699841902235773]]	0.7984800125204641	0.30246952324662735	[[-0.177051567712956, 0.07204486659520089, 0.726639091540198], [0.2610414036624287, -0.8373919022219619, 0.13152927134500136], [0.6679319650875496, 0.2436183683282293, 0.10500670111775513]]	[[0.06882051072492526, -0.0026107646428863117, -0.029366059344212325], [0.019334694267902092, -0.09175729576234318, -0.0207114284634266], [-0.0522729488591597, -0.03210957869370874, -0.10199405142377786]]	0.4828879570913493	[[0.0, 0.0, 0.9184000000000001], [0.0, -1.0, 0.0], [0.9184000000000001, 0.0, 0.0]]
10	[[0.3802729664721569, 0.7767473726770865, -0.5020517802076895], [0.4287143634067757, 0.332951791095048, 0.839849450446521], [0.8195098935212374, -0.5346088512602871, -0.20639019011321075]]	0.5564419342351745	0.4435580657648257	[[0.21159982500111466, 0.4322148104645279, -0.27936266366497947], [0.23855464960846778, 0.18526833864399436, 0.4673274526728106], [0.45600967027581923, -0.2974787832545189, -0.11484415659376038]]	0.7509247124452592	0.3846784033109512	[[0.29771882190773835, 0.433675172422094, -0.3526545612072067], [0.41262670391906586, 0.31306467829748713, 0.7107903375068889], [0.5373606968619794, -0.38339314371306843, -0.03764485200259527]]	[[0.012162453908928304, -0.14960362504805758, 0.024348527477882992], [0.09069449385668049, 0.06304295031130419, 0.08012663043302601], [-0.07802953427650075, 0.018057854190253013, 0.11733864215968987]]	0.4617114277352832	[[0.35571117121863693, 0.355711171218637, -0.5030515626250146], [0.5, 0.5000000000000001, 0.7071067811865475], [0.5030515626250146, -0.5030515626250145, 0.0]]
10	[[0.8592155572171323, 0.2624339665249735, -0.4391776855101157], [-0.4266000482917053, 0.8413623931712975, -0.33184593135155627], [0.2824199444684594, 0.4724804086637203, 0.8348660002631537]]	0.5499964295594377	0.45000357044056233	[[0.47256548869134557, 0.14433774458385645, -0.24154615897274123], [-0.2346285034103216, 0.4627463122097974, -0.1825140774071822], [0.15532996109402733, 0.2598625378018302, 0.45917331930530314]]	0.741960114585973	0.4548478160175597	[[0.4627492251916502, 0.1866953258105125, -0.2858616096964645], [-0.35259401578774086, 0.7495731114992777, -0.2519899748135978], [0.23795327251133191, 0.31086054160848176, 0.4592266460182819]]	[[-0.17475444809522395, -0.008020210063608283, 0.03999071616822339], [-0.03607379507484556, 0.12531577385357326, -0.005773529563108193], [0.028408938152149607, -0.03970107654327959, -0.16021062720090073]]	0.5530645030050545	[[0.5576864172046029, -0.0956838620897895, -0.32668513964719614], [-0.14644660940672619, 0.8535533905932737, -0.5], [0.32668513964719614, 0.3266851396471962, 0.4620025551148134]]
10	[[-0.3195682178843842, -0.5708200961323295, -0.7563336379995778], [0.910087742671785, 0.03735879733279218, -0.41272826520656647], [0.2638493031197415, -0.8202248094963509, 0.507557688474819]]	0.5211513400944361	0.47884865990556386	[[-0.16654340500203751, -0.29748365805219834, -0.39416428900198003], [0.47429344669692103, 0.019469587294301108, -0.21509388850725392], [0.13750541790383636, -0.42746125864772677, 0.26451436952388624]]	0.6879226198209475	0.49758030341946585	[[-0.2382324985623239, -0.37594573459489433, -0.38066390585684534], [0.7781985629227416, 0.01451077013453389, -0.22781199486746087], [0.1620705430239172, -0.3806639058568453, 0.3125543234735205]]	[[-0.018394292903786934, 0.01673432138290288, 0.13963511185453242], [0.15212861871703476, -0.011189191600000318, 0.056113114607595105], [-0.0194373608161466, 0.18358729393402196, -0.03660609129234126]]	0.5185553355489655	[[-0.27554537746022306, -0.2755453774602231, -0.3896800098534613], [0.8535533905932738, -0.14644660940672602, -0.5], [0.08070537253349257, -0.4703853823869537, 0.27554537746022306]]
10	[[-0.42203838922340475, -0.825029846081567, 0.3757783270710803], [0.2588054115689476, 0.28760896992378115, 0.9221175843470338], [-0.8688517462515349, 0.4864224845687207, 0.09214016247897017]]	0.5437172235908161	0.45628277640918397	[[-0.22946954123728985, -0.448582937291028, 0.2043171486806894], [0.14071695982854665, 0.15637795060677284, 0.5013712127854394], [-0.47240965918391686, 0.2644762828018514, 0.05009819332427234]]	0.7458587982713536	0.40480643687736784	[[-0.22276912761350318, -0.48945399002195067, 0.2695000922240004], [0.26904147949993895, 0.23566670099674353, 0.8285748642526372], [-0.5673966613434805, 0.2915701016917772, 0.02347301985726173]]	[[0.09201191819704319, 0.12590177951444673, -0.010777479221655272], [0.07600918624100056, 0.02115102031733016, 0.1408053509266749], [0.08064405799165632, -0.07123238810081485, -0.045250531001830234]]	0.5750471838115576	[[-0.35571117121863693, -0.355711171218637, 0.5030515626250146], [0.5, 0.5000000000000001, 0.7071067811865475], [-0.5030515626250146, 0.5030515626250145, 0.0]]
