10	[[-0.30792515101507295, 0.09349718223056193, 0.9468053539599837], [0.3027085282091916, -0.9338174967034747, 0.1906631317268273], [0.9019698710720718, 0.34531602882779927, 0.2592434992682147]]	0.9440457924778831	0.055954207522116904	[[-0.29069544321389634, 0.08826562149329989, 0.8938276107014557], [0.28577071240305985, -0.8815664787051448, 0.1799947272873677], [0.8515008617274081, 0.3259941440900552, 0.24473773471140128]]	0.9440457924778834	0.05595420752211654	[[-0.2906954432138964, 0.08826562149329992, 0.8938276107014557], [0.28577071240306, -0.8815664787051452, 0.17999472728736773], [0.8515008617274085, 0.3259941440900555, 0.2447377347114014]]	[[0.0, 0.0, 0.0], [0.0, 0.0, 0.0], [0.0, 0.0, 0.0]]	0.20660539411190346	[[-0.24504476083798746, 0.14354389751042168, 0.9381360091690937], [0.4571067811865472, -0.8535533905932738, 0.25000000000000017], [0.836635145841528, 0.49008952167597447, 0.14354389751042165]]
10	[[0.8787972042104137, -0.3840163418041313, 0.28327887866788265], [-0.395223040501579, -0.9183905790867732, -0.018907472103605397], [0.2674214316928388, -0.09534250611366366, -0.9588511794847616]]	0.9203977368304606	0.07960226316953943	[[0.8088429578882009, -0.35344777190243504, 0.2607292388177898], [-0.36376239202090677, -0.8452846105178823, -0.017402394533343482], [0.2461340805100503, -0.08775302685076035, -0.8825244555549924]]	0.9203977368304606	0.07960226316953951	[[0.8088429578882008, -0.35344777190243515, 0.26072923881778987], [-0.36376239202090677, -0.8452846105178824, -0.017402394533343475], [0.2461340805100504, -0.08775302685076039, -0.8825244555549923]]	[[0.0, 0.0, 0.0], [0.0, 0.0, 0.0], [0.0, 0.0, 0.0]]	0.3085054033892086	[[0.6958719526539114, -0.4920557765591049, 0.49205577655910476], [-0.5, -0.8535533905932737, -0.14644660940672619], [0.49205577655910476, -0.14411980023214915, -0.8399917528860606]]
10	[[-0.8305561570912853, 0.32773595720904825, 0.4502950280316503], [-0.5100865793185324, -0.772219296347621, -0.37879947194723407], [0.22358030216652452, -0.5443036842615101, 0.808545204538665]]	0.9556869750671662	0.044313024932833844	[[-0.7937517013939807, 0.3132129855658575, 0.43034109322735276], [-0.4874831000112864, -0.7379999234149535, -0.362013721502292], [0.21367278266212877, -0.5201839415297965, 0.7727161207306198]]	0.9556869750671662	0.044313024932834004	[[-0.7937517013939804, 0.3132129855658576, 0.4303410932273526], [-0.48748310001128636, -0.7379999234149536, -0.36201372150229205], [0.21367278266212889, -0.5201839415297965, 0.7727161207306197]]	[[0.0, 0.0, 0.0], [0.0, 0.0, 0.0], [0.0, 0.0, 0.0]]	0.15630932438341624	[[-0.7648631970863171, 0.418317572920764, 0.44804648749311893], [-0.573223304703363, -0.7803300858899106, -0.2499999999999999], [0.24504476083798735, -0.4480464874931189, 0.836635145841528]]
10	[[-0.5446221603179724, 0.8109226453022452, -0.2139887049042392], [-0.8354447797583356, -0.5021691245819775, 0.22328947644507607], [0.07361197229480154, 0.30038414347728, 0.9509735242804028]]	0.9403710990208866	0.05962890097911351	[[-0.5121469394493413, 0.762568219183797, -0.20122879360885557], [-0.7856281257126084, -0.4722253315775106, 0.20997497036445456], [0.06922257128795756, 0.2824725671301775, 0.8942680181673284]]	0.9403710990208869	0.059628900979113296	[[-0.5121469394493412, 0.762568219183797, -0.20122879360885565], [-0.7856281257126088, -0.4722253315775109, 0.20997497036445464], [0.0692225712879576, 0.28247256713017754, 0.8942680181673283]]	[[0.0, 0.0, 0.0], [0.0, 0.0, 0.0], [0.0, 0.0, 0.0]]	0.10238354436468984	[[-0.4900895216759746, 0.8366351458415279, -0.14354389751042165], [-0.8535533905932738, -0.45710678118654735, 0.25000000000000017], [0.14354389751042165, 0.24504476083798746, 0.9381360091690937]]
10	[[0.3802729664721569, 0.7767473726770865, -0.5020517802076895], [0.4287143634067757, 0.332951791095048, 0.839849450446521], [0.8195098935212374, -0.5346088512602871, -0.20639019011321075]]	0.948430180585332	0.051569819414668115	[[0.36066235826290766, 0.7366906509373112, -0.47616106056556634], [0.406605641105414, 0.31578152735448606, 0.7965385659514856], [0.7772479163038133, -0.5070391693433111, -0.19574668528011352]]	0.948430180585332	0.0515698194146681	[[0.3606623582629077, 0.7366906509373115, -0.47616106056556623], [0.40660564110541386, 0.31578152735448606, 0.7965385659514858], [0.7772479163038133, -0.5070391693433111, -0.1957466852801135]]	[[0.0, 0.0, 0.0], [0.0, 0.0, 0.0], [0.0, 0.0, 0.0]]	0.1545593382566994	[[0.2450447608379873, 0.7648631970863172, -0.5618614704311853], [0.4571067811865474, 0.42677669529663675, 0.7803300858899108], [0.836635145841528, -0.4480464874931189, -0.24504476083798735]]
10	[[0.8592155572171323, 0.2624339665249735, -0.4391776855101157], [-0.4266000482917053, 0.8413623931712975, -0.33184593135155627], [0.2824199444684594, 0.4724804086637203, 0.8348660002631537]]	0.9567758803307937	0.043224119669206286	[[0.8220767211503353, 0.2510904893506336, -0.4201946166755815], [-0.4081606367534554, 0.8049952444036915, -0.3175021831030774], [0.2702125909917842, 0.4520578589382841, 0.7987796523600278]]	0.956775880330794	0.043224119669206036	[[0.8220767211503355, 0.25109048935063366, -0.4201946166755816], [-0.40816063675345543, 0.8049952444036919, -0.31750218310307743], [0.27021259099178413, 0.4520578589382843, 0.7987796523600278]]	[[0.0, 0.0, 0.0], [0.0, 0.0, 0.0], [0.0, 0.0, 0.0]]	0.19109366819232326	[[0.7663959890644461, 0.4191558846901443, -0.4489443762456102], [-0.573223304703363, 0.7803300858899106, -0.2499999999999999], [0.24553583250299335, 0.4489443762456101, 0.8383117693802886]]
10	[[0.22433838825039393, -0.7661379269479729, -0.6022499185961573], [-0.9416906372873723, -0.011392912655017143, -0.3362869982418849], [0.2507808429735371, 0.642575192824231, -0.724020780340167]]	0.9342138058622392	0.06578619413776084	[[0.2095800194884011, -0.7157366285494721, -0.5626301885319398], [-0.8797403942050737, -0.010643416291299612, -0.3141639564895394], [0.23428292575164864, 0.6003026164409871, -0.6763902087249357]]	0.9342138058622392	0.06578619413776071	[[0.2095800194884011, -0.7157366285494721, -0.5626301885319399], [-0.8797403942050737, -0.010643416291299609, -0.3141639564895395], [0.23428292575164875, 0.6003026164409874, -0.6763902087249357]]	[[0.0, 0.0, 0.0], [0.0, 0.0, 0.0], [0.0, 0.0, 0.0]]	0.29173610709205544	[[0.14469801349407163, -0.8433618267457366, -0.49402992011990393], [-0.8535533905932738, 0.14644660940672602, -0.5], [0.49402992011990393, 0.49402992011990404, -0.6986638132516652]]
10	[[0.034229894132735264, 0.2773841392786001, 0.9601491309293217], [-0.1827544195208179, -0.9427759796974285, 0.2788803941677556], [0.9825625356654255, -0.18501754344446375, 0.018422055382213542]]	0.945458166743755	0.05454183325624495	[[0.032362932954568706, 0.2622550998061397, 0.9077808371290464], [-0.17278665844447158, -0.8913552494147784, 0.2636697462106219], [0.9289717736813289, -0.17492634744043573, 0.017417282709319536]]	0.9454581667437552	0.054541833256245065	[[0.032362932954568706, 0.26225509980613965, 0.9077808371290462], [-0.1727866584444716, -0.8913552494147783, 0.263669746210622], [0.9289717736813287, -0.17492634744043575, 0.017417282709319547]]	[[0.0, 0.0, 0.0], [0.0, 0.0, 0.0], [0.0, 0.0, 0.0]]	0.15160006426921646	[[-0.0719157803158424, 0.2753243240584595, 0.9400160412515969], [-0.2803300858899109, -0.9267766952966368, 0.25000000000000017], [0.9400160412515969, -0.24553583250299346, 0.14383156063168503]]
10	[[0.08740825448676931, -0.06334395238859675, -0.994156597696443], [0.7119981850616444, -0.6940087028176986, 0.10681996481098455], [-0.6967197295301035, -0.717174639895393, -0.015561310176609944]]	0.9607412908957951	0.03925870910420503	[[0.08397671925056692, -0.06085715058826224, -0.9551272930234525], [0.6840460554315873, -0.6667628170379919, 0.1026263508859487], [-0.6693674123413209, -0.6890192893308267, -0.014950393227106111]]	0.9699121014784068	0.05076031666158732	[[0.07002920311313739, -0.05645229030001492, -0.9470807662781725], [0.678551403008742, -0.6722044882326269, 0.09015500085739779], [-0.6818299295562208, -0.7073268753725568, -0.009600327117737435]]	[[-0.01474912068268442, 0.004985775677157099, 0.017163748592207644], [-0.012024252913208926, 0.0009229511615903302, -0.013450975692273713], [-0.006073032546211002, -0.011730513264596622, 0.005492775937415633]]	0.11176565457923245	[[0.0, 0.0, -0.994011992], [0.7071067811865475, -0.7071067811865476, 0.0], [-0.7028726201239482, -0.7028726201239481, 0.0]]
10	[[-0.3195682178843842, -0.5708200961323295, -0.7563336379995778], [0.910087742671785, 0.03735879733279218, -0.41272826520656647], [0.2638493031197415, -0.8202248094963509, 0.507557688474819]]	0.9374163767110685	0.06258362328893155	[[-0.2995684809211927, -0.5350961062702322, -0.7089995385182649], [0.85313115422454, 0.03502074843398919, -0.3868982349361846], [0.24733665772824845, -0.7688921690065956, 0.47579288930191016]]	0.9374163767110684	0.06258362328893166	[[-0.2995684809211926, -0.5350961062702321, -0.7089995385182651], [0.8531311542245399, 0.03502074843398921, -0.3868982349361844], [0.24733665772824842, -0.7688921690065956, 0.4757928893019101]]	[[0.0, 0.0, 0.0], [0.0, 0.0, 0.0], [0.0, 0.0, 0.0]]	0.22864410938948412	[[-0.4930418602796641, -0.49304186027966423, -0.6972664856251618], [0.8535533905932738, -0.14644660940672602, -0.5], [0.1444086174670835, -0.841675103092245, 0.4930418602796641]]
10	[[0.8489524140446696, -0.5135124485683378, 0.12483895166604869], [0.522794976890395, 0.7815435453534784, -0.34040431673891397], [0.0772347773085365, 0.35425224329800037, 0.9319550081910795]]	0.9337532688087102	0.06624673119128989	[[0.7927120916772559, -0.4794939274246501, 0.11656877919282556], [0.4881615185881804, 0.7297688401901588, -0.3178536434715565], [0.07211822577755878, 0.33078419016232635, 0.8702160352810688]]	0.9337532688087105	0.06624673119128964	[[0.7927120916772562, -0.47949392742465036, 0.1165687791928256], [0.4881615185881805, 0.7297688401901589, -0.3178536434715566], [0.07211822577755879, 0.3307841901623264, 0.8702160352810692]]	[[0.0, 0.0, 0.0], [0.0, 0.0, 0.0], [0.0, 0.0, 0.0]]	0.3222697002165615	[[0.9381360091690937, -0.24504476083798746, 0.14354389751042165], [0.2803300858899109, 0.9267766952966368, -0.25000000000000017], [-0.07177194875521072, 0.2747736754103426, 0.9381360091690937]]
10	[[0.04673222253661188, -0.9725397674033924, -0.22799671093185395], [-0.8377629715199755, -0.16246744520517667, 0.5213036857710898], [-0.5440306084466285, 0.16664552219444034, -0.8223502702654952]]	0.9527982755585621	0.0472017244414379	[[0.04452638104590277, -0.9266342132940774, -0.2172348730088944], [-0.7982191145910494, -0.15479870162589754, 0.49669725284501687], [-0.5183514255790229, 0.1587795661764188, -0.7835339194140813]]	0.9527982755585622	0.04720172444143796	[[0.0445263810459028, -0.9266342132940772, -0.21723487300889444], [-0.7982191145910494, -0.15479870162589748, 0.49669725284501687], [-0.5183514255790231, 0.15877956617641883, -0.7835339194140813]]	[[0.0, 0.0, 0.0], [0.0, 0.0, 0.0], [0.0, 0.0, 0.0]]	0.1222494520667108	[[0.14383156063168503, -0.9400160412515969, -0.2455358325029933], [-0.8535533905932738, -0.2500000000000001, 0.4571067811865474], [-0.4910716650059866, 0.14383156063168487, -0.8383117693802886]]
10	[[-0.42203838922340475, -0.825029846081567, 0.3757783270710803], [0.2588054115689476, 0.28760896992378115, 0.9221175843470338], [-0.8688517462515349, 0.4864224845687207, 0.09214016247897017]]	0.9486273250056536	0.0513726749943464	[[-0.4003571482186933, -0.782645855938183, 0.3564735892045384], [0.24550988527363798, 0.272833727786428, 0.8747459373798021], [-0.8242165078730845, 0.4614336603590294, 0.08740667585801176]]	0.9486273250056535	0.0513726749943465	[[-0.40035714821869334, -0.782645855938183, 0.35647358920453837], [0.24550988527363796, 0.2728337277864279, 0.8747459373798018], [-0.8242165078730845, 0.4614336603590294, 0.08740667585801176]]	[[0.0, 0.0, 0.0], [0.0, 0.0, 0.0], [0.0, 0.0, 0.0]]	0.15522921692926286	[[-0.4480464874931187, -0.836635145841528, 0.24504476083798735], [0.25000000000000006, 0.1464466094067262, 0.9571067811865475], [-0.836635145841528, 0.49008952167597447, 0.14354389751042165]]
10	[[0.5319609947059123, -0.8460851799387872, 0.03402011756955908], [-0.703274286200726, -0.4190807785627857, 0.5742617690636116], [-0.47161719485230363, -0.3294103357928521, -0.8179645788128509]]	0.9453040053269494	0.054695994673050516	[[0.5028648589732071, -0.7998077094439083, 0.032159353400197925], [-0.6648079995889977, -0.3961587385309377, 0.5428519504019718], [-0.44582162327494285, -0.31139290982107853, -0.7732251925673592]]	0.9453040053269492	0.05469599467305079	[[0.502864858973207, -0.7998077094439081, 0.03215935340019791], [-0.6648079995889975, -0.3961587385309375, 0.5428519504019715], [-0.44582162327494285, -0.3113929098210784, -0.773225192567359]]	[[0.0, 0.0, 0.0], [0.0, 0.0, 0.0], [0.0, 0.0, 0.0]]	0.2037299849023027	[[0.4900895216759745, -0.836635145841528, -0.14354389751042138], [-0.7071067811865477, -0.49999999999999983, 0.49999999999999994], [-0.4900895216759746, -0.1435438975104215, -0.836635145841528]]
10	[[0.50607966, 0.26960331, 0.8192664], [-0.59451586, 0.79721188, 0.10490047], [-0.62484739, -0.54015486, 0.56373616]]	0.9530644853081853	0.04693551487032672	[[ 0.48232655  0.25694934  0.78081371]
 [-0.56661195  0.75979433  0.09997691]
 [-0.59551986 -0.51480241  0.53727691]]	0.9530644853042783	0.04693551507290935	[[ 0.48232655  0.25694934  0.78081371]
 [-0.56661195  0.75979433  0.09997691]
 [-0.59551986 -0.51480241  0.53727691]]	[[-1.078489465540437e-10, -5.619379288934814e-11, -1.6068720078552077e-10], [1.1789059653106913e-10, -1.6364435236508885e-10, -1.5213641581347766e-11], [1.2692308500522587e-10, 1.0397918817763902e-10, -1.1633508371222591e-10]]	0.1503082579105313	WordDict: (word: THRHRHZ, matrix: [[ 0.49304186  0.14440862  0.8416751 ]
 [-0.5         0.85355339  0.14644661]
 [-0.69726649 -0.49304186  0.49304186]])
10	[[0.50607966, 0.26960331, 0.8192664], [-0.59451586, 0.79721188, 0.10490047], [-0.62484739, -0.54015486, 0.56373616]]	0.9530644853081853	0.04693551487032672	[[ 0.48232655  0.25694934  0.78081371]
 [-0.56661195  0.75979433  0.09997691]
 [-0.59551986 -0.51480241  0.53727691]]	0.9530644853042783	0.04693551507290935	[[ 0.48232655  0.25694934  0.78081371]
 [-0.56661195  0.75979433  0.09997691]
 [-0.59551986 -0.51480241  0.53727691]]	[[-1.078489465540437e-10, -5.619379288934814e-11, -1.6068720078552077e-10], [1.1789059653106913e-10, -1.6364435236508885e-10, -1.5213641581347766e-11], [1.2692308500522587e-10, 1.0397918817763902e-10, -1.1633508371222591e-10]]	0.1503082579105313	WordDict: (word: THRHRHZ, matrix: [[ 0.49304186  0.14440862  0.8416751 ]
 [-0.5         0.85355339  0.14644661]
 [-0.69726649 -0.49304186  0.49304186]])
10	[[0.50607966, 0.26960331, 0.8192664], [-0.59451586, 0.79721188, 0.10490047], [-0.62484739, -0.54015486, 0.56373616]]	0.9530644853081853	0.04693551487032672	[[ 0.48232655  0.25694934  0.78081371]
 [-0.56661195  0.75979433  0.09997691]
 [-0.59551986 -0.51480241  0.53727691]]	0.9530644853042783	0.04693551507290935	[[ 0.48232655  0.25694934  0.78081371]
 [-0.56661195  0.75979433  0.09997691]
 [-0.59551986 -0.51480241  0.53727691]]	[[-1.078489465540437e-10, -5.619379288934814e-11, -1.6068720078552077e-10], [1.1789059653106913e-10, -1.6364435236508885e-10, -1.5213641581347766e-11], [1.2692308500522587e-10, 1.0397918817763902e-10, -1.1633508371222591e-10]]	0.1503082579105313	WordDict: (word: THRHRHZ, matrix: [[ 0.49304186  0.14440862  0.8416751 ]
 [-0.5         0.85355339  0.14644661]
 [-0.69726649 -0.49304186  0.49304186]])
10	[[0.50607966, 0.26960331, 0.8192664], [-0.59451586, 0.79721188, 0.10490047], [-0.62484739, -0.54015486, 0.56373616]]	0.9530644853081853	0.04693551487032672	[[ 0.48232655  0.25694934  0.78081371]
 [-0.56661195  0.75979433  0.09997691]
 [-0.59551986 -0.51480241  0.53727691]]	0.9530644853042783	0.04693551507290935	[[ 0.48232655  0.25694934  0.78081371]
 [-0.56661195  0.75979433  0.09997691]
 [-0.59551986 -0.51480241  0.53727691]]	[[-1.078489465540437e-10, -5.619379288934814e-11, -1.6068720078552077e-10], [1.1789059653106913e-10, -1.6364435236508885e-10, -1.5213641581347766e-11], [1.2692308500522587e-10, 1.0397918817763902e-10, -1.1633508371222591e-10]]	0.1503082579105313	WordDict: (word: THRHRHZ, matrix: [[ 0.49304186  0.14440862  0.8416751 ]
 [-0.5         0.85355339  0.14644661]
 [-0.69726649 -0.49304186  0.49304186]])
10	[[0.50607966, 0.26960331, 0.8192664], [-0.59451586, 0.79721188, 0.10490047], [-0.62484739, -0.54015486, 0.56373616]]	0.9530644852797452	0.04693551489876482	[[ 0.48232655  0.25694934  0.78081371]
 [-0.56661195  0.75979433  0.09997691]
 [-0.59551986 -0.51480241  0.53727691]]	0.9530644855104639	0.04693551772986112	[[ 0.48232655  0.25694934  0.78081371]
 [-0.56661195  0.75979433  0.09997691]
 [-0.59551985 -0.51480241  0.53727691]]	[[-1.7180437396612095e-09, -8.620173428637404e-10, -2.444959996988009e-09], [1.8018363491973074e-09, -2.449917016826647e-09, -3.389487660740104e-10], [1.866509988419837e-09, 1.6410863940027733e-09, -1.8274381640549665e-09]]	0.1503082579105313	WordDict: (word: THRHRHZ, matrix: [[ 0.49304186  0.14440862  0.8416751 ]
 [-0.5         0.85355339  0.14644661]
 [-0.69726649 -0.49304186  0.49304186]])
