10	[[0.8592155572171323, 0.2624339665249735, -0.4391776855101157], [-0.4266000482917053, 0.8413623931712975, -0.33184593135155627], [0.2824199444684594, 0.4724804086637203, 0.8348660002631537]]	0.5377183936326091	0.462281606367391	[[0.4620160092109434, 0.14111557091444268, -0.23615391957178658], [-0.22939069269100923, 0.45241603451895773, -0.17843966113987594], [0.15186239886939065, 0.2540614063695344, 0.4489228045599844]]	0.7375452914131788	0.4616168955298719	[[0.4563327168368694, 0.18306337036138665, -0.28442941652621817], [-0.3514522661380065, 0.7495994828311978, -0.25306805843615277], [0.2366202021777562, 0.3086522616696892, 0.4521213091220319]]	[[-0.17737767169757718, -0.010493565955991385, 0.039484017515505475], [-0.036815409203824645, 0.12905661137558364, -0.008316654293191452], [0.02832270193387253, -0.039823439025212196, -0.1636301783330108]]	0.5621818766538018	[[0.5444545988414385, -0.09341364096838523, -0.31893411990491183], [-0.14644660940672619, 0.8535533905932737, -0.5], [0.31893411990491183, 0.3189341199049119, 0.4510409578730533]]
10	[[0.08740825448676931, -0.06334395238859675, -0.994156597696443], [0.7119981850616444, -0.6940087028176986, 0.10681996481098455], [-0.6967197295301035, -0.717174639895393, -0.015561310176609944]]	0.6170730878477958	0.3829269121522041	[[0.05393728149953669, -0.03908784829691516, -0.6134672815448031], [0.43935491859801534, -0.4282540932409607, 0.06591572552970712], [-0.42992699486562214, -0.44254916956638113, -0.009602465721638025]]	0.8394952011010809	0.27005943688935335	[[0.04702568836001716, -0.047025688360017165, -0.7276717748582683], [0.6741141336963026, -0.6650383916833373, 0.09529396036169499], [-0.5223289837588592, -0.5297750986188039, 0.0]]	[[-0.02635312181824769, 0.006151255688985158, 0.10691791805087358], [0.0763950741443729, -0.0824214161454933, 0.005619112521087129], [0.06256388569410574, 0.07228956992477431, 0.013063645216109459]]	0.27417243175915407	[[0.0, 0.0, -0.7635519439999998], [0.7071067811865475, -0.7071067811865476, 0.0], [-0.5399127573905709, -0.5399127573905708, 0.0]]
10	[[-0.3195682178843842, -0.5708200961323295, -0.7563336379995778], [0.910087742671785, 0.03735879733279218, -0.41272826520656647], [0.2638493031197415, -0.8202248094963509, 0.507557688474819]]	0.5075900497864296	0.4924099502135704	[[-0.16220964762609513, -0.2897426010149037, -0.3839074289673571], [0.46195148261279056, 0.018962953798113108, -0.20949676068446782], [0.13392728090666434, -0.4163379518883174, 0.2576312323624185]]	0.6815148750890433	0.5054952154306483	[[-0.23512863464330716, -0.37067187795170187, -0.3737969609252153], [0.7781209389838932, 0.014059790431062397, -0.22770281689677607], [0.15891071664516984, -0.3737969609252153, 0.3091546306780583]]	[[-0.01733814054940288, 0.018350508562238382, 0.14165566390170853], [0.15788260471686225, -0.011400785666672443, 0.05357763521119462], [-0.020906508212811946, 0.18519844766362456, -0.036753483983341495]]	0.533902375722373	[[-0.26643628803208363, -0.2664362880320837, -0.37679781204331714], [0.8535533905932738, -0.14644660940672602, -0.5], [0.07803738201042522, -0.45483519405374223, 0.26643628803208363]]
10	[[0.22433838825039393, -0.7661379269479729, -0.6022499185961573], [-0.9416906372873723, -0.011392912655017143, -0.3362869982418849], [0.2507808429735371, 0.642575192824231, -0.724020780340167]]	0.49108502514574665	0.5089149748542534	[[0.11016922303510093, -0.3762388631203555, -0.2957559164178178], [-0.46245017029178337, -0.0055948887976724065, -0.1651455089878037], [0.123154716577731, 0.3155590547261204, -0.35555576311939396]]	0.6879893310543915	0.5017979215657132	[[0.1779361610130235, -0.41968356362532094, -0.3260288928196381], [-0.8184539430992319, 0.048911919668113216, -0.20180603738900374], [0.1408377044336098, 0.3260288928196381, -0.3525494303199083]]	[[0.02359374335081468, 0.10741115623101324, 0.08831262580289385], [-0.1705808314917091, 0.056750122024399455, 0.02955582957371997], [-0.03169683996501041, -0.11605598424365124, 0.14556914201580176]]	0.5219152732222876	[[0.08538006784510419, -0.49763150334107475, -0.2915057855930894], [-0.8535533905932738, 0.14644660940672602, -0.5], [0.2915057855930894, 0.29150578559308943, -0.41225143549597065]]
10	[[0.8489524140446696, -0.5135124485683378, 0.12483895166604869], [0.522794976890395, 0.7815435453534784, -0.34040431673891397], [0.0772347773085365, 0.35425224329800037, 0.9319550081910795]]	0.6698722041640106	0.33012779583598933	[[0.5686896248264607, -0.34398771578813053, 0.08362614371806042], [0.3502058234954419, 0.52353429737609, -0.22802738996084038], [0.05173743051378587, 0.23730373104807684, 0.624290755518647]]	0.8203251073567999	0.27064424862997705	[[0.6511149943446375, -0.4031105923130538, 0.050427149853249253], [0.4765136029857682, 0.6258114250011805, -0.2642668172907097], [0.02641584763636665, 0.22579274429389676, 0.7190342135896531]]	[[-0.04530198584737056, 0.018136562187821035, -0.05198137657451249], [0.04765175744255929, -0.015308367744925716, 0.014975390382858016], [-0.03694177935093709, -0.06480926522092254, -0.04547187855640146]]	0.45685885196000126	[[0.6462955980045044, -0.6462955980045043, 0.0], [0.7071067811865475, 0.7071067811865476, 0.0], [0.0, 0.0, 0.9139999999999999]]
10	[[0.034229894132735264, 0.2773841392786001, 0.9601491309293217], [-0.1827544195208179, -0.9427759796974285, 0.2788803941677556], [0.9825625356654255, -0.18501754344446375, 0.018422055382213542]]	0.7526894376217121	0.24731056237828783	[[0.02576447976461925, 0.20878411179879217, 0.722694109392167], [-0.1375573212520069, -0.7096175219617163, 0.2099103270498494], [0.7395644423981727, -0.13926075072536412, 0.01386608650547435]]	0.8673835763212219	0.20408441980478398	[[0.009223292278976508, 0.2101282751910635, 0.7776167870497115], [-0.16855684673719598, -0.8234909698699783, 0.2575736476840234], [0.8066881160643252, -0.1437642911594556, 0.0]]	[[-0.020467155710972216, -0.030470171551192596, -0.055200799937476785], [-0.010038664744720024, -0.005742568930278989, 0.015677374024923516], [-0.045570490080399984, 0.016716887355570403, -0.015978988280612]]	0.3768017882744487	[[0.0, 0.0, 0.9139999999999999], [0.0, -1.0, 0.0], [0.9139999999999999, 0.0, 0.0]]
10	[[-0.30792515101507295, 0.09349718223056193, 0.9468053539599837], [0.3027085282091916, -0.9338174967034747, 0.1906631317268273], [0.9019698710720718, 0.34531602882779927, 0.2592434992682147]]	0.5967631598195773	0.40323684018042283	[[-0.1837583861076755, 0.055795673902136966, 0.5650185547632531], [0.18064529779845084, -0.5572678800275732, 0.1137807329503978], [0.5382623903230265, 0.20607188449962577, 0.15470696978598406]]	0.7947714601301468	0.3076083008523908	[[-0.17592293666400674, 0.07048001140816715, 0.7207364707923855], [0.2610670275679713, -0.8377912114531464, 0.13053962967795213], [0.6623395075312609, 0.24065652871605056, 0.10544292525583962]]	[[0.06880718521903872, -0.0038288806312709693, -0.03175740283343116], [0.020482928609304396, -0.09561971610304718, -0.02099398591756491], [-0.05452040389408981, -0.033790795721763335, -0.10059640918680804]]	0.48404929809939023	[[0.0, 0.0, 0.9139999999999999], [0.0, -1.0, 0.0], [0.9139999999999999, 0.0, 0.0]]
10	[[0.8787972042104137, -0.3840163418041313, 0.28327887866788265], [-0.395223040501579, -0.9183905790867732, -0.018907472103605397], [0.2674214316928388, -0.09534250611366366, -0.9588511794847616]]	0.5822097257350702	0.41779027426493004	[[0.5116442792400915, -0.22357804903956824, 0.1649277182557662], [-0.23010269801460487, -0.5346959271677824, -0.011008114147783589], [0.1556953584015675, -0.05550933433533037, -0.5582524822285717]]	0.7914638072965048	0.36697671109762614	[[0.5515769238396299, -0.23334013927931346, 0.22467959316529768], [-0.3455261993528014, -0.8468878652310109, -0.02411919297038909], [0.20176899966301845, -0.07546014288591052, -0.6398835530754718]]	[[-0.14395925724626812, 0.07059489666906019, 0.00047461332813062296], [-0.03272146698612095, -0.12001496092175157, -0.009154613112917109], [-0.009885384817277909, 0.0, 0.11901245207028174]]	0.513381891757807	[[0.9139999999999999, 0.0, 0.0], [0.0, -1.0, 0.0], [0.0, 0.0, -0.9139999999999999]]
10	[[-0.8305561570912853, 0.32773595720904825, 0.4502950280316503], [-0.5100865793185324, -0.772219296347621, -0.37879947194723407], [0.22358030216652452, -0.5443036842615101, 0.808545204538665]]	0.524332856910782	0.47566714308921804	[[-0.43548788267251387, 0.17184273075581002, 0.2361044785005558], [-0.26745515340593434, -0.40489994981558197, -0.19861700932238885], [0.11723049858394972, -0.2853963057959018, 0.42394681703727066]]	0.718483003839841	0.4285055923760622	[[-0.5056889093952153, 0.17352527396859557, 0.24151366525611057], [-0.43908480599765176, -0.6706781377235043, -0.26287018855805966], [0.1382899240635794, -0.3407733474869386, 0.47466417747920775]]	[[0.09105157320940625, -0.061947441033286976, -0.0820156590982149], [-0.07259626827048321, -0.11585169806057719, 0.009290793899534591], [-0.02234872303644443, 0.05029959858236358, -0.10626180981803078]]	0.5532931258982472	[[-0.4510409578730533, 0.3189341199049119, 0.31893411990491183], [-0.7071067811865475, -0.5000000000000001, -0.5], [0.0, -0.45104095787305326, 0.4510409578730533]]
10	[[-0.42203838922340475, -0.825029846081567, 0.3757783270710803], [0.2588054115689476, 0.28760896992378115, 0.9221175843470338], [-0.8688517462515349, 0.4864224845687207, 0.09214016247897017]]	0.5318198743768366	0.4681801256231633	[[-0.22444840313899364, -0.4387672691002399, 0.1998463826964797], [0.1376378614686432, 0.15295616625451672, 0.49040045786811165], [-0.4620726265435865, 0.2586891446374059, 0.04900196963462723]]	0.7375617782655344	0.41522671935135524	[[-0.21749622505142976, -0.4818161132874024, 0.2638227909150095], [0.2693934592853282, 0.23563396644354748, 0.8282093253713559], [-0.557346130011823, 0.28447274905275804, 0.023113362179924813]]	[[0.09378315980050636, 0.12669436711065843, -0.013336940233184144], [0.07850847970379168, 0.023504583141444796, 0.1480906400904388], [0.08348570900257413, -0.07429388365408704, -0.044845699907739685]]	0.5816639202847722	[[-0.34894323840799985, -0.3489432384079999, 0.49348026025498176], [0.5, 0.5000000000000001, 0.7071067811865475], [-0.49348026025498176, 0.4934802602549817, 0.0]]
10	[[-0.5446221603179724, 0.8109226453022452, -0.2139887049042392], [-0.8354447797583356, -0.5021691245819775, 0.22328947644507607], [0.07361197229480154, 0.30038414347728, 0.9509735242804028]]	0.5881959587070467	0.41180404129295334	[[-0.3203445537213326, 0.47698142279080846, -0.12586729143362826], [-0.4914052431767517, -0.2953738496665746, 0.13133796766680605], [0.043298264616257354, 0.17668473925301376, 0.5593587838191306]]	0.760556214369464	0.33959643593000743	[[-0.4338504600277675, 0.5835683056461411, -0.08301020504228339], [-0.7312069366507337, -0.3909218264068816, 0.10686794102387522], [0.06815402494078944, 0.08943787094722627, 0.69778345168289]]	[[-0.019634691514611235, -0.033183951611405894, 0.07974023427750916], [-0.09580421764300327, -0.008993978041585153, -0.06295625788973143], [0.012167981959985322, -0.13902115607246768, -0.02548537190940072]]	0.4404786680872276	[[-0.5907141765761169, 0.5907141765761169, 0.0], [-0.7071067811865475, -0.7071067811865476, 0.0], [0.0, 0.0, 0.8353959999999998]]
10	[[0.3802729664721569, 0.7767473726770865, -0.5020517802076895], [0.4287143634067757, 0.332951791095048, 0.839849450446521], [0.8195098935212374, -0.5346088512602871, -0.20639019011321075]]	0.5453396546280942	0.454660345371906	[[0.20737792820032694, 0.42359114394900194, -0.2737887444238813], [0.23379494287435432, 0.18157181476357884, 0.4580032092461005], [0.44691124229717794, -0.29154340630740716, -0.11255275499496507]]	0.7434502764999632	0.3965518195688074	[[0.2939932846389057, 0.4240674679206988, -0.3495693032028371], [0.4144544961919892, 0.31497112761297397, 0.7039581649380217], [0.5256055485873083, -0.3749497167783402, -0.04081957360461401]]	[[0.011279242569719444, -0.1534055810667011, 0.023681231609868434], [0.09572668417771613, 0.06743802646220252, 0.0795718587852133], [-0.08365930834551105, 0.022505381510448, 0.11262127030193249]]	0.46934633957459077	[[0.34894323840799985, 0.3489432384079999, -0.49348026025498176], [0.5, 0.5000000000000001, 0.7071067811865475], [0.49348026025498176, -0.4934802602549817, 0.0]]
10	[[0.04673222253661188, -0.9725397674033924, -0.22799671093185395], [-0.8377629715199755, -0.16246744520517667, 0.5213036857710898], [-0.5440306084466285, 0.16664552219444034, -0.8223502702654952]]	0.5286138350136164	0.4713861649863835	[[0.024703299373788165, -0.5140979761503577, -0.12052221573617822], [-0.44285309720757726, -0.08588253927477296, 0.27556834054218904], [-0.2875821062957634, 0.08809112857504983, -0.43470573008952734]]	0.698657174689269	0.4703705965723995	[[-0.0008041853453334014, -0.6998102624186542, -0.10787850963385284], [-0.6712847046913099, -0.1492565194552131, 0.280526362205057], [-0.24161215194113297, 0.01624445407090414, -0.5053368554716343]]	[[-0.03345398790971274, -0.020338376251641165, 0.05141302826424225], [-0.0859755939498773, -0.03574747320918083, -0.0836861980508751], [0.13847873590067247, -0.10018363564008143, 0.06920406095701319]]	0.49839540899973517	[[-0.08538006784510419, -0.49763150334107475, -0.2915057855930894], [-0.8535533905932738, -0.14644660940672602, 0.5], [-0.2915057855930894, 0.29150578559308943, -0.41225143549597065]]
10	[[0.5319609947059123, -0.8460851799387872, 0.03402011756955908], [-0.703274286200726, -0.4190807785627857, 0.5742617690636116], [-0.47161719485230363, -0.3294103357928521, -0.8179645788128509]]	0.5634586454113257	0.43654135458867427	[[0.2997380214886547, -0.4767340093909068, 0.019168929362477816], [-0.3962659766552781, -0.23613468780691094, 0.32357275850809414], [-0.2657367857641683, -0.18560910159033042, -0.46088921357233453]]	0.7061517267456794	0.48464064210180846	[[0.4265166052035445, -0.5477823254938325, 0.08102553546366752], [-0.5290117783468503, -0.34357972927243, 0.3286728380320329], [-0.24419943722534915, -0.11065909476928631, -0.4925264728868974]]	[[0.05087143023061532, 0.04968218529387099, 0.057002170697832394], [-0.03239342677037244, -0.04764511384439514, -0.07684310179626491], [0.08883385928255855, 0.12195458265871027, 0.08508062685859975]]	0.483577357678852	[[0.4510409578730533, -0.45104095787305326, 0.0], [-0.5, -0.5000000000000001, 0.7071067811865475], [-0.31893411990491183, -0.3189341199049119, -0.4510409578730533]]
