10	[[-0.5446221603179724, 0.8109226453022452, -0.2139887049042392], [-0.8354447797583356, -0.5021691245819775, 0.22328947644507607], [0.07361197229480154, 0.30038414347728, 0.9509735242804028]]	0.9433070084119494	0.05669299158805065	[[-0.5137459007643996, 0.7649490145935655, -0.2018570450571653], [-0.7880809158872155, -0.47369965462627267, 0.2106305280352751], [0.06943868936871256, 0.28335446775793877, 0.897059990267915]]	0.9433070084119496	0.056692991588050363	[[-0.5137459007643997, 0.7649490145935656, -0.2018570450571654], [-0.7880809158872157, -0.4736996546262727, 0.2106305280352751], [0.06943868936871254, 0.2833544677579388, 0.8970599902679154]]	[[0.0, 0.0, 0.0], [0.0, 0.0, 0.0], [0.0, 0.0, 0.0]]	0.1018297629348681	[[-0.4910725511798705, 0.838313282173735, -0.14383182018600632], [-0.8535533905932738, -0.45710678118654735, 0.25000000000000017], [0.14383182018600632, 0.2455362755899354, 0.940017737577664]]
10	[[-0.42203838922340475, -0.825029846081567, 0.3757783270710803], [0.2588054115689476, 0.28760896992378115, 0.9221175843470338], [-0.8688517462515349, 0.4864224845687207, 0.09214016247897017]]	0.9523256546650609	0.04767434533493924	[[-0.40191798531096673, -0.7856970882878426, 0.3578633413369079], [0.24646703300325856, 0.2738974005702087, 0.8781562321914536], [-0.8274298080558744, 0.4632326110607125, 0.08774744055373035]]	0.9523256546650608	0.047674345334939285	[[-0.40191798531096673, -0.7856970882878428, 0.3578633413369078], [0.24646703300325853, 0.2738974005702086, 0.8781562321914533], [-0.8274298080558742, 0.4632326110607124, 0.08774744055373032]]	[[0.0, 0.0, 0.0], [0.0, 0.0, 0.0], [0.0, 0.0, 0.0]]	0.15425432191092772	[[-0.44894518639779324, -0.8383132821737351, 0.2455362755899353], [0.25000000000000006, 0.1464466094067262, 0.9571067811865475], [-0.8383132821737351, 0.49107255117987036, 0.14383182018600632]]
10	[[0.08740825448676931, -0.06334395238859675, -0.994156597696443], [0.7119981850616444, -0.6940087028176986, 0.10681996481098455], [-0.6967197295301035, -0.717174639895393, -0.015561310176609944]]	0.9614639029390176	0.03853609706098263	[[0.0840398815079361, -0.06090292369112355, -0.9558456825537966], [0.6845605538948655, -0.6672643160847491, 0.10270354027897773], [-0.6698708704086299, -0.6895375283627089, -0.014961638017248053]]	0.9702112207314008	0.05008618543497145	[[0.07008057681262976, -0.056674916960396865, -0.9477467478371064], [0.6787132993807079, -0.6718741762235688, 0.09027791730650629], [-0.6821295764382961, -0.707878056677375, -0.009479232987794146]]	[[-0.014723892474979636, 0.004782096412495314, 0.016795138412135743], [-0.012075328906491711, 0.00146085453540658, -0.013360011151244293], [-0.006164277143243066, -0.01206717382686296, 0.005618524754834557]]	0.11148137056864353	[[0.0, 0.0, -0.9946097141679999], [0.7071067811865475, -0.7071067811865476, 0.0], [-0.7032952735222066, -0.7032952735222064, 0.0]]
10	[[-0.3195682178843842, -0.5708200961323295, -0.7563336379995778], [0.910087742671785, 0.03735879733279218, -0.41272826520656647], [0.2638493031197415, -0.8202248094963509, 0.507557688474819]]	0.9384149163780224	0.06158508362197774	[[-0.2998875824630481, -0.5356660927789147, -0.709754767657259], [0.8540399129360063, 0.03505805267503567, -0.38731036048066636], [0.24760012172351173, -0.7697111960146974, 0.4762997057871196]]	0.9384149163780223	0.061585083621977725	[[-0.299887582463048, -0.5356660927789147, -0.7097547676572593], [0.8540399129360062, 0.035058052675035686, -0.38731036048066636], [0.24760012172351167, -0.7697111960146976, 0.47629970578711955]]	[[0.0, 0.0, 0.0], [0.0, 0.0, 0.0], [0.0, 0.0, 0.0]]	0.22807714498610748	[[-0.49373391812350953, -0.49373391812350964, -0.6982452032138746], [0.8535533905932738, -0.14644660940672602, -0.5], [0.14461131651657247, -0.842856519730447, 0.49373391812350953]]
10	[[0.034229894132735264, 0.2773841392786001, 0.9601491309293217], [-0.1827544195208179, -0.9427759796974285, 0.2788803941677556], [0.9825625356654255, -0.18501754344446375, 0.018422055382213542]]	0.9470197482893633	0.05298025171063664	[[0.032416385725554504, 0.2626882577590815, 0.9092801882929373], [-0.17307204437337367, -0.8928274709863169, 0.2641052406875863], [0.9305061252044299, -0.17521526742189236, 0.017446050251036578]]	0.9470197482893634	0.052980251710636674	[[0.032416385725554504, 0.2626882577590816, 0.9092801882929373], [-0.1730720443733737, -0.8928274709863167, 0.26410524068758645], [0.9305061252044301, -0.17521526742189247, 0.017446050251036575]]	[[0.0, 0.0, 0.0], [0.0, 0.0, 0.0], [0.0, 0.0, 0.0]]	0.1511064936880978	[[-0.07204559215888905, 0.2758212992394926, 0.9417128206548427], [-0.2803300858899109, -0.9267766952966368, 0.25000000000000017], [0.9417128206548427, -0.24597903785807995, 0.14409118431777831]]
10	[[0.8787972042104137, -0.3840163418041313, 0.28327887866788265], [-0.395223040501579, -0.9183905790867732, -0.018907472103605397], [0.2674214316928388, -0.09534250611366366, -0.9588511794847616]]	0.922824672641508	0.07717532735849204	[[0.8109757422937476, -0.35437975491438695, 0.2614167384729423], [-0.36472157297125113, -0.8475134855027964, -0.017448281754488114], [0.24678309515926727, -0.08798441699316265, -0.884851525819949]]	0.9228246726415085	0.07717532735849161	[[0.8109757422937478, -0.354379754914387, 0.2614167384729425], [-0.3647215729712514, -0.8475134855027971, -0.017448281754488107], [0.2467830951592675, -0.08798441699316269, -0.8848515258199493]]	[[0.0, 0.0, 0.0], [0.0, 0.0, 0.0], [0.0, 0.0, 0.0]]	0.30837395122570255	[[0.6969883618480897, -0.4928451970708873, 0.4928451970708872], [-0.5, -0.8535533905932737, -0.14644660940672619], [0.4928451970708872, -0.14435101614684248, -0.8413393779949322]]
10	[[0.04673222253661188, -0.9725397674033924, -0.22799671093185395], [-0.8377629715199755, -0.16246744520517667, 0.5213036857710898], [-0.5440306084466285, 0.16664552219444034, -0.8223502702654952]]	0.9550757163971867	0.0449242836028133	[[0.04463281091798736, -0.9288491150775484, -0.21775412202944266], [-0.8001270701954765, -0.1551687116205548, 0.49788449114831745], [-0.5195904231041611, 0.1591590914942384, -0.7854067735032381]]	0.9550757163971867	0.044924283602813225	[[0.044632810917987355, -0.9288491150775484, -0.21775412202944275], [-0.8001270701954766, -0.1551687116205548, 0.4978844911483174], [-0.5195904231041613, 0.15915909149423837, -0.7854067735032381]]	[[0.0, 0.0, 0.0], [0.0, 0.0, 0.0], [0.0, 0.0, 0.0]]	0.12139473190602408	[[0.14409118431777831, -0.9417128206548427, -0.24597903785807979], [-0.8535533905932738, -0.2500000000000001, 0.4571067811865474], [-0.49195807571615957, 0.14409118431777815, -0.8398249671145412]]
10	[[0.8489524140446696, -0.5135124485683378, 0.12483895166604869], [0.522794976890395, 0.7815435453534784, -0.34040431673891397], [0.0772347773085365, 0.35425224329800037, 0.9319550081910795]]	0.9346619107317876	0.06533808926821251	[[0.7934834854313544, -0.4799605263634415, 0.11668221309794236], [0.4886365520213574, 0.7304789834201778, -0.318162949104542], [0.07218840453414084, 0.33110607860193114, 0.871062848671933]]	0.9346619107317875	0.06533808926821252	[[0.7934834854313547, -0.47996052636344133, 0.11668221309794236], [0.48863655202135725, 0.7304789834201775, -0.318162949104542], [0.07218840453414084, 0.33110607860193114, 0.8710628486719331]]	[[0.0, 0.0, 0.0], [0.0, 0.0, 0.0], [0.0, 0.0, 0.0]]	0.32152188764889045	[[0.940017737577664, -0.2455362755899354, 0.14383182018600632], [0.2803300858899109, 0.9267766952966368, -0.25000000000000017], [-0.07191591009300305, 0.2753248209008615, 0.940017737577664]]
10	[[-0.30792515101507295, 0.09349718223056193, 0.9468053539599837], [0.3027085282091916, -0.9338174967034747, 0.1906631317268273], [0.9019698710720718, 0.34531602882779927, 0.2592434992682147]]	0.9470666231460744	0.05293337685392553	[[-0.2916256329535902, 0.08854806064877141, 0.8966877493515055], [0.28668514360859726, -0.8843873832376803, 0.18057068832298148], [0.8542255599757272, 0.3270372853401564, 0.2455208654245199]]	0.9470666231460747	0.05293337685392544	[[-0.2916256329535902, 0.08854806064877146, 0.8966877493515056], [0.28668514360859754, -0.8843873832376805, 0.18057068832298145], [0.8542255599757272, 0.3270372853401565, 0.24552086542452004]]	[[0.0, 0.0, 0.0], [0.0, 0.0, 0.0], [0.0, 0.0, 0.0]]	0.2057959983197054	[[-0.2455362755899354, 0.14383182018600635, 0.940017737577664], [0.4571067811865472, -0.8535533905932738, 0.25000000000000017], [0.8383132821737351, 0.49107255117987036, 0.14383182018600632]]
10	[[-0.8305561570912853, 0.32773595720904825, 0.4502950280316503], [-0.5100865793185324, -0.772219296347621, -0.37879947194723407], [0.22358030216652452, -0.5443036842615101, 0.808545204538665]]	0.9579723904241662	0.042027609575833805	[[-0.7956498671902478, 0.31396199835550426, 0.431370204399597], [-0.4886488597130606, -0.739764765253798, -0.3628794356327037], [0.21418375651822294, -0.5214279015286796, 0.7745639823579014]]	0.9579723904241662	0.04202760957583393	[[-0.7956498671902478, 0.3139619983555042, 0.4313702043995968], [-0.4886488597130605, -0.739764765253798, -0.36287943563270364], [0.21418375651822286, -0.5214279015286793, 0.7745639823579012]]	[[0.0, 0.0, 0.0], [0.0, 0.0, 0.0], [0.0, 0.0, 0.0]]	0.15537124717366027	[[-0.7663973720807319, 0.41915664108686757, 0.44894518639779346], [-0.573223304703363, -0.7803300858899106, -0.2499999999999999], [0.2455362755899353, -0.4489451863977934, 0.8383132821737351]]
10	[[0.3802729664721569, 0.7767473726770865, -0.5020517802076895], [0.4287143634067757, 0.332951791095048, 0.839849450446521], [0.8195098935212374, -0.5346088512602871, -0.20639019011321075]]	0.9501243434158745	0.04987565658412582	[[0.36130660258816494, 0.7380065874648223, -0.47701161803060194], [0.40733195304481734, 0.3163456019033219, 0.7979614076736835], [0.7786362995046786, -0.5079448837879951, -0.19609634386879182]]	0.9501243434158744	0.049875656584125856	[[0.3613066025881649, 0.7380065874648221, -0.4770116180306019], [0.4073319530448173, 0.3163456019033219, 0.7979614076736836], [0.7786362995046787, -0.5079448837879951, -0.19609634386879182]]	[[0.0, 0.0, 0.0], [0.0, 0.0, 0.0], [0.0, 0.0, 0.0]]	0.15390692865261718	[[0.24553627558993524, 0.766397372080732, -0.5629884612728735], [0.4571067811865474, 0.42677669529663675, 0.7803300858899108], [0.8383132821737351, -0.4489451863977934, -0.2455362755899353]]
10	[[0.22433838825039393, -0.7661379269479729, -0.6022499185961573], [-0.9416906372873723, -0.011392912655017143, -0.3362869982418849], [0.2507808429735371, 0.642575192824231, -0.724020780340167]]	0.9355356121283979	0.06446438787160218	[[0.20987655137573047, -0.7167493144620536, -0.5634262462481339], [-0.8809851267902232, -0.010658475514636799, -0.31460846275104326], [0.23461440944132364, 0.6011519763573402, -0.6773472239292184]]	0.9355356121283978	0.06446438787160227	[[0.20987655137573039, -0.7167493144620538, -0.5634262462481336], [-0.8809851267902229, -0.010658475514636803, -0.31460846275104315], [0.23461440944132358, 0.6011519763573403, -0.6773472239292184]]	[[0.0, 0.0, 0.0], [0.0, 0.0, 0.0], [0.0, 0.0, 0.0]]	0.2913923022207972	[[0.14487208627186182, -0.8443763972454887, -0.49462424175867514], [-0.8535533905932738, 0.14644660940672602, -0.5], [0.49462424175867514, 0.49462424175867525, -0.6995043109736272]]
10	[[0.5319609947059123, -0.8460851799387872, 0.03402011756955908], [-0.703274286200726, -0.4190807785627857, 0.5742617690636116], [-0.47161719485230363, -0.3294103357928521, -0.8179645788128509]]	0.9473344396318464	0.05266556036815368	[[0.5039449708257251, -0.8015256298181209, 0.03222842901396779], [-0.6662359518254514, -0.3970096545202545, 0.5440179511978692], [-0.4467792110061505, -0.3120617558672599, -0.7748860159083713]]	0.9473344396318465	0.05266556036815354	[[0.5039449708257251, -0.8015256298181208, 0.03222842901396779], [-0.6662359518254517, -0.3970096545202546, 0.5440179511978693], [-0.4467792110061505, -0.31206175586726004, -0.7748860159083716]]	[[0.0, 0.0, 0.0], [0.0, 0.0, 0.0], [0.0, 0.0, 0.0]]	0.20343795959874494	[[0.4910725511798704, -0.8383132821737351, -0.14383182018600604], [-0.7071067811865477, -0.49999999999999983, 0.49999999999999994], [-0.4910725511798705, -0.14383182018600615, -0.8383132821737351]]
10	[[0.8592155572171323, 0.2624339665249735, -0.4391776855101157], [-0.4266000482917053, 0.8413623931712975, -0.33184593135155627], [0.2824199444684594, 0.4724804086637203, 0.8348660002631537]]	0.9589969093482891	0.04100309065171111	[[0.8239850638351978, 0.25167336280546193, -0.42117004305893585], [-0.40910812783957623, 0.8068639346931541, -0.318239222545947], [0.270839853883568, 0.4531072516361244, 0.8006339139723324]]	0.958996909348289	0.041003090651711004	[[0.8239850638351979, 0.2516733628054619, -0.42117004305893596], [-0.40910812783957606, 0.8068639346931543, -0.31823922254594694], [0.270839853883568, 0.45310725163612436, 0.8006339139723322]]	[[0.0, 0.0, 0.0], [0.0, 0.0, 0.0], [0.0, 0.0, 0.0]]	0.19028407293796457	[[0.7677793749556521, 0.4199124835572706, -0.4497547449386831], [-0.573223304703363, 0.7803300858899106, -0.2499999999999999], [0.24597903785807984, 0.44975474493868306, 0.8398249671145412]]
