10	[[-0.30792515101507295, 0.09349718223056193, 0.9468053539599837], [0.3027085282091916, -0.9338174967034747, 0.1906631317268273], [0.9019698710720718, 0.34531602882779927, 0.2592434992682147]]	0.648153022679701	0.3518469773202989	[[-0.199582617389523, 0.06060048127477355, 0.6136747520584878], [0.19620144754971108, -0.605256633119549, 0.12357888514232114], [0.5846144983013837, 0.2238176278644889, 0.16802945766075625]]	0.8144763613568144	0.2945752501981589	[[-0.21477731341707929, 0.07027231153039294, 0.7185650905434013], [0.2512072590130095, -0.8459720179621028, 0.12064918420784142], [0.6581829417412256, 0.24515545858903187, 0.14450500188668636]]	[[0.03602044315192497, -0.0058789332498701535, -0.05258548906307707], [0.004658318405510535, -0.08539974107572759, -0.03464142956591988], [-0.07645019690303051, -0.03609628408881901, -0.06664270010269716]]	0.47816909184973005	[[0.0, 0.0, 0.9374], [0.0, -1.0, 0.0], [0.9374, 0.0, 0.0]]
10	[[-0.5446221603179724, 0.8109226453022452, -0.2139887049042392], [-0.8354447797583356, -0.5021691245819775, 0.22328947644507607], [0.07361197229480154, 0.30038414347728, 0.9509735242804028]]	0.6521407221157385	0.3478592778842616	[[-0.35517028890999597, 0.5288356794874111, -0.13955074854086225], [-0.5448275619594252, -0.32748493552911906, 0.14561616040973707], [0.048005364768695616, 0.19589273223939097, 0.6201685608371705]]	0.7893761362747653	0.30853090869460637	[[-0.4653433416188274, 0.6053959804744854, -0.10147302348990496], [-0.7341107356261876, -0.40312332661260875, 0.09891011518191095], [0.07285241121543888, 0.1049937272708858, 0.7267534157727615]]	[[-0.035431604977410505, -0.03472700409191298, 0.06744455359384435], [-0.07463056330963024, -0.006723003293606135, -0.07734926900511845], [0.014744876941803379, -0.13212234730541425, -0.023922390523299534]]	0.4215275395034805	[[-0.6213479939518345, 0.6213479939518344, 0.0], [-0.7071067811865475, -0.7071067811865476, 0.0], [0.0, 0.0, 0.87871876]]
10	[[0.8592155572171323, 0.2624339665249735, -0.4391776855101157], [-0.4266000482917053, 0.8413623931712975, -0.33184593135155627], [0.2824199444684594, 0.4724804086637203, 0.8348660002631537]]	0.6070410823533618	0.3929589176466381	[[0.521579141827935, 0.1593081990856059, -0.266598897557505], [-0.25896375504699315, 0.5107415378021193, -0.20144411334220816], [0.17144050876831, 0.28681501866598347, 0.506797960419767]]	0.7608422952868127	0.4251509428118768	[[0.4918785874596555, 0.19907257724103594, -0.29136657100790964], [-0.3548628888351287, 0.7488957023086946, -0.2513565122213918], [0.24274798712095552, 0.3244207600010221, 0.48857625402860205]]	[[-0.1618489492395653, -0.0005982842110475181, 0.04277838727435685], [-0.03028752892340246, 0.10875160792023893, 0.0011259078697162849], [0.02787094833679864, -0.03506231860473415, -0.1466251098685366]]	0.4926006261378567	[[0.4361168777947946, 0.23852024064417304, -0.25547135223238093], [-0.573223304703363, 0.7803300858899106, -0.2499999999999999], [0.13972192206886222, 0.25547135223238093, 0.4770404812883461]]
10	[[0.5319609947059123, -0.8460851799387872, 0.03402011756955908], [-0.703274286200726, -0.4190807785627857, 0.5742617690636116], [-0.47161719485230363, -0.3294103357928521, -0.8179645788128509]]	0.6245808225967878	0.37541917740321223	[[0.3322526356628242, -0.5284485776731189, 0.021248313016434654], [-0.43925163218641816, -0.26174981740924697, 0.35867288810763714], [-0.29456305551164125, -0.2057433785013837, -0.5108849894899654]]	0.7402440949794133	0.34597835364416785	[[0.4115334391494613, -0.559592613066592, 0.03391399909254147], [-0.6042096710408558, -0.37551362708924146, 0.5638577318343437], [-0.2818477227646548, -0.30646197998279134, -0.555128271965492]]	[[0.017752454059034695, 0.06671694523268965, 0.00873080795116997], [-0.0836150335299064, -0.06529155543876418, 0.13876384831257385], [0.06726412081551836, -0.0626179240869469, 0.050365177403043894]]	0.42381576587222236	[[0.5118111560866009, -0.5118111560866008, 0.0], [-0.5, -0.5000000000000001, 0.7071067811865475], [-0.36190513915576195, -0.361905139155762, -0.5118111560866009]]
10	[[0.22433838825039393, -0.7661379269479729, -0.6022499185961573], [-0.9416906372873723, -0.011392912655017143, -0.3362869982418849], [0.2507808429735371, 0.642575192824231, -0.724020780340167]]	0.5745137947887439	0.42548620521125613	[[0.1288854987505243, -0.4401568077424613, -0.3460008861438904], [-0.5410142615449989, -0.006545385483130599, -0.1932015194980609], [0.14407705375704688, 0.3691683124665578, -0.4159599260191369]]	0.7245088869441226	0.45587993454700854	[[0.2006529003649085, -0.46851408817092255, -0.34507824631566525], [-0.8134094078945882, 0.04342556496336364, -0.20457805006695098], [0.15796425789992394, 0.34507824631566525, -0.39366298293164104]]	[[0.03811774439477708, 0.08655964852783081, 0.09125717186862517], [-0.1311461724278124, 0.05167983143010174, 0.03906486872305715], [-0.023728691509742272, -0.12047319141532338, 0.13089650675702844]]	0.4525798923658663	[[0.09936398858682156, -0.579135766302401, -0.3392498774446112], [-0.8535533905932738, 0.14644660940672602, -0.5], [0.3392498774446112, 0.33924987744461127, -0.47977177771557966]]
10	[[-0.8305561570912853, 0.32773595720904825, 0.4502950280316503], [-0.5100865793185324, -0.772219296347621, -0.37879947194723407], [0.22358030216652452, -0.5443036842615101, 0.808545204538665]]	0.5882870638258296	0.41171293617417015	[[-0.48860544299769676, 0.19280282397665877, 0.26490273989610924], [-0.30007733604426057, -0.4542866224779902, -0.22284282913061298], [0.1315293994908365, -0.3202068162437852, 0.4756566843485062]]	0.749576710855609	0.3968658021080925	[[-0.5406248567707065, 0.21976502883002114, 0.23348425099885217], [-0.4562337608935831, -0.676085994026728, -0.25759737542771527], [0.13878104888626047, -0.35310028886230116, 0.5274642892448047]]	[[0.08194069564265387, -0.025898212003851874, -0.10404641502774646], [-0.07388474051640888, -0.09724839381124566, 0.026341886828333966], [-0.028809538623826205, 0.05489707649303155, -0.0786023657513634]]	0.49946184693746937	[[-0.5118111560866009, 0.361905139155762, 0.36190513915576195], [-0.7071067811865475, -0.5000000000000001, -0.5], [0.0, -0.5118111560866008, 0.5118111560866009]]
10	[[0.08740825448676931, -0.06334395238859675, -0.994156597696443], [0.7119981850616444, -0.6940087028176986, 0.10681996481098455], [-0.6967197295301035, -0.717174639895393, -0.015561310176609944]]	0.6925826511806715	0.3074173488193286	[[0.06053744062752152, -0.043870922481556565, -0.6885356121213589], [0.4931175906458201, -0.4806583873399403, 0.07398165442781772], [-0.4825359974078395, -0.4967027134582946, -0.01077749345796128]]	0.873649302084102	0.21038580002572324	[[0.05037500207257904, -0.05037500207257906, -0.7875892155955629], [0.6786003082811257, -0.6653651923640255, 0.09226357491677166], [-0.5656859227776397, -0.5764724586312974, 0.0]]	[[-0.025989158456176557, 0.004965397722967076, 0.08095500214423991], [0.05656359081687289, -0.05904497350704989, -0.0010596127889933252], [0.04300278267455966, 0.05008666498572986, 0.013595127775309513]]	0.22406773290794924	[[0.0, 0.0, -0.823710965624], [0.7071067811865475, -0.7071067811865476, 0.0], [-0.5824516095304496, -0.5824516095304495, 0.0]]
10	[[0.034229894132735264, 0.2773841392786001, 0.9601491309293217], [-0.1827544195208179, -0.9427759796974285, 0.2788803941677556], [0.9825625356654255, -0.18501754344446375, 0.018422055382213542]]	0.8022636113228889	0.19773638867711107	[[0.027461398482128363, 0.22253520130134097, 0.7702927091878913], [-0.14661722058998966, -0.7563548621405337, 0.2237355921521744], [0.7882741682135191, -0.148432842561845, 0.014779344678924899]]	0.8879205378443745	0.17189953567425778	[[0.009162628477879223, 0.22014881174075585, 0.8092425532182917], [-0.1670691842726089, -0.8248262114204796, 0.25583775188834657], [0.8398752490859546, -0.1499902269075176, 0.0]]	[[-0.021230797530815075, -0.026146262396997674, -0.043293579527280496], [-0.004797781798247807, 0.0122839435392182, 0.008214122304661797], [-0.032562206047822534, 0.014290649778335577, -0.016357321323173905]]	0.3658100667898919	[[0.0, 0.0, 0.9374], [0.0, -1.0, 0.0], [0.9374, 0.0, 0.0]]
10	[[0.8489524140446696, -0.5135124485683378, 0.12483895166604869], [0.522794976890395, 0.7815435453534784, -0.34040431673891397], [0.0772347773085365, 0.35425224329800037, 0.9319550081910795]]	0.7120623321650386	0.2879376678349615	[[0.6045070358417869, -0.36565287172335, 0.08889311506836514], [0.3722626104887422, 0.5565077195929303, -0.24238909165615757], [0.05499597565456391, 0.2522496785374708, 0.6636100566054276]]	0.8618895418782048	0.23138792178592446	[[0.6852709838167654, -0.4296796007028726, 0.054127095735203266], [0.4950216217301175, 0.6661490438340398, -0.3109658844569691], [0.022223325730857668, 0.26364753952922393, 0.759517536894732]]	[[-0.046432223400590826, 0.012911408342447334, -0.05347029112480281], [0.044430098601828415, -0.007455164428537529, -0.01757496384950324], [-0.04434452110066203, -0.041678764156216, -0.04372473816617623]]	0.4480293243366076	[[0.6628418966842697, -0.6628418966842696, 0.0], [0.7071067811865475, 0.7071067811865476, 0.0], [0.0, 0.0, 0.9374]]
10	[[-0.42203838922340475, -0.825029846081567, 0.3757783270710803], [0.2588054115689476, 0.28760896992378115, 0.9221175843470338], [-0.8688517462515349, 0.4864224845687207, 0.09214016247897017]]	0.600049793774172	0.39995020622582805	[[-0.25324404841828774, -0.4950589889987812, 0.2254857076638051], [0.15529613383958668, 0.17257970309036696, 0.5533164663229752], [-0.5213543111585627, 0.29187771155258124, 0.05528868549382474]]	0.7827455223077378	0.3568515620556262	[[-0.24637186294314897, -0.5257747962327887, 0.29412039556017877], [0.2693458861919184, 0.23891189840645646, 0.8256969943589448], [-0.6140596736919265, 0.3249229279673809, 0.023499501993945807]]	[[0.08397679646344125, 0.12001362155780018, -1.8407335001942218e-05], [0.06676710913731343, 0.013787265023075855, 0.10391358417007643], [0.06603014023572137, -0.05582209377858982, -0.048622797611175515]]	0.5079437155949392	[[-0.23947884558263377, -0.4471777471596956, 0.13097532974735143], [0.25000000000000006, 0.1464466094067262, 0.9571067811865475], [-0.4471777471596956, 0.26195065949470275, 0.07672357182971026]]
10	[[0.8787972042104137, -0.3840163418041313, 0.28327887866788265], [-0.395223040501579, -0.9183905790867732, -0.018907472103605397], [0.2674214316928388, -0.09534250611366366, -0.9588511794847616]]	0.624620604419092	0.37537939558090805	[[0.548914840855717, -0.23986451952450505, 0.1769418244126955], [-0.24686445443844748, -0.5736456786019802, -0.01180999665339108], [0.1670369362985999, -0.05955289379554757, -0.598918203277731]]	0.8108604179260177	0.30003011984303984	[[0.6390070718497951, -0.26395247358523294, 0.1597248314708751], [-0.3215838928749045, -0.8535794334890333, -0.03190662460622307], [0.15200831198472659, -0.046666275607541906, -0.7367264814547887]]	[[-0.07357479642847693, 0.0474311778204855, -0.06997479847537785], [-0.0011131730798027706, -0.1088928647114151, -0.016575303874369084], [-0.06483314188010267, 0.030643188745897307, 0.0407679866710803]]	0.4961889561879288	[[0.4215844615972298, -0.2981052316382808, 0.29810523163828073], [-0.5, -0.8535533905932737, -0.14644660940672619], [0.29810523163828073, -0.0873130008396659, -0.5088974624368957]]
10	[[0.3802729664721569, 0.7767473726770865, -0.5020517802076895], [0.4287143634067757, 0.332951791095048, 0.839849450446521], [0.8195098935212374, -0.5346088512602871, -0.20639019011321075]]	0.6084306989949712	0.391569301005029	[[0.23136974679954564, 0.47259694690042714, -0.30546371556343416], [0.26084297979676857, 0.2025780909875876, 0.5109901881857192], [0.4986149773484208, -0.3252724370611951, -0.1255741276362858]]	0.7830411462209539	0.3341338991685907	[[0.3412392221568834, 0.4855909734828666, -0.38975836861870117], [0.4046802565540268, 0.30917580226417923, 0.7233845539013785], [0.5577877788030524, -0.4134360274770692, -0.059341501086461454]]	[[0.0434698426136833, -0.12263417954231352, 0.0033688328173983977], [0.0689792700305985, 0.048460850128793274, 0.06574787757069646], [-0.08392218755922928, 0.005184700193653425, 0.1022705099485477]]	0.4302511840782774	[[0.3860733295879687, 0.3860733295879688, -0.5459901387738434], [0.5, 0.5000000000000001, 0.7071067811865475], [0.5459901387738434, -0.5459901387738434, 0.0]]
10	[[-0.3195682178843842, -0.5708200961323295, -0.7563336379995778], [0.910087742671785, 0.03735879733279218, -0.41272826520656647], [0.2638493031197415, -0.8202248094963509, 0.507557688474819]]	0.5909225983950444	0.4090774016049557	[[-0.18884008167671404, -0.3373104944226252, -0.44693463862028737], [0.5377914136670916, 0.02207615759280739, -0.24389045890694308], [0.15591451578423926, -0.48468937569566384, 0.29992730810892243]]	0.7123871816279674	0.4619767794494993	[[-0.24153550791624143, -0.3937951107757607, -0.41677760768370853], [0.7876122745863535, 0.016176419052153113, -0.2190882175756787], [0.16916823526587121, -0.41677760768370853, 0.3246741586834707]]	[[-0.01387920583971277, 0.012849808724555021, 0.12202478106123812], [0.13927743255024166, -0.010437509288765127, 0.07493410805302746], [-0.018794626158104625, 0.16754003265473344, -0.03690343252271146]]	0.44922903120410057	[[-0.3180128351165786, -0.31801283511657863, -0.4497380644305844], [0.8535533905932738, -0.14644660940672602, -0.5], [0.09314380290128654, -0.5428818673318708, 0.3180128351165786]]
10	[[0.04673222253661188, -0.9725397674033924, -0.22799671093185395], [-0.8377629715199755, -0.16246744520517667, 0.5213036857710898], [-0.5440306084466285, 0.16664552219444034, -0.8223502702654952]]	0.5762549232057989	0.4237450767942012	[[0.026929673309071603, -0.5604308289796273, -0.13138422714921025], [-0.4827650368179053, -0.09362266516015144, 0.3004038154109192], [-0.3135003164920159, 0.09603030259474746, -0.47388339184011086]]	0.7329840832640362	0.43027363679552194	[[-0.01121525537405018, -0.756547244793233, -0.12240918732202134], [-0.6798276927492319, -0.14702445196251082, 0.2760210503180549], [-0.2609687157882308, 0.022076504491414968, -0.5454242930225885]]	[[-0.045469230668939674, -0.043691074945238204, 0.044708772827579076], [-0.06576076907710794, -0.02793840057854427, -0.10608625389903054], [0.13779706101159697, -0.10007201082433348, 0.05734536594989795]]	0.43573162972562524	[[-0.09936398858682156, -0.579135766302401, -0.3392498774446112], [-0.8535533905932738, -0.14644660940672602, 0.5], [-0.3392498774446112, 0.33924987744461127, -0.47977177771557966]]
