10	[[0.034229894132735264, 0.2773841392786001, 0.9601491309293217], [-0.1827544195208179, -0.9427759796974285, 0.2788803941677556], [0.9825625356654255, -0.18501754344446375, 0.018422055382213542]]	0.8396151517730944	0.16038484822690577	[[0.028739937757433495, 0.23289592619985097, 0.806155758290027], [-0.15344337968317526, -0.7915689972816843, 0.23415220447570054], [0.8249743925092826, -0.15534353281980848, 0.015467436825709575]]	0.9033934494375923	0.14688845744276668	[[0.009103886092068027, 0.2282114133870674, 0.8343646382946013], [-0.16596622159849198, -0.8258016643624699, 0.25458576284045353], [0.866264619593969, -0.15496899898432, 0.0]]	[[-0.021819176042387277, -0.022375601015104662, -0.03302779707014524], [-0.0008670761476154299, 0.025895979983295556, 0.0026470415727293728], [-0.02137593878896706, 0.012174637794443678, -0.01664236415746825]]	0.35745332836435123	[[0.0, 0.0, 0.9558], [0.0, -1.0, 0.0], [0.9558, 0.0, 0.0]]
10	[[0.3802729664721569, 0.7767473726770865, -0.5020517802076895], [0.4287143634067757, 0.332951791095048, 0.839849450446521], [0.8195098935212374, -0.5346088512602871, -0.20639019011321075]]	0.6709812997613245	0.32901870023867574	[[0.2551560493075824, 0.5211829617050653, -0.3368673560312423], [0.28765932078502726, 0.22340442554681622, 0.5635232758644408], [0.5498758135221444, -0.35871254188253604, -0.13848395802014904]]	0.814330560879405	0.2946190159089725	[[0.3468759616605432, 0.533278700033199, -0.41546645826759326], [0.40780808288161907, 0.29620845449796795, 0.7148854762610131], [0.6039898849379535, -0.41758714656529766, -0.07209112502177728]]	[[0.03720806358599654, -0.09925042362053703, -0.006630350500561787], [0.05869287487152233, 0.025075635709735093, 0.03097040222463746], [-0.06336206629941714, 0.01776117913258633, 0.09597871425312066]]	0.3982109984335143	[[0.1590780543270023, 0.49653356718475844, -0.36474899202842154], [0.4571067811865474, 0.42677669529663675, 0.7803300858899108], [0.5431264505591754, -0.290862629483339, -0.15907805432700234]]
10	[[-0.42203838922340475, -0.825029846081567, 0.3757783270710803], [0.2588054115689476, 0.28760896992378115, 0.9221175843470338], [-0.8688517462515349, 0.4864224845687207, 0.09214016247897017]]	0.6619204163352558	0.33807958366474433	[[-0.2793558263042168, -0.5461040992073227, 0.24873534670465533], [0.17130858577553507, 0.1903742491137033, 0.6103684553410489], [-0.5751107096124299, 0.32197297350055715, 0.06098945470927804]]	0.81475508210601	0.3062373486426551	[[-0.26146454057389973, -0.5731157125833497, 0.3120044384881552], [0.2643489986501116, 0.23569532248479952, 0.8283484851877639], [-0.6674094961624961, 0.3458529070513274, 0.02391379230793208]]	[[0.08239338188970366, 0.09908154740074632, 0.005837136761698069], [0.05348597429777386, 0.0013644525801241193, 0.07704849704170093], [0.04049187969262342, -0.05046228430167016, -0.05115787333788237]]	0.40642334766292554	[[-0.2908626294833389, -0.5431264505591754, 0.15907805432700234], [0.25000000000000006, 0.1464466094067262, 0.9571067811865475], [-0.5431264505591754, 0.3181561086540045, 0.09318576674883404]]
10	[[-0.30792515101507295, 0.09349718223056193, 0.9468053539599837], [0.3027085282091916, -0.9338174967034747, 0.1906631317268273], [0.9019698710720718, 0.34531602882779927, 0.2592434992682147]]	0.7157006291650444	0.28429937083495577	[[-0.22038222431722898, 0.06691599214757199, 0.677629187525993], [0.21664868409294297, -0.6683337699160035, 0.1364577233354681], [0.6455404042141958, 0.2471428990928306, 0.185540735533209]]	0.8301134054887417	0.2810229972257019	[[-0.23505757362708934, 0.07317472173257991, 0.727447725051786], [0.24709826114361794, -0.8485578389767044, 0.11851545791391234], [0.6656558000001787, 0.25266358740182404, 0.16188285189450943]]	[[0.02055522211766792, -0.004438542612433286, -0.058508091658909404], [-0.0041841460785988945, -0.07338341668321124, -0.03975656366499282], [-0.08308148132370013, -0.033987877258268885, -0.0533186521338464]]	0.42157373077459587	[[-0.3328689146829929, 0.09749504786444228, 0.5682427815015436], [0.14644660940672619, -0.9571067811865475, 0.2499999999999999], [0.5682427815015436, 0.16643445734149642, 0.3043132762956048]]
10	[[-0.5446221603179724, 0.8109226453022452, -0.2139887049042392], [-0.8354447797583356, -0.5021691245819775, 0.22328947644507607], [0.07361197229480154, 0.30038414347728, 0.9509735242804028]]	0.7107179095146202	0.28928209048537973	[[-0.38707272325652575, 0.5763372472472778, -0.15208560500928184], [-0.5937655673847466, -0.35690059044569, 0.1586958299156585], [0.052317347064609485, 0.21348839050351218, 0.6758739151803189]]	0.8109638569155213	0.28203970081856616	[[-0.48500037905860793, 0.6231018785050122, -0.11543163386942817], [-0.7353792626096672, -0.4067640115383698, 0.09613356712585383], [0.07555398585197594, 0.12010882480625676, 0.7503789833350467]]	[[-0.04333149136548176, -0.034527077589433845, 0.05810547159607099], [-0.05786374177690929, 0.0004769985565215018, -0.0849461279006925], [0.015857336884625206, -0.12349185874434354, -0.020826173739934926]]	0.3760400550523638	[[-0.3181561086540046, 0.5431264505591754, -0.09318576674883404], [-0.8535533905932738, -0.45710678118654735, 0.25000000000000017], [0.09318576674883404, 0.15907805432700242, 0.6090187381373438]]
10	[[-0.3195682178843842, -0.5708200961323295, -0.7563336379995778], [0.910087742671785, 0.03735879733279218, -0.41272826520656647], [0.2638493031197415, -0.8202248094963509, 0.507557688474819]]	0.6672508516332322	0.33274914836676794	[[-0.21323216553826962, -0.38088019527366035, -0.5046642640740789], [0.6072568213587143, 0.02492768933629893, -0.27539328645218797], [0.17605367220948231, -0.5472957026671459, 0.3386682998878177]]	0.7427928706394776	0.2863561651958166	[[-0.2873743944178038, -0.43876533127553674, -0.5373330798152682], [0.7593711510351255, 0.01406792448775182, -0.34204636278390155], [0.19084671516969542, -0.5740963273009728, 0.3832496121312775]]	[[-0.05000140049032002, -0.01476423345070111, 0.024466154315637645], [0.08336446412214812, -0.0136819238267114, -0.0354747498770644], [-0.005138666110843033, 0.03516081351454041, 0.006239379693928973]]	0.3788235414640144	[[-0.36436712646998254, -0.3643671264699826, -0.5152929319367622], [0.8535533905932738, -0.14644660940672602, -0.5], [0.10672066050160163, -0.6220135924383636, 0.36436712646998254]]
10	[[0.8489524140446696, -0.5135124485683378, 0.12483895166604869], [0.522794976890395, 0.7815435453534784, -0.34040431673891397], [0.0772347773085365, 0.35425224329800037, 0.9319550081910795]]	0.7567591420173473	0.24324085798265282	[[0.6424525004659998, -0.3886052399938024, 0.0944730179531441], [0.3956298781625542, 0.5914402228308939, -0.2576040786743418], [0.05844812380990897, 0.2680836236959153, 0.7052654723974512]]	0.8805900603612588	0.19954204763577385	[[0.7132586996665666, -0.4555396623364044, 0.05374102359766334], [0.5049173926560887, 0.6689222075478358, -0.2943751040824709], [0.023195354225217117, 0.2656911362060224, 0.7971373423070965]]	[[-0.034320357860865125, -0.003345704255354165, -0.056190916385378736], [0.04454933239961281, -0.019297270229935923, 0.005381553741882313], [-0.04481682298689541, -0.046259868102875024, -0.023532974609863345]]	0.4414445792410158	[[0.6758526614581022, -0.6758526614581021, 0.0], [0.7071067811865475, 0.7071067811865476, 0.0], [0.0, 0.0, 0.9558]]
10	[[0.8787972042104137, -0.3840163418041313, 0.28327887866788265], [-0.395223040501579, -0.9183905790867732, -0.018907472103605397], [0.2674214316928388, -0.09534250611366366, -0.9588511794847616]]	0.684502628778309	0.31549737122169097	[[0.6015389964450567, -0.2628601954587575, 0.19390513712553734], [-0.270531210177087, -0.6286407656301298, -0.012942214358470427], [0.1830506729854072, -0.06526219606911476, -0.6563361529645015]]	0.8274386666826896	0.281944987648138	[[0.6552506059107852, -0.2678582040766083, 0.168619098827689], [-0.31757661484528427, -0.8545474806749148, -0.03357682999067122], [0.1593966055316554, -0.05293930365181805, -0.7534954225730796]]	[[-0.07190018102555473, 0.04989176577016601, -0.06577679883663122], [0.009446210829620893, -0.094635604421412, -0.01793205648292382], [-0.06187822735064304, 0.025950772485057984, 0.03989511892691578]]	0.4262976843453768	[[0.4925169843451573, -0.34826209948000936, 0.3482620994800093], [-0.5, -0.8535533905932737, -0.14644660940672619], [0.3482620994800093, -0.10200360730743072, -0.5945205916525881]]
10	[[0.08740825448676931, -0.06334395238859675, -0.994156597696443], [0.7119981850616444, -0.6940087028176986, 0.10681996481098455], [-0.6967197295301035, -0.717174639895393, -0.015561310176609944]]	0.7624925837412161	0.23750741625878394	[[0.06664814580392647, -0.0482992939211617, -0.7580370328209376], [0.5428933357467097, -0.5291764889503567, 0.08144943096387339], [-0.5312436267128899, -0.5468403441675145, -0.011865383602961795]]	0.904202550304976	0.16188474539212688	[[0.05342080159838324, -0.05342080159838326, -0.8364923016151314], [0.6839955067522674, -0.6702864983728675, 0.09052265716505188], [-0.6049343542336431, -0.6164564066840394, 0.0]]	[[-0.025613965026259934, 0.003854961697782886, 0.062426629424510265], [0.040204932007014436, -0.04276205935125625, -0.006064227440528118], [0.025041402055269706, 0.032014731723427614, 0.014070576347777487]]	0.1860069852771663	[[0.0, 0.0, -0.873174569112], [0.7071067811865475, -0.7071067811865476, 0.0], [-0.617427658978737, -0.6174276589787369, 0.0]]
10	[[0.22433838825039393, -0.7661379269479729, -0.6022499185961573], [-0.9416906372873723, -0.011392912655017143, -0.3362869982418849], [0.2507808429735371, 0.642575192824231, -0.724020780340167]]	0.6534389743531465	0.34656102564685365	[[0.14659144632637533, -0.5006243811979292, -0.3935335691117389], [-0.6153373641870213, -0.0074445731601893855, -0.21974303121947564], [0.16386997682004553, 0.4198836749438408, -0.4731033961158435]]	0.7521131888898661	0.4196328340729145	[[0.2032644316389677, -0.50921801538431, -0.36424316475167084], [-0.8185023387798208, 0.052518120993601605, -0.20325137920608025], [0.16962958751237056, 0.36424316475167084, -0.42378331220485865]]	[[0.034536571061551, 0.0670044239820013, 0.08871694203234724], [-0.11024439062188482, 0.06108688086131036, 0.04967450742382461], [-0.01898599200894515, -0.11904611262488209, 0.1207622657193137]]	0.39778380484119025	[[0.11165584902866879, -0.650777979115258, -0.3812169140719633], [-0.8535533905932738, 0.14644660940672602, -0.5], [0.3812169140719633, 0.3812169140719634, -0.5391221300865895]]
10	[[0.8592155572171323, 0.2624339665249735, -0.4391776855101157], [-0.4266000482917053, 0.8413623931712975, -0.33184593135155627], [0.2824199444684594, 0.4724804086637203, 0.8348660002631537]]	0.6886709838964331	0.3113290161035671	[[0.5917168231678442, 0.18073065793459708, -0.30244892878560975], [-0.29378707498731454, 0.5794218671187349, -0.22853266404590444], [0.19449442102906994, 0.32538354790623303, 0.5749479898229058]]	0.7799371458509545	0.2862675116097634	[[0.6787659581631225, 0.16400647437903476, -0.272819575331122], [-0.3383534371471661, 0.7410323276642954, -0.40693961285046953], [0.2035002834535389, 0.37292059948552486, 0.6474508215892918]]	[[0.008631828796454803, -0.04067552444679805, 0.06971141522706574], [-0.005632213062654092, 0.08482254410794493, -0.14812064428988492], [-0.01676952196657637, 0.004415578081850157, -0.003692183823954497]]	0.4018936944477962	[[0.5194952575693225, 0.2841213907507718, -0.3043132762956048], [-0.573223304703363, 0.7803300858899106, -0.2499999999999999], [0.16643445734149648, 0.30431327629560473, 0.5682427815015436]]
10	[[-0.8305561570912853, 0.32773595720904825, 0.4502950280316503], [-0.5100865793185324, -0.772219296347621, -0.37879947194723407], [0.22358030216652452, -0.5443036842615101, 0.808545204538665]]	0.6627864233534659	0.33721357664653395	[[-0.5504813447527324, 0.21721894288290966, 0.2984494310829462], [-0.3380784595071341, -0.51181646547077, -0.2510631471800888], [0.14818598880523798, -0.3607570921098005, 0.5358927842357785]]	0.7694277238751219	0.38547381436594746	[[-0.6058790606650147, 0.2404941242572999, 0.19724069430157765], [-0.5678471631947319, -0.624796683015507, -0.3037001161010442], [0.17701452883645008, -0.26966411400452484, 0.5854185032469719]]	[[0.033173872836201164, -0.011675007330092415, -0.14922878418909924], [-0.17537240749042665, -0.030629747494308524, -0.01224130059558574], [0.004985645837149142, 0.1491382308736519, -0.036698593131358155]]	0.4061237232581408	[[-0.4965335671847584, 0.2715632252795877, 0.2908626294833391], [-0.573223304703363, -0.7803300858899106, -0.2499999999999999], [0.15907805432700234, -0.290862629483339, 0.5431264505591754]]
10	[[0.04673222253661188, -0.9725397674033924, -0.22799671093185395], [-0.8377629715199755, -0.16246744520517667, 0.5213036857710898], [-0.5440306084466285, 0.16664552219444034, -0.8223502702654952]]	0.6586684368761465	0.34133156312385343	[[0.030781039969938348, -0.6405812483954837, -0.15017423720238687], [-0.5518080269237778, -0.10701217817655465, 0.34336628384461754], [-0.3583357904783197, 0.10976414561622123, -0.5416561670804504]]	0.7591999149265548	0.395550940649619	[[-0.009643536827696994, -0.8020108321512708, -0.12559077960291998], [-0.6873812650551873, -0.1471134247635121, 0.2720847319306175], [-0.27132407003461845, 0.029067619706247827, -0.5837008976837008]]	[[-0.04512263620182168, -0.06365872347592388, 0.04750430394007784], [-0.05135168834860427, -0.023768154185407203, -0.12368898195769329], [0.14170392161550374, -0.09744964656666262, 0.04062735754169259]]	0.3628162737826492	[[0.0974950478644424, -0.6371821909785977, -0.16643445734149645], [-0.8535533905932738, -0.2500000000000001, 0.4571067811865474], [-0.3328689146829929, 0.09749504786444228, -0.5682427815015436]]
10	[[0.5319609947059123, -0.8460851799387872, 0.03402011756955908], [-0.703274286200726, -0.4190807785627857, 0.5742617690636116], [-0.47161719485230363, -0.3294103357928521, -0.8179645788128509]]	0.6906193404273745	0.3093806595726256	[[0.3673825512968872, -0.5843227889147017, 0.023494951157150626], [-0.4856948236754779, -0.2894252908768217, 0.3965962841833687], [-0.32570795604310643, -0.22749714883521943, -0.5649021579126863]]	0.7721071511393397	0.2742167890846697	[[0.4344249194612353, -0.6341703469819716, 0.005272169422143522], [-0.6091478671688335, -0.3803901426695124, 0.5425955850393775], [-0.31010307996357234, -0.30264710646364834, -0.6315563006800802]]	[[0.02369403132160395, 0.019098070921781042, -0.02099500663591413], [-0.0661447615808384, -0.05681487663614339, 0.09920396651943514], [0.05403592878216675, -0.04830703053877604, 8.177071894830974e-18]]	0.3774641267036936	[[0.5640532852967037, -0.5640532852967036, 0.0], [-0.5, -0.5000000000000001, 0.7071067811865475], [-0.3988459029838494, -0.39884590298384953, -0.5640532852967037]]
