10	[[-0.30792515101507295, 0.09349718223056193, 0.9468053539599837], [0.3027085282091916, -0.9338174967034747, 0.1906631317268273], [0.9019698710720718, 0.34531602882779927, 0.2592434992682147]]	0.6577893856984343	0.3422106143015658	[[-0.20254989592730252, 0.061501454063975905, 0.6227985121573263], [0.19911845681640133, -0.6142552375110284, 0.12541618429392948], [0.593306207410994, 0.22714521847446098, 0.17052762212995146]]	0.816857422974304	0.2925079984833638	[[-0.21793616862332904, 0.07066299475063857, 0.7198234455983555], [0.25053751954388054, -0.8464192291023565, 0.12023926047692582], [0.6592191316531859, 0.24624432219899745, 0.1472731738726905]]	[[0.0335947767038168, -0.005710872581577139, -0.05358153589567052], [0.003267811278575908, -0.08362347521684055, -0.035505333961660585], [-0.0775616528312119, -0.03582963922099917, -0.0644918028623842]]	0.47174892820255165	[[-0.3453754672325851, -0.10115813229695193, 0.5895928021682184], [0.5, -0.8535533905932737, 0.14644660940672619], [0.48843466987126644, 0.34537546723258516, 0.3453754672325851]]
10	[[0.8489524140446696, -0.5135124485683378, 0.12483895166604869], [0.522794976890395, 0.7815435453534784, -0.34040431673891397], [0.0772347773085365, 0.35425224329800037, 0.9319550081910795]]	0.7175751954135761	0.282424804586424	[[0.6091871944049309, -0.368483795628729, 0.08958133513699086], [0.37514470770336117, 0.5608162622812415, -0.24426569410355098], [0.05542176041989712, 0.25420262271026023, 0.6687477971193747]]	0.8650119571123832	0.22645826486483747	[[0.6898068832928455, -0.4325737287581974, 0.05421826460424954], [0.4955401646539675, 0.6665452919112478, -0.30949071405105955], [0.022300960812254092, 0.26498831182295557, 0.7646991794253144]]	[[-0.044547105875216486, 0.011620679379472521, -0.05376892130025747], [0.04331625852548382, -0.009499219823515245, -0.015036909819227983], [-0.04450804506454216, -0.04144411446369996, -0.041453046150738346]]	0.44700659899741646	[[0.6648217956715919, -0.6648217956715918, 0.0], [0.7071067811865475, 0.7071067811865476, 0.0], [0.0, 0.0, 0.9401999999999999]]
10	[[-0.3195682178843842, -0.5708200961323295, -0.7563336379995778], [0.910087742671785, 0.03735879733279218, -0.41272826520656647], [0.2638493031197415, -0.8202248094963509, 0.507557688474819]]	0.6023543085987905	0.3976456914012095	[[-0.1924932929338959, -0.34383594434008447, -0.4555808255872436], [0.5481952730012971, 0.022503232537476353, -0.24860864882767958], [0.15893076455496455, -0.494065948019749, 0.30572956051524985]]	0.7164661179982035	0.4564411540649608	[[-0.2437746900589343, -0.39718610269437415, -0.4218007157287988], [0.7871786104914875, 0.017278253024876622, -0.21997827624553037], [0.17189402540665863, -0.42180071572879874, 0.3262668600734238]]	[[-0.014814889555705535, 0.011787155656917283, 0.12008670980021713], [0.13513157846168566, -0.009488059473230656, 0.07572754171515131], [-0.017145060536073745, 0.16586256941686772, -0.037381026648271184]]	0.4386603012942952	[[-0.3247220142920765, -0.32472201429207653, -0.45922627661296467], [0.8535533905932738, -0.14644660940672602, -0.5], [0.09510887598559431, -0.5543351525985588, 0.3247220142920765]]
10	[[0.3802729664721569, 0.7767473726770865, -0.5020517802076895], [0.4287143634067757, 0.332951791095048, 0.839849450446521], [0.8195098935212374, -0.5346088512602871, -0.20639019011321075]]	0.6165851887772679	0.38341481122273247	[[0.23447067881912642, 0.47893092541434823, -0.30955769167532143], [0.26433892669269293, 0.20529314296606954, 0.5178387319480527], [0.5052976624016309, -0.3296318994763224, -0.12725713433273023]]	0.7878006110044937	0.32789638287609635	[[0.34217432750097293, 0.49271999231779845, -0.393680093602258], [0.4052259444387082, 0.30726191040802986, 0.7220461060529646], [0.564727292683313, -0.41418162786648743, -0.0612339332395811]]	[[0.042595052165716345, -0.11920206247334554, 0.0018366056012535728], [0.06748450700044771, 0.04496228594831051, 0.06041219583940692], [-0.08088310215694552, 0.006983551804777285, 0.10136038463693992]]	0.4258837740823134	[[0.39070681964704057, 0.3907068196470407, -0.5525428832565038], [0.5, 0.5000000000000001, 0.7071067811865475], [0.5525428832565038, -0.5525428832565037, 0.0]]
10	[[0.034229894132735264, 0.2773841392786001, 0.9601491309293217], [-0.1827544195208179, -0.9427759796974285, 0.2788803941677556], [0.9825625356654255, -0.18501754344446375, 0.018422055382213542]]	0.8077758683326779	0.19222413166732225	[[0.02765008245600586, 0.22406421396748366, 0.7755852979652991], [-0.14762460992006315, -0.7615516856432812, 0.22527285255981827], [0.7936903054382968, -0.1494527068126307, 0.014880891782840223]]	0.8903132939703757	0.16805133150145765	[[0.009154306453435934, 0.2213652578594628, 0.8130509969018735], [-0.16689762495946212, -0.8249787723917203, 0.2556409964356348], [0.8438742857974821, -0.1507430936578732, 0.0]]	[[-0.02132102334413683, -0.02559352887680516, -0.04178253855860443], [-0.004188935728238828, 0.014387215568845202, 0.007350074080383508], [-0.03091420186268752, 0.013980484888474427, -0.016401400809043225]]	0.3645221745361641	[[0.0, 0.0, 0.9401999999999999], [0.0, -1.0, 0.0], [0.9401999999999999, 0.0, 0.0]]
10	[[0.8592155572171323, 0.2624339665249735, -0.4391776855101157], [-0.4266000482917053, 0.8413623931712975, -0.33184593135155627], [0.2824199444684594, 0.4724804086637203, 0.8348660002631537]]	0.6182245614892488	0.3817754385107513	[[0.5311881610853021, 0.16224312387478598, -0.2715104320403544], [-0.26373462778643186, 0.5201508965718704, -0.2051553053918072], [0.1745989463248313, 0.29209899345838947, 0.5161346669149712]]	0.7636033754173431	0.4207878694311189	[[0.4960670137851409, 0.20128768053286705, -0.292227026354271], [-0.3556114049589011, 0.7488176639099755, -0.2507963974581927], [0.2435071329158453, 0.32606069299275126, 0.4931042332445354]]	[[-0.16003288591695458, 0.000892217870235276, 0.04313053670922966], [-0.029858168130153406, 0.10635050053515893, 0.002602275840367541], [0.027850310034551108, -0.0347269418814312, -0.14440226257758515]]	0.47935547738203416	[[0.44798200924557136, 0.24500949651343487, -0.2624217853169064], [-0.573223304703363, 0.7803300858899106, -0.2499999999999999], [0.1435232401473666, 0.26242178531690635, 0.49001899302686974]]
10	[[0.8787972042104137, -0.3840163418041313, 0.28327887866788265], [-0.395223040501579, -0.9183905790867732, -0.018907472103605397], [0.2674214316928388, -0.09534250611366366, -0.9588511794847616]]	0.631474572928447	0.36852542707155295	[[0.5549380892194843, -0.24249655543830845, 0.17888340892645052], [-0.24957330071221698, -0.5799402987103293, -0.011939587871780732], [0.16886983437014924, -0.06020636833005362, -0.6054901390670777]]	0.8134751213474752	0.29677493344169753	[[0.6422530345621974, -0.26601595442754244, 0.1597097514549453], [-0.32118063471587804, -0.8538773224129466, -0.031590715285057594], [0.15229531577606908, -0.045825466571738596, -0.7408733566164958]]	[[-0.07262662777269087, 0.046371785820986805, -0.0707305687445873], [0.00032347611546207936, -0.10678943464595557, -0.016209957121203183], [-0.0652453658211785, 0.03173329015864635, 0.03912822296904034]]	0.48559480106570424	[[0.4317645452715093, -0.3053036378374103, 0.30530363783741027], [-0.5, -0.8535533905932737, -0.14644660940672619], [0.30530363783741027, -0.08942136520165565, -0.521185910473165]]
10	[[0.04673222253661188, -0.9725397674033924, -0.22799671093185395], [-0.8377629715199755, -0.16246744520517667, 0.5213036857710898], [-0.5440306084466285, 0.16664552219444034, -0.8223502702654952]]	0.5843528022481473	0.4156471977518526	[[0.027308105194553206, -0.5683063383799337, -0.13323051693638968], [-0.48954914002743255, -0.09493830687974238, 0.3046252696026239], [-0.317905810554552, 0.09737977787642706, -0.4805426848591634]]	0.7370799479831112	0.42471750010723763	[[-0.012095109171861754, -0.7613372793798776, -0.1247059001965072], [-0.6799637558870533, -0.14929013694917176, 0.2775158052236285], [-0.2637521693136091, 0.025768785913534143, -0.548651251669224]]	[[-0.04654049332828292, -0.04449771821067804, 0.04334590363746413], [-0.06246546841693317, -0.029538640888391098, -0.10672668836793045], [0.13724188326145212, -0.09706228691716234, 0.05748664276196458]]	0.4285653361815349	[[-0.10115813229695204, -0.5895928021682184, -0.3453754672325851], [-0.8535533905932738, -0.14644660940672602, 0.5], [-0.3453754672325851, 0.34537546723258516, -0.48843466987126644]]
10	[[0.5319609947059123, -0.8460851799387872, 0.03402011756955908], [-0.703274286200726, -0.4190807785627857, 0.5742617690636116], [-0.47161719485230363, -0.3294103357928521, -0.8179645788128509]]	0.6331413111417308	0.3668586888582694	[[0.33680648166436067, -0.5356914801640309, 0.021539541843186467], [-0.4452720036573924, -0.2653373536135395, 0.3635888494035048], [-0.2986003291057726, -0.20856329190752418, -0.517887165897062]]	0.7481333802770583	0.3362869807830483	[[0.41713786343948206, -0.5685146680028705, 0.031526906895747976], [-0.6034704970126197, -0.37568040598228924, 0.5643398712512349], [-0.2878424059211127, -0.30941581846482136, -0.5633271908596219]]	[[0.019160086294601492, 0.06446989766705771, 0.006075321341010784], [-0.07732752801533517, -0.06215208650697091, 0.13471547279779164], [0.0649901602605253, -0.06297295044991405, 0.04861941443453651]]	0.41667959586498005	[[0.5195008188377648, -0.5195008188377647, 0.0], [-0.5, -0.5000000000000001, 0.7071067811865475], [-0.36734255183214753, -0.3673425518321476, -0.5195008188377648]]
10	[[0.22433838825039393, -0.7661379269479729, -0.6022499185961573], [-0.9416906372873723, -0.011392912655017143, -0.3362869982418849], [0.2507808429735371, 0.642575192824231, -0.724020780340167]]	0.5884879658235077	0.41151203417649235	[[0.13202044175759858, -0.4508629501698518, -0.35441682951202574], [-0.5541736075722884, -0.006704591993155942, -0.19790085152826037], [0.14758150814900134, 0.3781477681137799, -0.4260775162363336]]	0.728821980853798	0.4505632973726548	[[0.2061163612056896, -0.47185940310480773, -0.34958117430607516], [-0.811000014465, 0.04152402173520496, -0.20619979850199704], [0.16112733496915177, 0.3495811743060751, -0.3961082603740443]]	[[0.042613612699489184, 0.08651875842063628, 0.08935180433421493], [-0.12467517884574199, 0.049827426904128815, 0.038893557692031205], [-0.021647255767006744, -0.1187417505755922, 0.13157399893278887]]	0.44418767481744914	[[0.10115813229695204, -0.5895928021682184, -0.3453754672325851], [-0.8535533905932738, 0.14644660940672602, -0.5], [0.3453754672325851, 0.34537546723258516, -0.48843466987126644]]
10	[[-0.5446221603179724, 0.8109226453022452, -0.2139887049042392], [-0.8354447797583356, -0.5021691245819775, 0.22328947644507607], [0.07361197229480154, 0.30038414347728, 0.9509735242804028]]	0.6608541865565856	0.3391458134434145	[[-0.359915834737624, 0.5359016251215298, -0.1414153315117882], [-0.5521071803401407, -0.33186056833945554, 0.14756178532275663], [0.048646780071706974, 0.19851011879217453, 0.6284548348251748]]	0.7928062587163802	0.30479698347298495	[[-0.4692650416688185, 0.6080015681034873, -0.10384630684304179], [-0.7344136181797827, -0.40464151500386886, 0.0979783784064186], [0.0734502645079591, 0.10695768357777488, 0.730216022643507]]	[[-0.03748518433309428, -0.03490298042697596, 0.06580527769965164], [-0.0720677679754462, -0.0065186901011514845, -0.07904691602474145], [0.015090232156183669, -0.1311887453901718, -0.02372173927956999]]	0.41936588935151586	[[-0.6250654522904308, 0.6250654522904306, 0.0], [-0.7071067811865475, -0.7071067811865476, 0.0], [0.0, 0.0, 0.8839760399999999]]
10	[[0.08740825448676931, -0.06334395238859675, -0.994156597696443], [0.7119981850616444, -0.6940087028176986, 0.10681996481098455], [-0.6967197295301035, -0.717174639895393, -0.015561310176609944]]	0.7025543639406209	0.29744563605937924	[[0.06140905063411213, -0.04450257017985555, -0.6984490561519964], [0.5002174320328597, -0.48757884277734365, 0.07504683243394074], [-0.48948348642490325, -0.5038541729660515, -0.010932666373210907]]	0.878309586993712	0.20307569623245617	[[0.05093695039973521, -0.050936950399735226, -0.7949016376993954], [0.678700464091123, -0.665487753740808, 0.09218642017345297], [-0.5710604535491104, -0.5819366506039829, 0.0]]	[[-0.025834557498380394, 0.004698650261242531, 0.07827563303044126], [0.05334563222935732, -0.0559332565989536, -0.0016345790023657193], [0.04087516434484546, 0.04796471116490372, 0.013667647914299329]]	0.21816349731014717	[[0.0, 0.0, -0.8311142728079998], [0.7071067811865475, -0.7071067811865476, 0.0], [-0.5876865382434628, -0.5876865382434628, 0.0]]
10	[[-0.8305561570912853, 0.32773595720904825, 0.4502950280316503], [-0.5100865793185324, -0.772219296347621, -0.37879947194723407], [0.22358030216652452, -0.5443036842615101, 0.808545204538665]]	0.59869615777418	0.40130384222582	[[-0.4972507800662407, 0.19621425834550021, 0.26958990314736564], [-0.3053868751701799, -0.46232472568240146, -0.22678578842169728], [0.13385666786108838, -0.3258725244296964, 0.48407290734403713]]	0.7518182437535067	0.37747325808740756	[[-0.588077101227549, 0.22866741009233404, 0.20673606748529824], [-0.45191739304597517, -0.668439208604695, -0.24343617439514942], [0.10511923812175443, -0.3193990440503899, 0.5699811830435154]]	[[0.036350170135482696, -0.017730461671447074, -0.13180394966039308], [-0.06842499682048238, -0.08787065343205791, 0.04135217933897585], [-0.06297251199096039, 0.08981839591966179, -0.037897852628063604]]	0.4929984963197501	[[-0.5195008188377648, 0.3673425518321476, 0.36734255183214753], [-0.7071067811865475, -0.5000000000000001, -0.5], [0.0, -0.5195008188377647, 0.5195008188377648]]
10	[[-0.42203838922340475, -0.825029846081567, 0.3757783270710803], [0.2588054115689476, 0.28760896992378115, 0.9221175843470338], [-0.8688517462515349, 0.4864224845687207, 0.09214016247897017]]	0.6091088723355479	0.3908911276644523	[[-0.25706732734217913, -0.5025329991899141, 0.2288899130504044], [0.15764067239509902, 0.17518517534386285, 0.5616700019624014], [-0.5292253073860439, 0.2962842510543089, 0.056123390464379676]]	0.7878654424206003	0.3495394361418502	[[-0.24994010313596213, -0.5314735361581192, 0.29757618575886363], [0.26927881507137386, 0.23946882096723893, 0.8249802005560112], [-0.6213568448817867, 0.33017474765556054, 0.023293935980247274]]	[[0.08256935910801319, 0.11853896853513432, 0.001513427848933932], [0.06537497498475939, 0.012871652634105854, 0.09847562200062017], [0.06318142057659003, -0.05306071835250224, -0.049300113895952555]]	0.4933650888812069	[[-0.24672896255495527, -0.4607158572438629, 0.13494055038655406], [0.25000000000000006, 0.1464466094067262, 0.9571067811865475], [-0.4607158572438629, 0.269881100773108, 0.07904634430235345]]
