10	[[-0.30792515101507295, 0.09349718223056193, 0.9468053539599837], [0.3027085282091916, -0.9338174967034747, 0.1906631317268273], [0.9019698710720718, 0.34531602882779927, 0.2592434992682147]]	0.799318426386138	0.20068157361386207	[[-0.24613024715408197, 0.07473402057207071, 0.7567989656212647], [0.24196050442183487, -0.746417531996864, 0.15240055442174047], [0.7209611379930362, 0.2760174647685467, 0.20721810588590528]]	0.8464132902295242	0.2652179158448127	[[-0.2534750571107098, 0.07781735502448912, 0.7404643110540748], [0.24404558795301684, -0.8497617426076167, 0.11866165063097465], [0.6773817720380345, 0.26234508010508917, 0.17565770208622067]]	[[0.007156883104381193, -0.0013199026144701878, -0.06092432379812431], [-0.012170933389061708, -0.05936620274893102, -0.042718158019394395], [-0.08605751422397781, -0.029934996024041628, -0.043769441100004206]]	0.3232167811454769	[[-0.19448089066280083, 0.11392426812786978, 0.7445559170582644], [0.4571067811865472, -0.8535533905932738, 0.25000000000000017], [0.6639992945233334, 0.38896178132560133, 0.11392426812786977]]
10	[[0.8787972042104137, -0.3840163418041313, 0.28327887866788265], [-0.395223040501579, -0.9183905790867732, -0.018907472103605397], [0.2674214316928388, -0.09534250611366366, -0.9588511794847616]]	0.776189675832971	0.2238103241670291	[[0.6821133170590021, -0.29806951985951197, 0.21987814100355138], [-0.3067680436886418, -0.7128452858694171, -0.014675784642918426], [0.20756975437645356, -0.07400386891346765, -0.744250386176339]]	0.8439637957853555	0.25196736972814204	[[0.6903024093354785, -0.3118414195913401, 0.14255785096433435], [-0.3590966402422106, -0.8404944078919798, -0.025983923499322693], [0.13027025281857965, -0.0543759881385368, -0.8092356810312247]]	[[-0.05137061485550058, 0.012254469881281028, -0.09651926674203105], [-0.02554270279866866, -0.06540600875239597, -0.010026701574058163], [-0.0954237537472627, 0.02608963522083925, 0.0]]	0.3576226921536576	[[0.5784083355773886, -0.40899645638159565, 0.40899645638159554], [-0.5, -0.8535533905932737, -0.14644660940672619], [0.40899645638159554, -0.11979228859290135, -0.69820062417029]]
10	[[0.5319609947059123, -0.8460851799387872, 0.03402011756955908], [-0.703274286200726, -0.4190807785627857, 0.5742617690636116], [-0.47161719485230363, -0.3294103357928521, -0.8179645788128509]]	0.779075854022592	0.22092414597740798	[[0.4144379662572162, -0.6591645341366691, 0.026504252149453213], [-0.5479040151339594, -0.32649571546325507, 0.44739347816575775], [-0.3674255688512977, -0.25663563868168504, -0.6372564527988516]]	0.8342193086174926	0.20967371332536436	[[0.4907896163647543, -0.6860783458043295, 0.005574438835086532], [-0.5980294306177016, -0.3874596221753664, 0.5624615997592902], [-0.35492411287066045, -0.3470406658674619, -0.680503906969243]]	[[0.047017483149714503, 0.01974224803571254, -0.022805800122876856], [-0.011344441814871405, -0.03785434482783867, 0.08340134380558592], [0.03850805735114957, -0.07224020329089267, 0.0018579384416119436]]	0.3003476062786989	[[0.3889617813256014, -0.6639992945233334, -0.11392426812786954], [-0.7071067811865477, -0.49999999999999983, 0.49999999999999994], [-0.3889617813256014, -0.11392426812786963, -0.6639992945233334]]
10	[[0.034229894132735264, 0.2773841392786001, 0.9601491309293217], [-0.1827544195208179, -0.9427759796974285, 0.2788803941677556], [0.9825625356654255, -0.18501754344446375, 0.018422055382213542]]	0.8725859428721606	0.12741405712783951	[[0.02986852444622705, 0.24204150071020003, 0.8378126347098478], [-0.15946893747162724, -0.8226530671615055, 0.24334711169343085], [0.8573702566144762, -0.16144370759437834, 0.01607482656533197]]	0.9190716154904683	0.12702665330458016	[[0.009031823642253325, 0.23688943802225487, 0.8610966674233136], [-0.164864009856654, -0.8267632445307951, 0.2533665146986119], [0.8943708448907662, -0.160299571349105, 0.0]]	[[-0.02242790045638738, -0.018046450975961224, -0.021349145451667505], [0.0031003897303668645, 0.03971539817532953, -0.002944539697765815], [-0.008674492083667294, 0.009744801198476228, -0.01693118820078588]]	0.25843079809952957	[[-0.058410719917898674, 0.2236211845096361, 0.7634904809867353], [-0.2803300858899109, -0.9267766952966368, 0.25000000000000017], [0.7634904809867353, -0.19942667213166612, 0.11682143983579753]]
10	[[-0.5446221603179724, 0.8109226453022452, -0.2139887049042392], [-0.8354447797583356, -0.5021691245819775, 0.22328947644507607], [0.07361197229480154, 0.30038414347728, 0.9509735242804028]]	0.7873008787547343	0.21269912124526583	[[-0.42878150540764143, 0.6384401112485714, -0.16847349541469508], [-0.657746409254793, -0.3953581930668866, 0.17579600102189297], [0.057954770474566396, 0.23649270012365073, 0.7487022913384477]]	0.8503617922664661	0.17716520275490777	[[-0.48044983425606264, 0.672253676148644, -0.12890545187083177], [-0.7620867221131922, -0.4504684185621416, 0.20951852052897696], [0.04511436533858563, 0.2083141143397745, 0.8259955084050783]]	[[-0.017323957900037056, -0.017323957900037053, 0.05306236675631702], [-0.05165640185823074, -0.023442981761728876, 0.01964168114490117], [-0.01748244335429127, -0.047121084275992674, 0.017323957900037056]]	0.24425011887761683	[[-0.3889617813256014, 0.6639992945233333, -0.11392426812786977], [-0.8535533905932738, -0.45710678118654735, 0.25000000000000017], [0.11392426812786977, 0.19448089066280083, 0.7445559170582644]]
10	[[0.8592155572171323, 0.2624339665249735, -0.4391776855101157], [-0.4266000482917053, 0.8413623931712975, -0.33184593135155627], [0.2824199444684594, 0.4724804086637203, 0.8348660002631537]]	0.7880767309966993	0.2119232690033007	[[0.6771277875531853, 0.20681810244149829, -0.3461057147235085], [-0.3361935715007612, 0.6630581243939958, -0.26152005677408957], [0.22256858660497286, 0.3723508159196893, 0.6579384683076757]]	0.8235652088783687	0.21606346754152897	[[0.7259522126193004, 0.16622149026236888, -0.32410746513800043], [-0.3490510830421053, 0.742608918059591, -0.39377316572010845], [0.24008670872260046, 0.38689465252444455, 0.6933172086979741]]	[[0.01833217276822905, -0.04990999419554978, 0.03758399716385649], [0.0022818748367751055, 0.04969212298506737, -0.12047640195112722], [0.007495468165016492, -0.0022237739276292825, 0.005750616805801748]]	0.3004020222375157	[[0.622474528772968, 0.3404426243454334, -0.36463713672340325], [-0.573223304703363, 0.7803300858899106, -0.2499999999999999], [0.19942667213166604, 0.3646371367234032, 0.6808852486908668]]
10	[[-0.3195682178843842, -0.5708200961323295, -0.7563336379995778], [0.910087742671785, 0.03735879733279218, -0.41272826520656647], [0.2638493031197415, -0.8202248094963509, 0.507557688474819]]	0.7574960522356041	0.24250394776439596	[[-0.24207166346738834, -0.4323939693569877, -0.5729197449576726], [0.6893878722618895, 0.028299141495860117, -0.31264003154002346], [0.19986480549831942, -0.6213170551391862, 0.38447294530150394]]	0.802470438254228	0.21810254639986412	[[-0.29388062186124364, -0.4816744365923765, -0.5935536682565559], [0.7758993221935285, 0.009575933703386531, -0.3121481303670739], [0.19175344744675715, -0.629625188780518, 0.43787174133376094]]	[[-0.0374365740034393, -0.023608183884745518, 0.01338171769537989], [0.04558081248189991, -0.020403396764910167, 0.01905410149314668], [-0.019977818460814464, 0.02858097356300948, 0.030571700624070056]]	0.3049647306926117	[[-0.4193975147473293, -0.4193975147473294, -0.5931176533812434], [0.8535533905932738, -0.14644660940672602, -0.5], [0.12283868805670783, -0.7159563414379511, 0.4193975147473293]]
10	[[0.3802729664721569, 0.7767473726770865, -0.5020517802076895], [0.4287143634067757, 0.332951791095048, 0.839849450446521], [0.8195098935212374, -0.5346088512602871, -0.20639019011321075]]	0.7575331778449506	0.24246682215504975	[[0.2880693887401793, 0.5884119056067894, -0.3803208805034455], [0.3247653540993098, 0.2522220283773997, 0.6362138231080883], [0.6208059339145201, -0.40498394199924376, -0.15634741659248402]]	0.8471717974023671	0.24570815189312536	[[0.34616383251671246, 0.5916917776863323, -0.4305318879943492], [0.4034460301216467, 0.29271977825746426, 0.7178024720074399], [0.6547627320970545, -0.4305318879943492, -0.08031479982074875]]	[[0.02400730000696529, -0.06634669015208146, -0.005207778966742845], [0.04025131230211696, 0.010652410947134998, 0.006305703525270677], [-0.039502937386354575, 0.022373653435042953, 0.09453314850367625]]	0.27808914085786074	[[0.1944808906628007, 0.6070371604593986, -0.4459239153895362], [0.4571067811865474, 0.42677669529663675, 0.7803300858899108], [0.6639992945233334, -0.35559413573266285, -0.19448089066280075]]
10	[[-0.8305561570912853, 0.32773595720904825, 0.4502950280316503], [-0.5100865793185324, -0.772219296347621, -0.37879947194723407], [0.22358030216652452, -0.5443036842615101, 0.808545204538665]]	0.7693295663841181	0.23067043361588183	[[-0.638971408192698, 0.252136961848121, 0.3464252786605138], [-0.39242468688548465, -0.5940911364125641, -0.2914216334996986], [0.17200693691780244, -0.4187489173941856, 0.6220377316096892]]	0.7991778666496419	0.25198715156218066	[[-0.6694766678737174, 0.3301132382162041, 0.3549203433348315], [-0.4955293236632099, -0.623808803827422, -0.3683713696719953], [0.0546009831086128, -0.47335314848474114, 0.654442203468343]]	[[-0.005714570116779076, 0.06819391510949858, -0.004945476530443415], [-0.08787941939681186, -0.0066682339866426235, -0.06564321579319389], [-0.12407944580171257, -0.038357691287087346, 0.008270771815334336]]	0.28748009917854356	[[-0.6070371604593985, 0.3319996472616667, 0.3555941357326629], [-0.573223304703363, -0.7803300858899106, -0.2499999999999999], [0.19448089066280075, -0.35559413573266285, 0.6639992945233334]]
10	[[0.04673222253661188, -0.9725397674033924, -0.22799671093185395], [-0.8377629715199755, -0.16246744520517667, 0.5213036857710898], [-0.5440306084466285, 0.16664552219444034, -0.8223502702654952]]	0.754508067620576	0.24549193237942402	[[0.03525983892171375, -0.7337891005876982, -0.17202535778904016], [-0.6320989207656085, -0.12258299813300966, 0.39332783659462883], [-0.41047548310551185, 0.12573539092854905, -0.6204699133252772]]	0.7864473142753273	0.359496156147209	[[-0.03432120690012784, -0.842712823530808, -0.1574607122625343], [-0.6890793417698483, -0.15463131965045132, 0.27501777718845405], [-0.29637153470628264, 0.047049927017530246, -0.6075236021718285]]	[[-0.0710736378041633, -0.07786153543045833, 0.0218466887134304], [-0.030222902818646084, -0.02685923371166615, -0.1349601064080487], [0.13147987619014062, -0.08400799634829681, 0.03921155927205975]]	0.24768987179297308	[[0.11682143983579753, -0.7634904809867353, -0.19942667213166598], [-0.8535533905932738, -0.2500000000000001, 0.4571067811865474], [-0.39885334426333197, 0.11682143983579739, -0.6808852486908668]]
10	[[0.22433838825039393, -0.7661379269479729, -0.6022499185961573], [-0.9416906372873723, -0.011392912655017143, -0.3362869982418849], [0.2507808429735371, 0.642575192824231, -0.724020780340167]]	0.7584459420463968	0.24155405795360327	[[0.17014854021374037, -0.5810742017415289, -0.4567740068570283], [-0.7142214425136929, -0.008640908371286823, -0.2550555091795214], [0.19020371269625383, 0.48735854745721885, -0.5491306228062652]]	0.7670683391212008	0.223082492198979	[[0.15882450486689942, -0.6649555905547838, -0.416699938092183], [-0.8144678033310958, -0.024545590579800658, -0.3119216983158818], [0.23763295140437551, 0.4476321792189184, -0.6193904908483526]]	[[-0.013258370009457312, -0.07727544339304232, 0.0452669067012498], [-0.09212673022108603, -0.015806447991763766, -0.053966589106424906], [0.0452669067012498, -0.04526690670124981, -0.06401707338358503]]	0.34324791768825985	[[0.12596255953312943, -0.7341635986853476, -0.43006307910923836], [-0.8535533905932738, 0.14644660940672602, -0.5], [0.43006307910923836, 0.43006307910923847, -0.6082010391522183]]
10	[[0.8489524140446696, -0.5135124485683378, 0.12483895166604869], [0.522794976890395, 0.7815435453534784, -0.34040431673891397], [0.0772347773085365, 0.35425224329800037, 0.9319550081910795]]	0.8171880413420467	0.18281195865795338	[[0.6937537604257659, -0.41963623205031836, 0.10201689839517278], [0.4272218031885223, 0.6386680390509281, -0.27817433686025084], [0.0631153363922521, 0.2894906968417191, 0.7615824877625792]]	0.9019178743849982	0.1651415564256414	[[0.7433141315185712, -0.468430647453136, 0.06606864258471387], [0.5083492447476552, 0.666806985020698, -0.29604985090335756], [0.021925407083001624, 0.2903814957034657, 0.8246382867803448]]	[[-0.022371225210609823, -0.005284591370145003, -0.04652583934238028], [0.036831110451515874, -0.03808110814382653, 0.010966886881281446], [-0.047734019095712295, -0.02912493456798394, -0.01590859322980706]]	0.3867995694357323	[[0.622474528772968, -0.3404426243454334, 0.36463713672340325], [0.573223304703363, 0.7803300858899106, -0.2499999999999999], [-0.19942667213166604, 0.3646371367234032, 0.6808852486908668]]
10	[[-0.42203838922340475, -0.825029846081567, 0.3757783270710803], [0.2588054115689476, 0.28760896992378115, 0.9221175843470338], [-0.8688517462515349, 0.4864224845687207, 0.09214016247897017]]	0.7385199818702564	0.2614800181297438	[[-0.311683783557821, -0.6093010269705792, 0.27751980329576953], [0.19113296785982342, 0.212404971253834, 0.6810022616742161], [-0.6416643758896242, 0.3592327244849767, 0.06804735112349153]]	0.8465478904419066	0.25206858646322966	[[-0.2772703952754385, -0.6271592110307633, 0.3269591553779929], [0.25562524084437355, 0.231117445001698, 0.8305672948098137], [-0.7290240753102231, 0.3699539772976502, 0.02216557614542391]]	[[0.08000531280713509, 0.07126806472119833, 0.008844805322181081], [0.03653406564573157, -0.012357321759448767, 0.049950599041445456], [0.006500537585780598, -0.04182595087751114, -0.05583548402612279]]	0.28767755224059016	[[-0.35559413573266274, -0.6639992945233334, 0.19448089066280075], [0.25000000000000006, 0.1464466094067262, 0.9571067811865475], [-0.6639992945233334, 0.38896178132560133, 0.11392426812786977]]
10	[[0.08740825448676931, -0.06334395238859675, -0.994156597696443], [0.7119981850616444, -0.6940087028176986, 0.10681996481098455], [-0.6967197295301035, -0.717174639895393, -0.015561310176609944]]	0.8526082438903341	0.14739175610966607	[[0.07452499835948381, -0.054007576007114415, -0.8476261109139538], [0.6070555222185137, -0.5917175413540064, 0.0910755826099208], [-0.5940289850784102, -0.6114690102838938, -0.013267701342312185]]	0.9345042700096143	0.1103761840465158	[[0.06019471309151617, -0.05722177250902532, -0.8876877297216955], [0.6819310578376556, -0.6727999777578123, 0.09179928721077979], [-0.6440659930161592, -0.6565287850698103, -0.0021021864459439747]]	[[-0.021488673960456787, 0.0019734214774040585, 0.041355855883860926], [0.016565713658453326, -0.024245881550839427, -0.008024426027362044], [0.00702156922966601, 0.013673978255041803, 0.012439924361042085]]	0.14883451147555163	[[0.0, 0.0, -0.9274298670080002], [0.7071067811865475, -0.7071067811865476, 0.0], [-0.6557919480362949, -0.6557919480362948, 0.0]]
