10	[[-0.8305561570912853, 0.32773595720904825, 0.4502950280316503], [-0.5100865793185324, -0.772219296347621, -0.37879947194723407], [0.22358030216652452, -0.5443036842615101, 0.808545204538665]]	0.7475683515882252	0.2524316484117747	[[-0.6208974972581832, 0.2450050292869573, 0.3366263118339945], [-0.3813245832684318, -0.5772867064352104, -0.2831784968260839], [0.16714155793822605, -0.40690420800677485, 0.6044428057415342]]	0.788634751963681	0.26435552411072744	[[-0.6660880804442204, 0.32847013113146756, 0.34727062151948906], [-0.494822890005174, -0.6146629979434571, -0.3731924270183247], [0.04746564854790224, -0.46648615117850606, 0.6443701791079848]]	[[-0.011082631504626576, 0.07000616580833019, -0.007847686222730271], [-0.09255088704430067, -0.0056640247067826915, -0.07445799941524447], [-0.12885754759515966, -0.03722935014801228, 0.006723332275210997]]	0.30871300294817294	[[-0.5862020041177426, 0.3206045218778491, 0.34338918372188465], [-0.573223304703363, -0.7803300858899106, -0.2499999999999999], [0.18780578075790233, -0.3433891837218846, 0.6412090437556982]]
10	[[-0.3195682178843842, -0.5708200961323295, -0.7563336379995778], [0.910087742671785, 0.03735879733279218, -0.41272826520656647], [0.2638493031197415, -0.8202248094963509, 0.507557688474819]]	0.7414116758041208	0.25858832419587907	[[-0.2369316079553977, -0.4232126840561399, -0.5607545900162942], [0.6747496784230778, 0.02769824853653201, -0.3060015547585281], [0.195620953985757, -0.6081242505448053, 0.3763091963793815]]	0.7923248329338898	0.23152497646145306	[[-0.29346287578738484, -0.47036965880247017, -0.583496789867816], [0.773899923477217, 0.005222211136100108, -0.31434550649654625], [0.18913509249044416, -0.6196161032624468, 0.4304810107720027]]	[[-0.040261040941159225, -0.018094721499115268, 0.01576513350248069], [0.05281480480961408, -0.024378091719215556, 0.012669347280340647], [-0.01991926252362821, 0.03026838188998105, 0.02833045004688043]]	0.3176197173159568	[[-0.4092684506740082, -0.4092684506740083, -0.5787929935946067], [0.8535533905932738, -0.14644660940672602, -0.5], [0.11987195387670511, -0.6986649474713116, 0.4092684506740082]]
10	[[0.8592155572171323, 0.2624339665249735, -0.4391776855101157], [-0.4266000482917053, 0.8413623931712975, -0.33184593135155627], [0.2824199444684594, 0.4724804086637203, 0.8348660002631537]]	0.770177015039301	0.22982298496069903	[[0.6617480731328206, 0.20212060898312798, -0.33824455889804983], [-0.3285575518089273, 0.6479979765389928, -0.25558010886127835], [0.2175133498182832, 0.3638935508091732, 0.6429946040404761]]	0.8125080291184235	0.22816019994973885	[[0.7172182012789045, 0.17053875811149263, -0.3161756719631535], [-0.34709188251498196, 0.736333711937398, -0.3952763204700579], [0.2283874043688503, 0.38408576917976023, 0.6813876164831117]]	[[0.01909866229652444, -0.042690946803443985, 0.04065972372346138], [-0.00047591805566427753, 0.05272001208742713, -0.12564883681663722], [-0.001081068094952231, 0.0001916435393334772, 0.0030522880313154904]]	0.318223101304489	[[0.6032125994214269, 0.32990792537337843, -0.3533537597467428], [-0.573223304703363, 0.7803300858899106, -0.2499999999999999], [0.19325558834935413, 0.3533537597467428, 0.6598158507467569]]
10	[[0.08740825448676931, -0.06334395238859675, -0.994156597696443], [0.7119981850616444, -0.6940087028176986, 0.10681996481098455], [-0.6967197295301035, -0.717174639895393, -0.015561310176609944]]	0.8355135606047056	0.16448643939529448	[[0.07303078193248284, -0.05292473120297143, -0.830631318740015], [0.5948841387449426, -0.5798536823818684, 0.08924952914289508], [-0.5821187819632441, -0.5992091369543974, -0.013001685673333615]]	0.9293203904941283	0.11844830504972448	[[0.05814960429525261, -0.05507072171277812, -0.8800963630070828], [0.6826907411753566, -0.6703952602616198, 0.09220493853054061], [-0.6364771426843517, -0.6487185802564197, 0.0]]	[[-0.023080668896801992, 0.0037961048564340823, 0.0437936345764896], [0.021016309802758495, -0.025438821552752688, -0.007065032880172588], [0.010998708427527272, 0.017766436143652628, 0.014461442849927404]]	0.15504408613280282	[[0.0, 0.0, -0.917763294232], [0.7071067811865475, -0.7071067811865476, 0.0], [-0.6489566488755519, -0.6489566488755518, 0.0]]
10	[[-0.42203838922340475, -0.825029846081567, 0.3757783270710803], [0.2588054115689476, 0.28760896992378115, 0.9221175843470338], [-0.8688517462515349, 0.4864224845687207, 0.09214016247897017]]	0.7238473775093389	0.2761526224906612	[[-0.3054913812476272, -0.5971956904530759, 0.27200615657524807], [0.18733561844940783, 0.2081849986274913, 0.667472395184847], [-0.6289160579685831, 0.3520956398166453, 0.06669541497368693]]	0.8414915252213039	0.26074880800925426	[[-0.2754538186990295, -0.6164285506356281, 0.32892856262649994], [0.2607828399306199, 0.23445324888508315, 0.8299885931758497], [-0.7167692949571102, 0.3660676281663212, 0.023482898045306008]]	[[0.0796879091505157, 0.07782707289664739, 0.012714285034346491], [0.043000279413938934, -0.007567261883407654, 0.05403446069027967], [0.014362086187287532, -0.04325277027534784, -0.05405226781326135]]	0.30894470669294155	[[-0.3433891837218845, -0.6412090437556982, 0.18780578075790233], [0.25000000000000006, 0.1464466094067262, 0.9571067811865475], [-0.6412090437556982, 0.3756115615158045, 0.11001407927591125]]
10	[[0.8787972042104137, -0.3840163418041313, 0.28327887866788265], [-0.395223040501579, -0.9183905790867732, -0.018907472103605397], [0.2674214316928388, -0.09534250611366366, -0.9588511794847616]]	0.7594968920876151	0.240503107912385	[[0.6674437453730945, -0.29165921811109297, 0.2151494279423215], [-0.3001706709423668, -0.6975147905389493, -0.014360166299921595], [0.2031057462483315, -0.07241233707717197, -0.7282444907932203]]	0.8409768717704391	0.25531476033701883	[[0.6881867172367764, -0.31019329007808255, 0.14020231220541776], [-0.3587582994393688, -0.8404895989722883, -0.026333874061303986], [0.12834903597958833, -0.053485925537206956, -0.8063716654164905]]	[[-0.05086140648070524, 0.012755571761083497, -0.09802867301533597], [-0.026384863186749295, -0.06814436270845167, -0.010433127318527078], [-0.09654620308982738, 0.026694917001015867, 0.0]]	0.368704401330175	[[0.5624710311752388, -0.39772708036500126, 0.39772708036500115], [-0.5, -0.8535533905932737, -0.14644660940672619], [0.39772708036500115, -0.11649156477738189, -0.6789625959526207]]
10	[[0.8489524140446696, -0.5135124485683378, 0.12483895166604869], [0.522794976890395, 0.7815435453534784, -0.34040431673891397], [0.0772347773085365, 0.35425224329800037, 0.9319550081910795]]	0.8056417805671273	0.1943582194328726	[[0.6839515344677088, -0.41370708340798107, 0.10057547530436903], [0.42118547605352813, 0.6296441334693218, -0.27424393985027506], [0.06222356351255491, 0.2854004080605002, 0.7508218922075132]]	0.8984921799539943	0.1710730681483228	[[0.7377369933736678, -0.4655934869602677, 0.065145729653967], [0.5080579170147254, 0.6666897725232794, -0.2966241546372351], [0.021879951594842902, 0.2873637023926726, 0.8189854213020977]]	[[-0.02504011179853343, -0.004206567612588412, -0.047021092171632424], [0.03833071855947621, -0.03552099127034079, 0.00922646197526164], [-0.04751489183736536, -0.030929167941740436, -0.01836886562654777]]	0.39694235085970825	[[0.6032125994214269, -0.32990792537337843, 0.3533537597467428], [0.573223304703363, 0.7803300858899106, -0.2499999999999999], [-0.19325558834935413, 0.3533537597467428, 0.6598158507467569]]
10	[[0.034229894132735264, 0.2773841392786001, 0.9601491309293217], [-0.1827544195208179, -0.9427759796974285, 0.2788803941677556], [0.9825625356654255, -0.18501754344446375, 0.018422055382213542]]	0.868258187236767	0.13174181276323316	[[0.029720385828995163, 0.24084104993826821, 0.8336573438976501], [-0.15867802100265294, -0.8185729631024562, 0.24214018549597055], [0.8531179660636234, -0.1606429968780899, 0.01599510041133605]]	0.9163706284147934	0.12904879895656238	[[0.009045187339091557, 0.2353552966125757, 0.8563934136889066], [-0.16505280185406718, -0.826599515767299, 0.25357299890258156], [0.8894239183406119, -0.1593592435804583, 0.0]]	[[-0.0223220822578949, -0.01883138141045169, -0.023459048792713776], [0.0024179804078054857, 0.037332701202406005, -0.001984803153489985], [-0.010967529923946878, 0.010185398973506248, -0.01688143046729114]]	0.2778423625502148	[[-0.05660325132532985, 0.21670142272271878, 0.7398649364454511], [-0.2803300858899109, -0.9267766952966368, 0.25000000000000017], [0.7398649364454511, -0.19325558834935422, 0.11320650265065986]]
10	[[-0.30792515101507295, 0.09349718223056193, 0.9468053539599837], [0.3027085282091916, -0.9338174967034747, 0.1906631317268273], [0.9019698710720718, 0.34531602882779927, 0.2592434992682147]]	0.7826181439652999	0.21738185603470003	[[-0.24098781016765103, 0.07317259122326777, 0.7409870488125714], [0.23690518650954512, -0.730822516072396, 0.14921642627466108], [0.7058979864110458, 0.2702505895626802, 0.2028886662323598]]	0.8435910182394918	0.2683249212119595	[[-0.2507141607146042, 0.07679731137318076, 0.7376246838966265], [0.24438067755011564, -0.8497563154400457, 0.11833966337543127], [0.6747611034211003, 0.2603739078610897, 0.17391684934142343]]	[[0.00904873097175047, -0.002076071787222312, -0.061091808725078495], [-0.010981517991654206, -0.061996262546108155, -0.04250204205873331], [-0.08613257853793183, -0.030931592512171185, -0.044778638178218734]]	0.34247720179064844	[[-0.1878057807579024, 0.11001407927591127, 0.7190007452376893], [0.4571067811865472, -0.8535533905932738, 0.25000000000000017], [0.6412090437556982, 0.3756115615158045, 0.11001407927591125]]
10	[[0.22433838825039393, -0.7661379269479729, -0.6022499185961573], [-0.9416906372873723, -0.011392912655017143, -0.3362869982418849], [0.2507808429735371, 0.642575192824231, -0.724020780340167]]	0.7372406578797132	0.2627593421202869	[[0.16539138094139494, -0.5648280292897231, -0.44400312619383464], [-0.6942526249529087, -0.008399318420950985, -0.2479244478202412], [0.18488583365743952, 0.4737325578949197, -0.533777556416568]]	0.7639976239164071	0.25347924564303903	[[0.15221958938505736, -0.6891974424306828, -0.39057077563335135], [-0.8677039373172764, -0.008086408866249742, -0.2957841181767801], [0.21361694364732553, 0.4057101162930228, -0.6434616898529593]]	[[-0.019174406191479972, -0.10386988665018965, 0.0695467311779624], [-0.14825452796539665, 0.0006177493316705082, -0.038861650565999044], [0.022020975491789618, -0.08521580421231677, -0.0903115340069688]]	0.3523552068572362	[[0.12335043617689352, -0.7189390280626792, -0.4211447321197862], [-0.8535533905932738, 0.14644660940672602, -0.5], [0.4211447321197862, 0.4211447321197863, -0.5955885918857858]]
10	[[0.04673222253661188, -0.9725397674033924, -0.22799671093185395], [-0.8377629715199755, -0.16246744520517667, 0.5213036857710898], [-0.5440306084466285, 0.16664552219444034, -0.8223502702654952]]	0.7350243432605502	0.2649756567394497	[[0.03434932117907902, -0.714840403830447, -0.16758313271825145], [-0.615776177949477, -0.1194175272131544, 0.38317089927319953], [-0.3998757406871207, 0.12248851550828, -0.6044474673320316]]	0.7817885634740882	0.36594161611860926	[[-0.028595559098461194, -0.8369661378814501, -0.14878922513670623], [-0.6848163140651128, -0.14813919162285694, 0.27196676508078327], [-0.2900651436632168, 0.03668686821302499, -0.6082893638750515]]	[[-0.06513027622331052, -0.07664567020172827, 0.02945599597952483], [-0.02986280402872772, -0.021124001024596637, -0.1355824945519445], [0.13525176420020715, -0.0935946951927558, 0.03461467258833811]]	0.26826476891178874	[[0.11320650265065986, -0.7398649364454511, -0.19325558834935408], [-0.8535533905932738, -0.2500000000000001, 0.4571067811865474], [-0.38651117669870816, 0.11320650265065973, -0.6598158507467569]]
10	[[-0.5446221603179724, 0.8109226453022452, -0.2139887049042392], [-0.8354447797583356, -0.5021691245819775, 0.22328947644507607], [0.07361197229480154, 0.30038414347728, 0.9509735242804028]]	0.7721505437062517	0.22784945629374836	[[-0.42053029720399576, 0.6261543614738407, -0.16523149483880495], [-0.6450891409269486, -0.3877501625784663, 0.17241309064094978], [0.05683952443072055, 0.23194177970671848, 0.7342947238233632]]	0.8434176291773058	0.18535867429839142	[[-0.4765285592569664, 0.6667618269428496, -0.12296172485530563], [-0.7605815848032904, -0.4529585124064886, 0.2081532194477476], [0.04616798458818717, 0.2011341891650076, 0.8192524632631241]]	[[-0.01718462800415954, -0.017184628004159538, 0.05752012130574996], [-0.055952729350958436, -0.029420219905514182, 0.019826938604199672], [-0.015917650563759853, -0.05221509296905553, 0.01718462800415954]]	0.2683722273316034	[[-0.37561156151580455, 0.6412090437556982, -0.11001407927591125], [-0.8535533905932738, -0.45710678118654735, 0.25000000000000017], [0.11001407927591125, 0.1878057807579024, 0.7190007452376893]]
10	[[0.3802729664721569, 0.7767473726770865, -0.5020517802076895], [0.4287143634067757, 0.332951791095048, 0.839849450446521], [0.8195098935212374, -0.5346088512602871, -0.20639019011321075]]	0.7385791593655204	0.2614208406344797	[[0.28086168790643845, 0.5736894215512193, -0.3708049817837583], [0.3166394941329006, 0.24591125397622488, 0.6202953011043858], [0.6052729282486428, -0.3948509559531895, -0.15243549311510513]]	0.8413172340861378	0.25387474996479353	[[0.34639696297520695, 0.5811099291541355, -0.42814133927769626], [0.4043400671687648, 0.29321553845279835, 0.717113785556914], [0.6457167692708531, -0.42814133927769626, -0.07887547991246405]]	[[0.026466762625121282, -0.07238102201022545, -0.005756524185341434], [0.04365528473437688, 0.013097458484686866, 0.010533968858484014], [-0.043751027652659535, 0.021634300782576055, 0.09476414397609456]]	0.29952993617706763	[[0.18780578075790227, 0.5862020041177427, -0.43061860115376005], [0.4571067811865474, 0.42677669529663675, 0.7803300858899108], [0.6412090437556982, -0.3433891837218846, -0.18780578075790233]]
10	[[0.5319609947059123, -0.8460851799387872, 0.03402011756955908], [-0.703274286200726, -0.4190807785627857, 0.5742617690636116], [-0.47161719485230363, -0.3294103357928521, -0.8179645788128509]]	0.7627842644830709	0.237215735516929	[[0.40577147608043207, -0.6453804616696347, 0.02595001035792372], [-0.5364465591294777, -0.31966822343500734, 0.4380378411359341], [-0.3597421750929836, -0.2512690207008721, -0.6239305096229655]]	0.8231973876314883	0.2209552071791504	[[0.4785091703124894, -0.6778452623000355, 0.004545725049196029], [-0.6026550178054678, -0.3854573010953505, 0.5569075824341443], [-0.34470586859394037, -0.33827724257854835, -0.6733463044538295]]	[[0.040600269148734394, 0.01864984753929184, -0.023459546860981097], [-0.023721462616630624, -0.040471098975894966, 0.08417679432434211], [0.043528174170566605, -0.06710751469506117, 9.781390740474488e-18]]	0.3196090361288524	[[0.37561156151580455, -0.6412090437556982, -0.11001407927591103], [-0.7071067811865477, -0.49999999999999983, 0.49999999999999994], [-0.37561156151580455, -0.11001407927591111, -0.6412090437556982]]
