10	[[0.8787972042104137, -0.3840163418041313, 0.28327887866788265], [-0.395223040501579, -0.9183905790867732, -0.018907472103605397], [0.2674214316928388, -0.09534250611366366, -0.9588511794847616]]	0.621142386586436	0.37885761341356416	[[0.5458581927487441, -0.23852882703641065, 0.17595651876529805], [-0.24548978261109844, -0.5704513161124573, -0.011744232346749928], [0.1661067863060514, -0.059221271790572926, -0.5955831100063839]]	0.8095473083846345	0.3003196038684711	[[0.6398611016894848, -0.26523623965597387, 0.1562964133821726], [-0.3216943915775348, -0.8534260847689052, -0.03216634246349808], [0.1494209114438843, -0.04477973399443889, -0.7380526781861618]]	[[-0.0715668095949977, 0.045643156227274446, -0.0730312403656293], [-0.0017426429278901007, -0.10994546342340222, -0.016859849313666776], [-0.06706938878741868, 0.0324045352045231, 0.038182713307159076]]	0.4994371300948467	[[0.6194934225704095, -0.6194934225704094, 0.0], [-0.7071067811865475, -0.7071067811865476, 0.0], [0.0, 0.0, -0.8760959999999999]]
10	[[0.04673222253661188, -0.9725397674033924, -0.22799671093185395], [-0.8377629715199755, -0.16246744520517667, 0.5213036857710898], [-0.5440306084466285, 0.16664552219444034, -0.8223502702654952]]	0.5727640301754686	0.4272359698245313	[[0.02676653611912666, -0.5570357966838799, -0.13058831502007998], [-0.47984049589955746, -0.09305550868802914, 0.29858400000757546], [-0.3116011638327033, 0.09544856090278317, -0.4710126550131509]]	0.7309321676811784	0.4330384531982461	[[-0.010777774385822201, -0.7541439713069878, -0.12127397392953466], [-0.6797551803269385, -0.14590670454670243, 0.27528276311597244], [-0.2595903375543326, 0.02027589936579339, -0.5438014525468907]]	[[-0.04493585910506724, -0.043283370962676995, 0.04537615621606439], [-0.06740727555081741, -0.027154022645259436, -0.10575486994487814], [0.13805913436247205, -0.10153067340615082, 0.05728081309147068]]	0.4393575049485111	[[-0.09847691016158097, -0.5739654943469517, -0.3362212022542662], [-0.8535533905932738, -0.14644660940672602, 0.5], [-0.3362212022542662, 0.33622120225426627, -0.4754885841853708]]
10	[[0.22433838825039393, -0.7661379269479729, -0.6022499185961573], [-0.9416906372873723, -0.011392912655017143, -0.3362869982418849], [0.2507808429735371, 0.642575192824231, -0.724020780340167]]	0.5691872223873424	0.43081277761265757	[[0.127690544083095, -0.43607591860511336, -0.34279295834874984], [-0.5359982781857658, -0.006484700309010784, -0.19141026245427556], [0.14274125144006386, 0.36574558917863503, -0.41210337691253585]]	0.7223447932921686	0.4585413153675598	[[0.19794609485483, -0.46684201807637465, -0.342842469220915], [-0.8146155584868013, 0.044372364742112994, -0.2037640767839475], [0.1563979355516507, 0.342842469220915, -0.39243603963238577]]	[[0.03589642816660098, 0.0865737243981494, 0.09218962373765159], [-0.13439022975028386, 0.05260197587889695, 0.03915108544793071], [-0.02475230062770476, -0.12131837561437958, 0.1305566012816669]]	0.45677512832310596	[[0.09847691016158097, -0.5739654943469517, -0.3362212022542662], [-0.8535533905932738, 0.14644660940672602, -0.5], [0.3362212022542662, 0.33622120225426627, -0.4754885841853708]]
10	[[0.08740825448676931, -0.06334395238859675, -0.994156597696443], [0.7119981850616444, -0.6940087028176986, 0.10681996481098455], [-0.6967197295301035, -0.717174639895393, -0.015561310176609944]]	0.6876859092489276	0.3123140907510725	[[0.06010942496259561, -0.04356074349377294, -0.6836674838226986], [0.48963111927770325, -0.47726000582385786, 0.07345858462698036], [-0.47912434069357623, -0.49319089432673563, -0.010701293737906598]]	0.8668640737417685	0.21330028602261977	[[0.048008482129036884, -0.0480084821290369, -0.7853378757643839], [0.6811984825175079, -0.6613696080981096, 0.08845646469384731], [-0.558943312163144, -0.5752035018824276, 0.0]]	[[-0.027762593434021182, 0.006902114485446711, 0.07646076245201125], [0.06399283531822533, -0.05975839676131908, -0.004141925159155126], [0.04501799083358464, 0.04648942804157855, 0.013489540732455337]]	0.22703085345127585	[[0.0, 0.0, -0.8200258559999999], [0.7071067811865475, -0.7071067811865476, 0.0], [-0.5798458435259033, -0.5798458435259032, 0.0]]
10	[[-0.8305561570912853, 0.32773595720904825, 0.4502950280316503], [-0.5100865793185324, -0.772219296347621, -0.37879947194723407], [0.22358030216652452, -0.5443036842615101, 0.808545204538665]]	0.5834328956212319	0.4165671043787681	[[-0.4845737837078114, 0.1912119385136711, 0.26271693208834945], [-0.29760128998934043, -0.4505381401226826, -0.22100407277796832], [0.13044410309688542, -0.3175646746059976, 0.47173186992465443]]	0.7476782511738997	0.3991000643988101	[[-0.5381682703709598, 0.21857067271135883, 0.2332059365253084], [-0.4561717288582383, -0.6759037911615032, -0.2576336094986005], [0.1385624045281092, -0.35173667193426994, 0.5249744502392723]]	[[0.08282050466476709, -0.02647037462150638, -0.1034698625456981], [-0.07479108728608123, -0.09853221814557464, 0.02558651723250417], [-0.028603724792689935, 0.05522735482188633, -0.07955721428523979]]	0.5026944892564162	[[-0.5080006241296697, 0.3592106861690879, 0.35921068616908786], [-0.7071067811865475, -0.5000000000000001, -0.5], [0.0, -0.5080006241296696, 0.5080006241296697]]
10	[[0.034229894132735264, 0.2773841392786001, 0.9601491309293217], [-0.1827544195208179, -0.9427759796974285, 0.2788803941677556], [0.9825625356654255, -0.18501754344446375, 0.018422055382213542]]	0.7995183752617288	0.20048162473827136	[[0.027367429342385473, 0.2217737163593994, 0.7676568731695724], [-0.1461155165671847, -0.7537667195234725, 0.2229699996373544], [0.7855768021082653, -0.14792492572963398, 0.014728771788168955]]	0.8867189980760526	0.173825243775629	[[0.00916670539682538, 0.21954199160614968, 0.8073402746275781], [-0.1671554721819875, -0.8247493651984896, 0.2559369871703127], [0.8378779766243835, -0.1496144309793976, 0.0]]	[[-0.021185592032802986, -0.02641979445715885, -0.04404220075366277], [-0.005103656410517254, 0.011228006928982799, 0.008648443470825794], [-0.0333788905479282, 0.014444139770169796, -0.016335186491017943]]	0.36645620087280967	[[0.0, 0.0, 0.9359999999999999], [0.0, -1.0, 0.0], [0.9359999999999999, 0.0, 0.0]]
10	[[0.3802729664721569, 0.7767473726770865, -0.5020517802076895], [0.4287143634067757, 0.332951791095048, 0.839849450446521], [0.8195098935212374, -0.5346088512602871, -0.20639019011321075]]	0.604384502622079	0.3956154973779213	[[0.22983108770189706, 0.4694540744984474, -0.3034323154713537], [0.25910831729454536, 0.20123090265811092, 0.5075919923855471], [0.4952990793897059, -0.32310930466630966, -0.12473903239764919]]	0.7806614977860046	0.337276734307593	[[0.340761465468068, 0.482043668723967, -0.38779705251042457], [0.40439821059749925, 0.3101246145892381, 0.724059610791092], [0.5543304354958879, -0.413048232239989, -0.05840187264917779]]	[[0.04389700189438689, -0.1243330986314713, 0.004135442192640115], [0.06971741353799223, 0.05020197066244509, 0.06842148089075809], [-0.08542938543085041, 0.004300314314522029, 0.10271900229293955]]	0.4324651608154415	[[0.3837721006079998, 0.38377210060799993, -0.5427357095402454], [0.5, 0.5000000000000001, 0.7071067811865475], [0.5427357095402454, -0.5427357095402454, 0.0]]
10	[[-0.5446221603179724, 0.8109226453022452, -0.2139887049042392], [-0.8354447797583356, -0.5021691245819775, 0.22328947644507607], [0.07361197229480154, 0.30038414347728, 0.9509735242804028]]	0.6477819366988445	0.3522180633011555	[[-0.3527963977798847, 0.5253010416868386, -0.13861801769454557], [-0.5411860374367942, -0.32529608807207677, 0.1446428894960624], [0.04768450597734823, 0.19458342221533598, 0.616023471307685]]	0.7876595755311038	0.31039715965219167	[[-0.4633952010193635, 0.6040927890428248, -0.10029987632060232], [-0.7339557844433243, -0.40236911615836735, 0.09937747056380453], [0.07255657100704882, 0.1040199065763154, 0.7250216820209577]]	[[-0.03441834139847665, -0.034638197544501495, 0.06825037615272138], [-0.07590970383919717, -0.006830796645301043, -0.07649862367348648], [0.014575396155318089, -0.13258054037127315, -0.02402172045506218]]	0.4226174391941074	[[-0.6194934225704095, 0.6194934225704094, 0.0], [-0.7071067811865475, -0.7071067811865476, 0.0], [0.0, 0.0, 0.8760959999999999]]
10	[[0.8592155572171323, 0.2624339665249735, -0.4391776855101157], [-0.4266000482917053, 0.8413623931712975, -0.33184593135155627], [0.2824199444684594, 0.4724804086637203, 0.8348660002631537]]	0.6015126096481397	0.3984873903518603	[[0.5168289920719578, 0.15785734006474939, -0.2641709157104197], [-0.25660530832396605, 0.5060900887762713, -0.19960951216839212], [0.16987915781390572, 0.2842029236229338, 0.5021824265247941]]	0.7594584053153753	0.4273318098406713	[[0.4897860691656466, 0.1979679081348368, -0.2909349881722852], [-0.3544962769885669, 0.7489325104638782, -0.25163426132050337], [0.24236545713800317, 0.32360382107933805, 0.4863155011371907]]	[[-0.16275240774063832, -0.0013397735828081952, 0.04260219651532471], [-0.030511284605486272, 0.10995276905367678, 0.00038892051414507467], [0.02787925648273014, -0.03522539662716781, -0.14773050007468982]]	0.4991402628831954	[[0.43028973954057936, 0.23533327290816108, -0.2520578936728848], [-0.573223304703363, 0.7803300858899106, -0.2499999999999999], [0.1378550395919519, 0.2520578936728847, 0.47066654581632217]]
10	[[0.8489524140446696, -0.5135124485683378, 0.12483895166604869], [0.522794976890395, 0.7815435453534784, -0.34040431673891397], [0.0772347773085365, 0.35425224329800037, 0.9319550081910795]]	0.7094316399161008	0.2905683600838992	[[0.6022737033064426, -0.36430197850516816, 0.08856470220585179], [0.3708872977952529, 0.5544517190459617, -0.24149359265860754], [0.0547927947245499, 0.2513177499068579, 0.6611583697890208]]	0.8609717280794461	0.2338885433089859	[[0.6830178988240202, -0.42805339659716507, 0.05412200332469473], [0.49460082227986246, 0.6659176564498143, -0.3119453024683836], [0.0222020881988126, 0.26317732004745725, 0.7567883974577789]]	[[-0.047906128153236166, 0.014066303637024428, -0.053360804622849645], [0.04448912759528498, -0.006969240362507106, -0.018866809639977805], [-0.04429487148834926, -0.041823846040842425, -0.04559851643678896]]	0.44854343504429856	[[0.6618519471906085, -0.6618519471906084, 0.0], [0.7071067811865475, 0.7071067811865476, 0.0], [0.0, 0.0, 0.9359999999999999]]
10	[[-0.30792515101507295, 0.09349718223056193, 0.9468053539599837], [0.3027085282091916, -0.9338174967034747, 0.1906631317268273], [0.9019698710720718, 0.34531602882779927, 0.2592434992682147]]	0.6439112178066454	0.3560887821933547	[[-0.19827645898341084, 0.060203884471570976, 0.609658588494225], [0.19491741703963775, -0.6012955615114874, 0.12277012934105025], [0.5807885181069207, 0.22235286465066284, 0.16692979732225233]]	0.8132861504295966	0.29561836976551964	[[-0.2132010092208695, 0.07007842382368752, 0.7179340727330507], [0.2515449623275938, -0.8457460603265614, 0.12085699088150301], [0.6576629241236529, 0.2446132817938012, 0.143122585397182]]	[[0.03723025146863137, -0.005961539588620682, -0.052089608795195946], [0.005356308718131437, -0.08628522322879009, -0.03420669354945943], [-0.07589668012403206, -0.036227461973195284, -0.0677165621465623]]	0.47850010820562794	[[0.0, 0.0, 0.9359999999999999], [0.0, -1.0, 0.0], [0.9359999999999999, 0.0, 0.0]]
10	[[-0.42203838922340475, -0.825029846081567, 0.3757783270710803], [0.2588054115689476, 0.28760896992378115, 0.9221175843470338], [-0.8688517462515349, 0.4864224845687207, 0.09214016247897017]]	0.5955986509822839	0.4044013490177162	[[-0.25136549528419594, -0.4913866633463026, 0.22381306467191486], [0.1541441539973799, 0.17129951449700828, 0.5492119892841357], [-0.5174869279710159, 0.2897125756165809, 0.0548785564737631]]	0.7801815074630334	0.36048883583654384	[[-0.24460309082743623, -0.5229411103885635, 0.2924028168933137], [0.2693786420843856, 0.23863208505842656, 0.8260556126114396], [-0.6104348537892087, 0.32232166689390634, 0.023599341552632006]]	[[0.0846634558841501, 0.12073191862934782, -0.0007724847929384846], [0.06746344594693332, 0.01424488534340072, 0.10663652559739982], [0.06742721136320275, -0.0571761603808322, -0.048286709308099765]]	0.5151124258963922	[[-0.23592618847782, -0.4405438868840775, 0.12903231705806695], [0.25000000000000006, 0.1464466094067262, 0.9571067811865475], [-0.4405438868840775, 0.2580646341161338, 0.07558538134819043]]
10	[[-0.3195682178843842, -0.5708200961323295, -0.7563336379995778], [0.910087742671785, 0.03735879733279218, -0.41272826520656647], [0.2638493031197415, -0.8202248094963509, 0.507557688474819]]	0.5853371370123153	0.4146628629876846	[[-0.18705514573657325, -0.3341222008191923, -0.4427101662927817], [0.5327081537255035, 0.021867491472999892, -0.24158518112007119], [0.15444079569080404, -0.4801080416970658, 0.2970923642404391]]	0.7103044554332961	0.4644909683970604	[[-0.24053908494656762, -0.39140532959635493, -0.41491506920562354], [0.7877027741184378, 0.015706035761762466, -0.2188028789052011], [0.16794088091305379, -0.41491506920562354, 0.3230989999489835]]	[[-0.013548355968411183, 0.014050727937301211, 0.12231208365955021], [0.1412633956634378, -0.010830084433349443, 0.07435984675427809], [-0.0194724546558689, 0.16769426743656105, -0.03742148756410529]]	0.4544849405943972	[[-0.31470304530999316, -0.3147030453099932, -0.4450573147975071], [0.8535533905932738, -0.14644660940672602, -0.5], [0.09217438791123977, -0.5372317027087468, 0.31470304530999316]]
10	[[0.5319609947059123, -0.8460851799387872, 0.03402011756955908], [-0.703274286200726, -0.4190807785627857, 0.5742617690636116], [-0.47161719485230363, -0.3294103357928521, -0.8179645788128509]]	0.6204180277300912	0.3795819722699088	[[0.3300381911647796, -0.5249264986292818, 0.02110669424565166], [-0.43632404559794213, -0.26000527009551455, 0.35628235416323906], [-0.29259980987386436, -0.2043721108465084, -0.5074799707401436]]	0.7363101801130936	0.35078441115561965	[[0.40875262702048193, -0.5551756215824664, 0.035075771212919986], [-0.6045789311803355, -0.3754315593990308, 0.5636166679516497], [-0.27889078445010373, -0.3049866597236219, -0.551064548445837]]	[[0.017064331195431166, 0.06780550964928131, 0.010026412317809319], [-0.08675091483897154, -0.06685811585353055, 0.14078188134035813], [0.06836575723602789, -0.062438476044872356, 0.051211097905984014]]	0.42738978160990093	[[0.5080006241296697, -0.5080006241296696, 0.0], [-0.5, -0.5000000000000001, 0.7071067811865475], [-0.35921068616908786, -0.3592106861690879, -0.5080006241296697]]
