10	[[-0.3195682178843842, -0.5708200961323295, -0.7563336379995778], [0.910087742671785, 0.03735879733279218, -0.41272826520656647], [0.2638493031197415, -0.8202248094963509, 0.507557688474819]]	0.6585772310032505	0.3414227689967495	[[-0.21046035205094119, -0.37592911831183873, -0.49810411302837676], [0.5993630655387829, 0.024603653301041885, -0.2718134380565157], [0.17376514345073663, -0.5401813838382755, 0.3342659370501567]]	0.7366571251817755	0.29319913074502585	[[-0.2856943918027749, -0.4351353225771081, -0.5319019667197158], [0.7583022960589599, 0.015013392182738575, -0.3443161366690848], [0.19034631640192823, -0.568582380928271, 0.37823606452634284]]	[[-0.05028218711660126, -0.014636631564281497, 0.025256596727326906], [0.08787967587919132, -0.012507232060684733, -0.04027691934075418], [-0.004020152715475411, 0.0356420692380804, 0.0043400768705755405]]	0.38654509006285004	[[-0.3590634761317724, -0.3590634761317725, -0.5077924376983808], [0.8535533905932738, -0.14644660940672602, -0.5], [0.10516725728258221, -0.6129596949809628, 0.3590634761317724]]
10	[[0.034229894132735264, 0.2773841392786001, 0.9601491309293217], [-0.1827544195208179, -0.9427759796974285, 0.2788803941677556], [0.9825625356654255, -0.18501754344446375, 0.018422055382213542]]	0.8349908571242348	0.16500914287576518	[[0.02858164864116443, 0.23161322020890637, 0.8017157458017635], [-0.15259826939892973, -0.7872093233636961, 0.23286257936127863], [0.8204307338334352, -0.15448795718371314, 0.015382247813584608]]	0.9017401952261765	0.14954660818785442	[[0.0091107304886739, 0.22732715504510748, 0.8316230770344136], [-0.16608334752191659, -0.82569869160679, 0.25471723514034644], [0.8633836135014594, -0.154424225289655, 0.0]]	[[-0.021755740929150152, -0.022801272860622293, -0.0341819877360367], [-0.0012863415847677064, 0.02444030438011919, 0.0032395740587614066], [-0.02263251923140814, 0.012413530456223324, -0.016611907816824676]]	0.35834951513633223	[[0.0, 0.0, 0.9538], [0.0, -1.0, 0.0], [0.9538, 0.0, 0.0]]
10	[[0.8787972042104137, -0.3840163418041313, 0.28327887866788265], [-0.395223040501579, -0.9183905790867732, -0.018907472103605397], [0.2674214316928388, -0.09534250611366366, -0.9588511794847616]]	0.6764138597890549	0.32358614021094534	[[0.5944306088717963, -0.25975397598180544, 0.19161375971645786], [-0.26733434230323894, -0.6212121163939895, -0.0127892761844536], [0.18088756280166818, -0.06449099256230478, -0.6485802272785754]]	0.8256951733905142	0.2838078954107067	[[0.6541197822955167, -0.26690227685677603, 0.16725036358493153], [-0.3171616583609809, -0.8546000478614925, -0.033864878060202594], [0.15829067288529847, -0.05243865267948892, -0.7519132147650684]]	[[-0.07149882761009996, 0.05017816307397716, -0.06665163925461634], [0.009172098593896633, -0.09628937942222446, -0.018253069603239823], [-0.06251791252465963, 0.02628519443751878, 0.03980557613530083]]	0.43384945586881873	[[0.48433242707671553, -0.34247474353448454, 0.3424747435344845], [-0.5, -0.8535533905932737, -0.14644660940672619], [0.3424747435344845, -0.10030852999612679, -0.5846409570728424]]
10	[[0.8592155572171323, 0.2624339665249735, -0.4391776855101157], [-0.4266000482917053, 0.8413623931712975, -0.33184593135155627], [0.2824199444684594, 0.4724804086637203, 0.8348660002631537]]	0.6792597298800134	0.3207402701199868	[[0.5836305273040145, 0.17826082521309394, -0.29831571602893064], [-0.2897722335694244, 0.5715035919167372, -0.22540957769163952], [0.1918364951923741, 0.320936914762517, 0.567090853824757]]	0.77692385549055	0.39463452492595597	[[0.5298608527733327, 0.20964579648143888, -0.28410482128505643], [-0.33954801619834984, 0.7512662009719562, -0.26094849483573745], [0.24106579072765916, 0.33033164902508866, 0.5229101664205908]]	[[-0.13768421063726277, 0.005754587397178518, 0.05710279938687882], [-0.008112261927103414, 0.0975916866045559, -0.003129474421233963], [0.02164699860379667, -0.03674965171767954, -0.1257171453218332]]	0.4121310230421209	[[0.5097934069009241, 0.27881527242803855, -0.2986300637541755], [-0.573223304703363, 0.7803300858899106, -0.2499999999999999], [0.16332620519159569, 0.2986300637541755, 0.5576305448560771]]
10	[[0.8489524140446696, -0.5135124485683378, 0.12483895166604869], [0.522794976890395, 0.7815435453534784, -0.34040431673891397], [0.0772347773085365, 0.35425224329800037, 0.9319550081910795]]	0.7519543805620071	0.24804561943799291	[[0.6383734866295802, -0.38613793517408396, 0.093873196570054], [0.39311797300854573, 0.58768509252851, -0.2559685171340433], [0.05807702912888514, 0.26638152617184935, 0.7007876508959835]]	0.8785464477428755	0.20293971500919225	[[0.7101125032565415, -0.453834946368037, 0.05310619143977556], [0.5044495213392435, 0.6687892409906611, -0.2951639850649893], [0.023453923960332582, 0.26421857513250857, 0.7937417006595121]]	[[-0.0357316244051417, -0.0026904088065778406, -0.056570626086376044], [0.04514985149436829, -0.017833064536010232, 0.003897018202324241], [-0.0444004152862942, -0.04700847482189448, -0.02502406124294309]]	0.44214461636981817	[[0.674438447895729, -0.6744384478957289, 0.0], [0.7071067811865475, 0.7071067811865476, 0.0], [0.0, 0.0, 0.9538]]
10	[[0.22433838825039393, -0.7661379269479729, -0.6022499185961573], [-0.9416906372873723, -0.011392912655017143, -0.3362869982418849], [0.2507808429735371, 0.642575192824231, -0.724020780340167]]	0.6443323446494762	0.35566765535052375	[[0.14454847969626086, -0.4936474467952765, -0.3880491021140183], [-0.6067617362578321, -0.007340822123393903, -0.21668059005232798], [0.1615862085463113, 0.4140319806060261, -0.46651000697152323]]	0.749148410646147	0.42328205112846534	[[0.20385089162043965, -0.5074062959835572, -0.35924150738179056], [-0.8175475667823214, 0.050615670709349816, -0.20341813049410185], [0.1683522523195463, 0.3592415073817905, -0.423491847675045]]	[[0.03578814461573872, 0.06654471432525065, 0.09193306194629206], [-0.11208152253812907, 0.05915065311748641, 0.048510739759769855], [-0.019519817614579937, -0.12214267704312365, 0.11890716919157435]]	0.4036647038598202	[[0.11026133076387315, -0.6426501310347692, -0.376455730899321], [-0.8535533905932738, 0.14644660940672602, -0.5], [0.376455730899321, 0.3764557308993211, -0.5323888002708962]]
10	[[-0.8305561570912853, 0.32773595720904825, 0.4502950280316503], [-0.5100865793185324, -0.772219296347621, -0.37879947194723407], [0.22358030216652452, -0.5443036842615101, 0.808545204538665]]	0.6543740289049444	0.34562597109505566	[[-0.5434943787476324, 0.21446189873590338, 0.2946613716889359], [-0.3337874099990096, -0.505320252149134, -0.24787653660517703], [0.1463051431124936, -0.35617819481800916, 0.5290909830457386]]	0.7668035333601051	0.3886178813554699	[[-0.6023135837311209, 0.2390109726400686, 0.1969784876883296], [-0.5684636673284112, -0.6242943011870172, -0.30345782223369216], [0.17643029629858187, -0.26780919624519783, 0.5818736293857517]]	[[0.034559812180467275, -0.012298117356985744, -0.14830933086082743], [-0.17732747598739096, -0.03215381621880735, -0.012993048709611162], [0.004988130607570906, 0.14956479206745124, -0.038121690335865335]]	0.417783624619455	[[-0.48624095150210134, 0.26593400684186314, 0.28483335480873256], [-0.573223304703363, -0.7803300858899106, -0.2499999999999999], [0.15578053451174395, -0.28483335480873256, 0.5318680136837263]]
10	[[-0.30792515101507295, 0.09349718223056193, 0.9468053539599837], [0.3027085282091916, -0.9338174967034747, 0.1906631317268273], [0.9019698710720718, 0.34531602882779927, 0.2592434992682147]]	0.7079604491601851	0.292039550839815	[[-0.21799882822034888, 0.0661923071271603, 0.670300743656778], [0.2143056655955979, -0.6611058543998316, 0.1349819563756122], [0.6385589950531383, 0.24447009087114024, 0.18353414418378342]]	0.8284257614077185	0.28267314133001487	[[-0.23315420689098965, 0.0727184269668394, 0.7261381621287726], [0.24745088978406038, -0.8484103601400717, 0.11851887468103173], [0.664472595599279, 0.2517132326978656, 0.16043577992415026]]	[[0.021938920795258884, -0.004737047411990079, -0.05821978413043116], [-0.003320653182248997, -0.07481188941764608, -0.03943137539214531], [-0.08274248161042387, -0.0343554614100936, -0.05432821334712189]]	0.4309392977549971	[[-0.3266524103831913, 0.09567427591030574, 0.5576305448560771], [0.14644660940672619, -0.9571067811865475, 0.2499999999999999], [0.5576305448560771, 0.16332620519159563, 0.2986300637541755]]
10	[[0.04673222253661188, -0.9725397674033924, -0.22799671093185395], [-0.8377629715199755, -0.16246744520517667, 0.5213036857710898], [-0.5440306084466285, 0.16664552219444034, -0.8223502702654952]]	0.6503817849500197	0.3496182150499802	[[0.030393786308043194, -0.6325221498586953, -0.14828490781859283], [-0.5448657767821942, -0.10566586700881236, 0.3390464216528255], [-0.3538275981889636, 0.10838321217874822, -0.534841636629404]]	0.756325046308868	0.39961689826558333	[[-0.009263585093073389, -0.7980815546103538, -0.12433041899687325], [-0.6870809214266436, -0.1459320951525418, 0.27142031478822415], [-0.26954981019524016, 0.026770714639194816, -0.5807871160806456]]	[[-0.04460833546719281, -0.06252536999176729, 0.048109203956930774], [-0.05345980319594331, -0.023053897134052963, -0.12285471949357891], [0.1419141649315978, -0.09926746765168074, 0.041176990160015095]]	0.374164046239812	[[0.09567427591030583, -0.6252824741373669, -0.16332620519159566], [-0.8535533905932738, -0.2500000000000001, 0.4571067811865474], [-0.3266524103831913, 0.09567427591030574, -0.5576305448560771]]
10	[[0.5319609947059123, -0.8460851799387872, 0.03402011756955908], [-0.703274286200726, -0.4190807785627857, 0.5742617690636116], [-0.47161719485230363, -0.3294103357928521, -0.8179645788128509]]	0.6822952276944297	0.3177047723055703	[[0.3629544480074257, -0.5772798804952174, 0.02321176386331357], [-0.4798406892349619, -0.28593681523185477, 0.39181606447946293], [-0.32178216134636073, -0.22475510006468258, -0.5580933285470925]]	0.7659412905698502	0.28083059126504195	[[0.429201727997549, -0.6289354666447394, 0.005356242312171274], [-0.6099220259994864, -0.37973572344174134, 0.5409202604266568], [-0.306058318917733, -0.2984834483965038, -0.626512845136339]]	[[0.021750837179681275, 0.019116108009599207, -0.02070117044439484], [-0.0712552116023123, -0.0587444510563436, 0.10106945990514879], [0.0551727639623729, -0.04617447067227907, 7.995862718311809e-18]]	0.3824186741714452	[[0.5581765572141919, -0.5581765572141918, 0.0], [-0.5, -0.5000000000000001, 0.7071067811865475], [-0.39469042870551585, -0.39469042870551596, -0.5581765572141919]]
10	[[-0.42203838922340475, -0.825029846081567, 0.3757783270710803], [0.2588054115689476, 0.28760896992378115, 0.9221175843470338], [-0.8688517462515349, 0.4864224845687207, 0.09214016247897017]]	0.6548957132374531	0.34510428676254684	[[-0.2763911319240475, -0.5403085094917741, 0.24609561552639214], [0.16949055459915857, 0.18835388149172383, 0.6038908530897481], [-0.5690072840590056, 0.31855599996636635, 0.06034219742447998]]	0.8113793136384816	0.31183681279655884	[[-0.26006323297775, -0.5675535183443634, 0.31035940257210676], [0.2651677093451292, 0.23612352952128685, 0.8279579565242694], [-0.6611944244592879, 0.3437475014011043, 0.024037449750623767]]	[[0.08236998559942653, 0.10185863190056058, 0.005460641472956747], [0.05517835214039171, 0.0027635609082585274, 0.07977082384279836], [0.04377390906787871, -0.0509256402665893, -0.05072317204010123]]	0.4180863745060089	[[-0.28483335480873245, -0.5318680136837263, 0.15578053451174395], [0.25000000000000006, 0.1464466094067262, 0.9571067811865475], [-0.5318680136837263, 0.3115610690234878, 0.0912541243632497]]
10	[[0.3802729664721569, 0.7767473726770865, -0.5020517802076895], [0.4287143634067757, 0.332951791095048, 0.839849450446521], [0.8195098935212374, -0.5346088512602871, -0.20639019011321075]]	0.6631201601379494	0.33687983986205083	[[0.2521666704231498, 0.5150768421563611, -0.33292065688886563], [0.2842891373157401, 0.22078704502916532, 0.5569211020718658], [0.5434335318264367, -0.35450990705888663, -0.13686149591877406]]	0.8109273167221973	0.2987152493661278	[[0.34632212872317336, 0.5279992355479484, -0.41268265458438985], [0.4075211482571597, 0.29766202515860707, 0.7157744995669767], [0.5988998726821742, -0.4172227658573991, -0.0706701098688701]]	[[0.037948392399917034, -0.10188642714809794, -0.005555151604965912], [0.05986495989943804, 0.02766232260805025, 0.034717638265767445], [-0.06566308629829654, 0.01630615539104181, 0.09669733319742009]]	0.40601380801042336	[[0.41380837566105666, 0.41380837566105677, -0.5852134170834471], [0.5, 0.5000000000000001, 0.7071067811865475], [0.5852134170834471, -0.585213417083447, 0.0]]
10	[[-0.5446221603179724, 0.8109226453022452, -0.2139887049042392], [-0.8354447797583356, -0.5021691245819775, 0.22328947644507607], [0.07361197229480154, 0.30038414347728, 0.9509735242804028]]	0.7037757171333257	0.2962242828666744	[[-0.3832918514444821, 0.5707076662372411, -0.15060005425241252], [-0.5879657489997159, -0.35341443577489545, 0.1571457114134582], [0.05180631859137243, 0.21140306599120254, 0.6692720740252465]]	0.8086633823406021	0.2850105882195461	[[-0.4830656796727069, 0.62116876370119, -0.1139281119535825], [-0.7352711757131783, -0.40659159350902335, 0.09631307190849567], [0.07531088474046033, 0.11832753889588446, 0.7477725373043131]]	[[-0.04264968141232975, -0.03459468546551205, 0.059116717936964575], [-0.05967757435500338, -0.0005058107175422225, -0.08425295135464177], [0.01578357824378344, -0.12458211856993749, -0.021244929356640227]]	0.3886564130805903	[[-0.31156106902348785, 0.5318680136837262, -0.0912541243632497], [-0.8535533905932738, -0.45710678118654735, 0.25000000000000017], [0.0912541243632497, 0.155780534511744, 0.5963944238322205]]
10	[[0.08740825448676931, -0.06334395238859675, -0.994156597696443], [0.7119981850616444, -0.6940087028176986, 0.10681996481098455], [-0.6967197295301035, -0.717174639895393, -0.015561310176609944]]	0.7543352978369469	0.24566470216305317	[[0.06593513168168479, -0.047782579191221516, -0.7499274132199121], [0.5370853629878412, -0.5235152615414218, 0.08057806997062622], [-0.5255602846839678, -0.5409901455865964, -0.011738445546806173]]	0.9013872475537889	0.16727459729461214	[[0.053034409824684436, -0.05303440982468445, -0.8310669545035685], [0.6837284892222879, -0.6705384480286186, 0.09062404975093409], [-0.6012280690540838, -0.6122399567462792, 0.0]]	[[-0.025754276100625674, 0.00406302106805102, 0.06505312473146765], [0.04194240492627911, -0.04496785361739784, -0.005662104313831865], [0.02678621026347644, 0.03421211792440873, 0.0140267665484252]]	0.19004247456103365	[[0.0, 0.0, -0.8677047088719999], [0.7071067811865475, -0.7071067811865476, 0.0], [-0.6135598837108902, -0.6135598837108901, 0.0]]
