10	[[-0.5446221603179724, 0.8109226453022452, -0.2139887049042392], [-0.8354447797583356, -0.5021691245819775, 0.22328947644507607], [0.07361197229480154, 0.30038414347728, 0.9509735242804028]]	0.6385844969609337	0.3614155030390663	[[-0.34778726828042944, 0.5178426295245641, -0.13664986947659524], [-0.5335020844206149, -0.32067741781049447, 0.14258919799234918], [0.04700746429817805, 0.19182065715747973, 0.6072769496257673]]	0.7839778813640609	0.3143941077294354	[[-0.45924882783030446, 0.601299260350548, -0.09781602741865496], [-0.7336158223368959, -0.40076374533356474, 0.10038239903850427], [0.07192937996046822, 0.10195152066201618, 0.7213099507698412]]	[[-0.0322771004403026, -0.03444615706364591, 0.06994638408800972], [-0.07864559390529147, -0.00707425895734094, -0.07467161163579683], [0.014219221877759782, -0.1335430037366599, -0.02423225802882343]]	0.42497286539379026	[[-0.6155286748482967, 0.6155286748482965, 0.0], [-0.7071067811865475, -0.7071067811865476, 0.0], [0.0, 0.0, 0.8704890000000001]]
10	[[0.8787972042104137, -0.3840163418041313, 0.28327887866788265], [-0.395223040501579, -0.9183905790867732, -0.018907472103605397], [0.2674214316928388, -0.09534250611366366, -0.9588511794847616]]	0.6147357974627239	0.3852642025372762	[[0.540228100138301, -0.2360685921176806, 0.17414166738224704], [-0.24295775097838063, -0.5645675650171603, -0.011623099941614059], [0.16439352707032062, -0.058610451527877666, -0.5894401444686385]]	0.8072926785723743	0.3159015146277248	[[0.6234173728190134, -0.2403476475775605, 0.17992139572093507], [-0.3216357379265331, -0.8589394465007909, -0.01891456344711278], [0.1635049838044136, -0.056097643714883176, -0.716152635202751]]	[[-0.08602917608992525, 0.0696659336130611, -0.04876756902183853], [-0.0025750709264954347, -0.11752945593419559, -0.003650699647560745], [-0.05238238009455744, 0.02087166342741934, 0.05792090183578275]]	0.5012927981091582	[[0.6155286748482967, -0.6155286748482965, 0.0], [-0.7071067811865475, -0.7071067811865476, 0.0], [0.0, 0.0, -0.8704890000000001]]
10	[[-0.30792515101507295, 0.09349718223056193, 0.9468053539599837], [0.3027085282091916, -0.9338174967034747, 0.1906631317268273], [0.9019698710720718, 0.34531602882779927, 0.2592434992682147]]	0.6361501177752383	0.36384988222476183	[[-0.19588662108419674, 0.0594782434876249, 0.6023103374318697], [0.19256806587184627, -0.5940481105084937, 0.12129037370341701], [0.573788239712215, 0.21967283240848215, 0.16491778259193973]]	0.8107363950172951	0.29787442389373614	[[-0.20983018758855837, 0.0696661789444385, 0.7165777105299933], [0.25227501773494687, -0.845256544831293, 0.12130873042181861], [0.6565442370677119, 0.24345648093094074, 0.1401640086441199]]	[[0.03981593928055807, -0.006135389521442396, -0.051031848922597996], [0.0068581968336356314, -0.088176713949843, -0.03326880965709704], [-0.07471556461947411, -0.03650379142259755, -0.0700141313842613]]	0.4792184728832305	[[0.0, 0.0, 0.933], [0.0, -1.0, 0.0], [0.933, 0.0, 0.0]]
10	[[0.3802729664721569, 0.7767473726770865, -0.5020517802076895], [0.4287143634067757, 0.332951791095048, 0.839849450446521], [0.8195098935212374, -0.5346088512602871, -0.20639019011321075]]	0.5958526790370796	0.40414732096292066	[[0.22658666583781228, 0.4628270029446548, -0.2991488982520869], [0.25545060197760344, 0.19839021671417845, 0.5004265450363787], [0.48830716555202114, -0.3185481162603777, -0.1229781477059288]]	0.7753220570020122	0.34380750086014633	[[0.3401681683464738, 0.4742533985992323, -0.3834283659662165], [0.40322523278012407, 0.31237860596982087, 0.7261662224077767], [0.547016472228723, -0.41293124197596437, -0.05591870381498367]]	[[0.04533414975902396, -0.12797597215567488, 0.0058234529859313225], [0.0708335306772746, 0.05423373841550413, 0.07501241891557044], [-0.08836762414966276, 0.001562792274644171, 0.10410016292862721]]	0.437273088059802	[[0.37887554956049996, 0.37887554956050007, -0.535810940640019], [0.5, 0.5000000000000001, 0.7071067811865475], [0.535810940640019, -0.5358109406400189, 0.0]]
10	[[0.034229894132735264, 0.2773841392786001, 0.9601491309293217], [-0.1827544195208179, -0.9427759796974285, 0.2788803941677556], [0.9825625356654255, -0.18501754344446375, 0.018422055382213542]]	0.7936599930553819	0.20634000694461818	[[0.027166897539673128, 0.22014869405352688, 0.7620319525854965], [-0.1450448713277327, -0.748243577499442, 0.22133621169846307], [0.7798205752327, -0.1468410222452569, 0.01462084834671346]]	0.8841326660589867	0.17795388503027212	[[0.009175252039774607, 0.21824480661070303, 0.8032683208385499], [-0.1673415222893799, -0.8245834157771024, 0.2561515744067022], [0.8336031431982125, -0.14881058089089286, 0.0]]	[[-0.021088515518717495, -0.026999571972162968, -0.04563089010421025], [-0.00576237012437667, 0.008955624649158434, 0.00958430799958336], [-0.03511249102933829, 0.01476947306234528, -0.016287540939362768]]	0.36784568948231006	[[0.0, 0.0, 0.933], [0.0, -1.0, 0.0], [0.933, 0.0, 0.0]]
10	[[-0.42203838922340475, -0.825029846081567, 0.3757783270710803], [0.2588054115689476, 0.28760896992378115, 0.9221175843470338], [-0.8688517462515349, 0.4864224845687207, 0.09214016247897017]]	0.5862311862957746	0.4137688137042253	[[-0.2474120655767944, -0.4836582253978174, 0.220292974463121], [0.15171980344383032, 0.16860534762772406, 0.5405740853759556], [-0.5093479899201928, 0.28515603016965924, 0.05401543675553211]]	0.7731711466734121	0.3683952466503932	[[-0.24241543597727044, -0.5153356631437296, 0.2904207491376894], [0.2710104694678179, 0.2364302173172468, 0.8269221330998039], [-0.6003979311688816, 0.31662397321266594, 0.026203224074976685]]	[[0.08389246935878923, 0.12255360899094406, -0.00012021089887428917], [0.07090959263977029, 0.014059260247717937, 0.11396742304249065], [0.071373169769614, -0.059463856949061915, -0.04503689100356317]]	0.5302028190493024	[[-0.22847258822099606, -0.42662581339843697, 0.12495580771517553], [0.25000000000000006, 0.1464466094067262, 0.9571067811865475], [-0.42662581339843697, 0.24991161543035095, 0.07319741746226527]]
10	[[-0.3195682178843842, -0.5708200961323295, -0.7563336379995778], [0.910087742671785, 0.03735879733279218, -0.41272826520656647], [0.2638493031197415, -0.8202248094963509, 0.507557688474819]]	0.5735945392300735	0.4264054607699264	[[-0.1833025846899691, -0.3274192900242898, -0.43382884459257304], [0.5220213594167603, 0.02142880214229262, -0.2367386791083882], [0.1513425194491441, -0.4704764716681342, 0.291132318453395]]	0.7058244462800403	0.4696856134194243	[[-0.23812893943441238, -0.3858717300139992, -0.41142535647588385], [0.7880408842552039, 0.015010568501777066, -0.21817669679716248], [0.16532363180063905, -0.4114253564758838, 0.31918433452061507]]	[[-0.012569878997467643, 0.017027048264121707, 0.12241341476813652], [0.14567870721763948, -0.011358183939329199, 0.07313700245638394], [-0.0209076564752269, 0.16750936551202966, -0.03906228990230115]]	0.46567792886789644	[[-0.30770992937785835, -0.3077099293778584, -0.43516755540303464], [0.8535533905932738, -0.14644660940672602, -0.5], [0.09012615167634118, -0.5252937070793757, 0.30770992937785835]]
10	[[-0.8305561570912853, 0.32773595720904825, 0.4502950280316503], [-0.5100865793185324, -0.772219296347621, -0.37879947194723407], [0.22358030216652452, -0.5443036842615101, 0.808545204538665]]	0.5733621054465133	0.4266378945534865	[[-0.4762094269214245, 0.18791137845590833, 0.25818210534432373], [-0.2924643150780837, -0.442761281620297, -0.21718926277769354], [0.12819247278656618, -0.3120831064104737, 0.4635891808229708]]	0.7436102920096029	0.4038776079071216	[[-0.5329404340075354, 0.21602794980822546, 0.23259809694080757], [-0.45604053872548445, -0.6755097680295667, -0.2577161774152013], [0.13808982833284336, -0.3488286827539221, 0.5196771113261294]]	[[0.08466967249748883, -0.027679881034041637, -0.10224592034428019], [-0.07673490852825116, -0.10127955157706217, 0.023963008532564768], [-0.028166785448801177, 0.055921138841682136, -0.08156542432383145]]	0.5096216350907119	[[-0.4999116076171377, 0.3534908877399466, 0.3534908877399465], [-0.7071067811865475, -0.5000000000000001, -0.5], [0.0, -0.49991160761713765, 0.4999116076171377]]
10	[[0.8592155572171323, 0.2624339665249735, -0.4391776855101157], [-0.4266000482917053, 0.8413623931712975, -0.33184593135155627], [0.2824199444684594, 0.4724804086637203, 0.8348660002631537]]	0.5925410792789779	0.40745892072102213	[[0.5091205136067279, 0.15550290576417097, -0.26023081976740753], [-0.2527780530352312, 0.4985417805144643, -0.19663234631738882], [0.16734541870524997, 0.2799640512877734, 0.49469240084925253]]	0.7568532076467255	0.40013617925193484	[[0.5414166472747346, 0.2576471583570933, -0.25629856506725357], [-0.32716424027671487, 0.7366403701916967, -0.3086421497880484], [0.19208975961796743, 0.2726539696934527, 0.5462171118587866]]	[[-0.10888340326502055, 0.05902316899721366, 0.07609447493794239], [-0.004290625344889776, 0.09985254412667466, -0.057483492200108], [-0.021660681256396183, -0.08494434315391972, -0.08565389839557329]]	0.5129637007149416	[[0.41803548195852547, 0.2286311968909094, -0.2448795157781309], [-0.573223304703363, 0.7803300858899106, -0.2499999999999999], [0.1339290543571013, 0.24487951577813089, 0.4572623937818188]]
10	[[0.8489524140446696, -0.5135124485683378, 0.12483895166604869], [0.522794976890395, 0.7815435453534784, -0.34040431673891397], [0.0772347773085365, 0.35425224329800037, 0.9319550081910795]]	0.7039657928200584	0.2960342071799416	[[0.5976334592194584, -0.36149519797937935, 0.08788235158441492], [0.3680297803889909, 0.5501799215281606, -0.23963299471247987], [0.05437064124128457, 0.24938146131156108, 0.6560644462138572]]	0.8576849353588027	0.23920569417654297	[[0.6781528929594827, -0.42491547943364555, 0.054028291147549215], [0.4940176009921791, 0.665478849306655, -0.31358789791234826], [0.02212472266350119, 0.2617736370092728, 0.7512022436578571]]	[[-0.04998080340311931, 0.01551641182262972, -0.05304419704240645], [0.04562422503203377, -0.00483927586993264, -0.02162824351427549], [-0.04411838231982248, -0.04206317538448354, -0.04812152729982144]]	0.4496512401455184	[[0.659730626847049, -0.6597306268470489, 0.0], [0.7071067811865475, 0.7071067811865476, 0.0], [0.0, 0.0, 0.933]]
10	[[0.5319609947059123, -0.8460851799387872, 0.03402011756955908], [-0.703274286200726, -0.4190807785627857, 0.5742617690636116], [-0.47161719485230363, -0.3294103357928521, -0.8179645788128509]]	0.6117467071046395	0.3882532928953605	[[0.32542538681945044, -0.5175898227575895, 0.02081169489849045], [-0.43022572877466, -0.25637128629663275, 0.3513027462407494], [-0.2885102659648239, -0.20151568820751087, -0.5003871376169949]]	0.7307495789395553	0.45481029250530397	[[0.45173869002734784, -0.5887494583182106, 0.09246120931191809], [-0.5125954947344745, -0.3527805493937514, 0.3412780171652021], [-0.24894384689833088, -0.1062299001331797, -0.5326250819521513]]	[[0.06300841713373549, 0.02952693066905612, 0.0676010227224886], [0.0013218937857223771, -0.04653744691733474, -0.0783635287791162], [0.0956902196606442, 0.1344865640457845, 0.06510218960281025]]	0.4350578921443655	[[0.4999116076171377, -0.49991160761713765, 0.0], [-0.5, -0.5000000000000001, 0.7071067811865475], [-0.3534908877399465, -0.3534908877399466, -0.4999116076171377]]
10	[[0.22433838825039393, -0.7661379269479729, -0.6022499185961573], [-0.9416906372873723, -0.011392912655017143, -0.3362869982418849], [0.2507808429735371, 0.642575192824231, -0.724020780340167]]	0.5575763532100857	0.4424236467899143	[[0.12508578040568294, -0.4271803913635857, -0.33580031333191634], [-0.5250644313907746, -0.006352418690625453, -0.1875056781116767], [0.13982946788013598, 0.35828473267820243, -0.4036968663503909]]	0.717690755648227	0.4642502277828567	[[0.1922017738011818, -0.4632603839896281, -0.3380866336231704], [-0.8172032288750442, 0.046392081117757694, -0.20201300031064373], [0.1530755730221213, 0.3380866336231704, -0.38979739238812217]]	[[0.031196186416851297, 0.08658972373242887, 0.09414256554318903], [-0.14136056381340936, 0.05456866921017109, 0.039337069572248674], [-0.02690751967365595, -0.12308364207565725, 0.12982562855923127]]	0.46575730480396305	[[0.09659823330797554, -0.563015763214765, -0.32980699826137017], [-0.8535533905932738, 0.14644660940672602, -0.5], [0.32980699826137017, 0.3298069982613702, -0.4664175299067896]]
10	[[0.08740825448676931, -0.06334395238859675, -0.994156597696443], [0.7119981850616444, -0.6940087028176986, 0.10681996481098455], [-0.6967197295301035, -0.717174639895393, -0.015561310176609944]]	0.6773869087859643	0.3226130912140359	[[0.05920920730916955, -0.04290836409879685, -0.6734286645627651], [0.4822982496401242, -0.47011240987223774, 0.07235844575993831], [-0.47194882387659004, -0.4858047123784272, -0.01054102779719338]]	0.866370780469388	0.2223063207478246	[[0.05113679204149691, -0.051136792041496924, -0.7752207376247573], [0.6748599356963852, -0.666069896984181, 0.09543812595617161], [-0.5581146868142776, -0.5656078046325128, 0.0]]	[[-0.0245911656176723, 0.0037425574274273926, 0.08608748983030146], [0.05800551241174075, -0.06480103547146417, 0.002892429673166377], [0.04550292902713907, 0.05573134786651107, 0.013481864442835785]]	0.23340209799316086	[[0.0, 0.0, -0.8121662370000001], [0.7071067811865475, -0.7071067811865476, 0.0], [-0.5742882536334608, -0.5742882536334607, 0.0]]
10	[[0.04673222253661188, -0.9725397674033924, -0.22799671093185395], [-0.8377629715199755, -0.16246744520517667, 0.5213036857710898], [-0.5440306084466285, 0.16664552219444034, -0.8223502702654952]]	0.5655091367427479	0.43449086325725206	[[0.026427498824749398, -0.5499801243122854, -0.12893422317925854], [-0.47376261481930054, -0.09187682468677916, 0.29480199732122164], [-0.3076542797442848, 0.09423956539822238, -0.4650465914380056]]	0.7265266164230503	0.438932111807879	[[-0.009846418397054125, -0.7489766759888699, -0.11887084251286717], [-0.6795898739837118, -0.1435445747191518, 0.273720938827628], [-0.2566662101228994, 0.01651739338949287, -0.5403037976401899]]	[[-0.043798621914507875, -0.0424006494404227, 0.046774836436037], [-0.07093277692078394, -0.025507651475337373, -0.10502006412450687], [0.13858650706240289, -0.10455501399248619, 0.05715556173038108]]	0.447209529219335	[[-0.09659823330797554, -0.563015763214765, -0.32980699826137017], [-0.8535533905932738, -0.14644660940672602, 0.5], [-0.32980699826137017, 0.3298069982613702, -0.4664175299067896]]
