10	[[0.8489524140446696, -0.5135124485683378, 0.12483895166604869], [0.522794976890395, 0.7815435453534784, -0.34040431673891397], [0.0772347773085365, 0.35425224329800037, 0.9319550081910795]]	0.8163564118684794	0.18364358813152076	[[0.69304774657659, -0.4192091799630454, 0.10191307864351805], [0.42678703147710745, 0.6380180844037359, -0.2778912465975212], [0.06305110567505792, 0.2891960902351152, 0.760807446509729]]	0.9017079344011012	0.16549018101992533	[[0.7429847623061892, -0.4682659588067169, 0.06601341225001112], [0.50833431276649, 0.6668005074631622, -0.2960804210917767], [0.02192260624093213, 0.2902003172185903, 0.8243067524038936]]	[[-0.02252236536685825, -0.005227709518909421, -0.04655486098958057], [0.036925934039380465, -0.03792350846203603, 0.010864852216087647], [-0.04772060526987736, -0.029231741342605984, -0.016044472986845942]]	0.38736938283621	[[0.6213265227915756, -0.33981475902564295, 0.36396465038918907], [0.573223304703363, 0.7803300858899106, -0.2499999999999999], [-0.1990588771426765, 0.363964650389189, 0.6796295180512859]]
10	[[0.8592155572171323, 0.2624339665249735, -0.4391776855101157], [-0.4266000482917053, 0.8413623931712975, -0.33184593135155627], [0.2824199444684594, 0.4724804086637203, 0.8348660002631537]]	0.7871812694760204	0.2128187305239799	[[0.6763583930837281, 0.2065831029227561, -0.34571244800539336], [-0.33581156757279607, 0.6623047167459645, -0.2612229015117703], [0.2223156904120291, 0.3719277278944562, 0.6571908779295169]]	0.8229260938413132	0.21675638360317445	[[0.7255110136657187, 0.16633436961509213, -0.32362312679695854], [-0.34889200368197504, 0.7423207423769662, -0.3939384279749886], [0.23943016504851275, 0.38669302811646644, 0.6926845912308577]]	[[0.018440111397336593, -0.04962938934858632, 0.03778765044214971], [0.002168307691233635, 0.049941674659531365, -0.12085375193071979], [0.007019423324202856, -0.002123429001716335, 0.005651574753379722]]	0.3014466412904063	[[0.6213265227915756, 0.33981475902564295, -0.36396465038918907], [-0.573223304703363, 0.7803300858899106, -0.2499999999999999], [0.1990588771426765, 0.363964650389189, 0.6796295180512859]]
10	[[-0.30792515101507295, 0.09349718223056193, 0.9468053539599837], [0.3027085282091916, -0.9338174967034747, 0.1906631317268273], [0.9019698710720718, 0.34531602882779927, 0.2592434992682147]]	0.7983182344109132	0.201681765589087	[[-0.24582226288906683, 0.07464050544069763, 0.755851978504134], [0.241657737781088, -0.7454835352303365, 0.15220985468741613], [0.7200589949660954, 0.2756720824475967, 0.20695881261830806]]	0.8462474740180016	0.2654001548406741	[[-0.2533121623229543, 0.07775712309311918, 0.740297198067216], [0.24406506877865117, -0.8497614875639632, 0.11864278553518788], [0.6772276076628305, 0.2622286385769864, 0.1755550392298351]]	[[0.007268718910162954, -0.0013646311972946319, -0.06093444110814017], [-0.01210125858208421, -0.05952078978483416, -0.042705408077001204], [-0.08606211737225289, -0.029994178556466116, -0.043829117181479235]]	0.3243465561182298	[[-0.19408240521410972, 0.11369084075643486, 0.7430303445576787], [0.4571067811865472, -0.8535533905932738, 0.25000000000000017], [0.6626387801000039, 0.3881648104282191, 0.11369084075643483]]
10	[[0.5319609947059123, -0.8460851799387872, 0.03402011756955908], [-0.703274286200726, -0.4190807785627857, 0.5742617690636116], [-0.47161719485230363, -0.3294103357928521, -0.8179645788128509]]	0.7781008579087557	0.22189914209124423	[[0.4139193063546654, -0.6583396043742543, 0.026471082667030646], [-0.5472183254379528, -0.32608711333277285, 0.44683357517259603], [-0.3669657439190983, -0.2563144648844296, -0.6364589405132535]]	0.8335580521013471	0.21032142773791332	[[0.4900347434046055, -0.6856047524135507, 0.005506307534447513], [-0.5983302384359467, -0.3873273459972256, 0.5621060013540804], [-0.354293984872219, -0.34650689007840624, -0.6800984448791034]]	[[0.04661437286365018, 0.01965636208804249, -0.02285143539909297], [-0.0121102943375042, -0.037999188545313936, 0.08342547973714265], [0.038826325406368656, -0.07192425223286578, 0.001722516124035381]]	0.3014699077696822	[[0.38816481042821915, -0.6626387801000039, -0.11369084075643462], [-0.7071067811865477, -0.49999999999999983, 0.49999999999999994], [-0.38816481042821915, -0.11369084075643471, -0.6626387801000039]]
10	[[0.08740825448676931, -0.06334395238859675, -0.994156597696443], [0.7119981850616444, -0.6940087028176986, 0.10681996481098455], [-0.6967197295301035, -0.717174639895393, -0.015561310176609944]]	0.8515769183500149	0.1484230816499851	[[0.07443485199419686, -0.05394224777119127, -0.8466008118236726], [0.6063212203055988, -0.591001792453587, 0.09096541645199525], [-0.5933104402269014, -0.6107293697609005, -0.013251652565686218]]	0.93418995883409	0.1109193261077096	[[0.06014038569325404, -0.05720390959928861, -0.8871397974984617], [0.6819388014970656, -0.6728000766649688, 0.09181814628226036], [-0.6436892835818018, -0.656100642865992, -0.0020764021588351523]]	[[-0.021515527967500638, 0.0019713746750031347, 0.04159131357821733], [0.016797246304381484, -0.02446411514920281, -0.007971992247172235], [0.007179291866823862, 0.013876704454738698, 0.012460817554456598]]	0.14919558724715962	[[0.0, 0.0, -0.9268593750000003], [0.7071067811865475, -0.7071067811865476, 0.0], [-0.6553885492688254, -0.6553885492688253, 0.0]]
10	[[0.034229894132735264, 0.2773841392786001, 0.9601491309293217], [-0.1827544195208179, -0.9427759796974285, 0.2788803941677556], [0.9825625356654255, -0.18501754344446375, 0.018422055382213542]]	0.8723942544518462	0.127605745548154	[[0.029861962971893204, 0.2419883293827214, 0.8376285852396735], [-0.15943390556564385, -0.8224723479232469, 0.2432936535512161], [0.8571819107541545, -0.16140824187374497, 0.0160712952706368]]	0.9189132806818568	0.12712617644413213	[[0.00903261826590973, 0.23679903786804923, 0.8608197898510033], [-0.16487506454839043, -0.8267536687784699, 0.25337857791800883], [0.8940796002007424, -0.16024418562923065, 0.0]]	[[-0.022421686048994673, -0.018092931565562357, -0.021473997995093606], [0.003060398652592734, 0.03957569967334569, -0.0028883200045328157], [-0.008810162922657811, 0.009770892201019522, -0.016928271348172708]]	0.2595668880475924	[[-0.05830299525971007, 0.22320876850622284, 0.762082404674542], [-0.2803300858899109, -0.9267766952966368, 0.25000000000000017], [0.762082404674542, -0.1990588771426766, 0.11660599051942032]]
10	[[0.04673222253661188, -0.9725397674033924, -0.22799671093185395], [-0.8377629715199755, -0.16246744520517667, 0.5213036857710898], [-0.5440306084466285, 0.16664552219444034, -0.8223502702654952]]	0.7533299133831746	0.2466700866168255	[[0.03520478115570906, -0.7326432987396903, -0.1717567424979422], [-0.631111906770774, -0.12239158642400139, 0.3927136604482646], [-0.40983453113889445, 0.12553905680043162, -0.6195010578697357]]	0.7861671291891135	0.35987912075868744	[[-0.03421519671426468, -0.8422087153654743, -0.15729150255491275], [-0.6889550850177849, -0.15458224421110647, 0.2750318110404261], [-0.29619103766339727, 0.04687448960348119, -0.6071797982473459]]	[[-0.07095453394649949, -0.0776299184037011, 0.02195201714294307], [-0.030333374756984822, -0.02685567922746325, -0.13480001103793526], [0.13150794397009527, -0.08413674217234265, 0.03932495291517006]]	0.24889980147317903	[[0.11660599051942032, -0.762082404674542, -0.19905887714267645], [-0.8535533905932738, -0.2500000000000001, 0.4571067811865474], [-0.3981177542853529, 0.11660599051942018, -0.6796295180512859]]
10	[[0.8787972042104137, -0.3840163418041313, 0.28327887866788265], [-0.395223040501579, -0.9183905790867732, -0.018907472103605397], [0.2674214316928388, -0.09534250611366366, -0.9588511794847616]]	0.7752254531189935	0.22477454688100656	[[0.6812659608337226, -0.29769924258020597, 0.21960499707434972], [-0.30638696065590293, -0.7119597528127586, -0.01465755362885222], [0.2073119005578109, -0.07391193750346534, -0.7433258400897559]]	0.8437884787162683	0.2521642971423809	[[0.690178361803578, -0.3117445737482671, 0.14241849703407822], [-0.3590766437144183, -0.8404941294690762, -0.026004592199465198], [0.13015667349695362, -0.05432327614236844, -0.8090675780527465]]	[[-0.05134059423723664, 0.012283991104827295, -0.09660895704954481], [-0.025591995615972814, -0.06556673987409527, -0.010050685076793724], [-0.09549044952727324, 0.026125632048276327, 0.0]]	0.3582578099448748	[[0.5774600282378108, -0.40832590183113127, 0.40832590183113116], [-0.5, -0.8535533905932737, -0.14644660940672619], [0.40832590183113116, -0.11959588771222583, -0.6970559159500368]]
10	[[-0.5446221603179724, 0.8109226453022452, -0.2139887049042392], [-0.8354447797583356, -0.5021691245819775, 0.22328947644507607], [0.07361197229480154, 0.30038414347728, 0.9509735242804028]]	0.7862522078357191	0.21374779216428108	[[-0.42821037598626477, 0.6375897202528721, -0.16824909168286428], [-0.6568703026098177, -0.3948315829095101, 0.17556184384142284], [0.057877575739929514, 0.2361776960078528, 0.7477050330587813]]	0.849923305453116	0.1776420827479751	[[-0.4802113988525323, 0.6718977230300047, -0.12862280820190997], [-0.7620217225143961, -0.45060260495212184, 0.20944118935325795], [0.04513044851975859, 0.2079361413234896, 0.8255788932868634]]	[[-0.017324332132064385, -0.01732433213206438, 0.053251179199932455], [-0.051957733778640935, -0.023797362690909974, 0.01966225946016314], [-0.017434082293962337, -0.04736734280642335, 0.017324332132064385]]	0.2456760879714984	[[-0.38816481042821915, 0.6626387801000038, -0.11369084075643483], [-0.8535533905932738, -0.45710678118654735, 0.25000000000000017], [0.11369084075643483, 0.19408240521410972, 0.7430303445576787]]
10	[[0.3802729664721569, 0.7767473726770865, -0.5020517802076895], [0.4287143634067757, 0.332951791095048, 0.839849450446521], [0.8195098935212374, -0.5346088512602871, -0.20639019011321075]]	0.7563975880531094	0.24360241194689078	[[0.2876375546413404, 0.587529839219538, -0.3797507556268661], [0.32427851044460937, 0.25184393172225705, 0.6352600986454782], [0.6198753068451244, -0.40437684564512466, -0.1561130419994553]]	0.8468273410904599	0.2461800600088201	[[0.34617818170642156, 0.5910662810697106, -0.4303916083718047], [0.40349912398671, 0.2927488408598623, 0.7177614162664477], [0.6542282154138912, -0.4303916083718046, -0.08022976351627692]]	[[0.02415263662022338, -0.06670463123342707, -0.005240434248795131], [0.040452079535661024, 0.010796160895536689, 0.006553939228536343], [-0.03975516871402421, 0.02232978366436937, 0.09454709240444785]]	0.2793483450483959	[[0.19408240521410958, 0.6057933597217865, -0.4450102308064365], [0.4571067811865474, 0.42677669529663675, 0.7803300858899108], [0.6626387801000039, -0.35486553412945937, -0.19408240521410963]]
10	[[-0.42203838922340475, -0.825029846081567, 0.3757783270710803], [0.2588054115689476, 0.28760896992378115, 0.9221175843470338], [-0.8688517462515349, 0.4864224845687207, 0.09214016247897017]]	0.7376379634826611	0.26236203651733914	[[-0.3113115379382549, -0.6085733354760202, 0.27718835990163304], [0.19090469672801044, 0.21215129485392384, 0.680188937009297], [-0.6408980326733361, 0.35880369090944725, 0.06796608180594906]]	0.8462085104132087	0.2526624339889078	[[-0.2770433599766339, -0.6266445306483664, 0.3266191202560711], [0.25556898260363053, 0.23106066736797343, 0.8305672817804232], [-0.7284257271962072, 0.36965060934628347, 0.02214786769808364]]	[[0.08008911670529348, 0.07150274645075515, 0.008632301859684664], [0.03656564079299397, -0.012316490652706768, 0.0502635343042934], [0.006804014769219344, -0.04196423675210577, -0.055821921942476725]]	0.28892882970365485	[[-0.3548655341294592, -0.6626387801000039, 0.19408240521410963], [0.25000000000000006, 0.1464466094067262, 0.9571067811865475], [-0.6626387801000039, 0.3881648104282191, 0.11369084075643483]]
10	[[-0.8305561570912853, 0.32773595720904825, 0.4502950280316503], [-0.5100865793185324, -0.772219296347621, -0.37879947194723407], [0.22358030216652452, -0.5443036842615101, 0.808545204538665]]	0.7680270493854953	0.2319729506145049	[[-0.6378895946797756, 0.2517100801927963, 0.34583876173210726], [-0.3917602904451528, -0.5930853076524066, -0.29092824074841794], [0.17171571977367328, -0.41803995259302185, 0.6209845877366224]]	0.7986014402907876	0.2524327896165434	[[-0.669019231767992, 0.33003191146596556, 0.354375357566593], [-0.4955028752959945, -0.6236153791227061, -0.3683165855327435], [0.05449360184122413, -0.473067185110314, 0.6539080020870665]]	[[-0.0057358884725099745, 0.0683015040037397, -0.005230900375263551], [-0.08814699837921337, -0.006919936839157473, -0.0658067816542925], [-0.1240579494896119, -0.03838547890348986, 0.008202637202279114]]	0.2887290203137247	[[-0.6057933597217864, 0.33131939005000194, 0.3548655341294594], [-0.573223304703363, -0.7803300858899106, -0.2499999999999999], [0.19408240521410963, -0.35486553412945937, 0.6626387801000039]]
10	[[-0.3195682178843842, -0.5708200961323295, -0.7563336379995778], [0.910087742671785, 0.03735879733279218, -0.41272826520656647], [0.2638493031197415, -0.8202248094963509, 0.507557688474819]]	0.7565438621671805	0.2434561378328196	[[-0.241767373784135, -0.4318504401305938, -0.5721995715791546], [0.6885212957519233, 0.02826356882007159, -0.31224703578493607], [0.19961357081232836, -0.620536045221709, 0.3839896539113862]]	0.8018715049840418	0.21888465360438078	[[-0.29385900615015215, -0.4810039789124586, -0.5929570294364437], [0.7757818938834639, 0.009319163004584886, -0.3122774206187892], [0.19159768121019471, -0.6290324183364778, 0.43743473712628334]]	[[-0.037606358330132775, -0.02327960935169212, 0.01352536313633296], [0.04600846599971019, -0.02063779203705504, 0.018677614551852975], [-0.01997555657142304, 0.028682484079609993, 0.03043868960275887]]	0.30570352854883165	[[-0.4187957967498781, -0.4187957967498782, -0.592266695628524], [0.8535533905932738, -0.14644660940672602, -0.5], [0.12266244893561637, -0.7149291445641401, 0.4187957967498781]]
10	[[0.22433838825039393, -0.7661379269479729, -0.6022499185961573], [-0.9416906372873723, -0.011392912655017143, -0.3362869982418849], [0.2507808429735371, 0.642575192824231, -0.724020780340167]]	0.7571563992409691	0.24284360075903091	[[0.16985924625919085, -0.5800862340898678, -0.4559973798074332], [-0.7130070921274403, -0.00862621672273968, -0.2546218527003797], [0.18988032006445826, 0.48652991924036615, -0.5481969670179974]]	0.7656185104575134	0.2244625258855202	[[0.15843559616836575, -0.6642158389411729, -0.41560944210444917], [-0.8136778362863909, -0.024627782635538255, -0.31177115621691937], [0.23748669894297844, 0.44648321849273787, -0.6186481454082435]]	[[-0.013322026482340207, -0.07764646050625865, 0.045484243494299414], [-0.09270205325464652, -0.015905157818831485, -0.05430360553673901], [0.045484243494299414, -0.04548424349429943, -0.06432443402391846]]	0.34377655934630263	[[0.1258076399339655, -0.7332606610914257, -0.42953415051269545], [-0.8535533905932738, 0.14644660940672602, -0.5], [0.42953415051269545, 0.42953415051269556, -0.6074530211574604]]
