10	[[-0.3195682178843842, -0.5708200961323295, -0.7563336379995778], [0.910087742671785, 0.03735879733279218, -0.41272826520656647], [0.2638493031197415, -0.8202248094963509, 0.507557688474819]]	0.9454665766649649	0.05453342333503509	[[-0.30214106897407245, -0.5396913221817997, -0.7150881755360198], [0.8604575425286383, 0.03532149422255525, -0.3902207799977221], [0.24946069737605864, -0.7754951427301879, 0.4798788301822698]]	0.9454665766649648	0.05453342333503525	[[-0.3021410689740724, -0.5396913221817996, -0.7150881755360196], [0.8604575425286383, 0.03532149422255527, -0.3902207799977221], [0.24946069737605858, -0.7754951427301878, 0.47987883018226973]]	[[0.0, 0.0, 0.0], [0.0, 0.0, 0.0], [0.0, 0.0, 0.0]]	0.22418264962507847	[[-0.49860167888044793, -0.49860167888044804, -0.7051292564947245], [0.8535533905932738, -0.14644660940672602, -0.5], [0.14603705063308597, -0.8511663071278102, 0.49860167888044793]]
10	[[0.04673222253661188, -0.9725397674033924, -0.22799671093185395], [-0.8377629715199755, -0.16246744520517667, 0.5213036857710898], [-0.5440306084466285, 0.16664552219444034, -0.8223502702654952]]	0.9689261976998844	0.03107380230011583	[[0.04528007469246416, -0.942319258942099, -0.2209119862112809], [-0.8117304905686064, -0.15741896393266613, 0.5051047981011172], [-0.5271255088745465, 0.16146721218357082, -0.7967967205458184]]	0.9689261976998842	0.03107380230011584	[[0.04528007469246413, -0.9423192589420988, -0.22091198621128086], [-0.8117304905686065, -0.15741896393266605, 0.5051047981011172], [-0.5271255088745465, 0.16146721218357077, -0.7967967205458184]]	[[0.0, 0.0, 0.0], [0.0, 0.0, 0.0], [0.0, 0.0, 0.0]]	0.11562958240239327	[[0.14592024435850762, -0.9536667045670159, -0.24910143865680612], [-0.8535533905932738, -0.2500000000000001, 0.4571067811865474], [-0.49820287731361224, 0.14592024435850745, -0.8504855102687173]]
10	[[0.8592155572171323, 0.2624339665249735, -0.4391776855101157], [-0.4266000482917053, 0.8413623931712975, -0.33184593135155627], [0.2824199444684594, 0.4724804086637203, 0.8348660002631537]]	0.9711979048606455	0.028802095139354698	[[0.834468348992951, 0.25487531845332306, -0.42652844802897183], [-0.4143130731143544, 0.8171293934765025, -0.322288073265161], [0.27428565835862767, 0.4588719829819067, 0.810820110294962]]	0.9711979048606453	0.0288020951393548	[[0.8344683489929506, 0.25487531845332306, -0.4265284480289716], [-0.4143130731143543, 0.8171293934765027, -0.32228807326516107], [0.2742856583586276, 0.45887198298190657, 0.8108201102949618]]	[[0.0, 0.0, 0.0], [0.0, 0.0, 0.0], [0.0, 0.0, 0.0]]	0.18473077743408922	[[0.7775253880894635, 0.42524275513435866, -0.4554638272534035], [-0.573223304703363, 0.7803300858899106, -0.2499999999999999], [0.24910143865680617, 0.45546382725340345, 0.8504855102687173]]
10	[[0.08740825448676931, -0.06334395238859675, -0.994156597696443], [0.7119981850616444, -0.6940087028176986, 0.10681996481098455], [-0.6967197295301035, -0.717174639895393, -0.015561310176609944]]	0.96437075827908	0.035629241720920225	[[0.08429396465925651, -0.061087055397384994, -0.9587355519686689], [0.6866302296212267, -0.6692816989885846, 0.10301405046411383], [-0.6718961338749413, -0.691622251294446, -0.015006872494833293]]	0.9721676677755527	0.046216015784862265	[[0.07053717545703794, -0.056696959047227456, -0.9516900166084239], [0.6789311537945701, -0.6711541676850015, 0.09011221236148828], [-0.6840206392714523, -0.711358211420094, -0.009786510876466342]]	[[-0.014438303451696563, 0.004883983414080303, 0.014796884377805518], [-0.013250461237235061, 0.0035386543492171335, -0.013734703700673182], [-0.006692244720957676, -0.014144214365218375, 0.005341691745460523]]	0.10951395093384754	[[0.0, 0.0, -0.9988004799360002], [0.7071067811865475, -0.7071067811865476, 0.0], [-0.706258592415124, -0.7062585924151239, 0.0]]
10	[[0.22433838825039393, -0.7661379269479729, -0.6022499185961573], [-0.9416906372873723, -0.011392912655017143, -0.3362869982418849], [0.2507808429735371, 0.642575192824231, -0.724020780340167]]	0.9443494171951392	0.05565058280486087	[[0.2118538261987563, -0.7235019048044102, -0.5687343596321011], [-0.8892850045004492, -0.010758890425920542, -0.31757243080002684], [0.23682474290576547, 0.6068155088476166, -0.6837286019514068]]	0.9443494171951391	0.055650582804860946	[[0.21185382619875626, -0.7235019048044102, -0.568734359632101], [-0.8892850045004493, -0.010758890425920542, -0.3175724308000268], [0.23682474290576544, 0.6068155088476166, -0.6837286019514067]]	[[0.0, 0.0, 0.0], [0.0, 0.0, 0.0], [0.0, 0.0, 0.0]]	0.2890604073388684	[[0.14609548882861742, -0.8515069098917669, -0.498801199360192], [-0.8535533905932738, 0.14644660940672602, -0.5], [0.498801199360192, 0.4988011993601921, -0.7054114210631497]]
10	[[0.034229894132735264, 0.2773841392786001, 0.9601491309293217], [-0.1827544195208179, -0.9427759796974285, 0.2788803941677556], [0.9825625356654255, -0.18501754344446375, 0.018422055382213542]]	0.9596951979278455	0.0403048020721546	[[0.03285026502476457, 0.26620422644702124, 0.9214505102474644], [-0.17538853881421984, -0.904777580437342, 0.2676401750790198], [0.9429605471419165, -0.17756044797605838, 0.017679558086271155]]	0.9596951979278455	0.0403048020721546	[[0.03285026502476456, 0.2662042264470213, 0.9214505102474644], [-0.1753885388142198, -0.904777580437342, 0.2676401750790198], [0.9429605471419162, -0.1775604479760584, 0.017679558086271162]]	[[0.0, 0.0, 0.0], [0.0, 0.0, 0.0], [0.0, 0.0, 0.0]]	0.1480847975425808	[[-0.0729601221792537, 0.2793225107758513, 0.9536667045670159], [-0.2803300858899109, -0.9267766952966368, 0.25000000000000017], [0.9536667045670159, -0.24910143865680628, 0.14592024435850762]]
10	[[0.8489524140446696, -0.5135124485683378, 0.12483895166604869], [0.522794976890395, 0.7815435453534784, -0.34040431673891397], [0.0772347773085365, 0.35425224329800037, 0.9319550081910795]]	0.9412415236953935	0.058758476304606566	[[0.7990692637402874, -0.48333923952701463, 0.11750360508268727], [0.49207634062861344, 0.7356212374628077, -0.32040267775982467], [0.0726965794761613, 0.3334369212543211, 0.8771947519253247]]	0.9412415236953935	0.05875847630460637	[[0.7990692637402875, -0.4833392395270146, 0.11750360508268728], [0.49207634062861344, 0.7356212374628079, -0.3204026777598248], [0.07269657947616132, 0.3334369212543212, 0.8771947519253248]]	[[0.0, 0.0, 0.0], [0.0, 0.0, 0.0], [0.0, 0.0, 0.0]]	0.31638744054423895	[[0.953285237885189, -0.24900179808134357, 0.14586187626076422], [0.2803300858899109, 0.9267766952966368, -0.25000000000000017], [-0.072930938130382, 0.27921078177154096, 0.953285237885189]]
10	[[-0.5446221603179724, 0.8109226453022452, -0.2139887049042392], [-0.8354447797583356, -0.5021691245819775, 0.22328947644507607], [0.07361197229480154, 0.30038414347728, 0.9509735242804028]]	0.9647010419343954	0.03529895806560445	[[-0.5253975655193093, 0.7822979208512724, -0.20643512658331142], [-0.8059544495115181, -0.48444307771151685, 0.21540759057955053], [0.0710135463716409, 0.289780896193103, 0.9174051497253289]]	0.9647010419343953	0.03529895806560479	[[-0.5253975655193092, 0.7822979208512723, -0.2064351265833114], [-0.8059544495115177, -0.4844430777115168, 0.2154075905795505], [0.07101354637164087, 0.28978089619310293, 0.9174051497253286]]	[[0.0, 0.0, 0.0], [0.0, 0.0, 0.0], [0.0, 0.0, 0.0]]	0.09883876713761547	[[-0.4980035961626868, 0.8501453160646097, -0.14586187626076422], [-0.8535533905932738, -0.45710678118654735, 0.25000000000000017], [0.14586187626076422, 0.24900179808134357, 0.953285237885189]]
10	[[-0.8305561570912853, 0.32773595720904825, 0.4502950280316503], [-0.5100865793185324, -0.772219296347621, -0.37879947194723407], [0.22358030216652452, -0.5443036842615101, 0.808545204538665]]	0.9681565583825162	0.03184344161748379	[[-0.8041083905929073, 0.3172997163897116, 0.4359560845958812], [-0.4938436671101406, -0.7476291762684814, -0.36673719307754865], [0.21646073586766543, -0.5269711816695474, 0.7827983425228414]]	0.9681565583825162	0.031843441617483634	[[-0.8041083905929075, 0.3172997163897118, 0.43595608459588125], [-0.49384366711014077, -0.7476291762684814, -0.3667371930775487], [0.21646073586766548, -0.5269711816695474, 0.7827983425228416]]	[[0.0, 0.0, 0.0], [0.0, 0.0, 0.0], [0.0, 0.0, 0.0]]	0.14898306880618922	[[-0.7772143779342277, 0.42507265803230493, 0.45528164172250213], [-0.573223304703363, -0.7803300858899106, -0.2499999999999999], [0.24900179808134346, -0.4552816417225021, 0.8501453160646099]]
10	[[0.5319609947059123, -0.8460851799387872, 0.03402011756955908], [-0.703274286200726, -0.4190807785627857, 0.5742617690636116], [-0.47161719485230363, -0.3294103357928521, -0.8179645788128509]]	0.9630320471485899	0.036967952851410295	[[0.5122954857348347, -0.8148071428985336, 0.03276246346724819], [-0.6772756755468483, -0.4035882200999444, 0.5530324870605007], [-0.45418247262908934, -0.31723271003049486, -0.787726102829174]]	0.9630320471485903	0.036967952851409844	[[0.5122954857348351, -0.8148071428985334, 0.032762463467248204], [-0.6772756755468486, -0.4035882200999445, 0.5530324870605008], [-0.4541824726290895, -0.3172327100304949, -0.7877261028291742]]	[[0.0, 0.0, 0.0], [0.0, 0.0, 0.0], [0.0, 0.0, 0.0]]	0.2018702871423742	[[0.49800359616268675, -0.8501453160646099, -0.14586187626076394], [-0.7071067811865477, -0.49999999999999983, 0.49999999999999994], [-0.4980035961626868, -0.14586187626076405, -0.8501453160646099]]
10	[[-0.30792515101507295, 0.09349718223056193, 0.9468053539599837], [0.3027085282091916, -0.9338174967034747, 0.1906631317268273], [0.9019698710720718, 0.34531602882779927, 0.2592434992682147]]	0.964797664424274	0.03520233557572615	[[-0.2970854665168342, 0.0902058630462969, 0.9134755941649902], [0.2920524810175374, -0.9009449398180345, 0.18395134418186063], [0.8702184249913986, 0.33316009810132585, 0.25011752261114956]]	0.9647976644242738	0.03520233557572632	[[-0.2970854665168342, 0.09020586304629687, 0.91347559416499], [0.29205248101753745, -0.9009449398180343, 0.18395134418186063], [0.8702184249913982, 0.3331600981013259, 0.2501175226111495]]	[[0.0, 0.0, 0.0], [0.0, 0.0, 0.0], [0.0, 0.0, 0.0]]	0.2003215981619072	[[-0.24900179808134357, 0.14586187626076424, 0.953285237885189], [0.4571067811865472, -0.8535533905932738, 0.25000000000000017], [0.8501453160646099, 0.4980035961626867, 0.14586187626076422]]
10	[[0.8787972042104137, -0.3840163418041313, 0.28327887866788265], [-0.395223040501579, -0.9183905790867732, -0.018907472103605397], [0.2674214316928388, -0.09534250611366366, -0.9588511794847616]]	0.9321625245199605	0.06783747548003942	[[0.8191818204178626, -0.35796564263305913, 0.2640619546822371], [-0.3684121071824066, -0.8560892806968753, -0.01762483692838754], [0.24928023687753878, -0.08887471119297248, -0.8938051361074573]]	0.9321625245199606	0.06783747548003939	[[0.8191818204178629, -0.35796564263305913, 0.26406195468223714], [-0.3684121071824065, -0.8560892806968751, -0.01762483692838754], [0.2492802368775388, -0.08887471119297248, -0.8938051361074576]]	[[0.0, 0.0, 0.0], [0.0, 0.0, 0.0], [0.0, 0.0, 0.0]]	0.30765805878007346	[[0.7048472047921266, -0.4984022382088959, 0.4984022382088958], [-0.5, -0.8535533905932737, -0.14644660940672619], [0.4984022382088958, -0.14597863581283257, -0.8508258406049592]]
10	[[-0.42203838922340475, -0.825029846081567, 0.3757783270710803], [0.2588054115689476, 0.28760896992378115, 0.9221175843470338], [-0.8688517462515349, 0.4864224845687207, 0.09214016247897017]]	0.9691716066503581	0.030828393349642012	[[-0.4090276237517763, -0.7995955014613699, 0.36419368499186255], [0.25082685654008413, 0.27874244746808546, 0.8936901807421619], [-0.8420664428555694, 0.4714268608803259, 0.08929962930676855]]	0.9691716066503582	0.03082839334964187	[[-0.40902762375177637, -0.79959550146137, 0.36419368499186255], [0.25082685654008413, 0.2787424474680855, 0.893690180742162], [-0.8420664428555695, 0.4714268608803261, 0.08929962930676857]]	[[0.0, 0.0, 0.0], [0.0, 0.0, 0.0], [0.0, 0.0, 0.0]]	0.14756919393963144	[[-0.4552816417225019, -0.8501453160646099, 0.24900179808134346], [0.25000000000000006, 0.1464466094067262, 0.9571067811865475], [-0.8501453160646099, 0.4980035961626867, 0.14586187626076422]]
10	[[0.3802729664721569, 0.7767473726770865, -0.5020517802076895], [0.4287143634067757, 0.332951791095048, 0.839849450446521], [0.8195098935212374, -0.5346088512602871, -0.20639019011321075]]	0.9587562905659818	0.04124370943401833	[[0.3645890987373671, 0.7447114297347557, -0.48134530246397195], [0.4110325927722366, 0.31921962416758787, 0.8052109437439847], [0.7857102655945442, -0.5125595991380537, -0.1978778930821497]]	0.9587562905659819	0.04124370943401812	[[0.36458909873736717, 0.7447114297347557, -0.48134530246397206], [0.41103259277223664, 0.3192196241675881, 0.8052109437439849], [0.7857102655945444, -0.5125595991380536, -0.1978778930821497]]	[[0.0, 0.0, 0.0], [0.0, 0.0, 0.0], [0.0, 0.0, 0.0]]	0.14979283907094434	[[0.2490017980813434, 0.7772143779342278, -0.5709345342930687], [0.4571067811865474, 0.42677669529663675, 0.7803300858899108], [0.8501453160646099, -0.4552816417225021, -0.24900179808134346]]
