10	[[0.034229894132735264, 0.2773841392786001, 0.9601491309293217], [-0.1827544195208179, -0.9427759796974285, 0.2788803941677556], [0.9825625356654255, -0.18501754344446375, 0.018422055382213542]]	0.8770831979833336	0.12291680201666658	[[0.030022465012570394, 0.24328896794832897, 0.8421306702964079], [-0.1602908307189067, -0.8268929712548913, 0.24460130797150773], [0.8617890910000445, -0.16227577868729068, 0.016157675248057935]]	0.922531656109637	0.12529894612987555	[[0.00913806438735443, 0.23880678881049225, 0.8672050955403822], [-0.16459684384183293, -0.8269919977806611, 0.25308142151516944], [0.9007759848117732, -0.16154460283365518, 0.0]]	[[-0.02244009653537538, -0.017088860576740916, -0.01856287232807377], [0.003999893460062588, 0.042748688109993216, -0.004194570372918527], [-0.005669058446936212, 0.009139937929502674, -0.016994929260696907]]	0.23375254622904382	[[-0.0608258677816254, 0.23286740210140033, 0.7950590424891895], [-0.2803300858899109, -0.9267766952966368, 0.25000000000000017], [0.7950590424891895, -0.20767250272313834, 0.121651735563251]]
10	[[-0.42203838922340475, -0.825029846081567, 0.3757783270710803], [0.2588054115689476, 0.28760896992378115, 0.9221175843470338], [-0.8688517462515349, 0.4864224845687207, 0.09214016247897017]]	0.7644680186748649	0.2355319813251352	[[-0.3226348512143477, -0.6307089317816041, 0.28727051315698404], [0.19784846020444632, 0.21986785939075182, 0.7049294026910298], [-0.6642093729791074, 0.37185443301715504, 0.07043820745067846]]	0.8540042572475062	0.23906068817956944	[[-0.2823013657790312, -0.6385618087541144, 0.33450464381640616], [0.2568573796002717, 0.23237099766822955, 0.8305629145406823], [-0.7422861947346631, 0.37668581276238244, 0.022548607398771525]]	[[0.07812121533963658, 0.06601719215579865, 0.013588352716357745], [0.03583645632169752, -0.013248287069249602, 0.04307057182552916], [-0.00028310451892215455, -0.038721059880214535, -0.05613948362174592]]	0.26023593727589156	[[-0.3719678706872374, -0.6945738945125846, 0.20343598366758625], [0.25000000000000006, 0.1464466094067262, 0.9571067811865475], [-0.6945738945125846, 0.40687196733517234, 0.11917004015776068]]
10	[[-0.5446221603179724, 0.8109226453022452, -0.2139887049042392], [-0.8354447797583356, -0.5021691245819775, 0.22328947644507607], [0.07361197229480154, 0.30038414347728, 0.9509735242804028]]	0.8095156584558248	0.1904843415441753	[[-0.44088016671943725, 0.6564545791685862, -0.1732272073526644], [-0.6763056309895507, -0.4065137695421646, 0.18075632755069215], [0.05959004422245821, 0.24316566769669928, 0.7698279586819068]]	0.8597430048928716	0.1667014148556095	[[-0.48465517271200353, 0.6807649917388459, -0.13432406063284347], [-0.7620793315160898, -0.4472603778185798, 0.21017408004835209], [0.04913089696294666, 0.21766695323559793, 0.8340129154073807]]	[[-0.016420080068982833, -0.01642008006898283, 0.0496512315346611], [-0.043811526144595, -0.015523985686047705, 0.01820251460850631], [-0.014156481293876842, -0.040586212899730266, 0.016420080068982833]]	0.21278663543898285	[[-0.4068719673351724, 0.6945738945125844, -0.11917004015776068], [-0.8535533905932738, -0.45710678118654735, 0.25000000000000017], [0.11917004015776068, 0.20343598366758633, 0.7788398380224101]]
10	[[0.3802729664721569, 0.7767473726770865, -0.5020517802076895], [0.4287143634067757, 0.332951791095048, 0.839849450446521], [0.8195098935212374, -0.5346088512602871, -0.20639019011321075]]	0.7828213909391475	0.21717860906085257	[[0.29768581255028964, 0.6080544586874052, -0.39301687290565857], [0.3356067742776833, 0.26064178422070594, 0.6574521149780245], [0.6415298747346878, -0.4185032445519578, -0.1615666557006187]]	0.8547519419733144	0.2356141225764576	[[0.34582801838292493, 0.6055489031633902, -0.43360704285617413], [0.4022621769709882, 0.29208341273571, 0.7187227339283612], [0.6665983204370622, -0.4336070428561742, -0.08219723818914756]]	[[0.02078896181089572, -0.05837742205501914, -0.004477308752491945], [0.035817742297193415, 0.0074922227137244925, 0.0008597851939764721], [-0.033879352516559526, 0.02335091095467901, 0.09421517761436085]]	0.2505850235386417	[[0.2034359836675862, 0.6349888744337042, -0.4664569874140526], [0.4571067811865474, 0.42677669529663675, 0.7803300858899108], [0.6945738945125846, -0.3719678706872375, -0.20343598366758625]]
10	[[-0.3195682178843842, -0.5708200961323295, -0.7563336379995778], [0.910087742671785, 0.03735879733279218, -0.41272826520656647], [0.2638493031197415, -0.8202248094963509, 0.507557688474819]]	0.7818110574620195	0.2181889425379805	[[-0.24984196635544342, -0.4462734629777882, -0.591310001318546], [0.7115166604814506, 0.02920752084825954, -0.32267552146561057], [0.20628030268266206, -0.6412608256689257, 0.3968142131494765]]	0.8161076884996834	0.20085445734532834	[[-0.2970529081084448, -0.48408050625260723, -0.6125189642672468], [0.7803067142301497, 0.007788100847206783, -0.31622240967570936], [0.18812224321008933, -0.6540786460473997, 0.42772185597332213]]	[[-0.036250828492856844, -0.018229837048884662, 0.004730732775144981], [0.03757711022638441, -0.022700700889186437, 0.020608300820505868], [-0.02720720167121518, 0.015313127280760366, 0.013500124051895181]]	0.2889215446254077	[[-0.4328241048444582, -0.4328241048444583, -0.6121057191930275], [0.8535533905932738, -0.14644660940672602, -0.5], [0.12677124524794475, -0.738876964440972, 0.4328241048444582]]
10	[[0.8489524140446696, -0.5135124485683378, 0.12483895166604869], [0.522794976890395, 0.7815435453534784, -0.34040431673891397], [0.0772347773085365, 0.35425224329800037, 0.9319550081910795]]	0.8352719825454402	0.16472801745455995	[[0.7091061659658286, -0.42892256097743886, 0.10427447865699488], [0.4366759968120378, 0.652801426572992, -0.2843301885095387], [0.06451204556395687, 0.29589697358069034, 0.7784359073349147]]	0.9065221323704252	0.1574159992814529	[[0.7505939808754056, -0.4724561979937405, 0.06628006816141205], [0.5082036800418979, 0.6669568196167153, -0.29583368289529743], [0.022979735058834026, 0.29397403624056206, 0.8319528755650977]]	[[-0.019000171785388466, -0.0069457981188126225, -0.046889204505782885], [0.0342784627986698, -0.04152970165746207, 0.012750364182960503], [-0.04703529996005541, -0.027163462750947828, -0.012884965733576646]]	0.37524599600630326	[[0.6482124075476766, -0.3545191376646511, 0.37971403704291296], [0.573223304703363, 0.7803300858899106, -0.2499999999999999], [-0.20767250272313825, 0.3797140370429129, 0.7090382753293022]]
10	[[0.8592155572171323, 0.2624339665249735, -0.4391776855101157], [-0.4266000482917053, 0.8413623931712975, -0.33184593135155627], [0.2824199444684594, 0.4724804086637203, 0.8348660002631537]]	0.808631782191503	0.19136821780849714	[[0.6947890073191548, 0.2122124460586746, -0.35513303453278433], [-0.3449623573331029, 0.6803523714590142, -0.268341166881808], [0.22837374302195565, 0.38206267490831386, 0.6750991816838858]]	0.837787972771982	0.20089947176264755	[[0.7357482741401774, 0.1636183322239895, -0.3349958873779603], [-0.35262137242652614, 0.7489730747494145, -0.39005638460424413], [0.25485463092774485, 0.39135505508827945, 0.7074226130136535]]	[[0.015907814285087363, -0.05624568857747828, 0.03294189545225059], [0.004779017216211203, 0.04408978100785003, -0.1120398545045935], [0.018246598181138496, -0.0044833486605764155, 0.007981919116932898]]	0.2776036037894381	[[0.6482124075476766, 0.3545191376646511, -0.37971403704291296], [-0.573223304703363, 0.7803300858899106, -0.2499999999999999], [0.20767250272313825, 0.3797140370429129, 0.7090382753293022]]
10	[[0.04673222253661188, -0.9725397674033924, -0.22799671093185395], [-0.8377629715199755, -0.16246744520517667, 0.5213036857710898], [-0.5440306084466285, 0.16664552219444034, -0.8223502702654952]]	0.7815452589773132	0.21845474102268683	[[0.03652334696496176, -0.7600838443810202, -0.1781897484912114], [-0.6547496785381828, -0.1269756615382622, 0.40742242410179413], [-0.4251845427700056, 0.13024101780086347, -0.64270395494471]]	0.7981951341005294	0.1892128687715509	[[0.07433403179199627, -0.8133091092182183, -0.12961386127816935], [-0.7417286882746995, -0.1422107532091532, 0.45888226030840096], [-0.44508918163213823, 0.06979704378839377, -0.6934285834097432]]	[[0.03703259915756962, -0.03703259915756963, 0.052372003978561434], [-0.07303036087785462, -0.01253002899663685, 0.04278019493724574], [-0.01084659716828893, -0.06321860114685034, -0.03703259915756962]]	0.22118287790350502	[[0.121651735563251, -0.7950590424891895, -0.2076725027231382], [-0.8535533905932738, -0.2500000000000001, 0.4571067811865474], [-0.4153450054462764, 0.12165173556325086, -0.7090382753293022]]
10	[[-0.8305561570912853, 0.32773595720904825, 0.4502950280316503], [-0.5100865793185324, -0.772219296347621, -0.37879947194723407], [0.22358030216652452, -0.5443036842615101, 0.808545204538665]]	0.80103696697306	0.19896303302693993	[[-0.6653061849772037, 0.2625286171307486, 0.36070296349752223], [-0.40859820639098043, -0.6185762029843689, -0.30343238009960916], [0.1790960871223931, -0.43600737235310216, 0.6476745983042648]]	0.8118738302934901	0.24225936674718807	[[-0.6795073114123394, 0.3318686490530224, 0.36701473562446807], [-0.49611631713498033, -0.6281042212321462, -0.36954163427258574], [0.05697683011339691, -0.479627115430219, 0.6662474863435227]]	[[-0.0052005028807960325, 0.06578840214880904, 0.0014319864542977623], [-0.08199037220233923, -0.0011595832798594469, -0.06200425606963338], [-0.12454216618471525, -0.037721198445968364, 0.009810794169283384]]	0.2601046750399454	[[-0.6349888744337041, 0.3472869472562923, 0.3719678706872376], [-0.573223304703363, -0.7803300858899106, -0.2499999999999999], [0.20343598366758625, -0.3719678706872375, 0.6945738945125846]]
10	[[0.08740825448676931, -0.06334395238859675, -0.994156597696443], [0.7119981850616444, -0.6940087028176986, 0.10681996481098455], [-0.6967197295301035, -0.717174639895393, -0.015561310176609944]]	0.8752441974042414	0.12475580259575864	[[0.07650356754477808, -0.05544142676876983, -0.8701297934449546], [0.6231722800375554, -0.6074270900892352, 0.0934935543677395], [-0.6097999004882758, -0.6277029420939191, -0.013619946436085422]]	0.9356862202238316	0.10277364583322154	[[0.07210906520705623, -0.0573936734841103, -0.8947640194826657], [0.6751622922414805, -0.6573383396511486, 0.11074133574465596], [-0.6405023511144837, -0.6630143077967489, 0.0]]	[[-0.009677634050031731, 0.0018763899004141504, 0.03545460972650341], [0.00895540165492232, -0.007963959709211831, 0.010791366626223133], [0.011408699164908985, 0.008036120247358988, 0.014560503500882805]]	0.14103121610537347	[[0.0, 0.0, -0.940039990336], [0.7071067811865475, -0.7071067811865476, 0.0], [-0.6647086517531223, -0.6647086517531222, 0.0]]
10	[[0.5319609947059123, -0.8460851799387872, 0.03402011756955908], [-0.703274286200726, -0.4190807785627857, 0.5742617690636116], [-0.47161719485230363, -0.3294103357928521, -0.8179645788128509]]	0.8014841673747392	0.19851583262526087	[[0.4263583149177062, -0.6781238759713452, 0.027266585604228802], [-0.5636632057116528, -0.3358866088691517, 0.46026171583309344], [-0.3779937147358087, -0.2640171687075673, -0.655585659391847]]	0.8489092817867832	0.19601453241694242	[[0.5077208325009613, -0.6965606459028096, 0.007140230744468639], [-0.5912736549850092, -0.39038878269957494, 0.5704306734074777], [-0.3691106547684098, -0.35901284361110897, -0.689420415158341]]	[[0.05613420654658266, 0.021688916529467306, -0.02173976282780768], [0.0057424142127614685, -0.03462721995919455, 0.08293452747407973], [0.03124955939195656, -0.07937335204005588, 0.0049573079687047494]]	0.27616961009152613	[[0.4068719673351724, -0.6945738945125846, -0.11917004015776046], [-0.7071067811865477, -0.49999999999999983, 0.49999999999999994], [-0.4068719673351724, -0.11917004015776055, -0.6945738945125846]]
10	[[-0.30792515101507295, 0.09349718223056193, 0.9468053539599837], [0.3027085282091916, -0.9338174967034747, 0.1906631317268273], [0.9019698710720718, 0.34531602882779927, 0.2592434992682147]]	0.8203215341599693	0.17967846584003072	[[-0.2525976322871249, 0.0766977519670088, 0.7766848205113266], [0.2483183242638704, -0.7660306015212167, 0.1564050727258953], [0.7399053084039117, 0.28327017453804837, 0.21266302504070078]]	0.8500549537357552	0.2612266234698988	[[-0.2570742587616083, 0.07914973564912381, 0.7441432622965856], [0.24362425888294992, -0.8497653264926871, 0.11907432743709888], [0.6807736569649984, 0.2649223902469842, 0.17792452311248447]]	[[0.0046790412385849895, -0.0003280072662999907, -0.06069331906063377], [-0.01369462505933295, -0.055969137534776205, -0.04299981218206351], [-0.08595030006021685, -0.028615210662445458, -0.04244669766425313]]	0.2985487725486129	[[-0.20343598366758633, 0.11917004015776071, 0.7788398380224101], [0.4571067811865472, -0.8535533905932738, 0.25000000000000017], [0.6945738945125846, 0.40687196733517234, 0.11917004015776068]]
10	[[0.8787972042104137, -0.3840163418041313, 0.28327887866788265], [-0.395223040501579, -0.9183905790867732, -0.018907472103605397], [0.2674214316928388, -0.09534250611366366, -0.9588511794847616]]	0.7960666157927521	0.20393338420724796	[[0.6995811163239161, -0.30570258962912755, 0.225508858266707], [-0.3146238683354139, -0.7311000802695535, -0.015051607330713], [0.2128852741181707, -0.07589898618310403, -0.7633094135013229]]	0.8478086035377397	0.2476344204821672	[[0.6930186290024019, -0.31396871788629854, 0.14564875686278445], [-0.35953951200736883, -0.84050041089232, -0.02552655920932826], [0.1327869253834002, -0.055546906720954886, -0.8129222794794904]]	[[-0.052033201492098995, 0.011603640594333378, -0.09451751367236993], [-0.02446601795378564, -0.061880976534546675, -0.0094966416887418], [-0.09393526517616846, 0.02528529024505871, 0.0]]	0.34426970197177886	[[0.5996187625214897, -0.42399449310563136, 0.42399449310563125], [-0.5, -0.8535533905932737, -0.14644660940672619], [0.42399449310563125, -0.12418511184488654, -0.7238038743663763]]
10	[[0.22433838825039393, -0.7661379269479729, -0.6022499185961573], [-0.9416906372873723, -0.011392912655017143, -0.3362869982418849], [0.2507808429735371, 0.642575192824231, -0.724020780340167]]	0.7887753544499644	0.21122464555003556	[[0.1769525917089382, -0.6043107148859483, -0.4750398930081462], [-0.74278236620856, -0.008986448717678636, -0.2652548962351574], [0.19780974830571257, 0.5068474754806871, -0.5710897476419553]]	0.7999249013728865	0.19182419887899516	[[0.16766324768264668, -0.6815735483407277, -0.4414990276840876], [-0.8326682452073284, -0.022734036881300126, -0.31550785260204484], [0.24086152013258844, 0.47375621869381435, -0.6360923785816693]]	[[-0.01179061541270199, -0.06872074268884269, 0.04025567905077233], [-0.0793864550514562, -0.01362056234938566, -0.046503508700420935], [0.04025567905077233, -0.04025567905077234, -0.05693012727614073]]	0.33186930967881895	[[0.12941123443032335, -0.7542639490005839, -0.44183759171545345], [-0.8535533905932738, 0.14644660940672602, -0.5], [0.44183759171545345, 0.44183759171545356, -0.6248527145702607]]
