10	[[0.034229894132735264, 0.2773841392786001, 0.9601491309293217], [-0.1827544195208179, -0.9427759796974285, 0.2788803941677556], [0.9825625356654255, -0.18501754344446375, 0.018422055382213542]]	0.731197833102981	0.26880216689701936	[[0.025028824417200467, 0.2028226815776478, 0.7020589639912302], [-0.13362963554361518, -0.6893557534562994, 0.2039167399103681], [0.7184475969667296, -0.1352844268526285, 0.01347016697677765]]	0.8588604004889624	0.21696343643229535	[[0.009243100662769281, 0.20617542893334134, 0.7650134676634992], [-0.16918232877487693, -0.822923219809668, 0.258318835541982], [0.7934733025947256, -0.14129592711237413, 0.0]]	[[-0.020155599920766515, -0.03205882401676327, -0.05962059945558736], [-0.012221794834099468, -0.013210264315360674, 0.0187995085185437], [-0.05041075029233224, 0.017608314347821966, -0.01582197386339777]]	0.3813325743200373	[[0.0, 0.0, 0.9046000000000001], [0.0, -1.0, 0.0], [0.9046000000000001, 0.0, 0.0]]
10	[[0.5319609947059123, -0.8460851799387872, 0.03402011756955908], [-0.703274286200726, -0.4190807785627857, 0.5742617690636116], [-0.47161719485230363, -0.3294103357928521, -0.8179645788128509]]	0.5429474868062951	0.45705251319370477	[[0.28882688515455207, -0.4593798220718166, 0.018471137335246787], [-0.38184100622817535, -0.22753885548949002, 0.3117939842820249], [-0.25606337067969304, -0.17885251394674684, -0.4441118123630072]]	0.694023099329859	0.49833068587353585	[[0.4170587560511849, -0.5282926413473015, 0.08096022654012186], [-0.5325787270822441, -0.33626975792742375, 0.32813377856829934], [-0.2357885542443285, -0.11248345990981945, -0.47831283095740684]]	[[0.047865537782792886, 0.058910017530876976, 0.05734947910493028], [-0.04449012729422197, -0.04541801711970893, -0.07041715422387604], [0.09152467302432128, 0.1161349222884253, 0.08937348117233063]]	0.5073007186880467	[[0.42831957135389936, -0.4283195713538993, 0.0], [-0.5, -0.5000000000000001, 0.7071067811865475], [-0.30286767341925747, -0.3028676734192575, -0.42831957135389936]]
10	[[0.8489524140446696, -0.5135124485683378, 0.12483895166604869], [0.522794976890395, 0.7815435453534784, -0.34040431673891397], [0.0772347773085365, 0.35425224329800037, 0.9319550081910795]]	0.6532323810080074	0.3467676189919926	[[0.5545632067888954, -0.3354429594555473, 0.08154884563935652], [0.34150660753313905, 0.5105295509926924, -0.2223631223287647], [0.05045225747787851, 0.2314090363669807, 0.6087831889929959]]	0.8105704071480975	0.2857289597091023	[[0.636074044926823, -0.39325833645645747, 0.05214276357247902], [0.4765536593512321, 0.6244596922826768, -0.26478666694995356], [0.024307785096802738, 0.22383939761049024, 0.7035401218742124]]	[[-0.052061658974725124, 0.022979658055196545, -0.049047996307411725], [0.052791522078204436, -0.00903637747845977, 0.01113499866407783], [-0.03829643979217035, -0.06330698747269677, -0.05187502855893939]]	0.4605447135211749	[[0.639648794261351, -0.6396487942613509, 0.0], [0.7071067811865475, 0.7071067811865476, 0.0], [0.0, 0.0, 0.9046000000000001]]
10	[[0.8592155572171323, 0.2624339665249735, -0.4391776855101157], [-0.4266000482917053, 0.8413623931712975, -0.33184593135155627], [0.2824199444684594, 0.4724804086637203, 0.8348660002631537]]	0.5120130649969377	0.4879869350030625	[[0.4399295909437956, 0.1343696195597554, -0.22486471283629544], [-0.2184247982536776, 0.43078853770079445, -0.16990945241807373], [0.14460270138356085, 0.24191614219091712, 0.4274622996564714]]	0.7280164286004632	0.47607684615117746	[[0.4426672519144348, 0.17530548640247245, -0.28132342310980274], [-0.34915168454175183, 0.7495880376043281, -0.2553962712543406], [0.23368816159248113, 0.3040550118258232, 0.4369727138523049]]	[[-0.18285578944873887, -0.01575075265049233, 0.03840514701628905], [-0.038579840943639414, 0.13706239296902145, -0.013806981466186152], [0.02808180225501214, -0.039918487873225945, -0.17082345001922963]]	0.5816822749290423	[[0.5170274590962073, -0.08870788774230784, -0.30286767341925747], [-0.14644660940672619, 0.8535533905932737, -0.5], [0.30286767341925747, 0.3028676734192575, 0.42831957135389936]]
10	[[0.22433838825039393, -0.7661379269479729, -0.6022499185961573], [-0.9416906372873723, -0.011392912655017143, -0.3362869982418849], [0.2507808429735371, 0.642575192824231, -0.724020780340167]]	0.46235115161666923	0.5376488483833308	[[0.10372311215939709, -0.3542247528216028, -0.2784509434239785], [-0.4353917506164518, -0.0052675262863152855, -0.15548268091084824], [0.11594881155221393, 0.2970953804025865, -0.3347518415846757]]	0.6732878011870133	0.518553952203056	[[0.16480869565329836, -0.4094622623935271, -0.31119884452558816], [-0.8239460642454234, 0.05338723131572347, -0.19816765102309897], [0.1326963860542236, 0.3111988445255881, -0.34503187327591955]]	[[0.01376439550635224, 0.10636905784724995, 0.09428867893107623], [-0.18991724566781132, 0.061057940426335645, 0.02825028259096074], [-0.0361512962912548, -0.12143919414835944, 0.14244248593301703]]	0.548901142325519	[[0.08024515525169178, -0.46770303949842906, -0.27397409737506034], [-0.8535533905932738, 0.14644660940672602, -0.5], [0.27397409737506034, 0.2739740973750604, -0.38745788424673744]]
10	[[0.3802729664721569, 0.7767473726770865, -0.5020517802076895], [0.4287143634067757, 0.332951791095048, 0.839849450446521], [0.8195098935212374, -0.5346088512602871, -0.20639019011321075]]	0.5227128081727519	0.47728719182724855	[[0.19877355017684387, 0.40601580041284696, -0.2624288958804905], [0.22409448880034943, 0.17403816570944, 0.43900006468524333], [0.42836831776783896, -0.2794468939162737, -0.1078827958533845]]	0.7274662189158929	0.426325050522927	[[0.2856980233597308, 0.3992410073243431, -0.3329295624424409], [0.42015147836134303, 0.3160859893786389, 0.7005705132026508], [0.5074215255073316, -0.3701220526150132, -0.033915966763503475]]	[[0.009062286284300797, -0.16581646692991095, 0.03229614780523994], [0.10827626141888183, 0.07387480882945001, 0.08960840902772954], [-0.08874423809672888, 0.018787827010276897, 0.11622592445948626]]	0.485956173218267	[[0.33480839422867287, 0.3348083942286729, -0.4734905719145472], [0.5, 0.5000000000000001, 0.7071067811865475], [0.4734905719145472, -0.4734905719145471, 0.0]]
10	[[-0.8305561570912853, 0.32773595720904825, 0.4502950280316503], [-0.5100865793185324, -0.772219296347621, -0.37879947194723407], [0.22358030216652452, -0.5443036842615101, 0.808545204538665]]	0.5057399877968405	0.4942600122031594	[[-0.4200454607519373, 0.16574917899948988, 0.2277322019817048], [-0.2579711803998867, -0.39054217751133063, -0.19157404032004388], [0.11307349928931204, -0.27527613863619144, 0.4089136418765783]]	0.7061962069293576	0.4479578958788306	[[-0.4822953885063894, 0.16013812219964133, 0.24723022643913184], [-0.43681371726996976, -0.6699579307228631, -0.2677419475569808], [0.14393665703434355, -0.34131113134435015, 0.44878161519739]]	[[0.10424021927329982, -0.0713077676557508, -0.07076641435596834], [-0.07659250974965129, -0.12461959272451578, -0.00023519728100047238], [-0.013954904299775698, 0.04307406589880292, -0.12220994137873663]]	0.5746147485169911	[[-0.42831957135389936, 0.3028676734192575, 0.30286767341925747], [-0.7071067811865475, -0.5000000000000001, -0.5], [0.0, -0.4283195713538993, 0.42831957135389936]]
10	[[-0.5446221603179724, 0.8109226453022452, -0.2139887049042392], [-0.8354447797583356, -0.5021691245819775, 0.22328947644507607], [0.07361197229480154, 0.30038414347728, 0.9509735242804028]]	0.566906917634331	0.4330930823656691	[[-0.3087500701812122, 0.45971765728817365, -0.12131167710582468], [-0.4736194249464905, -0.28468315054789917, 0.12658434883166164], [0.041731136314629706, 0.17028984888493343, 0.5391134694016597]]	0.7489037190520058	0.351967762835979	[[-0.4218097826578555, 0.5747657232022955, -0.07625423109460522], [-0.7298473212147554, -0.3862474675553315, 0.11016373929156431], [0.06639859305649032, 0.08362312734698452, 0.6861387596317923]]	[[-0.013940221317588292, -0.032537261728046614, 0.08400270584330173], [-0.10417961859115395, -0.010171142562798661, -0.05705858004332843], [0.011270313238160246, -0.1413356748474018, -0.02604884942179427]]	0.4484914344044008	[[-0.5786262992888181, 0.578626299288818, 0.0], [-0.7071067811865475, -0.7071067811865476, 0.0], [0.0, 0.0, 0.8183011600000001]]
10	[[0.08740825448676931, -0.06334395238859675, -0.994156597696443], [0.7119981850616444, -0.6940087028176986, 0.10681996481098455], [-0.6967197295301035, -0.717174639895393, -0.015561310176609944]]	0.5892153225132196	0.41078467748678044	[[0.051502282857739355, -0.037323227335909065, -0.5857723003403548], [0.41952024023992385, -0.40892056165771146, 0.06293996001695505], [-0.4105179401364032, -0.4225702867442663, -0.009168962394439473]]	0.8253794750385496	0.29403138592431505	[[0.04599535528425776, -0.045995355284257765, -0.7035917270578335], [0.6786423068564177, -0.663675142512095, 0.09714101613106403], [-0.5054755228971574, -0.516556128501677, 0.0]]	[[-0.026149623918067848, 0.0062874428851091005, 0.11696472365496728], [0.09097361864183764, -0.09085460370823842, 0.008974009651737282], [0.0695826417113999, 0.0753850992861433, 0.012843986024482355]]	0.29442010746753877	[[0.0, 0.0, -0.7402352293360002], [0.7071067811865475, -0.7071067811865476, 0.0], [-0.5234253503366649, -0.5234253503366648, 0.0]]
10	[[0.8787972042104137, -0.3840163418041313, 0.28327887866788265], [-0.395223040501579, -0.9183905790867732, -0.018907472103605397], [0.2674214316928388, -0.09534250611366366, -0.9588511794847616]]	0.5667266668406986	0.43327333315930144	[[0.4980378103710925, -0.21763230140301373, 0.16054169469381982], [-0.22398343640210627, -0.5204764317437459, -0.010715368643659778], [0.15155485662505006, -0.05403314069803553, -0.5434065329456714]]	0.7840499320476904	0.3766740796661768	[[0.5434470056864387, -0.22867632106884067, 0.22117735103047978], [-0.34556466882529424, -0.846407821001551, -0.0252396527871976], [0.19876854299084007, -0.0747532854396745, -0.6296128226453162]]	[[-0.1455738825584366, 0.07241166562789103, -0.0009274345396195127], [-0.03569007077634963, -0.12634374987532762, -0.01041525056917219], [-0.010903212356026204, 0.0, 0.12217437947355897]]	0.5160505089432778	[[0.9046000000000001, 0.0, 0.0], [0.0, -1.0, 0.0], [0.0, 0.0, -0.9046000000000001]]
10	[[-0.30792515101507295, 0.09349718223056193, 0.9468053539599837], [0.3027085282091916, -0.9338174967034747, 0.1906631317268273], [0.9019698710720718, 0.34531602882779927, 0.2592434992682147]]	0.5778554784576264	0.42214452154237375	[[-0.17793623546895185, 0.054027858972281254, 0.5471166608187886], [0.17492178140152628, -0.5396115563496895, 0.11017573520823518], [0.5212082314027155, 0.19954275905737545, 0.14980527630666357]]	0.7867446817500909	0.3186097513590267	[[-0.17356636682321683, 0.06720763207350626, 0.7082351300959308], [0.26114515247408226, -0.8386452594344667, 0.1283996505524209], [0.6504937733487803, 0.2344459113421272, 0.10635873474971058]]	[[0.0686921081149855, -0.006350778805007434, -0.036658946784598995], [0.022990827785103404, -0.10396931017782483, -0.021603554339477523], [-0.059126225815987365, -0.03722963786120493, -0.09759970957784096]]	0.48661455848583113	[[0.0, 0.0, 0.9046000000000001], [0.0, -1.0, 0.0], [0.9046000000000001, 0.0, 0.0]]
10	[[-0.42203838922340475, -0.825029846081567, 0.3757783270710803], [0.2588054115689476, 0.28760896992378115, 0.9221175843470338], [-0.8688517462515349, 0.4864224845687207, 0.09214016247897017]]	0.5076721985357078	0.4923278014642924	[[-0.2142571569235146, -0.4188447158178057, 0.19077220946624562], [0.1313883122841463, 0.14601107807979616, 0.4681334613538946], [-0.44109187622110557, 0.24694317215820383, 0.04677699885913612]]	0.7198349754184488	0.43709103214308714	[[-0.20657750196856348, -0.46579244274554127, 0.2520026919965543], [0.27010389939165, 0.23559526839283998, 0.8274828560075935], [-0.5363354404246631, 0.2697636641152083, 0.02238104084988892]]	[[0.09722049156370777, 0.12809289622807, -0.018495690833442636], [0.0838067123167551, 0.028564272597629527, 0.16371036734622707], [0.08909443498058689, -0.08038025310729759, -0.04394467074321245]]	0.5959630008555055	[[-0.33480839422867287, -0.3348083942286729, 0.4734905719145472], [0.5, 0.5000000000000001, 0.7071067811865475], [-0.4734905719145472, 0.4734905719145471, 0.0]]
10	[[0.04673222253661188, -0.9725397674033924, -0.22799671093185395], [-0.8377629715199755, -0.16246744520517667, 0.5213036857710898], [-0.5440306084466285, 0.16664552219444034, -0.8223502702654952]]	0.5116289050464365	0.4883710949535634	[[0.02390955584679309, -0.4975794563107137, -0.11664970756825335], [-0.4286237518072141, -0.08312304109601645, 0.2667140339477344], [-0.27834178451129515, 0.08526066605123316, -0.4207381683405764]]	0.6848970675741239	0.4865472351640645	[[0.002394471002527024, -0.6805351422289144, -0.10179445829388652], [-0.6689380377213103, -0.1466075743953366, 0.2798105696567243], [-0.23372183257757795, 0.010831460111974032, -0.4918281619696508]]	[[-0.029612291174019742, -0.014445507435110333, 0.05435982043988548], [-0.09515663520509472, -0.03533409759805155, -0.07722879604347764], [0.1388831358180844, -0.10330356936335675, 0.07139712665397528]]	0.5238895586563082	[[-0.08024515525169178, -0.46770303949842906, -0.27397409737506034], [-0.8535533905932738, -0.14644660940672602, 0.5], [-0.27397409737506034, 0.2739740973750604, -0.38745788424673744]]
10	[[-0.3195682178843842, -0.5708200961323295, -0.7563336379995778], [0.910087742671785, 0.03735879733279218, -0.41272826520656647], [0.2638493031197415, -0.8202248094963509, 0.507557688474819]]	0.48090028358524184	0.5190997164147582	[[-0.1536804466054307, -0.2745075461061922, -0.36372106099905455], [0.43766145353831404, 0.01796585623174335, -0.1984811397814827], [0.1268852046940521, -0.39444634349044605, 0.24408463632341026]]	0.6670568237309957	0.5226022092257646	[[-0.2289447431108718, -0.3594824390393134, -0.3590846215032223], [0.7783299530097889, 0.011184450307197946, -0.22630279799514033], [0.15153615281241736, -0.3590846215032223, 0.30277830385744336]]	[[-0.015774582723539717, 0.021287001208539963, 0.14543289274168478], [0.17124971406663642, -0.013735990380024387, 0.049010407657556], [-0.024466325270274047, 0.18805193466477468, -0.03579151567681558]]	0.5656807451940878	[[-0.2478369684854796, -0.24783696848547965, -0.3504944020895987], [0.8535533905932738, -0.14644660940672602, -0.5], [0.07258976744068038, -0.42308416953027894, 0.2478369684854796]]
