10	[[0.034229894132735264, 0.2773841392786001, 0.9601491309293217], [-0.1827544195208179, -0.9427759796974285, 0.2788803941677556], [0.9825625356654255, -0.18501754344446375, 0.018422055382213542]]	0.9025393413813337	0.09746065861866625	[[0.030893826106111667, 0.25035009837413585, 0.8665723642568101], [-0.1649430534288469, -0.8508924117862589, 0.2517005272763329], [0.8868013438054465, -0.16698561180435859, 0.016626629731553454]]	0.930500222288914	0.12307830684132363	[[0.01113962422954213, 0.2422960119486282, 0.8818418989192585], [-0.1636246214533259, -0.8278070918164465, 0.25208583282787433], [0.9158239969398018, -0.164870153465157, 0.0]]	[[-0.02071129986989402, -0.015809991309528294, -0.011577080840983104], [0.006428406535076583, 0.049446166860659405, -0.007412435937242194], [0.0015493390903642745, 0.007288711837265359, -0.01714172662816838]]	0.1806595872068226	[[-0.06689075176427217, 0.25608636844900395, 0.8743335522974621], [-0.2803300858899109, -0.9267766952966368, 0.25000000000000017], [0.8743335522974621, -0.22837931187091032, 0.13378150352854454]]
10	[[0.3802729664721569, 0.7767473726770865, -0.5020517802076895], [0.4287143634067757, 0.332951791095048, 0.839849450446521], [0.8195098935212374, -0.5346088512602871, -0.20639019011321075]]	0.8571785925771387	0.14282140742286137	[[0.32596184619573687, 0.6658112196993353, -0.4303480383592742], [0.36748477464262397, 0.28539914768689073, 0.7199009699104323], [0.7024663371315751, -0.45825526270257383, -0.1769132526829701]]	0.8745858595272894	0.21118073611488514	[[0.3431137511055761, 0.6401582423445644, -0.4390873877201478], [0.4045458156249512, 0.3018236994476015, 0.7204736541318663], [0.6896417252174318, -0.4507511723456379, -0.08780758849129192]]	[[0.01053239186853271, -0.03917402622378912, 2.0526172401101866e-18], [0.02959829561314143, 0.010628771051588607, -0.014046799360425962], [-0.027090039398957017, 0.0168101693447371, 0.0926983533268712]]	0.18997961799915514	[[0.22609551875220105, 0.705716542268916, -0.5184128817510315], [0.4571067811865474, 0.42677669529663675, 0.7803300858899108], [0.7719383865155455, -0.41339917927008524, -0.2260955187522011]]
10	[[0.8489524140446696, -0.5135124485683378, 0.12483895166604869], [0.522794976890395, 0.7815435453534784, -0.34040431673891397], [0.0772347773085365, 0.35425224329800037, 0.9319550081910795]]	0.8769806506500758	0.12301934934992428	[[0.7445148404398468, -0.45034048126237436, 0.10948134505856473], [0.45848107898992985, 0.6853985669154605, -0.2985279991777872], [0.06773340525685405, 0.31067236282172933, 0.8173065094600095]]	0.9156314021112021	0.14179819657219175	[[0.7715707839300862, -0.47945466862786146, 0.05518969955412931], [0.5001954775595454, 0.6726179606020664, -0.2901746820323089], [0.024792769521128594, 0.29323538841019275, 0.8539206240562512]]	[[-0.005756705267324389, -0.009266545343677723, -0.05911676479794744], [0.021507979852699553, -0.04298785164089882, 0.02151019978804862], [-0.04592581791763314, -0.031129089821794, 0.0005933532016962128]]	0.3545115342311924	[[0.8655902167744876, -0.2260955187522012, 0.1324436884932591], [0.2803300858899109, 0.9267766952966368, -0.25000000000000017], [-0.06622184424662945, 0.2535255047645139, 0.8655902167744876]]
10	[[0.5319609947059123, -0.8460851799387872, 0.03402011756955908], [-0.703274286200726, -0.4190807785627857, 0.5742617690636116], [-0.47161719485230363, -0.3294103357928521, -0.8179645788128509]]	0.8721307346301609	0.12786926536983906	[[0.4639395331074584, -0.7378968895397063, 0.029669990128144013], [-0.6133471198707412, -0.3654932272773421, 0.5008313385234634], [-0.41131185061075537, -0.2872888781497881, -0.713372049021502]]	0.8798626234250627	0.16321445744908908	[[0.5311899524030369, -0.7277988072309908, 0.00161837599997261], [-0.5916786809682258, -0.3932973296241149, 0.5757856324452737], [-0.3883550572740954, -0.37560801744234673, -0.7261804312310183]]	[[0.063137356041287, 0.016639918831016735, -0.02831465389400871], [0.027106077475733216, -0.024563816370844437, 0.07051416578424682], [0.026603285041021545, -0.08577217520831718, -0.006483971047966784]]	0.22654774885251439	[[0.45219103750440204, -0.7719383865155455, -0.13244368849325885], [-0.7071067811865477, -0.49999999999999983, 0.49999999999999994], [-0.4521910375044021, -0.13244368849325894, -0.7719383865155455]]
10	[[0.8592155572171323, 0.2624339665249735, -0.4391776855101157], [-0.4266000482917053, 0.8413623931712975, -0.33184593135155627], [0.2824199444684594, 0.4724804086637203, 0.8348660002631537]]	0.874015315385286	0.12598468461471393	[[0.7509675562250762, 0.22937130602013633, -0.3838480233113037], [-0.3728549757510531, 0.7353636174209306, -0.29003842634955446], [0.24683935683569552, 0.4129551133915903, 0.7296856705244528]]	0.8756991204048177	0.12055372796504216	[[0.7542465366071613, 0.23240435662979395, -0.39141317218400995], [-0.3755390600739039, 0.7488492588158209, -0.2925629632146801], [0.2533816221716413, 0.41375067827532863, 0.7336825850658593]]	[[0.0018322289139833029, 0.0025911629795273157, -0.006825659281377861], [-0.001965773020204739, 0.012068951174023275, -0.001965773020204738], [0.006066725215833849, -4.068365453376418e-19, 0.0025911629795273153]]	0.22624753619499027	[[0.7128449921908242, 0.38986787197754824, -0.4175749285556417], [-0.573223304703363, 0.7803300858899106, -0.2499999999999999], [0.2283793118709102, 0.41757492855564166, 0.7797357439550965]]
10	[[-0.5446221603179724, 0.8109226453022452, -0.2139887049042392], [-0.8354447797583356, -0.5021691245819775, 0.22328947644507607], [0.07361197229480154, 0.30038414347728, 0.9509735242804028]]	0.8584719055693859	0.14152809443061423	[[-0.46754282378348533, 0.6961543085819857, -0.18370329126946727], [-0.7172058720771342, -0.4310980852980006, 0.19168774233739497], [0.0631938101286391, 0.2578713480537683, 0.8163840535350321]]	0.8651996120197217	0.1403889644652753	[[-0.4714242589097178, 0.7013925809882436, -0.1655682656770685], [-0.7367271329211779, -0.4488207468489969, 0.1931899683883666], [0.07753043797625168, 0.24605085628663623, 0.8230893418988474]]	[[-0.00021737710526532975, -0.0002173771052653297, 0.019574678782681997], [-0.013900633610363781, -0.0143442150923867, 0.0], [0.013841388106782874, -0.013841388106782872, 0.00030741765041563323]]	0.14143923140114537	[[-0.4521910375044021, 0.7719383865155454, -0.1324436884932591], [-0.8535533905932738, -0.45710678118654735, 0.25000000000000017], [0.1324436884932591, 0.2260955187522012, 0.8655902167744876]]
10	[[-0.30792515101507295, 0.09349718223056193, 0.9468053539599837], [0.3027085282091916, -0.9338174967034747, 0.1906631317268273], [0.9019698710720718, 0.34531602882779927, 0.2592434992682147]]	0.8734182923932473	0.12658170760675294	[[-0.2689474595845178, 0.08166214924739766, 0.8269571154845129], [0.26439116580134525, -0.8156132833776855, 0.16652866693519427], [0.7877969845819264, 0.3016053362347938, 0.2264280144448942]]	0.873953532718967	0.12269497661828324	[[-0.28846259097873844, 0.08171219270966862, 0.8274638838905598], [0.26455318761258206, -0.8368737876787594, 0.1666307175319225], [0.7882797552295084, 0.3017901632985399, 0.24591708945597726]]	[[-0.019350317436094003, 0.0, 0.0], [0.0, -0.020760687519975216, 0.0], [0.0, 0.0, 0.019350317436094003]]	0.24323328276243264	[[-0.2260955187522012, 0.13244368849325913, 0.8655902167744876], [0.4571067811865472, -0.8535533905932738, 0.25000000000000017], [0.7719383865155455, 0.452191037504402, 0.1324436884932591]]
10	[[-0.3195682178843842, -0.5708200961323295, -0.7563336379995778], [0.910087742671785, 0.03735879733279218, -0.41272826520656647], [0.2638493031197415, -0.8202248094963509, 0.507557688474819]]	0.8660228743927161	0.13397712560728395	[[-0.2767533866167922, -0.49434326041364646, -0.6550022311802943], [0.7881568028581978, 0.03235357304999962, -0.3574321185773099], [0.22849953189427352, -0.710333447168248, 0.43955656829308554]]	0.8665870621311819	0.12351713751703786	[[-0.29458739882388146, -0.4770115943757987, -0.680395069566525], [0.8210035946758145, 0.03792217307261105, -0.37660540186361063], [0.2234777388096818, -0.7409329857962474, 0.42218921038053137]]	[[-0.017653715736955528, 0.01765371573695553, -0.024966124221481856], [0.032333331472273324, 0.005547522647232428, -0.01894042705975288], [-0.005170653626214611, -0.030136777847696458, -0.017653715736955528]]	0.25314372399703355	[[-0.46603267395349485, -0.46603267395349496, -0.6590697280140313], [0.8535533905932738, -0.14644660940672602, -0.5], [0.13649780994647948, -0.7955675379605105, 0.46603267395349485]]
10	[[0.22433838825039393, -0.7661379269479729, -0.6022499185961573], [-0.9416906372873723, -0.011392912655017143, -0.3362869982418849], [0.2507808429735371, 0.642575192824231, -0.724020780340167]]	0.8707346668045753	0.12926533319542466	[[0.1953392117446823, -0.6671028525473912, -0.5243998822019076], [-0.8199626832914084, -0.00992020400460003, -0.2928167473648585], [0.21836357374753335, 0.5595124964206927, -0.630429992929084]]	0.8812365284728368	0.11542584336320573	[[0.17964261376292054, -0.7192148346427456, -0.5130460067389186], [-0.8710393848585642, -0.006852930434523764, -0.33063606028117554], [0.24942068179075666, 0.539268747759487, -0.6747745316169045]]	[[-0.01805256870204815, -0.044066107567737996, 0.017678620797807656], [-0.04118719676006691, 0.0031869203627778297, -0.03428767337994586], [0.028423442321265164, -0.02699198444770228, -0.03674097260774134]]	0.3073697987560747	[[0.13787657570351464, -0.8036035736974855, -0.4707400747004999], [-0.8535533905932738, 0.14644660940672602, -0.5], [0.4707400747004999, 0.4707400747005, -0.6657269979939711]]
10	[[0.8787972042104137, -0.3840163418041313, 0.28327887866788265], [-0.395223040501579, -0.9183905790867732, -0.018907472103605397], [0.2674214316928388, -0.09534250611366366, -0.9588511794847616]]	0.8502662698527416	0.14973373014725852	[[0.7472116207810066, -0.32651614250829425, 0.24086247549300796], [-0.33604482040713657, -0.7808765319480098, -0.01607638577787733], [0.22737942320414975, -0.08106651703167703, -0.81527881572441]]	0.8567470572856388	0.23721539004840125	[[0.6999518347404061, -0.31802691279902456, 0.15293059446267454], [-0.35963085218627266, -0.8406391571110113, -0.02510025602753145], [0.13866206165115286, -0.059048046361324845, -0.8214929263984334]]	[[-0.052955083917712524, 0.0109779579912609, -0.0897677512272094], [-0.021024675265062062, -0.05381073103956478, -0.008901334942057214], [-0.09045046300679924, 0.022636365185794524, 0.0]]	0.31901095113347994	[[0.652479030733891, -0.46137234721396003, 0.4613723472139599], [-0.5, -0.8535533905932737, -0.14644660940672619], [0.4613723472139599, -0.13513283184701455, -0.7876118625809055]]
10	[[-0.42203838922340475, -0.825029846081567, 0.3757783270710803], [0.2588054115689476, 0.28760896992378115, 0.9221175843470338], [-0.8688517462515349, 0.4864224845687207, 0.09214016247897017]]	0.8421700519075637	0.1578299480924363	[[-0.35542809215925936, -0.6948154282998028, 0.31646925321518915], [0.21795816689497902, 0.24221566112979173, 0.7765798138744187], [-0.7317209202406326, 0.40965044907824566, 0.07759768541768566]]	0.8716547034011134	0.21049881987257843	[[-0.29274276190060305, -0.6680221372936176, 0.34373542167755494], [0.25330863982828894, 0.2301327578255534, 0.8306189507486745], [-0.7761658323702345, 0.3918883228071943, 0.02211246135919641]]	[[0.07512898508180735, 0.051119008489676925, 0.016186475449845857], [0.02771968556855487, -0.02056295354885982, 0.026850821263709607], [-0.01882712119181338, -0.03210412370718655, -0.05820194463774072]]	0.19780946753264672	[[-0.4133991792700851, -0.7719383865155455, 0.2260955187522011], [0.25000000000000006, 0.1464466094067262, 0.9571067811865475], [-0.7719383865155455, 0.452191037504402, 0.1324436884932591]]
10	[[0.04673222253661188, -0.9725397674033924, -0.22799671093185395], [-0.8377629715199755, -0.16246744520517667, 0.5213036857710898], [-0.5440306084466285, 0.16664552219444034, -0.8223502702654952]]	0.8555801585073102	0.14441984149269008	[[0.039983162365273266, -0.8320857283496571, -0.19506946207822098], [-0.7167733759646154, -0.13900392252092272, 0.44601709010247403], [-0.46546179420759487, 0.14257860229365277, -0.7035865745822819]]	0.8623545680495789	0.1298299046815356	[[0.05706833969856827, -0.8554427051492022, -0.1728996319473277], [-0.7531609290310071, -0.1453739246087123, 0.46753940710310676], [-0.47405868785923555, 0.11508174657785362, -0.7259261062192671]]	[[0.016768594119011587, -0.01676859411901159, 0.023714373225035914], [-0.030712203597967138, -0.00526938107668362, 0.01799079233732538], [-0.004911407506493638, -0.028625780731529542, -0.016768594119011587]]	0.1614060860914419	[[0.13378150352854454, -0.8743335522974621, -0.22837931187091015], [-0.8535533905932738, -0.2500000000000001, 0.4571067811865474], [-0.4567586237418203, 0.1337815035285444, -0.7797357439550965]]
10	[[-0.8305561570912853, 0.32773595720904825, 0.4502950280316503], [-0.5100865793185324, -0.772219296347621, -0.37879947194723407], [0.22358030216652452, -0.5443036842615101, 0.808545204538665]]	0.8714901262812937	0.1285098737187063	[[-0.7238214902271901, 0.2856186507350342, 0.3924276708431417], [-0.44453541742470104, -0.6729814920908401, -0.33011999964258243], [0.19484802576911428, -0.4743552865324368, 0.7046391624075355]]	0.8714901262812935	0.12850987371870642	[[-0.7238214902271902, 0.28561865073503406, 0.39242767084314145], [-0.4445354174247008, -0.6729814920908398, -0.33011999964258243], [0.1948480257691142, -0.47435528653243675, 0.7046391624075357]]	[[0.0, 0.0, 0.0], [0.0, 0.0, 0.0], [0.0, 0.0, 0.0]]	0.1980406591330249	[[-0.7057165422689159, 0.38596919325777274, 0.4133991792700853], [-0.573223304703363, -0.7803300858899106, -0.2499999999999999], [0.2260955187522011, -0.41339917927008524, 0.7719383865155455]]
10	[[0.08740825448676931, -0.06334395238859675, -0.994156597696443], [0.7119981850616444, -0.6940087028176986, 0.10681996481098455], [-0.6967197295301035, -0.717174639895393, -0.015561310176609944]]	0.929441481475417	0.07055851852458306	[[0.08124085754336315, -0.058874496950565645, -0.9240103809815421], [0.6617606479315029, -0.6450404769037141, 0.0992829063450734], [-0.6475602175876113, -0.6665718597809729, -0.014463327184246831]]	0.9572010755896309	0.06734453849718354	[[0.0631358815282875, -0.06313588152828752, -0.9319778176338247], [0.6817407393191227, -0.6700094396369413, 0.09295022985748731], [-0.6756234914946287, -0.686944792959771, 0.0]]	[[-0.020531393681860254, -0.002502982169824342, 0.01962994698573847], [0.00021531076025166828, -0.005703562831275679, -0.009297955354033624], [-0.008722617003896978, -0.0004644562662947172, 0.014895302838634905]]	0.12376518170330744	[[0.0, 0.0, -0.970299], [0.7071067811865475, -0.7071067811865476, 0.0], [-0.6861050026785259, -0.6861050026785258, 0.0]]
