10	[[0.034229894132735264, 0.2773841392786001, 0.9601491309293217], [-0.1827544195208179, -0.9427759796974285, 0.2788803941677556], [0.9825625356654255, -0.18501754344446375, 0.018422055382213542]]	0.7882218078882749	0.21177819211172516	[[0.02698074903712884, 0.21864022774171127, 0.7568104838234659], [-0.14405101895427128, -0.7431165871507466, 0.21981960847550308], [0.7744772182254892, -0.14583486258484266, 0.014520665798386283]]	0.8817044603132308	0.18180849755488784	[[0.009182994610005681, 0.21703796163597672, 0.7994731857139397], [-0.16751658874499523, -0.8244269451137226, 0.2563542615487313], [0.8296194877690195, -0.1480620712698705, 0.0]]	[[-0.0209976557228767, -0.027532871186111404, -0.04709458559231532], [-0.006381201911534726, 0.006822841261676059, 0.010464174117109266], [-0.036710282463864034, 0.015068722021310137, -0.01624280839863505]]	0.36914859765582725	[[0.0, 0.0, 0.9301999999999999], [0.0, -1.0, 0.0], [0.9301999999999999, 0.0, 0.0]]
10	[[-0.30792515101507295, 0.09349718223056193, 0.9468053539599837], [0.3027085282091916, -0.9338174967034747, 0.1906631317268273], [0.9019698710720718, 0.34531602882779927, 0.2592434992682147]]	0.6292496681777281	0.37075033182227196	[[-0.19376179909981148, 0.058833070894133685, 0.5957769548082162], [0.19047924093020224, -0.5876043499392183, 0.11997471237283255], [0.5675642420784094, 0.2172899965563435, 0.16312888589175725]]	0.8083574533890873	0.3000050513668793	[[-0.20669261903845293, 0.06928534652737525, 0.7153065673118064], [0.2529643386739018, -0.8447930674499199, 0.12173834286282771], [0.6554947026313911, 0.2423828916350167, 0.1374072725110777]]	[[0.042220971870541565, -0.0062937975995772145, -0.050050597470439315], [0.008267643691560975, -0.08993473388452672, -0.0323856207550585], [-0.07361936538211217, -0.03675589404265574, -0.07215414236505205]]	0.47990000997803484	[[0.0, 0.0, 0.9301999999999999], [0.0, -1.0, 0.0], [0.9301999999999999, 0.0, 0.0]]
10	[[0.8592155572171323, 0.2624339665249735, -0.4391776855101157], [-0.4266000482917053, 0.8413623931712975, -0.33184593135155627], [0.2824199444684594, 0.4724804086637203, 0.8348660002631537]]	0.5842592921585396	0.4157407078414606	[[0.5020046732712867, 0.15332948352023892, -0.2565936436679659], [-0.2492450422497105, 0.4915737962830771, -0.1938840689571516], [0.16500647684659614, 0.2760510691246427, 0.4877782183609811]]	0.7537017910267617	0.43636127225091087	[[0.48112924824357184, 0.19341180867352595, -0.2891374029652468], [-0.3530325448978218, 0.7490691761981554, -0.2527680531420448], [0.24075990546637316, 0.3202405631610614, 0.47697255553482076]]	[[-0.16646305610903783, -0.0043851419226038565, 0.041871605182715196], [-0.03150332444826052, 0.11493283356238604, -0.0026551803374330217], [0.027899487498816725, -0.03586876707384093, -0.15226744413086707]]	0.5256279806978985	[[0.4068790868811442, 0.22252956181539066, -0.2383442508489934], [-0.573223304703363, 0.7803300858899106, -0.2499999999999999], [0.1303547992825138, 0.23834425084899338, 0.4450591236307813]]
10	[[0.8787972042104137, -0.3840163418041313, 0.28327887866788265], [-0.395223040501579, -0.9183905790867732, -0.018907472103605397], [0.2674214316928388, -0.09534250611366366, -0.9588511794847616]]	0.6098035307762238	0.3901964692237764	[[0.5358936379637844, -0.23417452110792844, 0.17274446040600439], [-0.24100840554197744, -0.5600378177587351, -0.011529843246831529], [0.16307453325152585, -0.058140196861165803, -0.5847108347387544]]	0.8048068809530003	0.31895206077451943	[[0.6206186003998831, -0.23862145524799208, 0.1793687625862646], [-0.32177941402560445, -0.8584775887955426, -0.019885910483939073], [0.1628808779283639, -0.057011997087642534, -0.7123315856830299]]	[[-0.08664343651091679, 0.07043753903437208, -0.04861602819429744], [-0.0037011915187672613, -0.11935053134409647, -0.00466904683353055], [-0.05234173041233554, 0.019720307879937483, 0.05935844137620665]]	0.5030508663446952	[[0.6118397270551175, -0.6118397270551174, 0.0], [-0.7071067811865475, -0.7071067811865476, 0.0], [0.0, 0.0, -0.8652720399999998]]
10	[[0.3802729664721569, 0.7767473726770865, -0.5020517802076895], [0.4287143634067757, 0.332951791095048, 0.839849450446521], [0.8195098935212374, -0.5346088512602871, -0.20639019011321075]]	0.5880552456457426	0.4119447543542576	[[0.22362151271121952, 0.4567703670443093, -0.2952341829369153], [0.25210773028502964, 0.19579404730058841, 0.4938778748877709], [0.4819170917437476, -0.3143795393522565, -0.12136883394589568]]	0.771029282145279	0.34851749135368926	[[0.3082666160180691, 0.46540975640615817, -0.37202123539104326], [0.4061971560639769, 0.31146260134077663, 0.7173009013370104], [0.5627671127254075, -0.39240828883061646, -0.0435465403689961]]	[[0.015065023659786224, -0.13348521275728717, 0.015075388302250914], [0.07564582820108033, 0.05474702086377694, 0.06975238244912213], [-0.06909901218722614, 0.019790789985114965, 0.11558633975582043]]	0.44183381609517386	[[0.3743478516028806, 0.37434785160288064, -0.5294078087820246], [0.5, 0.5000000000000001, 0.7071067811865475], [0.5294078087820246, -0.5294078087820245, 0.0]]
10	[[0.22433838825039393, -0.7661379269479729, -0.6022499185961573], [-0.9416906372873723, -0.011392912655017143, -0.3362869982418849], [0.2507808429735371, 0.642575192824231, -0.724020780340167]]	0.5470372972670126	0.4529627027329875	[[0.12272146558173322, -0.41910602089137095, -0.3294531677481202], [-0.5151399010833347, -0.006232348146799731, -0.18396153062427728], [0.1371864745465868, 0.35151259677339675, -0.3960663708424383]]	0.713326759229876	0.4695849716847747	[[0.18690929665756537, -0.45991928560580586, -0.33369093162260494], [-0.8196219038750638, 0.04826562886487616, -0.20037037419723425], [0.1500164382111998, 0.3336909316226049, -0.3873232130037858]]	[[0.026882721196058175, 0.08658739894708703, 0.09591005105604859], [-0.14788877338174589, 0.056392498327268545, 0.03951214042979256], [-0.028872247784049836, -0.12467514823621655, 0.1291401838513515]]	0.47412480247130223	[[0.09487184187766572, -0.5529536165744179, -0.3239127292260417], [-0.8535533905932738, 0.14644660940672602, -0.5], [0.3239127292260417, 0.32391272922604175, -0.45808177469675226]]
10	[[-0.5446221603179724, 0.8109226453022452, -0.2139887049042392], [-0.8354447797583356, -0.5021691245819775, 0.22328947644507607], [0.07361197229480154, 0.30038414347728, 0.9509735242804028]]	0.6303136136656338	0.3696863863343664	[[-0.34328276195240526, 0.5111355829637529, -0.13487999387181993], [-0.5265922181475661, -0.31652403558657405, 0.14074239679160327], [0.04639862826619087, 0.18933621496302053, 0.5994115585895239]]	0.7805375331219119	0.3181213194597779	[[-0.45541320618228953, 0.5986906683634531, -0.09553441096197353], [-0.7332887195656432, -0.39927847637813774, 0.10132472035486664], [0.07135209749188047, 0.10004369622830706, 0.7178447044700162]]	[[-0.03031516868417297, -0.03426489275345662, 0.07149180487993415], [-0.08119271211349292, -0.007316626666931167, -0.0729610967616563], [0.013895190228657553, -0.13441740211038744, -0.024425824236060135]]	0.4271952460226631	[[-0.6118397270551175, 0.6118397270551174, 0.0], [-0.7071067811865475, -0.7071067811865476, 0.0], [0.0, 0.0, 0.8652720399999998]]
10	[[0.5319609947059123, -0.8460851799387872, 0.03402011756955908], [-0.703274286200726, -0.4190807785627857, 0.5742617690636116], [-0.47161719485230363, -0.3294103357928521, -0.8179645788128509]]	0.6039429971845507	0.3960570028154493	[[0.3212741175279636, -0.5109872194456611, 0.020546211769530302], [-0.4247375802508919, -0.25310090146764375, 0.34682137397677987], [-0.2848299021828705, -0.19894506550230437, -0.49400397931903167]]	0.72707647181325	0.4592012446654801	[[0.4482692268122864, -0.5824624995340775, 0.09132382595093866], [-0.5147480845334348, -0.3511440465308406, 0.3398032890469219], [-0.24774750949665275, -0.10704310019309737, -0.5269053199593392]]	[[0.0614929036392447, 0.03270612794929453, 0.0665885988977917], [-0.003413897805629139, -0.046440272648660394, -0.07772893190108413], [0.09515425658302226, 0.13246340453398753, 0.0678174800721195]]	0.4422220217451186	[[0.49245514372903926, -0.4924551437290392, 0.0], [-0.5, -0.5000000000000001, 0.7071067811865475], [-0.3482183715609995, -0.34821837156099955, -0.49245514372903926]]
10	[[0.8489524140446696, -0.5135124485683378, 0.12483895166604869], [0.522794976890395, 0.7815435453534784, -0.34040431673891397], [0.0772347773085365, 0.35425224329800037, 0.9319550081910795]]	0.6989623958897542	0.30103760411024594	[[0.5933858133170528, -0.35892589137053954, 0.08725773275686662], [0.3654140296064391, 0.54626954895244, -0.23792981679904604], [0.0539842049935863, 0.2476089967248904, 0.6514015053866924]]	0.8545927551389673	0.24418551802483385	[[0.6736083023612142, -0.4219806455980547, 0.05393938052377924], [0.49347151162816794, 0.6650633959052774, -0.31513698051249905], [0.02205451433560325, 0.2604654614672327, 0.7459806603263768]]	[[-0.051900280139097296, 0.01686337262211826, -0.052747083129169675], [0.04669471195459259, -0.0028380557794280004, -0.02422991760939292], [-0.04394976679704356, -0.042275939146965216, -0.05046133778919667]]	0.4506927089330025	[[0.6577507278597265, -0.6577507278597264, 0.0], [0.7071067811865475, 0.7071067811865476, 0.0], [0.0, 0.0, 0.9301999999999999]]
10	[[0.08740825448676931, -0.06334395238859675, -0.994156597696443], [0.7119981850616444, -0.6940087028176986, 0.10681996481098455], [-0.6967197295301035, -0.717174639895393, -0.015561310176609944]]	0.6680061214948981	0.331993878505102	[[0.0583892490663458, -0.042314147955264, -0.6641026929857646], [0.4756191461144356, -0.4636020618529562, 0.0713563903916073], [-0.46541304429237884, -0.4790770496310217, -0.010395050456456296]]	0.8620721912945761	0.2292918232285828	[[0.05018980809053639, -0.0501898080905364, -0.7683466417204184], [0.6746171013634259, -0.6658815542267315, 0.09480367923927104], [-0.5525719442164141, -0.5600063240322155, 0.0]]	[[-0.025162417392106805, 0.004417251750360509, 0.0886881149457149], [0.06082326576957307, -0.06759595101117168, 0.0027171581006560698], [0.04805075973776659, 0.058249989323304587, 0.013414972763364723]]	0.23937179379986717	[[0.0, 0.0, -0.8048760516079998], [0.7071067811865475, -0.7071067811865476, 0.0], [-0.5691333141066703, -0.5691333141066702, 0.0]]
10	[[-0.8305561570912853, 0.32773595720904825, 0.4502950280316503], [-0.5100865793185324, -0.772219296347621, -0.37879947194723407], [0.22358030216652452, -0.5443036842615101, 0.808545204538665]]	0.5616259487692036	0.43837405123079637	[[-0.46646188973249686, 0.1840650179133148, 0.25289737234433063], [-0.2864778590642083, -0.43369839496911944, -0.2127436128256387], [0.12556849933037956, -0.30569507309194366, 0.4540999676218175]]	0.7399399335650065	0.41622653843046564	[[-0.5104937009688175, 0.1924401525321244, 0.2547653480566866], [-0.44856508247983956, -0.6764047849087169, -0.2672106723850681], [0.1556444139731245, -0.3700567718284851, 0.4870396399387491]]	[[0.10406796673131519, -0.05006476987200256, -0.07842592506970547], [-0.07113165286648326, -0.10500889007164219, 0.013078183722027795], [-0.009791579958417753, 0.03269526014316502, -0.1112352449918953]]	0.5160845060913226	[[-0.49245514372903926, 0.34821837156099955, 0.3482183715609995], [-0.7071067811865475, -0.5000000000000001, -0.5], [0.0, -0.4924551437290392, 0.49245514372903926]]
10	[[-0.42203838922340475, -0.825029846081567, 0.3757783270710803], [0.2588054115689476, 0.28760896992378115, 0.9221175843470338], [-0.8688517462515349, 0.4864224845687207, 0.09214016247897017]]	0.5776919865302352	0.42230801346976476	[[-0.24380819546248933, -0.47661313072959466, 0.2170841282607008], [0.14950981233404045, 0.16614939717918384, 0.5326999391158997], [-0.5019286912923131, 0.28100237140347695, 0.05322863350169493]]	0.7679673055802234	0.3755884819614313	[[-0.23838357285817108, -0.5103121303475902, 0.2861464366739721], [0.2702514318142485, 0.2362063285161213, 0.8275884329754836], [-0.5941224812370296, 0.3116358592284762, 0.0254894225545042]]	[[0.08572811176514461, 0.12328381757093716, -0.0024390326622493646], [0.07149733722206301, 0.015332042823051525, 0.11943227629634753], [0.07312725328043358, -0.06192070561940202, -0.04527120976019452]]	0.5439540531090707	[[-0.22170782213973358, -0.4139939968013528, 0.12125603429259435], [0.25000000000000006, 0.1464466094067262, 0.9571067811865475], [-0.4139939968013528, 0.2425120685851886, 0.07103014036902473]]
10	[[-0.3195682178843842, -0.5708200961323295, -0.7563336379995778], [0.910087742671785, 0.03735879733279218, -0.41272826520656647], [0.2638493031197415, -0.8202248094963509, 0.507557688474819]]	0.5628077933211189	0.4371922066788812	[[-0.17985548352307276, -0.32126199868758526, -0.42567046581707624], [0.5122044741817056, 0.02102582228799969, -0.23228668418216109], [0.14849644405813672, -0.4616289150598763, 0.2856574226336807]]	0.7016378012597677	0.4745338748402582	[[-0.23588465801768282, -0.3807490277000275, -0.4081835096298859], [0.7883638355419029, 0.014379230193137499, -0.21759223662057936], [0.16291037260875904, -0.40818350962988587, 0.3155452795979321]]	[[-0.011663516268781156, 0.019759929465149456, 0.122488761154939], [0.14981187282020628, -0.011833114225152083, 0.07199351589671422], [-0.022216272296098266, 0.16731722224384554, -0.04057638095603001]]	0.4760325597402403	[[-0.301303620726064, -0.30130362072606404, -0.42610766682291895], [0.8535533905932738, -0.14644660940672602, -0.5], [0.08824978731460466, -0.5143574541375235, 0.301303620726064]]
10	[[0.04673222253661188, -0.9725397674033924, -0.22799671093185395], [-0.8377629715199755, -0.16246744520517667, 0.5213036857710898], [-0.5440306084466285, 0.16664552219444034, -0.8223502702654952]]	0.5592467336381362	0.44075326636186374	[[0.0261348428092507, -0.54388968825354, -0.12750641586887765], [-0.4685162053855252, -0.09085938805352795, 0.2915373835010032], [-0.3042473407729448, 0.09319596396266226, -0.4598967025524167]]	0.7224046248757268	0.4443935132525782	[[-0.00898536999663337, -0.7441337533755159, -0.11666410775758974], [-0.6794235447975835, -0.14137956412298144, 0.2722878878002109], [-0.253972849649473, 0.013129657663287445, -0.5370155904022351]]	[[-0.04274494368780356, -0.04156652752774155, 0.04804177067603577], [-0.07421969962192154, -0.024012330315017982, -0.1043043057655869], [0.13903737796632704, -0.10725583828480684, 0.05705404810536242]]	0.45462380868566815	[[-0.09487184187766572, -0.5529536165744179, -0.3239127292260417], [-0.8535533905932738, -0.14644660940672602, 0.5], [-0.3239127292260417, 0.32391272922604175, -0.45808177469675226]]
