10	[[0.3802729664721569, 0.7767473726770865, -0.5020517802076895], [0.4287143634067757, 0.332951791095048, 0.839849450446521], [0.8195098935212374, -0.5346088512602871, -0.20639019011321075]]	0.5265011145847225	0.47349888541527785	[[0.2002141406940294, 0.4089583574652409, -0.2643308218585926], [0.22571859017214715, 0.17529948911452248, 0.44218167174345996], [0.4314728723521386, -0.28147215605539927, -0.10866466513395823]]	0.7301850596453238	0.4211887280816775	[[0.2871035485921469, 0.4034107188190722, -0.3357327003599585], [0.4191619820770073, 0.31587201468390197, 0.7011545182165075], [0.5104863586038962, -0.37095076233903324, -0.03507496988542384]]	[[0.009433909887170805, -0.16375860782849452, 0.030858008716034183], [0.10612115906202378, 0.07275559124414702, 0.08790899714912208], [-0.08790752187684123, 0.019412633605377507, 0.11562806339260065]]	0.4831046296860802	[[0.3371834389292166, 0.33718343892921665, -0.4768493923412985], [0.5, 0.5000000000000001, 0.7071067811865475], [0.4768493923412985, -0.47684939234129836, 0.0]]
10	[[0.8592155572171323, 0.2624339665249735, -0.4391776855101157], [-0.4266000482917053, 0.8413623931712975, -0.33184593135155627], [0.2824199444684594, 0.4724804086637203, 0.8348660002631537]]	0.516264092876452	0.4837359071235481	[[0.44358214023203807, 0.1354852336679846, -0.22673166942145961], [-0.22023828695236783, 0.4343651926909406, -0.17132013872395252], [0.14580327644122712, 0.24392466958067094, 0.4310113382992487]]	0.7296478595044417	0.47361568661158987	[[0.44498931094055794, 0.17662584353140737, -0.28185661527618616], [-0.3495294664229541, 0.7495966585824603, -0.25499767649081073], [0.23419534501739392, 0.3048261126864511, 0.4395482910154499]]	[[-0.1819354812358388, -0.014858538404799856, 0.03858844289838461], [-0.03826165432241989, 0.1356983893374886, -0.012867002994889834], [0.028128237054619212, -0.03991820615281627, -0.16960989904959478]]	0.5783647454407994	[[0.5216160920274985, -0.08949517268781379, -0.30555563235765604], [-0.14644660940672619, 0.8535533905932737, -0.5], [0.30555563235765604, 0.3055556323576561, 0.4321209193396846]]
10	[[-0.5446221603179724, 0.8109226453022452, -0.2139887049042392], [-0.8354447797583356, -0.5021691245819775, 0.22328947644507607], [0.07361197229480154, 0.30038414347728, 0.9509735242804028]]	0.5704250336250624	0.4295749663749377	[[-0.31066611411233336, 0.46257057721385764, -0.12206451419038415], [-0.47655861658553134, -0.2864498397751426, 0.12736990710930504], [0.04199011177146933, 0.171346635143463, 0.5424591045641928]]	0.7508900874903878	0.34986727765882625	[[-0.42383570644850743, 0.5762656588310537, -0.07737844371009445], [-0.7300867822382644, -0.3870344819394981, 0.10959828623635072], [0.06669262865574398, 0.0845952691621932, 0.6881208349838022]]	[[-0.014884324838141286, -0.032648117247885834, 0.0833035536374045], [-0.10275957847214, -0.009960664047165666, -0.05806756826717531], [0.011418128338960463, -0.14096020661418676, -0.02595575786415202]]	0.4471128725209719	[[-0.5806749856238141, 0.580674985623814, 0.0], [-0.7071067811865475, -0.7071067811865476, 0.0], [0.0, 0.0, 0.8211984399999999]]
10	[[0.08740825448676931, -0.06334395238859675, -0.994156597696443], [0.7119981850616444, -0.6940087028176986, 0.10681996481098455], [-0.6967197295301035, -0.717174639895393, -0.015561310176609944]]	0.593818275404075	0.40618172459592516	[[0.051904618935413836, -0.037614796564674355, -0.5903483563256847], [0.42279753434413697, -0.41211505102262486, 0.06343164728278282], [-0.4137249082295596, -0.42587140782622057, -0.009240590372102396]]	0.8278607520784355	0.2901376959350149	[[0.04628625044320956, -0.04628625044320957, -0.7074740668448193], [0.6786765701034346, -0.6637861960580491, 0.09706681226109398], [-0.5083511328191832, -0.5194321028645715, 0.0]]	[[-0.026075612854070576, 0.00615372162083475, 0.11554916180789694], [0.08924121713982035, -0.08924362939440968, 0.008634755855680323], [0.0684357864574924, 0.07428863389080965, 0.012882597946134122]]	0.2909764299163358	[[0.0, 0.0, -0.7441700263279998], [0.7071067811865475, -0.7071067811865476, 0.0], [-0.5262076719723003, -0.5262076719723002, 0.0]]
10	[[-0.30792515101507295, 0.09349718223056193, 0.9468053539599837], [0.3027085282091916, -0.9338174967034747, 0.1906631317268273], [0.9019698710720718, 0.34531602882779927, 0.2592434992682147]]	0.5810754921817877	0.41892450781821233	[[-0.1789277586812348, 0.05432892118223407, 0.5501653870526492], [0.1758965070167806, -0.5426184615049365, 0.11078967310908722], [0.5241125867663478, 0.20065468140937387, 0.15064004393220679]]	0.7881208964525274	0.3167357557744097	[[-0.17396228305971276, 0.06775785497960816, 0.7103526322761515], [0.26112957972763806, -0.8384998071945882, 0.12876637606905694], [0.6525003394573785, 0.23549186740693287, 0.1062044280801046]]	[[0.06871996299856634, -0.00592922809572762, -0.035844452052843166], [0.022558663111584776, -0.10253872456959079, -0.021499222227936515], [-0.05836096390511333, -0.036658910792259074, -0.09811079096265096]]	0.48616989091897345	[[0.0, 0.0, 0.9061999999999999], [0.0, -1.0, 0.0], [0.9061999999999999, 0.0, 0.0]]
10	[[0.8787972042104137, -0.3840163418041313, 0.28327887866788265], [-0.395223040501579, -0.9183905790867732, -0.018907472103605397], [0.2674214316928388, -0.09534250611366366, -0.9588511794847616]]	0.569370565683045	0.43062943431695505	[[0.5003612612819618, -0.21864760176455175, 0.16129065539319104], [-0.2250283661413571, -0.5229045635326154, -0.01076535808726617], [0.1522618918387214, -0.05428521663957586, -0.5459416384690936]]	0.785318029017241	0.3750249537720822	[[0.5448305307777479, -0.22946631161144665, 0.2217708137603654], [-0.3455575885751749, -0.8464902552353462, -0.02504771919208448], [0.1992769292494737, -0.07487418898274659, -0.6313585691174918]]	[[-0.14530475753863598, 0.07210864504458489, -0.0006931968973103789], [-0.03518180938627363, -0.1252615757989189, -0.010199340465982618], [-0.010733942404515182, 0.0, 0.12164454927633797]]	0.5155892588260502	[[0.9061999999999999, 0.0, 0.0], [0.0, -1.0, 0.0], [0.0, 0.0, -0.9061999999999999]]
10	[[0.8489524140446696, -0.5135124485683378, 0.12483895166604869], [0.522794976890395, 0.7815435453534784, -0.34040431673891397], [0.0772347773085365, 0.35425224329800037, 0.9319550081910795]]	0.6560696188251953	0.3439303811748047	[[0.5569718866830158, -0.33689991639422207, 0.08190304343408153], [0.34298990121220824, 0.5127469758953482, -0.22332893032935036], [0.05067139090886039, 0.23241413422848944, 0.6114273669861533]]	0.8122397251734625	0.28315368039983	[[0.6386251916081185, -0.3949301107781063, 0.051859748558441554], [0.4765472746052632, 0.6246902329973775, -0.2646975586052143], [0.024661544959494294, 0.2241781927551469, 0.7061724180891179]]	[[-0.05092768386087144, 0.02216509932019218, -0.049539407233733006], [0.051912426253742025, -0.010110481491625462, 0.01179235007066145], [-0.03807160933542498, -0.06355955198330351, -0.050798461638036335]]	0.45991181060002123	[[0.6407801651112494, -0.6407801651112492, 0.0], [0.7071067811865475, 0.7071067811865476, 0.0], [0.0, 0.0, 0.9061999999999999]]
10	[[-0.42203838922340475, -0.825029846081567, 0.3757783270710803], [0.2588054115689476, 0.28760896992378115, 0.9221175843470338], [-0.8688517462515349, 0.4864224845687207, 0.09214016247897017]]	0.5116659098487973	0.48833409015120277	[[-0.21594265641311416, -0.4221396468477382, 0.19227295962228325], [0.13242190638421802, 0.14715970527672673, 0.47181613278250023], [-0.44456181926950794, 0.24888580313776704, 0.04714498006841826]]	0.722852115442299	0.43340823145792395	[[-0.20840315960756559, -0.4684919460765188, 0.2539852187428641], [0.2699869967555, 0.2355988297139871, 0.8276012337912627], [-0.5398678544408493, 0.27222422444561595, 0.022502350312808114]]	[[0.09666818284043277, 0.1278826234665763, -0.017646939917834358], [0.08290895751497142, 0.027700077384401337, 0.1610465872594669], [0.08818346834280834, -0.07938729752358291, -0.0441013610523126]]	0.5935157917449384	[[-0.3371834389292166, -0.33718343892921665, 0.4768493923412985], [0.5, 0.5000000000000001, 0.7071067811865475], [-0.4768493923412985, 0.47684939234129836, 0.0]]
10	[[-0.3195682178843842, -0.5708200961323295, -0.7563336379995778], [0.910087742671785, 0.03735879733279218, -0.41272826520656647], [0.2638493031197415, -0.8202248094963509, 0.507557688474819]]	0.48525090389291636	0.5147490961070836	[[-0.15507076658384591, -0.2769909676084544, -0.36701158148391294], [0.4416208997533475, 0.018128390174089695, -0.20027676375364162], [0.1280331128303706, -0.3980148302034994, 0.2462928271102052]]	0.6695428903778162	0.519779039432043	[[-0.23033708676395137, -0.36094708705735534, -0.36170147513047013], [0.7782576649124421, 0.010859341698626263, -0.22624042169757252], [0.15256904682556743, -0.36170147513047013, 0.303786785486925]]	[[-0.016372458488753013, 0.02124144999282749, 0.14469633494573597], [0.16891488718655281, -0.014153975448610585, 0.050098853929453874], [-0.02408937820939686, 0.18747421457931032, -0.0360448562879886]]	0.5603713363430363	[[-0.2509218086253206, -0.25092180862532065, -0.35485702485311477], [0.8535533905932738, -0.14644660940672602, -0.5], [0.07349329619876337, -0.428350321051878, 0.2509218086253206]]
10	[[0.034229894132735264, 0.2773841392786001, 0.9601491309293217], [-0.1827544195208179, -0.9427759796974285, 0.2788803941677556], [0.9825625356654255, -0.18501754344446375, 0.018422055382213542]]	0.7345587983541076	0.26544120164589247	[[0.025143869901930335, 0.2037549600309769, 0.7052859918561835], [-0.13424386679711445, -0.6925243907636596, 0.20485404722438647], [0.7217499555061601, -0.13590626438699419, 0.013532082864771599]]	0.860322261179079	0.21477435802005296	[[0.00923991683844089, 0.20684534336882174, 0.767154639876343], [-0.16907470826583246, -0.8230211663789222, 0.2581899921151453], [0.7957179259892845, -0.14171476951869708, 0.0]]	[[-0.020208823081754403, -0.031794406550556084, -0.058883031513898655], [-0.01184701282321237, -0.011930003740309066, 0.018262980806228943], [-0.04960249644424367, 0.01745994181524246, -0.01584890434199218]]	0.38055670014991916	[[0.0, 0.0, 0.9061999999999999], [0.0, -1.0, 0.0], [0.9061999999999999, 0.0, 0.0]]
10	[[0.04673222253661188, -0.9725397674033924, -0.22799671093185395], [-0.8377629715199755, -0.16246744520517667, 0.5213036857710898], [-0.5440306084466285, 0.16664552219444034, -0.8223502702654952]]	0.5146238600905143	0.4853761399094855	[[0.024049516752400128, -0.5004921691926647, -0.11733254746769178], [-0.4311328142445094, -0.08360962379053205, 0.2682753150509307], [-0.27997113172619514, 0.08575976189850235, -0.42320107043050686]]	0.687239317568104	0.48382140981315014	[[0.001864592814766447, -0.6837936227834874, -0.10281357580959788], [-0.6693407935197033, -0.1470617247107299, 0.27992604554923733], [-0.23504888679357888, 0.01172145376247807, -0.49411493664268097]]	[[-0.030251627909735384, -0.015426056725337395, 0.053874728218981704], [-0.09359714068848848, -0.035407708540891106, -0.07833434370582373], [0.1388303372914425, -0.10280390118620944, 0.0710365018965238]]	0.5195656236674306	[[-0.08110052548969694, -0.47268850259531897, -0.27689451404250787], [-0.8535533905932738, -0.14644660940672602, 0.5], [-0.27689451404250787, 0.2768945140425079, -0.39158797710562215]]
10	[[-0.8305561570912853, 0.32773595720904825, 0.4502950280316503], [-0.5100865793185324, -0.772219296347621, -0.37879947194723407], [0.22358030216652452, -0.5443036842615101, 0.808545204538665]]	0.508864860838278	0.4911351391617221	[[-0.4226408432966318, 0.16677331225688213, 0.22913931677549418], [-0.2595651362003982, -0.3929552647725651, -0.19275774057804243], [0.11377215934814867, -0.2769770185454953, 0.4114402429890246]]	0.7082859933050386	0.44460766050502004	[[-0.4862336362155907, 0.16239052038667712, 0.24629509403576338], [-0.43721654305866275, -0.6700793074938936, -0.26690106081716336], [0.14300745083564284, -0.34124362903247113, 0.45313893548198697]]	[[0.10203765650542601, -0.0697402676069113, -0.0726425671739542], [-0.0759293635544667, -0.12312719613100082, 0.0013972994344074868], [-0.015351345567814683, 0.04427904663428471, -0.11954230784670701]]	0.5710044431273107	[[-0.4321209193396846, 0.3055556323576561, 0.30555563235765604], [-0.7071067811865475, -0.5000000000000001, -0.5], [0.0, -0.43212091933968455, 0.4321209193396846]]
10	[[0.22433838825039393, -0.7661379269479729, -0.6022499185961573], [-0.9416906372873723, -0.011392912655017143, -0.3362869982418849], [0.2507808429735371, 0.642575192824231, -0.724020780340167]]	0.46688847189119487	0.5331115281088051	[[0.10474100727675999, -0.35770096597062695, -0.2811835441899564], [-0.4396645026373468, -0.005319219579890795, -0.1570085227260306], [0.11708668455550042, 0.3000109498528951, -0.33803695575049103]]	0.6757870039306839	0.515708319409586	[[0.1669980398283011, -0.4112098399879496, -0.3136764862342467], [-0.8230169669696391, 0.05263065992939131, -0.198783366169761], [0.1340529180140915, 0.3136764862342467, -0.34632977496046274]]	[[0.015393072565928905, 0.10653621426188618, 0.0933161818713487], [-0.18663467256762925, 0.060329842238569194, 0.02847501683296556], [-0.035421516502206436, -0.12056747812462193, 0.1429540589691745]]	0.5443556125202168	[[0.08110052548969694, -0.47268850259531897, -0.27689451404250787], [-0.8535533905932738, 0.14644660940672602, -0.5], [0.27689451404250787, 0.2768945140425079, -0.39158797710562215]]
10	[[0.5319609947059123, -0.8460851799387872, 0.03402011756955908], [-0.703274286200726, -0.4190807785627857, 0.5742617690636116], [-0.47161719485230363, -0.3294103357928521, -0.8179645788128509]]	0.5463085646889864	0.4536914353110137	[[0.29061484748831234, -0.4622235802569817, 0.01858548159997639], [-0.3842047658769901, -0.22894741862537837, 0.3137241228128998], [-0.257648512802408, -0.17995968774071003, -0.4468610550176798]]	0.6961342386061016	0.49616418428779285	[[0.4193729192434795, -0.531329409350912, 0.08169835808727814], [-0.5320148106234754, -0.3372417825270009, 0.32829506925496277], [-0.23703990228356397, -0.1125018298305855, -0.48075867367424835]]	[[0.04905665722573485, 0.057659453181682016, 0.058015789445703084], [-0.0424415008678837, -0.04550530382774383, -0.07146821011272743], [0.09126897456848987, 0.11681198346555186, 0.088654475604396]]	0.503284414129248	[[0.4321209193396846, -0.43212091933968455, 0.0], [-0.5, -0.5000000000000001, 0.7071067811865475], [-0.30555563235765604, -0.3055556323576561, -0.4321209193396846]]
