10	[[0.8489524140446696, -0.5135124485683378, 0.12483895166604869], [0.522794976890395, 0.7815435453534784, -0.34040431673891397], [0.0772347773085365, 0.35425224329800037, 0.9319550081910795]]	0.7790845388712465	0.22091546112875343	[[0.661405700019623, -0.4000696091975082, 0.09726009709191338], [0.40730148349485745, 0.608888492639514, -0.2652037401363186], [0.060172420864244576, 0.2759924456139273, 0.726071737805296]]	0.8897786208737799	0.18532830830933905	[[0.7242439454258598, -0.46330508612133037, 0.057015815630933483], [0.506602034508963, 0.6666723024668961, -0.2981222135900531], [0.02721581762507386, 0.2756604484860006, 0.8070817705814214]]	[[-0.031135762730272545, -0.00639268783267702, -0.05406321461381179], [0.04143024097168774, -0.028728435470526094, 0.004762269897379162], [-0.04150603601200927, -0.03954562399713691, -0.022151871323249528]]	0.42386830911343304	[[0.5599646989878003, -0.306254863215033, 0.3280197262168857], [0.573223304703363, 0.7803300858899106, -0.2499999999999999], [-0.1793999453286492, 0.3280197262168857, 0.612509726430066]]
10	[[0.8787972042104137, -0.3840163418041313, 0.28327887866788265], [-0.395223040501579, -0.9183905790867732, -0.018907472103605397], [0.2674214316928388, -0.09534250611366366, -0.9588511794847616]]	0.7211652596592244	0.2788347403407756	[[0.6337580139622034, -0.2769392448505618, 0.2042908860904975], [-0.28502112662662943, -0.6623113804356983, -0.013635412029096123], [0.1928550462252076, -0.06875770317802148, -0.6914901598276818]]	0.8338941379384843	0.2631869519146895	[[0.6831510443207498, -0.3063010293478125, 0.1347725328436532], [-0.3579758032986038, -0.8404775262238485, -0.02714551639508747], [0.12390918918077229, -0.051442185182234874, -0.7995803777277442]]	[[-0.04967279270704329, 0.013927946955233889, -0.10145206347928128], [-0.02840162664611289, -0.07463700598545835, -0.0113786862446555], [-0.09909197506700278, 0.02806337176231336, 0.0]]	0.39667006542903177	[[0.5264781817239418, -0.37227629244376265, 0.3722762924437626], [-0.5, -0.8535533905932737, -0.14644660940672619], [0.3722762924437626, -0.10903720158179178, -0.6355153833057335]]
10	[[0.5319609947059123, -0.8460851799387872, 0.03402011756955908], [-0.703274286200726, -0.4190807785627857, 0.5742617690636116], [-0.47161719485230363, -0.3294103357928521, -0.8179645788128509]]	0.7259075821991229	0.2740924178008771	[[0.3861545194912092, -0.614179647303875, 0.024695461291048534], [-0.510512136718783, -0.3042139147126378, 0.4168609723303574], [-0.3423504976387684, -0.2391214604067905, -0.5937666897305605]]	0.7972503661425804	0.24759316342840684	[[0.45594269699437556, -0.6555977483620185, 0.004921320346393715], [-0.6059692027249687, -0.382961668058343, 0.5495451050936664], [-0.32689126922384304, -0.31993147124519045, -0.652122559950207]]	[[0.03183659919151564, 0.018943971131990686, -0.022201230842150903], [-0.045283520552778046, -0.048849363905844365, 0.09171469944601614], [0.0491057120512927, -0.057308960423188796, 8.943725719012432e-18]]	0.35796409029188314	[[0.5880572545386241, -0.5880572545386241, 0.0], [-0.5, -0.5000000000000001, 0.7071067811865475], [-0.41581927241020467, -0.4158192724102048, -0.5880572545386241]]
10	[[-0.42203838922340475, -0.825029846081567, 0.3757783270710803], [0.2588054115689476, 0.28760896992378115, 0.9221175843470338], [-0.8688517462515349, 0.4864224845687207, 0.09214016247897017]]	0.691626291171924	0.3083737088280762	[[-0.29189284587075637, -0.5706123325515376, 0.2598981706549615], [0.1789966269386546, 0.19891792517616222, 0.6377607648863527], [-0.6009207108381985, 0.3364225789448967, 0.0637265588433086]]	0.8281929018461698	0.28365910283141854	[[-0.267464683017276, -0.5954099225237175, 0.3191197115261382], [0.2615115922770158, 0.2343047273965598, 0.8296936094795752], [-0.6924454331978408, 0.35477606937712186, 0.02347611280173069]]	[[0.08206451524413892, 0.0878739398122742, 0.007902768378241177], [0.047170787456236866, -0.0038909800016043356, 0.06600237145582494], [0.027131415804329723, -0.048075579641070655, -0.05283371573830516]]	0.3584678944940855	[[-0.3161454121278343, -0.5903368743332976, 0.17290566730775211], [0.25000000000000006, 0.1464466094067262, 0.9571067811865475], [-0.5903368743332976, 0.34581133461550406, 0.10128579489771102]]
10	[[0.8592155572171323, 0.2624339665249735, -0.4391776855101157], [-0.4266000482917053, 0.8413623931712975, -0.33184593135155627], [0.2824199444684594, 0.4724804086637203, 0.8348660002631537]]	0.7279791367067797	0.2720208632932202	[[0.6254909995879627, 0.19104645239338622, -0.31971219235853565], [-0.31055593487446614, 0.6124942686383914, -0.24157691462496322], [0.20559582736292578, 0.3439558800098817, 0.6077650301374129]]	0.7997519766760549	0.25931401492387945	[[0.696810255141173, 0.16347249407493963, -0.29155701937223816], [-0.34317504124621157, 0.7451608691500703, -0.4014277972175739], [0.2206547227312111, 0.37940950708418264, 0.6675345746445072]]	[[0.009650914865953505, -0.046409589400345626, 0.059676202726491656], [-0.0020008093748197604, 0.07227963211042926, -0.13603335766726035], [-0.005211186110180958, 0.0015423663146621018, -0.00015115932558192914]]	0.36031054961553505	[[0.5599646989878003, 0.306254863215033, -0.3280197262168857], [-0.573223304703363, 0.7803300858899106, -0.2499999999999999], [0.1793999453286492, 0.3280197262168857, 0.612509726430066]]
10	[[0.034229894132735264, 0.2773841392786001, 0.9601491309293217], [-0.1827544195208179, -0.9427759796974285, 0.2788803941677556], [0.9825625356654255, -0.18501754344446375, 0.018422055382213542]]	0.8575284067520831	0.14247159324791703	[[0.029353106578936954, 0.2378647790138759, 0.8233551544902183], [-0.1567171061985888, -0.8084571837940703, 0.23914786008506844], [0.8425752857434594, -0.15865779925111534, 0.015797435801008213]]	0.9099371935133267	0.1367836779441094	[[0.009075407205439817, 0.23176780532924013, 0.8453575904023513], [-0.16550431215155692, -0.8262062957435203, 0.2540708057194948], [0.8778195036043062, -0.1571569709650541, 0.0]]	[[-0.022071646595959588, -0.020634339891038918, -0.028317815149735356], [0.0007907314493732324, 0.03166063333413491, 0.0003071625245969741], [-0.01625069255042913, 0.011197373267531249, -0.01676291337323846]]	0.3237022177282301	[[-0.052545027442265434, 0.20116480833050213, 0.6868196168741841], [-0.2803300858899109, -0.9267766952966368, 0.25000000000000017], [0.6868196168741841, -0.17939994532864928, 0.10509005488453102]]
10	[[-0.3195682178843842, -0.5708200961323295, -0.7563336379995778], [0.910087742671785, 0.03735879733279218, -0.41272826520656647], [0.2638493031197415, -0.8202248094963509, 0.507557688474819]]	0.7033309481036455	0.2966690518963547	[[-0.22476221766841625, -0.40147543940936536, -0.5319528546969223], [0.6400928749108531, 0.026275598348084697, -0.29028456207690706], [0.1855733805196939, -0.5768894929212003, 0.3569810302522891]]	0.767615630429435	0.2589630847231133	[[-0.2940809120516932, -0.45344195415440874, -0.559499102485608], [0.7637296335351809, 0.010143017474663236, -0.33276861001239577], [0.1926055313232239, -0.5965742427120739, 0.40396871138885004]]	[[-0.04877535301516059, -0.015271526199999878, 0.02107441986242608], [0.06513205719807705, -0.018534179292033572, -0.015951942519810185], [-0.009929317829403529, 0.03304314152333085, 0.014359496370944934]]	0.34800313003031563	[[-0.38625886329504305, -0.38625886329504316, -0.5462525230586653], [0.8535533905932738, -0.14644660940672602, -0.5], [0.11313260176571062, -0.6593851248243758, 0.38625886329504305]]
10	[[-0.30792515101507295, 0.09349718223056193, 0.9468053539599837], [0.3027085282091916, -0.9338174967034747, 0.1906631317268273], [0.9019698710720718, 0.34531602882779927, 0.2592434992682147]]	0.7475963737067501	0.2524036262932499	[[-0.23020372627197197, 0.0698981543873673, 0.7078282492266198], [0.22630379797929914, -0.6981185742394328, 0.14253906587854856], [0.6743094048062258, 0.25815701093447835, 0.19380949995996588]]	0.8368629951426594	0.27466605522994686	[[-0.24293616177150856, 0.07493768692718589, 0.7324426006121588], [0.2456659373450219, -0.8492099247729429, 0.1183735073393987], [0.6701244464307698, 0.25642722619206226, 0.16799847484432268]]	[[0.014755002386721065, -0.003306645031681203, -0.059903763719898716], [-0.00765962822734835, -0.06773261756505254, -0.04118541214079338], [-0.08470076140304258, -0.032554979963538726, -0.04895281642453936]]	0.38404088506492384	[[-0.35879989065729834, 0.10509005488453091, 0.612509726430066], [0.14644660940672619, -0.9571067811865475, 0.2499999999999999], [0.612509726430066, 0.17939994532864914, 0.3280197262168857]]
10	[[-0.5446221603179724, 0.8109226453022452, -0.2139887049042392], [-0.8354447797583356, -0.5021691245819775, 0.22328947644507607], [0.07361197229480154, 0.30038414347728, 0.9509735242804028]]	0.7400483822842511	0.259951617715749	[[-0.4030467486994695, 0.600121991813592, -0.15836199489148423], [-0.6182695577479786, -0.3716294482799912, 0.16524501582427595], [0.054476421013520994, 0.2222987994442014, 0.7037664182388654]]	0.8266072779701454	0.20631937306954454	[[-0.46059330928927084, 0.6599098926510273, -0.10966768023142287], [-0.7577756808603247, -0.42902941163990793, 0.1970837520073884], [0.0540687172166392, 0.18748711318477945, 0.7964863041537114]]	[[-0.010404667826611485, -0.010404667826611485, 0.06721694064582702], [-0.06719094556991913, -0.013932758488548816, 0.012511045683745153], [-0.006779474827980449, -0.06081260600036864, 0.010404667826611485]]	0.3236178114782606	[[-0.3458113346155042, 0.5903368743332975, -0.10128579489771102], [-0.8535533905932738, -0.45710678118654735, 0.25000000000000017], [0.10128579489771102, 0.1729056673077522, 0.6619567467433387]]
10	[[0.08740825448676931, -0.06334395238859675, -0.994156597696443], [0.7119981850616444, -0.6940087028176986, 0.10681996481098455], [-0.6967197295301035, -0.717174639895393, -0.015561310176609944]]	0.7967752277830643	0.20322477221693572	[[0.06964473187881567, -0.05047089209310375, -0.7921193495816196], [0.5673025160836201, -0.5529689422710008, 0.08511150179405112], [-0.5551290211973033, -0.5714269870628889, -0.012398866460571303]]	0.917352995675098	0.1400772197512908	[[0.05505147625697588, -0.055051476256975894, -0.8585018099228974], [0.6842788950285059, -0.6719912230155034, 0.09022695053409704], [-0.6223582642408134, -0.6329609843820501, 0.0]]	[[-0.02513274784319329, 0.0030572882246041196, 0.05349072314409792], [0.03112522704697366, -0.03534026046109878, -0.0077646641831681795], [0.016779666789571115, 0.024941319948198364, 0.01427521450714252]]	0.17020196816665165	[[0.0, 0.0, -0.8952838820719999], [0.7071067811865475, -0.7071067811865476, 0.0], [-0.6330613041001285, -0.6330613041001284, 0.0]]
10	[[-0.8305561570912853, 0.32773595720904825, 0.4502950280316503], [-0.5100865793185324, -0.772219296347621, -0.37879947194723407], [0.22358030216652452, -0.5443036842615101, 0.808545204538665]]	0.6994078632298636	0.30059213677013646	[[-0.5808975071236226, 0.22922110553517439, 0.31493988337864803], [-0.35675856450340515, -0.5400962480033584, -0.26493532926721564], [0.15637382139857614, -0.3806902767574851, 0.5655028738311406]]	0.7799352118059384	0.37284148010312584	[[-0.6203914257448463, 0.24652458824890677, 0.19821450577074615], [-0.5654271215803226, -0.6267725164169292, -0.30468699440204283], [0.17933862647178728, -0.27721737359375864, 0.5998594125806562]]	[[0.027388566552871425, -0.009088224953354266, -0.15298644229227998], [-0.16759263730015644, -0.024491495959414755, -0.009247948016899293], [0.004960476145903231, 0.14730423567749482, -0.030753462775883304]]	0.3581894845489929	[[-0.5396939768844421, 0.2951684371666488, 0.3161454121278345], [-0.573223304703363, -0.7803300858899106, -0.2499999999999999], [0.17290566730775211, -0.3161454121278344, 0.5903368743332976]]
10	[[0.04673222253661188, -0.9725397674033924, -0.22799671093185395], [-0.8377629715199755, -0.16246744520517667, 0.5213036857710898], [-0.5440306084466285, 0.16664552219444034, -0.8223502702654952]]	0.6937521045172392	0.30624789548276077	[[0.0324205777335424, -0.6747015103628097, -0.1581731980319823], [-0.581199824578599, -0.11271213202663052, 0.36165552909628707], [-0.37742237953164265, 0.1156106817307673, -0.5705072306470078]]	0.7706391690762707	0.3791023065302028	[[-0.011120461330003495, -0.8177352897078082, -0.13067116396715037], [-0.6885655939940629, -0.15193965432983647, 0.2747855555923008], [-0.2785212203124337, 0.03872068582400311, -0.5953770112175373]]	[[-0.04713414247470555, -0.06825805146242807, 0.04503203189749622], [-0.04295263373904156, -0.026735877354974524, -0.12695148364672904], [0.14073007573293406, -0.08970288093020164, 0.038358317749510644]]	0.31624637910742803	[[0.10509005488453102, -0.6868196168741841, -0.17939994532864917], [-0.8535533905932738, -0.2500000000000001, 0.4571067811865474], [-0.35879989065729834, 0.10509005488453091, -0.612509726430066]]
10	[[0.22433838825039393, -0.7661379269479729, -0.6022499185961573], [-0.9416906372873723, -0.011392912655017143, -0.3362869982418849], [0.2507808429735371, 0.642575192824231, -0.724020780340167]]	0.6925850371982225	0.3074149628017776	[[0.1553734109713884, -0.530615664634231, -0.41710928227354604], [-0.6522008450548927, -0.007890560834971166, -0.23290734318663447], [0.17368705945942878, 0.445037963824825, -0.5014459590841805]]	0.7584350386266646	0.4080865724299764	[[0.2024933025990395, -0.4978493031063135, -0.3935739080714953], [-0.8299955396900112, 0.03192091005916686, -0.1832265341797875], [0.1581015234050276, 0.3935739080714953, -0.42362325192752714]]	[[0.03234720844090821, 0.08321654511182508, 0.0631935322018869], [-0.1157843648245945, 0.04056169420874502, 0.07182530832144157], [-0.03209945492243461, -0.09377763311868692, 0.1254994765762753]]	0.3746365764151949	[[0.1173818237867925, -0.6841514057111183, -0.40076661474895525], [-0.8535533905932738, 0.14644660940672602, -0.5], [0.40076661474895525, 0.40076661474895536, -0.566769581924326]]
10	[[0.3802729664721569, 0.7767473726770865, -0.5020517802076895], [0.4287143634067757, 0.332951791095048, 0.839849450446521], [0.8195098935212374, -0.5346088512602871, -0.20639019011321075]]	0.7035567519421883	0.2964432480578119	[[0.26754361314257147, 0.5464858586003194, -0.3532219197897154], [0.3016248850294341, 0.234250480696166, 0.5908817514765861], [0.5765717188702902, -0.3761276669522321, -0.1452072117887813]]	0.8279228266699555	0.2743364546016299	[[0.3470159596159037, 0.5566241481540815, -0.4223898045277014], [0.4064858192519272, 0.2940983407681698, 0.7153337021656727], [0.6245619165412749, -0.4223898045277014, -0.07580094844562821]]	[[0.03217929030810632, -0.08646273224119332, -0.00672967552346803], [0.051543411666179054, 0.018439952739933242, 0.02000317117478028], [-0.053929030986822, 0.020225066770493266, 0.09507420114985074]]	0.34963446583237584	[[0.1729056673077521, 0.5396939768844421, -0.39645423206435954], [0.4571067811865474, 0.42677669529663675, 0.7803300858899108], [0.5903368743332976, -0.3161454121278344, -0.17290566730775211]]
