10	[[-0.42203838922340475, -0.825029846081567, 0.3757783270710803], [0.2588054115689476, 0.28760896992378115, 0.9221175843470338], [-0.8688517462515349, 0.4864224845687207, 0.09214016247897017]]	0.5056925905888163	0.49430740941118373	[[-0.21342168637431475, -0.41721148017807996, 0.1900283157037061], [0.13087597903470588, 0.1454417250773377, 0.4663080300559528], [-0.43937189039955554, 0.2459802463422049, 0.046594597461264875]]	0.7183264757537144	0.4389264084930766	[[-0.2056696691575461, -0.46444694776070433, 0.25101591495010245], [0.2701617280795166, 0.23559395579003126, 0.8274244836218416], [-0.5345759234815091, 0.26853995133868164, 0.022320884152707506]]	[[0.09749167960607662, 0.12819383396669715, -0.018915606399493277], [0.08425494888120491, 0.028996818029525438, 0.1650430090273083], [0.08954328935581653, -0.08087019772893299, -0.04386583403618577]]	0.5971883622799756	[[-0.33362558807385667, -0.3336255880738567, 0.4718178314087477], [0.5, 0.5000000000000001, 0.7071067811865475], [-0.4718178314087477, 0.47181783140874767, 0.0]]
10	[[0.8787972042104137, -0.3840163418041313, 0.28327887866788265], [-0.395223040501579, -0.9183905790867732, -0.018907472103605397], [0.2674214316928388, -0.09534250611366366, -0.9588511794847616]]	0.565403640474454	0.43459635952554604	[[0.4968751384993403, -0.2171242376577381, 0.16016690926834204], [-0.2234605458989754, -0.5192613767931036, -0.010690353559547682], [0.1512010510200216, -0.053907000048623324, -0.5421379475539083]]	0.7834149352219214	0.3774984060617305	[[0.5427552911592779, -0.2282819172348581, 0.22088102662245043], [-0.34556829226900254, -0.846366491649849, -0.025335807224892145], [0.19851470515451167, -0.07469274325093146, -0.6287403315250399]]	[[-0.14570756365042906, 0.07256222030378462, -0.001043877758887403], [-0.03594465959624723, -0.12688559562616158, -0.010523411191635836], [-0.010987238432087112, 0.0, 0.12243800313847758]]	0.5162822058739119	[[0.9037999999999999, 0.0, 0.0], [0.0, -1.0, 0.0], [0.0, 0.0, -0.9037999999999999]]
10	[[0.3802729664721569, 0.7767473726770865, -0.5020517802076895], [0.4287143634067757, 0.332951791095048, 0.839849450446521], [0.8195098935212374, -0.5346088512602871, -0.20639019011321075]]	0.5208311004762607	0.4791688995237396	[[0.19805798760906568, 0.40455418890345113, -0.2614841811816367], [0.2232877736831305, 0.17341164776157597, 0.4374197135104443], [0.42682623969384925, -0.27844091632624485, -0.10749442984416822]]	0.7261071085398019	0.4288965420700881	[[0.2849962502027412, 0.3971647235261047, -0.33153246861276514], [0.4206493041217429, 0.3161967514741313, 0.7002773665200178], [0.5058937339311005, -0.3697066303571353, -0.03333893190505731]]	[[0.008877346061790333, -0.16683706531434253, 0.03301089785110039], [0.10935675731896716, 0.07443808915895785, 0.09045671044755277], [-0.08915822527336602, 0.018476656831256776, 0.11652245226902616]]	0.4873851554869434	[[0.33362558807385667, 0.3336255880738567, -0.4718178314087477], [0.5, 0.5000000000000001, 0.7071067811865475], [0.4718178314087477, -0.47181783140874767, 0.0]]
10	[[0.5319609947059123, -0.8460851799387872, 0.03402011756955908], [-0.703274286200726, -0.4190807785627857, 0.5742617690636116], [-0.47161719485230363, -0.3294103357928521, -0.8179645788128509]]	0.5412856440046397	0.45871435599536037	[[0.2879428496047385, -0.4579737615059478, 0.018414601247752342], [-0.38067227491806327, -0.2268424091143232, 0.3108396514948407], [-0.2552796170392908, -0.1783050857514186, -0.4427524838156979]]	0.6929685337293496	0.4994136681097748	[[0.41590725588190075, -0.5267782637899223, 0.08059355292767352], [-0.5328595780572147, -0.33578540919734945, 0.3280535514062437], [-0.23516571983663254, -0.11247280344313698, -0.4770917879507447]]	[[0.047275025379338406, 0.0595321427623921, 0.05701868193819611], [-0.04551262713914264, -0.04537561656254164, -0.06989178467858961], [0.09165015616171732, 0.11579819394652843, 0.08973192687174154]]	0.5093051052934775	[[0.42642895602722614, -0.4264289560272261, 0.0], [-0.5, -0.5000000000000001, 0.7071067811865475], [-0.3015308065011516, -0.30153080650115166, -0.42642895602722614]]
10	[[0.034229894132735264, 0.2773841392786001, 0.9601491309293217], [-0.1827544195208179, -0.9427759796974285, 0.2788803941677556], [0.9825625356654255, -0.18501754344446375, 0.018422055382213542]]	0.7295268193927245	0.2704731806072757	[[0.024971625794804036, 0.20235916887790564, 0.7004545416295568], [-0.13332425040298593, -0.6877803618685249, 0.20345072694819205], [0.7168057214984481, -0.13497526000089488, 0.013439383469662863]]	0.8581277595054683	0.21805747254083108	[[0.009244663523789116, 0.20584091824387485, 0.7639435075195897], [-0.16923631817825338, -0.822874043281669, 0.2583835687794509], [0.7923517140499369, -0.141086705766744, 0.0]]	[[-0.020128958836444374, -0.03219011171762305, -0.05998711499591179], [-0.0124096776151315, -0.01385180410834206, 0.01906856096227294], [-0.05081247325464667, 0.017681984258459325, -0.01580847711062456]]	0.3817212312009228	[[0.0, 0.0, 0.9037999999999999], [0.0, -1.0, 0.0], [0.9037999999999999, 0.0, 0.0]]
10	[[-0.30792515101507295, 0.09349718223056193, 0.9468053539599837], [0.3027085282091916, -0.9338174967034747, 0.1906631317268273], [0.9019698710720718, 0.34531602882779927, 0.2592434992682147]]	0.576245297955717	0.42375470204428306	[[-0.17744042039473987, 0.05387731163247016, 0.545592133298739], [0.1744343660316422, -0.5381079416241555, 0.10986873315109572], [0.5197558971030056, 0.19898673792076021, 0.14938784747889508]]	0.786055049197387	0.31954686861155507	[[-0.17336920247703627, 0.06693355995869153, 0.7071779661830642], [0.26115329207682825, -0.8387179967105692, 0.12821590763121762], [0.6494919788293484, 0.23392464129971802, 0.10643564251834475]]	[[0.06867691725322972, -0.006560372219369875, -0.037063162904300284], [0.023207725042883556, -0.10468603839793872, -0.021655809758441523], [-0.05950599255077002, -0.03751276672916408, -0.09734401905303453]]	0.48683811784584785	[[0.0, 0.0, 0.9037999999999999], [0.0, -1.0, 0.0], [0.9037999999999999, 0.0, 0.0]]
10	[[0.8592155572171323, 0.2624339665249735, -0.4391776855101157], [-0.4266000482917053, 0.8413623931712975, -0.33184593135155627], [0.2824199444684594, 0.4724804086637203, 0.8348660002631537]]	0.5099437288053167	0.4900562711946834	[[0.4381515850948423, 0.13382655545491462, -0.22395590655711708], [-0.21754201933440026, 0.42904747605033633, -0.16922275162228578], [0.14401827957123667, 0.24093842138143737, 0.42573468122697306]]	0.7271992332801037	0.4773074113011784	[[0.44150681984934415, 0.17464532979694924, -0.28105612539446534], [-0.348964980003289, 0.7495826806232482, -0.2555959086891801], [0.23343331920830546, 0.3036711938264873, 0.43568536325756246]]	[[-0.18331407458129145, -0.0161964494466679, 0.038313550782221345], [-0.038741751968305725, 0.1377445933983676, -0.014277801843206405], [0.028057752127832323, -0.03991619709364018, -0.17142855202542973]]	0.5833403193528224	[[0.5147452845147648, -0.08831632848753859, -0.3015308065011516], [-0.14644660940672619, 0.8535533905932737, -0.5], [0.3015308065011516, 0.30153080650115166, 0.42642895602722614]]
10	[[-0.8305561570912853, 0.32773595720904825, 0.4502950280316503], [-0.5100865793185324, -0.772219296347621, -0.37879947194723407], [0.22358030216652452, -0.5443036842615101, 0.808545204538665]]	0.5041916746064344	0.49580832539356545	[[-0.4187594996985399, 0.16524174109397274, 0.2270350042502291], [-0.25718140662087874, -0.38934654018890963, -0.1909875401011091], [0.11272732695835265, -0.27443338606226275, 0.4076617606713516]]	0.7051515600907037	0.44963819288930995	[[-0.48033293815085926, 0.15901594157238655, 0.24769201554387504], [-0.4366097798561469, -0.6698974296154446, -0.2681642048946039], [0.144396395887929, -0.3413412187810162, 0.4466103393257391]]	[[0.10533503176500025, -0.07208757995139391, -0.06983422597373029], [-0.07692143266835343, -0.12536578806377421, -0.0010531662894770338], [-0.013261602990346687, 0.04247537333910552, -0.12353657305855759]]	0.5764166985105704	[[-0.42642895602722614, 0.30153080650115166, 0.3015308065011516], [-0.7071067811865475, -0.5000000000000001, -0.5], [0.0, -0.4264289560272261, 0.42642895602722614]]
10	[[0.8489524140446696, -0.5135124485683378, 0.12483895166604869], [0.522794976890395, 0.7815435453534784, -0.34040431673891397], [0.0772347773085365, 0.35425224329800037, 0.9319550081910795]]	0.651813570026598	0.34818642997340205	[[0.5533587037811546, -0.33471438235442796, 0.08137172276382512], [0.3407648602789011, 0.5094206884280951, -0.22188015294605637], [0.05034267592768646, 0.2309064193940006, 0.6074609209931949]]	0.8097343730532439	0.28701762402817893	[[0.6347998592436536, -0.39242325487146384, 0.052282895332244186], [0.47655678510808697, 0.6243443499752299, -0.2648313175411586], [0.024131682096367683, 0.22366903588478848, 0.7022247476859946]]	[[-0.05262609149484487, 0.023385425725055337, -0.04880349492768797], [0.053231722260357814, -0.008498322735378455, 0.010805758458043734], [-0.03840797188546704, -0.06318118224482308, -0.05241125658543971]]	0.46086200974169705	[[0.6390831088364016, -0.6390831088364015, 0.0], [0.7071067811865475, 0.7071067811865476, 0.0], [0.0, 0.0, 0.9037999999999999]]
10	[[0.22433838825039393, -0.7661379269479729, -0.6022499185961573], [-0.9416906372873723, -0.011392912655017143, -0.3362869982418849], [0.2507808429735371, 0.642575192824231, -0.724020780340167]]	0.46011077103509784	0.5398892289649022	[[0.1032205087906599, -0.35250831228726326, -0.27710167440110284], [-0.4332820051988255, -0.005242001826035458, -0.15472927005015225], [0.11538696702138596, 0.29565576741838356, -0.3331297594877475]]	0.6724158880346224	0.5199837976405036	[[0.16411774727634454, -0.4081774129257667, -0.310192137874327], [-0.8242880302849775, 0.05306044651957473, -0.19769032628900252], [0.13190910272936215, 0.310192137874327, -0.3442481069443865]]	[[0.01326905072070005, 0.10698590157995924, 0.0947702759572871], [-0.19108028415949957, 0.06072122199979896, 0.02843439426831204], [-0.036719920500759964, -0.12188563103759706, 0.14259496902356716]]	0.5511660693771798	[[0.07982029768703748, -0.46522678814444435, -0.2725235429157408], [-0.8535533905932738, 0.14644660940672602, -0.5], [0.2725235429157408, 0.2725235429157409, -0.385406490457407]]
10	[[0.04673222253661188, -0.9725397674033924, -0.22799671093185395], [-0.8377629715199755, -0.16246744520517667, 0.5213036857710898], [-0.5440306084466285, 0.16664552219444034, -0.8223502702654952]]	0.510124226764727	0.489875773235273	[[0.02383923888648628, -0.49611609684460306, -0.11630664586901299], [-0.42736318805874746, -0.08287857985973142, 0.2659296396135794], [-0.2775231934701803, 0.08500991815324305, -0.4195007957489501]]	0.6837259412905359	0.48790592772358715	[[0.002657164252609732, -0.6789093517296477, -0.10128742792952965], [-0.6687361510768903, -0.14637995706016238, 0.2797538041751693], [-0.23306073342110067, 0.010391178351606209, -0.4906867224727898]]	[[-0.029294868589833926, -0.013958683819284473, 0.054599837863498424], [-0.09593587479603885, -0.03529675015818454, -0.07667504907689474], [0.1389071064299333, -0.10354868817264039, 0.07157549013501242]]	0.5260480895769418	[[-0.07982029768703748, -0.46522678814444435, -0.2725235429157408], [-0.8535533905932738, -0.14644660940672602, 0.5], [-0.2725235429157408, 0.2725235429157409, -0.385406490457407]]
10	[[-0.3195682178843842, -0.5708200961323295, -0.7563336379995778], [0.910087742671785, 0.03735879733279218, -0.41272826520656647], [0.2638493031197415, -0.8202248094963509, 0.507557688474819]]	0.478751748723782	0.5212482512762179	[[-0.15299384314869147, -0.2732811192300302, -0.3620960518109178], [0.4357060982961964, 0.017885589553291642, -0.19759437871537658], [0.1263183152681275, -0.39268406189300903, 0.24299413093552014]]	0.6658138723533654	0.5240097443297561	[[-0.2282509783110643, -0.35875091641965656, -0.35778228144779317], [0.7783657989258677, 0.011347408591925873, -0.22633445161069707], [0.15102192903998535, -0.3577822814477931, 0.30227363822104125]]	[[-0.015478025680398445, 0.021309022203330107, 0.14579514685981412], [0.1724167547962332, -0.013526596926685067, 0.048465752876173746], [-0.02465259718790657, 0.1883347751632737, -0.03566531178510106]]	0.568319847059421	[[-0.24630677808724652, -0.24630677808724658, -0.3483303860754044], [0.8535533905932738, -0.14644660940672602, -0.5], [0.07214158504954446, -0.4204719711249487, 0.24630677808724652]]
10	[[-0.5446221603179724, 0.8109226453022452, -0.2139887049042392], [-0.8354447797583356, -0.5021691245819775, 0.22328947644507607], [0.07361197229480154, 0.30038414347728, 0.9509735242804028]]	0.5651630284125883	0.43483697158741175	[[-0.3078003094659113, 0.45830349802736403, -0.12093850450976748], [-0.47216250179970876, -0.2838074232240487, 0.12619495672036052], [0.04160276518955358, 0.16976601221474097, 0.5374550769225046]]	0.747910083078116	0.35301716467667404	[[-0.42080038919424756, 0.5740154953632292, -0.07569603523531689], [-0.7297263424297069, -0.38585526015131666, 0.11044717570261887], [0.06625228113024394, 0.08313976199483855, 0.6851477350675128]]	[[-0.013471984024649875, -0.0324817276546988, 0.08434827482739114], [-0.10488876779347175, -0.010277908465945106, -0.056553275175887034], [0.011197144815694962, -0.14152056770860266, -0.026094952482132075]]	0.4491829043807702	[[-0.5776033137663398, 0.5776033137663397, 0.0], [-0.7071067811865475, -0.7071067811865476, 0.0], [0.0, 0.0, 0.8168544399999998]]
10	[[0.08740825448676931, -0.06334395238859675, -0.994156597696443], [0.7119981850616444, -0.6940087028176986, 0.10681996481098455], [-0.6967197295301035, -0.717174639895393, -0.015561310176609944]]	0.5869347117530206	0.4130652882469795	[[0.05130293865202661, -0.03717876443649809, -0.5835050161063253], [0.41789644951783, -0.4073377979423936, 0.06269634525580302], [-0.4089289936243939, -0.4209346905435789, -0.009133473103007902]]	0.824138373066053	0.2959717645608797	[[0.04585148863386748, -0.045851488633867496, -0.7016568572388567], [0.6786089763344072, -0.6636225934005336, 0.09718049124375969], [-0.5040427597277829, -0.5151106138210659, 0.0]]	[[-0.026185008011402097, 0.006352693231244144, 0.11766574375957259], [0.09182395047172107, -0.0916633901666739, 0.009146059233461845], [0.07015070465017724, 0.07594052710655556, 0.012824672851727531]]	0.2961412176483494	[[0.0, 0.0, -0.7382730428719998], [0.7071067811865475, -0.7071067811865476, 0.0], [-0.5220378749820178, -0.5220378749820177, 0.0]]
