10	[[0.8489524140446696, -0.5135124485683378, 0.12483895166604869], [0.522794976890395, 0.7815435453534784, -0.34040431673891397], [0.0772347773085365, 0.35425224329800037, 0.9319550081910795]]	0.6922676097039222	0.30773239029607774	[[0.587702258423078, -0.3554880353236115, 0.08642196266779902], [0.361914029017131, 0.5410372820213815, -0.2356508826817448], [0.0534671346733953, 0.24523735370015898, 0.645162265872038]]	0.8503581570078939	0.25097003996172307	[[0.6674344635295049, -0.41798814519461797, 0.05381640821701613], [0.4927277695817501, 0.6644903765712655, -0.31726411360659057], [0.02196220932517176, 0.25869282591283904, 0.7388820616913506]]	[[-0.05447914666492287, 0.018681354170564556, -0.05234141264452256], [0.04816479654024931, -0.00010155227693363009, -0.027798526186956322], [-0.04371501356383044, -0.0425484588139607, -0.05361348148829234]]	0.4521176680999818	[[0.6550637220912175, -0.6550637220912174, 0.0], [0.7071067811865475, 0.7071067811865476, 0.0], [0.0, 0.0, 0.9263999999999999]]
10	[[0.3802729664721569, 0.7767473726770865, -0.5020517802076895], [0.4287143634067757, 0.332951791095048, 0.839849450446521], [0.8195098935212374, -0.5346088512602871, -0.20639019011321075]]	0.5775791115557233	0.42242088844427694	[[0.21963772212364774, 0.4486330574140739, -0.2899746211673265], [0.247616461127663, 0.19230599969156462, 0.48507949942946416], [0.4733317962111216, -0.3087789053407424, -0.1192066626394051]]	0.7645520565895542	0.3597598426422981	[[0.30485152109434843, 0.45504996039853063, -0.36572360231639156], [0.40823270163856096, 0.3119355856189859, 0.7152167809617486], [0.5544870453795461, -0.38949864601463285, -0.04162650962706239]]	[[0.014113042512650203, -0.1388138408322687, 0.01812111875584425], [0.08045825340642909, 0.05737660899209127, 0.07310815639725404], [-0.07207092910760265, 0.01923765068739879, 0.11616953468390195]]	0.44812673189644286	[[0.36826817521582056, 0.3682681752158206, -0.5208098479806048], [0.5, 0.5000000000000001, 0.7071067811865475], [0.5208098479806048, -0.5208098479806048, 0.0]]
10	[[-0.5446221603179724, 0.8109226453022452, -0.2139887049042392], [-0.8354447797583356, -0.5021691245819775, 0.22328947644507607], [0.07361197229480154, 0.30038414347728, 0.9509735242804028]]	0.6190380895463878	0.3809619104536121	[[-0.3371418616478642, 0.501992005117805, -0.13246715906842596], [-0.5171721403831029, -0.31086181551040937, 0.13822469091437306], [0.04556861469711556, 0.18594922630820343, 0.588688833679736]]	0.7758622006411545	0.3231735117283707	[[-0.4502599518846194, 0.5951482373672516, -0.09249387861799041], [-0.7328295340131766, -0.3972825415815956, 0.10261064916967332], [0.0705807223579548, 0.09748962931488832, 0.7131406013662535]]	[[-0.027708204062377822, -0.034015990766694655, 0.07353186888136325], [-0.08463950867570967, -0.007668499489380564, -0.07063121540501466], [0.013467975539774392, -0.1355670732811024, -0.02468380993341418]]	0.4302473032860383	[[-0.6068510321453039, 0.6068510321453038, 0.0], [-0.7071067811865475, -0.7071067811865476, 0.0], [0.0, 0.0, 0.8582169599999998]]
10	[[-0.30792515101507295, 0.09349718223056193, 0.9468053539599837], [0.3027085282091916, -0.9338174967034747, 0.1906631317268273], [0.9019698710720718, 0.34531602882779927, 0.2592434992682147]]	0.6216450391345252	0.3783549608654749	[[-0.19142014255326964, 0.05812205950668549, 0.5885768513152321], [0.18817725486495743, -0.580503014282736, 0.11852478998383473], [0.5607050958007607, 0.2146639962544361, 0.16115743524796058]]	0.8051426878502814	0.2931570155227894	[[-0.17914608708494642, 0.07494449866838286, 0.7374554923910502], [0.26101233635509674, -0.8366667994511907, 0.1333088915956432], [0.6781788080079434, 0.24909410181228545, 0.10420158841656359]]	[[0.06877759666003326, -0.0003340739391593482, -0.024857915167328205], [0.017288778317545536, -0.08481047019373393, -0.020202134756846797], [-0.04803563834699626, -0.028934573795914097, -0.10452641939195925]]	0.4808419098459612	[[0.0, 0.0, 0.9263999999999999], [0.0, -1.0, 0.0], [0.9263999999999999, 0.0, 0.0]]
10	[[0.034229894132735264, 0.2773841392786001, 0.9601491309293217], [-0.1827544195208179, -0.9427759796974285, 0.2788803941677556], [0.9825625356654255, -0.18501754344446375, 0.018422055382213542]]	0.7800356978168534	0.2199643021831467	[[0.02670053935602517, 0.21636953064551012, 0.7489505973526989], [-0.14255497116003515, -0.7353989192082512, 0.2175366628720844], [0.7664338531564773, -0.14432028860906232, 0.014369860825285661]]	0.8783869221605342	0.18703943222236688	[[0.00919313847322913, 0.21540604902743313, 0.7943309032709409], [-0.16775638790849023, -0.8242121221214893, 0.2566330909665956], [0.8242226424037824, -0.14704892964639416, 0.0]]	[[-0.020873952879905126, -0.028244551329645408, -0.04905153666117767], [-0.0072272958343639684, 0.003909968971817279, 0.011668199882664149], [-0.038847439129620895, 0.015468060885491278, -0.016181692527053457]]	0.3709261854330558	[[0.0, 0.0, 0.9263999999999999], [0.0, -1.0, 0.0], [0.9263999999999999, 0.0, 0.0]]
10	[[-0.42203838922340475, -0.825029846081567, 0.3757783270710803], [0.2588054115689476, 0.28760896992378115, 0.9221175843470338], [-0.8688517462515349, 0.4864224845687207, 0.09214016247897017]]	0.5664054771084783	0.4335945228915219	[[-0.23904485520617622, -0.4673014235985643, 0.21284290263172106], [0.1465888026179659, 0.16290329583035718, 0.5222924503121992], [-0.49212238787213514, 0.27551235944843766, 0.052188692689753825]]	0.7608920805692434	0.38529075998034484	[[-0.23298982899837853, -0.5035465214332627, 0.28042473079503616], [0.26921988119306767, 0.23590676281085865, 0.8284958994187229], [-0.5856810234707167, 0.30496105342976565, 0.024536322634729536]]	[[0.08813583905791005, 0.12421215468346349, -0.005502022322907796], [0.07229689312179181, 0.01706737529517574, 0.1268639321354235], [0.07542138944083411, -0.06515396288938897, -0.045572397297882206]]	0.5621045954208022	[[-0.21281543736185263, -0.39738928759551245, 0.1163926275658344], [0.25000000000000006, 0.1464466094067262, 0.9571067811865475], [-0.39738928759551245, 0.2327852551316687, 0.0681812226678253]]
10	[[0.8787972042104137, -0.3840163418041313, 0.28327887866788265], [-0.395223040501579, -0.9183905790867732, -0.018907472103605397], [0.2674214316928388, -0.09534250611366366, -0.9588511794847616]]	0.6032168251359815	0.39678317486401865	[[0.5301052594621823, -0.2316451185034219, 0.17087858581812113], [-0.23840518771195193, -0.553988649351519, -0.011405305293683988], [0.16131310699907297, -0.05751220383839209, -0.5783951642666891]]	0.801419072847614	0.32310617301411804	[[0.6168076042126234, -0.23629419107138638, 0.17862491801740638], [-0.3219689253817481, -0.8578503733186812, -0.021210631238564114], [0.16204601965148843, -0.058228324745445724, -0.7071437994064604]]	[[-0.08747723640676183, 0.07146382953561292, -0.04840017828191992], [-0.0052296426949576084, -0.1218346469149762, -0.006057822475400555], [-0.05227061619536801, 0.01818097810713459, 0.06129782385505833]]	0.5054760676442882	[[0.6068510321453039, -0.6068510321453038, 0.0], [-0.7071067811865475, -0.7071067811865476, 0.0], [0.0, 0.0, -0.8582169599999998]]
10	[[0.8592155572171323, 0.2624339665249735, -0.4391776855101157], [-0.4266000482917053, 0.8413623931712975, -0.33184593135155627], [0.2824199444684594, 0.4724804086637203, 0.8348660002631537]]	0.5733848552186885	0.4266151447813115	[[0.4926611878765902, 0.15047566190038814, -0.2518178336214964], [-0.24460600692602508, 0.48242445399497375, -0.19027543130292293], [0.1619353189699177, 0.27091311071531415, 0.478699520687894]]	0.7499148023756781	0.4425393240197231	[[0.4744497782868942, 0.19329976525950696, -0.28843099068722433], [-0.35476948826626936, 0.7494754191930832, -0.2500503524256237], [0.2403129931285997, 0.3149702030426187, 0.4721702303758821]]	[[-0.16988868650169964, -0.003503350883733889, 0.04091485654990182], [-0.03485579735814047, 0.118525306391702, -0.001194176396948507], [0.02852209628558495, -0.03934984924681478, -0.15390814122163368]]	0.5365645815650634	[[0.5824027591045523, -0.09992451593532004, -0.3411636375199361], [-0.14644660940672619, 0.8535533905932737, -0.5], [0.3411636375199361, 0.34116363751993617, 0.48247824316923227]]
10	[[0.22433838825039393, -0.7661379269479729, -0.6022499185961573], [-0.9416906372873723, -0.011392912655017143, -0.3362869982418849], [0.2507808429735371, 0.642575192824231, -0.724020780340167]]	0.5331707851646408	0.4668292148353592	[[0.11961067460603259, -0.4084823600552609, -0.32110206196325414], [-0.5020819364646993, -0.006074368185587653, -0.17929840289328594], [0.13370901895245127, 0.3426023200854157, -0.3860267279294828]]	0.7073707366761853	0.47702234822393147	[[0.18193991163453008, -0.4527699671882713, -0.3299676499892755], [-0.8213960687944282, 0.04976613110383876, -0.1992177376556192], [0.14673110543411796, 0.3299676499892755, -0.3814008406901382]]	[[0.023249500673100935, 0.0891735825924819, 0.09604631859126098], [-0.15527166897539343, 0.057825144121505544, 0.038661844025366], [-0.030663924204347773, -0.1245712375286427, 0.13075027206795253]]	0.48544378664264604	[[0.09257007156248057, -0.5395379160344571, -0.31605399379846877], [-0.8535533905932738, 0.14644660940672602, -0.5], [0.31605399379846877, 0.3160539937984688, -0.44696784447197674]]
10	[[0.08740825448676931, -0.06334395238859675, -0.994156597696443], [0.7119981850616444, -0.6940087028176986, 0.10681996481098455], [-0.6967197295301035, -0.717174639895393, -0.015561310176609944]]	0.6556188662798175	0.3443811337201827	[[0.057306500710113464, -0.04152949025069454, -0.6517878214863426], [0.4667994428834028, -0.4550051989296664, 0.07003318422542769], [-0.4567825991893074, -0.47019322433285393, -0.010202288535817595]]	0.8562438172653976	0.23879052069055906	[[0.04912314440202945, -0.04912314440202946, -0.7589465549082764], [0.6741585162605797, -0.665557870469746, 0.09432069034888683], [-0.5451225744026755, -0.552435976254948, 0.0]]	[[-0.025719633080227226, 0.005114723191860227, 0.09229388526290591], [0.0645144723973625, -0.07131720955371293, 0.0028567559189739793], [0.05143938637429576, 0.061640375055020125, 0.013324275627271374]]	0.2475025763143164	[[0.0, 0.0, -0.7950521917439998], [0.7071067811865475, -0.7071067811865476, 0.0], [-0.5621867961794095, -0.5621867961794095, 0.0]]
10	[[-0.8305561570912853, 0.32773595720904825, 0.4502950280316503], [-0.5100865793185324, -0.772219296347621, -0.37879947194723407], [0.22358030216652452, -0.5443036842615101, 0.808545204538665]]	0.5515062486494755	0.4484937513505244	[[-0.45805691049013925, 0.18074842830790722, 0.2483405216952459], [-0.281315935846407, -0.42588376726341404, -0.2089102757640213], [0.12330593371977616, -0.300186883033154, 0.445917732618642]]	0.7348597191187977	0.423728503363923	[[-0.5018469379163488, 0.18671370072851862, 0.25661139571033914], [-0.4473548507500875, -0.6760688770640451, -0.26861828475894944], [0.15712173572229082, -0.3692210053580496, 0.4770797524662185]]	[[0.10849532639614114, -0.054126252731252864, -0.07429228210959046], [-0.07251277034580264, -0.10859602185191683, 0.009746188798543897], [-0.007178422328297272, 0.030765847173690485, -0.11708754943591573]]	0.5248466835594816	[[-0.48247824316923227, 0.34116363751993617, 0.3411636375199361], [-0.7071067811865475, -0.5000000000000001, -0.5], [0.0, -0.4824782431692322, 0.48247824316923227]]
10	[[0.5319609947059123, -0.8460851799387872, 0.03402011756955908], [-0.703274286200726, -0.4190807785627857, 0.5742617690636116], [-0.47161719485230363, -0.3294103357928521, -0.8179645788128509]]	0.5937675590973764	0.40623244090262345	[[0.3158611813615421, -0.5023779320807182, 0.020200042169482867], [-0.4175814562933549, -0.2488365709518534, 0.340978008899842], [-0.28003099061580405, -0.19559317102516893, -0.4856808313898201]]	0.7221150046228781	0.46514639382141404	[[0.44359907356758876, -0.5740401660604408, 0.08978506031826902], [-0.5176275393693754, -0.3489283619113863, 0.3378416008303006], [-0.24611044618467767, -0.10808801968893289, -0.5192558064064915]]	[[0.05946205741633797, 0.03693063756240509, 0.06521862296225603], [-0.009782624938386796, -0.04630384356216078, -0.0768414391918115], [0.09445140665632237, 0.12978412646494636, 0.0714086892043008]]	0.45194720392263144	[[0.48247824316923227, -0.4824782431692322, 0.0], [-0.5, -0.5000000000000001, 0.7071067811865475], [-0.3411636375199361, -0.34116363751993617, -0.48247824316923227]]
10	[[0.04673222253661188, -0.9725397674033924, -0.22799671093185395], [-0.8377629715199755, -0.16246744520517667, 0.5213036857710898], [-0.5440306084466285, 0.16664552219444034, -0.8223502702654952]]	0.5511385303099406	0.44886146969005924	[[0.02575592844694538, -0.5360041380746773, -0.12565777217848237], [-0.46172345287160793, -0.08954206897359186, 0.2873105472210336], [-0.29983622998289766, 0.09184476818497644, -0.4532289193541076]]	0.7168023868440312	0.4484241055029028	[[-0.005337232394476013, -0.7257199340931968, -0.11626154439635569], [-0.6743075772494801, -0.15269184808128605, 0.28161020180868734], [-0.25237536000372723, 0.024096805268310487, -0.523425286681868]]	[[-0.03883500105124574, -0.028601107517706188, 0.04716704219218587], [-0.07379707965441358, -0.03623479557376362, -0.09206152442262064], [0.1375870786470266, -0.09535510279753431, 0.06603734986627305]]	0.46478911912041765	[[-0.09257007156248057, -0.5395379160344571, -0.31605399379846877], [-0.8535533905932738, -0.14644660940672602, 0.5], [-0.31605399379846877, 0.3160539937984688, -0.44696784447197674]]
10	[[-0.3195682178843842, -0.5708200961323295, -0.7563336379995778], [0.910087742671785, 0.03735879733279218, -0.41272826520656647], [0.2638493031197415, -0.8202248094963509, 0.507557688474819]]	0.5486995000254906	0.4513004999745094	[[-0.17534692137719868, -0.3132087013523117, -0.41499988902282875], [0.4993646893833358, 0.02049875341805669, -0.22646379276523115], [0.1447739807038763, -0.45005694287915105, 0.2784966499002269]]	0.6959479634901498	0.4811104272156296	[[-0.2328469162780809, -0.3738613806965717, -0.4038071982387369], [0.7888135630265862, 0.013550076018387425, -0.21679906223141607], [0.15968039007292942, -0.4038071982387369, 0.310629341302776]]	[[-0.010444065845267261, 0.02339970272597458, 0.12256165684616549], [0.15543985191681, -0.012449702903810533, 0.07043833341391632], [-0.023944995101549807, 0.16702658753434468, -0.0426043983450422]]	0.48993113965503066	[[-0.29279241985490145, -0.2927924198549015, -0.4140710111188392], [0.8535533905932738, -0.14644660940672602, -0.5], [0.085756914295482, -0.4998279254143211, 0.29279241985490145]]
