10	[[0.8592155572171323, 0.2624339665249735, -0.4391776855101157], [-0.4266000482917053, 0.8413623931712975, -0.33184593135155627], [0.2824199444684594, 0.4724804086637203, 0.8348660002631537]]	0.504263348944235	0.4957366510557651	[[0.43327091434729803, 0.13233583083660239, -0.22146121047690892], [-0.21511876901134772, 0.42426821805629455, -0.16733774067685447], [0.14241402700631017, 0.23825455318330832, 0.42099232521237645]]	0.7249462157046404	0.48052730548997113	[[0.4384861020980714, 0.17322720028206168, -0.2800847010261837], [-0.3487335772695914, 0.7495420828324563, -0.2559253231600098], [0.2325447080385198, 0.3023380640701371, 0.4325466242550091]]	[[-0.18439896458104246, -0.01702331062257615, 0.038295500106297266], [-0.03947148664110285, 0.13959959986672435, -0.015354871029717245], [0.027805438056595487, -0.04018482018520884, -0.17268632325623337]]	0.5878967923762672	[[0.508510830346799, -0.08724666526030261, -0.2978787478035507], [-0.14644660940672619, 0.8535533905932737, -0.5], [0.2978787478035507, 0.2978787478035508, 0.42126416508649633]]
10	[[-0.30792515101507295, 0.09349718223056193, 0.9468053539599837], [0.3027085282091916, -0.9338174967034747, 0.1906631317268273], [0.9019698710720718, 0.34531602882779927, 0.2592434992682147]]	0.5718168378502982	0.4281831621497019	[[-0.17607678614801459, 0.053463263090993016, 0.5413992435611301], [0.1730938333908977, -0.5339725680942622, 0.10902438907866924], [0.5157615595126734, 0.19745751966333458, 0.14823979798479664]]	0.7841683531808867	0.3194511257419905	[[-0.16525282454928658, 0.07025337562067967, 0.7125405160977281], [0.2597536229387411, -0.8362545820262202, 0.13556278591000967], [0.6573555019602855, 0.23258168617562142, 0.09499944892860693]]	[[0.076212334025179, -0.003064155796113341, -0.02991427909991891], [0.02237917487912936, -0.10398445346475822, -0.013949208108526947], [-0.04994072645707778, -0.038204215477237506, -0.10829109896539942]]	0.4874571045968979	[[0.0, 0.0, 0.9016], [0.0, -1.0, 0.0], [0.9016, 0.0, 0.0]]
10	[[-0.8305561570912853, 0.32773595720904825, 0.4502950280316503], [-0.5100865793185324, -0.772219296347621, -0.37879947194723407], [0.22358030216652452, -0.5443036842615101, 0.808545204538665]]	0.49998755046838855	0.5000124495316114	[[-0.41526773851050985, 0.16386389844536464, 0.22514190805363918], [-0.2550369393202723, -0.3861000344052697, -0.18939502009761663], [0.11178736761322279, -0.2721450658048316, 0.40426253626024927]]	0.7022796326027422	0.45427558690203507	[[-0.4749590803916552, 0.1559437238417466, 0.24894215967794864], [-0.43604023733254393, -0.6697316966820878, -0.2693316818306631], [0.14564403343383828, -0.34141141794619345, 0.4406646607603121]]	[[0.10832359246635791, -0.07421856377773181, -0.06729086717096025], [-0.07781682181313547, -0.1274178129543326, -0.0033085278414468344], [-0.011371859028878651, 0.04084197346129884, -0.12716016842581043]]	0.5813606185211786	[[-0.42126416508649633, 0.2978787478035508, 0.2978787478035507], [-0.7071067811865475, -0.5000000000000001, -0.5], [0.0, -0.4212641650864963, 0.42126416508649633]]
10	[[0.034229894132735264, 0.2773841392786001, 0.9601491309293217], [-0.1827544195208179, -0.9427759796974285, 0.2788803941677556], [0.9825625356654255, -0.18501754344446375, 0.018422055382213542]]	0.7249636850058278	0.27503631499417236	[[0.024815430187827125, 0.2010934277735837, 0.6960732521136639], [-0.1324903174269131, -0.6834783483764273, 0.20217815823173385], [0.7123221566046768, -0.13413100008622425, 0.013355321155270973]]	0.8561071139509727	0.22106430822669515	[[0.009248861288689885, 0.20492254686061087, 0.7610032677535463], [-0.16938540701272897, -0.822738106100165, 0.2585626613321939], [0.7892698299852099, -0.14051203274154828, 0.0]]	[[-0.020055594588133444, -0.03254798807296611, -0.06098723368888974], [-0.012928048354976195, -0.015620883019098572, 0.01981117194372698], [-0.05190894669966724, 0.017882802406990264, -0.015771252666311825]]	0.382792512351742	[[0.0, 0.0, 0.9016], [0.0, -1.0, 0.0], [0.9016, 0.0, 0.0]]
10	[[0.8489524140446696, -0.5135124485683378, 0.12483895166604869], [0.522794976890395, 0.7815435453534784, -0.34040431673891397], [0.0772347773085365, 0.35425224329800037, 0.9319550081910795]]	0.6479118689609814	0.3520881310390188	[[0.5500463452426188, -0.3327108102866415, 0.08088463849307921], [0.33872507056046897, 0.5063713391443635, -0.2205519970606956], [0.05004132891475908, 0.2295242330388277, 0.603824711144629]]	0.8074305540129858	0.2905647609824531	[[0.6313006200152294, -0.3901295571134687, 0.05266354332832164], [0.4765651520494893, 0.624026909097467, -0.2649544389165772], [0.023650067275225263, 0.22319723733212393, 0.6986101374810535]]	[[-0.05416949798751994, 0.02449608372662913, -0.04813524057779642], [0.054444514223671546, -0.0070152287125650435, 0.009898407136335928], [-0.03871165175607596, -0.06283684773432356, -0.05387881109784654]]	0.4617374709235347	[[0.6375274739177913, -0.6375274739177912, 0.0], [0.7071067811865475, 0.7071067811865476, 0.0], [0.0, 0.0, 0.9016]]
10	[[0.08740825448676931, -0.06334395238859675, -0.994156597696443], [0.7119981850616444, -0.6940087028176986, 0.10681996481098455], [-0.6967197295301035, -0.717174639895393, -0.015561310176609944]]	0.5807254332386389	0.4192745667613611	[[0.050760196455462314, -0.036785444193915565, -0.5773320209043181], [0.41347545448504797, -0.4030285046151938, 0.06203307034339517], [-0.40460286677727664, -0.416481553461017, -0.00903684859407265]]	0.8207262912578821	0.30128939512386077	[[0.0454577239753247, -0.04545772397532471, -0.6963545894721133], [0.6785172087803524, -0.6634778429995545, 0.09728974675008863], [-0.5001168786959302, -0.5111497940507174, 0.0]]	[[-0.026280528554926626, 0.006530323142184163, 0.11957586788484272], [0.09416157897236568, -0.09388665423529113, 0.009619793198471796], [0.07169932096750652, 0.07745428833483567, 0.01277157638836262]]	0.3008713250671595	[[0.0, 0.0, -0.7328949160959999], [0.7071067811865475, -0.7071067811865476, 0.0], [-0.5182349650686273, -0.5182349650686272, 0.0]]
10	[[0.3802729664721569, 0.7767473726770865, -0.5020517802076895], [0.4287143634067757, 0.332951791095048, 0.839849450446521], [0.8195098935212374, -0.5346088512602871, -0.20639019011321075]]	0.5157108620513238	0.48428913794867673	[[0.19611089935417017, 0.4005770571594011, -0.25891355636530927], [0.22109265392629276, 0.17170685520715942, 0.43311948408310597], [0.422630153647426, -0.27570359154371055, -0.10643766286222052]]	0.7223706601010527	0.435972568397479	[[0.2830697748250741, 0.3914843254974551, -0.3277058271686487], [0.4220289540891974, 0.3165144011870442, 0.6994672670287984], [0.5017081446209056, -0.3685605602252916, -0.03176055443022631]]	[[0.008371741015996642, -0.16961518683505006, 0.03496164870488845], [0.11233827640024222, 0.0759997960718866, 0.09278466512423872], [-0.09028175812137401, 0.017625188555467457, 0.11732966344023547]]	0.49132510821427344	[[0.3303890281760767, 0.33038902817607674, -0.4672406445058744], [0.5, 0.5000000000000001, 0.7071067811865475], [0.4672406445058744, -0.4672406445058743, 0.0]]
10	[[-0.42203838922340475, -0.825029846081567, 0.3757783270710803], [0.2588054115689476, 0.28760896992378115, 0.9221175843470338], [-0.8688517462515349, 0.4864224845687207, 0.09214016247897017]]	0.5003069516783087	0.49969304832169126	[[-0.2111487400035852, -0.4127681673366931, 0.18800450932370666], [0.12948214653991025, 0.14389276701790527, 0.46134183771363024], [-0.4346925686274809, 0.24336055048236585, 0.046098363816997626]]	0.7141784083165402	0.4439529161690059	[[-0.2031902138475063, -0.46076140732881493, 0.24831764177786123], [0.2703186111391241, 0.23559195900326027, 0.8272667734660725], [-0.529760157103568, 0.26519721532992174, 0.02215714083471114]]	[[0.09822049121654139, 0.1284570949593589, -0.02005512572961525], [0.08548537424110594, 0.03018784264553445, 0.16871030479641463], [0.09075500009739966, -0.08219522046874403, -0.04364737374654719]]	0.6005637096829529	[[-0.3303890281760767, -0.33038902817607674, 0.4672406445058744], [0.5, 0.5000000000000001, 0.7071067811865475], [-0.4672406445058744, 0.4672406445058743, 0.0]]
10	[[-0.5446221603179724, 0.8109226453022452, -0.2139887049042392], [-0.8354447797583356, -0.5021691245819775, 0.22328947644507607], [0.07361197229480154, 0.30038414347728, 0.9509735242804028]]	0.5604178706016302	0.43958212939836994	[[-0.3052159913678577, 0.4544555421029253, -0.11992309433523435], [-0.4681981844774144, -0.2814245514801164, 0.12513541291710242], [0.04125346476423888, 0.16834064205003177, 0.532942557475751]]	0.7451760382401299	0.3559000904632889	[[-0.4180367396499516, 0.5719514601073545, -0.0741743623616715], [-0.7293893411207206, -0.3847811178357937, 0.11122910132661354], [0.06585230982163763, 0.0818198019244303, 0.682422482176156]]	[[-0.012197355886424042, -0.03232866403817866, 0.08528489298700577], [-0.1068359099720062, -0.010576719053281577, -0.05516086611144107], [0.010998431939955217, -0.142019264062124, -0.026220201118368446]]	0.4510918648789924	[[-0.5747947704842806, 0.5747947704842805, 0.0], [-0.7071067811865475, -0.7071067811865476, 0.0], [0.0, 0.0, 0.8128825599999999]]
10	[[0.8787972042104137, -0.3840163418041313, 0.28327887866788265], [-0.395223040501579, -0.9183905790867732, -0.018907472103605397], [0.2674214316928388, -0.09534250611366366, -0.9588511794847616]]	0.561761953730202	0.438238046269798	[[0.4936748343698813, -0.21572577043621385, 0.15913529633097057], [-0.2220212673913578, -0.5159168859951974, -0.010621498469020666], [0.15022718593709689, -0.053559792507945424, -0.5386461119238682]]	0.781665433292211	0.3797644795209514	[[0.5408532464203593, -0.22719933819287608, 0.2200675290171098], [-0.34557854539354577, -0.8462524489410757, -0.025600877554559184], [0.19781786755182296, -0.0745259413525022, -0.6263422994704986]]	[[-0.14607215098475743, 0.07297296201474003, -0.0013617784193523624], [-0.03664635619281398, -0.12837827900772866, -0.010821560180234079], [-0.011216221723983313, 0.0, 0.12315852320420524]]	0.5169230451969333	[[0.9016, 0.0, 0.0], [0.0, -1.0, 0.0], [0.0, 0.0, -0.9016]]
10	[[-0.3195682178843842, -0.5708200961323295, -0.7563336379995778], [0.910087742671785, 0.03735879733279218, -0.41272826520656647], [0.2638493031197415, -0.8202248094963509, 0.507557688474819]]	0.4729316471405432	0.5270683528594567	[[-0.15113392365782982, -0.2699588882847858, -0.3576941132069396], [0.430409295184186, 0.017668157557787167, -0.19519225828560044], [0.12478268552130377, -0.3879102701806475, 0.24004009362924283]]	0.662396067661721	0.5278664064333035	[[-0.22635136834839772, -0.3567419792987232, -0.3542216658234813], [0.7784633479078462, 0.011796936499919003, -0.2264231031848745], [0.14961541803572445, -0.35422166582348125, 0.3008843678946132]]	[[-0.014670637472117545, 0.021367007721617433, 0.1467707618277225], [0.17562480593492358, -0.012949383945893705, 0.046966476700799044], [-0.0251573228060777, 0.18909202258548588, -0.035319849062579664]]	0.5755234137370632	[[-0.24214043908414465, -0.2421404390841447, -0.34243829295177375], [0.8535533905932738, -0.14644660940672602, -0.5], [0.07092129260825793, -0.41335958556003155, 0.24214043908414465]]
10	[[0.5319609947059123, -0.8460851799387872, 0.03402011756955908], [-0.703274286200726, -0.4190807785627857, 0.5742617690636116], [-0.47161719485230363, -0.3294103357928521, -0.8179645788128509]]	0.536777936047904	0.463222063952096	[[0.28554492479622956, -0.45415985660826164, 0.018261248493094972], [-0.3775021198223886, -0.22495331535428081, 0.30825104714918355], [-0.25315370445752167, -0.17682020015973413, -0.4390653383754552]]	0.6901503500052875	0.5033233387472662	[[0.415186203855441, -0.518546336961401, 0.08041430556512656], [-0.5341183009055933, -0.3338922068648825, 0.32757901864028927], [-0.23503903495106437, -0.11666384922948954, -0.4704981111730758]]	[[0.04805313716999485, 0.06537964610763972, 0.05693530951727434], [-0.0487533061344436, -0.04466346085928761, -0.06874794227361775], [0.09044773714476476, 0.1106788093133066, 0.09402042918654077]]	0.5148036111180699	[[0.42126416508649633, -0.4212641650864963, 0.0], [-0.5, -0.5000000000000001, 0.7071067811865475], [-0.2978787478035507, -0.2978787478035508, -0.42126416508649633]]
10	[[0.22433838825039393, -0.7661379269479729, -0.6022499185961573], [-0.9416906372873723, -0.011392912655017143, -0.3362869982418849], [0.2507808429735371, 0.642575192824231, -0.724020780340167]]	0.4540439943928548	0.5459560056071452	[[0.1018594978968639, -0.3478603246073188, -0.2734479586621709], [-0.4275689784363117, -0.005172883569652904, -0.15268909194412836], [0.11386553566091208, 0.2917574072476728, -0.3287372871290811]]	0.6689105284275938	0.5238852224637166	[[0.16107266440525486, -0.40584829803733985, -0.3067846810976492], [-0.8255842914569781, 0.05422762435598068, -0.19687752600654268], [0.13009234897402386, 0.3067846810976492, -0.34247443118754267]]	[[0.01101035457408922, 0.10662942752584993, 0.0960666301959817], [-0.19567750965376438, 0.061848463580377495, 0.02806838769076591], [-0.03765759721892227, -0.12304063068887017, 0.14183069158235734]]	0.5573670035497339	[[0.07866159339868892, -0.4584733646406739, -0.2685674790196813], [-0.8535533905932738, 0.14644660940672602, -0.5], [0.2685674790196813, 0.26856747901968137, -0.37981177124198506]]
10	[[0.04673222253661188, -0.9725397674033924, -0.22799671093185395], [-0.8377629715199755, -0.16246744520517667, 0.5213036857710898], [-0.5440306084466285, 0.16664552219444034, -0.8223502702654952]]	0.5059624474862803	0.4940375525137196	[[0.023644749691097658, -0.4920686009931582, -0.11535777388190278], [-0.4238766034836257, -0.08220242621285433, 0.2637600887363593], [-0.2752590581571064, 0.08431637627212829, -0.416078355434534]]	0.6805053623046713	0.49162787874838143	[[0.0033718479617156983, -0.6744502923751884, -0.09990177635235825], [-0.6681792177296985, -0.1457520859353123, 0.2796010326479251], [-0.23125101022378636, 0.009196444442326363, -0.48755447839279725]]	[[-0.028429680066863795, -0.012631765602641974, 0.05525120802459646], [-0.09807702327005953, -0.03519211827324932, -0.07514892090849092], [0.13896473608201743, -0.1042067270150524, 0.07205929021556796]]	0.5319707768825247	[[-0.07866159339868892, -0.4584733646406739, -0.2685674790196813], [-0.8535533905932738, -0.14644660940672602, 0.5], [-0.2685674790196813, 0.26856747901968137, -0.37981177124198506]]
