10	[[0.22433838825039393, -0.7661379269479729, -0.6022499185961573], [-0.9416906372873723, -0.011392912655017143, -0.3362869982418849], [0.2507808429735371, 0.642575192824231, -0.724020780340167]]	0.676449995977359	0.3235500040226409	[[0.15175370182954623, -0.5182539976020586, -0.4073919550117355], [-0.6370066278049598, -0.007706735719656757, -0.22748133860796121], [0.16964070022064787, 0.43466998660110184, -0.4897638539486304]]	0.7591406362088553	0.4103520372803032	[[0.20575803718798663, -0.5159536798499088, -0.37300838984563084], [-0.818840180278947, 0.05338434992088138, -0.20327234147675308], [0.17308069045030133, 0.3730083898456308, -0.4281007589701392]]	[[0.03545365040551338, 0.06565275343710902, 0.0841839965141873], [-0.10396455077668884, 0.06203317288208304, 0.052016784317357685], [-0.017297238233622652, -0.11479655084698369, 0.12153283684572697]]	0.38381215582774325	[[0.1150627673619406, -0.6706349543406945, -0.3928488608513174], [-0.8535533905932738, 0.14644660940672602, -0.5], [0.3928488608513174, 0.39284886085131754, -0.5555721869787541]]
10	[[-0.5446221603179724, 0.8109226453022452, -0.2139887049042392], [-0.8354447797583356, -0.5021691245819775, 0.22328947644507607], [0.07361197229480154, 0.30038414347728, 0.9509735242804028]]	0.7279998165678198	0.2720001834321803	[[-0.39648483281025365, 0.5903515370307255, -0.15578373791787145], [-0.6082036464166108, -0.36557903058170227, 0.16255469789353985], [0.05358950232781094, 0.21867960135134148, 0.6923085512369863]]	0.8201567797280611	0.21317407814451758	[[-0.45711543905874247, 0.6546438234958358, -0.10569908216104108], [-0.756711708607526, -0.430915200369346, 0.19589625680479678], [0.054227650497193636, 0.18214905284489763, 0.7903872651642748]]	[[-0.010439881883814396, -0.010439881883814395, 0.06980520495139808], [-0.07151600840031025, -0.01905778827333187, 0.012763878856438426], [-0.00614570764954203, -0.06421303895080019, 0.010439881883814396]]	0.34495405321389133	[[-0.3344997729882324, 0.5710268307735724, -0.09797271520289265], [-0.8535533905932738, -0.45710678118654735, 0.25000000000000017], [0.09797271520289265, 0.16724988649411632, 0.640304002064796]]
10	[[0.04673222253661188, -0.9725397674033924, -0.22799671093185395], [-0.8377629715199755, -0.16246744520517667, 0.5213036857710898], [-0.5440306084466285, 0.16664552219444034, -0.8223502702654952]]	0.679306551990971	0.3206934480090289	[[0.031745504958220525, -0.6606526360688996, -0.15487965956839986], [-0.5690978755689446, -0.11036520001311059, 0.35412500932134355], [-0.3695635568014293, 0.11320339508664012, -0.5586279266228968]]	0.766075346058116	0.385716240072807	[[-0.010538859492092661, -0.8114447829562208, -0.1286321544571653], [-0.6880951759910409, -0.1499892059009414, 0.2736968827653802], [-0.2756230590478859, 0.03476844999119129, -0.5907028912413013]]	[[-0.04633926304389238, -0.06640604408738718, 0.046030504770067], [-0.046305617669200126, -0.025526901592207784, -0.12566101871307872], [0.14114537758407242, -0.09289457609295007, 0.03927937663332313]]	0.3350843377927528	[[0.10199116719018599, -0.6665667312771144, -0.1741098131314972], [-0.8535533905932738, -0.2500000000000001, 0.4571067811865474], [-0.3482196262629944, 0.10199116719018586, -0.5944480853358031]]
10	[[0.8787972042104137, -0.3840163418041313, 0.28327887866788265], [-0.395223040501579, -0.9183905790867732, -0.018907472103605397], [0.2674214316928388, -0.09534250611366366, -0.9588511794847616]]	0.7058021464309838	0.2941978535690164	[[0.6202569530092573, -0.27103955830993026, 0.1999388406023538], [-0.27894927030499417, -0.6482020419814388, -0.013344934394308642], [0.1887466204904523, -0.06729294546113299, -0.676759220588225]]	0.8316136703423115	0.27783610865206004	[[0.6539602593501128, -0.2757612825473419, 0.1734864257761466], [-0.3249557035391095, -0.853511356323411, -0.028699166758551636], [0.16350704360204033, -0.050574583645318735, -0.7572150262754636]]	[[-0.07685950912987113, 0.043591956931819324, -0.06209216224330563], [0.003717179776256633, -0.08976519604125863, -0.012975454485577485], [-0.05888427473623704, 0.028713547803499377, 0.04017872240791348]]	0.40838045070612183	[[0.5126555466850066, -0.3625022134738648, 0.36250221347386474], [-0.5, -0.8535533905932737, -0.14644660940672619], [0.36250221347386474, -0.10617444013136153, -0.6188299868163681]]
10	[[0.8592155572171323, 0.2624339665249735, -0.4391776855101157], [-0.4266000482917053, 0.8413623931712975, -0.33184593135155627], [0.2824199444684594, 0.4724804086637203, 0.8348660002631537]]	0.7119268649658351	0.28807313503416504	[[0.611698637979466, 0.1868337910486733, -0.31266239280816815], [-0.30370803497458754, 0.598988490870594, -0.23625003355878121], [0.20106234566925557, 0.33637149609773903, 0.594363534233913]]	0.7917464250150172	0.2702381088489632	[[0.6895177193231472, 0.16372711259691494, -0.28388215564388625], [-0.34121335804679276, 0.7434961100295224, -0.4036669672384754], [0.21361969464486075, 0.37680365274539823, 0.6594014868129713]]	[[0.009236873579196909, -0.044054042201743554, 0.06383520680511738], [-0.003454294900601308, 0.07735044309406841, -0.1409291374351019], [-0.00998528674098162, 0.002718978296263244, -0.0016006842619670806]]	0.37704584549118997	[[0.54345250174071, 0.29722404266790153, -0.3183471050141199], [-0.573223304703363, 0.7803300858899106, -0.2499999999999999], [0.17410981313149723, 0.31834710501411984, 0.5944480853358031]]
10	[[0.034229894132735264, 0.2773841392786001, 0.9601491309293217], [-0.1827544195208179, -0.9427759796974285, 0.2788803941677556], [0.9825625356654255, -0.18501754344446375, 0.018422055382213542]]	0.8506799895244833	0.14932001047551696	[[0.0291186859822594, 0.23596513669577737, 0.8167796526408971], [-0.15546552768352237, -0.8020006605329427, 0.23723797078921013], [0.8358462875470141, -0.15739072191918202, 0.015671273879560868]]	0.9073329729590622	0.14068130304164034	[[0.009087009257056668, 0.23034152596377172, 0.8409552755557725], [-0.16568781673687621, -0.8260458277293175, 0.2542747051903913], [0.8731916179899253, -0.15628007333361973, 0.0]]	[[-0.021970902350471985, -0.0213382497795711, -0.030219689894388856], [0.00013129404835516417, 0.02936590476394279, 0.001237328050166498], [-0.01831976861358011, 0.01159244440942803, -0.01671493827796031]]	0.3418726169236821	[[-0.05099558359509291, 0.19523287547771576, 0.6665667312771144], [-0.2803300858899109, -0.9267766952966368, 0.25000000000000017], [0.6665667312771144, -0.17410981313149732, 0.10199116719018599]]
10	[[-0.42203838922340475, -0.825029846081567, 0.3757783270710803], [0.2588054115689476, 0.28760896992378115, 0.9221175843470338], [-0.8688517462515349, 0.4864224845687207, 0.09214016247897017]]	0.6794218028450622	0.32057819715493785	[[-0.2867420832759917, -0.5605432654257224, 0.25531198844873493], [0.1758380393142327, 0.19540780486002673, 0.6265067915921954], [-0.5903168198432983, 0.33048604141005467, 0.06260203530589886]]	0.8228350372309903	0.29273244790250047	[[-0.2648455011446131, -0.5866264167409562, 0.31597332166558834], [0.2624007600610059, 0.2346834730324792, 0.8292753337990433], [-0.6825041673803024, 0.3509476081074464, 0.023600491544764526]]	[[0.0824224725649344, 0.09223704737624838, 0.006769747919456738], [0.04944659959708908, -0.0019712644427221132, 0.07052467695150079], [0.03241749159479026, -0.04929785509264778, -0.05221566247908838]]	0.3778820438540023	[[-0.3058042290765634, -0.5710268307735724, 0.16724988649411623], [0.25000000000000006, 0.1464466094067262, 0.9571067811865475], [-0.5710268307735724, 0.3344997729882323, 0.09797271520289265]]
10	[[0.08740825448676931, -0.06334395238859675, -0.994156597696443], [0.7119981850616444, -0.6940087028176986, 0.10681996481098455], [-0.6967197295301035, -0.717174639895393, -0.015561310176609944]]	0.7827342394121315	0.2172657605878686	[[0.06841743359404343, -0.04958148039424654, -0.7781604083544776], [0.5573053578470443, -0.5432243741454114, 0.08361164391035664], [-0.5453463875771716, -0.5613571462841896, -0.012180370285345046]]	0.912072406145715	0.14883499868382	[[0.05434180648411312, -0.05434180648411313, -0.8496837212228615], [0.6842081423188099, -0.6721324333479951, 0.09025655235292811], [-0.6160556726087638, -0.6263377996859716, 0.0]]	[[-0.025380850502631558, 0.0034324645857339202, 0.05705907892377094], [0.03481424449825393, -0.03914624588299019, -0.007170989976627183], [0.01940316751294943, 0.02777739975010623, 0.014193041615560434]]	0.1764545107944138	[[0.0, 0.0, -0.8863959170159997], [0.7071067811865475, -0.7071067811865476, 0.0], [-0.6267765637380817, -0.6267765637380817, 0.0]]
10	[[-0.30792515101507295, 0.09349718223056193, 0.9468053539599837], [0.3027085282091916, -0.9338174967034747, 0.1906631317268273], [0.9019698710720718, 0.34531602882779927, 0.2592434992682147]]	0.7345370057484452	0.2654629942515551	[[-0.22618241842124948, 0.0686771402815537, 0.695463569724363], [0.2223506159252983, -0.6859235079440786, 0.14004912588524512], [0.6625302483725906, 0.25364740185211543, 0.19042394371222368]]	0.8341628772738898	0.27715786790722	[[-0.2397308857841072, 0.07424577762748452, 0.7304950359675267], [0.24624372640028894, -0.8489362070682098, 0.11845653127916003], [0.6683916093214672, 0.2549303205484852, 0.1654851081566227]]	[[0.017128844171623074, -0.003746100918962234, -0.059294842310056974], [-0.00626449046603483, -0.06998031716933825, -0.040587575272140894], [-0.08399817354637172, -0.03311949162730531, -0.050766195107502785]]	0.3990380315329496	[[-0.3482196262629944, 0.10199116719018586, 0.5944480853358031], [0.14644660940672619, -0.9571067811865475, 0.2499999999999999], [0.5944480853358031, 0.17410981313149718, 0.3183471050141199]]
10	[[0.3802729664721569, 0.7767473726770865, -0.5020517802076895], [0.4287143634067757, 0.332951791095048, 0.839849450446521], [0.8195098935212374, -0.5346088512602871, -0.20639019011321075]]	0.6903109962339303	0.30968900376606984	[[0.26250661032622663, 0.5361972526548077, -0.3465718645561883], [0.29594623930312663, 0.229840282608694, 0.5797573108242567], [0.5657166910202076, -0.36904636870896573, -0.14247341774996078]]	0.8224849245559749	0.28283344474200994	[[0.3471931676669739, 0.5470022046299626, -0.42009230659924995], [0.4072910714359026, 0.2945258636251282, 0.7147055357472741], [0.6162815494130277, -0.4200923065992499, -0.07453277402787162]]	[[0.034424385527445214, -0.09186079958540272, -0.007162286031935607], [0.05467997059321793, 0.020678034845540934, 0.023942023858390196], [-0.05775298353266219, 0.019615414096523724, 0.09522004591648582]]	0.36930021184189105	[[0.1672498864941162, 0.5220404731721262, -0.3834861305896786], [0.4571067811865474, 0.42677669529663675, 0.7803300858899108], [0.5710268307735724, -0.3058042290765635, -0.16724988649411623]]
10	[[-0.8305561570912853, 0.32773595720904825, 0.4502950280316503], [-0.5100865793185324, -0.772219296347621, -0.37879947194723407], [0.22358030216652452, -0.5443036842615101, 0.808545204538665]]	0.683219996578355	0.31678000342164503	[[-0.5674525748060396, 0.22391575956296983, 0.3076505675110343], [-0.3485013509766725, -0.5275956650083613, -0.25880337392767194], [0.15275453328120042, -0.3718791612987349, 0.5524142518783519]]	0.7757300864739347	0.377903579719181	[[-0.6145378835582942, 0.24409348224585029, 0.19783957404821786], [-0.5663863577492302, -0.6259886112104881, -0.30428884331581446], [0.17841150595459093, -0.2741701876389972, 0.5940323349778643]]	[[0.02974951600358753, -0.01014116018054244, -0.15146782698555708], [-0.17069685146527144, -0.026954869677907, -0.010442696185905775], [0.0049735388210844274, 0.1480625564212653, -0.03318050645699941]]	0.37759309830680915	[[-0.5220404731721261, 0.2855134153867862, 0.30580422907656357], [-0.573223304703363, -0.7803300858899106, -0.2499999999999999], [0.16724988649411623, -0.3058042290765635, 0.5710268307735724]]
10	[[0.8489524140446696, -0.5135124485683378, 0.12483895166604869], [0.522794976890395, 0.7815435453534784, -0.34040431673891397], [0.0772347773085365, 0.35425224329800037, 0.9319550081910795]]	0.7693288352495832	0.23067116475041693	[[0.6531235718793075, -0.3950599339432408, 0.09604220527902023], [0.4022012506454203, 0.6012639854436213, -0.2618828565106789], [0.059418941267537335, 0.27253646572100254, 0.7169798609566588]]	0.8855915977735639	0.19117924194500777	[[0.7195915328691278, -0.4611320348804065, 0.05536127211372697], [0.5067019869213123, 0.6676589311231643, -0.2956403288947155], [0.02572911120809416, 0.270565295564453, 0.8036109358775768]]	[[-0.03223359191841539, -0.006369725076157226, -0.05519505455658582], [0.04371914802895407, -0.02446946593603839, 0.005818873855117632], [-0.0426693586322581, -0.0431575145926924, -0.021720588879436065]]	0.4355003464643076	[[0.54345250174071, -0.29722404266790153, 0.3183471050141199], [0.573223304703363, 0.7803300858899106, -0.2499999999999999], [-0.17410981313149723, 0.31834710501411984, 0.5944480853358031]]
10	[[-0.3195682178843842, -0.5708200961323295, -0.7563336379995778], [0.910087742671785, 0.03735879733279218, -0.41272826520656647], [0.2638493031197415, -0.8202248094963509, 0.507557688474819]]	0.6885424889453173	0.3114575110546825	[[-0.22003629612993333, -0.3930338897309595, -0.5207678455812959], [0.6266340794978565, 0.025723119299524443, -0.2841809469834123], [0.18167145587655428, -0.5647596318253163, 0.34947503410578384]]	0.7576330339911183	0.26991540077826814	[[-0.2914010268474903, -0.4475414611539331, -0.5505474151455799], [0.7619703156883083, 0.011740548652153862, -0.33651789330536563], [0.1919498985364397, -0.5875015059749958, 0.39555160743855633]]	[[-0.04928558836460962, -0.015069299858094498, 0.022475933721580316], [0.07245777800975564, -0.016563710317348837, -0.023821325523023854], [-0.007951049502612289, 0.03392790499851147, 0.011009135993860351]]	0.3603048444611942	[[-0.37737061573377545, -0.37737061573377556, -0.5336826428117911], [0.8535533905932738, -0.14644660940672602, -0.5], [0.11052929432788013, -0.6442119371396711, 0.37737061573377545]]
10	[[0.5319609947059123, -0.8460851799387872, 0.03402011756955908], [-0.703274286200726, -0.4190807785627857, 0.5742617690636116], [-0.47161719485230363, -0.3294103357928521, -0.8179645788128509]]	0.7114011065494553	0.2885988934505448	[[0.37843764027493504, -0.6019059332435481, 0.024201949283926924], [-0.5003101054109749, -0.29813452960317305, 0.40853045796090104], [-0.33550899428567893, -0.23434287739186266, -0.5819009064857211]]	0.787099377595961	0.2582653282182114	[[0.44721344386798345, -0.646931379751838, 0.005064518676445445], [-0.6072566044521968, -0.3819420107701845, 0.5467169438561365], [-0.3200567587853843, -0.3128944477862634, -0.6438194108791373]]	[[0.028507276029631472, 0.019021738771148114, -0.021712694688295914], [-0.05370985150436151, -0.052083790800985116, 0.09471586284901229], [0.05115284174641694, -0.05361577751003298, 8.628854623486587e-18]]	0.36569675140484986	[[0.5783595533820052, -0.5783595533820051, 0.0], [-0.5, -0.5000000000000001, 0.7071067811865475], [-0.40896196216043873, -0.40896196216043884, -0.5783595533820052]]
