10	[[0.8592155572171323, 0.2624339665249735, -0.4391776855101157], [-0.4266000482917053, 0.8413623931712975, -0.33184593135155627], [0.2824199444684594, 0.4724804086637203, 0.8348660002631537]]	0.7550581994094696	0.24494180059053047	[[0.6487577515369719, 0.19815291822823156, -0.3316047124420862], [-0.3221078643311277, 0.6352775736387621, -0.2505629914076646], [0.21324349474767743, 0.356750206621879, 0.6303724189068826]]	0.8034399237836017	0.2383834248574515	[[0.7095676664871408, 0.17504288598187032, -0.3099395117323099], [-0.34587390952483477, 0.7305595106328938, -0.39586559605417293], [0.2187473820024462, 0.38206503940030234, 0.6711889678479154]]	[[0.01923958468292311, -0.035807040081182746, 0.04291337444139602], [-0.0031263992392662598, 0.05457537358895789, -0.12924732626118024], [-0.00816007665626188, 0.0024554158742778635, 0.00042429222696671424]]	0.3329593906033378	[[0.5877496038337634, 0.32145093226800103, -0.3442957466464049], [-0.573223304703363, 0.7803300858899106, -0.2499999999999999], [0.18830159648511982, 0.34429574664640483, 0.6429018645360021]]
10	[[0.034229894132735264, 0.2773841392786001, 0.9601491309293217], [-0.1827544195208179, -0.9427759796974285, 0.2788803941677556], [0.9825625356654255, -0.18501754344446375, 0.018422055382213542]]	0.8632143041022108	0.13678569589778944	[[0.029547734243281422, 0.23944195675636745, 0.8288144638894966], [-0.15775622906826628, -0.8138177112387956, 0.2407335453792694], [0.8481620354613337, -0.1597097900111133, 0.015902181716889847]]	0.9141314283901838	0.13130764757740024	[[0.009055960559241561, 0.23409612675296324, 0.8525259870429167], [-0.16520966013619484, -0.8264631699320151, 0.2537453085851693], [0.8853567259094463, -0.15858681340261188, 0.0]]	[[-0.022234661457960495, -0.019469432698565194, -0.025176509481097672], [0.0018518984249893157, 0.03535798304075009, -0.0011880244854186], [-0.012834568301070028, 0.010543537863518679, -0.01684017980042594]]	0.293913464876239	[[-0.0551522607022386, 0.21114641086352387, 0.7208989396166445], [-0.2803300858899109, -0.9267766952966368, 0.25000000000000017], [0.7208989396166445, -0.1883015964851199, 0.11030452140447737]]
10	[[0.3802729664721569, 0.7767473726770865, -0.5020517802076895], [0.4287143634067757, 0.332951791095048, 0.839849450446521], [0.8195098935212374, -0.5346088512602871, -0.20639019011321075]]	0.7257038427205094	0.27429615727949075	[[0.27596555305157167, 0.5636885531748215, -0.3643409061413928], [0.3111196609537741, 0.24162439423835272, 0.6094819734957484], [0.5947214788758375, -0.3879676977119877, -0.14977815406497355]]	0.8367754140147553	0.2609403795397753	[[0.3466903973539283, 0.5724643582515545, -0.426101018727015], [0.4051463213752577, 0.2934029944214997, 0.716385178155005], [0.6381736384869714, -0.426101018727015, -0.07789458429309756]]	[[0.02848732839557009, -0.07749874610518798, -0.005996432486880764], [0.046408682441480664, 0.014797121580986642, 0.013619806547552609], [-0.04757209195344991, 0.021246524122264465, 0.09480765248746839]]	0.3171706122790519	[[0.1824642469940811, 0.5695293661149168, -0.41837103460863134], [0.4571067811865474, 0.42677669529663675, 0.7803300858899108], [0.622971906735386, -0.3336225785003663, -0.18246424699408112]]
10	[[0.04673222253661188, -0.9725397674033924, -0.22799671093185395], [-0.8377629715199755, -0.16246744520517667, 0.5213036857710898], [-0.5440306084466285, 0.16664552219444034, -0.8223502702654952]]	0.7197916156784817	0.28020838432151823	[[0.03363746196387421, -0.7000259704908627, -0.1641101209310189], [-0.603014762825969, -0.11694270487938929, 0.37523002224032026], [-0.3915886706323462, 0.11995004966592054, -0.591920829688037]]	0.7778208864223344	0.36769264159213716	[[-0.013330825707085433, -0.8251492833224163, -0.13636940612549786], [-0.6881130540433325, -0.158148231610374, 0.2791110645646971], [-0.28485871541345054, 0.04926273651787932, -0.5997069659606483]]	[[-0.04968012446499878, -0.06868753935973874, 0.0409711976728935], [-0.03648351692385632, -0.03177765936611138, -0.12636983039700198], [0.138299654689388, -0.08035763127371306, 0.03993425020690537]]	0.2851646031266286	[[0.11030452140447737, -0.7208989396166445, -0.18830159648511977], [-0.8535533905932738, -0.2500000000000001, 0.4571067811865474], [-0.37660319297023953, 0.11030452140447725, -0.6429018645360021]]
10	[[-0.30792515101507295, 0.09349718223056193, 0.9468053539599837], [0.3027085282091916, -0.9338174967034747, 0.1906631317268273], [0.9019698710720718, 0.34531602882779927, 0.2592434992682147]]	0.769916619494602	0.2300833805053981	[[-0.23707669132688972, 0.07198503447522499, 0.7289611774402606], [0.2330603267310071, -0.718961610286851, 0.14679471384137285], [0.6944415940217916, 0.26586454957239974, 0.19959587858253522]]	0.8412545553738497	0.2707891815689522	[[-0.2483169559368017, 0.07601559232091518, 0.7354402449722234], [0.2447088571720376, -0.8496975174802115, 0.11815343458558084], [0.6727595393784351, 0.2588268911557011, 0.17230136361588655]]	[[0.010726480068809064, -0.002639338145164003, -0.06106407209896321], [-0.009946071134458228, -0.06411929449060848, -0.04224279352145701], [-0.08602672347090937, -0.03167179113929267, -0.045788411094556364]]	0.3583755542248029	[[-0.1824642469940812, 0.10688508124093861, 0.6985510724885285], [0.4571067811865472, -0.8535533905932738, 0.25000000000000017], [0.622971906735386, 0.3649284939881621, 0.10688508124093858]]
10	[[-0.42203838922340475, -0.825029846081567, 0.3757783270710803], [0.2588054115689476, 0.28760896992378115, 0.9221175843470338], [-0.8688517462515349, 0.4864224845687207, 0.09214016247897017]]	0.7122550459660959	0.28774495403390427	[[-0.3005989723157732, -0.5876316709442273, 0.2676500096210749], [0.18433546031331513, 0.20485094009332422, 0.656782902425242], [-0.6188440404641096, 0.3464568691054367, 0.06562729566178244]]	0.8368455282252152	0.268780380420432	[[-0.27264113464560386, -0.6090066248753963, 0.32548104798650096], [0.26104513247331274, 0.23440152120783803, 0.8298872936936629], [-0.70817799296221, 0.3620825100988478, 0.02349028017775435]]	[[0.08053980411537516, 0.08141591247030061, 0.011012635373115044], [0.044464981121352505, -0.006282759150338643, 0.05821731673501001], [0.01891670557905639, -0.04497797094068488, -0.05361680276271659]]	0.3263985461252689	[[-0.3336225785003662, -0.622971906735386, 0.18246424699408112], [0.25000000000000006, 0.1464466094067262, 0.9571067811865475], [-0.622971906735386, 0.3649284939881621, 0.10688508124093858]]
10	[[0.8489524140446696, -0.5135124485683378, 0.12483895166604869], [0.522794976890395, 0.7815435453534784, -0.34040431673891397], [0.0772347773085365, 0.35425224329800037, 0.9319550081910795]]	0.7966354556525871	0.2033645443474131	[[0.676305593189839, -0.4090822234485135, 0.099451135143674], [0.4164770146279635, 0.6226052983650066, -0.27117814797141226], [0.06152796201341207, 0.28220989725565365, 0.7424284025980112]]	0.8955628491700426	0.17605065890177882	[[0.7328699269164929, -0.4648112306720436, 0.0630955677011305], [0.5083186070327923, 0.6666899917289755, -0.2963629354098041], [0.02293100194606141, 0.2832274674682587, 0.814975534372163]]	[[-0.027420315815137028, -0.004928559147898064, -0.0487055595403173], [0.040122847997043534, -0.033231372498242165, 0.008490524358679264], [-0.04623759527538529, -0.034027680864577504, -0.019648748061730555]]	0.40594151811705065	[[0.5877496038337634, -0.32145093226800103, 0.3442957466464049], [0.573223304703363, 0.7803300858899106, -0.2499999999999999], [-0.18830159648511982, 0.34429574664640483, 0.6429018645360021]]
10	[[0.08740825448676931, -0.06334395238859675, -0.994156597696443], [0.7119981850616444, -0.6940087028176986, 0.10681996481098455], [-0.6967197295301035, -0.717174639895393, -0.015561310176609944]]	0.8214158895567127	0.17858411044328712	[[0.07179852911384915, -0.05203172899931727, -0.816616026055499], [0.5848466225451756, -0.5700697759851003, 0.08774361641763163], [-0.5722966564036824, -0.5890986447971894, -0.012782307441387974]]	0.9258854185499027	0.12574478389725083	[[0.05621996780884025, -0.05621996780884026, -0.8729669093196762], [0.6843931101220069, -0.6717623817492642, 0.09018005217257845], [-0.6326936570411098, -0.6438295104120567, 0.0]]	[[-0.02471006048135856, 0.0024292740610807463, 0.047508188242642], [0.02516437253943525, -0.02918984346362432, -0.00872299565592584], [0.012388981346845141, 0.020192031220864923, 0.014407990186055358]]	0.16026644950714175	[[0.0, 0.0, -0.9098532090000002], [0.7071067811865475, -0.7071067811865476, 0.0], [-0.6433633739682413, -0.6433633739682412, 0.0]]
10	[[-0.8305561570912853, 0.32773595720904825, 0.4502950280316503], [-0.5100865793185324, -0.772219296347621, -0.37879947194723407], [0.22358030216652452, -0.5443036842615101, 0.808545204538665]]	0.7302478975605051	0.2697521024394949	[[-0.6065118875218437, 0.2393284937068872, 0.32882699750206135], [-0.3724896521211882, -0.5639115176135029, -0.27661751798649714], [0.163269045593047, -0.3974766210664047, 0.5904384356969886]]	0.7867449307097556	0.3681307963133316	[[-0.6270929699537656, 0.260923891625037, 0.19872363308922497], [-0.5746671021204752, -0.6281329233531344, -0.29347539883165474], [0.18025544114909195, -0.2719796221041948, 0.6148637608732442]]	[[0.026342876307578526, 0.0030792886795088705, -0.15554369753848327], [-0.17335907161854008, -0.020593306555389112, 0.0045431654783639735], [0.004354771813023413, 0.1562485422551916, -0.021255080047232925]]	0.3261461853413055	[[-0.5695293661149168, 0.311485953367693, 0.33362257850036636], [-0.573223304703363, -0.7803300858899106, -0.2499999999999999], [0.18246424699408112, -0.3336225785003663, 0.622971906735386]]
10	[[0.8787972042104137, -0.3840163418041313, 0.28327887866788265], [-0.395223040501579, -0.9183905790867732, -0.018907472103605397], [0.2674214316928388, -0.09534250611366366, -0.9588511794847616]]	0.7459078593173315	0.25409214068266844	[[0.6555017413666459, -0.2864408074579922, 0.21129994197697444], [-0.29479997209341985, -0.6850347508638195, -0.014103232041902461], [0.19947174764958137, -0.07111672463719244, -0.7152146306933772]]	0.838506635743484	0.25807074319415696	[[0.6864334116598128, -0.3088332509423065, 0.1382839307182347], [-0.3584822380374257, -0.84048550541326, -0.026619818188971727], [0.12678221844210194, -0.05276256087408786, -0.8040030766884391]]	[[-0.05044387554344072, 0.013166999894395506, -0.09924728881075823], [-0.027085095978135833, -0.07040891064469958, -0.010765777364963782], [-0.09745242657236625, 0.02718276317063281, 0.0]]	0.3782315977796523	[[0.5496360610232454, -0.3886513859341998, 0.3886513859341997], [-0.5, -0.8535533905932737, -0.14644660940672619], [0.3886513859341997, -0.11383335542257712, -0.6634694164458225]]
10	[[-0.5446221603179724, 0.8109226453022452, -0.2139887049042392], [-0.8354447797583356, -0.5021691245819775, 0.22328947644507607], [0.07361197229480154, 0.30038414347728, 0.9509735242804028]]	0.7605295134752853	0.23947048652471475	[[-0.41420122661448644, 0.616730604897808, -0.16274472563002743], [-0.635380411885074, -0.38191444000064123, 0.16981823688492487], [0.0559840774753216, 0.22845100649446604, 0.723243431748852]]	0.8374464949043903	0.19205018467503157	[[-0.47326259802869663, 0.6619336481238076, -0.11901607689591656], [-0.759633465915574, -0.4548111742091061, 0.20709171770997487], [0.04646202262884486, 0.19594194896185502, 0.8135601234786523]]	[[-0.017170678823153818, -0.017170678823153818, 0.060188013975268496], [-0.05999316342078556, -0.03427140097872301, 0.020098728312009477], [-0.015184065552435769, -0.05561369911805054, 0.017170678823153818]]	0.28798663552626397	[[-0.3649284939881622, 0.6229719067353859, -0.10688508124093858], [-0.8535533905932738, -0.45710678118654735, 0.25000000000000017], [0.10688508124093858, 0.1824642469940812, 0.6985510724885285]]
10	[[0.22433838825039393, -0.7661379269479729, -0.6022499185961573], [-0.9416906372873723, -0.011392912655017143, -0.3362869982418849], [0.2507808429735371, 0.642575192824231, -0.724020780340167]]	0.7208378691261795	0.2791621308738205	[[0.16171160574961557, -0.5522612307179254, -0.4341245480022691], [-0.6788062723583034, -0.008212442881383314, -0.2424084032275196], [0.1807723284667115, 0.46319253274876265, -0.5219015965034797]]	0.7581178464892926	0.39786386392020934	[[0.18980459717262918, -0.5172246431232496, -0.3915252037725425], [-0.8423113759453446, 0.032530521144148256, -0.17116320710362656], [0.15090565805534126, 0.3915252037725425, -0.44493862341757323]]	[[0.01972966138736163, 0.0635981921683187, 0.06505120756192799], [-0.128398897945912, 0.04116769155141055, 0.08378196780585981], [-0.03921577456052612, -0.09562251761880555, 0.10395445138741138]]	0.3600307900111894	[[0.1212333157847634, -0.7065995461428348, -0.41391643096379893], [-0.8535533905932738, 0.14644660940672602, -0.5], [0.41391643096379893, 0.41391643096379904, -0.5853662303580716]]
10	[[-0.3195682178843842, -0.5708200961323295, -0.7563336379995778], [0.910087742671785, 0.03735879733279218, -0.41272826520656647], [0.2638493031197415, -0.8202248094963509, 0.507557688474819]]	0.7278816461916536	0.27211835380834637	[[-0.23260784050421845, -0.4154894712520781, -0.5505213734972548], [0.6624361643147851, 0.027192782902333165, -0.30041732910838104], [0.192051065101318, -0.5970265845834393, 0.3694419258242817]]	0.783861138218853	0.24134202695566237	[[-0.290296239445344, -0.4657133500320737, -0.5748095358518486], [0.7742856247953367, 0.002920487723243527, -0.3152640802585689], [0.18545105936014838, -0.6113095673750351, 0.4258585080148867]]	[[-0.03979913243592023, -0.018269659759590905, 0.018051010503706284], [0.06090321094560451, -0.026363621676526457, 0.008257567481342862], [-0.02137015570154333, 0.03163278539211634, 0.028003760615285183]]	0.3281734226147437	[[-0.40108502160392123, -0.40108502160392134, -0.5672198772169714], [0.8535533905932738, -0.14644660940672602, -0.5], [0.11747508299543576, -0.6846949602124071, 0.40108502160392123]]
10	[[0.5319609947059123, -0.8460851799387872, 0.03402011756955908], [-0.703274286200726, -0.4190807785627857, 0.5742617690636116], [-0.47161719485230363, -0.3294103357928521, -0.8179645788128509]]	0.7498155726752306	0.25018442732476953	[[0.39887263788629895, -0.634407843727827, 0.025508813937897612], [-0.5273260116553613, -0.3142332939752366, 0.43059041723592295], [-0.35362591704166585, -0.24699699957765742, -0.6133225790906116]]	0.8140213434033328	0.23025344974908865	[[0.47048738445288185, -0.6699619069810647, 0.004680125371285372], [-0.6038307733534818, -0.3845926363056156, 0.5542823677506924], [-0.3383495109271401, -0.33173081415346195, -0.6658406253015782]]	[[0.037459780904201795, 0.018769487826357272, -0.02301297643542643], [-0.03135049411934684, -0.04345193794542203, 0.08682103103235678], [0.045556951598643515, -0.06358377008042157, 9.479774450053083e-18]]	0.3356687662598897	[[0.36492849398816213, -0.622971906735386, -0.10688508124093839], [-0.7071067811865477, -0.49999999999999983, 0.49999999999999994], [-0.3649284939881622, -0.10688508124093846, -0.622971906735386]]
