10	[[-0.30792515101507295, 0.09349718223056193, 0.9468053539599837], [0.3027085282091916, -0.9338174967034747, 0.1906631317268273], [0.9019698710720718, 0.34531602882779927, 0.2592434992682147]]	0.6735212412701562	0.326478758729844	[[-0.20739412992997217, 0.06297233823119007, 0.6376935172403578], [0.20388062366251675, -0.6289459194995143, 0.12841566914510802], [0.6074958671527444, 0.2325776803665804, 0.17460600341834684]]	0.8206008752374571	0.28931214601602606	[[-0.2229170234557333, 0.07128486009600919, 0.7217910899126184], [0.24950021313902981, -0.8471094313025234, 0.11961027136935388], [0.6608372081317693, 0.2479677040142573, 0.15163216335972413]]	[[0.02976662497486174, -0.005439009474625944, -0.05515821222645442], [0.0010973299487247509, -0.08081797619560074, -0.03684806140119516], [-0.07932005750778913, -0.035398931475357776, -0.06110327903939397]]	0.460654290575169	[[-0.35518748232733743, -0.10403200498110013, 0.6063429596735749], [0.5, -0.8535533905932737, 0.14644660940672619], [0.5023109546924748, 0.3551874823273375, 0.35518748232733743]]
10	[[0.8787972042104137, -0.3840163418041313, 0.28327887866788265], [-0.395223040501579, -0.9183905790867732, -0.018907472103605397], [0.2674214316928388, -0.09534250611366366, -0.9588511794847616]]	0.644787455802303	0.355212544197697	[[0.5666374134690096, -0.24760892001839344, 0.18265466745879327], [-0.25483485875946377, -0.5921667249221642, -0.012191300833336721], [0.17242998456823488, -0.061475651946844706, -0.6182552125130171]]	0.8175109601363216	0.29253408951257864	[[0.6465762837699165, -0.265679140392233, 0.1619352767476578], [-0.3190640015727241, -0.8542523587564961, -0.032801930601231495], [0.15406031962969174, -0.04827997934123937, -0.7445009218437368]]	[[-0.071850062409254, 0.04825842790410018, -0.06964831133846346], [0.004035165735718139, -0.10345799466711554, -0.017344864928062337], [-0.06455963175455058, 0.02966356437354491, 0.03937042652469513]]	0.46886217187146745	[[0.44819657360225257, -0.3169228364987283, 0.31692283649872827], [-0.5, -0.8535533905932737, -0.14644660940672619], [0.31692283649872827, -0.09282454969760204, -0.5410211232998546]]
10	[[-0.42203838922340475, -0.825029846081567, 0.3757783270710803], [0.2588054115689476, 0.28760896992378115, 0.9221175843470338], [-0.8688517462515349, 0.4864224845687207, 0.09214016247897017]]	0.6237828973884768	0.3762171026115233	[[-0.26326032923894116, -0.514639507820729, 0.23440409363619313], [0.1614383894882953, 0.1794055565739715, 0.5752011784968559], [-0.54197485967782, 0.3034220267791783, 0.057475457516977045]]	0.7957006600299661	0.33747992350397593	[[-0.25385279744137673, -0.5422914564457291, 0.30247595872881716], [0.26864830150916047, 0.23860807319253174, 0.8256634440964092], [-0.6334308515022532, 0.3350857138282043, 0.023916355159740783]]	[[0.08196342742167015, 0.11418533662579503, 0.00346889585340213], [0.06271666470442187, 0.009757425993640396, 0.09193387360623652], [0.057915056458281704, -0.05196097819654272, -0.0493996329400441]]	0.4698101554195187	[[-0.2585217436891911, -0.48273646322901786, 0.14139023655376887], [0.25000000000000006, 0.1464466094067262, 0.9571067811865475], [-0.48273646322901786, 0.2827804731075376, 0.08282448298605774]]
10	[[0.22433838825039393, -0.7661379269479729, -0.6022499185961573], [-0.9416906372873723, -0.011392912655017143, -0.3362869982418849], [0.2507808429735371, 0.642575192824231, -0.724020780340167]]	0.6056511952670465	0.39434880473295353	[[0.1358708129881339, -0.4640123511954568, -0.36475338304724403], [-0.5703360600448838, -0.006900131167084211, -0.2036726224379647], [0.1518857172970002, 0.3891764335829484, -0.4385040510112018]]	0.7344761884624272	0.4422793790559932	[[0.2076092001037812, -0.4797454695685224, -0.3562312631869442], [-0.8109552473414816, 0.04547939269885494, -0.20788293392287596], [0.16550480332389064, 0.3562312631869442, -0.40023521260104766]]	[[0.042837995775827635, 0.08296459485273025, 0.08610696152536836], [-0.1193058973558983, 0.05384721576119741, 0.03911185877529465], [-0.01868775436270733, -0.11572491523910623, 0.13154081051079053]]	0.4310127375634652	[[0.10403200498110024, -0.6063429596735748, -0.35518748232733743], [-0.8535533905932738, 0.14644660940672602, -0.5], [0.35518748232733743, 0.3551874823273375, -0.5023109546924748]]
10	[[0.034229894132735264, 0.2773841392786001, 0.9601491309293217], [-0.1827544195208179, -0.9427759796974285, 0.2788803941677556], [0.9825625356654255, -0.18501754344446375, 0.018422055382213542]]	0.8164972377888768	0.18350276221112322	[[0.027948614009184018, 0.2264833835274221, 0.7839591132691818], [-0.14921847873245742, -0.7697739832766526, 0.22770507151144567], [0.8022595963256549, -0.1510663131648882, 0.015041557333971068]]	0.8940455783672442	0.16201875438887398	[[0.009140778310863365, 0.2232843904696773, 0.8190461783082112], [-0.1666307516212153, -0.8252154884225192, 0.2553363867218962], [0.850170603199514, -0.15192961612303682, 0.0]]	[[-0.02146230718648747, -0.024709672761558957, -0.03937090677230109], [-0.003239970921555653, 0.017669207616813683, 0.006004603422900094], [-0.028285087281467357, 0.013484500513855519, -0.01647015715890451]]	0.3625101204111409	[[0.0, 0.0, 0.9446000000000001], [0.0, -1.0, 0.0], [0.9446000000000001, 0.0, 0.0]]
10	[[0.08740825448676931, -0.06334395238859675, -0.994156597696443], [0.7119981850616444, -0.6940087028176986, 0.10681996481098455], [-0.6967197295301035, -0.717174639895393, -0.015561310176609944]]	0.7187225953066906	0.28127740469330953	[[0.06282228751595853, -0.04552672985771569, -0.7145228100376572], [0.5117291834211587, -0.49879973605456596, 0.07677392233952017], [-0.5007482122092516, -0.515449618473758, -0.011184265236505515]]	0.8821419572893772	0.19070505482859978	[[0.049250953889288906, -0.04925095388928892, -0.8082098531966334], [0.6814827652357294, -0.6689133220833051, 0.08748586278174779], [-0.5812970834817714, -0.5918910808778788, 0.0]]	[[-0.02785553480691775, 0.006627404253232934, 0.06877739374745487], [0.05339929267896629, -0.05669912660383896, -0.00674451005419653], [0.03330862240803976, 0.0407587596777474, 0.0137272846171818]]	0.20895382560899461	[[0.0, 0.0, -0.8428374485360003], [0.7071067811865475, -0.7071067811865476, 0.0], [-0.5959760752977736, -0.5959760752977735, 0.0]]
10	[[0.3802729664721569, 0.7767473726770865, -0.5020517802076895], [0.4287143634067757, 0.332951791095048, 0.839849450446521], [0.8195098935212374, -0.5346088512602871, -0.20639019011321075]]	0.6292574010473584	0.37074259895264183	[[0.23928957857083874, 0.48877403300114736, -0.3159197984046903], [0.2697716861090204, 0.20951237873853293, 0.52848148245903], [0.5156826657297714, -0.33640657632096216, -0.12987255463230923]]	0.7952806265319918	0.3182360351519409	[[0.3435883116140192, 0.5040154163981629, -0.399838428411793], [0.40603344735599556, 0.30421086510007844, 0.7199748187897089], [0.5756988057317463, -0.41527170094760246, -0.06424287841368434]]	[[0.04116458858486315, -0.11371672080154889, -0.0005663740967198801], [0.06508521982259091, 0.03942075607305981, 0.05205882164605065], [-0.07604153583698947, 0.009892361232227085, 0.09989524128960682]]	0.4191966445879182	[[0.3980721269435529, 0.398072126943553, -0.562959000726277], [0.5, 0.5000000000000001, 0.7071067811865475], [0.562959000726277, -0.5629590007262769, 0.0]]
10	[[0.8489524140446696, -0.5135124485683378, 0.12483895166604869], [0.522794976890395, 0.7815435453534784, -0.34040431673891397], [0.0772347773085365, 0.35425224329800037, 0.9319550081910795]]	0.7273878537885619	0.2726121462114384	[[0.6175176744205708, -0.3735227178578324, 0.09080633712158118], [0.3802747162117452, 0.56848528209697, -0.24760596537308044], [0.056179638904293866, 0.2576787789523159, 0.6778927532356108]]	0.8698594614661942	0.21874359223884632	[[0.6969281880401395, -0.4371139526172953, 0.05435814138216216], [0.4963548529897662, 0.6671574912530629, -0.307198045761375], [0.022426880926609355, 0.2670961784128102, 0.7728303941269611]]	[[-0.041541101651182286, 0.009569709350545788, -0.0542342018840712], [0.04159669593465569, -0.012675556220494068, -0.011094130122095484], [-0.044756520869455654, -0.04105348716557966, -0.03783948740885389]]	0.44541435245456984	[[0.6679330655088129, -0.6679330655088128, 0.0], [0.7071067811865475, 0.7071067811865476, 0.0], [0.0, 0.0, 0.9446000000000001]]
10	[[-0.5446221603179724, 0.8109226453022452, -0.2139887049042392], [-0.8354447797583356, -0.5021691245819775, 0.22328947644507607], [0.07361197229480154, 0.30038414347728, 0.9509735242804028]]	0.6745197013972521	0.3254802986027478	[[-0.3673583769520052, 0.5469833005655401, -0.14433959733439214], [-0.5635239633764857, -0.33872296796395507, 0.15061315097688147], [0.04965272557155233, 0.20261502276276425, 0.6414503776343098]]	0.798019651028016	0.2985681810532581	[[-0.47418483148752183, 0.6122292669938415, -0.1071966132901346], [-0.734747562343379, -0.4057521309997807, 0.0971844020347271], [0.07415367732596767, 0.11041573921156929, 0.7358227835572511]]	[[-0.03956564516844935, -0.03490293942097191, 0.0635705783214835], [-0.06804621074745411, -0.00501130144382684, -0.08100498803620088], [0.015409876883786179, -0.1292967101405192, -0.023072776425878506]]	0.4160192171710629	[[-0.6309295736796248, 0.6309295736796247, 0.0], [-0.7071067811865475, -0.7071067811865476, 0.0], [0.0, 0.0, 0.8922691600000002]]
10	[[-0.3195682178843842, -0.5708200961323295, -0.7563336379995778], [0.910087742671785, 0.03735879733279218, -0.41272826520656647], [0.2638493031197415, -0.8202248094963509, 0.507557688474819]]	0.6199801471031134	0.38001985289688667	[[-0.19812595073344033, -0.35389712716953503, -0.468911840146011], [0.5642363325783939, 0.023161712665979908, -0.25588333057638], [0.1635813297612313, -0.5085230980491708, 0.31467569036393456]]	0.7262222018745665	0.3423016887483662	[[-0.25868679716600806, -0.3881563101144796, -0.5398537450436417], [0.7456565985473929, 0.09395110930655858, -0.35691773115179853], [0.22477957866639758, -0.5623411813800121, 0.28812089947180775]]	[[-0.026609262324879354, 0.026385916972992633, 0.009412534896213047], [0.08473067416523525, 0.06682032124815251, -0.05718530161761578], [0.03316635679170896, 0.03332428580457457, -0.08047876263074055]]	0.4219176301177376	[[-0.33551009580640295, -0.335510095806403, -0.47448292780251167], [0.8535533905932738, -0.14644660940672602, -0.5], [0.0982686319051473, -0.5727515597076588, 0.33551009580640295]]
10	[[0.8592155572171323, 0.2624339665249735, -0.4391776855101157], [-0.4266000482917053, 0.8413623931712975, -0.33184593135155627], [0.2824199444684594, 0.4724804086637203, 0.8348660002631537]]	0.6366211601498788	0.36337883985012126	[[0.5469948048543953, 0.16707101623186307, -0.2795898076613885], [-0.2715826176634598, 0.53562910284719, -0.21126014180804467], [0.17979451269697497, 0.30079102591158646, 0.5314933616572179]]	0.7679238856260772	0.413928556384724	[[0.5026578629520576, 0.20478414092849917, -0.29357185461356394], [-0.35682833447068774, 0.7486831994870544, -0.24990409377987924], [0.2446840049955642, 0.3286542383631661, 0.5002370382401415]]	[[-0.15715428633649758, 0.003254829634377644, 0.04368318012363141], [-0.029231967778249185, 0.10258092130329645, 0.0049283232528123215], [0.027806983861043872, -0.034174752940074916, -0.14087650465904097]]	0.45810916908820015	[[0.46720751824686524, 0.25552427653452137, -0.27368382774633837], [-0.573223304703363, 0.7803300858899106, -0.2499999999999999], [0.1496826556783494, 0.2736838277463383, 0.5110485530690427]]
10	[[0.04673222253661188, -0.9725397674033924, -0.22799671093185395], [-0.8377629715199755, -0.16246744520517667, 0.5213036857710898], [-0.5440306084466285, 0.16664552219444034, -0.8223502702654952]]	0.6142770979271751	0.3857229020728248	[[0.0287065340394769, -0.5974089059393258, -0.14005315792816025], [-0.5146186068961373, -0.09980003074827826, 0.32022491523420504], [-0.33418554334015027, 0.10236652775615945, -0.5051509374983165]]	0.7434938066278027	0.4159190868671043	[[-0.013489030092894521, -0.7688166858556938, -0.12838586832788898], [-0.6801530268499709, -0.15293432750067912, 0.27991423279775607], [-0.2681993223867548, 0.03182303880812203, -0.5536691624072844]]	[[-0.04823414811881778, -0.045739392092027605, 0.04112827418145383], [-0.05728144610276503, -0.03214078821198827, -0.10767182894529541], [0.1362840656092687, -0.09207687484570039, 0.057743170413810815]]	0.41757689186772623	[[-0.10403200498110024, -0.6063429596735748, -0.35518748232733743], [-0.8535533905932738, -0.14644660940672602, 0.5], [-0.35518748232733743, 0.3551874823273375, -0.5023109546924748]]
10	[[-0.8305561570912853, 0.32773595720904825, 0.4502950280316503], [-0.5100865793185324, -0.772219296347621, -0.37879947194723407], [0.22358030216652452, -0.5443036842615101, 0.808545204538665]]	0.6158590755074075	0.3841409244925925	[[-0.511505547063224, 0.2018391636172997, 0.27731827966915423], [-0.31414144916784714, -0.47557826193762653, -0.23328709259611774], [0.13769395819394262, -0.3352143637845693, 0.49794990217312995]]	0.7547623204961579	0.3989402858929867	[[-0.5921203418825011, 0.23359869220667784, 0.19466930419142833], [-0.5689711227736381, -0.6230942709031358, -0.2916365747521646], [0.16690235050991803, -0.2529326222311698, 0.5726105170517171]]	[[0.03475215054608881, -0.013764059366452948, -0.14519641607362246], [-0.18397699251323502, -0.04025224285989528, -0.0057330063025509415], [-0.0018476371705201354, 0.1578872895566556, -0.03764893775192637]]	0.4694992921482006	[[-0.44132422173598895, 0.24136823161450893, 0.25852174368919123], [-0.573223304703363, -0.7803300858899106, -0.2499999999999999], [0.14139023655376887, -0.25852174368919123, 0.48273646322901786]]
10	[[0.5319609947059123, -0.8460851799387872, 0.03402011756955908], [-0.703274286200726, -0.4190807785627857, 0.5742617690636116], [-0.47161719485230363, -0.3294103357928521, -0.8179645788128509]]	0.6472724717840979	0.35272752821590225	[[0.34432370793602324, -0.5476476457588719, 0.022020285589634116], [-0.4552100855713409, -0.2712594514175384, 0.3717038347129127], [-0.3052648274479331, -0.21321824227986907, -0.5294459547600325]]	0.760587213792309	0.3208458721934863	[[0.426060976756637, -0.5827746832199542, 0.027601525429986312], [-0.6023073737617819, -0.3759496276084652, 0.5650973845921868], [-0.29748326828574834, -0.31406548826607755, -0.576405387192594]]	[[0.021458245947081893, 0.06074688642065241, 0.0017262589948685916], [-0.06740594388859682, -0.05720214588748437, 0.12832122567265206], [0.06122273992350982, -0.06352019877100329, 0.04572801278747178]]	0.4055090969286787	[[0.5317710720860414, -0.5317710720860412, 0.0], [-0.5, -0.5000000000000001, 0.7071067811865475], [-0.3760189311108801, -0.3760189311108802, -0.5317710720860414]]
