10	[[-0.8305561570912853, 0.32773595720904825, 0.4502950280316503], [-0.5100865793185324, -0.772219296347621, -0.37879947194723407], [0.22358030216652452, -0.5443036842615101, 0.808545204538665]]	0.7087176438205183	0.2912823561794818	[[-0.5886298027143598, 0.23227225538845886, 0.3191320312906854], [-0.3615073586390983, -0.5472854402202246, -0.2684618692389003], [0.15845530495613874, -0.3857576246326447, 0.5730302522830215]]	0.7820384263311022	0.3703016227941124	[[-0.6233509888404755, 0.2477510892424836, 0.1983934050605847], [-0.5649478569424455, -0.6271631843334081, -0.3048716740189372], [0.17979022641629205, -0.2787436697897305, 0.6028077527471498]]	[[0.02617584123080105, -0.00855102298539792, -0.15375461004600666], [-0.16604055115956548, -0.023258021035203486, -0.008635931082269743], [0.004941838751350928, 0.14692272689636196, -0.029505666627826985]]	0.3483894521283112	[[-0.5487206400576121, 0.300105283186379, 0.3214331089917037], [-0.573223304703363, -0.7803300858899106, -0.2499999999999999], [0.17579760475076245, -0.3214331089917037, 0.600210566372758]]
10	[[0.04673222253661188, -0.9725397674033924, -0.22799671093185395], [-0.8377629715199755, -0.16246744520517667, 0.5213036857710898], [-0.5440306084466285, 0.16664552219444034, -0.8223502702654952]]	0.7012103166747085	0.29878968332529154	[[0.0327691165638105, -0.68195491827968, -0.15987364587331726], [-0.5874480385578669, -0.1139238487016527, 0.3655435225832385], [-0.3814798752295947, 0.11685355939038569, -0.5766404934303999]]	0.7727296584604103	0.37472740980259783	[[-0.013865286480446621, -0.8155969859957968, -0.1361780096722118], [-0.6864339991625529, -0.158594574729237, 0.280209978036419], [-0.282994172197362, 0.047948626878625916, -0.5914930863732881]]	[[-0.04997666084025873, -0.06408666369100643, 0.04000181089625657], [-0.03906970430914379, -0.03305116128490533, -0.12261684102362821], [0.13739441405961056, -0.08082331057064068, 0.043961357103794216]]	0.30673732199750464	[[0.10667065737548362, -0.6971496980456066, -0.1820982025593147], [-0.8535533905932738, -0.2500000000000001, 0.4571067811865474], [-0.3641964051186294, 0.1066706573754835, -0.6217221528617755]]
10	[[0.8592155572171323, 0.2624339665249735, -0.4391776855101157], [-0.4266000482917053, 0.8413623931712975, -0.33184593135155627], [0.2824199444684594, 0.4724804086637203, 0.8348660002631537]]	0.7361770967588707	0.2638229032411294	[[0.6325348144021636, 0.19319787556726964, -0.32331255348011734], [-0.3140531850285817, 0.6193917239269413, -0.24429737431363222], [0.20791109478559197, 0.34782925552550237, 0.614609228256419]]	0.8037959894632901	0.25378129706718305	[[0.7004952315572103, 0.1633239839398258, -0.29548758188506474], [-0.34417281931914895, 0.7460001594501595, -0.4002905582080044], [0.22426190337632895, 0.38071783795442526, 0.6716526038414894]]	[[0.009861212581613227, -0.047619385851891204, 0.05752168038973632], [-0.0012734113974303698, 0.06971644213383492, -0.13355412946791317], [-0.0027461153318637833, 0.0009399803705506284, 0.0005906610907082926]]	0.35190816540115377	[[0.5683868241740335, 0.31086107643088773, -0.33295329292697706], [-0.573223304703363, 0.7803300858899106, -0.2499999999999999], [0.18209820255931472, 0.33295329292697706, 0.6217221528617755]]
10	[[-0.5446221603179724, 0.8109226453022452, -0.2139887049042392], [-0.8354447797583356, -0.5021691245819775, 0.22328947644507607], [0.07361197229480154, 0.30038414347728, 0.9509735242804028]]	0.7462118843425323	0.2537881156574678	[[-0.4064035285055748, 0.6051201152070194, -0.15968091471461043], [-0.6234188233675996, -0.37472456871295723, 0.1666212609719377], [0.054930128556274146, 0.22415021773079863, 0.7096277455131382]]	0.8298635218490893	0.20061716173304164	[[-0.4691120266093245, 0.6558051598069083, -0.11406636430893324], [-0.7584235848067753, -0.45714773328995234, 0.20575136372311412], [0.04682380715970478, 0.18942920778570357, 0.8063282006153681]]	[[-0.01714996257079269, -0.017149962570792685, 0.0635150559788242], [-0.06511843756608597, -0.04041589500047848, 0.02045157240856397], [-0.0142640834191168, -0.05984863542797414, 0.01714996257079269]]	0.3127753630865342	[[-0.35159520950152484, 0.6002105663727579, -0.1029798526302919], [-0.8535533905932738, -0.45710678118654735, 0.25000000000000017], [0.1029798526302919, 0.17579760475076253, 0.6730283184932286]]
10	[[-0.30792515101507295, 0.09349718223056193, 0.9468053539599837], [0.3027085282091916, -0.9338174967034747, 0.1906631317268273], [0.9019698710720718, 0.34531602882779927, 0.2592434992682147]]	0.7542956651895184	0.2457043348104818	[[-0.23226660661349735, 0.07052451926394729, 0.7141711742702432], [0.2283317306440922, -0.7043744898415583, 0.14381637377300402], [0.6803519638812124, 0.26047038366526776, 0.19554624772657647]]	0.838213571328165	0.27344898662606537	[[-0.24456806465687703, 0.07527593773283595, 0.7333882645383951], [0.24537407838783765, -0.8493539813936613, 0.11831758284909535], [0.6709604353634862, 0.25717036392570525, 0.1692921269240411]]	[[0.013538975877231744, -0.0030946692937635985, -0.060236832557030294], [-0.008360318113881462, -0.06661548251311473, -0.041498841716260906], [-0.08508295149823976, -0.03227821783490399, -0.048009292441179685]]	0.37657470213478467	[[-0.3641964051186294, 0.1066706573754835, 0.6217221528617755], [0.14644660940672619, -0.9571067811865475, 0.2499999999999999], [0.6217221528617755, 0.18209820255931466, 0.33295329292697706]]
10	[[0.034229894132735264, 0.2773841392786001, 0.9601491309293217], [-0.1827544195208179, -0.9427759796974285, 0.2788803941677556], [0.9825625356654255, -0.18501754344446375, 0.018422055382213542]]	0.8605721840566692	0.13942781594333095	[[0.02945729475383656, 0.23870907456166424, 0.8262776346239595], [-0.15727336995303903, -0.811326783924382, 0.2399967098995302], [0.8455659872898541, -0.15922095145080184, 0.015853508435084426]]	0.9112326821442479	0.13495716391383095	[[0.009069501606540934, 0.23248281032501183, 0.8475613193065046], [-0.1654131846036085, -0.8262858440100664, 0.2539698867634844], [0.8801364173891361, -0.15759627730768286, 0.0]]	[[-0.022121896633545076, -0.020278682894100536, -0.027357948528689932], [0.0011186152700614922, 0.03280244063079239, -0.0001550428114446339], [-0.01520667735972305, 0.010997755048955752, -0.016786778936544327]]	0.31456104287029024	[[-0.053335328687741726, 0.2041904190554043, 0.6971496980456066], [-0.2803300858899109, -0.9267766952966368, 0.25000000000000017], [0.6971496980456066, -0.1820982025593148, 0.10667065737548362]]
10	[[0.8787972042104137, -0.3840163418041313, 0.28327887866788265], [-0.395223040501579, -0.9183905790867732, -0.018907472103605397], [0.2674214316928388, -0.09534250611366366, -0.9588511794847616]]	0.7287858023342362	0.27121419766576377	[[0.6404549255595701, -0.27986565777118205, 0.20644962487431562], [-0.28803294067291957, -0.6693100150359579, -0.013779497227138254], [0.19489294265763565, -0.06948426481460321, -0.6987971261599308]]	0.8353168144213335	0.261613044881956	[[0.684164630280836, -0.30708105200326746, 0.13584587020339886], [-0.35813075709882264, -0.8404800380699223, -0.02698449846201059], [0.12478810922584724, -0.05184527245210335, -0.8009445127513493]]	[[-0.04990945086258085, 0.01369425531829345, -0.10078174031830432], [-0.027994305921129954, -0.07333294515259511, -0.011190769095666693], [-0.09859350920380705, 0.02779592603370869, 0.0]]	0.3909086667314221	[[0.533510975229223, -0.37724922842203173, 0.3772492284220316], [-0.5, -0.8535533905932737, -0.14644660940672619], [0.3772492284220316, -0.11049374080742023, -0.6440047160366432]]
10	[[0.3802729664721569, 0.7767473726770865, -0.5020517802076895], [0.4287143634067757, 0.332951791095048, 0.839849450446521], [0.8195098935212374, -0.5346088512602871, -0.20639019011321075]]	0.7102857184058687	0.28971428159413143	[[0.2701024571810068, 0.5517125656218156, -0.35660020938176407], [0.3045096896032964, 0.23649090213246698, 0.5965330702631813], [0.5820861734604491, -0.37972503198354923, -0.1465960044564857]]	0.8306446048046673	0.27015621012223895	[[0.34692075613683554, 0.5614710424199152, -0.4235346961235361], [0.4060777331570398, 0.2938844975016254, 0.7156532114793354], [0.628729507138574, -0.4235346961235361, -0.07644081754194774]]	[[0.031049068183672295, -0.08372997199050675, -0.006508093561440257], [0.04996846019093404, 0.017319888568473166, 0.018036796617767917], [-0.051991964498889334, 0.02053526185664228, 0.09499608036020034]]	0.33970294500989895	[[0.17579760475076242, 0.5487206400576121, -0.40308513581667066], [0.4571067811865474, 0.42677669529663675, 0.7803300858899108], [0.600210566372758, -0.3214331089917037, -0.17579760475076245]]
10	[[0.08740825448676931, -0.06334395238859675, -0.994156597696443], [0.7119981850616444, -0.6940087028176986, 0.10681996481098455], [-0.6967197295301035, -0.717174639895393, -0.015561310176609944]]	0.8039674862419107	0.1960325137580893	[[0.07027339463652116, -0.0509264781704874, -0.79926958078082], [0.5724233910528131, -0.5579604322343542, 0.08587977858953662], [-0.5601400095654615, -0.5765850924331467, -0.012510787425319761]]	0.9199847973192693	0.1356801050558269	[[0.05540899073139623, -0.05540899073139624, -0.8629346756060298], [0.6843141370740754, -0.6719207285719836, 0.09021236315323733], [-0.6255260082186974, -0.6362911546777881, 0.0]]	[[-0.025005274556645352, 0.002866482468228368, 0.05167428042934666], [0.029286631098450835, -0.03344327277243415, -0.008060380523047757], [0.015445550941391063, 0.02349861104889498, 0.01431616878885078]]	0.1671138980988415	[[0.0, 0.0, -0.8997500582640001], [0.7071067811865475, -0.7071067811865476, 0.0], [-0.6362193675714658, -0.6362193675714657, 0.0]]
10	[[0.8489524140446696, -0.5135124485683378, 0.12483895166604869], [0.522794976890395, 0.7815435453534784, -0.34040431673891397], [0.0772347773085365, 0.35425224329800037, 0.9319550081910795]]	0.7842410184701278	0.2157589815298724	[[0.6657833058230652, -0.4027175256623223, 0.09790382659932509], [0.40999726512759027, 0.6129185059867662, -0.26695902805095384], [0.060570680417760175, 0.27781914007935127, 0.7308773447921085]]	0.8917915336277302	0.18232799055864987	[[0.7270706604031275, -0.46159193618863115, 0.0623442529293608], [0.5079442027440835, 0.6665574007825428, -0.29705744255963795], [0.022689057288429088, 0.2803187425549728, 0.80896023163574]]	[[-0.030017914894732132, -0.0036458821429423546, -0.04898606723338286], [0.04172006853012436, -0.030416516125089128, 0.006512245118457837], [-0.04618826321694689, -0.035600408786814655, -0.02214935439102662]]	0.4182079367563735	[[0.5683868241740335, -0.31086107643088773, 0.33295329292697706], [0.573223304703363, 0.7803300858899106, -0.2499999999999999], [-0.18209820255931472, 0.33295329292697706, 0.6217221528617755]]
10	[[-0.42203838922340475, -0.825029846081567, 0.3757783270710803], [0.2588054115689476, 0.28760896992378115, 0.9221175843470338], [-0.8688517462515349, 0.4864224845687207, 0.09214016247897017]]	0.6978999252993034	0.30210007470069666	[[-0.2945405603124525, -0.5757882679500215, 0.26225566639200426], [0.18062027740102404, 0.20072227862521655, 0.6435457932329689], [-0.6063715688051156, 0.33947421564441177, 0.06430461251113896]]	0.8308585415941302	0.2790886305030634	[[-0.26905094010650754, -0.599567766141558, 0.32107136037626244], [0.2613709957358525, 0.23433461509844353, 0.8297539845211854], [-0.6972555265680731, 0.35701118249695774, 0.02348430597089652]]	[[0.08160326046038649, 0.0859153285454024, 0.00885272758330255], [0.04634030892300802, -0.0046277542018194045, 0.06360471321230642], [0.024637368183990465, -0.04713709363040278, -0.05307113504862683]]	0.34866121256067417	[[-0.3214331089917036, -0.600210566372758, 0.17579760475076245], [0.25000000000000006, 0.1464466094067262, 0.9571067811865475], [-0.600210566372758, 0.35159520950152473, 0.1029798526302919]]
10	[[0.22433838825039393, -0.7661379269479729, -0.6022499185961573], [-0.9416906372873723, -0.011392912655017143, -0.3362869982418849], [0.2507808429735371, 0.642575192824231, -0.724020780340167]]	0.7009950987530933	0.2990049012469067	[[0.15726011062569467, -0.5370589317593844, -0.4221742411603556], [-0.6601205212801249, -0.007986375931689119, -0.23573553754195153], [0.17579614178561864, 0.4504420607501098, -0.5075350184138471]]	0.7529321777043885	0.4050551673210943	[[0.18682299388117907, -0.511503386879974, -0.3857622417973857], [-0.8428075542384751, 0.03291765920570108, -0.17082738664610192], [0.1483838635802751, 0.38576224179738566, -0.44050414112842895]]	[[0.01791140267311731, 0.06534651087888883, 0.06769110093350976], [-0.1337783719818602, 0.041495749741439145, 0.08237391527383234], [-0.04043710264633241, -0.0980532974745801, 0.10463440171632368]]	0.3700988703961836	[[0.11855587715248012, -0.6909942901935915, -0.40477508367303566], [-0.8535533905932738, 0.14644660940672602, -0.5], [0.40477508367303566, 0.4047750836730358, -0.5724384130411115]]
10	[[-0.3195682178843842, -0.5708200961323295, -0.7563336379995778], [0.910087742671785, 0.03735879733279218, -0.41272826520656647], [0.2638493031197415, -0.8202248094963509, 0.507557688474819]]	0.7108017590831562	0.289198240916844	[[-0.2271496514192897, -0.40573992845087625, -0.5376032803438628], [0.6468919684111234, 0.026554698861379844, -0.2933679769321668], [0.18754454879037707, -0.5830172374336527, 0.36077289780408195]]	0.7726155321275281	0.2532288467776408	[[-0.2915755632061781, -0.4585423136465308, -0.5639632221266583], [0.7683587062061282, 0.007241260105368498, -0.32593622560271973], [0.1889349387902028, -0.6009837117657368, 0.412048772975534]]	[[-0.04467219449438882, -0.017517841324164306, 0.02039189406233467], [0.06521078061902609, -0.021622726975551253, -0.007055957356076871], [-0.014919130941133703, 0.03273471588748676, 0.019901819409143633]]	0.3418761303317299	[[-0.39076986577794864, -0.39076986577794875, -0.5526320439498892], [0.8535533905932738, -0.14644660940672602, -0.5], [0.11445384380300432, -0.6670858877528932, 0.39076986577794864]]
10	[[0.5319609947059123, -0.8460851799387872, 0.03402011756955908], [-0.703274286200726, -0.4190807785627857, 0.5742617690636116], [-0.47161719485230363, -0.3294103357928521, -0.8179645788128509]]	0.7332684209693349	0.26673157903066524	[[0.3900701986052811, -0.6204075438992699, 0.02494587789142172], [-0.5156888253507426, -0.3072987007553334, 0.4210880206243313], [-0.3458219957713358, -0.24154619677780303, -0.5997875951149462]]	0.8023738698523734	0.24225382306743562	[[0.460369953149598, -0.6599799015817435, 0.0048482452666524685], [-0.6053173970248984, -0.38346695467285474, 0.5509838682748911], [-0.3303697995890844, -0.32351334537927345, -0.6563134045042338]]	[[0.0335383512168972, 0.018896738470482958, -0.022448608120467367], [-0.04102848643835638, -0.04720748859668678, 0.09021123032305121], [0.04804351413347924, -0.05920309947979294, 9.105397440942246e-18]]	0.35413611780738896	[[0.5929546437136022, -0.5929546437136021, 0.0], [-0.5, -0.5000000000000001, 0.7071067811865475], [-0.41928224950594123, -0.41928224950594134, -0.5929546437136022]]
