10	[[0.8787972042104137, -0.3840163418041313, 0.28327887866788265], [-0.395223040501579, -0.9183905790867732, -0.018907472103605397], [0.2674214316928388, -0.09534250611366366, -0.9588511794847616]]	0.6522072037969996	0.3477927962030004	[[0.5731578672626948, -0.2504582245004253, 0.18475652535072926], [-0.2577673141216832, -0.5989809515796917, -0.012331589511562255], [0.1744141841997767, -0.062183069315390874, -0.6253696466292112]]	0.8196823424028815	0.29022963559716014	[[0.6489190141035757, -0.26549567229955373, 0.1631660019622296], [-0.3179469751021752, -0.8544428735496126, -0.03345901367440591], [0.15503000405343423, -0.0496483810891832, -0.7464618874332015]]	[[-0.07141553674071965, 0.04927574227144225, -0.06903269285752214], [0.006010372507748058, -0.10165433244302748, -0.017960892651605484], [-0.06417062148528407, 0.028502187652625688, 0.039491493382633656]]	0.45971335136356284	[[0.45738807150431315, -0.3234222069945373, 0.3234222069945372], [-0.5, -0.8535533905932737, -0.14644660940672619], [0.3234222069945372, -0.09472817124238071, -0.5521162427466939]]
10	[[-0.5446221603179724, 0.8109226453022452, -0.2139887049042392], [-0.8354447797583356, -0.5021691245819775, 0.22328947644507607], [0.07361197229480154, 0.30038414347728, 0.9509735242804028]]	0.6819491922279358	0.3180508077720643	[[-0.37140464229827463, 0.553008042923207, -0.14592942445534804], [-0.5697308927072428, -0.34245382887048925, 0.1522720780947183], [0.050199625044745094, 0.2048467240024115, 0.6485156267131739]]	0.8008059939357048	0.2950504263015616	[[-0.47649854281724163, 0.6145686593464127, -0.10892365423911704], [-0.7348884289212467, -0.4059783190813866, 0.09694984528581099], [0.0744615401636263, 0.1124356154256026, 0.7389339800226751]]	[[-0.040361852404397006, -0.0348230556298228, 0.06243978328273649], [-0.06585924168847664, -0.0038382741466932865, -0.08186170583417131], [0.015512631524520176, -0.12811380715424597, -0.022611318295233097]]	0.4142204028739001	[[-0.6341397253291265, 0.6341397253291265, 0.0], [-0.7071067811865475, -0.7071067811865476, 0.0], [0.0, 0.0, 0.8968090000000001]]
10	[[-0.42203838922340475, -0.825029846081567, 0.3757783270710803], [0.2588054115689476, 0.28760896992378115, 0.9221175843470338], [-0.8688517462515349, 0.4864224845687207, 0.09214016247897017]]	0.6320183850732328	0.36798161492676723	[[-0.26673602119588474, -0.5214340309576899, 0.23749881142098525], [0.16356977826801958, 0.1817741567038041, 0.5827952665066429], [-0.5491302775339534, 0.30742795316043237, 0.05823427669034401]]	0.7998711392639054	0.3307848357834497	[[-0.25536537253878366, -0.5489010099422165, 0.30463282917462126], [0.26783158412879016, 0.23747408037821477, 0.8265794324997091], [-0.6403745302871106, 0.3367256534821771, 0.02441551972262876]]	[[0.08221095466244462, 0.11101655296977096, 0.004058590589591775], [0.060820604729472066, 0.007423965942761542, 0.08900418977276703], [0.05459490583853838, -0.052349653413384975, -0.04928473701138646]]	0.45663374488388053	[[-0.2651657660014294, -0.4951428155414198, 0.145023973016282], [0.25000000000000006, 0.1464466094067262, 0.9571067811865475], [-0.4951428155414198, 0.2900479460325639, 0.0849530765237083]]
10	[[-0.3195682178843842, -0.5708200961323295, -0.7563336379995778], [0.910087742671785, 0.03735879733279218, -0.41272826520656647], [0.2638493031197415, -0.8202248094963509, 0.507557688474819]]	0.6298870100885017	0.37011298991149844	[[-0.20129186928250564, -0.35955216365122417, -0.47640473386891324], [0.5732524471497242, 0.02353182115245475, -0.2599721729499783], [0.16619524865602875, -0.5166489528540674, 0.31970399484083484]]	0.7313081795305266	0.3306527403669979	[[-0.25666579006284657, -0.38032588468727785, -0.55044635151471], [0.7536151888039255, 0.07988931004585428, -0.341989630802205], [0.21646831434087302, -0.5725527750283711, 0.293964001493231]]	[[-0.022962938406002897, 0.037119520654696245, 0.0026666244084614524], [0.08806057849757595, 0.05256851597896012, -0.0401580745331985], [0.023513160805976777, 0.027284337210178103, -0.07721708767201105]]	0.41272780883406984	[[-0.341522921852732, -0.34152292185273203, -0.48298634794542034], [0.8535533905932738, -0.14644660940672602, -0.5], [0.10002974788002197, -0.5830160958254421, 0.341522921852732]]
10	[[0.034229894132735264, 0.2773841392786001, 0.9601491309293217], [-0.1827544195208179, -0.9427759796974285, 0.2788803941677556], [0.9825625356654255, -0.18501754344446375, 0.018422055382213542]]	0.8212852149858118	0.1787147850141884	[[0.028112505961745065, 0.22781149246107943, 0.7885562854137281], [-0.15009350272576213, -0.7742879731692618, 0.22904034447939306], [0.8069640833409834, -0.1519521729439332, 0.01512976171506178]]	0.896067098009358	0.15874059760328332	[[0.009133168545258375, 0.22433510107319837, 0.8223216866673453], [-0.16648657490528962, -0.8253430636584276, 0.25517256957306894], [0.8536112098133781, -0.1525785922127445, 0.0]]	[[-0.021539113355429268, -0.024219699644000416, -0.03803635874069922], [-0.002726352556885558, 0.019447472541976797, 0.005277024079462249], [-0.026830750133055994, 0.01320954102235643, -0.016507397705707763]]	0.36141869604550486	[[0.0, 0.0, 0.9470000000000001], [0.0, -1.0, 0.0], [0.9470000000000001, 0.0, 0.0]]
10	[[-0.30792515101507295, 0.09349718223056193, 0.9468053539599837], [0.3027085282091916, -0.9338174967034747, 0.1906631317268273], [0.9019698710720718, 0.34531602882779927, 0.2592434992682147]]	0.682539842416879	0.31746015758312107	[[-0.21017118405002155, 0.06381555202606998, 0.6462323770913049], [0.20661063114214695, -0.637367647046114, 0.13013518388353743], [0.6156303736663048, 0.23569194790014858, 0.17694401713812757]]	0.8226437115252194	0.28759701236980334	[[-0.22564264410433688, 0.07162820552222682, 0.7228594005540891], [0.24894213865618137, -0.8474795006418779, 0.119274919434114], [0.6617146086938338, 0.24891416547548922, 0.15401443858211009]]	[[0.027670044998666404, -0.005286663485072436, -0.056024069919501], [-7.912850016463663e-05, -0.07928040926654212, -0.03757290690066503], [-0.0802852337288191, -0.03515789412856124, -0.05925059584467956]]	0.4546925016344877	[[-0.36063666510320164, -0.10562803366422582, 0.6156452965421776], [0.5, -0.8535533905932737, 0.14644660940672619], [0.5100172628779518, 0.3606366651032017, 0.36063666510320164]]
10	[[0.8592155572171323, 0.2624339665249735, -0.4391776855101157], [-0.4266000482917053, 0.8413623931712975, -0.33184593135155627], [0.2824199444684594, 0.4724804086637203, 0.8348660002631537]]	0.6468992852977417	0.35310071470225846	[[0.5558259298804636, 0.16976834538285682, -0.2841037308752103], [-0.27596726634788615, 0.5442767308189098, -0.2146708958202852], [0.1826972602304743, 0.3056472386817456, 0.5400742188896184]]	0.7702627679366478	0.40988807507766617	[[0.5069696591809283, 0.20656862366100698, -0.29364985659848375], [-0.35643385927284466, 0.7487600109692583, -0.25011312965563953], [0.24499679624344817, 0.3298744874516809, 0.5045477584337372]]	[[-0.1548520941753692, 0.004425510204887289, 0.04463236305854851], [-0.027839725273768164, 0.10068988516733246, 0.005495435955724957], [0.027459228096658274, -0.03405957992147485, -0.13851843778515782]]	0.446307738967279	[[0.4780002927978518, 0.2614270409405596, -0.2800060887026711], [-0.573223304703363, 0.7803300858899106, -0.2499999999999999], [0.15314041501191342, 0.2800060887026711, 0.5228540818811191]]
10	[[0.8489524140446696, -0.5135124485683378, 0.12483895166604869], [0.522794976890395, 0.7815435453534784, -0.34040431673891397], [0.0772347773085365, 0.35425224329800037, 0.9319550081910795]]	0.7329613202964029	0.26703867970359724	[[0.6222492822669995, -0.3763847622912874, 0.09150212283756587], [0.3831884965059113, 0.5728411888714172, -0.2495031974315494], [0.05661010434886358, 0.25965319196566494, 0.6830869732605787]]	0.8719116713264398	0.21450044568377422	[[0.6979994199219408, -0.44749945528510704, 0.05238600102019814], [0.5024874385717296, 0.6660066827761238, -0.30384375761213195], [0.02741686028348513, 0.2632885726268649, 0.7785860931245183]]	[[-0.042212098284362794, 0.00023804199304484387, -0.05646253797358701], [0.046656396510157794, -0.015430256067418699, -0.00704126087757077], [-0.03992504348412632, -0.04558809289823515, -0.03399635566841176]]	0.4445535781972615	[[0.6696301217836605, -0.6696301217836604, 0.0], [0.7071067811865475, 0.7071067811865476, 0.0], [0.0, 0.0, 0.9470000000000001]]
10	[[0.22433838825039393, -0.7661379269479729, -0.6022499185961573], [-0.9416906372873723, -0.011392912655017143, -0.3362869982418849], [0.2507808429735371, 0.642575192824231, -0.724020780340167]]	0.6152691106756194	0.3847308893243806	[[0.13802848062922174, -0.47138100096814195, -0.3705457718191219], [-0.5793931609353588, -0.00700970723725744, -0.2069070023400581], [0.15429770623081035, 0.3953566674311793, -0.44546762163056264]]	0.7380912922415374	0.43784115810871876	[[0.20708816577113326, -0.48230888029459035, -0.3606813083681668], [-0.8130962084575553, 0.044477271270523575, -0.20532688052004266], [0.16513750742196326, 0.3606813083681668, -0.4029500997419982]]	[[0.04150595488801623, 0.08317085224169157, 0.08383411230083157], [-0.11804254909036192, 0.052886280894460264, 0.04288362457633771], [-0.019961649037796764, -0.1135978460658249, 0.13144333362900196]]	0.42384387111794203	[[0.10562803366422593, -0.6156452965421775, -0.36063666510320164], [-0.8535533905932738, 0.14644660940672602, -0.5], [0.36063666510320164, 0.3606366651032017, -0.5100172628779518]]
10	[[0.5319609947059123, -0.8460851799387872, 0.03402011756955908], [-0.703274286200726, -0.4190807785627857, 0.5742617690636116], [-0.47161719485230363, -0.3294103357928521, -0.8179645788128509]]	0.655548627211791	0.34445137278820903	[[0.3487262998096797, -0.5546499782131131, 0.02230184137030819], [-0.4610304928722381, -0.27472782907768273, 0.37645651436986516], [-0.30916800465490335, -0.2159444934183793, -0.5362155567486352]]	0.7674084405208395	0.31231562769916854	[[0.43098846980224126, -0.5906777042736688, 0.02536889003000408], [-0.6016722506418911, -0.3761001641007133, 0.5655104092378582], [-0.30285729873667566, -0.31660535516103977, -0.5836399308130202]]	[[0.02275711243706248, 0.05861520421094969, -0.000738435340386874], [-0.061973627410185486, -0.054494037371586604, 0.12481708059001358], [0.059065717287743555, -0.06381308307880104, 0.04407299101503494]]	0.3994454742848415	[[0.5385609956472563, -0.5385609956472562, 0.0], [-0.5, -0.5000000000000001, 0.7071067811865475], [-0.3808201321047535, -0.38082013210475363, -0.5385609956472563]]
10	[[0.3802729664721569, 0.7767473726770865, -0.5020517802076895], [0.4287143634067757, 0.332951791095048, 0.839849450446521], [0.8195098935212374, -0.5346088512602871, -0.20639019011321075]]	0.6376011599208984	0.3623988400791018	[[0.24246248450920815, 0.49525502578442054, -0.3201087974007748], [0.27334877538290964, 0.2122904481999433, 0.5354889837636309], [0.5225204586757929, -0.34086722366753813, -0.1315946246124779]]	0.7993613196152265	0.3130478250296718	[[0.34433072279580407, 0.5102243013924489, -0.4031941333903763], [0.406447896791319, 0.3025244339319625, 0.7188618266925432], [0.5817173805261385, -0.41582380192949364, -0.06590199619288403]]	[[0.04035522250262393, -0.1106775034383672, -0.0018733598483839861], [0.06375021752047703, 0.03637565083397166, 0.04751866170548937], [-0.07336712939673173, 0.011521834891909897, 0.0990783385316496]]	0.41564749887072305	[[0.4021331912405, 0.4021331912405001, -0.5687022129326889], [0.5, 0.5000000000000001, 0.7071067811865475], [0.5687022129326889, -0.5687022129326887, 0.0]]
10	[[-0.8305561570912853, 0.32773595720904825, 0.4502950280316503], [-0.5100865793185324, -0.772219296347621, -0.37879947194723407], [0.22358030216652452, -0.5443036842615101, 0.808545204538665]]	0.6255746481717605	0.37442535182823944	[[-0.5195748757592703, 0.20502330612428554, 0.2816931537343927], [-0.3190972323943277, -0.4830808146241074, -0.2369673463910396], [0.13986616886595946, -0.3405025857804872, 0.5058053818602395]]	0.7578886419819555	0.39925242247848103	[[-0.5903734780303328, 0.23404019791657943, 0.19603267546870407], [-0.5705946204959998, -0.622560601979974, -0.3026472587937303], [0.1744348244929301, -0.26160018448822836, 0.5700116350212568]]	[[0.03909559995733322, -0.014347161621242398, -0.14524081181743], [-0.18400579560305624, -0.037304368158814105, -0.015559441416159168], [0.004985852910027578, 0.15092139560250262, -0.04277559202757426]]	0.4563242405465416	[[-0.45266627727956565, 0.2475714077707099, 0.26516576600142955], [-0.573223304703363, -0.7803300858899106, -0.2499999999999999], [0.145023973016282, -0.2651657660014295, 0.4951428155414198]]
10	[[0.04673222253661188, -0.9725397674033924, -0.22799671093185395], [-0.8377629715199755, -0.16246744520517667, 0.5213036857710898], [-0.5440306084466285, 0.16664552219444034, -0.8223502702654952]]	0.62326151584706	0.3767384841529401	[[0.029126395857070844, -0.6061466096533854, -0.1421015756635312], [-0.5221454195500772, -0.10125970617437752, 0.32490852541034887], [-0.3390733416876441, 0.1038637407720318, -0.5125392760029119]]	0.7469800697788193	0.4110879750253116	[[-0.014254010905286378, -0.7728697693524264, -0.13042960292470498], [-0.6802433865156211, -0.15496673594115765, 0.28124830531828277], [-0.27066344705140344, 0.035259227886129556, -0.5563773552398422]]	[[-0.04916204975660414, -0.0464019460347638, 0.03987939611651256], [-0.05445114359151901, -0.033606792385008195, -0.10815515825496147], [0.13571657480787258, -0.08922165591100126, 0.05790190702570821]]	0.4117487708226088	[[0.08970757816653464, -0.586286918726498, -0.1531404150119134], [-0.8535533905932738, -0.2500000000000001, 0.4571067811865474], [-0.3062808300238268, 0.08970757816653455, -0.5228540818811191]]
10	[[0.08740825448676931, -0.06334395238859675, -0.994156597696443], [0.7119981850616444, -0.6940087028176986, 0.10681996481098455], [-0.6967197295301035, -0.717174639895393, -0.015561310176609944]]	0.7277427874830128	0.2722572125169874	[[0.06361072676922605, -0.04609810448146866, -0.7234902936022375], [0.518151543879607, -0.5050598279260214, 0.07773745895038323], [-0.5070327580626484, -0.5219186715495991, -0.011324631244813893]]	0.8861543385448493	0.18437054603749434	[[0.04975782075316302, -0.04975782075316303, -0.814561153237523], [0.6814804903965349, -0.6689715425652569, 0.08749362956857763], [-0.5859685036006238, -0.5965920793354764, 0.0]]	[[-0.027699383184919883, 0.00637469747657034, 0.06641502900416621], [0.05054020966810034, -0.053972719575470444, -0.0071653456918844656], [0.03143270747227142, 0.03893533930216597, 0.013789722526445017]]	0.20397115832275384	[[0.0, 0.0, -0.8492781230000002], [0.7071067811865475, -0.7071067811865476, 0.0], [-0.6005303198866829, -0.6005303198866828, 0.0]]
