10	[[0.8592155572171323, 0.2624339665249735, -0.4391776855101157], [-0.4266000482917053, 0.8413623931712975, -0.33184593135155627], [0.2824199444684594, 0.4724804086637203, 0.8348660002631537]]	0.8966401471967688	0.10335985280323134	[[0.7704071636969231, 0.23530883037438413, -0.39378434458132644], [-0.3825067300944232, 0.7543993000589377, -0.2975463847337082], [0.25322906057950273, 0.42364490317182757, 0.7485743733655317]]	0.8966401471967688	0.10335985280323128	[[0.7704071636969231, 0.23530883037438416, -0.3937843445813265], [-0.3825067300944233, 0.7543993000589377, -0.2975463847337082], [0.2532290605795028, 0.4236449031718277, 0.7485743733655318]]	[[0.0, 0.0, 0.0], [0.0, 0.0, 0.0], [0.0, 0.0, 0.0]]	0.21249205432545265	[[0.7325235443052591, 0.4006304295047817, -0.429102357496412], [-0.573223304703363, 0.7803300858899106, -0.2499999999999999], [0.23468387210454295, 0.42910235749641196, 0.8012608590095635]]
10	[[0.034229894132735264, 0.2773841392786001, 0.9601491309293217], [-0.1827544195208179, -0.9427759796974285, 0.2788803941677556], [0.9825625356654255, -0.18501754344446375, 0.018422055382213542]]	0.9160035111491553	0.08399648885084479	[[0.03135470321184938, 0.2540848455162841, 0.8794999751580689], [-0.16740368995909494, -0.8635861076299295, 0.25545542024832457], [0.9000307325931468, -0.1694767194193202, 0.016874667412691807]]	0.9327661782109201	0.12266142607338223	[[0.011734705019782063, 0.24345834292148474, 0.8860128052203998], [-0.1633465893365437, -0.8279781179006303, 0.2519509714527005], [0.9201743744896771, -0.16584569304928906, 0.0]]	[[-0.0201937825109738, -0.01527620056974073, -0.009581830149079849], [0.007120552111044785, 0.051411429590796184, -0.00817922799311186], [0.0036732732438072273, 0.006732413851376242, -0.017183470193657235]]	0.16798026741208594	[[-0.06873731470430415, 0.26315580009617345, 0.8984701017054979], [-0.2803300858899109, -0.9267766952966368, 0.25000000000000017], [0.8984701017054979, -0.23468387210454306, 0.13747462940860852]]
10	[[-0.8305561570912853, 0.32773595720904825, 0.4502950280316503], [-0.5100865793185324, -0.772219296347621, -0.37879947194723407], [0.22358030216652452, -0.5443036842615101, 0.808545204538665]]	0.8933616625100442	0.10663833748995585	[[-0.741987029307024, 0.29278673959659607, 0.40227631486236215], [-0.4556917945240656, -0.6898711144074472, -0.3384049260167079], [0.19973807044798436, -0.486260044282205, 0.7223232881411855]]	0.8933616625100443	0.1066383374899557	[[-0.7419870293070242, 0.29278673959659607, 0.40227631486236215], [-0.45569179452406583, -0.6898711144074473, -0.33840492601670785], [0.19973807044798444, -0.486260044282205, 0.7223232881411854]]	[[0.0, 0.0, 0.0], [0.0, 0.0, 0.0], [0.0, 0.0, 0.0]]	0.18153861214677122	[[-0.7273958794951225, 0.39782601649824834, 0.4260986409939372], [-0.573223304703363, -0.7803300858899106, -0.2499999999999999], [0.2330410849998112, -0.42609864099393713, 0.7956520329964967]]
10	[[0.8787972042104137, -0.3840163418041313, 0.28327887866788265], [-0.395223040501579, -0.9183905790867732, -0.018907472103605397], [0.2674214316928388, -0.09534250611366366, -0.9588511794847616]]	0.8710721861260569	0.12892781387394325	[[0.7654958018330318, -0.33450595436345565, 0.24675635212457053], [-0.34426779789709755, -0.7999844894426908, -0.016469773059404984], [0.2329433711216411, -0.08305020523116596, -0.8352285930833394]]	0.8724092097482955	0.1177966206041254	[[0.7778029980978493, -0.34289106411187, 0.23926343184893417], [-0.35312292080143676, -0.8154269659961884, -0.014056218724790383], [0.22542924906481068, -0.08087212140776218, -0.8499483824104338]]	[[0.011132223643630777, -0.007871670828096538, -0.007871670828096537], [-0.008326700363135597, -0.014214566654817266, 0.002438834071453928], [-0.007871670828096537, 0.00230555900628115, -0.013437782649911929]]	0.3139601859244106	[[0.6684654880170745, -0.4726764795660482, 0.4726764795660481], [-0.5, -0.8535533905932737, -0.14644660940672619], [0.4726764795660481, -0.13844373555751094, -0.8069092235745855]]
10	[[-0.42203838922340475, -0.825029846081567, 0.3757783270710803], [0.2588054115689476, 0.28760896992378115, 0.9221175843470338], [-0.8688517462515349, 0.4864224845687207, 0.09214016247897017]]	0.8592192879202215	0.14078071207977852	[[-0.36262352426353117, -0.708881556863134, 0.3228759866018658], [0.22237060143817103, 0.24711917433737968, 0.7923012142013733], [-0.7465341787224848, 0.4179435808195211, 0.0791686047940343]]	0.8763902065921084	0.2016432989186831	[[-0.29649639090322455, -0.6762302749568055, 0.3501145029490992], [0.25535022463814805, 0.23211838731310958, 0.8297915110118959], [-0.7856256314240588, 0.3971209659316958, 0.022188251278319273]]	[[0.07337392021807579, 0.04681780229527446, 0.020786057254438224], [0.028535696526082458, -0.019939297256136454, 0.021656690763782856], [-0.024172470028761828, -0.029174935810532064, -0.05856248475205583]]	0.18109068961998986	[[-0.426098640993937, -0.7956520329964967, 0.2330410849998112], [0.25000000000000006, 0.1464466094067262, 0.9571067811865475], [-0.7956520329964967, 0.46608216999962215, 0.13651230700274827]]
10	[[-0.5446221603179724, 0.8109226453022452, -0.2139887049042392], [-0.8354447797583356, -0.5021691245819775, 0.22328947644507607], [0.07361197229480154, 0.30038414347728, 0.9509735242804028]]	0.8873906686727604	0.11260933132723958	[[-0.48329262301856896, 0.7196051884566431, -0.1898915799333909], [-0.7413659017489165, -0.44562019524961577, 0.19814499781018663], [0.06532257731700467, 0.2665580859389979, 0.8438850316012783]]	0.8873906686727603	0.11260933132723983	[[-0.4832926230185688, 0.7196051884566431, -0.18989157993339084], [-0.7413659017489163, -0.44562019524961555, 0.19814499781018663], [0.06532257731700465, 0.2665580859389979, 0.8438850316012783]]	[[0.0, 0.0, 0.0], [0.0, 0.0, 0.0], [0.0, 0.0, 0.0]]	0.12384587030646176	[[-0.46608216999962226, 0.7956520329964966, -0.13651230700274827], [-0.8535533905932738, -0.45710678118654735, 0.25000000000000017], [0.13651230700274827, 0.2330410849998113, 0.8921808109935596]]
10	[[0.08740825448676931, -0.06334395238859675, -0.994156597696443], [0.7119981850616444, -0.6940087028176986, 0.10681996481098455], [-0.6967197295301035, -0.717174639895393, -0.015561310176609944]]	0.9397138688620066	0.060286131137993665	[[0.08213874899423684, -0.059525190568099, -0.9342227426760138], [0.6690745691070045, -0.6521696031487223, 0.10038020240423369], [-0.6547171925492243, -0.6739389555058161, -0.014623178990623851]]	0.9620790254162068	0.061022435201424204	[[0.06470523621339651, -0.05901312934273576, -0.9382399007106724], [0.6814124743658253, -0.6727637992070618, 0.0905202114548391], [-0.6792429347599814, -0.6949522439075415, -0.0034948881096598045]]	[[-0.019388412076566306, 0.001928758637295999, 0.018217309912213542], [-0.0035860456163895006, -0.005072582769844581, -0.012249036185506431], [-0.008943496385416243, -0.004973565303762669, 0.011476322019252392]]	0.11912551331099898	[[0.0, 0.0, -0.9791466570000004], [0.7071067811865475, -0.7071067811865476, 0.0], [-0.6923612409408388, -0.6923612409408387, 0.0]]
10	[[-0.30792515101507295, 0.09349718223056193, 0.9468053539599837], [0.3027085282091916, -0.9338174967034747, 0.1906631317268273], [0.9019698710720718, 0.34531602882779927, 0.2592434992682147]]	0.8895658030849346	0.11043419691506579	[[-0.2739196842527731, 0.08317189599710831, 0.8422456650605287], [0.2692791549970681, -0.8306921113897894, 0.1696074018932638], [0.8023615527186424, 0.3071813305023016, 0.23061415162107804]]	0.8896080452226406	0.10869853761712003	[[-0.28136599821062797, 0.0831758455179552, 0.8422856601426714], [0.2692919420524015, -0.8362526157882741, 0.17513651386272594], [0.802399653854143, 0.3124520588514803, 0.23588124408261027]]	[[-0.007433306541222548, 0.0, 0.0], [0.0, -0.005521057951196317, 0.005521057951196316], [0.0, 0.005256141461936785, 0.0052561414619367855]]	0.22865944247328773	[[-0.2330410849998113, 0.1365123070027483, 0.8921808109935596], [0.4571067811865472, -0.8535533905932738, 0.25000000000000017], [0.7956520329964967, 0.46608216999962215, 0.13651230700274827]]
10	[[0.8489524140446696, -0.5135124485683378, 0.12483895166604869], [0.522794976890395, 0.7815435453534784, -0.34040431673891397], [0.0772347773085365, 0.35425224329800037, 0.9319550081910795]]	0.8942884347410729	0.10571156525892726	[[0.7592083255256626, -0.4592282438502344, 0.11164203068014714], [0.4675295015738067, 0.698925353856151, -0.30441964359554785], [0.06907016810682645, 0.3168036841624825, 0.8334365855243042]]	0.9191932688758392	0.13747395684550665	[[0.7745798387977083, -0.4841862480264447, 0.06108396619556363], [0.505356654404747, 0.670774192412921, -0.2894647553552142], [0.024200320744727527, 0.29803429195259423, 0.85801473676562]]	[[-0.005771505788046284, -0.01216906181847808, -0.05366715786938456], [0.024807030644995884, -0.04761537380935562, 0.02343260128747463], [-0.04679336668040364, -0.027591985571093866, 0.0013679663412522107]]	0.34195205480960544	[[0.8921808109935596, -0.2330410849998113, 0.13651230700274827], [0.2803300858899109, 0.9267766952966368, -0.25000000000000017], [-0.06825615350137404, 0.2613137094955003, 0.8921808109935596]]
10	[[0.04673222253661188, -0.9725397674033924, -0.22799671093185395], [-0.8377629715199755, -0.16246744520517667, 0.5213036857710898], [-0.5440306084466285, 0.16664552219444034, -0.8223502702654952]]	0.8820485330637248	0.11795146693627523	[[0.04122008833522606, -0.8578272751842984, -0.20110416442079587], [-0.7389476000843015, -0.1433041717138371, 0.4598151513151026], [-0.4798614001221143, 0.14698943839324452, -0.7253528495522377]]	0.8824629296705463	0.11367721421581863	[[0.04771431893489768, -0.8647051572891326, -0.19204180369238813], [-0.7509051522790093, -0.1453635249913115, 0.4668323844843355], [-0.48198328858959266, 0.13600520991106851, -0.7321684936390774]]	[[0.006474864925223117, -0.006474864925223119, 0.009156841791784392], [-0.01161038606198917, -0.001992027319462238, 0.006801206690725705], [-0.0018964440293309252, -0.011053285821115314, -0.006474864925223117]]	0.14573078649341092	[[0.13747462940860852, -0.8984701017054979, -0.2346838721045429], [-0.8535533905932738, -0.2500000000000001, 0.4571067811865474], [-0.4693677442090858, 0.13747462940860836, -0.8012608590095635]]
10	[[0.3802729664721569, 0.7767473726770865, -0.5020517802076895], [0.4287143634067757, 0.332951791095048, 0.839849450446521], [0.8195098935212374, -0.5346088512602871, -0.20639019011321075]]	0.8788566500404199	0.12114334995958018	[[0.33420542541465276, 0.6826495938786818, -0.44123154570015916], [0.3767784692478901, 0.29261689574675165, 0.7381072745577172], [0.7202317196950558, -0.46984454410057325, -0.1813873910841018]]	0.8794476269903212	0.20548308207142693	[[0.34313459536401514, 0.6497929656576418, -0.44152824672991875], [0.40400872766082213, 0.3019974942939031, 0.7210827302784039], [0.6978063929727188, -0.45361470135740734, -0.08911120237638953]]	[[0.008704437391506796, -0.0333156680141883, -1.2706927439323508e-18], [0.026976898106066984, 0.009183831713185974, -0.017520875945914487], [-0.022909638179624277, 0.01654578425147375, 0.0923981605527549]]	0.17494874530773075	[[0.23304108499981113, 0.7273958794951226, -0.5343383235009963], [0.4571067811865474, 0.42677669529663675, 0.7803300858899108], [0.7956520329964967, -0.42609864099393713, -0.2330410849998112]]
10	[[0.5319609947059123, -0.8460851799387872, 0.03402011756955908], [-0.703274286200726, -0.4190807785627857, 0.5742617690636116], [-0.47161719485230363, -0.3294103357928521, -0.8179645788128509]]	0.8905194547538154	0.10948054524618464	[[0.4737216149558064, -0.7534553131143725, 0.030295576548704455], [-0.6262794338898493, -0.37319958642353646, 0.511391277472489], [-0.4199842872123974, -0.29334631262052185, -0.7284133707323541]]	0.8905194547538153	0.1094805452461848	[[0.47372161495580617, -0.7534553131143724, 0.030295576548704455], [-0.6262794338898493, -0.3731995864235364, 0.5113912774724888], [-0.41998428721239733, -0.29334631262052197, -0.728413370732354]]	[[0.0, 0.0, 0.0], [0.0, 0.0, 0.0], [0.0, 0.0, 0.0]]	0.215773829229629	[[0.4660821699996222, -0.7956520329964967, -0.13651230700274802], [-0.7071067811865477, -0.49999999999999983, 0.49999999999999994], [-0.46608216999962226, -0.13651230700274813, -0.7956520329964967]]
10	[[0.22433838825039393, -0.7661379269479729, -0.6022499185961573], [-0.9416906372873723, -0.011392912655017143, -0.3362869982418849], [0.2507808429735371, 0.642575192824231, -0.724020780340167]]	0.8955513587182412	0.10444864128175899	[[0.20090654841030064, -0.6861158614438337, -0.5393457328867387], [-0.8433323297149525, -0.010202938407958887, -0.30116227819479885], [0.22458712466545702, 0.5754590870123759, -0.6483977935738778]]	0.9029930676049905	0.09375195225406757	[[0.1899019718221929, -0.7161804924167717, -0.5370121494592988], [-0.8692813552665818, -0.0064500299585089176, -0.325562846548109], [0.2441441995269211, 0.5654504543161659, -0.6718023106964333]]	[[-0.012674037565589748, -0.024363255553493363, 0.006815351998700991], [-0.018941237967558915, 0.003837691188800771, -0.021898018409995293], [0.017690836833681507, -0.014790490219054656, -0.018016565247306854]]	0.30111128802288334	[[0.14040249070534128, -0.8183256852089351, -0.47936408795713803], [-0.8535533905932738, 0.14644660940672602, -0.5], [0.47936408795713803, 0.47936408795713814, -0.6779231945035941]]
10	[[-0.3195682178843842, -0.5708200961323295, -0.7563336379995778], [0.910087742671785, 0.03735879733279218, -0.41272826520656647], [0.2638493031197415, -0.8202248094963509, 0.507557688474819]]	0.8926114834316656	0.10738851656833424	[[-0.2852502610233939, -0.5095205727812848, -0.6751120905840717], [0.8123547700392382, 0.03334689150644661, -0.36840598906021127], [0.23551491786012363, -0.7321420839519932, 0.45305182123665544]]	0.8904025966531316	0.10436444195685096	[[-0.29223034335525166, -0.5005737234748342, -0.6843110415386864], [0.8241265692227804, 0.03562900123963837, -0.37556767457822826], [0.2326809354436312, -0.7434510757219294, 0.44424471142605787]]	[[-0.00768597234318221, 0.007685972343182212, -0.010869606327752801], [0.013782079965636032, 0.0023646310866820997, -0.008073355526159067], [-0.0022511691793058136, -0.01312077550705861, -0.00768597234318221]]	0.24357736121572138	[[-0.4760085393414381, -0.4760085393414382, -0.673177732142069], [0.8535533905932738, -0.14644660940672602, -0.5], [0.1394196732704039, -0.8125974054124726, 0.4760085393414381]]
