10	[[-0.5446221603179724, 0.8109226453022452, -0.2139887049042392], [-0.8354447797583356, -0.5021691245819775, 0.22328947644507607], [0.07361197229480154, 0.30038414347728, 0.9509735242804028]]	0.9746724602418456	0.025327539758154504	[[-0.5308282208993471, 0.7903839697625648, -0.20856889747298119], [-0.8142850188832637, -0.48945041611380985, 0.21763410335283592], [0.07174756213982876, 0.29277615214064007, 0.9268877045352389]]	0.9746724602418457	0.02532753975815439	[[-0.5308282208993471, 0.790383969762565, -0.20856889747298116], [-0.814285018883264, -0.48945041611380985, 0.21763410335283592], [0.0717475621398288, 0.29277615214064, 0.9268877045352387]]	[[0.0, 0.0, 0.0], [0.0, 0.0, 0.0], [0.0, 0.0, 0.0]]	0.09829421159047287	[[-0.4999999999999999, 0.8535533905932737, -0.14644660940672638], [-0.8535533905932738, -0.45710678118654735, 0.25000000000000017], [0.14644660940672638, 0.2500000000000001, 0.9571067811865475]]
10	[[-0.30792515101507295, 0.09349718223056193, 0.9468053539599837], [0.3027085282091916, -0.9338174967034747, 0.1906631317268273], [0.9019698710720718, 0.34531602882779927, 0.2592434992682147]]	0.9669253185775712	0.033074681422428864	[[-0.29774062474329616, 0.09040479271439128, 0.9154900685087073], [0.2926965400748203, -0.9029317804933172, 0.18435700938595992], [0.8721375049337339, 0.33389481118426156, 0.2506691031190829]]	0.9669253185775712	0.03307468142242891	[[-0.2977406247432961, 0.0904047927143913, 0.9154900685087072], [0.29269654007482027, -0.9029317804933173, 0.18435700938595986], [0.8721375049337338, 0.33389481118426156, 0.25066910311908286]]	[[0.0, 0.0, 0.0], [0.0, 0.0, 0.0], [0.0, 0.0, 0.0]]	0.19882343980512557	[[-0.2500000000000001, 0.1464466094067264, 0.9571067811865475], [0.4571067811865472, -0.8535533905932738, 0.25000000000000017], [0.8535533905932738, 0.4999999999999998, 0.14644660940672638]]
10	[[0.8787972042104137, -0.3840163418041313, 0.28327887866788265], [-0.395223040501579, -0.9183905790867732, -0.018907472103605397], [0.2674214316928388, -0.09534250611366366, -0.9588511794847616]]	0.9350433118565179	0.06495668814348204	[[0.8217134482751541, -0.35907191204755956, 0.26487802088861756], [-0.36955066071259923, -0.8587349686471218, -0.01767930533458996], [0.25005062115148347, -0.08914937267722034, -0.8965673824429602]]	0.935043311856518	0.06495668814348209	[[0.821713448275154, -0.35907191204755956, 0.2648780208886177], [-0.36955066071259923, -0.8587349686471218, -0.017679305334589966], [0.2500506211514835, -0.08914937267722035, -0.89656738244296]]	[[0.0, 0.0, 0.0], [0.0, 0.0, 0.0], [0.0, 0.0, 0.0]]	0.30752089580237735	[[0.7071067811865476, -0.5, 0.4999999999999999], [-0.5, -0.8535533905932737, -0.14644660940672619], [0.4999999999999999, -0.1464466094067262, -0.8535533905932738]]
10	[[0.5319609947059123, -0.8460851799387872, 0.03402011756955908], [-0.703274286200726, -0.4190807785627857, 0.5742617690636116], [-0.47161719485230363, -0.3294103357928521, -0.8179645788128509]]	0.9676220163539778	0.03237798364602237	[[0.5147371703190026, -0.8186906478195874, 0.03291861475925614], [-0.6805036828634508, -0.4055117879681176, 0.5556683308963342], [-0.45634718103019295, -0.31874469332772054, -0.7914805350570228]]	0.9676220163539778	0.032377983646022124	[[0.5147371703190028, -0.8186906478195873, 0.03291861475925616], [-0.680503682863451, -0.40551178796811765, 0.5556683308963343], [-0.45634718103019295, -0.3187446933277205, -0.7914805350570231]]	[[0.0, 0.0, 0.0], [0.0, 0.0, 0.0], [0.0, 0.0, 0.0]]	0.2015822536632061	[[0.49999999999999983, -0.8535533905932738, -0.1464466094067261], [-0.7071067811865477, -0.49999999999999983, 0.49999999999999994], [-0.4999999999999999, -0.1464466094067262, -0.8535533905932738]]
10	[[0.3802729664721569, 0.7767473726770865, -0.5020517802076895], [0.4287143634067757, 0.332951791095048, 0.839849450446521], [0.8195098935212374, -0.5346088512602871, -0.20639019011321075]]	0.9603506619200038	0.03964933807999634	[[0.3651953950618193, 0.7459498534950638, -0.4821457594405708], [0.41171612267231006, 0.31975047296558023, 0.8065499756494682], [0.7870168686931123, -0.5134119641761095, -0.19820695568901733]]	0.9603506619200041	0.03964933807999622	[[0.3651953950618193, 0.7459498534950639, -0.482145759440571], [0.41171612267231017, 0.3197504729655803, 0.8065499756494678], [0.7870168686931122, -0.5134119641761096, -0.19820695568901733]]	[[0.0, 0.0, 0.0], [0.0, 0.0, 0.0], [0.0, 0.0, 0.0]]	0.14877568752398854	[[0.24999999999999994, 0.7803300858899107, -0.5732233047033629], [0.4571067811865474, 0.42677669529663675, 0.7803300858899108], [0.8535533905932738, -0.4571067811865474, -0.25]]
10	[[-0.3195682178843842, -0.5708200961323295, -0.7563336379995778], [0.910087742671785, 0.03735879733279218, -0.41272826520656647], [0.2638493031197415, -0.8202248094963509, 0.507557688474819]]	0.947501387259249	0.052498612740751106	[[-0.30279132976941997, -0.5408528329608401, -0.7166271712354345], [0.8623093987091548, 0.03539751229915771, -0.391060603844325], [0.24999758073334113, -0.7771641448622456, 0.48091161394398874]]	0.9475013872592493	0.05249861274075086	[[-0.30279132976942, -0.5408528329608402, -0.7166271712354346], [0.862309398709155, 0.035397512299157725, -0.3910606038443251], [0.2499975807333412, -0.7771641448622459, 0.4809116139439888]]	[[0.0, 0.0, 0.0], [0.0, 0.0, 0.0], [0.0, 0.0, 0.0]]	0.22309484430938875	[[-0.4999999999999999, -0.5, -0.7071067811865476], [0.8535533905932738, -0.14644660940672602, -0.5], [0.14644660940672638, -0.8535533905932737, 0.4999999999999999]]
10	[[-0.8305561570912853, 0.32773595720904825, 0.4502950280316503], [-0.5100865793185324, -0.772219296347621, -0.37879947194723407], [0.22358030216652452, -0.5443036842615101, 0.808545204538665]]	0.9702561043919854	0.029743895608014652	[[-0.8058521814581684, 0.31798781311082963, 0.43690149972506886], [-0.4949146173522327, -0.7492504862105628, -0.3675324999972646], [0.21693015299887505, -0.5281139722977781, 0.784495920380506]]	0.9702561043919855	0.029743895608014638	[[-0.8058521814581683, 0.3179878131108298, 0.4369014997250689], [-0.4949146173522327, -0.7492504862105629, -0.3675324999972645], [0.21693015299887505, -0.5281139722977781, 0.7844959203805062]]	[[0.0, 0.0, 0.0], [0.0, 0.0, 0.0], [0.0, 0.0, 0.0]]	0.1472183720445775	[[-0.7803300858899106, 0.4267766952966369, 0.45710678118654746], [-0.573223304703363, -0.7803300858899106, -0.2499999999999999], [0.25, -0.4571067811865474, 0.8535533905932738]]
10	[[0.08740825448676931, -0.06334395238859675, -0.994156597696443], [0.7119981850616444, -0.6940087028176986, 0.10681996481098455], [-0.6967197295301035, -0.717174639895393, -0.015561310176609944]]	0.9654448188607518	0.03455518113924823	[[0.08438784641991351, -0.06115509063973287, -0.959803336382264], [0.6873949588060233, -0.6700271063796182, 0.10312878157765286], [-0.6726444530729029, -0.6923925403053327, -0.01502358628469316]]	0.9731101536048262	0.046105622835563964	[[0.07368111951528565, -0.05825634220971407, -0.9504494475222262], [0.6774574779990516, -0.6699678798728527, 0.09329387387828787], [-0.6831914822793024, -0.7124950096676254, -0.010906964631062043]]	[[-0.011376740434664174, 0.0033843010290901115, 0.01697443196941102], [-0.015395185232642945, 0.005379035529164123, -0.01065371848699144], [-0.005206439256750411, -0.014605085677533318, 0.004235904305191205]]	0.10895917119193567	[[2.2160455219980557e-16, -2.216045521998055e-16, -1.0], [0.7071067811865477, -0.7071067811865474, 2.7817808468846267e-16], [-0.7071067811865474, -0.7071067811865477, 0.0]]
10	[[0.8489524140446696, -0.5135124485683378, 0.12483895166604869], [0.522794976890395, 0.7815435453534784, -0.34040431673891397], [0.0772347773085365, 0.35425224329800037, 0.9319550081910795]]	0.9431945331308981	0.056805466869102046	[[0.8007272758152109, -0.48434213418431765, 0.11774741673320953], [0.4930973641513148, 0.7371475993811409, -0.3210674906023024], [0.07284741972499395, 0.3341287792280308, 0.8790148688497873]]	0.9431945331308982	0.056805466869101984	[[0.8007272758152111, -0.48434213418431765, 0.11774741673320957], [0.4930973641513149, 0.7371475993811409, -0.3210674906023023], [0.07284741972499395, 0.3341287792280308, 0.8790148688497874]]	[[0.0, 0.0, 0.0], [0.0, 0.0, 0.0], [0.0, 0.0, 0.0]]	0.31495446633924645	[[0.9571067811865475, -0.2500000000000001, 0.14644660940672638], [0.2803300858899109, 0.9267766952966368, -0.25000000000000017], [-0.07322330470336308, 0.2803300858899108, 0.9571067811865475]]
10	[[0.04673222253661188, -0.9725397674033924, -0.22799671093185395], [-0.8377629715199755, -0.16246744520517667, 0.5213036857710898], [-0.5440306084466285, 0.16664552219444034, -0.8223502702654952]]	0.9717999649261956	0.02820003507380433	[[0.045414372222002564, -0.9451141118519473, -0.22156719568686364], [-0.8141380263395778, -0.15788585755203924, 0.5066029035482416], [-0.5286889262072105, 0.16194611262366465, -0.7991599638010558]]	0.9717999649261956	0.028200035073804322	[[0.04541437222200258, -0.9451141118519473, -0.22156719568686362], [-0.8141380263395778, -0.15788585755203924, 0.5066029035482416], [-0.5286889262072104, 0.16194611262366468, -0.7991599638010558]]	[[0.0, 0.0, 0.0], [0.0, 0.0, 0.0], [0.0, 0.0, 0.0]]	0.11405729713635251	[[0.14644660940672638, -0.9571067811865475, -0.24999999999999994], [-0.8535533905932738, -0.2500000000000001, 0.4571067811865474], [-0.4999999999999999, 0.1464466094067262, -0.8535533905932738]]
10	[[0.8592155572171323, 0.2624339665249735, -0.4391776855101157], [-0.4266000482917053, 0.8413623931712975, -0.33184593135155627], [0.2824199444684594, 0.4724804086637203, 0.8348660002631537]]	0.9727133182316173	0.02728668176838277	[[0.835770415736905, 0.2552730143951922, -0.42719398376582635], [-0.4149595485315929, 0.8184044052969471, -0.3227909570266338], [0.2747136413187042, 0.459587986110718, 0.8120852773947307]]	0.972713318231617	0.02728668176838315	[[0.8357704157369046, 0.2552730143951921, -0.4271939837658262], [-0.4149595485315927, 0.8184044052969472, -0.32279095702663363], [0.2747136413187042, 0.45958798611071766, 0.8120852773947301]]	[[0.0, 0.0, 0.0], [0.0, 0.0, 0.0], [0.0, 0.0, 0.0]]	0.18318242364997286	[[0.7803300858899106, 0.4267766952966369, -0.45710678118654746], [-0.573223304703363, 0.7803300858899106, -0.2499999999999999], [0.25, 0.4571067811865474, 0.8535533905932738]]
10	[[0.034229894132735264, 0.2773841392786001, 0.9601491309293217], [-0.1827544195208179, -0.9427759796974285, 0.2788803941677556], [0.9825625356654255, -0.18501754344446375, 0.018422055382213542]]	0.9635171290239454	0.03648287097605473	[[0.03298108932156668, 0.26726436951449495, 0.9251201340678562], [-0.17608701361313614, -0.9083808052708041, 0.26870603672958215], [0.9467158334508388, -0.17826757227867285, 0.017749965912590513]]	0.963517129023945	0.03648287097605483	[[0.03298108932156666, 0.267264369514495, 0.9251201340678562], [-0.1760870136131361, -0.9083808052708037, 0.268706036729582], [0.9467158334508387, -0.17826757227867274, 0.017749965912590513]]	[[0.0, 0.0, 0.0], [0.0, 0.0, 0.0], [0.0, 0.0, 0.0]]	0.14737060578479613	[[-0.07322330470336308, 0.2803300858899108, 0.9571067811865475], [-0.2803300858899109, -0.9267766952966368, 0.25000000000000017], [0.9571067811865475, -0.2500000000000001, 0.14644660940672638]]
10	[[0.22433838825039393, -0.7661379269479729, -0.6022499185961573], [-0.9416906372873723, -0.011392912655017143, -0.3362869982418849], [0.2507808429735371, 0.642575192824231, -0.724020780340167]]	0.946726659545141	0.053273340454859056	[[0.2123871329160364, -0.7253232003302937, -0.5701660536438731], [-0.8915236313640089, -0.010785974140373925, -0.31837186649400245], [0.2374209097462514, 0.6083430658090592, -0.6854497748127126]]	0.946726659545141	0.053273340454859125	[[0.21238713291603636, -0.7253232003302935, -0.5701660536438733], [-0.891523631364009, -0.01078597414037392, -0.31837186649400234], [0.23742090974625144, 0.608343065809059, -0.6854497748127125]]	[[0.0, 0.0, 0.0], [0.0, 0.0, 0.0], [0.0, 0.0, 0.0]]	0.28841899337425675	[[0.14644660940672638, -0.8535533905932737, -0.4999999999999999], [-0.8535533905932738, 0.14644660940672602, -0.5], [0.4999999999999999, 0.5, -0.7071067811865476]]
10	[[-0.42203838922340475, -0.825029846081567, 0.3757783270710803], [0.2588054115689476, 0.28760896992378115, 0.9221175843470338], [-0.8688517462515349, 0.4864224845687207, 0.09214016247897017]]	0.9709285572188127	0.029071442781187288	[[-0.40976912433963203, -0.8010450381184351, 0.3648539089372231], [0.2512815648550593, 0.27924776221128583, 0.8953102957561624], [-0.8435929724250489, 0.47228148114109825, 0.08946151501761349]]	0.9709285572188128	0.029071442781187187	[[-0.4097691243396322, -0.8010450381184351, 0.36485390893722314], [0.25128156485505937, 0.27924776221128567, 0.8953102957561626], [-0.8435929724250489, 0.47228148114109825, 0.0894615150176135]]	[[0.0, 0.0, 0.0], [0.0, 0.0, 0.0], [0.0, 0.0, 0.0]]	0.14570473954432953	[[-0.45710678118654724, -0.8535533905932738, 0.25], [0.25000000000000006, 0.1464466094067262, 0.9571067811865475], [-0.8535533905932738, 0.4999999999999998, 0.14644660940672638]]
10	[[-0.0862647130891118, -0.8979697215877016, 0.43151915181989225], [0.27922630325144876, -0.43756605256879577, -0.8547330701522506], [0.9563425489060831, 0.04675819448040952, 0.2884832757730489]]	0.959328169202416	0.040671830797584047	[[-0.08275616927454932, -0.861447649009933, 0.4139684778911566], [0.26786965829137094, -0.41976944011595096, -0.8199695113459188], [0.9174463465724447, 0.04485645310610179, 0.2767501327928747]]	0.9593281692024158	0.040671830797584296	[[-0.08275616927454928, -0.861447649009933, 0.4139684778911565], [0.26786965829137094, -0.41976944011595096, -0.8199695113459186], [0.9174463465724444, 0.04485645310610177, 0.27675013279287464]]	[[0.0, 0.0, 0.0], [0.0, 0.0, 0.0], [0.0, 0.0, 0.0]]	0.2485323271921132	[[0.14644660940672638, -0.8535533905932737, 0.4999999999999999], [0.25000000000000017, -0.45710678118654735, -0.8535533905932738], [0.9571067811865475, 0.2500000000000001, 0.14644660940672638]]
10	[[0.50607966, 0.26960331, 0.8192664], [-0.59451586, 0.79721188, 0.10490047], [-0.62484739, -0.54015486, 0.56373616]]	0.9673320844064197	0.032667915717819684	[[ 0.48954709  0.26079593  0.79250267]
 [-0.57509427  0.77116863  0.10147359]
 [-0.60443493 -0.52250913  0.54532007]]	0.9673320844919374	0.032667915717053644	[[ 0.48954709  0.26079593  0.79250267]
 [-0.57509427  0.77116863  0.10147359]
 [-0.60443493 -0.52250913  0.54532007]]	[[-4.954066775601619e-11, -2.8343019495676095e-11, -6.810800917467185e-11], [5.886857267622938e-11, -6.132988683515883e-11, -1.1111715681078435e-11], [4.0933992714694226e-11, 5.528207728127908e-11, -4.671550996757603e-11]]	0.14603963035381595	WordDict: (word: THTHTTHTHZ, matrix: [[ 0.5         0.14644661  0.85355339]
 [-0.5         0.85355339  0.14644661]
 [-0.70710678 -0.5         0.5       ]])
