11	[[-0.42203838922340475, -0.825029846081567, 0.3757783270710803], [0.2588054115689476, 0.28760896992378115, 0.9221175843470338], [-0.8688517462515349, 0.4864224845687207, 0.09214016247897017]]	0.7034392330908555	0.2965607669091446	[[-0.2968783608502118, -0.5803583622046841, 0.26433721820704537], [0.1820538802338237, 0.20231543323323556, 0.6486536863526697], [-0.6111844060528304, 0.34216865950316944, 0.0648150052310736]]	0.833188594781714	0.2750833722999845	[[-0.27044364641587715, -0.6032246310451407, 0.3227831942631724], [0.2612458199579391, 0.2343606892163134, 0.8298062413373062], [-0.7014867036312157, 0.35897638675461696, 0.02348868586435049]]	[[0.08119392604510954, 0.084180827064534, 0.009688977981395725], [0.04561210277090457, -0.005271824281098058, 0.06150838701169268], [0.022430661901739275, -0.046305279633425386, -0.053281446634461486]]	0.34003304964050496	[[-0.3261249920031055, -0.6089716979452401, 0.1783636807774749], [0.25000000000000006, 0.1464466094067262, 0.9571067811865475], [-0.6089716979452401, 0.3567273615549496, 0.10448302516465958]]
11	[[0.04673222253661188, -0.9725397674033924, -0.22799671093185395], [-0.8377629715199755, -0.16246744520517667, 0.5213036857710898], [-0.5440306084466285, 0.16664552219444034, -0.8223502702654952]]	0.7082915432679147	0.2917084567320853	[[0.03310003802079645, -0.6888416927435677, -0.16148814224593144], [-0.5933804279905974, -0.11507431749516998, 0.3692349921060572], [-0.3853322792416452, 0.11803361409378771, -0.5824637420331343]]	0.7747114519611724	0.3719922405958674	[[-0.013660789373937159, -0.8193046649598059, -0.13625691431027936], [-0.6870874722367688, -0.1584195323098632, 0.27978091523850207], [-0.28371995773577624, 0.04845392674655375, -0.5946790643962927]]	[[-0.0498647773486485, -0.06586696966474279, 0.040374748658108923], [-0.038062904171222406, -0.03255414193853849, -0.12407902007792962], [0.13774678484523145, -0.08064826771552892, 0.042405107501751624]]	0.29837429083360295	[[0.10807098175906037, -0.7063015655337768, -0.18448870581037943], [-0.8535533905932738, -0.2500000000000001, 0.4571067811865474], [-0.36897741162075887, 0.10807098175906024, -0.6298838414824577]]
11	[[0.3802729664721569, 0.7767473726770865, -0.5020517802076895], [0.4287143634067757, 0.332951791095048, 0.839849450446521], [0.8195098935212374, -0.5346088512602871, -0.20639019011321075]]	0.7162387404995746	0.2837612595004256	[[0.2723662305520546, 0.5563365598925902, -0.3595889347215247], [0.307061835680546, 0.23847297150099464, 0.6015327125970762], [0.5869647339625914, -0.3829075702865924, -0.1478246498181538]]	0.8330276929870937	0.2665397033815471	[[0.34683383327767797, 0.5657317602931133, -0.4245343203427659], [0.40571768696637567, 0.2936973140474103, 0.7159357237446117], [0.6323911782182274, -0.42453432034276595, -0.07700385970834911]]	[[0.03005592131201866, -0.08132031160186615, -0.0063112841162909685], [0.04858674986719876, 0.016339251635581798, 0.01631787358266771], [-0.050283257761867706, 0.020809657673071323, 0.09492488421682656]]	0.33096741794751483	[[0.17836368077747486, 0.5567301853629104, -0.4089688741372794], [0.4571067811865474, 0.42677669529663675, 0.7803300858899108], [0.6089716979452401, -0.32612499200310563, -0.1783636807774749]]
11	[[0.034229894132735264, 0.2773841392786001, 0.9601491309293217], [-0.1827544195208179, -0.9427759796974285, 0.2788803941677556], [0.9825625356654255, -0.18501754344446375, 0.018422055382213542]]	0.8613274715583678	0.13867252844163222	[[0.029483148165059467, 0.23891857933523075, 0.827002823262317], [-0.15741140208198326, -0.8120388508387492, 0.2402073447757139], [0.8463081044926796, -0.1593606928889604, 0.015867422383270213]]	0.9123626195965872	0.1334517821912633	[[0.00906427725856312, 0.23310946119712997, 0.8494909899809939], [-0.16533378794944484, -0.8263550760196453, 0.2538821425611728], [0.8821653434800549, -0.15798114041153094, 0.0]]	[[-0.022165798620893074, -0.019965458749638242, -0.026513186317068616], [0.0014045129874222084, 0.03379848650983962, -0.0005579044158494926], [-0.014287985477117817, 0.010821950196785389, -0.016807594706869752]]	0.306540828712377	[[-0.0540354908795301, 0.20687093898216866, 0.7063015655337768], [-0.2803300858899109, -0.9267766952966368, 0.25000000000000017], [0.7063015655337768, -0.18448870581037954, 0.10807098175906037]]
11	[[0.8787972042104137, -0.3840163418041313, 0.28327887866788265], [-0.395223040501579, -0.9183905790867732, -0.018907472103605397], [0.2674214316928388, -0.09534250611366366, -0.9588511794847616]]	0.7354480213638381	0.264551978636162	[[0.6463096650166215, -0.2824240587512278, 0.20833689081046106], [-0.29066600313428637, -0.6754285342285569, -0.013905462947588557], [0.19667456280878307, -0.07011945747316356, -0.7051852027344503]]	0.8365591442787026	0.26023564272712735	[[0.6850488746950566, -0.3077629353325082, 0.13679020919996568], [-0.3582669794122665, -0.840482193440605, -0.02684307262343284], [0.12556087420462958, -0.052200292951776556, -0.8021357222003969]]	[[-0.050116962453723456, 0.013489446956193647, -0.10018932713066867], [-0.02763953085103851, -0.07219415648615204, -0.011025853939967257], [-0.09815296985411714, 0.027559352376056882, 0.0]]	0.33954082674208885	[[0.5739606521320967, -0.33009082770996406, 0.19336273005753643], [-0.47855339059327373, -0.8749999999999999, -0.07322330470336318], [0.19336273005753643, -0.050507094364596404, -0.6601816554199281]]
11	[[-0.5446221603179724, 0.8109226453022452, -0.2139887049042392], [-0.8354447797583356, -0.5021691245819775, 0.22328947644507607], [0.07361197229480154, 0.30038414347728, 0.9509735242804028]]	0.7516996118686714	0.24830038813132857	[[-0.4093922665260972, 0.609570237729214, -0.1608552264207963], [-0.6280035166820486, -0.37748033604070297, 0.16784661277812254], [0.055334091002889704, 0.22579864406337463, 0.7148464290989615]]	0.8328000142149142	0.19729188281418808	[[-0.47071972491456077, 0.6581780084749095, -0.1159749626670759], [-0.7588929013172825, -0.45624507872207676, 0.20626937050457067], [0.04668527421214702, 0.1919404162794679, 0.8091291465987226]]	[[-0.01715838205999614, -0.017158382059996136, 0.06223483381900561], [-0.06313447685876467, -0.038038624631915006, 0.020313891347070564], [-0.01461877736135157, -0.05821950267834573, 0.01715838205999614]]	0.30319772136020984	[[-0.3567273615549497, 0.6089716979452401, -0.10448302516465958], [-0.8535533905932738, -0.45710678118654735, 0.25000000000000017], [0.10448302516465958, 0.17836368077747497, 0.6828523535580554]]
11	[[0.5319609947059123, -0.8460851799387872, 0.03402011756955908], [-0.703274286200726, -0.4190807785627857, 0.5742617690636116], [-0.47161719485230363, -0.3294103357928521, -0.8179645788128509]]	0.7397003503567285	0.2602996496432715	[[0.39349173416007716, -0.6258495040323566, 0.02516469288537994], [-0.5202122358995552, -0.30999419873066314, 0.4247816317728282], [-0.34885540426650663, -0.24366494079710038, -0.6050486855272598]]	0.80688361313022	0.23758349024188763	[[0.46427861994002, -0.6638415261508428, 0.004783480420780324], [-0.6047425845270478, -0.383906573077345, 0.5522564684460998], [-0.3334476260437173, -0.32668276315730366, -0.6600022147650516]]	[[0.03504801048736771, 0.01885074085409805, -0.022666794962860382], [-0.03728208745582961, -0.04575716027717882, 0.08889405734150081], [0.04709256015304841, -0.060886961210328085, 9.24922459605057e-18]]	0.34834115995400167	[[0.35672736155494966, -0.6089716979452401, -0.10448302516465938], [-0.7071067811865477, -0.49999999999999983, 0.49999999999999994], [-0.3567273615549497, -0.10448302516465946, -0.6089716979452401]]
11	[[0.8489524140446696, -0.5135124485683378, 0.12483895166604869], [0.522794976890395, 0.7815435453534784, -0.34040431673891397], [0.0772347773085365, 0.35425224329800037, 0.9319550081910795]]	0.7889204354335091	0.2110795645664909	[[0.6697559081504496, -0.4051204645250605, 0.09848800010744192], [0.41244364081082174, 0.6165756741105146, -0.26855192178511017], [0.060932094144860734, 0.2794768340359558, 0.735238350866546]]	0.8932620821809047	0.17988747729746588	[[0.7293227821607388, -0.46284339505594874, 0.06263568922017301], [0.5080907006234641, 0.6666090788870127, -0.29678618269956825], [0.02278294750059747, 0.2814470017242889, 0.8112972779278517]]	[[-0.029014218881308423, -0.004142196021980529, -0.04887821268232298], [0.0410977710126318, -0.03151413575048165, 0.007284086054002252], [-0.046207950494804355, -0.03499309474133931, -0.021182793187834066]]	0.3808412018355655	[[0.5887538375734582, -0.34488401315132544, 0.10101418872919271], [0.49999999999999983, 0.7071067811865477, -0.49999999999999994], [0.10101418872919282, 0.3448840131513254, 0.5887538375734582]]
11	[[-0.30792515101507295, 0.09349718223056193, 0.9468053539599837], [0.3027085282091916, -0.9338174967034747, 0.1906631317268273], [0.9019698710720718, 0.34531602882779927, 0.2592434992682147]]	0.7602537177601264	0.23974628223987363	[[-0.23410124085105755, 0.07108158039088075, 0.7198122903432702], [0.23013528396873395, -0.7099382235782713, 0.14495235473510917], [0.6857259477901646, 0.2625277947184973, 0.19709083412380485]]	0.8393957579772344	0.2724011620626936	[[-0.2460129163746998, 0.07556726953091311, 0.7341991774491681], [0.2451168686003814, -0.8494842680887115, 0.11826025273036436], [0.6716740421213303, 0.25781728713979946, 0.1704456468437867]]	[[0.012458149161851666, -0.0029138686162450073, -0.06054522029497627], [-0.008975385881946027, -0.06564182263089448, -0.04178157124378912], [-0.08543564147983979, -0.032039522619799636, -0.04716224672512697]]	0.37006946945160946	[[-0.36897741162075887, 0.10807098175906024, 0.6298838414824577], [0.14644660940672619, -0.9571067811865475, 0.2499999999999999], [0.6298838414824577, 0.1844887058103794, 0.3373241539130178]]
11	[[-0.8305561570912853, 0.32773595720904825, 0.4502950280316503], [-0.5100865793185324, -0.772219296347621, -0.37879947194723407], [0.22358030216652452, -0.5443036842615101, 0.808545204538665]]	0.7169960450830162	0.28300395491698377	[[-0.5955054798538, 0.2349853851503842, 0.3228597542192391], [-0.36573006002131203, -0.5536781814180339, -0.2715977232657018], [0.1603061924118638, -0.3902635889396174, 0.5797237139250611]]	0.7838694140171185	0.36797071905924317	[[-0.6261142007128675, 0.2488563354194201, 0.1985239612000685], [-0.5644509313355713, -0.6275411861337694, -0.3047152182421464], [0.17997276112706254, -0.27987927417572855, 0.6055799200667987]]	[[0.024933367454588143, -0.008045857310375937, -0.15444853855792323], [-0.16460966330715684, -0.022222098813048204, -0.007785898136874121], [0.0047150006820186946, 0.14678373585370016, -0.028213935621275853]]	0.3397680295670041	[[-0.5567301853629103, 0.30448584897262004, 0.3261249920031057], [-0.573223304703363, -0.7803300858899106, -0.2499999999999999], [0.1783636807774749, -0.32612499200310563, 0.6089716979452401]]
11	[[0.22433838825039393, -0.7661379269479729, -0.6022499185961573], [-0.9416906372873723, -0.011392912655017143, -0.3362869982418849], [0.2507808429735371, 0.642575192824231, -0.724020780340167]]	0.7085549656952145	0.29144503430478547	[[0.1589560789908776, -0.5428508325464236, -0.42672717041084596], [-0.6672395771986589, -0.008072504835444264, -0.23827782250302543], [0.17769201159013154, 0.4552998437081689, -0.5130085191765495]]	0.754948898698537	0.40226139656175197	[[0.18797913395729546, -0.5137234205923181, -0.3879955710897824], [-0.8426141673059714, 0.03276658921951406, -0.17095819834145942], [0.14936075466282187, 0.3879955710897824, -0.4422261726577569]]	[[0.01861511481185586, 0.06467156360823417, 0.0666723416956701], [-0.131685857771146, 0.04136765608138787, 0.08292130062788838], [-0.039965966554740676, -0.0971158630638709, 0.10437251809490755]]	0.3661589746968805	[[0.11959118564805792, -0.6970285103116973, -0.40830984797987746], [-0.8535533905932738, 0.14644660940672602, -0.5], [0.40830984797987746, 0.40830984797987757, -0.5774373246636396]]
11	[[0.08740825448676931, -0.06334395238859675, -0.994156597696443], [0.7119981850616444, -0.6940087028176986, 0.10681996481098455], [-0.6967197295301035, -0.717174639895393, -0.015561310176609944]]	0.8107187374184605	0.18928126258153963	[[0.07086350971746509, -0.05135412910357822, -0.8059813816806927], [0.5772302696374115, -0.5626458593057881, 0.08660094700264577], [-0.5648437394591768, -0.5814269185645319, -0.012615845738958242]]	0.9222829407228902	0.1318230715315058	[[0.0557232875888853, -0.05572328758888531, -0.8668264970230626], [0.684344901380599, -0.6718591057868271, 0.09019971433234754], [-0.6283068012248746, -0.6392152447540158, 0.0]]	[[-0.024891854402627075, 0.00269775909708044, 0.05006717343947622], [0.027681121472585044, -0.031786718464841705, -0.008318516941442951], [0.01426591978580591, 0.022222691140587055, 0.014351930911184857]]	0.164433981346105	[[0.0, 0.0, -0.9036701256320003], [0.7071067811865475, -0.7071067811865476, 0.0], [-0.6389912737900868, -0.6389912737900867, 0.0]]
11	[[-0.3195682178843842, -0.5708200961323295, -0.7563336379995778], [0.910087742671785, 0.03735879733279218, -0.41272826520656647], [0.2638493031197415, -0.8202248094963509, 0.507557688474819]]	0.7173910499775064	0.2826089500224938	[[-0.22925537936751875, -0.409501228112633, -0.5425869826978241], [0.6528888012869704, 0.026800866844468682, -0.2960875635319334], [0.18928312860090468, -0.5884219373021872, 0.3641173430591065]]	0.7770163872460224	0.24830548327326682	[[-0.2883480744863732, -0.4636011862447337, -0.5678913006066574], [0.7733763366891067, 0.004139514798933604, -0.31867869464653703], [0.18463220009635856, -0.604833697966643, 0.42020149787028443]]	[[-0.04003833234719928, -0.020064617380563733, 0.01979233034441552], [0.06622324680138855, -0.02488888293644898, 0.0020179308985873974], [-0.020383032191123626, 0.03249442023776876, 0.025820856452638527]]	0.33653211166056735	[[-0.3947539610269456, -0.3947539610269457, -0.5582664054848069], [0.8535533905932738, -0.14644660940672602, -0.5], [0.11562075828454241, -0.6738871637693491, 0.3947539610269456]]
11	[[0.8592155572171323, 0.2624339665249735, -0.4391776855101157], [-0.4266000482917053, 0.8413623931712975, -0.33184593135155627], [0.2824199444684594, 0.4724804086637203, 0.8348660002631537]]	0.7434470351516792	0.25655296484832085	[[0.6387812585692749, 0.19510575433608662, -0.32650534819727206], [-0.31715454109803143, 0.6255083766913225, -0.2467098737904621], [0.20996427038277807, 0.35126415898829666, 0.6206786526445827]]	0.8073575748144917	0.24890198021635498	[[0.7037412306242999, 0.1631821922121496, -0.2989789215073201], [-0.3450552901449335, 0.7467384057036389, -0.39928566057898185], [0.2274683353785136, 0.38186567703584645, 0.6752846551167286]]	[[0.010047042106593955, -0.048695858550400456, 0.05559450957876838], [-0.0006365097403973617, 0.0674581044127432, -0.13136733423093308], [-0.0005455460667852415, 0.0004050401497452771, 0.0012492658491941033]]	0.34430511047428686	[[0.5887538375734582, 0.1724420065756627, -0.31529764226860263], [-0.4571067811865474, 0.7803300858899107, -0.4267766952966369], [0.17244200657566272, 0.3953911075159218, 0.5382467432088618]]
