11	[[-0.8305561570912853, 0.32773595720904825, 0.4502950280316503], [-0.5100865793185324, -0.772219296347621, -0.37879947194723407], [0.22358030216652452, -0.5443036842615101, 0.808545204538665]]	0.8577395230843016	0.14226047691569865	[[-0.7124008420782091, 0.28111208363406603, 0.38623584259109983], [-0.4375214192763806, -0.6623630109657034, -0.32491127841260575], [0.19177366175135874, -0.4668707825514959, 0.6935211781330933]]	0.8585633411996793	0.1400099725534427	[[-0.7130850692862594, 0.28138207845267554, 0.3941898993102568], [-0.4379416378408344, -0.6711519429868035, -0.32522334027969146], [0.19954094677232515, -0.4673191897868573, 0.694187272319694]]	[[0.0, -2.3765130404923776e-18, 0.0075830955177999945], [0.0, -0.008152763775724721, -2.2679202120485823e-18], [0.0075830955177999945, 0.0, 0.0]]	0.20948406388903512	[[-0.6915885548421113, 0.3782423403602225, 0.40512319584449974], [-0.573223304703363, -0.7803300858899106, -0.2499999999999999], [0.221569233119278, -0.4051231958444997, 0.756484680720445]]
11	[[-0.5446221603179724, 0.8109226453022452, -0.2139887049042392], [-0.8354447797583356, -0.5021691245819775, 0.22328947644507607], [0.07361197229480154, 0.30038414347728, 0.9509735242804028]]	0.8494003474735551	0.15059965252644492	[[-0.4626022522158839, 0.6887979766939015, -0.1817620803010768], [-0.709627086221698, -0.42654262891042266, 0.18966215887963583], [0.0625260348454181, 0.2551463958451478, 0.8077572419619254]]	0.8606670270552345	0.14626639873098457	[[-0.4688856989719682, 0.6977870189213503, -0.16061180305131406], [-0.7359562694007373, -0.4494188316681018, 0.1921778898647034], [0.08001569537697181, 0.2418704297147909, 0.818679959245064]]	[[-0.0001473633826995682, -0.00014736338269956818, 0.023561219422017388], [-0.016916494537315308, -0.01721842413520162, 0.0], [0.016660298026332683, -0.01666029802633268, 0.00020840329441090607]]	0.1542922603330694	[[-0.4431384662385559, 0.756484680720445, -0.12979225175666723], [-0.8535533905932738, -0.45710678118654735, 0.25000000000000017], [0.12979225175666723, 0.22156923311927812, 0.8482616620830558]]
11	[[0.3802729664721569, 0.7767473726770865, -0.5020517802076895], [0.4287143634067757, 0.332951791095048, 0.839849450446521], [0.8195098935212374, -0.5346088512602871, -0.20639019011321075]]	0.8416822204278882	0.1583177795721119	[[0.3200689947889849, 0.6537744533463785, -0.4225680571349822], [0.36084125732154354, 0.2802396028243225, 0.7068863502769696], [0.6897669068415774, -0.449970764989161, -0.1737149534890212]]	0.871338319984368	0.21512274271339282	[[0.34309007370857725, 0.6337872478205642, -0.4374569547113292], [0.4048992514213311, 0.30170920309401783, 0.7200727923929896], [0.6842356149514099, -0.448841407105328, -0.0869485999330467]]	[[0.011743665967256187, -0.04302250294015991, 2.5660011969012985e-18], [0.03134399825730336, 0.011595548805472486, -0.011720216798876727], [-0.029834758879953224, 0.016983771200583392, 0.09288708158145267]]	0.20080491990163343	[[0.22156923311927795, 0.6915885548421115, -0.5080345921168894], [0.4571067811865474, 0.42677669529663675, 0.7803300858899108], [0.756484680720445, -0.4051231958444997, -0.221569233119278]]
11	[[0.08740825448676931, -0.06334395238859675, -0.994156597696443], [0.7119981850616444, -0.6940087028176986, 0.10681996481098455], [-0.6967197295301035, -0.717174639895393, -0.015561310176609944]]	0.918104391283741	0.08189560871625912	[[0.08024990227874966, -0.05815636084923889, -0.9127395379688077], [0.6536886602911494, -0.6371724376460618, 0.09807187876973958], [-0.6396614431756084, -0.6584411862052959, -0.014286907207273953]]	0.9533370384690877	0.07281271101928356	[[0.06246412978896426, -0.062464129788964276, -0.9263222846491349], [0.6799531928014596, -0.6705669306267052, 0.09270814973146356], [-0.6718298633777793, -0.6808822587600408, 0.0]]	[[-0.020865396681204705, -0.0020759938138925575, 0.02144402197329629], [0.0011789516594262204, -0.008942729210707566, -0.0091272791708126], [-0.007621139784566555, 0.002826888502967288, 0.014835173358468198]]	0.12694692000179947	[[0.0, 0.0, -0.964430272], [0.7071067811865475, -0.7071067811865476, 0.0], [-0.6819551853127865, -0.6819551853127864, 0.0]]
11	[[0.034229894132735264, 0.2773841392786001, 0.9601491309293217], [-0.1827544195208179, -0.9427759796974285, 0.2788803941677556], [0.9825625356654255, -0.18501754344446375, 0.018422055382213542]]	0.8978375882761394	0.10216241172386062	[[0.030732885595082603, 0.2490459066359511, 0.8620579800990132], [-0.16408378726937692, -0.8464597118962139, 0.25038930051707675], [0.8821815773523339, -0.16611570499495318, 0.016540013775456077]]	0.9289814412639	0.1234009021593104	[[0.01074749078209091, 0.24162552271449442, 0.8790206692521262], [-0.16381055257760765, -0.8276495323720754, 0.25228028385107293], [0.912925445648133, -0.16422390815344956, 0.0]]	[[-0.021051445603648217, -0.01605919477628593, -0.012940054226876236], [0.005964911466189189, 0.04817185603622695, -0.006794426663133263], [0.0001430851337538364, 0.007653956014694671, -0.017113747560012122]]	0.1861034809074062	[[0.1282347447355872, 0.21891040232184678, 0.8380825221380591], [-0.25000000000000017, -0.9267766952966368, 0.2803300858899109], [0.8380825221380591, -0.24546868754031284, -0.06411737236779351]]
11	[[0.8787972042104137, -0.3840163418041313, 0.28327887866788265], [-0.395223040501579, -0.9183905790867732, -0.018907472103605397], [0.2674214316928388, -0.09534250611366366, -0.9588511794847616]]	0.8393220095470237	0.1606779904529765	[[0.7375938354221907, -0.32231336770194013, 0.2377621977057548], [-0.33171939657307004, -0.7708254263881651, -0.015869457481452375], [0.22445269344437555, -0.08002306382656958, -0.8047848988216842]]	0.8550661399623213	0.23930199468920366	[[0.6983417414893635, -0.31769515581443725, 0.15161041653766558], [-0.3600703949255119, -0.840554037190234, -0.02486621095546137], [0.13761604574284592, -0.058058402396639515, -0.819881176840354]]	[[-0.053087991724514894, 0.010664215254472652, -0.09061176077773558], [-0.022128555259654556, -0.05526934975274591, -0.008699071767386237], [-0.09104696559794731, 0.023465746280304872, 0.0]]	0.1842978253900864	[[0.7286273209771357, -0.41904126106902956, 0.24546868754031284], [-0.47855339059327373, -0.8749999999999999, -0.07322330470336318], [0.24546868754031284, -0.06411737236779355, -0.8380825221380591]]
11	[[0.8489524140446696, -0.5135124485683378, 0.12483895166604869], [0.522794976890395, 0.7815435453534784, -0.34040431673891397], [0.0772347773085365, 0.35425224329800037, 0.9319550081910795]]	0.8671597639082582	0.1328402360917418	[[0.7361773749323217, -0.44529733366447133, 0.10825531585328525], [0.4533467687326982, 0.6777231162727455, -0.29518492693666865], [0.0669748912563774, 0.30719329166226483, 0.8081538848760953]]	0.9130301360027698	0.14512578220599637	[[0.768783555299927, -0.476859294616346, 0.054431703969196506], [0.49924543334139404, 0.6730877108951759, -0.28999064872190655], [0.0238257842067355, 0.29128278552424125, 0.8509030078771638]]	[[-0.006335582755157292, -0.008006953860881294, -0.05955002104889914], [0.021917864489591765, -0.0404850986109974, 0.02080875088615406], [-0.046691895023421234, -0.032160188353418315, 0.0]]	0.2460826748944531	[[0.7474068645517994, -0.4378208046436933, 0.12823474473558716], [0.49999999999999994, 0.7071067811865475, -0.4999999999999999], [0.128234744735587, 0.4378208046436933, 0.7474068645517996]]
11	[[-0.30792515101507295, 0.09349718223056193, 0.9468053539599837], [0.3027085282091916, -0.9338174967034747, 0.1906631317268273], [0.9019698710720718, 0.34531602882779927, 0.2592434992682147]]	0.8628361225208836	0.13716387747911643	[[-0.2656889433285031, 0.0806727461824465, 0.816937860392845], [0.2611878527340223, -0.8057314679977842, 0.16451103728686414], [0.7782521861864878, 0.297951143358088, 0.22368465569733187]]	0.8636524687923555	0.13456276710795295	[[-0.25444721940487847, 0.07877716847961617, 0.8244432820391026], [0.2635550076960928, -0.8188502849761377, 0.15742841515835232], [0.7857210065534602, 0.3049655414364438, 0.21437509446775205]]	[[0.01149309747254813, -0.001971903778937378, 0.006732500625742752], [0.002120039983724145, -0.012356498546684282, -0.007238269265204214], [0.006732500625742752, 0.006732500625742753, -0.009521193693610751]]	0.2533751190469632	[[-0.22156923311927812, 0.12979225175666725, 0.8482616620830558], [0.4571067811865472, -0.8535533905932738, 0.25000000000000017], [0.756484680720445, 0.4431384662385558, 0.12979225175666723]]
11	[[-0.42203838922340475, -0.825029846081567, 0.3757783270710803], [0.2588054115689476, 0.28760896992378115, 0.9221175843470338], [-0.8688517462515349, 0.4864224845687207, 0.09214016247897017]]	0.8288894274305108	0.17111057256948936	[[-0.34982315879708303, -0.6838585167316323, 0.3114786823667429], [0.21452106941130264, 0.2383960344040019, 0.7643335165130185], [-0.7201820264724342, 0.40319045472349335, 0.07637400652054781]]	0.8684867585636399	0.21655929239288563	[[-0.29029443326744103, -0.662562675468559, 0.33955517688613057], [0.251980875161528, 0.22883780057916608, 0.8311223318719256], [-0.7698887790195944, 0.3884862814744155, 0.022052043133811088]]	[[0.07624031937861361, 0.05396482127308, 0.013196675669700796], [0.027211802169283976, -0.020946781443766063, 0.03027542002783646], [-0.015302542245240598, -0.03396520544114487, -0.057970467911076816]]	0.2093589765003177	[[-0.4051231958444996, -0.756484680720445, 0.221569233119278], [0.25000000000000006, 0.1464466094067262, 0.9571067811865475], [-0.756484680720445, 0.4431384662385558, 0.12979225175666723]]
11	[[0.04673222253661188, -0.9725397674033924, -0.22799671093185395], [-0.8377629715199755, -0.16246744520517667, 0.5213036857710898], [-0.5440306084466285, 0.16664552219444034, -0.8223502702654952]]	0.8400633560418814	0.15993664395811855	[[0.039258027699402204, -0.8169950208890846, -0.19153168215192395], [-0.7037739734226899, -0.13648294726661114, 0.43792812378586404], [-0.45702017872118145, 0.13999279664401343, -0.6908263278811803]]	0.8494119632433009	0.14153219582897117	[[0.06079961438021225, -0.8471916186509646, -0.16381657311368011], [-0.7508108825404125, -0.14472830482560617, 0.4657673398767113], [-0.4682875323077835, 0.10552271431823804, -0.7196188630285394]]	[[0.021104705488665988, -0.021104705488665994, 0.02984656073196135], [-0.0392049921690886, -0.006726513230753622, 0.022965752699921113], [-0.006181425122685326, -0.036027985854646664, -0.021104705488665988]]	0.17235783341873787	[[0.1313686758670721, -0.8585644353067367, -0.22426035740817607], [-0.8535533905932738, -0.2500000000000001, 0.4571067811865474], [-0.44852071481635214, 0.13136867586707196, -0.7656727537656326]]
11	[[-0.3195682178843842, -0.5708200961323295, -0.7563336379995778], [0.910087742671785, 0.03735879733279218, -0.41272826520656647], [0.2638493031197415, -0.8202248094963509, 0.507557688474819]]	0.8456292309589403	0.15437076904105992	[[-0.270236226328491, -0.4827021589082901, -0.6395778326499605], [0.7695967979406995, 0.031591691058079976, -0.3490150855016463], [0.2231186832861993, -0.6936060748678423, 0.42920561777225846]]	0.8499199788958737	0.13910536985380492	[[-0.2909645613247272, -0.4657942557334907, -0.6701982113364134], [0.8094604112267157, 0.03792151827202262, -0.3718500915606353], [0.21858121665936855, -0.7301701719464365, 0.4120262715523171]]	[[-0.01935714832463943, 0.019357148324639438, -0.02737514168957273], [0.03595865618171887, 0.006169530031360683, -0.02106409310653978], [-0.005669577479853079, -0.0330447191694258, -0.01935714832463943]]	0.25973457189227467	[[-0.45948212027769686, -0.45948212027769697, -0.6498058461646649], [0.8535533905932738, -0.14644660940672602, -0.5], [0.1345791971953647, -0.7843850433600293, 0.45948212027769686]]
11	[[0.8592155572171323, 0.2624339665249735, -0.4391776855101157], [-0.4266000482917053, 0.8413623931712975, -0.33184593135155627], [0.2824199444684594, 0.4724804086637203, 0.8348660002631537]]	0.8588403577017925	0.14115964229820763	[[0.7379289965033067, 0.22538888168340845, -0.3771835205181531], [-0.36638133807045015, 0.7225959787080732, -0.28500267838385507], [0.24255364612941205, 0.4057852431838386, 0.7170166142990718]]	0.8645751232280771	0.17502256120995954	[[0.7545008271523601, 0.14971801600570644, -0.36050823586727654], [-0.35781979240087014, 0.7559639894087683, -0.38360368507354636], [0.29259755323809833, 0.40026095149658375, 0.7356769357149616]]	[[0.011644430891877115, -0.07717586294185559, 0.019193865701653438], [0.011007996920034449, 0.02854299465322386, -0.09669794808253868], [0.048424294947213405, -0.008233856046704425, 0.013872560658513574]]	0.192385925743639	[[0.7474068645517996, 0.21891040232184658, -0.40026171749436573], [-0.4571067811865474, 0.7803300858899107, -0.4267766952966369], [0.2189104023218466, 0.5019381770114868, 0.6832894921840059]]
11	[[0.22433838825039393, -0.7661379269479729, -0.6022499185961573], [-0.9416906372873723, -0.011392912655017143, -0.3362869982418849], [0.2507808429735371, 0.642575192824231, -0.724020780340167]]	0.8548241244060563	0.1451758755939438	[[0.19176986630680895, -0.654913182577572, -0.5148177593375788], [-0.8049798744805591, -0.009738936584759763, -0.2874662388212604], [0.21437351451266654, 0.5492887765710261, -0.618910429606073]]	0.8657346449652725	0.1297614792713135	[[0.17972206404026891, -0.7139010362596362, -0.4960687863192604], [-0.8669318320894791, -0.01277459240369871, -0.3265664616712228], [0.24796362603476615, 0.5259063779635302, -0.6693316555878784]]	[[-0.014495450863767446, -0.05062889007890305, 0.025319833136948123], [-0.05167762255037436, -0.0029113532111870464, -0.03543115664184718], [0.03085396197897928, -0.030393228459646926, -0.04252178237260425]]	0.27101779228910217	[[0.21891040232184647, -0.7474068645517996, -0.40026171749436573], [-0.9571067811865474, -0.14644660940672607, -0.2499999999999999], [0.12823474473558713, 0.43782080464369316, -0.7474068645517996]]
11	[[0.5319609947059123, -0.8460851799387872, 0.03402011756955908], [-0.703274286200726, -0.4190807785627857, 0.5742617690636116], [-0.47161719485230363, -0.3294103357928521, -0.8179645788128509]]	0.8577876820068092	0.14221231799319095	[[0.456309588566821, -0.7257614452800063, 0.029182037791591203], [-0.6032600197751139, -0.3594823296169808, 0.49259467175020494], [-0.4045474203669111, -0.28256412836883527, -0.7016399400235513]]	0.8733368644545784	0.1686037815178667	[[0.5269153718456087, -0.7228567353050055, 0.0028629002848460173], [-0.5934711017877806, -0.39279994111471406, 0.5719501927307689], [-0.3828121701988154, -0.37258543254346116, -0.7199938350201595]]	[[0.06233422471700864, 0.016060642804222734, -0.026848122521728832], [0.020724258174293235, -0.026801248011507253, 0.07042621996061504], [0.029068511976359512, -0.08489924276320199, -0.005635214524834232]]	0.23484019513766388	[[0.44313846623855585, -0.756484680720445, -0.12979225175666698], [-0.7071067811865477, -0.49999999999999983, 0.49999999999999994], [-0.4431384662385559, -0.1297922517566671, -0.756484680720445]]
