11	[[0.8787972042104137, -0.3840163418041313, 0.28327887866788265], [-0.395223040501579, -0.9183905790867732, -0.018907472103605397], [0.2674214316928388, -0.09534250611366366, -0.9588511794847616]]	0.7144907116363856	0.28550928836361456	[[0.6278924398203647, -0.27437610933563517, 0.20240012761097276], [-0.28238319146306934, -0.6561815384118609, -0.013509213198550132], [0.19107012903703743, -0.06812133504234796, -0.6850902615834549]]	0.8326467858672966	0.2645638743622305	[[0.6822615157834442, -0.30561787987176736, 0.13383852536904936], [-0.3578408598837289, -0.8404752835578005, -0.027285874084751357], [0.12314384249377189, -0.05109180047369832, -0.7983843527230532]]	[[-0.04946615173152311, 0.014132092851959738, -0.10203272245785495], [-0.028759665509388715, -0.07578031971039359, -0.01154262820880875], [-0.09952375307730113, 0.02829483079837679, 0.0]]	0.37032365171240994	[[0.5458720009787391, -0.313936748028672, 0.1838998892678912], [-0.47855339059327373, -0.8749999999999999, -0.07322330470336318], [0.1838998892678912, -0.04803536368217612, -0.627873496057344]]
11	[[-0.30792515101507295, 0.09349718223056193, 0.9468053539599837], [0.3027085282091916, -0.9338174967034747, 0.1906631317268273], [0.9019698710720718, 0.34531602882779927, 0.2592434992682147]]	0.7418282161155141	0.25817178388448603	[[-0.22842756547461182, 0.06935884790592492, 0.7023669267367525], [0.22455772748437733, -0.6927321677569935, 0.14143929088790963], [0.6691067004473352, 0.2561651736614197, 0.1923141426016833]]	0.8356815652058794	0.27574713059635664	[[-0.24152450869559655, 0.07463738717328158, 0.7315994454780805], [0.24591963409235923, -0.8490878946455449, 0.11841441738064344], [0.6693759717666702, 0.25577395933259917, 0.166887121522315]]	[[0.015802863470936426, -0.0034964844154937403, -0.05962833466450538], [-0.007048302562666207, -0.06871382738374905, -0.04091924696788637], [-0.0843836218593841, -0.03280028012889475, -0.04975789171559587]]	0.39059423451104736	[[-0.3541363716237809, 0.10372414178380619, 0.6045486014637558], [0.14644660940672619, -0.9571067811865475, 0.2499999999999999], [0.6045486014637558, 0.17706818581189043, 0.323756273868059]]
11	[[0.22433838825039393, -0.7661379269479729, -0.6022499185961573], [-0.9416906372873723, -0.011392912655017143, -0.3362869982418849], [0.2507808429735371, 0.642575192824231, -0.724020780340167]]	0.685417348745199	0.31458265125480106	[[0.15376542329635612, -0.5251242266618225, -0.41279254248619], [-0.6454510999476875, -0.0078088999864874276, -0.23049694275243418], [0.17188954050700783, 0.44043218503501946, -0.4962564036971874]]	0.7564291018499478	0.41089626654587247	[[0.20142810343461032, -0.4952776118843058, -0.39167004183350185], [-0.8301004012445898, 0.031974068972909386, -0.1831436917682419], [0.1571138321804746, 0.39167004183350185, -0.4215980319895375]]	[[0.03173201789989988, 0.08425141209013019, 0.0638893231793936], [-0.1177781982607977, 0.04059199965999891, 0.07123358027568205], [-0.03258409563117094, -0.09439253414558826, 0.1260723566038734]]	0.378635361752056	[[0.11636249031282933, -0.6782102948423095, -0.3972863925775693], [-0.8535533905932738, 0.14644660940672602, -0.5], [0.3972863925775693, 0.3972863925775694, -0.5618478045294805]]
11	[[0.034229894132735264, 0.2773841392786001, 0.9601491309293217], [-0.1827544195208179, -0.9427759796974285, 0.2788803941677556], [0.9825625356654255, -0.18501754344446375, 0.018422055382213542]]	0.8547999799785753	0.14520002002142465	[[0.029259712819330853, 0.23710795670172177, 0.8207354578948307], [-0.15621847414739132, -0.8058848885696437, 0.2383869553510147], [0.839894435814504, -0.1581529924320128, 0.015747172571880335]]	0.9088000215063525	0.13845532890624548	[[0.009080517485485868, 0.23114319646106035, 0.8434307343531017], [-0.16558438991692154, -0.8261363166627229, 0.25415967240007425], [0.8757938293092928, -0.15677304719330937, 0.0]]	[[-0.022027611038504112, -0.020943515280852566, -0.029152816484771724], [0.000502830473978727, 0.030658513961972618, 0.0007131641827178656], [-0.01715902423478225, 0.011370900268071788, -0.016741964327546884]]	0.33167249953284694	[[-0.051862070891903075, 0.1985501589480718, 0.67789264549184], [-0.2803300858899109, -0.9267766952966368, 0.25000000000000017], [0.67789264549184, -0.17706818581189057, 0.1037241417838063]]
11	[[-0.5446221603179724, 0.8109226453022452, -0.2139887049042392], [-0.8354447797583356, -0.5021691245819775, 0.22328947644507607], [0.07361197229480154, 0.30038414347728, 0.9509735242804028]]	0.734722403911721	0.265277596088279	[[-0.40014610285241536, 0.5958030353429177, -0.15722229567719853], [-0.6138199969195427, -0.368954906383115, 0.16405578090191592], [0.054084365241119606, 0.22069895999259048, 0.6987015538156989]]	0.8237756810570073	0.20931989430889375	[[-0.4590666994021876, 0.6575981460508956, -0.10791902428065789], [-0.7573093250016739, -0.42985831920211387, 0.1965615731957146], [0.0541399650194139, 0.18513533783395594, 0.7938090709987828]]	[[-0.010420208367511306, -0.010420208367511305, 0.06835966684033871], [-0.06909023257072945, -0.016183606593794312, 0.012621132664309476], [-0.006499787591685783, -0.062313814537766146, 0.010420208367511306]]	0.3330108173718157	[[-0.3408208440507267, 0.5818175740487185, -0.09982411405273517], [-0.8535533905932738, -0.45710678118654735, 0.25000000000000017], [0.09982411405273517, 0.17041042202536347, 0.6524038820213467]]
11	[[0.8489524140446696, -0.5135124485683378, 0.12483895166604869], [0.522794976890395, 0.7815435453534784, -0.34040431673891397], [0.0772347773085365, 0.35425224329800037, 0.9319550081910795]]	0.7747302267123761	0.22526977328762382	[[0.6577090962008459, -0.39783361569897563, 0.0967165093267733], [0.4050250709703872, 0.6054854080772946, -0.2637215134810103], [0.05983611653432236, 0.2744499207636277, 0.7220137147816095]]	0.8885777935500134	0.18753020672704795	[[0.7221465481158847, -0.45896430070477046, 0.06195506159240735], [0.5078040501953102, 0.666305707385517, -0.2978052367210713], [0.022547473030393048, 0.27811689581276466, 0.8038172692185359]]	[[-0.03221371478488514, -0.0026685421954522337, -0.04897405862810697], [0.043260043151012714, -0.02815653170793176, 0.004670479961692829], [-0.04608163497575296, -0.03666378089711506, -0.024297255647778158]]	0.4084783347562994	[[0.5599412332644865, -0.32800598031441935, 0.09607072736435227], [0.49999999999999994, 0.7071067811865475, -0.4999999999999999], [0.09607072736435214, 0.32800598031441935, 0.5599412332644866]]
11	[[0.8592155572171323, 0.2624339665249735, -0.4391776855101157], [-0.4266000482917053, 0.8413623931712975, -0.33184593135155627], [0.2824199444684594, 0.4724804086637203, 0.8348660002631537]]	0.7209006677648487	0.27909933223515143	[[0.6194090689517772, 0.1891888217120314, -0.31660348675166317], [-0.30753625968200715, 0.6065387110694195, -0.239227953506385], [0.2035967265574239, 0.3406114421114846, 0.6018554570838757]]	0.7962361664956094	0.26411659966673534	[[0.6936072056854576, 0.1635907742851926, -0.2881690418504162], [-0.34231129123180265, 0.744430294579655, -0.40241318142155613], [0.2175477944903508, 0.3782676997459796, 0.6639596324040726]]	[[0.009468704213499202, -0.04536864117888947, 0.06152011487057269], [-0.002636904153173428, 0.07450712800736954, -0.1381854491750279], [-0.007325179435118193, 0.0020617104073001142, -0.0007908711829833675]]	0.36764545887186856	[[0.5526865305718526, 0.3022743007318779, -0.323756273868059], [-0.573223304703363, 0.7803300858899106, -0.2499999999999999], [0.1770681858118905, 0.323756273868059, 0.6045486014637558]]
11	[[0.3802729664721569, 0.7767473726770865, -0.5020517802076895], [0.4287143634067757, 0.332951791095048, 0.839849450446521], [0.8195098935212374, -0.5346088512602871, -0.20639019011321075]]	0.6977267119152788	0.30227328808472137	[[0.26532660652688717, 0.5419573903268152, -0.35029493781552334], [0.2991254631306616, 0.2323093584270506, 0.5859853955639049], [0.5717939433886133, -0.3730108759506444, -0.1440039487192598]]	0.8255428128322909	0.2780326237688535	[[0.34709565046011037, 0.5524027725355553, -0.4213859014777508], [0.40683991306115846, 0.2942854013881236, 0.7150570914022123], [0.6209302749411162, -0.4213859014777508, -0.07524422345572815]]	[[0.033164036074606516, -0.08883543836437827, -0.006920662657635867], [0.05291785159272397, 0.019419443229968372, 0.021725413724937585], [-0.05561022770029736, 0.01995659335670645, 0.09513971463132312]]	0.3582728332087887	[[0.17041042202536336, 0.531905517022351, -0.3907329010770942], [0.4571067811865474, 0.42677669529663675, 0.7803300858899108], [0.5818175740487185, -0.3115830379706199, -0.17041042202536338]]
11	[[0.5319609947059123, -0.8460851799387872, 0.03402011756955908], [-0.703274286200726, -0.4190807785627857, 0.5742617690636116], [-0.47161719485230363, -0.3294103357928521, -0.8179645788128509]]	0.719473720400187	0.2805262795998132	[[0.38273195596884685, -0.6087360521860207, 0.024476580556222455], [-0.5059873671546222, -0.30151760690077434, 0.41316625147178965], [-0.3393161777850868, -0.23700207983115817, -0.5885040186740537]]	0.792793676608758	0.2522642193473744	[[0.4521032610925101, -0.6517902762613036, 0.004984449028423595], [-0.6065350860295671, -0.3825170515722868, 0.5482997383981485], [-0.32388123791904394, -0.31683216250209, -0.6484771457727743]]	[[0.030367948287157817, 0.01898070426655, -0.021986485058209347], [-0.04898367900809365, -0.05027246033943508, 0.09302863916635831], [0.050013891939822835, -0.055677731275949174, 8.804593322620873e-18]]	0.3613350391694542	[[0.5837986331353704, -0.5837986331353703, 0.0], [-0.5, -0.5000000000000001, 0.7071067811865475], [-0.41280797233745775, -0.41280797233745786, -0.5837986331353704]]
11	[[-0.42203838922340475, -0.825029846081567, 0.3757783270710803], [0.2588054115689476, 0.28760896992378115, 0.9221175843470338], [-0.8688517462515349, 0.4864224845687207, 0.09214016247897017]]	0.686231693629555	0.3137683063704449	[[-0.2896161186134664, -0.566161628571485, 0.25787099781526834], [0.17760047590145295, 0.19736639053384816, 0.632786311632059], [-0.5962336053431874, 0.3337985254050893, 0.06322949974924606]]	0.825856871229232	0.2876481554887699	[[-0.2661198849666294, -0.5917520442467079, 0.31746925496837997], [0.26167619590051555, 0.23430973578477188, 0.829619134736321], [-0.6882300496933144, 0.3528734326017424, 0.023476917935232967]]	[[0.08242341869603638, 0.08960452310895009, 0.007130141497702575], [0.04793996844499075, -0.0032141082539443567, 0.06808199162202228], [0.029317135028032865, -0.04884191859973071, -0.05261766836420242]]	0.3669961736363373	[[-0.3115830379706198, -0.5818175740487185, 0.17041042202536338], [0.25000000000000006, 0.1464466094067262, 0.9571067811865475], [-0.5818175740487185, 0.3408208440507266, 0.09982411405273517]]
11	[[0.08740825448676931, -0.06334395238859675, -0.994156597696443], [0.7119981850616444, -0.6940087028176986, 0.10681996481098455], [-0.6967197295301035, -0.717174639895393, -0.015561310176609944]]	0.7905767601997766	0.20942323980022345	[[0.06910293464686765, -0.050078256657625726, -0.7859571021380868], [0.562889218414156, -0.5486671518240657, 0.0844493817049223], [-0.5508104265391737, -0.5669816033059412, -0.012302410183888102]]	0.9150455133132332	0.1439148350559717	[[0.05474011831705497, -0.054740118317054984, -0.8546360903740002], [0.6842479850704913, -0.6720529660015675, 0.09023983078788385], [-0.6195954897168523, -0.6300572542523033, 0.0]]	[[-0.02524241277760458, 0.0032224811116575427, 0.05506244387887905], [0.03273724034266866, -0.03700341628789552, -0.007505298744685019], [0.017934772826478457, 0.026190182246009767, 0.014239307058382488]]	0.17292528175389954	[[0.0, 0.0, -0.8913881226239998], [0.7071067811865475, -0.7071067811865476, 0.0], [-0.6303065861765761, -0.630306586176576, 0.0]]
11	[[-0.8305561570912853, 0.32773595720904825, 0.4502950280316503], [-0.5100865793185324, -0.772219296347621, -0.37879947194723407], [0.22358030216652452, -0.5443036842615101, 0.808545204538665]]	0.6913921960661993	0.3086078039338006	[[-0.5742400454076471, 0.22659408318462182, 0.31133046830849354], [-0.3526698802589357, -0.5339063951464769, -0.2618989987783148], [0.15458167611205784, -0.37632731958848864, 0.5590218445847819]]	0.7780951085675787	0.3750573737642979	[[-0.6178224465795991, 0.2454578541393869, 0.19805289782540386], [-0.5658453542907805, -0.6264306059943678, -0.3045122453765214], [0.17893343324670505, -0.27587994603412674, 0.5973016619872281]]	[[0.02842923664381549, -0.009551891066686878, -0.15231946089832396], [-0.16894948197706228, -0.0255705487647865, -0.009770229126396874], [0.004966693758871069, 0.1476400882650661, -0.03182340672007961]]	0.3667127439190378	[[-0.5319055170223509, 0.29090878702435924, 0.31158303797062], [-0.573223304703363, -0.7803300858899106, -0.2499999999999999], [0.17041042202536338, -0.3115830379706199, 0.5818175740487185]]
11	[[0.04673222253661188, -0.9725397674033924, -0.22799671093185395], [-0.8377629715199755, -0.16246744520517667, 0.5213036857710898], [-0.5440306084466285, 0.16664552219444034, -0.8223502702654952]]	0.6873580194072104	0.3126419805927897	[[0.0321217679252625, -0.6684830083171449, -0.15671536765747737], [-0.5758430968366693, -0.11167330135437967, 0.35832226896129515], [-0.3739438015187742, 0.11454513607865086, -0.5652490530286749]]	0.7686444965968378	0.38200137722225197	[[-0.010867669491512938, -0.8149831873780147, -0.12977807616171966], [-0.6883603364092816, -0.15108296375193975, 0.2743078829174696], [-0.27725009590754945, 0.03697638386526385, -0.5933315391168167]]	[[-0.046788135158018496, -0.06744584744182824, 0.04547034093823], [-0.0444184388978391, -0.026203256118832362, -0.1263893262061258], [0.14091603725518068, -0.09111477965199889, 0.038763470397678385]]	0.3245192979846553	[[0.1037241417838063, -0.67789264549184, -0.17706818581189046], [-0.8535533905932738, -0.2500000000000001, 0.4571067811865474], [-0.3541363716237809, 0.10372414178380619, -0.6045486014637558]]
11	[[-0.3195682178843842, -0.5708200961323295, -0.7563336379995778], [0.910087742671785, 0.03735879733279218, -0.41272826520656647], [0.2638493031197415, -0.8202248094963509, 0.507557688474819]]	0.6968182926776891	0.303181707322311	[[-0.22268097998024844, -0.3977578848130443, -0.5270271143255711], [0.6341657870354455, 0.026032293373928088, -0.28759660510106405], [0.18385502092409634, -0.57154765136513, 0.35367548191845777]]	0.763239505089208	0.2637521911666692	[[-0.2929089287676834, -0.45085562831219517, -0.5555686693877986], [0.7629573231977815, 0.010846476858518424, -0.33441519166370376], [0.1923267561310572, -0.592591454270843, 0.40026469813978593]]	[[-0.049001840307365895, -0.015183180645181829, 0.02169504216131921], [0.06834240489321391, -0.01766723312848996, -0.019404674791116693], [-0.009053455400186688, 0.03343652339104179, 0.0128766191840427]]	0.35337844444203453	[[-0.38234842421665266, -0.38234842421665277, -0.5407223270791719], [0.8535533905932738, -0.14644660940672602, -0.5], [0.11198726067706694, -0.6527095877562387, 0.38234842421665266]]
