11	[[-0.30792515101507295, 0.09349718223056193, 0.9468053539599837], [0.3027085282091916, -0.9338174967034747, 0.1906631317268273], [0.9019698710720718, 0.34531602882779927, 0.2592434992682147]]	0.9605323600775385	0.03946763992246155	[[-0.2957720720317405, 0.08980706910852135, 0.9094371811732324], [0.29076133701637297, -0.8969619239902876, 0.18313810789734408], [0.8663712489796902, 0.3316872201425693, 0.24901177018685788]]	0.9605323600775384	0.03946763992246151	[[-0.29577207203174044, 0.08980706910852135, 0.9094371811732325], [0.29076133701637297, -0.8969619239902875, 0.183138107897344], [0.8663712489796903, 0.3316872201425693, 0.24901177018685786]]	[[0.0, 0.0, 0.0], [0.0, 0.0, 0.0], [0.0, 0.0, 0.0]]	0.20185011318984045	[[-0.2480071846614837, 0.14527924520872862, 0.9494774328899609], [0.4571067811865472, -0.8535533905932738, 0.25000000000000017], [0.846749493437206, 0.49601436932296694, 0.1452792452087286]]
11	[[0.08740825448676931, -0.06334395238859675, -0.994156597696443], [0.7119981850616444, -0.6940087028176986, 0.10681996481098455], [-0.6967197295301035, -0.717174639895393, -0.015561310176609944]]	0.975155593600385	0.024844406399614993	[[0.08523664828961904, -0.061770209492496564, -0.9694573671584142], [0.6943090127961847, -0.6767664685600262, 0.10416608619362787], [-0.6794101414230278, -0.6993568616823341, -0.015174698662471783]]	0.9751555936003853	0.024844406399614802	[[0.08523664828961905, -0.06177020949249662, -0.9694573671584145], [0.6943090127961847, -0.6767664685600264, 0.10416608619362791], [-0.6794101414230279, -0.6993568616823347, -0.015174698662471793]]	[[0.0, 0.0, 0.0], [0.0, 0.0, 0.0], [0.0, 0.0, 0.0]]	0.11007201253233985	[[0.0, 0.0, -0.9976019194880003], [0.7071067811865475, -0.7071067811865476, 0.0], [-0.7054110821946813, -0.7054110821946812, 0.0]]
11	[[0.8787972042104137, -0.3840163418041313, 0.28327887866788265], [-0.395223040501579, -0.9183905790867732, -0.018907472103605397], [0.2674214316928388, -0.09534250611366366, -0.9588511794847616]]	0.9324687616031805	0.06753123839681961	[[0.8194509407104219, -0.358083242677482, 0.2641487051797782], [-0.368533139133551, -0.8563705259490711, -0.01763062709749562], [0.2493621312367709, -0.08890390860395163, -0.8940987718959045]]	0.9324687616031805	0.06753123839681949	[[0.8194509407104219, -0.358083242677482, 0.2641487051797781], [-0.36853313913355107, -0.8563705259490713, -0.01763062709749562], [0.24936213123677095, -0.08890390860395161, -0.8940987718959047]]	[[0.0, 0.0, 0.0], [0.0, 0.0, 0.0], [0.0, 0.0, 0.0]]	0.11277138806834276	[[0.8248134614867717, -0.4743589254718245, 0.2778730251086668], [-0.47855339059327373, -0.8749999999999999, -0.07322330470336318], [0.2778730251086668, -0.07258151090628075, -0.948717850943649]]
11	[[0.3802729664721569, 0.7767473726770865, -0.5020517802076895], [0.4287143634067757, 0.332951791095048, 0.839849450446521], [0.8195098935212374, -0.5346088512602871, -0.20639019011321075]]	0.957125784677514	0.04287421532248605	[[0.3639690614263091, 0.7434449385697539, -0.4805267040800276], [0.410333571478231, 0.31867674431163157, 0.8038415642696053], [0.7843740498875004, -0.5116879162580467, -0.19754137266184818]]	0.957125784677514	0.04287421532248606	[[0.36396906142630914, 0.7434449385697538, -0.4805267040800275], [0.4103335714782311, 0.31867674431163145, 0.8038415642696055], [0.7843740498875003, -0.5116879162580467, -0.19754137266184807]]	[[0.0, 0.0, 0.0], [0.0, 0.0, 0.0], [0.0, 0.0, 0.0]]	0.150883317025828	[[0.24800718466148353, 0.7741098708328417, -0.5686539919273312], [0.4571067811865474, 0.42677669529663675, 0.7803300858899108], [0.846749493437206, -0.45346306356699373, -0.24800718466148358]]
11	[[-0.5446221603179724, 0.8109226453022452, -0.2139887049042392], [-0.8354447797583356, -0.5021691245819775, 0.22328947644507607], [0.07361197229480154, 0.30038414347728, 0.9509735242804028]]	0.9589546236698294	0.04104537633017064	[[-0.5222679387899708, 0.7776380201511571, -0.20520545798103887], [-0.8011536343700785, -0.481557403882118, 0.2141244758538212], [0.07059054118955532, 0.2880547632646391, 0.911940458096285]]	0.9589546236698293	0.04104537633017083	[[-0.5222679387899707, 0.7776380201511569, -0.2052054579810389], [-0.8011536343700782, -0.4815574038821177, 0.2141244758538211], [0.07059054118955531, 0.28805476326463897, 0.9119404580962849]]	[[0.0, 0.0, 0.0], [0.0, 0.0, 0.0], [0.0, 0.0, 0.0]]	0.0995267824532801	[[-0.49601436932296705, 0.8467494934372058, -0.1452792452087286], [-0.8535533905932738, -0.45710678118654735, 0.25000000000000017], [0.1452792452087286, 0.2480071846614837, 0.9494774328899609]]
11	[[0.04673222253661188, -0.9725397674033924, -0.22799671093185395], [-0.8377629715199755, -0.16246744520517667, 0.5213036857710898], [-0.5440306084466285, 0.16664552219444034, -0.8223502702654952]]	0.9656740447888125	0.034325955211187496	[[0.04512809435890092, -0.9391564109064051, -0.2201705060441091], [-0.8090059572819894, -0.15689059495778776, 0.5034094388018845], [-0.5253562381475745, 0.160925255463449, -0.794122311720454]]	0.9656740447888126	0.034325955211187476	[[0.04512809435890094, -0.939156410906405, -0.22017050604410904], [-0.8090059572819895, -0.15689059495778782, 0.5034094388018843], [-0.5253562381475744, 0.16092525546344907, -0.7941223117204539]]	[[0.0, 0.0, 0.0], [0.0, 0.0, 0.0], [0.0, 0.0, 0.0]]	0.1172363256137445	[[0.14539556165805503, -0.9502376229883516, -0.24820574926089223], [-0.8535533905932738, -0.2500000000000001, 0.4571067811865474], [-0.49641149852178446, 0.14539556165805487, -0.8474274353855143]]
11	[[0.8489524140446696, -0.5135124485683378, 0.12483895166604869], [0.522794976890395, 0.7815435453534784, -0.34040431673891397], [0.0772347773085365, 0.35425224329800037, 0.9319550081910795]]	0.9393219553108787	0.06067804468912128	[[0.7974396415263297, -0.48235351726568804, 0.11726396817791315], [0.49107279991939157, 0.7341210111820258, -0.31974924839546043], [0.07254832203945481, 0.3327569098479428, 0.8754058005558107]]	0.9437124912078133	0.05067425106257179	[[0.8070915873491304, -0.4855146317340213, 0.1193596038831167], [0.49492935966057516, 0.7428827092599405, -0.32409836379957274], [0.0719809044723486, 0.3374073186518685, 0.8847811660705429]]	[[0.005924589774148296, -0.0009065196293710852, 0.0015475258065780924], [0.001561209628409376, 0.005330303087022745, -0.0028545580319986187], [-0.000906519629371083, 0.0030950516131561853, 0.005283583596941289]]	0.18336877514945488	[[0.8460720938424561, -0.49561755782750877, 0.14516302181256155], [0.49999999999999994, 0.7071067811865475, -0.4999999999999999], [0.14516302181256135, 0.49561755782750877, 0.8460720938424563]]
11	[[-0.8305561570912853, 0.32773595720904825, 0.4502950280316503], [-0.5100865793185324, -0.772219296347621, -0.37879947194723407], [0.22358030216652452, -0.5443036842615101, 0.808545204538665]]	0.9662779684371187	0.033722031562881415	[[-0.8025481161471076, 0.3166840349157536, 0.4351101648837583], [-0.4928854235909508, -0.7461784928627205, -0.3660255841982266], [0.21604072016002643, -0.5259486582410509, 0.7812794176311957]]	0.9662779684371187	0.03372203156288159	[[-0.8025481161471076, 0.3166840349157536, 0.4351101648837584], [-0.4928854235909505, -0.7461784928627202, -0.36602558419822656], [0.2160407201600264, -0.5259486582410507, 0.7812794176311957]]	[[0.0, 0.0, 0.0], [0.0, 0.0, 0.0], [0.0, 0.0, 0.0]]	0.15077540114559135	[[-0.7741098708328416, 0.423374746718603, 0.4534630635669938], [-0.573223304703363, -0.7803300858899106, -0.2499999999999999], [0.24800718466148358, -0.45346306356699373, 0.846749493437206]]
11	[[-0.42203838922340475, -0.825029846081567, 0.3757783270710803], [0.2588054115689476, 0.28760896992378115, 0.9221175843470338], [-0.8688517462515349, 0.4864224845687207, 0.09214016247897017]]	0.9685511909208533	0.03144880907914695	[[-0.4087657844966473, -0.7990836399675497, 0.3639605462069407], [0.25066628959186577, 0.27856401033919814, 0.8931180844883799], [-0.841527393565587, 0.4711250767197148, 0.08924246410064748]]	0.9685511909208531	0.03144880907914706	[[-0.4087657844966473, -0.7990836399675499, 0.36396054620694057], [0.2506662895918657, 0.2785640103391981, 0.89311808448838], [-0.8415273935655868, 0.4711250767197148, 0.08924246410064746]]	[[0.0, 0.0, 0.0], [0.0, 0.0, 0.0], [0.0, 0.0, 0.0]]	0.14945408965598947	[[-0.45346306356699356, -0.846749493437206, 0.24800718466148358], [0.25000000000000006, 0.1464466094067262, 0.9571067811865475], [-0.846749493437206, 0.49601436932296694, 0.1452792452087286]]
11	[[0.8592155572171323, 0.2624339665249735, -0.4391776855101157], [-0.4266000482917053, 0.8413623931712975, -0.33184593135155627], [0.2824199444684594, 0.4724804086637203, 0.8348660002631537]]	0.9696316657868418	0.030368334213158356	[[0.8331226120144173, 0.25446428412065836, -0.42584059077758335], [-0.4136449154498333, 0.8158116188210891, -0.32176832320099535], [0.2738433212063797, 0.4581319657042509, 0.8095125105439597]]	0.969631665786842	0.030368334213158064	[[0.8331226120144176, 0.2544642841206584, -0.4258405907775833], [-0.4136449154498334, 0.815811618821089, -0.32176832320099547], [0.27384332120637966, 0.4581319657042509, 0.8095125105439599]]	[[0.0, 0.0, 0.0], [0.0, 0.0, 0.0], [0.0, 0.0, 0.0]]	0.12311064200893226	[[0.8460720938424563, 0.24780877891375433, -0.4531002931161402], [-0.4571067811865474, 0.7803300858899107, -0.4267766952966369], [0.24780877891375436, 0.5681990687337894, 0.7734905829361753]]
11	[[0.034229894132735264, 0.2773841392786001, 0.9601491309293217], [-0.1827544195208179, -0.9427759796974285, 0.2788803941677556], [0.9825625356654255, -0.18501754344446375, 0.018422055382213542]]	0.9554500420044438	0.04454995799555617	[[0.032704953786929586, 0.26502668752510494, 0.9173745274769508], [-0.1746127178076632, -0.9007753494026888, 0.2664562843217979], [0.9387894159735237, -0.17677501965557194, 0.01760135358874414]]	0.9554500420044438	0.04454995799555608	[[0.03270495378692958, 0.2650266875251049, 0.9173745274769508], [-0.17461271780766321, -0.9007753494026891, 0.2664562843217979], [0.9387894159735238, -0.17677501965557194, 0.01760135358874412]]	[[0.0, 0.0, 0.0], [0.0, 0.0, 0.0], [0.0, 0.0, 0.0]]	0.1355658953367024	[[0.14516302181256163, 0.24780877891375452, 0.948717850943649], [-0.25000000000000017, -0.9267766952966368, 0.2803300858899109], [0.948717850943649, -0.2778730251086668, -0.0725815109062807]]
11	[[0.5319609947059123, -0.8460851799387872, 0.03402011756955908], [-0.703274286200726, -0.4190807785627857, 0.5742617690636116], [-0.47161719485230363, -0.3294103357928521, -0.8179645788128509]]	0.9601113014689975	0.03988869853100268	[[0.5107417629578359, -0.8123359432646602, 0.03266309935583767], [-0.6752215902138592, -0.4023641917265569, 0.5513552144795529], [-0.452804998744803, -0.31627058621541476, -0.7853370363195464]]	0.9601113014689973	0.0398886985310029	[[0.5107417629578358, -0.8123359432646596, 0.032663099355837666], [-0.6752215902138589, -0.4023641917265569, 0.5513552144795527], [-0.4528049987448029, -0.31627058621541465, -0.7853370363195464]]	[[0.0, 0.0, 0.0], [0.0, 0.0, 0.0], [0.0, 0.0, 0.0]]	0.202230859715011	[[0.496014369322967, -0.846749493437206, -0.1452792452087283], [-0.7071067811865477, -0.49999999999999983, 0.49999999999999994], [-0.49601436932296705, -0.14527924520872842, -0.846749493437206]]
11	[[0.22433838825039393, -0.7661379269479729, -0.6022499185961573], [-0.9416906372873723, -0.011392912655017143, -0.3362869982418849], [0.2507808429735371, 0.642575192824231, -0.724020780340167]]	0.9419072999529658	0.05809270004703432	[[0.21130596555272868, -0.7216309061631276, -0.5672635947217999], [-0.8869852855583364, -0.010731067597487154, -0.3167511785233016], [0.23621230668513304, 0.6052462648898278, -0.6819604583200463]]	0.9419072999529657	0.05809270004703433	[[0.21130596555272865, -0.7216309061631276, -0.5672635947217999], [-0.8869852855583364, -0.010731067597487147, -0.3167511785233015], [0.23621230668513302, 0.6052462648898277, -0.681960458320046]]	[[0.0, 0.0, 0.0], [0.0, 0.0, 0.0], [0.0, 0.0, 0.0]]	0.22883814723337373	[[0.2478087789137542, -0.8460720938424563, -0.4531002931161402], [-0.9571067811865474, -0.14644660940672607, -0.2499999999999999], [0.14516302181256152, 0.49561755782750866, -0.8460720938424563]]
11	[[-0.3195682178843842, -0.5708200961323295, -0.7563336379995778], [0.910087742671785, 0.03735879733279218, -0.41272826520656647], [0.2638493031197415, -0.8202248094963509, 0.507557688474819]]	0.9434407123474104	0.056559287652589545	[[-0.301493667124436, -0.5385349181173023, -0.7135559462066301], [0.8586138282449156, 0.03524581036809202, -0.389384648532394], [0.24892617448765678, -0.7738334785562565, 0.47885058717208817]]	0.9434407123474107	0.056559287652589475	[[-0.3014936671244359, -0.5385349181173023, -0.7135559462066302], [0.8586138282449157, 0.035245810368092025, -0.3893846485323941], [0.24892617448765678, -0.7738334785562565, 0.4788505871720884]]	[[0.0, 0.0, 0.0], [0.0, 0.0, 0.0], [0.0, 0.0, 0.0]]	0.22528176448929607	[[-0.49720671104716474, -0.49720671104716485, -0.7031564740658212], [0.8535533905932738, -0.14644660940672602, -0.5], [0.14562847401425444, -0.8487849480800754, 0.49720671104716474]]
