11	[[0.3802729664721569, 0.7767473726770865, -0.5020517802076895], [0.4287143634067757, 0.332951791095048, 0.839849450446521], [0.8195098935212374, -0.5346088512602871, -0.20639019011321075]]	0.6733618344911844	0.326638165508816	[[0.25606130231109625, 0.5230320358020504, -0.3380625077302146], [0.28867989021630674, 0.22419702884888706, 0.5655225666490823], [0.5518266852851355, -0.3599851968198516, -0.1389752770356159]]	0.8153516921145281	0.29340205681120884	[[0.3470392613124964, 0.5348671113361397, -0.41630087017476947], [0.40789159416700743, 0.2957703221670502, 0.7146204846220443], [0.6055200956290782, -0.41769224560543483, -0.07251905784490387]]	[[0.03698305463401205, -0.09845517332163671, -0.006952101653318839], [0.05833861252949014, 0.024297515905140014, 0.02984781407901692], [-0.0626686827580595, 0.018201985889044297, 0.0957615328997417]]	0.3946396086824491	[[0.16007948672144642, 0.4996593584902365, -0.36704516957474254], [0.4571067811865474, 0.42677669529663675, 0.7803300858899108], [0.5465455546220863, -0.29269367563694015, -0.16007948672144645]]
11	[[0.08740825448676931, -0.06334395238859675, -0.994156597696443], [0.7119981850616444, -0.6940087028176986, 0.10681996481098455], [-0.6967197295301035, -0.717174639895393, -0.015561310176609944]]	0.7649708794477861	0.2350291205522141	[[0.06686476930573981, -0.048456278966403546, -0.760500846848667], [0.5446578777918336, -0.5308964477388719, 0.08171416242404039], [-0.5329703042272669, -0.5486177149984282, -0.011903949131161093]]	0.9051970583291883	0.16026101036857313	[[0.053546034233224675, -0.05354603423322469, -0.8381254045119617], [0.684022460042782, -0.6703236303369529, 0.09050738963101855], [-0.6061509743638278, -0.6176890041003876, 0.0]]	[[-0.025575660601887984, 0.0037927251318772602, 0.06178222324141278], [0.039523797389260554, -0.042108994091516375, -0.006185728286712078], [0.02451767528672961, 0.0314953702412171, 0.014086052195615387]]	0.18480238774911312	[[0.0, 0.0, -0.8748199981439998], [0.7071067811865475, -0.7071067811865476, 0.0], [-0.6185911530052253, -0.6185911530052252, 0.0]]
11	[[-0.5446221603179724, 0.8109226453022452, -0.2139887049042392], [-0.8354447797583356, -0.5021691245819775, 0.22328947644507607], [0.07361197229480154, 0.30038414347728, 0.9509735242804028]]	0.7128292559874733	0.2871707440125266	[[-0.3882226093337507, 0.5780493859141932, -0.15253740930661178], [-0.595529480773753, -0.3579608434556518, 0.15916727136417605], [0.05247276744267389, 0.2141226055053439, 0.6778817497765849]]	0.8118059368288731	0.22213446723978186	[[-0.45261198205617026, 0.6478273387838631, -0.1006409064327081], [-0.7553256384208528, -0.4333432241652641, 0.194370067170438], [0.054415364893751386, 0.17534172118299823, 0.7824904317593814]]	[[-0.010484478981473944, -0.010484478981473944, 0.07307639462287512], [-0.07710660632034554, -0.025679347537456834, 0.013102344560914376], [-0.0053432712368510285, -0.06851190982111371, 0.010484478981473944]]	0.372216224553733	[[-0.32015897344289285, 0.5465455546220862, -0.09377239226369964], [-0.8535533905932738, -0.45710678118654735, 0.25000000000000017], [0.09377239226369964, 0.16007948672144653, 0.6128526490798332]]
11	[[0.8489524140446696, -0.5135124485683378, 0.12483895166604869], [0.522794976890395, 0.7815435453534784, -0.34040431673891397], [0.0772347773085365, 0.35425224329800037, 0.9319550081910795]]	0.7582454848064416	0.24175451519355842	[[0.6437143347648995, -0.38936849551884223, 0.09465857142875103], [0.39640693070663, 0.5926018644438933, -0.25811003617590333], [0.05856292116422882, 0.26861016396326176, 0.7066506770036364]]	0.8812006850877551	0.19852319420609818	[[0.714203624950678, -0.45605078522027825, 0.0539320177552184], [0.505056963799623, 0.6689621437457083, -0.2941391184284034], [0.023117060300524496, 0.26613375253460037, 0.7981568464660658]]	[[-0.033893823912388335, -0.0035432637407684466, -0.056076151978540864], [0.04436967200336984, -0.019734563845690015, 0.005825398688756823], [-0.04494227837635808, -0.046033566953471675, -0.023082545222877802]]	0.44123532515729097	[[0.6762769255268141, -0.676276925526814, 0.0], [0.7071067811865475, 0.7071067811865476, 0.0], [0.0, 0.0, 0.9563999999999999]]
11	[[0.8592155572171323, 0.2624339665249735, -0.4391776855101157], [-0.4266000482917053, 0.8413623931712975, -0.33184593135155627], [0.2824199444684594, 0.4724804086637203, 0.8348660002631537]]	0.6915257464131762	0.30847425358682384	[[0.5941696795343905, 0.18147984458535277, -0.3037026767803939], [-0.2950049168148186, 0.5818237569417577, -0.22948000537206054], [0.19530066290051915, 0.32673236726678173, 0.5773313339869603]]	0.781400593657519	0.2842873111234917	[[0.6800979728942002, 0.16397811578870955, -0.27417366844595753], [-0.3387056080841808, 0.7413381701209757, -0.40653607738214304], [0.20473753274182274, 0.37340435613067746, 0.64892873172261]]	[[0.00870642640495703, -0.04108794144980221, 0.0690000357327821], [-0.0053600770947160835, 0.0838970966158128, -0.14723146962120465], [-0.015945579526555023, 0.0042078843092991465, -0.0034360565074968126]]	0.39880809045393817	[[0.5224376395757387, 0.28573063290573314, -0.3060368837692809], [-0.573223304703363, 0.7803300858899106, -0.2499999999999999], [0.1673771295707303, 0.30603688376928084, 0.5714612658114663]]
11	[[-0.42203838922340475, -0.825029846081567, 0.3757783270710803], [0.2588054115689476, 0.28760896992378115, 0.9221175843470338], [-0.8688517462515349, 0.4864224845687207, 0.09214016247897017]]	0.6640577030419901	0.33594229695801	[[-0.28025784334323556, -0.5478674245300119, 0.24953849272778328], [0.1718617271413122, 0.19098895194185894, 0.6123392849961199], [-0.5769676948998165, 0.32301259781068253, 0.0611863846537007]]	0.8157667782581497	0.3045541077465961	[[-0.2618857823240719, -0.5747920639008495, 0.31249894117377114], [0.2641041846806433, 0.23556762176922647, 0.8284651441337638], [-0.6692825224708704, 0.3464865151600044, 0.023875909995386288]]	[[0.08239911475396401, 0.0982398756039276, 0.0059514659597586774], [0.05297932788926844, 0.0009457789763584398, 0.07623225317579643], [0.03949786735271173, -0.05032078794894543, -0.051288973498265646]]	0.40289717957417215	[[-0.29269367563694004, -0.5465455546220863, 0.16007948672144645], [0.25000000000000006, 0.1464466094067262, 0.9571067811865475], [-0.5465455546220863, 0.32015897344289274, 0.09377239226369964]]
11	[[0.8787972042104137, -0.3840163418041313, 0.28327887866788265], [-0.395223040501579, -0.9183905790867732, -0.018907472103605397], [0.2674214316928388, -0.09534250611366366, -0.9588511794847616]]	0.6869970302608032	0.31300296973919695	[[0.6037310694940509, -0.2638180863910557, 0.19461174838044576], [-0.2715170551152299, -0.6309316004521124, -0.01298937718491592], [0.18371772940107248, -0.06550001855770941, -0.6587279127680995]]	0.8279609167329629	0.28138628174504215	[[0.6555891912814227, -0.26814506641748764, 0.16903124022722804], [-0.31770129318220364, -0.8545316533021787, -0.0334903623116683], [0.1597294071998958, -0.0530902780067462, -0.7539696343217603]]	[[-0.07202054753899614, 0.04980545598309971, -0.0655125998457179], [0.009527937745472748, -0.09414014752257713, -0.017835714375664266], [-0.0616850865385484, 0.02584959075874087, 0.03992166725492573]]	0.4107197991131335	[[0.5095822630297565, -0.2930661367899762, 0.17167416825927947], [-0.47855339059327373, -0.8749999999999999, -0.07322330470336318], [0.17167416825927947, -0.04484195798050112, -0.5861322735799523]]
11	[[-0.30792515101507295, 0.09349718223056193, 0.9468053539599837], [0.3027085282091916, -0.9338174967034747, 0.1906631317268273], [0.9019698710720718, 0.34531602882779927, 0.2592434992682147]]	0.7180426573625955	0.2819573426374045	[[-0.22110339370364146, 0.06713496518474757, 0.6798466323625596], [0.21735763600164815, -0.6705207968246498, 0.13690426176620568], [0.6476528430855881, 0.24795163896941158, 0.186147891118527]]	0.8306196296033138	0.280532262755388	[[-0.2356334427917337, 0.07331053772743251, 0.7278362346306562], [0.24699211846591684, -0.8486031948412343, 0.11851210184833222], [0.66600602229213, 0.2529480939110776, 0.1623229050643012]]	[[0.020135232089950633, -0.004350057145870345, -0.058598877782019866], [-0.0044435271129660584, -0.0729560516123005, -0.0398564380056129], [-0.08318785793110298, -0.033878178049956256, -0.05300983427493028]]	0.41875960255611194	[[-0.33475425914146056, 0.09804725247145499, 0.5714612658114663], [0.14644660940672619, -0.9571067811865475, 0.2499999999999999], [0.5714612658114663, 0.16737712957073025, 0.3060368837692809]]
11	[[0.04673222253661188, -0.9725397674033924, -0.22799671093185395], [-0.8377629715199755, -0.16246744520517667, 0.5213036857710898], [-0.5440306084466285, 0.16664552219444034, -0.8223502702654952]]	0.6611878012350854	0.3388121987649147	[[0.03089877546581113, -0.6430314304231304, -0.15074864398986385], [-0.553918657095464, -0.10742149286749245, 0.34467963777073274], [-0.35970640180341196, 0.1101839864054146, -0.5437279670419208]]	0.760061235887901	0.3943274460266718	[[-0.009756787425377497, -0.8031898333794919, -0.12596971422876843], [-0.6874710402141964, -0.14746972800267802, 0.2722848923365503], [-0.2718582911723014, 0.029765587675001867, -0.5845754800732462]]	[[-0.045276138242343264, -0.0640000558167377, 0.047321747660472965], [-0.0507198806996035, -0.02398452080848153, -0.12393783134354225], [0.14163828544448984, -0.09689521387928911, 0.04046108267749549]]	0.3593873176623328	[[0.0980472524714551, -0.6407911429107415, -0.16737712957073028], [-0.8535533905932738, -0.2500000000000001, 0.4571067811865474], [-0.33475425914146056, 0.09804725247145499, -0.5714612658114663]]
11	[[-0.8305561570912853, 0.32773595720904825, 0.4502950280316503], [-0.5100865793185324, -0.772219296347621, -0.37879947194723407], [0.22358030216652452, -0.5443036842615101, 0.808545204538665]]	0.6653479343954922	0.3346520656045077	[[-0.5526088235201446, 0.21805844215616968, 0.2996028667694188], [-0.33938505191244794, -0.5137945137252302, -0.2520334462101954], [0.1487586922180171, -0.36215133200725186, 0.5379638817051814]]	0.7702151824120473	0.38452933205240236	[[-0.6069535317169847, 0.24094096344263743, 0.19731791439446314], [-0.5676631136291799, -0.6249467359835683, -0.30377314938242794], [0.1771895543769109, -0.27022316864468293, 0.586487005478507]]	[[0.03275343032052849, -0.011486246622116558, -0.14950615276017232], [-0.17478668589341922, -0.030171709785082563, -0.012016044999001798], [0.004984611159980489, 0.14900779281634557, -0.03626678672362698]]	0.40259862522915224	[[-0.49965935849023646, 0.27327277731104316, 0.2926936756369402], [-0.573223304703363, -0.7803300858899106, -0.2499999999999999], [0.16007948672144645, -0.29269367563694015, 0.5465455546220863]]
11	[[0.034229894132735264, 0.2773841392786001, 0.9601491309293217], [-0.1827544195208179, -0.9427759796974285, 0.2788803941677556], [0.9825625356654255, -0.18501754344446375, 0.018422055382213542]]	0.8410008362651776	0.15899916373482237	[[0.028787369590898858, 0.2332802930999993, 0.8074862220508431], [-0.15369661964816494, -0.7928753873362596, 0.23453864471304484], [0.8263359141774563, -0.15559990876052288, 0.015492963982165002]]	0.9038880723329855	0.14609739712347686	[[0.009101811192610481, 0.2284770677452271, 0.8351876267740871], [-0.16593121317322956, -0.8258324135942763, 0.25454653605325656], [0.8671295224190094, -0.15513260370948787, 0.0]]	[[-0.021838181831189768, -0.02224714720305107, -0.032679720333808775], [-0.0007416732022237794, 0.026331549336274393, 0.002469874157500755], [-0.02099703389022223, 0.01210254698231286, -0.0166514761278405]]	0.3571850488876212	[[0.0, 0.0, 0.9563999999999999], [0.0, -1.0, 0.0], [0.9563999999999999, 0.0, 0.0]]
11	[[0.5319609947059123, -0.8460851799387872, 0.03402011756955908], [-0.703274286200726, -0.4190807785627857, 0.5742617690636116], [-0.47161719485230363, -0.3294103357928521, -0.8179645788128509]]	0.6931609483625072	0.3068390516374928	[[0.3687345875822129, -0.5864732057218324, 0.023581416957919585], [-0.4874822711818605, -0.2904904299090784, 0.3980558324524642], [-0.32690662204788806, -0.2283343807585853, -0.5669811031768545]]	0.7739660917020283	0.2722283673761967	[[0.43600383078203486, -0.6357501351978385, 0.005246670628764595], [-0.608914040254369, -0.38058557858273234, 0.5431029468299935], [-0.31132813745812843, -0.3039082246976251, -0.6330768482144778]]	[[0.024284058771576515, 0.01909110476639187, -0.02108374680579055], [-0.06460358956905946, -0.05623126629104987, 0.0986438098139372], [0.05368757962118293, -0.04895579453777854, 8.232230325622483e-18]]	0.375983287439862	[[0.5658259215013862, -0.5658259215013862, 0.0], [-0.5, -0.5000000000000001, 0.7071067811865475], [-0.4000993460647572, -0.40009934606475733, -0.5658259215013862]]
11	[[0.22433838825039393, -0.7661379269479729, -0.6022499185961573], [-0.9416906372873723, -0.011392912655017143, -0.3362869982418849], [0.2507808429735371, 0.642575192824231, -0.724020780340167]]	0.65622446890454	0.34377553109546016	[[0.14721633968451525, -0.5027584542190587, -0.39521113297856575], [-0.6179604383262838, -0.007476308056314426, -0.2206797568207829], [0.16456852549174225, 0.42167356464231326, -0.47512015205457675]]	0.7529981224629718	0.4185673401892943	[[0.20293364226668645, -0.5096029659625462, -0.36594663749453227], [-0.8188697089809541, 0.05321992613404336, -0.20317470621226102], [0.16999177560105577, 0.36594663749453227, -0.42366905725012194]]	[[0.03400725711777056, 0.06729745457695081, 0.0875464204618518], [-0.10977842716260316, 0.06179876797265593, 0.050048772072586976], [-0.018845728307699056, -0.11791127624339579, 0.12151723097019956]]	0.39602568658065784	[[0.11207705891437111, -0.6532329702382967, -0.3826550145763338], [-0.8535533905932738, 0.14644660940672602, -0.5], [0.3826550145763338, 0.3826550145763339, -0.5411559113239258]]
11	[[-0.3195682178843842, -0.5708200961323295, -0.7563336379995778], [0.910087742671785, 0.03735879733279218, -0.41272826520656647], [0.2638493031197415, -0.8202248094963509, 0.507557688474819]]	0.6698651172939811	0.3301348827060189	[[-0.21406760175655157, -0.38237247064944446, -0.5066415211319706], [0.6096360324926499, 0.0250253551572929, -0.27647226778313794], [0.1767434443822408, -0.5494399882207065, 0.3399951905236466]]	0.7446390744874777	0.2843019434413271	[[-0.2878781469139874, -0.439857411481115, -0.5389709693981688], [0.7596934297414812, 0.01378150670047143, -0.3413615613657355], [0.19099224116495533, -0.5757586852236779, 0.38476644405872257]]	[[-0.049915164912946966, -0.014802463398284171, 0.02422461080558378], [0.0820065353359655, -0.014037313569384258, -0.034027967947495665], [-0.005480259714294923, 0.03501275779135242, 0.0068191566638299145]]	0.37650688072279087	[[-0.36597125594080565, -0.3659712559408057, -0.5175615135902026], [0.8535533905932738, -0.14644660940672602, -0.5], [0.10719049914570453, -0.624752012735907, 0.36597125594080565]]
