11	[[-0.30792515101507295, 0.09349718223056193, 0.9468053539599837], [0.3027085282091916, -0.9338174967034747, 0.1906631317268273], [0.9019698710720718, 0.34531602882779927, 0.2592434992682147]]	0.8130748668798922	0.186925133120108	[[-0.2503662011705511, 0.07602020899575918, 0.7698236371321828], [0.2461246962770965, -0.7592635368222921, 0.1550234004476935], [0.7333690328515982, 0.2807677841706559, 0.21078437365698113]]	0.8487321032520152	0.26267390904957244	[[-0.25576201962127476, 0.07866362054355426, 0.7428049110792369], [0.24377586787859815, -0.8497644716600725, 0.11892478218994242], [0.6795401818305846, 0.26398172641002327, 0.17709839907772054]]	[[0.005583941443942491, -0.0006904395791275039, -0.060779188357488925], [-0.013142577940711078, -0.05720358362940072, -0.042897138613183755], [-0.08599060391436386, -0.02909907302362828, -0.04292988131060361]]	0.30746965972731216	[[-0.2001375396394126, 0.11723785638078509, 0.7662119854354927], [0.4571067811865472, -0.8535533905932738, 0.25000000000000017], [0.6833123021768652, 0.4002750792788249, 0.11723785638078506]]
11	[[0.5319609947059123, -0.8460851799387872, 0.03402011756955908], [-0.703274286200726, -0.4190807785627857, 0.5742617690636116], [-0.47161719485230363, -0.3294103357928521, -0.8179645788128509]]	0.7929464866260242	0.20705351337397593	[[0.4218166017741383, -0.6709002708188089, 0.02697613270138615], [-0.5576588743772909, -0.33230863097385976, 0.45535885218263605], [-0.37396719769055525, -0.261204768425241, -0.6486021389541856]]	0.8435357069547534	0.20084171765733352	[[0.501491663158592, -0.6927348097495534, 0.0065558790726698915], [-0.5937610113372688, -0.3893193900832177, 0.5675003601300214], [-0.36387956882580785, -0.35460815572796023, -0.6861789306768836]]	[[0.05276356941698633, 0.02096825065405135, -0.02214130485205196], [-0.0005240391438396729, -0.035809789267109766, 0.08309005278586035], [0.03394637504594781, -0.07673877524673398, 0.0038033985759617305]]	0.2848315714661862	[[0.40027507927882494, -0.6833123021768652, -0.11723785638078484], [-0.7071067811865477, -0.49999999999999983, 0.49999999999999994], [-0.40027507927882494, -0.11723785638078492, -0.6833123021768652]]
11	[[0.22433838825039393, -0.7661379269479729, -0.6022499185961573], [-0.9416906372873723, -0.011392912655017143, -0.3362869982418849], [0.2507808429735371, 0.642575192824231, -0.724020780340167]]	0.777099988432219	0.2229000115677811	[[0.17433335891428375, -0.5953657741687539, -0.4680084047743786], [-0.7317877833427459, -0.008853432292423143, -0.2613286224436744], [0.19488179017375779, 0.4993451749105408, -0.56263654002703]]	0.7877632040302889	0.20338141297695267	[[0.16439923659725736, -0.6753781563948489, -0.43234573587476244], [-0.8257775132967358, -0.02337816509055846, -0.31409028689681334], [0.23964050999577752, 0.46411250310406976, -0.6298735271206066]]	[[-0.012326290917863886, -0.07184288833319041, 0.042084589625527136], [-0.08394827966191085, -0.014403247714204953, -0.04917576368805791], [0.042084589625527136, -0.04208458962552715, -0.059516597415326555]]	0.325243510275467	[[0.19573451376734527, -0.6682794315289742, -0.3578862942212209], [-0.9571067811865474, -0.14644660940672607, -0.2499999999999999], [0.11465862354040769, 0.39146902753469076, -0.6682794315289742]]
11	[[-0.3195682178843842, -0.5708200961323295, -0.7563336379995778], [0.910087742671785, 0.03735879733279218, -0.41272826520656647], [0.2638493031197415, -0.8202248094963509, 0.507557688474819]]	0.7720290169451026	0.2279709830548975	[[-0.2467159371001795, -0.4406896776695513, -0.5839115150273271], [0.7026141453086856, 0.028842075579086898, -0.3186381968528831], [0.20369931810918437, -0.6332373533494519, 0.3918492632761431]]	0.8107063614445741	0.20723424497006793	[[-0.2952659016101557, -0.4888513820653752, -0.6025249699020105], [0.7771447442741557, 0.01202145927894846, -0.3112801265314598], [0.19367814570454853, -0.6389940910756156, 0.44197117996334406]]	[[-0.03618991445577985, -0.026083898890492264, 0.010639521798764894], [0.03933082181740667, -0.01826555537466481, 0.02332130361948684], [-0.02022616279734359, 0.025967379797740095, 0.030490933116704873]]	0.2947059618462593	[[-0.4278997057624463, -0.4278997057624464, -0.6051415672247086], [0.8535533905932738, -0.14644660940672602, -0.5], [0.12532892215009225, -0.7304704893748006, 0.4278997057624463]]
11	[[0.3802729664721569, 0.7767473726770865, -0.5020517802076895], [0.4287143634067757, 0.332951791095048, 0.839849450446521], [0.8195098935212374, -0.5346088512602871, -0.20639019011321075]]	0.7735157055773835	0.22648429442261667	[[0.29414711197271515, 0.6008262920316955, -0.3883449370037323], [0.3316172933017508, 0.25754343961213955, 0.6496367402409184], [0.6339037735147264, -0.41352834279051554, -0.15964605352967054]]	0.8519950694086336	0.2392193046662108	[[0.34595459122285005, 0.6004886365799847, -0.4324912573125939], [0.4026961523361687, 0.2923141639665125, 0.7183843388525134], [0.6622775750027854, -0.4324912573125939, -0.08151014522694407]]	[[0.021963898759177775, -0.06129629511700312, -0.004745615987815574], [0.0374336285289347, 0.00864087960275818, 0.0028367480265270462], [-0.03594081360890308, 0.02299284802338421, 0.094333279123822]]	0.2605296465635324	[[0.20013753963941247, 0.6246933739864727, -0.4588940074692174], [0.4571067811865474, 0.42677669529663675, 0.7803300858899108], [0.6833123021768652, -0.3659369061566676, -0.20013753963941253]]
11	[[0.8489524140446696, -0.5135124485683378, 0.12483895166604869], [0.522794976890395, 0.7815435453534784, -0.34040431673891397], [0.0772347773085365, 0.35425224329800037, 0.9319550081910795]]	0.8285370227443264	0.17146297725567378	[[0.7033885055841791, -0.42546407527895963, 0.10343369333591083], [0.43315499365845667, 0.6475377622122163, -0.28203757912017646], [0.0639918724435359, 0.29351109896262395, 0.7721592278183012]]	0.9048467552002201	0.16027519574266033	[[0.7479356253280398, -0.4707371789259311, 0.06684546849980795], [0.5085561487266108, 0.6668976327915781, -0.2956241038465444], [0.02196332695243479, 0.2929274118413515, 0.8292874004497051]]	[[-0.020236211839673144, -0.00608710608395069, -0.04611465183781331], [0.03550681025236295, -0.04027950826919269, 0.012389637610809832], [-0.04792231068380605, -0.02761658102924299, -0.01398906470458764]]	0.30900880623603044	[[0.668279431528974, -0.3914690275346908, 0.1146586235404077], [0.49999999999999994, 0.7071067811865475, -0.4999999999999999], [0.11465862354040755, 0.3914690275346908, 0.6682794315289742]]
11	[[-0.42203838922340475, -0.825029846081567, 0.3757783270710803], [0.2588054115689476, 0.28760896992378115, 0.9221175843470338], [-0.8688517462515349, 0.4864224845687207, 0.09214016247897017]]	0.753738545296256	0.24626145470374422	[[-0.31810660155242415, -0.6218567960115142, 0.2832386096004167], [0.19507161443077736, 0.2167819666045055, 0.6950355666178307], [-0.6548870512977436, 0.36663537591821804, 0.06944959203025963]]	0.851295089469099	0.24377581964847747	[[-0.2804638909833682, -0.6343977512726318, 0.33174647294467285], [0.25641055414175573, 0.23191418835541544, 0.8305655356472597], [-0.7374417645108914, 0.3742250529520135, 0.022410785432595073]]	[[0.07881531732996457, 0.06794610536205291, 0.011848228380149171], [0.036090778145081485, -0.012925915427965328, 0.04557136417952208], [0.002207460549692065, -0.03986401956869694, -0.05602768242863716]]	0.2701867080074502	[[-0.36593690615666746, -0.6833123021768652, 0.20013753963941253], [0.25000000000000006, 0.1464466094067262, 0.9571067811865475], [-0.6833123021768652, 0.4002750792788249, 0.11723785638078506]]
11	[[-0.5446221603179724, 0.8109226453022452, -0.2139887049042392], [-0.8354447797583356, -0.5021691245819775, 0.22328947644507607], [0.07361197229480154, 0.30038414347728, 0.9509735242804028]]	0.8014942245434317	0.1985057754565686	[[-0.4365115160532217, 0.6499498167612313, -0.17151071109827645], [-0.669604165901265, -0.40248565309648593, 0.17896522577205506], [0.05899957065153452, 0.24075615614146545, 0.7621997874044557]]	0.8564184324144511	0.1705056885567341	[[-0.4834674894068049, 0.6774460680900138, -0.132637735004899], [-0.7625536341379051, -0.44850481931581465, 0.21027736455959453], [0.04623877564033649, 0.21392699465584544, 0.8314742875409837]]	[[-0.01704303260911502, -0.017043032609115015, 0.05062613620358816], [-0.04706332548843499, -0.01843792483438031, 0.01904814116785894], [-0.016803874279313475, -0.043327522623124254, 0.01704303260911502]]	0.22423482251237448	[[-0.40027507927882494, 0.6833123021768651, -0.11723785638078506], [-0.8535533905932738, -0.45710678118654735, 0.25000000000000017], [0.11723785638078506, 0.2001375396394126, 0.7662119854354927]]
11	[[0.034229894132735264, 0.2773841392786001, 0.9601491309293217], [-0.1827544195208179, -0.9427759796974285, 0.2788803941677556], [0.9825625356654255, -0.18501754344446375, 0.018422055382213542]]	0.8753831755290462	0.12461682447095378	[[0.02996427342393686, 0.2428174086830923, 0.8404983952143635], [-0.1599801441021011, -0.8252902309200428, 0.24412720503936208], [0.8601187126266719, -0.16196124470899798, 0.01612635734025405]]	0.9212811395948346	0.1258358736124583	[[0.009020587520809012, 0.23815709751670386, 0.8649757864042041], [-0.16470990651049522, -0.8268965830398785, 0.25319871040775493], [0.8984515425092992, -0.16107592280878202, 0.0]]	[[-0.022514768354007883, -0.017391678423417187, -0.019591499119351475], [0.0036582933716363814, 0.04166514591840513, -0.003728536941771615], [-0.0067647900717343985, 0.00937725046077036, -0.01697189217620485]]	0.242643781961029	[[-0.05993755438690433, 0.2294665590057748, 0.783447837868602], [-0.2803300858899109, -0.9267766952966368, 0.25000000000000017], [0.783447837868602, -0.20463961108324397, 0.11987510877380884]]
11	[[0.8787972042104137, -0.3840163418041313, 0.28327887866788265], [-0.395223040501579, -0.9183905790867732, -0.018907472103605397], [0.2674214316928388, -0.09534250611366366, -0.9588511794847616]]	0.7889593046136093	0.21104069538639067	[[0.693335231130232, -0.30297326599004953, 0.22349550712553573], [-0.3118148952014022, -0.7245727926399906, -0.014917226042861748], [0.21098462678715796, -0.07522135732355488, -0.7564945597942366]]	0.8464131859452233	0.24921014569948005	[[0.6920337533806007, -0.31319589215450894, 0.1445192271784072], [-0.3593778176035363, -0.8404982534863664, -0.025693462051873374], [0.13186780279150712, -0.055118625695415924, -0.8115842816750323]]	[[-0.051791788034890526, 0.011840603166955682, -0.0952517510258657], [-0.024855824733636813, -0.06316035749945217, -0.009689928350490304], [-0.09448122319766146, 0.025580528660252053, 0.0]]	0.25779385802636345	[[0.651488064872239, -0.3746776608779559, 0.21948109222407952], [-0.47855339059327373, -0.8749999999999999, -0.07322330470336318], [0.21948109222407952, -0.05732931177020383, -0.7493553217559118]]
11	[[0.08740825448676931, -0.06334395238859675, -0.994156597696443], [0.7119981850616444, -0.6940087028176986, 0.10681996481098455], [-0.6967197295301035, -0.717174639895393, -0.015561310176609944]]	0.8670221559712386	0.13297784402876148	[[0.07578489325480142, -0.05492061016770065, -0.8619557967078015], [0.6173182014597556, -0.6017209217798035, 0.09261527619119166], [-0.6040714420048887, -0.6218063024900002, -0.013492000699061528]]	0.9327284117392226	0.10284889504121922	[[0.06384186900163726, -0.055041508904805865, -0.8950040620550211], [0.680583536519165, -0.662832036573533, 0.09868818717409703], [-0.6416012833710584, -0.6614866782697012, 0.0]]	[[-0.017686293378704844, 0.00404119519989491, 0.03227404233445139], [0.01648260020540867, -0.015510401461182951, -0.0009458289460922403], [0.008249003380935845, 0.007442484539577611, 0.014514476125610794]]	0.14383705116165765	[[0.0, 0.0, -0.9354413519999999], [0.7071067811865475, -0.7071067811865476, 0.0], [-0.6614569234015122, -0.6614569234015121, 0.0]]
11	[[0.8592155572171323, 0.2624339665249735, -0.4391776855101157], [-0.4266000482917053, 0.8413623931712975, -0.33184593135155627], [0.2824199444684594, 0.4724804086637203, 0.8348660002631537]]	0.8009636249797031	0.199036375020297	[[0.68820040734759, 0.21020006114564485, -0.3517653509963783], [-0.34169112109624067, 0.6739006723560808, -0.2657965201101082], [0.22620810248802367, 0.37843962085518484, 0.6686972979430813]]	0.8325798120312009	0.20639164022432965	[[0.7321660254621664, 0.16459174145606875, -0.33098435328701387], [-0.3513073715664051, 0.7466533428120142, -0.3914259713569444], [0.24941204590572036, 0.3897275783212329, 0.7022514121529375]]	[[0.01680049834004278, -0.05390548106389616, 0.03466612156329615], [0.0038712164528040974, 0.04615199965533426, -0.11513774820894686], [0.014274901626308192, -0.0036500715124322836, 0.007158834582600312]]	0.2640338783873677	[[0.6682794315289742, 0.19573451376734538, -0.3578862942212209], [-0.4571067811865474, 0.7803300858899107, -0.4267766952966369], [0.19573451376734538, 0.44879833930489466, 0.6109501197587702]]
11	[[-0.8305561570912853, 0.32773595720904825, 0.4502950280316503], [-0.5100865793185324, -0.772219296347621, -0.37879947194723407], [0.22358030216652452, -0.5443036842615101, 0.808545204538665]]	0.7878425445445714	0.21215745545542866	[[-0.6543474761899589, 0.2582043304663274, 0.35476158068022445], [-0.4018679085883489, -0.6083872153809281, -0.29843433985104884], [0.1761460741689188, -0.428825599613573, 0.6370063113230526]]	0.8072565264086762	0.24578387432072155	[[-0.6758797268301382, 0.3312386901530284, 0.36259170072775027], [-0.4958952793772312, -0.6265342090201897, -0.36914031453787577], [0.05610055142669952, -0.47734761051878827, 0.6619402378395395]]	[[-0.00540784846928829, 0.0666716997572295, -0.0009118994601772358], [-0.08412455918886907, -0.003155142224857077, -0.06335196860831088], [-0.1243861066736513, -0.03795490905039681, 0.009236844579264294]]	0.27002783838805217	[[-0.6246933739864726, 0.3416561510884326, 0.36593690615666763], [-0.573223304703363, -0.7803300858899106, -0.2499999999999999], [0.20013753963941253, -0.3659369061566676, 0.6833123021768652]]
11	[[0.04673222253661188, -0.9725397674033924, -0.22799671093185395], [-0.8377629715199755, -0.16246744520517667, 0.5213036857710898], [-0.5440306084466285, 0.16664552219444034, -0.8223502702654952]]	0.7714540002968207	0.2285459997031794	[[0.036051760018630453, -0.7502696940110866, -0.17588897470289658], [-0.6462955956796365, -0.12533616052153804, 0.4021618137575839], [-0.4196945891700648, 0.12855935472845367, -0.634405405641488]]	0.7942530063466794	0.20133548195042522	[[0.06549083886472512, -0.811017913692898, -0.11633174043477348], [-0.7525187136797677, -0.1489258700319858, 0.4412412497382209], [-0.4295879075043369, 0.06289975793532326, -0.693842284760608]]	[[0.028373630621759134, -0.03857527964105323, 0.06475533266000633], [-0.0871229549440998, -0.01988561324430986, 0.027194230094928204], [0.002510038799010947, -0.06945894906182332, -0.04068811033223412]]	0.23078757569768216	[[0.11987510877380884, -0.783447837868602, -0.20463961108324383], [-0.8535533905932738, -0.2500000000000001, 0.4571067811865474], [-0.40927922216648766, 0.1198751087738087, -0.6986833355591668]]
