11	[[-0.30792515101507295, 0.09349718223056193, 0.9468053539599837], [0.3027085282091916, -0.9338174967034747, 0.1906631317268273], [0.9019698710720718, 0.34531602882779927, 0.2592434992682147]]	0.5702063601502095	0.42979363984979085	[[-0.1755808795590083, 0.05331268796398957, 0.5398744346522529], [0.17260632805659015, -0.5324686758398685, 0.10871733035679412], [0.5143089571491597, 0.19690139589942424, 0.1478222921103322]]	0.783484551820918	0.32030928721695845	[[-0.1648511419836433, 0.07008916896062538, 0.7117023785976845], [0.2597227088814541, -0.8362492452926891, 0.13560658398176612], [0.6566360534053, 0.23206292242907756, 0.09476197302301793]]	[[0.0764034569537897, -0.003164428955805154, -0.030104989811298985], [0.02255525332510595, -0.1046176624054354, -0.013775034327999836], [-0.050043406787573325, -0.03848685165365002, -0.10835130381362579]]	0.4876837131171237	[[0.0, 0.0, 0.9008], [0.0, -1.0, 0.0], [0.9008, 0.0, 0.0]]
11	[[0.08740825448676931, -0.06334395238859675, -0.994156597696443], [0.7119981850616444, -0.6940087028176986, 0.10681996481098455], [-0.6967197295301035, -0.717174639895393, -0.015561310176609944]]	0.578492067617398	0.4215079323826021	[[0.050564981864878886, -0.03664397398833735, -0.5751117057368931], [0.4118853022161456, -0.40147852943747875, 0.06179450230632415], [-0.4030468368857039, -0.4148798402758488, -0.009002094498902746]]	0.8194858830134149	0.3032163910774592	[[0.045315214152328004, -0.04531521415232802, -0.6944332533079237], [0.6784837989880566, -0.6634251188783538, 0.09732973132904242], [-0.4986944471252822, -0.5097147032434378, 0.0]]	[[-0.02631461645842342, 0.0065942606044008985, 0.12026404400895829], [0.09501133759886612, -0.09469478423079748, 0.009792278142450817], [0.07225753564156223, 0.07799978980606614, 0.012752274010924838]]	0.3025901649571305	[[0.0, 0.0, -0.7309457285120001], [0.7071067811865475, -0.7071067811865476, 0.0], [-0.5168566813101765, -0.5168566813101764, 0.0]]
11	[[0.8787972042104137, -0.3840163418041313, 0.28327887866788265], [-0.395223040501579, -0.9183905790867732, -0.018907472103605397], [0.2674214316928388, -0.09534250611366366, -0.9588511794847616]]	0.5604365800807112	0.4395634199192888	[[0.4925100997121747, -0.21521680529581277, 0.15875984596972692], [-0.22149744918780537, -0.5146996753217351, -0.010596439003716058], [0.1498727526182221, -0.05343342806266596, -0.537375275836796]]	0.7810280648686238	0.3805882032956631	[[0.5401616572361326, -0.2268064113431419, 0.21977221747995246], [-0.34558237944575576, -0.8462108377845889, -0.02569750172068613], [0.1975649129387813, -0.07446517304967967, -0.6254707687871675]]	[[-0.14620362258028374, 0.07312112897406677, -0.0014765369441776008], [-0.03690209293131379, -0.12892202100687153, -0.010930235372049723], [-0.011298730360673442, 0.0, 0.12341891242281336]]	0.5171574097088026	[[0.9008, 0.0, 0.0], [0.0, -1.0, 0.0], [0.0, 0.0, -0.9008]]
11	[[0.8592155572171323, 0.2624339665249735, -0.4391776855101157], [-0.4266000482917053, 0.8413623931712975, -0.33184593135155627], [0.2824199444684594, 0.4724804086637203, 0.8348660002631537]]	0.5021500194219434	0.4978499805780567	[[0.43145510874421883, 0.13178122138749307, -0.22053308330858876], [-0.2142172225350818, 0.42249014207185975, -0.16663644087327695], [0.14181718059998102, 0.23725604638697487, 0.4192279782468628]]	0.7241251851612501	0.48159292948266513	[[0.43749594702706407, 0.17296376465280355, -0.27958303043364513], [-0.3488265528084317, 0.7495120836726803, -0.2559047719995606], [0.2321044425130565, 0.3016759508791246, 0.43166020177001907]]	[[-0.1846836774362185, -0.017071279949694235, 0.03843659240505675], [-0.039914713849402365, 0.14026038492980203, -0.015606775514607376], [0.02759704793160334, -0.0404590125295551, -0.17288729525536942]]	0.5895523494992423	[[0.5062587930098248, -0.086860276739219, -0.2965595348745218], [-0.14644660940672619, 0.8535533905932737, -0.5], [0.2965595348745218, 0.29655953487452186, 0.4193985162706057]]
11	[[0.8489524140446696, -0.5135124485683378, 0.12483895166604869], [0.522794976890395, 0.7815435453534784, -0.34040431673891397], [0.0772347773085365, 0.35425224329800037, 0.9319550081910795]]	0.6464932762399362	0.3535067237600638	[[0.5488420275275412, -0.3319823452649364, 0.08070754286494286], [0.33798343741165326, 0.5052626471597456, -0.2200691019747575], [0.049931764221857626, 0.22902169338507122, 0.6025026465536676]]	0.8065910838556903	0.2918557719242977	[[0.6300299048626973, -0.38929649711777453, 0.052800250917648395], [0.4765681113743383, 0.6239113846464095, -0.264999331386142], [0.023475904260655562, 0.22302447599222935, 0.6972967068222208]]	[[-0.05472754292349748, 0.024898065346350425, -0.047893734414077946], [0.054886344330004, -0.006474670680671539, 0.009567755401454301], [-0.03882097847998978, -0.06271222488781444, -0.054409893339360686]]	0.46205687157763464	[[0.6369617884928421, -0.636961788492842, 0.0], [0.7071067811865475, 0.7071067811865476, 0.0], [0.0, 0.0, 0.9008]]
11	[[0.034229894132735264, 0.2773841392786001, 0.9601491309293217], [-0.1827544195208179, -0.9427759796974285, 0.2788803941677556], [0.9825625356654255, -0.18501754344446375, 0.018422055382213542]]	0.7233159382056125	0.27668406179438776	[[0.024759027989298195, 0.20063636894565692, 0.6944911694554458], [-0.13218918441692246, -0.6819248922725608, 0.20171863395460118], [0.7107031423305228, -0.13382613802102994, 0.013324966272461537]]	0.8553701938086283	0.2221570522448292	[[0.009250351276023472, 0.20458915050848225, 0.7599348713750476], [-0.16943984649977456, -0.8226884182951016, 0.25862817881801603], [0.7881500478854031, -0.14030330966767496, 0.0]]	[[-0.020028879902343123, -0.03267697446569343, -0.06134807683315256], [-0.013117163254869193, -0.016265945823192823, 0.020082202009316277], [-0.05230465867582903, 0.0179551823264123, -0.015757677082637284]]	0.38318296915420624	[[0.0, 0.0, 0.9008], [0.0, -1.0, 0.0], [0.9008, 0.0, 0.0]]
11	[[0.3802729664721569, 0.7767473726770865, -0.5020517802076895], [0.4287143634067757, 0.332951791095048, 0.839849450446521], [0.8195098935212374, -0.5346088512602871, -0.20639019011321075]]	0.5138684784416702	0.48613152155833006	[[0.1954102906735476, 0.39914599053113936, -0.2579885843942572], [0.2203027976099291, 0.17109343028444113, 0.4315721592210267], [0.4211203020516534, -0.2747186369585729, -0.10605741295876266]]	0.7210123653194266	0.43854554135314444	[[0.28237047486362943, 0.389429385617733, -0.3263199040362954], [0.4225345251352368, 0.3166346806731732, 0.6991712465100697], [0.5001918530521224, -0.3681424800557691, -0.03118967511010681]]	[[0.008188963840504576, -0.1706150748118232, 0.03566563752407972], [0.11342616792890525, 0.07657232223839296, 0.09362940773140296], [-0.09068491367829645, 0.017317112312112016, 0.11762020404214539]]	0.49276131579053256	[[0.3292179561218048, 0.3292179561218049, -0.465584498524207], [0.5, 0.5000000000000001, 0.7071067811865475], [0.465584498524207, -0.4655844985242069, 0.0]]
11	[[-0.42203838922340475, -0.825029846081567, 0.3757783270710803], [0.2588054115689476, 0.28760896992378115, 0.9221175843470338], [-0.8688517462515349, 0.4864224845687207, 0.09214016247897017]]	0.498369435136882	0.5016305648631182	[[-0.21033103364334782, -0.4111696583627392, 0.18727643259909676], [0.12898070677398468, 0.14333551988121532, 0.4595552196408173], [-0.43300915399707096, 0.24241809887239205, 0.04591984072806487]]	0.7126701512172849	0.4457731630122704	[[-0.20229477979631572, -0.4594264908849939, 0.24734202091524182], [0.27037487757427836, 0.23559182056463912, 0.8272104496877638], [-0.52801727098849, 0.2639898169843611, 0.02209820420086736]]	[[0.0984793828710276, 0.12854765428072978, -0.02046397626268338], [0.08593198577558478, 0.030621492477610347, 0.1700447714110456], [0.09118743439799354, -0.08266896864871663, -0.04356733932620551]]	0.6017930177596996	[[-0.3292179561218048, -0.3292179561218049, 0.465584498524207], [0.5, 0.5000000000000001, 0.7071067811865475], [-0.465584498524207, 0.4655844985242069, 0.0]]
11	[[-0.5446221603179724, 0.8109226453022452, -0.2139887049042392], [-0.8354447797583356, -0.5021691245819775, 0.22328947644507607], [0.07361197229480154, 0.30038414347728, 0.9509735242804028]]	0.5587102684835278	0.44128973151647216	[[-0.3042859934133333, 0.45307080887619006, -0.1195576867694899], [-0.46677157720194157, -0.28056704641933483, 0.12475412333417482], [0.041127764804430575, 0.1678277054503856, 0.5313186730714305]]	0.7441812800943508	0.3569473509344708	[[-0.4170361811271867, 0.5712005670575336, -0.07362586414471493], [-0.7292652223680206, -0.3843921189703938, 0.11151434868510993], [0.0657077216933305, 0.08134319435611675, 0.6814315104262408]]	[[-0.011738564694007293, -0.03227288518098833, 0.08562052419665411], [-0.10754285671931943, -0.0106872570151184, -0.05465349972738416], [0.01092706992071523, -0.14219706205685056, -0.02626518420858541]]	0.4517886980566935	[[-0.5737751790743522, 0.573775179074352, 0.0], [-0.7071067811865475, -0.7071067811865476, 0.0], [0.0, 0.0, 0.81144064]]
11	[[0.22433838825039393, -0.7661379269479729, -0.6022499185961573], [-0.9416906372873723, -0.011392912655017143, -0.3362869982418849], [0.2507808429735371, 0.642575192824231, -0.724020780340167]]	0.4518713217593531	0.5481286782406469	[[0.10137208402006839, -0.34619575769995115, -0.2721394667455083], [-0.4255229929594525, -0.005148130500111467, -0.15195845038604577], [0.11332067098637695, 0.2903613017112564, -0.3271642269935495]]	0.6676358696480283	0.5253026042209578	[[0.1599733264538057, -0.40500041559490335, -0.3055541101370884], [-0.8260546537527417, 0.054652543198808856, -0.19658317085838628], [0.12943741943588297, 0.30555411013708833, -0.34182611759412534]]	[[0.010196971518816954, 0.10650074553334425, 0.09652953801031139], [-0.19734820618798066, 0.06225886034706524, 0.02793409166415958], [-0.03799286675382008, -0.12345213753836662, 0.14155612573152623]]	0.5596116540030868	[[0.07824373728668857, -0.45603792074325006, -0.2671408290149692], [-0.8535533905932738, 0.14644660940672602, -0.5], [0.2671408290149692, 0.26714082901496927, -0.37779418345656157]]
11	[[-0.3195682178843842, -0.5708200961323295, -0.7563336379995778], [0.910087742671785, 0.03735879733279218, -0.41272826520656647], [0.2638493031197415, -0.8202248094963509, 0.507557688474819]]	0.47084635142851666	0.5291536485714833	[[-0.15046752942337557, -0.2687685595859825, -0.35611693391475774], [0.4285114931168248, 0.017590253417902574, -0.19433159780393314], [0.124232481700887, -0.38619985890250697, 0.23898168575786016]]	0.6611533519396386	0.5292636776683092	[[-0.22566358936938424, -0.3560124553806804, -0.35293443617676695], [0.7784984459725262, 0.011960908786945945, -0.2264559246653342], [0.14910671333998948, -0.3529344361767669, 0.3003786612912829]]	[[-0.01437999094174688, 0.021387164531716022, 0.14711808377135513], [0.17679088434589624, -0.01273898529406323, 0.04642075131621931], [-0.025338137824565277, 0.18935994596579703, -0.03519480574657855]]	0.5781231806405452	[[-0.2406404587766843, -0.24064045877668436, -0.3403170004576707], [0.8535533905932738, -0.14644660940672602, -0.5], [0.07048195854784907, -0.4107989590055197, 0.2406404587766843]]
11	[[-0.8305561570912853, 0.32773595720904825, 0.4502950280316503], [-0.5100865793185324, -0.772219296347621, -0.37879947194723407], [0.22358030216652452, -0.5443036842615101, 0.808545204538665]]	0.49846862010154375	0.5015313798984562	[[-0.4140061815421339, 0.16336609034765287, 0.22445794126152266], [-0.25426215332522545, -0.3849270870661837, -0.18881965007673115], [0.11144776470283371, -0.2713183064100213, 0.40303441239610877]]	0.7012356062817946	0.4559675832113441	[[-0.47301325274281963, 0.1548315539834705, 0.24938959117823226], [-0.43582995095765475, -0.6696716651500654, -0.2697585088235345], [0.14609169029390637, -0.34143240029315103, 0.43851179076425345]]	[[0.10940229762616514, -0.07498856867036073, -0.06637331580921972], [-0.078139079253017, -0.12816399869324052, -0.004130831453392214], [-0.010690778448503292, 0.04025272374138351, -0.12846889594665484]]	0.5831541194894729	[[-0.4193985162706057, 0.29655953487452186, 0.2965595348745218], [-0.7071067811865475, -0.5000000000000001, -0.5], [0.0, -0.41939851627060565, 0.4193985162706057]]
11	[[0.04673222253661188, -0.9725397674033924, -0.22799671093185395], [-0.8377629715199755, -0.16246744520517667, 0.5213036857710898], [-0.5440306084466285, 0.16664552219444034, -0.8223502702654952]]	0.50444063067685	0.4955593693231499	[[0.023573631809299403, -0.49058857362728425, -0.11501080465471189], [-0.42260168171124834, -0.08195518052375593, 0.26296676002453506], [-0.2744311432323277, 0.08406277231523648, -0.4148268889700044]]	0.6793342561381431	0.4929760758472473	[[0.0036289242753836364, -0.6728331321600303, -0.0994010570339148], [-0.6679760630441686, -0.14552305201801274, 0.27954668880332656], [-0.2305959331129316, 0.008767779173175394, -0.4864179277187888]]	[[-0.02811787535920767, -0.012153552706283807, 0.055484918988919454], [-0.09885497796656556, -0.03515335098288962, -0.074592762792049], [0.13898269559254017, -0.10444023268553715, 0.07223278141702225]]	0.534119237217525	[[-0.07824373728668857, -0.45603792074325006, -0.2671408290149692], [-0.8535533905932738, -0.14644660940672602, 0.5], [-0.2671408290149692, 0.26714082901496927, -0.37779418345656157]]
11	[[0.5319609947059123, -0.8460851799387872, 0.03402011756955908], [-0.703274286200726, -0.4190807785627857, 0.5742617690636116], [-0.47161719485230363, -0.3294103357928521, -0.8179645788128509]]	0.5351608914450656	0.4648391085549344	[[0.2846847201408199, -0.45279169913450007, 0.018206236445591172], [-0.3763648939335727, -0.22427564304315256, 0.3073224402549028], [-0.25239107841798003, -0.17628752895412114, -0.4377426531679729]]	0.6891112380376129	0.5045536486255907	[[0.41442204461554877, -0.5164153763786857, 0.0801785681958572], [-0.534476452691831, -0.33332170027225866, 0.32745717842213967], [-0.23466746035238123, -0.11729853493220907, -0.46878274110948787]]	[[0.04784174496603767, 0.0666314294542085, 0.05673492285931324], [-0.04984223864803013, -0.04452842611909068, -0.06827306021495545], [0.09032924867211578, 0.10970182938838904, 0.09488584246715047]]	0.5167979595122366	[[0.4193985162706057, -0.41939851627060565, 0.0], [-0.5, -0.5000000000000001, 0.7071067811865475], [-0.2965595348745218, -0.29655953487452186, -0.4193985162706057]]
