11	[[0.8489524140446696, -0.5135124485683378, 0.12483895166604869], [0.522794976890395, 0.7815435453534784, -0.34040431673891397], [0.0772347773085365, 0.35425224329800037, 0.9319550081910795]]	0.7132002720049476	0.28679972799505254	[[0.6054730926159151, -0.36623721799686515, 0.08903517428503842], [0.37285751972104997, 0.5573970691298119, -0.2427764512898518], [0.0550838641846898, 0.2526527962784968, 0.6646705653382512]]	0.8625611032486749	0.23033025982564412	[[0.6862432364431018, -0.43030009224547905, 0.054146775997987576], [0.49513274036921623, 0.6662343926145609, -0.31064871563440455], [0.022239802462983127, 0.26393481678803893, 0.7606283610355573]]	[[-0.046030094420894084, 0.01263577192355471, -0.05353444787948739], [0.04419012832977171, -0.00789467010241604, -0.017029192637475515], [-0.04437991226143384, -0.041629389019402246, -0.043239779007868046]]	0.44780955116443066	[[0.6632661607529816, -0.6632661607529815, 0.0], [0.7071067811865475, 0.7071067811865476, 0.0], [0.0, 0.0, 0.938]]
11	[[-0.3195682178843842, -0.5708200961323295, -0.7563336379995778], [0.910087742671785, 0.03735879733279218, -0.41272826520656647], [0.2638493031197415, -0.8202248094963509, 0.507557688474819]]	0.5933515364591277	0.4066484635408722	[[-0.18961629308520472, -0.3386969810818648, -0.44877172618277117], [0.5400019604269231, 0.022166899797677424, -0.24489295030042668], [0.15655538939976876, -0.48668165095655513, 0.3011601342981772]]	0.7132731944201351	0.46080930828352396	[[-0.24183467525638366, -0.39461654227649756, -0.4178028293685218], [0.7876373242982586, 0.01651583765470141, -0.2192037596522709], [0.16969121222501118, -0.4178028293685218, 0.32509653239477376]]	[[-0.013895231650839182, 0.012534131131017789, 0.12166968065483921], [0.13849613288014465, -0.01013119105855382, 0.0751842484990975], [-0.018505423056733385, 0.16724154064358723, -0.03693076141616023]]	0.44697052220706496	[[-0.31944042352528107, -0.3194404235252811, -0.4517569793196581], [0.8535533905932738, -0.14644660940672602, -0.5], [0.09356193386545218, -0.5453189131851102, 0.31944042352528107]]
11	[[0.04673222253661188, -0.9725397674033924, -0.22799671093185395], [-0.8377629715199755, -0.16246744520517667, 0.5213036857710898], [-0.5440306084466285, 0.16664552219444034, -0.8223502702654952]]	0.5777625355816369	0.4222374644183631	[[0.027000127386118206, -0.5618970419689594, -0.13172795781226146], [-0.48402805864178766, -0.09386760309121353, 0.30118973929915765], [-0.31432050377014475, 0.09628153944638579, -0.47512317728483683]]	0.7338626726665713	0.4290859752550646	[[-0.011403263928896828, -0.7575755655694905, -0.12289838887029401], [-0.6798578588719817, -0.14750654342873465, 0.27633930901731046], [-0.2615621616129896, 0.022857420972890816, -0.5461179102829158]]	[[-0.04569829765926391, -0.04386493258831113, 0.044419886773344], [-0.06505488553124389, -0.02827774986915388, -0.10622600709359596], [0.13768159471407415, -0.09943750733263762, 0.0573742569221979]]	0.4341860101060268	[[-0.0997461981508019, -0.5813634468924415, -0.3405548225216216], [-0.8535533905932738, -0.14644660940672602, 0.5], [-0.3405548225216216, 0.34055482252162167, -0.48161724874163975]]
11	[[-0.30792515101507295, 0.09349718223056193, 0.9468053539599837], [0.3027085282091916, -0.9338174967034747, 0.1906631317268273], [0.9019698710720718, 0.34531602882779927, 0.2592434992682147]]	0.6501959316600164	0.34980406833998356	[[-0.20021168044579665, 0.060791487507986575, 0.6156089892187033], [0.1968198535204077, -0.6071643372695401, 0.12396839256634097], [0.5864571406509707, 0.22452307708082808, 0.16855906853349967]]	0.8149865164429555	0.29413012190161814	[[-0.2154535087122288, 0.07035570199921706, 0.7188351497883984], [0.25106310852691205, -0.8460683758197822, 0.12056070624708808], [0.6584054127336021, 0.2453882787259017, 0.14509780671301176]]	[[0.03550133743871652, -0.005843240844100815, -0.05279844738498819], [0.004359739624128833, -0.08501970718793629, -0.034827175293063284], [-0.0766878704279276, -0.03603962868038162, -0.06618214966607242]]	0.4773627371123027	[[-0.3405548225216216, -0.0997461981508018, 0.5813634468924416], [0.5, -0.8535533905932737, 0.14644660940672619], [0.48161724874163975, 0.34055482252162167, 0.3405548225216216]]
11	[[-0.5446221603179724, 0.8109226453022452, -0.2139887049042392], [-0.8354447797583356, -0.5021691245819775, 0.22328947644507607], [0.07361197229480154, 0.30038414347728, 0.9509735242804028]]	0.6540084966930956	0.3459915033069045	[[-0.35618752033530315, 0.5303503001885097, -0.13995043120372394], [-0.5463879844798435, -0.3284228742535469, 0.14603321481723258], [0.04814285533913696, 0.19645378210601902, 0.6219447650095613]]	0.790111499594926	0.3077309249915239	[[-0.4661808438914597, 0.6059544075910185, -0.10197854770212261], [-0.7341764257483208, -0.40344755159590506, 0.09871012667443631], [0.07297982479442917, 0.10541274555420682, 0.7274955021811724]]	[[-0.035868612089998385, -0.03476489974422274, 0.06709638882614195], [-0.07408189798470956, -0.0066779515221676135, -0.07771345640334867], [0.01481815897644339, -0.1319242205031643, -0.02387961516308832]]	0.4210622790826627	[[-0.6221436587862966, 0.6221436587862965, 0.0], [-0.7071067811865475, -0.7071067811865476, 0.0], [0.0, 0.0, 0.8798439999999998]]
11	[[0.5319609947059123, -0.8460851799387872, 0.03402011756955908], [-0.703274286200726, -0.4190807785627857, 0.5742617690636116], [-0.47161719485230363, -0.3294103357928521, -0.8179645788128509]]	0.6263884223488425	0.3736115776511575	[[0.3332142082249573, -0.5299779610345936, 0.02130980777251825], [-0.4405228706117811, -0.2625073477206679, 0.359710923539011], [-0.2954155506361211, -0.20633882054268707, -0.512363542059817]]	0.7419322614561197	0.3439105135473421	[[0.4127295748029865, -0.5614945732645379, 0.03340964170144578], [-0.6040513480785976, -0.3755490685048022, 0.5639610477215997], [-0.2831231989785717, -0.30709459310466436, -0.5568771449085163]]	[[0.018050550994381995, 0.06624331767195442, 0.008169018938059727], [-0.08226946649375459, -0.06461951873292322, 0.13789771473244228], [0.0667848129397894, -0.06269443772285388, 0.0499971648411046]]	0.4222851468961587	[[0.5134512246712578, -0.5134512246712577, 0.0], [-0.5, -0.5000000000000001, 0.7071067811865475], [-0.36306484277358386, -0.3630648427735839, -0.5134512246712578]]
11	[[0.22433838825039393, -0.7661379269479729, -0.6022499185961573], [-0.9416906372873723, -0.011392912655017143, -0.3362869982418849], [0.2507808429735371, 0.642575192824231, -0.724020780340167]]	0.5780853508997954	0.4219146491002045	[[0.12968673589202345, -0.4428931123373608, -0.3481518555210328], [-0.5443775624953227, -0.006586075909946337, -0.1944025873816989], [0.14497273160930374, 0.37146330582329934, -0.4185458068616892]]	0.7254348223112275	0.45473993933583173	[[0.20181804728721045, -0.4692308109929869, -0.346039635139956], [-0.8128927773483228, 0.04301897683186963, -0.20492626629485164], [0.1586386410501448, 0.346039635139956, -0.3941879422608594]]	[[0.0390751684691988, 0.08655231990840793, 0.09085342754379848], [-0.12975759721561106, 0.05128379239936923, 0.039028032520326245], [-0.023286515211422935, -0.12010678568809267, 0.131041943874846]]	0.4507815935096643	[[0.0997461981508019, -0.5813634468924415, -0.3405548225216216], [-0.8535533905932738, 0.14644660940672602, -0.5], [0.3405548225216216, 0.34055482252162167, -0.48161724874163975]]
11	[[0.8592155572171323, 0.2624339665249735, -0.4391776855101157], [-0.4266000482917053, 0.8413623931712975, -0.33184593135155627], [0.2824199444684594, 0.4724804086637203, 0.8348660002631537]]	0.6094043758093382	0.390595624190662	[[0.523609720331579, 0.15992840756132026, -0.2676368033076818], [-0.25997193614944014, 0.5127299240400055, -0.20222836266016356], [0.1721079499749094, 0.28793162852385545, 0.508770993774806]]	0.7614347100736057	0.4242161436242172	[[0.49277572782965595, 0.19954659460471386, -0.29155125866616594], [-0.3550215735793677, 0.7488794753778717, -0.25123700275362115], [0.2429113264143905, 0.32477149265995475, 0.48954580896016237]]	[[-0.16146082087070285, -0.0002797366096957297, 0.042853874971026204], [-0.030193489490986894, 0.10823694546664969, 0.0014420077741567833], [0.027866977879045265, -0.034991490326363874, -0.14615014190052297]]	0.4897808782490154	[[0.4386356207824825, 0.23989778692622, -0.2569467977144364], [-0.573223304703363, 0.7803300858899106, -0.2499999999999999], [0.1405288699980887, 0.2569467977144364, 0.47979557385244]]
11	[[-0.42203838922340475, -0.825029846081567, 0.3757783270710803], [0.2588054115689476, 0.28760896992378115, 0.9221175843470338], [-0.8688517462515349, 0.4864224845687207, 0.09214016247897017]]	0.6019732754948193	0.3980267245051808	[[-0.25405583154537037, -0.4966459188267075, 0.2262085104069417], [0.1557939413179442, 0.1731329136867095, 0.5550901426407543], [-0.5230255316104301, 0.29281333631016104, 0.055465915412090526]]	0.7838435650214036	0.3552888850507951	[[-0.24713303427898647, -0.5269924300570134, 0.29485860388893603], [0.2693316883457658, 0.23903154304448324, 0.8255433448043961], [-0.6156180110753938, 0.32604277473695403, 0.023456114050803726]]	[[0.0836790413057779, 0.11970190574462211, 0.00030718033976138244], [0.06646873189473021, 0.013591102727292857, 0.10274741012089209], [0.06542583918148134, -0.05523635967396072, -0.0487673593883636]]	0.5048467761083737	[[-0.24101609625614123, -0.4500482482735887, 0.1318160800582072], [0.25000000000000006, 0.1464466094067262, 0.9571067811865475], [-0.4500482482735887, 0.26363216011641427, 0.07721607195924017]]
11	[[0.034229894132735264, 0.2773841392786001, 0.9601491309293217], [-0.1827544195208179, -0.9427759796974285, 0.2788803941677556], [0.9825625356654255, -0.18501754344446375, 0.018422055382213542]]	0.8034423587117466	0.1965576412882536	[[0.027501746880458193, 0.22286216713122609, 0.771424482468888], [-0.14683264188480197, -0.7574661568648796, 0.2240643216886033], [0.7894323612368239, -0.148650931508073, 0.014801059628604075]]	0.8884344295853054	0.17107451299285903	[[0.009160864041855244, 0.22040916367002428, 0.810058211915214], [-0.16703230764447544, -0.8248590298120252, 0.2557953979105153], [0.8407316811851698, -0.15015141228265488, 0.0]]	[[-0.021250152426726808, -0.026028455885969734, -0.042971333538804744], [-0.004666989183304011, 0.012735609937187163, 0.008028453995560212], [-0.03221070472063377, 0.014224543390701725, -0.016366788265285797]]	0.36553359881371456	[[0.0, 0.0, 0.938], [0.0, -1.0, 0.0], [0.938, 0.0, 0.0]]
11	[[0.8787972042104137, -0.3840163418041313, 0.28327887866788265], [-0.395223040501579, -0.9183905790867732, -0.018907472103605397], [0.2674214316928388, -0.09534250611366366, -0.9588511794847616]]	0.6261295891337841	0.373870410866216	[[0.5502409324041846, -0.24044399431447946, 0.17736928791060044], [-0.24746083996545853, -0.5750315159479393, -0.011838527739788926], [0.16744047115140542, -0.059696764179933526, -0.600365095051238]]	0.8114223173355811	0.29930961230999437	[[0.6397214876444239, -0.2644838884676495, 0.15966591852397055], [-0.32153638905339793, -0.8536451516518472, -0.03179547074777021], [0.15203694380951155, -0.04639302838724942, -0.7376866544337977]]	[[-0.07335417626401977, 0.04711554149379127, -0.0701928856569477], [-0.0008435936651923488, -0.10844253975009122, -0.016453525918504866], [-0.0649547739998905, 0.030970008864081352, 0.040346591603682994]]	0.49392339515079153	[[0.42374804660183923, -0.29963511726671366, 0.2996351172667136], [-0.5, -0.8535533905932737, -0.14644660940672619], [0.2996351172667136, -0.08776109396579404, -0.5115091405676333]]
11	[[-0.8305561570912853, 0.32773595720904825, 0.4502950280316503], [-0.5100865793185324, -0.772219296347621, -0.37879947194723407], [0.22358030216652452, -0.5443036842615101, 0.808545204538665]]	0.5904130194800111	0.4095869805199889	[[-0.4903711685559803, 0.19349957608796592, 0.2658600471570029], [-0.3011617574916849, -0.45592832645732845, -0.22364814000980027], [0.13200472129839103, -0.3213639817389328, 0.47737561559775626]]	0.7503903524474658	0.39590738947077275	[[-0.5416809977065966, 0.2202784099569313, 0.23360248007496515], [-0.45626050330952167, -0.6761637562850283, -0.25758229204272487], [0.13887438328801666, -0.35368597990744277, 0.5285348407468329]]	[[0.08156032974054571, -0.02565149048287399, -0.10429456471504636], [-0.07349645527596592, -0.096697846332003, 0.026665177218674133], [-0.028898118455032585, 0.054754253564005956, -0.07818968025664416]]	0.49807656659845706	[[-0.5134512246712578, 0.3630648427735839, 0.36306484277358386], [-0.7071067811865475, -0.5000000000000001, -0.5], [0.0, -0.5134512246712577, 0.5134512246712578]]
11	[[0.08740825448676931, -0.06334395238859675, -0.994156597696443], [0.7119981850616444, -0.6940087028176986, 0.10681996481098455], [-0.6967197295301035, -0.717174639895393, -0.015561310176609944]]	0.694699269917765	0.305300730082235	[[0.06072245057674486, -0.04400499747806383, -0.6906398626036482], [0.494624619345098, -0.48212733916403044, 0.07420775156683232], [-0.48401068744186565, -0.4982206987388655, -0.010810430818654815]]	0.8746492051147337	0.20882304075456107	[[0.05049508523047514, -0.050495085230475155, -0.7891522141525644], [0.6786217242140872, -0.6653914522973274, 0.0922471067753538], [-0.566834610601764, -0.5776403355764133, 0.0]]	[[-0.025956475076843975, 0.004908652375036516, 0.08038606378219743], [0.055873077606786774, -0.058377292035120085, -0.0011828905369576353], [0.04255074701949328, 0.04963589313653745, 0.013610687576515703]]	0.22279998403094411	[[0.0, 0.0, -0.8252936719999998], [0.7071067811865475, -0.7071067811865476, 0.0], [-0.5835707519415463, -0.5835707519415462, 0.0]]
11	[[0.3802729664721569, 0.7767473726770865, -0.5020517802076895], [0.4287143634067757, 0.332951791095048, 0.839849450446521], [0.8195098935212374, -0.5346088512602871, -0.20639019011321075]]	0.6101776431869115	0.38982235681308885	[[0.23203406244967612, 0.4739538812117301, -0.30634077200492127], [0.26159191986392344, 0.2031597391852373, 0.512457358305281], [0.5000466153971455, -0.3262063688888641, -0.12593467978017753]]	0.7840610088775664	0.3327917841272025	[[0.3414418973546448, 0.48711475832813655, -0.3905988585940511], [0.40479925958856866, 0.30876750538662345, 0.7230964287626784], [0.5592720339145807, -0.41359917294108894, -0.059745546918864516]]	[[0.04328469161362055, -0.12190257033605884, 0.003040366704368049], [0.06866104329554847, 0.04771298815304747, 0.06460322134030953], [-0.08327371998482765, 0.005566782332928542, 0.1020769537637322]]	0.42930839379899705	[[0.3870627321679998, 0.3870627321679999, -0.5473893653211703], [0.5, 0.5000000000000001, 0.7071067811865475], [0.5473893653211703, -0.5473893653211703, 0.0]]
