11	[[-0.3195682178843842, -0.5708200961323295, -0.7563336379995778], [0.910087742671785, 0.03735879733279218, -0.41272826520656647], [0.2638493031197415, -0.8202248094963509, 0.507557688474819]]	0.9102610239306329	0.08973897606936712	[[-0.2908904932271271, -0.5195952851855966, -0.6884610317586762], [0.8284174005111374, 0.0340062571129644, -0.3756904532920429], [0.24017173682115978, -0.7466186749454568, 0.4620099812149539]]	0.9102610239306329	0.08973897606936704	[[-0.2908904932271272, -0.5195952851855965, -0.6884610317586765], [0.8284174005111374, 0.034006257112964414, -0.375690453292043], [0.24017173682115986, -0.7466186749454568, 0.46200998121495396]]	[[0.0, 0.0, 0.0], [0.0, 0.0, 0.0], [0.0, 0.0, 0.0]]	0.23804357412909352	[[-0.4820814721154753, -0.4820814721154754, -0.6817661560344924], [0.8535533905932738, -0.14644660940672602, -0.5], [0.14119839409822937, -0.8229645501327216, 0.4820814721154753]]
11	[[0.8489524140446696, -0.5135124485683378, 0.12483895166604869], [0.522794976890395, 0.7815435453534784, -0.34040431673891397], [0.0772347773085365, 0.35425224329800037, 0.9319550081910795]]	0.907788432086053	0.092211567913947	[[0.7706691808612804, -0.46616066054252125, 0.11332735619618889], [0.47458723237379596, 0.7094761896434092, -0.3090151009677429], [0.07011283739543181, 0.32158608850645876, 0.8460179756605247]]	0.9213410173360382	0.13581049797398934	[[0.776258306144078, -0.48707241954394254, 0.06549421800271837], [0.5089426314152351, 0.6694658847753209, -0.28903731238717684], [0.02350347504910717, 0.30142877551948505, 0.8603588937699659]]	[[-0.005916374681723466, -0.013952337765270236, -0.04952502872844343], [0.02727017554886794, -0.0506022403930671, 0.024591147102633142], [-0.04765609325006222, -0.024958346714268317, 0.0017105184117810772]]	0.2065281848981197	[[0.8059799429986962, -0.4721321196079422, 0.1382842962171882], [0.49999999999999994, 0.7071067811865475, -0.4999999999999999], [0.13828429621718802, 0.4721321196079422, 0.8059799429986965]]
11	[[-0.30792515101507295, 0.09349718223056193, 0.9468053539599837], [0.3027085282091916, -0.9338174967034747, 0.1906631317268273], [0.9019698710720718, 0.34531602882779927, 0.2592434992682147]]	0.902242473597746	0.09775752640225413	[[-0.2778231499347989, 0.08435712897012143, 0.854248004572445], [0.27311649127059406, -0.842529808114598, 0.17202437559310557], [0.813795527586706, 0.31155878802254416, 0.23390049604388952]]	0.9022424735977462	0.0977575264022538	[[-0.27782314993479895, 0.08435712897012146, 0.8542480045724452], [0.27311649127059406, -0.8425298081145984, 0.17202437559310557], [0.8137955275867064, 0.3115587880225443, 0.23390049604388957]]	[[0.0, 0.0, 0.0], [0.0, 0.0, 0.0], [0.0, 0.0, 0.0]]	0.22035531466173694	[[-0.23730001990749022, 0.13900713331040243, 0.908485832916646], [0.4571067811865472, -0.8535533905932738, 0.25000000000000017], [0.8101929463195583, 0.47460003981498, 0.1390071333104024]]
11	[[0.5319609947059123, -0.8460851799387872, 0.03402011756955908], [-0.703274286200726, -0.4190807785627857, 0.5742617690636116], [-0.47161719485230363, -0.3294103357928521, -0.8179645788128509]]	0.910246558488451	0.08975344151154907	[[0.4842156646811498, -0.7701461232273628, 0.030966694937063645], [-0.6401529986876329, -0.3814668364154363, 0.5227197989616421], [-0.4292879285382865, -0.29984462448596866, -0.7445494428298529]]	0.9102465584884509	0.08975344151154896	[[0.4842156646811498, -0.7701461232273629, 0.030966694937063628], [-0.640152998687633, -0.3814668364154363, 0.5227197989616422], [-0.42928792853828657, -0.29984462448596866, -0.744549442829853]]	[[0.0, 0.0, 0.0], [0.0, 0.0, 0.0], [0.0, 0.0, 0.0]]	0.21047442097621782	[[0.47460003981498006, -0.8101929463195583, -0.13900713331040213], [-0.7071067811865477, -0.49999999999999983, 0.49999999999999994], [-0.4746000398149801, -0.13900713331040224, -0.8101929463195583]]
11	[[-0.42203838922340475, -0.825029846081567, 0.3757783270710803], [0.2588054115689476, 0.28760896992378115, 0.9221175843470338], [-0.8688517462515349, 0.4864224845687207, 0.09214016247897017]]	0.894753462076329	0.105246537923671	[[-0.3776203098867586, -0.738198311097783, 0.33622895912010015], [0.23156703800540507, 0.2573391215635099, 0.8250679010359699], [-0.777408107989625, 0.4352282020996327, 0.08244272937433403]]	0.8947534620763288	0.10524653792367136	[[-0.37762030988675854, -0.7381983110977829, 0.33622895912010015], [0.23156703800540507, 0.2573391215635099, 0.8250679010359695], [-0.7774081079896248, 0.4352282020996324, 0.08244272937433403]]	[[0.0, 0.0, 0.0], [0.0, 0.0, 0.0], [0.0, 0.0, 0.0]]	0.1714666608356621	[[-0.43388579310166553, -0.8101929463195583, 0.2373000199074901], [0.25000000000000006, 0.1464466094067262, 0.9571067811865475], [-0.8101929463195583, 0.47460003981498, 0.1390071333104024]]
11	[[0.3802729664721569, 0.7767473726770865, -0.5020517802076895], [0.4287143634067757, 0.332951791095048, 0.839849450446521], [0.8195098935212374, -0.5346088512602871, -0.20639019011321075]]	0.8997314661430987	0.10026853385690139	[[0.3421435536585791, 0.6988640524415549, -0.4517117842860172], [0.38572780274458357, 0.29956720315691826, 0.7556389773897241], [0.7373388380166378, -0.48100440555749585, -0.18569574834811192]]	0.8997314661430987	0.10026853385690133	[[0.34214355365857924, 0.698864052441555, -0.4517117842860173], [0.38572780274458357, 0.29956720315691826, 0.7556389773897242], [0.7373388380166376, -0.48100440555749596, -0.18569574834811195]]	[[0.0, 0.0, 0.0], [0.0, 0.0, 0.0], [0.0, 0.0, 0.0]]	0.16681667962681035	[[0.23730001990749006, 0.7406893796643571, -0.5441036064701812], [0.4571067811865474, 0.42677669529663675, 0.7803300858899108], [0.8101929463195583, -0.4338857931016657, -0.2373000199074901]]
11	[[0.034229894132735264, 0.2773841392786001, 0.9601491309293217], [-0.1827544195208179, -0.9427759796974285, 0.2788803941677556], [0.9825625356654255, -0.18501754344446375, 0.018422055382213542]]	0.925466882222794	0.07453311777720582	[[0.03167863340183882, 0.2567098345562193, 0.8885862226700848], [-0.16913316284636787, -0.8725079465651195, 0.25809456890349664], [0.9093290864712044, -0.17122760908806822, 0.017049002158712818]]	0.9341187174568133	0.12244457023426195	[[0.012095553745233665, 0.24426743650934557, 0.8884720950673586], [-0.16318030951211063, -0.8280346461366955, 0.2519807800429674], [0.9227867956243507, -0.16643456344157218, 0.0]]	[[-0.0198792310607195, -0.01484227991644247, -0.0084211796836134], [0.007534014460240228, 0.05263004286735698, -0.008526616080866987], [0.004956739987449096, 0.006393786947780507, -0.0172083867465517]]	0.14866995335959543	[[0.1382842962171883, 0.23606605980397125, 0.9037617065854793], [-0.25000000000000017, -0.9267766952966368, 0.2803300858899109], [0.9037617065854793, -0.2647056752821602, -0.06914214810859404]]
11	[[-0.5446221603179724, 0.8109226453022452, -0.2139887049042392], [-0.8354447797583356, -0.5021691245819775, 0.22328947644507607], [0.07361197229480154, 0.30038414347728, 0.9509735242804028]]	0.9042779446983087	0.0957220553016914	[[-0.49248980776948886, 0.7332994630032298, -0.19350526625945833], [-0.755474288348799, -0.45410046386793945, 0.2019157488325148], [0.06656568301193198, 0.27163075588359664, 0.8599443839987898]]	0.9042779446983087	0.09572205530169137	[[-0.4924898077694889, 0.73329946300323, -0.19350526625945833], [-0.7554742883487988, -0.4541004638679395, 0.2019157488325149], [0.06656568301193198, 0.27163075588359664, 0.8599443839987897]]	[[0.0, 0.0, 0.0], [0.0, 0.0, 0.0], [0.0, 0.0, 0.0]]	0.11469797713303866	[[-0.4746000398149801, 0.8101929463195582, -0.1390071333104024], [-0.8535533905932738, -0.45710678118654735, 0.25000000000000017], [0.1390071333104024, 0.23730001990749022, 0.908485832916646]]
11	[[0.04673222253661188, -0.9725397674033924, -0.22799671093185395], [-0.8377629715199755, -0.16246744520517667, 0.5213036857710898], [-0.5440306084466285, 0.16664552219444034, -0.8223502702654952]]	0.9072818841812151	0.09271811581878482	[[0.04239929891499305, -0.8823677126109107, -0.20685728548137228], [-0.760087167297897, -0.147403769803861, 0.4729693902570064], [-0.49358911548371004, 0.15119446336693435, -0.7461035026634102]]	0.9072818841812151	0.09271811581878485	[[0.042399298914993076, -0.8823677126109107, -0.20685728548137233], [-0.7600871672978972, -0.14740376980386105, 0.47296939025700635], [-0.49358911548371004, 0.15119446336693435, -0.74610350266341]]	[[0.0, 0.0, 0.0], [0.0, 0.0, 0.0], [0.0, 0.0, 0.0]]	0.13684904339614556	[[0.13973374880418418, -0.9132346531128329, -0.23854043014424015], [-0.8535533905932738, -0.2500000000000001, 0.4571067811865474], [-0.4770808602884803, 0.13973374880418402, -0.8144279717727768]]
11	[[0.8787972042104137, -0.3840163418041313, 0.28327887866788265], [-0.395223040501579, -0.9183905790867732, -0.018907472103605397], [0.2674214316928388, -0.09534250611366366, -0.9588511794847616]]	0.8896342224446632	0.11036577755533693	[[0.7818080674542752, -0.34163407964696246, 0.2520145849586978], [-0.3516039423288378, -0.8170316887263656, -0.016820734243285142], [0.23790725744909724, -0.0848199562923547, -0.8530268235010742]]	0.8898206463697954	0.10950473554025274	[[0.7826973754893775, -0.3422186607503522, 0.25155440364953036], [-0.35221246121304484, -0.818115927444013, -0.016667608082150898], [0.23744411993242204, -0.08468747875238954, -0.8540813071766562]]	[[0.0007254792108980046, -0.0005129912696358444, -0.0005129912696358443], [-0.0005348398536939382, -0.0009130287410897428, 0.00015665096629813348], [-0.0005129912696358443, 0.00015025166418684217, -0.0008757308750848467]]	0.13844820070649785	[[0.7857286766834937, -0.45188085329273964, 0.2647056752821602], [-0.47855339059327373, -0.8749999999999999, -0.07322330470336318], [0.2647056752821602, -0.06914214810859408, -0.9037617065854793]]
11	[[-0.8305561570912853, 0.32773595720904825, 0.4502950280316503], [-0.5100865793185324, -0.772219296347621, -0.37879947194723407], [0.22358030216652452, -0.5443036842615101, 0.808545204538665]]	0.9140710815115212	0.08592891848847882	[[-0.7591873647684841, 0.2995739608562884, 0.4116016632721513], [-0.46625539122220316, -0.7058633273765359, -0.34624964299880134], [0.20436828860602776, -0.4975322573436241, 0.7390677895636114]]	0.9140710815115214	0.08592891848847874	[[-0.7591873647684843, 0.2995739608562885, 0.41160166327215136], [-0.46625539122220333, -0.705863327376536, -0.34624964299880145], [0.2043682886060278, -0.4975322573436242, 0.7390677895636115]]	[[0.0, 0.0, 0.0], [0.0, 0.0, 0.0], [0.0, 0.0, 0.0]]	0.1720916692224933	[[-0.740689379664357, 0.40509647315977915, 0.43388579310166575], [-0.573223304703363, -0.7803300858899106, -0.2499999999999999], [0.2373000199074901, -0.4338857931016657, 0.8101929463195583]]
11	[[0.08740825448676931, -0.06334395238859675, -0.994156597696443], [0.7119981850616444, -0.6940087028176986, 0.10681996481098455], [-0.6967197295301035, -0.717174639895393, -0.015561310176609944]]	0.9457229618236639	0.054277038176336265	[[0.08266399332106401, -0.05990583026656085, -0.9401967220900167], [0.6733530323895716, -0.6563399659601526, 0.10102209350294389], [-0.6589038461721914, -0.6782485245866906, -0.014716688350080276]]	0.9649224233387106	0.057402324587585145	[[0.06661078376652971, -0.05823019601537944, -0.9412665638767856], [0.6804787584906009, -0.6726991583550086, 0.09013616249215275], [-0.6801179368372832, -0.6995889199409078, -0.0059259704291672885]]	[[-0.01773140097265047, 0.0028918040272772477, 0.018017429550633818], [-0.006544255651844637, -0.003034599013999921, -0.012936816814218224], [-0.00783744703120467, -0.00757102845597796, 0.009089486696772517]]	0.11642095583521717	[[0.0, 0.0, -0.9844809793919997], [0.7071067811865475, -0.7071067811865476, 0.0], [-0.6961331764772568, -0.6961331764772567, 0.0]]
11	[[0.8592155572171323, 0.2624339665249735, -0.4391776855101157], [-0.4266000482917053, 0.8413623931712975, -0.33184593135155627], [0.2824199444684594, 0.4724804086637203, 0.8348660002631537]]	0.9142451853610161	0.08575481463898399	[[0.7855336863730459, 0.2399289903706511, -0.40151608449561776], [-0.39001704022546846, 0.7692115171006809, -0.30338854501980256], [0.25820107448021457, 0.4319629387982115, 0.7632722211621972]]	0.914245185361016	0.0857548146389841	[[0.7855336863730457, 0.23992899037065107, -0.40151608449561776], [-0.39001704022546846, 0.7692115171006808, -0.30338854501980256], [0.2582010744802145, 0.43196293879821157, 0.763272221162197]]	[[0.0, 0.0, 0.0], [0.0, 0.0, 0.0], [0.0, 0.0, 0.0]]	0.1479147653261173	[[0.8059799429986965, 0.23606605980397105, -0.43162958697753706], [-0.4571067811865474, 0.7803300858899107, -0.4267766952966369], [0.23606605980397108, 0.5412742677165363, 0.7368377948901023]]
11	[[0.22433838825039393, -0.7661379269479729, -0.6022499185961573], [-0.9416906372873723, -0.011392912655017143, -0.3362869982418849], [0.2507808429735371, 0.642575192824231, -0.724020780340167]]	0.9103522860934942	0.08964771390650583	[[0.2042269646022759, -0.6974554132600177, -0.5482595901936326], [-0.8572702244473992, -0.010371564080758323, -0.30613963763301877], [0.22829891370941302, 0.5849697957745066, -0.6591139725618667]]	0.9137599963397629	0.08426733947290022	[[0.19512477018574567, -0.7147140823159958, -0.5483314379262055], [-0.8697093150114914, -0.006113451519052885, -0.32238228878748604], [0.24091151305531466, 0.578202267810977, -0.671447900234346]]	[[-0.009866674640802629, -0.014647892992262488, 0.001980445485841807], [-0.009230081730593035, 0.004296936306894864, -0.01509668250487135], [0.011758010897732742, -0.008957238032114689, -0.009866674640802629]]	0.24166742480365003	[[0.2360660598039709, -0.8059799429986965, -0.43162958697753706], [-0.9571067811865474, -0.14644660940672607, -0.2499999999999999], [0.13828429621718819, 0.4721321196079421, -0.8059799429986965]]
