11	[[0.8787972042104137, -0.3840163418041313, 0.28327887866788265], [-0.395223040501579, -0.9183905790867732, -0.018907472103605397], [0.2674214316928388, -0.09534250611366366, -0.9588511794847616]]	0.7987037385686829	0.20129626143131707	[[0.7018986124465638, -0.3067152878704289, 0.22625589944958222], [-0.31566612001709315, -0.7335219889828635, -0.015101468656032721], [0.21359049726646, -0.07615041607749068, -0.7658380217854703]]	0.8483310907717959	0.24704349883398952	[[0.6933871195857174, -0.31425830807189964, 0.1460739717307614], [-0.35960033777331807, -0.840501213169535, -0.02546379657484577], [0.1331327661435867, -0.055708247099306704, -0.8134232669801308]]	[[-0.05212387122930759, 0.011514694044993746, -0.09424030840217475], [-0.02432034472646787, -0.06140193145831144, -0.00942400014145689], [-0.09372914870015452, 0.025173765109014215, 0.0]]	0.24143851481714515	[[0.6677912761015141, -0.38405380969410025, 0.22497351303774843], [-0.47855339059327373, -0.8749999999999999, -0.07322330470336318], [0.22497351303774843, -0.05876395336966566, -0.7681076193882005]]
11	[[-0.3195682178843842, -0.5708200961323295, -0.7563336379995778], [0.910087742671785, 0.03735879733279218, -0.41272826520656647], [0.2638493031197415, -0.8202248094963509, 0.507557688474819]]	0.7859346950160365	0.21406530498396348	[[-0.2511597498597818, -0.44862731816278706, -0.5944288471115674], [0.7152695324745825, 0.029361574987913943, -0.32437746323962074], [0.20736832157760776, -0.6446431354961014, 0.3989071970945014]]	0.8176492582749832	0.1987596282955665	[[-0.29610921024560144, -0.48624175447366724, -0.6144890939296248], [0.781673325801322, 0.007675793702015314, -0.31443826920271767], [0.18732064658123257, -0.656032595392219, 0.42992368531878555]]	[[-0.034814493924176494, -0.01951112626261344, 0.003926544189149648], [0.03754075804058324, -0.02287059922718769, 0.02302869071255185], [-0.028415540410995272, 0.014623611711211775, 0.014919517805584854]]	0.28676843790060097	[[-0.4346832360658571, -0.43468323606585724, -0.614734927780561], [0.8535533905932738, -0.14644660940672602, -0.5], [0.12731577217557685, -0.7420506999561377, 0.4346832360658571]]
11	[[0.034229894132735264, 0.2773841392786001, 0.9601491309293217], [-0.1827544195208179, -0.9427759796974285, 0.2788803941677556], [0.9825625356654255, -0.18501754344446375, 0.018422055382213542]]	0.8777262209210211	0.12227377907897881	[[0.030044475619652365, 0.24346733231243592, 0.8427480682111963], [-0.16040834600262244, -0.8274991978349374, 0.24478063446182893], [0.86242090124819, -0.16239474921160005, 0.016169521052228047]]	0.9229961478323705	0.12512002527056298	[[0.009251023742309137, 0.23900826816055692, 0.8680472627418797], [-0.16454039621783767, -0.8270387340787114, 0.2530250377345566], [0.901642482643787, -0.16173413214236557, 0.0]]	[[-0.022343036682915374, -0.0170162238633887, -0.018166686450482514], [0.004141228999218245, 0.043139863450904266, -0.004380491788254883], [-0.00525895277980681, 0.009036347738282722, -0.01700348615293769]]	0.23044964372508234	[[-0.06116199023637377, 0.23415422242439526, 0.7994525218882961], [-0.2803300858899109, -0.9267766952966368, 0.25000000000000017], [0.7994525218882961, -0.20882009656675835, 0.12232398047274773]]
11	[[-0.30792515101507295, 0.09349718223056193, 0.9468053539599837], [0.3027085282091916, -0.9338174967034747, 0.1906631317268273], [0.9019698710720718, 0.34531602882779927, 0.2592434992682147]]	0.8230652019476719	0.17693479805232828	[[-0.25344247660498836, 0.07695427717413571, 0.7792825398622111], [0.24914885590178074, -0.7685926865065148, 0.15692818901871672], [0.7423800140846503, 0.2842176070029207, 0.21337430307881428]]	0.8505506139475592	0.2606851564495213	[[-0.2575673635979442, 0.07933250511796382, 0.7446453087592478], [0.24356787595033388, -0.8497655150768957, 0.11913025508716069], [0.6812362299955752, 0.2652761626036997, 0.1782348584799804]]	[[0.0043385626478208966, -0.00019158063060746404, -0.06066056634025238], [-0.013901048565156005, -0.05550646994078268, -0.0430383886602566], [-0.08593479760697642, -0.028432597721718144, -0.0422648589845132]]	0.29522208757783613	[[-0.20468545865473653, 0.11990196565938735, 0.7836233619549078], [0.4571067811865472, -0.8535533905932738, 0.25000000000000017], [0.6988398689595586, 0.4093709173094727, 0.11990196565938732]]
11	[[0.8592155572171323, 0.2624339665249735, -0.4391776855101157], [-0.4266000482917053, 0.8413623931712975, -0.33184593135155627], [0.2824199444684594, 0.4724804086637203, 0.8348660002631537]]	0.8115666170434666	0.1884333829565335	[[0.6973106630818252, 0.21298264640997114, -0.3564219485104241], [-0.34621435802267875, 0.6828216311336248, -0.26931507988662096], [0.22920259891787134, 0.38344932687853006, 0.6775493755181776]]	0.8397518812472634	0.1988488987859819	[[0.7370976198819427, 0.16324526248090446, -0.33651583504256843], [-0.3531188025228696, 0.7498446506299664, -0.3895374276812581], [0.25691730339295366, 0.39196700929115846, 0.709374372157485]]	[[0.015569739311940028, -0.05713415461162344, 0.03228445256637027], [0.005119390570263311, 0.043308998153669724, -0.11086918254453837], [0.019754623723817172, -0.0047993027366764664, 0.008294077847123351]]	0.24804400834100562	[[0.6850028395541593, 0.20063268657337258, -0.3668422462414552], [-0.4571067811865474, 0.7803300858899107, -0.4267766952966369], [0.20063268657337258, 0.4600293265164108, 0.6262388861844935]]
11	[[-0.42203838922340475, -0.825029846081567, 0.3757783270710803], [0.2588054115689476, 0.28760896992378115, 0.9221175843470338], [-0.8688517462515349, 0.4864224845687207, 0.09214016247897017]]	0.7685256498813045	0.23147435011869558	[[-0.32434732735277605, -0.634056598631309, 0.28879528302361124], [0.1988985971188239, 0.22103487052236645, 0.7086710157772828], [-0.6677348529384671, 0.3738281560700548, 0.07081207824931952]]	0.8550195228701695	0.23729827909292597	[[-0.28299279477403777, -0.6401285493533238, 0.3355432039811679], [0.25702457908221615, 0.2325425817892366, 0.8305616309463197], [-0.7441093148917626, 0.37761239417529235, 0.022599854248017807]]	[[0.07785826741265273, 0.06528807599698717, 0.014245398063902227], [0.03574089956631672, -0.01336870244817576, 0.04213309394772546], [-0.001224109366861536, -0.03828832649397773, -0.05618178351193115]]	0.25651732254021337	[[-0.3742524446454347, -0.6988398689595586, 0.20468545865473645], [0.25000000000000006, 0.1464466094067262, 0.9571067811865475], [-0.6988398689595586, 0.4093709173094727, 0.11990196565938732]]
11	[[-0.8305561570912853, 0.32773595720904825, 0.4502950280316503], [-0.5100865793185324, -0.772219296347621, -0.37879947194723407], [0.22358030216652452, -0.5443036842615101, 0.808545204538665]]	0.8050161638866223	0.19498383611337775	[[-0.6686111314740414, 0.26383274304013815, 0.36249477608325814], [-0.4106279413330542, -0.6216490156249885, -0.3049396977892405], [0.17998575717070747, -0.43817326389355604, 0.6508919588866404]]	0.8134975267616149	0.24075977289647044	[[-0.6803244001365942, 0.33206575825655493, 0.36876474323226854], [-0.4964797704012053, -0.628660921182841, -0.36897726510529233], [0.057715786159350906, -0.4805660699956789, 0.6679886890294562]]	[[-0.004669020506202438, 0.06545336763614375, 0.002450851615469027], [-0.08152559969128687, -0.0004624334864567481, -0.060824831537611736], [-0.12416623668573133, -0.0377763690417055, 0.010239164862288017]]	0.25639766344325726	[[-0.6388888861298649, 0.3494199344797793, 0.3742524446454349], [-0.573223304703363, -0.7803300858899106, -0.2499999999999999], [0.20468545865473645, -0.37425244464543483, 0.6988398689595586]]
11	[[0.22433838825039393, -0.7661379269479729, -0.6022499185961573], [-0.9416906372873723, -0.011392912655017143, -0.3362869982418849], [0.2507808429735371, 0.642575192824231, -0.724020780340167]]	0.793308965596026	0.20669103440397418	[[0.1779696547263997, -0.6077840863309799, -0.47777025995180833], [-0.7470516253779079, -0.009038099753477542, -0.2667794907186623], [0.19894669113063618, 0.5097606615370576, -0.5743721763216856]]	0.8045557187612811	0.18745107328052846	[[0.16887304087044253, -0.6841251804671802, -0.444871504972366], [-0.8355436018378849, -0.02253193403933145, -0.3161949852374555], [0.24143927252782238, 0.47731543496317963, -0.6386198969718626]]	[[-0.011619692334100415, -0.06772452998127616, 0.039672111157688275], [-0.07790101430437438, -0.013365701009389665, -0.04563335765688203], [0.039672111157688275, -0.03967211115768829, -0.05610483764717577]]	0.31265417951373237	[[0.20063268657337247, -0.6850028395541593, -0.3668422462414552], [-0.9571067811865474, -0.14644660940672607, -0.2499999999999999], [0.11752790673933135, 0.40126537314674515, -0.6850028395541593]]
11	[[0.08740825448676931, -0.06334395238859675, -0.994156597696443], [0.7119981850616444, -0.6940087028176986, 0.10681996481098455], [-0.6967197295301035, -0.717174639895393, -0.015561310176609944]]	0.8779132569551599	0.12208674304484003	[[0.07673686538124509, -0.055610495549885536, -0.8727832566071451], [0.6250726455936308, -0.6092794406459116, 0.09377866321504702], [-0.6116594869366914, -0.6296171239162084, -0.01366148049963711]]	0.9369423800667236	0.10056103550885219	[[0.07171732603895736, -0.05803813477737465, -0.8968190244299926], [0.6755692904269148, -0.6577977171210668, 0.10987029580309803], [-0.6423608902969419, -0.664446461016054, 0.0]]	[[-0.010179171957354127, 0.0013114987364304031, 0.03464842437474903], [0.008468016312070292, -0.007551551316032818, 0.009786143734450503], [0.01042535132843714, 0.0075048530110310655, 0.014580050993829446]]	0.13998869623820934	[[0.0, 0.0, -0.9417683576079999], [0.7071067811865475, -0.7071067811865476, 0.0], [-0.6659307919715343, -0.6659307919715342, 0.0]]
11	[[0.3802729664721569, 0.7767473726770865, -0.5020517802076895], [0.4287143634067757, 0.332951791095048, 0.839849450446521], [0.8195098935212374, -0.5346088512602871, -0.20639019011321075]]	0.7863320754470664	0.2136679245529338	[[0.29902083096246374, 0.6107813736552294, -0.3947794183126068], [0.3371118551516178, 0.26181067291558713, 0.6604005614326909], [0.644406915421959, -0.42038008756387363, -0.16229122654363562]]	0.8586254990756583	0.23152479346942942	[[0.342922973650066, 0.609337217561948, -0.43107446034265007], [0.40624166602178, 0.3012733959817226, 0.7185498605760494], [0.6634330842165145, -0.441388261665363, -0.08367536349311322]]	[[0.01641090802792925, -0.05759788295862181, 4.508322673180207e-18], [0.03813658178073409, 0.015392498184602647, -0.0025662929620120893], [-0.04021900710559748, 0.017640530058265443, 0.09353651649716238]]	0.24687961974367378	[[0.2046854586547364, 0.638888886129865, -0.4693219001391663], [0.4571067811865474, 0.42677669529663675, 0.7803300858899108], [0.6988398689595586, -0.37425244464543483, -0.20468545865473645]]
11	[[0.5319609947059123, -0.8460851799387872, 0.03402011756955908], [-0.703274286200726, -0.4190807785627857, 0.5742617690636116], [-0.47161719485230363, -0.3294103357928521, -0.8179645788128509]]	0.805247800253471	0.19475219974652905	[[0.42836042080758413, -0.6813082299727706, 0.027394624837251923], [-0.5663100719379646, -0.33746387506619513, 0.46242302630814003], [-0.37976870871653007, -0.2652569482779514, -0.6586641777743051]]	0.8509317875995247	0.19423394179594924	[[0.5100226522844303, -0.6980360357387306, 0.00734087319102263], [-0.5904802538172635, -0.3907578622315572, 0.5714116304583426], [-0.37097207836394236, -0.36066780004856064, -0.6907111686111791]]	[[0.05736013212610705, 0.02192473888804683, -0.02160792626678828], [0.007958191712299738, -0.03414870618052534, 0.08275403675897802], [0.03034198431440167, -0.08036207415858924, 0.005320892631132435]]	0.27296865978720014	[[0.4093709173094728, -0.6988398689595586, -0.1199019656593871], [-0.7071067811865477, -0.49999999999999983, 0.49999999999999994], [-0.4093709173094728, -0.11990196565938718, -0.6988398689595586]]
11	[[0.8489524140446696, -0.5135124485683378, 0.12483895166604869], [0.522794976890395, 0.7815435453534784, -0.34040431673891397], [0.0772347773085365, 0.35425224329800037, 0.9319550081910795]]	0.8378482535163928	0.16215174648360717	[[0.7112932974258523, -0.43024550819190827, 0.10459609762421626], [0.4380228583347603, 0.6548148945214216, -0.28520716226914006], [0.06471102327868483, 0.2968096233514939, 0.7808368759687516]]	0.9068965517979042	0.15659455039156578	[[0.7510749240204797, -0.4748897532836927, 0.06545884556035826], [0.5094680734089561, 0.6671058956966152, -0.2942093880343194], [0.02368761060152606, 0.292380352885431, 0.8338396038108106]]	[[-0.01883709291713767, -0.009187084371768652, -0.047757169235646504], [0.035347111569791756, -0.04167325066436339, 0.01450211303332333], [-0.046356342618464705, -0.02888978502819777, -0.011347179548467114]]	0.294906777004401	[[0.6850028395541591, -0.4012653731467452, 0.11752790673933136], [0.49999999999999994, 0.7071067811865475, -0.4999999999999999], [0.11752790673933121, 0.4012653731467452, 0.6850028395541593]]
11	[[-0.5446221603179724, 0.8109226453022452, -0.2139887049042392], [-0.8354447797583356, -0.5021691245819775, 0.22328947644507607], [0.07361197229480154, 0.30038414347728, 0.9509735242804028]]	0.8125062597243464	0.18749374027565363	[[-0.44250891444294915, 0.6588797254603, -0.1738671622450003], [-0.6788041132076759, -0.4080155571631518, 0.18142409734219628], [0.05981018828018141, 0.2440639968972262, 0.7726719413099501]]	0.8606894165987534	0.16752396443164613	[[-0.48492964819832857, 0.6865121738977853, -0.12416644231486659], [-0.7567494302671105, -0.44663753312523335, 0.20482636189119155], [0.061644520554700925, 0.2244330403643173, 0.8346719665812604]]	[[-0.016179118767500257, -0.011440364594121968, 0.06001137126788587], [-0.037690950176434396, -0.014425882254864417, 0.012643472677037963], [-0.0017125249343953946, -0.03410441284065904, 0.016179118767500257]]	0.20849940125500294	[[-0.4093709173094728, 0.6988398689595585, -0.11990196565938732], [-0.8535533905932738, -0.45710678118654735, 0.25000000000000017], [0.11990196565938732, 0.20468545865473653, 0.7836233619549078]]
11	[[0.04673222253661188, -0.9725397674033924, -0.22799671093185395], [-0.8377629715199755, -0.16246744520517667, 0.5213036857710898], [-0.5440306084466285, 0.16664552219444034, -0.8223502702654952]]	0.7854115715346306	0.21458842846536938	[[0.03670402834378649, -0.7638439870962226, -0.17907125503771423], [-0.657988732035026, -0.12760381146181432, 0.40943794708826686], [-0.4272879351430077, 0.13088532147594456, -0.6458834181211508]]	0.801697243028435	0.1859175829517408	[[0.07354083015531628, -0.8157581864499385, -0.13176553918519499], [-0.7424713593168226, -0.14240377006743044, 0.4594243086145022], [-0.4467141774076555, 0.07201412182498187, -0.695351680662659]]	[[0.03607573618712311, -0.03607573618712312, 0.05101879538842337], [-0.07083909473794876, -0.012154067164566885, 0.04149658095125783], [-0.010566338492911448, -0.061585133881334804, -0.03607573618712311]]	0.21759633373821882	[[0.12232398047274773, -0.7994525218882961, -0.2088200965667582], [-0.8535533905932738, -0.2500000000000001, 0.4571067811865474], [-0.4176401931335164, 0.12232398047274759, -0.7129564057942855]]
