11	[[-0.30792515101507295, 0.09349718223056193, 0.9468053539599837], [0.3027085282091916, -0.9338174967034747, 0.1906631317268273], [0.9019698710720718, 0.34531602882779927, 0.2592434992682147]]	0.9133215388768134	0.0866784611231868	[[-0.2812346727839616, 0.08539299035546266, 0.8647377228955381], [0.2764702188151541, -0.852875633119311, 0.17413674487581846], [0.8237885106680656, 0.31538456684783567, 0.2367726716954559]]	0.9133215388768132	0.08667846112318703	[[-0.2812346727839615, 0.08539299035546266, 0.8647377228955382], [0.27647021881515405, -0.8528756331193107, 0.17413674487581837], [0.8237885106680654, 0.31538456684783567, 0.23677267169545585]]	[[0.0, 0.0, 0.0], [0.0, 0.0, 0.0], [0.0, 0.0, 0.0]]	0.21590808258858143	[[-0.23969624361435615, 0.14041080865940456, 0.9176596007529714], [0.4571067811865472, -0.8535533905932738, 0.25000000000000017], [0.8183741657980198, 0.47939248722871186, 0.14041080865940453]]
11	[[0.8489524140446696, -0.5135124485683378, 0.12483895166604869], [0.522794976890395, 0.7815435453534784, -0.34040431673891397], [0.0772347773085365, 0.35425224329800037, 0.9319550081910795]]	0.9166320540230545	0.0833679459769456	[[0.7781769950535962, -0.4707019704976036, 0.11443138468773505], [0.4792106334999781, 0.7163878652858192, -0.31202550805070517], [0.07079587256633704, 0.32471896141652096, 0.8542598334152616]]	0.9224255492244029	0.13487478095148084	[[0.7773829120667701, -0.48872590540984223, 0.06681868273509547], [0.510081467640329, 0.6688198309724764, -0.28945818801493206], [0.024071075174072677, 0.3031075502989168, 0.8616028821185671]]	[[-0.005712484723767027, -0.015048903005625294, -0.048335955820058174], [0.027842023950447367, -0.05209590309299281, 0.024539450811318284], [-0.047172256703978566, -0.02366376978921809, 0.0019437718354777113]]	0.2010688332992869	[[0.814936994301668, -0.47737903878235144, 0.13982108326303494], [0.49999999999999994, 0.7071067811865475, -0.4999999999999999], [0.13982108326303477, 0.47737903878235144, 0.8149369943016682]]
11	[[0.08740825448676931, -0.06334395238859675, -0.994156597696443], [0.7119981850616444, -0.6940087028176986, 0.10681996481098455], [-0.6967197295301035, -0.717174639895393, -0.015561310176609944]]	0.949851564988227	0.05014843501177303	[[0.08302486731714705, -0.06016735230884836, -0.9443012001653376], [0.6762925903495802, -0.6592052524868404, 0.10146311074770101], [-0.6617803254523431, -0.6812094540745073, -0.014780934824520184]]	0.9664839819567437	0.05537971021677899	[[0.06772416315914964, -0.05758025489169873, -0.9429907654595732], [0.6797899486844604, -0.672631412045039, 0.09010790619529759], [-0.6805963882479559, -0.7019810696594315, -0.0071728263236488345]]	[[-0.01675451469311154, 0.0036406604457106468, 0.01784566177065346], [-0.008344892359892005, -0.0018831174331554188, -0.013131878747701992], [-0.007227929743876133, -0.00884326793493848, 0.007866930700305141]]	0.11494486128350456	[[0.0, 0.0, -0.9874528459120001], [0.7071067811865475, -0.7071067811865476, 0.0], [-0.6982346034463304, -0.6982346034463303, 0.0]]
11	[[0.5319609947059123, -0.8460851799387872, 0.03402011756955908], [-0.703274286200726, -0.4190807785627857, 0.5742617690636116], [-0.47161719485230363, -0.3294103357928521, -0.8179645788128509]]	0.9206711586659266	0.07932884133407342	[[0.4897611453609711, -0.7789662229443122, 0.03132134106071701], [-0.647484351936375, -0.38583558597401857, 0.5287062483013402], [-0.4342043492314445, -0.3032785955309371, -0.7530763965233143]]	0.9206711586659266	0.07932884133407357	[[0.48976114536097115, -0.7789662229443123, 0.031321341060717], [-0.6474843519363747, -0.3858355859740186, 0.5287062483013402], [-0.43420434923144435, -0.3032785955309372, -0.7530763965233139]]	[[0.0, 0.0, 0.0], [0.0, 0.0, 0.0], [0.0, 0.0, 0.0]]	0.2079718977876165	[[0.4793924872287119, -0.8183741657980198, -0.14041080865940425], [-0.7071067811865477, -0.49999999999999983, 0.49999999999999994], [-0.47939248722871197, -0.14041080865940436, -0.8183741657980198]]
11	[[0.034229894132735264, 0.2773841392786001, 0.9601491309293217], [-0.1827544195208179, -0.9427759796974285, 0.2788803941677556], [0.9825625356654255, -0.18501754344446375, 0.018422055382213542]]	0.9308810580850889	0.06911894191491101	[[0.03186396006842118, 0.258211641067685, 0.8937846389189659], [-0.17012262741326517, -0.8776123015179487, 0.259604476402067], [0.9146488528349993, -0.17222932660588636, 0.017148742406297053]]	0.9348678525446269	0.1223309926233271	[[0.012297131958962707, 0.24471634531509537, 0.8898401267196933], [-0.16308813391934385, -0.8280666664643617, 0.25199565172641086], [0.9242393786876538, -0.16676284351424978, 0.0]]	[[-0.01970329566173744, -0.014601169302229211, -0.007772429434791442], [0.007763097801122952, 0.05330428910602988, -0.008720663485997853], [0.005673250979314325, 0.006204110008758278, -0.01722218735462816]]	0.14466277587791124	[[0.13982108326303502, 0.23868951939117586, 0.9138054304298089], [-0.25000000000000017, -0.9267766952966368, 0.2803300858899109], [0.9138054304298089, -0.26764741388779933, -0.06991054163151741]]
11	[[-0.8305561570912853, 0.32773595720904825, 0.4502950280316503], [-0.5100865793185324, -0.772219296347621, -0.37879947194723407], [0.22358030216652452, -0.5443036842615101, 0.808545204538665]]	0.9269812918235806	0.07301870817641953	[[-0.7699100194325085, 0.30380510099068125, 0.4174150667865146], [-0.47284071623856444, -0.7158328408994141, -0.35114002384773724], [0.2072547573286314, -0.5045593323810688, 0.7495062782010127]]	0.9269812918235808	0.0730187081764191	[[-0.7699100194325086, 0.30380510099068136, 0.4174150667865147], [-0.47284071623856466, -0.7158328408994146, -0.3511400238477373], [0.20725475732863147, -0.5045593323810691, 0.7495062782010131]]	[[0.0, 0.0, 0.0], [0.0, 0.0, 0.0], [0.0, 0.0, 0.0]]	0.16701171226026365	[[-0.7481687614683176, 0.4091870828990099, 0.4382671135242593], [-0.573223304703363, -0.7803300858899106, -0.2499999999999999], [0.23969624361435604, -0.43826711352425923, 0.8183741657980198]]
11	[[0.8787972042104137, -0.3840163418041313, 0.28327887866788265], [-0.395223040501579, -0.9183905790867732, -0.018907472103605397], [0.2674214316928388, -0.09534250611366366, -0.9588511794847616]]	0.8936461594470527	0.10635384055294748	[[0.7853337464754434, -0.3431747290181687, 0.2531510819740209], [-0.353189552269223, -0.8207162138732498, -0.01689658983023925], [0.2389801353861377, -0.08520246442053267, -0.8568736740278337]]	0.8936461594470526	0.10635384055294746	[[0.7853337464754434, -0.34317472901816864, 0.25315108197402086], [-0.353189552269223, -0.8207162138732496, -0.016896589830239252], [0.2389801353861376, -0.08520246442053264, -0.8568736740278339]]	[[0.0, 0.0, 0.0], [0.0, 0.0, 0.0], [0.0, 0.0, 0.0]]	0.13227971022643642	[[0.7944606707342209, -0.45690271521490444, 0.26764741388779933], [-0.47855339059327373, -0.8749999999999999, -0.07322330470336318], [0.26764741388779933, -0.06991054163151744, -0.9138054304298089]]
11	[[-0.5446221603179724, 0.8109226453022452, -0.2139887049042392], [-0.8354447797583356, -0.5021691245819775, 0.22328947644507607], [0.07361197229480154, 0.30038414347728, 0.9509735242804028]]	0.9142228292825813	0.08577717071741872	[[-0.4979060122958884, 0.7413639951175339, -0.19563335923206895], [-0.7637826902600285, -0.45909447785369256, 0.20413633690464372], [0.06729774558042445, 0.27461804152142383, 0.8694017059404575]]	0.9142228292825816	0.08577717071741853	[[-0.4979060122958885, 0.7413639951175338, -0.19563335923206907], [-0.763782690260029, -0.4590944778536927, 0.2041363369046438], [0.06729774558042448, 0.27461804152142394, 0.8694017059404575]]	[[0.0, 0.0, 0.0], [0.0, 0.0, 0.0], [0.0, 0.0, 0.0]]	0.11022922552139572	[[-0.47939248722871197, 0.8183741657980197, -0.14041080865940453], [-0.8535533905932738, -0.45710678118654735, 0.25000000000000017], [0.14041080865940453, 0.23969624361435615, 0.9176596007529714]]
11	[[0.04673222253661188, -0.9725397674033924, -0.22799671093185395], [-0.8377629715199755, -0.16246744520517667, 0.5213036857710898], [-0.5440306084466285, 0.16664552219444034, -0.8223502702654952]]	0.9229011412430439	0.07709885875695624	[[0.04312922151186297, -0.8975580612408354, -0.21041842471866837], [-0.773172402506949, -0.1499413905946993, 0.4811117665323437], [-0.5020864694065409, 0.15379734261629197, -0.7589480029295513]]	0.9229011412430439	0.07709885875695605	[[0.043129221511862964, -0.8975580612408354, -0.21041842471866837], [-0.7731724025069493, -0.14994139059469924, 0.4811117665323439], [-0.5020864694065411, 0.153797342616292, -0.7589480029295512]]	[[0.0, 0.0, 0.0], [0.0, 0.0, 0.0], [0.0, 0.0, 0.0]]	0.13211134733341073	[[0.1410030213490706, -0.9215300268658078, -0.2407072139127897], [-0.8535533905932738, -0.2500000000000001, 0.4571067811865474], [-0.4814144278255794, 0.14100302134907047, -0.8218258343020887]]
11	[[-0.42203838922340475, -0.825029846081567, 0.3757783270710803], [0.2588054115689476, 0.28760896992378115, 0.9221175843470338], [-0.8688517462515349, 0.4864224845687207, 0.09214016247897017]]	0.9109885081488992	0.08901149185110095	[[-0.3844721225801939, -0.7515927086601628, 0.34232973757317253], [0.23576875578605744, 0.26200846644110704, 0.840038522502171], [-0.7915139561202515, 0.4431252935473398, 0.08393862915731422]]	0.9109885081488991	0.08901149185110104	[[-0.384472122580194, -0.7515927086601625, 0.34232973757317253], [0.23576875578605744, 0.262008466441107, 0.840038522502171], [-0.7915139561202515, 0.44312529354733976, 0.0839386291573142]]	[[0.0, 0.0, 0.0], [0.0, 0.0, 0.0], [0.0, 0.0, 0.0]]	0.16626730722650573	[[-0.43826711352425907, -0.8183741657980198, 0.23969624361435604], [0.25000000000000006, 0.1464466094067262, 0.9571067811865475], [-0.8183741657980198, 0.47939248722871186, 0.14041080865940453]]
11	[[-0.3195682178843842, -0.5708200961323295, -0.7563336379995778], [0.910087742671785, 0.03735879733279218, -0.41272826520656647], [0.2638493031197415, -0.8202248094963509, 0.507557688474819]]	0.9207952959801367	0.07920470401986342	[[-0.2942569117726965, -0.5256084593695783, -0.6964284560615547], [0.8380045123813609, 0.03439980484751033, -0.3800382451202488], [0.2429511971602952, -0.7552591462304437, 0.467356731986165]]	0.9207952959801365	0.07920470401986351	[[-0.29425691177269636, -0.5256084593695783, -0.6964284560615546], [0.8380045123813606, 0.03439980484751033, -0.3800382451202486], [0.2429511971602951, -0.7552591462304437, 0.4673567319861649]]	[[0.0, 0.0, 0.0], [0.0, 0.0, 0.0], [0.0, 0.0, 0.0]]	0.23504289037444645	[[-0.48548392889176456, -0.48548392889176467, -0.6865779565529089], [0.8535533905932738, -0.14644660940672602, -0.5], [0.14219495061531037, -0.828772907168219, 0.48548392889176456]]
11	[[0.22433838825039393, -0.7661379269479729, -0.6022499185961573], [-0.9416906372873723, -0.011392912655017143, -0.3362869982418849], [0.2507808429735371, 0.642575192824231, -0.724020780340167]]	0.9183062275270026	0.08169377247299739	[[0.20601133900370722, -0.7035492294609514, -0.5530498507744817], [-0.8647603766248658, -0.0104621826407734, -0.3088144447218852], [0.23029360984707048, 0.590080801224856, -0.6648727914453354]]	0.916403858709245	0.08171586989391366	[[0.19652240252528558, -0.7146800076518857, -0.5504435937787855], [-0.8710262255795647, -0.005999488746850672, -0.32106734294077593], [0.23975054145066438, 0.5809899143948167, -0.6725575990133958]]	[[-0.00906216212398823, -0.012588255093261981, 0.0014605555300616058], [-0.00805729185904844, 0.0044410203721444745, -0.012892640118163372], [0.009934009259357715, -0.00786847182014557, -0.00906216212398823]]	0.2382209474231566	[[0.23868951939117553, -0.8149369943016682, -0.4364263916474574], [-0.9571067811865474, -0.14644660940672607, -0.2499999999999999], [0.1398210832630349, 0.47737903878235133, -0.8149369943016682]]
11	[[0.3802729664721569, 0.7767473726770865, -0.5020517802076895], [0.4287143634067757, 0.332951791095048, 0.839849450446521], [0.8195098935212374, -0.5346088512602871, -0.20639019011321075]]	0.9134848865718781	0.08651511342812201	[[0.3473736076441698, 0.7095469856249328, -0.4586167134962307], [0.39162409162837347, 0.3041464291223636, 0.7671897799785944], [0.7486099021277793, -0.48835710585382547, -0.18853431940511464]]	0.9134848865718781	0.0865151134281219	[[0.34737360764416986, 0.7095469856249328, -0.4586167134962307], [0.39162409162837347, 0.30414642912236356, 0.7671897799785946], [0.7486099021277794, -0.48835710585382547, -0.1885343194051147]]	[[0.0, 0.0, 0.0], [0.0, 0.0, 0.0], [0.0, 0.0, 0.0]]	0.1626516620356884	[[0.23969624361435599, 0.7481687614683177, -0.5495978915584141], [0.4571067811865474, 0.42677669529663675, 0.7803300858899108], [0.8183741657980198, -0.43826711352425923, -0.23969624361435604]]
11	[[0.8592155572171323, 0.2624339665249735, -0.4391776855101157], [-0.4266000482917053, 0.8413623931712975, -0.33184593135155627], [0.2824199444684594, 0.4724804086637203, 0.8348660002631537]]	0.9273481112701454	0.07265188872985465	[[0.7967919241592332, 0.24336764319006676, -0.40727059716979974], [-0.39560674905106574, 0.7802358262011321, -0.30773669767154804], [0.2619016020878452, 0.4381538145864475, 0.7742114085076964]]	0.9273481112701458	0.0726518887298543	[[0.7967919241592335, 0.24336764319006682, -0.4072705971697999], [-0.3956067490510658, 0.7802358262011325, -0.30773669767154815], [0.2619016020878453, 0.4381538145864476, 0.7742114085076965]]	[[0.0, 0.0, 0.0], [0.0, 0.0, 0.0], [0.0, 0.0, 0.0]]	0.1419416306824335	[[0.8149369943016682, 0.23868951939117566, -0.4364263916474574], [-0.4571067811865474, 0.7803300858899107, -0.4267766952966369], [0.2386895193911757, 0.5472895804138689, 0.7450264526701506]]
