11	[[0.034229894132735264, 0.2773841392786001, 0.9601491309293217], [-0.1827544195208179, -0.9427759796974285, 0.2788803941677556], [0.9825625356654255, -0.18501754344446375, 0.018422055382213542]]	0.948629755717251	0.05137024428274908	[[0.03247149610936401, 0.2631348482836984, 0.9108260355256133], [-0.17336628034628151, -0.8943453473164635, 0.26455424019368873], [0.9320880581852155, -0.17551314704112753, 0.017475709897038894]]	0.9486297557172508	0.05137024428274945	[[0.03247149610936401, 0.26313484828369826, 0.9108260355256133], [-0.17336628034628143, -0.8943453473164632, 0.26455424019368856], [0.9320880581852155, -0.17551314704112747, 0.017475709897038894]]	[[0.0, 0.0, 0.0], [0.0, 0.0, 0.0], [0.0, 0.0, 0.0]]	0.13698721282676962	[[0.1438896701053059, 0.24563503157946281, 0.940395817686702], [-0.25000000000000017, -0.9267766952966368, 0.2803300858899109], [0.940395817686702, -0.2754355580009669, -0.07194483505265284]]
11	[[0.3802729664721569, 0.7767473726770865, -0.5020517802076895], [0.4287143634067757, 0.332951791095048, 0.839849450446521], [0.8195098935212374, -0.5346088512602871, -0.20639019011321075]]	0.9517632444092623	0.04823675559073778	[[0.36192983233067466, 0.7392795995055141, -0.4778344311919164], [0.4080345734408844, 0.3168912769244978, 0.7993378377723168], [0.779979395083262, -0.5088210547653996, -0.19643459695639384]]	0.9517632444092622	0.0482367555907379	[[0.3619298323306746, 0.739279599505514, -0.47783443119191626], [0.4080345734408843, 0.3168912769244979, 0.7993378377723167], [0.7799793950832619, -0.5088210547653995, -0.1964345969563939]]	[[0.0, 0.0, 0.0], [0.0, 0.0, 0.0], [0.0, 0.0, 0.0]]	0.15326989052795725	[[0.24602867746340412, 0.7679343160655973, -0.5641174861894813], [0.4571067811865474, 0.42677669529663675, 0.7803300858899108], [0.8399944473282704, -0.4498455073395198, -0.24602867746340418]]
11	[[-0.30792515101507295, 0.09349718223056193, 0.9468053539599837], [0.3027085282091916, -0.9338174967034747, 0.1906631317268273], [0.9019698710720718, 0.34531602882779927, 0.2592434992682147]]	0.950106464362857	0.04989353563714318	[[-0.29256167651932974, 0.08883227723696893, 0.8995658872907434], [0.2876053294693192, -0.887226040153112, 0.18115027396932548], [0.856967405166108, 0.3280869912374028, 0.24630892449877836]]	0.9501064643628571	0.04989353563714317	[[-0.29256167651932985, 0.08883227723696896, 0.8995658872907435], [0.2876053294693192, -0.8872260401531122, 0.1811502739693256], [0.8569674051661079, 0.3280869912374027, 0.24630892449877836]]	[[0.0, 0.0, 0.0], [0.0, 0.0, 0.0], [0.0, 0.0, 0.0]]	0.20499316209190624	[[-0.2460286774634043, 0.1441202625253465, 0.9419028622663281], [0.4571067811865472, -0.8535533905932738, 0.25000000000000017], [0.8399944473282704, 0.49205735492680813, 0.14412026252534646]]
11	[[-0.8305561570912853, 0.32773595720904825, 0.4502950280316503], [-0.5100865793185324, -0.772219296347621, -0.37879947194723407], [0.22358030216652452, -0.5443036842615101, 0.808545204538665]]	0.9597586460058143	0.04024135399418563	[[-0.7971334527617244, 0.31454741853837564, 0.43217454640680686], [-0.48956000471249206, -0.7411441462821554, -0.3635560683037947], [0.21458312808091445, -0.5224001670228032, 0.7760082507425234]]	0.9597586460058144	0.040241353994185804	[[-0.7971334527617245, 0.31454741853837564, 0.4321745464068069], [-0.4895600047124921, -0.7411441462821556, -0.36355606830379483], [0.2145831280809144, -0.5224001670228031, 0.7760082507425231]]	[[0.0, 0.0, 0.0], [0.0, 0.0, 0.0], [0.0, 0.0, 0.0]]	0.15443934538435192	[[-0.7679343160655971, 0.4199972236641352, 0.44984550733951983], [-0.573223304703363, -0.7803300858899106, -0.2499999999999999], [0.24602867746340418, -0.4498455073395198, 0.8399944473282704]]
11	[[-0.42203838922340475, -0.825029846081567, 0.3757783270710803], [0.2588054115689476, 0.28760896992378115, 0.9221175843470338], [-0.8688517462515349, 0.4864224845687207, 0.09214016247897017]]	0.9556640242591645	0.04433597574083555	[[-0.4033269054370946, -0.7884513428402296, 0.35911782827812516], [0.24733102112002978, 0.27485754561039366, 0.8812346014972259], [-0.8303303563073444, 0.4648564690930849, 0.0880550384705459]]	0.9556640242591644	0.04433597574083546	[[-0.4033269054370945, -0.7884513428402296, 0.359117828278125], [0.24733102112002978, 0.2748575456103937, 0.8812346014972261], [-0.8303303563073444, 0.464856469093085, 0.0880550384705459]]	[[0.0, 0.0, 0.0], [0.0, 0.0, 0.0], [0.0, 0.0, 0.0]]	0.15328433544747155	[[-0.4498455073395196, -0.8399944473282704, 0.24602867746340418], [0.25000000000000006, 0.1464466094067262, 0.9571067811865475], [-0.8399944473282704, 0.49205735492680813, 0.14412026252534646]]
11	[[0.5319609947059123, -0.8460851799387872, 0.03402011756955908], [-0.703274286200726, -0.4190807785627857, 0.5742617690636116], [-0.47161719485230363, -0.3294103357928521, -0.8179645788128509]]	0.952434513006467	0.04756548699353319	[[0.5066580109311614, -0.8058407263169878, 0.032401934109785764], [-0.669822702287559, -0.39914699724081787, 0.5469467283563332], [-0.44918449330462984, -0.31374177275016196, -0.7790576952781573]]	0.9524345130064671	0.04756548699353307	[[0.5066580109311615, -0.8058407263169878, 0.032401934109785764], [-0.669822702287559, -0.3991469972408178, 0.5469467283563331], [-0.44918449330462995, -0.3137417727501619, -0.7790576952781575]]	[[0.0, 0.0, 0.0], [0.0, 0.0, 0.0], [0.0, 0.0, 0.0]]	0.20316250289711796	[[0.4920573549268082, -0.8399944473282704, -0.14412026252534618], [-0.7071067811865477, -0.49999999999999983, 0.49999999999999994], [-0.49205735492680824, -0.1441202625253463, -0.8399944473282704]]
11	[[0.22433838825039393, -0.7661379269479729, -0.6022499185961573], [-0.9416906372873723, -0.011392912655017143, -0.3362869982418849], [0.2507808429735371, 0.642575192824231, -0.724020780340167]]	0.9368412869235626	0.06315871307643771	[[0.21016946435485684, -0.7177496414428893, -0.5642125887872349], [-0.8822146685201718, -0.010673350953533986, -0.31504754420858927], [0.2349418476671043, 0.6019909705906088, -0.6782925596132838]]	0.9368412869235625	0.06315871307643753	[[0.21016946435485678, -0.7177496414428891, -0.5642125887872349], [-0.8822146685201718, -0.010673350953533969, -0.31504754420858927], [0.23494184766710433, 0.601990970590609, -0.6782925596132839]]	[[0.0, 0.0, 0.0], [0.0, 0.0, 0.0], [0.0, 0.0, 0.0]]	0.2306836945203923	[[0.24563503157946248, -0.8386504562125451, -0.44912575452777653], [-0.9571067811865474, -0.14644660940672607, -0.2499999999999999], [0.1438896701053058, 0.49127006315892524, -0.8386504562125451]]
11	[[0.04673222253661188, -0.9725397674033924, -0.22799671093185395], [-0.8377629715199755, -0.16246744520517667, 0.5213036857710898], [-0.5440306084466285, 0.16664552219444034, -0.8223502702654952]]	0.9572501652514206	0.04274983474857959	[[0.04473442774573784, -0.9309638530604755, -0.21824988921629754], [-0.8019487429290175, -0.1555219887706314, 0.4990180393505503], [-0.5207733898373662, 0.15952145365903733, -0.7871949321061954]]	0.9572501652514205	0.042749834748579484	[[0.044734427745737854, -0.9309638530604756, -0.21824988921629748], [-0.8019487429290176, -0.15552198877063145, 0.4990180393505502], [-0.520773389837366, 0.15952145365903733, -0.7871949321061957]]	[[0.0, 0.0, 0.0], [0.0, 0.0, 0.0], [0.0, 0.0, 0.0]]	0.12054750183794602	[[0.1443512244845217, -0.9434123219814986, -0.2464229541901083], [-0.8535533905932738, -0.2500000000000001, 0.4571067811865474], [-0.4928459083802166, 0.14435122448452153, -0.8413405922759118]]
11	[[0.08740825448676931, -0.06334395238859675, -0.994156597696443], [0.7119981850616444, -0.6940087028176986, 0.10681996481098455], [-0.6967197295301035, -0.717174639895393, -0.015561310176609944]]	0.9711547174694977	0.028845282530502364	[[0.08488693869060039, -0.061516778185348994, -0.9654798697563262], [0.6914603962523365, -0.6739898257062948, 0.10373871274611338], [-0.6766226520872327, -0.6964875347838991, -0.015112439788020848]]	0.9711547174694979	0.028845282530502267	[[0.08488693869060043, -0.06151677818534899, -0.9654798697563264], [0.6914603962523364, -0.6739898257062947, 0.10373871274611339], [-0.6766226520872326, -0.6964875347838991, -0.015112439788020852]]	[[0.0, 0.0, 0.0], [0.0, 0.0, 0.0], [0.0, 0.0, 0.0]]	0.11119788701326896	[[0.0, 0.0, -0.9952076759039998], [0.7071067811865475, -0.7071067811865476, 0.0], [-0.7037180963206222, -0.7037180963206221, 0.0]]
11	[[0.8489524140446696, -0.5135124485683378, 0.12483895166604869], [0.522794976890395, 0.7815435453534784, -0.34040431673891397], [0.0772347773085365, 0.35425224329800037, 0.9319550081910795]]	0.9355783050555023	0.06442169494449772	[[0.7942614606046893, -0.48043110625646634, 0.11679661480462764], [0.4891156383706463, 0.7311951854888753, -0.3184748936881695], [0.07225918204565976, 0.3314307133468526, 0.8719168869513971]]	0.9355783050555023	0.06442169494449765	[[0.794261460604689, -0.4804311062564663, 0.11679661480462758], [0.48911563837064626, 0.7311951854888754, -0.3184748936881695], [0.07225918204565976, 0.3314307133468526, 0.871916886951397]]	[[0.0, 0.0, 0.0], [0.0, 0.0, 0.0], [0.0, 0.0, 0.0]]	0.18740532857410994	[[0.838650456212545, -0.49127006315892535, 0.14388967010530582], [0.49999999999999994, 0.7071067811865475, -0.4999999999999999], [0.14388967010530562, 0.49127006315892535, 0.8386504562125451]]
11	[[0.8787972042104137, -0.3840163418041313, 0.28327887866788265], [-0.395223040501579, -0.9183905790867732, -0.018907472103605397], [0.2674214316928388, -0.09534250611366366, -0.9588511794847616]]	0.9252156034393387	0.07478439656066134	[[0.813076885594342, -0.35529791141287664, 0.2620940386683244], [-0.3656665239107987, -0.8497092938227726, -0.01749348821184973], [0.24742248129630182, -0.08821237432737217, -0.8871440726355153]]	0.9252156034393386	0.07478439656066146	[[0.8130768855943417, -0.3552979114128767, 0.26209403866832426], [-0.3656665239107985, -0.8497092938227725, -0.017493488211849734], [0.2474224812963018, -0.08821237432737214, -0.8871440726355152]]	[[0.0, 0.0, 0.0], [0.0, 0.0, 0.0], [0.0, 0.0, 0.0]]	0.1171444726706617	[[0.8175783018969704, -0.470197908843351, 0.2754355580009669], [-0.47855339059327373, -0.8749999999999999, -0.07322330470336318], [0.2754355580009669, -0.07194483505265288, -0.940395817686702]]
11	[[-0.5446221603179724, 0.8109226453022452, -0.2139887049042392], [-0.8354447797583356, -0.5021691245819775, 0.22328947644507607], [0.07361197229480154, 0.30038414347728, 0.9509735242804028]]	0.9463564139947229	0.05364358600527712	[[-0.5154066746205753, 0.7674218466353475, -0.2025095834085508], [-0.7906285258627097, -0.47523097195826947, 0.21131142821132134], [0.06966316212798727, 0.2842704608420351, 0.8999598942419255]]	0.9463564139947226	0.053643586005277424	[[-0.5154066746205753, 0.7674218466353473, -0.2025095834085507], [-0.7906285258627093, -0.47523097195826935, 0.21131142821132123], [0.06966316212798726, 0.28427046084203494, 0.8999598942419252]]	[[0.0, 0.0, 0.0], [0.0, 0.0, 0.0], [0.0, 0.0, 0.0]]	0.10130593289670839	[[-0.49205735492680824, 0.8399944473282703, -0.14412026252534646], [-0.8535533905932738, -0.45710678118654735, 0.25000000000000017], [0.14412026252534646, 0.2460286774634043, 0.9419028622663281]]
11	[[0.8592155572171323, 0.2624339665249735, -0.4391776855101157], [-0.4266000482917053, 0.8413623931712975, -0.33184593135155627], [0.2824199444684594, 0.4724804086637203, 0.8348660002631537]]	0.9612251309182385	0.0387748690817617	[[0.825899586473025, 0.2522581238303602, -0.42214862825083], [-0.41005868726892125, 0.8087386765257628, -0.3189786488080844], [0.2714691480956166, 0.4541600426740875, 0.8024941804021362]]	0.9612251309182386	0.038774869081761594	[[0.8258995864730252, 0.2522581238303604, -0.42214862825082994], [-0.4100586872689213, 0.8087386765257627, -0.31897864880808446], [0.27146914809561656, 0.4541600426740874, 0.802494180402136]]	[[0.0, 0.0, 0.0], [0.0, 0.0, 0.0], [0.0, 0.0, 0.0]]	0.12731686048707722	[[0.8386504562125451, 0.24563503157946262, -0.44912575452777653], [-0.4571067811865474, 0.7803300858899107, -0.4267766952966369], [0.24563503157946265, 0.5632148982115782, 0.7667056211598922]]
11	[[-0.3195682178843842, -0.5708200961323295, -0.7563336379995778], [0.910087742671785, 0.03735879733279218, -0.41272826520656647], [0.2638493031197415, -0.8202248094963509, 0.507557688474819]]	0.9394156552780545	0.0605843447219456	[[-0.3002073868098988, -0.5362373346540342, -0.7105116601502081], [0.8549506731425404, 0.035095439076785015, -0.3877233937108013], [0.24786416598489003, -0.770532026888332, 0.47680763850998675]]	0.9394156552780545	0.060584344721945634	[[-0.30020738680989884, -0.5362373346540344, -0.7105116601502081], [0.8549506731425405, 0.03509543907678503, -0.3877233937108012], [0.24786416598489, -0.7705320268883318, 0.4768076385099867]]	[[0.0, 0.0, 0.0], [0.0, 0.0, 0.0], [0.0, 0.0, 0.0]]	0.2275127665066624	[[-0.4944268084345777, -0.4944268084345778, -0.6992250980890242], [0.8535533905932738, -0.14644660940672602, -0.5], [0.1448142593900659, -0.8440393574790899, 0.4944268084345777]]
