11	[[-0.8305561570912853, 0.32773595720904825, 0.4502950280316503], [-0.5100865793185324, -0.772219296347621, -0.37879947194723407], [0.22358030216652452, -0.5443036842615101, 0.808545204538665]]	0.5227277897994309	0.477272210200569	[[-0.4341547843006365, 0.17131669254968662, 0.23538172476065733], [-0.26663643021352856, -0.4036604860202638, -0.19800901074816923], [0.11687163719419631, -0.28452266185370645, 0.4226490477214252]]	0.7174364526868559	0.4301372790783738	[[-0.5036738248991862, 0.17237140637099727, 0.24202120622295958], [-0.43890042730129075, -0.6706161776915486, -0.26327843556437], [0.13878822723340306, -0.34083245028237524, 0.4724347370135214]]	[[0.0921974382016125, -0.06275831618699348, -0.08103686135059594], [-0.07294572127183026, -0.11659790502357131, 0.00848611386910788], [-0.021616431643603617, 0.049670854138589, -0.1076450663676668]]	0.5551174049683434	[[-0.4490704892505477, 0.31754078817982284, 0.3175407881798228], [-0.7071067811865475, -0.5000000000000001, -0.5], [0.0, -0.4490704892505476, 0.4490704892505477]]
11	[[0.5319609947059123, -0.8460851799387872, 0.03402011756955908], [-0.703274286200726, -0.4190807785627857, 0.5742617690636116], [-0.47161719485230363, -0.3294103357928521, -0.8179645788128509]]	0.5616377688708801	0.43836223112911993	[[0.29876938619296267, -0.4751933927355376, 0.019106982928492187], [-0.3949854010060366, -0.23537159344867434, 0.3225270987247315], [-0.26487802907799096, -0.18500928603770486, -0.4593998010598588]]	0.7051221167903876	0.4858318667001634	[[0.4258140863566495, -0.5460644861751589, 0.08113984298150964], [-0.5293304112556109, -0.34290611917633523, 0.32863322356082625], [-0.2434457857186385, -0.11087760256574726, -0.4913144534093347]]	[[0.05071662371969644, 0.0505288868882547, 0.05715150566740426], [-0.033436157885505885, -0.047402993489980096, -0.07629145063310022], [0.08910192903036253, 0.12139691070114099, 0.08545046186274065]]	0.48560723524610916	[[0.4490704892505477, -0.4490704892505476, 0.0], [-0.5, -0.5000000000000001, 0.7071067811865475], [-0.3175407881798228, -0.31754078817982284, -0.4490704892505477]]
11	[[0.034229894132735264, 0.2773841392786001, 0.9601491309293217], [-0.1827544195208179, -0.9427759796974285, 0.2788803941677556], [0.9825625356654255, -0.18501754344446375, 0.018422055382213542]]	0.750935278285594	0.24906472171440608	[[0.02570443507625198, 0.20829753582118557, 0.7210098548300816], [-0.13723674088078758, -0.7079637426750619, 0.20942112640275973], [0.7378408711529152, -0.1389362004741854, 0.01383377128503515]]	0.866664318144732	0.20518213494674806	[[0.009225081249967598, 0.20979025524018652, 0.7765419164936945], [-0.16860944564523928, -0.8234433671133462, 0.2576359719966478], [0.8055608541007732, -0.14355349627124908, 0.0]]	[[-0.020440746608745772, -0.03060868069186478, -0.0555850753804233], [-0.010222711263293337, -0.006373065505642601, 0.015940285341315797], [-0.04599103590626197, 0.016794606862860408, -0.015965738066650588]]	0.37718480988883063	[[0.0, 0.0, 0.9132], [0.0, -1.0, 0.0], [0.9132, 0.0, 0.0]]
11	[[-0.30792515101507295, 0.09349718223056193, 0.9468053539599837], [0.3027085282091916, -0.9338174967034747, 0.1906631317268273], [0.9019698710720718, 0.34531602882779927, 0.2592434992682147]]	0.5951551341861595	0.40484486581384055	[[-0.18326323457166915, 0.0556453280364579, 0.5634960674842283], [0.18015853472563628, -0.5557662775559402, 0.11347414174723333], [0.5368119996497719, 0.20551660747364064, 0.15429009959386386]]	0.7940938329504371	0.3085435665017957	[[-0.17571949371835416, 0.07019776626902596, 0.7196667754992675], [0.26107243038288286, -0.8378638472581851, 0.1303588685174026], [0.6613259762747257, 0.2401217818335279, 0.10552172744932822]]	[[0.06880196971304729, -0.00404776953850647, -0.03218551708481106], [0.020693454950460367, -0.09632513202474062, -0.021045548557887764], [-0.054922735850707546, -0.034091547077562845, -0.10034193655205224]]	0.4842631692977505	[[0.0, 0.0, 0.9132], [0.0, -1.0, 0.0], [0.9132, 0.0, 0.0]]
11	[[0.8489524140446696, -0.5135124485683378, 0.12483895166604869], [0.522794976890395, 0.7815435453534784, -0.34040431673891397], [0.0772347773085365, 0.35425224329800037, 0.9319550081910795]]	0.6684451281418851	0.33155487185811505	[[0.5674781051924518, -0.34325489448571567, 0.08344798904351053], [0.34945975531943385, 0.522418975322269, -0.22754160712259416], [0.05162721061501465, 0.2367981861658821, 0.6229607848727576]]	0.8194998522796647	0.2719234037503163	[[0.649829945410629, -0.40226924438698264, 0.05057814690983388], [0.47651725105296316, 0.6256966332894326, -0.2643107175073687], [0.026233645543144554, 0.22562999735894967, 0.7177128260436193]]	[[-0.04588643249144238, 0.01855413135853907, -0.051727355539241224], [0.04808684471873388, -0.014778186677868288, 0.014650569775531473], [-0.037060243052053916, -0.06467966369350145, -0.046024165500263885]]	0.45716948594369494	[[0.6457299125795553, -0.6457299125795551, 0.0], [0.7071067811865475, 0.7071067811865476, 0.0], [0.0, 0.0, 0.9132]]
11	[[0.8787972042104137, -0.3840163418041313, 0.28327887866788265], [-0.395223040501579, -0.9183905790867732, -0.018907472103605397], [0.2674214316928388, -0.09534250611366366, -0.9588511794847616]]	0.5808972780085123	0.4191027219914875	[[0.5104909038473202, -0.22307404766480643, 0.16455592953547668], [-0.2295839884336153, -0.5334905875401681, -0.010983299079006274], [0.15534438175150939, -0.05538420227993717, -0.5569940401779496]]	0.7908362340911702	0.3678028220480326	[[0.5508848636334289, -0.23294109322295237, 0.224380054684375], [-0.3455291834233156, -0.8468474079826196, -0.024213881337637813], [0.20151234960085135, -0.07540030848374414, -0.639008098382833]]	[[-0.14409980787418372, 0.07075294435889444, 0.0003528530810971691], [-0.032972482446984794, -0.12055086099282683, -0.009261167303038668], [-0.009974208354382353, 0.0, 0.11928615745477272]]	0.5136051203131011	[[0.9132, 0.0, 0.0], [0.0, -1.0, 0.0], [0.0, 0.0, -0.9132]]
11	[[0.8592155572171323, 0.2624339665249735, -0.4391776855101157], [-0.4266000482917053, 0.8413623931712975, -0.33184593135155627], [0.2824199444684594, 0.4724804086637203, 0.8348660002631537]]	0.5354857453419429	0.4645142546580571	[[0.46009768306580895, 0.14052964816766791, -0.2351733902629337], [-0.22843824482239272, 0.4505375682100131, -0.1776987658884793], [0.15123185446312315, 0.2530065237927581, 0.4470588424115615]]	0.7367395135777747	0.46284759404019193	[[0.45516746985278655, 0.1824030542815548, -0.2841675461303682], [-0.3512490112119434, 0.7496021391056917, -0.25326490054830725], [0.23637513287175393, 0.30825466018428976, 0.4508304411000541]]	[[-0.17785058182982008, -0.010942418562340208, 0.0393920082665673], [-0.03695589914125726, 0.12973721881803765, -0.00878089050159809], [0.028305200359399013, -0.03984032626964772, -0.16424832983644402]]	0.5638412305949793	[[0.5420760328050968, -0.093005543554549, -0.3175407881798228], [-0.14644660940672619, 0.8535533905932737, -0.5], [0.3175407881798228, 0.31754078817982284, 0.4490704892505477]]
11	[[0.3802729664721569, 0.7767473726770865, -0.5020517802076895], [0.4287143634067757, 0.332951791095048, 0.839849450446521], [0.8195098935212374, -0.5346088512602871, -0.20639019011321075]]	0.54335890328561	0.45664109671439024	[[0.2066247020114767, 0.4220526005478007, -0.27279430468623833], [0.23294576632349412, 0.18091232005638475, 0.4563396763196439], [0.44528799697540655, -0.29048447910756947, -0.11214394734882273]]	0.7420889735790306	0.39902378975865027	[[0.29328375672686496, 0.4219235347089647, -0.3481370540150958], [0.4149285099010441, 0.31505278436762973, 0.703673904435058], [0.5240411593110649, -0.37454271483205936, -0.04022315155480451]]	[[0.011087381357688959, -0.1544921258111831, 0.02443003624275352], [0.09678430800192239, 0.06797293146260572, 0.08043088779228613], [-0.0841080964099708, 0.022184618865951702, 0.11293673278308902]]	0.4707451592976264	[[0.34772315832218875, 0.3477231583221888, -0.4917548064504464], [0.5, 0.5000000000000001, 0.7071067811865475], [0.4917548064504464, -0.49175480645044634, 0.0]]
11	[[0.08740825448676931, -0.06334395238859675, -0.994156597696443], [0.7119981850616444, -0.6940087028176986, 0.10681996481098455], [-0.6967197295301035, -0.717174639895393, -0.015561310176609944]]	0.6146244384232161	0.3853755615767837	[[0.05372324932748415, -0.038932741164348215, -0.6110329405639118], [0.43761148465186234, -0.4265547092301528, 0.06565416088433909], [-0.428220972500815, -0.4407930602970783, -0.009564361528428366]]	0.8387228531746588	0.2729309439253877	[[0.04757895487545818, -0.047578954875458185, -0.7246328467347499], [0.6787683632220304, -0.6642773237307764, 0.09675341095065161], [-0.5210650152082869, -0.532100648189606, 0.0]]	[[-0.025732345718701633, 0.005549065603265416, 0.10918901138762216], [0.08159921399194926, -0.08219636437547251, 0.0071610652883660145], [0.06328974420627796, 0.06941011200796651, 0.013051626470462143]]	0.2758963434682857	[[0.0, 0.0, -0.761548747968], [0.7071067811865475, -0.7071067811865476, 0.0], [-0.5384962838922979, -0.5384962838922978, 0.0]]
11	[[0.22433838825039393, -0.7661379269479729, -0.6022499185961573], [-0.9416906372873723, -0.011392912655017143, -0.3362869982418849], [0.2507808429735371, 0.642575192824231, -0.724020780340167]]	0.4885085178290144	0.5114914821709857	[[0.10959121353634996, -0.37426490314594785, -0.2942042150960533], [-0.4600238974747143, -0.005565534874857857, -0.16427906307631157], [0.12250857790091343, 0.31390345504025824, -0.3536903182813814]]	0.6867363896970734	0.5032270748241219	[[0.17679381797298616, -0.4188181610209169, -0.32474078205868295], [-0.8189245305526224, 0.04929569423940647, -0.201494414567937], [0.140128548435687, 0.32474078205868295, -0.351920009733361]]	[[0.022732483155450317, 0.10731663294133399, 0.08884615273339858], [-0.17223130209035611, 0.05711962194424706, 0.029446104506761068], [-0.032091782273148496, -0.11653898597033033, 0.14529140702310314]]	0.524237016971683	[[0.08493266237401424, -0.4950238331576142, -0.28997824776581416], [-0.8535533905932738, 0.14644660940672602, -0.5], [0.28997824776581416, 0.2899782477658142, -0.41009117078360013]]
11	[[-0.42203838922340475, -0.825029846081567, 0.3757783270710803], [0.2588054115689476, 0.28760896992378115, 0.9221175843470338], [-0.8688517462515349, 0.4864224845687207, 0.09214016247897017]]	0.5296987778468566	0.47030122215314335	[[-0.2235532189760935, -0.4370173011565864, 0.1990493205908876], [0.13708891020822428, 0.15234611986642022, 0.48844455745971954], [-0.46022970811954533, 0.2576573955932828, 0.04880653145572131]]	0.7360531115369477	0.4171087278563599	[[-0.21654872113700788, -0.48043689944406937, 0.262800522207984], [0.2694561311323851, 0.2356290114953962, 0.8281446011175738], [-0.5555336518231719, 0.28319698288095596, 0.02304915546554989]]	[[0.09409394843892066, 0.1268288858751171, -0.013792284680833523], [0.07896160266446084, 0.02393353427706065, 0.14941708395600575], [0.08398737946958071, -0.07483580040738388, -0.044770897824616025]]	0.5828727757306899	[[-0.34772315832218875, -0.3477231583221888, 0.4917548064504464], [0.5, 0.5000000000000001, 0.7071067811865475], [-0.4917548064504464, 0.49175480645044634, 0.0]]
11	[[-0.3195682178843842, -0.5708200961323295, -0.7563336379995778], [0.910087742671785, 0.03735879733279218, -0.41272826520656647], [0.2638493031197415, -0.8202248094963509, 0.507557688474819]]	0.5052046484174846	0.4947953515825155	[[-0.16144734916168246, -0.28838096597616825, -0.3821032696718937], [0.4597805580655613, 0.01887383807181335, -0.20851223811564165], [0.13329789441780732, -0.4143813865049022, 0.256420503557512]]	0.680296334214354	0.5069817951725278	[[-0.2347020364096945, -0.36958580248728534, -0.37256876126075567], [0.7781258333306255, 0.01357689689034694, -0.22749790149629737], [0.15821257763992552, -0.37256876126075567, 0.30858999144483934]]	[[-0.017300949251534015, 0.018741016407423667, 0.14196224011336325], [0.15899647817759355, -0.011838155985808691, 0.053279624350379515], [-0.021283136057446587, 0.18542716987127889, -0.03669964342689113]]	0.5366610966302079	[[-0.2648081358597415, -0.26480813585974156, -0.37449525715958365], [0.8535533905932738, -0.14644660940672602, -0.5], [0.07756050727994981, -0.4520557644395334, 0.2648081358597415]]
11	[[-0.5446221603179724, 0.8109226453022452, -0.2139887049042392], [-0.8354447797583356, -0.5021691245819775, 0.22328947644507607], [0.07361197229480154, 0.30038414347728, 0.9509735242804028]]	0.5863244003278655	0.41367559967213446	[[-0.3193252615537019, 0.47546373371912526, -0.1254667990799146], [-0.4898416594988518, -0.2944340108336972, 0.1309200683761822], [0.043160495512700965, 0.17612255279231567, 0.5575789813513841]]	0.7595661577762469	0.34065214004143846	[[-0.43281259966667757, 0.5828200184857059, -0.0824209157261847], [-0.7310956269310007, -0.39051918921993445, 0.10714602852715749], [0.06800193449681459, 0.0889332921116552, 0.6967924473589262]]	[[-0.019136037914156138, -0.0331293794602709, 0.08011766266544344], [-0.09652004553573855, -0.009088516707340363, -0.06245710116809877], [0.012088771534520641, -0.13922833760629127, -0.025534858625675862]]	0.4411523326689008	[[-0.5896805561676499, 0.5896805561676498, 0.0], [-0.7071067811865475, -0.7071067811865476, 0.0], [0.0, 0.0, 0.83393424]]
11	[[0.04673222253661188, -0.9725397674033924, -0.22799671093185395], [-0.8377629715199755, -0.16246744520517667, 0.5213036857710898], [-0.5440306084466285, 0.16664552219444034, -0.8223502702654952]]	0.5272109111836574	0.47278908881634246	[[0.024637737625164618, -0.5127335769350848, -0.12020235371725968], [-0.44167777957097465, -0.08565460982430212, 0.27483699117877525], [-0.2868188727909466, 0.0878573376008073, -0.43355203529879865]]	0.6974861955252303	0.4717626502701581	[[-0.0005239378658443931, -0.6981574976038432, -0.10735163152737728], [-0.67108682667345, -0.14903277790320396, 0.2804619213937115], [-0.2409317514277982, 0.015766204142546227, -0.5041802787042654]]	[[-0.033119017971344145, -0.019824435240658467, 0.05167292697274723], [-0.08675871891607018, -0.035713977650341594, -0.083140203108046], [0.1385220879069169, -0.10046674713416928, 0.06939768269235984]]	0.5005708536500041	[[-0.08493266237401424, -0.4950238331576142, -0.28997824776581416], [-0.8535533905932738, -0.14644660940672602, 0.5], [-0.28997824776581416, 0.2899782477658142, -0.41009117078360013]]
