11	[[0.8489524140446696, -0.5135124485683378, 0.12483895166604869], [0.522794976890395, 0.7815435453534784, -0.34040431673891397], [0.0772347773085365, 0.35425224329800037, 0.9319550081910795]]	0.8318804865611571	0.16811951343884293	[[0.7062269472627486, -0.42718098557024, 0.10385108785373735], [0.43490293974731065, 0.6501508247773833, -0.283175708636286], [0.06425010412686796, 0.29469552852012193, 0.7752751856671024]]	0.9056800523000367	0.15889155979600286	[[0.7492595998471576, -0.4713964918306713, 0.0670686559201474], [0.5086145319940626, 0.6669235192684474, -0.29550322509555277], [0.021973715168275773, 0.2936580513867665, 0.8306183410782645]]	[[-0.019619666905061114, -0.006318510554579316, -0.045995492353841344], [0.0351295499817731, -0.040904879762046924, 0.012794174291705077], [-0.04797628198390127, -0.027181138850771676, -0.01343471948151351]]	0.3038721588939878	[[0.6743172338929145, -0.3950058902725589, 0.11569454665220326], [0.49999999999999994, 0.7071067811865475, -0.4999999999999999], [0.11569454665220309, 0.3950058902725589, 0.6743172338929148]]
11	[[0.034229894132735264, 0.2773841392786001, 0.9601491309293217], [-0.1827544195208179, -0.9427759796974285, 0.2788803941677556], [0.9825625356654255, -0.18501754344446375, 0.018422055382213542]]	0.8762307095620611	0.12376929043793908	[[0.029993284424160854, 0.24305250118134933, 0.8413121542795957], [-0.16013503469232881, -0.8260892656483452, 0.24436356566455972], [0.8609514678152136, -0.16211805337377191, 0.016141970659148554]]	0.9219099790717409	0.1255543748624252	[[0.00901733911158739, 0.2385199918850739, 0.86608507813147], [-0.1646661033661191, -0.8269344331399244, 0.2531511353272631], [0.8996185787095801, -0.1612980641520913, 0.0]]	[[-0.02253954187195048, -0.017203214152093173, -0.019085987069331137], [0.00381701970958624, 0.04222015057227176, -0.003951483023451278], [-0.006215627982408975, 0.009271455452699176, -0.016983476691874937]]	0.2381839934974939	[[-0.060380259004276, 0.23116142137117088, 0.7892344599428929], [-0.2803300858899109, -0.9267766952966368, 0.25000000000000017], [0.7892344599428929, -0.2061510991919995, 0.12076051800855218]]
11	[[0.3802729664721569, 0.7767473726770865, -0.5020517802076895], [0.4287143634067757, 0.332951791095048, 0.839849450446521], [0.8195098935212374, -0.5346088512602871, -0.20639019011321075]]	0.7781358685443909	0.2218641314556092	[[0.2959040350497638, 0.6044149914776584, -0.390664498046168], [0.3335980235269871, 0.25908173114715577, 0.6535169815697331], [0.6376900427758694, -0.41599832280694254, -0.16059960984278523]]	0.8533734421542295	0.23740709774113597	[[0.3458919421760061, 0.6030157221436097, -0.43304950363752687], [0.4024796603410287, 0.29219869695967876, 0.7185530028474162], [0.6644355300199756, -0.43304950363752687, -0.08185332568850623]]	[[0.021377091819461694, -0.05983985696208973, -0.004611847822032302], [0.03662620833962923, 0.008066480921481831, 0.0018477864285307306], [-0.03491244869368888, 0.02317149196858284, 0.09427458127527022]]	0.2555468113890236	[[0.20178069588912897, 0.6298221910163601, -0.46266158929164325], [0.4571067811865474, 0.42677669529663675, 0.7803300858899108], [0.6889223885297454, -0.3689412976138455, -0.20178069588912903]]
11	[[0.5319609947059123, -0.8460851799387872, 0.03402011756955908], [-0.703274286200726, -0.4190807785627857, 0.5742617690636116], [-0.47161719485230363, -0.3294103357928521, -0.8179645788128509]]	0.7969855646001662	0.2030144353998338	[[0.42396523371095757, -0.6743176748333479, 0.027113542608939077], [-0.5604994540564645, -0.33400133091593903, 0.4576783402454528], [-0.3758720963145097, -0.26253528245699664, -0.6519059616680971]]	0.8462179108358012	0.19840654991815979	[[0.5045957984242705, -0.6946456989959741, 0.006845887523332587], [-0.5925217488976818, -0.38985347685967797, 0.5689608485559022], [-0.36648465780601946, -0.3568031108240418, -0.6877998114726416]]	[[0.054440876838098624, 0.021326734360959526, -0.021942545292768033], [0.002601548315635989, -0.035219815952836395, 0.08301025406602153], [0.03260625953613794, -0.07805018466169475, 0.004376465548055125]]	0.28047896518260745	[[0.40356139177825795, -0.6889223885297454, -0.11820039502677065], [-0.7071067811865477, -0.49999999999999983, 0.49999999999999994], [-0.40356139177825795, -0.11820039502677074, -0.6889223885297454]]
11	[[0.8787972042104137, -0.3840163418041313, 0.28327887866788265], [-0.395223040501579, -0.9183905790867732, -0.018907472103605397], [0.2674214316928388, -0.09534250611366366, -0.9588511794847616]]	0.7925266196799531	0.20747338032004695	[[0.6964701776370728, -0.30434317327188964, 0.22450605213738464], [-0.31322478030834966, -0.7278489811895549, -0.014984674952963385], [0.21193860328949898, -0.0755614740820771, -0.7599150840531943]]	0.8471112798207366	0.24842229602780144	[[0.6925265972765893, -0.3135824111266025, 0.14508319652109172], [-0.3594585723461941, -0.8404993355653171, -0.02561009493953712], [0.13232679696603494, -0.05533240992803853, -0.8122536498109593]]	[[-0.051912427084979576, 0.011722163651172656, -0.09488553693344152], [-0.024660676692258587, -0.0625203167398133, -0.009593362047677086], [-0.09420891428677938, 0.0254333024472235, 0.0]]	0.251847357420614	[[0.657374159808851, -0.37806281618849547, 0.22146407029425427], [-0.47855339059327373, -0.8749999999999999, -0.07322330470336318], [0.22146407029425427, -0.0578472733261016, -0.7561256323769909]]
11	[[0.04673222253661188, -0.9725397674033924, -0.22799671093185395], [-0.8377629715199755, -0.16246744520517667, 0.5213036857710898], [-0.5440306084466285, 0.16664552219444034, -0.8223502702654952]]	0.7764576135438983	0.22354238645610183	[[0.036285589986380026, -0.755135906874576, -0.1770297820660053], [-0.650487437581845, -0.12614908478258555, 0.4047702157854586], [-0.4224167079293041, 0.12939318447087192, -0.638520128347526]]	0.7987396237322872	0.19287656675033638	[[0.07306550526239987, -0.8174214313560128, -0.11979442489160609], [-0.7545458667979823, -0.1467669481077593, 0.4550751108548426], [-0.4398338241913176, 0.0620473915031942, -0.6984691381733947]]	[[0.035738627417333024, -0.04061538347554093, 0.06231558221030199], [-0.08539138614927416, -0.016997762055830524, 0.038689201031787836], [-0.005295020701810302, -0.07105899019106367, -0.04162539272538836]]	0.22597859026567052	[[0.12076051800855218, -0.7892344599428929, -0.20615109919199937], [-0.8535533905932738, -0.2500000000000001, 0.4571067811865474], [-0.41230219838399873, 0.12076051800855205, -0.7038438787594457]]
11	[[-0.42203838922340475, -0.825029846081567, 0.3757783270710803], [0.2588054115689476, 0.28760896992378115, 0.9221175843470338], [-0.8688517462515349, 0.4864224845687207, 0.09214016247897017]]	0.7590310241236174	0.2409689758763827	[[-0.3203402307917228, -0.6262232490038422, 0.2852274084402217], [0.1964413365919126, 0.21830413098838625, 0.6999158544093255], [-0.659485430768896, 0.3692097566189505, 0.06993724188932923]]	0.852649997593765	0.24141565450356975	[[-0.2813814777223572, -0.6364772517619561, 0.33312350183339173], [0.25663414156483905, 0.232142456172632, 0.8305643711880513], [-0.7398608512565815, 0.3754535947585197, 0.022479907237020796]]	[[0.0784695538334554, 0.06698444451427661, 0.012716112160445978], [0.0359637080133225, -0.01308733134082537, 0.044320815113384746], [0.0009655880941281739, -0.03929453553855327, -0.056083402078962244]]	0.2652057218697746	[[-0.36894129761384536, -0.6889223885297454, 0.20178069588912903], [0.25000000000000006, 0.1464466094067262, 0.9571067811865475], [-0.6889223885297454, 0.4035613917782579, 0.11820039502677088]]
11	[[-0.30792515101507295, 0.09349718223056193, 0.9468053539599837], [0.3027085282091916, -0.9338174967034747, 0.1906631317268273], [0.9019698710720718, 0.34531602882779927, 0.2592434992682147]]	0.8166855759985213	0.18331442400147888	[[-0.25147802932117647, 0.07635780012420518, 0.7732422758572929], [0.2472176887201883, -0.7626352801727745, 0.15571182955600593], [0.736625783689807, 0.2820146199047533, 0.21172042652373416]]	0.8493937268065057	0.2619496610434509	[[-0.2564176472676589, 0.07890644730057196, 0.7434740071428234], [0.24369983509165732, -0.8497649630847021, 0.11899962857287741], [0.6801569099695247, 0.26445156265701963, 0.177511199967087]]	[[0.005132044330489902, -0.0005094727601520303, -0.060736521017599895], [-0.013418889820060162, -0.05658623940261591, -0.04294843944917215], [-0.0859706402875658, -0.02885770599504758, -0.0426886020267015]]	0.3030007579425567	[[-0.2017806958891291, 0.11820039502677089, 0.7725026893921035], [0.4571067811865472, -0.8535533905932738, 0.25000000000000017], [0.6889223885297454, 0.4035613917782579, 0.11820039502677088]]
11	[[0.8592155572171323, 0.2624339665249735, -0.4391776855101157], [-0.4266000482917053, 0.8413623931712975, -0.33184593135155627], [0.2824199444684594, 0.4724804086637203, 0.8348660002631537]]	0.8047692760147513	0.19523072398524874	[[0.6914702819222426, 0.21119879324198249, -0.3534367080098099], [-0.3433146120115736, 0.6771026040185036, -0.2670594099222328], [0.22728289424200837, 0.38023771641145604, 0.6718745066011095]]	0.8351786557928055	0.20364158109719593	[[0.7339542527567059, 0.1641089160160714, -0.3329825827971455], [-0.3519621098702261, 0.747812403910304, -0.39074377086519096], [0.2521228653614953, 0.3905405201140981, 0.7048309501974348]]	[[0.01635575864383506, -0.05507033138063011, 0.03380924624138845], [0.00432514502318622, 0.04512449134688187, -0.11359313198868655], [0.01625175577124855, -0.004065032482103321, 0.007568686330538055]]	0.25821725449408583	[[0.6743172338929148, 0.19750294513627942, -0.361119742104432], [-0.4571067811865474, 0.7803300858899107, -0.4267766952966369], [0.19750294513627942, 0.45285316359866046, 0.616469960566813]]
11	[[0.08740825448676931, -0.06334395238859675, -0.994156597696443], [0.7119981850616444, -0.6940087028176986, 0.10681996481098455], [-0.6967197295301035, -0.717174639895393, -0.015561310176609944]]	0.8711175999103832	0.12888240008961713	[[0.07614286886087046, -0.05518003177359197, -0.8660273093203977], [0.6202341501114483, -0.6045631955154719, 0.09305275136865646], [-0.6069248185984748, -0.624743451022268, -0.013555731172509473]]	0.9344289176232567	0.10030901835746564	[[0.06362895608999701, -0.05587645682546733, -0.8975226556198982], [0.681145091341571, -0.6632996673510604, 0.09803788946112958], [-0.6439363770165556, -0.6635271455452503, 0.0]]	[[-0.01804784454141299, 0.0033139640429882345, 0.031446017913608446], [0.015833397924695503, -0.014797866355998007, -0.0017777746377530892], [0.00709868573502693, 0.006621576959050541, 0.0145409382251294]]	0.14242948921813067	[[0.0, 0.0, -0.9377387918719997], [0.7071067811865475, -0.7071067811865476, 0.0], [-0.6630814587143716, -0.6630814587143715, 0.0]]
11	[[-0.5446221603179724, 0.8109226453022452, -0.2139887049042392], [-0.8354447797583356, -0.5021691245819775, 0.22328947644507607], [0.07361197229480154, 0.30038414347728, 0.9509735242804028]]	0.8055132926683671	0.19448670733163295	[[-0.43870038961788926, 0.6532089701167538, -0.1723707462812533], [-0.6729618753857358, -0.4045039050184201, 0.179862641389469], [0.05929542218299823, 0.24196342047775102, 0.7660218147835485]]	0.858076950291515	0.16860369421842689	[[-0.4840600323163367, 0.679101720473764, -0.1334744922942783], [-0.7623165478622813, -0.44788079528599617, 0.2102241162173353], [0.04768161161669977, 0.21578836130131332, 0.8327407714520165]]	[[-0.016732309929514452, -0.01673230992951445, 0.050144283006782246], [-0.04544063911028226, -0.016981044334133104, 0.01862456323715532], [-0.015483125074967036, -0.04196434844959993, 0.016732309929514452]]	0.21850909951125405	[[-0.40356139177825795, 0.6889223885297453, -0.11820039502677088], [-0.8535533905932738, -0.45710678118654735, 0.25000000000000017], [0.11820039502677088, 0.2017806958891291, 0.7725026893921035]]
11	[[-0.8305561570912853, 0.32773595720904825, 0.4502950280316503], [-0.5100865793185324, -0.772219296347621, -0.37879947194723407], [0.22358030216652452, -0.5443036842615101, 0.808545204538665]]	0.7932134076041392	0.20678659239586106	[[-0.658808279572977, 0.25996455541219354, 0.3571800536121867], [-0.40460751375439213, -0.6125346994735668, -0.300468819941914], [0.177346893354672, -0.43174898016455976, 0.6413488968941001]]	0.8095676029798731	0.2440239544747488	[[-0.6777087056509279, 0.33155572479333695, 0.3647977194549399], [-0.4959983321019363, -0.6273188649608142, -0.3693606921682781], [0.05652763407466363, -0.47848571142145563, 0.6640890538264981]]	[[-0.005317348414361107, 0.06623131150529359, 0.0002534529776019445], [-0.08304876277082911, -0.0021551402418664017, -0.06269691165391415], [-0.12447573522380537, -0.03783508246075125, 0.009517050687259984]]	0.2650600811035215	[[-0.62982219101636, 0.3444611942648727, 0.36894129761384553], [-0.573223304703363, -0.7803300858899106, -0.2499999999999999], [0.20178069588912903, -0.3689412976138455, 0.6889223885297454]]
11	[[0.22433838825039393, -0.7661379269479729, -0.6022499185961573], [-0.9416906372873723, -0.011392912655017143, -0.3362869982418849], [0.2507808429735371, 0.642575192824231, -0.724020780340167]]	0.7828218859217934	0.21717811407820664	[[0.1756170001748289, -0.5997495368496253, -0.4714544170716904], [-0.7371760406361962, -0.008918621370742803, -0.26325282217469115], [0.1963167324496014, 0.5030219242932246, -0.5667793127124581]]	0.7938150393708164	0.19761908771512882	[[0.1660376273045084, -0.6783784725994156, -0.4369489312651805], [-0.8290963402659008, -0.023038747424274367, -0.3147311927337655], [0.2401997163147839, 0.46895974041417804, -0.63289968900989]]	[[-0.012045559196863427, -0.07020666395573467, 0.04112611157629903], [-0.08156814995249628, -0.013994882016483681, -0.047781515984489986], [0.04112611157629903, -0.04112611157629904, -0.058161104758871256]]	0.32063674150073673	[[0.1975029451362793, -0.6743172338929148, -0.361119742104432], [-0.9571067811865474, -0.14644660940672607, -0.2499999999999999], [0.11569454665220323, 0.39500589027255884, -0.6743172338929148]]
11	[[-0.3195682178843842, -0.5708200961323295, -0.7563336379995778], [0.910087742671785, 0.03735879733279218, -0.41272826520656647], [0.2638493031197415, -0.8202248094963509, 0.507557688474819]]	0.7764496373293814	0.2235503626706186	[[-0.24812862687832682, -0.44321305662226984, -0.587254978924784], [0.7066372977354228, 0.029007224640108357, -0.3204627118352232], [0.2048656957169333, -0.6368632558620028, 0.3940929831400123]]	0.8129222719714779	0.2040988569119224	[[-0.2965663126046822, -0.4890608121363102, -0.6055575795506191], [0.7771802333171461, 0.011781989897609549, -0.3117948780440946], [0.19400570710999634, -0.6425172468364387, 0.44147848669249135]]	[[-0.036782190872232334, -0.02502844270143946, 0.009282879820451072], [0.037349637851004806, -0.018587808508285928, 0.023721121014474076], [-0.02048326784019502, 0.02426176882670751, 0.028873537420949818]]	0.2918061762878172	[[-0.4303558680478941, -0.4303558680478942, -0.6086151052401781], [0.8535533905932738, -0.14644660940672602, -0.5], [0.12604831542780529, -0.7346634206679833, 0.4303558680478941]]
