11	[[0.8592155572171323, 0.2624339665249735, -0.4391776855101157], [-0.4266000482917053, 0.8413623931712975, -0.33184593135155627], [0.2824199444684594, 0.4724804086637203, 0.8348660002631537]]	0.9168280025258401	0.08317199747416015	[[0.7877528830625099, 0.24060680932402467, -0.40265040016016096], [-0.39111887015271113, 0.771384602331601, -0.3042456423873744], [0.2589305135604763, 0.43318326930775125, 0.7654285273980044]]	0.9168280025258401	0.08317199747416024	[[0.78775288306251, 0.24060680932402467, -0.40265040016016085], [-0.3911188701527111, 0.7713846023316009, -0.3042456423873743], [0.25893051356047625, 0.4331832693077513, 0.7654285273980046]]	[[0.0, 0.0, 0.0], [0.0, 0.0, 0.0], [0.0, 0.0, 0.0]]	0.14670596754476792	[[0.8077641603032383, 0.23658864495336096, -0.4325850958396711], [-0.4571067811865474, 0.7803300858899107, -0.4267766952966369], [0.236588644953361, 0.542472499661825, 0.7384689505481351]]
11	[[0.8787972042104137, -0.3840163418041313, 0.28327887866788265], [-0.395223040501579, -0.9183905790867732, -0.018907472103605397], [0.2674214316928388, -0.09534250611366366, -0.9588511794847616]]	0.8912610735767031	0.10873892642329692	[[0.7832377396807786, -0.3422588170673483, 0.25247543752314167], [-0.3522469113796861, -0.8185257734796075, -0.016851493885680906], [0.23834231230797848, -0.08497506435635725, -0.8545867316278767]]	0.8912610735767034	0.10873892642329683	[[0.7832377396807787, -0.3422588170673483, 0.2524754375231419], [-0.35224691137968617, -0.8185257734796076, -0.016851493885680913], [0.23834231230797856, -0.08497506435635724, -0.8545867316278768]]	[[0.0, 0.0, 0.0], [0.0, 0.0, 0.0], [0.0, 0.0, 0.0]]	0.13720016917851616	[[0.7874680632697125, -0.4528811928731966, 0.26529166064141324], [-0.47855339059327373, -0.8749999999999999, -0.07322330470336318], [0.26529166064141324, -0.06929520975510299, -0.9057623857463932]]
11	[[-0.8305561570912853, 0.32773595720904825, 0.4502950280316503], [-0.5100865793185324, -0.772219296347621, -0.37879947194723407], [0.22358030216652452, -0.5443036842615101, 0.808545204538665]]	0.9166765740902197	0.0833234259097804	[[-0.7613513726719778, 0.30042787446056923, 0.41277490362591246], [-0.4675844180191114, -0.7078753390222974, -0.3472366022117748], [0.20495082542406584, -0.4989504365535257, 0.7411744480935791]]	0.9166765740902196	0.0833234259097804	[[-0.7613513726719776, 0.3004278744605691, 0.4127749036259126], [-0.4675844180191114, -0.7078753390222972, -0.34723660221177477], [0.20495082542406579, -0.4989504365535258, 0.7411744480935794]]	[[0.0, 0.0, 0.0], [0.0, 0.0, 0.0], [0.0, 0.0, 0.0]]	0.17106562246915114	[[-0.7421798497971206, 0.4059116383433357, 0.43475889029112663], [-0.573223304703363, -0.7803300858899106, -0.2499999999999999], [0.23777753261644322, -0.4347588902911266, 0.8118232766866714]]
11	[[0.22433838825039393, -0.7661379269479729, -0.6022499185961573], [-0.9416906372873723, -0.011392912655017143, -0.3362869982418849], [0.2507808429735371, 0.642575192824231, -0.724020780340167]]	0.9118881442336341	0.08811185576636618	[[0.2045715165420162, -0.6986320924315904, -0.5491845606335068], [-0.8587165276781703, -0.010389061978399443, -0.3066561267566918], [0.22868407750848513, 0.5859567001150577, -0.6602259657709825]]	0.9142902885260238	0.08375124620018963	[[0.19540324353991806, -0.7147095677578988, -0.5487548912014024], [-0.8699738029574826, -0.006089474550479174, -0.3221187181794392], [0.24068042760867228, 0.5787598947775907, -0.6716723343370461]]	[[-0.00970716618099778, -0.014237101477907126, 0.0018763606366524455], [-0.008995198489755562, 0.004326954848028272, -0.014654781529315711], [0.011393938329597597, -0.008740363669340697, -0.00970716618099778]]	0.24095626577871193	[[0.23658864495336082, -0.8077641603032383, -0.4325850958396711], [-0.9571067811865474, -0.14644660940672607, -0.2499999999999999], [0.138590419510206, 0.4731772899067219, -0.8077641603032383]]
11	[[0.04673222253661188, -0.9725397674033924, -0.22799671093185395], [-0.8377629715199755, -0.16246744520517667, 0.5213036857710898], [-0.5440306084466285, 0.16664552219444034, -0.8223502702654952]]	0.9103136122024197	0.08968638779758048	[[0.04254097830355048, -0.8853161886754833, -0.20754850949864692], [-0.7626270367737815, -0.14789632691002308, 0.47454984124871596], [-0.4952384683237306, 0.1516996872661795, -0.748596645021019]]	0.9103136122024196	0.08968638779758059	[[0.04254097830355047, -0.8853161886754828, -0.20754850949864687], [-0.7626270367737815, -0.14789632691002308, 0.47454984124871585], [-0.49523846832373053, 0.1516996872661794, -0.7485966450210189]]	[[0.0, 0.0, 0.0], [0.0, 0.0, 0.0], [0.0, 0.0, 0.0]]	0.13588970222739577	[[0.13998678771769005, -0.9148883975115709, -0.2389723945893901], [-0.8535533905932738, -0.2500000000000001, 0.4571067811865474], [-0.4779447891787802, 0.13998678771768988, -0.8159027906398708]]
11	[[-0.5446221603179724, 0.8109226453022452, -0.2139887049042392], [-0.8354447797583356, -0.5021691245819775, 0.22328947644507607], [0.07361197229480154, 0.30038414347728, 0.9509735242804028]]	0.9062382159839628	0.0937617840160372	[[-0.49355741495189115, 0.7348890913797026, -0.19392474217313643], [-0.7571119867613088, -0.4550848515833996, 0.20235345678157884], [0.06670998244750186, 0.27221959029472104, 0.861808550091854]]	0.9062382159839625	0.09376178401603749	[[-0.4935574149518909, 0.7348890913797025, -0.1939247421731364], [-0.7571119867613085, -0.45508485158339945, 0.20235345678157876], [0.0667099824475018, 0.2722195902947208, 0.861808550091854]]	[[0.0, 0.0, 0.0], [0.0, 0.0, 0.0], [0.0, 0.0, 0.0]]	0.11376553301123213	[[-0.4755550652328863, 0.8118232766866713, -0.1392868537791016], [-0.8535533905932738, -0.45710678118654735, 0.25000000000000017], [0.1392868537791016, 0.23777753261644333, 0.9103139555240131]]
11	[[-0.3195682178843842, -0.5708200961323295, -0.7563336379995778], [0.910087742671785, 0.03735879733279218, -0.41272826520656647], [0.2638493031197415, -0.8202248094963509, 0.507557688474819]]	0.9123477769092317	0.08765222309076827	[[-0.29155735315766296, -0.520786445721445, -0.6900393132305864], [0.830316528818944, 0.034084215694575495, -0.3765517152288147], [0.2407223251403462, -0.7483302815097939, 0.4630691287331895]]	0.9123477769092314	0.08765222309076866	[[-0.2915573531576628, -0.5207864457214446, -0.6900393132305863], [0.8303165288189437, 0.034084215694575495, -0.37655171522881464], [0.24072232514034606, -0.7483302815097937, 0.4630691287331895]]	[[0.0, 0.0, 0.0], [0.0, 0.0, 0.0], [0.0, 0.0, 0.0]]	0.23743908026133875	[[-0.4827603234047424, -0.4827603234047425, -0.6827261967346084], [0.8535533905932738, -0.14644660940672602, -0.5], [0.14139722503743846, -0.8241234217720467, 0.4827603234047424]]
11	[[0.08740825448676931, -0.06334395238859675, -0.994156597696443], [0.7119981850616444, -0.6940087028176986, 0.10681996481098455], [-0.6967197295301035, -0.717174639895393, -0.015561310176609944]]	0.9464411786341439	0.053558821365856206	[[0.08272677139881114, -0.0599513249580086, -0.9409107420707319], [0.673864401455114, -0.656838414677136, 0.101098813397366], [-0.6594042419941332, -0.6787636114691133, -0.014727864744642213]]	0.9652344703499065	0.05699619331113894	[[0.06683298448493838, -0.05810040934467079, -0.9416113286852648], [0.6803407979364499, -0.6726857660616266, 0.09013038308669717], [-0.6802139700297112, -0.7000667718968963, -0.00617486309890429]]	[[-0.01753647573880823, 0.0030413569890060796, 0.017982888337126725], [-0.0069043931116210865, -0.002804643379159583, -0.012975929070429137], [-0.007716070914391673, -0.007825088209081637, 0.008845449887366418]]	0.11612421090324956	[[0.0, 0.0, -0.9850748750000003], [0.7071067811865475, -0.7071067811865476, 0.0], [-0.696553124088991, -0.6965531240889908, 0.0]]
11	[[0.034229894132735264, 0.2773841392786001, 0.9601491309293217], [-0.1827544195208179, -0.9427759796974285, 0.2788803941677556], [0.9825625356654255, -0.18501754344446375, 0.018422055382213542]]	0.9265019102482128	0.07349808975178711	[[0.031714062301573316, 0.25699693491417935, 0.8895800039291781], [-0.16932231879234108, -0.8734837461257979, 0.25838321792720015], [0.9103460662323446, -0.17141910743072736, 0.017068069502319223]]	0.9342686745455144	0.12242148106299305	[[0.012135806056833526, 0.24435725222481144, 0.8887456008670461], [-0.1631618628244267, -0.8280410150034754, 0.2519838509260948], [0.9230772417060698, -0.16650015475178875, 0.0]]	[[-0.019844111764390326, -0.01479405991895462, -0.008291655052318698], [0.007579866468622699, 0.05276504994179013, -0.008565365289744817], [0.005099843851852862, 0.006355940329737512, -0.017211149264344708]]	0.1478277582853695	[[0.13859041951020612, 0.23658864495336115, 0.9057623857463932], [-0.25000000000000017, -0.9267766952966368, 0.2803300858899109], [0.9057623857463932, -0.26529166064141324, -0.06929520975510296]]
11	[[0.5319609947059123, -0.8460851799387872, 0.03402011756955908], [-0.703274286200726, -0.4190807785627857, 0.5742617690636116], [-0.47161719485230363, -0.3294103357928521, -0.8179645788128509]]	0.9123496523743005	0.08765034762569947	[[0.4853344285966261, -0.7719255197962, 0.03103824243832007], [-0.6416320505390167, -0.3823482026385088, 0.5239275253770369], [-0.43027978377724196, -0.3005374053491102, -0.7462696991343958]]	0.9123496523743005	0.08765034762569944	[[0.4853344285966261, -0.7719255197962, 0.031038242438320075], [-0.6416320505390167, -0.3823482026385087, 0.5239275253770369], [-0.4302797837772421, -0.3005374053491102, -0.7462696991343958]]	[[0.0, 0.0, 0.0], [0.0, 0.0, 0.0], [0.0, 0.0, 0.0]]	0.20994733278222177	[[0.47555506523288626, -0.8118232766866714, -0.13928685377910136], [-0.7071067811865477, -0.49999999999999983, 0.49999999999999994], [-0.4755550652328863, -0.13928685377910144, -0.8118232766866714]]
11	[[0.3802729664721569, 0.7767473726770865, -0.5020517802076895], [0.4287143634067757, 0.332951791095048, 0.839849450446521], [0.8195098935212374, -0.5346088512602871, -0.20639019011321075]]	0.9022306622509456	0.0977693377490544	[[0.3430939303763058, 0.7008052964521299, -0.4529665101410498], [0.3867992440129878, 0.3003993149773237, 0.7577379258674576], [0.739386953952868, -0.4823404979177861, -0.18621155790794072]]	0.9022306622509458	0.0977693377490544	[[0.34309393037630576, 0.7008052964521299, -0.45296651014105], [0.38679924401298793, 0.30039931497732375, 0.7577379258674577], [0.7393869539528679, -0.48234049791778616, -0.1862115579079408]]	[[0.0, 0.0, 0.0], [0.0, 0.0, 0.0], [0.0, 0.0, 0.0]]	0.16596201816043749	[[0.23777753261644316, 0.7421798497971207, -0.545198492122437], [0.4571067811865474, 0.42677669529663675, 0.7803300858899108], [0.8118232766866714, -0.4347588902911266, -0.23777753261644322]]
11	[[0.8489524140446696, -0.5135124485683378, 0.12483895166604869], [0.522794976890395, 0.7815435453534784, -0.34040431673891397], [0.0772347773085365, 0.35425224329800037, 0.9319550081910795]]	0.9094996135474666	0.09050038645253346	[[0.7721218924938158, -0.46703937352471653, 0.11354097829594216], [0.47548182944637096, 0.7108135524695055, -0.30959759452393165], [0.0702450001145386, 0.32219227837785447, 0.8476127197934128]]	0.921580668457427	0.13566835519116982	[[0.7764454859770065, -0.48739602715087177, 0.06598982752979722], [0.5093426347098496, 0.669319937663557, -0.28898965658917153], [0.023424810651204754, 0.30180937916262013, 0.860620994900189]]	[[-0.005932647246826276, -0.014152881538052867, -0.04905933699612434], [0.02754489044101448, -0.05093548529188893, 0.024720381176870473], [-0.04775326704895683, -0.02466264001849413, 0.0017492754792071492]]	0.20542782331782086	[[0.807764160303238, -0.47317728990672203, 0.13859041951020604], [0.49999999999999994, 0.7071067811865475, -0.4999999999999999], [0.13859041951020587, 0.47317728990672203, 0.8077641603032383]]
11	[[-0.30792515101507295, 0.09349718223056193, 0.9468053539599837], [0.3027085282091916, -0.9338174967034747, 0.1906631317268273], [0.9019698710720718, 0.34531602882779927, 0.2592434992682147]]	0.9041086531442338	0.09589134685576625	[[-0.27839779355347244, 0.08453161149925434, 0.8560149133585104], [0.27368139973448546, -0.8442724792270985, 0.17238018722980353], [0.8154787653116493, 0.31220320973261695, 0.23438429095978378]]	0.9041086531442339	0.09589134685576607	[[-0.2783977935534725, 0.08453161149925435, 0.8560149133585105], [0.2736813997344855, -0.8442724792270986, 0.17238018722980353], [0.8154787653116494, 0.31220320973261706, 0.23438429095978375]]	[[0.0, 0.0, 0.0], [0.0, 0.0, 0.0], [0.0, 0.0, 0.0]]	0.21945584891771772	[[-0.23777753261644333, 0.13928685377910163, 0.9103139555240131], [0.4571067811865472, -0.8535533905932738, 0.25000000000000017], [0.8118232766866714, 0.4755550652328862, 0.1392868537791016]]
11	[[-0.42203838922340475, -0.825029846081567, 0.3757783270710803], [0.2588054115689476, 0.28760896992378115, 0.9221175843470338], [-0.8688517462515349, 0.4864224845687207, 0.09214016247897017]]	0.8984554831390837	0.10154451686091624	[[-0.3791827048929548, -0.7412525889653782, 0.33762009840184404], [0.23252514109018824, 0.25840385602800503, 0.8284815997555592], [-0.7806246154546594, 0.43702894838290346, 0.08278383419655683]]	0.8984554831390835	0.10154451686091655	[[-0.3791827048929547, -0.741252588965378, 0.3376200984018439], [0.23252514109018818, 0.2584038560280049, 0.8284815997555588], [-0.7806246154546592, 0.4370289483829033, 0.0827838341965568]]	[[0.0, 0.0, 0.0], [0.0, 0.0, 0.0], [0.0, 0.0, 0.0]]	0.17041808461470917	[[-0.4347588902911264, -0.8118232766866714, 0.23777753261644322], [0.25000000000000006, 0.1464466094067262, 0.9571067811865475], [-0.8118232766866714, 0.4755550652328862, 0.1392868537791016]]
