11	[[-0.5446221603179724, 0.8109226453022452, -0.2139887049042392], [-0.8354447797583356, -0.5021691245819775, 0.22328947644507607], [0.07361197229480154, 0.30038414347728, 0.9509735242804028]]	0.8892027429218674	0.11079725707813262	[[-0.48427951881077413, 0.721074640500213, -0.19027934335514757], [-0.7428797897208677, -0.4465301629889673, 0.19854961492054937], [0.06545596767642606, 0.2671024043102332, 0.8456082662362093]]	0.8892027429218674	0.11079725707813277	[[-0.4842795188107741, 0.721074640500213, -0.19027934335514757], [-0.7428797897208672, -0.44653016298896725, 0.19854961492054937], [0.06545596767642604, 0.26710240431023313, 0.8456082662362094]]	[[0.0, 0.0, 0.0], [0.0, 0.0, 0.0], [0.0, 0.0, 0.0]]	0.12276824987752144	[[-0.4670217567628328, 0.7972560079314864, -0.13678750559417954], [-0.8535533905932738, -0.45710678118654735, 0.25000000000000017], [0.13678750559417954, 0.23351087838141657, 0.8939793807187234]]
11	[[-0.8305561570912853, 0.32773595720904825, 0.4502950280316503], [-0.5100865793185324, -0.772219296347621, -0.37879947194723407], [0.22358030216652452, -0.5443036842615101, 0.808545204538665]]	0.894379342084181	0.10562065791581915	[[-0.7428322693432695, 0.2931202697859579, 0.4027345709147252], [-0.45621089921687946, -0.6906569862120947, -0.33879042250200253], [0.1999656035546786, -0.48681397102380525, 0.7231461280806105]]	0.8943793420841811	0.10562065791581904	[[-0.7428322693432693, 0.29312026978595784, 0.4027345709147252], [-0.45621089921687946, -0.6906569862120946, -0.3387904225020024], [0.19996560355467863, -0.4868139710238053, 0.7231461280806107]]	[[0.0, 0.0, 0.0], [0.0, 0.0, 0.0], [0.0, 0.0, 0.0]]	0.1804708233423923	[[-0.7288622551343967, 0.39862800396574327, 0.42695762395589054], [-0.573223304703363, -0.7803300858899106, -0.2499999999999999], [0.23351087838141646, -0.4269576239558905, 0.7972560079314865]]
11	[[0.8787972042104137, -0.3840163418041313, 0.28327887866788265], [-0.395223040501579, -0.9183905790867732, -0.018907472103605397], [0.2674214316928388, -0.09534250611366366, -0.9588511794847616]]	0.8729219450350796	0.12707805496492047	[[0.7671213647907443, -0.3352162920129182, 0.24728034975412438], [-0.3449988652373165, -0.8016832905983191, -0.016504747324375735], [0.23343803629737847, -0.08322656588125824, -0.8370022365950183]]	0.8742647329739679	0.11685321200737443	[[0.7783406858549958, -0.3428307894553962, 0.24056188828537411], [-0.3530266780293647, -0.8157148652282039, -0.014334282766785833], [0.22669828164008854, -0.08127538710701822, -0.8504082567132412]]	[[0.010039282777708984, -0.0070988449303673404, -0.007098844930367339], [-0.007497112060091948, -0.012798370837098411, 0.0021958532830854837], [-0.007098844930367339, 0.002079203541512849, -0.012118486319221832]]	0.14867385146780032	[[0.7719388187256248, -0.44395016046491814, 0.2600599829826374], [-0.47855339059327373, -0.8749999999999999, -0.07322330470336318], [0.2600599829826374, -0.0679286752780695, -0.8879003209298363]]
11	[[-0.30792515101507295, 0.09349718223056193, 0.9468053539599837], [0.3027085282091916, -0.9338174967034747, 0.1906631317268273], [0.9019698710720718, 0.34531602882779927, 0.2592434992682147]]	0.890654220367481	0.10934577963251906	[[-0.2742548353088687, 0.08327365994611742, 0.8432761843709861], [0.2696086281907451, -0.8317084944919461, 0.1698149229409797], [0.8033432723146536, 0.3075571784360182, 0.23089631672606944]]	0.8906901530453752	0.10780258947466778	[[-0.280768405900686, 0.08327701955025055, 0.8433102056227986], [0.26961950531878515, -0.8365649549579, 0.17464467988051124], [0.8033756825075009, 0.3121675526646629, 0.23550359813823388]]	[[-0.00650250601655038, 0.0, 0.0], [0.0, -0.004822905902632884, 0.004822905902632884], [0.0, 0.004597966099009098, 0.004597966099009099]]	0.2277190677914952	[[-0.23351087838141657, 0.13678750559417957, 0.8939793807187234], [0.4571067811865472, -0.8535533905932738, 0.25000000000000017], [0.7972560079314865, 0.4670217567628327, 0.13678750559417954]]
11	[[0.08740825448676931, -0.06334395238859675, -0.994156597696443], [0.7119981850616444, -0.6940087028176986, 0.10681996481098455], [-0.6967197295301035, -0.717174639895393, -0.015561310176609944]]	0.9403436877699646	0.05965631223003537	[[0.0821938003656242, -0.05956508578701812, -0.9348488812987145], [0.6695229990263886, -0.6526067029520441, 0.10044747963781905], [-0.6551559998084301, -0.6743906456543302, -0.014632979798005676]]	0.9624040565994962	0.060631449773402894	[[0.06489623438748368, -0.059016294042656514, -0.9385584954880087], [0.6813821751075498, -0.6727693086861756, 0.0903995343546828], [-0.6793416242924649, -0.6955484267261063, -0.0038115008554147566]]	[[-0.01922582431086423, 0.001946182697174355, 0.01822184703020149], [-0.0038477664872556125, -0.004852517779068389, -0.012404433105224186], [-0.008815730279789623, -0.005336644000497219, 0.011164767184557675]]	0.11882202485819233	[[0.0, 0.0, -0.9797384055680003], [0.7071067811865475, -0.7071067811865476, 0.0], [-0.6927796703660289, -0.6927796703660288, 0.0]]
11	[[0.034229894132735264, 0.2773841392786001, 0.9601491309293217], [-0.1827544195208179, -0.9427759796974285, 0.2788803941677556], [0.9825625356654255, -0.18501754344446375, 0.018422055382213542]]	0.9170738988034778	0.08292610119652216	[[0.03139134246793781, 0.2543817540744727, 0.880527706934124], [-0.16759930803352285, -0.8645952433993893, 0.25575393037927435], [0.901082455400923, -0.16967475991365624, 0.016894386153340164]]	0.9329167203223099	0.12263648642632119	[[0.01177467307921721, 0.243548308392892, 0.8862858585272662], [-0.1633280907602807, -0.8279843284774311, 0.25195447637022045], [0.9204645014723539, -0.1659109943332747, 0.0]]	[[-0.02015896749207404, -0.015227993092326465, -0.009453319719632647], [0.007166562923488247, 0.05154714650054633, -0.008217706318955229], [0.0038154831877924796, 0.006694965499024909, -0.017186243488770608]]	0.15606532910706197	[[0.13585735055613912, 0.23192300440842298, 0.8879003209298363], [-0.25000000000000017, -0.9267766952966368, 0.2803300858899109], [0.8879003209298363, -0.2600599829826374, -0.06792867527806946]]
11	[[0.3802729664721569, 0.7767473726770865, -0.5020517802076895], [0.4287143634067757, 0.332951791095048, 0.839849450446521], [0.8195098935212374, -0.5346088512602871, -0.20639019011321075]]	0.8815115444693162	0.11848845553068377	[[0.3352150099947996, 0.6847117761510622, -0.44256444017445007], [0.37791666062288654, 0.293500847602021, 0.7403369861848192], [0.722407431945791, -0.4712638741614227, -0.1819353352500122]]	0.8815115444693161	0.11848845553068396	[[0.33521500999479953, 0.6847117761510619, -0.44256444017444996], [0.3779166606228865, 0.29350084760202094, 0.7403369861848191], [0.7224074319457908, -0.47126387416142257, -0.18193533525001213]]	[[0.0, 0.0, 0.0], [0.0, 0.0, 0.0], [0.0, 0.0, 0.0]]	0.1740085396026305	[[0.2335108783814164, 0.7288622551343968, -0.5354155095599225], [0.4571067811865474, 0.42677669529663675, 0.7803300858899108], [0.7972560079314865, -0.4269576239558905, -0.23351087838141646]]
11	[[0.8489524140446696, -0.5135124485683378, 0.12483895166604869], [0.522794976890395, 0.7815435453534784, -0.34040431673891397], [0.0772347773085365, 0.35425224329800037, 0.9319550081910795]]	0.8956322426884927	0.10436775731150731	[[0.7603491545266372, -0.45991830595971966, 0.11180979025554355], [0.46823203761862325, 0.6999755982836515, -0.30487708162171756], [0.06917395681439083, 0.31727973114241775, 0.8346889540709491]]	0.9194311028181392	0.13725182008568962	[[0.7747657918961773, -0.48450461112961146, 0.06156955705430106], [0.50575385583106, 0.6706292854861752, -0.28941739019673307], [0.024123876375538856, 0.29840872247973566, 0.8582738959767205]]	[[-0.005787462389034725, -0.012365294231581687, -0.05321125795067448], [0.025079893680940546, -0.047946158318571866, 0.023560926146581847], [-0.046888180101162254, -0.02730180825154468, 0.0014054750187082801]]	0.21547610122751498	[[0.7918346670775523, -0.4638460088168457, 0.13585735055613907], [0.49999999999999994, 0.7071067811865475, -0.4999999999999999], [0.13585735055613887, 0.4638460088168457, 0.7918346670775526]]
11	[[0.04673222253661188, -0.9725397674033924, -0.22799671093185395], [-0.8377629715199755, -0.16246744520517667, 0.5213036857710898], [-0.5440306084466285, 0.16664552219444034, -0.8223502702654952]]	0.8846837244018878	0.11531627559811229	[[0.04134323668326761, -0.8603901035553787, -0.20170497937857312], [-0.7411552658102846, -0.14373230451817529, 0.461188886272399], [-0.4812950248691884, 0.14742858122987498, -0.7275198998613773]]	0.8838422577060292	0.11253991169886267	[[0.04730846869060591, -0.8655762993469373, -0.1930214037510681], [-0.7512022004894585, -0.14544032528083517, 0.4670485345952407], [-0.4825959348526338, 0.13703793696246283, -0.7328324751128447]]	[[0.006004555616226185, -0.0060045556162261855, 0.00849172398849061], [-0.01075188431873151, -0.0018447317069611132, 0.006298308012846312], [-0.001758693621980883, -0.01025041761047149, -0.006004555616226185]]	0.1447228918954177	[[0.13772402899132052, -0.9001000611344376, -0.23510962382341563], [-0.8535533905932738, -0.2500000000000001, 0.4571067811865474], [-0.47021924764683126, 0.13772402899132036, -0.8027144663023424]]
11	[[0.5319609947059123, -0.8460851799387872, 0.03402011756955908], [-0.703274286200726, -0.4190807785627857, 0.5742617690636116], [-0.47161719485230363, -0.3294103357928521, -0.8179645788128509]]	0.8926143698162059	0.1073856301837942	[[0.47483602805621994, -0.7552277897018917, 0.030366845805425216], [-0.6277527337850031, -0.3740775250589058, 0.5125943071022552], [-0.42097228517757584, -0.2940363992946814, -0.7301269370490111]]	0.892614369816206	0.10738563018379398	[[0.47483602805622005, -0.7552277897018919, 0.030366845805425216], [-0.6277527337850032, -0.3740775250589059, 0.5125943071022553], [-0.4209722851775759, -0.2940363992946816, -0.7301269370490112]]	[[0.0, 0.0, 0.0], [0.0, 0.0, 0.0], [0.0, 0.0, 0.0]]	0.21513796849872868	[[0.46702175676283275, -0.7972560079314865, -0.13678750559417927], [-0.7071067811865477, -0.49999999999999983, 0.49999999999999994], [-0.4670217567628328, -0.13678750559417938, -0.7972560079314865]]
11	[[0.22433838825039393, -0.7661379269479729, -0.6022499185961573], [-0.9416906372873723, -0.011392912655017143, -0.3362869982418849], [0.2507808429735371, 0.642575192824231, -0.724020780340167]]	0.8972513681681301	0.10274863183187004	[[0.20128792579029917, -0.6874183031595636, -0.5403695634395471], [-0.844933212697213, -0.010222306467134188, -0.30173396926968477], [0.22501345446836316, 0.5765514709124413, -0.649628635742372]]	0.9044504438386085	0.09241476494902412	[[0.19062261259839436, -0.7159226905557758, -0.5386322613021123], [-0.869144634425145, -0.006440539149209742, -0.32519263598966897], [0.24375494728710537, 0.5672396172033193, -0.6715536421304727]]	[[-0.012280342224712568, -0.022988902486090267, 0.006072944873948299], [-0.017432119571918828, 0.0038637857582350436, -0.021037711172642814], [0.01693610255346933, -0.013937801146236009, -0.01671272600343291]]	0.24772015295773245	[[0.23192300440842267, -0.7918346670775526, -0.42405431211299055], [-0.9571067811865474, -0.14644660940672607, -0.2499999999999999], [0.13585735055613904, 0.46384600881684557, -0.7918346670775526]]
11	[[0.8592155572171323, 0.2624339665249735, -0.4391776855101157], [-0.4266000482917053, 0.8413623931712975, -0.33184593135155627], [0.2824199444684594, 0.4724804086637203, 0.8348660002631537]]	0.8982162846112531	0.10178371538874677	[[0.7717614054837604, 0.23572246236785568, -0.3944765489630655], [-0.3831791103915567, 0.7557254028059553, -0.2980694195219558], [0.25367419322057605, 0.42438959722153347, 0.7498902369046275]]	0.898216284611253	0.10178371538874706	[[0.7717614054837603, 0.23572246236785566, -0.39447654896306544], [-0.38317911039155655, 0.755725402805955, -0.2980694195219558], [0.253674193220576, 0.4243895972215334, 0.7498902369046275]]	[[0.0, 0.0, 0.0], [0.0, 0.0, 0.0], [0.0, 0.0, 0.0]]	0.15782284819340456	[[0.7918346670775526, 0.23192300440842278, -0.42405431211299055], [-0.4571067811865474, 0.7803300858899107, -0.4267766952966369], [0.2319230044084228, 0.5317746840949151, 0.7239059917994829]]
11	[[-0.42203838922340475, -0.825029846081567, 0.3757783270710803], [0.2588054115689476, 0.28760896992378115, 0.9221175843470338], [-0.8688517462515349, 0.4864224845687207, 0.09214016247897017]]	0.8602731711288394	0.13972682887116078	[[-0.36306830343532565, -0.709751041964528, 0.32327201307092834], [0.22264335211572292, 0.24742228060143018, 0.7932730184398876], [-0.7474498469886378, 0.41845621330830235, 0.07926570976411015]]	0.8767053399195724	0.201066147837467	[[-0.29674807819240584, -0.6767797123409677, 0.35054279231603835], [0.2554862447592386, 0.2322509657627515, 0.8297359128742012], [-0.786259348891796, 0.3974725210829361, 0.022192635704915833]]	[[0.07325523129080806, 0.04652835931176494, 0.021095926346778635], [0.028590158436659477, -0.019897353978195097, 0.021310502643419948], [-0.024532383354630066, -0.028976668595407137, -0.05858713676145433]]	0.18000527817898196	[[-0.4269576239558903, -0.7972560079314865, 0.23351087838141646], [0.25000000000000006, 0.1464466094067262, 0.9571067811865475], [-0.7972560079314865, 0.4670217567628327, 0.13678750559417954]]
11	[[-0.3195682178843842, -0.5708200961323295, -0.7563336379995778], [0.910087742671785, 0.03735879733279218, -0.41272826520656647], [0.2638493031197415, -0.8202248094963509, 0.507557688474819]]	0.8944986057777289	0.10550139422227127	[[-0.2858533253484551, -0.510597780140278, -0.6765393846934198], [0.8140722169553121, 0.033417392127715356, -0.36918485779233445], [0.23601283377603416, -0.733689948518789, 0.45400964469249244]]	0.8920105354955803	0.10315560999451476	[[-0.2920564326397141, -0.5021793241453418, -0.6845545446857251], [0.8243390073764442, 0.03547444671118883, -0.3754985401534289], [0.23330662830888088, -0.7435958726430972, 0.4457485900140261]]	[[-0.006998215477296172, 0.006998215477296173, -0.009896971240401552], [0.012531152687821238, 0.0021500058968939944, -0.007340579292357617], [-0.0020497298570954, -0.01194670109749695, -0.006998215477296172]]	0.2429544530153226	[[-0.47668005470509084, -0.47668005470509095, -0.6741273982766885], [0.8535533905932738, -0.14644660940672602, -0.5], [0.13961635556674684, -0.8137437538434352, 0.47668005470509084]]
