11	[[0.034229894132735264, 0.2773841392786001, 0.9601491309293217], [-0.1827544195208179, -0.9427759796974285, 0.2788803941677556], [0.9825625356654255, -0.18501754344446375, 0.018422055382213542]]	0.9382972380556649	0.06170276194433513	[[0.03211781512368331, 0.2602687717655583, 0.9009052776725296], [-0.17147796707884974, -0.8846040978553208, 0.2616727035954802], [0.9219357134318396, -0.17360145000578434, 0.017285363684439458]]	0.9382972380556649	0.061702761944335306	[[0.03211781512368331, 0.26026877176555835, 0.9009052776725294], [-0.17147796707884974, -0.884604097855321, 0.2616727035954803], [0.9219357134318393, -0.17360145000578428, 0.017285363684439455]]	[[0.0, 0.0, 0.0], [0.0, 0.0, 0.0], [0.0, 0.0, 0.0]]	0.1405847517847736	[[0.14168571384644213, 0.24187264290451793, 0.9259917868297051], [-0.25000000000000017, -0.9267766952966368, 0.2803300858899109], [0.9259917868297051, -0.27121671503937284, -0.07084285692322095]]
11	[[-0.30792515101507295, 0.09349718223056193, 0.9468053539599837], [0.3027085282091916, -0.9338174967034747, 0.1906631317268273], [0.9019698710720718, 0.34531602882779927, 0.2592434992682147]]	0.9292190026038898	0.07078099739611031	[[-0.2861299017028783, 0.08687935841855689, 0.8797895266667187], [0.2812825166622364, -0.8677209629008639, 0.17716780509653657], [0.8381275439763497, 0.3208742158905037, 0.24089398582155272]]	0.9292190026038897	0.07078099739611028	[[-0.2861299017028782, 0.08687935841855685, 0.8797895266667188], [0.28128251666223647, -0.8677209629008639, 0.17716780509653648], [0.8381275439763496, 0.3208742158905037, 0.2408939858215527]]	[[0.0, 0.0, 0.0], [0.0, 0.0, 0.0], [0.0, 0.0, 0.0]]	0.2107464630437153	[[-0.2426004442372296, 0.14211204999643143, 0.9287781211932848], [0.4571067811865472, -0.8535533905932738, 0.25000000000000017], [0.8282897269524867, 0.48520088847445875, 0.1421120499964314]]
11	[[0.5319609947059123, -0.8460851799387872, 0.03402011756955908], [-0.703274286200726, -0.4190807785627857, 0.5742617690636116], [-0.47161719485230363, -0.3294103357928521, -0.8179645788128509]]	0.934406697335915	0.0655933026640851	[[0.4970679161746797, -0.7905876586514654, 0.031788625701151235], [-0.6571442030900932, -0.3915918862138165, 0.5365940430370094], [-0.4406822654487697, -0.30780322393651366, -0.7643115806262787]]	0.934406697335915	0.06559330266408503	[[0.4970679161746796, -0.7905876586514655, 0.031788625701151235], [-0.6571442030900934, -0.3915918862138165, 0.5365940430370091], [-0.4406822654487698, -0.30780322393651377, -0.7643115806262789]]	[[0.0, 0.0, 0.0], [0.0, 0.0, 0.0], [0.0, 0.0, 0.0]]	0.2054307846377808	[[0.4852008884744588, -0.8282897269524867, -0.14211204999643112], [-0.7071067811865477, -0.49999999999999983, 0.49999999999999994], [-0.48520088847445886, -0.14211204999643123, -0.8282897269524867]]
11	[[0.08740825448676931, -0.06334395238859675, -0.994156597696443], [0.7119981850616444, -0.6940087028176986, 0.10681996481098455], [-0.6967197295301035, -0.717174639895393, -0.015561310176609944]]	0.9562793300220821	0.04372066997791801	[[0.08358670703900742, -0.060574512351117965, -0.9506914051821873], [0.6808691473876878, -0.6636661773600031, 0.1021497243824307], [-0.6662586761682138, -0.6858192841479942, -0.014880959269954367]]	0.9683532779454346	0.05297203984089588	[[0.06904848888877181, -0.05679774056156484, -0.9450810432175559], [0.6789776194168082, -0.6725550984952647, 0.09006262000918887], [-0.6811870787744179, -0.7048580500014763, -0.008662587216777816]]	[[-0.015593580862979968, 0.00454158337195236, 0.017613756952875283], [-0.01048815697883533, -0.0005094961990875623, -0.013376843065544004], [-0.006516244874685561, -0.010379636599435893, 0.006406258501868073]]	0.11319898838695021	[[0.0, 0.0, -0.9910269730000003], [0.7071067811865475, -0.7071067811865476, 0.0], [-0.7007618929470778, -0.7007618929470777, 0.0]]
11	[[0.8787972042104137, -0.3840163418041313, 0.28327887866788265], [-0.395223040501579, -0.9183905790867732, -0.018907472103605397], [0.2674214316928388, -0.09534250611366366, -0.9588511794847616]]	0.9075774175075765	0.09242258249242359	[[0.7975764971101655, -0.34852455977530034, 0.25709751313583895], [-0.35869550643791537, -0.8335105500308615, -0.017159994703386732], [0.24270565236196537, -0.08653070547733918, -0.8702316772508739]]	0.9075774175075765	0.09242258249242348	[[0.7975764971101656, -0.34852455977530034, 0.257097513135839], [-0.3586955064379155, -0.8335105500308614, -0.01715999470338672], [0.2427056523619654, -0.08653070547733918, -0.8702316772508737]]	[[0.0, 0.0, 0.0], [0.0, 0.0, 0.0], [0.0, 0.0, 0.0]]	0.12512504666193341	[[0.8050554653774461, -0.46299589341485253, 0.27121671503937284], [-0.47855339059327373, -0.8749999999999999, -0.07322330470336318], [0.27121671503937284, -0.070842856923221, -0.9259917868297051]]
11	[[0.8489524140446696, -0.5135124485683378, 0.12483895166604869], [0.522794976890395, 0.7815435453534784, -0.34040431673891397], [0.0772347773085365, 0.35425224329800037, 0.9319550081910795]]	0.9274744601037852	0.07252553989621503	[[0.787381681869885, -0.4762696809924918, 0.11578493929639104], [0.48487898893639, 0.7248616777743155, -0.3157163098844221], [0.07163328338547097, 0.3285599080933676, 0.8643644680630399]]	0.9274744601037851	0.07252553989621494	[[0.7873816818698851, -0.47626968099249184, 0.11578493929639104], [0.4848789889363899, 0.7248616777743154, -0.3157163098844222], [0.07163328338547098, 0.32855990809336755, 0.86436446806304]]	[[0.0, 0.0, 0.0], [0.0, 0.0, 0.0], [0.0, 0.0, 0.0]]	0.1946633118932471	[[0.8258048577716292, -0.4837452858090356, 0.14168571384644205], [0.49999999999999994, 0.7071067811865475, -0.4999999999999999], [0.14168571384644185, 0.4837452858090356, 0.8258048577716294]]
11	[[0.3802729664721569, 0.7767473726770865, -0.5020517802076895], [0.4287143634067757, 0.332951791095048, 0.839849450446521], [0.8195098935212374, -0.5346088512602871, -0.20639019011321075]]	0.9321338197544506	0.06786618024554958	[[0.35446529278704764, 0.7240324954777264, -0.46797944359951543], [0.3996191571459554, 0.31035562482751305, 0.782852076263392], [0.763892887374514, -0.49832699059979024, -0.1923832762700744]]	0.9321338197544505	0.06786618024554968	[[0.35446529278704775, 0.7240324954777261, -0.4679794435995155], [0.3996191571459554, 0.310355624827513, 0.7828520762633917], [0.763892887374514, -0.49832699059979035, -0.19238327627007437]]	[[0.0, 0.0, 0.0], [0.0, 0.0, 0.0], [0.0, 0.0, 0.0]]	0.15803932950207372	[[0.24260044423722943, 0.7572337019542711, -0.5562569134726744], [0.4571067811865474, 0.42677669529663675, 0.7803300858899108], [0.8282897269524867, -0.4435772327188258, -0.24260044423722948]]
11	[[-0.5446221603179724, 0.8109226453022452, -0.2139887049042392], [-0.8354447797583356, -0.5021691245819775, 0.22328947644507607], [0.07361197229480154, 0.30038414347728, 0.9509735242804028]]	0.9270493349886996	0.07295066501130047	[[-0.5048916115428853, 0.7517652990547236, -0.19837808657656805], [-0.7744985274947457, -0.4655355529955796, 0.20700036064838268], [0.06824192996310233, 0.27847092045176247, 0.8815993732760073]]	0.9270493349886996	0.07295066501130076	[[-0.5048916115428852, 0.7517652990547232, -0.19837808657656802], [-0.7744985274947456, -0.4655355529955795, 0.20700036064838265], [0.06824192996310233, 0.27847092045176247, 0.8815993732760073]]	[[0.0, 0.0, 0.0], [0.0, 0.0, 0.0], [0.0, 0.0, 0.0]]	0.10557368862861728	[[-0.48520088847445886, 0.8282897269524866, -0.1421120499964314], [-0.8535533905932738, -0.45710678118654735, 0.25000000000000017], [0.1421120499964314, 0.2426004442372296, 0.9287781211932848]]
11	[[0.22433838825039393, -0.7661379269479729, -0.6022499185961573], [-0.9416906372873723, -0.011392912655017143, -0.3362869982418849], [0.2507808429735371, 0.642575192824231, -0.724020780340167]]	0.9272785020201265	0.07272149797987373	[[0.20802416460243478, -0.7104232292411214, -0.5584534023575877], [-0.8732094835102127, -0.010564402980390422, -0.3118317039785799], [0.232543684407846, 0.5958461622373468, -0.6713689046252732]]	0.9272785020201265	0.07272149797987373	[[0.2080241646024348, -0.7104232292411214, -0.5584534023575879], [-0.8732094835102127, -0.010564402980390413, -0.3118317039785799], [0.232543684407846, 0.5958461622373469, -0.6713689046252733]]	[[0.0, 0.0, 0.0], [0.0, 0.0, 0.0], [0.0, 0.0, 0.0]]	0.234469115110623	[[0.2418726429045176, -0.8258048577716294, -0.4422465010206694], [-0.9571067811865474, -0.14644660940672607, -0.2499999999999999], [0.14168571384644202, 0.4837452858090355, -0.8258048577716294]]
11	[[-0.8305561570912853, 0.32773595720904825, 0.4502950280316503], [-0.5100865793185324, -0.772219296347621, -0.37879947194723407], [0.22358030216652452, -0.5443036842615101, 0.808545204538665]]	0.943104315857351	0.056895684142649165	[[-0.7833010963146871, 0.30908919570549354, 0.4246751843457563], [-0.481064854416221, -0.7282833511737679, -0.35724741683792194], [0.2108595479139399, -0.5133351537640871, 0.7625424719661793]]	0.9431043158573512	0.05689568414264888	[[-0.7833010963146874, 0.3090891957054935, 0.4246751843457563], [-0.4810648544162212, -0.7282833511737684, -0.35724741683792205], [0.21085954791393996, -0.5133351537640871, 0.7625424719661796]]	[[0.0, 0.0, 0.0], [0.0, 0.0, 0.0], [0.0, 0.0, 0.0]]	0.16108928622313423	[[-0.757233701954271, 0.41414486347624335, 0.4435772327188259], [-0.573223304703363, -0.7803300858899106, -0.2499999999999999], [0.24260044423722948, -0.4435772327188258, 0.8282897269524867]]
11	[[-0.42203838922340475, -0.825029846081567, 0.3757783270710803], [0.2588054115689476, 0.28760896992378115, 0.9221175843470338], [-0.8688517462515349, 0.4864224845687207, 0.09214016247897017]]	0.9303120782894454	0.06968792171055467	[[-0.3926274109963556, -0.7675352307589638, 0.3495911164336276], [0.24076980030926295, 0.26756609854447944, 0.8578571263211321], [-0.8083032737806793, 0.45252471254584214, 0.08571910604973791]]	0.9303120782894454	0.06968792171055475	[[-0.39262741099635545, -0.7675352307589638, 0.3495911164336278], [0.24076980030926287, 0.2675660985444795, 0.8578571263211319], [-0.8083032737806792, 0.45252471254584214, 0.0857191060497379]]	[[0.0, 0.0, 0.0], [0.0, 0.0, 0.0], [0.0, 0.0, 0.0]]	0.16017616934104972	[[-0.44357723271882565, -0.8282897269524867, 0.24260044423722948], [0.25000000000000006, 0.1464466094067262, 0.9571067811865475], [-0.8282897269524867, 0.48520088847445875, 0.1421120499964314]]
11	[[0.8592155572171323, 0.2624339665249735, -0.4391776855101157], [-0.4266000482917053, 0.8413623931712975, -0.33184593135155627], [0.2824199444684594, 0.4724804086637203, 0.8348660002631537]]	0.9437021928020167	0.05629780719798327	[[0.8108436054354143, 0.24765950967534858, -0.4144529448456106], [-0.4025834010223286, 0.7939955353769061, -0.31316373308889117], [0.26652032088590905, 0.4458807977119459, 0.7878648751441871]]	0.9437021928020167	0.05629780719798351	[[0.8108436054354142, 0.24765950967534855, -0.4144529448456105], [-0.4025834010223285, 0.7939955353769059, -0.3131637330888911], [0.26652032088590893, 0.44588079771194566, 0.787864875144187]]	[[0.0, 0.0, 0.0], [0.0, 0.0, 0.0], [0.0, 0.0, 0.0]]	0.1350201768267964	[[0.8258048577716294, 0.24187264290451774, -0.4422465010206694], [-0.4571067811865474, 0.7803300858899107, -0.4267766952966369], [0.24187264290451777, 0.5545881427322565, 0.7549620008484083]]
11	[[-0.3195682178843842, -0.5708200961323295, -0.7563336379995778], [0.910087742671785, 0.03735879733279218, -0.41272826520656647], [0.2638493031197415, -0.8202248094963509, 0.507557688474819]]	0.9318675348258162	0.06813246517418395	[[-0.29779524740860047, -0.5319287158118696, -0.7048027627485078], [0.848081221238748, 0.03481345037456635, -0.3846080710509788], [0.24587259966370303, -0.7643408712283389, 0.47297653194091915]]	0.9318675348258161	0.06813246517418413	[[-0.29779524740860036, -0.5319287158118692, -0.7048027627485077], [0.8480812212387477, 0.034813450374566346, -0.3846080710509786], [0.245872599663703, -0.764340871228339, 0.47297653194091904]]	[[0.0, 0.0, 0.0], [0.0, 0.0, 0.0], [0.0, 0.0, 0.0]]	0.23151664708789152	[[-0.4895940289149513, -0.4895940289149514, -0.6923905157484096], [0.8535533905932738, -0.14644660940672602, -0.5], [0.14339877104074678, -0.8357892867891561, 0.4895940289149513]]
11	[[0.04673222253661188, -0.9725397674033924, -0.22799671093185395], [-0.8377629715199755, -0.16246744520517667, 0.5213036857710898], [-0.5440306084466285, 0.16664552219444034, -0.8223502702654952]]	0.9404649207827311	0.05953507921726904	[[0.04395001596589565, -0.914639535309087, -0.2144229086852493], [-0.7878866866452393, -0.15279493298465918, 0.49026782954245357], [-0.5116417030761397, 0.15672426782939117, -0.7733915817808965]]	0.9404649207827313	0.05953507921726889	[[0.04395001596589567, -0.9146395353090873, -0.21442290868524927], [-0.7878866866452393, -0.15279493298465924, 0.4902678295424538], [-0.5116417030761395, 0.1567242678293912, -0.7733915817808964]]	[[0.0, 0.0, 0.0], [0.0, 0.0, 0.0], [0.0, 0.0, 0.0]]	0.12663098088655195	[[0.1425396690034417, -0.9315728397124219, -0.24333043554386097], [-0.8535533905932738, -0.2500000000000001, 0.4571067811865474], [-0.48666087108772194, 0.14253966900344153, -0.8307820731720026]]
