11	[[0.8787972042104137, -0.3840163418041313, 0.28327887866788265], [-0.395223040501579, -0.9183905790867732, -0.018907472103605397], [0.2674214316928388, -0.09534250611366366, -0.9588511794847616]]	0.6598972012032592	0.34010279879674077	[[0.5799158154837012, -0.2534113091728604, 0.1869349391929334], [-0.26080657827803433, -0.6060433727508022, -0.012476987922997923], [0.1764706543158729, -0.0629162529401113, -0.6327432097124384]]	0.8220111226588673	0.2877396607475201	[[0.6514452592302749, -0.2652969007455491, 0.1645125302337755], [-0.3167659329927161, -0.8546383341552966, -0.03416817213871312], [0.15608590937847105, -0.05115447536512272, -0.7485725769576204]]	[[-0.07093581719220117, 0.05036880350021615, -0.06834585884555577], [0.008111802230637871, -0.09971106320085074, -0.018626019768187237], [-0.06373748191040096, 0.027218125122479866, 0.03961375755342768]]	0.4498040556648143	[[0.46753125551417046, -0.33059452119073035, 0.3305945211907303], [-0.5, -0.8535533905932737, -0.14644660940672619], [0.3305945211907303, -0.09682889343364512, -0.5643601489478156]]
11	[[0.8592155572171323, 0.2624339665249735, -0.4391776855101157], [-0.4266000482917053, 0.8413623931712975, -0.33184593135155627], [0.2824199444684594, 0.4724804086637203, 0.8348660002631537]]	0.6596019874173912	0.34039801258260893	[[0.5667402891603616, 0.17310196588570165, -0.28968247419184234], [-0.2813862396855638, 0.5549643066740404, -0.21888623583586173], [0.1862847566577051, 0.31164901657037114, 0.5506792730007846]]	0.772795304206216	0.4053918330264525	[[0.511939141877952, 0.20845138081103895, -0.2934616644308349], [-0.3555914705420158, 0.7489017742158558, -0.25061327163388686], [0.24519695663878166, 0.3311195659930862, 0.509393023695907]]	[[-0.15205860604037502, 0.005643643816328066, 0.04593278864353679], [-0.02591695644804097, 0.09870086763737317, 0.0058357058345341805], [0.026944149739375898, -0.03401107515167087, -0.1357875009488838]]	0.43336357335891135	[[0.489942038838551, 0.26795819872042287, -0.28700140157489745], [-0.573223304703363, 0.7803300858899106, -0.2499999999999999], [0.1569662786613588, 0.28700140157489745, 0.5359163974408457]]
11	[[-0.30792515101507295, 0.09349718223056193, 0.9468053539599837], [0.3027085282091916, -0.9338174967034747, 0.1906631317268273], [0.9019698710720718, 0.34531602882779927, 0.2592434992682147]]	0.6920134056098861	0.30798659439011405	[[-0.21308833242687905, 0.06470130349029926, 0.655201997443522], [0.209478359513199, -0.6462142261118698, 0.13194144311052808], [0.6241752422380945, 0.23896332112080698, 0.17939997681082126]]	0.8248575696208787	0.28576204687627765	[[-0.22860245265466272, 0.07200351183581774, 0.7240128598354502], [0.24834366006371322, -0.8478753571524118, 0.11891771587009736], [0.662661056764125, 0.24994469802754166, 0.15659894081884498]]	[[0.025391939036772407, -0.005118346665283982, -0.05696670333601781], [-0.001347760818433746, -0.0776089263521309, -0.038352211582398904], [-0.08133561895964148, -0.03489184226249013, -0.057240021927546667]]	0.44831903835160325	[[-0.3666183850464532, -0.10738003887244539, 0.6258567312204611], [0.5, -0.8535533905932737, 0.14644660940672619], [0.5184766923480157, 0.3666183850464533, 0.3666183850464532]]
11	[[0.034229894132735264, 0.2773841392786001, 0.9601491309293217], [-0.1827544195208179, -0.9427759796974285, 0.2788803941677556], [0.9825625356654255, -0.18501754344446375, 0.018422055382213542]]	0.8264970611608862	0.17350293883911402	[[0.02829090690455396, 0.2292571759264049, 0.7935604349892633], [-0.15104599064811966, -0.779201576553, 0.23049382619503955], [0.8120850481342624, -0.15291645592005587, 0.015225774633942576]]	0.8982457328034995	0.15520470214968043	[[0.009124741890435089, 0.22547649324932348, 0.8258744697659335], [-0.16633148291685246, -0.8254800526197321, 0.254996940953229], [0.8573435211781949, -0.15328307437899785, 0.0]]	[[-0.02162211444860991, -0.02368262620505062, -0.0365753899463183], [-0.002173105431297265, 0.021364448133121744, 0.00449381692948463], [-0.02523908369585973, 0.012908144513777824, -0.016547532636543055]]	0.36024114086537823	[[0.0, 0.0, 0.9496], [0.0, -1.0, 0.0], [0.9496, 0.0, 0.0]]
11	[[-0.3195682178843842, -0.5708200961323295, -0.7563336379995778], [0.910087742671785, 0.03735879733279218, -0.41272826520656647], [0.2638493031197415, -0.8202248094963509, 0.507557688474819]]	0.6407185128810832	0.3592814871189168	[[-0.20475327332694065, -0.36573500311654317, -0.484596963781029], [0.5831100650759681, 0.023936473070092383, -0.26444264030714054], [0.1690531331195909, -0.5255332201686717, 0.3252016073609461]]	0.7371333549913526	0.32566894192570855	[[-0.26588559832796976, -0.3993009595125645, -0.5511005212194798], [0.7455570335354763, 0.09165012380858015, -0.3573260951536624], [0.2284948888432262, -0.5748222443013645, 0.29843973092363896]]	[[-0.030321205730246107, 0.02146957304594594, 0.006418230851964205], [0.07470100244331679, 0.064111708192217, -0.05309032432218537], [0.0340027668224408, 0.02979282136982354, -0.07569797083346015]]	0.4027368102202734	[[-0.34814081844011197, -0.348140818440112, -0.49234546705367577], [0.8535533905932738, -0.14644660940672602, -0.5], [0.10196808491327426, -0.5943135519669499, 0.34814081844011197]]
11	[[0.04673222253661188, -0.9725397674033924, -0.22799671093185395], [-0.8377629715199755, -0.16246744520517667, 0.5213036857710898], [-0.5440306084466285, 0.16664552219444034, -0.8223502702654952]]	0.6334695074537666	0.3665304925462333	[[0.029603437992487297, -0.6160742874362277, -0.14442896417508036], [-0.5306972969317628, -0.10291817249139507, 0.3302299890592454], [-0.34462680157245873, 0.10556485686388788, -0.5209338206595552]]	0.7502693166354499	0.408092264398721	[[-0.008454872380009233, -0.7898347941468445, -0.12169840759657119], [-0.6864447916613788, -0.14348216235570851, 0.2700388904109002], [-0.2658561557085184, 0.022093056122886826, -0.5746762157382487]]	[[-0.043516625047408906, -0.060168047456301936, 0.0493605289094011], [-0.05789693951660279, -0.02158782326611308, -0.12107926967211662], [0.14231331711950163, -0.10293596593429363, 0.04230795956882196]]	0.3975655651840216	[[0.09194871720458953, -0.600933958897615, -0.15696627866135876], [-0.8535533905932738, -0.2500000000000001, 0.4571067811865474], [-0.3139325573227175, 0.09194871720458941, -0.5359163974408457]]
11	[[0.5319609947059123, -0.8460851799387872, 0.03402011756955908], [-0.703274286200726, -0.4190807785627857, 0.5742617690636116], [-0.47161719485230363, -0.3294103357928521, -0.8179645788128509]]	0.6655080956929239	0.33449190430707615	[[0.35402434856964526, -0.563076536895067, 0.022640663658966637], [-0.4680347309592456, -0.2789016508828275, 0.3821758563587738], [-0.3138650612421952, -0.21922524527506765, -0.5443620491900049]]	0.7531437101255327	0.29463586151683996	[[0.41842911104548364, -0.6180950637066075, 0.005528274807798569], [-0.6115216945266915, -0.37834674211762, 0.5374804866848397], [-0.2977547542029455, -0.2899365929932314, -0.6160448776383792]]	[[0.017786033850603972, 0.01912866779471964, -0.020093762757445982], [-0.08185508938159103, -0.06271868970854663, 0.10497884734901947], [0.05744076968711474, -0.04184327054050517, 7.62831287344267e-18]]	0.3929057044746905	[[0.54599483187449, -0.5459948318744899, 0.0], [-0.5, -0.5000000000000001, 0.7071067811865475], [-0.3860766481112607, -0.3860766481112608, -0.54599483187449]]
11	[[-0.5446221603179724, 0.8109226453022452, -0.2139887049042392], [-0.8354447797583356, -0.5021691245819775, 0.22328947644507607], [0.07361197229480154, 0.30038414347728, 0.9509735242804028]]	0.6899690146911861	0.31003098530881396	[[-0.3757724153335766, 0.5595114985699603, -0.1476455758778209], [-0.5764310115187539, -0.3464811360961624, 0.15406282005371993], [0.0507899799937191, 0.20725575150387476, 0.6561422655451543]]	0.8038168036338301	0.29122381493227134	[[-0.4790075004634481, 0.6170971922356023, -0.1108176217946889], [-0.7350375979271286, -0.4062176761368996, 0.09670153134128583], [0.07479036235229654, 0.11465868970243798, 0.7423092554750883]]	[[-0.041231056368504174, -0.034736056505538675, 0.061190094995179606], [-0.06349304544921411, -0.002565695531815907, -0.08278230189986663], [0.015619822073107116, -0.12679513236975504, -0.022099243152383635]]	0.41229353957438564	[[-0.6376265820042424, 0.6376265820042423, 0.0], [-0.7071067811865475, -0.7071067811865476, 0.0], [0.0, 0.0, 0.90174016]]
11	[[0.3802729664721569, 0.7767473726770865, -0.5020517802076895], [0.4287143634067757, 0.332951791095048, 0.839849450446521], [0.8195098935212374, -0.5346088512602871, -0.20639019011321075]]	0.6469828700385908	0.35301712996140955	[[0.24603009524624492, 0.5025422444695562, -0.32481890166675476], [0.27737084926368305, 0.21541410538716343, 0.5433682078502233], [0.5302088629353899, -0.3458827689364146, -0.13353091754725543]]	0.8037828149660645	0.3074995126490517	[[0.34511180340776243, 0.5169886330305341, -0.406825880518937], [0.4068759764278369, 0.30067990796483435, 0.7176697193842916], [0.5882645447887431, -0.4163877151659715, -0.06771343615635286]]	[[0.039454927961276295, -0.10734755669734923, -0.0032852873648764602], [0.06228273859235428, 0.033058980070463574, 0.042613163956684505], [-0.0704434243182967, 0.013321692205796133, 0.09817945183422484]]	0.41188731731504324	[[0.40656765807841266, 0.4065676580784128, -0.5749734960767586], [0.5, 0.5000000000000001, 0.7071067811865475], [0.5749734960767586, -0.5749734960767585, 0.0]]
11	[[0.8489524140446696, -0.5135124485683378, 0.12483895166604869], [0.522794976890395, 0.7815435453534784, -0.34040431673891397], [0.0772347773085365, 0.35425224329800037, 0.9319550081910795]]	0.7391204646234751	0.2608795353765251	[[0.6274781027119171, -0.37954755957576825, 0.09227102395851745], [0.38640846622204766, 0.5776548283651408, -0.25159979674790267], [0.05708580448937614, 0.2618350826603263, 0.688827018662365]]	0.8747883359292944	0.2100167566666976	[[0.7021104136195494, -0.4497239864622645, 0.05282532790342153], [0.502652329555161, 0.6660891012995648, -0.30347989071161835], [0.027695753810651286, 0.2653940227663274, 0.782773937815147]]	[[-0.040543255945744434, -0.0005092861001909765, -0.0563823308836788], [0.045317381689018416, -0.0175960761964854, -0.005698164928435315], [-0.039868328506952995, -0.04450170764754996, -0.03248943296129899]]	0.4436272666554595	[[0.6714685994147456, -0.6714685994147455, 0.0], [0.7071067811865475, 0.7071067811865476, 0.0], [0.0, 0.0, 0.9496]]
11	[[-0.42203838922340475, -0.825029846081567, 0.3757783270710803], [0.2588054115689476, 0.28760896992378115, 0.9221175843470338], [-0.8688517462515349, 0.4864224845687207, 0.09214016247897017]]	0.6406220093482645	0.3593779906517355	[[-0.2703670809264026, -0.5285322777690631, 0.24073186695780485], [0.1657964427895038, 0.18424863621915732, 0.5907288197397645], [-0.5566055515094068, 0.3116129494565891, 0.05902701602895343]]	0.8043164319317582	0.3238361670788722	[[-0.2573180191601514, -0.555817296996674, 0.30601095240544446], [0.2661087463104492, 0.2363270804754663, 0.8269628803454331], [-0.648216198895237, 0.3396861082748603, 0.02421652426440581]]	[[0.08213439219824406, 0.10776776504085948, 0.0037662691783478873], [0.057947301112683, 0.004998459994802181, 0.08528855508189474], [0.0506155375274749, -0.051551488924833876, -0.04989332245829193]]	0.44210326830982166	[[-0.2725365309355225, -0.5089062110098271, 0.1490551782168263], [0.25000000000000006, 0.1464466094067262, 0.9571067811865475], [-0.5089062110098271, 0.29811035643365247, 0.0873145018574782]]
11	[[-0.8305561570912853, 0.32773595720904825, 0.4502950280316503], [-0.5100865793185324, -0.772219296347621, -0.37879947194723407], [0.22358030216652452, -0.5443036842615101, 0.808545204538665]]	0.6363984321810333	0.3636015678189665	[[-0.528564636211198, 0.20857064933718852, 0.2865670498582567], [-0.3246182993549004, -0.4914391494955667, -0.24106739005822314], [0.14228615376533793, -0.3463940112943852, 0.5145569005158993]]	0.7612959783253254	0.3951971312871164	[[-0.5949058262385838, 0.23592774384838058, 0.19640410092186006], [-0.569773456297555, -0.6232281857892651, -0.30295476504164764], [0.1751994219629567, -0.26395653513083517, 0.5745126551419212]]	[[0.03739323592834885, -0.013576322327468785, -0.14640369297852499], [-0.18144659486463427, -0.03534074109460876, -0.014576250456461427], [0.004988637090820595, 0.15041967068511006, -0.04102955736759199]]	0.44179576322097325	[[-0.46524896008108796, 0.25445310550491357, 0.2725365309355226], [-0.573223304703363, -0.7803300858899106, -0.2499999999999999], [0.1490551782168263, -0.27253653093552255, 0.5089062110098271]]
11	[[0.22433838825039393, -0.7661379269479729, -0.6022499185961573], [-0.9416906372873723, -0.011392912655017143, -0.3362869982418849], [0.2507808429735371, 0.642575192824231, -0.724020780340167]]	0.6260523371056298	0.37394766289437026	[[0.14044757226666926, -0.4796424397110406, -0.37703996905879955], [-0.5895476243042493, -0.007132559594113824, -0.21053326118756888], [0.15700193284490285, 0.40228570123371055, -0.4532749016450034]]	0.741918059075898	0.4329582146174891	[[0.2063050444118354, -0.4866024590505096, -0.3649872567950942], [-0.8145920132853026, 0.046363776033800694, -0.2046124915507264], [0.16637764300673574, 0.36498725679509414, -0.40567916342513977]]	[[0.03986434282488786, 0.08180910469516262, 0.08183283388838439], [-0.11593472341910971, 0.05481638367803228, 0.04488490547735281], [-0.019681193265608448, -0.11175088307538031, 0.13148492865545391]]	0.41610068033421044	[[0.10738003887244552, -0.6258567312204611, -0.3666183850464532], [-0.8535533905932738, 0.14644660940672602, -0.5], [0.3666183850464532, 0.3666183850464533, -0.5184766923480157]]
11	[[0.08740825448676931, -0.06334395238859675, -0.994156597696443], [0.7119981850616444, -0.6940087028176986, 0.10681996481098455], [-0.6967197295301035, -0.717174639895393, -0.015561310176609944]]	0.7377080244172851	0.2622919755827149	[[0.0644817707351979, -0.046729341975374275, -0.7333972996480527], [0.5252467744905182, -0.5119757890840473, 0.07880194520903533], [-0.513975735244198, -0.5290654867594082, -0.011479703387731516]]	0.8904866553602512	0.17747369291628756	[[0.05031076978725403, -0.050310769787254045, -0.8214806032343807], [0.681478324562863, -0.6690359200491773, 0.08750102418727417], [-0.5910595712207843, -0.6017139083395574, 0.0]]	[[-0.027525114401546837, 0.006096174512566471, 0.06380258035265161], [0.047453442124750105, -0.051030431486138395, -0.007620729002959216], [0.029360050451976337, 0.036920538050083634, 0.01385713905219283]]	0.19861034342093112	[[0.0, 0.0, -0.856292455936], [0.7071067811865475, -0.7071067811865476, 0.0], [-0.6054902022712286, -0.6054902022712285, 0.0]]
