11	[[-0.8305561570912853, 0.32773595720904825, 0.4502950280316503], [-0.5100865793185324, -0.772219296347621, -0.37879947194723407], [0.22358030216652452, -0.5443036842615101, 0.808545204538665]]	0.748826126711559	0.251173873288441	[[-0.6219421501311042, 0.24541724742095689, 0.33719268171841366], [-0.38196615747864504, -0.5782579846559147, -0.28365494137863123], [0.16742277168035857, -0.4075888196403779, 0.6054597737858937]]	0.7892345736677353	0.26376727652009097	[[-0.6664394018304899, 0.3285614417230365, 0.3477735317161751], [-0.4948583900264656, -0.6150087550596264, -0.3730960142001485], [0.04770991325947886, -0.4668234156113898, 0.6449345678481144]]	[[-0.010935767281436594, 0.06990089325956615, -0.00761487275708541], [-0.0922804260643702, -0.0055465879287132785, -0.07413437445231003], [-0.12874739120142156, -0.037240129417479166, 0.006802738052949307]]	0.3074649944994673	[[-0.5874095472202504, 0.32126494913041215, 0.3440965460941837], [-0.573223304703363, -0.7803300858899106, -0.2499999999999999], [0.18819265008549296, -0.34409654609418366, 0.6425298982608243]]
11	[[0.3802729664721569, 0.7767473726770865, -0.5020517802076895], [0.4287143634067757, 0.332951791095048, 0.839849450446521], [0.8195098935212374, -0.5346088512602871, -0.20639019011321075]]	0.7396723663695774	0.2603276336304228	[[0.2812774049768393, 0.5745385672194127, -0.37135382830628055], [0.3171081676777167, 0.24627523920626335, 0.6212134304059673], [0.6061688222041342, -0.395435394093818, -0.15266112031650553]]	0.8416615485075164	0.2533861307819333	[[0.3463838846803697, 0.5817293585914571, -0.4282822980690585], [0.4042879818410301, 0.29318627458757024, 0.7171537493947837], [0.6462464869549542, -0.42828229806905843, -0.0789597744585902]]	[[0.026322750863867275, -0.07202903789508446, -0.005724619308499301], [0.04345558686866909, 0.012953554516161096, 0.010284760418778177], [-0.04350347904336023, 0.02167741552849933, 0.09475091254885548]]	0.2982680877672163	[[0.1881926500854929, 0.5874095472202505, -0.43150565121155954], [0.4571067811865474, 0.42677669529663675, 0.7803300858899108], [0.6425298982608243, -0.34409654609418366, -0.18819265008549296]]
11	[[0.04673222253661188, -0.9725397674033924, -0.22799671093185395], [-0.8377629715199755, -0.16246744520517667, 0.5213036857710898], [-0.5440306084466285, 0.16664552219444034, -0.8223502702654952]]	0.7361394689350382	0.26386053106496166	[[0.03440143348025543, -0.7159249078945389, -0.16783737770431043], [-0.6167103889481544, -0.1195986988325711, 0.3837522183974081], [-0.4004824031863069, 0.12267434620861749, -0.6053644912318269]]	0.7820717946942756	0.3655604814833639	[[-0.028621294431306288, -0.8375200536405947, -0.14884118385519868], [-0.6848998372502543, -0.14808332270482064, 0.27189101471666344], [-0.2901797267028191, 0.036712407243053545, -0.6087592935044469]]	[[-0.06516924758056648, -0.0769241323358702, 0.02946861304766827], [-0.029709046585217825, -0.021022116253814373, -0.1358058943950734], [0.13529126761365434, -0.09361635537731713, 0.03437765822941166]]	0.26705517398260037	[[0.11341636016578979, -0.7412364673509976, -0.19361383753651534], [-0.8535533905932738, -0.2500000000000001, 0.4571067811865474], [-0.3872276750730307, 0.11341636016578967, -0.661038989980272]]
11	[[-0.30792515101507295, 0.09349718223056193, 0.9468053539599837], [0.3027085282091916, -0.9338174967034747, 0.1906631317268273], [0.9019698710720718, 0.34531602882779927, 0.2592434992682147]]	0.7835586555091675	0.21644134449083266	[[-0.2412774173268279, 0.07326052640247471, 0.7418775301777661], [0.237189887374753, -0.731700782207911, 0.1493957471510401], [0.7067462994870098, 0.27057536327407533, 0.20313248773609413]]	0.8437572343294754	0.2681416457060555	[[-0.2508760778489013, 0.0768570848747687, 0.7377916454088833], [0.24436073564232655, -0.8497566989264871, 0.11835867946505214], [0.6749152534214875, 0.26048937008341594, 0.17401899297413265]]	[[0.008937995952062645, -0.0020318390216892083, -0.061082221496732446], [-0.011051774927406846, -0.06184143053948955, -0.042514717249372086], [-0.08612835044279733, -0.030873527369965376, -0.0447195849863115]]	0.3413419968244471	[[-0.18819265008549305, 0.1102407020811477, 0.7204818462651696], [0.4571067811865472, -0.8535533905932738, 0.25000000000000017], [0.6425298982608243, 0.37638530017098576, 0.11024070208114768]]
11	[[0.22433838825039393, -0.7661379269479729, -0.6022499185961573], [-0.9416906372873723, -0.011392912655017143, -0.3362869982418849], [0.2507808429735371, 0.642575192824231, -0.724020780340167]]	0.7384474531536935	0.26155254684630647	[[0.1656621114481079, -0.5657526009191811, -0.4447299185493516], [-0.6953890527635387, -0.00841306733409991, -0.24833027738042057], [0.18518847479354478, 0.47450801460079695, -0.5346513012725461]]	0.7651414398906643	0.2523979111199854	[[0.15238390259492707, -0.6897908590058268, -0.3914080614801618], [-0.8677467540242122, -0.007845957965273771, -0.2963076307357863], [0.2142216879736492, 0.4066058848271857, -0.6439416742524036]]	[[-0.01926669481373025, -0.10358698242600621, 0.06939830840853736], [-0.14722022387859474, 0.0008712316281346482, -0.03900051268448119], [0.022338872683882467, -0.08505502344836757, -0.08996337187216585]]	0.3518127164812452	[[0.12350283039610374, -0.7198272466635786, -0.421665038529841], [-0.8535533905932738, 0.14644660940672602, -0.5], [0.421665038529841, 0.4216650385298411, -0.596324416267475]]
11	[[-0.3195682178843842, -0.5708200961323295, -0.7563336379995778], [0.910087742671785, 0.03735879733279218, -0.41272826520656647], [0.2638493031197415, -0.8202248094963509, 0.507557688474819]]	0.7423517310717493	0.25764826892825066	[[-0.2372320197419865, -0.4237492864943772, -0.5614655854367804], [0.6756052111995804, 0.027733367870756965, -0.30638954213833475], [0.1958689869130148, -0.6088953071976119, 0.37678632865805756]]	0.7929194947701164	0.23072970053150668	[[-0.2934903797718718, -0.47102919047008257, -0.5840833357490949], [0.7740177177124676, 0.005477644361752583, -0.31421628126291756], [0.1892873806602655, -0.6202008837130433, 0.430913503052778]]	[[-0.04009850990239945, -0.018414808240206665, 0.015628350371174417], [0.052391404596679916, -0.024144874344584205, 0.013044006262019722], [-0.01992387546488723, 0.030171357830718337, 0.028461117140636358]]	0.3168700743981587	[[-0.40985841745100543, -0.40985841745100554, -0.5796273326119857], [0.8535533905932738, -0.14644660940672602, -0.5], [0.12004475114501283, -0.6996720837569983, 0.40985841745100543]]
11	[[0.034229894132735264, 0.2773841392786001, 0.9601491309293217], [-0.1827544195208179, -0.9427759796974285, 0.2788803941677556], [0.9825625356654255, -0.18501754344446375, 0.018422055382213542]]	0.8685383075912688	0.1314616924087312	[[0.029729974319074187, 0.24091875088169615, 0.8339263012125808], [-0.1587292142354359, -0.818837053844105, 0.24221830557084847], [0.8533932018294343, -0.1606948240579486, 0.01600026080402037]]	0.9165300572774032	0.12890877497960657	[[0.009044409780978393, 0.2354453837839132, 0.8566698602090337], [-0.16504164559842294, -0.826609202387602, 0.2535607695881167], [0.88971466514493, -0.15941448473664002, 0.0]]	[[-0.022328317049096907, -0.018785517276945336, -0.023335677756466583], [0.0024582729926908645, 0.03747332028424218, -0.002041494052001208], [-0.010833431947132953, 0.010159654953838785, -0.01688436747462767]]	0.27669613082486355	[[-0.05670818008289481, 0.2171031348243464, 0.7412364673509976], [-0.2803300858899109, -0.9267766952966368, 0.25000000000000017], [0.7412364673509976, -0.19361383753651548, 0.11341636016578979]]
11	[[0.8787972042104137, -0.3840163418041313, 0.28327887866788265], [-0.395223040501579, -0.9183905790867732, -0.018907472103605397], [0.2674214316928388, -0.09534250611366366, -0.9588511794847616]]	0.7604920799300608	0.23950792006993907	[[0.6683183136667, -0.2920413865057571, 0.21543134363839345], [-0.30056399210732854, -0.6984287616778733, -0.014378982786290455], [0.2033718808059617, -0.07250722078012466, -0.7291987278297589]]	0.8411529573623785	0.2551178788396372	[[0.6883115744153778, -0.31029034115433046, 0.14034008105725307], [-0.35877810736239996, -0.8404898865329645, -0.026313371905388714], [0.1284614822957756, -0.05353792699420799, -0.8065405052940119]]	[[-0.05089129282800183, 0.012726140429696515, -0.0979407854925348], [-0.0263350780267457, -0.06798293492037785, -0.01040929582919437], [-0.09648084583473703, 0.026659703985640836, 0.0]]	0.3020692165566053	[[0.6088467266281952, -0.3501541772848724, 0.20511556813188528], [-0.47855339059327373, -0.8749999999999999, -0.07322330470336318], [0.20511556813188528, -0.05357698121143772, -0.7003083545697448]]
11	[[0.8592155572171323, 0.2624339665249735, -0.4391776855101157], [-0.4266000482917053, 0.8413623931712975, -0.33184593135155627], [0.2824199444684594, 0.4724804086637203, 0.8348660002631537]]	0.7712719222350463	0.2287280777649538	[[0.6626888344291141, 0.2024079498214841, -0.3387254177061255], [-0.3290246392715071, 0.6489191902775054, -0.25594344935939395], [0.21782257344770367, 0.36441087300846764, 0.6439087048316472]]	0.8131616503176785	0.22743449045530792	[[0.7177695206775183, 0.17021028783990258, -0.3166285974742936], [-0.3471814448280352, 0.7367472240453813, -0.3952317875731642], [0.22908731439835045, 0.38423058311797803, 0.682123687284895]]	[[0.019088380192211492, -0.04319094947895929, 0.04049385405781042], [-0.00028664553355075076, 0.052583591898977586, -0.12538740238412555], [-0.0005657537282491298, 2.763426621600791e-05, 0.0032426727167893816]]	0.3074433186728078	[[0.6245390611095213, 0.1829232558830991, -0.33446184280354657], [-0.4571067811865474, 0.7803300858899107, -0.4267766952966369], [0.18292325588309913, 0.419423492977636, 0.5709620798980835]]
11	[[0.08740825448676931, -0.06334395238859675, -0.994156597696443], [0.7119981850616444, -0.6940087028176986, 0.10681996481098455], [-0.6967197295301035, -0.717174639895393, -0.015561310176609944]]	0.8364726689225972	0.16352733107740308	[[0.07311461591641351, -0.05298548491459546, -0.8315848226021527], [0.595567022126559, -0.5805193119014298, 0.08935198105966216], [-0.582787011651076, -0.5998969851169017, -0.013016610655361291]]	0.929639120179802	0.11789344217299327	[[0.05820172772118046, -0.055114773273245196, -0.8806553412952068], [0.6826927204904738, -0.6703775631162338, 0.09221165463508953], [-0.6368694779256542, -0.6491408527732773, 0.0]]	[[-0.023056405076351982, 0.003772242894001152, 0.04355152350825978], [0.020791354160150863, -0.025199923231662646, -0.00709236346943155], [0.010828438446620748, 0.01757274847434235, 0.014466402701428665]]	0.15467471854925308	[[0.0, 0.0, -0.918330048], [0.7071067811865475, -0.7071067811865476, 0.0], [-0.6493574043081677, -0.6493574043081676, 0.0]]
11	[[-0.5446221603179724, 0.8109226453022452, -0.2139887049042392], [-0.8354447797583356, -0.5021691245819775, 0.22328947644507607], [0.07361197229480154, 0.30038414347728, 0.9509735242804028]]	0.7729770729602818	0.2270229270397182	[[-0.4209804433518917, 0.6268246127629383, -0.1654083627634404], [-0.6457796604775455, -0.3881652200504041, 0.1725976459253487], [0.05690036687926907, 0.23219005598874926, 0.7350807312609894]]	0.8433850581300334	0.18480205664429147	[[-0.476655073662501, 0.666591161023371, -0.12443831568337231], [-0.7610522472723912, -0.4525951072657773, 0.20829181955409903], [0.045363537058183676, 0.20233840109588813, 0.8193657423791738]]	[[-0.017328881323823594, -0.01732888132382359, 0.05603656064146004], [-0.056450603131474486, -0.02907317093909823, 0.019972811482643835], [-0.016719700474733937, -0.05100109721203792, 0.017328881323823594]]	0.2669615209424383	[[-0.3763853001709858, 0.6425298982608243, -0.11024070208114768], [-0.8535533905932738, -0.45710678118654735, 0.25000000000000017], [0.11024070208114768, 0.18819265008549305, 0.7204818462651696]]
11	[[0.8489524140446696, -0.5135124485683378, 0.12483895166604869], [0.522794976890395, 0.7815435453534784, -0.34040431673891397], [0.0772347773085365, 0.35425224329800037, 0.9319550081910795]]	0.8062945218342045	0.19370547816579559	[[0.6845056807421404, -0.4140422741743195, 0.1006569628398601], [0.421526725909165, 0.6301542791933918, -0.2744661357953017], [0.06227397783895771, 0.28563164311865546, 0.7514302177004186]]	0.8987010541227276	0.17072342212341243	[[0.7380646781379284, -0.46575870026335375, 0.06520022946702327], [0.5080737716046824, 0.666696377082949, -0.2965923552297499], [0.021882882104640587, 0.2875426293235164, 0.8193162735893867]]	[[-0.024889751264050276, -0.004264521429845607, -0.04699266799083093], [0.03823737478321726, -0.035677630969035576, 0.009329363051438923], [-0.04752809367747529, -0.030824235153737525, -0.018232674666891567]]	0.3476264147000304	[[0.6245390611095211, -0.36584651176619826, 0.10715396242287548], [0.49999999999999994, 0.7071067811865475, -0.4999999999999999], [0.10715396242287534, 0.36584651176619826, 0.6245390611095213]]
11	[[-0.42203838922340475, -0.825029846081567, 0.3757783270710803], [0.2588054115689476, 0.28760896992378115, 0.9221175843470338], [-0.8688517462515349, 0.4864224845687207, 0.09214016247897017]]	0.7246919683731594	0.2753080316268407	[[-0.3058478310153468, -0.5978925031234554, 0.2723235355171141], [0.1875542031355263, 0.20842791053584184, 0.668251207271955], [-0.6296498822154818, 0.352506467803069, 0.06677323571310761]]	0.8418230207275219	0.2601749667810662	[[-0.27565540742703076, -0.6169613992289691, 0.3291754101491656], [0.26076381598541964, 0.2344569337608832, 0.8299957500924092], [-0.7173861907811965, 0.3663536505204469, 0.023481965204341322]]	[[0.07962622425199344, 0.07756771798977816, 0.012836563730254076], [0.042895462637818564, -0.007658918088685345, 0.05373593977142365], [0.014033210812652897, -0.04312799478898001, -0.05408374470403002]]	0.3076949907883129	[[-0.34409654609418355, -0.6425298982608243, 0.18819265008549296], [0.25000000000000006, 0.1464466094067262, 0.9571067811865475], [-0.6425298982608243, 0.37638530017098576, 0.11024070208114768]]
11	[[0.5319609947059123, -0.8460851799387872, 0.03402011756955908], [-0.703274286200726, -0.4190807785627857, 0.5742617690636116], [-0.47161719485230363, -0.3294103357928521, -0.8179645788128509]]	0.763726001240522	0.23627399875947794	[[0.4062724433026769, -0.6461772511835175, 0.02598204835313178], [-0.537108858375363, -0.320062887208521, 0.4385786445522602], [-0.360186314340822, -0.2515792385223725, -0.6247008169331265]]	0.8238568017978296	0.22029294471383146	[[0.4790873583260861, -0.6784124371143593, 0.004536000372870148], [-0.6025703743971539, -0.3855186954039896, 0.5570971268736271], [-0.3451650106527602, -0.3387501374065179, -0.673885681884664]]	[[0.040827674546480966, 0.018640593278551224, -0.023491704884772945], [-0.02317307018117246, -0.040256145482308534, 0.08398766241811627], [0.043380023171122536, -0.0673631916810696, 9.80329180200625e-18]]	0.3184671082458871	[[0.3763853001709858, -0.6425298982608243, -0.11024070208114747], [-0.7071067811865477, -0.49999999999999983, 0.49999999999999994], [-0.3763853001709858, -0.11024070208114756, -0.6425298982608243]]
