11	[[-0.8305561570912853, 0.32773595720904825, 0.4502950280316503], [-0.5100865793185324, -0.772219296347621, -0.37879947194723407], [0.22358030216652452, -0.5443036842615101, 0.808545204538665]]	0.5267487722943748	0.4732512277056252	[[-0.4374944360693684, 0.1726345130965879, 0.2371923531859329], [-0.26868747941987414, -0.4067655662931355, -0.19953215679396305], [0.11777064967542215, -0.28671129744005547, 0.42590019383524597]]	0.7200531294428186	0.4260676086681381	[[-0.5087200097811737, 0.17526117546073544, 0.24074494966746535], [-0.43935829738302157, -0.6707713088983984, -0.2622600130516544], [0.13753621958094675, -0.34067999770015156, 0.4780176864936779]]	[[0.08932455031040745, -0.060726126158577406, -0.08349139443926619], [-0.07206885965792992, -0.11473238794716255, 0.01049573215523867], [-0.02345347667583024, 0.0512475735196046, -0.10417781833037157]]	0.5505537432716521	[[-0.45400962439253334, 0.3210332841319177, 0.3210332841319176], [-0.7071067811865475, -0.5000000000000001, -0.5], [0.0, -0.4540096243925333, 0.45400962439253334]]
11	[[0.8489524140446696, -0.5135124485683378, 0.12483895166604869], [0.522794976890395, 0.7815435453534784, -0.34040431673891397], [0.0772347773085365, 0.35425224329800037, 0.9319550081910795]]	0.6720396074870728	0.32796039251292713	[[0.5705296471097827, -0.3451007043755915, 0.08389672007674902], [0.3513389310656344, 0.525228217453407, -0.22876518340812496], [0.051904829426780354, 0.2380715385374032, 0.6263106779003449]]	0.8215612686625058	0.26872738602547186	[[0.6530443000552072, -0.4043736051329309, 0.050198902102435355], [0.4765080474595836, 0.6259835273687209, -0.2642010856821426], [0.02669012667546855, 0.22603563676434796, 0.7210172446311377]]	[[-0.044422122261428464, 0.0175083335868624, -0.05236394540682085], [0.04699994299512533, -0.016102379266875345, 0.01546191663607301], [-0.03676297495499881, -0.065004285666096, -0.04464089423470157]]	0.4563939736387999	[[0.6471441261419284, -0.6471441261419283, 0.0], [0.7071067811865475, 0.7071067811865476, 0.0], [0.0, 0.0, 0.9152]]
11	[[0.034229894132735264, 0.2773841392786001, 0.9601491309293217], [-0.1827544195208179, -0.9427759796974285, 0.2788803941677556], [0.9825625356654255, -0.18501754344446375, 0.018422055382213542]]	0.7553199462474359	0.24468005375256413	[[0.025854521796393023, 0.2095137731698035, 0.7252197899630577], [-0.13803805832894556, -0.7120975023084353, 0.21064392433225296], [0.7421490816235536, -0.139747440969305, 0.013914545881060818]]	0.8684603319296663	0.20243732652075563	[[0.009220573046309015, 0.21063586746067525, 0.779229877975182], [-0.16847816761429557, -0.8235621266331715, 0.2574805391841684], [0.8083799162006304, -0.14408073624173623, 0.0]]	[[-0.020506732174123594, -0.03026125420924261, -0.05462155497367771], [-0.009763203775632544, -0.00479858636982617, 0.01528397949656322], [-0.044936669665019774, 0.016599660950854207, -0.01599882433206387]]	0.3762281543546378	[[0.0, 0.0, 0.9152], [0.0, -1.0, 0.0], [0.9152, 0.0, 0.0]]
11	[[-0.3195682178843842, -0.5708200961323295, -0.7563336379995778], [0.910087742671785, 0.03735879733279218, -0.41272826520656647], [0.2638493031197415, -0.8202248094963509, 0.507557688474819]]	0.5112126804196873	0.4887873195803128	[[-0.16336732524161868, -0.2918104713812317, -0.38664734637333753], [0.4652483943483457, 0.019098290921752595, -0.21099192274121636], [0.13488310947470955, -0.41930932340935684, 0.25946992639283284]]	0.683335864374895	0.5032659951123895	[[-0.23578003058646807, -0.37229346067902475, -0.3756469272991576], [0.7781162475611585, 0.014751507603217223, -0.2279940269535439], [0.15995120462272114, -0.37564692729915755, 0.310005542461962]]	[[-0.017407606191697594, 0.017768383114121405, 0.1411829729790929], [0.15622065326553694, -0.010777098464192971, 0.054037998903336104], [-0.020346486989321108, 0.18484210187976505, -0.0368268293121022]]	0.5297458627463041	[[-0.26889460233066836, -0.2688946023306684, -0.38027439346495134], [0.8535533905932738, -0.14644660940672602, -0.5], [0.07875740559819283, -0.45903179906314406, 0.26889460233066836]]
11	[[-0.42203838922340475, -0.825029846081567, 0.3757783270710803], [0.2588054115689476, 0.28760896992378115, 0.9221175843470338], [-0.8688517462515349, 0.4864224845687207, 0.09214016247897017]]	0.5350254816066747	0.46497451839332543	[[-0.22580129245075733, -0.4414119907396711, 0.2010509804185553], [0.1384674899670898, 0.15387812764787068, 0.49335640466325525], [-0.4648578239830278, 0.26024842407069504, 0.04929733480562828]]	0.7398247263011384	0.4123964066525717	[[-0.2189239228535659, -0.48389039332795547, 0.2653619298945734], [0.2692986858811895, 0.23564197500147746, 0.8283074160288043], [-0.5600734144678624, 0.2863948310703946, 0.023210349757039422]]	[[0.09331051294221282, 0.12648708673961026, -0.012648168080688211], [0.07782804310193935, 0.02286174754586367, 0.1461020265717931], [0.08272459089894563, -0.07347255044237885, -0.044957220730307106]]	0.5798538626611587	[[-0.35077937514414076, -0.3507793751441408, 0.4960769497296037], [0.5, 0.5000000000000001, 0.7071067811865475], [-0.4960769497296037, 0.49607694972960364, 0.0]]
11	[[0.8592155572171323, 0.2624339665249735, -0.4391776855101157], [-0.4266000482917053, 0.8413623931712975, -0.33184593135155627], [0.2824199444684594, 0.4724804086637203, 0.8348660002631537]]	0.5410635709382929	0.4589364290617072	[[0.4648902375936368, 0.14199345906350266, -0.2376230467985178], [-0.2308177454911583, 0.4552305409024502, -0.17954974461841672], [0.15280714365829906, 0.25564193710997646, 0.45171557935735174]]	0.7387521723427554	0.4597708232624048	[[0.4580813839050649, 0.18405386762905848, -0.2848213702313308], [-0.35175967298063826, 0.7495942572073128, -0.2527732673655759], [0.23698625154462613, 0.3092509072816402, 0.454058190798708]]	[[-0.17666597549978252, -0.009819795237791641, 0.03962209898373059], [-0.03660796058361675, 0.12803596152451752, -0.007621364696508927], [0.028347904055631416, -0.03979502100807595, -0.162700880510804]]	0.5596935873099326	[[0.5480380963281843, -0.094028471935651, -0.3210332841319176], [-0.14644660940672619, 0.8535533905932737, -0.5], [0.3210332841319176, 0.3210332841319177, 0.45400962439253334]]
11	[[-0.30792515101507295, 0.09349718223056193, 0.9468053539599837], [0.3027085282091916, -0.9338174967034747, 0.1906631317268273], [0.9019698710720718, 0.34531602882779927, 0.2592434992682147]]	0.5991746905433466	0.4008253094566534	[[-0.1845009570699696, 0.056021145229671845, 0.5673018049637569], [0.18137528871457428, -0.5595198096112671, 0.11424052295044712], [0.540437518379031, 0.20690462471255402, 0.15533214344940688]]	0.7957859734371276	0.30620590064893066	[[-0.176229115494232, 0.07090468975142634, 0.7223430337369184], [0.2610593538097612, -0.8376822768443442, 0.13081029484614434], [0.6638616930742774, 0.24146081965583277, 0.10532442574280568]]	[[0.0688134005520724, -0.003499056423549895, -0.031111386519611452], [0.020168153021089427, -0.09456341121754808, -0.02091675103366024], [-0.053913278787771746, -0.03333683248834072, -0.10097791467959787]]	0.48373005571497324	[[0.0, 0.0, 0.9152], [0.0, -1.0, 0.0], [0.9152, 0.0, 0.0]]
11	[[-0.5446221603179724, 0.8109226453022452, -0.2139887049042392], [-0.8354447797583356, -0.5021691245819775, 0.22328947644507607], [0.07361197229480154, 0.30038414347728, 0.9509735242804028]]	0.5910164368437407	0.4089835631562593	[[-0.32188064861726856, 0.47926861238243357, -0.12647084189731017], [-0.49376159691247523, -0.2967902067033809, 0.13196775075327327], [0.04350588557471376, 0.177531966162301, 0.5620409838529383]]	0.7620407198844878	0.338011942062331	[[-0.4354119014727823, 0.5846904478513194, -0.08389919691291234], [-0.7313723803562446, -0.3915274993637439, 0.10645161936526924], [0.06838313600188022, 0.09019812595909424, 0.6992699284974778]]	[[-0.020387638359029726, -0.03326562854543688, 0.07916890981946337], [-0.0947294389654651, -0.008854178163530778, -0.06370405400756692], [0.012287815642232688, -0.13870682297821751, -0.02541062053624891]]	0.43947115198793874	[[-0.5922663042450929, 0.5922663042450927, 0.0], [-0.7071067811865475, -0.7071067811865476, 0.0], [0.0, 0.0, 0.8375910400000001]]
11	[[0.04673222253661188, -0.9725397674033924, -0.22799671093185395], [-0.8377629715199755, -0.16246744520517667, 0.5213036857710898], [-0.5440306084466285, 0.16664552219444034, -0.8223502702654952]]	0.5307147541869662	0.4692852458130336	[[0.02480147999612857, -0.5161412035945409, -0.1210012183976357], [-0.4446131694971662, -0.08622387024544977, 0.2766635574507634], [-0.28872507063193814, 0.08844123734778103, -0.4364334215395375]]	0.700413591394472	0.46827713262267606	[[-0.0012273458578949212, -0.7022937014689068, -0.10867200006917446], [-0.6715808769965586, -0.14959159254017523, 0.2806242605063848], [-0.24263589170138533, 0.016968107328602915, -0.5070741097083048]]	[[-0.03395922967860883, -0.021113630207952247, 0.051019995060732654], [-0.0848003053769478, -0.03579718575933295, -0.08450392625171953], [0.1384105405892376, -0.09975268136141224, 0.06891119647256547]]	0.4951318500675459	[[-0.08605485751550791, -0.5015644657595543, -0.293809661637531], [-0.8535533905932738, -0.14644660940672602, 0.5], [-0.293809661637531, 0.2938096616375311, -0.41550960824404654]]
11	[[0.8787972042104137, -0.3840163418041313, 0.28327887866788265], [-0.395223040501579, -0.9183905790867732, -0.018907472103605397], [0.2674214316928388, -0.09534250611366366, -0.9588511794847616]]	0.5841762444166414	0.4158237555833588	[[0.5133724503594835, -0.2243332243497547, 0.16548479146276113], [-0.2308799115071386, -0.5365019593985357, -0.011045296044896617], [0.15622124764284395, -0.0556968271547507, -0.560138080985875]]	0.7924039836360004	0.3657372745395586	[[0.5526150630678839, -0.2339394510552604, 0.22512941918434654], [-0.3455218225527428, -0.8469484133966553, -0.02397739356777251], [0.20215442952151608, -0.0755497816543068, -0.6411972019363801]]	[[-0.14374734235662762, 0.07035662797165725, 0.0006581072479771195], [-0.032345510834559214, -0.11921205999452295, -0.008995037352389039], [-0.00975137826153192, 0.0, 0.11860029240142267]]	0.5128742031950159	[[0.5922663042450929, -0.5922663042450927, 0.0], [-0.7071067811865475, -0.7071067811865476, 0.0], [0.0, 0.0, -0.8375910400000001]]
11	[[0.22433838825039393, -0.7661379269479729, -0.6022499185961573], [-0.9416906372873723, -0.011392912655017143, -0.3362869982418849], [0.2507808429735371, 0.642575192824231, -0.724020780340167]]	0.4949652990922554	0.5050347009077446	[[0.11103971743823073, -0.37921168815772394, -0.29809281108623353], [-0.46610418793732084, -0.005639096419822548, -0.1664503946656313], [0.12412781494900475, 0.31805242250550925, -0.35836516209007885]]	0.6898693484335118	0.4996533682110603	[[0.17965856317043796, -0.420979989514614, -0.3279702692300488], [-0.8177469479908615, 0.048335226261196226, -0.2022741582668981], [0.1419072056893391, 0.3279702692300488, -0.35348979728693375]]	[[0.02489438543951451, 0.10755508295918545, 0.0875034897060177], [-0.16810344161948357, 0.056194847491272834, 0.02971993409689253], [-0.031098811052421724, -0.11532266036314161, 0.14598994669866006]]	0.5184246395844058	[[0.08605485751550791, -0.5015644657595543, -0.293809661637531], [-0.8535533905932738, 0.14644660940672602, -0.5], [0.293809661637531, 0.2938096616375311, -0.41550960824404654]]
11	[[0.5319609947059123, -0.8460851799387872, 0.03402011756955908], [-0.703274286200726, -0.4190807785627857, 0.5742617690636116], [-0.47161719485230363, -0.3294103357928521, -0.8179645788128509]]	0.5662181564615434	0.43378184353845667	[[0.3012059737318305, -0.4790687907943733, 0.01926280825284072], [-0.3982066698193829, -0.23729114584628883, 0.3251574402055427], [-0.26703821862483584, -0.18651811305200666, -0.46314639586625517]]	0.7076977847344549	0.48285192451889636	[[0.4275655061678974, -0.5503694908748238, 0.08084236813275425], [-0.5285294274405227, -0.34459756499332156, 0.32873358757849935], [-0.24533655900831042, -0.11032179562365751, -0.49434714200190016]]	[[0.05109788864938618, 0.04840311666450853, 0.05676640629237155], [-0.030823773035563832, -0.04801502637964751, -0.0776701942455076], [0.08842588503134259, 0.12280116928557686, 0.08452457841520573]]	0.4805293626770504	[[0.45400962439253334, -0.4540096243925333, 0.0], [-0.5, -0.5000000000000001, 0.7071067811865475], [-0.3210332841319176, -0.3210332841319177, -0.45400962439253334]]
11	[[0.3802729664721569, 0.7767473726770865, -0.5020517802076895], [0.4287143634067757, 0.332951791095048, 0.839849450446521], [0.8195098935212374, -0.5346088512602871, -0.20639019011321075]]	0.5483323416931004	0.45166765830689976	[[0.20851596618825965, 0.4259157057639903, -0.27529122829247216], [0.23507795080430416, 0.18256823528205973, 0.4605166158330043], [0.4493637789551635, -0.2931433233014117, -0.11317041624726104]]	0.7454778855916896	0.39478553272836775	[[0.2948872970125954, 0.4252889091586564, -0.3474983385090025], [0.4144263279911772, 0.3135679582229036, 0.7090050116964269], [0.5306245784509338, -0.3809585272515575, -0.03607508755519799]]	[[0.011402210019252387, -0.15375907986355816, 0.02677016105776954], [0.09482925083590675, 0.06535976099340127, 0.08291581916221188], [-0.08030192419274887, 0.017580548804563414, 0.11778423497726516]]	0.46725401663111454	[[0.35077937514414076, 0.3507793751441408, -0.4960769497296037], [0.5, 0.5000000000000001, 0.7071067811865475], [0.4960769497296037, -0.49607694972960364, 0.0]]
11	[[0.08740825448676931, -0.06334395238859675, -0.994156597696443], [0.7119981850616444, -0.6940087028176986, 0.10681996481098455], [-0.6967197295301035, -0.717174639895393, -0.015561310176609944]]	0.6207738909162269	0.3792261090837732	[[0.054260762235947536, -0.03932227179028143, -0.6171464593320589], [0.4419898836660087, -0.4308224827778662, 0.06631104518324932], [-0.4325054173785037, -0.44520329167430694, -0.009660055066088434]]	0.8413623216075318	0.26708257315222395	[[0.04723649348505378, -0.047236493485053786, -0.7306450524837473], [0.6741815822074272, -0.6650881822793612, 0.09522009339639938], [-0.5245155474049216, -0.5319920600880171, 0.0]]	[[-0.02630551843759643, 0.006058721356412925, 0.10580085059557723], [0.07513313624361301, -0.08117540886083047, 0.005345799808994552], [0.06167818174229801, 0.07141165993241638, 0.013092700057447454]]	0.271586766586631	[[0.0, 0.0, -0.7665633198080001], [0.7071067811865475, -0.7071067811865476, 0.0], [-0.542042121645109, -0.5420421216451089, 0.0]]
