11	[[0.08740825448676931, -0.06334395238859675, -0.994156597696443], [0.7119981850616444, -0.6940087028176986, 0.10681996481098455], [-0.6967197295301035, -0.717174639895393, -0.015561310176609944]]	0.9450154549249755	0.05498454507502456	[[0.08260215137801234, -0.05986101398325573, -0.93949334943877], [0.6728492887617867, -0.6558489500151594, 0.10094651764092245], [-0.6584109121570967, -0.6777411185814003, -0.014705678615777698]]	0.9646105083108625	0.05780919834113975	[[0.06638882062029536, -0.05835988185272688, -0.9409218363769756], [0.6806168182167726, -0.6727124721926727, 0.09014200625236958], [-0.680021732278748, -0.6991113564977874, -0.005677317048279248]]	[[-0.0179261001707524, 0.002742360259256514, 0.01805206466758825], [-0.006184112991951752, -0.003264384595530267, -0.012897654301702683], [-0.007958559826508078, -0.0073171625606327, 0.009333286271163466]]	0.1167184591309582	[[0.0, 0.0, -0.9838873225359998], [0.7071067811865475, -0.7071067811865476, 0.0], [-0.6957133976886813, -0.6957133976886812, 0.0]]
11	[[0.034229894132735264, 0.2773841392786001, 0.9601491309293217], [-0.1827544195208179, -0.9427759796974285, 0.2788803941677556], [0.9825625356654255, -0.18501754344446375, 0.018422055382213542]]	0.924453736251883	0.07554626374811717	[[0.03164395352251353, 0.2564288039331146, 0.8876134514466099], [-0.16894800594256415, -0.8715527768798175, 0.2578120223557795], [0.9083336071970265, -0.17104015930937963, 0.01703033792752642]]	0.9339686953434281	0.12246785210050246	[[0.012055333071806616, 0.24417760392951443, 0.8881986395369972], [-0.16319876197799585, -0.8280282948653912, 0.25197766090240364], [0.9224963848716218, -0.1663690044411125, 0.0]]	[[-0.0199143164930878, -0.01489049874147953, -0.00855059161218769], [0.007488144790107967, 0.05249495689373844, -0.008487896995316041], [0.00481373534285372, 0.006431589225359359, -0.017205623030870358]]	0.14953152428836533	[[0.13797878775281464, 0.23554452423272912, 0.901765045658016], [-0.25000000000000017, -0.9267766952966368, 0.2803300858899109], [0.901765045658016, -0.2641208668362364, -0.06898939387640722]]
11	[[0.8489524140446696, -0.5135124485683378, 0.12483895166604869], [0.522794976890395, 0.7815435453534784, -0.34040431673891397], [0.0772347773085365, 0.35425224329800037, 0.9319550081910795]]	0.9061037439673368	0.09389625603266322	[[0.7692389608159839, -0.4652955522216053, 0.11311704149756413], [0.47370648588770425, 0.7081595325182929, -0.3084416258597731], [0.06998272088374846, 0.32098928396114607, 0.8444479221310471]]	0.9211015698439303	0.13596039590423725	[[0.776071263783326, -0.48674939963565694, 0.06499973106123232], [0.5085429423335437, 0.6696117152786578, -0.2890849354899042], [0.023581890521093343, 0.3010488633703085, 0.8600971224326655]]	[[-0.005900137516013714, -0.013752277124960374, -0.04998962329603568], [0.026995668413279415, -0.050269271247822, 0.02446201503995997], [-0.04755918410434601, -0.025253434052213652, 0.001671901363949312]]	0.20763269147367946	[[0.8041993091781013, -0.47108904846545796, 0.13797878775281458], [0.49999999999999994, 0.7071067811865475, -0.4999999999999999], [0.13797878775281439, 0.47108904846545796, 0.8041993091781016]]
11	[[-0.30792515101507295, 0.09349718223056193, 0.9468053539599837], [0.3027085282091916, -0.9338174967034747, 0.1906631317268273], [0.9019698710720718, 0.34531602882779927, 0.2592434992682147]]	0.9004097959320504	0.09959020406794973	[[-0.27725882238782773, 0.08418577877244202, 0.8525128155464815], [0.27256172411172946, -0.8408184216445538, 0.17167495152991824], [0.8121425075488619, 0.3109259350489048, 0.23342538627280388]]	0.9004097959320503	0.09959020406794986	[[-0.2772588223878276, 0.084185778772442, 0.8525128155464816], [0.2725617241117296, -0.8408184216445536, 0.1716749515299182], [0.812142507548862, 0.31092593504890476, 0.23342538627280385]]	[[0.0, 0.0, 0.0], [0.0, 0.0, 0.0], [0.0, 0.0, 0.0]]	0.22125962587723236	[[-0.2368233704330677, 0.1387279185127837, 0.9066610151397708], [0.4571067811865472, -0.8535533905932738, 0.25000000000000017], [0.8085655632194869, 0.47364674086613495, 0.13872791851278368]]
11	[[0.8787972042104137, -0.3840163418041313, 0.28327887866788265], [-0.395223040501579, -0.9183905790867732, -0.018907472103605397], [0.2674214316928388, -0.09534250611366366, -0.9588511794847616]]	0.8873360961433158	0.11266390385668433	[[0.7797884804857288, -0.340751561591715, 0.25136357431701506], [-0.35069566986456274, -0.8149211111816568, -0.016777282484351855], [0.23729268922337998, -0.08460084717141851, -0.850823262386422]]	0.8878036387185018	0.11039727528872297	[[0.782147179094368, -0.3423084247869867, 0.2501187000475321], [-0.35231874512983546, -0.8178058153363347, -0.01636485665656709], [0.23604040092230247, -0.08424201639669873, -0.8536227970923679]]	[[0.0019478235007163386, -0.0013773192059110429, -0.0013773192059110427], [-0.0014382916671438907, -0.0024553174583054403, 0.0004212658759823408], [-0.0013773192059110427, 0.00040340745555287363, -0.0023512309562692124]]	0.13970318984300673	[[0.7839927835416514, -0.450882522829008, 0.2641208668362364], [-0.47855339059327373, -0.8749999999999999, -0.07322330470336318], [0.2641208668362364, -0.06898939387640726, -0.901765045658016]]
11	[[0.3802729664721569, 0.7767473726770865, -0.5020517802076895], [0.4287143634067757, 0.332951791095048, 0.839849450446521], [0.8195098935212374, -0.5346088512602871, -0.20639019011321075]]	0.8973058574681725	0.10269414253182751	[[0.3412211602522644, 0.6969799672761633, -0.45049400313268334], [0.3846879094656387, 0.298759592404106, 0.753601831277089], [0.7353510277097248, -0.47970765369018653, -0.1851951265125537]]	0.8973058574681726	0.10269414253182747	[[0.34122116025226445, 0.6969799672761633, -0.4504940031326834], [0.3846879094656386, 0.29875959240410593, 0.7536018312770892], [0.7353510277097247, -0.4797076536901867, -0.18519512651255374]]	[[0.0, 0.0, 0.0], [0.0, 0.0, 0.0], [0.0, 0.0, 0.0]]	0.16768169691994775	[[0.23682337043306753, 0.7392016039630951, -0.5430107001225267], [0.4571067811865474, 0.42677669529663675, 0.7803300858899108], [0.8085655632194869, -0.43301427427363554, -0.2368233704330676]]
11	[[-0.5446221603179724, 0.8109226453022452, -0.2139887049042392], [-0.8354447797583356, -0.5021691245819775, 0.22328947644507607], [0.07361197229480154, 0.30038414347728, 0.9509735242804028]]	0.9023351066582599	0.0976648933417401	[[-0.4914316951189695, 0.7317239716403999, -0.19308952086342962], [-0.7538511544503242, -0.4531248305901636, 0.20148193354373478], [0.06642266687195464, 0.2710471581430215, 0.8580967964607389]]	0.9023351066582603	0.0976648933417398	[[-0.4914316951189697, 0.7317239716404, -0.1930895208634297], [-0.7538511544503245, -0.45312483059016384, 0.20148193354373486], [0.06642266687195464, 0.27104715814302166, 0.858096796460739]]	[[0.0, 0.0, 0.0], [0.0, 0.0, 0.0], [0.0, 0.0, 0.0]]	0.11564861714864809	[[-0.47364674086613506, 0.8085655632194868, -0.13872791851278368], [-0.8535533905932738, -0.45710678118654735, 0.25000000000000017], [0.13872791851278368, 0.2368233704330677, 0.9066610151397708]]
11	[[-0.8305561570912853, 0.32773595720904825, 0.4502950280316503], [-0.5100865793185324, -0.772219296347621, -0.37879947194723407], [0.22358030216652452, -0.5443036842615101, 0.808545204538665]]	0.9115015137139566	0.0884984862860434	[[-0.7570531944131533, 0.29873182109454005, 0.41044459966871777], [-0.4649446891740165, -0.703879057539983, -0.3452762920739513], [0.2037937838614109, -0.49613363212444983, 0.736990177843154]]	0.9115015137139568	0.08849848628604327	[[-0.7570531944131533, 0.2987318210945401, 0.4104445996687179], [-0.46494468917401655, -0.7038790575399831, -0.3452762920739514], [0.20379378386141095, -0.49613363212445005, 0.7369901778431539]]	[[0.0, 0.0, 0.0], [0.0, 0.0, 0.0], [0.0, 0.0, 0.0]]	0.17312261047890354	[[-0.739201603963095, 0.40428278160974346, 0.4330142742736356], [-0.573223304703363, -0.7803300858899106, -0.2499999999999999], [0.2368233704330676, -0.43301427427363554, 0.8085655632194869]]
11	[[-0.42203838922340475, -0.825029846081567, 0.3757783270710803], [0.2588054115689476, 0.28760896992378115, 0.9221175843470338], [-0.8688517462515349, 0.4864224845687207, 0.09214016247897017]]	0.8908357073889169	0.10916429261108326	[[-0.37596686700911086, -0.7349660465510419, 0.3347567518177896], [0.23055310189110323, 0.25621234017344924, 0.8214552705475492], [-0.7740041599880818, 0.4333225181306507, 0.08208174682088314]]	0.8908357073889167	0.10916429261108342	[[-0.37596686700911075, -0.7349660465510417, 0.33475675181778947], [0.23055310189110317, 0.25621234017344924, 0.8214552705475489], [-0.7740041599880817, 0.4333225181306508, 0.0820817468208831]]	[[0.0, 0.0, 0.0], [0.0, 0.0, 0.0], [0.0, 0.0, 0.0]]	0.17251950568099497	[[-0.43301427427363537, -0.8085655632194869, 0.2368233704330676], [0.25000000000000006, 0.1464466094067262, 0.9571067811865475], [-0.8085655632194869, 0.47364674086613495, 0.13872791851278368]]
11	[[0.04673222253661188, -0.9725397674033924, -0.22799671093185395], [-0.8377629715199755, -0.16246744520517667, 0.5213036857710898], [-0.5440306084466285, 0.16664552219444034, -0.8223502702654952]]	0.9042990427454763	0.09570095725452392	[[0.04225990410522666, -0.8794667806947961, -0.2061772074447926], [-0.7575882531931193, -0.1469191551763444, 0.47141442402248507], [-0.4919663584425252, 0.15069738619825243, -0.743650562202571]]	0.9042990427454765	0.09570095725452354	[[0.04225990410522671, -0.8794667806947962, -0.20617720744479257], [-0.7575882531931197, -0.14691915517634435, 0.47141442402248507], [-0.4919663584425252, 0.15069738619825246, -0.7436505622025714]]	[[0.0, 0.0, 0.0], [0.0, 0.0, 0.0], [0.0, 0.0, 0.0]]	0.1378141107818084	[[0.1394811165421111, -0.9115835663983217, -0.2381091598965087], [-0.8535533905932738, -0.2500000000000001, 0.4571067811865474], [-0.4762183197930174, 0.13948111654211093, -0.812955523043924]]
11	[[0.8592155572171323, 0.2624339665249735, -0.4391776855101157], [-0.4266000482917053, 0.8413623931712975, -0.33184593135155627], [0.2824199444684594, 0.4724804086637203, 0.8348660002631537]]	0.9116798317740782	0.0883201682259218	[[0.7833294946613861, 0.23925575445329197, -0.4003894384447913], [-0.38892266026139555, 0.7670531250674444, -0.3025372428694991], [0.2574765674626496, 0.4307508594870882, 0.7611304946738096]]	0.9116798317740783	0.0883201682259217	[[0.7833294946613861, 0.23925575445329192, -0.4003894384447914], [-0.38892266026139566, 0.7670531250674445, -0.30253724286949923], [0.25747656746264963, 0.4307508594870883, 0.7611304946738096]]	[[0.0, 0.0, 0.0], [0.0, 0.0, 0.0], [0.0, 0.0, 0.0]]	0.14913042459242262	[[0.8041993091781016, 0.23554452423272892, -0.43067599719255795], [-0.4571067811865474, 0.7803300858899107, -0.4267766952966369], [0.23554452423272895, 0.5400784423418652, 0.7352099153016942]]
11	[[0.22433838825039393, -0.7661379269479729, -0.6022499185961573], [-0.9416906372873723, -0.011392912655017143, -0.3362869982418849], [0.2507808429735371, 0.642575192824231, -0.724020780340167]]	0.9082758343720888	0.09172416562791132	[[0.20376113676981608, -0.6958645648427726, -0.5470090473134473], [-0.8553148493025723, -0.010347907247663986, -0.3054413539166332], [0.2277781793963252, 0.5836355194092343, -0.6576105783661959]]	0.9132289479412682	0.08478643304442215	[[0.19484682430839703, -0.7147174451930127, -0.5479074775258932], [-0.8694442759496638, -0.006138021667359734, -0.32264614874360825], [0.24114204072317644, 0.5776445961660723, -0.671222221494017]]	[[-0.01002548597635003, -0.015058112188411061, 0.0020845820313900166], [-0.0094651259735743, 0.004266315970568383, -0.015539127132844584], [0.012121715330628773, -0.009173671149957758, -0.01002548597635003]]	0.24238911721994527	[[0.23554452423272879, -0.8041993091781016, -0.43067599719255795], [-0.9571067811865474, -0.14644660940672607, -0.2499999999999999], [0.13797878775281455, 0.47108904846545785, -0.8041993091781016]]
11	[[0.5319609947059123, -0.8460851799387872, 0.03402011756955908], [-0.703274286200726, -0.4190807785627857, 0.5742617690636116], [-0.47161719485230363, -0.3294103357928521, -0.8179645788128509]]	0.908066635799557	0.09193336420044314	[[0.4830560308391837, -0.7683017229468774, 0.030892533710894916], [-0.638619915114628, -0.380553272717768, 0.5214679527018958], [-0.4282598395147555, -0.29912653542101764, -0.742766343285787]]	0.9080666357995573	0.09193336420044292	[[0.48305603083918386, -0.7683017229468774, 0.030892533710894923], [-0.6386199151146282, -0.38055327271776795, 0.5214679527018959], [-0.4282598395147556, -0.2991265354210177, -0.7427663432857872]]	[[0.0, 0.0, 0.0], [0.0, 0.0, 0.0], [0.0, 0.0, 0.0]]	0.2110143881325941	[[0.473646740866135, -0.8085655632194869, -0.13872791851278343], [-0.7071067811865477, -0.49999999999999983, 0.49999999999999994], [-0.47364674086613506, -0.13872791851278352, -0.8085655632194869]]
11	[[-0.3195682178843842, -0.5708200961323295, -0.7563336379995778], [0.910087742671785, 0.03735879733279218, -0.41272826520656647], [0.2638493031197415, -0.8202248094963509, 0.507557688474819]]	0.9082070763805621	0.09179292361943817	[[-0.290234116868923, -0.5184228506476144, -0.6869075621358711], [0.826548128021727, 0.03392952410270914, -0.374842731082877], [0.23962980419142915, -0.7449339762074845, 0.46096748434419144]]	0.9082070763805623	0.09179292361943771	[[-0.29023411686892314, -0.5184228506476145, -0.686907562135871], [0.8265481280217276, 0.03392952410270914, -0.3748427310828771], [0.23962980419142918, -0.7449339762074846, 0.46096748434419155]]	[[0.0, 0.0, 0.0], [0.0, 0.0, 0.0], [0.0, 0.0, 0.0]]	0.2386502003508097	[[-0.48140343921222206, -0.4814034392122222, -0.6808072727069765], [0.8535533905932738, -0.14644660940672602, -0.5], [0.1409998028587341, -0.8218070755657103, 0.48140343921222206]]
