11	[[0.8787972042104137, -0.3840163418041313, 0.28327887866788265], [-0.395223040501579, -0.9183905790867732, -0.018907472103605397], [0.2674214316928388, -0.09534250611366366, -0.9588511794847616]]	0.8082871856504154	0.19171281434958448	[[0.7103205189486889, -0.3103954881606293, 0.22897068759266834], [-0.31945371911122133, -0.7423233364979033, -0.015282667414386955], [0.21615331640560947, -0.0770641259394707, -0.7750271213233194]]	0.8500695839917228	0.24507368685781641	[[0.6946121185686168, -0.3152227368575357, 0.1474978261675765], [-0.3598038363218443, -0.8405038633402806, -0.02525389994816296], [0.13429017808054972, -0.056248945694419045, -0.815090223254584]]	[[-0.05242665522761872, 0.011217875065925441, -0.09330893237527224], [-0.02383675069872318, -0.05980796583407001, -0.009181233002716015], [-0.09303664710905266, 0.024798818814351295, 0.0]]	0.22659480896407816	[[0.6829332991826688, -0.3927621469529258, 0.23007473889824948], [-0.47855339059327373, -0.8749999999999999, -0.07322330470336318], [0.23007473889824948, -0.060096413331493785, -0.7855242939058515]]
11	[[0.034229894132735264, 0.2773841392786001, 0.9601491309293217], [-0.1827544195208179, -0.9427759796974285, 0.2788803941677556], [0.9825625356654255, -0.18501754344446375, 0.018422055382213542]]	0.8819201827350588	0.11807981726494139	[[0.030188034488543597, 0.24463067080039005, 0.8467748970020951], [-0.16117481105943932, -0.8314531642929802, 0.24595024818565223], [0.8665417310026746, -0.16317070572373316, 0.016246782449037135]]	0.9245402432424371	0.12458466486245016	[[0.00962976947727823, 0.2396797106371017, 0.8708564912790029], [-0.16435255015800754, -0.8271947808699052, 0.2528361535147218], [0.9045322834112483, -0.16236793766779264, 0.0]]	[[-0.022017145170363708, -0.016773088963129273, -0.016840019779407012], [0.0046112653193998345, 0.04443955272268249, -0.0049999939446817255], [-0.00388632231376999, 0.008688226952470044, -0.01703193156409736]]	0.2195896512868937	[[-0.0622943550270085, 0.2384893985039688, 0.8142537388544514], [-0.2803300858899109, -0.9267766952966368, 0.25000000000000017], [0.8142537388544514, -0.2126862317924972, 0.12458871005401718]]
11	[[0.8592155572171323, 0.2624339665249735, -0.4391776855101157], [-0.4266000482917053, 0.8413623931712975, -0.33184593135155627], [0.2824199444684594, 0.4724804086637203, 0.8348660002631537]]	0.8215907397382893	0.17840926026171075	[[0.7059235452486702, 0.21561331668970646, -0.3608243195148058], [-0.35049064924837214, 0.6912555509935837, -0.27264154421826675], [0.23203361109268816, 0.3881855284658751, 0.6859181747385512]]	0.8463415479539422	0.19205976198139166	[[0.7416194117152818, 0.16196953544600562, -0.3416447802897638], [-0.35479550758564493, 0.752756702621858, -0.38778628003732496], [0.2638795985254902, 0.3940134472721891, 0.7159303689816465]]	[[0.01442958699402499, -0.06013923401843363, 0.030049541891697184], [0.006253837642783412, 0.040676752395028784, -0.10693128081503107], [0.024855865550987802, -0.0058663531741751885, 0.009348585984812587]]	0.23355481841895956	[[0.7005351311224739, 0.2051819894463653, -0.37516031501312086], [-0.4571067811865474, 0.7803300858899107, -0.4267766952966369], [0.2051819894463653, 0.47046039222422437, 0.6404387177909799]]
11	[[0.8489524140446696, -0.5135124485683378, 0.12483895166604869], [0.522794976890395, 0.7815435453534784, -0.34040431673891397], [0.0772347773085365, 0.35425224329800037, 0.9319550081910795]]	0.8466494559075236	0.15335054409247656	[[0.7187650994422982, -0.4347650351821234, 0.10569483050412574], [0.4426240827354391, 0.6616934174415595, -0.28820312955557387], [0.06539078218541117, 0.29992746904227163, 0.7890392006152692]]	0.9045787792159891	0.155422441624045	[[0.7593307393913225, -0.47184929608964926, 0.055253288459286565], [0.5010171386512721, 0.673880019437256, -0.2863061413841548], [0.019402488892625684, 0.284639203314502, 0.8430267235937139]]	[[-0.00861359891767161, -0.00733683225148888, -0.057673378037391615], [0.02810789667550737, -0.03308768672272956, 0.021616379891384846], [-0.05046245167814903, -0.03580985846252876, 0.0]]	0.2821729624236713	[[0.7005351311224737, -0.41036397889273063, 0.12019282666298761], [0.49999999999999994, 0.7071067811865475, -0.4999999999999999], [0.12019282666298745, 0.41036397889273063, 0.7005351311224739]]
11	[[0.3802729664721569, 0.7767473726770865, -0.5020517802076895], [0.4287143634067757, 0.332951791095048, 0.839849450446521], [0.8195098935212374, -0.5346088512602871, -0.20639019011321075]]	0.7991440717124022	0.20085592828759805	[[0.30389288678871323, 0.6207330580930775, -0.40121170384563287], [0.34260454197448115, 0.2660764500196338, 0.6711607094552562], [0.6549064731171587, -0.42722949416963585, -0.16493549688856798]]	0.8634569421611418	0.22711171276130523	[[0.3340394629558301, 0.6258919436397409, -0.4152115459038185], [0.400858958374033, 0.30781617200671996, 0.7266426747889196], [0.6664610166587651, -0.44827068780816015, -0.08410105796791069]]	[[0.005690130139235127, -0.04479596760371704, 0.01828854904087066], [0.030682565086257982, 0.02032663658071459, 0.0014688364306512103], [-0.041150490071885405, 0.013341036153327983, 0.094107984479299]]	0.23464904819580076	[[0.2089004168665906, 0.6520451209437794, -0.47898634924070893], [0.4571067811865474, 0.42677669529663675, 0.7803300858899108], [0.7132306364513071, -0.38195918856966077, -0.20890041686659067]]
11	[[-0.8305561570912853, 0.32773595720904825, 0.4502950280316503], [-0.5100865793185324, -0.772219296347621, -0.37879947194723407], [0.22358030216652452, -0.5443036842615101, 0.808545204538665]]	0.8165285400507007	0.18347145994929942	[[-0.6781728063798674, 0.26760576266202296, 0.36767874183077276], [-0.4165002499104173, -0.6305390946457022, -0.3093005798010514], [0.18255969771212677, -0.44443949265426835, 0.6602002354269512]]	0.823897787927184	0.1707325635165707	[[-0.6930239864675024, 0.27875153605942266, 0.3713439045998063], [-0.4340110124466874, -0.6641196762162658, -0.3120920470053114], [0.18817047883666937, -0.43971999553298513, 0.6785055467168863]]	[[-0.008730605890689549, 0.00873060589068956, 0.00034682708992036897], [-0.013751808094804448, -0.027889906160773994, 1.4661043550915233e-18], [0.003963162457578419, 0.008730605890689552, 0.0123469412583476]]	0.24411458412243994	[[-0.6520451209437793, 0.35661531822565357, 0.3819591885696608], [-0.573223304703363, -0.7803300858899106, -0.2499999999999999], [0.20890041686659067, -0.38195918856966077, 0.7132306364513071]]
11	[[0.08740825448676931, -0.06334395238859675, -0.994156597696443], [0.7119981850616444, -0.6940087028176986, 0.10681996481098455], [-0.6967197295301035, -0.717174639895393, -0.015561310176609944]]	0.886963897352423	0.11303610264757696	[[0.07752796606035733, -0.0561837988842961, -0.8817810104714621], [0.6315166851301278, -0.6155606638476856, 0.09474545230379952], [-0.6179652466663467, -0.6361080136839383, -0.013802320322155875]]	0.9411227731439923	0.09330888157915455	[[0.07039402722899696, -0.06020830426729963, -0.9036915364933309], [0.6769235040977121, -0.65932643636717, 0.10696731396755463], [-0.6485893554581834, -0.6692318056295232, 0.0]]	[[-0.011867871629267166, -0.0005938681334424498, 0.031931877670141766], [0.0068457976990077985, -0.006179041385312749, 0.006436612457497159], [0.007109448501319756, 0.0057175802973731225, 0.014645103387164978]]	0.1365527648601974	[[0.0, 0.0, -0.9475448802479999], [0.7071067811865475, -0.7071067811865476, 0.0], [-0.6700154103019559, -0.6700154103019558, 0.0]]
11	[[-0.30792515101507295, 0.09349718223056193, 0.9468053539599837], [0.3027085282091916, -0.9338174967034747, 0.1906631317268273], [0.9019698710720718, 0.34531602882779927, 0.2592434992682147]]	0.8326030874777083	0.16739691252229189	[[-0.25637943144718933, 0.0778460425956318, 0.7883130609475069], [0.25203605519280586, -0.7774993308960176, 0.15874671214392544], [0.7509828994664773, 0.28751119175756706, 0.2158469378992406]]	0.8522012081090405	0.2588854521607132	[[-0.25921505219526975, 0.0799436164372109, 0.7463194542235951], [0.24338178131132232, -0.8497656242414834, 0.1193160861795443], [0.682778223160649, 0.26645944839270364, 0.17927143575805887]]	[[0.0031991335069341447, 0.00026520478553489733, -0.06054921226521067], [-0.014586792133460404, -0.05396522539742238, -0.04316726501991107], [-0.08588159064492618, -0.027819288553763158, -0.041656187512728905]]	0.28422137562168887	[[-0.20890041686659075, 0.1223710310150557, 0.7997600223028422], [0.4571067811865472, -0.8535533905932738, 0.25000000000000017], [0.7132306364513071, 0.41780083373318117, 0.12237103101505567]]
11	[[-0.3195682178843842, -0.5708200961323295, -0.7563336379995778], [0.910087742671785, 0.03735879733279218, -0.41272826520656647], [0.2638493031197415, -0.8202248094963509, 0.507557688474819]]	0.8001078398149382	0.1998921601850619	[[-0.25568903648498414, -0.4567176340393935, -0.6051484732792156], [0.7281683378311753, 0.029891066632024434, -0.33022712070499277], [0.2111078959558132, -0.6562683004887444, 0.4061008857070507]]	0.8228119982685528	0.1922494021853727	[[-0.29290179996810395, -0.49350057901900224, -0.6211155632675351], [0.7862278512361771, 0.007307022498487258, -0.30849493124540767], [0.1846174326019223, -0.6625973954686986, 0.4373110932001133]]	[[-0.02995723602753358, -0.023822955068512584, 0.0012048287726216453], [0.037396737088689055, -0.023432244187817412, 0.031102837391120464], [-0.03248093973979729, 0.012293419062437003, 0.01968653730957993]]	0.27965974662567483	[[-0.44092986247134874, -0.44092986247134885, -0.6235689915622852], [0.8535533905932738, -0.14644660940672602, -0.5], [0.1291453666902064, -0.7527143582524914, 0.44092986247134874]]
11	[[0.5319609947059123, -0.8460851799387872, 0.03402011756955908], [-0.703274286200726, -0.4190807785627857, 0.5742617690636116], [-0.47161719485230363, -0.3294103357928521, -0.8179645788128509]]	0.8180429491828354	0.18195705081716468	[[0.4351669409594592, -0.6921340158570155, 0.02782991730814891], [-0.5753085711680952, -0.34282607604133997, 0.4697707911677491], [-0.3858031209623144, -0.26947180258329284, -0.6691301563791604]]	0.8575124815820084	0.18739810045604263	[[0.513337778184318, -0.7058407993508591, 0.006207723730199125], [-0.5994934798454455, -0.38938942212936073, 0.5646733087173165], [-0.3675857648755891, -0.3652695967724001, -0.7009715816849643]]	[[0.057174585509217495, 0.019687802928210662, -0.02296495171058517], [0.0035729985473545666, -0.03002242372066617, 0.07223667404990472], [0.036831866238955374, -0.08279612226790878, 0.0004432541390258877]]	0.2625189035161447	[[0.41780083373318117, -0.7132306364513071, -0.12237103101505545], [-0.7071067811865477, -0.49999999999999983, 0.49999999999999994], [-0.4178008337331812, -0.12237103101505553, -0.7132306364513071]]
11	[[0.22433838825039393, -0.7661379269479729, -0.6022499185961573], [-0.9416906372873723, -0.011392912655017143, -0.3362869982418849], [0.2507808429735371, 0.642575192824231, -0.724020780340167]]	0.8086887978917495	0.1913112021082505	[[0.18141994151518365, -0.6195671591628332, -0.4870327626999305], [-0.7615346694538407, -0.009213320839471559, -0.27195152835485475], [0.20280365843854928, 0.5196433602400866, -0.5855074945019361]]	0.8205209666718011	0.1727618376197503	[[0.17264106787295153, -0.6952702910263208, -0.4551230144250847], [-0.8482422845071469, -0.02231309193337896, -0.3201957032379919], [0.24480661065886375, 0.4882107474160091, -0.6492790058623705]]	[[-0.011433283315855506, -0.06663805860304024, 0.039035670959447856], [-0.07556537249432761, -0.012964968228476929, -0.044265170361402276], [0.039035670959447856, -0.03903567095944786, -0.055204775287184746]]	0.3014609705695639	[[0.20518198944636515, -0.7005351311224739, -0.37516031501312086], [-0.9571067811865474, -0.14644660940672607, -0.2499999999999999], [0.12019282666298758, 0.4103639788927306, -0.7005351311224739]]
11	[[-0.5446221603179724, 0.8109226453022452, -0.2139887049042392], [-0.8354447797583356, -0.5021691245819775, 0.22328947644507607], [0.07361197229480154, 0.30038414347728, 0.9509735242804028]]	0.8224036718590091	0.17759632814099097	[[-0.4478992644212863, 0.6669057610901873, -0.17598509664960027], [-0.6870728545086964, -0.41298573195044247, 0.1836340853159063], [0.06053875630802843, 0.24703702256393845, 0.7820841182089059]]	0.864610092749717	0.16195223210951512	[[-0.4858697286908717, 0.6897712088770844, -0.12938817745324926], [-0.757378442754832, -0.4464586370098058, 0.20262742046460636], [0.06364565419329796, 0.22520420450031653, 0.8382877555399402]]	[[-0.014983912144798443, -0.011360694690535834, 0.05562861654139681], [-0.03504445424071065, -0.012278143628938198, 0.009569085525393392], [9.360970596028296e-18, -0.03451095765211879, 0.01606644850933579]]	0.19426453858767437	[[-0.4178008337331812, 0.7132306364513071, -0.12237103101505567], [-0.8535533905932738, -0.45710678118654735, 0.25000000000000017], [0.12237103101505567, 0.20890041686659075, 0.7997600223028422]]
11	[[-0.42203838922340475, -0.825029846081567, 0.3757783270710803], [0.2588054115689476, 0.28760896992378115, 0.9221175843470338], [-0.8688517462515349, 0.4864224845687207, 0.09214016247897017]]	0.7841871057418229	0.21581289425817723	[[-0.33095706295704275, -0.6469777671493256, 0.29468051870637446], [0.20295186664857431, 0.22553924570991693, 0.7231127196227416], [-0.6813423362117198, 0.38144624034169167, 0.07225512733696494]]	0.8584010513615348	0.23145141948855952	[[-0.28530694997680633, -0.6453716314027791, 0.3390218508953835], [0.25758049506542413, 0.23311561554370658, 0.8305561753266845], [-0.7502119036421983, 0.3807160187296071, 0.022768939366894673]]	[[0.0769712470474929, 0.06283485587828329, 0.01645333985868952], [0.03542165767658479, -0.01376822661987533, 0.039009471444231975], [-0.004388651182575367, -0.03682955343007269, -0.05632427297767595]]	0.2441897858073833	[[-0.38195918856966066, -0.7132306364513071, 0.20890041686659067], [0.25000000000000006, 0.1464466094067262, 0.9571067811865475], [-0.7132306364513071, 0.41780083373318117, 0.12237103101505567]]
11	[[0.04673222253661188, -0.9725397674033924, -0.22799671093185395], [-0.8377629715199755, -0.16246744520517667, 0.5213036857710898], [-0.5440306084466285, 0.16664552219444034, -0.8223502702654952]]	0.7986223609694816	0.2013776390305186	[[0.037321397895540176, -0.7766920051804075, -0.1820832715776736], [-0.6690562422480913, -0.12975013467043806, 0.41632478031260045], [-0.43447500895731, 0.13308684037991614, -0.656747314383321]]	0.8135385072029774	0.17479126522855376	[[0.07036274039483091, -0.8235428284030051, -0.13974238748051554], [-0.7441645902409209, -0.14291606995745038, 0.460777972380012], [-0.4520632687134293, 0.08035741333492047, -0.7013578891038744]]	[[0.03234427783411839, -0.032344277834118404, 0.04574171637817372], [-0.06261215300062953, -0.010742547116149453, 0.0366773500583895], [-0.009473419645031551, -0.05521513602320526, -0.03234427783411839]]	0.20572028141612816	[[0.12458871005401718, -0.8142537388544514, -0.21268623179249707], [-0.8535533905932738, -0.2500000000000001, 0.4571067811865474], [-0.42537246358499414, 0.12458871005401705, -0.7261562171159716]]
