11	[[0.3802729664721569, 0.7767473726770865, -0.5020517802076895], [0.4287143634067757, 0.332951791095048, 0.839849450446521], [0.8195098935212374, -0.5346088512602871, -0.20639019011321075]]	0.8676965823387869	0.1323034176612134	[[0.3299615533637227, 0.6739810406125397, -0.435628613843316], [0.37199398792760796, 0.2889011312167509, 0.7287344978315546], [0.7110859338012008, -0.4638782731266159, -0.17908406258948542]]	0.8768561185131662	0.20848905789047595	[[0.34312566942432715, 0.6446427499461357, -0.4402271752855398], [0.4042962050650617, 0.30190449969551114, 0.7207567332502829], [0.6934436031896165, -0.4520876578884448, -0.08841367988000932]]	[[0.00968099206806424, -0.03645293632479421, 1.6894924247490704e-18], [0.0283753924173534, 0.00995368450390078, -0.015670396003669297], [-0.025148661126553916, 0.016687384350433182, 0.09256082112185512]]	0.18276235138280056	[[0.2293132525567296, 0.7157601202531506, -0.5257908017713818], [0.4571067811865474, 0.42677669529663675, 0.7803300858899108], [0.7829244169110733, -0.41928257103849803, -0.22931325255672966]]
11	[[-0.3195682178843842, -0.5708200961323295, -0.7563336379995778], [0.910087742671785, 0.03735879733279218, -0.41272826520656647], [0.2638493031197415, -0.8202248094963509, 0.507557688474819]]	0.879223572051773	0.12077642794822695	[[-0.2809719100425277, -0.5018784839204032, -0.6649863628649014], [0.8001705959924217, 0.03284673523849581, -0.3628804196216489], [0.2319825267723101, -0.7211609868908666, 0.4462566838831714]]	0.87763172245965	0.11437844198462245	[[-0.2935452789826283, -0.48788775070580387, -0.6822832392074368], [0.8224462530796212, 0.03685772572339755, -0.3761208382812051], [0.22773086775720855, -0.7421878087076632, 0.4323666549063984]]	[[-0.013082073477395451, 0.013082073477395454, -0.018500845735694008], [0.02372437988916765, 0.00407046007119815, -0.013897419980182901], [-0.0038316506095484536, -0.022332496345242456, -0.013082073477395451]]	0.24862897798042147	[[-0.47066554425389395, -0.47066554425389406, -0.6656215960255711], [0.8535533905932738, -0.14644660940672602, -0.5], [0.13785474624110863, -0.8034763422666796, 0.47066554425389395]]
11	[[0.034229894132735264, 0.2773841392786001, 0.9601491309293217], [-0.1827544195208179, -0.9427759796974285, 0.2788803941677556], [0.9825625356654255, -0.18501754344446375, 0.018422055382213542]]	0.9082846599419682	0.09171534005803197	[[0.03109048775220102, 0.2519437586179588, 0.8720887268797152], [-0.16599303578735788, -0.8563089601209347, 0.253302783981142], [0.8924464785785888, -0.16804859653075307, 0.01673247030826594]]	0.9315594989745323	0.12287121115088284	[[0.011416176285388328, 0.24276520568096674, 0.8838185866343854], [-0.1634947680486559, -0.8279176074198142, 0.25194887796403975], [0.9178543022939817, -0.16532445437834492, 0.0]]	[[-0.020471006742853817, -0.015634624128887834, -0.010617456714966235], [0.006751847435538718, 0.05033431187234594, -0.007844802300694715], [0.002538838858351963, 0.007030395694278491, -0.017161240681935933]]	0.16558228878611164	[[0.13317336741332927, 0.2273411585847419, 0.8703590580970506], [-0.25000000000000017, -0.9267766952966368, 0.2803300858899109], [0.8703590580970506, -0.25492226604949003, -0.06658668370666454]]
11	[[0.08740825448676931, -0.06334395238859675, -0.994156597696443], [0.7119981850616444, -0.6940087028176986, 0.10681996481098455], [-0.6967197295301035, -0.717174639895393, -0.015561310176609944]]	0.9333939965561324	0.06660600344386783	[[0.0815863399874011, -0.059124864877653685, -0.92793979992653], [0.6645748314954009, -0.6477835567677487, 0.0997051138669103], [-0.6503140128256112, -0.6694065033606658, -0.01452483349739557]]	0.9597819375198666	0.06358677001387979	[[0.06421788346647736, -0.06421788346647739, -0.935605909996497], [0.6824811482663908, -0.6686616354409752, 0.09401027590524838], [-0.6776009563097672, -0.6909837435340076, 0.0]]	[[-0.019674980380063652, -0.0034215021127838056, 0.018567635538753725], [-0.0008818493027027315, -0.0025646179949550397, -0.008513596886842341], [-0.008901944393047045, -0.0026524781150945123, 0.014935464431654309]]	0.12157980690830185	[[0.0, 0.0, -0.9744212439440002], [0.7071067811865475, -0.7071067811865476, 0.0], [-0.6890198693250337, -0.6890198693250336, 0.0]]
11	[[-0.42203838922340475, -0.825029846081567, 0.3757783270710803], [0.2588054115689476, 0.28760896992378115, 0.9221175843470338], [-0.8688517462515349, 0.4864224845687207, 0.09214016247897017]]	0.8508238664451048	0.14917613355489548	[[-0.35908033410732126, -0.7019550835757284, 0.3197211691648896], [0.22019782092800866, 0.24470457581484528, 0.7845596484311635], [-0.7392398021133118, 0.4138598590465933, 0.07839504929523756]]	0.8738665841693884	0.20632289482669935	[[-0.29448940335872914, -0.6718448061124583, 0.3467017810761519], [0.25426167428541635, 0.23105866628742028, 0.8302343441349964], [-0.7805696933343576, 0.39432074995568517, 0.022150158249390584]]	[[0.0743158422202784, 0.0491212073206371, 0.01832165799365973], [0.028100273313107403, -0.02027320183635071, 0.024426600499126053], [-0.021309185687920715, -0.03074760509756991, -0.05836805080091952]]	0.1899092615827727	[[-0.41928257103849786, -0.7829244169110733, 0.22931325255672966], [0.25000000000000006, 0.1464466094067262, 0.9571067811865475], [-0.7829244169110733, 0.4586265051134591, 0.13432859331584554]]
11	[[0.22433838825039393, -0.7661379269479729, -0.6022499185961573], [-0.9416906372873723, -0.011392912655017143, -0.3362869982418849], [0.2507808429735371, 0.642575192824231, -0.724020780340167]]	0.8821591845793304	0.1178408154206695	[[0.19790216964880883, -0.6758556089117228, -0.5312802971017541], [-0.8307210447154186, -0.010050362537733495, -0.29665866415369196], [0.22122862394565257, 0.5668536081327297, -0.6387015812033723]]	0.8913880010020193	0.10501606785700399	[[0.18418699434535563, -0.7181107525005352, -0.5241795140101201], [-0.8703775640197025, -0.006506932495087938, -0.3285056386039725], [0.24716891541612607, 0.5512746528615162, -0.6736852698362958]]	[[-0.015785553105178027, -0.035184597306550464, 0.012658837030937368], [-0.03096582928579389, 0.0036485731420584245, -0.02874344347816912], [0.023625881108343533, -0.021509163763562232, -0.02830183376495233]]	0.2552218240936051	[[0.2273411585847416, -0.7761912669256381, -0.415676740927567], [-0.9571067811865474, -0.14644660940672607, -0.2499999999999999], [0.1331733674133292, 0.45468231716948343, -0.7761912669256381]]
11	[[-0.5446221603179724, 0.8109226453022452, -0.2139887049042392], [-0.8354447797583356, -0.5021691245819775, 0.22328947644507607], [0.07361197229480154, 0.30038414347728, 0.9509735242804028]]	0.8687009927636127	0.13129900723638732	[[-0.473113811349286, 0.7044493070285555, -0.18589220039051235], [-0.7257517095752439, -0.43623481705959816, 0.19397178986150493], [0.06394679341178165, 0.2609440036491606, 0.8261116446342974]]	0.8687009927636131	0.131299007236387	[[-0.47311381134928626, 0.7044493070285558, -0.1858922003905125], [-0.7257517095752442, -0.4362348170595983, 0.19397178986150504], [0.06394679341178171, 0.2609440036491607, 0.8261116446342978]]	[[0.0, 0.0, 0.0], [0.0, 0.0, 0.0], [0.0, 0.0, 0.0]]	0.1329271408671518	[[-0.4586265051134592, 0.7829244169110732, -0.13432859331584554], [-0.8535533905932738, -0.45710678118654735, 0.25000000000000017], [0.13432859331584554, 0.22931325255672977, 0.8779090761519573]]
11	[[-0.30792515101507295, 0.09349718223056193, 0.9468053539599837], [0.3027085282091916, -0.9338174967034747, 0.1906631317268273], [0.9019698710720718, 0.34531602882779927, 0.2592434992682147]]	0.8809123661890914	0.11908763381090869	[[-0.2712550733898212, 0.08236282403073694, 0.8340525446773894], [0.26665968585037625, -0.8226113806098319, 0.1679575105145018], [0.7945564133573686, 0.30419316003771707, 0.22837080435950297]]	0.8815326984587054	0.11598989270437031	[[-0.28400652078377453, 0.08242082334999261, 0.834639878591494], [0.26684746571871176, -0.836533924138658, 0.16807578500773768], [0.795115934374614, 0.304407370713614, 0.24109205295393962]]	[[-0.012560431486152856, 0.0, 0.0], [0.0, -0.013343266401690649, 0.0], [0.0, 0.0, 0.012560431486152856]]	0.23632799393064863	[[-0.22931325255672977, 0.13432859331584557, 0.8779090761519573], [0.4571067811865472, -0.8535533905932738, 0.25000000000000017], [0.7829244169110733, 0.4586265051134591, 0.13432859331584554]]
11	[[0.8489524140446696, -0.5135124485683378, 0.12483895166604869], [0.522794976890395, 0.7815435453534784, -0.34040431673891397], [0.0772347773085365, 0.35425224329800037, 0.9319550081910795]]	0.8844908355101315	0.11550916448986862	[[0.7508906300067127, -0.45419705467906246, 0.11041890866331233], [0.46240736591028536, 0.6912681034172485, -0.30108449852365743], [0.0683134527120664, 0.31333286265598675, 0.8243056638527794]]	0.9172977537276229	0.13960430018091394	[[0.7730970446630565, -0.48165999652054403, 0.05723870068640294], [0.502190061427024, 0.6719293544977434, -0.28984254036101975], [0.024803142762792267, 0.29506317531193804, 0.8559530406367841]]	[[-0.005645097761761782, -0.010616180937636352, -0.057275789254574806], [0.02263140346538029, -0.044978784095324895, 0.02240957474277219], [-0.046044144971981435, -0.02989161171828911, 0.0010728050478987074]]	0.2258278863674752	[[0.7761912669256379, -0.45468231716948354, 0.13317336741332922], [0.49999999999999994, 0.7071067811865475, -0.4999999999999999], [0.13317336741332902, 0.45468231716948354, 0.7761912669256381]]
11	[[-0.8305561570912853, 0.32773595720904825, 0.4502950280316503], [-0.5100865793185324, -0.772219296347621, -0.37879947194723407], [0.22358030216652452, -0.5443036842615101, 0.808545204538665]]	0.8830607646491493	0.1169392353508508	[[-0.7334315551650893, 0.28941076497604296, 0.39763787177133925], [-0.45043744477029224, -0.6819165623095581, -0.33450295134641844], [0.19743499259165898, -0.4806532276253182, 0.7139945465733162]]	0.8830607646491493	0.11693923535085084	[[-0.7334315551650893, 0.28941076497604307, 0.3976378717713393], [-0.4504374447702922, -0.6819165623095583, -0.33450295134641844], [0.19743499259165898, -0.48065322762531815, 0.7139945465733162]]	[[0.0, 0.0, 0.0], [0.0, 0.0, 0.0], [0.0, 0.0, 0.0]]	0.19023150129979624	[[-0.7157601202531505, 0.39146220845553664, 0.4192825710384981], [-0.573223304703363, -0.7803300858899106, -0.2499999999999999], [0.22931325255672966, -0.41928257103849803, 0.7829244169110733]]
11	[[0.8787972042104137, -0.3840163418041313, 0.28327887866788265], [-0.395223040501579, -0.9183905790867732, -0.018907472103605397], [0.2674214316928388, -0.09534250611366366, -0.9588511794847616]]	0.8584076961682696	0.14159230383173044	[[0.7543662834653776, -0.3296425832590511, 0.24316876961042794], [-0.3392624996695793, -0.7883535411765199, -0.016230319568821736], [0.22955661508546996, -0.08184274101993917, -0.8230852319497423]]	0.858210473618542	0.12542787464598396	[[0.7735518081403365, -0.34325561595053, 0.22942413125414654], [-0.3538526266985665, -0.8132123823087463, -0.01193041120335199], [0.21581510417531322, -0.07781458960437297, -0.8462643158989949]]	[[0.01935884330026693, -0.01368876937354651, -0.013688769373546506], [-0.014668073924746148, -0.025039968463879726, 0.004296179385612569], [-0.013688769373546506, 0.004009347723413044, -0.023368191023679975]]	0.16063988216883038	[[0.7566884788046796, -0.4351795290485253, 0.25492226604949003], [-0.47855339059327373, -0.8749999999999999, -0.07322330470336318], [0.25492226604949003, -0.06658668370666458, -0.8703590580970506]]
11	[[0.8592155572171323, 0.2624339665249735, -0.4391776855101157], [-0.4266000482917053, 0.8413623931712975, -0.33184593135155627], [0.2824199444684594, 0.4724804086637203, 0.8348660002631537]]	0.8849435769662113	0.11505642303378884	[[0.7603572885887454, 0.23223925305404097, -0.3886474719390637], [-0.37751697266922013, 0.7445582457378597, -0.29366492549193], [0.24992571586451723, 0.41811850288932983, 0.7388093045603491]]	0.8856626434858267	0.11308673781184166	[[0.7614784076848652, 0.23313971435741215, -0.3915792036421977], [-0.378358379975543, 0.7492329820405161, -0.29443819828516554], [0.25253626045573674, 0.4184582477323742, 0.7401213825739368]]	[[0.0005032859557921417, 0.0007117538244331531, -0.0026159337333216295], [-0.0005346534943299901, 0.004069740774863645, -0.0005346534943299899], [0.002407465864680618, -1.117519312181829e-19, 0.000711753824433153]]	0.169424221025548	[[0.7761912669256381, 0.22734115858474171, -0.415676740927567], [-0.4571067811865474, 0.7803300858899107, -0.4267766952966369], [0.22734115858474174, 0.5212690008761481, 0.7096045832189735]]
11	[[0.5319609947059123, -0.8460851799387872, 0.03402011756955908], [-0.703274286200726, -0.4190807785627857, 0.5742617690636116], [-0.47161719485230363, -0.3294103357928521, -0.8179645788128509]]	0.8822491564030894	0.11775084359691063	[[0.46932213881863943, -0.7464579362461511, 0.03001422002647741], [-0.6204631457205754, -0.3697336633517677, 0.5066419613109171], [-0.41608387230363625, -0.29062199086370216, -0.7216485596252462]]	0.8844708318480582	0.15952686271374186	[[0.5341912936345506, -0.7313022806056112, 0.0007395283611475133], [-0.5904284296182722, -0.393641357256909, 0.5784627284650827], [-0.3922782293536148, -0.3777302861798049, -0.7305627522444637]]	[[0.06368731013629197, 0.017035382309162215, -0.02935027332516915], [0.03159716331503312, -0.0229766324299499, 0.07054494388285254], [0.024853423291249885, -0.08637645246175277, -0.007096940799614767]]	0.22124606141425168	[[0.45862650511345915, -0.7829244169110733, -0.1343285933158453], [-0.7071067811865477, -0.49999999999999983, 0.49999999999999994], [-0.4586265051134592, -0.1343285933158454, -0.7829244169110733]]
11	[[0.04673222253661188, -0.9725397674033924, -0.22799671093185395], [-0.8377629715199755, -0.16246744520517667, 0.5213036857710898], [-0.5440306084466285, 0.16664552219444034, -0.8223502702654952]]	0.8665997258488977	0.13340027415110237	[[0.0404981312385375, -0.8428026958089305, -0.197581887187995], [-0.7260051614455686, -0.14079424347417693, 0.4517616311732463], [-0.47145677613325726, 0.14441496384764843, -0.712648518763845]]	0.8716030972647738	0.12163217175256916	[[0.05431403805745419, -0.8612507616344361, -0.17951466614380576], [-0.7548279587679935, -0.1458331670474104, 0.46879850544328716], [-0.47815686484610787, 0.12206267850221347, -0.7303451307524061]]	[[0.013582088152476664, -0.013582088152476668, 0.019207973270579437], [-0.0246311580174424, -0.0042260386018835175, 0.014428598309662961], [-0.0039781015171869525, -0.023186074787766384, -0.013582088152476664]]	0.15396727918183273	[[0.13549384034279358, -0.8855245876053635, -0.23130245365819002], [-0.8535533905932738, -0.2500000000000001, 0.4571067811865474], [-0.46260490731638004, 0.1354938403427934, -0.789715974289967]]
