11	[[0.08740825448676931, -0.06334395238859675, -0.994156597696443], [0.7119981850616444, -0.6940087028176986, 0.10681996481098455], [-0.6967197295301035, -0.717174639895393, -0.015561310176609944]]	0.7247252551338592	0.27527474486614106	[[0.06334696953372917, -0.0459069620560128, -0.7204903939085638], [0.5160030663236448, -0.5029656342146752, 0.07741512625103064], [-0.5049303837404976, -0.5197545738737223, -0.01127767448796076]]	0.8848182907516526	0.18648546092201182	[[0.04958848693470646, -0.04958848693470647, -0.8124402309735805], [0.681481219295948, -0.6689520068875949, 0.08749114095031604], [-0.5844083788296474, -0.5950222204561001, 0.0]]	[[-0.027751935397862235, 0.00645940074722576, 0.06720771053966434], [0.05149220217142501, -0.05488041269366719, -0.007025117731890987], [0.03206198138613255, 0.03954701858657349, 0.013768931872324308]]	0.20562856466574658	[[0.0, 0.0, -0.8471275991279998], [0.7071067811865475, -0.7071067811865476, 0.0], [-0.599009669873688, -0.5990096698736879, 0.0]]
11	[[-0.5446221603179724, 0.8109226453022452, -0.2139887049042392], [-0.8354447797583356, -0.5021691245819775, 0.22328947644507607], [0.07361197229480154, 0.30038414347728, 0.9509735242804028]]	0.6794751767511777	0.3205248232488222	[[-0.37005723864466256, 0.5510018077482758, -0.14540001308756356], [-0.5676639893921439, -0.34121145468432335, 0.151719656474196], [0.050017507886013085, 0.20410356898247595, 0.6461629034961173]]	0.7998779729287406	0.2962245936211683	[[-0.4757270640202963, 0.6137894302228071, -0.10834571628635178], [-0.7348418144513676, -0.405903478077226, 0.09702745991463496], [0.07435937609576176, 0.11175890777037983, 0.7378964462358465]]	[[-0.04009579441308501, -0.03484973150356489, 0.06281913522209753], [-0.06658793752437207, -0.004229456639193733, -0.08157687388057225], [0.015478780913309308, -0.12851175201416284, -0.022766328674462606]]	0.4148178788267882	[[-0.6330687696826126, 0.6330687696826125, 0.0], [-0.7071067811865475, -0.7071067811865476, 0.0], [0.0, 0.0, 0.8952944399999999]]
11	[[0.8489524140446696, -0.5135124485683378, 0.12483895166604869], [0.522794976890395, 0.7815435453534784, -0.34040431673891397], [0.0772347773085365, 0.35425224329800037, 0.9319550081910795]]	0.7311169552491472	0.2688830447508528	[[0.6206835041077522, -0.3754376578798175, 0.091271874238577], [0.382224271723654, 0.5713997372734593, -0.24887536760782109], [0.05646765522516313, 0.25899982151021417, 0.6813681080178561]]	0.8710231601240846	0.21587717388461664	[[0.6967375737070178, -0.44681572628627686, 0.05225133506377283], [0.5024361610707169, 0.6659812376042293, -0.3039564651922289], [0.02733144596248839, 0.26264336402552374, 0.7772998409938261]]	[[-0.04271964076914042, 0.0004655094287731344, -0.05648628312296675], [0.04706962820264721, -0.014761291044138189, -0.007456421506420232], [-0.03994183384027303, -0.04591854441294665, -0.03445455533423517]]	0.44483989457976303	[[0.6690644363587113, -0.6690644363587112, 0.0], [0.7071067811865475, 0.7071067811865476, 0.0], [0.0, 0.0, 0.9461999999999999]]
11	[[-0.30792515101507295, 0.09349718223056193, 0.9468053539599837], [0.3027085282091916, -0.9338174967034747, 0.1906631317268273], [0.9019698710720718, 0.34531602882779927, 0.2592434992682147]]	0.6795175651512929	0.3204824348487072	[[-0.20924054886660656, 0.06353297761781818, 0.6433708687950961], [0.2056957620392414, -0.6345453916556206, 0.12955894703513388], [0.6129043706307198, 0.2346483071167798, 0.17616051140403827]]	0.8219626896804852	0.2881664765931117	[[-0.2247334112538193, 0.07151342896889755, 0.7225036811152111], [0.2491275607323803, -0.8473566433758923, 0.11938610103569354], [0.6614225447265809, 0.2485981690142117, 0.15321998228492179]]	[[0.028369574094799614, -0.0053377664148815986, -0.05573499422962081], [0.00031244469633220744, -0.0797935021148066, -0.03733187954139408], [-0.07996303651057969, -0.035238722830870185, -0.05986850165576088]]	0.4566718848865354	[[-0.3588125846021845, -0.10509377285490806, 0.6125313963494611], [0.5, -0.8535533905932737, 0.14644660940672619], [0.507437623494553, 0.35881258460218457, 0.3588125846021845]]
11	[[0.034229894132735264, 0.2773841392786001, 0.9601491309293217], [-0.1827544195208179, -0.9427759796974285, 0.2788803941677556], [0.9825625356654255, -0.18501754344446375, 0.018422055382213542]]	0.8196867841400631	0.18031321585993695	[[0.028057791843116575, 0.2273681130967351, 0.7870215534263321], [-0.1498013824244032, -0.7727810109626826, 0.22859457345508083], [0.8053935250760988, -0.1516564351954869, 0.015100315333496761]]	0.8953943760156736	0.15983203827258152	[[0.009135723165760706, 0.22398455702086165, 0.8212294258588136], [-0.16653452526444906, -0.8253006588600101, 0.25522699345335853], [0.8524638501365167, -0.15236212675405947, 0.0]]	[[-0.021513531532302357, -0.024383641285145224, -0.03848270611163786], [-0.0028972458334996665, 0.018855651203734308, 0.005519056934515828], [-0.027317118382005137, 0.013301541110348944, -0.016495004783883282]]	0.36178202925318015	[[0.0, 0.0, 0.9461999999999999], [0.0, -1.0, 0.0], [0.9461999999999999, 0.0, 0.0]]
11	[[0.04673222253661188, -0.9725397674033924, -0.22799671093185395], [-0.8377629715199755, -0.16246744520517667, 0.5213036857710898], [-0.5440306084466285, 0.16664552219444034, -0.8223502702654952]]	0.6202371667360917	0.3797628332639083	[[0.028985061301388657, -0.6032053098724577, -0.14141203401352076], [-0.5196117318519586, -0.10076834790090992, 0.3233319210717426], [-0.3374280032006489, 0.10335974653513617, -0.5100522016941301]]	0.7458189701042697	0.4127007043829925	[[-0.013998711539062295, -0.7715209268243693, -0.12974549943876001], [-0.6802142885320882, -0.15428568847033095, 0.280801571569562], [-0.2698390244510823, 0.034103131257877346, -0.5554769640075359]]	[[-0.04885248962200182, -0.04618231911412511, 0.040298772695596216], [-0.05539477192156744, -0.03311438581193412, -0.107996606463792], [0.13590932364578126, -0.09018426047766837, 0.05784746762684367]]	0.41367804355618265	[[-0.10509377285490817, -0.6125313963494611, -0.3588125846021845], [-0.8535533905932738, -0.14644660940672602, 0.5], [-0.3588125846021845, 0.35881258460218457, -0.507437623494553]]
11	[[0.5319609947059123, -0.8460851799387872, 0.03402011756955908], [-0.703274286200726, -0.4190807785627857, 0.5742617690636116], [-0.47161719485230363, -0.3294103357928521, -0.8179645788128509]]	0.6526323540276746	0.34736764597232545	[[0.3471749562258229, -0.5521825626913793, 0.022202629413719602], [-0.45897955293031234, -0.2735056750411814, 0.3747818101720817], [-0.30779264007638746, -0.21498384288953581, -0.5338301485818863]]	0.7651325249196609	0.3151674221370418	[[0.4293412148941539, -0.588033505494496, 0.02612036632182887], [-0.6018840070755647, -0.3760496955495447, 0.5653727519213769], [-0.3010568217333762, -0.31575846353812015, -0.5812204494336599]]	[[0.022320555856044734, 0.059333784529173934, 9.046786776840954e-05], [-0.06378597676373093, -0.05539736130250308, 0.12598639459290456], [0.05979283335949453, -0.06371590157830184, 0.0446308540482638]]	0.40146402176336576	[[0.5362900269441483, -0.5362900269441482, 0.0], [-0.5, -0.5000000000000001, 0.7071067811865475], [-0.3792143147349234, -0.3792143147349235, -0.5362900269441483]]
11	[[-0.3195682178843842, -0.5708200961323295, -0.7563336379995778], [0.910087742671785, 0.03735879733279218, -0.41272826520656647], [0.2638493031197415, -0.8202248094963509, 0.507557688474819]]	0.6265611234038535	0.37343887659614655	[[-0.20022902160180714, -0.3576536806941679, -0.4738892538931389], [0.5702255984445107, 0.023407570025851178, -0.2585994855083499], [0.16531771577202908, -0.5139209780817452, 0.3180159154830457]]	0.7292852948497298	0.333748991461149	[[-0.2555201366355628, -0.37756855376904486, -0.5492403896846244], [0.753516720392498, 0.08069746769744948, -0.3421592053477705], [0.21615295805613194, -0.5711333992493404, 0.29090856964060374]]	[[-0.02246373463114702, 0.038722148344972236, 0.002342610508666426], [0.08980311263898014, 0.05345224616937282, -0.0411625507637822], [0.02373154123455553, 0.02704449278726933, -0.07924578885200184]]	0.415794955101823	[[-0.33950846755058695, -0.339508467550587, -0.480137479350546], [0.8535533905932738, -0.14644660940672602, -0.5], [0.0994397278753141, -0.5795772072258599, 0.33950846755058695]]
11	[[0.8592155572171323, 0.2624339665249735, -0.4391776855101157], [-0.4266000482917053, 0.8413623931712975, -0.33184593135155627], [0.2824199444684594, 0.4724804086637203, 0.8348660002631537]]	0.6434442127152534	0.35655578728474663	[[0.5528572777662755, 0.16886161698040278, -0.28258634009516354], [-0.2744933322173455, 0.5413697626823271, -0.21352434404126217], [0.18172147882359346, 0.30401478457600867, 0.5371896962620575]]	0.7694842382287358	0.411271244643727	[[0.5054445280982447, 0.2059894141562908, -0.29370423235892057], [-0.356695289109796, 0.7487157739894252, -0.24995849733535971], [0.2449325542745986, 0.32949198842021066, 0.5030597649344607]]	[[-0.15570830042125916, 0.004050613339475951, 0.04423607442289015], [-0.02843327592171118, 0.10130067380570332, 0.005391716359997944], [0.027614858444684205, -0.03407423891839406, -0.1393564633011037]]	0.4502576272042729	[[0.4743783334390994, 0.25944612559002017, -0.2778843940326781], [-0.573223304703363, 0.7803300858899106, -0.2499999999999999], [0.15198002166548047, 0.27788439403267806, 0.5188922511800403]]
11	[[0.8787972042104137, -0.3840163418041313, 0.28327887866788265], [-0.395223040501579, -0.9183905790867732, -0.018907472103605397], [0.2674214316928388, -0.09534250611366366, -0.9588511794847616]]	0.6498936984240619	0.3501063015759382	[[0.5711247652090313, -0.24956980063036557, 0.18410115814289135], [-0.2568529634939739, -0.5968562500405189, -0.012287846973261893], [0.17379550328071663, -0.061962493915227596, -0.6231513392736256]]	0.8189608788554077	0.2909971301979941	[[0.648139276962984, -0.2655568222721139, 0.16275445132401892], [-0.31831642689844386, -0.8543804540209851, -0.03324025595070683], [0.15470623835994707, -0.049189921227574, -0.7458095947883416]]	[[-0.07156125373285155, 0.04893753850663602, -0.06923986811100465], [0.00535578169463566, -0.10225449823955444, -0.01775577597980406], [-0.06430145236399153, 0.028891861371549067, 0.03945200985404283]]	0.46276350588778764	[[0.4543060829614866, -0.3212429119963654, 0.32124291199636534], [-0.5, -0.8535533905932737, -0.14644660940672619], [0.32124291199636534, -0.09408987051562209, -0.5483959534771088]]
11	[[0.3802729664721569, 0.7767473726770865, -0.5020517802076895], [0.4287143634067757, 0.332951791095048, 0.839849450446521], [0.8195098935212374, -0.5346088512602871, -0.20639019011321075]]	0.63477903296955	0.3652209670304502	[[0.24138930592165792, 0.49306294608959955, -0.31869194354087815], [0.27213888902350925, 0.21135081597679417, 0.5331188219944506], [0.5202076977183899, -0.339358489619967, -0.13101216529446547]]	0.7980010225384723	0.3147704106765753	[[0.3440855289232774, 0.5081509280366182, -0.40207588705704184], [0.40631179874167217, 0.3030883116821494, 0.7192314905538378], [0.579708521783128, -0.41564312266978726, -0.06534756595512115]]	[[0.040627312834757956, -0.11169426961376865, -0.0014380530840453765], [0.06419729836613497, 0.03739244193228533, 0.049030770319140174], [-0.07426121122721396, 0.010975287294039954, 0.09935201679713072]]	0.41682243748771913	[[0.40077606714745656, 0.40077606714745667, -0.5667829496344835], [0.5, 0.5000000000000001, 0.7071067811865475], [0.5667829496344835, -0.5667829496344834, 0.0]]
11	[[-0.8305561570912853, 0.32773595720904825, 0.4502950280316503], [-0.5100865793185324, -0.772219296347621, -0.37879947194723407], [0.22358030216652452, -0.5443036842615101, 0.808545204538665]]	0.6223073373938275	0.37769266260617246	[[-0.5168611906755272, 0.2039524908989802, 0.2802218999360551], [-0.31743062101604125, -0.48055773419422304, -0.23572969079367112], [0.13913566253495727, -0.33872417648643094, 0.5031636133990043]]	0.7568405410904283	0.40049728909142074	[[-0.5889870288491377, 0.23346263827743993, 0.1959159879197159], [-0.5708488868085481, -0.622354012901023, -0.30255324298534964], [0.17419916980866249, -0.26087951358164857, 0.5686351866670545]]	[[0.03961154248981731, -0.014581220911445588, -0.14488554474608786], [-0.1847946841141444, -0.03790714281281979, -0.015862445672036526], [0.0049845329397885905, 0.15107158133234633, -0.04330460343205976]]	0.46074132161712666	[[-0.4488567791000758, 0.24548792403327704, 0.26293421363372], [-0.573223304703363, -0.7803300858899106, -0.2499999999999999], [0.14380349649987761, -0.26293421363372, 0.4909758480665541]]
11	[[-0.42203838922340475, -0.825029846081567, 0.3757783270710803], [0.2588054115689476, 0.28760896992378115, 0.9221175843470338], [-0.8688517462515349, 0.4864224845687207, 0.09214016247897017]]	0.6292569025887039	0.37074309741129624	[[-0.26557056957624553, -0.519155725488522, 0.23646110615271285], [0.1628550916570707, 0.1809799295709662, 0.5802488549487924], [-0.5467309586550275, 0.3060847059892149, 0.05797983324553668]]	0.7984952358229491	0.3329492775538519	[[-0.25479732590411674, -0.5467548083907966, 0.3041132103186466], [0.26828013308689697, 0.23783615866547184, 0.8264005629375492], [-0.6380007023311973, 0.3359354012760864, 0.02440243267391315]]	[[0.0821983172251634, 0.11202759311707564, 0.004056006426871007], [0.06162524494389472, 0.00818176640138665, 0.09009406496787609], [0.05577327768710326, -0.05247063524919914, -0.04917104809349698]]	0.4610513257566125	[[-0.2629342136337199, -0.4909758480665541, 0.14380349649987761], [0.25000000000000006, 0.1464466094067262, 0.9571067811865475], [-0.4909758480665541, 0.2876069929997551, 0.08423813793295648]]
11	[[0.22433838825039393, -0.7661379269479729, -0.6022499185961573], [-0.9416906372873723, -0.011392912655017143, -0.3362869982418849], [0.2507808429735371, 0.642575192824231, -0.724020780340167]]	0.6120282769332717	0.38797172306672845	[[0.13730143721087595, -0.46889807532319655, -0.36859397996160925], [-0.576341298143185, -0.006972784701501408, -0.20581715208904294], [0.15348496721296728, 0.3932741880642789, -0.44312119065547523]]	0.7368861398040695	0.4393184048437152	[[0.20726719684725864, -0.48145424684872573, -0.359192374777463], [-0.8123815884828272, 0.04480817318996097, -0.20617856455761713], [0.1652628684670196, 0.35919237477746296, -0.40204426235089463]]	[[0.04195534791955915, 0.08310217269745822, 0.08459724293417445], [-0.11846280988250131, 0.0532034526174416, 0.041626663443143294], [-0.019534058848560625, -0.11431237859664015, 0.1314766156119012]]	0.42623156013991487	[[0.10509377285490817, -0.6125313963494611, -0.3588125846021845], [-0.8535533905932738, 0.14644660940672602, -0.5], [0.3588125846021845, 0.35881258460218457, -0.507437623494553]]
