11	[[-0.5446221603179724, 0.8109226453022452, -0.2139887049042392], [-0.8354447797583356, -0.5021691245819775, 0.22328947644507607], [0.07361197229480154, 0.30038414347728, 0.9509735242804028]]	0.7135360450300818	0.28646395496991817	[[-0.3886075423090253, 0.5786225371542959, -0.15268865417848013], [-0.5961199639897907, -0.3583157710904427, 0.1593250899194572], [0.052524795578096646, 0.21433491372652702, 0.6785538874433573]]	0.8122006789517892	0.22170916681417163	[[-0.45282488433372203, 0.6481495271405897, -0.10087796399570999], [-0.7553913837941121, -0.4332287937519737, 0.19444191745233014], [0.054406955754579545, 0.17566085454120633, 0.7828637380369939]]	[[-0.01048239595127478, -0.010482395951274778, 0.07292380741552713], [-0.07684256644766393, -0.025366689817866123, 0.013086053080849843], [-0.0053807381222385564, -0.06831135073739213, 0.01048239595127478]]	0.37093764227241793	[[-0.32082911233947325, 0.5476895532767755, -0.09396867140217117], [-0.8535533905932738, -0.45710678118654735, 0.25000000000000017], [0.09396867140217117, 0.16041455616973674, 0.6141354380443411]]
11	[[0.08740825448676931, -0.06334395238859675, -0.994156597696443], [0.7119981850616444, -0.6940087028176986, 0.10681996481098455], [-0.6967197295301035, -0.717174639895393, -0.015561310176609944]]	0.7658002112851461	0.23419978871485406	[[0.06693725975403375, -0.04850881212282362, -0.7613253325664582], [0.5452483605548477, -0.5314720112515235, 0.08180275162172382], [-0.5335481160806831, -0.5492124907602405, -0.01191685462112159]]	0.9055284036279942	0.15971934740372262	[[0.05358781997138379, -0.0535878199713838, -0.8386702773335586], [0.6840314429909237, -0.6703360135346048, 0.09050229270463563], [-0.6065568964397422, -0.6181002651597971, 0.0]]	[[-0.02556283717792989, 0.0037719281145498764, 0.06156675953473935], [0.03929686308602358, -0.041891420768159236, -0.006226219506253721], [0.024342608017780282, 0.03132174162715963, 0.014091208362585664]]	0.18440149546224552	[[0.0, 0.0, -0.8753689334959998], [0.7071067811865475, -0.7071067811865476, 0.0], [-0.6189793089150574, -0.6189793089150574, 0.0]]
11	[[0.034229894132735264, 0.2773841392786001, 0.9601491309293217], [-0.1827544195208179, -0.9427759796974285, 0.2788803941677556], [0.9825625356654255, -0.18501754344446375, 0.018422055382213542]]	0.841462566889305	0.158537433110695	[[0.028803174581280573, 0.23340836985175134, 0.8079295523083225], [-0.15378100296035235, -0.7933106958777775, 0.23466741233150076], [0.8267895933902933, -0.155685337026332, 0.015501470009294343]]	0.904052807921673	0.14583446891271407	[[0.00910111735014385, 0.22856565787463737, 0.8354620096373524], [-0.16591955693526758, -0.8258426487533113, 0.2545334824314635], [0.8674178850309192, -0.1551871563411625, 0.0]]	[[-0.02184451455541707, -0.022204252113117523, -0.03256350820285485], [-0.000699910807376759, 0.02647662293325515, 0.002410879009801069], [-0.020870534296047703, 0.012078473324575085, -0.016654510895978723]]	0.3570956815046521	[[0.0, 0.0, 0.9565999999999999], [0.0, -1.0, 0.0], [0.9565999999999999, 0.0, 0.0]]
11	[[-0.8305561570912853, 0.32773595720904825, 0.4502950280316503], [-0.5100865793185324, -0.772219296347621, -0.37879947194723407], [0.22358030216652452, -0.5443036842615101, 0.808545204538665]]	0.6662057234813439	0.3337942765186561	[[-0.5533212655268843, 0.21833957048330474, 0.29998912492987767], [-0.3398225986130267, -0.5144569150095211, -0.25235837626295815], [0.14895047696102698, -0.36261822976700037, 0.5386574429570524]]	0.7704776895437673	0.38421438121078605	[[-0.6073121860662998, 0.24109010462422006, 0.19734350573446852], [-0.5676018560529678, -0.6249966859623352, -0.3037975292094089], [0.177247870944182, -0.2704097857255751, 0.5868436920350312]]	[[0.03261280288574399, -0.011423138466622424, -0.14959876707640335], [-0.17459152695234145, -0.0300189466913065, -0.011940987263104856], [0.004984236303420851, 0.14896405933439338, -0.03612234904961222]]	0.4014208719877227	[[-0.50070521757569, 0.2738447766383878, 0.29330632570486775], [-0.573223304703363, -0.7803300858899106, -0.2499999999999999], [0.16041455616973666, -0.2933063257048677, 0.5476895532767756]]
11	[[0.5319609947059123, -0.8460851799387872, 0.03402011756955908], [-0.703274286200726, -0.4190807785627857, 0.5742617690636116], [-0.47161719485230363, -0.3294103357928521, -0.8179645788128509]]	0.694012829036815	0.3059871709631849	[[0.3691877548730885, -0.5871939693354403, 0.023610398038614755], [-0.48808137695501264, -0.29084743672531, 0.39854503495552324], [-0.32730838362185405, -0.2286149990575645, -0.5676779113938135]]	0.7745866869200437	0.2715651555284542	[[0.4365313694946755, -0.6362776947987182, 0.00523814236469374], [-0.6088359352051109, -0.3806506322308475, 0.543272558973276], [-0.3117376921824994, -0.3043298402087085, -0.6335844731205952]]	[[0.024481465034731944, 0.019088621582216057, -0.02111338779214139], [-0.06408903586083192, -0.05603624041202677, 0.09845703784944976], [0.05357070827267124, -0.0491729795697042, 8.25069882984142e-18]]	0.375490266474146	[[0.5664177895683303, -0.5664177895683302, 0.0], [-0.5, -0.5000000000000001, 0.7071067811865475], [-0.4005178599884611, -0.40051785998846123, -0.5664177895683303]]
11	[[0.8787972042104137, -0.3840163418041313, 0.28327887866788265], [-0.395223040501579, -0.9183905790867732, -0.018907472103605397], [0.2674214316928388, -0.09534250611366366, -0.9588511794847616]]	0.6878283271694049	0.31217167283059516	[[0.6044616108931987, -0.26413731798885004, 0.19484723723655453], [-0.271845602807007, -0.6316950557013963, -0.013005094908025122], [0.18394003601053258, -0.0655792764883, -0.6595250027894144]]	0.828134918165271	0.28120006424483046	[[0.6557019852946363, -0.2682406956726698, 0.1691687767516136], [-0.31774287208296503, -0.8545263717112738, -0.033461534299300384], [0.15984044589115012, -0.05314068280730028, -0.754127658750563]]	[[-0.0720606654980236, 0.04977664612142127, -0.06542435425196315], [0.00955512821983966, -0.09397506465549293, -0.01780359643606899], [-0.06162057955943851, 0.025815775690810422, 0.039930484304723464]]	0.40940420997386706	[[0.5107556778172314, -0.29374098001660826, 0.17206948226896496], [-0.47855339059327373, -0.8749999999999999, -0.07322330470336318], [0.17206948226896496, -0.04494521553165842, -0.5874819600332165]]
11	[[0.22433838825039393, -0.7661379269479729, -0.6022499185961573], [-0.9416906372873723, -0.011392912655017143, -0.3362869982418849], [0.2507808429735371, 0.642575192824231, -0.724020780340167]]	0.657158586879538	0.34284141312046207	[[0.14742589820546204, -0.5034741174279485, -0.3957737054529675], [-0.6188400884774611, -0.007486950380813082, -0.22099388855059882], [0.16480278438494894, 0.42227380568021833, -0.4757964728797646]]	0.7532930959878483	0.418209431956586	[[0.20284579085919185, -0.5097473191921158, -0.36649395948119734], [-0.818980570759458, 0.05343310697541663, -0.2031521468294921], [0.1701151225176873, 0.3664939594811973, -0.4236536743186022]]	[[0.03385323182512865, 0.06737909175223467, 0.08717674625653164], [-0.1096115151344831, 0.06201530942163376, 0.05017052721659749], [-0.01879635510029083, -0.11755349692635642, 0.12174618086338025]]	0.3954403219990012	[[0.11221775611442975, -0.6540530136154943, -0.38313538486496185], [-0.8535533905932738, 0.14644660940672602, -0.5], [0.38313538486496185, 0.38313538486496196, -0.5418352575010646]]
11	[[-0.42203838922340475, -0.825029846081567, 0.3757783270710803], [0.2588054115689476, 0.28760896992378115, 0.9221175843470338], [-0.8688517462515349, 0.4864224845687207, 0.09214016247897017]]	0.6647732503160141	0.33522674968398614	[[-0.28055983176217786, -0.5484577723873643, 0.24980737988535626], [0.17204691464806304, 0.19119474975627274, 0.6129991037199289], [-0.5775893993983774, 0.3233606560935397, 0.061252315295790644]]	0.8161039034070364	0.3039926937402688	[[-0.262026283524199, -0.5753516382580741, 0.31266387727642203], [0.2640226618152005, 0.23552513268253897, 0.8285039793142549], [-0.6699077386654763, 0.34669792213710227, 0.023863201721037904]]	[[0.08240089330863964, 0.09795843955639914, 0.0059897177379474925], [0.05281055521091782, 0.0008063296728642866, 0.0759602193283733], [0.03916556293242121, -0.05027336622437965, -0.051332744538608206]]	0.40171905486585313	[[-0.29330632570486764, -0.5476895532767756, 0.16041455616973666], [0.25000000000000006, 0.1464466094067262, 0.9571067811865475], [-0.5476895532767756, 0.32082911233947314, 0.09396867140217117]]
11	[[-0.30792515101507295, 0.09349718223056193, 0.9468053539599837], [0.3027085282091916, -0.9338174967034747, 0.1906631317268273], [0.9019698710720718, 0.34531602882779927, 0.2592434992682147]]	0.7188173612175273	0.28118263878247296	[[-0.2213419445051633, 0.06720739781224677, 0.6805801261201422], [0.21759214546537253, -0.6712442288391487, 0.13705196922934781], [0.6483516026217402, 0.24821915662811428, 0.18634872805677605]]	0.830788365679316	0.280369142368555	[[-0.23582590872300324, 0.07335569468215947, 0.7279652768436127], [0.246956698691373, -0.8486184311328262, 0.11851073796107467], [0.6661222622000316, 0.2530428629873813, 0.1624702140408438]]	[[0.019994724240365795, -0.004320676538790281, -0.05862959578922865], [-0.004530024736732434, -0.07281371920379626, -0.03988997364155633], [-0.08322381287991845, -0.033841676245337654, -0.052906269029183293]]	0.4178212104556991	[[-0.3353848132338211, 0.09823193748920245, 0.5725376889784398], [0.14644660940672619, -0.9571067811865475, 0.2499999999999999], [0.5725376889784398, 0.1676924066169105, 0.3066133448723267]]
11	[[-0.3195682178843842, -0.5708200961323295, -0.7563336379995778], [0.910087742671785, 0.03735879733279218, -0.41272826520656647], [0.2638493031197415, -0.8202248094963509, 0.507557688474819]]	0.6707377856919473	0.3292622143080527	[[-0.2143464788412936, -0.3828706073082632, -0.5073015495961718], [0.6104302373050559, 0.025057956999111265, -0.2768324426971311], [0.17697369733089874, -0.5501557724911819, 0.34043812007852325]]	0.745255036911327	0.2836170976847201	[[-0.28804603835115344, -0.4402217529510237, -0.5395178122325512], [0.7598010222655901, 0.01368574877487598, -0.3411328971933452], [0.19104027329512707, -0.5763136451150581, 0.38527337181993115]]	[[-0.04988621433603978, -0.014815201138197228, 0.024143641072102155], [0.0815535480081827, -0.014156083110336884, -0.03354507867247763], [-0.005594748840403757, 0.034963025561731045, 0.007013447961002096]]	0.3757346945639488	[[-0.36650730916182256, -0.3665073091618226, -0.5183196073255185], [0.8535533905932738, -0.14644660940672602, -0.5], [0.1073475054990635, -0.6256671128245819, 0.36650730916182256]]
11	[[0.3802729664721569, 0.7767473726770865, -0.5020517802076895], [0.4287143634067757, 0.332951791095048, 0.839849450446521], [0.8195098935212374, -0.5346088512602871, -0.20639019011321075]]	0.6741576188451261	0.325842381154874	[[0.2563639175880418, 0.5236501592081926, -0.33846203268177255], [0.28902105439901604, 0.22446198667485745, 0.5661909057014144], [0.5524788384363002, -0.3604106301791634, -0.1391395191197151]]	0.8156920862413928	0.2929976705149547	[[0.3470934014430679, 0.5353970508170999, -0.4165789291404497], [0.4079191670692484, 0.2956240671915478, 0.7145323309253857], [0.6060304943795864, -0.4177268450055545, -0.07266186840565174]]	[[0.036907752080191106, -0.09818963408439338, -0.007059265141634373], [0.05822025358032497, 0.024037926095419833, 0.029473780561975856], [-0.06243724036221325, 0.018349364202063456, 0.09568897634755077]]	0.3934463379149103	[[0.16041455616973663, 0.5007052175756901, -0.3678134480405587], [0.4571067811865474, 0.42677669529663675, 0.7803300858899108], [0.5476895532767756, -0.2933063257048677, -0.16041455616973666]]
11	[[0.8592155572171323, 0.2624339665249735, -0.4391776855101157], [-0.4266000482917053, 0.8413623931712975, -0.33184593135155627], [0.2824199444684594, 0.4724804086637203, 0.8348660002631537]]	0.6924805918870938	0.3075194081129063	[[0.594990097620319, 0.18173042847049145, -0.30412202360564883], [-0.29541225394010284, 0.5826271280148018, -0.22979686695764956], [0.19557033030623894, 0.32718351304650906, 0.5781285020086393]]	0.7818892049638088	0.2836257541463921	[[0.6805427261767957, 0.16396825199813805, -0.27462683064683774], [-0.3388233327231628, 0.7414402509034635, -0.40640121701256543], [0.20515168139181594, 0.3735657093950128, 0.6494223654971647]]	[[0.008731357251756219, -0.04122603344357227, 0.06876146071451235], [-0.00526936012683901, 0.08358807822031017, -0.14693446557762233], [-0.015669424454550815, 0.004138378303960959, -0.00335034769990752]]	0.397778149536546	[[0.5234217202338385, 0.2862688444892199, -0.3066133448723267], [-0.573223304703363, 0.7803300858899106, -0.2499999999999999], [0.16769240661691057, 0.30661334487232667, 0.5725376889784398]]
11	[[0.8489524140446696, -0.5135124485683378, 0.12483895166604869], [0.522794976890395, 0.7815435453534784, -0.34040431673891397], [0.0772347773085365, 0.35425224329800037, 0.9319550081910795]]	0.7587456420756773	0.2412543579243229	[[0.6441389444860192, -0.38962533250283665, 0.09472101053791054], [0.3966684104146415, 0.5929927591293259, -0.25828029186939944], [0.058601550699537486, 0.2687873457978902, 0.7071168010755837]]	0.8814039743470476	0.1981836270229983	[[0.7145187092321037, -0.4562211291914562, 0.05399573807605401], [0.5051034065885228, 0.6689754604707857, -0.29406052622121515], [0.02309088823536884, 0.2662813782163831, 0.7984967640662008]]	[[-0.03375132253838834, -0.003609216146639456, -0.056037810075720285], [0.0443098361886559, -0.019880126529052168, 0.0059731914373548425], [-0.04498415144218441, -0.04595795694783181, -0.02293208406605196]]	0.44116565160897886	[[0.6764183468830514, -0.6764183468830512, 0.0], [0.7071067811865475, 0.7071067811865476, 0.0], [0.0, 0.0, 0.9565999999999999]]
11	[[0.04673222253661188, -0.9725397674033924, -0.22799671093185395], [-0.8377629715199755, -0.16246744520517667, 0.5213036857710898], [-0.5440306084466285, 0.16664552219444034, -0.8223502702654952]]	0.6620311810268437	0.33796881897315634	[[0.030938188477922388, -0.6438516508096397, -0.15094093180845114], [-0.5546252094559274, -0.10755851462759708, 0.3451192947646811], [-0.3601652262246739, 0.11032453187122046, -0.5444215206416098]]	0.760348224663994	0.39391923781539573	[[-0.009794458448739982, -0.8035828533267619, -0.1260961080340073], [-0.6875009314638085, -0.14758869347085907, 0.2723516983760675], [-0.27203656454419145, 0.02999916296944164, -0.5848670520130261]]	[[-0.04532722088905562, -0.06411396776645885, 0.04726078635225767], [-0.050509343379363095, -0.024056859943408188, -0.12402063361077728], [0.141616142751075, -0.09670946397930529, 0.0404055160352989]]	0.35824185981566403	[[0.09823193748920256, -0.6419981581061479, -0.16769240661691054], [-0.8535533905932738, -0.2500000000000001, 0.4571067811865474], [-0.3353848132338211, 0.09823193748920245, -0.5725376889784398]]
