11	[[0.3802729664721569, 0.7767473726770865, -0.5020517802076895], [0.4287143634067757, 0.332951791095048, 0.839849450446521], [0.8195098935212374, -0.5346088512602871, -0.20639019011321075]]	0.6049599776545217	0.3950400223454784	[[0.2300499252996147, 0.4699010732179387, -0.30372123373585663], [0.25935503170673563, 0.20142250810089313, 0.5080753047752897], [0.4957706868722674, -0.32341695871233284, -0.12485780479900045]]	0.7810014455088905	0.3368268098377316	[[0.3408301311714771, 0.4825497242266795, -0.3880772523335195], [0.4044388769566826, 0.3099894030837765, 0.7239629379925577], [0.5548238338493472, -0.4131042407941448, -0.05853583512821322]]	[[0.04383639466876871, -0.12409109662935801, 0.004025913728997736], [0.06961233942556704, 0.049953572953769926, 0.0680393031839772], [-0.0852145775995761, 0.004426044821986895, 0.10265520168905908]]	0.43214768651356655	[[0.38410021609689654, 0.38410021609689665, -0.5431997349146679], [0.5, 0.5000000000000001, 0.7071067811865475], [0.5431997349146679, -0.5431997349146678, 0.0]]
11	[[0.8787972042104137, -0.3840163418041313, 0.28327887866788265], [-0.395223040501579, -0.9183905790867732, -0.018907472103605397], [0.2674214316928388, -0.09534250611366366, -0.9588511794847616]]	0.6216335344182354	0.3783664655817646	[[0.5462898120901832, -0.2387174358300633, 0.17609565057235038], [-0.245683895550518, -0.5709023816541209, -0.011753518710678437], [0.1662381297624041, -0.05926809905572898, -0.5960540476842062]]	0.8097350677476449	0.3001529976804506	[[0.6399661339018352, -0.2652796471511864, 0.1564651646025528], [-0.32167863562248583, -0.853447992272776, -0.03212920902558463], [0.14956346857567976, -0.044822470122959486, -0.7381841825762862]]	[[-0.0716267797859251, 0.0456718513957846, -0.07291567740706205], [-0.0016526801465094713, -0.10979493449714903, -0.016819165820835022], [-0.06697704253329326, 0.032379700524218194, 0.03823124220371651]]	0.49931446540084345	[[0.6197581916335569, -0.6197581916335568, 0.0], [-0.7071067811865475, -0.7071067811865476, 0.0], [0.0, 0.0, -0.8764704399999999]]
11	[[-0.42203838922340475, -0.825029846081567, 0.3757783270710803], [0.2588054115689476, 0.28760896992378115, 0.9221175843470338], [-0.8688517462515349, 0.4864224845687207, 0.09214016247897017]]	0.5962313828642819	0.4037686171357181	[[-0.2516325324284847, -0.49190868603351834, 0.2240508316000166], [0.15430790843251327, 0.17148149386182765, 0.5497954424787032], [-0.5180366781715988, 0.2900203506306882, 0.054936856492176]]	0.7805479583513653	0.3599699960158342	[[-0.24485514832719452, -0.5233452838665987, 0.29264776499820844], [0.2693739946726787, 0.2386721133741551, 0.8260043728318487], [-0.6109517177207011, 0.322692273098506, 0.023585198482688374]]	[[0.08456605472703291, 0.12063007807130965, -0.0006652409898147804], [0.06736395906225186, 0.014179519096608563, 0.10624737500987866], [0.06722873892595305, -0.056983804127807444, -0.048334617222434866]]	0.5140932535101792	[[-0.23643078926818517, -0.4414861256196181, 0.12930829239421016], [0.25000000000000006, 0.1464466094067262, 0.9571067811865475], [-0.4414861256196181, 0.2586165847884202, 0.07574704395722265]]
11	[[0.5319609947059123, -0.8460851799387872, 0.03402011756955908], [-0.703274286200726, -0.4190807785627857, 0.5742617690636116], [-0.47161719485230363, -0.3294103357928521, -0.8179645788128509]]	0.6210080710727567	0.3789919289272434	[[0.3303520712082635, -0.5254257255570324, 0.021126767589540293], [-0.43673900790858267, -0.26025254591894464, 0.3566211934970222], [-0.2928780844599735, -0.2045664772221481, -0.5079626052944084]]	0.7368717251378548	0.3500994537137458	[[0.40914901544903787, -0.5558048313691627, 0.03491108997051208], [-0.6045261937671528, -0.3754432294786509, 0.5636511048274927], [-0.27931156549813885, -0.30519735206525317, -0.5516436275451174]]	[[0.01716199957404295, 0.06765141478590365, 0.009842627247638423], [-0.08630325724933055, -0.06663445320697559, 0.14049384437687285], [0.06820981047735397, -0.06246418965133414, 0.05109134274636675]]	0.4268790049128663	[[0.5085435918271121, -0.508543591827112, 0.0], [-0.5, -0.5000000000000001, 0.7071067811865475], [-0.35959462230991457, -0.3595946223099146, -0.5085435918271121]]
11	[[0.22433838825039393, -0.7661379269479729, -0.6022499185961573], [-0.9416906372873723, -0.011392912655017143, -0.3362869982418849], [0.2507808429735371, 0.642575192824231, -0.724020780340167]]	0.5699734072554989	0.430026592744501	[[0.127866915529284, -0.43667824465020066, -0.3432664381215986], [-0.5367386211152858, -0.006493657244544465, -0.19167464620365107], [0.14293841154403317, 0.36625077207188617, -0.4126725910942702]]	0.7226542550738766	0.45816100306214047	[[0.19833176376753478, -0.4670808607148784, -0.3431612266753917], [-0.8144431939484744, 0.04423727200826573, -0.2038804840797368], [0.15662107598593367, 0.3431612266753916, -0.3926114911308346]]	[[0.03621267292197235, 0.08657197216755291, 0.09205723961601718], [-0.13392644794952432, 0.05247040881609876, 0.03913874612578257], [-0.02460676727990664, -0.12119847062395565, 0.1306052065438956]]	0.4561759028908672	[[0.09860323007227102, -0.5747017407408131, -0.33665248540654197], [-0.8535533905932738, 0.14644660940672602, -0.5], [0.33665248540654197, 0.336652485406542, -0.4760985106685422]]
11	[[0.8489524140446696, -0.5135124485683378, 0.12483895166604869], [0.522794976890395, 0.7815435453534784, -0.34040431673891397], [0.0772347773085365, 0.35425224329800037, 0.9319550081910795]]	0.7098053692579527	0.2901946307420475	[[0.6025909817334069, -0.36449389317460446, 0.0886113581850954], [0.3710826816178896, 0.5547438048007953, -0.2416208117398659], [0.0548216596270415, 0.25145014436459523, 0.6615066687208675]]	0.8611898854080244	0.23353474766894178	[[0.6833420803001308, -0.4282623515202371, 0.05412819502358547], [0.4946396334949915, 0.665946678998212, -0.3118364246232982], [0.02220732646216358, 0.2632709786657619, 0.7571604998106928]]	[[-0.04776715186786397, 0.013969375217923727, -0.053381847456156886], [0.04441388725486134, -0.007110717266131297, -0.018683670098515966], [-0.04430648255768925, -0.04180747014557869, -0.04542972689881763]]	0.44846987879541933	[[0.6619933685468458, -0.6619933685468457, 0.0], [0.7071067811865475, 0.7071067811865476, 0.0], [0.0, 0.0, 0.9361999999999999]]
11	[[0.8592155572171323, 0.2624339665249735, -0.4391776855101157], [-0.4266000482917053, 0.8413623931712975, -0.33184593135155627], [0.2824199444684594, 0.4724804086637203, 0.8348660002631537]]	0.6023677112462914	0.3976322887537086	[[0.517563708668091, 0.15808174776893416, -0.26454645725117193], [-0.2569700947070318, 0.5068095391032968, -0.19989327415463096], [0.17012065555977063, 0.2846069423754776, 0.5028963217758616]]	0.7596562396164637	0.42702028662767255	[[0.49008493083609017, 0.1981256005449256, -0.290996698120602], [-0.35454833622400567, 0.7489273426839673, -0.2515946782094126], [0.24242022448066303, 0.3237204037533653, 0.48663833362351355]]	[[-0.16262352837944097, -0.0012339996130686795, 0.042627370977474335], [-0.030478947718527046, 0.10978115093275106, 0.0004941541331337108], [0.02787815147306271, -0.035202286784566404, -0.1475728327200312]]	0.49820945635381936	[[0.43111792740974875, 0.23578622389426304, -0.2525430348944513], [-0.573223304703363, 0.7803300858899106, -0.2499999999999999], [0.13812037213652015, 0.25254303489445123, 0.4715724477885261]]
11	[[-0.30792515101507295, 0.09349718223056193, 0.9468053539599837], [0.3027085282091916, -0.9338174967034747, 0.1906631317268273], [0.9019698710720718, 0.34531602882779927, 0.2592434992682147]]	0.644427282231089	0.3555727177689111	[[-0.19843536819924112, 0.0602521350411059, 0.6101472010542764], [0.1950736341420224, -0.6017774715004592, 0.12286852380038747], [0.581253992669301, 0.22253106996833105, 0.16706358366949292]]	0.8134561677219965	0.2954689704419197	[[-0.21342606843961592, 0.07010606307960895, 0.7180242937535308], [0.25149660289443154, -0.8457784363980505, 0.12082718756377953], [0.6577372913105388, 0.24469064414445774, 0.143320005360007]]	[[0.037057544850322394, -0.00594979647046911, -0.05216036105742599], [0.005256483600616681, -0.08615883417789401, -0.03426891289659961], [-0.07597566341245199, -0.03620880931878235, -0.06756321806155517]]	0.47845265530110725	[[0.0, 0.0, 0.9361999999999999], [0.0, -1.0, 0.0], [0.9361999999999999, 0.0, 0.0]]
11	[[0.04673222253661188, -0.9725397674033924, -0.22799671093185395], [-0.8377629715199755, -0.16246744520517667, 0.5213036857710898], [-0.5440306084466285, 0.16664552219444034, -0.8223502702654952]]	0.5732604671117808	0.42673953288821914	[[0.026789735720509827, -0.5575186013464514, -0.13070150100874425], [-0.4802563923824946, -0.09313616352877727, 0.29884279441222794], [-0.3118712407212206, 0.0955312898952715, -0.47142090006189696]]	0.7312254574701927	0.43264403299179477	[[-0.010840165529060856, -0.7544876217409061, -0.1214356111224197], [-0.6797657207487549, -0.14606577522253847, 0.2753878635883795], [-0.25978670820929667, 0.02053129338649077, -0.5440336600720742]]	[[-0.04501195633199383, -0.04334178541340569, 0.04528138813042448], [-0.06717210864747276, -0.027265443278369564, -0.1058026625204832], [0.1380223223298766, -0.10132415481549804, 0.05728979250354929]]	0.43883791979533193	[[-0.09860323007227102, -0.5747017407408131, -0.33665248540654197], [-0.8535533905932738, -0.14644660940672602, 0.5], [-0.33665248540654197, 0.336652485406542, -0.4760985106685422]]
11	[[-0.8305561570912853, 0.32773595720904825, 0.4502950280316503], [-0.5100865793185324, -0.772219296347621, -0.37879947194723407], [0.22358030216652452, -0.5443036842615101, 0.808545204538665]]	0.5841202971673763	0.4158797028326235	[[-0.4851447092943557, 0.1914372247173838, 0.2630264655868397], [-0.29795192429263173, -0.4510689648609547, -0.22126446012066364], [0.13059779254228213, -0.3179388298001311, 0.47228766514838205]]	0.7479494565463668	0.39878106225245363	[[-0.5385185491079605, 0.21874099246327836, 0.23324590490461336], [-0.4561805590876526, -0.6759298851895272, -0.2576283439523963], [0.13859371336355272, -0.3519312180839109, 0.5253294474644388]]	[[0.0826954772197053, -0.026388938621932617, -0.10355201659719052], [-0.07466157929476104, -0.09834888215170638, 0.02569451523058819], [-0.028633052136371774, 0.05518042675567088, -0.07942149886342685]]	0.5022326652941236	[[-0.5085435918271121, 0.3595946223099146, 0.35959462230991457], [-0.7071067811865475, -0.5000000000000001, -0.5], [0.0, -0.508543591827112, 0.5085435918271121]]
11	[[0.08740825448676931, -0.06334395238859675, -0.994156597696443], [0.7119981850616444, -0.6940087028176986, 0.10681996481098455], [-0.6967197295301035, -0.717174639895393, -0.015561310176609944]]	0.6883818683530449	0.31161813164695523	[[0.06017025753308067, -0.04360482829412855, -0.684359376157784], [0.49012664089671165, -0.4777430074989206, 0.07353292695399205], [-0.47960922913236065, -0.49369001854661276, -0.010712123773396004]]	0.8716474322097004	0.21350526451510393	[[0.0501353823899116, -0.050135382389911616, -0.784469669515782], [0.6785575522478416, -0.6653126783838331, 0.09229640437469555], [-0.5633934435753731, -0.5741416405240402, 0.0]]	[[-0.02605379818741288, 0.005078211055622249, 0.08208437608065447], [0.05794616250089223, -0.06038177464160113, -0.0008129436615296783], [0.04390051963937851, 0.0509817927866956, 0.013563976057260738]]	0.22660713223603504	[[0.0, 0.0, -0.8205516259279998], [0.7071067811865475, -0.7071067811865476, 0.0], [-0.580217619007336, -0.5802176190073359, 0.0]]
11	[[0.034229894132735264, 0.2773841392786001, 0.9601491309293217], [-0.1827544195208179, -0.9427759796974285, 0.2788803941677556], [0.9825625356654255, -0.18501754344446375, 0.018422055382213542]]	0.7999101091616977	0.20008989083830234	[[0.027380838352309624, 0.22188237713006853, 0.768032996133183], [-0.14618710766868012, -0.7541360368347967, 0.22307924654178668], [0.785961705162325, -0.14799740337349013, 0.014735988331769272]]	0.8868908574641969	0.17355009332018573	[[0.009166126420622542, 0.21962862299059757, 0.8076119494456382], [-0.16714312452750518, -0.8247603664114666, 0.2559227755472242], [0.8381632096501352, -0.14966809013515947, 0.0]]	[[-0.02119205373766772, -0.026380834141168298, -0.043935536577771474], [-0.005059900693315418, 0.011379030619034215, 0.008586303633830178], [-0.033262520118369616, 0.014422277616220322, -0.01633835249418429]]	0.3663638066601401	[[0.0, 0.0, 0.9361999999999999], [0.0, -1.0, 0.0], [0.9361999999999999, 0.0, 0.0]]
11	[[-0.5446221603179724, 0.8109226453022452, -0.2139887049042392], [-0.8354447797583356, -0.5021691245819775, 0.22328947644507607], [0.07361197229480154, 0.30038414347728, 0.9509735242804028]]	0.6484046534347636	0.3515953465652365	[[-0.3531355431138671, 0.5258060167896039, -0.13875127204238707], [-0.541706282883086, -0.32560879719021585, 0.14478193558999936], [0.04773034538446022, 0.194770476448684, 0.6166156584366703]]	0.787904859533374	0.3101305873339453	[[-0.4636729912902686, 0.6042789763255229, -0.10046692056637066], [-0.733978064033795, -0.40247666289289197, 0.09931064365730492], [0.07259870971455987, 0.10415869023079621, 0.7252690891736567]]	[[-0.03456254456617391, -0.03465091661377482, 0.06813581991293258], [-0.07572706219041295, -0.006815169327131558, -0.07662021991643336], [0.014599479023649654, -0.13251543614172293, -0.02400757189445151]]	0.42246137337546574	[[-0.6197581916335569, 0.6197581916335568, 0.0], [-0.7071067811865475, -0.7071067811865476, 0.0], [0.0, 0.0, 0.8764704399999999]]
11	[[-0.3195682178843842, -0.5708200961323295, -0.7563336379995778], [0.910087742671785, 0.03735879733279218, -0.41272826520656647], [0.2638493031197415, -0.8202248094963509, 0.507557688474819]]	0.5861281582399813	0.41387184176001857	[[-0.18730793098060722, -0.33457373163241133, -0.4433084422556372], [0.5334280524489955, 0.02189704307473022, -0.2419116579391074], [0.15464950609047665, -0.4807568569328357, 0.2974938531462879]]	0.7106029101541476	0.46414470848786554	[[-0.24069996489157153, -0.3917758951305319, -0.4151483191166572], [0.7876805237522815, 0.015753096673820355, -0.2188446225393895], [0.16811653361804665, -0.41514831911665717, 0.3233605514333021]]	[[-0.013613859270153371, 0.013850526355571699, 0.12230456509331636], [0.14096952531409174, -0.010794173430720894, 0.07444128381926943], [-0.019375549020985504, 0.16770581749208108, -0.03731141906801654]]	0.45373531826423125	[[-0.3151740568376046, -0.31517405683760463, -0.4457234256878892], [0.8535533905932738, -0.14644660940672602, -0.5], [0.09231234399366013, -0.5380357696815492, 0.3151740568376046]]
