11	[[0.8592155572171323, 0.2624339665249735, -0.4391776855101157], [-0.4266000482917053, 0.8413623931712975, -0.33184593135155627], [0.2824199444684594, 0.4724804086637203, 0.8348660002631537]]	0.89506928527732	0.1049307147226802	[[0.7690574546974929, 0.23489658285000012, -0.3930944570792868], [-0.3818366003237268, 0.7530776359150485, -0.29702510059702397], [0.2527854178434443, 0.4229027016901721, 0.7472629141578758]]	0.89506928527732	0.10493071472268004	[[0.7690574546974929, 0.2348965828500002, -0.39309445707928686], [-0.3818366003237269, 0.7530776359150487, -0.2970251005970241], [0.2527854178434444, 0.4229027016901722, 0.7472629141578758]]	[[0.0, 0.0, 0.0], [0.0, 0.0, 0.0], [0.0, 0.0, 0.0]]	0.1603618560080024	[[0.7883337960021258, 0.23089762301049013, -0.4221794769518003], [-0.4571067811865474, 0.7803300858899107, -0.4267766952966369], [0.23089762301049016, 0.5294235940408979, 0.7207054479822081]]
11	[[0.8489524140446696, -0.5135124485683378, 0.12483895166604869], [0.522794976890395, 0.7815435453534784, -0.34040431673891397], [0.0772347773085365, 0.35425224329800037, 0.9319550081910795]]	0.8929735609689511	0.107026439031049	[[0.7580920602626561, -0.4585530397999539, 0.11147788321686226], [0.46684209217049655, 0.6978977227465946, -0.3039720548875507], [0.06896861412384778, 0.31633788717905464, 0.8322111823272361]]	0.9189556347067749	0.1377060159640604	[[0.7743940205527831, -0.48386846147161533, 0.06059947685915538], [0.5049597607036573, 0.6709189850450797, -0.28951208872001466], [0.024276521243000053, 0.2976605403885494, 0.8577559008194682]]	[[-0.005755583931485004, -0.011973303367668362, -0.05412198120524675], [0.024534370893830714, -0.04728485972620893, 0.02330437622572015], [-0.046698812560002516, -0.027881554697663336, 0.001330594749077158]]	0.21775153958709303	[[0.7883337960021256, -0.4617952460209804, 0.1352566960398352], [0.49999999999999994, 0.7071067811865475, -0.4999999999999999], [0.135256696039835, 0.4617952460209804, 0.7883337960021258]]
11	[[0.8787972042104137, -0.3840163418041313, 0.28327887866788265], [-0.395223040501579, -0.9183905790867732, -0.018907472103605397], [0.2674214316928388, -0.09534250611366366, -0.9588511794847616]]	0.8692683893970838	0.13073161060291633	[[0.7639106303106465, -0.3338132669422372, 0.24624537460984228], [-0.343554895869426, -0.7983278995202145, -0.016435667823071355], [0.2324609972178962, -0.08287822673050603, -0.8334990204622127]]	0.8705723307067351	0.11874347164496434	[[0.7772667604527727, -0.3429479382632404, 0.2379808170925456], [-0.3532180023140413, -0.8151416280072724, -0.013781005538442047], [0.2241757625204232, -0.08047372629582497, -0.8494883577566694]]	[[0.012210230164750235, -0.008633936549343427, -0.008633936549343423], [-0.009147758795579245, -0.015616201072592213, 0.0026793165185662756], [-0.008633936549343423, 0.0025288214669683087, -0.014739051631718545]]	0.1512932930919783	[[0.7685259114675356, -0.4419873614863904, 0.2589102019612279], [-0.47855339059327373, -0.8749999999999999, -0.07322330470336318], [0.2589102019612279, -0.06762834801991757, -0.8839747229727808]]
11	[[-0.30792515101507295, 0.09349718223056193, 0.9468053539599837], [0.3027085282091916, -0.9338174967034747, 0.1906631317268273], [0.9019698710720718, 0.34531602882779927, 0.2592434992682147]]	0.8884788911374137	0.11152110886258652	[[-0.27358499672719266, 0.08307027279268236, 0.8412165710093327], [0.2689501374811411, -0.8296771339958188, 0.16940016785743817], [0.8013811908894701, 0.30680600238489836, 0.23033237676440632]]	0.8885277011860152	0.10960055850849103	[[-0.28195931857171114, 0.08307483639469113, 0.8412627846246759], [0.26896491269911504, -0.8359403042226409, 0.1756270646835875], [0.8014252160827144, 0.3127337693382398, 0.2362559425133968]]	[[-0.00835929200293182, 0.0, 0.0], [0.0, -0.006217590549423224, 0.006217590549423223], [0.0, 0.0059109120611915665, 0.005910912061191568]]	0.22960400978859535	[[-0.23257214243602975, 0.1362376068088591, 0.8903854985624303], [0.4571067811865472, -0.8535533905932738, 0.25000000000000017], [0.7940509629352597, 0.46514428487205906, 0.13623760680885907]]
11	[[-0.8305561570912853, 0.32773595720904825, 0.4502950280316503], [-0.5100865793185324, -0.772219296347621, -0.37879947194723407], [0.22358030216652452, -0.5443036842615101, 0.808545204538665]]	0.8923172931854916	0.10768270681450846	[[-0.7411196219342396, 0.292444462216334, 0.40180604054808716], [-0.4551590757477593, -0.6890646322625142, -0.33800931946804946], [0.19950457003882746, -0.48569159021112107, 0.7214788683320511]]	0.8923172931854916	0.10768270681450842	[[-0.7411196219342396, 0.2924444622163341, 0.4018060405480872], [-0.45515907574775943, -0.6890646322625142, -0.3380093194680494], [0.19950457003882746, -0.48569159021112107, 0.7214788683320511]]	[[0.0, 0.0, 0.0], [0.0, 0.0, 0.0], [0.0, 0.0, 0.0]]	0.1826107254259312	[[-0.7259321595308301, 0.39702548146762984, 0.425241213690371], [-0.573223304703363, -0.7803300858899106, -0.2499999999999999], [0.23257214243602964, -0.42524121369037093, 0.7940509629352597]]
11	[[0.3802729664721569, 0.7767473726770865, -0.5020517802076895], [0.4287143634067757, 0.332951791095048, 0.839849450446521], [0.8195098935212374, -0.5346088512602871, -0.20639019011321075]]	0.8760283318747168	0.12397166812528317	[[0.3331298924756537, 0.6804527051743773, -0.4398115835300742], [0.3755659286259689, 0.29167520214769416, 0.7357319131005635], [0.7179138849762365, -0.46833250017500777, -0.18080365396018167]]	0.8791238686476537	0.2058546667383347	[[0.3431337534936652, 0.6491477251778854, -0.4413657032776254], [0.40404479063079907, 0.30198583218979286, 0.7210418367067386], [0.6972600054806254, -0.45342384292818244, -0.08902372912207315]]	[[0.00882671206654313, -0.033709430051895535, 1.3232647644066083e-18], [0.02715176092781827, 0.009279965529148896, -0.01728986125141283], [-0.02319070250679154, 0.01656355860503924, 0.09241881326117742]]	0.17589746865743816	[[0.23257214243602958, 0.7259321595308302, -0.5332630882764885], [0.4571067811865474, 0.42677669529663675, 0.7803300858899108], [0.7940509629352597, -0.42524121369037093, -0.23257214243602964]]
11	[[0.08740825448676931, -0.06334395238859675, -0.994156597696443], [0.7119981850616444, -0.6940087028176986, 0.10681996481098455], [-0.6967197295301035, -0.717174639895393, -0.015561310176609944]]	0.9390928547484583	0.06090714525154182	[[0.08208446723455992, -0.059485853079657744, -0.9336053573977672], [0.6686324081852608, -0.6517386139493467, 0.10031386569847736], [-0.6542845197639986, -0.6734935799325622, -0.014613515197378867]]	0.9622583760623414	0.059956340588431224	[[0.06471056242845293, -0.06257988067619694, -0.939492819147605], [0.6829138385507758, -0.6693602466125835, 0.09396029875862016], [-0.6802406024621186, -0.6946176087782546, -0.00023122747887803957]]	[[-0.01939876258842959, -0.0016266319173755682, 0.01714269410343676], [-0.002212378765976669, -0.0015445592660928687, -0.008828107111434294], [-0.00981620695388734, -0.00451030443941928, 0.01474277358106903]]	0.11942973984222796	[[0.0, 0.0, -0.9785551467519997], [0.7071067811865475, -0.7071067811865476, 0.0], [-0.6919429800333362, -0.6919429800333361, 0.0]]
11	[[-0.42203838922340475, -0.825029846081567, 0.3757783270710803], [0.2588054115689476, 0.28760896992378115, 0.9221175843470338], [-0.8688517462515349, 0.4864224845687207, 0.09214016247897017]]	0.8581663732449996	0.14183362675500064	[[-0.36217915385001076, -0.7080128708306985, 0.3224803240866622], [0.22209810142230318, 0.2468163466322214, 0.7913303030645338], [-0.7456193519682642, 0.4174314194471608, 0.0790715890647828]]	0.8760750021371991	0.20222226819942446	[[-0.29624488465404125, -0.675681116281871, 0.34968659159197174], [0.25521419357664615, 0.23198583383553686, 0.8298470551419681], [-0.7849922976904163, 0.39676975092576494, 0.022183782735633355]]	[[0.07349239808683326, 0.04710690788729085, 0.020476592900061867], [0.0284812420832617, -0.019981195105117415, 0.02200289046439142], [-0.023813002236193516, -0.02937282828235883, -0.058537910305052315]]	0.18217996812066706	[[-0.42524121369037077, -0.7940509629352597, 0.23257214243602964], [0.25000000000000006, 0.1464466094067262, 0.9571067811865475], [-0.7940509629352597, 0.46514428487205906, 0.13623760680885907]]
11	[[0.034229894132735264, 0.2773841392786001, 0.9601491309293217], [-0.1827544195208179, -0.9427759796974285, 0.2788803941677556], [0.9825625356654255, -0.18501754344446375, 0.018422055382213542]]	0.9149587678985786	0.08504123210142163	[[0.031318941760986235, 0.2537950503089557, 0.8784968658339831], [-0.16721275851278747, -0.8626011487883347, 0.25516406183879964], [0.8990042070157407, -0.1692834235895683, 0.016855421094669486]]	0.9326155711250761	0.12268658866464108	[[0.011694768475856168, 0.24336836109084561, 0.8857398021998808], [-0.16336509366212965, -0.8279719249020739, 0.2519474183482207], [0.9198842831199932, -0.1657804238848342, 0.0]]	[[-0.02022856379029561, -0.015324406383503731, -0.009710227907013843], [0.007074523674909682, 0.05127563384644638, -0.008140779734127055], [0.003531162754279366, 0.006769818062782926, -0.01718069570158086]]	0.158080303760081	[[0.13525669603983528, 0.23089762301049033, 0.8839747229727808], [-0.25000000000000017, -0.9267766952966368, 0.2803300858899109], [0.8839747229727808, -0.2589102019612279, -0.06762834801991753]]
11	[[-0.5446221603179724, 0.8109226453022452, -0.2139887049042392], [-0.8354447797583356, -0.5021691245819775, 0.22328947644507607], [0.07361197229480154, 0.30038414347728, 0.9509735242804028]]	0.8855939195942086	0.11440608040579138	[[-0.4823140736538587, 0.7181481639409195, -0.18950709592503368], [-0.7398648171107048, -0.44471792333774585, 0.19774380264913366], [0.06519031507361356, 0.2660183710059935, 0.8421763707978004]]	0.8855939195942089	0.11440608040579123	[[-0.4823140736538588, 0.7181481639409196, -0.1895070959250337], [-0.7398648171107051, -0.44471792333774596, 0.1977438026491337], [0.06519031507361361, 0.26601837100599357, 0.8421763707978006]]	[[0.0, 0.0, 0.0], [0.0, 0.0, 0.0], [0.0, 0.0, 0.0]]	0.1249372408654386	[[-0.46514428487205917, 0.7940509629352596, -0.13623760680885907], [-0.8535533905932738, -0.45710678118654735, 0.25000000000000017], [0.13623760680885907, 0.23257214243602975, 0.8903854985624303]]
11	[[0.04673222253661188, -0.9725397674033924, -0.22799671093185395], [-0.8377629715199755, -0.16246744520517667, 0.5213036857710898], [-0.5440306084466285, 0.16664552219444034, -0.8223502702654952]]	0.8794519581867574	0.12054804181324268	[[0.04109874462024263, -0.8553020028574069, -0.200512153889159], [-0.7367722857995991, -0.14288231282729225, 0.4584615472613589], [-0.47844878391192047, 0.1465567308169553, -0.7232175555003989]]	0.8810868680813561	0.1148177363377027	[[0.04811756106255442, -0.8638344312153154, -0.1910668526839259], [-0.7506082874902033, -0.14528681735264734, 0.4666164416207052], [-0.4813716107639886, 0.13497774011885574, -0.7315044375633718]]	[[0.006942413469289993, -0.006942413469289995, 0.00981805528387156], [-0.012466334719137875, -0.0021388848916388784, 0.007302609805388377], [-0.002033385827354216, -0.011851441111225774, -0.006942413469289993]]	0.14674367473215996	[[0.13722563135461227, -0.8968427664810942, -0.23425880583806366], [-0.8535533905932738, -0.2500000000000001, 0.4571067811865474], [-0.4685176116761273, 0.13722563135461213, -0.7998095919976428]]
11	[[-0.3195682178843842, -0.5708200961323295, -0.7563336379995778], [0.910087742671785, 0.03735879733279218, -0.41272826520656647], [0.2638493031197415, -0.8202248094963509, 0.507557688474819]]	0.8907414549054824	0.10925854509451782	[[-0.28465265933988854, -0.5084531229181986, -0.6736977251057004], [0.8106528799991118, 0.03327702948973037, -0.3676341754307128], [0.23502151213667619, -0.7306082401603518, 0.4521026738805238]]	0.8887972755766373	0.10558402150827817	[[-0.2924021085082274, -0.49897259919510323, -0.6840653009452765], [0.8239146672956893, 0.035783336811957264, -0.37563680796760146], [0.23205680671605758, -0.7433033351645709, 0.44274514362268924]]	[[-0.008370747091705487, 0.008370747091705488, -0.011838024064285043], [0.015031161073315145, 0.0025789395237518185, -0.008805050298533483], [-0.0024517350595629687, -0.014289759123848009, -0.008370747091705487]]	0.2442022125417625	[[-0.47533783498656834, -0.47533783498656845, -0.6722292129470694], [0.8535533905932738, -0.14644660940672602, -0.5], [0.1392232285130339, -0.8114524414601031, 0.47533783498656834]]
11	[[0.5319609947059123, -0.8460851799387872, 0.03402011756955908], [-0.703274286200726, -0.4190807785627857, 0.5742617690636116], [-0.47161719485230363, -0.3294103357928521, -0.8179645788128509]]	0.8901492543036043	0.10985074569639582	[[0.4735246827560714, -0.7531420919998422, 0.03028298228586397], [-0.6260190814324756, -0.3730444425306377, 0.5111786855070424], [-0.41980969431453574, -0.2932243647659072, -0.728110559877021]]	0.8901492543036043	0.10985074569639576	[[0.47352468275607135, -0.7531420919998424, 0.030282982285863957], [-0.6260190814324758, -0.3730444425306375, 0.5111786855070424], [-0.41980969431453574, -0.29322436476590713, -0.728110559877021]]	[[0.0, 0.0, 0.0], [0.0, 0.0, 0.0], [0.0, 0.0, 0.0]]	0.21642081589382545	[[0.4651442848720591, -0.7940509629352597, -0.1362376068088588], [-0.7071067811865477, -0.49999999999999983, 0.49999999999999994], [-0.46514428487205917, -0.1362376068088589, -0.7940509629352597]]
11	[[0.22433838825039393, -0.7661379269479729, -0.6022499185961573], [-0.9416906372873723, -0.011392912655017143, -0.3362869982418849], [0.2507808429735371, 0.642575192824231, -0.724020780340167]]	0.8938572060465763	0.10614279395342371	[[0.20052648493048925, -0.6848179068280311, -0.5383254295781391], [-0.8417369620059105, -0.010183637074546344, -0.3005925566782813], [0.22416226363033104, 0.5743704665327073, -0.6471711918345237]]	0.9015371851586542	0.0951071575468516	[[0.18918272578431863, -0.7164345987282418, -0.5353956096654315], [-0.8694181433542836, -0.00645899169963669, -0.3259325327893539], [0.24453095654159393, 0.5636651197158702, -0.6720480056644953]]	[[-0.013066673281970882, -0.025732768624279645, 0.007555086707776741], [-0.020449016923966647, 0.003812142706125907, -0.022757298988911656], [0.01844270127551682, -0.01564031087566655, -0.019316349360248786]]	0.24932770169731547	[[0.23089762301049002, -0.7883337960021258, -0.4221794769518003], [-0.9571067811865474, -0.14644660940672607, -0.2499999999999999], [0.13525669603983517, 0.46179524602098027, -0.7883337960021258]]
