11	[[0.5319609947059123, -0.8460851799387872, 0.03402011756955908], [-0.703274286200726, -0.4190807785627857, 0.5742617690636116], [-0.47161719485230363, -0.3294103357928521, -0.8179645788128509]]	0.6452939135571697	0.3547060864428304	[[0.3432711921335429, -0.545973616965422, 0.021952974806135804], [-0.4538186164465913, -0.27043027569536554, 0.3705676243653216], [-0.3043317053670973, -0.21256648474995093, -0.5278275642132865]]	0.7588849843378032	0.32296660653324893	[[0.42483578060059146, -0.5808127563850473, 0.028149513306063887], [-0.6024660831476102, -0.37591240068823106, 0.5649941061354656], [-0.29615256117658045, -0.3134309103758886, -0.5746079305516509]]	[[0.021138569464872865, 0.06126858214124654, 0.002332156917118834], [-0.06876178747899273, -0.057878290612337034, 0.12919547251382762], [0.06175064635234868, -0.0634463528570195, 0.04613310602961738]]	0.40702855656254305	[[0.530084339235358, -0.5300843392353579, 0.0], [-0.5, -0.5000000000000001, 0.7071067811865475], [-0.3748262308741118, -0.3748262308741119, -0.530084339235358]]
11	[[0.8787972042104137, -0.3840163418041313, 0.28327887866788265], [-0.395223040501579, -0.9183905790867732, -0.018907472103605397], [0.2674214316928388, -0.09534250611366366, -0.9588511794847616]]	0.6428027725435815	0.3571972274564185	[[0.5648932793700019, -0.24684676921373927, 0.18209244861075186], [-0.25405046620751925, -0.5903440105148833, -0.012153775489987972], [0.17189923772973079, -0.06128642727111637, -0.6163521966294881]]	0.8169648264330125	0.2931111407018205	[[0.6459889335988889, -0.2657250228156306, 0.16162944067040616], [-0.3193473487159377, -0.8542031952388857, -0.032637274689007], [0.15381865854922566, -0.04794114654695817, -0.7440087509367376]]	[[-0.0719574718086883, 0.048002821213821975, -0.06979943927263901], [0.003535973969762362, -0.10391039519754611, -0.017190535023597985], [-0.06465524497818209, 0.029950327411879495, 0.039338936486120066]]	0.47114797660930696	[[0.44592411241602486, -0.3153159637839635, 0.3153159637839634], [-0.5, -0.8535533905932737, -0.14644660940672619], [0.3153159637839634, -0.09235390757595106, -0.5382780199919759]]
11	[[-0.3195682178843842, -0.5708200961323295, -0.7563336379995778], [0.910087742671785, 0.03735879733279218, -0.41272826520656647], [0.2638493031197415, -0.8202248094963509, 0.507557688474819]]	0.6175362831524142	0.3824637168475858	[[-0.19734496948596347, -0.3525021205142626, -0.46706346363340284], [0.562012201952105, 0.02307041284793679, -0.2548746788476069], [0.16293651796091985, -0.5065185802057734, 0.3134352884261706]]	0.7247046060585407	0.34439709834173493	[[-0.25799540404475046, -0.3872083906802239, -0.5383628335494328], [0.7453745063977882, 0.09471313900880401, -0.35726016298070573], [0.22474668147425209, -0.5606658614591118, 0.28695074649935726]]	[[-0.026402844594017993, 0.026467562217654225, 0.009755637625874006], [0.08582972736612554, 0.06763904650492197, -0.05815408813495618], [0.03353387619803938, 0.033754835986382715, -0.08087864817876986]]	0.4242093015283005	[[-0.3340211480762325, -0.33402114807623257, -0.47237723772884], [0.8535533905932738, -0.14644660940672602, -0.5], [0.0978325292118127, -0.5702097669406525, 0.3340211480762325]]
11	[[-0.42203838922340475, -0.825029846081567, 0.3757783270710803], [0.2588054115689476, 0.28760896992378115, 0.9221175843470338], [-0.8688517462515349, 0.4864224845687207, 0.09214016247897017]]	0.621749435676147	0.37825056432385307	[[-0.262402130333322, -0.5129618412171927, 0.2336399627957707], [0.1609121185929261, 0.1788207147455089, 0.5733260876948201], [-0.5402080829181267, 0.3024329052807915, 0.057288094024408195]]	0.7946524318459093	0.33917737772325113	[[-0.2534981276695771, -0.5406252428264227, 0.3018639674626456], [0.26878702518903785, 0.2388999966248068, 0.8253862930563884], [-0.6317245571456008, 0.3347665023289649, 0.023733987857537484]]	[[0.08187570465913192, 0.11498673070775084, 0.0032508060206241558], [0.06312667551089224, 0.01035082925417709, 0.09262331220714258], [0.05871059592674623, -0.0517703079380984, -0.04948541632705337]]	0.4730682999324486	[[-0.2568843264906735, -0.4796789216235695, 0.14049470335129305], [0.25000000000000006, 0.1464466094067262, 0.9571067811865475], [-0.4796789216235695, 0.280989406702586, 0.08229989178160282]]
11	[[0.8489524140446696, -0.5135124485683378, 0.12483895166604869], [0.522794976890395, 0.7815435453534784, -0.34040431673891397], [0.0772347773085365, 0.35425224329800037, 0.9319550081910795]]	0.7259922270110221	0.274007772988978	[[0.616332853698673, -0.37280604613401047, 0.09063210853775604], [0.37954508954283367, 0.5673945389972614, -0.2471308879934495], [0.05607184798092477, 0.2571843750355657, 0.676592091870717]]	0.8692026810794227	0.21979325201862734	[[0.6959575681102204, -0.43649538318113107, 0.05433930614325399], [0.4962437787928855, 0.6670747600513429, -0.30750885074747947], [0.022409420695924803, 0.266808660554108, 0.771722412229698]]	[[-0.0419541462862547, 0.009851013882127321, -0.05417104534802], [0.04182898322489928, -0.012244984950217861, -0.011628505987006432], [-0.044723254813227295, -0.041108339098913906, -0.03833537953538364]]	0.44563040019901184	[[0.6675088014401008, -0.6675088014401007, 0.0], [0.7071067811865475, 0.7071067811865476, 0.0], [0.0, 0.0, 0.944]]
11	[[0.3802729664721569, 0.7767473726770865, -0.5020517802076895], [0.4287143634067757, 0.332951791095048, 0.839849450446521], [0.8195098935212374, -0.5346088512602871, -0.20639019011321075]]	0.6272086464239093	0.3727913535760911	[[0.23851049257260618, 0.48718266823012324, -0.3148912174987788], [0.2688933555748516, 0.2088302422171412, 0.5267608370144266], [0.5140036910464572, -0.3353112939652057, -0.12944971177608022]]	0.794260539678232	0.31954242532933874	[[0.34339951442046834, 0.5024684613326851, -0.39899907861941813], [0.4059269558997139, 0.3046300297302567, 0.7202549339206774], [0.5741979169736555, -0.4151289700614389, -0.06383006074943208]]	[[0.04136370284525077, -0.11447132608346643, -0.00023916072524166054], [0.06541605425243857, 0.04017956044827005, 0.05319565616055722], [-0.07670645332617279, 0.00948974465731635, 0.10009752303417957]]	0.4200951292436834	[[0.3970616852479998, 0.3970616852479999, -0.5615300203764386], [0.5, 0.5000000000000001, 0.7071067811865475], [0.5615300203764386, -0.5615300203764385, 0.0]]
11	[[0.08740825448676931, -0.06334395238859675, -0.994156597696443], [0.7119981850616444, -0.6940087028176986, 0.10681996481098455], [-0.6967197295301035, -0.717174639895393, -0.015561310176609944]]	0.7164809190912288	0.2835190809087713	[[0.06262634651084051, -0.045384733226252846, -0.7122942328381566], [0.5101331140242537, -0.4972439932521363, 0.07653446656506693], [-0.49918639216272087, -0.5138419451411723, -0.011149381817601185]]	0.8811368829451094	0.19228386921014423	[[0.04912476881278352, -0.049124768812783534, -0.8066273982763975], [0.6814833752439814, -0.6688989484538976, 0.08748378008330038], [-0.5801334213529049, -0.5907198487028005, 0.0]]	[[-0.02789386808936127, 0.006689923948328021, 0.06936064737716144], [0.054115513796189285, -0.057382283316332126, -0.006639230746556812], [0.033772029411610435, 0.04120917802190725, 0.013711644343560096]]	0.21020424126543621	[[0.0, 0.0, -0.8412323839999999], [0.7071067811865475, -0.7071067811865476, 0.0], [-0.5948411232801257, -0.5948411232801256, 0.0]]
11	[[-0.5446221603179724, 0.8109226453022452, -0.2139887049042392], [-0.8354447797583356, -0.5021691245819775, 0.22328947644507607], [0.07361197229480154, 0.30038414347728, 0.9509735242804028]]	0.672659142663814	0.32734085733618606	[[-0.3663450754352017, 0.5454745313556804, -0.14394145878062542], [-0.561969569295201, -0.33778865281355097, 0.15019770779139677], [0.04951576617361363, 0.20205614042123127, 0.6396810355384414]]	0.7973219975279001	0.299445367435862	[[-0.4736067450848964, 0.6116436229707096, -0.10676802092329778], [-0.7347118636254699, -0.40569480732035734, 0.09724384499809842], [0.07407607407800455, 0.10991555679517373, 0.7350456379844332]]	[[-0.03936751632221046, -0.03492284042228546, 0.06384988071935858], [-0.06859336300429728, -0.005304317811818224, -0.0807897663880486], [0.015383629285944975, -0.12958732850783852, -0.023186471990964522]]	0.4164718939868005	[[-0.6301283085594552, 0.6301283085594551, 0.0], [-0.7071067811865475, -0.7071067811865476, 0.0], [0.0, 0.0, 0.8911359999999999]]
11	[[0.034229894132735264, 0.2773841392786001, 0.9601491309293217], [-0.1827544195208179, -0.9427759796974285, 0.2788803941677556], [0.9825625356654255, -0.18501754344446375, 0.018422055382213542]]	0.8153036633516915	0.18469633664830878	[[0.02790775808255963, 0.22615230490949853, 0.7828131038106187], [-0.1490003477290347, -0.7686487099672933, 0.22737220700193486], [0.8010868348001482, -0.150845480954602, 0.015019569239586444]]	0.8935386256594895	0.16283991104115075	[[0.009142655359511406, 0.2230221445709497, 0.8182278982184046], [-0.16666694870963308, -0.8251834251052735, 0.2553775973288278], [0.849311141493302, -0.15176756894016283, 0.0]]	[[-0.02144307720032268, -0.024831298019791063, -0.03970243666033466], [-0.0033688158578036916, 0.017223328098345654, 0.006187193200794788], [-0.028646436249685443, 0.013552752552098184, -0.01646081804804609]]	0.36278364453738954	[[0.0, 0.0, 0.944], [0.0, -1.0, 0.0], [0.944, 0.0, 0.0]]
11	[[-0.30792515101507295, 0.09349718223056193, 0.9468053539599837], [0.3027085282091916, -0.9338174967034747, 0.1906631317268273], [0.9019698710720718, 0.34531602882779927, 0.2592434992682147]]	0.671309828167146	0.3286901718328542	[[-0.2067131802162711, 0.06276557733731086, 0.6355997394746103], [0.20321121005684212, -0.6268808632514841, 0.12799403419734634], [0.6055012391613352, 0.23181404397575123, 0.1740327089471948]]	0.8200902727784827	0.2897440650759679	[[-0.22223659067640653, 0.07119948360548231, 0.7215234699709395], [0.2496405811470337, -0.8470162103836983, 0.11969495856787406], [0.6606172894128955, 0.24773180248440835, 0.15103710707092424]]	[[0.03028983041490014, -0.005476646073998729, -0.05494239102623137], [0.0013922616755846877, -0.08120156478682602, -0.036666021138779537], [-0.07907942819257285, -0.03545851379176393, -0.061565964959994335]]	0.46215537759614	[[-0.35383596194516154, -0.10363615382607264, 0.6040357700642506], [0.5, -0.8535533905932737, 0.14644660940672619], [0.5003996162381779, 0.3538359619451616, 0.35383596194516154]]
11	[[-0.8305561570912853, 0.32773595720904825, 0.4502950280316503], [-0.5100865793185324, -0.772219296347621, -0.37879947194723407], [0.22358030216652452, -0.5443036842615101, 0.808545204538665]]	0.6134701242780264	0.38652987572197367	[[-0.5095213889106707, 0.2010562183994128, 0.2762425468083539], [-0.31292287720709344, -0.47373346770026514, -0.23238215913192045], [0.13715983575621649, -0.3339140488288962, 0.49601832711273713]]	0.7539849708086572	0.3999301168519223	[[-0.5909904527946119, 0.2331542783580074, 0.19459175641118398], [-0.5692163046166273, -0.6229132360631356, -0.2917674964661621], [0.16686105759286124, -0.25253003846472144, 0.5714783186324905]]	[[0.03523640706481129, -0.01395370777120413, -0.1449239271545433], [-0.18461868999925587, -0.04067149244859275, -0.006158387667692033], [-0.0017151300095565123, 0.1578667590242379, -0.038152613809074476]]	0.4727571587175221	[[-0.43852897573276806, 0.23983946081178475, 0.2568843264906736], [-0.573223304703363, -0.7803300858899106, -0.2499999999999999], [0.14049470335129305, -0.2568843264906736, 0.4796789216235695]]
11	[[0.8592155572171323, 0.2624339665249735, -0.4391776855101157], [-0.4266000482917053, 0.8413623931712975, -0.33184593135155627], [0.2824199444684594, 0.4724804086637203, 0.8348660002631537]]	0.6340513682693554	0.3659486317306446	[[0.5447867996918393, 0.16639661555551366, -0.2784612124110576], [-0.27048634432312874, 0.5334669766006405, -0.2104073668280728], [0.17906875221678206, 0.2995768495936961, 0.5293479297884167]]	0.7673360598192942	0.41486410560927767	[[0.5017584656923606, 0.20430622643092405, -0.29338899620884495], [-0.35665948887262056, 0.74870238271875, -0.25002662695981653], [0.2445246867117894, 0.32829937416467314, 0.4992631317567665]]	[[-0.15754861451807298, 0.0029311805949023126, 0.04360787855104429], [-0.02931388869774276, 0.10309467906255484, 0.004610722470550668], [0.02781367930897788, -0.03425188096115589, -0.14135965536225575]]	0.461036590979871	[[0.4645434064965764, 0.2540672254362127, -0.2721232272146967], [-0.573223304703363, 0.7803300858899106, -0.2499999999999999], [0.14882913490603078, 0.2721232272146966, 0.5081344508724254]]
11	[[0.22433838825039393, -0.7661379269479729, -0.6022499185961573], [-0.9416906372873723, -0.011392912655017143, -0.3362869982418849], [0.2507808429735371, 0.642575192824231, -0.724020780340167]]	0.6032877206119758	0.3967122793880243	[[0.13534059489334457, -0.46220160362282703, -0.36332998062862365], [-0.5681103980907376, -0.006873204306776626, -0.2028778166407903], [0.15129300313065505, 0.3876577234007312, -0.43679284624712333]]	0.7335725694838571	0.4433918490659361	[[0.20773197654113656, -0.4791048454806696, -0.3551265760282476], [-0.8104213567760115, 0.04573432413704205, -0.20852242054751857], [0.16559252742917982, 0.35512657602824754, -0.3995577200733982]]	[[0.04316348863842791, 0.08291292216959051, 0.08666744422777922], [-0.11962293632222287, 0.05409185234728816, 0.038168496836794234], [-0.01837341992824547, -0.11624895925840859, 0.13156406412044533]]	0.4328073748582911	[[0.10363615382607276, -0.6040357700642505, -0.35383596194516154], [-0.8535533905932738, 0.14644660940672602, -0.5], [0.35383596194516154, 0.3538359619451616, -0.5003996162381779]]
11	[[0.04673222253661188, -0.9725397674033924, -0.22799671093185395], [-0.8377629715199755, -0.16246744520517667, 0.5213036857710898], [-0.5440306084466285, 0.16664552219444034, -0.8223502702654952]]	0.6120616158819528	0.3879383841180472	[[0.028602999639513654, -0.5952542615463788, -0.139548035308721], [-0.5127625580745827, -0.09944008704049298, 0.31906997627827094], [-0.33298025329508546, 0.10199732759382099, -0.5033290352396598]]	0.7426208674232847	0.4171234670446796	[[-0.013298246363882292, -0.7678003939041523, -0.12787895627043183], [-0.6801290060056908, -0.15243121804519985, 0.2795835790258098], [-0.2675875586532708, 0.030978934263395267, -0.5529888641043811]]	[[-0.048002570000639073, -0.04557206823140551, 0.041436158971437445], [-0.05798874140041829, -0.03177950295888651, -0.10754741629247225], [0.1364209236961818, -0.09277550798084627, 0.05770560692595364]]	0.41905317803612857	[[-0.10363615382607276, -0.6040357700642505, -0.35383596194516154], [-0.8535533905932738, -0.14644660940672602, 0.5], [-0.35383596194516154, 0.3538359619451616, -0.5003996162381779]]
