11	[[0.08740825448676931, -0.06334395238859675, -0.994156597696443], [0.7119981850616444, -0.6940087028176986, 0.10681996481098455], [-0.6967197295301035, -0.717174639895393, -0.015561310176609944]]	0.6448578270425478	0.3551421729574523	[[0.05636589705392009, -0.0408478434935971, -0.6410896633305407], [0.4591376024770896, -0.4475369440476386, 0.06888369039277291], [-0.4492851708424542, -0.46247567989296484, -0.010034832666423774]]	0.8510454662675757	0.2474281765254467	[[0.04862647967487268, -0.048626479674872686, -0.7502804401578874], [0.6734490586536781, -0.6651169986927055, 0.09475039378577557], [-0.538540339757204, -0.5456386632676955, 0.0]]	[[-0.025761919020454806, 0.005282103820911746, 0.0957920250716686], [0.06750623126622336, -0.07448403860946182, 0.0038417470265251852], [0.054399827318562216, 0.06470956253736007, 0.013243382474987379]]	0.25479944342354227	[[0.0, 0.0, -0.7863304670000001], [0.7071067811865475, -0.7071067811865476, 0.0], [-0.5560196054692849, -0.5560196054692848, 0.0]]
11	[[-0.42203838922340475, -0.825029846081567, 0.3757783270710803], [0.2588054115689476, 0.28760896992378115, 0.9221175843470338], [-0.8688517462515349, 0.4864224845687207, 0.09214016247897017]]	0.556590357156764	0.4434096428432362	[[-0.23490249779172026, -0.4592036566955293, 0.2091545932762638], [0.14404859645926382, 0.16008037929136634, 0.513241755612248], [-0.4835945037624199, 0.2707380644151848, 0.05128432594265228]]	0.7545309552537399	0.393789447689995	[[-0.22839443657797556, -0.49753436537138723, 0.2755354346733435], [0.26866040035513616, 0.23571078654651267, 0.8289742042300591], [-0.5780534974372566, 0.2991373395472381, 0.023861170231896642]]	[[0.09004659239650975, 0.1249761925053835, -0.00800094541525102], [0.07338370593918077, 0.018700915730377844, 0.13320794245642054], [0.07752204063579407, -0.06788348239129632, -0.04566143458059552]]	0.5681944651846736	[[-0.3628915105205, -0.36289151052050006, 0.5132060958481499], [0.5, 0.5000000000000001, 0.7071067811865475], [-0.5132060958481499, 0.5132060958481498, 0.0]]
11	[[0.5319609947059123, -0.8460851799387872, 0.03402011756955908], [-0.703274286200726, -0.4190807785627857, 0.5742617690636116], [-0.47161719485230363, -0.3294103357928521, -0.8179645788128509]]	0.5850391900701369	0.41496080992986306	[[0.31121802949165134, -0.4949929884017341, 0.01990310202898568], [-0.41144301879602646, -0.2451786792643345, 0.3359656402612193], [-0.27591454169954166, -0.192717956052982, -0.478541334694731]]	0.7176978681125404	0.47044583140070145	[[0.43945713529137714, -0.5666095432141303, 0.08841345353877816], [-0.520163124191091, -0.34695108185301127, 0.3361250322253739], [-0.24463269561406495, -0.10896680907565943, -0.5125194317350341]]	[[0.057669863471917514, 0.040623986669552345, 0.06399728768616765], [-0.015424668286461544, -0.0461777005115563, -0.07602141517011626], [0.09384595969664991, 0.12745028665710656, 0.07453200267052101]]	0.460642737574535	[[0.4736892264678424, -0.47368922646784234, 0.0], [-0.5, -0.5000000000000001, 0.7071067811865475], [-0.3349488642104215, -0.3349488642104216, -0.4736892264678424]]
11	[[-0.5446221603179724, 0.8109226453022452, -0.2139887049042392], [-0.8354447797583356, -0.5021691245819775, 0.22328947644507607], [0.07361197229480154, 0.30038414347728, 0.9509735242804028]]	0.6102700712789821	0.3897299287210178	[[-0.3323666045973621, 0.49488182055034197, -0.13059090219480715], [-0.5098469452927731, -0.30645878745274746, 0.1362668847059832], [0.04492318357933499, 0.1833154526509557, 0.5803506804470263]]	0.7716729163039064	0.3276869030084274	[[-0.4456993504411333, 0.5919763606723266, -0.08982736346827339], [-0.7324036644286377, -0.39551561639281396, 0.10376840313110425], [0.06990191960884914, 0.09523878897251745, 0.7089306425927033]]	[[-0.025429179704830048, -0.03379068192493529, 0.07530192450127693], [-0.087713554821648, -0.008005303548859718, -0.06853803833724005], [0.013097554273237295, -0.1365595190360463, -0.024909870216558886]]	0.4330121475918491	[[-0.6024047729894744, 0.6024047729894743, 0.0], [-0.7071067811865475, -0.7071067811865476, 0.0], [0.0, 0.0, 0.851929]]
11	[[0.034229894132735264, 0.2773841392786001, 0.9601491309293217], [-0.1827544195208179, -0.9427759796974285, 0.2788803941677556], [0.9825625356654255, -0.18501754344446375, 0.018422055382213542]]	0.7725100363642685	0.22748996363573146	[[0.026442936761224375, 0.21428203152098274, 0.7417248400493313], [-0.14117962326975786, -0.7283039063594194, 0.21543790343981442], [0.7590394201570658, -0.1429279092143103, 0.01423122267321835]]	0.8753969745204595	0.19171777320329556	[[0.009201857261741539, 0.2139517081698519, 0.789737962426086], [-0.16797311802672127, -0.8240174777596871, 0.25688627390646696], [0.8194031880091132, -0.14614505231328515, 0.0]]	[[-0.02076288850021054, -0.028869528134596367, -0.05077368187789087], [-0.007990452097954522, 0.0012857625180039967, 0.012755220598940537], [-0.04072908298955144, 0.015818745451206078, -0.016126611546038085]]	0.3725257983975592	[[0.0, 0.0, 0.923], [0.0, -1.0, 0.0], [0.923, 0.0, 0.0]]
11	[[-0.3195682178843842, -0.5708200961323295, -0.7563336379995778], [0.910087742671785, 0.03735879733279218, -0.41272826520656647], [0.2638493031197415, -0.8202248094963509, 0.507557688474819]]	0.5365622330873074	0.4634377669126924	[[-0.17146823661177646, -0.30628050547187424, -0.40582006576410073], [0.4883187115133598, 0.020045319722339108, -0.22145439963748575], [0.1415715712804584, -0.44010165541697344, 0.2723362867486807]]	0.6908495206752008	0.4869886245412455	[[-0.23013687461381716, -0.36776153683760954, -0.3999141667115005], [0.7892271490762477, 0.012835431744792875, -0.2160894608313595], [0.15683406169730504, -0.39991416671150043, 0.3062532898075041]]	[[-0.009363324465362227, 0.026589252967182335, 0.12259856457103877], [0.16049346827906952, -0.012973875485568703, 0.06904366335570411], [-0.025446102893454135, 0.1667377497749615, -0.04439269599033756]]	0.5022058467022391	[[-0.2853526509379202, -0.2853526509379203, -0.40354958901552257], [0.8535533905932738, -0.14644660940672602, -0.5], [0.0835778564301591, -0.48712744544568154, 0.2853526509379202]]
11	[[0.8592155572171323, 0.2624339665249735, -0.4391776855101157], [-0.4266000482917053, 0.8413623931712975, -0.33184593135155627], [0.2824199444684594, 0.4724804086637203, 0.8348660002631537]]	0.56333255878125	0.43666744121875006	[[0.4840240983917846, 0.1478375978736263, -0.24740308933804062], [-0.24031769678037115, 0.4739668298075031, -0.1869396176294193], [0.15909634996827574, 0.26616359758654423, 0.47030720016771016]]	0.7465453194344261	0.44777060435186355	[[0.46947154618199594, 0.1904927443979919, -0.2873444078497116], [-0.35382961907297544, 0.7495246486083841, -0.25087137129683024], [0.23932019070138194, 0.313208518910615, 0.4666652252100785]]	[[-0.17197180644369667, -0.005426104971837976, 0.04052163766790963], [-0.03535334975030263, 0.12140949203820461, -0.003133344472967994], [0.028480903043523034, -0.03951951870175031, -0.15660007964131922]]	0.5435606384001158	[[0.5717934774443428, -0.09810425097650037, -0.3349488642104215], [-0.14644660940672619, 0.8535533905932737, -0.5], [0.3349488642104215, 0.3349488642104216, 0.4736892264678424]]
11	[[0.04673222253661188, -0.9725397674033924, -0.22799671093185395], [-0.8377629715199755, -0.16246744520517667, 0.5213036857710898], [-0.5440306084466285, 0.16664552219444034, -0.8223502702654952]]	0.5444918827450358	0.45550811725496404	[[0.025445315833819808, -0.5295400089978923, -0.12414235839496085], [-0.45615513765698723, -0.08846220512454259, 0.2838456253474273], [-0.2962202502640322, 0.0907371341306805, -0.44776304693274854]]	0.7118282481439073	0.4545111851928205	[[-0.004059117342714734, -0.718561273829099, -0.1139225244069873], [-0.6734870399354925, -0.15175532383346083, 0.2812970213957311], [-0.24938310927525892, 0.021859701348200925, -0.5184356095808783]]	[[-0.0373244334428223, -0.026279994948059, 0.04837197491820717], [-0.07714369155859427, -0.03610640693264376, -0.08978166799766568], [0.13787324567196865, -0.09676328877649418, 0.06693654266287781]]	0.47395815627076343	[[-0.09055022365130995, -0.5277653796811284, -0.3091578016662191], [-0.8535533905932738, -0.14644660940672602, 0.5], [-0.3091578016662191, 0.30915780166621915, -0.4372151560298186]]
11	[[0.8489524140446696, -0.5135124485683378, 0.12483895166604869], [0.522794976890395, 0.7815435453534784, -0.34040431673891397], [0.0772347773085365, 0.35425224329800037, 0.9319550081910795]]	0.6861771449290763	0.3138228550709238	[[0.5825317436498183, -0.3523605058441612, 0.08566163543014826], [0.35872996462591367, 0.5362773185883979, -0.2335776621814409], [0.052996738982804575, 0.2430797928909424, 0.6394862267229088]]	0.8294691553674286	0.25660137209095446	[[0.6648633813852601, -0.41212526225500423, 0.04975710177991219], [0.47675610799295326, 0.6254725535266066, -0.2641646774441947], [0.02900789627826064, 0.22846993968124957, 0.7325380769006724]]	[[-0.03931646043951146, 0.013817474729634998, -0.05379295801548046], [0.043113800081342926, -0.022793710920608924, 0.018190203644658922], [-0.035055969220842594, -0.06537136935415964, -0.04048985658402729]]	0.4534038214988994	[[0.6526595590351835, -0.6526595590351834, 0.0], [0.7071067811865475, 0.7071067811865476, 0.0], [0.0, 0.0, 0.923]]
11	[[0.8787972042104137, -0.3840163418041313, 0.28327887866788265], [-0.395223040501579, -0.9183905790867732, -0.018907472103605397], [0.2674214316928388, -0.09534250611366366, -0.9588511794847616]]	0.59736037150304	0.4026396284969602	[[0.5249586243829657, -0.2293961446033542, 0.16921957620001093], [-0.23609058230058425, -0.5486101375081667, -0.011294574559993078], [0.15974696578390904, -0.056953834872088986, -0.5727796967931452]]	0.7984805378496304	0.35767331945038483	[[0.559364287097952, -0.23785673576471883, 0.2280685466814113], [-0.34549622931849777, -0.8473379749992285, -0.023062501897705295], [0.20467313450137195, -0.07612913556156983, -0.6497494646921893]]	[[-0.14233817718073044, 0.06877283938209139, 0.0018758752812401578], [-0.029918323368230627, -0.11402097145398842, -0.007965253403041578], [-0.008857674109244113, 0.0, 0.1158745408205554]]	0.507683235944908	[[0.6024047729894744, -0.6024047729894743, 0.0], [-0.7071067811865475, -0.7071067811865476, 0.0], [0.0, 0.0, -0.851929]]
11	[[0.3802729664721569, 0.7767473726770865, -0.5020517802076895], [0.4287143634067757, 0.332951791095048, 0.839849450446521], [0.8195098935212374, -0.5346088512602871, -0.20639019011321075]]	0.5684403952231147	0.4315596047768856	[[0.2161625153540991, 0.4415345835130791, -0.28538651236372725], [0.24369856217277366, 0.1892632477203131, 0.4774043535397361], [0.4658425277624648, -0.3038932667001729, -0.1173205212381273]]	0.7587588060585514	0.3702309507532119	[[0.3018107007029763, 0.4458938932815634, -0.3601380114278263], [0.41008199167379167, 0.3123931473838149, 0.7133419759713436], [0.5471580722814845, -0.3869004907344388, -0.03992429546903724]]	[[0.01327523868621891, -0.14347001582001936, 0.020798197902130396], [0.08479119315511473, 0.059763043897480134, 0.07609880968161067], [-0.07465227607986022, 0.018738682956150363, 0.11667607876346]]	0.45384860180296055	[[0.3628915105205, 0.36289151052050006, -0.5132060958481499], [0.5, 0.5000000000000001, 0.7071067811865475], [0.5132060958481499, -0.5132060958481498, 0.0]]
11	[[-0.8305561570912853, 0.32773595720904825, 0.4502950280316503], [-0.5100865793185324, -0.772219296347621, -0.37879947194723407], [0.22358030216652452, -0.5443036842615101, 0.808545204538665]]	0.5428722710377485	0.45712772896225135	[[-0.4508859072245311, 0.17791876339080637, 0.2444526845045486], [-0.2769118597405284, -0.4192164431474051, -0.20563972960389482], [0.12137554639644724, -0.2954873772092596, 0.438936771424586]]	0.7303247203734455	0.43047457380619825	[[-0.49420199114065244, 0.18165774909060411, 0.2581856922847382], [-0.446256601640084, -0.6757636998553793, -0.2698992222112755], [0.15838907605082533, -0.3684391916601363, 0.46827964512454096]]	[[0.11237370204148414, -0.057695922214417564, -0.07067589814802963], [-0.07372776323302942, -0.11179285818332398, 0.006747396216197125], [-0.004897145609952157, 0.029079244346387315, -0.12222090528944987]]	0.5326729329600893	[[-0.4736892264678424, 0.3349488642104216, 0.3349488642104215], [-0.7071067811865475, -0.5000000000000001, -0.5], [0.0, -0.47368922646784234, 0.4736892264678424]]
11	[[-0.30792515101507295, 0.09349718223056193, 0.9468053539599837], [0.3027085282091916, -0.9338174967034747, 0.1906631317268273], [0.9019698710720718, 0.34531602882779927, 0.2592434992682147]]	0.6148318232586598	0.3851681767413403	[[-0.1893221820257954, 0.057485043020363544, 0.5821260620462774], [0.18611483631480272, -0.574140714089035, 0.11722576090781126], [0.5545597803556201, 0.21231128360463572, 0.1593911533230315]]	0.8023237273233826	0.2971090515427687	[[-0.17824917564310488, 0.07370354902352508, 0.7328451463050454], [0.2610219509444245, -0.8369748132810755, 0.1325556658408092], [0.67381142779808, 0.2467525624809308, 0.1045456266195798]]	[[0.06880647925592397, -0.0013114587179329056, -0.02679925433386332], [0.01815171629905055, -0.08775087868615301, -0.020417888669407993], [-0.0498604010938556, -0.030302680872697742, -0.10345158399765084]]	0.4817010841273541	[[0.0, 0.0, 0.923], [0.0, -1.0, 0.0], [0.923, 0.0, 0.0]]
11	[[0.22433838825039393, -0.7661379269479729, -0.6022499185961573], [-0.9416906372873723, -0.011392912655017143, -0.3362869982418849], [0.2507808429735371, 0.642575192824231, -0.724020780340167]]	0.5211678347391137	0.47883216526088634	[[0.11691795205332045, -0.3992864444989883, -0.3138732860465668], [-0.4907788704291559, -0.005937619619787095, -0.17526196672463923], [0.130698908926568, 0.33488952190127286, -0.3773363423960083]]	0.7020976810938716	0.48552366308209177	[[0.19036641815848757, -0.4304208486398513, -0.3399632728864489], [-0.8136668888102014, 0.044914251273079075, -0.20493720321094083], [0.14873994247013003, 0.3399632728864489, -0.3605332583913547]]	[[0.03285895598754938, 0.10748281326838655, 0.082874998398886], [-0.1525080760629271, 0.05291318882907154, 0.03116911843670543], [-0.027332705844356733, -0.11118727992389114, 0.147800052549252]]	0.49552377181628876	[[0.09055022365130995, -0.5277653796811284, -0.3091578016662191], [-0.8535533905932738, 0.14644660940672602, -0.5], [0.3091578016662191, 0.30915780166621915, -0.4372151560298186]]
