11	[[-0.3195682178843842, -0.5708200961323295, -0.7563336379995778], [0.910087742671785, 0.03735879733279218, -0.41272826520656647], [0.2638493031197415, -0.8202248094963509, 0.507557688474819]]	0.7845538197420536	0.21544618025794637	[[-0.2507184660093545, -0.4478390868061453, -0.5933844446919725], [0.7140128148135723, 0.02930998714841136, -0.3238075369833231], [0.2070039785988721, -0.6435105073375602, 0.3982063232323666]]	0.8171350302914936	0.1994521185505841	[[-0.2964247202449009, -0.4855205000994669, -0.6138314749369251], [0.7812178027224402, 0.0077131430388401034, -0.31503292303525016], [0.18758832353348523, -0.6553804879213694, 0.429189005587742]]	[[-0.03529433484374612, -0.019083403555382485, 0.004195235260335391], [0.0375532275464141, -0.022814038951344873, 0.02222180045647306], [-0.028012184763654205, 0.014853936632265738, 0.014445838441190347]]	0.2874851305823372	[[-0.43406276662335985, -0.43406276662335996, -0.6138574514799433], [0.8535533905932738, -0.14644660940672602, -0.5], [0.12713404088338845, -0.7409914923633316, 0.43406276662335985]]
11	[[0.8592155572171323, 0.2624339665249735, -0.4391776855101157], [-0.4266000482917053, 0.8413623931712975, -0.33184593135155627], [0.2824199444684594, 0.4724804086637203, 0.8348660002631537]]	0.8105846899702345	0.18941531002976567	[[0.6964669760644513, 0.2127249553933046, -0.35599070805106225], [-0.34579546788581894, 0.6819954746213706, -0.268989231382485], [0.228925283128377, 0.3829853855736915, 0.6767295979899982]]	0.8390965834773157	0.19953180655239033	[[0.7366474718053871, 0.1633701099300572, -0.33600823238680844], [-0.3529527076383978, 0.7495540223154692, -0.38971073950934193], [0.2562284216665583, 0.391762923884388, 0.7087230198424126]]	[[0.01568263327393311, -0.056837334769448265, 0.032504263064204744], [0.005005935394430042, 0.04356971273913512, -0.11125995227140308], [0.019250811157220667, -0.0046937727853056865, 0.008189811360228439]]	0.2494963752899971	[[0.6834669593868202, 0.2001828376874489, -0.3660197303363955], [-0.4571067811865474, 0.7803300858899107, -0.4267766952966369], [0.2001828376874489, 0.4589978710563857, 0.6248347637053323]]
11	[[0.04673222253661188, -0.9725397674033924, -0.22799671093185395], [-0.8377629715199755, -0.16246744520517667, 0.5213036857710898], [-0.5440306084466285, 0.16664552219444034, -0.8223502702654952]]	0.7841179629565121	0.2158820370434881	[[0.036643575139838507, -0.7625859013105483, -0.17877631653667006], [-0.6569049946686374, -0.1273936421810319, 0.4087635841685486], [-0.42658417248116215, 0.13066974739892884, -0.6448196187573173]]	0.8005274580864209	0.18701808892160218	[[0.07380703480103855, -0.8149413953704724, -0.13104505152740573], [-0.7422235879518789, -0.14233934909920845, 0.45924342648610267], [-0.44617175962059635, 0.07127142083725597, -0.6947105789953938]]	[[0.03639660748307574, -0.036396607483075744, 0.0514725759269358], [-0.07157132588206638, -0.012279698167313531, 0.04192551202468996], [-0.010660319519607856, -0.06213289544654364, -0.03639660748307574]]	0.21879079102257448	[[0.12209953286440627, -0.7979856369338749, -0.2084369405325374], [-0.8535533905932738, -0.2500000000000001, 0.4571067811865474], [-0.4168738810650748, 0.12209953286440613, -0.7116482292657437]]
11	[[0.034229894132735264, 0.2773841392786001, 0.9601491309293217], [-0.1827544195208179, -0.9427759796974285, 0.2788803941677556], [0.9825625356654255, -0.18501754344446375, 0.018422055382213542]]	0.8775115097672571	0.12248849023274293	[[0.030037126079589905, 0.24340777484385553, 0.8425419134835088], [-0.1603691065903516, -0.8272967733165956, 0.244720755730635], [0.8622099341125119, -0.16235502388138048, 0.016165565631462223]]	0.9228413820091056	0.125178620277655	[[0.009213336596727214, 0.2389411107581093, 0.8677665094908769], [-0.16455920729850132, -0.8270231513081261, 0.2530438467899796], [0.9013536273042685, -0.16167092438506922, 0.0]]	[[-0.022375426210751573, -0.017040451681160255, -0.018298841430780192], [0.004094133780362136, 0.04300953672083729, -0.00431852157903613], [-0.005395741019583938, 0.00907092110314945, -0.017000635048370235]]	0.23154852889512736	[[-0.061049766432203036, 0.23372458176846583, 0.7979856369338749], [-0.2803300858899109, -0.9267766952966368, 0.25000000000000017], [0.7979856369338749, -0.20843694053253753, 0.12209953286440627]]
11	[[-0.5446221603179724, 0.8109226453022452, -0.2139887049042392], [-0.8354447797583356, -0.5021691245819775, 0.22328947644507607], [0.07361197229480154, 0.30038414347728, 0.9509735242804028]]	0.8115104679144824	0.18848953208551764	[[-0.441966584156234, 0.6580722153316748, -0.1736540740452533], [-0.6779721841383988, -0.4075155012617266, 0.18120174751032347], [0.059736886081062306, 0.24376487682733855, 0.7717249696630742]]	0.8602647593980285	0.1679875015329994	[[-0.4847767112460341, 0.6861124144676869, -0.12390625998989449], [-0.7567797269588055, -0.44678837555347994, 0.20480573052134243], [0.061335537548777457, 0.2239921825017152, 0.8343464695962352]]	[[-0.016257459537259118, -0.011495759883661832, 0.06018068174844656], [-0.03807602450966194, -0.014789974417846574, 0.012717662791207321], [-0.0019902480862243146, -0.03441771041374994, 0.016257459537259118]]	0.20992790241611983	[[-0.40853640344377323, 0.6974152646804287, -0.11965754220711812], [-0.8535533905932738, -0.45710678118654735, 0.25000000000000017], [0.11965754220711812, 0.20426820172188676, 0.7820259241951973]]
11	[[-0.30792515101507295, 0.09349718223056193, 0.9468053539599837], [0.3027085282091916, -0.9338174967034747, 0.1906631317268273], [0.9019698710720718, 0.34531602882779927, 0.2592434992682147]]	0.8221490488285417	0.17785095117145838	[[-0.2531603700174273, 0.07686861943900535, 0.7784151211839713], [0.24887152853947464, -0.7677371666942115, 0.15675351239588203], [0.7415536715739063, 0.2839012446460244, 0.21313679633834548]]	0.8503854186218129	0.2608655673206856	[[-0.25740293374536927, 0.07927155306981842, 0.7444779498929919], [0.24358664178472894, -0.8497654602107683, 0.11911162171131477], [0.6810820377465754, 0.26515817636460776, 0.1781313806755509]]	[[0.004452124704768468, -0.00023708738127792804, -0.06067151738764259], [-0.013832276696837342, -0.05566067736021041, -0.043025525377949125], [-0.08593998864931103, -0.028493539366942353, -0.0423255109746335]]	0.2963297468371641	[[-0.20426820172188676, 0.11965754220711815, 0.7820259241951973], [0.4571067811865472, -0.8535533905932738, 0.25000000000000017], [0.6974152646804287, 0.4085364034437732, 0.11965754220711812]]
11	[[0.8787972042104137, -0.3840163418041313, 0.28327887866788265], [-0.395223040501579, -0.9183905790867732, -0.018907472103605397], [0.2674214316928388, -0.09534250611366366, -0.9588511794847616]]	0.7978263970972553	0.20217360290274475	[[0.7011276072143353, -0.30637837440805815, 0.22600736714134737], [-0.31531937445319735, -0.7327162468408621, -0.01508488034663636], [0.21335587735408731, -0.07606676814288738, -0.7649967818807811]]	0.8481569765154453	0.24724047403929644	[[0.6932643401848986, -0.3141617913644123, 0.145932133927826], [-0.3595800510095476, -0.8405009461344846, -0.02548472801825673], [0.13301741498535213, -0.05565442241389096, -0.813256317320064]]	[[-0.05209363950843225, 0.011544348032701521, -0.09433282331381104], [-0.024368871928486958, -0.061561569315977935, -0.009448223645312653], [-0.09379793797467766, 0.025210989304879368, 0.0]]	0.24292518206096328	[[0.6662939868675689, -0.3831927028556467, 0.22446908833043458], [-0.47855339059327373, -0.8749999999999999, -0.07322330470336318], [0.22446908833043458, -0.05863219568148783, -0.7663854057112934]]
11	[[0.8489524140446696, -0.5135124485683378, 0.12483895166604869], [0.522794976890395, 0.7815435453534784, -0.34040431673891397], [0.0772347773085365, 0.35425224329800037, 0.9319550081910795]]	0.8369863266871395	0.1630136733128608	[[0.7105615625634276, -0.42980289803533156, 0.10448849558243944], [0.43757224731797956, 0.6541412611714515, -0.28491375865574914], [0.0646444525519712, 0.2965042838386721, 0.7800335989435343]]	0.9066918706469279	0.15693868588943186	[[0.7507471853204304, -0.47471081425278555, 0.06541575703149137], [0.5094494338498528, 0.6670987582570169, -0.2942452588969014], [0.023673857232539203, 0.292213066217363, 0.833502005426313]]	[[-0.018991067059956228, -0.009113251659875034, -0.047774705584199745], [0.035435478288283195, -0.041520420871560465, 0.014396567823393859], [-0.04635428748433666, -0.0289845629393716, -0.0114940243092298]]	0.2961853438557635	[[0.6834669593868201, -0.40036567537489787, 0.1172643913629757], [0.49999999999999994, 0.7071067811865475, -0.4999999999999999], [0.11726439136297555, 0.40036567537489787, 0.6834669593868202]]
11	[[0.3802729664721569, 0.7767473726770865, -0.5020517802076895], [0.4287143634067757, 0.332951791095048, 0.839849450446521], [0.8195098935212374, -0.5346088512602871, -0.20639019011321075]]	0.785162202416393	0.2148377975836071	[[0.29857595987469393, 0.609872677852288, -0.3941920814749402], [0.3366103137800059, 0.26142116159467066, 0.6594180442107878], [0.6434481928991584, -0.41975466308682485, -0.16204977622642663]]	0.8554412388506012	0.2347249603061616	[[0.34579557827975105, 0.6068177807857319, -0.43388554596836165], [0.4021530643198173, 0.29202583829264234, 0.7188079984643674], [0.667681530630096, -0.43388554596836165, -0.08236946848775606]]	[[0.02049440073941602, -0.05764395397110433, -0.0044097491403460795], [0.03541311817407826, 0.007205145640767963, 0.00036614412639886414], [-0.03336102793403547, 0.023440912054235125, 0.09418521142930006]]	0.2481131216721046	[[0.20426820172188662, 0.6375864935768697, -0.4683651745473322], [0.4571067811865474, 0.42677669529663675, 0.7803300858899108], [0.6974152646804287, -0.3734895207514239, -0.20426820172188667]]
11	[[-0.42203838922340475, -0.825029846081567, 0.3757783270710803], [0.2588054115689476, 0.28760896992378115, 0.9221175843470338], [-0.8688517462515349, 0.4864224845687207, 0.09214016247897017]]	0.7671832752173937	0.23281672478260645	[[-0.3237807937118848, -0.6329490994689586, 0.2882908477181043], [0.19855118329145074, 0.22064879152802722, 0.7074331884949088], [-0.6665685283676044, 0.37317519485081335, 0.0706883916296791]]	0.8546811420485435	0.23788536352935816	[[-0.2827621742106375, -0.6396059857893623, 0.33519675953487144], [0.2569688677229103, 0.2324853702128565, 0.8305620769788158], [-0.7435012161600155, 0.3773033031460744, 0.022582798548712972]]	[[0.07794607827914982, 0.06553146528376548, 0.014026109796669385], [0.03577276299481884, -0.013328592665006023, 0.04244556688604883], [-0.000910013402882345, -0.038432821483209846, -0.056167660747351626]]	0.25775595680421653	[[-0.3734895207514238, -0.6974152646804287, 0.20426820172188667], [0.25000000000000006, 0.1464466094067262, 0.9571067811865475], [-0.6974152646804287, 0.4085364034437732, 0.11965754220711812]]
11	[[0.5319609947059123, -0.8460851799387872, 0.03402011756955908], [-0.703274286200726, -0.4190807785627857, 0.5742617690636116], [-0.47161719485230363, -0.3294103357928521, -0.8179645788128509]]	0.8039961050819167	0.1960038949180834	[[0.42769456779905557, -0.6802491892383176, 0.027352042020354406], [-0.5654297869096487, -0.33693931367917695, 0.4617042256245948], [-0.3791783877509115, -0.26484462695117933, -0.6576403354605025]]	0.8502584241094208	0.19483539985330253	[[0.5092912337428361, -0.6975196476829302, 0.007289039878600697], [-0.5906462841845754, -0.3906568941981604, 0.5711690996268537], [-0.37043154403141776, -0.3601232849784224, -0.6902306078043295]]	[[0.056986916696507205, 0.02187140407415873, -0.021636851674109826], [0.0073186021171314525, -0.034329931842817116, 0.08289819283653914], [0.030564948846607508, -0.08003937198183682, 0.005250665954411199]]	0.27403253994180365	[[0.40853640344377323, -0.6974152646804287, -0.1196575422071179], [-0.7071067811865477, -0.49999999999999983, 0.49999999999999994], [-0.40853640344377323, -0.11965754220711798, -0.6974152646804287]]
11	[[-0.8305561570912853, 0.32773595720904825, 0.4502950280316503], [-0.5100865793185324, -0.772219296347621, -0.37879947194723407], [0.22358030216652452, -0.5443036842615101, 0.808545204538665]]	0.8037004891330689	0.19629951086693115	[[-0.667518389706748, 0.26340154911540664, 0.3619023342832263], [-0.4099568332985184, -0.6206330261925772, -0.30444132088734016], [0.17969159821175512, -0.43745713727790714, 0.6498281763739222]]	0.8129561249942802	0.24125886059856244	[[-0.6800523061568843, 0.33200006956074557, 0.36818098226734053], [-0.49635859509300423, -0.6284751497319964, -0.3691653956297516], [0.05746918574482218, -0.48025315755540465, 0.667407789147175]]	[[-0.004846591097812297, 0.06556511576678647, 0.0021108811745393363], [-0.0816805861586227, -0.0006947429274246214, -0.06121804476564868], [-0.12429179032952586, -0.037758143578057304, 0.010096012782714225]]	0.25763234839123056	[[-0.6375864935768697, 0.34870763234021435, 0.37348952075142394], [-0.573223304703363, -0.7803300858899106, -0.2499999999999999], [0.20426820172188667, -0.3734895207514239, 0.6974152646804287]]
11	[[0.08740825448676931, -0.06334395238859675, -0.994156597696443], [0.7119981850616444, -0.6940087028176986, 0.10681996481098455], [-0.6967197295301035, -0.717174639895393, -0.015561310176609944]]	0.8770552845093395	0.12294471549066063	[[0.07666187150735819, -0.055556148184126755, -0.8719302976394909], [0.6244617707693739, -0.6086840003017342, 0.09368701462857568], [-0.6110617206062948, -0.6290018078363369, -0.013648129324284712]]	0.9365237638114358	0.10129682820390595	[[0.07184817445974608, -0.0578229773732867, -0.896133676464698], [0.6754336616799985, -0.6576446299595811, 0.11016063558907015], [-0.6417408652430058, -0.663968899103054, 0.0]]	[[-0.010011733020390922, 0.0015001393323743322, 0.03491760222794623], [0.00863044157915607, -0.0076889874788578835, 0.010121200094081762], [0.010753718178212312, 0.007682193961890477, 0.014573536776435945]]	0.14033560919910903	[[0.0, 0.0, -0.9411919999999999], [0.7071067811865475, -0.7071067811865476, 0.0], [-0.665523245598529, -0.6655232455985289, 0.0]]
11	[[0.22433838825039393, -0.7661379269479729, -0.6022499185961573], [-0.9416906372873723, -0.011392912655017143, -0.3362869982418849], [0.2507808429735371, 0.642575192824231, -0.724020780340167]]	0.7917911405254141	0.20820885947458595	[[0.17762914829641258, -0.6066212229779119, -0.47685614992658915], [-0.7456223037198725, -0.009020807305022461, -0.26626906588181], [0.19856604967994176, 0.5087853447996357, -0.5732732394296414]]	0.8030066802417577	0.18891372179015967	[[0.16846816933071318, -0.6832727378272375, -0.4437427480225363], [-0.8345813644095883, -0.022599468075374086, -0.3159648935930293], [0.24124665196964237, 0.4761242126102602, -0.6377753326794259]]	[[-0.011677055069022113, -0.06805886450144341, 0.03986795978523275], [-0.07839749194671042, -0.013450883105984492, -0.045924187526347464], [0.03986795978523275, -0.039867959785232755, -0.05638180943242131]]	0.31378779493648656	[[0.2001828376874488, -0.6834669593868202, -0.3660197303363955], [-0.9571067811865474, -0.14644660940672607, -0.2499999999999999], [0.11726439136297569, 0.4003656753748978, -0.6834669593868202]]
11	[[0.50607966, 0.26960331, 0.8192664], [-0.59451586, 0.79721188, 0.10490047], [-0.62484739, -0.54015486, 0.56373616]]	6.321068543683338e-11	1.0000000037400738	[[ 3.19896480e-11  1.70418122e-11  5.17863989e-11]
 [-3.75797580e-11  5.03923195e-11  6.63082896e-12]
 [-3.94970320e-11 -3.41435665e-11  3.56341520e-11]]	0.6111246794444893	0.19486949795145242	[[ 0.38854762  0.20008693  0.68137285]
 [-0.54399687  0.70583166  0.10183941]
 [-0.50787167 -0.46524803  0.42762035]]	[[0.07926985268772296, 0.03532569674278764, 0.18069893772242349], [-0.18067355703085697, 0.21863581020045253, 0.03773214555122635], [-0.12601200680676172, -0.13514606279932423, 0.08310726942107634]]	0.2118091579670774	WordDict: (word: THRHRHZ, matrix: [[ 0.43406277  0.12713404  0.74099149]
 [-0.5         0.85355339  0.14644661]
 [-0.61385745 -0.43406277  0.43406277]])
11	[[0.50607966, 0.26960331, 0.8192664], [-0.59451586, 0.79721188, 0.10490047], [-0.62484739, -0.54015486, 0.56373616]]	3.695073505920749e-11	1.0000000037663335	[[ 1.87000186e-11  9.96204129e-12  3.02724997e-11]
 [-2.19678002e-11  2.94575704e-11  3.87614811e-12]
 [-2.30885727e-11 -1.99591242e-11  2.08304684e-11]]	0.5918646914266399	0.19425070514753207	[[ 0.3912376   0.20239052  0.6790917 ]
 [-0.54896343  0.71208643  0.10214527]
 [-0.50536131 -0.46473388  0.43084199]]	[[0.09170691687059253, 0.04282183863350008, 0.1941968444203983], [-0.19709048502302193, 0.24024486787623445, 0.04005838339963596], [-0.1355362061225002, -0.14503528997376858, 0.0971864568161976]]	0.2118091579670774	WordDict: (word: THRHRHZ, matrix: [[ 0.43406277  0.12713404  0.74099149]
 [-0.5         0.85355339  0.14644661]
 [-0.61385745 -0.43406277  0.43406277]])
11	[[0.50607966, 0.26960331, 0.8192664], [-0.59451586, 0.79721188, 0.10490047], [-0.62484739, -0.54015486, 0.56373616]]	9.57020927228905e-12	1.0000000037937145	[[ 4.84328879e-12  2.58016035e-12  7.84055159e-12]
 [-5.68964162e-12  7.62948531e-12  1.00391948e-12]
 [-5.97992073e-12 -5.16939562e-12  5.39507348e-12]]	0.6055112200297146	0.201461152031887	[[ 0.38364397  0.1998757   0.67693323]
 [-0.54318788  0.69966307  0.09860412]
 [-0.5029518  -0.46385992  0.42328956]]	[[0.07720705392515248, 0.03662786679245778, 0.18085823701209458], [-0.1832018535363324, 0.2169423270950218, 0.035085708558576276], [-0.1245996961956713, -0.13679009462870095, 0.08194098676988211]]	0.2118091579670774	WordDict: (word: THRHRHZ, matrix: [[ 0.43406277  0.12713404  0.74099149]
 [-0.5         0.85355339  0.14644661]
 [-0.61385745 -0.43406277  0.43406277]])
11	[[0.50607966, 0.26960331, 0.8192664], [-0.59451586, 0.79721188, 0.10490047], [-0.62484739, -0.54015486, 0.56373616]]	3.863915135614602e-12	1.0000000037994206	[[ 1.95544228e-12  1.04172181e-12  3.16556644e-12]
 [-2.29715130e-12  3.08034918e-12  4.05325796e-13]
 [-2.41434969e-12 -2.08710599e-12  2.17822158e-12]]	0.7569299073533753	0.20397836005163114	[[ 0.47881163  0.29981561  0.62012724]
 [-0.56957853  0.72300521  0.0794023 ]
 [-0.47296568 -0.40885937  0.56211236]]	[[0.09574480427150746, 0.09574480427985901, -1.7166070814991567e-11], [-0.11957169428375371, 0.1195716942753177, -3.856875031737429e-12], [1.4925266737636235e-11, 9.866526217860524e-12, 0.1354036007330433]]	0.2118091579670774	WordDict: (word: THRHRHZ, matrix: [[ 0.43406277  0.12713404  0.74099149]
 [-0.5         0.85355339  0.14644661]
 [-0.61385745 -0.43406277  0.43406277]])
11	[[0.50607966, 0.26960331, 0.8192664], [-0.59451586, 0.79721188, 0.10490047], [-0.62484739, -0.54015486, 0.56373616]]	0.7525982972774352	0.24740170366350125	[[ 0.38087469  0.20290299  0.6165785 ]
 [-0.44743162  0.5999803   0.07894792]
 [-0.47025908 -0.40651963  0.42426687]]	0.7641224872305314	0.21369329170526385	[[ 0.44199826  0.2223261   0.62180298]
 [-0.47211852  0.67470419  0.09991525]
 [-0.46902615 -0.42714186  0.48612616]]	[[0.05529141242751009, 0.01631615082570044, -0.004216897110204407], [-0.017835578834430696, 0.06553666653467893, 0.01975843746703193], [0.008433793841799106, -0.01439738598627632, 0.055362685687406196]]	0.2118091579670774	WordDict: (word: THRHRHZ, matrix: [[ 0.43406277  0.12713404  0.74099149]
 [-0.5         0.85355339  0.14644661]
 [-0.61385745 -0.43406277  0.43406277]])
