11	[[0.22433838825039393, -0.7661379269479729, -0.6022499185961573], [-0.9416906372873723, -0.011392912655017143, -0.3362869982418849], [0.2507808429735371, 0.642575192824231, -0.724020780340167]]	0.7979027630307777	0.20209723696922247	[[0.1790002198388607, -0.6113035687744596, -0.4805368740829348], [-0.7513775614118083, -0.009090436486406511, -0.2683243250685262], [0.20009872752377283, 0.5127125218094888, -0.5776981811251192]]	0.8092909669368787	0.18346734313859736	[[0.1695406484038657, -0.6900534579810311, -0.4463757504490173], [-0.8423045454759132, -0.022980809570143222, -0.3191357536462491], [0.2439743394086228, 0.4790106306210499, -0.6439540489338211]]	[[-0.012014382744356556, -0.07002495427429026, 0.04101966850932339], [-0.08020281907021007, -0.013760628271337018, -0.04698172367077355], [0.04101966850932339, -0.041019668509323405, -0.05801057152993372]]	0.3092680357009756	[[0.20198775284039222, -0.6896293251809325, -0.3693198861599027], [-0.9571067811865474, -0.14644660940672607, -0.2499999999999999], [0.11832168618063724, 0.40397550568078466, -0.6896293251809325]]
11	[[0.5319609947059123, -0.8460851799387872, 0.03402011756955908], [-0.703274286200726, -0.4190807785627857, 0.5742617690636116], [-0.47161719485230363, -0.3294103357928521, -0.8179645788128509]]	0.8090268431985359	0.1909731568014642	[[0.43037072425167733, -0.6845056222029422, 0.027523188322543423], [-0.568967775667677, -0.3390475993258351, 0.46459318619514034], [-0.381550970349508, -0.2665018040834608, -0.6617553010451808]]	0.8529075108524324	0.1921147690678955	[[0.5110215387567149, -0.700370899618761, 0.007003135746774377], [-0.5931703419538891, -0.390348619346658, 0.5694009628279786], [-0.36997460329878384, -0.3620447294877911, -0.6937766042024368]]	[[0.05730801089151122, 0.021261505171962423, -0.022012878048385365], [0.00665757893609328, -0.032911475656572875, 0.07960878679821912], [0.032271244437901137, -0.08108817993764558, 0.003871528678290211]]	0.26979653953935684	[[0.4118836721867707, -0.7031294098500535, -0.12063793452348807], [-0.7071067811865477, -0.49999999999999983, 0.49999999999999994], [-0.4118836721867707, -0.12063793452348817, -0.7031294098500535]]
11	[[0.034229894132735264, 0.2773841392786001, 0.9601491309293217], [-0.1827544195208179, -0.9427759796974285, 0.2788803941677556], [0.9825625356654255, -0.18501754344446375, 0.018422055382213542]]	0.8783727124849404	0.1216272875150598	[[0.030066604957443024, 0.24364665881844447, 0.8433687965244464], [-0.16052649519311157, -0.8281086945524774, 0.24496092828400087], [0.8630561196385206, -0.16251436149261395, 0.0161814307556227]]	0.9234600567193759	0.12495014134755887	[[0.009364289482660578, 0.2392097260522477, 0.8688897075599264], [-0.16448399179410764, -0.8270855063591493, 0.2529685238845104], [0.9025091848985951, -0.1619239436070446, 0.0]]	[[-0.02224565049465336, -0.016943446939023596, -0.0177696633471245], [0.004282414822303482, 0.04353045332590311, -0.004566380731567007], [-0.004848070017332574, 0.008932367556259466, -0.0170120323081464]]	0.22716618406574285	[[-0.061499762705693385, 0.23544735970793096, 0.803867568739754], [-0.2803300858899109, -0.9267766952966368, 0.25000000000000017], [0.803867568739754, -0.20997332391250562, 0.12299952541138695]]
11	[[0.3802729664721569, 0.7767473726770865, -0.5020517802076895], [0.4287143634067757, 0.332951791095048, 0.839849450446521], [0.8195098935212374, -0.5346088512602871, -0.20639019011321075]]	0.7899923578818903	0.21000764211810982	[[0.3004127374220803, 0.613624488419735, -0.39661706962507315], [0.3386810708055524, 0.26302937050817554, 0.663474647624057], [0.6474065530903791, -0.422336906951643, -0.163046672931227]]	0.8596060381571827	0.23020734424636569	[[0.3429400516686307, 0.6111956358974893, -0.4315667417340926], [0.4061404634596776, 0.30130630180929746, 0.7186646931782145], [0.66501744404308, -0.4419618401802527, -0.08392282157788311]]	[[0.016055113541220786, -0.056501095778461616, 4.3622765702459815e-18], [0.037615008030500455, 0.015098931768745352, -0.0032749655686067497], [-0.03943820875732529, 0.01759115641536524, 0.09349143205984173]]	0.24318962705352334	[[0.20594183609338534, 0.6428104425883093, -0.4722026394485147], [0.4571067811865474, 0.42677669529663675, 0.7803300858899108], [0.7031294098500535, -0.37654963923317974, -0.2059418360933854]]
11	[[0.8787972042104137, -0.3840163418041313, 0.28327887866788265], [-0.395223040501579, -0.9183905790867732, -0.018907472103605397], [0.2674214316928388, -0.09534250611366366, -0.9588511794847616]]	0.8013255838281658	0.19867441617183432	[[0.7042026827304695, -0.30772211929575205, 0.2269986128347292], [-0.31670233367227063, -0.735929866968996, -0.01515104112213634], [0.21429163487942804, -0.07640038937517202, -0.768351981204952]]	0.8488531445692278	0.2464525659214419	[[0.6937551529569985, -0.3145477778763357, 0.14650008238094864], [-0.35966126701185713, -0.8405020119965516, -0.025400938797289555], [0.13347924507737655, -0.055869988561289136, -0.8139238388795529]]	[[-0.052214617275657016, 0.011425701430072531, -0.09396208456632833], [-0.024174946275880512, -0.06092328099598994, -0.009351271646289155], [-0.09352227814029458, 0.025061797564405117, 0.0]]	0.23698020650446336	[[0.6723015154204912, -0.38664769592034376, 0.2264929764098291], [-0.47855339059327373, -0.8749999999999999, -0.07322330470336318], [0.2264929764098291, -0.059160843090318604, -0.7732953918406875]]
11	[[0.08740825448676931, -0.06334395238859675, -0.994156597696443], [0.7119981850616444, -0.6940087028176986, 0.10681996481098455], [-0.6967197295301035, -0.717174639895393, -0.015561310176609944]]	0.8804478894202672	0.11955211057973271	[[0.07695841318078567, -0.05577104918807789, -0.875303078195067], [0.6268772993085856, -0.6110384976351403, 0.09404941256577855], [-0.6134254153822392, -0.631434898041639, -0.01370092270161035]]	0.9381976033340236	0.09836460189623926	[[0.07132316676018244, -0.05868563194813086, -0.8988771454762567], [0.6759759516961981, -0.6582567453269311, 0.10899931955813323], [-0.6442240401913991, -0.6658802099189682, 0.0]]	[[-0.010683048110914953, 0.0007435123685550927, 0.03383819182125308], [0.007980960893188633, -0.007139443650411971, 0.008781084584242812], [0.009436740249273165, 0.006971318402830827, 0.014599583912432799]]	0.13895154692939754	[[0.0, 0.0, -0.9434988421119997], [0.7071067811865475, -0.7071067811865476, 0.0], [-0.6671544292990508, -0.6671544292990507, 0.0]]
11	[[-0.5446221603179724, 0.8109226453022452, -0.2139887049042392], [-0.8354447797583356, -0.5021691245819775, 0.22328947644507607], [0.07361197229480154, 0.30038414347728, 0.9509735242804028]]	0.8154871154359776	0.18451288456402243	[[-0.4441323545202139, 0.6612969688592405, -0.17450503169823867], [-0.6812944535511707, -0.409512450866367, 0.18208969105340478], [0.060029614948240786, 0.24495939868699393, 0.7755066561714115]]	0.8619659099836041	0.16381603225661304	[[-0.48538924407503137, 0.6830441678249471, -0.13622654942276605], [-0.7618034860128708, -0.446186134353662, 0.21003426951168283], [0.05129975873323818, 0.22109274562855807, 0.8356502672859866]]	[[-0.015943508059314045, -0.015943508059314042, 0.048224419326229444], [-0.04167856618742531, -0.013333467917687946, 0.01756635275794031], [-0.01215125195153829, -0.03782814594848108, 0.015943508059314045]]	0.2042182419189757	[[-0.4118836721867707, 0.7031294098500533, -0.12063793452348831], [-0.8535533905932738, -0.45710678118654735, 0.25000000000000017], [0.12063793452348831, 0.20594183609338548, 0.7884333114199505]]
11	[[0.8489524140446696, -0.5135124485683378, 0.12483895166604869], [0.522794976890395, 0.7815435453534784, -0.34040431673891397], [0.0772347773085365, 0.35425224329800037, 0.9319550081910795]]	0.8404534269181582	0.15954657308184195	[[0.7135049656742856, -0.4315832971643939, 0.10492132474060095], [0.4393848299031317, 0.656850950978098, -0.28609397454095437], [0.06491223326622028, 0.29773251187324945, 0.7832647803677327]]	0.9075529942408789	0.15579602294697445	[[0.7526556008726031, -0.4752580879750195, 0.06348645547530893], [0.5082209821728236, 0.6679913679013432, -0.2933187602646932], [0.023900264241916082, 0.29123858076103754, 0.8356708931521084]]	[[-0.0178137044616591, -0.00921832769685922, -0.04981150890710595], [0.03375683552185456, -0.04130081681383843, 0.015616196644228636], [-0.04619438916397372, -0.030264103360611007, -0.010127665029488692]]	0.29107620600576845	[[0.6896293251809322, -0.4039755056807847, 0.11832168618063725], [0.49999999999999994, 0.7071067811865475, -0.4999999999999999], [0.1183216861806371, 0.4039755056807847, 0.6896293251809325]]
11	[[-0.42203838922340475, -0.825029846081567, 0.3757783270710803], [0.2588054115689476, 0.28760896992378115, 0.9221175843470338], [-0.8688517462515349, 0.4864224845687207, 0.09214016247897017]]	0.773126217194756	0.22687378280524395	[[-0.326288943371259, -0.6378522039738138, 0.2905240765122381], [0.2000892488358324, 0.2223580349484533, 0.7129132797949888], [-0.6717320638825073, 0.3760659754530897, 0.07123597526907642]]	0.8560344179176661	0.2355394740302819	[[-0.2836855227012912, -0.6416981416421579, 0.3365840850577443], [0.25719158242614965, 0.23271431723874866, 0.8305601840408128], [-0.7459359652132334, 0.37854105230084306, 0.02265086135222357]]	[[0.07759386415647541, 0.064555802412978, 0.01490490357737771], [0.03564524257978359, -0.013488859917854958, 0.04119579447265548], [-0.0021689663540530807, -0.037853336139006696, -0.05622428900230084]]	0.25280729354957965	[[-0.3765496392331796, -0.7031294098500535, 0.2059418360933854], [0.25000000000000006, 0.1464466094067262, 0.9571067811865475], [-0.7031294098500535, 0.41188367218677063, 0.12063793452348831]]
11	[[-0.8305561570912853, 0.32773595720904825, 0.4502950280316503], [-0.5100865793185324, -0.772219296347621, -0.37879947194723407], [0.22358030216652452, -0.5443036842615101, 0.808545204538665]]	0.8089746480231652	0.19102535197683476	[[-0.6718988748463952, 0.265130080627725, 0.3642772618084856], [-0.4126471109655502, -0.624705833459513, -0.3064391694898745], [0.18087079625007707, -0.44032788139316714, 0.6540925722524846]]	0.8159141785769827	0.1785403424738352	[[-0.6887225449893317, 0.27846441463050214, 0.3628825597509646], [-0.4337575048180252, -0.6601288892294707, -0.3090678599992223], [0.18248400255538227, -0.43304509312651507, 0.6753446988476312]]	[[-0.011060000314140382, 0.011060000314140395, -0.004519538162778796], [-0.01757063245020191, -0.030064216368705987, 3.2361436076317925e-19], [6.166396718884637e-05, 0.011060000314140386, 0.015641202444108028]]	0.2526999949021523	[[-0.6428104425883093, 0.3515647049250267, 0.37654963923317974], [-0.573223304703363, -0.7803300858899106, -0.2499999999999999], [0.2059418360933854, -0.37654963923317974, 0.7031294098500535]]
11	[[0.04673222253661188, -0.9725397674033924, -0.22799671093185395], [-0.8377629715199755, -0.16246744520517667, 0.5213036857710898], [-0.5440306084466285, 0.16664552219444034, -0.8223502702654952]]	0.7893218502993948	0.21067814970060522	[[0.036886764361201654, -0.7676468886965887, -0.17996278573490718], [-0.6612646187924661, -0.12823910446276565, 0.4114763898207308], [-0.42941524647859847, 0.13153695192262452, -0.6490990369201682]]	0.8052218302925176	0.18259584608991603	[[0.0724106908704542, -0.8178911366467052, -0.13440032944913685], [-0.7425896061243227, -0.1424900736846073, 0.45960126446446015], [-0.44825240766039004, 0.07481192757153107, -0.6969552748706146]]	[[0.03478088510588619, -0.03478088510588621, 0.04918759942808466], [-0.06800457284570989, -0.011667740093545594, 0.03983615646962775], [-0.01018708539184389, -0.05937468481992853, -0.03478088510588619]]	0.21401981631250816	[[0.12299952541138695, -0.803867568739754, -0.20997332391250548], [-0.8535533905932738, -0.2500000000000001, 0.4571067811865474], [-0.41994664782501095, 0.12299952541138681, -0.7168937702386353]]
11	[[-0.30792515101507295, 0.09349718223056193, 0.9468053539599837], [0.3027085282091916, -0.9338174967034747, 0.1906631317268273], [0.9019698710720718, 0.34531602882779927, 0.2592434992682147]]	0.8258232856132769	0.17417671438672325	[[-0.25429175993423203, 0.07721215022522598, 0.7818939082434753], [0.24998375134887388, -0.7711682332908287, 0.15745405388796552], [0.7448677224529221, 0.2851700175015022, 0.2140893183395602]]	0.8510460515497077	0.2601443979974263	[[-0.2580610227751906, 0.07951553470344451, 0.7451474458469557], [0.24351174917994972, -0.8497656317158695, 0.11918610026615263], [0.6816988143032563, 0.2656304943837723, 0.1785454880717461]]	[[0.003997461169034688, -5.4873064898725704e-05, -0.06062751222681179], [-0.014107148522905986, -0.05504393827834516, -0.04307700516606551], [-0.08591908308942932, -0.028249348486951223, -0.04208266837039753]]	0.29190691644337713	[[-0.20594183609338548, 0.12063793452348832, 0.7884333114199505], [0.4571067811865472, -0.8535533905932738, 0.25000000000000017], [0.7031294098500535, 0.41188367218677063, 0.12063793452348831]]
11	[[-0.3195682178843842, -0.5708200961323295, -0.7563336379995778], [0.910087742671785, 0.03735879733279218, -0.41272826520656647], [0.2638493031197415, -0.8202248094963509, 0.507557688474819]]	0.7901160974975506	0.20988390250244948	[[-0.25249599319905663, -0.45101414672925283, -0.5975913824623514], [0.7190749756201857, 0.029517787155787657, -0.32610324623194636], [0.20847158170841845, -0.6480728255499288, 0.40102950007260146]]	0.8191941722672609	0.1967211029313311	[[-0.2951569964915371, -0.48841055616767637, -0.6164674195387906], [0.7830398139423593, 0.00756426251657457, -0.3126546615713362], [0.18651473971146873, -0.6579936749516221, 0.43213214908333336]]	[[-0.033368574758815356, -0.020798060003034434, 0.0031166890001595483], [0.03750123889376668, -0.02303984654136253, 0.025449928015859487], [-0.02962907176100149, 0.013929708936812784, 0.01634384859531978]]	0.2846245523452471	[[-0.4365492079087017, -0.43654920790870183, -0.6173738104677182], [0.8535533905932738, -0.14644660940672602, -0.5], [0.1278623026748429, -0.7452361131425609, 0.4365492079087017]]
11	[[0.8592155572171323, 0.2624339665249735, -0.4391776855101157], [-0.4266000482917053, 0.8413623931712975, -0.33184593135155627], [0.2824199444684594, 0.4724804086637203, 0.8348660002631537]]	0.8145344984291623	0.18546550157083774	[[0.69986071294039, 0.21376151929419482, -0.35772537578826247], [-0.34748045636514063, 0.6853186949189424, -0.2702999592491981], [0.23004078781400847, 0.38485159268850905, 0.6800271587799088]]	0.8417217592821264	0.19680416147872262	[[0.7384502697152535, 0.16286776215125848, -0.3380443876676373], [-0.35361880076464497, 0.7507171588510968, -0.3890155306159988], [0.25899192632142115, 0.39257987189819243, 0.71133304211467]]	[[0.01522983929187657, -0.058028617847528885, 0.03162102641738966], [0.005459742393289313, 0.042524125077132165, -0.10969358946815111], [0.021272913807069097, -0.005117168908572266, 0.008608163608336123]]	0.24368987356535626	[[0.6896293251809325, 0.20198775284039233, -0.3693198861599027], [-0.4571067811865474, 0.7803300858899107, -0.4267766952966369], [0.20198775284039233, 0.4631363487711033, 0.6304684820906137]]
