11	[[0.8787972042104137, -0.3840163418041313, 0.28327887866788265], [-0.395223040501579, -0.9183905790867732, -0.018907472103605397], [0.2674214316928388, -0.09534250611366366, -0.9588511794847616]]	0.8996007930235276	0.10039920697647249	[[0.790566661814547, -0.3454614056209904, 0.2548379038964429], [-0.35554296065639024, -0.8261848932517978, -0.017009176898473644], [0.2405725320223648, -0.08577019410870235, -0.8625832814560364]]	0.8996007930235277	0.10039920697647244	[[0.7905666618145472, -0.3454614056209906, 0.25483790389644284], [-0.35554296065639024, -0.826184893251798, -0.017009176898473637], [0.24057253202236495, -0.08577019410870236, -0.8625832814560362]]	[[0.0, 0.0, 0.0], [0.0, 0.0, 0.0], [0.0, 0.0, 0.0]]	0.1286674566091744	[[0.7997421184973202, -0.4599401315554712, 0.2694266911855297], [-0.47855339059327373, -0.8749999999999999, -0.07322330470336318], [0.2694266911855297, -0.07037529575631964, -0.9198802631109424]]
11	[[-0.30792515101507295, 0.09349718223056193, 0.9468053539599837], [0.3027085282091916, -0.9338174967034747, 0.1906631317268273], [0.9019698710720718, 0.34531602882779927, 0.2592434992682147]]	0.9211680542261667	0.07883194577383355	[[-0.2836508122078532, 0.08612661743095605, 0.8721668456382349], [0.27884542592812767, -0.8602028464406895, 0.17563278606546884], [0.8308658311060868, 0.31809409436841063, 0.23880682979168405]]	0.9211680542261669	0.07883194577383329	[[-0.2836508122078534, 0.08612661743095607, 0.8721668456382351], [0.2788454259281277, -0.8602028464406899, 0.1756327860654689], [0.830865831106087, 0.31809409436841085, 0.2388068297916841]]	[[0.0, 0.0, 0.0], [0.0, 0.0, 0.0], [0.0, 0.0, 0.0]]	0.21330228918868205	[[-0.24114440910000434, 0.14125912436033664, 0.9232037967793482], [0.4571067811865472, -0.8535533905932738, 0.25000000000000017], [0.8233185120396805, 0.48228881820000824, 0.1412591243603366]]
11	[[-0.8305561570912853, 0.32773595720904825, 0.4502950280316503], [-0.5100865793185324, -0.772219296347621, -0.37879947194723407], [0.22358030216652452, -0.5443036842615101, 0.808545204538665]]	0.9348824981336536	0.06511750186634642	[[-0.776472414981788, 0.30639461040381927, 0.4209729407033928], [-0.4768710155377596, -0.7219343048764761, -0.35413299662573894], [0.20902131142291755, -0.5088599880857521, 0.755894760673093]]	0.9348824981336534	0.06511750186634668	[[-0.776472414981788, 0.30639461040381916, 0.42097294070339253], [-0.4768710155377595, -0.7219343048764759, -0.3541329966257389], [0.20902131142291752, -0.508859988085752, 0.755894760673093]]	[[0.0, 0.0, 0.0], [0.0, 0.0, 0.0], [0.0, 0.0, 0.0]]	0.16402598595806042	[[-0.7526889498595122, 0.41165925601984027, 0.4409149785793397], [-0.573223304703363, -0.7803300858899106, -0.2499999999999999], [0.24114440910000423, -0.44091497857933964, 0.8233185120396805]]
11	[[-0.5446221603179724, 0.8109226453022452, -0.2139887049042392], [-0.8354447797583356, -0.5021691245819775, 0.22328947644507607], [0.07361197229480154, 0.30038414347728, 0.9509735242804028]]	0.9196100636388631	0.080389936361137	[[-0.5008400195091455, 0.7457326254525928, -0.19678616653498526], [-0.7682834270803192, -0.4617997806143046, 0.20533924964354486], [0.06769431052660468, 0.2762362812992468, 0.8745248231823751]]	0.9196100636388623	0.08038993636113775	[[-0.5008400195091453, 0.7457326254525926, -0.19678616653498515], [-0.7682834270803183, -0.4617997806143041, 0.2053392496435446], [0.06769431052660461, 0.27623628129924654, 0.8745248231823748]]	[[0.0, 0.0, 0.0], [0.0, 0.0, 0.0], [0.0, 0.0, 0.0]]	0.10779723792406401	[[-0.48228881820000835, 0.8233185120396804, -0.1412591243603366], [-0.8535533905932738, -0.45710678118654735, 0.25000000000000017], [0.1412591243603366, 0.24114440910000434, 0.9232037967793482]]
11	[[0.5319609947059123, -0.8460851799387872, 0.03402011756955908], [-0.703274286200726, -0.4190807785627857, 0.5742617690636116], [-0.47161719485230363, -0.3294103357928521, -0.8179645788128509]]	0.927443830550347	0.07255616944965314	[[0.49336394263342415, -0.7846964802543085, 0.03155174815448504], [-0.6522473979215622, -0.3886738825802918, 0.5325955348389747], [-0.43739845774722985, -0.3055095836505989, -0.7586162022286914]]	0.9274438305503467	0.07255616944965325	[[0.4933639426334241, -0.7846964802543082, 0.031551748154485026], [-0.6522473979215622, -0.38867388258029156, 0.5325955348389747], [-0.4373984577472297, -0.30550958365059877, -0.7586162022286915]]	[[0.0, 0.0, 0.0], [0.0, 0.0, 0.0], [0.0, 0.0, 0.0]]	0.20663577826460464	[[0.4822888182000083, -0.8233185120396805, -0.14125912436033636], [-0.7071067811865477, -0.49999999999999983, 0.49999999999999994], [-0.48228881820000835, -0.14125912436033647, -0.8233185120396805]]
11	[[0.08740825448676931, -0.06334395238859675, -0.994156597696443], [0.7119981850616444, -0.6940087028176986, 0.10681996481098455], [-0.6967197295301035, -0.717174639895393, -0.015561310176609944]]	0.9533094397369536	0.04669056026304652	[[0.08332711411316712, -0.06038638776229744, -0.947738869160792], [0.6787545908948441, -0.6616050476557102, 0.10183248080668077], [-0.6641894950120247, -0.6836893541522286, -0.014834743886036983]]	0.9674111276973714	0.054162576129675115	[[0.06836935003454366, -0.05719034586527889, -0.9440520936248412], [0.6793930279339204, -0.6725980656022006, 0.09007419342540765], [-0.6809092039405981, -0.7034163452340498, -0.007904749654999812]]	[[-0.016190368008560663, 0.0040892985477820965, 0.017706061660456726], [-0.009401939195046501, -0.001206323777540768, -0.013264629192980425], [-0.006894784706873037, -0.009613618096891674, 0.007149434971402995]]	0.11406842677299633	[[0.0, 0.0, -0.9892388333439999], [0.7071067811865475, -0.7071067811865476, 0.0], [-0.6994974872706113, -0.6994974872706112, 0.0]]
11	[[0.8489524140446696, -0.5135124485683378, 0.12483895166604869], [0.522794976890395, 0.7815435453534784, -0.34040431673891397], [0.0772347773085365, 0.35425224329800037, 0.9319550081910795]]	0.9226402357400212	0.07735976425997917	[[0.7832776554262341, -0.47378724660252663, 0.11518143979470026], [0.482351680721853, 0.7210835209260253, -0.3140707190429124], [0.07125991314327615, 0.32684737326789837, 0.8598591884565105]]	0.923021949539924	0.13423909462816586	[[0.7781526243655281, -0.4897386631864946, 0.06705016982393153], [0.5103433431281654, 0.6684724908537412, -0.29003486575250303], [0.024885384706590748, 0.30400957190786226, 0.8623184663174095]]	[[-0.00544908791260758, -0.015755401795927534, -0.04817892272138507], [0.027792104349113465, -0.05290935602877043, 0.02416579031565513], [-0.04640401001701651, -0.0229730243299495, 0.002103537773383455]]	0.197845589247167	[[0.8203545653963374, -0.48055257845448834, 0.14075059151263933], [0.49999999999999994, 0.7071067811865475, -0.4999999999999999], [0.14075059151263913, 0.48055257845448834, 0.8203545653963377]]
11	[[0.22433838825039393, -0.7661379269479729, -0.6022499185961573], [-0.9416906372873723, -0.011392912655017143, -0.3362869982418849], [0.2507808429735371, 0.642575192824231, -0.724020780340167]]	0.9229170668385992	0.07708293316140083	[[0.20704572726335235, -0.7070817683326283, -0.5558267283745507], [-0.8691023608346329, -0.010514713530316749, -0.31036501003335754], [0.23144992001644818, 0.5930436121845866, -0.6682111349217407]]	0.9229170668385993	0.07708293316140094	[[0.2070457272633524, -0.7070817683326284, -0.5558267283745507], [-0.869102360834633, -0.010514713530316744, -0.31036501003335754], [0.23144992001644824, 0.5930436121845866, -0.6682111349217406]]	[[0.0, 0.0, 0.0], [0.0, 0.0, 0.0], [0.0, 0.0, 0.0]]	0.23629006161295193	[[0.24027628922724398, -0.8203545653963377, -0.439327684656454], [-0.9571067811865474, -0.14644660940672607, -0.2499999999999999], [0.1407505915126393, 0.48055257845448823, -0.8203545653963377]]
11	[[0.034229894132735264, 0.2773841392786001, 0.9601491309293217], [-0.1827544195208179, -0.9427759796974285, 0.2788803941677556], [0.9825625356654255, -0.18501754344446375, 0.018422055382213542]]	0.9344482048767149	0.06555179512328509	[[0.031986063125454475, 0.2592011110101606, 0.8972096318108428], [-0.17077453925451433, -0.8809753218291483, 0.2605992837053699], [0.91815379763167, -0.17288931134237875, 0.017214456582048863]]	0.9353165530196125	0.12226500979509118	[[0.01241845925846285, 0.24498548529058325, 0.8906615488398248], [-0.16303289806726717, -0.8280860899085023, 0.2520039952362155], [0.9251113508197872, -0.16696020037812337, 0.0]]	[[-0.019597327331993354, -0.01445649172178905, -0.007381826685764999], [0.007900335648044423, 0.05370788969178454, -0.008837453741520535], [0.006104346834991315, 0.006089770604508882, -0.017230453339628367]]	0.14251763134480863	[[0.14075059151263938, 0.2402762892272443, 0.9198802631109424], [-0.25000000000000017, -0.9267766952966368, 0.2803300858899109], [0.9198802631109424, -0.2694266911855297, -0.0703752957563196]]
11	[[-0.42203838922340475, -0.825029846081567, 0.3757783270710803], [0.2588054115689476, 0.28760896992378115, 0.9221175843470338], [-0.8688517462515349, 0.4864224845687207, 0.09214016247897017]]	0.9202673991052072	0.07973260089479302	[[-0.3883881707731737, -0.7592480706376532, 0.3458165436938089], [0.2381701829789081, 0.2646771587110858, 0.8485947510162213], [-0.7995759367309173, 0.4476387547403493, 0.08479358767765306]]	0.9202673991052073	0.07973260089479273	[[-0.3883881707731739, -0.7592480706376533, 0.345816543693809], [0.23817018297890818, 0.2646771587110858, 0.8485947510162214], [-0.7995759367309175, 0.4476387547403494, 0.08479358767765308]]	[[0.0, 0.0, 0.0], [0.0, 0.0, 0.0], [0.0, 0.0, 0.0]]	0.1632010719433098	[[-0.4409149785793395, -0.8233185120396805, 0.24114440910000423], [0.25000000000000006, 0.1464466094067262, 0.9571067811865475], [-0.8233185120396805, 0.48228881820000824, 0.1412591243603366]]
11	[[-0.3195682178843842, -0.5708200961323295, -0.7563336379995778], [0.910087742671785, 0.03735879733279218, -0.41272826520656647], [0.2638493031197415, -0.8202248094963509, 0.507557688474819]]	0.9268102046788235	0.07318979532117656	[[-0.2961790854262731, -0.5290418901311901, -0.700977733839868], [0.8434786070613257, 0.03462451460255982, -0.38252076795283363], [0.24453822662877253, -0.7601927235719619, 0.4704096451416575]]	0.9268102046788232	0.0731897953211767	[[-0.29617908542627286, -0.5290418901311901, -0.7009777338398677], [0.8434786070613256, 0.0346245146025598, -0.3825207679528335], [0.2445382266287725, -0.7601927235719618, 0.4704096451416574]]	[[0.0, 0.0, 0.0], [0.0, 0.0, 0.0], [0.0, 0.0, 0.0]]	0.23326929648319994	[[-0.4875352664529864, -0.4875352664529865, -0.6894789859529942], [0.8535533905932738, -0.14644660940672602, -0.5], [0.14279577347648958, -0.8322747594294836, 0.4875352664529864]]
11	[[0.8592155572171323, 0.2624339665249735, -0.4391776855101157], [-0.4266000482917053, 0.8413623931712975, -0.33184593135155627], [0.2824199444684594, 0.4724804086637203, 0.8348660002631537]]	0.9354585108735581	0.06454148912644199	[[0.8037605056737331, 0.2454960875280929, -0.4108325036961887], [-0.3990666459135465, 0.7870596114210351, -0.31042810078157573], [0.26419214069345803, 0.441985819505494, 0.7809825053851333]]	0.9354585108735581	0.06454148912644192	[[0.803760505673733, 0.24549608752809293, -0.41083250369618873], [-0.3990666459135465, 0.7870596114210351, -0.3104281007815758], [0.26419214069345803, 0.441985819505494, 0.7809825053851333]]	[[0.0, 0.0, 0.0], [0.0, 0.0, 0.0], [0.0, 0.0, 0.0]]	0.13844593991911905	[[0.8203545653963377, 0.24027628922724412, -0.439327684656454], [-0.4571067811865474, 0.7803300858899107, -0.4267766952966369], [0.24027628922724414, 0.5509278742108079, 0.7499792696400178]]
11	[[0.3802729664721569, 0.7767473726770865, -0.5020517802076895], [0.4287143634067757, 0.332951791095048, 0.839849450446521], [0.8195098935212374, -0.5346088512602871, -0.20639019011321075]]	0.9226571609278216	0.07734283907217879	[[0.35086157562280096, 0.7166715256323851, -0.46322167016518545], [0.39555637738987415, 0.30720035429759013, 0.7748931095557778], [0.7561266717085663, -0.4932606849107006, -0.1904273868532084]]	0.9226571609278216	0.07734283907217859	[[0.350861575622801, 0.716671525632385, -0.46322167016518545], [0.3955563773898741, 0.3072003542975902, 0.7748931095557782], [0.7561266717085663, -0.49326068491070063, -0.19042738685320842]]	[[0.0, 0.0, 0.0], [0.0, 0.0, 0.0], [0.0, 0.0, 0.0]]	0.16028965278508706	[[0.24114440910000418, 0.7526889498595123, -0.5529183803801765], [0.4571067811865474, 0.42677669529663675, 0.7803300858899108], [0.8233185120396805, -0.44091497857933964, -0.24114440910000423]]
11	[[0.04673222253661188, -0.9725397674033924, -0.22799671093185395], [-0.8377629715199755, -0.16246744520517667, 0.5213036857710898], [-0.5440306084466285, 0.16664552219444034, -0.8223502702654952]]	0.9324948677333696	0.06750513226663053	[[0.04357755767316429, -0.9068883417702684, -0.21260576280404248], [-0.7812096713194341, -0.15150005882757972, 0.48611301151203035], [-0.5073057502663434, 0.15539609417706293, -0.7668374065017237]]	0.9324948677333695	0.06750513226663032	[[0.04357755767316428, -0.9068883417702687, -0.21260576280404245], [-0.7812096713194343, -0.15150005882757972, 0.4861130115120305], [-0.5073057502663436, 0.15539609417706293, -0.7668374065017237]]	[[0.0, 0.0, 0.0], [0.0, 0.0, 0.0], [0.0, 0.0, 0.0]]	0.12934208256257684	[[0.14176949454068308, -0.9265393383975795, -0.24201566549578904], [-0.8535533905932738, -0.2500000000000001, 0.4571067811865474], [-0.4840313309915781, 0.14176949454068294, -0.8262931674424735]]
