11	[[0.8592155572171323, 0.2624339665249735, -0.4391776855101157], [-0.4266000482917053, 0.8413623931712975, -0.33184593135155627], [0.2824199444684594, 0.4724804086637203, 0.8348660002631537]]	0.8288356968482595	0.1711643031517405	[[0.7121485251089275, 0.21751463952137923, -0.3640061430099826], [-0.3535813483013567, 0.6973511854460518, -0.2750457537580268], [0.23407973147736238, 0.3916086287619452, 0.6919667431030302]]	0.8509944612276948	0.18736124724238915	[[0.7448069000039867, 0.16104665780708055, -0.3452930181300343], [-0.3559863823649865, 0.7548015352961182, -0.3865408365145253], [0.2688336728966606, 0.3954520658644562, 0.7205660424804099]]	[[0.01361921981153966, -0.062283194143686174, 0.02844475973387261], [0.007047895890721856, 0.03880679882206585, -0.10414178695340509], [0.02849586441376835, -0.006626144946967604, 0.01009970038914685]]	0.22347116609113987	[[0.7115974982529051, 0.2084220817628934, -0.3810845876913426], [-0.4571067811865474, 0.7803300858899107, -0.4267766952966369], [0.20842208176289342, 0.4778895779251213, 0.6505520838535706]]
11	[[0.8787972042104137, -0.3840163418041313, 0.28327887866788265], [-0.395223040501579, -0.9183905790867732, -0.018907472103605397], [0.2674214316928388, -0.09534250611366366, -0.9588511794847616]]	0.8156609368627011	0.18433906313729903	[[0.7168005508985884, -0.31322712912654505, 0.23105951556766063], [-0.3223679954852432, -0.7490953201437962, -0.01542208640973217], [0.21812521551174574, -0.07776715785950873, -0.7820974513704467]]	0.8512836619455165	0.2436947734154752	[[0.6954665921000471, -0.31589703266603336, 0.14850045342521553], [-0.35994696476575566, -0.8405056985771969, -0.0251063408503978], [0.1351045867566267, -0.056630088462988754, -0.8162543433325655]]	[[-0.05263911000767562, 0.0110098050319086, -0.09265022775899924], [-0.023500047562330224, -0.05869480331594522, -0.009010718759907891], [-0.0925469088975659, 0.02453342928051365, 0.0]]	0.2162511218030874	[[0.6937177103356827, -0.3989643756085648, 0.23370792032778379], [-0.47855339059327373, -0.8749999999999999, -0.07322330470336318], [0.23370792032778379, -0.06104541439933445, -0.7979287512171296]]
11	[[0.08740825448676931, -0.06334395238859675, -0.994156597696443], [0.7119981850616444, -0.6940087028176986, 0.10681996481098455], [-0.6967197295301035, -0.717174639895393, -0.015561310176609944]]	0.8952909553409082	0.1047090446590919	[[0.07825581966414093, -0.0567112676490558, -0.8900594101101155], [0.6374455353048322, -0.6213397145605617, 0.09563494834510855], [-0.6237668722558656, -0.6420799684982182, -0.013931900254373311]]	0.9440427074450279	0.0883630573963019	[[0.06945163753603247, -0.061747632392591754, -0.908522861469505], [0.6778691780752095, -0.6603941724839094, 0.10493573470979572], [-0.652979886146258, -0.6725920115260389, 0.0]]	[[-0.013065487682701243, -0.00194823607939194, 0.030003424644182278], [0.00571248375366863, -0.005220317685477467, 0.00409312592045125], [0.004753293649708638, 0.004451477231720684, 0.01469054139051872]]	0.13418434022511944	[[0.0, 0.0, -0.9516024690560001], [0.7071067811865475, -0.7071067811865476, 0.0], [-0.6728845588633595, -0.6728845588633594, 0.0]]
11	[[0.3802729664721569, 0.7767473726770865, -0.5020517802076895], [0.4287143634067757, 0.332951791095048, 0.839849450446521], [0.8195098935212374, -0.5346088512602871, -0.20639019011321075]]	0.808627064928654	0.1913729350713462	[[0.30749901275009267, 0.6280989481589159, -0.40597265747154965], [0.3466700373743774, 0.269233829595927, 0.6791249960965132], [0.662677879878072, -0.4322991862794854, -0.16689269366131246]]	0.8657862754904506	0.22429545776570495	[[0.3341002595153472, 0.6304449443720191, -0.41597805731466064], [0.4005007868350681, 0.3079340154821107, 0.7270496586936287], [0.6701095240685562, -0.4498226518497423, -0.08470538891764137]]	[[0.004865144203713421, -0.04205227041506844, 0.018691483574705122], [0.029325774891856168, 0.019668924352054536, -8.046898116651977e-05], [-0.03941089437077178, 0.013034354327130064, 0.09398440507824139]]	0.22622441375419672	[[0.21189719577358013, 0.6613990279113162, -0.4858576432748284], [0.4571067811865474, 0.42677669529663675, 0.7803300858899108], [0.7234622796389844, -0.3874385804100677, -0.21189719577358018]]
11	[[0.22433838825039393, -0.7661379269479729, -0.6022499185961573], [-0.9416906372873723, -0.011392912655017143, -0.3362869982418849], [0.2507808429735371, 0.642575192824231, -0.724020780340167]]	0.8195817771192997	0.18041822288070047	[[0.18386365491833734, -0.6279126836865156, -0.4935930585529921], [-0.7717924860045905, -0.009337423600363964, -0.2756146956411989], [0.20553540895172753, 0.5266429184676599, -0.5933942378224961]]	0.8319373706812594	0.16187374225093143	[[0.17580553864137105, -0.7005003481609507, -0.46405845084029157], [-0.8542953087387122, -0.02163716072540495, -0.3212830445543894], [0.24560971805023246, 0.4976065534535959, -0.6546315697289223]]	[[-0.010829950222533162, -0.06312157563666326, 0.03697576292959819], [-0.07086767595869603, -0.012158970926788758, -0.0415133234427424], [0.03697576292959819, -0.036975762929598206, -0.052291625414130107]]	0.2938042460436582	[[0.20842208176289329, -0.7115974982529051, -0.3810845876913426], [-0.9571067811865474, -0.14644660940672607, -0.2499999999999999], [0.12209082879866891, 0.4168441635257868, -0.7115974982529051]]
11	[[0.034229894132735264, 0.2773841392786001, 0.9601491309293217], [-0.1827544195208179, -0.9427759796974285, 0.2788803941677556], [0.9825625356654255, -0.18501754344446375, 0.018422055382213542]]	0.8851881667473215	0.11481183325267864	[[0.030299897235310822, 0.24553715773280768, 0.8499126490113602], [-0.16177204958060368, -0.8345341411217766, 0.24686162485512597], [0.8697527296602777, -0.16377534009769776, 0.01630698543149924]]	0.9256172534661589	0.1242560725501234	[[0.00989692327876219, 0.24014957717223184, 0.8728247849398051], [-0.16422134593351062, -0.8273042488899904, 0.2527030785604833], [0.9065564893268006, -0.16281347880701647, 0.0]]	[[-0.02178685731481761, -0.01660196798190046, -0.01590581654891318], [0.004939297922151005, 0.0453454640714106, -0.005433425934634408], [-0.002920346294575506, 0.008441951599103797, -0.01705177230608597]]	0.21215027626381253	[[-0.06309805991019536, 0.24156632407905237, 0.8247590198833143], [-0.2803300858899109, -0.9267766952966368, 0.25000000000000017], [0.8247590198833143, -0.2154302519048193, 0.12619611982039092]]
11	[[0.8489524140446696, -0.5135124485683378, 0.12483895166604869], [0.522794976890395, 0.7815435453534784, -0.34040431673891397], [0.0772347773085365, 0.35425224329800037, 0.9319550081910795]]	0.8521285984632541	0.14787140153674608	[[0.7234166307418806, -0.4375786430919714, 0.10637884091681199], [0.44548855094124146, 0.6659756059400622, -0.29006825333357233], [0.06581396254054475, 0.30186846758398883, 0.7941455149606749]]	0.906608578168688	0.15291880542067202	[[0.761593362894454, -0.47305280483576334, 0.055053089911399275], [0.5005927352829252, 0.6736905997492493, -0.28718784433226785], [0.020457277934751595, 0.2862184128788726, 0.8449184048933026]]	[[-0.008074178135459052, -0.007498013967301086, -0.058126974558626684], [0.026622324610591892, -0.03486348268058312, 0.021425629268882643], [-0.04956443370611593, -0.03494970973059559, 0.0]]	0.2733292293763579	[[0.711597498252905, -0.4168441635257869, 0.12209082879866877], [0.49999999999999983, 0.7071067811865477, -0.49999999999999994], [0.12209082879866891, 0.4168441635257868, 0.7115974982529051]]
11	[[-0.30792515101507295, 0.09349718223056193, 0.9468053539599837], [0.3027085282091916, -0.9338174967034747, 0.1906631317268273], [0.9019698710720718, 0.34531602882779927, 0.2592434992682147]]	0.8397952868636023	0.16020471313639786	[[-0.2585940905292212, 0.07851849297225327, 0.7951226738328189], [0.2542131952834969, -0.7842155325223455, 0.16011799940284366], [0.7574700466192968, 0.2899947734880416, 0.21771146883547443]]	0.8533551565440519	0.2576305874103522	[[-0.2603721069268502, 0.08037311803471264, 0.7474919648662828], [0.2432532029720319, -0.8497652255670936, 0.1194456270039535], [0.6838576986465671, 0.2672914621142019, 0.17999898889213758]]	[[0.002397408521468178, 0.0005868154559236956, -0.060469266178985605], [-0.015064680505142317, -0.05288724948412531, -0.04325773961797237], [-0.08584294188015908, -0.027385751723315015, -0.04122778800891759]]	0.27661536799445574	[[-0.21189719577358027, 0.12412650345533655, 0.8112329719572281], [0.4571067811865472, -0.8535533905932738, 0.25000000000000017], [0.7234622796389844, 0.4237943915471602, 0.12412650345533652]]
11	[[0.5319609947059123, -0.8460851799387872, 0.03402011756955908], [-0.703274286200726, -0.4190807785627857, 0.5742617690636116], [-0.47161719485230363, -0.3294103357928521, -0.8179645788128509]]	0.8270093955558522	0.17299060444414788	[[0.4399367406910264, -0.699720393249941, 0.02813495686794009], [-0.5816144423408358, -0.34658374136828535, 0.4749198785241318], [-0.39003185124855017, -0.27242544269389696, -0.676464391910113]]	0.8621075857456293	0.1839057607148476	[[0.5166417631149578, -0.708595037737279, 0.005368511677823374], [-0.5982750957035733, -0.38983805020643914, 0.5681248079990402], [-0.3714810232985726, -0.3680051499816723, -0.7047989267250111]]	[[0.05803415425820035, 0.020821414074905027, -0.023960489746851672], [0.0080230012899153, -0.028545331967277213, 0.07304938068559609], [0.03510373795167293, -0.08401800067163961, 0.00037454154077634476]]	0.2554382294264431	[[0.4237943915471602, -0.7234622796389844, -0.12412650345533628], [-0.7071067811865477, -0.49999999999999983, 0.49999999999999994], [-0.42379439154716025, -0.12412650345533638, -0.7234622796389844]]
11	[[-0.3195682178843842, -0.5708200961323295, -0.7563336379995778], [0.910087742671785, 0.03735879733279218, -0.41272826520656647], [0.2638493031197415, -0.8202248094963509, 0.507557688474819]]	0.8104493409643106	0.1895506590356895	[[-0.2589938515775384, -0.462620770719631, -0.6129700984658972], [0.7375800112680452, 0.030277412677580693, -0.3344953505340051], [0.2138364938272871, -0.6647506562988948, 0.4113497941257859]]	0.8264481008675949	0.18833899500281515	[[-0.2905994382520343, -0.49863208520151464, -0.6258089047986911], [0.7894153611723744, 0.007053948489529168, -0.30433793696699096], [0.1826963488299565, -0.6672403884841215, 0.4425263561773374]]	[[-0.02649289148384329, -0.026878900815893045, -0.0007384060516611862], [0.03727507461840131, -0.023821158616854375, 0.036760553987352874], [-0.03536140664859222, 0.010632847608622613, 0.023056268456576864]]	0.274750837392843	[[-0.4453481420320072, -0.4453481420320073, -0.6298173824393242], [0.8535533905932738, -0.14644660940672602, -0.5], [0.13043945081234534, -0.7602568332516694, 0.4453481420320072]]
11	[[-0.42203838922340475, -0.825029846081567, 0.3757783270710803], [0.2588054115689476, 0.28760896992378115, 0.9221175843470338], [-0.8688517462515349, 0.4864224845687207, 0.09214016247897017]]	0.7952771146875832	0.20472288531241686	[[-0.33563747246898457, -0.6561273555228895, 0.2988479037152157], [0.2058220209780851, 0.22872883175925254, 0.7333390118821932], [-0.6909779098501889, 0.38684067004697764, 0.07327696256312051]]	0.8607656225732082	0.22738911184153726	[[-0.2869354838403503, -0.6490607047231314, 0.3414723095212242], [0.25796834282035436, 0.23351771765553392, 0.8305512855175792], [-0.7545071456886879, 0.3829023608108431, 0.022885691962266322]]	[[0.07634065300932773, 0.061096624380746783, 0.018015243870366994], [0.03519754160589376, -0.014046196398548703, 0.03682416894140165], [-0.0066294314026664365, -0.03579339195255865, -0.05642539235794097]]	0.23563837488115322	[[-0.3874385804100675, -0.7234622796389844, 0.21189719577358018], [0.25000000000000006, 0.1464466094067262, 0.9571067811865475], [-0.7234622796389844, 0.4237943915471602, 0.12412650345533652]]
11	[[-0.5446221603179724, 0.8109226453022452, -0.2139887049042392], [-0.8354447797583356, -0.5021691245819775, 0.22328947644507607], [0.07361197229480154, 0.30038414347728, 0.9509735242804028]]	0.8289036482611952	0.17109635173880486	[[-0.45143929561146073, 0.6721767391486503, -0.1773760181818122], [-0.6925032258624552, -0.41624981941013184, 0.18508546164365577], [0.06101723239086301, 0.24898951240813166, 0.7882654236758321]]	0.8508221262644016	0.15919208099704896	[[-0.46337658445244917, 0.6899509293120095, -0.1500469160149998], [-0.7342800059241352, -0.4506574956467389, 0.1899796271214646], [0.08533094942150524, 0.232932334495026, 0.809109315949404]]	[[0.0, 0.0, 0.032019408888190604], [-0.023465102033653283, -0.023400893325567728, 0.0], [0.022700254635125993, -0.022641141154424387, 0.0]]	0.18438610297625485	[[-0.42379439154716025, 0.7234622796389844, -0.12412650345533652], [-0.8535533905932738, -0.45710678118654735, 0.25000000000000017], [0.12412650345533652, 0.21189719577358027, 0.8112329719572281]]
11	[[-0.8305561570912853, 0.32773595720904825, 0.4502950280316503], [-0.5100865793185324, -0.772219296347621, -0.37879947194723407], [0.22358030216652452, -0.5443036842615101, 0.808545204538665]]	0.8263666794346889	0.17363332056531136	[[-0.6863439336195609, 0.27083007469019044, 0.37210880708046495], [-0.42151855277565464, -0.6381362957181755, -0.3130272618046494], [0.18475931188835526, -0.44979442816725135, 0.6681548158474577]]	0.8320565251118716	0.1631257949242946	[[-0.6975710774619718, 0.2791962491919009, 0.3784639457684891], [-0.43457426127773846, -0.6670255533860279, -0.31518257234262753], [0.19251744992715583, -0.44639002464989425, 0.6819496919203302]]	[[-0.00650140748232715, 0.0065014074823271555, 0.003793029469321349], [-0.010153394583759448, -0.024495449042691728, -1.821319870502615e-18], [0.006486000623015175, 0.006501407482327157, 0.009194378636020979]]	0.23560047795999162	[[-0.6613990279113161, 0.3617311398194922, 0.3874385804100677], [-0.573223304703363, -0.7803300858899106, -0.2499999999999999], [0.21189719577358018, -0.3874385804100677, 0.7234622796389844]]
11	[[0.04673222253661188, -0.9725397674033924, -0.22799671093185395], [-0.8377629715199755, -0.16246744520517667, 0.5213036857710898], [-0.5440306084466285, 0.16664552219444034, -0.8223502702654952]]	0.8081807034598518	0.19181929654014815	[[0.03776808048388132, -0.7859878733627544, -0.18426254222743818], [-0.6770638676556295, -0.13130305415524463, 0.42130757948269293], [-0.43967503983808753, 0.1346796953555372, -0.6646076199135673]]	0.8219834869545928	0.1668913766082808	[[0.06821704654775083, -0.8292155605262176, -0.1452604075896929], [-0.7457494858795858, -0.1433461698964159, 0.4619644064315097], [-0.45591354591683186, 0.08610137416666111, -0.7057622739648522]]	[[0.029803931313968666, -0.029803931313968673, 0.04214912387625068], [-0.0571221573081553, -0.00980061277006062, 0.03346138503910796], [-0.008729369375843343, -0.050878493252094016, -0.029803931313968666]]	0.19749771524063137	[[0.12619611982039092, -0.8247590198833143, -0.21543025190481915], [-0.8535533905932738, -0.2500000000000001, 0.4571067811865474], [-0.4308605038096383, 0.12619611982039078, -0.7355248877988861]]
