11	[[-0.5446221603179724, 0.8109226453022452, -0.2139887049042392], [-0.8354447797583356, -0.5021691245819775, 0.22328947644507607], [0.07361197229480154, 0.30038414347728, 0.9509735242804028]]	0.93754284242636	0.062457157573640135	[[-0.5106066082328966, 0.7602747218645699, -0.20062357864305602], [-0.7832652735048944, -0.4708050684393441, 0.20934345043021038], [0.06901437774187871, 0.28162300369549675, 0.8915784210260618]]	0.9375428424263597	0.062457157573640454	[[-0.5106066082328963, 0.7602747218645696, -0.20062357864305594], [-0.7832652735048939, -0.47080506843934394, 0.20934345043021027], [0.06901437774187869, 0.2816230036954964, 0.8915784210260617]]	[[0.0, 0.0, 0.0], [0.0, 0.0, 0.0], [0.0, 0.0, 0.0]]	0.10296646281338499	[[-0.4891082635732063, 0.8349600334801979, -0.14325649366621507], [-0.8535533905932738, -0.45710678118654735, 0.25000000000000017], [0.14325649366621507, 0.24455413178660332, 0.9362576716005861]]
11	[[0.8787972042104137, -0.3840163418041313, 0.28327887866788265], [-0.395223040501579, -0.9183905790867732, -0.018907472103605397], [0.2674214316928388, -0.09534250611366366, -0.9588511794847616]]	0.9179341294700313	0.0820658705299688	[[0.8066779466275835, -0.3525017064162413, 0.2600313508872495], [-0.3627887176293158, -0.843022056727495, -0.017355813945901927], [0.24547525910259538, -0.08751814035093698, -0.8801622227316573]]	0.9179341294700315	0.08206587052996861	[[0.8066779466275835, -0.3525017064162413, 0.26003135088724955], [-0.362788717629316, -0.8430220567274952, -0.01735581394590192], [0.2454752591025955, -0.08751814035093701, -0.8801622227316576]]	[[0.0, 0.0, 0.0], [0.0, 0.0, 0.0], [0.0, 0.0, 0.0]]	0.12051469103018364	[[0.8121898483747283, -0.46709895236153237, 0.27362023132312163], [-0.47855339059327373, -0.8749999999999999, -0.07322330470336318], [0.27362023132312163, -0.07147066469007463, -0.9341979047230647]]
11	[[0.08740825448676931, -0.06334395238859675, -0.994156597696443], [0.7119981850616444, -0.6940087028176986, 0.10681996481098455], [-0.6967197295301035, -0.717174639895393, -0.015561310176609944]]	0.967333571848619	0.032666428151381134	[[0.08455293902173963, -0.06127473171907016, -0.9616810526265707], [0.6887397475054143, -0.6713379173906712, 0.10333053810535348], [-0.6739603845437588, -0.6937471060492575, -0.015052977755784363]]	0.9696110324755739	0.051400641042360064	[[0.0699561820560427, -0.056273059066756836, -0.946454782107868], [0.6784262023172078, -0.6724962660194692, 0.09004735799018863], [-0.6815557767886076, -0.7067845597069143, -0.00967542905353359]]	[[-0.01479582582376141, 0.005145936009834047, 0.017490423026983795], [-0.011935093021147874, 0.00042222886663313914, -0.013526458379194549], [-0.006008640492821385, -0.011404116652644632, 0.005412988973481833]]	0.11205073635198423	[[0.0, 0.0, -0.993414509352], [0.7071067811865475, -0.7071067811865476, 0.0], [-0.7024501360919062, -0.7024501360919061, 0.0]]
11	[[0.3802729664721569, 0.7767473726770865, -0.5020517802076895], [0.4287143634067757, 0.332951791095048, 0.839849450446521], [0.8195098935212374, -0.5346088512602871, -0.20639019011321075]]	0.9452252362862331	0.054774763713766966	[[0.3594436045869114, 0.7342012188734098, -0.47455201257473734], [0.40523163545047153, 0.31471443540974126, 0.7938468952431759], [0.7746214327425173, -0.5053257777532164, -0.19508521621692018]]	0.945225236286233	0.05477476371376732	[[0.35944360458691116, 0.7342012188734095, -0.4745520125747372], [0.4052316354504715, 0.31471443540974114, 0.7938468952431759], [0.7746214327425173, -0.5053257777532164, -0.1950852162169202]]	[[0.0, 0.0, 0.0], [0.0, 0.0, 0.0], [0.0, 0.0, 0.0]]	0.1552267472687985	[[0.24455413178660315, 0.7633317866470904, -0.5607365104063137], [0.4571067811865474, 0.42677669529663675, 0.7803300858899108], [0.834960033480198, -0.4471494080273796, -0.2445541317866032]]
11	[[0.8489524140446696, -0.5135124485683378, 0.12483895166604869], [0.522794976890395, 0.7815435453534784, -0.34040431673891397], [0.0772347773085365, 0.35425224329800037, 0.9319550081910795]]	0.9327443744332532	0.06725562556674693	[[0.7918555883616955, -0.4789758476035623, 0.11644282987665172], [0.4876340736764786, 0.7289803453030771, -0.3175102114710173], [0.0720403040451425, 0.3304267870665699, 0.8692757911151257]]	0.9327443744332532	0.06725562556674669	[[0.7918555883616956, -0.4789758476035623, 0.11644282987665175], [0.48763407367647865, 0.7289803453030772, -0.3175102114710173], [0.07204030404514251, 0.33042678706657, 0.8692757911151259]]	[[0.0, 0.0, 0.0], [0.0, 0.0, 0.0], [0.0, 0.0, 0.0]]	0.19048645029419609	[[0.8331231214065413, -0.4880322253933453, 0.1429413293801493], [0.49999999999999994, 0.7071067811865475, -0.4999999999999999], [0.1429413293801491, 0.4880322253933453, 0.8331231214065415]]
11	[[-0.8305561570912853, 0.32773595720904825, 0.4502950280316503], [-0.5100865793185324, -0.772219296347621, -0.37879947194723407], [0.22358030216652452, -0.5443036842615101, 0.808545204538665]]	0.9532218350378987	0.046778164962101354	[[-0.7917042641645802, 0.31240507053871114, 0.4292310529287717], [-0.48622566516621607, -0.7360962947161542, -0.36107992776092956], [0.21312162590950237, -0.5188421567296457, 0.7707229435814393]]	0.9532218350378986	0.04677816496210144	[[-0.7917042641645804, 0.31240507053871114, 0.4292310529287718], [-0.4862256651662161, -0.736096294716154, -0.36107992776092945], [0.21312162590950243, -0.5188421567296455, 0.7707229435814394]]	[[0.0, 0.0, 0.0], [0.0, 0.0, 0.0], [0.0, 0.0, 0.0]]	0.1572534871352594	[[-0.7633317866470903, 0.417480016740099, 0.4471494080273797], [-0.573223304703363, -0.7803300858899106, -0.2499999999999999], [0.2445541317866032, -0.4471494080273796, 0.834960033480198]]
11	[[0.22433838825039393, -0.7661379269479729, -0.6022499185961573], [-0.9416906372873723, -0.011392912655017143, -0.3362869982418849], [0.2507808429735371, 0.642575192824231, -0.724020780340167]]	0.9328685684840675	0.0671314315159326	[[0.20927823110316787, -0.7147059911733066, -0.5618200194304434], [-0.8784735967611204, -0.010628090119349825, -0.3137115706497112], [0.23394556598795122, 0.5994382002733142, -0.675416228908649]]	0.9328685684840675	0.06713143151593245	[[0.20927823110316784, -0.7147059911733067, -0.5618200194304435], [-0.8784735967611204, -0.010628090119349832, -0.3137115706497112], [0.23394556598795127, 0.599438200273314, -0.6754162289086493]]	[[0.0, 0.0, 0.0], [0.0, 0.0, 0.0], [0.0, 0.0, 0.0]]	0.23222310040880875	[[0.24401611269667245, -0.8331231214065415, -0.44616567932971946], [-0.9571067811865474, -0.14644660940672607, -0.2499999999999999], [0.14294132938014928, 0.4880322253933452, -0.8331231214065415]]
11	[[-0.42203838922340475, -0.825029846081567, 0.3757783270710803], [0.2588054115689476, 0.28760896992378115, 0.9221175843470338], [-0.8688517462515349, 0.4864224845687207, 0.09214016247897017]]	0.9449405309333108	0.055059469066689605	[[-0.39880117958700334, -0.7796041407921436, 0.35508817189577796], [0.24455572301637535, 0.27177337274096036, 0.8713462797358281], [-0.8210132304052592, 0.4596403208262671, 0.08706697405315958]]	0.9449405309333105	0.05505946906668957	[[-0.39880117958700323, -0.7796041407921432, 0.35508817189577785], [0.24455572301637532, 0.27177337274096036, 0.8713462797358279], [-0.8210132304052594, 0.45964032082626705, 0.08706697405315958]]	[[0.0, 0.0, 0.0], [0.0, 0.0, 0.0], [0.0, 0.0, 0.0]]	0.15620898838137406	[[-0.44714940802737946, -0.834960033480198, 0.2445541317866032], [0.25000000000000006, 0.1464466094067262, 0.9571067811865475], [-0.834960033480198, 0.4891082635732062, 0.14325649366621507]]
11	[[-0.30792515101507295, 0.09349718223056193, 0.9468053539599837], [0.3027085282091916, -0.9338174967034747, 0.1906631317268273], [0.9019698710720718, 0.34531602882779927, 0.2592434992682147]]	0.9410437462202217	0.05895625377977836	[[-0.28977103766665185, 0.08798493862728274, 0.8909852572318661], [0.2848619673987873, -0.8787631153838273, 0.17942234774629318], [0.8487931064514328, 0.3249574893980022, 0.2439594737346]]	0.9410437462202215	0.05895625377977855	[[-0.2897710376666516, 0.0879849386272827, 0.890985257231866], [0.28486196739878716, -0.8787631153838272, 0.17942234774629312], [0.8487931064514327, 0.3249574893980022, 0.24395947373460003]]	[[0.0, 0.0, 0.0], [0.0, 0.0, 0.0], [0.0, 0.0, 0.0]]	0.20742122245499578	[[-0.24455413178660332, 0.1432564936662151, 0.9362576716005861], [0.4571067811865472, -0.8535533905932738, 0.25000000000000017], [0.834960033480198, 0.4891082635732062, 0.14325649366621507]]
11	[[0.034229894132735264, 0.2773841392786001, 0.9601491309293217], [-0.1827544195208179, -0.9427759796974285, 0.2788803941677556], [0.9825625356654255, -0.18501754344446375, 0.018422055382213542]]	0.9439425985317913	0.056057401468208715	[[0.03231105521512224, 0.261834705222146, 0.9063256656274651], [-0.17250968165564992, -0.8899264081089461, 0.2632470839502814], [0.9274826331360078, -0.1746459407329357, 0.017389362827783226]]	0.9439425985317912	0.056057401468209055	[[0.03231105521512223, 0.26183470522214614, 0.9063256656274649], [-0.17250968165564995, -0.8899264081089456, 0.2632470839502814], [0.9274826331360074, -0.17464594073293568, 0.017389362827783222]]	[[0.0, 0.0, 0.0], [0.0, 0.0, 0.0], [0.0, 0.0, 0.0]]	0.13836435710124115	[[0.1429413293801494, 0.24401611269667278, 0.9341979047230647], [-0.25000000000000017, -0.9267766952966368, 0.2803300858899109], [0.9341979047230647, -0.27362023132312163, -0.07147066469007458]]
11	[[-0.3195682178843842, -0.5708200961323295, -0.7563336379995778], [0.910087742671785, 0.03735879733279218, -0.41272826520656647], [0.2638493031197415, -0.8202248094963509, 0.507557688474819]]	0.9364200307288137	0.06357996927118643	[[-0.2992500804112473, -0.5345273719608605, -0.7082459685367999], [0.8522243919586298, 0.03498352614636479, -0.38648701478738295], [0.24707377253516444, -0.7680749413131083, 0.47528718623823557]]	0.9364200307288137	0.06357996927118649	[[-0.2992500804112473, -0.5345273719608605, -0.7082459685368], [0.8522243919586298, 0.034983526146364796, -0.3864870147873829], [0.24707377253516438, -0.768074941313108, 0.47528718623823557]]	[[0.0, 0.0, 0.0], [0.0, 0.0, 0.0], [0.0, 0.0, 0.0]]	0.22921362837535472	[[-0.4923506340694072, -0.4923506340694073, -0.6962889441439487], [0.8535533905932738, -0.14644660940672602, -0.5], [0.14420616199743314, -0.8404951061413817, 0.4923506340694072]]
11	[[0.8592155572171323, 0.2624339665249735, -0.4391776855101157], [-0.4266000482917053, 0.8413623931712975, -0.33184593135155627], [0.2824199444684594, 0.4724804086637203, 0.8348660002631537]]	0.954561927439048	0.0454380725609521	[[0.8201744583828012, 0.2505094729115533, -0.41922229796875604], [-0.40721616434292124, 0.8031325077003238, -0.31676749184374753], [0.2695873265390416, 0.45101180957123, 0.7969312983645247]]	0.9545619274390483	0.04543807256095177	[[0.8201744583828016, 0.25050947291155334, -0.4192222979687562], [-0.40721616434292135, 0.8031325077003242, -0.31676749184374764], [0.2695873265390416, 0.45101180957123005, 0.7969312983645251]]	[[0.0, 0.0, 0.0], [0.0, 0.0, 0.0], [0.0, 0.0, 0.0]]	0.1305668034463059	[[0.8331231214065415, 0.2440161126966726, -0.44616567932971946], [-0.4571067811865474, 0.7803300858899107, -0.4267766952966369], [0.24401611269667262, 0.5595028900834199, 0.7616524567164668]]
11	[[0.04673222253661188, -0.9725397674033924, -0.22799671093185395], [-0.8377629715199755, -0.16246744520517667, 0.5213036857710898], [-0.5440306084466285, 0.16664552219444034, -0.8223502702654952]]	0.9503808550303496	0.04961914496965055	[[0.04441340961181374, -0.9242831756958535, -0.21668370907952283], [-0.7961938891859206, -0.1544059494886923, 0.4954370426136009], [-0.517036274818188, 0.15837671387013133, -0.7815459529893605]]	0.9503808550303496	0.0496191449696504	[[0.04441340961181373, -0.9242831756958536, -0.21668370907952275], [-0.7961938891859207, -0.1544059494886922, 0.49543704261360105], [-0.5170362748181881, 0.15837671387013133, -0.7815459529893605]]	[[0.0, 0.0, 0.0], [0.0, 0.0, 0.0], [0.0, 0.0, 0.0]]	0.12311153097827651	[[0.1435723528424685, -0.9383219799564904, -0.24509333712828538], [-0.8535533905932738, -0.2500000000000001, 0.4571067811865474], [-0.49018667425657075, 0.14357235284246833, -0.8368009956706735]]
11	[[0.5319609947059123, -0.8460851799387872, 0.03402011756955908], [-0.703274286200726, -0.4190807785627857, 0.5742617690636116], [-0.47161719485230363, -0.3294103357928521, -0.8179645788128509]]	0.943223981177702	0.056776018822298074	[[0.501758367257761, -0.7980478318373152, 0.03208859073409301], [-0.6633451720901554, -0.3952870403910417, 0.5416574720543298], [-0.44484064812045, -0.31070772836761773, -0.7715238064901994]]	0.9432239811777019	0.05677601882229805	[[0.5017583672577611, -0.7980478318373153, 0.03208859073409301], [-0.6633451720901553, -0.39528704039104157, 0.5416574720543299], [-0.4448406481204498, -0.3107077283676176, -0.7715238064901992]]	[[0.0, 0.0, 0.0], [0.0, 0.0, 0.0], [0.0, 0.0, 0.0]]	0.20403835395442252	[[0.48910826357320625, -0.834960033480198, -0.1432564936662148], [-0.7071067811865477, -0.49999999999999983, 0.49999999999999994], [-0.4891082635732063, -0.1432564936662149, -0.834960033480198]]
