11	[[0.8787972042104137, -0.3840163418041313, 0.28327887866788265], [-0.395223040501579, -0.9183905790867732, -0.018907472103605397], [0.2674214316928388, -0.09534250611366366, -0.9588511794847616]]	0.6300094806028792	0.369990519397121	[[0.5536505701798651, -0.24193393604303853, 0.17846837921531877], [-0.24899426246869047, -0.5785947717210354, -0.011911886679505851], [0.16847803728288366, -0.060066682756046076, -0.6040853335626528]]	0.8129181854763211	0.2973920774863309	[[0.6416275693532879, -0.2659054203120706, 0.15950661423612075], [-0.3214092840339288, -0.8538203921229848, -0.03149950784514177], [0.15211282978291163, -0.04565945724618977, -0.7402502187663086]]	[[-0.0727626592951056, 0.04626844746059855, -0.07077593779434134], [-0.00012528709095060002, -0.10724398901321745, -0.016129279930734722], [-0.06527891522631082, 0.03184619982249473, 0.03921734220227409]]	0.48786934374772	[[0.42956517628636787, -0.3037484491136854, 0.30374844911368537], [-0.5, -0.8535533905932737, -0.14644660940672619], [0.30374844911368537, -0.08896586097050148, -0.5185310372568694]]
11	[[0.08740825448676931, -0.06334395238859675, -0.994156597696443], [0.7119981850616444, -0.6940087028176986, 0.10681996481098455], [-0.6967197295301035, -0.717174639895393, -0.015561310176609944]]	0.7003972519063362	0.2996027480936637	[[0.061220501236462915, -0.044365930177858955, -0.6963045489911418], [0.4986815721794747, -0.48608178825259735, 0.07481640980234511], [-0.4879805839118105, -0.5023071469196496, -0.010899098883759707]]	0.8773122287742174	0.20464583504524456	[[0.050816198445724714, -0.05081619844572473, -0.7933307383741098], [0.6786789562318929, -0.6654614875207939, 0.09220301824460646], [-0.5699057690160747, -0.5807627289809265, 0.0]]	[[-0.02586813211132687, 0.0047562256036829936, 0.07885500210154954], [0.05403424161226415, -0.05659916566309524, -0.001511443161301855], [0.041334969728950254, 0.04842335276604749, 0.01365212771368858]]	0.21942606540676818	[[0.0, 0.0, -0.829524131136], [0.7071067811865475, -0.7071067811865476, 0.0], [-0.5865621382841445, -0.5865621382841445, 0.0]]
11	[[0.22433838825039393, -0.7661379269479729, -0.6022499185961573], [-0.9416906372873723, -0.011392912655017143, -0.3362869982418849], [0.2507808429735371, 0.642575192824231, -0.724020780340167]]	0.586092056768657	0.41390794323134306	[[0.13148294738183885, -0.4490273533734126, -0.35297389347877817], [-0.5519174024475436, -0.006677295610564654, -0.197095138464144], [0.14698066005653795, 0.3766082163908699, -0.42434282829281644]]	0.7278994528017116	0.45170183655439833	[[0.2049400255141376, -0.47114242068985696, -0.34861273464343806], [-0.8115159766630711, 0.041932375727172816, -0.20585298206564834], [0.16044611111793994, 0.348612734643438, -0.395585247612961]]	[[0.041644235464258016, 0.08652895710621035, 0.08976465155258014], [-0.12605987707309751, 0.05022527061457745, 0.038930139938949795], [-0.022097127255649655, -0.11911739659727398, 0.13142908221371485]]	0.4459859074727846	[[0.10077141800975332, -0.5873388661271824, -0.34405514206846777], [-0.8535533905932738, 0.14644660940672602, -0.5], [0.34405514206846777, 0.3440551420684678, -0.48656744811742925]]
11	[[0.5319609947059123, -0.8460851799387872, 0.03402011756955908], [-0.703274286200726, -0.4190807785627857, 0.5742617690636116], [-0.47161719485230363, -0.3294103357928521, -0.8179645788128509]]	0.6312797808873221	0.36872021911267794	[[0.3358162201785503, -0.534116467003768, 0.02147621236507219], [-0.4439628372964821, -0.2645572220652037, 0.3625198437464428], [-0.29772239942905576, -0.20795008460133088, -0.5163645000865672]]	0.7464404354128503	0.3383725741090597	[[0.4159320962938449, -0.5665928718776579, 0.03204561260061508], [-0.603628961392634, -0.37564437057623384, 0.5642365572444203], [-0.28654870927152365, -0.3087825061640057, -0.5615622286850106]]	[[0.018854899782910682, 0.06495931823221011, 0.00665162122919704], [-0.07867659698630262, -0.06282553175267179, 0.1355843523036245], [0.06548543500221699, -0.06289731168529591, 0.04899960767634251]]	0.41820724735347603	[[0.5178453045098226, -0.5178453045098225, 0.0], [-0.5, -0.5000000000000001, 0.7071067811865475], [-0.3661719264245081, -0.36617192642450813, -0.5178453045098226]]
11	[[-0.42203838922340475, -0.825029846081567, 0.3757783270710803], [0.2588054115689476, 0.28760896992378115, 0.9221175843470338], [-0.8688517462515349, 0.4864224845687207, 0.09214016247897017]]	0.6071497698046608	0.39285023019533916	[[-0.2562405108657201, -0.5009166811303982, 0.22815372477878695], [0.15713364605828706, 0.1746217198829793, 0.5598634790691316], [-0.527523137730997, 0.29533129953370996, 0.05594287843887079]]	0.7867692390050932	0.35111051808544713	[[-0.24917202379611625, -0.5302488498192693, 0.29683333937703094], [0.2692933615982685, 0.23934978495414008, 0.8251337473960428], [-0.6197878175778249, 0.3290438067492833, 0.023338648667135913]]	[[0.08287479852411725, 0.1188592543388144, 0.001182510952710017], [0.0656732248877676, 0.01306789455616798, 0.09963999728611232], [0.06379800962874174, -0.05365844126981579, -0.0491543968482491]]	0.4965161073131701	[[-0.2451589457830599, -0.4577841721451186, 0.1340818797014354], [0.25000000000000006, 0.1464466094067262, 0.9571067811865475], [-0.4577841721451186, 0.2681637594028707, 0.07854334666062314]]
11	[[-0.30792515101507295, 0.09349718223056193, 0.9468053539599837], [0.3027085282091916, -0.9338174967034747, 0.1906631317268273], [0.9019698710720718, 0.34531602882779927, 0.2592434992682147]]	0.6557021014376013	0.34429789856239895	[[-0.2019071686060741, 0.06130629886707384, 0.6208222602439333], [0.19848661806985035, -0.6123060949476684, 0.12501821613995487], [0.5914235398953599, 0.22642444576247528, 0.16998650725420564]]	0.8163471226097332	0.2929488234238469	[[-0.21725856796792986, 0.07057894876984398, 0.7195542087039991], [0.2506804012338135, -0.8463239241542913, 0.12032646528517302], [0.6589975201956363, 0.24601048525764155, 0.14667961919808592]]	[[0.03411524304239254, -0.005747206916193124, -0.05336761767272345], [0.003565165240812764, -0.08400469767778551, -0.03532083368778298], [-0.07732298873472135, -0.035887261266952096, -0.06495306548479968]]	0.473276040049185	[[-0.34405514206846777, -0.10077141800975321, 0.5873388661271824], [0.5, -0.8535533905932737, 0.14644660940672619], [0.48656744811742925, 0.3440551420684678, 0.34405514206846777]]
11	[[0.8592155572171323, 0.2624339665249735, -0.4391776855101157], [-0.4266000482917053, 0.8413623931712975, -0.33184593135155627], [0.2824199444684594, 0.4724804086637203, 0.8348660002631537]]	0.6157946730745523	0.3842053269254478	[[0.5291003631570932, 0.161605438619904, -0.2704432792703401], [-0.2626980372713788, 0.518106479840142, -0.20434895680775192], [0.1739126973736882, 0.2909509187872066, 0.5141060356931078]]	0.7630124723346042	0.4217229545978938	[[0.4951691150397376, 0.20081236749712028, -0.2920429475515307], [-0.3554493010107701, 0.7488348813879611, -0.2509169347374616], [0.2433451250945081, 0.3257085957091824, 0.492133225882079]]	[[-0.1604230715408611, 0.0005719778743234552, 0.04305510406373191], [-0.029948143465654442, 0.10686488164497006, 0.002285649777268712], [0.027855185029027233, -0.03479984903498698, -0.14487994504681231]]	0.48221211780413215	[[0.4454156011226128, 0.24360588130327723, -0.2609184182450618], [-0.573223304703363, 0.7803300858899106, -0.2499999999999999], [0.1427010213936094, 0.26091841824506173, 0.48721176260655447]]
11	[[0.8489524140446696, -0.5135124485683378, 0.12483895166604869], [0.522794976890395, 0.7815435453534784, -0.34040431673891397], [0.0772347773085365, 0.35425224329800037, 0.9319550081910795]]	0.7163590079422741	0.28364099205772586	[[0.6081547091152383, -0.3678592682224226, 0.08942950756804414], [0.37450889100240753, 0.5598657588131056, -0.24385169863835607], [0.055327828451385674, 0.2537717855702807, 0.6676143651145956]]	0.8643453386517321	0.22751330755064328	[[0.6888351786081653, -0.4319538795516044, 0.05419887179800643], [0.49542905172960544, 0.6664608196146111, -0.3098057611396067], [0.022284164382254272, 0.2647009704502435, 0.7635893000185082]]	[[-0.04495288320847997, 0.011898211708075576, -0.05370509415671163], [0.04355365038385248, -0.009062700765016623, -0.015578876709398594], [-0.044473355366183825, -0.04149530475130236, -0.04194166714458816]]	0.44722513601095326	[[0.6643975316028801, -0.66439753160288, 0.0], [0.7071067811865475, 0.7071067811865476, 0.0], [0.0, 0.0, 0.9396]]
11	[[0.034229894132735264, 0.2773841392786001, 0.9601491309293217], [-0.1827544195208179, -0.9427759796974285, 0.2788803941677556], [0.9825625356654255, -0.18501754344446375, 0.018422055382213542]]	0.8065922155425933	0.19340778445740678	[[0.027609566146311354, 0.22373588745710135, 0.774448814767577], [-0.1474082921414971, -0.7604357662244878, 0.22494275500316172], [0.792527292551524, -0.149233710281118, 0.014859086465587977]]	0.8898017184236654	0.1688754976172678	[[0.009156108580754784, 0.2211042756150562, 0.8122344653374592], [-0.16693427389459578, -0.8249462073125455, 0.25568296655630485], [0.8430168448927515, -0.15058162176326276, 0.0]]	[[-0.021301710040013203, -0.025712608178511516, -0.042107881306440206], [-0.004319077355452578, 0.013937479510781049, 0.007534712591166766], [-0.03126898780105822, 0.014047306332146283, -0.016391976535989547]]	0.3647976604718044	[[0.0, 0.0, 0.9396], [0.0, -1.0, 0.0], [0.9396, 0.0, 0.0]]
11	[[0.3802729664721569, 0.7767473726770865, -0.5020517802076895], [0.4287143634067757, 0.332951791095048, 0.839849450446521], [0.8195098935212374, -0.5346088512602871, -0.20639019011321075]]	0.61487444854899	0.38512555145101035	[[0.23382013055765602, 0.4776021124367004, -0.3086988114982417], [0.26360550778477243, 0.20472354894296613, 0.5164019677074768], [0.5038956938593124, -0.328717322608078, -0.12690405433178165]]	0.7867806999459774	0.32922740334632195	[[0.3419762470785399, 0.4911884835183505, -0.39283985919591796], [0.405111084560422, 0.3076738504113755, 0.7223315970675206], [0.5632374729144789, -0.41402523647466843, -0.06082693956040609]]	[[0.042784816347043085, -0.11994135803772671, 0.0021647918450119798], [0.06780689764234478, 0.04571380716534678, 0.06155425859596228], [-0.08153709472281381, 0.006594689717215243, 0.1015568786788492]]	0.42681263264671165	[[0.3897104368076927, 0.3897104368076928, -0.5511337851317822], [0.5, 0.5000000000000001, 0.7071067811865475], [0.5511337851317822, -0.5511337851317821, 0.0]]
11	[[-0.5446221603179724, 0.8109226453022452, -0.2139887049042392], [-0.8354447797583356, -0.5021691245819775, 0.22328947644507607], [0.07361197229480154, 0.30038414347728, 0.9509735242804028]]	0.6589877387139363	0.34101226128606366	[[-0.3588993258814396, 0.5343880802996499, -0.14101593275516838], [-0.5505478662333082, -0.3309232958602344, 0.14714502716115943], [0.04850938716482418, 0.1979494674556153, 0.6266798923423653]]	0.7920715699228559	0.3055972395257897	[[-0.4684218081998822, 0.6074433129009797, -0.10333470390565602], [-0.7343495005257302, -0.4043150839875571, 0.09817770821460656], [0.07332145123583526, 0.10653500777600583, 0.7294741367996785]]	[[-0.03704207866204862, -0.03486545984956464, 0.06615966553360347], [-0.07261744223869078, -0.006561197113124127, -0.07868353794049737], [0.015015500775174044, -0.1313907323279757, -0.023764955532171353]]	0.4198270403158513	[[-0.6242679206940661, 0.624267920694066, 0.0], [-0.7071067811865475, -0.7071067811865476, 0.0], [0.0, 0.0, 0.88284816]]
11	[[-0.3195682178843842, -0.5708200961323295, -0.7563336379995778], [0.910087742671785, 0.03735879733279218, -0.41272826520656647], [0.2638493031197415, -0.8202248094963509, 0.507557688474819]]	0.5999359112497565	0.40006408875024346	[[-0.1917204500029288, -0.34245547453282277, -0.45375171032212025], [0.5459943192170312, 0.02241288412104365, -0.24761050788523253], [0.15829267209975528, -0.4920823185148512, 0.3045020843469605]]	0.7156023201146076	0.457645892499666	[[-0.24314546090593717, -0.39654148470367595, -0.4206761001373725], [0.7873701764065391, 0.017122031936289417, -0.2197220014368573], [0.1712559143124363, -0.42067610013737244, 0.32599971792793603]]	[[-0.0144617027529814, 0.011938700456662395, 0.12055800599584696], [0.13610927624274372, -0.00961201011174808, 0.0756273027218387], [-0.017555259160672958, 0.16627867655377815, -0.03720974153665155]]	0.4409311077702666	[[-0.3232742114875323, -0.3232742114875324, -0.4571787742511365], [0.8535533905932738, -0.14644660940672602, -0.5], [0.09468482436196422, -0.5518635986131006, 0.3232742114875323]]
11	[[0.04673222253661188, -0.9725397674033924, -0.22799671093185395], [-0.8377629715199755, -0.16246744520517667, 0.5213036857710898], [-0.5440306084466285, 0.16664552219444034, -0.8223502702654952]]	0.5821052390264179	0.41789476097358214	[[0.02720307156991021, -0.5661204937670485, -0.13271807991422394], [-0.4876662147841174, -0.09457315102517083, 0.30345360661113285], [-0.31668306736751217, 0.09700523152967691, -0.47869440063633534]]	0.7362031747908139	0.4259110099168952	[[-0.01190605186710728, -0.7603127535791001, -0.1242107958034695], [-0.6799356123236212, -0.14880120135370492, 0.27719345043772475], [-0.2631526969330879, 0.024967244066475287, -0.5479619065549398]]	[[-0.046310462463591856, -0.0443258892064031, 0.04364110662642482], [-0.06317185296842909, -0.02919215239350116, -0.10659197805710438], [0.1373643641886982, -0.09771771843774474, 0.05745497320460155]]	0.43009066202585816	[[-0.10077141800975332, -0.5873388661271824, -0.34405514206846777], [-0.8535533905932738, -0.14644660940672602, 0.5], [-0.34405514206846777, 0.3440551420684678, -0.48656744811742925]]
11	[[-0.8305561570912853, 0.32773595720904825, 0.4502950280316503], [-0.5100865793185324, -0.772219296347621, -0.37879947194723407], [0.22358030216652452, -0.5443036842615101, 0.808545204538665]]	0.5964179813828366	0.4035820186171633	[[-0.4953586266374706, 0.19546761802519233, 0.2685640516453647], [-0.3042248079676353, -0.4605654739125226, -0.22592281640765388], [0.13334731249512322, -0.3246325046264906, 0.4822308987477234]]	0.7510507990383354	0.3782874929563305	[[-0.5872588783259793, 0.22840031179143783, 0.20648782832774218], [-0.45216925446741807, -0.6682324962394627, -0.24311046735628977], [0.10482516879809395, -0.3184354384044217, 0.5692602176326784]]	[[0.03653098710363962, -0.017746040744011506, -0.13170661227841834], [-0.06906832149150306, -0.08825657668476078, 0.041387178724979864], [-0.06309499579330677, 0.09036427857969526, -0.03799830429470017]]	0.49438317530088854	[[-0.5178453045098226, 0.36617192642450813, 0.3661719264245081], [-0.7071067811865475, -0.5000000000000001, -0.5], [0.0, -0.5178453045098225, 0.5178453045098226]]
