11	[[0.22433838825039393, -0.7661379269479729, -0.6022499185961573], [-0.9416906372873723, -0.011392912655017143, -0.3362869982418849], [0.2507808429735371, 0.642575192824231, -0.724020780340167]]	0.921429873164728	0.07857012683527204	[[0.20671209263153995, -0.7059423728543582, -0.554931066105525], [-0.8677018844761154, -0.01049777006268924, -0.30986488613696705], [0.2310769603332499, 0.5920879784228319, -0.6671343757974676]]	0.9214298731647281	0.07857012683527208	[[0.20671209263153995, -0.7059423728543586, -0.5549310661055251], [-0.8677018844761153, -0.010497770062689246, -0.3098648861369672], [0.23107696033324987, 0.5920879784228319, -0.6671343757974675]]	[[0.0, 0.0, 0.0], [0.0, 0.0, 0.0], [0.0, 0.0, 0.0]]	0.2369217747236719	[[0.23974630364120192, -0.8185450814206106, -0.43835864463521024], [-0.9571067811865474, -0.14644660940672607, -0.2499999999999999], [0.1404401331441981, 0.4794926072824041, -0.8185450814206106]]
11	[[-0.8305561570912853, 0.32773595720904825, 0.4502950280316503], [-0.5100865793185324, -0.772219296347621, -0.37879947194723407], [0.22358030216652452, -0.5443036842615101, 0.808545204538665]]	0.9322152764364404	0.06778472356355962	[[-0.7742571375788401, 0.30552046594779425, 0.41977190403447956], [-0.475510501545944, -0.719874624814251, -0.35312265445526847], [0.20842497318990955, -0.5074082094892166, 0.75373819136037]]	0.9322152764364406	0.06778472356355941	[[-0.7742571375788404, 0.30552046594779436, 0.41977190403447967], [-0.47551050154594404, -0.7198746248142514, -0.35312265445526864], [0.2084249731899096, -0.5074082094892167, 0.7537381913603699]]	[[0.0, 0.0, 0.0], [0.0, 0.0, 0.0], [0.0, 0.0, 0.0]]	0.16501587783225402	[[-0.7511794969368716, 0.4108337088037596, 0.4400307615290205], [-0.573223304703363, -0.7803300858899106, -0.2499999999999999], [0.24066081473720352, -0.44003076152902043, 0.8216674176075192]]
11	[[0.034229894132735264, 0.2773841392786001, 0.9601491309293217], [-0.1827544195208179, -0.9427759796974285, 0.2788803941677556], [0.9825625356654255, -0.18501754344446375, 0.018422055382213542]]	0.9332297356919937	0.06677026430800632	[[0.03194435505425746, 0.2588631269841192, 0.8960397196820684], [-0.17055185862595656, -0.8798265783497919, 0.2602594765388536], [0.9169565754599002, -0.17266387316705883, 0.01719200987524641]]	0.9351670512552479	0.12228683005916972	[[0.012377985095615036, 0.24489578920642194, 0.8903876912104292], [-0.16305130421861036, -0.8280795978185532, 0.2520012623764756], [0.9248206583256462, -0.16689438230557385, 0.0]]	[[-0.019632684065274315, -0.014504718387721533, -0.0075121403260336285], [0.007854607388537445, 0.05357343510936856, -0.008798493490285612], [0.00596054917353095, 0.006127928227875048, -0.01722769920984551]]	0.1432098360477874	[[0.1404401331441982, 0.23974630364120225, 0.9178512519176145], [-0.25000000000000017, -0.9267766952966368, 0.2803300858899109], [0.9178512519176145, -0.2688324075661073, -0.070220066572099]]
11	[[0.04673222253661188, -0.9725397674033924, -0.22799671093185395], [-0.8377629715199755, -0.16246744520517667, 0.5213036857710898], [-0.5440306084466285, 0.16664552219444034, -0.8223502702654952]]	0.9293588009056699	0.07064119909433003	[[0.043431002300282545, -0.903838392067096, -0.2118907498820644], [-0.7785823906549755, -0.15099055006209064, 0.48447816831592616], [-0.5055996339219407, 0.15487348268292428, -0.7642584610983942]]	0.92935880090567	0.07064119909433007	[[0.04343100230028254, -0.903838392067096, -0.21189074988206452], [-0.7785823906549754, -0.15099055006209064, 0.4844781683159262], [-0.5055996339219406, 0.15487348268292428, -0.7642584610983942]]	[[0.0, 0.0, 0.0], [0.0, 0.0, 0.0], [0.0, 0.0, 0.0]]	0.13025884028967155	[[0.1415135929946749, -0.9248668851670624, -0.24157881423128233], [-0.8535533905932738, -0.2500000000000001, 0.4571067811865474], [-0.48315762846256466, 0.14151359299467473, -0.8248016639304548]]
11	[[0.08740825448676931, -0.06334395238859675, -0.994156597696443], [0.7119981850616444, -0.6940087028176986, 0.10681996481098455], [-0.6967197295301035, -0.717174639895393, -0.015561310176609944]]	0.9521461654644416	0.04785383453555848	[[0.08322543433951747, -0.06031270137216456, -0.9465823923678438], [0.6779263417240866, -0.6607977251868228, 0.10170821988982551], [-0.6633790188755108, -0.6828550833447403, -0.014816641814261946]]	0.9670972989261652	0.05456146003967795	[[0.06814328028880798, -0.05732104193557148, -0.9437093682652923], [0.679531850267028, -0.6726121671580154, 0.09007807517229277], [-0.6808163227831057, -0.7029363809672426, -0.00765247812719068]]	[[-0.01638900652919749, 0.0039387233227480434, 0.01773679207656401], [-0.00903967134642025, -0.0014382252317674724, -0.013227224267798404], [-0.007020554245974103, -0.009358723866062854, 0.007396822912361043]]	0.11435979752065352	[[0.0, 0.0, -0.9886432651279999], [0.7071067811865475, -0.7071067811865476, 0.0], [-0.6990763569464186, -0.6990763569464185, 0.0]]
11	[[-0.42203838922340475, -0.825029846081567, 0.3757783270710803], [0.2588054115689476, 0.28760896992378115, 0.9221175843470338], [-0.8688517462515349, 0.4864224845687207, 0.09214016247897017]]	0.9171116154676912	0.08288838453230887	[[-0.3870563089300589, -0.7566444549489265, 0.34463066859790487], [0.2373534490957782, 0.26376952702979756, 0.8456847474316731], [-0.7968340286066699, 0.44610371062262755, 0.08450281326054387]]	0.9171116154676912	0.08288838453230887	[[-0.387056308930059, -0.7566444549489266, 0.34463066859790487], [0.2373534490957782, 0.2637695270297976, 0.8456847474316731], [-0.7968340286066696, 0.4461037106226277, 0.08450281326054387]]	[[0.0, 0.0, 0.0], [0.0, 0.0, 0.0], [0.0, 0.0, 0.0]]	0.16421860896277393	[[-0.4400307615290203, -0.8216674176075192, 0.24066081473720352], [0.25000000000000006, 0.1464466094067262, 0.9571067811865475], [-0.8216674176075192, 0.4813216294744068, 0.14097584134129512]]
11	[[-0.3195682178843842, -0.5708200961323295, -0.7563336379995778], [0.910087742671785, 0.03735879733279218, -0.41272826520656647], [0.2638493031197415, -0.8202248094963509, 0.507557688474819]]	0.9249088666211731	0.07509113337882695	[[-0.29557147821159385, -0.527956568158342, -0.6995396879096581], [0.8417482226003825, 0.034553482899402944, -0.38173603199472844], [0.24403655990726641, -0.7586331989258375, 0.4694446063921073]]	0.9249088666211732	0.07509113337882697	[[-0.29557147821159385, -0.527956568158342, -0.6995396879096579], [0.8417482226003826, 0.03455348289940296, -0.38173603199472844], [0.24403655990726647, -0.7586331989258376, 0.4694446063921073]]	[[0.0, 0.0, 0.0], [0.0, 0.0, 0.0], [0.0, 0.0, 0.0]]	0.23385820203565258	[[-0.4868506633806786, -0.4868506633806787, -0.6885108110032943], [0.8535533905932738, -0.14644660940672602, -0.5], [0.14259525787903177, -0.8311060688823257, 0.4868506633806786]]
11	[[0.8592155572171323, 0.2624339665249735, -0.4391776855101157], [-0.4266000482917053, 0.8413623931712975, -0.33184593135155627], [0.2824199444684594, 0.4724804086637203, 0.8348660002631537]]	0.9327323594402475	0.06726764055975254	[[0.8014181539509028, 0.24478065279410138, -0.40963523881935726], [-0.3979036695804458, 0.7847659301269577, -0.30952343852018344], [0.26342222115704983, 0.4406977663622041, 0.7787065342418935]]	0.9327323594402473	0.06726764055975257	[[0.8014181539509028, 0.24478065279410147, -0.40963523881935704], [-0.3979036695804458, 0.7847659301269574, -0.30952343852018344], [0.26342222115704983, 0.44069776636220415, 0.7787065342418937]]	[[0.0, 0.0, 0.0], [0.0, 0.0, 0.0], [0.0, 0.0, 0.0]]	0.13960355521501058	[[0.8185450814206106, 0.23974630364120206, -0.43835864463521024], [-0.4571067811865474, 0.7803300858899107, -0.4267766952966369], [0.23974630364120209, 0.5497126738545032, 0.7483250148485114]]
11	[[0.8787972042104137, -0.3840163418041313, 0.28327887866788265], [-0.395223040501579, -0.9183905790867732, -0.018907472103605397], [0.2674214316928388, -0.09534250611366366, -0.9588511794847616]]	0.89731472361376	0.10268527638624016	[[0.7885576704086124, -0.34458351760914124, 0.2541903087174869], [-0.3546394533534642, -0.8240853886427287, -0.016965953104881575], [0.2399611880678556, -0.08555223452202532, -0.8603912811060965]]	0.89731472361376	0.1026852763862401	[[0.7885576704086124, -0.34458351760914124, 0.25419030871748693], [-0.3546394533534642, -0.824085388642729, -0.016965953104881554], [0.23996118806785555, -0.08555223452202533, -0.8603912811060968]]	[[0.0, 0.0, 0.0], [0.0, 0.0, 0.0], [0.0, 0.0, 0.0]]	0.1298639064980233	[[0.7979781000970133, -0.45892562595880726, 0.2688324075661073], [-0.47855339059327373, -0.8749999999999999, -0.07322330470336318], [0.2688324075661073, -0.07022006657209903, -0.9178512519176145]]
11	[[-0.30792515101507295, 0.09349718223056193, 0.9468053539599837], [0.3027085282091916, -0.9338174967034747, 0.1906631317268273], [0.9019698710720718, 0.34531602882779927, 0.2592434992682147]]	0.9184359650233975	0.08156403497660247	[[-0.2828095332275039, 0.0858711747888946, 0.8695800889535571], [0.2780183992266213, -0.8576515737405891, 0.1751118773819118], [0.8284015689601079, 0.3171506601745072, 0.23809855342644523]]	0.9184359650233976	0.08156403497660247	[[-0.2828095332275039, 0.08587117478889461, 0.869580088953557], [0.27801839922662125, -0.8576515737405893, 0.17511187738191186], [0.8284015689601077, 0.3171506601745073, 0.23809855342644523]]	[[0.0, 0.0, 0.0], [0.0, 0.0, 0.0], [0.0, 0.0, 0.0]]	0.21416546445263154	[[-0.24066081473720363, 0.14097584134129515, 0.9213523910034276], [0.4571067811865472, -0.8535533905932738, 0.25000000000000017], [0.8216674176075192, 0.4813216294744068, 0.14097584134129512]]
11	[[0.8489524140446696, -0.5135124485683378, 0.12483895166604869], [0.522794976890395, 0.7815435453534784, -0.34040431673891397], [0.0772347773085365, 0.35425224329800037, 0.9319550081910795]]	0.9205919809984604	0.07940801900153967	[[0.7815387846188075, -0.4727354422948961, 0.11492573782001882], [0.481280863431573, 0.7194827206535186, -0.31337348428710426], [0.07110171664444057, 0.3261217744308547, 0.8579503071920623]]	0.9228229804038687	0.13444567736075091	[[0.7778956903705221, -0.48940058108187395, 0.0669728778159004], [0.5102561613423423, 0.6685883519189022, -0.2898423341834635], [0.024613398876356173, 0.3037082973552167, 0.862079690314047]]	[[-0.0055371065792389935, -0.015519492819552179, -0.048231375631057186], [0.02780894262817641, -0.05263799191960079, 0.024290591931883678], [-0.04666062851033658, -0.023203813619800458, 0.002050192052843304]]	0.1989155210325927	[[0.8185450814206103, -0.4794926072824042, 0.14044013314419812], [0.49999999999999994, 0.7071067811865475, -0.4999999999999999], [0.14044013314419795, 0.4794926072824042, 0.8185450814206106]]
11	[[0.3802729664721569, 0.7767473726770865, -0.5020517802076895], [0.4287143634067757, 0.332951791095048, 0.839849450446521], [0.8195098935212374, -0.5346088512602871, -0.20639019011321075]]	0.9195466723560909	0.08045332764390938	[[0.3496787409064511, 0.7142554618065514, -0.46166004384043247], [0.3942228662619604, 0.30616471155645164, 0.7722807674381903], [0.753577595550348, -0.49159779018850946, -0.1897854125255439]]	0.9195466723560908	0.08045332764390942	[[0.3496787409064511, 0.714255461806551, -0.46166004384043235], [0.3942228662619604, 0.30616471155645164, 0.7722807674381899], [0.7535775955503482, -0.49159779018850935, -0.18978541252554385]]	[[0.0, 0.0, 0.0], [0.0, 0.0, 0.0], [0.0, 0.0, 0.0]]	0.1610649591258693	[[0.24066081473720347, 0.7511794969368717, -0.5518095501450544], [0.4571067811865474, 0.42677669529663675, 0.7803300858899108], [0.8216674176075192, -0.44003076152902043, -0.24066081473720352]]
11	[[-0.5446221603179724, 0.8109226453022452, -0.2139887049042392], [-0.8354447797583356, -0.5021691245819775, 0.22328947644507607], [0.07361197229480154, 0.30038414347728, 0.9509735242804028]]	0.9173443310621274	0.08265566893787261	[[-0.4996060513385012, 0.7438952915979188, -0.19630132535523032], [-0.7663905326267568, -0.46066199966970833, 0.20483333540272103], [0.06752752548293856, 0.27555569115983547, 0.8723701714887999]]	0.9173443310621271	0.08265566893787288	[[-0.49960605133850094, 0.7438952915979188, -0.19630132535523023], [-0.7663905326267566, -0.46066199966970817, 0.20483333540272095], [0.06752752548293853, 0.27555569115983547, 0.8723701714887996]]	[[0.0, 0.0, 0.0], [0.0, 0.0, 0.0], [0.0, 0.0, 0.0]]	0.10858564724436437	[[-0.48132162947440693, 0.821667417607519, -0.14097584134129512], [-0.8535533905932738, -0.45710678118654735, 0.25000000000000017], [0.14097584134129512, 0.24066081473720363, 0.9213523910034276]]
11	[[0.5319609947059123, -0.8460851799387872, 0.03402011756955908], [-0.703274286200726, -0.4190807785627857, 0.5742617690636116], [-0.47161719485230363, -0.3294103357928521, -0.8179645788128509]]	0.9251672414828319	0.07483275851716811	[[0.4921528860485323, -0.7827702919834736, 0.031474298326750604], [-0.6506463313701333, -0.3877198078614099, 0.5312881767736326], [-0.43632477919737694, -0.3047596516814063, -0.7567540330109517]]	0.9251672414828319	0.0748327585171681	[[0.4921528860485323, -0.7827702919834734, 0.0314742983267506], [-0.6506463313701332, -0.38771980786140997, 0.5312881767736326], [-0.43632477919737706, -0.30475965168140634, -0.7567540330109517]]	[[0.0, 0.0, 0.0], [0.0, 0.0, 0.0], [0.0, 0.0, 0.0]]	0.20706687154549527	[[0.4813216294744069, -0.8216674176075192, -0.14097584134129487], [-0.7071067811865477, -0.49999999999999983, 0.49999999999999994], [-0.48132162947440693, -0.14097584134129498, -0.8216674176075192]]
