11	[[-0.3195682178843842, -0.5708200961323295, -0.7563336379995778], [0.910087742671785, 0.03735879733279218, -0.41272826520656647], [0.2638493031197415, -0.8202248094963509, 0.507557688474819]]	0.5198857358122078	0.48011426418779224	[[-0.16613895809701906, -0.2967612256941513, -0.39320706991093446], [0.4731416357525922, 0.019422305840417847, -0.2145715378474118], [0.13717148909594504, -0.4264231786164383, 0.26387200233987457]]	0.6873496916326678	0.49829272556270354	[[-0.23792473085517996, -0.37548804667165125, -0.38003408454673726], [0.778188308483144, 0.014541282191282728, -0.22783488781477956], [0.16180463277087953, -0.38003408454673726, 0.3122350642449558]]	[[-0.018269614836747283, 0.016864970382635236, 0.13983160830368632], [0.15263977919902194, -0.011137275635179408, 0.05585375800303975], [-0.019552104365969075, 0.18374718533004325, -0.0366345564140007]]	0.5199625153175721	[[-0.2747063969555402, -0.2747063969555403, -0.3884935122451722], [0.8535533905932738, -0.14644660940672602, -0.5], [0.08045964083295427, -0.46895315307812635, 0.2747063969555402]]
11	[[0.8592155572171323, 0.2624339665249735, -0.4391776855101157], [-0.4266000482917053, 0.8413623931712975, -0.33184593135155627], [0.2824199444684594, 0.4724804086637203, 0.8348660002631537]]	0.5488670062249201	0.45113299377507987	[[0.47159507059164407, 0.14404134553829312, -0.2410501414467267], [-0.23414669136127458, 0.4617960578901643, -0.18213928286884912], [0.15501098941861152, 0.259328907403183, 0.4582304021634106]]	0.7415599453530233	0.45546320389652767	[[0.4621653654258949, 0.1863651332384405, -0.285731973468484], [-0.3524885755407753, 0.7495763239732904, -0.2520876594622329], [0.23783311901679494, 0.3106582784719761, 0.4585803134118448]]	[[-0.17499447623050907, -0.008245384636596, 0.03994460699866463], [-0.03613906704198119, 0.12565567367109437, -0.006004008743549699], [0.02840180043016032, -0.0397142675570665, -0.1605228721203967]]	0.5538925077513512	[[0.5564730007429793, -0.09547567273858842, -0.3259743367407838], [-0.14644660940672619, 0.8535533905932737, -0.5], [0.3259743367407838, 0.32597433674078385, 0.46099732800439086]]
11	[[0.8489524140446696, -0.5135124485683378, 0.12483895166604869], [0.522794976890395, 0.7815435453534784, -0.34040431673891397], [0.0772347773085365, 0.35425224329800037, 0.9319550081910795]]	0.6771123788150616	0.3228876211849386	[[0.5748361885745752, -0.34770563560125417, 0.08452999953137673], [0.35399095043482043, 0.5291928091418506, -0.23049197666600169], [0.0522966237906347, 0.23986857916008095, 0.6310382725448719]]	0.824437611077026	0.2642640539583646	[[0.6575540962043673, -0.40732524670937426, 0.04965812108199326], [0.47649469517895526, 0.6263847056886697, -0.26404826446171814], [0.027334668904959957, 0.2265966374084108, 0.7256487356148217]]	[[-0.04235420394869423, 0.016033729646620264, -0.05326380599892423], [0.045482853348369046, -0.017949187795221425, 0.016593857230819343], [-0.03634058639135598, -0.06546223577486998, -0.04269002496950207]]	0.45531427734016855	[[0.6491240251292506, -0.6491240251292505, 0.0], [0.7071067811865475, 0.7071067811865476, 0.0], [0.0, 0.0, 0.9179999999999999]]
11	[[0.8787972042104137, -0.3840163418041313, 0.28327887866788265], [-0.395223040501579, -0.9183905790867732, -0.018907472103605397], [0.2674214316928388, -0.09534250611366366, -0.9588511794847616]]	0.5888121466721926	0.4111878533278074	[[0.5174464683006549, -0.226113486574893, 0.1667980446553276], [-0.23271212689204568, -0.5407595283556011, -0.0111329492374685], [0.15746098726121152, -0.05613882569389295, -0.5645832213315862]]	0.7945922074270251	0.3628440171581329	[[0.5550376074455299, -0.23534131379184886, 0.22618143963450024], [-0.3455120696212856, -0.8470890518877664, -0.023647615146597502], [0.2030558966262834, -0.07575841239448064, -0.644264552535385]]	[[-0.14324780292872086, 0.06979507893034675, 0.0010902501163349595], [-0.03147092144311548, -0.11734305437102356, -0.008623885150928792], [-0.00943508909582477, 0.0, 0.11763112276541839]]	0.5109908311023448	[[0.5958958550686521, -0.595895855068652, 0.0], [-0.7071067811865475, -0.7071067811865476, 0.0], [0.0, 0.0, -0.8427239999999999]]
11	[[0.22433838825039393, -0.7661379269479729, -0.6022499185961573], [-0.9416906372873723, -0.011392912655017143, -0.3362869982418849], [0.2507808429735371, 0.642575192824231, -0.724020780340167]]	0.5041666872994285	0.4958333127005715	[[0.11310394203829412, -0.3862612206438111, -0.30363434638497516], [-0.4747690490620623, -0.00574392703197172, -0.16954470188547982], [0.1264353468401264, 0.323965006306984, -0.3650271583600492]]	0.6942588729833468	0.4946461925936803	[[0.1837192507031166, -0.42399691614729196, -0.33254344561068855], [-0.8160920786599258, 0.046984749335228615, -0.2033696417394261], [0.14442981280875877, 0.3325434456106885, -0.3556661086487869]]	[[0.02797033410949765, 0.10790113756540538, 0.08557390412819194], [-0.16231499811782518, 0.054894380035098424, 0.03010059065893766], [-0.029677012599862787, -0.11357008356651889, 0.1469917423267008]]	0.5102441209331868	[[0.08764666757402427, -0.5108422146820549, -0.2992444411280395], [-0.8535533905932738, 0.14644660940672602, -0.5], [0.2992444411280395, 0.29924444112803955, -0.42319554710803076]]
11	[[0.034229894132735264, 0.2773841392786001, 0.9601491309293217], [-0.1827544195208179, -0.9427759796974285, 0.2788803941677556], [0.9825625356654255, -0.18501754344446375, 0.018422055382213542]]	0.7614511864143894	0.23854881358561064	[[0.026064393498210214, 0.21121448194622428, 0.7311066948808771], [-0.13915856956659986, -0.7178778882635952, 0.21235380700675002], [0.748173408508769, -0.14088182796326273, 0.014027495926978089]]	0.8709628201786135	0.19859180554415376	[[0.009214061656674375, 0.2118228770166186, 0.7829974228355726], [-0.16829560235100616, -0.8237270099921531, 0.257265040805995], [0.8123316861622404, -0.14482028995388974, 0.0]]	[[-0.02059890347158811, -0.029768395202288245, -0.053256772030674304], [-0.009123297725049112, -0.0026041839182255264, 0.014370586209123218], [-0.043443750902768086, 0.01632311146701956, -0.016044925309179316]]	0.3748938669695583	[[0.0, 0.0, 0.9179999999999999], [0.0, -1.0, 0.0], [0.9179999999999999, 0.0, 0.0]]
11	[[-0.5446221603179724, 0.8109226453022452, -0.2139887049042392], [-0.8354447797583356, -0.5021691245819775, 0.22328947644507607], [0.07361197229480154, 0.30038414347728, 0.9509735242804028]]	0.5977389153157178	0.40226108468428223	[[-0.3255418593653678, 0.4847200224079166, -0.12790937635927513], [-0.49937785645892624, -0.3001660278326748, 0.13346880945169426], [0.044000740473745345, 0.17955129210015028, 0.5684338828973333]]	0.7655018510652478	0.33431053149700235	[[-0.43907712738078003, 0.5873074658583585, -0.08599725321613641], [-0.7317513486902822, -0.39294882818273646, 0.10548391735781328], [0.06892235985180943, 0.09198785632191486, 0.7027381961486951]]	[[-0.022167855526218035, -0.03345532019123763, 0.07781149649511382], [-0.09221682332247795, -0.00853743376741768, -0.06544459018428253], [0.01257225879957512, -0.13795676154059192, -0.025233797001995725]]	0.43713439725159775	[[-0.5958958550686521, 0.595895855068652, 0.0], [-0.7071067811865475, -0.7071067811865476, 0.0], [0.0, 0.0, 0.8427239999999999]]
11	[[-0.8305561570912853, 0.32773595720904825, 0.4502950280316503], [-0.5100865793185324, -0.772219296347621, -0.37879947194723407], [0.22358030216652452, -0.5443036842615101, 0.808545204538665]]	0.5323971538952778	0.46760284610472214	[[-0.4421857341855995, 0.1744856908472418, 0.23973579133724499], [-0.2715686430693645, -0.41112735555848756, -0.20167176076174148], [0.1190335165405039, -0.2897857323555419, 0.4304671656920605]]	0.7237181439642091	0.4204263490359523	[[-0.5158322281682779, 0.17933547581909942, 0.2389165794873543], [-0.4399821486806189, -0.67098978449052, -0.26084645654721106], [0.1357482728620811, -0.34044017531000403, 0.4858862620397326]]	[[0.08525633229987337, -0.05785298284256642, -0.08697010243602309], [-0.07082323623515832, -0.11212066860447223, 0.013297594225063623], [-0.02606084844883304, 0.05348227681661684, -0.0992725727001518]]	0.5441489296050331	[[-0.46099732800439086, 0.32597433674078385, 0.3259743367407838], [-0.7071067811865475, -0.5000000000000001, -0.5], [0.0, -0.46099732800439075, 0.46099732800439086]]
11	[[0.04673222253661188, -0.9725397674033924, -0.22799671093185395], [-0.8377629715199755, -0.16246744520517667, 0.5213036857710898], [-0.5440306084466285, 0.16664552219444034, -0.8223502702654952]]	0.5355838535237438	0.46441614647625606	[[0.025029023829887746, -0.5208765963309944, -0.12211135703162143], [-0.4486923206261709, -0.08701494037514626, 0.2792018368814111], [-0.29137400970671234, 0.08925265094937493, -0.4404375266950862]]	0.7045116129669439	0.4633671826530592	[[-0.002227711697512883, -0.7081083979675408, -0.11053828953818257], [-0.6722689294045321, -0.15037103123254758, 0.2808584812329495], [-0.24503935160338153, 0.01868625566139566, -0.511138811265785]]	[[-0.03515110517431139, -0.022942837759680507, 0.05008804103157598], [-0.08205518705501433, -0.03591082935643007, -0.08640601927525379], [0.13823652985674068, -0.09871744997352816, 0.0682165040627613]]	0.48751885639593456	[[-0.08764666757402427, -0.5108422146820549, -0.2992444411280395], [-0.8535533905932738, -0.14644660940672602, 0.5], [-0.2992444411280395, 0.29924444112803955, -0.42319554710803076]]
11	[[-0.30792515101507295, 0.09349718223056193, 0.9468053539599837], [0.3027085282091916, -0.9338174967034747, 0.1906631317268273], [0.9019698710720718, 0.34531602882779927, 0.2592434992682147]]	0.6047989938911278	0.3952010061088723	[[-0.18623282152768966, 0.05654700174469927, 0.5726269254857312], [0.18307781330318315, -0.5647718824841931, 0.11531287024051669], [0.5455104705444993, 0.20884678680953264, 0.1567902075302316]]	0.7981441601939978	0.30293627620988733	[[-0.17694828440167265, 0.07190173114731682, 0.726101136125047], [0.26104344826232045, -0.8374281893462949, 0.1314396218774055], [0.6674222954322508, 0.24334765637151828, 0.10504655325435586]]	[[0.06882037665786268, -0.0027224988446002078, -0.02958602797852478], [0.01943840423123412, -0.09210720766543856, -0.02073704327466067], [-0.05247968983485647, -0.03226431545877189, -0.1018671317548267]]	0.4829924842095763	[[0.0, 0.0, 0.9179999999999999], [0.0, -1.0, 0.0], [0.9179999999999999, 0.0, 0.0]]
11	[[0.3802729664721569, 0.7767473726770865, -0.5020517802076895], [0.4287143634067757, 0.332951791095048, 0.839849450446521], [0.8195098935212374, -0.5346088512602871, -0.20639019011321075]]	0.5554178037682236	0.44458219623177664	[[0.2112103758703927, 0.4314193198150453, -0.2788484971408817], [0.23811559016728343, 0.18492735257070803, 0.4664673372629562], [0.4551703852258965, -0.29693127404204156, -0.11463278611198566]]	0.7502437179152086	0.3859410756101732	[[0.2973642090150539, 0.4326218037071836, -0.3520078094930006], [0.4128503299606258, 0.3131259563355486, 0.7105676328820892], [0.5365151328550242, -0.38308858017391323, -0.0374479171795238]]	[[0.012066804826337471, -0.15012803305094388, 0.0246533846759655], [0.09121007203467457, 0.06333096669787193, 0.08047585869004635], [-0.07831701652864567, 0.017998352025983332, 0.11739502639223814]]	0.46240117023729016	[[0.3550918700879998, 0.35509187008799986, -0.5021757385668746], [0.5, 0.5000000000000001, 0.7071067811865475], [0.5021757385668746, -0.5021757385668745, 0.0]]
11	[[0.5319609947059123, -0.8460851799387872, 0.03402011756955908], [-0.703274286200726, -0.4190807785627857, 0.5742617690636116], [-0.47161719485230363, -0.3294103357928521, -0.8179645788128509]]	0.5727930879565378	0.4272069120434622	[[0.30470358083003096, -0.4846317428914009, 0.019486488195312228], [-0.4028306500733438, -0.24004657325620815, 0.32893317199733024], [-0.2701390693728512, -0.18868396344358782, -0.46852445693728173]]	0.7113130714146264	0.4786702562837692	[[0.4299894789272254, -0.5564552850558472, 0.08035900735546447], [-0.5273830389855042, -0.34700768988179376, 0.3288816696176997], [-0.24802125620551302, -0.10948929136454846, -0.49860766141207374]]	[[0.05159866991018303, 0.04537616296480847, 0.05616005303717474], [-0.027134846421136904, -0.04891005411146581, -0.07959823313093478], [0.08744621919682952, 0.12482458634398862, 0.08322123545166636]]	0.47340393334214986	[[0.46099732800439086, -0.46099732800439075, 0.0], [-0.5, -0.5000000000000001, 0.7071067811865475], [-0.3259743367407838, -0.32597433674078385, -0.46099732800439086]]
11	[[0.08740825448676931, -0.06334395238859675, -0.994156597696443], [0.7119981850616444, -0.6940087028176986, 0.10681996481098455], [-0.6967197295301035, -0.717174639895393, -0.015561310176609944]]	0.6295405418288246	0.37045945817117565	[[0.05502703988991253, -0.03987758610829647, -0.6258618831765194], [0.4482317232048473, -0.43690661480577353, 0.06724749852524317], [-0.4386133160312136, -0.45149051138563767, -0.009796475640149425]]	0.8457202999598641	0.26010547177478605	[[0.047731572717166736, -0.04773157271716674, -0.7376145756277691], [0.6743387773111877, -0.6652040437563442, 0.09504953953646716], [-0.5296413723365521, -0.5371898513237874, 0.0]]	[[-0.02619136248635193, 0.005839693697560639, 0.10316384038314468], [0.07218745866997509, -0.07826679543460395, 0.004709726854819199], [0.05958864630960252, 0.06933930025215188, 0.013160515910331046]]	0.26555552089072926	[[0.0, 0.0, -0.7736206319999999], [0.7071067811865475, -0.7071067811865476, 0.0], [-0.5470323949530226, -0.5470323949530225, 0.0]]
11	[[-0.42203838922340475, -0.825029846081567, 0.3757783270710803], [0.2588054115689476, 0.28760896992378115, 0.9221175843470338], [-0.8688517462515349, 0.4864224845687207, 0.09214016247897017]]	0.5426191652341016	0.45738083476589847	[[-0.22900611845714874, -0.44767700637399926, 0.2039045221483768], [0.14043277638361046, 0.1560621391738819, 0.5003586738660738], [-0.4714556092631993, 0.2639421625277769, 0.04999701804887328]]	0.7451045847421669	0.4057585379116992	[[-0.22228544008568943, -0.48875597084238565, 0.2689801253215376], [0.2690739855582846, 0.23566334281752374, 0.8285409671909137], [-0.5664772254025237, 0.29091922288769734, 0.023439861199556686]]	[[0.0921772986618686, 0.12597755002211425, -0.011014029025865837], [0.07623688684217826, 0.021364580714342343, 0.14146692742256706], [0.08090819419073286, -0.07151640048613232, -0.04521419630241217]]	0.5756463407410319	[[-0.3550918700879998, -0.35509187008799986, 0.5021757385668746], [0.5, 0.5000000000000001, 0.7071067811865475], [-0.5021757385668746, 0.5021757385668745, 0.0]]
