11	[[0.8489524140446696, -0.5135124485683378, 0.12483895166604869], [0.522794976890395, 0.7815435453534784, -0.34040431673891397], [0.0772347773085365, 0.35425224329800037, 0.9319550081910795]]	0.9013217310882923	0.0986782689117078	[[0.7651792594383262, -0.46283992907900184, 0.11252006002289067], [0.47120647357511447, 0.7044221812188783, -0.30681380803304537], [0.06961338318394888, 0.31929524517126456, 0.8399913012791872]]	0.9203844448235523	0.13645969431920504	[[0.7755109586007913, -0.48578385360651255, 0.06352298214261684], [0.5073457531005926, 0.6700485097297856, -0.2892276096349735], [0.0238156490476621, 0.2999132618427556, 0.8593137798634143]]	[[-0.005851637681326375, -0.013154983720959914, -0.05137684707889364], [0.026173388538784502, -0.0492720123658064, 0.024075228442312503], [-0.047270038586525974, -0.026134992432572446, 0.0015568870489385592]]	0.21097058073780223	[[0.7988788438842845, -0.4679723920544754, 0.1370659402246663], [0.49999999999999994, 0.7071067811865475, -0.4999999999999999], [0.13706594022466612, 0.4679723920544754, 0.7988788438842848]]
11	[[0.034229894132735264, 0.2773841392786001, 0.9601491309293217], [-0.1827544195208179, -0.9427759796974285, 0.2788803941677556], [0.9825625356654255, -0.18501754344446375, 0.018422055382213542]]	0.921517354661541	0.07848264533845896	[[0.031543441491542805, 0.255614298253084, 0.8847940872145663], [-0.16841136922952957, -0.8687844268492173, 0.25699312310043804], [0.905448428655939, -0.17049687720091902, 0.016976243743245818]]	0.9335182389101324	0.12253888476777203	[[0.011934860743839239, 0.2439080055667297, 0.8873785745812492], [-0.16325415401293636, -0.8280093466049647, 0.2519680140147681], [0.9216253649041707, -0.1661725210865174, 0.0]]	[[-0.02001936974503205, -0.015035147634231959, -0.008938151214985174], [0.007350429851181055, 0.05208922564895352, -0.008371920415278743], [0.004385316990708558, 0.006544730237237343, -0.017197324697508908]]	0.15222767403195803	[[0.13706594022466637, 0.23398619602723783, 0.895799099686856], [-0.25000000000000017, -0.9267766952966368, 0.2803300858899109], [0.895799099686856, -0.26237348171747626, -0.06853297011233309]]
11	[[0.5319609947059123, -0.8460851799387872, 0.03402011756955908], [-0.703274286200726, -0.4190807785627857, 0.5742617690636116], [-0.47161719485230363, -0.3294103357928521, -0.8179645788128509]]	0.9014675422768773	0.09853245772312283	[[0.4795455704847017, -0.762718327716308, 0.030668031773400828], [-0.6339789423278935, -0.3777877194664746, 0.5176783455813454], [-0.42514759353902126, -0.2969527258077832, -0.7373685185319617]]	0.9014675422768775	0.09853245772312245	[[0.47954557048470187, -0.7627183277163082, 0.030668031773400856], [-0.6339789423278939, -0.37778771946647477, 0.5176783455813457], [-0.4251475935390213, -0.29695272580778337, -0.7373685185319621]]	[[0.0, 0.0, 0.0], [0.0, 0.0, 0.0], [0.0, 0.0, 0.0]]	0.21270954287018692	[[0.47079717510510594, -0.8037010501853972, -0.137893300024815], [-0.7071067811865477, -0.49999999999999983, 0.49999999999999994], [-0.470797175105106, -0.13789330002481512, -0.8037010501853972]]
11	[[0.3802729664721569, 0.7767473726770865, -0.5020517802076895], [0.4287143634067757, 0.332951791095048, 0.839849450446521], [0.8195098935212374, -0.5346088512602871, -0.20639019011321075]]	0.8907628057978395	0.10923719420216046	[[0.3387330145838062, 0.6918976690819417, -0.4472090523936017], [0.38188280923405415, 0.29658107163124103, 0.7481066529275169], [0.7299889321320663, -0.47620968035297323, -0.18384470483439314]]	0.8907628057978396	0.10923719420216053	[[0.3387330145838062, 0.6918976690819417, -0.4472090523936017], [0.38188280923405415, 0.2965810716312411, 0.7481066529275168], [0.7299889321320662, -0.47620968035297323, -0.18384470483439314]]	[[0.0, 0.0, 0.0], [0.0, 0.0, 0.0], [0.0, 0.0, 0.0]]	0.1703366567771958	[[0.235398587552553, 0.7347544001729895, -0.5397438251175135], [0.4571067811865474, 0.42677669529663675, 0.7803300858899108], [0.8037010501853972, -0.43040916260802875, -0.23539858755255305]]
11	[[0.04673222253661188, -0.9725397674033924, -0.22799671093185395], [-0.8377629715199755, -0.16246744520517667, 0.5213036857710898], [-0.5440306084466285, 0.16664552219444034, -0.8223502702654952]]	0.8956309966560263	0.10436900334397371	[[0.041854827046416916, -0.8710367611671204, -0.2042009214461923], [-0.7503264851439498, -0.14551087987327066, 0.4668957396476211], [-0.4872506760544383, 0.1492528951312706, -0.736522392158238]]	0.8956309966560262	0.10436900334397398	[[0.041854827046416895, -0.87103676116712, -0.20420092144619226], [-0.7503264851439497, -0.1455108798732707, 0.4668957396476211], [-0.48725067605443834, 0.14925289513127055, -0.7365223921582381]]	[[0.0, 0.0, 0.0], [0.0, 0.0, 0.0], [0.0, 0.0, 0.0]]	0.14074282396604262	[[0.1387256539485063, -0.9066462150031539, -0.2368195045800332], [-0.8535533905932738, -0.2500000000000001, 0.4571067811865474], [-0.4736390091600664, 0.13872565394850617, -0.8085523643716269]]
11	[[-0.30792515101507295, 0.09349718223056193, 0.9468053539599837], [0.3027085282091916, -0.9338174967034747, 0.1906631317268273], [0.9019698710720718, 0.34531602882779927, 0.2592434992682147]]	0.8950212253472071	0.10497877465279304	[[-0.27559954597673436, 0.08368196260650865, 0.8474108880665606], [0.27093055784084025, -0.8357864801502054, 0.1706475497866809], [0.807282179233188, 0.30906517525348837, 0.23202843437833534]]	0.8950212253472072	0.10497877465279305	[[-0.27559954597673436, 0.08368196260650865, 0.8474108880665607], [0.2709305578408402, -0.8357864801502055, 0.17064754978668098], [0.807282179233188, 0.3090651752534883, 0.23202843437833529]]	[[0.0, 0.0, 0.0], [0.0, 0.0, 0.0], [0.0, 0.0, 0.0]]	0.22400085296977446	[[-0.23539858755255316, 0.1378933000248153, 0.901206337713135], [0.4571067811865472, -0.8535533905932738, 0.25000000000000017], [0.8037010501853972, 0.4707971751051059, 0.13789330002481529]]
11	[[0.08740825448676931, -0.06334395238859675, -0.994156597696443], [0.7119981850616444, -0.6940087028176986, 0.10681996481098455], [-0.6967197295301035, -0.717174639895393, -0.015561310176609944]]	0.9429548536745641	0.057045146325435975	[[0.08242203781952062, -0.059730487355757804, -0.9374447891104518], [0.6713821444113582, -0.654418874814337, 0.100726404287864], [-0.6569752506112407, -0.6762633076216686, -0.014673612960569736]]	0.9636755532598766	0.05903399462524276	[[0.06572435658010946, -0.05874833407941794, -0.9398878754993433], [0.6810315917949689, -0.6727519431151681, 0.09015992507725265], [-0.6797320908410104, -0.6976803948456226, -0.004932792815948925]]	[[-0.01850884142190804, 0.0022946842843303197, 0.018156533812733088], [-0.005103653114339491, -0.003952722460153125, -0.01277986361117341], [-0.00832032001901633, -0.006556726960476907, 0.010063261377944211]]	0.11761549628179084	[[0.0, 0.0, -0.982107784], [0.7071067811865475, -0.7071067811865476, 0.0], [-0.6944550739224931, -0.6944550739224931, 0.0]]
11	[[0.8592155572171323, 0.2624339665249735, -0.4391776855101157], [-0.4266000482917053, 0.8413623931712975, -0.33184593135155627], [0.2824199444684594, 0.4724804086637203, 0.8348660002631537]]	0.9044815579340948	0.09551844206590522	[[0.7771446257929632, 0.23736668289733215, -0.3972281172000794], [-0.38585187629364165, 0.7609967681627335, -0.3001485249829463], [0.2554436313644927, 0.4273498161214996, 0.7551209005842237]]	0.9044815579340948	0.09551844206590532	[[0.7771446257929633, 0.2373666828973321, -0.3972281172000793], [-0.3858518762936416, 0.7609967681627333, -0.3001485249829463], [0.2554436313644927, 0.42734981612149964, 0.7551209005842237]]	[[0.0, 0.0, 0.0], [0.0, 0.0, 0.0], [0.0, 0.0, 0.0]]	0.15281745963068719	[[0.7988788438842848, 0.23398619602723764, -0.4278267076323806], [-0.4571067811865474, 0.7803300858899107, -0.4267766952966369], [0.23398619602723766, 0.5365053621668084, 0.7303458737719515]]
11	[[-0.5446221603179724, 0.8109226453022452, -0.2139887049042392], [-0.8354447797583356, -0.5021691245819775, 0.22328947644507607], [0.07361197229480154, 0.30038414347728, 0.9509735242804028]]	0.8966086889538639	0.10339131104613619	[[-0.48831296113791833, 0.7270802898474453, -0.19186413215512518], [-0.7490670486724708, -0.45024920042455635, 0.2002032847326143], [0.06600113397055016, 0.2693270330656934, 0.8526511248348875]]	0.8966086889538641	0.10339131104613612	[[-0.4883129611379185, 0.7270802898474457, -0.19186413215512524], [-0.7490670486724713, -0.4502492004245565, 0.20020328473261437], [0.06600113397055019, 0.26932703306569344, 0.8526511248348874]]	[[0.0, 0.0, 0.0], [0.0, 0.0, 0.0], [0.0, 0.0, 0.0]]	0.1186042939116265	[[-0.470797175105106, 0.8037010501853971, -0.13789330002481529], [-0.8535533905932738, -0.45710678118654735, 0.25000000000000017], [0.13789330002481529, 0.23539858755255316, 0.901206337713135]]
11	[[0.8787972042104137, -0.3840163418041313, 0.28327887866788265], [-0.395223040501579, -0.9183905790867732, -0.018907472103605397], [0.2674214316928388, -0.09534250611366366, -0.9588511794847616]]	0.8808213152196052	0.11917868478039495	[[0.7740633092239285, -0.33824977925373634, 0.24951807448217939], [-0.34812087833969213, -0.8089379977565063, -0.016654104445775714], [0.235550497181596, -0.08397971163137047, -0.8445765570136377]]	0.8818798649613524	0.11312567737785077	[[0.7805064234013883, -0.3425544629053924, 0.24591975601382324], [-0.3526296924133693, -0.816892996210375, -0.015476053636597861], [0.23193539281683972, -0.08293888497632945, -0.8522461637462146]]	[[0.005512863623894499, -0.003898183252212445, -0.0038981832522124436], [-0.004090450826221623, -0.006982836343553049, 0.001198065308890197], [-0.0038981832522124436, 0.0011417514402651953, -0.006654615064159695]]	0.14350883148137392	[[0.7788060016732371, -0.447899549843428, 0.26237348171747626], [-0.47855339059327373, -0.8749999999999999, -0.07322330470336318], [0.26237348171747626, -0.06853297011233313, -0.895799099686856]]
11	[[-0.8305561570912853, 0.32773595720904825, 0.4502950280316503], [-0.5100865793185324, -0.772219296347621, -0.37879947194723407], [0.22358030216652452, -0.5443036842615101, 0.808545204538665]]	0.9032497720213628	0.09675022797863712	[[-0.7501996595436428, 0.29602742863227594, 0.40672888141194136], [-0.46073558648062124, -0.6975069033764859, -0.3421505366781518], [0.2019488569603807, -0.491642178719597, 0.7303182716685154]]	0.9032497720213628	0.09675022797863732	[[-0.7501996595436425, 0.29602742863227594, 0.4067288814119413], [-0.4607355864806211, -0.6975069033764858, -0.34215053667815176], [0.20194885696038067, -0.49164217871959687, 0.7303182716685153]]	[[0.0, 0.0, 0.0], [0.0, 0.0, 0.0], [0.0, 0.0, 0.0]]	0.17624415034687874	[[-0.7347544001729894, 0.4018505250926986, 0.4304091626080288], [-0.573223304703363, -0.7803300858899106, -0.2499999999999999], [0.23539858755255305, -0.43040916260802875, 0.8037010501853972]]
11	[[-0.42203838922340475, -0.825029846081567, 0.3757783270710803], [0.2588054115689476, 0.28760896992378115, 0.9221175843470338], [-0.8688517462515349, 0.4864224845687207, 0.09214016247897017]]	0.8774447762752301	0.12255522372477005	[[-0.3703153800116889, -0.7239181287154282, 0.32972473012596426], [0.22708745645293404, 0.2523609882695215, 0.8091072574968388], [-0.7623694261060209, 0.42680886814764263, 0.08084790425232333]]	0.8783894262510097	0.11797514716536557	[[-0.37448069447029364, -0.7267146543776816, 0.3311829312276822], [0.22801827558302568, 0.25380433136162117, 0.8144639250700513], [-0.7653966311153773, 0.4310350030403561, 0.08028869190241722]]	[[-0.0037666359044469205, -0.0020171612381349483, 0.0011032221141517781], [0.0006863386043214001, 0.0011716532856271733, 0.004485589219493064], [-0.002206444228303556, 0.00376663590444692, -0.0006462525521601935]]	0.17570322029670105	[[-0.4304091626080286, -0.8037010501853972, 0.23539858755255305], [0.25000000000000006, 0.1464466094067262, 0.9571067811865475], [-0.8037010501853972, 0.4707971751051059, 0.13789330002481529]]
11	[[0.22433838825039393, -0.7661379269479729, -0.6022499185961573], [-0.9416906372873723, -0.011392912655017143, -0.3362869982418849], [0.2507808429735371, 0.642575192824231, -0.724020780340167]]	0.9041106918395598	0.09588930816044039	[[0.20282673540723548, -0.6926734911774579, -0.5445005905622904], [-0.8513925735767219, -0.010300454142595268, -0.30404067063711937], [0.2267336414409126, 0.5809591021432541, -0.6545949286195664]]	0.9102999798227076	0.08771481070783611	[[0.19283468647585372, -0.7155760729090561, -0.5454196422399024], [-0.8684758197809357, -0.006145601930318512, -0.3249505197742314], [0.24311324565378267, 0.5740804788459796, -0.6704566455568135]]	[[-0.01138054382193869, -0.018160733466905436, 0.0028084465064068488], [-0.011254851659008228, 0.0042253662296654875, -0.018828472060004587], [0.014827449355050263, -0.010855706216490364, -0.01138054382193869]]	0.24461548546726333	[[0.23398619602723753, -0.7988788438842848, -0.4278267076323806], [-0.9571067811865474, -0.14644660940672607, -0.2499999999999999], [0.13706594022466628, 0.4679723920544753, -0.7988788438842848]]
11	[[-0.3195682178843842, -0.5708200961323295, -0.7563336379995778], [0.910087742671785, 0.03735879733279218, -0.41272826520656647], [0.2638493031197415, -0.8202248094963509, 0.507557688474819]]	0.9022227172480696	0.09777728275193047	[[-0.2883217058857722, -0.5150068581923147, -0.6823813900220969], [0.8211018361274998, 0.033705955642711706, -0.3723728169197503], [0.23805083520470274, -0.7400254563780779, 0.45793007685590037]]	0.9022227172480699	0.09777728275193014	[[-0.28832170588577233, -0.5150068581923148, -0.682381390022097], [0.8211018361275002, 0.03370595564271173, -0.37237281691975044], [0.2380508352047028, -0.7400254563780782, 0.4579300768559006]]	[[0.0, 0.0, 0.0], [0.0, 0.0, 0.0], [0.0, 0.0, 0.0]]	0.240482650905859	[[-0.479374242598515, -0.47937424259851513, -0.6779375553351504], [0.8535533905932738, -0.14644660940672602, -0.5], [0.14040546493094008, -0.8183430202660903, 0.479374242598515]]
