11	[[0.034229894132735264, 0.2773841392786001, 0.9601491309293217], [-0.1827544195208179, -0.9427759796974285, 0.2788803941677556], [0.9825625356654255, -0.18501754344446375, 0.018422055382213542]]	0.8718170783269599	0.1281829216730401	[[0.029842206294242408, 0.2418282298801077, 0.837074410084971], [-0.15932842407797898, -0.8219282001366495, 0.24313269044600364], [0.8566147991173606, -0.16130145416498373, 0.01606066250009885]]	0.9184378664851762	0.12743811434058067	[[0.009034995755612646, 0.23652795487728248, 0.8599893189056292], [-0.16490826658287744, -0.826724900115135, 0.2534148295807163], [0.8932060529768784, -0.16007808276269062, 0.0]]	[[-0.02240303518167018, -0.01823214219858199, -0.02184800041269322], [0.0029403125725594084, 0.03915625925164314, -0.0027194846432621574], [-0.009216585967939984, 0.009849035100771071, -0.01691951324151196]]	0.2629804311673534	[[-0.057980880075282064, 0.22197557399686602, 0.757872015255652], [-0.2803300858899109, -0.9267766952966368, 0.25000000000000017], [0.757872015255652, -0.19795910711135617, 0.1159617601505643]]
11	[[-0.8305561570912853, 0.32773595720904825, 0.4502950280316503], [-0.5100865793185324, -0.772219296347621, -0.37879947194723407], [0.22358030216652452, -0.5443036842615101, 0.808545204538665]]	0.764136427536515	0.23586357246348497	[[-0.6346582147481913, 0.25043498351698223, 0.34408683405756013], [-0.3897757364547846, -0.5900808943858324, -0.2894544752464778], [0.17084585336506258, -0.41592227278655364, 0.6178388440979562]]	0.7968726722579901	0.25377171001265497	[[-0.6676468806248085, 0.3297871851581042, 0.3527427820079711], [-0.4954232871331735, -0.6230361053625633, -0.36815234475997777], [0.05417125413144716, -0.4722087918228719, 0.6523065065443108]]	[[-0.005799376263148847, 0.06862335714189954, -0.006085020284096628], [-0.08894923158867733, -0.007675651112849797, -0.06629739729946982], [-0.12399377872024012, -0.03846806042553297, 0.00799892876220159]]	0.29247655449109883	[[-0.6020757072411568, 0.3292861383932559, 0.3526877837264965], [-0.573223304703363, -0.7803300858899106, -0.2499999999999999], [0.19289135396930535, -0.3526877837264965, 0.6585722767865118]]
11	[[-0.30792515101507295, 0.09349718223056193, 0.9468053539599837], [0.3027085282091916, -0.9338174967034747, 0.1906631317268273], [0.9019698710720718, 0.34531602882779927, 0.2592434992682147]]	0.7953293520713798	0.20467064792862022	[[-0.24490191084329974, 0.07436105336393256, 0.7530220887027074], [0.24075297760709732, -0.7426924646060924, 0.15163998502019777], [0.7173631131476569, 0.27463997346747554, 0.2061839643017064]]	0.8457498757399027	0.26594727657745565	[[-0.25282384517605627, 0.0775765995152405, 0.7397959166437896], [0.24412368372323484, -0.8497606743078083, 0.11858613396464268], [0.6767651203592773, 0.26187968239448456, 0.1752472456608158]]	[[0.007603813032132467, -0.001498630738288282, -0.060964593817741095], [-0.011892016395097828, -0.059984642507097716, -0.0426671860015022], [-0.08607578602106335, -0.030171306077623396, -0.044007911631654364]]	0.32773891198770233	[[-0.19289135396930543, 0.11299313909070986, 0.7384704916651073], [0.4571067811865472, -0.8535533905932738, 0.25000000000000017], [0.6585722767865118, 0.3857827079386105, 0.11299313909070983]]
11	[[0.04673222253661188, -0.9725397674033924, -0.22799671093185395], [-0.8377629715199755, -0.16246744520517667, 0.5213036857710898], [-0.5440306084466285, 0.16664552219444034, -0.8223502702654952]]	0.7498202075240503	0.25017979247594974	[[0.035040764800462476, -0.7292299702198032, -0.17095654110572364], [-0.628171605161073, -0.1218213734796479, 0.3908840378479309], [-0.40792514372488636, 0.124954180034789, -0.6166148503079324]]	0.7854675651992111	0.36098655177554423	[[-0.028932760274923926, -0.8441859507134857, -0.14946251562128932], [-0.6859016206636656, -0.14741162435722602, 0.2709849345916762], [-0.2915544221718776, 0.03702181255387194, -0.6144172978350868]]	[[-0.06563940532710427, -0.08028750755173598, 0.02962150578778235], [-0.027865979209814574, -0.019798715747779586, -0.13848220220031623], [0.13576397523854108, -0.09387284001554619, 0.0315121666912649]]	0.25253057484847435	[[0.1159617601505643, -0.757872015255652, -0.19795910711135603], [-0.8535533905932738, -0.2500000000000001, 0.4571067811865474], [-0.39591821422271206, 0.11596176015056417, -0.6758746682948602]]
11	[[-0.3195682178843842, -0.5708200961323295, -0.7563336379995778], [0.910087742671785, 0.03735879733279218, -0.41272826520656647], [0.2638493031197415, -0.8202248094963509, 0.507557688474819]]	0.7536918069870325	0.24630819301296755	[[-0.24085594759290718, -0.43022242971848706, -0.570042466308978], [0.6859256752910473, 0.028157019468614486, -0.31106991199816014], [0.19886105804058726, -0.6181967188048992, 0.3825420713767476]]	0.800076301270127	0.22123796825563255	[[-0.29379192330337306, -0.478996718983049, -0.5911709209407973], [0.7754294708715603, 0.008549353746422114, -0.31266526633741454], [0.19113169975899222, -0.6272571149505206, 0.4361254151915284]]	[[-0.038112965534948966, -0.022297087778836554, 0.013953698676084175], [0.04728983588343939, -0.021340534643498592, 0.017548837518691192], [-0.01996787477375112, 0.028985316841314668, 0.03004053711537992]]	0.30792438339332673	[[-0.4169950804456063, -0.4169950804456064, -0.5897200982090364], [0.8535533905932738, -0.14644660940672602, -0.5], [0.12213503134108833, -0.7118551295501245, 0.4169950804456063]]
11	[[0.3802729664721569, 0.7767473726770865, -0.5020517802076895], [0.4287143634067757, 0.332951791095048, 0.839849450446521], [0.8195098935212374, -0.5346088512602871, -0.20639019011321075]]	0.7529956135628989	0.2470043864371013	[[0.2863438757100855, 0.5848873644723523, -0.3780427882778348], [0.32282003511671264, 0.2507112382224818, 0.6324029522394414], [0.61708735509289, -0.4025581199708965, -0.15541090783766043]]	0.8457940239101277	0.24760230432433616	[[0.3462207523101873, 0.5891920691722727, -0.4299705121354432], [0.4036580290549972, 0.29283610235773766, 0.7176386560940535], [0.652626468519894, -0.4299705121354432, -0.07997493183427445]]	[[0.024588149813460688, -0.06777621672589991, -0.0053381167423385365], [0.04105398252111166, 0.011227467199372867, 0.007299009922181238], [-0.040510101955593736, 0.022198459389965983, 0.09458865755715433]]	0.2831284237545544	[[0.1928913539693053, 0.6020757072411569, -0.4422792774839654], [0.4571067811865474, 0.42677669529663675, 0.7803300858899108], [0.6585722767865118, -0.3526877837264965, -0.19289135396930535]]
11	[[0.8592155572171323, 0.2624339665249735, -0.4391776855101157], [-0.4266000482917053, 0.8413623931712975, -0.33184593135155627], [0.2824199444684594, 0.4724804086637203, 0.8348660002631537]]	0.7841730976466392	0.21582690235336074	[[0.6737737250491418, 0.20579365645758296, -0.34439132606374895], [-0.3345282813251125, 0.6597737540965259, -0.2602246519293839], [0.22146612269102364, 0.3705064256391796, 0.6546794575462174]]	0.8210125342230576	0.21883632631468924	[[0.7241895082034974, 0.16667021892034423, -0.3221755378907782], [-0.34841642035116205, 0.7414567700087018, -0.39443231154961617], [0.2374680838268487, 0.38608873018905066, 0.6907911214257317]]	[[0.018762766128782905, -0.04879135700253337, 0.03839484666409889], [0.001827566396489684, 0.05068769939115823, -0.1219826424790641], [0.005597769503663627, -0.0018236074986962957, 0.005355670813012106]]	0.29015420729092134	[[0.641712826500777, 0.18795333530769107, -0.3436589764630982], [-0.4571067811865474, 0.7803300858899107, -0.4267766952966369], [0.18795333530769107, 0.43095692798037594, 0.5866625691357831]]
11	[[0.22433838825039393, -0.7661379269479729, -0.6022499185961573], [-0.9416906372873723, -0.011392912655017143, -0.3362869982418849], [0.2507808429735371, 0.642575192824231, -0.724020780340167]]	0.7533204724092832	0.24667952759071674	[[0.16899870061632397, -0.5771473850591159, -0.45368719318530965], [-0.7093948357447223, -0.008582514343395242, -0.2533318803806766], [0.18891834310002326, 0.484065047816836, -0.5454196762799925]]	0.7612912874006666	0.22858133625817156	[[0.15727613863340573, -0.6620003859784369, -0.41235912635658317], [-0.8113219642424347, -0.02487342246330112, -0.31132295381251873], [0.23704576031118033, 0.4430584062884584, -0.6164262474446106]]	[[-0.013510721771127223, -0.07874625724573671, 0.04612848950843195], [-0.09442108664877706, -0.016200097320919777, -0.055310591984848424], [0.04612848950843195, -0.046128489508431965, -0.0652355354746095]]	0.34536800331347517	[[0.12534383347812844, -0.7305573989635926, -0.4279506162208604], [-0.8535533905932738, 0.14644660940672602, -0.5], [0.4279506162208604, 0.4279506162208605, -0.6052135654854645]]
11	[[-0.42203838922340475, -0.825029846081567, 0.3757783270710803], [0.2588054115689476, 0.28760896992378115, 0.9221175843470338], [-0.8688517462515349, 0.4864224845687207, 0.09214016247897017]]	0.7350063795231835	0.26499362047681685	[[-0.3102009084828909, -0.6064022001669818, 0.27619946768379333], [0.19022362855829958, 0.21139442770207048, 0.6777623071655771], [-0.6386115763547364, 0.35752362930152704, 0.0677236072323457]]	0.8451901382253553	0.25444489945064086	[[-0.2763631087853796, -0.6251023718473496, 0.32560054362138086], [0.2554000760973183, 0.2308904420868191, 0.8305671311347289], [-0.7266330090627087, 0.368741867580468, 0.022094589003406946]]	[[0.08033957573875612, 0.0722047178023735, 0.007996407422081797], [0.03666029451988949, -0.012193822957913514, 0.051202442560428794], [0.007711918448967411, -0.04237761938808979, -0.05578136765830055]]	0.2926831528105637	[[-0.35268778372649634, -0.6585722767865118, 0.19289135396930535], [0.25000000000000006, 0.1464466094067262, 0.9571067811865475], [-0.6585722767865118, 0.3857827079386105, 0.11299313909070983]]
11	[[0.8489524140446696, -0.5135124485683378, 0.12483895166604869], [0.522794976890395, 0.7815435453534784, -0.34040431673891397], [0.0772347773085365, 0.35425224329800037, 0.9319550081910795]]	0.8143020772356934	0.18569792276430674	[[0.6913037142308307, -0.4181542535555846, 0.10165661766158979], [0.425713035650235, 0.6364125324314858, -0.27719194222049454], [0.06289243959717747, 0.288468337582966, 0.7588928990602037]]	0.901077527374764	0.166536646283558	[[0.7419972434311248, -0.4677719439647549, 0.06584792664286995], [0.5082893938722873, 0.6667810725924692, -0.29617225991438945], [0.02191413037754373, 0.2896573189289987, 0.8233125845239906]]	[[-0.022974698675082936, -0.005057416532636506, -0.04664164724443087], [0.03721058877194335, -0.037450252790349636, 0.010558420120407065], [-0.047680391786972864, -0.029551416528926816, -0.016451129881355355]]	0.3321830648354216	[[0.6417128265007768, -0.3759066706153822, 0.11010051472998761], [0.49999999999999994, 0.7071067811865475, -0.4999999999999999], [0.11010051472998746, 0.3759066706153822, 0.641712826500777]]
11	[[0.08740825448676931, -0.06334395238859675, -0.994156597696443], [0.7119981850616444, -0.6940087028176986, 0.10681996481098455], [-0.6967197295301035, -0.717174639895393, -0.015561310176609944]]	0.8484932701666157	0.15150672983338437	[[0.07416531568903466, -0.05374691730747887, -0.8435351826371715], [0.6041256683956497, -0.5888617137778801, 0.0906360212615551], [-0.5911620016985976, -0.6085178554854069, -0.013203666959828803]]	0.933246488268071	0.11254768069941033	[[0.059977542353707766, -0.057150424791960516, -0.8854974807882284], [0.68196214254953, -0.6728003524931472, 0.09187482118246536], [-0.6425601742464996, -0.6548173597213791, -0.0019990739991230695]]	[[-0.021595904191711552, 0.0019650963277172764, 0.04229567280051045], [0.017492336687510365, -0.02511916776105088, -0.007814535854304893], [0.007651066644549853, 0.014483354435914657, 0.012523464076048355]]	0.15028202113650568	[[0.0, 0.0, -0.9251493027839998], [0.7071067811865475, -0.7071067811865476, 0.0], [-0.6541793456085727, -0.6541793456085727, 0.0]]
11	[[-0.5446221603179724, 0.8109226453022452, -0.2139887049042392], [-0.8354447797583356, -0.5021691245819775, 0.22328947644507607], [0.07361197229480154, 0.30038414347728, 0.9509735242804028]]	0.7831139656345916	0.21688603436540857	[[-0.4265012197390856, 0.6350448485855347, -0.16757754329856916], [-0.654248474545268, -0.39325565457064365, 0.1748611073833753], [0.05764656354196573, 0.23523501781224285, 0.7447206478127298]]	0.8486098098123246	0.17907328421968213	[[-0.47949710900673187, 0.6708315106827254, -0.12777765148190365], [-0.7618270015806355, -0.4510041442452273, 0.2092097276987555], [0.04517828819346541, 0.2068058369088974, 0.8243308626958686]]	[[-0.017325401119720023, -0.01732540111972002, 0.053815262688868416], [-0.05286036592121501, -0.024858498940093902, 0.019724087559605995], [-0.017289553615536246, -0.048103093957995224, 0.017325401119720023]]	0.24994958539792358	[[-0.3857827079386106, 0.6585722767865116, -0.11299313909070983], [-0.8535533905932738, -0.45710678118654735, 0.25000000000000017], [0.11299313909070983, 0.19289135396930543, 0.7384704916651073]]
11	[[0.5319609947059123, -0.8460851799387872, 0.03402011756955908], [-0.703274286200726, -0.4190807785627857, 0.5742617690636116], [-0.47161719485230363, -0.3294103357928521, -0.8179645788128509]]	0.7751884179285882	0.22481158207141197	[[0.4123700018857942, -0.6558754320695731, 0.02637200111649106], [-0.5451700812897977, -0.3248665657183668, 0.44516107223729334], [-0.3655921871454759, -0.255355077052586, -0.6340766677715579]]	0.8315776096709432	0.212276940101362	[[0.48777768978294705, -0.6841854552803516, 0.005303470061429168], [-0.5992294192920825, -0.3869309665922149, 0.5610426347725437], [-0.35241115144554264, -0.3449109121570299, -0.6788819852189225]]	[[0.04541083736722716, 0.01940003623115495, -0.022986897987789225], [-0.014402269430244191, -0.03843277449593564, 0.08349940552921833], [0.03977514812945145, -0.07098065251750714, 0.0013190440257677975]]	0.3048460937010703	[[0.3857827079386106, -0.6585722767865118, -0.11299313909070963], [-0.7071067811865477, -0.49999999999999983, 0.49999999999999994], [-0.3857827079386106, -0.11299313909070971, -0.6585722767865118]]
11	[[0.8787972042104137, -0.3840163418041313, 0.28327887866788265], [-0.395223040501579, -0.9183905790867732, -0.018907472103605397], [0.2674214316928388, -0.09534250611366366, -0.9588511794847616]]	0.7723297239984771	0.22767027600152295	[[0.6787212021784621, -0.2965872352764896, 0.21878469817616386], [-0.3052425017884235, -0.7093003424688891, -0.014602802711286446], [0.20653752053060773, -0.07363585143208894, -0.7405492668070803]]	0.8432622391460827	0.2527550639790263	[[0.6898059153426657, -0.3114539585711811, 0.14200103023473953], [-0.3590167244998427, -0.8404932910072388, -0.026066535639979887], [0.12981636053802786, -0.054165406814847744, -0.8085629926201826]]	[[-0.05125058283512518, 0.012372521687258185, -0.09687735129353063], [-0.025740058404358106, -0.06604919487585892, -0.010122578377301489], [-0.09569003474692653, 0.026233328376359354, 0.0]]	0.28445610922512166	[[0.6255889794246348, -0.35978282353924024, 0.21075589852040105], [-0.47855339059327373, -0.8749999999999999, -0.07322330470336318], [0.21075589852040105, -0.055050257364993783, -0.7195656470784805]]
