1	[[0.034229894132735264, 0.2773841392786001, 0.9601491309293217], [-0.1827544195208179, -0.9427759796974285, 0.2788803941677556], [0.9825625356654255, -0.18501754344446375, 0.018422055382213542]]	0.0	1.0	[[0.0, 0.0, 0.0], [0.0, -1.1102230246251565e-16, 0.0], [0.0, 0.0, 5.551115123125783e-17]]	0.0	1.815794537784643	[[0.6901362184380702, 0.6901362184380702, 0.0], [-0.7071067811865474, 0.7071067811865476, 0.0], [0.0, 0.0, 0.9759999999999998]]	[[0.6901362184380703, 0.6901362184380702, 0.0], [-0.7071067811865474, 0.7071067811865475, 0.0], [0.0, 0.0, 0.9759999999999999]]	0.348567066450395	[[0.0, 0.0, 0.976], [0.0, -1.0, 0.0], [0.976, 0.0, 0.0]]
1	[[0.8489524140446696, -0.5135124485683378, 0.12483895166604869], [0.522794976890395, 0.7815435453534784, -0.34040431673891397], [0.0772347773085365, 0.35425224329800037, 0.9319550081910795]]	0.0	1.0000000000000002	[[5.551115123125783e-17, 0.0, 0.0], [0.0, -5.551115123125783e-17, 0.0], [0.0, 0.0, 5.551115123125783e-17]]	0.0	0.4345952428317169	[[0.6901362184380704, -0.6901362184380703, 0.0], [0.7071067811865475, 0.7071067811865476, 0.0], [0.0, 0.0, 0.976]]	[[0.6901362184380704, -0.6901362184380703, 0.0], [0.7071067811865475, 0.7071067811865476, 0.0], [0.0, 0.0, 0.976]]	0.4345952428317169	[[0.6901362184380704, -0.6901362184380703, 0.0], [0.7071067811865475, 0.7071067811865476, 0.0], [0.0, 0.0, 0.976]]
1	[[-0.30792515101507295, 0.09349718223056193, 0.9468053539599837], [0.3027085282091916, -0.9338174967034747, 0.1906631317268273], [0.9019698710720718, 0.34531602882779927, 0.2592434992682147]]	0.0	1.0000000000000002	[[0.0, 0.0, 0.0], [0.0, -1.1102230246251565e-16, 0.0], [0.0, 0.0, 5.551115123125783e-17]]	0.0	1.8600339232604959	[[0.6901362184380704, -0.6901362184380703, 0.0], [0.7071067811865475, 0.7071067811865476, 0.0], [0.0, 0.0, 0.976]]	[[0.6901362184380704, -0.6901362184380703, 0.0], [0.7071067811865475, 0.7071067811865476, 0.0], [0.0, 0.0, 0.976]]	0.47013814650115465	[[0.0, 0.0, 0.976], [0.0, -1.0, 0.0], [0.976, 0.0, 0.0]]
1	[[-0.8305561570912853, 0.32773595720904825, 0.4502950280316503], [-0.5100865793185324, -0.772219296347621, -0.37879947194723407], [0.22358030216652452, -0.5443036842615101, 0.808545204538665]]	0.0	0.9999999999999999	[[0.0, 0.0, 0.0], [0.0, -1.3877787807814457e-17, 0.0], [0.0, 0.0, 0.0]]	0.0	1.9456802302308915	[[0.976, 2.1074299849399833e-17, 0.0], [-2.159252033749983e-17, -1.0, 0.0], [0.0, 0.0, -0.976]]	[[0.976, 2.1074299849399833e-17, 0.0], [-2.159252033749983e-17, -1.0, 0.0], [0.0, 0.0, -0.976]]	0.77110479165333	[[-0.976, 0.0, 0.0], [0.0, -1.0, 0.0], [0.0, 0.0, 0.976]]
1	[[-0.42203838922340475, -0.825029846081567, 0.3757783270710803], [0.2588054115689476, 0.28760896992378115, 0.9221175843470338], [-0.8688517462515349, 0.4864224845687207, 0.09214016247897017]]	0.0	1.0000000000000002	[[0.0, 0.0, 0.0], [0.0, 0.0, 0.0], [0.0, 0.0, 8.326672684688674e-17]]	0.0	1.6658340722028067	[[-0.976, 1.4026017738915063e-17, 0.0], [-1.4370919814462156e-17, -1.0, 0.0], [0.0, 0.0, 0.976]]	[[-0.976, 1.4026017738915063e-17, 0.0], [-1.4370919814462156e-17, -1.0, 0.0], [0.0, 0.0, 0.976]]	1.0000000000000002	[[0.0, 0.0, 0.0], [0.0, 0.0, 0.0], [0.0, 0.0, 0.0]]
1	[[0.3802729664721569, 0.7767473726770865, -0.5020517802076895], [0.4287143634067757, 0.332951791095048, 0.839849450446521], [0.8195098935212374, -0.5346088512602871, -0.20639019011321075]]	0.0	1.0000000000000007	[[0.0, 0.0, 0.0], [0.0, 2.7755575615628914e-17, 0.0], [0.0, 0.0, 0.0]]	0.0	1.6757718003441646	[[-0.976, -2.80151631660384e-29, 0.0], [2.870406062094099e-29, 1.0, 0.0], [0.0, 0.0, -0.976]]	[[-0.976, -2.80151631660384e-29, 0.0], [2.870406062094099e-29, 1.0, 0.0], [0.0, 0.0, -0.976]]	1.0000000000000007	[[0.0, 0.0, 0.0], [0.0, 0.0, 0.0], [0.0, 0.0, 0.0]]
1	[[0.8787972042104137, -0.3840163418041313, 0.28327887866788265], [-0.395223040501579, -0.9183905790867732, -0.018907472103605397], [0.2674214316928388, -0.09534250611366366, -0.9588511794847616]]	0.0	1.0	[[5.551115123125783e-17, 0.0, 0.0], [0.0, -5.551115123125783e-17, 0.0], [0.0, 0.0, 5.551115123125783e-17]]	0.0	1.9873536391136257	[[0.6901362184380704, 0.6901362184380703, 0.0], [-0.7071067811865475, 0.7071067811865476, 0.0], [0.0, 0.0, 0.976]]	[[0.6901362184380704, 0.6901362184380703, 0.0], [-0.7071067811865475, 0.7071067811865476, 0.0], [0.0, 0.0, 0.976]]	0.498403336548677	[[0.976, 0.0, 0.0], [0.0, -1.0, 0.0], [0.0, 0.0, -0.976]]
1	[[0.8592155572171323, 0.2624339665249735, -0.4391776855101157], [-0.4266000482917053, 0.8413623931712975, -0.33184593135155627], [0.2824199444684594, 0.4724804086637203, 0.8348660002631537]]	0.0	1.0	[[0.0, 0.0, 0.0], [0.0, 0.0, 0.0], [0.0, 0.0, 8.326672684688674e-17]]	0.0	0.6886167503533156	[[0.6901362184380704, 0.6901362184380703, 0.0], [-0.7071067811865475, 0.7071067811865476, 0.0], [0.0, 0.0, 0.976]]	[[0.6901362184380704, 0.6901362184380703, 0.0], [-0.7071067811865475, 0.7071067811865476, 0.0], [0.0, 0.0, 0.976]]	0.6886167503533156	[[0.6901362184380704, 0.6901362184380703, 0.0], [-0.7071067811865475, 0.7071067811865476, 0.0], [0.0, 0.0, 0.976]]
1	[[0.08740825448676931, -0.06334395238859675, -0.994156597696443], [0.7119981850616444, -0.6940087028176986, 0.10681996481098455], [-0.6967197295301035, -0.717174639895393, -0.015561310176609944]]	0.0	1.0000000000000002	[[1.3877787807814457e-17, 0.0, 0.0], [0.0, -1.1102230246251565e-16, 0.0], [0.0, 0.0, 5.551115123125783e-17]]	0.0	1.9385943363871343	[[-0.976, 4.788781999015011e-18, 0.0], [-4.90653893341702e-18, 1.0, 0.0], [0.0, 0.0, -0.976]]	[[-0.976, 4.788781999015012e-18, 0.0], [-4.906538933417021e-18, 1.0, 0.0], [0.0, 0.0, -0.976]]	1.0000000000000002	[[0.0, 0.0, 0.0], [0.0, 0.0, 0.0], [0.0, 0.0, 0.0]]
1	[[0.22433838825039393, -0.7661379269479729, -0.6022499185961573], [-0.9416906372873723, -0.011392912655017143, -0.3362869982418849], [0.2507808429735371, 0.642575192824231, -0.724020780340167]]	0.0	1.0	[[0.0, 0.0, 0.0], [0.0, 0.0, 0.0], [0.0, 0.0, 0.0]]	0.0	1.8396024474521433	[[0.6901362184380704, 0.6901362184380703, 0.0], [-0.7071067811865475, 0.7071067811865476, 0.0], [0.0, 0.0, 0.9760000000000001]]	[[0.6901362184380705, 0.6901362184380704, 0.0], [-0.7071067811865476, 0.7071067811865477, 0.0], [0.0, 0.0, 0.9760000000000002]]	1.0	[[0.0, 0.0, 0.0], [0.0, 0.0, 0.0], [0.0, 0.0, 0.0]]
1	[[0.04673222253661188, -0.9725397674033924, -0.22799671093185395], [-0.8377629715199755, -0.16246744520517667, 0.5213036857710898], [-0.5440306084466285, 0.16664552219444034, -0.8223502702654952]]	0.0	0.9999999999999998	[[0.0, 0.0, 0.0], [0.0, 0.0, 0.0], [0.0, 0.0, 5.551115123125783e-17]]	0.0	1.9495010856156452	[[0.6901362184380704, -0.6901362184380703, 0.0], [0.7071067811865475, 0.7071067811865476, 0.0], [0.0, 0.0, 0.976]]	[[0.6901362184380704, -0.6901362184380703, 0.0], [0.7071067811865475, 0.7071067811865476, 0.0], [0.0, 0.0, 0.976]]	0.9999999999999998	[[0.0, 0.0, 0.0], [0.0, 0.0, 0.0], [0.0, 0.0, 0.0]]
1	[[-0.5446221603179724, 0.8109226453022452, -0.2139887049042392], [-0.8354447797583356, -0.5021691245819775, 0.22328947644507607], [0.07361197229480154, 0.30038414347728, 0.9509735242804028]]	0.0	0.9999999999999999	[[0.0, 0.0, 0.0], [0.0, -1.3877787807814457e-17, 0.0], [0.0, 0.0, 0.0]]	0.0	1.9804114698552462	[[0.976, 2.1074299849399833e-17, 0.0], [-2.159252033749983e-17, -1.0, 0.0], [0.0, 0.0, -0.976]]	[[0.976, 2.1074299849399833e-17, 0.0], [-2.159252033749983e-17, -1.0, 0.0], [0.0, 0.0, -0.976]]	0.9999999999999999	[[0.0, 0.0, 0.0], [0.0, 0.0, 0.0], [0.0, 0.0, 0.0]]
1	[[-0.3195682178843842, -0.5708200961323295, -0.7563336379995778], [0.910087742671785, 0.03735879733279218, -0.41272826520656647], [0.2638493031197415, -0.8202248094963509, 0.507557688474819]]	0.0	0.9999999999999999	[[0.0, 0.0, 0.0], [0.0, 0.0, 0.0], [0.0, 0.0, 0.0]]	0.0	1.7676316757261181	[[-0.976, 1.4026017738817358e-17, 0.0], [-1.4370919814362048e-17, 1.0, 0.0], [0.0, 0.0, -0.976]]	[[-0.976, 1.4026017738817358e-17, 0.0], [-1.4370919814362048e-17, 1.0, 0.0], [0.0, 0.0, -0.976]]	0.9999999999999999	[[0.0, 0.0, 0.0], [0.0, 0.0, 0.0], [0.0, 0.0, 0.0]]
1	[[0.5319609947059123, -0.8460851799387872, 0.03402011756955908], [-0.703274286200726, -0.4190807785627857, 0.5742617690636116], [-0.47161719485230363, -0.3294103357928521, -0.8179645788128509]]	0.0	1.0000000000000002	[[0.0, 0.0, 0.0], [0.0, 0.0, 0.0], [0.0, 0.0, 0.0]]	0.0	1.907377895834877	[[0.6901362184380704, -0.6901362184380703, 0.0], [0.7071067811865475, 0.7071067811865476, 0.0], [0.0, 0.0, 0.9760000000000001]]	[[0.6901362184380705, -0.6901362184380704, 0.0], [0.7071067811865476, 0.7071067811865477, 0.0], [0.0, 0.0, 0.9760000000000002]]	1.0000000000000002	[[0.0, 0.0, 0.0], [0.0, 0.0, 0.0], [0.0, 0.0, 0.0]]
