1	[[0.22433838825039393, -0.7661379269479729, -0.6022499185961573], [-0.9416906372873723, -0.011392912655017143, -0.3362869982418849], [0.2507808429735371, 0.642575192824231, -0.724020780340167]]	0.0	1.0	[[0.0, 0.0, 0.0], [0.0, 0.0, 0.0], [0.0, 0.0, 0.0]]	0.0	1.8570846474217637	[[0.7069653598303103, 0.7069653598303102, 0.0], [-0.7071067811865475, 0.7071067811865476, 0.0], [0.0, 0.0, 0.9998]]	[[0.7069653598303103, 0.7069653598303102, 0.0], [-0.7071067811865475, 0.7071067811865476, 0.0], [0.0, 0.0, 0.9998]]	1.0	[[0.0, 0.0, 0.0], [0.0, 0.0, 0.0], [0.0, 0.0, 0.0]]
1	[[0.8787972042104137, -0.3840163418041313, 0.28327887866788265], [-0.395223040501579, -0.9183905790867732, -0.018907472103605397], [0.2674214316928388, -0.09534250611366366, -0.9588511794847616]]	0.0	1.0	[[0.0, 0.0, 0.0], [0.0, 0.0, 0.0], [0.0, 0.0, 5.551115123125783e-17]]	0.0	1.9946620079274346	[[0.7069653598303103, 0.7069653598303102, 0.0], [-0.7071067811865475, 0.7071067811865476, 0.0], [0.0, 0.0, 0.9998]]	[[0.7069653598303103, 0.7069653598303102, 0.0], [-0.7071067811865475, 0.7071067811865476, 0.0], [0.0, 0.0, 0.9998]]	0.49395818282840737	[[0.9998, 0.0, 0.0], [0.0, -1.0, 0.0], [0.0, 0.0, -0.9998]]
1	[[0.034229894132735264, 0.2773841392786001, 0.9601491309293217], [-0.1827544195208179, -0.9427759796974285, 0.2788803941677556], [0.9825625356654255, -0.18501754344446375, 0.018422055382213542]]	0.0	1.0000000000000002	[[-2.7755575615628914e-17, 0.0, 0.0], [0.0, 5.551115123125783e-17, 0.0], [0.0, 0.0, 2.7755575615628914e-17]]	0.0	1.816214828944268	[[0.7069653598303104, 0.7069653598303102, 0.0], [-0.7071067811865475, 0.7071067811865475, 0.0], [0.0, 0.0, 0.9998000000000001]]	[[0.7069653598303103, 0.7069653598303102, 0.0], [-0.7071067811865475, 0.7071067811865476, 0.0], [0.0, 0.0, 0.9998]]	0.33847976900226967	[[0.0, 0.0, 0.9998], [0.0, -1.0, 0.0], [0.9998, 0.0, 0.0]]
1	[[0.04673222253661188, -0.9725397674033924, -0.22799671093185395], [-0.8377629715199755, -0.16246744520517667, 0.5213036857710898], [-0.5440306084466285, 0.16664552219444034, -0.8223502702654952]]	0.0	0.9999999999999998	[[0.0, 0.0, 0.0], [0.0, 0.0, 0.0], [0.0, 0.0, 5.551115123125783e-17]]	0.0	1.95161867310442	[[0.7069653598303103, -0.7069653598303102, 0.0], [0.7071067811865475, 0.7071067811865476, 0.0], [0.0, 0.0, 0.9998]]	[[0.7069653598303103, -0.7069653598303102, 0.0], [0.7071067811865475, 0.7071067811865476, 0.0], [0.0, 0.0, 0.9998]]	0.9999999999999998	[[0.0, 0.0, 0.0], [0.0, 0.0, 0.0], [0.0, 0.0, 0.0]]
1	[[-0.5446221603179724, 0.8109226453022452, -0.2139887049042392], [-0.8354447797583356, -0.5021691245819775, 0.22328947644507607], [0.07361197229480154, 0.30038414347728, 0.9509735242804028]]	0.0	0.9999999999999999	[[0.0, 0.0, 0.0], [0.0, 0.0, 0.0], [0.0, 0.0, 2.7755575615628914e-17]]	0.0	1.976952999975495	[[-0.9997999999999999, 1.9278201950381856e-17, 0.0], [-1.9282058362054266e-17, 0.9999999999999999, 0.0], [0.0, 0.0, -0.9997999999999998]]	[[-0.9997999999999999, 1.9278201950381856e-17, 0.0], [-1.9282058362054266e-17, 0.9999999999999999, 0.0], [0.0, 0.0, -0.9997999999999999]]	0.9999999999999999	[[0.0, 0.0, 0.0], [0.0, 0.0, 0.0], [0.0, 0.0, 0.0]]
1	[[-0.8305561570912853, 0.32773595720904825, 0.4502950280316503], [-0.5100865793185324, -0.772219296347621, -0.37879947194723407], [0.22358030216652452, -0.5443036842615101, 0.808545204538665]]	0.0	0.9999999999999999	[[-1.3877787807814457e-17, 0.0, 0.0], [0.0, -1.3877787807814457e-17, 0.0], [0.0, 0.0, 2.7755575615628914e-17]]	0.0	1.9662656529837075	[[0.9998, -1.6402293477084355e-17, 0.0], [1.6405574592002754e-17, -1.0, 0.0], [0.0, 0.0, -0.9998]]	[[0.9998, -1.6402293477084355e-17, 0.0], [1.6405574592002754e-17, -1.0, 0.0], [0.0, 0.0, -0.9998]]	0.7672847820650416	[[-0.9998, 0.0, 0.0], [0.0, -1.0, 0.0], [0.0, 0.0, 0.9998]]
1	[[-0.42203838922340475, -0.825029846081567, 0.3757783270710803], [0.2588054115689476, 0.28760896992378115, 0.9221175843470338], [-0.8688517462515349, 0.4864224845687207, 0.09214016247897017]]	0.0	1.0000000000000002	[[5.551115123125783e-17, 0.0, 0.0], [0.0, 5.551115123125783e-17, 0.0], [0.0, 0.0, -2.7755575615628914e-17]]	0.0	1.6653655846651991	[[-0.9997999999999998, -4.9199982389692655e-17, 0.0], [4.920982435456356e-17, -0.9999999999999997, 0.0], [0.0, 0.0, 0.9997999999999996]]	[[-0.9997999999999997, -4.9199982389692655e-17, 0.0], [4.920982435456356e-17, -0.9999999999999997, 0.0], [0.0, 0.0, 0.9997999999999996]]	1.0000000000000002	[[0.0, 0.0, 0.0], [0.0, 0.0, 0.0], [0.0, 0.0, 0.0]]
1	[[0.8489524140446696, -0.5135124485683378, 0.12483895166604869], [0.522794976890395, 0.7815435453534784, -0.34040431673891397], [0.0772347773085365, 0.35425224329800037, 0.9319550081910795]]	0.0	1.0	[[0.0, 0.0, 0.0], [0.0, 0.0, 0.0], [0.0, 0.0, 0.0]]	0.0	0.42706218485189923	[[0.7069653598303103, -0.7069653598303103, 0.0], [0.7071067811865476, 0.7071067811865478, 0.0], [0.0, 0.0, 0.9998000000000004]]	[[0.7069653598303104, -0.7069653598303103, 0.0], [0.7071067811865476, 0.7071067811865477, 0.0], [0.0, 0.0, 0.9998000000000002]]	0.4270621848518992	[[0.7069653598303103, -0.7069653598303102, 0.0], [0.7071067811865475, 0.7071067811865476, 0.0], [0.0, 0.0, 0.9998]]
1	[[0.8592155572171323, 0.2624339665249735, -0.4391776855101157], [-0.4266000482917053, 0.8413623931712975, -0.33184593135155627], [0.2824199444684594, 0.4724804086637203, 0.8348660002631537]]	0.0	1.0	[[2.7755575615628914e-17, 0.0, 0.0], [0.0, 0.0, 0.0], [0.0, 0.0, 2.7755575615628914e-17]]	0.0	0.6894989496118336	[[0.7069653598303103, 0.7069653598303102, 0.0], [-0.7071067811865475, 0.7071067811865476, 0.0], [0.0, 0.0, 0.9998]]	[[0.7069653598303103, 0.7069653598303102, 0.0], [-0.7071067811865475, 0.7071067811865476, 0.0], [0.0, 0.0, 0.9998]]	0.6894989496118336	[[0.7069653598303103, 0.7069653598303102, 0.0], [-0.7071067811865475, 0.7071067811865476, 0.0], [0.0, 0.0, 0.9998]]
1	[[0.08740825448676931, -0.06334395238859675, -0.994156597696443], [0.7119981850616444, -0.6940087028176986, 0.10681996481098455], [-0.6967197295301035, -0.717174639895393, -0.015561310176609944]]	0.0	1.0000000000000002	[[-2.7755575615628914e-17, 0.0, 0.0], [0.0, 5.551115123125783e-17, 0.0], [0.0, 0.0, 2.7755575615628914e-17]]	0.0	1.9405644697787627	[[-0.9998, -4.062747325477089e-18, 0.0], [4.063560037484586e-18, 1.0, 0.0], [0.0, 0.0, -0.9998]]	[[-0.9998, -4.062747325477089e-18, 0.0], [4.063560037484586e-18, 1.0, 0.0], [0.0, 0.0, -0.9998]]	1.0000000000000002	[[0.0, 0.0, 0.0], [0.0, 0.0, 0.0], [0.0, 0.0, 0.0]]
1	[[-0.30792515101507295, 0.09349718223056193, 0.9468053539599837], [0.3027085282091916, -0.9338174967034747, 0.1906631317268273], [0.9019698710720718, 0.34531602882779927, 0.2592434992682147]]	0.0	1.0000000000000002	[[-2.7755575615628914e-17, 0.0, 0.0], [0.0, 5.551115123125783e-17, 0.0], [0.0, 0.0, 2.7755575615628914e-17]]	0.0	1.8630008043267532	[[0.7069653598303102, -0.7069653598303101, 0.0], [0.7071067811865474, 0.7071067811865475, 0.0], [0.0, 0.0, 0.9997999999999999]]	[[0.7069653598303102, -0.7069653598303101, 0.0], [0.7071067811865474, 0.7071067811865475, 0.0], [0.0, 0.0, 0.9997999999999999]]	0.4662980166595042	[[0.0, 0.0, 0.9998], [0.0, -1.0, 0.0], [0.9998, 0.0, 0.0]]
1	[[0.3802729664721569, 0.7767473726770865, -0.5020517802076895], [0.4287143634067757, 0.332951791095048, 0.839849450446521], [0.8195098935212374, -0.5346088512602871, -0.20639019011321075]]	0.0	1.0000000000000007	[[2.7755575615628914e-17, 0.0, 0.0], [0.0, 2.7755575615628914e-17, 0.0], [0.0, 0.0, 0.0]]	0.0	1.685424143280119	[[-0.9998, -4.905557625589121e-18, 0.0], [4.906538933375796e-18, 1.0, 0.0], [0.0, 0.0, -0.9998]]	[[-0.9998, -4.9055576255891216e-18, 0.0], [4.9065389333757965e-18, 1.0, 0.0], [0.0, 0.0, -0.9998]]	1.0000000000000007	[[0.0, 0.0, 0.0], [0.0, 0.0, 0.0], [0.0, 0.0, 0.0]]
1	[[0.5319609947059123, -0.8460851799387872, 0.03402011756955908], [-0.703274286200726, -0.4190807785627857, 0.5742617690636116], [-0.47161719485230363, -0.3294103357928521, -0.8179645788128509]]	0.0	1.0000000000000002	[[0.0, 0.0, 0.0], [0.0, 0.0, 0.0], [0.0, 0.0, 0.0]]	0.0	1.9071368980520724	[[0.7069653598303103, -0.7069653598303102, 0.0], [0.7071067811865475, 0.7071067811865476, 0.0], [0.0, 0.0, 0.9998]]	[[0.7069653598303103, -0.7069653598303102, 0.0], [0.7071067811865475, 0.7071067811865476, 0.0], [0.0, 0.0, 0.9998]]	1.0000000000000002	[[0.0, 0.0, 0.0], [0.0, 0.0, 0.0], [0.0, 0.0, 0.0]]
1	[[-0.3195682178843842, -0.5708200961323295, -0.7563336379995778], [0.910087742671785, 0.03735879733279218, -0.41272826520656647], [0.2638493031197415, -0.8202248094963509, 0.507557688474819]]	0.0	0.9999999999999999	[[0.0, 0.0, 0.0], [0.0, 0.0, 0.0], [0.0, 0.0, 2.7755575615628914e-17]]	0.0	1.7749394452485523	[[-0.9997999999999999, -1.9278201950381856e-17, 0.0], [1.9282058362054266e-17, 0.9999999999999999, 0.0], [0.0, 0.0, -0.9997999999999998]]	[[-0.9997999999999999, -1.9278201950381856e-17, 0.0], [1.9282058362054266e-17, 0.9999999999999999, 0.0], [0.0, 0.0, -0.9997999999999999]]	0.9999999999999999	[[0.0, 0.0, 0.0], [0.0, 0.0, 0.0], [0.0, 0.0, 0.0]]
1	[[0.50607966, 0.26960331, 0.8192664], [-0.59451586, 0.79721188, 0.10490047], [-0.62484739, -0.54015486, 0.56373616]]	5.821244882772757e-17	1.0000000038032844	[[ 5.55111512e-17  1.38777878e-17  1.71941135e-17]
 [-1.38777878e-17  5.55111512e-17  0.00000000e+00]
 [ 1.71941135e-17  0.00000000e+00  0.00000000e+00]]	-1.5130167603873391e-18	1.0757177302315293	[[ 5.91615314e-02  1.80411242e-16  1.42828571e-01]
 [-1.66533454e-16 -8.36837768e-02  0.00000000e+00]
 [ 1.42828571e-01  0.00000000e+00  1.42828571e-01]]	[[0.059161531375293064, 1.942890293094024e-16, 0.14282857142635588], [-2.0816681711721685e-16, -0.08368377680642436, 0.0], [0.14282857142635588, 0.0, 0.14282857142247735]]	0.9505273294225325	WordDict: (word: R, matrix: [[ 0.70696536  0.70696536  0.        ]
 [-0.70710678  0.70710678  0.        ]
 [ 0.          0.          0.9998    ]])
