2	[[-0.8305561570912853, 0.32773595720904825, 0.4502950280316503], [-0.5100865793185324, -0.772219296347621, -0.37879947194723407], [0.22358030216652452, -0.5443036842615101, 0.808545204538665]]	0.18080674331645807	0.8191932566835417	[[-0.15017015390510785, 0.05925687109067009, 0.0814163775499959], [-0.09222709321601602, -0.13962245609874013, -0.06848949889277342], [0.04042482630443895, -0.0984137765264733, 0.1461904252567755]]	0.5099680348984883	0.6713945913272196	[[-0.3643799671337311, 0.13919620157214552, 0.39199603907979425], [-0.35536333136404213, -0.6061407218291658, -0.05576291954041842], [0.3102095557017095, -0.24415655916146925, 0.2541271803442024]]	[[0.059177124170951806, -0.027938660491327857, 0.1623599685099338], [-0.09523548088087827, -0.21233356476007614, 0.1374127027890976], [0.1961907483638367, 0.03342092108938031, -0.15820502874097683]]	0.6870933814218805	[[-0.5922663042450929, 0.5922663042450927, 0.0], [-0.7071067811865475, -0.7071067811865476, 0.0], [0.0, 0.0, 0.8375910400000001]]
2	[[0.8489524140446696, -0.5135124485683378, 0.12483895166604869], [0.522794976890395, 0.7815435453534784, -0.34040431673891397], [0.0772347773085365, 0.35425224329800037, 0.9319550081910795]]	0.20707104866468307	0.7929289513353169	[[0.17579346664264395, -0.10633356122741482, 0.025850532635688345], [0.10825570410132285, 0.16183504151345907, -0.07048787883711186], [0.015993086330661904, 0.07335538351153338, 0.19298090085443012]]	0.0	0.45639397363879974	[[0.6471441261419285, -0.6471441261419284, 0.0], [0.7071067811865476, 0.7071067811865477, 0.0], [0.0, 0.0, 0.9152000000000002]]	[[0.6471441261419285, -0.6471441261419284, 0.0], [0.7071067811865476, 0.7071067811865477, 0.0], [0.0, 0.0, 0.9152000000000002]]	0.4563939736387999	[[0.6471441261419284, -0.6471441261419283, 0.0], [0.7071067811865475, 0.7071067811865476, 0.0], [0.0, 0.0, 0.9152]]
2	[[0.034229894132735264, 0.2773841392786001, 0.9601491309293217], [-0.1827544195208179, -0.9427759796974285, 0.2788803941677556], [0.9825625356654255, -0.18501754344446375, 0.018422055382213542]]	0.7358952460288768	0.26410475397112326	[[0.02518961636435162, 0.20412566941893365, 0.7065691809296454], [-0.13448810851613688, -0.6937843615295547, 0.20522675627871065], [0.7230630989222654, -0.136153530652722, 0.013556702977851626]]	0.8611129942395637	0.2091873402723193	[[0.0004027800946261301, 0.20154820055319533, 0.7840259052478854], [-0.18973248654580235, -0.8215394930745465, 0.2401475312565058], [0.8013501429574716, -0.15932101082231073, -0.0005696170724741917]]	[[-0.029073026534516808, -0.037310886175564176, -0.04277098780317765], [-0.03236028114171748, -0.009702846300155693, 0.0], [-0.044747224157001046, 0.0, -0.016433088342699166]]	0.3762281543546378	[[0.0, 0.0, 0.9152], [0.0, -1.0, 0.0], [0.9152, 0.0, 0.0]]
2	[[-0.3195682178843842, -0.5708200961323295, -0.7563336379995778], [0.910087742671785, 0.03735879733279218, -0.41272826520656647], [0.2638493031197415, -0.8202248094963509, 0.507557688474819]]	0.11197013034861536	0.8880298696513844	[[-0.03578209501178921, -0.0639148005695461, -0.08468677603385513], [0.1019026431756369, 0.004183069407020238, -0.04621323765373714], [0.029543240862708764, -0.09184067883447461, 0.05683130053796739]]	0.35481033214379254	1.08219933894578	[[-0.04853797212730887, -0.2673810013059128, 0.18034098583389313], [0.5356400858942936, -0.2289618486042151, -0.14644025286307316], [0.23164722823254916, -0.047994062110745875, 0.08837760227699686]]	[[0.06484813340284933, -0.06484813340284931, 0.44869597514404624], [0.21273155163692298, -0.24221713589435576, 0.0], [0.13803076935672545, 0.24303017497923335, -0.09170910975288923]]	0.9572169529410188	[[1.6724470249116254e-16, -0.8375910400000001, 0.0], [1.0, 1.7938038903913487e-16, 0.0], [0.0, 0.0, 0.8375910400000001]]
2	[[-0.42203838922340475, -0.825029846081567, 0.3757783270710803], [0.2588054115689476, 0.28760896992378115, 0.9221175843470338], [-0.8688517462515349, 0.4864224845687207, 0.09214016247897017]]	0.10470256321886244	0.8952974367811376	[[-0.04418850112845043, -0.08638273961680366, 0.03934495404643813], [0.027097589966181432, 0.030113396355756557, 0.09654807467032003], [-0.09097100488972037, 0.05092968094163262, 0.009647311186950606]]	0.33364706833768776	1.1251748917317537	[[-0.22433089302748954, -0.4358155357027001, 0.27458671261619316], [0.18606303260984342, 0.017532171854609934, 0.01627169155100594], [0.15012767382438236, 0.16229343594988782, -0.08737143816953094]]	[[-0.0835190217371406, -0.1605467462664915, 0.14920937544408658], [0.09971336576993538, -0.07842771778808186, -0.2913901371290124], [0.44001751178128756, 0.0, -0.11811373325679755]]	1.0000000000000002	[[0.0, 0.0, 0.0], [0.0, 0.0, 0.0], [0.0, 0.0, 0.0]]
2	[[0.8592155572171323, 0.2624339665249735, -0.4391776855101157], [-0.4266000482917053, 0.8413623931712975, -0.33184593135155627], [0.2824199444684594, 0.4724804086637203, 0.8348660002631537]]	0.16370691841811238	0.8362930815818878	[[0.140659531128918, 0.04296225594804548, -0.07189642553285985], [-0.06983737930285301, 0.13773684465896144, -0.05432547481115175], [0.04623409880874593, 0.07734831171526806, 0.13667334019513588]]	0.0	0.6895118154821075	[[0.6471441261419284, 0.6471441261419283, 0.0], [-0.7071067811865475, 0.7071067811865476, 0.0], [0.0, 0.0, 0.9152]]	[[0.6471441261419284, 0.6471441261419283, 0.0], [-0.7071067811865475, 0.7071067811865476, 0.0], [0.0, 0.0, 0.9152]]	0.6895118154821075	[[0.6471441261419284, 0.6471441261419283, 0.0], [-0.7071067811865475, 0.7071067811865476, 0.0], [0.0, 0.0, 0.9152]]
2	[[-0.30792515101507295, 0.09349718223056193, 0.9468053539599837], [0.3027085282091916, -0.9338174967034747, 0.1906631317268273], [0.9019698710720718, 0.34531602882779927, 0.2592434992682147]]	0.5249998284374574	0.4750001715625426	[[-0.1616606514544915, 0.04908600463043072, 0.4970726483926576], [0.15892192537638083, -0.49025402556122033, 0.1000981114459327], [0.4735340275685933, 0.18129085589129873, 0.1361027926393389]]	0.7623995740143301	0.33581980124505567	[[-0.08025428581220727, 0.12175348192743274, 0.7340615026289027], [0.31431663031953433, -0.8095950880681589, 0.14536149040877125], [0.6754439413837837, 0.2632687932786343, 0.08025428581220727]]	[[0.15450771814998254, 0.05047127002331213, 0.012217504095324056], [0.08353177736234182, -0.09765302637430175, 0.0], [-0.012217504095324056, 0.0, -0.11739284759586388]]	0.48373005571497324	[[0.0, 0.0, 0.9152], [0.0, -1.0, 0.0], [0.9152, 0.0, 0.0]]
2	[[-0.5446221603179724, 0.8109226453022452, -0.2139887049042392], [-0.8354447797583356, -0.5021691245819775, 0.22328947644507607], [0.07361197229480154, 0.30038414347728, 0.9509735242804028]]	0.23052689778549146	0.7694731022145086	[[-0.12555005708333475, 0.18693948176553105, -0.04933015230270925], [-0.19259249334877218, -0.11576349045353927, 0.05147423031302996], [0.016969539612992135, 0.06924662473976932, 0.219224976428497]]	0.5857371052225678	0.5801827886708342	[[-0.3309150334781265, 0.5172946571081768, 0.13241565652982418], [-0.6047815888973781, -0.40789601876459397, 0.1307889315596016], [0.17109388579847706, 0.016170131536537773, 0.49718909958953705]]	[[-0.011909625853416244, 0.04230717428941243, 0.25775678109075956], [-0.11543058202842492, -0.11375692939979556, 0.0], [0.12797662223679615, -0.1597760071186047, -0.059831379665769374]]	0.43947115198793874	[[-0.5922663042450929, 0.5922663042450927, 0.0], [-0.7071067811865475, -0.7071067811865476, 0.0], [0.0, 0.0, 0.8375910400000001]]
2	[[0.04673222253661188, -0.9725397674033924, -0.22799671093185395], [-0.8377629715199755, -0.16246744520517667, 0.5213036857710898], [-0.5440306084466285, 0.16664552219444034, -0.8223502702654952]]	0.17268018716518596	0.8273198128348139	[[0.008069728934267259, -0.16793834906080424, -0.039370514716759376], [-0.1446650667221317, -0.028054908846279494, 0.09001881802885307], [-0.09394330729015389, 0.02877637996277611, -0.142003598584787]]	0.4543789233996193	0.862735704549655	[[-0.04911697543956541, -0.5395083019983649, 0.09108717064926855], [-0.3086338578881482, -0.18186534165971624, 0.0], [0.06440835604519406, 0.06440835604519404, -0.4731501277501417]]	[[-0.07035111240382255, -0.0976067295222952, 0.19468407070113852], [0.07202797917516428, -0.10804355881990144, -0.23686940750492122], [0.311604398207613, -0.011311856918883144, -0.09949149728951992]]	0.8941584301093682	[[0.5922663042450929, -0.5922663042450927, 0.0], [-0.7071067811865475, -0.7071067811865476, 0.0], [0.0, 0.0, -0.8375910400000001]]
2	[[0.8787972042104137, -0.3840163418041313, 0.28327887866788265], [-0.395223040501579, -0.9183905790867732, -0.018907472103605397], [0.2674214316928388, -0.09534250611366366, -0.9588511794847616]]	0.5429892300723832	0.4570107699276169	[[0.47717741730397545, -0.20851673777143837, 0.15381738022364166], [-0.2146018544688187, -0.498676193444057, -0.010266553720151759], [0.14520695729974895, -0.05176995398782972, -0.5206458637024273]]	0.7900971382118328	0.3700220502113085	[[0.5469642965889094, -0.23488798421245793, 0.23056325568467428], [-0.3506938371884184, -0.842148185334793, -0.014938739599878686], [0.20454348354369983, -0.07532984123034983, -0.6332162492712596]]	[[-0.14737085952629825, 0.06852222847356323, 0.0067454243333232135], [-0.038429243932741615, -0.11653041703762565, 0.0], [-0.0067454243333232135, 0.0, 0.12436932361069106]]	0.5128742031950159	[[0.5922663042450929, -0.5922663042450927, 0.0], [-0.7071067811865475, -0.7071067811865476, 0.0], [0.0, 0.0, -0.8375910400000001]]
2	[[0.22433838825039393, -0.7661379269479729, -0.6022499185961573], [-0.9416906372873723, -0.011392912655017143, -0.3362869982418849], [0.2507808429735371, 0.642575192824231, -0.724020780340167]]	0.1364477263526633	0.8635522736473367	[[0.030610463010387293, -0.10453777820459377, -0.08217563208852217], [-0.12849154638545252, -0.0015545370283115562, -0.04588559631206728], [0.034218475836543374, 0.08767792407149053, -0.09879098930949691]]	0.393931973000803	0.869654062517887	[[0.017966123124431018, -0.3000031461060604, 0.10221492389304582], [-0.4565732888848532, -0.12251071236865282, -0.1324742007119433], [0.26805327216640445, 0.04241090497575912, -0.316181937509651]]	[[-0.07040794077886683, 0.0018030790472996217, 0.3394604225652031], [-0.08561123818185502, -0.1180226798082361, 0.0], [0.16926267990303437, -0.21072000853486167, -0.03096700301666798]]	0.9670549156654126	[[0.5922663042450929, -0.5922663042450927, 0.0], [-0.7071067811865475, -0.7071067811865476, 0.0], [0.0, 0.0, -0.8375910400000001]]
2	[[0.5319609947059123, -0.8460851799387872, 0.03402011756955908], [-0.703274286200726, -0.4190807785627857, 0.5742617690636116], [-0.47161719485230363, -0.3294103357928521, -0.8179645788128509]]	0.14684649592331234	0.8531535040766879	[[0.0781166080404429, -0.12424464392665609, 0.004995735055988895], [-0.10327336460154526, -0.061540543840758646, 0.08432832852971377], [-0.06925533248124278, -0.048372753532102, -0.12011523218805517]]	0.4490495118117759	0.8268868292309887	[[0.2125410888080601, -0.48077271518896214, 0.22015937489451246], [-0.3824472768223297, -0.3980605440086451, 0.0], [0.12087085623110679, -0.1412593469114627, -0.3157340153438458]]	[[-0.026335736167536556, -0.10083857818627118, 0.20488265770812272], [-0.06664230193411846, -0.2098725249853271, -0.25787196705018156], [0.3326503273415729, 0.006662203562070712, 0.05157257945138973]]	0.7030301873114064	[[0.5922663042450929, -0.5922663042450927, 0.0], [-0.7071067811865475, -0.7071067811865476, 0.0], [0.0, 0.0, -0.8375910400000001]]
2	[[0.3802729664721569, 0.7767473726770865, -0.5020517802076895], [0.4287143634067757, 0.332951791095048, 0.839849450446521], [0.8195098935212374, -0.5346088512602871, -0.20639019011321075]]	0.12230537748308445	0.8776946225169159	[[0.04650942871098946, 0.09500038062426513, -0.061403632494355986], [0.052434072048885935, 0.04072179449354894, 0.10271810406582278], [0.10023046687823733, -0.06538553735918758, -0.025242630110601794]]	0.40143914134538067	0.8985858590870474	[[0.20673881599278043, 0.33188985692136475, 0.10946135063666418], [0.23924517099749953, -0.20631068855710968, 0.32819886393289294], [0.5541973335296514, 0.0, -0.08060088047431493]]	[[0.05408236285533708, 0.020073058591594785, 0.31100458619415877], [0.06714244506905205, -0.3399705696837123, -0.008949578313748294], [0.2252139855504415, 0.21461291820557002, 0.002252220226842294]]	1.0000000000000007	[[0.0, 0.0, 0.0], [0.0, 0.0, 0.0], [0.0, 0.0, 0.0]]
2	[[0.08740825448676931, -0.06334395238859675, -0.994156597696443], [0.7119981850616444, -0.6940087028176986, 0.10681996481098455], [-0.6967197295301035, -0.717174639895393, -0.015561310176609944]]	0.14692862410144758	0.8530713758985523	[[0.01284277456685019, -0.009307039769604123, -0.14607006104091474], [0.10461291369383521, -0.10196974381943488, 0.015694910456243005], [-0.10236807124419085, -0.10537348308028123, -0.002286401893465132]]	0.43506264264509487	1.0228636153840074	[[0.058358331819243124, -0.01449867944325832, -0.0009583781509559623], [0.6353594844354987, -0.636213013371747, 0.03779329555680669], [0.007184622303335823, -0.011996383595291578, 0.021981192656711626]]	[[0.02033026563323428, 0.013059907878509643, 0.4315620184459149], [0.32559567248406845, -0.3342757531051848, -0.008680080621116285], [0.3103013490156784, 0.30001951047564235, 0.028751337385167556]]	0.8369016979141667	[[0.0, 0.0, -0.8375910400000001], [0.0, -1.0, 0.0], [-0.8375910400000001, 0.0, 0.0]]
