2	[[0.8787972042104137, -0.3840163418041313, 0.28327887866788265], [-0.395223040501579, -0.9183905790867732, -0.018907472103605397], [0.2674214316928388, -0.09534250611366366, -0.9588511794847616]]	0.5522480547697739	0.4477519452302262	[[0.4853140465623167, -0.21207227776113613, 0.156440209701701], [-0.2182611553171926, -0.5071794108195565, -0.010441614689829846], [0.14768296545611814, -0.052652713538146025, -0.529523698684163]]	0.7958661199518664	0.3617673071589373	[[0.554275397868861, -0.23840371723492318, 0.23220550522291958], [-0.35010560048979084, -0.8430012530480437, -0.015047816461194581], [0.20607821404015633, -0.07587987040716859, -0.6424210078587362]]	[[-0.14512952327062878, 0.06722187871484046, 0.006753443193196277], [-0.03556097273021991, -0.11208530626990613, 0.0], [-0.006753443193196277, 0.0, 0.1206961599690716]]	0.5080763089803245	[[0.6016218360770734, -0.6016218360770733, 0.0], [-0.7071067811865475, -0.7071067811865476, 0.0], [0.0, 0.0, -0.8508217600000002]]
2	[[0.8489524140446696, -0.5135124485683378, 0.12483895166604869], [0.522794976890395, 0.7815435453534784, -0.34040431673891397], [0.0772347773085365, 0.35425224329800037, 0.9319550081910795]]	0.20863069989244942	0.7913693001075507	[[0.17711753631752392, -0.10713446154829774, 0.026045237859927406], [0.1090710819289, 0.16305397686352244, -0.07101879084765067], [0.016113545645917465, 0.07390789345773209, 0.19443442562717833]]	0.0	0.4536318814660686	[[0.6522352949664716, -0.6522352949664715, 0.0], [0.7071067811865475, 0.7071067811865476, 0.0], [0.0, 0.0, 0.9224000000000001]]	[[0.6522352949664716, -0.6522352949664715, 0.0], [0.7071067811865475, 0.7071067811865476, 0.0], [0.0, 0.0, 0.9224000000000001]]	0.4536318814660686	[[0.6522352949664716, -0.6522352949664715, 0.0], [0.7071067811865475, 0.7071067811865476, 0.0], [0.0, 0.0, 0.9224000000000001]]
2	[[0.22433838825039393, -0.7661379269479729, -0.6022499185961573], [-0.9416906372873723, -0.011392912655017143, -0.3362869982418849], [0.2507808429735371, 0.642575192824231, -0.724020780340167]]	0.13797553111562003	0.86202446888438	[[0.030953208268470304, -0.10570828737846664, -0.08309575238264373], [-0.12993026582633183, -0.001571943174529869, -0.04639937718970165], [0.03460162000289671, 0.08865965351164523, -0.09989715170618019]]	0.39718460074717904	0.869416399162693	[[0.018258663406405303, -0.30297464523309325, 0.10397243034516232], [-0.4597972141590797, -0.12327478784037024, -0.13356801713317035], [0.2714862061264347, 0.04187748391969089, -0.3182384429784913]]	[[-0.07084508976309303, 0.001323541399008643, 0.3431768238127981], [-0.08577219436073832, -0.11874969837613977, 0.0], [0.17187991713494946, -0.21334348749224288, -0.030668538406421114]]	0.9650638772128542	[[0.6016218360770734, -0.6016218360770733, 0.0], [-0.7071067811865475, -0.7071067811865476, 0.0], [0.0, 0.0, -0.8508217600000002]]
2	[[0.04673222253661188, -0.9725397674033924, -0.22799671093185395], [-0.8377629715199755, -0.16246744520517667, 0.5213036857710898], [-0.5440306084466285, 0.16664552219444034, -0.8223502702654952]]	0.17394303392046156	0.8260569660795382	[[0.00812874456986444, -0.1691665177504461, -0.03965843962337313], [-0.1457230329724058, -0.028260080332294726, 0.09067714469694231], [-0.09463033457880125, 0.028986827719760574, -0.1430421009552918]]	0.45753630045394966	0.8747998338389771	[[0.12298463335916661, -0.5463033602869942, 0.0939515529747758], [-0.3075489018117116, -0.3898803076096802, 0.0], [0.06643378021147112, 0.0664337802114711, -0.4797272372203129]]	[[0.10160294514777445, -0.10133111306490122, 0.19826832461020483], [0.07575806883484557, -0.3155455537862989, -0.2385153598007127], [0.3153475321338528, -0.00981259550058968, -0.10347213688573252]]	0.8913015713780623	[[0.6016218360770734, -0.6016218360770733, 0.0], [-0.7071067811865475, -0.7071067811865476, 0.0], [0.0, 0.0, -0.8508217600000002]]
2	[[-0.42203838922340475, -0.825029846081567, 0.3757783270710803], [0.2588054115689476, 0.28760896992378115, 0.9221175843470338], [-0.8688517462515349, 0.4864224845687207, 0.09214016247897017]]	0.10537613259282567	0.8946238674071743	[[-0.04447277326206808, -0.08693845445372976, 0.03959806681895238], [0.027271913365230237, 0.03030712094957437, 0.09716918483432915], [-0.09155623681650989, 0.05125732023004522, 0.009709373978508441]]	0.33600000362726884	1.1274627766632683	[[-0.22582990286231222, -0.44102163659656113, 0.2784756718725526], [0.18571608700907152, 0.016491567799645574, 0.01854064499085855], [0.15418215747372613, 0.16343795657947527, -0.08787020326088907]]	[[-0.08402500255240156, -0.1638116053205496, 0.15221415261362065], [0.09875746778314828, -0.08014504713797999, -0.2912908666945132], [0.4461163473658007, 0.0, -0.11882929818804021]]	1.0000000000000002	[[0.0, 0.0, 0.0], [0.0, 0.0, 0.0], [0.0, 0.0, 0.0]]
2	[[-0.3195682178843842, -0.5708200961323295, -0.7563336379995778], [0.910087742671785, 0.03735879733279218, -0.41272826520656647], [0.2638493031197415, -0.8202248094963509, 0.507557688474819]]	0.11314562793575368	0.8868543720642463	[[-0.036157746680838404, -0.06458579821523971, -0.08557584440039523], [0.10297244912123166, 0.004226984583143353, -0.04669839873363124], [0.029853395081894177, -0.09280485111894857, 0.05742793337610304]]	0.35774336037629406	1.067722647401278	[[-0.18074271853498897, -0.2706264097602645, 0.1819414977021967], [0.5366639258946466, -0.07478623577046235, -0.1476507965172754], [0.23581051862414623, -0.047414040312847704, 0.08764430348927185]]	[[-0.06641931039956571, -0.0664193103995657, 0.45251483492579325], [0.21108607859396636, -0.08815109746791237, 0.0], [0.14142018229314648, 0.2460159393003825, -0.09393108957053417]]	0.9602886161081317	[[1.6988652615506406e-16, -0.8508217600000002, 0.0], [1.0, 1.7938038903913487e-16, 0.0], [0.0, 0.0, 0.8508217600000002]]
2	[[-0.30792515101507295, 0.09349718223056193, 0.9468053539599837], [0.3027085282091916, -0.9338174967034747, 0.1906631317268273], [0.9019698710720718, 0.34531602882779927, 0.2592434992682147]]	0.5345538646751455	0.46544613532485457	[[-0.16460257950578505, 0.049979280097583234, 0.5061184610544284], [0.1618140136243487, -0.4991757517641124, 0.10191971391564188], [0.4821514804021187, 0.18459001774417405, 0.13857961442573244]]	0.7682730078284196	0.32872548040773764	[[-0.08506984014205086, 0.12462950954375568, 0.7393152393439186], [0.3118126458341857, -0.8101684164687347, 0.14648133769375582], [0.6810488635901218, 0.26529698411889857, 0.08506984014205086]]	[[0.15150074181431952, 0.052798148128, 0.011910242229030504], [0.07924985437159605, -0.0927416395135509, 0.0], [-0.011910242229030504, 0.0, -0.11409994280070518]]	0.4818543033265139	[[0.0, 0.0, 0.9224000000000001], [0.0, -1.0, 0.0], [0.9224000000000001, 0.0, 0.0]]
2	[[0.034229894132735264, 0.2773841392786001, 0.9601491309293217], [-0.1827544195208179, -0.9427759796974285, 0.2788803941677556], [0.9825625356654255, -0.18501754344446375, 0.018422055382213542]]	0.7501631024025818	0.24983689759741823	[[0.02567800357752462, 0.20808334647850446, 0.7202684508270827], [-0.13709562232551972, -0.7072357538004567, 0.20920578168813841], [0.7370821600593231, -0.1387933343892034, 0.013819546218153494]]	0.8674980009475267	0.19863910323967815	[[0.0, 0.20583776368223705, 0.7935537199707815], [-0.1886439165334634, -0.8216511961956625, 0.24192818444398628], [0.8123322635555418, -0.16050234907829447, 0.0]]	[[-0.02969436473279332, -0.03479242263649884, -0.039373731721910145], [-0.03010482293482824, -0.0037949184667971066, 0.0], [-0.0400387719401478, 0.0, -0.01598109621741487]]	0.3728089796773594	[[0.0, 0.0, 0.9224000000000001], [0.0, -1.0, 0.0], [0.9224000000000001, 0.0, 0.0]]
2	[[0.5319609947059123, -0.8460851799387872, 0.03402011756955908], [-0.703274286200726, -0.4190807785627857, 0.5742617690636116], [-0.47161719485230363, -0.3294103357928521, -0.8179645788128509]]	0.1481051066751345	0.8518948933248655	[[0.0787861398679298, -0.12530953583108445, 0.0050385531417401624], [-0.10415851317963762, -0.06206800341453976, 0.08505110056661765], [-0.06984891495342814, -0.04878735292249224, -0.12114473120155876]]	0.45227204169380847	0.823974361042105	[[0.21365631758998863, -0.48956508327710924, 0.22220360497857275], [-0.3829636063704349, -0.3985303475009855, 0.0], [0.1254219740842116, -0.1439912294756059, -0.320895611856753]]	[[-0.026934767587123563, -0.10690441149932059, 0.20681725694672487], [-0.06489230907967672, -0.20899182814576356, -0.25972254276109796], [0.33872124569796963, 0.004991855648470364, 0.04904689823615107]]	0.6978005212300404	[[0.6016218360770734, -0.6016218360770733, 0.0], [-0.7071067811865475, -0.7071067811865476, 0.0], [0.0, 0.0, -0.8508217600000002]]
2	[[0.8592155572171323, 0.2624339665249735, -0.4391776855101157], [-0.4266000482917053, 0.8413623931712975, -0.33184593135155627], [0.2824199444684594, 0.4724804086637203, 0.8348660002631537]]	0.16522265463647878	0.8347773453635214	[[0.14196187526837595, 0.04336003661603692, -0.07256210305708599], [-0.0704839924468056, 0.13901212811106256, -0.05482846570821883], [0.046662172947365854, 0.07806446738314822, 0.13793877682921743]]	0.0	0.6891750640774617	[[0.6522352949664716, 0.6522352949664715, 0.0], [-0.7071067811865475, 0.7071067811865476, 0.0], [0.0, 0.0, 0.9224000000000001]]	[[0.6522352949664716, 0.6522352949664715, 0.0], [-0.7071067811865475, 0.7071067811865476, 0.0], [0.0, 0.0, 0.9224000000000001]]	0.6891750640774617	[[0.6522352949664716, 0.6522352949664715, 0.0], [-0.7071067811865475, 0.7071067811865476, 0.0], [0.0, 0.0, 0.9224000000000001]]
2	[[0.3802729664721569, 0.7767473726770865, -0.5020517802076895], [0.4287143634067757, 0.332951791095048, 0.839849450446521], [0.8195098935212374, -0.5346088512602871, -0.20639019011321075]]	0.12308614900044088	0.8769138509995593	[[0.04680633501203155, 0.09560684284903284, -0.06179562022458027], [0.05276880001291552, 0.04098175376868873, 0.10337383459559887], [0.10087031686129047, -0.06580294472317824, -0.025403773692503975]]	0.40444594624869956	0.8973104884161797	[[0.21057839364117542, 0.33474233037628764, 0.11252828701574641], [0.2404297911086014, -0.2046064613171308, 0.32815625622991074], [0.5615261352512322, 0.0, -0.07854520473208644]]	[[0.056778533883543945, 0.0205900042377122, 0.31558109432768955], [0.06703800473013918, -0.3392674635217669, -0.011517449462382734], [0.23007868090586436, 0.21622038272089714, 0.0049284710047000635]]	1.0000000000000007	[[0.0, 0.0, 0.0], [0.0, 0.0, 0.0], [0.0, 0.0, 0.0]]
2	[[-0.5446221603179724, 0.8109226453022452, -0.2139887049042392], [-0.8354447797583356, -0.5021691245819775, 0.22328947644507607], [0.07361197229480154, 0.30038414347728, 0.9509735242804028]]	0.23280656325349305	0.7671934367465069	[[-0.12679161341532005, 0.18878811411724705, -0.04981797496382184], [-0.19449702796360951, -0.11690826806594544, 0.051983255621849946], [0.017137350284264094, 0.06993140009878972, 0.22139287793278278]]	0.5884528165005319	0.5800467413274369	[[-0.33814144697533066, 0.5205722438884925, 0.13353877002072123], [-0.6059292029422367, -0.4033464541164439, 0.13139532130903417], [0.173476464290841, 0.015375875375084669, 0.4982508874793297]]	[[-0.017657002807615663, 0.04338252929632455, 0.259461026120922], [-0.11430936926277753, -0.10784361839657285, 0.0], [0.1301592918658059, -0.16138601988622062, -0.0613521613009103]]	0.43350332163334954	[[-0.6016218360770734, 0.6016218360770733, 0.0], [-0.7071067811865475, -0.7071067811865476, 0.0], [0.0, 0.0, 0.8508217600000002]]
2	[[-0.8305561570912853, 0.32773595720904825, 0.4502950280316503], [-0.5100865793185324, -0.772219296347621, -0.37879947194723407], [0.22358030216652452, -0.5443036842615101, 0.808545204538665]]	0.18260533922001443	0.8173946607799855	[[-0.15166398880692572, 0.059846335640754415, 0.08222627634280538], [-0.09314453284803739, -0.14101136656179813, -0.069170806071287], [0.04082695692003154, -0.09939275890327667, 0.14764467134949882]]	0.5136045989232036	0.6673244240295558	[[-0.3695307333939187, 0.14253976928260975, 0.3960783881058263], [-0.35475894557461474, -0.6052539626233796, -0.05679993828392274], [0.31424179727050505, -0.24589763095162886, 0.2577740324082151]]	[[0.05704672855214822, -0.025786925572455707, 0.1648047908365178], [-0.09277613258761094, -0.20863858064200105, 0.13775321257785778], [0.19940992584913853, 0.03365924449592612, -0.15749850308014557]]	0.6855326293990214	[[-0.6016218360770734, 0.6016218360770733, 0.0], [-0.7071067811865475, -0.7071067811865476, 0.0], [0.0, 0.0, 0.8508217600000002]]
2	[[0.08740825448676931, -0.06334395238859675, -0.994156597696443], [0.7119981850616444, -0.6940087028176986, 0.10681996481098455], [-0.6967197295301035, -0.717174639895393, -0.015561310176609944]]	0.14916368345432435	0.8508363165456757	[[0.01303813720355949, -0.009448617262838438, -0.1482920600428203], [0.10620427189658854, -0.10352089446164545, 0.015933659417667764], [-0.10392528119201083, -0.10697641096682545, -0.002321182345318421]]	0.43867556745919867	1.02343098116034	[[0.05906215836670189, -0.014651477256151887, -0.0007973334121469458], [0.6352974635435027, -0.6363176847318412, 0.03794754115943177], [0.007541692156973196, -0.01215440513099432, 0.022473723994576575]]	[[0.0207182927291003, 0.013135967003024312, 0.4353148762256466], [0.3229612556816663, -0.33187302320166484, -0.00891176751999853], [0.31317561486861084, 0.3024525869924637, 0.02930009056670952]]	0.832321865559383	[[0.0, 0.0, -0.8508217600000002], [0.0, -1.0, 0.0], [-0.8508217600000002, 0.0, 0.0]]
