2	[[0.3802729664721569, 0.7767473726770865, -0.5020517802076895], [0.4287143634067757, 0.332951791095048, 0.839849450446521], [0.8195098935212374, -0.5346088512602871, -0.20639019011321075]]	0.1249264092706057	0.8750735907293946	[[0.04750613624404801, 0.09703626017892544, -0.06271952616926202], [0.05355774602314206, 0.04159447172172116, 0.10491937617217538], [0.10237842835934463, -0.066786764152231, -0.025783585359521105]]	0.4116874987232007	0.9535031230021708	[[0.14506591976360997, 0.3124253022401528, 0.12020972017387832], [0.27636908596618753, -0.2753081501066489, 0.32805364035462636], [0.5795940114003539, 0.0, -0.07324513821729915]]	[[-0.011487706635363928, -0.007351880757094788, 0.32689816179711206], [0.09987274202854278, -0.412380240177979, -0.017701879203756588], [0.24221203315767903, 0.2200917807706313, 0.011723122911414446]]	1.0000000000000007	[[0.0, 0.0, 0.0], [0.0, 0.0, 0.0], [0.0, 0.0, 0.0]]
2	[[0.8489524140446696, -0.5135124485683378, 0.12483895166604869], [0.522794976890395, 0.7815435453534784, -0.34040431673891397], [0.0772347773085365, 0.35425224329800037, 0.9319550081910795]]	0.21235552467151436	0.7876444753284856	[[0.18027973530560454, -0.10904720544108341, 0.02651024108048558], [0.11101840161319206, 0.1659650896271734, -0.07228673728154043], [0.01640123165824181, 0.07522742099160783, 0.19790579473466213]]	0.0	0.44707940712215644	[[0.6646803743153548, -0.6646803743153546, 0.0], [0.7071067811865476, 0.7071067811865477, 0.0], [0.0, 0.0, 0.9400000000000004]]	[[0.6646803743153548, -0.6646803743153546, 0.0], [0.7071067811865476, 0.7071067811865477, 0.0], [0.0, 0.0, 0.9400000000000003]]	0.4470794071221566	[[0.6646803743153546, -0.6646803743153545, 0.0], [0.7071067811865475, 0.7071067811865476, 0.0], [0.0, 0.0, 0.94]]
2	[[0.04673222253661188, -0.9725397674033924, -0.22799671093185395], [-0.8377629715199755, -0.16246744520517667, 0.5213036857710898], [-0.5440306084466285, 0.16664552219444034, -0.8223502702654952]]	0.17697932829482935	0.8230206717051706	[[0.008270637354254054, -0.172119434775062, -0.04035070475414988], [-0.1482667279698855, -0.028753379322189156, 0.09225997614538625], [-0.09628217165471166, 0.029492812581313126, -0.14553899845465873]]	0.4651544611673939	0.876195211584358	[[-0.058467104909371424, -0.563034334846241, 0.10113617218807124], [-0.30491658031198277, -0.19078042743950818, 0.0], [0.0715140731774355, 0.07151407317743548, -0.4959466222624571]]	[[-0.08020480670254387, -0.1106531233758533, 0.20718985940951581], [0.0847726032913862, -0.11520797050785114, -0.2424867350594277], [0.3245723377079965, -0.006001834904878416, -0.11342672540625005]]	0.8846253235955202	[[0.6247995518564334, -0.6247995518564333, 0.0], [-0.7071067811865475, -0.7071067811865476, 0.0], [0.0, 0.0, -0.8835999999999999]]
2	[[0.8787972042104137, -0.3840163418041313, 0.28327887866788265], [-0.395223040501579, -0.9183905790867732, -0.018907472103605397], [0.2674214316928388, -0.09534250611366366, -0.9588511794847616]]	0.5758378639325343	0.4241621360674657	[[0.5060447049024078, -0.22113114997967692, 0.16312270438931714], [-0.22758439141935072, -0.5288440693170909, -0.010887638348504114], [0.15399138599578438, -0.05490182506246667, -0.5521428150236962]]	0.809819003205889	0.3414179016925743	[[0.5723096870722578, -0.2471296712787942, 0.23617251719333077], [-0.3487270002597281, -0.8450608206883039, -0.015311630212084874], [0.20979505920816227, -0.07721017326411847, -0.665169630784742]]	[[-0.13935698886154158, 0.0638540598557993, 0.0067678980412241045], [-0.02866787155673874, -0.10133067737857401, 0.0], [-0.0067678980412241045, 0.0, 0.11132627560839858]]	0.49700918584936266	[[0.6247995518564334, -0.6247995518564333, 0.0], [-0.7071067811865475, -0.7071067811865476, 0.0], [0.0, 0.0, -0.8835999999999999]]
2	[[-0.30792515101507295, 0.09349718223056193, 0.9468053539599837], [0.3027085282091916, -0.9338174967034747, 0.1906631317268273], [0.9019698710720718, 0.34531602882779927, 0.2592434992682147]]	0.5586308105853912	0.44136918941460895	[[-0.1720164767111792, 0.05223040669690885, 0.5289146423492538], [0.16910231048461144, -0.5216592251222829, 0.10651029982530677], [0.5038681602005923, 0.1929041730922018, 0.14482140613519606]]	0.7825082556879832	0.31150544459398016	[[-0.09710159766887821, 0.1318291213844533, 0.752001104059074], [0.30580878607870365, -0.811531064276262, 0.1491954746315678], [0.6946807724399183, 0.2702126433791425, 0.09710159766887821]]	[[0.1438523751343853, 0.058666804405474796, 0.011118098055803733], [0.0689368636878525, -0.08081116379990701, 0.0], [-0.011118098055803733, 0.0, -0.10575858074194144]]	0.4775615125649357	[[0.0, 0.0, 0.94], [0.0, -1.0, 0.0], [0.94, 0.0, 0.0]]
2	[[0.22433838825039393, -0.7661379269479729, -0.6022499185961573], [-0.9416906372873723, -0.011392912655017143, -0.3362869982418849], [0.2507808429735371, 0.642575192824231, -0.724020780340167]]	0.14168455348230408	0.8583154465176958	[[0.031785284368196845, -0.10854991008548164, -0.08532951080105051], [-0.13342301746252772, -0.001614199742389008, -0.04764667318780584], [0.03553177175862143, 0.09104297927410662, -0.10258256097440596]]	0.4050385475637128	0.8689620649744126	[[0.018984014047733366, -0.3102148077099007, 0.10833636363311325], [-0.46758185464628793, -0.12511976014787518, -0.13620919733245393], [0.27993597636680717, 0.04047322235934828, -0.323131277841145]]	[[-0.0718816808919905, 0.00010058545458019319, 0.3522707959316651], [-0.08616084666506356, -0.12050519135356676, 0.0], [0.17836006797200216, -0.21979450044265095, -0.029874952566217625]]	0.9605469088330398	[[0.6247995518564334, -0.6247995518564333, 0.0], [-0.7071067811865475, -0.7071067811865476, 0.0], [0.0, 0.0, -0.8835999999999999]]
2	[[-0.3195682178843842, -0.5708200961323295, -0.7563336379995778], [0.910087742671785, 0.03735879733279218, -0.41272826520656647], [0.2638493031197415, -0.8202248094963509, 0.507557688474819]]	0.1160062490413925	0.8839937509586075	[[-0.037071910269609876, -0.06621869822975862, -0.08773942836816143], [0.10557586532590182, 0.004333853947274823, -0.04787905791997485], [0.030608167967106595, -0.09515120352036241, 0.058879863612083354]]	0.3648258185552473	1.0721455555459445	[[-0.1869361810347167, -0.2785993531800668, 0.18582072982005782], [0.5391362184911135, -0.07640112931799893, -0.1505739271948728], [0.2461595056049361, -0.04588495012076538, 0.08568101084137367]]	[[-0.0703494443608047, -0.07034944436080469, 0.4617507684041219], [0.20711271281378218, -0.09003058313517442, 0.0], [0.14990046761904485, 0.2533542374030626, -0.09948913832046144]]	0.9685862469667165	[[1.7643147080607643e-16, -0.8835999999999999, 0.0], [1.0, 1.7938038903913487e-16, 0.0], [0.0, 0.0, 0.8835999999999999]]
2	[[-0.42203838922340475, -0.825029846081567, 0.3757783270710803], [0.2588054115689476, 0.28760896992378115, 0.9221175843470338], [-0.8688517462515349, 0.4864224845687207, 0.09214016247897017]]	0.10699217463581745	0.8930078253641827	[[-0.045154805042809616, -0.0882717373717206, 0.040205340394344355], [0.027690153791279447, 0.030771909136912787, 0.09865936561921597], [-0.09296033776757924, 0.052043399415764795, 0.009858276354922556]]	0.3416583983323183	1.1334590102926654	[[-0.22942386881849597, -0.45382113690558523, 0.2880840507789046], [0.18488174398270715, 0.013989098436915162, 0.023997078147739475], [0.16432543617344875, 0.16619032699057593, -0.089054246712933]]	[[-0.08523090872167599, -0.17194276111699797, 0.15969622942380135], [0.09645870158632411, -0.08427492157325184, -0.2910521387943345], [0.461175932185986, 0.0, -0.12053470704757749]]	1.0000000000000002	[[0.0, 0.0, 0.0], [0.0, 0.0, 0.0], [0.0, 0.0, 0.0]]
2	[[0.08740825448676931, -0.06334395238859675, -0.994156597696443], [0.7119981850616444, -0.6940087028176986, 0.10681996481098455], [-0.6967197295301035, -0.717174639895393, -0.015561310176609944]]	0.15468993558508207	0.8453100644149178	[[0.013521177256162826, -0.009798671914696539, -0.15378602005914727], [0.11013895338388113, -0.10735616153435626, 0.016523973475811936], [-0.10777553008186745, -0.11093969884867277, -0.002407178068839274]]	0.4474009095038845	1.0248533291798667	[[0.06079076329852925, -0.015024751519196591, -0.0003861695951326988], [0.6351476808814143, -0.6365704697927255, 0.03832004978085093], [0.008443156961411704, -0.012543716066929432, 0.023703988880293084]]	[[0.021684230743001583, 0.013315390391032342, 0.44440039640354334], [0.31659904531971955, -0.3260703449484761, -0.009471299628756496], [0.3201561976224804, 0.3083208700953902, 0.03066613320638046]]	0.8212049848878588	[[0.0, 0.0, -0.8835999999999999], [0.0, -1.0, 0.0], [-0.8835999999999999, 0.0, 0.0]]
2	[[-0.5446221603179724, 0.8109226453022452, -0.2139887049042392], [-0.8354447797583356, -0.5021691245819775, 0.22328947644507607], [0.07361197229480154, 0.30038414347728, 0.9509735242804028]]	0.23836282216436755	0.7616371778356325	[[-0.1298176751466465, 0.1932938102912376, -0.05100695161227247], [-0.19913897546568532, -0.11969844973917004, 0.053223909765052396], [0.01754635746127415, 0.07160041217267075, 0.2266767330510715]]	0.5949305880190341	0.5802309744106678	[[-0.3561209424926872, 0.52850491937372, 0.1362841339548269], [-0.6086666005567544, -0.3924944020082153, 0.13284173951993133], [0.1793668946074761, 0.013367975967711766, 0.5006214031339763]]	[[-0.03210856040651942, 0.04606223316610459, 0.2635925599929375], [-0.11163494647769555, -0.09373862943565603, 0.0], [0.135572880644889, -0.16533973914282032, -0.0651418348566969]]	0.4195194805034377	[[-0.6247995518564334, 0.6247995518564333, 0.0], [-0.7071067811865475, -0.7071067811865476, 0.0], [0.0, 0.0, 0.8835999999999999]]
2	[[0.034229894132735264, 0.2773841392786001, 0.9601491309293217], [-0.1827544195208179, -0.9427759796974285, 0.2788803941677556], [0.9825625356654255, -0.18501754344446375, 0.018422055382213542]]	0.7843437660698642	0.2156562339301358	[[0.02684800407624233, 0.21756452044982497, 0.7530869853418114], [-0.14334228967287022, -0.7394604624760871, 0.21873809864458565], [0.7706667996229751, -0.1451173568142254, 0.01444922429723298]]	0.8828176419238346	0.17411499241747797	[[0.0, 0.21754279003806012, 0.8155092293852085], [-0.18485372500926, -0.8214514806455172, 0.24620053195796754], [0.8379621057440817, -0.16333675141818213, 0.0]]	[[-0.030218754421563847, -0.02733682170694615, -0.03212736227703459], [-0.023514899316732313, 0.01084778661339978, 0.0], [-0.0294614350347731, 0.0, -0.016263315491916036]]	0.3646139734340893	[[0.0, 0.0, 0.94], [0.0, -1.0, 0.0], [0.94, 0.0, 0.0]]
2	[[0.5319609947059123, -0.8460851799387872, 0.03402011756955908], [-0.703274286200726, -0.4190807785627857, 0.5742617690636116], [-0.47161719485230363, -0.3294103357928521, -0.8179645788128509]]	0.15121589323130524	0.8487841067686948	[[0.08044095697866815, -0.12794152623421334, 0.0051443824661149], [-0.1063462493744514, -0.06337167426644238, 0.08683750635754356], [-0.07131601538283362, -0.04981207816654034, -0.1236892444167536]]	0.46002491244414934	0.8173865388726896	[[0.21628557105592153, -0.511419011462488, 0.22718260277920363], [-0.38420580935926074, -0.39966061654037677, 0.0], [0.1368545497191555, -0.15078912577250297, -0.3336935131356482]]	[[-0.02842973895736842, -0.12219875064085507, 0.2115325011729275], [-0.060682117425550124, -0.2068730180750053, -0.2641747200335102], [0.3538102084882418, 0.0007478351088016455, 0.04259057061514899]]	0.6851352599341018	[[0.6247995518564334, -0.6247995518564333, 0.0], [-0.7071067811865475, -0.7071067811865476, 0.0], [0.0, 0.0, -0.8835999999999999]]
2	[[-0.8305561570912853, 0.32773595720904825, 0.4502950280316503], [-0.5100865793185324, -0.772219296347621, -0.37879947194723407], [0.22358030216652452, -0.5443036842615101, 0.808545204538665]]	0.1869861710530962	0.8130138289469037	[[-0.15530251565907333, 0.06128209175494129, 0.08419894313588491], [-0.09537913637234378, -0.14439432943735783, -0.07083026285634801], [0.04180642462501269, -0.10177726181015319, 0.1511867719200275]]	0.52236764057801	0.6573835429633921	[[-0.38234610110622286, 0.1509175142763183, 0.40607917342395417], [-0.35329062404490863, -0.6030490203335984, -0.059296200025952685], [0.3241895764297108, -0.2500930980237014, 0.2668210605626276]]	[[0.051509559041090905, -0.020281144423547857, 0.1708596220670522], [-0.08683790111577896, -0.19966664849168048, 0.13857638638732006], [0.20739846150726482, 0.034233533281901755, -0.15553679023289937]]	0.6825342113093101	[[-0.6247995518564334, 0.6247995518564333, 0.0], [-0.7071067811865475, -0.7071067811865476, 0.0], [0.0, 0.0, 0.8835999999999999]]
2	[[0.8592155572171323, 0.2624339665249735, -0.4391776855101157], [-0.4266000482917053, 0.8413623931712975, -0.33184593135155627], [0.2824199444684594, 0.4724804086637203, 0.8348660002631537]]	0.16889882412883386	0.831101175871166	[[0.14512049728717447, 0.044324788357533784, -0.07417659466628133], [-0.07205224652977273, 0.14210511887285374, -0.05604838759721559], [0.047700396531253325, 0.07980138544721325, 0.14100788574958933]]	0.0	0.6886099034771328	[[0.6646803743153548, 0.6646803743153546, 0.0], [-0.7071067811865476, 0.7071067811865477, 0.0], [0.0, 0.0, 0.9400000000000004]]	[[0.6646803743153548, 0.6646803743153546, 0.0], [-0.7071067811865476, 0.7071067811865477, 0.0], [0.0, 0.0, 0.9400000000000003]]	0.6886099034771325	[[0.6646803743153546, 0.6646803743153545, 0.0], [-0.7071067811865475, 0.7071067811865476, 0.0], [0.0, 0.0, 0.94]]
