2	[[0.8489524140446696, -0.5135124485683378, 0.12483895166604869], [0.522794976890395, 0.7815435453534784, -0.34040431673891397], [0.0772347773085365, 0.35425224329800037, 0.9319550081910795]]	0.21711442996165045	0.7828855700383497	[[0.18431981943987555, -0.11149096254912602, 0.02710433782798416], [0.11350633339437236, 0.16968438133962774, -0.07390668918525443], [0.01676878464855791, 0.07691327386628126, 0.20234088035331152]]	0.0	0.43882003758753674	[[0.6812266729951197, -0.6812266729951197, 0.0], [0.7071067811865474, 0.7071067811865476, 0.0], [0.0, 0.0, 0.9633999999999998]]	[[0.6812266729951199, -0.6812266729951197, 0.0], [0.7071067811865474, 0.7071067811865475, 0.0], [0.0, 0.0, 0.9633999999999998]]	0.43882003758753685	[[0.68122667299512, -0.6812266729951199, 0.0], [0.7071067811865475, 0.7071067811865476, 0.0], [0.0, 0.0, 0.9634]]
2	[[-0.42203838922340475, -0.825029846081567, 0.3757783270710803], [0.2588054115689476, 0.28760896992378115, 0.9221175843470338], [-0.8688517462515349, 0.4864224845687207, 0.09214016247897017]]	0.10907476299332175	0.8909252370066784	[[-0.046033737278626176, -0.08998993492376363, 0.040987931963305024], [0.028229138928272057, 0.0313708802291899, 0.10057975696462709], [-0.09476979829872, 0.05305641721895593, 0.010050166384559828]]	0.34897886347031537	1.1423014842891193	[[-0.23404933180985943, -0.47100147108437534, 0.3010834532098572], [0.18380232493260454, 0.010751565411439502, 0.031056258495676895], [0.17832071402443475, 0.16975116583119923, -0.09055189307198598]]	[[-0.08676685439783308, -0.18308349306974092, 0.1699447597118151], [0.0934847065433059, -0.0896178860364297, -0.2907432880757436], [0.48153160895549424, 0.0, -0.12270686225386715]]	1.0000000000000002	[[0.0, 0.0, 0.0], [0.0, 0.0, 0.0], [0.0, 0.0, 0.0]]
2	[[-0.30792515101507295, 0.09349718223056193, 0.9468053539599837], [0.3027085282091916, -0.9338174967034747, 0.1906631317268273], [0.9019698710720718, 0.34531602882779927, 0.2592434992682147]]	0.5923330529288413	0.40766694707115886	[[-0.18239424477433264, 0.055381471390872954, 0.5608241058404893], [0.17930426666174676, -0.5531309687007374, 0.11293607489672546], [0.5342665673819535, 0.2045420975808341, 0.15355849337349747]]	0.801174243916031	0.28897512630026584	[[-0.1136624504361319, 0.14177739269754722, 0.7685302988184897], [0.2980783496699552, -0.8132589646995834, 0.15275439040390348], [0.7126607942672571, 0.27665830830819843, 0.1136624504361319]]	[[0.13303924961109878, 0.0668698584156974, 0.009974235223949857], [0.05555607345502161, -0.06510843782261645, 0.0], [-0.009974235223949857, 0.0, -0.09403676408022615]]	0.47252190403796973	[[0.0, 0.0, 0.9634], [0.0, -1.0, 0.0], [0.9634, 0.0, 0.0]]
2	[[-0.5446221603179724, 0.8109226453022452, -0.2139887049042392], [-0.8354447797583356, -0.5021691245819775, 0.22328947644507607], [0.07361197229480154, 0.30038414347728, 0.9509735242804028]]	0.24571179885108313	0.754288201148917	[[-0.13382009070589196, 0.19925326190629358, -0.05257954961583423], [-0.20527863967516757, -0.12338887892851132, 0.05486485892183621], [0.01808733012953178, 0.07380792824014432, 0.23366541531069196]]	0.6032016658641003	0.5836829505768674	[[-0.25794114922966127, 0.5388864134614515, 0.139935894518939], [-0.6121618193519691, -0.5109166751497414, 0.1346885841615927], [0.1873448995320872, 0.010554340359407175, 0.5032907487682327]]	[[0.07057584514064479, 0.04973652292821415, 0.26901423779327754], [-0.10822013646427457, -0.20800742265637565, 0.0], [0.1429420352163209, -0.17063787538524905, -0.07033806527036085]]	0.4024702487470047	[[-0.6562937767634986, 0.6562937767634985, 0.0], [-0.7071067811865475, -0.7071067811865476, 0.0], [0.0, 0.0, 0.9281395600000001]]
2	[[0.3802729664721569, 0.7767473726770865, -0.5020517802076895], [0.4287143634067757, 0.332951791095048, 0.839849450446521], [0.8195098935212374, -0.5346088512602871, -0.20639019011321075]]	0.12722423301030622	0.8727757669896942	[[0.04837993649397408, 0.09882108873161283, -0.06387315266838214], [0.054542856064928716, 0.04235953625147522, 0.10684920217718583], [0.10426151764759722, -0.06801520106211094, -0.02625783363800452]]	0.4210786760299588	0.9488694479040213	[[0.14505555276706417, 0.3182673121765371, 0.13082741984996593], [0.28196847029927974, -0.2691602945766041, 0.3279205633821571], [0.6039530776034817, 0.0, -0.06559532150447332]]	[[-0.015069284485016592, -0.008804443120079417, 0.3422307187583037], [0.10144599376092805, -0.40935919395271037, -0.025722131276352454], [0.2588749366461066, 0.22511238728257887, 0.021311186493968917]]	1.0000000000000007	[[0.0, 0.0, 0.0], [0.0, 0.0, 0.0], [0.0, 0.0, 0.0]]
2	[[0.22433838825039393, -0.7661379269479729, -0.6022499185961573], [-0.9416906372873723, -0.011392912655017143, -0.3362869982418849], [0.2507808429735371, 0.642575192824231, -0.724020780340167]]	0.14655438570230814	0.8534456142976918	[[0.03287777467948237, -0.11228087324709998, -0.08826236685912492], [-0.1380088928692659, -0.0016696813155160917, -0.04928433444701262], [0.03675303238789372, 0.09417221265189737, -0.10610842069845891]]	0.4152669671763716	0.8471390059278416	[[0.1663497067163425, -0.319788843822267, 0.1142874872265258], [-0.4777200146436583, -0.2852345450630749, -0.1396488818607534], [0.2912979592954809, 0.038385340885831176, -0.32934087889043895]]	[[0.07318938460636608, -0.001637070459789669, 0.3643819844041688], [-0.08666699967894666, -0.2805034447775206, 0.0], [0.18715695920792627, -0.22845491062105946, -0.02867896526590777]]	0.9553869053618278	[[0.6562937767634986, -0.6562937767634985, 0.0], [-0.7071067811865475, -0.7071067811865476, 0.0], [0.0, 0.0, -0.9281395600000001]]
2	[[-0.8305561570912853, 0.32773595720904825, 0.4502950280316503], [-0.5100865793185324, -0.772219296347621, -0.37879947194723407], [0.22358030216652452, -0.5443036842615101, 0.808545204538665]]	0.19277405249944365	0.8072259475005563	[[-0.1601096762308516, 0.06317898862097251, 0.08680519737401178], [-0.0983314570208124, -0.1488638431751997, -0.07302270929191762], [0.04310048090769107, -0.10492762700546895, 0.15586653570790998]]	0.5337431646503756	0.6442018468419237	[[-0.3998857519633965, 0.16250764681916255, 0.4194248408704056], [-0.351359391997453, -0.6000442386923166, -0.06253115847668418], [0.3376169593396124, -0.2555393390154925, 0.2791432290244983]]	[[0.043417919742360714, -0.012419180151314966, 0.17908294758246293], [-0.07910416690629457, -0.18787746765565105, 0.1396504704483237], [0.2182825013077643, 0.03497903195310483, -0.15241224720885407]]	0.6805030549324428	[[-0.6562937767634986, 0.6562937767634985, 0.0], [-0.7071067811865475, -0.7071067811865476, 0.0], [0.0, 0.0, 0.9281395600000001]]
2	[[0.8787972042104137, -0.3840163418041313, 0.28327887866788265], [-0.395223040501579, -0.9183905790867732, -0.018907472103605397], [0.2674214316928388, -0.09534250611366366, -0.9588511794847616]]	0.6094748430354403	0.3905251569645597	[[0.5356047880961257, -0.2340482996441169, 0.1726513501113633], [-0.24087850057368934, -0.5597359540341383, -0.011523628592541866], [0.1629866351053056, -0.05810885894823066, -0.5843956721108219]]	0.8280449096931712	0.3139918296538588	[[0.5966444298149589, -0.25902395932771294, 0.24134343077523882], [-0.34701892978420357, -0.8477434065036846, -0.01565623603055609], [0.2146611579854061, -0.07894787686480925, -0.6959593944715368]]	[[-0.13103912178406468, 0.05895881774219096, 0.00677579727070913], [-0.01975650290341301, -0.08727476238071832, 0.0], [-0.00677579727070913, 0.0, 0.09801244385411359]]	0.4839620651381229	[[0.6562937767634986, -0.6562937767634985, 0.0], [-0.7071067811865475, -0.7071067811865476, 0.0], [0.0, 0.0, -0.9281395600000001]]
2	[[0.034229894132735264, 0.2773841392786001, 0.9601491309293217], [-0.1827544195208179, -0.9427759796974285, 0.2788803941677556], [0.9825625356654255, -0.18501754344446375, 0.018422055382213542]]	0.8202398618780463	0.1797601381219536	[[0.02807672363553492, 0.2275215280890397, 0.7875525905357931], [-0.14990245982535821, -0.7733024393689588, 0.22874881599265498], [0.8059369585407516, -0.1517587642799024, 0.015110504162216555]]	0.9028218667619177	0.14142777072414858	[[0.0, 0.23368634548672187, 0.8450743918366952], [-0.17997065436606854, -0.8211633058644967, 0.25177931806583254], [0.8726810885139245, -0.16703788395623498, 0.0]]	[[-0.030903496919978863, -0.016742120946931616, -0.021769238918747796], [-0.014975968175293092, 0.029995464064231522, 0.0], [-0.014397854145858395, 0.0, -0.01663183442976146]]	0.3540747550238045	[[0.0, 0.0, 0.9634], [0.0, -1.0, 0.0], [0.9634, 0.0, 0.0]]
2	[[0.8592155572171323, 0.2624339665249735, -0.4391776855101157], [-0.4266000482917053, 0.8413623931712975, -0.33184593135155627], [0.2824199444684594, 0.4724804086637203, 0.8348660002631537]]	0.17372165168158388	0.8262783483184163	[[0.1492643457502726, 0.04559046212206791, -0.07629467290851255], [-0.0741096649966785, 0.1461628646044878, -0.05764882329820585], [0.04906245922088198, 0.08208007698025123, 0.14503430049851274]]	0.0	0.6884344298465742	[[0.6812266729951199, 0.6812266729951197, 0.0], [-0.7071067811865474, 0.7071067811865475, 0.0], [0.0, 0.0, 0.9633999999999999]]	[[0.6812266729951199, 0.6812266729951197, 0.0], [-0.7071067811865474, 0.7071067811865475, 0.0], [0.0, 0.0, 0.9633999999999999]]	0.688434429846574	[[0.68122667299512, 0.6812266729951199, 0.0], [-0.7071067811865475, 0.7071067811865476, 0.0], [0.0, 0.0, 0.9634]]
2	[[0.08740825448676931, -0.06334395238859675, -0.994156597696443], [0.7119981850616444, -0.6940087028176986, 0.10681996481098455], [-0.6967197295301035, -0.717174639895393, -0.015561310176609944]]	0.1621741112856529	0.837825888714347	[[0.014175355990421992, -0.010272749183941388, -0.16122646271018912], [0.11546767289936999, -0.11255024460396908, 0.01732343286078613], [-0.11298990295172495, -0.1163071598616435, -0.002523641648332107]]	0.4587671522083177	1.0268225957056516	[[0.06310685068919492, -0.015520505546088657, 0.00019900601548432026], [0.6349525634772488, -0.6368997653480574, 0.03880530564576245], [0.00970469051155582, -0.013067986877667996, 0.02539753141969378]]	[[0.023006814698799838, 0.01353961910084716, 0.4562853971897918], [0.3083111837390275, -0.3185113691485932, -0.010200185409565642], [0.3293368167154308, 0.31594818030316724, 0.0325365493740474]]	0.8066145704074089	[[0.0, 0.0, -0.9281395600000001], [0.0, -1.0, 0.0], [-0.9281395600000001, 0.0, 0.0]]
2	[[0.5319609947059123, -0.8460851799387872, 0.03402011756955908], [-0.703274286200726, -0.4190807785627857, 0.5742617690636116], [-0.47161719485230363, -0.3294103357928521, -0.8179645788128509]]	0.15542860202738945	0.8445713979726105	[[0.08268195374023947, -0.13150583671397795, 0.005287699314643984], [-0.10930893914598902, -0.06513713954856376, 0.08925670396333271], [-0.07330280128797255, -0.05119978798565594, -0.12713509099280385]]	0.46896368521542203	0.8183464230936989	[[0.27988382985109483, -0.5347688631380123, 0.23321766862497598], [-0.37927221698436187, -0.4633867571406907, 0.0056403820250428985], [0.15237218458354634, -0.15448148502146558, -0.35028559656442776]]	[[0.030413441382948606, -0.13798563914776502, 0.21726346891809367], [-0.0494621160104239, -0.26685309082293857, -0.26366753347335603], [0.3735435222924424, 0.0, 0.033310086691327345]]	0.6685798944395837	[[0.6562937767634986, -0.6562937767634985, 0.0], [-0.7071067811865475, -0.7071067811865476, 0.0], [0.0, 0.0, -0.9281395600000001]]
2	[[-0.3195682178843842, -0.5708200961323295, -0.7563336379995778], [0.910087742671785, 0.03735879733279218, -0.41272826520656647], [0.2638493031197415, -0.8202248094963509, 0.507557688474819]]	0.11977945918476086	0.880220540815239	[[-0.038277708310829384, -0.06837252240652361, -0.09059323412283216], [0.10900981762790618, 0.004474816540314917, -0.04943636839670708], [0.03160372683395868, -0.09824608409139642, 0.06079498543058113]]	0.3740499968368466	1.078512286521104	[[-0.19530604399325271, -0.28928680825714853, 0.19090520757412974], [0.5423561270451598, -0.07850436319695749, -0.15438100629499338], [0.2602972652834477, -0.04360706437889445, 0.08269479372614788]]	[[-0.0757715531044422, -0.07577155310444218, 0.4738118024754725], [0.2019378097775258, -0.09247842122111685, 0.0], [0.16160443428610427, 0.2631980230187187, -0.10715715804237534]]	0.9814092807052693	[[1.8532483893628865e-16, -0.9281395600000001, 0.0], [1.0, 1.7938038903913487e-16, 0.0], [0.0, 0.0, 0.9281395600000001]]
2	[[0.04673222253661188, -0.9725397674033924, -0.22799671093185395], [-0.8377629715199755, -0.16246744520517667, 0.5213036857710898], [-0.5440306084466285, 0.16664552219444034, -0.8223502702654952]]	0.18090544904384462	0.8190945509561552	[[0.008454113702802656, -0.17593774333510692, -0.041245847371646674], [-0.15155588655512678, -0.029391246129848697, 0.09430667736263026], [-0.09841810151463337, 0.030147083023731206, -0.1487676449137064]]	0.47506614570190003	0.889384279876576	[[-0.06770781959648811, -0.5855440945505929, 0.1110908817775357], [-0.3014612586973846, -0.19905732404383245, 0.0], [0.07855311583288857, 0.07855311583288856, -0.517820899472763]]	[[-0.08990871643703978, -0.12352337570844096, 0.2194044004726418], [0.0965315671943807, -0.12187454104817459, -0.24765373273946603], [0.3370036401314879, -0.0006145300945046476, -0.12715012616081844]]	0.8764989757294056	[[0.6562937767634986, -0.6562937767634985, 0.0], [-0.7071067811865475, -0.7071067811865476, 0.0], [0.0, 0.0, -0.9281395600000001]]
