2	[[0.08740825448676931, -0.06334395238859675, -0.994156597696443], [0.7119981850616444, -0.6940087028176986, 0.10681996481098455], [-0.6967197295301035, -0.717174639895393, -0.015561310176609944]]	0.15844459939850913	0.8415554006014911	[[0.013849365866279106, -0.01003650716052945, -0.1575187438613977], [0.11281226720455778, -0.10996193089702923, 0.01692504653223929], [-0.11039147843843482, -0.11363244851699558, -0.0024656055570489027]]	0.4531661208644608	1.0258352011229546	[[0.061956165182312166, -0.015274824316218717, -9.657926992307983e-05], [0.6350487129898785, -0.636737495829909, 0.0385661823593927], [0.009070322737927756, -0.01280714172515323, 0.024549741302529127]]	[[0.022345705565009286, 0.01343050886794477, 0.4504215096399844], [0.31239525740295665, -0.32223626412783607, -0.00984100672487938], [0.3248000998988211, 0.31219210781860857, 0.03160159987083208]]	0.8138187801115693	[[0.0, 0.0, -0.9059232399999999], [0.0, -1.0, 0.0], [-0.9059232399999999, 0.0, 0.0]]
2	[[0.034229894132735264, 0.2773841392786001, 0.9601491309293217], [-0.1827544195208179, -0.9427759796974285, 0.2788803941677556], [0.9825625356654255, -0.18501754344446375, 0.018422055382213542]]	0.8078206545685962	0.1921793454314038	[[0.02765161548411996, 0.22407663695898541, 0.7756282994307935], [-0.14763279480261093, -0.7615939090307265, 0.22528534256294447], [0.7937343107158238, -0.1494609930519804, 0.014881716837358675]]	0.8929569210568521	0.1575943582531574	[[0.0, 0.2256004139730068, 0.830364372769445], [-0.1823694201019401, -0.8213092640416407, 0.24902817811916034], [0.855377784581272, -0.1652126959356707, 0.0]]	[[-0.030565820872869288, -0.022091672987216947, -0.027007438940614376], [-0.019177596337098285, 0.020549072035332315, 0.0], [-0.022008232012339774, 0.0, -0.016450101853640216]]	0.3592486605844833	[[0.0, 0.0, 0.9518], [0.0, -1.0, 0.0], [0.9518, 0.0, 0.0]]
2	[[0.22433838825039393, -0.7661379269479729, -0.6022499185961573], [-0.9416906372873723, -0.011392912655017143, -0.3362869982418849], [0.2507808429735371, 0.642575192824231, -0.724020780340167]]	0.14414949230763371	0.8558505076923664	[[0.0323382647714071, -0.11043839320717325, -0.08681402000794977], [-0.1357442272758268, -0.001642282575125928, -0.048475600066225824], [0.03614993119511578, 0.09262688781509275, -0.10436722790621195]]	0.4102270089599886	0.8687589716261681	[[0.019478477888574014, -0.31505019756806785, 0.11131608648850827], [-0.4727245310095574, -0.126338582711651, -0.1379540094409014], [0.2856473256581292, 0.039451885873345895, -0.3263048378833064]]	[[-0.07255118811828977, -0.0007597273453946174, 0.3583752692406065], [-0.08641759750953312, -0.12166490222984093, 0.0], [0.1827702505406305, -0.22414981351082633, -0.02929195873948276]]	0.9578172770249116	[[0.6405844662384882, -0.6405844662384881, 0.0], [-0.7071067811865475, -0.7071067811865476, 0.0], [0.0, 0.0, -0.9059232399999999]]
2	[[0.3802729664721569, 0.7767473726770865, -0.5020517802076895], [0.4287143634067757, 0.332951791095048, 0.839849450446521], [0.8195098935212374, -0.5346088512602871, -0.20639019011321075]]	0.12610625697194577	0.8738937430280549	[[0.04795480042942194, 0.0979527037811004, -0.06331187080809376], [0.05406356367933901, 0.041987304127101735, 0.10591027061575642], [0.10334532522344116, -0.06741752117650653, -0.026027094350905305]]	0.4164568575508711	0.8666216200836867	[[0.02692661879108844, 0.3154078167320309, 0.12550623793107252], [0.2792127627732834, -0.14173956946561359, 0.32798605651367924], [0.5918294989515865, 0.0, -0.06947344237774336]]	[[-0.13144066583745384, -0.008073953203963927, 0.33458914464418754], [0.10067172620197543, -0.28039962610099134, -0.02177500643510495], [0.250538983963883, 0.22264152221474026, 0.016479167626131205]]	1.0000000000000007	[[0.0, 0.0, 0.0], [0.0, 0.0, 0.0], [0.0, 0.0, 0.0]]
2	[[-0.30792515101507295, 0.09349718223056193, 0.9468053539599837], [0.3027085282091916, -0.9338174967034747, 0.1906631317268273], [0.9019698710720718, 0.34531602882779927, 0.2592434992682147]]	0.575375359664754	0.42462464033524616	[[-0.1771725445151212, 0.053795974853550595, 0.5447684710672401], [0.17417102829195194, -0.5372955780270021, 0.1097028679921316], [0.518971238974865, 0.19868633428479954, 0.1491623216321984]]	0.7919574838484902	0.3000819668813527	[[-0.10537301977994772, 0.1367917766859961, 0.7603838371550276], [0.30187503890839207, -0.812414220501568, 0.15099709406505138], [0.7037675382627852, 0.2734756133230166, 0.10537301977994772]]	[[0.13849060803161584, 0.06274598349975652, 0.01055425133859983], [0.062142754568361006, -0.0728704654385883, 0.0], [-0.01055425133859983, 0.0, -0.09993680960458551]]	0.4749226087229776	[[0.0, 0.0, 0.9518], [0.0, -1.0, 0.0], [0.9518, 0.0, 0.0]]
2	[[0.8489524140446696, -0.5135124485683378, 0.12483895166604869], [0.522794976890395, 0.7815435453534784, -0.34040431673891397], [0.0772347773085365, 0.35425224329800037, 0.9319550081910795]]	0.21478295043432463	0.7852170495656754	[[0.1823405042668565, -0.11029371878826197, 0.026813278367962018], [0.11228744760876361, 0.1678622285639225, -0.0731130434897643], [0.0165887133464655, 0.07608734201352273, 0.2001680463313252]]	0.0	0.4428485223225306	[[0.673024234333356, -0.6730242343333559, 0.0], [0.7071067811865475, 0.7071067811865476, 0.0], [0.0, 0.0, 0.9518]]	[[0.673024234333356, -0.6730242343333559, 0.0], [0.7071067811865475, 0.7071067811865476, 0.0], [0.0, 0.0, 0.9518]]	0.4428485223225306	[[0.673024234333356, -0.6730242343333559, 0.0], [0.7071067811865475, 0.7071067811865476, 0.0], [0.0, 0.0, 0.9518]]
2	[[-0.3195682178843842, -0.5708200961323295, -0.7563336379995778], [0.910087742671785, 0.03735879733279218, -0.41272826520656647], [0.2638493031197415, -0.8202248094963509, 0.507557688474819]]	0.1179134389926537	0.8820865610073462	[[-0.0376813875635014, -0.06730736058108018, -0.08918190028235504], [0.10731157552349142, 0.004405104270139085, -0.04866620911997828], [0.03111137870666382, -0.09671552803480898, 0.05984787253522791]]	0.3695047998189614	1.0921456521594473	[[-0.045026408936540765, -0.28397634679534745, 0.18839515096569204], [0.5407695229801766, -0.23875226240682346, -0.15250507501477958], [0.2532348209591301, -0.04477123224787835, 0.08422880799508059]]	[[0.0730555814413308, -0.07305558144133079, 0.4678640604710728], [0.20448773380654828, -0.252556517336754, 0.0], [0.1557412370274976, 0.25830577179161657, -0.10331619408138219]]	0.97479234597099	[[1.808888294144479e-16, -0.9059232399999999, 0.0], [1.0, 1.7938038903913487e-16, 0.0], [0.0, 0.0, 0.9059232399999999]]
2	[[-0.5446221603179724, 0.8109226453022452, -0.2139887049042392], [-0.8354447797583356, -0.5021691245819775, 0.22328947644507607], [0.07361197229480154, 0.30038414347728, 0.9509735242804028]]	0.2420744049168977	0.7579255950831022	[[-0.1318390853635284, 0.19630361679517755, -0.051801188398631334], [-0.20223979790092783, -0.12156229200082164, 0.054052667134647445], [0.017819574388023243, 0.07271531277873457, 0.23020634998190348]]	0.5991491820702475	0.5807568799709375	[[-0.36842470304326336, 0.5337628739550668, 0.1381252327307625], [-0.6104493076589463, -0.3854270946268922, 0.13378370717696111], [0.18336905337025206, 0.011969524063532376, 0.5020352624687382]]	[[-0.04211478115141906, 0.047899234299985285, 0.266336390246409], [-0.10989325120188138, -0.08455287437266834, 0.0], [0.13926450037924398, -0.1680053898077518, -0.06773974677432575]]	0.41068127220990136	[[-0.6405844662384882, 0.6405844662384881, 0.0], [-0.7071067811865475, -0.7071067811865476, 0.0], [0.0, 0.0, 0.9059232399999999]]
2	[[0.8787972042104137, -0.3840163418041313, 0.28327887866788265], [-0.395223040501579, -0.9183905790867732, -0.018907472103605397], [0.2674214316928388, -0.09534250611366366, -0.9588511794847616]]	0.5924600968226852	0.4075399031773147	[[0.5206522766940068, -0.22751435904676903, 0.16783143188339547], [-0.23415388084212155, -0.5441097714067918, -0.011201922753174274], [0.15843652731320035, -0.05648663040341863, -0.5680810626360878]]	0.8190559893043556	0.32763991100694656	[[0.5845300935847748, -0.25308564624806273, 0.2387947588717786], [-0.34784832338432975, -0.8464214540351964, -0.015486278269063024], [0.21225962864093778, -0.07809085066768336, -0.6806184917558961]]	[[-0.13525401990768748, 0.06144523849735957, 0.0067734966554274184], [-0.02413852495043352, -0.09420814971347934, 0.0], [-0.0067734966554274184, 0.0, 0.1047343096526437]]	0.49017180766319535	[[0.6405844662384882, -0.6405844662384881, 0.0], [-0.7071067811865475, -0.7071067811865476, 0.0], [0.0, 0.0, -0.9059232399999999]]
2	[[0.8592155572171323, 0.2624339665249735, -0.4391776855101157], [-0.4266000482917053, 0.8413623931712975, -0.33184593135155627], [0.2824199444684594, 0.4724804086637203, 0.8348660002631537]]	0.17134018578148305	0.828659814218517	[[0.1472181531999239, 0.04496548457976049, -0.07524878622638496], [-0.07309373152869043, 0.1441591887555234, -0.05685854352860493], [0.04838988575362199, 0.08095488099855287, 0.1430460955877324]]	0.0	0.6884384912976748	[[0.6730242343333556, 0.6730242343333556, 0.0], [-0.7071067811865471, 0.7071067811865471, 0.0], [0.0, 0.0, 0.9517999999999994]]	[[0.6730242343333557, 0.6730242343333556, 0.0], [-0.7071067811865471, 0.7071067811865472, 0.0], [0.0, 0.0, 0.9517999999999994]]	0.688438491297675	[[0.673024234333356, 0.6730242343333559, 0.0], [-0.7071067811865475, 0.7071067811865476, 0.0], [0.0, 0.0, 0.9518]]
2	[[-0.42203838922340475, -0.825029846081567, 0.3757783270710803], [0.2588054115689476, 0.28760896992378115, 0.9221175843470338], [-0.8688517462515349, 0.4864224845687207, 0.09214016247897017]]	0.10805170256341853	0.8919482974365814	[[-0.04560196650271157, -0.08914587953474845, 0.040603488026463394], [0.027964365352651066, 0.031076638872775612, 0.0996363749523637], [-0.0938809104576776, 0.05255877762277846, 0.009955901430322746]]	0.34537861457842567	1.137795414821875	[[-0.2317780317356752, -0.46246137408998056, 0.29460722480543533], [0.18433318972954826, 0.012343803673312476, 0.027584511038893738], [0.17131033793356373, 0.16799992382014042, -0.08982033446241885]]	[[-0.08601499756678536, -0.17751370886447715, 0.16482142681302708], [0.0949473352364659, -0.08699018389929125, -0.2908951827212894], [0.47139315032796475, 0.0, -0.12164357612643661]]	1.0000000000000002	[[0.0, 0.0, 0.0], [0.0, 0.0, 0.0], [0.0, 0.0, 0.0]]
2	[[0.5319609947059123, -0.8460851799387872, 0.03402011756955908], [-0.703274286200726, -0.4190807785627857, 0.5742617690636116], [-0.47161719485230363, -0.3294103357928521, -0.8179645788128509]]	0.1533291476663494	0.8466708523336506	[[0.08156512591000092, -0.1297295194931441, 0.0052162756304495045], [-0.1078324468788176, -0.06425729858038202, 0.08805106758789354], [-0.07231266251149833, -0.05050820601960396, -0.12541781169063887]]	0.4646519431641156	0.8128661163986891	[[0.2177502548152985, -0.5236002579807651, 0.23027246512788702], [-0.38217782980170234, -0.39898075425154284, 0.002453760521300769], [0.14461644583989117, -0.15306115262449257, -0.34206946034935276]]	[[-0.029426455062319508, -0.1304651350398471, 0.21446495139251973], [-0.05540006614117864, -0.20425405614961398, -0.264378086358969], [0.3637542918576234, 0.0, 0.03799937063545568]]	0.6767443619167863	[[0.6405844662384882, -0.6405844662384881, 0.0], [-0.7071067811865475, -0.7071067811865476, 0.0], [0.0, 0.0, -0.9059232399999999]]
2	[[0.04673222253661188, -0.9725397674033924, -0.22799671093185395], [-0.8377629715199755, -0.16246744520517667, 0.5213036857710898], [-0.5440306084466285, 0.16664552219444034, -0.8223502702654952]]	0.17897491150579944	0.8210250884942004	[[0.008363895392959439, -0.17406021880689299, -0.04080569116264187], [-0.14993855369062314, -0.029077596628169784, 0.09330028102852787], [-0.09736783000318162, 0.0298253675875877, -0.1471800668475373]]	0.4701833957615465	0.882785592642668	[[-0.06307651841046032, -0.5743476093449651, 0.10609860201426558], [-0.3031677318494741, -0.19497080066111494, 0.0], [0.0750230409586999, 0.07502304095869988, -0.506933222055802]]	[[-0.08504923349420872, -0.11707555899409336, 0.2132988697826684], [0.09073450694307163, -0.11858130557384204, -0.2451083371988612], [0.33081719983635605, -0.0033309165551382385, -0.12027777947694607]]	0.8804135325396634	[[0.6405844662384882, -0.6405844662384881, 0.0], [-0.7071067811865475, -0.7071067811865476, 0.0], [0.0, 0.0, -0.9059232399999999]]
2	[[-0.8305561570912853, 0.32773595720904825, 0.4502950280316503], [-0.5100865793185324, -0.772219296347621, -0.37879947194723407], [0.22358030216652452, -0.5443036842615101, 0.808545204538665]]	0.18991024546676127	0.8100897545332387	[[-0.15773112366713593, 0.0622404160818543, 0.08551563930595288], [-0.09687066748768308, -0.14665235612354638, -0.07193790070017878], [0.04246019006597734, -0.10336884628656591, 0.15355101826491052]]	0.5281430798959246	0.6507297841485162	[[-0.39111877542439216, 0.15669753629745722, 0.41280189295148073], [-0.35231367820815784, -0.6015434960036217, -0.060939383051192016], [0.33093183995738595, -0.2528581956278847, 0.27299268518243663]]	[[0.047533711408322535, -0.016393941535568436, 0.1749816899850233], [-0.08291498119329124, -0.19370121847552546, 0.13912093672597006], [0.2128494505670962, 0.034612028576688145, -0.15403486937769414]]	0.6812167434555768	[[-0.6405844662384882, 0.6405844662384881, 0.0], [-0.7071067811865475, -0.7071067811865476, 0.0], [0.0, 0.0, 0.9059232399999999]]
