2	[[0.034229894132735264, 0.2773841392786001, 0.9601491309293217], [-0.1827544195208179, -0.9427759796974285, 0.2788803941677556], [0.9825625356654255, -0.18501754344446375, 0.018422055382213542]]	0.8298813590639408	0.1701186409360592	[[0.028406751063489152, 0.23019592648730614, 0.7968098656796871], [-0.151664486046878, -0.7823922113241405, 0.23143764052822455], [0.8154103324633353, -0.1535426104043633, 0.01528812035734256]]	0.9319755545368219	0.12489011134034028	[[0.002773398051333908, 0.2590786643007865, 0.8873347439512994], [-0.17298493660639744, -0.8206891662952894, 0.25990971000394153], [0.9232250388284937, -0.17243182765069467, -0.002773398051333908]]	[[-0.029128026514758754, 0.0005634272768941283, -0.007500774784602759], [-0.002662285129428149, 0.05795500018721739, 0.0], [0.007500774784602759, 0.0, -0.01994230333188042]]	0.33906177850256075	[[0.0, 0.0, 0.9984], [0.0, -1.0, 0.0], [0.9984, 0.0, 0.0]]
2	[[0.3802729664721569, 0.7767473726770865, -0.5020517802076895], [0.4287143634067757, 0.332951791095048, 0.839849450446521], [0.8195098935212374, -0.5346088512602871, -0.20639019011321075]]	0.13034966607667692	0.8696503339233235	[[0.04956845419763301, 0.10124876065439437, -0.06544228190327353], [0.055882774112348335, 0.04340015478887102, 0.10947409542038464], [0.10682284096702635, -0.06968608524341428, -0.02690289236275889]]	0.4346272223278363	0.9397504931547005	[[0.13923558810012135, 0.32646333066412436, 0.14756863104335427], [0.29004663935076996, -0.25506901285754247, 0.327728574724741], [0.641108302660042, 0.0, -0.05287470099022387]]	[[-0.026041395044038657, -0.011132222372962443, 0.3657740017397678], [0.10371570641123642, -0.39977892499026124, -0.037292859096390255], [0.28492699396872573, 0.23235556005513402, 0.036828094054394966]]	1.0000000000000007	[[0.0, 0.0, 0.0], [0.0, 0.0, 0.0], [0.0, 0.0, 0.0]]
2	[[-0.30792515101507295, 0.09349718223056193, 0.9468053539599837], [0.3027085282091916, -0.9338174967034747, 0.1906631317268273], [0.9019698710720718, 0.34531602882779927, 0.2592434992682147]]	0.646730484936323	0.35326951506367704	[[-0.1991445822400686, 0.060467478004151066, 0.6123278857068472], [0.19577083324309108, -0.6039282424850617, 0.12330765964116903], [0.5833314121163938, 0.22332640278008792, 0.1676606739983218]]	0.8285656454995438	0.25655100078272336	[[-0.13960859773501996, 0.1574717990865214, 0.7925591119859314], [0.28703477479737266, -0.8156701202638662, 0.1579769208122032], [0.7392725257263177, 0.28611699832704457, 0.13960859773501996]]	[[0.11552760378132841, 0.0800032459392674, 0.008068722719653657], [0.036220887723507005, -0.04194102332898347, 0.0], [-0.008068722719653657, 0.0, -0.07519165957770885]]	0.4664991974635589	[[0.0, 0.0, 0.9984], [0.0, -1.0, 0.0], [0.9984, 0.0, 0.0]]
2	[[-0.8305561570912853, 0.32773595720904825, 0.4502950280316503], [-0.5100865793185324, -0.772219296347621, -0.37879947194723407], [0.22358030216652452, -0.5443036842615101, 0.808545204538665]]	0.20134669005318812	0.7986533099468117	[[-0.16722973313362607, 0.06598855019545516, 0.09066541344158033], [-0.10270424438633952, -0.15548379931479556, -0.07627001987047106], [0.04501715380232138, -0.10959374520981065, 0.1627979006922382]]	0.5501803148156873	0.6246275089172244	[[-0.4272109762612643, 0.1808107435732314, 0.4394964045536665], [-0.34851850364507625, -0.5954211201482852, -0.0671947796292105], [0.3581328495088225, -0.26340892642518515, 0.2982074697962752]]	[[0.029744671719326557, 0.0004968714595366269, 0.1917529442712744], [-0.06787890885234898, -0.17056126457700238, 0.14121323309873487], [0.23512336847625753, 0.036056245937150976, -0.1466381853795219]]	0.6821904348476516	[[-0.7048458496801104, 0.7048458496801103, 0.0], [-0.7071067811865475, -0.7071067811865476, 0.0], [0.0, 0.0, 0.9968025599999999]]
2	[[-0.42203838922340475, -0.825029846081567, 0.3757783270710803], [0.2588054115689476, 0.28760896992378115, 0.9221175843470338], [-0.8688517462515349, 0.4864224845687207, 0.09214016247897017]]	0.11205247024750267	0.8879475297524974	[[-0.0472904440517595, -0.0924466322813565, 0.042106889813788545], [0.02899978567972219, 0.03222729554529938, 0.10332555318474504], [-0.09735698444634092, 0.0545048409798529, 0.010324532814774884]]	0.35950514798865335	1.157320419612338	[[-0.24064805813278708, -0.497050361839081, 0.321006886214663], [0.1822502006042037, 0.00609623366390042, 0.041206834915057236], [0.20033400034521062, 0.17487138729988644, -0.09263136944246216]]	[[-0.08892308455813416, -0.2004478849284715, 0.18591264313004577], [0.08920832281784484, -0.09730067163141273, -0.2902991837085627], [0.5126906759615687, 0.0, -0.12575623219016285]]	1.0000000000000002	[[0.0, 0.0, 0.0], [0.0, 0.0, 0.0], [0.0, 0.0, 0.0]]
2	[[0.5319609947059123, -0.8460851799387872, 0.03402011756955908], [-0.703274286200726, -0.4190807785627857, 0.5742617690636116], [-0.47161719485230363, -0.3294103357928521, -0.8179645788128509]]	0.16189929115020865	0.8381007088497913	[[0.08612410796244711, -0.13698059088478642, 0.0055078329193583575], [-0.11385960842006652, -0.06784888098399261, 0.09297257334606354], [-0.07635448954083782, -0.053331299862414965, -0.13242788549577955]]	0.48151436265441444	0.8081539111685896	[[0.28963978531657947, -0.5691041495328082, 0.24202448886588993], [-0.37081451965481116, -0.46176088400841925, 0.014916043263058515], [0.17680331823642004, -0.1586158078910718, -0.3756599538120846]]	[[0.033492925993753773, -0.16170198336323746, 0.22564331363695544], [-0.03217784996363054, -0.2599674700180437, -0.26159924646440297], [0.4038937712325898, 0.0, 0.018201739028871643]]	0.6444963874919839	[[0.7048458496801104, -0.7048458496801103, 0.0], [-0.7071067811865475, -0.7071067811865476, 0.0], [0.0, 0.0, -0.9968025599999999]]
2	[[0.22433838825039393, -0.7661379269479729, -0.6022499185961573], [-0.9416906372873723, -0.011392912655017143, -0.3362869982418849], [0.2507808429735371, 0.642575192824231, -0.724020780340167]]	0.1536909480074745	0.8463090519925257	[[0.034478779564671914, -0.11774846429711516, -0.09256036092646767], [-0.14472932677445904, -0.0017509875465159253, -0.051684267562383195], [0.038542745498716516, 0.09875799055124178, -0.11127544010759172]]	0.43010973401706454	0.8498618736312926	[[0.17148512713631417, -0.33399756934527947, 0.12350638191205011], [-0.4924318030462747, -0.28148036553401723, -0.14464031136721417], [0.3085640934580209, 0.03479161814923755, -0.33799814309172216]]	[[0.07499500263612023, -0.00447418936530157, 0.38253993421124205], [-0.087401493516243, -0.27658016290228815, 0.0], [0.20070081179009766, -0.24158622712235642, -0.026589757836785438]]	0.9497560640855656	[[0.7048458496801104, -0.7048458496801103, 0.0], [-0.7071067811865475, -0.7071067811865476, 0.0], [0.0, 0.0, -0.9968025599999999]]
2	[[0.04673222253661188, -0.9725397674033924, -0.22799671093185395], [-0.8377629715199755, -0.16246744520517667, 0.5213036857710898], [-0.5440306084466285, 0.16664552219444034, -0.8223502702654952]]	0.18654449708987286	0.8134555029101269	[[0.008717638950984284, -0.1814219418101678, -0.042531531778927836], [-0.1562800722027113, -0.030307407859276173, 0.09724633389326505], [-0.10148591625417386, 0.031086805130041112, -0.15340491759839783]]	0.48813011543307705	0.9039685981676987	[[-0.08254909985941915, -0.6128824118654019, 0.12314347768545311], [-0.30323723825298327, -0.20676071612801214, 0.008130699993057404], [0.09280647827537881, 0.08134469798517757, -0.5504161875180982]]	[[-0.10536050504065973, -0.13815646293952594, 0.2344355385109809], [0.10570009774061997, -0.1274554633458921, -0.2463333283180732], [0.35836420197555885, 0.0, -0.14900225516697985]]	0.8662290426448214	[[0.7048458496801104, -0.7048458496801103, 0.0], [-0.7071067811865475, -0.7071067811865476, 0.0], [0.0, 0.0, -0.9968025599999999]]
2	[[0.08740825448676931, -0.06334395238859675, -0.994156597696443], [0.7119981850616444, -0.6940087028176986, 0.10681996481098455], [-0.6967197295301035, -0.717174639895393, -0.015561310176609944]]	0.17365564872122785	0.8263443512787721	[[0.015178937136490107, -0.011000035144608355, -0.17264090890346448], [0.12364250671521675, -0.12051853150598527, 0.018549890285630248], [-0.12098931660842852, -0.12454142733744744, -0.0027023094136714235]]	0.4752670472193918	1.0299354300019148	[[0.06660898061466802, -0.016260856086998017, 0.0011563943882945578], [0.6346693197733021, -0.6373777898132987, 0.03950973111271341], [0.011725907933191643, -0.013866338170287705, 0.028053914058620344]]	[[0.02506671760214002, 0.013844437123936085, 0.47364626504915985], [0.2962800447334884, -0.3075383228805709, -0.011258278147082544], [0.3428538365264572, 0.3269831352734263, 0.035449691997122806]]	0.7852545495815934	[[0.0, 0.0, -0.9968025599999999], [0.0, -1.0, 0.0], [-0.9968025599999999, 0.0, 0.0]]
2	[[0.8489524140446696, -0.5135124485683378, 0.12483895166604869], [0.522794976890395, 0.7815435453534784, -0.34040431673891397], [0.0772347773085365, 0.35425224329800037, 0.9319550081910795]]	0.22381994266166233	0.7761800573383377	[[0.1900124806339578, -0.11493432679461518, 0.027941447003837022], [0.11701194175141329, 0.17492503150860775, -0.07618927465428608], [0.01728668342868292, 0.0792887167827237, 0.2085901164965765]]	0.0	0.4274885847832545	[[0.705975410336649, -0.7059754103366489, 0.0], [0.7071067811865475, 0.7071067811865476, 0.0], [0.0, 0.0, 0.9984]]	[[0.7059754103366491, -0.705975410336649, 0.0], [0.7071067811865476, 0.7071067811865477, 0.0], [0.0, 0.0, 0.9984000000000002]]	0.4274885847832545	[[0.705975410336649, -0.7059754103366489, 0.0], [0.7071067811865475, 0.7071067811865476, 0.0], [0.0, 0.0, 0.9984]]
2	[[0.8787972042104137, -0.3840163418041313, 0.28327887866788265], [-0.395223040501579, -0.9183905790867732, -0.018907472103605397], [0.2674214316928388, -0.09534250611366366, -0.9588511794847616]]	0.6652871055586979	0.3347128944413022	[[0.5846524483622222, -0.25548112052611005, 0.18846178525486923], [-0.26293679266540343, -0.6109934101330157, -0.012578897389239459], [0.17791203025529168, -0.06343013992907175, -0.6379113258609606]]	0.8541468978744456	0.2721391925656231	[[0.6338429176293556, -0.2776868833015178, 0.24872150349692732], [-0.34412558929866244, -0.8507690646934875, -0.016149758643942174], [0.22165745825617736, -0.08143650583256118, -0.7421965308385867]]	[[-0.11677898820770517, 0.05031948378357375, 0.006759728049403802], [-0.006547055285732331, -0.0663286005294043, 0.0], [-0.006759728049403802, 0.0, 0.07680322964157595]]	0.4688759834760696	[[0.7048458496801104, -0.7048458496801103, 0.0], [-0.7071067811865475, -0.7071067811865476, 0.0], [0.0, 0.0, -0.9968025599999999]]
2	[[-0.5446221603179724, 0.8109226453022452, -0.2139887049042392], [-0.8354447797583356, -0.5021691245819775, 0.22328947644507607], [0.07361197229480154, 0.30038414347728, 0.9509735242804028]]	0.25661388476479935	0.7433861152352006	[[-0.13975760828819223, 0.20809401025475666, -0.05491247286126509], [-0.2143867304402587, -0.1288635698679198, 0.05729917997766915], [0.018889854175767815, 0.07708274197945168, 0.24403301037406638]]	0.6148835281882589	0.5855333696172745	[[-0.2592734889884323, 0.5540904220427749, 0.14540712348524298], [-0.6170983784707862, -0.5192609021536999, 0.13729702108385755], [0.19959159853364458, 0.006045127564845376, 0.5062951431004473]]	[[0.07560570647739404, 0.05546744481157439, 0.2769852533491977], [-0.1033971446865178, -0.21048537908352447, 0.0], [0.1543288092921206, -0.1786561343882727, -0.07844281272270967]]	0.3811872559040094	[[-0.7048458496801104, 0.7048458496801103, 0.0], [-0.7071067811865475, -0.7071067811865476, 0.0], [0.0, 0.0, 0.9968025599999999]]
2	[[0.8592155572171323, 0.2624339665249735, -0.4391776855101157], [-0.4266000482917053, 0.8413623931712975, -0.33184593135155627], [0.2824199444684594, 0.4724804086637203, 0.8348660002631537]]	0.18071636784289463	0.8192836321571054	[[0.15527431469438896, 0.047426113228997036, -0.07936659616303711], [-0.0770936112488804, 0.15204795573352245, -0.0599699913972958], [0.051037906570732, 0.08538494333063407, 0.1508739512030823]]	0.0	0.6894274021073028	[[0.7059754103366485, 0.7059754103366486, 0.0], [-0.7071067811865471, 0.7071067811865472, 0.0], [0.0, 0.0, 0.9983999999999993]]	[[0.7059754103366487, 0.7059754103366486, 0.0], [-0.7071067811865471, 0.7071067811865472, 0.0], [0.0, 0.0, 0.9983999999999994]]	0.6894274021073031	[[0.705975410336649, 0.7059754103366489, 0.0], [-0.7071067811865475, 0.7071067811865476, 0.0], [0.0, 0.0, 0.9984]]
2	[[-0.3195682178843842, -0.5708200961323295, -0.7563336379995778], [0.910087742671785, 0.03735879733279218, -0.41272826520656647], [0.2638493031197415, -0.8202248094963509, 0.507557688474819]]	0.1253529527379198	0.8746470472620801	[[-0.040058819713002465, -0.07155398453233076, -0.09480865477826], [0.1140821857944964, 0.004683035556403075, -0.051736706722042364], [0.03307428922390203, -0.10281760177926534, 0.0636238549351518]]	0.3874364656845328	1.089135554364673	[[-0.20811339630692136, -0.30545753601190595, 0.19835402824800288], [0.5470289774861713, -0.081556654028786, -0.15990598035974063], [0.28224961856106845, -0.03967785805238703, 0.07742671761827374]]	[[-0.0843010154246909, -0.08430101542469089, 0.49138525983288417], [0.19442779900260038, -0.0960308144296278, 0.0], [0.18002477708702883, 0.2781071432056484, -0.11921963933542133]]	0.9999999999999999	[[0.0, 0.0, 0.0], [0.0, 0.0, 0.0], [0.0, 0.0, 0.0]]
