2	[[0.034229894132735264, 0.2773841392786001, 0.9601491309293217], [-0.1827544195208179, -0.9427759796974285, 0.2788803941677556], [0.9825625356654255, -0.18501754344446375, 0.018422055382213542]]	0.826944833413439	0.1730551665865609	[[0.02830623410135441, 0.22938138084727214, 0.7939903631284061], [-0.15112782300621252, -0.7796237254770823, 0.23061870109732888], [0.8125250123741318, -0.15299930164224582, 0.015234023519177723]]	0.9230779115790982	0.12588404775589732	[[0.0, 0.2510836913796772, 0.8761068379579409], [-0.17510119365122526, -0.8208404044194044, 0.2574283318287276], [0.909367393288653, -0.1707856076082107, 0.0]]	[[-0.0315968591896189, -0.0049634806107787515, -0.010185616624783782], [-0.006404625748098275, 0.04941527800663651, 0.0], [0.0023856198707486523, 0.0, -0.017004992409208157]]	0.3435991790545285	[[0.0, 0.0, 0.9876], [0.0, -1.0, 0.0], [0.9876, 0.0, 0.0]]
2	[[0.8489524140446696, -0.5135124485683378, 0.12483895166604869], [0.522794976890395, 0.7815435453534784, -0.34040431673891397], [0.0772347773085365, 0.35425224329800037, 0.9319550081910795]]	0.22180347092663324	0.7781965290733667	[[0.18830059208665198, -0.11389884345649154, 0.02768971278637186], [0.11595774045729862, 0.17334907103970823, -0.07550285897110015], [0.017130941683278944, 0.07857437714704263, 0.20671085556424035]]	0.0	0.4308490007857081	[[0.6983386570998344, -0.6983386570998343, 0.0], [0.7071067811865475, 0.7071067811865476, 0.0], [0.0, 0.0, 0.9876]]	[[0.6983386570998344, -0.6983386570998343, 0.0], [0.7071067811865475, 0.7071067811865476, 0.0], [0.0, 0.0, 0.9876]]	0.4308490007857081	[[0.6983386570998344, -0.6983386570998343, 0.0], [0.7071067811865475, 0.7071067811865476, 0.0], [0.0, 0.0, 0.9876]]
2	[[0.8787972042104137, -0.3840163418041313, 0.28327887866788265], [-0.395223040501579, -0.9183905790867732, -0.018907472103605397], [0.2674214316928388, -0.09534250611366366, -0.9588511794847616]]	0.6473028151544709	0.35269718484552914	[[0.5688479042352792, -0.24857485911513566, 0.18336721563552227], [-0.2558289867305816, -0.5944768072542131, -0.012238859920118401], [0.17310264556741356, -0.06171547261125683, -0.6206670677946711]]	0.8464466689038884	0.28518790471107114	[[0.6222448932744855, -0.27171280140688775, 0.24655034515143598], [-0.3453161690458899, -0.8503362165399263, -0.016004166779489987], [0.21958809811773422, -0.08070234670485922, -0.7283262612008192]]	[[-0.12161007287146962, 0.05333655191787623, 0.006769881932177895], [-0.010780942939261698, -0.07296757011921398, 0.0], [-0.006769881932177895, 0.0, 0.08329012564862191]]	0.4728827029708165	[[0.6896792577517965, -0.6896792577517964, 0.0], [-0.7071067811865475, -0.7071067811865476, 0.0], [0.0, 0.0, -0.9753537600000001]]
2	[[0.3802729664721569, 0.7767473726770865, -0.5020517802076895], [0.4287143634067757, 0.332951791095048, 0.839849450446521], [0.8195098935212374, -0.5346088512602871, -0.20639019011321075]]	0.12942452517303105	0.8705754748269698	[[0.04921664812179886, 0.10053015988813134, -0.06497781326565516], [0.05548615291878023, 0.043092127467986796, 0.10869711634087206], [0.10606467884358742, -0.06919149672766226, -0.026711952355773935]]	0.43050962697550554	0.9423093071023175	[[0.141161436856763, 0.32400306697526926, 0.14229303803520388], [0.2875915692192261, -0.2593515532009209, 0.32778692280032756], [0.6295508528322762, 0.0, -0.05696282115341003]]	[[-0.02254973608803422, -0.01039415469014722, 0.3584311626548048], [0.10302590854993379, -0.4026905045860765, -0.03377635082698756], [0.27674395426971193, 0.2301542571338698, 0.031890142603632]]	1.0000000000000007	[[0.0, 0.0, 0.0], [0.0, 0.0, 0.0], [0.0, 0.0, 0.0]]
2	[[0.5319609947059123, -0.8460851799387872, 0.03402011756955908], [-0.703274286200726, -0.4190807785627857, 0.5742617690636116], [-0.47161719485230363, -0.3294103357928521, -0.8179645788128509]]	0.159880412546892	0.8401195874531083	[[0.08505014329243629, -0.13527244761842463, 0.005439150431914869], [-0.11243978301139307, -0.06700280776709085, 0.09181320854779824], [-0.07540235167719427, -0.05266626038377142, -0.13077651430934334]]	0.47771398065721815	0.806931421009076	[[0.2215987430155095, -0.5584069313442734, 0.23931927296290367], [-0.3733755352513958, -0.3955564565038304, 0.012107345792153158], [0.16910015940433437, -0.15736392278123426, -0.367736494592497]]	[[-0.032526461319825194, -0.15422021206063688, 0.22306738717632305], [-0.037411576496583235, -0.19535570955967588, -0.26222552984648084], [0.3943982869036192, 0.0, 0.023016620388794595]]	0.6518353900866325	[[0.6896792577517965, -0.6896792577517964, 0.0], [-0.7071067811865475, -0.7071067811865476, 0.0], [0.0, 0.0, -0.9753537600000001]]
2	[[0.08740825448676931, -0.06334395238859675, -0.994156597696443], [0.7119981850616444, -0.6940087028176986, 0.10681996481098455], [-0.6967197295301035, -0.717174639895393, -0.015561310176609944]]	0.17007637987034877	0.8299236201296513	[[0.014866079493895883, -0.010773310108932264, -0.16908255516043375], [0.12109407378954312, -0.1180344877737509, 0.018167552912930294], [-0.1184955693827286, -0.12197446648822943, -0.0026466113008774446]]	0.4702396928656212	1.028953444841355	[[0.0655234772424857, -0.016032553487219853, 0.0008504708598469808], [0.6347556213205092, -0.6372321405000803, 0.03929509965985837], [0.01108504485876098, -0.013618175849528376, 0.027218463762355025]]	[[0.0244206464987072, 0.013754287228888388, 0.46834236402095325], [0.29994581345624194, -0.3108817012410174, -0.010935887784775458], [0.3387103164864155, 0.3236258065458937, 0.034536009480390754]]	0.7917818191939185	[[0.0, 0.0, -0.9753537600000001], [0.0, -1.0, 0.0], [-0.9753537600000001, 0.0, 0.0]]
2	[[0.8592155572171323, 0.2624339665249735, -0.4391776855101157], [-0.4266000482917053, 0.8413623931712975, -0.33184593135155627], [0.2824199444684594, 0.4724804086637203, 0.8348660002631537]]	0.17862998803526325	0.8213700119647369	[[0.15348166470540842, 0.04687857630040268, -0.07845030470802658], [-0.07620356152219003, 0.1502925542255092, -0.05927763474687928], [0.05044867130132061, 0.08439916974649665, 0.1491321036380552]]	0.0	0.6889582905483891	[[0.6983386570998342, 0.6983386570998342, 0.0], [-0.7071067811865474, 0.7071067811865476, 0.0], [0.0, 0.0, 0.9875999999999998]]	[[0.6983386570998343, 0.6983386570998342, 0.0], [-0.7071067811865474, 0.7071067811865475, 0.0], [0.0, 0.0, 0.9875999999999999]]	0.6889582905483891	[[0.6983386570998344, 0.6983386570998343, 0.0], [-0.7071067811865475, 0.7071067811865476, 0.0], [0.0, 0.0, 0.9876]]
2	[[-0.30792515101507295, 0.09349718223056193, 0.9468053539599837], [0.3027085282091916, -0.9338174967034747, 0.1906631317268273], [0.9019698710720718, 0.34531602882779927, 0.2592434992682147]]	0.6294012847354159	0.3705987152645842	[[-0.1938084856512339, 0.058847246615056976, 0.5959205061767838], [0.1905251365552321, -0.5877459321335772, 0.12000362006054296], [0.5677009956453996, 0.2173423521839488, 0.16316819149871922]]	0.8201787299917368	0.26633856785441057	[[-0.13145401706210744, 0.15252371933158823, 0.7852313225755632], [0.290377577433827, -0.8149478448664512, 0.15637784523595646], [0.7310947935314155, 0.28322086196977436, 0.13145401706210744]]	[[0.12109964222994885, 0.07583931915191996, 0.008681709815286966], [0.04210248120954445, -0.04905059637613241, 0.0], [-0.008681709815286966, 0.0, -0.08117198692631067]]	0.46815601299826504	[[0.0, 0.0, 0.9876], [0.0, -1.0, 0.0], [0.9876, 0.0, 0.0]]
2	[[-0.42203838922340475, -0.825029846081567, 0.3757783270710803], [0.2588054115689476, 0.28760896992378115, 0.9221175843470338], [-0.8688517462515349, 0.4864224845687207, 0.09214016247897017]]	0.11115090734764085	0.8888490926523591	[[-0.04690994989771826, -0.0917028159808507, 0.04176810201552909], [0.028766456322368142, 0.0319679979683486, 0.10249420618138756], [-0.09657365994644038, 0.054066300514107136, 0.010241462662696606]]	0.3563104056833449	1.1524617712958052	[[-0.2386522432253192, -0.4889670102967797, 0.31479760983012517], [0.18272127254287324, 0.007509133462799099, 0.03812612055152594], [0.19340363456736814, 0.17331739281018146, -0.09201001466407799]]	[[-0.08827557354718256, -0.19500029113858883, 0.1809038816644199], [0.09050621135369646, -0.09496893528891232, -0.29043397001491167], [0.5029845527529351, 0.0, -0.1248405133366892]]	1.0000000000000002	[[0.0, 0.0, 0.0], [0.0, 0.0, 0.0], [0.0, 0.0, 0.0]]
2	[[0.22433838825039393, -0.7661379269479729, -0.6022499185961573], [-0.9416906372873723, -0.011392912655017143, -0.3362869982418849], [0.2507808429735371, 0.642575192824231, -0.724020780340167]]	0.15150889931877837	0.8484911006812217	[[0.03398926227876593, -0.11607671403825796, -0.09124622228132762], [-0.14267451195420866, -0.0017261276563965977, -0.05095047295884393], [0.037995529489155994, 0.09735586019435101, -0.1096955915132617]]	0.42558796716069913	0.8488638879234199	[[0.1699327747480133, -0.3296273851101867, 0.12062108048641274], [-0.4879499380469248, -0.2826240555716993, -0.1431196999643374], [0.30320150365102433, 0.03596072489945022, -0.3354073523374683]]	[[0.07445705613642051, -0.0035683022156866723, 0.37693139906444784], [-0.0871777340295288, -0.27777536903481115, 0.0], [0.19647219448707018, -0.23751154516250852, -0.027272820250393584]]	0.9512017627980441	[[0.6896792577517965, -0.6896792577517964, 0.0], [-0.7071067811865475, -0.7071067811865476, 0.0], [0.0, 0.0, -0.9753537600000001]]
2	[[-0.3195682178843842, -0.5708200961323295, -0.7563336379995778], [0.910087742671785, 0.03735879733279218, -0.41272826520656647], [0.2638493031197415, -0.8202248094963509, 0.507557688474819]]	0.12364256105849904	0.8763574389415009	[[-0.03951223289212571, -0.07057765858945984, -0.09351502801695946], [0.11252557929188776, 0.0046191373802918385, -0.05103077973137129], [0.03262300357122504, -0.10141469608984831, 0.06275573248795847]]	0.38335822820117055	1.0857117653553232	[[-0.20412454248358308, -0.3004440173609316, 0.19607548984421452], [0.5456053762333306, -0.08062676228346316, -0.15822277647813213], [0.2753726775671153, -0.040957044942128464, 0.07915475870321603]]	[[-0.08161543668602002, -0.08161543668602, 0.48602221323667816], [0.19671575169507236, -0.09494856463668902, 0.0], [0.1742238762110177, 0.2734828847530352, -0.11542165746037214]]	0.9969043898012147	[[1.9475226169424729e-16, -0.9753537600000001, 0.0], [1.0, 1.7938038903913487e-16, 0.0], [0.0, 0.0, 0.9753537600000001]]
2	[[-0.5446221603179724, 0.8109226453022452, -0.2139887049042392], [-0.8354447797583356, -0.5021691245819775, 0.22328947644507607], [0.07361197229480154, 0.30038414347728, 0.9509735242804028]]	0.25326196167171755	0.7467380383282824	[[-0.13793207669201832, 0.20537585991326512, -0.05419519917963793], [-0.21158638378999212, -0.12718033758260078, 0.05655073082513074], [0.018643112505905543, 0.07607587743213459, 0.24084542025712147]]	0.6113640297177407	0.584776075431355	[[-0.25893267592184366, 0.5494380937980541, 0.1437172440649929], [-0.6156110974374899, -0.5167413038646465, 0.13651115411302628], [0.19577234929531162, 0.0074745264082854805, 0.5054913554328364]]	[[0.07402972268373328, 0.053669157576703236, 0.274542241009329], [-0.10485021027778343, -0.2097331642603786, 0.0], [0.15076863727769108, -0.17616953401129642, -0.07589965052611246]]	0.38712285503913596	[[-0.6896792577517965, 0.6896792577517964, 0.0], [-0.7071067811865475, -0.7071067811865476, 0.0], [0.0, 0.0, 0.9753537600000001]]
2	[[-0.8305561570912853, 0.32773595720904825, 0.4502950280316503], [-0.5100865793185324, -0.772219296347621, -0.37879947194723407], [0.22358030216652452, -0.5443036842615101, 0.808545204538665]]	0.1987127016465642	0.8012872983534356	[[-0.16504205784479747, 0.06512529748373272, 0.0894793415581846], [-0.10136068225004, -0.15344978264084458, -0.07527226645292677], [0.04442824587846522, -0.10816005561578314, 0.16066820199725196]]	0.5451813323599716	0.6306432801123909	[[-0.41863795389421826, 0.17503884452778368, 0.4332883619415143], [-0.3493888048691933, -0.5968621136860632, -0.06577777514617723], [0.3517467060774361, -0.2610155717986759, 0.2922431706428652]]	[[0.03416575842858647, -0.003636681285715874, 0.18779591860414852], [-0.07129912393737556, -0.1758625688291875, 0.1407366256672695], [0.22985489905284517, 0.03572863599545547, -0.14856058124078983]]	0.6810198628590127	[[-0.6896792577517965, 0.6896792577517964, 0.0], [-0.7071067811865475, -0.7071067811865476, 0.0], [0.0, 0.0, 0.9753537600000001]]
2	[[0.04673222253661188, -0.9725397674033924, -0.22799671093185395], [-0.8377629715199755, -0.16246744520517667, 0.5213036857710898], [-0.5440306084466285, 0.16664552219444034, -0.8223502702654952]]	0.18483403735965856	0.8151659626403414	[[0.008637705366231964, -0.17975845170199228, -0.0421415525862576], [-0.1548471123764617, -0.03002951383678191, 0.09635466493154131], [-0.10055537380642188, 0.030801764675106997, -0.15199832057697782]]	0.48418469395648883	0.8993953330990757	[[-0.07787613775206398, -0.6046013555210855, 0.1194412263437696], [-0.3025470278219933, -0.20449889181052233, 0.005467019481306983], [0.08822819103889919, 0.08068721116293436, -0.5403023523989423]]	[[-0.10050316461885996, -0.1337124858803591, 0.22983374404939533], [0.10308498015148468, -0.12583464157596125, -0.24694024607215775], [0.35163948469259243, 0.0, -0.14213293846540753]]	0.8691315046614358	[[0.6896792577517965, -0.6896792577517964, 0.0], [-0.7071067811865475, -0.7071067811865476, 0.0], [0.0, 0.0, -0.9753537600000001]]
