2	[[-0.3195682178843842, -0.5708200961323295, -0.7563336379995778], [0.910087742671785, 0.03735879733279218, -0.41272826520656647], [0.2638493031197415, -0.8202248094963509, 0.507557688474819]]	0.12478378535143889	0.8752162146485608	[[-0.039876931905626856, -0.0712290923500643, -0.09437817433821216], [0.11356419353253157, 0.004661772147363047, -0.051501795254007936], [0.03292411480562055, -0.1023507565681175, 0.06333496965211424]]	0.38608224780069383	1.0879795134502992	[[-0.20678012101069518, -0.3037840109288079, 0.1975964914108464], [0.5465562570318286, -0.08124787455316981, -0.15934705636183205], [0.27994708410448377, -0.04011086988251703, 0.07801288779942911]]	[[-0.08340050512423028, -0.08340050512423026, 0.48960348245699964], [0.1951875356452465, -0.09567144300254483, 0.0], [0.1780795520753674, 0.27656336826973, -0.11794612545545324]]	0.9999999999999999	[[0.0, 0.0, 0.0], [0.0, 0.0, 0.0], [0.0, 0.0, 0.0]]
2	[[0.8489524140446696, -0.5135124485683378, 0.12483895166604869], [0.522794976890395, 0.7815435453534784, -0.34040431673891397], [0.0772347773085365, 0.35425224329800037, 0.9319550081910795]]	0.22315299559978388	0.7768470044002161	[[0.1894462743157361, -0.11459184117580455, 0.02785818603181542], [0.11666326517761143, 0.17440378333730422, -0.07596224299538633], [0.017235171920882114, 0.07905244928989225, 0.20796855184206048]]	0.0	0.42859481753711953	[[0.7034298259243772, -0.7034298259243772, 0.0], [0.7071067811865474, 0.7071067811865474, 0.0], [0.0, 0.0, 0.9947999999999996]]	[[0.7034298259243773, -0.7034298259243772, 0.0], [0.7071067811865474, 0.7071067811865475, 0.0], [0.0, 0.0, 0.9947999999999996]]	0.4285948175371196	[[0.7034298259243774, -0.7034298259243773, 0.0], [0.7071067811865475, 0.7071067811865476, 0.0], [0.0, 0.0, 0.9947999999999999]]
2	[[-0.30792515101507295, 0.09349718223056193, 0.9468053539599837], [0.3027085282091916, -0.9338174967034747, 0.1906631317268273], [0.9019698710720718, 0.34531602882779927, 0.2592434992682147]]	0.6408977809640956	0.35910221903590456	[[-0.19734854598859425, 0.0599221366179628, 0.6068054503578786], [0.1940052240081782, -0.5984815614627037, 0.12219557803538868], [0.5780704888665621, 0.2213122766070702, 0.16614858341036592]]	0.8257763362834339	0.2597872854703023	[[-0.13687581649339015, 0.1558119306325039, 0.7901249952722691], [0.2881426978241872, -0.8154314899267263, 0.15744510238170525], [0.736549836666283, 0.28515380514536476, 0.13687581649339015]]	[[0.11740148656135989, 0.07860417003732588, 0.008275538905653686], [0.0381731584378504, -0.04430709874156322, 0.0], [-0.008275538905653686, 0.0, -0.07720133053761336]]	0.4670309321654254	[[0.0, 0.0, 0.9947999999999999], [0.0, -1.0, 0.0], [0.9947999999999999, 0.0, 0.0]]
2	[[0.5319609947059123, -0.8460851799387872, 0.03402011756955908], [-0.703274286200726, -0.4190807785627857, 0.5742617690636116], [-0.47161719485230363, -0.3294103357928521, -0.8179645788128509]]	0.16122409327449658	0.8387759067255036	[[0.08576492902885999, -0.13640931596862022, 0.005484862608243976], [-0.11338475911598085, -0.06756591853255514, 0.09258483301948912], [-0.07603605461272427, -0.05310888270345003, -0.13187559754975736]]	0.48025464891186914	0.8078663781508275	[[0.2223075748705311, -0.5655282381791369, 0.24112393371959148], [-0.37166342025066457, -0.3948904038618379, 0.013985043483204352], [0.17421935288126938, -0.15820084516413715, -0.37300950995591553]]	[[-0.033169165876765494, -0.159191897138099, 0.2247856141002824], [-0.03391267484258947, -0.19362491168745438, -0.2618068408019493], [0.40071570321586303, 0.0, 0.019821781664195126]]	0.6469331922638043	[[0.6997719908295706, -0.6997719908295705, 0.0], [-0.7071067811865475, -0.7071067811865476, 0.0], [0.0, 0.0, -0.9896270399999998]]
2	[[-0.42203838922340475, -0.825029846081567, 0.3757783270710803], [0.2588054115689476, 0.28760896992378115, 0.9221175843470338], [-0.8688517462515349, 0.4864224845687207, 0.09214016247897017]]	0.11175364339098992	0.8882463566090102	[[-0.047164327646580184, -0.09220009120592274, 0.0419945971575643], [0.028922447672134532, 0.032141350260912256, 0.10304999968567949], [-0.09709734821023289, 0.054359484877852124, 0.010296998859662697]]	0.3584454760847359	1.1556789649318047	[[-0.23998675407621492, -0.49435137897584397, 0.3189310230374833], [0.18240645160989596, 0.006564881860487634, 0.040184985218571716], [0.19801025191040428, 0.1743559390595552, -0.09242625035198257]]	[[-0.08870900272499656, -0.19862316301302024, 0.18423498168816427], [0.08963882264675849, -0.09652725229008265, -0.29034389130880744], [0.5094462297425899, 0.0, -0.12545347475828197]]	1.0000000000000002	[[0.0, 0.0, 0.0], [0.0, 0.0, 0.0], [0.0, 0.0, 0.0]]
2	[[0.3802729664721569, 0.7767473726770865, -0.5020517802076895], [0.4287143634067757, 0.332951791095048, 0.839849450446521], [0.8195098935212374, -0.5346088512602871, -0.20639019011321075]]	0.13004514061406422	0.8699548593859362	[[0.04945265139659898, 0.10101222130139666, -0.06528939435265024], [0.05575221967250317, 0.04329876249066003, 0.1092183398779624], [0.10657327933758609, -0.06952328323566741, -0.02684004129463595]]	0.433260905900534	0.9405758212227594	[[0.13989038780700622, 0.32565002829585743, 0.14579923438185066], [0.2892319884771699, -0.25649006197020746, 0.3277479360090232], [0.6372466367395021, 0.0, -0.05425352077658155]]	[[-0.02486702213620392, -0.010884242046076693, 0.36331864348361], [0.10348681501497956, -0.4007450566012533, -0.03612599771150213], [0.2821850378780406, 0.23162511519947587, 0.03516727996085156]]	1.0000000000000007	[[0.0, 0.0, 0.0], [0.0, 0.0, 0.0], [0.0, 0.0, 0.0]]
2	[[0.034229894132735264, 0.2773841392786001, 0.9601491309293217], [-0.1827544195208179, -0.9427759796974285, 0.2788803941677556], [0.9825625356654255, -0.18501754344446375, 0.018422055382213542]]	0.8289062171829558	0.1710937828170443	[[0.02837337206013863, 0.22992543759597456, 0.7958735840501265], [-0.1514862745584681, -0.7814728709819508, 0.23116569257608596], [0.814452194584121, -0.15336219204903362, 0.015270156239605542]]	0.9290193242041614	0.12517620157784587	[[0.0005253998291654213, 0.2563977941259986, 0.8849051407852117], [-0.17368651646451558, -0.820740054428891, 0.2590852753235185], [0.9199115388381807, -0.17188487317668977, -0.0005253998291654213]]	[[-0.03127483328560829, -0.001297431491559464, -0.007091955965959712], [-0.003904129145961499, 0.055117049105530475, 0.0], [0.007091955965959712, 0.0, -0.017639845270801084]]	0.3405648682792811	[[0.0, 0.0, 0.9947999999999999], [0.0, -1.0, 0.0], [0.9947999999999999, 0.0, 0.0]]
2	[[-0.5446221603179724, 0.8109226453022452, -0.2139887049042392], [-0.8354447797583356, -0.5021691245819775, 0.22328947644507607], [0.07361197229480154, 0.30038414347728, 0.9509735242804028]]	0.25549782291407647	0.7445021770859236	[[-0.139149776272003, 0.20718897042644746, -0.05467364823123591], [-0.2134543223931848, -0.12830311806536276, 0.05704997511134089], [0.018807698661733083, 0.07674749469635461, 0.2429716651025695]]	0.6137186213689922	0.5845413450106464	[[-0.3891098247723461, 0.5525433912867882, 0.14484364218184018], [-0.6166061083839071, -0.38712131788203286, 0.1370369096500762], [0.19831451268150285, 0.0065253305155712265, 0.5060392435543992]]	[[-0.05486506337499791, 0.0548650633749979, 0.276172495144206], [-0.10387808992070005, -0.07893077504950792, 0.0], [0.15313747452848478, -0.1778260119004106, -0.07759091672538142]]	0.3830957731960112	[[-0.6997719908295706, 0.6997719908295705, 0.0], [-0.7071067811865475, -0.7071067811865476, 0.0], [0.0, 0.0, 0.9896270399999998]]
2	[[0.04673222253661188, -0.9725397674033924, -0.22799671093185395], [-0.8377629715199755, -0.16246744520517667, 0.5213036857710898], [-0.5440306084466285, 0.16664552219444034, -0.8223502702654952]]	0.18597726017697658	0.8140227398230232	[[0.008691130709339828, -0.18087028135483701, -0.04240220362846831], [-0.1558048621210075, -0.030215250327211847, 0.0969506311998668], [-0.10117732201131757, 0.030992277638483553, -0.15293845016977303]]	0.4868201995764523	0.9024212911424146	[[-0.08098300908025084, -0.6101213546587525, 0.12190251153738017], [-0.30301005015463534, -0.2060072194735617, 0.007247626719841798], [0.09126977873028616, 0.08112640637321958, -0.5470376195613371]]	[[-0.10373319898217541, -0.1366693509953967, 0.23289591585600003], [0.10482988683848087, -0.12691478537410122, -0.24653353762718028], [0.35611486810997267, 0.0, -0.1467008968689394]]	0.8671682650086655	[[0.6997719908295706, -0.6997719908295705, 0.0], [-0.7071067811865475, -0.7071067811865476, 0.0], [0.0, 0.0, -0.9896270399999998]]
2	[[0.8787972042104137, -0.3840163418041313, 0.28327887866788265], [-0.395223040501579, -0.9183905790867732, -0.018907472103605397], [0.2674214316928388, -0.09534250611366366, -0.9588511794847616]]	0.6592125102140868	0.34078748978591344	[[0.5793141109566681, -0.25314837664393214, 0.18674098069728667], [-0.2605359726234895, -0.6054145589967606, -0.012464042147220532], [0.17628755327128115, -0.06285097278529013, -0.6320866929498875]]	0.8515910760866386	0.2764968114875587	[[0.6299669834118111, -0.27568782226365024, 0.2480011946880729], [-0.3445199260755437, -0.8506257415620463, -0.016101434514787426], [0.2209702752132598, -0.08119282737813176, -0.7375603675818918]]	[[-0.11840887338366476, 0.051337067488184444, 0.006763429570674322], [-0.00795151172057095, -0.06853252004970999, 0.0], [-0.006763429570674322, 0.0, 0.07898874016247925]]	0.4701411132886361	[[0.6997719908295706, -0.6997719908295705, 0.0], [-0.7071067811865475, -0.7071067811865476, 0.0], [0.0, 0.0, -0.9896270399999998]]
2	[[-0.8305561570912853, 0.32773595720904825, 0.4502950280316503], [-0.5100865793185324, -0.772219296347621, -0.37879947194723407], [0.22358030216652452, -0.5443036842615101, 0.808545204538665]]	0.20046984301778964	0.7995301569822102	[[-0.16650146242954866, 0.06570117589298291, 0.09027057358119613], [-0.1022569764814675, -0.1548066811141155, -0.07593787067648362], [0.04482110807719315, -0.10911647413790947, 0.1620889302266528]]	0.5485211770405669	0.6266298996698686	[[-0.4243391836346491, 0.1788744486068538, 0.4374255849038916], [-0.3488079650003699, -0.5959027566865661, -0.06672461059678106], [0.35599861094467106, -0.2626145837553963, 0.2962112382949437]]	[[0.031238457251352658, -0.0008956643999701829, 0.1904292261124558], [-0.06901467411997207, -0.17232411932053077, 0.14105492161806096], [0.2333600804372034, 0.0359475138032443, -0.1472929289891107]]	0.6817327926972027	[[-0.6997719908295706, 0.6997719908295705, 0.0], [-0.7071067811865475, -0.7071067811865476, 0.0], [0.0, 0.0, 0.9896270399999998]]
2	[[0.08740825448676931, -0.06334395238859675, -0.994156597696443], [0.7119981850616444, -0.6940087028176986, 0.10681996481098455], [-0.6967197295301035, -0.717174639895393, -0.015561310176609944]]	0.1724589720174284	0.8275410279825718	[[0.015074337714625994, -0.01092423291245832, -0.17145122486307268], [0.12279047507400602, -0.1196880274590893, 0.01842206132224027], [-0.12015556833902241, -0.12368320115332887, -0.0026836875563024908]]	0.47359760765623676	1.029605970740898	[[0.06624666514497751, -0.016184769799064823, 0.0010533788002669124], [0.6346979780311313, -0.6373294238719461, 0.03943845818988374], [0.011510584239228235, -0.013783437445356284, 0.02777386727464455]]	[[0.024850324930636, 0.013814774511665165, 0.4718835651049662], [0.29749734093035385, -0.3086485625248758, -0.011151221594521943], [0.34147538135158567, 0.32586875628082496, 0.035143666546283675]]	0.7874236801637581	[[0.0, 0.0, -0.9896270399999998], [0.0, -1.0, 0.0], [-0.9896270399999998, 0.0, 0.0]]
2	[[0.8592155572171323, 0.2624339665249735, -0.4391776855101157], [-0.4266000482917053, 0.8413623931712975, -0.33184593135155627], [0.2824199444684594, 0.4724804086637203, 0.8348660002631537]]	0.18006128029653615	0.8199387197034641	[[0.15471145328321856, 0.04725419600578505, -0.07907889633062096], [-0.07681415086996862, 0.1514967897077813, -0.059752603260357674], [0.05085289678226744, 0.0850754272990201, 0.15032704088343174]]	0.0	0.6892547588325462	[[0.7034298259243774, 0.7034298259243773, 0.0], [-0.7071067811865475, 0.7071067811865476, 0.0], [0.0, 0.0, 0.9947999999999999]]	[[0.7034298259243774, 0.7034298259243773, 0.0], [-0.7071067811865475, 0.7071067811865476, 0.0], [0.0, 0.0, 0.9947999999999999]]	0.6892547588325462	[[0.7034298259243774, 0.7034298259243773, 0.0], [-0.7071067811865475, 0.7071067811865476, 0.0], [0.0, 0.0, 0.9947999999999999]]
2	[[0.22433838825039393, -0.7661379269479729, -0.6022499185961573], [-0.9416906372873723, -0.011392912655017143, -0.3362869982418849], [0.2507808429735371, 0.642575192824231, -0.724020780340167]]	0.1529656687151958	0.8470343312848042	[[0.03431607157721073, -0.11719280032367045, -0.09212356153173346], [-0.14404633805550182, -0.0017427245028885097, -0.05144036556629579], [0.03836085934640765, 0.09829194407015439, -0.11075032282843154]]	0.42860825128383495	0.8495159210043057	[[0.1709708753676721, -0.3325422472193071, 0.12254058731047437], [-0.4909435699898277, -0.28186013541121213, -0.14413538224594435], [0.30677311477276087, 0.03518728622415607, -0.3371425313778522]]	[[0.0748175910838367, -0.004169210107913934, 0.3806698717558053], [-0.08732719269172695, -0.27697703904111587, 0.0], [0.1992863762103872, -0.24022574349061065, -0.026821250823095583]]	0.950207267382239	[[0.6997719908295706, -0.6997719908295705, 0.0], [-0.7071067811865475, -0.7071067811865476, 0.0], [0.0, 0.0, -0.9896270399999998]]
