2	[[0.8787972042104137, -0.3840163418041313, 0.28327887866788265], [-0.395223040501579, -0.9183905790867732, -0.018907472103605397], [0.2674214316928388, -0.09534250611366366, -0.9588511794847616]]	0.6430787208822679	0.356921279117732	[[0.5651357819985462, -0.24695273788528846, 0.1821706189467052], [-0.2541595273489562, -0.5905974388694475, -0.012158992975503725], [0.17197303222953553, -0.06131273687728463, -0.6166167900195145]]	0.8445431908564722	0.28831209396969887	[[0.6194690085871919, -0.2703033769131934, 0.2460128674168463], [-0.34556179256853364, -0.8501642848120414, -0.01596817682140864], [0.21907732990084694, -0.08052086433748622, -0.7249312145309121]]	[[-0.12271318637241778, 0.05401500973509736, 0.0067716193244292105], [-0.01177886484333341, -0.07454377469757484, 0.0], [-0.0067716193244292105, 0.0, 0.08486002014764055]]	0.47393925616026683	[[0.6860526767767183, -0.6860526767767182, 0.0], [-0.7071067811865475, -0.7071067811865476, 0.0], [0.0, 0.0, -0.9702250000000002]]
2	[[-0.3195682178843842, -0.5708200961323295, -0.7563336379995778], [0.910087742671785, 0.03735879733279218, -0.41272826520656647], [0.2638493031197415, -0.8202248094963509, 0.507557688474819]]	0.12322951696678192	0.8767704830332181	[[-0.03938023712782798, -0.07034188472131898, -0.09320262887641681], [0.11214967292683295, 0.004603706549779894, -0.05086030475994304], [0.03251402217546777, -0.10107590707840604, 0.0625460887835283]]	0.3823694445918437	1.0849072491369613	[[-0.20316917844680654, -0.299240219585131, 0.19552429525234788], [0.5452602188974058, -0.08040130662523451, -0.15781467753438996], [0.2737308564786964, -0.04125610254963951, 0.07955711415993284]]	[[-0.08097605646514933, -0.08097605646514933, 0.484723168340375], [0.19727047420215066, -0.09468616921199353, 0.0], [0.17284294498885577, 0.272372802297931, -0.11451743728050372]]	0.9951281864810967	[[1.9372818443054047e-16, -0.9702250000000002, 0.0], [1.0, 1.7938038903913487e-16, 0.0], [0.0, 0.0, 0.9702250000000002]]
2	[[0.8489524140446696, -0.5135124485683378, 0.12483895166604869], [0.522794976890395, 0.7815435453534784, -0.34040431673891397], [0.0772347773085365, 0.35425224329800037, 0.9319550081910795]]	0.22131101476261586	0.7786889852373841	[[0.18788252023739827, -0.11364596108589442, 0.027628235075114416], [0.11570028684841163, 0.17296419510335076, -0.07533522476706396], [0.01709290694111687, 0.07839992344621355, 0.20625190857586975]]	0.0	0.4316765029879684	[[0.6965001794687494, -0.6965001794687493, 0.0], [0.7071067811865475, 0.7071067811865476, 0.0], [0.0, 0.0, 0.9850000000000001]]	[[0.6965001794687494, -0.6965001794687493, 0.0], [0.7071067811865475, 0.7071067811865476, 0.0], [0.0, 0.0, 0.9850000000000001]]	0.4316765029879684	[[0.6965001794687494, -0.6965001794687493, 0.0], [0.7071067811865475, 0.7071067811865476, 0.0], [0.0, 0.0, 0.9850000000000001]]
2	[[0.3802729664721569, 0.7767473726770865, -0.5020517802076895], [0.4287143634067757, 0.332951791095048, 0.839849450446521], [0.8195098935212374, -0.5346088512602871, -0.20639019011321075]]	0.12919660692501458	0.8708033930749859	[[0.04912997697351251, 0.10035312498779936, -0.06486338650349663], [0.05538844109217306, 0.04301624167908648, 0.1085056993255287], [0.10587789758442379, -0.06906964961490893, -0.026664912265235513]]	0.4295099813672362	0.9429613618372862	[[0.14160777753263284, 0.32340164458333515, 0.1410376001580043], [0.2869955417165231, -0.26039124318504503, 0.3278010882033165], [0.6267808386684715, 0.0, -0.057925321742784364]]	[[-0.021723257211286928, -0.010219104982249927, 0.3566738509203968], [0.10285844347781234, -0.4033973607744672, -0.03292263360925233], [0.27479315957189904, 0.22961983774356556, 0.030721324967121114]]	1.0000000000000007	[[0.0, 0.0, 0.0], [0.0, 0.0, 0.0], [0.0, 0.0, 0.0]]
2	[[-0.42203838922340475, -0.825029846081567, 0.3757783270710803], [0.2588054115689476, 0.28760896992378115, 0.9221175843470338], [-0.8688517462515349, 0.4864224845687207, 0.09214016247897017]]	0.11093157932397436	0.8890684206760258	[[-0.046817385051898495, -0.09152186381524371, 0.04168568329771591], [0.028709693042934553, 0.0319049172613865, 0.10229195995402461], [-0.09638309641007586, 0.05395961443189975, 0.01022125374295977]]	0.3555342332686051	1.1513216801071364	[[-0.23816642119135917, -0.48702709795019433, 0.3133109858385707], [0.18283572091122702, 0.00785240179053677, 0.03737765157401485], [0.1917535414926507, 0.17293984509575006, -0.09185773558648362]]	[[-0.08811732606889884, -0.1937007441998692, 0.17970892644439507], [0.09082153734329541, -0.094402432812488, -0.2904667167603061], [0.5006600809202788, 0.0, -0.12461671760668899]]	1.0000000000000002	[[0.0, 0.0, 0.0], [0.0, 0.0, 0.0], [0.0, 0.0, 0.0]]
2	[[0.034229894132735264, 0.2773841392786001, 0.9601491309293217], [-0.1827544195208179, -0.9427759796974285, 0.2788803941677556], [0.9825625356654255, -0.18501754344446375, 0.018422055382213542]]	0.8262328674950175	0.1737671325049826	[[0.02828186358334073, 0.22918389279379509, 0.7933067696705824], [-0.15099770808807275, -0.7789525011108307, 0.23042014776136546], [0.81182546133602, -0.15286757545700325, 0.015220907643598318]]	0.9209225263132153	0.12621500546282965	[[0.0, 0.24918020615046463, 0.8727502798936021], [-0.1756157834740813, -0.8208762359096359, 0.25682723713619476], [0.9053875676039207, -0.17038682352114057, 0.0]]	[[-0.031523080580152456, -0.00626909615320053, -0.011472683399266707], [-0.007313121754064539, 0.04734740106073661, 0.0], [0.000523594998198435, 0.0, -0.01696528578247005]]	0.3447041473927179	[[0.0, 0.0, 0.9850000000000001], [0.0, -1.0, 0.0], [0.9850000000000001, 0.0, 0.0]]
2	[[-0.30792515101507295, 0.09349718223056193, 0.9468053539599837], [0.3027085282091916, -0.9338174967034747, 0.1906631317268273], [0.9019698710720718, 0.34531602882779927, 0.2592434992682147]]	0.6253040902899102	0.3746959097100899	[[-0.1925468564328634, 0.058464170479351485, 0.5920412605395641], [0.18928488085484618, -0.5839199002729676, 0.1192224361362691], [0.5640054496996295, 0.21592752526869144, 0.162106020473484]]	0.8181510890237179	0.2687279300343423	[[-0.1295105360400067, 0.15134660942420042, 0.7834557724365137], [0.2911908939089484, -0.8147710916144639, 0.1559912488589764], [0.7291216912835318, 0.2825206850428095, 0.1295105360400067]]	[[0.122418761600768, 0.07485178796161719, 0.008825941000666249], [0.043529581897831446, -0.05076728973711391, 0.0], [-0.008825941000666249, 0.0, -0.08258981520860263]]	0.46858224916825997	[[0.0, 0.0, 0.9850000000000001], [0.0, -1.0, 0.0], [0.9850000000000001, 0.0, 0.0]]
2	[[-0.5446221603179724, 0.8109226453022452, -0.2139887049042392], [-0.8354447797583356, -0.5021691245819775, 0.22328947644507607], [0.07361197229480154, 0.30038414347728, 0.9509735242804028]]	0.252453359631952	0.7475466403680481	[[-0.13749169410228368, 0.20472014620818157, -0.054022167476365575], [-0.21091084143696803, -0.12677428260415646, 0.056370178499019055], [0.018583589714956807, 0.07583298620100562, 0.2400764611256253]]	0.6105055627124679	0.5834509087726371	[[-0.3857350682955691, 0.5483129957314957, 0.14331066250278965], [-0.6152483236771521, -0.385339540949781, 0.13631946746487353], [0.1948582768231125, 0.007813605721005992, 0.5052815997391263]]	[[-0.05324020984496546, 0.05324020984496546, 0.27395195720446447], [-0.10520463829559558, -0.07876249697003351, 0.0], [0.14991775825490009, -0.17557258482249355, -0.07529302682633973]]	0.38864255556067745	[[-0.6860526767767183, 0.6860526767767182, 0.0], [-0.7071067811865475, -0.7071067811865476, 0.0], [0.0, 0.0, 0.9702250000000002]]
2	[[0.8592155572171323, 0.2624339665249735, -0.4391776855101157], [-0.4266000482917053, 0.8413623931712975, -0.33184593135155627], [0.2824199444684594, 0.4724804086637203, 0.8348660002631537]]	0.17810656031083266	0.8218934396891675	[[0.15303192746149885, 0.046741211086491236, -0.07822042693147933], [-0.07598026722967073, 0.14985216182263023, -0.059103937386170396], [0.05030084487245365, 0.08415186040135177, 0.14869511162733298]]	0.0	0.6888671730285576	[[0.6965001794687495, 0.6965001794687494, 0.0], [-0.7071067811865476, 0.7071067811865477, 0.0], [0.0, 0.0, 0.9850000000000003]]	[[0.6965001794687495, 0.6965001794687494, 0.0], [-0.7071067811865476, 0.7071067811865477, 0.0], [0.0, 0.0, 0.9850000000000003]]	0.6888671730285577	[[0.6965001794687494, 0.6965001794687493, 0.0], [-0.7071067811865475, 0.7071067811865476, 0.0], [0.0, 0.0, 0.9850000000000001]]
2	[[0.5319609947059123, -0.8460851799387872, 0.03402011756955908], [-0.703274286200726, -0.4190807785627857, 0.5742617690636116], [-0.47161719485230363, -0.3294103357928521, -0.8179645788128509]]	0.1593973795167735	0.8406026204832264	[[0.08479318856125866, -0.13486376053022048, 0.0054227175914402515], [-0.11210007830192514, -0.06680037790875726, 0.09153582114540623], [-0.07517454499450878, -0.052507144311121044, -0.13038141040030976]]	0.47678951504004863	0.8067806932204817	[[0.2213374715724902, -0.5558453376892593, 0.23866641048769985], [-0.37399851758996683, -0.39579881115427307, 0.011424113358466695], [0.16726755669519974, -0.15705939425185353, -0.36584148220116]]	[[-0.032295953113563605, -0.15244079506367247, 0.22244597513010433], [-0.03868471173218625, -0.1959854899807165, -0.26237787701941306], [0.39212969031337774, 0.0, 0.024155452650956775]]	0.6536148478295254	[[0.6860526767767183, -0.6860526767767182, 0.0], [-0.7071067811865475, -0.7071067811865476, 0.0], [0.0, 0.0, -0.9702250000000002]]
2	[[0.04673222253661188, -0.9725397674033924, -0.22799671093185395], [-0.8377629715199755, -0.16246744520517667, 0.5213036857710898], [-0.5440306084466285, 0.16664552219444034, -0.8223502702654952]]	0.18441833216786666	0.8155816678321333	[[0.008618278538699557, -0.17935416187145864, -0.04204677316981171], [-0.15449884995970986, -0.02996197527631292, 0.09613795628286602], [-0.10032921745799703, 0.030732489266341895, -0.151656465300157]]	0.48322782060273933	0.8983252390129645	[[-0.07676253356034343, -0.6026087134772927, 0.11855919081775065], [-0.3023769544506254, -0.20395380797008647, 0.004819244072525552], [0.08714026309521784, 0.08052775250322486, -0.5378773540556314]]	[[-0.09934484360863256, -0.13265044122545608, 0.22873354454594316], [0.10245342045864712, -0.12544501850469394, -0.24708919987481343], [0.3500309883560644, 0.0, -0.14049482518316225]]	0.8698674408513378	[[0.6860526767767183, -0.6860526767767182, 0.0], [-0.7071067811865475, -0.7071067811865476, 0.0], [0.0, 0.0, -0.9702250000000002]]
2	[[-0.8305561570912853, 0.32773595720904825, 0.4502950280316503], [-0.5100865793185324, -0.772219296347621, -0.37879947194723407], [0.22358030216652452, -0.5443036842615101, 0.808545204538665]]	0.19807706118813184	0.801922938811868	[[-0.16451412274835014, 0.06491697524964761, 0.08919311582013671], [-0.10103645058292181, -0.1529589288133038, -0.07503148618292431], [0.04428612919269968, -0.10781407417239273, 0.16015425795277577]]	0.5439681860347891	0.6320951735590333	[[-0.4165930093833887, 0.17366587557381497, 0.4317957986991726], [-0.3495991757021378, -0.5972072133511946, -0.06543372417916779], [0.35021671897263396, -0.2604347557234588, 0.290818235689173]]	[[0.03520311678958304, -0.0046120585675662705, 0.1868496291203113], [-0.07212830442954513, -0.17714448349591796, 0.1406211374469051], [0.22859614756999957, 0.035649132056327436, -0.14900463255085217]]	0.6808274668135241	[[-0.6860526767767183, 0.6860526767767182, 0.0], [-0.7071067811865475, -0.7071067811865476, 0.0], [0.0, 0.0, 0.9702250000000002]]
2	[[0.22433838825039393, -0.7661379269479729, -0.6022499185961573], [-0.9416906372873723, -0.011392912655017143, -0.3362869982418849], [0.2507808429735371, 0.642575192824231, -0.724020780340167]]	0.15098084060458583	0.8490191593954143	[[0.03387079843792241, -0.11567214822965968, -0.09092819896369127], [-0.14217724400711557, -0.0017201115295890773, -0.05077289367895265], [0.037863102479671285, 0.09701654276425623, -0.1093132660309466]]	0.42449163012059493	0.8686312820276544	[[0.02090477770169411, -0.3285734115516519, 0.11993188452896181], [-0.4868632755179585, -0.12968948788495382, -0.14275101607205934], [0.30191514431845373, 0.036234156026879974, -0.3347729063009166]]	[[-0.07432499042534252, -0.003354274044293476, 0.37558193421384023], [-0.08712348182654014, -0.12485329182020406, 0.0], [0.19546077548160007, -0.23653363505013345, -0.027432145013133832]]	0.9515903033149792	[[0.6860526767767183, -0.6860526767767182, 0.0], [-0.7071067811865475, -0.7071067811865476, 0.0], [0.0, 0.0, -0.9702250000000002]]
2	[[0.08740825448676931, -0.06334395238859675, -0.994156597696443], [0.7119981850616444, -0.6940087028176986, 0.10681996481098455], [-0.6967197295301035, -0.717174639895393, -0.015561310176609944]]	0.16921953495989095	0.8307804650401088	[[0.014791184175906906, -0.010719034165719808, -0.1682307171394996], [0.12048400176841784, -0.1174398299489281, 0.018076024769746717], [-0.1178985886284651, -0.12135995904812565, -0.002633277671452529]]	0.4690208715961975	1.028719903874625	[[0.06526279867375079, -0.015977572074579303, 0.0007782221387563522], [0.6347765440870221, -0.6371968295853653, 0.0392430648595601], [0.010933051881587712, -0.013558674914633539, 0.027019438348853564]]	[[0.024266502969664053, 0.01373206368506843, 0.4670584160934524], [0.3008345347544989, -0.31169226289446195, -0.010857728139963017], [0.3377091466840639, 0.32281119977579276, 0.034318017611065885]]	0.7933619811454308	[[0.0, 0.0, -0.9702250000000002], [0.0, -1.0, 0.0], [-0.9702250000000002, 0.0, 0.0]]
