2	[[0.22433838825039393, -0.7661379269479729, -0.6022499185961573], [-0.9416906372873723, -0.011392912655017143, -0.3362869982418849], [0.2507808429735371, 0.642575192824231, -0.724020780340167]]	0.13517019233373	0.8648298076662698	[[0.030323863087644745, -0.10355901093972267, -0.08140623732961587], [-0.12728850456100693, -0.0015399821948200304, -0.04545597823168831], [0.03389809477834796, 0.08685701240293496, -0.09786602813219768]]	0.39120392047128644	0.8698749218083883	[[0.01772419966165861, -0.2975226663066024, 0.1007626360187352], [-0.45386930976854456, -0.12186986497205712, -0.13155679211574597], [0.2652030613800367, 0.04283723816782373, -0.31444389249628035]]	[[-0.07003785733410507, 0.0021934943371886007, 0.33636516527706506], [-0.08547624059062035, -0.11741291287582752, 0.0], [0.16709661242969492, -0.2085406964626083, -0.031204124724526883]]	0.968773877257247	[[0.5845260305755124, -0.5845260305755123, 0.0], [-0.7071067811865475, -0.7071067811865476, 0.0], [0.0, 0.0, -0.82664464]]
2	[[0.8489524140446696, -0.5135124485683378, 0.12483895166604869], [0.522794976890395, 0.7815435453534784, -0.34040431673891397], [0.0772347773085365, 0.35425224329800037, 0.9319550081910795]]	0.2057554962631666	0.7942445037368336	[[0.17467662525557429, -0.10565800869249214, 0.025686300453021338], [0.10756793991397395, 0.16080688002547963, -0.07004005912073939], [0.015891479933893116, 0.0728893461221201, 0.191754865205299]]	0.0	0.4587312074822549	[[0.6429014854548086, -0.6429014854548086, 0.0], [0.7071067811865471, 0.707106781186547, 0.0], [0.0, 0.0, 0.9091999999999995]]	[[0.6429014854548087, -0.6429014854548086, 0.0], [0.7071067811865471, 0.7071067811865472, 0.0], [0.0, 0.0, 0.9091999999999995]]	0.4587312074822549	[[0.6429014854548091, -0.642901485454809, 0.0], [0.7071067811865475, 0.7071067811865476, 0.0], [0.0, 0.0, 0.9092]]
2	[[0.034229894132735264, 0.2773841392786001, 0.9601491309293217], [-0.1827544195208179, -0.9427759796974285, 0.2788803941677556], [0.9825625356654255, -0.18501754344446375, 0.018422055382213542]]	0.7242424106664765	0.2757575893335235	[[0.02479074104355047, 0.20089335771177902, 0.6953807211835743], [-0.13235850135370966, -0.6827983482545148, 0.20197700895967252], [0.7116134594608936, -0.13399755167980795, 0.013342033799445676]]	0.8555232300617296	0.22050168546403115	[[0.002479141641458975, 0.1997071749739482, 0.773438264546495], [-0.18848203593775803, -0.8206170400776993, 0.23858865561928663], [0.7895682488833061, -0.15828680638569403, -0.0035060357323951795]]	[[-0.02680532795164975, -0.0376013998295725, -0.04799162128712093], [-0.032131384641251474, -0.014050288702343358, 0.0], [-0.051036825366822296, 0.0, -0.019266532057362583]]	0.37910710844119466	[[0.0, 0.0, 0.9092], [0.0, -1.0, 0.0], [0.9092, 0.0, 0.0]]
2	[[-0.42203838922340475, -0.825029846081567, 0.3757783270710803], [0.2588054115689476, 0.28760896992378115, 0.9221175843470338], [-0.8688517462515349, 0.4864224845687207, 0.09214016247897017]]	0.1041356810516787	0.8958643189483215	[[-0.0439492550917327, -0.08591504490966563, 0.0391319320140074], [0.02695087779359238, 0.0299503559595847, 0.09602534265570714], [-0.09047846832884389, 0.0506539367094134, 0.009595078571959889]]	0.33166926321638796	1.1233423936038394	[[-0.22306888866632796, -0.4314903873932363, 0.27136441058569], [0.18635466442354343, 0.01840687165543641, 0.014364478992631735], [0.14679115545160049, 0.16133138706879246, -0.08694938753226611]]	[[-0.08309172706357018, -0.15785334621183283, 0.14673028971333807], [0.10051686425205655, -0.07698418349360842, -0.2914735808066245], [0.43496257397511917, 0.0, -0.11750944733430448]]	1.0000000000000002	[[0.0, 0.0, 0.0], [0.0, 0.0, 0.0], [0.0, 0.0, 0.0]]
2	[[-0.30792515101507295, 0.09349718223056193, 0.9468053539599837], [0.3027085282091916, -0.9338174967034747, 0.1906631317268273], [0.9019698710720718, 0.34531602882779927, 0.2592434992682147]]	0.5171642268445203	0.48283577315547976	[[-0.15924787265069235, 0.04835339796040978, 0.48965385885296725], [0.15655002195054923, -0.482937003696538, 0.09860415110725956], [0.46646655101003964, 0.1785850970657489, 0.13407146386351423]]	0.7574824999954471	0.34174987968814596	[[-0.07628902879603394, 0.11938731364765816, 0.7296546139976208], [0.3164247805501784, -0.8091101908256298, 0.1444239856773984], [0.6707602653893057, 0.26157084880498127, 0.07628902879603394]]	[[0.15695888440633912, 0.048564834309122215, 0.012466127470938242], [0.08712836783233768, -0.10175977888319149, 0.0], [-0.012466127470938242, 0.0, -0.12008338513722121]]	0.48534498372936147	[[0.0, 0.0, 0.9092], [0.0, -1.0, 0.0], [0.9092, 0.0, 0.0]]
2	[[0.04673222253661188, -0.9725397674033924, -0.22799671093185395], [-0.8377629715199755, -0.16246744520517667, 0.5213036857710898], [-0.5440306084466285, 0.16664552219444034, -0.8223502702654952]]	0.1716185980020342	0.8283814019979656	[[0.008020118513252378, -0.16690591138299465, -0.03912847587919983], [-0.14377570663027628, -0.02788243516708474, 0.0894654076853274], [-0.09336577029180401, 0.02859947088232672, -0.1411306004495582]]	0.45172952810022865	0.8595575844626321	[[-0.04692409306281332, -0.5338677063258781, 0.08873331539877141], [-0.30954152209816976, -0.17968676555318197, 0.0], [0.06274392903563597, 0.06274392903563596, -0.46769509601730724]]	[[-0.06803441789635183, -0.09454277613803738, 0.191726162036422], [0.06890074968639409, -0.10629542319899775, -0.23548826797028427], [0.30849861906131176, -0.012534774065274767, -0.09621519649717956]]	0.8965912436289174	[[0.5845260305755124, -0.5845260305755123, 0.0], [-0.7071067811865475, -0.7071067811865476, 0.0], [0.0, 0.0, -0.82664464]]
2	[[0.8592155572171323, 0.2624339665249735, -0.4391776855101157], [-0.4266000482917053, 0.8413623931712975, -0.33184593135155627], [0.2824199444684594, 0.4724804086637203, 0.8348660002631537]]	0.16243861739093554	0.8375613826090645	[[0.13956978715513327, 0.042629410678735755, -0.07133941602321434], [-0.06929632202341093, 0.13666974387147435, -0.05390459427555411], [0.04587590530308128, 0.07674906432763894, 0.13561447878944716]]	0.0	0.689838783795084	[[0.642901485454809, 0.6429014854548089, 0.0], [-0.7071067811865474, 0.7071067811865474, 0.0], [0.0, 0.0, 0.9091999999999996]]	[[0.642901485454809, 0.6429014854548089, 0.0], [-0.7071067811865474, 0.7071067811865475, 0.0], [0.0, 0.0, 0.9091999999999997]]	0.6898387837950841	[[0.6429014854548091, 0.642901485454809, 0.0], [-0.7071067811865475, 0.7071067811865476, 0.0], [0.0, 0.0, 0.9092]]
2	[[0.08740825448676931, -0.06334395238859675, -0.994156597696443], [0.7119981850616444, -0.6940087028176986, 0.10681996481098455], [-0.6967197295301035, -0.717174639895393, -0.015561310176609944]]	0.14507752784733519	0.8549224721526648	[[0.012680973474391236, -0.009189784016616923, -0.14422978148691779], [0.10329493652053279, -0.10068506690932763, 0.015497176419516973], [-0.10107837596269145, -0.10404592379082646, -0.0022575964104881267]]	0.43203266356672726	1.0223972287225822	[[0.057773291480866955, -0.014371307590946267, -0.0010894107442892473], [0.6354114982511301, -0.6361252307447877, 0.037663937495697915], [0.0068922532571223365, -0.011865250569600746, 0.02157551876875087]]	[[0.020010070477229663, 0.012995348880343146, 0.42841871216094046], [0.32780502590427224, -0.3362908023279681, -0.008485776423695818], [0.3078979337655028, 0.29797761934691436, 0.02829851305293966]]	0.8407314581504604	[[0.0, 0.0, -0.82664464], [0.0, -1.0, 0.0], [-0.82664464, 0.0, 0.0]]
2	[[-0.8305561570912853, 0.32773595720904825, 0.4502950280316503], [-0.5100865793185324, -0.772219296347621, -0.37879947194723407], [0.22358030216652452, -0.5443036842615101, 0.808545204538665]]	0.1793051709738174	0.8206948290261824	[[-0.14892301375060965, 0.058764751841636105, 0.08074022698987496], [-0.09146116131615914, -0.13846291296089122, -0.06792070408229055], [0.040089104306346435, -0.09759646516818879, 0.14497633613986546]]	0.5069145301285439	0.6747871392899918	[[-0.36012801457625826, 0.13644690873558737, 0.38859794994482494], [-0.35586857122548576, -0.6068724285952561, -0.05489166639118828], [0.3068658534284928, -0.2426946376938597, 0.2511120425858704]]	[[0.0608929695410396, -0.02968721001926586, 0.16033685739094145], [-0.09729827254535572, -0.21542324683100725, 0.1371272899438844], [0.19352974960975122, 0.03322080866079897, -0.1587512698605344]]	0.6885340561801269	[[-0.5845260305755124, 0.5845260305755123, 0.0], [-0.7071067811865475, -0.7071067811865476, 0.0], [0.0, 0.0, 0.82664464]]
2	[[-0.5446221603179724, 0.8109226453022452, -0.2139887049042392], [-0.8354447797583356, -0.5021691245819775, 0.22328947644507607], [0.07361197229480154, 0.30038414347728, 0.9509735242804028]]	0.22862436730517538	0.7713756326948248	[[-0.1245138968230742, 0.18539667671566498, -0.04892303226918556], [-0.1910030341906611, -0.1148080983877484, 0.05104941527815939], [0.016829490591985123, 0.06867513475100016, 0.21741572031257989]]	0.5834442381627684	0.5803920271022689	[[-0.32495035842504294, 0.5145484937741724, 0.13147963124510512], [-0.603812661728216, -0.4117372028414196, 0.13027695847426082], [0.16912041225373106, 0.01681986542890995, 0.49626280438827325]]	[[-0.0071936970117625065, 0.04142034877686711, 0.2563301081533964], [-0.11637721867505213, -0.1187495205208234, 0.0], [0.1261719311585317, -0.15843753231836738, -0.0585772189984693]]	0.44454406837519983	[[-0.5845260305755124, 0.5845260305755123, 0.0], [-0.7071067811865475, -0.7071067811865476, 0.0], [0.0, 0.0, 0.82664464]]
2	[[0.3802729664721569, 0.7767473726770865, -0.5020517802076895], [0.4287143634067757, 0.332951791095048, 0.839849450446521], [0.8195098935212374, -0.5346088512602871, -0.20639019011321075]]	0.12164229657963585	0.8783577034203647	[[0.04625727696882402, 0.09448533427463908, -0.06107073154635795], [0.05214979974147681, 0.04050102051910481, 0.10216121593345989], [0.09968706551765613, -0.06503104843910228, -0.025105776716878594]]	0.39891373468126945	0.8997271378026418	[[0.2035484701631879, 0.32950282224808286, 0.10693906968016945], [0.23825021202303648, -0.20771765633638542, 0.3282346500182937], [0.5481177385648005, 0.0, -0.08226396591837849]]	[[0.051852360909454664, 0.01964762690960251, 0.3072144203261986], [0.06723016420493667, -0.3405366987909289, -0.006792830829339715], [0.22120398633199428, 0.21326281344990444, 6.79156212596288e-05]]	1.0000000000000007	[[0.0, 0.0, 0.0], [0.0, 0.0, 0.0], [0.0, 0.0, 0.0]]
2	[[0.8787972042104137, -0.3840163418041313, 0.28327887866788265], [-0.395223040501579, -0.9183905790867732, -0.018907472103605397], [0.2674214316928388, -0.09534250611366366, -0.9588511794847616]]	0.5354390534006941	0.4645609465993059	[[0.47054234315360055, -0.20561734654600144, 0.1516785746423412], [-0.21161785068830957, -0.49174218231833705, -0.010123798965354504], [0.14318787824467194, -0.05105010122234995, -0.5134063678954599]]	0.785262479332093	0.3768697603702412	[[0.5409012556039884, -0.2319820007139087, 0.2291860832090983], [-0.3511950991598596, -0.841432588812912, -0.014847328421979559], [0.20325820787371485, -0.07486889273655076, -0.625590686545171]]	[[-0.1491852158043928, 0.06957162395524387, 0.006737808603941647], [-0.040841274486421456, -0.12025492568399596, 0.0], [-0.006737808603941647, 0.0, 0.1273591679675347]]	0.5147321481679109	[[0.9092, 0.0, 0.0], [0.0, -1.0, 0.0], [0.0, 0.0, -0.9092]]
2	[[0.5319609947059123, -0.8460851799387872, 0.03402011756955908], [-0.703274286200726, -0.4190807785627857, 0.5742617690636116], [-0.47161719485230363, -0.3294103357928521, -0.8179645788128509]]	0.14580377502303019	0.8541962249769699	[[0.07756192119312819, -0.1233624132261149, 0.004960261568369026], [-0.1025400458046928, -0.06110355955404466, 0.08372953378087813], [-0.06876356737523782, -0.04802927049020183, -0.11926232342603654]]	0.4463413667702448	0.8293875604924466	[[0.21159408260229662, -0.47351137075035166, 0.21845253522355595], [-0.3820133645370493, -0.39766573122339527, 0.0], [0.11713416262520383, -0.13900456160095825, -0.311465472628052]]	[[-0.025842114843199246, -0.09586855513242494, 0.20326794944987456], [-0.068112958419849, -0.21061264373254315, -0.25631678288775106], [0.3276364259679298, 0.008024897905068632, 0.05362595544892348]]	0.7074084347385756	[[0.5845260305755124, -0.5845260305755123, 0.0], [-0.7071067811865475, -0.7071067811865476, 0.0], [0.0, 0.0, -0.82664464]]
2	[[-0.3195682178843842, -0.5708200961323295, -0.7563336379995778], [0.910087742671785, 0.03735879733279218, -0.41272826520656647], [0.2638493031197415, -0.8202248094963509, 0.507557688474819]]	0.11098833089136832	0.8890116691086317	[[-0.03546834310891694, -0.06335436970897766, -0.08394420807856953], [0.1010091195238346, 0.004146390560075534, -0.045808021266966814], [0.029284193760110794, -0.09103538256169054, 0.05633298067490126]]	0.35235037821730675	1.0646022140693918	[[-0.17615502700345587, -0.2646837213319281, 0.1790012390550816], [0.5347813832057025, -0.07355656495978109, -0.1454249603465066], [0.2282090292600618, -0.04845725188106718, 0.08895773751921816]]	[[-0.06355504456566244, -0.06355504456566242, 0.44549568246270443], [0.21411162286436405, -0.08671995132973417, 0.0], [0.13524162751344804, 0.24054926996819043, -0.08988040598198627]]	0.9547972636634489	[[1.6505899690941556e-16, -0.82664464, 0.0], [1.0, 1.7938038903913487e-16, 0.0], [0.0, 0.0, 0.82664464]]
