2	[[0.3802729664721569, 0.7767473726770865, -0.5020517802076895], [0.4287143634067757, 0.332951791095048, 0.839849450446521], [0.8195098935212374, -0.5346088512602871, -0.20639019011321075]]	0.1280999693459359	0.8719000306540645	[[0.04871295534817141, 0.09950131462947104, -0.06431281765467758], [0.05491829681057038, 0.042651114232950094, 0.10758468885740045], [0.10497919223876168, -0.06848337745850878, -0.026438577026804203]]	0.4247757041987626	0.9461947158051934	[[0.14361231489571138, 0.32053202443643536, 0.13522252484296196], [0.28417278195597734, -0.2653151687376732, 0.3278681749222476], [0.6138469030613273, 0.0, -0.062329090902048606]]	[[-0.01791840222525156, -0.009411387777012687, 0.3484819233249256], [0.10206533633973996, -0.4067450002643115, -0.02887946681211713], [0.26573901094299074, 0.22708885126498002, 0.02534044744300698]]	1.0000000000000007	[[0.0, 0.0, 0.0], [0.0, 0.0, 0.0], [0.0, 0.0, 0.0]]
2	[[-0.30792515101507295, 0.09349718223056193, 0.9468053539599837], [0.3027085282091916, -0.9338174967034747, 0.1906631317268273], [0.9019698710720718, 0.34531602882779927, 0.2592434992682147]]	0.6064521525277202	0.3935478474722799	[[-0.18674187065051429, 0.05670156741900079, 0.5741921449338021], [0.18357823852096233, -0.5663156309438695, 0.11562806664341069], [0.5470015698268083, 0.20941764898494314, 0.15721877816002727]]	0.8085915389555706	0.2800847904285194	[[-0.12049371105802154, 0.14589588362477, 0.7750642519215608], [0.295052165589791, -0.8139266684206242, 0.15416859510508396], [0.7198397524700403, 0.2792196191758964, 0.12049371105802154]]	[[0.12849196068438276, 0.0702948531569505, 0.009485453671683899], [0.05028461091014502, -0.058849741657523214, 0.0], [-0.009485453671683899, 0.0, -0.08912838897949155]]	0.4707210667838428	[[0.0, 0.0, 0.9728000000000001], [0.0, -1.0, 0.0], [0.9728000000000001, 0.0, 0.0]]
2	[[0.04673222253661188, -0.9725397674033924, -0.22799671093185395], [-0.8377629715199755, -0.16246744520517667, 0.5213036857710898], [-0.5440306084466285, 0.16664552219444034, -0.8223502702654952]]	0.18244725614723709	0.8175527438527629	[[0.00852616577546695, -0.17743721205682111, -0.04159737432011154], [-0.1528475554555754, -0.029641739590936092, 0.0951104270883768], [-0.09925689177119931, 0.030404018273599138, -0.1500355504018784]]	0.47870097480617024	0.8934658077089632	[[-0.07159645848545439, -0.5932634982757874, 0.11446828236306973], [-0.30155812602506304, -0.20139353030680826, 0.0017453508529628671], [0.0821092234578443, 0.07977337392156188, -0.5265495914920717]]	[[-0.0939672189685894, -0.12770776358201735, 0.22361053013874882], [0.099479825098063, -0.12362020591282213, -0.24780323169570725], [0.3425372060456393, 0.0, -0.13288971548386147]]	0.8735030631965628	[[0.6691633181709926, -0.6691633181709925, 0.0], [-0.7071067811865475, -0.7071067811865476, 0.0], [0.0, 0.0, -0.9463398400000003]]
2	[[0.5319609947059123, -0.8460851799387872, 0.03402011756955908], [-0.703274286200726, -0.4190807785627857, 0.5742617690636116], [-0.47161719485230363, -0.3294103357928521, -0.8179645788128509]]	0.1571461495215982	0.8428538504784017	[[0.08359562201371341, -0.13295902819466898, 0.005346130482328307], [-0.11051684613399457, -0.06585693068965529, 0.0902430258258078], [-0.07411282621921685, -0.05176556588246341, -0.12853998400549538]]	0.47240153214177594	0.807397608651155	[[0.22007363978944797, -0.5438962253009156, 0.23559443544383346], [-0.3769555078736574, -0.3969491492974221, 0.008181145552112834], [0.15878205568019088, -0.15561394733188022, -0.3570142019234634]]	[[-0.031225549149288104, -0.14420428997538245, 0.21952327978033037], [-0.044727657556520625, -0.19897474741319376, -0.26310099400398396], [0.3815747411128256, 0.0, 0.029393518345429734]]	0.6620281939241724	[[0.6691633181709926, -0.6691633181709925, 0.0], [-0.7071067811865475, -0.7071067811865476, 0.0], [0.0, 0.0, -0.9463398400000003]]
2	[[0.8787972042104137, -0.3840163418041313, 0.28327887866788265], [-0.395223040501579, -0.9183905790867732, -0.018907472103605397], [0.2674214316928388, -0.09534250611366366, -0.9588511794847616]]	0.6237804615542862	0.37621953844571393	[[0.5481765256549882, -0.23954189093496958, 0.17670382968403248], [-0.24653241062096326, -0.5728740993098554, -0.011794111675611766], [0.166812264090867, -0.05947279246932347, -0.5981126313008762]]	0.8352628929582308	0.30285823389085537	[[0.6065346823052977, -0.2638969789554601, 0.24338766785378557], [-0.3463711154206365, -0.848803400375088, -0.015792709847784487], [0.2165918665311061, -0.07963605747838651, -0.7085026142553532]]	[[-0.12749201280709743, 0.056857621643095296, 0.00677533214368628], [-0.016255975247539658, -0.08170582842148508, 0.0], [-0.00677533214368628, 0.0, 0.09239019583750044]]	0.4793387884583077	[[0.6691633181709926, -0.6691633181709925, 0.0], [-0.7071067811865475, -0.7071067811865476, 0.0], [0.0, 0.0, -0.9463398400000003]]
2	[[0.8489524140446696, -0.5135124485683378, 0.12483895166604869], [0.522794976890395, 0.7815435453534784, -0.34040431673891397], [0.0772347773085365, 0.35425224329800037, 0.9319550081910795]]	0.21896386453331812	0.781036135466682	[[0.18588990138411043, -0.11244067022449, 0.027335219301086122], [0.11447320849852763, 0.17112979499166805, -0.07453624469697628], [0.01691162531584739, 0.0775684402121274, 0.2040644701646989]]	0.0	0.4356530549128018	[[0.6878734767382734, -0.6878734767382734, 0.0], [0.7071067811865474, 0.7071067811865476, 0.0], [0.0, 0.0, 0.9727999999999999]]	[[0.6878734767382735, -0.6878734767382734, 0.0], [0.7071067811865474, 0.7071067811865475, 0.0], [0.0, 0.0, 0.9727999999999999]]	0.4356530549128018	[[0.6878734767382736, -0.6878734767382735, 0.0], [0.7071067811865475, 0.7071067811865476, 0.0], [0.0, 0.0, 0.9728000000000001]]
2	[[-0.5446221603179724, 0.8109226453022452, -0.2139887049042392], [-0.8354447797583356, -0.5021691245819775, 0.22328947644507607], [0.07361197229480154, 0.30038414347728, 0.9509735242804028]]	0.24865079225629746	0.7513492077437025	[[-0.13542073164340007, 0.20163655821297577, -0.05320846100833816], [-0.20773400637329803, -0.12486475067396006, 0.05552110522056204], [0.01830367523065103, 0.074690755256855, 0.23646032022708546]]	0.6064183534055431	0.5840074828165318	[[-0.25836413129453745, 0.5430064890341753, 0.14140394772561743], [-0.6135211375646357, -0.5132089837786205, 0.13540683663860886], [0.1905969784314612, 0.009378402215203113, 0.5042120212423644]]	[[0.07190474239365696, 0.05124811373072045, 0.27117062580103085], [-0.10689208986232933, -0.20868441011851463, 0.0], [0.14595732740151318, -0.17278005546142342, -0.07247577748402372]]	0.39620219437907755	[[-0.6691633181709926, 0.6691633181709925, 0.0], [-0.7071067811865475, -0.7071067811865476, 0.0], [0.0, 0.0, 0.9463398400000003]]
2	[[-0.3195682178843842, -0.5708200961323295, -0.7563336379995778], [0.910087742671785, 0.03735879733279218, -0.41272826520656647], [0.2638493031197415, -0.8202248094963509, 0.507557688474819]]	0.12128489644726054	0.8787151035527394	[[-0.038758798213943145, -0.0692318562494249, -0.09173184696435868], [0.11037989762786848, 0.0045310578659018864, -0.0500577049064359], [0.032000935406559725, -0.09948088108323892, 0.06155908168767931]]	0.37769352721754423	1.0812326234135432	[[-0.19871178748023682, -0.2936079955957363, 0.19292413049162538], [0.5436279839284054, -0.079335136009641, -0.15588479426824617], [0.2660981355865951, -0.04261325677458535, 0.0813742957234874]]	[[-0.07801294008085907, -0.07801294008085906, 0.4785864499809632], [0.19989373432124619, -0.09344531194686871, 0.0], [0.16644396163740893, 0.2671803446354297, -0.11032695790295052]]	0.987153590886586	[[1.8895895184878577e-16, -0.9463398400000003, 0.0], [1.0, 1.7938038903913487e-16, 0.0], [0.0, 0.0, 0.9463398400000003]]
2	[[-0.42203838922340475, -0.825029846081567, 0.3757783270710803], [0.2588054115689476, 0.28760896992378115, 0.9221175843470338], [-0.8688517462515349, 0.4864224845687207, 0.09214016247897017]]	0.1098904749557044	0.8901095250442957	[[-0.0463779990413004, -0.09066292163853515, 0.041294458839901044], [0.02844024959841821, 0.0316054863064453, 0.10133193930890237], [-0.09547853106167437, 0.053453197858390526, 0.010125326217309785]]	0.3518552773500418	1.1461272303333307	[[-0.23585887694512397, -0.47795577554723995, 0.3063777507865011], [0.18337819123628507, 0.009479448851220686, 0.033830006331303425], [0.18410595001755736, 0.17115031821722365, -0.09112914853433066]]	[[-0.08736244245255805, -0.187664670232148, 0.17415816329277145], [0.09231614136900124, -0.09171728502967116, -0.2906219320584727], [0.4898160221709594, 0.0, -0.12354915095844661]]	1.0000000000000002	[[0.0, 0.0, 0.0], [0.0, 0.0, 0.0], [0.0, 0.0, 0.0]]
2	[[-0.8305561570912853, 0.32773595720904825, 0.4502950280316503], [-0.5100865793185324, -0.772219296347621, -0.37879947194723407], [0.22358030216652452, -0.5443036842615101, 0.808545204538665]]	0.19508667154992151	0.8049133284500783	[[-0.16203043622223262, 0.0639369170391407, 0.08784655823417326], [-0.09951109296153751, -0.15064969223107988, -0.07389872816705376], [0.043617536973792975, -0.1061863940749374, 0.15773639275109866]]	0.5382252105553028	0.6389242510601788	[[-0.40709498010756484, 0.1673091896603879, 0.42480224331487537], [-0.35059065346937146, -0.5988164516439737, -0.06380407439245277], [0.34307589304448866, -0.2576852007779235, 0.2841883571229039]]	[[0.039931282420895414, -0.009086564914995845, 0.18244210704053437], [-0.07604919691422013, -0.1831885582724076, 0.1400753511545848], [0.22273933783489278, 0.03527276428975486, -0.15099105583339945]]	0.6803710009544294	[[-0.6691633181709926, 0.6691633181709925, 0.0], [-0.7071067811865475, -0.7071067811865476, 0.0], [0.0, 0.0, 0.9463398400000003]]
2	[[0.034229894132735264, 0.2773841392786001, 0.9601491309293217], [-0.1827544195208179, -0.9427759796974285, 0.2788803941677556], [0.9825625356654255, -0.18501754344446375, 0.018422055382213542]]	0.8228653564450216	0.17713464355497835	[[0.02816659403660856, 0.2282497986396808, 0.790073456862534], [-0.15038228056090083, -0.7757776925815292, 0.22948101495237835], [0.8085166711398547, -0.15224452683501094, 0.015158871168535072]]	0.9107417789672096	0.1298973261540747	[[0.0, 0.2403589881738928, 0.8570727547630448], [-0.17805781764059925, -0.8210407518714581, 0.2539880263034184], [0.8868363940023616, -0.16850320665675392, 0.0]]	[[-0.03117459467630657, -0.012266336289987703, -0.017375172813346038], [-0.011615732492089834, 0.037584721045731885, 0.0], [-0.008024357676100359, 0.0, -0.01677773549102962]]	0.34995481118324157	[[0.0, 0.0, 0.9728000000000001], [0.0, -1.0, 0.0], [0.9728000000000001, 0.0, 0.0]]
2	[[0.8592155572171323, 0.2624339665249735, -0.4391776855101157], [-0.4266000482917053, 0.8413623931712975, -0.33184593135155627], [0.2824199444684594, 0.4724804086637203, 0.8348660002631537]]	0.17563786474764018	0.8243621352523601	[[0.15091078582757092, 0.04609334151770003, -0.07713623092780737], [-0.07492712158319527, 0.14777509421557114, -0.058284710807779326], [0.04960363600858737, 0.08298545011278827, 0.1466340816366231]]	0.0	0.6885519128951529	[[0.6878734767382736, 0.6878734767382734, 0.0], [-0.7071067811865474, 0.7071067811865474, 0.0], [0.0, 0.0, 0.9727999999999999]]	[[0.6878734767382735, 0.6878734767382734, 0.0], [-0.7071067811865474, 0.7071067811865475, 0.0], [0.0, 0.0, 0.9728]]	0.6885519128951529	[[0.6878734767382736, 0.6878734767382735, 0.0], [-0.7071067811865475, 0.7071067811865476, 0.0], [0.0, 0.0, 0.9728000000000001]]
2	[[0.08740825448676931, -0.06334395238859675, -0.994156597696443], [0.7119981850616444, -0.6940087028176986, 0.10681996481098455], [-0.6967197295301035, -0.717174639895393, -0.015561310176609944]]	0.16522411801555584	0.8347758819844443	[[0.014441951754855676, -0.010465948665025246, -0.16425864702374054], [0.11763927215548667, -0.11466697581817427, 0.017649234472347636], [-0.1151149028156479, -0.11849454733984016, -0.0025711037490968695]]	0.46325753416612153	1.027638876229523	[[0.06404296190536132, -0.015719479600017308, 0.00044646391823671694], [0.6348754798099278, -0.6370298578385046, 0.03899701228421624], [0.010231718820570973, -0.013280731269030057, 0.026096442569796444]]	[[0.023550429466055713, 0.013625083587860213, 0.46099699794207183], [0.3050369562675165, -0.3155250974813489, -0.01048814121383233], [0.33299238272757387, 0.31895582397538585, 0.033305336750606956]]	0.8008204185154034	[[0.0, 0.0, -0.9463398400000003], [0.0, -1.0, 0.0], [-0.9463398400000003, 0.0, 0.0]]
2	[[0.22433838825039393, -0.7661379269479729, -0.6022499185961573], [-0.9416906372873723, -0.011392912655017143, -0.3362869982418849], [0.2507808429735371, 0.642575192824231, -0.724020780340167]]	0.14848921315664357	0.8515107868433563	[[0.0333118307521306, -0.11376321794196656, -0.08942761653599601], [-0.13983090176778004, -0.0016917246357059101, -0.049934991763747064], [0.03723825004790032, 0.09541548477644858, -0.1075092759817705]]	0.41930700120874187	0.8686015119786936	[[0.020374636894425983, -0.3236180113084115, 0.11672602359786272], [-0.48172439781975523, -0.12847156561090414, -0.1410074927782942], [0.29590315742603646, 0.037475594856389856, -0.3317402016670137]]	[[-0.07369201993884919, -0.002371014647574929, 0.36925363094262625], [-0.08686692063243807, -0.1236944375704958, 0.0], [0.1907489941982022, -0.2319606822978675, -0.02815321944976497]]	0.9536133958075931	[[0.6691633181709926, -0.6691633181709925, 0.0], [-0.7071067811865475, -0.7071067811865476, 0.0], [0.0, 0.0, -0.9463398400000003]]
