2	[[-0.30792515101507295, 0.09349718223056193, 0.9468053539599837], [0.3027085282091916, -0.9338174967034747, 0.1906631317268273], [0.9019698710720718, 0.34531602882779927, 0.2592434992682147]]	0.5140614626311051	0.4859385373688951	[[-0.15829245351171228, 0.048063298249329624, 0.48671614508363026], [0.15561078876212617, -0.4800395881859052, 0.09801256836531988], [0.4636679511724985, 0.17751366284918332, 0.13326709241142426]]	0.7555098804633397	0.34412609861558774	[[-0.07471512898329895, 0.1184485895098055, 0.7278844886669971], [0.3172735465715269, -0.8089144085588833, 0.14404787985970127], [0.668883460600555, 0.2608896716617658, 0.07471512898329895]]	[[0.1579253650517546, 0.04781054453913458, 0.012563688874639847], [0.08857426260896707, -0.10340606324986606, 0.0], [-0.012563688874639847, 0.0, -0.12114589615972783]]	0.48600398505556863	[[0.0, 0.0, 0.9068], [0.0, -1.0, 0.0], [0.9068, 0.0, 0.0]]
2	[[-0.3195682178843842, -0.5708200961323295, -0.7563336379995778], [0.910087742671785, 0.03735879733279218, -0.41272826520656647], [0.2638493031197415, -0.8202248094963509, 0.507557688474819]]	0.11059506077925271	0.8894049392207471	[[-0.03534266648004096, -0.06312988322577386, -0.08364676466395662], [0.10065120921523901, 0.004131698461659998, -0.045645707575835755], [0.029180429715091286, -0.09071281265889991, 0.05613337340584967]]	0.35136239228157445	1.0640524516743026	[[-0.17532619096422336, -0.2636066519706604, 0.17846382024933236], [0.5344365043158301, -0.07333129118161584, -0.1450171906252033], [0.2268416924036366, -0.04863739983087814, 0.08918192072992985]]	[[-0.06304193743120677, -0.06304193743120676, 0.4442110166598904], [0.21466589786453394, -0.08645776758522827, 0.0], [0.134134970057658, 0.2395587514424584, -0.08915476291348869]]	0.9538646120375268	[[1.6418874009370572e-16, -0.8222862400000001, 0.0], [1.0, 1.7938038903913487e-16, 0.0], [0.0, 0.0, 0.8222862400000001]]
2	[[-0.5446221603179724, 0.8109226453022452, -0.2139887049042392], [-0.8354447797583356, -0.5021691245819775, 0.22328947644507607], [0.07361197229480154, 0.30038414347728, 0.9509735242804028]]	0.2278626584707321	0.7721373415292678	[[-0.12409905331212642, 0.18477898977268814, -0.04876003518218899], [-0.19036666852122963, -0.11442559172916959, 0.05087933371131295], [0.016773419702367356, 0.06844632949518684, 0.2166913553778138]]	0.5825194306973411	0.5805004525629209	[[-0.3225791080658598, 0.513446189546344, 0.1311051842359432], [-0.6034218536019157, -0.4132865101574046, 0.1300704586994931], [0.16833407555189323, 0.0170766540920009, 0.4958816448967316]]	[[-0.005326117292278523, 0.0410679918652982, 0.25575776279242196], [-0.11675903611802428, -0.12076323759212894, 0.0], [0.12545367135821697, -0.15790294615689268, -0.05807891107533265]]	0.4465974308321448	[[-0.581444176380389, 0.5814441763803889, 0.0], [-0.7071067811865475, -0.7071067811865476, 0.0], [0.0, 0.0, 0.8222862400000001]]
2	[[0.08740825448676931, -0.06334395238859675, -0.994156597696443], [0.7119981850616444, -0.6940087028176986, 0.10681996481098455], [-0.6967197295301035, -0.717174639895393, -0.015561310176609944]]	0.14434001273905595	0.855659987260944	[[0.012616508566118928, -0.009143066894712193, -0.1434965759761211], [0.10276982710198243, -0.10017322500572223, 0.015418395081603014], [-0.1005645346359267, -0.10351699665862887, -0.0022461197091282886]]	0.4308157934554802	1.0222123057302996	[[0.057539653258168115, -0.014320348836895865, -0.001141017118315723], [0.635432387523292, -0.6360899763577866, 0.037611985995657564], [0.006776625700145547, -0.011812937868946776, 0.021414462626419287]]	[[0.01988279674689202, 0.012969226272003616, 0.42715734633727803], [0.3286923244870977, -0.3371000663883709, -0.008407741901273216], [0.3069344887937447, 0.29715722366373526, 0.028118520817362352]]	0.8422666042058374	[[0.0, 0.0, -0.8222862400000001], [0.0, -1.0, 0.0], [-0.8222862400000001, 0.0, 0.0]]
2	[[-0.8305561570912853, 0.32773595720904825, 0.4502950280316503], [-0.5100865793185324, -0.772219296347621, -0.37879947194723407], [0.22358030216652452, -0.5443036842615101, 0.808545204538665]]	0.17870385892345717	0.8212961410765428	[[-0.14842359032484978, 0.05856768026122995, 0.08046945916330223], [-0.09115444010928786, -0.13799856819247652, -0.0676929273951386], [0.03995466277643055, -0.09726916880378687, 0.1444901481651154]]	0.5056872517178548	0.6761442526351702	[[-0.3584374520590602, 0.13535659859640214, 0.3872396903058501], [-0.35607106247834186, -0.6071631982904642, -0.0545413586115987], [0.30553256629643366, -0.2421070556232567, 0.24991205446802695]]	[[0.06156420841777474, -0.030375296893761984, 0.15953123511831047], [-0.09812678204459166, -0.21666174459694015, 0.13701270530957274], [0.19247085775559628, 0.03314037857084933, -0.15895894790478124]]	0.6891449489046573	[[-0.581444176380389, 0.5814441763803889, 0.0], [-0.7071067811865475, -0.7071067811865476, 0.0], [0.0, 0.0, 0.8222862400000001]]
2	[[-0.42203838922340475, -0.825029846081567, 0.3757783270710803], [0.2588054115689476, 0.28760896992378115, 0.9221175843470338], [-0.8688517462515349, 0.4864224845687207, 0.09214016247897017]]	0.10390750339076242	0.8960924966092377	[[-0.04385295535926284, -0.08572679152920065, 0.03904618779431329], [0.0268918241801481, 0.029884730017568993, 0.09581493602222108], [-0.09028021576970123, 0.05054294596466742, 0.009574054245209011]]	0.3308737940922084	1.1226283507327586	[[-0.22256081194007138, -0.4297636980331486, 0.27008019615185946], [0.18647195813510714, 0.01875867410401454, 0.013597402051078853], [0.14546730215125628, 0.16094445300101132, -0.08677893085655189]]	[[-0.0829193688451593, -0.15678294262082976, 0.1457449953362283], [0.10084002967769383, -0.07640359698961885, -0.29150714168096625], [0.4329475759371424, 0.0, -0.11726569600424135]]	1.0000000000000002	[[0.0, 0.0, 0.0], [0.0, 0.0, 0.0], [0.0, 0.0, 0.0]]
2	[[0.3802729664721569, 0.7767473726770865, -0.5020517802076895], [0.4287143634067757, 0.332951791095048, 0.839849450446521], [0.8195098935212374, -0.5346088512602871, -0.20639019011321075]]	0.12137389376971237	0.8786261062302884	[[0.046155210636084965, 0.0942768530972119, -0.06093597943782307], [0.05203473160168387, 0.040411655322805856, 0.10193579798104736], [0.099467106759475, -0.06488755792121406, -0.025050381009911596]]	0.3978985414202248	0.9539194852895474	[[0.13624976302583128, 0.3036323887518589, 0.1059386871793076], [0.26814757454435556, -0.2742709600622652, 0.3282490357381282], [0.5456929586662491, 0.0, -0.08291647160872585]]	[[-0.015060295674982002, -0.0054342578883455304, 0.30570435824137454], [0.09756275465889933, -0.40675199210223617, -0.005925835607119885], [0.219611167354705, 0.21272008214681018, -0.0007941159992364138]]	1.0000000000000007	[[0.0, 0.0, 0.0], [0.0, 0.0, 0.0], [0.0, 0.0, 0.0]]
2	[[0.8787972042104137, -0.3840163418041313, 0.28327887866788265], [-0.395223040501579, -0.9183905790867732, -0.018907472103605397], [0.2674214316928388, -0.09534250611366366, -0.9588511794847616]]	0.5324601165203553	0.46753988347964476	[[0.4679244617516394, -0.20447338610274832, 0.1508347047432564], [-0.21044050619699983, -0.48900635475174, -0.010067474799391097], [0.14239124667920916, -0.050766081914624034, -0.5105500107541362]]	0.7833216836319679	0.3796008742104877	[[0.5384835622066643, -0.23082564483209028, 0.2286330129982158], [-0.35139846031216193, -0.8411451467923733, -0.014810632881420644], [0.2027424812901917, -0.0746838524106462, -0.6225519405156833]]	[[-0.14989734336650323, 0.06998268257211104, 0.006734524822714024], [-0.041811682816319744, -0.12174989215038425, 0.0], [-0.006734524822714024, 0.0, 0.12853697975081838]]	0.5154170284927938	[[0.9068, 0.0, 0.0], [0.0, -1.0, 0.0], [0.0, 0.0, -0.9068]]
2	[[0.034229894132735264, 0.2773841392786001, 0.9601491309293217], [-0.1827544195208179, -0.9427759796974285, 0.2788803941677556], [0.9825625356654255, -0.18501754344446375, 0.018422055382213542]]	0.7196400927485601	0.28035990725143983	[[0.024633204188454993, 0.19961674771743126, 0.6909618096344265], [-0.13151740741417067, -0.6784593934705723, 0.20069351272463865], [0.7070913942975273, -0.13314604212448464, 0.013257249643875264]]	0.8532698601953238	0.22503207483569626	[[0.003297838976857041, 0.1989692658374374, 0.7692192997998598], [-0.1879784033011215, -0.820247971857366, 0.23796023494273763], [0.784877207625911, -0.15786989342853983, -0.004663848607593838]]	[[-0.02590949800428271, -0.037714259905213925, -0.05004701491486415], [-0.03203956530651565, -0.015805643465431823, 0.0], [-0.0535137898144896, 0.0, -0.0203828332280857]]	0.3802662421354099	[[0.0, 0.0, 0.9068], [0.0, -1.0, 0.0], [0.9068, 0.0, 0.0]]
2	[[0.8489524140446696, -0.5135124485683378, 0.12483895166604869], [0.522794976890395, 0.7815435453534784, -0.34040431673891397], [0.0772347773085365, 0.35425224329800037, 0.9319550081910795]]	0.2052252524404874	0.7947747475595126	[[0.17422647348227854, -0.10538572188876993, 0.025620105370070645], [0.10729073110695009, 0.16039247138840104, -0.06985956183457526], [0.015850526670329212, 0.07270150605844108, 0.19126070181919078]]	0.0	0.45967505373695766	[[0.6412044291799613, -0.6412044291799611, 0.0], [0.7071067811865474, 0.7071067811865474, 0.0], [0.0, 0.0, 0.9067999999999998]]	[[0.6412044291799612, -0.6412044291799611, 0.0], [0.7071067811865474, 0.7071067811865475, 0.0], [0.0, 0.0, 0.9067999999999998]]	0.4596750537369576	[[0.6412044291799613, -0.6412044291799612, 0.0], [0.7071067811865475, 0.7071067811865476, 0.0], [0.0, 0.0, 0.9068]]
2	[[0.5319609947059123, -0.8460851799387872, 0.03402011756955908], [-0.703274286200726, -0.4190807785627857, 0.5742617690636116], [-0.47161719485230363, -0.3294103357928521, -0.8179645788128509]]	0.14538823482460186	0.8546117651753983	[[0.07734087001583197, -0.12301083082255591, 0.004946124841963641], [-0.1022478070682554, -0.06092941464416325, 0.08349090493141165], [-0.06856759147250674, -0.04789238725390214, -0.11892242626264932]]	0.4452523146883249	0.8304042759825899	[[0.21121077898755253, -0.4706235431728254, 0.21776895008386413], [-0.38183887126936666, -0.39750696140894626, 0.0], [0.1156537256832351, -0.1381081943054596, -0.3097664021797826]]	[[-0.02564608522915867, -0.09390215838159258, 0.202621413990049], [-0.068704367477714, -0.21091027471248058, -0.25569138191258534], [0.32564237333803797, 0.008562520188566144, 0.05443421986970004]]	0.7091647043392665	[[0.581444176380389, -0.5814441763803889, 0.0], [-0.7071067811865475, -0.7071067811865476, 0.0], [0.0, 0.0, -0.8222862400000001]]
2	[[0.8592155572171323, 0.2624339665249735, -0.4391776855101157], [-0.4266000482917053, 0.8413623931712975, -0.33184593135155627], [0.2824199444684594, 0.4724804086637203, 0.8348660002631537]]	0.16192998591042865	0.8380700140895715	[[0.13913276307419134, 0.04249592850180686, -0.07111603642682772], [-0.06907933980926399, 0.13624180047179263, -0.05373580698819058], [0.045732257628601725, 0.0765087459178698, 0.13518983965970838]]	0.0	0.6899813056338304	[[0.6412044291799613, 0.6412044291799613, 0.0], [-0.7071067811865476, 0.7071067811865478, 0.0], [0.0, 0.0, 0.9068000000000004]]	[[0.6412044291799615, 0.6412044291799613, 0.0], [-0.7071067811865476, 0.7071067811865477, 0.0], [0.0, 0.0, 0.9068000000000003]]	0.6899813056338302	[[0.6412044291799613, 0.6412044291799612, 0.0], [-0.7071067811865475, 0.7071067811865476, 0.0], [0.0, 0.0, 0.9068]]
2	[[0.22433838825039393, -0.7661379269479729, -0.6022499185961573], [-0.9416906372873723, -0.011392912655017143, -0.3362869982418849], [0.2507808429735371, 0.642575192824231, -0.724020780340167]]	0.13465810543681994	0.8653418945631801	[[0.030208982338547803, -0.10316668174610681, -0.0810978330376376], [-0.12680627712470913, -0.0015341480335317875, -0.04528377006628742], [0.03376967319466516, 0.08652795806641021, -0.09749526657749491]]	0.3901082463603571	0.8514139775836599	[[0.15740460673167894, -0.2965294028406656, 0.10018485156108178], [-0.4527833043188043, -0.2915979377969563, -0.13118833115793022], [0.2640656693878082, 0.04300314631876611, -0.3137425003013291]]	[[0.06988835150000879, 0.0023473203111674945, 0.33512751117529654], [-0.08542202119266033, -0.2871534686201708, 0.0], [0.16623399451462953, -0.20767073530856303, -0.031296023354369165]]	0.9694762107140752	[[0.581444176380389, -0.5814441763803889, 0.0], [-0.7071067811865475, -0.7071067811865476, 0.0], [0.0, 0.0, -0.8222862400000001]]
2	[[0.04673222253661188, -0.9725397674033924, -0.22799671093185395], [-0.8377629715199755, -0.16246744520517667, 0.5213036857710898], [-0.5440306084466285, 0.16664552219444034, -0.8223502702654952]]	0.17119161379582848	0.8288083862041714	[[0.00800016459230838, -0.16649065226240642, -0.03903112488456509], [-0.14341799507289327, -0.027813064133959488, 0.08924281924486632], [-0.0931334778143049, 0.028528315876314797, -0.14077946987218587]]	0.4506651094807379	0.8582947634321149	[[-0.04605454019742553, -0.5316170600876133, 0.08780020102015257], [-0.30990547943370156, -0.17881299914352256, 0.0], [0.06208411753089192, 0.06208411753089191, -0.4655196908953171]]	[[-0.06711512238316596, -0.09332731933639221, 0.1905503637135047], [0.06764506184525647, -0.1055945901630758, -0.23493338262074034], [0.3072597312473643, -0.013017204973340281, -0.09491511631460336]]	0.8975771824797956	[[0.581444176380389, -0.5814441763803889, 0.0], [-0.7071067811865475, -0.7071067811865476, 0.0], [0.0, 0.0, -0.8222862400000001]]
