2	[[0.8489524140446696, -0.5135124485683378, 0.12483895166604869], [0.522794976890395, 0.7815435453534784, -0.34040431673891397], [0.0772347773085365, 0.35425224329800037, 0.9319550081910795]]	0.2219167280516005	0.7780832719483995	[[0.18839674199630072, -0.1139570024000513, 0.027703851687121445], [0.11601695071332857, 0.1734375864146915, -0.07554141218534045], [0.01713968907210442, 0.07861449873763177, 0.20681640610906685]]	0.0	0.43065904892137413	[[0.6987629211685463, -0.6987629211685462, 0.0], [0.7071067811865475, 0.7071067811865476, 0.0], [0.0, 0.0, 0.9882]]	[[0.6987629211685463, -0.6987629211685462, 0.0], [0.7071067811865475, 0.7071067811865476, 0.0], [0.0, 0.0, 0.9882]]	0.43065904892137413	[[0.6987629211685463, -0.6987629211685462, 0.0], [0.7071067811865475, 0.7071067811865476, 0.0], [0.0, 0.0, 0.9882]]
2	[[0.3802729664721569, 0.7767473726770865, -0.5020517802076895], [0.4287143634067757, 0.332951791095048, 0.839849450446521], [0.8195098935212374, -0.5346088512602871, -0.20639019011321075]]	0.12947683416775807	0.8705231658322423	[[0.049236539818396895, 0.10057079076235292, -0.06500407508957876], [0.055508578536155095, 0.04310954384147163, 0.10874104802134696], [0.10610754658228633, -0.06921946157924386, -0.02672274841914027]]	0.43073985197070425	0.9421607598963465	[[0.1410574813682438, 0.32414135233346075, 0.1425835601569778], [0.2877288382951996, -0.25911210572111104, 0.3277836604143298], [0.6301907661870483, 0.0, -0.05673951001974062]]	[[-0.022741239918433666, -0.01043469599210086, 0.3588372696452665], [0.10306447686365026, -0.4025277109307729, -0.03397296754868193], [0.27719519596318287, 0.23027733745408435, 0.032160969917829296]]	1.0000000000000007	[[0.0, 0.0, 0.0], [0.0, 0.0, 0.0], [0.0, 0.0, 0.0]]
2	[[-0.30792515101507295, 0.09349718223056193, 0.9468053539599837], [0.3027085282091916, -0.9338174967034747, 0.1906631317268273], [0.9019698710720718, 0.34531602882779927, 0.2592434992682147]]	0.6303508465126235	0.3696491534873767	[[-0.19410087960487862, 0.05893602796557973, 0.5968195563513597], [0.1908125770032543, -0.5886326495353341, 0.1201846664827534], [0.5685574717591623, 0.21767025108598076, 0.1634143592166138]]	0.8206461714117819	0.2657888801664848	[[-0.13190359899854195, 0.15279613507146425, 0.7856404306309662], [0.2901903634560082, -0.8149884751297813, 0.15646696908100105], [0.7315498795925455, 0.28338227698465396, 0.13190359899854195]]	[[0.12079399726337242, 0.07606803043616393, 0.008648241831528786], [0.041773768727439695, -0.0486547216627406, 0.0], [-0.008648241831528786, 0.0, -0.08084358613931149]]	0.46805914610740806	[[0.0, 0.0, 0.9882], [0.0, -1.0, 0.0], [0.9882, 0.0, 0.0]]
2	[[0.8787972042104137, -0.3840163418041313, 0.28327887866788265], [-0.395223040501579, -0.9183905790867732, -0.018907472103605397], [0.2674214316928388, -0.09534250611366366, -0.9588511794847616]]	0.6482833130651758	0.3517166869348243	[[0.569709563057941, -0.24895138633595115, 0.18364496998420296], [-0.2562165020960558, -0.5953772872982186, -0.012257398657012695], [0.1733648517224661, -0.06180895573930265, -0.6216072193728329]]	0.8468770416530316	0.28446491122049916	[[0.6228868826661377, -0.2720428769149939, 0.24667177142716867], [-0.34524942716916934, -0.8503604913666796, -0.01601230404023856], [0.2197036782485254, -0.08074337952132556, -0.729093822140395]]	[[-0.12134629384853242, 0.05317174657850807, 0.006769392698124161], [-0.010544107836075955, -0.07259659466765861, 0.0], [-0.006769392698124161, 0.0, 0.08293522812717989]]	0.4726437984407848	[[0.6905175186987574, -0.6905175186987573, 0.0], [-0.7071067811865475, -0.7071067811865476, 0.0], [0.0, 0.0, -0.9765392399999999]]
2	[[0.034229894132735264, 0.2773841392786001, 0.9601491309293217], [-0.1827544195208179, -0.9427759796974285, 0.2788803941677556], [0.9825625356654255, -0.18501754344446375, 0.018422055382213542]]	0.8271088533847165	0.17289114661528346	[[0.028311848487606903, 0.22942687738582945, 0.7941478467612834], [-0.1511577983808531, -0.7797783595661931, 0.23066444305157013], [0.8126861722530098, -0.15302964821440743, 0.015237045104172389]]	0.9235745978488106	0.12581462953457379	[[0.0, 0.25152413388906597, 0.8768822017444806], [-0.17498273114114232, -0.820832097965947, 0.25756684789140266], [0.9102871299017465, -0.17087750328169546, 0.0]]	[[-0.03161386070804833, -0.004660810994805597, -0.00988714572845261], [-0.006195391627110137, 0.04989184834462415, 0.0], [0.00281733116324357, 0.0, -0.017014142391176386]]	0.3433448839875686	[[0.0, 0.0, 0.9882], [0.0, -1.0, 0.0], [0.9882, 0.0, 0.0]]
2	[[-0.5446221603179724, 0.8109226453022452, -0.2139887049042392], [-0.8354447797583356, -0.5021691245819775, 0.22328947644507607], [0.07361197229480154, 0.30038414347728, 0.9509735242804028]]	0.25344847177232355	0.7465515282276766	[[-0.1380336542259315, 0.20552710517742412, -0.054235110234518144], [-0.21174220267991556, -0.1272739971965477, 0.05659237656784676], [0.01865684188226406, 0.07613190210895499, 0.24102278642480868]]	0.6115615168249235	0.583791607229534	[[-0.38683831922030465, 0.5496974477484994, 0.14381108320450736], [-0.6156945521772189, -0.38592511217029696, 0.1365552509057938], [0.19598358516444492, 0.007395999122934995, 0.5055388602993638]]	[[-0.05376836475977881, 0.053768364759778815, 0.2746783401591449], [-0.10476867544474683, -0.07881780063829869, 0.0], [0.15096533573136184, -0.17630738329218584, -0.07603995066990277]]	0.38677696946421736	[[-0.6905175186987574, 0.6905175186987573, 0.0], [-0.7071067811865475, -0.7071067811865476, 0.0], [0.0, 0.0, 0.9765392399999999]]
2	[[-0.42203838922340475, -0.825029846081567, 0.3757783270710803], [0.2588054115689476, 0.28760896992378115, 0.9221175843470338], [-0.8688517462515349, 0.4864224845687207, 0.09214016247897017]]	0.11120139512002732	0.8887986048799728	[[-0.04693125767585171, -0.09174446989993168, 0.041787074226174045], [0.028779522831079825, 0.03198251870455837, 0.10254076184409963], [-0.09661752633564266, 0.0540908589017917, 0.01024611461424748]]	0.35648913166473845	1.1933701071621317	[[-0.06214013739433538, -0.48941501671504767, 0.3151411287097651], [0.18269491899491863, -0.17343711461100947, 0.03829846737809172], [0.1937854360433136, 0.17340432914610784, -0.09204500717236541]]	[[0.08831196150910106, -0.195300843287937, 0.18118023919376758], [0.09043360255456918, -0.2759665865581281, -0.29042642955856857], [0.5035216406099149, 0.0, -0.12489197368594145]]	1.0000000000000002	[[0.0, 0.0, 0.0], [0.0, 0.0, 0.0], [0.0, 0.0, 0.0]]
2	[[0.8592155572171323, 0.2624339665249735, -0.4391776855101157], [-0.4266000482917053, 0.8413623931712975, -0.33184593135155627], [0.2824199444684594, 0.4724804086637203, 0.8348660002631537]]	0.1787506445048091	0.821249355495191	[[0.1535853346211211, 0.0469102406562925, -0.07850329433706352], [-0.07625503357792496, 0.1503940700414781, -0.05931767410538934], [0.050482747094749536, 0.08445617756453559, 0.14923283562219086]]	0.0	0.6889805167326348	[[0.6987629211685462, 0.6987629211685461, 0.0], [-0.7071067811865474, 0.7071067811865475, 0.0], [0.0, 0.0, 0.9881999999999999]]	[[0.6987629211685462, 0.6987629211685461, 0.0], [-0.7071067811865474, 0.7071067811865475, 0.0], [0.0, 0.0, 0.9881999999999999]]	0.6889805167326349	[[0.6987629211685463, 0.6987629211685462, 0.0], [-0.7071067811865475, 0.7071067811865476, 0.0], [0.0, 0.0, 0.9882]]
2	[[0.04673222253661188, -0.9725397674033924, -0.22799671093185395], [-0.8377629715199755, -0.16246744520517667, 0.5213036857710898], [-0.5440306084466285, 0.16664552219444034, -0.8223502702654952]]	0.184929752418346	0.8150702475816539	[[0.008642178343654702, -0.17985153840290524, -0.04216337530482493], [-0.15492729890844692, -0.03004506441783452, 0.09640456154441887], [-0.10060744572803723, 0.03081771516104384, -0.15207703188135793]]	0.4844051208321705	0.899643986385587	[[-0.0781337514356857, -0.6050612479840858, 0.11964528239850422], [-0.30258605778252173, -0.2046246505234362, 0.0056161445599986065], [0.08848003672718557, 0.08072394431473803, -0.5408625091323371]]	[[-0.10077107934028906, -0.13395800444095424, 0.23008805670678636], [0.10323061566533026, -0.12592458809752857, -0.246906030336202], [0.352011249348174, 0.0, -0.14251182709801197]]	0.868963677863906	[[0.6905175186987574, -0.6905175186987573, 0.0], [-0.7071067811865475, -0.7071067811865476, 0.0], [0.0, 0.0, -0.9765392399999999]]
2	[[0.22433838825039393, -0.7661379269479729, -0.6022499185961573], [-0.9416906372873723, -0.011392912655017143, -0.3362869982418849], [0.2507808429735371, 0.642575192824231, -0.724020780340167]]	0.15163060928169403	0.8483693907183061	[[0.03401656649568047, -0.1161699606569351, -0.09131952209658593], [-0.142789125086751, -0.0017275142873734023, -0.050991402436928984], [0.03802605201625424, 0.09743406799724018, -0.10978371205558703]]	0.42584053995911453	0.8686539739824403	[[0.02104498867934421, -0.32987050537355617, 0.12078042405868165], [-0.48820028204319105, -0.13000636058036744, -0.14320463691255406], [0.30349861115004095, 0.03589718331896332, -0.33555317103353904]]	[[-0.07448739170676105, -0.0036179168788747773, 0.37724285458400203], [-0.08719023258629367, -0.12515479650364789, 0.0], [0.19670596156678805, -0.23773738375763934, -0.027235770991862862]]	0.9511142885342214	[[0.6905175186987574, -0.6905175186987573, 0.0], [-0.7071067811865475, -0.7071067811865476, 0.0], [0.0, 0.0, -0.9765392399999999]]
2	[[0.08740825448676931, -0.06334395238859675, -0.994156597696443], [0.7119981850616444, -0.6940087028176986, 0.10681996481098455], [-0.6967197295301035, -0.717174639895393, -0.015561310176609944]]	0.17027438007687207	0.829725619923128	[[0.014883386346336118, -0.010785852224587222, -0.16927939837209416], [0.12123504957722958, -0.11817190164023778, 0.018188703288023682], [-0.11863352003306434, -0.122116467215042, -0.0026496924435061783]]	0.470520488926632	1.029007496604235	[[0.06558366944110464, -0.016045240416982513, 0.0008672207785327644], [0.6347508010646037, -0.6372402755449892, 0.03930708760864605], [0.0111202463124308, -0.013631920160666342, 0.027264508524243725]]	[[0.024456294803766446, 0.013759387031445332, 0.4686382691963002], [0.2997410669145239, -0.310694961375868, -0.010953894461344028], [0.338941154095766, 0.3238134420486952, 0.03458642379688115]]	0.7914176433019061	[[0.0, 0.0, -0.9765392399999999], [0.0, -1.0, 0.0], [-0.9765392399999999, 0.0, 0.0]]
2	[[0.5319609947059123, -0.8460851799387872, 0.03402011756955908], [-0.703274286200726, -0.4190807785627857, 0.5742617690636116], [-0.47161719485230363, -0.3294103357928521, -0.8179645788128509]]	0.1599920457915826	0.8400079542084175	[[0.08510952782432415, -0.13536689885234582, 0.005442948208023962], [-0.11251829180186909, -0.0670495911141893, 0.09187731525238058], [-0.07545499983490753, -0.052703033528390585, -0.1308678263493182]]	0.4779267896904787	0.806980440301591	[[0.2216586358365534, -0.5589988207052128, 0.23946984406686636], [-0.3732321267062346, -0.3955006672371351, 0.012264623716831779], [0.16952427391681182, -0.15743402427634037, -0.36817449323542906]]	[[-0.032579774603797025, -0.15463204685237725, 0.2232107184919543], [-0.03711850483045873, -0.1952107361176365, -0.26219046001371515], [0.39492276581540225, 0.0, 0.022752691997121224]]	0.6514254351933211	[[0.6905175186987574, -0.6905175186987573, 0.0], [-0.7071067811865475, -0.7071067811865476, 0.0], [0.0, 0.0, -0.9765392399999999]]
2	[[-0.3195682178843842, -0.5708200961323295, -0.7563336379995778], [0.910087742671785, 0.03735879733279218, -0.41272826520656647], [0.2638493031197415, -0.8202248094963509, 0.507557688474819]]	0.12373780887801314	0.8762621911219868	[[-0.03954267106806518, -0.07063202795895125, -0.09358706714680406], [0.11261226316494374, 0.004622695724277502, -0.051070091198684046], [0.03264813464202754, -0.10149282071446421, 0.06280407625106324]]	0.3835860238740595	1.0858985024824575	[[-0.20434528197967297, -0.3007219909476918, 0.1962025420537101], [0.5456848934773949, -0.08067870269073565, -0.15831679419102518], [0.27575231652303744, -0.04088754137182472, 0.07906115481353085]]	[[-0.081763379924883, -0.08176337992488299, 0.48632155497617047], [0.19658795488940667, -0.09500901521633826, 0.0], [0.17454341143739438, 0.27373923198573846, -0.11563088079523358]]	0.9973181365250983	[[1.949889705896877e-16, -0.9765392399999999, 0.0], [1.0, 1.7938038903913487e-16, 0.0], [0.0, 0.0, 0.9765392399999999]]
2	[[-0.8305561570912853, 0.32773595720904825, 0.4502950280316503], [-0.5100865793185324, -0.772219296347621, -0.37879947194723407], [0.22358030216652452, -0.5443036842615101, 0.808545204538665]]	0.19885930418746092	0.8011406958125389	[[-0.16516381948778447, 0.06517334440780281, 0.08954535595344716], [-0.10143546223864545, -0.15356299195181863, -0.0753277994180046], [0.04446102331885733, -0.10823985191891533, 0.1607867367786672]]	0.5454607539828843	0.6303084177254986	[[-0.4191109048006833, 0.1753565957244007, 0.4336329071786004], [-0.34934030451347087, -0.5967823727840675, -0.06585701006804444], [0.3521001883927303, -0.2611493500305199, 0.29257260240590255]]	[[0.03392488287145616, -0.0034105066021490847, 0.18801464167371246], [-0.07110809436183382, -0.1755670531581618, 0.14076323550861228], [0.2301459081972567, 0.035746947982425156, -0.148457074491003]]	0.6810691170423709	[[-0.6905175186987574, 0.6905175186987573, 0.0], [-0.7071067811865475, -0.7071067811865476, 0.0], [0.0, 0.0, 0.9765392399999999]]
