2	[[0.8787972042104137, -0.3840163418041313, 0.28327887866788265], [-0.395223040501579, -0.9183905790867732, -0.018907472103605397], [0.2674214316928388, -0.09534250611366366, -0.9588511794847616]]	0.6385741672901976	0.36142583270980266	[[0.5611771928956186, -0.24522291569340096, 0.1808945740562441], [-0.2523792239821958, -0.5864604992874984, -0.012073823254122457], [0.17076841805880694, -0.06088326144889333, -0.6122975934947054]]	0.8424220146778655	0.2916599806930476	[[0.6164906837398045, -0.26882485452573934, 0.2454131456173678], [-0.3457444498127762, -0.849853425168143, -0.015928070741984802], [0.21850891932043698, -0.08031862608470924, -0.7211458317963091]]	[[-0.12382742752440805, 0.05467896580612085, 0.006772781934283447], [-0.01279985978632438, -0.07618098327269188, 0.0], [-0.006772781934283447, 0.0, 0.08661151060149151]]	0.47511511068681006	[[0.6821578194888576, -0.6821578194888575, 0.0], [-0.7071067811865475, -0.7071067811865476, 0.0], [0.0, 0.0, -0.9647168399999999]]
2	[[0.034229894132735264, 0.2773841392786001, 0.9601491309293217], [-0.1827544195208179, -0.9427759796974285, 0.2788803941677556], [0.9825625356654255, -0.18501754344446375, 0.018422055382213542]]	0.8254639171996254	0.1745360828003746	[[0.028255542496136127, 0.22897059817795973, 0.7925684627127338], [-0.150857179023198, -0.7782275532427539, 0.23020570259989112], [0.8110699195839789, -0.1527253061623189, 0.015206741998670432]]	0.9185957412085802	0.12664009239092866	[[0.0, 0.24713956094602213, 0.8691416076172194], [-0.17617224081727226, -0.8209145247360157, 0.2561783423890705], [0.901111949716199, -0.16995632745695788, 0.0]]	[[-0.031443434972351185, -0.007664328074107612, -0.012847294979575149], [-0.008294809358402684, 0.04511547512778944, 0.0], [-0.001465811017164695, 0.0, -0.016922421618409962]]	0.34589961397785546	[[0.0, 0.0, 0.9822], [0.0, -1.0, 0.0], [0.9822, 0.0, 0.0]]
2	[[0.8592155572171323, 0.2624339665249735, -0.4391776855101157], [-0.4266000482917053, 0.8413623931712975, -0.33184593135155627], [0.2824199444684594, 0.4724804086637203, 0.8348660002631537]]	0.17754181068379252	0.8224581893162076	[[0.1525466857960134, 0.0465930016017736, -0.07797240149738315], [-0.0757393450115027, 0.14937700272488108, -0.05891652752020481], [0.05014134831414642, 0.08388502726677516, 0.14822362136505596]]	0.0	0.6887784738724658	[[0.6945202804814269, 0.6945202804814268, 0.0], [-0.7071067811865474, 0.7071067811865475, 0.0], [0.0, 0.0, 0.9821999999999999]]	[[0.6945202804814269, 0.6945202804814268, 0.0], [-0.7071067811865474, 0.7071067811865475, 0.0], [0.0, 0.0, 0.9821999999999999]]	0.6887784738724658	[[0.694520280481427, 0.6945202804814269, 0.0], [-0.7071067811865475, 0.7071067811865476, 0.0], [0.0, 0.0, 0.9822]]
2	[[0.8489524140446696, -0.5135124485683378, 0.12483895166604869], [0.522794976890395, 0.7815435453534784, -0.34040431673891397], [0.0772347773085365, 0.35425224329800037, 0.9319550081910795]]	0.22077763150241841	0.7792223684975815	[[0.18742970323104266, -0.11337206214192504, 0.02756164806807515], [0.11542143675922298, 0.172547332859144, -0.07515365880281646], [0.017051711203795422, 0.078210971229751, 0.20575481937524343]]	0.0	0.4325755696037649	[[0.694520280481427, -0.6945202804814269, 0.0], [0.7071067811865475, 0.7071067811865476, 0.0], [0.0, 0.0, 0.9822]]	[[0.694520280481427, -0.6945202804814269, 0.0], [0.7071067811865475, 0.7071067811865476, 0.0], [0.0, 0.0, 0.9822]]	0.4325755696037649	[[0.694520280481427, -0.6945202804814269, 0.0], [0.7071067811865475, 0.7071067811865476, 0.0], [0.0, 0.0, 0.9822]]
2	[[0.3802729664721569, 0.7767473726770865, -0.5020517802076895], [0.4287143634067757, 0.332951791095048, 0.839849450446521], [0.8195098935212374, -0.5346088512602871, -0.20639019011321075]]	0.12894888773861507	0.8710511122613853	[[0.049035776063648284, 0.10016070976060185, -0.06473901864497317], [0.055282240318872175, 0.04293376313228621, 0.10829765250296601], [0.10567488926035451, -0.06893721674523275, -0.02661378545525983]]	0.42842979340649423	0.943678494296192	[[0.14208093654000328, 0.32274998247114794, 0.13969193682780626], [0.2863514917378457, -0.2615147019332903, 0.32781639492566006], [0.6238030940954414, 0.0, -0.05895244067398557]]	[[-0.020839331923737665, -0.010031733933933518, 0.35478587730154926], [0.10267748559308407, -0.4041611690064639, -0.032000131621700706], [0.27270063971955966, 0.22904235969872805, 0.0294712658373444]]	1.0000000000000007	[[0.0, 0.0, 0.0], [0.0, 0.0, 0.0], [0.0, 0.0, 0.0]]
2	[[-0.8305561570912853, 0.32773595720904825, 0.4502950280316503], [-0.5100865793185324, -0.772219296347621, -0.37879947194723407], [0.22358030216652452, -0.5443036842615101, 0.808545204538665]]	0.19739186939004344	0.8026081306099563	[[-0.16394503248165937, 0.0646924132598293, 0.08888457736020947], [-0.10068694344245777, -0.1524298104851209, -0.07477193589162583], [0.04413293380344105, -0.10744112175226744, 0.15960024941024212]]	0.542657499748498	0.6336601964241085	[[-0.41439894402616156, 0.17219447473888097, 0.43018926652952016], [-0.3498260957207592, -0.5975780377767818, -0.06506193389209043], [0.3485722545122474, -0.2598072406011342, 0.28928841607210726]]	[[0.03630858358171597, -0.005653900377861881, 0.18583329246868502], [-0.0730237879325005, -0.17852744516323735, 0.14049644046084686], [0.22724472674554755, 0.03556323580411274, -0.14947470305648256]]	0.6806581701397142	[[-0.6821578194888576, 0.6821578194888575, 0.0], [-0.7071067811865475, -0.7071067811865476, 0.0], [0.0, 0.0, 0.9647168399999999]]
2	[[0.08740825448676931, -0.06334395238859675, -0.994156597696443], [0.7119981850616444, -0.6940087028176986, 0.10681996481098455], [-0.6967197295301035, -0.717174639895393, -0.015561310176609944]]	0.16829888216466532	0.8317011178353347	[[0.014710711522087895, -0.01066071637889262, -0.16731544408893834], [0.11982849864914522, -0.11680088889676807, 0.01797768067055758], [-0.1172571516619844, -0.12069969021124102, -0.002618951107741095]]	0.4677045898928696	1.0284696396915445	[[0.0649823482589757, -0.015918352734739308, 0.0007010233126601706], [0.6347991398977736, -0.6371586951089387, 0.03918686920783724], [0.01077036062758947, -0.013494701921866229, 0.02680601540269796]]	[[0.024101106440989624, 0.013707904539362766, 0.4656726271275656], [0.3017943207490496, -0.3125676393755047, -0.010773318626455048], [0.33662937599773757, 0.321931168911975, 0.03408411159704508]]	0.795067416310533	[[0.0, 0.0, -0.9647168399999999], [0.0, -1.0, 0.0], [-0.9647168399999999, 0.0, 0.0]]
2	[[-0.30792515101507295, 0.09349718223056193, 0.9468053539599837], [0.3027085282091916, -0.9338174967034747, 0.1906631317268273], [0.9019698710720718, 0.34531602882779927, 0.2592434992682147]]	0.6209233981196566	0.3790766018803435	[[-0.1911979311347875, 0.05805458810521328, 0.5878935977387173], [0.1879588079754512, -0.5798291332767127, 0.11838719964795731], [0.5600541973476194, 0.21441480204494243, 0.16097035450605057]]	0.8159637130978381	0.2713139930996185	[[-0.12742612503170472, 0.15008504763307193, 0.7815386320274387], [0.29207051996162026, -0.8145794871451703, 0.15557419691468424], [0.7269948652730087, 0.2817653490745312, 0.12742612503170472]]	[[0.1238296245467667, 0.0737947396560374, 0.00897981982933734], [0.04507134529766661, -0.0526182951792749, 0.0], [-0.00897981982933734, 0.0, -0.08410716322766444]]	0.46905298789676897	[[0.0, 0.0, 0.9822], [0.0, -1.0, 0.0], [0.9822, 0.0, 0.0]]
2	[[-0.3195682178843842, -0.5708200961323295, -0.7563336379995778], [0.910087742671785, 0.03735879733279218, -0.41272826520656647], [0.2638493031197415, -0.8202248094963509, 0.507557688474819]]	0.12278415175588972	0.8772158482441103	[[-0.039237912561075436, -0.07008766130882356, -0.09286578418622432], [0.11174435150738754, 0.004587068241127073, -0.05067648994906816], [0.03239651287494011, -0.10071060748314568, 0.06232004024656077]]	0.38130156685442995	1.084049312365453	[[-0.20214245790529242, -0.29794519275635256, 0.19492954672037244], [0.5448874519628992, -0.08015781646629078, -0.15737393420837453], [0.2719687042798717, -0.04157430330470763, 0.07998449250163825]]	[[-0.08029059570909897, -0.08029059570909895, 0.48332074795432267], [0.19786956970713643, -0.09440278442508153, 0.0], [0.17136255158686484, 0.2711787017291273, -0.11354804938282277]]	0.9932456194415357	[[1.9262835105544399e-16, -0.9647168399999999, 0.0], [1.0, 1.7938038903913487e-16, 0.0], [0.0, 0.0, 0.9647168399999999]]
2	[[0.5319609947059123, -0.8460851799387872, 0.03402011756955908], [-0.703274286200726, -0.4190807785627857, 0.5742617690636116], [-0.47161719485230363, -0.3294103357928521, -0.8179645788128509]]	0.1588784782731146	0.8411215217268854	[[0.08451715333952771, -0.13442472587810886, 0.005405064510123986], [-0.11173514840018224, -0.06658291637156753, 0.09123783599925338], [-0.07492982224556896, -0.05233621287820402, -0.12995696756309483]]	0.4757897582221047	0.806730683784445	[[0.22105294135639475, -0.5530926206072152, 0.2379626190256392], [-0.37467223744376976, -0.3960609038807529, 0.010685236464472567], [0.16530348994098507, -0.1567300640227434, -0.36380611807223046]]	[[-0.032048651698321586, -0.1505339574088338, 0.22177619551253103], [-0.040061534848503146, -0.1966665615728336, -0.2625426317945013], [0.3896941210531498, 0.0, 0.025373051115381497]]	0.6555365744959993	[[0.6821578194888576, -0.6821578194888575, 0.0], [-0.7071067811865475, -0.7071067811865476, 0.0], [0.0, 0.0, -0.9647168399999999]]
2	[[0.22433838825039393, -0.7661379269479729, -0.6022499185961573], [-0.9416906372873723, -0.011392912655017143, -0.3362869982418849], [0.2507808429735371, 0.642575192824231, -0.724020780340167]]	0.15041099146783476	0.8495890085321653	[[0.0337429594010378, -0.11523556519335615, -0.09058500736747081], [-0.14164062241037084, -0.001713619288147547, -0.05058126082330391], [0.03772019523278909, 0.0966503718453277, -0.10890068341427993]]	0.42330758767008353	0.8686165123166715	[[0.02078248774648173, -0.3274375404208926, 0.11919202305506318], [-0.48568968152577374, -0.1294113442225209, -0.1423528379905859], [0.3005318448851317, 0.03652513852121262, -0.33408499445804535]]	[[-0.07418165420558716, -0.0031255427419875775, 0.37412898327050675], [-0.08706488952415249, -0.12458863784998966, 0.0], [0.19437441121213364, -0.23548181624985137, -0.027601504509237776]]	0.9520257741357203	[[0.6821578194888576, -0.6821578194888575, 0.0], [-0.7071067811865475, -0.7071067811865476, 0.0], [0.0, 0.0, -0.9647168399999999]]
2	[[-0.5446221603179724, 0.8109226453022452, -0.2139887049042392], [-0.8354447797583356, -0.5021691245819775, 0.22328947644507607], [0.07361197229480154, 0.30038414347728, 0.9509735242804028]]	0.2515818503403418	0.7484181496596581	[[-0.13701705082914975, 0.20401341958802352, -0.053835674331741884], [-0.21018274354878141, -0.12633663754612362, 0.0561755796455784], [0.018519436197128147, 0.07557119862891282, 0.23924767886313975]]	0.6095761509477788	0.5844593621187675	[[-0.2587389289135166, 0.5470990988426021, 0.14287290173064887], [-0.6148555698511954, -0.5154632485815513, 0.1361119395985342], [0.1938762215844762, 0.008176573738605846, 0.5050485972432647]]	[[0.07324975129397716, 0.05277999400286859, 0.2733153128124751], [-0.10558835667669446, -0.20935292649405396, 0.0], [0.14900411884933654, -0.17493043624801985, -0.0746421833408274]]	0.3903162581681409	[[-0.6821578194888576, 0.6821578194888575, 0.0], [-0.7071067811865475, -0.7071067811865476, 0.0], [0.0, 0.0, 0.9647168399999999]]
2	[[-0.42203838922340475, -0.825029846081567, 0.3757783270710803], [0.2588054115689476, 0.28760896992378115, 0.9221175843470338], [-0.8688517462515349, 0.4864224845687207, 0.09214016247897017]]	0.11069438251455659	0.8893056174854436	[[-0.0467172788925229, -0.09132616936807872, 0.04159654987748629], [0.028648305225050325, 0.03183669733136058, 0.10207323660510946], [-0.09617700754800787, 0.05384423657053098, 0.010199398390400502]]	0.3546952726568898	1.15010682860564	[[-0.23764089651591266, -0.48494059125242067, 0.3117135632516389], [0.18295942754045066, 0.008223438690009646, 0.0365686354594276], [0.18998448121483874, 0.1725317557905442, -0.09169256909643653]]	[[-0.08794587497864256, -0.1923064050464472, 0.17842676707261226], [0.0911623715189242, -0.09379010331567317, -0.29050211254225616], [0.4981620882499418, 0.0, -0.12437424914956494]]	1.0000000000000002	[[0.0, 0.0, 0.0], [0.0, 0.0, 0.0], [0.0, 0.0, 0.0]]
2	[[0.04673222253661188, -0.9725397674033924, -0.22799671093185395], [-0.8377629715199755, -0.16246744520517667, 0.5213036857710898], [-0.5440306084466285, 0.16664552219444034, -0.8223502702654952]]	0.18396893947698714	0.8160310605230127	[[0.008597277419463083, -0.17891710960839782, -0.04194431311437438], [-0.15412236540361923, -0.029888963593931853, 0.09590368621675194], [-0.1000847340789463, 0.03065759998669991, -0.1512869070993569]]	0.48219426275495936	0.8971863189703395	[[-0.07556822130881126, -0.6004632001954696, 0.11761331689872365], [-0.30219207359847655, -0.20336656688577043, 0.00411878181367437], [0.08597483315789634, 0.08035551471596337, -0.535270087737329]]	[[-0.09810223090175352, -0.13151010405251115, 0.22755202283706455], [0.10177242481700192, -0.12502569692337856, -0.24725086461815926], [0.3483032713139504, 0.0, -0.13873750544031677]]	0.8706755705756523	[[0.6821578194888576, -0.6821578194888575, 0.0], [-0.7071067811865475, -0.7071067811865476, 0.0], [0.0, 0.0, -0.9647168399999999]]
