2	[[-0.30792515101507295, 0.09349718223056193, 0.9468053539599837], [0.3027085282091916, -0.9338174967034747, 0.1906631317268273], [0.9019698710720718, 0.34531602882779927, 0.2592434992682147]]	0.5550075688260706	0.44499243117392945	[[-0.1709007894452763, 0.05189164380187227, 0.5254841376528377], [0.16800552430430143, -0.5182757785726426, 0.10581948120447127], [0.500600105298075, 0.1916530096363902, 0.14388210426281509]]	0.780416080513363	0.31403685347204846	[[-0.095301069839301, 0.13075034096295382, 0.7501409192838933], [0.3066853628528775, -0.8113332043558703, 0.1487965739606536], [0.6926729955858341, 0.2694901817562306, 0.095301069839301]]	[[0.1450086696073676, 0.057783636467535024, 0.011238795937375534], [0.07044675972989137, -0.08256701366374428, 0.0], [-0.011238795937375534, 0.0, -0.10701672575816804]]	0.47816909184973005	[[0.0, 0.0, 0.9374], [0.0, -1.0, 0.0], [0.9374, 0.0, 0.0]]
2	[[-0.5446221603179724, 0.8109226453022452, -0.2139887049042392], [-0.8354447797583356, -0.5021691245819775, 0.22328947644507607], [0.07361197229480154, 0.30038414347728, 0.9509735242804028]]	0.23754351288477496	0.762456487115225	[[-0.12937146115682624, 0.19262941384290969, -0.05083162868061647], [-0.19845448780504224, -0.11928701791547514, 0.05304096662496559], [0.01748604648928387, 0.07135430465647735, 0.22589759161798173]]	0.5939877768714613	0.5801582046574544	[[-0.3534368087859289, 0.5273399587289329, 0.13587853836212416], [-0.6082681843762926, -0.39407387045233266, 0.13263121971240324], [0.17849077819726117, 0.013670493589887662, 0.500291085228803]]	[[-0.029937902543724006, 0.04566181943112761, 0.26298521346379633], [-0.11202419694877122, -0.09579154852839614, 0.0], [0.1347661664227484, -0.16475401600161993, -0.06457556432213199]]	0.4215275395034805	[[-0.6213479939518345, 0.6213479939518344, 0.0], [-0.7071067811865475, -0.7071067811865476, 0.0], [0.0, 0.0, 0.87871876]]
2	[[0.8592155572171323, 0.2624339665249735, -0.4391776855101157], [-0.4266000482917053, 0.8413623931712975, -0.33184593135155627], [0.2824199444684594, 0.4724804086637203, 0.8348660002631537]]	0.16835836424549255	0.8316416357545076	[[0.14465612574735578, 0.04418295332660089, -0.07393923674560444], [-0.07182168631743961, 0.14165039625199263, -0.055869038183870026], [0.04754775988101269, 0.0795460287406658, 0.14055667416848153]]	0.0	0.6886701728603827	[[0.6628418966842696, 0.6628418966842695, 0.0], [-0.7071067811865474, 0.7071067811865475, 0.0], [0.0, 0.0, 0.9373999999999996]]	[[0.6628418966842696, 0.6628418966842695, 0.0], [-0.7071067811865474, 0.7071067811865475, 0.0], [0.0, 0.0, 0.9373999999999998]]	0.6886701728603829	[[0.6628418966842697, 0.6628418966842696, 0.0], [-0.7071067811865475, 0.7071067811865476, 0.0], [0.0, 0.0, 0.9374]]
2	[[0.5319609947059123, -0.8460851799387872, 0.03402011756955908], [-0.703274286200726, -0.4190807785627857, 0.5742617690636116], [-0.47161719485230363, -0.3294103357928521, -0.8179645788128509]]	0.150753261166747	0.8492467388332531	[[0.08019485476542292, -0.12755010010062612, 0.005128643668887212], [-0.10602089213947566, -0.06317779406063936, 0.0865718344497248], [-0.07109783014629797, -0.049659682382805666, -0.1233108277749219]]	0.45889067167738584	0.8183024869288962	[[0.21590578560286658, -0.5081583070210224, 0.2264486604462769], [-0.3840240757387875, -0.39949525879572045, 0.0], [0.13513819283198808, -0.14977417860366776, -0.3317867735723664]]	[[-0.028206152563899797, -0.11989771050263043, 0.2108371458442383], [-0.061298066170702124, -0.20718299883396185, -0.26352336892424455], [0.3515589241523663, 0.001389151645787339, 0.04356954140737271]]	0.6869952403339682	[[0.6213479939518345, -0.6213479939518344, 0.0], [-0.7071067811865475, -0.7071067811865476, 0.0], [0.0, 0.0, -0.87871876]]
2	[[0.22433838825039393, -0.7661379269479729, -0.6022499185961573], [-0.9416906372873723, -0.011392912655017143, -0.3362869982418849], [0.2507808429735371, 0.642575192824231, -0.724020780340167]]	0.14113901701509105	0.858860982984909	[[0.03166289959641043, -0.10813195390741655, -0.0850009615080802], [-0.13290929087905431, -0.0016079844930678988, -0.04746321636681528], [0.03539496166350092, 0.09069243107349455, -0.1021875812357103]]	0.4038869821033638	0.8690178090171774	[[0.018875943882817936, -0.3091473481137774, 0.10768563228585457], [-0.46644045105447457, -0.12484924566206901, -0.1358219408405141], [0.27868252323480197, 0.04068964264956321, -0.32242047819525]]	[[-0.0717314107175664, 0.00028578707616673527, 0.35092653437965304], [-0.08610386148548421, -0.12024779655246688, 0.0], [0.17739540539688242, -0.21883811275470252, -0.02999791024353754]]	0.9611815358305696	[[0.6213479939518345, -0.6213479939518344, 0.0], [-0.7071067811865475, -0.7071067811865476, 0.0], [0.0, 0.0, -0.87871876]]
2	[[-0.8305561570912853, 0.32773595720904825, 0.4502950280316503], [-0.5100865793185324, -0.772219296347621, -0.37879947194723407], [0.22358030216652452, -0.5443036842615101, 0.808545204538665]]	0.18634044787293727	0.8136595521270626	[[-0.1547662062960157, 0.06107046505039986, 0.08390817719837458], [-0.09504976164418988, -0.14389568953754034, -0.07058566325667973], [0.04166205364127683, -0.10142579230417963, 0.15066467553925045]]	0.5210843468166616	0.6588510350998159	[[-0.3804327129524628, 0.14966157695994536, 0.4045998186417025], [-0.3535067047919205, -0.6033779150736174, -0.058930869994317056], [0.32271185328120044, -0.2494786975755899, 0.265472681092781]]	[[0.05235709966000625, -0.02111650023066489, 0.16995812808503968], [-0.08770857278777772, -0.20098652743709516, 0.13845560541980378], [0.20620765756568518, 0.034149432207721535, -0.15584756868599328]]	0.6829012307637987	[[-0.6213479939518345, 0.6213479939518344, 0.0], [-0.7071067811865475, -0.7071067811865476, 0.0], [0.0, 0.0, 0.87871876]]
2	[[0.08740825448676931, -0.06334395238859675, -0.994156597696443], [0.7119981850616444, -0.6940087028176986, 0.10681996481098455], [-0.6967197295301035, -0.717174639895393, -0.015561310176609944]]	0.15386797097536903	0.8461320290246309	[[0.013449330764377904, -0.009746605427593744, -0.15296885851932787], [0.10955371607358053, -0.10678571094180721, 0.016436171245126512], [-0.10720285112130498, -0.11035020667569506, -0.0023943872225933444]]	0.44612145353770916	1.0246400366440145	[[0.06053467530785122, -0.014969629913000042, -0.000448474402063994], [0.6351696445270406, -0.6365334022081367, 0.038265426320167564], [0.008307426543588629, -0.012485933153139036, 0.023519894373565345]]	[[0.021539977765019678, 0.01328946619942425, 0.44306611200637674], [0.31753197929112914, -0.326921230939285, -0.009389251648155803], [0.319129044989958, 0.3074610596373768, 0.030462128688505733]]	0.8228399186262163	[[0.0, 0.0, -0.87871876], [0.0, -1.0, 0.0], [-0.87871876, 0.0, 0.0]]
2	[[0.034229894132735264, 0.2773841392786001, 0.9601491309293217], [-0.1827544195208179, -0.9427759796974285, 0.2788803941677556], [0.9825625356654255, -0.18501754344446375, 0.018422055382213542]]	0.7792622302925403	0.22073776970745979	[[0.02667406364455282, 0.2161549830220185, 0.7482079531814274], [-0.1424136165516111, -0.7346697126052528, 0.21732095794402798], [0.7656738729445333, -0.14417718354777978, 0.01435561196371642]]	0.8805693671147573	0.17774901359476591	[[0.0, 0.2157900696974659, 0.8122506816970336], [-0.18540719574032824, -0.8214819373685803, 0.24557353219301462], [0.8341498580522019, -0.16292078113601854, 0.0]]	[[-0.03014179621286784, -0.028465906274762677, -0.03322723086118341], [-0.02447925220545677, 0.008697710404579681, 0.0], [-0.031064612129373167, 0.0, -0.01622189764886879]]	0.3658100667898919	[[0.0, 0.0, 0.9374], [0.0, -1.0, 0.0], [0.9374, 0.0, 0.0]]
2	[[0.8489524140446696, -0.5135124485683378, 0.12483895166604869], [0.522794976890395, 0.7815435453534784, -0.34040431673891397], [0.0772347773085365, 0.35425224329800037, 0.9319550081910795]]	0.21181311643003234	0.7881868835699677	[[0.17981925651960062, -0.1087686720568763, 0.026442527404243937], [0.11073483330912129, 0.16554117396709664, -0.07210209917470521], [0.016359338878500662, 0.0750352716552795, 0.1974002946575289]]	0.0	0.4480293243366076	[[0.6628418966842697, -0.6628418966842696, 0.0], [0.7071067811865475, 0.7071067811865476, 0.0], [0.0, 0.0, 0.9374]]	[[0.6628418966842697, -0.6628418966842696, 0.0], [0.7071067811865475, 0.7071067811865476, 0.0], [0.0, 0.0, 0.9374]]	0.4480293243366076	[[0.6628418966842697, -0.6628418966842696, 0.0], [0.7071067811865475, 0.7071067811865476, 0.0], [0.0, 0.0, 0.9374]]
2	[[-0.42203838922340475, -0.825029846081567, 0.3757783270710803], [0.2588054115689476, 0.28760896992378115, 0.9221175843470338], [-0.8688517462515349, 0.4864224845687207, 0.09214016247897017]]	0.1067561456433316	0.8932438543566685	[[-0.045055191747010864, -0.0880770064083792, 0.04011664581440774], [0.02762906821073694, 0.03070402508151175, 0.09844171913482905], [-0.09275526356529185, 0.05192858960680956, 0.009836528605205237]]	0.34083078782475984	1.1325374471914273	[[-0.22889919289375485, -0.4519237128663492, 0.2866555079959681], [0.18500377701354376, 0.01435511566395493, 0.023199007025130267], [0.1628062630068267, 0.16578775863123416, -0.08888246040013938]]	[[-0.0850555162024492, -0.17072814044742834, 0.15857868473286169], [0.09679492469518822, -0.08367087614063512, -0.2910870557149337], [0.45893768818465575, 0.0, -0.12028666456814815]]	1.0000000000000002	[[0.0, 0.0, 0.0], [0.0, 0.0, 0.0], [0.0, 0.0, 0.0]]
2	[[0.8787972042104137, -0.3840163418041313, 0.28327887866788265], [-0.395223040501579, -0.9183905790867732, -0.018907472103605397], [0.2674214316928388, -0.09534250611366366, -0.9588511794847616]]	0.5722644510689177	0.42773554893108234	[[0.502904399668372, -0.21975890104403506, 0.1621104320002944], [-0.2261720963224247, -0.5255622806079576, -0.010820074144470617], [0.15303577881176642, -0.054561126924670654, -0.5487164438846315]]	0.8077710551351526	0.34443927173422667	[[0.5696309988348945, -0.24582876935759215, 0.2355907014120328], [-0.34892546287454257, -0.8447588485215961, -0.015272908691067797], [0.20924906935130316, -0.07701491676266382, -0.66178688801118]]	[[-0.1402359460599736, 0.06436851625067236, 0.006766222692974344], [-0.02967573043485901, -0.1029095214264894, 0.0], [-0.006766222692974344, 0.0, 0.11274534095881131]]	0.4985812585142359	[[0.6213479939518345, -0.6213479939518344, 0.0], [-0.7071067811865475, -0.7071067811865476, 0.0], [0.0, 0.0, -0.87871876]]
2	[[0.3802729664721569, 0.7767473726770865, -0.5020517802076895], [0.4287143634067757, 0.332951791095048, 0.839849450446521], [0.8195098935212374, -0.5346088512602871, -0.20639019011321075]]	0.124660634753419	0.8753393652465815	[[0.047405069379984704, 0.09682982052097608, -0.06258609359977457], [0.05344380467019662, 0.04150598162019645, 0.10469616558997343], [0.10216062351306429, -0.06664467874290356, -0.025728732106391664]]	0.41062738531894327	0.9535018372187322	[[0.14437252665925027, 0.3117581100018605, 0.11905848999568444], [0.27573700521707545, -0.2752344238327033, 0.3280686626119754], [0.5769112091943933, 0.0, -0.07405265585383602]]	[[-0.011777967270689728, -0.007195632693890326, 0.3252146997970887], [0.09969514712267588, -0.41195354724732197, -0.01679652128643095], [0.24039800437476191, 0.21952503476137558, 0.010696808267831356]]	1.0000000000000007	[[0.0, 0.0, 0.0], [0.0, 0.0, 0.0], [0.0, 0.0, 0.0]]
2	[[-0.3195682178843842, -0.5708200961323295, -0.7563336379995778], [0.910087742671785, 0.03735879733279218, -0.41272826520656647], [0.2638493031197415, -0.8202248094963509, 0.507557688474819]]	0.11558483977697234	0.8844151602230275	[[-0.036937241261979156, -0.06597814935293123, -0.08742070236611585], [0.10519234591970474, 0.004318110603971154, -0.04770513040532874], [0.03049697942636112, -0.09480555318673338, 0.05866597409993238]]	0.3637873502381293	1.0714728310324906	[[-0.18601573336148552, -0.27741798839165865, 0.18525062890281324], [0.5387737175815132, -0.0761643448934019, -0.1501453219678767], [0.24461530175054602, -0.04612078733934037, 0.08598631485482308]]	[[-0.06976085815700428, -0.06976085815700427, 0.46039523896664414], [0.20769530919074405, -0.0897550027831817, 0.0], [0.14863026290643824, 0.2522666227069115, -0.09865675172842119]]	0.9672888629511871	[[1.7545681671762302e-16, -0.87871876, 0.0], [1.0, 1.7938038903913487e-16, 0.0], [0.0, 0.0, 0.87871876]]
2	[[0.04673222253661188, -0.9725397674033924, -0.22799671093185395], [-0.8377629715199755, -0.16246744520517667, 0.5213036857710898], [-0.5440306084466285, 0.16664552219444034, -0.8223502702654952]]	0.17653530187997643	0.8234646981200234	[[0.008249887013022983, -0.17168760142883993, -0.04024946819199654], [-0.14789473908114492, -0.028681239484964382, 0.0920285035387437], [-0.09604060769407284, 0.029418817567541836, -0.14517385321239937]]	0.46403792876113814	0.8809384526535996	[[0.1249951198381655, -0.5605519259509744, 0.10005846219793858], [-0.30530365830843176, -0.39749637371456514, 0.0], [0.0707520171352602, 0.07075201713526019, -0.49353793176230487]]	[[0.10330959608587156, -0.1092565866472651, 0.20585758370310803], [0.08345013578847407, -0.3221053169504413, -0.2419046826007637], [0.32320285386149544, -0.0065778258211661705, -0.11193621563214219]]	0.8855827941752387	[[0.6213479939518345, -0.6213479939518344, 0.0], [-0.7071067811865475, -0.7071067811865476, 0.0], [0.0, 0.0, -0.87871876]]
