2	[[0.8489524140446696, -0.5135124485683378, 0.12483895166604869], [0.522794976890395, 0.7815435453534784, -0.34040431673891397], [0.0772347773085365, 0.35425224329800037, 0.9319550081910795]]	0.21631661163157326	0.7836833883684268	[[0.18364250964258738, -0.11108127290493536, 0.027004739024037383], [0.1130892379789369, 0.1690608515733913, -0.07363510838172271], [0.016707165327501716, 0.07663064493310714, 0.20159734956496939]]	0.0	0.4401943184801473	[[0.6783982458703737, -0.6783982458703736, 0.0], [0.7071067811865474, 0.7071067811865476, 0.0], [0.0, 0.0, 0.9593999999999999]]	[[0.6783982458703737, -0.6783982458703736, 0.0], [0.7071067811865474, 0.7071067811865475, 0.0], [0.0, 0.0, 0.9593999999999999]]	0.44019431848014734	[[0.6783982458703738, -0.6783982458703737, 0.0], [0.7071067811865475, 0.7071067811865476, 0.0], [0.0, 0.0, 0.9594]]
2	[[-0.3195682178843842, -0.5708200961323295, -0.7563336379995778], [0.910087742671785, 0.03735879733279218, -0.41272826520656647], [0.2638493031197415, -0.8202248094963509, 0.507557688474819]]	0.11913701760438376	0.8808629823956159	[[-0.03807240439989343, -0.06800580384185338, -0.09010733394514328], [0.10842513942022233, 0.0044508156955155, -0.049171214597741486], [0.031434219070681016, -0.09771913756851908, 0.060468909267064865]]	0.37248879233833615	1.0773834217484728	[[-0.1938643517263022, -0.28745286042761814, 0.1900419940822703], [0.5418111532202939, -0.07814838805282996, -0.15373665307069045], [0.25784994997084, -0.044016267513643785, 0.08323568595381794]]	[[-0.07482877217683374, -0.07482877217683373, 0.4717677975055933], [0.20281366903055814, -0.0920641213545344, 0.0], [0.1595690416924559, 0.2615082812215938, -0.10582386446820478]]	0.9790691323422319	[[1.8378911040724418e-16, -0.9204483600000001, 0.0], [1.0, 1.7938038903913487e-16, 0.0], [0.0, 0.0, 0.9204483600000001]]
2	[[0.3802729664721569, 0.7767473726770865, -0.5020517802076895], [0.4287143634067757, 0.332951791095048, 0.839849450446521], [0.8195098935212374, -0.5346088512602871, -0.20639019011321075]]	0.12684339258125338	0.8731566074187471	[[0.048235113174265584, 0.09852527192893681, -0.06368195105300106], [0.05437958430282777, 0.04223273474850063, 0.10652935355213797], [0.1039494151481355, -0.0678116003978215, -0.026179231909449527]]	0.41949239214959744	0.8668479568393228	[[0.028388467918460506, 0.31728937451363814, 0.12897972286016166], [0.28102266629437184, -0.14342172498699624, 0.32794304169870675], [0.5997618305926352, 0.0, -0.0669516593569725]]	[[-0.1311331484567683, -0.008550238946587619, 0.33958662512244925], [0.10118025243997167, -0.283092468303951, -0.024367413314629143], [0.25598366496914954, 0.22426434587952618, 0.01962745520982845]]	1.0000000000000007	[[0.0, 0.0, 0.0], [0.0, 0.0, 0.0], [0.0, 0.0, 0.0]]
2	[[0.8787972042104137, -0.3840163418041313, 0.28327887866788265], [-0.395223040501579, -0.9183905790867732, -0.018907472103605397], [0.2674214316928388, -0.09534250611366366, -0.9588511794847616]]	0.6035297323764559	0.3964702676235441	[[0.5303802414702887, -0.231765279997233, 0.17096722583032978], [-0.23852885586292716, -0.5542760204132986, -0.011411221578604273], [0.1613967851013077, -0.057542037198880035, -0.5786951957432874]]	0.8249554939739359	0.318709552225611	[[0.5924557575145772, -0.2569669036063985, 0.24046782998445393], [-0.34730114305429294, -0.8472892996310596, -0.015597822989028204], [0.21383541658077482, -0.0786533242277104, -0.6906522038801993]]	[[-0.13251282418773855, 0.059829487340692454, 0.0067753627006081375], [-0.02125972444743199, -0.08965794579952163, 0.0], [-0.0067753627006081375, 0.0, 0.10035734453914338]]	0.4860428175091647	[[0.6508552770880366, -0.6508552770880365, 0.0], [-0.7071067811865475, -0.7071067811865476, 0.0], [0.0, 0.0, -0.9204483600000001]]
2	[[0.034229894132735264, 0.2773841392786001, 0.9601491309293217], [-0.1827544195208179, -0.9427759796974285, 0.2788803941677556], [0.9825625356654255, -0.18501754344446375, 0.018422055382213542]]	0.8191142622177399	0.1808857377822601	[[0.02803819447832679, 0.22720930459609331, 0.7864718470001755], [-0.14969675151282608, -0.7722412510464662, 0.22843490831571361], [0.8048309864843768, -0.15155050859585056, 0.01508976830293619]]	0.8994316002798086	0.146970262459873	[[0.0, 0.23087959593608032, 0.8399899706828351], [-0.18079300524810868, -0.8212143071399195, 0.25083383921296826], [0.8666938927221995, -0.16641062518009303, 0.0]]	[[-0.030787448457214504, -0.018608464347508298, -0.02359849865619215], [-0.016417905240291936, 0.02674820098470307, 0.0], [-0.017053901106340696, 0.0, -0.016569378752867583]]	0.3558476396910911	[[0.0, 0.0, 0.9594], [0.0, -1.0, 0.0], [0.9594, 0.0, 0.0]]
2	[[-0.30792515101507295, 0.09349718223056193, 0.9468053539599837], [0.3027085282091916, -0.9338174967034747, 0.1906631317268273], [0.9019698710720718, 0.34531602882779927, 0.2592434992682147]]	0.5864284748670389	0.41357152513296136	[[-0.18057607668297185, 0.05482940997983402, 0.5552336197187002], [0.17751690052696228, -0.5476171703959748, 0.11181028955193667], [0.5289408158688146, 0.20250315213262876, 0.15202776989505348]]	0.7980040469526489	0.2927895446386484	[[-0.11078640818939152, 0.14004617261676627, 0.7657316315352963], [0.29937973759027764, -0.8129702792866791, 0.15214995072267418], [0.7095984799460783, 0.2755635884822014, 0.11078640818939152]]	[[0.13493910847914228, 0.06543504281810857, 0.010177127398794058], [0.05781710703226263, -0.06778013780211427, 0.0], [-0.010177127398794058, 0.0, -0.09609095337280994]]	0.47332771826855613	[[0.0, 0.0, 0.9594], [0.0, -1.0, 0.0], [0.9594, 0.0, 0.0]]
2	[[-0.5446221603179724, 0.8109226453022452, -0.2139887049042392], [-0.8354447797583356, -0.5021691245819775, 0.22328947644507607], [0.07361197229480154, 0.30038414347728, 0.9509735242804028]]	0.24445882022378027	0.7555411797762198	[[-0.13313769077905807, 0.19823719316333394, -0.05231142634210497], [-0.20423184522183863, -0.12275967174811867, 0.05458508198014887], [0.01799509590153279, 0.0734315533283866, 0.23247386580963772]]	0.6018147086334096	0.5812639440021394	[[-0.37645470589844854, 0.537124640406537, 0.13931142091644996], [-0.6115757144849038, -0.38096160320338623, 0.13437889120770005], [0.18596926089852595, 0.011046839954984454, 0.5028727252664336]]	[[-0.04869307917138997, 0.04909946489973259, 0.26809297100923535], [-0.10879275777533799, -0.07874883780838932, 0.0], [0.1416684932399993, -0.16972875582989108, -0.0694371291664636]]	0.40524481345652014	[[-0.6508552770880366, 0.6508552770880365, 0.0], [-0.7071067811865475, -0.7071067811865476, 0.0], [0.0, 0.0, 0.9204483600000001]]
2	[[0.22433838825039393, -0.7661379269479729, -0.6022499185961573], [-0.9416906372873723, -0.011392912655017143, -0.3362869982418849], [0.2507808429735371, 0.642575192824231, -0.724020780340167]]	0.1457272206094659	0.8542727793905341	[[0.03269220979573718, -0.11164715069762614, -0.08776420674929515], [-0.13722995924584547, -0.001660257495862058, -0.04900616958089025], [0.0365455952286325, 0.09364069688286682, -0.1055095359824692]]	0.41353583674128663	0.8469474376282352	[[0.16574351650326824, -0.3181564860665865, 0.11325814197163697], [-0.4760041603873966, -0.2856723997104786, -0.13906672520317345], [0.2893454242959845, 0.03876011826399221, -0.3283033489168913]]	[[0.07297155340494996, -0.0013309973869218006, 0.3623100659856706], [-0.0865813347453279, -0.28096102204276574, 0.0], [0.1856385585582376, -0.22696775176976974, -0.028894809700841087]]	0.9561955618711987	[[0.6508552770880366, -0.6508552770880365, 0.0], [-0.7071067811865475, -0.7071067811865476, 0.0], [0.0, 0.0, -0.9204483600000001]]
2	[[-0.8305561570912853, 0.32773595720904825, 0.4502950280316503], [-0.5100865793185324, -0.772219296347621, -0.37879947194723407], [0.22358030216652452, -0.5443036842615101, 0.808545204538665]]	0.1917877564383058	0.808212243561694	[[-0.15929050196455868, 0.06285574393728398, 0.08636107316151423], [-0.09782836063679128, -0.14810220632487742, -0.07264910086477498], [0.04287996453631622, -0.10439078242561901, 0.15506907075742163]]	0.5318207426299335	0.6464511512399015	[[-0.3968465533770927, 0.16048979797007032, 0.41713945830803234], [-0.3516877612099014, -0.6005632757933668, -0.06198489420097297], [0.33530533516053973, -0.25461894417964587, 0.27701296764047323]]	[[0.04486043888305841, -0.013806982179377848, 0.17766322209767335], [-0.08041313779115698, -0.1898810361366103, 0.13946852227783174], [0.2164006928249137, 0.03485304540051932, -0.1529881434871511]]	0.6806819112445449	[[-0.6508552770880366, 0.6508552770880365, 0.0], [-0.7071067811865475, -0.7071067811865476, 0.0], [0.0, 0.0, 0.9204483600000001]]
2	[[0.04673222253661188, -0.9725397674033924, -0.22799671093185395], [-0.8377629715199755, -0.16246744520517667, 0.5213036857710898], [-0.5440306084466285, 0.16664552219444034, -0.8223502702654952]]	0.18024323337769227	0.8197567666223077	[[0.008423166892924789, -0.17529371226517626, -0.041094864377836354], [-0.15100110679086387, -0.029283657642394087, 0.09396146189508969], [-0.09805783592285365, 0.030036727748239907, -0.14822307168167195]]	0.47338923064549315	0.8870952813063511	[[-0.06609965873631685, -0.5816748460891488, 0.10935663646197889], [-0.30204826133881824, -0.19765187297750808, 0.0], [0.07732681921001734, 0.07732681921001733, -0.5140567788097871]]	[[-0.08822218960927751, -0.12128499382591004, 0.21728782403971214], [0.09453970721230501, -0.1207415340868907, -0.2467795507398361], [0.33486505039016634, -0.001561376332125244, -0.12476501704769101]]	0.877822461080714	[[0.6508552770880366, -0.6508552770880365, 0.0], [-0.7071067811865475, -0.7071067811865476, 0.0], [0.0, 0.0, -0.9204483600000001]]
2	[[0.5319609947059123, -0.8460851799387872, 0.03402011756955908], [-0.703274286200726, -0.4190807785627857, 0.5742617690636116], [-0.47161719485230363, -0.3294103357928521, -0.8179645788128509]]	0.1547021636013696	0.8452978363986303	[[0.08229551683254138, -0.13089120792758452, 0.005262985793983765], [-0.10879805368046111, -0.06483270316740937, 0.08883953814769077], [-0.07296020043526008, -0.050960491659807906, -0.126540890091631]]	0.46748557376170413	0.8103480588677862	[[0.2186128869193305, -0.530905782466498, 0.23220361883823717], [-0.38026829224449477, -0.39823789963347167, 0.004547973971106075], [0.14967850522342271, -0.15399457983115708, -0.3474415591022468]]	[[-0.03007120390960974, -0.1353731666715394, 0.21629970465679121], [-0.05149770904809544, -0.20232368141454615, -0.2639111186290076], [0.37015274015483723, 0.0, 0.03494508134082941]]	0.6713855123269208	[[0.6508552770880366, -0.6508552770880365, 0.0], [-0.7071067811865475, -0.7071067811865476, 0.0], [0.0, 0.0, -0.9204483600000001]]
2	[[0.08740825448676931, -0.06334395238859675, -0.994156597696443], [0.7119981850616444, -0.6940087028176986, 0.10681996481098455], [-0.6967197295301035, -0.717174639895393, -0.015561310176609944]]	0.16088377806919618	0.8391162219308038	[[0.014062570216265186, -0.010191014378112716, -0.15994366942982172], [0.11454895799112808, -0.1116547421222134, 0.017185599512009785], [-0.11209090234215162, -0.11538176560178609, -0.002503562372919637]]	0.4568432114293205	1.026479629543151	[[0.06270949892899527, -0.015435805152412461, 9.585863623878116e-05], [0.6349855906033032, -0.6368440261593281, 0.03872316737271755], [0.009483945491757455, -0.012977829290893623, 0.02510335610862488]]	[[0.02277763124382829, 0.013502449481420048, 0.4542695513915288], [0.3097140532078941, -0.3197908616041938, -0.01007680839629964], [0.32777562419645756, 0.3146585363545842, 0.032212435023755114]]	0.809092196221707	[[0.0, 0.0, -0.9204483600000001], [0.0, -1.0, 0.0], [-0.9204483600000001, 0.0, 0.0]]
2	[[-0.42203838922340475, -0.825029846081567, 0.3757783270710803], [0.2588054115689476, 0.28760896992378115, 0.9221175843470338], [-0.8688517462515349, 0.4864224845687207, 0.09214016247897017]]	0.10872404378089354	0.8912759562191066	[[-0.045885720307143246, -0.0897005811059162, 0.040856139284387055], [0.028138370898154436, 0.03127001023777083, 0.1002563526116787], [-0.09446507529855776, 0.052885819508260615, 0.010017851059342189]]	0.34774374004618375	1.1407206655581896	[[-0.23327091379667708, -0.4680514056097757, 0.2988431412779331], [0.18398444665958538, 0.011297808416601714, 0.029865219560507163], [0.17588724964749325, 0.1691503740264841, -0.09030203463066393]]	[[-0.08650970588506326, -0.18115244128364438, 0.16816858039393753], [0.09398648489640772, -0.08871641045552436, -0.2907953979826827], [0.47802500543465987, 0.0, -0.12234319933956403]]	1.0000000000000002	[[0.0, 0.0, 0.0], [0.0, 0.0, 0.0], [0.0, 0.0, 0.0]]
2	[[0.8592155572171323, 0.2624339665249735, -0.4391776855101157], [-0.4266000482917053, 0.8413623931712975, -0.33184593135155627], [0.2824199444684594, 0.4724804086637203, 0.8348660002631537]]	0.1729025425401441	0.827097457459856	[[0.14856055443288885, 0.045375500061063, -0.07593493845159488], [-0.07376023299738413, 0.1454736969769777, -0.0573770052622862], [0.04883112646264294, 0.08169306395836357, 0.14435045412581993]]	0.0	0.6884173045154992	[[0.6783982458703738, 0.6783982458703737, 0.0], [-0.7071067811865475, 0.7071067811865476, 0.0], [0.0, 0.0, 0.9594]]	[[0.6783982458703738, 0.6783982458703737, 0.0], [-0.7071067811865475, 0.7071067811865476, 0.0], [0.0, 0.0, 0.9594]]	0.6884173045154992	[[0.6783982458703738, 0.6783982458703737, 0.0], [-0.7071067811865475, 0.7071067811865476, 0.0], [0.0, 0.0, 0.9594]]
