2	[[0.8787972042104137, -0.3840163418041313, 0.28327887866788265], [-0.395223040501579, -0.9183905790867732, -0.018907472103605397], [0.2674214316928388, -0.09534250611366366, -0.9588511794847616]]	0.5596035772981282	0.4403964227018718	[[0.49177805919574125, -0.21489691861453258, 0.15852387387554956], [-0.22116822729532665, -0.5139346534138578, -0.010580689026842146], [0.14964998982149963, -0.053354007489774834, -0.5365765501362024]]	0.8003285792561157	0.35531876822435055	[[0.559988536886682, -0.24115979243992178, 0.23347501752405225], [-0.3496579287108317, -0.8436605133110058, -0.015132190286003148], [0.20726617946284587, -0.07630533246066595, -0.6496210260907972]]	[[-0.14333798101328504, 0.06617946080730953, 0.006758835026520129], [-0.03334963421692068, -0.10864628594828718, 0.0], [-0.006758835026520129, 0.0, 0.11777497610429294]]	0.504449498370576	[[0.6089490462493556, -0.6089490462493555, 0.0], [-0.7071067811865475, -0.7071067811865476, 0.0], [0.0, 0.0, -0.8611839999999998]]
2	[[0.5319609947059123, -0.8460851799387872, 0.03402011756955908], [-0.703274286200726, -0.4190807785627857, 0.5742617690636116], [-0.47161719485230363, -0.3294103357928521, -0.8179645788128509]]	0.14908961042585506	0.8509103895741452	[[0.07930985746245481, -0.12614250986416325, 0.005072046075087364], [-0.10485088935218752, -0.06248059001288972, 0.08561646343215619], [-0.07031322385066452, -0.04911165863360641, -0.12195002039735653]]	0.4547579739303914	0.8217873143802115	[[0.21450778394765666, -0.49646296830681425, 0.22379058697323678], [-0.3833619146298839, -0.3988927645116021, 0.0], [0.12901228256550287, -0.14613573340709163, -0.3249398584014792]]	[[-0.02740572021479969, -0.11169898610532086, 0.20831966723443038], [-0.06354232511989963, -0.20831243873921867, -0.26115011860505033], [0.34348396256727104, 0.0036662434897956854, 0.047036056206278785]]	0.6937519939450728	[[0.6089490462493556, -0.6089490462493555, 0.0], [-0.7071067811865475, -0.7071067811865476, 0.0], [0.0, 0.0, -0.8611839999999998]]
2	[[0.8592155572171323, 0.2624339665249735, -0.4391776855101157], [-0.4266000482917053, 0.8413623931712975, -0.33184593135155627], [0.2824199444684594, 0.4724804086637203, 0.8348660002631537]]	0.1663968271256865	0.8336031728743136	[[0.14297074253795955, 0.043668179359764206, -0.07307777341328581], [-0.07098489448740443, 0.14000003268657812, -0.05521811007146734], [0.04699378267656425, 0.07861924088069078, 0.13891905351890124]]	0.0	0.688955351138568	[[0.6561950929411161, 0.656195092941116, 0.0], [-0.7071067811865475, 0.7071067811865476, 0.0], [0.0, 0.0, 0.9279999999999999]]	[[0.6561950929411161, 0.656195092941116, 0.0], [-0.7071067811865475, 0.7071067811865476, 0.0], [0.0, 0.0, 0.9279999999999999]]	0.688955351138568	[[0.6561950929411161, 0.656195092941116, 0.0], [-0.7071067811865475, 0.7071067811865476, 0.0], [0.0, 0.0, 0.9279999999999999]]
2	[[-0.42203838922340475, -0.825029846081567, 0.3757783270710803], [0.2588054115689476, 0.28760896992378115, 0.9221175843470338], [-0.8688517462515349, 0.4864224845687207, 0.09214016247897017]]	0.10589500055335213	0.8941049994466479	[[-0.0446917554603483, -0.08736653600733962, 0.03979304615312977], [0.027406199201304243, 0.03045635202922787, 0.09764764210468488], [-0.09200705615008727, 0.05150970927256761, 0.00975718255669649]]	0.33781471462655216	1.1293088300696317	[[-0.22698422964863413, -0.4450828695260896, 0.28151716811956246], [0.18544850379050115, 0.01568899765128457, 0.02029058464385056], [0.15737381994205635, 0.16432067281252083, -0.0882523454507696]]	[[-0.08441345163167997, -0.16637564751365663, 0.15457371979720239], [0.0980202275375297, -0.08146954444755411, -0.2912143039644683], [0.4508847246548001, 0.0, -0.11937864814424708]]	1.0000000000000002	[[0.0, 0.0, 0.0], [0.0, 0.0, 0.0], [0.0, 0.0, 0.0]]
2	[[-0.3195682178843842, -0.5708200961323295, -0.7563336379995778], [0.910087742671785, 0.03735879733279218, -0.41272826520656647], [0.2638493031197415, -0.8202248094963509, 0.507557688474819]]	0.11405783622925703	0.8859421637707429	[[-0.03644925945953263, -0.06510650504102998, -0.08626577821763401], [0.10380263870791265, 0.004261063587905612, -0.04707489288011592], [0.030094080604435053, -0.09355306699270834, 0.05789093170896116]]	0.3600103062857247	1.0690968790438775	[[-0.18270388009837024, -0.2731571457412768, 0.18318090720783226], [0.5374552547591266, -0.07530312923163839, -0.14858642916979184], [0.23907688562232407, -0.0469446491898214, 0.08704592637211643]]	[[-0.06765602809862992, -0.0676560280986299, 0.45546881187825666], [0.20981428777297326, -0.08875268130188324, 0.0], [0.14408841719291093, 0.2483447357001101, -0.09568007251337762]]	0.9628061866029614	[[1.719555904873926e-16, -0.8611839999999998, 0.0], [1.0, 1.7938038903913487e-16, 0.0], [0.0, 0.0, 0.8611839999999998]]
2	[[-0.30792515101507295, 0.09349718223056193, 0.9468053539599837], [0.3027085282091916, -0.9338174967034747, 0.1906631317268273], [0.9019698710720718, 0.34531602882779927, 0.2592434992682147]]	0.5421016379458814	0.45789836205411877	[[-0.16692672873000391, 0.05068497563051217, 0.5132647331976371], [0.16409878896238983, -0.5062239945054763, 0.10335879600500443], [0.48895934448600553, 0.18719638483651718, 0.1405363255801211]]	0.7728210499972936	0.32322614004005423	[[-0.08885819351498003, 0.12689415482721483, 0.743375633447124], [0.30988441027654434, -0.810607934998096, 0.14734848165689896], [0.6853967771711318, 0.2668674959795955, 0.08885819351498003]]	[[0.14911284501306377, 0.05463756428400367, 0.011664525656710197], [0.07594488766278155, -0.08893411668987254, 0.0], [-0.011664525656710197, 0.0, -0.11149063979445427]]	0.48044294988701025	[[0.0, 0.0, 0.9279999999999999], [0.0, -1.0, 0.0], [0.9279999999999999, 0.0, 0.0]]
2	[[0.034229894132735264, 0.2773841392786001, 0.9601491309293217], [-0.1827544195208179, -0.9427759796974285, 0.2788803941677556], [0.9825625356654255, -0.18501754344446375, 0.018422055382213542]]	0.7611979543617952	0.23880204563820495	[[0.026055725391858894, 0.21114423939127763, 0.7308635543456551], [-0.13911229028982386, -0.7176391471671201, 0.21228318555210668], [0.7479245921810602, -0.14083497559097036, 0.014022830872080653]]	0.8723980611914276	0.19085668610079962	[[0.0, 0.20952151599434457, 0.8005135704934808], [-0.18742678241508315, -0.821589314092019, 0.24329471517625112], [0.8204424494281599, -0.16140894618735094, 0.0]]	[[-0.029862093276186066, -0.03246786931755906, -0.037118669783893644], [-0.027992181150956846, 0.0008866227338664347, 0.0], [-0.03674320168569036, 0.0, -0.0160713653986042]]	0.370176413793021	[[0.0, 0.0, 0.9279999999999999], [0.0, -1.0, 0.0], [0.9279999999999999, 0.0, 0.0]]
2	[[0.3802729664721569, 0.7767473726770865, -0.5020517802076895], [0.4287143634067757, 0.332951791095048, 0.839849450446521], [0.8195098935212374, -0.5346088512602871, -0.20639019011321075]]	0.12368218194615865	0.8763178180538419	[[0.04703299022841479, 0.0960698098736481, -0.062094859626040305], [0.05302432789780842, 0.041180204005517154, 0.10387441253750797], [0.10135877175717076, -0.0661215892116017, -0.025526789045484416]]	0.40676674355656234	0.8963957387188212	[[0.21357274550222727, 0.3369519182024925, 0.11494398724099414], [0.24134413814909303, -0.20326938818975437, 0.32812336954602045], [0.5672514345124741, 0.0, -0.07690114671524664]]	[[0.05889034926775422, 0.020996918852518483, 0.3191619549728509], [0.06695739263019422, -0.3387031040148119, -0.013499456489879392], [0.23390206381245515, 0.21746110150366163, 0.0070515188191239]]	1.0000000000000007	[[0.0, 0.0, 0.0], [0.0, 0.0, 0.0], [0.0, 0.0, 0.0]]
2	[[-0.5446221603179724, 0.8109226453022452, -0.2139887049042392], [-0.8354447797583356, -0.5021691245819775, 0.22328947644507607], [0.07361197229480154, 0.30038414347728, 0.9509735242804028]]	0.23457701574228718	0.7654229842577127	[[-0.1277558410745075, 0.19022381413284195, -0.05019683179899339], [-0.19597614325318277, -0.11779733464235717, 0.05237857903114367], [0.017267676783818457, 0.07046321595320336, 0.22307653137562236]]	0.590538436910019	0.5800264513777185	[[-0.3438137765854575, 0.5231083065590566, 0.13441226613937168], [-0.6068105511524063, -0.39985246528138063, 0.13186101839833173], [0.1753404662529335, 0.014747183470667833, 0.49903954966265635]]	[[-0.02219345732472442, 0.04422731514733103, 0.26078082144992043], [-0.11344829678928382, -0.10330229538626716, 0.0], [0.1318697671960978, -0.16264119909095995, -0.06254686890870459]]	0.4289572547968692	[[-0.6089490462493556, 0.6089490462493555, 0.0], [-0.7071067811865475, -0.7071067811865476, 0.0], [0.0, 0.0, 0.8611839999999998]]
2	[[0.08740825448676931, -0.06334395238859675, -0.994156597696443], [0.7119981850616444, -0.6940087028176986, 0.10681996481098455], [-0.6967197295301035, -0.717174639895393, -0.015561310176609944]]	0.15091239408352636	0.8490876059164737	[[0.0131909889472605, -0.009559387505676035, -0.15003055225230336], [0.10744935069077843, -0.1047345148570214, 0.01612045662554372], [-0.1051436423886149, -0.10823054188260464, -0.002348394573828551]]	0.44146819353202793	1.023878082856628	[[0.0596109172960727, -0.014770282506400667, -0.0006692038863812706], [0.635249524223157, -0.6363985909184677, 0.03806676597413828], [0.007824112748649076, -0.012277809578853008, 0.022861121885538738]]	[[0.021022953088010877, 0.013194057725771908, 0.43821931338661446], [0.3209249716659102, -0.33001582259003215, -0.009090850924121867], [0.315403713142427, 0.3043319831427488, 0.029730945378198315]]	0.8287722879154706	[[0.0, 0.0, -0.8611839999999998], [0.0, -1.0, 0.0], [-0.8611839999999998, 0.0, 0.0]]
2	[[0.22433838825039393, -0.7661379269479729, -0.6022499185961573], [-0.9416906372873723, -0.011392912655017143, -0.3362869982418849], [0.2507808429735371, 0.642575192824231, -0.724020780340167]]	0.13915971657178963	0.8608402834282104	[[0.03121886652509691, -0.10661553676897836, -0.0838089279772246], [-0.1310454021832187, -0.0015854344959993494, -0.04679760336211861], [0.034898591029831894, 0.08942058170948305, -0.10075452658422358]]	0.3996985234132287	0.8692522844559684	[[0.018487878326145093, -0.3052819621976941, 0.1053505143174264], [-0.4622889529784263, -0.12386533394545804, -0.13441341664034842], [0.2741658208566168, 0.04144612937522017, -0.31981592959299604]]	[[-0.07117984420244099, 0.0009422359342826786, 0.3460689175060476], [-0.08589659574260135, -0.11931160357987178, 0.0], [0.1739290882197693, -0.21539022637859567, -0.030425892770537685]]	0.9635714192293512	[[0.6089490462493556, -0.6089490462493555, 0.0], [-0.7071067811865475, -0.7071067811865476, 0.0], [0.0, 0.0, -0.8611839999999998]]
2	[[0.8489524140446696, -0.5135124485683378, 0.12483895166604869], [0.522794976890395, 0.7815435453534784, -0.34040431673891397], [0.0772347773085365, 0.35425224329800037, 0.9319550081910795]]	0.20982938592617925	0.7901706140738208	[[0.1781351637195405, -0.10775000174854302, 0.026194880567754958], [0.10969774896620266, 0.16399080219608933, -0.07142682874794695], [0.016206125894795448, 0.07433253067419086, 0.19555154707956154]]	0.0	0.4515160712108206	[[0.6561950929411161, -0.656195092941116, 0.0], [0.7071067811865475, 0.7071067811865476, 0.0], [0.0, 0.0, 0.9279999999999999]]	[[0.6561950929411161, -0.656195092941116, 0.0], [0.7071067811865475, 0.7071067811865476, 0.0], [0.0, 0.0, 0.9279999999999999]]	0.4515160712108206	[[0.6561950929411161, -0.656195092941116, 0.0], [0.7071067811865475, 0.7071067811865476, 0.0], [0.0, 0.0, 0.9279999999999999]]
2	[[0.04673222253661188, -0.9725397674033924, -0.22799671093185395], [-0.8377629715199755, -0.16246744520517667, 0.5213036857710898], [-0.5440306084466285, 0.16664552219444034, -0.8223502702654952]]	0.17491691849347046	0.8250830815065294	[[0.008174256360455278, -0.17011365922655788, -0.03988048210284645], [-0.14653891740620711, -0.02841830487079631, 0.09118483431436744], [-0.09516015759561211, 0.029149121222986744, -0.14384297519711303]]	0.45997559162144086	0.8696170406534904	[[-0.05388549251978277, -0.551608258116653, 0.09620941215103855], [-0.3067082782053162, -0.18648484121002415, 0.0], [0.06803032774597079, 0.06803032774597077, -0.48486613102746573]]	[[-0.07538117422884567, -0.10426370322989906, 0.2010823341496607], [0.07864224025812072, -0.11175378198254898, -0.23978697127699472], [0.31827112872638125, -0.008622544916480889, -0.1066050789420428]]	0.8891286980724485	[[0.6089490462493556, -0.6089490462493555, 0.0], [-0.7071067811865475, -0.7071067811865476, 0.0], [0.0, 0.0, -0.8611839999999998]]
2	[[-0.8305561570912853, 0.32773595720904825, 0.4502950280316503], [-0.5100865793185324, -0.772219296347621, -0.37879947194723407], [0.22358030216652452, -0.5443036842615101, 0.808545204538665]]	0.184001702131231	0.8159982978687687	[[-0.15282374662037054, 0.060303973976073164, 0.082855051619054], [-0.09385679882890711, -0.1420896649465438, -0.06969974760470256], [0.04113915616165549, -0.10015280438041799, 0.14877369388515865]]	0.516412249400472	0.6641598330452523	[[-0.37357363027913504, 0.14517388176505105, 0.39925708800372384], [-0.35429033606082583, -0.6045579646663385, -0.057600138167980215], [0.31739294356544995, -0.2472418451630046, 0.2606321849895673]]	[[0.05533574305778742, -0.02407298110669038, 0.16671921968405068], [-0.09087537824595023, -0.20577446080901385, 0.1380165492120019], [0.20193333680199776, 0.03384324478344614, -0.15691046282820942]]	0.6844499275316278	[[-0.6089490462493556, 0.6089490462493555, 0.0], [-0.7071067811865475, -0.7071067811865476, 0.0], [0.0, 0.0, 0.8611839999999998]]
