2	[[0.04673222253661188, -0.9725397674033924, -0.22799671093185395], [-0.8377629715199755, -0.16246744520517667, 0.5213036857710898], [-0.5440306084466285, 0.16664552219444034, -0.8223502702654952]]	0.173418312999201	0.8265816870007989	[[0.00810422319500248, -0.1686562057877316, -0.03953880497916856], [-0.1452834412141918, -0.028174830264771876, 0.09040360574668796], [-0.09434487033674306, 0.028899385327830745, -0.14261059656387914]]	0.4562236232545748	0.8649783726725618	[[-0.05066810622124939, -0.5434685950650954, 0.09275278752142473], [-0.30800040143154517, -0.18338535440277337, 0.0], [0.06558612503035442, 0.06558612503035441, -0.4769826623641771]]	[[-0.07198845010964156, -0.09977297862115826, 0.196770273072881], [0.07420685686381726, -0.10926386789035361, -0.2378310563384509], [0.31378574037726614, -0.010441498904343822, -0.101807042479274]]	0.89248345464865	[[0.5977147882683052, -0.597714788268305, 0.0], [-0.7071067811865475, -0.7071067811865476, 0.0], [0.0, 0.0, -0.84529636]]
2	[[0.8787972042104137, -0.3840163418041313, 0.28327887866788265], [-0.395223040501579, -0.9183905790867732, -0.018907472103605397], [0.2674214316928388, -0.09534250611366366, -0.9588511794847616]]	0.5483634644108575	0.45163653558914263	[[0.48190027941539826, -0.2105805315820974, 0.15533978730074308], [-0.2167258757044385, -0.5036118396303164, -0.010368166905984699], [0.14664414274079657, -0.05228234695810196, -0.5257989546367009]]	0.7934666943834707	0.3652117456667437	[[0.5512244066974921, -0.236935035276161, 0.23152260596738286], [-0.3503489549792463, -0.8426465547828533, -0.015002449389195465], [0.20543974889049016, -0.07565110316024455, -0.6385785243967294]]	[[-0.14607190596078096, 0.06776914204439606, 0.006750250522121731], [-0.03675263548827384, -0.11393421784194983, 0.0], [-0.006750250522121731, 0.0, 0.12223795139473648]]	0.5100574382218956	[[0.5977147882683052, -0.597714788268305, 0.0], [-0.7071067811865475, -0.7071067811865476, 0.0], [0.0, 0.0, -0.84529636]]
2	[[0.8489524140446696, -0.5135124485683378, 0.12483895166604869], [0.522794976890395, 0.7815435453534784, -0.34040431673891397], [0.0772347773085365, 0.35425224329800037, 0.9319550081910795]]	0.20798336945306345	0.7920166305469367	[[0.17656798357832262, -0.10680204930933583, 0.02596442580649294], [0.10873266082680078, 0.16254805993690943, -0.07079843677172717], [0.01606354922358641, 0.07367857519742453, 0.19383114278223798]]	0.0	0.45477707298808384	[[0.6501139746229117, -0.6501139746229117, 0.0], [0.7071067811865474, 0.7071067811865475, 0.0], [0.0, 0.0, 0.9193999999999998]]	[[0.6501139746229118, -0.6501139746229117, 0.0], [0.7071067811865474, 0.7071067811865475, 0.0], [0.0, 0.0, 0.9193999999999998]]	0.45477707298808384	[[0.6501139746229119, -0.6501139746229118, 0.0], [0.7071067811865475, 0.7071067811865476, 0.0], [0.0, 0.0, 0.9194]]
2	[[-0.30792515101507295, 0.09349718223056193, 0.9468053539599837], [0.3027085282091916, -0.9338174967034747, 0.1906631317268273], [0.9019698710720718, 0.34531602882779927, 0.2592434992682147]]	0.530552697857271	0.4694473021427292	[[-0.16337051960915455, 0.049605182274477536, 0.5023301348891777], [0.16060282630579037, -0.4954393921823518, 0.10115683891958446], [0.4785425484832626, 0.18320835070794805, 0.13754233793871076]]	0.76582930959627	0.33167837391261834	[[-0.08305579403412901, 0.12342629841101876, 0.7371307414760524], [0.31285256682013773, -0.8099306587835984, 0.14601541453581884], [0.6787155127089355, 0.2644531359497192, 0.08305579403412901]]	[[0.15276231177507152, 0.051823415894190886, 0.012039450930825988], [0.08102950365278952, -0.094785849994259, 0.0], [-0.012039450930825988, 0.0, -0.11548047602776901]]	0.482627561273423	[[0.0, 0.0, 0.9194], [0.0, -1.0, 0.0], [0.9194, 0.0, 0.0]]
2	[[0.22433838825039393, -0.7661379269479729, -0.6022499185961573], [-0.9416906372873723, -0.011392912655017143, -0.3362869982418849], [0.2507808429735371, 0.642575192824231, -0.724020780340167]]	0.13733965513007343	0.8626603448699266	[[0.03081055687474562, -0.10522111866910402, -0.08271279612211103], [-0.12933146736426682, -0.0015646986949671149, -0.04618554036326809], [0.034442154487214674, 0.08825105537762033, -0.09943676427892521]]	0.3958321313566727	0.8490803991291491	[[0.1594642090461942, -0.301737195659156, 0.10323817887531883], [-0.45845667949275354, -0.2901501961386467, -0.13311319926162296], [0.27005413669865774, 0.04210263703659382, -0.3173854334549597]]	[[0.07066386667992006, 0.0015248128778428682, 0.3416280477626184], [-0.08570526745666965, -0.28564051524005085, 0.0], [0.17078702112101946, -0.21224927109594652, -0.030794744826389997]]	0.9658837764511302	[[0.5977147882683052, -0.597714788268305, 0.0], [-0.7071067811865475, -0.7071067811865476, 0.0], [0.0, 0.0, -0.84529636]]
2	[[0.8592155572171323, 0.2624339665249735, -0.4391776855101157], [-0.4266000482917053, 0.8413623931712975, -0.33184593135155627], [0.2824199444684594, 0.4724804086637203, 0.8348660002631537]]	0.16459192690266067	0.8354080730973393	[[0.1414199441871111, 0.043194512235053724, -0.07228510151076069], [-0.07021492396509983, 0.1384814575154979, -0.05461916127596071], [0.04648404285580615, 0.0777664608857183, 0.13741220368882967]]	0.0	0.6893079794240831	[[0.6501139746229119, 0.6501139746229118, 0.0], [-0.7071067811865475, 0.7071067811865476, 0.0], [0.0, 0.0, 0.9194]]	[[0.6501139746229119, 0.6501139746229118, 0.0], [-0.7071067811865475, 0.7071067811865476, 0.0], [0.0, 0.0, 0.9194]]	0.6893079794240831	[[0.6501139746229119, 0.6501139746229118, 0.0], [-0.7071067811865475, 0.7071067811865476, 0.0], [0.0, 0.0, 0.9194]]
2	[[0.034229894132735264, 0.2773841392786001, 0.9601491309293217], [-0.1827544195208179, -0.9427759796974285, 0.2788803941677556], [0.9825625356654255, -0.18501754344446375, 0.018422055382213542]]	0.7441798154994133	0.25582018450058674	[[0.025473196300263387, 0.2064236775908122, 0.7145236031069044], [-0.1360021502007046, -0.7015948546285111, 0.20753716027816402], [0.7312032065081322, -0.13768632134465575, 0.013709321775455644]]	0.864863101217988	0.2027993460255564	[[0.0, 0.20387987143558384, 0.7898351578660704], [-0.1893002903775816, -0.8216836904340641, 0.24119336256882004], [0.8080046461483552, -0.16001484640311273, 0.0]]	[[-0.02960417239400084, -0.036019435489588594, -0.04056239714121874], [-0.031242736349513793, -0.006311532879118996, 0.0], [-0.04177743558785473, 0.0, -0.01593255594867073]]	0.3742289231751817	[[0.0, 0.0, 0.9194], [0.0, -1.0, 0.0], [0.9194, 0.0, 0.0]]
2	[[0.08740825448676931, -0.06334395238859675, -0.994156597696443], [0.7119981850616444, -0.6940087028176986, 0.10681996481098455], [-0.6967197295301035, -0.717174639895393, -0.015561310176609944]]	0.14823058991546062	0.8517694100845394	[[0.012956577126054514, -0.009389511430138548, -0.147364418944891], [0.10553991099042487, -0.10287331942513112, 0.015833986398680982], [-0.1032751765139874, -0.10630721994410214, -0.0023066621873363384]]	0.43717324219171355	1.0231935568668908	[[0.05876866184706716, -0.014587818016743387, -0.0008649401469898836], [0.6353232530514366, -0.6362741603195873, 0.037883402801136126], [0.0073920871891696265, -0.012088475112372503, 0.02226774372938406]]	[[0.020556111838767818, 0.013104463022216975, 0.4337537229142472], [0.32405669805342174, -0.3328721255995085, -0.008815427546086722], [0.3119793102467788, 0.3014410874283711, 0.029070732152043588]]	0.834227972313722	[[0.0, 0.0, -0.84529636], [0.0, -1.0, 0.0], [-0.84529636, 0.0, 0.0]]
2	[[0.3802729664721569, 0.7767473726770865, -0.5020517802076895], [0.4287143634067757, 0.332951791095048, 0.839849450446521], [0.8195098935212374, -0.5346088512602871, -0.20639019011321075]]	0.12276280425317243	0.8772371957468278	[[0.04668337574579459, 0.09535568566612312, -0.06163328441859335], [0.05263017747542942, 0.0408740955559445, 0.1031022736873007], [0.10060533264188583, -0.06563008175928002, -0.025337038508643148]]	0.4031962476430983	0.8978288306627512	[[0.20897712851084965, 0.33355538428273823, 0.1112450686313117], [0.23993743521967192, -0.20531862074156576, 0.3281739649901119], [0.5584680534200672, 0.0, -0.0794096842567481]]	[[0.05565249534916625, 0.020373758252701678, 0.3136704625335897], [0.0670814125833603, -0.33956353355713786, -0.010450182015043627], [0.22804473944590922, 0.2155522827849351, 0.0038060659472441694]]	1.0000000000000007	[[0.0, 0.0, 0.0], [0.0, 0.0, 0.0], [0.0, 0.0, 0.0]]
2	[[0.5319609947059123, -0.8460851799387872, 0.03402011756955908], [-0.703274286200726, -0.4190807785627857, 0.5742617690636116], [-0.47161719485230363, -0.3294103357928521, -0.8179645788128509]]	0.14757970751077923	0.8524202924892208	[[0.07850664800584171, -0.12486500338457124, 0.0050206790003978555], [-0.10378901345735517, -0.06184781872368554, 0.08474938391303044], [-0.06960112767335716, -0.04861428100733668, -0.12071497329537821]]	0.4509329264882451	0.8251751332298073	[[0.2131944430373942, -0.4858911575630091, 0.22135236741943393], [-0.3827490467622201, -0.39833512169292473, 0.0], [0.12351678538979217, -0.1428494803377008, -0.3187397307014306]]	[[-0.026684285082940715, -0.1043634913148783, 0.20601157624431846], [-0.06561951476179509, -0.20935779978063548, -0.25895354009417115], [0.33618450724671833, 0.005692486396845502, 0.05010743058637303]]	0.6999762677169479	[[0.5977147882683052, -0.597714788268305, 0.0], [-0.7071067811865475, -0.7071067811865476, 0.0], [0.0, 0.0, -0.84529636]]
2	[[-0.42203838922340475, -0.825029846081567, 0.3757783270710803], [0.2588054115689476, 0.28760896992378115, 0.9221175843470338], [-0.8688517462515349, 0.4864224845687207, 0.09214016247897017]]	0.10509636308397566	0.8949036369160246	[[-0.04435469978919919, -0.0867076362589049, 0.03949293550095119], [0.02719950750234784, 0.030226656729317944, 0.09691120445065442], [-0.0913131585901976, 0.05112123405044382, 0.009683595970506345]]	0.3350223169957632	1.1264977494766784	[[-0.22520735258863575, -0.4388503136969845, 0.27685232856696773], [0.1858602491019418, 0.016923957367575574, 0.01759785431766182], [0.15248607599592912, 0.16296238781904876, -0.08766340305171126]]	[[-0.0838150735698509, -0.16244690307207998, 0.15095820275482263], [0.09915466046707085, -0.07943146612505433, -0.29133211533281755], [0.4435708011509333, 0.0, -0.11853241377378188]]	1.0000000000000002	[[0.0, 0.0, 0.0], [0.0, 0.0, 0.0], [0.0, 0.0, 0.0]]
2	[[-0.8305561570912853, 0.32773595720904825, 0.4502950280316503], [-0.5100865793185324, -0.772219296347621, -0.37879947194723407], [0.22358030216652452, -0.5443036842615101, 0.808545204538665]]	0.1818563666041975	0.8181436333958025	[[-0.15104192498936625, 0.05960087038358625, 0.08188901769777118], [-0.09276249196843211, -0.14043299545542837, -0.06888709563991262], [0.040659501396272724, -0.09898509034907654, 0.1470390931326493]]	0.5120930229892772	0.6690201693734703	[[-0.3673781395395771, 0.14114072167946265, 0.3943767903024292], [-0.3550105175554009, -0.6056245741873613, -0.05636896928828104], [0.3125590693084803, -0.24517393622238526, 0.2562507002249809]]	[[0.057943873707656135, -0.026690575390003256, 0.1637838481606601], [-0.09379873916591393, -0.21017646031005552, 0.13761159740791995], [0.19806515649116874, 0.03356018287529249, -0.15779965779070748]]	0.6861602391507596	[[-0.5977147882683052, 0.597714788268305, 0.0], [-0.7071067811865475, -0.7071067811865476, 0.0], [0.0, 0.0, 0.84529636]]
2	[[-0.5446221603179724, 0.8109226453022452, -0.2139887049042392], [-0.8354447797583356, -0.5021691245819775, 0.22328947644507607], [0.07361197229480154, 0.30038414347728, 0.9509735242804028]]	0.23185715705475393	0.7681428429452462	[[-0.1262745457603435, 0.1880182191310992, -0.0496148127609256], [-0.19370385151100283, -0.11643150558625183, 0.051771263208799795], [0.01706746262146599, 0.06964621353096945, 0.2204900177739942]]	0.5873259736969884	0.5800883006079953	[[-0.3351213298574712, 0.5192089188988741, 0.133070816629208], [-0.6054530180700864, -0.40523422629039474, 0.13114370916939505], [0.17248181117544972, 0.015708742457639417, 0.49781503910906394]]	[[-0.01525058925176081, 0.04293298665379526, 0.2587519410972478], [-0.11477459932845609, -0.11029725623472059, 0.0], [0.1292475878716497, -0.1607146670932899, -0.06071641199898035]]	0.43597355404573945	[[-0.5977147882683052, 0.597714788268305, 0.0], [-0.7071067811865475, -0.7071067811865476, 0.0], [0.0, 0.0, 0.84529636]]
2	[[-0.3195682178843842, -0.5708200961323295, -0.7563336379995778], [0.910087742671785, 0.03735879733279218, -0.41272826520656647], [0.2638493031197415, -0.8202248094963509, 0.507557688474819]]	0.11265619593345137	0.8873438040665486	[[-0.03600133976808709, -0.06430642059263528, -0.0852056705135405], [0.1025270230550651, 0.004208699992161075, -0.04649639631238444], [0.029724258789162183, -0.09240340684809874, 0.05717951840034893]]	0.3565237762811028	1.0669989178372699	[[-0.1796957391934864, -0.26927300762416373, 0.18127557168134523], [0.5362382024165653, -0.07450815456811143, -0.14714743968939362], [0.23407084852518792, -0.04765892517989658, 0.0879547705488]]	[[-0.06576207137392348, -0.06576207137392347, 0.4509264964293793], [0.2117702836520758, -0.08782745407051888, 0.0], [0.14000229860780028, 0.24477072130119065, -0.09300161322675005]]	0.9589863092668413	[[1.6878325040948696e-16, -0.84529636, 0.0], [1.0, 1.7938038903913487e-16, 0.0], [0.0, 0.0, 0.84529636]]
