2	[[0.3802729664721569, 0.7767473726770865, -0.5020517802076895], [0.4287143634067757, 0.332951791095048, 0.839849450446521], [0.8195098935212374, -0.5346088512602871, -0.20639019011321075]]	0.1273186777071037	0.8726813222928967	[[0.0484158512589928, 0.09889444840171355, -0.06392056879654044], [0.054583345862993404, 0.04239098178243332, 0.10692852150388878], [0.10433891601101326, -0.06806569203297345, -0.02627732609693173]]	0.4214740249280384	0.9485776893783755	[[0.14490621298896897, 0.31851046749346806, 0.13129144937372406], [0.28220419265375163, -0.26874910856611434, 0.32791496112029933], [0.605002650815472, 0.0, -0.06525310572750584]]	[[-0.015368964761376024, -0.00886837402102262, 0.34289323390014576], [0.10151222436423614, -0.40907964006594366, -0.026059767092997045], [0.25960051752472785, 0.22532374430282825, 0.02173499840517215]]	1.0000000000000007	[[0.0, 0.0, 0.0], [0.0, 0.0, 0.0], [0.0, 0.0, 0.0]]
2	[[-0.42203838922340475, -0.825029846081567, 0.3757783270710803], [0.2588054115689476, 0.28760896992378115, 0.9221175843470338], [-0.8688517462515349, 0.4864224845687207, 0.09214016247897017]]	0.10916210532108211	0.890837894678918	[[-0.04607059909394515, -0.09006199495099221, 0.04102075331711327], [0.028251743595355462, 0.03139600066610776, 0.10066029686091273], [-0.09484568583271619, 0.053098902491033134, 0.010058214120830966]]	0.34928660482710105	1.142701104951196	[[-0.23424315114826702, -0.47173984548607634, 0.30164470438970775], [0.18375694777736132, 0.010615464386830295, 0.031353015832419576], [0.17893172499955365, 0.16990085814657144, -0.09061396349874755]]	[[-0.08683079506972537, -0.18356797166722, 0.1703903683594422], [0.09335968425956305, -0.08984249623566709, -0.2907303044555239], [0.48241000154585023, 0.0, -0.12279728801924447]]	1.0000000000000002	[[0.0, 0.0, 0.0], [0.0, 0.0, 0.0], [0.0, 0.0, 0.0]]
2	[[0.8787972042104137, -0.3840163418041313, 0.28327887866788265], [-0.395223040501579, -0.9183905790867732, -0.018907472103605397], [0.2674214316928388, -0.09534250611366366, -0.9588511794847616]]	0.6109742147878501	0.3890257852121499	[[0.5369224318002156, -0.2346240828994817, 0.17307609046009226], [-0.24147108683651888, -0.5611129629261001, -0.011551977922123488], [0.16338759924597485, -0.058251812808701446, -0.5858333464841062]]	0.8288155880055388	0.3128105242263028	[[0.5976934586523646, -0.25953976656726124, 0.24156179730257132], [-0.34694899187761985, -0.8478566483593922, -0.015670807609248032], [0.21486720424388278, -0.07902135526651782, -0.6972890239541405]]	[[-0.13066736289291314, 0.05873896356886581, 0.0067758469099004235], [-0.019381975170966754, -0.08668022053484106, 0.0], [-0.0067758469099004235, 0.0, 0.09742178018032689]]	0.4834521991395535	[[0.6576569372162699, -0.6576569372162698, 0.0], [-0.7071067811865475, -0.7071067811865476, 0.0], [0.0, 0.0, -0.9300673599999999]]
2	[[0.034229894132735264, 0.2773841392786001, 0.9601491309293217], [-0.1827544195208179, -0.9427759796974285, 0.2788803941677556], [0.9825625356654255, -0.18501754344446375, 0.018422055382213542]]	0.8205204742588221	0.17947952574117781	[[0.028086328967621213, 0.22759936551275212, 0.787822020269323], [-0.14995374297811723, -0.7735669939811599, 0.22882707328401408], [0.8062126777531459, -0.1518106824932536, 0.015115673619036143]]	0.903667556263296	0.14005624441828696	[[0.0, 0.23439107852867438, 0.8463474768704836], [-0.1797658519596868, -0.821150447095252, 0.25201516428732046], [0.8741812726148523, -0.16719435135029673, 0.0]]	[[-0.030932444782080206, -0.016271968759415882, -0.021308141924743933], [-0.014616612274992113, 0.030805618581658166, 0.0], [-0.0137286128657904, 0.0, -0.01664741376859201]]	0.3536333757239417	[[0.0, 0.0, 0.9643999999999999], [0.0, -1.0, 0.0], [0.9643999999999999, 0.0, 0.0]]
2	[[-0.30792515101507295, 0.09349718223056193, 0.9468053539599837], [0.3027085282091916, -0.9338174967034747, 0.1906631317268273], [0.9019698710720718, 0.34531602882779927, 0.2592434992682147]]	0.593818747678693	0.4061812523213072	[[-0.18285172755454307, 0.055520379663638826, 0.5622307695839992], [0.17975399913284246, -0.5545183364529095, 0.11321934211052229], [0.5356066192839297, 0.2050551317919032, 0.15394365007929345]]	0.8019654890167014	0.28802428564569765	[[-0.11438434819765456, 0.14221218375342023, 0.7692282555182361], [0.29775428085573435, -0.8133307096139784, 0.1529052516727608], [0.7134256719065584, 0.2769315379241914, 0.11438434819765456]]	[[0.13256099611669003, 0.06723067028420399, 0.009923036826086785], [0.054992488000924114, -0.06444130421782424, 0.0], [-0.009923036826086785, 0.0, -0.09351999146738012]]	0.4723241093628176	[[0.0, 0.0, 0.9643999999999999], [0.0, -1.0, 0.0], [0.9643999999999999, 0.0, 0.0]]
2	[[-0.3195682178843842, -0.5708200961323295, -0.7563336379995778], [0.910087742671785, 0.03735879733279218, -0.41272826520656647], [0.2638493031197415, -0.8202248094963509, 0.507557688474819]]	0.11993990044800629	0.8800600995519936	[[-0.03832898023939983, -0.06846410550383299, -0.09071458124714782], [0.1091558332550047, 0.004480810432952377, -0.04950258704095392], [0.031646059149457686, -0.09837768199597725, 0.060876418627289965]]	0.3744392936937986	1.078797165077506	[[-0.19566717231315478, -0.28974574814355575, 0.19112062874358154], [0.542492019938976, -0.07859312799676044, -0.15454168011141356], [0.26091106613407844, -0.04350348620963659, 0.08255760970042893]]	[[-0.07600827452154009, -0.07600827452154008, 0.4743216619530047], [0.20171940837356933, -0.09258172968330099, 0.0], [0.1621155194323215, 0.26362091212830757, -0.10749193268093934]]	0.9820039981444195	[[1.857097694358585e-16, -0.9300673599999999, 0.0], [1.0, 1.7938038903913487e-16, 0.0], [0.0, 0.0, 0.9300673599999999]]
2	[[0.8489524140446696, -0.5135124485683378, 0.12483895166604869], [0.522794976890395, 0.7815435453534784, -0.34040431673891397], [0.0772347773085365, 0.35425224329800037, 0.9319550081910795]]	0.21731287463736604	0.7826871253626341	[[0.18448828952637855, -0.11159286636045805, 0.02712911145326427], [0.11361007927402705, 0.16983947449504297, -0.07397424060950185], [0.01678411147889486, 0.07698357333782405, 0.20252582186269347]]	0.0	0.43847893437933433	[[0.6819337797763064, -0.6819337797763063, 0.0], [0.7071067811865475, 0.7071067811865476, 0.0], [0.0, 0.0, 0.9643999999999999]]	[[0.6819337797763064, -0.6819337797763063, 0.0], [0.7071067811865475, 0.7071067811865476, 0.0], [0.0, 0.0, 0.9643999999999999]]	0.43847893437933433	[[0.6819337797763064, -0.6819337797763063, 0.0], [0.7071067811865475, 0.7071067811865476, 0.0], [0.0, 0.0, 0.9643999999999999]]
2	[[-0.8305561570912853, 0.32773595720904825, 0.4502950280316503], [-0.5100865793185324, -0.772219296347621, -0.37879947194723407], [0.22358030216652452, -0.5443036842615101, 0.808545204538665]]	0.1930204227020574	0.8069795772979425	[[-0.16031430051955628, 0.0632597329951539, 0.08691613665130393], [-0.09845712715470965, -0.149054094999703, -0.07311603419457124], [0.043155564432036275, -0.10506172721444387, 0.1560657371537746]]	0.5342223526003308	0.6436398295772744	[[-0.40064820948958285, 0.16301447341466607, 0.4199964530919554], [-0.35127741519883626, -0.5999141527965389, -0.06266729457180138], [0.3381959210673401, -0.2557687590438987, 0.27967734096879054]]	[[0.04305345471841342, -0.012069400677273023, 0.17943878385265527], [-0.07877776276543458, -0.18737734357834065, 0.139695850495613], [0.21875432604884648, 0.0350104356913129, -0.15226558038357071]]	0.6804696296265532	[[-0.6576569372162699, 0.6576569372162698, 0.0], [-0.7071067811865475, -0.7071067811865476, 0.0], [0.0, 0.0, 0.9300673599999999]]
2	[[0.04673222253661188, -0.9725397674033924, -0.22799671093185395], [-0.8377629715199755, -0.16246744520517667, 0.5213036857710898], [-0.5440306084466285, 0.16664552219444034, -0.8223502702654952]]	0.1810704305733578	0.8189295694266422	[[0.00846182365635427, -0.17609819443344554, -0.04128346261774016], [-0.15169410197153765, -0.029418050257454753, 0.09439268284204964], [-0.0985078565165169, 0.030174576456869363, -0.14890331751909042]]	0.47548426109924896	0.8923391535677735	[[0.12867237812824545, -0.586512786493684, 0.11152654402262956], [-0.30131474531065416, -0.41098852581478595, 0.0], [0.0788611755607014, 0.07886117556070138, -0.5187635302880728]]	[[0.10645194182589884, -0.12408543380024643, 0.21993539165312118], [0.09702836217883253, -0.3337378126787198, -0.2478716978371817], [0.3375391674333214, -0.0003761474254205695, -0.127748919666116]]	0.8761725588319291	[[0.6576569372162699, -0.6576569372162698, 0.0], [-0.7071067811865475, -0.7071067811865476, 0.0], [0.0, 0.0, -0.9300673599999999]]
2	[[0.08740825448676931, -0.06334395238859675, -0.994156597696443], [0.7119981850616444, -0.6940087028176986, 0.10681996481098455], [-0.6967197295301035, -0.717174639895393, -0.015561310176609944]]	0.1624973992610289	0.8375026007389713	[[0.01420361402804618, -0.0102932275220614, -0.16154786158386497], [0.11569785335109004, -0.11277460927239628, 0.017357966470939613], [-0.11321514406248931, -0.1165390137989663, -0.002528672432793297]]	0.4592469117982609	1.0269087463103717	[[0.06320628130984016, -0.015541677794760088, 0.00022499377232192835], [0.6349443277349505, -0.6369136646377968, 0.03882578788961572], [0.00976020533333884, -0.013090560971711108, 0.025471376891470124]]	[[0.02306431037111486, 0.013548836720799037, 0.45678834110827937], [0.30796136003942376, -0.3181923111076516, -0.010230951068227814], [0.32972658950895845, 0.3162696776202779, 0.03261786053361307]]	0.8059962704841382	[[0.0, 0.0, -0.9300673599999999], [0.0, -1.0, 0.0], [-0.9300673599999999, 0.0, 0.0]]
2	[[0.8592155572171323, 0.2624339665249735, -0.4391776855101157], [-0.4266000482917053, 0.8413623931712975, -0.33184593135155627], [0.2824199444684594, 0.4724804086637203, 0.8348660002631537]]	0.17392608465154166	0.8260739153484584	[[0.1494399977384685, 0.04564411227726239, -0.07638445530710049], [-0.07419687611153492, 0.14633486681733482, -0.05771666354752047], [0.04912019516890499, 0.08217666755344122, 0.14520497463446327]]	0.0	0.688441769642024	[[0.6819337797763063, 0.6819337797763062, 0.0], [-0.7071067811865474, 0.7071067811865475, 0.0], [0.0, 0.0, 0.9643999999999995]]	[[0.6819337797763063, 0.6819337797763062, 0.0], [-0.7071067811865474, 0.7071067811865475, 0.0], [0.0, 0.0, 0.9643999999999996]]	0.688441769642024	[[0.6819337797763064, 0.6819337797763063, 0.0], [-0.7071067811865475, 0.7071067811865476, 0.0], [0.0, 0.0, 0.9643999999999999]]
2	[[0.22433838825039393, -0.7661379269479729, -0.6022499185961573], [-0.9416906372873723, -0.011392912655017143, -0.3362869982418849], [0.2507808429735371, 0.642575192824231, -0.724020780340167]]	0.1467608236115053	0.8532391763884947	[[0.03292408662730546, -0.1124390331588958, -0.08838669407313411], [-0.13820329351553806, -0.0016720332445842728, -0.04935375683181987], [0.0368048030607839, 0.09430486453120598, -0.10625788603456773]]	0.41569863346508745	0.8686329706899903	[[0.020013686915534623, -0.3201966604306328, 0.11454560057322982], [-0.47814787173851747, -0.12762392318119967, -0.13979404562122782], [0.2917867575786839, 0.03829049462290958, -0.32959871833413956]]	[[-0.07324347451391439, -0.001714171152585528, 0.3649000687381126], [-0.08668836067128945, -0.12288790495932192, 0.0], [0.18753750385536186, -0.22882713493268833, -0.028624269346405953]]	0.9551896950759076	[[0.6576569372162699, -0.6576569372162698, 0.0], [-0.7071067811865475, -0.7071067811865476, 0.0], [0.0, 0.0, -0.9300673599999999]]
2	[[-0.5446221603179724, 0.8109226453022452, -0.2139887049042392], [-0.8354447797583356, -0.5021691245819775, 0.22328947644507607], [0.07361197229480154, 0.30038414347728, 0.9509735242804028]]	0.24602482714084958	0.7539751728591504	[[-0.1339905728493052, 0.19950710363508534, -0.052646534134159706], [-0.20554015752576965, -0.12354607207075274, 0.05493475484477066], [0.01811037275932556, 0.07390195697484997, 0.23396309692661055]]	0.6035467015761503	0.5837113882769562	[[-0.2579884554917588, 0.5393260516269576, 0.14009203286449695], [-0.6123076256577935, -0.5111623660884085, 0.1347656270050912], [0.18768957592689295, 0.010430476930495937, 0.5033928194363853]]	[[0.07071645297343082, 0.049896363821380886, 0.2692442098840027], [-0.10807768448563683, -0.20807984731357296, 0.0], [0.1432613128518505, -0.1708653820709935, -0.07056411442929908]]	0.4017863406120189	[[-0.6576569372162699, 0.6576569372162698, 0.0], [-0.7071067811865475, -0.7071067811865476, 0.0], [0.0, 0.0, 0.9300673599999999]]
2	[[0.5319609947059123, -0.8460851799387872, 0.03402011756955908], [-0.703274286200726, -0.4190807785627857, 0.5742617690636116], [-0.47161719485230363, -0.3294103357928521, -0.8179645788128509]]	0.15561062344573828	0.8443893765542619	[[0.08277878203500211, -0.13165984233847433, 0.0052938917046963935], [-0.10943695012905155, -0.06521342122628042, 0.08936123190504118], [-0.07338864571869724, -0.05125974772219572, -0.1272839780655984]]	0.46933179031764066	0.8090011813847279	[[0.21916689348891502, -0.5357365820419502, 0.23347093104369032], [-0.3790241569449607, -0.39775390200311567, 0.0059124325374365], [0.15304877210368645, -0.15460274264679444, -0.3509983967454535]]	[[-0.030499312535563778, -0.1386419097800561, 0.21750420835795253], [-0.04895517711801315, -0.20106596991253273, -0.2636068716481638], [0.3743937145083017, 0.0, 0.03289838344519662]]	0.6678801177881317	[[0.6576569372162699, -0.6576569372162698, 0.0], [-0.7071067811865475, -0.7071067811865476, 0.0], [0.0, 0.0, -0.9300673599999999]]
