2	[[-0.5446221603179724, 0.8109226453022452, -0.2139887049042392], [-0.8354447797583356, -0.5021691245819775, 0.22328947644507607], [0.07361197229480154, 0.30038414347728, 0.9509735242804028]]	0.2535106342477026	0.7464893657522976	[[-0.13806750928756312, 0.20557751413639694, -0.05424841230211817], [-0.21179413599546792, -0.12730521327239067, 0.0566062567944287], [0.018661417784679453, 0.07615057473087815, 0.24108190129309798]]	0.6116272942649713	0.5838133967915566	[[-0.38690723039538133, 0.549783875487762, 0.14384236398848343], [-0.615722348620326, -0.38596158854308327, 0.13656993831594397], [0.19605402179932602, 0.007369800196994524, 0.5055546203615978]]	[[-0.053801452083356543, 0.05380145208335653, 0.27472369657232865], [-0.10474151846894038, -0.07882124561159903, 0.0], [0.15103093035914847, -0.17635334071811518, -0.07608674321164903]]	0.3866620804767589	[[-0.690797052151496, 0.6907970521514959, 0.0], [-0.7071067811865475, -0.7071067811865476, 0.0], [0.0, 0.0, 0.9769345599999999]]
2	[[-0.3195682178843842, -0.5708200961323295, -0.7563336379995778], [0.910087742671785, 0.03735879733279218, -0.41272826520656647], [0.2638493031197415, -0.8202248094963509, 0.507557688474819]]	0.12376955229521978	0.8762304477047802	[[-0.03955281525533148, -0.07065014773941274, -0.09361107576102248], [0.112641152459854, 0.004623881620167528, -0.05108319260419947], [0.032656510120536136, -0.10151885745279529, 0.06282018786652496]]	0.3836619236729683	1.085960838368611	[[-0.2044188843849181, -0.30081466331997125, 0.19624488058049205], [0.545711388022957, -0.08069600884241629, -0.15834812018335837], [0.2758789259379979, -0.04086433266101326, 0.07902989080144382]]	[[-0.08181272716665301, -0.081812727166653, 0.4864212990739845], [0.19654537395831073, -0.09502915689322394, 0.0], [0.17464999474330567, 0.2738246955946507, -0.11570066833381044]]	0.9974563737116868	[[1.950679055025884e-16, -0.9769345599999999, 0.0], [1.0, 1.7938038903913487e-16, 0.0], [0.0, 0.0, 0.9769345599999999]]
2	[[-0.42203838922340475, -0.825029846081567, 0.3757783270710803], [0.2588054115689476, 0.28760896992378115, 0.9221175843470338], [-0.8688517462515349, 0.4864224845687207, 0.09214016247897017]]	0.11121821385788702	0.8887817861421129	[[-0.046938355828886814, -0.09175834586063934, 0.041793394343350415], [0.028783875611453687, 0.03198735592442971, 0.10255627069802659], [-0.09663213932540177, 0.054099039914048734, 0.010247664295486542]]	0.3565486744649874	1.1528148893335626	[[-0.23880130819956527, -0.489564380068842, 0.3152556726585823], [0.1826861392750956, 0.007403757228507127, 0.038355884954359785], [0.1939127874129231, 0.17343329210294312, -0.09205665895060139]]	[[-0.08832407994862197, -0.19540108205440676, 0.18127240824871815], [0.09040941283582185, -0.09514283976205755, -0.29042391744543133], [0.5037007258454975, 0.0, -0.12490911174746673]]	1.0000000000000002	[[0.0, 0.0, 0.0], [0.0, 0.0, 0.0], [0.0, 0.0, 0.0]]
2	[[0.08740825448676931, -0.06334395238859675, -0.994156597696443], [0.7119981850616444, -0.6940087028176986, 0.10681996481098455], [-0.6967197295301035, -0.717174639895393, -0.015561310176609944]]	0.17034040236127546	0.8296595976387245	[[0.014889157238973053, -0.010790034337027056, -0.16934503486172878], [0.12128205732389832, -0.11821772168019361, 0.01819575578612039], [-0.11867951906119677, -0.12216381672308407, -0.0026507198367523403]]	0.4706140484192051	1.0290255270018238	[[0.06560373647475704, -0.01604946930296098, 0.0008728105125989684], [0.6347491949854618, -0.6372429860911092, 0.039311081918258294], [0.01113199064259682, -0.01363650270826823, 0.02727986642970369]]	[[0.024468183965482365, 0.013761084573509923, 0.4687368717171851], [0.29967284664647476, -0.310632740819911, -0.010959894173436178], [0.3390180831702924, 0.3238759579964883, 0.03460323761062505]]	0.7912962912745903	[[0.0, 0.0, -0.9769345599999999], [0.0, -1.0, 0.0], [-0.9769345599999999, 0.0, 0.0]]
2	[[0.8592155572171323, 0.2624339665249735, -0.4391776855101157], [-0.4266000482917053, 0.8413623931712975, -0.33184593135155627], [0.2824199444684594, 0.4724804086637203, 0.8348660002631537]]	0.17879085210836498	0.8212091478916351	[[0.15361988161961473, 0.04692079249717815, -0.07852095261933313], [-0.07627218614354363, 0.15042789920702937, -0.05933101683503875], [0.05049410252391297, 0.08447517486949507, 0.14926640358335172]]	0.0	0.6889880254735216	[[0.6989043425247837, 0.6989043425247836, 0.0], [-0.7071067811865476, 0.7071067811865479, 0.0], [0.0, 0.0, 0.9884000000000002]]	[[0.6989043425247837, 0.6989043425247836, 0.0], [-0.7071067811865476, 0.7071067811865477, 0.0], [0.0, 0.0, 0.9884000000000002]]	0.6889880254735216	[[0.6989043425247836, 0.6989043425247835, 0.0], [-0.7071067811865475, 0.7071067811865476, 0.0], [0.0, 0.0, 0.9884]]
2	[[0.8489524140446696, -0.5135124485683378, 0.12483895166604869], [0.522794976890395, 0.7815435453534784, -0.34040431673891397], [0.0772347773085365, 0.35425224329800037, 0.9319550081910795]]	0.22195444821796365	0.7780455517820364	[[0.18842876462259286, -0.11397637217504082, 0.02770856063314686], [0.11603667062683068, 0.17346706636724238, -0.07555425229279855], [0.01714260238075352, 0.07862786119118348, 0.2068515596070188]]	0.0	0.43059581608777303	[[0.6989043425247836, -0.6989043425247835, 0.0], [0.7071067811865475, 0.7071067811865476, 0.0], [0.0, 0.0, 0.9884]]	[[0.6989043425247836, -0.6989043425247835, 0.0], [0.7071067811865475, 0.7071067811865476, 0.0], [0.0, 0.0, 0.9884]]	0.43059581608777303	[[0.6989043425247836, -0.6989043425247835, 0.0], [0.7071067811865475, 0.7071067811865476, 0.0], [0.0, 0.0, 0.9884]]
2	[[-0.8305561570912853, 0.32773595720904825, 0.4502950280316503], [-0.5100865793185324, -0.772219296347621, -0.37879947194723407], [0.22358030216652452, -0.5443036842615101, 0.808545204538665]]	0.19890816470446362	0.8010918352955362	[[-0.16520440089101973, 0.06518935775611241, 0.08956735760132055], [-0.10146038533262709, -0.15360072298587757, -0.07534630775604426], [0.0444719475680128, -0.10826644687833481, 0.16082624271538098]]	0.5455538499591495	0.6301968130660848	[[-0.41926864189653157, 0.17546258882211047, 0.4337477645755569], [-0.34932414163325987, -0.5967557840239107, -0.06588340826851778], [0.35221804987346805, -0.26119392143829684, 0.29268246307007934]]	[[0.03384446721189535, -0.0033350244033328695, 0.18808757841542703], [-0.07104444447354143, -0.17546857388872067, 0.14077210201478857], [0.23024295525149058, 0.035753049057519325, -0.1484224861319973]]	0.6810859417012987	[[-0.690797052151496, 0.6907970521514959, 0.0], [-0.7071067811865475, -0.7071067811865476, 0.0], [0.0, 0.0, 0.9769345599999999]]
2	[[0.034229894132735264, 0.2773841392786001, 0.9601491309293217], [-0.1827544195208179, -0.9427759796974285, 0.2788803941677556], [0.9825625356654255, -0.18501754344446375, 0.018422055382213542]]	0.8271635034700299	0.17283649652997013	[[0.028313719154241516, 0.2294420364527056, 0.7942003189932023], [-0.15116778592547134, -0.7798298823539148, 0.2306796838889036], [0.8127398693794096, -0.1530397594389411, 0.015238051871070678]]	0.923740100787559	0.1257920125979251	[[0.0, 0.25167104614268065, 0.8771407208460673], [-0.1749432676727657, -0.8208293260254186, 0.25761300341619675], [0.9105938184396528, -0.17090812422885554, 0.0]]	[[-0.03161952585612035, -0.004559806631403739, -0.009787534129671704], [-0.00612568176523351, 0.0500506524803738, 0.0], [0.002961402713993007, 0.0, -0.01701719129547993]]	0.3432601770590233	[[0.0, 0.0, 0.9884], [0.0, -1.0, 0.0], [0.9884, 0.0, 0.0]]
2	[[0.8787972042104137, -0.3840163418041313, 0.28327887866788265], [-0.395223040501579, -0.9183905790867732, -0.018907472103605397], [0.2674214316928388, -0.09534250611366366, -0.9588511794847616]]	0.6486106241353476	0.3513893758646527	[[0.569997203111315, -0.24907707913575058, 0.18373769029713682], [-0.25634586297239886, -0.5956778867014951, -0.012263587281941171], [0.17345238171746039, -0.06184016239701158, -0.6219210619785256]]	0.8470204315832387	0.2842238614827944	[[0.6231009405097045, -0.27215294960301983, 0.2467122257284911], [-0.3452271956374062, -0.8503685769772329, -0.01601501518134389], [0.2197421888262707, -0.08075705067662296, -0.7293497545298288]]	[[-0.12125824667474353, 0.05311673796693193, 0.0067692276608052], [-0.010465205300118982, -0.07247299231717383, 0.0], [-0.0067692276608052, 0.0, 0.08281678534145134]]	0.47256457736452806	[[0.690797052151496, -0.6907970521514959, 0.0], [-0.7071067811865475, -0.7071067811865476, 0.0], [0.0, 0.0, -0.9769345599999999]]
2	[[0.3802729664721569, 0.7767473726770865, -0.5020517802076895], [0.4287143634067757, 0.332951791095048, 0.839849450446521], [0.8195098935212374, -0.5346088512602871, -0.20639019011321075]]	0.12949424656638422	0.8705057534336162	[[0.04924316128287585, 0.10058431579723777, -0.06501281701530667], [0.05551604348154747, 0.043115341330781376, 0.10875567181476407], [0.10612181621523042, -0.06922877040167107, -0.026726342167403022]]	0.43081655512660355	0.94211140631531	[[0.14102275008276186, 0.3241874054423918, 0.14268046799348624], [0.28777457169319776, -0.2590323299462968, 0.3277825734980218], [0.6304041272606005, 0.0, -0.05666497336928811]]	[[-0.022805139340547252, -0.010448221857990624, 0.3589726864377419], [0.1030773265169958, -0.402473473609098, -0.03403847356831953], [0.27734569804161124, 0.2303183436401477, 0.03225133734721013]]	1.0000000000000007	[[0.0, 0.0, 0.0], [0.0, 0.0, 0.0], [0.0, 0.0, 0.0]]
2	[[-0.30792515101507295, 0.09349718223056193, 0.9468053539599837], [0.3027085282091916, -0.9338174967034747, 0.1906631317268273], [0.9019698710720718, 0.34531602882779927, 0.2592434992682147]]	0.6306677066549242	0.3693322933450758	[[-0.1941984488120473, 0.05896565349604604, 0.5971195612305467], [0.1909084932705783, -0.5889285390802227, 0.1202450800298039], [0.5688432700608613, 0.21777966797201387, 0.16349650314868247]]	0.8208019456720166	0.26560579607189333	[[-0.13205355008796013, 0.15288700494899454, 0.7857767472127681], [0.29012799827000885, -0.8150020053237168, 0.15649666948929986], [0.7317015546037632, 0.2834360683335918, 0.13205355008796013]]	[[0.12069201298656125, 0.07614433585929825, 0.008637070509731358], [0.04166424934439185, -0.048522787126932726, 0.0], [-0.008637070509731358, 0.0, -0.0807340185142125]]	0.4680269821161019	[[0.0, 0.0, 0.9884], [0.0, -1.0, 0.0], [0.9884, 0.0, 0.0]]
2	[[0.5319609947059123, -0.8460851799387872, 0.03402011756955908], [-0.703274286200726, -0.4190807785627857, 0.5742617690636116], [-0.47161719485230363, -0.3294103357928521, -0.8179645788128509]]	0.16002927057085536	0.8399707294291447	[[0.0851293299549338, -0.13539839418641503, 0.005444214599391262], [-0.11254447103194118, -0.06706519130366881, 0.09189869201997876], [-0.07547255568088714, -0.05271529575543065, -0.13089827490021747]]	0.4779976820028171	0.8100043920494828	[[0.2868736780048363, -0.5591961798715857, 0.23952002700471595], [-0.3731843535303512, -0.4622164511771243, 0.012317017149523081], [0.1696657458975473, -0.1574573769367529, -0.3683205501256235]]	[[0.03259755561949734, -0.15476942508390895, 0.22325848966500342], [-0.03702087491421829, -0.26189681045217683, -0.2621787773257203], [0.39509767182961936, 0.0, 0.022664622507329785]]	0.651288841233944	[[0.690797052151496, -0.6907970521514959, 0.0], [-0.7071067811865475, -0.7071067811865476, 0.0], [0.0, 0.0, -0.9769345599999999]]
2	[[0.22433838825039393, -0.7661379269479729, -0.6022499185961573], [-0.9416906372873723, -0.011392912655017143, -0.3362869982418849], [0.2507808429735371, 0.642575192824231, -0.724020780340167]]	0.15167116673917955	0.8483288332608204	[[0.03402566509032427, -0.11620103326333539, -0.0913439478220551], [-0.14282731766473733, -0.0017279763549440108, -0.05100504138256311], [0.03803622304963136, 0.0974601292133044, -0.10981307649760437]]	0.42592469522592086	0.8489336225052383	[[0.17004875144677792, -0.3299515367642376, 0.12083356344512058], [-0.4882836946906784, -0.2825388869759191, -0.1432329372346146], [0.303597668263287, 0.035875965953534206, -0.3356017279436092]]	[[0.07449749180375458, -0.00363447372790357, 0.3773466764730245], [-0.08719439700695107, -0.2776863641255954, 0.0], [0.19678391415128366, -0.23781267720986374, -0.02722339773999008]]	0.9510853140381161	[[0.690797052151496, -0.6907970521514959, 0.0], [-0.7071067811865475, -0.7071067811865476, 0.0], [0.0, 0.0, -0.9769345599999999]]
2	[[0.04673222253661188, -0.9725397674033924, -0.22799671093185395], [-0.8377629715199755, -0.16246744520517667, 0.5213036857710898], [-0.5440306084466285, 0.16664552219444034, -0.8223502702654952]]	0.18496163937443874	0.8150383606255615	[[0.008643668491982809, -0.17988254973576678, -0.0421706454259357], [-0.15495401261953584, -0.030050245010126257, 0.09642118433215803], [-0.10062479320816184, 0.030823028979493097, -0.15210325412831882]]	0.4844785639961701	0.8981013220789481	[[0.12980078496967387, -0.6052145498075349, 0.11971334353888964], [-0.30259904968522894, -0.41759839375231966, 0.005665822854222178], [0.08856405074057289, 0.08073618328915436, -0.5410492731625047]]	[[0.10716002490278673, -0.13403987986676982, 0.23017286264700415], [0.10327915172593316, -0.33888639920318914, -0.24689463823406613], [0.35213521869075826, 0.0, -0.14263819512241527]]	0.8689079038835281	[[0.690797052151496, -0.6907970521514959, 0.0], [-0.7071067811865475, -0.7071067811865476, 0.0], [0.0, 0.0, -0.9769345599999999]]
