2	[[0.034229894132735264, 0.2773841392786001, 0.9601491309293217], [-0.1827544195208179, -0.9427759796974285, 0.2788803941677556], [0.9825625356654255, -0.18501754344446375, 0.018422055382213542]]	0.7692104109589181	0.23078958904108196	[[0.026329990932921557, 0.21336676776797775, 0.7385567075839916], [-0.1405766021441668, -0.725193098785256, 0.21451770260616435], [0.7557973318520387, -0.14231742062752548, 0.014170436791260429]]	0.8760573912876428	0.18500648987084048	[[0.0, 0.2123091633516854, 0.8057493489243459], [-0.18652080075734803, -0.8215418726544956, 0.24431523059587354], [0.826552469941491, -0.16208598645240502, 0.0]]	[[-0.029987351757976243, -0.030695262089293185, -0.035396393964692935], [-0.026417440745652863, 0.0043839926878853665, 0.0], [-0.03422870183053307, 0.0, -0.016138777780298468]]	0.36821735246335807	[[0.0, 0.0, 0.9321999999999999], [0.0, -1.0, 0.0], [0.9321999999999999, 0.0, 0.0]]
2	[[0.8787972042104137, -0.3840163418041313, 0.28327887866788265], [-0.395223040501579, -0.9183905790867732, -0.018907472103605397], [0.2674214316928388, -0.09534250611366366, -0.9588511794847616]]	0.5652111547274464	0.4347888452725536	[[0.4967059825630195, -0.21705031998532276, 0.16011238212177015], [-0.22338447109678977, -0.5190845996964434, -0.010686714140655789], [0.15114957620597635, -0.053888647975112454, -0.541953382368356]]	0.8036613766506006	0.3504662395178026	[[0.564288732811304, -0.24323930317688203, 0.23442268711543168], [-0.34932774231083025, -0.8441525376749003, -0.015195205059766341], [0.2081538824309787, -0.07662308971662524, -0.6550444314050186]]	[[-0.14196663812113608, 0.06537979873375371, 0.006762393509162656], [-0.03170224949729524, -0.10607750058308192, 0.0], [-0.006762393509162656, 0.0, 0.11554722750275696]]	0.5017925582086201	[[0.6144735583936812, -0.6144735583936811, 0.0], [-0.7071067811865475, -0.7071067811865476, 0.0], [0.0, 0.0, -0.8689968399999999]]
2	[[-0.30792515101507295, 0.09349718223056193, 0.9468053539599837], [0.3027085282091916, -0.9338174967034747, 0.1906631317268273], [0.9019698710720718, 0.34531602882779927, 0.2592434992682147]]	0.5478310317124939	0.45216896828750625	[[-0.1686909531708129, 0.051220657803579775, 0.5186893538908107], [0.16583312531701197, -0.5115742026502429, 0.10445118016344292], [0.4941270850429982, 0.18917483633959456, 0.1420216336688632]]	0.7762206076076744	0.31911342014681915	[[-0.09172397591079166, 0.12860862288154298, 0.7464061915816653], [0.30844924328307527, -0.8109339197018745, 0.14799665195737996], [0.6886512369227318, 0.2680414177133836, 0.09172397591079166]]	[[0.14729387190781318, 0.05603418328093075, 0.011476364444647641], [0.0734806455885117, -0.08608553501602575, 0.0], [-0.011476364444647641, 0.0, -0.1095061706095217]]	0.47941211105383436	[[0.0, 0.0, 0.9321999999999999], [0.0, -1.0, 0.0], [0.9321999999999999, 0.0, 0.0]]
2	[[-0.42203838922340475, -0.825029846081567, 0.3757783270710803], [0.2588054115689476, 0.28760896992378115, 0.9221175843470338], [-0.8688517462515349, 0.4864224845687207, 0.09214016247897017]]	0.10628128302146553	0.8937187169785347	[[-0.044854781490976096, -0.08768523057255116, 0.03993820273277432], [0.027506171194446212, 0.03056745033198155, 0.09800383996105722], [-0.09234267834705394, 0.05169760575045266, 0.009792774686071266]]	0.33916696593682166	1.1307313622327375	[[-0.22784335373129763, -0.4481357282556842, 0.2838079135086722], [0.1852491112932601, 0.015090953921383366, 0.021594570892672242], [0.15978946912847022, 0.1649784382546235, -0.08853563926608377]]	[[-0.08470187374953202, -0.16831285855287612, 0.15635631845115927], [0.09747086508338973, -0.08245650778388008, -0.29115725242730245], [0.4544752797535125, 0.0, -0.11978653861500181]]	1.0000000000000002	[[0.0, 0.0, 0.0], [0.0, 0.0, 0.0], [0.0, 0.0, 0.0]]
2	[[0.3802729664721569, 0.7767473726770865, -0.5020517802076895], [0.4287143634067757, 0.332951791095048, 0.839849450446521], [0.8195098935212374, -0.5346088512602871, -0.20639019011321075]]	0.12412277038933496	0.8758772296106654	[[0.04720053410269481, 0.0964120357893172, -0.0623160578382759], [0.05321321449174915, 0.04132689871680846, 0.10424444049938268], [0.10171983834532494, -0.06635713169308677, -0.025617722178033264]]	0.40849712322114656	0.9535173645356495	[[0.14298718490441328, 0.31041283763213323, 0.11677315652737941], [0.27446686028996403, -0.2750832340448055, 0.3280988493309863], [0.5715598416554507, 0.0, -0.07564216826999533]]	[[-0.012353227938234401, -0.006886229576040395, 0.3218598644502759], [0.0993382761547109, -0.4110930828784607, -0.014977235115278419], [0.23679240770075702, 0.21838617778838915, 0.008667630652316793]]	1.0000000000000007	[[0.0, 0.0, 0.0], [0.0, 0.0, 0.0], [0.0, 0.0, 0.0]]
2	[[-0.5446221603179724, 0.8109226453022452, -0.2139887049042392], [-0.8354447797583356, -0.5021691245819775, 0.22328947644507607], [0.07361197229480154, 0.30038414347728, 0.9509735242804028]]	0.2359033102029915	0.7640966897970086	[[-0.128478170428914, 0.19129933634536597, -0.05048064383296113], [-0.19708418903680044, -0.11846335877062691, 0.052674726626886346], [0.017365307934914566, 0.07086161377878068, 0.22433780229315187]]	0.5920875575199792	0.5800597852633349	[[-0.34809770534460516, 0.5250029244166063, 0.13506739376900131], [-0.6074651835441469, -0.39725726143184614, 0.13220692072828005], [0.17674472707543204, 0.014269413027076879, 0.4996098871735154]]	[[-0.025633700670682352, 0.04486571602195947, 0.2617674433926159], [-0.1128087244542169, -0.09992917099615697, 0.0], [0.13315999419517457, -0.16358430080211683, -0.06344970408383496]]	0.42560549580987916	[[-0.6144735583936812, 0.6144735583936811, 0.0], [-0.7071067811865475, -0.7071067811865476, 0.0], [0.0, 0.0, 0.8689968399999999]]
2	[[0.5319609947059123, -0.8460851799387872, 0.03402011756955908], [-0.703274286200726, -0.4190807785627857, 0.5742617690636116], [-0.47161719485230363, -0.3294103357928521, -0.8179645788128509]]	0.14983121841712077	0.8501687815828792	[[0.07970436398717037, -0.12676997339489737, 0.005097275666140745], [-0.10537244318288573, -0.06279138366725774, 0.08604234054917216], [-0.07066297893118531, -0.04935595197103593, -0.12255662946557645]]	0.4566107003916193	0.8201989265819369	[[0.21513725578691031, -0.5016704656676592, 0.2249791291039538], [-0.3836587675533656, -0.3991628682480139, 0.0], [0.13173401536595014, -0.1477554223161874, -0.32799007955436865]]	[[-0.027761826586778785, -0.11533891906484016, 0.20944517939311216], [-0.06253620316383593, -0.2078061004277952, -0.262214068580266], [0.34707947302419123, 0.002656861826425296, 0.04550129967290296]]	0.6907268694845767	[[0.6144735583936812, -0.6144735583936811, 0.0], [-0.7071067811865475, -0.7071067811865476, 0.0], [0.0, 0.0, -0.8689968399999999]]
2	[[0.8592155572171323, 0.2624339665249735, -0.4391776855101157], [-0.4266000482917053, 0.8413623931712975, -0.33184593135155627], [0.2824199444684594, 0.4724804086637203, 0.8348660002631537]]	0.1672747194181477	0.8327252805818525	[[0.14372504125320323, 0.04389856811625653, -0.07346332411841608], [-0.07135940338176322, 0.14073865824671, -0.05550943505688549], [0.04724171696905041, 0.07903402778979558, 0.13965197594577022]]	0.0	0.6888149368157833	[[0.6591649414220996, 0.6591649414220995, 0.0], [-0.7071067811865475, 0.7071067811865476, 0.0], [0.0, 0.0, 0.9321999999999999]]	[[0.6591649414220996, 0.6591649414220995, 0.0], [-0.7071067811865475, 0.7071067811865476, 0.0], [0.0, 0.0, 0.9321999999999999]]	0.6888149368157833	[[0.6591649414220996, 0.6591649414220995, 0.0], [-0.7071067811865475, 0.7071067811865476, 0.0], [0.0, 0.0, 0.9321999999999999]]
2	[[0.8489524140446696, -0.5135124485683378, 0.12483895166604869], [0.522794976890395, 0.7815435453534784, -0.34040431673891397], [0.0772347773085365, 0.35425224329800037, 0.9319550081910795]]	0.21072012898391793	0.7892798710160821	[[0.17889136218870125, -0.10820740939716766, 0.026306079997286874], [0.11016342496248845, 0.16468695668343344, -0.0717300415299064], [0.016274922236498984, 0.07464807840059691, 0.19638167953323254]]	0.0	0.4499480638724216	[[0.6591649414220996, -0.6591649414220995, 0.0], [0.7071067811865475, 0.7071067811865476, 0.0], [0.0, 0.0, 0.9321999999999999]]	[[0.6591649414220996, -0.6591649414220995, 0.0], [0.7071067811865475, 0.7071067811865476, 0.0], [0.0, 0.0, 0.9321999999999999]]	0.4499480638724216	[[0.6591649414220996, -0.6591649414220995, 0.0], [0.7071067811865475, 0.7071067811865476, 0.0], [0.0, 0.0, 0.9321999999999999]]
2	[[0.04673222253661188, -0.9725397674033924, -0.22799671093185395], [-0.8377629715199755, -0.16246744520517667, 0.5213036857710898], [-0.5440306084466285, 0.16664552219444034, -0.8223502702654952]]	0.1756425561991993	0.8243574438008004	[[0.008208167023200347, -0.1708193707521066, -0.04004592511308077], [-0.14714682980680555, -0.02853619737499055, 0.09156311192489837], [-0.09555492671817156, 0.029270045497381908, -0.14443970356053398]]	0.46179565261082467	0.87190532405056	[[-0.05547686220374471, -0.5555983235361662, 0.09792004745450024], [-0.30607968192834967, -0.18799219389519822, 0.0], [0.06923992956918566, 0.06923992956918565, -0.4887336818986402]]	[[-0.07705759940799368, -0.10648368695813694, 0.20320793737239726], [0.0807956162379011, -0.11296543400866031, -0.24073577577908867], [0.3204708994370606, -0.007716248107267615, -0.10897590216669763]]	0.8875283138065788	[[0.6144735583936812, -0.6144735583936811, 0.0], [-0.7071067811865475, -0.7071067811865476, 0.0], [0.0, 0.0, -0.8689968399999999]]
2	[[0.08740825448676931, -0.06334395238859675, -0.994156597696443], [0.7119981850616444, -0.6940087028176986, 0.10681996481098455], [-0.6967197295301035, -0.717174639895393, -0.015561310176609944]]	0.1522298413179199	0.8477701586820802	[[0.013306144710397247, -0.009642839820565947, -0.15134030111249264], [0.10838737073058108, -0.10564883470319365, 0.016261186292761964], [-0.1060615338694317, -0.10917538162851202, -0.0023688957788842446]]	0.4435526372956307	1.0242167537074045	[[0.06002325367957453, -0.014859364467378913, -0.0005714562606218138], [0.6352137418395796, -0.636458980097596, 0.03815575655683734], [0.008038628217496683, -0.012370649155449172, 0.023154150611239266]]	[[0.021253091880560362, 0.013237012671312054, 0.44038932453248686], [0.3194050691057848, -0.3286295896566862, -0.009224520550901321], [0.31707050170647266, 0.30573405377169666, 0.030056410779849968]]	0.8261175669888872	[[0.0, 0.0, -0.8689968399999999], [0.0, -1.0, 0.0], [-0.8689968399999999, 0.0, 0.0]]
2	[[-0.8305561570912853, 0.32773595720904825, 0.4502950280316503], [-0.5100865793185324, -0.772219296347621, -0.37879947194723407], [0.22358030216652452, -0.5443036842615101, 0.808545204538665]]	0.18504748083598002	0.8149525191640199	[[-0.1536923245625548, 0.06064671326090293, 0.08332596057022391], [-0.09439023651113672, -0.14289723544206034, -0.07009588802583515], [0.0413729716804626, -0.1007220255823351, 0.14961925324189215]]	0.5185060828761378	0.6617872485575955	[[-0.37662701736002424, 0.14716876713441013, 0.4016431660902366], [-0.3539397389642812, -0.6040324895931856, -0.058196645715981085], [0.3197649063393164, -0.24824430637996578, 0.2627883058520025]]	[[0.05402140226203618, -0.022764320255715002, 0.16816245496694493], [-0.08945674479414066, -0.2036320871226133, 0.13821318467892865], [0.2038371596546885, 0.03398046484151986, -0.15644730098162624]]	0.6837156053957789	[[-0.6144735583936812, 0.6144735583936811, 0.0], [-0.7071067811865475, -0.7071067811865476, 0.0], [0.0, 0.0, 0.8689968399999999]]
2	[[0.22433838825039393, -0.7661379269479729, -0.6022499185961573], [-0.9416906372873723, -0.011392912655017143, -0.3362869982418849], [0.2507808429735371, 0.642575192824231, -0.724020780340167]]	0.14004541642904755	0.8599545835709523	[[0.03141756300354779, -0.10729410502151608, -0.0843423406441589], [-0.1318794574462452, -0.0015955251971116607, -0.047095452708459155], [0.0351207075866566, 0.08998971046604497, -0.10139579168602265]]	0.4015748207441936	0.8473442189777382	[[0.16151653978609035, -0.3070102306863971, 0.10639047167278001], [-0.46414869312053175, -0.28869769828755454, -0.13504439103758784], [0.27618101445037435, 0.04111314905805271, -0.32098638656299794]]	[[0.0714278917383971, 0.000651469993063078, 0.348238874776237], [-0.08598944425536971, -0.28412259143036184, 0.0], [0.17547374238719843, -0.2169288688150035, -0.030237871482824294]]	0.96248539481148	[[0.6144735583936812, -0.6144735583936811, 0.0], [-0.7071067811865475, -0.7071067811865476, 0.0], [0.0, 0.0, -0.8689968399999999]]
2	[[-0.3195682178843842, -0.5708200961323295, -0.7563336379995778], [0.910087742671785, 0.03735879733279218, -0.41272826520656647], [0.2638493031197415, -0.8202248094963509, 0.507557688474819]]	0.1147407746268	0.8852592253731999	[[-0.03666750486616025, -0.06549634000276791, -0.08678230750037724], [0.10442417257251638, 0.004286577345090203, -0.04735676086017678], [0.03027427342470053, -0.09411323000973076, 0.05823756234338877]]	0.3617022912936734	1.070147664267147	[[-0.18418056182152787, -0.2750589418756488, 0.18410733799071988], [0.5380458804857865, -0.07568892405072887, -0.149284759206878], [0.241542886500783, -0.04658211180059515, 0.08658103487767113]]	[[-0.06859200518811032, -0.0685920051881103, 0.4576749478376469], [0.20886505868311495, -0.08920168664597587, 0.0], [0.14610798900613353, 0.2500950811701517, -0.0970037440073913]]	0.9647690471484106	[[1.7351560729632487e-16, -0.8689968399999999, 0.0], [1.0, 1.7938038903913487e-16, 0.0], [0.0, 0.0, 0.8689968399999999]]
