2	[[-0.5446221603179724, 0.8109226453022452, -0.2139887049042392], [-0.8354447797583356, -0.5021691245819775, 0.22328947644507607], [0.07361197229480154, 0.30038414347728, 0.9509735242804028]]	0.23008319920075623	0.7699168007992436	[[-0.12530840900158624, 0.18657967653548072, -0.049235205817193914], [-0.19222180768236907, -0.11554067872366457, 0.05137515708834501], [0.016936878085065374, 0.06911334472043155, 0.21880303082165314]]	0.5852045383122843	0.5802237604793696	[[-0.3295186093883101, 0.516655103183604, 0.1321972606756781], [-0.6045565350519905, -0.4087882150770156, 0.1306700149730324], [0.17063243288976027, 0.016322726066355115, 0.49697635117793576]]	[[-0.010803249504792273, 0.04209949093252723, 0.257424421933207], [-0.11565045842810585, -0.11491656437133561, 0.0], [0.12755437262872427, -0.15946343793359746, -0.059537671045783155]]	0.4406469358318575	[[-0.5904556866211865, 0.5904556866211864, 0.0], [-0.7071067811865475, -0.7071067811865476, 0.0], [0.0, 0.0, 0.8350304399999999]]
2	[[0.04673222253661188, -0.9725397674033924, -0.22799671093185395], [-0.8377629715199755, -0.16246744520517667, 0.5213036857710898], [-0.5440306084466285, 0.16664552219444034, -0.8223502702654952]]	0.17243323293141036	0.8275667670685894	[[0.008058188214058098, -0.16769817624772884, -0.039314209963707776], [-0.14445817760941443, -0.028014786822835362, 0.08989007987656908], [-0.0938089566280944, 0.028735226145530448, -0.1418005157038984]]	0.4537622177186636	0.8713472347807104	[[0.12184145220210711, -0.5381903772581014, 0.0905352447829004], [-0.30884536021026987, -0.3854752611350518, 0.0], [0.06401808552237287, 0.06401808552237286, -0.47187517866834544]]	[[0.100636135264972, -0.09688857558154465, 0.19399153796789953], [0.07129982366921188, -0.3117536728916654, -0.23654791656040303], [0.31087862091794904, -0.011599356201461169, -0.09872369629113197]]	0.8947219299819679	[[0.5904556866211865, -0.5904556866211864, 0.0], [-0.7071067811865475, -0.7071067811865476, 0.0], [0.0, 0.0, -0.8350304399999999]]
2	[[0.8489524140446696, -0.5135124485683378, 0.12483895166604869], [0.522794976890395, 0.7815435453534784, -0.34040431673891397], [0.0772347773085365, 0.35425224329800037, 0.9319550081910795]]	0.2067653730108323	0.7932346269891677	[[0.17553396255839268, -0.10617659297393825, 0.025812372407511858], [0.10809589840493199, 0.16159614267922018, -0.07038382552501908], [0.01596947753960809, 0.07324709722543517, 0.19269602489794183]]	0.0	0.45693645686678996	[[0.6461541766482671, -0.646154176648267, 0.0], [0.7071067811865475, 0.7071067811865476, 0.0], [0.0, 0.0, 0.9138]]	[[0.6461541766482671, -0.646154176648267, 0.0], [0.7071067811865475, 0.7071067811865476, 0.0], [0.0, 0.0, 0.9138]]	0.45693645686678996	[[0.6461541766482671, -0.646154176648267, 0.0], [0.7071067811865475, 0.7071067811865476, 0.0], [0.0, 0.0, 0.9138]]
2	[[0.8787972042104137, -0.3840163418041313, 0.28327887866788265], [-0.395223040501579, -0.9183905790867732, -0.018907472103605397], [0.2674214316928388, -0.09534250611366366, -0.9588511794847616]]	0.5412142414271608	0.45878575857283926	[[0.47561756224504875, -0.20783511312515612, 0.1533145634305748], [-0.21390033805959813, -0.49704606059429884, -0.010232993171858], [0.144732287295005, -0.05160072212207091, -0.5189439137463837]]	0.7889712634484181	0.3716223929882488	[[0.5455471842673056, -0.23420798999236994, 0.23024261801888915], [-0.35080989161661635, -0.8419815964751832, -0.01491745215419727], [0.20424410162784523, -0.07522249750883574, -0.6314332853708239]]	[[-0.14779855625352195, 0.06876986838567505, 0.006743723208038608], [-0.0389902700081603, -0.11739782095396763, 0.0], [-0.006743723208038608, 0.0, 0.1250727411662744]]	0.513437630641066	[[0.9138, 0.0, 0.0], [0.0, -1.0, 0.0], [0.0, 0.0, -0.9138]]
2	[[0.22433838825039393, -0.7661379269479729, -0.6022499185961573], [-0.9416906372873723, -0.011392912655017143, -0.3362869982418849], [0.2507808429735371, 0.642575192824231, -0.724020780340167]]	0.13614998332648187	0.8638500166735184	[[0.030543667819780934, -0.10430966597975187, -0.08199631637524184], [-0.12821116456537984, -0.001551144868020632, -0.04578546920354527], [0.03414380758944813, 0.08748660178902992, -0.09857541717134012]]	0.39329685126857017	0.869703745741536	[[0.01790952306989965, -0.29942471058319514, 0.10187505657569848], [-0.45594377171768335, -0.12236151578822804, -0.1322606175310925], [0.2673873632970898, 0.04251186073435731, -0.31577836730952447]]	[[-0.07032205864764632, 0.0018949237228723936, 0.33873805323631984], [-0.08557980920346665, -0.11788071911423206, 0.0], [0.16875604739711994, -0.21021093930670706, -0.031023274148723703]]	0.9674512295309532	[[0.5904556866211865, -0.5904556866211864, 0.0], [-0.7071067811865475, -0.7071067811865476, 0.0], [0.0, 0.0, -0.8350304399999999]]
2	[[0.034229894132735264, 0.2773841392786001, 0.9601491309293217], [-0.1827544195208179, -0.9427759796974285, 0.2788803941677556], [0.9825625356654255, -0.18501754344446375, 0.018422055382213542]]	0.733157247415883	0.266842752584117	[[0.025095894961693267, 0.20336619203032238, 0.7039402939408939], [-0.1339877271689704, -0.6912030422047791, 0.20446318214628817], [0.7203728440624338, -0.13564695287539158, 0.013506263415766634]]	0.8598143079149797	0.2118249814368937	[[0.0008910433335778304, 0.20111911224023488, 0.7815503429670915], [-0.18944182170802476, -0.8213242857789964, 0.23978535310240554], [0.7985941283550666, -0.15908073106883128, -0.0012601255670079013]]	[[-0.028540309400162955, -0.037379739500187005, -0.04399961753807244], [-0.03230695696932882, -0.010712009276584868, 0.0], [-0.04622719823128876, 0.0, -0.017099672365837267]]	0.3768974987492021	[[0.0, 0.0, 0.9138], [0.0, -1.0, 0.0], [0.9138, 0.0, 0.0]]
2	[[-0.3195682178843842, -0.5708200961323295, -0.7563336379995778], [0.910087742671785, 0.03735879733279218, -0.41272826520656647], [0.2638493031197415, -0.8202248094963509, 0.507557688474819]]	0.11174122167153835	0.8882587783284616	[[-0.03570894307379745, -0.06378413489649147, -0.08451364470135184], [0.10169431619443789, 0.004174517654145598, -0.046118760572556414], [0.02948284346778396, -0.09165292225842707, 0.05671511617895836]]	0.35423762329897923	1.0656709345787425	[[-0.17774817961257974, -0.26675104781253645, 0.18002886441365362], [0.5354401688879113, -0.07398688164192813, -0.1462038797350849], [0.23084244431125917, -0.04810377843894683, 0.0885154824600391]]	[[-0.06454509362732518, -0.06454509362732516, 0.44795069475969457], [0.21305284993032514, -0.08722077321840482, 0.0], [0.13737709426502998, 0.24245070864789853, -0.09128054679240447]]	0.9566410459918113	[[1.6673341862499451e-16, -0.8350304399999999, 0.0], [1.0, 1.7938038903913487e-16, 0.0], [0.0, 0.0, 0.8350304399999999]]
2	[[0.5319609947059123, -0.8460851799387872, 0.03402011756955908], [-0.703274286200726, -0.4190807785627857, 0.5742617690636116], [-0.47161719485230363, -0.3294103357928521, -0.8179645788128509]]	0.1466026984097503	0.8533973015902498	[[0.07798691727262165, -0.12403837046352537, 0.004987441035914329], [-0.1031019080792174, -0.06143837298896339, 0.08418832493828232], [-0.0691403533817847, -0.04829244411129407, -0.11991581445755879]]	0.44841946008423245	0.8274647720990556	[[0.21232155733881702, -0.47907306415663437, 0.21976138282199792], [-0.3823463268433771, -0.39796869055412615, 0.0], [0.11999441344081883, -0.1407314587069288, -0.31473535585084794]]	[[-0.026220104693079446, -0.09967200458321274, 0.20450610006945413], [-0.06698445113412346, -0.21004471409932196, -0.2575101524305209], [0.3314767413229291, 0.006982546215467675, 0.052055878948437335]]	0.7040501661505629	[[0.5904556866211865, -0.5904556866211864, 0.0], [-0.7071067811865475, -0.7071067811865476, 0.0], [0.0, 0.0, -0.8350304399999999]]
2	[[-0.8305561570912853, 0.32773595720904825, 0.4502950280316503], [-0.5100865793185324, -0.772219296347621, -0.37879947194723407], [0.22358030216652452, -0.5443036842615101, 0.808545204538665]]	0.1804565968125185	0.8195434031874813	[[-0.14987933757037683, 0.059142115491038046, 0.08125870832018922], [-0.09204848818356111, -0.1393520662118493, -0.06835686358197691], [0.04034654044328559, -0.09822319049434769, 0.1459073159801291]]	0.509257425833359	0.672186142432694	[[-0.363384572972103, 0.13855169276975005, 0.3912028386087335], [-0.35548109320102345, -0.6063120550831769, -0.05556020327597144], [0.30942801797378844, -0.24381634202553554, 0.25342170752734006]]	[[0.05958231759825191, -0.028350277151561798, 0.161886751767775], [-0.0957157148651242, -0.21305364404633959, 0.13734624071491267], [0.19556808882541954, 0.03337435109309449, -0.15833594200592724]]	0.6874183327310172	[[-0.5904556866211865, 0.5904556866211864, 0.0], [-0.7071067811865475, -0.7071067811865476, 0.0], [0.0, 0.0, 0.8350304399999999]]
2	[[0.08740825448676931, -0.06334395238859675, -0.994156597696443], [0.7119981850616444, -0.6940087028176986, 0.10681996481098455], [-0.6967197295301035, -0.717174639895393, -0.015561310176609944]]	0.14649576892916452	0.8535042310708355	[[0.012804939451795373, -0.009279621012179858, -0.14563973521554258], [0.10430472159677517, -0.1016693385628107, 0.015648672881971477], [-0.10206649250563209, -0.10506305032797227, -0.0022796660998676763]]	0.43435720756364005	1.022754270304798	[[0.05822170179412011, -0.01446896258122525, -0.0009892101951446235], [0.6353715942122721, -0.636192575955185, 0.03776317861143684], [0.0071159810508273705, -0.01196574102005341, 0.02188614772536543]]	[[0.020255296457234964, 0.013044939694329797, 0.4308298734612515], [0.32611005075851646, -0.3347448937744252, -0.00863484301590869], [0.3097412172240177, 0.2995442329003686, 0.028645314959709386]]	0.8377942548122533	[[0.0, 0.0, -0.8350304399999999], [0.0, -1.0, 0.0], [-0.8350304399999999, 0.0, 0.0]]
2	[[0.3802729664721569, 0.7767473726770865, -0.5020517802076895], [0.4287143634067757, 0.332951791095048, 0.839849450446521], [0.8195098935212374, -0.5346088512602871, -0.20639019011321075]]	0.12215167081311684	0.8778483291868836	[[0.046450978219634335, 0.09488098937220485, -0.06132646378706898], [0.052368175791719415, 0.04067061758247997, 0.10258901360352052], [0.10010450274149867, -0.06530336441292514, -0.025210906561765528]]	0.40085148584647023	0.8988460227117977	[[0.2059936288214949, 0.33133369404600377, 0.10887009396718975], [0.23901364665694774, -0.20664007287076178, 0.3282071912609898], [0.5527765063026764, 0.0, -0.08099299885099852]]	[[0.053560645183885855, 0.019973355581051656, 0.3101182960353076], [0.06716285708161812, -0.3401042930464553, -0.008447708837839654], [0.22427474781880577, 0.21429875237436077, 0.0017388155200175198]]	1.0000000000000007	[[0.0, 0.0, 0.0], [0.0, 0.0, 0.0], [0.0, 0.0, 0.0]]
2	[[-0.30792515101507295, 0.09349718223056193, 0.9468053539599837], [0.3027085282091916, -0.9338174967034747, 0.1906631317268273], [0.9019698710720718, 0.34531602882779927, 0.2592434992682147]]	0.5231613784740204	0.47683862152597967	[[-0.1610945464718665, 0.04891411473917748, 0.49533199412428797], [0.1583654108937626, -0.4885372488185489, 0.09974758681838072], [0.4718758010920996, 0.18065600965072606, 0.13562618643758792]]	0.7612540990300997	0.3372020892638829	[[-0.07932516963461449, 0.1211988987740809, 0.7330355764067887], [0.3148067780690226, -0.8094825264017366, 0.14514309056096314], [0.6743521418341587, 0.2628732424059583, 0.07932516963461449]]	[[0.15508411377007225, 0.05002378555330144, 0.012276119721106572], [0.08436867015840695, -0.0986101292901897, 0.0], [-0.012276119721106572, 0.0, -0.11802500683022066]]	0.48410268776167575	[[0.0, 0.0, 0.9138], [0.0, -1.0, 0.0], [0.9138, 0.0, 0.0]]
2	[[-0.42203838922340475, -0.825029846081567, 0.3757783270710803], [0.2588054115689476, 0.28760896992378115, 0.9221175843470338], [-0.8688517462515349, 0.4864224845687207, 0.09214016247897017]]	0.10457074502310813	0.895429254976892	[[-0.04413286878944391, -0.08627398567104966, 0.039295419625360054], [0.027063474703776985, 0.030075484260258446, 0.09642652279407808], [-0.09085647442015149, 0.050865561607342444, 0.00963516543697615]]	0.3331869672600781	1.1247412676340784	[[-0.2240374702108418, -0.4348052568414695, 0.27383333842928065], [0.18613087554861613, 0.017735655158708587, 0.015828012573796194], [0.14934571862559387, 0.16206963244056422, -0.08727348186956659]]	[[-0.08341977923816717, -0.1599160645265031, 0.14862889727040168], [0.09990028535746212, -0.07809190528699111, -0.29140954881198133], [0.4388357969577658, 0.0, -0.11797338316878553]]	1.0000000000000002	[[0.0, 0.0, 0.0], [0.0, 0.0, 0.0], [0.0, 0.0, 0.0]]
2	[[0.8592155572171323, 0.2624339665249735, -0.4391776855101157], [-0.4266000482917053, 0.8413623931712975, -0.33184593135155627], [0.2824199444684594, 0.4724804086637203, 0.8348660002631537]]	0.16341140169504312	0.836588598304957	[[0.1404056185630391, 0.04288470232223593, -0.07176664118239279], [-0.06971131185452063, 0.13748820800161765, -0.05422740878895486], [0.04615063899222717, 0.07720868585318533, 0.13642662333053615]]	0.0	0.6895843507061508	[[0.6461541766482671, 0.6461541766482669, 0.0], [-0.7071067811865474, 0.7071067811865474, 0.0], [0.0, 0.0, 0.9137999999999997]]	[[0.646154176648267, 0.6461541766482669, 0.0], [-0.7071067811865474, 0.7071067811865475, 0.0], [0.0, 0.0, 0.9137999999999997]]	0.6895843507061507	[[0.6461541766482671, 0.646154176648267, 0.0], [-0.7071067811865475, 0.7071067811865476, 0.0], [0.0, 0.0, 0.9138]]
