2	[[0.8592155572171323, 0.2624339665249735, -0.4391776855101157], [-0.4266000482917053, 0.8413623931712975, -0.33184593135155627], [0.2824199444684594, 0.4724804086637203, 0.8348660002631537]]	0.17323045038349097	0.8267695496165091	[[0.14884229795322604, 0.04546155421704717, -0.07607894825929655], [-0.07390011849919113, 0.14574958630479576, -0.05748582014595913], [0.04892373417755172, 0.08184799399019214, 0.1446242132354498]]	0.0	0.6884218081081431	[[0.6795296167202722, 0.6795296167202721, 0.0], [-0.7071067811865475, 0.7071067811865476, 0.0], [0.0, 0.0, 0.9610000000000001]]	[[0.6795296167202722, 0.6795296167202721, 0.0], [-0.7071067811865475, 0.7071067811865476, 0.0], [0.0, 0.0, 0.9610000000000001]]	0.6884218081081431	[[0.6795296167202722, 0.6795296167202721, 0.0], [-0.7071067811865475, 0.7071067811865476, 0.0], [0.0, 0.0, 0.9610000000000001]]
2	[[0.8489524140446696, -0.5135124485683378, 0.12483895166604869], [0.522794976890395, 0.7815435453534784, -0.34040431673891397], [0.0772347773085365, 0.35425224329800037, 0.9319550081910795]]	0.21663651458678018	0.7833634854132198	[[0.18391409202867037, -0.11124554705476793, 0.02704467537360028], [0.11325648163701148, 0.16931086966317274, -0.07374400472861269], [0.016731872961007477, 0.07674397127262686, 0.20189548472620963]]	0.0	0.43964271659678056	[[0.6795296167202721, -0.679529616720272, 0.0], [0.7071067811865474, 0.7071067811865475, 0.0], [0.0, 0.0, 0.961]]	[[0.6795296167202721, -0.679529616720272, 0.0], [0.7071067811865474, 0.7071067811865475, 0.0], [0.0, 0.0, 0.9609999999999999]]	0.4396427165967807	[[0.6795296167202722, -0.6795296167202721, 0.0], [0.7071067811865475, 0.7071067811865476, 0.0], [0.0, 0.0, 0.9610000000000001]]
2	[[0.3802729664721569, 0.7767473726770865, -0.5020517802076895], [0.4287143634067757, 0.332951791095048, 0.839849450446521], [0.8195098935212374, -0.5346088512602871, -0.20639019011321075]]	0.12699631710823728	0.8730036828917631	[[0.04829326623778813, 0.09864405565348947, -0.06375872708401083], [0.05444514524406295, 0.04228365124366229, 0.1066577871320852], [0.1040747383109608, -0.06789335520352191, -0.02621079403164671]]	0.4201278448246633	0.8669054856275206	[[0.028699597628563105, 0.3176815708251135, 0.12971718457452797], [0.28140154783786325, -0.14377386402253486, 0.32793403706431606], [0.6014369768406029, 0.0, -0.06641152963567304]]	[[-0.13106366422046564, -0.008651628830930451, 0.3406431169835701], [0.10128670629439697, -0.283656182445809, -0.024910102528958696], [0.25713805146303614, 0.22460406450417345, 0.020298736129542694]]	1.0000000000000007	[[0.0, 0.0, 0.0], [0.0, 0.0, 0.0], [0.0, 0.0, 0.0]]
2	[[-0.3195682178843842, -0.5708200961323295, -0.7563336379995778], [0.910087742671785, 0.03735879733279218, -0.41272826520656647], [0.2638493031197415, -0.8202248094963509, 0.507557688474819]]	0.1193941236344543	0.8806058763655455	[[-0.0381545673157304, -0.06815256513065443, -0.09030179188421822], [0.10865912846675654, 0.004460420867585892, -0.04927732952350665], [0.03150205631754302, -0.09793002231305405, 0.060599405409380386]]	0.3731140453901693	1.0778329283438415	[[-0.19444048699576316, -0.28818609170073234, 0.19038757299956385], [0.5420294119733858, -0.07829095396617115, -0.15399471267808867], [0.2588273615873646, -0.04385356727926731, 0.0830208350667477]]	[[-0.0752050964427936, -0.07520509644279359, 0.4725862763382502], [0.20246289264510875, -0.09223004596992075, 0.0], [0.16038148072698077, 0.2621838295212971, -0.10635606734897532]]	0.9799977709461054	[[1.8440263507276884e-16, -0.9235210000000001, 0.0], [1.0, 1.7938038903913487e-16, 0.0], [0.0, 0.0, 0.9235210000000001]]
2	[[0.034229894132735264, 0.2773841392786001, 0.9601491309293217], [-0.1827544195208179, -0.9427759796974285, 0.2788803941677556], [0.9825625356654255, -0.18501754344446375, 0.018422055382213542]]	0.8195651090903312	0.18043489090966894	[[0.028053626919045664, 0.2273343623677935, 0.7869047272330761], [-0.14977914577131923, -0.7726662986484671, 0.2285606406692512], [0.8052739717307068, -0.15163392317668703, 0.015098073828991962]]	0.9007891494012393	0.1447455223015803	[[0.0, 0.23199995738004925, 0.8420222199284827], [-0.18046346058578563, -0.821193990307752, 0.25121243304705493], [0.8690861726850808, -0.16666179558364536, 0.0]]	[[-0.03083391721992107, -0.01786466549811586, -0.022869699019680077], [-0.015840262476310818, 0.02804838251981498, 0.0], [-0.015995498050502703, 0.0, -0.01659438759796666]]	0.35513707049359794	[[0.0, 0.0, 0.9610000000000001], [0.0, -1.0, 0.0], [0.9610000000000001, 0.0, 0.0]]
2	[[-0.30792515101507295, 0.09349718223056193, 0.9468053539599837], [0.3027085282091916, -0.9338174967034747, 0.1906631317268273], [0.9019698710720718, 0.34531602882779927, 0.2592434992682147]]	0.5887830049160306	0.4112169950839695	[[-0.18130109570387717, 0.05504955190489197, 0.5574629013751452], [0.17822963685271687, -0.5498158717522373, 0.11225921162482237], [0.5310645310335392, 0.20331620909890233, 0.1526381665040863]]	0.799273129606834	0.29126170015734404	[[-0.1119346055632219, 0.14073713649952976, 0.7668524138681737], [0.29885819928794133, -0.8130860813985661, 0.15239191799594135], [0.7108239461827762, 0.27600182306459886, 0.1119346055632219]]	[[0.13418169357325244, 0.06600735104868805, 0.010096335480071173], [0.056911406587502135, -0.06671084832676044, 0.0], [-0.010096335480071173, 0.0, -0.09527175742711108]]	0.4730025905021197	[[0.0, 0.0, 0.9610000000000001], [0.0, -1.0, 0.0], [0.9610000000000001, 0.0, 0.0]]
2	[[0.8787972042104137, -0.3840163418041313, 0.28327887866788265], [-0.395223040501579, -0.9183905790867732, -0.018907472103605397], [0.2674214316928388, -0.09534250611366366, -0.9588511794847616]]	0.6058977777008937	0.39410222229910624	[[0.5324612730808481, -0.23267464809994995, 0.17163804305447122], [-0.239464761936097, -0.5564508109301127, -0.011455995329516152], [0.16203005117228236, -0.05776781257470268, -0.5809657987956979]]	0.8261925479705597	0.3168239062472044	[[0.594129797319508, -0.2577885413726712, 0.2408184803964172], [-0.3471877836601234, -0.8474711613881175, -0.01562121255296002], [0.21416601218868525, -0.07877126805594645, -0.6927729050459727]]	[[-0.13192590397649814, 0.05948289852481742, 0.006775581843556198], [-0.02065745281145204, -0.08870370882025852, 0.0], [-0.006775581843556198, 0.0, 0.0994227940571191]]	0.4852026665708959	[[0.6530279616681817, -0.6530279616681816, 0.0], [-0.7071067811865475, -0.7071067811865476, 0.0], [0.0, 0.0, -0.9235210000000001]]
2	[[-0.5446221603179724, 0.8109226453022452, -0.2139887049042392], [-0.8354447797583356, -0.5021691245819775, 0.22328947644507607], [0.07361197229480154, 0.30038414347728, 0.9509735242804028]]	0.24496017715367133	0.7550398228463288	[[-0.13341074087330562, 0.19864375485116173, -0.05241871106222712], [-0.20465070125171178, -0.12301143771870518, 0.05469702970653636], [0.018032001773965745, 0.07358215300034833, 0.23295064297617865]]	0.6023708030492022	0.5836206335235142	[[-0.25782536041328546, 0.5378299703112237, 0.13956119550826232], [-0.6118107106595742, -0.5103252278796238, 0.1345030612386564], [0.18651892765320421, 0.010850407815583392, 0.5030418081918893]]	[[0.07023912765584286, 0.04935384524972696, 0.2684617435248877], [-0.10856316777328176, -0.20783320903866317, 0.0], [0.142177224787949, -0.17009222991407255, -0.06979687730742684]]	0.40412759527556363	[[-0.6530279616681817, 0.6530279616681816, 0.0], [-0.7071067811865475, -0.7071067811865476, 0.0], [0.0, 0.0, 0.9235210000000001]]
2	[[0.08740825448676931, -0.06334395238859675, -0.994156597696443], [0.7119981850616444, -0.6940087028176986, 0.10681996481098455], [-0.6967197295301035, -0.717174639895393, -0.015561310176609944]]	0.16139936981868605	0.8386006301813139	[[0.014107637191115855, -0.010223673997344356, -0.16045624836929495], [0.1149160583809977, -0.11201256728346037, 0.017240675004547124], [-0.11245012528640413, -0.11575153492905953, -0.0025115856560579512]]	0.45761372894225577	1.0266165019085982	[[0.06286836845015376, -0.015469687497012143, 0.00013696329091462262], [0.6349723635958482, -0.6368663491027065, 0.038756062864384544], [0.009571991165068372, -0.01301386567742912, 0.02522079457326895]]	[[0.02286915117412951, 0.013517374761474334, 0.4550766711153299], [0.3091522191296709, -0.31927843868792155, -0.010126219558250622], [0.32840050462297893, 0.3151750955879211, 0.03234186375041455]]	0.8081003009491075	[[0.0, 0.0, -0.9235210000000001], [0.0, -1.0, 0.0], [-0.9235210000000001, 0.0, 0.0]]
2	[[-0.8305561570912853, 0.32773595720904825, 0.4502950280316503], [-0.5100865793185324, -0.772219296347621, -0.37879947194723407], [0.22358030216652452, -0.5443036842615101, 0.808545204538665]]	0.19218243086422965	0.8078175691357703	[[-0.15961830123905615, 0.06298509293805003, 0.08653879309319899], [-0.09802967876465521, -0.1484069815323508, -0.072798603328906], [0.04296820596372165, -0.10460560516973315, 0.15538818287185643]]	0.5325908009127458	0.6455511981796802	[[-0.3980601934789852, 0.16129512209858887, 0.418053407059307], [-0.35155632506115936, -0.6003559140250199, -0.06220373045901617], [0.3362291743395844, -0.25498762371996775, 0.2778638850535807]]	[[0.0442863754292747, -0.013254033839283537, 0.17823041743290308], [-0.07988890524705948, -0.18907902050296338, 0.1395413836906864], [0.2171523621404014, 0.03490351142062824, -0.1527598530058267]]	0.680601746557276	[[-0.6530279616681817, 0.6530279616681816, 0.0], [-0.7071067811865475, -0.7071067811865476, 0.0], [0.0, 0.0, 0.9235210000000001]]
2	[[0.5319609947059123, -0.8460851799387872, 0.03402011756955908], [-0.703274286200726, -0.4190807785627857, 0.5742617690636116], [-0.47161719485230363, -0.3294103357928521, -0.8179645788128509]]	0.1549924232223481	0.8450075767776519	[[0.08244992362924002, -0.13113679229122904, 0.005272860460415127], [-0.10900218580821767, -0.06495434539535441, 0.08900622315112161], [-0.07309709186348488, -0.05105610617902154, -0.12677831218025104]]	0.4680779125881306	0.8098880572536287	[[0.21879133259023462, -0.5324495184750452, 0.23260943137112977], [-0.3798691247465801, -0.39808261417281615, 0.004985745901646377], [0.15075354325951973, -0.1541897023628734, -0.348577798778943]]	[[-0.030207859390014417, -0.13641573357754466, 0.21668536575316774], [-0.0506819648848366, -0.20192015813733885, -0.26381350424081607], [0.3715071353666557, 0.0, 0.03429335384280576]]	0.6702620211479507	[[0.6530279616681817, -0.6530279616681816, 0.0], [-0.7071067811865475, -0.7071067811865476, 0.0], [0.0, 0.0, -0.9235210000000001]]
2	[[0.22433838825039393, -0.7661379269479729, -0.6022499185961573], [-0.9416906372873723, -0.011392912655017143, -0.3362869982418849], [0.2507808429735371, 0.642575192824231, -0.724020780340167]]	0.14605835667786024	0.8539416433221398	[[0.03276649632761234, -0.11190084659860348, -0.08796363341952985], [-0.13754178698112055, -0.0016640301001662056, -0.04911752633534019], [0.036628637811003326, 0.09385347670586636, -0.10574928537710683]]	0.41422914622864465	0.868657680273382	[[0.019868530608734142, -0.3188096386905378, 0.11366928331324783], [-0.47669135183795397, -0.1272787256237421, -0.1392998761695297], [0.29012592792866143, 0.03861109197774739, -0.3287195459482116]]	[[-0.07305896842253674, -0.001452979317495287, 0.36313875290960484], [-0.08661564314289742, -0.12255944914159679, 0.0], [0.18624519345323343, -0.22756228153354055, -0.02880903625610713]]	0.9558683194455724	[[0.6530279616681817, -0.6530279616681816, 0.0], [-0.7071067811865475, -0.7071067811865476, 0.0], [0.0, 0.0, -0.9235210000000001]]
2	[[0.04673222253661188, -0.9725397674033924, -0.22799671093185395], [-0.8377629715199755, -0.16246744520517667, 0.5213036857710898], [-0.5440306084466285, 0.16664552219444034, -0.8223502702654952]]	0.18050855947546746	0.8194914405245324	[[0.008435566171170764, -0.17555175244659255, -0.0411553578554535], [-0.1512233871709578, -0.029326764495645877, 0.09409977736779115], [-0.09820218144126311, 0.030080943154355468, -0.14844126266988594]]	0.4740608525071223	0.888009154841767	[[-0.06674151576729528, -0.5832214856971263, 0.1100487212183423], [-0.30181327826387594, -0.19821452116813712, 0.0], [0.07781619703439774, 0.07781619703439772, -0.5155611971950481]]	[[-0.08889543302255405, -0.1221784544647956, 0.2181330363715169], [0.09533735021378359, -0.12119506558951687, -0.24712966969174782], [0.33571981106457494, -0.0011839212835932332, -0.12571712701352503]]	0.8772896708798414	[[0.6530279616681817, -0.6530279616681816, 0.0], [-0.7071067811865475, -0.7071067811865476, 0.0], [0.0, 0.0, -0.9235210000000001]]
2	[[-0.42203838922340475, -0.825029846081567, 0.3757783270710803], [0.2588054115689476, 0.28760896992378115, 0.9221175843470338], [-0.8688517462515349, 0.4864224845687207, 0.09214016247897017]]	0.10886459093477456	0.8911354090652255	[[-0.04594503660157714, -0.08981653670264983, 0.04090895385874707], [0.02817474526215947, 0.03131043285992427, 0.10038595361370231], [-0.09458718993863796, 0.052954184804050466, 0.010030801096936763]]	0.3482385884934658	1.14134959635584	[[-0.23358288452873277, -0.4692307732571547, 0.2997383651495969], [0.1839114801429993, 0.011078957816198606, 0.03034240569122571], [0.17685860370157386, 0.16939107943769596, -0.09040228096439949]]	[[-0.08661283157551836, -0.18192354419272844, 0.16887785094392796], [0.09378544892375845, -0.0890775839081186, -0.29077452030678974], [0.4794263094262913, 0.0, -0.1224890410896347]]	1.0000000000000002	[[0.0, 0.0, 0.0], [0.0, 0.0, 0.0], [0.0, 0.0, 0.0]]
