2	[[-0.8305561570912853, 0.32773595720904825, 0.4502950280316503], [-0.5100865793185324, -0.772219296347621, -0.37879947194723407], [0.22358030216652452, -0.5443036842615101, 0.808545204538665]]	0.1879289961650613	0.8120710038349387	[[-0.15608558486087618, 0.06159108944549193, 0.08462349259610624], [-0.09586005880860173, -0.14512239718189832, -0.07118740451089899], [0.04201722174843606, -0.10229044499221007, 0.15194908864302545]]	0.524236237262095	0.6552395877575229	[[-0.3851552760077519, 0.15276455746965412, 0.4082425497267222], [-0.3529753431982703, -0.602566453285618, -0.059828013398189175], [0.32635442756971034, -0.25098772299159283, 0.2687992094054938]]	[[0.05025235862064896, -0.019046507553108317, 0.17218157857358027], [-0.0855694741784297, -0.1977411150271584, 0.1387523964522973], [0.20914553123600932, 0.03435599237355661, -0.1550694862781669]]	0.6820469530799158	[[-0.6298613333231504, 0.6298613333231503, 0.0], [-0.7071067811865475, -0.7071067811865476, 0.0], [0.0, 0.0, 0.8907584399999999]]
2	[[0.08740825448676931, -0.06334395238859675, -0.994156597696443], [0.7119981850616444, -0.6940087028176986, 0.10681996481098455], [-0.6967197295301035, -0.717174639895393, -0.015561310176609944]]	0.1558947385412694	0.8441052614587308	[[0.013626486979563649, -0.009874988895790913, -0.154983782866965], [0.11099677090204335, -0.1081923052711307, 0.01665267048519603], [-0.10861494007163944, -0.11180375297492132, -0.0024259263813421715]]	0.4492649396991507	1.0251670459627014	[[0.06116549771087464, -0.015105300413229751, -0.00029413242967266107], [0.6351156822040639, -0.6366244732901228, 0.03839963030786813], [0.008643129033766198, -0.012628336954104811, 0.02397451650169828]]	[[0.021896033529668214, 0.013352916536939024, 0.4463455714859327], [0.31523986052643943, -0.3248306952680437, -0.00959083474160423], [0.3216548763083168, 0.30957308439225906, 0.030965667579832816]]	0.8188202407693038	[[0.0, 0.0, -0.8907584399999999], [0.0, -1.0, 0.0], [-0.8907584399999999, 0.0, 0.0]]
2	[[0.8787972042104137, -0.3840163418041313, 0.28327887866788265], [-0.395223040501579, -0.9183905790867732, -0.018907472103605397], [0.2674214316928388, -0.09534250611366366, -0.9588511794847616]]	0.5811176786038245	0.4188823213961757	[[0.5106845912742868, -0.22315868509514955, 0.16461836436897442], [-0.2296710958270229, -0.5336930013705277, -0.01098746629711374], [0.15540332159425368, -0.055405215825043166, -0.5572053715487238]]	0.8128039101595808	0.33699263245475813	[[0.5762337515151494, -0.24903840375696482, 0.2370202399381213], [-0.3484401164923755, -0.8455007505890136, -0.015368067257043662], [0.21059112564916777, -0.07749476177359955, -0.6701274423195343]]	[[-0.13805605230438234, 0.06309158042661114, 0.00677005969124482], [-0.027201283787533732, -0.09902929685356276, 0.0], [-0.00677005969124482, 0.0, 0.10923054562680598]]	0.49475314448147345	[[0.6298613333231504, -0.6298613333231503, 0.0], [-0.7071067811865475, -0.7071067811865476, 0.0], [0.0, 0.0, -0.8907584399999999]]
2	[[-0.5446221603179724, 0.8109226453022452, -0.2139887049042392], [-0.8354447797583356, -0.5021691245819775, 0.22328947644507607], [0.07361197229480154, 0.30038414347728, 0.9509735242804028]]	0.23955930864907843	0.7604406913509215	[[-0.130469308200741, 0.19426406827648773, -0.051262986205571216], [-0.20013857385338846, -0.12029928830977146, 0.053491072605797114], [0.017634433191237746, 0.07195981774056277, 0.2278145600201909]]	0.5962998611590198	0.580365426524176	[[-0.3600613723470352, 0.5302033422048611, 0.1368769659499709], [-0.6092452324236416, -0.3902004922241048, 0.13314748380246913], [0.18065108248791037, 0.01292217913501881, 0.5010919198493028]]	[[-0.035303253765302973, 0.04665028140042705, 0.2644784009739672], [-0.11106962624771832, -0.09075711295752521, 0.0], [0.1367562736288786, -0.16619684391485434, -0.06597346064500528]]	0.41662304792706173	[[-0.6298613333231504, 0.6298613333231503, 0.0], [-0.7071067811865475, -0.7071067811865476, 0.0], [0.0, 0.0, 0.8907584399999999]]
2	[[0.8592155572171323, 0.2624339665249735, -0.4391776855101157], [-0.4266000482917053, 0.8413623931712975, -0.33184593135155627], [0.2824199444684594, 0.4724804086637203, 0.8348660002631537]]	0.16968708629870596	0.8303129137012941	[[0.14579778440669428, 0.0445316551254349, -0.07452278182162099], [-0.07238851920950672, 0.14276833301854377, -0.05630996919112599], [0.047923017489495234, 0.08017382387936857, 0.14166597903450925]]	0.0	0.6885363965932264	[[0.6673673800838631, 0.6673673800838631, 0.0], [-0.7071067811865471, 0.7071067811865471, 0.0], [0.0, 0.0, 0.9437999999999994]]	[[0.6673673800838632, 0.6673673800838631, 0.0], [-0.7071067811865471, 0.7071067811865472, 0.0], [0.0, 0.0, 0.9437999999999994]]	0.6885363965932265	[[0.6673673800838635, 0.6673673800838634, 0.0], [-0.7071067811865475, 0.7071067811865476, 0.0], [0.0, 0.0, 0.9438]]
2	[[0.3802729664721569, 0.7767473726770865, -0.5020517802076895], [0.4287143634067757, 0.332951791095048, 0.839849450446521], [0.8195098935212374, -0.5346088512602871, -0.20639019011321075]]	0.12531107020042995	0.8746889297995705	[[0.0476524123969182, 0.0973350445455379, -0.06291264587385663], [0.05372265568879911, 0.04172254526727044, 0.1052424334426965], [0.10269366179698665, -0.06699240729004904, -0.025862975601956648]]	0.413230887622426	0.8664468659658344	[[0.02541644359685584, 0.3133939092880229, 0.12190255288216229], [0.2772893143188108, -0.139951883326498, 0.32803176987818417], [0.58352357062062, 0.0, -0.0720496260714302]]	[[-0.13172409187724662, -0.007582096981716892, 0.3293658556498049], [0.10013129739174557, -0.2775378474961812, -0.019019963999038377], [0.24487676990547924, 0.22091689013709395, 0.013237175385613129]]	1.0000000000000007	[[0.0, 0.0, 0.0], [0.0, 0.0, 0.0], [0.0, 0.0, 0.0]]
2	[[-0.42203838922340475, -0.825029846081567, 0.3757783270710803], [0.2588054115689476, 0.28760896992378115, 0.9221175843470338], [-0.8688517462515349, 0.4864224845687207, 0.09214016247897017]]	0.10733546421976306	0.8926645357802372	[[-0.045299686425855176, -0.08855496152432463, 0.04033434117990034], [0.027778998993339837, 0.030870642300536877, 0.0989759189810954], [-0.09325860552206032, 0.05221038318811417, 0.009889907112964662]]	0.342862840011657	1.1348280150316616	[[-0.2301868230007726, -0.45659841867068174, 0.2901776140894498], [0.1847041463480066, 0.013456424673621247, 0.025158530442470475], [0.16655868095242876, 0.16677619450475797, -0.08930337548925377]]	[[-0.08548554227769085, -0.1737263425487754, 0.16133718965502997], [0.09596938792709148, -0.08515400356727365, -0.29100132335144224], [0.46445565822131757, 0.0, -0.12089481327592899]]	1.0000000000000002	[[0.0, 0.0, 0.0], [0.0, 0.0, 0.0], [0.0, 0.0, 0.0]]
2	[[-0.30792515101507295, 0.09349718223056193, 0.9468053539599837], [0.3027085282091916, -0.9338174967034747, 0.1906631317268273], [0.9019698710720718, 0.34531602882779927, 0.2592434992682147]]	0.5639688928430662	0.436031107156934	[[-0.17366020649650463, 0.05272950234651638, 0.5339687672106993], [0.17071819350829187, -0.5266440197333421, 0.10752807530597047], [0.5086829495663194, 0.19474749845897826, 0.14620526925905725]]	0.7855594289855694	0.30781455784501927	[[-0.09974745580295158, 0.13341532362566516, 0.7547112692678085], [0.30453403554114006, -0.8118181160483195, 0.1497772208879269], [0.6976115408310408, 0.2712662624255304, 0.09974745580295158]]	[[0.14214604999874436, 0.059967730540865204, 0.010939396050523699], [0.06673849697206534, -0.078248976561204, 0.0], [-0.010939396050523699, 0.0, -0.10390371945040808]]	0.4766903731217474	[[0.0, 0.0, 0.9438], [0.0, -1.0, 0.0], [0.9438, 0.0, 0.0]]
2	[[0.8489524140446696, -0.5135124485683378, 0.12483895166604869], [0.522794976890395, 0.7815435453534784, -0.34040431673891397], [0.0772347773085365, 0.35425224329800037, 0.9319550081910795]]	0.2131433718786307	0.7868566281213693	[[0.1809485800939843, -0.10945177478950742, 0.02660859509989502], [0.1114302841756296, 0.16658082652661996, -0.07255492387177352], [0.016462080861836648, 0.07550651763210485, 0.19864003288502352]]	0.0	0.44570249186860506	[[0.6673673800838635, -0.6673673800838633, 0.0], [0.7071067811865474, 0.7071067811865476, 0.0], [0.0, 0.0, 0.9437999999999995]]	[[0.6673673800838634, -0.6673673800838633, 0.0], [0.7071067811865474, 0.7071067811865475, 0.0], [0.0, 0.0, 0.9437999999999998]]	0.44570249186860506	[[0.6673673800838635, -0.6673673800838634, 0.0], [0.7071067811865475, 0.7071067811865476, 0.0], [0.0, 0.0, 0.9438]]
2	[[0.034229894132735264, 0.2773841392786001, 0.9601491309293217], [-0.1827544195208179, -0.9427759796974285, 0.2788803941677556], [0.9825625356654255, -0.18501754344446375, 0.018422055382213542]]	0.7918385346141998	0.20816146538580016	[[0.027104549210064287, 0.21964345037158783, 0.7602830808461718], [-0.1447119917476332, -0.7465263502330786, 0.22082824265042605], [0.778030878408123, -0.14650402047898325, 0.014587293338433603]]	0.8860943487252838	0.16879848720131732	[[0.0, 0.22011918510664363, 0.82028120019527], [-0.18404877495314445, -0.8214063896767887, 0.24711434124232787], [0.8435501380891697, -0.163942999661174, 0.0]]	[[-0.03033091574848147, -0.025669333134150984, -0.030501518654694672], [-0.022111116611178008, 0.013982078047045886, 0.0], [-0.027092972033149275, 0.0, -0.016323679166083627]]	0.36287487865092344	[[0.0, 0.0, 0.9438], [0.0, -1.0, 0.0], [0.9438, 0.0, 0.0]]
2	[[-0.3195682178843842, -0.5708200961323295, -0.7563336379995778], [0.910087742671785, 0.03735879733279218, -0.41272826520656647], [0.2638493031197415, -0.8202248094963509, 0.507557688474819]]	0.11662139569539312	0.8833786043046067	[[-0.03726849158956638, -0.06656983630193072, -0.08820468447488497], [0.10613570275565334, 0.004356835086451575, -0.04813294633132815], [0.030770473983081123, -0.09565576206745238, 0.059192086025860915]]	0.3663387060905538	1.089886145703689	[[-0.04585553257943585, -0.28032817029559665, 0.18665210029532636], [0.5396643261845607, -0.23664280404302485, -0.15119833864277252], [0.24842600878973548, -0.04553405721464574, 0.08522526782387072]]	[[0.07121467486799354, -0.07121467486799353, 0.4637263866128529], [0.20626396010530637, -0.25032877751901916, 0.0], [0.15176779648195507, 0.2549460381996184, -0.10071275903830686]]	0.9705277050559136	[[1.7786082130163669e-16, -0.8907584399999999, 0.0], [1.0, 1.7938038903913487e-16, 0.0], [0.0, 0.0, 0.8907584399999999]]
2	[[0.22433838825039393, -0.7661379269479729, -0.6022499185961573], [-0.9416906372873723, -0.011392912655017143, -0.3362869982418849], [0.2507808429735371, 0.642575192824231, -0.724020780340167]]	0.14248032904638372	0.8575196709536163	[[0.03196380737565151, -0.10915958392646147, -0.08580876656973835], [-0.13417239186060362, -0.0016232659438835673, -0.047914282163524426], [0.03573133702539902, 0.0915543249106399, -0.10315871901928653]]	0.40671618616890676	0.846682481801957	[[0.16334157332121427, -0.31177362056785135, 0.10929121147600525], [-0.4692446891056968, -0.2873972932460938, -0.13677336538312926], [0.281771181633915, 0.04015131737798155, -0.3241626445225467]]	[[0.07209951964073459, -0.00017292484021937116, 0.35423600148796885], [-0.08624386455720932, -0.28276361126168975, 0.0], [0.1797745536154946, -0.22119441437423953, -0.029691674035558238]]	0.9596405980012556	[[0.6298613333231504, -0.6298613333231503, 0.0], [-0.7071067811865475, -0.7071067811865476, 0.0], [0.0, 0.0, -0.8907584399999999]]
2	[[0.04673222253661188, -0.9725397674033924, -0.22799671093185395], [-0.8377629715199755, -0.16246744520517667, 0.5213036857710898], [-0.5440306084466285, 0.16664552219444034, -0.8223502702654952]]	0.1776254799296831	0.8223745200703166	[[0.008300833456246427, -0.17274784293572998, -0.04049802520165975], [-0.14880804988355312, -0.028858357927519014, 0.09259681737420254], [-0.0966336979217699, 0.02960049085792012, -0.14607036142621319]]	0.4667808085936619	0.8783042421820243	[[-0.05994025027424275, -0.5666691932749421, 0.10272148699510715], [-0.3043519764688654, -0.19213352646412496, 0.0], [0.07263506002780602, 0.07263506002780601, -0.49947487589508954]]	[[-0.08175395489726142, -0.1127062942568947, 0.2091459760805733], [0.08669970078705763, -0.11629684102110609, -0.2433345559670855], [0.3265781073382251, -0.005151871570627875, -0.1156175517933454]]	0.8832447427462892	[[0.6298613333231504, -0.6298613333231503, 0.0], [-0.7071067811865475, -0.7071067811865476, 0.0], [0.0, 0.0, -0.8907584399999999]]
2	[[0.5319609947059123, -0.8460851799387872, 0.03402011756955908], [-0.703274286200726, -0.4190807785627857, 0.5742617690636116], [-0.47161719485230363, -0.3294103357928521, -0.8179645788128509]]	0.15189398950965236	0.8481060104903478	[[0.08080167774940407, -0.12851525344589448, 0.005167451381227761], [-0.10682313705058133, -0.06365585138271274, 0.08722691112594262], [-0.0716358172474675, -0.05003545008929054, -0.12424390315346635]]	0.46163318390493324	0.8160202737094966	[[0.21681527558817837, -0.5159587598129601, 0.22823324868256462], [-0.38421212255195836, -0.39977214154755736, 0.00022272650872182844], [0.13936731168622718, -0.1520667421232475, -0.33645930666319895]]	[[-0.02875557211114727, -0.1253777643430395, 0.21252843349210884], [-0.059557374654648054, -0.20631054742626023, -0.2648755623389927], [0.35708145893020937, 0.0, 0.04114028617563509]]	0.6824239655995866	[[0.6298613333231504, -0.6298613333231503, 0.0], [-0.7071067811865475, -0.7071067811865476, 0.0], [0.0, 0.0, -0.8907584399999999]]
