2	[[-0.5446221603179724, 0.8109226453022452, -0.2139887049042392], [-0.8354447797583356, -0.5021691245819775, 0.22328947644507607], [0.07361197229480154, 0.30038414347728, 0.9509735242804028]]	0.24615001406393094	0.753849985936069	[[-0.1340587524217973, 0.19960862054590775, -0.05267332272170085], [-0.20564474428715201, -0.12360893707832558, 0.05496270776728325], [0.018119588015639086, 0.07393956114151432, 0.23408214637604713]]	0.6036845257895292	0.5837231701160028	[[-0.25800722358120254, 0.5395018172696224, 0.14015449054490547], [-0.61236586785912, -0.5112605199745965, 0.13479640170153803], [0.18782753239509808, 0.010380848960998992, 0.5034333757202478]]	[[0.07077274700482152, 0.04996036468834594, 0.2693361603893367], [-0.10802078216737142, -0.20810879013518246, 0.0], [0.14338912380787885, -0.1709564102487767, -0.07065462532336471]]	0.4015138868552808	[[-0.6582025973771761, 0.658202597377176, 0.0], [-0.7071067811865475, -0.7071067811865476, 0.0], [0.0, 0.0, 0.9308390400000002]]
2	[[0.04673222253661188, -0.9725397674033924, -0.22799671093185395], [-0.8377629715199755, -0.16246744520517667, 0.5213036857710898], [-0.5440306084466285, 0.16664552219444034, -0.8223502702654952]]	0.1811363591334878	0.818863640866512	[[0.008464904644497784, -0.17616231257997955, -0.041298494112606284], [-0.15174933447798014, -0.02942876150218514, 0.09442705164344299], [-0.09854372367119847, 0.030185563156199757, -0.1489575338883315]]	0.475651382740692	0.890188835062391	[[-0.06827344457208243, -0.5869004177960522, 0.11170104425391418], [-0.30125616657824605, -0.19954831019914204, 0.0], [0.07898456585756136, 0.07898456585756135, -0.5191407617528264]]	[[-0.09050169084016758, -0.12431053266031743, 0.22014799506898036], [0.09722694923418121, -0.12227044523695213, -0.24795881896483807], [0.33775347701846026, -0.0002806072017688933, -0.1279887186038619]]	0.8760424967851999	[[0.6582025973771761, -0.658202597377176, 0.0], [-0.7071067811865475, -0.7071067811865476, 0.0], [0.0, 0.0, -0.9308390400000002]]
2	[[0.8489524140446696, -0.5135124485683378, 0.12483895166604869], [0.522794976890395, 0.7815435453534784, -0.34040431673891397], [0.0772347773085365, 0.35425224329800037, 0.9319550081910795]]	0.21739213940324273	0.7826078605967575	[[0.18455558154071824, -0.11163356980446859, 0.027139006783540393], [0.1136515184954718, 0.1699014233611879, -0.07400122267797159], [0.016790233475435817, 0.07701165305895036, 0.20259969305822534]]	0.0	0.43834277060311666	[[0.682216622488781, -0.6822166224887809, 0.0], [0.7071067811865474, 0.7071067811865475, 0.0], [0.0, 0.0, 0.9647999999999998]]	[[0.682216622488781, -0.6822166224887809, 0.0], [0.7071067811865474, 0.7071067811865475, 0.0], [0.0, 0.0, 0.9647999999999999]]	0.43834277060311666	[[0.6822166224887811, -0.682216622488781, 0.0], [0.7071067811865475, 0.7071067811865476, 0.0], [0.0, 0.0, 0.9648000000000001]]
2	[[-0.8305561570912853, 0.32773595720904825, 0.4502950280316503], [-0.5100865793185324, -0.772219296347621, -0.37879947194723407], [0.22358030216652452, -0.5443036842615101, 0.808545204538665]]	0.19311894783450279	0.8068810521654971	[[-0.160396131174937, 0.06329202322374504, 0.08696050202858024], [-0.0985073835024956, -0.14913017800815273, -0.07315335546271509], [0.04317759271091942, -0.10511535480702625, 0.1561453991771398]]	0.5344138691985721	0.6434150586351209	[[-0.40095349062578556, 0.16321746896388103, 0.42022512794467226], [-0.35124463747194967, -0.5998620823706676, -0.06272170092890673], [0.3384276240579832, -0.2558604511313414, 0.27989115911491597]]	[[0.04290723887206538, -0.011929172003704143, 0.17958121973339852], [-0.07864729499206838, -0.18717738033973658, 0.13971399052479064], [0.2189432097005849, 0.03502298679389016, -0.15220661206454303]]	0.6804575348878744	[[-0.6582025973771761, 0.658202597377176, 0.0], [-0.7071067811865475, -0.7071067811865476, 0.0], [0.0, 0.0, 0.9308390400000002]]
2	[[-0.30792515101507295, 0.09349718223056193, 0.9468053539599837], [0.3027085282091916, -0.9338174967034747, 0.1906631317268273], [0.9019698710720718, 0.34531602882779927, 0.2592434992682147]]	0.5944141029824703	0.40558589701752973	[[-0.18303505242636625, 0.05557604370696803, 0.5627944551731241], [0.17993421826061046, -0.555074289652332, 0.11333285441723062], [0.53614361183052, 0.20526071752114516, 0.15409799207155253]]	0.8022818415240127	0.28764426969613827	[[-0.11467343017096142, 0.14238632287279468, 0.7695072471390852], [0.29762479613631787, -0.813359359920944, 0.15296556843253442], [0.7137315449636032, 0.27704077951572587, 0.11467343017096142]]	[[0.13236932703697105, 0.06737523133555326, 0.009902504199274869], [0.05476724067962405, -0.06417453901833661, 0.0], [-0.009902504199274869, 0.0, -0.09331292182507095]]	0.47224540313534213	[[0.0, 0.0, 0.9648000000000001], [0.0, -1.0, 0.0], [0.9648000000000001, 0.0, 0.0]]
2	[[0.8592155572171323, 0.2624339665249735, -0.4391776855101157], [-0.4266000482917053, 0.8413623931712975, -0.33184593135155627], [0.2824199444684594, 0.4724804086637203, 0.8348660002631537]]	0.174007819219469	0.8259921807805312	[[0.14951022535079403, 0.045665562204125806, -0.07642035130546902], [-0.07423174408215977, 0.14640363520901084, -0.057743786831337914], [0.04914327864104011, 0.08221528553549748, 0.14527321204627197]]	0.0	0.6884450486531966	[[0.6822166224887811, 0.6822166224887809, 0.0], [-0.7071067811865474, 0.7071067811865474, 0.0], [0.0, 0.0, 0.9647999999999999]]	[[0.682216622488781, 0.6822166224887809, 0.0], [-0.7071067811865474, 0.7071067811865475, 0.0], [0.0, 0.0, 0.9647999999999999]]	0.6884450486531969	[[0.6822166224887811, 0.682216622488781, 0.0], [-0.7071067811865475, 0.7071067811865476, 0.0], [0.0, 0.0, 0.9648000000000001]]
2	[[0.8787972042104137, -0.3840163418041313, 0.28327887866788265], [-0.395223040501579, -0.9183905790867732, -0.018907472103605397], [0.2674214316928388, -0.09534250611366366, -0.9588511794847616]]	0.6115754433910245	0.3884245566089756	[[0.5374507898157764, -0.23485496450826077, 0.17324640582462258], [-0.24170870623310198, -0.561665125611133, -0.011563345635165896], [0.16354838065981042, -0.058309135450475315, -0.5864098352393998]]	0.8291236718554473	0.31233779284300056	[[0.5981132785814511, -0.2597462624846823, 0.2416490841975085], [-0.3469210853059118, -0.8479019132512362, -0.015676632696045745], [0.2149495792207073, -0.07905072875286125, -0.6978211928615917]]	[[-0.1305182861897884, 0.0586507768844555, 0.006775860157299869], [-0.019232306763368408, -0.08644254412136028, 0.0], [-0.006775860157299869, 0.0, 0.0971850178357403]]	0.48324942690515527	[[0.6582025973771761, -0.658202597377176, 0.0], [-0.7071067811865475, -0.7071067811865476, 0.0], [0.0, 0.0, -0.9308390400000002]]
2	[[-0.42203838922340475, -0.825029846081567, 0.3757783270710803], [0.2588054115689476, 0.28760896992378115, 0.9221175843470338], [-0.8688517462515349, 0.4864224845687207, 0.09214016247897017]]	0.10919700452177171	0.8908029954782284	[[-0.046085327896389354, -0.09009078783316553, 0.041033867680364544], [0.028260775697353357, 0.031406037989269255, 0.10069247802754826], [-0.09487600806417809, 0.053115878246942035, 0.010061429738852906]]	0.3494095851185076	1.1428614465940126	[[-0.23432059106612838, -0.4720352914457438, 0.3018693362862303], [0.18373881405678089, 0.010561075390037672, 0.03147160666509411], [0.17917642551668334, 0.16996067852547034, -0.09063874757303839]]	[[-0.08685633258349537, -0.18376195521599714, 0.17056878692779737], [0.09330972257405033, -0.08993225546739203, -0.2907251159120834], [0.48276155370392293, 0.0, -0.1228334035175673]]	1.0000000000000002	[[0.0, 0.0, 0.0], [0.0, 0.0, 0.0], [0.0, 0.0, 0.0]]
2	[[0.034229894132735264, 0.2773841392786001, 0.9601491309293217], [-0.1827544195208179, -0.9427759796974285, 0.2788803941677556], [0.9825625356654255, -0.18501754344446375, 0.018422055382213542]]	0.8206326315109379	0.17936736848906218	[[0.02809016809848736, 0.22763047615559412, 0.7879297079574694], [-0.1499742402116227, -0.7736727331444034, 0.22885835174269292], [0.8063228792671778, -0.1518314335525196, 0.015117739786146143]]	0.9040056220364497	0.13951020647235013	[[0.0, 0.23467331301721922, 0.8468569328999408], [-0.17968401867756675, -0.8211452915306632, 0.2521094442033922], [0.874781725726381, -0.16725689944916833, 0.0]]	[[-0.030944016737705166, -0.016083508354376892, -0.021123279453577257], [-0.014472995978739469, 0.031129494436734136, 0.0], [-0.013460330517553269, 0.0, -0.01665364163498788]]	0.3534570301111148	[[0.0, 0.0, 0.9648000000000001], [0.0, -1.0, 0.0], [0.9648000000000001, 0.0, 0.0]]
2	[[0.08740825448676931, -0.06334395238859675, -0.994156597696443], [0.7119981850616444, -0.6940087028176986, 0.10681996481098455], [-0.6967197295301035, -0.717174639895393, -0.015561310176609944]]	0.16262679329332333	0.8373732067066768	[[0.014214924134550024, -0.010301423851482423, -0.16167649951477317], [0.11578998166724136, -0.1128644098569013, 0.017371788336916057], [-0.1133052954376724, -0.11663181191748168, -0.002530685973464831]]	0.45943867835343233	1.0269432523816313	[[0.06324606393745094, -0.015550146374751397, 0.0002354113779102704], [0.6349410357946476, -0.6369192203764802, 0.03883397492626541], [0.009782448062513943, -0.013099594495305332, 0.025500948864892306]]	[[0.023087331018869138, 0.013552515392348263, 0.45698940469990895], [0.3078215306598833, -0.31806477918813686, -0.010243248528253469], [0.32988243978058557, 0.31639817420683275, 0.03265041664588178]]	0.8057490755724326	[[0.0, 0.0, -0.9308390400000002], [0.0, -1.0, 0.0], [-0.9308390400000002, 0.0, 0.0]]
2	[[0.5319609947059123, -0.8460851799387872, 0.03402011756955908], [-0.703274286200726, -0.4190807785627857, 0.5742617690636116], [-0.47161719485230363, -0.3294103357928521, -0.8179645788128509]]	0.15568347825740322	0.844316521742597	[[0.0828175379530845, -0.13172148371491127, 0.005296370233954767], [-0.10948818704472153, -0.06524395327747502, 0.08940306963807268], [-0.07342300530060616, -0.05128374685017039, -0.12734357072093644]]	0.46947887337201216	0.8089053193862801	[[0.21921075256952643, -0.5361238879475831, 0.23357220814641094], [-0.3789250400676266, -0.39771534322757424, 0.006021135242356968], [0.1533197616763509, -0.15465119332512442, -0.35128371739803554]]	[[-0.030533695902860234, -0.13890477089316522, 0.21760048167787097], [-0.04875262051060368, -0.20096577145605177, -0.26358263311824603], [0.3747340709784791, 0.0, 0.03273337152123412]]	0.6676003908620661	[[0.6582025973771761, -0.658202597377176, 0.0], [-0.7071067811865475, -0.7071067811865476, 0.0], [0.0, 0.0, -0.9308390400000002]]
2	[[-0.3195682178843842, -0.5708200961323295, -0.7563336379995778], [0.910087742671785, 0.03735879733279218, -0.41272826520656647], [0.2638493031197415, -0.8202248094963509, 0.507557688474819]]	0.12000405789623307	0.8799959421037667	[[-0.03834948292079367, -0.0685007278645974, -0.09076310568336987], [0.10921422216223695, 0.004483207278058017, -0.04952906663326065], [0.031662987047462204, -0.09843030552672684, 0.060908982233410396]]	0.3745948999540361	1.095921920165508	[[-0.04360554658483515, -0.2899293748244985, 0.19120675440243665], [0.5425463378319205, -0.2421436194617852, -0.1546059032132566], [0.2611568073417097, -0.04346191187246365, 0.08250251645799811]]	[[0.07610307802205532, -0.0761030780220553, 0.4745254778607606], [0.20163211091638877, -0.25613803441106564, 0.0], [0.162320204036628, 0.2637901185806402, -0.10762600507712844]]	0.9822429724880439	[[1.858638534528251e-16, -0.9308390400000002, 0.0], [1.0, 1.7938038903913487e-16, 0.0], [0.0, 0.0, 0.9308390400000002]]
2	[[0.22433838825039393, -0.7661379269479729, -0.6022499185961573], [-0.9416906372873723, -0.011392912655017143, -0.3362869982418849], [0.2507808429735371, 0.642575192824231, -0.724020780340167]]	0.1468433588861375	0.8531566411138625	[[0.03294260245779025, -0.11250226656310257, -0.08843640093556263], [-0.13828101621090516, -0.0016729735617591335, -0.049381512371574995], [0.0368255013265312, 0.09435789965121756, -0.10631764328851247]]	0.4158711749493805	0.8686305165462939	[[0.020030799835762836, -0.3203597565149654, 0.1146489329397665], [-0.47831889064859245, -0.12766445493776135, -0.13985206907905293], [0.29198235131879496, 0.038252427101526064, -0.32970168128674415]]	[[-0.0732650692721788, -0.0017450766618292285, 0.36510731419951914], [-0.08669689888106194, -0.12292647096582368, 0.0], [0.18768982749659402, -0.2289760733316116, -0.028602308678911545]]	0.9551113715485211	[[0.6582025973771761, -0.658202597377176, 0.0], [-0.7071067811865475, -0.7071067811865476, 0.0], [0.0, 0.0, -0.9308390400000002]]
2	[[0.3802729664721569, 0.7767473726770865, -0.5020517802076895], [0.4287143634067757, 0.332951791095048, 0.839849450446521], [0.8195098935212374, -0.5346088512602871, -0.20639019011321075]]	0.12735636998162014	0.8726436300183803	[[0.04843018461203624, 0.09892372577691438, -0.06393949227006147], [0.05459950508246805, 0.042403531492744034, 0.10696017733992748], [0.10436980520288881, -0.06808584265655405, -0.026285105412634985]]	0.42163202774868525	0.8670603617912895	[[0.02944322810756308, 0.31860758087756824, 0.13147729692061713], [0.28229840006668994, -0.1446074139388741, 0.32791272215320005], [0.6054226774407676, 0.0, -0.06511586884282705]]	[[-0.13089203384410025, -0.008893988912735368, 0.3431584070444224], [0.10153869369850435, -0.28499055276083585, -0.02619470464218552], [0.2598910592752991, 0.22540821400927014, 0.02190484552204265]]	1.0000000000000007	[[0.0, 0.0, 0.0], [0.0, 0.0, 0.0], [0.0, 0.0, 0.0]]
