2	[[0.8787972042104137, -0.3840163418041313, 0.28327887866788265], [-0.395223040501579, -0.9183905790867732, -0.018907472103605397], [0.2674214316928388, -0.09534250611366366, -0.9588511794847616]]	0.5450278030220114	0.4549721969779887	[[0.4789689095126877, -0.20929958309805546, 0.154394864882895], [-0.21540754546825497, -0.5005483996357768, -0.010305097981328016], [0.14575211539654875, -0.05196431664174279, -0.5226005517796438]]	0.7913822050589385	0.36819119315070853	[[0.5485856440742519, -0.23566656223885762, 0.23092917555782044], [-0.3505618747338647, -0.8423382872618409, -0.014963036965441606], [0.2048852503820891, -0.07545236272407647, -0.635256653879009]]	[[-0.14687882519341555, 0.06823713711676282, 0.00674731191100793], [-0.03778939345162691, -0.11554032567879473, 0.0], [-0.00674731191100793, 0.0, 0.12356110686500568]]	0.5117953023878933	[[0.5943389756421069, -0.5943389756421068, 0.0], [-0.7071067811865475, -0.7071067811865476, 0.0], [0.0, 0.0, -0.8405222400000001]]
2	[[0.8592155572171323, 0.2624339665249735, -0.4391776855101157], [-0.4266000482917053, 0.8413623931712975, -0.33184593135155627], [0.2824199444684594, 0.4724804086637203, 0.8348660002631537]]	0.1640443375500826	0.8359556624499175	[[0.1409494468964096, 0.043050806189229865, -0.07204461248628544], [-0.06998132232084604, 0.13802073642733764, -0.05443744597725625], [0.04632939270125956, 0.07750773564463231, 0.13695503995625613]]	0.0	0.6894317257680033	[[0.6482754969918266, 0.6482754969918266, 0.0], [-0.7071067811865474, 0.7071067811865476, 0.0], [0.0, 0.0, 0.9167999999999998]]	[[0.6482754969918267, 0.6482754969918266, 0.0], [-0.7071067811865474, 0.7071067811865475, 0.0], [0.0, 0.0, 0.9167999999999998]]	0.6894317257680033	[[0.6482754969918268, 0.6482754969918267, 0.0], [-0.7071067811865475, 0.7071067811865476, 0.0], [0.0, 0.0, 0.9168000000000001]]
2	[[0.3802729664721569, 0.7767473726770865, -0.5020517802076895], [0.4287143634067757, 0.332951791095048, 0.839849450446521], [0.8195098935212374, -0.5346088512602871, -0.20639019011321075]]	0.1224802883290643	0.8775197116709361	[[0.046575942577258375, 0.09513624216433272, -0.06149144679595776], [0.05250905884087316, 0.04078003137299993, 0.1028650028436961], [0.10037380804700193, -0.06547904624562983, -0.025278729993356452]]	0.40210955137783594	0.8982932614486325	[[0.20759102367165233, 0.3325248670862799, 0.11013910286347905], [0.23950929894482814, -0.2059334466274434, 0.3281893639378957], [0.5558228172167435, 0.0, -0.08014971610076063]]	[[0.05467963172241449, 0.02018732952518383, 0.31201891897123685], [0.06711915860609502, -0.33981654197512, -0.009522121806076922], [0.22629006158322063, 0.21497132534289431, 0.0028417506544488186]]	1.0000000000000007	[[0.0, 0.0, 0.0], [0.0, 0.0, 0.0], [0.0, 0.0, 0.0]]
2	[[0.08740825448676931, -0.06334395238859675, -0.994156597696443], [0.7119981850616444, -0.6940087028176986, 0.10681996481098455], [-0.6967197295301035, -0.717174639895393, -0.015561310176609944]]	0.14742400998475613	0.8525759900152438	[[0.012886075382207585, -0.009338419469410402, -0.14656255218521158], [0.10496562754365613, -0.10231354593370405, 0.015747827558865883], [-0.10271321636282256, -0.1057287612727523, -0.0022941107468524534]]	0.4358676901475486	1.0229889701390085	[[0.058514570232949224, -0.014532639129305025, -0.0009229493324758031], [0.635345664672628, -0.6362363366960226, 0.03782766522779263], [0.007263383934483081, -0.012031437112036183, 0.02209010445361885]]	[[0.020416136249971975, 0.013076943083128938, 0.43239779055041855], [0.32500866036056214, -0.33374036645657584, -0.008731706096013632], [0.3109410031249941, 0.3005618166115687, 0.02887277677596735]]	0.8358824330124852	[[0.0, 0.0, -0.8405222400000001], [0.0, -1.0, 0.0], [-0.8405222400000001, 0.0, 0.0]]
2	[[0.034229894132735264, 0.2773841392786001, 0.9601491309293217], [-0.1827544195208179, -0.9427759796974285, 0.2788803941677556], [0.9825625356654255, -0.18501754344446375, 0.018422055382213542]]	0.739038728523191	0.260961271476809	[[0.02529721743734011, 0.20499762160495633, 0.7095873929146528], [-0.13506259383465913, -0.6967479613177934, 0.20610341191578443], [0.7261517670526987, -0.13673513006168075, 0.013614612386454901]]	0.8625739448474856	0.20639965259012447	[[0.0, 0.20219179528305628, 0.7866179920659173], [-0.18987161162431843, -0.8217114757075901, 0.2405549617379027], [0.8042636898749791, -0.1595913123148822, 0.0]]	[[-0.02952581481378526, -0.037072535972610204, -0.04158163144167262], [-0.032232411039934156, -0.008497479792525941, 0.0], [-0.04326915257329535, 0.0, -0.015890384983234796]]	0.37546498596131317	[[0.0, 0.0, 0.9168000000000001], [0.0, -1.0, 0.0], [0.9168000000000001, 0.0, 0.0]]
2	[[-0.42203838922340475, -0.825029846081567, 0.3757783270710803], [0.2588054115689476, 0.28760896992378115, 0.9221175843470338], [-0.8688517462515349, 0.4864224845687207, 0.09214016247897017]]	0.10485287465109308	0.8951471253489072	[[-0.044251938323190874, -0.08650675103460118, 0.03940143782498147], [0.02713649137826344, 0.03015662727194819, 0.09668667948510828], [-0.09110160324009554, 0.05100279580195733, 0.009661160906738811]]	0.3341718660555747	1.1256749530752392	[[-0.22466545568723081, -0.4369709441748769, 0.2754488327040692], [0.18598565000594341, 0.01730007595478344, 0.016777757991718975], [0.1510238957045217, 0.16254870935971835, -0.08748299948868546]]	[[-0.08363209961335673, -0.16126918095825604, 0.14987428792348434], [0.09950016267666718, -0.07881075021896813, -0.2913679958921881], [0.4413697050750418, 0.0, -0.11827364952294674]]	1.0000000000000002	[[0.0, 0.0, 0.0], [0.0, 0.0, 0.0], [0.0, 0.0, 0.0]]
2	[[-0.30792515101507295, 0.09349718223056193, 0.9468053539599837], [0.3027085282091916, -0.9338174967034747, 0.1906631317268273], [0.9019698710720718, 0.34531602882779927, 0.2592434992682147]]	0.5271085461597714	0.47289145384022874	[[-0.16230997867758315, 0.049283163795586726, 0.4990691936221348], [0.1595602522145112, -0.49222318306592555, 0.10050016617079696], [0.4754360274207163, 0.18201902992108698, 0.1366494640006404]]	0.7637073210679242	0.3342411349944682	[[-0.0813190249643911, 0.1223891406279416, 0.735232245105031], [0.3137577648128533, -0.809723298083528, 0.14561082955751603], [0.6766909292609485, 0.26372037929789266, 0.0813190249643911]]	[[0.1538456672067662, 0.050984658059239615, 0.012150064659484282], [0.0825770456697974, -0.09656003930976238, 0.0], [-0.012150064659484282, 0.0, -0.1166671333660115]]	0.4833073274686535	[[0.0, 0.0, 0.9168000000000001], [0.0, -1.0, 0.0], [0.9168000000000001, 0.0, 0.0]]
2	[[0.8489524140446696, -0.5135124485683378, 0.12483895166604869], [0.522794976890395, 0.7815435453534784, -0.34040431673891397], [0.0772347773085365, 0.35425224329800037, 0.9319550081910795]]	0.2074194321923576	0.7925805678076424	[[0.17608922767947663, -0.10651246050575185, 0.025894024470061006], [0.10843783725962243, 0.16210731841082043, -0.07060647009381299], [0.01601999365483986, 0.07347879915774015, 0.19330557862781764]]	0.0	0.4557761423743125	[[0.6482754969918268, -0.6482754969918267, 0.0], [0.7071067811865475, 0.7071067811865476, 0.0], [0.0, 0.0, 0.9168000000000001]]	[[0.6482754969918268, -0.6482754969918267, 0.0], [0.7071067811865475, 0.7071067811865476, 0.0], [0.0, 0.0, 0.9168000000000001]]	0.4557761423743125	[[0.6482754969918268, -0.6482754969918267, 0.0], [0.7071067811865475, 0.7071067811865476, 0.0], [0.0, 0.0, 0.9168000000000001]]
2	[[0.22433838825039393, -0.7661379269479729, -0.6022499185961573], [-0.9416906372873723, -0.011392912655017143, -0.3362869982418849], [0.2507808429735371, 0.642575192824231, -0.724020780340167]]	0.1367877402021545	0.8632122597978455	[[0.03068674116936495, -0.10479827571037655, -0.08238040540169983], [-0.12881173424406642, -0.0015584107764003013, -0.04599993854887335], [0.034303744796341504, 0.08789640853639025, -0.09903716640213192]]	0.3946567641205878	0.8695986635720815	[[0.018030921634413385, -0.3006639589388997, 0.10260408918469448], [-0.4572916841614762, -0.12268097320386927, -0.13271793854196812], [0.26881495135650557, 0.04229442492429007, -0.31664168854543856]]	[[-0.07050574074051522, 0.001697556180442636, 0.34028609324974135], [-0.08564710444698755, -0.11818468316153176, 0.0], [0.1698425953651362, -0.21130222137988372, -0.030901990220325318]]	0.9666056000153334	[[0.5943389756421069, -0.5943389756421068, 0.0], [-0.7071067811865475, -0.7071067811865476, 0.0], [0.0, 0.0, -0.8405222400000001]]
2	[[-0.8305561570912853, 0.32773595720904825, 0.4502950280316503], [-0.5100865793185324, -0.772219296347621, -0.37879947194723407], [0.22358030216652452, -0.5443036842615101, 0.808545204538665]]	0.1812067447610987	0.8187932552389012	[[-0.1505023775677995, 0.05938796594701437, 0.08159649621172303], [-0.0924311285846352, -0.13993134493285864, -0.0686410192287814], [0.0405142587482987, -0.09863149878650111, 0.1465138445066482]]	0.5107787632718062	0.670490004865341	[[-0.3655200052943057, 0.13993502610245856, 0.39290278820813085], [-0.35522884235558105, -0.605944471495188, -0.05599416662660881], [0.31110374152386333, -0.24454471025427904, 0.2549348835520113]]	[[0.05871044145256496, -0.027465540800480668, 0.16290165068268114], [-0.09468745020971493, -0.2115112543321257, 0.13748855918261266], [0.1969036712913092, 0.0334740524371028, -0.1580528360715976]]	0.6867304800130188	[[-0.5943389756421069, 0.5943389756421068, 0.0], [-0.7071067811865475, -0.7071067811865476, 0.0], [0.0, 0.0, 0.8405222400000001]]
2	[[0.5319609947059123, -0.8460851799387872, 0.03402011756955908], [-0.703274286200726, -0.4190807785627857, 0.5742617690636116], [-0.47161719485230363, -0.3294103357928521, -0.8179645788128509]]	0.1471254924837199	0.8528745075162802	[[0.07826502332823684, -0.12448069878167083, 0.005005226551775439], [-0.10346957570841839, -0.061657465936510614, 0.08448854558805607], [-0.06938691205643568, -0.04846465788275091, -0.12034344149207916]]	0.44976819470154344	0.826230740253976	[[0.21279091213599188, -0.4827191511051165, 0.22061402199643657], [-0.38256242772093696, -0.3981653187489448, 0.0], [0.12187589346918534, -0.14186396796187542, -0.3168773276244116]]	[[-0.026468224104523676, -0.10217694716031757, 0.20531285513364175], [-0.06625202163641973, -0.2096761135406433, -0.25828467915785525], [0.333994307788112, 0.006294324083704901, 0.0510171243180527]]	0.7018657184847059	[[0.5943389756421069, -0.5943389756421068, 0.0], [-0.7071067811865475, -0.7071067811865476, 0.0], [0.0, 0.0, -0.8405222400000001]]
2	[[-0.5446221603179724, 0.8109226453022452, -0.2139887049042392], [-0.8354447797583356, -0.5021691245819775, 0.22328947644507607], [0.07361197229480154, 0.30038414347728, 0.9509735242804028]]	0.23103381189839822	0.7689661881016017	[[-0.1258261337426017, 0.18735054989891045, -0.04943862619722786], [-0.193015992098186, -0.11601804706985587, 0.05158741889990353], [0.017006854560627255, 0.06939889370139136, 0.2197070383289554]]	0.5863439473876529	0.5801417773741886	[[-0.33251442201998715, 0.518024675504462, 0.13266524570825058], [-0.6050380302198834, -0.4068793909353841, 0.13092443302892828], [0.17162198828102038, 0.015995001455146644, 0.49742972590368545]]	[[-0.013178514704356086, 0.04254509063190597, 0.2581362276381738], [-0.11518004023197284, -0.11243556417178548, 0.0], [0.1284600538706959, -0.1601334229639808, -0.06016784418403394]]	0.4381334229116993	[[-0.5943389756421069, 0.5943389756421068, 0.0], [-0.7071067811865475, -0.7071067811865476, 0.0], [0.0, 0.0, 0.8405222400000001]]
2	[[0.04673222253661188, -0.9725397674033924, -0.22799671093185395], [-0.8377629715199755, -0.16246744520517667, 0.5213036857710898], [-0.5440306084466285, 0.16664552219444034, -0.8223502702654952]]	0.1729618619254582	0.8270381380745416	[[0.008082892221847257, -0.1682122889666428, -0.03943473563565396], [-0.14490104340629956, -0.028100671824959705, 0.09016565611957168], [-0.09409654698136878, 0.028823319800290678, -0.14223523390002374]]	0.45508262371517016	0.8635883032271393	[[-0.049706319903786385, -0.5410158322314169, 0.09171995087532868], [-0.30839235503069345, -0.182444880261369, 0.0], [0.06485579923404193, 0.06485579923404192, -0.4746087819204927]]	[[-0.07097334234778893, -0.09842988321413974, 0.195477292284626], [0.07285901610003433, -0.1085087690290966, -0.23723624907309615], [0.3124346759072941, -0.010981682236588606, -0.10037146331519181]]	0.8935175803935111	[[0.5943389756421069, -0.5943389756421068, 0.0], [-0.7071067811865475, -0.7071067811865476, 0.0], [0.0, 0.0, -0.8405222400000001]]
2	[[-0.3195682178843842, -0.5708200961323295, -0.7563336379995778], [0.910087742671785, 0.03735879733279218, -0.41272826520656647], [0.2638493031197415, -0.8202248094963509, 0.507557688474819]]	0.11223160604146847	0.8877683939585314	[[-0.03586565433297441, -0.06406405614967678, -0.08488453889587921], [0.10214060899870911, 0.004192837824436975, -0.046321156062842074], [0.02961223104205081, -0.09205514768483297, 0.05696401453622427]]	0.3554639012527021	1.0663786511809576	[[-0.17879041335462054, -0.2681013861937041, 0.18069733322997453], [0.5358682290090722, -0.07426648913199976, -0.14670999930758596], [0.23256887276417418, -0.047867450144839035, 0.08821814941807607]]	[[-0.06519544790906386, -0.06519544790906384, 0.4495466388419534], [0.21236488951669427, -0.08754619297802316, 0.0], [0.13877997013442417, 0.24369286054298825, -0.09220028663798674]]	0.9578836128544368	[[1.6782998534225666e-16, -0.8405222400000001, 0.0], [1.0, 1.7938038903913487e-16, 0.0], [0.0, 0.0, 0.8405222400000001]]
