2	[[0.22433838825039393, -0.7661379269479729, -0.6022499185961573], [-0.9416906372873723, -0.011392912655017143, -0.3362869982418849], [0.2507808429735371, 0.642575192824231, -0.724020780340167]]	0.14597560627504344	0.8540243937249568	[[0.03274793223561734, -0.11183744837653525, -0.08791379699616964], [-0.13746386170155622, -0.0016630873320547246, -0.04908969845077363], [0.03660788559522854, 0.09380030334982008, -0.10568937236588598]]	0.4140559260182394	0.8686610396946386	[[0.019851489103809378, -0.31864637672313445, 0.11356642338293337], [-0.4765196601911141, -0.12723803442748577, -0.13924162446493768], [0.28993073822386517, 0.03864845913132946, -0.3286156448179174]]	[[-0.07303714998464685, -0.0014224279229973075, 0.3629315711216745], [-0.08660707134638514, -0.12252073142806778, 0.0], [0.18609344405882258, -0.22741360736985625, -0.02883055015772132]]	0.9559496601068883	[[0.6524844511118902, -0.6524844511118901, 0.0], [-0.7071067811865475, -0.7071067811865476, 0.0], [0.0, 0.0, -0.9227523599999998]]
2	[[-0.5446221603179724, 0.8109226453022452, -0.2139887049042392], [-0.8354447797583356, -0.5021691245819775, 0.22328947644507607], [0.07361197229480154, 0.30038414347728, 0.9509735242804028]]	0.24483485853480316	0.7551651414651969	[[-0.13334248957636963, 0.19854213114524355, -0.0523918942932751], [-0.20454600446577187, -0.12294850657757442, 0.05466904737774046], [0.018022776823265592, 0.07354450927435786, 0.23283146828753568]]	0.6022319437117006	0.5836110626004867	[[-0.25780575242056897, 0.537653715664457, 0.13949875005246598], [-0.6117520310321524, -0.510226407209836, 0.13447205540988613], [0.1863814373931532, 0.010899586865138687, 0.5029997719898525]]	[[0.07018310977618886, 0.04929019478425189, 0.2683695837392955], [-0.10862049745449615, -0.20780411924082867, 0.0], [0.14204995623760297, -0.17000133972135797, -0.06970686195590062]]	0.4044059841872148	[[-0.6524844511118902, 0.6524844511118901, 0.0], [-0.7071067811865475, -0.7071067811865476, 0.0], [0.0, 0.0, 0.9227523599999998]]
2	[[0.04673222253661188, -0.9725397674033924, -0.22799671093185395], [-0.8377629715199755, -0.16246744520517667, 0.5213036857710898], [-0.5440306084466285, 0.16664552219444034, -0.8223502702654952]]	0.18044228295421005	0.8195577170457897	[[0.008432468922030444, -0.1754872958940246, -0.04114024702659481], [-0.15116786315556718, -0.029315996718560125, 0.09406522717297959], [-0.09816612498507768, 0.030069898468861295, -0.1483867601547176]]	0.4738930541010129	0.8877804710845797	[[-0.06658087550308259, -0.5828346933157917, 0.10987549837194956], [-0.30187200130192177, -0.19807391755269166, 0.0], [0.077693709985057, 0.07769370998505698, -0.51518493880372]]	[[-0.08872695116588583, -0.12195485270630949, 0.2179215560404316], [0.09513805188441926, -0.12108172375242147, -0.24704219576417646], [0.3355060365462621, -0.0012784454799244778, -0.12547885768681102]]	0.8774224464749543	[[0.6524844511118902, -0.6524844511118901, 0.0], [-0.7071067811865475, -0.7071067811865476, 0.0], [0.0, 0.0, -0.9227523599999998]]
2	[[0.8787972042104137, -0.3840163418041313, 0.28327887866788265], [-0.395223040501579, -0.9183905790867732, -0.018907472103605397], [0.2674214316928388, -0.09534250611366366, -0.9588511794847616]]	0.6053045223641486	0.3946954776358516	[[0.5319399219495337, -0.23244682835577735, 0.17146998634791433], [-0.23923029375811483, -0.5559059708178529, -0.01144477837078633], [0.16187140198077055, -0.05771125012413209, -0.5803969552163243]]	0.8258834455206014	0.3172954984459445	[[0.5937111087236275, -0.25758298394202905, 0.24073086907965463], [-0.34721606409819217, -0.8474257233488887, -0.015615368207010285], [0.21408340069032256, -0.07874179745372155, -0.6922424578477523]]	[[-0.13207295420354065, 0.05956975556338394, 0.006775532722211298], [-0.020807897659619858, -0.08894214755904382, 0.0], [-0.006775532722211298, 0.0, 0.09965685800661558]]	0.4854117309481507	[[0.6524844511118902, -0.6524844511118901, 0.0], [-0.7071067811865475, -0.7071067811865476, 0.0], [0.0, 0.0, -0.9227523599999998]]
2	[[0.8592155572171323, 0.2624339665249735, -0.4391776855101157], [-0.4266000482917053, 0.8413623931712975, -0.33184593135155627], [0.2824199444684594, 0.4724804086637203, 0.8348660002631537]]	0.1731485064202663	0.8268514935797336	[[0.1487718904252033, 0.04544004933774537, -0.07604296029918602], [-0.07386516120052226, 0.145680641735791, -0.0574586273751642], [0.0489005915680083, 0.08180927707296022, 0.14455580100662677]]	0.0	0.6884203891359933	[[0.679246774007798, 0.6792467740077978, 0.0], [-0.7071067811865478, 0.707106781186548, 0.0], [0.0, 0.0, 0.9606000000000005]]	[[0.679246774007798, 0.6792467740077976, 0.0], [-0.7071067811865477, 0.707106781186548, 0.0], [0.0, 0.0, 0.9606000000000005]]	0.688420389135993	[[0.6792467740077975, 0.6792467740077974, 0.0], [-0.7071067811865475, 0.7071067811865476, 0.0], [0.0, 0.0, 0.9605999999999999]]
2	[[0.034229894132735264, 0.2773841392786001, 0.9601491309293217], [-0.1827544195208179, -0.9427759796974285, 0.2788803941677556], [0.9825625356654255, -0.18501754344446375, 0.018422055382213542]]	0.8194524734736627	0.1805475265263373	[[0.028049771413811528, 0.2273031190342118, 0.7867965802436203], [-0.1497585611145777, -0.7725601084946134, 0.22852922880407736], [0.8051633001935871, -0.1516130836115867, 0.015095998849423692]]	0.9004499425291586	0.14530096929449246	[[0.0, 0.23171957479286318, 0.8415139678415829], [-0.18054577109014766, -0.8211990800156468, 0.25111783490086464], [0.8684877780489111, -0.16659903636145348, 0.0]]	[[-0.030822306204600657, -0.018050957479052426, -0.023052261923146543], [-0.015984564535677426, 0.027723496720774107, 0.0], [-0.016260600722325762, 0.0, -0.01658813871018316]]	0.35531453579761246	[[0.0, 0.0, 0.9605999999999999], [0.0, -1.0, 0.0], [0.9605999999999999, 0.0, 0.0]]
2	[[-0.42203838922340475, -0.825029846081567, 0.3757783270710803], [0.2588054115689476, 0.28760896992378115, 0.9221175843470338], [-0.8688517462515349, 0.4864224845687207, 0.09214016247897017]]	0.10882948660947961	0.8911705133905206	[[-0.04593022122867485, -0.08978757458655492, 0.040895762414114786], [0.028165660072803654, 0.031300336541086396, 0.1003535832980612], [-0.09455668948430437, 0.05293710927092138, 0.01002756657870036]]	0.3481149763424395	1.1411919385329157	[[-0.23350496733989184, -0.46893584907126995, 0.29951444658073906], [0.18392970703270187, 0.011133626257855637, 0.0302232055515021], [0.1766155111820701, 0.16933095170807078, -0.0903772572736039]]	[[-0.08658708345978508, -0.18173060372077876, 0.16870038314238836], [0.09383566730708236, -0.08898736350303488, -0.290779735508413], [0.4790758162735105, 0.0, -0.12245262775515915]]	1.0000000000000002	[[0.0, 0.0, 0.0], [0.0, 0.0, 0.0], [0.0, 0.0, 0.0]]
2	[[0.08740825448676931, -0.06334395238859675, -0.994156597696443], [0.7119981850616444, -0.6940087028176986, 0.10681996481098455], [-0.6967197295301035, -0.717174639895393, -0.015561310176609944]]	0.16127040415322455	0.8387295958467754	[[0.014096364527409175, -0.01021550480237161, -0.16032803630210013], [0.11482423506125372, -0.11192306398926541, 0.0172268988967007], [-0.11236027236284504, -0.1156590440243733, -0.0025095787813355884]]	0.45742121720699125	1.0265822445611816	[[0.06282864217151748, -0.015461217184085038, 0.00012666784050693533], [0.6349756683282064, -0.636860771775139, 0.03874784401396665], [0.009549948205452496, -0.013004853249703924, 0.025191405999955896]]	[[0.022846252010240976, 0.013513650620208598, 0.45487498885317507], [0.30929259186814045, -0.3194064661800224, -0.010113874311881871], [0.3282443349392382, 0.3150460434812324, 0.03230947944227637]]	0.808348169650685	[[0.0, 0.0, -0.9227523599999998], [0.0, -1.0, 0.0], [-0.9227523599999998, 0.0, 0.0]]
2	[[-0.30792515101507295, 0.09349718223056193, 0.9468053539599837], [0.3027085282091916, -0.9338174967034747, 0.1906631317268273], [0.9019698710720718, 0.34531602882779927, 0.2592434992682147]]	0.5881934631775686	0.4118065368224315	[[-0.18111956097503157, 0.054994431413538436, 0.5569047201007865], [0.17805117754074912, -0.5492653473618245, 0.1121468077506835], [0.530532782147707, 0.20311263088694836, 0.1524853316408427]]	0.7989559846623041	0.291643406235748	[[-0.11164727855659241, 0.14056420512592568, 0.7665723829228737], [0.2989884608171482, -0.8130571719093812, 0.1523314501476059], [0.7105176474118851, 0.275892307831791, 0.11164727855659241]]	[[0.13437136367494387, 0.0658640718337562, 0.010116579066233589], [0.05713767059609666, -0.0669780943357686, 0.0], [-0.010116579066233589, 0.0, -0.09547686666854538]]	0.4730835229994935	[[0.0, 0.0, 0.9605999999999999], [0.0, -1.0, 0.0], [0.9605999999999999, 0.0, 0.0]]
2	[[0.3802729664721569, 0.7767473726770865, -0.5020517802076895], [0.4287143634067757, 0.332951791095048, 0.839849450446521], [0.8195098935212374, -0.5346088512602871, -0.20639019011321075]]	0.12695815957387313	0.8730418404261272	[[0.048278755959002204, 0.09861441688892425, -0.06373957002595494], [0.054428786561008885, 0.04227094662425197, 0.10662574054781908], [0.10404346783403708, -0.06787295584790855, -0.026202918690875016]]	0.4199690991046206	0.8668907197719412	[[0.028621705295089003, 0.317583649453922, 0.12953261698732652], [0.281306897479477, -0.1436858943484031, 0.32793628655861545], [0.6010180212340117, 0.0, -0.0665468628017223]]	[[-0.13108118984806433, -0.008626244881155029, 0.3403788508250208], [0.10126011250632248, -0.2835153580998602, -0.02477453052892068], [0.2568491895445741, 0.22451919763713887, 0.020130639404154216]]	1.0000000000000007	[[0.0, 0.0, 0.0], [0.0, 0.0, 0.0], [0.0, 0.0, 0.0]]
2	[[-0.8305561570912853, 0.32773595720904825, 0.4502950280316503], [-0.5100865793185324, -0.772219296347621, -0.37879947194723407], [0.22358030216652452, -0.5443036842615101, 0.808545204538665]]	0.19208378170353746	0.8079162182964625	[[-0.15953636757125136, 0.06295276206094272, 0.08649437186661976], [-0.0979793591517251, -0.1483308027468957, -0.07276123507892776], [0.042946149954565624, -0.10455191006811908, 0.15530842056604693]]	0.5323984226075132	0.6457761581328343	[[-0.3977565287350213, 0.1610935641851859, 0.4178248943845178], [-0.3515891730656326, -0.6004077863313082, -0.06214906274664417], [0.3359981132612081, -0.254895519074483, 0.277651007374543]]	[[0.044430259187336923, -0.013392542464674854, 0.1780885317524612], [-0.08001988284318386, -0.18927945104875085, 0.1395231786026222], [0.2169643130616393, 0.034890903845802915, -0.1528171841287113]]	0.680620714854379	[[-0.6524844511118902, 0.6524844511118901, 0.0], [-0.7071067811865475, -0.7071067811865476, 0.0], [0.0, 0.0, 0.9227523599999998]]
2	[[0.8489524140446696, -0.5135124485683378, 0.12483895166604869], [0.522794976890395, 0.7815435453534784, -0.34040431673891397], [0.0772347773085365, 0.35425224329800037, 0.9319550081910795]]	0.21655663580161952	0.7834433641983806	[[0.1838462787411772, -0.11120452830421138, 0.027034703389800463], [0.11321472140936933, 0.16924844091421967, -0.07371681364532812], [0.01672570354082395, 0.07671567403379177, 0.2018210412923309]]	0.0	0.4397803814014014	[[0.6792467740077975, -0.6792467740077974, 0.0], [0.7071067811865475, 0.7071067811865476, 0.0], [0.0, 0.0, 0.9605999999999999]]	[[0.6792467740077975, -0.6792467740077974, 0.0], [0.7071067811865475, 0.7071067811865476, 0.0], [0.0, 0.0, 0.9605999999999999]]	0.4397803814014014	[[0.6792467740077975, -0.6792467740077974, 0.0], [0.7071067811865475, 0.7071067811865476, 0.0], [0.0, 0.0, 0.9605999999999999]]
2	[[-0.3195682178843842, -0.5708200961323295, -0.7563336379995778], [0.910087742671785, 0.03735879733279218, -0.41272826520656647], [0.2638493031197415, -0.8202248094963509, 0.507557688474819]]	0.11932986325049647	0.8806701367495032	[[-0.03813403173934842, -0.06811588401210614, -0.09025318959424009], [0.10860064587897719, 0.00445802017692511, -0.04925080744671422], [0.03148510126001754, -0.09787731435186407, 0.0605667895574382]]	0.3729578285306133	1.0777202973354043	[[-0.19429638547337094, -0.2880027403989626, 0.19030121495883698], [0.541974880936906, -0.07825533446907848, -0.15393023756464813], [0.25858281937026306, -0.04389436496372352, 0.08307473603650341]]	[[-0.07511091686381315, -0.07511091686381313, 0.4723817662318185], [0.20255053265770942, -0.09218859039883205, 0.0], [0.16017815621940876, 0.2620148988929715, -0.10622287731108257]]	0.9797646851282326	[[1.8424915806312598e-16, -0.9227523599999998, 0.0], [1.0, 1.7938038903913487e-16, 0.0], [0.0, 0.0, 0.9227523599999998]]
2	[[0.5319609947059123, -0.8460851799387872, 0.03402011756955908], [-0.703274286200726, -0.4190807785627857, 0.5742617690636116], [-0.47161719485230363, -0.3294103357928521, -0.8179645788128509]]	0.15491981890195405	0.8450801810980462	[[0.08241130096274325, -0.13107536285174412, 0.005270390452899287], [-0.10895112505661748, -0.06492391832023672, 0.08896452926565047], [-0.07306285041756641, -0.05103218956546053, -0.12671892441789995]]	0.4679299648229888	0.810000581865704	[[0.21874682396466852, -0.5320633974783664, 0.23250800237653674], [-0.3799688243384336, -0.39812139963788784, 0.004876404126507347], [0.15048447944141502, -0.1541409668398782, -0.34829356695016567]]	[[-0.030173665575271177, -0.13615478899235745, 0.21658896995893895], [-0.05088571233561524, -0.20202094566701279, -0.26383788527061575], [0.3711682968385701, 0.0, 0.03445656964018255]]	0.6705427390737241	[[0.6524844511118902, -0.6524844511118901, 0.0], [-0.7071067811865475, -0.7071067811865476, 0.0], [0.0, 0.0, -0.9227523599999998]]
