2	[[-0.3195682178843842, -0.5708200961323295, -0.7563336379995778], [0.910087742671785, 0.03735879733279218, -0.41272826520656647], [0.2638493031197415, -0.8202248094963509, 0.507557688474819]]	0.11311301525009299	0.8868869847499069	[[-0.036147324703001374, -0.06456718223887575, -0.08555117832920456], [0.10294276871575625, 0.004225766212429181, -0.04668493855645478], [0.029844790247509717, -0.09277810138506536, 0.05741138055675413]]	0.3576621664586804	1.0676741295667505	[[-0.1806728408331925, -0.2705361319341652, 0.18189714507219534], [0.5366355833169254, -0.07476772249013783, -0.14761728549251338], [0.23569431989996842, -0.047430508642520686, 0.08766522029270113]]	[[-0.06637537969332406, -0.06637537969332406, 0.4524090726046997], [0.21113162960544476, -0.08812955088047511, 0.0], [0.1413254065275486, 0.2459328737051026, -0.09386896216996261]]	0.9602007928859185	[[1.6981286262155362e-16, -0.8504528399999999, 0.0], [1.0, 1.7938038903913487e-16, 0.0], [0.0, 0.0, 0.8504528399999999]]
2	[[0.8592155572171323, 0.2624339665249735, -0.4391776855101157], [-0.4266000482917053, 0.8413623931712975, -0.33184593135155627], [0.2824199444684594, 0.4724804086637203, 0.8348660002631537]]	0.16518064307733568	0.8348193569226644	[[0.1419257782831772, 0.04334901135593113, -0.07254365251777678], [-0.07046607031364638, 0.13897678116512113, -0.05481452434324745], [0.04665030804516558, 0.07804461774451568, 0.13790370280687086]]	0.0	0.6891835955484291	[[0.652093873610234, 0.6520938736102339, 0.0], [-0.7071067811865474, 0.7071067811865475, 0.0], [0.0, 0.0, 0.9221999999999998]]	[[0.652093873610234, 0.6520938736102339, 0.0], [-0.7071067811865474, 0.7071067811865475, 0.0], [0.0, 0.0, 0.9221999999999998]]	0.6891835955484296	[[0.6520938736102341, 0.652093873610234, 0.0], [-0.7071067811865475, 0.7071067811865476, 0.0], [0.0, 0.0, 0.9221999999999999]]
2	[[0.8489524140446696, -0.5135124485683378, 0.12483895166604869], [0.522794976890395, 0.7815435453534784, -0.34040431673891397], [0.0772347773085365, 0.35425224329800037, 0.9319550081910795]]	0.2085876568235008	0.7914123431764996	[[0.17708099480023212, -0.10711235839656805, 0.02603986440832337], [0.10904857922866375, 0.1630203368308134, -0.07100413880117486], [0.01611022122407252, 0.07389264535399861, 0.1943943114235038]]	0.0	0.45370797404824126	[[0.6520938736102343, -0.6520938736102341, 0.0], [0.7071067811865476, 0.7071067811865478, 0.0], [0.0, 0.0, 0.9222000000000002]]	[[0.6520938736102342, -0.6520938736102341, 0.0], [0.7071067811865476, 0.7071067811865477, 0.0], [0.0, 0.0, 0.9222000000000002]]	0.4537079740482412	[[0.6520938736102341, -0.652093873610234, 0.0], [0.7071067811865475, 0.7071067811865476, 0.0], [0.0, 0.0, 0.9221999999999999]]
2	[[0.034229894132735264, 0.2773841392786001, 0.9601491309293217], [-0.1827544195208179, -0.9427759796974285, 0.2788803941677556], [0.9825625356654255, -0.18501754344446375, 0.018422055382213542]]	0.7497624925238342	0.25023750747616574	[[0.025664290743786566, 0.2079722236521016, 0.7198838056001616], [-0.1370224090996749, -0.706858068429544, 0.20909405944724582], [0.7366885358010482, -0.13871921453355793, 0.01381216616078055]]	0.867322555304572	0.19891665058736888	[[0.0, 0.205706900282165, 0.7933056006197926], [-0.18868758032065247, -0.8216533768490046, 0.24187925609392408], [0.8120433843978241, -0.16046988855642697, 0.0]]	[[-0.02968835924700893, -0.03487462019790975, -0.0394533970912909], [-0.03018055018865289, -0.00396250505805938, 0.0], [-0.04015526478205254, 0.0, -0.015977864148063802]]	0.3729034332333665	[[0.0, 0.0, 0.9221999999999999], [0.0, -1.0, 0.0], [0.9221999999999999, 0.0, 0.0]]
2	[[0.22433838825039393, -0.7661379269479729, -0.6022499185961573], [-0.9416906372873723, -0.011392912655017143, -0.3362869982418849], [0.2507808429735371, 0.642575192824231, -0.724020780340167]]	0.1379331713676006	0.8620668286323995	[[0.03094370535087288, -0.10567583396893301, -0.08307024122784729], [-0.12989037604822418, -0.0015714605736205506, -0.04638513215719391], [0.03459099698958022, 0.08863243418839367, -0.09986648236836417]]	0.3970945603136264	0.8694225965126723	[[0.01825050440541273, -0.3028921786547382, 0.10392339325967304], [-0.45970796827788224, -0.12325363642308393, -0.13353773770605054], [0.27139066017814195, 0.04189262280387773, -0.31818174767213125]]	[[-0.07083304923834505, 0.001337024586260241, 0.3430735598835314], [-0.0857677387127946, -0.11872957278164838, 0.0], [0.17180695160248463, -0.21327049085910396, -0.030677034245024007]]	0.9651181000826937	[[0.6013609702433579, -0.6013609702433578, 0.0], [-0.7071067811865475, -0.7071067811865476, 0.0], [0.0, 0.0, -0.8504528399999999]]
2	[[-0.30792515101507295, 0.09349718223056193, 0.9468053539599837], [0.3027085282091916, -0.9338174967034747, 0.1906631317268273], [0.9019698710720718, 0.34531602882779927, 0.2592434992682147]]	0.5342862091846909	0.46571379081530917	[[-0.16452016164846678, 0.049954255063417184, 0.5058650434030492], [0.16173299202476607, -0.49892581038403716, 0.10186868188160793], [0.4819100632139017, 0.18449759201311633, 0.1385102264797886]]	0.768110252451083	0.32892219731503713	[[-0.08493523490738186, 0.12454907886391572, 0.7391698082047296], [0.3118818229571982, -0.8101526160136059, 0.14645030624380742], [0.6808933966199504, 0.26524078207832635, 0.08493523490738186]]	[[0.15158523057484366, 0.052732934617333915, 0.011918908752489585], [0.07936829893534023, -0.0928778228774616, 0.0], [-0.011918908752489585, 0.0, -0.11419235476182868]]	0.4819054827258437	[[0.0, 0.0, 0.9221999999999999], [0.0, -1.0, 0.0], [0.9221999999999999, 0.0, 0.0]]
2	[[0.3802729664721569, 0.7767473726770865, -0.5020517802076895], [0.4287143634067757, 0.332951791095048, 0.839849450446521], [0.8195098935212374, -0.5346088512602871, -0.20639019011321075]]	0.12306468046801829	0.8769353195319821	[[0.046798171109521426, 0.09559016722287836, -0.06178484190965905], [0.052759596144704726, 0.0409746057823665, 0.10335580426044187], [0.10085272318657082, -0.06579146745572156, -0.02539934279801584]]	0.40436277232136125	0.8973444458403145	[[0.21047157975997288, 0.33466327098853943, 0.11244250235310668], [0.24039702226918136, -0.20465402920946013, 0.32815743483979926], [0.5613220668891818, 0.0, -0.07860318984446855]]	[[0.05670334879842349, 0.020575549979499265, 0.3154535520467627], [0.06704089374802999, -0.3392873385060165, -0.011446417275327674], [0.22994277440015082, 0.216175917203148, 0.004853319609642137]]	1.0000000000000007	[[0.0, 0.0, 0.0], [0.0, 0.0, 0.0], [0.0, 0.0, 0.0]]
2	[[0.8787972042104137, -0.3840163418041313, 0.28327887866788265], [-0.395223040501579, -0.9183905790867732, -0.018907472103605397], [0.2674214316928388, -0.09534250611366366, -0.9588511794847616]]	0.5519878803907807	0.4480121196092193	[[0.4850854060454506, -0.211972366547884, 0.15636650779536176], [-0.21815832840806626, -0.5069404691209697, -0.010436695450016962], [0.14761338925119805, -0.05262790786082626, -0.5292742301739936]]	0.7957063499083071	0.36199715665675614	[[0.5540717896468204, -0.23830563628129775, 0.23216003950124536], [-0.3501217470939259, -0.8429776396128924, -0.015044795613552996], [0.2060356943492562, -0.07586463753081377, -0.6421645238268172]]	[[-0.1451927260250733, 0.06725860536080848, 0.006753236950306234], [-0.035640264136751414, -0.11220842413757967, 0.0], [-0.006753236950306234, 0.0, 0.12079944830627759]]	0.5082075687076547	[[0.6013609702433579, -0.6013609702433578, 0.0], [-0.7071067811865475, -0.7071067811865476, 0.0], [0.0, 0.0, -0.8504528399999999]]
2	[[-0.8305561570912853, 0.32773595720904825, 0.4502950280316503], [-0.5100865793185324, -0.772219296347621, -0.37879947194723407], [0.22358030216652452, -0.5443036842615101, 0.808545204538665]]	0.18255542755456458	0.8174445724454353	[[-0.15162253436587567, 0.0598299777933023, 0.08220380136801256], [-0.09311907357734, -0.14097282381062493, -0.0691518995587706], [0.04081579765478865, -0.0993655917998847, 0.14760431551174885]]	0.513503989645139	0.6674374654687159	[[-0.36938694020930724, 0.1424462372943346, 0.3959649206265829], [-0.35477570558992017, -0.6052787194268141, -0.0567712568053005], [0.31412949856142014, -0.24584946241267944, 0.25767230735304225]]	[[0.05710696008140262, -0.025847484282680272, 0.16473662721496074], [-0.09284421204541211, -0.20874102987134885, 0.1377437833150761], [0.19932012139284414, 0.03365265103415406, -0.15751888098600716]]	0.6855734479672442	[[-0.6013609702433579, 0.6013609702433578, 0.0], [-0.7071067811865475, -0.7071067811865476, 0.0], [0.0, 0.0, 0.8504528399999999]]
2	[[0.5319609947059123, -0.8460851799387872, 0.03402011756955908], [-0.703274286200726, -0.4190807785627857, 0.5742617690636116], [-0.47161719485230363, -0.3294103357928521, -0.8179645788128509]]	0.14807003646768552	0.8519299635323145	[[0.07876748388549072, -0.12527986344830452, 0.005037360049159563], [-0.10413384920452698, -0.06205330616469776, 0.08503096108724657], [-0.06983237524056815, -0.04877580043368015, -0.12111604501409384]]	0.45218292739500393	0.8240538111456723	[[0.21362565046442783, -0.48931969100194733, 0.22214687906626843], [-0.38294932804026705, -0.39851735578009273, 0.0], [0.12529456654804244, -0.14391495890396164, -0.32075165463575916]]	[[-0.02691802938164979, -0.10673441751169777, 0.20676356271334295], [-0.06494070254439094, -0.20901618251459492, -0.2596713678262176], [0.33855181032617704, 0.00503877104902146, 0.04911796311725714]]	0.6979454230954258	[[0.6013609702433579, -0.6013609702433578, 0.0], [-0.7071067811865475, -0.7071067811865476, 0.0], [0.0, 0.0, -0.8504528399999999]]
2	[[-0.42203838922340475, -0.825029846081567, 0.3757783270710803], [0.2588054115689476, 0.28760896992378115, 0.9221175843470338], [-0.8688517462515349, 0.4864224845687207, 0.09214016247897017]]	0.10535752052351699	0.8946424794764832	[[-0.04446491825431693, -0.08692309894105274, 0.039591072806684224], [0.027267096460972667, 0.030301767951492344, 0.09715202231793853], [-0.09154006568758961, 0.051248266901049125, 0.00970765905941829]]	0.3359349444808719	1.1273979209855074	[[-0.22578848992899608, -0.44087678767222815, 0.27836731813138565], [0.18572568012654153, 0.016520340716543427, 0.018477907959940226], [0.1540687871072231, 0.16340631034784098, -0.08785646179782762]]	[[-0.08401104707643503, -0.1637204321337547, 0.15213024668964742], [0.0987838985597779, -0.0800975626270028, -0.2912936115425163], [0.44594645024634116, 0.0, -0.11880956216465896]]	1.0000000000000002	[[0.0, 0.0, 0.0], [0.0, 0.0, 0.0], [0.0, 0.0, 0.0]]
2	[[-0.5446221603179724, 0.8109226453022452, -0.2139887049042392], [-0.8354447797583356, -0.5021691245819775, 0.22328947644507607], [0.07361197229480154, 0.30038414347728, 0.9509735242804028]]	0.23274328992978807	0.7672567100702119	[[-0.12675715336107335, 0.18873680434621115, -0.0498044351872272], [-0.1944441665956222, -0.116876494156371, 0.051969127354526926], [0.017132692610112535, 0.06991239379564364, 0.22133270667714622]]	0.5883779016838891	0.5800488431310304	[[-0.337939701187843, 0.5204814586292289, 0.13350757344772687], [-0.60589754519701, -0.4034719570755346, 0.13137859361884807], [0.17341006905248707, 0.015398151996810421, 0.4982221215716044]]	[[-0.017496057289407757, 0.04335249415834507, 0.25941379862333613], [-0.11434029871004156, -0.10800674126355522, 0.0], [0.1300984112548591, -0.16134124004146388, -0.06130968520143198]]	0.4336672609031024	[[-0.6013609702433579, 0.6013609702433578, 0.0], [-0.7071067811865475, -0.7071067811865476, 0.0], [0.0, 0.0, 0.8504528399999999]]
2	[[0.04673222253661188, -0.9725397674033924, -0.22799671093185395], [-0.8377629715199755, -0.16246744520517667, 0.5213036857710898], [-0.5440306084466285, 0.16664552219444034, -0.8223502702654952]]	0.17390811761046518	0.8260918823895346	[[0.00812711285309553, -0.16913256025044365, -0.03965047881953606], [-0.14569378138078873, -0.0282544075686137, 0.09065894269584766], [-0.09461133903742922, 0.028981009073048118, -0.14301338751832957]]	0.45744891717668096	0.8664817519183761	[[-0.05170954791150146, -0.5461142208319691, 0.09387140086736051], [-0.3075789765632155, -0.18439640089494352, 0.0], [0.06637710411279138, 0.06637710411279137, -0.47954408298513584]]	[[-0.07308715250813423, -0.10122695732202597, 0.19816824940298186], [0.07565478760931589, -0.11007584400937373, -0.23846980657619776], [0.31524331685767254, -0.009854709567397918, -0.10336084231223418]]	0.8913799811656123	[[0.6013609702433579, -0.6013609702433578, 0.0], [-0.7071067811865475, -0.7071067811865476, 0.0], [0.0, 0.0, -0.8504528399999999]]
2	[[0.08740825448676931, -0.06334395238859675, -0.994156597696443], [0.7119981850616444, -0.6940087028176986, 0.10681996481098455], [-0.6967197295301035, -0.717174639895393, -0.015561310176609944]]	0.1491013964832195	0.8508986035167805	[[0.013032692808137927, -0.009444671759906355, -0.14823013703954585], [0.10615992368620894, -0.10347766676162652, 0.01592700592560616], [-0.10388188463034934, -0.10693174033075314, -0.002320213078441106]]	0.43857554856375436	1.023415107432514	[[0.05904258147522389, -0.014647233599243976, -0.0008018629680392568], [0.6352991805073012, -0.6363147870480088, 0.03794327108031433], [0.00753168177856176, -0.01215000589925595, 0.022459958243830985]]	[[0.0207074583146888, 0.013133875067781197, 0.4352109122249539], [0.32303418591749306, -0.3319395395017173, -0.008905353584224144], [0.31309591935241743, 0.302385255208879, 0.02928476839090842]]	0.8324488419280401	[[0.0, 0.0, -0.8504528399999999], [0.0, -1.0, 0.0], [-0.8504528399999999, 0.0, 0.0]]
