2	[[-0.3195682178843842, -0.5708200961323295, -0.7563336379995778], [0.910087742671785, 0.03735879733279218, -0.41272826520656647], [0.2638493031197415, -0.8202248094963509, 0.507557688474819]]	0.11887974013857772	0.8811202598614222	[[-0.03799018669864396, -0.0678589446940893, -0.08991274634345492], [0.1081909943521266, 0.004441204118812134, -0.049065028915602604], [0.03136633659061969, -0.09750811220814061, 0.06033832611122367]]	0.3718625110260599	1.0769366223960835	[[-0.1932889386486799, -0.2867200929939747, 0.18969602383981107], [0.541592535529582, -0.07800558768259364, -0.1534781690711434], [0.25687455768464074, -0.04417765976012029, 0.08344852889623405]]	[[-0.07445349870206984, -0.07445349870206983, 0.4709481496398091], [0.20316502228561323, -0.09189792386767948, 0.0], [0.15875889329405768, 0.2608331975050644, -0.10529314763059479]]	0.9781503575088683	[[1.8317660806984368e-16, -0.91738084, 0.0], [1.0, 1.7938038903913487e-16, 0.0], [0.0, 0.0, 0.91738084]]
2	[[0.034229894132735264, 0.2773841392786001, 0.9601491309293217], [-0.1827544195208179, -0.9427759796974285, 0.2788803941677556], [0.9825625356654255, -0.18501754344446375, 0.018422055382213542]]	0.8186626011790471	0.1813373988209528	[[0.028022734168788456, 0.22708402098762986, 0.7860381850464001], [-0.1496142084618796, -0.7718154358682215, 0.22830894890721276], [0.8043872012689376, -0.15146694338000205, 0.015081447778267407]]	0.8980721258287079	0.14920125599942727	[[0.0, 0.22976235081264607, 0.8379597443591947], [-0.18112335827372947, -0.8212345115435081, 0.25045470844218426], [0.8643050740546138, -0.16615909855677488, 0.0]]	[[-0.03074091379067717, -0.019348612820452714, -0.024323426767087538], [-0.01699670823007704, 0.025446316723604367, 0.0], [-0.018106951110080535, 0.0, -0.01654433443923871]]	0.35656009766754915	[[0.0, 0.0, 0.9578], [0.0, -1.0, 0.0], [0.9578, 0.0, 0.0]]
2	[[0.8489524140446696, -0.5135124485683378, 0.12483895166604869], [0.522794976890395, 0.7815435453534784, -0.34040431673891397], [0.0772347773085365, 0.35425224329800037, 0.9319550081910795]]	0.21599567450850307	0.784004325491497	[[0.18337004929720044, -0.11091646769703113, 0.02696467357004259], [0.11292145366309816, 0.16881002523639133, -0.07352585999962785], [0.016682377820271377, 0.07651695223730193, 0.2012982506058097]]	0.0	0.44074842861339913	[[0.6772668750204748, -0.6772668750204748, 0.0], [0.7071067811865471, 0.707106781186547, 0.0], [0.0, 0.0, 0.9577999999999994]]	[[0.6772668750204749, -0.6772668750204748, 0.0], [0.7071067811865471, 0.7071067811865472, 0.0], [0.0, 0.0, 0.9577999999999994]]	0.440748428613399	[[0.6772668750204752, -0.6772668750204751, 0.0], [0.7071067811865475, 0.7071067811865476, 0.0], [0.0, 0.0, 0.9578]]
2	[[0.8592155572171323, 0.2624339665249735, -0.4391776855101157], [-0.4266000482917053, 0.8413623931712975, -0.33184593135155627], [0.2824199444684594, 0.4724804086637203, 0.8348660002631537]]	0.17257428300088784	0.8274257169991123	[[0.1482785087299549, 0.04528935360812629, -0.07579077418689768], [-0.07362019746208522, 0.14519751174544782, -0.057268073669756676], [0.04873841942179498, 0.081537967757108, 0.14407640139723277]]	0.0	0.6884159244391462	[[0.6772668750204749, 0.677266875020475, 0.0], [-0.7071067811865474, 0.7071067811865475, 0.0], [0.0, 0.0, 0.9577999999999998]]	[[0.6772668750204751, 0.677266875020475, 0.0], [-0.7071067811865474, 0.7071067811865475, 0.0], [0.0, 0.0, 0.9577999999999997]]	0.6884159244391463	[[0.6772668750204752, 0.6772668750204751, 0.0], [-0.7071067811865475, 0.7071067811865476, 0.0], [0.0, 0.0, 0.9578]]
2	[[-0.5446221603179724, 0.8109226453022452, -0.2139887049042392], [-0.8354447797583356, -0.5021691245819775, 0.22328947644507607], [0.07361197229480154, 0.30038414347728, 0.9509735242804028]]	0.24395724417784465	0.7560427558221556	[[-0.1328645213493568, 0.19783045378934355, -0.052204094733624216], [-0.20381280613260988, -0.12250779574421995, 0.05447308532745451], [0.01795817389953564, 0.07328088783743951, 0.23199688026953968]]	0.6012568585569591	0.5811462962576375	[[-0.3747573195479499, 0.5364184777123195, 0.13906166509188997], [-0.6113399763974807, -0.3818961557853861, 0.13425432915619456], [0.18542037873460643, 0.011242514044529568, 0.5027011370735253]]	[[-0.04729951033466132, 0.04884567546519233, 0.26772384156928497], [-0.1090230726221734, -0.07996352547492813, 0.0], [0.14116067552045217, -0.16936551242294268, -0.06907821670614975]]	0.4063717104005063	[[-0.6486862128946111, 0.648686212894611, 0.0], [-0.7071067811865475, -0.7071067811865476, 0.0], [0.0, 0.0, 0.91738084]]
2	[[-0.8305561570912853, 0.32773595720904825, 0.4502950280316503], [-0.5100865793185324, -0.772219296347621, -0.37879947194723407], [0.22358030216652452, -0.5443036842615101, 0.808545204538665]]	0.19139287517367706	0.8086071248263229	[[-0.15896253089890125, 0.06272632714803694, 0.08618326009138903], [-0.09762693700327978, -0.14779727139256496, -0.07249952005025176], [0.04279167686385062, -0.10417584709843573, 0.1547497914045439]]	0.5310492299898771	0.6473513999633462	[[-0.39563562815078845, 0.1596868934222298, 0.4162257809165262], [-0.35181931476876593, -0.6007702952074735, -0.06176561649562671], [0.33438257604239097, -0.2542495683390929, 0.2761636316530883]]	[[0.04543057953588993, -0.01435703429363059, 0.1770969530120482], [-0.08093822959348887, -0.19068383249874454, 0.139395551402524], [0.21565042873595405, 0.03480248406863525, -0.15321367662917745]]	0.6807734678071772	[[-0.6486862128946111, 0.648686212894611, 0.0], [-0.7071067811865475, -0.7071067811865476, 0.0], [0.0, 0.0, 0.91738084]]
2	[[0.8787972042104137, -0.3840163418041313, 0.28327887866788265], [-0.395223040501579, -0.9183905790867732, -0.018907472103605397], [0.2674214316928388, -0.09534250611366366, -0.9588511794847616]]	0.6011748945239069	0.39882510547609334	[[0.5283108165490998, -0.23086098377955522, 0.170300150004015], [-0.23759816968695457, -0.5521133595142406, -0.011366697547598685], [0.16076705099137456, -0.0573175210565267, -0.5764372566908753]]	0.8237167212118386	0.3205932673739422	[[0.5907836233104216, -0.25614684357562145, 0.24011663226215885], [-0.34741513776316285, -0.8471071453508652, -0.015574400927586144], [0.21350442175851655, -0.0785352165280667, -0.6885344032997874]]	[[-0.13309632835191107, 0.06017383838704224, 0.006775083137284271], [-0.021863310693828568, -0.09061346875366673, 0.0], [-0.006775083137284271, 0.0, 0.10128734639550464]]	0.4868932678948641	[[0.6486862128946111, -0.648686212894611, 0.0], [-0.7071067811865475, -0.7071067811865476, 0.0], [0.0, 0.0, -0.91738084]]
2	[[0.22433838825039393, -0.7661379269479729, -0.6022499185961573], [-0.9416906372873723, -0.011392912655017143, -0.3362869982418849], [0.2507808429735371, 0.642575192824231, -0.724020780340167]]	0.14539572748462176	0.8546042725153783	[[0.032617843162393544, -0.11139318124216052, -0.08756456504184253], [-0.13691779527385456, -0.0016564808236449874, -0.04889469275299856], [0.03646246310334415, 0.09342768762425017, -0.10526952807154208]]	0.41284138423762434	0.8468814566096016	[[0.1654999324297506, -0.3175030541209383, 0.1128477963072077], [-0.47531583600696287, -0.2858480475126123, -0.1388331898552953], [0.2885656011711831, 0.03890796502448112, -0.3278855718970959]]	[[0.07288376168682031, -0.0012096118427932512, 0.3614814863574419], [-0.08654696978563342, -0.2811445816816166, 0.0], [0.18503289081770977, -0.22637366705783282, -0.028979830724656305]]	0.956527790230954	[[0.6486862128946111, -0.648686212894611, 0.0], [-0.7071067811865475, -0.7071067811865476, 0.0], [0.0, 0.0, -0.91738084]]
2	[[-0.30792515101507295, 0.09349718223056193, 0.9468053539599837], [0.3027085282091916, -0.9338174967034747, 0.1906631317268273], [0.9019698710720718, 0.34531602882779927, 0.2592434992682147]]	0.5840836070222538	0.4159163929777464	[[-0.17985403289775598, 0.054610171443643586, 0.553013486288929], [0.1768070890328223, -0.545427491775057, 0.11136320970516439], [0.5268258157211728, 0.20169343168034157, 0.15141987814964983]]	0.7967336207883858	0.2943200618290029	[[-0.10964117494083254, 0.1393572384652296, 0.764609090823043], [0.2999025900347332, -0.8128540389433544, 0.15190772729156804], [0.7083722882406094, 0.2751248899642391, 0.10964117494083254]]	[[0.13569314555921702, 0.06486488993316249, 0.010257432980675957], [0.058724528311100734, -0.06885024363924845, 0.0], [-0.010257432980675957, 0.0, -0.0969068368969834]]	0.4736565647950056	[[0.0, 0.0, 0.9578], [0.0, -1.0, 0.0], [0.9578, 0.0, 0.0]]
2	[[0.04673222253661188, -0.9725397674033924, -0.22799671093185395], [-0.8377629715199755, -0.16246744520517667, 0.5213036857710898], [-0.5440306084466285, 0.16664552219444034, -0.8223502702654952]]	0.17997732032410224	0.8200226796758977	[[0.00841074018492904, -0.17503510124588825, -0.041034237076224], [-0.1507783346809223, -0.029240455427930634, 0.09382284044015857], [-0.09791317108251507, 0.029992414528566075, -0.1480043980101851]]	0.47271646597411715	0.8861837012589889	[[-0.06545968009283497, -0.5801296196743498, 0.1086667025657337], [-0.3022834866405475, -0.19708860192609673, 0.0], [0.0768389622734119, 0.07683896227341189, -0.5125540015481498]]	[[-0.08755077117745812, -0.12039405780812813, 0.21644450201116205], [0.09374086458035023, -0.1202875653928621, -0.24642883603699123], [0.3340111888800509, -0.0019371200487552584, -0.12381548799538473]]	0.8783597251573257	[[0.6486862128946111, -0.648686212894611, 0.0], [-0.7071067811865475, -0.7071067811865476, 0.0], [0.0, 0.0, -0.91738084]]
2	[[-0.42203838922340475, -0.825029846081567, 0.3757783270710803], [0.2588054115689476, 0.28760896992378115, 0.9221175843470338], [-0.8688517462515349, 0.4864224845687207, 0.09214016247897017]]	0.10858315003892481	0.8914168499610753	[[-0.04582625773923112, -0.08958433956366588, 0.04080319446973528], [0.028101906835276767, 0.031229487933774613, 0.10012643201468488], [-0.0943426595248123, 0.052817285624232, 0.010004869087064945]]	0.34724782454377806	1.1400962751201065	[[-0.23295813722812944, -0.4668729150881643, 0.2979491183589852], [0.18405757051584964, 0.011517130930488253, 0.029387004460397007], [0.1749186054559243, 0.16890914957566772, -0.09020138386509119]]	[[-0.08640622469634195, -0.1803830958526522, 0.16746091177285233], [0.09418795436837545, -0.08835445819482168, -0.29081632067767427], [0.4766254841928325, 0.0, -0.12219685483902384]]	1.0000000000000002	[[0.0, 0.0, 0.0], [0.0, 0.0, 0.0], [0.0, 0.0, 0.0]]
2	[[0.3802729664721569, 0.7767473726770865, -0.5020517802076895], [0.4287143634067757, 0.332951791095048, 0.839849450446521], [0.8195098935212374, -0.5346088512602871, -0.20639019011321075]]	0.1266896824598177	0.8733103175401831	[[0.04817666137041046, 0.09840587799595776, -0.06360478061289833], [0.054313686565967315, 0.04218155668825921, 0.10640026019112216], [0.10382344818288465, -0.0677294256063737, -0.02614750764826408]]	0.4188556860733386	0.8667942750532179	[[0.02807851071238234, 0.3168958154615028, 0.12824441775098072], [0.2806430374244513, -0.14306889137339626, 0.32795206409432487], [0.5980884872242417, 0.0, -0.06748858061675972]]	[[-0.13120098355445664, -0.008449238226821466, 0.3385316605942134], [0.10107358861021165, -0.28252764226185945, -0.023823653670769118], [0.2548321085295151, 0.223923957175507, 0.01895912406191591]]	1.0000000000000007	[[0.0, 0.0, 0.0], [0.0, 0.0, 0.0], [0.0, 0.0, 0.0]]
2	[[0.5319609947059123, -0.8460851799387872, 0.03402011756955908], [-0.703274286200726, -0.4190807785627857, 0.5742617690636116], [-0.47161719485230363, -0.3294103357928521, -0.8179645788128509]]	0.15441232384101777	0.8455876761589824	[[0.08214133338531926, -0.1306459788017938, 0.005253125411260259], [-0.10859421682988715, -0.06471123689498269, 0.08867309425416615], [-0.07282350702052635, -0.05086501544702429, -0.12630381143413164]]	0.46689177251361125	0.8207470333034306	[[0.2783030796292297, -0.5293640406621396, 0.23179754817330817], [-0.3806684452445771, -0.4636551623491476, 0.004109121228153019], [0.1486067141686537, -0.15379897556262856, -0.3463071530862568]]	[[0.029934867902882568, -0.1343338313030216, 0.2159138351801353], [-0.0523154671970754, -0.26798979481958424, -0.26400897401675866], [0.3688009022211429, 0.0, 0.03559377896902448]]	0.672510648650611	[[0.6486862128946111, -0.648686212894611, 0.0], [-0.7071067811865475, -0.7071067811865476, 0.0], [0.0, 0.0, -0.91738084]]
2	[[0.08740825448676931, -0.06334395238859675, -0.994156597696443], [0.7119981850616444, -0.6940087028176986, 0.10681996481098455], [-0.6967197295301035, -0.717174639895393, -0.015561310176609944]]	0.16036890913564278	0.8396310908643573	[[0.014017566421493856, -0.01015840054489937, -0.15943180908258073], [0.11418237224489342, -0.11129741860151685, 0.01713060123064534], [-0.11173218299802282, -0.11501251465977161, -0.002495550337744297]]	0.45607143914583886	1.026343175840155	[[0.06255072432940645, -0.015401919895489127, 5.4959702030479146e-05], [0.6349988391506444, -0.6368216668635355, 0.03869021831147768], [0.009396236252292547, -0.01294182843684634, 0.024986226516355098]]	[[0.022686315912399824, 0.013487447631563667, 0.4534613899497781], [0.31027680222035486, -0.3203041189897308, -0.010027316769375906], [0.3271502059803865, 0.3141410416991443, 0.03208329564359639]]	0.8100852073752508	[[0.0, 0.0, -0.91738084], [0.0, -1.0, 0.0], [-0.91738084, 0.0, 0.0]]
