2	[[0.034229894132735264, 0.2773841392786001, 0.9601491309293217], [-0.1827544195208179, -0.9427759796974285, 0.2788803941677556], [0.9825625356654255, -0.18501754344446375, 0.018422055382213542]]	0.8281452272323635	0.17185477276763658	[[0.028347323454693783, 0.22971435105352983, 0.7951429202104194], [-0.15134720028178641, -0.7807554279357412, 0.23095346739870706], [0.813704474368651, -0.1532213955577891, 0.015256137240590424]]	0.9267141010594689	0.12542504542295552	[[0.0, 0.25432385579693567, 0.8817995855541825], [-0.17423497501520985, -0.820779165711345, 0.258442393784282], [0.9161235950929716, -0.17145836645336746, 0.0]]	[[-0.031721325570578544, -0.0027319374827867466, -0.007984153198014342], [-0.004873877414330041, 0.05290462881441771, 0.0], [0.005569038119074366, 0.0, -0.017071978493195774]]	0.34174041467459526	[[0.0, 0.0, 0.992], [0.0, -1.0, 0.0], [0.992, 0.0, 0.0]]
2	[[0.22433838825039393, -0.7661379269479729, -0.6022499185961573], [-0.9416906372873723, -0.011392912655017143, -0.3362869982418849], [0.2507808429735371, 0.642575192824231, -0.724020780340167]]	0.1524001239508339	0.8475998760491661	[[0.034189198176290334, -0.11675951503030599, -0.091782962243434], [-0.14351376984593528, -0.0017362813007856526, -0.05125018021511711], [0.038219031553661686, 0.09792853903414381, -0.11034085666682095]]	0.42743644122964286	0.8686889930168876	[[0.021212114070676278, -0.3314093585770457, 0.12179219810088888], [-0.4897821004504647, -0.13038125408530415, -0.1437413177603105], [0.3053825159360461, 0.03549090393646481, -0.3364715359350021]]	[[-0.07467828823426603, -0.003934089591348028, 0.3792157600364725], [-0.08726920570907579, -0.12551150804480338, 0.0], [0.19818964488686747, -0.23916914970677605, -0.026998670210092113]]	0.950579602108035	[[0.6958383275215587, -0.6958383275215586, 0.0], [-0.7071067811865475, -0.7071067811865476, 0.0], [0.0, 0.0, -0.9840639999999999]]
2	[[-0.30792515101507295, 0.09349718223056193, 0.9468053539599837], [0.3027085282091916, -0.9338174967034747, 0.1906631317268273], [0.9019698710720718, 0.34531602882779927, 0.2592434992682147]]	0.6364003998370655	0.3635996001629346	[[-0.19596368922588117, 0.05950164415516859, 0.602547305828008], [0.19264382838641916, -0.594281828276939, 0.12133809326513999], [0.5740139865912529, 0.2197592588161591, 0.16498266658945182]]	0.8236025119261087	0.2623230550523296	[[-0.13476039359538758, 0.15452819403495308, 0.7882259434895521], [0.28900879287416675, -0.8152444199436781, 0.15703063422191352], [0.7344299758336054, 0.28440314875092404, 0.13476039359538758]]	[[0.11884753426585279, 0.07752367989184916, 0.008434675663021198], [0.03969728865962126, -0.04614998397814584, 0.0], [-0.008434675663021198, 0.0, -0.07875320360242832]]	0.4674587558988309	[[0.0, 0.0, 0.992], [0.0, -1.0, 0.0], [0.992, 0.0, 0.0]]
2	[[0.8489524140446696, -0.5135124485683378, 0.12483895166604869], [0.522794976890395, 0.7815435453534784, -0.34040431673891397], [0.0772347773085365, 0.35425224329800037, 0.9319550081910795]]	0.2226306583689975	0.7773693416310027	[[0.18900283486271455, -0.11432361450544501, 0.027792977999507862], [0.11639018989711349, 0.1739955540460853, -0.07578443714723318], [0.017194829321182437, 0.07886741015412811, 0.2074817570438645]]	0.0	0.4294648766321159	[[0.7014499269370552, -0.7014499269370551, 0.0], [0.7071067811865475, 0.7071067811865476, 0.0], [0.0, 0.0, 0.992]]	[[0.7014499269370552, -0.7014499269370551, 0.0], [0.7071067811865475, 0.7071067811865476, 0.0], [0.0, 0.0, 0.992]]	0.4294648766321159	[[0.7014499269370552, -0.7014499269370551, 0.0], [0.7071067811865475, 0.7071067811865476, 0.0], [0.0, 0.0, 0.992]]
2	[[0.3802729664721569, 0.7767473726770865, -0.5020517802076895], [0.4287143634067757, 0.332951791095048, 0.839849450446521], [0.8195098935212374, -0.5346088512602871, -0.20639019011321075]]	0.12980562654444222	0.8701943734555586	[[0.049361570670832, 0.10082617937709859, -0.06516914588761172], [0.0556495365506182, 0.04321901585218696, 0.10901718411821613], [0.10637699518789334, -0.06939523689404609, -0.026790607940271882]]	0.4321939225933309	0.9412370859088515	[[0.14039079646167568, 0.32501277229369413, 0.14443054731990407], [0.2885958116253363, -0.25759978710534537, 0.32776305561581576], [0.6342494691277478, 0.0, -0.055314800546040654]]	[[-0.023960868574128068, -0.010692721567679739, 0.3614142755528302], [0.10330806923245914, -0.4014995277331894, -0.03521477276051945], [0.2800622736427613, 0.23105469647929808, 0.033885785303771204]]	1.0000000000000007	[[0.0, 0.0, 0.0], [0.0, 0.0, 0.0], [0.0, 0.0, 0.0]]
2	[[-0.42203838922340475, -0.825029846081567, 0.3757783270710803], [0.2588054115689476, 0.28760896992378115, 0.9221175843470338], [-0.8688517462515349, 0.4864224845687207, 0.09214016247897017]]	0.11152005311625265	0.8884799468837475	[[-0.04706574358329182, -0.09200737225751013, 0.041906818994903436], [0.028861993244942673, 0.0320741676026107, 0.1028346019858118], [-0.09689439289211998, 0.05424586131604334, 0.010275475813794906]]	0.35761766759505054	1.1544173900480874	[[-0.23946966696610236, -0.49225530643676263, 0.31732068387155127], [0.18252851383364252, 0.00693098664667318, 0.03938672318028795], [0.19621230992585043, 0.17395327439725536, -0.09226533265197479]]	[[-0.08854128257645628, -0.19721005718476908, 0.18293571501162145], [0.08997512618737834, -0.09592306235688448, -0.29037881658228054], [0.506929044906211, 0.0, -0.12521628264953308]]	1.0000000000000002	[[0.0, 0.0, 0.0], [0.0, 0.0, 0.0], [0.0, 0.0, 0.0]]
2	[[-0.5446221603179724, 0.8109226453022452, -0.2139887049042392], [-0.8354447797583356, -0.5021691245819775, 0.22328947644507607], [0.07361197229480154, 0.30038414347728, 0.9509735242804028]]	0.2546289095709532	0.7453710904290468	[[-0.13867654680994215, 0.20648434891970352, -0.054487710590266906], [-0.21272839327661008, -0.127866776612509, 0.05685595590587876], [0.018743736236792534, 0.07648648690602455, 0.24214535151836536]]	0.6128068906823936	0.5842155570960005	[[-0.3881467971498869, 0.5513375693403124, 0.14440551171744032], [-0.616220826285048, -0.38661572465157334, 0.13683332978240667], [0.19732399192111122, 0.006896241231119742, 0.50583191257773]]	[[-0.054398584488702204, 0.05439858448870219, 0.27553926461095946], [-0.10425450846450524, -0.07888302481979224, 0.0], [0.15221406806213536, -0.1771812317434862, -0.07693121595782132]]	0.3846293771084246	[[-0.6958383275215587, 0.6958383275215586, 0.0], [-0.7071067811865475, -0.7071067811865476, 0.0], [0.0, 0.0, 0.9840639999999999]]
2	[[-0.8305561570912853, 0.32773595720904825, 0.4502950280316503], [-0.5100865793185324, -0.772219296347621, -0.37879947194723407], [0.22358030216652452, -0.5443036842615101, 0.808545204538665]]	0.19978705359218354	0.8002129464078163	[[-0.16593436746811466, 0.0654774012470097, 0.0899631168976531], [-0.10190869475896519, -0.15427941794432048, -0.07567923040261289], [0.04466844981110002, -0.10874482933797727, 0.16153686411086926]]	0.5472257713796519	0.6281893433992632	[[-0.4221153386414487, 0.17737696695678187, 0.4358159682135742], [-0.34903354458614955, -0.5962764722434433, -0.06635742834784066], [0.3543424684333923, -0.26199438451300605, 0.294664239298588]]	[[0.03238639509694908, -0.0019685950357881156, 0.18940292415053245], [-0.06990102274815768, -0.1736981721253644, 0.1409314048866893], [0.23199356511502026, 0.035862618971785276, -0.14779253395040132]]	0.6814237714707345	[[-0.6958383275215587, 0.6958383275215586, 0.0], [-0.7071067811865475, -0.7071067811865476, 0.0], [0.0, 0.0, 0.9840639999999999]]
2	[[0.8787972042104137, -0.3840163418041313, 0.28327887866788265], [-0.395223040501579, -0.9183905790867732, -0.018907472103605397], [0.2674214316928388, -0.09534250611366366, -0.9588511794847616]]	0.6545434495054296	0.3454565504945705	[[0.5752109534596116, -0.25135538103093213, 0.18541833441530595], [-0.2586906522539277, -0.6011265376287456, -0.012375762012121561], [0.1750389463719113, -0.06240581283612992, -0.6276097585823057]]	0.8495956713547963	0.27988057578789605	[[0.6269592272147446, -0.27413832117576936, 0.24743859864217674], [-0.3448283713626818, -0.850513606814709, -0.016063706455484713], [0.22043400125403506, -0.08100258049028684, -0.7339632677737864]]	[[-0.1196630734811199, 0.05212030055052448, 0.006766089539703099], [-0.009048586932858912, -0.07025294620956181, 0.0], [-0.006766089539703099, 0.0, 0.08067254378990801]]	0.4711744420272286	[[0.6958383275215587, -0.6958383275215586, 0.0], [-0.7071067811865475, -0.7071067811865476, 0.0], [0.0, 0.0, -0.9840639999999999]]
2	[[-0.3195682178843842, -0.5708200961323295, -0.7563336379995778], [0.910087742671785, 0.03735879733279218, -0.41272826520656647], [0.2638493031197415, -0.8202248094963509, 0.507557688474819]]	0.12434043107157261	0.8756595689284272	[[-0.03973524996851857, -0.07097601681741039, -0.09404285058279827], [0.1131607022367642, 0.0046452089646749385, -0.051318810411206825], [0.03280713608784269, -0.1019871063883748, 0.06310994177864995]]	0.38502537673373877	1.0870906182377982	[[-0.20574565775252884, -0.30248400683000354, 0.19700593038924824], [0.546187332225182, -0.08100689405974817, -0.15891085579982067], [0.27816329003863, -0.04044308312168314, 0.07846177684566774]]	[[-0.08270378426946433, -0.08270378426946431, 0.48821357429643486], [0.19578045624222018, -0.0953909790771259, 0.0], [0.17657461270401714, 0.27536428316100847, -0.11696081337345508]]	0.9999721925867597	[[1.964914654677578e-16, -0.9840639999999999, 0.0], [1.0, 1.7938038903913487e-16, 0.0], [0.0, 0.0, 0.9840639999999999]]
2	[[0.08740825448676931, -0.06334395238859675, -0.994156597696443], [0.7119981850616444, -0.6940087028176986, 0.10681996481098455], [-0.6967197295301035, -0.717174639895393, -0.015561310176609944]]	0.17153070125891828	0.8284692987410819	[[0.014993199187933508, -0.010865432573727518, -0.17052837836405121], [0.12212954797870085, -0.11904379947411206, 0.018322903472481153], [-0.11950882378722247, -0.12301746890636894, -0.0026692424471014345]]	0.47229476869692083	1.029351198146102	[[0.06596519683294005, -0.016125581516015647, 0.0009739752769781437], [0.6347203430784377, -0.6372916788501504, 0.039382836445523504], [0.01134428734519533, -0.013719083522796337, 0.02755713390712876]]	[[0.02468273549790975, 0.013791435825705438, 0.4705089356345376], [0.2984473249521213, -0.309514999079215, -0.011067674127093674], [0.34040137085019684, 0.3249987471418958, 0.034906659297611796]]	0.7891153912417178	[[0.0, 0.0, -0.9840639999999999], [0.0, -1.0, 0.0], [-0.9840639999999999, 0.0, 0.0]]
2	[[0.5319609947059123, -0.8460851799387872, 0.03402011756955908], [-0.703274286200726, -0.4190807785627857, 0.5742617690636116], [-0.47161719485230363, -0.3294103357928521, -0.8179645788128509]]	0.16070049043086132	0.839299509569139	[[0.08548639273932893, -0.13596630336244664, 0.005467049577943708], [-0.11301652269987057, -0.06734648664518686, 0.09228414792421641], [-0.07578911450839226, -0.05293640251490604, -0.13144730897029805]]	0.47926998627742246	0.8074136973188413	[[0.2220344767586034, -0.5627540085499942, 0.24042268743023953], [-0.3723269683797875, -0.39514853955033, 0.013257322045436845], [0.1722208279031548, -0.15787648711508137, -0.3709544771173492]]	[[-0.03291846187422318, -0.15725077597120118, 0.22411786614952067], [-0.03526871088310147, -0.19429570055941225, -0.26196910813332863], [0.39825279440821487, 0.0, 0.02107139534570346]]	0.6488351071464958	[[0.6958383275215587, -0.6958383275215586, 0.0], [-0.7071067811865475, -0.7071067811865476, 0.0], [0.0, 0.0, -0.9840639999999999]]
2	[[0.04673222253661188, -0.9725397674033924, -0.22799671093185395], [-0.8377629715199755, -0.16246744520517667, 0.5213036857710898], [-0.5440306084466285, 0.16664552219444034, -0.8223502702654952]]	0.1855340615292398	0.8144659384707601	[[0.008670419051505854, -0.18043925304505357, -0.04230115579449488], [-0.15543356670490588, -0.03014324497519564, 0.09671959011127286], [-0.10093620838132651, 0.03091842056839559, -0.15257398564202543]]	0.4857977702827256	0.901233626219457	[[-0.0797707648245036, -0.6079743537013982, 0.12094207465637005], [-0.3028313644434037, -0.20542085277667044, 0.006557468639132996], [0.09008189913091834, 0.08095602310965958, -0.5444148806077318]]	[[-0.10247317433314579, -0.13551670318554954, 0.2317023684588598], [0.104152019146431, -0.12649453015246465, -0.24669069954862904], [0.354370755679845, 0.0, -0.1449189529213573]]	0.8679184987303622	[[0.6958383275215587, -0.6958383275215586, 0.0], [-0.7071067811865475, -0.7071067811865476, 0.0], [0.0, 0.0, -0.9840639999999999]]
2	[[0.8592155572171323, 0.2624339665249735, -0.4391776855101157], [-0.4266000482917053, 0.8413623931712975, -0.33184593135155627], [0.2824199444684594, 0.4724804086637203, 0.8348660002631537]]	0.1795136288679117	0.8204863711320883	[[0.1542409026558122, 0.04711047366909805, -0.07883838004373137], [-0.07658052274407036, 0.1510360163911704, -0.05957086736196977], [0.050698229096207276, 0.08481667272821834, 0.14986982532567766]]	0.0	0.689131743881273	[[0.7014499269370551, 0.701449926937055, 0.0], [-0.7071067811865474, 0.7071067811865475, 0.0], [0.0, 0.0, 0.9919999999999999]]	[[0.7014499269370551, 0.701449926937055, 0.0], [-0.7071067811865474, 0.7071067811865475, 0.0], [0.0, 0.0, 0.9919999999999999]]	0.6891317438812732	[[0.7014499269370552, 0.7014499269370551, 0.0], [-0.7071067811865475, 0.7071067811865476, 0.0], [0.0, 0.0, 0.992]]
