2	[[-0.3195682178843842, -0.5708200961323295, -0.7563336379995778], [0.910087742671785, 0.03735879733279218, -0.41272826520656647], [0.2638493031197415, -0.8202248094963509, 0.507557688474819]]	0.11242761821910359	0.8875723817808963	[[-0.03592829359526488, -0.06417594383975755, -0.0850327894992822], [0.10231899727898922, 0.004200160603656071, -0.0464020558288768], [0.029663948718522862, -0.09221592173589271, 0.05706350202401765]]	0.35595340903594114	1.0666641275218602	[[-0.1792080187695409, -0.2686419813585803, 0.18096433965512737], [0.5360391027986288, -0.07437810334004004, -0.14691203300576736], [0.23326143026382534, -0.04777163568211512, 0.08809724664105122]]	[[-0.06545662219405395, -0.06545662219405393, 0.45018387646963254], [0.21209026827278266, -0.08767609460813036, 0.0], [0.13934337134659597, 0.2441901814339664, -0.09256964285396282]]	0.9583895628437231	[[1.6826961838340874e-16, -0.8427239999999999, 0.0], [1.0, 1.7938038903913487e-16, 0.0], [0.0, 0.0, 0.8427239999999999]]
2	[[0.8592155572171323, 0.2624339665249735, -0.4391776855101157], [-0.4266000482917053, 0.8413623931712975, -0.33184593135155627], [0.2824199444684594, 0.4724804086637203, 0.8348660002631537]]	0.1642971815005305	0.8357028184994696	[[0.14116669435218263, 0.04311716103005771, -0.0721556559072384], [-0.07008918556231744, 0.13823346981858542, -0.054521351213479244], [0.04640080087570425, 0.07762719945766808, 0.13716613077385734]]	0.0	0.6893736266224337	[[0.6491240251292506, 0.6491240251292505, 0.0], [-0.7071067811865475, 0.7071067811865476, 0.0], [0.0, 0.0, 0.9179999999999999]]	[[0.6491240251292506, 0.6491240251292505, 0.0], [-0.7071067811865475, 0.7071067811865476, 0.0], [0.0, 0.0, 0.9179999999999999]]	0.6893736266224337	[[0.6491240251292506, 0.6491240251292505, 0.0], [-0.7071067811865475, 0.7071067811865476, 0.0], [0.0, 0.0, 0.9179999999999999]]
2	[[0.8489524140446696, -0.5135124485683378, 0.12483895166604869], [0.522794976890395, 0.7815435453534784, -0.34040431673891397], [0.0772347773085365, 0.35425224329800037, 0.9319550081910795]]	0.20768004736607165	0.7923199526339284	[[0.1763104775603379, -0.10664628964173985, 0.025926559395135718], [0.10857408556334157, 0.162311000517658, -0.07069518462395293], [0.01604012220974485, 0.07357112266766586, 0.19354846024417108]]	0.0	0.4553142773401686	[[0.6491240251292507, -0.6491240251292506, 0.0], [0.7071067811865476, 0.7071067811865477, 0.0], [0.0, 0.0, 0.9180000000000004]]	[[0.6491240251292507, -0.6491240251292506, 0.0], [0.7071067811865476, 0.7071067811865477, 0.0], [0.0, 0.0, 0.9180000000000001]]	0.45531427734016855	[[0.6491240251292506, -0.6491240251292505, 0.0], [0.7071067811865475, 0.7071067811865476, 0.0], [0.0, 0.0, 0.9179999999999999]]
2	[[0.8787972042104137, -0.3840163418041313, 0.28327887866788265], [-0.395223040501579, -0.9183905790867732, -0.018907472103605397], [0.2674214316928388, -0.09534250611366366, -0.9588511794847616]]	0.5465637883237868	0.4534362116762132	[[0.4803187291015963, -0.2098894265547082, 0.15482997707683233], [-0.2160146022493884, -0.5019590340665432, -0.010334139580572886], [0.14616287078500872, -0.052110761329767816, -0.5240733330979226]]	0.7923448528682628	0.36681672550681915	[[0.5498029079470234, -0.23625150585686164, 0.23120324943345838], [-0.35046337093982455, -0.8424806642083646, -0.014981238202042], [0.2051413069538141, -0.07554414397872228, -0.6367888691367475]]	[[-0.14650753352411755, 0.06802186598894122, 0.006748687994668391], [-0.03731042906345354, -0.1147986159462568, 0.0], [-0.006748687994668391, 0.0, 0.1229519275946662]]	0.5109908311023448	[[0.5958958550686521, -0.595895855068652, 0.0], [-0.7071067811865475, -0.7071067811865476, 0.0], [0.0, 0.0, -0.8427239999999999]]
2	[[0.22433838825039393, -0.7661379269479729, -0.6022499185961573], [-0.9416906372873723, -0.011392912655017143, -0.3362869982418849], [0.2507808429735371, 0.642575192824231, -0.724020780340167]]	0.13704256419601113	0.8629574358039889	[[0.030743907973434292, -0.10499350603676645, -0.08253387313125636], [-0.12905169961323731, -0.0015613139639047563, -0.0460856325448474], [0.034367649772330755, 0.0880601521133789, -0.09922166426901342]]	0.3951996134799573	0.8695580826613453	[[0.018079599431377238, -0.30115938890296484, 0.10289648502192061], [-0.4578297432036516, -0.12280849406167232, -0.132900491723528], [0.2693866589845757, 0.04220629330316835, -0.3169854710127793]]	[[-0.07057884489389507, 0.0016180236992097696, 0.3409054200694577], [-0.08567396732998753, -0.11830601938399861, 0.0], [0.1702781667732559, -0.21173917453277677, -0.03085273847088818]]	0.9662711644756512	[[0.5958958550686521, -0.595895855068652, 0.0], [-0.7071067811865475, -0.7071067811865476, 0.0], [0.0, 0.0, -0.8427239999999999]]
2	[[0.034229894132735264, 0.2773841392786001, 0.9601491309293217], [-0.1827544195208179, -0.9427759796974285, 0.2788803941677556], [0.9825625356654255, -0.18501754344446375, 0.018422055382213542]]	0.7414064486995497	0.2585935513004504	[[0.025378264248312812, 0.20565438962812818, 0.7118607573842672], [-0.13549530516107725, -0.6989801910267094, 0.2067637226518463], [0.7284782001929277, -0.13717319983227452, 0.013658230658673373]]	0.8636311223633399	0.2047385853052205	[[0.0, 0.202969896591015, 0.7881021937486448], [-0.18960763987005264, -0.8216986954264495, 0.24084978782022942], [0.8059891729961299, -0.15978690870185022, 0.0]]	[[-0.029562001888232454, -0.036587678939951414, -0.04111247783203078], [-0.03177523542242799, -0.007488017943161722, 0.0], [-0.04258241247277072, 0.0, -0.01590986036598068]]	0.3748938669695583	[[0.0, 0.0, 0.9179999999999999], [0.0, -1.0, 0.0], [0.9179999999999999, 0.0, 0.0]]
2	[[-0.5446221603179724, 0.8109226453022452, -0.2139887049042392], [-0.8354447797583356, -0.5021691245819775, 0.22328947644507607], [0.07361197229480154, 0.30038414347728, 0.9509735242804028]]	0.23141387767132782	0.7685861223286722	[[-0.12603312598491753, 0.18765875384088335, -0.04951995597975545], [-0.19333351606414484, -0.11620890436633154, 0.051672283587355664], [0.017034831951774382, 0.06951305943305786, 0.22006847081649666]]	0.5867978186540369	0.5801150746164014	[[-0.3337163950158868, 0.5185715617759067, 0.1328524338752511], [-0.6052298286058484, -0.40611903150943673, 0.13102577770637258], [0.1720185747327015, 0.015863139047953435, 0.4976084391278648]]	[[-0.01413329935065152, 0.0427239224153878, 0.2584205391296611], [-0.11499265423775486, -0.11144728460932503, 0.0], [0.12882322996329051, -0.1604016211027757, -0.06042075051761731]]	0.43713439725159775	[[-0.5958958550686521, 0.595895855068652, 0.0], [-0.7071067811865475, -0.7071067811865476, 0.0], [0.0, 0.0, 0.8427239999999999]]
2	[[-0.8305561570912853, 0.32773595720904825, 0.4502950280316503], [-0.5100865793185324, -0.772219296347621, -0.37879947194723407], [0.22358030216652452, -0.5443036842615101, 0.808545204538665]]	0.18150662898711797	0.8184933710128819	[[-0.1507514482581344, 0.05948624879088068, 0.08173153258768465], [-0.092584095503677, -0.14016292131886093, -0.06875461521524281], [0.04058130695416709, -0.09879472687557532, 0.1467563144595129]]	0.5113858327659155	0.669811599714421	[[-0.366376747663017, 0.1404907152759509, 0.39358301446304034], [-0.35512804312293084, -0.6057969780106373, -0.056167302192576624], [0.31177508105360363, -0.24483535591971395, 0.2555416757552178]]	[[0.05835790438996856, -0.02710881012873275, 0.16330851656272352], [-0.09427699297540587, -0.2108949700699998, 0.13754538122044876], [0.19743928204012046, 0.03351383693391437, -0.15793688699667496]]	0.6864642804061499	[[-0.5958958550686521, 0.595895855068652, 0.0], [-0.7071067811865475, -0.7071067811865476, 0.0], [0.0, 0.0, 0.8427239999999999]]
2	[[0.04673222253661188, -0.9725397674033924, -0.22799671093185395], [-0.8377629715199755, -0.16246744520517667, 0.5213036857710898], [-0.5440306084466285, 0.16664552219444034, -0.8223502702654952]]	0.17317272705881578	0.8268272729411841	[[0.008092746418184513, -0.1684173636943919, -0.03948281219250964], [-0.14507769840701112, -0.02813493054445914, 0.0902755808907916], [-0.09421126406816949, 0.028858459530551647, -0.14240863889943]]	0.4556096253373893	0.8642291658369413	[[-0.050149590594741826, -0.5421474111030791, 0.09219594174548794], [-0.3082113780939968, -0.18287914179189918, 0.0], [0.06519237560611443, 0.06519237560611442, -0.4757038704608321]]	[[-0.07144124099583107, -0.0990489320507078, 0.19607343779130693], [0.07348149548175717, -0.10885740995244582, -0.23751097696116633], [0.3130579572925548, -0.01073292832504814, -0.10103317192906908]]	0.8930391685816234	[[0.5958958550686521, -0.595895855068652, 0.0], [-0.7071067811865475, -0.7071067811865476, 0.0], [0.0, 0.0, -0.8427239999999999]]
2	[[-0.30792515101507295, 0.09349718223056193, 0.9468053539599837], [0.3027085282091916, -0.9338174967034747, 0.1906631317268273], [0.9019698710720718, 0.34531602882779927, 0.2592434992682147]]	0.5286954551005641	0.47130454489943596	[[-0.16279862785282395, 0.049431535310007296, 0.5005716875035243], [0.1600406230843805, -0.4937050664005132, 0.10080273119921376], [0.4768673714734461, 0.18256701501463288, 0.13706085982747154]]	0.7646871766091967	0.3330579196206826	[[-0.08211960112231555, 0.12286718038600122, 0.736109082767969], [0.313339526490559, -0.8098191537276858, 0.14579765188365496], [0.6776256242468257, 0.2640587391222298, 0.08211960112231555]]	[[0.1533468132143611, 0.05137108408519726, 0.012099169849838021], [0.08186219671874692, -0.0957408887052377, 0.0], [-0.012099169849838021, 0.0, -0.11612057838738395]]	0.4829924842095763	[[0.0, 0.0, 0.9179999999999999], [0.0, -1.0, 0.0], [0.9179999999999999, 0.0, 0.0]]
2	[[0.3802729664721569, 0.7767473726770865, -0.5020517802076895], [0.4287143634067757, 0.332951791095048, 0.839849450446521], [0.8195098935212374, -0.5346088512602871, -0.20639019011321075]]	0.12261094393990024	0.8773890560601001	[[0.0466256273739772, 0.09523772856677507, -0.06155704267797216], [0.05256507277789821, 0.04082353339264429, 0.10297473388665442], [0.10048088161272606, -0.06554889589164954, -0.025305696029716246]]	0.4026115218545898	0.8980771889244463	[[0.20823057080587437, 0.3330007017608193, 0.11064883812484674], [0.23970706512556214, -0.205649957536496, 0.32818225080296776], [0.5570431069220121, 0.0, -0.07980922278873032]]	[[0.0551282930543599, 0.02027325995074331, 0.3127806694040707], [0.06710172283343857, -0.3397001848534848, -0.009950814570046979], [0.22709898151653382, 0.21523968320283826, 0.0032858457486075604]]	1.0000000000000007	[[0.0, 0.0, 0.0], [0.0, 0.0, 0.0], [0.0, 0.0, 0.0]]
2	[[0.5319609947059123, -0.8460851799387872, 0.03402011756955908], [-0.703274286200726, -0.4190807785627857, 0.5742617690636116], [-0.47161719485230363, -0.3294103357928521, -0.8179645788128509]]	0.14733499994079285	0.8526650000592072	[[0.0783764731234997, -0.1246579599361869, 0.00501235402009674], [-0.10361691691574508, -0.061745266484735384, 0.0846088577109868], [-0.06948571937564105, -0.04853367180453641, -0.120514811170962]]	0.4503062442013758	0.8257418771967361	[[0.2129775311867653, -0.48418176214359254, 0.22095486689237293], [-0.38264863665158344, -0.3982437594596058, 0.0], [0.12263204276007152, -0.14231835783190175, -0.3177362028057016]]	[[-0.026567826400881987, -0.10318432249091204, 0.20563539552233556], [-0.06595983418913105, -0.20952906804800936, -0.25859366041547277], [0.3350042104748008, 0.006017173280091507, 0.05059835456927348]]	0.7009932293041943	[[0.5958958550686521, -0.595895855068652, 0.0], [-0.7071067811865475, -0.7071067811865476, 0.0], [0.0, 0.0, -0.8427239999999999]]
2	[[0.08740825448676931, -0.06334395238859675, -0.994156597696443], [0.7119981850616444, -0.6940087028176986, 0.10681996481098455], [-0.6967197295301035, -0.717174639895393, -0.015561310176609944]]	0.14779603501640828	0.852203964983592	[[0.01291859344084969, -0.009361985005302737, -0.14693240332493682], [0.1052305086909899, -0.10257173454333665, 0.01578756725965577], [-0.10297241354225366, -0.10599556819085951, -0.0022998999437634435]]	0.4364706604952194	1.023083258560434	[[0.05863181188157395, -0.014558107173554519, -0.0008962431558562911], [0.6353353138458785, -0.6362538055694796, 0.03785340767454343], [0.007322675332444191, -0.012057750646627922, 0.022171990634820588]]	[[0.020480673312999464, 0.01308966956387399, 0.4330239436763904], [0.3245689957406251, -0.3333393686612082, -0.008770372920583098], [0.3114203958604991, 0.3009679381189354, 0.028964045965776546]]	0.8351185500766193	[[0.0, 0.0, -0.8427239999999999], [0.0, -1.0, 0.0], [-0.8427239999999999, 0.0, 0.0]]
2	[[-0.42203838922340475, -0.825029846081567, 0.3757783270710803], [0.2588054115689476, 0.28760896992378115, 0.9221175843470338], [-0.8688517462515349, 0.4864224845687207, 0.09214016247897017]]	0.10496537193761103	0.895034628062389	[[-0.044299416496784934, -0.08659956465358168, 0.03944371186710917], [0.0271656062848011, 0.03018898250064289, 0.09679041521119781], [-0.09119934670393524, 0.051057517011572635, 0.00967152642499701]]	0.3345647424924122	1.1260531380990342	[[-0.22491583371662413, -0.4378380637202676, 0.27609620757541825], [0.18592771949165715, 0.01712632327442552, 0.017156611735273608], [0.15169785292094554, 0.16273981329225343, -0.08756639854516557]]	[[-0.0837166687041833, -0.1618121657174337, 0.1503740283446528], [0.09934055361444945, -0.07909749768663227, -0.29135142041951695], [0.442385013669673, 0.0, -0.11839324827815126]]	1.0000000000000002	[[0.0, 0.0, 0.0], [0.0, 0.0, 0.0], [0.0, 0.0, 0.0]]
