2	[[0.034229894132735264, 0.2773841392786001, 0.9601491309293217], [-0.1827544195208179, -0.9427759796974285, 0.2788803941677556], [0.9825625356654255, -0.18501754344446375, 0.018422055382213542]]	0.7784837713138599	0.22151622868614004	[[0.02664741707612591, 0.2159390508482536, 0.7474605164695834], [-0.14227134973284158, -0.7339358001789733, 0.21710386099721019], [0.7649089883165295, -0.14403315497987207, 0.014341271149298385]]	0.8802230226144622	0.1783078002123912	[[0.0, 0.2155211466097309, 0.8117498335624145], [-0.18549254168129906, -0.8214865942680214, 0.2454769435022545], [0.8335641610532165, -0.16285670132738847, 0.0]]	[[-0.030129940877289284, -0.02863875889138947, -0.033395536624842154], [-0.02462789413453323, 0.008366528229560164, 0.0], [-0.03131000399793468, 0.0, -0.016215517271303034]]	0.3659945276346511	[[0.0, 0.0, 0.937], [0.0, -1.0, 0.0], [0.937, 0.0, 0.0]]
2	[[0.22433838825039393, -0.7661379269479729, -0.6022499185961573], [-0.9416906372873723, -0.011392912655017143, -0.3362869982418849], [0.2507808429735371, 0.642575192824231, -0.724020780340167]]	0.14105501290162928	0.8589449870983707	[[0.031644054248990014, -0.10806759517007382, -0.08495037003758613], [-0.13283018499191385, -0.001607027441540565, -0.04743496687565925], [0.035373895041113726, 0.09063845211408883, -0.10212676051193]]	0.4037095509285328	0.8690267361872909	[[0.018859345891907294, -0.3089830584733325, 0.10758570622710092], [-0.46626458560242234, -0.124807565267269, -0.13576227304333563], [0.27848984395719734, 0.04072266188540645, -0.3223107547235019]]	[[-0.07170820408469011, 0.0003141399641506948, 0.350719750410301], [-0.08609508130953338, -0.12020813761554404, 0.0], [0.17724722245887173, -0.21869108064747925, -0.030016650629447125]]	0.9612802041135718	[[0.620817833571572, -0.6208178335715719, 0.0], [-0.7071067811865475, -0.7071067811865476, 0.0], [0.0, 0.0, -0.8779690000000001]]
2	[[0.8787972042104137, -0.3840163418041313, 0.28327887866788265], [-0.395223040501579, -0.9183905790867732, -0.018907472103605397], [0.2674214316928388, -0.09534250611366366, -0.9588511794847616]]	0.5717174836520649	0.4282825163479351	[[0.5024237262316475, -0.21954885661752915, 0.16195548768378049], [-0.2259559221968808, -0.5250599508852526, -0.01080973237329489], [0.15288950800206236, -0.054508977680385394, -0.5481919835318424]]	0.8074555787640862	0.34490363196597457	[[0.5692193399701554, -0.24562899595893833, 0.2355010617163562], [-0.34895615330718704, -0.8447123213506493, -0.015266943830382509], [0.209164976111522, -0.07698483845482672, -0.6612671472641232]]	[[-0.1403703651718251, 0.06444714156738361, 0.006765950789939669], [-0.029831104398082717, -0.10315272478265439, 0.0], [-0.006765950789939669, 0.0, 0.11296258681537168]]	0.49882512954910324	[[0.620817833571572, -0.6208178335715719, 0.0], [-0.7071067811865475, -0.7071067811865476, 0.0], [0.0, 0.0, -0.8779690000000001]]
2	[[0.3802729664721569, 0.7767473726770865, -0.5020517802076895], [0.4287143634067757, 0.332951791095048, 0.839849450446521], [0.8195098935212374, -0.5346088512602871, -0.20639019011321075]]	0.12461955967938113	0.8753804403206193	[[0.04738944963973225, 0.09679791556513467, -0.06256547178573169], [0.05342619519597856, 0.04149230560072617, 0.10466166871161567], [0.10212696208351313, -0.06662271964475674, -0.025720254614052085]]	0.41046399423865215	0.9535021797588177	[[0.14426589314778884, 0.3116551430822183, 0.11888188429634877], [0.27563958511464687, -0.2752229712345975, 0.3280709779330031], [0.5764988916846602, 0.0, -0.07417613441359676]]	[[-0.011822467571353794, -0.007171686021197483, 0.3249560633150229], [0.09966777512322068, -0.41188769329638425, -0.01665698205641284], [0.24011958747184053, 0.21943768444363496, 0.010539607391946523]]	1.0000000000000007	[[0.0, 0.0, 0.0], [0.0, 0.0, 0.0], [0.0, 0.0, 0.0]]
2	[[0.8489524140446696, -0.5135124485683378, 0.12483895166604869], [0.522794976890395, 0.7815435453534784, -0.34040431673891397], [0.0772347773085365, 0.35425224329800037, 0.9319550081910795]]	0.21172942717668508	0.7882705728233149	[[0.17974820832594185, -0.10872569658347113, 0.026432079725590335], [0.11069108098785164, 0.16547576717132764, -0.07207361099160113], [0.016352875157655294, 0.0750056245495413, 0.1973223000387401]]	0.0	0.4481760265732404	[[0.662559053971795, -0.6625590539717949, 0.0], [0.7071067811865474, 0.7071067811865476, 0.0], [0.0, 0.0, 0.9369999999999997]]	[[0.662559053971795, -0.6625590539717949, 0.0], [0.7071067811865474, 0.7071067811865475, 0.0], [0.0, 0.0, 0.9369999999999998]]	0.4481760265732404	[[0.6625590539717952, -0.662559053971795, 0.0], [0.7071067811865475, 0.7071067811865476, 0.0], [0.0, 0.0, 0.937]]
2	[[-0.5446221603179724, 0.8109226453022452, -0.2139887049042392], [-0.8354447797583356, -0.5021691245819775, 0.22328947644507607], [0.07361197229480154, 0.30038414347728, 0.9509735242804028]]	0.23741741811425593	0.7625825818857442	[[-0.1293027871505014, 0.19252716073804158, -0.05080464582397787], [-0.19834914258725717, -0.11922369701494931, 0.053012810989673934], [0.01747676440452993, 0.07131642778683803, 0.22577767882966787]]	0.5938422985874191	0.5801484000398721	[[-0.3530247275345523, 0.5271605246557208, 0.1358161406335447], [-0.6082067076930591, -0.39431758666160827, 0.13259873594252536], [0.1783561740187328, 0.013716854054397707, 0.5002396602461169]]	[[-0.02960505198968178, 0.045600356992845106, 0.26289168502562305], [-0.11208425933850912, -0.0961083194402148, 0.0], [0.13464227118763444, -0.16466395616736335, -0.06448864330833637]]	0.4218383281465264	[[-0.620817833571572, 0.6208178335715719, 0.0], [-0.7071067811865475, -0.7071067811865476, 0.0], [0.0, 0.0, 0.8779690000000001]]
2	[[0.8592155572171323, 0.2624339665249735, -0.4391776855101157], [-0.4266000482917053, 0.8413623931712975, -0.33184593135155627], [0.2824199444684594, 0.4724804086637203, 0.8348660002631537]]	0.16827513580751682	0.8317248641924833	[[0.14458461457864413, 0.04416111135749524, -0.07390268467284562], [-0.0717861810617799, 0.14158037097423742, -0.055841419165355045], [0.04752425451018137, 0.07950670493427858, 0.14048718957536055]]	0.0	0.6886801628918202	[[0.6625590539717952, 0.6625590539717949, 0.0], [-0.7071067811865474, 0.7071067811865474, 0.0], [0.0, 0.0, 0.9369999999999998]]	[[0.662559053971795, 0.6625590539717949, 0.0], [-0.7071067811865474, 0.7071067811865475, 0.0], [0.0, 0.0, 0.9369999999999999]]	0.6886801628918205	[[0.6625590539717952, 0.662559053971795, 0.0], [-0.7071067811865475, 0.7071067811865476, 0.0], [0.0, 0.0, 0.937]]
2	[[0.08740825448676931, -0.06334395238859675, -0.994156597696443], [0.7119981850616444, -0.6940087028176986, 0.10681996481098455], [-0.6967197295301035, -0.717174639895393, -0.015561310176609944]]	0.15374168631572083	0.8462583136842793	[[0.013438292442709613, -0.009738606058125618, -0.15284331179175079], [0.10946380162510988, -0.10669806828897899, 0.016422681522226725], [-0.10711486610739106, -0.11025963852038756, -0.0023924220678339624]]	0.4459243210185905	1.024607320136232	[[0.06049529946603332, -0.014961149005467238, -0.00045801159243868267], [0.6351730285815965, -0.636527691010158, 0.03825701019589897], [0.008286623721747738, -0.012477051811167662, 0.023491644491497612]]	[[0.021517832932600525, 0.013285459954051695, 0.44286059422149976], [0.31767572134151395, -0.32705233142518303, -0.009376610083669044], [0.3189708960527152, 0.3073285625359376, 0.030430811166162086]]	0.8230916793281128	[[0.0, 0.0, -0.8779690000000001], [0.0, -1.0, 0.0], [-0.8779690000000001, 0.0, 0.0]]
2	[[-0.30792515101507295, 0.09349718223056193, 0.9468053539599837], [0.3027085282091916, -0.9338174967034747, 0.1906631317268273], [0.9019698710720718, 0.34531602882779927, 0.2592434992682147]]	0.554452229281065	0.44554777071893514	[[-0.1707297864320158, 0.05183972111923304, 0.5249583391983608], [0.1678374182879764, -0.5177571927889051, 0.10571359842764876], [0.5000992057602651, 0.19146124199005782, 0.1437381360958858]]	0.7800938793164128	0.31442672002845357	[[-0.0950247734561893, 0.13058484394928235, 0.7498543130856576], [0.30682053753425936, -0.8113026590912448, 0.148735142071397], [0.6923639241936725, 0.26937892051841617, 0.0950247734561893]]	[[0.1451857521382512, 0.057648264357889695, 0.011257251557464688], [0.07067946746138931, -0.08283734551428974, 0.0], [-0.011257251557464688, 0.0, -0.10720949357551397]]	0.47826339302000687	[[0.0, 0.0, 0.937], [0.0, -1.0, 0.0], [0.937, 0.0, 0.0]]
2	[[-0.8305561570912853, 0.32773595720904825, 0.4502950280316503], [-0.5100865793185324, -0.772219296347621, -0.37879947194723407], [0.22358030216652452, -0.5443036842615101, 0.808545204538665]]	0.18624106060127757	0.8137589393987223	[[-0.1546836595856023, 0.06103789226778805, 0.08386342360409656], [-0.09499906553076116, -0.1438189407685532, -0.07054801541065676], [0.04163983260504762, -0.10137169544604656, 0.15058431643735787]]	0.520886571848209	0.6590768415801044	[[-0.3801389701451101, 0.14946892011193552, 0.4043722866387422], [-0.3535399739309694, -0.603428420236151, -0.058874560057945766], [0.3224847628338182, -0.2493840091785116, 0.26526560478798134]]	[[0.05248657924959197, -0.021244339110076876, 0.1698196531670427], [-0.08784272428395958, -0.2011897582466025, 0.13843699830256073], [0.2060247857055106, 0.03413647096081629, -0.15589473498847276]]	0.6829600921243191	[[-0.620817833571572, 0.6208178335715719, 0.0], [-0.7071067811865475, -0.7071067811865476, 0.0], [0.0, 0.0, 0.8779690000000001]]
2	[[-0.3195682178843842, -0.5708200961323295, -0.7563336379995778], [0.910087742671785, 0.03735879733279218, -0.41272826520656647], [0.2638493031197415, -0.8202248094963509, 0.507557688474819]]	0.11551997045950292	0.8844800295404971	[[-0.036916511089800076, -0.06594112064289732, -0.08737163951923957], [0.10513330914900028, 0.0043156871642867425, -0.04767835700446443], [0.03047986370215297, -0.09475234576316986, 0.05863304917910469]]	0.36362734549684095	1.0713699374536245	[[-0.18587429536136504, -0.2772363488997609, 0.18516282963929254], [0.5387178642990382, -0.07612786170949128, -0.15007928348857988], [0.2443782050915225, -0.046156763736091205, 0.08603281458017425]]	[[-0.0696705525869104, -0.06967055258691039, 0.4601864227350476], [0.20778507426208498, -0.08971254201456909, 0.0], [0.14843538338689963, 0.2520994064517189, -0.09852904036643662]]	0.9670914899241964	[[1.7530710954293814e-16, -0.8779690000000001, 0.0], [1.0, 1.7938038903913487e-16, 0.0], [0.0, 0.0, 0.8779690000000001]]
2	[[-0.42203838922340475, -0.825029846081567, 0.3757783270710803], [0.2588054115689476, 0.28760896992378115, 0.9221175843470338], [-0.8688517462515349, 0.4864224845687207, 0.09214016247897017]]	0.10671975063115033	0.8932802493688498	[[-0.045039831654694114, -0.0880469794370812, 0.04010296935761655], [0.02761964898463032, 0.030693557549547938, 0.09840815865411418], [-0.09272364169540327, 0.05191088625455845, 0.009833175162869363]]	0.34070320895504164	1.1323967620125388	[[-0.22881828178982658, -0.4516320047022156, 0.28643601302853533], [0.18502258880483965, 0.014411538418012206, 0.023075981748327534], [0.16257318153888367, 0.1657257014004474, -0.0888559357137538]]	[[-0.08502844827919574, -0.1705416886585415, 0.15840713113966115], [0.09684675458836897, -0.08357776055927418, -0.2910924382725782], [0.45859375959297327, 0.0, -0.12024838474397787]]	1.0000000000000002	[[0.0, 0.0, 0.0], [0.0, 0.0, 0.0], [0.0, 0.0, 0.0]]
2	[[0.04673222253661188, -0.9725397674033924, -0.22799671093185395], [-0.8377629715199755, -0.16246744520517667, 0.5213036857710898], [-0.5440306084466285, 0.16664552219444034, -0.8223502702654952]]	0.17646685135780363	0.8235331486421963	[[0.008246688167988105, -0.17162103057392736, -0.04023386169807959], [-0.14783739376828733, -0.028670118503504042, 0.09199282002924207], [-0.09600336851484671, 0.029407410594529868, -0.1451175629069908]]	0.46386588233537873	0.874539041006347	[[-0.05731166020171504, -0.5601703486544837, 0.09989316385289983], [-0.3053632641428523, -0.18970974821201714, 0.0], [0.07063513355456438, 0.07063513355456437, -0.4931677522072542]]	[[-0.07898914384215379, -0.10904233134166494, 0.20565305933886854], [0.08324639582916987, -0.11434664339114307, -0.24181499416489158], [0.3229923717591127, -0.006666038635399636, -0.11170751850181312]]	0.8857310114102118	[[0.620817833571572, -0.6208178335715719, 0.0], [-0.7071067811865475, -0.7071067811865476, 0.0], [0.0, 0.0, -0.8779690000000001]]
2	[[0.5319609947059123, -0.8460851799387872, 0.03402011756955908], [-0.703274286200726, -0.4190807785627857, 0.5742617690636116], [-0.47161719485230363, -0.3294103357928521, -0.8179645788128509]]	0.1506821825159707	0.8493178174840293	[[0.0801570436956536, -0.12748996150759426, 0.005126225564831111], [-0.10597090435208681, -0.06314800636433279, 0.08653101669798734], [-0.07106430823240496, -0.04963626834058574, -0.1232526879562771]]	0.45871583350300643	0.8184453911992898	[[0.215847092211268, -0.5076576532012456, 0.22633569764837372], [-0.3839960623086957, -0.39946976963412234, 0.0], [0.13487498196463288, -0.14961836236971013, -0.3314939256097738]]	[[-0.02817183886634305, -0.11954498467108365, 0.21073013106158314], [-0.06139301193289769, -0.20723078099060527, -0.2634229660449256], [0.35121325659565716, 0.001487374378013274, 0.04371937793629875]]	0.687281739298372	[[0.620817833571572, -0.6208178335715719, 0.0], [-0.7071067811865475, -0.7071067811865476, 0.0], [0.0, 0.0, -0.8779690000000001]]
