2	[[0.8787972042104137, -0.3840163418041313, 0.28327887866788265], [-0.395223040501579, -0.9183905790867732, -0.018907472103605397], [0.2674214316928388, -0.09534250611366366, -0.9588511794847616]]	0.5545974072295593	0.44540259277044064	[[0.48737865093568106, -0.21297446749835144, 0.15710573163210464], [-0.21918967353955882, -0.5093370339855781, -0.010486035005924774], [0.14831123265446508, -0.05287670668940627, -0.5317763780612538]]	0.7973028191237542	0.35969724703125416	[[0.5561092140822472, -0.2392875321472256, 0.23261430549502252], [-0.3499607740949994, -0.8432135613731988, -0.015074980810708323], [0.20646060444790704, -0.0760168489067478, -0.6447314110788208]]	[[-0.14455827427278914, 0.06688977976279945, 0.006755256934903774], [-0.034848329720428756, -0.11097816361061719, 0.0], [-0.006755256934903774, 0.0, 0.11976333744451664]]	0.5069002854574148	[[0.6039721741649235, -0.6039721741649234, 0.0], [-0.7071067811865475, -0.7071067811865476, 0.0], [0.0, 0.0, -0.8541456399999998]]
2	[[0.08740825448676931, -0.06334395238859675, -0.994156597696443], [0.7119981850616444, -0.6940087028176986, 0.10681996481098455], [-0.6967197295301035, -0.717174639895393, -0.015561310176609944]]	0.14972478476101375	0.8502752152389863	[[0.013087182089367409, -0.009484159637294548, -0.14884988260884177], [0.10660377500858714, -0.10391030365165019, 0.015993596239503725], [-0.1043162115426465, -0.10737881859439526, -0.0023299138167923138]]	0.43957486194612483	1.0235741369414066	[[0.059238417579103385, -0.014689668277014192, -0.0007564231234512934], [0.6352820258997333, -0.6363437385198151, 0.03798593449093207], [0.007632021617882904, -0.012194023265008952, 0.022597832628984113]]	[[0.020815946180129975, 0.013154740849325105, 0.43624982606179186], [0.32230552199536955, -0.33127495878931595, -0.008969436793946373], [0.3138925005412196, 0.3030579200582702, 0.029438193401568235]]	0.8311797113338607	[[0.0, 0.0, -0.8541456399999998], [0.0, -1.0, 0.0], [-0.8541456399999998, 0.0, 0.0]]
2	[[-0.42203838922340475, -0.825029846081567, 0.3757783270710803], [0.2588054115689476, 0.28760896992378115, 0.9221175843470338], [-0.8688517462515349, 0.4864224845687207, 0.09214016247897017]]	0.10554338935038232	0.8944566106496178	[[-0.044543362034614016, -0.08707644627067282, 0.03966091828349838], [0.027315200319207367, 0.03035522549332805, 0.09732341523157301], [-0.09170155814238529, 0.05133867767761684, 0.00972478504332542]]	0.3365847655393865	1.1280498181097944	[[-0.2262020385493819, -0.4423258820643785, 0.2794516968682477], [0.1856298625498581, 0.01623295226540934, 0.019104535361269104], [0.1552044077586077, 0.16372239792164867, -0.08799358598019852]]	[[-0.08415034626400196, -0.1646334047580182, 0.15297043675624533], [0.09851990377659946, -0.080571845443411, -0.2912661955659227], [0.44764666905916706, 0.0, -0.11900656096494366]]	1.0000000000000002	[[0.0, 0.0, 0.0], [0.0, 0.0, 0.0], [0.0, 0.0, 0.0]]
2	[[-0.3195682178843842, -0.5708200961323295, -0.7563336379995778], [0.910087742671785, 0.03735879733279218, -0.41272826520656647], [0.2638493031197415, -0.8202248094963509, 0.507557688474819]]	0.11343903775223951	0.8865609622477604	[[-0.03625151113300256, -0.06475328243489234, -0.08579776011432275], [0.10323947779879501, 0.004237946021012868, -0.046819497258184024], [0.02993081105750245, -0.09304551312978002, 0.057576855784334434]]	0.3584733872659669	1.0681610458190307	[[-0.18137212617385462, -0.27143923802633196, 0.18234039838334046], [0.5369187583312043, -0.0749526914958436, -0.14795209924900418], [0.23685772611027084, -0.04726490798423474, 0.08745464410995057]]	[[-0.06681542464629094, -0.06681542464629092, 0.45346587950024064], [0.210676522506412, -0.08834482611991247, 0.0], [0.1422747726931723, 0.24676385779550455, -0.09449127971050218]]	0.9610854938066874	[[1.705502167811198e-16, -0.8541456399999998, 0.0], [1.0, 1.7938038903913487e-16, 0.0], [0.0, 0.0, 0.8541456399999998]]
2	[[-0.30792515101507295, 0.09349718223056193, 0.9468053539599837], [0.3027085282091916, -0.9338174967034747, 0.1906631317268273], [0.9019698710720718, 0.34531602882779927, 0.2592434992682147]]	0.5369686564163123	0.46303134358368775	[[-0.16534615461735377, 0.050205056321055944, 0.5084047988036634], [0.16254499167824896, -0.5014307265429091, 0.10238012567148083], [0.48432954979756493, 0.18542388403867996, 0.13920563348671652]]	0.7697367944043672	0.3269559732078069	[[-0.08628344078561495, 0.12535477955254445, 0.7406228232359203], [0.3111910201711693, -0.8103102993309659, 0.14676042782650567], [0.6824474920544666, 0.26580245308635625, 0.08628344078561495]]	[[0.15073787787320797, 0.05338655821655077, 0.011831905153870264], [0.0781851280285622, -0.09151661285972255, 0.0], [-0.011831905153870264, 0.0, -0.11326581931127158]]	0.4813960834530133	[[0.0, 0.0, 0.9241999999999999], [0.0, -1.0, 0.0], [0.9241999999999999, 0.0, 0.0]]
2	[[0.3802729664721569, 0.7767473726770865, -0.5020517802076895], [0.4287143634067757, 0.332951791095048, 0.839849450446521], [0.8195098935212374, -0.5346088512602871, -0.20639019011321075]]	0.1232788017977636	0.8767211982022369	[[0.04687959566276863, 0.09575648540319215, -0.06189234190443818], [0.052851393034278285, 0.04104589786261684, 0.10353563394155735], [0.10102819773471097, -0.06590593861384703, -0.02544353533996925]]	0.4051936164667583	0.8970088023064524	[[0.21154011758386937, 0.3354534129310385, 0.11330187089168539], [0.24072435800112119, -0.20417777299294798, 0.3281456614252579], [0.5633640122472147, 0.0, -0.07802106896381697]]	[[0.05745593905447381, 0.02072033591495692, 0.31673004736761323], [0.06701203466108574, -0.33908771333583504, -0.012155974688787406], [0.23130383476105645, 0.21662009383729497, 0.005606918571416666]]	1.0000000000000007	[[0.0, 0.0, 0.0], [0.0, 0.0, 0.0], [0.0, 0.0, 0.0]]
2	[[0.22433838825039393, -0.7661379269479729, -0.6022499185961573], [-0.9416906372873723, -0.011392912655017143, -0.3362869982418849], [0.2507808429735371, 0.642575192824231, -0.724020780340167]]	0.1383565612249701	0.86164343877503	[[0.03103868794907675, -0.10600020899654887, -0.08332522773498251], [-0.13028907831283143, -0.001576284217284618, -0.046527512661414756], [0.0346971750549178, 0.08890449400763269, -0.10017302542328498]]	0.3979941658688991	0.8693616651684787	[[0.01833217897144637, -0.30371665095798167, 0.10441432333916698], [-0.4605996353583559, -0.1234649629543079, -0.1338402633578349], [0.2723465994659826, 0.04174040659454925, -0.31874759465654406]]	[[-0.07095319073264242, 0.0012017742182043462, 0.34410627733545696], [-0.08581225566461603, -0.1189306501853571, 0.0], [0.1725372870508304, -0.21400077128157757, -0.030591548113309844]]	0.9645787077630906	[[0.6039721741649235, -0.6039721741649234, 0.0], [-0.7071067811865475, -0.7071067811865476, 0.0], [0.0, 0.0, -0.8541456399999998]]
2	[[0.034229894132735264, 0.2773841392786001, 0.9601491309293217], [-0.1827544195208179, -0.9427759796974285, 0.2788803941677556], [0.9825625356654255, -0.18501754344446375, 0.018422055382213542]]	0.7537797632325663	0.2462202367674336	[[0.025801801494849008, 0.20908655082989241, 0.7237409845798585], [-0.1377565830761072, -0.7106454547576787, 0.21021439748597562], [0.7406357554950745, -0.13946248009143894, 0.013886172544262151]]	0.869075634691493	0.19613992785575513	[[0.0, 0.20701770335013633, 0.7957881792648566], [-0.18825154805924926, -0.8216314785340202, 0.24236815556435595], [0.8149345650993566, -0.1607942389980582, 0.0]]	[[-0.029748366968829508, -0.03405009354676653, -0.03865403609602915], [-0.029424134921519067, -0.0022878456065832872, 0.0], [-0.03898659420815586, 0.0, -0.016010159473619057]]	0.37196024295738384	[[0.0, 0.0, 0.9241999999999999], [0.0, -1.0, 0.0], [0.9241999999999999, 0.0, 0.0]]
2	[[-0.5446221603179724, 0.8109226453022452, -0.2139887049042392], [-0.8354447797583356, -0.5021691245819775, 0.22328947644507607], [0.07361197229480154, 0.30038414347728, 0.9509735242804028]]	0.23337589088213423	0.7666241091178657	[[-0.12710168185835932, 0.18924979478390844, -0.04993980464574098], [-0.19497266975893002, -0.11719416682282044, 0.05211038048997496], [0.017179259613890274, 0.07010241709087704, 0.2219342934342619]]	0.5891257169103652	0.5800321100155833	[[-0.33995975900228914, 0.5213886519315161, 0.13381953777990696], [-0.6062135593712068, -0.40221916052631, 0.13154557288924554], [0.17407456827910964, 0.01517483695973354, 0.49850791679634177]]	[[-0.01910883835969191, 0.043653267158981005, 0.2598857869673375], [-0.11403155455705527, -0.10637841499670211, 0.0], [0.13070786232774878, -0.16178918691482502, -0.06173504245812698]]	0.43203271416160477	[[-0.6039721741649235, 0.6039721741649234, 0.0], [-0.7071067811865475, -0.7071067811865476, 0.0], [0.0, 0.0, 0.8541456399999998]]
2	[[0.8489524140446696, -0.5135124485683378, 0.12483895166604869], [0.522794976890395, 0.7815435453534784, -0.34040431673891397], [0.0772347773085365, 0.35425224329800037, 0.9319550081910795]]	0.20901736518881273	0.7909826348111871	[[0.17744579675429886, -0.10733301899140966, 0.02609350875017105], [0.10927322860357658, 0.16335617263010743, -0.07115041338366584], [0.01614340965397501, 0.07404487050637427, 0.19479478028661779]]	0.0	0.45294868277620565	[[0.6535080871726073, -0.6535080871726071, 0.0], [0.7071067811865475, 0.7071067811865477, 0.0], [0.0, 0.0, 0.9241999999999998]]	[[0.6535080871726073, -0.6535080871726072, 0.0], [0.7071067811865476, 0.7071067811865477, 0.0], [0.0, 0.0, 0.9242000000000001]]	0.4529486827762057	[[0.6535080871726072, -0.6535080871726071, 0.0], [0.7071067811865475, 0.7071067811865476, 0.0], [0.0, 0.0, 0.9241999999999999]]
2	[[0.04673222253661188, -0.9725397674033924, -0.22799671093185395], [-0.8377629715199755, -0.16246744520517667, 0.5213036857710898], [-0.5440306084466285, 0.16664552219444034, -0.8223502702654952]]	0.1742568624783383	0.8257431375216615	[[0.008143410475869459, -0.16947172850312814, -0.03972999150236555], [-0.14598594691760045, -0.028311067256325442, 0.09084074468086367], [-0.09480106692009088, 0.029039125843667465, -0.1433001779546787]]	0.45832192453931264	0.8675596576938341	[[-0.05245703109550478, -0.5480066123027986, 0.09467442913840264], [-0.30727839160206366, -0.1851174487683959, 0.0], [0.06694493084872978, 0.06694493084872977, -0.4813767981651561]]	[[-0.07387543326648416, -0.10227031441546032, 0.19917032048132327], [0.07668674581274482, -0.11065505660697406, -0.23892490853204296], [0.3162860863202818, -0.009432365599284844, -0.10447563965165041]]	0.8905983675986127	[[0.6039721741649235, -0.6039721741649234, 0.0], [-0.7071067811865475, -0.7071067811865476, 0.0], [0.0, 0.0, -0.8541456399999998]]
2	[[0.8592155572171323, 0.2624339665249735, -0.4391776855101157], [-0.4266000482917053, 0.8413623931712975, -0.33184593135155627], [0.2824199444684594, 0.4724804086637203, 0.8348660002631537]]	0.16560052061183708	0.8343994793881631	[[0.1422865435929468, 0.04345920148276506, -0.07272805336157677], [-0.07064519009014121, 0.13933005033238813, -0.05495385899473767], [0.04676888983514298, 0.07824300165360562, 0.13825424428470034]]	0.0	0.6891004027464833	[[0.6535080871726072, 0.6535080871726071, 0.0], [-0.7071067811865475, 0.7071067811865476, 0.0], [0.0, 0.0, 0.9241999999999999]]	[[0.6535080871726072, 0.6535080871726071, 0.0], [-0.7071067811865475, 0.7071067811865476, 0.0], [0.0, 0.0, 0.9241999999999999]]	0.6891004027464833	[[0.6535080871726072, 0.6535080871726071, 0.0], [-0.7071067811865475, 0.7071067811865476, 0.0], [0.0, 0.0, 0.9241999999999999]]
2	[[0.5319609947059123, -0.8460851799387872, 0.03402011756955908], [-0.703274286200726, -0.4190807785627857, 0.5742617690636116], [-0.47161719485230363, -0.3294103357928521, -0.8179645788128509]]	0.1484210193807155	0.8515789806192846	[[0.07895419310503092, -0.1255768248894309, 0.005049300529125771], [-0.1043806864621568, -0.06220039635715255, 0.08523251715579426], [-0.06999790481745241, -0.04889141783291891, -0.12140313660472093]]	0.4530730424010028	0.8232633373672091	[[0.2139315218113907, -0.4917765956523188, 0.22271398900473058], [-0.38309194663361856, -0.39864712312243283, 0.0], [0.12657118030217854, -0.14467865426270446, -0.322192717016464]]	[[-0.027085664498680762, -0.10843820904705248, 0.20730039083465063], [-0.06445732614226209, -0.20877291976721052, -0.2601825268442326], [0.3402482176225383, 0.004568288773299009, 0.04840498328252914]]	0.6964973643289952	[[0.6039721741649235, -0.6039721741649234, 0.0], [-0.7071067811865475, -0.7071067811865476, 0.0], [0.0, 0.0, -0.8541456399999998]]
2	[[-0.8305561570912853, 0.32773595720904825, 0.4502950280316503], [-0.5100865793185324, -0.772219296347621, -0.37879947194723407], [0.22358030216652452, -0.5443036842615101, 0.808545204538665]]	0.1830544158529372	0.8169455841470625	[[-0.15203697216940554, 0.05999351420090555, 0.08242849331781568], [-0.09337360081157686, -0.14135815220327988, -0.06934091606270197], [0.04092736160931634, -0.09963719296909229, 0.14800777010751892]]	0.5145090388861574	0.666307109688822	[[-0.37082671943809503, 0.14338324317550374, 0.39709977351641695], [-0.3546081794684151, -0.6050308375029607, -0.057057751907742135], [0.31525323713378245, -0.24633064818841874, 0.2586906490065825]]	[[0.05650193068792256, -0.02523986917655847, 0.16541891142863724], [-0.09216402379450926, -0.20771702952980137, 0.13783800033441315], [0.20021915075220725, 0.0337185172631653, -0.1573131670766176]]	0.6851718906394515	[[-0.6039721741649235, 0.6039721741649234, 0.0], [-0.7071067811865475, -0.7071067811865476, 0.0], [0.0, 0.0, 0.8541456399999998]]
