2	[[-0.8305561570912853, 0.32773595720904825, 0.4502950280316503], [-0.5100865793185324, -0.772219296347621, -0.37879947194723407], [0.22358030216652452, -0.5443036842615101, 0.808545204538665]]	0.1942510388257341	0.8057489611742658	[[-0.16133639631809177, 0.06366305014840395, 0.08747027697321112], [-0.09908484792369016, -0.1500044005168028, -0.07358219093238974], [0.04343070595681893, -0.10573155610447271, 0.1570607459192013]]	0.5366098054269186	0.6408317339791668	[[-0.40447648821879784, 0.16556280253670724, 0.4228561243472458], [-0.3508682297478468, -0.5992618143421983, -0.06334540277840761], [0.3410970700687559, -0.256911795915643, 0.28235719504730705]]	[[0.04120808963408606, -0.010303525692645053, 0.18122339697047307], [-0.07715076966884665, -0.18488136798218927, 0.13992210815901715], [0.22112168762588544, 0.035166898189080864, -0.15151608983905407]]	0.6803713325085552	[[-0.6644939526835627, 0.6644939526835626, 0.0], [-0.7071067811865475, -0.7071067811865476, 0.0], [0.0, 0.0, 0.93973636]]
2	[[0.8787972042104137, -0.3840163418041313, 0.28327887866788265], [-0.395223040501579, -0.9183905790867732, -0.018907472103605397], [0.2674214316928388, -0.09534250611366366, -0.9588511794847616]]	0.6185509746321017	0.3814490253678983	[[0.5435808671683177, -0.23753368249759974, 0.1752224264927077], [-0.24446559689931435, -0.5680713877870639, -0.011695235297514395], [0.1654137872111174, -0.05897420008047377, -0.5930983315974396]]	0.8326589452120632	0.30689282648652416	[[0.6029497663291522, -0.2621280795516297, 0.24265043340975004], [-0.34660296167026583, -0.848421153840274, -0.01574347577841458], [0.21589510614316412, -0.07938779057447787, -0.7039541573383664]]	[[-0.12878858678400104, 0.05762656255919334, 0.006775741097294823], [-0.017516961642716496, -0.08371502296518545, 0.0], [-0.006775741097294823, 0.0, 0.09444185438675777]]	0.4809666170256091	[[0.6644939526835627, -0.6644939526835626, 0.0], [-0.7071067811865475, -0.7071067811865476, 0.0], [0.0, 0.0, -0.93973636]]
2	[[-0.30792515101507295, 0.09349718223056193, 0.9468053539599837], [0.3027085282091916, -0.9338174967034747, 0.1906631317268273], [0.9019698710720718, 0.34531602882779927, 0.2592434992682147]]	0.6013052993465919	0.39869470065340823	[[-0.18515702510746299, 0.05622035114921089, 0.5693190767858638], [0.18202024216959428, -0.5615094093903681, 0.11464675149735859], [0.5423592633265992, 0.20764035808347622, 0.15588448993113185]]	0.8059139423937224	0.28328775772079445	[[-0.11801111101631225, 0.14439808117435635, 0.7727078254197408], [0.2961415712001991, -0.8136868857131423, 0.153658076159101], [0.7172459047856842, 0.278295002164356, 0.11801111101631225]]	[[0.1301500614004275, 0.0690473984402199, 0.009664189930366704], [0.05218454783492822, -0.06111034546860817, 0.0], [-0.009664189930366704, 0.0, -0.09091683951887876]]	0.47135727342436295	[[0.0, 0.0, 0.9694], [0.0, -1.0, 0.0], [0.9694, 0.0, 0.0]]
2	[[0.3802729664721569, 0.7767473726770865, -0.5020517802076895], [0.4287143634067757, 0.332951791095048, 0.839849450446521], [0.8195098935212374, -0.5346088512602871, -0.20639019011321075]]	0.1277863209628983	0.8722136790371021	[[0.04859368334712451, 0.09925768907200214, -0.06415534992561425], [0.05478383124370287, 0.04254668444204367, 0.10732127143527288], [0.10472215428577544, -0.06831569825675342, -0.026373843077400344]]	0.4234434503570166	0.9471444484726121	[[0.1441445233996853, 0.3197182811443704, 0.13362422328561338], [0.283378440517678, -0.2667007907662361, 0.32788705352522024], [0.6102610913467833, 0.0, -0.06352325230807651]]	[[-0.01687957360078292, -0.009190306397762589, 0.34621476135463997], [0.10184215125910098, -0.40768704599007194, -0.02774169555229884], [0.26324499443243926, 0.22637661656905708, 0.02387132191330206]]	1.0000000000000007	[[0.0, 0.0, 0.0], [0.0, 0.0, 0.0], [0.0, 0.0, 0.0]]
2	[[0.5319609947059123, -0.8460851799387872, 0.03402011756955908], [-0.703274286200726, -0.4190807785627857, 0.5742617690636116], [-0.47161719485230363, -0.3294103357928521, -0.8179645788128509]]	0.1565232135096227	0.8434767864903774	[[0.08326424435314478, -0.13243197126688633, 0.005324938125962589], [-0.11007875125482375, -0.06559587018076174, 0.08988529748955733], [-0.07381903888467649, -0.0515603643215811, -0.12803044441283246]]	0.47116381529572854	0.8079397758786868	[[0.21971023419975227, -0.5405868774833142, 0.23473575671476204], [-0.3777895851188451, -0.3972736247868289, 0.007266402724219584], [0.15645069437109055, -0.15520623061000727, -0.35457314342139545]]	[[-0.03093053765439624, -0.14194215603818233, 0.2187067083238793], [-0.046432189233130874, -0.1998179262420825, -0.26330496336626624], [0.378659651256771, 0.0, 0.030822168308830965]]	0.6643911417171374	[[0.6644939526835627, -0.6644939526835626, 0.0], [-0.7071067811865475, -0.7071067811865476, 0.0], [0.0, 0.0, -0.93973636]]
2	[[0.08740825448676931, -0.06334395238859675, -0.994156597696443], [0.7119981850616444, -0.6940087028176986, 0.10681996481098455], [-0.6967197295301035, -0.717174639895393, -0.015561310176609944]]	0.1641180591173963	0.8358819408826039	[[0.014345273077208023, -0.010395886522841263, -0.16315905127269442], [0.11685176022742585, -0.11389936131702248, 0.01753108529976735], [-0.1143442897592779, -0.1177013099478495, -0.0025538920235090024]]	0.46163835500854	1.0273419551156633	[[0.06370399042235408, -0.015647521913658882, 0.00035613808870005315], [0.6349032752778164, -0.6369829480096596, 0.03892788511501963], [0.010039750926251966, -0.013203639615298697, 0.02584241416392076]]	[[0.023352987606914056, 0.0135944760667522, 0.4592969544701728], [0.30621760435689305, -0.3166019120792865, -0.01038430772239339], [0.3316723007685239, 0.31787168139985256, 0.03302611179562866]]	0.8029115216135839	[[0.0, 0.0, -0.93973636], [0.0, -1.0, 0.0], [-0.93973636, 0.0, 0.0]]
2	[[0.8489524140446696, -0.5135124485683378, 0.12483895166604869], [0.522794976890395, 0.7815435453534784, -0.34040431673891397], [0.0772347773085365, 0.35425224329800037, 0.9319550081910795]]	0.21829903929321007	0.7817009607067901	[[0.18532549639160287, -0.11209927418757208, 0.027252223215069926], [0.11412564120248916, 0.17061020511647362, -0.0743099353153665], [0.016860277686478548, 0.077332924379418, 0.20344488295260837]]	0.0	0.436788340912176	[[0.6854693136822392, -0.6854693136822391, 0.0], [0.7071067811865474, 0.7071067811865475, 0.0], [0.0, 0.0, 0.9693999999999999]]	[[0.6854693136822392, -0.6854693136822391, 0.0], [0.7071067811865474, 0.7071067811865475, 0.0], [0.0, 0.0, 0.9693999999999999]]	0.43678834091217594	[[0.6854693136822393, -0.6854693136822392, 0.0], [0.7071067811865475, 0.7071067811865476, 0.0], [0.0, 0.0, 0.9694]]
2	[[0.04673222253661188, -0.9725397674033924, -0.22799671093185395], [-0.8377629715199755, -0.16246744520517667, 0.5213036857710898], [-0.5440306084466285, 0.16664552219444034, -0.8223502702654952]]	0.1818919094844666	0.8181080905155332	[[0.008500213191637358, -0.17689711534258207, -0.041470757107572885], [-0.15238230658514915, -0.02955151383743252, 0.09482092282619388], [-0.09895476618835355, 0.03031147223898281, -0.1495788609236581]]	0.4774284783355022	0.8921594843612357	[[-0.070174232335343, -0.5906605212395121, 0.11334224523303285], [-0.30132370925690033, -0.20067933606575208, 0.0008784912400058208], [0.08072882231565554, 0.07956131808271681, -0.5234077237096536]]	[[-0.0924855262302337, -0.1263423399673473, 0.22219436799872724], [0.09864819144171011, -0.12311275092238794, -0.24800673420837435], [0.34046452787426684, 0.0, -0.13079428551800912]]	0.8745677822718327	[[0.6644939526835627, -0.6644939526835626, 0.0], [-0.7071067811865475, -0.7071067811865476, 0.0], [0.0, 0.0, -0.93973636]]
2	[[-0.5446221603179724, 0.8109226453022452, -0.2139887049042392], [-0.8354447797583356, -0.5021691245819775, 0.22328947644507607], [0.07361197229480154, 0.30038414347728, 0.9509735242804028]]	0.2475886545805662	0.7524113454194338	[[-0.1348422679278882, 0.20077524671929659, -0.05298117554267844], [-0.20684664899672367, -0.12433137792715251, 0.0552839410550354], [0.018225489181491812, 0.07437170594087551, 0.23545025541832423]]	0.6052617309736043	0.5838753382502537	[[-0.2582167311217197, 0.5415194660755186, 0.1408728549910802], [-0.6130323683209161, -0.5123842773951182, 0.13514857502133656], [0.18941756186478093, 0.009806740233823028, 0.5038886367713725]]	[[0.07142222035892001, 0.050699022094187376, 0.27039202893021985], [-0.10736961479152445, -0.20844052380913103, 0.0], [0.14486305209324832, -0.17200428640425894, -0.07169924464465299]]	0.3984271531629633	[[-0.6644939526835627, 0.6644939526835626, 0.0], [-0.7071067811865475, -0.7071067811865476, 0.0], [0.0, 0.0, 0.93973636]]
2	[[0.034229894132735264, 0.2773841392786001, 0.9601491309293217], [-0.1827544195208179, -0.9427759796974285, 0.2788803941677556], [0.9825625356654255, -0.18501754344446375, 0.018422055382213542]]	0.8219188607107506	0.17808113928924943	[[0.02813419558782737, 0.22798725573509915, 0.7891646798058454], [-0.1502093042824052, -0.7748853591383724, 0.22921705584892677], [0.8075866798911929, -0.15206940851937545, 0.015141434771699309]]	0.9078847620307327	0.13346196705711214	[[0.0, 0.237933033332524, 0.8527248087223511], [-0.17874652461206, -0.8210855113905049, 0.2531912602940297], [0.881702537131005, -0.16797460840158768, 0.0]]	[[-0.03107679928903552, -0.013899799947527429, -0.018979956525430726], [-0.012826571935337594, 0.03484643458538583, 0.0], [-0.010351016741913112, 0.0, -0.016725103366797913]]	0.35143751212557606	[[0.0, 0.0, 0.9694], [0.0, -1.0, 0.0], [0.9694, 0.0, 0.0]]
2	[[0.8592155572171323, 0.2624339665249735, -0.4391776855101157], [-0.4266000482917053, 0.8413623931712975, -0.33184593135155627], [0.2824199444684594, 0.4724804086637203, 0.8348660002631537]]	0.1749461780506216	0.8250538219493785	[[0.15031647785677243, 0.0459118194342089, -0.0768324575651126], [-0.07463204800484442, 0.14719313504084308, -0.05805517739160371], [0.049408289890025756, 0.08265864169951367, 0.14605661593044794]]	0.0	0.6884968733150165	[[0.6854693136822393, 0.6854693136822392, 0.0], [-0.7071067811865475, 0.7071067811865476, 0.0], [0.0, 0.0, 0.9694]]	[[0.6854693136822393, 0.6854693136822392, 0.0], [-0.7071067811865475, 0.7071067811865476, 0.0], [0.0, 0.0, 0.9694]]	0.6884968733150165	[[0.6854693136822393, 0.6854693136822392, 0.0], [-0.7071067811865475, 0.7071067811865476, 0.0], [0.0, 0.0, 0.9694]]
2	[[-0.42203838922340475, -0.825029846081567, 0.3757783270710803], [0.2588054115689476, 0.28760896992378115, 0.9221175843470338], [-0.8688517462515349, 0.4864224845687207, 0.09214016247897017]]	0.10959679875543277	0.8904032012445674	[[-0.04625405641078449, -0.09042063000822717, 0.04118410168866239], [0.028364244608538904, 0.03152102239699406, 0.10106113532052767], [-0.09522336998223584, 0.053310347151395675, 0.010098266844500565]]	0.3508190918220855	1.1447255836997896	[[-0.23520754890954226, -0.47543687559019454, 0.30445800211512136], [0.18353097912301525, 0.009937710014144077, 0.0328308047262307], [0.18200263923404775, 0.170646294278241, -0.09092195572935147]]	[[-0.08714842448813157, -0.18600065426174417, 0.17262779068562228], [0.09273709967775595, -0.09096100761440234, -0.29066564876757106], [0.48681241978204437, 0.0, -0.12324648385056321]]	1.0000000000000002	[[0.0, 0.0, 0.0], [0.0, 0.0, 0.0], [0.0, 0.0, 0.0]]
2	[[-0.3195682178843842, -0.5708200961323295, -0.7563336379995778], [0.910087742671785, 0.03735879733279218, -0.41272826520656647], [0.2638493031197415, -0.8202248094963509, 0.507557688474819]]	0.12074108068434379	0.879258919315656	[[-0.038585011979730396, -0.06892143528335848, -0.0913205408099903], [0.1098849775677663, 0.004510741563028702, -0.04983325677001529], [0.031857449996488554, -0.09903482990269942, 0.061283063816097154]]	0.3763797520698242	1.097289546336887	[[-0.04308096783656257, -0.29204316503891686, 0.19219544122834883], [0.5431693809279977, -0.24333280447864386, -0.15534256213065614], [0.26399190257922434, -0.0429779308983181, 0.0818599235177826]]	[[0.07719803878015746, -0.07719803878015745, 0.47686410838069804], [0.20063078197940512, -0.25739389935638707, 0.0], [0.1646843672872201, 0.26573807954143724, -0.10917451343150282]]	0.9850359794401851	[[1.876404121375606e-16, -0.93973636, 0.0], [1.0, 1.7938038903913487e-16, 0.0], [0.0, 0.0, 0.93973636]]
2	[[0.22433838825039393, -0.7661379269479729, -0.6022499185961573], [-0.9416906372873723, -0.011392912655017143, -0.3362869982418849], [0.2507808429735371, 0.642575192824231, -0.724020780340167]]	0.14779086210669745	0.8522091378933028	[[0.033155163803152705, -0.11322818471627888, -0.08900703467301438], [-0.13917327112250605, -0.0016837683831913003, -0.04970014538544162], [0.03706311698290335, 0.09496674171587045, -0.10700365530963711]]	0.4178502668224806	0.8686091602985668	[[0.02022813873182586, -0.3222341063904401, 0.11584082951262131], [-0.48028051823318557, -0.12812936382817952, -0.14051761194430268], [0.2942347361499267, 0.037809351730814525, -0.330878657090462]]	[[-0.07351171665712651, -0.002103169192407439, 0.3674911186918428], [-0.0867948341784252, -0.12336883223539541, 0.0], [0.18944589399946768, -0.23069086404429734, -0.02834638084030254]]	0.9542339413472544	[[0.6644939526835627, -0.6644939526835626, 0.0], [-0.7071067811865475, -0.7071067811865476, 0.0], [0.0, 0.0, -0.93973636]]
