2	[[0.034229894132735264, 0.2773841392786001, 0.9601491309293217], [-0.1827544195208179, -0.9427759796974285, 0.2788803941677556], [0.9825625356654255, -0.18501754344446375, 0.018422055382213542]]	0.8248029713770916	0.1751970286229084	[[0.028232918390603323, 0.2287872622898664, 0.7919338561556366], [-0.15073638825306618, -0.7776044293973878, 0.23002137776837936], [0.8104204989806527, -0.15260301958988384, 0.01519456601812307]]	0.91659672338484	0.12708809636312776	[[0.0, 0.2453980764816983, 0.8660534713867014], [-0.17665109772404383, -0.8209470943367696, 0.25562085551043745], [0.8974556652826176, -0.1695864740899078, 0.0]]	[[-0.03137500880387511, -0.008851316699990674, -0.01401607598391656], [-0.009138995607163695, 0.0431982795398261, 0.0], [-0.0031579354290116445, 0.0, -0.016885595601350993]]	0.3469288471107998	[[0.0, 0.0, 0.9798], [0.0, -1.0, 0.0], [0.9798, 0.0, 0.0]]
2	[[0.8592155572171323, 0.2624339665249735, -0.4391776855101157], [-0.4266000482917053, 0.8413623931712975, -0.33184593135155627], [0.2824199444684594, 0.4724804086637203, 0.8348660002631537]]	0.1770568675478939	0.8229431324521063	[[0.15213001510928365, 0.04646573605108066, -0.07775942529335514], [-0.0755324682463096, 0.14896898980750933, -0.05875560111362], [0.050004390700635545, 0.08365590113574711, 0.14781875882883316]]	0.0	0.6887102109080753	[[0.6928232242065792, 0.6928232242065792, 0.0], [-0.7071067811865475, 0.7071067811865477, 0.0], [0.0, 0.0, 0.9798000000000001]]	[[0.6928232242065793, 0.6928232242065792, 0.0], [-0.7071067811865475, 0.7071067811865476, 0.0], [0.0, 0.0, 0.9798]]	0.688710210908075	[[0.6928232242065793, 0.6928232242065792, 0.0], [-0.7071067811865475, 0.7071067811865476, 0.0], [0.0, 0.0, 0.9798]]
2	[[-0.3195682178843842, -0.5708200961323295, -0.7563336379995778], [0.910087742671785, 0.03735879733279218, -0.41272826520656647], [0.2638493031197415, -0.8202248094963509, 0.507557688474819]]	0.12240196080647044	0.8775980391935294	[[-0.03911577648047798, -0.06986949903433515, -0.09257672031503955], [0.11139652420896104, 0.004572790046905351, -0.05051874894153669], [0.03229567205927715, -0.10039712498446703, 0.062126056291717524]]	0.3803837382614918	1.0833208863973598	[[-0.2012641722494675, -0.29683630094264224, 0.1944188091413233], [0.5445670630840931, -0.07994853948434025, -0.15699512040545413], [0.27046320993144746, -0.04184385937332545, 0.08034592367821766]]	[[-0.07970561890104255, -0.07970561890104254, 0.48211582573651657], [0.1983844853806369, -0.09415921847074125, 0.0], [0.1700992256730707, 0.27015631987771643, -0.11272076724719567]]	0.9916568855053085	[[1.9168812865873548e-16, -0.9600080400000001, 0.0], [1.0, 1.7938038903913487e-16, 0.0], [0.0, 0.0, 0.9600080400000001]]
2	[[0.8489524140446696, -0.5135124485683378, 0.12483895166604869], [0.522794976890395, 0.7815435453534784, -0.34040431673891397], [0.0772347773085365, 0.35425224329800037, 0.9319550081910795]]	0.22031793049064513	0.7796820695093549	[[0.18703943894735892, -0.11313599994976001, 0.027504259475685522], [0.11518110737939648, 0.17218805650060018, -0.07499717459399959], [0.017016206298522546, 0.07804812111508395, 0.2053263987150509]]	0.0	0.43335268026065366	[[0.6928232242065792, -0.692823224206579, 0.0], [0.7071067811865474, 0.7071067811865475, 0.0], [0.0, 0.0, 0.9797999999999999]]	[[0.6928232242065792, -0.692823224206579, 0.0], [0.7071067811865474, 0.7071067811865475, 0.0], [0.0, 0.0, 0.9797999999999999]]	0.4333526802606536	[[0.6928232242065793, -0.6928232242065792, 0.0], [0.7071067811865475, 0.7071067811865476, 0.0], [0.0, 0.0, 0.9798]]
2	[[0.08740825448676931, -0.06334395238859675, -0.994156597696443], [0.7119981850616444, -0.6940087028176986, 0.10681996481098455], [-0.6967197295301035, -0.717174639895393, -0.015561310176609944]]	0.16751148988216621	0.8324885101178338	[[0.014641886937078276, -0.010610839839638835, -0.16653265285631652], [0.1192678767730743, -0.11625443180018225, 0.01789357145464859], [-0.11670855992388751, -0.12013499243458332, -0.002606698252202465]]	0.4665732897645632	1.0282561518464743	[[0.06474219354945063, -0.015867586197940896, 0.0006353543428562342], [0.6348185602418667, -0.6371259198010657, 0.03913857092347792], [0.010631731051143515, -0.013439954536911353, 0.02662383433262358]]	[[0.023959836700980515, 0.013687010054696566, 0.4644822686712311], [0.30261922473125696, -0.31331999620217504, -0.010700771470918037], [0.33570254730188065, 0.32117457653479814, 0.03388432601477128]]	0.7965322547632653	[[0.0, 0.0, -0.9600080400000001], [0.0, -1.0, 0.0], [-0.9600080400000001, 0.0, 0.0]]
2	[[-0.5446221603179724, 0.8109226453022452, -0.2139887049042392], [-0.8354447797583356, -0.5021691245819775, 0.22328947644507607], [0.07361197229480154, 0.30038414347728, 0.9509735242804028]]	0.2508342636669705	0.7491657363330294	[[-0.13660989856007338, 0.20340718462526056, -0.05367569922770349], [-0.2095581761650965, -0.12596122260080755, 0.05600865140868401], [0.018464404867639964, 0.07534663544635714, 0.2385367437296587]]	0.6087754378174365	0.5843319476532894	[[-0.2586477839167597, 0.5460567393045491, 0.14249775432413095], [-0.6145172019098977, -0.514891271577303, 0.13593314878287735], [0.193036382425944, 0.008485874346951288, 0.5048429871783587]]	[[0.072904810175892, 0.05238695087460111, 0.2727688218401954], [-0.10591894034022523, -0.20918304290151085, 0.0], [0.14822322176357117, -0.1743806141118455, -0.07408633641823396]]	0.39178064055783096	[[-0.6788281950776065, 0.6788281950776064, 0.0], [-0.7071067811865475, -0.7071067811865476, 0.0], [0.0, 0.0, 0.9600080400000001]]
2	[[-0.8305561570912853, 0.32773595720904825, 0.4502950280316503], [-0.5100865793185324, -0.772219296347621, -0.37879947194723407], [0.22358030216652452, -0.5443036842615101, 0.808545204538665]]	0.19680402437877303	0.8031959756212269	[[-0.16345679418813333, 0.06449975531237004, 0.08861987367438118], [-0.1003870915914894, -0.15197586522415613, -0.0745492605117698], [0.04400150323819413, -0.10712115554685821, 0.15912495014536746]]	0.5415305638118547	0.635002784361881	[[-0.4125250570374567, 0.17093919854667522, 0.4288129316038481], [-0.3500208998146492, -0.5978951941327604, -0.06474220249555396], [0.34716536426297007, -0.2592676993321584, 0.28798103820816934]]	[[0.0372464869895944, -0.0065398391421585475, 0.18496441119219362], [-0.07379342692342397, -0.17971484319523945, 0.14038928911966453], [0.2260897971735072, 0.03548938169084691, -0.14987090227302524]]	0.6805439810242743	[[-0.6788281950776065, 0.6788281950776064, 0.0], [-0.7071067811865475, -0.7071067811865476, 0.0], [0.0, 0.0, 0.9600080400000001]]
2	[[-0.30792515101507295, 0.09349718223056193, 0.9468053539599837], [0.3027085282091916, -0.9338174967034747, 0.1906631317268273], [0.9019698710720718, 0.34531602882779927, 0.2592434992682147]]	0.6171943794004511	0.38280562059954926	[[-0.1900496724825381, 0.05770593536248252, 0.5843629428503564], [0.18683000220729595, -0.5763469103511839, 0.11767621326068561], [0.5566907348142321, 0.21312711210940183, 0.16000363064444706]]	0.8140856964384928	0.27354074326799027	[[-0.12564657441727395, 0.14900873117957136, 0.7798912184633163], [0.2928275890477476, -0.8144142157066199, 0.15521612837697832], [0.7251702481651359, 0.28111683981965363, 0.12564657441727395]]	[[0.1250308865977598, 0.07289401246836769, 0.009110522493109209], [0.04639690604269665, -0.05420674855632169, 0.0], [-0.009110522493109209, 0.0, -0.08539985023164255]]	0.4694660836159643	[[0.0, 0.0, 0.9798], [0.0, -1.0, 0.0], [0.9798, 0.0, 0.0]]
2	[[0.5319609947059123, -0.8460851799387872, 0.03402011756955908], [-0.703274286200726, -0.4190807785627857, 0.5742617690636116], [-0.47161719485230363, -0.3294103357928521, -0.8179645788128509]]	0.15843476478872023	0.8415652352112797	[[0.08428111507300487, -0.1340493064748238, 0.005389969325217653], [-0.11142309611616714, -0.0663969645790687, 0.09098302830874767], [-0.07472055933674072, -0.05219004907031387, -0.12959402564971864]]	0.47492936300457184	0.8067800776618571	[[0.22080644247566947, -0.5507380342076189, 0.23735877961816662], [-0.3752520437824361, -0.396286462060868, 0.010049355683738881], [0.16362785695368057, -0.15644664094522137, -0.3620659923255932]]	[[-0.03183745388328791, -0.1489073386516822, 0.22120162685151526], [-0.041246435019630344, -0.1972526948505841, -0.2626844204955207], [0.38761271088688815, 0.0, 0.026409404050296875]]	0.657188172600916	[[0.6788281950776065, -0.6788281950776064, 0.0], [-0.7071067811865475, -0.7071067811865476, 0.0], [0.0, 0.0, -0.9600080400000001]]
2	[[0.3802729664721569, 0.7767473726770865, -0.5020517802076895], [0.4287143634067757, 0.332951791095048, 0.839849450446521], [0.8195098935212374, -0.5346088512602871, -0.20639019011321075]]	0.12873467961151852	0.8712653203884821	[[0.04895431850371485, 0.09999432416067348, -0.06463147507342941], [0.05519040621802741, 0.04286244215270227, 0.1081177499251428], [0.10549934358092618, -0.06882269918447505, -0.02656957499918458]]	0.42750090317286227	0.9443052303658492	[[0.14248029337812734, 0.3221881284303611, 0.13854375166094604], [0.28579765133514995, -0.2624808021834878, 0.3278295576949285], [0.621255153362106, 0.0, -0.05982504796416824]]	[[-0.02008674324094329, -0.009872074926241151, 0.3531713411392765], [0.10252187377557467, -0.40481799358964304, -0.031206840900191244], [0.2709139337226808, 0.22854576675797908, 0.028406944715248086]]	1.0000000000000007	[[0.0, 0.0, 0.0], [0.0, 0.0, 0.0], [0.0, 0.0, 0.0]]
2	[[0.8787972042104137, -0.3840163418041313, 0.28327887866788265], [-0.395223040501579, -0.9183905790867732, -0.018907472103605397], [0.2674214316928388, -0.09534250611366366, -0.9588511794847616]]	0.6347493297412868	0.36525067025871305	[[0.5578159363510771, -0.24375411556987325, 0.17981107836430188], [-0.25086756005669075, -0.5829478045160418, -0.012001505244865608], [0.16974557452548478, -0.06051859185150255, -0.6086301434995949]]	0.8405997310217078	0.2945251616046096	[[0.6139424761951705, -0.26756144331176024, 0.24489778045792684], [-0.3459024686073877, -0.8495862764763223, -0.01589361596459114], [0.21802075230486667, -0.0801448849940812, -0.7179082742815261]]	[[-0.12477421728673216, 0.05524259031673273, 0.006773631245573621], [-0.013678087068178874, -0.07758740272311006, 0.0], [-0.006773631245573621, 0.0, 0.08810176928321183]]	0.47615365857841013	[[0.6788281950776065, -0.6788281950776064, 0.0], [-0.7071067811865475, -0.7071067811865476, 0.0], [0.0, 0.0, -0.9600080400000001]]
2	[[-0.42203838922340475, -0.825029846081567, 0.3757783270710803], [0.2588054115689476, 0.28760896992378115, 0.9221175843470338], [-0.8688517462515349, 0.4864224845687207, 0.09214016247897017]]	0.110490245466139	0.889509754533861	[[-0.04663112522142789, -0.0911577502104432, 0.04151983959893871], [0.02859547345221817, 0.03177798568514201, 0.10188499824314691], [-0.09599964271701561, 0.05374493972024717, 0.010180589169591352]]	0.35397361317020015	1.1490762469618092	[[-0.23718851799790558, -0.48315432401418096, 0.3103472789849766], [0.18306583785495062, 0.008542598248488902, 0.0358727337140726], [0.18847471995815984, 0.17218072439001603, -0.09155002728993408]]	[[-0.08779806446796573, -0.19111552842343454, 0.17733166680057313], [0.09145555121388953, -0.09326338801559142, -0.29053255938502376], [0.49602531188805354, 0.0, -0.12416521352070446]]	1.0000000000000002	[[0.0, 0.0, 0.0], [0.0, 0.0, 0.0], [0.0, 0.0, 0.0]]
2	[[0.22433838825039393, -0.7661379269479729, -0.6022499185961573], [-0.9416906372873723, -0.011392912655017143, -0.3362869982418849], [0.2507808429735371, 0.642575192824231, -0.724020780340167]]	0.14992159259230564	0.8500784074076945	[[0.03363316844609003, -0.11486061815340762, -0.09029026693452227], [-0.1411797600713861, -0.0017080436095051887, -0.050416682344509266], [0.037597463370233605, 0.0963358962685166, -0.10854634845852171]]	0.42228991025851903	0.8686076226328855	[[0.020677960956222517, -0.32646325706879775, 0.11855979543376383], [-0.4846809845017114, -0.12917228140656745, -0.1420106063086723], [0.29934781899337065, 0.03677167789310507, -0.3334915067094246]]	[[-0.07405787688557713, -0.0029309406522904924, 0.3728838595109355], [-0.08701452979033929, -0.12436116934389711, 0.0], [0.19344559931951996, -0.23458134261899, -0.02774483635427251]]	0.9524128945646363	[[0.6788281950776065, -0.6788281950776064, 0.0], [-0.7071067811865475, -0.7071067811865476, 0.0], [0.0, 0.0, -0.9600080400000001]]
2	[[0.04673222253661188, -0.9725397674033924, -0.22799671093185395], [-0.8377629715199755, -0.16246744520517667, 0.5213036857710898], [-0.5440306084466285, 0.16664552219444034, -0.8223502702654952]]	0.18358233203135865	0.8164176679686411	[[0.008579210394279634, -0.17854111849314994, -0.04185616788834935], [-0.1537984800011578, -0.029826152469943322, 0.09570214633039927], [-0.09987440779507108, 0.030593173587038898, -0.15096898036195774]]	0.4813058070365782	0.8960432887189103	[[0.12945384800386303, -0.5986245258047285, 0.11680587700001512], [-0.3020321695343777, -0.4153638307884353, 0.003516015064831687], [0.08498099786947785, 0.0802074575488271, -0.5330388173423332]]	[[0.10696135792126613, -0.13053548817947278, 0.2265420179567565], [0.10118801357840576, -0.33716730595678673, -0.24739047612636542], [0.34682608892048306, 0.0, -0.1372368568454509]]	0.8713809002801388	[[0.6788281950776065, -0.6788281950776064, 0.0], [-0.7071067811865475, -0.7071067811865476, 0.0], [0.0, 0.0, -0.9600080400000001]]
