2	[[-0.3195682178843842, -0.5708200961323295, -0.7563336379995778], [0.910087742671785, 0.03735879733279218, -0.41272826520656647], [0.2638493031197415, -0.8202248094963509, 0.507557688474819]]	0.11425306905663783	0.8857469309433621	[[-0.036511649666251235, -0.06521794786232368, -0.08641343937222384], [0.1039803177110791, 0.0042683572515364344, -0.04715547098627218], [0.03014559264988559, -0.09371320180135419, 0.057990023631540946]]	0.36049445035881356	1.069395333977011	[[-0.18312528100214237, -0.2737001887527549, 0.18344587536777363], [0.5376242562240525, -0.07541352044327054, -0.14878624911318783], [0.23978003806609946, -0.04684198514953652, 0.08691450950808537]]	[[-0.06792271194376572, -0.0679227119437657, 0.4560999544863133], [0.20954267565129392, -0.08888115955382178, 0.0], [0.14466382856039223, 0.2488445067205131, -0.09605722042403446]]	0.9633604409895201	[[1.7240059075119669e-16, -0.8634126400000001, 0.0], [1.0, 1.7938038903913487e-16, 0.0], [0.0, 0.0, 0.8634126400000001]]
2	[[0.08740825448676931, -0.06334395238859675, -0.994156597696443], [0.7119981850616444, -0.6940087028176986, 0.10681996481098455], [-0.6967197295301035, -0.717174639895393, -0.015561310176609944]]	0.15128829093092072	0.8487117090690793	[[0.013223845434558332, -0.009583198297680435, -0.1504042525831938], [0.10771698856389361, -0.10499539054047483, 0.016160609913554946], [-0.10540553713846271, -0.10850012556877252, -0.0023542440212652588]]	0.44206462639800875	1.023974553283369	[[0.059728660631543605, -0.014795736431762796, -0.0006414203834520307], [0.6352392856213961, -0.6364158703921625, 0.038092229317986365], [0.00788516668295145, -0.012304310142461698, 0.022944627414725458]]	[[0.02108856326774786, 0.01320638421547552, 0.4388400445583416], [0.32049007394606, -0.32961917246409, -0.009129098518029965], [0.31588031362179836, 0.30473322910502165, 0.029823732184212106]]	0.8280131339268231	[[0.0, 0.0, -0.8634126400000001], [0.0, -1.0, 0.0], [-0.8634126400000001, 0.0, 0.0]]
2	[[0.034229894132735264, 0.2773841392786001, 0.9601491309293217], [-0.1827544195208179, -0.9427759796974285, 0.2788803941677556], [0.9825625356654255, -0.18501754344446375, 0.018422055382213542]]	0.7634776535110734	0.23652234648892667	[[0.026133759252393175, 0.21177659177761435, 0.7330524055026149], [-0.13952891538453233, -0.7197883927659962, 0.2129189489494413], [0.7501645391577294, -0.14125675992736225, 0.014064827616063431]]	0.8734449572886691	0.18918632789802792	[[0.0, 0.2103158132434177, 0.8020081150256455], [-0.18716733210148984, -0.8215758486376099, 0.2435866739725025], [0.8221857719119857, -0.16160264033150412, 0.0]]	[[-0.02989792841876262, -0.03196396444133341, -0.036629301629668626], [-0.027541405948813543, 0.0018870766819939124, 0.0], [-0.03602852008574825, 0.0, -0.016090651376487]]	0.369615339095136	[[0.0, 0.0, 0.9292], [0.0, -1.0, 0.0], [0.9292, 0.0, 0.0]]
2	[[0.3802729664721569, 0.7767473726770865, -0.5020517802076895], [0.4287143634067757, 0.332951791095048, 0.839849450446521], [0.8195098935212374, -0.5346088512602871, -0.20639019011321075]]	0.12380862674518095	0.8761913732548197	[[0.047081073767233986, 0.09616802553907737, -0.06215834146248744], [0.05307853659932736, 0.04122230402782631, 0.10398060713247867], [0.1014623945209539, -0.06618918772035486, -0.02555288601159346]]	0.40726203076093753	0.8962090577131901	[[0.21421527052528827, 0.3374243786799803, 0.11546508597292465], [0.24153927125614177, -0.20298158986310888, 0.3281163511159016], [0.5684811453408889, 0.0, -0.07654370623487725]]	[[0.05934452995635173, 0.021084666295287262, 0.31993171352745214], [0.06694018899871576, -0.33858021244996955, -0.01392244160640596], [0.23472588187675006, 0.21772588642703658, 0.007511181719764948]]	1.0000000000000007	[[0.0, 0.0, 0.0], [0.0, 0.0, 0.0], [0.0, 0.0, 0.0]]
2	[[-0.30792515101507295, 0.09349718223056193, 0.9468053539599837], [0.3027085282091916, -0.9338174967034747, 0.1906631317268273], [0.9019698710720718, 0.34531602882779927, 0.2592434992682147]]	0.543732558634171	0.4562674413658292	[[-0.1674289302292391, 0.050837462119308785, 0.5148088976371938], [0.16459248256356784, -0.507746976779937, 0.10366975245103181], [0.49043038580895093, 0.18775956789193046, 0.14095913116638223]]	0.7737933516413434	0.3220500022525501	[[-0.08967484859150164, 0.12738260277540048, 0.7442427925400205], [0.3094734023376604, -0.8107013922903434, 0.14753386373333666], [0.6863271852690126, 0.26720324732214157, 0.08967484859150164]]	[[0.14859558606711842, 0.05503510476819252, 0.011611104347356203], [0.0752395557242519, -0.08811962169483256, 0.0], [-0.011611104347356203, 0.0, -0.11092604759848039]]	0.48014599093066446	[[0.0, 0.0, 0.9292], [0.0, -1.0, 0.0], [0.9292, 0.0, 0.0]]
2	[[-0.8305561570912853, 0.32773595720904825, 0.4502950280316503], [-0.5100865793185324, -0.772219296347621, -0.37879947194723407], [0.22358030216652452, -0.5443036842615101, 0.808545204538665]]	0.18430062778123718	0.8156993722187627	[[-0.15307202115949572, 0.06040194266011226, 0.08298965635300298], [-0.09400927679118934, -0.14232050110165181, -0.0698129804830764], [0.04120599004880921, -0.10031551071303663, 0.1490153887859848]]	0.5170115275592653	0.6634818683714319	[[-0.37444416713111306, 0.1457421598419366, 0.39993864428416886], [-0.3541900896619295, -0.6044081282159556, -0.05777088691846744], [0.3180698942801639, -0.2475287605836166, 0.2612471243170979]]	[[0.054962940370405375, -0.023701108030811432, 0.1671309239891832], [-0.09046944810097475, -0.20516185020053102, 0.1380728067116151], [0.20247630072488698, 0.03388251867256273, -0.15678006698215582]]	0.6842332416437417	[[-0.6105249327061795, 0.6105249327061794, 0.0], [-0.7071067811865475, -0.7071067811865476, 0.0], [0.0, 0.0, 0.8634126400000001]]
2	[[-0.5446221603179724, 0.8109226453022452, -0.2139887049042392], [-0.8354447797583356, -0.5021691245819775, 0.22328947644507607], [0.07361197229480154, 0.30038414347728, 0.9509735242804028]]	0.23495609353150235	0.7650439064684977	[[-0.1279622952389984, 0.19053121689644767, -0.05027795016416552], [-0.19629284181330495, -0.11798769580391577, 0.05246322311222949], [0.017295581447535742, 0.07057708491022802, 0.2234370243168087]]	0.5909823567941839	0.5800317467501991	[[-0.3450351620854353, 0.523650271054615, 0.13459944405288948], [-0.6069981442511255, -0.39910877716254556, 0.13196014103685047], [0.17574113586015855, 0.014611223407316373, 0.49920434740573133]]	[[-0.023173074218380205, 0.04440929495612012, 0.26106299320453186], [-0.1132650193381463, -0.10233568440781643, 0.0], [0.1322377589851086, -0.16291050564848883, -0.06280422722237217]]	0.42799444970385664	[[-0.6105249327061795, 0.6105249327061794, 0.0], [-0.7071067811865475, -0.7071067811865476, 0.0], [0.0, 0.0, 0.8634126400000001]]
2	[[0.8787972042104137, -0.3840163418041313, 0.28327887866788265], [-0.395223040501579, -0.9183905790867732, -0.018907472103605397], [0.2674214316928388, -0.09534250611366366, -0.9588511794847616]]	0.5611977034348556	0.4388022965651444	[[0.49317897278785605, -0.21550908910193298, 0.15897545614001685], [-0.22179826267402702, -0.5153986838397044, -0.010610829922301949], [0.15007629331528222, -0.05350599547071173, -0.5381050798626508]]	0.8012820343839502	0.3539337394534257	[[0.5612158226376531, -0.2417528476056358, 0.23374617039145826], [-0.34956310577631095, -0.8438013030120638, -0.015150217712234718], [0.2075200946302533, -0.07639623726202062, -0.6511685250454856]]	[[-0.142948588962995, 0.06595254799186082, 0.00675989419445307], [-0.03287798384779541, -0.10791143144236016, 0.0], [-0.00675989419445307, 0.0, 0.11714169872351446]]	0.5036847417956298	[[0.6105249327061795, -0.6105249327061794, 0.0], [-0.7071067811865475, -0.7071067811865476, 0.0], [0.0, 0.0, -0.8634126400000001]]
2	[[0.22433838825039393, -0.7661379269479729, -0.6022499185961573], [-0.9416906372873723, -0.011392912655017143, -0.3362869982418849], [0.2507808429735371, 0.642575192824231, -0.724020780340167]]	0.13941298981983805	0.8605870101801619	[[0.03127568543735104, -0.10680957901018961, -0.08396146177024442], [-0.13128390722958122, -0.0015883200159921423, -0.046882775862439795], [0.03496210710848015, 0.089583328815685, -0.10093790167891491]]	0.40023540867236246	0.8692194853290002	[[0.018537187475012287, -0.30577594758357574, 0.10564708569230119], [-0.46282110054994274, -0.12399145377521337, -0.13459396417254282], [0.2747411110619399, 0.04135182012797135, -0.3201514534600338]]	[[-0.07125097902728322, 0.000859578707842687, 0.3466888279845312], [-0.08592316349229387, -0.11943160672276408, 0.0], [0.17436973788722676, -0.21582952477475684, -0.030372700553304363]]	0.9632581735370471	[[0.6105249327061795, -0.6105249327061794, 0.0], [-0.7071067811865475, -0.7071067811865476, 0.0], [0.0, 0.0, -0.8634126400000001]]
2	[[0.8489524140446696, -0.5135124485683378, 0.12483895166604869], [0.522794976890395, 0.7815435453534784, -0.34040431673891397], [0.0772347773085365, 0.35425224329800037, 0.9319550081910795]]	0.21008460791090072	0.7899153920890992	[[0.17835183503958707, -0.10788106141484582, 0.026226742212769744], [0.10983117773780701, 0.16419026929088096, -0.0715137074132728], [0.016225837907949653, 0.07442294363481741, 0.19578940248642318]]	0.0	0.45106641327765823	[[0.65704362107854, -0.65704362107854, 0.0], [0.7071067811865475, 0.7071067811865476, 0.0], [0.0, 0.0, 0.9292]]	[[0.65704362107854, -0.65704362107854, 0.0], [0.7071067811865475, 0.7071067811865476, 0.0], [0.0, 0.0, 0.9292]]	0.45106641327765823	[[0.65704362107854, -0.65704362107854, 0.0], [0.7071067811865475, 0.7071067811865476, 0.0], [0.0, 0.0, 0.9292]]
2	[[0.8592155572171323, 0.2624339665249735, -0.4391776855101157], [-0.4266000482917053, 0.8413623931712975, -0.33184593135155627], [0.2824199444684594, 0.4724804086637203, 0.8348660002631537]]	0.16664789353507176	0.8333521064649283	[[0.14318646270279803, 0.043734067713440336, -0.07318803617786894], [-0.07109199942977258, 0.14021127052162358, -0.05530142543792088], [0.04706468883796071, 0.07873786484039885, 0.13912866032790527]]	0.0	0.6889130965178786	[[0.6570436210785395, 0.6570436210785396, 0.0], [-0.7071067811865471, 0.7071067811865471, 0.0], [0.0, 0.0, 0.9291999999999995]]	[[0.6570436210785395, 0.6570436210785398, 0.0], [-0.7071067811865472, 0.7071067811865471, 0.0], [0.0, 0.0, 0.9291999999999995]]	0.688913096517879	[[0.65704362107854, 0.65704362107854, 0.0], [-0.7071067811865475, 0.7071067811865476, 0.0], [0.0, 0.0, 0.9292]]
2	[[-0.42203838922340475, -0.825029846081567, 0.3757783270710803], [0.2588054115689476, 0.28760896992378115, 0.9221175843470338], [-0.8688517462515349, 0.4864224845687207, 0.09214016247897017]]	0.10600561737656518	0.8939943826234349	[[-0.04473844000623812, -0.08745779818796906, 0.039834613557902715], [0.027434827433762354, 0.030488166419808387, 0.09774964382249424], [-0.09210316577010072, 0.051563515782549994, 0.009767374808760276]]	0.3382018390886985	1.1297119536023001	[[-0.22723027195984458, -0.4459545077380642, 0.2821708249450291], [0.18539142141782058, 0.015517788826771132, 0.020663891714354232], [0.15806209043390154, 0.16450897885523544, -0.08833357594365446]]	[[-0.08449611255845713, -0.16692789649021214, 0.15508190363991525], [0.097862955259095, -0.08175209373985781, -0.2911979711678407], [0.4519093489115979, 0.0, -0.11949554834797364]]	1.0000000000000002	[[0.0, 0.0, 0.0], [0.0, 0.0, 0.0], [0.0, 0.0, 0.0]]
2	[[0.04673222253661188, -0.9725397674033924, -0.22799671093185395], [-0.8377629715199755, -0.16246744520517667, 0.5213036857710898], [-0.5440306084466285, 0.16664552219444034, -0.8223502702654952]]	0.17512466097977197	0.8248753390202279	[[0.008183964628555404, -0.17031569705586544, -0.039927846706444045], [-0.14671295636884207, -0.02845205626180627, 0.09129313123816768], [-0.09527317586683491, 0.02918374057809843, -0.1440138122868687]]	0.46049643055387396	0.8702692967650568	[[-0.05433882682263331, -0.5527472806717186, 0.09669665677871549], [-0.3065285150429799, -0.18691594013979432, 0.0], [0.06837486172629786, 0.06837486172629785, -0.48596997648650403]]	[[-0.07585884849259242, -0.10489618921076173, 0.20168832834085762], [0.07925834299217552, -0.11210026154160334, -0.24005848653216516], [0.31889901502802254, -0.008364806412028285, -0.10728061236422999]]	0.8886688474452249	[[0.6105249327061795, -0.6105249327061794, 0.0], [-0.7071067811865475, -0.7071067811865476, 0.0], [0.0, 0.0, -0.8634126400000001]]
2	[[0.5319609947059123, -0.8460851799387872, 0.03402011756955908], [-0.703274286200726, -0.4190807785627857, 0.5742617690636116], [-0.47161719485230363, -0.3294103357928521, -0.8179645788128509]]	0.14930121506104627	0.8506987849389538	[[0.0794224228746755, -0.1263215454100049, 0.0050792448896548326], [-0.10499970545095841, -0.06256926944815315, 0.08573797988430316], [-0.07041302023513117, -0.04918136338754008, -0.12212310549365563]]	0.45528834831537507	0.8213286818327129	[[0.2146884306278153, -0.49794784403939457, 0.22413031813703102], [-0.38344689381597374, -0.3989700862890361, 0.0], [0.1297873848560292, -0.14659751254365846, -0.32580986016936564]]	[[-0.02750721202004346, -0.11273511993094723, 0.20864135499929154], [-0.06325430563897075, -0.20816749080646377, -0.2614546923376371], [0.3445091985374649, 0.0033791751574822715, 0.046599881898818654]]	0.6928866741768615	[[0.6105249327061795, -0.6105249327061794, 0.0], [-0.7071067811865475, -0.7071067811865476, 0.0], [0.0, 0.0, -0.8634126400000001]]
