2	[[0.8592155572171323, 0.2624339665249735, -0.4391776855101157], [-0.4266000482917053, 0.8413623931712975, -0.33184593135155627], [0.2824199444684594, 0.4724804086637203, 0.8348660002631537]]	0.16345363406325475	0.8365463659367455	[[0.14044190527082467, 0.04289578553014147, -0.07178518869611765], [-0.06972932818483919, 0.13752374072800547, -0.054241423428517226], [0.0461625662553123, 0.0772286398197768, 0.1364618816988667]]	0.0	0.6895738482786359	[[0.6462955980045044, 0.6462955980045043, 0.0], [-0.7071067811865475, 0.7071067811865476, 0.0], [0.0, 0.0, 0.9139999999999999]]	[[0.6462955980045044, 0.6462955980045043, 0.0], [-0.7071067811865475, 0.7071067811865476, 0.0], [0.0, 0.0, 0.9139999999999999]]	0.6895738482786359	[[0.6462955980045044, 0.6462955980045043, 0.0], [-0.7071067811865475, 0.7071067811865476, 0.0], [0.0, 0.0, 0.9139999999999999]]
2	[[0.08740825448676931, -0.06334395238859675, -0.994156597696443], [0.7119981850616444, -0.6940087028176986, 0.10681996481098455], [-0.6967197295301035, -0.717174639895393, -0.015561310176609944]]	0.14655757065226727	0.8534424293477328	[[0.01281034143253603, -0.009283535777585611, -0.145701175806314], [0.10434872431145803, -0.10171222949649324, 0.01565527453985857], [-0.10210955098543664, -0.1051073729564834, -0.0022806278156503393]]	0.4344580421821731	1.0227698715872047	[[0.05824121587694541, -0.014473207968800202, -0.0009848152260073448], [0.6353698632454495, -0.6361954972716277, 0.0377674835159951], [0.007125771221463269, -0.01197011685904525, 0.0218997111227984]]	[[0.020265996762062435, 0.013047081570030296, 0.4309345138316796], [0.32603652572630687, -0.3346778349880608, -0.00864130926175387], [0.3098212608628052, 0.2996121730926122, 0.02866044747591793]]	0.8376667069473552	[[0.0, 0.0, -0.8353959999999998], [0.0, -1.0, 0.0], [-0.8353959999999998, 0.0, 0.0]]
2	[[-0.3195682178843842, -0.5708200961323295, -0.7563336379995778], [0.910087742671785, 0.03735879733279218, -0.41272826520656647], [0.2638493031197415, -0.8202248094963509, 0.507557688474819]]	0.11177392959194997	0.8882260704080499	[[-0.035719395485634076, -0.06380280523476511, -0.08453838280178819], [0.10172408327189277, 0.004175739582715429, -0.04613226005580641], [0.029491473429791082, -0.09167975010621571, 0.05673171733543729]]	0.3543194865955144	1.0657178511185723	[[-0.17781758275363357, -0.26684101926060433, 0.18007347131996337], [0.5354687451275209, -0.07400554754944427, -0.14623766703144794], [0.23095731887214052, -0.04808816576309611, 0.08849587905284173]]	[[-0.06458833586059513, -0.06458833586059513, 0.4480572176308914], [0.21300692338718338, -0.08724249744022516, 0.0], [0.13747036925216943, 0.24253346763055456, -0.09134170054516216]]	0.9567228952784452	[[1.6680641125567339e-16, -0.8353959999999998, 0.0], [1.0, 1.7938038903913487e-16, 0.0], [0.0, 0.0, 0.8353959999999998]]
2	[[0.22433838825039393, -0.7661379269479729, -0.6022499185961573], [-0.9416906372873723, -0.011392912655017143, -0.3362869982418849], [0.2507808429735371, 0.642575192824231, -0.724020780340167]]	0.13619253115966184	0.8638074688403382	[[0.030553212932100088, -0.10434226348846053, -0.08202194080431104], [-0.12825123146152226, -0.0015516296117677464, -0.045799777486647056], [0.034154477770919706, 0.0875139419711398, -0.0986062226867209]]	0.3933876360405907	0.8500275990759765	[[0.15858629329859628, -0.2995073570351548, 0.10192357177547258], [-0.456033755369012, -0.2907684820938872, -0.13229114726956137], [0.26748246110647356, 0.0424974935777411, -0.3158360937795225]]	[[0.07033434507161761, 0.0018818309279470258, 0.3388412435576531], [-0.08558430168497541, -0.28628665111691326, 0.0], [0.16882837812484716, -0.21028364250570988, -0.031015270557240293]]	0.9673944335382917	[[0.5907141765761169, -0.5907141765761169, 0.0], [-0.7071067811865475, -0.7071067811865476, 0.0], [0.0, 0.0, -0.8353959999999998]]
2	[[0.8489524140446696, -0.5135124485683378, 0.12483895166604869], [0.522794976890395, 0.7815435453534784, -0.34040431673891397], [0.0772347773085365, 0.35425224329800037, 0.9319550081910795]]	0.2068090889448075	0.7931909110551928	[[0.17557107530607316, -0.10619904165023525, 0.025817829858880426], [0.10811875287562428, 0.16163030858524768, -0.0703987066176545], [0.01597285393003353, 0.07326258369311375, 0.19273676618154773]]	0.0	0.45685885196000126	[[0.6462955980045044, -0.6462955980045043, 0.0], [0.7071067811865475, 0.7071067811865476, 0.0], [0.0, 0.0, 0.9139999999999999]]	[[0.6462955980045044, -0.6462955980045043, 0.0], [0.7071067811865475, 0.7071067811865476, 0.0], [0.0, 0.0, 0.9139999999999999]]	0.45685885196000126	[[0.6462955980045044, -0.6462955980045043, 0.0], [0.7071067811865475, 0.7071067811865476, 0.0], [0.0, 0.0, 0.9139999999999999]]
2	[[0.034229894132735264, 0.2773841392786001, 0.9601491309293217], [-0.1827544195208179, -0.9427759796974285, 0.2788803941677556], [0.9825625356654255, -0.18501754344446375, 0.018422055382213542]]	0.7335476762993655	0.26645232370063465	[[0.02510925930104124, 0.20347449081011665, 0.704315163894059], [-0.13405907977293538, -0.6915711291779065, 0.20457206510720824], [0.7207564648561854, -0.13571918906830327, 0.01351345591828097]]	0.8600000432581264	0.211448061926221	[[0.0008214321223951556, 0.2011804287593847, 0.781903804888427], [-0.1894833866134815, -0.8213550309614195, 0.23983715104811318], [0.7989875881601508, -0.1591150953657511, -0.0011616804480601454]]	[[-0.028616278312478257, -0.03736994301932957, -0.043824489245042134], [-0.03231457791996429, -0.010567647638908424, 0.0], [-0.04601623501592955, 0.0, -0.017004648873667396]]	0.3768017882744487	[[0.0, 0.0, 0.9139999999999999], [0.0, -1.0, 0.0], [0.9139999999999999, 0.0, 0.0]]
2	[[-0.30792515101507295, 0.09349718223056193, 0.9468053539599837], [0.3027085282091916, -0.9338174967034747, 0.1906631317268273], [0.9019698710720718, 0.34531602882779927, 0.2592434992682147]]	0.5234236339171416	0.4765763660828587	[[-0.1611753015187941, 0.04893863488413392, 0.49558029898194], [0.15844479785296467, -0.48878214753994115, 0.0997975892624786], [0.47211234760031956, 0.18074657065888314, 0.1356941744563648]]	0.7614178067835943	0.33700456591993794	[[-0.07945775578500906, 0.12127803252515673, 0.7331822246248054], [0.3147366917213913, -0.809498628255884, 0.1451743035939324], [0.6745081524549482, 0.26292977331728334, 0.07945775578500906]]	[[0.15500193735439488, 0.05008761309071623, 0.012267768561629956], [0.08424902807765883, -0.09847335797977791, 0.0], [-0.012267768561629956, 0.0, -0.11793486085069936]]	0.48404929809939023	[[0.0, 0.0, 0.9139999999999999], [0.0, -1.0, 0.0], [0.9139999999999999, 0.0, 0.0]]
2	[[0.8787972042104137, -0.3840163418041313, 0.28327887866788265], [-0.395223040501579, -0.9183905790867732, -0.018907472103605397], [0.2674214316928388, -0.09534250611366366, -0.9588511794847616]]	0.5414673126585101	0.4585326873414899	[[0.47583996053562466, -0.20793229661363483, 0.1533862531652146], [-0.21400035764111547, -0.49727847882900805, -0.01023777810910496], [0.14479996396601275, -0.05162485056749303, -0.5191865713950566]]	0.7891321850914299	0.3713938673258412	[[0.5457495393513878, -0.2343050599758784, 0.23028844956746397], [-0.35079327876883176, -0.8420054091621636, -0.01492049477567338], [0.2042868896780208, -0.07523784018156841, -0.631687857906016]]	[[-0.14773761865941556, 0.06873459494283315, 0.006743969054027661], [-0.03891005721934202, -0.11727384472003469, 0.0], [-0.006743969054027661, 0.0, 0.12497246853828886]]	0.513381891757807	[[0.9139999999999999, 0.0, 0.0], [0.0, -1.0, 0.0], [0.0, 0.0, -0.9139999999999999]]
2	[[-0.8305561570912853, 0.32773595720904825, 0.4502950280316503], [-0.5100865793185324, -0.772219296347621, -0.37879947194723407], [0.22358030216652452, -0.5443036842615101, 0.808545204538665]]	0.18050662600927642	0.8194933739907234	[[-0.14992088962777844, 0.05915851185772589, 0.08128123621874578], [-0.09207400740540148, -0.13939069972296658, -0.06837581461529078], [0.040357725986213865, -0.09825042157046368, 0.14594776684725475]]	0.5093590112562193	0.6720730617394565	[[-0.3635266500093371, 0.1386436533346953, 0.39131614126524433], [-0.35546426530130426, -0.6062876010875469, -0.0555891841888937], [0.3095396162410877, -0.24386497791172682, 0.2535224169687862]]	[[0.059524612959445125, -0.028291609782416106, 0.16195431101345145], [-0.09564706960454959, -0.2129507438269492, 0.13735574030652747], [0.19565697459318002, 0.033381008526833345, -0.15831736897098586]]	0.6873714897419579	[[-0.5907141765761169, 0.5907141765761169, 0.0], [-0.7071067811865475, -0.7071067811865476, 0.0], [0.0, 0.0, 0.8353959999999998]]
2	[[-0.42203838922340475, -0.825029846081567, 0.3757783270710803], [0.2588054115689476, 0.28760896992378115, 0.9221175843470338], [-0.8688517462515349, 0.4864224845687207, 0.09214016247897017]]	0.10458959310327547	0.8954104068967247	[[-0.044140823402837696, -0.08628953589972907, 0.039302502325393854], [0.027068352688921965, 0.030080905137180418, 0.09644390294023156], [-0.09087285060751839, 0.05087472973732678, 0.009636902102145184]]	0.33325274761841717	1.124802989166826	[[-0.2240794266613056, -0.43494954220662163, 0.2739409072666828], [0.18612117608682296, 0.017706563280182223, 0.015891445074889148], [0.1494572985547809, 0.1621016294859033, -0.08728749507227573]]	[[-0.08343397385215502, -0.16000607913273973, 0.14871174727479305], [0.0998735615829559, -0.07813991618662058, -0.2914067735360174], [0.4390045302661647, 0.0, -0.11799345738439981]]	1.0000000000000002	[[0.0, 0.0, 0.0], [0.0, 0.0, 0.0], [0.0, 0.0, 0.0]]
2	[[-0.5446221603179724, 0.8109226453022452, -0.2139887049042392], [-0.8354447797583356, -0.5021691245819775, 0.22328947644507607], [0.07361197229480154, 0.30038414347728, 0.9509735242804028]]	0.2301465931727842	0.7698534068272159	[[-0.1253429347635832, 0.18663108414297377, -0.049248771411166896], [-0.19227476984536787, -0.11557251321910157, 0.05138931229516889], [0.01694154464037797, 0.0691323872644208, 0.21886331681065063]]	0.585280709760368	0.58021761600831	[[-0.32971792472587685, 0.5167465131791796, 0.13222846041340933], [-0.6045887238285911, -0.4086606069140228, 0.13068702325579507], [0.17069831835590954, 0.016300963692447854, 0.49700686972563407]]	[[-0.01096108018374914, 0.042129131775926434, 0.2574719215004644], [-0.11561901016603823, -0.1147507052589404, 0.0], [0.1276146509643476, -0.15950808100269478, -0.05957958952851849]]	0.4404786680872276	[[-0.5907141765761169, 0.5907141765761169, 0.0], [-0.7071067811865475, -0.7071067811865476, 0.0], [0.0, 0.0, 0.8353959999999998]]
2	[[0.3802729664721569, 0.7767473726770865, -0.5020517802076895], [0.4287143634067757, 0.332951791095048, 0.839849450446521], [0.8195098935212374, -0.5346088512602871, -0.20639019011321075]]	0.12217366661489107	0.8778263333851094	[[0.04645934262842496, 0.09489807455344292, -0.061337506818506804], [0.05237760570787467, 0.04067794112407723, 0.10260748676555274], [0.10012252851866854, -0.06531512356324422, -0.025215446279475404]]	0.4009354964599413	0.9537527997338944	[[0.1381544069680178, 0.30558976596029563, 0.10895445768360026], [0.2699583249874824, -0.2745139070866642, 0.3282060007949033], [0.5529793975702622, 0.0, -0.08093713340962586]]	[[-0.014310523634791107, -0.005835827527947109, 0.3102448374297676], [0.09807151885547905, -0.4080060987465839, -0.008519455571481488], [0.2244087915574912, 0.2143436651919222, 0.0018120199278759547]]	1.0000000000000007	[[0.0, 0.0, 0.0], [0.0, 0.0, 0.0], [0.0, 0.0, 0.0]]
2	[[0.04673222253661188, -0.9725397674033924, -0.22799671093185395], [-0.8377629715199755, -0.16246744520517667, 0.5213036857710898], [-0.5440306084466285, 0.16664552219444034, -0.8223502702654952]]	0.17246854004560466	0.8275314599543951	[[0.008059838193975752, -0.167732513820355, -0.03932225986961658], [-0.14448775660231764, -0.028020523079476098, 0.0899084856053325], [-0.09382816477891204, 0.028741109918012528, -0.14182955051879836]]	0.4538503738727008	0.8714269550138461	[[0.12186796289456615, -0.5383785856860968, 0.090613990956189], [-0.3088151349054771, -0.3855780213812745, 0.0], [0.06407376747549773, 0.06407376747549773, -0.4720572357407644]]	[[0.1006585262244226, -0.0969910486439977, 0.194090383454357], [0.07140390293556842, -0.31184211063276257, -0.23659387268842602], [0.310982262517193, -0.01155836507666047, -0.09883325812645297]]	0.8946412734582343	[[0.5907141765761169, -0.5907141765761169, 0.0], [-0.7071067811865475, -0.7071067811865476, 0.0], [0.0, 0.0, -0.8353959999999998]]
2	[[0.5319609947059123, -0.8460851799387872, 0.03402011756955908], [-0.703274286200726, -0.4190807785627857, 0.5742617690636116], [-0.47161719485230363, -0.3294103357928521, -0.8179645788128509]]	0.14663750810601078	0.8533624918939893	[[0.07800543467326977, -0.12406782243164957, 0.004988625265873681], [-0.10312638884350793, -0.061452961063573786, 0.08420831481603744], [-0.06915677023308875, -0.04830391078502809, -0.11994428755609911]]	0.4485095363178481	0.8273819931503256	[[0.21235297248514978, -0.47931567255720375, 0.21981824889347557], [-0.3823607592994598, -0.39798182251276687, 0.0], [0.12011945011472558, -0.14080680529109993, -0.31487792213395205]]	[[-0.026236606589580245, -0.09983840081745504, 0.20455990173687394], [-0.06693553529130655, -0.210020096839849, -0.2575618797677876], [0.3316442594974566, 0.006936871673658791, 0.051986991833823645]]	0.703904394184335	[[0.5907141765761169, -0.5907141765761169, 0.0], [-0.7071067811865475, -0.7071067811865476, 0.0], [0.0, 0.0, -0.8353959999999998]]
