2	[[0.8592155572171323, 0.2624339665249735, -0.4391776855101157], [-0.4266000482917053, 0.8413623931712975, -0.33184593135155627], [0.2824199444684594, 0.4724804086637203, 0.8348660002631537]]	0.16082539765629403	0.839174602343706	[[0.13818368366191958, 0.042206047024897414, -0.07063092591393523], [-0.06860812240670772, 0.13531244145482507, -0.0533692538702373], [0.04542029987520847, 0.07598684960815114, 0.13426765648204136]]	0.0	0.6903130004581272	[[0.6375274739177912, 0.6375274739177911, 0.0], [-0.7071067811865474, 0.7071067811865475, 0.0], [0.0, 0.0, 0.9015999999999998]]	[[0.6375274739177912, 0.6375274739177911, 0.0], [-0.7071067811865474, 0.7071067811865475, 0.0], [0.0, 0.0, 0.9015999999999998]]	0.6903130004581273	[[0.6375274739177913, 0.6375274739177912, 0.0], [-0.7071067811865475, 0.7071067811865476, 0.0], [0.0, 0.0, 0.9016]]
2	[[-0.30792515101507295, 0.09349718223056193, 0.9468053539599837], [0.3027085282091916, -0.9338174967034747, 0.1906631317268273], [0.9019698710720718, 0.34531602882779927, 0.2592434992682147]]	0.5073994783296375	0.4926005216703627	[[-0.15624106098962287, 0.04744042148907817, 0.48040854267900346], [0.15359414929927617, -0.47381851068243097, 0.09674237357488713], [0.4576590420510195, 0.1752131728860874, 0.1315400162890419]]	0.7512244353130736	0.34928211483080546	[[-0.07132903827139019, 0.11642982219271188, 0.7240346932281518], [0.31912339066631784, -0.8084866221701006, 0.143230803466508], [0.6648104312173545, 0.25940983876071655, 0.07132903827139019]]	[[0.1599918594186009, 0.046192454268194474, 0.01277137584816839], [0.09172134749791624, -0.10698010052356496, 0.0], [-0.01277137584816839, 0.0, -0.12342101307495959]]	0.4874571045968979	[[0.0, 0.0, 0.9016], [0.0, -1.0, 0.0], [0.9016, 0.0, 0.0]]
2	[[-0.8305561570912853, 0.32773595720904825, 0.4502950280316503], [-0.5100865793185324, -0.772219296347621, -0.37879947194723407], [0.22358030216652452, -0.5443036842615101, 0.808545204538665]]	0.17739970303175193	0.8226002969682479	[[-0.14734041561918712, 0.058140261481712106, 0.07988220424948915], [-0.0904892076915898, -0.13699147384745636, -0.06719891383202377], [0.039663079208090826, -0.09655931194708035, 0.14343567917290628]]	0.5030166075804624	0.679084694178291	[[-0.3547945061123558, 0.13301267479131737, 0.3842986934525809], [-0.3565105540534236, -0.6077893354555128, -0.053778805960644764], [0.3026519885705177, -0.24082843571238274, 0.24732394205318023]]	[[0.06298903443276807, -0.03184395458611368, 0.15779281604175097], [-0.09992853335229297, -0.21935020469856067, 0.13676361937152345], [0.19018738345289787, 0.032965357038389195, -0.1593877238093101]]	0.690534696685727	[[-0.5747947704842806, 0.5747947704842805, 0.0], [-0.7071067811865475, -0.7071067811865476, 0.0], [0.0, 0.0, 0.8128825599999999]]
2	[[0.034229894132735264, 0.2773841392786001, 0.9601491309293217], [-0.1827544195208179, -0.9427759796974285, 0.2788803941677556], [0.9825625356654255, -0.18501754344446375, 0.018422055382213542]]	0.7097811868985776	0.2902188131014224	[[0.02429573488494549, 0.19688204360400519, 0.6814957897506517], [-0.12971564879844671, -0.6691646538491104, 0.19794405717513275], [0.6974044027666819, -0.13132197158307063, 0.013075628334298855]]	0.8483534860578835	0.2348481004703049	[[0.0050483933470177, 0.19736759099464324, 0.7601100818797892], [-0.18688048199232993, -0.8194482006736583, 0.23658915458541213], [0.7747562259640318, -0.15696027796297674, -0.007139506339546533]]	[[-0.023990656667880556, -0.03795221053952266, -0.054435780479548036], [-0.03184013309935915, -0.019640911725708206, 0.0], [-0.05880412643760547, 0.0, -0.022767921243398784]]	0.382792512351742	[[0.0, 0.0, 0.9016], [0.0, -1.0, 0.0], [0.9016, 0.0, 0.0]]
2	[[0.8489524140446696, -0.5135124485683378, 0.12483895166604869], [0.522794976890395, 0.7815435453534784, -0.34040431673891397], [0.0772347773085365, 0.35425224329800037, 0.9319550081910795]]	0.20406852375292053	0.7959314762470796	[[0.17324446587057393, -0.10479172730808821, 0.025475700573352744], [0.10668599915946508, 0.159488437548908, -0.06946580639603177], [0.015761186987738623, 0.07229173232598338, 0.19018268272569458]]	0.0	0.4617374709235346	[[0.6375274739177911, -0.6375274739177911, 0.0], [0.7071067811865474, 0.7071067811865474, 0.0], [0.0, 0.0, 0.9016]]	[[0.6375274739177912, -0.6375274739177911, 0.0], [0.7071067811865474, 0.7071067811865475, 0.0], [0.0, 0.0, 0.9015999999999997]]	0.4617374709235347	[[0.6375274739177913, -0.6375274739177912, 0.0], [0.7071067811865475, 0.7071067811865476, 0.0], [0.0, 0.0, 0.9016]]
2	[[0.08740825448676931, -0.06334395238859675, -0.994156597696443], [0.7119981850616444, -0.6940087028176986, 0.10681996481098455], [-0.6967197295301035, -0.717174639895393, -0.015561310176609944]]	0.14274780777121338	0.8572521922287868	[[0.01247733670909464, -0.0090422103390363, -0.14191367490245535], [0.10163618005463243, -0.09906822090136999, 0.015248315802966199], [-0.09945521402137499, -0.10237510763417673, -0.0022213429137589273]]	0.4281696988036843	1.021814834243064	[[0.057034179317315435, -0.014209919056565993, -0.0012512507274186], [0.6354778114274846, -0.6360133153863045, 0.037499017006495064], [0.00652868552495881, -0.01169986932683559, 0.021067885406238163]]	[[0.01960861332075962, 0.012912041958694317, 0.42441648027196294], [0.3306217629808704, -0.33885981813371474, -0.008238055152844339], [0.30484296226844765, 0.29537258022681556, 0.02773076689754798]]	0.8455988912319307	[[0.0, 0.0, -0.8128825599999999], [0.0, -1.0, 0.0], [-0.8128825599999999, 0.0, 0.0]]
2	[[0.3802729664721569, 0.7767473726770865, -0.5020517802076895], [0.4287143634067757, 0.332951791095048, 0.839849450446521], [0.8195098935212374, -0.5346088512602871, -0.20639019011321075]]	0.1207861334269611	0.8792138665730392	[[0.04593170126697224, 0.09382031179521604, -0.06064089331140933], [0.051782750300505484, 0.040215959463952206, 0.10144216778019344], [0.09898543134357092, -0.06457333603955946, -0.024929073041030148]]	0.39568908413203246	0.9012659092156532	[[0.1995201587696743, 0.32646619633345575, 0.10378791717971184], [0.23697976514845376, -0.20948190490667432, 0.32828034468663464], [0.5404531005641515, 0.0, -0.08430527175382137]]	[[0.049050296946135434, 0.01911573983689686, 0.302444326276949], [0.06734217133777928, -0.34122729418519376, -0.004038915169340069], [0.21618198135959368, 0.21153888672406104, -0.0026389264540889468]]	1.0000000000000007	[[0.0, 0.0, 0.0], [0.0, 0.0, 0.0], [0.0, 0.0, 0.0]]
2	[[-0.42203838922340475, -0.825029846081567, 0.3757783270710803], [0.2588054115689476, 0.28760896992378115, 0.9221175843470338], [-0.8688517462515349, 0.4864224845687207, 0.09214016247897017]]	0.10341031563013219	0.8965896843698679	[[-0.043643123037624874, -0.08531659678757421, 0.03885935540938344], [0.02676314929713114, 0.029741734357875346, 0.09535647044542181], [-0.0898482333156628, 0.05030110265884452, 0.009528243284161995]]	0.32914173438541966	1.1211185845786835	[[-0.22145354387568966, -0.4260291315140986, 0.26730695421713174], [0.18672735423469627, 0.01952469107112193, 0.011927163669619467], [0.14262004715751486, 0.16010194021501373, -0.08640639362251179]]	[[-0.08254309646946946, -0.15447737705507592, 0.14362262390050495], [0.10154369220256054, -0.07513942411439545, -0.2915802173496567], [0.4285954178425456, 0.0, -0.11673356650739443]]	1.0000000000000002	[[0.0, 0.0, 0.0], [0.0, 0.0, 0.0], [0.0, 0.0, 0.0]]
2	[[-0.5446221603179724, 0.8109226453022452, -0.2139887049042392], [-0.8354447797583356, -0.5021691245819775, 0.22328947644507607], [0.07361197229480154, 0.30038414347728, 0.9509735242804028]]	0.22621095555674225	0.7737890444432579	[[-0.1231994993029058, 0.1834395864764221, -0.048406589414737675], [-0.18898676194402514, -0.1135961575227819, 0.05051052583240537], [0.016651834593223502, 0.06795018413008908, 0.21512062963663275]]	0.5805005233370891	0.5807844862546936	[[-0.31747010112375107, 0.5110502330360331, 0.13029378922906149], [-0.6025686972076061, -0.41666873625361145, 0.1296196579320313], [0.16663632344165302, 0.017626920379067223, 0.49503479273750617]]	[[-0.0013166520381921263, 0.04030921305218302, 0.25451434441419835], [-0.11759256533865317, -0.1251592966300456, 0.0], [0.12390453500064542, -0.15674623211165709, -0.05700583578698381]]	0.4510918648789924	[[-0.5747947704842806, 0.5747947704842805, 0.0], [-0.7071067811865475, -0.7071067811865476, 0.0], [0.0, 0.0, 0.8128825599999999]]
2	[[0.8787972042104137, -0.3840163418041313, 0.28327887866788265], [-0.395223040501579, -0.9183905790867732, -0.018907472103605397], [0.2674214316928388, -0.09534250611366366, -0.9588511794847616]]	0.5260847426386316	0.47391525736136847	[[0.46232180100858455, -0.20202513834705516, 0.1490286959789532], [-0.2079208115471306, -0.483151271440609, -0.009946932595572352], [0.1406863350681815, -0.050158237791328907, -0.5044369759879891]]	0.7791030123556605	0.3855026393685054	[[0.5332599791984819, -0.22833200958149563, 0.22743037228925675], [-0.3518447446597994, -0.8405199876504229, -0.014730868471949581], [0.20162189841797845, -0.07428163371869333, -0.615990505386341]]	[[-0.15141356985158388, 0.07085627911190397, 0.006726944582375698], [-0.043925283252656114, -0.1249991209648586, 0.0], [-0.006726944582375698, 0.0, 0.13105333695101484]]	0.5169230451969333	[[0.9016, 0.0, 0.0], [0.0, -1.0, 0.0], [0.0, 0.0, -0.9016]]
2	[[-0.3195682178843842, -0.5708200961323295, -0.7563336379995778], [0.910087742671785, 0.03735879733279218, -0.41272826520656647], [0.2638493031197415, -0.8202248094963509, 0.507557688474819]]	0.10974192157951973	0.8902580784204802	[[-0.035070030306375, -0.062642894225768, -0.08300150678930254], [0.09987477768676918, 0.004099826207200473, -0.04529359291395024], [0.028955329531777582, -0.09001304672132505, 0.05570035604568587]]	0.3492139218871145	1.0628795152896648	[[-0.1735359657614214, -0.2612766195458902, 0.1772964402703719], [0.5336865320158545, -0.07284141169494293, -0.14413045616645018], [0.22389469654320554, -0.04901767578951186, 0.08965223403884112]]	[[-0.061938295083539735, -0.06193829508353972, 0.44141867625135356], [0.21587122213604937, -0.08588762382851328, 0.0], [0.13175484661357859, 0.2374162467638202, -0.08759397693740867]]	0.9519121868136253	[[1.6231107475487626e-16, -0.8128825599999999, 0.0], [1.0, 1.7938038903913487e-16, 0.0], [0.0, 0.0, 0.8128825599999999]]
2	[[0.5319609947059123, -0.8460851799387872, 0.03402011756955908], [-0.703274286200726, -0.4190807785627857, 0.5742617690636116], [-0.47161719485230363, -0.3294103357928521, -0.8179645788128509]]	0.14449091598381494	0.8555090840161851	[[0.0768635313927186, -0.12225162264968625, 0.004915597949502679], [-0.10161674580100653, -0.06055336556574717, 0.08297560902648725], [-0.06814440047792668, -0.047596801153245265, -0.11818845123498424]]	0.4428813194756783	0.8326358861111594	[[0.21037145017853934, -0.46439934819222517, 0.2162861751589359], [-0.38145897878379764, -0.3971613007410855, 0.0], [0.1124740447008043, -0.13617694183466492, -0.30610144602293304]]	[[-0.025224137066409455, -0.08968402731211825, 0.20121930060101187], [-0.06999193495790436, -0.2115582525643045, -0.25432981000732957], [0.3213444902444106, 0.009712742330199699, 0.05615978592606978]]	0.7129794062767432	[[0.5747947704842806, -0.5747947704842805, 0.0], [-0.7071067811865475, -0.7071067811865476, 0.0], [0.0, 0.0, -0.8128825599999999]]
2	[[0.22433838825039393, -0.7661379269479729, -0.6022499185961573], [-0.9416906372873723, -0.011392912655017143, -0.3362869982418849], [0.2507808429735371, 0.642575192824231, -0.724020780340167]]	0.13354654457221865	0.8664534554277814	[[0.029959616565740935, -0.10231507280962465, -0.08042839559741682], [-0.12575953066573903, -0.0015214841176906524, -0.04490996659976749], [0.03349091502402403, 0.08581369662950317, -0.09669047341291062]]	0.387725573310592	0.870184290272385	[[0.017420190622234592, -0.29437524155071026, 0.09893912156795376], [-0.4504216569172794, -0.1210527657049905, -0.13038706919023282], [0.261606602467431, 0.04335355415682997, -0.31221073066900035]]	[[-0.06956153957772358, 0.002676025410180985, 0.33244681653190616], [-0.08530411469381624, -0.11663544211414648, 0.0], [0.1643724563502028, -0.20578928087610918, -0.03148935852282693]]	0.9710260732395599	[[0.5747947704842806, -0.5747947704842805, 0.0], [-0.7071067811865475, -0.7071067811865476, 0.0], [0.0, 0.0, -0.8128825599999999]]
2	[[0.04673222253661188, -0.9725397674033924, -0.22799671093185395], [-0.8377629715199755, -0.16246744520517667, 0.5213036857710898], [-0.5440306084466285, 0.16664552219444034, -0.8223502702654952]]	0.17026187401806833	0.8297381259819315	[[0.007956715786112928, -0.1655864433551979, -0.038819147273213256], [-0.1426390935139366, -0.027662011687561203, 0.08875814247191197], [-0.09262767091731294, 0.028373378905545015, -0.1400148981146682]]	0.44834970707732885	0.8555751019268981	[[-0.04418544442419666, -0.5267516294254826, 0.08579496457643833], [-0.31069578738369585, -0.17691528701021858, 0.0], [0.06066620124365918, 0.06066620124365917, -0.4608192950878095]]	[[-0.06513782270955915, -0.09071370958911813, 0.18801722313732946], [0.06491499549751767, -0.1040730555428756, -0.23372635481379997], [0.30458216518180614, -0.014049269817966663, -0.0921187922993127]]	0.8997377578409935	[[0.5747947704842806, -0.5747947704842805, 0.0], [-0.7071067811865475, -0.7071067811865476, 0.0], [0.0, 0.0, -0.8128825599999999]]
