2	[[0.8489524140446696, -0.5135124485683378, 0.12483895166604869], [0.522794976890395, 0.7815435453534784, -0.34040431673891397], [0.0772347773085365, 0.35425224329800037, 0.9319550081910795]]	0.2083722007937629	0.7916277992062372	[[0.17689808288366562, -0.10700171904317853, 0.02601296710344078], [0.10893593989857601, 0.1628519485614643, -0.07093079663858466], [0.016093580525595924, 0.07381631957213187, 0.19419351609754457]]	0.0	0.45408898080890187	[[0.6513867668290475, -0.6513867668290474, 0.0], [0.7071067811865474, 0.7071067811865475, 0.0], [0.0, 0.0, 0.9211999999999999]]	[[0.6513867668290475, -0.6513867668290474, 0.0], [0.7071067811865474, 0.7071067811865475, 0.0], [0.0, 0.0, 0.9211999999999999]]	0.4540889808089019	[[0.6513867668290476, -0.6513867668290475, 0.0], [0.7071067811865475, 0.7071067811865476, 0.0], [0.0, 0.0, 0.9212]]
2	[[0.5319609947059123, -0.8460851799387872, 0.03402011756955908], [-0.703274286200726, -0.4190807785627857, 0.5742617690636116], [-0.47161719485230363, -0.3294103357928521, -0.8179645788128509]]	0.1478947789231439	0.8521052210768562	[[0.07867425370776664, -0.12513158063719534, 0.005031397766889302], [-0.10401059507998822, -0.06197985909648228, 0.08493031737967635], [-0.06974972076903468, -0.048718068787082444, -0.1209726905504891]]	0.45173701305212427	0.824452370075671	[[0.21347204809140893, -0.48809372365063175, 0.22186319970686622], [-0.3828778814565018, -0.3984523471926666, 0.0], [0.12465837512644554, -0.14353393595084107, -0.3200323652628493]]	[[-0.02683442271727683, -0.10588573167741486, 0.2064950534123115], [-0.06518285605182103, -0.20913804805715502, -0.2594152962668247], [0.3377053180330468, 0.005272905208719199, 0.0494725103525069]]	0.698670250491388	[[0.6000574896029187, -0.6000574896029186, 0.0], [-0.7071067811865475, -0.7071067811865476, 0.0], [0.0, 0.0, -0.84860944]]
2	[[0.8787972042104137, -0.3840163418041313, 0.28327887866788265], [-0.395223040501579, -0.9183905790867732, -0.018907472103605397], [0.2674214316928388, -0.09534250611366366, -0.9588511794847616]]	0.5506895907453988	0.4493104092546012	[[0.48394447273483343, -0.21147380210766223, 0.1559987297604318], [-0.2176452144269667, -0.5057481321417249, -0.0104121480747645], [0.14726619877547797, -0.05250412567237412, -0.5280293636162064]]	0.7949070890985641	0.3631459323142184	[[0.5530541959703814, -0.23781559340680913, 0.2319325804335376], [-0.3502026449075227, -0.8428595015115967, -0.015029683612089272], [0.2058230002409793, -0.07578843400217443, -0.6408827860530122]]	[[-0.14550793153647523, 0.06744171902299209, 0.006752191588545658], [-0.03603704823772866, -0.1128243196341852, 0.0], [-0.006752191588545658, 0.0, 0.12131481390994459]]	0.5088656238041781	[[0.6000574896029187, -0.6000574896029186, 0.0], [-0.7071067811865475, -0.7071067811865476, 0.0], [0.0, 0.0, -0.84860944]]
2	[[-0.3195682178843842, -0.5708200961323295, -0.7563336379995778], [0.910087742671785, 0.03735879733279218, -0.41272826520656647], [0.2638493031197415, -0.8202248094963509, 0.507557688474819]]	0.11294991719531687	0.8870500828046829	[[-0.03609520374829618, -0.06447408259156943, -0.08542782178408509], [0.102794335175251, 0.004219673065255513, -0.04661762337924847], [0.02980175693941685, -0.0926443243141574, 0.05732859888507724]]	0.35725595749051425	1.0674321181643327	[[-0.18032362177386263, -0.27008485210862243, 0.1816752909614934], [0.5364937868672691, -0.07467510150670681, -0.1474496315697708], [0.23511379925421216, -0.04751254454185913, 0.08776933498774922]]	[[-0.06615597211003972, -0.0661559721100397, 0.4518799889873166], [0.21135951895867977, -0.08802175441852762, 0.0], [0.140852063834964, 0.24551765513223436, -0.09355867298999439]]	0.9597638283607625	[[1.6944478456215582e-16, -0.84860944, 0.0], [1.0, 1.7938038903913487e-16, 0.0], [0.0, 0.0, 0.84860944]]
2	[[0.04673222253661188, -0.9725397674033924, -0.22799671093185395], [-0.8377629715199755, -0.16246744520517667, 0.5213036857710898], [-0.5440306084466285, 0.16664552219444034, -0.8223502702654952]]	0.1737333966140061	0.8262666033859937	[[0.0081189477526072, -0.16896263713318688, -0.03961064300701271], [-0.14554740659960816, -0.028226021094695228, 0.09056785999641195], [-0.09451628546741714, 0.02895189260135486, -0.14286970565967042]]	0.4570117254672579	0.8659440697740375	[[-0.05133692977996639, -0.5451688559040992, 0.09347114267280938], [-0.3077294044213136, -0.18403552415524657, 0.0], [0.06609407882919881, 0.0660940788291988, -0.4786287029367291]]	[[-0.07269410343634328, -0.10070677871754914, 0.19766831293663556], [0.07513809672560766, -0.10978599668977154, -0.23824189692668693], [0.31472244590239473, -0.0100648788102746, -0.10280498698422927]]	0.8917728528118061	[[0.6000574896029187, -0.6000574896029186, 0.0], [-0.7071067811865475, -0.7071067811865476, 0.0], [0.0, 0.0, -0.84860944]]
2	[[0.08740825448676931, -0.06334395238859675, -0.994156597696443], [0.7119981850616444, -0.6940087028176986, 0.10681996481098455], [-0.6967197295301035, -0.717174639895393, -0.015561310176609944]]	0.14879013457605414	0.8512098654239459	[[0.01300548594814438, -0.009424955200478476, -0.14792069396092586], [0.1059383057732283, -0.10326164828919814, 0.015893756939635757], [-0.10366502231857616, -0.10670851118456869, -0.0023153694353574977]]	0.4380751623321814	1.0233358361815568	[[0.058944719421090384, -0.014626014686677735, -0.00082446265784707], [0.635307770334663, -0.6363002901763256, 0.0379219082289389], [0.007481708563875422, -0.012128018091015698, 0.02239120177807656]]	[[0.020653334147626243, 0.013123397538718723, 0.4346908502616314], [0.32339904983356466, -0.3322723150295158, -0.00887326519595106], [0.3126973171778091, 0.30204837870168233, 0.029208225259796404]]	0.833083933375401	[[0.0, 0.0, -0.84860944], [0.0, -1.0, 0.0], [-0.84860944, 0.0, 0.0]]
2	[[-0.5446221603179724, 0.8109226453022452, -0.2139887049042392], [-0.8354447797583356, -0.5021691245819775, 0.22328947644507607], [0.07361197229480154, 0.30038414347728, 0.9509735242804028]]	0.23242687942340953	0.7675731205765903	[[-0.12658482918754216, 0.18848021990137723, -0.049736726912749184], [-0.19417982308980763, -0.11671760256937438, 0.051898476218215944], [0.017109401008683196, 0.0698173490966979, 0.22103180866277594]]	0.5880028823628516	0.5800607834649271	[[-0.3369318391796872, 0.5200273118773293, 0.13335158997984908], [-0.6057390683208382, -0.4041002177670192, 0.13129485575099678], [0.17307827509647983, 0.01550935201703886, 0.4980776697882047]]	[[-0.01669243911403654, 0.043202459066300825, 0.2591775652566354], [-0.11449512976793917, -0.10882332507918659, 0.0], [0.12979422321072215, -0.1611173901636981, -0.061097503539431115]]	0.4344885578814773	[[-0.6000574896029187, 0.6000574896029186, 0.0], [-0.7071067811865475, -0.7071067811865476, 0.0], [0.0, 0.0, 0.84860944]]
2	[[0.3802729664721569, 0.7767473726770865, -0.5020517802076895], [0.4287143634067757, 0.332951791095048, 0.839849450446521], [0.8195098935212374, -0.5346088512602871, -0.20639019011321075]]	0.12295714973771629	0.877042850262284	[[0.04675728007972256, 0.09550664301063422, -0.06173085591508394], [0.05271349617611665, 0.04093880323311465, 0.10326549463569162], [0.10076460068923072, -0.06573398057551963, -0.02537714951014579]]	0.4039466042129117	0.9536269800109003	[[0.14006322666106347, 0.3075191414012354, 0.11201408638239219], [0.27175366427525205, -0.2747467119432215, 0.3281633321187134], [0.5603021456171713, 0.0, -0.07889235872516423]]	[[-0.013546746819334772, -0.0062453221229746645, 0.31481619813633555], [0.09857595299978489, -0.4092414573226728, -0.011091001439238819], [0.22926390701038266, 0.2159534300487586, 0.004478257713924502]]	1.0000000000000007	[[0.0, 0.0, 0.0], [0.0, 0.0, 0.0], [0.0, 0.0, 0.0]]
2	[[-0.30792515101507295, 0.09349718223056193, 0.9468053539599837], [0.3027085282091916, -0.9338174967034747, 0.1906631317268273], [0.9019698710720718, 0.34531602882779927, 0.2592434992682147]]	0.5329498883931885	0.4670501116068117	[[-0.16410867486693884, 0.04982931283485558, 0.5045998077230466], [0.16132847632475503, -0.4976779306477234, 0.1016138947745084], [0.48070474212187925, 0.18403613902415467, 0.13816379400165468]]	0.7672961376959871	0.32990609098499996	[[-0.08426292724716077, 0.12414738979595684, 0.7384422198578264], [0.31222803178348635, -0.8100735065427316, 0.14629508457501586], [0.6801158697772993, 0.26495965520408654, 0.08426292724716077]]	[[0.15200685182615833, 0.05240736298498878, 0.01196212861444896], [0.07996094724093682, -0.09355894800922017, 0.0], [-0.01196212861444896, 0.0, -0.11465360846413293]]	0.48216217610861745	[[0.0, 0.0, 0.9212], [0.0, -1.0, 0.0], [0.9212, 0.0, 0.0]]
2	[[-0.42203838922340475, -0.825029846081567, 0.3757783270710803], [0.2588054115689476, 0.28760896992378115, 0.9221175843470338], [-0.8688517462515349, 0.4864224845687207, 0.09214016247897017]]	0.10526437615167115	0.8947356238483289	[[-0.04442560775365789, -0.0868462520542854, 0.03955607117045591], [0.027242990193481774, 0.03027497879465161, 0.09706613225477652], [-0.09145913703745795, 0.051202959384272266, 0.009699076721862397]]	0.33560939178376503	1.1270747572846165	[[-0.22558123157704477, -0.440152744672904, 0.2778258298421798], [0.18577368360397706, 0.016664318945870043, 0.018163975011922157], [0.15350257436437048, 0.16324795419605617, -0.08778765761710386]]	[[-0.08394118446037804, -0.16326497982601607, 0.15171109404833388], [0.09891615683697558, -0.07985995252180533, -0.2913073466239005], [0.44509738047411024, 0.0, -0.1187107615055283]]	1.0000000000000002	[[0.0, 0.0, 0.0], [0.0, 0.0, 0.0], [0.0, 0.0, 0.0]]
2	[[0.034229894132735264, 0.2773841392786001, 0.9601491309293217], [-0.1827544195208179, -0.9427759796974285, 0.2788803941677556], [0.9825625356654255, -0.18501754344446375, 0.018422055382213542]]	0.7477631486082611	0.252236851391739	[[0.025595853413221563, 0.20741763736095842, 0.7179641372771952], [-0.13665702016296186, -0.7049731350107873, 0.20853648162799387], [0.7347240553736953, -0.13834930083379796, 0.013775334136439762]]	0.8664448678973861	0.20030396611627369	[[0.0, 0.20505330609002734, 0.7920654652353384], [-0.1889061014787171, -0.8216642493966602, 0.24163448628385198], [0.8105997845677202, -0.1603075009884373, 0.0]]	[[-0.029658316099979314, -0.035284757824049495, -0.03985082167450781], [-0.030559472599338524, -0.004800840210892781, 0.0], [-0.040736481847830124, 0.0, -0.015961695342040352]]	0.3733761495464381	[[0.0, 0.0, 0.9212], [0.0, -1.0, 0.0], [0.9212, 0.0, 0.0]]
2	[[0.8592155572171323, 0.2624339665249735, -0.4391776855101157], [-0.4266000482917053, 0.8413623931712975, -0.33184593135155627], [0.2824199444684594, 0.4724804086637203, 0.8348660002631537]]	0.16497050602888122	0.8350294939711187	[[0.14174522526199745, 0.04329386425679138, -0.07245136501519657], [-0.07037642583862772, 0.13879997975513936, -0.054744791218691614], [0.04659096115161032, 0.07794533210598653, 0.13772826652972053]]	0.0	0.689226959506574	[[0.6513867668290476, 0.6513867668290475, 0.0], [-0.7071067811865475, 0.7071067811865476, 0.0], [0.0, 0.0, 0.9212]]	[[0.6513867668290476, 0.6513867668290475, 0.0], [-0.7071067811865475, 0.7071067811865476, 0.0], [0.0, 0.0, 0.9212]]	0.689226959506574	[[0.6513867668290476, 0.6513867668290475, 0.0], [-0.7071067811865475, 0.7071067811865476, 0.0], [0.0, 0.0, 0.9212]]
2	[[0.22433838825039393, -0.7661379269479729, -0.6022499185961573], [-0.9416906372873723, -0.011392912655017143, -0.3362869982418849], [0.2507808429735371, 0.642575192824231, -0.724020780340167]]	0.13772130383797168	0.8622786961620285	[[0.030896175330753367, -0.10551351421899549, -0.08294264402537514], [-0.12969086237922736, -0.0015690467853610723, -0.046313883861630066], [0.03453786467190119, 0.08849629336968916, -0.09971308587423347]]	0.3966440919681537	0.8694539303986483	[[0.01820973758557678, -0.3024797813185475, 0.10367839423646422], [-0.45926147504304277, -0.1231478168087908, -0.13338625105834856], [0.27091309039387335, 0.041968041469034, -0.3178979025287548]]	[[-0.0707727587155999, 0.0014043010380949128, 0.34255726633593153], [-0.0857454473012809, -0.11862888531386903, 0.0], [0.17144235064962657, -0.2129056124099944, -0.030719337544655057]]	0.9653901543409423	[[0.6000574896029187, -0.6000574896029186, 0.0], [-0.7071067811865475, -0.7071067811865476, 0.0], [0.0, 0.0, -0.84860944]]
2	[[-0.8305561570912853, 0.32773595720904825, 0.4502950280316503], [-0.5100865793185324, -0.772219296347621, -0.37879947194723407], [0.22358030216652452, -0.5443036842615101, 0.808545204538665]]	0.1823058266080805	0.8176941733919192	[[-0.15141522676295754, 0.05974817458818602, 0.08209140730281878], [-0.09299175548435329, -0.1407800771433634, -0.0690573508520449], [0.040759991799752676, -0.09922973308511826, 0.14740250186342085]]	0.5130005952435381	0.6680026910364657	[[-0.36866858948793596, 0.14197913919438734, 0.39539764249093545], [-0.3548595302555775, -0.6054023980941258, -0.05662774277154105], [0.3135682554398854, -0.24560845310114388, 0.2571640455762787]]	[[0.05740721348307902, -0.026149601936565136, 0.16439602507549317], [-0.09318481143943014, -0.20925343940925, 0.13769661181532794], [0.1988714273437282, 0.03361966091826165, -0.15762012563336475]]	0.685779738196847	[[-0.6000574896029187, 0.6000574896029186, 0.0], [-0.7071067811865475, -0.7071067811865476, 0.0], [0.0, 0.0, 0.84860944]]
