2	[[0.8787972042104137, -0.3840163418041313, 0.28327887866788265], [-0.395223040501579, -0.9183905790867732, -0.018907472103605397], [0.2674214316928388, -0.09534250611366366, -0.9588511794847616]]	0.5997097809272516	0.4002902190727484	[[0.5270232788165083, -0.23029835621584013, 0.1698851142672334], [-0.23701912303660425, -0.5507678129897806, -0.011338995953141313], [0.16037524821576427, -0.057177833454480374, -0.5750324307906434]]	0.8229416147366575	0.3217696063759678	[[0.5897395071657995, -0.2556351066287759, 0.23989685555963308], [-0.3474867083011433, -0.8469931501839172, -0.015559745623529334], [0.21329734708459744, -0.07846131593421801, -0.6872122510791626]]	[[-0.1334592830931784, 0.06038792178078004, 0.006774877727896042], [-0.022241221169642493, -0.09121132407131441, 0.0], [-0.006774877727896042, 0.0, 0.10186628685817584]]	0.48742996691004487	[[0.6473323862513516, -0.6473323862513515, 0.0], [-0.7071067811865475, -0.7071067811865476, 0.0], [0.0, 0.0, -0.9154662400000002]]
2	[[-0.42203838922340475, -0.825029846081567, 0.3757783270710803], [0.2588054115689476, 0.28760896992378115, 0.9221175843470338], [-0.8688517462515349, 0.4864224845687207, 0.09214016247897017]]	0.10849491520966499	0.891505084790335	[[-0.045789019254016905, -0.0895115431960626, 0.040770037733206616], [0.028079071183975415, 0.031204110805419676, 0.10004506912707255], [-0.09426599653932966, 0.052774366219357945, 0.009996739115560642]]	0.3469373348790068	1.1397083410875708	[[-0.23276224223015995, -0.46613680357565346, 0.297390963799394], [0.18410335291528682, 0.011654447415823093, 0.029087596909309316], [0.17431457929121782, 0.16875812042149677, -0.09013827157622593]]	[[-0.08634136825636306, -0.17990314758047724, 0.16701943250006174], [0.0943140931732917, -0.08812784209683, -0.29082942024911834], [0.4757516885406965, 0.0, -0.12210513398199846]]	1.0000000000000002	[[0.0, 0.0, 0.0], [0.0, 0.0, 0.0], [0.0, 0.0, 0.0]]
2	[[-0.3195682178843842, -0.5708200961323295, -0.7563336379995778], [0.910087742671785, 0.03735879733279218, -0.41272826520656647], [0.2638493031197415, -0.8202248094963509, 0.507557688474819]]	0.11871885508489322	0.8812811449151067	[[-0.03793877294875378, -0.06776710827227889, -0.0897910635655019], [0.10804457483678928, 0.004435193646697637, -0.048998627106497744], [0.03132388718132263, -0.09737615029563143, 0.06025666766526544]]	0.37147056307940024	1.076658743053582	[[-0.19292967221746216, -0.2862623489049834, 0.1894795937357589], [0.5414557172127995, -0.0779162183994947, -0.15331640107506728], [0.25626596293996134, -0.04427786572010458, 0.08358053610535437]]	[[-0.07421948637766956, -0.07421948637766955, 0.4704352761193533], [0.20338491099085104, -0.09179391188067629, 0.0], [0.1582537137419636, 0.2604115061151987, -0.10496220422766546]]	0.9775811204275564	[[1.82794313259969e-16, -0.9154662400000002, 0.0], [1.0, 1.7938038903913487e-16, 0.0], [0.0, 0.0, 0.9154662400000002]]
2	[[0.22433838825039393, -0.7661379269479729, -0.6022499185961573], [-0.9416906372873723, -0.011392912655017143, -0.3362869982418849], [0.2507808429735371, 0.642575192824231, -0.724020780340167]]	0.1451883641066936	0.8548116358933062	[[0.03257132359640698, -0.11123431229366974, -0.08743968046436539], [-0.1367225231223434, -0.0016541183507923635, -0.04882495914508982], [0.03641046034062545, 0.09329444106169331, -0.10511939267684063]]	0.4124067710197042	0.8686976959124291	[[0.01968996973644732, -0.3170945173325893, 0.11259173432008208], [-0.4748850579877668, -0.12685063107804173, -0.13868703508084465], [0.2880785572979864, 0.03899977028597799, -0.32762365895628587]]	[[-0.0728287005776624, -0.0011340487242458425, 0.36096367859520295], [-0.08652546296459415, -0.12215211675747666, 0.0], [0.18465483961367057, -0.2260025901240269, -0.029032586785031192]]	0.9567379445543391	[[0.6473323862513516, -0.6473323862513515, 0.0], [-0.7071067811865475, -0.7071067811865476, 0.0], [0.0, 0.0, -0.9154662400000002]]
2	[[0.8592155572171323, 0.2624339665249735, -0.4391776855101157], [-0.4266000482917053, 0.8413623931712975, -0.33184593135155627], [0.2824199444684594, 0.4724804086637203, 0.8348660002631537]]	0.17236894240764356	0.8276310575923564	[[0.1481020768977112, 0.04523546526175261, -0.07570059318041533], [-0.07353259915509089, 0.14502474589250058, -0.05719993222934723], [0.04868042714285377, 0.0814409483496967, 0.1439049695174593]]	0.0	0.6884166460621972	[[0.6765597682392888, 0.6765597682392885, 0.0], [-0.7071067811865474, 0.7071067811865474, 0.0], [0.0, 0.0, 0.9567999999999999]]	[[0.6765597682392887, 0.6765597682392885, 0.0], [-0.7071067811865474, 0.7071067811865475, 0.0], [0.0, 0.0, 0.9567999999999999]]	0.6884166460621971	[[0.6765597682392888, 0.6765597682392887, 0.0], [-0.7071067811865475, 0.7071067811865476, 0.0], [0.0, 0.0, 0.9568000000000001]]
2	[[0.8489524140446696, -0.5135124485683378, 0.12483895166604869], [0.522794976890395, 0.7815435453534784, -0.34040431673891397], [0.0772347773085365, 0.35425224329800037, 0.9319550081910795]]	0.21579456365286317	0.7842054363471369	[[0.18319931575081433, -0.1108131947691178, 0.026939567101655848], [0.11281631391797149, 0.16865284834526545, -0.07345740099622498], [0.016666845068121716, 0.07644570826553991, 0.2011108243366945]]	0.0	0.4410960169970276	[[0.6765597682392888, -0.6765597682392887, 0.0], [0.7071067811865475, 0.7071067811865476, 0.0], [0.0, 0.0, 0.9568000000000001]]	[[0.6765597682392888, -0.6765597682392887, 0.0], [0.7071067811865475, 0.7071067811865476, 0.0], [0.0, 0.0, 0.9568000000000001]]	0.4410960169970276	[[0.6765597682392888, -0.6765597682392887, 0.0], [0.7071067811865475, 0.7071067811865476, 0.0], [0.0, 0.0, 0.9568000000000001]]
2	[[-0.8305561570912853, 0.32773595720904825, 0.4502950280316503], [-0.5100865793185324, -0.772219296347621, -0.37879947194723407], [0.22358030216652452, -0.5443036842615101, 0.808545204538665]]	0.19114596979358617	0.8088540302064137	[[-0.1587574621152478, 0.06264540737695279, 0.08607207982633984], [-0.09750099388253386, -0.14760660629368677, -0.07240599242265239], [0.042736473684363355, -0.10404145559038827, 0.1545501572434966]]	0.5305662953982736	0.6479142007744253	[[-0.3948801769115003, 0.1591863064001709, 0.41565486996628187], [-0.3519015951566732, -0.6008995066012328, -0.06162834348545442], [0.3338063998355277, -0.25401835453721333, 0.2756335991819001]]	[[0.04578492647664956, -0.014699346285040958, 0.17674350510726736], [-0.08126684843526173, -0.1911859753030139, 0.13934988904441187], [0.21518222719100816, 0.034770834793047725, -0.15335323465221876]]	0.680836435946781	[[-0.6473323862513516, 0.6473323862513515, 0.0], [-0.7071067811865475, -0.7071067811865476, 0.0], [0.0, 0.0, 0.9154662400000002]]
2	[[0.3802729664721569, 0.7767473726770865, -0.5020517802076895], [0.4287143634067757, 0.332951791095048, 0.839849450446521], [0.8195098935212374, -0.5346088512602871, -0.20639019011321075]]	0.1265932142807443	0.8734067857192561	[[0.04813997712978406, 0.09833094659131555, -0.06355634859186117], [0.05427232927198683, 0.042149437435253, 0.10631924144394178], [0.103744391555724, -0.0676778528639761, -0.02612759756244526]]	0.4184571078185834	0.8667625106182416	[[0.027885383002118243, 0.3166491486323136, 0.12778594739510588], [0.28040538960221484, -0.1428480173921802, 0.3279577121175388], [0.5970435629453004, 0.0, -0.06782252664373496]]	[[-0.1312425427294137, -0.008386310443823417, 0.3378730833159867], [0.10100681701073035, -0.28217406093683123, -0.02348325991933909], [0.25411382307368807, 0.22371087371259504, 0.018542915393166798]]	1.0000000000000007	[[0.0, 0.0, 0.0], [0.0, 0.0, 0.0], [0.0, 0.0, 0.0]]
2	[[-0.30792515101507295, 0.09349718223056193, 0.9468053539599837], [0.3027085282091916, -0.9338174967034747, 0.1906631317268273], [0.9019698710720718, 0.34531602882779927, 0.2592434992682147]]	0.5826229437695383	0.4173770562304618	[[-0.17940425794508139, 0.05447360354532696, 0.5516305225009253], [0.1763649338093835, -0.5440634988728796, 0.11108471507500337], [0.5255083414754413, 0.20118904124645914, 0.15104121069676338]]	0.7959389202767241	0.29527795661950884	[[-0.1089269112024302, 0.13892768440500164, 0.7639066082452347], [0.30023004140430626, -0.8127811658206212, 0.15175620720322971], [0.7076055482011369, 0.27485046713944467, 0.1089269112024302]]	[[0.13616270102255415, 0.06450963813149209, 0.010307377102103936], [0.05929254230292608, -0.06951947575894415, 0.0], [-0.010307377102103936, 0.0, -0.09741507969387232]]	0.4738639757467904	[[0.0, 0.0, 0.9568000000000001], [0.0, -1.0, 0.0], [0.9568000000000001, 0.0, 0.0]]
2	[[-0.5446221603179724, 0.8109226453022452, -0.2139887049042392], [-0.8354447797583356, -0.5021691245819775, 0.22328947644507607], [0.07361197229480154, 0.30038414347728, 0.9509735242804028]]	0.24364364846116204	0.7563563515388378	[[-0.13269373017267072, 0.19757615192121583, -0.05213698879234782], [-0.20355081422815285, -0.12235031765770081, 0.054403062704061034], [0.01793508950032742, 0.07318668865668566, 0.2316986590456468]]	0.6009073080539561	0.5810757135835737	[[-0.3736983098705448, 0.535976701136997, 0.13890557683783006], [-0.6111922622167103, -0.38248174918926103, 0.1341762782073879], [0.18507772567697228, 0.011364424976345015, 0.502592619484231]]	[[-0.046430873607341924, 0.04868735730843202, 0.26749295345578883], [-0.10916738858439859, -0.08072465234889328, 0.0], [0.1408437535647607, -0.1691386020626806, -0.06885432102168938]]	0.4070808697846169	[[-0.6473323862513516, 0.6473323862513515, 0.0], [-0.7071067811865475, -0.7071067811865476, 0.0], [0.0, 0.0, 0.9154662400000002]]
2	[[0.034229894132735264, 0.2773841392786001, 0.9601491309293217], [-0.1827544195208179, -0.9427759796974285, 0.2788803941677556], [0.9825625356654255, -0.18501754344446375, 0.018422055382213542]]	0.8179918931845902	0.18200810681541	[[0.027999775905144218, 0.22689797722788013, 0.7853942053484146], [-0.1494916336116847, -0.7711831084816565, 0.22812190159734716], [0.803728188721213, -0.15134285063449907, 0.015069091958448225]]	0.897221475852424	0.150597837896368	[[0.0, 0.22906565453730707, 0.8366918791435152], [-0.18133024041152154, -0.8212470818742219, 0.2502174788414994], [0.8628138188643266, -0.1660017133878317, 0.0]]	[[-0.030711796132044958, -0.019809352284292828, -0.024774541147312864], [-0.017359050410500284, 0.024631774028119908, 0.0], [-0.018762389502706405, 0.0, -0.016528663718264724]]	0.3570063436718901	[[0.0, 0.0, 0.9568000000000001], [0.0, -1.0, 0.0], [0.9568000000000001, 0.0, 0.0]]
2	[[0.08740825448676931, -0.06334395238859675, -0.994156597696443], [0.7119981850616444, -0.6940087028176986, 0.10681996481098455], [-0.6967197295301035, -0.717174639895393, -0.015561310176609944]]	0.16004748339860705	0.8399525166013928	[[0.013989471158872425, -0.010138040168316091, -0.15911226156543717], [0.11395351770349182, -0.11107434634270447, 0.017096266544725843], [-0.11150823934545129, -0.1147819962725599, -0.002490548532151589]]	0.4555884443531034	1.0262581048250652	[[0.0624515384118795, -0.015380740132695865, 2.950233165045779e-05], [0.6350071304297095, -0.6368076738455584, 0.03866959794800391], [0.009341588817513272, -0.012919345947609656, 0.024913177367201916]]	[[0.022629347726632033, 0.013478032595201975, 0.45295576011954714], [0.31062898491524193, -0.3206253285613278, -0.009996343646085794], [0.32675904654424814, 0.3138171325718296, 0.032002730462659786]]	0.810706401914478	[[0.0, 0.0, -0.9154662400000002], [0.0, -1.0, 0.0], [-0.9154662400000002, 0.0, 0.0]]
2	[[0.04673222253661188, -0.9725397674033924, -0.22799671093185395], [-0.8377629715199755, -0.16246744520517667, 0.5213036857710898], [-0.5440306084466285, 0.16664552219444034, -0.8223502702654952]]	0.1798108264096998	0.8201891735903001	[[0.00840295955427017, -0.17487317929310117, -0.04099627701135012], [-0.1506388522444526, -0.029213405587015413, 0.09373604654892212], [-0.09782259329696008, 0.029964669063258283, -0.14786748169467864]]	0.4722954070802848	0.8856151255003197	[[-0.06506064805988081, -0.5791645708647839, 0.10823658599783219], [-0.3024306252799592, -0.19673624154341499, 0.0], [0.07653482393154806, 0.07653482393154805, -0.5116155996345637]]	[[-0.08713206212657638, -0.11983850551723331, 0.21591838540035813], [0.09324097839085668, -0.12000361337294219, -0.2462093364837097], [0.33347798161198355, -0.0021710908113817926, -0.1232233439769394]]	0.8786977666712902	[[0.6473323862513516, -0.6473323862513515, 0.0], [-0.7071067811865475, -0.7071067811865476, 0.0], [0.0, 0.0, -0.9154662400000002]]
2	[[0.5319609947059123, -0.8460851799387872, 0.03402011756955908], [-0.703274286200726, -0.4190807785627857, 0.5742617690636116], [-0.47161719485230363, -0.3294103357928521, -0.8179645788128509]]	0.15423138677062448	0.8457686132293756	[[0.08204508192137369, -0.13049289062803252, 0.0052469699108527446], [-0.10846696844085901, -0.06463540964665139, 0.08856918901203291], [-0.07273817398694264, -0.05080541290590865, -0.12615581131955572]]	0.4665199027945346	0.8111500044833442	[[0.2183205713604673, -0.528401464408674, 0.23154362242801554], [-0.3809190421980295, -0.3984910565333548, 0.0038342884507513247], [0.14793849439146758, -0.15367647783359634, -0.34559908045034415]]	[[-0.02984982018021889, -0.1336858885077347, 0.21567256048640618], [-0.052827590561771214, -0.20298153245518613, -0.2640702562314222], [0.36795730229019535, 0.0, 0.03599767534679942]]	0.6732146890906928	[[0.6473323862513516, -0.6473323862513515, 0.0], [-0.7071067811865475, -0.7071067811865476, 0.0], [0.0, 0.0, -0.9154662400000002]]
