2	[[-0.5446221603179724, 0.8109226453022452, -0.2139887049042392], [-0.8354447797583356, -0.5021691245819775, 0.22328947644507607], [0.07361197229480154, 0.30038414347728, 0.9509735242804028]]	0.2548151686425756	0.7451848313574243	[[-0.13877798762790797, 0.2066353906187751, -0.05452756792778005], [-0.21288400244567973, -0.12796031016745113, 0.056897545596464476], [0.018757447134412457, 0.07654243617771872, 0.24232247896413528]]	0.6130026825787498	0.5842844130950362	[[-0.3883532391390348, 0.5515961508064162, 0.14449938729687334], [-0.6163035646571094, -0.3867242995397849, 0.13687704805243622], [0.1975360425454505, 0.006816950724390279, 0.5058769537035199]]	[[-0.05449839387228386, 0.05449839387228385, 0.27567503744472444], [-0.10417367351883705, -0.07889327906281042, 0.0], [0.1524117060588246, -0.17731933503130243, -0.07707236774173461]]	0.3842972022889695	[[-0.6966803219923243, 0.6966803219923242, 0.0], [-0.7071067811865475, -0.7071067811865476, 0.0], [0.0, 0.0, 0.9852547599999999]]
2	[[0.034229894132735264, 0.2773841392786001, 0.9601491309293217], [-0.1827544195208179, -0.9427759796974285, 0.2788803941677556], [0.9825625356654255, -0.18501754344446375, 0.018422055382213542]]	0.828308485204041	0.17169151479595918	[[0.028352911757780642, 0.22975963622548395, 0.7952996722100427], [-0.15137703639763248, -0.7809093436299327, 0.2309989968461995], [0.81386488553527, -0.1532516011466566, 0.015259144787986246]]	0.9272088379134941	0.12537060232762007	[[0.0, 0.25476753663433604, 0.8825770810426047], [-0.17411730286971736, -0.8207707570669386, 0.25858036619314184], [0.9170469541642622, -0.17154990145075064, 0.0]]	[[-0.0317382603607154, -0.002425488801809542, -0.007681678870022899], [-0.0046657899222646276, 0.053379463481070144, 0.0], [0.006006287292586856, 0.0, -0.01708109256292025]]	0.34148803418475465	[[0.0, 0.0, 0.9925999999999999], [0.0, -1.0, 0.0], [0.9925999999999999, 0.0, 0.0]]
2	[[0.3802729664721569, 0.7767473726770865, -0.5020517802076895], [0.4287143634067757, 0.332951791095048, 0.839849450446521], [0.8195098935212374, -0.5346088512602871, -0.20639019011321075]]	0.1298571473996924	0.870142852600308	[[0.04938116265929317, 0.10086619806605221, -0.06519501202470793], [0.055671624281278975, 0.0432361698132213, 0.10906045388018454], [0.10641921703849344, -0.06942278039928734, -0.02680124133938175]]	0.4324228784995389	0.9410939868097635	[[0.14028422053712514, 0.32514967280066753, 0.14472328401942805], [0.28873232402120674, -0.25736165955241935, 0.3277598112133483], [0.6348912517397426, 0.0, -0.05508820412847612]]	[[-0.02415451024032366, -0.010733661959312302, 0.3618219599726549], [0.10334642494275151, -0.40133763145931717, -0.03541030565499218], [0.28051642462443843, 0.23117709833330524, 0.03415963597434553]]	1.0000000000000007	[[0.0, 0.0, 0.0], [0.0, 0.0, 0.0], [0.0, 0.0, 0.0]]
2	[[-0.30792515101507295, 0.09349718223056193, 0.9468053539599837], [0.3027085282091916, -0.9338174967034747, 0.1906631317268273], [0.9019698710720718, 0.34531602882779927, 0.2592434992682147]]	0.6373612628333326	0.36263873716666756	[[-0.19625956310911155, 0.059591482137829166, 0.6034570560572957], [0.19293468980982986, -0.595179098954788, 0.1215212944131687], [0.5748806560641139, 0.22009106021027763, 0.16523176407492146]]	0.8240686540890624	0.26177835316896003	[[-0.13521295534201924, 0.15480274545779008, 0.7886333152940233], [0.28882287776158977, -0.8152846148085695, 0.1571195103465322], [0.7348843961113461, 0.2845641151115044, 0.13521295534201924]]	[[0.11853850941514317, 0.07775464833593114, 0.008400701571901203], [0.039370268338960276, -0.04575488713531957, 0.0], [-0.008400701571901203, 0.0, -0.07842148618127727]]	0.4673660347933057	[[0.0, 0.0, 0.9925999999999999], [0.0, -1.0, 0.0], [0.9925999999999999, 0.0, 0.0]]
2	[[-0.8305561570912853, 0.32773595720904825, 0.4502950280316503], [-0.5100865793185324, -0.772219296347621, -0.37879947194723407], [0.22358030216652452, -0.5443036842615101, 0.808545204538665]]	0.1999334240654636	0.8000665759345362	[[-0.16605593636591376, 0.0655253721141773, 0.09002902679402175], [-0.10198335637299388, -0.15439244804820285, -0.07573467546060003], [0.04470117536574422, -0.10882449932585071, 0.16165521125512589]]	0.547503724580853	0.6278550320721971	[[-0.42259115809978187, 0.17769722808163863, 0.4361608111797115], [-0.3489851735852323, -0.5961964570863093, -0.06643622060350408], [0.3546970748350017, -0.262127459710997, 0.2949953250462454]]	[[0.03214143138125686, -0.0017394291693863528, 0.18962260617214338], [-0.06971087154962913, -0.1734035161427812, 0.14095790115686693], [0.23228602665591697, 0.035880834725260394, -0.14768618593066124]]	0.6814865620272947	[[-0.6966803219923243, 0.6966803219923242, 0.0], [-0.7071067811865475, -0.7071067811865476, 0.0], [0.0, 0.0, 0.9852547599999999]]
2	[[0.08740825448676931, -0.06334395238859675, -0.994156597696443], [0.7119981850616444, -0.6940087028176986, 0.10681996481098455], [-0.6967197295301035, -0.717174639895393, -0.015561310176609944]]	0.1717294336945853	0.8282705663054148	[[0.01501057004324511, -0.010878021071670504, -0.17072594952614586], [0.12227104511220874, -0.11918172151399715, 0.018344132064265897], [-0.11964728459604934, -0.12315999476935396, -0.0026723349841750108]]	0.47257427163464255	1.0294056837635948	[[0.06602548697687255, -0.016138265462529736, 0.000990937298472612], [0.6347155450207966, -0.6372997764315135, 0.03939476918735521], [0.01137983568208654, -0.013732864485106376, 0.027603497155364004]]	[[0.024718594777932007, 0.013796456699970849, 0.4708037673456436], [0.29824352131010257, -0.3093291191893366, -0.011085597879233954], [0.3406316543982604, 0.325185418598296, 0.03495737197775621]]	0.7887525449615576	[[0.0, 0.0, -0.9852547599999999], [0.0, -1.0, 0.0], [-0.9852547599999999, 0.0, 0.0]]
2	[[0.8592155572171323, 0.2624339665249735, -0.4391776855101157], [-0.4266000482917053, 0.8413623931712975, -0.33184593135155627], [0.2824199444684594, 0.4724804086637203, 0.8348660002631537]]	0.17963391465011544	0.8203660853498845	[[0.1543442540711937, 0.04714204074403838, -0.07889120687515938], [-0.07663183666456728, 0.1511372203247498, -0.05961078370939354], [0.050732200200137606, 0.0848735054037504, 0.14997024783555465]]	0.0	0.6891572758175771	[[0.7018741910057671, 0.701874191005767, 0.0], [-0.7071067811865475, 0.7071067811865476, 0.0], [0.0, 0.0, 0.9925999999999999]]	[[0.7018741910057671, 0.701874191005767, 0.0], [-0.7071067811865475, 0.7071067811865476, 0.0], [0.0, 0.0, 0.9925999999999999]]	0.6891572758175771	[[0.7018741910057671, 0.701874191005767, 0.0], [-0.7071067811865475, 0.7071067811865476, 0.0], [0.0, 0.0, 0.9925999999999999]]
2	[[0.5319609947059123, -0.8460851799387872, 0.03402011756955908], [-0.703274286200726, -0.4190807785627857, 0.5742617690636116], [-0.47161719485230363, -0.3294103357928521, -0.8179645788128509]]	0.1608125771357695	0.8391874228642305	[[0.08554601849436519, -0.13606113826233762, 0.005470862780822691], [-0.1130953503972575, -0.06739346002874631, 0.0923485150336655], [-0.07584197652574125, -0.052973325034007764, -0.13153899192466878]]	0.47948134621035177	0.8075012889898552	[[0.22209327146866523, -0.5633479683652138, 0.24057301484957458], [-0.37218453635976323, -0.39509313017467423, 0.013413529002923523], [0.17264825579032408, -0.15794611126156077, -0.3713943681608802]]	[[-0.03297210240432344, -0.15766590727953655, 0.22426100307908786], [-0.03497763485711484, -0.1941517142985074, -0.2619342771048351], [0.3987799032740564, 0.0, 0.020804389240688996]]	0.6484270694503745	[[0.6966803219923243, -0.6966803219923242, 0.0], [-0.7071067811865475, -0.7071067811865476, 0.0], [0.0, 0.0, -0.9852547599999999]]
2	[[0.8489524140446696, -0.5135124485683378, 0.12483895166604869], [0.522794976890395, 0.7815435453534784, -0.34040431673891397], [0.0772347773085365, 0.35425224329800037, 0.9319550081910795]]	0.22274285314857054	0.7772571468514294	[[0.18909808289167632, -0.11438122792142018, 0.027806984278172187], [0.1164488447643076, 0.17408323915188292, -0.07582262873451544], [0.017203494659997876, 0.07890715540647818, 0.2075863175305805]]	0.0	0.4292777282573873	[[0.7018741910057671, -0.701874191005767, 0.0], [0.7071067811865475, 0.7071067811865476, 0.0], [0.0, 0.0, 0.9925999999999999]]	[[0.701874191005767, -0.7018741910057669, 0.0], [0.7071067811865474, 0.7071067811865475, 0.0], [0.0, 0.0, 0.9925999999999998]]	0.4292777282573873	[[0.7018741910057671, -0.701874191005767, 0.0], [0.7071067811865475, 0.7071067811865476, 0.0], [0.0, 0.0, 0.9925999999999999]]
2	[[-0.3195682178843842, -0.5708200961323295, -0.7563336379995778], [0.910087742671785, 0.03735879733279218, -0.41272826520656647], [0.2638493031197415, -0.8202248094963509, 0.507557688474819]]	0.12443548455014179	0.875564515449858	[[-0.03976562603926864, -0.07103027525318491, -0.09411474272604903], [0.11324720924250832, 0.004648760048316554, -0.051358041668518525], [0.03283221588192223, -0.10206507160972617, 0.06315818690251404]]	0.38525211366896434	1.1044423495396096	[[-0.04026152060356836, -0.30276245935751606, 0.19713257981831553], [0.5462664798928618, -0.24924415107398468, -0.15900443654175458], [0.27854501111646524, -0.04037223151826575, 0.07836610358285617]]	[[0.08285281079781474, -0.08285281079781473, 0.4885117124965902], [0.19565325340434017, -0.2636367067105734, 0.0], [0.17689650939950158, 0.27562111002392703, -0.11717156871100162]]	0.9999999999999999	[[0.0, 0.0, 0.0], [0.0, 0.0, 0.0], [0.0, 0.0, 0.0]]
2	[[0.22433838825039393, -0.7661379269479729, -0.6022499185961573], [-0.9416906372873723, -0.011392912655017143, -0.3362869982418849], [0.2507808429735371, 0.642575192824231, -0.724020780340167]]	0.15252141737603586	0.8474785826239642	[[0.0342164089478055, -0.11685244252364263, -0.09185601119888816], [-0.1436279907288125, -0.001737663186184582, -0.05129096961698477], [0.03824944962108098, 0.09800647918023127, -0.1104286756271858]]	0.42768783740058275	0.8493109457102096	[[0.17065503592804715, -0.33165219204441054, 0.12195236211381877], [-0.4900312782022808, -0.2820929356024334, -0.14382585902400533], [0.3056803257775549, 0.0354261468241776, -0.3366157273533115]]	[[0.07470823581130387, -0.003984318917466326, 0.3795273273728863], [-0.08728164604046802, -0.27722032542731545, 0.0], [0.19842440938470768, -0.23939544776208024, -0.026960845576543088]]	0.9504982571169344	[[0.6966803219923243, -0.6966803219923242, 0.0], [-0.7071067811865475, -0.7071067811865476, 0.0], [0.0, 0.0, -0.9852547599999999]]
2	[[-0.42203838922340475, -0.825029846081567, 0.3757783270710803], [0.2588054115689476, 0.28760896992378115, 0.9221175843470338], [-0.8688517462515349, 0.4864224845687207, 0.09214016247897017]]	0.11157019449297637	0.8884298055070238	[[-0.04708690516915773, -0.0920487403898308, 0.04192566103756572], [0.028874970104582294, 0.03208858871232086, 0.1028808382309921], [-0.09693795831484592, 0.05427025120908895, 0.010280095848393143]]	0.3577953222113733	1.1546866112228065	[[-0.239580673482912, -0.49270423409239, 0.3176654456969411], [0.18250231826087732, 0.006852417501594071, 0.03955803688134731], [0.19659688919700063, 0.17403968959712218, -0.09229991686175622]]	[[-0.088577312025155, -0.197512414479636, 0.18321371808249307], [0.08990295263851858, -0.09605272656316634, -0.2903713213268729], [0.507467979700983, 0.0, -0.12526723598452763]]	1.0000000000000002	[[0.0, 0.0, 0.0], [0.0, 0.0, 0.0], [0.0, 0.0, 0.0]]
2	[[0.8787972042104137, -0.3840163418041313, 0.28327887866788265], [-0.395223040501579, -0.9183905790867732, -0.018907472103605397], [0.2674214316928388, -0.09534250611366366, -0.9588511794847616]]	0.6555399075132563	0.3444600924867438	[[0.576086637971003, -0.25173803718985927, 0.18570060992240275], [-0.259084475417513, -0.6020416752755892, -0.01239460251410696], [0.1753054205989861, -0.06250081763983314, -0.6285652135184175]]	0.8500238144256366	0.2791558951367455	[[0.6276032408299024, -0.2744699649821561, 0.24755932867822497], [-0.344762147323555, -0.8505376846083493, -0.016071801558652978], [0.22054904973997735, -0.08104340072363596, -0.73473342600726]]	[[-0.11939531079961865, 0.05195307067997058, 0.006765535686734235], [-0.008813150887504994, -0.06988382144044114, 0.0], [-0.006765535686734235, 0.0, 0.08031291104489773]]	0.4709494427426325	[[0.6966803219923243, -0.6966803219923242, 0.0], [-0.7071067811865475, -0.7071067811865476, 0.0], [0.0, 0.0, -0.9852547599999999]]
2	[[0.04673222253661188, -0.9725397674033924, -0.22799671093185395], [-0.8377629715199755, -0.16246744520517667, 0.5213036857710898], [-0.5440306084466285, 0.16664552219444034, -0.8223502702654952]]	0.18562918122957286	0.814370818770427	[[0.00867486420650946, -0.180531760736291, -0.0423228427733157], [-0.15551325446770703, -0.030158698829897468, 0.09676917636164592], [-0.10098795640977395, 0.030934271840528573, -0.15265220735330184]]	0.4860171284898666	0.901486959847725	[[-0.08003010165140853, -0.608434389440646, 0.12114753208753067], [-0.302869801209385, -0.20554652529215914, 0.0067056053443734906], [0.09033590475357937, 0.0809925781726362, -0.5449765247862629]]	[[-0.10274276225660209, -0.13576340434504636, 0.2319578388397645], [0.10429735256389151, -0.12658456410045443, -0.2466569150852753], [0.3547440988814048, 0.0, -0.1453002078189612]]	0.8677562994642704	[[0.6966803219923243, -0.6966803219923242, 0.0], [-0.7071067811865475, -0.7071067811865476, 0.0], [0.0, 0.0, -0.9852547599999999]]
