2	[[-0.8305561570912853, 0.32773595720904825, 0.4502950280316503], [-0.5100865793185324, -0.772219296347621, -0.37879947194723407], [0.22358030216652452, -0.5443036842615101, 0.808545204538665]]	0.17790151235155152	0.8220984876484483	[[-0.14775719643943253, 0.058304722439473065, 0.08010816649121485], [-0.09074517389099657, -0.13737898068729273, -0.06738899893738205], [0.039775273887441585, -0.09683244860864404, 0.14384141469202305]]	0.5040456487339837	0.677953760500161	[[-0.35619241628243703, 0.1339112035449817, 0.3854295394838074], [-0.35634139664786363, -0.6075491468626083, -0.05407267146935581], [0.3037585740205188, -0.24132110805669807, 0.24831745106916325]]	[[0.06244580072864431, -0.03128267961990607, 0.1584602899579069], [-0.09923447586475528, -0.21831537067017132, 0.13685955410837825], [0.19106389557085285, 0.033032795585192246, -0.15922624108327976]]	0.6899895802175559	[[-0.5773477088070765, 0.5773477088070764, 0.0], [-0.7071067811865475, -0.7071067811865476, 0.0], [0.0, 0.0, 0.8164929599999999]]
2	[[0.08740825448676931, -0.06334395238859675, -0.994156597696443], [0.7119981850616444, -0.6940087028176986, 0.10681996481098455], [-0.6967197295301035, -0.717174639895393, -0.015561310176609944]]	0.14335926311684932	0.8566407368831509	[[0.012530782953553279, -0.00908094233733801, -0.14252155726851604], [0.10207153515097142, -0.09949257623262577, 0.01531363144147052], [-0.09988122702440615, -0.10281362790149531, -0.0022308579600515445]]	0.4291889714506871	1.021967190728107	[[0.05722847207889733, -0.014252395115772837, -0.0012091090101803321], [0.6354603141913095, -0.6360428451052323, 0.03754253253249287], [0.00662362842154531, -0.011743312575171947, 0.02120079934015498]]	[[0.019713813239420896, 0.012934130657510284, 0.4254719386160705], [0.3298785454699466, -0.3381819637650788, -0.008303418295132156], [0.3056480525279713, 0.2960601334720486, 0.027879542049279307]]	0.8443162630977565	[[0.0, 0.0, -0.8164929599999999], [0.0, -1.0, 0.0], [-0.8164929599999999, 0.0, 0.0]]
2	[[-0.30792515101507295, 0.09349718223056193, 0.9468053539599837], [0.3027085282091916, -0.9338174967034747, 0.1906631317268273], [0.9019698710720718, 0.34531602882779927, 0.2592434992682147]]	0.5099520224509402	0.4900479775490598	[[-0.15702705352364765, 0.04767907717193917, 0.48282530511927196], [0.15436682617342476, -0.47620212104401116, 0.09722904963092563], [0.4599613599430169, 0.17609460728546342, 0.13220174675908494]]	0.7528745411567417	0.347297852383559	[[-0.0726274831019078, 0.11720382308566926, 0.725517740895973], [0.3184101510903383, -0.8086517381459023, 0.14354541781434255], [0.6663780583519877, 0.25997964675779756, 0.0726274831019078]]	[[0.15920152367918566, 0.04681217491438667, 0.012692094468603808], [0.09050860681061061, -0.10560431879113663, 0.0], [-0.012692094468603808, 0.0, -0.12255034745751749]]	0.48689413510274526	[[0.0, 0.0, 0.9036], [0.0, -1.0, 0.0], [0.9036, 0.0, 0.0]]
2	[[-0.42203838922340475, -0.825029846081567, 0.3757783270710803], [0.2588054115689476, 0.28760896992378115, 0.9221175843470338], [-0.8688517462515349, 0.4864224845687207, 0.09214016247897017]]	0.10360199623395945	0.8963980037660407	[[-0.0437240196109095, -0.08547473900664664, 0.03893138482602164], [0.026812757274694433, 0.02979686341889648, 0.09553322250078919], [-0.09001477534302056, 0.05039434041440181, 0.009545904766142664]]	0.32980929612369714	1.1216932082573456	[[-0.22188045932165903, -0.42746443624323444, 0.2683720923959395], [0.18662892075487872, 0.01922945666545573, 0.012570898543708816], [0.14371172841921726, 0.16042665725434974, -0.08655019815425262]]	[[-0.08268827523470902, -0.15536192342603056, 0.144436906846086], [0.10127249013232033, -0.0756266552639682, -0.29155205289307035], [0.43026711128628115, 0.0, -0.11693888028616481]]	1.0000000000000002	[[0.0, 0.0, 0.0], [0.0, 0.0, 0.0], [0.0, 0.0, 0.0]]
2	[[0.8489524140446696, -0.5135124485683378, 0.12483895166604869], [0.522794976890395, 0.7815435453534784, -0.34040431673891397], [0.0772347773085365, 0.35425224329800037, 0.9319550081910795]]	0.20451469207559383	0.7954853079244062	[[0.17362324154517766, -0.10502084029593779, 0.025531399759021883], [0.10691925371740633, 0.15983713752163445, -0.06961768401906192], [0.01579564669878239, 0.0724497884551789, 0.19059849152850614]]	0.0	0.46094142166737356	[[0.6389416874801643, -0.6389416874801642, 0.0], [0.7071067811865475, 0.7071067811865476, 0.0], [0.0, 0.0, 0.9036]]	[[0.6389416874801643, -0.6389416874801642, 0.0], [0.7071067811865475, 0.7071067811865476, 0.0], [0.0, 0.0, 0.9036]]	0.46094142166737356	[[0.6389416874801643, -0.6389416874801642, 0.0], [0.7071067811865475, 0.7071067811865476, 0.0], [0.0, 0.0, 0.9036]]
2	[[0.8592155572171323, 0.2624339665249735, -0.4391776855101157], [-0.4266000482917053, 0.8413623931712975, -0.33184593135155627], [0.2824199444684594, 0.4724804086637203, 0.8348660002631537]]	0.16125065165352	0.8387493483464803	[[0.13854906851210488, 0.04231764811817003, -0.07081768798019084], [-0.06878953578246058, 0.13567023417563678, -0.05351037267900772], [0.04554040008549, 0.07618777379054634, 0.1346226865858013]]	0.0	0.6901817245024692	[[0.6389416874801647, 0.6389416874801643, 0.0], [-0.7071067811865476, 0.7071067811865477, 0.0], [0.0, 0.0, 0.9036000000000002]]	[[0.6389416874801644, 0.6389416874801643, 0.0], [-0.7071067811865476, 0.7071067811865477, 0.0], [0.0, 0.0, 0.9036000000000002]]	0.6901817245024693	[[0.6389416874801643, 0.6389416874801642, 0.0], [-0.7071067811865475, 0.7071067811865476, 0.0], [0.0, 0.0, 0.9036]]
2	[[0.8787972042104137, -0.3840163418041313, 0.28327887866788265], [-0.395223040501579, -0.9183905790867732, -0.018907472103605397], [0.2674214316928388, -0.09534250611366366, -0.9588511794847616]]	0.5285241254289675	0.4714758745710325	[[0.46446552378473066, -0.20296190120245994, 0.14971972160044128], [-0.20888491183047447, -0.4853915776140399, -0.009993055157630644], [0.14133867830641997, -0.050390814659930075, -0.5067759810537176]]	0.7807277845215912	0.38323526519549517	[[0.5352666601258156, -0.2292891909343212, 0.22789362675653863], [-0.3516721742085732, -0.8407608175709008, -0.014761588806351627], [0.20205340648674003, -0.07443654356885689, -0.6185104873814732]]	[[-0.1508347341611489, 0.07052303682250421, 0.006729935412401985], [-0.043110565405888424, -0.12374777543498332, 0.0], [-0.006729935412401985, 0.0, 0.1300912696635793]]	0.5163402415573559	[[0.9036, 0.0, 0.0], [0.0, -1.0, 0.0], [0.0, 0.0, -0.9036]]
2	[[0.04673222253661188, -0.9725397674033924, -0.22799671093185395], [-0.8377629715199755, -0.16246744520517667, 0.5213036857710898], [-0.5440306084466285, 0.16664552219444034, -0.8223502702654952]]	0.17062021256964052	0.8293797874303594	[[0.00797346174304843, -0.16593494184679558, -0.038900847284371765], [-0.14293929628371194, -0.02772023003655367, 0.08894494567960043], [-0.09282261805755462, 0.028433094420594156, -0.14030957791940007]]	0.44924173190541267	0.8673188039637163	[[0.120493947506939, -0.5286211719603531, 0.0865635361146673], [-0.3103915429925419, -0.3802145334840958, 0.0], [0.06120966339016786, 0.061209663390167854, -0.4626250353329005]]	[[0.09949988291880231, -0.0917157225051658, 0.1889891734024311], [0.06596654525931685, -0.30722737702187447, -0.2341913706444794], [0.3056109161382868, -0.013654459614744412, -0.09319097568594531]]	0.8989028688626821	[[0.5773477088070765, -0.5773477088070764, 0.0], [-0.7071067811865475, -0.7071067811865476, 0.0], [0.0, 0.0, -0.8164929599999999]]
2	[[-0.5446221603179724, 0.8109226453022452, -0.2139887049042392], [-0.8354447797583356, -0.5021691245819775, 0.22328947644507607], [0.07361197229480154, 0.30038414347728, 0.9509735242804028]]	0.22684643976565885	0.7731535602343412	[[-0.12354559808561393, 0.1839549150121645, -0.04854257585759083], [-0.1895176739089834, -0.1139152780716592, 0.05065242276870345], [0.016698613839204048, 0.06814107350987782, 0.21572495829441066]]	0.5812794902866002	0.5806672440602119	[[-0.3194304527924463, 0.5119729975506025, 0.13060588071099105], [-0.6028978755775578, -0.41536375198509606, 0.12979359305435564], [0.16728833748135338, 0.017416270345812758, 0.4953639167570649]]	[[-0.0028527610440283874, 0.04060029562745185, 0.25499312602481694], [-0.11727095983703145, -0.12346313921041607, 0.0], [0.12449920774683983, -0.15719087146483754, -0.05741748871269947]]	0.4493559980643818	[[-0.5773477088070765, 0.5773477088070764, 0.0], [-0.7071067811865475, -0.7071067811865476, 0.0], [0.0, 0.0, 0.8164929599999999]]
2	[[0.3802729664721569, 0.7767473726770865, -0.5020517802076895], [0.4287143634067757, 0.332951791095048, 0.839849450446521], [0.8195098935212374, -0.5346088512602871, -0.20639019011321075]]	0.12101320285793292	0.8789867971420678	[[0.04601804963308306, 0.0939966873791387, -0.060754893923459494], [0.05188009822705372, 0.04029156263769708, 0.10163287191700833], [0.09917151698876854, -0.06469472936720763, -0.024975937944057336]]	0.39654047471535553	0.954006284486074	[[0.13540463693314186, 0.3027534444228353, 0.10461242758683234], [0.26733784247539893, -0.2741596777751821, 0.32826828012033843], [0.5424661909257659, 0.0, -0.0837751609418723]]	[[-0.015388985713143725, -0.005258327472441666, 0.3036962788420789], [0.09733524529278471, -0.40618853907334035, -0.004766019649155454], [0.21749734871492402, 0.21199404766578517, -0.0019330969777872353]]	1.0000000000000007	[[0.0, 0.0, 0.0], [0.0, 0.0, 0.0], [0.0, 0.0, 0.0]]
2	[[0.034229894132735264, 0.2773841392786001, 0.9601491309293217], [-0.1827544195208179, -0.9427759796974285, 0.2788803941677556], [0.9825625356654255, -0.18501754344446375, 0.018422055382213542]]	0.7135549739374711	0.28644502606252903	[[0.024424911215766308, 0.19792883227360936, 0.6851191880963575], [-0.13040532505813485, -0.6727224896218726, 0.19899649239204453], [0.7011123845286783, -0.13202018839048926, 0.013145149248130029]]	0.8502499058247724	0.2310731846189819	[[0.004378879063559023, 0.19798408033112233, 0.7636084439098028], [-0.1873038437784289, -0.819755821789725, 0.23711802887750963], [0.7786419326382404, -0.157311148889586, -0.006192670159676768]]	[[-0.02472508519919106, -0.03786175796779298, -0.052758264240589964], [-0.03191691579179254, -0.01816063383812867, 0.0], [-0.05678177077823725, 0.0, -0.02185602101350257]]	0.3818184704074585	[[0.0, 0.0, 0.9036], [0.0, -1.0, 0.0], [0.9036, 0.0, 0.0]]
2	[[-0.3195682178843842, -0.5708200961323295, -0.7563336379995778], [0.910087742671785, 0.03735879733279218, -0.41272826520656647], [0.2638493031197415, -0.8202248094963509, 0.507557688474819]]	0.11007022104757755	0.8899297789524223	[[-0.035174944382314596, -0.06283029415968497, -0.08324981072033205], [0.10017355900857429, 0.004112091080492042, -0.04542909138386998], [0.0290419511176392, -0.09028232608997053, 0.0558669869648208]]	0.3500415242489776	1.0633277100955723	[[-0.17422360913948925, -0.26217219957181864, 0.17774591344256524], [0.5339754253831508, -0.07303011591039046, -0.14447203105354278], [0.22502563567255926, -0.048873041909386655, 0.0894738401036848]]	[[-0.06236146304971007, -0.062361463049710054, 0.44249409292871184], [0.21540692473800782, -0.08610724627286975, 0.0], [0.13266742343649446, 0.23823970063354327, -0.0881924268143286]]	0.9526521047932386	[[1.630319758211939e-16, -0.8164929599999999, 0.0], [1.0, 1.7938038903913487e-16, 0.0], [0.0, 0.0, 0.8164929599999999]]
2	[[0.5319609947059123, -0.8460851799387872, 0.03402011756955908], [-0.703274286200726, -0.4190807785627857, 0.5742617690636116], [-0.47161719485230363, -0.3294103357928521, -0.8179645788128509]]	0.14483555091984168	0.8551644490801582	[[0.07704686373609779, -0.12254321316154763, 0.004927322470544865], [-0.10185911868964058, -0.060697795443057284, 0.08317351969453109], [-0.06830693623970371, -0.047710327463247784, -0.11847035040527552]]	0.44379508556474045	0.831773136629129	[[0.21069570104926583, -0.4667879628216232, 0.21685674484174128], [-0.3816053868697149, -0.39729451610775074, 0.0], [0.11369247439931929, -0.1369179696414849, -0.30750839457234924]]	[[-0.02538597411334899, -0.09129951799563035, 0.20175878385403626], [-0.06949571484978193, -0.21130852612694115, -0.25485455093814474], [0.3229938677426003, 0.009272718517613826, 0.05550026567082676]]	0.7115107023382158	[[0.5773477088070765, -0.5773477088070764, 0.0], [-0.7071067811865475, -0.7071067811865476, 0.0], [0.0, 0.0, -0.8164929599999999]]
2	[[0.22433838825039393, -0.7661379269479729, -0.6022499185961573], [-0.9416906372873723, -0.011392912655017143, -0.3362869982418849], [0.2507808429735371, 0.642575192824231, -0.724020780340167]]	0.13397439387804355	0.8660256061219562	[[0.030055599589423714, -0.10264286438983547, -0.08068606780702128], [-0.12616243235120433, -0.0015263585674613889, -0.045053846758523225], [0.033598211433604475, 0.08608862197969332, -0.09700024520118199]]	0.38864339574883133	0.8700996777780295	[[0.017499929988142503, -0.29520410294330446, 0.09941725480820988], [-0.451331380127748, -0.12126837156804438, -0.13069572094290738], [0.26255154166415484, 0.043220248602711536, -0.31280182898265957]]	[[-0.06968770301831034, 0.0025503425977257688, 0.33347770826087775], [-0.08534953310750255, -0.1168405913063287, 0.0], [0.16508722326216496, -0.2065123563604577, -0.0314159343185384]]	0.9704254659600211	[[0.5773477088070765, -0.5773477088070764, 0.0], [-0.7071067811865475, -0.7071067811865476, 0.0], [0.0, 0.0, -0.8164929599999999]]
