2	[[0.8489524140446696, -0.5135124485683378, 0.12483895166604869], [0.522794976890395, 0.7815435453534784, -0.34040431673891397], [0.0772347773085365, 0.35425224329800037, 0.9319550081910795]]	0.21806328062047686	0.7819367193795231	[[0.18512534849725404, -0.11197820917426562, 0.027222791349519715], [0.11400238775262592, 0.17042594944753786, -0.07422968204545952], [0.016842068917891417, 0.0772494063407253, 0.20322516647683017]]	0.0	0.4371918061398371	[[0.6846207855448152, -0.6846207855448151, 0.0], [0.7071067811865474, 0.7071067811865475, 0.0], [0.0, 0.0, 0.9681999999999998]]	[[0.6846207855448152, -0.6846207855448151, 0.0], [0.7071067811865474, 0.7071067811865475, 0.0], [0.0, 0.0, 0.9681999999999998]]	0.4371918061398372	[[0.6846207855448153, -0.6846207855448152, 0.0], [0.7071067811865475, 0.7071067811865476, 0.0], [0.0, 0.0, 0.9682]]
2	[[-0.30792515101507295, 0.09349718223056193, 0.9468053539599837], [0.3027085282091916, -0.9338174967034747, 0.1906631317268273], [0.9019698710720718, 0.34531602882779927, 0.2592434992682147]]	0.5994996417575245	0.40050035824247576	[[-0.18460101772166784, 0.05605152725255988, 0.5676094705131163], [0.18147365421835784, -0.5598232547406413, 0.11430247916660069], [0.5407306145837877, 0.20701683557539666, 0.15541638493926177]]	0.8049674910918654	0.28442175455979996	[[-0.117138065853018, 0.1438716486916968, 0.7718742776640672], [0.2965274636127895, -0.8136017900751453, 0.15347762278986202], [0.7163296768227854, 0.27796817735931983, 0.117138065853018]]	[[0.13073167040366904, 0.06860945648740242, 0.00972674733455367], [0.052856939128125356, -0.06190906261606303, 0.0], [-0.00972674733455367, 0.0, -0.09154452333479264]]	0.4715859356077131	[[0.0, 0.0, 0.9682], [0.0, -1.0, 0.0], [0.9682, 0.0, 0.0]]
2	[[0.3802729664721569, 0.7767473726770865, -0.5020517802076895], [0.4287143634067757, 0.332951791095048, 0.839849450446521], [0.8195098935212374, -0.5346088512602871, -0.20639019011321075]]	0.1276747818621211	0.8723252181378792	[[0.04855126804239435, 0.09917105136852271, -0.06409935152150631], [0.054736012829118205, 0.04250954729866274, 0.10722759538278187], [0.10463074688917409, -0.06825606846621632, -0.026350822501185894]]	0.4229718997580159	0.8672266896706696	[[0.03011418293307841, 0.3194296153678694, 0.13306243874878645], [0.28309728375212484, -0.14534991020275706, 0.32789373559755597], [0.6089974578749706, 0.0, -0.06394126986626353]]	[[-0.13073059612226615, -0.00911269648540539, 0.34541623400012667], [0.10176315500841246, -0.2861791618100636, -0.027338981968534678], [0.2623678013418035, 0.22612452144501424, 0.023355980937339288]]	1.0000000000000007	[[0.0, 0.0, 0.0], [0.0, 0.0, 0.0], [0.0, 0.0, 0.0]]
2	[[0.034229894132735264, 0.2773841392786001, 0.9601491309293217], [-0.1827544195208179, -0.9427759796974285, 0.2788803941677556], [0.9825625356654255, -0.18501754344446375, 0.018422055382213542]]	0.8215839550303249	0.17841604496967506	[[0.028122731801841952, 0.22789435821119475, 0.7888431204078414], [-0.1501480987891848, -0.7745696181074027, 0.2291236572207606], [0.807257614116625, -0.15200744509309747, 0.01513526512070668]]	0.9068743398401017	0.13497548386538707	[[0.0, 0.23708018302567377, 0.8511924372052069], [-0.17899045308016087, -0.8211011928825188, 0.25290947335523073], [0.8798943389489473, -0.16778766257003538, 0.0]]	[[-0.031042212644420863, -0.014472375164721538, -0.019542172054369214], [-0.013255159524358125, 0.03387815132269202, 0.0], [-0.011166411934251873, 0.0, -0.016706489313242694]]	0.35196284375786707	[[0.0, 0.0, 0.9682], [0.0, -1.0, 0.0], [0.9682, 0.0, 0.0]]
2	[[-0.8305561570912853, 0.32773595720904825, 0.4502950280316503], [-0.5100865793185324, -0.772219296347621, -0.37879947194723407], [0.22358030216652452, -0.5443036842615101, 0.808545204538665]]	0.19395587952901125	0.8060441204709886	[[-0.16109124994687582, 0.06356631583376333, 0.08733736820941948], [-0.09893429112767069, -0.14977647281237705, -0.07347038474665081], [0.04336471415207038, -0.10557089981182242, 0.156822096285261]]	0.5360381054024957	0.6415053640897834	[[-0.40355526750043913, 0.16494904502692292, 0.4221695577195911], [-0.3509663276817125, -0.5994186620661357, -0.06318304723809666], [0.3403998301149317, -0.2566380840331652, 0.28171261625631117]]	[[0.041654481377151054, -0.01072991654768872, 0.18079426402134152], [-0.07754048411256655, -0.18547969349670862, 0.1398679040319645], [0.22055226853627033, 0.03512943164197294, -0.15169842331686817]]	0.6803843815337629	[[-0.6628498445644901, 0.66284984456449, 0.0], [-0.7071067811865475, -0.7071067811865476, 0.0], [0.0, 0.0, 0.9374112399999999]]
2	[[0.5319609947059123, -0.8460851799387872, 0.03402011756955908], [-0.703274286200726, -0.4190807785627857, 0.5742617690636116], [-0.47161719485230363, -0.3294103357928521, -0.8179645788128509]]	0.1563038135915983	0.8436961864084017	[[0.08314753215451416, -0.1322463402477661, 0.0053174741149565885], [-0.10992445293408265, -0.06550392389229953, 0.08975930450450023], [-0.07371556611078697, -0.05148809172091177, -0.12785098305129408]]	0.4707254187463011	0.8081667045956137	[[0.21958080240709843, -0.5394210274151765, 0.23443242348453192], [-0.37808501342089496, -0.3973885532822955, 0.0069424028524859545], [0.15563134892388464, -0.15506181825544998, -0.3537135707977903]]	[[-0.030826759582541042, -0.14114722679345132, 0.21841828939580282], [-0.047035930555552184, -0.20011657830480228, -0.2633772088599743], [0.3776335504586912, 0.0, 0.03132314808353078]]	0.6652269799140913	[[0.6628498445644901, -0.66284984456449, 0.0], [-0.7071067811865475, -0.7071067811865476, 0.0], [0.0, 0.0, -0.9374112399999999]]
2	[[0.8787972042104137, -0.3840163418041313, 0.28327887866788265], [-0.395223040501579, -0.9183905790867732, -0.018907472103605397], [0.2674214316928388, -0.09534250611366366, -0.9588511794847616]]	0.6167203082843729	0.38327969171562715	[[0.5419720827000916, -0.23683067670368094, 0.17470383738250805], [-0.24374207537922107, -0.5663901210598586, -0.011660622024613699], [0.16492422779545587, -0.05879965976302336, -0.5913429950106768]]	0.8317380632800153	0.3083147658430583	[[0.6016865557108662, -0.2615054731326784, 0.24238964621188358], [-0.34668545510596216, -0.8482859311091783, -0.01572606422897367], [0.21564876337524624, -0.07929999138324163, -0.7023519438218129]]	[[-0.1292425289349956, 0.05789553526736611, 0.006775820300524396], [-0.017963408835539738, -0.08442552952493369, 0.0], [-0.006775820300524396, 0.0, 0.09516107917660127]]	0.4815533317079289	[[0.6628498445644901, -0.66284984456449, 0.0], [-0.7071067811865475, -0.7071067811865476, 0.0], [0.0, 0.0, -0.9374112399999999]]
2	[[0.04673222253661188, -0.9725397674033924, -0.22799671093185395], [-0.8377629715199755, -0.16246744520517667, 0.5213036857710898], [-0.5440306084466285, 0.16664552219444034, -0.8223502702654952]]	0.18169527529749388	0.818304724702506	[[0.008491024039053455, -0.17670588077612007, -0.041425925159686336], [-0.1522175737443684, -0.02951956718343509, 0.0947184166997764], [-0.09884779117197323, 0.030278704032213468, -0.14941715874685763]]	0.47697821847432276	0.891703462978564	[[-0.06967409919172328, -0.5897419716000244, 0.11294628172959639], [-0.30124031590612366, -0.20042720548910586, 0.0005714679287967196], [0.08024387914858037, 0.07948628429302737, -0.5223003999380589]]	[[-0.091964351442582, -0.12586168594852196, 0.22169574672787723], [0.09835437375322892, -0.12293377291506605, -0.24807903539439582], [0.3397346295609552, 0.0, -0.13005723306494515]]	0.8749487348118616	[[0.6628498445644901, -0.66284984456449, 0.0], [-0.7071067811865475, -0.7071067811865476, 0.0], [0.0, 0.0, -0.9374112399999999]]
2	[[-0.3195682178843842, -0.5708200961323295, -0.7563336379995778], [0.910087742671785, 0.03735879733279218, -0.41272826520656647], [0.2638493031197415, -0.8202248094963509, 0.507557688474819]]	0.12054895420829768	0.8794510457917023	[[-0.03852361446417195, -0.06881176562983228, -0.09117522909340628], [0.10971012561687399, 0.00450356394894787, -0.049753960742856526], [0.031806757559672966, -0.0988772430004853, 0.061185548546020374]]	0.37591495799891617	1.0798894818979674	[[-0.1970420326713228, -0.2914913719300481, 0.19193783482366894], [0.5430071340200241, -0.0789295988525639, -0.15515072848009198], [0.2632507033389782, -0.04310522917232525, 0.08202915664279833]]	[[-0.07691155946752612, -0.0769115594675261, 0.47625496258544764], [0.20089153845823143, -0.09297332958281053, 0.0], [0.16406580363867723, 0.2652295456391645, -0.10876937050224024]]	0.9842994055937146	[[1.8717614737816647e-16, -0.9374112399999999, 0.0], [1.0, 1.7938038903913487e-16, 0.0], [0.0, 0.0, 0.9374112399999999]]
2	[[-0.5446221603179724, 0.8109226453022452, -0.2139887049042392], [-0.8354447797583356, -0.5021691245819775, 0.22328947644507607], [0.07361197229480154, 0.30038414347728, 0.9509735242804028]]	0.2472135368723927	0.7527864631276072	[[-0.13463797051128917, 0.20047105527508477, -0.05290090459011972], [-0.20653325886563528, -0.12414300539602383, 0.05520018121837208], [0.018197876027150443, 0.07425902652940265, 0.2350935284093626]]	0.6048516613268018	0.5838326871965486	[[-0.2581631972084283, 0.5409937686764612, 0.14068543708008954], [-0.6128590797648539, -0.512092010338114, 0.1350570107845961], [0.18900214517943886, 0.009957107967610488, 0.5037718446141717]]	[[0.07125242125528902, 0.05050585945787314, 0.2701168607465894], [-0.1075389167812204, -0.20835418106767928, 0.0], [0.14447782144338564, -0.17173074025085072, -0.07142607142463366]]	0.39922403747421203	[[-0.6628498445644901, 0.66284984456449, 0.0], [-0.7071067811865475, -0.7071067811865476, 0.0], [0.0, 0.0, 0.9374112399999999]]
2	[[0.22433838825039393, -0.7661379269479729, -0.6022499185961573], [-0.9416906372873723, -0.011392912655017143, -0.3362869982418849], [0.2507808429735371, 0.642575192824231, -0.724020780340167]]	0.1475439820637987	0.8524560179362014	[[0.033099779132237626, -0.11303904055200761, -0.08885835118727564], [-0.13894078649757527, -0.0016809557004262565, -0.04961712283688938], [0.03700120419763188, 0.09480810272470033, -0.10682490902832711]]	0.4173348929147902	0.8686135123391248	[[0.020176563172934512, -0.3217453681899981, 0.11552926591240496], [-0.47976969218844956, -0.12800829723454055, -0.14034429839991328], [0.2936466152422617, 0.037925876580231915, -0.33057287906429866]]	[[-0.07344767406422027, -0.0020092784892064702, 0.36686917119767337], [-0.0867693309172634, -0.12325363725167142, 0.0], [0.18898701899481976, -0.23024317270676922, -0.028413744232952204]]	0.9544586745677531	[[0.6628498445644901, -0.66284984456449, 0.0], [-0.7071067811865475, -0.7071067811865476, 0.0], [0.0, 0.0, -0.9374112399999999]]
2	[[0.08740825448676931, -0.06334395238859675, -0.994156597696443], [0.7119981850616444, -0.6940087028176986, 0.10681996481098455], [-0.6967197295301035, -0.717174639895393, -0.015561310176609944]]	0.16372845990338336	0.8362715400966166	[[0.014311218889961706, -0.010371207768778166, -0.1627717286436261], [0.11657436629414714, -0.11362897607188663, 0.017489468325436106], [-0.11407284830026573, -0.11742189927183626, -0.002547829349295188]]	0.461065526613655	1.0272376116231574	[[0.06358445572563035, -0.015622121929331545, 0.0003244802088933005], [0.634913108675919, -0.63696635238969, 0.03890342951034587], [0.009972360314260829, -0.013176469099018068, 0.025753090109209745]]	[[0.02328352284030765, 0.013583590836507104, 0.45869581546224336], [0.3066352905325052, -0.3169828643505881, -0.010347573818082814], [0.33120580931218135, 0.3174880339183097, 0.03292787378058681]]	0.8036508271119296	[[0.0, 0.0, -0.9374112399999999], [0.0, -1.0, 0.0], [-0.9374112399999999, 0.0, 0.0]]
2	[[0.8592155572171323, 0.2624339665249735, -0.4391776855101157], [-0.4266000482917053, 0.8413623931712975, -0.33184593135155627], [0.2824199444684594, 0.4724804086637203, 0.8348660002631537]]	0.1747016708911721	0.8252983291088279	[[0.15010639350152252, 0.04584765245051084, -0.07672507547673488], [-0.0745277412388156, 0.14698741591202089, -0.05797403868555408], [0.0493392361916319, 0.08254311685689578, 0.14585248521620267]]	0.0	0.6884808470090028	[[0.6846207855448153, 0.6846207855448152, 0.0], [-0.7071067811865475, 0.7071067811865476, 0.0], [0.0, 0.0, 0.9682]]	[[0.6846207855448153, 0.6846207855448152, 0.0], [-0.7071067811865475, 0.7071067811865476, 0.0], [0.0, 0.0, 0.9682]]	0.6884808470090028	[[0.6846207855448153, 0.6846207855448152, 0.0], [-0.7071067811865475, 0.7071067811865476, 0.0], [0.0, 0.0, 0.9682]]
2	[[-0.42203838922340475, -0.825029846081567, 0.3757783270710803], [0.2588054115689476, 0.28760896992378115, 0.9221175843470338], [-0.8688517462515349, 0.4864224845687207, 0.09214016247897017]]	0.10949277861072747	0.8905072213892726	[[-0.04621015591646629, -0.09033481028425162, 0.04114501317270333], [0.028337323632176975, 0.031491105270323956, 0.10096521651596858], [-0.09513299189786326, 0.053259749414162935, 0.010088682411466335]]	0.35045223908433976	1.144235708551709	[[-0.2349768067964738, -0.47454880360596224, 0.303781740108706], [0.18358507238433674, 0.010099953509816795, 0.032477045834129685], [0.18126320992606948, 0.1704678488580759, -0.09084839591656402]]	[[-0.08707250831358358, -0.18541524673526874, 0.1720893839872786], [0.09288613641285502, -0.09069325398071293, -0.29068112629933085], [0.48575424983225857, 0.0, -0.12313912216691396]]	1.0000000000000002	[[0.0, 0.0, 0.0], [0.0, 0.0, 0.0], [0.0, 0.0, 0.0]]
