2	[[-0.8305561570912853, 0.32773595720904825, 0.4502950280316503], [-0.5100865793185324, -0.772219296347621, -0.37879947194723407], [0.22358030216652452, -0.5443036842615101, 0.808545204538665]]	0.177851343222628	0.8221486567773719	[[-0.1477155281605091, 0.05828828021198297, 0.08008557558189992], [-0.09071958329163654, -0.1373402391178571, -0.06736999489783776], [0.03976405705843743, -0.09680514136693477, 0.14380085068341608]]	0.5039428498702734	0.6780668545121732	[[-0.3560524441900819, 0.1338211830825285, 0.38531643766560186], [-0.35635830554924863, -0.6075732016137357, -0.05404331734478454], [0.30364784073855916, -0.24127189121342227, 0.2482179923054069]]	[[0.06250039259180278, -0.031339009198361224, 0.15839347795691744], [-0.09930382108688826, -0.2184188086874985, 0.13684996807765923], [0.19097614608990393, 0.033026058628212576, -0.1592425823187509]]	0.6900434995952335	[[-0.5770921604163557, 0.5770921604163556, 0.0], [-0.7071067811865475, -0.7071067811865476, 0.0], [0.0, 0.0, 0.81613156]]
2	[[-0.42203838922340475, -0.825029846081567, 0.3757783270710803], [0.2588054115689476, 0.28760896992378115, 0.9221175843470338], [-0.8688517462515349, 0.4864224845687207, 0.09214016247897017]]	0.10358285376334994	0.8964171462366501	[[-0.043715940753447716, -0.08545894589706607, 0.03892419150043999], [0.026807803099709905, 0.029791357872642754, 0.09551557089203232], [-0.08999814337400397, 0.050385029086287156, 0.009544140975790469]]	0.3297426178992714	1.1216354048977004	[[-0.2218378264852781, -0.42732084577821855, 0.2682654945852463], [0.1866387526090459, 0.019258945632288818, 0.012506600223502553], [0.14360236807009474, 0.16039422346675794, -0.08653584702047447]]	[[-0.082673783168761, -0.1552733444862497, 0.14435536526701964], [0.10129957867180263, -0.07557798904169155, -0.2915548660500406], [0.43009981744542936, 0.0, -0.11691838540995433]]	1.0000000000000002	[[0.0, 0.0, 0.0], [0.0, 0.0, 0.0], [0.0, 0.0, 0.0]]
2	[[0.8489524140446696, -0.5135124485683378, 0.12483895166604869], [0.522794976890395, 0.7815435453534784, -0.34040431673891397], [0.0772347773085365, 0.35425224329800037, 0.9319550081910795]]	0.20447014678389971	0.7955298532161006	[[0.17358542471225963, -0.10499796573412777, 0.025525838771505133], [0.10689596566266452, 0.159802323436435, -0.06960252060947883], [0.015792206253098295, 0.07243400818566789, 0.1905569773208205]]	0.0	0.4610208687182623	[[0.6388002661239269, -0.6388002661239268, 0.0], [0.7071067811865474, 0.7071067811865475, 0.0], [0.0, 0.0, 0.9033999999999995]]	[[0.6388002661239269, -0.6388002661239268, 0.0], [0.7071067811865474, 0.7071067811865475, 0.0], [0.0, 0.0, 0.9033999999999998]]	0.46102086871826203	[[0.638800266123927, -0.6388002661239269, 0.0], [0.7071067811865475, 0.7071067811865476, 0.0], [0.0, 0.0, 0.9034]]
2	[[-0.30792515101507295, 0.09349718223056193, 0.9468053539599837], [0.3027085282091916, -0.9338174967034747, 0.1906631317268273], [0.9019698710720718, 0.34531602882779927, 0.2592434992682147]]	0.5096962214761523	0.49030377852384777	[[-0.15694828596985627, 0.04765516050158467, 0.4825831113867946], [0.15428939303683226, -0.4759632496180804, 0.09718027781597378], [0.4597306351707673, 0.1760062751086794, 0.1321354320192647]]	0.7527096352624001	0.3474962136906134	[[-0.07249741913131715, 0.11712628539223839, 0.7253695688892496], [0.3184813758571391, -0.8086352593665742, 0.1435139763400871], [0.6662213564267904, 0.25992270210923324, 0.07249741913131715]]	[[0.15928080897735786, 0.04675005545740996, 0.012700056245542856], [0.09062974999798049, -0.1057418320212543, 0.0], [-0.012700056245542856, 0.0, -0.12263766064700903]]	0.4869502032808802	[[0.0, 0.0, 0.9034], [0.0, -1.0, 0.0], [0.9034, 0.0, 0.0]]
2	[[0.5319609947059123, -0.8460851799387872, 0.03402011756955908], [-0.703274286200726, -0.4190807785627857, 0.5742617690636116], [-0.47161719485230363, -0.3294103357928521, -0.8179645788128509]]	0.14480106003035884	0.8551989399696412	[[0.07702851592822019, -0.12251403093111331, 0.004926149086429604], [-0.10183486213395906, -0.06068334097423936, 0.08315371289532009], [-0.06829066974315784, -0.04769896580776144, -0.11844213807938676]]	0.44370381278096566	0.8318591689899109	[[0.21066335654790108, -0.4665488028509696, 0.21679970317221955], [-0.38159076269649517, -0.39728120970745556, 0.0], [0.11357037688933183, -0.1368437677637798, -0.3073675506541113]]	[[-0.0253697650538673, -0.09113758257466031, 0.20170484729534946], [-0.06954528047842094, -0.21133347039593198, -0.25480213646786687], [0.3228287244183625, 0.009316854196966887, 0.055566451684927284]]	0.7116574884185087	[[0.5770921604163557, -0.5770921604163556, 0.0], [-0.7071067811865475, -0.7071067811865476, 0.0], [0.0, 0.0, -0.81613156]]
2	[[0.8787972042104137, -0.3840163418041313, 0.28327887866788265], [-0.395223040501579, -0.9183905790867732, -0.018907472103605397], [0.2674214316928388, -0.09534250611366366, -0.9588511794847616]]	0.5282794773143173	0.4717205226856828	[[0.46425052770556086, -0.20286795232844274, 0.14965041795685502], [-0.2087882212587495, -0.48516689509035366, -0.009988429480227696], [0.14127325415733932, -0.050367489295563346, -0.5065413999204268]]	0.7805654314629551	0.3834621452787673	[[0.5350658576133616, -0.2291933654860993, 0.22784734071930587], [-0.35168937919671206, -0.840736756204698, -0.014758519120424533], [0.20201028464419393, -0.07442106442137131, -0.6182582840158798]]	[[-0.15089286125957876, 0.07055651604306803, 0.006729640567567917], [-0.043191936063496084, -0.12387281758831771, 0.0], [-0.006729640567567917, 0.0, 0.13018780060740684]]	0.5163983217838513	[[0.9034, 0.0, 0.0], [0.0, -1.0, 0.0], [0.0, 0.0, -0.9034]]
2	[[0.04673222253661188, -0.9725397674033924, -0.22799671093185395], [-0.8377629715199755, -0.16246744520517667, 0.5213036857710898], [-0.5440306084466285, 0.16664552219444034, -0.8223502702654952]]	0.17058442070197366	0.8294155792980261	[[0.007971789109523675, -0.16590013283213995, -0.03889268685626566], [-0.1429093111822991, -0.02771441502325469, 0.08892628724706506], [-0.0928031461860104, 0.0284271298661165, -0.140280144467351]]	0.4491526130365834	0.8565139798982329	[[-0.04483012380728601, -0.5284341177356556, 0.08648652861346529], [-0.3104219517267106, -0.1775728903351812, 0.0], [0.06115521086386568, 0.06115521086386567, -0.4624443428746142]]	[[-0.06582002367261235, -0.09161533992443102, 0.18889184709225407], [0.0658614760367789, -0.10460021278789822, -0.23414491264968693], [0.3055079802195513, -0.01369406088061315, -0.09308357015352656]]	0.8989861401274105	[[0.5770921604163557, -0.5770921604163556, 0.0], [-0.7071067811865475, -0.7071067811865476, 0.0], [0.0, 0.0, -0.81613156]]
2	[[-0.5446221603179724, 0.8109226453022452, -0.2139887049042392], [-0.8354447797583356, -0.5021691245819775, 0.22328947644507607], [0.07361197229480154, 0.30038414347728, 0.9509735242804028]]	0.22678290330099496	0.7732170966990048	[[-0.12351099471896967, 0.18390339185416615, -0.04852897977180324], [-0.18946459270125568, -0.11388337202081993, 0.050638235744773476], [0.016693936794727506, 0.06812198816336018, 0.21566453679868902]]	0.5812017325200981	0.580678516772369	[[-0.319234155908337, 0.511880791246408, 0.1305746725374354], [-0.6028650164493954, -0.41549401766851685, 0.12977623056338383], [0.1672230816689477, 0.01743739113591916, 0.49533119659479485]]	[[-0.002698812762692876, 0.040571144856961866, 0.25494527856751126], [-0.1173030630289789, -0.1236324524433705, 0.0], [0.1244396758369876, -0.15714639347464168, -0.057376263297718916]]	0.44952918188677427	[[-0.5770921604163557, 0.5770921604163556, 0.0], [-0.7071067811865475, -0.7071067811865476, 0.0], [0.0, 0.0, 0.81613156]]
2	[[0.08740825448676931, -0.06334395238859675, -0.994156597696443], [0.7119981850616444, -0.6940087028176986, 0.10681996481098455], [-0.6967197295301035, -0.717174639895393, -0.015561310176609944]]	0.14329806517242633	0.8567019348275738	[[0.012525433748053105, -0.0090770658176602, -0.1424607169283026], [0.10202796232561279, -0.09945010432660166, 0.015307094279200751], [-0.09983858920912006, -0.10276973828774141, -0.0022299056398561896]]	0.42908713098156653	1.0219519259975545	[[0.05720903603288626, -0.014248147681171195, -0.0012133375693015903], [0.63546206242496, -0.636039894647926, 0.03753818468543285], [0.006614110583283832, -0.011738965738146465, 0.02118748629294903]]	[[0.019703278891051737, 0.01293192711428472, 0.42536646468266065], [0.32995280393277665, -0.3382496914796411, -0.008296887546864399], [0.30556758042560894, 0.29599144290730584, 0.02786464423094488]]	0.8444444713267985	[[0.0, 0.0, -0.81613156], [0.0, -1.0, 0.0], [-0.81613156, 0.0, 0.0]]
2	[[0.3802729664721569, 0.7767473726770865, -0.5020517802076895], [0.4287143634067757, 0.332951791095048, 0.839849450446521], [0.8195098935212374, -0.5346088512602871, -0.20639019011321075]]	0.120990552611316	0.8790094473886844	[[0.04600943635661072, 0.0939790938595885, -0.060743522326823354], [0.05187038774099434, 0.04028402119751727, 0.10161384911983463], [0.09915295488757529, -0.06468262034488301, -0.024971263155351933]]	0.3964554256393071	0.9008925588046026	[[0.20047290258889108, 0.3271867168592746, 0.10452982416652914], [0.23728168815000517, -0.20906590374421555, 0.3282694853018809], [0.5422647559165471, 0.0, -0.08382839946745686]]	[[0.049711621807050174, 0.019241006610366786, 0.30357097638174046], [0.06731555272788735, -0.3410664478001725, -0.004693386047832747], [0.21736561226496176, 0.21194857967693814, -0.0020038887983463705]]	1.0000000000000007	[[0.0, 0.0, 0.0], [0.0, 0.0, 0.0], [0.0, 0.0, 0.0]]
2	[[0.8592155572171323, 0.2624339665249735, -0.4391776855101157], [-0.4266000482917053, 0.8413623931712975, -0.33184593135155627], [0.2824199444684594, 0.4724804086637203, 0.8348660002631537]]	0.16120814940966435	0.8387918505903358	[[0.13851254992296747, 0.04230649408572879, -0.07079902194310529], [-0.0687714043231792, 0.13563447438603146, -0.053496268482310906], [0.04552839660414053, 0.0761676923130003, 0.1345872029074714]]	0.0	0.6901946441573527	[[0.638800266123927, 0.6388002661239269, 0.0], [-0.7071067811865475, 0.7071067811865476, 0.0], [0.0, 0.0, 0.9034]]	[[0.638800266123927, 0.6388002661239269, 0.0], [-0.7071067811865475, 0.7071067811865476, 0.0], [0.0, 0.0, 0.9034]]	0.6901946441573527	[[0.638800266123927, 0.6388002661239269, 0.0], [-0.7071067811865475, 0.7071067811865476, 0.0], [0.0, 0.0, 0.9034]]
2	[[0.034229894132735264, 0.2773841392786001, 0.9601491309293217], [-0.1827544195208179, -0.9427759796974285, 0.2788803941677556], [0.9825625356654255, -0.18501754344446375, 0.018422055382213542]]	0.7131765826882506	0.28682341731174943	[[0.024411958923364733, 0.19782387254263378, 0.6847558760672674], [-0.1303361723850318, -0.6723657514411798, 0.19889096649131227], [0.7007405914633705, -0.1319501793710976, 0.01313817850358074]]	0.8500605732068319	0.23145071924396557	[[0.004446043025747216, 0.19792245714857623, 0.7632583154010458], [-0.18726156847552075, -0.8197250605155859, 0.23706522772238955], [0.7782529685888626, -0.15727611903372077, -0.0062876543459060245]]	[[-0.0246514404015349, -0.03787086328507427, -0.05292660520077495], [-0.03190924186157247, -0.018308370808357198, 0.0], [-0.05698470369044716, 0.0, -0.02194751730375847]]	0.3819157396098647	[[0.0, 0.0, 0.9034], [0.0, -1.0, 0.0], [0.9034, 0.0, 0.0]]
2	[[-0.3195682178843842, -0.5708200961323295, -0.7563336379995778], [0.910087742671785, 0.03735879733279218, -0.41272826520656647], [0.2638493031197415, -0.8202248094963509, 0.507557688474819]]	0.11003740054991602	0.8899625994500837	[[-0.03516445599436685, -0.0628115595600547, -0.08322498747393475], [0.1001436894759441, 0.004110864946171595, -0.045415545436806926], [0.02903329145220318, -0.09025540590352853, 0.05585032866889314]]	0.3499588352763439	1.0632827260678162	[[-0.17415479390354355, -0.26208260857618837, 0.17770099315637058], [0.5339465609225797, -0.07301126173787233, -0.14443790297731599], [0.22491239997096368, -0.04888759674638695, 0.08949181985508939]]	[[-0.06231907258138762, -0.062319072581387615, 0.4423866321910227], [0.21545331449788496, -0.08608530293978137, 0.0], [0.13257600516270396, 0.23815732224971706, -0.08813247763911167]]	0.9525774950994566	[[1.629598138321159e-16, -0.81613156, 0.0], [1.0, 1.7938038903913487e-16, 0.0], [0.0, 0.0, 0.81613156]]
2	[[0.22433838825039393, -0.7661379269479729, -0.6022499185961573], [-0.9416906372873723, -0.011392912655017143, -0.3362869982418849], [0.2507808429735371, 0.642575192824231, -0.724020780340167]]	0.1339316271301418	0.8660683728698583	[[0.03004600536612874, -0.10261009916225575, -0.0806603115365788], [-0.126122159305118, -0.0015258713296380233, -0.045039464857246775], [0.03358748635251442, 0.08606114112841388, -0.09696928118699355]]	0.3885516927599986	0.8701080363261849	[[0.017491947597775302, -0.2951212357813165, 0.09936938559170196], [-0.4512404863623149, -0.12124682959954577, -0.13066488242006305], [0.26245699959590163, 0.043233661642434286, -0.3127428291428974]]	[[-0.06967511290796506, 0.0025629526219545368, 0.3333746109268102], [-0.08534499518806456, -0.11682009410197214, 0.0], [0.16501567854675436, -0.20644001725500322, -0.03142332934831038]]	0.970485274930399	[[0.5770921604163557, -0.5770921604163556, 0.0], [-0.7071067811865475, -0.7071067811865476, 0.0], [0.0, 0.0, -0.81613156]]
