2	[[-0.42203838922340475, -0.825029846081567, 0.3757783270710803], [0.2588054115689476, 0.28760896992378115, 0.9221175843470338], [-0.8688517462515349, 0.4864224845687207, 0.09214016247897017]]	0.10900479203990512	0.8909952079600951	[[-0.04600420685015377, -0.08993220679883618, 0.04096163839548654], [0.028211030066875205, 0.03135075595535305, 0.1005152355180881], [-0.09470900391365697, 0.053022381773947365, 0.010043719249543219]]	0.34873237127150963	1.1419830577168983	[[-0.23389405039554323, -0.4704110188274708, 0.30063479018701134], [0.18383867076173926, 0.010860578516360086, 0.030818564188972605], [0.1778326668186526, 0.1696312664834293, -0.0905021232849835]]	[[-0.08671560215405699, -0.18269640423367722, 0.16958872311507261], [0.09358484588740115, -0.08943797956411642, -0.2907536875915248], [0.48082939657234236, 0.0, -0.12263438063561698]]	1.0000000000000002	[[0.0, 0.0, 0.0], [0.0, 0.0, 0.0], [0.0, 0.0, 0.0]]
2	[[0.034229894132735264, 0.2773841392786001, 0.9601491309293217], [-0.1827544195208179, -0.9427759796974285, 0.2788803941677556], [0.9825625356654255, -0.18501754344446375, 0.018422055382213542]]	0.8200151459325701	0.17998485406743	[[0.028069031632511326, 0.22745919544992158, 0.787336829716038], [-0.14986139199318557, -0.7730905825733085, 0.22868614712120477], [0.8057161610715601, -0.15171718788769753, 0.015106364432623727]]	0.9021447748693269	0.14253028680574903	[[0.0, 0.23312343644349454, 0.8440564944098592], [-0.18013472204256098, -0.8211735617829403, 0.25159049041193904], [0.8714819166665505, -0.16691261007758162, 0.0]]	[[-0.03088032013617735, -0.017117215438320163, -0.022137027153353528], [-0.015263777387578196, 0.0293468621734055, 0.0], [-0.014931740866369808, 0.0, -0.016619361005417305]]	0.3544283886458995	[[0.0, 0.0, 0.9625999999999999], [0.0, -1.0, 0.0], [0.9625999999999999, 0.0, 0.0]]
2	[[-0.3195682178843842, -0.5708200961323295, -0.7563336379995778], [0.910087742671785, 0.03735879733279218, -0.41272826520656647], [0.2638493031197415, -0.8202248094963509, 0.507557688474819]]	0.11965105728963905	0.8803489427103607	[[-0.03823667514603233, -0.06829922802440663, -0.0904961194503687], [0.10889296063702004, 0.004470019599937914, -0.04938337330528424], [0.03156984808341155, -0.09814076567143117, 0.060729814061497356]]	0.3737382701141298	1.0952736726622903	[[-0.04385240142181421, -0.2889197867886289, 0.19073276056018873], [0.5422473117653205, -0.24157287673100114, -0.15425234786550793], [0.2598067925469387, -0.043689559023217216, 0.08280397618128071]]	[[0.07558247151375086, -0.07558247151375085, 0.47340358605527744], [0.20211269316709407, -0.25553528901970335, 0.0], [0.16119621042814783, 0.26285984238264065, -0.10688975629242457]]	0.9809362995404357	[[1.8501718206641763e-16, -0.9265987599999999, 0.0], [1.0, 1.7938038903913487e-16, 0.0], [0.0, 0.0, 0.9265987599999999]]
2	[[0.08740825448676931, -0.06334395238859675, -0.994156597696443], [0.7119981850616444, -0.6940087028176986, 0.10681996481098455], [-0.6967197295301035, -0.717174639895393, -0.015561310176609944]]	0.1619156837272537	0.8380843162727465	[[0.014152767288631032, -0.010256379360986247, -0.1609695452479798], [0.11528367294681982, -0.11237089362939208, 0.01729582763809174], [-0.11280985137313394, -0.11612182217050951, -0.002519620176937673]]	0.4583829915408924	1.0267537930540422	[[0.06302733288326634, -0.015503566925926401, 0.00017827367382844406], [0.6349591581307469, -0.6368886356895057, 0.03878890478034154], [0.009660373282968223, -0.013049937595064651, 0.025338541916696294]]	[[0.022960875706253384, 0.013532223465982453, 0.4558827489860394], [0.3085913000905045, -0.3187668503365149, -0.010175550246010395], [0.3290248471705384, 0.3156907192974478, 0.03247158182774645]]	0.8071095307441062	[[0.0, 0.0, -0.9265987599999999], [0.0, -1.0, 0.0], [-0.9265987599999999, 0.0, 0.0]]
2	[[0.5319609947059123, -0.8460851799387872, 0.03402011756955908], [-0.703274286200726, -0.4190807785627857, 0.5742617690636116], [-0.47161719485230363, -0.3294103357928521, -0.8179645788128509]]	0.15528310367908751	0.8447168963209125	[[0.08260455429414869, -0.1313827327177741, 0.005282749443728613], [-0.10920661389894361, -0.06507616398747772, 0.08917314982444101], [-0.07323418176509067, -0.05115185932588449, -0.12701607849761706]]	0.4686687919308019	0.8094549307728401	[[0.21896868250909204, -0.5339952493812281, 0.23301498689265657], [-0.3794709407710225, -0.39792771132528204, 0.005422439191056587], [0.15183182653104252, -0.1543843441255558, -0.34971587218792344]]	[[-0.030344834234035594, -0.13746153022876154, 0.21707081948998744], [-0.04986823066133118, -0.2015176291148413, -0.26371613036803143], [0.3728640874962653, 0.0, 0.0336385988064825]]	0.6691401867382374	[[0.6552042666350462, -0.655204266635046, 0.0], [-0.7071067811865475, -0.7071067811865476, 0.0], [0.0, 0.0, -0.9265987599999999]]
2	[[0.8489524140446696, -0.5135124485683378, 0.12483895166604869], [0.522794976890395, 0.7815435453534784, -0.34040431673891397], [0.0772347773085365, 0.35425224329800037, 0.9319550081910795]]	0.2169553833742407	0.7830446166257592	[[0.18418479645554844, -0.11140929014658876, 0.02708448261874588], [0.11342318463738295, 0.16956007950582705, -0.07385254904033753], [0.016756500720797624, 0.07685693125590246, 0.2021926560896393]]	0.0	0.43909363247570127	[[0.6806609875701701, -0.6806609875701701, 0.0], [0.7071067811865471, 0.7071067811865471, 0.0], [0.0, 0.0, 0.9625999999999993]]	[[0.6806609875701701, -0.6806609875701702, 0.0], [0.7071067811865472, 0.7071067811865471, 0.0], [0.0, 0.0, 0.9625999999999993]]	0.4390936324757014	[[0.6806609875701706, -0.6806609875701705, 0.0], [0.7071067811865475, 0.7071067811865476, 0.0], [0.0, 0.0, 0.9625999999999999]]
2	[[-0.8305561570912853, 0.32773595720904825, 0.4502950280316503], [-0.5100865793185324, -0.772219296347621, -0.37879947194723407], [0.22358030216652452, -0.5443036842615101, 0.808545204538665]]	0.1925768974536816	0.8074231025463183	[[-0.1599459278936923, 0.06311437382333109, 0.08671641943715377], [-0.09823089087792428, -0.14871159624448999, -0.07294802706469122], [0.04305640092298593, -0.10482031478768991, 0.1557071269411085]]	0.5333594063147531	0.6446515516820686	[[-0.3992765520882405, 0.1621028666382751, 0.4189676280312486], [-0.3514250067874008, -0.600148214127131, -0.0624221258839713], [0.3371540940901469, -0.25535560766693094, 0.2787163851174268]]	[[0.04370838676903034, -0.012698188926740146, 0.1787985392138025], [-0.07936553167294508, -0.1882777886823675, 0.13961413558614746], [0.21790543686293623, 0.034953882225720934, -0.15252880515395617]]	0.6805330631570612	[[-0.6552042666350462, 0.655204266635046, 0.0], [-0.7071067811865475, -0.7071067811865476, 0.0], [0.0, 0.0, 0.9265987599999999]]
2	[[0.3802729664721569, 0.7767473726770865, -0.5020517802076895], [0.4287143634067757, 0.332951791095048, 0.839849450446521], [0.8195098935212374, -0.5346088512602871, -0.20639019011321075]]	0.12714845699906385	0.8728515430009365	[[0.0483511209253915, 0.09876222991396834, -0.06383510918704081], [0.054510369800507455, 0.04233430649281003, 0.10678556173578688], [0.10419941845669244, -0.06797469053578756, -0.02624219421263818]]	0.4207620451572005	0.8669673100480783	[[0.029011899543229934, 0.31807240531906844, 0.1304568024693085], [0.281779682686142, -0.14412530906667564, 0.3279250501761512], [0.6031139264207027, 0.0, -0.06586819250976941]]	[[-0.13099253154759036, -0.00875340777902453, 0.34170113628430915], [0.10139295035083978, -0.284218785626581, -0.025451722217877868], [0.25829526759614724, 0.22494311361542002, 0.020972965982648514]]	1.0000000000000007	[[0.0, 0.0, 0.0], [0.0, 0.0, 0.0], [0.0, 0.0, 0.0]]
2	[[0.22433838825039393, -0.7661379269479729, -0.6022499185961573], [-0.9416906372873723, -0.011392912655017143, -0.3362869982418849], [0.2507808429735371, 0.642575192824231, -0.724020780340167]]	0.1463891331294335	0.8536108668705666	[[0.03284070218362947, -0.11215426698349494, -0.08816284351056335], [-0.1378532760686022, -0.0016677986073872914, -0.04922876215532885], [0.0367115902083647, 0.09406602544801776, -0.10598877440169303]]	0.4149213126388929	0.8686451946237442	[[0.01993677180238637, -0.3194625119566076, 0.1140812203349658], [-0.47737741029836545, -0.1274413225815422, -0.13953264273391594], [0.29090711205280934, 0.038460886141109936, -0.3291341629309069]]	[[-0.07314600672576071, -0.0015755576449144326, 0.36396754709554985], [-0.08664989497533312, -0.12271416030794226, 0.0], [0.18685279550154124, -0.22815725633470973, -0.028722510374329296]]	0.955546109043239	[[0.6552042666350462, -0.655204266635046, 0.0], [-0.7071067811865475, -0.7071067811865476, 0.0], [0.0, 0.0, -0.9265987599999999]]
2	[[-0.30792515101507295, 0.09349718223056193, 0.9468053539599837], [0.3027085282091916, -0.9338174967034747, 0.1906631317268273], [0.9019698710720718, 0.34531602882779927, 0.2592434992682147]]	0.5911472594121633	0.4088527405878368	[[-0.18202910912663686, 0.055270603038356285, 0.5597013901902075], [0.17894531685155313, -0.552023653967386, 0.11270998779125424], [0.5331970173565975, 0.20413262407264512, 0.1532510841128243]]	0.8005408730514108	0.2897366110410311	[[-0.11308576298073023, 0.1414301322286511, 0.7679714416664758], [0.29833797230254505, -0.8132014461096122, 0.15263362993131047], [0.7120486910565043, 0.27643959519645256, 0.11308576298073023]]	[[0.13342090624736375, 0.06658181633795024, 0.010015056997600497], [0.05600742284985125, -0.06564237202792969, 0.0], [-0.010015056997600497, 0.0, -0.09444925425634915]]	0.4726811963457302	[[0.0, 0.0, 0.9625999999999999], [0.0, -1.0, 0.0], [0.9625999999999999, 0.0, 0.0]]
2	[[-0.5446221603179724, 0.8109226453022452, -0.2139887049042392], [-0.8354447797583356, -0.5021691245819775, 0.22328947644507607], [0.07361197229480154, 0.30038414347728, 0.9509735242804028]]	0.24546131366190238	0.7545386863380976	[[-0.1336836709210327, 0.19905013779407404, -0.05252594861460372], [-0.2050693731314598, -0.12326309300033964, 0.0548089282150868], [0.018068891420725555, 0.07373268646113851, 0.23342721052755672]]	0.6029251477742277	0.5836612470227958	[[-0.2579029067704922, 0.5385344718957314, 0.13981098975188988], [-0.6120449674442678, -0.5107198070001293, 0.13462684058207744], [0.18706937929093756, 0.01065321858499092, 0.5032083920528594]]	[[0.07046348972034028, 0.049608816143407695, 0.2688301612782939], [-0.10833430015126645, -0.2079494133538862, 0.0], [0.142686870017142, -0.17045593551008292, -0.07015746060328051]]	0.403020207708805	[[-0.6552042666350462, 0.655204266635046, 0.0], [-0.7071067811865475, -0.7071067811865476, 0.0], [0.0, 0.0, 0.9265987599999999]]
2	[[0.8787972042104137, -0.3840163418041313, 0.28327887866788265], [-0.395223040501579, -0.9183905790867732, -0.018907472103605397], [0.2674214316928388, -0.09534250611366366, -0.9588511794847616]]	0.6082791370176767	0.39172086298232345	[[0.5345540049906575, -0.23358912899330214, 0.17231263185143478], [-0.2404059300058027, -0.5586378288920667, -0.011501020814366887], [0.16266687769015153, -0.057994857339921886, -0.5832491679853721]]	0.8274278847605655	0.3149363352048105	[[0.5958057426271895, -0.25861175826987337, 0.2411685839400397], [-0.34707505683642637, -0.8476527310612221, -0.015644569648855616], [0.214496208998719, -0.07888904816140001, -0.6948965063757988]]	[[-0.13133556918613193, 0.05913407114260928, 0.00677574056652866], [-0.020056492425565602, -0.08775075682342236, 0.0], [-0.00677574056652866, 0.0, 0.09848369686545075]]	0.48437295811753295	[[0.6552042666350462, -0.655204266635046, 0.0], [-0.7071067811865475, -0.7071067811865476, 0.0], [0.0, 0.0, -0.9265987599999999]]
2	[[0.8592155572171323, 0.2624339665249735, -0.4391776855101157], [-0.4266000482917053, 0.8413623931712975, -0.33184593135155627], [0.2824199444684594, 0.4724804086637203, 0.8348660002631537]]	0.17355800605581956	0.8264419939441805	[[0.14912373888274538, 0.04554751595139413, -0.07622280340134549], [-0.0740398537648247, 0.14602517932916276, -0.05759451816311247], [0.04901624243234111, 0.08200275762811407, 0.1448976783294702]]	0.0	0.6884294396793943	[[0.6806609875701705, 0.6806609875701704, 0.0], [-0.7071067811865474, 0.7071067811865475, 0.0], [0.0, 0.0, 0.9625999999999998]]	[[0.6806609875701705, 0.6806609875701704, 0.0], [-0.7071067811865474, 0.7071067811865475, 0.0], [0.0, 0.0, 0.9625999999999998]]	0.6884294396793944	[[0.6806609875701706, 0.6806609875701705, 0.0], [-0.7071067811865475, 0.7071067811865476, 0.0], [0.0, 0.0, 0.9625999999999999]]
2	[[0.04673222253661188, -0.9725397674033924, -0.22799671093185395], [-0.8377629715199755, -0.16246744520517667, 0.5213036857710898], [-0.5440306084466285, 0.16664552219444034, -0.8223502702654952]]	0.18077329905713865	0.8192267009428612	[[0.008447938040215708, -0.1758092222177735, -0.041215717609328024], [-0.1514451761895777, -0.029369776059124664, 0.09423778708748584], [-0.09834620787695957, 0.0301250608201886, -0.14865897133642317]]	0.4747313330076486	0.8889253284555666	[[-0.06738524949708687, -0.5847695383624351, 0.11074295709231768], [-0.30157853781459387, -0.19877654578925424, 0.0], [0.07830709592862871, 0.0783070959286287, -0.5170672556028064]]	[[-0.08957049979630266, -0.12307443818007403, 0.21898013959435622], [0.09613379439953262, -0.12164815895665364, -0.24747919364790982], [0.3365754718734588, -0.0008047549624936741, -0.12667181560046778]]	0.8767614009551119	[[0.6552042666350462, -0.655204266635046, 0.0], [-0.7071067811865475, -0.7071067811865476, 0.0], [0.0, 0.0, -0.9265987599999999]]
