2	[[0.8489524140446696, -0.5135124485683378, 0.12483895166604869], [0.522794976890395, 0.7815435453534784, -0.34040431673891397], [0.0772347773085365, 0.35425224329800037, 0.9319550081910795]]	0.21762954592778702	0.782370454072213	[[0.1847571283828401, -0.1117554810101934, 0.027168644365183126], [0.11377563343398456, 0.1700869668980702, -0.07408203688374844], [0.016808569515490535, 0.07709575485284376, 0.2028209452577516]]	0.0	0.4379352327412604	[[0.683065150626205, -0.6830651506262049, 0.0], [0.7071067811865475, 0.7071067811865476, 0.0], [0.0, 0.0, 0.966]]	[[0.683065150626205, -0.6830651506262049, 0.0], [0.7071067811865475, 0.7071067811865476, 0.0], [0.0, 0.0, 0.966]]	0.4379352327412604	[[0.683065150626205, -0.6830651506262049, 0.0], [0.7071067811865475, 0.7071067811865476, 0.0], [0.0, 0.0, 0.966]]
2	[[0.5319609947059123, -0.8460851799387872, 0.03402011756955908], [-0.703274286200726, -0.4190807785627857, 0.5742617690636116], [-0.47161719485230363, -0.3294103357928521, -0.8179645788128509]]	0.15590220144614866	0.8440977985538514	[[0.08293389015813474, -0.13190654216341774, 0.005303811222551066], [-0.109642009439162, -0.06533561596170415, 0.08952867400337687], [-0.07352615891733144, -0.0513557965292207, -0.1275224785418952]]	0.469919578038473	0.8086288728054324	[[0.2193419205042829, -0.5372865544142933, 0.2338759441470958], [-0.3786280563630603, -0.39759980964427477, 0.006346840943262345], [0.15413394568788544, -0.1547963659972888, -0.35214036707384383]]	[[-0.03063696566084589, -0.1396945636728528, 0.21788922485398932], [-0.04814570054630678, -0.20066554701801567, -0.2635100072587371], [0.37575609888856826, 0.0, 0.03223720265230828]]	0.6667618423613166	[[0.659840935504914, -0.6598409355049139, 0.0], [-0.7071067811865475, -0.7071067811865476, 0.0], [0.0, 0.0, -0.933156]]
2	[[0.04673222253661188, -0.9725397674033924, -0.22799671093185395], [-0.8377629715199755, -0.16246744520517667, 0.5213036857710898], [-0.5440306084466285, 0.16664552219444034, -0.8223502702654952]]	0.18133392530154024	0.8186660746984596	[[0.008474137350628928, -0.17635445353510415, -0.04134353854911364], [-0.15191484809799963, -0.029460859572767548, 0.0945300436150324], [-0.09865120571381245, 0.03021848667344281, -0.14912000248002477]]	0.47615118855845096	0.8908742714895113	[[-0.06875967119229669, -0.5880581644790814, 0.11222232829632717], [-0.3010865304034153, -0.1999648866398513, 7.131837078008743e-06], [0.07935787521692533, 0.07934846346082648, -0.5202724373209132]]	[[-0.09101127449708245, -0.12498219830959684, 0.22078323319394697], [0.09781530421608046, -0.12260581950335146, -0.2482122377427276], [0.33839869604096473, 0.0, -0.12870937872263458]]	0.8756540507908456	[[0.659840935504914, -0.6598409355049139, 0.0], [-0.7071067811865475, -0.7071067811865476, 0.0], [0.0, 0.0, -0.933156]]
2	[[0.08740825448676931, -0.06334395238859675, -0.994156597696443], [0.7119981850616444, -0.6940087028176986, 0.10681996481098455], [-0.6967197295301035, -0.717174639895393, -0.015561310176609944]]	0.16301524557214594	0.8369847544278542	[[0.014248878070193344, -0.010326029954137412, -0.16206268191065476], [0.11606655898474613, -0.1131339991190336, 0.017413282795670632], [-0.1135759378043089, -0.11691040004066282, -0.002536730799864398]]	0.4600135073247769	1.0270469277478516	[[0.06336544740548983, -0.01557555101897392, 0.00026674134824068024], [0.6349311680538609, -0.6369358739558786, 0.0388585159409982], [0.00984930242433111, -0.013126708389272086, 0.02558978061921907]]	[[0.02315646968989438, 0.013563522687118188, 0.45759220468464873], [0.3074023857347782, -0.31768249645879026, -0.010280110724012052], [0.330349788827844, 0.3167833130733915, 0.03274819349213012]]	0.8050079214614364	[[0.0, 0.0, -0.933156], [0.0, -1.0, 0.0], [-0.933156, 0.0, 0.0]]
2	[[-0.5446221603179724, 0.8109226453022452, -0.2139887049042392], [-0.8354447797583356, -0.5021691245819775, 0.22328947644507607], [0.07361197229480154, 0.30038414347728, 0.9509735242804028]]	0.24652549093788234	0.7534745090621177	[[-0.13426324544803817, 0.19991310324578232, -0.052753670531679196], [-0.2059584344814147, -0.12379748997141864, 0.055046547801885094], [0.018147227608881746, 0.07405234844069174, 0.23443921494215453]]	0.6040973479600946	0.5837599091920083	[[-0.25806299902551844, 0.540028807818246, 0.14034187179486982], [-0.612540319585566, -0.5115545623410679, 0.1348885805478685], [0.18824169640820104, 0.010231682052930027, 0.5035541133082717]]	[[0.07094180366286618, 0.050152588390375244, 0.269611880920936], [-0.10785034376645014, -0.208195525953653, 0.0], [0.14377289916679942, -0.17122958239095937, -0.07092647068978411]]	0.4007003623176612	[[-0.659840935504914, 0.6598409355049139, 0.0], [-0.7071067811865475, -0.7071067811865476, 0.0], [0.0, 0.0, 0.933156]]
2	[[0.8787972042104137, -0.3840163418041313, 0.28327887866788265], [-0.395223040501579, -0.9183905790867732, -0.018907472103605397], [0.2674214316928388, -0.09534250611366366, -0.9588511794847616]]	0.6133842254673771	0.386615774532623	[[0.5390403424475012, -0.23554956638434263, 0.1737587955829663], [-0.24242357858492286, -0.5633262940296763, -0.011597545131816036], [0.164032087752289, -0.05848158926664825, -0.5881441880667417]]	0.8300472809562603	0.31091888270959	[[0.5993734528450483, -0.2603663437353855, 0.24191074023336667], [-0.34683760020898086, -0.8480375988147709, -0.015694095809354006], [0.2151965550033188, -0.07913878795920215, -0.6994187867497499]]	[[-0.13006977702176925, 0.05838537662190363, 0.006775877242752308], [-0.01878379006937926, -0.08572999578794924, 0.0], [-0.006775877242752308, 0.0, 0.09647302762327986]]	0.4826451662626196	[[0.659840935504914, -0.6598409355049139, 0.0], [-0.7071067811865475, -0.7071067811865476, 0.0], [0.0, 0.0, -0.933156]]
2	[[0.22433838825039393, -0.7661379269479729, -0.6022499185961573], [-0.9416906372873723, -0.011392912655017143, -0.3362869982418849], [0.2507808429735371, 0.642575192824231, -0.724020780340167]]	0.1470908274347824	0.8529091725652176	[[0.03299811915313593, -0.11269186160394623, -0.08858543884883918], [-0.13851405502618716, -0.001675792949318633, -0.04946473282695807], [0.0368875616977698, 0.094516916801581, -0.10649681566021203]]	0.41638837072233864	0.868623726842284	[[0.02008218370088158, -0.3208489399932822, 0.1149592284206678], [-0.4788315224817374, -0.12778594950615557, -0.1400259952930444], [0.2925693877164138, 0.03813778219544201, -0.33000997760059886]]	[[-0.0733297122731754, -0.0018380168428256405, 0.36572909079258287], [-0.08672249229716757, -0.12304207316795109, 0.0], [0.18814716110228796, -0.22942305541123215, -0.02853614450564043]]	0.9548783325663868	[[0.659840935504914, -0.6598409355049139, 0.0], [-0.7071067811865475, -0.7071067811865476, 0.0], [0.0, 0.0, -0.933156]]
2	[[-0.30792515101507295, 0.09349718223056193, 0.9468053539599837], [0.3027085282091916, -0.9338174967034747, 0.1906631317268273], [0.9019698710720718, 0.34531602882779927, 0.2592434992682147]]	0.5962038758060763	0.40379612419392397	[[-0.1835861684933578, 0.055743382422808026, 0.5644890216648861], [0.18047599775787299, -0.5567456108301394, 0.11367409810885892], [0.5377579329934761, 0.20587875476509668, 0.1545619790412393]]	0.8032304009534444	0.28650533840056397	[[-0.11554178225212607, 0.1429095041952364, 0.7703435677266761], [0.2972368310239707, -0.8134451476093782, 0.15314642374397894], [0.7146488975486164, 0.2773683322910044, 0.11554178225212607]]	[[0.13179306026136095, 0.06780972502416488, 0.009840723640530505], [0.054092138538474666, -0.06337454531490434, 0.0], [-0.009840723640530505, 0.0, -0.09269047760965604]]	0.47201069886909464	[[0.0, 0.0, 0.966], [0.0, -1.0, 0.0], [0.966, 0.0, 0.0]]
2	[[-0.8305561570912853, 0.32773595720904825, 0.4502950280316503], [-0.5100865793185324, -0.772219296347621, -0.37879947194723407], [0.22358030216652452, -0.5443036842615101, 0.808545204538665]]	0.19341444435137226	0.8065855556486276	[[-0.16064155762642202, 0.0633888680575532, 0.08709356264092724], [-0.09865811230998611, -0.14935836612048276, -0.0732652893872675], [0.043243659911450225, -0.10527619464984474, 0.15638432146881254]]	0.5349878755915884	0.6427408714141755	[[-0.40187035690784106, 0.16382736404106318, 0.42091125541460434], [-0.3511463489286458, -0.5997057482755518, -0.06288475527747062], [0.33912313873269345, -0.2561352672301258, 0.28053320820459876]]	[[0.04246711713393932, -0.011507399461181234, 0.18000887497849696], [-0.07825621349124391, -0.1865777874317067, 0.13976836949479562], [0.21951038785249904, 0.0350606044896142, -0.1520286730913079]]	0.6804256416777154	[[-0.659840935504914, 0.6598409355049139, 0.0], [-0.7071067811865475, -0.7071067811865476, 0.0], [0.0, 0.0, 0.933156]]
2	[[0.034229894132735264, 0.2773841392786001, 0.9601491309293217], [-0.1827544195208179, -0.9427759796974285, 0.2788803941677556], [0.9825625356654255, -0.18501754344446375, 0.018422055382213542]]	0.820968803407266	0.17903119659273412	[[0.02810167522690906, 0.22772372490770673, 0.7882524831115716], [-0.15003567711139532, -0.7739896679333107, 0.228952103493649], [0.8066531891780535, -0.15189363125095323, 0.015123932763438234]]	0.9050190996120893	0.13788380059693103	[[0.0, 0.2355211868177963, 0.8483860626551889], [-0.17943881899762654, -0.8211297836458522, 0.25239208322916673], [0.8765843866552951, -0.16744441058054918, 0.0]]	[[-0.030978707967825207, -0.015516757158796728, -0.020567239311795858], [-0.014042578792765905, 0.03210048463582001, 0.0], [-0.012653474685199718, 0.0, -0.016672311975014946]]	0.3529286996192824	[[0.0, 0.0, 0.966], [0.0, -1.0, 0.0], [0.966, 0.0, 0.0]]
2	[[0.3802729664721569, 0.7767473726770865, -0.5020517802076895], [0.4287143634067757, 0.332951791095048, 0.839849450446521], [0.8195098935212374, -0.5346088512602871, -0.20639019011321075]]	0.12746915350976315	0.8725308464902373	[[0.04847307313885241, 0.09901133008608072, -0.0639961154411439], [0.05464785700093869, 0.0424410829704453, 0.10705489852405782], [0.10446223242002829, -0.0681461377289757, -0.026308382826450066]]	0.42210556761605156	0.8671156193183025	[[0.029679431805446847, 0.3188984112498225, 0.13203564771412685], [0.2825807429112359, -0.1448698282440246, 0.32790601189208635], [0.6066834340081644, 0.0, -0.06470295644422386]]	[[-0.1308359045563227, -0.008970979388315842, 0.3439544993713429], [0.10161802320026467, -0.285410633012981, -0.02659911710067139], [0.26076374523641244, 0.22566137261378885, 0.022415491903897772]]	1.0000000000000007	[[0.0, 0.0, 0.0], [0.0, 0.0, 0.0], [0.0, 0.0, 0.0]]
2	[[0.8592155572171323, 0.2624339665249735, -0.4391776855101157], [-0.4266000482917053, 0.8413623931712975, -0.33184593135155627], [0.2824199444684594, 0.4724804086637203, 0.8348660002631537]]	0.1742528904196496	0.8257471095803505	[[0.14972079433861513, 0.04572987721127021, -0.07652798110794953], [-0.07433629146799174, 0.14660982890049226, -0.057825112712009304], [0.04921249163578595, 0.08233107687631051, 0.1454778136589465]]	0.0	0.6884560629016149	[[0.6830651506262048, 0.6830651506262048, 0.0], [-0.7071067811865474, 0.7071067811865474, 0.0], [0.0, 0.0, 0.966]]	[[0.6830651506262049, 0.6830651506262048, 0.0], [-0.7071067811865474, 0.7071067811865475, 0.0], [0.0, 0.0, 0.9659999999999999]]	0.6884560629016149	[[0.683065150626205, 0.6830651506262049, 0.0], [-0.7071067811865475, 0.7071067811865476, 0.0], [0.0, 0.0, 0.966]]
2	[[-0.42203838922340475, -0.825029846081567, 0.3757783270710803], [0.2588054115689476, 0.28760896992378115, 0.9221175843470338], [-0.8688517462515349, 0.4864224845687207, 0.09214016247897017]]	0.1093015728731708	0.8906984271268292	[[-0.0461294597549776, -0.09017705984402526, 0.04107316220051789], [0.028287838552574288, 0.03143611278510177, 0.10078890234313954], [-0.09496686245889388, 0.053166742644236833, 0.010071064683740978]]	0.3497781277037415	1.1433441610982136	[[-0.2345526099322176, -0.4729219593148851, 0.3025436826184711], [0.18368447162364634, 0.010398084546081938, 0.03182699509001229], [0.179911542195397, 0.17013994592544923, -0.09071294869488929]]	[[-0.08693281233055229, -0.1843445644527687, 0.17110464294390448], [0.09315999932546357, -0.09020124246465988, -0.29070956708559015], [0.4838168792513853, 0.0, -0.12294156221310207]]	1.0000000000000002	[[0.0, 0.0, 0.0], [0.0, 0.0, 0.0], [0.0, 0.0, 0.0]]
2	[[-0.3195682178843842, -0.5708200961323295, -0.7563336379995778], [0.910087742671785, 0.03735879733279218, -0.41272826520656647], [0.2638493031197415, -0.8202248094963509, 0.507557688474819]]	0.12019646471490707	0.8798035352850929	[[-0.03841097002494615, -0.06861055754332936, -0.09090862943251352], [0.10938932924951858, 0.0044903953654023, -0.04960847836574586], [0.03171375345248485, -0.09858812237291951, 0.06100663979354336]]	0.37506133307637535	1.0792551971524393	[[-0.19624556439128354, -0.2904804287849011, 0.19146498460370248], [0.5427091568879558, -0.07873496115127482, -0.15479841334667463], [0.26189478822493106, -0.043336698335075884, 0.0823364837030762]]	[[-0.07638788258272489, -0.07638788258272487, 0.47513648712232875], [0.20137043490500695, -0.0927468014810421, 0.0], [0.16293511686556822, 0.26429791213694154, -0.10802877954945306]]	0.98296362881255	[[1.8632648887677123e-16, -0.933156, 0.0], [1.0, 1.7938038903913487e-16, 0.0], [0.0, 0.0, 0.933156]]
