2	[[0.034229894132735264, 0.2773841392786001, 0.9601491309293217], [-0.1827544195208179, -0.9427759796974285, 0.2788803941677556], [0.9825625356654255, -0.18501754344446375, 0.018422055382213542]]	0.802193808930495	0.1978061910695052	[[0.02745900915362651, 0.22251583922480714, 0.770225688481497], [-0.1466044638942865, -0.7562890541216594, 0.22371612563346968], [0.7882055829978531, -0.14841992789467773, 0.014778058775386411]]	0.8905605278318178	0.16151638091471143	[[0.0, 0.22367314821127388, 0.8268295558200934], [-0.18295485031445435, -0.8213435927671339, 0.24835987103198184], [0.851228319865361, -0.1647693211480479, 0.0]]	[[-0.03048379258647596, -0.023354217276850685, -0.028241361017584385], [-0.020200978002397313, 0.01825548133936737, 0.0], [-0.023803090524609785, 0.0, -0.016405955364931075]]	0.36051243959057716	[[0.0, 0.0, 0.9490000000000001], [0.0, -1.0, 0.0], [0.9490000000000001, 0.0, 0.0]]
2	[[0.8787972042104137, -0.3840163418041313, 0.28327887866788265], [-0.395223040501579, -0.9183905790867732, -0.018907472103605397], [0.2674214316928388, -0.09534250611366366, -0.9588511794847616]]	0.588454719806041	0.4115452801939589	[[0.5171323625699713, -0.22597622881729096, 0.16669679317347838], [-0.23257086355924822, -0.540431270889015, -0.011126191198967648], [0.1573654036569398, -0.0561047477207217, -0.5642405021593975]]	0.8168726794707769	0.3309189512693139	[[0.5816209525446778, -0.2516646527453946, 0.23817524218301606], [-0.3480535886889499, -0.8461000483867487, -0.015444997399291109], [0.21167679592673494, -0.07788268843652736, -0.676938367236426]]	[[-0.13624447437011053, 0.06202780534471184, 0.006772465528105619], [-0.02520668460583762, -0.09589187524741778, 0.0], [-0.006772465528105619, 0.0, 0.10632096496300616]]	0.49174866208553114	[[0.636821074243386, -0.6368210742433859, 0.0], [-0.7071067811865475, -0.7071067811865476, 0.0], [0.0, 0.0, -0.9006010000000001]]
2	[[-0.42203838922340475, -0.825029846081567, 0.3757783270710803], [0.2588054115689476, 0.28760896992378115, 0.9221175843470338], [-0.8688517462515349, 0.4864224845687207, 0.09214016247897017]]	0.10780201530560055	0.8921979846943997	[[-0.04549658889461248, -0.08893988009486235, 0.040509660966429537], [0.02789974493912793, 0.031004826577751513, 0.09940613394134235], [-0.09366396924770581, 0.052437324126465464, 0.009932895205818457]]	0.34450115468546283	1.1367437211836224	[[-0.2312234190349233, -0.4604068607635956, 0.293053449960165], [0.18446257316438616, 0.012731867181360757, 0.02673836977385912], [0.16963953637661464, 0.167573107598896, -0.08964055701145691]]	[[-0.08583070662586763, -0.17618312613852616, 0.16359738237840643], [0.09530381004003728, -0.08634975505527842, -0.2909322027894637], [0.46895996621074915, 0.0, -0.12138294937836827]]	1.0000000000000002	[[0.0, 0.0, 0.0], [0.0, 0.0, 0.0], [0.0, 0.0, 0.0]]
2	[[0.8592155572171323, 0.2624339665249735, -0.4391776855101157], [-0.4266000482917053, 0.8413623931712975, -0.33184593135155627], [0.2824199444684594, 0.4724804086637203, 0.8348660002631537]]	0.17076259097589175	0.8292374090241084	[[0.1467218747571921, 0.04481390408388493, -0.07499511947650267], [-0.07284732955673213, 0.1436732222076076, -0.05666687104239966], [0.04822676146070162, 0.08068197876876505, 0.14256388132261566]]	0.0	0.6884639658316117	[[0.6710443353460335, 0.6710443353460335, 0.0], [-0.7071067811865474, 0.7071067811865474, 0.0], [0.0, 0.0, 0.9490000000000001]]	[[0.6710443353460336, 0.6710443353460335, 0.0], [-0.7071067811865474, 0.7071067811865475, 0.0], [0.0, 0.0, 0.9489999999999998]]	0.6884639658316116	[[0.6710443353460337, 0.6710443353460336, 0.0], [-0.7071067811865475, 0.7071067811865476, 0.0], [0.0, 0.0, 0.9490000000000001]]
2	[[0.3802729664721569, 0.7767473726770865, -0.5020517802076895], [0.4287143634067757, 0.332951791095048, 0.839849450446521], [0.8195098935212374, -0.5346088512602871, -0.20639019011321075]]	0.1258301932093251	0.8741698067906752	[[0.04784982084347468, 0.09773827197879342, -0.06317327250461918], [0.05394521117908742, 0.04189538820288072, 0.10567841861643124], [0.10311908823873073, -0.06726993504549726, -0.02597011749845464]]	0.41533135225342094	0.866554069378172	[[0.026394717558984242, 0.3147068417012744, 0.12423880736637802], [0.27854169283993013, -0.14111586550544594, 0.3280020054019379], [0.5889173055687067, 0.0, -0.07038425051794885]]	[[-0.13154456783131652, -0.00790069495199184, 0.332756652141275], [0.1004831765557295, -0.27940118313615075, -0.020813802541308123], [0.24854915330747418, 0.22203981712058304, 0.015336066233611598]]	1.0000000000000007	[[0.0, 0.0, 0.0], [0.0, 0.0, 0.0], [0.0, 0.0, 0.0]]
2	[[0.08740825448676931, -0.06334395238859675, -0.994156597696443], [0.7119981850616444, -0.6940087028176986, 0.10681996481098455], [-0.6967197295301035, -0.717174639895393, -0.015561310176609944]]	0.15755007959527606	0.8424499204047239	[[0.013771177451674645, -0.0099798447407028, -0.1566294510972434], [0.11217537072815414, -0.10934112636874264, 0.0168294939583352], [-0.10976824884306693, -0.1129909215992326, -0.0024516856569316778]]	0.45180427106304716	1.0256001586902668	[[0.061679161323252456, -0.015215499123408992, -0.00016630764220982447], [0.63507209104057, -0.6366980411835234, 0.038508041281426195], [0.008919848555022552, -0.012744458964894961, 0.024347534473613486]]	[[0.022187738619964276, 0.013403569111773305, 0.4489978893025507], [0.3133882700405812, -0.32314194509556227, -0.009753675054981027], [0.3237007980906143, 0.3112781064379464, 0.03137820087474277]]	0.8155663026204351	[[0.0, 0.0, -0.9006010000000001], [0.0, -1.0, 0.0], [-0.9006010000000001, 0.0, 0.0]]
2	[[-0.30792515101507295, 0.09349718223056193, 0.9468053539599837], [0.3027085282091916, -0.9338174967034747, 0.1906631317268273], [0.9019698710720718, 0.34531602882779927, 0.2592434992682147]]	0.5713568154012568	0.4286431845987433	[[-0.17593513366592317, 0.05342025228824485, 0.540963691843436], [0.1729545806724052, -0.5335429910824709, 0.10893667975787039], [0.5153466331236213, 0.19729866653806, 0.14812054015536522]]	0.7897220702072743	0.30278222436271923	[[-0.10339556020746983, 0.13560428789030388, 0.7584035147300272], [0.30280189469214935, -0.8122068466279302, 0.1505708830995123], [0.701615083330207, 0.27270368916164445, 0.10339556020746983]]	[[0.1397797275210411, 0.061767499580637736, 0.01069043051741797], [0.06374628912538954, -0.07475055993548757, 0.0], [-0.01069043051741797, 0.0, -0.1013347527224027]]	0.4755310389528708	[[0.0, 0.0, 0.9490000000000001], [0.0, -1.0, 0.0], [0.9490000000000001, 0.0, 0.0]]
2	[[0.04673222253661188, -0.9725397674033924, -0.22799671093185395], [-0.8377629715199755, -0.16246744520517667, 0.5213036857710898], [-0.5440306084466285, 0.16664552219444034, -0.8223502702654952]]	0.17850428775226831	0.8214957122477315	[[0.00834190209897841, -0.1736025184910992, -0.0406983904947504], [-0.14954428253639704, -0.029001135589280778, 0.09305494313120066], [-0.0971117962761986, 0.02974694024642339, -0.14679304927662754]]	0.46899576842824164	0.8812107214541247	[[-0.061973449243677266, -0.5716561418056127, 0.10491050078154993], [-0.3035815371313019, -0.19397951061119081, 0.0], [0.07418292652031054, 0.07418292652031054, -0.5043181115113027]]	[[-0.08389066386259515, -0.11553910626523528, 0.21183999342414644], [0.08932575145743606, -0.11778296630261571, -0.24448922269268686], [0.329330979777221, -0.003973118216396617, -0.11863931459096454]]	0.8813926195462352	[[0.636821074243386, -0.6368210742433859, 0.0], [-0.7071067811865475, -0.7071067811865476, 0.0], [0.0, 0.0, -0.9006010000000001]]
2	[[0.8489524140446696, -0.5135124485683378, 0.12483895166604869], [0.522794976890395, 0.7815435453534784, -0.34040431673891397], [0.0772347773085365, 0.35425224329800037, 0.9319550081910795]]	0.21421203687868787	0.7857879631213122	[[0.18185582582558787, -0.11000054757038608, 0.02674200611818439], [0.11198897686963806, 0.16741603475955974, -0.0729187020509408], [0.016544618965133456, 0.07588509460570916, 0.19963598058390533]]	0.0	0.4438404572917066	[[0.6710443353460335, -0.6710443353460335, 0.0], [0.7071067811865474, 0.7071067811865474, 0.0], [0.0, 0.0, 0.9490000000000001]]	[[0.6710443353460336, -0.6710443353460335, 0.0], [0.7071067811865474, 0.7071067811865475, 0.0], [0.0, 0.0, 0.949]]	0.4438404572917067	[[0.6710443353460337, -0.6710443353460336, 0.0], [0.7071067811865475, 0.7071067811865476, 0.0], [0.0, 0.0, 0.9490000000000001]]
2	[[-0.3195682178843842, -0.5708200961323295, -0.7563336379995778], [0.910087742671785, 0.03735879733279218, -0.41272826520656647], [0.2638493031197415, -0.8202248094963509, 0.507557688474819]]	0.11746169218804862	0.8825383078119513	[[-0.03753702364221878, -0.06704949442664804, -0.0888402289781734], [0.10690044629382921, 0.004388227552820149, -0.04847976044500101], [0.03099218562708221, -0.09634499409806119, 0.05961858497130664]]	0.36839958834405107	1.0745271624242771	[[-0.19013707643980562, -0.28269816495701844, 0.18778619476056402], [0.5403837238581896, -0.07721599579888698, -0.1520489230000534], [0.25154599475489464, -0.04504193918159871, 0.08458327680758929]]	[[-0.07240827652335652, -0.0724082765233565, 0.466419195650367], [0.20510777410093722, -0.09097896135731645, 0.0], [0.15434402010071707, 0.25712854298643467, -0.10240076668739216]]	0.9732722143571712	[[1.7982611932936086e-16, -0.9006010000000001, 0.0], [1.0, 1.7938038903913487e-16, 0.0], [0.0, 0.0, 0.9006010000000001]]
2	[[-0.5446221603179724, 0.8109226453022452, -0.2139887049042392], [-0.8354447797583356, -0.5021691245819775, 0.22328947644507607], [0.07361197229480154, 0.30038414347728, 0.9509735242804028]]	0.24119471798757508	0.7588052820124249	[[-0.1313599883676772, 0.1955902587434134, -0.0516129453319044], [-0.20150486804800355, -0.12112054038561752, 0.05385624230076341], [0.017754818898153862, 0.07245106877394183, 0.22936979100246213]]	0.5981570324762169	0.5806032111696101	[[-0.3654871070986122, 0.5325194959741733, 0.13768830377821203], [-0.6100300418783939, -0.38708921856300615, 0.13356217061355483], [0.18241553826004944, 0.01230512832324467, 0.5017123416587301]]	[[-0.03971753186202764, 0.047460412892418466, 0.26568715248716057], [-0.11030287162040142, -0.08671322520187096, 0.0], [0.13838401935746947, -0.16737175954203526, -0.0671191595882851]]	0.41273615533729113	[[-0.636821074243386, 0.6368210742433859, 0.0], [-0.7071067811865475, -0.7071067811865476, 0.0], [0.0, 0.0, 0.9006010000000001]]
2	[[0.22433838825039393, -0.7661379269479729, -0.6022499185961573], [-0.9416906372873723, -0.011392912655017143, -0.3362869982418849], [0.2507808429735371, 0.642575192824231, -0.724020780340167]]	0.14356624854552652	0.8564337514544736	[[0.03220742080585888, -0.10999154804036708, -0.08646276149969903], [-0.13519499208579416, -0.0016356377298877012, -0.04827946277222349], [0.036003664832795476, 0.09225210984219318, -0.10394494730244248]]	0.4090014686265606	0.8687997427348421	[[0.019360555508887017, -0.3139041882673711, 0.11060511766231255], [-0.471509805328168, -0.12605069077276684, -0.13754187616094854], [0.28428873929749265, 0.039700040038145916, -0.3255595605203977]]	[[-0.07239417475483968, -0.0005526509751415803, 0.3569262188483675], [-0.08635695168575097, -0.12139097276493076, 0.0], [0.18171900621790912, -0.22311415752995994, -0.029433998045120965]]	0.9584421470443989	[[0.636821074243386, -0.6368210742433859, 0.0], [-0.7071067811865475, -0.7071067811865476, 0.0], [0.0, 0.0, -0.9006010000000001]]
2	[[0.5319609947059123, -0.8460851799387872, 0.03402011756955908], [-0.703274286200726, -0.4190807785627857, 0.5742617690636116], [-0.47161719485230363, -0.3294103357928521, -0.8179645788128509]]	0.1528256672138228	0.8471743327861773	[[0.0812972939476599, -0.1293035321438725, 0.005199147166260576], [-0.10747836202295094, -0.06404629960034604, 0.08776193801253666], [-0.07207521247281479, -0.05034235435467204, -0.1250059825143475]]	0.46359959415591623	0.8139173945905892	[[0.21742616589802408, -0.5209200762869846, 0.2295594955480893], [-0.38288699067685583, -0.39925663436140246, 0.0016760150209747017], [0.1427699808327949, -0.15271449798433034, -0.34010069349895256]]	[[-0.029190735354414375, -0.12867533024602743, 0.21378778284970518], [-0.05684931701390766, -0.20497095550114952, -0.2645515080561741], [0.3614115209632745, 0.0, 0.03910735327260002]]	0.6787277806952766	[[0.636821074243386, -0.6368210742433859, 0.0], [-0.7071067811865475, -0.7071067811865476, 0.0], [0.0, 0.0, -0.9006010000000001]]
2	[[-0.8305561570912853, 0.32773595720904825, 0.4502950280316503], [-0.5100865793185324, -0.772219296347621, -0.37879947194723407], [0.22358030216652452, -0.5443036842615101, 0.808545204538665]]	0.1892173760937215	0.8107826239062783	[[-0.15715565674329776, 0.06201333787466028, 0.08520364367219763], [-0.09651724411927462, -0.14611730902383674, -0.0716754421475429], [0.0423052781221912, -0.1029917149341084, 0.1529908020559675]]	0.5267798491092675	0.6523075798745439	[[-0.3890239038859353, 0.1553141303627213, 0.41120536784776224], [-0.35254493676302967, -0.6019025909782805, -0.06055167104814356], [0.32932668426957235, -0.2522055238613504, 0.27152049637245]]	[[0.0484963432233851, -0.01733056772354248, 0.1739990209265962], [-0.08384160547695083, -0.19511302656901608, 0.1389922576268906], [0.2115490864304861, 0.034522688803546205, -0.15440482447244971]]	0.681476683019692	[[-0.636821074243386, 0.6368210742433859, 0.0], [-0.7071067811865475, -0.7071067811865476, 0.0], [0.0, 0.0, 0.9006010000000001]]
