2	[[0.5319609947059123, -0.8460851799387872, 0.03402011756955908], [-0.703274286200726, -0.4190807785627857, 0.5742617690636116], [-0.47161719485230363, -0.3294103357928521, -0.8179645788128509]]	0.14552665023163427	0.8544733497683658	[[0.07741450161343957, -0.12312794204712123, 0.004950833750384312], [-0.10234515106483529, -0.060987421880707535, 0.08357039160791974], [-0.0686328705584957, -0.04793798271961159, -0.11903564516276378]]	0.445615700371283	0.830064393306654	[[0.2113388329031752, -0.4715850912626092, 0.2179968658839367], [-0.38189709470633654, -0.3975599383770954, 0.0], [0.11614630020131148, -0.13840663116679539, -0.31033222903056407]]	[[-0.025711338322904256, -0.09455625123042366, 0.20283696736646425], [-0.06850703110788577, -0.21081096372569716, -0.2559000604177333], [0.32630632679256055, 0.008383786327075923, 0.054165629636026]]	0.708578970825683	[[0.5824705560154169, -0.5824705560154168, 0.0], [-0.7071067811865475, -0.7071067811865476, 0.0], [0.0, 0.0, -0.82373776]]
2	[[-0.30792515101507295, 0.09349718223056193, 0.9468053539599837], [0.3027085282091916, -0.9338174967034747, 0.1906631317268273], [0.9019698710720718, 0.34531602882779927, 0.2592434992682147]]	0.5150937376944735	0.48490626230552647	[[-0.15861031696648917, 0.04815981305904146, 0.487693508640387], [0.15592326722726552, -0.4810035447014896, 0.09820938516170526], [0.46459903217831594, 0.1778701239747237, 0.13353470301105924]]	0.756167789485239	0.3433337721806254	[[-0.0752389855893608, 0.11876100672473103, 0.72847499976435], [0.3169902739344352, -0.8089797853942408, 0.14417331885420795], [0.6695092754032146, 0.26111685819253805, 0.0752389855893608]]	[[0.15760409518061533, 0.04806144911434846, 0.012531288187639949], [0.08809183530016068, -0.1028570731293348, 0.0], [-0.012531288187639949, 0.0, -0.12079259819070333]]	0.4857834953718786	[[0.0, 0.0, 0.9076], [0.0, -1.0, 0.0], [0.9076, 0.0, 0.0]]
2	[[0.04673222253661188, -0.9725397674033924, -0.22799671093185395], [-0.8377629715199755, -0.16246744520517667, 0.5213036857710898], [-0.5440306084466285, 0.16664552219444034, -0.8223502702654952]]	0.1713340910443826	0.8286659089556172	[[0.008006822870794197, -0.16662921705257555, -0.03906360922861803], [-0.14353735723601602, -0.02783621204853199, 0.08931709315967612], [-0.09321098979852556, 0.028552059071800927, -0.14089663607604108]]	0.45102021206628123	0.858715170020838	[[-0.04634390794006275, -0.5323669203201201, 0.08811070422490765], [-0.30978410396278333, -0.17910440243540554, 0.0], [0.062303676452554385, 0.06230367645255437, -0.46624440588520627]]	[[-0.06742108485885409, -0.09373182818295023, 0.190941829139807], [0.06806392911343387, -0.10582830084509982, -0.23511849890741093], [0.30767247684470084, -0.012856822307478285, -0.09534781259729877]]	0.8972477362173266	[[0.5824705560154169, -0.5824705560154168, 0.0], [-0.7071067811865475, -0.7071067811865476, 0.0], [0.0, 0.0, -0.82373776]]
2	[[0.8592155572171323, 0.2624339665249735, -0.4391776855101157], [-0.4266000482917053, 0.8413623931712975, -0.33184593135155627], [0.2824199444684594, 0.4724804086637203, 0.8348660002631537]]	0.16209961268055656	0.8379003873194435	[[0.13927850903400574, 0.042540444327920354, -0.07119053271913303], [-0.06915170259759214, 0.13638451805705348, -0.053792096941705836], [0.04578016361160156, 0.07658889124354014, 0.13533145528282264]]	0.0	0.6899330552196089	[[0.6417701146049104, 0.6417701146049103, 0.0], [-0.7071067811865474, 0.7071067811865475, 0.0], [0.0, 0.0, 0.9075999999999995]]	[[0.6417701146049104, 0.6417701146049103, 0.0], [-0.7071067811865474, 0.7071067811865475, 0.0], [0.0, 0.0, 0.9075999999999997]]	0.6899330552196091	[[0.6417701146049105, 0.6417701146049104, 0.0], [-0.7071067811865475, 0.7071067811865476, 0.0], [0.0, 0.0, 0.9076]]
2	[[0.034229894132735264, 0.2773841392786001, 0.9601491309293217], [-0.1827544195208179, -0.9427759796974285, 0.2788803941677556], [0.9825625356654255, -0.18501754344446375, 0.018422055382213542]]	0.721170510327591	0.2788294896724089	[[0.024685590220164106, 0.20004126128032768, 0.692431238742892], [-0.13179709799045092, -0.6799022344029894, 0.20112031618232007], [0.7085951252746069, -0.1334291962254012, 0.013285443081274089]]	0.8540220894314858	0.22352182457534112	[[0.0030256932772073164, 0.19921532952115334, 0.7706245937559241], [-0.18814649914399253, -0.8203709992703455, 0.23817001692862302], [0.7864395025134135, -0.15800906903392165, -0.004278976468207683]]	[[-0.026207392431049817, -0.03767685268071104, -0.04936397320616062], [-0.03207018793198532, -0.015219487223331227, 0.0], [-0.052690607192672115, 0.0, -0.020011818697348246]]	0.3798793845586072	[[0.0, 0.0, 0.9076], [0.0, -1.0, 0.0], [0.9076, 0.0, 0.0]]
2	[[0.3802729664721569, 0.7767473726770865, -0.5020517802076895], [0.4287143634067757, 0.332951791095048, 0.839849450446521], [0.8195098935212374, -0.5346088512602871, -0.20639019011321075]]	0.12146356278606354	0.8785364372139368	[[0.046189309338933476, 0.09434650327007318, -0.06098099792711169], [0.05207317399694615, 0.04044151078240568, 0.10201110645515198], [0.09954059140551706, -0.0649354957710392, -0.025068887815243565]]	0.39823725877155103	0.9000427399451522	[[0.20269919406532944, 0.32886474554219547, 0.1062716063549905], [0.23798369424316862, -0.20809076310866184, 0.32824423596934893], [0.5465007705831573, 0.0, -0.08269977806430491]]	[[0.05126033031253176, 0.019535001089268166, 0.30620733106627795], [0.0672536613640637, -0.3406845716974319, -0.006215106957267159], [0.22014139705109403, 0.2129011634409046, -0.0005075145162805883]]	1.0000000000000007	[[0.0, 0.0, 0.0], [0.0, 0.0, 0.0], [0.0, 0.0, 0.0]]
2	[[-0.8305561570912853, 0.32773595720904825, 0.4502950280316503], [-0.5100865793185324, -0.772219296347621, -0.37879947194723407], [0.22358030216652452, -0.5443036842615101, 0.808545204538665]]	0.17890433917751913	0.8210956608224809	[[-0.14859010043423615, 0.05863338484919647, 0.08055973442492484], [-0.09125670239630322, -0.13815338291319987, -0.06776886920951311], [0.03999948621221214, -0.09737829094469448, 0.14465224551314187]]	0.5060967180216094	0.6756918783854382	[[-0.35900032576263435, 0.1357194385036774, 0.3876923818107651], [-0.3560035405533429, -0.60706639856615, -0.05465824277370344], [0.30597672925198083, -0.24230309513353143, 0.2503116658673171]]	[[0.06134141947390532, -0.03014665381749254, 0.15979954598249835], [-0.09785039685336433, -0.21624874709166236, 0.1370509267671104], [0.19282347211122305, 0.033167213078289126, -0.15889040852181202]]	0.6889391510898468	[[-0.5824705560154169, 0.5824705560154168, 0.0], [-0.7071067811865475, -0.7071067811865476, 0.0], [0.0, 0.0, 0.82373776]]
2	[[0.8787972042104137, -0.3840163418041313, 0.28327887866788265], [-0.395223040501579, -0.9183905790867732, -0.018907472103605397], [0.2674214316928388, -0.09534250611366366, -0.9588511794847616]]	0.5334505138903763	0.46654948610962377	[[0.4687948201914711, -0.20485371487771625, 0.15111526339967157], [-0.21083193405688438, -0.48991592636591935, -0.010086200710036252], [0.142656100161845, -0.05086050888193022, -0.5114996544405395]]	0.783969056121596	0.37869100944084294	[[0.539288982262466, -0.2312107140534935, 0.22881750962056255], [-0.3513304906586945, -0.841241037370135, -0.014822873058708932], [0.20291449289880215, -0.07474557452619639, -0.6235641268140336]]	[[-0.14966083244466957, 0.06984621496595947, 0.006735634492118499], [-0.041487856639164336, -0.12125124193251154, 0.0], [-0.006735634492118499, 0.0, 0.128145527327714]]	0.5151880159414807	[[0.9076, 0.0, 0.0], [0.0, -1.0, 0.0], [0.0, 0.0, -0.9076]]
2	[[0.22433838825039393, -0.7661379269479729, -0.6022499185961573], [-0.9416906372873723, -0.011392912655017143, -0.3362869982418849], [0.2507808429735371, 0.642575192824231, -0.724020780340167]]	0.13482886804715902	0.8651711319528409	[[0.03024729094732468, -0.10329750945839218, -0.0812006748058136], [-0.12696708267606419, -0.0015360935170361106, -0.045341195311930295], [0.033812497186034324, 0.086637685883676, -0.09761890225588547]]	0.39047375350179314	0.869937306667988	[[0.017659972315231084, -0.2968605585195928, 0.1003772476205701], [-0.4531455860808347, -0.12169834129484888, -0.13131124645735973], [0.2644446290302089, 0.04294813713956357, -0.3139766894162461]]	[[-0.06993828019944279, 0.0022961935158647973, 0.335540033880961], [-0.08544010830173873, -0.11724970792712625, 0.0], [0.16652129196798804, -0.20796061030965243, -0.0312655777035237]]	0.9692411772091547	[[0.5824705560154169, -0.5824705560154168, 0.0], [-0.7071067811865475, -0.7071067811865476, 0.0], [0.0, 0.0, -0.82373776]]
2	[[-0.42203838922340475, -0.825029846081567, 0.3757783270710803], [0.2588054115689476, 0.28760896992378115, 0.9221175843470338], [-0.8688517462515349, 0.4864224845687207, 0.09214016247897017]]	0.10398365325251789	0.8960163467474822	[[-0.04388509352425773, -0.08578961743792389, 0.039074803261970464], [0.02691153217646064, 0.029906631400868237, 0.09588515514879138], [-0.09034637871006429, 0.05057998696962209, 0.009581070705843908]]	0.3311392268686225	1.122865158395268	[[-0.22273037906231669, -0.4303390474155187, 0.27050796887313655], [0.186432819475202, 0.018641284380344635, 0.013853360901184525], [0.145907903558996, 0.1610735654716006, -0.08683585376809172]]	[[-0.08297691314599974, -0.15713930204052995, 0.14607302417283474], [0.10073219557884505, -0.07659732756069718, -0.29149594306145404], [0.43361879907618184, 0.0, -0.11734707593492719]]	1.0000000000000002	[[0.0, 0.0, 0.0], [0.0, 0.0, 0.0], [0.0, 0.0, 0.0]]
2	[[0.8489524140446696, -0.5135124485683378, 0.12483895166604869], [0.522794976890395, 0.7815435453534784, -0.34040431673891397], [0.0772347773085365, 0.35425224329800037, 0.9319550081910795]]	0.20540225546797175	0.7945977445320282	[[0.17437674062975456, -0.10547661514681743, 0.025642202242463524], [0.1073832674006133, 0.16053080696203945, -0.06991981442920679], [0.015864197459739937, 0.07276420977799795, 0.1914256606771198]]	0.0	0.4593598723310509	[[0.6417701146049105, -0.6417701146049103, 0.0], [0.7071067811865474, 0.7071067811865474, 0.0], [0.0, 0.0, 0.9075999999999997]]	[[0.6417701146049104, -0.6417701146049103, 0.0], [0.7071067811865474, 0.7071067811865475, 0.0], [0.0, 0.0, 0.9075999999999999]]	0.459359872331051	[[0.6417701146049105, -0.6417701146049104, 0.0], [0.7071067811865475, 0.7071067811865476, 0.0], [0.0, 0.0, 0.9076]]
2	[[-0.5446221603179724, 0.8109226453022452, -0.2139887049042392], [-0.8354447797583356, -0.5021691245819775, 0.22328947644507607], [0.07361197229480154, 0.30038414347728, 0.9509735242804028]]	0.228116605071868	0.771883394928132	[[-0.12423735825864249, 0.18498492082224677, -0.04881437688648085], [-0.19057882688348599, -0.1145531158715527, 0.050936037314925596], [0.016792113212534522, 0.06852261102745802, 0.21693285187207517]]	0.5828281887819197	0.580462729523367	[[-0.32336859584304395, 0.5138138699294627, 0.1312300026245003], [-0.6035523295907297, -0.4127692552938901, 0.1301394011305468], [0.16859599408693554, 0.01699125541488961, 0.49600937634437026]]	[[-0.0059474485744238845, 0.041185293325711886, 0.2559486519236267], [-0.1166315617768691, -0.12009093395157398, 0.0], [0.12569286160169152, -0.1580810908667818, -0.058244800391535845]]	0.44591147612108356	[[-0.5824705560154169, 0.5824705560154168, 0.0], [-0.7071067811865475, -0.7071067811865476, 0.0], [0.0, 0.0, 0.82373776]]
2	[[0.08740825448676931, -0.06334395238859675, -0.994156597696443], [0.7119981850616444, -0.6940087028176986, 0.10681996481098455], [-0.6967197295301035, -0.717174639895393, -0.015561310176609944]]	0.14458566524869232	0.8554143347513076	[[0.01263798062319654, -0.009158627495586765, -0.14374079303931678], [0.10294473124299938, -0.10034370998527894, 0.015444635674038105], [-0.10073568558599903, -0.10369317240876676, -0.002249942384026416]]	0.4312217262076317	1.0222738431940313	[[0.05761750864699904, -0.014337335715510283, -0.0011238661907353557], [0.6354254191216027, -0.636101736783331, 0.03762931637068675], [0.0068150844328378965, -0.01183036651107995, 0.021468070981295023]]	[[0.01992517026241838, 0.012977952778314428, 0.4275780579886308], [0.3283963327026194, -0.33683010595116397, -0.00843377324854447], [0.3072557688837234, 0.29743091969694807, 0.028178446017705153]]	0.8417546869520143	[[0.0, 0.0, -0.82373776], [0.0, -1.0, 0.0], [-0.82373776, 0.0, 0.0]]
2	[[-0.3195682178843842, -0.5708200961323295, -0.7563336379995778], [0.910087742671785, 0.03735879733279218, -0.41272826520656647], [0.2638493031197415, -0.8202248094963509, 0.507557688474819]]	0.1107261853104931	0.8892738146895068	[[-0.0353845697128104, -0.06320473174330181, -0.08374593855770066], [0.10077054404388447, 0.004136597116447951, -0.045699826376140625], [0.029215026831280994, -0.09082036425255685, 0.0561999266698283]]	0.3516919748977332	1.0802570801062792	[[-0.049176866584094855, -0.2639655579983061, 0.17864305623692506], [0.5345515526000932, -0.2268841954017875, -0.14515321868661274], [0.2272969671070963, -0.04857767596144389, 0.08910769251305625]]	[[0.06321271107821329, -0.06321271107821327, 0.44463952706658383], [0.21448099704963314, -0.24002298461556143, 0.0], [0.13450328461752378, 0.2398888071504447, -0.08939627332118122]]	0.9541732726186436	[[1.6447857011691128e-16, -0.82373776, 0.0], [1.0, 1.7938038903913487e-16, 0.0], [0.0, 0.0, 0.82373776]]
