2	[[0.04673222253661188, -0.9725397674033924, -0.22799671093185395], [-0.8377629715199755, -0.16246744520517667, 0.5213036857710898], [-0.5440306084466285, 0.16664552219444034, -0.8223502702654952]]	0.17867257484785856	0.8213274251521414	[[0.008349766528979556, -0.17376618438390157, -0.04073675939903722], [-0.14968526723366718, -0.029028476763762235, 0.09314267181439957], [-0.09720334960720628, 0.029774984537346616, -0.1469314402151684]]	0.46942032568008035	0.8817723817410711	[[-0.06236673875461159, -0.5726168830775631, 0.10533406703902404], [-0.3034336652194008, -0.1943337602220181, 0.0], [0.0744824330932523, 0.07448243309325228, -0.5052515003522]]	[[-0.0843037938775019, -0.11608694872623312, 0.21236035733864203], [0.08982930171421791, -0.11806823918139342, -0.24471054595289124], [0.329861458490201, -0.003744362208388965, -0.11922356866106908]]	0.8810414627340338	[[0.6381638700208592, -0.6381638700208591, 0.0], [-0.7071067811865475, -0.7071067811865476, 0.0], [0.0, 0.0, -0.9025]]
2	[[0.8787972042104137, -0.3840163418041313, 0.28327887866788265], [-0.395223040501579, -0.9183905790867732, -0.018907472103605397], [0.2674214316928388, -0.09534250611366366, -0.9588511794847616]]	0.5898807743903008	0.41011922560969916	[[0.5183855753516702, -0.2265238570819514, 0.16710076431702672], [-0.23313447318796063, -0.5417409459844627, -0.011153154286237761], [0.15774676121553466, -0.05624071133863991, -0.5656078762795246]]	0.8176530402900329	0.32974855433141	[[0.582659261327241, -0.25217159857567967, 0.23839669142143954], [-0.34798005071029614, -0.8462149398359797, -0.01545975204971194], [0.2118850916336691, -0.07795708999270815, -0.678251676815351]]	[[-0.13589194449378478, 0.06182053082152478, 0.006772855028693895], [-0.024824730051509165, -0.09529009067195582, 0.0], [-0.006772855028693895, 0.0, 0.1057559052760484]]	0.4911821515210571	[[0.6381638700208592, -0.6381638700208591, 0.0], [-0.7071067811865475, -0.7071067811865476, 0.0], [0.0, 0.0, -0.9025]]
2	[[0.8489524140446696, -0.5135124485683378, 0.12483895166604869], [0.522794976890395, 0.7815435453534784, -0.34040431673891397], [0.0772347773085365, 0.35425224329800037, 0.9319550081910795]]	0.21441629798816347	0.7855837020118365	[[0.18202923378757263, -0.11010543819286016, 0.02676750586095747], [0.11209576355164597, 0.16757567371123733, -0.07298823341434817], [0.01656039502643661, 0.07595745456195943, 0.19982634274785982]]	0.0	0.4434853311720499	[[0.6717514421272203, -0.6717514421272202, 0.0], [0.7071067811865476, 0.7071067811865477, 0.0], [0.0, 0.0, 0.9500000000000004]]	[[0.6717514421272203, -0.6717514421272202, 0.0], [0.7071067811865476, 0.7071067811865477, 0.0], [0.0, 0.0, 0.9500000000000002]]	0.44348533117204986	[[0.6717514421272202, -0.67175144212722, 0.0], [0.7071067811865475, 0.7071067811865476, 0.0], [0.0, 0.0, 0.95]]
2	[[-0.30792515101507295, 0.09349718223056193, 0.9468053539599837], [0.3027085282091916, -0.9338174967034747, 0.1906631317268273], [0.9019698710720718, 0.34531602882779927, 0.2592434992682147]]	0.5727887342299572	0.4272112657700429	[[-0.17637605748749205, 0.053554132663911215, 0.5423194402568856], [0.17338803471355618, -0.5348801419385704, 0.10920969388612903], [0.5166381807649298, 0.19779313106159058, 0.14849175580318555]]	0.79052091312661	0.3018170565288816	[[-0.1041007453612937, 0.13602768167552426, 0.7591113985866792], [0.3024704071204506, -0.8122810644526218, 0.15072319299227066], [0.7023840804715151, 0.27297954242620665, 0.1041007453612937]]	[[0.139320526193791, 0.062116203803855366, 0.010641965621069827], [0.06317298498930828, -0.07407880426498596, 0.0], [-0.010641965621069827, 0.0, -0.10083666240235302]]	0.47531246422739604	[[0.0, 0.0, 0.95], [0.0, -1.0, 0.0], [0.95, 0.0, 0.0]]
2	[[0.034229894132735264, 0.2773841392786001, 0.9601491309293217], [-0.1827544195208179, -0.9427759796974285, 0.2788803941677556], [0.9825625356654255, -0.18501754344446375, 0.018422055382213542]]	0.8041977737766123	0.19580222622338783	[[0.02752760465815482, 0.22307170728879197, 0.7721497935869094], [-0.1469706973264788, -0.7581783440427367, 0.22427499213965318], [0.7901746037784384, -0.1487906965476554, 0.014814975926765582]]	0.8914170626742799	0.16011559045402396	[[0.0, 0.22436036448033564, 0.8280912839112358], [-0.1827454793578669, -0.8213313735424734, 0.2485987418064661], [0.8527090601867697, -0.16492779512047487, 0.0]]	[[-0.03051311168345444, -0.022904590187827416, -0.027802034111042834], [-0.019835071517876276, 0.019075221039275093, 0.0], [-0.023163949249896346, 0.0, -0.016421734497235697]]	0.360060423248152	[[0.0, 0.0, 0.95], [0.0, -1.0, 0.0], [0.95, 0.0, 0.0]]
2	[[0.08740825448676931, -0.06334395238859675, -0.994156597696443], [0.7119981850616444, -0.6940087028176986, 0.10681996481098455], [-0.6967197295301035, -0.717174639895393, -0.015561310176609944]]	0.15786929552705262	0.8421307044729476	[[0.013799079559075608, -0.010000065139486928, -0.15694680172190903], [0.1124026518922219, -0.10956266500347372, 0.01686359259293468], [-0.1099906528807161, -0.11321985517015334, -0.002456653075059354]]	0.45229108668610296	1.0256839554747819	[[0.06177805787287018, -0.015236687705930098, -0.00014147695212602535], [0.6350637341716251, -0.6367121448961669, 0.038528824766555045], [0.00897347108971235, -0.012766833168883631, 0.0244196426297332]]	[[0.022244083465713868, 0.01341321735490113, 0.4495066909561572], [0.3130333013315607, -0.3228181945291372, -0.009784893197576439], [0.32409359467453064, 0.31160486405311827, 0.031457884519771676]]	0.8149418137123138	[[0.0, 0.0, -0.9025], [0.0, -1.0, 0.0], [-0.9025, 0.0, 0.0]]
2	[[-0.3195682178843842, -0.5708200961323295, -0.7563336379995778], [0.910087742671785, 0.03735879733279218, -0.41272826520656647], [0.2638493031197415, -0.8202248094963509, 0.507557688474819]]	0.11762308867869845	0.8823769113213014	[[-0.03758860083110856, -0.06714162278695618, -0.08896229857310695], [0.10704733126167984, 0.004394257131604452, -0.04854637333859734], [0.031034769978666124, -0.09647737550385782, 0.059700503001028825]]	0.36879466797098315	1.074796909702163	[[-0.19049414229332254, -0.2831544953088595, 0.1880038165757597], [0.5405216353589708, -0.0773060791462467, -0.15221198352909557], [0.2521484370979538, -0.04494571784572633, 0.08445738651810264]]	[[-0.0726390874845723, -0.07263908748457229, 0.4669356294770997], [0.20488612847586812, -0.09108380440438907, 0.0], [0.15484222095953343, 0.2575488184340433, -0.1027271826790879]]	0.9738117051349183	[[1.802052992332322e-16, -0.9025, 0.0], [1.0, 1.7938038903913487e-16, 0.0], [0.0, 0.0, 0.9025]]
2	[[-0.5446221603179724, 0.8109226453022452, -0.2139887049042392], [-0.8354447797583356, -0.5021691245819775, 0.22328947644507607], [0.07361197229480154, 0.30038414347728, 0.9509735242804028]]	0.24150896627412685	0.7584910337258731	[[-0.13153113494837523, 0.19584508979522566, -0.051680190915761974], [-0.2017674051385512, -0.12127834617257655, 0.053926410636141314], [0.017777951334317192, 0.07254546397633689, 0.2296686328030233]]	0.598512000924158	0.5806560378944042	[[-0.3665349599037618, 0.5329638613620962, 0.13784434502514403], [-0.6101800455918389, -0.38649454860855775, 0.1336414313324501], [0.18275580412974074, 0.0121855381012542, 0.5018285638320372]]	[[-0.040572060984214654, 0.04761692632753807, 0.2659191529725494], [-0.11015631879703498, -0.08594030105266577, 0.0], [0.13869815529960539, -0.167597976657222, -0.06734050301092484]]	0.41199915050129804	[[-0.6381638700208592, 0.6381638700208591, 0.0], [-0.7071067811865475, -0.7071067811865476, 0.0], [0.0, 0.0, 0.9025]]
2	[[-0.42203838922340475, -0.825029846081567, 0.3757783270710803], [0.2588054115689476, 0.28760896992378115, 0.9221175843470338], [-0.8688517462515349, 0.4864224845687207, 0.09214016247897017]]	0.10789131224085924	0.8921086877591409	[[-0.045534275629331655, -0.08901355273161435, 0.040543216819373645], [0.02792285546920941, 0.03103050917731858, 0.09948847621557268], [-0.09374155504584016, 0.052480760163578374, 0.009941123039942067]]	0.344814911068782	1.1371177104121766	[[-0.23142178020306126, -0.4611403087193425, 0.293607947754942], [0.1844163090799514, 0.01259310596417023, 0.027040927446549918], [0.1702352969669031, 0.16772572575841943, -0.089704906246793]]	[[-0.08589665055538094, -0.17665771571363603, 0.16403397732435182], [0.09517634410568525, -0.0865787554226824, -0.29091896539503265], [0.4698283345825821, 0.0, -0.12147620817784217]]	1.0000000000000002	[[0.0, 0.0, 0.0], [0.0, 0.0, 0.0], [0.0, 0.0, 0.0]]
2	[[0.22433838825039393, -0.7661379269479729, -0.6022499185961573], [-0.9416906372873723, -0.011392912655017143, -0.3362869982418849], [0.2507808429735371, 0.642575192824231, -0.724020780340167]]	0.14377467019263004	0.85622532980737	[[0.03225417778224657, -0.11015122776901008, -0.08658828341970078], [-0.13539126079947958, -0.0016380122595084784, -0.04834955226229656], [0.03605593298915005, 0.09238603642226947, -0.10409584890601815]]	0.4094395631901099	0.8687846503341061	[[0.019402628359966312, -0.31431357535101123, 0.1108587553822185], [-0.47194403397222406, -0.12615360365933187, -0.1376892016666706], [0.28477370940233554, 0.03961182812468798, -0.32582628622024756]]	[[-0.07245038333204828, -0.0006263971980569327, 0.35744369898350836], [-0.08637863078106622, -0.12148889447839852, 0.0], [0.18209411059880298, -0.22348387814206577, -0.029383534177207113]]	0.9582173162129769	[[0.6381638700208592, -0.6381638700208591, 0.0], [-0.7071067811865475, -0.7071067811865476, 0.0], [0.0, 0.0, -0.9025]]
2	[[0.3802729664721569, 0.7767473726770865, -0.5020517802076895], [0.4287143634067757, 0.332951791095048, 0.839849450446521], [0.8195098935212374, -0.5346088512602871, -0.20639019011321075]]	0.1259290653947164	0.874070934605284	[[0.047887419262715045, 0.09781507068902698, -0.06322291146130789], [0.053987599105106074, 0.04192830787409624, 0.10576145636699659], [0.10320011497285302, -0.06732279299095092, -0.02599052374759446]]	0.41573376110070126	0.8665773472871747	[[0.02658426950468413, 0.31495767077713416, 0.1246907021471762], [0.27878162461007544, -0.1413388622272062, 0.3279963030976004], [0.5899567416730069, 0.0, -0.07006009188860797]]	[[-0.13150804109170655, -0.007962435890999073, 0.3334105770002215], [0.1005505898730837, -0.27975816260436553, -0.021157467694888826], [0.2492588113801877, 0.22225494845216456, 0.015743278101445934]]	1.0000000000000007	[[0.0, 0.0, 0.0], [0.0, 0.0, 0.0], [0.0, 0.0, 0.0]]
2	[[0.5319609947059123, -0.8460851799387872, 0.03402011756955908], [-0.703274286200726, -0.4190807785627857, 0.5742617690636116], [-0.47161719485230363, -0.3294103357928521, -0.8179645788128509]]	0.1530053359667633	0.8469946640332368	[[0.08139287071619171, -0.12945554721303354, 0.005205259518359151], [-0.10760471843692775, -0.06412159532121176, 0.08786511490844573], [-0.0721599473460792, -0.05040153909890964, -0.12515294519017228]]	0.46397595307397804	0.8135350006645818	[[0.2175423010867436, -0.5218765843290841, 0.22981422052341421], [-0.38263336852524565, -0.3991579694328924, 0.0019541655706017333], [0.14342828762536725, -0.15283847450190763, -0.3408031800132346]]	[[-0.02927480843011341, -0.12931340658521717, 0.21402970405038932], [-0.05633101131284217, -0.20471456578423924, -0.2644894860446361], [0.3622473250930408, 0.0, 0.03871271502221285]]	0.6780188621740808	[[0.6381638700208592, -0.6381638700208591, 0.0], [-0.7071067811865475, -0.7071067811865476, 0.0], [0.0, 0.0, -0.9025]]
2	[[0.8592155572171323, 0.2624339665249735, -0.4391776855101157], [-0.4266000482917053, 0.8413623931712975, -0.33184593135155627], [0.2824199444684594, 0.4724804086637203, 0.8348660002631537]]	0.170968997469629	0.829031002530371	[[0.14689922242772177, 0.04486807215875291, -0.07508576860269646], [-0.07293538257692822, 0.1438468848691447, -0.056735366197550915], [0.04828505477120082, 0.08077950179327688, 0.14273620308647042]]	0.0	0.6884537787414642	[[0.6717514421272199, 0.6717514421272199, 0.0], [-0.7071067811865474, 0.7071067811865474, 0.0], [0.0, 0.0, 0.9499999999999996]]	[[0.67175144212722, 0.6717514421272199, 0.0], [-0.7071067811865474, 0.7071067811865475, 0.0], [0.0, 0.0, 0.9499999999999996]]	0.6884537787414642	[[0.6717514421272202, 0.67175144212722, 0.0], [-0.7071067811865475, 0.7071067811865476, 0.0], [0.0, 0.0, 0.95]]
2	[[-0.8305561570912853, 0.32773595720904825, 0.4502950280316503], [-0.5100865793185324, -0.772219296347621, -0.37879947194723407], [0.22358030216652452, -0.5443036842615101, 0.808545204538665]]	0.18946490011801506	0.8105350998819849	[[-0.15736123934570276, 0.06209446039769441, 0.0853151025096554], [-0.09664350280212572, -0.14630845185170593, -0.07176920411723955], [0.042360619618336176, -0.10312644317247462, 0.1531909364188182]]	0.5272672314182941	0.6517439983484519	[[-0.38977112524782104, 0.15580735501040663, 0.4117754616768335], [-0.35246230411432744, -0.6017744717974021, -0.06069029603171145], [0.32989957546621884, -0.25243886708960167, 0.27204572462071736]]	[[0.048153920239118714, -0.01699707578343275, 0.17434964892516208], [-0.08351036565341675, -0.1946085413644086, 0.13903825280461843], [0.21201300854320984, 0.03455462956174209, -0.1542736668529229]]	0.6813800204789405	[[-0.6381638700208592, 0.6381638700208591, 0.0], [-0.7071067811865475, -0.7071067811865476, 0.0], [0.0, 0.0, 0.9025]]
