2	[[-0.3195682178843842, -0.5708200961323295, -0.7563336379995778], [0.910087742671785, 0.03735879733279218, -0.41272826520656647], [0.2638493031197415, -0.8202248094963509, 0.507557688474819]]	0.12348375623155457	0.8765162437684454	[[-0.03946148391658761, -0.07048700960287713, -0.09339491858446466], [0.11238105296540843, 0.0046132046229465755, -0.050965236490640047], [0.03258110302830369, -0.10128444043092068, 0.0626751298770758]]	0.38297824780093637	1.0854014374406973	[[-0.20375686905272608, -0.2999808731408183, 0.19586361405293345], [0.5454727354599487, -0.0805401217582352, -0.15806594782673095], [0.27474057694180276, -0.04107247567307177, 0.07931013801094547]]	[[-0.08136919291449683, -0.08136919291449682, 0.48552294548691943], [0.1969289264263991, -0.09484772850069835, 0.0], [0.173692033149506, 0.2730557846706975, -0.11507341617903415]]	0.9962180255445934	[[1.9435806634605195e-16, -0.9733795599999998, 0.0], [1.0, 1.7938038903913487e-16, 0.0], [0.0, 0.0, 0.9733795599999998]]
2	[[-0.8305561570912853, 0.32773595720904825, 0.4502950280316503], [-0.5100865793185324, -0.772219296347621, -0.37879947194723407], [0.22358030216652452, -0.5443036842615101, 0.808545204538665]]	0.19846829421819515	0.8015317057818048	[[-0.16483906375032673, 0.06504519638124724, 0.089369286108376], [-0.10123601330094321, -0.1532610465084872, -0.0751796850481206], [0.044373601191778744, -0.10802702375206098, 0.16047058754309057]]	0.5447151838114758	0.6312015438198297	[[-0.41785056992839004, 0.1745100194431679, 0.4327142096155193], [-0.3494696778013715, -0.5969949301523408, -0.06564558246504013], [0.35115790924671425, -0.26079239462310744, 0.2916946183381077]]	[[0.03456597984734238, -0.004012732729588766, 0.18743167065186525], [-0.07161777298811017, -0.17635535419957785, 0.14069224152438742], [0.22937032385545053, 0.035698086798664506, -0.14873223137205843]]	0.6809418279109236	[[-0.6882832875443778, 0.6882832875443777, 0.0], [-0.7071067811865475, -0.7071067811865476, 0.0], [0.0, 0.0, 0.9733795599999998]]
2	[[0.5319609947059123, -0.8460851799387872, 0.03402011756955908], [-0.703274286200726, -0.4190807785627857, 0.5742617690636116], [-0.47161719485230363, -0.3294103357928521, -0.8179645788128509]]	0.15969449398864186	0.8403055060113583	[[0.08495124187125523, -0.13511514468161362, 0.005432825460704865], [-0.11230903127004822, -0.06692489287295018, 0.09170644262763576], [-0.07531466928828141, -0.052605016889068115, -0.1306244395141508]]	0.47735885826077057	0.8104422863316542	[[0.28637399814229053, -0.5574210761198599, 0.23906824668673216], [-0.3736148464566033, -0.4622992073760226, 0.01184489023439616], [0.16839430685939122, -0.1572469417933729, -0.36700707027116597]]	[[0.03243770507021245, -0.15353482063292173, 0.22282844220583028], [-0.03790063615166641, -0.2622472854022564, -0.2622840521886198], [0.39352495253023423, 0.0, 0.023455567168688636]]	0.6525192236991784	[[0.6882832875443778, -0.6882832875443777, 0.0], [-0.7071067811865475, -0.7071067811865476, 0.0], [0.0, 0.0, -0.9733795599999998]]
2	[[-0.5446221603179724, 0.8109226453022452, -0.2139887049042392], [-0.8354447797583356, -0.5021691245819775, 0.22328947644507607], [0.07361197229480154, 0.30038414347728, 0.9509735242804028]]	0.2529510360669611	0.7470489639330388	[[-0.13776273971745764, 0.20512372329936376, -0.054128664612154494], [-0.21132662261660512, -0.12702420034385, 0.056481304409631304], [0.0186202246589025, 0.07598248031066467, 0.24054973823897735]]	0.6110343679143433	0.5836193896886164	[[-0.38628685242073585, 0.549005600938384, 0.1435608561082084], [-0.6154717878876487, -0.38563278580182986, 0.13643754410154177], [0.19542053626575054, 0.007605173468370147, 0.5054114310285014]]	[[-0.053503994938699395, 0.05350399493869938, 0.27431530915017915], [-0.10498631496067612, -0.07879019217678206, 0.0], [0.15044109130366828, -0.17593986177276105, -0.07566607528345011]]	0.38770336644377984	[[-0.6882832875443778, 0.6882832875443777, 0.0], [-0.7071067811865475, -0.7071067811865476, 0.0], [0.0, 0.0, 0.9733795599999998]]
2	[[0.8787972042104137, -0.3840163418041313, 0.28327887866788265], [-0.395223040501579, -0.9183905790867732, -0.018907472103605397], [0.2674214316928388, -0.09534250611366366, -0.9588511794847616]]	0.6456734211379183	0.35432657886208185	[[0.5674159973289757, -0.24794914518554165, 0.18290564272560503], [-0.2551850126731845, -0.5929803871397906, -0.012208052198204648], [0.17266691068671533, -0.061560122102272095, -0.6191047214200542]]	0.845728704205892	0.28639237258047545	[[0.6211755248689308, -0.2711631507299204, 0.24634775671057887], [-0.3454275633144992, -0.8502956984297495, -0.015990591881991242], [0.2193953031765766, -0.08063389415125109, -0.7270477805066811]]	[[-0.12204849590770311, 0.05361049241797441, 0.006770677725892375], [-0.011176093398786115, -0.07358642402379394, 0.0], [-0.006770677725892375, 0.0, 0.08388018504525768]]	0.47328499281446834	[[0.6882832875443778, -0.6882832875443777, 0.0], [-0.7071067811865475, -0.7071067811865476, 0.0], [0.0, 0.0, -0.9733795599999998]]
2	[[0.3802729664721569, 0.7767473726770865, -0.5020517802076895], [0.4287143634067757, 0.332951791095048, 0.839849450446521], [0.8195098935212374, -0.5346088512602871, -0.20639019011321075]]	0.12933710404022686	0.8706628959597734	[[0.049183404228295036, 0.10046225575290917, -0.06493392333030304], [0.05544867422348179, 0.04306302044524017, 0.10862369575052903], [0.10599303636035151, -0.06914476061627792, -0.026693909491554535]]	0.43012553340688053	0.9425584989279412	[[0.14133390130197124, 0.3237721711414079, 0.14180950585225652], [0.2873625577289358, -0.2597510330095277, 0.32779236556938496], [0.6284848967291201, 0.0, -0.05733401016585851]]	[[-0.02223121124208207, -0.010326706853716908, 0.35775479561196294], [0.10296156348940522, -0.4029620997530615, -0.03344832728540036], [0.275992766646082, 0.22994891731237063, 0.0314396804465337]]	1.0000000000000007	[[0.0, 0.0, 0.0], [0.0, 0.0, 0.0], [0.0, 0.0, 0.0]]
2	[[0.8592155572171323, 0.2624339665249735, -0.4391776855101157], [-0.4266000482917053, 0.8413623931712975, -0.33184593135155627], [0.2824199444684594, 0.4724804086637203, 0.8348660002631537]]	0.17842878176334867	0.8215712182366515	[[0.1533087851463697, 0.04682577294037443, -0.07836193940321703], [-0.07611772691687471, 0.15012326683505023, -0.05921086526418202], [0.0503918466371798, 0.08430410372491674, 0.14896412336259407]]	0.0	0.6889222465561539	[[0.6976315503186478, 0.6976315503186477, 0.0], [-0.7071067811865475, 0.7071067811865476, 0.0], [0.0, 0.0, 0.9865999999999999]]	[[0.6976315503186478, 0.6976315503186477, 0.0], [-0.7071067811865475, 0.7071067811865476, 0.0], [0.0, 0.0, 0.9865999999999999]]	0.6889222465561539	[[0.6976315503186478, 0.6976315503186477, 0.0], [-0.7071067811865475, 0.7071067811865476, 0.0], [0.0, 0.0, 0.9865999999999999]]
2	[[0.8489524140446696, -0.5135124485683378, 0.12483895166604869], [0.522794976890395, 0.7815435453534784, -0.34040431673891397], [0.0772347773085365, 0.35425224329800037, 0.9319550081910795]]	0.22161438691994867	0.7783856130800515	[[0.1881400687627199, -0.11380174646523385, 0.027666107737200518], [0.11585888828839362, 0.17320129365475415, -0.07543849395899845], [0.017116337822130095, 0.07850739371350285, 0.2065346377772418]]	0.0	0.4311664303223063	[[0.6976315503186479, -0.6976315503186478, 0.0], [0.7071067811865476, 0.7071067811865479, 0.0], [0.0, 0.0, 0.9866000000000001]]	[[0.6976315503186479, -0.6976315503186478, 0.0], [0.7071067811865476, 0.7071067811865477, 0.0], [0.0, 0.0, 0.9866000000000001]]	0.4311664303223062	[[0.6976315503186478, -0.6976315503186477, 0.0], [0.7071067811865475, 0.7071067811865476, 0.0], [0.0, 0.0, 0.9865999999999999]]
2	[[0.034229894132735264, 0.2773841392786001, 0.9601491309293217], [-0.1827544195208179, -0.9427759796974285, 0.2788803941677556], [0.9825625356654255, -0.18501754344446375, 0.018422055382213542]]	0.8266712339719836	0.1733287660280162	[[0.02829686882143862, 0.22930548870169692, 0.7937276668624701], [-0.15107782149910812, -0.7793657824956194, 0.23054239957725173], [0.8122561838131787, -0.15294868094569994, 0.015228983255114698]]	0.9222495093898486	0.12600524657121634	[[0.0, 0.2503506012285003, 0.8748152097725275], [-0.1752988717681433, -0.8208542172041012, 0.25719730669966023], [0.9078355952930064, -0.1706323386701717, 0.0]]	[[-0.03156850307038156, -0.005466785133714112, -0.010681855168129101], [-0.0067536980262424, 0.0486204675363863, 0.0], [0.0016677788307220371, 0.0, -0.016989731538199063]]	0.34402358532572075	[[0.0, 0.0, 0.9865999999999999], [0.0, -1.0, 0.0], [0.9865999999999999, 0.0, 0.0]]
2	[[0.04673222253661188, -0.9725397674033924, -0.22799671093185395], [-0.8377629715199755, -0.16246744520517667, 0.5213036857710898], [-0.5440306084466285, 0.16664552219444034, -0.8223502702654952]]	0.18467433156211116	0.8153256684378887	[[0.008630241959360616, -0.1796031314627926, -0.04210514018970003], [-0.15471331677293942, -0.030003566843869928, 0.09627140971064084], [-0.1004684889642098, 0.03077515041907723, -0.1518669864712018]]	0.4838169909898322	0.8989823337485321	[[-0.07744730481861146, -0.6038349114236679, 0.11910155744277268], [-0.30248179672435543, -0.20428926885796966, 0.005218176690638693], [0.08780910272528393, 0.08062593511004343, -0.5393692091670012]]	[[-0.10005714810854219, -0.13330364754060708, 0.22941024008140082], [0.10284216331913958, -0.12568475838499565, -0.24699740395103897], [0.35102035471029935, 0.0, -0.14150217586747385]]	0.8694128923001428	[[0.6882832875443778, -0.6882832875443777, 0.0], [-0.7071067811865475, -0.7071067811865476, 0.0], [0.0, 0.0, -0.9733795599999998]]
2	[[-0.30792515101507295, 0.09349718223056193, 0.9468053539599837], [0.3027085282091916, -0.9338174967034747, 0.1906631317268273], [0.9019698710720718, 0.34531602882779927, 0.2592434992682147]]	0.6278220687683992	0.3721779312316009	[[-0.1933222053361048, 0.05869959437200742, 0.5944252960441533], [0.19004709441413198, -0.5862712326325034, 0.11970252179859854], [0.5662765904232344, 0.2167970235975571, 0.16275879002532953]]	0.819399264977967	0.26725614843052936	[[-0.1307056187096694, 0.15207033915202192, 0.7845489476557008], [0.29068999579835975, -0.8148799953909579, 0.15622922999535963], [0.730336112845041, 0.2829517002066092, 0.1307056187096694]]	[[0.12160802370031087, 0.07545881675478844, 0.008737336543686391], [0.042650850281185954, -0.049710624968565605, 0.0], [-0.008737336543686391, 0.0, -0.08171831404102184]]	0.4683187056108732	[[0.0, 0.0, 0.9865999999999999], [0.0, -1.0, 0.0], [0.9865999999999999, 0.0, 0.0]]
2	[[0.08740825448676931, -0.06334395238859675, -0.994156597696443], [0.7119981850616444, -0.6940087028176986, 0.10681996481098455], [-0.6967197295301035, -0.717174639895393, -0.015561310176609944]]	0.16974660176072137	0.8302533982392787	[[0.0148372541649654, -0.01075242066005722, -0.1687547040769718], [0.12085927237401534, -0.11780561889567064, 0.01813232602686446], [-0.11826580646738405, -0.12173795799121202, -0.0026414795214240692]]	0.4697713074625357	1.028863489991442	[[0.06542318658432561, -0.01601140769763599, 0.0008226186083649216], [0.634763661809031, -0.6372185707360493, 0.03927510301102757], [0.011026480893848256, -0.013595279769627499, 0.027141819008571474]]	[[0.02436129659105794, 0.013745763635799733, 0.4678488633307291], [0.3002873435016698, -0.3111931950230005, -0.010905851521330692], [0.33832541917014924, 0.3233127884930045, 0.03445207603606758]]	0.7923891773336065	[[0.0, 0.0, -0.9733795599999998], [0.0, -1.0, 0.0], [-0.9733795599999998, 0.0, 0.0]]
2	[[-0.42203838922340475, -0.825029846081567, 0.3757783270710803], [0.2588054115689476, 0.28760896992378115, 0.9221175843470338], [-0.8688517462515349, 0.4864224845687207, 0.09214016247897017]]	0.11106665579733611	0.8889333442026639	[[-0.04687439250913805, -0.09163330593727056, 0.041736442108902455], [0.02874465156521621, 0.031943766466751, 0.10241651634534306], [-0.09650045783983371, 0.05402531866567914, 0.010233699711162413]]	0.3560122035990348	1.1520219083591217	[[-0.23846563503347779, -0.48822061163994307, 0.31422545489245385], [0.1827652431109337, 0.00764101566946479, 0.03783856200796438], [0.19276814098748035, 0.17317234061142778, -0.09195156985067082]]	[[-0.08821481808266637, -0.194499918101472, 0.18044378460711974], [0.09062735823491751, -0.09475128748794906, -0.29044655117284196], [0.5020899657713588, 0.0, -0.12475459213478213]]	1.0000000000000002	[[0.0, 0.0, 0.0], [0.0, 0.0, 0.0], [0.0, 0.0, 0.0]]
2	[[0.22433838825039393, -0.7661379269479729, -0.6022499185961573], [-0.9416906372873723, -0.011392912655017143, -0.3362869982418849], [0.2507808429735371, 0.642575192824231, -0.724020780340167]]	0.15130592435284948	0.8486940756471506	[[0.033943727202054255, -0.1159212072186389, -0.09112398062461988], [-0.14248337232918973, -0.0017238151803386503, -0.05088221511683346], [0.03794462725609782, 0.09722543351648076, -0.10954863342004033]]	0.4251666558075138	0.8487777043141537	[[0.1697875815496897, -0.32922209768279476, 0.12035575649086035], [-0.4875323445115547, -0.2827306178100248, -0.14297801843404948], [0.3027065372805304, 0.03606625913577367, -0.33516382792895827]]	[[0.07440637924802204, -0.0034857973950238735, 0.37641234034073595], [-0.08715688545083594, -0.2778867312365841, 0.0], [0.19608288493288237, -0.237135286702173, -0.027334334016582876]]	0.9513493828912504	[[0.6882832875443778, -0.6882832875443777, 0.0], [-0.7071067811865475, -0.7071067811865476, 0.0], [0.0, 0.0, -0.9733795599999998]]
