2	[[0.034229894132735264, 0.2773841392786001, 0.9601491309293217], [-0.1827544195208179, -0.9427759796974285, 0.2788803941677556], [0.9825625356654255, -0.18501754344446375, 0.018422055382213542]]	0.8245822751342495	0.17541772486575047	[[0.028225363981575345, 0.22872604465250362, 0.7917219548498725], [-0.15069605503931513, -0.7773963622808266, 0.22995982991318423], [0.8102036511206738, -0.15256218691318574, 0.015190500339714785]]	0.9159294330639066	0.1272628562337363	[[0.0, 0.24481914807690072, 0.865025119193954], [-0.17681110644678633, -0.8209578992901466, 0.2554347613227112], [0.8962386520716599, -0.16946301367396438, 0.0]]	[[-0.031352167526833744, -0.009245149353467189, -0.014403729954942473], [-0.009420954585160237, 0.042558369300388435, 0.0], [-0.0037192941702080097, 0.0, -0.01687330274210274]]	0.3472728587610312	[[0.0, 0.0, 0.9790000000000001], [0.0, -1.0, 0.0], [0.9790000000000001, 0.0, 0.0]]
2	[[0.8787972042104137, -0.3840163418041313, 0.28327887866788265], [-0.395223040501579, -0.9183905790867732, -0.018907472103605397], [0.2674214316928388, -0.09534250611366366, -0.9588511794847616]]	0.6334817339020107	0.3665182660979893	[[0.5567019766714523, -0.24326733805278827, 0.17945199523634764], [-0.25036657697496484, -0.5817836564391607, -0.011977538211895844], [0.16940659223133758, -0.0603977360874467, -0.6074147077339949]]	0.8399914543569511	0.2954793056256419	[[0.6130940259835468, -0.2671411041021022, 0.24472572143098575], [-0.34595544170948533, -0.8494970835431322, -0.01588211499052098], [0.21785783318374105, -0.08008689037245284, -0.7168305361158779]]	[[-0.12508811566598127, 0.05542934134678609, 0.006773884150144674], [-0.013971465123187792, -0.07805684534831109, 0.0], [-0.006773884150144674, 0.0, 0.08859626065140515]]	0.4765060225109265	[[0.677720130467216, -0.6777201304672159, 0.0], [-0.7071067811865475, -0.7071067811865476, 0.0], [0.0, 0.0, -0.9584410000000002]]
2	[[0.8592155572171323, 0.2624339665249735, -0.4391776855101157], [-0.4266000482917053, 0.8413623931712975, -0.33184593135155627], [0.2824199444684594, 0.4724804086637203, 0.8348660002631537]]	0.17689504119105762	0.8231049588089424	[[0.15199097138592216, 0.04642326731836782, -0.07768835476850519], [-0.07546343311466834, 0.14883283519664353, -0.05870189969551843], [0.04995868770992434, 0.08357944135253655, 0.14768365550556412]]	0.0	0.6886890467652352	[[0.6922575387816301, 0.69225753878163, 0.0], [-0.7071067811865475, 0.7071067811865476, 0.0], [0.0, 0.0, 0.9790000000000001]]	[[0.6922575387816301, 0.69225753878163, 0.0], [-0.7071067811865475, 0.7071067811865476, 0.0], [0.0, 0.0, 0.9790000000000001]]	0.6886890467652352	[[0.6922575387816301, 0.69225753878163, 0.0], [-0.7071067811865475, 0.7071067811865476, 0.0], [0.0, 0.0, 0.9790000000000001]]
2	[[0.22433838825039393, -0.7661379269479729, -0.6022499185961573], [-0.9416906372873723, -0.011392912655017143, -0.3362869982418849], [0.2507808429735371, 0.642575192824231, -0.724020780340167]]	0.14975826486781008	0.8502417351321899	[[0.03359652776762012, -0.11473548658914945, -0.09019190282574038], [-0.14102595588241915, -0.0017061828310058896, -0.05036175735430898], [0.03755650390580366, 0.09623094592445533, -0.1084280957919813]]	0.42195011328748083	0.8686054316014049	[[0.02064317883085254, -0.3261383564934902, 0.1183494507155155], [-0.4843441860333786, -0.12909245962824575, -0.14189633700527018], [0.29895348404204547, 0.036853268059008404, -0.3332928878029383]]	[[-0.07401642950613203, -0.002866371423957445, 0.3724688720945402], [-0.08699771494821192, -0.1242852188427869, 0.0], [0.19313647893903163, -0.2342814073489007, -0.027792237515914572]]	0.9525447454192832	[[0.677720130467216, -0.6777201304672159, 0.0], [-0.7071067811865475, -0.7071067811865476, 0.0], [0.0, 0.0, -0.9584410000000002]]
2	[[-0.3195682178843842, -0.5708200961323295, -0.7563336379995778], [0.910087742671785, 0.03735879733279218, -0.41272826520656647], [0.2638493031197415, -0.8202248094963509, 0.507557688474819]]	0.12227447219022515	0.8777255278097749	[[-0.03907503517058393, -0.06979672597015418, -0.09248029638611113], [0.11128049838198596, 0.0045680272255287716, -0.05046613078612019], [0.03226203427672511, -0.10029255565849428, 0.06206134846434923]]	0.38007728149291686	1.0830794969052628	[[-0.20097177148607193, -0.29646690234054024, 0.19424836772462623], [0.5444600874012241, -0.07987866331343083, -0.1568686370349994], [0.269962388104495, -0.04193305751542539, 0.080465396944844]]	[[-0.07951115198103911, -0.0795111519810391, 0.48171360075715364], [0.19855641224650666, -0.09407789344352344, 0.0], [0.1696792622509432, 0.26981575829099325, -0.11244574949149388]]	0.9911324001173089	[[1.913752323572281e-16, -0.9584410000000002, 0.0], [1.0, 1.7938038903913487e-16, 0.0], [0.0, 0.0, 0.9584410000000002]]
2	[[0.3802729664721569, 0.7767473726770865, -0.5020517802076895], [0.4287143634067757, 0.332951791095048, 0.839849450446521], [0.8195098935212374, -0.5346088512602871, -0.20639019011321075]]	0.12866289105685672	0.8713371089431436	[[0.048927019257074864, 0.09993856258945166, -0.06459543350176293], [0.05515962943351563, 0.04283854002484748, 0.10805745834696172], [0.10544051215013926, -0.06878432038773365, -0.02655475854573998]]	0.4271906538884798	0.9445165744215616	[[0.14261213815149804, 0.32200016891450944, 0.13816209856770859], [0.2856126686726383, -0.26280347961125394, 0.3278339540591038], [0.6204067444276914, 0.0, -0.06011432031180006]]	[[-0.019836919051854668, -0.009819049125573836, 0.3526339268405069], [0.10246989943751439, -0.40503737296248804, -0.03094188184502593], [0.27031977714627553, 0.22837990474445113, 0.028053639958830104]]	1.0000000000000007	[[0.0, 0.0, 0.0], [0.0, 0.0, 0.0], [0.0, 0.0, 0.0]]
2	[[0.8489524140446696, -0.5135124485683378, 0.12483895166604869], [0.522794976890395, 0.7815435453534784, -0.34040431673891397], [0.0772347773085365, 0.35425224329800037, 0.9319550081910795]]	0.2201641806581737	0.7798358193418262	[[0.18690891265592335, -0.11305704749682066, 0.027485065507780987], [0.11510072773928265, 0.17206789431143282, -0.07494483748732843], [0.017004331464450434, 0.07799365489202426, 0.20518311078867052]]	0.0	0.4336130395371407	[[0.6922575387816301, -0.69225753878163, 0.0], [0.7071067811865475, 0.7071067811865476, 0.0], [0.0, 0.0, 0.9790000000000001]]	[[0.6922575387816301, -0.69225753878163, 0.0], [0.7071067811865475, 0.7071067811865476, 0.0], [0.0, 0.0, 0.9790000000000001]]	0.4336130395371407	[[0.6922575387816301, -0.69225753878163, 0.0], [0.7071067811865475, 0.7071067811865476, 0.0], [0.0, 0.0, 0.9790000000000001]]
2	[[-0.42203838922340475, -0.825029846081567, 0.3757783270710803], [0.2588054115689476, 0.28760896992378115, 0.9221175843470338], [-0.8688517462515349, 0.4864224845687207, 0.09214016247897017]]	0.11042203009733105	0.889577969902669	[[-0.046602335717055944, -0.0911014704952152, 0.0414942057417675], [0.028577818945618498, 0.031758366333186225, 0.10182209565204638], [-0.09594037367470565, 0.05371175823106583, 0.010174303794425826]]	0.35373253591067394	1.1487349249273173	[[-0.23703732884917655, -0.48255934558866453, 0.3098924528220418], [0.18310138523910918, 0.008649216554114755, 0.03564026107460208], [0.1879728156968965, 0.17206345899046424, -0.09150231398746084]]	[[-0.08774861917752556, -0.19071944593223886, 0.17696743224691797], [0.09155349069741958, -0.09308743372768108, -0.29054273044429896], [0.49531394722886934, 0.0, -0.1240952873203685]]	1.0000000000000002	[[0.0, 0.0, 0.0], [0.0, 0.0, 0.0], [0.0, 0.0, 0.0]]
2	[[-0.5446221603179724, 0.8109226453022452, -0.2139887049042392], [-0.8354447797583356, -0.5021691245819775, 0.22328947644507607], [0.07361197229480154, 0.30038414347728, 0.9509735242804028]]	0.2505849501801809	0.7494150498198191	[[-0.13647411691030154, 0.20320501067304358, -0.0536223489575502], [-0.20934988851403474, -0.12583602506539981, 0.055952982330748066], [0.01844605241015771, 0.07527174562817052, 0.23829965320447571]]	0.6085076940498156	0.5842913070582629	[[-0.2586167110924481, 0.5457088985081116, 0.14237272026785705], [-0.614404057883639, -0.5147000691627308, 0.13587336441718387], [0.19275683021721055, 0.0085886016975437, 0.5047732377965733]]	[[0.0727900638110702, 0.05225622956246571, 0.2725864936418422], [-0.10602948144693836, -0.20912629314033726, 0.0], [0.14796337870164195, -0.1741974607789449, -0.07390146856572087]]	0.3922747479984103	[[-0.677720130467216, 0.6777201304672159, 0.0], [-0.7071067811865475, -0.7071067811865476, 0.0], [0.0, 0.0, 0.9584410000000002]]
2	[[0.04673222253661188, -0.9725397674033924, -0.22799671093185395], [-0.8377629715199755, -0.16246744520517667, 0.5213036857710898], [-0.5440306084466285, 0.16664552219444034, -0.8223502702654952]]	0.1834531725591228	0.816546827440877	[[0.008573174485080368, -0.1784155057700638, -0.041826719953493886], [-0.1536902749778975, -0.029805168260465094, 0.09563481502147046], [-0.09980414108880394, 0.030571649739341792, -0.15086276603505722]]	0.48100913104242854	0.8959018906924121	[[-0.07420959726601611, -0.5980117033887185, 0.11653740900102193], [-0.30197857211833107, -0.20269515882759087, 0.0033146047205720097], [0.08465076651020613, 0.08015801782285949, -0.5322957852295975]]	[[-0.09668822302003315, -0.13021119496580716, 0.22620590880688476], [0.10099306683201525, -0.12454683418676551, -0.24743722818139513], [0.34633445673960267, 0.0, -0.13673779631668537]]	0.8716185710096234	[[0.677720130467216, -0.6777201304672159, 0.0], [-0.7071067811865475, -0.7071067811865476, 0.0], [0.0, 0.0, -0.9584410000000002]]
2	[[0.08740825448676931, -0.06334395238859675, -0.994156597696443], [0.7119981850616444, -0.6940087028176986, 0.10681996481098455], [-0.6967197295301035, -0.717174639895393, -0.015561310176609944]]	0.16724938286002827	0.8327506171399719	[[0.014618976619784452, -0.010594236944907843, -0.16627207743095548], [0.11908125704902023, -0.11607252724574885, 0.017865573191767098], [-0.11652594479031564, -0.11994701592536748, -0.0026026195235314686]]	0.46619556222209513	1.0281851992832187	[[0.06466218943274007, -0.015850662560170224, 0.0006135675526738778], [0.6348250444618049, -0.6371149765189191, 0.03912244470568658], [0.010585689417802474, -0.01342172317373221, 0.026563261750554013]]	[[0.02391284908942866, 0.013680006937001244, 0.4640849615525724], [0.30289465027588036, -0.3135711991217952, -0.01067654884591478], [0.33539333543731514, 0.32092191128372916, 0.033817875497251126]]	0.7970211515892838	[[0.0, 0.0, -0.9584410000000002], [0.0, -1.0, 0.0], [-0.9584410000000002, 0.0, 0.0]]
2	[[-0.30792515101507295, 0.09349718223056193, 0.9468053539599837], [0.3027085282091916, -0.9338174967034747, 0.1906631317268273], [0.9019698710720718, 0.34531602882779927, 0.2592434992682147]]	0.6159566340420968	0.3840433659579034	[[-0.1896685395561487, 0.057590209659157475, 0.5831910389182275], [0.18645532613157076, -0.575191082079089, 0.11744022085438145], [0.5555743257929373, 0.2126996987975549, 0.15968275320654432]]	0.8134590475283053	0.2742849907792347	[[-0.12505484707784253, 0.14865098787531567, 0.7793412268049733], [0.293080583892507, -0.8143589115681913, 0.15509664953326874], [0.7245617068435306, 0.2809004479065184, 0.12505484707784253]]	[[0.1254296529768883, 0.07259485907146238, 0.009153845377985173], [0.046839592856762896, -0.0547366201345166, 0.0], [-0.009153845377985173, 0.0, -0.08582912291478431]]	0.46960574245840897	[[0.0, 0.0, 0.9790000000000001], [0.0, -1.0, 0.0], [0.9790000000000001, 0.0, 0.0]]
2	[[0.5319609947059123, -0.8460851799387872, 0.03402011756955908], [-0.703274286200726, -0.4190807785627857, 0.5742617690636116], [-0.47161719485230363, -0.3294103357928521, -0.8179645788128509]]	0.1582870768626475	0.8417129231373526	[[0.08420255085694515, -0.13392434990931776, 0.005384944964609131], [-0.11131923099537787, -0.06633507140802578, 0.09089821677905181], [-0.07465090717133276, -0.052141399140993694, -0.1294732221574728]]	0.47464185281389304	0.8068152909520677	[[0.22072373853123003, -0.5499541737617137, 0.23715737815973378], [-0.375445792222211, -0.3963618347199117, 0.009836869374200882], [0.16307092457102343, -0.15635193211676598, -0.3614868677136901]]	[[-0.03176721362070574, -0.14836673631719163, 0.2210100065235718], [-0.04164238198353029, -0.19744855750418233, -0.2627318006943357], [0.3869201837546117, 0.0, 0.026753355510177122]]	0.6577396018168137	[[0.677720130467216, -0.6777201304672159, 0.0], [-0.7071067811865475, -0.7071067811865476, 0.0], [0.0, 0.0, -0.9584410000000002]]
2	[[-0.8305561570912853, 0.32773595720904825, 0.4502950280316503], [-0.5100865793185324, -0.772219296347621, -0.37879947194723407], [0.22358030216652452, -0.5443036842615101, 0.808545204538665]]	0.19660796631133326	0.8033920336886665	[[-0.16329395695307386, 0.06443550003396908, 0.08853158970140754], [-0.1002870850025212, -0.1518244654012746, -0.0744749938193526], [0.04395766851623373, -0.10701444041842155, 0.1589664283351279]]	0.5411542014672851	0.6354505392439165	[[-0.4119018085694722, 0.1705219879952437, 0.42835429479971465], [-0.3500858960534333, -0.5980007683136886, -0.06463540875341145], [0.34669694425642356, -0.2590875089500958, 0.287546044070644]]	[[0.03755714539499937, -0.00683370222033515, 0.18467524848055816], [-0.07405040054313396, -0.18011105164106295, 0.14035351700442325], [0.22570552437368366, 0.03546471666214297, -0.15000159044168004]]	0.680512204294283	[[-0.677720130467216, 0.6777201304672159, 0.0], [-0.7071067811865475, -0.7071067811865476, 0.0], [0.0, 0.0, 0.9584410000000002]]
