2	[[-0.30792515101507295, 0.09349718223056193, 0.9468053539599837], [0.3027085282091916, -0.9338174967034747, 0.1906631317268273], [0.9019698710720718, 0.34531602882779927, 0.2592434992682147]]	0.5899639126966362	0.41003608730336394	[[-0.18166472691055502, 0.055159963454852724, 0.5585809911843556], [0.17858710770893474, -0.55091862409976, 0.11248436720055319], [0.53212967427216, 0.20372399548411288, 0.1529443091694435]]	0.7999071684612514	0.29049880590963845	[[-0.11250981452079238, 0.1410833802509613, 0.7674121468435837], [0.29859792205732555, -0.8131438183772528, 0.15251280582956103], [0.7114364085331206, 0.27622076684392877, 0.11250981452079238]]	[[0.13380172112567784, 0.06629431395380686, 0.010055757073500439], [0.05645920038843826, -0.06617650872960237, 0.0], [-0.010055757073500439, 0.0, -0.09486091892083176]]	0.47284142579082317	[[0.0, 0.0, 0.9618], [0.0, -1.0, 0.0], [0.9618, 0.0, 0.0]]
2	[[0.22433838825039393, -0.7661379269479729, -0.6022499185961573], [-0.9416906372873723, -0.011392912655017143, -0.3362869982418849], [0.2507808429735371, 0.642575192824231, -0.724020780340167]]	0.14622379001527122	0.8537762099847288	[[0.03280360937588998, -0.1120275913527756, -0.08806326563351875], [-0.1376975740060557, -0.0016659148677295316, -0.04917315941578725], [0.0366701253228152, 0.09395978006455277, -0.1058690625511534]]	0.4145753723214535	0.8686512469869223	[[0.019902636170765486, -0.31913611024512045, 0.11387515236394685], [-0.47703452269494695, -0.12736005766841837, -0.1394163075029934], [0.29051643493012336, 0.03853613650446188, -0.32892705194865046]]	[[-0.07310253466413635, -0.0015141939310780866, 0.3635531365965138], [-0.0866327761299078, -0.12263683666263887, 0.0], [0.1865488735832812, -0.22785971330517346, -0.02876586737065652]]	0.9557065823455021	[[0.654115661603274, -0.6541156616032738, 0.0], [-0.7071067811865475, -0.7071067811865476, 0.0], [0.0, 0.0, -0.92505924]]
2	[[-0.42203838922340475, -0.825029846081567, 0.3757783270710803], [0.2588054115689476, 0.28760896992378115, 0.9221175843470338], [-0.8688517462515349, 0.4864224845687207, 0.09214016247897017]]	0.10893473470964046	0.8910652652903595	[[-0.045974639967335564, -0.089874407410431, 0.04093531236912064], [0.02819289885068263, 0.031330606838760024, 0.10045063442193865], [-0.09464813447991893, 0.052988304313297784, 0.010037264155749785]]	0.34848561300414377	1.1416657613294023	[[-0.2337385680093238, -0.4698207862519034, 0.30018642750921204], [0.1838750558232817, 0.010969709292184614, 0.030580613310327034], [0.1773452966774278, 0.1695112377139293, -0.09045225260005256]]	[[-0.08666426122952417, -0.18230975459345417, 0.16923308684617505], [0.09368509332388719, -0.08925787889719464, -0.2907640983327493], [0.48012763007961473, 0.0, -0.12256177360383788]]	1.0000000000000002	[[0.0, 0.0, 0.0], [0.0, 0.0, 0.0], [0.0, 0.0, 0.0]]
2	[[0.8489524140446696, -0.5135124485683378, 0.12483895166604869], [0.522794976890395, 0.7815435453534784, -0.34040431673891397], [0.0772347773085365, 0.35425224329800037, 0.9319550081910795]]	0.2167960782505347	0.7832039217494651	[[0.18404955398620856, -0.11132748498244503, 0.027064595134107416], [0.11333990071891656, 0.1694355756146531, -0.0737983208885494], [0.016744196825044133, 0.07680049705846075, 0.202044190881771]]	0.0	0.43936785921589494	[[0.6800953021452211, -0.6800953021452211, 0.0], [0.7071067811865472, 0.7071067811865472, 0.0], [0.0, 0.0, 0.9617999999999995]]	[[0.6800953021452212, -0.6800953021452211, 0.0], [0.7071067811865472, 0.7071067811865474, 0.0], [0.0, 0.0, 0.9617999999999997]]	0.43936785921589466	[[0.6800953021452214, -0.6800953021452213, 0.0], [0.7071067811865475, 0.7071067811865476, 0.0], [0.0, 0.0, 0.9618]]
2	[[0.3802729664721569, 0.7767473726770865, -0.5020517802076895], [0.4287143634067757, 0.332951791095048, 0.839849450446521], [0.8195098935212374, -0.5346088512602871, -0.20639019011321075]]	0.12707248507257232	0.8729275149274283	[[0.04832223085553597, 0.09870321891966885, -0.06379696734610005], [0.05447779954440486, 0.04230901150381167, 0.10672175675507362], [0.10413715871130277, -0.06793407527143788, -0.02622651435228633]]	0.42044510146699365	0.8669358292145858	[[0.02885560207920857, 0.3178771582410722, 0.13008672402615037], [0.2815907085591026, -0.14394967325653774, 0.3279295414029013], [0.6022752261856001, 0.0, -0.06614026193165319]]	[[-0.13102830389433215, -0.008702469678366201, 0.34117193569725723], [0.10133985453618323, -0.2839376228471125, -0.025181046007085102], [0.2577163058508583, 0.22477367271328436, 0.020635482492287804]]	1.0000000000000007	[[0.0, 0.0, 0.0], [0.0, 0.0, 0.0], [0.0, 0.0, 0.0]]
2	[[0.5319609947059123, -0.8460851799387872, 0.03402011756955908], [-0.703274286200726, -0.4190807785627857, 0.5742617690636116], [-0.47161719485230363, -0.3294103357928521, -0.8179645788128509]]	0.15513771078504576	0.8448622892149543	[[0.08252721094561109, -0.13125971794485697, 0.005277803160379513], [-0.1091043628151677, -0.06501523262024521, 0.08908965624389932], [-0.07316561197625127, -0.0511039654038363, -0.1268971522602798]]	0.46837353451108704	0.8096680645990669	[[0.21888014441398154, -0.5332221345225376, 0.23281224118818453], [-0.37966990994239924, -0.3980051149706061, 0.0052042272406181995], [0.15129227935010797, -0.1542870832797822, -0.34914660626241834]]	[[-0.030276306898460295, -0.13693822829715865, 0.21687811847764743], [-0.050274846783803395, -0.20171876946949596, -0.2637647872702952], [0.3721852918392854, 0.0, 0.03396635462102925]]	0.6697008961225394	[[0.654115661603274, -0.6541156616032738, 0.0], [-0.7071067811865475, -0.7071067811865476, 0.0], [0.0, 0.0, -0.92505924]]
2	[[-0.5446221603179724, 0.8109226453022452, -0.2139887049042392], [-0.8354447797583356, -0.5021691245819775, 0.22328947644507607], [0.07361197229480154, 0.30038414347728, 0.9509735242804028]]	0.24521077304192485	0.7547892269580752	[[-0.1335472209473331, 0.19884696873176616, -0.05247233575180885], [-0.20486006027838216, -0.12313727923653342, 0.05475298513122377], [0.018050448631549025, 0.07365742803160029, 0.23318895303120124]]	0.6026481937505413	0.5836404744650693	[[-0.25786431062189097, 0.5381823243646136, 0.1396860901184027], [-0.6119279313182475, -0.5105226580480626, 0.13456499966312913], [0.18679405534344978, 0.010751907776865688, 0.5031254121183716]]	[[0.0703512505702528, 0.04948125690180473, 0.26864599661196004], [-0.1084486438185679, -0.20789134216144348, 0.0], [0.14243193320157277, -0.17027405372102056, -0.06997706459379957]]	0.4035726630487781	[[-0.654115661603274, 0.6541156616032738, 0.0], [-0.7071067811865475, -0.7071067811865476, 0.0], [0.0, 0.0, 0.92505924]]
2	[[0.8787972042104137, -0.3840163418041313, 0.28327887866788265], [-0.395223040501579, -0.9183905790867732, -0.018907472103605397], [0.2674214316928388, -0.09534250611366366, -0.9588511794847616]]	0.6070867864064674	0.3929132135935326	[[0.5335061706070885, -0.23313124687343764, 0.1719748641073125], [-0.23993468557189668, -0.5575427853237638, -0.01147847647844773], [0.16234801758262213, -0.05788117564448304, -0.5821058811954549]]	0.8268104309185401	0.3158803609890808	[[0.5949675317914842, -0.2581999523428249, 0.2409936004990187], [-0.3471313413480126, -0.8475619827076938, -0.015632895157562256], [0.21433116041730316, -0.0788301785646918, -0.6938343432165733]]	[[-0.13163116331173644, 0.059308764704010336, 0.006775668757505762], [-0.02035680892196646, -0.08822707226143128, 0.0], [-0.006775668757505762, 0.0, 0.09895381367997313]]	0.4847864980060772	[[0.654115661603274, -0.6541156616032738, 0.0], [-0.7071067811865475, -0.7071067811865476, 0.0], [0.0, 0.0, -0.92505924]]
2	[[0.8592155572171323, 0.2624339665249735, -0.4391776855101157], [-0.4266000482917053, 0.8413623931712975, -0.33184593135155627], [0.2824199444684594, 0.4724804086637203, 0.8348660002631537]]	0.17339427227041168	0.8266057277295885	[[0.14898305626708092, 0.04550454664463535, -0.07615089517643023], [-0.07397000492406271, 0.1458874198796291, -0.05754018377260011], [0.04897000074575859, 0.0819253966222725, 0.14476098255893888]]	0.0	0.6884252326182447	[[0.6800953021452212, 0.6800953021452212, 0.0], [-0.7071067811865474, 0.7071067811865474, 0.0], [0.0, 0.0, 0.9618]]	[[0.6800953021452213, 0.6800953021452212, 0.0], [-0.7071067811865474, 0.7071067811865475, 0.0], [0.0, 0.0, 0.9617999999999999]]	0.6884252326182447	[[0.6800953021452214, 0.6800953021452213, 0.0], [-0.7071067811865475, 0.7071067811865476, 0.0], [0.0, 0.0, 0.9618]]
2	[[0.034229894132735264, 0.2773841392786001, 0.9601491309293217], [-0.1827544195208179, -0.9427759796974285, 0.2788803941677556], [0.9825625356654255, -0.18501754344446375, 0.018422055382213542]]	0.8197902285077163	0.18020977149228373	[[0.02806133273286998, 0.2273968069236198, 0.7871208754460338], [-0.14982028733976635, -0.7728785358277411, 0.22862342206110636], [0.8054951656362803, -0.15167557421827327, 0.015102220991366645]]	0.9014672024865078	0.14363644815819024	[[0.0, 0.23256130712839934, 0.8430391038701383], [-0.18029899068929542, -0.8211837899611132, 0.2514015287587413], [0.8702836115034807, -0.16678724729980668, 0.0]]	[[-0.030857126905246186, -0.01749139692120817, -0.022503847158569176], [-0.01555187538181804, 0.02869783502820461, 0.0], [-0.015464288790880128, 0.0, -0.01660687872945555]]	0.3547824937414635	[[0.0, 0.0, 0.9618], [0.0, -1.0, 0.0], [0.9618, 0.0, 0.0]]
2	[[0.08740825448676931, -0.06334395238859675, -0.994156597696443], [0.7119981850616444, -0.6940087028176986, 0.10681996481098455], [-0.6967197295301035, -0.717174639895393, -0.015561310176609944]]	0.1616574365441774	0.8383425634558226	[[0.014130194353132203, -0.01024002096371698, -0.1607128071070881], [0.11509980142117224, -0.11219166783685895, 0.017268241683083], [-0.1126299254655892, -0.11593661383998279, -0.002515601512419599]]	0.45799851711400286	1.0266850951265232	[[0.0629478388032603, -0.015486627576120314, 0.00015759276590174634], [0.6349657581703637, -0.6368774969409142, 0.03877249051967439], [0.009616140167836311, -0.01303189719493797, 0.025279629634771733]]	[[0.022914987864796538, 0.013524808685996963, 0.455479840289975], [0.3088716452242692, -0.31902254018619575, -0.010150894961926515], [0.32871274313669285, 0.315433024388921, 0.03240668662001015]]	0.8076047746397631	[[0.0, 0.0, -0.92505924], [0.0, -1.0, 0.0], [-0.92505924, 0.0, 0.0]]
2	[[-0.3195682178843842, -0.5708200961323295, -0.7563336379995778], [0.910087742671785, 0.03735879733279218, -0.41272826520656647], [0.2638493031197415, -0.8202248094963509, 0.507557688474819]]	0.11952261206737619	0.8804773879326238	[[-0.038195628135257995, -0.06822590891028679, -0.09039897200813085], [0.10877606421463382, 0.004465221040911058, -0.0493303603315256], [0.031535957901028394, -0.09803541171346988, 0.06066462070138996]]	0.3734262862966668	1.0950388788463152	[[-0.04394152019608527, -0.28855288126912654, 0.19056021570111065], [0.5421384067407312, -0.24136501274162764, -0.15412358332575393], [0.25931682464860367, -0.043771726655721176, 0.08291265662662992]]	[[0.07539365262692434, -0.07539365262692432, 0.4729950773405406], [0.20228772079068996, -0.25531576969012215, 0.0], [0.16078855924263502, 0.26252177788289216, -0.10662272606184231]]	0.9804657973660534	[[1.847097807785777e-16, -0.92505924, 0.0], [1.0, 1.7938038903913487e-16, 0.0], [0.0, 0.0, 0.92505924]]
2	[[-0.8305561570912853, 0.32773595720904825, 0.4502950280316503], [-0.5100865793185324, -0.772219296347621, -0.37879947194723407], [0.22358030216652452, -0.5443036842615101, 0.808545204538665]]	0.19237969020065845	0.8076203097993412	[[-0.15978213619547085, 0.06304974191549295, 0.08662761799162567], [-0.0981302981048129, -0.1485593089983258, -0.07287332506138189], [0.043012309265765616, -0.10471297415330633, 0.15554767596237637]]	0.5329752851310666	0.6451013359234108	[[-0.39866803274387297, 0.16169869176551266, 0.4185104834636869], [-0.3514906511610617, -0.6002521060792987, -0.06231298323714081], [0.3366914991114696, -0.2551717025981974, 0.2782899371778404]]	[[0.04399787189921776, -0.012976473475682909, 0.17851436250541652], [-0.07962711110723654, -0.18867830642471362, 0.1395777733314337], [0.21752872381457616, 0.03492870871897101, -0.1526446737525112]]	0.6805659641005771	[[-0.654115661603274, 0.6541156616032738, 0.0], [-0.7071067811865475, -0.7071067811865476, 0.0], [0.0, 0.0, 0.92505924]]
2	[[0.04673222253661188, -0.9725397674033924, -0.22799671093185395], [-0.8377629715199755, -0.16246744520517667, 0.5213036857710898], [-0.5440306084466285, 0.16664552219444034, -0.8223502702654952]]	0.18064100255304794	0.8193589974469521	[[0.008441755530545714, -0.17568055860645682, -0.041185554441527536], [-0.15133434307718888, -0.029348282184095492, 0.09416882043228872], [-0.09827423452934349, 0.030103014200179898, -0.14855017727052897]]	0.4743962353367394	0.8884669537233639	[[-0.067063148150359, -0.5839953354058963, 0.110395570249727], [-0.301695877686361, -0.19849561146859873, 0.0], [0.07806145633653785, 0.07806145633653784, -0.5163140214646864]]	[[-0.0892327385906464, -0.12262613103445885, 0.21855635158495731], [0.09573572210723535, -0.12142166709848493, -0.24730450599697154], [0.3361475288915742, -0.0009945520282297056, -0.1261941491225852]]	0.8770249679639934	[[0.654115661603274, -0.6541156616032738, 0.0], [-0.7071067811865475, -0.7071067811865476, 0.0], [0.0, 0.0, -0.92505924]]
