2	[[0.08740825448676931, -0.06334395238859675, -0.994156597696443], [0.7119981850616444, -0.6940087028176986, 0.10681996481098455], [-0.6967197295301035, -0.717174639895393, -0.015561310176609944]]	0.1564668707585016	0.8435331292414985	[[0.013676496058007553, -0.009911230011719245, -0.15555257188548116], [0.11140412800232799, -0.10858937000905218, 0.016713785628508008], [-0.10901355587528488, -0.11221407169178739, -0.0024348295082365773]]	0.4501454364125617	1.0253164703917876	[[0.061343190721265504, -0.015143449544491393, -0.00025013115579267456], [0.6351005672502866, -0.6366499824809565, 0.0384372211112083], [0.008738514599700327, -0.012668490538697934, 0.024103269017480333]]	[[0.02199676385925845, 0.013370541547570041, 0.44726492437670023], [0.3145978335107608, -0.3242451320769677, -0.00964729856620682], [0.3223637213062707, 0.3101644007210355, 0.03110812177808164]]	0.8176926357612483	[[0.0, 0.0, -0.89415936], [0.0, -1.0, 0.0], [-0.89415936, 0.0, 0.0]]
2	[[0.04673222253661188, -0.9725397674033924, -0.22799671093185395], [-0.8377629715199755, -0.16246744520517667, 0.5213036857710898], [-0.5440306084466285, 0.16664552219444034, -0.8223502702654952]]	0.17793038824110277	0.822069611758897	[[0.008315082499308953, -0.17304437839399742, -0.040567543293799205], [-0.14906349077656914, -0.028907895601897184, 0.09275576720076785], [-0.09679957737595203, 0.029651302462698075, -0.14632110285851535]]	0.4675489055293225	0.8843543506137063	[[0.12610365220690073, -0.5683937538819238, 0.10347665437166251], [-0.3040850006648578, -0.4016235460406841, 0.0], [0.07316904400069918, 0.07316904400069917, -0.5011494076628003]]	[[0.10425405270695522, -0.11368385004872567, 0.2100762670321361], [0.08761015976229983, -0.32566206985085866, -0.24373496773067485], [0.32752995955437175, -0.004745887512673841, -0.11666043883842546]]	0.8825987139963487	[[0.6322661469174234, -0.6322661469174233, 0.0], [-0.7071067811865475, -0.7071067811865476, 0.0], [0.0, 0.0, -0.89415936]]
2	[[0.8592155572171323, 0.2624339665249735, -0.4391776855101157], [-0.4266000482917053, 0.8413623931712975, -0.33184593135155627], [0.2824199444684594, 0.4724804086637203, 0.8348660002631537]]	0.17005979167664945	0.8299402083233506	[[0.14611801866568183, 0.04462946567611381, -0.07468646570688335], [-0.07254751534173606, 0.1430819133072781, -0.056433649954389375], [0.04802827692163715, 0.08034991986865048, 0.14197713808266954]]	0.0	0.6885076358204935	[[0.6686401722899994, 0.6686401722899993, 0.0], [-0.7071067811865475, 0.7071067811865476, 0.0], [0.0, 0.0, 0.9456]]	[[0.6686401722899994, 0.6686401722899993, 0.0], [-0.7071067811865475, 0.7071067811865476, 0.0], [0.0, 0.0, 0.9456]]	0.6885076358204935	[[0.6686401722899994, 0.6686401722899993, 0.0], [-0.7071067811865475, 0.7071067811865476, 0.0], [0.0, 0.0, 0.9456]]
2	[[0.034229894132735264, 0.2773841392786001, 0.9601491309293217], [-0.1827544195208179, -0.9427759796974285, 0.2788803941677556], [0.9825625356654255, -0.18501754344446375, 0.018422055382213542]]	0.7954171936169618	0.20458280638303816	[[0.027227046328865995, 0.2206361136188406, 0.7637191271775658], [-0.14536600749634584, -0.7499002239804105, 0.22182626048370832], [0.7815471346721587, -0.14716613517649968, 0.014653219592776545]]	0.8876426509629022	0.1662784075143751	[[0.0, 0.2213456912999534, 0.8225455436327747], [-0.18366911994041835, -0.8213847941864789, 0.24754613238064568], [0.8462038601348665, -0.1642294627376877, 0.0]]	[[-0.030383913970160624, -0.024872301424366056, -0.029723776265055034], [-0.02144850252177319, 0.015463375696293847, 0.0], [-0.025960553760022882, 0.0, -0.01635220207565343]]	0.3620548407815148	[[0.0, 0.0, 0.9456], [0.0, -1.0, 0.0], [0.9456, 0.0, 0.0]]
2	[[0.22433838825039393, -0.7661379269479729, -0.6022499185961573], [-0.9416906372873723, -0.011392912655017143, -0.3362869982418849], [0.2507808429735371, 0.642575192824231, -0.724020780340167]]	0.14285662508619018	0.8571433749138098	[[0.032048225022726695, -0.10944787859431751, -0.0860353908290798], [-0.13452674631813766, -0.001627553051797459, -0.04804082562920125], [0.035825704863469324, 0.09179612341097754, -0.10343116517166612]]	0.4075086102242308	0.8688554660489473	[[0.019217859244378827, -0.3125114577445385, 0.10974507414606938], [-0.470030120498118, -0.1257000030897887, -0.13703984729002888], [0.2826418300727957, 0.03999651527769656, -0.3246480794456915]]	[[-0.07220196557148316, -0.0003036558938967482, 0.3551671014808455], [-0.08628307763597072, -0.12105729308733663, 0.0], [0.18044647728178856, -0.22185840851467298, -0.029603377475806866]]	0.9592202289812105	[[0.6322661469174234, -0.6322661469174233, 0.0], [-0.7071067811865475, -0.7071067811865476, 0.0], [0.0, 0.0, -0.89415936]]
2	[[0.8787972042104137, -0.3840163418041313, 0.28327887866788265], [-0.395223040501579, -0.9183905790867732, -0.018907472103605397], [0.2674214316928388, -0.09534250611366366, -0.9588511794847616]]	0.5836426398435078	0.4163573601564921	[[0.5129035201524602, -0.22412831147360998, 0.16533363255763178], [-0.23066901868531917, -0.5360119019856123, -0.011035206931315737], [0.15607855034393875, -0.055645951957474446, -0.5596264336115475]]	0.8142143996993875	0.33489255939918255	[[0.5780962729326653, -0.24994561804670543, 0.23742070683773914], [-0.3483055312480668, -0.8457085538086986, -0.015394736048669984], [0.21096741577688202, -0.07762924138117183, -0.6724815987275058]]	[[-0.1374330651510169, 0.0627260171701001, 0.006770964695653411], [-0.026509240578706985, -0.09794171976798872, 0.0], [-0.006770964695653411, 0.0, 0.1082288387777289]]	0.49370214058089634	[[0.6322661469174234, -0.6322661469174233, 0.0], [-0.7071067811865475, -0.7071067811865476, 0.0], [0.0, 0.0, -0.89415936]]
2	[[0.3802729664721569, 0.7767473726770865, -0.5020517802076895], [0.4287143634067757, 0.332951791095048, 0.839849450446521], [0.8195098935212374, -0.5346088512602871, -0.20639019011321075]]	0.12549171429348535	0.8745082857065151	[[0.04772110646206004, 0.09747535937020832, -0.06300333856235907], [0.05380010040615654, 0.04178269104160397, 0.1053941472849755], [0.1028417014184517, -0.06708898122112435, -0.025900258770665166]]	0.41395947951133666	0.8664814671778854	[[0.02575367261853433, 0.31385002331465944, 0.12270867461945609], [0.2777237290758454, -0.14035563588767133, 0.32802144542156125], [0.585388481890911, 0.0, -0.07147699478831186]]	[[-0.13166392665451176, -0.00769191479054554, 0.3305377682419712], [0.1002533543409425, -0.27818418603174466, -0.019642195953162727], [0.24614459291446855, 0.22130640180986208, 0.013960180887198692]]	1.0000000000000007	[[0.0, 0.0, 0.0], [0.0, 0.0, 0.0], [0.0, 0.0, 0.0]]
2	[[-0.5446221603179724, 0.8109226453022452, -0.2139887049042392], [-0.8354447797583356, -0.5021691245819775, 0.22328947644507607], [0.07361197229480154, 0.30038414347728, 0.9509735242804028]]	0.24012566064948362	0.7598743393505163	[[-0.13077775605070208, 0.19472333593882854, -0.05138417913665784], [-0.20061172967563268, -0.1205836927980202, 0.053617533047451205], [0.017676123479000702, 0.07212994090111113, 0.22835314577799948]]	0.5969448865845963	0.5804407175687413	[[-0.3619351243012393, 0.5310061280042607, 0.13715780009770343], [-0.6095178093517154, -0.3891198969129711, 0.13329151119203983], [0.18126092073990663, 0.012709500343523344, 0.5013097380277747]]	[[-0.036825710578769516, 0.04693000147543117, 0.26489726327714913], [-0.11080332005118271, -0.08935260579309663, 0.0], [0.1373186302871179, -0.1666032781163327, -0.06636904456874414]]	0.41526738717233186	[[-0.6322661469174234, 0.6322661469174233, 0.0], [-0.7071067811865475, -0.7071067811865476, 0.0], [0.0, 0.0, 0.89415936]]
2	[[-0.42203838922340475, -0.825029846081567, 0.3757783270710803], [0.2588054115689476, 0.28760896992378115, 0.9221175843470338], [-0.8688517462515349, 0.4864224845687207, 0.09214016247897017]]	0.10749738219354488	0.8925026178064552	[[-0.045368022026696396, -0.08868854868531174, 0.04039518644521081], [0.027820904241184836, 0.030917211362188446, 0.09912522639194145], [-0.09339928823633015, 0.052289143731217465, 0.00990482626137719]]	0.3434312376661983	1.1354856215601064	[[-0.2305466172273833, -0.4579156847395208, 0.29117166226221963], [0.1846203348353801, 0.013205046360428102, 0.025706640634529817], [0.1676218841220742, 0.167052675904103, -0.08942057959979043]]	[[-0.08560545087374066, -0.1745746635881752, 0.16211764630806502], [0.0957384720255466, -0.08556885814439652, -0.290977342631537], [0.46601271468567657, 0.0, -0.12106438963870775]]	1.0000000000000002	[[0.0, 0.0, 0.0], [0.0, 0.0, 0.0], [0.0, 0.0, 0.0]]
2	[[0.8489524140446696, -0.5135124485683378, 0.12483895166604869], [0.522794976890395, 0.7815435453534784, -0.34040431673891397], [0.0772347773085365, 0.35425224329800037, 0.9319550081910795]]	0.21351452940068374	0.7864854705993164	[[0.18126367516832204, -0.10964236879746146, 0.026654930015851064], [0.11162432346379403, 0.16687090229228976, -0.0726812674944705], [0.016490747130398775, 0.07563800101690907, 0.19898593499652864]]	0.0	0.4450550313946886	[[0.6686401722899994, -0.6686401722899993, 0.0], [0.7071067811865475, 0.7071067811865476, 0.0], [0.0, 0.0, 0.9456]]	[[0.6686401722899994, -0.6686401722899993, 0.0], [0.7071067811865475, 0.7071067811865476, 0.0], [0.0, 0.0, 0.9456]]	0.4450550313946886	[[0.6686401722899994, -0.6686401722899993, 0.0], [0.7071067811865475, 0.7071067811865476, 0.0], [0.0, 0.0, 0.9456]]
2	[[-0.8305561570912853, 0.32773595720904825, 0.4502950280316503], [-0.5100865793185324, -0.772219296347621, -0.37879947194723407], [0.22358030216652452, -0.5443036842615101, 0.808545204538665]]	0.1883752109213458	0.811624789078654	[[-0.1564561912740933, 0.061737330065763624, 0.08482442088229543], [-0.0960876669672763, -0.14546697282701637, -0.07135643042495463], [0.04211698657847725, -0.10253332132802757, 0.15230987344441366]]	0.5251184707089983	0.6542244099191167	[[-0.38649120809195503, 0.1536442184699326, 0.4092678245389765], [-0.352826220872615, -0.6023371071788853, -0.0600790439074404], [0.32738199965481646, -0.2514101084511363, 0.269739315488174]]	[[0.04964917095776325, -0.018455986176032495, 0.17280958805113078], [-0.08497033641168314, -0.1968304912288439, 0.13883555550686724], [0.20997585330047536, 0.034413809829541314, -0.15484270581826395]]	0.6818368107609173	[[-0.6322661469174234, 0.6322661469174233, 0.0], [-0.7071067811865475, -0.7071067811865476, 0.0], [0.0, 0.0, 0.89415936]]
2	[[-0.30792515101507295, 0.09349718223056193, 0.9468053539599837], [0.3027085282091916, -0.9338174967034747, 0.1906631317268273], [0.9019698710720718, 0.34531602882779927, 0.2592434992682147]]	0.5665152937268829	0.4334847062731172	[[-0.17444430737319888, 0.05296758365398269, 0.5363797132008254], [0.1714890107720626, -0.5290218934322716, 0.10801358007311096], [0.5109797264431934, 0.19562681149998148, 0.14686540713471763]]	0.7870019914154187	0.30607011114605726	[[-0.10100667669396603, 0.13417063666535914, 0.7559914938132051], [0.30393284968256906, -0.8119532086486874, 0.15005226435851338], [0.6989982899665111, 0.27176440235514215, 0.10100667669396603]]	[[0.1413310303617899, 0.0605881680581766, 0.01085379476391765], [0.06570063516350483, -0.07703697912449166, 0.0], [-0.01085379476391765, 0.0, -0.10301847349162056]]	0.47628476284724425	[[0.0, 0.0, 0.9456], [0.0, -1.0, 0.0], [0.9456, 0.0, 0.0]]
2	[[-0.3195682178843842, -0.5708200961323295, -0.7563336379995778], [0.910087742671785, 0.03735879733279218, -0.41272826520656647], [0.2638493031197415, -0.8202248094963509, 0.507557688474819]]	0.11691246289733546	0.8830875371026645	[[-0.03736150741657568, -0.06673598331012444, -0.08842482839063243], [0.10640059944843488, 0.004367709007059139, -0.04825307799264434], [0.03084727186147461, -0.09589450260771618, 0.05933981942206965]]	0.367053316006418	1.0736177227446784	[[-0.18892516301868695, -0.2811479980824362, 0.18704513851366444], [0.5399137769768865, -0.07690902801223179, -0.1514932783536465], [0.24950359048290072, -0.045365271370115666, 0.0850054390940184]]	[[-0.07162658895396232, -0.0716265889539623, 0.46465990834860726], [0.20586305317241224, -0.09062169845524493, 0.0], [0.15265682884681708, 0.25570096482625243, -0.1012952935252164]]	0.9714662089614958	[[1.7853989477118605e-16, -0.89415936, 0.0], [1.0, 1.7938038903913487e-16, 0.0], [0.0, 0.0, 0.89415936]]
2	[[0.5319609947059123, -0.8460851799387872, 0.03402011756955908], [-0.703274286200726, -0.4190807785627857, 0.5742617690636116], [-0.47161719485230363, -0.3294103357928521, -0.8179645788128509]]	0.15221600082745074	0.8477839991725491	[[0.08097297521032665, -0.12878770244965626, 0.005178406244117972], [-0.10704959933025456, -0.06379080013648167, 0.08741182991496002], [-0.07178768332187825, -0.05014152394561561, -0.12450729700540232]]	0.46231564125006885	0.815271618840634	[[0.21702806579662628, -0.5176737616983879, 0.22869265367894367], [-0.38375222565049294, -0.3995932309334137, 0.0007271011270357533], [0.14054126041274204, -0.1522915506264729, -0.3377175956263956]]	[[-0.02890582259086202, -0.12651534918280752, 0.2129646212093702], [-0.05861752305091985, -0.20584563205658124, -0.26476309688300675], [0.35857726627544345, 0.0, 0.040440223147310085]]	0.6811426682840548	[[0.6322661469174234, -0.6322661469174233, 0.0], [-0.7071067811865475, -0.7071067811865476, 0.0], [0.0, 0.0, -0.89415936]]
