2	[[0.8489524140446696, -0.5135124485683378, 0.12483895166604869], [0.522794976890395, 0.7815435453534784, -0.34040431673891397], [0.0772347773085365, 0.35425224329800037, 0.9319550081910795]]	0.21845588868206947	0.7815441113179303	[[0.18545865405891648, -0.11217981830130172, 0.027271804128344568], [0.11420764127511321, 0.17073278974392933, -0.0743633275244121], [0.01687239191409806, 0.07738848862728136, 0.20359105952608755]]	0.0	0.4365201669786476	[[0.6860349991071885, -0.6860349991071883, 0.0], [0.7071067811865475, 0.7071067811865476, 0.0], [0.0, 0.0, 0.9702]]	[[0.6860349991071885, -0.6860349991071883, 0.0], [0.7071067811865475, 0.7071067811865476, 0.0], [0.0, 0.0, 0.9702]]	0.4365201669786476	[[0.6860349991071885, -0.6860349991071883, 0.0], [0.7071067811865475, 0.7071067811865476, 0.0], [0.0, 0.0, 0.9702]]
2	[[0.22433838825039393, -0.7661379269479729, -0.6022499185961573], [-0.9416906372873723, -0.011392912655017143, -0.3362869982418849], [0.2507808429735371, 0.642575192824231, -0.724020780340167]]	0.14795533235169792	0.852044667648302	[[0.033192060792831275, -0.11335419160882818, -0.08910608686467755], [-0.13932815121233538, -0.0016856421783269099, -0.04975545459043293], [0.03710436296958866, 0.09507242621526547, -0.10712273518476512]]	0.4181934922123692	0.8475372939290595	[[0.16737114801472455, -0.3225598445558965, 0.11604878722964085], [-0.4806207148666463, -0.28449433937909846, -0.14063303418038872], [0.29462702940763896, 0.037731299886896524, -0.33108201533910653]]	[[0.07355429399499798, -0.0021659493691786325, 0.367905783871983], [-0.08681181867574848, -0.27972989744942645, 0.0], [0.1897521129045736, -0.2309894640093052, -0.02830123677432743]]	0.9540857681150046	[[0.6655911561337942, -0.665591156133794, 0.0], [-0.7071067811865475, -0.7071067811865476, 0.0], [0.0, 0.0, -0.9412880399999999]]
2	[[0.08740825448676931, -0.06334395238859675, -0.994156597696443], [0.7119981850616444, -0.6940087028176986, 0.10681996481098455], [-0.6967197295301035, -0.717174639895393, -0.015561310176609944]]	0.16437801653599318	0.8356219834640071	[[0.014367995501408475, -0.010412353253187928, -0.1634174896555127], [0.11703684943766013, -0.11407977402789084, 0.017558853942074227], [-0.11452540722165207, -0.11788774481591986, -0.002557937301532507]]	0.46201984831797077	1.0274116484963425	[[0.0637837098716984, -0.015664454322435066, 0.0003773076388135163], [0.6348967264132377, -0.6369940003912117, 0.03894417210366133], [0.010084783149295864, -0.013221764395066865, 0.02590206006398499]]	[[0.02339936139198262, 0.01360170895200516, 0.45969738811083405], [0.30593943294838616, -0.3163482047840269, -0.010408771835640726], [0.331983126906932, 0.31812715394689794, 0.03309169423141121]]	0.8024190176037254	[[0.0, 0.0, -0.9412880399999999], [0.0, -1.0, 0.0], [-0.9412880399999999, 0.0, 0.0]]
2	[[0.034229894132735264, 0.2773841392786001, 0.9601491309293217], [-0.1827544195208179, -0.9427759796974285, 0.2788803941677556], [0.9825625356654255, -0.18501754344446375, 0.018422055382213542]]	0.8221418845873812	0.17785811541261864	[[0.02814182967151352, 0.22804911902115696, 0.7893788159871691], [-0.15025006288151813, -0.7750956206921588, 0.22927925283555034], [0.807805814796929, -0.1521106718491591, 0.015145543329906154]]	0.9085577784733373	0.1325029324413191	[[0.0, 0.23850257652627688, 0.8537470263501924], [-0.17858415395408206, -0.821075023323827, 0.2533789513848247], [0.8829090894638534, -0.16809912825049614, 0.0]]	[[-0.03109983657061547, -0.0135169408404268, -0.01860393505005767], [-0.01254120454806345, 0.03549142638809299, 0.0], [-0.009805745151454845, 0.0, -0.016737501712976718]]	0.35108787838633204	[[0.0, 0.0, 0.9702], [0.0, -1.0, 0.0], [0.9702, 0.0, 0.0]]
2	[[-0.42203838922340475, -0.825029846081567, 0.3757783270710803], [0.2588054115689476, 0.28760896992378115, 0.9221175843470338], [-0.8688517462515349, 0.4864224845687207, 0.09214016247897017]]	0.10966603825957771	0.8903339617404223	[[-0.04628327813958446, -0.09047775466567468, 0.04121012039369722], [0.028382164166905963, 0.031540936299459164, 0.10112498228483119], [-0.09528352884632177, 0.05334402680303218, 0.010104646583662433]]	0.35106332957716585	1.1875359367085208	[[-0.06096327719449422, -0.4760291992448816, 0.30490921916825486], [0.1834949657166786, -0.175446058482777, 0.03306632505566143], [0.18249643737007565, 0.17076509701389267, -0.0909708700407128]]	[[0.08719892493565809, -0.18639147447894983, 0.17298722848374426], [0.09263787621869507, -0.27641502108047855, -0.29065534436686136], [0.4875184243180743, 0.0, -0.12331790226836113]]	1.0000000000000002	[[0.0, 0.0, 0.0], [0.0, 0.0, 0.0], [0.0, 0.0, 0.0]]
2	[[-0.30792515101507295, 0.09349718223056193, 0.9468053539599837], [0.3027085282091916, -0.9338174967034747, 0.1906631317268273], [0.9019698710720718, 0.34531602882779927, 0.2592434992682147]]	0.6025122132253787	0.3974877867746213	[[-0.18552866424585057, 0.05633319419607241, 0.5704617893080679], [0.1823855852935171, -0.5626364466873935, 0.11487686547721265], [0.5434478632822435, 0.20805712479123603, 0.15619737450838392]]	0.8065444984043045	0.2825327682095756	[[-0.11859405965356017, 0.14474967454769758, 0.7732629818709222], [0.2958847148019471, -0.8137434807951496, 0.15377829994280773], [0.7178565046648621, 0.27851274326188374, 0.11859405965356017]]	[[0.12976127681796154, 0.06934003660333318, 0.009622332574757218], [0.05173681675475938, -0.06057811631528221, 0.0], [-0.009622332574757218, 0.0, -0.09049735842829876]]	0.47120602317054555	[[0.0, 0.0, 0.9702], [0.0, -1.0, 0.0], [0.9702, 0.0, 0.0]]
2	[[0.04673222253661188, -0.9725397674033924, -0.22799671093185395], [-0.8377629715199755, -0.16246744520517667, 0.5213036857710898], [-0.5440306084466285, 0.16664552219444034, -0.8223502702654952]]	0.18202281640185025	0.8179771835981496	[[0.008506330762832116, -0.17702442752556585, -0.04150060345417455], [-0.15249197555324895, -0.02957278194985955, 0.09488916508471891], [-0.09902598355826754, 0.03033328729058907, -0.14968651226254814]]	0.47772831980881736	0.892464959841024	[[-0.07050818493504213, -0.5912729305886063, 0.11360664443746527], [-0.30137911360208686, -0.20084740551257363, 0.0010828619661268604], [0.08105277201754836, 0.07961128532161296, -0.5241463950479041]]	[[-0.09283349108838948, -0.12666314155972555, 0.22252713007287647], [0.09884398318019301, -0.12323210589107349, -0.24795867194743954], [0.34095160051532486, 0.0, -0.13128638213964225]]	0.8743153038829795	[[0.6655911561337942, -0.665591156133794, 0.0], [-0.7071067811865475, -0.7071067811865476, 0.0], [0.0, 0.0, -0.9412880399999999]]
2	[[0.3802729664721569, 0.7767473726770865, -0.5020517802076895], [0.4287143634067757, 0.332951791095048, 0.839849450446521], [0.8195098935212374, -0.5346088512602871, -0.20639019011321075]]	0.1278604367997708	0.8721395632002295	[[0.048621867596274564, 0.09931525835356662, -0.0641925599134577], [0.054815605767526004, 0.042571361442678854, 0.10738351758013964], [0.10478289294735905, -0.06835532123916403, -0.02638913985906287]]	0.42375742784856185	0.867340761978786	[[0.03051133210465448, 0.31991030098178463, 0.13399941940131227], [0.2835656460819726, -0.14578521422309923, 0.3278826043307654], [0.6111040779646364, 0.0, -0.06324357340164115]]	[[-0.13063216204792916, -0.009242167751985761, 0.3467475904289142], [0.10189475016298367, -0.28687600881510844, -0.028009838570480585], [0.26383067338962796, 0.2265444717151337, 0.02421580269390869]]	1.0000000000000007	[[0.0, 0.0, 0.0], [0.0, 0.0, 0.0], [0.0, 0.0, 0.0]]
2	[[0.8787972042104137, -0.3840163418041313, 0.28327887866788265], [-0.395223040501579, -0.9183905790867732, -0.018907472103605397], [0.2674214316928388, -0.09534250611366366, -0.9588511794847616]]	0.6197757574838341	0.38022424251616616	[[0.5446572029141847, -0.23800401912782643, 0.17556938160555813], [-0.24494965930193013, -0.5691962168195217, -0.011718392845116497], [0.16574132039484055, -0.059090973947002974, -0.594272716079436]]	0.8332723324423603	0.305944275939818	[[0.6037925020711302, -0.26254364621213505, 0.2428241213748632], [-0.3465481593529187, -0.8485112117631196, -0.015755073380360134], [0.2160592107161469, -0.07944627245023252, -0.7050232053210868]]	[[-0.12848489402510654, 0.05744654661897611, 0.0067756694156202125], [-0.017219734559206543, -0.08324175183439418, 0.0], [-0.0067756694156202125, 0.0, 0.09396095347328907]]	0.48057897964085144	[[0.6655911561337942, -0.665591156133794, 0.0], [-0.7071067811865475, -0.7071067811865476, 0.0], [0.0, 0.0, -0.9412880399999999]]
2	[[0.8592155572171323, 0.2624339665249735, -0.4391776855101157], [-0.4266000482917053, 0.8413623931712975, -0.33184593135155627], [0.2824199444684594, 0.4724804086637203, 0.8348660002631537]]	0.1751090720426675	0.8248909279573325	[[0.1504564389089155, 0.04595456835066458, -0.07690399697152284], [-0.07470153858971763, 0.14733018791982389, -0.05810923310010575], [0.04945429440221363, 0.08273560591944439, 0.14619261058605426]]	0.0	0.6885085421252133	[[0.6860349991071883, 0.6860349991071882, 0.0], [-0.7071067811865474, 0.7071067811865475, 0.0], [0.0, 0.0, 0.9701999999999998]]	[[0.6860349991071883, 0.6860349991071882, 0.0], [-0.7071067811865474, 0.7071067811865475, 0.0], [0.0, 0.0, 0.9701999999999998]]	0.6885085421252136	[[0.6860349991071885, 0.6860349991071883, 0.0], [-0.7071067811865475, 0.7071067811865476, 0.0], [0.0, 0.0, 0.9702]]
2	[[-0.5446221603179724, 0.8109226453022452, -0.2139887049042392], [-0.8354447797583356, -0.5021691245819775, 0.22328947644507607], [0.07361197229480154, 0.30038414347728, 0.9509735242804028]]	0.2478386620844083	0.7521613379155917	[[-0.1349784275547264, 0.20097798346565765, -0.053034674324641914], [-0.207055516460709, -0.1244569239764959, 0.055339765099675656], [0.018243892726938132, 0.07444680423078001, 0.23568800593534955]]	0.6055345735221769	0.5839049292230798	[[-0.2582519821261013, 0.541869679317049, 0.1409978078231341], [-0.6131476670065008, -0.5125787753938515, 0.13520949789115927], [0.18969475206582223, 0.009706260022529226, 0.5039657271875919]]	[[0.07153556545276867, 0.050827981134478485, 0.2705753669858855], [-0.1072569685942082, -0.20849800870409907, 0.0], [0.1451201578161633, -0.1721867241908099, -0.0718816202684233]]	0.3978992311809347	[[-0.6655911561337942, 0.665591156133794, 0.0], [-0.7071067811865475, -0.7071067811865476, 0.0], [0.0, 0.0, 0.9412880399999999]]
2	[[-0.3195682178843842, -0.5708200961323295, -0.7563336379995778], [0.910087742671785, 0.03735879733279218, -0.41272826520656647], [0.2638493031197415, -0.8202248094963509, 0.507557688474819]]	0.12086910964707177	0.8791308903529281	[[-0.038625925967186975, -0.0689945167881706, -0.09141737342113962], [0.11000149515745201, 0.004515524571099983, -0.04988609794169819], [0.03189123034908348, -0.09913984243426299, 0.06134804590047715]]	0.37668929340778823	1.080470636467598	[[-0.19776727956040768, -0.29241117204500583, 0.19236705652152364], [0.5432774333497434, -0.07910615750265701, -0.15547031859008376], [0.26448666645519564, -0.042892656613762487, 0.08174647391619838]]	[[-0.07738935336995297, -0.07738935336995295, 0.47726984020012647], [0.2004571246236197, -0.09317881647251136, 0.0], [0.16509745889688288, 0.26607724731095567, -0.10944507311907146]]	0.9855301602949342	[[1.8795024145469544e-16, -0.9412880399999999, 0.0], [1.0, 1.7938038903913487e-16, 0.0], [0.0, 0.0, 0.9412880399999999]]
2	[[0.5319609947059123, -0.8460851799387872, 0.03402011756955908], [-0.703274286200726, -0.4190807785627857, 0.5742617690636116], [-0.47161719485230363, -0.3294103357928521, -0.8179645788128509]]	0.15666961323979034	0.8433303867602098	[[0.08334212329922942, -0.13255583790892816, 0.005329918661995017], [-0.11018171042055735, -0.06565722349366183, 0.08996936925759383], [-0.07388808351474517, -0.0516085899058556, -0.12815019420645735]]	0.47145562834462973	0.8156535250393789	[[0.28179582767192973, -0.5413647353937714, 0.23493790037221254], [-0.37759293705292085, -0.46306393923698624, 0.007482069089608697], [0.156997935969881, -0.15530235684443455, -0.35514676499471753]]	[[0.03099982265801962, -0.14247311525265133, 0.2188989244670979], [-0.04603031655353662, -0.2654859474525115, -0.26325687407857495], [0.3793445169071054, 0.0, 0.030487239473145543]]	0.6638344524929257	[[0.6655911561337942, -0.665591156133794, 0.0], [-0.7071067811865475, -0.7071067811865476, 0.0], [0.0, 0.0, -0.9412880399999999]]
2	[[-0.8305561570912853, 0.32773595720904825, 0.4502950280316503], [-0.5100865793185324, -0.772219296347621, -0.37879947194723407], [0.22358030216652452, -0.5443036842615101, 0.808545204538665]]	0.19444774515769425	0.8055522548423055	[[-0.1614997719732401, 0.063727517886398, 0.08755885285647506], [-0.09918518518369, -0.15015630094205618, -0.07365670318706492], [0.0434746856179566, -0.1058386240856762, 0.15721979188061014]]	0.5369904871981082	0.6403827614127512	[[-0.4050914906774247, 0.16597273188123518, 0.42331392191629064], [-0.35080286868558896, -0.59915715021332, -0.06345350304908826], [0.3415622352128637, -0.2570940543024999, 0.2827874107668843]]	[[0.04090926476441313, -0.010018359452789977, 0.181509775430689], [-0.07689122794411374, -0.1844827340438307, 0.13995820994224306], [0.22150173982456142, 0.03519184629281372, -0.1513936725400275]]	0.680366366268906	[[-0.6655911561337942, 0.665591156133794, 0.0], [-0.7071067811865475, -0.7071067811865476, 0.0], [0.0, 0.0, 0.9412880399999999]]
