2	[[-0.30792515101507295, 0.09349718223056193, 0.9468053539599837], [0.3027085282091916, -0.9338174967034747, 0.1906631317268273], [0.9019698710720718, 0.34531602882779927, 0.2592434992682147]]	0.5773953772523679	0.4226046227476322	[[-0.1777945587358404, 0.053984840806048685, 0.5466810345342865], [0.17478250484285524, -0.5391819057939646, 0.11008801087152936], [0.5207932339779285, 0.1993838787363167, 0.14968599806019484]]	0.7930736229708227	0.29873447216173926	[[-0.10636517768081805, 0.13738783991792383, 0.761371956842865], [0.3014131365227518, -0.8125173993623845, 0.15120990064555814], [0.7048429089320052, 0.27386103405235984, 0.10636517768081805]]	[[0.13784213743854357, 0.06323769086876886, 0.010485604529648569], [0.06134298735172271, -0.07193137405821538, 0.0], [-0.010485604529648569, 0.0, -0.09923400351545886]]	0.4746225800606709	[[0.0, 0.0, 0.9532], [0.0, -1.0, 0.0], [0.9532, 0.0, 0.0]]
2	[[0.5319609947059123, -0.8460851799387872, 0.03402011756955908], [-0.703274286200726, -0.4190807785627857, 0.5742617690636116], [-0.47161719485230363, -0.3294103357928521, -0.8179645788128509]]	0.15358136454535715	0.8464186354546428	[[0.08169929545183953, -0.129942916456603, 0.005224856078326387], [-0.10800982452436954, -0.06436299782640327, 0.08819590609902023], [-0.07243161232847037, -0.050591288866410525, -0.125624116163846]]	0.46517642126672365	0.8123638963445546	[[0.21791102932578585, -0.5249426350571714, 0.23062864702213137], [-0.38182439254149103, -0.39884325891925404, 0.0028413795347123033], [0.14554341734261808, -0.1532339211323887, -0.3430559492074842]]	[[-0.029544682444996976, -0.13136375896643437, 0.21480329048005065], [-0.05467777691772778, -0.2038967621257451, -0.26429165506859625], [0.36492861625186374, 0.0, 0.0374418862876207]]	0.6757544735986515	[[0.6424703200239128, -0.6424703200239127, 0.0], [-0.7071067811865475, -0.7071067811865476, 0.0], [0.0, 0.0, -0.9085902400000001]]
2	[[0.8489524140446696, -0.5135124485683378, 0.12483895166604869], [0.522794976890395, 0.7815435453534784, -0.34040431673891397], [0.0772347773085365, 0.35425224329800037, 0.9319550081910795]]	0.21506721996166958	0.7849327800383304	[[0.18258183556833535, -0.11043969472930223, 0.026848766277746294], [0.11243606228974254, 0.1680843975781596, -0.07320981006398986], [0.01661066884010559, 0.07618804513128594, 0.20043297274101046]]	0.0	0.44235538272500163	[[0.6740141838270172, -0.674014183827017, 0.0], [0.7071067811865475, 0.7071067811865476, 0.0], [0.0, 0.0, 0.9532]]	[[0.6740141838270172, -0.674014183827017, 0.0], [0.7071067811865475, 0.7071067811865476, 0.0], [0.0, 0.0, 0.9532]]	0.44235538272500163	[[0.6740141838270172, -0.674014183827017, 0.0], [0.7071067811865475, 0.7071067811865476, 0.0], [0.0, 0.0, 0.9532]]
2	[[0.8787972042104137, -0.3840163418041313, 0.28327887866788265], [-0.395223040501579, -0.9183905790867732, -0.018907472103605397], [0.2674214316928388, -0.09534250611366366, -0.9588511794847616]]	0.594477356760375	0.40552264323962495	[[0.5224250390874144, -0.2282890198285087, 0.16840287901652587], [-0.2349511484481773, -0.5459624039291351, -0.011240064039171865], [0.158975985853834, -0.05667896102136067, -0.5700153147066691]]	0.8201456614949363	0.3259981440228634	[[0.5859868532031515, -0.25379794679034745, 0.23910388616429962], [-0.34774643645247855, -0.846581818382104, -0.015506881215608505], [0.21255058416196104, -0.07819474274517568, -0.6824618876587949]]	[[-0.13475486116389898, 0.06115138988346738, 0.006773942831685149], [-0.023605974462271122, -0.09336776938626487, 0.0], [-0.006773942831685149, 0.0, 0.1039357472149349]]	0.48939441836130926	[[0.6424703200239128, -0.6424703200239127, 0.0], [-0.7071067811865475, -0.7071067811865476, 0.0], [0.0, 0.0, -0.9085902400000001]]
2	[[0.22433838825039393, -0.7661379269479729, -0.6022499185961573], [-0.9416906372873723, -0.011392912655017143, -0.3362869982418849], [0.2507808429735371, 0.642575192824231, -0.724020780340167]]	0.1444407191808456	0.8555592808191543	[[0.03240359813875867, -0.11066151316008735, -0.0869894113686346], [-0.13601847289565688, -0.0016456004974552546, -0.048573535877225606], [0.03622296531587646, 0.09281402297930247, -0.10457808221421078]]	0.41083846714103184	0.8467322817697917	[[0.16479610189110913, -0.3156228818497494, 0.11167248465357708], [-0.4733305934420613, -0.2863546451330649, -0.13815963487715485], [0.2863274005472874, 0.03932645446178642, -0.3266756627363443]]	[[0.07262926234142757, -0.0008639503238364044, 0.35909991804543356], [-0.08644785549785583, -0.281673998361606, 0.0], [0.1832969834317037, -0.22466815278097363, -0.02922007516313639]]	0.9575103079787082	[[0.6424703200239128, -0.6424703200239127, 0.0], [-0.7071067811865475, -0.7071067811865476, 0.0], [0.0, 0.0, -0.9085902400000001]]
2	[[0.08740825448676931, -0.06334395238859675, -0.994156597696443], [0.7119981850616444, -0.6940087028176986, 0.10681996481098455], [-0.6967197295301035, -0.717174639895393, -0.015561310176609944]]	0.15889269319488503	0.841107306805115	[[0.01388853296286665, -0.010064891192632718, -0.1579642192654518], [0.1131313091743148, -0.11027291189139274, 0.01697291189580018], [-0.11070367422705002, -0.11395381002405083, -0.002472578483602529]]	0.4538456059573927	1.0259532024437323	[[0.0620947762047852, -0.015304483596481365, -6.147889250589234e-05], [0.6350370486808408, -0.6367571814399065, 0.03859519142905972], [0.00914594611161889, -0.012838523923884132, 0.02465119938331245]]	[[0.02242492398155937, 0.013443890859057572, 0.4511321246055762], [0.3118998009409749, -0.3217843811699039, -0.009884580228928934], [0.3253491339426795, 0.3126480350967154, 0.03171363162990693]]	0.8129462468228592	[[0.0, 0.0, -0.9085902400000001], [0.0, -1.0, 0.0], [-0.9085902400000001, 0.0, 0.0]]
2	[[0.034229894132735264, 0.2773841392786001, 0.9601491309293217], [-0.1827544195208179, -0.9427759796974285, 0.2788803941677556], [0.9825625356654255, -0.18501754344446375, 0.018422055382213542]]	0.8106525491778194	0.18934745082218069	[[0.027748550936788727, 0.22486215960769246, 0.7783473405787225], [-0.14815033605806366, -0.7642637512453366, 0.22607510244780615], [0.7965168242637992, -0.14998494323587244, 0.014933886156686373]]	0.8941528971516814	0.15563390213170394	[[0.0, 0.22656761811987192, 0.8321340910296451], [-0.1820776464589299, -0.8212919662174624, 0.24936171240390156], [0.8574564761648794, -0.1654339724947543, 0.0]]	[[-0.03060675900798058, -0.021456213640013884, -0.026386036088476856], [-0.01866725277711681, 0.021693907394008324, 0.0], [-0.021104661733063083, 0.0, -0.016472134191494972]]	0.3586189479932979	[[0.0, 0.0, 0.9532], [0.0, -1.0, 0.0], [0.9532, 0.0, 0.0]]
2	[[0.3802729664721569, 0.7767473726770865, -0.5020517802076895], [0.4287143634067757, 0.332951791095048, 0.839849450446521], [0.8195098935212374, -0.5346088512602871, -0.20639019011321075]]	0.12624338142238206	0.8737566185776183	[[0.04800694515096522, 0.09805921483770658, -0.06338071438254526], [0.05412235090081531, 0.04203295995847742, 0.10602543451009812], [0.1034577000672172, -0.06749082912143396, -0.026055395492300015]]	0.4170181648874818	0.8666582856065337	[[0.0271939176120956, 0.3157567341158092, 0.12614243229058447], [0.2795474359887924, -0.14205062051931208, 0.3279781025502366], [0.5932876636328521, 0.0, -0.06901434774065983]]	[[-0.1313868170224422, -0.00816102981916235, 0.3355071443512885], [0.10076575889999381, -0.2808975654377693, -0.022254374056731623], [0.2515371517294902, 0.22294160208516972, 0.01705411059112981]]	1.0000000000000007	[[0.0, 0.0, 0.0], [0.0, 0.0, 0.0], [0.0, 0.0, 0.0]]
2	[[0.8592155572171323, 0.2624339665249735, -0.4391776855101157], [-0.4266000482917053, 0.8413623931712975, -0.33184593135155627], [0.2824199444684594, 0.4724804086637203, 0.8348660002631537]]	0.17162858217796814	0.8283714178220318	[[0.14746594787042935, 0.045041169590021565, -0.07537544348830277], [-0.07321676144535814, 0.14440183463785192, -0.056954246699394945], [0.04847133464790214, 0.08109114264582129, 0.14328686793375625]]	0.0	0.6884293150584327	[[0.6740141838270172, 0.674014183827017, 0.0], [-0.7071067811865475, 0.7071067811865476, 0.0], [0.0, 0.0, 0.9532]]	[[0.6740141838270172, 0.674014183827017, 0.0], [-0.7071067811865475, 0.7071067811865476, 0.0], [0.0, 0.0, 0.9532]]	0.6884293150584327	[[0.6740141838270172, 0.674014183827017, 0.0], [-0.7071067811865475, 0.7071067811865476, 0.0], [0.0, 0.0, 0.9532]]
2	[[0.04673222253661188, -0.9725397674033924, -0.22799671093185395], [-0.8377629715199755, -0.16246744520517667, 0.5213036857710898], [-0.5440306084466285, 0.16664552219444034, -0.8223502702654952]]	0.1792095468860961	0.8207904531139038	[[0.00837486042576642, -0.17428841104507123, -0.04085918725761779], [-0.15013512252404423, -0.029115717238961385, 0.09342259731708882], [-0.0974954788318874, 0.029864468523062522, -0.14737301931593805]]	0.4707758887080445	0.8835756256505167	[[-0.06363021999105782, -0.5756949669607008, 0.10669512118036732], [-0.30296110496108924, -0.1954657347390764, 0.0], [0.07544484370615817, 0.07544484370615816, -0.5082426685447872]]	[[-0.08563062358703336, -0.11784669365745387, 0.21403047539182196], [0.09143750248291937, -0.11897997883648388, -0.24541720595566396], [0.3315613368819979, -0.0030078501041456624, -0.12109998923124803]]	0.8799288666017052	[[0.6424703200239128, -0.6424703200239127, 0.0], [-0.7071067811865475, -0.7071067811865476, 0.0], [0.0, 0.0, -0.9085902400000001]]
2	[[-0.5446221603179724, 0.8109226453022452, -0.2139887049042392], [-0.8354447797583356, -0.5021691245819775, 0.22328947644507607], [0.07361197229480154, 0.30038414347728, 0.9509735242804028]]	0.24251400437731316	0.7574859956226868	[[-0.1320785009713345, 0.19666009795249112, -0.051895257717842286], [-0.2026070589753165, -0.12178304527702523, 0.054150825068009154], [0.01785193417132415, 0.07284736148612454, 0.23062439743004653]]	0.5996432057677272	0.5808404200633621	[[-0.36989770903586605, 0.5343835804611029, 0.13834371359882439], [-0.6106580737889549, -0.38459946881569484, 0.13389401746972288], [0.18384671027331856, 0.011800845767198073, 0.5021938095377038]]	[[-0.04331873089065201, 0.04811932580241892, 0.2666605866056866], [-0.10968928781275342, -0.08347716511378464, 0.0], [0.13970579122357868, -0.16832246498931105, -0.06805100316203046]]	0.40966411962048904	[[-0.6424703200239128, 0.6424703200239127, 0.0], [-0.7071067811865475, -0.7071067811865476, 0.0], [0.0, 0.0, 0.9085902400000001]]
2	[[-0.8305561570912853, 0.32773595720904825, 0.4502950280316503], [-0.5100865793185324, -0.772219296347621, -0.37879947194723407], [0.22358030216652452, -0.5443036842615101, 0.808545204538665]]	0.19025644848720263	0.8097435515127972	[[-0.15801866471736709, 0.06235387926014733, 0.08567153280474714], [-0.09704726100212976, -0.14691970077638503, -0.07206904222150849], [0.04253759424189858, -0.1035572858660946, 0.1538309390568852]]	0.5288230167354402	0.6499411653012678	[[-0.39216930772924136, 0.15739201301933292, 0.41360046225152297], [-0.3521981809823458, -0.6013635303943138, -0.06113272856835351], [0.3317356552471876, -0.25318372787269744, 0.2737305885535209]]	[[0.04704790483196615, -0.015922304564633075, 0.17547408710685608], [-0.08245265731085814, -0.19299619251844605, 0.1391851509245745], [0.21350124537286486, 0.034656588458688846, -0.15384672567758942]]	0.6810993426100141	[[-0.6424703200239128, 0.6424703200239127, 0.0], [-0.7071067811865475, -0.7071067811865476, 0.0], [0.0, 0.0, 0.9085902400000001]]
2	[[-0.42203838922340475, -0.825029846081567, 0.3757783270710803], [0.2588054115689476, 0.28760896992378115, 0.9221175843470338], [-0.8688517462515349, 0.4864224845687207, 0.09214016247897017]]	0.10817614507416334	0.8918238549258367	[[-0.04565448601949723, -0.0892485483202343, 0.04065025082496759], [0.027996571747861014, 0.031112429655105606, 0.09975112557976179], [-0.09398903255044616, 0.05261930925804091, 0.009967367583482059]]	0.34581611123077677	1.1383265320680713	[[-0.23205440713321654, -0.4634896335630724, 0.2953854902408306], [0.18426867986412282, 0.012150317353273828, 0.028006392396477776], [0.17214885534726174, 0.16821273202876752, -0.08990975635227537]]	[[-0.08610673258187773, -0.17818102054181856, 0.1654352904883028], [0.09476959886986869, -0.08730949818085768, -0.29087672471993126], [0.4726117874720372, 0.0, -0.12177330902892476]]	1.0000000000000002	[[0.0, 0.0, 0.0], [0.0, 0.0, 0.0], [0.0, 0.0, 0.0]]
2	[[-0.3195682178843842, -0.5708200961323295, -0.7563336379995778], [0.910087742671785, 0.03735879733279218, -0.41272826520656647], [0.2638493031197415, -0.8202248094963509, 0.507557688474819]]	0.11813912105258598	0.8818608789474138	[[-0.03775350837720241, -0.06743618443622607, -0.08935259121577488], [0.10751696599997675, 0.004413535480477796, -0.04875935448506237], [0.031170924760903593, -0.09690063805942367, 0.059962419199897365]]	0.370056225365496	1.0756670622911195	[[-0.19163864898173413, -0.28461597066216, 0.1886991799837055], [0.5409620105687728, -0.07759373081248593, -0.15273266392399135], [0.254081553003458, -0.04463437699024454, 0.0840492681493406]]	[[-0.07338044052466053, -0.07338044052466051, 0.46858515117878274], [0.20417837576424724, -0.09141858633765361, 0.0], [0.1564424758256499, 0.2588949199631081, -0.1037756142028872]]	0.9755635833267138	[[1.814213585369466e-16, -0.9085902400000001, 0.0], [1.0, 1.7938038903913487e-16, 0.0], [0.0, 0.0, 0.9085902400000001]]
