2	[[0.22433838825039393, -0.7661379269479729, -0.6022499185961573], [-0.9416906372873723, -0.011392912655017143, -0.3362869982418849], [0.2507808429735371, 0.642575192824231, -0.724020780340167]]	0.13991901815522434	0.8600809818447757	[[0.03138920701852063, -0.10719726651003936, -0.08426621729403815], [-0.1317604293752166, -0.0015940851526182048, -0.047052946612372186], [0.03508900932099683, 0.08990849007087036, -0.10130427670917555]]	0.4013072585480508	0.8691564001858115	[[0.018636008717917176, -0.3067634518781597, 0.10624157075286782], [-0.46388349199890544, -0.12424324225616984, -0.13495441334980404], [0.27589284204122827, 0.04116121450512066, -0.3208198430725875]]	[[-0.07139261485793667, 0.000693259255018161, 0.3479288345454784], [-0.08597620394874306, -0.11967118371170754, 0.0], [0.1752526694511489, -0.21670887453815663, -0.03026504858245449]]	0.962638761043781	[[0.613682815022416, -0.6136828150224158, 0.0], [-0.7071067811865475, -0.7071067811865476, 0.0], [0.0, 0.0, -0.86787856]]
2	[[0.034229894132735264, 0.2773841392786001, 0.9601491309293217], [-0.1827544195208179, -0.9427759796974285, 0.2788803941677556], [0.9825625356654255, -0.18501754344446375, 0.018422055382213542]]	0.7680600087894268	0.23193999121057324	[[0.026290612788449793, 0.2130476644523692, 0.7374521499407353], [-0.14036636106346598, -0.7241085272528676, 0.21419687799568518], [0.7546669897793483, -0.14210457604415297, 0.014149244018782245]]	0.8755354534944292	0.18584289733750417	[[0.0, 0.21190962365941246, 0.8050005447886291], [-0.18664986816136334, -0.8215487033730966, 0.2441696723783711], [0.8256781706761537, -0.16198941880407386, 0.0]]	[[-0.029969485882570677, -0.030950024516038607, -0.035644059981856664], [-0.026641894588092855, 0.003885091554946485, 0.0], [-0.0345901645743111, 0.0, -0.016129162613365833]]	0.3684964128171656	[[0.0, 0.0, 0.9316], [0.0, -1.0, 0.0], [0.9316, 0.0, 0.0]]
2	[[-0.30792515101507295, 0.09349718223056193, 0.9468053539599837], [0.3027085282091916, -0.9338174967034747, 0.1906631317268273], [0.9019698710720718, 0.34531602882779927, 0.2592434992682147]]	0.5470089063403278	0.45299109365967216	[[-0.16843780009143533, 0.05114379139784201, 0.5179109611868177], [0.1655842609556002, -0.5108064875932306, 0.10429443116531367], [0.4933855527270606, 0.1888909432708796, 0.14180850301054576]]	0.7757355553328233	0.3197002968157094	[[-0.09131329543247502, 0.12836285840010375, 0.7459740251332523], [0.3086536915810642, -0.8108875415711408, 0.14790417037160564], [0.6881866507425545, 0.2678739213880581, 0.09131329543247502]]	[[0.14755519259114608, 0.05583376982042462, 0.011503448087014133], [0.07383192334672534, -0.08649210718636394, 0.0], [-0.011503448087014133, 0.0, -0.10979110443877792]]	0.4795579108370886	[[0.0, 0.0, 0.9316], [0.0, -1.0, 0.0], [0.9316, 0.0, 0.0]]
2	[[0.8787972042104137, -0.3840163418041313, 0.28327887866788265], [-0.395223040501579, -0.9183905790867732, -0.018907472103605397], [0.2674214316928388, -0.09534250611366366, -0.9588511794847616]]	0.564405230591932	0.43559476940806807	[[0.49599773868592373, -0.21674083194703087, 0.15988408083637023], [-0.22306595130953816, -0.5183444465629283, -0.010671476152545925], [0.15093405481982125, -0.053811809148295024, -0.5411806210604428]]	0.8031859988366713	0.35116030218140004	[[0.5636736141509595, -0.24294157545108971, 0.23428753974272437], [-0.34937462204675757, -0.8440823751769767, -0.0151862168670108], [0.20802723909401655, -0.07657776600449438, -0.6542684320684551]]	[[-0.14216399608765595, 0.06549497361046605, 0.006761910630528794], [-0.0319370094982307, -0.10644392059097772, 0.0], [-0.006761910630528794, 0.0, 0.11586741026173358]]	0.5021687197235994	[[0.613682815022416, -0.6136828150224158, 0.0], [-0.7071067811865475, -0.7071067811865476, 0.0], [0.0, 0.0, -0.86787856]]
2	[[0.08740825448676931, -0.06334395238859675, -0.994156597696443], [0.7119981850616444, -0.6940087028176986, 0.10681996481098455], [-0.6967197295301035, -0.717174639895393, -0.015561310176609944]]	0.15204132471588502	0.847958675284115	[[0.013289666803271566, -0.00963089843390218, -0.15115288608880437], [0.1082531472520783, -0.10551800254075593, 0.01624104895596631], [-0.10593019063345012, -0.10904018230233335, -0.0023659622135665664]]	0.44325538624038446	1.0241681965230032	[[0.059964308254222325, -0.014846639637720281, -0.0005855068478565033], [0.635218844568405, -0.6364503683290587, 0.038143066099519105], [0.008007841421586443, -0.012357371342150937, 0.023112159180935885]]	[[0.02122012865109156, 0.013230908444279696, 0.44007975984750686], [0.3196218140464532, -0.32882727270741136, -0.009205458660958123], [0.3168326142357487, 0.30553415066649015, 0.03000979373367557]]	0.8264964134297639	[[0.0, 0.0, -0.86787856], [0.0, -1.0, 0.0], [-0.86787856, 0.0, 0.0]]
2	[[-0.5446221603179724, 0.8109226453022452, -0.2139887049042392], [-0.8354447797583356, -0.5021691245819775, 0.22328947644507607], [0.07361197229480154, 0.30038414347728, 0.9509735242804028]]	0.23571392176787975	0.7642860782321204	[[-0.12837502529024425, 0.19114575697457553, -0.05044011684700776], [-0.1969259654573398, -0.11836825374596098, 0.052632438182365494], [0.017351366678676164, 0.07080472449591514, 0.22415769890555573]]	0.5918670416557895	0.5800524896924452	[[-0.3474841594374583, 0.5247326508011083, 0.13497380306690432], [-0.6073719972378882, -0.39762668626290787, 0.13215768185641727], [0.1765437896596287, 0.014337993202662635, 0.4995295155186745]]	[[-0.025140252589874977, 0.04477426371438128, 0.2616266647863301], [-0.11289976697554956, -0.10040933208569543, 0.0], [0.1329752893870566, -0.1634494811575433, -0.06332037099014756]]	0.42608119998251986	[[-0.613682815022416, 0.6136828150224158, 0.0], [-0.7071067811865475, -0.7071067811865476, 0.0], [0.0, 0.0, 0.86787856]]
2	[[0.8592155572171323, 0.2624339665249735, -0.4391776855101157], [-0.4266000482917053, 0.8413623931712975, -0.33184593135155627], [0.2824199444684594, 0.4724804086637203, 0.8348660002631537]]	0.167149450391585	0.8328505496084151	[[0.14361740815674306, 0.04386569326873294, -0.07340830875726422], [-0.07130596360898214, 0.1406332615987309, -0.05546786504009628], [0.04720633849752495, 0.07897484062893233, 0.13954739309460693]]	0.0	0.6888337132621607	[[0.6587406773533877, 0.6587406773533876, 0.0], [-0.7071067811865475, 0.7071067811865476, 0.0], [0.0, 0.0, 0.9316]]	[[0.6587406773533877, 0.6587406773533876, 0.0], [-0.7071067811865475, 0.7071067811865476, 0.0], [0.0, 0.0, 0.9316]]	0.6888337132621607	[[0.6587406773533877, 0.6587406773533876, 0.0], [-0.7071067811865475, 0.7071067811865476, 0.0], [0.0, 0.0, 0.9316]]
2	[[0.5319609947059123, -0.8460851799387872, 0.03402011756955908], [-0.703274286200726, -0.4190807785627857, 0.5742617690636116], [-0.47161719485230363, -0.3294103357928521, -0.8179645788128509]]	0.14972510422121466	0.8502748957787855	[[0.07964791537396373, -0.12668019174636005, 0.005093665648720214], [-0.10529781579750398, -0.06274691324742082, 0.08598140322330834], [-0.07061293365177809, -0.049320996858130094, -0.12246983181201601]]	0.456346639273445	0.8204228942169283	[[0.21504780962044703, -0.500924749169245, 0.22480942588235298], [-0.3836164583854726, -0.39912437152647806, 0.0], [0.1313436752008578, -0.14752344474990173, -0.32755343969438394]]	[[-0.027710802538154878, -0.11481662076511157, 0.2092844595617972], [-0.06267960139034037, -0.20787826664525202, -0.26206242837540233], [0.346564597095276, 0.0028018549311033185, 0.045721946891579365]]	0.6911584283544117	[[0.613682815022416, -0.6136828150224158, 0.0], [-0.7071067811865475, -0.7071067811865476, 0.0], [0.0, 0.0, -0.86787856]]
2	[[0.04673222253661188, -0.9725397674033924, -0.22799671093185395], [-0.8377629715199755, -0.16246744520517667, 0.5213036857710898], [-0.5440306084466285, 0.16664552219444034, -0.8223502702654952]]	0.17553914406552287	0.8244608559344768	[[0.008203334344356359, -0.17071879833967424, -0.04002234748673208], [-0.1470601949504055, -0.028519396269828953, 0.0915092027984594], [-0.09549866735216683, 0.02925281232836415, -0.14435466256445645]]	0.4615361365250983	0.8715775019360589	[[-0.05524871838466885, -0.555027716560385, 0.09767476591757092], [-0.3061693827479761, -0.18777711405092246, 0.0], [0.06906648933112307, 0.06906648933112305, -0.48818047344471543]]	[[-0.07681732782544783, -0.10616546969600549, 0.2029034870214884], [0.08048850245113909, -0.11279251707982214, -0.24060048908708262], [0.3201562745049785, -0.007846441151706454, -0.10863610683600845]]	0.8877553732165963	[[0.613682815022416, -0.6136828150224158, 0.0], [-0.7071067811865475, -0.7071067811865476, 0.0], [0.0, 0.0, -0.86787856]]
2	[[-0.42203838922340475, -0.825029846081567, 0.3757783270710803], [0.2588054115689476, 0.28760896992378115, 0.9221175843470338], [-0.8688517462515349, 0.4864224845687207, 0.09214016247897017]]	0.10622624995024076	0.8937737500497595	[[-0.04483155542224239, -0.08763982664626922, 0.03991752249733588], [0.027491928337797955, 0.030551622327054835, 0.09795309299836023], [-0.09229486276701876, 0.05167083642721407, 0.009787703929946857]]	0.3389742470967864	1.17771291794815	[[-0.05839932194791313, -0.4476992411535544, 0.28348015901490853], [0.18527752811969478, -0.17992213183972378, 0.021408730645828825], [0.15944322753685192, 0.1648846954776303, -0.08849534228767825]]	[[0.08466082328503098, -0.1680353702456777, 0.1561009835206992], [0.09754915858853683, -0.27741416587791984, -0.2911653832429144], [0.4539615940611941, 0.0, -0.11972848449136274]]	1.0000000000000002	[[0.0, 0.0, 0.0], [0.0, 0.0, 0.0], [0.0, 0.0, 0.0]]
2	[[0.8489524140446696, -0.5135124485683378, 0.12483895166604869], [0.522794976890395, 0.7815435453534784, -0.34040431673891397], [0.0772347773085365, 0.35425224329800037, 0.9319550081910795]]	0.21059331445763876	0.7894066855423612	[[0.17878370269048066, -0.10814228855926399, 0.026290248604770167], [0.11009712696515295, 0.16458784560896297, -0.07168687331773578], [0.01626512774480232, 0.07460315407017974, 0.19626349410035526]]	0.0	0.45017106988217587	[[0.6587406773533878, -0.6587406773533876, 0.0], [0.7071067811865475, 0.7071067811865475, 0.0], [0.0, 0.0, 0.9316000000000001]]	[[0.6587406773533877, -0.6587406773533876, 0.0], [0.7071067811865475, 0.7071067811865476, 0.0], [0.0, 0.0, 0.9316]]	0.4501710698821758	[[0.6587406773533877, -0.6587406773533876, 0.0], [0.7071067811865475, 0.7071067811865476, 0.0], [0.0, 0.0, 0.9316]]
2	[[-0.3195682178843842, -0.5708200961323295, -0.7563336379995778], [0.910087742671785, 0.03735879733279218, -0.41272826520656647], [0.2638493031197415, -0.8202248094963509, 0.507557688474819]]	0.1146432767628737	0.8853567232371262	[[-0.03663634764753777, -0.06544068626270882, -0.08670856658625672], [0.10433544096162044, 0.0042829349421514284, -0.04731652073593714], [0.030248548681247864, -0.09403325984286551, 0.058188076552943085]]	0.3614610111093641	1.0699964882440838	[[-0.18396930240383738, -0.27478706035846656, 0.18397515496775274], [0.5379616561672985, -0.07563390899762934, -0.14918517605497927], [0.241189749102809, -0.04663445374314066, 0.08664829358528242]]	[[-0.06845785124893038, -0.06845785124893036, 0.45736027649510386], [0.20900042050291637, -0.08913765765537031, 0.0], [0.14581851321664613, 0.24984483523439588, -0.09681402168715726]]	0.9644846942725752	[[1.7329231645751433e-16, -0.86787856, 0.0], [1.0, 1.7938038903913487e-16, 0.0], [0.0, 0.0, 0.86787856]]
2	[[0.3802729664721569, 0.7767473726770865, -0.5020517802076895], [0.4287143634067757, 0.332951791095048, 0.839849450446521], [0.8195098935212374, -0.5346088512602871, -0.20639019011321075]]	0.12406016649162102	0.8759398335083793	[[0.04717672753279841, 0.09636340837624854, -0.062284627439980714], [0.053186375301593924, 0.04130605463693503, 0.10419186265029182], [0.10166853383177533, -0.06632366309524548, -0.02560480134768224]]	0.40825046177766794	0.9535206845091294	[[0.1428274636704901, 0.31025667889632313, 0.11651093405390431], [0.27431979116571287, -0.2750654660032904, 0.32810234462843957], [0.5709435972689209, 0.0, -0.07582338276473621]]	[[-0.012419150493331643, -0.006850794683687659, 0.3214738051599938], [0.09929695433417772, -0.41099318846754546, -0.014766581340073298], [0.2363783048075082, 0.21825431039744084, 0.008435507655362745]]	1.0000000000000007	[[0.0, 0.0, 0.0], [0.0, 0.0, 0.0], [0.0, 0.0, 0.0]]
2	[[-0.8305561570912853, 0.32773595720904825, 0.4502950280316503], [-0.5100865793185324, -0.772219296347621, -0.37879947194723407], [0.22358030216652452, -0.5443036842615101, 0.808545204538665]]	0.18489816315190513	0.8151018368480947	[[-0.1535683078406838, 0.0605977764867844, 0.08325872355948777], [-0.0943140715644352, -0.14278192944513177, -0.07003932656595518], [0.04133958718753833, -0.10064075141676775, 0.1494985231444806]]	0.5182075875677891	0.6621261373767489	[[-0.37618970269652935, 0.1468827697911228, 0.4013021894442792], [-0.3539897786633387, -0.6041077360262566, -0.058111621047606345], [0.3194256026510693, -0.24810139627104735, 0.2624796311796866]]	[[0.05421079980931924, -0.022952489953398218, 0.1679558892742277], [-0.08965904294397625, -0.2039378373926602, 0.13818513948212222], [0.2035645936376773, 0.03396090285436937, -0.1565146287037996]]	0.6838163630777312	[[-0.613682815022416, 0.6136828150224158, 0.0], [-0.7071067811865475, -0.7071067811865476, 0.0], [0.0, 0.0, 0.86787856]]
