2	[[-0.5446221603179724, 0.8109226453022452, -0.2139887049042392], [-0.8354447797583356, -0.5021691245819775, 0.22328947644507607], [0.07361197229480154, 0.30038414347728, 0.9509735242804028]]	0.2510835182935743	0.7489164817064258	[[-0.1367456481532835, 0.2036093108464199, -0.053729036902441796], [-0.2097664146417232, -0.12608639057844712, 0.05606430734375988], [0.01848275299230788, 0.07542150758387726, 0.23877377828036325]]	0.6090427614085773	0.5843735042125856	[[-0.25867851092087824, 0.5464043859322985, 0.14262279584874185], [-0.6146301683766221, -0.5150822020141568, 0.1359928393275846], [0.1933161316998459, 0.008382960493013953, 0.5049121297135609]]	[[0.07301967352348453, 0.05251781874867085, 0.27295106759386484], [-0.10580857270822476, -0.20923973168462134, 0.0], [0.14848329282068828, -0.1745638277337389, -0.07427141154062232]]	0.39128950622539943	[[-0.6799371647846768, 0.6799371647846767, 0.0], [-0.7071067811865475, -0.7071067811865476, 0.0], [0.0, 0.0, 0.9615763599999998]]
2	[[0.08740825448676931, -0.06334395238859675, -0.994156597696443], [0.7119981850616444, -0.6940087028176986, 0.10681996481098455], [-0.6967197295301035, -0.717174639895393, -0.015561310176609944]]	0.16777377549609265	0.8322262245039077	[[0.014664812864768593, -0.010627454047079602, -0.16679340582988234], [0.11945462365415777, -0.11643646029887109, 0.017921588794698642], [-0.11689129948588198, -0.12032309702530077, -0.002610779759995654]]	0.46695070354755147	1.0283272094270846	[[0.06482222139208266, -0.015884509106067396, 0.0006571925667685947], [0.6348120814080475, -0.6371368539931723, 0.039154683746022365], [0.010677856797941363, -0.01345819478256707, 0.02668448413576678]]	[[0.02400687546362225, 0.013693994027270508, 0.4648793152975627], [0.30234402796893267, -0.3130690019443243, -0.010724973975391554], [0.33601162467748297, 0.32142700788304857, 0.033950848870856476]]	0.7960436658596782	[[0.0, 0.0, -0.9615763599999998], [0.0, -1.0, 0.0], [-0.9615763599999998, 0.0, 0.0]]
2	[[0.5319609947059123, -0.8460851799387872, 0.03402011756955908], [-0.703274286200726, -0.4190807785627857, 0.5742617690636116], [-0.47161719485230363, -0.3294103357928521, -0.8179645788128509]]	0.15858256091098288	0.8414174390890172	[[0.08435973684521736, -0.13417435458352264, 0.005394997366673371], [-0.11152703732855464, -0.06645890309305508, 0.09106790197137897], [-0.07479026252933232, -0.052238734640577295, -0.12971491764261533]]	0.47521651705283013	0.8067542080805348	[[0.22088887745231897, -0.5515223954381615, 0.23756012015326433], [-0.3750585353412442, -0.3962111827668667, 0.01026157878386365], [0.16418559545812833, -0.15654123245668244, -0.36264557558322674]]	[[-0.03190777365978366, -0.14944874309763395, 0.22139319837213062], [-0.040850978520119735, -0.19705707481447132, -0.26263709898714255], [0.388305876178066, 0.0, 0.026064702632801515]]	0.6566371907282909	[[0.6799371647846768, -0.6799371647846767, 0.0], [-0.7071067811865475, -0.7071067811865476, 0.0], [0.0, 0.0, -0.9615763599999998]]
2	[[-0.30792515101507295, 0.09349718223056193, 0.9468053539599837], [0.3027085282091916, -0.9338174967034747, 0.1906631317268273], [0.9019698710720718, 0.34531602882779927, 0.2592434992682147]]	0.6184347493966754	0.3815652506033247	[[-0.19043161360094008, 0.057821906462052854, 0.5855373318036731], [0.18720547278328784, -0.5775051895560442, 0.11791270608866578], [0.5578095111798084, 0.21355543175077518, 0.1603251885026556]]	0.814712023305112	0.2727974841356296	[[-0.12623903017389113, 0.1493669887271055, 0.7804407828936202], [0.2925749136823443, -0.8144694129458393, 0.1553355458188526], [0.7257786213286098, 0.28133312052598275, 0.12623903017389113]]	[[0.12463129263613118, 0.07319371021871762, 0.009067077292768953], [0.045954636193321186, -0.053677070808836595, 0.0], [-0.009067077292768953, 0.0, -0.08496976564361347]]	0.46932740357148395	[[0.0, 0.0, 0.9805999999999999], [0.0, -1.0, 0.0], [0.9805999999999999, 0.0, 0.0]]
2	[[0.034229894132735264, 0.2773841392786001, 0.9601491309293217], [-0.1827544195208179, -0.9427759796974285, 0.2788803941677556], [0.9825625356654255, -0.18501754344446375, 0.018422055382213542]]	0.8250234768156121	0.1749765231843879	[[0.028240466268419577, 0.22884842700113667, 0.7921455742607973], [-0.15077668659648413, -0.7778123166282176, 0.23008287241199007], [0.8106371593634533, -0.15264381696443502, 0.015198628181523574]]	0.9172635380259216	0.1269276091425544	[[0.0, 0.24597778799287368, 0.8670823366632956], [-0.17649128405853645, -0.8209362635366939, 0.2558068170403791], [0.8986735524052746, -0.16970984649673349, 0.0]]	[[-0.03139783379844548, -0.00845656899409006, -0.013627452205447808], [-0.008857318618997467, 0.04383776716642401, 0.0], [-0.002595235390914453, 0.0, -0.01689787969759867]]	0.3465853025781774	[[0.0, 0.0, 0.9805999999999999], [0.0, -1.0, 0.0], [0.9805999999999999, 0.0, 0.0]]
2	[[-0.3195682178843842, -0.5708200961323295, -0.7563336379995778], [0.910087742671785, 0.03735879733279218, -0.41272826520656647], [0.2638493031197415, -0.8202248094963509, 0.507557688474819]]	0.12252940367838173	0.877470596321618	[[-0.03915650317193674, -0.06994224598673088, -0.0926731096459893], [0.11151250840457834, 0.004577551159328539, -0.05057134821697357], [0.032329297772218546, -0.10050165678980214, 0.0621907409011974]]	0.38068993806610646	1.0835629846498231	[[-0.2015567535724437, -0.297205815541647, 0.19458915277398686], [0.544673949067866, -0.08001835706408945, -0.15712149771961936], [0.2709645365718931, -0.04175433428491429, 0.08022594850604645]]	[[-0.07990034849814154, -0.07990034849814152, 0.48251775858135915], [0.19821270267542151, -0.09424047530693433, 0.0], [0.17051976170845334, 0.27049699764253554, -0.1129961564844085]]	0.9921839152963757	[[1.9200128054227389e-16, -0.9615763599999998, 0.0], [1.0, 1.7938038903913487e-16, 0.0], [0.0, 0.0, 0.9615763599999998]]
2	[[0.8592155572171323, 0.2624339665249735, -0.4391776855101157], [-0.4266000482917053, 0.8413623931712975, -0.33184593135155627], [0.2824199444684594, 0.4724804086637203, 0.8348660002631537]]	0.1772186046137162	0.8227813953862841	[[0.15226898211241688, 0.04650818135079853, -0.0778304566035842], [-0.07560146528639994, 0.14910506929227424, -0.05880927290086186], [0.05005006847378357, 0.0837323187307029, 0.1479537876060705]]	0.0	0.6887321697898181	[[0.6933889096315282, 0.6933889096315282, 0.0], [-0.7071067811865474, 0.7071067811865476, 0.0], [0.0, 0.0, 0.9805999999999997]]	[[0.6933889096315283, 0.6933889096315282, 0.0], [-0.7071067811865474, 0.7071067811865475, 0.0], [0.0, 0.0, 0.9805999999999997]]	0.6887321697898182	[[0.6933889096315284, 0.6933889096315283, 0.0], [-0.7071067811865475, 0.7071067811865476, 0.0], [0.0, 0.0, 0.9805999999999999]]
2	[[0.04673222253661188, -0.9725397674033924, -0.22799671093185395], [-0.8377629715199755, -0.16246744520517667, 0.5213036857710898], [-0.5440306084466285, 0.16664552219444034, -0.8223502702654952]]	0.18371134629787603	0.8162886537021237	[[0.008585239517692932, -0.17866658999790044, -0.04188558271677851], [-0.15390656337644387, -0.02984711308821942, 0.09576940194305182], [-0.09994459550498278, 0.030614673236853213, -0.15107507527889633]]	0.48160222082431664	0.8965418075752506	[[-0.07488806778450247, -0.5992373827342073, 0.1170746842930239], [-0.30208561868546624, -0.20303089862677967, 0.0037171811168777258], [0.08531175275847237, 0.0802568535792704, -0.5337822118949109]]	[[-0.09739440994219094, -0.13086007091276922, 0.22687840661844447], [0.10138288892293264, -0.12478621620431363, -0.2473438316743808], [0.3473181019827729, 0.0, -0.13773649543957142]]	0.8711445055388485	[[0.6799371647846768, -0.6799371647846767, 0.0], [-0.7071067811865475, -0.7071067811865476, 0.0], [0.0, 0.0, -0.9615763599999998]]
2	[[0.3802729664721569, 0.7767473726770865, -0.5020517802076895], [0.4287143634067757, 0.332951791095048, 0.839849450446521], [0.8195098935212374, -0.5346088512602871, -0.20639019011321075]]	0.12880627514575438	0.8711937248542461	[[0.04898154434990488, 0.1000499358037866, -0.06466741973884743], [0.055221100251910085, 0.042886280014060474, 0.10817787939522519], [0.10555801682956437, -0.06886097479078825, -0.026584351615106763]]	0.4278108427509935	0.9440950971001842	[[0.14234781142157538, 0.3223757504386048, 0.13892594244336776], [0.2859824493387767, -0.262158446868363, 0.3278251657194222], [0.6221040145741726, 0.0, -0.05953497713916103]]	[[-0.02033708684029842, -0.009925197670999614, 0.3537091376386559], [0.10257379623026835, -0.4045988332121882, -0.03147153546006271], [0.271508796384075, 0.228711463199804, 0.028760984028709413]]	1.0000000000000007	[[0.0, 0.0, 0.0], [0.0, 0.0, 0.0], [0.0, 0.0, 0.0]]
2	[[0.22433838825039393, -0.7661379269479729, -0.6022499185961573], [-0.9416906372873723, -0.011392912655017143, -0.3362869982418849], [0.2507808429735371, 0.642575192824231, -0.724020780340167]]	0.1500848231335113	0.8499151768664888	[[0.03366978732261736, -0.1149856752618615, -0.09038857251467573], [-0.14133347274375882, -0.0017099032808037817, -0.050471574653232716], [0.03763839846295618, 0.09644078416500663, -0.10866453076234078]]	0.4226294216317108	0.8482844401809132	[[0.16891123340144906, -0.32678808790665115, 0.11877033906379045], [-0.4850174998924257, -0.28337236019575773, -0.14212477956923195], [0.2997423241138142, 0.036689792909062435, -0.33368973077333697]]	[[0.07409923012539492, -0.0029956589505114872, 0.37329887383782934], [-0.08703133049966634, -0.2785573801096673, 0.0], [0.19375496149159532, -0.23488138918912738, -0.027697247128832106]]	0.9522824447836161	[[0.6799371647846768, -0.6799371647846767, 0.0], [-0.7071067811865475, -0.7071067811865476, 0.0], [0.0, 0.0, -0.9615763599999998]]
2	[[0.8787972042104137, -0.3840163418041313, 0.28327887866788265], [-0.395223040501579, -0.9183905790867732, -0.018907472103605397], [0.2674214316928388, -0.09534250611366366, -0.9588511794847616]]	0.6360205903533809	0.3639794096466192	[[0.558933116622808, -0.24424230041960923, 0.18017119964499045], [-0.25136999154107237, -0.5841153182857528, -0.012025541569425183], [0.1700855368584256, -0.06063979702418318, -0.6098490932369337]]	0.8412075831563525	0.2935705586291798	[[0.6147914025628215, -0.2679821813395413, 0.24506970412460563], [-0.3458496458069885, -0.8496753976878044, -0.015905108911870053], [0.21818357299739008, -0.08020283913994476, -0.7189867363150173]]	[[-0.12445946967558026, 0.05505527744205567, 0.0067733632411543995], [-0.013385027098950081, -0.07711827826065691, 0.0], [-0.0067733632411543995, 0.0, 0.08760614698597696]]	0.4758043707243854	[[0.6799371647846768, -0.6799371647846767, 0.0], [-0.7071067811865475, -0.7071067811865476, 0.0], [0.0, 0.0, -0.9615763599999998]]
2	[[-0.8305561570912853, 0.32773595720904825, 0.4502950280316503], [-0.5100865793185324, -0.772219296347621, -0.37879947194723407], [0.22358030216652452, -0.5443036842615101, 0.808545204538665]]	0.19700002765847782	0.8029999723415219	[[-0.16361958591890227, 0.06456399263486023, 0.08870813297671012], [-0.10048707023396922, -0.1521272227388917, -0.0746235064506219], [0.044045325710696165, -0.10722784085412887, 0.15928342765724662]]	0.5419065675045543	0.634555141178298	[[-0.4131489954845845, 0.17135701646179033, 0.42927163908346805], [-0.3499559343129214, -0.5977895473255727, -0.06484888787906475], [0.3476340559309151, -0.2594477180030537, 0.28841643149192686]]	[[0.03693484072452735, -0.006245251157184498, 0.1852538060784694], [-0.07353666698427591, -0.1793188390810512, 0.14042503373639856], [0.22647442182222277, 0.03551402321518392, -0.14973952497188903]]	0.6805788933443162	[[-0.6799371647846768, 0.6799371647846767, 0.0], [-0.7071067811865475, -0.7071067811865476, 0.0], [0.0, 0.0, 0.9615763599999998]]
2	[[0.8489524140446696, -0.5135124485683378, 0.12483895166604869], [0.522794976890395, 0.7815435453534784, -0.34040431673891397], [0.0772347773085365, 0.35425224329800037, 0.9319550081910795]]	0.2204714222180171	0.7795285777819829	[[0.18716974611984724, -0.11321481986251777, 0.027523421222020006], [0.11526135208346076, 0.17230801696939263, -0.07504942384058072], [0.017028061197904898, 0.07810249590383316, 0.205469446099091]]	0.0	0.43309298121968054	[[0.6933889096315285, -0.6933889096315283, 0.0], [0.7071067811865475, 0.7071067811865477, 0.0], [0.0, 0.0, 0.9805999999999998]]	[[0.6933889096315284, -0.6933889096315283, 0.0], [0.7071067811865475, 0.7071067811865476, 0.0], [0.0, 0.0, 0.9805999999999999]]	0.43309298121968054	[[0.6933889096315284, -0.6933889096315283, 0.0], [0.7071067811865475, 0.7071067811865476, 0.0], [0.0, 0.0, 0.9805999999999999]]
2	[[-0.42203838922340475, -0.825029846081567, 0.3757783270710803], [0.2588054115689476, 0.28760896992378115, 0.9221175843470338], [-0.8688517462515349, 0.4864224845687207, 0.09214016247897017]]	0.11055837594495274	0.8894416240550473	[[-0.04665987889896346, -0.0912139598888923, 0.041545441556289905], [0.028613105988827936, 0.03179758062197396, 0.10194782255569104], [-0.09605883800250589, 0.05377807991702659, 0.010186866722979027]]	0.35421442825618227	1.190812057541749	[[-0.06164466457744759, -0.48374952436147145, 0.310802406091689], [0.18303032912887096, -0.1742793405895749, 0.03610495353759558], [0.18897729903695665, 0.17229786226246105, -0.09159764087118918]]	[[0.08784742216348078, -0.19151204913740313, 0.17769630081714177], [0.0913577182403702, -0.27615458743247656, -0.2905223993868609], [0.49673712357482963, 0.0, -0.12423501584310932]]	1.0000000000000002	[[0.0, 0.0, 0.0], [0.0, 0.0, 0.0], [0.0, 0.0, 0.0]]
