2	[[0.8787972042104137, -0.3840163418041313, 0.28327887866788265], [-0.395223040501579, -0.9183905790867732, -0.018907472103605397], [0.2674214316928388, -0.09534250611366366, -0.9588511794847616]]	0.5747349943578354	0.4252650056421647	[[0.5050755062035537, -0.22070763004011398, 0.16281028473287948], [-0.22714851195276153, -0.5278312042897257, -0.01086678587278658], [0.15369645503514795, -0.05479667471329837, -0.5510853272311782]]	0.8091893540821989	0.3423481127178732	[[0.5714849389050559, -0.24672895514853532, 0.23599365239278958], [-0.3487878767878635, -0.8449679900174376, -0.01529972513884365], [0.20962717604086906, -0.0771501409386936, -0.6641279694534721]]	[[-0.13962840313921104, 0.06401298043295861, 0.006767399538396027], [-0.028977599925988088, -0.101816110531035, 0.0], [-0.006767399538396027, 0.0, 0.11176419713475685]]	0.49749046905374306	[[0.6237365158058689, -0.6237365158058688, 0.0], [-0.7071067811865475, -0.7071067811865476, 0.0], [0.0, 0.0, -0.8820966400000001]]
2	[[-0.8305561570912853, 0.32773595720904825, 0.4502950280316503], [-0.5100865793185324, -0.772219296347621, -0.37879947194723407], [0.22358030216652452, -0.5443036842615101, 0.808545204538665]]	0.18678754142900078	0.813212458570999	[[-0.15513754260180013, 0.06121699368495833, 0.08410950120373492], [-0.0952778180668377, -0.14424094380880517, -0.07075502205962761], [0.04176201495363821, -0.10166914697395459, 0.15102617088998582]]	0.5219731949843623	0.6578350316863734	[[-0.3817566162699505, 0.15053039476701358, 0.4056239139875233], [-0.3533570792222187, -0.6031503309543027, -0.059183917090629215], [0.3237345904298591, -0.24990424995415408, 0.26640573437422377]]	[[0.051771434660921656, -0.02053898992865158, 0.17058197952026977], [-0.08710555769667999, -0.20007255761115875, 0.1385392535400579], [0.2070316657724291, 0.034207683161585935, -0.1556331893281079]]	0.6826442531135064	[[-0.6237365158058689, 0.6237365158058688, 0.0], [-0.7071067811865475, -0.7071067811865476, 0.0], [0.0, 0.0, 0.8820966400000001]]
2	[[0.8592155572171323, 0.2624339665249735, -0.4391776855101157], [-0.4266000482917053, 0.8413623931712975, -0.33184593135155627], [0.2824199444684594, 0.4724804086637203, 0.8348660002631537]]	0.16873262577249434	0.8312673742275057	[[0.14497769707382357, 0.04428117226364969, -0.0741036040568086], [-0.07198134630293236, 0.1419652858260228, -0.05599323534886699], [0.047653458800685194, 0.07972285997989072, 0.14086913239258192]]	0.0	0.6886275859187232	[[0.6641146888904055, 0.6641146888904054, 0.0], [-0.7071067811865475, 0.7071067811865476, 0.0], [0.0, 0.0, 0.9392]]	[[0.6641146888904055, 0.6641146888904054, 0.0], [-0.7071067811865475, 0.7071067811865476, 0.0], [0.0, 0.0, 0.9392]]	0.6886275859187232	[[0.6641146888904055, 0.6641146888904054, 0.0], [-0.7071067811865475, 0.7071067811865476, 0.0], [0.0, 0.0, 0.9392]]
2	[[0.3802729664721569, 0.7767473726770865, -0.5020517802076895], [0.4287143634067757, 0.332951791095048, 0.839849450446521], [0.8195098935212374, -0.5346088512602871, -0.20639019011321075]]	0.12484485643076236	0.8751551435692382	[[0.04747512390371657, 0.09697291422484272, -0.06267858242083765], [0.0535227831493246, 0.04156731855762645, 0.10485088406445059], [0.1023115950002482, -0.06674316528220536, -0.02576675365340153]]	0.4113616659280238	0.9535020762278439	[[0.1448525174287607, 0.31222039857848405, 0.11985488758402921], [0.27617481180982506, -0.2752855969522256, 0.32805825754377066], [0.5787680282029775, 0.0, -0.0734945109820147]]	[[-0.011577203566617365, -0.0073036946511779565, 0.3263797442723944], [0.0998181570715416, -0.41224920041080393, -0.017423611520645553], [0.2416530731595838, 0.21991758767429886, 0.011406501454157211]]	1.0000000000000007	[[0.0, 0.0, 0.0], [0.0, 0.0, 0.0], [0.0, 0.0, 0.0]]
2	[[0.8489524140446696, -0.5135124485683378, 0.12483895166604869], [0.522794976890395, 0.7815435453534784, -0.34040431673891397], [0.0772347773085365, 0.35425224329800037, 0.9319550081910795]]	0.21218892007005968	0.7878110799299404	[[0.18013829592700858, -0.10896165190424764, 0.026489442336697283], [0.11093130156442473, 0.16583488087628026, -0.0722300243560167], [0.016388363988949883, 0.07516840093779874, 0.19775052674194882]]	0.0	0.4473710149825424	[[0.6641146888904055, -0.6641146888904054, 0.0], [0.7071067811865475, 0.7071067811865476, 0.0], [0.0, 0.0, 0.9392]]	[[0.6641146888904055, -0.6641146888904054, 0.0], [0.7071067811865475, 0.7071067811865476, 0.0], [0.0, 0.0, 0.9392]]	0.4473710149825424	[[0.6641146888904055, -0.6641146888904054, 0.0], [0.7071067811865475, 0.7071067811865476, 0.0], [0.0, 0.0, 0.9392]]
2	[[-0.42203838922340475, -0.825029846081567, 0.3757783270710803], [0.2588054115689476, 0.28760896992378115, 0.9221175843470338], [-0.8688517462515349, 0.4864224845687207, 0.09214016247897017]]	0.10691964969657781	0.8930803503034224	[[-0.0451241967342744, -0.08821190213226265, 0.04017808709400596], [0.02767138394453053, 0.03075105031384425, 0.09859248909743941], [-0.092897324347474, 0.052008121654626656, 0.009851593895237216]]	0.341404053797105	1.1331741410866956	[[-0.22926266003752266, -0.4532370701605599, 0.2876441621144345], [0.18491924765650708, 0.0141015842990947, 0.023751811773166754], [0.1638572333912756, 0.16606660808982104, -0.08900150456510682]]	[[-0.0851770430986519, -0.1715685362047113, 0.15935191792327322], [0.09656203100224016, -0.08408928394129389, -0.2910628696005045], [0.4604867417102433, 0.0, -0.12045852955295115]]	1.0000000000000002	[[0.0, 0.0, 0.0], [0.0, 0.0, 0.0], [0.0, 0.0, 0.0]]
2	[[-0.5446221603179724, 0.8109226453022452, -0.2139887049042392], [-0.8354447797583356, -0.5021691245819775, 0.22328947644507607], [0.07361197229480154, 0.30038414347728, 0.9509735242804028]]	0.23811078380444733	0.7618892161955526	[[-0.12968040947058374, 0.1930894266776934, -0.05095301825004697], [-0.19892841133359118, -0.11957188385660782, 0.05316763225162175], [0.017527804420506443, 0.0715247038458027, 0.22643705124368427]]	0.594641007983848	0.5802069166034767	[[-0.3552940205666804, 0.5281467205792153, 0.13615933328097024], [-0.6085442288900067, -0.3929795283548862, 0.13277707934548574], [0.1790971007346459, 0.013461275034980551, 0.5005204942408175]]	[[-0.03143935018486041, 0.045938861379759645, 0.26340579246238527], [-0.11175450293966602, -0.09436917393509252, 0.0], [0.13532440332958598, -0.16515945482471406, -0.06496736080323368]]	0.4201351019257575	[[-0.6237365158058689, 0.6237365158058688, 0.0], [-0.7071067811865475, -0.7071067811865476, 0.0], [0.0, 0.0, 0.8820966400000001]]
2	[[0.034229894132735264, 0.2773841392786001, 0.9601491309293217], [-0.1827544195208179, -0.9427759796974285, 0.2788803941677556], [0.9825625356654255, -0.18501754344446375, 0.018422055382213542]]	0.7827762242012375	0.21722377579876256	[[0.026794347284030604, 0.21712970919781277, 0.7515819113789541], [-0.14305581446859478, -0.7379826216551758, 0.21830094195038857], [0.7691265917097755, -0.14482733406844575, 0.014420346954115204]]	0.8821264121577161	0.17523349297011692	[[0.0, 0.21700261985806288, 0.8145060387543843], [-0.18502378807938685, -0.8214608863417914, 0.24600776152833193], [0.8367881429193058, -0.16320886178489918, 0.0]]	[[-0.03019509369984822, -0.027685255713224867, -0.03246686924864748], [-0.023811287681521666, 0.01018670609717715, 0.0], [-0.029956221387823924, 0.0, -0.016250581618882782]]	0.36498146651236146	[[0.0, 0.0, 0.9392], [0.0, -1.0, 0.0], [0.9392, 0.0, 0.0]]
2	[[-0.30792515101507295, 0.09349718223056193, 0.9468053539599837], [0.3027085282091916, -0.9338174967034747, 0.1906631317268273], [0.9019698710720718, 0.34531602882779927, 0.2592434992682147]]	0.5575134611199257	0.4424865388800744	[[-0.17167241670828912, 0.05212593767032099, 0.5278567298931068], [0.16876407927242507, -0.5206158246414989, 0.1062972624769878], [0.5028603446472839, 0.1925183344119744, 0.1445317405498633]]	0.7818649026535945	0.3122838298161616	[[-0.09654674019071108, 0.13149662563426073, 0.7514292477418719], [0.30607812230661385, -0.8114703105277727, 0.14907281092722532], [0.6940632136061936, 0.26999048326417313, 0.09654674019071108]]	[[0.1442091280322823, 0.05839446035117704, 0.01115537183604709], [0.06940094836592137, -0.08135118437148715, 0.0], [-0.01115537183604709, 0.0, -0.10614665312820885]]	0.4777474653678526	[[0.0, 0.0, 0.9392], [0.0, -1.0, 0.0], [0.9392, 0.0, 0.0]]
2	[[0.22433838825039393, -0.7661379269479729, -0.6022499185961573], [-0.9416906372873723, -0.011392912655017143, -0.3362869982418849], [0.2507808429735371, 0.642575192824231, -0.724020780340167]]	0.14151678697145156	0.8584832130285485	[[0.0317476478995498, -0.10842137779864577, -0.08522847343354636], [-0.13326503331000752, -0.0016122883931843635, -0.04759025549146572], [0.03548969913160714, 0.09093517667604611, -0.10246109453430356]]	0.40468454048293856	0.86897879537244	[[0.01895072786320054, -0.309886436734073, 0.1081359148536312], [-0.467230971463841, -0.1250366002696705, -0.13609014935390393], [0.2795501068929039, 0.04054014466770862, -0.32291301391716154]]	[[-0.0718355496985932, 0.0001577381794185262, 0.35185714641660426], [-0.08614332863611529, -0.1204260646471126, 0.0], [0.17806297669223403, -0.21950010196610095, -0.029912997125102356]]	0.9607409333492123	[[0.6237365158058689, -0.6237365158058688, 0.0], [-0.7071067811865475, -0.7071067811865476, 0.0], [0.0, 0.0, -0.8820966400000001]]
2	[[0.5319609947059123, -0.8460851799387872, 0.03402011756955908], [-0.703274286200726, -0.4190807785627857, 0.5742617690636116], [-0.47161719485230363, -0.3294103357928521, -0.8179645788128509]]	0.15107343017396524	0.8489265698260348	[[0.08036517218897671, -0.1278209903527092, 0.005139535856154884], [-0.10624605876949063, -0.06331197073745595, 0.08675569527020928], [-0.07124882735536087, -0.04976514936298389, -0.1235727146820601]]	0.45967632261034447	0.8176659362175815	[[0.21616903171659754, -0.5104145262257336, 0.22695683261061364], [-0.38414995658583384, -0.39960979661711427, 0.0], [0.13632542719044244, -0.15047643897914365, -0.3331062281450191]]	[[-0.028360842101957103, -0.12148920209636026, 0.21131859007146714], [-0.06087141891866922, -0.20696828545069285, -0.26397453821887185], [0.3531166849999556, 0.0009456928079533582, 0.042892721469191396]]	0.6857071422391438	[[0.6237365158058689, -0.6237365158058688, 0.0], [-0.7071067811865475, -0.7071067811865476, 0.0], [0.0, 0.0, -0.8820966400000001]]
2	[[0.04673222253661188, -0.9725397674033924, -0.22799671093185395], [-0.8377629715199755, -0.16246744520517667, 0.5213036857710898], [-0.5440306084466285, 0.16664552219444034, -0.8223502702654952]]	0.17684287125897974	0.8231571287410201	[[0.008264260413688017, -0.17198672488115624, -0.04031959299879266], [-0.1481524093180473, -0.028731209496194402, 0.09218884058964845], [-0.09620793485047159, 0.02947007262731686, -0.1454267829743482]]	0.46481123921144724	0.8757528040282571	[[-0.05815833311433572, -0.5622701186349235, 0.10080396524156465], [-0.305035614721915, -0.19049512346199915, 0.0], [0.0712791673928034, 0.07127916739280339, -0.49520502102046465]]	[[-0.07987999538268344, -0.11022270416573984, 0.20677939898593378], [0.08436603023574915, -0.11497842892466312, -0.24230781218875513], [0.32415070867383844, -0.006179544287433164, -0.11296737283249114]]	0.8849188278311515	[[0.6237365158058689, -0.6237365158058688, 0.0], [-0.7071067811865475, -0.7071067811865476, 0.0], [0.0, 0.0, -0.8820966400000001]]
2	[[-0.3195682178843842, -0.5708200961323295, -0.7563336379995778], [0.910087742671785, 0.03735879733279218, -0.41272826520656647], [0.2638493031197415, -0.8202248094963509, 0.507557688474819]]	0.11587662933137818	0.8841233706686218	[[-0.037030487929877884, -0.06614470869442762, -0.08764139262132989], [0.10545790001660921, 0.004329011510798061, -0.04782556020192405], [0.03057396789694869, -0.09504488621840894, 0.058814074131687724]]	0.36450657834517086	1.0719378390511605	[[-0.18665276316968618, -0.2782357256126422, 0.1856454238885395], [0.5390247804581701, -0.076328338354418, -0.1504421677367838], [0.24568379815199856, -0.045957882942093534, 0.08577551471803299]]	[[-0.07016804552078533, -0.07016804552078532, 0.4613340103631206], [0.20729181138299724, -0.08994586574128484, 0.0], [0.14950899147306385, 0.25301945584124097, -0.09923260162070732]]	0.968184378654604	[[1.7613128971061355e-16, -0.8820966400000001, 0.0], [1.0, 1.7938038903913487e-16, 0.0], [0.0, 0.0, 0.8820966400000001]]
2	[[0.08740825448676931, -0.06334395238859675, -0.994156597696443], [0.7119981850616444, -0.6940087028176986, 0.10681996481098455], [-0.6967197295301035, -0.717174639895393, -0.015561310176609944]]	0.1544368177594204	0.8455631822405795	[[0.013499052668842236, -0.009782638431199116, -0.153534381302771], [0.10995873395140324, -0.10718049556050867, 0.01649693543858172], [-0.10759917789883335, -0.11075816916320276, -0.0024032392238429387]]	0.44700758257133216	1.024787583415586	[[0.060711940224913295, -0.015007791818864073, -0.00040539810557178174], [0.6351544328866339, -0.6365590745749697, 0.03830325758260095], [0.00840129921446537, -0.01252592670491835, 0.0236472575943871]]	[[0.021639787690002715, 0.0133074352088761, 0.44399013932805553], [0.3168858453870524, -0.3263319220449645, -0.009446076657912012], [0.31984030124146934, 0.3080565753561869, 0.030603281238076194]]	0.8217077612779302	[[0.0, 0.0, -0.8820966400000001], [0.0, -1.0, 0.0], [-0.8820966400000001, 0.0, 0.0]]
