2	[[0.5319609947059123, -0.8460851799387872, 0.03402011756955908], [-0.703274286200726, -0.4190807785627857, 0.5742617690636116], [-0.47161719485230363, -0.3294103357928521, -0.8179645788128509]]	0.14702082237338673	0.8529791776266132	[[0.07820934291222804, -0.1243921389525354, 0.005001665662315906], [-0.10339596391128729, -0.06161360070517999, 0.08442843754532807], [-0.06933754783261542, -0.048430178466558595, -0.12025782504936625]]	0.4494988605760562	0.8264762102193064	[[0.21269736206979575, -0.4819887404591151, 0.2204435544298172], [-0.38251927368594174, -0.3981260532906271, 0.0], [0.12149858101099244, -0.1416370700464011, -0.31644833712914733]]	[[-0.02641849892141729, -0.10167441612634269, 0.20515155034563695], [-0.06639828336627619, -0.20974972083732843, -0.25813001086648374], [0.3334899727251788, 0.006432500554461987, 0.05122580903880291]]	0.7023022408643669	[[0.5935612996041577, -0.5935612996041576, 0.0], [-0.7071067811865475, -0.7071067811865476, 0.0], [0.0, 0.0, -0.8394224399999998]]
2	[[0.8592155572171323, 0.2624339665249735, -0.4391776855101157], [-0.4266000482917053, 0.8413623931712975, -0.33184593135155627], [0.2824199444684594, 0.4724804086637203, 0.8348660002631537]]	0.16391784470106568	0.8360821552989343	[[0.14084076227265754, 0.04301761016912529, -0.07198905964962062], [-0.06992736046534688, 0.13791431010116978, -0.05439546983996492], [0.046293668597864546, 0.07744797025163576, 0.1368494353773355]]	0.0	0.6894614081683675	[[0.6478512329231149, 0.6478512329231148, 0.0], [-0.7071067811865475, 0.7071067811865476, 0.0], [0.0, 0.0, 0.9161999999999999]]	[[0.6478512329231149, 0.6478512329231148, 0.0], [-0.7071067811865475, 0.7071067811865476, 0.0], [0.0, 0.0, 0.9161999999999999]]	0.6894614081683675	[[0.6478512329231149, 0.6478512329231148, 0.0], [-0.7071067811865475, 0.7071067811865476, 0.0], [0.0, 0.0, 0.9161999999999999]]
2	[[-0.8305561570912853, 0.32773595720904825, 0.4502950280316503], [-0.5100865793185324, -0.772219296347621, -0.37879947194723407], [0.22358030216652452, -0.5443036842615101, 0.808545204538665]]	0.18105676503592752	0.8189432349640723	[[-0.15037781098361974, 0.059338812198223435, 0.08152896108717292], [-0.09235462593965549, -0.13981552769502048, -0.06858420698808376], [0.04048072623602611, -0.09854986426952592, 0.146392579119083]]	0.5104749146044478	0.6708292189262247	[[-0.3650921851383217, 0.13965768645720272, 0.3925627279567174], [-0.3552792637033991, -0.6060181201869461, -0.05590750251905303], [0.3107682968321166, -0.2443992371264529, 0.25463181369679727]]	[[0.058885898227050544, -0.027643298311893175, 0.16269841197545326], [-0.09489286068489633, -0.2118195408279875, 0.13746012557542123], [0.19663616117642332, 0.03345413961582785, -0.15811023054391368]]	0.6868655043747289	[[-0.5935612996041577, 0.5935612996041576, 0.0], [-0.7071067811865475, -0.7071067811865476, 0.0], [0.0, 0.0, 0.8394224399999998]]
2	[[-0.3195682178843842, -0.5708200961323295, -0.7563336379995778], [0.910087742671785, 0.03735879733279218, -0.41272826520656647], [0.2638493031197415, -0.8202248094963509, 0.507557688474819]]	0.1121335694995579	0.887866430500442	[[-0.03583432496998845, -0.06400809492139885, -0.08481039056147913], [0.10205138714358233, 0.004189175297136593, -0.04628069361097248], [0.029586364168787474, -0.0919747356809207, 0.05691425533562605]]	0.3552189322834582	1.0662364261942943	[[-0.1785817631937198, -0.2678311871191684, 0.18056374832305044], [0.5357827170365729, -0.07421063298745462, -0.1466088936898805], [0.23222301962319003, -0.04791508238462831, 0.08827817870718482]]	[[-0.06506508204510138, -0.06506508204510136, 0.44922777566332406], [0.21250232080043874, -0.08748118508740316, 0.0], [0.13849875188526095, 0.24344429867706835, -0.09201592146510051]]	0.9576325534103984	[[1.6761038446901926e-16, -0.8394224399999998, 0.0], [1.0, 1.7938038903913487e-16, 0.0], [0.0, 0.0, 0.8394224399999998]]
2	[[-0.30792515101507295, 0.09349718223056193, 0.9468053539599837], [0.3027085282091916, -0.9338174967034747, 0.1906631317268273], [0.9019698710720718, 0.34531602882779927, 0.2592434992682147]]	0.5263168201354304	0.47368317986456976	[[-0.1620661863219754, 0.049209139643212226, 0.4983195831834193], [0.15932058999493798, -0.4914838554518007, 0.10034921320752645], [0.474721914400617, 0.18174563423444193, 0.13644421417562855]]	0.7632170865900288	0.3348329963516174	[[-0.08091938654365764, 0.12215053732361773, 0.7347934345468524], [0.3139671766158544, -0.8096752732675083, 0.14551735991668005], [0.676223406461938, 0.2635510934747914, 0.08091938654365764]]	[[0.15409435010186098, 0.05079189029723125, 0.012175410729672674], [0.08293485563007962, -0.09696980402668853, 0.0], [-0.012175410729672674, 0.0, -0.11693968168523342]]	0.48346545772323757	[[0.0, 0.0, 0.9161999999999999], [0.0, -1.0, 0.0], [0.9161999999999999, 0.0, 0.0]]
2	[[0.034229894132735264, 0.2773841392786001, 0.9601491309293217], [-0.1827544195208179, -0.9427759796974285, 0.2788803941677556], [0.9825625356654255, -0.18501754344446375, 0.018422055382213542]]	0.737858122869146	0.2621418771308541	[[0.025256805430789633, 0.2046701403217816, 0.7084538354219513], [-0.13484683293367114, -0.6956349146656648, 0.20577416414562769], [0.7249917481676391, -0.13651669730379268, 0.013592863203711527]]	0.8620385386026576	0.20730457609561664	[[5.2614526140727755e-05, 0.2018545096843854, 0.7857960591128909], [-0.1899396902477119, -0.821693199282525, 0.24040564743330514], [0.8033212868106163, -0.15949225276671922, -7.440817644605092e-05]]	[[-0.02945487338856606, -0.037261308370895044, -0.04188949455403344], [-0.03239833752080906, -0.008983971514464804, 0.0], [-0.043685485520128645, 0.0, -0.015954929876186644]]	0.3757509495640521	[[0.0, 0.0, 0.9161999999999999], [0.0, -1.0, 0.0], [0.9161999999999999, 0.0, 0.0]]
2	[[0.04673222253661188, -0.9725397674033924, -0.22799671093185395], [-0.8377629715199755, -0.16246744520517667, 0.5213036857710898], [-0.5440306084466285, 0.16664552219444034, -0.8223502702654952]]	0.17285630370969576	0.8271436962903043	[[0.008077959251817687, -0.16810962940403767, -0.03941066870964822], [-0.14481261064179407, -0.028083522051324417, 0.0901106282326313], [-0.09403912008102103, 0.02880572899630302, -0.1421484280727628]]	0.45481887429672124	0.863268326460417	[[-0.04948509023711737, -0.5404503420956579, 0.0914824072905083], [-0.3084828918062327, -0.18222762330967585, 0.0], [0.06468783055438808, 0.06468783055438806, -0.4740615904941878]]	[[-0.0707397870846031, -0.09812089987645169, 0.19517961469988906], [0.07254751982795862, -0.10833436277159314, -0.23709875552913875], [0.31212321947104404, -0.011105698256676575, -0.10004116629443081]]	0.8937575031954682	[[0.5935612996041577, -0.5935612996041576, 0.0], [-0.7071067811865475, -0.7071067811865476, 0.0], [0.0, 0.0, -0.8394224399999998]]
2	[[0.8787972042104137, -0.3840163418041313, 0.28327887866788265], [-0.395223040501579, -0.9183905790867732, -0.018907472103605397], [0.2674214316928388, -0.09534250611366366, -0.9588511794847616]]	0.5442620817304356	0.4557379182695646	[[0.4782959957824464, -0.20900553360882296, 0.15417795221404523], [-0.21510491477122162, -0.4998451684153873, -0.01029062012736841], [0.14554734511247786, -0.05189131085481936, -0.5218663390160598]]	0.7909005108169614	0.3688780011968294	[[0.5479774149616522, -0.23537441516971622, 0.23079202098253562], [-0.35061127693871214, -0.8422670346823604, -0.014953929344998956], [0.20475713578881816, -0.07540643678786585, -0.6344911607347706]]	[[-0.14706374275288148, 0.06834430572523212, 0.006746611140451185], [-0.0380291723193807, -0.11591145655314643, 0.0], [-0.006746611140451185, 0.0, 0.12386472691717346]]	0.5121990543875876	[[0.5935612996041577, -0.5935612996041576, 0.0], [-0.7071067811865475, -0.7071067811865476, 0.0], [0.0, 0.0, -0.8394224399999998]]
2	[[-0.42203838922340475, -0.825029846081567, 0.3757783270710803], [0.2588054115689476, 0.28760896992378115, 0.9221175843470338], [-0.8688517462515349, 0.4864224845687207, 0.09214016247897017]]	0.10479655007867225	0.8952034499213278	[[-0.04422816719137272, -0.08646028158128616, 0.039380272271384145], [0.027121914274116588, 0.030140427819692873, 0.09663474160644822], [-0.09105266553699079, 0.050975398263498124, 0.009655971151484387]]	0.3339751958601953	1.1254868691756967	[[-0.22454009185927926, -0.4365375654548399, 0.27512539753447485], [0.18601464946861118, 0.017387054888589448, 0.016588107422789822], [0.1506874926856503, 0.16245304455464132, -0.08744121256757316]]	[[-0.08358973815787134, -0.16099806101924188, 0.14962475715089432], [0.09958006145019348, -0.07866720717285447, -0.291376293415641], [0.44086242481347937, 0.0, -0.11821374137807744]]	1.0000000000000002	[[0.0, 0.0, 0.0], [0.0, 0.0, 0.0], [0.0, 0.0, 0.0]]
2	[[0.08740825448676931, -0.06334395238859675, -0.994156597696443], [0.7119981850616444, -0.6940087028176986, 0.10681996481098455], [-0.6967197295301035, -0.717174639895393, -0.015561310176609944]]	0.14723815353313777	0.8527618464668626	[[0.012869829994186538, -0.009326646587187973, -0.14637778176761077], [0.10483329808742184, -0.10218455993880607, 0.015727974379244117], [-0.10258372650611958, -0.10559546973899066, -0.0022912185769604493]]	0.4355659428844929	1.0229419134778956	[[0.05845596960432183, -0.014519904553408063, -0.0009362591665672201], [0.6353508445851297, -0.6362275946662119, 0.03781478281511446], [0.007233809008540601, -0.012018287864875334, 0.022049226400361985]]	[[0.020383910822904448, 0.013070563794761458, 0.43208449668392346], [0.32522868377670683, -0.33394103965337724, -0.008712355876670377], [0.310701194927549, 0.30035856037400815, 0.028827203139955182]]	0.8362645567577566	[[0.0, 0.0, -0.8394224399999998], [0.0, -1.0, 0.0], [-0.8394224399999998, 0.0, 0.0]]
2	[[0.8489524140446696, -0.5135124485683378, 0.12483895166604869], [0.522794976890395, 0.7815435453534784, -0.34040431673891397], [0.0772347773085365, 0.35425224329800037, 0.9319550081910795]]	0.20728890842222983	0.7927110915777702	[[0.17597841920973648, -0.10644543492495717, 0.02587773001943075], [0.10836960008823485, 0.16200530840076197, -0.07056203923902446], [0.016009912680520516, 0.07343256081936868, 0.19318393634655912]]	0.0	0.45600756002464526	[[0.6478512329231148, -0.6478512329231146, 0.0], [0.7071067811865474, 0.7071067811865475, 0.0], [0.0, 0.0, 0.9161999999999998]]	[[0.6478512329231148, -0.6478512329231146, 0.0], [0.7071067811865474, 0.7071067811865475, 0.0], [0.0, 0.0, 0.9161999999999997]]	0.4560075600246454	[[0.6478512329231149, -0.6478512329231148, 0.0], [0.7071067811865475, 0.7071067811865476, 0.0], [0.0, 0.0, 0.9161999999999999]]
2	[[-0.5446221603179724, 0.8109226453022452, -0.2139887049042392], [-0.8354447797583356, -0.5021691245819775, 0.22328947644507607], [0.07361197229480154, 0.30038414347728, 0.9509735242804028]]	0.23084374043810948	0.7691562595618905	[[-0.12572261661328446, 0.1871964166475366, -0.04939795305160144], [-0.19285719788890673, -0.11592259905103476, 0.051544977943048506], [0.016992863025558455, 0.06934179924859306, 0.21952628540249947]]	0.5861166069190953	0.5801564313328389	[[-0.3319142170188865, 0.5177510308732923, 0.13257165047147546], [-0.6049419599502646, -0.40726024885913903, 0.1308736702947293], [0.17142385886557862, 0.01606076721736749, 0.49733980498907127]]	[[-0.01270212436036894, 0.04245580153488317, 0.25799398410895974], [-0.11527390037003804, -0.11293058545961787, 0.0], [0.12827865943552708, -0.15999936772983456, -0.06004157033205225]]	0.4386343127964103	[[-0.5935612996041577, 0.5935612996041576, 0.0], [-0.7071067811865475, -0.7071067811865476, 0.0], [0.0, 0.0, 0.8394224399999998]]
2	[[0.3802729664721569, 0.7767473726770865, -0.5020517802076895], [0.4287143634067757, 0.332951791095048, 0.839849450446521], [0.8195098935212374, -0.5346088512602871, -0.20639019011321075]]	0.12241479097970863	0.8775852090202918	[[0.04655103570592284, 0.0950853672703034, -0.061458563735114935], [0.052480979186439305, 0.040758223913219954, 0.10280999493083404], [0.10032013232120554, -0.0654440307829302, -0.025265211982971034]]	0.4018582971139467	0.8984023876197506	[[0.20727137557772696, 0.3322868138193471, 0.1098846920018968], [0.23941030986386877, -0.20607501225545038, 0.32819292431756547], [0.5552130506771357, 0.0, -0.080319281343418]]	[[0.05445552883275707, 0.020144437347600994, 0.3116383654591844], [0.06712788583693223, -0.33987445204594485, -0.009307545670957427], [0.22588620039865936, 0.21483700258950225, 0.0026203289965005955]]	1.0000000000000007	[[0.0, 0.0, 0.0], [0.0, 0.0, 0.0], [0.0, 0.0, 0.0]]
2	[[0.22433838825039393, -0.7661379269479729, -0.6022499185961573], [-0.9416906372873723, -0.011392912655017143, -0.3362869982418849], [0.2507808429735371, 0.642575192824231, -0.724020780340167]]	0.1366602681657284	0.8633397318342716	[[0.03065814429816615, -0.10470061454864521, -0.08230363537813902], [-0.12869169502084796, -0.0015569584986233898, -0.04595707136038383], [0.03427177725159104, 0.08781449816800406, -0.09894487399884716]]	0.39438510027575024	0.8496305139577728	[[0.1589448273902804, -0.30041618619182486, 0.1024580590108993], [-0.4570224175857232, -0.29051619356488223, -0.13262658152305684], [0.2685292416104562, 0.04233824271460671, -0.31646946595187797]]	[[0.07046910964444862, 0.001737196952606851, 0.3399764535475073], [-0.08563366117040772, -0.2860229985650005, 0.0], [0.16962501370710054, -0.2110838391420872, -0.030926457895694134]]	0.9667736394296139	[[0.5935612996041577, -0.5935612996041576, 0.0], [-0.7071067811865475, -0.7071067811865476, 0.0], [0.0, 0.0, -0.8394224399999998]]
