2	[[0.22433838825039393, -0.7661379269479729, -0.6022499185961573], [-0.9416906372873723, -0.011392912655017143, -0.3362869982418849], [0.2507808429735371, 0.642575192824231, -0.724020780340167]]	0.15094017721106162	0.8490598227889383	[[0.03386167607775841, -0.11564099446164239, -0.09090370943825143], [-0.14213895167015347, -0.0017196482550984465, -0.05075921910840607], [0.03785290487956511, 0.09699041347632152, -0.10928382488903592]]	0.4244071716339409	0.8486253750619613	[[0.16952561120305118, -0.32849230620052416, 0.11987895647532334], [-0.4867795623263553, -0.2829227140659097, -0.14272261378110643], [0.3018162680713719, 0.03625506024036012, -0.3347239300960184]]	[[0.07431479035678458, -0.0033378755430441692, 0.3754781410434897], [-0.08711930240105818, -0.2780874802293214, 0.0], [0.19538307980499753, -0.23645845990830602, -0.027444318507649307]]	0.9516208253729639	[[0.6857741049892017, -0.6857741049892015, 0.0], [-0.7071067811865475, -0.7071067811865476, 0.0], [0.0, 0.0, -0.9698310399999998]]
2	[[-0.30792515101507295, 0.09349718223056193, 0.9468053539599837], [0.3027085282091916, -0.9338174967034747, 0.1906631317268273], [0.9019698710720718, 0.34531602882779927, 0.2592434992682147]]	0.6249900987209049	0.3750099012790953	[[-0.19245017053155997, 0.05843481315240531, 0.5917439716409314], [0.1891898329291225, -0.583626689452013, 0.1191625695203867], [0.563722238764616, 0.2158190989469971, 0.16202462020039438]]	0.8179949775472445	0.2689122131157903	[[-0.1293613546312883, 0.1512562883789312, 0.7833190063525229], [0.2912535953146018, -0.8147574487855261, 0.15596148415597344], [0.7289698423374752, 0.2824667772476993, 0.1293613546312883]]	[[0.12251987235951814, 0.07477606289951208, 0.008836982098415255], [0.043639539578764694, -0.05089942653634326, 0.0], [-0.008836982098415255, 0.0, -0.08269852573188408]]	0.46861547142642385	[[0.0, 0.0, 0.9847999999999999], [0.0, -1.0, 0.0], [0.9847999999999999, 0.0, 0.0]]
2	[[0.8787972042104137, -0.3840163418041313, 0.28327887866788265], [-0.395223040501579, -0.9183905790867732, -0.018907472103605397], [0.2674214316928388, -0.09534250611366366, -0.9588511794847616]]	0.6427554451414226	0.35724455485857753	[[0.564851688181302, -0.24682859471789506, 0.18207904175733797], [-0.2540317613277389, -0.5903005454746079, -0.012152880648451917], [0.1718865813680871, -0.06128191495798668, -0.6163068166941059]]	0.8443918502860537	0.2885514124772485	[[0.6192560776729211, -0.27019760579164676, 0.24597008500677967], [-0.345574779143961, -0.8501421095699772, -0.015965315353795306], [0.2190367690118139, -0.08050643514822584, -0.7246605360786197]]	[[-0.12279311961652112, 0.0540626636044252, 0.0067717085014477475], [-0.011851664699152806, -0.07466058920961632, 0.0], [-0.0067717085014477475, 0.0, 0.08498558551548319]]	0.47402194876537745	[[0.6857741049892017, -0.6857741049892015, 0.0], [-0.7071067811865475, -0.7071067811865476, 0.0], [0.0, 0.0, -0.9698310399999998]]
2	[[0.5319609947059123, -0.8460851799387872, 0.03402011756955908], [-0.703274286200726, -0.4190807785627857, 0.5742617690636116], [-0.47161719485230363, -0.3294103357928521, -0.8179645788128509]]	0.1593602709037521	0.8406397290962481	[[0.08477344822656363, -0.134832363482695, 0.005421455152062465], [-0.11207398076859061, -0.06678482640232083, 0.09151451108764506], [-0.07515704393453077, -0.052494920350444854, -0.13035105686928938]]	0.47671824772081867	0.8109095541886523	[[0.2858737697062595, -0.5556485114077648, 0.2386161641136172], [-0.37404654347689326, -0.4623821950450326, 0.011371442774449873], [0.1671269392016706, -0.1570359180602949, -0.3656959127047549]]	[[0.032278256454233295, -0.15230426700479258, 0.22239815327860077], [-0.038782858092173626, -0.26259874063510497, -0.2623896215066125], [0.39195546192666864, 0.0, 0.02424272800460483]]	0.6537519293753955	[[0.6857741049892017, -0.6857741049892015, 0.0], [-0.7071067811865475, -0.7071067811865476, 0.0], [0.0, 0.0, -0.9698310399999998]]
2	[[0.8489524140446696, -0.5135124485683378, 0.12483895166604869], [0.522794976890395, 0.7815435453534784, -0.34040431673891397], [0.0772347773085365, 0.35425224329800037, 0.9319550081910795]]	0.22127302073065155	0.7787269792693484	[[0.18785026511224284, -0.11362645067750943, 0.027623491939994388], [0.11568042375934885, 0.172934501112907, -0.075322291434573], [0.01708997248051905, 0.07838646397515825, 0.20621649984749924]]	0.0	0.4317404506941109	[[0.6963587581125121, -0.696358758112512, 0.0], [0.7071067811865476, 0.7071067811865477, 0.0], [0.0, 0.0, 0.9848000000000003]]	[[0.6963587581125121, -0.696358758112512, 0.0], [0.7071067811865476, 0.7071067811865477, 0.0], [0.0, 0.0, 0.9848000000000001]]	0.431740450694111	[[0.696358758112512, -0.6963587581125119, 0.0], [0.7071067811865475, 0.7071067811865476, 0.0], [0.0, 0.0, 0.9847999999999999]]
2	[[-0.5446221603179724, 0.8109226453022452, -0.2139887049042392], [-0.8354447797583356, -0.5021691245819775, 0.22328947644507607], [0.07361197229480154, 0.30038414347728, 0.9509735242804028]]	0.2523911332128753	0.7476088667871247	[[-0.1374578042154973, 0.2046696853958162, -0.054008851725536516], [-0.2108588546999873, -0.12674303441776277, 0.05635628399448238], [0.018579009105519753, 0.07581429437140963, 0.24001728544857265]]	0.6104393453195965	0.5834301117516041	[[-0.3856660728306641, 0.5482263665427546, 0.1432793906147622], [-0.6152203413173594, -0.3853028206045446, 0.13630468181788766], [0.19478804988747436, 0.007839607528474693, 0.5052652016402589]]	[[-0.0532072778396168, 0.05320727783961678, 0.27390651554229434], [-0.10523197691100653, -0.07875902895500751, 0.0], [0.14985240571215144, -0.17552669236018384, -0.0752464539377395]]	0.3887608426173138	[[-0.6857741049892017, 0.6857741049892015, 0.0], [-0.7071067811865475, -0.7071067811865476, 0.0], [0.0, 0.0, 0.9698310399999998]]
2	[[-0.3195682178843842, -0.5708200961323295, -0.7563336379995778], [0.910087742671785, 0.03735879733279218, -0.41272826520656647], [0.2638493031197415, -0.8202248094963509, 0.507557688474819]]	0.12319772397924186	0.876802276020758	[[-0.039370077099458584, -0.07032373664511503, -0.09317858277048782], [0.11212073851856987, 0.00460251880200175, -0.0508471828953499], [0.03250563361786124, -0.10104982968125768, 0.0625299520082628]]	0.3822932719603688	1.0848456773835424	[[-0.20309576790813316, -0.2991476705297284, 0.19548185291956552], [0.5452336291134507, -0.08038393826414304, -0.1577832389363451], [0.2736047833919083, -0.04127896397598397, 0.07958784505012079]]	[[-0.08092698827856797, -0.08092698827856795, 0.4846231140841132], [0.19731320819642797, -0.09466595513300054, 0.0], [0.1727369699977992, 0.27228746218944616, -0.1144480443855593]]	0.9949926777641067	[[1.9364952107354766e-16, -0.9698310399999998, 0.0], [1.0, 1.7938038903913487e-16, 0.0], [0.0, 0.0, 0.9698310399999998]]
2	[[-0.8305561570912853, 0.32773595720904825, 0.4502950280316503], [-0.5100865793185324, -0.772219296347621, -0.37879947194723407], [0.22358030216652452, -0.5443036842615101, 0.808545204538665]]	0.1980281414207512	0.8019718585792487	[[-0.16447349213434867, 0.06490094248285867, 0.08917108749211278], [-0.10101149726611755, -0.15292115202495973, -0.07501295540087274], [0.04427519169632682, -0.10778744696277423, 0.16011470410945292]]	0.5438747108511676	0.6322069120047974	[[-0.4164360092177696, 0.17356052858526339, 0.431681017442869], [-0.34961537168250756, -0.5972337292843942, -0.06540721157861318], [0.35009914672352377, -0.2603900027631981, 0.29070880040171443]]	[[0.03528248056591013, -0.004686770377338442, 0.18677693927443675], [-0.07219218084657951, -0.17724318276963974, 0.14061224169726372], [0.22849947453068858, 0.03564300612975589, -0.14903848892685007]]	0.6808140761619453	[[-0.6857741049892017, 0.6857741049892015, 0.0], [-0.7071067811865475, -0.7071067811865476, 0.0], [0.0, 0.0, 0.9698310399999998]]
2	[[0.034229894132735264, 0.2773841392786001, 0.9601491309293217], [-0.1827544195208179, -0.9427759796974285, 0.2788803941677556], [0.9825625356654255, -0.18501754344446375, 0.018422055382213542]]	0.8261780189701563	0.17382198102984353	[[0.028279986124141406, 0.22916867868293578, 0.7932541069071044], [-0.1509876842777502, -0.7789007912390701, 0.23040485158313267], [0.811771569230355, -0.15285742751767192, 0.015219897221035686]]	0.9207565201170511	0.12624273656318433	[[0.0, 0.24903412731705515, 0.8724923085354344], [-0.17565545176047348, -0.8208789811460687, 0.25678094126277423], [0.9050818105914112, -0.17035610946252977, 0.0]]	[[-0.03151739820563239, -0.006369127500772108, -0.011571264052458728], [-0.00738312840647351, 0.0471881491700793, 0.0], [0.00038094945472821884, 0.0, -0.01696222760713052]]	0.344789348576653	[[0.0, 0.0, 0.9847999999999999], [0.0, -1.0, 0.0], [0.9847999999999999, 0.0, 0.0]]
2	[[0.04673222253661188, -0.9725397674033924, -0.22799671093185395], [-0.8377629715199755, -0.16246744520517667, 0.5213036857710898], [-0.5440306084466285, 0.16664552219444034, -0.8223502702654952]]	0.1843862915377871	0.8156137084622127	[[0.008616781208844453, -0.17932300108453367, -0.04203946801153738], [-0.15447200750624504, -0.02995676971700116, 0.09612125338431111], [-0.10031178637451973, 0.030727149838810853, -0.15163011667935164]]	0.4831541010440302	0.8982434231110191	[[-0.07667705505294907, -0.6024554484733218, 0.11849149048390382], [-0.3023638081621497, -0.2039118698893986, 0.004769309516656837], [0.08705680539927149, 0.08051546746886783, -0.5376909738149599]]	[[-0.09925592002241536, -0.13256887142396534, 0.22864903639517933], [0.10240480723055956, -0.1254150574523712, -0.24710070415301366], [0.3499074249637391, 0.0, -0.14036906824151904]]	0.8699246317232248	[[0.6857741049892017, -0.6857741049892015, 0.0], [-0.7071067811865475, -0.7071067811865476, 0.0], [0.0, 0.0, -0.9698310399999998]]
2	[[-0.42203838922340475, -0.825029846081567, 0.3757783270710803], [0.2588054115689476, 0.28760896992378115, 0.9221175843470338], [-0.8688517462515349, 0.4864224845687207, 0.09214016247897017]]	0.11091467103051272	0.8890853289694873	[[-0.046810249102961436, -0.09150791396849157, 0.04167932952748528], [0.028705317085086286, 0.03190005428452082, 0.10227636851930233], [-0.09636840560977553, 0.05395138985778432, 0.01021969581005299]]	0.3554744136170026	1.1512344594115789	[[-0.23812896396898145, -0.4868779713707582, 0.31319676190507195], [0.18284454145340467, 0.007878857499837355, 0.03731996702787573], [0.19162690613130864, 0.1729107474721915, -0.09184597837046295]]	[[-0.08810511503592737, -0.19360097061838724, 0.17961718143950145], [0.09084583953502601, -0.094358772434809, -0.29046924055381307], [0.5004814711501817, 0.0, -0.12459944859825019]]	1.0000000000000002	[[0.0, 0.0, 0.0], [0.0, 0.0, 0.0], [0.0, 0.0, 0.0]]
2	[[0.08740825448676931, -0.06334395238859675, -0.994156597696443], [0.7119981850616444, -0.6940087028176986, 0.10681996481098455], [-0.6967197295301035, -0.717174639895393, -0.015561310176609944]]	0.1691537016717171	0.8308462983282832	[[0.014785429803100509, -0.010714864025048145, -0.16816526854171332], [0.12043712858672134, -0.11739414107400037, 0.018068992460220593], [-0.1178527212777345, -0.12131274508338644, -0.0026322532192353497]]	0.46892697890355706	1.0287019851712493	[[0.06524275686021927, -0.01597334241731512, 0.0007726870438726496], [0.6347781558860075, -0.6371941093859846, 0.039239056324729266], [0.010921396909311461, -0.013554101806298735, 0.027004162483232785]]	[[0.024254668152505206, 0.013730345808080285, 0.4669595369587046], [0.3009029979802349, -0.31175470504090497, -0.01085170706066999], [0.3376320748203663, 0.3227484354260943, 0.03430128065213164]]	0.7934836704578553	[[0.0, 0.0, -0.9698310399999998], [0.0, -1.0, 0.0], [-0.9698310399999998, 0.0, 0.0]]
2	[[0.8592155572171323, 0.2624339665249735, -0.4391776855101157], [-0.4266000482917053, 0.8413623931712975, -0.33184593135155627], [0.2824199444684594, 0.4724804086637203, 0.8348660002631537]]	0.17806625742485635	0.8219337425751437	[[0.1529972985948673, 0.04673063424026205, -0.07820272680329689], [-0.07596307401656693, 0.1498182524900334, -0.05909056303743742], [0.050289462533634324, 0.08413281807731535, 0.14866146411811892]]	0.0	0.6888605133968356	[[0.696358758112512, 0.6963587581125119, 0.0], [-0.7071067811865475, 0.7071067811865476, 0.0], [0.0, 0.0, 0.9847999999999999]]	[[0.696358758112512, 0.6963587581125119, 0.0], [-0.7071067811865475, 0.7071067811865476, 0.0], [0.0, 0.0, 0.9847999999999999]]	0.6888605133968356	[[0.696358758112512, 0.6963587581125119, 0.0], [-0.7071067811865475, 0.7071067811865476, 0.0], [0.0, 0.0, 0.9847999999999999]]
2	[[0.3802729664721569, 0.7767473726770865, -0.5020517802076895], [0.4287143634067757, 0.332951791095048, 0.839849450446521], [0.8195098935212374, -0.5346088512602871, -0.20639019011321075]]	0.12917899079570525	0.8708210092042952	[[0.0491232780357623, 0.10033944170564159, -0.06485454229441659], [0.055380888804510475, 0.043010376357280763, 0.10849090442900924], [0.10586346099216934, -0.0690602318762552, -0.026661276468958328]]	0.42943295056967057	0.9430120765060213	[[0.1416418331473159, 0.3233552341118589, 0.1409412630460114], [0.2869496129658494, -0.2604713597263831, 0.3278021797624461], [0.6265679587474703, 0.0, -0.05799901142989346]]	[[-0.0216599088667039, -0.01020568198410185, 0.35653884035935535], [0.10284553893647969, -0.4034518297737861, -0.03285684777711977], [0.27464340715160884, 0.22957865639736727, 0.030631736879057903]]	1.0000000000000007	[[0.0, 0.0, 0.0], [0.0, 0.0, 0.0], [0.0, 0.0, 0.0]]
