2	[[0.22433838825039393, -0.7661379269479729, -0.6022499185961573], [-0.9416906372873723, -0.011392912655017143, -0.3362869982418849], [0.2507808429735371, 0.642575192824231, -0.724020780340167]]	0.1436079435238762	0.8563920564761238	[[0.032216774590099986, -0.11002349214464406, -0.08648787229701602], [-0.13523425585652793, -0.001636112757134156, -0.048293484251334465], [0.036014121134613775, 0.09227890200094603, -0.10397513533320348]]	0.4090891232327499	0.868796677057889	[[0.019368966320487985, -0.31398607439756077, 0.11065582034262228], [-0.4715966864354853, -0.1260712817348427, -0.13757135326534597], [0.28438571204563484, 0.03968243450518886, -0.3256129550095054]]	[[-0.07240542823631392, -0.0005673815870580051, 0.35702971150811924], [-0.08636128927110479, -0.12141056508573446, 0.0], [0.18179399687002065, -0.223188087738391, -0.029423928777855088]]	0.9583970337978202	[[0.6370895202617957, -0.6370895202617955, 0.0], [-0.7071067811865475, -0.7071067811865476, 0.0], [0.0, 0.0, -0.9009806400000001]]
2	[[-0.30792515101507295, 0.09349718223056193, 0.9468053539599837], [0.3027085282091916, -0.9338174967034747, 0.1906631317268273], [0.9019698710720718, 0.34531602882779927, 0.2592434992682147]]	0.5716429090034967	0.42835709099650343	[[-0.17602322908159734, 0.05344700123390846, 0.5412345667977704], [0.17304118364566934, -0.5338101502939376, 0.10899122726004044], [0.5156046809331479, 0.19739745924465849, 0.14819470806192814]]	0.7898818816101298	0.3025891217046657	[[-0.10353650379729955, 0.13568890362890307, 0.7585451471965454], [0.30273555556159326, -0.8122217040492291, 0.1506013532420664], [0.7017689062259655, 0.2727588746006399, 0.10353650379729955]]	[[0.13968799388156963, 0.06183717340338163, 0.010680752692088638], [0.06363157372028397, -0.07461618267262744, 0.0], [-0.010680752692088638, 0.0, -0.10123523919987219]]	0.47548721062979316	[[0.0, 0.0, 0.9492], [0.0, -1.0, 0.0], [0.9492, 0.0, 0.0]]
2	[[0.8787972042104137, -0.3840163418041313, 0.28327887866788265], [-0.395223040501579, -0.9183905790867732, -0.018907472103605397], [0.2674214316928388, -0.09534250611366366, -0.9588511794847616]]	0.5887395379853981	0.411260462014602	[[0.5173826599896985, -0.22608560365260694, 0.16677747614795088], [-0.2326834302660839, -0.5406928452216889, -0.011131576390748446], [0.1574415701422356, -0.05613190299972834, -0.5645136004066127]]	0.8170288056426697	0.3306849331889917	[[0.5818285547293057, -0.2517659928821757, 0.2382195492180943], [-0.3480388606951207, -0.846123035903311, -0.015447949350530815], [0.21171846762297347, -0.07789757389702555, -0.6772009384241042]]	[[-0.1361740754288459, 0.06198642020932088, 0.006772545316279352], [-0.02513025195165104, -0.09577147795856478, 0.0], [-0.006772545316279352, 0.0, 0.10620809553939586]]	0.49163506454350636	[[0.6370895202617957, -0.6370895202617955, 0.0], [-0.7071067811865475, -0.7071067811865476, 0.0], [0.0, 0.0, -0.9009806400000001]]
2	[[0.3802729664721569, 0.7767473726770865, -0.5020517802076895], [0.4287143634067757, 0.332951791095048, 0.839849450446521], [0.8195098935212374, -0.5346088512602871, -0.20639019011321075]]	0.12584999237033712	0.8741500076296634	[[0.047857349929166404, 0.09775365092509078, -0.06318321270865188], [0.05395369936379665, 0.04190198036900185, 0.1056950469309265], [0.10313531384706351, -0.06728051985222183, -0.02597420385106]]	0.41541187338752145	0.8665586520792246	[[0.02643259125197209, 0.3147570502728766, 0.12432911885004128], [0.27858970266468774, -0.14116048666389752, 0.3280008643832567], [0.5891251365333052, 0.0, -0.07031951925203513]]	[[-0.13153731414885675, -0.007913030959747172, 0.3328873894036577], [0.10049666581374037, -0.2794726139504221, -0.02088256919021298], [0.24869099640603978, 0.22208286443158667, 0.015417416271700457]]	1.0000000000000007	[[0.0, 0.0, 0.0], [0.0, 0.0, 0.0], [0.0, 0.0, 0.0]]
2	[[-0.42203838922340475, -0.825029846081567, 0.3757783270710803], [0.2588054115689476, 0.28760896992378115, 0.9221175843470338], [-0.8688517462515349, 0.4864224845687207, 0.09214016247897017]]	0.10781988562727747	0.8921801143727229	[[-0.0455041308563879, -0.08895462364360489, 0.04051637624601352], [0.027904369875084385, 0.031009966242561138, 0.09942261247919858], [-0.09367949590790078, 0.052446016652735614, 0.009934541780161323]]	0.3445639395711597	1.136818375254922	[[-0.23126311663564791, -0.46055352309616643, 0.29316431202986193], [0.18445331539177173, 0.012704100074064702, 0.026798913717844115], [0.1697586036594217, 0.16760364757899007, -0.08965343957664235]]	[[-0.08584390659456508, -0.17627798906651418, 0.16368465124879072], [0.09527830319923973, -0.08639557965887659, -0.29092955389261105], [0.4691335842511322, 0.0, -0.1214016169531231]]	1.0000000000000002	[[0.0, 0.0, 0.0], [0.0, 0.0, 0.0], [0.0, 0.0, 0.0]]
2	[[0.8489524140446696, -0.5135124485683378, 0.12483895166604869], [0.522794976890395, 0.7815435453534784, -0.34040431673891397], [0.0772347773085365, 0.35425224329800037, 0.9319550081910795]]	0.2142529214011388	0.7857470785988612	[[0.1818905348396196, -0.11002154228161841, 0.02674711009910649], [0.11201035109260798, 0.16744798779418613, -0.07293261931887089], [0.016547776672120318, 0.07589957803950358, 0.19967408311936105]]	0.0	0.4437693554472563	[[0.671185756702271, -0.671185756702271, 0.0], [0.7071067811865476, 0.7071067811865478, 0.0], [0.0, 0.0, 0.9492000000000004]]	[[0.6711857567022711, -0.671185756702271, 0.0], [0.7071067811865476, 0.7071067811865477, 0.0], [0.0, 0.0, 0.9492000000000003]]	0.4437693554472562	[[0.671185756702271, -0.6711857567022709, 0.0], [0.7071067811865475, 0.7071067811865476, 0.0], [0.0, 0.0, 0.9492]]
2	[[-0.5446221603179724, 0.8109226453022452, -0.2139887049042392], [-0.8354447797583356, -0.5021691245819775, 0.22328947644507607], [0.07361197229480154, 0.30038414347728, 0.9509735242804028]]	0.24125757423415006	0.7587424257658499	[[-0.13139422127247644, 0.19564123029715974, -0.05162639585870408], [-0.2015573809710798, -0.12115210485193463, 0.053870277439152445], [0.017759445870435285, 0.07246994979373146, 0.22942956562879052]]	0.5982280822069093	0.5806135936829324	[[-0.3656965630856893, 0.5326083959573722, 0.13771951161547555], [-0.6100600663031139, -0.3869701906878258, 0.1335780352707227], [0.18248356697314022, 0.01228123415686429, 0.5017356656056491]]	[[-0.039888292591284874, 0.04749169704005634, 0.2657335641642788], [-0.110273537918511, -0.08655851834562693, 0.0], [0.13844681795975292, -0.16741699592091397, -0.06716340205416187]]	0.41258847947471516	[[-0.6370895202617957, 0.6370895202617955, 0.0], [-0.7071067811865475, -0.7071067811865476, 0.0], [0.0, 0.0, 0.9009806400000001]]
2	[[0.08740825448676931, -0.06334395238859675, -0.994156597696443], [0.7119981850616444, -0.6940087028176986, 0.10681996481098455], [-0.6967197295301035, -0.717174639895393, -0.015561310176609944]]	0.15761390006604004	0.8423860999339601	[[0.013776755887624635, -0.009983887381564284, -0.15669289863932154], [0.11222081078750792, -0.10938541833087082, 0.016836311258776427], [-0.10981271382419618, -0.11303669202237072, -0.002452678787072886]]	0.45190167335563036	1.025616904987838	[[0.06169893766396011, -0.015219736929903534, -0.0001613479306005472], [0.6350704189944081, -0.6367008630608018, 0.038512199650639393], [0.008930562551661666, -0.012748932694881329, 0.024361946454519903]]	[[0.022199001196294282, 0.013405501151462726, 0.4490996821459623], [0.3133172477388792, -0.3230771689341133, -0.009759921195234068], [0.3237793741861977, 0.3113434871620684, 0.03139412856293594]]	0.8154413717764751	[[0.0, 0.0, -0.9009806400000001], [0.0, -1.0, 0.0], [-0.9009806400000001, 0.0, 0.0]]
2	[[-0.8305561570912853, 0.32773595720904825, 0.4502950280316503], [-0.5100865793185324, -0.772219296347621, -0.37879947194723407], [0.22358030216652452, -0.5443036842615101, 0.808545204538665]]	0.18926688716346562	0.8107331128365342	[[-0.1571967784671179, 0.06202956443249532, 0.08522593826073595], [-0.09654249905147883, -0.14615554242727608, -0.0716941969146175], [0.042316347822125136, -0.10301866399178185, 0.1530308339939807]]	0.5268773712986924	0.6521948563559142	[[-0.3891732640398924, 0.15541269984957817, 0.41131937829796955], [-0.3525284066588422, -0.6018769786854695, -0.06057940995816661], [0.32944122885592014, -0.25225221439993806, 0.27162549284621873]]	[[0.048427980724307824, -0.017263959764785935, 0.1740691176197827], [-0.08377533061275193, -0.19501210575970912, 0.13900146007072486], [0.21164182697625433, 0.03452907995195982, -0.15437867909727673]]	0.6814570118241181	[[-0.6370895202617957, 0.6370895202617955, 0.0], [-0.7071067811865475, -0.7071067811865476, 0.0], [0.0, 0.0, 0.9009806400000001]]
2	[[-0.3195682178843842, -0.5708200961323295, -0.7563336379995778], [0.910087742671785, 0.03735879733279218, -0.41272826520656647], [0.2638493031197415, -0.8202248094963509, 0.507557688474819]]	0.11749397665597	0.8825060233440298	[[-0.037547340732097784, -0.0670679230497305, -0.08886464680724732], [0.10692982799236311, 0.004389433661714209, -0.04849308515743932], [0.03100070386144485, -0.0963714746196117, 0.059634971201218474]]	0.368478636376854	1.0914059767916289	[[-0.045299655271779524, -0.28278941652298517, 0.18782973134049702], [0.5404113173661673, -0.2380685653209931, -0.1520815483575002], [0.25166642012428786, -0.04502273577616239, 0.08455816147746117]]	[[0.07245440588363969, -0.07245440588363967, 0.46652251891652663], [0.20506342696317886, -0.2518344840188597, 0.0], [0.15444358870174227, 0.25721258354951787, -0.10246600345432821]]	0.973379809573543	[[1.7990192336238126e-16, -0.9009806400000001, 0.0], [1.0, 1.7938038903913487e-16, 0.0], [0.0, 0.0, 0.9009806400000001]]
2	[[0.034229894132735264, 0.2773841392786001, 0.9601491309293217], [-0.1827544195208179, -0.9427759796974285, 0.2788803941677556], [0.9825625356654255, -0.18501754344446375, 0.018422055382213542]]	0.8025941043651723	0.19740589563482772	[[0.027472711223977334, 0.22262687482941224, 0.7706100317952176], [-0.1466776196540878, -0.7566664430422556, 0.22382776018207604], [0.7885988982951648, -0.14849398957265372, 0.01478543304005328]]	0.8907318952818036	0.16123622301059362	[[0.0, 0.2238104943382999, 0.8270818386746004], [-0.18291295041885763, -0.8213411525826801, 0.2484076620539814], [0.8515243602995822, -0.16480102713267064, 0.0]]	[[-0.030489658476146764, -0.023264405762439346, -0.028153616471251024], [-0.020127759947953655, 0.01841948263936973, 0.0], [-0.02367542932657688, 0.0, -0.01640911230558541]]	0.3604219770390507	[[0.0, 0.0, 0.9492], [0.0, -1.0, 0.0], [0.9492, 0.0, 0.0]]
2	[[0.8592155572171323, 0.2624339665249735, -0.4391776855101157], [-0.4266000482917053, 0.8413623931712975, -0.33184593135155627], [0.2824199444684594, 0.4724804086637203, 0.8348660002631537]]	0.17080388316656103	0.8291961168334391	[[0.14675735364980672, 0.044824740557268775, -0.07501325408523053], [-0.07286494480726573, 0.1437079639039685, -0.05668057368786984], [0.04823842319889743, 0.0807014885198871, 0.14259835476868185]]	0.0	0.6884618316871325	[[0.671185756702271, 0.6711857567022709, 0.0], [-0.7071067811865475, 0.7071067811865476, 0.0], [0.0, 0.0, 0.9492]]	[[0.671185756702271, 0.6711857567022709, 0.0], [-0.7071067811865475, 0.7071067811865476, 0.0], [0.0, 0.0, 0.9492]]	0.6884618316871325	[[0.671185756702271, 0.6711857567022709, 0.0], [-0.7071067811865475, 0.7071067811865476, 0.0], [0.0, 0.0, 0.9492]]
2	[[0.5319609947059123, -0.8460851799387872, 0.03402011756955908], [-0.703274286200726, -0.4190807785627857, 0.5742617690636116], [-0.47161719485230363, -0.3294103357928521, -0.8179645788128509]]	0.15286158802959737	0.8471384119704026	[[0.08131640242055001, -0.12933392421375067, 0.005200369196636398], [-0.10750362420902458, -0.06406135332378748, 0.08778256596374959], [-0.07209215334718723, -0.050354187042658295, -0.12503536446929314]]	0.4636749122095933	0.8138403155129195	[[0.21744942755452054, -0.5211113157109185, 0.22961044882697418], [-0.38283623506589004, -0.3992368892457032, 0.0017316793270976433], [0.14290154038477498, -0.15273930852968334, -0.3402411335137844]]	[[-0.029207539964671184, -0.12880284418096347, 0.21383617379954886], [-0.05674559215250414, -0.20491964603687562, -0.26453909602879816], [0.3615786018044515, 0.0, 0.03902852075782116]]	0.6785859478896236	[[0.6370895202617957, -0.6370895202617955, 0.0], [-0.7071067811865475, -0.7071067811865476, 0.0], [0.0, 0.0, -0.9009806400000001]]
2	[[0.04673222253661188, -0.9725397674033924, -0.22799671093185395], [-0.8377629715199755, -0.16246744520517667, 0.5213036857710898], [-0.5440306084466285, 0.16664552219444034, -0.8223502702654952]]	0.1785379635943315	0.8214620364056684	[[0.008343475845923817, -0.17363526958670647, -0.040706068475978664], [-0.14957249490991234, -0.02900660681730589, 0.09307249847178965], [-0.09713011696504618, 0.029752552174709356, -0.14682074261444966]]	0.4690807158697819	0.8813229830609742	[[-0.06205204811608155, -0.5718482458673357, 0.10499514687249484], [-0.30355195526208717, -0.19405037984860807, 0.0], [0.07424278034521864, 0.07424278034521863, -0.5045047377747464]]	[[-0.08397323251774141, -0.11564859556192127, 0.2119440072523646], [0.08942649914769857, -0.11784003434622922, -0.24453350610705862], [0.3294370476104362, -0.003927420502243099, -0.1187560843028993]]	0.8813222571077989	[[0.6370895202617957, -0.6370895202617955, 0.0], [-0.7071067811865475, -0.7071067811865476, 0.0], [0.0, 0.0, -0.9009806400000001]]
