2	[[0.034229894132735264, 0.2773841392786001, 0.9601491309293217], [-0.1827544195208179, -0.9427759796974285, 0.2788803941677556], [0.9825625356654255, -0.18501754344446375, 0.018422055382213542]]	0.7288781406074254	0.2711218593925746	[[0.0249494215886571, 0.2021792356713772, 0.6998317132575994], [-0.1332057014881231, -0.6871688030912058, 0.2032698231528596], [0.7161683540263325, -0.13485524304555427, 0.013427433473154823]]	0.8577666325612584	0.21597316484520532	[[0.0016536692431330833, 0.20044423267176875, 0.7776664498052905], [-0.18898369959002992, -0.8209860621983379, 0.23921429659263213], [0.7942717281652198, -0.15870187520511397, -0.0023386414713180577]]	[[-0.02770759178003162, -0.03748662640313913, -0.04591743698857247], [-0.032223056571970464, -0.012304284833633378, 0.0], [-0.048537629333363565, 0.0, -0.018140465881376373]]	0.37795229102312866	[[0.0, 0.0, 0.9116], [0.0, -1.0, 0.0], [0.9116, 0.0, 0.0]]
2	[[-0.5446221603179724, 0.8109226453022452, -0.2139887049042392], [-0.8354447797583356, -0.5021691245819775, 0.22328947644507607], [0.07361197229480154, 0.30038414347728, 0.9509735242804028]]	0.2293856805041141	0.7706143194958859	[[-0.1249285248621588, 0.18601404282885192, -0.049085944694652967], [-0.19163906932847555, -0.11519040637039213, 0.05121940850376114], [0.01688553235809305, 0.06890382116418131, 0.21813970900845592]]	0.5843646573057695	0.5802977791523736	[[-0.3273299661839514, 0.515648596253022, 0.13185405556908442], [-0.6042016154230495, -0.410195247174609, 0.1304824783828116], [0.1699084928353233, 0.01656130080437155, 0.49663787183835445]]	[[-0.009072024108611689, 0.041774062529487455, 0.2569014917777556], [-0.11599721300167558, -0.11674535877872345, 0.0], [0.1268922578716698, -0.15897257625881628, -0.05907744578462288]]	0.44250437881386506	[[-0.5876160306407551, 0.587616030640755, 0.0], [-0.7071067811865475, -0.7071067811865476, 0.0], [0.0, 0.0, 0.83101456]]
2	[[0.8787972042104137, -0.3840163418041313, 0.28327887866788265], [-0.395223040501579, -0.9183905790867732, -0.018907472103605397], [0.2674214316928388, -0.09534250611366366, -0.9588511794847616]]	0.5384413662388138	0.4615586337611864	[[0.4731807672819051, -0.2067702837390477, 0.1525290664565339], [-0.2128044338967282, -0.4944994781443375, -0.010180565111587547], [0.1439907610422317, -0.05133634925247351, -0.516285139101473]]	0.7871993118561983	0.3741340900473898	[[0.5433232482466867, -0.23314180407177068, 0.22973789504027975], [-0.35099337551405907, -0.8417193424700535, -0.014883949028898436], [0.20377301031467498, -0.07505355520332141, -0.6286359929524346]]	[[-0.14846530616890202, 0.06915559593797613, 0.006740956689526996], [-0.039874070001501664, -0.11876291059773025, 0.0], [-0.006740956689526996, 0.0, 0.1261709957104739]]	0.5140537581659348	[[0.9116, 0.0, 0.0], [0.0, -1.0, 0.0], [0.0, 0.0, -0.9116]]
2	[[-0.3195682178843842, -0.5708200961323295, -0.7563336379995778], [0.910087742671785, 0.03735879733279218, -0.41272826520656647], [0.2638493031197415, -0.8202248094963509, 0.507557688474819]]	0.11138128843148853	0.8886187115685114	[[-0.03559391984971737, -0.06357867776980503, -0.084241415084468], [0.1013667453644884, 0.004161070981177267, -0.04597020595080047], [0.029387875333227176, -0.0913576960851758, 0.056532429295633436]]	0.35333607709109494	1.0651573354170045	[[-0.17698549102162445, -0.2657618440435228, 0.17953778977130322], [0.5351254637447523, -0.0737813172577649, -0.14583178613270123], [0.22958090460441993, -0.04827417424371699, 0.08872905757320924]]	[[-0.06407051055136392, -0.06407051055136391, 0.44677775039411033], [0.21355863094041388, -0.08698152815217505, 0.0], [0.1363534268968713, 0.24154084227651432, -0.09060938496990735]]	0.9557499874411054	[[1.6593155396340476e-16, -0.83101456, 0.0], [1.0, 1.7938038903913487e-16, 0.0], [0.0, 0.0, 0.83101456]]
2	[[0.8489524140446696, -0.5135124485683378, 0.12483895166604869], [0.522794976890395, 0.7815435453534784, -0.34040431673891397], [0.0772347773085365, 0.35425224329800037, 0.9319550081910795]]	0.2062834426972246	0.7937165573027757	[[0.17512482665525408, -0.10592911575855818, 0.025752208732384957], [0.10784394765776664, 0.16121949315330997, -0.07021977436589967], [0.01593225575915838, 0.07307637233072632, 0.19224688752857597]]	0.0	0.4577924665874448	[[0.6445985417296566, -0.6445985417296566, 0.0], [0.7071067811865474, 0.7071067811865475, 0.0], [0.0, 0.0, 0.9115999999999999]]	[[0.6445985417296566, -0.6445985417296566, 0.0], [0.7071067811865474, 0.7071067811865475, 0.0], [0.0, 0.0, 0.9115999999999999]]	0.45779246658744477	[[0.6445985417296567, -0.6445985417296567, 0.0], [0.7071067811865475, 0.7071067811865476, 0.0], [0.0, 0.0, 0.9116]]
2	[[0.5319609947059123, -0.8460851799387872, 0.03402011756955908], [-0.703274286200726, -0.4190807785627857, 0.5742617690636116], [-0.47161719485230363, -0.3294103357928521, -0.8179645788128509]]	0.14622019858418148	0.8537798014158186	[[0.07778344228493722, -0.12371474302978243, 0.00497442834687814], [-0.10283290578741866, -0.061278074664263896, 0.08396866991178466], [-0.06895995988701846, -0.04816644471531275, -0.11960294314884141]]	0.4474271060379328	0.8283799441322711	[[0.21197481302934182, -0.47640874760657953, 0.21913563435441036], [-0.3821873270093823, -0.39782401807205264, 0.0], [0.11862273830623712, -0.13990409876110615, -0.3131693126701818]]	[[-0.026038955356984687, -0.09784730408498438, 0.20391411160319228], [-0.06752334838369854, -0.21031591812358164, -0.2569402814403554], [0.32963705495673123, 0.0074830144816733545, 0.05281021166958869]]	0.7056549830327586	[[0.5876160306407551, -0.587616030640755, 0.0], [-0.7071067811865475, -0.7071067811865476, 0.0], [0.0, 0.0, -0.83101456]]
2	[[-0.30792515101507295, 0.09349718223056193, 0.9468053539599837], [0.3027085282091916, -0.9338174967034747, 0.1906631317268273], [0.9019698710720718, 0.34531602882779927, 0.2592434992682147]]	0.5202848968998505	0.4797151031001497	[[-0.1602088054487481, 0.048645171817254446, 0.4926085259692966], [0.15749467539002476, -0.4858511399956439, 0.09919914783309498], [0.46928130137750435, 0.17966271445653734, 0.13488047728871957]]	0.759451804317488	0.3393759996978798	[[-0.07786990970620623, 0.12033045904714806, 0.7314205220210158], [0.315579165247143, -0.80930492984168, 0.14479945940676187], [0.6726351584070486, 0.26225088115302186, 0.07786990970620623]]	[[0.15598440182692583, 0.04932385530354684, 0.012367487618648405], [0.08568662731638124, -0.10011554706698629, 0.0], [-0.012367487618648405, 0.0, -0.1190130335706188]]	0.4846934079135084	[[0.0, 0.0, 0.9116], [0.0, -1.0, 0.0], [0.9116, 0.0, 0.0]]
2	[[-0.42203838922340475, -0.825029846081567, 0.3757783270710803], [0.2588054115689476, 0.28760896992378115, 0.9221175843470338], [-0.8688517462515349, 0.4864224845687207, 0.09214016247897017]]	0.10436304378060046	0.8956369562193996	[[-0.04404521089161631, -0.08610262594691263, 0.03921736999991994], [0.027009720498226406, 0.030015747519848986, 0.09623499782607103], [-0.09067601283290007, 0.050764531052913855, 0.009616027810744394]]	0.3324622465898944	1.12406728179675	[[-0.22357509277782212, -0.433219001464736, 0.27265131411612675], [0.18623773724150763, 0.018056168549556766, 0.015129158905857561], [0.14812115490768632, 0.16171711201155506, -0.08711890859454681]]	[[-0.08326326174942873, -0.15892772533274369, 0.1477192072782833], [0.10019470868167307, -0.07756295573070893, -0.2914401248062037], [0.4369815584200244, 0.0, -0.11775203401346307]]	1.0000000000000002	[[0.0, 0.0, 0.0], [0.0, 0.0, 0.0], [0.0, 0.0, 0.0]]
2	[[0.8592155572171323, 0.2624339665249735, -0.4391776855101157], [-0.4266000482917053, 0.8413623931712975, -0.33184593135155627], [0.2824199444684594, 0.4724804086637203, 0.8348660002631537]]	0.1629465009541742	0.8370534990458259	[[0.14000616861392273, 0.04276269657676932, -0.07156246715102614], [-0.06951298517601513, 0.13709705800169308, -0.0540731333696152], [0.046019341750807685, 0.07698902936115153, 0.1360384935084876]]	0.0	0.6897029592404889	[[0.6445985417296562, 0.6445985417296564, 0.0], [-0.7071067811865471, 0.7071067811865471, 0.0], [0.0, 0.0, 0.9115999999999994]]	[[0.6445985417296562, 0.6445985417296565, 0.0], [-0.7071067811865472, 0.7071067811865471, 0.0], [0.0, 0.0, 0.9115999999999994]]	0.6897029592404889	[[0.6445985417296567, 0.6445985417296567, 0.0], [-0.7071067811865475, 0.7071067811865476, 0.0], [0.0, 0.0, 0.9116]]
2	[[0.22433838825039393, -0.7661379269479729, -0.6022499185961573], [-0.9416906372873723, -0.011392912655017143, -0.3362869982418849], [0.2507808429735371, 0.642575192824231, -0.724020780340167]]	0.13568167088656705	0.8643183291134331	[[0.030438607361812843, -0.10395087405787161, -0.08171427524642558], [-0.12777015912538686, -0.001545809425297473, -0.04562798181888698], [0.03402636380099128, 0.08718567583264968, -0.09823634923315]]	0.3922970512013348	0.8697840966127028	[[0.017820766133761875, -0.2985153182026371, 0.1013422093832766], [-0.4549527942812015, -0.12212665254301144, -0.1319243977676399], [0.2663419921786431, 0.04266868759312961, -0.31514175781662607]]	[[-0.07018652204812786, 0.0020383313525563496, 0.337603076534793], [-0.08553033412945969, -0.11765724650385381, 0.0], [0.16796140698233947, -0.2094116657269453, -0.03111054068068919]]	0.9680799113780256	[[0.5876160306407551, -0.587616030640755, 0.0], [-0.7071067811865475, -0.7071067811865476, 0.0], [0.0, 0.0, -0.83101456]]
2	[[0.08740825448676931, -0.06334395238859675, -0.994156597696443], [0.7119981850616444, -0.6940087028176986, 0.10681996481098455], [-0.6967197295301035, -0.717174639895393, -0.015561310176609944]]	0.14581671452236003	0.85418328547764	[[0.012745584491395037, -0.009236607022165971, -0.14496464879682305], [0.10382123609157226, -0.10119806889480173, 0.015576136314131881], [-0.10159338190298704, -0.10457604972830288, -0.002269099123616631]]	0.43324674749381	1.022583083825574	[[0.058007145755229354, -0.014422260658726059, -0.00103734350189022], [0.6353906568077039, -0.6361604044122329, 0.03771577004594623], [0.007008635021470684, -0.011917643576132644, 0.02173726822215037]]	[[0.020137803794725333, 0.013021300687036247, 0.4296777689496059], [0.32691975890825054, -0.33548339118406667, -0.008563632275816068], [0.30886019175515506, 0.2987959365435908, 0.028479155242908942]]	0.8391981478883047	[[0.0, 0.0, -0.83101456], [0.0, -1.0, 0.0], [-0.83101456, 0.0, 0.0]]
2	[[0.3802729664721569, 0.7767473726770865, -0.5020517802076895], [0.4287143634067757, 0.332951791095048, 0.839849450446521], [0.8195098935212374, -0.5346088512602871, -0.20639019011321075]]	0.1219088871899921	0.8780911128100083	[[0.04635865417105785, 0.09469240783081367, -0.06120457383687396], [0.05226409096528589, 0.04058978234031206, 0.1023851119110618], [0.09990553916036303, -0.06517357013906162, -0.025160798403632417]]	0.3999260524639497	0.8992624779987525	[[0.2048235654585553, 0.3304587256427094, 0.10794432674118565], [0.23864904468519735, -0.2071563398344674, 0.3282203050452093], [0.5505465512917522, 0.0, -0.081604185955722]]	[[0.052742499118589733, 0.019817215126217865, 0.3087279133321454], [0.06719500169333033, -0.3403124353079116, -0.007657370335885366], [0.22280319462065198, 0.2138040074968135, 0.0009366280435384872]]	1.0000000000000007	[[0.0, 0.0, 0.0], [0.0, 0.0, 0.0], [0.0, 0.0, 0.0]]
2	[[-0.8305561570912853, 0.32773595720904825, 0.4502950280316503], [-0.5100865793185324, -0.772219296347621, -0.37879947194723407], [0.22358030216652452, -0.5443036842615101, 0.808545204538665]]	0.17990609466374835	0.8200939053362514	[[-0.14942211462122384, 0.05896169614236518, 0.08101081993967729], [-0.09176768442558747, -0.13892695782988826, -0.06814833365871696], [0.04022345900652022, -0.09792355014657823, 0.1454622101076528]]	0.5081384488602212	0.6734300675313627	[[-0.36182440918828673, 0.13754259233612226, 0.3899567661853433], [-0.35566630476914035, -0.6065805570608727, -0.055240941005951685], [0.3082015362220107, -0.24328061125645575, 0.2523154951490358]]	[[0.06021310816738508, -0.02899264859580334, 0.16114454911187076], [-0.09647170156980511, -0.2141862416348611, 0.13724163509838663], [0.19459178828341334, 0.033301018573091555, -0.15853741091861165]]	0.6879428137789578	[[-0.5876160306407551, 0.587616030640755, 0.0], [-0.7071067811865475, -0.7071067811865476, 0.0], [0.0, 0.0, 0.83101456]]
2	[[0.04673222253661188, -0.9725397674033924, -0.22799671093185395], [-0.8377629715199755, -0.16246744520517667, 0.5213036857710898], [-0.5440306084466285, 0.16664552219444034, -0.8223502702654952]]	0.1720442398924716	0.8279557601075282	[[0.008040009704797235, -0.16731986504811783, -0.03922552083025437], [-0.14413229364521252, -0.02795158811759641, 0.089687296371631], [-0.09359733250843913, 0.028670402197426496, -0.14148062717319573]]	0.4527912815447202	0.8608252152815384	[[-0.04779799168016325, -0.5361215485599777, 0.08967124489178283], [-0.30917807320526025, -0.18055919920752145, 0.0], [0.06340714534041919, 0.06340714534041919, -0.4698742791136159]]	[[-0.0689579346119488, -0.09576402092419159, 0.19290616782259812], [0.0701536962999824, -0.10699535648377287, -0.23604176395427787], [0.30973946173852207, -0.012048494217690569, -0.09752124636145504]]	0.8956125685658071	[[0.5876160306407551, -0.587616030640755, 0.0], [-0.7071067811865475, -0.7071067811865476, 0.0], [0.0, 0.0, -0.83101456]]
