2	[[0.3802729664721569, 0.7767473726770865, -0.5020517802076895], [0.4287143634067757, 0.332951791095048, 0.839849450446521], [0.8195098935212374, -0.5346088512602871, -0.20639019011321075]]	0.126066967503694	0.8739330324963063	[[0.04793985970677875, 0.09792218578986198, -0.06329214546061451], [0.05404671971996883, 0.0419742226282761, 0.10587727337743683], [0.1033131271154975, -0.0673965166790178, -0.026018985390083363]]	0.41629630711751947	0.8666115097419119	[[0.026850412766348537, 0.31530793384957234, 0.12532477164709896], [0.2791170363747908, -0.14165059970126412, 0.327988331581533], [0.5914131337237034, 0.0, -0.06960416043616638]]	[[-0.1314558188726347, -0.008049128959134389, 0.3343270737293366], [0.10064483008031191, -0.2802572007822965, -0.021637893174031867], [0.25025419140454075, 0.22255569053199678, 0.01631531353324603]]	1.0000000000000007	[[0.0, 0.0, 0.0], [0.0, 0.0, 0.0], [0.0, 0.0, 0.0]]
2	[[-0.30792515101507295, 0.09349718223056193, 0.9468053539599837], [0.3027085282091916, -0.9338174967034747, 0.1906631317268273], [0.9019698710720718, 0.34531602882779927, 0.2592434992682147]]	0.5747995317228344	0.42520046827716584	[[-0.17699523260914699, 0.053742136563531474, 0.5442232740888711], [0.1739967202631517, -0.5367578598197467, 0.10959307883338941], [0.518451859520332, 0.19848749166660778, 0.1490130419815588]]	0.7916383952925692	0.3004672927903143	[[-0.10508996556796649, 0.1366217569916853, 0.760101267529086], [0.302007197618028, -0.8123846786717244, 0.15093625564168128], [0.7034601848719487, 0.27336542693004157, 0.10508996556796649]]	[[0.1386754068518279, 0.06260579768630634, 0.010573796465791655], [0.06237150410512818, -0.07313889408526149, 0.0], [-0.010573796465791655, 0.0, -0.10013714218275335]]	0.47500884483193556	[[0.0, 0.0, 0.9514], [0.0, -1.0, 0.0], [0.9514, 0.0, 0.0]]
2	[[-0.8305561570912853, 0.32773595720904825, 0.4502950280316503], [-0.5100865793185324, -0.772219296347621, -0.37879947194723407], [0.22358030216652452, -0.5443036842615101, 0.808545204538665]]	0.18981130187845358	0.8101886981215464	[[-0.15764894546066222, 0.06220798871023062, 0.08547108550008223], [-0.0968201976911777, -0.14657594997540527, -0.07190042092117525], [0.042438068228606046, -0.10331499092691597, 0.15347101790106454]]	0.5279486067888829	0.6509551386946084	[[-0.39081900276696185, 0.1564994540826007, 0.41257376791377376], [-0.35234669361992077, -0.6015948638584421, -0.0608840790087122], [0.330702330005453, -0.2527650880575755, 0.2727820772424597]]	[[0.047671963229310846, -0.016528287920537225, 0.17484113522050307], [-0.08304719472699462, -0.19390276221622396, 0.13910257445819454], [0.21266342097119895, 0.03459928371834473, -0.15408823701956084]]	0.6812518318071294	[[-0.6400461599881065, 0.6400461599881064, 0.0], [-0.7071067811865475, -0.7071067811865476, 0.0], [0.0, 0.0, 0.90516196]]
2	[[0.034229894132735264, 0.2773841392786001, 0.9601491309293217], [-0.1827544195208179, -0.9427759796974285, 0.2788803941677556], [0.9825625356654255, -0.18501754344446375, 0.018422055382213542]]	0.8070138132222842	0.1929861867777159	[[0.02762399739025378, 0.22385283196660427, 0.774853611413334], [-0.1474853409807203, -0.7608332383899967, 0.22506033033025413], [0.7929415386367117, -0.14931171324813633, 0.014866853161392255]]	0.8926149418120201	0.15815458890674447	[[0.0, 0.22532450732276216, 0.8298590219747561], [-0.18245289912081913, -0.8213141899885009, 0.2489328068125644], [0.8547843576968076, -0.16514942377588293, 0.0]]	[[-0.03055411495952309, -0.022272720018982756, -0.02718443866058197], [-0.019323573574354744, 0.02022173627088971, 0.0], [-0.0222656429028572, 0.0, -0.01644380189305234]]	0.35942884493912103	[[0.0, 0.0, 0.9514], [0.0, -1.0, 0.0], [0.9514, 0.0, 0.0]]
2	[[0.5319609947059123, -0.8460851799387872, 0.03402011756955908], [-0.703274286200726, -0.4190807785627857, 0.5742617690636116], [-0.47161719485230363, -0.3294103357928521, -0.8179645788128509]]	0.15325714413257613	0.8467428558674239	[[0.08152682283855256, -0.1296685983703153, 0.005213826061765098], [-0.10778180864499926, -0.064227123283389, 0.08800971871121006], [-0.07227870440688075, -0.050484487311365435, -0.125358915350463]]	0.46450188475912485	0.8130125454993266	[[0.21770416385323788, -0.5232170016678666, 0.23017066186097923], [-0.3822789517194106, -0.3990200930345242, 0.00234285886381037], [0.1443520545544564, -0.15301172183491604, -0.3417878642029736]]	[[-0.029392720805997197, -0.1302088409195365, 0.21436825313019198], [-0.055606720276545125, -0.20435628152578877, -0.2644028152113465], [0.3634191304481628, 0.0, 0.03815822432179944]]	0.6770274109776855	[[0.6400461599881065, -0.6400461599881064, 0.0], [-0.7071067811865475, -0.7071067811865476, 0.0], [0.0, 0.0, -0.90516196]]
2	[[0.8489524140446696, -0.5135124485683378, 0.12483895166604869], [0.522794976890395, 0.7815435453534784, -0.34040431673891397], [0.0772347773085365, 0.35425224329800037, 0.9319550081910795]]	0.21470158518224755	0.7852984148177523	[[0.18227142903968635, -0.1102519367184395, 0.02680312081519065], [0.11224491026368429, 0.1677986380763455, -0.07308534640672473], [0.016582429119340686, 0.07605851819044791, 0.20009221757715928]]	0.0	0.4429897662389467	[[0.6727413916208814, -0.6727413916208813, 0.0], [0.7071067811865475, 0.7071067811865476, 0.0], [0.0, 0.0, 0.9514]]	[[0.6727413916208814, -0.6727413916208813, 0.0], [0.7071067811865475, 0.7071067811865476, 0.0], [0.0, 0.0, 0.9514]]	0.4429897662389467	[[0.6727413916208814, -0.6727413916208813, 0.0], [0.7071067811865475, 0.7071067811865476, 0.0], [0.0, 0.0, 0.9514]]
2	[[0.8787972042104137, -0.3840163418041313, 0.28327887866788265], [-0.395223040501579, -0.9183905790867732, -0.018907472103605397], [0.2674214316928388, -0.09534250611366366, -0.9588511794847616]]	0.5918855281442466	0.40811447185575356	[[0.5201473473457681, -0.2272937152847597, 0.16766866871244965], [-0.23392679806205202, -0.5435820929454751, -0.01119105911191509], [0.15828287533460644, -0.05643184958568186, -0.5675301367810718]]	0.8187444117152167	0.32810871248366597	[[0.5841141445954142, -0.25288235277921783, 0.23870635954630195], [-0.34787752505133024, -0.8463755942348148, -0.015480387124488274], [0.21217644209137415, -0.078061144079486, -0.6800922153823936]]	[[-0.13539615538281813, 0.06152888108023523, 0.006773360680020143], [-0.024290869259565688, -0.09444843983561733, 0.0], [-0.006773360680020143, 0.0, 0.10496182948729922]]	0.4903952797079271	[[0.6400461599881065, -0.6400461599881064, 0.0], [-0.7071067811865475, -0.7071067811865476, 0.0], [0.0, 0.0, -0.90516196]]
2	[[-0.42203838922340475, -0.825029846081567, 0.3757783270710803], [0.2588054115689476, 0.28760896992378115, 0.9221175843470338], [-0.8688517462515349, 0.4864224845687207, 0.09214016247897017]]	0.1080160984808758	0.8919839015191243	[[-0.045586940213065474, -0.08911650510400837, 0.040590108783888565], [0.02795515082341505, 0.031066398819270452, 0.09960354380177651], [-0.09384997578838672, 0.052541458996487225, 0.009952620864372368]]	0.34525346461278134	1.137644311721143	[[-0.23169895340767366, -0.4621677085159235, 0.294385032003093], [0.1843516433734752, 0.012399152225524977, 0.027463827972808805], [0.1710711431045175, 0.167939048062908, -0.08979472821573008]]	[[-0.08598873732869575, -0.1773232957473127, 0.1646462626554076], [0.09499817836875926, -0.08689884109437368, -0.2909004628033732], [0.47104521873272504, 0.0, -0.12160643854157914]]	1.0000000000000002	[[0.0, 0.0, 0.0], [0.0, 0.0, 0.0], [0.0, 0.0, 0.0]]
2	[[-0.3195682178843842, -0.5708200961323295, -0.7563336379995778], [0.910087742671785, 0.03735879733279218, -0.41272826520656647], [0.2638493031197415, -0.8202248094963509, 0.507557688474819]]	0.11784893490610077	0.8821510650938992	[[-0.0376607741075154, -0.06727054035219307, -0.08913311367190663], [0.1072528711449674, 0.004402694475042459, -0.04863958646023654], [0.031094359348378453, -0.09666262018270436, 0.0598151329901599]]	0.3693471051379462	1.0751762936916873	[[-0.19099450848238103, -0.2837936623737313, 0.18830823053656803], [0.5407144760766123, -0.07743204208083905, -0.15243998996265187], [0.2529931814722066, -0.04481014985145717, 0.08427982278583497]]	[[-0.07296291231269132, -0.07296291231269131, 0.4676578702501635], [0.20457620289926037, -0.09123040572714115, 0.0], [0.15554120517226566, 0.2581375090983435, -0.10318514014284695]]	0.9745733623292403	[[1.8073682200148363e-16, -0.90516196, 0.0], [1.0, 1.7938038903913487e-16, 0.0], [0.0, 0.0, 0.90516196]]
2	[[0.04673222253661188, -0.9725397674033924, -0.22799671093185395], [-0.8377629715199755, -0.16246744520517667, 0.5213036857710898], [-0.5440306084466285, 0.16664552219444034, -0.8223502702654952]]	0.17890779001738993	0.8210922099826099	[[0.008360758656626086, -0.17399494049016737, -0.04079038768405166], [-0.14988232179304034, -0.029066691571429555, 0.09326529034922555], [-0.09733131385900236, 0.029814182092101224, -0.14712486947340309]]	0.4700139504410307	0.8825601874035514	[[-0.06291858318653576, -0.5739628488527942, 0.10592847025826792], [-0.303226801899643, -0.19482930381405128, 0.0], [0.07490273964033876, 0.07490273964033875, -0.5065593259851379]]	[[-0.08488337971385806, -0.11685559081452465, 0.2130901050509103], [0.09053348187767743, -0.11846733807510448, -0.24502000472873964], [0.33060471507717626, -0.0034229805695786095, -0.12004322681140334]]	0.880552608856946	[[0.6400461599881065, -0.6400461599881064, 0.0], [-0.7071067811865475, -0.7071067811865476, 0.0], [0.0, 0.0, -0.90516196]]
2	[[0.08740825448676931, -0.06334395238859675, -0.994156597696443], [0.7119981850616444, -0.6940087028176986, 0.10681996481098455], [-0.6967197295301035, -0.717174639895393, -0.015561310176609944]]	0.1583166746633072	0.8416833253366929	[[0.013838184188469417, -0.010028403902193492, -0.15739156664188814], [0.11272118502526954, -0.10987315001749345, 0.016911381616526566], [-0.11030235075152481, -0.11354070414109343, -0.0024636148805651584]]	0.45297180594478464	1.025801545256943	[[0.06191657539010275, -0.015266349829648099, -0.00010657902679371209], [0.6350520486764113, -0.6367318662616296, 0.03855788652612], [0.009048763360993894, -0.012798180380674259, 0.024520796708811715]]	[[0.02232310050074955, 0.013426674679495083, 0.45021833042368686], [0.31253694495962936, -0.32236549080489946, -0.009828545845270018], [0.32464315748360684, 0.3120617114305425, 0.03156963148237764]]	0.8140682263541718	[[0.0, 0.0, -0.90516196], [0.0, -1.0, 0.0], [-0.90516196, 0.0, 0.0]]
2	[[0.8592155572171323, 0.2624339665249735, -0.4391776855101157], [-0.4266000482917053, 0.8413623931712975, -0.33184593135155627], [0.2824199444684594, 0.4724804086637203, 0.8348660002631537]]	0.17125773767164304	0.828742262328357	[[0.14714731250128626, 0.04494384739526268, -0.0752125768563307], [-0.0730585591610511, 0.14408982001651585, -0.05683118345880689], [0.04836660076301945, 0.08091592588192212, 0.14297726246404102]]	0.0	0.6884415494447539	[[0.6727413916208814, 0.6727413916208813, 0.0], [-0.7071067811865475, 0.7071067811865477, 0.0], [0.0, 0.0, 0.9514]]	[[0.6727413916208814, 0.6727413916208813, 0.0], [-0.7071067811865475, 0.7071067811865476, 0.0], [0.0, 0.0, 0.9514]]	0.6884415494447538	[[0.6727413916208814, 0.6727413916208813, 0.0], [-0.7071067811865475, 0.7071067811865476, 0.0], [0.0, 0.0, 0.9514]]
2	[[-0.5446221603179724, 0.8109226453022452, -0.2139887049042392], [-0.8354447797583356, -0.5021691245819775, 0.22328947644507607], [0.07361197229480154, 0.30038414347728, 0.9509735242804028]]	0.24194877509947596	0.7580512249005242	[[-0.1317706645809638, 0.19620174073130509, -0.051774305036703876], [-0.20213484112578076, -0.1214992045853856, 0.05402461531848946], [0.01781032652938381, 0.07267757557363314, 0.2300868793516753]]	0.5990077817130016	0.5807338318172883	[[-0.36800435932583897, 0.533585409253506, 0.13806281169582846], [-0.6103895542391921, -0.38566397918519624, 0.13375213396522256], [0.1832326901144572, 0.012017610645146176, 0.5019896070134205]]	[[-0.041771447202027745, 0.047836434350168745, 0.26624371113215495], [-0.1099516299724443, -0.08486076582458608, 0.0], [0.13913854588262922, -0.16791482880093933, -0.06765093423357885]]	0.4109731566545597	[[-0.6400461599881065, 0.6400461599881064, 0.0], [-0.7071067811865475, -0.7071067811865476, 0.0], [0.0, 0.0, 0.90516196]]
2	[[0.22433838825039393, -0.7661379269479729, -0.6022499185961573], [-0.9416906372873723, -0.011392912655017143, -0.3362869982418849], [0.2507808429735371, 0.642575192824231, -0.724020780340167]]	0.14406623607627878	0.8559337639237212	[[0.03231958720265312, -0.11037460745067748, -0.08676387894939364], [-0.13566582566226396, -0.0016413340441541607, -0.04844760207809854], [0.03612905212723379, 0.09257338942617602, -0.10430694866461804]]	0.41005214595927025	0.8687645126215269	[[0.019461609282558245, -0.31488653425164737, 0.11121437032991827], [-0.4725512110690352, -0.12629750560717495, -0.13789520528728627], [0.2854531142631614, 0.03948755757843189, -0.3261986658120152]]	[[-0.07252882824055974, -0.000730033205844402, 0.3581682418540684], [-0.0864089444195954, -0.12162581732425866, 0.0], [0.18261989143638768, -0.22400177917933592, -0.0293123911144242]]	0.9579056548600973	[[0.6400461599881065, -0.6400461599881064, 0.0], [-0.7071067811865475, -0.7071067811865476, 0.0], [0.0, 0.0, -0.90516196]]
