2	[[0.3802729664721569, 0.7767473726770865, -0.5020517802076895], [0.4287143634067757, 0.332951791095048, 0.839849450446521], [0.8195098935212374, -0.5346088512602871, -0.20639019011321075]]	0.12600794070601348	0.873992059293987	[[0.0479174134113234, 0.09787633687984607, -0.06326251095175903], [0.0540214140839773, 0.0419545695502658, 0.10582769975384322], [0.10326475407081548, -0.06736496043051624, -0.026006802838088303]]	0.4160553339863994	0.8665966387048146	[[0.026736241301247715, 0.3151579493081436, 0.12505282518830219], [0.27897335884310176, -0.14151706332741149, 0.3279917462731833], [0.5907887969011356, 0.0, -0.06979986093506936]]	[[-0.1314783547703244, -0.00801193825407976, 0.3339341462810788], [0.10060446119112915, -0.2800434319728316, -0.021432097330637983], [0.24982733444699856, 0.22242686416318413, 0.016069878543998994]]	1.0000000000000007	[[0.0, 0.0, 0.0], [0.0, 0.0, 0.0], [0.0, 0.0, 0.0]]
2	[[0.22433838825039393, -0.7661379269479729, -0.6022499185961573], [-0.9416906372873723, -0.011392912655017143, -0.3362869982418849], [0.2507808429735371, 0.642575192824231, -0.724020780340167]]	0.1439413114221148	0.8560586885778853	[[0.03229156180708524, -0.1102788979351116, -0.08668864308659273], [-0.1355481852850714, -0.0016399107884808167, -0.04840559154114332], [0.03609772341715438, 0.0924931159424381, -0.10421650061902657]]	0.40978971758177024	0.8466825457547194	[[0.16442680905934012, -0.3146410065861378, 0.11106188933204625], [-0.4722910984632077, -0.2866199052539538, -0.13780695403596327], [0.28516187693682765, 0.03954092693907269, -0.3260392226202158]]	[[0.07249524429546166, -0.000685561873445123, 0.3578577133872097], [-0.08639595815981821, -0.2819512067946206, 0.0], [0.18239446611978363, -0.22377977985342049, -0.029342951521285854]]	0.9580387793581354	[[0.6392391248766028, -0.6392391248766027, 0.0], [-0.7071067811865475, -0.7071067811865476, 0.0], [0.0, 0.0, -0.9040206400000002]]
2	[[-0.30792515101507295, 0.09349718223056193, 0.9468053539599837], [0.3027085282091916, -0.9338174967034747, 0.1906631317268273], [0.9019698710720718, 0.34531602882779927, 0.2592434992682147]]	0.5739368862765633	0.4260631137234368	[[-0.17672960237983146, 0.05366148164504112, 0.5434065167617723], [0.1737355901297446, -0.5359523064085672, 0.10942860415103349], [0.5176737793183781, 0.19818960636681507, 0.14878940675743962]]	0.7911596024893326	0.30104555039579733	[[-0.10466573405726523, 0.136366964065886, 0.7596772047711994], [0.3022055913464504, -0.8123403140824527, 0.15084496750636797], [0.7029990673572881, 0.2732000921005966, 0.10466573405726523]]	[[0.13895220601628763, 0.06239577053848193, 0.010603057297446788], [0.06271483249833543, -0.07354163459294777, 0.0], [-0.010603057297446788, 0.0, -0.10043724977171913]]	0.47513862618285435	[[0.0, 0.0, 0.9508000000000001], [0.0, -1.0, 0.0], [0.9508000000000001, 0.0, 0.0]]
2	[[0.8489524140446696, -0.5135124485683378, 0.12483895166604869], [0.522794976890395, 0.7815435453534784, -0.34040431673891397], [0.0772347773085365, 0.35425224329800037, 0.9319550081910795]]	0.21457941615571308	0.7854205838442869	[[0.18216771334968843, -0.11018920140248459, 0.02678786936199201], [0.11218104091028047, 0.1677031576622154, -0.0730437595427206], [0.016572993421782256, 0.07601523953873654, 0.19997836154103465]]	0.0	0.4432019206713798	[[0.6723171275521695, -0.6723171275521694, 0.0], [0.7071067811865475, 0.7071067811865476, 0.0], [0.0, 0.0, 0.9508000000000001]]	[[0.6723171275521695, -0.6723171275521694, 0.0], [0.7071067811865475, 0.7071067811865476, 0.0], [0.0, 0.0, 0.9508000000000001]]	0.4432019206713798	[[0.6723171275521695, -0.6723171275521694, 0.0], [0.7071067811865475, 0.7071067811865476, 0.0], [0.0, 0.0, 0.9508000000000001]]
2	[[-0.8305561570912853, 0.32773595720904825, 0.4502950280316503], [-0.5100865793185324, -0.772219296347621, -0.37879947194723407], [0.22358030216652452, -0.5443036842615101, 0.808545204538665]]	0.1896628628565029	0.8103371371434971	[[-0.1575256585170286, 0.06215933990528445, 0.085404244146532], [-0.09674448093823351, -0.14646132249832408, -0.07184419229804398], [0.04240488018722499, -0.10323419502038006, 0.15335099824169987]]	0.5276567258470904	0.6512931989824781	[[-0.39036965975412385, 0.15620261379665756, 0.41223161165795663], [-0.3523962302123125, -0.601671872975632, -0.060801070854705166], [0.33035819134752265, -0.25262534469807846, 0.2724663499209746]]	[[0.047878882728805416, -0.016729468326631004, 0.17463041150155217], [-0.08324561587055342, -0.19420516742890204, 0.13907501826557914], [0.21238454114243116, 0.03458015520585845, -0.1541679654052634]]	0.6813057468748064	[[-0.6392391248766028, 0.6392391248766027, 0.0], [-0.7071067811865475, -0.7071067811865476, 0.0], [0.0, 0.0, 0.9040206400000002]]
2	[[0.08740825448676931, -0.06334395238859675, -0.994156597696443], [0.7119981850616444, -0.6940087028176986, 0.10681996481098455], [-0.6967197295301035, -0.717174639895393, -0.015561310176609944]]	0.1581248726518227	0.8418751273481777	[[0.01382141910943848, -0.010016254404709976, -0.1572008854067192], [0.11258462234120134, -0.10974003775230529, 0.016890893332409104], [-0.11016871850595993, -0.11340314860257582, -0.0024606301899719255]]	0.4526801866457371	1.0257511104481953	[[0.06185720183369669, -0.015253637761401442, -0.00012155456092912548], [0.6350570547282892, -0.6367234176527513, 0.03854543650381591], [0.009016463712175963, -0.012784742529115545, 0.024477416008693464]]	[[0.022289216878247874, 0.013420914428747197, 0.4499134396393877], [0.312749583423158, -0.3225594285274697, -0.009809845104311642], [0.3244076809156307, 0.31186600731632025, 0.03152171280389344]]	0.8144425210210643	[[0.0, 0.0, -0.9040206400000002], [0.0, -1.0, 0.0], [-0.9040206400000002, 0.0, 0.0]]
2	[[-0.5446221603179724, 0.8109226453022452, -0.2139887049042392], [-0.8354447797583356, -0.5021691245819775, 0.22328947644507607], [0.07361197229480154, 0.30038414347728, 0.9509735242804028]]	0.24176030547487734	0.7582396945251229	[[-0.13166801984686058, 0.1960489064447663, -0.05173397466582226], [-0.20197738516176678, -0.12140456095899059, 0.053982532034687024], [0.017796452908599422, 0.07262096228687659, 0.22990764972855093]]	0.5987954718815087	0.5806999438333539	[[-0.36737427313945126, 0.533319111947838, 0.1379691818160953], [-0.6102998356647399, -0.3860196566504899, 0.13370472741410436], [0.1830282370009775, 0.012089651112863883, 0.5019208265515127]]	[[-0.04125698965472437, 0.047742303894678734, 0.26610464934654215], [-0.11003928453840432, -0.08532305873210064, 0.0], [0.13894972131458325, -0.1677790138263368, -0.06751781366679252]]	0.4114120331735065	[[-0.6392391248766028, 0.6392391248766027, 0.0], [-0.7071067811865475, -0.7071067811865476, 0.0], [0.0, 0.0, 0.9040206400000002]]
2	[[0.8787972042104137, -0.3840163418041313, 0.28327887866788265], [-0.395223040501579, -0.9183905790867732, -0.018907472103605397], [0.2674214316928388, -0.09534250611366366, -0.9588511794847616]]	0.5910251619890826	0.4089748380109174	[[0.5193912599740127, -0.22696332062124158, 0.16742494515277107], [-0.23358676153426344, -0.5427919407740076, -0.01117479176283744], [0.15805279498561242, -0.05634982012027316, -0.5667051736784042]]	0.8182768430123166	0.3288116854248085	[[0.5834904444886885, -0.25257759663630786, 0.23857369616498222], [-0.34792140364555335, -0.8463067699957303, -0.01547154658228167], [0.2120516152428919, -0.0780165649075712, -0.6793031409897494]]	[[-0.13560895742065907, 0.061654083200315415, 0.006773149636558073], [-0.024519541778192388, -0.09480902628835208, 0.0], [-0.006773149636558073, 0.0, 0.10530257507767765]]	0.4907316140594634	[[0.6392391248766028, -0.6392391248766027, 0.0], [-0.7071067811865475, -0.7071067811865476, 0.0], [0.0, 0.0, -0.9040206400000002]]
2	[[0.04673222253661188, -0.9725397674033924, -0.22799671093185395], [-0.8377629715199755, -0.16246744520517667, 0.5213036857710898], [-0.5440306084466285, 0.16664552219444034, -0.8223502702654952]]	0.17880703875439544	0.8211929612456044	[[0.008356050326183008, -0.1738969558802891, -0.04076741672746668], [-0.14979791611556975, -0.029050322771129625, 0.09321276834448043], [-0.09727650208809371, 0.029797392345267758, -0.14704201664504998]]	0.46975964769278206	0.8822223445854972	[[-0.06268190147280675, -0.5733858738130233, 0.10567352451718733], [-0.3033154351130254, -0.1946169859975858, 0.0], [0.07472246577798605, 0.07472246577798604, -0.5059986748603329]]	[[-0.08463481386750621, -0.11652593531038528, 0.21277717911964808], [0.09023180323825639, -0.11829633617645569, -0.2448874357687759], [0.3302860927359642, -0.003560876017653969, -0.11969170162034977]]	0.8807617210362952	[[0.6392391248766028, -0.6392391248766027, 0.0], [-0.7071067811865475, -0.7071067811865476, 0.0], [0.0, 0.0, -0.9040206400000002]]
2	[[-0.42203838922340475, -0.825029846081567, 0.3757783270710803], [0.2588054115689476, 0.28760896992378115, 0.9221175843470338], [-0.8688517462515349, 0.4864224845687207, 0.09214016247897017]]	0.10796265142659751	0.8920373485734026	[[-0.04556438350436915, -0.0890724096890436, 0.040570024539245006], [0.027941318436535405, 0.031051026967043954, 0.09955425933319495], [-0.09380353822194504, 0.0525154611475523, 0.009947696244107115]]	0.34506561381780093	1.1374181948694277	[[-0.23158024092036222, -0.46172731248227844, 0.2940518834130998], [0.1843793423957172, 0.012482230710449998, 0.02728268201892846], [0.17071266888505093, 0.16784767321248542, -0.08975627120935611]]	[[-0.08594930508831213, -0.17703788222613676, 0.164383704322891], [0.09507449419330967, -0.086761735035805, -0.2909083882359686], [0.4705235300220051, 0.0, -0.12155067293243386]]	1.0000000000000002	[[0.0, 0.0, 0.0], [0.0, 0.0, 0.0], [0.0, 0.0, 0.0]]
2	[[0.8592155572171323, 0.2624339665249735, -0.4391776855101157], [-0.4266000482917053, 0.8413623931712975, -0.33184593135155627], [0.2824199444684594, 0.4724804086637203, 0.8348660002631537]]	0.17113402458773394	0.8288659754122661	[[0.1470410162949602, 0.04491138087994135, -0.07515824483047225], [-0.07300578315348119, 0.1439857324801714, -0.05679012977525669], [0.048331661720731764, 0.08085747387347969, 0.14287397861649762]]	0.0	0.6884465000358035	[[0.6723171275521695, 0.6723171275521694, 0.0], [-0.7071067811865475, 0.7071067811865476, 0.0], [0.0, 0.0, 0.9508000000000001]]	[[0.6723171275521695, 0.6723171275521694, 0.0], [-0.7071067811865475, 0.7071067811865476, 0.0], [0.0, 0.0, 0.9508000000000001]]	0.6884465000358035	[[0.6723171275521695, 0.6723171275521694, 0.0], [-0.7071067811865475, 0.7071067811865476, 0.0], [0.0, 0.0, 0.9508000000000001]]
2	[[0.034229894132735264, 0.2773841392786001, 0.9601491309293217], [-0.1827544195208179, -0.9427759796974285, 0.2788803941677556], [0.9825625356654255, -0.18501754344446375, 0.018422055382213542]]	0.8058054360547287	0.19419456394527154	[[0.02758263476773594, 0.22351764730605794, 0.7736933891260708], [-0.1472645047129015, -0.7596940094220106, 0.22472333762946292], [0.7917542325029179, -0.1490881422730408, 0.014844592370288949]]	0.8921017463610331	0.15899498956350452	[[0.0, 0.22491101176240166, 0.8291012314751376], [-0.18257821371670718, -0.8213215652903573, 0.24878968666290807], [0.8538946213728111, -0.16505447361423445, 0.0]]	[[-0.030536548333566414, -0.02254386330088954, -0.027449484993938515], [-0.019542676906988632, 0.01973053262495296, 0.0], [-0.02265113260324002, 0.0, -0.01643434777803237]]	0.35969934360542716	[[0.0, 0.0, 0.9508000000000001], [0.0, -1.0, 0.0], [0.9508000000000001, 0.0, 0.0]]
2	[[-0.3195682178843842, -0.5708200961323295, -0.7563336379995778], [0.910087742671785, 0.03735879733279218, -0.41272826520656647], [0.2638493031197415, -0.8202248094963509, 0.507557688474819]]	0.11775215925144196	0.8822478407485579	[[-0.037629847684021514, -0.06721529886369747, -0.08905991898894877], [0.10716479680787339, 0.004399079052973275, -0.048599644412174986], [0.031068825159337773, -0.09658324238979796, 0.05976601376258067]]	0.3691104426884774	1.0750134519352559	[[-0.19077999811719956, -0.28351969012361, 0.18817780406778728], [0.5406318636831607, -0.07737807993197279, -0.15234231268044304], [0.2526309588686344, -0.04486837301271809, 0.08435610972279935]]	[[-0.07282403174472674, -0.07282403174472672, 0.4673484480099981], [0.2047089741002211, -0.09116760215378888, 0.0], [0.15524142579106032, 0.2578851695245521, -0.10298873336008134]]	0.9742460268247023	[[1.8050893068611426e-16, -0.9040206400000002, 0.0], [1.0, 1.7938038903913487e-16, 0.0], [0.0, 0.0, 0.9040206400000002]]
2	[[0.5319609947059123, -0.8460851799387872, 0.03402011756955908], [-0.703274286200726, -0.4190807785627857, 0.5742617690636116], [-0.47161719485230363, -0.3294103357928521, -0.8179645788128509]]	0.15314918746984332	0.8468508125301567	[[0.08146939410486011, -0.12957725783790147, 0.005210153363406508], [-0.10770588550007522, -0.06418188072111997, 0.08794772332708693], [-0.07222779018843704, -0.05044892527084355, -0.12527061062430073]]	0.46427662404933295	0.82394398292632	[[0.2763192116724352, -0.5226423504872181, 0.23001792605285468], [-0.3824307512468003, -0.46399394084502055, 0.0021763784451699552], [0.14395584915689935, -0.1529375186288625, -0.34136568482349666]]	[[0.029342156924449105, -0.12982477948706544, 0.2142231807178983], [-0.055916939868822846, -0.26942453176992437, -0.2644399370162813], [0.3629166882265433, 0.0, 0.03839614841966832]]	0.6774521703935349	[[0.6392391248766028, -0.6392391248766027, 0.0], [-0.7071067811865475, -0.7071067811865476, 0.0], [0.0, 0.0, -0.9040206400000002]]
