2	[[0.5319609947059123, -0.8460851799387872, 0.03402011756955908], [-0.703274286200726, -0.4190807785627857, 0.5742617690636116], [-0.47161719485230363, -0.3294103357928521, -0.8179645788128509]]	0.1466723239730333	0.8533276760269669	[[0.07802395535652261, -0.12409727962076399, 0.004989809705763057], [-0.10315087394753658, -0.061467551724231836, 0.08422830823742526], [-0.06917318999463024, -0.04831537949147488, -0.11997276570210418]]	0.44859958959962126	0.8272992854900486	[[0.2123843697932938, -0.4795583472555536, 0.21987511160982], [-0.3823751880780857, -0.3979949511253236, 0.0], [0.12024454327092654, -0.14088217388126165, -0.3150205215368139]]	[[-0.026253114114784735, -0.10000488276869189, 0.20461370082998495], [-0.06688663191247346, -0.2099954858529682, -0.25761359392468863], [0.33181182332979453, 0.006891167565285231, 0.051918052825658]]	0.7037586424096461	[[0.59097272309959, -0.5909727230995899, 0.0], [-0.7071067811865475, -0.7071067811865476, 0.0], [0.0, 0.0, -0.8357616399999999]]
2	[[0.22433838825039393, -0.7661379269479729, -0.6022499185961573], [-0.9416906372873723, -0.011392912655017143, -0.3362869982418849], [0.2507808429735371, 0.642575192824231, -0.724020780340167]]	0.1362350746306135	0.8637649253693866	[[0.030562757065803962, -0.10437485765510054, -0.0820475626062284], [-0.12829129424979513, -0.0015521143058162823, -0.045814084302788174], [0.034165146858427975, 0.08754127935018996, -0.09863702504375771]]	0.39347840311617577	0.8499909227854386	[[0.15861893641315586, -0.29958999921982754, 0.10197209939985051], [-0.45612372148006564, -0.29074552438655893, -0.1323216710569491], [0.26757756959282136, 0.04248310805715642, -0.31589379572363474]]	[[0.07034662564673418, 0.0018687288423980541, 0.3389444356459133], [-0.08558879329077666, -0.2862626593082207, 0.0], [0.16890072396746558, -0.21035635269739072, -0.031007255252458357]]	0.9673376973359262	[[0.59097272309959, -0.5909727230995899, 0.0], [-0.7071067811865475, -0.7071067811865476, 0.0], [0.0, 0.0, -0.8357616399999999]]
2	[[0.8592155572171323, 0.2624339665249735, -0.4391776855101157], [-0.4266000482917053, 0.8413623931712975, -0.33184593135155627], [0.2824199444684594, 0.4724804086637203, 0.8348660002631537]]	0.16349586120267412	0.8365041387973259	[[0.14047818748595062, 0.04290686736583431, -0.07180373391347358], [-0.06974734228455476, 0.1375592690550842, -0.05425543633292618], [0.04617449204168218, 0.07724859131586637, 0.13649713570185631]]	0.0	0.6895633925863296	[[0.6464370193607417, 0.6464370193607415, 0.0], [-0.7071067811865474, 0.7071067811865474, 0.0], [0.0, 0.0, 0.9141999999999997]]	[[0.6464370193607416, 0.6464370193607415, 0.0], [-0.7071067811865474, 0.7071067811865475, 0.0], [0.0, 0.0, 0.9141999999999998]]	0.6895633925863296	[[0.6464370193607417, 0.6464370193607416, 0.0], [-0.7071067811865475, 0.7071067811865476, 0.0], [0.0, 0.0, 0.9141999999999999]]
2	[[-0.30792515101507295, 0.09349718223056193, 0.9468053539599837], [0.3027085282091916, -0.9338174967034747, 0.1906631317268273], [0.9019698710720718, 0.34531602882779927, 0.2592434992682147]]	0.5236860159570014	0.47631398404299863	[[-0.1612560955480416, 0.04896316686552873, 0.4958287237020623], [0.15852422313407913, -0.4890271644795831, 0.09984761584390714], [0.4723490082949835, 0.18083717538292324, 0.13576219529452319]]	0.761581491700748	0.3368070603402621	[[-0.07959039019464982, 0.12135719707420002, 0.7333288437215304], [0.314666627129302, -0.8095147229020966, 0.14520551227285336], [0.6746641499777685, 0.26298629634285386, 0.07959039019464982]]	[[0.15491970564758756, 0.050151473561232014, 0.012259409902431274], [0.08412941466520792, -0.09833660078640602, 0.0], [-0.012259409902431274, 0.0, -0.11784466069175895]]	0.48399596056828836	[[0.0, 0.0, 0.9141999999999999], [0.0, -1.0, 0.0], [0.9141999999999999, 0.0, 0.0]]
2	[[0.3802729664721569, 0.7767473726770865, -0.5020517802076895], [0.4287143634067757, 0.332951791095048, 0.839849450446521], [0.8195098935212374, -0.5346088512602871, -0.20639019011321075]]	0.12219564984680846	0.8778043501531919	[[0.046467702257238806, 0.09491514997107772, -0.061348543539225656], [0.05238703023515173, 0.04068526048051824, 0.1026259493707976], [0.1001405439947164, -0.06532687599360655, -0.02521998340289014]]	0.4010194871289791	0.8987713005071557	[[0.2062064920274228, 0.3314926481208323, 0.10903885524142673], [0.23907983575279868, -0.2065460302742388, 0.32820481061143797], [0.5531823168539315, 0.0, -0.08088121747659967]]	[[0.05370962204374305, 0.02000181510108504, 0.31037140265250523], [0.06715702161458671, -0.34006618677784994, -0.008591185272180831], [0.22454287965692066, 0.21438856734701303, 0.0018852707110526001]]	1.0000000000000007	[[0.0, 0.0, 0.0], [0.0, 0.0, 0.0], [0.0, 0.0, 0.0]]
2	[[0.08740825448676931, -0.06334395238859675, -0.994156597696443], [0.7119981850616444, -0.6940087028176986, 0.10681996481098455], [-0.6967197295301035, -0.717174639895393, -0.015561310176609944]]	0.14661938395410842	0.8533806160458918	[[0.01281574442535403, -0.009287451276434407, -0.1457626279081649], [0.10439273527018159, -0.10175512846592089, 0.015661877434586094], [-0.10215261753237684, -0.10515170388897208, -0.0022815897116133695]]	0.4345588574106613	1.02278547935016	[[0.058260731457350716, -0.0144774533159156, -0.0009804170541496925], [0.6353681326114841, -0.6361984180263147, 0.03777178759273963], [0.007135566632755001, -0.011974493255315606, 0.021913279336743835]]	[[0.02027670025931994, 0.013049222257948374, 0.4310391381280871], [0.3259630148326313, -0.3346107890968002, -0.008647774264168859], [0.3099012962328217, 0.2996800988215288, 0.028675584506904307]]	0.8375391722958571	[[0.0, 0.0, -0.8357616399999999], [0.0, -1.0, 0.0], [-0.8357616399999999, 0.0, 0.0]]
2	[[-0.3195682178843842, -0.5708200961323295, -0.7563336379995778], [0.910087742671785, 0.03735879733279218, -0.41272826520656647], [0.2638493031197415, -0.8202248094963509, 0.507557688474819]]	0.11180663528904124	0.8881933647109586	[[-0.03572984718696818, -0.06382147430392283, -0.08456311922065252], [0.10175384832593107, 0.004176961428224688, -0.046145758621429264], [0.029500102805176648, -0.09170657613038183, 0.056748317363452844]]	0.35440133397834134	1.0657648053649669	[[-0.17788699719649684, -0.26693099801213255, 0.1801180721832345], [0.5354973158120897, -0.07402420982842586, -0.1462714477597738], [0.23107222495621219, -0.0480725327264988, 0.08847624439334241]]	[[-0.06463159448118992, -0.06463159448118991, 0.4481637224229768], [0.21296100577187171, -0.08726421743899396, 0.0], [0.13756367996132007, 0.24261623392113885, -0.09140287747309686]]	0.9568048855034803	[[1.6687941986022922e-16, -0.8357616399999999, 0.0], [1.0, 1.7938038903913487e-16, 0.0], [0.0, 0.0, 0.8357616399999999]]
2	[[0.034229894132735264, 0.2773841392786001, 0.9601491309293217], [-0.1827544195208179, -0.9427759796974285, 0.2788803941677556], [0.9825625356654255, -0.18501754344446375, 0.018422055382213542]]	0.7339383427185342	0.26606165728146586	[[0.025122631771210595, 0.20358285547854282, 0.7046902619169072], [-0.1341304757875968, -0.6919394400939733, 0.20468101431217411], [0.7211403190436031, -0.1357914692094841, 0.013520652796690857]]	0.8601857090486086	0.21107117840228057	[[0.0007517740074618172, 0.20124173922525015, 0.7822573301364875], [-0.1895249377403179, -0.8213857757231063, 0.2398889295969463], [0.7993811335430694, -0.15914944679420778, -0.0010631689971920741]]	[[-0.028692291747763863, -0.037360133298950465, -0.043649230844356415], [-0.03232219780303628, -0.010423351153077107, 0.0], [-0.04580511788289343, 0.0, -0.01690955776827417]]	0.3767061077504852	[[0.0, 0.0, 0.9141999999999999], [0.0, -1.0, 0.0], [0.9141999999999999, 0.0, 0.0]]
2	[[-0.8305561570912853, 0.32773595720904825, 0.4502950280316503], [-0.5100865793185324, -0.772219296347621, -0.37879947194723407], [0.22358030216652452, -0.5443036842615101, 0.808545204538665]]	0.1805566524539534	0.8194433475460464	[[-0.1499624393994223, 0.059174907322457865, 0.08130376287805388], [-0.09209952522344217, -0.1394293311088739, -0.06839476460611779], [0.04036891091383106, -0.09827765114861185, 0.14598821548919838]]	0.5094605733950014	0.671959981676596	[[-0.3636687677426733, 0.1387356512696407, 0.39142944781836975], [-0.3554474389929062, -0.606263139680885, -0.055618157951255916], [0.30965123116671195, -0.24391360265023826, 0.2536231505354893]]	[[0.05946684828580167, -0.02823289741224065, 0.16202188464044698], [-0.09557843781219186, -0.2128478541769415, 0.1373652382287057], [0.1957458822251267, 0.033387664434642465, -0.15829875298455762]]	0.6873247869490571	[[-0.59097272309959, 0.5909727230995899, 0.0], [-0.7071067811865475, -0.7071067811865476, 0.0], [0.0, 0.0, 0.8357616399999999]]
2	[[-0.5446221603179724, 0.8109226453022452, -0.2139887049042392], [-0.8354447797583356, -0.5021691245819775, 0.22328947644507607], [0.07361197229480154, 0.30038414347728, 0.9509735242804028]]	0.23020998432951964	0.7697900156704803	[[-0.1253774589923095, 0.18668248946748248, -0.04926233640269911], [-0.19232772965634543, -0.11560434630078566, 0.05140346687336761], [0.016946210988451317, 0.0691514289627408, 0.2189236001223796]]	0.5853568510340533	0.5802115687372763	[[-0.32991729800916836, 0.5168379081094738, 0.13225966003806516], [-0.604620899853997, -0.40853304930146106, 0.13070402480093216], [0.17076421594702654, 0.016279189033660078, 0.497037346279267]]	[[-0.011118985242076709, 0.042158782023146865, 0.25751941449766597], [-0.11558757436181956, -0.11458491184962756, 0.0], [0.12767494364613555, -0.15955272729276182, -0.05962152131026533]]	0.44031049957958823	[[-0.59097272309959, 0.5909727230995899, 0.0], [-0.7071067811865475, -0.7071067811865476, 0.0], [0.0, 0.0, 0.8357616399999999]]
2	[[0.04673222253661188, -0.9725397674033924, -0.22799671093185395], [-0.8377629715199755, -0.16246744520517667, 0.5213036857710898], [-0.5440306084466285, 0.16664552219444034, -0.8223502702654952]]	0.17250383784651585	0.8274961621534841	[[0.00806148773866297, -0.16776684233544298, -0.03933030765212745], [-0.14451732779289708, -0.02802625782301152, 0.08992688647904712], [-0.09384736786301859, 0.02874699213847769, -0.14185857767491744]]	0.4539385115752568	0.8622039227289483	[[-0.04874961264129551, -0.5385668162934016, 0.09069277058780531], [-0.30878491316112694, -0.18150282684553465, 0.0], [0.064129473087233, 0.06412947308723299, -0.4722393189876419]]	[[-0.06996316818216879, -0.0970935618305593, 0.19418925819226512], [0.07150796318351485, -0.1077525965896622, -0.23663981919762386], [0.31108591773687694, -0.011517347218392676, -0.09894286130981289]]	0.8945606690006784	[[0.59097272309959, -0.5909727230995899, 0.0], [-0.7071067811865475, -0.7071067811865476, 0.0], [0.0, 0.0, -0.8357616399999999]]
2	[[0.8489524140446696, -0.5135124485683378, 0.12483895166604869], [0.522794976890395, 0.7815435453534784, -0.34040431673891397], [0.0772347773085365, 0.35425224329800037, 0.9319550081910795]]	0.2068527888867756	0.7931472111132245	[[0.17560817447730057, -0.10622148211443759, 0.025823285313823524], [0.10814159898577559, 0.16166446199282522, -0.07041358226654168], [0.015976229085319843, 0.07327806449558794, 0.19277749256132257]]	0.0	0.45678128280001495	[[0.6464370193607416, -0.6464370193607415, 0.0], [0.7071067811865474, 0.7071067811865475, 0.0], [0.0, 0.0, 0.9141999999999998]]	[[0.6464370193607416, -0.6464370193607415, 0.0], [0.7071067811865474, 0.7071067811865475, 0.0], [0.0, 0.0, 0.9141999999999998]]	0.45678128280001506	[[0.6464370193607417, -0.6464370193607416, 0.0], [0.7071067811865475, 0.7071067811865476, 0.0], [0.0, 0.0, 0.9141999999999999]]
2	[[0.8787972042104137, -0.3840163418041313, 0.28327887866788265], [-0.395223040501579, -0.9183905790867732, -0.018907472103605397], [0.2674214316928388, -0.09534250611366366, -0.9588511794847616]]	0.5417205498267188	0.45827945017328126	[[0.47606250465104855, -0.20802954382457917, 0.15345798990626175], [-0.21410044280470292, -0.4975110494585655, -0.010242566183798462], [0.14486768501209293, -0.05164899483375117, -0.5194293881524827]]	0.7892930792668723	0.3711653100806997	[[0.5459519242806172, -0.23440215397050151, 0.23033427239238166], [-0.3507766771457544, -0.8420292170882989, -0.014923536877807193], [0.20432967132545443, -0.07525318023547418, -0.631942475974088]]	[[-0.1476766270817387, 0.06869928694088108, 0.00674421395734184], [-0.03882986651104731, -0.11714988895121362, 0.0], [-0.00674421395734184, 0.0, 0.12487212404011203]]	0.5133261984109003	[[0.9141999999999999, 0.0, 0.0], [0.0, -1.0, 0.0], [0.0, 0.0, -0.9141999999999999]]
2	[[-0.42203838922340475, -0.825029846081567, 0.3757783270710803], [0.2588054115689476, 0.28760896992378115, 0.9221175843470338], [-0.8688517462515349, 0.4864224845687207, 0.09214016247897017]]	0.1046084355454955	0.8953915644545046	[[-0.04414877563680128, -0.08630508147693368, 0.03930958290680921], [0.027073229214935688, 0.03008632439257816, 0.0964612778875347], [-0.09088922189634488, 0.0508838951248868, 0.00963863824783283]]	0.3333185107623681	1.1248647856478973	[[-0.22412137014097777, -0.43509384096530274, 0.27404849478570986], [0.18611147916333015, 0.01767747901485404, 0.015954860976016436], [0.14956892113804723, 0.162133618157777, -0.08730150179210072]]	[[-0.08344816276048383, -0.16009612133488899, 0.1487946224296034], [0.09984684480192683, -0.07818791452203952, -0.29140399898632924], [0.4391732912718918, 0.0, -0.11801352353099369]]	1.0000000000000002	[[0.0, 0.0, 0.0], [0.0, 0.0, 0.0], [0.0, 0.0, 0.0]]
