2	[[-0.3195682178843842, -0.5708200961323295, -0.7563336379995778], [0.910087742671785, 0.03735879733279218, -0.41272826520656647], [0.2638493031197415, -0.8202248094963509, 0.507557688474819]]	0.1255424588680956	0.8744575411319043	[[-0.04011937984930092, -0.07166215843977532, -0.09495198463911908], [0.11425465300073057, 0.00469011527751359, -0.05181492125839582], [0.03312429028428582, -0.10297303940878717, 0.06372004022853561]]	0.3878867180773861	1.1066855566245588	[[-0.039353900232078506, -0.3060159007063216, 0.19860610179277088], [0.5471861482917402, -0.2509994965505827, -0.1600918122487481], [0.28301940118471036, -0.03953205090439711, 0.0772290711901977]]	[[0.0846023670049343, -0.08460236700493429, 0.4919778744079569], [0.19417520062432475, -0.2654904778393177, 0.0], [0.18067576093058846, 0.2786222585367917, -0.11964581482724412]]	0.9999999999999999	[[0.0, 0.0, 0.0], [0.0, 0.0, 0.0], [0.0, 0.0, 0.0]]
2	[[0.04673222253661188, -0.9725397674033924, -0.22799671093185395], [-0.8377629715199755, -0.16246744520517667, 0.5213036857710898], [-0.5440306084466285, 0.16664552219444034, -0.8223502702654952]]	0.18673292962533283	0.8132670703746671	[[0.008726444822164552, -0.18160519994437524, -0.04257449377724521], [-0.1564379340035493, -0.03033802201190588, 0.09734456446851952], [-0.10158842932109136, 0.031118206568311272, -0.15355987514486016]]	0.488565598493719	0.9044894310102077	[[-0.08307299930243763, -0.6138029214159377, 0.12355866320597923], [-0.3033123347186593, -0.20701177742657717, 0.008423994616457093], [0.09332106796736028, 0.08141726928722508, -0.5515439936176763]]	[[-0.10590475557497908, -0.13865344789555717, 0.2349500127369999], [0.10598983285787396, -0.12763577282416452, -0.246267052619277], [0.3591157077819895, 0.0, -0.14977194165394306]]	0.8659224150738015	[[0.7065412088986834, -0.7065412088986833, 0.0], [-0.7071067811865475, -0.7071067811865476, 0.0], [0.0, 0.0, -0.9992001600000001]]
2	[[0.8592155572171323, 0.2624339665249735, -0.4391776855101157], [-0.4266000482917053, 0.8413623931712975, -0.33184593135155627], [0.2824199444684594, 0.4724804086637203, 0.8348660002631537]]	0.18093385695493253	0.8190661430450675	[[0.1554611847229773, 0.04748318975934514, -0.07946211252788561], [-0.0771863921145787, 0.1522309428933153, -0.060042164274238856], [0.051099329833676196, 0.08548770267516964, 0.15105552546815013]]	0.0	0.6894885772089844	[[0.7068239384740729, 0.7068239384740728, 0.0], [-0.7071067811865474, 0.7071067811865475, 0.0], [0.0, 0.0, 0.9995999999999996]]	[[0.7068239384740729, 0.7068239384740728, 0.0], [-0.7071067811865474, 0.7071067811865475, 0.0], [0.0, 0.0, 0.9995999999999997]]	0.6894885772089847	[[0.706823938474073, 0.7068239384740729, 0.0], [-0.7071067811865475, 0.7071067811865476, 0.0], [0.0, 0.0, 0.9996]]
2	[[0.08740825448676931, -0.06334395238859675, -0.994156597696443], [0.7119981850616444, -0.6940087028176986, 0.10681996481098455], [-0.6967197295301035, -0.717174639895393, -0.015561310176609944]]	0.17405533617862592	0.8259446638213742	[[0.015213873119481552, -0.011025352927880084, -0.17303826082625334], [0.12392708345947605, -0.12079591807982663, 0.018592584885764908], [-0.12126778674564351, -0.12482807304577762, -0.002708529074169727]]	0.47582211783358536	1.0300457235427773	[[0.0667298593836323, -0.016286214962193665, 0.0011909642246942312], [0.6346597912122651, -0.637393870966139, 0.03953342858935383], [0.011798060808309689, -0.013894011742265162, 0.028147610362074582]]	[[0.025139078617600733, 0.013854238615298237, 0.47423266199884745], [0.29587530690256447, -0.3071691801964824, -0.011293873293917896], [0.3433127180497663, 0.32735354426929963, 0.03555202592657443]]	0.7845330035554834	[[0.0, 0.0, -0.9992001600000001], [0.0, -1.0, 0.0], [-0.9992001600000001, 0.0, 0.0]]
2	[[0.22433838825039393, -0.7661379269479729, -0.6022499185961573], [-0.9416906372873723, -0.011392912655017143, -0.3362869982418849], [0.2507808429735371, 0.642575192824231, -0.724020780340167]]	0.15393224131261454	0.8460677586873855	[[0.03453291091584264, -0.11793332824970162, -0.09270567979984612], [-0.14495655042074962, -0.0017537365800655846, -0.05176541136366461], [0.03860325723718343, 0.09891303964331935, -0.11145014147467008]]	0.4306089463111262	0.849980044710768	[[0.1716558339099167, -0.33448236483011784, 0.12382920839301734], [-0.4929266100938452, -0.2813540998185251, -0.14480818997106962], [0.3091618529882559, 0.03465840342204146, -0.33828157340978193]]	[[0.07505371692827828, -0.004576519378060709, 0.3831634112556701], [-0.087426197020477, -0.2764482097047336, 0.0], [0.20117337844040514, -0.24204022328566938, -0.026511748080143296]]	0.9496126408953275	[[0.7065412088986834, -0.7065412088986833, 0.0], [-0.7071067811865475, -0.7071067811865476, 0.0], [0.0, 0.0, -0.9992001600000001]]
2	[[0.034229894132735264, 0.2773841392786001, 0.9601491309293217], [-0.1827544195208179, -0.9427759796974285, 0.2788803941677556], [0.9825625356654255, -0.18501754344446375, 0.018422055382213542]]	0.8302055943745468	0.16979440562545317	[[0.028417849603845295, 0.23028586421986227, 0.7971211799313821], [-0.15172374148285592, -0.7826978925867494, 0.23152806339944945], [0.8157289139322765, -0.1536025996250296, 0.015294093438191415]]	0.9329605275596592	0.12481027401829899	[[0.0035261445681540804, 0.25997629377856396, 0.8881433406691787], [-0.17275223909065335, -0.8206717725776151, 0.260184399668795], [0.9243299606933619, -0.1726140649397391, -0.0035261445681540804]]	[[-0.028408995520233904, 0.0011878408605191983, -0.007637899058589803], [-0.0022495794406517944, 0.05890100281147253, 0.0], [0.007637899058589803, 0.0, -0.020713195076277297]]	0.3385628267272138	[[0.0, 0.0, 0.9996], [0.0, -1.0, 0.0], [0.9996, 0.0, 0.0]]
2	[[0.8489524140446696, -0.5135124485683378, 0.12483895166604869], [0.522794976890395, 0.7815435453534784, -0.34040431673891397], [0.0772347773085365, 0.35425224329800037, 0.9319550081910795]]	0.22404110189160753	0.7759588981083925	[[0.19020023429610805, -0.11504789481230784, 0.027969056290254674], [0.1171275626859216, 0.17509787707726684, -0.07626455821084606], [0.01730376461255745, 0.07936706293605784, 0.20879622694853153]]	0.0	0.42712296814157835	[[0.7068239384740732, -0.706823938474073, 0.0], [0.7071067811865476, 0.7071067811865478, 0.0], [0.0, 0.0, 0.9996000000000004]]	[[0.7068239384740734, -0.7068239384740731, 0.0], [0.7071067811865477, 0.707106781186548, 0.0], [0.0, 0.0, 0.9996000000000006]]	0.4271229681415785	[[0.706823938474073, -0.7068239384740729, 0.0], [0.7071067811865475, 0.7071067811865476, 0.0], [0.0, 0.0, 0.9996]]
2	[[-0.5446221603179724, 0.8109226453022452, -0.2139887049042392], [-0.8354447797583356, -0.5021691245819775, 0.22328947644507607], [0.07361197229480154, 0.30038414347728, 0.9509735242804028]]	0.25698562511209133	0.7430143748879086	[[-0.1399600663192117, 0.20839546292054822, -0.054992021096742755], [-0.2146972989728294, -0.12905024639269114, 0.05738218568518948], [0.018917218715913522, 0.07719440688526893, 0.24438652560224783]]	0.6152700108746785	0.5851261750839164	[[-0.3907585762195391, 0.5546052785117448, 0.14559499474475757], [-0.6172616995729331, -0.38798162898421445, 0.13738331860056327], [0.20001818409739278, 0.0058842320842828755, 0.5063777861270781]]	[[-0.0556688937181094, 0.055668893718109395, 0.27725582753824723], [-0.10323758084582854, -0.07901202624173354, 0.0], [0.1547269451030637, -0.17893312313956417, -0.0787277044984567]]	0.38056736199094127	[[-0.7065412088986834, 0.7065412088986833, 0.0], [-0.7071067811865475, -0.7071067811865476, 0.0], [0.0, 0.0, 0.9992001600000001]]
2	[[-0.8305561570912853, 0.32773595720904825, 0.4502950280316503], [-0.5100865793185324, -0.772219296347621, -0.37879947194723407], [0.22358030216652452, -0.5443036842615101, 0.808545204538665]]	0.20163871456381968	0.7983612854361802	[[-0.16747227588895264, 0.06608425712797548, 0.09079691062678115], [-0.1028532021700447, -0.15570930627691176, -0.07638063860089395], [0.045082444730648416, -0.10975269522684207, 0.16303401570991705]]	0.5507317678771438	0.6239607242802396	[[-0.4281713871127266, 0.18145891669632996, 0.44018700759999485], [-0.34842215954149075, -0.5952602948451304, -0.06735102321337295], [0.35884549142591055, -0.26367294470243086, 0.2988746904354714]]	[[0.02924227360340374, 0.0009643135856828786, 0.19219523074583605], [-0.06750127594299046, -0.16997459657876102, 0.14126587964305581], [0.23571271635123445, 0.03609238559295332, -0.1464168394686944]]	0.6823582247364164	[[-0.7065412088986834, 0.7065412088986833, 0.0], [-0.7071067811865475, -0.7071067811865476, 0.0], [0.0, 0.0, 0.9992001600000001]]
2	[[0.5319609947059123, -0.8460851799387872, 0.03402011756955908], [-0.703274286200726, -0.4190807785627857, 0.5742617690636116], [-0.47161719485230363, -0.3294103357928521, -0.8179645788128509]]	0.162124857664881	0.8378751423351191	[[0.08624410054996452, -0.13717143936994108, 0.005515506718707305], [-0.11401824354966346, -0.06794341157457917, 0.09310210757182079], [-0.07646087058774016, -0.0534056038037568, -0.13261239091494778]]	0.4819327023689355	0.808003004177277	[[0.2899706021637254, -0.5702983824309882, 0.24232441416881256], [-0.37053260732748505, -0.4617066903359815, 0.0152252199981923], [0.17766824512137133, -0.15875361331690768, -0.37654549992358977]]	[[0.03360120243023813, -0.16254226522878132, 0.22592900697360607], [-0.031601730072184954, -0.2597379582123407, -0.2615303062337996], [0.4049559943201988, 0.0, 0.01765837998575559]]	0.6436862665912475	[[0.7065412088986834, -0.7065412088986833, 0.0], [-0.7071067811865475, -0.7071067811865476, 0.0], [0.0, 0.0, -0.9992001600000001]]
2	[[-0.30792515101507295, 0.09349718223056193, 0.9468053539599837], [0.3027085282091916, -0.9338174967034747, 0.1906631317268273], [0.9019698710720718, 0.34531602882779927, 0.2592434992682147]]	0.6486874444918694	0.3513125555081306	[[-0.19974717930674069, 0.060650448208333825, 0.6141807454915217], [0.19636322158991545, -0.6057556855583717, 0.1236807796786923], [0.5850965306744034, 0.22400217228238584, 0.16816800304142804]]	0.8294940211637969	0.2554785438949728	[[-0.14052275634745692, 0.15802742998613814, 0.7933686109353255], [0.2866668689531483, -0.8157491931493945, 0.1581539278237687], [0.7401793847045178, 0.28643758132468483, 0.14052275634745692]]	[[0.1148993153855054, 0.08047207633022505, 0.007999230619646594], [0.035571954648331294, -0.04115316277571863, 0.0], [-0.007999230619646594, 0.0, -0.07451817632110837]]	0.46632656380763293	[[0.0, 0.0, 0.9996], [0.0, -1.0, 0.0], [0.9996, 0.0, 0.0]]
2	[[0.8787972042104137, -0.3840163418041313, 0.28327887866788265], [-0.395223040501579, -0.9183905790867732, -0.018907472103605397], [0.2674214316928388, -0.09534250611366366, -0.9588511794847616]]	0.6673300952402242	0.3326699047597759	[[0.5864478219825782, -0.2562656619499534, 0.18904052108098204], [-0.2637442292590497, -0.6128696726097009, -0.012617525159650873], [0.17845836948085916, -0.06362492368527282, -0.6398702489267672]]	0.8549964178235946	0.2706849282472809	[[0.6351370987178747, -0.27835494854641707, 0.24896085037845098], [-0.3439946996119827, -0.850816627764845, -0.01616582091868216], [0.22188594227430766, -0.08151750119350659, -0.7437447470984936]]	[[-0.11623136287541909, 0.04997764808183622, 0.00675842387232658], [-0.0060804157417831805, -0.06559597248271734, 0.0], [-0.00675842387232658, 0.0, 0.07606957658690636]]	0.4684704967943356	[[0.7065412088986834, -0.7065412088986833, 0.0], [-0.7071067811865475, -0.7071067811865476, 0.0], [0.0, 0.0, -0.9992001600000001]]
2	[[-0.42203838922340475, -0.825029846081567, 0.3757783270710803], [0.2588054115689476, 0.28760896992378115, 0.9221175843470338], [-0.8688517462515349, 0.4864224845687207, 0.09214016247897017]]	0.11215170435760533	0.8878482956423949	[[-0.047332324655743246, -0.09252850338394054, 0.042144179841671306], [0.02902546800442899, 0.03225583616548728, 0.10341705870263773], [-0.09744320417619126, 0.05455311068224301, 0.010333676261803188]]	0.3598572114344421	1.1578724107260732	[[-0.2408676142250898, -0.4979510325192363, 0.3217001978144601], [0.18219828805724586, 0.005940530848394035, 0.04154633238016221], [0.20111160872538855, 0.1750426388759128, -0.09269929954534174]]	[[-0.0889940563608717, -0.20105809275813644, 0.1864736569171614], [0.08906529434590128, -0.09755763105191025, -0.29028433013762533], [0.5137741752814114, 0.0, -0.12585660147614033]]	1.0000000000000002	[[0.0, 0.0, 0.0], [0.0, 0.0, 0.0], [0.0, 0.0, 0.0]]
2	[[0.3802729664721569, 0.7767473726770865, -0.5020517802076895], [0.4287143634067757, 0.332951791095048, 0.839849450446521], [0.8195098935212374, -0.5346088512602871, -0.20639019011321075]]	0.13045032161105855	0.8695496783889419	[[0.04960673077628414, 0.10132694457627067, -0.06549281619349759], [0.05592592658569412, 0.043433668229327, 0.10955863091561945], [0.10690532917328976, -0.06973989658302303, -0.02692366667763585]]	0.4350812837412689	0.9394817505201888	[[0.1390144695167026, 0.3267329268673851, 0.14816084299879154], [0.290317368385223, -0.25459676239215967, 0.3277221404815954], [0.6423975668434223, 0.0, -0.05241151750203332]]	[[-0.026435180908103977, -0.011215317179619579, 0.3665941760361425], [0.10379177279588214, -0.39945785508574794, -0.03768063656807616], [0.2858441503315318, 0.23259830530577086, 0.037384991364026954]]	1.0000000000000007	[[0.0, 0.0, 0.0], [0.0, 0.0, 0.0], [0.0, 0.0, 0.0]]
