2	[[-0.30792515101507295, 0.09349718223056193, 0.9468053539599837], [0.3027085282091916, -0.9338174967034747, 0.1906631317268273], [0.9019698710720718, 0.34531602882779927, 0.2592434992682147]]	0.5843761892151228	0.41562381078487737	[[-0.17994412631367954, 0.054637527054247646, 0.5532905046756108], [0.1768956561578059, -0.5457007101459821, 0.1114189943423443], [0.5270897160439528, 0.2017944650012888, 0.15149572818115276]]	0.7968924976789284	0.29412860377790584	[[-0.10978416685627636, 0.13944324430545285, 0.7647495047046932], [0.2998371615155463, -0.8128685929804224, 0.15193801925707795], [0.7085256020180244, 0.2751797527011538, 0.10978416685627636]]	[[0.13559907583428635, 0.06493604123179844, 0.010247421371739923], [0.058611006402211244, -0.06871643565610597, 0.0], [-0.010247421371739923, 0.0, -0.09680503278259672]]	0.47361525611474165	[[0.0, 0.0, 0.958], [0.0, -1.0, 0.0], [0.958, 0.0, 0.0]]
2	[[0.8489524140446696, -0.5135124485683378, 0.12483895166604869], [0.522794976890395, 0.7815435453534784, -0.34040431673891397], [0.0772347773085365, 0.35425224329800037, 0.9319550081910795]]	0.21603584820435479	0.7839641517956455	[[0.18340415485327483, -0.11093709738995595, 0.026969688812117282], [0.11294245626949254, 0.16884142272907712, -0.07353953529911512], [0.01668548062672412, 0.07653118385917897, 0.20133569068285623]]	0.0	0.44067902799850733	[[0.6774082963767125, -0.6774082963767124, 0.0], [0.7071067811865475, 0.7071067811865476, 0.0], [0.0, 0.0, 0.958]]	[[0.6774082963767125, -0.6774082963767124, 0.0], [0.7071067811865475, 0.7071067811865476, 0.0], [0.0, 0.0, 0.958]]	0.44067902799850733	[[0.6774082963767125, -0.6774082963767124, 0.0], [0.7071067811865475, 0.7071067811865476, 0.0], [0.0, 0.0, 0.958]]
2	[[0.3802729664721569, 0.7767473726770865, -0.5020517802076895], [0.4287143634067757, 0.332951791095048, 0.839849450446521], [0.8195098935212374, -0.5346088512602871, -0.20639019011321075]]	0.12670893921950263	0.8732910607804977	[[0.048183984195540486, 0.09842083563344933, -0.0636144485033792], [0.05432194221543689, 0.04218796826088701, 0.10641643297016093], [0.10383922928796356, -0.06773972044054785, -0.026151482054556432]]	0.4189353429140618	0.8668007881813663	[[0.028117191231697918, 0.3169450848991281, 0.12833621293591277], [0.28069053192395865, -0.14311303357968, 0.327950935323048], [0.5982975565656236, 0.0, -0.06742164095777904]]	[[-0.1311925943782627, -0.00846184203094364, 0.3386634476378364], [0.10108693307795734, -0.28259830635593497, -0.02389168219595169], [0.2549758983018377, 0.22396654242762112, 0.019042504111397324]]	1.0000000000000007	[[0.0, 0.0, 0.0], [0.0, 0.0, 0.0], [0.0, 0.0, 0.0]]
2	[[0.5319609947059123, -0.8460851799387872, 0.03402011756955908], [-0.703274286200726, -0.4190807785627857, 0.5742617690636116], [-0.47161719485230363, -0.3294103357928521, -0.8179645788128509]]	0.15444853088310248	0.8455514691168976	[[0.082160594119442, -0.13067661304351108, 0.00525435717908887], [-0.10861968031156467, -0.06472641057036904, 0.08869388657420628], [-0.07284058288414814, -0.050876942420915484, -0.1263334275120605]]	0.4669660777460785	0.8107717274911689	[[0.218455846782972, -0.5295566493533101, 0.23184832116126855], [-0.38061837215734606, -0.398374088879383, 0.004164037002056798], [0.1487405104216208, -0.1538234524742068, -0.3464488535623786]]	[[-0.029951892428750338, -0.13446357143820953, 0.2159620802953511], [-0.05221313715052002, -0.20267758145514614, -0.26399672889710224], [0.368969742099409, 0.0, 0.03551285754108144]]	0.6723699170399668	[[0.6489571479288906, -0.6489571479288905, 0.0], [-0.7071067811865475, -0.7071067811865476, 0.0], [0.0, 0.0, -0.9177639999999999]]
2	[[0.8592155572171323, 0.2624339665249735, -0.4391776855101157], [-0.4266000482917053, 0.8413623931712975, -0.33184593135155627], [0.2824199444684594, 0.4724804086637203, 0.8348660002631537]]	0.17261533466022708	0.8273846653397731	[[0.14831378095430872, 0.04530012695791913, -0.07580880315963255], [-0.07363771010194171, 0.14523205106779302, -0.057281696495883626], [0.04875001322914588, 0.08155736386188893, 0.1441106740318695]]	0.0	0.6884159262843468	[[0.677408296376713, 0.6774082963767127, 0.0], [-0.7071067811865478, 0.707106781186548, 0.0], [0.0, 0.0, 0.9580000000000005]]	[[0.677408296376713, 0.6774082963767126, 0.0], [-0.7071067811865477, 0.707106781186548, 0.0], [0.0, 0.0, 0.9580000000000005]]	0.6884159262843468	[[0.6774082963767125, 0.6774082963767124, 0.0], [-0.7071067811865475, 0.7071067811865476, 0.0], [0.0, 0.0, 0.958]]
2	[[0.8787972042104137, -0.3840163418041313, 0.28327887866788265], [-0.395223040501579, -0.9183905790867732, -0.018907472103605397], [0.2674214316928388, -0.09534250611366366, -0.9588511794847616]]	0.6014685305837938	0.3985314694162062	[[0.5285688630975839, -0.23097374482509478, 0.1703833308977962], [-0.23771422142334395, -0.552383032105321, -0.011372249463209614], [0.16084557556690612, -0.05734551705436166, -0.5767188099732371]]	0.8238716618551023	0.32035790876386033	[[0.5909925358699553, -0.256249264844838, 0.24016056192350568], [-0.34740085358669015, -0.8471299306482462, -0.015577330463476364], [0.2135458179575025, -0.07854998895729433, -0.68879896973209]]	[[-0.13302357719649618, 0.060130916856848626, 0.006775121386947308], [-0.021787790405227783, -0.09049395802395663, 0.0], [-0.006775121386947308, 0.0, 0.10117134498174568]]	0.4867864031799736	[[0.6489571479288906, -0.6489571479288905, 0.0], [-0.7071067811865475, -0.7071067811865476, 0.0], [0.0, 0.0, -0.9177639999999999]]
2	[[0.22433838825039393, -0.7661379269479729, -0.6022499185961573], [-0.9416906372873723, -0.011392912655017143, -0.3362869982418849], [0.2507808429735371, 0.642575192824231, -0.724020780340167]]	0.1454371835639241	0.8545628164360758	[[0.032627143352407406, -0.11142494231681661, -0.0875895319622276], [-0.13695683407559223, -0.0016569531291355105, -0.04890863389346604], [0.036472859493857965, 0.0934543262724016, -0.10529954313442845]]	0.41292825330673166	0.8468893404777271	[[0.16553041506169944, -0.3175847483880294, 0.1128990460017884], [-0.47540193850908746, -0.28582607572767144, -0.13886240279378545], [0.2886630418458196, 0.038889548683699725, -0.3279378804276629]]	[[0.07289475625181681, -0.0012247524213626765, 0.3615850529418209], [-0.08655126849870996, -0.28112162020495907, 0.0], [0.18510854639396723, -0.2264479033074463, -0.02896924424402081]]	0.9564859905833749	[[0.6489571479288906, -0.6489571479288905, 0.0], [-0.7071067811865475, -0.7071067811865476, 0.0], [0.0, 0.0, -0.9177639999999999]]
2	[[0.034229894132735264, 0.2773841392786001, 0.9601491309293217], [-0.1827544195208179, -0.9427759796974285, 0.2788803941677556], [0.9825625356654255, -0.18501754344446375, 0.018422055382213542]]	0.8187191034755542	0.18128089652444584	[[0.028024668236416153, 0.22709969382851372, 0.7860924356772867], [-0.14962453450627933, -0.7718687048761661, 0.22832470628993407], [0.8044427183086644, -0.15147739729610077, 0.015082488666702884]]	0.8982421654834329	0.1489221195077222	[[0.0, 0.2299018360738488, 0.8382134121002103], [-0.1810820198612936, -0.8212319921667666, 0.25050212916811815], [0.8646034871916792, -0.16619055887598025, 0.0]]	[[-0.03074673423005678, -0.019256293862519168, -0.024233022452779755], [-0.016924294319246354, 0.0256091454024168, 0.0], [-0.017975612567325484, 0.0, -0.016547466919175226]]	0.3564709370797475	[[0.0, 0.0, 0.958], [0.0, -1.0, 0.0], [0.958, 0.0, 0.0]]
2	[[-0.42203838922340475, -0.825029846081567, 0.3757783270710803], [0.2588054115689476, 0.28760896992378115, 0.9221175843470338], [-0.8688517462515349, 0.4864224845687207, 0.09214016247897017]]	0.10860078072908771	0.8913992192709123	[[-0.045833698567308366, -0.08959888540925727, 0.04080981970098978], [0.028106469753300584, 0.031234558678411385, 0.10014268958410827], [-0.09435797798074794, 0.0528258615883457, 0.010006493581721149]]	0.3473098723832838	1.140174075289901	[[-0.23299727840140894, -0.4670201784626586, 0.29806080555399633], [0.18404842142235378, 0.011489689787641085, 0.029446837665120247], [0.17503953775707626, 0.1689393310399222, -0.09021398734239151]]	[[-0.08641917929938164, -0.18047916790766932, 0.16754928273453568], [0.09416274695823941, -0.08839974485287505, -0.29081370287683], [0.47680032686769014, 0.0, -0.12221517541433773]]	1.0000000000000002	[[0.0, 0.0, 0.0], [0.0, 0.0, 0.0], [0.0, 0.0, 0.0]]
2	[[0.08740825448676931, -0.06334395238859675, -0.994156597696443], [0.7119981850616444, -0.6940087028176986, 0.10681996481098455], [-0.6967197295301035, -0.717174639895393, -0.015561310176609944]]	0.16043322820091352	0.8395667717990865	[[0.014023188438719386, -0.010162474768707543, -0.15949575230567722], [0.11422816730263105, -0.11134205659257176, 0.017137471790934233], [-0.11177699535978179, -0.11505864266224555, -0.0024965512266692663]]	0.45616797929609265	1.0263602096614752	[[0.06257056596296745, -0.01540615571174489, 6.0060818762790874e-05], [0.6349971819043577, -0.6368244637633744, 0.03869433987348622], [0.009407181508906666, -0.012946326600366697, 0.02500085082417365]]	[[0.022697719139939253, 0.013489327049989178, 0.4535624670938278], [0.3102064085623019, -0.3202399161851223, -0.010033507622820325], [0.3272284126643742, 0.31420577968311764, 0.032099422242637475]]	0.8099610202708064	[[0.0, 0.0, -0.9177639999999999], [0.0, -1.0, 0.0], [-0.9177639999999999, 0.0, 0.0]]
2	[[-0.5446221603179724, 0.8109226453022452, -0.2139887049042392], [-0.8354447797583356, -0.5021691245819775, 0.22328947644507607], [0.07361197229480154, 0.30038414347728, 0.9509735242804028]]	0.24401995312176236	0.7559800468782376	[[-0.13289867402986455, 0.19788130589202943, -0.05221751373931911], [-0.2038651959924501, -0.12253928623969056, 0.054487087574710324], [0.017962790028577924, 0.0732997246098466, 0.23205651481494102]]	0.6013266860336324	0.5811606849419638	[[-0.37496929290463477, 0.5365067937453165, 0.1390928835739156], [-0.611369484318149, -0.3817791755224544, 0.13426992089690243], [0.18548894610779823, 0.011218096272015131, 0.5027227228168585]]	[[-0.04747345410015089, 0.04887736681609061, 0.26777000234261067], [-0.10899424354197096, -0.07981148000916358, 0.0], [0.14122410275536562, -0.16941090526222877, -0.06912303504440001]]	0.4062303240874838	[[-0.6489571479288906, 0.6489571479288905, 0.0], [-0.7071067811865475, -0.7071067811865476, 0.0], [0.0, 0.0, 0.9177639999999999]]
2	[[-0.3195682178843842, -0.5708200961323295, -0.7563336379995778], [0.910087742671785, 0.03735879733279218, -0.41272826520656647], [0.2638493031197415, -0.8202248094963509, 0.507557688474819]]	0.11891190916495173	0.8810880908350482	[[-0.038000466897073384, -0.06787730742081659, -0.0899370768602033], [0.10822027098872325, 0.004442405914948846, -0.04907830598205134], [0.0313748243658105, -0.09753449804166991, 0.06035465374789052]]	0.37194085242035263	1.093930377560906	[[-0.04436012494453928, -0.28681166355595783, 0.18973929151943575], [0.5416198823693673, -0.24037531970564902, -0.1535105027789037], [0.2569963712888046, -0.04415755725852922, 0.08342203333572568]]	[[0.07450035042183153, -0.07450035042183152, 0.47105066955118513], [0.20312107158270903, -0.25427058263100694, 0.0], [0.15886003657593192, 0.2609175575618649, -0.10535940596810227]]	0.9782646658407513	[[1.8325311495344944e-16, -0.9177639999999999, 0.0], [1.0, 1.7938038903913487e-16, 0.0], [0.0, 0.0, 0.9177639999999999]]
2	[[-0.8305561570912853, 0.32773595720904825, 0.4502950280316503], [-0.5100865793185324, -0.772219296347621, -0.37879947194723407], [0.22358030216652452, -0.5443036842615101, 0.808545204538665]]	0.1914422466090075	0.8085577533909922	[[-0.15900353664849942, 0.06274250794265375, 0.08620549180324515], [-0.09765212070984351, -0.14783539696761552, -0.0725182219238842], [0.04280271534428019, -0.10420272015258338, 0.15478971044182152]]	0.5311457486551902	0.6472388530726744	[[-0.39578684545887033, 0.1597871241985186, 0.41633997577977494], [-0.35180286416906204, -0.6007444366482837, -0.06179305037137438], [0.33449786188375524, -0.2542957784220884, 0.27626971220931557]]	[[0.045359526399558175, -0.014288436154506715, 0.17716768600019422], [-0.08087254611795511, -0.19058344036374245, 0.13940467874622997], [0.21574413490496291, 0.03480880945076964, -0.15318563577693756]]	0.6807614032948855	[[-0.6489571479288906, 0.6489571479288905, 0.0], [-0.7071067811865475, -0.7071067811865476, 0.0], [0.0, 0.0, 0.9177639999999999]]
2	[[0.04673222253661188, -0.9725397674033924, -0.22799671093185395], [-0.8377629715199755, -0.16246744520517667, 0.5213036857710898], [-0.5440306084466285, 0.16664552219444034, -0.8223502702654952]]	0.18001059156979535	0.8199894084302045	[[0.008412295024186847, -0.1750674588554359, -0.041041822810810646], [-0.1508062080985804, -0.029245860922217155, 0.09384018486316857], [-0.0979312716585533, 0.029997959032678666, -0.14803175862807294]]	0.47280062410480694	0.88629752356276	[[-0.06553957464122119, -0.5803226956874228, 0.10875282668652383], [-0.30225407024485346, -0.19715904484563077, 0.0], [0.07689986122324634, 0.07689986122324632, -0.512741758919113]]	[[-0.08763459862233602, -0.12050528669235502, 0.21654981390894762], [0.09384078554168859, -0.12034433535590969, -0.24647270798070742], [0.3341178724289302, -0.0018902456745565387, -0.12393403790483017]]	0.8782923240567939	[[0.6489571479288906, -0.6489571479288905, 0.0], [-0.7071067811865475, -0.7071067811865476, 0.0], [0.0, 0.0, -0.9177639999999999]]
