2	[[-0.8305561570912853, 0.32773595720904825, 0.4502950280316503], [-0.5100865793185324, -0.772219296347621, -0.37879947194723407], [0.22358030216652452, -0.5443036842615101, 0.808545204538665]]	0.18887071112402243	0.8111292888759775	[[-0.1568677320182663, 0.06189972329898511, 0.0850475421599494], [-0.09634041497071129, -0.14584960764486735, -0.07154412564007827], [0.04222777066351531, -0.10280302391389678, 0.15271050775713585]]	0.5260965532944728	0.6530967433276414	[[-0.38797955964518804, 0.15462519995517576, 0.41040741093481986], [-0.3526606974245021, -0.6020817144535622, -0.060357303761471456], [0.32852534319699456, -0.2518783834454558, 0.2707862092408464]]	[[0.04897317191803985, -0.01779555752316935, 0.1735087487217306], [-0.08430590616325444, -0.19581980425759568, 0.13892779281973472], [0.2109005168426492, 0.03447790879000764, -0.15458663604971984]]	0.6816191038111755	[[-0.6349435360337082, 0.6349435360337081, 0.0], [-0.7071067811865475, -0.7071067811865476, 0.0], [0.0, 0.0, 0.89794576]]
2	[[-0.30792515101507295, 0.09349718223056193, 0.9468053539599837], [0.3027085282091916, -0.9338174967034747, 0.1906631317268273], [0.9019698710720718, 0.34531602882779927, 0.2592434992682147]]	0.5693582096684875	0.4306417903315126	[[-0.17531971269384053, 0.053233388283841054, 0.5390714012351948], [0.17234958567256817, -0.531676658080199, 0.1085556193297734], [0.5135439509685112, 0.1966085159432276, 0.14760241461154455]]	0.7886027899934137	0.3041348957451884	[[-0.10241026417687837, 0.1350128595209481, 0.7574113069022655], [0.30326685184531477, -0.8121026505094793, 0.15035747762865775], [0.7005379936287146, 0.2723171837630486, 0.10241026417687837]]	[[0.14042036902275135, 0.061280720757404344, 0.010757963188720925], [0.06455006194474626, -0.07569156726445374, 0.0], [-0.010757963188720925, 0.0, -0.10202988263369125]]	0.4758394214038768	[[0.0, 0.0, 0.9476], [0.0, -1.0, 0.0], [0.9476, 0.0, 0.0]]
2	[[-0.42203838922340475, -0.825029846081567, 0.3757783270710803], [0.2588054115689476, 0.28760896992378115, 0.9221175843470338], [-0.8688517462515349, 0.4864224845687207, 0.09214016247897017]]	0.10767676985467353	0.8923232301453266	[[-0.04544373050624567, -0.08883654885976164, 0.040462596440406964], [0.027867330738653613, 0.030968804862622643, 0.09929064290868307], [-0.09355514951895771, 0.05237640192304463, 0.009921355069620295]]	0.3440611896717542	1.136223157610366	[[-0.23094518048910337, -0.45938060589040647, 0.2922779402777343], [0.18452744699524576, 0.012926445153536723, 0.02631410815659776], [0.16880725325625806, 0.16735909872380456, -0.08955020091468707]]	[[-0.08573815020574793, -0.17551985553287824, 0.16298720201279687], [0.09548254919734564, -0.08602863919870724, -0.29095076493108685], [0.4677454187199423, 0.0, -0.12125205483375029]]	1.0000000000000002	[[0.0, 0.0, 0.0], [0.0, 0.0, 0.0], [0.0, 0.0, 0.0]]
2	[[0.3802729664721569, 0.7767473726770865, -0.5020517802076895], [0.4287143634067757, 0.332951791095048, 0.839849450446521], [0.8195098935212374, -0.5346088512602871, -0.20639019011321075]]	0.12569125276638368	0.8743087472336168	[[0.047796985549074425, 0.0976303503547801, -0.06310351720789761], [0.05388564541554029, 0.04184912773354783, 0.1055617295617821], [0.10300522517113009, -0.06719565625490277, -0.02594144155402156]]	0.4147671530022374	0.8665229824005669	[[0.026130115512881785, 0.31435478292913466, 0.12360757167892386], [0.27820529535273264, -0.14080321188392672, 0.3280100003450387], [0.5874632763154958, 0.0, -0.0708359627328671]]	[[-0.13159462015449003, -0.007814513438108399, 0.3318421592153722], [0.10038865939133766, -0.27890067836341553, -0.020331965167158444], [0.24755749092252544, 0.22173819120702587, 0.014767908827979834]]	1.0000000000000007	[[0.0, 0.0, 0.0], [0.0, 0.0, 0.0], [0.0, 0.0, 0.0]]
2	[[0.8489524140446696, -0.5135124485683378, 0.12483895166604869], [0.522794976890395, 0.7815435453534784, -0.34040431673891397], [0.0772347773085365, 0.35425224329800037, 0.9319550081910795]]	0.21392539305157024	0.7860746069484297	[[0.18161247885658535, -0.10985335239685591, 0.026706221803305424], [0.11183912091666431, 0.16719201012666046, -0.07282112725482338], [0.016522480092979186, 0.07578355038692522, 0.19936884143365602]]	0.0	0.4443392410128334	[[0.6700543858523724, -0.6700543858523724, 0.0], [0.7071067811865475, 0.7071067811865476, 0.0], [0.0, 0.0, 0.9476]]	[[0.6700543858523724, -0.6700543858523724, 0.0], [0.7071067811865475, 0.7071067811865476, 0.0], [0.0, 0.0, 0.9476]]	0.4443392410128334	[[0.6700543858523724, -0.6700543858523724, 0.0], [0.7071067811865475, 0.7071067811865476, 0.0], [0.0, 0.0, 0.9476]]
2	[[0.8592155572171323, 0.2624339665249735, -0.4391776855101157], [-0.4266000482917053, 0.8413623931712975, -0.33184593135155627], [0.2824199444684594, 0.4724804086637203, 0.8348660002631537]]	0.17047339327092928	0.8295266067290707	[[0.14647339158997688, 0.04473800878306171, -0.07486811029778247], [-0.07272395780182929, 0.14342990213446088, -0.05657090196065165], [0.048145086260925715, 0.08054533851893977, 0.14232243999138836]]	0.0	0.6884802580119965	[[0.6700543858523722, 0.6700543858523723, 0.0], [-0.7071067811865474, 0.7071067811865476, 0.0], [0.0, 0.0, 0.9475999999999998]]	[[0.6700543858523723, 0.6700543858523723, 0.0], [-0.7071067811865474, 0.7071067811865475, 0.0], [0.0, 0.0, 0.9475999999999998]]	0.6884802580119963	[[0.6700543858523724, 0.6700543858523724, 0.0], [-0.7071067811865475, 0.7071067811865476, 0.0], [0.0, 0.0, 0.9476]]
2	[[0.22433838825039393, -0.7661379269479729, -0.6022499185961573], [-0.9416906372873723, -0.011392912655017143, -0.3362869982418849], [0.2507808429735371, 0.642575192824231, -0.724020780340167]]	0.14327423519174082	0.8567257648082591	[[0.03214191100072302, -0.1097678255348566, -0.0862868964811525], [-0.13492000584457123, -0.0016323108472539455, -0.048181262478032345], [0.035930433477773555, 0.09206446930507708, -0.10373352356616478]]	0.40838738671844527	0.8466527769219098	[[0.16393220378825188, -0.3133308633937175, 0.11025054698943235], [-0.47090114232139646, -0.28697459665863356, -0.13733536839939378], [0.28361022789191614, 0.03982276289035733, -0.325185108252162]]	[[0.07231523567004552, -0.00044979754154782225, 0.35620181739631346], [-0.08632656386237918, -0.28232187483233956, 0.0], [0.18119449479090452, -0.22259684087723142, -0.029504153839191652]]	0.9587599893968362	[[0.6349435360337082, -0.6349435360337081, 0.0], [-0.7071067811865475, -0.7071067811865476, 0.0], [0.0, 0.0, -0.89794576]]
2	[[0.04673222253661188, -0.9725397674033924, -0.22799671093185395], [-0.8377629715199755, -0.16246744520517667, 0.5213036857710898], [-0.5440306084466285, 0.16664552219444034, -0.8223502702654952]]	0.17826829885212275	0.8217317011478772	[[0.008330873813180619, -0.17337300990104193, -0.04064458580170078], [-0.1493465797741654, -0.028962795075577308, 0.09293192124775372], [-0.09698341109126576, 0.029707613752926545, -0.1465989837408132]]	0.4684006321543095	0.8804258752176238	[[-0.06142408392389589, -0.570312032109089, 0.10431891832851774], [-0.30378871493355997, -0.19348315571440083, 0.0], [0.07376461455614053, 0.07376461455614051, -0.5030124489843705]]	[[-0.08331348650202072, -0.11477379026213474, 0.21111272185810148], [0.08861999052186938, -0.11738330167580044, -0.24417897595954996], [0.32858889546383496, -0.004292253385420352, -0.11782306253974548]]	0.8818869822348187	[[0.6349435360337082, -0.6349435360337081, 0.0], [-0.7071067811865475, -0.7071067811865476, 0.0], [0.0, 0.0, -0.89794576]]
2	[[0.5319609947059123, -0.8460851799387872, 0.03402011756955908], [-0.703274286200726, -0.4190807785627857, 0.5742617690636116], [-0.47161719485230363, -0.3294103357928521, -0.8179645788128509]]	0.15257440238756012	0.84742559761244	[[0.08116363086074657, -0.1290909406981317, 0.005190599107330024], [-0.10730165393161369, -0.06394099934133037, 0.0876176462289036], [-0.07195671166028775, -0.05025958512387991, -0.124800456786563]]	0.463071719366573	0.8254686239720753	[[0.2754093356291005, -0.5195822707529121, 0.22920270638107287], [-0.38324271690899486, -0.46415002980198483, 0.001285885663747829], [0.14185048963640864, -0.15254061057271617, -0.339118415412061]]	[[0.029073243174681247, -0.1277841517480815, 0.21344895204508418], [-0.05757628401172522, -0.27008557311943365, -0.26463849910302867], [0.3602430749395049, 0.0, 0.03965784847976047]]	0.6797212951266078	[[0.6349435360337082, -0.6349435360337081, 0.0], [-0.7071067811865475, -0.7071067811865476, 0.0], [0.0, 0.0, -0.89794576]]
2	[[0.8787972042104137, -0.3840163418041313, 0.28327887866788265], [-0.395223040501579, -0.9183905790867732, -0.018907472103605397], [0.2674214316928388, -0.09534250611366366, -0.9588511794847616]]	0.5864664693075902	0.4135335306924098	[[0.5153850935906629, -0.22521270813428557, 0.16613356380176633], [-0.23178506115197176, -0.538605280362373, -0.011088598408133213], [0.15683370286208004, -0.055915182935417654, -0.5623340658238466]]	0.8157790398313107	0.3325562185960295	[[0.5801685712860922, -0.2509559578872781, 0.23786485222254225], [-0.34815697083813063, -0.8459390065016436, -0.015424319438316505], [0.21138491819833186, -0.07777841809251541, -0.6751016392138918]]	[[-0.1367357681711194, 0.062316524709228494, 0.006771880578366573], [-0.02574229833854123, -0.09673522170411428, 0.0], [-0.006771880578366573, 0.0, 0.10710905532730693]]	0.4925479528017386	[[0.6349435360337082, -0.6349435360337081, 0.0], [-0.7071067811865475, -0.7071067811865476, 0.0], [0.0, 0.0, -0.89794576]]
2	[[-0.5446221603179724, 0.8109226453022452, -0.2139887049042392], [-0.8354447797583356, -0.5021691245819775, 0.22328947644507607], [0.07361197229480154, 0.30038414347728, 0.9509735242804028]]	0.24075463230425836	0.7592453676957417	[[-0.13112030795210428, 0.19523338329693857, -0.051518771966484564], [-0.2011372007612302, -0.12089954294328525, 0.053757975798944646], [0.017722423323026204, 0.07231887401290213, 0.22895128116921315]]	0.597658898456763	0.5805330954320439	[[-0.3640225196309319, 0.5318968184181138, 0.13746985449014726], [-0.6098195387952476, -0.38792373029602323, 0.13345094252915152], [0.18193967965520172, 0.01247205298222042, 0.5015479594776504]]	[[-0.03852423922014996, 0.0472416834931295, 0.2653621081454042], [-0.11050853200342761, -0.08779788445936151, 0.0], [0.13794482938026084, -0.167055203322289, -0.06680982950532093]]	0.41377370606060804	[[-0.6349435360337082, 0.6349435360337081, 0.0], [-0.7071067811865475, -0.7071067811865476, 0.0], [0.0, 0.0, 0.89794576]]
2	[[0.034229894132735264, 0.2773841392786001, 0.9601491309293217], [-0.1827544195208179, -0.9427759796974285, 0.2788803941677556], [0.9825625356654255, -0.18501754344446375, 0.018422055382213542]]	0.7993986771548477	0.20060132284515225	[[0.027363332088859056, 0.22174051400304898, 0.7675419451362765], [-0.14609364120914392, -0.7536538710234901, 0.22293661818212634], [0.7854591912328541, -0.14790277947994387, 0.014726566703014851]]	0.8893601086018474	0.1634774149325236	[[0.0, 0.22271308480298094, 0.8250644540230694], [-0.18324850994453754, -0.8213606226432717, 0.24802509764396116], [0.8491575430432432, -0.16454722253101534, 0.0]]	[[-0.030442702363319172, -0.023981303430264833, -0.028853881334201647], [-0.0207140195520353, 0.017106725047646654, 0.0], [-0.024694380384266437, 0.0, -0.01638384117539468]]	0.36114650768163215	[[0.0, 0.0, 0.9476], [0.0, -1.0, 0.0], [0.9476, 0.0, 0.0]]
2	[[0.08740825448676931, -0.06334395238859675, -0.994156597696443], [0.7119981850616444, -0.6940087028176986, 0.10681996481098455], [-0.6967197295301035, -0.717174639895393, -0.015561310176609944]]	0.15710365446036845	0.8428963455396316	[[0.01373215620987334, -0.009951566408212124, -0.15618563460399754], [0.11185751684233405, -0.10903130343996027, 0.01678180684113363], [-0.10945721564381886, -0.11267075681386499, -0.0024447386969367567]]	0.45112190672899716	1.025483117410187	[[0.0615407685117103, -0.015185833219618576, -0.0002009356573190145], [0.6350838047757962, -0.6366782721579832, 0.038478909289112254], [0.008844997717826441, -0.012713158406983368, 0.024246785708788007]]	[[0.02210899008378546, 0.013390011361675985, 0.4482848842827129], [0.31388582594320164, -0.3235957428563452, -0.009709916913143473], [0.32315053055915793, 0.3108200326003082, 0.03126683362686167]]	0.8164412793585373	[[0.0, 0.0, -0.89794576], [0.0, -1.0, 0.0], [-0.89794576, 0.0, 0.0]]
2	[[-0.3195682178843842, -0.5708200961323295, -0.7563336379995778], [0.910087742671785, 0.03735879733279218, -0.41272826520656647], [0.2638493031197415, -0.8202248094963509, 0.507557688474819]]	0.11723562875002738	0.8827643712499724	[[-0.03746478095220153, -0.06692045287322473, -0.0886692495956761], [0.10669470872981986, 0.0043797820946547585, -0.04838645767439986], [0.030932538946499458, -0.09615957125767613, 0.059503844735255954]]	0.36784580265299177	1.090953350744554	[[-0.04546599696992926, -0.28205960707239275, 0.1874812676843241], [0.5401904124076393, -0.23764693017490823, -0.15182035999248625], [0.2507039005502037, -0.04517579097655104, 0.08475820596350359]]	[[0.07208583064013817, -0.07208583064013815, 0.4656954218277361], [0.20541845621988705, -0.25138920696593964, 0.0], [0.15364804186468983, 0.2565404624285314, -0.10194475934621339]]	0.972523282862372	[[1.7929593836677245e-16, -0.89794576, 0.0], [1.0, 1.7938038903913487e-16, 0.0], [0.0, 0.0, 0.89794576]]
