2	[[-0.3195682178843842, -0.5708200961323295, -0.7563336379995778], [0.910087742671785, 0.03735879733279218, -0.41272826520656647], [0.2638493031197415, -0.8202248094963509, 0.507557688474819]]	0.11942624978730025	0.8805737502126996	[[-0.038164833813142854, -0.06817090338431032, -0.0903260899742751], [0.10868836608468085, 0.0044616210620192255, -0.04929058889483852], [0.03151053278058333, -0.09795637298065196, 0.060615711285258465]]	0.37319212971853755	1.0948631092986416	[[-0.04400813296211009, -0.2882777782222852, 0.190430742847517], [0.5420566690784824, -0.24120900234062745, -0.15402694028747593], [0.2589496800242632, -0.04383313778029375, 0.08299383751942732]]	[[0.07525221086052082, -0.07525221086052081, 0.47268850399034884], [0.20241908616006243, -0.2551510114809754, 0.0], [0.1604831966682549, 0.2622683057236312, -0.10642269719750844]]	0.9801145456267112	[[1.8447939753840565e-16, -0.9239054400000001, 0.0], [1.0, 1.7938038903913487e-16, 0.0], [0.0, 0.0, 0.9239054400000001]]
2	[[0.8592155572171323, 0.2624339665249735, -0.4391776855101157], [-0.4266000482917053, 0.8413623931712975, -0.33184593135155627], [0.2824199444684594, 0.4724804086637203, 0.8348660002631537]]	0.17327141411154018	0.8267285858884599	[[0.14887749462564745, 0.04547230449068278, -0.07609693861457102], [-0.07391759362755518, 0.1457840516450603, -0.057499413792445234], [0.04893530315135265, 0.08186734854916122, 0.14465841245924219]]	0.0	0.688422590901901	[[0.6796710380765092, 0.6796710380765093, 0.0], [-0.7071067811865474, 0.7071067811865475, 0.0], [0.0, 0.0, 0.9611999999999998]]	[[0.6796710380765094, 0.6796710380765093, 0.0], [-0.7071067811865474, 0.7071067811865475, 0.0], [0.0, 0.0, 0.9611999999999997]]	0.688422590901901	[[0.6796710380765095, 0.6796710380765094, 0.0], [-0.7071067811865475, 0.7071067811865476, 0.0], [0.0, 0.0, 0.9612]]
2	[[0.8489524140446696, -0.5135124485683378, 0.12483895166604869], [0.522794976890395, 0.7815435453534784, -0.34040431673891397], [0.0772347773085365, 0.35425224329800037, 0.9319550081910795]]	0.21667642974099763	0.7833235702590026	[[0.1839479780952002, -0.1112660439833451, 0.0270496583396084], [0.11327734907913815, 0.16934206509431304, -0.0737575920194116], [0.016734955799054735, 0.07675811130554998, 0.2019326838540853]]	0.0	0.4395739431949004	[[0.6796710380765094, -0.6796710380765093, 0.0], [0.7071067811865474, 0.7071067811865475, 0.0], [0.0, 0.0, 0.9611999999999999]]	[[0.6796710380765094, -0.6796710380765093, 0.0], [0.7071067811865474, 0.7071067811865475, 0.0], [0.0, 0.0, 0.9611999999999999]]	0.4395739431949005	[[0.6796710380765095, -0.6796710380765094, 0.0], [0.7071067811865475, 0.7071067811865476, 0.0], [0.0, 0.0, 0.9612]]
2	[[-0.42203838922340475, -0.825029846081567, 0.3757783270710803], [0.2588054115689476, 0.28760896992378115, 0.9221175843470338], [-0.8688517462515349, 0.4864224845687207, 0.09214016247897017]]	0.10888213498637264	0.8911178650136276	[[-0.04595244086485406, -0.08983101106883945, 0.04091554653310667], [0.02817928575765387, 0.031315478686532804, 0.1004021312921816], [-0.09460243311850525, 0.05296271862521821, 0.010032417608701522]]	0.34830036959097993	1.14142853146202	[[-0.23362182425815947, -0.46937825592562427, 0.2998503525861364], [0.18390237038121018, 0.011051634642085948, 0.030401981674612628], [0.17698021345578369, 0.16942113115264815, -0.09041478334032334]]	[[-0.08662569731006578, -0.18202005561182516, 0.16896662238299903], [0.09376034987959997, -0.08912267588004807, -0.2907719137598009], [0.4796015977949616, 0.0, -0.12250723598592156]]	1.0000000000000002	[[0.0, 0.0, 0.0], [0.0, 0.0, 0.0], [0.0, 0.0, 0.0]]
2	[[0.08740825448676931, -0.06334395238859675, -0.994156597696443], [0.7119981850616444, -0.6940087028176986, 0.10681996481098455], [-0.6967197295301035, -0.717174639895393, -0.015561310176609944]]	0.16146386957766395	0.838536130422336	[[0.014113275002462997, -0.010227759667006134, -0.16052037123023263], [0.11496198209232678, -0.11205733067752058, 0.017247564866531458], [-0.1124950635410339, -0.11579779252047784, -0.0025125893568137547]]	0.45770995539792375	1.0266336403973504	[[0.06288823381397671, -0.015473922585141409, 0.00014211583786922707], [0.6349707117345668, -0.6368691369143854, 0.03876017103391665], [0.009583020530289723, -0.013018372724052658, 0.025235496099267993]]	[[0.02288060555142713, 0.013519235037371423, 0.4551774878280599], [0.30908205420659873, -0.31921444450192565, -0.01013239029532687], [0.32847857685836696, 0.3152395997149897, 0.032358062686137376]]	0.8079763929581656	[[0.0, 0.0, -0.9239054400000001], [0.0, -1.0, 0.0], [-0.9239054400000001, 0.0, 0.0]]
2	[[-0.8305561570912853, 0.32773595720904825, 0.4502950280316503], [-0.5100865793185324, -0.772219296347621, -0.37879947194723407], [0.22358030216652452, -0.5443036842615101, 0.808545204538665]]	0.1922317505743698	0.8077682494256301	[[-0.15965926402797906, 0.06300125678046212, 0.08656100151345904], [-0.09805483608689362, -0.1484450671642113, -0.0728172856090637], [0.04297923287941756, -0.10463245006966915, 0.15542806008697943]]	0.5326869560119959	0.6454387253771631	[[-0.3982120895624769, 0.16139595778288904, 0.41816766977602066], [-0.3515399038211763, -0.6003299699429033, -0.0622310539825708], [0.3363447302041663, -0.2550336597390359, 0.2779703609852944]]	[[0.04421434155550097, -0.0131847116384766, 0.17830138198650447], [-0.0798234365814158, -0.18897882359776372, 0.13955048366795278], [0.21724641961883806, 0.034909812976342415, -0.1527311228185036]]	0.6805925314136295	[[-0.653299801799141, 0.6532998017991409, 0.0], [-0.7071067811865475, -0.7071067811865476, 0.0], [0.0, 0.0, 0.9239054400000001]]
2	[[0.5319609947059123, -0.8460851799387872, 0.03402011756955908], [-0.703274286200726, -0.4190807785627857, 0.5742617690636116], [-0.47161719485230363, -0.3294103357928521, -0.8179645788128509]]	0.15502873524491556	0.8449712647550848	[[0.08246924020888481, -0.13116751535537696, 0.005274095799692083], [-0.10902772311996929, -0.06496956306604315, 0.08902707575743948], [-0.07311421723770756, -0.051068067734568796, -0.1268080141284963]]	0.46815185226116823	0.8098324237354372	[[0.21881356121968762, -0.5326426257281174, 0.23266013984362277], [-0.37981929800390124, -0.39806323040853114, 0.005040391506433878], [0.1508881512304904, -0.1542140588553971, -0.3487199576713618]]	[[-0.030224963782578745, -0.13654628156905033, 0.2167335587892909], [-0.05058013827138037, -0.20186978767731048, -0.2638013193634711], [0.3716766145588127, 0.0, 0.034211674983900806]]	0.6701217010043701	[[0.653299801799141, -0.6532998017991409, 0.0], [-0.7071067811865475, -0.7071067811865476, 0.0], [0.0, 0.0, -0.9239054400000001]]
2	[[0.034229894132735264, 0.2773841392786001, 0.9601491309293217], [-0.1827544195208179, -0.9427759796974285, 0.2788803941677556], [0.9825625356654255, -0.18501754344446375, 0.018422055382213542]]	0.8196214079095976	0.18037859209040247	[[0.02805555402166895, 0.22734997876731813, 0.7869587824954671], [-0.149789434629354, -0.7727193758229568, 0.2285763413061594], [0.8053292888413204, -0.15164433944592653, 0.015099110968958438]]	0.900958707749977	0.14446801406568227	[[0.0, 0.23214022174159496, 0.8422763934361379], [-0.1804223242291974, -0.8211914428353005, 0.2512597195461853], [0.8693854511884536, -0.1666931668527993, 0.0]]	[[-0.03083972118424768, -0.017771433933192207, -0.022778326813207104], [-0.015768138582124114, 0.028210785530613326, 0.0], [-0.015862821228209024, 0.0, -0.016597511211257618]]	0.35504838207781436	[[0.0, 0.0, 0.9612], [0.0, -1.0, 0.0], [0.9612, 0.0, 0.0]]
2	[[-0.5446221603179724, 0.8109226453022452, -0.2139887049042392], [-0.8354447797583356, -0.5021691245819775, 0.22328947644507607], [0.07361197229480154, 0.30038414347728, 0.9509735242804028]]	0.24502283129823757	0.7549771687017625	[[-0.13344486370887218, 0.19869456251581252, -0.05243211834147974], [-0.2047030453297199, -0.12304290069563352, 0.054711019717673656], [0.018036613869119707, 0.07360097331189916, 0.23301022540884758]]	0.6024401917037817	0.5836255063862664	[[-0.25783513117884277, 0.5379180782165153, 0.1395924186958914], [-0.6118400331413842, -0.5103746118084156, 0.13451855499500867], [0.18658769117864263, 0.01082580054555056, 0.5030627677150636]]	[[0.07026714748924422, 0.04938568432369304, 0.26850781510084526], [-0.10853451986584878, -0.20784774812752868, 0.0], [0.1422408804776689, -0.17013768043567828, -0.06984190455764304]]	0.40398863106883826	[[-0.653299801799141, 0.6532998017991409, 0.0], [-0.7071067811865475, -0.7071067811865476, 0.0], [0.0, 0.0, 0.9239054400000001]]
2	[[0.8787972042104137, -0.3840163418041313, 0.28327887866788265], [-0.395223040501579, -0.9183905790867732, -0.018907472103605397], [0.2674214316928388, -0.09534250611366366, -0.9588511794847616]]	0.6061947173091484	0.39380528269085174	[[0.5327222227784019, -0.23278867776204862, 0.17172215977372968], [-0.2395821193109168, -0.5567235174688916, -0.011461609706875682], [0.16210945918744812, -0.05779612354111809, -0.5812505196893086]]	0.826347058946961	0.31658806502293807	[[0.5943391862777556, -0.2578913570975186, 0.24086227323713238], [-0.3471736582696111, -0.8474938735615842, -0.01562413396493603], [0.21420730859062836, -0.07878599951965862, -0.693038196618081]]	[[-0.13185229883233182, 0.05943941753989614, 0.006775604988134544], [-0.02058226112305565, -0.08858451956863272, 0.0], [-0.006775604988134544, 0.0, 0.09930565551697651]]	0.48509837898302804	[[0.653299801799141, -0.6532998017991409, 0.0], [-0.7071067811865475, -0.7071067811865476, 0.0], [0.0, 0.0, -0.9239054400000001]]
2	[[0.22433838825039393, -0.7661379269479729, -0.6022499185961573], [-0.9416906372873723, -0.011392912655017143, -0.3362869982418849], [0.2507808429735371, 0.642575192824231, -0.724020780340167]]	0.14609972345321956	0.8539002765467805	[[0.032775776483323554, -0.11193253925412176, -0.08798854655662265], [-0.1375807416861712, -0.0016645013882247012, -0.04913143744405272], [0.03663901180579904, 0.09388005796951938, -0.10577923578208266]]	0.4143157295429916	0.8686560362521484	[[0.019877054180218817, -0.3188912631267975, 0.11372073192715684], [-0.4767771711069314, -0.12729906492842463, -0.1393289930124093], [0.29022353873008233, 0.03859238075524973, -0.32877145948098296]]	[[-0.07306986881224202, -0.0014682689927928705, 0.3632423463175311], [-0.08661992771540897, -0.12257880201014164, 0.0], [0.18632109081809484, -0.22763662904595006, -0.028798261670060624]]	0.9558277670070217	[[0.653299801799141, -0.6532998017991409, 0.0], [-0.7071067811865475, -0.7071067811865476, 0.0], [0.0, 0.0, -0.9239054400000001]]
2	[[-0.30792515101507295, 0.09349718223056193, 0.9468053539599837], [0.3027085282091916, -0.9338174967034747, 0.1906631317268273], [0.9019698710720718, 0.34531602882779927, 0.2592434992682147]]	0.5890780036399185	0.41092199636008164	[[-0.18139193323047959, 0.05507713345433707, 0.5577422077463335], [0.1783189354822486, -0.550091346722109, 0.11231545700537421], [0.5313306109944906, 0.20341807688674454, 0.1527146430055466]]	0.7994316706871566	0.29107091161005644	[[-0.11207833844649677, 0.14082364980565684, 0.766992388215149], [0.2987930992600951, -0.8131005258907634, 0.15242214593482295], [0.7109770786572509, 0.2760565698408619, 0.11207833844649677]]	[[0.134086779476078, 0.06607904121053719, 0.010086202283374686], [0.056798314822570806, -0.06657724438420619, 0.0], [-0.010086202283374686, 0.0, -0.09516912528827677]]	0.47296221174519276	[[0.0, 0.0, 0.9612], [0.0, -1.0, 0.0], [0.9612, 0.0, 0.0]]
2	[[0.04673222253661188, -0.9725397674033924, -0.22799671093185395], [-0.8377629715199755, -0.16246744520517667, 0.5213036857710898], [-0.5440306084466285, 0.16664552219444034, -0.8223502702654952]]	0.18054168398917841	0.8194583160108215	[[0.008437114153316938, -0.17558396735345233, -0.04116291013563082], [-0.1512511376619945, -0.02933214615076219, 0.09411704529887806], [-0.09822020219061171, 0.030086463206240265, -0.14846850262268851]]	0.4741447249580969	0.8909653008079205	[[0.12823236446878378, -0.583414915006445, 0.11013538305811774], [-0.3017839224310184, -0.40940408086525315, 0.0], [0.07787747620897306, 0.07787747620897305, -0.5157493648297997]]	[[0.10607452766748132, -0.1222903144801519, 0.21823882085425234], [0.09543697128039831, -0.33237099874379983, -0.24717339270957553], [0.3358267194196859, -0.0011366190774082967, -0.12583632211554988]]	0.8772233889798008	[[0.653299801799141, -0.6532998017991409, 0.0], [-0.7071067811865475, -0.7071067811865476, 0.0], [0.0, 0.0, -0.9239054400000001]]
2	[[0.3802729664721569, 0.7767473726770865, -0.5020517802076895], [0.4287143634067757, 0.332951791095048, 0.839849450446521], [0.8195098935212374, -0.5346088512602871, -0.20639019011321075]]	0.1270153774845313	0.8729846225154692	[[0.048300514383623525, 0.09865886075069803, -0.06376829637986065], [0.054453316701152166, 0.042289997430088336, 0.10667379497864102], [0.10409035847790801, -0.06790354504939701, -0.02621472790633364]]	0.42020718833183757	0.866912968567931	[[0.028738571269147067, 0.3177304995921788, 0.12980951890403603], [0.2814488555157498, -0.14381783259358497, 0.3279329127331087], [0.6016464969090384, 0.0, -0.06634378787803571]]	[[-0.13105486277072514, -0.00866432992460165, 0.34077528586210293], [0.10129999827111491, -0.2837265685796845, -0.024977863461062823], [0.25728254874235557, 0.22464648224539882, 0.02038285360870999]]	1.0000000000000007	[[0.0, 0.0, 0.0], [0.0, 0.0, 0.0], [0.0, 0.0, 0.0]]
