2	[[0.8592155572171323, 0.2624339665249735, -0.4391776855101157], [-0.4266000482917053, 0.8413623931712975, -0.33184593135155627], [0.2824199444684594, 0.4724804086637203, 0.8348660002631537]]	0.1698941990540695	0.8301058009459306	[[0.14597573890820073, 0.04458600854734288, -0.07461374112216113], [-0.07247687352094662, 0.14294258990205277, -0.05637869871632439], [0.04798151026236372, 0.0802716805986622, 0.14183889043218312]]	0.0	0.6885199368477524	[[0.6680744868650502, 0.6680744868650501, 0.0], [-0.7071067811865475, 0.7071067811865476, 0.0], [0.0, 0.0, 0.9448000000000001]]	[[0.6680744868650502, 0.6680744868650501, 0.0], [-0.7071067811865475, 0.7071067811865476, 0.0], [0.0, 0.0, 0.9448000000000001]]	0.6885199368477524	[[0.6680744868650502, 0.6680744868650501, 0.0], [-0.7071067811865475, 0.7071067811865476, 0.0], [0.0, 0.0, 0.9448000000000001]]
2	[[-0.30792515101507295, 0.09349718223056193, 0.9468053539599837], [0.3027085282091916, -0.9338174967034747, 0.1906631317268273], [0.9019698710720718, 0.34531602882779927, 0.2592434992682147]]	0.5653821355918723	0.4346178644081277	[[-0.17409537948335174, 0.05286163656133756, 0.5353068330117142], [0.17114599414078532, -0.5279637305392668, 0.10779752859434812], [0.5099576519462538, 0.19523551383276572, 0.14657164325457325]]	0.7863610685811032	0.30684510446732555	[[-0.10044655382136296, 0.133834627839938, 0.7554227853258756], [0.3041998340432644, -0.811893237149825, 0.14993006400372758], [0.6983820761966011, 0.2715430814272113, 0.10044655382136296]]	[[0.14169379697384732, 0.060312083711791184, 0.010891915447593187], [0.06616163233207148, -0.07757551258234978, 0.0], [-0.010891915447593187, 0.0, -0.1034124412858948]]	0.4764644736026414	[[0.0, 0.0, 0.9448000000000001], [0.0, -1.0, 0.0], [0.9448000000000001, 0.0, 0.0]]
2	[[0.8787972042104137, -0.3840163418041313, 0.28327887866788265], [-0.395223040501579, -0.9183905790867732, -0.018907472103605397], [0.2674214316928388, -0.09534250611366366, -0.9588511794847616]]	0.5825185155208072	0.4174814844791928	[[0.5119156428404859, -0.2236966293634735, 0.1650151918800139], [-0.23022473885259967, -0.5349795167979218, -0.011013952582043289], [0.1557779354081614, -0.05553877512736484, -0.5585485656788384]]	0.8135877861675066	0.3358262335863997	[[0.57726818771726, -0.2495421671980809, 0.23724280767449352], [-0.3483652436254585, -0.8456162431536172, -0.015382888370796202], [0.21080023867364459, -0.07756949847667757, -0.6714348531445222]]	[[-0.13771048414648487, 0.06288883818248678, 0.006770571911077155], [-0.0268166050613881, -0.09842488507731492, 0.0], [-0.006770571911077155, 0.0, 0.10867475523658741]]	0.4941678337693196	[[0.6311967751900995, -0.6311967751900994, 0.0], [-0.7071067811865475, -0.7071067811865476, 0.0], [0.0, 0.0, -0.8926470400000002]]
2	[[-0.5446221603179724, 0.8109226453022452, -0.2139887049042392], [-0.8354447797583356, -0.5021691245819775, 0.22328947644507607], [0.07361197229480154, 0.30038414347728, 0.9509735242804028]]	0.23987398098400578	0.7601260190159942	[[-0.13064068572758145, 0.1945192431987304, -0.05133032253099151], [-0.2004014652129379, -0.120457307040732, 0.05356133562671478], [0.01765759684243838, 0.07205434032036592, 0.22811380507953027]]	0.5966584916002403	0.5804063358443488	[[-0.3611017719358094, 0.5306494709227428, 0.13703298327179575], [-0.6093967836340366, -0.3895996874219275, 0.13322756220592646], [0.18098975934852865, 0.012804144086890326, 0.5012133303952091]]	[[-0.03614833526842376, 0.04680558857222843, 0.2647111611594481], [-0.11092156152813298, -0.08997621502063172, 0.0], [0.1370685509953937, -0.16642260586089372, -0.0661930981537006]]	0.4158685873810546	[[-0.6311967751900995, 0.6311967751900994, 0.0], [-0.7071067811865475, -0.7071067811865476, 0.0], [0.0, 0.0, 0.8926470400000002]]
2	[[0.04673222253661188, -0.9725397674033924, -0.22799671093185395], [-0.8377629715199755, -0.16246744520517667, 0.5213036857710898], [-0.5440306084466285, 0.16664552219444034, -0.8223502702654952]]	0.17779496572243844	0.8222050342775614	[[0.00830875390403029, -0.17291267460919432, -0.04053666740495769], [-0.14895003880492222, -0.028885893851266536, 0.09268517094265172], [-0.09672590338072568, 0.029628734906358367, -0.14620973811369165]]	0.46720770970456826	0.8840192701215073	[[0.12599519588951497, -0.5676270614550388, 0.10314068876018381], [-0.30420361935147017, -0.4012220275545188, 0.0], [0.07293148043857711, 0.0729314804385771, -0.5004049132716787]]	[[0.10416154122878031, -0.11324898412988622, 0.2096625098948298], [0.08720569984767101, -0.32531598457865574, -0.24355710108966078], [0.32710677502010926, -0.0049265923184091676, -0.11619652692600389]]	0.8828852019498343	[[0.6311967751900995, -0.6311967751900994, 0.0], [-0.7071067811865475, -0.7071067811865476, 0.0], [0.0, 0.0, -0.8926470400000002]]
2	[[0.22433838825039393, -0.7661379269479729, -0.6022499185961573], [-0.9416906372873723, -0.011392912655017143, -0.3362869982418849], [0.2507808429735371, 0.642575192824231, -0.724020780340167]]	0.14268943443203855	0.8573105655679614	[[0.0320107177408438, -0.10931978749314065, -0.08593470027122697], [-0.1343693044444811, -0.0016256482632780317, -0.04798460158598251], [0.03578377665028383, 0.09168869084414764, -0.10331011566378166]]	0.40715660011997457	0.8688695664926152	[[0.019184362582880116, -0.31218357361669546, 0.10954323309039887], [-0.4696812166700796, -0.12561731232176007, -0.13692147086871773], [0.28225476881925293, 0.04006550041825041, -0.32443257723513563]]	[[-0.07215649285354513, -0.0002454600575934329, 0.35475326236854177], [-0.08626565842734084, -0.12097861273967951, 0.0], [0.1801476934189264, -0.22156323041350057, -0.029642737895622273]]	0.9594063438468904	[[0.6311967751900995, -0.6311967751900994, 0.0], [-0.7071067811865475, -0.7071067811865476, 0.0], [0.0, 0.0, -0.8926470400000002]]
2	[[0.5319609947059123, -0.8460851799387872, 0.03402011756955908], [-0.703274286200726, -0.4190807785627857, 0.5742617690636116], [-0.47161719485230363, -0.3294103357928521, -0.8179645788128509]]	0.15207282043199966	0.8479271795680003	[[0.08089680882474012, -0.1286665596390073, 0.005173535230231077], [-0.10694890423984574, -0.06373079598488111, 0.08732960688777307], [-0.07172015698541774, -0.050094358843471104, -0.1243901805135429]]	0.462012559538999	0.8156017628002973	[[0.21693366621276164, -0.5169112280259693, 0.22848851560096456], [-0.3839564674845144, -0.399672685767404, 0.0005031065822801558], [0.14001899560950928, -0.1521917123782567, -0.3371580696790931]]	[[-0.02883899452622882, -0.12600924845443573, 0.21277079400683488], [-0.05903491445895444, -0.20605210261001478, -0.2648130431881926], [0.3579120629258249, 0.0, 0.04075183899047146]]	0.6817118937557177	[[0.6311967751900995, -0.6311967751900994, 0.0], [-0.7071067811865475, -0.7071067811865476, 0.0], [0.0, 0.0, -0.8926470400000002]]
2	[[0.8489524140446696, -0.5135124485683378, 0.12483895166604869], [0.522794976890395, 0.7815435453534784, -0.34040431673891397], [0.0772347773085365, 0.35425224329800037, 0.9319550081910795]]	0.21334973191231404	0.7866502680876862	[[0.18112376994274207, -0.10955774323569084, 0.026634356870165826], [0.11153816816467019, 0.16674210587896401, -0.07262516971804173], [0.01647801903308352, 0.07557962113696423, 0.19883235115190528]]	0.0	0.44534241234812805	[[0.6680744868650502, -0.6680744868650501, 0.0], [0.7071067811865475, 0.7071067811865476, 0.0], [0.0, 0.0, 0.9448000000000001]]	[[0.6680744868650502, -0.6680744868650501, 0.0], [0.7071067811865475, 0.7071067811865476, 0.0], [0.0, 0.0, 0.9448000000000001]]	0.44534241234812805	[[0.6680744868650502, -0.6680744868650501, 0.0], [0.7071067811865475, 0.7071067811865476, 0.0], [0.0, 0.0, 0.9448000000000001]]
2	[[-0.42203838922340475, -0.825029846081567, 0.3757783270710803], [0.2588054115689476, 0.28760896992378115, 0.9221175843470338], [-0.8688517462515349, 0.4864224845687207, 0.09214016247897017]]	0.10742547355984175	0.8925745264401583	[[-0.04533767382275707, -0.08862922191631575, 0.04036816473913592], [0.02780229389764394, 0.03089652979412054, 0.09905891817633743], [-0.09333681029436669, 0.05225416575494964, 0.009898200588184136]]	0.3431787851243724	1.1351926288036884	[[-0.23038683593315304, -0.4573300972014619, 0.29072967571915337], [0.18465755953049948, 0.013316695473717936, 0.02546319872360613], [0.1671489248617685, 0.16692987731147232, -0.08936855265367806]]	[[-0.08555221424361806, -0.1741973569318418, 0.16177052595883096], [0.09584103280465482, -0.08538460141559745, -0.2909879936144299], [0.46532041159355975, 0.0, -0.12098910167437332]]	1.0000000000000002	[[0.0, 0.0, 0.0], [0.0, 0.0, 0.0], [0.0, 0.0, 0.0]]
2	[[0.034229894132735264, 0.2773841392786001, 0.9601491309293217], [-0.1827544195208179, -0.9427759796974285, 0.2788803941677556], [0.9825625356654255, -0.18501754344446375, 0.018422055382213542]]	0.7938243992889232	0.20617560071107693	[[0.027172525147642002, 0.22019429773510973, 0.7621898070877504], [-0.14507491729350908, -0.7483985757473374, 0.22138206137367672], [0.7799821146384075, -0.14687144028271368, 0.014623877047452941]]	0.886954819739028	0.1673985559966821	[[0.0, 0.2208000924187, 0.8215388560109421], [-0.18383772593290862, -0.8213944108379247, 0.24735430973781075], [0.845023891224076, -0.16410220189434213, 0.0]]	[[-0.03036036958018621, -0.025227106833616193, -0.030070043335058933], [-0.021742812710310894, 0.014805288288893699, 0.0], [-0.02646468547937374, 0.0, -0.016339530810753608]]	0.36241900509977126	[[0.0, 0.0, 0.9448000000000001], [0.0, -1.0, 0.0], [0.9448000000000001, 0.0, 0.0]]
2	[[-0.8305561570912853, 0.32773595720904825, 0.4502950280316503], [-0.5100865793185324, -0.772219296347621, -0.37879947194723407], [0.22358030216652452, -0.5443036842615101, 0.808545204538665]]	0.18817692410051592	0.8118230758994839	[[-0.15629150293418298, 0.061672344344736986, 0.08473513331275152], [-0.09598652352111525, -0.14531385191776, -0.07128131948193017], [0.04207265355116051, -0.10242539308090937, 0.1521495495863085]]	0.5247265962147027	0.654675568441737	[[-0.38589704162652255, 0.15325288122807743, 0.4088121056384879], [-0.35289247982196925, -0.6024390985293663, -0.05996754462840821], [0.32692513291364567, -0.2512224913426064, 0.26932124526488577]]	[[0.049917863649151566, -0.018718892055393965, 0.17253032828703593], [-0.08523648528135484, -0.19723509562556635, 0.13879861293439066], [0.20960660197715053, 0.03438812820705809, -0.15494392779840852]]	0.6819285537643688	[[-0.6311967751900995, 0.6311967751900994, 0.0], [-0.7071067811865475, -0.7071067811865476, 0.0], [0.0, 0.0, 0.8926470400000002]]
2	[[0.3802729664721569, 0.7767473726770865, -0.5020517802076895], [0.4287143634067757, 0.332951791095048, 0.839849450446521], [0.8195098935212374, -0.5346088512602871, -0.20639019011321075]]	0.12541155201563361	0.8745884479843667	[[0.047690622914862216, 0.0974130935314992, -0.0629630929480581], [0.05376573368623812, 0.041756000867614995, 0.10532682303997519], [0.1027760076386651, -0.06704612575784764, -0.02588371406289945]]	0.4136358581405981	0.8664657742807311	[[0.02560360945283667, 0.31364752012077934, 0.12235006075943305], [0.2775307734565469, -0.1401762996100172, 0.32802603127388175], [0.5845593513371069, 0.0, -0.07173200030321213]]	[[-0.13169092536154484, -0.007643045934962362, 0.33001667969665555], [0.10019913985158503, -0.2778970994390667, -0.019365816870474704], [0.24558067327573965, 0.22113339096060827, 0.013638383096066992]]	1.0000000000000007	[[0.0, 0.0, 0.0], [0.0, 0.0, 0.0], [0.0, 0.0, 0.0]]
2	[[0.08740825448676931, -0.06334395238859675, -0.994156597696443], [0.7119981850616444, -0.6940087028176986, 0.10681996481098455], [-0.6967197295301035, -0.717174639895393, -0.015561310176609944]]	0.15621247589947398	0.843787524100526	[[0.013654259847429549, -0.00989511563588109, -0.1552996635579588], [0.11122299932441138, -0.10841281776293497, 0.016686611178618582], [-0.10883631395790934, -0.112031626150373, -0.0024308707909279047]]	0.44975430023063157	1.02524999429624	[[0.06126420119392447, -0.015126494821504785, -0.0002697194014914736], [0.6351072816482174, -0.6366386507322347, 0.03842052244207054], [0.008696068474493886, -0.012650638945603707, 0.024045997432195154]]	[[0.021951962862846577, 0.013362720158870965, 0.4468564855151378], [0.3148830361603377, -0.32450525224249227, -0.009622216082154496], [0.3220487628861805, 0.30990173936370397, 0.03104476360134814]]	0.818193632498066	[[0.0, 0.0, -0.8926470400000002], [0.0, -1.0, 0.0], [-0.8926470400000002, 0.0, 0.0]]
2	[[-0.3195682178843842, -0.5708200961323295, -0.7563336379995778], [0.910087742671785, 0.03735879733279218, -0.41272826520656647], [0.2638493031197415, -0.8202248094963509, 0.507557688474819]]	0.11678312509532147	0.8832168749046784	[[-0.03732017516568102, -0.06666215469354528, -0.08832700586030423], [0.10628289070015781, 0.004362877102326239, -0.048199696625993466], [0.030813146172546144, -0.09578841653369857, 0.05927417302624699]]	0.36673587203809593	1.0734054592709503	[[-0.18864048094868585, -0.28078355761915574, 0.1868705158995882], [0.5398029659628508, -0.07683664661537858, -0.15136226025530072], [0.24902434980840524, -0.04544049156044596, 0.08510345431218695]]	[[-0.071443351887196, -0.07144335188719599, 0.4642451921831089], [0.20604114402293144, -0.0905374577335146, 0.0], [0.1522613455421429, 0.25536536921747943, -0.10103615718026603]]	0.9710475943185177	[[1.7823792460150587e-16, -0.8926470400000002, 0.0], [1.0, 1.7938038903913487e-16, 0.0], [0.0, 0.0, 0.8926470400000002]]
