2	[[0.22433838825039393, -0.7661379269479729, -0.6022499185961573], [-0.9416906372873723, -0.011392912655017143, -0.3362869982418849], [0.2507808429735371, 0.642575192824231, -0.724020780340167]]	0.15191437959890536	0.8480856204010947	[[0.03408022707127693, -0.11638736785949276, -0.09149042274702654], [-0.143056348937609, -0.0017307472578114436, -0.051086830705094115], [0.0380972161756154, 0.09761641176354004, -0.1099891676620918]]	0.42642925236887547	0.8490395209841016	[[0.17022242009518737, -0.33043763380958, 0.12115266081673193], [-0.4887837994220837, -0.2824112693883324, -0.1434026132416603], [0.3041922343947583, 0.03574827496988017, -0.33589255155824277]]	[[0.07455796891593335, -0.0037340104097157434, 0.3779696433429074], [-0.08721936500085962, -0.2775529981625495, 0.0], [0.19725194701711649, -0.23826458409694265, -0.02714891149825549]]	0.9509134021145204	[[0.6924754408073206, -0.6924754408073205, 0.0], [-0.7071067811865475, -0.7071067811865476, 0.0], [0.0, 0.0, -0.9793081600000001]]
2	[[0.8489524140446696, -0.5135124485683378, 0.12483895166604869], [0.522794976890395, 0.7815435453534784, -0.34040431673891397], [0.0772347773085365, 0.35425224329800037, 0.9319550081910795]]	0.22218043107998114	0.7778195689200189	[[0.1886206133188354, -0.11409241718784996, 0.027736772096735612], [0.11615481333195674, 0.17364368181441261, -0.07563117783453835], [0.017160056116776984, 0.07870791612700008, 0.2070621654670414]]	0.0	0.43021730756152726	[[0.6997528706622077, -0.6997528706622075, 0.0], [0.7071067811865476, 0.7071067811865478, 0.0], [0.0, 0.0, 0.9896000000000004]]	[[0.6997528706622076, -0.6997528706622075, 0.0], [0.7071067811865476, 0.7071067811865477, 0.0], [0.0, 0.0, 0.9896000000000003]]	0.4302173075615274	[[0.6997528706622075, -0.6997528706622074, 0.0], [0.7071067811865475, 0.7071067811865476, 0.0], [0.0, 0.0, 0.9896]]
2	[[0.8592155572171323, 0.2624339665249735, -0.4391776855101157], [-0.4266000482917053, 0.8413623931712975, -0.33184593135155627], [0.2824199444684594, 0.4724804086637203, 0.8348660002631537]]	0.17903197987712524	0.8209680201228748	[[0.15382706234981056, 0.046984072613973166, -0.0786268505547295], [-0.0763750512613412, 0.1506307750436136, -0.059411034104037704], [0.050562201814976074, 0.08458910301621908, 0.14946771295920896]]	0.0	0.689034128611531	[[0.6997528706622075, 0.6997528706622074, 0.0], [-0.7071067811865475, 0.7071067811865476, 0.0], [0.0, 0.0, 0.9896]]	[[0.6997528706622074, 0.6997528706622073, 0.0], [-0.7071067811865474, 0.7071067811865475, 0.0], [0.0, 0.0, 0.9895999999999999]]	0.689034128611531	[[0.6997528706622075, 0.6997528706622074, 0.0], [-0.7071067811865475, 0.7071067811865476, 0.0], [0.0, 0.0, 0.9896]]
2	[[0.034229894132735264, 0.2773841392786001, 0.9601491309293217], [-0.1827544195208179, -0.9427759796974285, 0.2788803941677556], [0.9825625356654255, -0.18501754344446375, 0.018422055382213542]]	0.8274911604880804	0.1725088395119197	[[0.028324934819281233, 0.2295329233126361, 0.7945149185943263], [-0.1512276666936071, -0.7801387895201121, 0.23077106100724937], [0.8130618128898938, -0.1531003817355131, 0.01524408798680357]]	0.9247324976000356	0.1256615172926407	[[0.0, 0.2525535497078908, 0.8786925130826089], [-0.17470673893825417, -0.8208126616837257, 0.2578897634304311], [0.9124351015297529, -0.17109173504922207, 0.0]]	[[-0.03165349549394909, -0.0039525782018452645, -0.009188590830166448], [-0.005707788127323531, 0.05100292469919797, 0.0], [0.0038275938756397302, 0.0, -0.01703547328452051]]	0.34275254521195553	[[0.0, 0.0, 0.9896], [0.0, -1.0, 0.0], [0.9896, 0.0, 0.0]]
2	[[-0.42203838922340475, -0.825029846081567, 0.3757783270710803], [0.2588054115689476, 0.28760896992378115, 0.9221175843470338], [-0.8688517462515349, 0.4864224845687207, 0.09214016247897017]]	0.11131901590745182	0.8886809840925483	[[-0.04698089816351553, -0.09184151056007649, 0.041831273568901234], [0.028809963727378297, 0.032016347498071245, 0.1026492220404685], [-0.09671972136219192, 0.054148072297447655, 0.010256952212711674]]	0.3569055899445058	1.1938562394039052	[[-0.062231183892383204, -0.49046085306347154, 0.31594333176765055], [0.18263351128485106, -0.17328291781291733, 0.038700061272584914], [0.19467777972435743, 0.17360690381727156, -0.09212643957601638]]	[[0.08839667639262502, -0.1960030891259048, 0.18182594625598725], [0.09026441318800509, -0.2759321668968961, -0.29040885916699577], [0.5047758247945756, 0.0, -0.12501177862315588]]	1.0000000000000002	[[0.0, 0.0, 0.0], [0.0, 0.0, 0.0], [0.0, 0.0, 0.0]]
2	[[0.5319609947059123, -0.8460851799387872, 0.03402011756955908], [-0.703274286200726, -0.4190807785627857, 0.5742617690636116], [-0.47161719485230363, -0.3294103357928521, -0.8179645788128509]]	0.16025276322164242	0.8397472367783575	[[0.08524821932775592, -0.13558748800607118, 0.005451817845646981], [-0.1127016476663945, -0.06715885277776366, 0.09202703530499244], [-0.07557795865792143, -0.05278891654457365, -0.13108108397218626]]	0.47842257395265	0.8097293044561438	[[0.28720649419880545, -0.5603809934508518, 0.23982104677277508], [-0.3728980257582515, -0.46216140869764777, 0.012631036357535307], [0.17051563254078023, -0.15759734073662304, -0.36919749357362097]]	[[0.03270434586919089, -0.1555947438813463, 0.22354505455897486], [-0.03643573155938753, -0.2616637039235593, -0.26210875732048], [0.3961479448223478, 0.0, 0.02213522562411837]]	0.650469884498279	[[0.6924754408073206, -0.6924754408073205, 0.0], [-0.7071067811865475, -0.7071067811865476, 0.0], [0.0, 0.0, -0.9793081600000001]]
2	[[0.08740825448676931, -0.06334395238859675, -0.994156597696443], [0.7119981850616444, -0.6940087028176986, 0.10681996481098455], [-0.6967197295301035, -0.717174639895393, -0.015561310176609944]]	0.1707367692389218	0.8292632307610782	[[0.01492380297588448, -0.010815141781653062, -0.16973908560824927], [0.12156426982140112, -0.11849280374278885, 0.018238095682042817], [-0.11895567568498532, -0.12244808099582656, -0.0026568878246791584]]	0.4711749938620465	1.0291338474051803	[[0.06572416983679014, -0.01607484166811303, 0.0009064164077278829], [0.6347395655747995, -0.6372592374457491, 0.03933503020733786], [0.011202567000330566, -0.013664009654995282, 0.027372115201894337]]	[[0.024539586065494372, 0.01377124470978176, 0.46932814522526245], [0.29926382509859106, -0.3102596911554129, -0.010995866056821794], [0.3394794812852438, 0.3242507468957319, 0.03470421542884396]]	0.790568599667199	[[0.0, 0.0, -0.9793081600000001], [0.0, -1.0, 0.0], [-0.9793081600000001, 0.0, 0.0]]
2	[[-0.30792515101507295, 0.09349718223056193, 0.9468053539599837], [0.3027085282091916, -0.9338174967034747, 0.1906631317268273], [0.9019698710720718, 0.34531602882779927, 0.2592434992682147]]	0.6325724427463559	0.36742755725364434	[[-0.19478496496064523, 0.05914374095348775, 0.5989229755597949], [0.19148507312944252, -0.5907072149690041, 0.1206082429781094], [0.5705612846276763, 0.21843740387507204, 0.16399029359820771]]	0.8217361765978862	0.26450883546558346	[[-0.1329542057790615, 0.15343290313700614, 0.7865940931564914], [0.28975422123197786, -0.815083047716568, 0.1566747928833822], [0.7326113916502466, 0.2837586732469212, 0.1329542057790615]]	[[0.12007903049439121, 0.07660288608818837, 0.008569881611006205], [0.04100767263778338, -0.04773142833524542, 0.0], [-0.008569881611006205, 0.0, -0.08007555611745815]]	0.46783531263336703	[[0.0, 0.0, 0.9896], [0.0, -1.0, 0.0], [0.9896, 0.0, 0.0]]
2	[[0.8787972042104137, -0.3840163418041313, 0.28327887866788265], [-0.395223040501579, -0.9183905790867732, -0.018907472103605397], [0.2674214316928388, -0.09534250611366366, -0.9588511794847616]]	0.6505795318942367	0.3494204681057633	[[0.5717274737451749, -0.24983317189066892, 0.18429544027927533], [-0.25712402068333423, -0.5974861130383498, -0.012300814350466935], [0.17397890984921363, -0.0620278829970507, -0.623808951505433]]	0.8478800611073268	0.2827770206495506	[[0.6243859319213589, -0.27281388469637213, 0.2469547298235129], [-0.34509397169577616, -0.8504170277531736, -0.01603126860259002], [0.21997308297695944, -0.08083900990977883, -0.730886175539396]]	[[-0.12072869528551466, 0.05278591465872685, 0.0067682168681735344], [-0.009992235964273875, -0.07173196743668704, 0.0], [-0.0067682168681735344, 0.0, 0.08210462111497623]]	0.4720936213718418	[[0.6924754408073206, -0.6924754408073205, 0.0], [-0.7071067811865475, -0.7071067811865476, 0.0], [0.0, 0.0, -0.9793081600000001]]
2	[[-0.3195682178843842, -0.5708200961323295, -0.7563336379995778], [0.910087742671785, 0.03735879733279218, -0.41272826520656647], [0.2638493031197415, -0.8202248094963509, 0.507557688474819]]	0.12395995119620212	0.8760400488037978	[[-0.03961366069280557, -0.07075883125837497, -0.0937550808544736], [0.11281443216585617, 0.0046309946941217525, -0.05116177561229915], [0.03270674673787512, -0.10167502735508184, 0.06291682629259568]]	0.3841169855298442	1.0863358018738736	[[-0.2048607358385928, -0.3013708499199049, 0.19649878355317182], [0.5458702376809801, -0.08079976892653248, -0.15853593707410837], [0.2766392449334571, -0.040724651443708584, 0.07884164823981143]]	[[-0.08210915531369878, -0.08210915531369876, 0.48701938063639005], [0.19629007739823356, -0.09514991754102514, 0.0], [0.17529024598495183, 0.2743376298368205, -0.11611988103963168]]	0.9982891766578602	[[1.9554185043140839e-16, -0.9793081600000001, 0.0], [1.0, 1.7938038903913487e-16, 0.0], [0.0, 0.0, 0.9793081600000001]]
2	[[-0.5446221603179724, 0.8109226453022452, -0.2139887049042392], [-0.8354447797583356, -0.5021691245819775, 0.22328947644507607], [0.07361197229480154, 0.30038414347728, 0.9509735242804028]]	0.2538835295710379	0.7461164704289621	[[-0.13827059634413044, 0.20587990339841683, -0.05432820768942353], [-0.21210566944674458, -0.1274924697904707, 0.05668952039594504], [0.018688867344889663, 0.0762625865731849, 0.2414365148729177]]	0.6120214179288765	0.5839453570635313	[[-0.38732059452645357, 0.5503021949416756, 0.144030060051102], [-0.6158888986714227, -0.38618014678551493, 0.13665794198251194], [0.19647690077100108, 0.007212363542678666, 0.5056483951642557]]	[[-0.05400016773316027, 0.054000167733160256, 0.2749957306473584], [-0.10457879996244823, -0.07884188711875062, 0.0], [0.15142479711059542, -0.1766291658716373, -0.07636776957865724]]	0.38597704309559355	[[-0.6924754408073206, 0.6924754408073205, 0.0], [-0.7071067811865475, -0.7071067811865476, 0.0], [0.0, 0.0, 0.9793081600000001]]
2	[[0.3802729664721569, 0.7767473726770865, -0.5020517802076895], [0.4287143634067757, 0.332951791095048, 0.839849450446521], [0.8195098935212374, -0.5346088512602871, -0.20639019011321075]]	0.12959846983278778	0.8704015301672126	[[0.04928279457356656, 0.10066527094558854, -0.06506514249174361], [0.05556072549285583, 0.04315004265400421, 0.10884320366777685], [0.10620722821318324, -0.06928448908239768, -0.02674785282717028]]	0.4312763698934326	0.9418169973779369	[[0.1408135282491978, 0.3244632831410238, 0.14326261979837585], [0.28804873110020346, -0.25855409565639476, 0.32777605772741425], [0.6316848883084659, 0.0, -0.05621670778205502]]	[[-0.02318921629952106, -0.010529504071411247, 0.3597856890648837], [0.10315435672895547, -0.4021483354693835, -0.03443116451815565], [0.2782496363388731, 0.2305641646844347, 0.032794504191585916]]	1.0000000000000007	[[0.0, 0.0, 0.0], [0.0, 0.0, 0.0], [0.0, 0.0, 0.0]]
2	[[-0.8305561570912853, 0.32773595720904825, 0.4502950280316503], [-0.5100865793185324, -0.772219296347621, -0.37879947194723407], [0.22358030216652452, -0.5443036842615101, 0.808545204538665]]	0.1992012542184325	0.8007987457815673	[[-0.16544782819142548, 0.06528541372852094, 0.08969933435222893], [-0.10160988636024161, -0.15382705236412153, -0.07545732990916897], [0.044537476610107804, -0.10842597658060649, 0.16106321883640112]]	0.546111958117346	0.6295273564581421	[[-0.4202159762616734, 0.1760993458373371, 0.4344370034242795], [-0.3492272054062179, -0.596596163152523, -0.0660416564392052], [0.3529255762740557, -0.26146112596528714, 0.2933421530112155]]	[[0.03336067301386639, -0.002881179499558857, 0.18852550393540982], [-0.07066282476519523, -0.1748779711281246, 0.14082526491971542], [0.23082569966142708, 0.03578962485725177, -0.14821405186578476]]	0.6811911713175035	[[-0.6924754408073206, 0.6924754408073205, 0.0], [-0.7071067811865475, -0.7071067811865476, 0.0], [0.0, 0.0, 0.9793081600000001]]
2	[[0.04673222253661188, -0.9725397674033924, -0.22799671093185395], [-0.8377629715199755, -0.16246744520517667, 0.5213036857710898], [-0.5440306084466285, 0.16664552219444034, -0.8223502702654952]]	0.18515277152082907	0.8148472284791709	[[0.008652600521981836, -0.1800684333489606, -0.04221422292666606], [-0.1551141360544488, -0.03008129776164689, 0.09652082222454066], [-0.10072877494605625, 0.030854880295836454, -0.15226043170055925]]	0.4849188824035392	0.9002266642158293	[[-0.07873576494817962, -0.6061344062939518, 0.12012215619992522], [-0.3026768115929187, -0.2049180429156236, 0.005963577328923189], [0.08906882205935143, 0.08080956038008218, -0.5421703309381697]]	[[-0.10139710207286694, -0.1345315091917008, 0.23068206645668263], [0.10357027227561592, -0.126134510959771, -0.24682642336803942], [0.352879536700608, 0.0, -0.1433971569367775]]	0.8685750346745819	[[0.6924754408073206, -0.6924754408073205, 0.0], [-0.7071067811865475, -0.7071067811865476, 0.0], [0.0, 0.0, -0.9793081600000001]]
