2	[[0.034229894132735264, 0.2773841392786001, 0.9601491309293217], [-0.1827544195208179, -0.9427759796974285, 0.2788803941677556], [0.9825625356654255, -0.18501754344446375, 0.018422055382213542]]	0.7370722534270623	0.26292774657293777	[[0.025229905202984963, 0.20445215260300387, 0.7076992835601106], [-0.13470321181996397, -0.6948940158324902, 0.205555000565855], [0.7242195822959234, -0.1363712976701503, 0.013578385873326278]]	0.8616685298630956	0.20805754316943492	[[0.00019282130183810806, 0.20173200434147834, 0.7850878083520136], [-0.18985685021319018, -0.8216317181698418, 0.2403024592501706], [0.8025325734040207, -0.15942379465867249, -0.0002726905001738886]]	[[-0.02930200125288529, -0.03728117915805316, -0.04224248174518384], [-0.03238311821870361, -0.009271325753718751, 0.0], [-0.044110642201361884, 0.0, -0.01614639587842236]]	0.3759417416566406	[[0.0, 0.0, 0.9158], [0.0, -1.0, 0.0], [0.9158, 0.0, 0.0]]
2	[[0.22433838825039393, -0.7661379269479729, -0.6022499185961573], [-0.9416906372873723, -0.011392912655017143, -0.3362869982418849], [0.2507808429735371, 0.642575192824231, -0.724020780340167]]	0.13657526467500952	0.8634247353249904	[[0.030639074752062602, -0.10463549015048253, -0.08225244203277325], [-0.12861164802950126, -0.0015559900612782396, -0.045928485791649896], [0.03425046000453286, 0.08775987703356464, -0.0988833297051653]]	0.3942039024893739	0.8696331150945278	[[0.017990408473906618, -0.3002509829797885, 0.10236076768829655], [-0.45684281876019406, -0.12257459138231658, -0.13256564706338828], [0.26833882181119617, 0.042367362724868685, -0.31635452818657017]]	[[-0.07044465965257503, 0.0017635776682212306, 0.3397700358728096], [-0.08562469460380646, -0.11808346075298821, 0.0], [0.16948003484145288, -0.21093828592930516, -0.030942711093074574]]	0.9668859687003911	[[0.5930431317549043, -0.5930431317549042, 0.0], [-0.7071067811865475, -0.7071067811865476, 0.0], [0.0, 0.0, -0.8386896399999999]]
2	[[-0.42203838922340475, -0.825029846081567, 0.3757783270710803], [0.2588054115689476, 0.28760896992378115, 0.9221175843470338], [-0.8688517462515349, 0.4864224845687207, 0.09214016247897017]]	0.10475897222514605	0.8952410277748544	[[-0.044212307894600025, -0.08642927873057542, 0.03936615132845113], [0.02711218892226888, 0.030129620091948264, 0.09660009040692968], [-0.09102001595333421, 0.05095711955062115, 0.009652508721954889]]	0.33384399644106794	1.1747789208969133	[[-0.05733351381819128, -0.43624871334274595, 0.2749098675140959], [0.18603399511806085, -0.18182164557964486, 0.016461590822586757], [0.15046343720964786, 0.16238922620721538, -0.08741332224090964]]	[[0.08356146869170104, -0.1608174523437165, 0.14945852902874776], [0.09963336221930802, -0.2778381735112989, -0.2913818287244106], [0.440524376493061, 0.0, -0.11817376231561837]]	1.0000000000000002	[[0.0, 0.0, 0.0], [0.0, 0.0, 0.0], [0.0, 0.0, 0.0]]
2	[[-0.3195682178843842, -0.5708200961323295, -0.7563336379995778], [0.910087742671785, 0.03735879733279218, -0.41272826520656647], [0.2638493031197415, -0.8202248094963509, 0.507557688474819]]	0.11206820056554145	0.8879317994344584	[[-0.035813435136239836, -0.06397078102019955, -0.0847609498378023], [0.10199189567798247, 0.004186733192378753, -0.04625371400423748], [0.02956911662110155, -0.09192111845947008, 0.05688107683057862]]	0.3550555400003051	1.0661417992294049	[[-0.17844271958763577, -0.2676510908950509, 0.1804746614712616], [0.5357256812558097, -0.0741733773994773, -0.1465414570763066], [0.2319926084914021, -0.047946735373136984, 0.08831804191719203]]	[[-0.06497825341976064, -0.06497825341976063, 0.4490151097315969], [0.21259398633382026, -0.08743782536023384, 0.0], [0.13831145169351805, 0.24327862728423727, -0.09189312724554144]]	0.9574658887495776	[[1.6746406375624575e-16, -0.8386896399999999, 0.0], [1.0, 1.7938038903913487e-16, 0.0], [0.0, 0.0, 0.8386896399999999]]
2	[[0.3802729664721569, 0.7767473726770865, -0.5020517802076895], [0.4287143634067757, 0.332951791095048, 0.839849450446521], [0.8195098935212374, -0.5346088512602871, -0.20639019011321075]]	0.1223710632719649	0.8776289367280358	[[0.046534407240782116, 0.09505140188820024, -0.06143661016159774], [0.05246223249005069, 0.040743664694606205, 0.10277327023951617], [0.10028429703208855, -0.06542065356332508, -0.02525618701305657]]	0.40169069461143153	0.8984755381039011	[[0.20705832358551296, 0.33212806128213146, 0.10971525394294682], [0.2393442778792424, -0.20616932281023967, 0.3281952993162355], [0.554806679757756, 0.0, -0.08043207244239582]]	[[0.054306211541362656, 0.020115869613868156, 0.3113847822654793], [0.06713370745247695, -0.3399129590473298, -0.009164409802656573], [0.22561718138826983, 0.2147474008081642, 0.0024729463851652506]]	1.0000000000000007	[[0.0, 0.0, 0.0], [0.0, 0.0, 0.0], [0.0, 0.0, 0.0]]
2	[[0.8489524140446696, -0.5135124485683378, 0.12483895166604869], [0.522794976890395, 0.7815435453534784, -0.34040431673891397], [0.0772347773085365, 0.35425224329800037, 0.9319550081910795]]	0.20720181253320558	0.7927981874667944	[[0.17590447894449596, -0.10640071010172412, 0.02586685705995051], [0.10832406679494519, 0.16193723917086833, -0.07053239142243041], [0.016003185848927237, 0.0734017069052998, 0.1931027668965901]]	0.0	0.45616201790400496	[[0.6475683902106403, -0.6475683902106402, 0.0], [0.7071067811865475, 0.7071067811865476, 0.0], [0.0, 0.0, 0.9158]]	[[0.6475683902106403, -0.6475683902106402, 0.0], [0.7071067811865475, 0.7071067811865476, 0.0], [0.0, 0.0, 0.9158]]	0.45616201790400496	[[0.6475683902106403, -0.6475683902106402, 0.0], [0.7071067811865475, 0.7071067811865476, 0.0], [0.0, 0.0, 0.9158]]
2	[[0.5319609947059123, -0.8460851799387872, 0.03402011756955908], [-0.703274286200726, -0.4190807785627857, 0.5742617690636116], [-0.47161719485230363, -0.3294103357928521, -0.8179645788128509]]	0.1469510732410306	0.8530489267589695	[[0.0781722390944, -0.12433312524533527, 0.0049992927886327865], [-0.10334691114001643, -0.06158437018448798, 0.08438838328519059], [-0.06930465294247025, -0.048407202381447904, -0.120200772729696]]	0.4493191898653843	0.826640234364849	[[0.2126349062446305, -0.48150213147643367, 0.22032989265869493], [-0.38249048596317575, -0.39809985960726807, 0.0], [0.12124732169343969, -0.14148591478227596, -0.31616250905847615]]	[[-0.026385376936613993, -0.10133982386922996, 0.2050440009932155], [-0.06649585343430908, -0.2097988236952826, -0.2580268328463244], [0.33315397761106186, 0.006524470429452543, 0.0513646728322942]]	0.7025933581993746	[[0.5930431317549043, -0.5930431317549042, 0.0], [-0.7071067811865475, -0.7071067811865476, 0.0], [0.0, 0.0, -0.8386896399999999]]
2	[[0.8787972042104137, -0.3840163418041313, 0.28327887866788265], [-0.395223040501579, -0.9183905790867732, -0.018907472103605397], [0.2674214316928388, -0.09534250611366366, -0.9588511794847616]]	0.5437524392660781	0.45624756073392214	[[0.4778481234096222, -0.20880982257403233, 0.15403358126822053], [-0.21490349232688946, -0.49937711757741876, -0.010280984076690758], [0.14541105579500796, -0.05184272026504557, -0.5213776677379951]]	0.7905792441169542	0.36933571547684285	[[0.5475720780882146, -0.23517977067766954, 0.23070054101751933], [-0.3506442675221251, -0.8422195092046801, -0.014947855003830755], [0.20467169408243194, -0.0753758064155563, -0.633981059577679]]	[[-0.14718675134854692, 0.06841557855439849, 0.006746139245966223], [-0.03818913490478243, -0.11615897938612706, 0.0], [-0.006746139245966223, 0.0, 0.1240667811200338]]	0.5124687805305989	[[0.5930431317549043, -0.5930431317549042, 0.0], [-0.7071067811865475, -0.7071067811865476, 0.0], [0.0, 0.0, -0.8386896399999999]]
2	[[-0.5446221603179724, 0.8109226453022452, -0.2139887049042392], [-0.8354447797583356, -0.5021691245819775, 0.22328947644507607], [0.07361197229480154, 0.30038414347728, 0.9509735242804028]]	0.23071701189588778	0.7692829881041122	[[-0.1256535974408457, 0.18709364960284286, -0.04937083457497697], [-0.19275132318986127, -0.11585895988992762, 0.05151668079320518], [0.016983534287619492, 0.06930373200398367, 0.219405769914076]]	0.5859648964399843	0.5801666839221961	[[-0.33151436986440996, 0.5175685263207571, 0.13250925318607915], [-0.6048778496459061, -0.4075144057123062, 0.1308397949412773], [0.17129183324798627, 0.016104549747697122, 0.49727964847512107]]	[[-0.012384902094768916, 0.042396322445388976, 0.25789912249461805], [-0.11533653579348757, -0.11326092663127035, 0.0], [0.12815780152551992, -0.15991001377718062, -0.05995745419701194]]	0.4389687459914219	[[-0.5930431317549043, 0.5930431317549042, 0.0], [-0.7071067811865475, -0.7071067811865476, 0.0], [0.0, 0.0, 0.8386896399999999]]
2	[[0.08740825448676931, -0.06334395238859675, -0.994156597696443], [0.7119981850616444, -0.6940087028176986, 0.10681996481098455], [-0.6967197295301035, -0.717174639895393, -0.015561310176609944]]	0.1471143070561655	0.8528856929438345	[[0.01285900478981004, -0.009318801661847152, -0.14625465897542733], [0.1047451196205913, -0.1020986094059741, 0.015714745102931974], [-0.1024974402221802, -0.10550665018646575, -0.0022892913635180236]]	0.43536468100096726	1.022910574790676	[[0.058416910000366105, -0.01451141463171144, -0.000945116370759596], [0.6353542995259832, -0.6362217638349137, 0.03780619039703017], [0.0072141186013450626, -0.012009524485612771, 0.022021998451488015]]	[[0.0203624431688824, 0.013066304993290484, 0.43187555365035935], [0.32537543681335257, -0.3340748863207913, -0.008699449507438665], [0.3105412813952988, 0.3002229838344286, 0.02879684329248487]]	0.8365193730793101	[[0.0, 0.0, -0.8386896399999999], [0.0, -1.0, 0.0], [-0.8386896399999999, 0.0, 0.0]]
2	[[-0.30792515101507295, 0.09349718223056193, 0.9468053539599837], [0.3027085282091916, -0.9338174967034747, 0.1906631317268273], [0.9019698710720718, 0.34531602882779927, 0.2592434992682147]]	0.5257896411848066	0.47421035881519347	[[-0.1619038546639926, 0.049159849896797635, 0.4978204473304736], [0.15916100843069175, -0.49099156652381437, 0.10024869961782006], [0.474246414870491, 0.18156359089273094, 0.1363075464597283]]	0.7628901498657666	0.3352276632593687	[[-0.08065320171019827, 0.12199162266830431, 0.7345007489626928], [0.31410689296637934, -0.8096432207714052, 0.14545502513695568], [0.6759116595301286, 0.2634381969834912, 0.08065320171019827]]	[[0.15425986289512955, 0.05066354330440403, 0.0121922705864506], [0.08317353851522351, -0.0972430507640162, 0.0], [-0.0121922705864506, 0.0, -0.1171211102982558]]	0.48357113990492395	[[0.0, 0.0, 0.9158], [0.0, -1.0, 0.0], [0.9158, 0.0, 0.0]]
2	[[0.8592155572171323, 0.2624339665249735, -0.4391776855101157], [-0.4266000482917053, 0.8413623931712975, -0.33184593135155627], [0.2824199444684594, 0.4724804086637203, 0.8348660002631537]]	0.1638334899110616	0.8361665100889384	[[0.14076828332476027, 0.04299547260698916, -0.0719520129081849], [-0.06989137470785756, 0.13784333715317632, -0.054367477046112035], [0.04626984512275595, 0.07740811426598189, 0.13677901043120178]]	0.0	0.6894814306438412	[[0.6475683902106403, 0.6475683902106402, 0.0], [-0.7071067811865475, 0.7071067811865476, 0.0], [0.0, 0.0, 0.9158]]	[[0.6475683902106403, 0.6475683902106402, 0.0], [-0.7071067811865475, 0.7071067811865476, 0.0], [0.0, 0.0, 0.9158]]	0.6894814306438412	[[0.6475683902106403, 0.6475683902106402, 0.0], [-0.7071067811865475, 0.7071067811865476, 0.0], [0.0, 0.0, 0.9158]]
2	[[-0.8305561570912853, 0.32773595720904825, 0.4502950280316503], [-0.5100865793185324, -0.772219296347621, -0.37879947194723407], [0.22358030216652452, -0.5443036842615101, 0.808545204538665]]	0.18095676466345023	0.8190432353365498	[[-0.15029475505854734, 0.05930603848042835, 0.08148393141664505], [-0.09230361709172802, -0.13973830547775168, -0.06854632689979484], [0.04045836812253087, -0.098495433698359, 0.14631172429746447]]	0.5102722325214116	0.6710553656154372	[[-0.36480717563839676, 0.1394729803356151, 0.39233604068136474], [-0.35531288596163557, -0.6060671828196912, -0.055849690752652004], [0.31054475038116985, -0.2443021993581785, 0.2544298879085398]]	[[0.05900256887497756, -0.02776157822698777, 0.16256299143436298], [-0.0950298683535579, -0.21202511847627709, 0.1374411614757949], [0.19645793044684562, 0.03344085677957176, -0.1581482787058861]]	0.6869562305159884	[[-0.5930431317549043, 0.5930431317549042, 0.0], [-0.7071067811865475, -0.7071067811865476, 0.0], [0.0, 0.0, 0.8386896399999999]]
2	[[0.04673222253661188, -0.9725397674033924, -0.22799671093185395], [-0.8377629715199755, -0.16246744520517667, 0.5213036857710898], [-0.5440306084466285, 0.16664552219444034, -0.8223502702654952]]	0.17278588502163722	0.8272141149783625	[[0.008074668430016585, -0.16804114442953239, -0.039394613480382805], [-0.14475361647243562, -0.028072081306980808, 0.09007391871099922], [-0.09400081015931058, 0.028793994037259272, -0.1420905192456062]]	0.45464294922990184	0.8630551768275877	[[-0.049337754104568525, -0.5400734595344371, 0.09132421223799592], [-0.30854326752652783, -0.18208273864782243, 0.0], [0.06457596976000642, 0.0645759697600064, -0.4736969269389964]]	[[-0.07058422958268187, -0.09791511143879605, 0.1949813093107714], [0.07233976060092011, -0.10821806020589339, -0.23700704514338627], [0.31191565005551963, -0.011188241926431017, -0.09982117476548494]]	0.8939177159710904	[[0.5930431317549043, -0.5930431317549042, 0.0], [-0.7071067811865475, -0.7071067811865476, 0.0], [0.0, 0.0, -0.8386896399999999]]
