2	[[0.8592155572171323, 0.2624339665249735, -0.4391776855101157], [-0.4266000482917053, 0.8413623931712975, -0.33184593135155627], [0.2824199444684594, 0.4724804086637203, 0.8348660002631537]]	0.17142261205830653	0.8285773879416936	[[0.1472889751392942, 0.04498711603453317, -0.07528498600786551], [-0.07312889458236382, 0.1442285391250519, -0.05688589635320526], [0.04841316457814522, 0.08099382579951106, 0.14311491048378067]]	0.0	0.6884356270311468	[[0.6733070770458304, 0.6733070770458304, 0.0], [-0.7071067811865474, 0.7071067811865474, 0.0], [0.0, 0.0, 0.9521999999999999]]	[[0.6733070770458305, 0.6733070770458304, 0.0], [-0.7071067811865474, 0.7071067811865475, 0.0], [0.0, 0.0, 0.9521999999999998]]	0.6884356270311469	[[0.6733070770458306, 0.6733070770458305, 0.0], [-0.7071067811865475, 0.7071067811865476, 0.0], [0.0, 0.0, 0.9521999999999999]]
2	[[0.04673222253661188, -0.9725397674033924, -0.22799671093185395], [-0.8377629715199755, -0.16246744520517667, 0.5213036857710898], [-0.5440306084466285, 0.16664552219444034, -0.8223502702654952]]	0.17904199618527747	0.8209580038147224	[[0.008367030409129596, -0.17412546132546883, -0.04082098624891683], [-0.14999475475104618, -0.02908849570465703, 0.09333525251919854], [-0.09740432612217545, 0.02983654694903056, -0.14723523395183669]]	0.4703527692318406	0.8830111393476463	[[-0.06323457153537153, -0.5747324582066451, 0.10626886811834141], [-0.3031086768142584, -0.19511225880262545, 0.0], [0.07514343727549813, 0.07514343727549812, -0.5073072210290577]]	[[-0.08521520181782558, -0.11729568542036947, 0.21350775248089038], [0.09093545680005771, -0.11869524604034827, -0.24519663221319735], [0.33102974050525313, -0.0032387455687430725, -0.12051249413112934]]	0.8802747224642794	[[0.6411229987630398, -0.6411229987630397, 0.0], [-0.7071067811865475, -0.7071067811865476, 0.0], [0.0, 0.0, -0.9066848399999998]]
2	[[0.8787972042104137, -0.3840163418041313, 0.28327887866788265], [-0.395223040501579, -0.9183905790867732, -0.018907472103605397], [0.2674214316928388, -0.09534250611366366, -0.9588511794847616]]	0.5930354603239597	0.4069645396760403	[[0.5211579045303317, -0.22773530803373607, 0.16799442021086294], [-0.2343812777544889, -0.5446381798259127, -0.011212801422524055], [0.15859039184445498, -0.05654148700155647, -0.5686327506079173]]	0.819367459017241	0.32717098733429906	[[0.584946161706536, -0.2532890379082064, 0.23888312386198884], [-0.34781916224942894, -0.8464672954229863, -0.01549216737397052], [0.21234279011828144, -0.07812054697068835, -0.6811449495440894]]	[[-0.135111670498806, 0.061361456296940925, 0.006773628854632516], [-0.023986263808582122, -0.09396794025128455, 0.0], [-0.006773628854632516, 0.0, 0.10450650496602415]]	0.48994893870222117	[[0.6411229987630398, -0.6411229987630397, 0.0], [-0.7071067811865475, -0.7071067811865476, 0.0], [0.0, 0.0, -0.9066848399999998]]
2	[[0.08740825448676931, -0.06334395238859675, -0.994156597696443], [0.7119981850616444, -0.6940087028176986, 0.10681996481098455], [-0.6967197295301035, -0.717174639895393, -0.015561310176609944]]	0.15857256950387122	0.8414274304961289	[[0.013860551509815293, -0.010044613292790671, -0.15764596618595136], [0.11290338168731776, -0.11005074326385102, 0.016938716294390924], [-0.11048063773563067, -0.11372422543122603, -0.0024675969395517652]]	0.4533603574222554	1.025868883119381	[[0.06199576091121838, -0.015283298622202152, -8.656665883551365e-05], [0.6350453786485367, -0.6367431231279378, 0.038574474847183175], [0.009091903137397597, -0.012816105291004489, 0.024578705198038037]]	[[0.022368323415441135, 0.01343433827323037, 0.4506246238065173], [0.3122536269849924, -0.32210708956435, -0.009853462579357526], [0.3249570087403024, 0.3123224457861482, 0.03163358634166452]]	0.8135694008667599	[[0.0, 0.0, -0.9066848399999998], [0.0, -1.0, 0.0], [-0.9066848399999998, 0.0, 0.0]]
2	[[0.22433838825039393, -0.7661379269479729, -0.6022499185961573], [-0.9416906372873723, -0.011392912655017143, -0.3362869982418849], [0.2507808429735371, 0.642575192824231, -0.724020780340167]]	0.14423272699392115	0.855767273006079	[[0.032356937506775346, -0.11050216245717565, -0.0868641480909908], [-0.1358226086006012, -0.0016432308606366547, -0.04850359080902702], [0.03617080485990758, 0.09268037235968354, -0.10442749154872909]]	0.41040180055689107	0.8687535251852433	[[0.019495354011869387, -0.3152138434475336, 0.11141785237525245], [-0.47289778017635953, -0.1263796430426417, -0.13801278958234167], [0.285841579594202, 0.03941614046196081, -0.3264109112396469]]	[[-0.07257352446012322, -0.0007894587531616093, 0.3585823033523565], [-0.08642624706605556, -0.12170397117543531, 0.0], [0.1829206700926874, -0.2242978756662951, -0.029271479347436985]]	0.9577291974562724	[[0.6411229987630398, -0.6411229987630397, 0.0], [-0.7071067811865475, -0.7071067811865476, 0.0], [0.0, 0.0, -0.9066848399999998]]
2	[[-0.5446221603179724, 0.8109226453022452, -0.2139887049042392], [-0.8354447797583356, -0.5021691245819775, 0.22328947644507607], [0.07361197229480154, 0.30038414347728, 0.9509735242804028]]	0.2422000214309024	0.7577999785690975	[[-0.13190749890075734, 0.1964054820710079, -0.051828068913777815], [-0.2023447435618044, -0.12162537273569247, 0.054080715980292404], [0.017828821267371918, 0.07275304598770048, 0.23032580796093433]]	0.5992904709134804	0.5807802928858055	[[-0.3688452757348126, 0.5339402852707779, 0.13818765467413224], [-0.6105090139547485, -0.38519039688528567, 0.1338152554887941], [0.1835054655755618, 0.011921389817125806, 0.5020807594899198]]	[[-0.04245840480793805, 0.047962071293190134, 0.26642904640635956], [-0.10983491847116693, -0.08424522573634233, 0.0], [0.1393905120341401, -0.16809596498231577, -0.06782861170233477]]	0.4103899501667353	[[-0.6411229987630398, 0.6411229987630397, 0.0], [-0.7071067811865475, -0.7071067811865476, 0.0], [0.0, 0.0, 0.9066848399999998]]
2	[[-0.8305561570912853, 0.32773595720904825, 0.4502950280316503], [-0.5100865793185324, -0.772219296347621, -0.37879947194723407], [0.22358030216652452, -0.5443036842615101, 0.808545204538665]]	0.19000917642860082	0.8099908235713991	[[-0.15781329138661873, 0.062272839315330425, 0.08556018742618757], [-0.09692113084359646, -0.14672875252128506, -0.07197537569628282], [0.04248230908031905, -0.10342269477358271, 0.15363100841968633]]	0.5283374616785698	0.6505044449701983	[[-0.39141871666881745, 0.15689576948115008, 0.4130300346980828], [-0.35228066999193636, -0.6014921054738777, -0.06099465932311721], [0.3311614172624963, -0.25295125947496244, 0.2732033915925505]]	[[0.04739521515029972, -0.01625941425147479, 0.17512230258136027], [-0.08278282143847845, -0.19349972258236434, 0.13913929217066703], [0.21303556793450706, 0.0346247674500575, -0.15398132942578774]]	0.6811823407333791	[[-0.6411229987630398, 0.6411229987630397, 0.0], [-0.7071067811865475, -0.7071067811865476, 0.0], [0.0, 0.0, 0.9066848399999998]]
2	[[-0.30792515101507295, 0.09349718223056193, 0.9468053539599837], [0.3027085282091916, -0.9338174967034747, 0.1906631317268273], [0.9019698710720718, 0.34531602882779927, 0.2592434992682147]]	0.5759517734711808	0.4240482265288194	[[-0.1773500368235124, 0.053849867920250295, 0.5453142227452615], [0.17434551366693485, -0.5378338433247846, 0.10981276885363551], [0.519491146861532, 0.19888537921139637, 0.14931175316440304]]	0.7922764871650196	0.29969678557266033	[[-0.10565626047933206, 0.1369619226135447, 0.7606662957468817], [0.30174296316839655, -0.8124437346960641, 0.15105791623641213], [0.704074845099234, 0.27358577028146347, 0.10565626047933206]]	[[0.13830559647664806, 0.0628863035160874, 0.010534675882432773], [0.061914113803924954, -0.07260208875460282, 0.0], [-0.010534675882432773, 0.0, -0.09973626844125641]]	0.4748366007086746	[[0.0, 0.0, 0.9521999999999999], [0.0, -1.0, 0.0], [0.9521999999999999, 0.0, 0.0]]
2	[[0.8489524140446696, -0.5135124485683378, 0.12483895166604869], [0.522794976890395, 0.7815435453534784, -0.34040431673891397], [0.0772347773085365, 0.35425224329800037, 0.9319550081910795]]	0.2148642510715026	0.7851357489284975	[[0.18240952463905208, -0.11033546767752937, 0.02682342785427705], [0.11232995117349821, 0.16792576855214209, -0.0731407185776133], [0.01659499258307298, 0.07611614294662457, 0.2002438148673123]]	0.0	0.44270743246377586	[[0.6733070770458305, -0.6733070770458304, 0.0], [0.7071067811865474, 0.7071067811865475, 0.0], [0.0, 0.0, 0.9521999999999998]]	[[0.6733070770458305, -0.6733070770458304, 0.0], [0.7071067811865474, 0.7071067811865475, 0.0], [0.0, 0.0, 0.9521999999999998]]	0.4427074324637759	[[0.6733070770458306, -0.6733070770458305, 0.0], [0.7071067811865475, 0.7071067811865476, 0.0], [0.0, 0.0, 0.9521999999999999]]
2	[[-0.42203838922340475, -0.825029846081567, 0.3757783270710803], [0.2588054115689476, 0.28760896992378115, 0.9221175843470338], [-0.8688517462515349, 0.4864224845687207, 0.09214016247897017]]	0.108087284825988	0.8919127151740119	[[-0.045616983583491345, -0.08917523596335944, 0.04061685906956514], [0.02797357423475988, 0.03108687265066091, 0.09966918598236986], [-0.09391182616864671, 0.05257608563534407, 0.009959179985777264]]	0.34550369745019216	1.1379468045739687	[[-0.2318570594165156, -0.4627550942526288, 0.29482949260538466], [0.1843147459787646, 0.012288484793892655, 0.02770512940584077], [0.17154970236146758, 0.16806076694140207, -0.08984591531038917]]	[[-0.08604123547390598, -0.17770423192468443, 0.1649966911806789], [0.09489651936157438, -0.08708147773461491, -0.2908899054698989], [0.4717411932274291, 0.0, -0.12168068213053487]]	1.0000000000000002	[[0.0, 0.0, 0.0], [0.0, 0.0, 0.0], [0.0, 0.0, 0.0]]
2	[[0.034229894132735264, 0.2773841392786001, 0.9601491309293217], [-0.1827544195208179, -0.9427759796974285, 0.2788803941677556], [0.9825625356654255, -0.18501754344446375, 0.018422055382213542]]	0.8086285036478762	0.1913714963521238	[[0.027679268072578936, 0.22430072148050847, 0.7764039550221862], [-0.14778043279215525, -0.7623555297378923, 0.2255106358326021], [0.794528072955596, -0.14961045930410263, 0.014896599077837636]]	0.8932987794858321	0.15703416537012369	[[0.0, 0.22587651500223524, 0.8308698493090279], [-0.18228599227754422, -0.8213043308455006, 0.24912351573258387], [0.855971426983979, -0.1652759457424064, 0.0]]	[[-0.03057752265070165, -0.02191039806406629, -0.026830197474517717], [-0.019031692373955855, 0.020876301146772032, 0.0], [-0.02175048689445007, 0.0, -0.01645639958855176]]	0.3590685946783064	[[0.0, 0.0, 0.9521999999999999], [0.0, -1.0, 0.0], [0.9521999999999999, 0.0, 0.0]]
2	[[0.3802729664721569, 0.7767473726770865, -0.5020517802076895], [0.4287143634067757, 0.332951791095048, 0.839849450446521], [0.8195098935212374, -0.5346088512602871, -0.20639019011321075]]	0.12614549707167258	0.8738545029283279	[[0.047969722378549726, 0.09798318342546677, -0.06333157137001712], [0.05408038647371341, 0.042000369188588585, 0.10594322639194745], [0.10337748287338992, -0.0674384992811448, -0.026035193122547956]]	0.41661732934540713	0.8666318905473118	[[0.027002898182540744, 0.3155076141805202, 0.12568783912373827], [0.2793084422842624, -0.14182849565189976, 0.32798378256017097], [0.5922459767306684, 0.0, -0.06934252348973441]]	[[-0.13142540953134485, -0.008098801800269187, 0.3348513109869731], [0.10069860914971518, -0.2805419816586887, -0.021912052537066434], [0.25082395351971154, 0.22272731185647687, 0.016643206318322293]]	1.0000000000000007	[[0.0, 0.0, 0.0], [0.0, 0.0, 0.0], [0.0, 0.0, 0.0]]
2	[[0.5319609947059123, -0.8460851799387872, 0.03402011756955908], [-0.703274286200726, -0.4190807785627857, 0.5742617690636116], [-0.47161719485230363, -0.3294103357928521, -0.8179645788128509]]	0.1534011771574805	0.8465988228425195	[[0.0816034427897512, -0.1297904625781086, 0.005218726082206221], [-0.1078831033677782, -0.06428748475560475, 0.08809243137089523], [-0.07234663285805223, -0.05053193327846444, -0.1254767292630141]]	0.46480190930080745	0.8127209797413679	[[0.21779627669464044, -0.5239836387267969, 0.2303742519308452], [-0.3820767700620998, -0.39894143965729384, 0.0025645939872940456], [0.1448810405768553, -0.15311055301993776, -0.3423511710784045]]	[[-0.02946020931822437, -0.13072163166013137, 0.21456163632987618], [-0.055193539073839865, -0.20415189363004219, -0.264353372711932], [0.36408961320329697, 0.0, 0.037840326894239454]]	0.6764614121796391	[[0.6411229987630398, -0.6411229987630397, 0.0], [-0.7071067811865475, -0.7071067811865476, 0.0], [0.0, 0.0, -0.9066848399999998]]
2	[[-0.3195682178843842, -0.5708200961323295, -0.7563336379995778], [0.910087742671785, 0.03735879733279218, -0.41272826520656647], [0.2638493031197415, -0.8202248094963509, 0.507557688474819]]	0.1179779326482645	0.8820220673517354	[[-0.03770199768608982, -0.06734417485577583, -0.0892306790035311], [0.10737027040894295, 0.004407513675548338, -0.04869282747457535], [0.031128395312752383, -0.09676842733119607, 0.05988060678599099]]	0.36966243026875	1.0922599063603176	[[-0.044984047822549125, -0.28415906021976406, 0.18848204695336918], [0.5408245474623753, -0.23885728610454654, -0.15257013355686452], [0.25347658664758427, -0.04473223291261206, 0.08417766773572175]]	[[0.07314831623724569, -0.07314831623724567, 0.468070177670298], [0.20439930074852233, -0.25266742991850427, 0.0], [0.15594141203162457, 0.2584740635325315, -0.10344734088746892]]	0.9750119380937413	[[1.8104090072291994e-16, -0.9066848399999998, 0.0], [1.0, 1.7938038903913487e-16, 0.0], [0.0, 0.0, 0.9066848399999998]]
