2	[[0.034229894132735264, 0.2773841392786001, 0.9601491309293217], [-0.1827544195208179, -0.9427759796974285, 0.2788803941677556], [0.9825625356654255, -0.18501754344446375, 0.018422055382213542]]	0.7882782572761333	0.21172174272386673	[[0.026982681293699098, 0.21865588590657511, 0.7568646836541596], [-0.1440613353293817, -0.7431698062776884, 0.21983535110303953], [0.7745326832791603, -0.14584530671191318, 0.014521705712135709]]	0.8845435902435901	0.17131752839031633	[[0.0, 0.21889660654764914, 0.8180193884047423], [-0.18442948117842886, -0.8214278334761924, 0.24668186510569412], [0.8409007628084774, -0.16365608213641536, 0.0]]	[[-0.030277833449827644, -0.026461755886471826, -0.03127437103674269], [-0.022775230802601354, 0.012498616400789192, 0.0], [-0.028218630127863714, 0.0, -0.01629511100744942]]	0.3636973227085323	[[0.0, 0.0, 0.942], [0.0, -1.0, 0.0], [0.942, 0.0, 0.0]]
2	[[-0.42203838922340475, -0.825029846081567, 0.3757783270710803], [0.2588054115689476, 0.28760896992378115, 0.9221175843470338], [-0.8688517462515349, 0.4864224845687207, 0.09214016247897017]]	0.10717310109279636	0.8928268989072038	[[-0.045231162953280904, -0.08842100709867395, 0.04027332863567078], [0.0277369785374416, 0.03082394520883646, 0.09882620108666983], [-0.09311753603566837, 0.05213140611249267, 0.00987494694806533]]	0.3422930754445614	1.1341762732506164	[[-0.22982599737936232, -0.45528225326873245, 0.2891850833482837], [0.18478815941496388, 0.013708407514594498, 0.02460910212621289], [0.16549891692570207, 0.16649904820841216, -0.08918565455880609]]	[[-0.08536517917641429, -0.17288024991991963, 0.16055876408971126], [0.0962008591473333, -0.08473815132605894, -0.2910253617414431], [0.46290085325551766, 0.0, -0.12072459414569438]]	1.0000000000000002	[[0.0, 0.0, 0.0], [0.0, 0.0, 0.0], [0.0, 0.0, 0.0]]
2	[[0.08740825448676931, -0.06334395238859675, -0.994156597696443], [0.7119981850616444, -0.6940087028176986, 0.10681996481098455], [-0.6967197295301035, -0.717174639895393, -0.015561310176609944]]	0.15532352917767112	0.8446764708223289	[[0.013576558566145008, -0.009838806237059216, -0.15441591130947774], [0.1105900708718712, -0.10779588100166247, 0.01659165392107676], [-0.10821696723832816, -0.11139409610527785, -0.0024170376152594653]]	0.4483828581649525	1.025018149866209	[[0.060987925052856405, -0.015067147672022045, -0.0003378735141636932], [0.6351308243634993, -0.636598918184869, 0.03836197184421135], [0.008548169024175455, -0.01258822837168414, 0.023846154757701785]]	[[0.021795562078869204, 0.013335194747441628, 0.4454249032245123], [0.31588304313730053, -0.32541731242411814, -0.009534269286817552], [0.32094535269079594, 0.3089805864680327, 0.030823579491481554]]	0.8199491432932647	[[0.0, 0.0, -0.8873639999999999], [0.0, -1.0, 0.0], [-0.8873639999999999, 0.0, 0.0]]
2	[[-0.30792515101507295, 0.09349718223056193, 0.9468053539599837], [0.3027085282091916, -0.9338174967034747, 0.1906631317268273], [0.9019698710720718, 0.34531602882779927, 0.2592434992682147]]	0.5614339875780112	0.4385660124219889	[[-0.1728796454099537, 0.05249249584701234, 0.531568705333964], [0.16995085606635735, -0.5242768808443483, 0.10704476232950429], [0.5063965413912179, 0.1938721550393948, 0.14554811154783098]]	0.7841151136552049	0.30956152223976263	[[-0.09849203814176608, 0.13266255359273096, 0.7534287723262483], [0.30513691922511377, -0.8116824586214084, 0.14950184320383852], [0.6962238233726892, 0.27076751719127384, 0.09849203814176608]]	[[0.14295672664371403, 0.05934999992157249, 0.011024384596559014], [0.06777858722396371, -0.07946204606054431, 0.0], [-0.011024384596559014, 0.0, -0.10478470775130318]]	0.47710051300872497	[[0.0, 0.0, 0.942], [0.0, -1.0, 0.0], [0.942, 0.0, 0.0]]
2	[[0.3802729664721569, 0.7767473726770865, -0.5020517802076895], [0.4287143634067757, 0.332951791095048, 0.839849450446521], [0.8195098935212374, -0.5346088512602871, -0.20639019011321075]]	0.12512942125746596	0.8748705787425343	[[0.047583336214520745, 0.09719394920634103, -0.0628214486986687], [0.05364478017785279, 0.041662064926360085, 0.10508987567777402], [0.10254479869107998, -0.06689529615731842, -0.025825485042084442]]	0.4125006973737255	0.9535082945741847	[[0.14559962071378316, 0.3129360600580648, 0.12109916542269328], [0.27685394655764545, -0.27536402234377483, 0.3280421169842444], [0.5816609359798068, 0.0, -0.07261818464148723]]	[[-0.011263243148356944, -0.0074727728544424395, 0.32819587487608565], [0.10000897267821764, -0.4127068683623131, -0.018396367013885664], [0.24361253339762887, 0.2205265239670348, 0.012517912711308019]]	1.0000000000000007	[[0.0, 0.0, 0.0], [0.0, 0.0, 0.0], [0.0, 0.0, 0.0]]
2	[[0.8787972042104137, -0.3840163418041313, 0.28327887866788265], [-0.395223040501579, -0.9183905790867732, -0.018907472103605397], [0.2674214316928388, -0.09534250611366366, -0.9588511794847616]]	0.5786081935053373	0.4213918064946626	[[0.5084792627857285, -0.2221950018078166, 0.16390748024424123], [-0.2286792894963054, -0.5313883138977186, -0.010940018277619682], [0.15473223149640442, -0.0551659552266985, -0.5547991488021401]]	0.8113912268195589	0.33909020484018726	[[0.574373643341088, -0.24813316884228034, 0.23661907512186128], [-0.3485755404765135, -0.8452925717650301, -0.015341356986200969], [0.21021432531163628, -0.07736007300361684, -0.6677769624032454]]	[[-0.13867469830879792, 0.06345432185293282, 0.0067690782274590034], [-0.02789503277658122, -0.1001185131002882, 0.0], [-0.0067690782274590034, 0.0, 0.11022647245627655]]	0.49581555703672325	[[0.6274611017808196, -0.6274611017808195, 0.0], [-0.7071067811865475, -0.7071067811865476, 0.0], [0.0, 0.0, -0.8873639999999999]]
2	[[-0.5446221603179724, 0.8109226453022452, -0.2139887049042392], [-0.8354447797583356, -0.5021691245819775, 0.22328947644507607], [0.07361197229480154, 0.30038414347728, 0.9509735242804028]]	0.23899269573468665	0.7610073042653133	[[-0.13016071825124087, 0.19380458903308667, -0.051141737441838475], [-0.19966520005191618, -0.12001475279857449, 0.05336455390479555], [0.01759272369708166, 0.07178961620559003, 0.2272757261400889]]	0.5956525390553796	0.5802975883082963	[[-0.35819226889988653, 0.5293994465045699, 0.13659614449062968], [-0.6089716849579325, -0.3912849351037968, 0.13300294358885598], [0.18004223357761745, 0.013133886528905936, 0.5008708533564004]]	[[-0.033786696280660326, 0.0463713138527824, 0.26405905989601214], [-0.1113368806543175, -0.09216662101132476, 0.0], [0.13619507537534467, -0.16579069122531134, -0.06557894095566426]]	0.41798927370774264	[[-0.6274611017808196, 0.6274611017808195, 0.0], [-0.7071067811865475, -0.7071067811865476, 0.0], [0.0, 0.0, 0.8873639999999999]]
2	[[-0.8305561570912853, 0.32773595720904825, 0.4502950280316503], [-0.5100865793185324, -0.772219296347621, -0.37879947194723407], [0.22358030216652452, -0.5443036842615101, 0.808545204538665]]	0.18748253231361814	0.8125174676863817	[[-0.1557147715601414, 0.06144476718777998, 0.08442245214360544], [-0.09563232358982965, -0.1447776291806924, -0.0710182842397288], [0.04191740122562398, -0.10204743307297998, 0.15158810243694118]]	0.5233521458228707	0.6562550147695321	[[-0.3838227339803957, 0.15188794783892143, 0.40721760808994134], [-0.35312460802213946, -0.6027953121079497, -0.05957641678305411], [0.3253282162138119, -0.250564447984115, 0.26786108928251623]]	[[0.0508506130597258, -0.01963336862974653, 0.17155473891620754], [-0.08616970218033768, -0.19865268631859492, 0.13866909969710114], [0.20831698531123544, 0.03429805315344063, -0.15529277850758602]]	0.6822704252509421	[[-0.6274611017808196, 0.6274611017808195, 0.0], [-0.7071067811865475, -0.7071067811865476, 0.0], [0.0, 0.0, 0.8873639999999999]]
2	[[0.8592155572171323, 0.2624339665249735, -0.4391776855101157], [-0.4266000482917053, 0.8413623931712975, -0.33184593135155627], [0.2824199444684594, 0.4724804086637203, 0.8348660002631537]]	0.16931394221593607	0.8306860577840639	[[0.14547717320569487, 0.04443372944370827, -0.0743589052669883], [-0.0722293359257773, 0.14245438362006663, -0.056186142845450884], [0.0478176341583606, 0.079997520610651, 0.1413544537266053]]	0.0	0.6885690544152719	[[0.6660945878777275, 0.6660945878777276, 0.0], [-0.7071067811865474, 0.7071067811865475, 0.0], [0.0, 0.0, 0.9419999999999997]]	[[0.6660945878777277, 0.6660945878777276, 0.0], [-0.7071067811865474, 0.7071067811865475, 0.0], [0.0, 0.0, 0.9419999999999996]]	0.6885690544152718	[[0.6660945878777278, 0.6660945878777277, 0.0], [-0.7071067811865475, 0.7071067811865476, 0.0], [0.0, 0.0, 0.942]]
2	[[0.5319609947059123, -0.8460851799387872, 0.03402011756955908], [-0.703274286200726, -0.4190807785627857, 0.5742617690636116], [-0.47161719485230363, -0.3294103357928521, -0.8179645788128509]]	0.15157249797986272	0.8484275020201373	[[0.08063065679542765, -0.12824324422706368, 0.005156514201586665], [-0.10659704032444894, -0.06352112046210719, 0.08704229083130666], [-0.0714841963140193, -0.049929547456507975, -0.12398093446971009]]	0.46089480453402065	0.8166978910745825	[[0.2165756847107432, -0.5139348579293237, 0.22774680227899094], [-0.3843451877377726, -0.39978743564112723, 0.0], [0.13818129332951007, -0.1515723800543997, -0.3351640429090265]]	[[-0.028602373963961425, -0.1239785943023045, 0.21206710684154462], [-0.06020972306548596, -0.2066352821214668, -0.26467426580393416], [0.3555472081658456, 0.00025113227233299995, 0.04183158175867494]]	0.6837071979347352	[[0.6274611017808196, -0.6274611017808195, 0.0], [-0.7071067811865475, -0.7071067811865476, 0.0], [0.0, 0.0, -0.8873639999999999]]
2	[[0.8489524140446696, -0.5135124485683378, 0.12483895166604869], [0.522794976890395, 0.7815435453534784, -0.34040431673891397], [0.0772347773085365, 0.35425224329800037, 0.9319550081910795]]	0.21277090711819305	0.787229092881807	[[0.18063237523646417, -0.10926050949836968, 0.026562096989669465], [0.11123556146980412, 0.16628972909722814, -0.07242813525948744], [0.016433313629008933, 0.07537457115517036, 0.19829291248615896]]	0.0	0.4463530182616955	[[0.6660945878777275, -0.6660945878777275, 0.0], [0.7071067811865472, 0.7071067811865472, 0.0], [0.0, 0.0, 0.9419999999999995]]	[[0.6660945878777276, -0.6660945878777275, 0.0], [0.7071067811865472, 0.7071067811865474, 0.0], [0.0, 0.0, 0.9419999999999996]]	0.4463530182616952	[[0.6660945878777278, -0.6660945878777277, 0.0], [0.7071067811865475, 0.7071067811865476, 0.0], [0.0, 0.0, 0.942]]
2	[[0.22433838825039393, -0.7661379269479729, -0.6022499185961573], [-0.9416906372873723, -0.011392912655017143, -0.3362869982418849], [0.2507808429735371, 0.642575192824231, -0.724020780340167]]	0.14210361354673365	0.8578963864532665	[[0.03187929562763109, -0.10887096789451038, -0.08558188969074011], [-0.13381764240166205, -0.0016189740571002503, -0.04778759763895591], [0.03563686399483561, 0.09131225687581239, -0.10288596916926362]]	0.4059223175540033	0.8689218803746497	[[0.01906736105599527, -0.3110354311067276, 0.10883835573525347], [-0.4684578259010602, -0.12532736674318046, -0.13650639768962494], [0.28090139502140027, 0.040304627479859356, -0.32367521197459015]]	[[-0.07199659741893441, -4.294823398681702e-05, 0.35330503843851546], [-0.08620457999446382, -0.12070272923456558, 0.0], [0.1791038540434355, -0.22053098399406304, -0.0297790188616516]]	0.9600667338400598	[[0.6274611017808196, -0.6274611017808195, 0.0], [-0.7071067811865475, -0.7071067811865476, 0.0], [0.0, 0.0, -0.8873639999999999]]
2	[[0.04673222253661188, -0.9725397674033924, -0.22799671093185395], [-0.8377629715199755, -0.16246744520517667, 0.5213036857710898], [-0.5440306084466285, 0.16664552219444034, -0.8223502702654952]]	0.17731982383138137	0.8226801761686184	[[0.008286549467440937, -0.17245058022498214, -0.040428336616570755], [-0.14855198252237659, -0.028808698762116534, 0.09243747772357942], [-0.09646741164863536, 0.029549554637806712, -0.14581900505116646]]	0.46601124785099274	0.8773036613258117	[[-0.05924111085190228, -0.5649464232825493, 0.10196903828760319], [-0.3046192534588922, -0.1914930166251741, 0.0], [0.07210299844423491, 0.07210299844423491, -0.49780243519349304]]	[[-0.08101885219103909, -0.11173195269018008, 0.20821807005487852], [0.08578771430248741, -0.11578135974994698, -0.24293338111550736], [0.3256273811555832, -0.005555689302376551, -0.11457795957646863]]	0.8838958916580248	[[0.6274611017808196, -0.6274611017808195, 0.0], [-0.7071067811865475, -0.7071067811865476, 0.0], [0.0, 0.0, -0.8873639999999999]]
2	[[-0.3195682178843842, -0.5708200961323295, -0.7563336379995778], [0.910087742671785, 0.03735879733279218, -0.41272826520656647], [0.2638493031197415, -0.8202248094963509, 0.507557688474819]]	0.11633012350024353	0.8836698764997564	[[-0.037175410253243155, -0.06640357227949475, -0.08798438551587937], [0.10587061950106662, 0.004345953507544239, -0.04801273006352116], [0.03069362201737276, -0.09541685338667423, 0.05904424858377379]]	0.3656227968063752	1.0726676745069248	[[-0.18764551586871642, -0.27950893029658497, 0.18625856775160352], [0.5394144218182666, -0.07658285083371469, -0.15090286264586816], [0.2473509824296043, -0.04570118865066524, 0.08544255686178427]]	[[-0.07080409027539879, -0.07080409027539877, 0.4627913877957497], [0.20666559600340795, -0.09024207879985272, 0.0], [0.1508816622875513, 0.25419170020736687, -0.10013210473895792]]	0.9696013444654962	[[1.7718304171611952e-16, -0.8873639999999999, 0.0], [1.0, 1.7938038903913487e-16, 0.0], [0.0, 0.0, 0.8873639999999999]]
