2	[[0.034229894132735264, 0.2773841392786001, 0.9601491309293217], [-0.1827544195208179, -0.9427759796974285, 0.2788803941677556], [0.9825625356654255, -0.18501754344446375, 0.018422055382213542]]	0.8213045268437852	0.17869547315621484	[[0.028113167004598996, 0.22781684926418125, 0.7885748276773781], [-0.15009703205315594, -0.7743061799250827, 0.22904573017795685], [0.8069830584491223, -0.15195574597645475, 0.015130117479178891]]	0.9060314981408172	0.1362818868812959	[[0.0, 0.2363708165401146, 0.8499163356687326], [-0.1791940688380805, -0.8211142142108253, 0.25267442132991325], [0.8783890008637806, -0.16763172206932123, 0.0]]	[[-0.0310133622622837, -0.014947950730976586, -0.020009019865764466], [-0.013612808327778475, 0.033070519085612704, 0.0], [-0.011843605342205108, 0.0, -0.01669096243678004]]	0.3524014281471143	[[0.0, 0.0, 0.9672000000000001], [0.0, -1.0, 0.0], [0.9672000000000001, 0.0, 0.0]]
2	[[-0.3195682178843842, -0.5708200961323295, -0.7563336379995778], [0.910087742671785, 0.03735879733279218, -0.41272826520656647], [0.2638493031197415, -0.8202248094963509, 0.507557688474819]]	0.12038877294285504	0.8796112270571447	[[-0.03847242562263595, -0.06872033094449373, -0.09105407861417472], [0.10956434661058907, 0.004497579769515626, -0.04968784940705179], [0.03176449384441306, -0.09874585835255272, 0.06110424731319533]]	0.37552718770811067	1.0966334003628107	[[-0.043333275910311914, -0.29103174362055073, 0.1917229946405967], [0.5428717740087308, -0.2427647704348767, -0.15499068472066918], [0.2626339049992187, -0.04321074900735956, 0.08216932140428282]]	[[0.0766732782327036, -0.0766732782327036, 0.4757468386876224], [0.2011090834355725, -0.25679401453341744, 0.0], [0.16355131821991736, 0.26480596699122594, -0.10843238994829525]]	0.9836898933840943	[[1.867896993602873e-16, -0.9354758400000002, 0.0], [1.0, 1.7938038903913487e-16, 0.0], [0.0, 0.0, 0.9354758400000002]]
2	[[0.8787972042104137, -0.3840163418041313, 0.28327887866788265], [-0.395223040501579, -0.9183905790867732, -0.018907472103605397], [0.2674214316928388, -0.09534250611366366, -0.9588511794847616]]	0.6152006882334341	0.384799311766566	[[0.5406366448478642, -0.23624711777078722, 0.17427336111847685], [-0.24314148652228174, -0.564994516321285, -0.011631889850892495], [0.16451784882580467, -0.05865477537902628, -0.5898859055324654]]	0.8309699269069366	0.3094989007797026	[[0.6006346987951116, -0.26098731568784916, 0.24217208944438698], [-0.34675446615205946, -0.8481731208549967, -0.01571154071192792], [0.21544330720368898, -0.07922675533639524, -0.7010180112522443]]	[[-0.12961934975363618, 0.05811871579219902, 0.0067758603434575826], [-0.018336005074525114, -0.08501816847924161, 0.0], [-0.0067758603434575826, 0.0, 0.09575848327883806]]	0.48204703920400255	[[0.6614813101001819, -0.6614813101001819, 0.0], [-0.7071067811865475, -0.7071067811865476, 0.0], [0.0, 0.0, -0.9354758400000002]]
2	[[0.8489524140446696, -0.5135124485683378, 0.12483895166604869], [0.522794976890395, 0.7815435453534784, -0.34040431673891397], [0.0772347773085365, 0.35425224329800037, 0.9319550081910795]]	0.21786637081902419	0.7821336291809758	[[0.18495818144596174, -0.11187709353997455, 0.0271982093363336], [0.11389944429752596, 0.17027205586319566, -0.07416265309903679], [0.01682686063322636, 0.07717965060183332, 0.20304165540120442]]	0.0	0.4375291283621278	[[0.6839136787636289, -0.6839136787636287, 0.0], [0.7071067811865475, 0.7071067811865476, 0.0], [0.0, 0.0, 0.9672000000000001]]	[[0.6839136787636289, -0.6839136787636287, 0.0], [0.7071067811865475, 0.7071067811865476, 0.0], [0.0, 0.0, 0.9672000000000001]]	0.4375291283621278	[[0.6839136787636289, -0.6839136787636287, 0.0], [0.7071067811865475, 0.7071067811865476, 0.0], [0.0, 0.0, 0.9672000000000001]]
2	[[-0.8305561570912853, 0.32773595720904825, 0.4502950280316503], [-0.5100865793185324, -0.772219296347621, -0.37879947194723407], [0.22358030216652452, -0.5443036842615101, 0.808545204538665]]	0.19370982222625852	0.8062901777737413	[[-0.16088688553907732, 0.06348567400811737, 0.08722656982937908], [-0.09880878059979323, -0.14958646261518413, -0.07337717837029932], [0.043309700585970626, -0.10543696991539467, 0.15662314783307857]]	0.5355610673805925	0.6420668763501937	[[-0.4027887586729225, 0.16443862202432025, 0.4215975375402842], [-0.35104812748806, -0.5995492313102001, -0.06304756274623186], [0.3398192621302858, -0.2564096933222841, 0.28117614966635335]]	[[0.04202478333840931, -0.011083997037557781, 0.1804370516914797], [-0.07786561461171156, -0.185978640706378, 0.1398226867730336], [0.22007835685670654, 0.03509816879999925, -0.15184918310183348]]	0.6804003645064651	[[-0.6614813101001819, 0.6614813101001819, 0.0], [-0.7071067811865475, -0.7071067811865476, 0.0], [0.0, 0.0, 0.9354758400000002]]
2	[[0.3802729664721569, 0.7767473726770865, -0.5020517802076895], [0.4287143634067757, 0.332951791095048, 0.839849450446521], [0.8195098935212374, -0.5346088512602871, -0.20639019011321075]]	0.12758149742889924	0.8724185025711012	[[0.04851579449424736, 0.09909859293010596, -0.06405251790574162], [0.054696020452713726, 0.042478488079540244, 0.10714925050280526], [0.10455429937323721, -0.0682061977825311, -0.026331569509278632]]	0.4225784049553243	0.9477697813976667	[[0.1444827439122354, 0.31918847726920707, 0.13259521059092771], [0.28286266688127093, -0.26760048865167896, 0.3278993115860943], [0.6079452057683306, 0.0, -0.06428824179193335]]	[[-0.016212399707198275, -0.009048188529915107, 0.3447514510760742], [0.1016972350113984, -0.40829872545964274, -0.02700292958620222], [0.2616380221190184, 0.22591415564057035, 0.02292779554453339]]	1.0000000000000007	[[0.0, 0.0, 0.0], [0.0, 0.0, 0.0], [0.0, 0.0, 0.0]]
2	[[-0.5446221603179724, 0.8109226453022452, -0.2139887049042392], [-0.8354447797583356, -0.5021691245819775, 0.22328947644507607], [0.07361197229480154, 0.30038414347728, 0.9509735242804028]]	0.24690084154529626	0.7530991584547038	[[-0.13446766970672464, 0.20021748355326213, -0.05283399132204473], [-0.2062720191869577, -0.12398597945735496, 0.0551303596424979], [0.01817485790739553, 0.07416509781140344, 0.23479616343212767]]	0.6045091963681177	0.5837987368982664	[[-0.258117982202108, 0.5405553402515507, 0.14052926564566215], [-0.6127143598162912, -0.5118479768526298, 0.13498054196327072], [0.18865630242911036, 0.010082090957316533, 0.5036734560185772]]	[[0.07111112225597754, 0.050345143623182355, 0.2698874056791781], [-0.10768030739464061, -0.20828212291069742, 0.0], [0.14415718821410775, -0.17150288621785936, -0.07119878491152581]]	0.39989264646487527	[[-0.6614813101001819, 0.6614813101001819, 0.0], [-0.7071067811865475, -0.7071067811865476, 0.0], [0.0, 0.0, 0.9354758400000002]]
2	[[0.08740825448676931, -0.06334395238859675, -0.994156597696443], [0.7119981850616444, -0.6940087028176986, 0.10681996481098455], [-0.6967197295301035, -0.717174639895393, -0.015561310176609944]]	0.16340410290725144	0.8365958970927486	[[0.01428286741109925, -0.010350661714658316, -0.16244926699591256], [0.11634342470158918, -0.11340386949375128, 0.01745482052252309], [-0.11384686238164947, -0.11718927865993778, -0.002542781929470432]]	0.4605876302313173	1.0271508388799193	[[0.06348488424976367, -0.015600954019018752, 0.0002981870501919913], [0.6349213124336608, -0.6369525070796165, 0.038883026811901006], [0.009916346049345747, -0.013153842267787803, 0.02567878612568618]]	[[0.023225723453046625, 0.01357448690113039, 0.4581944184620258], [0.3069837556471191, -0.3173006832889022, -0.010316927641783064], [0.3308168352090205, 0.3171679255836296, 0.032846133103225414]]	0.8042674162799145	[[0.0, 0.0, -0.9354758400000002], [0.0, -1.0, 0.0], [-0.9354758400000002, 0.0, 0.0]]
2	[[0.04673222253661188, -0.9725397674033924, -0.22799671093185395], [-0.8377629715199755, -0.16246744520517667, 0.5213036857710898], [-0.5440306084466285, 0.16664552219444034, -0.8223502702654952]]	0.18153116235335867	0.8184688376466411	[[0.00848335467642699, -0.17654627441160295, -0.041388507948202154], [-0.15208008599662487, -0.029492904172676318, 0.09463286401711597], [-0.09875850870712147, 0.03025135534493919, -0.14928220042289397]]	0.4766025452197818	0.8913254577889073	[[-0.06925805157314655, -0.5889765725620408, 0.11261689442663896], [-0.30117055773399226, -0.20021707306529768, 0.00031518607512044644], [0.07984065942314192, 0.07942368002734991, -0.5213782567523295]]	[[-0.09153074777787304, -0.12546164409012944, 0.2212807071584994], [0.09810940678331559, -0.12278467516515502, -0.2481394773958343], [0.33912703208627165, 0.0, -0.12944402488161907]]	0.8752682307892398	[[0.6614813101001819, -0.6614813101001819, 0.0], [-0.7071067811865475, -0.7071067811865476, 0.0], [0.0, 0.0, -0.9354758400000002]]
2	[[-0.42203838922340475, -0.825029846081567, 0.3757783270710803], [0.2588054115689476, 0.28760896992378115, 0.9221175843470338], [-0.8688517462515349, 0.4864224845687207, 0.09214016247897017]]	0.10940594752787315	0.8905940524721269	[[-0.04617350986612393, -0.09026317204932921, 0.04111238393365056], [0.028314851278041897, 0.031466131872026806, 0.10088514804760072], [-0.0950575485598964, 0.05321751282310314, 0.010080681781383917]]	0.3501460733208187	1.1438294067208272	[[-0.23478417779316815, -0.4738091224368924, 0.3032187049862494], [0.18363021721480913, 0.01023535771596816, 0.03218180785398534], [0.1806481812966561, 0.17031892294669404, -0.09078692330578457]]	[[-0.08700909301594968, -0.18492816145895224, 0.1716413993232444], [0.0930105185997638, -0.09046979375468933, -0.2906940434452074], [0.48487320854456745, 0.0, -0.12304943939293819]]	1.0000000000000002	[[0.0, 0.0, 0.0], [0.0, 0.0, 0.0], [0.0, 0.0, 0.0]]
2	[[0.8592155572171323, 0.2624339665249735, -0.4391776855101157], [-0.4266000482917053, 0.8413623931712975, -0.33184593135155627], [0.2824199444684594, 0.4724804086637203, 0.8348660002631537]]	0.17449776271738793	0.8255022372826123	[[0.14993119242636338, 0.04579414001965776, -0.07663552355691576], [-0.07444075400203219, 0.14681585524293872, -0.05790637258771447], [0.04928164845651507, 0.08244677423961634, 0.1456822492147345]]	0.0	0.688468844416168	[[0.6839136787636287, 0.6839136787636286, 0.0], [-0.7071067811865474, 0.7071067811865475, 0.0], [0.0, 0.0, 0.9672]]	[[0.6839136787636287, 0.6839136787636286, 0.0], [-0.7071067811865474, 0.7071067811865475, 0.0], [0.0, 0.0, 0.9672]]	0.6884688444161682	[[0.6839136787636289, 0.6839136787636287, 0.0], [-0.7071067811865475, 0.7071067811865476, 0.0], [0.0, 0.0, 0.9672000000000001]]
2	[[-0.30792515101507295, 0.09349718223056193, 0.9468053539599837], [0.3027085282091916, -0.9338174967034747, 0.1906631317268273], [0.9019698710720718, 0.34531602882779927, 0.2592434992682147]]	0.5979992300374897	0.40200076996251044	[[-0.18413900321619137, 0.05591124298455088, 0.5661888726634431], [0.18101946679487835, -0.5584221440242139, 0.11401640596917921], [0.5393772884181128, 0.20649871935862757, 0.15502741295461694]]	0.804178214663193	0.28536811212789626	[[-0.11641179225926808, 0.14343383216216216, 0.7711789081705294], [0.29684959855010606, -0.8135306907224191, 0.15332713687417315], [0.715565851609292, 0.2776956275573233, 0.11641179225926808]]	[[0.13121490593392732, 0.06824543507994964, 0.009778668989437175], [0.05341799477151552, -0.06257500340216676, 0.0], [-0.009778668989437175, 0.0, -0.09206618214528361]]	0.47177812120513934	[[0.0, 0.0, 0.9672000000000001], [0.0, -1.0, 0.0], [0.9672000000000001, 0.0, 0.0]]
2	[[0.5319609947059123, -0.8460851799387872, 0.03402011756955908], [-0.703274286200726, -0.4190807785627857, 0.5742617690636116], [-0.47161719485230363, -0.3294103357928521, -0.8179645788128509]]	0.1561211630927472	0.843878836907253	[[0.08305036921346175, -0.13209180236757972, 0.005311260323511577], [-0.10979599953487891, -0.06542737857903609, 0.08965441530590963], [-0.07362942499488044, -0.051427924758752484, -0.12770158141293134]]	0.47035946693019365	0.808369492387007	[[0.2194724750309001, -0.5384503442347307, 0.23417953755666462], [-0.3783316223958193, -0.39748448992160856, 0.006671943740445938], [0.15494995206315168, -0.15494126994482202, -0.35299804835038506]]	[[-0.030740414866628384, -0.1404861700211859, 0.21817785319174432], [-0.04753990403273347, -0.20036587831612618, -0.26343751583470437], [0.37677956442899446, 0.0, 0.03173933490780773]]	0.6659242460309734	[[0.6614813101001819, -0.6614813101001819, 0.0], [-0.7071067811865475, -0.7071067811865476, 0.0], [0.0, 0.0, -0.9354758400000002]]
2	[[0.22433838825039393, -0.7661379269479729, -0.6022499185961573], [-0.9416906372873723, -0.011392912655017143, -0.3362869982418849], [0.2507808429735371, 0.642575192824231, -0.724020780340167]]	0.14733808924468764	0.8526619107553123	[[0.03305358946904591, -0.11288129825440041, -0.0887343522537265], [-0.1387468991575337, -0.0016786099815218475, -0.049547883758790955], [0.036949570222893, 0.09467580110675891, -0.10667583834876793]]	0.41690492347659674	0.8686177968068264	[[0.020133635222647942, -0.32133796631028105, 0.11526997147344963], [-0.47934351697043326, -0.12790729302289117, -0.14019970526820744], [0.2931568068802799, 0.03802247377693599, -0.33031738509968384]]	[[-0.07339414336374558, -0.00193129250351802, 0.3663509276995672], [-0.08674805389351388, -0.12315753164427573, 0.0], [0.18860503873100104, -0.2298702878154094, -0.0284695570765007]]	0.9546482065510136	[[0.6614813101001819, -0.6614813101001819, 0.0], [-0.7071067811865475, -0.7071067811865476, 0.0], [0.0, 0.0, -0.9354758400000002]]
