2	[[0.034229894132735264, 0.2773841392786001, 0.9601491309293217], [-0.1827544195208179, -0.9427759796974285, 0.2788803941677556], [0.9825625356654255, -0.18501754344446375, 0.018422055382213542]]	0.8098421714295586	0.1901578285704414	[[0.027720811792258247, 0.22463737367350065, 0.7775692570880055], [-0.1480022359430877, -0.7634997465697952, 0.22584910398194644], [0.7957205774486213, -0.14983500913562725, 0.014918957332927406]]	0.8938113406537916	0.15619396445118594	[[0.0, 0.22629103105219045, 0.8316282999693301], [-0.18216094645276276, -0.8212969174848712, 0.2492664589931395], [0.8568622947786959, -0.1653707785505673, 0.0]]	[[-0.030595067565217467, -0.021638058352513173, -0.026563881974179866], [-0.018812973730455033, 0.02136694486467936, 0.0], [-0.02136324250060715, 0.0, -0.016465842018774678]]	0.3587987178661073	[[0.0, 0.0, 0.9528000000000001], [0.0, -1.0, 0.0], [0.9528000000000001, 0.0, 0.0]]
2	[[-0.8305561570912853, 0.32773595720904825, 0.4502950280316503], [-0.5100865793185324, -0.772219296347621, -0.37879947194723407], [0.22358030216652452, -0.5443036842615101, 0.808545204538665]]	0.190157549161654	0.8098424508383459	[[-0.1579365232736005, 0.062321466395021355, 0.08562699893017689], [-0.09699681378346373, -0.14684332880880055, -0.07203157920921473], [0.04251548230080837, -0.10350345459882751, 0.15375097448148078]]	0.5286288631674289	0.6501664653646181	[[-0.3918689447631938, 0.15719340235337645, 0.41337227867565884], [-0.3522311711760793, -0.6014149773130357, -0.061077521681742436], [0.3315059095246218, -0.2530907732875655, 0.27351963588218714]]	[[0.047187012356680866, -0.016057284125131847, 0.17533332991734205], [-0.08258468263396103, -0.193197568568841, 0.13916681254214627], [0.2133149085637017, 0.03464386454143972, -0.15390069641256357]]	0.6811320252224932	[[-0.6419312218139362, 0.6419312218139361, 0.0], [-0.7071067811865475, -0.7071067811865476, 0.0], [0.0, 0.0, 0.9078278400000002]]
2	[[0.8592155572171323, 0.2624339665249735, -0.4391776855101157], [-0.4266000482917053, 0.8413623931712975, -0.33184593135155627], [0.2824199444684594, 0.4724804086637203, 0.8348660002631537]]	0.1715462105189681	0.8284537894810321	[[0.14739517285954268, 0.04501955246882094, -0.07533926769375146], [-0.07318162169165084, 0.1443325302217062, -0.0569269119994971], [0.04844807124854161, 0.08105222365071464, 0.14321809863627183]]	0.0	0.6884316943128195	[[0.6737313411145426, 0.6737313411145426, 0.0], [-0.7071067811865476, 0.7071067811865477, 0.0], [0.0, 0.0, 0.9528000000000004]]	[[0.6737313411145427, 0.6737313411145426, 0.0], [-0.7071067811865476, 0.7071067811865477, 0.0], [0.0, 0.0, 0.9528000000000004]]	0.6884316943128195	[[0.6737313411145426, 0.6737313411145425, 0.0], [-0.7071067811865475, 0.7071067811865476, 0.0], [0.0, 0.0, 0.9528000000000001]]
2	[[-0.30792515101507295, 0.09349718223056193, 0.9468053539599837], [0.3027085282091916, -0.9338174967034747, 0.1906631317268273], [0.9019698710720718, 0.34531602882779927, 0.2592434992682147]]	0.5768174947116325	0.4231825052883676	[[-0.1776166141672155, 0.05393081041682969, 0.5461338922507583], [0.17460757486947143, -0.5386422689663863, 0.1099778299765425], [0.5202720013371666, 0.19918432663222102, 0.14953618576816854]]	0.7927548324615423	0.299119287141951	[[-0.10608147104912363, 0.1372173782638787, 0.7610897755758923], [0.3015450050305431, -0.8124879541997714, 0.15114911904869394], [0.7045357182034451, 0.27375095057966714, 0.10608147104912363]]	[[0.13802768045452563, 0.0630970352290633, 0.010505255823654254], [0.06157135646538539, -0.07219962105095147, 0.0], [-0.010505255823654254, 0.0, -0.09943506577999386]]	0.47470801685570824	[[0.0, 0.0, 0.9528000000000001], [0.0, -1.0, 0.0], [0.9528000000000001, 0.0, 0.0]]
2	[[-0.5446221603179724, 0.8109226453022452, -0.2139887049042392], [-0.8354447797583356, -0.5021691245819775, 0.22328947644507607], [0.07361197229480154, 0.30038414347728, 0.9509735242804028]]	0.24238842121260926	0.7576115787873907	[[-0.13201010559687387, 0.19655825972036395, -0.05186838433906948], [-0.202502141175939, -0.12171998128914356, 0.05412278366891209], [0.017842689746883293, 0.0728096382947598, 0.2305049711653177]]	0.5995021952962444	0.5808160958710948	[[-0.36947656403540574, 0.5342063023006134, 0.13828128932312905], [-0.6105984851283859, -0.3848357002079209, 0.13386253131537218], [0.18371017567398665, 0.011849099109220305, 0.5021487081724453]]	[[-0.042974383317798126, 0.04805639622647959, 0.2665679876818207], [-0.10974750561447612, -0.08378420761103214, 0.0], [0.1395796366831668, -0.1682318543375911, -0.06796200730226266]]	0.4099540262840793	[[-0.6419312218139362, 0.6419312218139361, 0.0], [-0.7071067811865475, -0.7071067811865476, 0.0], [0.0, 0.0, 0.9078278400000002]]
2	[[0.22433838825039393, -0.7661379269479729, -0.6022499185961573], [-0.9416906372873723, -0.011392912655017143, -0.3362869982418849], [0.2507808429735371, 0.642575192824231, -0.724020780340167]]	0.14435753853661554	0.8556424614633845	[[0.032384937527098444, -0.11059778531375475, -0.08693931583241833], [-0.13594014246178188, -0.0016446528276408967, -0.04854556330806566], [0.03620210520379728, 0.0927605731607971, -0.10451785769926612]]	0.41066385406457345	0.8687455328721635	[[0.019520682291727764, -0.3154592795691594, 0.11157059444592304], [-0.4731575212203686, -0.12644120208754644, -0.13810091476981887], [0.28613304026139447, 0.03936238414333727, -0.32656983617816765]]	[[-0.07260698484181363, -0.0008341257436622618, 0.3588928671266966], [-0.08643921477541196, -0.12176254466761605, 0.0], [0.1831464127603191, -0.22452002106814786, -0.029240672100834683]]	0.957597638861587	[[0.6419312218139362, -0.6419312218139361, 0.0], [-0.7071067811865475, -0.7071067811865476, 0.0], [0.0, 0.0, -0.9078278400000002]]
2	[[0.04673222253661188, -0.9725397674033924, -0.22799671093185395], [-0.8377629715199755, -0.16246744520517667, 0.5213036857710898], [-0.5440306084466285, 0.16664552219444034, -0.8223502702654952]]	0.1791425542014644	0.8208574457985355	[[0.008371729708719886, -0.17422325799514185, -0.040843913145865246], [-0.1500789985334971, -0.02910483310864183, 0.09338767378367062], [-0.09745903276090587, 0.02985330449214887, -0.1473179278636253]]	0.47060669476649797	0.8833497248624931	[[-0.06347187222928476, -0.5753098971864011, 0.1065245191867775], [-0.30302012242930343, -0.19532437341510228, 0.0], [0.07532420987960686, 0.07532420987960685, -0.5078684123925367]]	[[-0.08546436901633211, -0.1176261717197118, 0.21382129773604994], [0.0912367405954719, -0.11886610601993697, -0.2453290045303256], [0.33134865637248156, -0.0031002885179558033, -0.1208648697625558]]	0.8800670080596638	[[0.6419312218139362, -0.6419312218139361, 0.0], [-0.7071067811865475, -0.7071067811865476, 0.0], [0.0, 0.0, -0.9078278400000002]]
2	[[0.8489524140446696, -0.5135124485683378, 0.12483895166604869], [0.522794976890395, 0.7815435453534784, -0.34040431673891397], [0.0772347773085365, 0.35425224329800037, 0.9319550081910795]]	0.21498608087008247	0.7850139191299177	[[0.1825129523406591, -0.11039802879570673, 0.026838636958613382], [0.11239364318023136, 0.16802098384485387, -0.07318218996695733], [0.016604402080435843, 0.07615930142607204, 0.2003573547582458]]	0.0	0.44249608683543185	[[0.6737313411145424, -0.6737313411145424, 0.0], [0.7071067811865474, 0.7071067811865474, 0.0], [0.0, 0.0, 0.9527999999999998]]	[[0.6737313411145425, -0.6737313411145424, 0.0], [0.7071067811865474, 0.7071067811865475, 0.0], [0.0, 0.0, 0.9527999999999998]]	0.44249608683543185	[[0.6737313411145426, -0.6737313411145425, 0.0], [0.7071067811865475, 0.7071067811865476, 0.0], [0.0, 0.0, 0.9528000000000001]]
2	[[0.08740825448676931, -0.06334395238859675, -0.994156597696443], [0.7119981850616444, -0.6940087028176986, 0.10681996481098455], [-0.6967197295301035, -0.717174639895393, -0.015561310176609944]]	0.15876460970868617	0.841235390291314	[[0.013877337408909445, -0.010056777878381168, -0.157836884222591], [0.11304011396460484, -0.11018402083728346, 0.016959230022311547], [-0.11061443593518824, -0.1138619517959596, -0.002470585336745247]]	0.4536515653216657	1.0259194551127913	[[0.06205516563529858, -0.015296009742371823, -7.152364007438974e-05], [0.6350403796589071, -0.6367515598180074, 0.038586907305716074], [0.009124313154511406, -0.012829554804769895, 0.024622187232550788]]	[[0.02240227416534112, 0.01344007341237621, 0.4509291730797785], [0.31204128849950713, -0.3219134254378995, -0.009872136938392312], [0.32519230904633045, 0.31251784319277703, 0.031681599952625816]]	0.8131954579380474	[[0.0, 0.0, -0.9078278400000002], [0.0, -1.0, 0.0], [-0.9078278400000002, 0.0, 0.0]]
2	[[0.8787972042104137, -0.3840163418041313, 0.28327887866788265], [-0.395223040501579, -0.9183905790867732, -0.018907472103605397], [0.2674214316928388, -0.09534250611366366, -0.9588511794847616]]	0.5938999993107694	0.4061000006892305	[[0.5219176589748709, -0.22806730513279772, 0.16823932584561105], [-0.2347229634814879, -0.5454321642866518, -0.011229147669299637], [0.15882158809806188, -0.05662391431519187, -0.5694617148351304]]	0.8198344613699329	0.3264673728666561	[[0.5855704872584073, -0.2535943095553976, 0.23901560698319751], [-0.3477754964488604, -0.8465360229959712, -0.015500997207926363], [0.2124674853376394, -0.07816507214535498, -0.6819349763639005]]	[[-0.1348977453088402, 0.061235521184844405, 0.006773820073035374], [-0.023758027918261225, -0.09360777726314556, 0.0], [-0.006773820073035374, 0.0, 0.10416426390291385]]	0.4896157705618517	[[0.6419312218139362, -0.6419312218139361, 0.0], [-0.7071067811865475, -0.7071067811865476, 0.0], [0.0, 0.0, -0.9078278400000002]]
2	[[0.3802729664721569, 0.7767473726770865, -0.5020517802076895], [0.4287143634067757, 0.332951791095048, 0.839849450446521], [0.8195098935212374, -0.5346088512602871, -0.20639019011321075]]	0.12620426468480084	0.8737957353151997	[[0.0479920701131265, 0.09802883101456267, -0.06336107575480673], [0.05410558099356462, 0.042019935970637995, 0.10599258233953728], [0.10342564351376718, -0.06746991696729063, -0.026047322181394023]]	0.4168578896229155	0.8666476025288765	[[0.027117454822833766, 0.3156571501937593, 0.1259604938530994], [0.2794518736566075, -0.1419618032410164, 0.32798037371883176], [0.5928709044471027, 0.0, -0.06914576863567541]]	[[-0.1314023314613953, -0.008136120350555293, 0.3352447394319047], [0.10073890887582736, -0.280755384223068, -0.02211749579527035], [0.2512517397087395, 0.22285591751009445, 0.01688961045378995]]	1.0000000000000007	[[0.0, 0.0, 0.0], [0.0, 0.0, 0.0], [0.0, 0.0, 0.0]]
2	[[-0.42203838922340475, -0.825029846081567, 0.3757783270710803], [0.2588054115689476, 0.28760896992378115, 0.9221175843470338], [-0.8688517462515349, 0.4864224845687207, 0.09214016247897017]]	0.10814061732543226	0.8918593826745678	[[-0.04563949194565006, -0.08921923686716703, 0.040636900266984854], [0.027987376974228567, 0.03110221155588941, 0.09971836481792459], [-0.09395816420392077, 0.05260202776223201, 0.009964094050941459]]	0.3456911960024267	1.1381744263448879	[[-0.23197550600631012, -0.4631957768764424, 0.29516303493283264], [0.18428709889550773, 0.012205562091080015, 0.027885935689355493], [0.17190906697487182, 0.168151970453033, -0.08988423897352543]]	[[-0.08608055047673367, -0.1779902226468075, 0.16525977561583982], [0.094820346638338, -0.08721832670289786, -0.29088199489843924], [0.4722634662853619, 0.0, -0.12173628194073853]]	1.0000000000000002	[[0.0, 0.0, 0.0], [0.0, 0.0, 0.0], [0.0, 0.0, 0.0]]
2	[[0.5319609947059123, -0.8460851799387872, 0.03402011756955908], [-0.703274286200726, -0.4190807785627857, 0.5742617690636116], [-0.47161719485230363, -0.3294103357928521, -0.8179645788128509]]	0.15350927009641188	0.8464907299035882	[[0.08166094401706583, -0.12988191841179456, 0.0052224034166971495], [-0.10795912235224853, -0.06433278442860921, 0.08815450501322926], [-0.07239761134669437, -0.05056754020977467, -0.12556514545827974]]	0.4650266856021018	0.8125057326209558	[[0.21786518004010916, -0.5245589431814118, 0.23052690130326153], [-0.38192529696971544, -0.3988825130937568, 0.002730716400627894], [0.1452783140948982, -0.15318459665682543, -0.34277395201691185]]	[[-0.029510878197578486, -0.13110675621741977, 0.2147066387860957], [-0.054883986588607846, -0.20399876763915623, -0.26431633073502303], [0.36459289509002557, 0.0, 0.03760140500834734]]	0.6760371742128938	[[0.6419312218139362, -0.6419312218139361, 0.0], [-0.7071067811865475, -0.7071067811865476, 0.0], [0.0, 0.0, -0.9078278400000002]]
2	[[-0.3195682178843842, -0.5708200961323295, -0.7563336379995778], [0.910087742671785, 0.03735879733279218, -0.41272826520656647], [0.2638493031197415, -0.8202248094963509, 0.507557688474819]]	0.11807465354054036	0.8819253464594594	[[-0.03773290660926659, -0.06739938508480275, -0.08930383226785657], [0.10745829490746348, 0.004411127051760687, -0.04873274692065359], [0.031153915052776496, -0.09684776020663735, 0.05992969821850175]]	0.36989875550447465	1.0755577113333563	[[-0.1914954276525832, -0.28443318473465995, 0.18861234510464492], [0.5409070421437242, -0.07755782561459157, -0.15266767166142972], [0.25383947180915734, -0.04467358066008944, 0.08410072208873948]]	[[-0.0732875415583667, -0.07328754155836668, 0.4683792165468606], [0.20426671872955438, -0.09137679825513538, 0.0], [0.15624194294444205, 0.2587265556065056, -0.10364423522482401]]	0.9753424681208555	[[1.8126912748970514e-16, -0.9078278400000002, 0.0], [1.0, 1.7938038903913487e-16, 0.0], [0.0, 0.0, 0.9078278400000002]]
