2	[[0.5319609947059123, -0.8460851799387872, 0.03402011756955908], [-0.703274286200726, -0.4190807785627857, 0.5742617690636116], [-0.47161719485230363, -0.3294103357928521, -0.8179645788128509]]	0.14518079518383825	0.854819204816162	[[0.07723052021818991, -0.12283531921677401, 0.004939067720996247], [-0.10210192010296767, -0.060842480678007294, 0.08337178027633282], [-0.0684697593710287, -0.04782405449218144, -0.11875274798426305]]	0.44470654517526603	0.8309158784797158	[[0.21101816155895103, -0.46918321072469305, 0.21742697482861853], [-0.381751425400325, -0.39742739521945103, 0.0], [0.11491656003573045, -0.13766119950782887, -0.30891865560585857]]	[[-0.025548374564713244, -0.0929235934301216, 0.20229800587780353], [-0.06900074727339878, -0.21105943003543384, -0.2553779673465152], [0.32464781340374865, 0.008829732867634684, 0.05483554631374598]]	0.7100438817290207	[[0.5799063039841219, -0.5799063039841218, 0.0], [-0.7071067811865475, -0.7071067811865476, 0.0], [0.0, 0.0, -0.82011136]]
2	[[0.3802729664721569, 0.7767473726770865, -0.5020517802076895], [0.4287143634067757, 0.332951791095048, 0.839849450446521], [0.8195098935212374, -0.5346088512602871, -0.20639019011321075]]	0.12123901250671751	0.878760987493283	[[0.04610391893808441, 0.09417208443055725, -0.060868262059619815], [0.0519769060668835, 0.040366746364706496, 0.1018225180264456], [0.09935657023000011, -0.06481544920414785, -0.02502254284039937]]	0.3973898659858141	0.9004436210916135	[[0.20163849801047373, 0.32806624031159726, 0.10544032408935125], [0.23764983868277678, -0.20855589100041683, 0.3282562438851549], [0.5444820808140962, 0.0, -0.08323999610311054]]	[[0.05052187482607535, 0.01939470597861668, 0.3049506137440244], [0.06728309526236455, -0.3408675586434147, -0.0054914166760477705], [0.21881715405364285, 0.21244813975715557, -0.001222626113235037]]	1.0000000000000007	[[0.0, 0.0, 0.0], [0.0, 0.0, 0.0], [0.0, 0.0, 0.0]]
2	[[0.034229894132735264, 0.2773841392786001, 0.9601491309293217], [-0.1827544195208179, -0.9427759796974285, 0.2788803941677556], [0.9825625356654255, -0.18501754344446375, 0.018422055382213542]]	0.7173513419193848	0.28264865808061534	[[0.02455486048987611, 0.1989818845386573, 0.6887642675148798], [-0.13109912808495694, -0.6763016141653131, 0.20005522499124645], [0.7048425534793064, -0.13272258306851412, 0.013215086149344107]]	0.8521394453316736	0.22729754060463805	[[0.0037046438372572003, 0.1985999951907116, 0.7671132909312074], [-0.18772585104800527, -0.8200634227365342, 0.2376449843999898], [0.782536369107216, -0.1576607468473942, -0.005239157558411037]]	[[-0.025463999162773747, -0.03776997139795843, -0.05106765693459328], [-0.031993601365623514, -0.01668682232514212, 0.0], [-0.054743925038402697, 0.0, -0.02093731761367986]]	0.3808474280437097	[[0.0, 0.0, 0.9056], [0.0, -1.0, 0.0], [0.9056, 0.0, 0.0]]
2	[[0.08740825448676931, -0.06334395238859675, -0.994156597696443], [0.7119981850616444, -0.6940087028176986, 0.10681996481098455], [-0.6967197295301035, -0.717174639895393, -0.015561310176609944]]	0.14397188268100541	0.8560281173189945	[[0.012584330960320616, -0.009119748081842245, -0.14313059705009987], [0.10250771916878387, -0.09991773954166645, 0.015379071441756197], [-0.10030805116144992, -0.10325298311681183, -0.0022403911231096175]]	0.43020631457348363	1.0221201936021964	[[0.057422915232590376, -0.01429486735073466, -0.0011666475333479455], [0.6354428500781082, -0.6360723189232121, 0.037585965681845926], [0.006719094675236226, -0.011786811642910122, 0.021334194502647105]]	[[0.019819332206536172, 0.012956100956881739, 0.4265257984705523], [0.32913673489972906, -0.33750539260208606, -0.008368657702356945], [0.30645232180701637, 0.29674624709205216, 0.02802876840366133]]	0.8430348551428489	[[0.0, 0.0, -0.82011136], [0.0, -1.0, 0.0], [-0.82011136, 0.0, 0.0]]
2	[[-0.42203838922340475, -0.825029846081567, 0.3757783270710803], [0.2588054115689476, 0.28760896992378115, 0.9221175843470338], [-0.8688517462515349, 0.4864224845687207, 0.09214016247897017]]	0.10379310848888618	0.8962068915111139	[[-0.043804676319139625, -0.08563241232091316, 0.03900320066946078], [0.026862218160486617, 0.02985182901767577, 0.09570945047164134], [-0.09018082355944379, 0.05048730171227479, 0.009563513880363344]]	0.3304751263297279	1.1222754043175365	[[-0.22230607061483673, -0.4289010745194334, 0.2694390971857079], [0.1865307425933856, 0.018934988043483054, 0.013212963688050293], [0.14480768091170326, 0.1607505320374681, -0.08669335134829173]]	[[-0.08283288062023726, -0.15624923190983162, 0.14525370707491886], [0.10100199151032033, -0.0761126226256415, -0.29152396148989923], [0.43194157151598395, 0.0, -0.11714338318357105]]	1.0000000000000002	[[0.0, 0.0, 0.0], [0.0, 0.0, 0.0], [0.0, 0.0, 0.0]]
2	[[-0.30792515101507295, 0.09349718223056193, 0.9468053539599837], [0.3027085282091916, -0.9338174967034747, 0.1906631317268273], [0.9019698710720718, 0.34531602882779927, 0.2592434992682147]]	0.5125167454094448	0.4874832545905553	[[-0.157816796227957, 0.04791887154176138, 0.48525359854780814], [0.15514318968545798, -0.4785971042168598, 0.09771804774220579], [0.4622746627792348, 0.1769802472325377, 0.13286663451350123]]	0.7545223233413039	0.3453150529710442	[[-0.07393080199342125, 0.11798088328721003, 0.7269978408167422], [0.31769911388392885, -0.8088161253819292, 0.14385958912605482], [0.6679443373102861, 0.2605486523581438, 0.07393080199342125]]	[[0.15840559836569346, 0.04743517212474117, 0.012612065394869906], [0.08929877188430302, -0.1042299781924632, 0.0], [-0.012612065394869906, 0.0, -0.12167420538556176]]	0.48633625774902306	[[0.0, 0.0, 0.9056], [0.0, -1.0, 0.0], [0.9056, 0.0, 0.0]]
2	[[0.8489524140446696, -0.5135124485683378, 0.12483895166604869], [0.522794976890395, 0.7815435453534784, -0.34040431673891397], [0.0772347773085365, 0.35425224329800037, 0.9319550081910795]]	0.2049592699233597	0.7950407300766402	[[0.1740006669822693, -0.10524913655512333, 0.02558690039147088], [0.10715167678305508, 0.16018459446896316, -0.0697690202375679], [0.015829983569850936, 0.07260728115507055, 0.19101281808026235]]	0.0	0.4601488849467783	[[0.6403559010425374, -0.6403559010425373, 0.0], [0.7071067811865474, 0.7071067811865475, 0.0], [0.0, 0.0, 0.9055999999999998]]	[[0.6403559010425374, -0.6403559010425373, 0.0], [0.7071067811865474, 0.7071067811865475, 0.0], [0.0, 0.0, 0.9055999999999998]]	0.4601488849467784	[[0.6403559010425375, -0.6403559010425374, 0.0], [0.7071067811865475, 0.7071067811865476, 0.0], [0.0, 0.0, 0.9056]]
2	[[0.8592155572171323, 0.2624339665249735, -0.4391776855101157], [-0.4266000482917053, 0.8413623931712975, -0.33184593135155627], [0.2824199444684594, 0.4724804086637203, 0.8348660002631537]]	0.1616753905074737	0.8383246094925264	[[0.13891401074317647, 0.042429114020350364, -0.07100422380701644], [-0.06897072939806859, 0.136027593474272, -0.05365132053957917], [0.0456603548090372, 0.07638845457783774, 0.134977286613958]]	0.0	0.6900550729295207	[[0.6403559010425374, 0.6403559010425373, 0.0], [-0.7071067811865474, 0.7071067811865475, 0.0], [0.0, 0.0, 0.9055999999999998]]	[[0.6403559010425374, 0.6403559010425373, 0.0], [-0.7071067811865474, 0.7071067811865475, 0.0], [0.0, 0.0, 0.9055999999999998]]	0.6900550729295211	[[0.6403559010425375, 0.6403559010425374, 0.0], [-0.7071067811865475, 0.7071067811865476, 0.0], [0.0, 0.0, 0.9056]]
2	[[0.8787972042104137, -0.3840163418041313, 0.28327887866788265], [-0.395223040501579, -0.9183905790867732, -0.018907472103605397], [0.2674214316928388, -0.09534250611366366, -0.9588511794847616]]	0.5309793346443268	0.46902066535567316	[[0.46662315477894, -0.20390474166370598, 0.1504152305138633], [-0.20985526708163627, -0.48764641862711283, -0.010039476957378564], [0.1419952538698968, -0.05062490045955579, -0.5091301613057467]]	0.7823497983978326	0.38096472128887454	[[0.5372763279766097, -0.2302487581055062, 0.22835600567077427], [-0.3515007582865355, -0.8410011672103451, -0.014792256988468328], [0.20248427111755998, -0.07459119043676889, -0.621035028220894]]	[[-0.15025048756998644, 0.07018634948642907, 0.006732832054592195], [-0.04229809222794674, -0.12249848281133939, 0.0], [-0.006732832054592195, 0.0, 0.12912199874253355]]	0.5157618922382693	[[0.9056, 0.0, 0.0], [0.0, -1.0, 0.0], [0.0, 0.0, -0.9056]]
2	[[0.04673222253661188, -0.9725397674033924, -0.22799671093185395], [-0.8377629715199755, -0.16246744520517667, 0.5213036857710898], [-0.5440306084466285, 0.16664552219444034, -0.8223502702654952]]	0.17097761815742998	0.8290223818425699	[[0.007990164100512856, -0.16628253299401302, -0.03898233458285649], [-0.14323871745097627, -0.027778296809303896, 0.08913126252983025], [-0.09301705763694193, 0.028492654461406548, -0.14060349050111323]]	0.450131899475643	0.8576651532563646	[[-0.045621395199186225, -0.5304929358216035, 0.08733544903463453], [-0.3100876480834142, -0.17837561748787212, 0.0], [0.0617554882503622, 0.06175548825036219, -0.46443340647366455]]	[[-0.06665705929630979, -0.0927217630047146, 0.18996404160058905], [0.06701618959723132, -0.10524383777471097, -0.2346554182797944], [0.30664101940333294, -0.013256977194131674, -0.0942673172847489]]	0.8980728399346771	[[0.5799063039841219, -0.5799063039841218, 0.0], [-0.7071067811865475, -0.7071067811865476, 0.0], [0.0, 0.0, -0.82011136]]
2	[[-0.3195682178843842, -0.5708200961323295, -0.7563336379995778], [0.910087742671785, 0.03735879733279218, -0.41272826520656647], [0.2638493031197415, -0.8202248094963509, 0.507557688474819]]	0.11039830970731522	0.8896016902926845	[[-0.035279791090615006, -0.06301757375997635, -0.0834979552099378], [0.10047214847631111, 0.004124348078238384, -0.04556450284723745], [0.029128517081872488, -0.09055143254840177, 0.056033510886572116]]	0.3508675424174737	1.0637795690189615	[[-0.1749123835231035, -0.26306851257173447, 0.17819478566421837], [0.5342637657518363, -0.07321845890892957, -0.14481295209925527], [0.22615972576649157, -0.04872637554961164, 0.08929232665890294]]	[[-0.06278626827927795, -0.06278626827927794, 0.44356771047679744], [0.2149435160963209, -0.0863264483167589, 0.0], [0.1335835692123048, 0.23906388758821354, -0.08879319213135052]]	0.9534057780654618	[[1.6375447427520558e-16, -0.82011136, 0.0], [1.0, 1.7938038903913487e-16, 0.0], [0.0, 0.0, 0.82011136]]
2	[[0.22433838825039393, -0.7661379269479729, -0.6022499185961573], [-0.9416906372873723, -0.011392912655017143, -0.3362869982418849], [0.2507808429735371, 0.642575192824231, -0.724020780340167]]	0.13440183698041278	0.8655981630195873	[[0.030151491486078, -0.10297034476217284, -0.08094349538062753], [-0.1265649515186784, -0.0015312283893917505, -0.045197590316338174], [0.03370540597513984, 0.0863632863136196, -0.09730972288971039]]	0.38955945635569134	0.8516560159505865	[[0.15720642391552883, -0.2960325422561392, 0.09989663013294904], [-0.4522393570539333, -0.2917367431978214, -0.13100378021459602], [0.2634975506649453, 0.04308510981701493, -0.31339048243567713]]	[[0.06981328334899332, 0.0024237320591894568, 0.33450878101152737], [-0.08539486433701995, -0.2872985263376251, 0.0], [0.16580350181175216, -0.20723613296724605, -0.03134134085613827]]	0.969830478022133	[[0.5799063039841219, -0.5799063039841218, 0.0], [-0.7071067811865475, -0.7071067811865476, 0.0], [0.0, 0.0, -0.82011136]]
2	[[-0.5446221603179724, 0.8109226453022452, -0.2139887049042392], [-0.8354447797583356, -0.5021691245819775, 0.22328947644507607], [0.07361197229480154, 0.30038414347728, 0.9509735242804028]]	0.22748165722668168	0.7725183427733182	[[-0.1238915515915079, 0.1844700272359993, -0.048678505219407676], [-0.19004836302080627, -0.11423426466798026, 0.05079426014300401], [0.016745373449346047, 0.06833188276282898, 0.21632903328200404]]	0.5820553745657076	0.5805600122897054	[[-0.3213966189842016, 0.5128942067022134, 0.13091795122011624], [-0.6032257512626916, -0.4140639320388725, 0.1299668398488195], [0.167941560824019, 0.017204381349568625, 0.4956887735927762]]	[[-0.004396363463539393, 0.04089232264700066, 0.25547122700598385], [-0.11695062705148858, -0.12177369413497616, 0.0], [0.12509531671744778, -0.15763582379569882, -0.057830477284324805]]	0.4476291453289344	[[-0.5799063039841219, 0.5799063039841218, 0.0], [-0.7071067811865475, -0.7071067811865476, 0.0], [0.0, 0.0, 0.82011136]]
2	[[-0.8305561570912853, 0.32773595720904825, 0.4502950280316503], [-0.5100865793185324, -0.772219296347621, -0.37879947194723407], [0.22358030216652452, -0.5443036842615101, 0.808545204538665]]	0.17840305851670432	0.8215969414832955	[[-0.14817375869496563, 0.05846909715199393, 0.0803340102357115], [-0.09100100585874965, -0.13776628431403298, -0.06757898435989908], [0.039887409730596915, -0.09710544203416394, 0.14424693743871214]]	0.5050723516137718	0.6768228174089721	[[-0.3575943534000879, 0.13481345732817002, 0.38656076852327104], [-0.3561723917093581, -0.6073081644658439, -0.05436581674893466], [0.3048668206174411, -0.24181266090953546, 0.24931335806336427]]	[[0.06189659800930487, -0.0307169132877945, 0.15912919979533607], [-0.09854176356632213, -0.2172815484980188, 0.13695532333750984], [0.1919425916276768, 0.03310008089246542, -0.1590604697790174]]	0.6894576809283272	[[-0.5799063039841219, 0.5799063039841218, 0.0], [-0.7071067811865475, -0.7071067811865476, 0.0], [0.0, 0.0, 0.82011136]]
