2	[[0.04673222253661188, -0.9725397674033924, -0.22799671093185395], [-0.8377629715199755, -0.16246744520517667, 0.5213036857710898], [-0.5440306084466285, 0.16664552219444034, -0.8223502702654952]]	0.18393677206088416	0.8160632279391157	[[0.008595774164615287, -0.17888582551702314, -0.041936979049303665], [-0.15409541673351865, -0.02988373743601882, 0.09588691722417572], [-0.1000672340199916, 0.030652239430845787, -0.15126045421603085]]	0.48212031475138645	0.8971055041344518	[[-0.0754831101488324, -0.6003099654553203, 0.11754591358553375], [-0.30217879899450617, -0.2033246123367804, 0.004068634984807057], [0.08589183358190496, 0.08034319161229272, -0.5350840240448879]]	[[-0.0980136639872155, -0.13142878668655655, 0.22746775962228005], [0.10172374852176122, -0.12499575651760704, -0.24726246208020858], [0.3481800417605818, 0.0, -0.13861225290859955]]	0.8707339050492934	[[0.6818800396609362, -0.6818800396609361, 0.0], [-0.7071067811865475, -0.7071067811865476, 0.0], [0.0, 0.0, -0.964324]]
2	[[-0.5446221603179724, 0.8109226453022452, -0.2139887049042392], [-0.8354447797583356, -0.5021691245819775, 0.22328947644507607], [0.07361197229480154, 0.30038414347728, 0.9509735242804028]]	0.2515195717871255	0.7484804282128745	[[-0.13698313254895556, 0.20396291649890377, -0.05382234742479579], [-0.21013071325660596, -0.1263053631795746, 0.056161673500036986], [0.018514851749994232, 0.07555249113904793, 0.23918845360790048]]	0.6095095688140127	0.5844484298965901	[[-0.2587314521348829, 0.5470123019374663, 0.1428416368091155], [-0.614827433358017, -0.5154156770556394, 0.13609707250874498], [0.19380616722351188, 0.00820241282351117, 0.505031671180912]]	[[0.07322096596708047, 0.052747190057776144, 0.2732698000663673], [-0.10561584587959608, -0.20933879045996803, 0.0], [0.1489389657305583, -0.1748845969458923, -0.07459579155677831]]	0.3904372512867694	[[-0.6818800396609362, 0.6818800396609361, 0.0], [-0.7071067811865475, -0.7071067811865476, 0.0], [0.0, 0.0, 0.964324]]
2	[[0.08740825448676931, -0.06334395238859675, -0.994156597696443], [0.7119981850616444, -0.6940087028176986, 0.10681996481098455], [-0.6967197295301035, -0.717174639895393, -0.015561310176609944]]	0.1682332048053287	0.8317667951946714	[[0.014704970778748931, -0.010656556115369777, -0.16725015050883446], [0.11978173648849794, -0.11675530823781037, 0.017970665017344362], [-0.1172113929499511, -0.1206525880747095, -0.0026179290819808645]]	0.4676104227272527	1.0284518129296571	[[0.06496232721007789, -0.01591412244059337, 0.0006955332186919412], [0.6348007564084701, -0.6371559669577017, 0.03918284895500734], [0.010758779249613173, -0.013490136586341244, 0.026790807102548927]]	[[0.024089316379668362, 0.013706169913053297, 0.46557352012461295], [0.30186298411075796, -0.3126302640567254, -0.010767279945967394], [0.33655218649760205, 0.3218681999444087, 0.03406743793242334]]	0.7951893795937112	[[0.0, 0.0, -0.964324], [0.0, -1.0, 0.0], [-0.964324, 0.0, 0.0]]
2	[[0.8592155572171323, 0.2624339665249735, -0.4391776855101157], [-0.4266000482917053, 0.8413623931712975, -0.33184593135155627], [0.2824199444684594, 0.4724804086637203, 0.8348660002631537]]	0.17750142948055236	0.8224985705194477	[[0.15251198963797033, 0.0465824042024342, -0.07795466697400598], [-0.07572211838825035, 0.14934302749908385, -0.058903127182206486], [0.05012994385696977, 0.08386594793936591, 0.14818990847142105]]	0.0	0.688772511754572	[[0.6943788591251897, 0.6943788591251896, 0.0], [-0.7071067811865475, 0.7071067811865476, 0.0], [0.0, 0.0, 0.982]]	[[0.6943788591251897, 0.6943788591251896, 0.0], [-0.7071067811865475, 0.7071067811865476, 0.0], [0.0, 0.0, 0.982]]	0.688772511754572	[[0.6943788591251897, 0.6943788591251896, 0.0], [-0.7071067811865475, 0.7071067811865476, 0.0], [0.0, 0.0, 0.982]]
2	[[-0.3195682178843842, -0.5708200961323295, -0.7563336379995778], [0.910087742671785, 0.03735879733279218, -0.41272826520656647], [0.2638493031197415, -0.8202248094963509, 0.507557688474819]]	0.12275231830602576	0.877247681693974	[[-0.03922773960223335, -0.07006949013591193, -0.09284170747727863], [0.11171538027485939, 0.004585878981725158, -0.050663351384530264], [0.0323881136413776, -0.1006844968977954, 0.06230388293433163]]	0.3812251694578382	1.0839883657534113	[[-0.2020692053652536, -0.2978527452269268, 0.1948870188631654], [0.5448607837195846, -0.08014039685579828, -0.1573424028434129], [0.27184307289010534, -0.04159687869227248, 0.08001478428691977]]	[[-0.08024175734893992, -0.0802417573489399, 0.48322043817621774], [0.19791242979803172, -0.0943825106997331, 0.0], [0.17125707759694933, 0.271093463301497, -0.11347898151152179]]	0.9931123484415941	[[1.9254991133272844e-16, -0.964324, 0.0], [1.0, 1.7938038903913487e-16, 0.0], [0.0, 0.0, 0.964324]]
2	[[-0.30792515101507295, 0.09349718223056193, 0.9468053539599837], [0.3027085282091916, -0.9338174967034747, 0.1906631317268273], [0.9019698710720718, 0.34531602882779927, 0.2592434992682147]]	0.620611738598255	0.37938826140174514	[[-0.19110196332959467, 0.05802544881814692, 0.5875985168352417], [0.1878644659804253, -0.5795381001626136, 0.11832777766757441], [0.5597730898492825, 0.21430718101666565, 0.16088955880114225]]	0.8158073220512212	0.27149920558276447	[[-0.12727757906761625, 0.14999517764604173, 0.781401494100951], [0.29213349946633, -0.8145657512029553, 0.1555443789079622], [0.7268428713070939, 0.2817113447393692, 0.12727757906761625]]	[[0.1239300137742082, 0.07371949179119199, 0.008990753783098215], [0.045181665705922906, -0.052750599932718446, 0.0], [-0.008990753783098215, 0.0, -0.08421516582957371]]	0.46908707475608846	[[0.0, 0.0, 0.982], [0.0, -1.0, 0.0], [0.982, 0.0, 0.0]]
2	[[0.22433838825039393, -0.7661379269479729, -0.6022499185961573], [-0.9416906372873723, -0.011392912655017143, -0.3362869982418849], [0.2507808429735371, 0.642575192824231, -0.724020780340167]]	0.15037024183217176	0.8496297581678283	[[0.033733817693451365, -0.11520434535196543, -0.09056046590270987], [-0.14160224885999417, -0.001713155031107777, -0.050567557250647356], [0.03770997600480666, 0.09662418714033402, -0.10887117983126865]]	0.42322287937908776	0.868615638689763	[[0.020773766844427114, -0.3273563741052964, 0.11913926904471889], [-0.4856057207342008, -0.12939144537997033, -0.14232435169368077], [0.300433117561328, 0.03654578480681511, -0.33403567285865754]]	[[-0.07417137178616832, -0.0031092746608501476, 0.37402521369880576], [-0.08706069773711088, -0.12456970408159955, 0.0], [0.19429692710495272, -0.23540673851782848, -0.027613513472797918]]	0.9520575483151342	[[0.6818800396609362, -0.6818800396609361, 0.0], [-0.7071067811865475, -0.7071067811865476, 0.0], [0.0, 0.0, -0.964324]]
2	[[0.8787972042104137, -0.3840163418041313, 0.28327887866788265], [-0.395223040501579, -0.9183905790867732, -0.018907472103605397], [0.2674214316928388, -0.09534250611366366, -0.9588511794847616]]	0.6382541609331321	0.3617458390668679	[[0.5608959722037, -0.2451000280228067, 0.18080392301424802], [-0.25225275009677667, -0.5861666084639219, -0.012067772742853266], [0.17068284150064972, -0.06085275124083842, -0.6119907550217908]]	0.8422703034998561	0.29189890272630364	[[0.6162781694367594, -0.2687194330528273, 0.24537024501124222], [-0.3457575665932006, -0.8498311873948424, -0.01592520226711878], [0.21846827253374757, -0.08030416156079237, -0.7208757865383016]]	[[-0.12390661846837088, 0.054726127707442805, 0.006772857900545756], [-0.01287293631979975, -0.0762980756160172, 0.0], [-0.006772857900545756, 0.0, 0.08673608741752357]]	0.4752005845076678	[[0.6818800396609362, -0.6818800396609361, 0.0], [-0.7071067811865475, -0.7071067811865476, 0.0], [0.0, 0.0, -0.964324]]
2	[[0.034229894132735264, 0.2773841392786001, 0.9601491309293217], [-0.1827544195208179, -0.9427759796974285, 0.2788803941677556], [0.9825625356654255, -0.18501754344446375, 0.018422055382213542]]	0.8254089036540896	0.17459109634591047	[[0.02825365938829657, 0.22895533829298262, 0.7925156415047984], [-0.15084712505461786, -0.778175687793465, 0.23019036040062751], [0.8110158653351811, -0.15271512769126772, 0.015205728536087797]]	0.9184293197498686	0.12667394415739236	[[0.0, 0.2469941679471617, 0.8688840863694988], [-0.17621207868671798, -0.8209172476983335, 0.256131930707067], [0.9008069587204912, -0.16992553656749063, 0.0]]	[[-0.03143773838343807, -0.007763558399885837, -0.012945026808345842], [-0.008365061484931074, 0.04495585401169206, 0.0], [-0.0016072825224116658, 0.0, -0.016919355793080793]]	0.34598522298048	[[0.0, 0.0, 0.982], [0.0, -1.0, 0.0], [0.982, 0.0, 0.0]]
2	[[-0.42203838922340475, -0.825029846081567, 0.3757783270710803], [0.2588054115689476, 0.28760896992378115, 0.9221175843470338], [-0.8688517462515349, 0.4864224845687207, 0.09214016247897017]]	0.11067740022832792	0.8893225997716723	[[-0.0467101117157976, -0.09131215847508536, 0.04159016830237745], [0.028643910117473553, 0.031831813073511454, 0.1020575769403556], [-0.09616225245896273, 0.053835976004669966, 0.010197833639788155]]	0.3546352243649606	1.1500205683260685	[[-0.23760326636527396, -0.4847916592925701, 0.3115996027610053], [0.18296828179615884, 0.008249995517284892, 0.03651073043367815], [0.18985843587951765, 0.17250254695118988, -0.0916807248544115]]	[[-0.0879335875124053, -0.19220701471964466, 0.17833537142866313], [0.0911867665975391, -0.09374627606101046, -0.2905046459821077], [0.49798386985131854, 0.0, -0.12435687204816501]]	1.0000000000000002	[[0.0, 0.0, 0.0], [0.0, 0.0, 0.0], [0.0, 0.0, 0.0]]
2	[[0.8489524140446696, -0.5135124485683378, 0.12483895166604869], [0.522794976890395, 0.7815435453534784, -0.34040431673891397], [0.0772347773085365, 0.35425224329800037, 0.9319550081910795]]	0.2207394117842655	0.7792605882157344	[[0.18739725650905256, -0.11335243584087278, 0.027556876758527915], [0.11540145568255449, 0.1725174624851163, -0.07514064864577268], [0.017048759312375095, 0.07819743180885712, 0.20571920031749918]]	0.0	0.4326401009184499	[[0.6943788591251896, -0.6943788591251895, 0.0], [0.7071067811865474, 0.7071067811865475, 0.0], [0.0, 0.0, 0.9819999999999995]]	[[0.6943788591251895, -0.6943788591251894, 0.0], [0.7071067811865472, 0.7071067811865474, 0.0], [0.0, 0.0, 0.9819999999999997]]	0.4326401009184498	[[0.6943788591251897, -0.6943788591251896, 0.0], [0.7071067811865475, 0.7071067811865476, 0.0], [0.0, 0.0, 0.982]]
2	[[0.3802729664721569, 0.7767473726770865, -0.5020517802076895], [0.4287143634067757, 0.332951791095048, 0.839849450446521], [0.8195098935212374, -0.5346088512602871, -0.20639019011321075]]	0.1289311033154773	0.8710688966845237	[[0.04902901312830469, 0.10014689575665496, -0.0647300899436769], [0.055274615881228076, 0.042927841776748826, 0.10828271626496723], [0.10566031474964246, -0.06892770903520871, -0.026610114924787362]]	0.4283524922466044	0.9437303009065655	[[0.1421144352123774, 0.32270327723042846, 0.13959606994081408], [0.28630540178666297, -0.26159509966728084, 0.3278174903159386], [0.6235906101869748, 0.0, -0.05902543232299014]]	[[-0.020776437709980458, -0.010018395701803497, 0.35465120122962235], [0.10266453575945408, -0.4042158291808155, -0.03193411489476976], [0.2725515048764033, 0.22900103381443826, 0.02938231998725417]]	1.0000000000000007	[[0.0, 0.0, 0.0], [0.0, 0.0, 0.0], [0.0, 0.0, 0.0]]
2	[[-0.8305561570912853, 0.32773595720904825, 0.4502950280316503], [-0.5100865793185324, -0.772219296347621, -0.37879947194723407], [0.22358030216652452, -0.5443036842615101, 0.808545204538665]]	0.19734290121552484	0.8026570987844751	[[-0.16390436166281144, 0.06467636462828066, 0.08886252723469193], [-0.10066196543382208, -0.15239199631585065, -0.074753386772976], [0.04412198548418565, -0.1074144681944654, 0.15956065642756004]]	0.5425637115727924	0.6337720392801451	[[-0.41424254931532395, 0.17208965954976374, 0.4300745475818055], [-0.34984231879648114, -0.5976044921184289, -0.06503532680427947], [0.3484549202314952, -0.2597623377901671, 0.2891793306157917]]	[[0.036387081945759, -0.005727977809439323, 0.1857608058701787], [-0.07308785109794873, -0.1786263245439336, 0.1404875206372257], [0.22714836165345922, 0.03555708936550311, -0.1495079565330889]]	0.6806475690453888	[[-0.6818800396609362, 0.6818800396609361, 0.0], [-0.7071067811865475, -0.7071067811865476, 0.0], [0.0, 0.0, 0.964324]]
2	[[0.5319609947059123, -0.8460851799387872, 0.03402011756955908], [-0.703274286200726, -0.4190807785627857, 0.5742617690636116], [-0.47161719485230363, -0.3294103357928521, -0.8179645788128509]]	0.15884146486975778	0.8411585351302423	[[0.0844974636526606, -0.13439340938606958, 0.005403805309790177], [-0.11170911782535663, -0.06656740476567138, 0.09121658061676262], [-0.07491236608810586, -0.05232402028057543, -0.12992669191020767]]	0.4757181807974806	0.8067315592191976	[[0.22103249209996287, -0.5528962328708676, 0.2379123199231486], [-0.37472047230567584, -0.3960796683663132, 0.010632336695011594], [0.1651635769011992, -0.15670648567926282, -0.3636609499278534]]	[[-0.032031024556751976, -0.15039813027067878, 0.2217283314824416], [-0.04016010827261978, -0.19671532278123288, -0.2625544273854727], [0.3895204508691481, 0.0, 0.025459671461773463]]	0.6556740529945789	[[0.6818800396609362, -0.6818800396609361, 0.0], [-0.7071067811865475, -0.7071067811865476, 0.0], [0.0, 0.0, -0.964324]]
