2	[[0.8592155572171323, 0.2624339665249735, -0.4391776855101157], [-0.4266000482917053, 0.8413623931712975, -0.33184593135155627], [0.2824199444684594, 0.4724804086637203, 0.8348660002631537]]	0.17486469781359676	0.8251353021864033	[[0.150246468769515, 0.045890436252413076, -0.07679667326320115], [-0.07459728853179484, 0.1471245806336235, -0.05802813850646147], [0.04938527824600995, 0.08262014388382616, 0.14598859085086258]]	0.0	0.688491334359837	[[0.6851864709697647, 0.6851864709697646, 0.0], [-0.7071067811865475, 0.7071067811865476, 0.0], [0.0, 0.0, 0.9690000000000001]]	[[0.6851864709697647, 0.6851864709697646, 0.0], [-0.7071067811865475, 0.7071067811865476, 0.0], [0.0, 0.0, 0.9690000000000001]]	0.688491334359837	[[0.6851864709697647, 0.6851864709697646, 0.0], [-0.7071067811865475, 0.7071067811865476, 0.0], [0.0, 0.0, 0.9690000000000001]]
2	[[0.034229894132735264, 0.2773841392786001, 0.9601491309293217], [-0.1827544195208179, -0.9427759796974285, 0.2788803941677556], [0.9825625356654255, -0.18501754344446375, 0.018422055382213542]]	0.8218072748618487	0.1781927251381513	[[0.028130376016032743, 0.22795630359044583, 0.7890575407499982], [-0.1501889114753624, -0.7747801586803535, 0.22918593674340143], [0.8074770398165514, -0.15204876317972846, 0.015139379131010962]]	0.9075480743317506	0.13395812815022487	[[0.0, 0.23764855465215767, 0.8522138909294072], [-0.17882778440277505, -0.8210907453133383, 0.25309736469582617], [0.8810995870701395, -0.16791231527061407, 0.0]]	[[-0.031065274504743574, -0.014090886800305959, -0.019167603916802542], [-0.012969362891039862, 0.034523779587292705, 0.0], [-0.010623150083539543, 0.0, -0.01671890088736076]]	0.3516125051750809	[[0.0, 0.0, 0.9690000000000001], [0.0, -1.0, 0.0], [0.9690000000000001, 0.0, 0.0]]
2	[[0.3802729664721569, 0.7767473726770865, -0.5020517802076895], [0.4287143634067757, 0.332951791095048, 0.839849450446521], [0.8195098935212374, -0.5346088512602871, -0.20639019011321075]]	0.12774918999188323	0.8722508100081171	[[0.0485795634426286, 0.09922884768782125, -0.0641367082555153], [0.05476791266310145, 0.0425343216187391, 0.10729008700967133], [0.10469172508767254, -0.06829584771099287, -0.026366179609233445]]	0.4232863447567336	0.9472575199649924	[[0.1442063775559352, 0.31962214403713135, 0.13343682714795577], [0.28328476806233716, -0.26686418979256393, 0.32788927977832577], [0.6098397673364706, 0.0, -0.06366279161879752]]	[[-0.01675797643186401, -0.009164412142748803, 0.34594849007067974], [0.10181583223117308, -0.40779813642539436, -0.02760752424713359], [0.26295242001588603, 0.22629262652456322, 0.023699357547870767]]	1.0000000000000007	[[0.0, 0.0, 0.0], [0.0, 0.0, 0.0], [0.0, 0.0, 0.0]]
2	[[0.04673222253661188, -0.9725397674033924, -0.22799671093185395], [-0.8377629715199755, -0.16246744520517667, 0.5213036857710898], [-0.5440306084466285, 0.16664552219444034, -0.8223502702654952]]	0.18182640127109265	0.8181735987289073	[[0.008497151847231987, -0.17683340599998432, -0.04145582145038453], [-0.152327426229654, -0.029540870885365687, 0.09478677315311376], [-0.09891912771517337, 0.030300555588557085, -0.14952499022668542]]	0.47727845809904995	0.8936486919691861	[[0.12901348874527047, -0.5903543294432073, 0.11321017269599006], [-0.3012959497631945, -0.41255394382919197, 0.0007762124794788793], [0.08056704374319587, 0.07953631788207349, -0.5230385246688334]]	[[0.10670920562945467, -0.12618204881690745, 0.2220280913412001], [0.09855026953633751, -0.3350117320903734, -0.24803080686669848], [0.34022113370129076, 0.0, -0.13054845565918086]]	0.8746944692269208	[[0.663945690369702, -0.6639456903697019, 0.0], [-0.7071067811865475, -0.7071067811865476, 0.0], [0.0, 0.0, -0.9389610000000002]]
2	[[-0.30792515101507295, 0.09349718223056193, 0.9468053539599837], [0.3027085282091916, -0.9338174967034747, 0.1906631317268273], [0.9019698710720718, 0.34531602882779927, 0.2592434992682147]]	0.6007027860750563	0.3992972139249437	[[-0.1849714961173368, 0.0561640178560658, 0.568748613994542], [0.18183785626394117, -0.5609467719554121, 0.11453187443010063], [0.5418158145087529, 0.2074323005932335, 0.1557282922822634]]	0.8055985409990435	0.2836655565361821	[[-0.11771991219428686, 0.1442224760365237, 0.7724300846389903], [0.29627012091797067, -0.813658547582176, 0.15359794074144048], [0.7169405392820116, 0.2781860890072587, 0.11771991219428686]]	[[0.130344140200366, 0.06890128244406134, 0.00968507287874468], [0.05240857224467818, -0.06137653467847778, 0.0], [-0.00968507287874468, 0.0, -0.09112627257967346]]	0.47143325615217996	[[0.0, 0.0, 0.9690000000000001], [0.0, -1.0, 0.0], [0.9690000000000001, 0.0, 0.0]]
2	[[-0.42203838922340475, -0.825029846081567, 0.3757783270710803], [0.2588054115689476, 0.28760896992378115, 0.9221175843470338], [-0.8688517462515349, 0.4864224845687207, 0.09214016247897017]]	0.10956214683427179	0.8904378531657283	[[-0.04623943196979422, -0.09039204113904532, 0.04117108024769871], [0.028355276503821206, 0.031511056193642965, 0.10102918217469373], [-0.09519326260002414, 0.05329349167780949, 0.010095074010854611]]	0.35069687374600095	1.1445620118588222	[[-0.2351306848714296, -0.47514079647534174, 0.3042325063066672], [0.18354900045323205, 0.009991761915242654, 0.03271294890360259], [0.18175599373227758, 0.17058684465801274, -0.09089746091131326]]	[[-0.0871231411699837, -0.1858054087073918, 0.17244822178133704], [0.09278675170745501, -0.09087180469833506, -0.2906708051531165], [0.4864595848914446, 0.0, -0.1232107278391367]]	1.0000000000000002	[[0.0, 0.0, 0.0], [0.0, 0.0, 0.0], [0.0, 0.0, 0.0]]
2	[[0.8489524140446696, -0.5135124485683378, 0.12483895166604869], [0.522794976890395, 0.7815435453534784, -0.34040431673891397], [0.0772347773085365, 0.35425224329800037, 0.9319550081910795]]	0.21822051768296258	0.7817794823170374	[[0.1852588352810286, -0.11205895236322838, 0.027242420659563504], [0.11408459049907443, 0.17054883705881413, -0.07428320622028098], [0.01685421308739718, 0.07730510792284045, 0.20337170434468693]]	0.0	0.4369226689061182	[[0.6851864709697647, -0.6851864709697646, 0.0], [0.7071067811865475, 0.7071067811865476, 0.0], [0.0, 0.0, 0.9690000000000001]]	[[0.6851864709697647, -0.6851864709697646, 0.0], [0.7071067811865475, 0.7071067811865476, 0.0], [0.0, 0.0, 0.9690000000000001]]	0.4369226689061182	[[0.6851864709697647, -0.6851864709697646, 0.0], [0.7071067811865475, 0.7071067811865476, 0.0], [0.0, 0.0, 0.9690000000000001]]
2	[[0.08740825448676931, -0.06334395238859675, -0.994156597696443], [0.7119981850616444, -0.6940087028176986, 0.10681996481098455], [-0.6967197295301035, -0.717174639895393, -0.015561310176609944]]	0.16398814778052412	0.8360118522194758	[[0.014333917754013967, -0.01038765742530368, -0.16302989906002746], [0.11675926359135397, -0.11380920171863862, 0.017517208175334118], [-0.11425377796778943, -0.11760814083160988, -0.0025518704329004736]]	0.46144749066728813	1.0273071477427538	[[0.06366413959311454, -0.01563905543502904, 0.0003455726027370154], [0.6349065517303595, -0.6369774184093439, 0.03891973659633996], [0.010017266359274005, -0.013194580556085175, 0.025812620172983067]]	[[0.023329819896587056, 0.013590852443637086, 0.4590966399400893], [0.3063567758740002, -0.31672884399285706, -0.010372068118856872], [0.33151683724933195, 0.3177438573938599, 0.03299334770547509]]	0.8031578836571467	[[0.0, 0.0, -0.9389610000000002], [0.0, -1.0, 0.0], [-0.9389610000000002, 0.0, 0.0]]
2	[[-0.8305561570912853, 0.32773595720904825, 0.4502950280316503], [-0.5100865793185324, -0.772219296347621, -0.37879947194723407], [0.22358030216652452, -0.5443036842615101, 0.808545204538665]]	0.19415266568489023	0.8058473343151097	[[-0.16125469190027147, 0.06363080973292584, 0.0874259800369973], [-0.09903466910478026, -0.14992843487920082, -0.07354492723858429], [0.04340871166026401, -0.10567801124147902, 0.1569812067879166]]	0.5364193290919688	0.6410562546988282	[[-0.40416924363865775, 0.16535806517797527, 0.42262725152179453], [-0.3509009215538744, -0.5993141167763889, -0.06329131162602368], [0.3408645890572378, -0.25682060187334926, 0.2821422361637915]]	[[0.041357132921453356, -0.010445837107416586, 0.18108029469160736], [-0.07728062089700995, -0.18508075991772582, 0.13990404697630363], [0.22093179337089108, 0.0351544152604968, -0.1515770399953678]]	0.6803749369725082	[[-0.663945690369702, 0.6639456903697019, 0.0], [-0.7071067811865475, -0.7071067811865476, 0.0], [0.0, 0.0, 0.9389610000000002]]
2	[[0.8787972042104137, -0.3840163418041313, 0.28327887866788265], [-0.395223040501579, -0.9183905790867732, -0.018907472103605397], [0.2674214316928388, -0.09534250611366366, -0.9588511794847616]]	0.6179398865643978	0.38206011343560226	[[0.543043844682893, -0.23729901469331985, 0.17504931815012123], [-0.24422408081518204, -0.5675101702626922, -0.011683681166921435], [0.16525036916516164, -0.05891593741264273, -0.5925123890829527]]	0.8323520914048694	0.30736692458110587	[[0.6025285770558919, -0.2619204449572427, 0.24256353838433917], [-0.3466304207790362, -0.8483760977163924, -0.01573767394861518], [0.215813016681718, -0.0793585343634895, -0.7034199050322338]]	[[-0.12894011378939804, 0.05771636027707325, 0.00677577127430076], [-0.017665696446155465, -0.08395177848698777, 0.0], [-0.00677577127430076, 0.0, 0.09468187955793335]]	0.48116148988156726	[[0.663945690369702, -0.6639456903697019, 0.0], [-0.7071067811865475, -0.7071067811865476, 0.0], [0.0, 0.0, -0.9389610000000002]]
2	[[-0.5446221603179724, 0.8109226453022452, -0.2139887049042392], [-0.8354447797583356, -0.5021691245819775, 0.22328947644507607], [0.07361197229480154, 0.30038414347728, 0.9509735242804028]]	0.24746362951814266	0.7525363704818574	[[-0.13477417650829718, 0.200673861064947, -0.0529544215914898], [-0.20674219746098305, -0.12426859420100443, 0.05525602427430434], [0.018216285840060548, 0.07433415039458623, 0.23533135989408804]]	0.6051251486264501	0.5838608897596206	[[-0.25819897418406673, 0.5413442840162174, 0.1408103808560913], [-0.612974650911431, -0.5122869244353808, 0.1351180776205489], [0.1892790404920049, 0.00985690983760023, 0.5038498603521979]]	[[0.07136559152360462, 0.05063459775314211, 0.2703003277156506], [-0.10742600439097606, -0.20841175828709735, 0.0], [0.14473458481642695, -0.17191308962911772, -0.07160813486779982]]	0.3986921171049856	[[-0.663945690369702, 0.6639456903697019, 0.0], [-0.7071067811865475, -0.7071067811865476, 0.0], [0.0, 0.0, 0.9389610000000002]]
2	[[0.22433838825039393, -0.7661379269479729, -0.6022499185961573], [-0.9416906372873723, -0.011392912655017143, -0.3362869982418849], [0.2507808429735371, 0.642575192824231, -0.724020780340167]]	0.14770859201024594	0.8522914079897541	[[0.03313670746231358, -0.11316515447513376, -0.08895748751412369], [-0.13909579814294898, -0.0016828310871682683, -0.04967247902166087], [0.03704248521876374, 0.09491387699277946, -0.10694409005020565]]	0.4176785469636764	0.8686105152619578	[[0.020210939361464956, -0.3220712111176839, 0.11573692524913991], [-0.4801103136982516, -0.12808902507983513, -0.14045986478844688], [0.29403865331704326, 0.03784826706976992, -0.3307768298362044]]	[[-0.07349039267113268, -0.0020718350162913513, 0.3672837961573753], [-0.08678633662676338, -0.12333044987640353, 0.0], [0.18929287521753047, -0.2305416057839591, -0.028368882332216128]]	0.9543085233935671	[[0.663945690369702, -0.6639456903697019, 0.0], [-0.7071067811865475, -0.7071067811865476, 0.0], [0.0, 0.0, -0.9389610000000002]]
2	[[-0.3195682178843842, -0.5708200961323295, -0.7563336379995778], [0.910087742671785, 0.03735879733279218, -0.41272826520656647], [0.2638493031197415, -0.8202248094963509, 0.507557688474819]]	0.12067704958242452	0.8793229504175755	[[-0.038564549674600865, -0.06888488504360547, -0.09127211193373053], [0.10982670364675977, 0.004508349438069093, -0.04980682932440088], [0.03184055543486922, -0.09898231000432585, 0.061250564338016546]]	0.37622488498849666	1.080121424597414	[[-0.19733199601911186, -0.29185920501608886, 0.1921095968889866], [0.5431153210622098, -0.07900026627947054, -0.15527864410884218], [0.26374470995589666, -0.04302044541025444, 0.08191646006345865]]	[[-0.07710247999958066, -0.07710247999958064, 0.47666113285830897], [0.20071766474607688, -0.09305557550930894, 0.0], [0.16447803623537688, 0.26556853920722173, -0.10903937290800728]]	0.9847898288858433	[[1.8748559332225484e-16, -0.9389610000000002, 0.0], [1.0, 1.7938038903913487e-16, 0.0], [0.0, 0.0, 0.9389610000000002]]
2	[[0.5319609947059123, -0.8460851799387872, 0.03402011756955908], [-0.703274286200726, -0.4190807785627857, 0.5742617690636116], [-0.47161719485230363, -0.3294103357928521, -0.8179645788128509]]	0.15645005359579725	0.8435499464042029	[[0.08322532613261358, -0.132370071748033, 0.005322449217092823], [-0.11002729976864963, -0.06556521026711623, 0.08984328454801938], [-0.07378453541134244, -0.051536264689801284, -0.12797060219473427]]	0.4710177734224471	0.8080134048693791	[[0.21966715823640612, -0.5401981358985437, 0.23463466135491928], [-0.3778880003611823, -0.3973119106100026, 0.007158469511075652], [0.15617737693432673, -0.15515812290748987, -0.35428650458314015]]	[[-0.030895925037562867, -0.14167697831804554, 0.2186105813257357], [-0.04663331196965546, -0.1999174154072137, -0.26332903031490223], [0.37831745796139926, 0.0, 0.03098935006771865]]	0.6646696473782726	[[0.663945690369702, -0.6639456903697019, 0.0], [-0.7071067811865475, -0.7071067811865476, 0.0], [0.0, 0.0, -0.9389610000000002]]
