2	[[-0.5446221603179724, 0.8109226453022452, -0.2139887049042392], [-0.8354447797583356, -0.5021691245819775, 0.22328947644507607], [0.07361197229480154, 0.30038414347728, 0.9509735242804028]]	0.22576595943738262	0.7742340405626174	[[-0.12295714455504697, 0.18307872904616174, -0.04831136527146848], [-0.1886149922590934, -0.11337269421108064, 0.05041116288189344], [0.01661907755121389, 0.06781651435192451, 0.21469745010871416]]	0.5799534055175939	0.5808725463198801	[[-0.316101316666232, 0.5104033673695556, 0.13007531171037703], [-0.6023374943919976, -0.41758530934816196, 0.12949749228056245], [0.1661806328178545, 0.01777363713286856, 0.49480185991932235]]	[[-0.0002458400694749282, 0.040106017615182614, 0.25417878986189], [-0.11781844924925475, -0.12635061540105533, 0.0], [0.1234891187986176, -0.1564351698402655, -0.05671847404416552]]	0.45231224549680765	[[-0.5730110794866018, 0.5730110794866017, 0.0], [-0.7071067811865475, -0.7071067811865476, 0.0], [0.0, 0.0, 0.8103600399999998]]
2	[[0.034229894132735264, 0.2773841392786001, 0.9601491309293217], [-0.1827544195208179, -0.9427759796974285, 0.2788803941677556], [0.9825625356654255, -0.18501754344446375, 0.018422055382213542]]	0.707152855485598	0.2928471445144021	[[0.024205767378933457, 0.19615298615727692, 0.678972199628685], [-0.1292353096167593, -0.6666867261262689, 0.1972110670746775], [0.6948219027889754, -0.13083568416168323, 0.01302720906744613]]	0.8470219067507652	0.23748978720936664	[[0.005514241445893166, 0.19693570991470127, 0.757665102632249], [-0.18658332533867175, -0.8192328561714656, 0.23621780322337732], [0.7720414430600693, -0.15671391243067218, -0.007798315038981941]]	[[-0.023479228750293082, -0.038014732639478375, -0.05560224501259484], [-0.03178632844901931, -0.020680948209329045, 0.0], [-0.06021054940112621, 0.0, -0.023402199515092648]]	0.3834761267999357	[[0.0, 0.0, 0.9001999999999999], [0.0, -1.0, 0.0], [0.9001999999999999, 0.0, 0.0]]
2	[[-0.30792515101507295, 0.09349718223056193, 0.9468053539599837], [0.3027085282091916, -0.9338174967034747, 0.1906631317268273], [0.9019698710720718, 0.34531602882779927, 0.2592434992682147]]	0.5056198958547451	0.494380104145255	[[-0.15569308278729777, 0.047274035542128834, 0.478723624463962], [0.1530554545074746, -0.4721567054305496, 0.09640307280705795], [0.45605391227557873, 0.174598654532886, 0.13107867110101437]]	0.7500679745851989	0.3506719403169797	[[-0.0704230319902098, 0.11588983975602159, 0.7229948023426405], [0.31962397150613653, -0.8083706065780716, 0.14301030904241233], [0.6637122861604488, 0.25901049433467155, 0.0704230319902098]]	[[0.16054176235550743, 0.04576059765092077, 0.01282642817145321], [0.09257199886260159, -0.10794400819347567, 0.0], [-0.01282642817145321, 0.0, -0.12402721443027953]]	0.4878542009378184	[[0.0, 0.0, 0.9001999999999999], [0.0, -1.0, 0.0], [0.9001999999999999, 0.0, 0.0]]
2	[[0.3802729664721569, 0.7767473726770865, -0.5020517802076895], [0.4287143634067757, 0.332951791095048, 0.839849450446521], [0.8195098935212374, -0.5346088512602871, -0.20639019011321075]]	0.12062643506417095	0.8793735649358294	[[0.04587097229681329, 0.09369626651149796, -0.06056071646407429], [0.051714285318564826, 0.04016278760802622, 0.10130804519796693], [0.09885455695528522, -0.06448795988128007, -0.02489611286557311]]	0.3950919207154533	0.9015599556724843	[[0.19877971891800505, 0.32590522471031047, 0.10321277478884336], [0.23674449488129637, -0.2098046560997256, 0.3282888067459646], [0.5390456028511159, 0.0, -0.08467334175982523]]	[[0.048536942198357386, 0.019018613328638447, 0.30156937692971203], [0.0673629136046105, -0.3413512187491185, -0.0035289257427693196], [0.21526386497449365, 0.211219637875909, -0.003130245131169246]]	1.0000000000000007	[[0.0, 0.0, 0.0], [0.0, 0.0, 0.0], [0.0, 0.0, 0.0]]
2	[[0.8787972042104137, -0.3840163418041313, 0.28327887866788265], [-0.395223040501579, -0.9183905790867732, -0.018907472103605397], [0.2674214316928388, -0.09534250611366366, -0.9588511794847616]]	0.5243865154170525	0.47561348458294744	[[0.4608294036741469, -0.20137299134187223, 0.148547624075901], [-0.20724963302115568, -0.4815916355591621, -0.009914823411754764], [0.14023219271324705, -0.04999632455207311, -0.5028086288135452]]	0.7779640295323578	0.3870879144296003	[[0.5318570800364492, -0.22766340060804927, 0.22710557289884703], [-0.35196623427614604, -0.8403511205111354, -0.0147093331859915], [0.20131945961409978, -0.07417304024189923, -0.6142292310914217]]	[[-0.15181553409285448, 0.07108750006816789, 0.006724794968973194], [-0.04449692512350738, -0.12587628492023384, 0.0], [-0.006724794968973194, 0.0, 0.13172249622239746]]	0.5173336481428186	[[0.9001999999999999, 0.0, 0.0], [0.0, -1.0, 0.0], [0.0, 0.0, -0.9001999999999999]]
2	[[0.8489524140446696, -0.5135124485683378, 0.12483895166604869], [0.522794976890395, 0.7815435453534784, -0.34040431673891397], [0.0772347773085365, 0.35425224329800037, 0.9319550081910795]]	0.20375526060969718	0.7962447393903028	[[0.17297852036890318, -0.10463086278436541, 0.025436593130957197], [0.10652222676174306, 0.15924360876132482, -0.06935917026980333], [0.01573699217863278, 0.07218075815475392, 0.18989073557048589]]	0.0	0.4622967892523917	[[0.63653752442413, -0.6365375244241299, 0.0], [0.7071067811865475, 0.7071067811865476, 0.0], [0.0, 0.0, 0.9001999999999999]]	[[0.63653752442413, -0.6365375244241299, 0.0], [0.7071067811865475, 0.7071067811865476, 0.0], [0.0, 0.0, 0.9001999999999999]]	0.4622967892523917	[[0.63653752442413, -0.6365375244241299, 0.0], [0.7071067811865475, 0.7071067811865476, 0.0], [0.0, 0.0, 0.9001999999999999]]
2	[[-0.42203838922340475, -0.825029846081567, 0.3757783270710803], [0.2588054115689476, 0.28760896992378115, 0.9221175843470338], [-0.8688517462515349, 0.4864224845687207, 0.09214016247897017]]	0.10327580058508198	0.8967241994149181	[[-0.043586352524685554, -0.08520561786066076, 0.03880880757078861], [0.026728336075534695, 0.029703046624329328, 0.09523243175702178], [-0.08973135968387377, 0.05023567151641932, 0.009515849046055205]]	0.32867340992675287	1.1207208611243462	[[-0.22115392640567325, -0.4250252111003975, 0.26656246797481653], [0.1867964097295022, 0.019731811229880762, 0.011475554823356542], [0.14185841222210568, 0.1598741366682448, -0.0863053426082403]]	[[-0.08244112989962271, -0.15385983829742472, 0.14305412383979396], [0.10173395260163953, -0.07479760964048929, -0.2915999759774032], [0.42742687838341153, 0.0, -0.11658936400140851]]	1.0000000000000002	[[0.0, 0.0, 0.0], [0.0, 0.0, 0.0], [0.0, 0.0, 0.0]]
2	[[0.8592155572171323, 0.2624339665249735, -0.4391776855101157], [-0.4266000482917053, 0.8413623931712975, -0.33184593135155627], [0.2824199444684594, 0.4724804086637203, 0.8348660002631537]]	0.16052741418340186	0.8394725858165981	[[0.137927651626217, 0.04212784604014744, -0.07050005822199011], [-0.0684810026427818, 0.13506172936694716, -0.05327036926714802], [0.04533614339934172, 0.075846058255104, 0.13401888021188335]]	0.0	0.6904076400516896	[[0.6365375244241301, 0.63653752442413, 0.0], [-0.7071067811865476, 0.7071067811865477, 0.0], [0.0, 0.0, 0.9002000000000001]]	[[0.6365375244241301, 0.63653752442413, 0.0], [-0.7071067811865476, 0.7071067811865477, 0.0], [0.0, 0.0, 0.9002000000000001]]	0.6904076400516895	[[0.63653752442413, 0.6365375244241299, 0.0], [-0.7071067811865475, 0.7071067811865476, 0.0], [0.0, 0.0, 0.9001999999999999]]
2	[[0.5319609947059123, -0.8460851799387872, 0.03402011756955908], [-0.703274286200726, -0.4190807785627857, 0.5742617690636116], [-0.47161719485230363, -0.3294103357928521, -0.8179645788128509]]	0.14425003330731048	0.8557499666926897	[[0.07673539120451786, -0.12204781538699186, 0.004907403092527525], [-0.10144733920862972, -0.060452416266135484, 0.08283727931454102], [-0.06803079606574514, -0.04751745190989124, -0.11799141773795395]]	0.4422403097796921	0.8332429342570651	[[0.21014340867925482, -0.46273126508340956, 0.215886573862342], [-0.3813562730653792, -0.3970678497554246, 0.0], [0.11162450993126502, -0.13565953273482317, -0.30511855301493646]]	[[-0.025111186410200978, -0.08855829300727387, 0.20084150652963867], [-0.07034003487587828, -0.2117334364211037, -0.2539617026453256], [0.3201926442801772, 0.010018996210840129, 0.05661835570807402]]	0.7140086054303477	[[0.5730110794866018, -0.5730110794866017, 0.0], [-0.7071067811865475, -0.7071067811865476, 0.0], [0.0, 0.0, -0.8103600399999998]]
2	[[0.08740825448676931, -0.06334395238859675, -0.994156597696443], [0.7119981850616444, -0.6940087028176986, 0.10681996481098455], [-0.6967197295301035, -0.717174639895393, -0.015561310176609944]]	0.14232048238869108	0.8576795176113089	[[0.012439984943310483, -0.009015141860351367, -0.1414888465540577], [0.10133192515784578, -0.09877165336696467, 0.015202668920642324], [-0.09915748799644271, -0.10206864070684814, -0.002214693170935162]]	0.4274550609700277	1.0217085691269803	[[0.056898263940163334, -0.014180183565096725, -0.001280559731237644], [0.6354900791823307, -0.6359926113534579, 0.0374685071705636], [0.006462536813655478, -0.01166949227603297, 0.02097513193507526]]	[[0.01953516318923766, 0.012896509465253444, 0.4236767093508508], [0.3311428515762564, -0.33933507897678844, -0.008192227400532008], [0.30427891127896706, 0.2948904371466099, 0.02762689272539155]]	0.846497446413873	[[0.0, 0.0, -0.8103600399999998], [0.0, -1.0, 0.0], [-0.8103600399999998, 0.0, 0.0]]
2	[[0.04673222253661188, -0.9725397674033924, -0.22799671093185395], [-0.8377629715199755, -0.16246744520517667, 0.5213036857710898], [-0.5440306084466285, 0.16664552219444034, -0.8223502702654952]]	0.17001048179024641	0.8299895182097533	[[0.007944967668578398, -0.16534195441642496, -0.03876183067211604], [-0.14242848641413958, -0.02762116863456257, 0.0886270907769742], [-0.0924909058506523, 0.028331485516464007, -0.1398081656481762]]	0.44772418342163767	0.8548467219905935	[[-0.0436857240157106, -0.5254442717180612, 0.08525895213808406], [-0.31090896568891396, -0.1764033047627215, 0.0], [0.06028718321369854, 0.060287183213698525, -0.45955684371403904]]	[[-0.06460887019039338, -0.090014698512308, 0.1873385933628675], [0.06417777663575178, -0.10366270052563414, -0.23340026702655117], [0.30386284313684203, -0.014324047131679674, -0.09137074047285709]]	0.9003250373025038	[[0.5730110794866018, -0.5730110794866017, 0.0], [-0.7071067811865475, -0.7071067811865476, 0.0], [0.0, 0.0, -0.8103600399999998]]
2	[[0.22433838825039393, -0.7661379269479729, -0.6022499185961573], [-0.9416906372873723, -0.011392912655017143, -0.3362869982418849], [0.2507808429735371, 0.642575192824231, -0.724020780340167]]	0.13324681150414236	0.8667531884958576	[[0.02989237493234334, -0.10208543593821089, -0.08024788138156733], [-0.12547727484184612, -0.0015180692850262495, -0.04480917026603028], [0.0334157477125448, 0.08562109559548824, -0.0964734604430683]]	0.3870820502174307	0.8702448758772225	[[0.01736448484221708, -0.2937947879759654, 0.09860516729657987], [-0.44978381252610916, -0.12090159555909352, -0.1301706607409343], [0.26094578180684075, 0.04344577763790528, -0.311795508050893]]	[[-0.06947287842421938, 0.00276345153638817, 0.3317253005300612], [-0.0852722699743541, -0.11649160357064135, 0.0], [0.16387301895338846, -0.20528354541935895, -0.03154005999679703]]	0.971449805865739	[[0.5730110794866018, -0.5730110794866017, 0.0], [-0.7071067811865475, -0.7071067811865476, 0.0], [0.0, 0.0, -0.8103600399999998]]
2	[[-0.8305561570912853, 0.32773595720904825, 0.4502950280316503], [-0.5100865793185324, -0.772219296347621, -0.37879947194723407], [0.22358030216652452, -0.5443036842615101, 0.808545204538665]]	0.17704828119674088	0.8229517188032588	[[-0.14704854005038234, 0.05802508791023062, 0.07972396074444191], [-0.0903099521298712, -0.13672009912530303, -0.06706579542649085], [0.03958450820803114, -0.0963680317475539, 0.14315153873343794]]	0.5022948865585656	0.6798763350367399	[[-0.3538183605617009, 0.13238591977638775, 0.38350732846641394], [-0.3566290542426609, -0.6079569896011059, -0.0535726710514898], [0.3018783666635328, -0.24048289852314314, 0.2466299110146452]]	[[0.06336575014498445, -0.032234175671094045, 0.1573264384433701], [-0.100415173748812, -0.22007518574384224, 0.13669636673869068], [0.1895751241500685, 0.03291805881640137, -0.15949821077657578]]	0.6909240613842413	[[-0.5730110794866018, 0.5730110794866017, 0.0], [-0.7071067811865475, -0.7071067811865476, 0.0], [0.0, 0.0, 0.8103600399999998]]
2	[[-0.3195682178843842, -0.5708200961323295, -0.7563336379995778], [0.910087742671785, 0.03735879733279218, -0.41272826520656647], [0.2638493031197415, -0.8202248094963509, 0.507557688474819]]	0.10951198773253941	0.8904880122674605	[[-0.03499655075666415, -0.06251164336513064, -0.08282760008631668], [0.099665517711007, 0.004091236155211165, -0.04519869271617379], [0.028894661646488212, -0.08982444927548885, 0.055583651353810444]]	0.3486336584669908	1.0625679481023078	[[-0.17305528844022822, -0.2606501499505124, 0.17698145187121783], [0.5334839779136876, -0.0727091040089176, -0.14389096505169968], [0.22310491382028805, -0.049117710595049525, 0.08977525434534168]]	[[-0.06164305150941901, -0.061643051509419, 0.44066481510865924], [0.21619675866005794, -0.08573363819897581, 0.0], [0.13111816598968656, 0.23684026550505383, -0.08717643947068365]]	0.9514023930893141	[[1.6180739445413186e-16, -0.8103600399999998, 0.0], [1.0, 1.7938038903913487e-16, 0.0], [0.0, 0.0, 0.8103600399999998]]
