2	[[-0.5446221603179724, 0.8109226453022452, -0.2139887049042392], [-0.8354447797583356, -0.5021691245819775, 0.22328947644507607], [0.07361197229480154, 0.30038414347728, 0.9509735242804028]]	0.24733859027540575	0.7526614097245944	[[-0.13470607736579326, 0.2005724639114602, -0.052927664605874315], [-0.20663773407837355, -0.12420580335394085, 0.055228104327258526], [0.01820708145478845, 0.07429659058875565, 0.23521245088474918]]	0.6049884587748432	0.5838466727134223	[[-0.25818112956160555, 0.5411690515728188, 0.14074790822363736], [-0.6129168880723669, -0.5121895021001892, 0.13508755621514823], [0.18914056826505865, 0.009907032420452995, 0.5038109296649887]]	[[0.07130899182379015, 0.05057021020579465, 0.2702086049988778], [-0.10748243837488296, -0.20838297737502642, 0.0], [0.14460617459905017, -0.171821907582268, -0.0715170771250931]]	0.3989577460981327	[[-0.6633976543300109, 0.6633976543300109, 0.0], [-0.7071067811865475, -0.7071067811865476, 0.0], [0.0, 0.0, 0.9381859599999998]]
2	[[0.3802729664721569, 0.7767473726770865, -0.5020517802076895], [0.4287143634067757, 0.332951791095048, 0.839849450446521], [0.8195098935212374, -0.5346088512602871, -0.20639019011321075]]	0.12771201029710696	0.8722879897028935	[[0.04856542500980351, 0.09919996845758687, -0.06411804212356534], [0.054751973193923775, 0.04252194257277099, 0.10725886166344573], [0.10466125595996534, -0.06827597111707832, -0.026358506084960237]]	0.423129161229657	0.9473708703414704	[[0.14426807194603933, 0.3195259221167964, 0.1332495656333033], [0.2831910491440179, -0.2670276698673216, 0.3278915071356871], [0.6094185561817318, 0.0, -0.06380213081077374]]	[[-0.016636509395637912, -0.009138542171398898, 0.3456823142864391], [0.10178950014860255, -0.40790928196328113, -0.027473286390937695], [0.2626600223166851, 0.22620859481971575, 0.02352757721785856]]	1.0000000000000007	[[0.0, 0.0, 0.0], [0.0, 0.0, 0.0], [0.0, 0.0, 0.0]]
2	[[-0.30792515101507295, 0.09349718223056193, 0.9468053539599837], [0.3027085282091916, -0.9338174967034747, 0.1906631317268273], [0.9019698710720718, 0.34531602882779927, 0.2592434992682147]]	0.6001009005519569	0.3998990994480432	[[-0.1847861604267426, 0.05610774325563062, 0.5681787455588005], [0.1816556603830933, -0.5603847207229292, 0.11441711705132544], [0.5412729319010827, 0.20722445987458785, 0.15557225737309624]]	0.8052830572543521	0.2840435559934977	[[-0.11742889711918877, 0.14404699855342148, 0.7721522354072984], [0.2963987517073718, -0.8136301823738544, 0.15353778962266873], [0.7166351299826178, 0.2780771474133822, 0.11742889711918877]]	[[0.13053800989573724, 0.0687553018021273, 0.009705925345613849], [0.05263270265410869, -0.06164277371087458, 0.0], [-0.009705925345613849, 0.0, -0.09133550054483555]]	0.4715094769599681	[[0.0, 0.0, 0.9685999999999999], [0.0, -1.0, 0.0], [0.9685999999999999, 0.0, 0.0]]
2	[[-0.42203838922340475, -0.825029846081567, 0.3757783270710803], [0.2588054115689476, 0.28760896992378115, 0.9221175843470338], [-0.8688517462515349, 0.4864224845687207, 0.09214016247897017]]	0.1095274734555705	0.8904725265444298	[[-0.04622479847289821, -0.09036343456675223, 0.04115805074345645], [0.02834630284577592, 0.03150108381891094, 0.10099720924248454], [-0.09516313657439107, 0.05327662576679321, 0.010091879200107373]]	0.3505745895075674	1.1443987200910468	[[-0.23505377083898346, -0.4748447724849011, 0.3040070856390121], [0.18356703153923606, 0.010045843077157869, 0.03259502928011693], [0.18150951729196857, 0.17052736285493036, -0.09087294097597766]]	[[-0.0870978357805534, -0.18561027286336418, 0.17226875288022775], [0.09283643061611517, -0.090782553492566, -0.29067596433005416], [0.4861068615770336, 0.0, -0.12317494061420324]]	1.0000000000000002	[[0.0, 0.0, 0.0], [0.0, 0.0, 0.0], [0.0, 0.0, 0.0]]
2	[[-0.3195682178843842, -0.5708200961323295, -0.7563336379995778], [0.910087742671785, 0.03735879733279218, -0.41272826520656647], [0.2638493031197415, -0.8202248094963509, 0.507557688474819]]	0.12061300741901347	0.8793869925809863	[[-0.03854408383457016, -0.06884832848973063, -0.09122367469129253], [0.10976841965882518, 0.00450595689986551, -0.04978039731339616], [0.03182365795468292, -0.09892978103304229, 0.06121805924559065]]	0.3760699536316546	1.0800053668308274	[[-0.19718699177727483, -0.2916752739798458, 0.19202372808748602], [0.5430612387595963, -0.07896493989389183, -0.15521469955870662], [0.2634976435424571, -0.04306287816832053, 0.08197287110523205]]	[[-0.0770069868953441, -0.0770069868953441, 0.47645808426004777], [0.2008045835722811, -0.09301446107456941, 0.0], [0.16427184835247166, 0.2653990279065048, -0.10890432526488282]]	0.9845443043993477	[[1.8733083840245673e-16, -0.9381859599999998, 0.0], [1.0, 1.7938038903913487e-16, 0.0], [0.0, 0.0, 0.9381859599999998]]
2	[[0.8592155572171323, 0.2624339665249735, -0.4391776855101157], [-0.4266000482917053, 0.8413623931712975, -0.33184593135155627], [0.2824199444684594, 0.4724804086637203, 0.8348660002631537]]	0.17478319542486148	0.8252168045751386	[[0.15017644064916325, 0.045869047257256004, -0.07676087923275289], [-0.07456251960882446, 0.14705600758878806, -0.05800109227036422], [0.04936226034590929, 0.08258163560188944, 0.14592054727756726]]	0.0	0.6884859922805462	[[0.6849036282572899, 0.6849036282572898, 0.0], [-0.7071067811865475, 0.7071067811865476, 0.0], [0.0, 0.0, 0.9685999999999999]]	[[0.6849036282572899, 0.6849036282572898, 0.0], [-0.7071067811865475, 0.7071067811865476, 0.0], [0.0, 0.0, 0.9685999999999999]]	0.6884859922805462	[[0.6849036282572899, 0.6849036282572898, 0.0], [-0.7071067811865475, 0.7071067811865476, 0.0], [0.0, 0.0, 0.9685999999999999]]
2	[[0.8489524140446696, -0.5135124485683378, 0.12483895166604869], [0.522794976890395, 0.7815435453534784, -0.34040431673891397], [0.0772347773085365, 0.35425224329800037, 0.9319550081910795]]	0.2181419314593785	0.7818580685406218	[[0.1851921193168063, -0.11201859735913197, 0.02723261003779584], [0.11404350601613192, 0.17048741850301818, -0.07425645513053675], [0.016848143497919132, 0.07727726857684347, 0.20329846552004296]]	0.0	0.4370571573690364	[[0.68490362825729, -0.6849036282572899, 0.0], [0.7071067811865476, 0.7071067811865477, 0.0], [0.0, 0.0, 0.9686000000000003]]	[[0.68490362825729, -0.6849036282572899, 0.0], [0.7071067811865476, 0.7071067811865477, 0.0], [0.0, 0.0, 0.9686000000000002]]	0.4370571573690365	[[0.6849036282572899, -0.6849036282572898, 0.0], [0.7071067811865475, 0.7071067811865476, 0.0], [0.0, 0.0, 0.9685999999999999]]
2	[[0.5319609947059123, -0.8460851799387872, 0.03402011756955908], [-0.703274286200726, -0.4190807785627857, 0.5742617690636116], [-0.47161719485230363, -0.3294103357928521, -0.8179645788128509]]	0.1563769202950515	0.8436230797049487	[[0.08318642206920278, -0.13230819474611205, 0.0053199612136032165], [-0.10997586699877018, -0.06553456150650086, 0.08980128688935567], [-0.0737500444891945, -0.05151217382464499, -0.12791078174519258]]	0.4708716412547596	0.8080890530602012	[[0.219624014314322, -0.5398095192128123, 0.2345335502840711], [-0.37798647645145067, -0.39735022010444, 0.007050469565253133], [0.15590426177607364, -0.15510998546106172, -0.35399998037564817]]	[[-0.030861332346365462, -0.14141200189370692, 0.21851444168841294], [-0.046834559055845416, -0.2000169660842585, -0.2633531121435914], [0.37797542436014364, 0.0, 0.031156343338216944]]	0.6649482601696266	[[0.6633976543300109, -0.6633976543300109, 0.0], [-0.7071067811865475, -0.7071067811865476, 0.0], [0.0, 0.0, -0.9381859599999998]]
2	[[0.034229894132735264, 0.2773841392786001, 0.9601491309293217], [-0.1827544195208179, -0.9427759796974285, 0.2788803941677556], [0.9825625356654255, -0.18501754344446375, 0.018422055382213542]]	0.8216956396559073	0.17830436034409264	[[0.02812655475475189, 0.2279253377549326, 0.7889503543040326], [-0.1501685096481025, -0.7746749116897033, 0.2291548038731655], [0.8073673512455322, -0.15202810870816327, 0.015137322581064509]]	0.907211266944074	0.13446309337843534	[[0.0, 0.2373642712231334, 0.8517031004357116], [-0.17890909388063347, -0.8210959724810469, 0.2530034357187923], [0.8804968543568314, -0.16784999999513223, 0.0]]	[[-0.031053745623520278, -0.014281745201996859, -0.019355009089930007], [-0.013112225407523465, 0.03420101850469781, 0.0], [-0.010894948475981126, 0.0, -0.016712696203011843]]	0.3517876157109464	[[0.0, 0.0, 0.9685999999999999], [0.0, -1.0, 0.0], [0.9685999999999999, 0.0, 0.0]]
2	[[0.22433838825039393, -0.7661379269479729, -0.6022499185961573], [-0.9416906372873723, -0.011392912655017143, -0.3362869982418849], [0.2507808429735371, 0.642575192824231, -0.724020780340167]]	0.1476262986496389	0.8523737013503611	[[0.0331182459024313, -0.11310210641043668, -0.08890792634439705], [-0.13901830325575443, -0.0016818935260987933, -0.04964480483444709], [0.03702184762041953, 0.09486099732071923, -0.10688450794704213]]	0.41750675566132606	0.8686119659513875	[[0.02019374750850059, -0.32190829838433, 0.11563307071572412], [-0.47994003835021726, -0.12804866954867225, -0.1404020936070554], [0.29384261301454573, 0.03788710868632874, -0.33067490382769393]]	[[-0.07346904514021238, -0.0020405381151878815, 0.3670764803261035], [-0.08677783553971999, -0.12329205154854318, 0.0], [0.18913991688265183, -0.23039237533816698, -0.028391336796489225]]	0.9543834347184448	[[0.6633976543300109, -0.6633976543300109, 0.0], [-0.7071067811865475, -0.7071067811865476, 0.0], [0.0, 0.0, -0.9381859599999998]]
2	[[0.8787972042104137, -0.3840163418041313, 0.28327887866788265], [-0.395223040501579, -0.9183905790867732, -0.018907472103605397], [0.2674214316928388, -0.09534250611366366, -0.9588511794847616]]	0.6173296650375595	0.38267033496244063	[[0.5425075837111585, -0.2370646796548933, 0.17487645528025944], [-0.24398290720796562, -0.566949748561288, -0.011672143420425721], [0.16508718285080476, -0.058857757362989455, -0.5919272774521969]]	0.8320451307692656	0.30784090440420164	[[0.6021075068493893, -0.2617129094914312, 0.24247660932077472], [-0.3466579185769737, -0.848331023474996, -0.01573187009896059], [0.21573090242798681, -0.07932926796721278, -0.7028858338579522]]	[[-0.12909142784752922, 0.05780601784252216, 0.006775797675385403], [-0.017814512159810662, -0.08418861400148014, 0.0], [-0.006775797675385403, 0.0, 0.09492162116471076]]	0.481357062253283	[[0.6633976543300109, -0.6633976543300109, 0.0], [-0.7071067811865475, -0.7071067811865476, 0.0], [0.0, 0.0, -0.9381859599999998]]
2	[[-0.8305561570912853, 0.32773595720904825, 0.4502950280316503], [-0.5100865793185324, -0.772219296347621, -0.37879947194723407], [0.22358030216652452, -0.5443036842615101, 0.808545204538665]]	0.19405427924760643	0.8059457207523933	[[-0.16117297643901113, 0.06359856495972624, 0.08738167711346267], [-0.09898448350353482, -0.14985245897383134, -0.07350765850809442], [0.043386714390886955, -0.10562445914118408, 0.15690165690585917]]	0.5362287624252029	0.6412807981302353	[[-0.40386217008431224, 0.16515347934543617, 0.42239839598386614], [-0.3509336208674373, -0.5993663993722789, -0.06323719311585513], [0.3406321757419845, -0.2567293645830401, 0.28192737657300054]]	[[0.04150593015737998, -0.010587967391010988, 0.18093725037623223], [-0.07741052570975564, -0.18528020177093302, 0.13988597893373053], [0.22074198700857617, 0.03514192641198786, -0.15163781782160035]]	0.680379287117747	[[-0.6633976543300109, 0.6633976543300109, 0.0], [-0.7071067811865475, -0.7071067811865476, 0.0], [0.0, 0.0, 0.9381859599999998]]
2	[[0.04673222253661188, -0.9725397674033924, -0.22799671093185395], [-0.8377629715199755, -0.16246744520517667, 0.5213036857710898], [-0.5440306084466285, 0.16664552219444034, -0.8223502702654952]]	0.18176085654459173	0.8182391434554083	[[0.008494088796487075, -0.17676966114691872, -0.041440877468323443], [-0.15227251528481311, -0.02953022200110443, 0.09475260444560597], [-0.09888346937773461, 0.030289632853382254, -0.14947108950313298]]	0.4771283714888054	0.8918551775955665	[[-0.06984070409552441, -0.5900481462305088, 0.11307818486302428], [-0.3012681519947837, -0.20051125248936563, 0.0006738713914010929], [0.08040539602128606, 0.07951130662053489, -0.5226694167386767]]	[[-0.09213797333047045, -0.1260218308012265, 0.22186188425474362], [0.09845233030016455, -0.12299342493867299, -0.2480549072516709], [0.3399778342694899, 0.0, -0.13030277149352185]]	0.8748214536626845	[[0.6633976543300109, -0.6633976543300109, 0.0], [-0.7071067811865475, -0.7071067811865476, 0.0], [0.0, 0.0, -0.9381859599999998]]
2	[[0.08740825448676931, -0.06334395238859675, -0.994156597696443], [0.7119981850616444, -0.6940087028176986, 0.10681996481098455], [-0.6967197295301035, -0.717174639895393, -0.015561310176609944]]	0.16385828137240432	0.8361417186275958	[[0.014322566357963789, -0.010379431173730896, -0.1629007915135759], [0.11666679894447216, -0.11371907330119979, 0.017503335850188633], [-0.11416329747904919, -0.11751500393713205, -0.0025498495414422347]]	0.4612565478688366	1.0272723665791625	[[0.06362429469419617, -0.0156305887735829, 0.00033501997614321724], [0.6349098295297297, -0.6369718865360161, 0.03891158472810867], [0.009994802821955313, -0.013185523717323427, 0.025782845488086348]]	[[0.023306664974388137, 0.013587224033549136, 0.45889626027063235], [0.3064960045993185, -0.31685582808339513, -0.010359823484076658], [0.33136134009712037, 0.31761597489990157, 0.03296060170046569]]	0.803404318870591	[[0.0, 0.0, -0.9381859599999998], [0.0, -1.0, 0.0], [-0.9381859599999998, 0.0, 0.0]]
