2	[[0.3802729664721569, 0.7767473726770865, -0.5020517802076895], [0.4287143634067757, 0.332951791095048, 0.839849450446521], [0.8195098935212374, -0.5346088512602871, -0.20639019011321075]]	0.12094521432295426	0.8790547856770461	[[0.04599219543120061, 0.09394387746322186, -0.060720760158439746], [0.05185095056556138, 0.04026892573320205, 0.10157577178326983], [0.09911579971170745, -0.06465838209462381, -0.02496190577739754]]	0.39628526750450177	0.9009750616643488	[[0.20026110933448232, 0.3270266720152872, 0.1043647189101177], [0.23721464929812103, -0.20915844861290456, 0.3282718965149462], [0.5418619698824907, 0.0, -0.08393472489450444]]	[[0.0495645350913332, 0.019213131650529115, 0.30332044293083327], [0.0673214631124447, -0.3411023382131087, -0.00454806761876217], [0.21710227250584144, 0.2118576116319573, -0.0021453331951857557]]	1.0000000000000007	[[0.0, 0.0, 0.0], [0.0, 0.0, 0.0], [0.0, 0.0, 0.0]]
2	[[0.8592155572171323, 0.2624339665249735, -0.4391776855101157], [-0.4266000482917053, 0.8413623931712975, -0.33184593135155627], [0.2824199444684594, 0.4724804086637203, 0.8348660002631537]]	0.16112312947380097	0.8388768705261992	[[0.13843949947140005, 0.04228418196672648, -0.0707616830844506], [-0.0687351348144342, 0.1355629418093259, -0.05346805496251088], [0.04550438527857531, 0.07612752205895901, 0.1345162226536745]]	0.0	0.6902206221606813	[[0.6385174234114523, 0.6385174234114522, 0.0], [-0.7071067811865474, 0.7071067811865474, 0.0], [0.0, 0.0, 0.9029999999999998]]	[[0.6385174234114523, 0.6385174234114522, 0.0], [-0.7071067811865474, 0.7071067811865475, 0.0], [0.0, 0.0, 0.9029999999999997]]	0.6902206221606813	[[0.6385174234114525, 0.6385174234114523, 0.0], [-0.7071067811865475, 0.7071067811865476, 0.0], [0.0, 0.0, 0.903]]
2	[[0.8489524140446696, -0.5135124485683378, 0.12483895166604869], [0.522794976890395, 0.7815435453534784, -0.34040431673891397], [0.0772347773085365, 0.35425224329800037, 0.9319550081910795]]	0.20438100849356403	0.795618991506436	[[0.17350975054549533, -0.10495219211239631, 0.025514710840786325], [0.10684936461222844, 0.15973265798097933, -0.06957217755066186], [0.015785321677094483, 0.07240243074635272, 0.19047390444472057]]	0.0	0.4611798681498033	[[0.6385174234114523, -0.6385174234114522, 0.0], [0.7071067811865474, 0.7071067811865475, 0.0], [0.0, 0.0, 0.9029999999999997]]	[[0.6385174234114523, -0.6385174234114522, 0.0], [0.7071067811865474, 0.7071067811865475, 0.0], [0.0, 0.0, 0.9029999999999998]]	0.46117986814980316	[[0.6385174234114525, -0.6385174234114523, 0.0], [0.7071067811865475, 0.7071067811865476, 0.0], [0.0, 0.0, 0.903]]
2	[[0.8787972042104137, -0.3840163418041313, 0.28327887866788265], [-0.395223040501579, -0.9183905790867732, -0.018907472103605397], [0.2674214316928388, -0.09534250611366366, -0.9588511794847616]]	0.5277906553030516	0.4722093446969484	[[0.46382095228870385, -0.20268023668788304, 0.14951194500563547], [-0.20859502753719283, -0.4847179655603571, -0.00997918709168606], [0.1411425326752436, -0.05032088377996574, -0.5060726923583664]]	0.7802406425884363	0.3839158103461085	[[0.5346643421981085, -0.22900178615237402, 0.22775474237589236], [-0.35172382383379897, -0.8406886190606552, -0.01475237818384001], [0.20192402165360823, -0.07439009823611685, -0.6177540140543819]]	[[-0.151008953119946, 0.07062337114134196, 0.006729048052331887], [-0.04335474474709141, -0.12412296348682517, 0.0], [-0.006729048052331887, 0.0, 0.1303806463734887]]	0.5165146157916188	[[0.903, 0.0, 0.0], [0.0, -1.0, 0.0], [0.0, 0.0, -0.903]]
2	[[-0.42203838922340475, -0.825029846081567, 0.3757783270710803], [0.2588054115689476, 0.28760896992378115, 0.9221175843470338], [-0.8688517462515349, 0.4864224845687207, 0.09214016247897017]]	0.1035445517682318	0.8964554482317681	[[-0.04369977584112399, -0.08542734560792914, 0.03890979844079104], [0.02679789033609942, 0.029780341875280756, 0.09548025194881829], [-0.0899648646186606, 0.05036639813465783, 0.009540611823737026]]	0.329609209496985	1.1215200254073674	[[-0.2217525216826992, -0.42703370485030345, 0.26805235496104096], [0.18665842397803084, 0.01931794654276874, 0.012377953483996638], [0.14338377551308112, 0.16032933062025542, -0.08650712521053128]]	[[-0.0826447818333919, -0.15509626947193883, 0.1441923576290427], [0.10135377685724818, -0.07548061867805095, -0.2915604945558986], [0.4297653127651246, 0.0, -0.11687737132814839]]	1.0000000000000002	[[0.0, 0.0, 0.0], [0.0, 0.0, 0.0], [0.0, 0.0, 0.0]]
2	[[-0.3195682178843842, -0.5708200961323295, -0.7563336379995778], [0.910087742671785, 0.03735879733279218, -0.41272826520656647], [0.2638493031197415, -0.8202248094963509, 0.507557688474819]]	0.10997175323933366	0.8900282467606663	[[-0.03514347720031512, -0.06277408675591725, -0.08317533620469705], [0.10008394466324369, 0.004108412441600109, -0.045388450936194785], [0.02901597045505437, -0.09020156035071215, 0.05581700887167939]]	0.3497934098112447	1.0631928678538558	[[-0.17401719736250443, -0.26190344857633285, 0.17761113455825386], [0.5338888154135633, -0.07297354255768969, -0.1443696272120846], [0.22468602309558344, -0.04891664544898788, 0.08952768577736732]]	[[-0.062234340761422945, -0.062234340761422945, 0.4421716567490698], [0.21554612067698087, -0.08604140366317445, 0.0], [0.13239327568100837, 0.2379925874765193, -0.08801264875015306]]	0.9524286881067796	[[1.6281553777559077e-16, -0.815409, 0.0], [1.0, 1.7938038903913487e-16, 0.0], [0.0, 0.0, 0.815409]]
2	[[-0.30792515101507295, 0.09349718223056193, 0.9468053539599837], [0.3027085282091916, -0.9338174967034747, 0.1906631317268273], [0.9019698710720718, 0.34531602882779927, 0.2592434992682147]]	0.5091849845295846	0.49081501547041545	[[-0.15679086325587993, 0.04760736128762842, 0.4820990695086422], [0.15413463725317056, -0.47548584761241425, 0.09708280377868672], [0.45926951484798434, 0.17582973679650057, 0.13200289716428132]]	0.752379753733462	0.34789297997312435	[[-0.07223743744938399, 0.1169713017689237, 0.7250731364162887], [0.31862389148228265, -0.8086022799396593, 0.14345108009468094], [0.6659079121018547, 0.25980878872967667, 0.07223743744938399]]	[[0.15943921183967566, 0.04662591482752092, 0.012715957370353054], [0.09087212357523236, -0.10601690173790104, 0.0], [-0.012715957370353054, 0.0, -0.12281212268703631]]	0.48706249230998433	[[0.0, 0.0, 0.903], [0.0, -1.0, 0.0], [0.903, 0.0, 0.0]]
2	[[0.034229894132735264, 0.2773841392786001, 0.9601491309293217], [-0.1827544195208179, -0.9427759796974285, 0.2788803941677556], [0.9825625356654255, -0.18501754344446375, 0.018422055382213542]]	0.7124204767397216	0.28757952326027864	[[0.024386077496793453, 0.19761414074489764, 0.6840299015978968], [-0.13019799068131213, -0.6716529129148002, 0.19868010336635394], [0.699997670085352, -0.131810286505917, 0.013124249477922123]]	0.8496817016236772	0.23220576402296134	[[0.00458022929937786, 0.1977991935733765, 0.7625582530500371], [-0.18717697725282242, -0.8196635373792027, 0.2369595678659404], [0.7774753025154019, -0.15720602114412455, -0.006477422393958788]]	[[-0.024504285393722965, -0.03788903389228353, -0.05326289433048375], [-0.031893891095126504, -0.018604038699962282, 0.0], [-0.0573901047404718, 0.0, -0.022130305758523608]]	0.3821103680049147	[[0.0, 0.0, 0.903], [0.0, -1.0, 0.0], [0.903, 0.0, 0.0]]
2	[[-0.5446221603179724, 0.8109226453022452, -0.2139887049042392], [-0.8354447797583356, -0.5021691245819775, 0.22328947644507607], [0.07361197229480154, 0.30038414347728, 0.9509735242804028]]	0.22665582238069992	0.7733441776193001	[[-0.12344178363362338, 0.18380033905811302, -0.04850178589025124], [-0.18935842360978825, -0.11381955590632428, 0.050609859912614644], [0.016684582117543548, 0.06808381506996505, 0.21554368620804717]]	0.5810461244565565	0.5807013627544563	[[-0.31884173659123244, 0.5116963319393789, 0.13051225555366844], [-0.6027992590912171, -0.4157547040495031, 0.12974148492034504], [0.16709260632075643, 0.017479595539144792, 0.49526562820234477]]	[[-0.002391141045317331, 0.04051287165245074, 0.2548495632157543], [-0.11736730761517482, -0.12397128038940351, 0.0], [0.12432065510525857, -0.15705744687653095, -0.05729385254157634]]	0.449875819275801	[[-0.5765812333405416, 0.5765812333405416, 0.0], [-0.7071067811865475, -0.7071067811865476, 0.0], [0.0, 0.0, 0.815409]]
2	[[0.04673222253661188, -0.9725397674033924, -0.22799671093185395], [-0.8377629715199755, -0.16246744520517667, 0.5213036857710898], [-0.5440306084466285, 0.16664552219444034, -0.8223502702654952]]	0.17051280897667	0.8294871910233298	[[0.007968442534440554, -0.16583048758146973, -0.038876359618432256], [-0.14284931753051305, -0.027702780449197932, 0.08888895579071984], [-0.0927641872155215, 0.02841519609275803, -0.14022125454569334]]	0.4489743195720712	0.8670841603304345	[[0.12041495306986373, -0.5280600759288056, 0.08633261384896208], [-0.31048277967428756, -0.3799038630221753, 0.0], [0.061046376690160734, 0.061046376690160734, -0.462083036895408]]	[[0.0994333852543978, -0.09141469560208709, 0.1886972820042614], [0.06565128042656984, -0.3069601523585684, -0.23405196760948782], [0.30530214894386565, -0.01377318324682061, -0.09286888385304849]]	0.8991528281976275	[[0.5765812333405416, -0.5765812333405416, 0.0], [-0.7071067811865475, -0.7071067811865476, 0.0], [0.0, 0.0, -0.815409]]
2	[[-0.8305561570912853, 0.32773595720904825, 0.4502950280316503], [-0.5100865793185324, -0.772219296347621, -0.37879947194723407], [0.22358030216652452, -0.5443036842615101, 0.808545204538665]]	0.17775099707953754	0.8222490029204623	[[-0.14763218505352493, 0.058255393172724976, 0.08004039021258413], [-0.09066839807075977, -0.13726274988984857, -0.06733198383182315], [0.03974162163744402, -0.0967505225915492, 0.14371971629062633]]	0.5037371819874246	0.6782930421998505	[[-0.35577262078061733, 0.133641253899062, 0.38509024551447496], [-0.35639212792077185, -0.6076212872606861, -0.05398458748486881], [0.3034264240054837, -0.24117342393867167, 0.24801914670591785]]	[[0.06260939727485144, -0.03145153362137513, 0.15825989703086307], [-0.09944255188524945, -0.21862571504222345, 0.1368307910521554], [0.19080071264422177, 0.03301258011659435, -0.15927513613783506]]	0.6901517342566916	[[-0.5765812333405416, 0.5765812333405416, 0.0], [-0.7071067811865475, -0.7071067811865476, 0.0], [0.0, 0.0, 0.815409]]
2	[[0.08740825448676931, -0.06334395238859675, -0.994156597696443], [0.7119981850616444, -0.6940087028176986, 0.10681996481098455], [-0.6967197295301035, -0.717174639895393, -0.015561310176609944]]	0.14317570421499654	0.8568242957850039	[[0.012514738390346815, -0.009069314990998546, -0.1423390709751732], [0.10194084154600033, -0.09936518475726026, 0.01529402368603386], [-0.09975333791595452, -0.10268198411215944, -0.0022280015430441377]]	0.4288833921654446	1.0219214159268062	[[0.05717016845315211, -0.01423965269742412, -0.0012217850951803978], [0.635465559885815, -0.6360339920565118, 0.037529486520348335], [0.0065950906068876405, -0.011730273738753348, 0.02116087463504472]]	[[0.019682219765606065, 0.012927516476163692, 0.4251554688685273], [0.33010136306093724, -0.3383851853997174, -0.00828382233878013], [0.3054066115963495, 0.29585401859461397, 0.027834862130127896]]	0.844700924311932	[[0.0, 0.0, -0.815409], [0.0, -1.0, 0.0], [-0.815409, 0.0, 0.0]]
2	[[0.22433838825039393, -0.7661379269479729, -0.6022499185961573], [-0.9416906372873723, -0.011392912655017143, -0.3362869982418849], [0.2507808429735371, 0.642575192824231, -0.724020780340167]]	0.1338460814715585	0.8661539185284416	[[0.030026814190960316, -0.1025445593887293, -0.0806087916706607], [-0.1260416017593694, -0.001524896715421789, -0.04501069696450917], [0.03356603314014216, 0.08600617161035443, -0.0969073443525114]]	0.3883682339338979	0.8521896860997188	[[0.1567758188438387, -0.29495548879881933, 0.09927368442090741], [-0.45105864644936927, -0.29203803896554775, -0.13060318760213266], [0.2622679475552723, 0.04326043272756846, -0.3126247561239897]]	[[0.06964991519545609, 0.0025881448397425677, 0.3331684216929308], [-0.08533591673398555, -0.28761339359835564, 0.0], [0.1648726344651855, -0.20629536007931204, -0.0314380843318364]]	0.9706050611801672	[[0.5765812333405416, -0.5765812333405416, 0.0], [-0.7071067811865475, -0.7071067811865476, 0.0], [0.0, 0.0, -0.815409]]
2	[[0.5319609947059123, -0.8460851799387872, 0.03402011756955908], [-0.703274286200726, -0.4190807785627857, 0.5742617690636116], [-0.47161719485230363, -0.3294103357928521, -0.8179645788128509]]	0.14473209652540595	0.855267903474594	[[0.07699183003352705, -0.122455681931616, 0.004923802939883058], [-0.10178636187423946, -0.06065443969489137, 0.08311410979096501], [-0.06825814536840477, -0.047676248516437446, -0.11838572837510455]]	0.4435211980107939	0.8320313973232832	[[0.2105986138295524, -0.4660706819104312, 0.21668560963923705], [-0.381561503262072, -0.39725458681801157, 0.0], [0.1133263515531357, -0.1366954300712243, -0.30708596219253037]]	[[-0.025337363837427445, -0.0908139692848022, 0.20159696633831814], [-0.06964444931614008, -0.21138337784654854, -0.2546972677868909], [0.32249857481651945, 0.009405036696759366, 0.055698667732939765]]	0.7119511169734881	[[0.5765812333405416, -0.5765812333405416, 0.0], [-0.7071067811865475, -0.7071067811865476, 0.0], [0.0, 0.0, -0.815409]]
