2	[[0.8787972042104137, -0.3840163418041313, 0.28327887866788265], [-0.395223040501579, -0.9183905790867732, -0.018907472103605397], [0.2674214316928388, -0.09534250611366366, -0.9588511794847616]]	0.6200824975598909	0.37991750244010913	[[0.5449267652354428, -0.23812181232971846, 0.17565627459034597], [-0.24507089004743302, -0.5694779240156009, -0.011724192524547601], [0.16582334926513717, -0.059120219314579725, -0.5945668341631583]]	0.8334256125217183	0.3057070645629243	[[0.6040032604214789, -0.2626475998662056, 0.2428675221035366], [-0.34653448288899413, -0.8485337149311781, -0.015757971519184632], [0.21610022137474802, -0.0794608865571358, -0.7052905805143805]]	[[-0.12840883777995893, 0.0574014550202521, 0.006775649135290951], [-0.017145478276269752, -0.0831234840216085, 0.0], [-0.006775649135290951, 0.0, 0.09384055106487915]]	0.48048251132028835	[[0.6658655984177083, -0.6658655984177082, 0.0], [-0.7071067811865475, -0.7071067811865476, 0.0], [0.0, 0.0, -0.9416761599999999]]
2	[[0.8489524140446696, -0.5135124485683378, 0.12483895166604869], [0.522794976890395, 0.7815435453534784, -0.34040431673891397], [0.0772347773085365, 0.35425224329800037, 0.9319550081910795]]	0.21849506064929397	0.7815049393507061	[[0.1854919091950546, -0.1121999335941064, 0.027276694315667566], [0.1142281201828131, 0.1707634043420724, -0.0743766618311505], [0.01687541735226336, 0.07740236538454504, 0.20362756603712318]]	0.0	0.4364532240417808	[[0.6861764204634259, -0.6861764204634258, 0.0], [0.7071067811865476, 0.7071067811865477, 0.0], [0.0, 0.0, 0.9704000000000004]]	[[0.6861764204634259, -0.6861764204634258, 0.0], [0.7071067811865476, 0.7071067811865477, 0.0], [0.0, 0.0, 0.9704000000000002]]	0.43645322404178083	[[0.6861764204634258, -0.6861764204634256, 0.0], [0.7071067811865475, 0.7071067811865476, 0.0], [0.0, 0.0, 0.9703999999999999]]
2	[[0.22433838825039393, -0.7661379269479729, -0.6022499185961573], [-0.9416906372873723, -0.011392912655017143, -0.3362869982418849], [0.2507808429735371, 0.642575192824231, -0.724020780340167]]	0.1479964353121753	0.8520035646878248	[[0.03320128176473709, -0.11338568214575973, -0.08913084111927903], [-0.1393668574853817, -0.0016861104607654998, -0.049769276981630715], [0.03711467080466588, 0.09509883795801988, -0.10715249458228421]]	0.41827925390882426	0.8686061918737397	[[0.020271170046323648, -0.32264126818510064, 0.11610080774012918], [-0.4807057197680126, -0.1282301372753481, -0.1406618747238537], [0.2947251293038816, 0.03771174084990499, -0.33113279318104594]]	[[-0.07356492361415926, -0.0021816677100492954, 0.36800945435717997], [-0.0868160625905252, -0.12346471827015913, 0.0], [0.1898287054102846, -0.23106413138493323, -0.028289921365876228]]	0.9540489317888987	[[0.6658655984177083, -0.6658655984177082, 0.0], [-0.7071067811865475, -0.7071067811865476, 0.0], [0.0, 0.0, -0.9416761599999999]]
2	[[-0.8305561570912853, 0.32773595720904825, 0.4502950280316503], [-0.5100865793185324, -0.772219296347621, -0.37879947194723407], [0.22358030216652452, -0.5443036842615101, 0.808545204538665]]	0.19449691340683	0.8055030865931698	[[-0.1615406089652932, 0.06374363208959281, 0.08758099307459798], [-0.09921026524770273, -0.15019426961280646, -0.0736753280938741], [0.04348567866995544, -0.10586538654482947, 0.15725954663266437]]	0.5370856012213476	0.640270532754677	[[-0.40524534826946274, 0.16607530894014694, 0.42342838213497724], [-0.35078653312283914, -0.5991309718814543, -0.06348051103348923], [0.34167856882166747, -0.25713959188731494, 0.2828950267837636]]	[[0.04083440471000234, -0.00994695467932867, 0.18158140627761477], [-0.07682637599460457, -0.18438310682786604, 0.13996723109961998], [0.22159680781130905, 0.0351980796212728, -0.15136296051052278]]	0.6803655929650176	[[-0.6658655984177083, 0.6658655984177082, 0.0], [-0.7071067811865475, -0.7071067811865476, 0.0], [0.0, 0.0, 0.9416761599999999]]
2	[[-0.30792515101507295, 0.09349718223056193, 0.9468053539599837], [0.3027085282091916, -0.9338174967034747, 0.1906631317268273], [0.9019698710720718, 0.34531602882779927, 0.2592434992682147]]	0.6028143356375272	0.39718566436247293	[[-0.18562169533523643, 0.056361441790296986, 0.5707478404254412], [0.1824770403242375, -0.5629185738820038, 0.1149344690824777], [0.5437203685953771, 0.208161452502819, 0.15627569777971662]]	0.806702086044174	0.2823441486626907	[[-0.11873991155805669, 0.14483765272739374, 0.7734017032966255], [0.2958205513027704, -0.8137576126626735, 0.15380834609574673], [0.7180091273635212, 0.2785671607998758, 0.11873991155805669]]	[[0.12966395011127, 0.06941328078274717, 0.009611849179314038], [0.05162495013305385, -0.06044509008743174, 0.0], [-0.009611849179314038, 0.0, -0.09039236009500347]]	0.47116835978312005	[[0.0, 0.0, 0.9703999999999999], [0.0, -1.0, 0.0], [0.9703999999999999, 0.0, 0.0]]
2	[[0.08740825448676931, -0.06334395238859675, -0.994156597696443], [0.7119981850616444, -0.6940087028176986, 0.10681996481098455], [-0.6967197295301035, -0.717174639895393, -0.015561310176609944]]	0.16444303395493587	0.8355569660450644	[[0.014373678560509483, -0.010416471713477846, -0.16348212715151972], [0.11708314172194464, -0.11412489668247186, 0.01756579910047779], [-0.11457070614019252, -0.11793437365993702, -0.0025589490577555864]]	0.4621151726090692	1.0274290882250303	[[0.06380364344045117, -0.01566868731035702, 0.00038260806347518994], [0.6348950900388688, -0.6369967620659525, 0.038948241757330304], [0.010096054348631997, -0.013226296977786324, 0.02591698360529944]]	[[0.023410962830840307, 0.013603514181440075, 0.45979745580841197], [0.3058699258517631, -0.31628481057115565, -0.010414884719392524], [0.33206081242057983, 0.31819098552832026, 0.03310810114358678]]	0.8022959375541097	[[0.0, 0.0, -0.9416761599999999], [0.0, -1.0, 0.0], [-0.9416761599999999, 0.0, 0.0]]
2	[[0.034229894132735264, 0.2773841392786001, 0.9601491309293217], [-0.1827544195208179, -0.9427759796974285, 0.2788803941677556], [0.9825625356654255, -0.18501754344446375, 0.018422055382213542]]	0.8221976098059491	0.17780239019405086	[[0.028143737139845623, 0.22806457631294555, 0.7894323205073476], [-0.15026024691149018, -0.775148157089688, 0.22929479350646964], [0.8078605683089856, -0.15212098199220644, 0.015146569902968796]]	0.9087259578218579	0.13227160574758942	[[0.0, 0.23864508438764157, 0.8540026603755104], [-0.17854359229017494, -0.8210723971025191, 0.253425853307831], [0.8832108634550715, -0.16813024438041754, 0.0]]	[[-0.031105593331910646, -0.013421083262895945, -0.018509778280061933], [-0.012469907364942023, 0.03565260805946734, 0.0], [-0.0096692178873658, 0.0, -0.016740599922249313]]	0.3510005433416125	[[0.0, 0.0, 0.9703999999999999], [0.0, -1.0, 0.0], [0.9703999999999999, 0.0, 0.0]]
2	[[0.04673222253661188, -0.9725397674033924, -0.22799671093185395], [-0.8377629715199755, -0.16246744520517667, 0.5213036857710898], [-0.5440306084466285, 0.16664552219444034, -0.8223502702654952]]	0.18205552032223912	0.8179444796777607	[[0.00850785908971751, -0.177056233388694, -0.04150805984045775], [-0.15251937368677432, -0.029578095272253267, 0.09490621375895679], [-0.09904377549197534, 0.030338737252480076, -0.14971340634031863]]	0.4778032387410999	0.8925415111376003	[[-0.07059173936078712, -0.5914260382928628, 0.11367279718569102], [-0.30139294083769763, -0.20088942063418508, 0.0011339157662356555], [0.08113384122668502, 0.07962377022620544, -0.5243311197972056]]	[[-0.0929205466423501, -0.12674338762300585, 0.22261036409124918], [0.09889292025191461, -0.12326194912515945, -0.2479466736628637], [0.34107342791677536, 0.0, -0.13140949728473328]]	0.8742523714157281	[[0.6658655984177083, -0.6658655984177082, 0.0], [-0.7071067811865475, -0.7071067811865476, 0.0], [0.0, 0.0, -0.9416761599999999]]
2	[[0.3802729664721569, 0.7767473726770865, -0.5020517802076895], [0.4287143634067757, 0.332951791095048, 0.839849450446521], [0.8195098935212374, -0.5346088512602871, -0.20639019011321075]]	0.12787893533252295	0.8721210646674775	[[0.04862890208819964, 0.09932962704028024, -0.06420184713475714], [0.05482353635421884, 0.042577520562291304, 0.10739905356270561], [0.10479805267796512, -0.06836521071850864, -0.02639295777475438]]	0.4238358735451225	0.9468629951476516	[[0.14398918914229666, 0.3199582529572992, 0.1340933025584127], [0.28361241845033186, -0.2662926476654847, 0.32788149272191586], [0.6113148951657689, 0.0, -0.06317352862869065]]	[[-0.017184135788025072, -0.009255148265172496, 0.34688085738762253], [0.10190789173447999, -0.40740956089266744, -0.02807683275447641], [0.263977203566325, 0.22658640947885825, 0.02430203788908593]]	1.0000000000000007	[[0.0, 0.0, 0.0], [0.0, 0.0, 0.0], [0.0, 0.0, 0.0]]
2	[[0.8592155572171323, 0.2624339665249735, -0.4391776855101157], [-0.4266000482917053, 0.8413623931712975, -0.33184593135155627], [0.2824199444684594, 0.4724804086637203, 0.8348660002631537]]	0.17514978168538786	0.8248502183146121	[[0.15049141726726964, 0.04596525194367951, -0.07692187573819068], [-0.0747189053252681, 0.14736443948224828, -0.058122742429409284], [0.04946579161725004, 0.08275484042807345, 0.1462265976826443]]	0.0	0.6885115824814455	[[0.686176420463426, 0.6861764204634258, 0.0], [-0.7071067811865476, 0.7071067811865476, 0.0], [0.0, 0.0, 0.9704000000000003]]	[[0.6861764204634259, 0.6861764204634258, 0.0], [-0.7071067811865476, 0.7071067811865477, 0.0], [0.0, 0.0, 0.9704000000000002]]	0.6885115824814457	[[0.6861764204634258, 0.6861764204634256, 0.0], [-0.7071067811865475, 0.7071067811865476, 0.0], [0.0, 0.0, 0.9703999999999999]]
2	[[0.5319609947059123, -0.8460851799387872, 0.03402011756955908], [-0.703274286200726, -0.4190807785627857, 0.5742617690636116], [-0.47161719485230363, -0.3294103357928521, -0.8179645788128509]]	0.1567062298302459	0.8432937701697542	[[0.08336160189711093, -0.13258681866345257, 0.0053311643627072525], [-0.1102074619270731, -0.06567256880289822, 0.08999039676560591], [-0.07390535252842097, -0.05162065178921316, -0.12818014528044688]]	0.4715285252453502	0.8077646396585063	[[0.2198176269619964, -0.5415592779503975, 0.23498842649485174], [-0.37754381301754064, -0.3971780137108603, 0.00753594402661284], [0.15713487275056412, -0.15532636983697914, -0.3552902420340415]]	[[-0.03101715635973197, -0.14260598082191436, 0.2189469706286041], [-0.045929926002336016, -0.19956947223647684, -0.2632448610447378], [0.3795158331196198, 0.0, 0.03040338951651604]]	0.6636953474194199	[[0.6658655984177083, -0.6658655984177082, 0.0], [-0.7071067811865475, -0.7071067811865476, 0.0], [0.0, 0.0, -0.9416761599999999]]
2	[[-0.5446221603179724, 0.8109226453022452, -0.2139887049042392], [-0.8354447797583356, -0.5021691245819775, 0.22328947644507607], [0.07361197229480154, 0.30038414347728, 0.9509735242804028]]	0.24790115506641128	0.7520988449335888	[[-0.13501246261758953, 0.20102866043993625, -0.053048047116926365], [-0.20710772589629495, -0.12448830602256085, 0.05535371912490859], [0.018248492958597963, 0.07446557613165232, 0.23574743510668766]]	0.6056027171125896	0.5839124714852055	[[-0.25826074014585076, 0.541957201244841, 0.14102904699150223], [-0.613176463345073, -0.5126273566141806, 0.13522471363778565], [0.18976408033925488, 0.009681110604680092, 0.5039849035232822]]	[[0.07156391994244149, 0.050860243881672665, 0.27062118811291364], [-0.10722883472589614, -0.20851237031728448, 0.0], [0.14518446990550637, -0.17223234286269862, -0.0719272466830647]]	0.397767670553635	[[-0.6658655984177083, 0.6658655984177082, 0.0], [-0.7071067811865475, -0.7071067811865476, 0.0], [0.0, 0.0, 0.9416761599999999]]
2	[[-0.42203838922340475, -0.825029846081567, 0.3757783270710803], [0.2588054115689476, 0.28760896992378115, 0.9221175843470338], [-0.8688517462515349, 0.4864224845687207, 0.09214016247897017]]	0.10968333473811226	0.8903166652618878	[[-0.04629057791752441, -0.0904920247766978, 0.04121662003546511], [0.028386640589151788, 0.03154591092183378, 0.10114093167183517], [-0.09529855692190053, 0.05335244019909524, 0.010106240284004933]]	0.3511243476996365	1.1451357376029032	[[-0.23539949038306554, -0.4761773146315401, 0.30502207039994383], [0.18348596845727566, 0.009802708212187289, 0.03312516529639653], [0.18261999254720726, 0.17079477760062856, -0.0909830829308669]]	[[-0.0872115362627923, -0.18648924809341838, 0.17307715042745014], [0.09261308713899298, -0.09118380374486479, -0.29065277000982026], [0.48769499519746756, 0.0, -0.12333573737823383]]	1.0000000000000002	[[0.0, 0.0, 0.0], [0.0, 0.0, 0.0], [0.0, 0.0, 0.0]]
2	[[-0.3195682178843842, -0.5708200961323295, -0.7563336379995778], [0.910087742671785, 0.03735879733279218, -0.41272826520656647], [0.2638493031197415, -0.8202248094963509, 0.507557688474819]]	0.1209011099522166	0.8790988900477832	[[-0.03863615224767386, -0.06901278320542964, -0.09144157632834696], [0.11003061824292612, 0.0045167200640144865, -0.049899305372126716], [0.03189967360729558, -0.09916608987845424, 0.06136428790138696]]	0.3767666385708595	1.097589048760854	[[-0.04296542018142385, -0.29250319191342833, 0.19240994505634396], [0.543304432432435, -0.24359057352639102, -0.15550224112506028], [0.2646104363052219, -0.04287128694684381, 0.08171803307648218]]	[[0.07743722306495557, -0.07743722306495555, 0.4773712274835142], [0.2004137328214451, -0.25766612201851713, 0.0], [0.16520082127953312, 0.2661620573995199, -0.10951277109097081]]	0.9856540974026863	[[1.880277387186715e-16, -0.9416761599999999, 0.0], [1.0, 1.7938038903913487e-16, 0.0], [0.0, 0.0, 0.9416761599999999]]
