2	[[-0.3195682178843842, -0.5708200961323295, -0.7563336379995778], [0.910087742671785, 0.03735879733279218, -0.41272826520656647], [0.2638493031197415, -0.8202248094963509, 0.507557688474819]]	0.12265680069754273	0.8773431993024572	[[-0.03919721521031383, -0.0700149667654553, -0.09276946429696165], [0.11162845087016965, 0.004582310558748179, -0.05062392856768438], [0.032362911386943666, -0.10060615098557386, 0.06225540223776133]]	0.38099588092425946	1.0838057928954712	[[-0.20184951545701113, -0.297575446143962, 0.194759398630792], [0.5447807453586513, -0.08008811605666842, -0.15724776898471715], [0.27146636802253044, -0.04166448225895636, 0.08010547144227725]]	[[-0.08009534076875453, -0.08009534076875452, 0.48291939931309114], [0.19804106412104372, -0.09432166395674652, 0.0], [0.17094087034917257, 0.27083779159103877, -0.11327191719806734]]	0.9927134923335214	[[1.9231468800784346e-16, -0.9631459600000001, 0.0], [1.0, 1.7938038903913487e-16, 0.0], [0.0, 0.0, 0.9631459600000001]]
2	[[0.034229894132735264, 0.2773841392786001, 0.9601491309293217], [-0.1827544195208179, -0.9427759796974285, 0.2788803941677556], [0.9825625356654255, -0.18501754344446375, 0.018422055382213542]]	0.8252437919301449	0.1747562080698551	[[0.02824800763146587, 0.22890953891955138, 0.7923571096265466], [-0.1508169501573523, -0.7780200244261634, 0.2301443139779721], [0.8108536327410342, -0.1526845791257096, 0.01520268683876504]]	0.9179298772219292	0.12677889016875799	[[0.0, 0.2465582827634317, 0.868111715311057], [-0.176331665179678, -0.8209254069748793, 0.25599264597801114], [0.8998923137723355, -0.16983313093787955, 0.0]]	[[-0.031420642518581315, -0.008060906147884205, -0.013237858557637355], [-0.008575923307168665, 0.04447683231656553, 0.0], [-0.002031193953896099, 0.0, -0.016910155035170862]]	0.34624222494159707	[[0.0, 0.0, 0.9814], [0.0, -1.0, 0.0], [0.9814, 0.0, 0.0]]
2	[[-0.5446221603179724, 0.8109226453022452, -0.2139887049042392], [-0.8354447797583356, -0.5021691245819775, 0.22328947644507607], [0.07361197229480154, 0.30038414347728, 0.9509735242804028]]	0.25133271390345663	0.7486672860965434	[[-0.1368813656046793, 0.2038113892095834, -0.05378236194826832], [-0.20997460381313807, -0.12621152891971138, 0.056119950101022914], [0.018501096772638552, 0.07549636199371007, 0.2390107567077283]]	0.6093096655450763	0.5844159759614332	[[-0.2587088924661543, 0.5467518389317628, 0.1427478449486451], [-0.6147429575888491, -0.5152728608800881, 0.13605243621248447], [0.19359607807425872, 0.008279860251646886, 0.5049806661521999]]	[[0.07313465388562625, 0.05264883313972331, 0.27313323116427113], [-0.10569837825291756, -0.20929635953397963, 0.0], [0.14874359185519975, -0.17474710174553876, -0.07445669386931476]]	0.39080137024424516	[[-0.6810470395884274, 0.6810470395884273, 0.0], [-0.7071067811865475, -0.7071067811865476, 0.0], [0.0, 0.0, 0.9631459600000001]]
2	[[0.8489524140446696, -0.5135124485683378, 0.12483895166604869], [0.522794976890395, 0.7815435453534784, -0.34040431673891397], [0.0772347773085365, 0.35425224329800037, 0.9319550081910795]]	0.22062465587618676	0.7793753441238133	[[0.1872998342038632, -0.11329350725352756, 0.027542550751265937], [0.11534146187024237, 0.1724277757458661, -0.07510158523929136], [0.0170398961653698, 0.07815677927098852, 0.20561225297424562]]	0.0	0.43283394385130625	[[0.6939545950564778, -0.6939545950564777, 0.0], [0.7071067811865475, 0.7071067811865476, 0.0], [0.0, 0.0, 0.9814]]	[[0.6939545950564778, -0.6939545950564777, 0.0], [0.7071067811865475, 0.7071067811865476, 0.0], [0.0, 0.0, 0.9814]]	0.43283394385130625	[[0.6939545950564778, -0.6939545950564777, 0.0], [0.7071067811865475, 0.7071067811865476, 0.0], [0.0, 0.0, 0.9814]]
2	[[0.08740825448676931, -0.06334395238859675, -0.994156597696443], [0.7119981850616444, -0.6940087028176986, 0.10681996481098455], [-0.6967197295301035, -0.717174639895393, -0.015561310176609944]]	0.16803623961816158	0.8319637603818386	[[0.014687754395543998, -0.010644079561931658, -0.16705433626849572], [0.11964149763271464, -0.11661861268376422, 0.017949625202982183], [-0.11707416341802127, -0.120511329637531, -0.002614864045609372]]	0.467327803585201	1.0283983720378607	[[0.06490227296158183, -0.015901431284880425, 0.0006790822236465953], [0.6348056079601041, -0.6371477790956483, 0.03917078317392358], [0.01072406665713923, -0.013476443910835936, 0.02674521115935316]]	[[0.024053965377063675, 0.013700958855288011, 0.4652761014448617], [0.3020690599785963, -0.3128182163388386, -0.010749156360242283], [0.33632056757291784, 0.32167920533848554, 0.03401744406509631]]	0.7955553860013908	[[0.0, 0.0, -0.9631459600000001], [0.0, -1.0, 0.0], [-0.9631459600000001, 0.0, 0.0]]
2	[[0.8787972042104137, -0.3840163418041313, 0.28327887866788265], [-0.395223040501579, -0.9183905790867732, -0.018907472103605397], [0.2674214316928388, -0.09534250611366366, -0.9588511794847616]]	0.6372955310648534	0.36270446893514663	[[0.5600535309555841, -0.2447318984876461, 0.18053236342010445], [-0.2518738774855198, -0.5852862118240635, -0.012049647475361103], [0.17042648332881105, -0.06076135306676131, -0.6110715716419024]]	0.8418150109713814	0.29261549791244046	[[0.6156408050798468, -0.268403318354565, 0.24524149249102625], [-0.34579697298348333, -0.8497644472331976, -0.01591659383633767], [0.2183462953172276, -0.08026075283011277, -0.7200659221689962]]	[[-0.12414387302416205, 0.05486740263446954, 0.006773080137261992], [-0.013092284807503886, -0.07664947182325198, 0.0], [-0.006773080137261992, 0.0, 0.08710939400889062]]	0.4754581807636795	[[0.6810470395884274, -0.6810470395884273, 0.0], [-0.7071067811865475, -0.7071067811865476, 0.0], [0.0, 0.0, -0.9631459600000001]]
2	[[0.3802729664721569, 0.7767473726770865, -0.5020517802076895], [0.4287143634067757, 0.332951791095048, 0.839849450446521], [0.8195098935212374, -0.5346088512602871, -0.20639019011321075]]	0.12887767780573625	0.8711223221942641	[[0.049008696851230195, 0.1001053976323297, -0.06470326757140289], [0.05525171159782977, 0.04291005365759039, 0.10823784687997139], [0.10561653201584327, -0.06889914728481807, -0.02659908842367502]]	0.42812047277716836	0.9438861824354817	[[0.14221469242691973, 0.32256303507378314, 0.13930867085306603], [0.28616706277551496, -0.26183641350540404, 0.3278207781303987], [0.6229533281298494, 0.0, -0.0592441079908166]]	[[-0.020587949763516425, -0.009978417345154485, 0.3542473163542009], [0.10262566682744337, -0.404379891721021, -0.0317359656564109], [0.2721043650699703, 0.228876994152413, 0.02911575777702087]]	1.0000000000000007	[[0.0, 0.0, 0.0], [0.0, 0.0, 0.0], [0.0, 0.0, 0.0]]
2	[[-0.42203838922340475, -0.825029846081567, 0.3757783270710803], [0.2588054115689476, 0.28760896992378115, 0.9221175843470338], [-0.8688517462515349, 0.4864224845687207, 0.09214016247897017]]	0.11062642160423507	0.889373578395765	[[-0.046688596779400626, -0.09127009958869661, 0.041571011640299485], [0.028630716573683983, 0.031817151163947975, 0.10201056865465376], [-0.0961179595923982, 0.05381117885567883, 0.010193136461081286]]	0.3544549813558375	1.1497622000562406	[[-0.23749030169989174, -0.4843449467382247, 0.31125783417095776], [0.18299485903326435, 0.008329709399346678, 0.03633692072570601], [0.1894805528252822, 0.17241487269886602, -0.0916451547877857]]	[[-0.08789669231626218, -0.19190900802737337, 0.17806133425505033], [0.09125999170080323, -0.09361472267275889, -0.29051225044191176], [0.4974493823438569, 0.0, -0.12430469436139298]]	1.0000000000000002	[[0.0, 0.0, 0.0], [0.0, 0.0, 0.0], [0.0, 0.0, 0.0]]
2	[[0.8592155572171323, 0.2624339665249735, -0.4391776855101157], [-0.4266000482917053, 0.8413623931712975, -0.33184593135155627], [0.2824199444684594, 0.4724804086637203, 0.8348660002631537]]	0.1773802523412765	0.8226197476587235	[[0.1524078723547254, 0.04655060320512195, -0.07790144867844213], [-0.07567042421478341, 0.14924107361118497, -0.058862915041564975], [0.05009572101602462, 0.08380869411508016, 0.14808874179783044]]	0.0	0.688754923936439	[[0.6939545950564777, 0.6939545950564776, 0.0], [-0.7071067811865474, 0.7071067811865475, 0.0], [0.0, 0.0, 0.9813999999999999]]	[[0.6939545950564777, 0.6939545950564776, 0.0], [-0.7071067811865474, 0.7071067811865475, 0.0], [0.0, 0.0, 0.9813999999999999]]	0.6887549239364393	[[0.6939545950564778, 0.6939545950564777, 0.0], [-0.7071067811865475, 0.7071067811865476, 0.0], [0.0, 0.0, 0.9814]]
2	[[0.04673222253661188, -0.9725397674033924, -0.22799671093185395], [-0.8377629715199755, -0.16246744520517667, 0.5213036857710898], [-0.5440306084466285, 0.16664552219444034, -0.8223502702654952]]	0.1838402154243828	0.8161597845756169	[[0.008591261858390938, -0.17879192034821884, -0.04191496445376275], [-0.15401452515880337, -0.029868050125968763, 0.09583658189368191], [-0.10001470425428624, 0.03063614869973468, -0.15118105083990807]]	0.48189837264924607	0.8968634896022062	[[-0.07522793429884532, -0.5998502741925578, 0.11734383091448922], [-0.30213891992324204, -0.2031987418287872, 0.003918103244191377], [0.08564303118530132, 0.0803062059547846, -0.5345259687416729]]	[[-0.09774811628952099, -0.1311849429441868, 0.22721507488193018], [0.10157769271803084, -0.12490594437593205, -0.2472972945849507], [0.3478104960671108, 0.0, -0.138236711753063]]	0.8709093934153455	[[0.6810470395884274, -0.6810470395884273, 0.0], [-0.7071067811865475, -0.7071067811865476, 0.0], [0.0, 0.0, -0.9631459600000001]]
2	[[-0.30792515101507295, 0.09349718223056193, 0.9468053539599837], [0.3027085282091916, -0.9338174967034747, 0.1906631317268273], [0.9019698710720718, 0.34531602882779927, 0.2592434992682147]]	0.6196777527251925	0.3803222472748078	[[-0.19081436558858592, 0.05793812377077241, 0.586714214010103], [0.1875817404914224, -0.5786659278126739, 0.1181497009960277], [0.558930662731773, 0.21398466072399844, 0.16064742903514237]]	0.8153380286756307	0.2720552288411842	[[-0.12683221387061694, 0.14972576078812294, 0.7809899205851492], [0.2923225574393263, -0.8145245033904751, 0.1554549019632735], [0.7263868268568323, 0.2815492902145551, 0.12683221387061694]]	[[0.12423087173765848, 0.07349395254153042, 0.009023509747883511], [0.04551278278594249, -0.05314758648545202, 0.0], [-0.009023509747883511, 0.0, -0.0845388697697015]]	0.46918970432861146	[[0.0, 0.0, 0.9814], [0.0, -1.0, 0.0], [0.9814, 0.0, 0.0]]
2	[[0.5319609947059123, -0.8460851799387872, 0.03402011756955908], [-0.703274286200726, -0.4190807785627857, 0.5742617690636116], [-0.47161719485230363, -0.3294103357928521, -0.8179645788128509]]	0.15873046536159155	0.8412695346384084	[[0.08443841624388462, -0.13429949434722965, 0.005400029093472147], [-0.11163105472548236, -0.06652088700536907, 0.09115283784283788], [-0.07486001681143457, -0.05228745589531756, -0.12983589824426206]]	0.47550331533361095	0.8118685405158581	[[0.28492738954697355, -0.5523072575418411, 0.23776139990804954], [-0.37486526664596675, -0.4625395830374727, 0.010473538951679228], [0.16474413986155098, -0.1566357067746592, -0.3632256174957256]]	[[0.03197817293614677, -0.14999094942631302, 0.22158472121568493], [-0.040456011968642853, -0.26326528343827726, -0.26258983610741254], [0.388999679582159, 0.0, 0.025719251555245765]]	0.6560866575704791	[[0.6810470395884274, -0.6810470395884273, 0.0], [-0.7071067811865475, -0.7071067811865476, 0.0], [0.0, 0.0, -0.9631459600000001]]
2	[[0.22433838825039393, -0.7661379269479729, -0.6022499185961573], [-0.9416906372873723, -0.011392912655017143, -0.3362869982418849], [0.2507808429735371, 0.642575192824231, -0.724020780340167]]	0.1502479561916675	0.8497520438083326	[[0.03370638432995449, -0.11511065768485396, -0.09048681938567074], [-0.14148709361725653, -0.00171176184148647, -0.05052643417967407], [0.03767930910879748, 0.09654560942130735, -0.10878264248640633]]	0.42296864742816687	0.8483477709842357	[[0.16902859387486738, -0.32711284901961313, 0.11898108160457962], [-0.4853537322264464, -0.2832865598490669, -0.14223885679404832], [0.30013699940907174, 0.036607613115433764, -0.33388756001555797]]	[[0.07414048923038327, -0.0030605263150094014, 0.37371391508691987], [-0.08704811707723804, -0.27846771499310713, 0.0], [0.1940645654556593, -0.23518154706432473, -0.027649469845191732]]	0.9521534024925732	[[0.6810470395884274, -0.6810470395884273, 0.0], [-0.7071067811865475, -0.7071067811865476, 0.0], [0.0, 0.0, -0.9631459600000001]]
2	[[-0.8305561570912853, 0.32773595720904825, 0.4502950280316503], [-0.5100865793185324, -0.772219296347621, -0.37879947194723407], [0.22358030216652452, -0.5443036842615101, 0.808545204538665]]	0.19719597603420505	0.8028040239657948	[[-0.16378233204883455, 0.06462821196334276, 0.08879636755605101], [-0.10058702087066693, -0.15227853785571624, -0.0746977315918763], [0.04408913590775031, -0.10733449627696226, 0.15944186077677805]]	0.5422822127487494	0.6341076113196136	[[-0.41377362433858644, 0.17177544182968268, 0.4297304173535954], [-0.3498909995983575, -0.5976838283786177, -0.06495546498438573], [0.3481030193255582, -0.25962756506014684, 0.28885222406550237]]	[[0.036622206340973656, -0.005949938242969435, 0.18554343316283192], [-0.07328012067206326, -0.17892303962794745, 0.1404607508512182], [0.22685939833966123, 0.03553864124848154, -0.14960745855911514]]	0.6806169526005799	[[-0.6810470395884274, 0.6810470395884273, 0.0], [-0.7071067811865475, -0.7071067811865476, 0.0], [0.0, 0.0, 0.9631459600000001]]
