2	[[0.8489524140446696, -0.5135124485683378, 0.12483895166604869], [0.522794976890395, 0.7815435453534784, -0.34040431673891397], [0.0772347773085365, 0.35425224329800037, 0.9319550081910795]]	0.20526952710227916	0.7947304728977209	[[0.1742640605632876, -0.10540845747875614, 0.02562563257243411], [0.1073138776777383, 0.1604270739645471, -0.06987463312057131], [0.015853946213973125, 0.07271719045670208, 0.19130196381198356]]	0.0	0.45959620538927076	[[0.6413458505361985, -0.6413458505361984, 0.0], [0.7071067811865474, 0.7071067811865475, 0.0], [0.0, 0.0, 0.9069999999999999]]	[[0.6413458505361985, -0.6413458505361984, 0.0], [0.7071067811865474, 0.7071067811865475, 0.0], [0.0, 0.0, 0.9069999999999999]]	0.45959620538927076	[[0.6413458505361986, -0.6413458505361985, 0.0], [0.7071067811865475, 0.7071067811865476, 0.0], [0.0, 0.0, 0.907]]
2	[[0.8592155572171323, 0.2624339665249735, -0.4391776855101157], [-0.4266000482917053, 0.8413623931712975, -0.33184593135155627], [0.2824199444684594, 0.4724804086637203, 0.8348660002631537]]	0.16197240037063956	0.8380275996293606	[[0.13916920623825552, 0.04250705949683806, -0.07113466391129522], [-0.06909743382003826, 0.13627748640354098, -0.05374988205424204], [0.04574423631809907, 0.0765287859193635, 0.135225250050458]]	0.0	0.6899691734134273	[[0.6413458505361986, 0.6413458505361985, 0.0], [-0.7071067811865475, 0.7071067811865476, 0.0], [0.0, 0.0, 0.907]]	[[0.6413458505361986, 0.6413458505361985, 0.0], [-0.7071067811865475, 0.7071067811865476, 0.0], [0.0, 0.0, 0.907]]	0.6899691734134273	[[0.6413458505361986, 0.6413458505361985, 0.0], [-0.7071067811865475, 0.7071067811865476, 0.0], [0.0, 0.0, 0.907]]
2	[[0.034229894132735264, 0.2773841392786001, 0.9601491309293217], [-0.1827544195208179, -0.9427759796974285, 0.2788803941677556], [0.9825625356654255, -0.18501754344446375, 0.018422055382213542]]	0.7200223525874797	0.2799776474125204	[[0.024646288902272412, 0.19972278053383075, 0.6913288360865542], [-0.13158726708913857, -0.6788197788647086, 0.20080011749919105], [0.7074669884941391, -0.13321676690083903, 0.01326429165579824]]	0.853458021106539	0.22465450519354152	[[0.0032298732162755503, 0.1990307905353915, 0.7695705267879578], [-0.18802044770227588, -0.8202787291254765, 0.2380127093318243], [0.7852676512725706, -0.15790470649810512, -0.004567730507202492]]	[[-0.02598390449293502, -0.037704928059663155, -0.04987645046214416], [-0.03204722246956443, -0.01565900714613038, 0.0], [-0.05330822602986658, 0.0, -0.02029018143842152]]	0.38016948276680745	[[0.0, 0.0, 0.907], [0.0, -1.0, 0.0], [0.907, 0.0, 0.0]]
2	[[-0.8305561570912853, 0.32773595720904825, 0.4502950280316503], [-0.5100865793185324, -0.772219296347621, -0.37879947194723407], [0.22358030216652452, -0.5443036842615101, 0.808545204538665]]	0.17875398299642203	0.8212460170035778	[[-0.14846522118226924, 0.058584107722262295, 0.08049202978414298], [-0.09118000772620799, -0.13803727496883164, -0.06771191436750952], [0.03996586953180982, -0.09729645152137184, 0.14453067574394313]]	0.5057896533197349	0.6760311588547954	[[-0.3585781098612618, 0.13544725263542767, 0.38735285740392716], [-0.3560541796753736, -0.6071390099941891, -0.05457059042965242], [0.30564358209446746, -0.24215608227013788, 0.2500119212732869]]	[[0.061508600896510605, -0.030318203541748287, 0.15959829128419845], [-0.0980576655588037, -0.2165584798077164, 0.1370222631642377], [0.19255897857253945, 0.033147089493145744, -0.15894187742365845]]	0.6890932971492175	[[-0.5817006864363322, 0.5817006864363321, 0.0], [-0.7071067811865475, -0.7071067811865476, 0.0], [0.0, 0.0, 0.8226490000000001]]
2	[[0.08740825448676931, -0.06334395238859675, -0.994156597696443], [0.7119981850616444, -0.6940087028176986, 0.10681996481098455], [-0.6967197295301035, -0.717174639895393, -0.015561310176609944]]	0.14440140843540658	0.8555985915645936	[[0.012621875056769934, -0.009146955940778736, -0.14355761291271832], [0.10281354072635471, -0.10021583415330522, 0.015424953367726738], [-0.10060731022888247, -0.10356102809505027, -0.0022470751066026792]]	0.4309173056378245	1.0222276803917225	[[0.057559114852935044, -0.014324595615116245, -0.0011367341855952028], [0.6354306449251419, -0.6360929173041773, 0.037616319827260755], [0.0067862325291176695, -0.011817294192685814, 0.021427857494416128]]	[[0.01989338533899112, 0.012971409676628503, 0.4272625482758227], [0.328618305399357, -0.337032556996773, -0.008414251597415922], [0.3070148211629437, 0.29722566930281397, 0.028133495347915326]]	0.8421386060712569	[[0.0, 0.0, -0.8226490000000001], [0.0, -1.0, 0.0], [-0.8226490000000001, 0.0, 0.0]]
2	[[-0.5446221603179724, 0.8109226453022452, -0.2139887049042392], [-0.8354447797583356, -0.5021691245819775, 0.22328947644507607], [0.07361197229480154, 0.30038414347728, 0.9509735242804028]]	0.22792614919812518	0.7720738508018749	[[-0.12413363176923937, 0.18483047584129791, -0.04877362148071722], [-0.1904197115179932, -0.11445747481216369, 0.05089351052259166], [0.016778093380033193, 0.06846540110295356, 0.21675173337860204]]	0.5825966661247104	0.5804908732491093	[[-0.32277639289441146, 0.5135381327226454, 0.1311363890982105], [-0.6034544919983197, -0.41315711953595163, 0.13008770455763335], [0.16839953702976437, 0.01705532295356016, 0.495913641419534]]	[[-0.005481337995523309, 0.04109730308452637, 0.2558054951637647], [-0.1167271485798206, -0.12059506172372732, 0.0], [0.12551344738394848, -0.15794747759302982, -0.05812036339909482]]	0.4464258024303143	[[-0.5817006864363322, 0.5817006864363321, 0.0], [-0.7071067811865475, -0.7071067811865476, 0.0], [0.0, 0.0, 0.8226490000000001]]
2	[[-0.30792515101507295, 0.09349718223056193, 0.9468053539599837], [0.3027085282091916, -0.9338174967034747, 0.1906631317268273], [0.9019698710720718, 0.34531602882779927, 0.2592434992682147]]	0.514319346308041	0.4856806536919592	[[-0.15837186238187712, 0.048087409646466406, 0.4869603107296522], [0.15568885235042063, -0.4802804044755423, 0.09806173727478575], [0.463900554479336, 0.17760271421640236, 0.1333339470782373]]	0.7556743923714635	0.3439279935690322	[[-0.07484602027142277, 0.11852664781977901, 0.7280321604776977], [0.3172026955123923, -0.8089307636585898, 0.14407924621531054], [0.6690399343298166, 0.260946480260574, 0.07484602027142277]]	[[0.15784513111778362, 0.04787322144925511, 0.012555599929938523], [0.08845361239225139, -0.10326879425135038, 0.0], [-0.012555599929938523, 0.0, -0.12105765351433734]]	0.48594878564555666	[[0.0, 0.0, 0.907], [0.0, -1.0, 0.0], [0.907, 0.0, 0.0]]
2	[[-0.3195682178843842, -0.5708200961323295, -0.7563336379995778], [0.910087742671785, 0.03735879733279218, -0.41272826520656647], [0.2638493031197415, -0.8202248094963509, 0.507557688474819]]	0.1106278451336273	0.8893721548663726	[[-0.03535314331774296, -0.0631485971940896, -0.08367156057397021], [0.10068104585430668, 0.0041329232457107505, -0.0456592386055427], [0.02918907984414626, -0.09073970319972127, 0.056150013356974116]]	0.3514448117376303	1.0640980613890203	[[-0.1753951984477087, -0.26369636749728387, 0.17850863827876368], [0.5344652746955293, -0.07335008390081196, -0.14505120746432054], [0.22695546380765144, -0.04862249937030643, 0.08916341049953179]]	[[-0.06308460627600128, -0.06308460627600126, 0.4443181712963623], [0.2146196593075188, -0.08647963939617942, 0.0], [0.13422699514562889, 0.23964125438567233, -0.08921510577248787]]	0.9539415691084221	[[1.6426117363869172e-16, -0.8226490000000001, 0.0], [1.0, 1.7938038903913487e-16, 0.0], [0.0, 0.0, 0.8226490000000001]]
2	[[0.22433838825039393, -0.7661379269479729, -0.6022499185961573], [-0.9416906372873723, -0.011392912655017143, -0.3362869982418849], [0.2507808429735371, 0.642575192824231, -0.724020780340167]]	0.1347008023367559	0.865299197663244	[[0.030218560892262707, -0.10319939346051082, -0.08112354724214829], [-0.12684648439562005, -0.0015346344755833852, -0.04529812847860112], [0.03378038075922342, 0.08655539403511955, -0.09752618002030462]]	0.39019964961581294	0.8699610789771299	[[0.01763591805947592, -0.29661219811695994, 0.10023293194263565], [-0.4528739009958261, -0.12163395149302997, -0.131219068884337], [0.26416039326284757, 0.042989421539709964, -0.3138010842951343]]	[[-0.06990084243120401, 0.002334552535524337, 0.33523063916000806], [-0.08542654427980184, -0.11718844096693874, 0.0], [0.16630579620421523, -0.20774319355211843, -0.031288429491833775]]	0.9694173662456056	[[0.5817006864363322, -0.5817006864363321, 0.0], [-0.7071067811865475, -0.7071067811865476, 0.0], [0.0, 0.0, -0.8226490000000001]]
2	[[0.3802729664721569, 0.7767473726770865, -0.5020517802076895], [0.4287143634067757, 0.332951791095048, 0.839849450446521], [0.8195098935212374, -0.5346088512602871, -0.20639019011321075]]	0.12139632990905067	0.8786036700909498	[[0.04616374249334733, 0.09429428030949592, -0.06094724354151888], [0.05204435029687758, 0.04041912547558377, 0.10195464096034076], [0.09948549339763517, -0.06489955247989242, -0.025055011608975025]]	0.39798325072533075	0.900162267700334	[[0.20238087979172287, 0.3286253000884922, 0.10602186619079249], [0.23788362022785692, -0.208230448531305, 0.3282478353712844], [0.5458948696429918, 0.0, -0.08286237401064142]]	[[0.05103860843216919, 0.019492855718105412, 0.305830065710288], [0.06726248424658755, -0.3407396846861334, -0.00599817903730463], [0.2197436582178402, 0.21276536849110392, -0.0007225352315668176]]	1.0000000000000007	[[0.0, 0.0, 0.0], [0.0, 0.0, 0.0], [0.0, 0.0, 0.0]]
2	[[0.8787972042104137, -0.3840163418041313, 0.28327887866788265], [-0.395223040501579, -0.9183905790867732, -0.018907472103605397], [0.2674214316928388, -0.09534250611366366, -0.9588511794847616]]	0.5327074746442896	0.4672925253557104	[[0.4681418393793915, -0.20456837566461705, 0.15090477607523387], [-0.2105382678268339, -0.48923352612242155, -0.010072151716218981], [0.14245739554285253, -0.0507896656580675, -0.5107871903830258]]	0.7834835680717316	0.3793734555148939	[[0.5386848724295957, -0.23092187627184196, 0.22867915027139388], [-0.35138145074578203, -0.8411691266197678, -0.014813693706949483], [0.2027854938282341, -0.07469928687883408, -0.622804918736411]]	[[-0.14983829673664137, 0.06994861740271241, 0.006734803653322038], [-0.04173069278944645, -0.12162519883339898, 0.0], [-0.006734803653322038, 0.0, 0.12843922461609836]]	0.5153597080428759	[[0.907, 0.0, 0.0], [0.0, -1.0, 0.0], [0.0, 0.0, -0.907]]
2	[[-0.42203838922340475, -0.825029846081567, 0.3757783270710803], [0.2588054115689476, 0.28760896992378115, 0.9221175843470338], [-0.8688517462515349, 0.4864224845687207, 0.09214016247897017]]	0.10392654935862833	0.8960734506413717	[[-0.04386099348886216, -0.08574250502113753, 0.039053344856255404], [0.026896753379700364, 0.02989020780876813, 0.09583249864410114], [-0.09029676389214057, 0.05055221035167779, 0.009575809143782733]]	0.3309401782095377	1.122687439445757	[[-0.22260322324805354, -0.42990751534691407, 0.27018711132536566], [0.18646216964769288, 0.018729315208347433, 0.013661416761569473], [0.1455773884634347, 0.16097674372829854, -0.08679317133947023]]	[[-0.08293376350719384, -0.15687199105649285, 0.14582696479718046], [0.1008130606214726, -0.07645204855289028, -0.2915043409323863], [0.43311534020558573, 0.0, -0.11728605313051638]]	1.0000000000000002	[[0.0, 0.0, 0.0], [0.0, 0.0, 0.0], [0.0, 0.0, 0.0]]
2	[[0.5319609947059123, -0.8460851799387872, 0.03402011756955908], [-0.703274286200726, -0.4190807785627857, 0.5742617690636116], [-0.47161719485230363, -0.3294103357928521, -0.8179645788128509]]	0.1454228294977134	0.8545771705022867	[[0.0773592730325519, -0.12304010086278044, 0.0049473017568101504], [-0.10227213661229428, -0.06094391260670502, 0.08351077132959286], [-0.06858390691519642, -0.04790378309678846, -0.1189507234798702]]	0.4453431956510734	0.8303192153477037	[[0.21124281928991734, -0.4708638307132413, 0.21782593410889056], [-0.38185343266309923, -0.39752021068676496, 0.0], [0.11577678451133927, -0.13818277049703462, -0.30990780920769956]]	[[-0.02566239005413742, -0.09406555288628826, 0.20267530623403787], [-0.06865501462724029, -0.21088543752567415, -0.2557435713750275], [0.3258082931908592, 0.008517881125447303, 0.054367150250199746]]	0.7090182420130415	[[0.5817006864363322, -0.5817006864363321, 0.0], [-0.7071067811865475, -0.7071067811865476, 0.0], [0.0, 0.0, -0.8226490000000001]]
2	[[0.04673222253661188, -0.9725397674033924, -0.22799671093185395], [-0.8377629715199755, -0.16246744520517667, 0.5213036857710898], [-0.5440306084466285, 0.16664552219444034, -0.8223502702654952]]	0.1712272470952308	0.8287727529047691	[[0.008001829815585754, -0.16652530706311902, -0.03903924915962841], [-0.14344784733168564, -0.027818853385077648, 0.08926139501518093], [-0.09315286341985961, 0.02853425400610121, -0.1408087729255798]]	0.45075391292539596	0.8583998150731686	[[-0.04612683681381365, -0.5318044918439484, 0.08787777667721013], [-0.3098751302893139, -0.17888586381114974, 0.0], [0.06213897180405231, 0.062138971804052305, -0.46570083024874764]]	[[-0.06719156898189182, -0.09342838621131484, 0.19064818626386368], [0.0677498072273221, -0.10565302716192398, -0.23497967618374976], [0.3073628973125542, -0.012977149396587588, -0.0950232281313188]]	0.8974947462804305	[[0.5817006864363322, -0.5817006864363321, 0.0], [-0.7071067811865475, -0.7071067811865476, 0.0], [0.0, 0.0, -0.8226490000000001]]
