2	[[0.22433838825039393, -0.7661379269479729, -0.6022499185961573], [-0.9416906372873723, -0.011392912655017143, -0.3362869982418849], [0.2507808429735371, 0.642575192824231, -0.724020780340167]]	0.13700010468647253	0.8629998953135276	[[0.030734382675498495, -0.10496097619614933, -0.08250830189509312], [-0.12901171589064103, -0.0015608302264211588, -0.04607135396383783], [0.03435700174073639, 0.08803286868584992, -0.09919092270178438]]	0.3951091828849117	0.8695647884735056	[[0.01807148176788614, -0.3010768279444801, 0.10284772131812644], [-0.45774011060390046, -0.12278725099146721, -0.13287008109017087], [0.2692913477028906, 0.042221027839742464, -0.3169282353060814]]	[[-0.07056667550344509, 0.0016313023490736461, 0.34080219454715877], [-0.08566949237491503, -0.11828580658166427, 0.0], [0.17020553375242697, -0.21166633153915404, -0.03086097639418188]]	0.9663267510953673	[[0.5956362337428716, -0.5956362337428714, 0.0], [-0.7071067811865475, -0.7071067811865476, 0.0], [0.0, 0.0, -0.8423568399999999]]
2	[[0.034229894132735264, 0.2773841392786001, 0.9601491309293217], [-0.1827544195208179, -0.9427759796974285, 0.2788803941677556], [0.9825625356654255, -0.18501754344446375, 0.018422055382213542]]	0.7410112244094261	0.25898877559057387	[[0.025364735762703188, 0.20554476067859023, 0.711481283125583], [-0.1354230761753552, -0.698607583059388, 0.20665350234603197], [0.7280898676122675, -0.13710007640500627, 0.013650949814912317]]	0.8634550027693432	0.20501550313304895	[[0.0, 0.20284009273014683, 0.787854750156721], [-0.18965160119934033, -0.8217008306859752, 0.24080067151843496], [0.8057014601224203, -0.1597543234872165, 0.0]]	[[-0.029555973333175254, -0.03666863001882871, -0.04119082034883901], [-0.031851383385882795, -0.007656194525461698, 0.0], [-0.04269707683162261, 0.0, -0.015906615881066184]]	0.3749889786415478	[[0.0, 0.0, 0.9178], [0.0, -1.0, 0.0], [0.9178, 0.0, 0.0]]
2	[[0.5319609947059123, -0.8460851799387872, 0.03402011756955908], [-0.703274286200726, -0.4190807785627857, 0.5742617690636116], [-0.47161719485230363, -0.3294103357928521, -0.8179645788128509]]	0.14730006653603542	0.8526999334639647	[[0.07835788991475645, -0.12462840330013686, 0.005011165581559798], [-0.10359234915044974, -0.06173062656627183, 0.08458879679217139], [-0.06946924418128272, -0.04852216437994487, -0.12048623688325312]]	0.4502166265606218	0.8258231594514799	[[0.21294647254702778, -0.4839378279248311, 0.2208980677591389], [-0.38263427767349895, -0.3982306943579176, 0.0], [0.12250587674331363, -0.14224257118533348, -0.3175929741474275]]	[[-0.026551211951300797, -0.10301621242985362, 0.2055816451917763], [-0.06600850099337885, -0.20955355997698147, -0.25854219643055404], [0.33483577923770114, 0.006063438949525996, 0.05066827917177406]]	0.7011385925545329	[[0.5956362337428716, -0.5956362337428714, 0.0], [-0.7071067811865475, -0.7071067811865476, 0.0], [0.0, 0.0, -0.8423568399999999]]
2	[[0.3802729664721569, 0.7767473726770865, -0.5020517802076895], [0.4287143634067757, 0.332951791095048, 0.839849450446521], [0.8195098935212374, -0.5346088512602871, -0.20639019011321075]]	0.12258919939655574	0.8774108006034447	[[0.04661735851197499, 0.09522083854986216, -0.06154612579127622], [0.05255575057984069, 0.04081629350799122, 0.10295647174387633], [0.10046306174432512, -0.06553727106631095, -0.02530120816928144]]	0.4025279099203421	0.8981129977275257	[[0.20812395647753656, 0.3329214211483974, 0.1105637976641553], [0.23967412372030883, -0.20569723875502827, 0.32818343561960023], [0.5568396552432242, 0.0, -0.07986609785407896]]	[[0.05505347408429097, 0.0202589246885728, 0.3126536514229436], [0.06710462706534948, -0.3397196273287523, -0.00987940831638577], [0.22696405064507852, 0.21519498352271843, 0.0032117140002538153]]	1.0000000000000007	[[0.0, 0.0, 0.0], [0.0, 0.0, 0.0], [0.0, 0.0, 0.0]]
2	[[0.08740825448676931, -0.06334395238859675, -0.994156597696443], [0.7119981850616444, -0.6940087028176986, 0.10681996481098455], [-0.6967197295301035, -0.717174639895393, -0.015561310176609944]]	0.14773400195189043	0.8522659980481097	[[0.012913171238959721, -0.009358055585817406, -0.1468707327445711], [0.10518634126163945, -0.10252868305669881, 0.015780940889886855], [-0.10292919388232089, -0.1059510796501523, -0.002298934628005282]]	0.4363702139826042	1.023067527608615	[[0.05861226786754966, -0.014553862602303985, -0.0009007021958895092], [0.6353370381503216, -0.6362508954969945, 0.037849119339284004], [0.007312780325896877, -0.012053363665011096, 0.022158330893542313]]	[[0.020469909153312215, 0.013087551456011879, 0.43291962507312515], [0.3246422377797462, -0.33340616934264583, -0.008763931562899561], [0.3113405177868503, 0.3009002874090387, 0.028948823145159293]]	0.8352458300162743	[[0.0, 0.0, -0.8423568399999999], [0.0, -1.0, 0.0], [-0.8423568399999999, 0.0, 0.0]]
2	[[-0.42203838922340475, -0.825029846081567, 0.3757783270710803], [0.2588054115689476, 0.28760896992378115, 0.9221175843470338], [-0.8688517462515349, 0.4864224845687207, 0.09214016247897017]]	0.10494663644473969	0.8950533635552603	[[-0.04429150939955221, -0.08658410731278174, 0.039436671474941135], [0.027160757437857577, 0.030183594004837173, 0.09677313888376975], [-0.09118306833823714, 0.05104840364658054, 0.009669800133639713]]	0.3344993060310402	1.1259899205879809	[[-0.22487413640812204, -0.43769351025975384, 0.27598826504544477], [0.18593736824506896, 0.017155263061825455, 0.017093510856647974], [0.15158542013562512, 0.16270798352613147, -0.08755251488207619]]	[[-0.08370258809443516, -0.16172159929057373, 0.15029067541866326], [0.09936713767817824, -0.07904973778598168, -0.29135418118645406], [0.44221572630062106, 0.0, -0.11837333528887896]]	1.0000000000000002	[[0.0, 0.0, 0.0], [0.0, 0.0, 0.0], [0.0, 0.0, 0.0]]
2	[[0.04673222253661188, -0.9725397674033924, -0.22799671093185395], [-0.8377629715199755, -0.16246744520517667, 0.5213036857710898], [-0.5440306084466285, 0.16664552219444034, -0.8223502702654952]]	0.17313760613549836	0.8268623938645014	[[0.008091105139380397, -0.16838320719979774, -0.039474804737508425], [-0.14504827539793022, -0.02812922453777454, 0.09025727222401854], [-0.09419215721088789, 0.02885260678594546, -0.14237975719864787]]	0.4555218377559012	0.8641222711783728	[[-0.050075637042541345, -0.5419587592024072, 0.09211652625254382], [-0.3082415319631767, -0.1828067882530729, 0.0], [0.06513622037252237, 0.06513622037252235, -0.4755212903793856]]	[[-0.07136318493483657, -0.09894565706411708, 0.19597400701852288], [0.07337779642744709, -0.10879931903770466, -0.23746521297137166], [0.31295404292759177, -0.010774454151280949, -0.10092278398898519]]	0.8931187706597623	[[0.5956362337428716, -0.5956362337428714, 0.0], [-0.7071067811865475, -0.7071067811865476, 0.0], [0.0, 0.0, -0.8423568399999999]]
2	[[-0.5446221603179724, 0.8109226453022452, -0.2139887049042392], [-0.8354447797583356, -0.5021691245819775, 0.22328947644507607], [0.07361197229480154, 0.30038414347728, 0.9509735242804028]]	0.2313505405377527	0.7686494594622474	[[-0.12599863117840154, 0.18760739232497875, -0.049506402548569375], [-0.1932806013865347, -0.11617709841341055, 0.05165814107196016], [0.01703016958045242, 0.06949403396243858, 0.22000823887936288]]	0.5867222483297327	0.5801192841617538	[[-0.3335159214869076, 0.5184804513160185, 0.13282123604872564], [-0.6051978938540766, -0.4062456326244718, 0.13100890364822396], [0.1719524466514439, 0.015885146739822154, 0.497578758004986]]	[[-0.0139739830949508, 0.04269409364279072, 0.2583731701073086], [-0.11502385431892757, -0.1116118348079603, 0.0], [0.1287626647626519, -0.16035691328376858, -0.060378566262861574]]	0.43730064527110946	[[-0.5956362337428716, 0.5956362337428714, 0.0], [-0.7071067811865475, -0.7071067811865476, 0.0], [0.0, 0.0, 0.8423568399999999]]
2	[[0.8489524140446696, -0.5135124485683378, 0.12483895166604869], [0.522794976890395, 0.7815435453534784, -0.34040431673891397], [0.0772347773085365, 0.35425224329800037, 0.9319550081910795]]	0.20763665154691985	0.7923633484530804	[[0.17627363657490946, -0.10662400534838955, 0.02592114190656611], [0.10855139844707096, 0.1622770847953046, -0.07068041249978523], [0.016036770543316536, 0.07355574960138157, 0.193508017293178]]	0.0	0.45539116492123116	[[0.6489826037730135, -0.6489826037730133, 0.0], [0.7071067811865476, 0.7071067811865478, 0.0], [0.0, 0.0, 0.9178000000000003]]	[[0.6489826037730134, -0.6489826037730133, 0.0], [0.7071067811865476, 0.7071067811865477, 0.0], [0.0, 0.0, 0.9178000000000002]]	0.45539116492123116	[[0.6489826037730133, -0.6489826037730132, 0.0], [0.7071067811865475, 0.7071067811865476, 0.0], [0.0, 0.0, 0.9178]]
2	[[0.8787972042104137, -0.3840163418041313, 0.28327887866788265], [-0.395223040501579, -0.9183905790867732, -0.018907472103605397], [0.2674214316928388, -0.09534250611366366, -0.9588511794847616]]	0.5463073691125572	0.4536926308874428	[[0.48009338861566175, -0.20979095738724346, 0.15475733893020627], [-0.21591325946908324, -0.5017235410786531, -0.010329291341489731], [0.14609429879242813, -0.05208631367955349, -0.5238274652347925]]	0.7921844801318553	0.3670458822740952	[[0.549599956040654, -0.23615395509747888, 0.23115759223449703], [-0.35047976044421775, -0.8424569465833471, -0.014978205959002193], [0.20509864683706241, -0.07552885364012088, -0.6365333861405056]]	[[-0.14656955031810043, 0.06805783099676362, 0.006748461004645504], [-0.03739020156834324, -0.11492218313149814, 0.0], [-0.006748461004645504, 0.0, 0.12305363700344636]]	0.51112462757607	[[0.5956362337428716, -0.5956362337428714, 0.0], [-0.7071067811865475, -0.7071067811865476, 0.0], [0.0, 0.0, -0.8423568399999999]]
2	[[0.8592155572171323, 0.2624339665249735, -0.4391776855101157], [-0.4266000482917053, 0.8413623931712975, -0.33184593135155627], [0.2824199444684594, 0.4724804086637203, 0.8348660002631537]]	0.1642550539761549	0.8357449460238451	[[0.14113049772785208, 0.04310610533673598, -0.07213715443858684], [-0.07007121395838435, 0.13819802530385844, -0.05450737136591728], [0.046388903222609496, 0.0776072950277351, 0.13713095993608088]]	0.0	0.6893831925605484	[[0.6489826037730133, 0.6489826037730132, 0.0], [-0.7071067811865475, 0.7071067811865476, 0.0], [0.0, 0.0, 0.9178]]	[[0.6489826037730133, 0.6489826037730132, 0.0], [-0.7071067811865475, 0.7071067811865476, 0.0], [0.0, 0.0, 0.9178]]	0.6893831925605484	[[0.6489826037730133, 0.6489826037730132, 0.0], [-0.7071067811865475, 0.7071067811865476, 0.0], [0.0, 0.0, 0.9178]]
2	[[-0.30792515101507295, 0.09349718223056193, 0.9468053539599837], [0.3027085282091916, -0.9338174967034747, 0.1906631317268273], [0.9019698710720718, 0.34531602882779927, 0.2592434992682147]]	0.5284306495505392	0.47156935044946097	[[-0.16271708756384287, 0.04940677673724096, 0.5003209681910022], [0.15996046418607088, -0.49345778634467563, 0.10075224254374736], [0.476628524845631, 0.1824755734136867, 0.13699221071005746]]	0.764523924097641	0.3332550747362823	[[-0.08198605151593853, 0.12278742992308264, 0.7359630156528364], [0.3134091787196069, -0.809803195738495, 0.14576652564853948], [0.6774698741631702, 0.26400236541324323, 0.08198605151593853]]	[[0.15343009326646379, 0.0513065972721012, 0.012107671086693611], [0.08198126687529424, -0.0958773787677185, 0.0], [-0.012107671086693611, 0.0, -0.11621180584140091]]	0.48304482669823445	[[0.0, 0.0, 0.9178], [0.0, -1.0, 0.0], [0.9178, 0.0, 0.0]]
2	[[-0.8305561570912853, 0.32773595720904825, 0.4502950280316503], [-0.5100865793185324, -0.772219296347621, -0.37879947194723407], [0.22358030216652452, -0.5443036842615101, 0.808545204538665]]	0.1814566552630263	0.8185433447369737	[[-0.15070994227389728, 0.0594698706045802, 0.08170902966819388], [-0.09255860457769924, -0.14012433064480706, -0.06873568519494565], [0.040570133813834286, -0.09876752599343595, 0.14671590844454563]]	0.5112847126363902	0.6699246650133747	[[-0.3662338551724927, 0.14039800689147755, 0.3934696336196493], [-0.3551448389625896, -0.6058215783502081, -0.05613846409590019], [0.3116631494456318, -0.24478694280124896, 0.25544048328715674]]	[[0.058416810934309574, -0.027168377810762912, 0.1632406696108918], [-0.09434536883603457, -0.2109976573248394, 0.13753591506545768], [0.19734995890126306, 0.03350720999332566, -0.1579563192689258]]	0.6865082895517695	[[-0.5956362337428716, 0.5956362337428714, 0.0], [-0.7071067811865475, -0.7071067811865476, 0.0], [0.0, 0.0, 0.8423568399999999]]
2	[[-0.3195682178843842, -0.5708200961323295, -0.7563336379995778], [0.910087742671785, 0.03735879733279218, -0.41272826520656647], [0.2638493031197415, -0.8202248094963509, 0.507557688474819]]	0.11239495517663602	0.8876050448233639	[[-0.03591785552499282, -0.06415729911871623, -0.08500808534154466], [0.10228927104440115, 0.004198940351672169, -0.04638857486802279], [0.029655330597529977, -0.09218913069810718, 0.05704692364568428]]	0.35587186424228084	1.0828733388787217	[[-0.048312285283623566, -0.26855186392504565, 0.18091985371644426], [0.5360106377396688, -0.2296691105982318, -0.14687837716454336], [0.2331459251959801, -0.047787655687452774, 0.0881174752765739]]	[[0.0654130521674756, -0.06541305216747559, 0.4500777154605004], [0.21213601613101135, -0.24296405545090213, 0.0], [0.13924938181573107, 0.2441072763657833, -0.09250802553146278]]	0.9583048826923944	[[1.6819630627519102e-16, -0.8423568399999999, 0.0], [1.0, 1.7938038903913487e-16, 0.0], [0.0, 0.0, 0.8423568399999999]]
