2	[[-0.8305561570912853, 0.32773595720904825, 0.4502950280316503], [-0.5100865793185324, -0.772219296347621, -0.37879947194723407], [0.22358030216652452, -0.5443036842615101, 0.808545204538665]]	0.19832160792301562	0.8016783920769842	[[-0.16471723254470447, 0.06499712200788707, 0.08930323399897627], [-0.10116119059040218, -0.1531477725208399, -0.07512412035696468], [0.04434080502557883, -0.10794718186116409, 0.16035198504255158]]	0.5444352270323708	0.6315365966910056	[[-0.4173786597878798, 0.17419318048030125, 0.43236977198078047], [-0.3495182249316043, -0.5970745686848387, -0.0655661861134817], [0.35080483531997086, -0.2606583601754115, 0.29136578723893014]]	[[0.034805370161247566, -0.004237819789478316, 0.18721329616282117], [-0.07180912231415364, -0.17665118075904387, 0.14066559039585283], [0.229079842749973, 0.03567973974005963, -0.1488347047600127]]	0.6808974323659133	[[-0.6874463842424368, 0.6874463842424366, 0.0], [-0.7071067811865475, -0.7071067811865476, 0.0], [0.0, 0.0, 0.972196]]
2	[[0.08740825448676931, -0.06334395238859675, -0.994156597696443], [0.7119981850616444, -0.6940087028176986, 0.10681996481098455], [-0.6967197295301035, -0.717174639895393, -0.015561310176609944]]	0.16954886829356133	0.8304511317064388	[[0.014819970627747325, -0.010739895440727797, -0.1685581260460093], [0.12071848650427147, -0.1176683901486234, 0.018111204144860477], [-0.11812804165962525, -0.12159614856310627, -0.0026384025296092885]]	0.4694900410230234	1.0288095959260337	[[0.06536302999202748, -0.015998719679504482, 0.0008059458261813757], [0.6347684901396398, -0.6372104220636337, 0.039263094980500214], [0.01099140559087975, -0.013581548784722097, 0.027095890066669723]]	[[0.024325725007283253, 0.013740635125978236, 0.46755256766199377], [0.3004924330267302, -0.311380247707417, -0.01088781468068683], [0.33809437998951775, 0.32312480232043794, 0.034401770219858324]]	0.7927538304410017	[[0.0, 0.0, -0.972196], [0.0, -1.0, 0.0], [-0.972196, 0.0, 0.0]]
2	[[0.5319609947059123, -0.8460851799387872, 0.03402011756955908], [-0.703274286200726, -0.4190807785627857, 0.5742617690636116], [-0.47161719485230363, -0.3294103357928521, -0.8179645788128509]]	0.15958302487012743	0.8404169751298726	[[0.08489194464809134, -0.1350208323124177, 0.005429033268187583], [-0.1122306379052916, -0.06687817830797739, 0.09164243017444171], [-0.07526209853529493, -0.052568297809307746, -0.1305332617235745]]	0.4771455201591497	0.8068267834149172	[[0.22143829465897405, -0.5568299391503362, 0.2389175861604381], [-0.37375861153232476, -0.3957054821060174, 0.011687221298243832], [0.1679713984719381, -0.1571766660176806, -0.3665697597221872]]	[[-0.032384510864357126, -0.1531241858694959, 0.22268503946683535], [-0.03819443642852461, -0.1957429660299757, -0.2623192092091266], [0.3930014302257395, 0.0, 0.023718374707230337]]	0.6529298682153055	[[0.6874463842424368, -0.6874463842424366, 0.0], [-0.7071067811865475, -0.7071067811865476, 0.0], [0.0, 0.0, -0.972196]]
2	[[0.8489524140446696, -0.5135124485683378, 0.12483895166604869], [0.522794976890395, 0.7815435453534784, -0.34040431673891397], [0.0772347773085365, 0.35425224329800037, 0.9319550081910795]]	0.22150074320422553	0.7784992567957744	[[0.1880435906559157, -0.11374338900250847, 0.027651920574866207], [0.11579947592465839, 0.17311247614226072, -0.07539980914759603], [0.017107560575053693, 0.0784671351722712, 0.2064287269472242]]	0.0	0.43135739284545005	[[0.6972072862499359, -0.6972072862499358, 0.0], [0.7071067811865475, 0.7071067811865476, 0.0], [0.0, 0.0, 0.986]]	[[0.6972072862499359, -0.6972072862499358, 0.0], [0.7071067811865475, 0.7071067811865476, 0.0], [0.0, 0.0, 0.986]]	0.43135739284545005	[[0.6972072862499359, -0.6972072862499358, 0.0], [0.7071067811865475, 0.7071067811865476, 0.0], [0.0, 0.0, 0.986]]
2	[[0.8787972042104137, -0.3840163418041313, 0.28327887866788265], [-0.395223040501579, -0.9183905790867732, -0.018907472103605397], [0.2674214316928388, -0.09534250611366366, -0.9588511794847616]]	0.6446986351560732	0.3553013648439268	[[0.5665593581334266, -0.2475748114387515, 0.18262950644572684], [-0.2547997547936014, -0.5920851528774383, -0.012189621459445927], [0.17240623202385622, -0.061467183563838526, -0.6181700467316169]]	0.8452975191313811	0.28711473893864536	[[0.6205342722598077, -0.2708336454133319, 0.24622607680211783], [-0.3454944947088897, -0.850271351464121, -0.015982439262223435], [0.21927952933068157, -0.08059278388564842, -0.7262811646935523]]	[[-0.12231082427884868, 0.053774415619608724, 0.006771143441837105], [-0.01141343906934367, -0.0739580733684393, 0.0], [-0.006771143441837105, 0.0, 0.0842333585411152]]	0.4735288200275008	[[0.6874463842424368, -0.6874463842424366, 0.0], [-0.7071067811865475, -0.7071067811865476, 0.0], [0.0, 0.0, -0.972196]]
2	[[-0.42203838922340475, -0.825029846081567, 0.3757783270710803], [0.2588054115689476, 0.28760896992378115, 0.9221175843470338], [-0.8688517462515349, 0.4864224845687207, 0.09214016247897017]]	0.11101604166029706	0.8889839583397029	[[-0.046853031400270174, -0.09159154776357971, 0.04171742241315979], [0.0287315523526486, 0.0319292093869336, 0.1023698441595628], [-0.09645648165848239, 0.054000698811386305, 0.01022903611635187]]	0.3558330869476243	1.1517588099994664	[[-0.23835352229823686, -0.4877729395942922, 0.31388238782665395], [0.18279165426406108, 0.007720231411008936, 0.0376658384553226], [0.19238735024349918, 0.17308521424482104, -0.09191642854310286]]	[[-0.08817829945046986, -0.19420002263916486, 0.18016802569693743], [0.09070012574673197, -0.09462055619079654, -0.29045410811156874], [0.5015535492120168, 0.0, -0.12470294698985049]]	1.0000000000000002	[[0.0, 0.0, 0.0], [0.0, 0.0, 0.0], [0.0, 0.0, 0.0]]
2	[[-0.5446221603179724, 0.8109226453022452, -0.2139887049042392], [-0.8354447797583356, -0.5021691245819775, 0.22328947644507607], [0.07361197229480154, 0.30038414347728, 0.9509735242804028]]	0.25276443554794503	0.7472355644520549	[[-0.1376611129396747, 0.2049724047128685, -0.054088734208755776], [-0.21117072818709298, -0.12693049532456918, 0.05643963847743583], [0.018606488626666473, 0.0759264284735876, 0.240372286085776]]	0.6108362603670963	0.5846779093850519	[[-0.258876900359935, 0.5487459630901234, 0.14346702962692556], [-0.6153880709603529, -0.5163638995421798, 0.1363933087710371], [0.19520959647540206, 0.007683422576378698, 0.5053630261003291]]	[[0.07379806336174437, 0.05340500698670647, 0.2741790898914292], [-0.10506810594955877, -0.20962078941070622, 0.0], [0.15024473460059917, -0.17580210429885632, -0.0755260851792302]]	0.38805407523539687	[[-0.6874463842424368, 0.6874463842424366, 0.0], [-0.7071067811865475, -0.7071067811865476, 0.0], [0.0, 0.0, 0.972196]]
2	[[-0.3195682178843842, -0.5708200961323295, -0.7563336379995778], [0.910087742671785, 0.03735879733279218, -0.41272826520656647], [0.2638493031197415, -0.8202248094963509, 0.507557688474819]]	0.12338843833119151	0.8766115616688084	[[-0.03943102334503609, -0.07043260022982877, -0.09332282645011666], [0.11229430531263083, 0.004609643660824718, -0.05092589609898008], [0.03255595346671808, -0.1012062583242538, 0.0626267505438973]]	0.3827500669757886	1.0852157802329911	[[-0.2035364004297477, -0.29970307365694143, 0.19573641530459626], [0.5453930837697567, -0.08048809353118577, -0.1579717711506144], [0.2743616951507006, -0.04114148897100651, 0.07940298927638378]]	[[-0.08122164363116627, -0.08122164363116625, 0.48522316590497655], [0.19705693930828666, -0.09478717571244698, 0.0], [0.17337335671010434, 0.27279961179892526, -0.11486474998142965]]	0.9958081333152924	[[1.9412174082365807e-16, -0.972196, 0.0], [1.0, 1.7938038903913487e-16, 0.0], [0.0, 0.0, 0.972196]]
2	[[0.034229894132735264, 0.2773841392786001, 0.9601491309293217], [-0.1827544195208179, -0.9427759796974285, 0.2788803941677556], [0.9825625356654255, -0.18501754344446375, 0.018422055382213542]]	0.8265069342914667	0.17349306570853315	[[0.028291244860768484, 0.22925991457623301, 0.7935699146670099], [-0.1510477950063678, -0.779210884703356, 0.23049657961758754], [0.812094749102481, -0.15291828262242196, 0.015225956517300928]]	0.9217521128655959	0.12608149693237775	[[0.0, 0.24991133545335517, 0.8740406195395649], [-0.17541762318209153, -0.8208624860354524, 0.25705859256091895], [0.9069171740843913, -0.17054031158713664, 0.0]]	[[-0.031551477240014406, -0.00576808100209924, -0.0109788705606031], [-0.006963350853252117, 0.048143265209584764, 0.0], [0.00123808081220767, 0.0, -0.01698056847188236]]	0.3442785779460648	[[0.0, 0.0, 0.986], [0.0, -1.0, 0.0], [0.986, 0.0, 0.0]]
2	[[0.04673222253661188, -0.9725397674033924, -0.22799671093185395], [-0.8377629715199755, -0.16246744520517667, 0.5213036857710898], [-0.5440306084466285, 0.16664552219444034, -0.8223502702654952]]	0.18457839961624442	0.8154216003837554	[[0.008625758846318034, -0.1795098338304727, -0.042083268021569115], [-0.15463294854090642, -0.029987981025711395, 0.09622140003367732], [-0.10041629904933037, 0.030759163789863136, -0.15178809680959118]]	0.48359617413813655	0.8987353885977187	[[-0.07719031915653156, -0.603375070957509, 0.11889801079338302], [-0.3024425491310946, -0.20416348020055147, 0.005068690171305585], [0.08755804243270165, 0.08058913697048325, -0.5388095941200487]]	[[-0.09978984318420908, -0.13305856024403523, 0.22915634791610626], [0.102696418730562, -0.12559484527733067, -0.24703177783170274], [0.35064916329153384, 0.0, -0.1411241496181928]]	0.869582725889221	[[0.6874463842424368, -0.6874463842424366, 0.0], [-0.7071067811865475, -0.7071067811865476, 0.0], [0.0, 0.0, -0.972196]]
2	[[-0.30792515101507295, 0.09349718223056193, 0.9468053539599837], [0.3027085282091916, -0.9338174967034747, 0.1906631317268273], [0.9019698710720718, 0.34531602882779927, 0.2592434992682147]]	0.6268765651701328	0.3731234348298672	[[-0.19303106099782333, 0.05861119244978062, 0.5935300881751263], [0.18976088241148428, -0.5853883048292461, 0.11952224912149406], [0.565423774664608, 0.21647052604976136, 0.1625136743639443]]	0.8189313480033115	0.26780754518091027	[[-0.13025712294327135, 0.15179869848918928, 0.7841392054694176], [0.2908776841039256, -0.8148392062116887, 0.15614001547958364], [0.7298807817212093, 0.28279012097510003, 0.13025712294327135]]	[[0.1219124360616256, 0.07523092501060392, 0.008770620654215598], [0.04298018104547387, -0.05010678484723424, 0.0], [-0.008770620654215598, 0.0, -0.08204550537354321]]	0.46841706844373343	[[0.0, 0.0, 0.986], [0.0, -1.0, 0.0], [0.986, 0.0, 0.0]]
2	[[0.3802729664721569, 0.7767473726770865, -0.5020517802076895], [0.4287143634067757, 0.332951791095048, 0.839849450446521], [0.8195098935212374, -0.5346088512602871, -0.20639019011321075]]	0.1292845075694201	0.8707154924305802	[[0.0491634032123154, 0.10042140158239794, -0.0649075171785018], [0.05542612536098242, 0.043045508356079676, 0.10857952263342655], [0.10594993303216108, -0.06911664207743957, -0.02668305409594543]]	0.42989484600893596	0.9427089758246032	[[0.14143690304352666, 0.3236333814023557, 0.14151978939894794], [0.28722501295050185, -0.2599909614152773, 0.32779563450782606], [0.6278456627127433, 0.0, -0.0575561257365179]]	[[-0.02204048531938254, -0.010286310762505947, 0.3573492621398447], [0.10292291771192698, -0.40312522037648235, -0.03325131566257059], [0.27554258323463143, 0.2298255897875553, 0.031169953259955877]]	1.0000000000000007	[[0.0, 0.0, 0.0], [0.0, 0.0, 0.0], [0.0, 0.0, 0.0]]
2	[[0.22433838825039393, -0.7661379269479729, -0.6022499185961573], [-0.9416906372873723, -0.011392912655017143, -0.3362869982418849], [0.2507808429735371, 0.642575192824231, -0.724020780340167]]	0.15118406455785843	0.8488159354421415	[[0.03391638937205346, -0.11582784580792617, -0.09105059057300646], [-0.1423686181011849, -0.0017224268423381844, -0.05084123525216955], [0.03791406715398535, 0.09714712943521688, -0.10946040439617886]]	0.4249136549612549	0.8686377066377666	[[0.020948541952046876, -0.32897887302088547, 0.12019671126946994], [-0.48728157624470825, -0.12978862582951672, -0.1428929375389084], [0.3024096851293288, 0.03612935863042617, -0.33501741731418966]]	[[-0.07437590254754504, -0.0034364062769834947, 0.37610092538028134], [-0.08714436571213763, -0.12494762167261907, 0.0], [0.19584948054717863, -0.23690961513995093, -0.027371101271949305]]	0.9514390481599648	[[0.6874463842424368, -0.6874463842424366, 0.0], [-0.7071067811865475, -0.7071067811865476, 0.0], [0.0, 0.0, -0.972196]]
2	[[0.8592155572171323, 0.2624339665249735, -0.4391776855101157], [-0.4266000482917053, 0.8413623931712975, -0.33184593135155627], [0.2824199444684594, 0.4724804086637203, 0.8348660002631537]]	0.1783079907363517	0.8216920092636484	[[0.1532049996168017, 0.04679407327203901, -0.07830889067955016], [-0.07606619745892453, 0.15002163780750247, -0.05917078125332931], [0.05035773284204298, 0.08424703233111831, 0.1488632790410174]]	0.0	0.688901219597003	[[0.6972072862499359, 0.6972072862499358, 0.0], [-0.7071067811865475, 0.7071067811865476, 0.0], [0.0, 0.0, 0.986]]	[[0.6972072862499359, 0.6972072862499358, 0.0], [-0.7071067811865475, 0.7071067811865476, 0.0], [0.0, 0.0, 0.986]]	0.688901219597003	[[0.6972072862499359, 0.6972072862499358, 0.0], [-0.7071067811865475, 0.7071067811865476, 0.0], [0.0, 0.0, 0.986]]
