2	[[-0.5446221603179724, 0.8109226453022452, -0.2139887049042392], [-0.8354447797583356, -0.5021691245819775, 0.22328947644507607], [0.07361197229480154, 0.30038414347728, 0.9509735242804028]]	0.2550013932139375	0.7449986067860626	[[-0.13887940965626738, 0.20678640434080425, -0.05456741788262717], [-0.2130395827916868, -0.1280538263974276, 0.056939127583505084], [0.018771155492400146, 0.0765983750860817, 0.24249957360107088]]	0.6131982445550657	0.5843537907239386	[[-0.38855963794934933, 0.5518546278658683, 0.14459326802986944], [-0.6163862058688178, -0.38683274692760883, 0.13692071498374034], [0.19774820433373333, 0.006737556341956037, 0.5059216601583465]]	[[-0.054598285296581124, 0.05459828529658111, 0.27581076623176093], [-0.10409293349831272, -0.07890352126418614, 0.0], [0.15260947214432488, -0.17745747313048904, -0.07721363554874056]]	0.383966949719721	[[-0.6975228255799727, 0.6975228255799726, 0.0], [-0.7071067811865475, -0.7071067811865476, 0.0], [0.0, 0.0, 0.9864462400000001]]
2	[[-0.8305561570912853, 0.32773595720904825, 0.4502950280316503], [-0.5100865793185324, -0.772219296347621, -0.37879947194723407], [0.22358030216652452, -0.5443036842615101, 0.808545204538665]]	0.20007976269662048	0.7999202373033795	[[-0.16617747881704142, 0.06557333254553613, 0.09009492235204061], [-0.10205800174478284, -0.15450545356298323, -0.07579010845680774], [0.04473389380111692, -0.10890415198193917, 0.16177353265358652]]	0.5477814779160436	0.6275207990473695	[[-0.42306736945181667, 0.17801783161287982, 0.43650569495357305], [-0.3489368203045613, -0.5961164053483377, -0.06651495263997283], [0.35505183463697, -0.26226043921946607, 0.29532663658082137]]	[[0.031895909771917225, -0.0015098553933219072, 0.1898424190001494], [-0.0695208400203164, -0.1731089779197505, 0.14098438193709997], [0.23257868628327555, 0.035899037380451464, -0.1475794505232983]]	0.6815512183224324	[[-0.6975228255799727, 0.6975228255799726, 0.0], [-0.7071067811865475, -0.7071067811865476, 0.0], [0.0, 0.0, 0.9864462400000001]]
2	[[0.8787972042104137, -0.3840163418041313, 0.28327887866788265], [-0.395223040501579, -0.9183905790867732, -0.018907472103605397], [0.2674214316928388, -0.09534250611366366, -0.9588511794847616]]	0.6565385710289151	0.34346142897108495	[[0.5769642606765107, -0.2521215402998358, 0.1859835102032851], [-0.25947917024860967, -0.6029588384400479, -0.012413484716670165], [0.17557248462612302, -0.06259603272218034, -0.6295227832083153]]	0.8504516539328795	0.278430988912019	[[0.6282475302569817, -0.2748018226774137, 0.24767996391587804], [-0.3446959935212174, -0.8505617356863876, -0.01607989092220099], [0.22066402585174746, -0.08108419201447092, -0.7355039382124853]]	[[-0.11912700553535496, 0.051785510347163666, 0.006764973028525776], [-0.008577905054268118, -0.06951494874566644, 0.0], [-0.006764973028525776, 0.0, 0.0799526332558226]]	0.4707263823509506	[[0.6975228255799727, -0.6975228255799726, 0.0], [-0.7071067811865475, -0.7071067811865476, 0.0], [0.0, 0.0, -0.9864462400000001]]
2	[[-0.30792515101507295, 0.09349718223056193, 0.9468053539599837], [0.3027085282091916, -0.9338174967034747, 0.1906631317268273], [0.9019698710720718, 0.34531602882779927, 0.2592434992682147]]	0.6383236831557255	0.3616763168442746	[[-0.19655591653222435, 0.059681465726094333, 0.6043682807712972], [0.19322602264914002, -0.5960778238910217, 0.12170479248587365], [0.5757487301982197, 0.22042339937406952, 0.16548126528706544]]	0.8245346200498279	0.26123436517197307	[[-0.1356659226195104, 0.15507758859101475, 0.7890404512026715], [0.2886371391376025, -0.8153247504851061, 0.15720835287588983], [0.7353387265266695, 0.2847250206266449, 0.1356659226195104]]	[[0.1182290247764886, 0.07798592496480886, 0.00836665841413356], [0.03904347784479412, -0.04535989564482506, 0.0], [-0.00836665841413356, 0.0, -0.07808931754999483]]	0.4672738826791727	[[0.0, 0.0, 0.9932000000000001], [0.0, -1.0, 0.0], [0.9932000000000001, 0.0, 0.0]]
2	[[0.08740825448676931, -0.06334395238859675, -0.994156597696443], [0.7119981850616444, -0.6940087028176986, 0.10681996481098455], [-0.6967197295301035, -0.717174639895393, -0.015561310176609944]]	0.17192826583119258	0.8280717341688075	[[0.015027949613241814, -0.010890615885065076, -0.17092361980658805], [0.12241261323260506, -0.11931971274720243, 0.01836537130610159], [-0.11978581486848837, -0.12330259213532495, -0.0026754290727258358]]	0.4728535982904229	1.0294602285639538	[[0.06608579048053265, -0.016150949003477848, 0.0010079282402094547], [0.6347107499892803, -0.6373078689057485, 0.039406694403230684], [0.011415431317270323, -0.013746650445815894, 0.027649903831190425]]	[[0.02475448282617873, 0.013801466813407333, 0.47109845272513684], [0.2980398462066314, -0.3091433565335311, -0.011103510326899711], [0.34086186242551, 0.3253719586313589, 0.03500812534231382]]	0.788389881952623	[[0.0, 0.0, -0.9864462400000001], [0.0, -1.0, 0.0], [-0.9864462400000001, 0.0, 0.0]]
2	[[0.034229894132735264, 0.2773841392786001, 0.9601491309293217], [-0.1827544195208179, -0.9427759796974285, 0.2788803941677556], [0.9825625356654255, -0.18501754344446375, 0.018422055382213542]]	0.8284716400784663	0.17152835992153362	[[0.02835849653185946, 0.22980489279989558, 0.7954563252209294], [-0.1514068536720001, -0.7810631621265117, 0.23104449754188966], [0.8140251954023917, -0.1532817876607238, 0.015262150436118792]]	0.9277033093723991	0.12531790646857285	[[0.0, 0.2552116593226569, 0.8833548677205504], [-0.17399973803476673, -0.8207623346304439, 0.258718264588506], [0.9179708077847465, -0.17164138734538065, 0.0]]	[[-0.03175518606640537, -0.002118524653514873, -0.0073786585336143105], [-0.004457858242872175, 0.05385406173166635, 0.0], [0.006444291782595372, 0.0, -0.017090201743521126]]	0.34123591434624984	[[0.0, 0.0, 0.9932000000000001], [0.0, -1.0, 0.0], [0.9932000000000001, 0.0, 0.0]]
2	[[0.3802729664721569, 0.7767473726770865, -0.5020517802076895], [0.4287143634067757, 0.332951791095048, 0.839849450446521], [0.8195098935212374, -0.5346088512602871, -0.20639019011321075]]	0.12990856106076168	0.8700914389392387	[[0.04940071388470517, 0.10090613349220749, -0.06522082434477469], [0.05569366605625467, 0.043253288083761, 0.10910363361517901], [0.10646135104240195, -0.06945026659757067, -0.026811852614664247]]	0.43265166163802526	0.9409516473739418	[[0.1401772875529417, 0.3252863847170536, 0.14501632259052233], [0.2888687334062575, -0.257123711688043, 0.3277565692590727], [0.6355332893743625, 0.0, -0.05486116000704028]]	[[-0.024348443267258095, -0.01077465674465826, 0.36222985952570785], [0.10338475171022775, -0.4011758573506722, -0.03560569100239699], [0.2809709722135979, 0.23129940782415914, 0.034433898691228274]]	1.0000000000000007	[[0.0, 0.0, 0.0], [0.0, 0.0, 0.0], [0.0, 0.0, 0.0]]
2	[[0.8489524140446696, -0.5135124485683378, 0.12483895166604869], [0.522794976890395, 0.7815435453534784, -0.34040431673891397], [0.0772347773085365, 0.35425224329800037, 0.9319550081910795]]	0.22285490315772577	0.7771450968422742	[[0.18919320801744238, -0.11443876699598357, 0.027820972483849293], [0.11650742394625445, 0.1741708111132952, -0.0758607710413225], [0.01721214881750241, 0.07894684937358298, 0.20769074309778052]]	0.0	0.42909096498399163	[[0.7022984550744794, -0.7022984550744791, 0.0], [0.7071067811865476, 0.7071067811865477, 0.0], [0.0, 0.0, 0.9932000000000003]]	[[0.7022984550744792, -0.7022984550744791, 0.0], [0.7071067811865476, 0.7071067811865477, 0.0], [0.0, 0.0, 0.9932000000000003]]	0.4290909649839917	[[0.7022984550744791, -0.702298455074479, 0.0], [0.7071067811865475, 0.7071067811865476, 0.0], [0.0, 0.0, 0.9932000000000001]]
2	[[0.04673222253661188, -0.9725397674033924, -0.22799671093185395], [-0.8377629715199755, -0.16246744520517667, 0.5213036857710898], [-0.5440306084466285, 0.16664552219444034, -0.8223502702654952]]	0.18572421986937385	0.814275780130626	[[0.008679305573374194, -0.18062418959293738, -0.04234451127060169], [-0.15559287432099586, -0.030174139514901666, 0.09681872035486484], [-0.10103966033881097, 0.030950109604286853, -0.15273036240442783]]	0.48623634139725347	0.9017409298530743	[[-0.08028967300869896, -0.6088944447512464, 0.12135318067303211], [-0.30290815768285684, -0.2056721856211654, 0.006853607903688124], [0.09059020492285505, 0.0810291090220595, -0.5455383715507889]]	[[-0.10301257792026343, -0.13601026638568514, 0.23221346724714395], [0.10444264454710754, -0.12667460946844156, -0.24662318902255004], [0.35511765758206554, 0.0, -0.14568178478985178]]	0.8675948801497797	[[0.6975228255799727, -0.6975228255799726, 0.0], [-0.7071067811865475, -0.7071067811865476, 0.0], [0.0, 0.0, -0.9864462400000001]]
2	[[0.5319609947059123, -0.8460851799387872, 0.03402011756955908], [-0.703274286200726, -0.4190807785627857, 0.5742617690636116], [-0.47161719485230363, -0.3294103357928521, -0.8179645788128509]]	0.16092472591830476	0.8390752740816952	[[0.0856056772722777, -0.13615602568518892, 0.005474678095589783], [-0.11317422175224326, -0.06744045942784613, 0.09241291779192251], [-0.07589486781996675, -0.05301026800212146, -0.1316307256563396]]	0.47969250920302	0.8075940416829618	[[0.22215191681460505, -0.5639422106719129, 0.24072330929259708], [-0.3720422370545765, -0.39503777242818355, 0.01356959041040667], [0.17307613510652628, -0.15801567053388263, -0.37183451727522365]]	[[-0.03302578753400848, -0.15808148770758734, 0.2244041137322736], [-0.03468683004898743, -0.1940078622006457, -0.26189947853108236], [0.3993073706885174, 0.0, 0.020536963974704052]]	0.6480192955334646	[[0.6975228255799727, -0.6975228255799726, 0.0], [-0.7071067811865475, -0.7071067811865476, 0.0], [0.0, 0.0, -0.9864462400000001]]
2	[[0.22433838825039393, -0.7661379269479729, -0.6022499185961573], [-0.9416906372873723, -0.011392912655017143, -0.3362869982418849], [0.2507808429735371, 0.642575192824231, -0.724020780340167]]	0.15264265349332856	0.8473573465066715	[[0.03424360686295668, -0.1169453261112165, -0.09192902564065844], [-0.14374215764536807, -0.0017390444186795723, -0.051331739746947616], [0.03827985331677447, 0.09808438250167788, -0.1105164530954335]]	0.4279390731846017	0.8493663562140528	[[0.17074129244192018, -0.33189498644029153, 0.12211263800202402], [-0.4902802969824935, -0.2820293905607674, -0.143910346351664], [0.30597823140984276, 0.035361223982788056, -0.3367596969317165]]	[[0.07473813049431922, -0.004034632050603976, 0.37983890999156533], [-0.0872940784351185, -0.2771539180783063, 0.0], [0.19865930989529415, -0.2396218084858301, -0.02692291522655324]]	0.9504177598966626	[[0.6975228255799727, -0.6975228255799726, 0.0], [-0.7071067811865475, -0.7071067811865476, 0.0], [0.0, 0.0, -0.9864462400000001]]
2	[[0.8592155572171323, 0.2624339665249735, -0.4391776855101157], [-0.4266000482917053, 0.8413623931712975, -0.33184593135155627], [0.2824199444684594, 0.4724804086637203, 0.8348660002631537]]	0.17975414981185603	0.8202458501881441	[[0.15444756199268572, 0.047173594534449734, -0.07894401147520952], [-0.07668312899037222, 0.15123838166817521, -0.059650683258622536], [0.05076615700783947, 0.08493031416210534, 0.15007062808412797]]	0.0	0.6891832594262814	[[0.702298455074479, 0.7022984550744789, 0.0], [-0.7071067811865474, 0.7071067811865475, 0.0], [0.0, 0.0, 0.9931999999999997]]	[[0.702298455074479, 0.7022984550744789, 0.0], [-0.7071067811865474, 0.7071067811865475, 0.0], [0.0, 0.0, 0.9931999999999999]]	0.6891832594262813	[[0.7022984550744791, 0.702298455074479, 0.0], [-0.7071067811865475, 0.7071067811865476, 0.0], [0.0, 0.0, 0.9932000000000001]]
2	[[-0.42203838922340475, -0.825029846081567, 0.3757783270710803], [0.2588054115689476, 0.28760896992378115, 0.9221175843470338], [-0.8688517462515349, 0.4864224845687207, 0.09214016247897017]]	0.11162028876020375	0.8883797112397964	[[-0.047108046873007695, -0.09209006965541094, 0.04194448537750027], [0.0288879347720293, 0.03210299627291723, 0.10292703103567745], [-0.09698148280640356, 0.05429461818701636, 0.010284711542314744]]	0.3579728310730488	1.1549564417602183	[[-0.23969156969244654, -0.49315328756720317, 0.3180103770672877], [0.18247614417996266, 0.006773912817649171, 0.03972921003008895], [0.19698184706192098, 0.17412603389865136, -0.09233444549736303]]	[[-0.08861329268063514, -0.19781501784562272, 0.183491945469759], [0.08983083830360092, -0.09618228438797012, -0.2903638322208596], [0.5080071664503452, 0.0, -0.12531812031549072]]	1.0000000000000002	[[0.0, 0.0, 0.0], [0.0, 0.0, 0.0], [0.0, 0.0, 0.0]]
2	[[-0.3195682178843842, -0.5708200961323295, -0.7563336379995778], [0.910087742671785, 0.03735879733279218, -0.41272826520656647], [0.2638493031197415, -0.8202248094963509, 0.507557688474819]]	0.12453051134541684	0.8754694886545831	[[-0.03979599358288595, -0.071084518457599, -0.09418661468782683], [0.11333369196411353, 0.0046523101351024325, -0.051397261912880535], [0.032857288635633294, -0.10214301494477769, 0.06320641848306702]]	0.38547870628436887	1.0874704792596641	[[-0.2061887282361828, -0.3030409772147187, 0.19725917434777268], [0.546345577182436, -0.08111025915527328, -0.15909795771881918], [0.2789270161099209, -0.04030119611894617, 0.07827014817543809]]	[[-0.0830019850365091, -0.08300198503650909, 0.48880968664320007], [0.1955261315320549, -0.09551128001945801, 0.0], [0.17721872808929057, 0.2758780023080501, -0.11738253294251987]]	0.9999999999999999	[[0.0, 0.0, 0.0], [0.0, 0.0, 0.0], [0.0, 0.0, 0.0]]
