2	[[0.8489524140446696, -0.5135124485683378, 0.12483895166604869], [0.522794976890395, 0.7815435453534784, -0.34040431673891397], [0.0772347773085365, 0.35425224329800037, 0.9319550081910795]]	0.20948818953814727	0.7905118104618526	[[0.17784550422225742, -0.10757479315588205, 0.026152285968360833], [0.10951937320840639, 0.16372414236132513, -0.07131068402460512], [0.016179773667747283, 0.07421166108832536, 0.19523356739695844]]	0.0	0.45211766809998183	[[0.6550637220912174, -0.6550637220912173, 0.0], [0.7071067811865474, 0.7071067811865475, 0.0], [0.0, 0.0, 0.9263999999999998]]	[[0.6550637220912174, -0.6550637220912173, 0.0], [0.7071067811865474, 0.7071067811865475, 0.0], [0.0, 0.0, 0.9263999999999998]]	0.4521176680999818	[[0.6550637220912175, -0.6550637220912174, 0.0], [0.7071067811865475, 0.7071067811865476, 0.0], [0.0, 0.0, 0.9263999999999999]]
2	[[0.3802729664721569, 0.7767473726770865, -0.5020517802076895], [0.4287143634067757, 0.332951791095048, 0.839849450446521], [0.8195098935212374, -0.5346088512602871, -0.20639019011321075]]	0.12351288842126265	0.8764871115787377	[[0.04696861247749809, 0.09593831157297389, -0.06200986551048866], [0.052951749332053724, 0.04112383742318221, 0.10373223146365991], [0.10122003403860945, -0.06603108339473125, -0.02549184852269619]]	0.40610524853829183	0.896649860679751	[[0.21271652229744584, 0.3363214098229827, 0.1142510821214443], [0.24108352253642984, -0.20365242032638312, 0.3281327432114789], [0.5656133910310837, 0.0, -0.07737491129099026]]	[[0.05828567473587706, 0.020880224990489346, 0.31813694510178], [0.06698036943318561, -0.338865890200307, -0.012934526596853334], [0.23280612204305234, 0.21710746041182963, 0.006441228160800505]]	1.0000000000000007	[[0.0, 0.0, 0.0], [0.0, 0.0, 0.0], [0.0, 0.0, 0.0]]
2	[[-0.5446221603179724, 0.8109226453022452, -0.2139887049042392], [-0.8354447797583356, -0.5021691245819775, 0.22328947644507607], [0.07361197229480154, 0.30038414347728, 0.9509735242804028]]	0.23407141027914788	0.765928589720852	[[-0.12748047713490399, 0.18981380721319374, -0.05008863794074368], [-0.19555373780838564, -0.11754343518954855, 0.05226568265199153], [0.017230458168473767, 0.07031134008922083, 0.2225957139664454]]	0.58994490192203	0.5800246716282508	[[-0.34218849287848346, 0.5223848794789772, 0.13416269636164177], [-0.6065597332197866, -0.4008467999224399, 0.13172848828161185], [0.1748069214562254, 0.014927783302951926, 0.49881751750043934]]	[[-0.020891425925133197, 0.04398519902979084, 0.2604042418887954], [-0.11369334456398342, -0.10459468497265362, 0.0], [0.13137991368048146, -0.162282310759685, -0.06220446501161011]]	0.4302473032860383	[[-0.6068510321453039, 0.6068510321453038, 0.0], [-0.7071067811865475, -0.7071067811865476, 0.0], [0.0, 0.0, 0.8582169599999998]]
2	[[-0.30792515101507295, 0.09349718223056193, 0.9468053539599837], [0.3027085282091916, -0.9338174967034747, 0.1906631317268273], [0.9019698710720718, 0.34531602882779927, 0.2592434992682147]]	0.5399345490036906	0.46006545099630936	[[-0.1662594275402168, 0.05048235892077434, 0.5112129217846635], [0.16344279265820083, -0.5042003289343462, 0.10294561204055577], [0.48700469555221615, 0.18644805428888325, 0.13997452185952217]]	0.7715233996729515	0.3247956137178913	[[-0.0877719878027426, 0.12624463103312755, 0.7422178179080711], [0.31043361870031877, -0.8104829276856724, 0.14710106758217362], [0.6841555289397863, 0.2664193965227866, 0.0877719878027426]]	[[0.14979947155321352, 0.054109367138762944, 0.01173533239231235], [0.0768869059063677, -0.09002087795492233, 0.0], [-0.01173533239231235, 0.0, -0.11224043809578278]]	0.4808419098459612	[[0.0, 0.0, 0.9263999999999999], [0.0, -1.0, 0.0], [0.9263999999999999, 0.0, 0.0]]
2	[[0.034229894132735264, 0.2773841392786001, 0.9601491309293217], [-0.1827544195208179, -0.9427759796974285, 0.2788803941677556], [0.9825625356654255, -0.18501754344446375, 0.018422055382213542]]	0.7581701654997958	0.24182983450020434	[[0.02595208449965638, 0.21030437878387467, 0.7279564255011688], [-0.13855894849391762, -0.7147846205564317, 0.21143879460081555], [0.7449496002793546, -0.14027478153365475, 0.013967052777979244]]	0.8710004894639112	0.19308237904894565	[[0.0, 0.20846515618736206, 0.7985225744577515], [-0.187773463367047, -0.821607156093636, 0.24290495982200364], [0.8181210002247391, -0.1611503708995384, 0.0]]	[[-0.029814254543910283, -0.033136564893824376, -0.03776778854003647], [-0.028594274512721667, -0.0004488163223571977, 0.0], [-0.037691449268748234, 0.0, -0.016045619254839282]]	0.3709261854330558	[[0.0, 0.0, 0.9263999999999999], [0.0, -1.0, 0.0], [0.9263999999999999, 0.0, 0.0]]
2	[[-0.42203838922340475, -0.825029846081567, 0.3757783270710803], [0.2588054115689476, 0.28760896992378115, 0.9221175843470338], [-0.8688517462515349, 0.4864224845687207, 0.09214016247897017]]	0.10574719932469867	0.8942528006753016	[[-0.04462937766788214, -0.08724459558241293, 0.03973750565468734], [0.027367947443492184, 0.03041384307010124, 0.09751135199275543], [-0.09187863879447358, 0.051437815431703685, 0.009743564127473785]]	0.3372975930225479	1.1766769361530118	[[-0.05804961297431897, -0.44392144008475837, 0.28064667314033764], [0.18552475453414372, -0.18054292557181173, 0.01979192033828171], [0.1564585097635422, 0.164069133237077, -0.08814367760838598]]	[[0.08430291987384864, -0.16564085882968266, 0.1538975479092224], [0.09823031215072778, -0.2775527388587975, -0.2912361213457391], [0.44952011246762247, 0.0, -0.11922233263324908]]	1.0000000000000002	[[0.0, 0.0, 0.0], [0.0, 0.0, 0.0], [0.0, 0.0, 0.0]]
2	[[0.8787972042104137, -0.3840163418041313, 0.28327887866788265], [-0.395223040501579, -0.9183905790867732, -0.018907472103605397], [0.2674214316928388, -0.09534250611366366, -0.9588511794847616]]	0.557487988539659	0.44251201146034125	[[0.4899188857095395, -0.21408449795874326, 0.15792457226432802], [-0.22033209787375346, -0.5119917166288577, -0.010540688591408687], [0.14908423604683643, -0.053152301955636486, -0.5345480153598392]]	0.7990557770481584	0.3571637185477815	[[0.5583538256901371, -0.24037040806190474, 0.23311299448509248], [-0.34978496471462145, -0.8434725302944248, -0.015108124813762792], [0.20692726993085583, -0.07618398030837231, -0.6475602400867917]]	[[-0.14385415718796427, 0.06648006833758663, 0.00675736996979646], [-0.033979710979296376, -0.10962723248853501, 0.0], [-0.00675736996979646, 0.0, 0.11861533420994784]]	0.5054760676442882	[[0.6068510321453039, -0.6068510321453038, 0.0], [-0.7071067811865475, -0.7071067811865476, 0.0], [0.0, 0.0, -0.8582169599999998]]
2	[[0.8592155572171323, 0.2624339665249735, -0.4391776855101157], [-0.4266000482917053, 0.8413623931712975, -0.33184593135155627], [0.2824199444684594, 0.4724804086637203, 0.8348660002631537]]	0.16606177387607923	0.8339382261239209	[[0.14268285957340082, 0.0435802500064727, -0.07293062550260067], [-0.0708419607549416, 0.13971813148264892, -0.05510692401379905], [0.04689915695641615, 0.07846093478439223, 0.13863932895252648]]	0.0	0.689014344062239	[[0.6550637220912173, 0.6550637220912173, 0.0], [-0.7071067811865474, 0.7071067811865474, 0.0], [0.0, 0.0, 0.9263999999999999]]	[[0.6550637220912174, 0.6550637220912173, 0.0], [-0.7071067811865474, 0.7071067811865475, 0.0], [0.0, 0.0, 0.9263999999999997]]	0.6890143440622392	[[0.6550637220912175, 0.6550637220912174, 0.0], [-0.7071067811865475, 0.7071067811865476, 0.0], [0.0, 0.0, 0.9263999999999999]]
2	[[0.22433838825039393, -0.7661379269479729, -0.6022499185961573], [-0.9416906372873723, -0.011392912655017143, -0.3362869982418849], [0.2507808429735371, 0.642575192824231, -0.724020780340167]]	0.13882175289198187	0.8611782471080182	[[0.03114304829788167, -0.10635660997594672, -0.08360538937857197], [-0.13072714495020055, -0.0015815841053147123, -0.046683950570721285], [0.03481383621331528, 0.089203414632763, -0.10050983385704257]]	0.39898168095970793	0.8692973181117296	[[0.01842223802383391, -0.3046230734057057, 0.10495578180908241], [-0.4615784362258962, -0.12369694033311451, -0.13417235184344156], [0.2733993639613727, 0.0415708448566431, -0.3193671865942891]]	[[-0.07108466922409988, 0.001051924534982318, 0.3452424666884245], [-0.08586112281696186, -0.11915137689098866, 0.0], [0.1733424016792984, -0.21480488571937706, -0.03049615860440985]]	0.9639927136095388	[[0.6068510321453039, -0.6068510321453038, 0.0], [-0.7071067811865475, -0.7071067811865476, 0.0], [0.0, 0.0, -0.8582169599999998]]
2	[[0.08740825448676931, -0.06334395238859675, -0.994156597696443], [0.7119981850616444, -0.6940087028176986, 0.10681996481098455], [-0.6967197295301035, -0.717174639895393, -0.015561310176609944]]	0.1504118419008356	0.8495881580991645	[[0.013147236554691945, -0.009527680552047684, -0.14953292499739002], [0.10709295844517397, -0.10438712728601969, 0.01606698765900263], [-0.10479489780727484, -0.10787155855123455, -0.0023406053260541307]]	0.44067185833912775	1.0237498196842103	[[0.05945400967677061, -0.014736341544210795, -0.0007060689057409968], [0.6352631944270869, -0.6363755200016842, 0.038032768255381204], [0.007743001392837515, -0.012242506648245827, 0.02275005115114892]]	[[0.020935651737906544, 0.013177555669417307, 0.43739076648125513], [0.3215056310818859, -0.33054541522748154, -0.009039784145595578], [0.31476777934640265, 0.30379617466815173, 0.02960748262486729]]	0.8297853072338914	[[0.0, 0.0, -0.8582169599999998], [0.0, -1.0, 0.0], [-0.8582169599999998, 0.0, 0.0]]
2	[[-0.8305561570912853, 0.32773595720904825, 0.4502950280316503], [-0.5100865793185324, -0.772219296347621, -0.37879947194723407], [0.22358030216652452, -0.5443036842615101, 0.808545204538665]]	0.18360297183541685	0.816397028164583	[[-0.15249257871816332, 0.06017329572090624, 0.08267550534932333], [-0.09365341185624461, -0.1417817577180777, -0.06954870877919878], [0.041050007921634386, -0.09993577401137967, 0.1484513024165739]]	0.5156119163448413	0.665063880857508	[[-0.37241522426675083, 0.14441827864953516, 0.3983485699007546], [-0.35442409164547195, -0.6047573690912723, -0.05737207681813148], [0.3164912790861898, -0.24685867101938425, 0.2598136273808939]]	[[0.055829427523093736, -0.02456628630213311, 0.16617108757680138], [-0.09141737298125856, -0.20659189786301047, 0.13794144482299578], [0.20121061102914942, 0.033790794696250424, -0.1570819149827188]]	0.6847473146571597	[[-0.6068510321453039, 0.6068510321453038, 0.0], [-0.7071067811865475, -0.7071067811865476, 0.0], [0.0, 0.0, 0.8582169599999998]]
2	[[0.5319609947059123, -0.8460851799387872, 0.03402011756955908], [-0.703274286200726, -0.4190807785627857, 0.5742617690636116], [-0.47161719485230363, -0.3294103357928521, -0.8179645788128509]]	0.14880782264554604	0.851192177354454	[[0.07915995735454566, -0.12590409339935593, 0.005062459621671574], [-0.1046527152521306, -0.062362498170528385, 0.08545464348293542], [-0.07018032788817152, -0.04901883482627249, -0.12171952797432141]]	0.45404953237547524	0.8224045145776676	[[0.2142659283266924, -0.4944868437027453, 0.2233374277539865], [-0.38324840464819276, -0.39878948282646554, 0.0], [0.12798196930460912, -0.14552125898640872, -0.3237817103188809]]	[[-0.027270712561519743, -0.1103222634017191, 0.20789060928016953], [-0.063927043867057, -0.20850605129248256, -0.260743287704446], [0.342119536087531, 0.004047349939984061, 0.047614724190796535]]	0.6949069827705413	[[0.6068510321453039, -0.6068510321453038, 0.0], [-0.7071067811865475, -0.7071067811865476, 0.0], [0.0, 0.0, -0.8582169599999998]]
2	[[0.04673222253661188, -0.9725397674033924, -0.22799671093185395], [-0.8377629715199755, -0.16246744520517667, 0.5213036857710898], [-0.5440306084466285, 0.16664552219444034, -0.8223502702654952]]	0.1746394087492805	0.8253605912507195	[[0.008161287713333711, -0.1698437699644912, -0.03981721079391955], [-0.1463064300182888, -0.028373218571638204, 0.09104016746188383], [-0.09500918380063055, 0.029102875466752158, -0.1436147649839771]]	0.4592801160100576	0.868749276300514	[[-0.053282719549438425, -0.5500908012768134, 0.09556162928075401], [-0.3069481662194481, -0.18590951267389166, 0.0], [0.06757227608565611, 0.0675722760856561, -0.4833957932346218]]	[[-0.0747459001374614, -0.10342262407938893, 0.20027598512744743], [0.07781970852917676, -0.11129144559220043, -0.2394244172774167], [0.31743471704604587, -0.008964698680363089, -0.1057066657061829]]	0.8897450248643335	[[0.6068510321453039, -0.6068510321453038, 0.0], [-0.7071067811865475, -0.7071067811865476, 0.0], [0.0, 0.0, -0.8582169599999998]]
2	[[-0.3195682178843842, -0.5708200961323295, -0.7563336379995778], [0.910087742671785, 0.03735879733279218, -0.41272826520656647], [0.2638493031197415, -0.8202248094963509, 0.507557688474819]]	0.11379739304334402	0.8862026069566559	[[-0.036366030094750285, -0.06495783883661012, -0.08606879627534025], [0.10356561255675084, 0.004251333743706395, -0.046967400615809174], [0.030025362851329618, -0.09333944503015822, 0.05775874176754015]]	0.3593638855840341	1.0687011300463414	[[-0.18214264465658747, -0.27243349588405574, 0.18282727600070237], [0.5372296069579517, -0.07515573681592926, -0.14831963307498944], [0.23814111510359037, -0.04708039231984655, 0.08721939545821818]]	[[-0.06730136816848999, -0.06730136816848997, 0.45462627095013886], [0.21017693952901645, -0.08858113938618793, 0.0], [0.14332320432584045, 0.24767878227318627, -0.09517850763014345]]	0.9620753152744163	[[1.713631513394292e-16, -0.8582169599999998, 0.0], [1.0, 1.7938038903913487e-16, 0.0], [0.0, 0.0, 0.8582169599999998]]
