2	[[0.8787972042104137, -0.3840163418041313, 0.28327887866788265], [-0.395223040501579, -0.9183905790867732, -0.018907472103605397], [0.2674214316928388, -0.09534250611366366, -0.9588511794847616]]	0.5499126769840871	0.4500873230159129	[[0.48326172309348014, -0.21117545452714598, 0.15577864650130574], [-0.2173381602080136, -0.5050346218625734, -0.010397458599495594], [0.14705843538512614, -0.05243005276733647, -0.5272844189398147]]	0.7944272040508126	0.3638348201119602	[[0.5524439977255124, -0.2375218570930892, 0.23179600060080693], [-0.35025131564435474, -0.8427885618807587, -0.01502061019893597], [0.2056953072289757, -0.07574268055907532, -0.640114289333449]]	[[-0.1456964081430374, 0.06755117163618794, 0.006751553054031542], [-0.03627538060222431, -0.11319410191024691, 0.0], [-0.006751553054031542, 0.0, 0.12162317228545405]]	0.509261854939787	[[0.5992760800411652, -0.5992760800411651, 0.0], [-0.7071067811865475, -0.7071067811865476, 0.0], [0.0, 0.0, -0.8475043600000002]]
2	[[0.8592155572171323, 0.2624339665249735, -0.4391776855101157], [-0.4266000482917053, 0.8413623931712975, -0.33184593135155627], [0.2824199444684594, 0.4724804086637203, 0.8348660002631537]]	0.16484436044578	0.8351556395542201	[[0.14163683901452262, 0.043260759371058465, -0.0723959646899729], [-0.07032261212678499, 0.13869384560545345, -0.05470293032018149], [0.04655533512303589, 0.07788573078933174, 0.13762295187130597]]	0.0	0.689253542828101	[[0.650962502760336, 0.6509625027603357, 0.0], [-0.7071067811865476, 0.7071067811865478, 0.0], [0.0, 0.0, 0.9206000000000002]]	[[0.6509625027603358, 0.6509625027603357, 0.0], [-0.7071067811865476, 0.7071067811865477, 0.0], [0.0, 0.0, 0.9206000000000003]]	0.689253542828101	[[0.6509625027603357, 0.6509625027603356, 0.0], [-0.7071067811865475, 0.7071067811865476, 0.0], [0.0, 0.0, 0.9206000000000001]]
2	[[-0.3195682178843842, -0.5708200961323295, -0.7563336379995778], [0.910087742671785, 0.03735879733279218, -0.41272826520656647], [0.2638493031197415, -0.8202248094963509, 0.507557688474819]]	0.1128520307375246	0.8871479692624753	[[-0.03606392234742449, -0.06441820703432241, -0.08535378696335214], [0.10270524990984065, 0.0042160161449172374, -0.04657722287133666], [0.029775929665743522, -0.09256403541296246, 0.05727891586082725]]	0.357012040642937	1.0836046639614856	[[-0.04806517728077797, -0.2698141716709531, 0.18154210574398966], [0.5364086421616906, -0.23042877056122957, -0.1473489601924156], [0.23476586523980608, -0.0475615215009744, 0.08783142837690866]]	[[0.06602452431075269, -0.06602452431075269, 0.45156232125311524], [0.2114963599863125, -0.2437663110329757, 0.0], [0.14056848711081038, 0.24526861152328205, -0.09337277772949858]]	0.959503368675931	[[1.6922412941304044e-16, -0.8475043600000002, 0.0], [1.0, 1.7938038903913487e-16, 0.0], [0.0, 0.0, 0.8475043600000002]]
2	[[-0.5446221603179724, 0.8109226453022452, -0.2139887049042392], [-0.8354447797583356, -0.5021691245819775, 0.22328947644507607], [0.07361197229480154, 0.30038414347728, 0.9509735242804028]]	0.2322369981088714	0.7677630018911286	[[-0.12648141561581439, 0.18832624084349855, -0.04969609445616561], [-0.19402118773680302, -0.11662225003587831, 0.05185607771890603], [0.017095423470618147, 0.06976031176066803, 0.22085123655989466]]	0.5877775141356736	0.5800690941945273	[[-0.33632781565410597, 0.5197546471291031, 0.13325799935096594], [-0.6056438314873527, -0.40447777164305354, 0.13124453339754288], [0.17287934448973183, 0.015575925487109267, 0.49799050046070426]]	[[-0.016211156119207842, 0.043112550517024784, 0.2590357483726919], [-0.114588175643373, -0.10931405192057159, 0.0], [0.12961188240366933, -0.1609831196517399, -0.06097035364967166]]	0.43498260957767065	[[-0.5992760800411652, 0.5992760800411651, 0.0], [-0.7071067811865475, -0.7071067811865476, 0.0], [0.0, 0.0, 0.8475043600000002]]
2	[[0.3802729664721569, 0.7767473726770865, -0.5020517802076895], [0.4287143634067757, 0.332951791095048, 0.839849450446521], [0.8195098935212374, -0.5346088512602871, -0.20639019011321075]]	0.12289248081226985	0.8771075191877307	[[0.04673268823560449, 0.09545641159269985, -0.0616983887659394], [0.052685771678911655, 0.04091727159855907, 0.10321118247419446], [0.100711603865024, -0.06569940799557447, -0.02536380247832848]]	0.403696664525238	0.8976192006189732	[[0.20961739101946864, 0.3340304341414256, 0.11175744269208562], [0.24013458931565707, -0.20503410744520384, 0.32816687387027976], [0.5596905292652361, 0.0, -0.07906525466348757]]	[[0.05610246284554125, 0.020460110612943776, 0.3144340717808877], [0.06706403077428096, -0.33944563495797864, -0.010877547978334946], [0.2288571187052796, 0.21581981007944706, 0.00425377667594537]]	1.0000000000000007	[[0.0, 0.0, 0.0], [0.0, 0.0, 0.0], [0.0, 0.0, 0.0]]
2	[[-0.8305561570912853, 0.32773595720904825, 0.4502950280316503], [-0.5100865793185324, -0.772219296347621, -0.37879947194723407], [0.22358030216652452, -0.5443036842615101, 0.808545204538665]]	0.18215603202478794	0.8178439679752119	[[-0.151290813949505, 0.05969908151704589, 0.08202395554673607], [-0.09291534727776112, -0.14066440287565649, -0.06900060874299313], [0.04072650068155724, -0.0991481993415497, 0.1472813861714338]]	0.5126982801151564	0.6683418405193836	[[-0.368238070931331, 0.1416993297312523, 0.39505732296776863], [-0.35490984468376374, -0.6054765206677781, -0.05654154900080234], [0.31323170987256954, -0.2454637141832569, 0.25685937921251945]]	[[0.05758664234842466, -0.02633033186172122, 0.1641918365515354], [-0.0933893327573289, -0.2095610155586166, 0.137668288775074], [0.1986024734841654, 0.03359984859796243, -0.1576803565498114]]	0.6859052644700158	[[-0.5992760800411652, 0.5992760800411651, 0.0], [-0.7071067811865475, -0.7071067811865476, 0.0], [0.0, 0.0, 0.8475043600000002]]
2	[[-0.42203838922340475, -0.825029846081567, 0.3757783270710803], [0.2588054115689476, 0.28760896992378115, 0.9221175843470338], [-0.8688517462515349, 0.4864224845687207, 0.09214016247897017]]	0.10520842227489667	0.8947915777251034	[[-0.04440199306963316, -0.08680008843594253, 0.039535044916248444], [0.027228509027374274, 0.03025888595778914, 0.09701453620109038], [-0.09141052141391282, 0.05117574216051038, 0.009693921122565112]]	0.3354138545155458	1.126881751405775	[[-0.22545672156301394, -0.4397184801263977, 0.27750116118999113], [0.18580251601398678, 0.016750796833768764, 0.01797541693329161], [0.15316335803530381, 0.1631528404722232, -0.08774629759281515]]	[[-0.08389919868005964, -0.16299203936181197, 0.15145990406367668], [0.09899559535016388, -0.07971723636161235, -0.2913155963491109], [0.4445882712480941, 0.0, -0.11865138464557522]]	1.0000000000000002	[[0.0, 0.0, 0.0], [0.0, 0.0, 0.0], [0.0, 0.0, 0.0]]
2	[[0.8489524140446696, -0.5135124485683378, 0.12483895166604869], [0.522794976890395, 0.7815435453534784, -0.34040431673891397], [0.0772347773085365, 0.35425224329800037, 0.9319550081910795]]	0.20824273467210286	0.7917572653278971	[[0.1767881723071453, -0.10693523657803825, 0.025996804688536407], [0.10886825566049468, 0.16275076514973894, -0.07088672581190013], [0.01608358123852055, 0.07377045590810272, 0.19407285949707237]]	0.0	0.454318019468636	[[0.6509625027603358, -0.6509625027603357, 0.0], [0.7071067811865476, 0.7071067811865477, 0.0], [0.0, 0.0, 0.9206000000000005]]	[[0.6509625027603358, -0.6509625027603357, 0.0], [0.7071067811865476, 0.7071067811865477, 0.0], [0.0, 0.0, 0.9206000000000003]]	0.45431801946863615	[[0.6509625027603357, -0.6509625027603356, 0.0], [0.7071067811865475, 0.7071067811865476, 0.0], [0.0, 0.0, 0.9206000000000001]]
2	[[-0.30792515101507295, 0.09349718223056193, 0.9468053539599837], [0.3027085282091916, -0.9338174967034747, 0.1906631317268273], [0.9019698710720718, 0.34531602882779927, 0.2592434992682147]]	0.5321496576885846	0.46785034231141576	[[-0.16386226370637674, 0.04975449351884073, 0.5038421450075243], [0.16108623966593655, -0.4969306612143649, 0.10146132028226464], [0.47998295813641967, 0.18375980653509477, 0.1379563393935713]]	0.766807398263088	0.33049667173087754	[[-0.08386011778357579, 0.12390674767684333, 0.738005320474659], [0.3124360158382975, -0.8100259550478163, 0.14620189998414085], [0.6796491998054262, 0.26479088564398623, 0.08386011778357579]]	[[0.15225916612606072, 0.05221241662569633, 0.011987970343041986], [0.0803168768901587, -0.09396778994807513, 0.0], [-0.011987970343041986, 0.0, -0.11492971540690268]]	0.48231682836076506	[[0.0, 0.0, 0.9206000000000001], [0.0, -1.0, 0.0], [0.9206000000000001, 0.0, 0.0]]
2	[[0.034229894132735264, 0.2773841392786001, 0.9601491309293217], [-0.1827544195208179, -0.9427759796974285, 0.2788803941677556], [0.9825625356654255, -0.18501754344446375, 0.018422055382213542]]	0.7465664978161572	0.2534335021838429	[[0.025554892183293994, 0.20708570541097365, 0.7168151740591305], [-0.13643832694208177, -0.7038449613879058, 0.2082027591834108], [0.7335482711370999, -0.138127899443882, 0.013753289369274453]]	0.8659178880144723	0.20113601626741265	[[0.0, 0.2046617277182082, 0.7913217529372536], [-0.18903737612046728, -0.8216707482896991, 0.2414875219263865], [0.8097342612364189, -0.16021000046505593, 0.0]]	[[-0.029640277634377096, -0.03553016033462944, -0.04008855469599577], [-0.030787055143689797, -0.005304163079326595, 0.0], [-0.04108421448913098, 0.0, -0.01595198728945199]]	0.3736601382098655	[[0.0, 0.0, 0.9206000000000001], [0.0, -1.0, 0.0], [0.9206000000000001, 0.0, 0.0]]
2	[[0.5319609947059123, -0.8460851799387872, 0.03402011756955908], [-0.703274286200726, -0.4190807785627857, 0.5742617690636116], [-0.47161719485230363, -0.3294103357928521, -0.8179645788128509]]	0.14778969913317466	0.8522103008668255	[[0.07861835535817109, -0.1250426741841913, 0.005027822940080355], [-0.10393669516570343, -0.06193582217629069, 0.08486997407359578], [-0.06970016333325377, -0.04868345441818365, -0.12088673900434513]]	0.4514691900777428	0.8246925362351087	[[0.2133796732195438, -0.4873589384871583, 0.22169295221975094], [-0.38283496954555074, -0.39841330204078296, 0.0], [0.12427733734201685, -0.14330558611463104, -0.31960118902878143]]	[[-0.02678432621328486, -0.10537754756341274, 0.2063339172942725], [-0.06532829715200633, -0.2092112423658922, -0.2592614957717605], [0.3371979703287234, 0.005413031389005207, 0.04968461688013835]]	0.699105400473227	[[0.5992760800411652, -0.5992760800411651, 0.0], [-0.7071067811865475, -0.7071067811865476, 0.0], [0.0, 0.0, -0.8475043600000002]]
2	[[0.22433838825039393, -0.7661379269479729, -0.6022499185961573], [-0.9416906372873723, -0.011392912655017143, -0.3362869982418849], [0.2507808429735371, 0.642575192824231, -0.724020780340167]]	0.1375941284897211	0.8624058715102789	[[0.03086764501810165, -0.10541608036132795, -0.08286605268224363], [-0.12957110254448612, -0.0015675978877265906, -0.046271116445516534], [0.03450597153086145, 0.08841457364576456, -0.0996210082793531]]	0.39637359805916467	0.8694730083194476	[[0.01818530004165744, -0.3022322913853791, 0.10353154394398173], [-0.45899336807916213, -0.12308427502743022, -0.1332952874736519], [0.27062667649998473, 0.04201307207989973, -0.31772730059349363]]	[[-0.07073651409194505, 0.0014445553285783314, 0.3422475111087796], [-0.08573206191893865, -0.11856842524598725, 0.0], [0.1712237714462534, -0.21268676912340226, -0.030744578820457544]]	0.9655541361708586	[[0.5992760800411652, -0.5992760800411651, 0.0], [-0.7071067811865475, -0.7071067811865476, 0.0], [0.0, 0.0, -0.8475043600000002]]
2	[[0.04673222253661188, -0.9725397674033924, -0.22799671093185395], [-0.8377629715199755, -0.16246744520517667, 0.5213036857710898], [-0.5440306084466285, 0.16664552219444034, -0.8223502702654952]]	0.17362845244214253	0.8263715475578574	[[0.008114043478213748, -0.16886057475269228, -0.03958671608099636], [-0.14545948825834404, -0.02820897108320338, 0.09051315221281928], [-0.09445919262574534, 0.028934404125033397, -0.14278340479157564]]	0.4567491900940189	0.8656218665379742	[[-0.051113718646187044, -0.5446019028448301, 0.0932313896027723], [-0.30781970437596906, -0.1838188853694226, 0.0], [0.06592454780756528, 0.06592454780756526, -0.4780797878986201]]	[[-0.07245862344107795, -0.1003951517491051, 0.1973687026649967], [0.07482785435653826, -0.1096120113553138, -0.23810503626897217], [0.3144100876019192, -0.010190659487540197, -0.1024719679812575]]	0.8920092313902579	[[0.5992760800411652, -0.5992760800411651, 0.0], [-0.7071067811865475, -0.7071067811865476, 0.0], [0.0, 0.0, -0.8475043600000002]]
2	[[0.08740825448676931, -0.06334395238859675, -0.994156597696443], [0.7119981850616444, -0.6940087028176986, 0.10681996481098455], [-0.6967197295301035, -0.717174639895393, -0.015561310176609944]]	0.1486035158349349	0.8513964841650652	[[0.012989173929728617, -0.009413134031826177, -0.14773516570818837], [0.10580543356825298, -0.10313213325875256, 0.015873822332276327], [-0.10353500135973828, -0.10657467295610876, -0.002312465403242179]]	0.43777469724022844	1.0232883513308815	[[0.0588860201145912, -0.014613282837896702, -0.0008379840027369009], [0.6353129282369099, -0.6362915852927608, 0.03790908055563798], [0.007451787573188647, -0.012114832086919977, 0.02235000572675254]]	[[0.02062089797034894, 0.013117096741020665, 0.434378619563199], [0.3236181383359564, -0.33247213553465904, -0.008853997198702637], [0.31245805622952355, 0.30184607876165553, 0.0291623535779793]]	0.8334651552412391	[[0.0, 0.0, -0.8475043600000002], [0.0, -1.0, 0.0], [-0.8475043600000002, 0.0, 0.0]]
