2	[[-0.42203838922340475, -0.825029846081567, 0.3757783270710803], [0.2588054115689476, 0.28760896992378115, 0.9221175843470338], [-0.8688517462515349, 0.4864224845687207, 0.09214016247897017]]	0.10640949921207389	0.8935905007879261	[[-0.04490889364553283, -0.08779101275655396, 0.03998638359838454], [0.02753935423842637, 0.030604326458489886, 0.09812207036501518], [-0.09245407920816175, 0.05175997298845031, 0.009804588546706322]]	0.33961604779624605	1.1312127448352944	[[-0.2281284702057993, -0.44915467100063083, 0.2845733289377125], [0.18518289316299372, 0.014892343952806114, 0.022027623953769403], [0.16059885498992035, 0.16519688176845945, -0.08862944078385829]]	[[-0.08479746043945278, -0.16896129536046364, 0.15695297865034707], [0.09728842213766684, -0.08278427772345784, -0.2911383056455918], [0.4556748511727335, 0.0, -0.1199217186082701]]	1.0000000000000002	[[0.0, 0.0, 0.0], [0.0, 0.0, 0.0], [0.0, 0.0, 0.0]]
2	[[0.22433838825039393, -0.7661379269479729, -0.6022499185961573], [-0.9416906372873723, -0.011392912655017143, -0.3362869982418849], [0.2507808429735371, 0.642575192824231, -0.724020780340167]]	0.14034017507869215	0.8596598249213079	[[0.03148368868393189, -0.10751993080230475, -0.0845198590169128], [-0.132157028906875, -0.0015988833566613486, -0.047194576209953966], [0.03519462740928821, 0.09017911506217695, -0.1016092030735504]]	0.402198509672094	0.8691063922836233	[[0.01871856645972275, -0.30758589647500356, 0.10673834218152713], [-0.46476687837095093, -0.12445260624618706, -0.13525412951498822], [0.2768537894911281, 0.041000352196155665, -0.3213741261843833]]	[[-0.0715099989568253, 0.0005536359467387258, 0.3489623618910415], [-0.08602030748180538, -0.1198703937555148, 0.0], [0.1759901081928601, -0.2174424327100085, -0.03017404735994164]]	0.962129873106996	[[0.6163206061589543, -0.6163206061589542, 0.0], [-0.7071067811865475, -0.7071067811865476, 0.0], [0.0, 0.0, -0.87160896]]
2	[[-0.30792515101507295, 0.09349718223056193, 0.9468053539599837], [0.3027085282091916, -0.9338174967034747, 0.1906631317268273], [0.9019698710720718, 0.34531602882779927, 0.2592434992682147]]	0.5497540774687635	0.45024592253123663	[[-0.16928310732572108, 0.05140045716309143, 0.5205101039087568], [0.1664152476675713, -0.5133699764244088, 0.10481783408978729], [0.4958616143758464, 0.18983889486340372, 0.14252017077997145]]	0.7773516226456635	0.31774492016668743	[[-0.09268389065613256, 0.12918316415298534, 0.7474135836108136], [0.3079729415985426, -0.8110418881183487, 0.1482122948265531], [0.6897348374749563, 0.2684319753348465, 0.09268389065613256]]	[[0.14668222513884535, 0.05650297783326076, 0.011412905380418472], [0.07266197600644694, -0.085137341800991, 0.0], [-0.011412905380418472, 0.0, -0.10883946416035403]]	0.47907381631483303	[[0.0, 0.0, 0.9336], [0.0, -1.0, 0.0], [0.9336, 0.0, 0.0]]
2	[[0.8787972042104137, -0.3840163418041313, 0.28327887866788265], [-0.395223040501579, -0.9183905790867732, -0.018907472103605397], [0.2674214316928388, -0.09534250611366366, -0.9588511794847616]]	0.5670979764637922	0.4329020235362078	[[0.49836411622976373, -0.2177748903661508, 0.16064687886748838], [-0.2241301865203128, -0.5208174390035195, -0.010722389170000221], [0.1516541527760591, -0.0540685422880454, -0.5437625636157286]]	0.8047696382022637	0.34884566717798987	[[0.5657250530385807, -0.24393485090082617, 0.23473772789488395], [-0.3492187299678718, -0.8443160862056148, -0.015216159484137909], [0.2084491616319882, -0.07672875415039021, -0.6568566869603182]]	[[-0.14150425504699496, 0.06510984155664144, 0.0067634871989890235], [-0.031155226654217445, -0.10522323214558481, 0.0], [-0.0067634871989890235, 0.0, 0.1147976298434473]]	0.5009193270410598	[[0.6163206061589543, -0.6163206061589542, 0.0], [-0.7071067811865475, -0.7071067811865476, 0.0], [0.0, 0.0, -0.87160896]]
2	[[0.034229894132735264, 0.2773841392786001, 0.9601491309293217], [-0.1827544195208179, -0.9427759796974285, 0.2788803941677556], [0.9825625356654255, -0.18501754344446375, 0.018422055382213542]]	0.7719022204848596	0.22809777951514038	[[0.02642213128802002, 0.214113433036433, 0.7411412461609517], [-0.1410685422315409, -0.7277308721482341, 0.21526839550778343], [0.758442203045376, -0.14281545261343553, 0.01422002545542569]]	0.8772741792965757	0.18305404507074133	[[0.0, 0.21324311437162047, 0.8074976434888397], [-0.1862201067560279, -0.8215258656537763, 0.24465456891542334], [0.8285943689752318, -0.16231111358071046, 0.0]]	[[-0.030029002282703998, -0.030098828763900472, -0.03481639734950143], [-0.025894373358080293, 0.005547158195810625, 0.0], [-0.033382373108216803, 0.0, -0.016161193516387458]]	0.3675672553020551	[[0.0, 0.0, 0.9336], [0.0, -1.0, 0.0], [0.9336, 0.0, 0.0]]
2	[[0.04673222253661188, -0.9725397674033924, -0.22799671093185395], [-0.8377629715199755, -0.16246744520517667, 0.5213036857710898], [-0.5440306084466285, 0.16664552219444034, -0.8223502702654952]]	0.17588352677851665	0.8241164732214831	[[0.008219428113937773, -0.17105372422326698, -0.04010086561259646], [-0.14734870603538333, -0.028575347249381884, 0.0916887307760589], [-0.0956860220890553, 0.029310202165405738, -0.14463786578156165]]	0.46240055239528577	0.8726714437958177	[[-0.056010240599672474, -0.5569305143654074, 0.0984935444983534], [-0.3058705082315765, -0.18849371404731224, 0.0], [0.06964545321788466, 0.06964545321788465, -0.49002540979055514]]	[[-0.07761924611526123, -0.10722758869169577, 0.20391934957755092], [0.08151155257557617, -0.11336867763818771, -0.2410511122662504], [0.32120550708354917, -0.0074115282990254066, -0.1097701905573776]]	0.8870005644393543	[[0.6163206061589543, -0.6163206061589542, 0.0], [-0.7071067811865475, -0.7071067811865476, 0.0], [0.0, 0.0, -0.87160896]]
2	[[-0.5446221603179724, 0.8109226453022452, -0.2139887049042392], [-0.8354447797583356, -0.5021691245819775, 0.22328947644507607], [0.07361197229480154, 0.30038414347728, 0.9509735242804028]]	0.2363451091081997	0.7636548908918004	[[-0.12871878390309463, 0.19165760108226904, -0.050575183808514765], [-0.19745328762585962, -0.11868521654009653, 0.052773375673124276], [0.01739782962368465, 0.07099432316451085, 0.22475794135506091]]	0.592601078225624	0.5800800820442038	[[-0.3495313283910167, 0.5256330653590008, 0.1352857740124313], [-0.60768218878285, -0.3963969727599793, 0.13232158449778714], [0.17721400736785042, 0.014108969036671526, 0.4997959925892664]]	[[-0.02678764896101757, 0.04507943139531498, 0.2620957112667883], [-0.11259671150009143, -0.0988110080810818, 0.0], [0.13359147321563625, -0.16389899826984514, -0.06375194326332194]]	0.4244996314838438	[[-0.6163206061589543, 0.6163206061589542, 0.0], [-0.7071067811865475, -0.7071067811865476, 0.0], [0.0, 0.0, 0.87160896]]
2	[[0.8489524140446696, -0.5135124485683378, 0.12483895166604869], [0.522794976890395, 0.7815435453534784, -0.34040431673891397], [0.0772347773085365, 0.35425224329800037, 0.9319550081910795]]	0.21101546603415886	0.7889845339658413	[[0.17914208929046013, -0.10835906864898982, 0.026342949565027113], [0.110317825688844, 0.16491777544875294, -0.07183057553670136], [0.01629773252780531, 0.07475270221317377, 0.196656920376309]]	0.0	0.4494290110729929	[[0.6601548909157609, -0.6601548909157607, 0.0], [0.7071067811865475, 0.7071067811865476, 0.0], [0.0, 0.0, 0.9336]]	[[0.6601548909157609, -0.6601548909157607, 0.0], [0.7071067811865475, 0.7071067811865476, 0.0], [0.0, 0.0, 0.9336]]	0.4494290110729929	[[0.6601548909157609, -0.6601548909157607, 0.0], [0.7071067811865475, 0.7071067811865476, 0.0], [0.0, 0.0, 0.9336]]
2	[[0.3802729664721569, 0.7767473726770865, -0.5020517802076895], [0.4287143634067757, 0.332951791095048, 0.839849450446521], [0.8195098935212374, -0.5346088512602871, -0.20639019011321075]]	0.12426840928219607	0.8757315907178045	[[0.04725591663651682, 0.09652516041670667, -0.0623891761037043], [0.05327565197698936, 0.04137538944703974, 0.10436675524351573], [0.10183919085890604, -0.06643499153429806, -0.02564778061681873]]	0.40907197270990414	0.8955541251173976	[[0.2165737657239148, 0.3391536516450647, 0.11738619173957016], [0.24225235165264708, -0.20192253644377112, 0.3280907034694941], [0.5729987275720168, 0.0, -0.07521757140993805]]	[[0.061014753160902366, 0.02140807160681389, 0.32276150387164887], [0.06687732128476659, -0.3381237824443183, -0.015468168003993128], [0.23776019877400065, 0.21869349741322144, 0.009210870807645252]]	1.0000000000000007	[[0.0, 0.0, 0.0], [0.0, 0.0, 0.0], [0.0, 0.0, 0.0]]
2	[[0.8592155572171323, 0.2624339665249735, -0.4391776855101157], [-0.4266000482917053, 0.8413623931712975, -0.33184593135155627], [0.2824199444684594, 0.4724804086637203, 0.8348660002631537]]	0.1675668265405073	0.8324331734594929	[[0.1439760242371085, 0.04397522694702753, -0.07359161104833505], [-0.07148401629426819, 0.14098442619424081, -0.05560636961695933], [0.047324213846326055, 0.07917204268234163, 0.13989584625066298]]	0.0	0.6887727909327541	[[0.6601548909157612, 0.6601548909157609, 0.0], [-0.7071067811865476, 0.7071067811865477, 0.0], [0.0, 0.0, 0.9336000000000002]]	[[0.660154890915761, 0.6601548909157609, 0.0], [-0.7071067811865476, 0.7071067811865477, 0.0], [0.0, 0.0, 0.9336000000000002]]	0.6887727909327542	[[0.6601548909157609, 0.6601548909157607, 0.0], [-0.7071067811865475, 0.7071067811865476, 0.0], [0.0, 0.0, 0.9336]]
2	[[0.08740825448676931, -0.06334395238859675, -0.994156597696443], [0.7119981850616444, -0.6940087028176986, 0.10681996481098455], [-0.6967197295301035, -0.717174639895393, -0.015561310176609944]]	0.15267011464463548	0.8473298853553645	[[0.013344628233382533, -0.009670728473211395, -0.15177800174503672], [0.10870084454013365, -0.10595438822355284, 0.01630821627402894], [-0.10636828098254034, -0.10949113449305481, -0.0023757470086837734]]	0.4442455400698482	1.0243302815691262	[[0.06016084512841618, -0.01488905421830436, -0.0005385592256549505], [0.6352018471973343, -0.6364790544361228, 0.038185338463870844], [0.008110647824136792, -0.012401650182362249, 0.023252299388029515]]	[[0.021330117907378574, 0.01325121412072654, 0.44111107543200423], [0.3188998289458723, -0.3281687834396996, -0.009268954493827173], [0.31762528034655624, 0.3061999850423655, 0.030165342031632]]	0.8252341158332345	[[0.0, 0.0, -0.87160896], [0.0, -1.0, 0.0], [-0.87160896, 0.0, 0.0]]
2	[[0.5319609947059123, -0.8460851799387872, 0.03402011756955908], [-0.703274286200726, -0.4190807785627857, 0.5742617690636116], [-0.47161719485230363, -0.3294103357928521, -0.8179645788128509]]	0.15007903938013853	0.8499209606198616	[[0.0798361950731663, -0.12697965103898484, 0.005105706564438789], [-0.10554672929375761, -0.06289524066938339, 0.08618465465380579], [-0.07077985555858932, -0.04943758675768011, -0.12275933823521226]]	0.457226047842147	0.8196803411925146	[[0.21534534389635174, -0.503412788728641, 0.22537498887840546], [-0.38375736154091256, -0.3992525780076883, 0.0], [0.13264678039824843, -0.1482974724592011, -0.3290100647187709]]	[[-0.027881079319209745, -0.11656060576741771, 0.2098201049749508], [-0.062202039112347667, -0.2076379298988159, -0.26256743909579483], [0.3482824464949669, 0.002317513493719163, 0.04498464692669512]]	0.6897206869123197	[[0.6163206061589543, -0.6163206061589542, 0.0], [-0.7071067811865475, -0.7071067811865476, 0.0], [0.0, 0.0, -0.87160896]]
2	[[-0.8305561570912853, 0.32773595720904825, 0.4502950280316503], [-0.5100865793185324, -0.772219296347621, -0.37879947194723407], [0.22358030216652452, -0.5443036842615101, 0.808545204538665]]	0.18539578530068163	0.8146042146993183	[[-0.1539816109802551, 0.060760865158042084, 0.08348280033892025], [-0.09456790194409774, -0.14316620287070692, -0.07022782557314097], [0.041450845697926536, -0.10091160898571692, 0.149900873146546]]	0.5192017641273867	0.6609965806100889	[[-0.3776488680858327, 0.14783740899815617, 0.4024389191972742], [-0.35382303914005947, -0.6038566861366597, -0.05839478976880011], [0.32055720100460927, -0.24857737655094606, 0.26350939980201205]]	[[0.05357735388282562, -0.022323678152759426, 0.16864494626545032], [-0.0889851873001733, -0.20291906517976555, 0.13827856431672633], [0.20447391369561557, 0.034026056538666104, -0.15628869677120158]]	0.6834859317270028	[[-0.6163206061589543, 0.6163206061589542, 0.0], [-0.7071067811865475, -0.7071067811865476, 0.0], [0.0, 0.0, 0.87160896]]
2	[[-0.3195682178843842, -0.5708200961323295, -0.7563336379995778], [0.910087742671785, 0.03735879733279218, -0.41272826520656647], [0.2638493031197415, -0.8202248094963509, 0.507557688474819]]	0.11496818502093063	0.8850318149790694	[[-0.03674017800054098, -0.06562615042580708, -0.086954305631089], [0.10463113598477085, 0.004295073123915943, -0.04745061955763625], [0.030334275498714078, -0.09429975765693405, 0.05835298623736887]]	0.3622647181834632	1.0870752666157883	[[-0.04686268512918104, -0.27569358652193254, 0.18441555203022958], [0.5382422083426617, -0.23392844729877588, -0.14951688868140642], [0.24236797768336724, -0.04645926635879615, 0.08642300149058171]]	[[0.06890560526309689, -0.06890560526309687, 0.45840854425282], [0.20854952872144322, -0.24746222148621305, 0.0], [0.14678468424579094, 0.2506792431004842, -0.09744724148659853]]	0.9654376695810443	[[1.7403717833924247e-16, -0.87160896, 0.0], [1.0, 1.7938038903913487e-16, 0.0], [0.0, 0.0, 0.87160896]]
