2	[[0.034229894132735264, 0.2773841392786001, 0.9601491309293217], [-0.1827544195208179, -0.9427759796974285, 0.2788803941677556], [0.9825625356654255, -0.18501754344446375, 0.018422055382213542]]	0.7101575556573237	0.28984244434267625	[[0.024308617947712243, 0.19698644232820126, 0.6818571598872708], [-0.12978443185247715, -0.6695194852743647, 0.1980490190429243], [0.6977742086086206, -0.1313916064062431, 0.013082561820416623]]	0.8485434372073622	0.23447065906153242	[[0.004981654518246438, 0.19742926560607893, 0.760459625427422], [-0.1869228789897858, -0.8194789635716322, 0.23664212823685138], [0.775144402856539, -0.15699542225802773, -0.0070451233827613195]]	[[-0.024063897504388865, -0.037943225364190133, -0.05426861836300631], [-0.03184781568475469, -0.019492593242637704, 0.0], [-0.058602588428182625, 0.0, -0.022677037577209187]]	0.38269497315781575	[[0.0, 0.0, 0.9017999999999999], [0.0, -1.0, 0.0], [0.9017999999999999, 0.0, 0.0]]
2	[[0.3802729664721569, 0.7767473726770865, -0.5020517802076895], [0.4287143634067757, 0.332951791095048, 0.839849450446521], [0.8195098935212374, -0.5346088512602871, -0.20639019011321075]]	0.12080889707075736	0.879191102929243	[[0.045940357665326385, 0.09383799339572733, -0.060652321839301235], [0.05179250940156442, 0.04022353865992595, 0.1014612858139259], [0.0990040863748745, -0.06458550568501988, -0.024933771233800917]]	0.3957743131819478	0.9012241622398552	[[0.1996259777008525, 0.3265462946474596, 0.10387021583710151], [0.23701334366446197, -0.20943573991341038, 0.32827913695478605], [0.5406542836312308, 0.0, -0.08425248812629986]]	[[0.04912370557367273, 0.019129636710303252, 0.30256941433057405], [0.06733921093590932, -0.3412095063567524, -0.004111702471922125], [0.2163133183770519, 0.21158445092853026, -0.0025685523867522153]]	1.0000000000000007	[[0.0, 0.0, 0.0], [0.0, 0.0, 0.0], [0.0, 0.0, 0.0]]
2	[[-0.8305561570912853, 0.32773595720904825, 0.4502950280316503], [-0.5100865793185324, -0.772219296347621, -0.37879947194723407], [0.22358030216652452, -0.5443036842615101, 0.808545204538665]]	0.1774498957384078	0.822550104261592	[[-0.14738210348074124, 0.05815671143647289, 0.07990480577573979], [-0.09051481031763461, -0.13703023362407196, -0.0672179268028006], [0.039674301308611507, -0.0965866320222362, 0.14347626224517573]]	0.5031196169685137	0.6789716016139375	[[-0.3549341161541222, 0.13310236010830537, 0.3844117608552633], [-0.356493631489679, -0.6077653526126392, -0.053808224949385884], [0.3027625723891845, -0.24087775334805164, 0.24742318512679523]]	[[0.06293497947248594, -0.03178802914952015, 0.1578594988291533], [-0.09985906708215965, -0.2192466760185291, 0.13677322028458172], [0.19027493640145815, 0.03297210779215012, -0.15937176848242648]]	0.6904795945851422	[[-0.5750498097581189, 0.5750498097581188, 0.0], [-0.7071067811865475, -0.7071067811865476, 0.0], [0.0, 0.0, 0.8132432399999999]]
2	[[-0.5446221603179724, 0.8109226453022452, -0.2139887049042392], [-0.8354447797583356, -0.5021691245819775, 0.22328947644507607], [0.07361197229480154, 0.30038414347728, 0.9509735242804028]]	0.22627451589929873	0.7737254841007012	[[-0.12323411567397945, 0.1834911289975443, -0.04842019061012461], [-0.18903986310041362, -0.11362807556436161, 0.050524718188017466], [0.01665651339539883, 0.06796927664914702, 0.21518107383959822]]	0.580578559112134	0.5807723097561842	[[-0.31766587452700057, 0.5111425797482809, 0.13032499937436107], [-0.6026016738175165, -0.4165380048292825, 0.12963708249938505], [0.16670147044461223, 0.01760591118687432, 0.4950678975367129]]	[[-0.0014699254290546065, 0.040338278787303346, 0.2545622533339359], [-0.11756034736766806, -0.12498937804887646, 0.0], [0.12396393763629404, -0.1567906820132974, -0.05704694094379132]]	0.45091787734248306	[[-0.5750498097581189, 0.5750498097581188, 0.0], [-0.7071067811865475, -0.7071067811865476, 0.0], [0.0, 0.0, 0.8132432399999999]]
2	[[0.8489524140446696, -0.5135124485683378, 0.12483895166604869], [0.522794976890395, 0.7815435453534784, -0.34040431673891397], [0.0772347773085365, 0.35425224329800037, 0.9319550081910795]]	0.2041132121029456	0.7958867878970544	[[0.1732824041532074, -0.10481467533213211, 0.025481279420121544], [0.10670936200438377, 0.15952336344042264, -0.06948101850328822], [0.015764638482501064, 0.07230756327422905, 0.19022433025730826]]	0.0	0.46165770825993113	[[0.6376688952740283, -0.6376688952740284, 0.0], [0.7071067811865474, 0.7071067811865475, 0.0], [0.0, 0.0, 0.9017999999999997]]	[[0.6376688952740285, -0.6376688952740284, 0.0], [0.7071067811865474, 0.7071067811865475, 0.0], [0.0, 0.0, 0.9017999999999997]]	0.46165770825993097	[[0.6376688952740286, -0.6376688952740285, 0.0], [0.7071067811865475, 0.7071067811865476, 0.0], [0.0, 0.0, 0.9017999999999999]]
2	[[-0.42203838922340475, -0.825029846081567, 0.3757783270710803], [0.2588054115689476, 0.28760896992378115, 0.9221175843470338], [-0.8688517462515349, 0.4864224845687207, 0.09214016247897017]]	0.10342950929047115	0.896570490709529	[[-0.043651223499117625, -0.08533243213020944, 0.03886656797095599], [0.02676811672029468, 0.02974725462675453, 0.09537416925712836], [-0.08986490976096521, 0.05031043888679457, 0.009530011791144162]]	0.32920856853058084	1.1211757057857463	[[-0.22149629414387245, -0.42617260200752505, 0.26741338404557136], [0.1867174993896661, 0.01949513314712259, 0.011991612345379763], [0.14272902304808063, 0.1601344498459571, -0.08642080340170755]]	[[-0.0825576401626833, -0.15456570738400693, 0.14370393890568461], [0.10151654031908498, -0.07518820413804034, -0.2915773976143844], [0.4287624626968439, 0.0, -0.11675413439558445]]	1.0000000000000002	[[0.0, 0.0, 0.0], [0.0, 0.0, 0.0], [0.0, 0.0, 0.0]]
2	[[0.8787972042104137, -0.3840163418041313, 0.28327887866788265], [-0.395223040501579, -0.9183905790867732, -0.018907472103605397], [0.2674214316928388, -0.09534250611366366, -0.9588511794847616]]	0.5263279727832663	0.47367202721673385	[[0.46253555097966903, -0.20211854269741428, 0.14909759794158356], [-0.2080169417044348, -0.4833746517139913, -0.009951531462746788], [0.14075138002169052, -0.05018142796288076, -0.5046701974990584]]	0.7792656137553805	0.385276044636469	[[0.533460512865486, -0.22842762043944057, 0.22747673715239963], [-0.35182743548246664, -0.8405440922778984, -0.014733942853378795], [0.2016650781961265, -0.07429713654364023, -0.6162422984065584]]	[[-0.15135592984005444, 0.07082310984865176, 0.006727247903336062], [-0.04384371025573605, -0.12487389399868465, 0.0], [-0.006727247903336062, 0.0, 0.1309574544747049]]	0.5168645649176975	[[0.9017999999999999, 0.0, 0.0], [0.0, -1.0, 0.0], [0.0, 0.0, -0.9017999999999999]]
2	[[0.5319609947059123, -0.8460851799387872, 0.03402011756955908], [-0.703274286200726, -0.4190807785627857, 0.5742617690636116], [-0.47161719485230363, -0.3294103357928521, -0.8179645788128509]]	0.14452535209880948	0.8554746479011905	[[0.07688185006270488, -0.12228075853623778, 0.004916769470183449], [-0.10164096383519886, -0.06056779707962977, 0.08299538437080368], [-0.06816064114188203, -0.047608144765449015, -0.11821661875728166]]	0.4429727999338458	0.8325493717855821	[[0.21040395586529712, -0.464637911139983, 0.2163432474349112], [-0.38147363623162756, -0.3971746374176416, 0.0], [0.11259563311405099, -0.1362509455152036, -0.3062419918134923]]	[[-0.02524029541517457, -0.0898451899999667, 0.20127326070104498], [-0.06994225655181523, -0.2115332515392283, -0.2543823437370716], [0.3215092224147221, 0.009668873258104473, 0.056094067909945144]]	0.7128324518872956	[[0.5750498097581189, -0.5750498097581188, 0.0], [-0.7071067811865475, -0.7071067811865476, 0.0], [0.0, 0.0, -0.8132432399999999]]
2	[[-0.3195682178843842, -0.5708200961323295, -0.7563336379995778], [0.910087742671785, 0.03735879733279218, -0.41272826520656647], [0.2638493031197415, -0.8202248094963509, 0.507557688474819]]	0.10977476094830492	0.8902252390516949	[[-0.03508052472493409, -0.06266163959741491, -0.08302634430856545], [0.09990466439377767, 0.004101053046523459, -0.04530714664965942], [0.028963994176346458, -0.09003998238633086, 0.05571702391979748]]	0.34929675336824345	1.062924170468986	[[-0.17360467919895126, -0.2613661445486318, 0.1773414146099213], [0.5337154462222466, -0.07286029836127093, -0.14416464305996102], [0.22400764867099254, -0.04900330384116588, 0.08963453498838198]]	[[-0.06198053821226045, -0.06198053821226043, 0.44152629882636607], [0.21582475242675864, -0.0859096049793576, 0.0], [0.13184594371279332, 0.23749855914799547, -0.08765371774296259]]	0.9519855615124986	[[1.623830929790618e-16, -0.8132432399999999, 0.0], [1.0, 1.7938038903913487e-16, 0.0], [0.0, 0.0, 0.8132432399999999]]
2	[[0.04673222253661188, -0.9725397674033924, -0.22799671093185395], [-0.8377629715199755, -0.16246744520517667, 0.5213036857710898], [-0.5440306084466285, 0.16664552219444034, -0.8223502702654952]]	0.1702977498635677	0.8297022501364322	[[0.007958392344108514, -0.1656213340416352, -0.038827326847989035], [-0.14266914896886795, -0.027667840344524082, 0.08877684468240093], [-0.09264718847536851, 0.02837935745455242, -0.14004440062591056]]	0.44843899320115516	0.8556792888976666	[[-0.04425695429539694, -0.5269384836992774, 0.08587167139373622], [-0.3106653472555727, -0.1769883907168125, 0.0], [0.06072044115433375, 0.06072044115433374, -0.46099975064681903]]	[[-0.06521350511976752, -0.09081372955681458, 0.1881142868971916], [0.06502023623405306, -0.10413165316103924, -0.23377289999923884], [0.3046849794767517, -0.014009909040021853, -0.0922258233902625]]	0.899654052083737	[[0.5750498097581189, -0.5750498097581188, 0.0], [-0.7071067811865475, -0.7071067811865476, 0.0], [0.0, 0.0, -0.8132432399999999]]
2	[[-0.30792515101507295, 0.09349718223056193, 0.9468053539599837], [0.3027085282091916, -0.9338174967034747, 0.1906631317268273], [0.9019698710720718, 0.34531602882779927, 0.2592434992682147]]	0.5076541872538582	0.4923458127461418	[[-0.15631949227357841, 0.0474642360557818, 0.4806497024521571], [0.1536712518628488, -0.4740563623324351, 0.09679093717605783], [0.4578887818265599, 0.17530112796030634, 0.13160604792185174]]	0.7513895506784138	0.3490836242903594	[[-0.0714586631540561, 0.1165070847249311, 0.7241831308358225], [0.31905196745683906, -0.8085031666040519, 0.14326228487916004], [0.6649672548063971, 0.2594668557429743, 0.0714586631540561]]	[[0.15991307770974225, 0.04625427897901139, 0.012763481343913946], [0.09159994245921058, -0.10684245734038672, 0.0], [-0.012763481343913946, 0.0, -0.12333419327738745]]	0.48740057914780727	[[0.0, 0.0, 0.9017999999999999], [0.0, -1.0, 0.0], [0.9017999999999999, 0.0, 0.0]]
2	[[0.22433838825039393, -0.7661379269479729, -0.6022499185961573], [-0.9416906372873723, -0.011392912655017143, -0.3362869982418849], [0.2507808429735371, 0.642575192824231, -0.724020780340167]]	0.13358934761515825	0.8664106523848418	[[0.029969218931406222, -0.10234786584420946, -0.08045417372654287], [-0.12579983789052268, -0.0015219717690202195, -0.04492436070659328], [0.03350164920721427, 0.08584120080307354, -0.0967214637054607]]	0.38781743478911	0.8701757263624937	[[0.01742815610510875, -0.29445814665516246, 0.09898687900047368], [-0.4505127077738222, -0.12107434490433472, -0.13041796101109776], [0.2617010482330465, 0.04334030607750524, -0.3122699504718919]]	[[-0.06957418215088246, 0.002663498868446898, 0.3325498975323857], [-0.08530866045611123, -0.11665597474368956, 0.0], [0.16444386501679872, -0.20586155686270577, -0.03148206870635853]]	0.9709657615596677	[[0.5750498097581189, -0.5750498097581188, 0.0], [-0.7071067811865475, -0.7071067811865476, 0.0], [0.0, 0.0, -0.8132432399999999]]
2	[[0.8592155572171323, 0.2624339665249735, -0.4391776855101157], [-0.4266000482917053, 0.8413623931712975, -0.33184593135155627], [0.2824199444684594, 0.4724804086637203, 0.8348660002631537]]	0.16086794619314113	0.839132053806859	[[0.1382202420267154, 0.042217213206192025, -0.07064961228186951], [-0.06862627361458144, 0.13534824019361266, -0.053383373429074954], [0.04543231643062201, 0.0760069529582287, 0.13430317880881598]]	0.0	0.6902996650357985	[[0.6376688952740285, 0.6376688952740284, 0.0], [-0.7071067811865474, 0.7071067811865475, 0.0], [0.0, 0.0, 0.9017999999999998]]	[[0.6376688952740285, 0.6376688952740284, 0.0], [-0.7071067811865474, 0.7071067811865475, 0.0], [0.0, 0.0, 0.9017999999999998]]	0.6902996650357986	[[0.6376688952740286, 0.6376688952740285, 0.0], [-0.7071067811865475, 0.7071067811865476, 0.0], [0.0, 0.0, 0.9017999999999999]]
2	[[0.08740825448676931, -0.06334395238859675, -0.994156597696443], [0.7119981850616444, -0.6940087028176986, 0.10681996481098455], [-0.6967197295301035, -0.717174639895393, -0.015561310176609944]]	0.14280890088136738	0.8571910991186327	[[0.01248267675121436, -0.009046080218097172, -0.1419744110209888], [0.10167967823818183, -0.09911062005149898, 0.015254841766843044], [-0.09949777879655763, -0.10241892206345152, -0.002222293602595758]]	0.42827171283956317	1.0218300408135133	[[0.05705360182198859, -0.01421416683323512, -0.0012470509417732388], [0.6354760602143187, -0.6360162708720766, 0.03750337226359286], [0.006538156267838146, -0.011704211139241784, 0.021081155146903494]]	[[0.019619118956623466, 0.012914256154256953, 0.42452209798443497], [0.3305473779593081, -0.3387919749907775, -0.008244597031469347], [0.3049235082028127, 0.29544140029385507, 0.02774562411026799]]	0.8454705740699059	[[0.0, 0.0, -0.8132432399999999], [0.0, -1.0, 0.0], [-0.8132432399999999, 0.0, 0.0]]
