2	[[0.8787972042104137, -0.3840163418041313, 0.28327887866788265], [-0.395223040501579, -0.9183905790867732, -0.018907472103605397], [0.2674214316928388, -0.09534250611366366, -0.9588511794847616]]	0.6306429637950567	0.36935703620494353	[[0.554207273438065, -0.24217720394109282, 0.17864783162365377], [-0.24924462962200944, -0.5791765567167408, -0.011923864245290062], [0.1686474442650891, -0.06012708063116916, -0.6046927496686558]]	0.8386212785866644	0.2976244455067155	[[0.611186753988778, -0.266196798181712, 0.24433809339980755], [-0.3460751824170081, -0.8492961369230385, -0.015856208430367245], [0.21749090499297352, -0.07995625438069748, -0.7144082721316503]]	[[-0.12579128102454515, 0.055847477380242046, 0.006774397974751233], [-0.014632730864664965, -0.0791142552473417, 0.0], [-0.006774397974751233, 0.0, 0.08970472998219178]]	0.4773099764598985	[[0.6752302943535732, -0.6752302943535731, 0.0], [-0.7071067811865475, -0.7071067811865476, 0.0], [0.0, 0.0, -0.9549198400000002]]
2	[[-0.3195682178843842, -0.5708200961323295, -0.7563336379995778], [0.910087742671785, 0.03735879733279218, -0.41272826520656647], [0.2638493031197415, -0.8202248094963509, 0.507557688474819]]	0.12198745611491649	0.8780125438850834	[[-0.03898331395489339, -0.06963289142645497, -0.09226321647370864], [0.11101928856989779, 0.004557304650140041, -0.05034767113927164], [0.03218630528527079, -0.10005713795280184, 0.06191567124861044]]	0.3793868141552166	1.0825389555562952	[[-0.2003145299297563, -0.29563617956875865, 0.19386451697497376], [0.5442190641231521, -0.07972122768581924, -0.15658366164852858], [0.26883738473402535, -0.042132557895663086, 0.08073237663571484]]	[[-0.07907456184133971, -0.0790745618413397, 0.4808075263340584], [0.1989437748291911, -0.09389466278657779, 0.0], [0.16873643820635253, 0.2690499194702269, -0.11182831779473262]]	0.9899615961187629	[[1.906721501506374e-16, -0.9549198400000002, 0.0], [1.0, 1.7938038903913487e-16, 0.0], [0.0, 0.0, 0.9549198400000002]]
2	[[-0.30792515101507295, 0.09349718223056193, 0.9468053539599837], [0.3027085282091916, -0.9338174967034747, 0.1906631317268273], [0.9019698710720718, 0.34531602882779927, 0.2592434992682147]]	0.6131812585485131	0.3868187414514868	[[-0.18881393163816346, 0.057330719870875645, 0.5805632985416533], [0.18561519630068024, -0.5725993878832588, 0.11691105907105694], [0.5530710207168132, 0.2117413171536046, 0.15896325515180448]]	0.8120479071751139	0.27596308306875056	[[-0.12372612631961341, 0.14784794424480008, 0.7781021809888349], [0.2936509922378779, -0.8142340858646901, 0.15482759709422314], [0.7231918713356457, 0.2804131585236357, 0.12372612631961341]]	[[0.1263238481287574, 0.07192375308770203, 0.009250874803437406], [0.04783716542154494, -0.055929541983129806, 0.0], [-0.009250874803437406, 0.0, -0.08679201470989346]]	0.4699235432451115	[[0.0, 0.0, 0.9772000000000001], [0.0, -1.0, 0.0], [0.9772000000000001, 0.0, 0.0]]
2	[[0.3802729664721569, 0.7767473726770865, -0.5020517802076895], [0.4287143634067757, 0.332951791095048, 0.839849450446521], [0.8195098935212374, -0.5346088512602871, -0.20639019011321075]]	0.1285006603275156	0.8714993396724848	[[0.04886532729637537, 0.09981255029666845, -0.06451398527529285], [0.05509007878966117, 0.04278452501294269, 0.10792120895807902], [0.10530756246241103, -0.06869759040388146, -0.02652127571466907]]	0.42649145984151576	0.9449964857957444	[[0.14290645844435673, 0.3215760252996236, 0.13730534535243294], [0.28519578204974966, -0.2635306823734874, 0.3278438619358162], [0.6184994776261656, 0.0, -0.060762262868759964]]	[[-0.019276714164617258, -0.009700095601488764, 0.35142614200924216], [0.10235276734536783, -0.40553177781446176, -0.03034475623221527], [0.26898550678372796, 0.22800610941819563, 0.027261390609591263]]	1.0000000000000007	[[0.0, 0.0, 0.0], [0.0, 0.0, 0.0], [0.0, 0.0, 0.0]]
2	[[-0.42203838922340475, -0.825029846081567, 0.3757783270710803], [0.2588054115689476, 0.28760896992378115, 0.9221175843470338], [-0.8688517462515349, 0.4864224845687207, 0.09214016247897017]]	0.11026823477423878	0.8897317652257613	[[-0.04653742818662795, -0.09097458476347632, 0.04143641279254455], [0.028538015883728216, 0.03171413341873245, 0.10168027828023266], [-0.09580674833967168, 0.05363694872789224, 0.010160133068367607]]	0.3531891525384731	1.1479709912506366	[[-0.236696427764242, -0.48122145497694846, 0.3088701941325967], [0.18318150833954142, 0.008889532105084821, 0.0351162723457267], [0.18684599896808582, 0.171799145100485, -0.09139459415928305]]	[[-0.08763704673572549, -0.18982986282045278, 0.17614936525203662], [0.09177424435513398, -0.09269083624475863, -0.29056565581062616], [0.49371501090823794, 0.0, -0.12393750005998774]]	1.0000000000000002	[[0.0, 0.0, 0.0], [0.0, 0.0, 0.0], [0.0, 0.0, 0.0]]
2	[[0.8592155572171323, 0.2624339665249735, -0.4391776855101157], [-0.4266000482917053, 0.8413623931712975, -0.33184593135155627], [0.2824199444684594, 0.4724804086637203, 0.8348660002631537]]	0.17653060566581538	0.8234693943341846	[[0.15167784271303142, 0.046327627057935916, -0.0775283028180117], [-0.0753079649020008, 0.14852621285096898, -0.05858096324922682], [0.04985576384912309, 0.08340725270663851, 0.14737940067625133]]	0.0	0.6886443304738545	[[0.6909847465754942, 0.6909847465754941, 0.0], [-0.7071067811865474, 0.7071067811865475, 0.0], [0.0, 0.0, 0.9772]]	[[0.6909847465754942, 0.6909847465754941, 0.0], [-0.7071067811865474, 0.7071067811865475, 0.0], [0.0, 0.0, 0.9772]]	0.6886443304738545	[[0.6909847465754944, 0.6909847465754942, 0.0], [-0.7071067811865475, 0.7071067811865476, 0.0], [0.0, 0.0, 0.9772000000000001]]
2	[[0.22433838825039393, -0.7661379269479729, -0.6022499185961573], [-0.9416906372873723, -0.011392912655017143, -0.3362869982418849], [0.2507808429735371, 0.642575192824231, -0.724020780340167]]	0.14939042371952385	0.8506095762804762	[[0.03351400687728143, -0.11445366953435526, -0.08997037052412873], [-0.14067956331706896, -0.0017019920489325657, -0.05023805715872194], [0.037464256392556086, 0.09599458032766661, -0.10816177115675787]]	0.4211845257836008	0.8480241329377959	[[0.1684106863515031, -0.3254070751608321, 0.11787690237554983], [-0.48358535437606975, -0.2837378175577722, -0.14163887988169888], [0.29806685255490656, 0.037035767962174816, -0.332844551519364]]	[[0.07392282868120356, -0.0027216357144191905, 0.37153524874268457], [-0.08695982987533121, -0.2789392990438749, 0.0], [0.19244184213148569, -0.23360695990780478, -0.02789820249431814]]	0.9528464994713585	[[0.6752302943535732, -0.6752302943535731, 0.0], [-0.7071067811865475, -0.7071067811865476, 0.0], [0.0, 0.0, -0.9549198400000002]]
2	[[-0.5446221603179724, 0.8109226453022452, -0.2139887049042392], [-0.8354447797583356, -0.5021691245819775, 0.22328947644507607], [0.07361197229480154, 0.30038414347728, 0.9509735242804028]]	0.25002378043992923	0.7499762195600707	[[-0.1361684914340606, 0.20274994542281521, -0.05350226497160233], [-0.20888106218398309, -0.1255542229481958, 0.05582767903325045], [0.0184047435987856, 0.07510317913639965, 0.23776599563886913]]	0.6079037305567759	0.5842032186830403	[[-0.25854553095811805, 0.5449255439826926, 0.14209142039235445], [-0.614148833039666, -0.5142688672020327, 0.1357385057250311], [0.19212855808368923, 0.008819055732035367, 0.5046140790128611]]	[[0.07253231204306772, 0.05196264271048854, 0.2721759524006545], [-0.1062788347503898, -0.2089983829982182, 0.0], [0.14737956551203735, -0.17378558568790498, -0.07348627405792034]]	0.39339723148275174	[[-0.6752302943535732, 0.6752302943535731, 0.0], [-0.7071067811865475, -0.7071067811865476, 0.0], [0.0, 0.0, 0.9549198400000002]]
2	[[0.08740825448676931, -0.06334395238859675, -0.994156597696443], [0.7119981850616444, -0.6940087028176986, 0.10681996481098455], [-0.6967197295301035, -0.717174639895393, -0.015561310176609944]]	0.16666029546928945	0.8333397045307104	[[0.014567485519219811, -0.010556921821276124, -0.16568643231483277], [0.11866182789597149, -0.11566369546985598, 0.017802646897417784], [-0.11611551598277045, -0.11952453738804747, -0.0025934525519231005]]	0.46534452800350873	1.0280259399187457	[[0.06448226691369824, -0.01581258170590645, 0.0005647353328491304], [0.6348396536507782, -0.6370903208967489, 0.03908611173651208], [0.0104824032874644, -0.013380735082507018, 0.026427255783343054]]	[[0.02380731398594196, 0.013664179920241815, 0.46319006804947455], [0.30351519428391255, -0.31413716865371955, -0.010621974369806931], [0.33469711697638266, 0.32035255921570094, 0.03366862632259378]]	0.7981222894678826	[[0.0, 0.0, -0.9549198400000002], [0.0, -1.0, 0.0], [-0.9549198400000002, 0.0, 0.0]]
2	[[0.034229894132735264, 0.2773841392786001, 0.9601491309293217], [-0.1827544195208179, -0.9427759796974285, 0.2788803941677556], [0.9825625356654255, -0.18501754344446375, 0.018422055382213542]]	0.8240850084620246	0.17591499153797532	[[0.028208342596029348, 0.2285881107646366, 0.7912445046866957], [-0.1506051773572856, -0.7769275512067491, 0.22982115198762765], [0.8097150555183107, -0.1524701838550539, 0.015181339665539332]]	0.9144262894277047	0.1277285737848009	[[0.0, 0.24351942160386056, 0.8627132012342786], [-0.17717184065518005, -0.8209821154913445, 0.25501556403295644], [0.8935035658612763, -0.16918490573095007, 0.0]]	[[-0.03130071507930027, -0.010127927622767331, -0.01527240585865629], [-0.010056394936244495, 0.04111702538494419, 0.0], [-0.00497744775793549, 0.0, -0.01684561174678921]]	0.3480485940092786	[[0.0, 0.0, 0.9772000000000001], [0.0, -1.0, 0.0], [0.9772000000000001, 0.0, 0.0]]
2	[[0.04673222253661188, -0.9725397674033924, -0.22799671093185395], [-0.8377629715199755, -0.16246744520517667, 0.5213036857710898], [-0.5440306084466285, 0.16664552219444034, -0.8223502702654952]]	0.18316203250057597	0.816837967499424	[[0.008559568863075045, -0.1781323604852428, -0.041760340977724617], [-0.15344636861732086, -0.02975786747895611, 0.09548304263587439], [-0.09964575198560956, 0.030523132552253536, -0.15062334692922608]]	0.48034065010156896	0.895447234177159	[[0.12934833648570254, -0.5966329790647507, 0.11593459636776413], [-0.3018574340110941, -0.4146877270701336, 0.0028605363451997996], [0.08390966006414965, 0.08004661846739293, -0.5306252889035807]]	[[0.10690095033177521, -0.12948259494057637, 0.22545068471779034], [0.1005541763598331, -0.3366480088199381, -0.2475428149784295], [0.3452296762005554, 0.0, -0.13561702547305185]]	0.8721579613890416	[[0.6752302943535732, -0.6752302943535731, 0.0], [-0.7071067811865475, -0.7071067811865476, 0.0], [0.0, 0.0, -0.9549198400000002]]
2	[[0.8489524140446696, -0.5135124485683378, 0.12483895166604869], [0.522794976890395, 0.7815435453534784, -0.34040431673891397], [0.0772347773085365, 0.35425224329800037, 0.9319550081910795]]	0.21981729966174576	0.7801827003382541	[[0.18661442719661964, -0.11287891978698313, 0.02744176124783404], [0.11491938009677141, 0.17179679170766865, -0.07482675769874968], [0.01697754018793879, 0.07787077152088222, 0.2048598333068032]]	0.0	0.43420125452662534	[[0.6909847465754942, -0.6909847465754941, 0.0], [0.7071067811865474, 0.7071067811865475, 0.0], [0.0, 0.0, 0.9772]]	[[0.6909847465754942, -0.6909847465754941, 0.0], [0.7071067811865474, 0.7071067811865475, 0.0], [0.0, 0.0, 0.9772]]	0.4342012545266254	[[0.6909847465754944, -0.6909847465754942, 0.0], [0.7071067811865475, 0.7071067811865476, 0.0], [0.0, 0.0, 0.9772000000000001]]
2	[[0.5319609947059123, -0.8460851799387872, 0.03402011756955908], [-0.703274286200726, -0.4190807785627857, 0.5742617690636116], [-0.47161719485230363, -0.3294103357928521, -0.8179645788128509]]	0.1579551739395758	0.8420448260604242	[[0.08402599144784217, -0.13364353176492844, 0.005373653588144553], [-0.11108581220406671, -0.06619597727261765, 0.09070761761929129], [-0.07449437604579047, -0.05203206688765404, -0.12920173732279572]]	0.47399365079877803	0.8069283854595498	[[0.22053667013787184, -0.5481923182942656, 0.23670400138716194], [-0.37588260501410187, -0.39653176507737653, 0.009357811384284976], [0.1618207752459347, -0.15613840767330533, -0.3601855142130849]]	[[-0.03160946382533298, -0.14715331496833878, 0.22057868165976302], [-0.042535058584915124, -0.19789013686680756, -0.26283862104834105], [0.38536433121345676, 0.0, 0.02752450272250312]]	0.6589819460265163	[[0.6752302943535732, -0.6752302943535731, 0.0], [-0.7071067811865475, -0.7071067811865476, 0.0], [0.0, 0.0, -0.9549198400000002]]
2	[[-0.8305561570912853, 0.32773595720904825, 0.4502950280316503], [-0.5100865793185324, -0.772219296347621, -0.37879947194723407], [0.22358030216652452, -0.5443036842615101, 0.808545204538665]]	0.1961666359462942	0.8038333640537058	[[-0.16292740730107927, 0.06429086020433758, 0.08833286083231111], [-0.10006196830626904, -0.1514836615773272, -0.07430781811012153], [0.04385899573986309, -0.10677422267475431, 0.15860959278485826]]	0.540306073822484	0.6364583877810334	[[-0.4105020200302146, 0.16958548446266064, 0.4273226198037399], [-0.3502322497114301, -0.5982380421501835, -0.06439472623158574], [0.3456439921657968, -0.25868145226945394, 0.2865687658933401]]	[[0.03825251629686811, -0.0074922438274138865, 0.1840254811461735], [-0.0746293727302927, -0.18100326601063904, 0.14027292922225448], [0.22484219691815727, 0.035409134340995595, -0.15029311907894333]]	0.6804521123911476	[[-0.6752302943535732, 0.6752302943535731, 0.0], [-0.7071067811865475, -0.7071067811865476, 0.0], [0.0, 0.0, 0.9549198400000002]]
