2	[[0.8787972042104137, -0.3840163418041313, 0.28327887866788265], [-0.395223040501579, -0.9183905790867732, -0.018907472103605397], [0.2674214316928388, -0.09534250611366366, -0.9588511794847616]]	0.5752860547217987	0.42471394527820133	[[0.5055597765107557, -0.22091924622519643, 0.16296638849486134], [-0.22736630370530703, -0.5283372929364977, -0.01087720503124562], [0.15384382038662822, -0.05484921418941854, -0.5516137121111319]]	0.809504232928851	0.3418830692371808	[[0.57189725339061, -0.24692926445791352, 0.23608310205849825], [-0.34875741757745465, -0.8450144146624772, -0.01530567870185274], [0.20971113025373775, -0.07718016227705558, -0.6646487093035115]]	[[-0.13949280330375985, 0.06393358974638326, 0.006767650677508837], [-0.028822693340415702, -0.10157335340975561, 0.0], [-0.006767650677508837, 0.0, 0.11154537923822463]]	0.4972495556105215	[[0.6242679206940661, -0.624267920694066, 0.0], [-0.7071067811865475, -0.7071067811865476, 0.0], [0.0, 0.0, -0.88284816]]
2	[[0.08740825448676931, -0.06334395238859675, -0.994156597696443], [0.7119981850616444, -0.6940087028176986, 0.10681996481098455], [-0.6967197295301035, -0.717174639895393, -0.015561310176609944]]	0.1545633538327981	0.8454366461672018	[[0.013510112966145765, -0.009790653726206583, -0.15366017797496603], [0.11004882740599298, -0.10726831269665316, 0.016510452017487243], [-0.1076873380776528, -0.11084891762606118, -0.0024052082909293004]]	0.4472042851357898	1.024820443263377	[[0.06075134878783733, -0.015016271757388462, -0.0003957902729872405], [0.6351510562128492, -0.6365647733165752, 0.03831165535093382], [0.008422217582855274, -0.01253482027443859, 0.02367561359013401]]	[[0.021662002825114463, 0.01331141518822946, 0.44419530031287957], [0.3167424168443768, -0.3262011074949696, -0.009458690650592736], [0.31999826616736604, 0.3081887518774981, 0.03063469818344117]]	0.8214563418198944	[[0.0, 0.0, -0.88284816], [0.0, -1.0, 0.0], [-0.88284816, 0.0, 0.0]]
2	[[0.22433838825039393, -0.7661379269479729, -0.6022499185961573], [-0.9416906372873723, -0.011392912655017143, -0.3362869982418849], [0.2507808429735371, 0.642575192824231, -0.724020780340167]]	0.1416006803619068	0.8583993196380931	[[0.03176646840754937, -0.10848565170689381, -0.08527899822111883], [-0.13334403493032954, -0.001613244183254231, -0.047618467747914256], [0.03551073798678535, 0.09098908448759456, -0.10252183509232633]]	0.404861579667304	0.8689703833029723	[[0.018967367196997736, -0.310050630905991, 0.1082361143820825], [-0.4674064483845062, -0.12507818858190733, -0.13614968532978539], [0.27974302034367415, 0.040506720343206605, -0.3230221951793237]]	[[-0.07185862705007372, 0.00012918044119879235, 0.352063967779428], [-0.08615208941443045, -0.12046563596738545, 0.0], [0.17821149210710982, -0.21964728727863403, -0.029893998338849495]]	0.9606437821306896	[[0.6242679206940661, -0.624267920694066, 0.0], [-0.7071067811865475, -0.7071067811865476, 0.0], [0.0, 0.0, -0.88284816]]
2	[[0.5319609947059123, -0.8460851799387872, 0.03402011756955908], [-0.703274286200726, -0.4190807785627857, 0.5742617690636116], [-0.47161719485230363, -0.3294103357928521, -0.8179645788128509]]	0.15114464894215643	0.8488553510578436	[[0.08040305779574544, -0.12788124749700924, 0.005141958727021917], [-0.10629614509785439, -0.06334181715427785, 0.08679659348602128], [-0.07128241535103595, -0.04978860956132851, -0.1236309691117872]]	0.4598506627645424	0.8175259620562466	[[0.21622733667663335, -0.5109166364548002, 0.22706972415839188], [-0.3841778902206887, -0.3996352131737625, 0.0], [0.13658987594503072, -0.15063273845001382, -0.33339980443081096]]	[[-0.028395279303765678, -0.12184380570469182, 0.21142555054670248], [-0.06077674360602434, -0.20692063939978506, -0.2640746551042404], [0.3534633555690169, 0.0008468227858196841, 0.042741749254198234]]	0.6854211543144435	[[0.6242679206940661, -0.624267920694066, 0.0], [-0.7071067811865475, -0.7071067811865476, 0.0], [0.0, 0.0, -0.88284816]]
2	[[-0.42203838922340475, -0.825029846081567, 0.3757783270710803], [0.2588054115689476, 0.28760896992378115, 0.9221175843470338], [-0.8688517462515349, 0.4864224845687207, 0.09214016247897017]]	0.10695592319961435	0.8930440768003859	[[-0.04513950554506743, -0.08824182885488976, 0.040191717890294035], [0.02768077172341296, 0.03076148289868815, 0.09862593753243526], [-0.09292884064392994, 0.05202576590209769, 0.009854936141700743]]	0.3415312599193054	1.1333164301182954	[[-0.22934328996719844, -0.4535290764157419, 0.2878640689951579], [0.18490049082767115, 0.014045326395545746, 0.023874477606696014], [0.16409124980544815, 0.1661284840078341, -0.0890278884313237]]	[[-0.08520398716141482, -0.17175559361247367, 0.15952402350020295], [0.09651035254059409, -0.08418212746661685, -0.2910575027690928], [0.4608312813858235, 0.0, -0.1204966342119359]]	1.0000000000000002	[[0.0, 0.0, 0.0], [0.0, 0.0, 0.0], [0.0, 0.0, 0.0]]
2	[[-0.30792515101507295, 0.09349718223056193, 0.9468053539599837], [0.3027085282091916, -0.9338174967034747, 0.1906631317268273], [0.9019698710720718, 0.34531602882779927, 0.2592434992682147]]	0.5580718566301819	0.44192814336981817	[[-0.17184436073011092, 0.052178146077100133, 0.5283854217518446], [0.16893311035549335, -0.521137264139057, 0.10640372791371547], [0.503364000573677, 0.19271115733209135, 0.1446765009559178]]	0.7821866227967924	0.31189457977422175	[[-0.09682407466829597, 0.13166281088938417, 0.7517152323168448], [0.30594341204314923, -0.8115007014155411, 0.14913415109726702], [0.6943720172613586, 0.27010157838641613, 0.09682407466829597]]	[[0.14403085927837617, 0.058530565679444674, 0.011136750056963641], [0.06916885067141408, -0.08108114736049532, 0.0], [-0.011136750056963641, 0.0, -0.10595272250633163]]	0.4776543782527784	[[0.0, 0.0, 0.9396], [0.0, -1.0, 0.0], [0.9396, 0.0, 0.0]]
2	[[0.8592155572171323, 0.2624339665249735, -0.4391776855101157], [-0.4266000482917053, 0.8413623931712975, -0.33184593135155627], [0.2824199444684594, 0.4724804086637203, 0.8348660002631537]]	0.16881573573599343	0.8311842642640067	[[0.14504910644742175, 0.04430298314102848, -0.07414010409822096], [-0.07201680101737452, 0.1420352114238087, -0.05602081505210895], [0.047676930711961385, 0.07976212780940879, 0.14093851807539043]]	0.0	0.6886186488551461	[[0.6643975316028801, 0.6643975316028801, 0.0], [-0.7071067811865476, 0.7071067811865478, 0.0], [0.0, 0.0, 0.9396000000000003]]	[[0.6643975316028802, 0.6643975316028801, 0.0], [-0.7071067811865476, 0.7071067811865477, 0.0], [0.0, 0.0, 0.9396000000000002]]	0.688618648855146	[[0.6643975316028801, 0.66439753160288, 0.0], [-0.7071067811865475, 0.7071067811865476, 0.0], [0.0, 0.0, 0.9396]]
2	[[0.8489524140446696, -0.5135124485683378, 0.12483895166604869], [0.522794976890395, 0.7815435453534784, -0.34040431673891397], [0.0772347773085365, 0.35425224329800037, 0.9319550081910795]]	0.21227225462466287	0.7877277453753371	[[0.18020904299831234, -0.10900444523543229, 0.026499845735131422], [0.11097486845097267, 0.1659000104595353, -0.07225839179813713], [0.016394800314716768, 0.07519792239071116, 0.1978281907974666]]	0.0	0.4472251360109534	[[0.66439753160288, -0.6643975316028798, 0.0], [0.7071067811865474, 0.7071067811865475, 0.0], [0.0, 0.0, 0.9395999999999999]]	[[0.66439753160288, -0.6643975316028798, 0.0], [0.7071067811865474, 0.7071067811865475, 0.0], [0.0, 0.0, 0.9395999999999999]]	0.44722513601095326	[[0.6643975316028801, -0.66439753160288, 0.0], [0.7071067811865475, 0.7071067811865476, 0.0], [0.0, 0.0, 0.9396]]
2	[[0.034229894132735264, 0.2773841392786001, 0.9601491309293217], [-0.1827544195208179, -0.9427759796974285, 0.2788803941677556], [0.9825625356654255, -0.18501754344446375, 0.018422055382213542]]	0.7835595500307414	0.21644044996925862	[[0.026821160444245956, 0.2173469913588044, 0.7523340209933866], [-0.1431989707258614, -0.7387211224315087, 0.2185193961664824], [0.7698962583230652, -0.1449722630891372, 0.014434777425928642]]	0.8824720878089566	0.17467427906994834	[[0.0, 0.21727260808223547, 0.8150075717506164], [-0.18493873039812453, -0.8214561873040647, 0.24610416369020408], [0.8373750172322973, -0.16327281784472028, 0.0]]	[[-0.03020692614079445, -0.027511152432041188, -0.032297236428537435], [-0.023663056247274408, 0.010517299835659797, 0.0], [-0.029708995019233166, 0.0, -0.01625694967487421]]	0.3647976604718044	[[0.0, 0.0, 0.9396], [0.0, -1.0, 0.0], [0.9396, 0.0, 0.0]]
2	[[0.3802729664721569, 0.7767473726770865, -0.5020517802076895], [0.4287143634067757, 0.332951791095048, 0.839849450446521], [0.8195098935212374, -0.5346088512602871, -0.20639019011321075]]	0.12488565772225439	0.8751143422777461	[[0.047490639531868106, 0.09700460652081097, -0.06269906678186596], [0.053540275249032765, 0.041580903420707735, 0.10488515100668767], [0.1023450320622944, -0.06676497801377981, -0.025775174639709422]]	0.4115246218629221	0.9535025269607169	[[0.14495921299614606, 0.31232289331631036, 0.12003223633717833], [0.27627197246168467, -0.27529688815086784, 0.32805594838893803], [0.5791809636192151, 0.0, -0.0733699252319904]]	[[-0.011532475735999977, -0.007327775507645896, 0.3266389053427545], [0.09984545617350792, -0.4123147480798401, -0.017562779127849457], [0.24193246457496428, 0.22000470535946082, 0.01156471971056526]]	1.0000000000000007	[[0.0, 0.0, 0.0], [0.0, 0.0, 0.0], [0.0, 0.0, 0.0]]
2	[[-0.5446221603179724, 0.8109226453022452, -0.2139887049042392], [-0.8354447797583356, -0.5021691245819775, 0.22328947644507607], [0.07361197229480154, 0.30038414347728, 0.9509735242804028]]	0.23823680931540406	0.7617631906845961	[[-0.1297490457566162, 0.19319162361841402, -0.050979986285921486], [-0.19903369868883633, -0.11963516997711986, 0.05319577242198199], [0.01753708140692746, 0.07156255991096773, 0.22655689816798807]]	0.5947858552133957	0.5802187604644324	[[-0.35570736659762936, 0.5283258477586378, 0.13622173337926138], [-0.6086054389001931, -0.3927368693357635, 0.13280942220753592], [0.1792319732675404, 0.013414649567382824, 0.5005710294162171]]	[[-0.03177380920473724, 0.046000528660632686, 0.2634991882317363], [-0.1116947010880647, -0.09405377710950992, 0.0], [0.1354486133722321, -0.16524959010329449, -0.06505457150819902]]	0.4198270403158513	[[-0.6242679206940661, 0.624267920694066, 0.0], [-0.7071067811865475, -0.7071067811865476, 0.0], [0.0, 0.0, 0.88284816]]
2	[[-0.3195682178843842, -0.5708200961323295, -0.7563336379995778], [0.910087742671785, 0.03735879733279218, -0.41272826520656647], [0.2638493031197415, -0.8202248094963509, 0.507557688474819]]	0.11594144416529951	0.8840585558347003	[[-0.037051200690846595, -0.06618170630415736, -0.08769041426046592], [0.10551688720250424, 0.004331432915042663, -0.04785231111588806], [0.0305910692457107, -0.0950980489532146, 0.058846971398971694]]	0.3646662305105398	1.0720416166682398	[[-0.18679444952534174, -0.27841752487471305, 0.185733089049194], [0.5390805106660271, -0.0763647411463852, -0.150508060698033], [0.24592158878813417, -0.045921457369583606, 0.08572832546994434]]	[[-0.07025871211847252, -0.07025871211847252, 0.46154242582682314], [0.20720224411206092, -0.08998823294614178, 0.0], [0.14970465799662516, 0.2531868320806763, -0.09936082355281078]]	0.9683850153626409	[[1.762813483105911e-16, -0.88284816, 0.0], [1.0, 1.7938038903913487e-16, 0.0], [0.0, 0.0, 0.88284816]]
2	[[0.04673222253661188, -0.9725397674033924, -0.22799671093185395], [-0.8377629715199755, -0.16246744520517667, 0.5213036857710898], [-0.5440306084466285, 0.16664552219444034, -0.8223502702654952]]	0.17691111826947503	0.8230888817305249	[[0.00826744974816997, -0.17205309781286932, -0.04033515309271652], [-0.1482095841363572, -0.02874229741363246, 0.09222441800776252], [-0.09624506331311605, 0.029481445686019063, -0.1454829059218738]]	0.46498288644517616	0.8759739384375436	[[-0.05831265965811739, -0.5626521825114127, 0.10097000161318836], [-0.3049760901196604, -0.19063779460112756, 0.0], [0.07139657283710214, 0.07139657283710213, -0.4955757699136517]]	[[-0.0800423433831895, -0.11043783428146295, 0.20698457036228826], [0.0845693545345856, -0.11509321297625102, -0.24239729252435044], [0.324361495467141, -0.006090743086032389, -0.11319696757663093]]	0.8847719526765391	[[0.6242679206940661, -0.624267920694066, 0.0], [-0.7071067811865475, -0.7071067811865476, 0.0], [0.0, 0.0, -0.88284816]]
2	[[-0.8305561570912853, 0.32773595720904825, 0.4502950280316503], [-0.5100865793185324, -0.772219296347621, -0.37879947194723407], [0.22358030216652452, -0.5443036842615101, 0.808545204538665]]	0.18688686230434182	0.8131131376956581	[[-0.1552200341663423, 0.06124954470710905, 0.08415422490008077], [-0.09532848031239527, -0.1443176413052735, -0.07079264475476012], [0.0417842211449584, -0.10172320769232678, 0.15110647630745339]]	0.5221704637655021	0.6576092819367555	[[-0.38205127529726024, 0.15072387925693648, 0.40585153554452363], [-0.3533238481584721, -0.6030996880490596, -0.059240072583941185], [0.3239620498722483, -0.24999869600476324, 0.26661334853883073]]	[[0.051640618434389524, -0.02041015751154302, 0.17072077192593704], [-0.08697170247515547, -0.19986957994655263, 0.1385578233568734], [0.2072150198011231, 0.03422061123534097, -0.15558507589049678]]	0.6825889101737063	[[-0.6242679206940661, 0.624267920694066, 0.0], [-0.7071067811865475, -0.7071067811865476, 0.0], [0.0, 0.0, 0.88284816]]
