2	[[-0.30792515101507295, 0.09349718223056193, 0.9468053539599837], [0.3027085282091916, -0.9338174967034747, 0.1906631317268273], [0.9019698710720718, 0.34531602882779927, 0.2592434992682147]]	0.5765287740720838	0.4234712259279164	[[-0.1775277098206813, 0.053903815850580065, 0.5458605300034347], [0.17452017666961, -0.5383726565815163, 0.10992278159521196], [0.520011584019137, 0.19908462676753147, 0.149461336819261]]	0.7925954053087075	0.29931174996342397	[[-0.10593968760066208, 0.1371321948071021, 0.7609486433641384], [0.3016109703541869, -0.8124732212681217, 0.15111872216845218], [0.7043821054448406, 0.2736958978283629, 0.10593968760066208]]	[[0.1381203722728747, 0.06302675776184775, 0.010515070093770932], [0.06168558174782034, -0.07233376398406849, 0.0], [-0.010515070093770932, 0.0, -0.09953551877547621]]	0.4747508210134421	[[0.0, 0.0, 0.9525999999999999], [0.0, -1.0, 0.0], [0.9525999999999999, 0.0, 0.0]]
2	[[0.8489524140446696, -0.5135124485683378, 0.12483895166604869], [0.522794976890395, 0.7815435453534784, -0.34040431673891397], [0.0772347773085365, 0.35425224329800037, 0.9319550081910795]]	0.21494548709182584	0.7850545129081746	[[0.18247849015461293, -0.11037718338523751, 0.026833569273891716], [0.11237242095686578, 0.16798925803947584, -0.07316837166960603], [0.016601266829012085, 0.07614492098906069, 0.2003195231832981]]	0.0	0.44256649680052734	[[0.6735899197583052, -0.6735899197583051, 0.0], [0.7071067811865475, 0.7071067811865476, 0.0], [0.0, 0.0, 0.9525999999999999]]	[[0.6735899197583052, -0.6735899197583051, 0.0], [0.7071067811865475, 0.7071067811865476, 0.0], [0.0, 0.0, 0.9525999999999999]]	0.44256649680052734	[[0.6735899197583052, -0.6735899197583051, 0.0], [0.7071067811865475, 0.7071067811865476, 0.0], [0.0, 0.0, 0.9525999999999999]]
2	[[0.8592155572171323, 0.2624339665249735, -0.4391776855101157], [-0.4266000482917053, 0.8413623931712975, -0.33184593135155627], [0.2824199444684594, 0.4724804086637203, 0.8348660002631537]]	0.17150501649403277	0.8284949835059672	[[0.14735977831245384, 0.045008741757460016, -0.07532117619722357], [-0.07316404831862412, 0.14429787111830236, -0.05691324192992633], [0.04843643723430696, 0.0810327602809787, 0.14318370714543932]]	0.0	0.6884329567162316	[[0.6735899197583051, 0.673589919758305, 0.0], [-0.7071067811865474, 0.7071067811865476, 0.0], [0.0, 0.0, 0.9525999999999998]]	[[0.6735899197583051, 0.673589919758305, 0.0], [-0.7071067811865474, 0.7071067811865475, 0.0], [0.0, 0.0, 0.9525999999999998]]	0.6884329567162317	[[0.6735899197583052, 0.6735899197583051, 0.0], [-0.7071067811865475, 0.7071067811865476, 0.0], [0.0, 0.0, 0.9525999999999999]]
2	[[-0.8305561570912853, 0.32773595720904825, 0.4502950280316503], [-0.5100865793185324, -0.772219296347621, -0.37879947194723407], [0.22358030216652452, -0.5443036842615101, 0.808545204538665]]	0.1901080947479336	0.8098919052520661	[[-0.1578954486057897, 0.06230525840540248, 0.0856047298535644], [-0.09697158775073692, -0.14680513915623622, -0.07201284590341199], [0.04250442526804525, -0.1034765363792365, 0.15371098835242392]]	0.5285317521588162	0.6502791213183617	[[-0.3917188265583593, 0.15709415364745288, 0.41325819316660334], [-0.35224766897895504, -0.6014406923374551, -0.06104990783387042], [0.3313910619286702, -0.2530442796093405, 0.2734141964924428]]	[[0.0472564744153907, -0.01612470606169222, 0.17526297301263197], [-0.0826507154590341, -0.19329827458799884, 0.13915764079123552], [0.2132217730763994, 0.03463750033989448, -0.15392761716198622]]	0.681148625019784	[[-0.6416617575617614, 0.6416617575617614, 0.0], [-0.7071067811865475, -0.7071067811865476, 0.0], [0.0, 0.0, 0.9074467599999998]]
2	[[0.08740825448676931, -0.06334395238859675, -0.994156597696443], [0.7119981850616444, -0.6940087028176986, 0.10681996481098455], [-0.6967197295301035, -0.717174639895393, -0.015561310176609944]]	0.1587005849692095	0.8412994150307905	[[0.013871741118187824, -0.010052722298332057, -0.1577732336054246], [0.11299452846629846, -0.11013958711089107, 0.01695239090189362], [-0.11056982863601679, -0.11381603487648104, -0.0024695890279153206]]	0.4535545156141558	1.0259025912481623	[[0.06203536257655292, -0.015291772747504685, -7.65411933141974e-05], [0.6350420456524546, -0.6367487481555996, 0.03858276398932011], [0.009113504559703216, -0.012825071078189303, 0.024607688395517316]]	[[0.022390954052127342, 0.013438162895191414, 0.45082767291951314], [0.31211205370866246, -0.3219779671171097, -0.009865913408447148], [0.32511388400555497, 0.31245272533032226, 0.03166559089499129]]	0.8133200887649614	[[0.0, 0.0, -0.9074467599999998], [0.0, -1.0, 0.0], [-0.9074467599999998, 0.0, 0.0]]
2	[[0.8787972042104137, -0.3840163418041313, 0.28327887866788265], [-0.395223040501579, -0.9183905790867732, -0.018907472103605397], [0.2674214316928388, -0.09534250611366366, -0.9588511794847616]]	0.5936116202210537	0.4063883797789464	[[0.521664232237076, -0.22795656284971233, 0.1681576341404451], [-0.23460898942083347, -0.5451673196474515, -0.011223695149705575], [0.15874446934901984, -0.0565964195300676, -0.5691852022048176]]	0.8196788208773363	0.3267019415381713	[[0.5853623489588574, -0.25349252778172615, 0.2389714545235677], [-0.34779004160277993, -0.846513118405, -0.0154980544396544], [0.2124259265296917, -0.07815023299073806, -0.6816715887401036]]	[[-0.13496910717863442, 0.0612775344659124, 0.006773757277623551], [-0.02383408578088987, -0.09372781143429953, 0.0], [-0.006773757277623551, 0.0, 0.1042784154568092]]	0.48972667488986976	[[0.6416617575617614, -0.6416617575617614, 0.0], [-0.7071067811865475, -0.7071067811865476, 0.0], [0.0, 0.0, -0.9074467599999998]]
2	[[0.034229894132735264, 0.2773841392786001, 0.9601491309293217], [-0.1827544195208179, -0.9427759796974285, 0.2788803941677556], [0.9825625356654255, -0.18501754344446375, 0.018422055382213542]]	0.8094373625912501	0.19056263740874999	[[0.02770695522857894, 0.22452508612231403, 0.7771805802337111], [-0.14792825533882575, -0.7631181025206684, 0.22573621073355635], [0.7953228274499932, -0.14976011239879877, 0.014911499922088876]]	0.8936405171237339	0.15647401822538173	[[0.0, 0.22615281043125884, 0.8313754516297343], [-0.1822026156120426, -0.8212993904119597, 0.24921881965974388], [0.8565652849478802, -0.16533917320067346, 0.0]]	[[-0.030589220293868208, -0.02172889523559118, -0.026652714249848376], [-0.018885861644811097, 0.02120342361668528, 0.0], [-0.021492407530577937, 0.0, -0.016462695098243378]]	0.35888864720058306	[[0.0, 0.0, 0.9525999999999999], [0.0, -1.0, 0.0], [0.9525999999999999, 0.0, 0.0]]
2	[[-0.42203838922340475, -0.825029846081567, 0.3757783270710803], [0.2588054115689476, 0.28760896992378115, 0.9221175843470338], [-0.8688517462515349, 0.4864224845687207, 0.09214016247897017]]	0.10812284527682992	0.8918771547231702	[[-0.045631991458884705, -0.08920457439664406, 0.04063022191629238], [0.027982777471875622, 0.031097100155297402, 0.0997019768993985], [-0.09394272292845814, 0.05259338303819498, 0.009962456531495668]]	0.3456287132489241	1.138098480827262	[[-0.23193603646480204, -0.4630488690158575, 0.2950518354061451], [0.1842963121180506, 0.012233195578047609, 0.027825683093749037], [0.17178923637620472, 0.16812157743683157, -0.08987147076593799]]	[[-0.08606745105586808, -0.17789486492272752, 0.1651720557537344], [0.09484573073561703, -0.08717272261555745, -0.29088463104832246], [0.47208934743720343, 0.0, -0.12171775656209119]]	1.0000000000000002	[[0.0, 0.0, 0.0], [0.0, 0.0, 0.0], [0.0, 0.0, 0.0]]
2	[[-0.5446221603179724, 0.8109226453022452, -0.2139887049042392], [-0.8354447797583356, -0.5021691245819775, 0.22328947644507607], [0.07361197229480154, 0.30038414347728, 0.9509735242804028]]	0.24232562462073667	0.7576743753792633	[[-0.1319759051813476, 0.19650733654196673, -0.051854946577702246], [-0.2024496780910725, -0.12168844677957626, 0.05410876185079034], [0.01783806716590214, 0.07279077519429686, 0.23044525326903187]]	0.599431648337194	0.5808040704179881	[[-0.36926607737158623, 0.5341176432713816, 0.13825007753993884], [-0.6105686731665306, -0.38495388580207274, 0.13384677892182104], [0.18364192673501295, 0.011873207921100557, 0.502126098175148]]	[[-0.04280231809122065, 0.048024945323899094, 0.2665216796462283], [-0.10977663174128746, -0.08393781970985228, 0.0], [0.13951658084498825, -0.16818655433784155, -0.06791752900928445]]	0.41009919266285677	[[-0.6416617575617614, 0.6416617575617614, 0.0], [-0.7071067811865475, -0.7071067811865476, 0.0], [0.0, 0.0, 0.9074467599999998]]
2	[[0.5319609947059123, -0.8460851799387872, 0.03402011756955908], [-0.703274286200726, -0.4190807785627857, 0.5742617690636116], [-0.47161719485230363, -0.3294103357928521, -0.8179645788128509]]	0.1534732326206811	0.8465267673793192	[[0.08164177348562938, -0.12985142763765634, 0.0052211774175358605], [-0.10793377812222749, -0.06431768181522252, 0.08813381006866351], [-0.0723806154534807, -0.05055566909279307, -0.12553566807962208]]	0.4649517832145992	0.8231029987527207	[[0.27683019666113706, -0.5243671439166776, 0.2304760222871711], [-0.3819757724700092, -0.4639064775863919, 0.002675359295342489], [0.14514583873836975, -0.15315992303620649, -0.3426329963912341]]	[[0.029493983572011197, -0.1309783307526936, 0.21465830795803428], [-0.05498713901200722, -0.2690541222826621, -0.264328674262754], [0.36442509447961535, 0.0, 0.03768109313417924]]	0.6761785619523009	[[0.6416617575617614, -0.6416617575617614, 0.0], [-0.7071067811865475, -0.7071067811865476, 0.0], [0.0, 0.0, -0.9074467599999998]]
2	[[0.22433838825039393, -0.7661379269479729, -0.6022499185961573], [-0.9416906372873723, -0.011392912655017143, -0.3362869982418849], [0.2507808429735371, 0.642575192824231, -0.724020780340167]]	0.144315940094113	0.8556840599058871	[[0.03237560539955374, -0.11056591516925157, -0.08691426317380754], [-0.13590096959795156, -0.0016441789002188817, -0.048531574292704945], [0.03619167311132013, 0.09273384303358484, -0.1044877395624645]]	0.410576520747446	0.8467178558622476	[[0.16470391218342123, -0.31537747188853815, 0.1115196679902725], [-0.4730709585669315, -0.28642089920813496, -0.13807154571075558], [0.2860358760706966, 0.039380321343250896, -0.3265168858785321]]	[[0.0725958372654848, -0.0008192274295785312, 0.3587893441879153], [-0.08643489308903698, -0.28174323676905844, 0.0], [0.18307115009251007, -0.2244459656451411, -0.0292509529376154]]	0.9576414168435966	[[0.6416617575617614, -0.6416617575617614, 0.0], [-0.7071067811865475, -0.7071067811865476, 0.0], [0.0, 0.0, -0.9074467599999998]]
2	[[0.04673222253661188, -0.9725397674033924, -0.22799671093185395], [-0.8377629715199755, -0.16246744520517667, 0.5213036857710898], [-0.5440306084466285, 0.16664552219444034, -0.8223502702654952]]	0.17910904406209058	0.8208909559379092	[[0.008370163705429434, -0.17419066805198957, -0.04083627294430517], [-0.15005092497955924, -0.029099388801909314, 0.09337020482450434], [-0.09744080221939319, 0.02984772017747411, -0.14729037079145468]]	0.47052207087402714	0.8832368276139313	[[-0.06339274253484471, -0.5751173954352745, 0.10643926857492107], [-0.30304963680077934, -0.19525367822628853, 0.0], [0.07526392859386288, 0.07526392859386288, -0.5076813228871808]]	[[-0.08538128465931721, -0.11751597006928557, 0.21371675315504396], [0.09113633146037817, -0.11880915945873625, -0.24528488978327628], [0.3312423370990276, -0.003146467610948854, -0.1207473707380443]]	0.8801361793185295	[[0.6416617575617614, -0.6416617575617614, 0.0], [-0.7071067811865475, -0.7071067811865476, 0.0], [0.0, 0.0, -0.9074467599999998]]
2	[[0.3802729664721569, 0.7767473726770865, -0.5020517802076895], [0.4287143634067757, 0.332951791095048, 0.839849450446521], [0.8195098935212374, -0.5346088512602871, -0.20639019011321075]]	0.12618468781636105	0.8738153121836394	[[0.04798462555929065, 0.0980136247334368, -0.06335124715315564], [0.054097188108873956, 0.04201341781722688, 0.10597614071733664], [0.10340960007639662, -0.06745945100014275, -0.02604328170779492]]	0.4167777225164265	0.8666423238874382	[[0.027079250936378023, 0.31560732620838083, 0.1258695752189573], [0.2794040749168499, -0.14191737826860126, 0.3279815097207913], [0.592662567067489, 0.0, -0.06921140378741313]]	[[-0.13141004996445294, -0.008123674746593215, 0.3351135727592357], [0.10072547892609432, -0.2806842674689604, -0.0220490314929821], [0.25110910006602855, 0.22281305946538552, 0.016807429597703108]]	1.0000000000000007	[[0.0, 0.0, 0.0], [0.0, 0.0, 0.0], [0.0, 0.0, 0.0]]
2	[[-0.3195682178843842, -0.5708200961323295, -0.7563336379995778], [0.910087742671785, 0.03735879733279218, -0.41272826520656647], [0.2638493031197415, -0.8202248094963509, 0.507557688474819]]	0.11804241585778796	0.8819575841422119	[[-0.037722604470440665, -0.06738098316763497, -0.08927944982397978], [0.1074289557875384, 0.004409922690704296, -0.04871944151777692], [0.031145409162648102, -0.09682131805944316, 0.059913335734762166]]	0.36981999648483077	1.0755030983292686	[[-0.19142383391561055, -0.2843418026460729, 0.18856891849844004], [0.5408795495223419, -0.0775398675230053, -0.15263516558788276], [0.25371847853803803, -0.04469315184441537, 0.08412640200578095]]	[[-0.07324111670094396, -0.07324111670094396, 0.46827622184480316], [0.2043109037265748, -0.09135589782129609, 0.0], [0.1561417301857701, 0.2586423843202961, -0.10357858056182556]]	0.9752321391278382	[[1.8119303592689974e-16, -0.9074467599999998, 0.0], [1.0, 1.7938038903913487e-16, 0.0], [0.0, 0.0, 0.9074467599999998]]
