2	[[-0.5446221603179724, 0.8109226453022452, -0.2139887049042392], [-0.8354447797583356, -0.5021691245819775, 0.22328947644507607], [0.07361197229480154, 0.30038414347728, 0.9509735242804028]]	0.22849744317490026	0.7715025568250997	[[-0.12444477112904725, 0.18529375106418955, -0.04889587193892691], [-0.1908969960885973, -0.11474436100835982, 0.051021074455562], [0.016820147456423733, 0.06863700875484087, 0.217295018825096]]	0.5832904089149958	0.5804091108823669	[[-0.32455456947788736, 0.514364929740201, 0.13141722507231207], [-0.6037476560677519, -0.4119949092158776, 0.13024261002206378], [0.16898923506264912, 0.01686278696405217, 0.496199701472817]]	[[-0.00688168688184891, 0.041361528363424147, 0.2562347842590962], [-0.11644072885661387, -0.11908447519397057, 0.0], [0.12605207764177498, -0.15834840291639127, -0.058494034372033876]]	0.44488535412367625	[[-0.5840118225242336, 0.5840118225242336, 0.0], [-0.7071067811865475, -0.7071067811865476, 0.0], [0.0, 0.0, 0.8259174400000001]]
2	[[0.8787972042104137, -0.3840163418041313, 0.28327887866788265], [-0.395223040501579, -0.9183905790867732, -0.018907472103605397], [0.2674214316928388, -0.09534250611366366, -0.9588511794847616]]	0.5349409474892108	0.46505905251078916	[[0.47010460907118834, -0.20542606573604266, 0.15153747175827836], [-0.2114209877554814, -0.49128472654184346, -0.010114381041728494], [0.14305467404868843, -0.051002610556439114, -0.5129287584547257]]	0.7849392887064521	0.37732526253672866	[[0.5404980081242099, -0.2317890354627282, 0.22909399225679924], [-0.3512288786820774, -0.8413847296501872, -0.014841217704241105], [0.20317231764816784, -0.07483807893234971, -0.6250837732420212]]	[[-0.14930444426593079, 0.06964047872466034, 0.0067372707296700736], [-0.04100278639036672, -0.12050388174710902, 0.0], [-0.0067372707296700736, 0.0, 0.12755618955809023]]	0.5148458450645191	[[0.9088, 0.0, 0.0], [0.0, -1.0, 0.0], [0.0, 0.0, -0.9088]]
2	[[-0.30792515101507295, 0.09349718223056193, 0.9468053539599837], [0.3027085282091916, -0.9338174967034747, 0.1906631317268273], [0.9019698710720718, 0.34531602882779927, 0.2592434992682147]]	0.5166458603363718	0.4833541396636283	[[-0.15908825456538958, 0.0483049321525352, 0.4891630666677388], [0.15639310798779468, -0.4824529439815237, 0.0985053177254337], [0.46599900003751693, 0.17840609680167774, 0.13393708071603838]]	0.7571539606558816	0.34214575657584456	[[-0.07602622693051167, 0.11923055277653458, 0.7293598862977109], [0.3165660225130114, -0.8090776329671696, 0.14436134533802136], [0.6704475976977786, 0.2614573989049288, 0.07602622693051167]]	[[0.1571205207461113, 0.04843879094049991, 0.012482462576715396], [0.0873690614551093, -0.10203401680837323, 0.0], [-0.012482462576715396, 0.0, -0.12026101531470722]]	0.4854543027105016	[[0.0, 0.0, 0.9088], [0.0, -1.0, 0.0], [0.9088, 0.0, 0.0]]
2	[[0.034229894132735264, 0.2773841392786001, 0.9601491309293217], [-0.1827544195208179, -0.9427759796974285, 0.2788803941677556], [0.9825625356654255, -0.18501754344446375, 0.018422055382213542]]	0.7234730479445426	0.2765269520554574	[[0.024764405839029002, 0.20067994869536238, 0.69464201823474], [-0.13221789691606173, -0.682073011560601, 0.2017624487805216], [0.7108575124739838, -0.13385520607897805, 0.0133278605567732]]	0.8551483599251977	0.22125665935428	[[0.002616061963218579, 0.19958424896912086, 0.7727344620746045], [-0.18839823369113454, -0.8205555317125401, 0.2384841116878489], [0.7887855433774075, -0.1582174488339222, -0.0036996703083920996]]	[[-0.02665557586480314, -0.037620342804236644, -0.04833549252320895], [-0.03211609156882558, -0.014342198897412502, 0.0], [-0.05145119752082474, 0.0, -0.01945326075494317]]	0.37929999760781635	[[0.0, 0.0, 0.9088], [0.0, -1.0, 0.0], [0.9088, 0.0, 0.0]]
2	[[-0.8305561570912853, 0.32773595720904825, 0.4502950280316503], [-0.5100865793185324, -0.772219296347621, -0.37879947194723407], [0.22358030216652452, -0.5443036842615101, 0.808545204538665]]	0.1792049791601805	0.8207950208398193	[[-0.14883979882290338, 0.05873191538168931, 0.08069511111434478], [-0.09141005481666534, -0.13838554290906474, -0.06788275147619145], [0.04006670339037889, -0.09754193039489338, 0.1448953265294154]]	0.5067102171267273	0.6750133226112502	[[-0.35984584953266, 0.1362648173292101, 0.3883715347453122], [-0.35590230421644276, -0.6069209672000478, -0.05483335355532293], [0.30664347258319696, -0.24259681909327732, 0.25091180411017566]]	[[0.06100544116300535, -0.02980234070842256, 0.160202443320309], [-0.09743622285651966, -0.2156295598782962, 0.13710820912254965], [0.193353049127138, 0.033207418941750055, -0.15878631203838534]]	0.6886345142376676	[[-0.5840118225242336, 0.5840118225242336, 0.0], [-0.7071067811865475, -0.7071067811865476, 0.0], [0.0, 0.0, 0.8259174400000001]]
2	[[0.04673222253661188, -0.9725397674033924, -0.22799671093185395], [-0.8377629715199755, -0.16246744520517667, 0.5213036857710898], [-0.5440306084466285, 0.16664552219444034, -0.8223502702654952]]	0.17154752719892125	0.8284524728010785	[[0.00801679721666547, -0.16683679220066605, -0.0391122719698468], [-0.1437161661430721, -0.027870888475274302, 0.08942835821371392], [-0.09332710559954374, 0.028587627251229195, -0.1410721553554103]]	0.4515523101874604	0.8693632895641332	[[0.1211798107070484, -0.5334923766450161, 0.08857746199254131], [-0.3096021464042935, -0.38290135829818384, 0.0], [0.06263372403521963, 0.06263372403521963, -0.46733226601709194]]	[[0.10007776766044679, -0.09433979792483896, 0.19152990352896254], [0.06869165877506306, -0.3095388080855316, -0.23539588361917352], [0.30829200209198443, -0.012615446494075614, -0.09599810169542522]]	0.896755065456123	[[0.5840118225242336, -0.5840118225242336, 0.0], [-0.7071067811865475, -0.7071067811865476, 0.0], [0.0, 0.0, -0.8259174400000001]]
2	[[0.08740825448676931, -0.06334395238859675, -0.994156597696443], [0.7119981850616444, -0.6940087028176986, 0.10681996481098455], [-0.6967197295301035, -0.717174639895393, -0.015561310176609944]]	0.1449544925246394	0.8550455074753607	[[0.01267021917159417, -0.00918199047299395, -0.14410746510911], [0.10320733559407494, -0.10059967932462283, 0.015484033790676102], [-0.10099265482594015, -0.1039576859775777, -0.002255681819669019]]	0.4318300452820046	1.0223663435088752	[[0.05773433676784242, -0.014362814858174325, -0.0010980438068061427], [0.6354149764765012, -0.6361193606166965, 0.0376552871691514], [0.006872929628431026, -0.011856526208545142, 0.021548627935528752]]	[[0.019988826274799802, 0.012991006970134531, 0.42820864479385246], [0.32795276798062645, -0.3364255510528247, -0.008472783072198196], [0.30773744198028163, 0.29784103101258774, 0.028268469213741546]]	0.8409871892480862	[[0.0, 0.0, -0.8259174400000001], [0.0, -1.0, 0.0], [-0.8259174400000001, 0.0, 0.0]]
2	[[0.3802729664721569, 0.7767473726770865, -0.5020517802076895], [0.4287143634067757, 0.332951791095048, 0.839849450446521], [0.8195098935212374, -0.5346088512602871, -0.20639019011321075]]	0.12159768865076365	0.8784023113492369	[[0.046240313779383625, 0.09445068518308705, -0.061048336056256244], [0.05213067568164742, 0.04048616822928973, 0.10212375198891102], [0.09965050887861583, -0.06500720064549081, -0.02509657007795811]]	0.39874473553455875	0.9538691737525771	[[0.1367784027178908, 0.3041789158916776, 0.10677200073452986], [0.268652108311719, -0.2743394737506829, 0.3282370448080053], [0.5477133285430467, 0.0, -0.0823732220686283]]	[[-0.014853440728991557, -0.0055450098036105115, 0.3069625050580994], [0.09770451285521752, -0.40710224763663555, -0.006648502199137214], [0.22093807278296648, 0.21317246501021747, -7.622029500876926e-05]]	1.0000000000000007	[[0.0, 0.0, 0.0], [0.0, 0.0, 0.0], [0.0, 0.0, 0.0]]
2	[[0.8592155572171323, 0.2624339665249735, -0.4391776855101157], [-0.4266000482917053, 0.8413623931712975, -0.33184593135155627], [0.2824199444684594, 0.4724804086637203, 0.8348660002631537]]	0.16235389734698488	0.8376461026530152	[[0.13949699437536267, 0.04260717726155763, -0.0713022088703957], [-0.0692601804485703, 0.13659846361254635, -0.05387648027366516], [0.045851978672973415, 0.07670903576665111, 0.1355437489052119]]	0.0	0.6898620727866107	[[0.6426186427423345, 0.6426186427423344, 0.0], [-0.7071067811865475, 0.7071067811865476, 0.0], [0.0, 0.0, 0.9088]]	[[0.6426186427423345, 0.6426186427423344, 0.0], [-0.7071067811865475, 0.7071067811865476, 0.0], [0.0, 0.0, 0.9088]]	0.6898620727866107	[[0.6426186427423345, 0.6426186427423344, 0.0], [-0.7071067811865475, 0.7071067811865476, 0.0], [0.0, 0.0, 0.9088]]
2	[[0.8489524140446696, -0.5135124485683378, 0.12483895166604869], [0.522794976890395, 0.7815435453534784, -0.34040431673891397], [0.0772347773085365, 0.35425224329800037, 0.9319550081910795]]	0.2056672817558693	0.7943327182441309	[[0.17460173533665044, -0.10561270944485066, 0.025675287846408573], [0.10752182181267003, 0.16073793654669474, -0.07001003052165639], [0.015884666706066614, 0.0728580959350186, 0.19167265325342825]]	0.0	0.4588881612114002	[[0.6426186427423344, -0.6426186427423343, 0.0], [0.7071067811865474, 0.7071067811865474, 0.0], [0.0, 0.0, 0.9087999999999996]]	[[0.6426186427423344, -0.6426186427423343, 0.0], [0.7071067811865474, 0.7071067811865475, 0.0], [0.0, 0.0, 0.9087999999999998]]	0.4588881612114003	[[0.6426186427423345, -0.6426186427423344, 0.0], [0.7071067811865475, 0.7071067811865476, 0.0], [0.0, 0.0, 0.9088]]
2	[[-0.3195682178843842, -0.5708200961323295, -0.7563336379995778], [0.910087742671785, 0.03735879733279218, -0.41272826520656647], [0.2638493031197415, -0.8202248094963509, 0.507557688474819]]	0.11092280747577427	0.8890771925242257	[[-0.035447403907765865, -0.06331696762658938, -0.08389465051527914], [0.10094948746644439, 0.004143942684071766, -0.045780977901318284], [0.029266905452568298, -0.09098163863061735, 0.05629972376154135]]	0.35218587265446666	1.0805610024218262	[[-0.04907804877434685, -0.26450413659896876, 0.17891172950823414], [0.5347239588094249, -0.22721326233510503, -0.14535706425093875], [0.2279808246232884, -0.048487479957854476, 0.08899541360997394]]	[[0.0634693629138977, -0.0634693629138977, 0.4452817518250429], [0.21420391296442873, -0.24037050297507587, 0.0], [0.13505682755478932, 0.24038411034746152, -0.08975923382801407]]	0.9546404308617578	[[1.6491379436802786e-16, -0.8259174400000001, 0.0], [1.0, 1.7938038903913487e-16, 0.0], [0.0, 0.0, 0.8259174400000001]]
2	[[0.22433838825039393, -0.7661379269479729, -0.6022499185961573], [-0.9416906372873723, -0.011392912655017143, -0.3362869982418849], [0.2507808429735371, 0.642575192824231, -0.724020780340167]]	0.13508488649450326	0.8649151135054967	[[0.03030472571316427, -0.10349365490090097, -0.08135486189488567], [-0.12720817285090114, -0.0015390103128447574, -0.04542729098708225], [0.03387670170807609, 0.0868021969868448, -0.09780426493191317]]	0.39102148467352554	0.8698903805128554	[[0.01770813155255113, -0.29735716482432006, 0.10066621438283069], [-0.45368848385633226, -0.12182700894022633, -0.13149544132894506], [0.2650133891676639, 0.04286507299975894, -0.3143272386501085]]	[[-0.07001299809038374, 0.0022192248355733107, 0.33615887169680997], [-0.08546721276106553, -0.11737213531910572, 0.0], [0.16695269162047316, -0.20839563291274882, -0.03121955818701186]]	0.9688903549842679	[[0.5840118225242336, -0.5840118225242336, 0.0], [-0.7071067811865475, -0.7071067811865476, 0.0], [0.0, 0.0, -0.8259174400000001]]
2	[[-0.42203838922340475, -0.825029846081567, 0.3757783270710803], [0.2588054115689476, 0.28760896992378115, 0.9221175843470338], [-0.8688517462515349, 0.4864224845687207, 0.09214016247897017]]	0.10409770807497079	0.8959022919250293	[[-0.04393322903780891, -0.08588371607053708, 0.03911766259234621], [0.026941050181726954, 0.029939434590868823, 0.09599032710615478], [-0.09044547544172091, 0.05063546579973668, 0.0095915797357162]]	0.33153685774148833	1.1232226326129553	[[-0.22298433931833994, -0.43120247222498687, 0.2711501881178697], [0.18637418790862947, 0.018465429013426786, 0.01423679938365175], [0.1465700863660719, 0.16126698206872128, -0.08692104308692708]]	[[-0.08306305790893315, -0.15767466951216036, 0.14656582235337046], [0.10057065499056798, -0.07688754513336987, -0.29147916699893567], [0.4346264641615108, 0.0, -0.11746890302699504]]	1.0000000000000002	[[0.0, 0.0, 0.0], [0.0, 0.0, 0.0], [0.0, 0.0, 0.0]]
2	[[0.5319609947059123, -0.8460851799387872, 0.03402011756955908], [-0.703274286200726, -0.4190807785627857, 0.5742617690636116], [-0.47161719485230363, -0.3294103357928521, -0.8179645788128509]]	0.14573445704832275	0.8542655429516772	[[0.07752504673435183, -0.12330376431501161, 0.004957903362719812], [-0.10249129625550958, -0.06107450972323594, 0.08368972711809475], [-0.06873087582645353, -0.04800643643287699, -0.11920562377805084]]	0.4461600882482618	0.8295563959625262	[[0.21153037741905945, -0.4730294029782377, 0.21833863815525134], [-0.3819843192028668, -0.39763930314178497, 0.0], [0.11688685787518766, -0.13885494690905598, -0.31118196299362977]]	[[-0.025809386923563576, -0.09553996443120179, 0.20316021949820062], [-0.06821140160881756, -0.21066218599506223, -0.2562126815630239], [0.32730362714988914, 0.008114797578172496, 0.053761185673464135]]	0.7077009518695893	[[0.5840118225242336, -0.5840118225242336, 0.0], [-0.7071067811865475, -0.7071067811865476, 0.0], [0.0, 0.0, -0.8259174400000001]]
