2	[[0.08740825448676931, -0.06334395238859675, -0.994156597696443], [0.7119981850616444, -0.6940087028176986, 0.10681996481098455], [-0.6967197295301035, -0.717174639895393, -0.015561310176609944]]	0.17239259500859763	0.8276074049914025	[[0.015068535816146054, -0.010920028330371239, -0.17138523572180822], [0.12274321476418859, -0.11964196123729365, 0.01841497093249271], [-0.12010932216738279, -0.12363559724592334, -0.002682654643079492]]	0.4735046750248994	1.029587729948113	[[0.0662265506154891, -0.016180542356992796, 0.0010476862342933303], [0.6346995733493257, -0.6373267314868509, 0.03943449064268533], [0.011498671731301504, -0.013778837126449811, 0.027758354956360448]]	[[0.024838333480237635, 0.013813115233562405, 0.4717854829504073], [0.2975651041133936, -0.30871036619470477, -0.011145262081311101], [0.34139872084588896, 0.32580670767331754, 0.03512670807449779]]	0.7875443836276732	[[0.0, 0.0, -0.9892291599999998], [0.0, -1.0, 0.0], [-0.9892291599999998, 0.0, 0.0]]
2	[[0.034229894132735264, 0.2773841392786001, 0.9601491309293217], [-0.1827544195208179, -0.9427759796974285, 0.2788803941677556], [0.9825625356654255, -0.18501754344446375, 0.018422055382213542]]	0.8288519349379619	0.1711480650620381	[[0.02837151398463922, 0.22991038056216884, 0.7958214649997708], [-0.15147635423829398, -0.7814216949852466, 0.23115055432220577], [0.8143988588838385, -0.15335214888141221, 0.015269156249081987]]	0.9288550308366489	0.12519423585905076	[[0.00040096118558686697, 0.2562493845780533, 0.8847699946310952], [-0.17372564717100378, -0.8207428244790254, 0.25903945712442744], [0.9197275103504863, -0.1718544760214284, -0.00040096118558686697]]	[[-0.031393648184610164, -0.0014002686651681, -0.007069355986041588], [-0.003973285191460619, 0.054959387214881535, 0.0], [0.007069355986041588, 0.0, -0.01751238000570728]]	0.3406486477816112	[[0.0, 0.0, 0.9945999999999999], [0.0, -1.0, 0.0], [0.9945999999999999, 0.0, 0.0]]
2	[[0.8489524140446696, -0.5135124485683378, 0.12483895166604869], [0.522794976890395, 0.7815435453534784, -0.34040431673891397], [0.0772347773085365, 0.35425224329800037, 0.9319550081910795]]	0.22311579031883455	0.7768842096811654	[[0.1894146888026589, -0.11457273580088455, 0.02785354136354526], [0.11664381444361731, 0.1743747057901252, -0.07594957815714566], [0.017232298379293326, 0.07903926923565341, 0.20793387819414863]]	0.0	0.42865668549109365	[[0.7032884045681399, -0.7032884045681398, 0.0], [0.7071067811865472, 0.7071067811865474, 0.0], [0.0, 0.0, 0.9945999999999994]]	[[0.7032884045681399, -0.7032884045681398, 0.0], [0.7071067811865472, 0.7071067811865474, 0.0], [0.0, 0.0, 0.9945999999999995]]	0.4286566854910936	[[0.7032884045681401, -0.70328840456814, 0.0], [0.7071067811865475, 0.7071067811865476, 0.0], [0.0, 0.0, 0.9945999999999999]]
2	[[-0.30792515101507295, 0.09349718223056193, 0.9468053539599837], [0.3027085282091916, -0.9338174967034747, 0.1906631317268273], [0.9019698710720718, 0.34531602882779927, 0.2592434992682147]]	0.6405754090111033	0.35942459098889684	[[-0.1972492795562861, 0.059891995748727854, 0.6065002268668189], [0.19390763926875204, -0.598180524892553, 0.12213411358925028], [0.5777797190776847, 0.22120095640445747, 0.16606501057720635]]	0.8256211900357501	0.2599678839176827	[[-0.13672442225179524, 0.155720024314367, 0.789989518785124], [0.2882044345106316, -0.8154181704683792, 0.15741552171224615], [0.7363984826144534, 0.285100230659227, 0.13672442225179524]]	[[0.11750510737120738, 0.07852676945618108, 0.008286955716462693], [0.0382818592165884, -0.04443865756385121, 0.0], [-0.008286955716462693, 0.0, -0.07731250412306034]]	0.4670610787878247	[[0.0, 0.0, 0.9945999999999999], [0.0, -1.0, 0.0], [0.9945999999999999, 0.0, 0.0]]
2	[[0.8787972042104137, -0.3840163418041313, 0.28327887866788265], [-0.395223040501579, -0.9183905790867732, -0.018907472103605397], [0.2674214316928388, -0.09534250611366366, -0.9588511794847616]]	0.6588774027410343	0.3411225972589656	[[0.5790196194462399, -0.2530196898980193, 0.18664605182808713], [-0.26040353042909503, -0.6051067994505276, -0.012457706112022087], [0.17619793835106654, -0.0628190227989919, -0.6317653747540973]]	0.8514487662484629	0.27673867020159487	[[0.6297519445615052, -0.27557698912912393, 0.24796107767156045], [-0.34454190728543593, -0.8506177511792163, -0.016098743795492042], [0.22093202215772137, -0.08117925920151545, -0.7373031763059017]]	[[-0.11849885074605007, 0.05139325131925164, 0.006763625925543781], [-0.008029737057400241, -0.0686552256815721, 0.0], [-0.006763625925543781, 0.0, 0.07910947748228193]]	0.4702135070217586	[[0.6994906471834721, -0.699490647183472, 0.0], [-0.7071067811865475, -0.7071067811865476, 0.0], [0.0, 0.0, -0.9892291599999998]]
2	[[0.3802729664721569, 0.7767473726770865, -0.5020517802076895], [0.4287143634067757, 0.332951791095048, 0.839849450446521], [0.8195098935212374, -0.5346088512602871, -0.20639019011321075]]	0.13002810978581972	0.8699718902141806	[[0.049446175033020956, 0.10099899265030322, -0.06528084399501172], [0.05574491831181405, 0.043293092045892226, 0.1092040365462206], [0.10655932240534488, -0.06951417840414359, -0.026836526298756783]]	0.43318481748204835	0.9406224997131079	[[0.13992638906302038, 0.32560464612553175, 0.14570125304277273], [0.2891866216094726, -0.25656919838210474, 0.32774901421424074], [0.6370323691121372, 0.0, -0.05432964971445198]]	[[-0.024802086511578045, -0.010870522737252489, 0.36318246181857833], [0.10347406834517592, -0.4007988592379342, -0.036061016689834066], [0.28203312546240716, 0.23158443765747505, 0.03507544711982448]]	1.0000000000000007	[[0.0, 0.0, 0.0], [0.0, 0.0, 0.0], [0.0, 0.0, 0.0]]
2	[[-0.5446221603179724, 0.8109226453022452, -0.2139887049042392], [-0.8354447797583356, -0.5021691245819775, 0.22328947644507607], [0.07361197229480154, 0.30038414347728, 0.9509735242804028]]	0.2554357826849558	0.7445642173150441	[[-0.13911598778839274, 0.2071386605997338, -0.0546603723229544], [-0.213402491207631, -0.1282719633778165, 0.057036122181062014], [0.018803131758105912, 0.07672885879526908, 0.24291266648723547]]	0.6136536633720296	0.5845176982661187	[[-0.38904106806240146, 0.5524573362307486, 0.14481234336295926], [-0.6165786582237057, -0.38708529592509816, 0.13702240521294343], [0.198243680892501, 0.006551899090425432, 0.5060246754590936]]	[[-0.054831684229688954, 0.05483168422968895, 0.2761272960476818], [-0.10390490857996486, -0.0789273729930427, 0.0], [0.1530714244257557, -0.17777993097327677, -0.07754371148538508]]	0.38320390911544816	[[-0.6994906471834721, 0.699490647183472, 0.0], [-0.7071067811865475, -0.7071067811865476, 0.0], [0.0, 0.0, 0.9892291599999998]]
2	[[-0.8305561570912853, 0.32773595720904825, 0.4502950280316503], [-0.5100865793185324, -0.772219296347621, -0.37879947194723407], [0.22358030216652452, -0.5443036842615101, 0.808545204538665]]	0.20042109540918654	0.7995789045908132	[[-0.1664609748030798, 0.06568519954881574, 0.09024862277541373], [-0.10223211098054519, -0.1547690372701015, -0.07591940510808608], [0.04481020907213179, -0.10908994063494787, 0.162049515581484]]	0.5484287922819344	0.626741230837641	[[-0.4241800542789323, 0.1787672382895712, 0.4373105827382697], [-0.34882406500241847, -0.5959294767936961, -0.06669842673466918], [0.3558802042216244, -0.2625703528561181, 0.2961005752145138]]	[[0.031320855876965814, -0.0009725969099508361, 0.19035582434431203], [-0.06907789834753261, -0.17242218072096513, 0.14104611018238689], [0.23326232912640743, 0.035941459338029204, -0.14732889481597583]]	0.6817093654004561	[[-0.6994906471834721, 0.699490647183472, 0.0], [-0.7071067811865475, -0.7071067811865476, 0.0], [0.0, 0.0, 0.9892291599999998]]
2	[[-0.42203838922340475, -0.825029846081567, 0.3757783270710803], [0.2588054115689476, 0.28760896992378115, 0.9221175843470338], [-0.8688517462515349, 0.4864224845687207, 0.09214016247897017]]	0.11173699235095048	0.8882630076490496	[[-0.047157300268463036, -0.09218635360092187, 0.04198834005759426], [0.028918138292864118, 0.03213656127243831, 0.10303464546886146], [-0.09708288092501774, 0.05435138543758547, 0.010295464630128051]]	0.35838645205527686	1.1555884131111263	[[-0.23994989886569543, -0.4942015685709804, 0.3188158763439375], [0.18241515483579906, 0.006590985699665465, 0.040128067896931775], [0.19788155412267774, 0.17432722844449647, -0.09241479633154599]]	[[-0.08869705792079546, -0.19852204919409638, 0.18414201494566568], [0.0896628016108982, -0.09648417261059128, -0.29034638153498415], [0.5092662488237971, 0.0, -0.1254365822541809]]	1.0000000000000002	[[0.0, 0.0, 0.0], [0.0, 0.0, 0.0], [0.0, 0.0, 0.0]]
2	[[0.04673222253661188, -0.9725397674033924, -0.22799671093185395], [-0.8377629715199755, -0.16246744520517667, 0.5213036857710898], [-0.5440306084466285, 0.16664552219444034, -0.8223502702654952]]	0.18594566163054843	0.8140543383694515	[[0.0086896540390363, -0.18083955051184356, -0.042394999263812475], [-0.15577839002885613, -0.03021011659210144, 0.0969341587611488], [-0.10116013143487813, 0.030987011882213453, -0.1529124650965779]]	0.48674727370308224	0.9023359989399599	[[-0.08089625097512661, -0.6099679833005024, 0.12183377082737196], [-0.30299734467287776, -0.20596534508739625, 0.007198426379061255], [0.09118471745615461, 0.08111425360297032, -0.5468501348376974]]	[[-0.10364303288890818, -0.13658690294907128, 0.23281054828672157], [0.10478149772386325, -0.12688475906827157, -0.24654472144138498], [0.3559901329285801, 0.0, -0.14657338275697468]]	0.8672212854079153	[[0.6994906471834721, -0.699490647183472, 0.0], [-0.7071067811865475, -0.7071067811865476, 0.0], [0.0, 0.0, -0.9892291599999998]]
2	[[0.8592155572171323, 0.2624339665249735, -0.4391776855101157], [-0.4266000482917053, 0.8413623931712975, -0.33184593135155627], [0.2824199444684594, 0.4724804086637203, 0.8348660002631537]]	0.1800247714257761	0.8199752285742239	[[0.15468008429348515, 0.04724461483801817, -0.07906286244925997], [-0.0767985761839393, 0.15146607251690686, -0.05974048794013771], [0.050842585949014765, 0.08505817757284354, 0.1502965608685262]]	0.0	0.6892456455375136	[[0.70328840456814, 0.70328840456814, 0.0], [-0.7071067811865475, 0.7071067811865477, 0.0], [0.0, 0.0, 0.9946]]	[[0.7032884045681401, 0.70328840456814, 0.0], [-0.7071067811865475, 0.7071067811865476, 0.0], [0.0, 0.0, 0.9945999999999999]]	0.6892456455375136	[[0.7032884045681401, 0.70328840456814, 0.0], [-0.7071067811865475, 0.7071067811865476, 0.0], [0.0, 0.0, 0.9945999999999999]]
2	[[0.22433838825039393, -0.7661379269479729, -0.6022499185961573], [-0.9416906372873723, -0.011392912655017143, -0.3362869982418849], [0.2507808429735371, 0.642575192824231, -0.724020780340167]]	0.152925314224055	0.847074685775945	[[0.034307018515709525, -0.11716188321748486, -0.09209925804272882], [-0.14400833660902204, -0.0017422647476956904, -0.05142679487560449], [0.03835073921310157, 0.09826601327522827, -0.11072110533826554]]	0.42852466637728764	0.8687180155102918	[[0.02132685390440007, -0.33246135480637806, 0.12248705014067665], [-0.490860722669515, -0.13063688928485861, -0.14410727372862328], [0.3066737170958847, 0.035209092887370674, -0.33709476332650623]]	[[-0.07480767907621846, -0.00415235526201109, 0.3805659955828436], [-0.08732305649532839, -0.1257547451903018, 0.0], [0.19920794002683473, -0.24015022723995424, -0.026833999981012616]]	0.9502332462422479	[[0.6994906471834721, -0.699490647183472, 0.0], [-0.7071067811865475, -0.7071067811865476, 0.0], [0.0, 0.0, -0.9892291599999998]]
2	[[0.5319609947059123, -0.8460851799387872, 0.03402011756955908], [-0.703274286200726, -0.4190807785627857, 0.5742617690636116], [-0.47161719485230363, -0.3294103357928521, -0.8179645788128509]]	0.16118664815286482	0.8388133518471352	[[0.08574500968470987, -0.13637763420614663, 0.005483588720803637], [-0.11335842492479359, -0.06755022600182842, 0.09256332971769807], [-0.0760183948494994, -0.053096547893359505, -0.13184496876661328]]	0.4801844578705536	0.8078303620470743	[[0.2222881756052977, -0.5653298748438518, 0.2410738684271747], [-0.3717107208514153, -0.3949088048980325, 0.01393316832950438], [0.17407627520209526, -0.15817772350964773, -0.37286253550592297]]	[[-0.03315122624584126, -0.15905292140263538, 0.22473793671534342], [-0.03400933899781918, -0.19367272843989175, -0.261818407924091], [0.4005395222346799, 0.0, 0.01991134232864153]]	0.6470688520118739	[[0.6994906471834721, -0.699490647183472, 0.0], [-0.7071067811865475, -0.7071067811865476, 0.0], [0.0, 0.0, -0.9892291599999998]]
2	[[-0.3195682178843842, -0.5708200961323295, -0.7563336379995778], [0.910087742671785, 0.03735879733279218, -0.41272826520656647], [0.2638493031197415, -0.8202248094963509, 0.507557688474819]]	0.12475213652243318	0.8752478634775667	[[-0.039866817945743385, -0.07121102656244879, -0.09435423726423187], [0.11353539032118357, 0.00466058978517437, -0.05148873288771659], [0.03291576428414285, -0.10232479741337551, 0.06331890604562121]]	0.38600686122100836	1.1050791964314	[[-0.04000489205821703, -0.3036911063032402, 0.19755434812102693], [0.5465299416370716, -0.24974701317245343, -0.15931594218957865], [0.2798194651962733, -0.04013473213098236, 0.0780451550577605]]	[[0.08335063267332539, -0.08335063267332538, 0.48950432176111036], [0.19522982865262312, -0.26416776526987634, 0.0], [0.1779718238636715, 0.2764776720783036, -0.11787559515899479]]	0.9999999999999999	[[0.0, 0.0, 0.0], [0.0, 0.0, 0.0], [0.0, 0.0, 0.0]]
