2	[[-0.8305561570912853, 0.32773595720904825, 0.4502950280316503], [-0.5100865793185324, -0.772219296347621, -0.37879947194723407], [0.22358030216652452, -0.5443036842615101, 0.808545204538665]]	0.19484099760103832	0.8051590023989615	[[-0.16182639021135076, 0.06385640085234218, 0.08773593247647425], [-0.09938577797732398, -0.1504599780671423, -0.07380566700494562], [0.04356260911806721, -0.1060526728394332, 0.15753775425784905]]	0.5377507678254537	0.6394850969719598	[[-0.4063235503311242, 0.16679440941587415, 0.424229725117001], [-0.3506722369494789, -0.5989475866885884, -0.06366937572948614], [0.3424933782115128, -0.2574580526107601, 0.28364903453549406]]	[[0.0403086608668726, -0.00944585321730158, 0.18208322804499685], [-0.0763727872634789, -0.18368606714802357, 0.14003033116201546], [0.22226289905081728, 0.03524167153109034, -0.15114677002676155]]	0.6803654440785891	[[-0.6677882783242971, 0.667788278324297, 0.0], [-0.7071067811865475, -0.7071067811865476, 0.0], [0.0, 0.0, 0.94439524]]
2	[[-0.3195682178843842, -0.5708200961323295, -0.7563336379995778], [0.910087742671785, 0.03735879733279218, -0.41272826520656647], [0.2638493031197415, -0.8202248094963509, 0.507557688474819]]	0.12112503421289461	0.8788749657871052	[[-0.038707711324599825, -0.06914060367343619, -0.0916109377790619], [0.110234408967856, 0.004525085605087048, -0.04999172524377401], [0.03195875586742708, -0.09934975811251047, 0.06147794238153016]]	0.3773076048015538	1.0980096720582604	[[-0.04280274819994452, -0.29314753390499537, 0.192709993573432], [0.54349326895971, -0.24395100055027605, -0.15572551317899005], [0.2654777087212677, -0.04272112701023518, 0.08151806868533384]]	[[0.0777727706607135, -0.07777277066071349, 0.4780804269578981], [0.200110242612966, -0.2580467588901786, 0.0], [0.16592536013259887, 0.26675593125964375, -0.10998730705171335]]	0.9865260517256312	[[1.8857066683505835e-16, -0.94439524, 0.0], [1.0, 1.7938038903913487e-16, 0.0], [0.0, 0.0, 0.94439524]]
2	[[0.8592155572171323, 0.2624339665249735, -0.4391776855101157], [-0.4266000482917053, 0.8413623931712975, -0.33184593135155627], [0.2824199444684594, 0.4724804086637203, 0.8348660002631537]]	0.1754345939123378	0.8245654060876623	[[0.15073613236355066, 0.0460399963461128, -0.07704695891282759], [-0.074840406235039, 0.14760406977911936, -0.05821725620812179], [0.04954622827056916, 0.08288940862545519, 0.14646437772738408]]	0.0	0.6885342452457301	[[0.6871663699570868, 0.6871663699570867, 0.0], [-0.7071067811865474, 0.7071067811865475, 0.0], [0.0, 0.0, 0.9717999999999999]]	[[0.6871663699570868, 0.6871663699570867, 0.0], [-0.7071067811865474, 0.7071067811865475, 0.0], [0.0, 0.0, 0.9717999999999999]]	0.68853424524573	[[0.6871663699570869, 0.6871663699570868, 0.0], [-0.7071067811865475, 0.7071067811865476, 0.0], [0.0, 0.0, 0.9718]]
2	[[0.08740825448676931, -0.06334395238859675, -0.994156597696443], [0.7119981850616444, -0.6940087028176986, 0.10681996481098455], [-0.6967197295301035, -0.717174639895393, -0.015561310176609944]]	0.1648984700625493	0.8351015299374509	[[0.014413487435706217, -0.010445320836594576, -0.1639349019627328], [0.11740741140397704, -0.11444097330473293, 0.017614448769466703], [-0.11488801746190716, -0.11826100088641002, -0.0025660362402917455]]	0.46278189343872717	1.0275513498452267	[[0.06394321993345856, -0.015698316945917883, 0.00041980105210436686], [0.6348836448462074, -0.6370160778778317, 0.03897670588582583], [0.010175099952170185, -0.013258040599911647, 0.02602158353712762]]	[[0.023492262419897273, 0.013616117278369533, 0.4604974737086673], [0.30538377663844224, -0.3158414163249021, -0.010457639686459807], [0.33260437558022937, 0.31863739717711564, 0.033223076125046505]]	0.8014348938627774	[[0.0, 0.0, -0.94439524], [0.0, -1.0, 0.0], [-0.94439524, 0.0, 0.0]]
2	[[-0.42203838922340475, -0.825029846081567, 0.3757783270710803], [0.2588054115689476, 0.28760896992378115, 0.9221175843470338], [-0.8688517462515349, 0.4864224845687207, 0.09214016247897017]]	0.10980426015669617	0.890195739843304	[[-0.046341613086399724, -0.09059179185617935, 0.041262061186960935], [0.028417936741877564, 0.031580690156910264, 0.10125243912670592], [-0.0954036231830033, 0.05341126104165034, 0.010117382371721106]]	0.3515510121306382	1.1457128875789466	[[-0.23566768414119904, -0.477214508617519, 0.30581255511652244], [0.18342305582725252, 0.00961401252685528, 0.03353660106034248], [0.18348606180767438, 0.17100231677323355, -0.09106839755540563]]	[[-0.08729966125172688, -0.18717443118955943, 0.17370730389792616], [0.09243975144530256, -0.09149521194770022, -0.29063476902031643], [0.4889317725938739, 0.0, -0.12346036493276909]]	1.0000000000000002	[[0.0, 0.0, 0.0], [0.0, 0.0, 0.0], [0.0, 0.0, 0.0]]
2	[[0.8787972042104137, -0.3840163418041313, 0.28327887866788265], [-0.395223040501579, -0.9183905790867732, -0.018907472103605397], [0.2674214316928388, -0.09534250611366366, -0.9588511794847616]]	0.6222357999889351	0.3777642000110649	[[0.5468190813899063, -0.23894871565131792, 0.17626625968787846], [-0.24592192478055927, -0.5714554966803596, -0.011764906030155377], [0.16639918848357987, -0.059325520564585434, -0.5966315307370347]]	0.8344978260767703	0.30404576068198	[[0.605479402303993, -0.2633759700213497, 0.24317108916418834], [-0.3464390171503981, -0.8486911105026502, -0.015778244367065885], [0.2163871226516364, -0.0795631140845635, -0.7071634745934028]]	[[-0.12787495417194092, 0.0570848323921518, 0.006775480742375058], [-0.01662624903637907, -0.08229616876535185, 0.0], [-0.006775480742375058, 0.0, 0.09299575021777827]]	0.479812207187746	[[0.6677882783242971, -0.667788278324297, 0.0], [-0.7071067811865475, -0.7071067811865476, 0.0], [0.0, 0.0, -0.94439524]]
2	[[0.8489524140446696, -0.5135124485683378, 0.12483895166604869], [0.522794976890395, 0.7815435453534784, -0.34040431673891397], [0.0772347773085365, 0.35425224329800037, 0.9319550081910795]]	0.21876881219690034	0.7812311878030996	[[0.1857243112322435, -0.11234050842161711, 0.02731086917188777], [0.11437123611681765, 0.17097735309713497, -0.07446984803966965], [0.01689656049208063, 0.07749934248439089, 0.203882690162915]]	0.0	0.4359857518955145	[[0.6871663699570869, -0.6871663699570868, 0.0], [0.7071067811865475, 0.7071067811865476, 0.0], [0.0, 0.0, 0.9718]]	[[0.6871663699570869, -0.6871663699570868, 0.0], [0.7071067811865475, 0.7071067811865476, 0.0], [0.0, 0.0, 0.9718]]	0.4359857518955145	[[0.6871663699570869, -0.6871663699570868, 0.0], [0.7071067811865475, 0.7071067811865476, 0.0], [0.0, 0.0, 0.9718]]
2	[[0.034229894132735264, 0.2773841392786001, 0.9601491309293217], [-0.1827544195208179, -0.9427759796974285, 0.2788803941677556], [0.9825625356654255, -0.18501754344446375, 0.018422055382213542]]	0.8225873428004372	0.17741265719956267	[[0.028157077658986982, 0.22817268206417005, 0.7898065223033], [-0.15033147233866598, -0.7755155879953869, 0.22940348239759265], [0.8082435053482824, -0.15219308943344592, 0.015153749585777533]]	0.9099023763157175	0.13078181197875507	[[0.0, 0.23964400679750456, 0.8557929907828811], [-0.17826000736748107, -0.8210539666159733, 0.2537539333611048], [0.8853248041520383, -0.16834790244021405, 0.0]]	[[-0.031145862012411242, -0.012748480684383612, -0.017848985067179593], [-0.011971326763289325, 0.03678013764409557, 0.0], [-0.008711181928729352, 0.0, -0.016762271968895855]]	0.3503900196456634	[[0.0, 0.0, 0.9718], [0.0, -1.0, 0.0], [0.9718, 0.0, 0.0]]
2	[[-0.30792515101507295, 0.09349718223056193, 0.9468053539599837], [0.3027085282091916, -0.9338174967034747, 0.1906631317268273], [0.9019698710720718, 0.34531602882779927, 0.2592434992682147]]	0.6049336190861645	0.39506638091383545	[[-0.18627427601120183, 0.05655958882109246, 0.5727543893411701], [0.18311856549783262, -0.5648975978468156, 0.11533853830181177], [0.5456318984143097, 0.20889327504726293, 0.15682510823688262]]	0.8078046252105812	0.2810252657273878	[[-0.11976215917238563, 0.1454543946202882, 0.774371996030754], [0.2953719729108828, -0.8138563466045599, 0.15401855966606542], [0.7190771817248736, 0.27894788524644665, 0.11976215917238563]]	[[0.12898120203625704, 0.06992693837028369, 0.009538251927737659], [0.05084262373281013, -0.0595142536649262, 0.0], [-0.009538251927737659, 0.0, -0.0896559385922542]]	0.4709063902241998	[[0.0, 0.0, 0.9718], [0.0, -1.0, 0.0], [0.9718, 0.0, 0.0]]
2	[[0.22433838825039393, -0.7661379269479729, -0.6022499185961573], [-0.9416906372873723, -0.011392912655017143, -0.3362869982418849], [0.2507808429735371, 0.642575192824231, -0.724020780340167]]	0.14828399196487732	0.8517160080351226	[[0.03326579176073493, -0.11360599020354101, -0.08930402208996058], [-0.13963764689292094, -0.001689386568593118, -0.049865978545192376], [0.03718678450443315, 0.09528361472957776, -0.10736069157436551]]	0.4188790857057235	0.8476423005958732	[[0.16760982509885525, -0.32321111138113856, 0.11646529942273051], [-0.4813002584121789, -0.28432093228555394, -0.140863590358283], [0.29541212629744257, 0.03757431154494034, -0.3314875468211053]]	[[0.07363916613983458, -0.0022919570166932968, 0.3687351946906352], [-0.08684574524760433, -0.27954867944909517, 0.0], [0.19036527608017675, -0.23158699772245253, -0.028210384320271772]]	0.9537934063562611	[[0.6677882783242971, -0.667788278324297, 0.0], [-0.7071067811865475, -0.7071067811865476, 0.0], [0.0, 0.0, -0.94439524]]
2	[[0.04673222253661188, -0.9725397674033924, -0.22799671093185395], [-0.8377629715199755, -0.16246744520517667, 0.5213036857710898], [-0.5440306084466285, 0.16664552219444034, -0.8223502702654952]]	0.18228419241078062	0.8177158075892191	[[0.008518545444647176, -0.17727862608849582, -0.04156019632452719], [-0.15271094669517454, -0.02961524704226841, 0.09502542136154644], [-0.09916818010743927, 0.030376844432086374, -0.149901454894133]]	0.47832720760964437	0.8942488109617936	[[0.12912819528262034, -0.5924978523534722, 0.11413645949405538], [-0.30148946499363094, -0.4132827883483979, 0.0014908575506159545], [0.08170224168582288, 0.07971108729191766, -0.5256248302245143]]	[[0.1067749017712903, -0.12730562112207444, 0.22319348957827234], [0.09923535781227695, -0.3355701889559328, -0.24786287878088492], [0.34192688347827455, 0.0, -0.13227232177138373]]	0.8738139508612526	[[0.6677882783242971, -0.667788278324297, 0.0], [-0.7071067811865475, -0.7071067811865476, 0.0], [0.0, 0.0, -0.94439524]]
2	[[-0.5446221603179724, 0.8109226453022452, -0.2139887049042392], [-0.8354447797583356, -0.5021691245819775, 0.22328947644507607], [0.07361197229480154, 0.30038414347728, 0.9509735242804028]]	0.2483385060485515	0.7516614939514485	[[-0.13525065365429995, 0.2013833182552991, -0.05314163528718308], [-0.20747310849124617, -0.12470793018239723, 0.05545137499673343], [0.01828068722697839, 0.07459694943182146, 0.2361633443115212]]	0.6060789726063229	0.5839668847183412	[[-0.25832143393425394, 0.5425695042158079, 0.14124773211633623], [-0.6133777209301425, -0.512966941146601, 0.13533105647763546], [0.19024972241569063, 0.009504735997673836, 0.5041180610017936]]	[[0.07176260544989878, 0.0510863404878216, 0.27094178653405515], [-0.10703220714489498, -0.2086127940453396, 0.0], [0.1456350538757322, -0.1725517770682663, -0.07224699556988706]]	0.39685148692855265	[[-0.6677882783242971, 0.667788278324297, 0.0], [-0.7071067811865475, -0.7071067811865476, 0.0], [0.0, 0.0, 0.94439524]]
2	[[0.3802729664721569, 0.7767473726770865, -0.5020517802076895], [0.4287143634067757, 0.332951791095048, 0.839849450446521], [0.8195098935212374, -0.5346088512602871, -0.20639019011321075]]	0.12800808451946938	0.8719919154805311	[[0.048678014032637204, 0.09942994333192426, -0.06426668671397602], [0.054878904465685066, 0.042620521015403645, 0.10750751943638817], [0.1049038917144078, -0.06843425501698328, -0.02641961290000122]]	0.4243844484981705	0.9464719214860257	[[0.14377004431538387, 0.3202933235866204, 0.13475142679258434], [0.28393950012468316, -0.2657220975830281, 0.32787371918175795], [0.612791405804105, 0.0, -0.06268181495056485]]	[[-0.017611888839665732, -0.00934618178934785, 0.34781439465354935], [0.10199979144705444, -0.40702165982337807, -0.028545326667480424], [0.2650041516033002, 0.2268796825043374, 0.024906972056062612]]	1.0000000000000007	[[0.0, 0.0, 0.0], [0.0, 0.0, 0.0], [0.0, 0.0, 0.0]]
2	[[0.5319609947059123, -0.8460851799387872, 0.03402011756955908], [-0.703274286200726, -0.4190807785627857, 0.5742617690636116], [-0.47161719485230363, -0.3294103357928521, -0.8179645788128509]]	0.15696273275457107	0.8430372672454292	[[0.08349805144787993, -0.13280384198633507, 0.005339890622349783], [-0.11038785383808629, -0.06578006424812811, 0.09013769658869887], [-0.07402632371806261, -0.05170514650364697, -0.1283899555869068]]	0.47203817295176737	0.8150598012685121	[[0.2822445277189761, -0.5429219504851885, 0.23534199993405375], [-0.37720036972003523, -0.46298847369899443, 0.007912602537552715], [0.15809484529597634, -0.1554942530590861, -0.35629538376027936]]	[[0.031138631696392534, -0.14353744798531604, 0.21928320579291474], [-0.04522806057788604, -0.26516634866701283, -0.26316087372728425], [0.3807161642866954, 0.0, 0.02981512156180071]]	0.662722367377054	[[0.6677882783242971, -0.667788278324297, 0.0], [-0.7071067811865475, -0.7071067811865476, 0.0], [0.0, 0.0, -0.94439524]]
