2	[[0.034229894132735264, 0.2773841392786001, 0.9601491309293217], [-0.1827544195208179, -0.9427759796974285, 0.2788803941677556], [0.9825625356654255, -0.18501754344446375, 0.018422055382213542]]	0.8204082669241509	0.17959173307584894	[[0.02808248812243451, 0.22756824097780362, 0.7877142844944547], [-0.14993323659180344, -0.7734612076012861, 0.22879578085829247], [0.8061024270298711, -0.1517899221678363, 0.015113606529302544]]	0.9033293704879114	0.140603842929316	[[0.0, 0.2341090390625936, 0.845838147725334], [-0.17984773532750298, -0.8211555957758487, 0.2519208509049793], [0.873581036365165, -0.1671317810489072, 0.0]]	[[-0.030920868718791596, -0.016460200855275386, -0.02149276229156545], [-0.014760300587878888, 0.030481636475353513, 0.0], [-0.01399656044248986, 0.0, -0.016641183691508403]]	0.3538098391005516	[[0.0, 0.0, 0.964], [0.0, -1.0, 0.0], [0.964, 0.0, 0.0]]
2	[[-0.3195682178843842, -0.5708200961323295, -0.7563336379995778], [0.910087742671785, 0.03735879733279218, -0.41272826520656647], [0.2638493031197415, -0.8202248094963509, 0.507557688474819]]	0.11987573210279966	0.8801242678972002	[[-0.038308474075677564, -0.06842747692285349, -0.09066604856917321], [0.10909743443056455, 0.004478413180748594, -0.049476102951155614], [0.031629128376292545, -0.09832504952725445, 0.06084384949032365]]	0.37428362315762886	1.0786830854069072	[[-0.1955226871332446, -0.28956215044904504, 0.19103447862239303], [0.5424376796090601, -0.07855763306858006, -0.15447743048107643], [0.2606654511364145, -0.04354497879273005, 0.08261257743862384]]	[[-0.07591353669745075, -0.07591353669745074, 0.47411777296886554], [0.20180674189051645, -0.09254041909110917, 0.0], [0.1619109779971421, 0.2634517347093401, -0.10735795316524252]]	0.9817656453536128	[[1.8555574931439973e-16, -0.9292959999999999, 0.0], [1.0, 1.7938038903913487e-16, 0.0], [0.0, 0.0, 0.9292959999999999]]
2	[[0.8489524140446696, -0.5135124485683378, 0.12483895166604869], [0.522794976890395, 0.7815435453534784, -0.34040431673891397], [0.0772347773085365, 0.35425224329800037, 0.9319550081910795]]	0.2172335452408583	0.7827664547591417	[[0.18442094264370865, -0.11155212972781393, 0.02711920805456791], [0.11356860626401309, 0.1697774751172457, -0.07394723654048634], [0.01677798449062154, 0.0769554707211517, 0.2024518904343213]]	0.0	0.4386152568081162	[[0.6816509370638317, -0.6816509370638316, 0.0], [0.7071067811865474, 0.7071067811865475, 0.0], [0.0, 0.0, 0.9639999999999999]]	[[0.6816509370638317, -0.6816509370638316, 0.0], [0.7071067811865474, 0.7071067811865475, 0.0], [0.0, 0.0, 0.9639999999999999]]	0.4386152568081162	[[0.6816509370638318, -0.6816509370638317, 0.0], [0.7071067811865475, 0.7071067811865476, 0.0], [0.0, 0.0, 0.964]]
2	[[0.8787972042104137, -0.3840163418041313, 0.28327887866788265], [-0.395223040501579, -0.9183905790867732, -0.018907472103605397], [0.2674214316928388, -0.09534250611366366, -0.9588511794847616]]	0.610373832698415	0.3896261673015851	[[0.5363948176985618, -0.23439352636581218, 0.17290601489502483], [-0.24123380200166963, -0.5605615776713108, -0.011540626214515992], [0.1632270442080554, -0.058194570875668955, -0.5852576694095097]]	0.828507397039421	0.3132831361096783	[[0.597273757804941, -0.2593333695301629, 0.24147447628772345], [-0.3469769376229329, -0.8478113652707386, -0.015664980497153574], [0.21478480439803915, -0.07899197156744656, -0.6967570362516994]]	[[-0.13081622638094945, 0.05882701023857852, 0.006775829886350007], [-0.01953172508696408, -0.08691797712602974, 0.0], [-0.006775829886350007, 0.0, 0.09765825861139919]]	0.48365564348702633	[[0.6571115033295338, -0.6571115033295337, 0.0], [-0.7071067811865475, -0.7071067811865476, 0.0], [0.0, 0.0, -0.9292959999999999]]
2	[[-0.30792515101507295, 0.09349718223056193, 0.9468053539599837], [0.3027085282091916, -0.9338174967034747, 0.1906631317268273], [0.9019698710720718, 0.34531602882779927, 0.2592434992682147]]	0.5932240085311958	0.4067759914688042	[[-0.1826685924127354, 0.05546477322918564, 0.5616676673749393], [0.1795739665208352, -0.5539629586310022, 0.11310594728209994], [0.5350701824917403, 0.20484975883130108, 0.15378946782154448]]	0.8016490533814387	0.28840448532919283	[[-0.114095450689266, 0.14203817190608228, 0.7689491547509508], [0.2978838471566034, -0.8133020320799196, 0.15284491906355166], [0.7131197543110526, 0.2768222676272429, 0.114095450689266]]	[[0.13275245513430373, 0.06708624427712045, 0.009943539012451987], [0.05521784206721646, -0.06470811981655444, 0.0], [-0.009943539012451987, 0.0, -0.09372685509439001]]	0.47240305093247903	[[0.0, 0.0, 0.964], [0.0, -1.0, 0.0], [0.964, 0.0, 0.0]]
2	[[0.8592155572171323, 0.2624339665249735, -0.4391776855101157], [-0.4266000482917053, 0.8413623931712975, -0.33184593135155627], [0.2824199444684594, 0.4724804086637203, 0.8348660002631537]]	0.17384432801145394	0.8261556719885462	[[0.1493697511613993, 0.04562265655791442, -0.07634854961513174], [-0.07416199872492527, 0.14626607985497292, -0.057689532939146373], [0.049097105463151436, 0.0821380391427216, 0.14513671879535825]]	0.0	0.6884386867185001	[[0.6816509370638318, 0.6816509370638316, 0.0], [-0.7071067811865474, 0.7071067811865474, 0.0], [0.0, 0.0, 0.9639999999999997]]	[[0.6816509370638317, 0.6816509370638316, 0.0], [-0.7071067811865474, 0.7071067811865475, 0.0], [0.0, 0.0, 0.9639999999999997]]	0.6884386867185002	[[0.6816509370638318, 0.6816509370638317, 0.0], [-0.7071067811865475, 0.7071067811865476, 0.0], [0.0, 0.0, 0.964]]
2	[[0.5319609947059123, -0.8460851799387872, 0.03402011756955908], [-0.703274286200726, -0.4190807785627857, 0.5742617690636116], [-0.47161719485230363, -0.3294103357928521, -0.8179645788128509]]	0.15553779506714688	0.8444622049328532	[[0.0827400401782838, -0.13159822332666918, 0.005291414074694301], [-0.10938573180308254, -0.065182900252679, 0.08931940935151325], [-0.07335429860308026, -0.05123575730154867, -0.12722440703157833]]	0.469184616436894	0.8090988713101663	[[0.21912296614665, -0.5353494009097938, 0.23336963802704402], [-0.37912333502871115, -0.3977924845893798, 0.005803662706682284], [0.15277798512566446, -0.15455426204931777, -0.3507131907106745]]	[[-0.030464949113832088, -0.13837925028727358, 0.21740792221403238], [-0.04915785880769317, -0.20116623024332428, -0.2636311251458005], [0.3740535177974864, 0.0, 0.033063206458598574]]	0.6681599497951164	[[0.6571115033295338, -0.6571115033295337, 0.0], [-0.7071067811865475, -0.7071067811865476, 0.0], [0.0, 0.0, -0.9292959999999999]]
2	[[0.04673222253661188, -0.9725397674033924, -0.22799671093185395], [-0.8377629715199755, -0.16246744520517667, 0.5213036857710898], [-0.5440306084466285, 0.16664552219444034, -0.8223502702654952]]	0.18100446541584564	0.8189955345841543	[[0.008458740957933773, -0.17603404069450193, -0.041268422778791315], [-0.1516388388051634, -0.029407333066841193, 0.09435829496230608], [-0.09847196945173918, 0.030163583658749115, -0.1488490710539822]]	0.47531706831638665	0.8897288724018239	[[-0.06795005466307909, -0.5861252434904316, 0.11135217826940383], [-0.3013733392587832, -0.19926780526502413, 0.0], [0.07873788035418877, 0.07873788035418876, -0.5183864011797701]]	[[-0.0901626776750904, -0.12386049242715053, 0.2197229064953113], [0.09682970030811607, -0.12204425551324638, -0.24778453962324123], [0.3373249142354203, -0.0004715807033259926, -0.12750928158798672]]	0.876302909657659	[[0.6571115033295338, -0.6571115033295337, 0.0], [-0.7071067811865475, -0.7071067811865476, 0.0], [0.0, 0.0, -0.9292959999999999]]
2	[[-0.42203838922340475, -0.825029846081567, 0.3757783270710803], [0.2588054115689476, 0.28760896992378115, 0.9221175843470338], [-0.8688517462515349, 0.4864224845687207, 0.09214016247897017]]	0.10912718456441027	0.8908728154355899	[[-0.0460558611940489, -0.09003318428449018, 0.04100763085359109], [0.02824270591455274, 0.03138595714325235, 0.10062809581712692], [-0.09481534487230137, 0.053081916249809805, 0.010054996516637348]]	0.34916355811738864	1.1425410451615692	[[-0.23416566105669404, -0.47144445450359335, 0.3014201475946395], [0.1837750912914704, 0.010669882757638745, 0.03123436095206604], [0.17868719369154634, 0.16984100546031516, -0.09058915422983305]]	[[-0.08680523541331867, -0.18337409789271197, 0.17021204985110128], [0.09340967292802149, -0.08975268852742577, -0.29073549580115554], [0.4820585608892387, 0.0, -0.12276114120650454]]	1.0000000000000002	[[0.0, 0.0, 0.0], [0.0, 0.0, 0.0], [0.0, 0.0, 0.0]]
2	[[0.08740825448676931, -0.06334395238859675, -0.994156597696443], [0.7119981850616444, -0.6940087028176986, 0.10681996481098455], [-0.6967197295301035, -0.717174639895393, -0.015561310176609944]]	0.1623680502762374	0.837631949723763	[[0.014192307859065927, -0.010285034046127253, -0.16141926843722923], [0.1156057571086789, -0.11268483995125039, 0.017344149416935847], [-0.11312502407279039, -0.11644624798737763, -0.0025266595931199044]]	0.4590550667962044	1.0268742664282187	[[0.06316650461324053, -0.015533209032193879, 0.00021458902554535517], [0.6349476210219036, -0.6369081066264, 0.03881759750385468], [0.00973798363305219, -0.01308152966866834, 0.02544182422362906]]	[[0.023041302511277003, 0.01354515326268903, 0.4565872123869734], [0.30810124661965416, -0.3183198951972742, -0.010218648577620018], [0.3295707056107274, 0.31614112255305515, 0.032585322506189195]]	0.8062435369287301	[[0.0, 0.0, -0.9292959999999999], [0.0, -1.0, 0.0], [-0.9292959999999999, 0.0, 0.0]]
2	[[0.3802729664721569, 0.7767473726770865, -0.5020517802076895], [0.4287143634067757, 0.332951791095048, 0.839849450446521], [0.8195098935212374, -0.5346088512602871, -0.20639019011321075]]	0.12728093652373101	0.8727190634762694	[[0.0484014993072335, 0.09886513303668708, -0.06390162076824105], [0.05456716567558956, 0.042378415787831344, 0.10689682459177402], [0.10430798673784616, -0.06804551526228535, -0.02626953668692035]]	0.42131594397961514	0.8670253586268033	[[0.02928612505397283, 0.31841326912101753, 0.13110573653047722], [0.2821099386580013, -0.14443225465800671, 0.32791720119450235], [0.6045827369598343, 0.0, -0.06539014229279011]]	[[-0.13092893878517256, -0.00884278343211508, 0.34262815623532616], [0.10148574194165588, -0.28471015282292067, -0.025924762821134636], [0.2593101525703004, 0.22523923282858557, 0.02156533548288951]]	1.0000000000000007	[[0.0, 0.0, 0.0], [0.0, 0.0, 0.0], [0.0, 0.0, 0.0]]
2	[[0.22433838825039393, -0.7661379269479729, -0.6022499185961573], [-0.9416906372873723, -0.011392912655017143, -0.3362869982418849], [0.2507808429735371, 0.642575192824231, -0.724020780340167]]	0.14667826552337737	0.8533217344766226	[[0.0329055656788778, -0.11237578227640467, -0.08833697347127957], [-0.13812554933691565, -0.001671092667497237, -0.04932599362018272], [0.036784099073848886, 0.09425181475180797, -0.10619811226317795]]	0.4155260205342928	0.868635520242414	[[0.019996581512711498, -0.32003354688394386, 0.11444231793690113], [-0.4779767820124129, -0.127583374641125, -0.13973599813687312], [0.2915912063681615, 0.038328488420699, -0.32949565662435887]]	[[-0.07322185621005181, -0.0016833029188600829, 0.3646928299782641], [-0.08667981892598896, -0.12284932298329104, 0.0], [0.1873852406611322, -0.22867822434760954, -0.028646182985476012]]	0.9552683393064741	[[0.6571115033295338, -0.6571115033295337, 0.0], [-0.7071067811865475, -0.7071067811865476, 0.0], [0.0, 0.0, -0.9292959999999999]]
2	[[-0.5446221603179724, 0.8109226453022452, -0.2139887049042392], [-0.8354447797583356, -0.5021691245819775, 0.22328947644507607], [0.07361197229480154, 0.30038414347728, 0.9509735242804028]]	0.24589962626889472	0.7541003737311053	[[-0.13392238567994746, 0.19940557541280557, -0.05261974256171722], [-0.20543555911087374, -0.12348320005848622, 0.05490679880762138], [0.018101156476207934, 0.0738643486181652, 0.23384403421216476]]	0.6034087687968628	0.5836998388317796	[[-0.2579695991880464, 0.5391502348055375, 0.14002957652934675], [-0.6122493375783349, -0.5110641422341717, 0.13473482806701945], [0.18755166855254712, 0.010480057708616285, 0.5033521077815905]]	[[0.07066018802890886, 0.049832399814214605, 0.2691522374920489], [-0.1081346316265916, -0.20805088904236252, 0.0], [0.14313355898143215, -0.1707743684731094, -0.07047365566286082]]	0.4020594296179087	[[-0.6571115033295338, 0.6571115033295337, 0.0], [-0.7071067811865475, -0.7071067811865476, 0.0], [0.0, 0.0, 0.9292959999999999]]
2	[[-0.8305561570912853, 0.32773595720904825, 0.4502950280316503], [-0.5100865793185324, -0.772219296347621, -0.37879947194723407], [0.22358030216652452, -0.5443036842615101, 0.808545204538665]]	0.19292188444843777	0.807078115551562	[[-0.16023245896630348, 0.06322743846628216, 0.0868717653656281], [-0.09840686411398882, -0.14897800185882987, -0.07307870795613354], [0.04313353321951707, -0.10500809247995802, 0.15598606452134683]]	0.5340307453957333	0.6438646211582453	[[-0.40034309873898416, 0.1628116292494739, 0.4197677953684035], [-0.3513102003535723, -0.5999662026448536, -0.06261286074471975], [0.33796428568045067, -0.2556770235769995, 0.27946362189977814]]	[[0.04319942492549064, -0.012209448271858336, 0.1792964059006686], [-0.07890828418373658, -0.1875773562073648, 0.1396777036147719], [0.21856553025865827, 0.034997878650818624, -0.15232437636615076]]	0.6804824538578923	[[-0.6571115033295338, 0.6571115033295337, 0.0], [-0.7071067811865475, -0.7071067811865476, 0.0], [0.0, 0.0, 0.9292959999999999]]
