2	[[-0.5446221603179724, 0.8109226453022452, -0.2139887049042392], [-0.8354447797583356, -0.5021691245819775, 0.22328947644507607], [0.07361197229480154, 0.30038414347728, 0.9509735242804028]]	0.22951252722865023	0.7704874727713497	[[-0.12499760839930496, 0.18611690571026063, -0.04911308846095781], [-0.19174504276231877, -0.11525410487900857, 0.051247732042471586], [0.01689486979566529, 0.068941923908884, 0.2182603368851314]]	0.5845176353738042	0.5802834429444209	[[-0.32772737953719033, 0.515831733745176, 0.13191645764279541], [-0.6042662613892302, -0.40993896676073727, 0.1305166367755306], [0.17004000921720847, 0.01651803428144872, 0.49669979237756234]]	[[-0.009386122215956222, 0.0418331466420373, 0.25699662943012413], [-0.11593405423949928, -0.11641225750234659, 0.0], [0.12701251323624907, -0.15906179496767653, -0.05916100333791164]]	0.44216578126047745	[[-0.5881318226112237, 0.5881318226112237, 0.0], [-0.7071067811865475, -0.7071067811865476, 0.0], [0.0, 0.0, 0.8317439999999998]]
2	[[0.08740825448676931, -0.06334395238859675, -0.994156597696443], [0.7119981850616444, -0.6940087028176986, 0.10681996481098455], [-0.6967197295301035, -0.717174639895393, -0.015561310176609944]]	0.14594007466675255	0.8540599253332476	[[0.01275636718628962, -0.009244421141279019, -0.1450872880982635], [0.10390906829048865, -0.101283681908591, 0.015589313640414963], [-0.1016793293494229, -0.10466452049543502, -0.0022710187690869674]]	0.4334488237194671	1.02261415033654	[[0.05804614245816438, -0.014430752278794243, -0.0010286208098066255], [0.6353871878875321, -0.6361662588361332, 0.037724397230514496], [0.007028105324092039, -0.01192638354931313, 0.021764293879278862]]	[[0.020159137367502418, 0.01302560937378499, 0.42988738705466406], [0.3267724120821669, -0.3353490029487286, -0.008576590866561623], [0.3090204525510607, 0.29893212051477736, 0.028509325470864173]]	0.8389427770139521	[[0.0, 0.0, -0.8317439999999998], [0.0, -1.0, 0.0], [-0.8317439999999998, 0.0, 0.0]]
2	[[-0.8305561570912853, 0.32773595720904825, 0.4502950280316503], [-0.5100865793185324, -0.772219296347621, -0.37879947194723407], [0.22358030216652452, -0.5443036842615101, 0.808545204538665]]	0.1800062105746087	0.819993789425391	[[-0.1495052665074117, 0.058994507726242894, 0.08105590163656456], [-0.09181875220809362, -0.1390042692681262, -0.06818625751288439], [0.04024584295212208, -0.09797804360571272, 0.145543158347277]]	0.5083421089134345	0.6732038946531674	[[-0.3621077096252362, 0.13772572896669172, 0.3901832898293695], [-0.3556326157026971, -0.6065318059060602, -0.055299053116558444], [0.3084243830421396, -0.24337811724590683, 0.25251640773562334]]	[[0.060098958841585504, -0.028876258687718967, 0.16127936564652634], [-0.09633412824347452, -0.21398022025706198, 0.1372606693083938], [0.19476910072730558, 0.03331436550094137, -0.15850116669140582]]	0.6878462026181862	[[-0.5881318226112237, 0.5881318226112237, 0.0], [-0.7071067811865475, -0.7071067811865476, 0.0], [0.0, 0.0, 0.8317439999999998]]
2	[[0.034229894132735264, 0.2773841392786001, 0.9601491309293217], [-0.1827544195208179, -0.9427759796974285, 0.2788803941677556], [0.9825625356654255, -0.18501754344446375, 0.018422055382213542]]	0.7296540382116176	0.2703459617883824	[[0.024975980481506437, 0.20239445736048434, 0.7005766906679548], [-0.13334750020438488, -0.687900300715143, 0.20348620578255053], [0.7169307219437243, -0.1349987977142464, 0.01344172710179017]]	0.858139562202049	0.21521869861927137	[[0.0015154325456075831, 0.20056699212670537, 0.7783720402294322], [-0.18906711823051703, -0.8210475608931117, 0.23931829935785268], [0.7950568466101785, -0.15877087373113072, -0.002143145258859828]]	[[-0.02785859381968035, -0.03746731171562473, -0.04556991463493385], [-0.03223832067243278, -0.012014194420952421, 0.0], [-0.04811893758188499, 0.0, -0.017951839799414455]]	0.37776024098096533	[[0.0, 0.0, 0.9119999999999999], [0.0, -1.0, 0.0], [0.9119999999999999, 0.0, 0.0]]
2	[[0.8787972042104137, -0.3840163418041313, 0.28327887866788265], [-0.395223040501579, -0.9183905790867732, -0.018907472103605397], [0.2674214316928388, -0.09534250611366366, -0.9588511794847616]]	0.5389440424049758	0.46105595759502416	[[0.47362251769135144, -0.2069633196014894, 0.15267146399721734], [-0.21300310309950646, -0.49496113119967217, -0.010190069447176403], [0.14412518742226466, -0.05138427565791901, -0.5167671307362965]]	0.7875217322398939	0.3736777022826526	[[0.5437273316139594, -0.23333544015896027, 0.2298297414115236], [-0.35095991336273075, -0.8417670679201331, -0.014890045183308791], [0.20385872094879892, -0.07508429557072507, -0.6291441817059027]]	[[-0.14834456493340142, 0.06908577454705637, 0.006741468176017925], [-0.03971317988580955, -0.11851452820491824, 0.0], [-0.006741468176017925, 0.0, 0.12597196012220216]]	0.5139413264994969	[[0.9119999999999999, 0.0, 0.0], [0.0, -1.0, 0.0], [0.0, 0.0, -0.9119999999999999]]
2	[[-0.42203838922340475, -0.825029846081567, 0.3757783270710803], [0.2588054115689476, 0.28760896992378115, 0.9221175843470338], [-0.8688517462515349, 0.4864224845687207, 0.09214016247897017]]	0.1044008584461286	0.8955991415538717	[[-0.04406117013214482, -0.08613382417459292, 0.039231579931670854], [0.027019507138301757, 0.0300266233568496, 0.09626986739410073], [-0.09070886817107818, 0.050782924956473185, 0.009619512060170261]]	0.33259416905332795	1.174168420665817	[[-0.05707573650792623, -0.4335072910716365, 0.2728660595144069], [0.18621828497754878, -0.18228440353337078, 0.01525637274319813], [0.14834341888928745, 0.1617812820639889, -0.08714707121442733]]	[[0.08329177086443702, -0.15910717496994276, 0.14788437907395124], [0.10014111417026997, -0.2779414698974544, -0.29143455899216564], [0.4373184434643496, 0.0, -0.11779235199055904]]	1.0000000000000002	[[0.0, 0.0, 0.0], [0.0, 0.0, 0.0], [0.0, 0.0, 0.0]]
2	[[-0.3195682178843842, -0.5708200961323295, -0.7563336379995778], [0.910087742671785, 0.03735879733279218, -0.41272826520656647], [0.2638493031197415, -0.8202248094963509, 0.507557688474819]]	0.1114467506980729	0.8885532493019269	[[-0.03561483950958843, -0.06361604494710973, -0.08429092639870547], [0.10142632177091437, 0.004163516572727517, -0.04599722407852433], [0.02940514750664608, -0.09141138986031416, 0.056565655172343285]]	0.3535001377198188	1.0652503791367716	[[-0.1771240599482462, -0.26594163351125805, 0.1796271304166168], [0.5351827328266893, -0.07381872523731627, -0.14589949859138315], [0.22980999176791314, -0.048243376391450966, 0.08869050693583369]]	[[-0.06415665091523938, -0.06415665091523938, 0.44699117561159907], [0.21346659045509422, -0.08702506523950515, 0.0], [0.1365392267778063, 0.24170620672672122, -0.09073120584076777]]	0.9559107340675829	[[1.6607720377334677e-16, -0.8317439999999998, 0.0], [1.0, 1.7938038903913487e-16, 0.0], [0.0, 0.0, 0.8317439999999998]]
2	[[0.04673222253661188, -0.9725397674033924, -0.22799671093185395], [-0.8377629715199755, -0.16246744520517667, 0.5213036857710898], [-0.5440306084466285, 0.16664552219444034, -0.8223502702654952]]	0.1721150497445026	0.8278849502554974	[[0.008043318806560076, -0.1673887304451419, -0.03924166524361905], [-0.14419161551726284, -0.027963092413351223, 0.08972420980848367], [-0.09363585523532347, 0.028682202342194704, -0.14153885767415086]]	0.4529679816221529	0.8610369554809225	[[-0.04794406355379927, -0.5364974995761217, 0.08982803471284521], [-0.3091175479733349, -0.1807044749483514, 0.0], [0.06351801248611343, 0.06351801248611343, -0.47023784328683554]]	[[-0.06911226407292567, -0.09596812408812902, 0.19310324468013657], [0.07036225431384549, -0.10711192421445477, -0.23613387835591956], [0.3099464591348546, -0.01196707334867187, -0.09773950117824229]]	0.8954501703914338	[[0.5881318226112237, -0.5881318226112237, 0.0], [-0.7071067811865475, -0.7071067811865476, 0.0], [0.0, 0.0, -0.8317439999999998]]
2	[[0.3802729664721569, 0.7767473726770865, -0.5020517802076895], [0.4287143634067757, 0.332951791095048, 0.839849450446521], [0.8195098935212374, -0.5346088512602871, -0.20639019011321075]]	0.12195314284173085	0.8780468571582696	[[0.046375483399027674, 0.09472678329202786, -0.06122679246561362], [0.0522830639988482, 0.040604517338824433, 0.10242227999585374], [0.09994180710480709, -0.06519722960219942, -0.02516993233600838]]	0.4000944926512357	0.8991860755444913	[[0.20503621763911217, 0.3306179015858084, 0.10811234345321999], [0.23871540670062322, -0.20706259535602345, 0.3282179181761903], [0.5509517455435657, 0.0, -0.08149351552473494]]	[[0.05289109804945417, 0.01984555559638927, 0.30898049574006525], [0.06718915098109181, -0.34027477329151684, -0.007801221603629645], [0.22307035047251803, 0.2138940571118445, 0.001082062876802209]]	1.0000000000000007	[[0.0, 0.0, 0.0], [0.0, 0.0, 0.0], [0.0, 0.0, 0.0]]
2	[[0.8592155572171323, 0.2624339665249735, -0.4391776855101157], [-0.4266000482917053, 0.8413623931712975, -0.33184593135155627], [0.2824199444684594, 0.4724804086637203, 0.8348660002631537]]	0.163031075321686	0.8369689246783141	[[0.1400788362262307, 0.0427848917635018, -0.07159961032600337], [-0.06954906460527992, 0.13716821569394388, -0.05410119902937061], [0.046043227238983825, 0.07702898909287598, 0.13610910177241695]]	0.0	0.6896809740851849	[[0.6448813844421311, 0.6448813844421312, 0.0], [-0.7071067811865474, 0.7071067811865476, 0.0], [0.0, 0.0, 0.9119999999999997]]	[[0.6448813844421312, 0.6448813844421312, 0.0], [-0.7071067811865474, 0.7071067811865475, 0.0], [0.0, 0.0, 0.9119999999999997]]	0.6896809740851849	[[0.6448813844421313, 0.6448813844421313, 0.0], [-0.7071067811865475, 0.7071067811865476, 0.0], [0.0, 0.0, 0.9119999999999999]]
2	[[0.5319609947059123, -0.8460851799387872, 0.03402011756955908], [-0.703274286200726, -0.4190807785627857, 0.5742617690636116], [-0.47161719485230363, -0.3294103357928521, -0.8179645788128509]]	0.1462896885754488	0.8537103114245511	[[0.07782040824981387, -0.12377353748154775, 0.004976792404550956], [-0.10288177631142527, -0.06130719658390657, 0.08400857535710204], [-0.0689927325617703, -0.04818933543667035, -0.11965978350028011]]	0.447607740770527	0.8282129319396222	[[0.21203801808423003, -0.47689257206869895, 0.2192494370576235], [-0.38221626919247037, -0.39785035229743365, 0.0], [0.11887162533704662, -0.14005432976787185, -0.3134537497090275]]	[[-0.026071840934125675, -0.09817829617687351, 0.20402176909156547], [-0.0674252548041583, -0.21026655180459164, -0.2570440130614493], [0.3299711324334197, 0.007392286422827357, 0.0526735274437083]]	0.70536301820467	[[0.5881318226112237, -0.5881318226112237, 0.0], [-0.7071067811865475, -0.7071067811865476, 0.0], [0.0, 0.0, -0.8317439999999998]]
2	[[-0.30792515101507295, 0.09349718223056193, 0.9468053539599837], [0.3027085282091916, -0.9338174967034747, 0.1906631317268273], [0.9019698710720718, 0.34531602882779927, 0.2592434992682147]]	0.5208067607053388	0.4791932392946614	[[-0.1603695004398624, 0.048693964612575726, 0.4931026294143708], [0.1576526480145097, -0.48633846554810495, 0.09929864802058425], [0.46975200680685775, 0.17984292239343752, 0.13501576708779575]]	0.7597797003289748	0.3389805878899942	[[-0.0781340674557909, 0.12048808027040998, 0.7317144308425755], [0.3154385350559511, -0.8093372851030284, 0.1448619770871927], [0.6729474556079125, 0.26236410890157696, 0.0781340674557909]]	[[0.15582121150619552, 0.0494508191736701, 0.012350942740990169], [0.08544674020614648, -0.09984170729570889, 0.0], [-0.012350942740990169, 0.0, -0.11883388073044807]]	0.48458553670564214	[[0.0, 0.0, 0.9119999999999999], [0.0, -1.0, 0.0], [0.9119999999999999, 0.0, 0.0]]
2	[[0.8489524140446696, -0.5135124485683378, 0.12483895166604869], [0.522794976890395, 0.7815435453534784, -0.34040431673891397], [0.0772347773085365, 0.35425224329800037, 0.9319550081910795]]	0.20637121021372312	0.7936287897862768	[[0.17519933710026023, -0.10597418547086011, 0.025763165537134952], [0.10788983207452624, 0.1612880872893212, -0.0702496508073852], [0.01593903446375003, 0.07310746417033462, 0.19232868290513333]]	0.0	0.4576365075883502	[[0.644881384442131, -0.6448813844421311, 0.0], [0.7071067811865472, 0.7071067811865472, 0.0], [0.0, 0.0, 0.9119999999999995]]	[[0.6448813844421311, -0.6448813844421311, 0.0], [0.7071067811865472, 0.7071067811865474, 0.0], [0.0, 0.0, 0.9119999999999995]]	0.45763650758835006	[[0.6448813844421313, -0.6448813844421313, 0.0], [0.7071067811865475, 0.7071067811865476, 0.0], [0.0, 0.0, 0.9119999999999999]]
2	[[0.22433838825039393, -0.7661379269479729, -0.6022499185961573], [-0.9416906372873723, -0.011392912655017143, -0.3362869982418849], [0.2507808429735371, 0.642575192824231, -0.724020780340167]]	0.13576685746896555	0.8642331425310346	[[0.03045771798240867, -0.1040161387295142, -0.08176557885874058], [-0.127850378532454, -0.0015467799485900796, -0.04565662895897226], [0.034047726963935265, 0.08724041461726044, -0.09829802608901266]]	0.3924789922051424	0.8697692805029044	[[0.01783688684900808, -0.2986807006211639, 0.10143897887410395], [-0.4551331297657178, -0.12216939234268998, -0.13198558216166748], [0.26653196353654746, 0.04264033885622697, -0.31525772563662463]]	[[-0.07021121768443249, 0.002012340837513449, 0.3378094199803528], [-0.08553933747415154, -0.11769791346556764, 0.0], [0.16810575102193753, -0.20955692523945224, -0.031094779433135086]]	0.9679650723503513	[[0.5881318226112237, -0.5881318226112237, 0.0], [-0.7071067811865475, -0.7071067811865476, 0.0], [0.0, 0.0, -0.8317439999999998]]
