2	[[-0.5446221603179724, 0.8109226453022452, -0.2139887049042392], [-0.8354447797583356, -0.5021691245819775, 0.22328947644507607], [0.07361197229480154, 0.30038414347728, 0.9509735242804028]]	0.25655191436925995	0.74344808563074	[[-0.13972385783749774, 0.20804375705767547, -0.054899211896581236], [-0.21433495759680576, -0.12883245024864176, 0.05728534264049404], [0.01888529241272826, 0.07706412705526663, 0.2439740781686192]]	0.6148190261719371	0.5849521719153278	[[-0.39027796806352893, 0.5540045729106741, 0.14537581378738], [-0.6170711210003572, -0.3877315388906172, 0.1372826184624033], [0.1995205442277906, 0.006071903271347722, 0.5062812403369489]]	[[-0.05543390182517663, 0.055433901825176615, 0.2769401409483984], [-0.10342377508890885, -0.07898840674151186, 0.0], [0.15426250310690517, -0.17860998329884498, -0.07839537577642343]]	0.38129137321508877	[[-0.704563487800247, 0.7045634878002469, 0.0], [-0.7071067811865475, -0.7071067811865476, 0.0], [0.0, 0.0, 0.9964032399999999]]
2	[[-0.42203838922340475, -0.825029846081567, 0.3757783270710803], [0.2588054115689476, 0.28760896992378115, 0.9221175843470338], [-0.8688517462515349, 0.4864224845687207, 0.09214016247897017]]	0.11203591303016115	0.8879640869698389	[[-0.04728345627042269, -0.09243297208288169, 0.042100667970355], [0.028995500582273674, 0.032222533541075, 0.10331028548348657], [-0.09734259867914061, 0.05449678717705611, 0.010323007230078798]]	0.359446414394613	1.1969430264504024	[[-0.0627889487022299, -0.4969002991781464, 0.3208914002661304], [0.18225886100475108, -0.17234215852500112, 0.04115019766250597], [0.20020454598946, 0.1748428179591456, -0.0926200262459497]]	[[0.08891123704100094, -0.20034627923558782, 0.18581922799322453], [0.08923218379037079, -0.27572217151183237, -0.29030166168125743], [0.5125101908200724, 0.0, -0.1257394772707526]]	1.0000000000000002	[[0.0, 0.0, 0.0], [0.0, 0.0, 0.0], [0.0, 0.0, 0.0]]
2	[[0.08740825448676931, -0.06334395238859675, -0.994156597696443], [0.7119981850616444, -0.6940087028176986, 0.10681996481098455], [-0.6967197295301035, -0.717174639895393, -0.015561310176609944]]	0.17358907277532248	0.8264109272246776	[[0.015173117849267684, -0.010995817961060684, -0.17257472198759483], [0.12359510476256334, -0.12047232722012867, 0.01854277864543138], [-0.12094293183340414, -0.12449368075741707, -0.002701273404726909]]	0.47517446695792276	1.0299170707799346	[[0.0665888393527474, -0.01625662945152046, 0.0011506439923229944], [0.6346709090425763, -0.6373751076368394, 0.03950577860914465], [0.01171390084317836, -0.013861727852708871, 0.028038314893803706]]	[[0.025054668619274252, 0.013842799359739035, 0.4735484753754323], [0.29634755098090093, -0.30759989221128, -0.011252341230378991], [0.3427773269417134, 0.3269213493753247, 0.03543265216214124]]	0.7853748803929181	[[0.0, 0.0, -0.9964032399999999], [0.0, -1.0, 0.0], [-0.9964032399999999, 0.0, 0.0]]
2	[[-0.3195682178843842, -0.5708200961323295, -0.7563336379995778], [0.910087742671785, 0.03735879733279218, -0.41272826520656647], [0.2638493031197415, -0.8202248094963509, 0.507557688474819]]	0.12532135783551634	0.8746786421644837	[[-0.04004872298634717, -0.07153594952710356, -0.09478475849078291], [0.11405343166108811, 0.004681855208847362, -0.05172366661278401], [0.033065952930920725, -0.10279168685646042, 0.06360781869952034]]	0.38736136755461636	1.0890709393619793	[[-0.20803922949864787, -0.3053645006574379, 0.19831199466869437], [0.5470027627813456, -0.08153953066817182, -0.15987498523885996], [0.28212143185744826, -0.0397020877975539, 0.07745954901448557]]	[[-0.08425084759196126, -0.08425084759196125, 0.49128642701176894], [0.1944699301853093, -0.09601088549319796, 0.0], [0.17991640497265274, 0.27802131611117725, -0.11914869130598021]]	0.9999999999999999	[[0.0, 0.0, 0.0], [0.0, 0.0, 0.0], [0.0, 0.0, 0.0]]
2	[[0.034229894132735264, 0.2773841392786001, 0.9601491309293217], [-0.1827544195208179, -0.9427759796974285, 0.2788803941677556], [0.9825625356654255, -0.18501754344446375, 0.018422055382213542]]	0.8298272805137985	0.17017271948620163	[[0.02840489996044293, 0.23018092595522144, 0.796757942206766], [-0.15165460295283817, -0.7823412273660493, 0.23142255908084483], [0.8153571969059821, -0.15353260492386292, 0.015287124119296848]]	0.931811371288651	0.12490415167671579	[[0.0026481063170512176, 0.2589292543530309, 0.8871999161714281], [-0.17302377586552545, -0.8206920443463227, 0.25986392251497586], [0.923040905896684, -0.17240145086944336, -0.0026481063170512176]]	[[-0.02924769827383818, 0.00045955915811637243, -0.007477962161429694], [-0.0027311296027706915, 0.05779733411353982, 0.0], [0.007477962161429694, 0.0, -0.01981398700470708]]	0.33914503807370533	[[0.0, 0.0, 0.9982], [0.0, -1.0, 0.0], [0.9982, 0.0, 0.0]]
2	[[0.8787972042104137, -0.3840163418041313, 0.28327887866788265], [-0.395223040501579, -0.9183905790867732, -0.018907472103605397], [0.2674214316928388, -0.09534250611366366, -0.9588511794847616]]	0.6649474937279851	0.335052506272015	[[0.584353998434875, -0.2553507040332464, 0.18836558039628257], [-0.2628025702450789, -0.6106815138271426, -0.012572476188024205], [0.1778212107733027, -0.06339776048602574, -0.6375856886565147]]	0.8540051936333902	0.2723814870530462	[[0.6336273278341049, -0.27757562229997845, 0.24868157562329754], [-0.34414743120398295, -0.8507611272696264, -0.016147079374957456], [0.22161934956027848, -0.08142299539509203, -0.7419386322562376]]	[[-0.11687004871209161, 0.05037632804084486, 0.0067599419942827215], [-0.0066249019720547205, -0.06645080294554521, 0.0], [-0.0067599419942827215, 0.0, 0.07692525494525115]]	0.4689443612627465	[[0.704563487800247, -0.7045634878002469, 0.0], [-0.7071067811865475, -0.7071067811865476, 0.0], [0.0, 0.0, -0.9964032399999999]]
2	[[0.04673222253661188, -0.9725397674033924, -0.22799671093185395], [-0.8377629715199755, -0.16246744520517667, 0.5213036857710898], [-0.5440306084466285, 0.16664552219444034, -0.8223502702654952]]	0.18651306026627673	0.8134869397337231	[[0.008716169838348144, -0.18139136824905966, -0.04252436428654575], [-0.15625373559596023, -0.03030230039886113, 0.09722994576125546], [-0.10146881365990523, 0.031081566324156807, -0.15337906551801728]]	0.48805747882532946	0.9038820385689296	[[-0.08246187407113788, -0.6127290012527522, 0.12307435449023144], [-0.3032246915125657, -0.20671886743694107, 0.00808176598567224], [0.09272082788065031, 0.08133259341974902, -0.5502282983856324]]	[[-0.10526988478226089, -0.13807369431648023, 0.23434985440809947], [0.1056517922206897, -0.1274254157389102, -0.24634439659411758], [0.3582390350429218, 0.0, -0.14887409876852645]]	0.8662804629353416	[[0.704563487800247, -0.7045634878002469, 0.0], [-0.7071067811865475, -0.7071067811865476, 0.0], [0.0, 0.0, -0.9964032399999999]]
2	[[0.8489524140446696, -0.5135124485683378, 0.12483895166604869], [0.522794976890395, 0.7815435453534784, -0.34040431673891397], [0.0772347773085365, 0.35425224329800037, 0.9319550081910795]]	0.22378302659337848	0.7762169734066214	[[0.18998114064867117, -0.11491536993399924, 0.027936838440572875], [0.11699264221634795, 0.17489617999372067, -0.07617670826528522], [0.017283832224369855, 0.0792756391827204, 0.20855571238185655]]	0.0	0.42754967345554457	[[0.7058339889804113, -0.7058339889804113, 0.0], [0.7071067811865471, 0.7071067811865471, 0.0], [0.0, 0.0, 0.9981999999999994]]	[[0.7058339889804113, -0.7058339889804114, 0.0], [0.7071067811865472, 0.7071067811865471, 0.0], [0.0, 0.0, 0.9981999999999994]]	0.4275496734555446	[[0.7058339889804117, -0.7058339889804116, 0.0], [0.7071067811865475, 0.7071067811865476, 0.0], [0.0, 0.0, 0.9982]]
2	[[-0.30792515101507295, 0.09349718223056193, 0.9468053539599837], [0.3027085282091916, -0.9338174967034747, 0.1906631317268273], [0.9019698710720718, 0.34531602882779927, 0.2592434992682147]]	0.6464049465591734	0.35359505344082687	[[-0.19904434078612362, 0.060437041083179655, 0.6120196642284423], [0.19567229000006844, -0.6036242490526307, 0.12324559147468442], [0.583037786308327, 0.22321398916045954, 0.16757628029028346]]	0.8284108486261433	0.2567300569700682	[[-0.13945639491585524, 0.1573793078408171, 0.7924241045848143], [0.28709616047158476, -0.815656918607623, 0.15794740675553914], [0.7391213485029798, 0.28606354448544696, 0.13945639491585524]]	[[0.1156321407498747, 0.07992522776504415, 0.008080277827048316], [0.03632913173143751, -0.04207237370155684, 0.0], [-0.008080277827048316, 0.0, -0.07530373231373749]]	0.4665281945561411	[[0.0, 0.0, 0.9982], [0.0, -1.0, 0.0], [0.9982, 0.0, 0.0]]
2	[[-0.8305561570912853, 0.32773595720904825, 0.4502950280316503], [-0.5100865793185324, -0.772219296347621, -0.37879947194723407], [0.22358030216652452, -0.5443036842615101, 0.808545204538665]]	0.2012980067339806	0.7987019932660193	[[-0.1671892989031106, 0.06597259492123457, 0.09064349158499312], [-0.10267941167857503, -0.15544620511629326, -0.07625157865486261], [0.045006269171102495, -0.10956724669980392, 0.16275853802795193]]	0.5500883286086677	0.6247386732872269	[[-0.427051060873457, 0.1807028480090689, 0.43938132011667486], [-0.34853456796130655, -0.5954479109047076, -0.06716871575213741], [0.3580141356225874, -0.26336488633980865, 0.2980963543912539]]	[[0.029828187396526068, 0.00041912308298169484, 0.19167928076595112], [-0.0679418940982624, -0.17065908885748327, 0.14120445264916248], [0.23502522089398295, 0.036050217591145454, -0.1466749257779736]]	0.6821632142985622	[[-0.704563487800247, 0.7045634878002469, 0.0], [-0.7071067811865475, -0.7071067811865476, 0.0], [0.0, 0.0, 0.9964032399999999]]
2	[[0.3802729664721569, 0.7767473726770865, -0.5020517802076895], [0.4287143634067757, 0.332951791095048, 0.839849450446521], [0.8195098935212374, -0.5346088512602871, -0.20639019011321075]]	0.13033284874282708	0.8696671512571734	[[0.049562059020201804, 0.10123569783451107, -0.06543383873087588], [0.05587556427977271, 0.04339455542744432, 0.10945997139179288], [0.10680905899555385, -0.06967709454788354, -0.026899421430028436]]	0.4345514785218736	0.9397955964301372	[[0.1392723026076096, 0.3264183248701997, 0.14747004633144184], [0.2900014779544313, -0.2551477908522314, 0.3277296480466528], [0.6408935245928968, 0.0, -0.05295172441444723]]	[[-0.02597587721476509, -0.011118394364608992, 0.3656373897152321], [0.10370301747245311, -0.3998324839490903, -0.03722817238066596], [0.28477428869993987, 0.2323150667460382, 0.036735437851659045]]	1.0000000000000007	[[0.0, 0.0, 0.0], [0.0, 0.0, 0.0], [0.0, 0.0, 0.0]]
2	[[0.22433838825039393, -0.7661379269479729, -0.6022499185961573], [-0.9416906372873723, -0.011392912655017143, -0.3362869982418849], [0.2507808429735371, 0.642575192824231, -0.724020780340167]]	0.1536507096942499	0.8463492903057501	[[0.0344697525663372, -0.1177176361992374, -0.09253612740560388], [-0.1446914347316352, -0.0017505291149279706, -0.05167073594081458], [0.038532654500606195, 0.09873213440936258, -0.11124630673265132]]	0.4300264696646273	0.8687650079960603	[[0.021486248742963905, -0.33391675494455875, 0.12345262100227437], [-0.492349273451376, -0.130989678212666, -0.14461231064807248], [0.30846450414030496, 0.03481375618162777, -0.3379508185028225]]	[[-0.07498519636660553, -0.004457166942945789, 0.382436027351989], [-0.08739737318245432, -0.1260904242044315, 0.0], [0.20062210357687554, -0.24151058548264345, -0.026602718369311953]]	0.9497803093411912	[[0.704563487800247, -0.7045634878002469, 0.0], [-0.7071067811865475, -0.7071067811865476, 0.0], [0.0, 0.0, -0.9964032399999999]]
2	[[0.5319609947059123, -0.8460851799387872, 0.03402011756955908], [-0.703274286200726, -0.4190807785627857, 0.5742617690636116], [-0.47161719485230363, -0.3294103357928521, -0.8179645788128509]]	0.16186172110745506	0.838138278892545	[[0.08610412216513277, -0.1369488034284029, 0.0055065547820868505], [-0.11383318637506647, -0.06783313610122474, 0.09295099830684807], [-0.07633677086266383, -0.053318923902015765, -0.13239715453158257]]	0.4814445634163456	0.8085631983383822	[[0.22263483160923328, -0.5689052207242571, 0.24197448873371824], [-0.3708615562257287, -0.3945784600659484, 0.014864457674141468], [0.17665933893363547, -0.1585928153006215, -0.375512463169857]]	[[-0.03347489724147961, -0.1615621106555875, 0.22559568808306912], [-0.03227397454387803, -0.1928142975946059, -0.2616107490193873], [0.4037168734089444, 0.0, 0.01829213636673102]]	0.6446315124341855	[[0.704563487800247, -0.7045634878002469, 0.0], [-0.7071067811865475, -0.7071067811865476, 0.0], [0.0, 0.0, -0.9964032399999999]]
2	[[0.8592155572171323, 0.2624339665249735, -0.4391776855101157], [-0.4266000482917053, 0.8413623931712975, -0.33184593135155627], [0.2824199444684594, 0.4724804086637203, 0.8348660002631537]]	0.18068007717018414	0.8193199228298159	[[0.1552431331838142, 0.04741658932380975, -0.07935065810939057], [-0.07707812964614956, 0.15201742212628083, -0.05995794848521081], [0.05102765736096036, 0.08536779669876113, 0.1508436533543096]]	0.0	0.6894173827383839	[[0.7058339889804114, 0.7058339889804114, 0.0], [-0.7071067811865472, 0.7071067811865472, 0.0], [0.0, 0.0, 0.9981999999999995]]	[[0.7058339889804113, 0.7058339889804114, 0.0], [-0.7071067811865472, 0.7071067811865471, 0.0], [0.0, 0.0, 0.9981999999999994]]	0.6894173827383837	[[0.7058339889804117, 0.7058339889804116, 0.0], [-0.7071067811865475, 0.7071067811865476, 0.0], [0.0, 0.0, 0.9982]]
