2	[[-0.5446221603179724, 0.8109226453022452, -0.2139887049042392], [-0.8354447797583356, -0.5021691245819775, 0.22328947644507607], [0.07361197229480154, 0.30038414347728, 0.9509735242804028]]	0.24821356648785306	0.7517864335121468	[[-0.13518260880084323, 0.20128200193623452, -0.053114899632397926], [-0.20736872838747542, -0.1246451893925756, 0.055423477307637796], [0.018271490179497717, 0.07455941956889463, 0.2360445300971617]]	0.6059430333576812	0.5839510493682225	[[-0.25830420214282684, 0.5423946230175429, 0.1411852486804337], [-0.6133202752833044, -0.5128700033606619, 0.13530070267397787], [0.19011090607352685, 0.009555187417360602, 0.504080208187343]]	[[0.07170580171405859, 0.05102169550466561, 0.27085021363439005], [-0.1070883312336987, -0.20858412075288726, 0.0], [0.14550624428977324, -0.17246049165381133, -0.07215557375796848]]	0.39711240367421985	[[-0.6672386583654165, 0.6672386583654164, 0.0], [-0.7071067811865475, -0.7071067811865476, 0.0], [0.0, 0.0, 0.9436179600000001]]
2	[[0.034229894132735264, 0.2773841392786001, 0.9601491309293217], [-0.1827544195208179, -0.9427759796974285, 0.2788803941677556], [0.9825625356654255, -0.18501754344446375, 0.018422055382213542]]	0.8224760517842845	0.1775239482157155	[[0.028153268179286144, 0.2281418117014451, 0.7896996663308606], [-0.15031113341361108, -0.7754106654986018, 0.22937244551514063], [0.8081341549652545, -0.15217249864302987, 0.015151699376514418]]	0.9095664061657215	0.13118097736350323	[[0.0, 0.2393583561950665, 0.8552813084374947], [-0.17834096975898076, -0.8210592408371766, 0.2536602378732453], [0.8847205491220733, -0.16828574206839114, 0.0]]	[[-0.031134361789745123, -0.012940938495941724, -0.01803808596502913], [-0.01211368918452785, 0.03645811883558083, 0.0], [-0.008985325276206362, 0.0, -0.016756082708185856]]	0.35056430830161645	[[0.0, 0.0, 0.9714], [0.0, -1.0, 0.0], [0.9714, 0.0, 0.0]]
2	[[0.04673222253661188, -0.9725397674033924, -0.22799671093185395], [-0.8377629715199755, -0.16246744520517667, 0.5213036857710898], [-0.5440306084466285, 0.16664552219444034, -0.8223502702654952]]	0.18221890311778238	0.8177810968822175	[[0.008515494330877567, -0.17721512965466943, -0.04154531058046453], [-0.15265624974306388, -0.029604639657635733, 0.09499138581246508], [-0.09913266073364446, 0.03036596426376098, -0.14984776422639046]]	0.4781775849765398	0.8929253609624872	[[-0.07100990894186997, -0.5921916090252116, 0.11400387863769344], [-0.30146193419491124, -0.20109948258682098, 0.0013889517709596065], [0.08153967798247058, 0.07968615335009185, -0.5252550849147533]]	[[-0.09335621025501326, -0.12714489175461163, 0.22302679525368163], [0.09913754030928028, -0.12341119200130123, -0.24788678573042908], [0.34168292048279697, 0.0, -0.13202561867439394]]	0.8739388367045238	[[0.6672386583654165, -0.6672386583654164, 0.0], [-0.7071067811865475, -0.7071067811865476, 0.0], [0.0, 0.0, -0.9436179600000001]]
2	[[0.8592155572171323, 0.2624339665249735, -0.4391776855101157], [-0.4266000482917053, 0.8413623931712975, -0.33184593135155627], [0.2824199444684594, 0.4724804086637203, 0.8348660002631537]]	0.17535324672575267	0.8246467532742473	[[0.15066623759530087, 0.046018648081271596, -0.07701123304370035], [-0.07480570352131344, 0.1475356273155361, -0.058190261475226636], [0.049523254202651135, 0.0828509736734938, 0.1463964637270871]]	0.0	0.6885275236086726	[[0.6868835272446123, 0.6868835272446122, 0.0], [-0.7071067811865475, 0.7071067811865476, 0.0], [0.0, 0.0, 0.9714]]	[[0.6868835272446123, 0.6868835272446122, 0.0], [-0.7071067811865475, 0.7071067811865476, 0.0], [0.0, 0.0, 0.9714]]	0.6885275236086726	[[0.6868835272446123, 0.6868835272446122, 0.0], [-0.7071067811865475, 0.7071067811865476, 0.0], [0.0, 0.0, 0.9714]]
2	[[0.8787972042104137, -0.3840163418041313, 0.28327887866788265], [-0.395223040501579, -0.9183905790867732, -0.018907472103605397], [0.2674214316928388, -0.09534250611366366, -0.9588511794847616]]	0.6216194752849968	0.3783805247150031	[[0.5462774569631996, -0.23871203689314807, 0.17609166791685155], [-0.2456783390571325, -0.5708894698786043, -0.011753252888008905], [0.166234370048865, -0.0592667586227322, -0.5960405670677179]]	0.8341916127078861	0.30452056597083366	[[0.6050574986550514, -0.26316774020438466, 0.24308439821639555], [-0.346466245001175, -0.8486461629387537, -0.015772454646335952], [0.21630518180214803, -0.07953391893456857, -0.7066281356275348]]	[[-0.12802775836841512, 0.057175471271386405, 0.00677553357435288], [-0.016774499465848733, -0.0825324446746288, 0.0], [-0.00677553357435288, 0.0, 0.09323747613371733]]	0.48000283131309324	[[0.6672386583654165, -0.6672386583654164, 0.0], [-0.7071067811865475, -0.7071067811865476, 0.0], [0.0, 0.0, -0.9436179600000001]]
2	[[0.8489524140446696, -0.5135124485683378, 0.12483895166604869], [0.522794976890395, 0.7815435453534784, -0.34040431673891397], [0.0772347773085365, 0.35425224329800037, 0.9319550081910795]]	0.21869067822003413	0.7813093217799659	[[0.185657979203964, -0.11230038565184018, 0.02730111500812621], [0.11433038806618756, 0.17091628799184214, -0.07444325089666042], [0.016890525831777164, 0.07747166334780824, 0.20380987281186455]]	0.0	0.4361191136582589	[[0.6868835272446123, -0.6868835272446122, 0.0], [0.7071067811865475, 0.7071067811865476, 0.0], [0.0, 0.0, 0.9714]]	[[0.6868835272446123, -0.6868835272446122, 0.0], [0.7071067811865475, 0.7071067811865476, 0.0], [0.0, 0.0, 0.9714]]	0.4361191136582589	[[0.6868835272446123, -0.6868835272446122, 0.0], [0.7071067811865475, 0.7071067811865476, 0.0], [0.0, 0.0, 0.9714]]
2	[[-0.30792515101507295, 0.09349718223056193, 0.9468053539599837], [0.3027085282091916, -0.9338174967034747, 0.1906631317268273], [0.9019698710720718, 0.34531602882779927, 0.2592434992682147]]	0.6043273177816069	0.3956726822183932	[[-0.18608758059043526, 0.056502901357533594, 0.5721803400199018], [0.18293503292227858, -0.5643314230803455, 0.11522293899631475], [0.545085032904807, 0.20868390948849996, 0.15666792856507814]]	0.8074897164911186	0.281401827798458	[[-0.11946985916615412, 0.14527802285284716, 0.7740949046818579], [0.2955000371315511, -0.8138281706639274, 0.15395851818340459], [0.7187720776350804, 0.27883914221799855, 0.11946985916615412]]	[[0.12917653372749197, 0.06978000968077229, 0.009559317840437634], [0.05106601350846723, -0.05978014499639257, 0.0], [-0.009559317840437634, 0.0, -0.08986660056010205]]	0.4709809394112028	[[0.0, 0.0, 0.9714], [0.0, -1.0, 0.0], [0.9714, 0.0, 0.0]]
2	[[-0.42203838922340475, -0.825029846081567, 0.3757783270710803], [0.2588054115689476, 0.28760896992378115, 0.9221175843470338], [-0.8688517462515349, 0.4864224845687207, 0.09214016247897017]]	0.1097697367997188	0.8902302632002813	[[-0.04632704290443042, -0.09056330905628611, 0.041249088057631125], [0.02840900191026629, 0.03157076092977168, 0.1012206045321664], [-0.0953736275040071, 0.05339446810457375, 0.010114201383999877]]	0.35142919055532656	1.1879005812869377	[[-0.06104209927873132, -0.4769180984839355, 0.30558660839051605], [0.18344101869253845, -0.17531059571466776, 0.03341912758643288], [0.18323840221019355, 0.17094306001989634, -0.09104405329815812]]	[[0.08727451022932366, -0.18697852749150473, 0.1735271350796915], [0.09248924239352506, -0.27638478321143345, -0.2906399086774783], [0.48857826810795246, 0.0, -0.12342479601577891]]	1.0000000000000002	[[0.0, 0.0, 0.0], [0.0, 0.0, 0.0], [0.0, 0.0, 0.0]]
2	[[-0.8305561570912853, 0.32773595720904825, 0.4502950280316503], [-0.5100865793185324, -0.772219296347621, -0.37879947194723407], [0.22358030216652452, -0.5443036842615101, 0.808545204538665]]	0.19474270455534368	0.8052572954446563	[[-0.16174475231704977, 0.06382418668692443, 0.08769167160670785], [-0.0993356400138748, -0.15038407428056016, -0.0737684336511404], [0.043540632729209966, -0.10599917157252434, 0.15745827988711314]]	0.5375608329721236	0.6397094775288565	[[-0.4060152784381167, 0.16658876264653588, 0.4240007482741006], [-0.3507048835681362, -0.5990000068200497, -0.06361544851738492], [0.34226049085284105, -0.2573671178127327, 0.2834334795058858]]	[[0.040459181198000654, -0.009589251505676355, 0.18193977792220087], [-0.07650231710176476, -0.1838851586382752, 0.14001231115197083], [0.22207247738404498, 0.035229224088680476, -0.1512087541415351]]	0.680364544808441	[[-0.6672386583654165, 0.6672386583654164, 0.0], [-0.7071067811865475, -0.7071067811865476, 0.0], [0.0, 0.0, 0.9436179600000001]]
2	[[-0.3195682178843842, -0.5708200961323295, -0.7563336379995778], [0.910087742671785, 0.03735879733279218, -0.41272826520656647], [0.2638493031197415, -0.8202248094963509, 0.507557688474819]]	0.12106106977659378	0.8789389302234062	[[-0.038687270323683146, -0.06910409148775792, -0.09156255932425186], [0.1101761957184117, 0.004522695970674791, -0.04996532531294465], [0.03194187889548469, -0.09929729289493108, 0.061445476740096684]]	0.3771531233616576	1.0978893366899762	[[-0.04284933367773387, -0.29296339995838994, 0.19262429600145412], [0.5434393437108067, -0.24384807492854949, -0.1556617543222951], [0.265229758840809, -0.042764132039554946, 0.08157535824513695]]	[[0.0776768178244803, -0.07767681782448028, 0.47787788987648017], [0.20019690902898254, -0.2579380620276473, 0.0], [0.16571817007240178, 0.2665862167207144, -0.1098516092493642]]	0.9862761366982327	[[1.88415464646706e-16, -0.9436179600000001, 0.0], [1.0, 1.7938038903913487e-16, 0.0], [0.0, 0.0, 0.9436179600000001]]
2	[[0.22433838825039393, -0.7661379269479729, -0.6022499185961573], [-0.9416906372873723, -0.011392912655017143, -0.3362869982418849], [0.2507808429735371, 0.642575192824231, -0.724020780340167]]	0.1482018622678888	0.8517981377321112	[[0.03324736691688504, -0.11354306752774934, -0.08925455948663498], [-0.13956030612622364, -0.0016884508721289188, -0.04983835939592559], [0.037166187949789195, 0.09523084022369878, -0.10730122796706283]]	0.4187077944907354	0.8476156811571981	[[0.16755021518336002, -0.3230483208615776, 0.1163610967796948], [-0.4811304787385386, -0.2843642569553891, -0.14080598734976946], [0.29521578827753264, 0.037613669211200754, -0.33138631207509106]]	[[0.07361798341943128, -0.0022603991934876666, 0.36852783192731675], [-0.08683726890736783, -0.27959395562478134, 0.0], [0.19021189461555552, -0.23143757257069206, -0.028233167973398407]]	0.9538659968029843	[[0.6672386583654165, -0.6672386583654164, 0.0], [-0.7071067811865475, -0.7071067811865476, 0.0], [0.0, 0.0, -0.9436179600000001]]
2	[[0.3802729664721569, 0.7767473726770865, -0.5020517802076895], [0.4287143634067757, 0.332951791095048, 0.839849450446521], [0.8195098935212374, -0.5346088512602871, -0.20639019011321075]]	0.12797124554189426	0.8720287544581062	[[0.048664005165352915, 0.09940132875288067, -0.06424819163970337], [0.05486311106686538, 0.04260825541183788, 0.10747658024131669], [0.10487370180781787, -0.06841456057350023, -0.02641200969641594]]	0.42422781008237304	0.9465833025985545	[[0.1438328567147091, 0.32019769502985096, 0.13456322306786989], [0.28384610622286155, -0.2658850107101268, 0.3278759388146608], [0.6123694044994966, 0.0, -0.06282255459810376]]	[[-0.01748951108530168, -0.009320141868186322, 0.34754755033333484], [0.10197355068394645, -0.4071324199093828, -0.028411554347151247], [0.26471051703014337, 0.22679594222080465, 0.02473390377610822]]	1.0000000000000007	[[0.0, 0.0, 0.0], [0.0, 0.0, 0.0], [0.0, 0.0, 0.0]]
2	[[0.5319609947059123, -0.8460851799387872, 0.03402011756955908], [-0.703274286200726, -0.4190807785627857, 0.5742617690636116], [-0.47161719485230363, -0.3294103357928521, -0.8179645788128509]]	0.15688941282929741	0.8431105871707026	[[0.08345904810749959, -0.13274180708416677, 0.005337396269871772], [-0.11033628981997515, -0.06574933727676029, 0.09009559175870362], [-0.07399174478057825, -0.05168099416244226, -0.12832998248511174]]	0.47189267187017436	0.8076024595271614	[[0.2199245955602292, -0.5425324592761079, 0.23524099846842356], [-0.37729842053165197, -0.39708255031413664, 0.007805069000085751], [0.1578203147674073, -0.1554463234989403, -0.35600805711369443]]	[[-0.031103899562259448, -0.1432710630850365, 0.21918715429118685], [-0.045428438558801784, -0.19932140198871096, -0.26318485155623494], [0.3803730129461775, 0.0, 0.029983433477463434]]	0.6630002265491208	[[0.6672386583654165, -0.6672386583654164, 0.0], [-0.7071067811865475, -0.7071067811865476, 0.0], [0.0, 0.0, -0.9436179600000001]]
2	[[0.08740825448676931, -0.06334395238859675, -0.994156597696443], [0.7119981850616444, -0.6940087028176986, 0.10681996481098455], [-0.6967197295301035, -0.717174639895393, -0.015561310176609944]]	0.16476828937065158	0.8352317106293485	[[0.014402108568659554, -0.010437074677045088, -0.16380548196899003], [0.11731472298761578, -0.11435062677161709, 0.017600542872539118], [-0.11479731800545825, -0.11816763859557695, -0.0025640104581661147]]	0.4625914998460198	1.0275163851802898	[[0.06390333352264913, -0.01568985156431097, 0.00040915840963687625], [0.6348869132176954, -0.6370105619157436, 0.03896857746468387], [0.010152489206836977, -0.01324896821803902, 0.025991673709705496]]	[[0.02346901798069196, 0.013612522377304856, 0.4602975500198506], [0.30552260490238525, -0.31596803517311384, -0.010445430270728527], [0.3324491138624809, 0.3185099241027, 0.0331902035238726]]	0.8016808139089704	[[0.0, 0.0, -0.9436179600000001], [0.0, -1.0, 0.0], [-0.9436179600000001, 0.0, 0.0]]
