2	[[0.8592155572171323, 0.2624339665249735, -0.4391776855101157], [-0.4266000482917053, 0.8413623931712975, -0.33184593135155627], [0.2824199444684594, 0.4724804086637203, 0.8348660002631537]]	0.17782432256137834	0.8221756774386216	[[0.15278942439633378, 0.04666714231439885, -0.07809647440991037], [-0.07585986459212378, 0.149614697594306, -0.05901027793734016], [0.05022113530292591, 0.08401850859414926, 0.14845948092632277]]	0.0	0.6888216027012242	[[0.6955102299750883, 0.695510229975088, 0.0], [-0.7071067811865474, 0.7071067811865474, 0.0], [0.0, 0.0, 0.9835999999999998]]	[[0.6955102299750882, 0.695510229975088, 0.0], [-0.7071067811865474, 0.7071067811865475, 0.0], [0.0, 0.0, 0.9835999999999999]]	0.6888216027012241	[[0.6955102299750883, 0.6955102299750882, 0.0], [-0.7071067811865475, 0.7071067811865476, 0.0], [0.0, 0.0, 0.9836]]
2	[[0.8787972042104137, -0.3840163418041313, 0.28327887866788265], [-0.395223040501579, -0.9183905790867732, -0.018907472103605397], [0.2674214316928388, -0.09534250611366366, -0.9588511794847616]]	0.6408207196953366	0.3591792803046634	[[0.5631514568683671, -0.2460856285296938, 0.18153097490244052], [-0.25326711325440104, -0.5885237118518029, -0.012116299881051909], [0.1713691943193622, -0.06109745338531498, -0.6144517029181474]]	0.8434832512899286	0.28998673091888083	[[0.6179791170950406, -0.2695635038020713, 0.24571321334865373], [-0.3456528933937914, -0.8500089644091005, -0.015948136043622704], [0.2187932749207803, -0.08041980704288292, -0.7230374150825938]]	[[-0.12327160593685853, 0.05434784873134197, 0.006772223748102885], [-0.01228887820682845, -0.07536189280694873, 0.0], [-0.006772223748102885, 0.0, 0.085737495292396]]	0.47452231204918927	[[0.6841038622034967, -0.6841038622034966, 0.0], [-0.7071067811865475, -0.7071067811865476, 0.0], [0.0, 0.0, -0.96746896]]
2	[[0.08740825448676931, -0.06334395238859675, -0.994156597696443], [0.7119981850616444, -0.6940087028176986, 0.10681996481098455], [-0.6967197295301035, -0.717174639895393, -0.015561310176609944]]	0.1687589357028484	0.8312410642971517	[[0.014750923998830913, -0.010689857988311489, -0.16777280934921657], [0.12015605593336279, -0.11712017005602923, 0.01802682357331747], [-0.11757768003867666, -0.12102962894182007, -0.0026261101435465853]]	0.4683632110690402	1.0285946108830573	[[0.06512253712803995, -0.015947963519127577, 0.0007395439742792463], [0.6347878337469578, -0.6371777762628082, 0.039214987540060336], [0.010851577464802973, -0.013526674815801812, 0.02691260863634315]]	[[0.02418372638267679, 0.013720013423399981, 0.46636592037685726], [0.30131407751615735, -0.3121296317012517, -0.010815554185094268], [0.33716946720267543, 0.322371542422887, 0.03420095383910154]]	0.7942142190645421	[[0.0, 0.0, -0.96746896], [0.0, -1.0, 0.0], [-0.96746896, 0.0, 0.0]]
2	[[0.3802729664721569, 0.7767473726770865, -0.5020517802076895], [0.4287143634067757, 0.332951791095048, 0.839849450446521], [0.8195098935212374, -0.5346088512602871, -0.20639019011321075]]	0.12907304181763743	0.8709269581823632	[[0.04908298850357774, 0.1002571461152896, -0.06480135042136638], [0.055335466955824544, 0.04297510045526842, 0.10840192323800361], [0.1057766347564343, -0.06900359061479813, -0.026639409639232586]]	0.4289703604910683	0.9433180156279056	[[0.14184533165727795, 0.32307632934737557, 0.14036394561113683], [0.286673798810269, -0.2609524805030858, 0.32780873486040074], [0.6252912733472552, 0.0, -0.05844010274525267]]	[[-0.02128049985529115, -0.010125271120404289, 0.3557292787520118], [0.10276804379196562, -0.4037789303552753, -0.03246178665586897], [0.2737458188974531, 0.2293313516468413, 0.03009517150943143]]	1.0000000000000007	[[0.0, 0.0, 0.0], [0.0, 0.0, 0.0], [0.0, 0.0, 0.0]]
2	[[0.22433838825039393, -0.7661379269479729, -0.6022499185961573], [-0.9416906372873723, -0.011392912655017143, -0.3362869982418849], [0.2507808429735371, 0.642575192824231, -0.724020780340167]]	0.15069606701699556	0.8493039329830043	[[0.033806912790266104, -0.11545397238361377, -0.0907566940937466], [-0.14190907538593506, -0.0017168671289792548, -0.05067712802400335], [0.03779168671931879, 0.09683355432129917, -0.10910708403583927]]	0.4239000460484545	0.8686233045178435	[[0.020843586681325608, -0.3280055826714247, 0.11956164921646376], [-0.48627691181736965, -0.12955051874546814, -0.1425520740402315], [0.30122323398484663, 0.03638009864601568, -0.33442955481540354]]	[[-0.07425346642845246, -0.0032396801587115803, 0.3748554174420528], [-0.087094207307854, -0.12472106254638039, 0.0], [0.19491722310029408, -0.2360075551817704, -0.02751711268916876]]	0.951805846273402	[[0.6841038622034967, -0.6841038622034966, 0.0], [-0.7071067811865475, -0.7071067811865476, 0.0], [0.0, 0.0, -0.96746896]]
2	[[0.034229894132735264, 0.2773841392786001, 0.9601491309293217], [-0.1827544195208179, -0.9427759796974285, 0.2788803941677556], [0.9825625356654255, -0.18501754344446375, 0.018422055382213542]]	0.8258486810421329	0.17415131895786704	[[0.028268712921731262, 0.22907732556523921, 0.7929378933817306], [-0.1509274963158881, -0.7785902993513263, 0.23031300569195112], [0.8114479741207055, -0.1527964942232659, 0.015213830139486182]]	0.9197598604250357	0.12641706819647958	[[0.0, 0.2481586833086413, 0.870945156007169], [-0.1758937154269662, -0.820895419286375, 0.25650299241501384], [0.9032484180671003, -0.17017170993466293, 0.0]]	[[-0.03148328264988831, -0.006968113918362571, -0.012161474643603155], [-0.007803536036440323, 0.046232084212208174, 0.0], [-0.0004731625954006967, 0.0, -0.016943867087087]]	0.3453011670456555	[[0.0, 0.0, 0.9836], [0.0, -1.0, 0.0], [0.9836, 0.0, 0.0]]
2	[[0.8489524140446696, -0.5135124485683378, 0.12483895166604869], [0.522794976890395, 0.7815435453534784, -0.34040431673891397], [0.0772347773085365, 0.35425224329800037, 0.9319550081910795]]	0.22104471807591952	0.7789552819240807	[[0.18765644702237527, -0.11350921442226333, 0.027594990875915104], [0.11556106827824421, 0.1727560726467141, -0.07524457622537924], [0.017072339575821854, 0.07830558724756854, 0.20600373204503844]]	0.0	0.43212501470132936	[[0.6955102299750882, -0.695510229975088, 0.0], [0.7071067811865474, 0.7071067811865475, 0.0], [0.0, 0.0, 0.9835999999999997]]	[[0.6955102299750882, -0.695510229975088, 0.0], [0.7071067811865474, 0.7071067811865475, 0.0], [0.0, 0.0, 0.9835999999999998]]	0.43212501470132936	[[0.6955102299750883, -0.6955102299750882, 0.0], [0.7071067811865475, 0.7071067811865476, 0.0], [0.0, 0.0, 0.9836]]
2	[[-0.30792515101507295, 0.09349718223056193, 0.9468053539599837], [0.3027085282091916, -0.9338174967034747, 0.1906631317268273], [0.9019698710720718, 0.34531602882779927, 0.2592434992682147]]	0.623109661441382	0.3768903385586182	[[-0.1918711365982885, 0.05825899756540863, 0.5899635635568932], [0.18862060852784845, -0.5818707042189408, 0.11880403945965697], [0.5620261409940456, 0.21516975381317252, 0.16153712905989645]]	0.8170578902036092	0.27001933205161477	[[-0.12846721859852814, 0.1507150391249002, 0.782497852862587], [0.2916302203303043, -0.8146754523080196, 0.1557828161483343], [0.7280585319628069, 0.28214318596753035, 0.12846721859852814]]	[[0.12312545563047507, 0.07432242867161487, 0.008903067922561379], [0.04429982892506249, -0.05169249861626294, 0.0], [-0.008903067922561379, 0.0, -0.0833497279625603]]	0.46881610509462956	[[0.0, 0.0, 0.9836], [0.0, -1.0, 0.0], [0.9836, 0.0, 0.0]]
2	[[0.5319609947059123, -0.8460851799387872, 0.03402011756955908], [-0.703274286200726, -0.4190807785627857, 0.5742617690636116], [-0.47161719485230363, -0.3294103357928521, -0.8179645788128509]]	0.15913776225256793	0.8408622377474323	[[0.08465508230314901, -0.13464410221051987, 0.0054138853815889065], [-0.11191749615575558, -0.06669157730354565, 0.09138673287598409], [-0.07505210502862893, -0.052421623700941465, -0.1301690526741413]]	0.4762901792436486	0.8067411409719246	[[0.22119561676655486, -0.5544682116772675, 0.2383146070039694], [-0.3743350118590843, -0.3959297152681121, 0.01105507593288257], [0.1662842905667506, -0.15689490787948795, -0.3648230977688953]]	[[-0.03217218075255364, -0.15148614966882798, 0.22211115910887408], [-0.03937237602709154, -0.1963256561288751, -0.2624601649871997], [0.390910928837341, 0.0, 0.024765398088832817]]	0.6545750162342322	[[0.6841038622034967, -0.6841038622034966, 0.0], [-0.7071067811865475, -0.7071067811865476, 0.0], [0.0, 0.0, -0.96746896]]
2	[[-0.3195682178843842, -0.5708200961323295, -0.7563336379995778], [0.910087742671785, 0.03735879733279218, -0.41272826520656647], [0.2638493031197415, -0.8202248094963509, 0.507557688474819]]	0.12300690519101085	0.876993094808989	[[-0.03930909747936476, -0.07021481344607317, -0.09303426010218632], [0.11194707667832932, 0.004595390041564992, -0.05076842658791451], [0.03245528621356433, -0.10089331537703257, 0.06243310046519067]]	0.38183589905834237	1.0844771865185052	[[-0.20265554167800862, -0.29859252849891005, 0.19522707065235229], [0.5450739727327235, -0.08027965123135902, -0.15759446821193926], [0.2728490074102033, -0.0414157034931601, 0.07977157176138387]]	[[-0.0806329238916526, -0.08063292389165258, 0.48402240530598784], [0.19756980128766516, -0.09454458119866409, 0.0], [0.17210187153755974, 0.27177557407083663, -0.11403217454137266]]	0.9941829864197153	[[1.9317787638300718e-16, -0.96746896, 0.0], [1.0, 1.7938038903913487e-16, 0.0], [0.0, 0.0, 0.96746896]]
2	[[-0.42203838922340475, -0.825029846081567, 0.3757783270710803], [0.2588054115689476, 0.28760896992378115, 0.9221175843470338], [-0.8688517462515349, 0.4864224845687207, 0.09214016247897017]]	0.11081311039307681	0.8891868896069234	[[-0.04676738661512946, -0.09142412341141988, 0.04164116524105335], [0.02867903264251548, 0.031870844534203004, 0.10218271766964518], [-0.09628016447258891, 0.05390198848018835, 0.010210337996418165]]	0.3551151530472782	1.1507125738688457	[[-0.23790396145283457, -0.4859835039963013, 0.31251181351455104], [0.1828975152324749, 0.008037743299756997, 0.03697352932128465], [0.1908679788290005, 0.17273599505325854, -0.09177530462607922]]	[[-0.08803173427193851, -0.19300290393647312, 0.17906723538485425], [0.09099179189370427, -0.09409656007249655, -0.2904843977716987], [0.49941039967450923, 0.0, -0.12449567252659983]]	1.0000000000000002	[[0.0, 0.0, 0.0], [0.0, 0.0, 0.0], [0.0, 0.0, 0.0]]
2	[[-0.5446221603179724, 0.8109226453022452, -0.2139887049042392], [-0.8354447797583356, -0.5021691245819775, 0.22328947644507607], [0.07361197229480154, 0.30038414347728, 0.9509735242804028]]	0.2520176962507475	0.7479823037492525	[[-0.13725442217044065, 0.20436685690663392, -0.05392894043364736], [-0.2105468687394089, -0.12655550590540457, 0.05627289945072362], [0.018551519674209746, 0.0757021198293981, 0.23966215678460145]]	0.6100414949889285	0.584537485817767	[[-0.25879066338863616, 0.5477063406876058, 0.14309176990494268], [-0.615052216439383, -0.5157957757909245, 0.13621584602584935], [0.1943669471913705, 0.007995374472169723, 0.5051660222841554]]	[[0.07345145349583956, 0.053009877827047545, 0.2736337593554694], [-0.10539623401491195, -0.20945177229365353, 0.0], [0.14946058956356614, -0.17525141748567893, -0.07496728816275146]]	0.38947466629861893	[[-0.6841038622034967, 0.6841038622034966, 0.0], [-0.7071067811865475, -0.7071067811865476, 0.0], [0.0, 0.0, 0.96746896]]
2	[[-0.8305561570912853, 0.32773595720904825, 0.4502950280316503], [-0.5100865793185324, -0.772219296347621, -0.37879947194723407], [0.22358030216652452, -0.5443036842615101, 0.808545204538665]]	0.19773455002369383	0.802265449976306	[[-0.16422964799185366, 0.0648047220253157, 0.08903888474574496], [-0.1008617402346752, -0.15269443508291036, -0.07490174313469916], [0.0442095504430592, -0.10762764408368843, 0.15987732219326845]]	0.5433133905885832	0.6328775019574826	[[-0.4154949170774574, 0.17292924449051494, 0.4309924235521906], [-0.34971258828511553, -0.5973927332567414, -0.06524799437287697], [0.34939407028529584, -0.26012126038226147, 0.2900527136488096]]	[[0.03575736470603282, -0.005134089638527916, 0.18634110510713356], [-0.07257571938183141, -0.17783564908018526, 0.14055883108393968], [0.2279198982463814, 0.03560621982371728, -0.1492407228732321]]	0.6807379345794266	[[-0.6841038622034967, 0.6841038622034966, 0.0], [-0.7071067811865475, -0.7071067811865476, 0.0], [0.0, 0.0, 0.96746896]]
2	[[0.04673222253661188, -0.9725397674033924, -0.22799671093185395], [-0.8377629715199755, -0.16246744520517667, 0.5213036857710898], [-0.5440306084466285, 0.16664552219444034, -0.8223502702654952]]	0.18419385768522803	0.8158061423147719	[[0.008607788347223103, -0.17913585151032524, -0.04199559372608202], [-0.15431079355010408, -0.029925505480604908, 0.09602093690770494], [-0.10020709646862629, 0.030695081598963257, -0.1514718686486915]]	0.4827114414107379	0.8977540273672067	[[-0.07616473462549872, -0.6015359038716288, 0.11808573406554766], [-0.3022847385097156, -0.20366021629692155, 0.004469384350745142], [0.08655674641515668, 0.08044170022312343, -0.5365731669648075]]	[[-0.09872291312647404, -0.13207983091907377, 0.22814235503637023], [0.10211303303323475, -0.1252353216396107, -0.24716986922054798], [0.34916654558998955, 0.0, -0.13961528266044043]]	0.8702695031266965	[[0.6841038622034967, -0.6841038622034966, 0.0], [-0.7071067811865475, -0.7071067811865476, 0.0], [0.0, 0.0, -0.96746896]]
