2	[[0.3802729664721569, 0.7767473726770865, -0.5020517802076895], [0.4287143634067757, 0.332951791095048, 0.839849450446521], [0.8195098935212374, -0.5346088512602871, -0.20639019011321075]]	0.12064928692413629	0.8793507130758642	[[0.04587966224139172, 0.09371401663368682, -0.06057218928105096], [0.0517240822391625, 0.040170396175731496, 0.1013272373200005], [0.09887328428061218, -0.06450017668788528, -0.02490082926529579]]	0.3951772897872846	0.9541007271677642	[[0.13456038174158996, 0.30186895790539336, 0.10329483639146272], [0.266525058723158, -0.2740463370080798, 0.328287597029946], [0.5392465899812556, 0.0, -0.08462091198407977]]	[[-0.015714858528247992, -0.005083963678531598, 0.301694298226819], [0.09710687849918734, -0.4056213234428431, -0.00360183262685062], [0.21539489130566672, 0.21126527693733385, -0.003060196016458752]]	1.0000000000000007	[[0.0, 0.0, 0.0], [0.0, 0.0, 0.0], [0.0, 0.0, 0.0]]
2	[[0.5319609947059123, -0.8460851799387872, 0.03402011756955908], [-0.703274286200726, -0.4190807785627857, 0.5742617690636116], [-0.47161719485230363, -0.3294103357928521, -0.8179645788128509]]	0.14428442690017354	0.8557155730998265	[[0.07675368725438883, -0.12207691529619813, 0.004908573166600386], [-0.1014715273381004, -0.06046682995981005, 0.08285703024002301], [-0.06804701667553208, -0.04752878151486539, -0.118019550478654]]	0.4423319518738368	0.8331560597628486	[[0.21017603979698596, -0.4629693636455323, 0.2159436699846098], [-0.38137095641131824, -0.397081209996431, 0.0], [0.11174570230431428, -0.1357333822475986, -0.3052588669233963]]	[[-0.025127305312027927, -0.08871885455168219, 0.20089548497708926], [-0.07029026869347188, -0.21170839122194685, -0.2540143291964298], [0.3203570566405973, 0.00997533455106967, 0.056553001786552703]]	0.7138615216201791	[[0.5732657227806429, -0.5732657227806428, 0.0], [-0.7071067811865475, -0.7071067811865476, 0.0], [0.0, 0.0, -0.8107201600000001]]
2	[[0.08740825448676931, -0.06334395238859675, -0.994156597696443], [0.7119981850616444, -0.6940087028176986, 0.10681996481098455], [-0.6967197295301035, -0.717174639895393, -0.015561310176609944]]	0.14238149389323237	0.8576185061067678	[[0.01244531785242603, -0.00901900657019017, -0.14154950154383278], [0.10137536523834706, -0.09881399588208825, 0.015209186167410493], [-0.09919999591538495, -0.10211239661064703, -0.002215642589881689]]	0.427557209886909	1.0217237304805167	[[0.05691767590496837, -0.014184431605120274, -0.0012763823187264545], [0.6354883256537445, -0.6359955707469166, 0.03747286818609881], [0.006471970935414623, -0.011673830179287845, 0.02098836799801901]]	[[0.01954564649552039, 0.01289873194135738, 0.42378243878302696], [0.3310683682042446, -0.3392671461329482, -0.00819877792870354], [0.30435951456646754, 0.29495935785603505, 0.02764171835931508]]	0.8463690456277865	[[0.0, 0.0, -0.8107201600000001], [0.0, -1.0, 0.0], [-0.8107201600000001, 0.0, 0.0]]
2	[[-0.30792515101507295, 0.09349718223056193, 0.9468053539599837], [0.3027085282091916, -0.9338174967034747, 0.1906631317268273], [0.9019698710720718, 0.34531602882779927, 0.2592434992682147]]	0.5058737604021115	0.4941262395978886	[[-0.15577125406638298, 0.04729777116197584, 0.4789639847765892], [0.1531323014709724, -0.4723937685866732, 0.09645147541669327], [0.4562828904486367, 0.17468631803024276, 0.13114448383461383]]	0.7502332532959898	0.3504733522139389	[[-0.0705523148324143, 0.11596688849344856, 0.7231434469051978], [0.3195523936677874, -0.8083872021611496, 0.14304182159901951], [0.6638692047836269, 0.25906756772273165, 0.0705523148324143]]	[[0.16046337298528285, 0.04582219329460609, 0.012818585965738073], [0.09245038974896472, -0.10780626362458462, 0.0], [-0.012818585965738073, 0.0, -0.123940779019415]]	0.487797321096719	[[0.0, 0.0, 0.9004000000000001], [0.0, -1.0, 0.0], [0.9004000000000001, 0.0, 0.0]]
2	[[-0.5446221603179724, 0.8109226453022452, -0.2139887049042392], [-0.8354447797583356, -0.5021691245819775, 0.22328947644507607], [0.07361197229480154, 0.30038414347728, 0.9509735242804028]]	0.2258295381900742	0.7741704618099259	[[-0.12299177095268823, 0.1831302864964794, -0.048324970406416395], [-0.18866810879613316, -0.1134046214976618, 0.05042535934829498], [0.016623757708595602, 0.06783561240109513, 0.2147579118192307]]	0.5800316582298068	0.5808596632103713	[[-0.31629668270106964, 0.5104958238183364, 0.13010652349420476], [-0.6023705626759173, -0.4174542144943038, 0.12951496528770284], [0.16624569522592392, 0.017752714852794203, 0.4948352646165459]]	[[-0.0003985879431365139, 0.040135017167573575, 0.25422674684225943], [-0.11778614171325434, -0.12618022445120908, 0.0], [0.12354842087020357, -0.15647959799427272, -0.05675948560445956]]	0.45213764215052393	[[-0.5732657227806429, 0.5732657227806428, 0.0], [-0.7071067811865475, -0.7071067811865476, 0.0], [0.0, 0.0, 0.8107201600000001]]
2	[[0.034229894132735264, 0.2773841392786001, 0.9601491309293217], [-0.1827544195208179, -0.9427759796974285, 0.2788803941677556], [0.9825625356654255, -0.18501754344446375, 0.018422055382213542]]	0.7075276632711204	0.2924723367288796	[[0.024218597009752017, 0.19625695189225895, 0.67933207099822], [-0.12930380739603428, -0.6670400859034631, 0.19731559361764112], [0.6951901748771054, -0.13090503017742444, 0.01303411379722871]]	0.8472123381049957	0.23711245044628437	[[0.005447833580354376, 0.19699742418302285, 0.7580141895797804], [-0.1866258167203741, -0.8192636200936442, 0.23627091079450704], [0.7724290058880916, -0.15674914557202674, -0.007704400134888735]]	[[-0.023552155060926738, -0.0380058410084417, -0.05543600056432978], [-0.031794017659120696, -0.020532178024957635, 0.0], [-0.06001009728738676, 0.0, -0.023311792747953593]]	0.38337837757941357	[[0.0, 0.0, 0.9004000000000001], [0.0, -1.0, 0.0], [0.9004000000000001, 0.0, 0.0]]
2	[[0.8787972042104137, -0.3840163418041313, 0.28327887866788265], [-0.395223040501579, -0.9183905790867732, -0.018907472103605397], [0.2674214316928388, -0.09534250611366366, -0.9588511794847616]]	0.5246286505962113	0.47537134940378867	[[0.46104219139263264, -0.2014659752075949, 0.14861621585793913], [-0.20734533042287517, -0.4818140102265669, -0.009919401575900011], [0.1402969448495209, -0.0500194103268724, -0.5030408004156763]]	0.7781268242028504	0.3868615417236102	[[0.5320574045731298, -0.22775884472876667, 0.22715199910306047], [-0.3519488437109864, -0.8403752588309245, -0.014712411221682457], [0.20136268448545175, -0.07418856149376594, -0.614480704892219]]	[[-0.15175827305746317, 0.07105457176127832, 0.006725104881476366], [-0.04441519435369821, -0.12575091414831696, 0.0], [-0.006725104881476366, 0.0, 0.13162711828341594]]	0.5172748577443492	[[0.9004000000000001, 0.0, 0.0], [0.0, -1.0, 0.0], [0.0, 0.0, -0.9004000000000001]]
2	[[0.04673222253661188, -0.9725397674033924, -0.22799671093185395], [-0.8377629715199755, -0.16246744520517667, 0.5213036857710898], [-0.5440306084466285, 0.16664552219444034, -0.8223502702654952]]	0.17004642296459765	0.8299535770354023	[[0.007946647279536423, -0.16537690863776872, -0.038770025141655146], [-0.14245859659916388, -0.02762700790533705, 0.08864582704363444], [-0.09251045894960283, 0.02833747495223205, -0.13983772188261762]]	0.4478135997583212	0.8549506767817282	[[-0.043757021691453395, -0.5256309704345227, 0.08533542514112098], [-0.31087850121812227, -0.17647647252614312, 0.0], [0.060341257792723646, 0.06034125779272363, -0.45973711486961505]]	[[-0.06468434649028051, -0.09011443628548915, 0.18743545299657186], [0.06428315080246573, -0.1037213410452752, -0.23344688009243242], [0.30396556293991817, -0.01428487338477389, -0.09147748007979521]]	0.9002409972026053	[[0.5732657227806429, -0.5732657227806428, 0.0], [-0.7071067811865475, -0.7071067811865476, 0.0], [0.0, 0.0, -0.8107201600000001]]
2	[[-0.3195682178843842, -0.5708200961323295, -0.7563336379995778], [0.910087742671785, 0.03735879733279218, -0.41272826520656647], [0.2638493031197415, -0.8202248094963509, 0.507557688474819]]	0.10954484165176243	0.8904551583482374	[[-0.035007049825080794, -0.06253039704245983, -0.08285244861056518], [0.09969541766019062, 0.004092463538120976, -0.04521225245725995], [0.02890333013017997, -0.08985139687512476, 0.05560032661310861]]	0.34871660070000304	1.07845502949476	[[-0.04975356257370493, -0.2607396235932102, 0.17702646821112472], [0.5335129307805354, -0.22490180684186672, -0.14392519765564318], [0.22321764540728556, -0.04910348084932881, 0.0897577735476565]]	[[0.0616851800586954, -0.06168518005869539, 0.4407725634494041], [0.21615022681729146, -0.23792943965399843, 0.0], [0.13120901332630458, 0.2369225265280462, -0.08723601823643343]]	0.9514748109632205	[[1.6187930086117887e-16, -0.8107201600000001, 0.0], [1.0, 1.7938038903913487e-16, 0.0], [0.0, 0.0, 0.8107201600000001]]
2	[[0.8592155572171323, 0.2624339665249735, -0.4391776855101157], [-0.4266000482917053, 0.8413623931712975, -0.33184593135155627], [0.2824199444684594, 0.4724804086637203, 0.8348660002631537]]	0.16056999863791965	0.8394300013620805	[[0.1379642408520343, 0.042139021647458856, -0.07051876036416403], [-0.06849916917313555, 0.13509755832551198, -0.05328450074511857], [0.04534817009862187, 0.07586617857557729, 0.13405443252510002]]	0.0	0.6903939817865663	[[0.6366789457803678, 0.6366789457803675, 0.0], [-0.7071067811865476, 0.7071067811865478, 0.0], [0.0, 0.0, 0.9004000000000002]]	[[0.6366789457803677, 0.6366789457803675, 0.0], [-0.7071067811865476, 0.7071067811865477, 0.0], [0.0, 0.0, 0.9004000000000003]]	0.6903939817865662	[[0.6366789457803675, 0.6366789457803674, 0.0], [-0.7071067811865475, 0.7071067811865476, 0.0], [0.0, 0.0, 0.9004000000000001]]
2	[[0.8489524140446696, -0.5135124485683378, 0.12483895166604869], [0.522794976890395, 0.7815435453534784, -0.34040431673891397], [0.0772347773085365, 0.35425224329800037, 0.9319550081910795]]	0.20380006011926338	0.7961999398807367	[[0.17301655302069746, -0.10465386789021738, 0.02544218585476654], [0.10654564772031143, 0.15927862152886121, -0.06937442021624746], [0.015740452258777682, 0.0721966284815164, 0.18993248669779056]]	0.0	0.4622167817466933	[[0.6366789457803675, -0.6366789457803674, 0.0], [0.7071067811865475, 0.7071067811865476, 0.0], [0.0, 0.0, 0.9004000000000001]]	[[0.6366789457803675, -0.6366789457803674, 0.0], [0.7071067811865475, 0.7071067811865476, 0.0], [0.0, 0.0, 0.9004000000000001]]	0.4622167817466933	[[0.6366789457803675, -0.6366789457803674, 0.0], [0.7071067811865475, 0.7071067811865476, 0.0], [0.0, 0.0, 0.9004000000000001]]
2	[[-0.42203838922340475, -0.825029846081567, 0.3757783270710803], [0.2588054115689476, 0.28760896992378115, 0.9221175843470338], [-0.8688517462515349, 0.4864224845687207, 0.09214016247897017]]	0.10329503410697907	0.8967049658930211	[[-0.04359446980928613, -0.08522148609027116, 0.038816035111470804], [0.026733313815085202, 0.029708578357749975, 0.09525016732577202], [-0.08974807076296062, 0.05024502713392751, 0.00951762122588782]]	0.32874036544512897	1.1207774509856396	[[-0.2211967680808568, -0.4251685883409895, 0.26666876716599947], [0.18678653698771847, 0.0197021996276269, 0.01154012054023342], [0.14196708903077623, 0.15990670533784893, -0.08631979803121205]]	[[-0.0824557137756811, -0.1539479752369965, 0.14313526259829334], [0.10170675140936555, -0.0748464782504141, -0.29159715112139006], [0.42759372961114434, 0.0, -0.11660998871672225]]	1.0000000000000002	[[0.0, 0.0, 0.0], [0.0, 0.0, 0.0], [0.0, 0.0, 0.0]]
2	[[-0.8305561570912853, 0.32773595720904825, 0.4502950280316503], [-0.5100865793185324, -0.772219296347621, -0.37879947194723407], [0.22358030216652452, -0.5443036842615101, 0.808545204538665]]	0.17709849210886014	0.8229015078911398	[[-0.14709024303259616, 0.058041543831576385, 0.0797465704685222], [-0.09033556404227858, -0.13675887296052863, -0.06708481529348762], [0.0395957343789348, -0.09639536173201055, 0.14319213652564744]]	0.5023980597850183	0.6797632443371459	[[-0.3539576894766859, 0.1324753445592925, 0.38362036916937436], [-0.3566121211275757, -0.6079330632699892, -0.053602140543914344], [0.30198883428244805, -0.2405322945994547, 0.24672898648909466]]	[[0.06331211238847666, -0.032178564464319104, 0.15739302075543285], [-0.10034561335556819, -0.21997158705639228, 0.1367059792099655], [0.189662524267838, 0.032924820307365175, -0.1594825555196113]]	0.6908680478384461	[[-0.5732657227806429, 0.5732657227806428, 0.0], [-0.7071067811865475, -0.7071067811865476, 0.0], [0.0, 0.0, 0.8107201600000001]]
2	[[0.22433838825039393, -0.7661379269479729, -0.6022499185961573], [-0.9416906372873723, -0.011392912655017143, -0.3362869982418849], [0.2507808429735371, 0.642575192824231, -0.724020780340167]]	0.13328964244777797	0.866710357552222	[[0.029901983557205795, -0.10211825034857713, -0.08027367631388513], [-0.12551760834045406, -0.0015185572542260328, -0.04482357375549737], [0.033426488892695116, 0.08564861769735374, -0.09650447093630209]]	0.3871740348696419	0.870236152432315	[[0.017372437175101722, -0.293877722534058, 0.09865283779062006], [-0.4498749854694116, -0.12092320369319598, -0.13020159398351078], [0.2610401526444879, 0.04343265782219073, -0.3118548988411921]]	[[-0.06948556177995559, 0.0027509899090516904, 0.33182836877340766], [-0.08527682183189515, -0.11651216373163559, 0.0], [0.16394432180241342, -0.20535577229070498, -0.03153285198742288]]	0.9713891069355003	[[0.5732657227806429, -0.5732657227806428, 0.0], [-0.7071067811865475, -0.7071067811865476, 0.0], [0.0, 0.0, -0.8107201600000001]]
