2	[[0.8489524140446696, -0.5135124485683378, 0.12483895166604869], [0.522794976890395, 0.7815435453534784, -0.34040431673891397], [0.0772347773085365, 0.35425224329800037, 0.9319550081910795]]	0.21939155875928446	0.7806084412407155	[[0.18625299342971757, -0.1126602965337045, 0.027388612199889417], [0.11469680489150788, 0.17146405665335723, -0.07468183365773953], [0.016944658184146033, 0.07771995185112159, 0.20446306194056266]]	0.0	0.4349246899221586	[[0.6894291116568839, -0.6894291116568838, 0.0], [0.7071067811865475, 0.7071067811865476, 0.0], [0.0, 0.0, 0.9750000000000001]]	[[0.6894291116568839, -0.6894291116568838, 0.0], [0.7071067811865475, 0.7071067811865476, 0.0], [0.0, 0.0, 0.9750000000000001]]	0.4349246899221586	[[0.6894291116568839, -0.6894291116568838, 0.0], [0.7071067811865475, 0.7071067811865476, 0.0], [0.0, 0.0, 0.9750000000000001]]
2	[[0.8592155572171323, 0.2624339665249735, -0.4391776855101157], [-0.4266000482917053, 0.8413623931712975, -0.33184593135155627], [0.2824199444684594, 0.4724804086637203, 0.8348660002631537]]	0.17608457172814282	0.8239154282718573	[[0.15129460341473633, 0.04621057260246777, -0.07733241466560574], [-0.07511768680264999, 0.14815093666973328, -0.05843294870176547], [0.049729794969214564, 0.0831965104094891, 0.147007022106725]]	0.0	0.6885951286258942	[[0.6894291116568839, 0.6894291116568839, 0.0], [-0.7071067811865476, 0.7071067811865478, 0.0], [0.0, 0.0, 0.9750000000000004]]	[[0.689429111656884, 0.6894291116568839, 0.0], [-0.7071067811865476, 0.7071067811865477, 0.0], [0.0, 0.0, 0.9750000000000003]]	0.6885951286258942	[[0.6894291116568839, 0.6894291116568838, 0.0], [-0.7071067811865475, 0.7071067811865476, 0.0], [0.0, 0.0, 0.9750000000000001]]
2	[[-0.30792515101507295, 0.09349718223056193, 0.9468053539599837], [0.3027085282091916, -0.9338174967034747, 0.1906631317268273], [0.9019698710720718, 0.34531602882779927, 0.2592434992682147]]	0.6098069752328364	0.39019302476716367	[[-0.18777490493861604, 0.05701523388881228, 0.5773685090325926], [0.18459377196443089, -0.5694484230842451, 0.11626770764675641], [0.5500275188296115, 0.21057612303889522, 0.15808849413752604]]	0.8103209531857402	0.27802053030834023	[[-0.12210715342929367, 0.14686997556299694, 0.7765848429880762], [0.2943503627929591, -0.8140807837273449, 0.15449833063826107], [0.7215164595860802, 0.27981681363005684, 0.12210715342929367]]	[[0.12741104845110324, 0.07110724973774715, 0.009368626085860109], [0.04905929967703447, -0.05738889969706365, 0.0], [-0.009368626085860109, 0.0, -0.0879632860049328]]	0.4703186489186853	[[0.0, 0.0, 0.9750000000000001], [0.0, -1.0, 0.0], [0.9750000000000001, 0.0, 0.0]]
2	[[0.5319609947059123, -0.8460851799387872, 0.03402011756955908], [-0.703274286200726, -0.4190807785627857, 0.5742617690636116], [-0.47161719485230363, -0.3294103357928521, -0.8179645788128509]]	0.1575502555784948	0.8424497444215054	[[0.0838105906737068, -0.1333009363405327, 0.005359878217894437], [-0.1108010435327079, -0.06602628377060149, 0.09047508848493058], [-0.07430340958419326, -0.051898682594361645, -0.1288705284461205]]	0.4731989466191104	0.8139226003627149	[[0.28314058784473745, -0.5460423802085023, 0.23614945201859103], [-0.37641814323112877, -0.4628381016790334, 0.008770479999914415], [0.16029836227250882, -0.15587662390262502, -0.3585981240208401]]	[[0.031417205507445575, -0.1456757643114277, 0.22005116822081733], [-0.04362949181663836, -0.26452951871480646, -0.2629695842046134], [0.3834671220840786, 0.0, 0.028461853045145202]]	0.6605034098268991	[[0.6721933838654619, -0.6721933838654618, 0.0], [-0.7071067811865475, -0.7071067811865476, 0.0], [0.0, 0.0, -0.9506250000000002]]
2	[[0.08740825448676931, -0.06334395238859675, -0.994156597696443], [0.7119981850616444, -0.6940087028176986, 0.10681996481098455], [-0.6967197295301035, -0.717174639895393, -0.015561310176609944]]	0.1659415295494941	0.8340584704505061	[[0.014504659444785909, -0.010511392347074055, -0.16497186643346878], [0.11815006786559298, -0.11516486566622922, 0.01772586834715791], [-0.11561473758553517, -0.11900905669834914, -0.002582267612500754]]	0.46430221770840713	1.0278320112738075	[[0.06426252471064192, -0.01576603341708683, 0.0005054051298291132], [0.6348575463603047, -0.6370601237457308, 0.0390416126705579], [0.010356742983526294, -0.013330699591033899, 0.02626155717455192]]	[[0.02367867830641404, 0.01364470415535441, 0.46209451818973235], [0.3042752100318223, -0.31483034391853854, -0.01055513388671624], [0.333845258525555, 0.31965507619662537, 0.03348670800000032]]	0.7994702152006932	[[0.0, 0.0, -0.9506250000000002], [0.0, -1.0, 0.0], [-0.9506250000000002, 0.0, 0.0]]
2	[[0.034229894132735264, 0.2773841392786001, 0.9601491309293217], [-0.1827544195208179, -0.9427759796974285, 0.2788803941677556], [0.9825625356654255, -0.18501754344446375, 0.018422055382213542]]	0.823475914945008	0.17652408505499198	[[0.02818749338942493, 0.22841915788367878, 0.7906596840756774], [-0.15049386282514937, -0.7763533124695164, 0.22965128774751703], [0.8091165830477735, -0.15235749086880757, 0.015170118911035908]]	0.9125858381106731	0.1285378251211596	[[0.0, 0.24193624726840798, 0.8598910444257812], [-0.17761408541690338, -0.8210115333639486, 0.2545022982442161], [0.8901666830263354, -0.1688443899494438, 0.0]]	[[-0.031237716625561823, -0.011200589953760956, -0.016327454934587947], [-0.010834990310068238, 0.0393524742188403, 0.0], [-0.006505972080045008, 0.0, -0.016811706850698577]]	0.34899993141580127	[[0.0, 0.0, 0.9750000000000001], [0.0, -1.0, 0.0], [0.9750000000000001, 0.0, 0.0]]
2	[[0.04673222253661188, -0.9725397674033924, -0.22799671093185395], [-0.8377629715199755, -0.16246744520517667, 0.5213036857710898], [-0.5440306084466285, 0.16664552219444034, -0.8223502702654952]]	0.18280519484067526	0.8171948051593245	[[0.008542893046143099, -0.17778532167048214, -0.04167898316493066], [-0.15314742323901215, -0.029699892975999065, 0.09529702184854622], [-0.09945162137637711, 0.03046366715408074, -0.15032990138316582]]	0.479521809448989	0.8949525080614289	[[0.129258816238444, -0.5949481084919074, 0.11520015720183582], [-0.301708348694645, -0.4141154588978528, 0.002303875713591761], [0.08300746236309911, 0.07991016233924969, -0.5285860663874075]]	[[0.10684969632811503, -0.12859407946553383, 0.2245295525762965], [0.1000172672979753, -0.3362087755965121, -0.24767261095978838], [0.3438820041210609, 0.0, -0.13425117678883192]]	0.8728258349616752	[[0.6721933838654619, -0.6721933838654618, 0.0], [-0.7071067811865475, -0.7071067811865476, 0.0], [0.0, 0.0, -0.9506250000000002]]
2	[[0.8787972042104137, -0.3840163418041313, 0.28327887866788265], [-0.395223040501579, -0.9183905790867732, -0.018907472103605397], [0.2674214316928388, -0.09534250611366366, -0.9588511794847616]]	0.6271981959467362	0.37280180405326396	[[0.551180021083807, -0.24085435679361633, 0.17767200165031038], [-0.2478831779991742, -0.5760129143777023, -0.011858732393294548], [0.1677262395152418, -0.05979864783153051, -0.6013897299542426]]	0.8369436957548552	0.30024310067862436	[[0.6088589175136465, -0.265045384391684, 0.24386339380460642], [-0.34622257316342236, -0.8490500411066145, -0.01582448957977333], [0.21704175920204158, -0.07979630942929954, -0.7114527049770853]]	[[-0.1266448623972514, 0.056354671948125316, 0.006774922163017451], [-0.015443140998559996, -0.08040883569928897, 0.0], [-0.006774922163017451, 0.0, 0.09105174485979306]]	0.47831323195786835	[[0.6721933838654619, -0.6721933838654618, 0.0], [-0.7071067811865475, -0.7071067811865476, 0.0], [0.0, 0.0, -0.9506250000000002]]
2	[[-0.5446221603179724, 0.8109226453022452, -0.2139887049042392], [-0.8354447797583356, -0.5021691245819775, 0.22328947644507607], [0.07361197229480154, 0.30038414347728, 0.9509735242804028]]	0.24933750534047386	0.7506624946595261	[[-0.13579473080682275, 0.20219342940375978, -0.05335540985186185], [-0.20830771723466507, -0.12520959678227989, 0.05567444102559577], [0.018354225535177904, 0.07489703297845997, 0.23711336618891418]]	0.6071626472308124	0.5841018702117586	[[-0.25845614699127056, 0.5439667630295535, 0.14174765825783167], [-0.613835663653735, -0.5137399631626047, 0.13557302961717452], [0.19136202391068713, 0.009099436832165061, 0.5044153618661208]]	[[0.07221808560795333, 0.05160482300842929, 0.27167360680498265], [-0.10658479956050088, -0.2088416281238317, 0.0], [0.14666758394429416, -0.1732825949076604, -0.07298024058238385]]	0.39478901941135364	[[-0.6721933838654619, 0.6721933838654618, 0.0], [-0.7071067811865475, -0.7071067811865476, 0.0], [0.0, 0.0, 0.9506250000000002]]
2	[[0.3802729664721569, 0.7767473726770865, -0.5020517802076895], [0.4287143634067757, 0.332951791095048, 0.839849450446521], [0.8195098935212374, -0.5346088512602871, -0.20639019011321075]]	0.12830104793040578	0.8716989520695947	[[0.048789420097981775, 0.09965750189165963, -0.06441376951597232], [0.05500450208790614, 0.04271806370780022, 0.10775356459606404], [0.10514397812811001, -0.06859087584956527, -0.026480077674080615]]	0.4256347565300662	0.9455911908801308	[[0.14326179924703086, 0.32105530406234317, 0.13626190058296975], [0.2846849822912586, -0.2644217039964624, 0.3278560017857272], [0.616171481636485, 0.0, -0.06154869955545121]]	[[-0.018595592252311728, -0.009555374792437201, 0.34995258781715594], [0.10220924860167334, -0.4061375585354525, -0.029613114576987693], [0.2673595876335927, 0.2275481082449907, 0.026298138763579296]]	1.0000000000000007	[[0.0, 0.0, 0.0], [0.0, 0.0, 0.0], [0.0, 0.0, 0.0]]
2	[[-0.42203838922340475, -0.825029846081567, 0.3757783270710803], [0.2588054115689476, 0.28760896992378115, 0.9221175843470338], [-0.8688517462515349, 0.4864224845687207, 0.09214016247897017]]	0.11007967744486247	0.8899203225551376	[[-0.04645784975506171, -0.09081901933904343, 0.041365557034754544], [0.02848921622649462, 0.03165990263945899, 0.10150640625115724], [-0.09564291997477456, 0.05354523020325338, 0.010142759365402258]]	0.3525232104932654	1.1470449100399331	[[-0.23627840490522248, -0.47958777853929674, 0.3076228351623159], [0.18327970299197277, 0.009184050188809023, 0.03447409935401408], [0.18547342041300055, 0.1714752159162763, -0.09126224968811025]]	[[-0.08750007698478156, -0.1887456084458581, 0.1751522528694304], [0.09204478841265644, -0.09220478725538336, -0.29059375193229675], [0.4917638274442716, 0.0, -0.12374379558056797]]	1.0000000000000002	[[0.0, 0.0, 0.0], [0.0, 0.0, 0.0], [0.0, 0.0, 0.0]]
2	[[-0.8305561570912853, 0.32773595720904825, 0.4502950280316503], [-0.5100865793185324, -0.772219296347621, -0.37879947194723407], [0.22358030216652452, -0.5443036842615101, 0.808545204538665]]	0.19562685824985754	0.8043731417501425	[[-0.16247909161184332, 0.06411395564431585, 0.08808980161936333], [-0.09978663494750127, -0.1510668348244008, -0.07410335060374243], [0.04373831207939102, -0.10648041968590165, 0.15817315811688748]]	0.5392670028976665	0.637690933020366	[[-0.40879590087374806, 0.16844504253531653, 0.42606216690474075], [-0.3504113365278874, -0.5985275326842453, -0.06409981185712733], [0.34435891686275866, -0.2581839779879949, 0.2853770555246902]]	[[0.03909562869907289, -0.008292144850604817, 0.18323291671839198], [-0.07533847568045957, -0.1820951471631188, 0.14017424407907625], [0.22378943740646234, 0.03534103848986742, -0.15064469363415633]]	0.680399957480134	[[-0.6721933838654619, 0.6721933838654618, 0.0], [-0.7071067811865475, -0.7071067811865476, 0.0], [0.0, 0.0, 0.9506250000000002]]
2	[[-0.3195682178843842, -0.5708200961323295, -0.7563336379995778], [0.910087742671785, 0.03735879733279218, -0.41272826520656647], [0.2638493031197415, -0.8202248094963509, 0.507557688474819]]	0.12163634676330969	0.8783636532366902	[[-0.038871110565117856, -0.0694324711526178, -0.09199766066047221], [0.11069974825266297, 0.004544187627031772, -0.050202758385685164], [0.03209366532753047, -0.09976914935176777, 0.06173746299770701]]	0.37854114264743255	1.081883137586732	[[-0.19951247600039573, -0.2946216490846866, 0.19339469362684883], [0.5439238633108197, -0.07952840346762417, -0.15623462911418623], [0.26746585127464184, -0.042374143759178855, 0.08105523426186156]]	[[-0.07854275764863729, -0.07854275764863727, 0.4796980931778986], [0.19941820929041965, -0.09367024529791328, 0.0], [0.16758803458496607, 0.2681146928553425, -0.11107623309288599]]	0.9885480384501364	[[1.8981458458015667e-16, -0.9506250000000002, 0.0], [1.0, 1.7938038903913487e-16, 0.0], [0.0, 0.0, 0.9506250000000002]]
2	[[0.22433838825039393, -0.7661379269479729, -0.6022499185961573], [-0.9416906372873723, -0.011392912655017143, -0.3362869982418849], [0.2507808429735371, 0.642575192824231, -0.724020780340167]]	0.1489401790449118	0.8510598209550883	[[0.03341299971266062, -0.1141087200127286, -0.08969921070549516], [-0.14025557212249837, -0.0016968624506812774, -0.05008664572862227], [0.03735134365351253, 0.09570526426905969, -0.10783578465610125]]	0.4202468438023821	0.8478636812854516	[[0.1680852799699275, -0.3245128071610692, 0.11730071083281063], [-0.48265594687107466, -0.2839749853672811, -0.14132354962292934], [0.296984361643537, 0.03725679634812655, -0.33229386997682697]]	[[0.07380778036398601, -0.002545761443883701, 0.37039433830308727], [-0.08691342871280257, -0.2791871497822939, 0.0], [0.19159450389780722, -0.23278340034196363, -0.02802642219153391]]	0.9532247931592268	[[0.6721933838654619, -0.6721933838654618, 0.0], [-0.7071067811865475, -0.7071067811865476, 0.0], [0.0, 0.0, -0.9506250000000002]]
