2	[[-0.8305561570912853, 0.32773595720904825, 0.4502950280316503], [-0.5100865793185324, -0.772219296347621, -0.37879947194723407], [0.22358030216652452, -0.5443036842615101, 0.808545204538665]]	0.18802817657943793	0.811971823420562	[[-0.15616795976469955, 0.06162359443353404, 0.08466815304357807], [-0.0959106494069065, -0.14519898621169977, -0.07122497399949239], [0.0420393965354514, -0.10234442925716185, 0.15202928049145387]]	0.5244324496394543	0.6550139706733148	[[-0.38545185664547943, 0.15295977394653787, 0.408470359740617], [-0.3529421925628933, -0.6025155293688892, -0.05988384684916171], [0.3265826593030999, -0.2510816632694977, 0.2690079501775411]]	[[0.05011874338103487, -0.018915596927534733, 0.17232103512951186], [-0.08543623824266544, -0.1975386721264505, 0.13877088814625807], [0.20932989374678, 0.03436885121554619, -0.1550193920829046]]	0.6819990984685526	[[-0.6303953403643024, 0.6303953403643023, 0.0], [-0.7071067811865475, -0.7071067811865476, 0.0], [0.0, 0.0, 0.8915136399999999]]
2	[[-0.5446221603179724, 0.8109226453022452, -0.2139887049042392], [-0.8354447797583356, -0.5021691245819775, 0.22328947644507607], [0.07361197229480154, 0.30038414347728, 0.9509735242804028]]	0.2396851872650165	0.7603148127349834	[[-0.13053786448449106, 0.1943661460967112, -0.051289922807570915], [-0.20024373848595714, -0.12036250066414068, 0.05351917997604556], [0.017643699364426738, 0.07199762968079344, 0.22793426725122107]]	0.5964433983138993	0.5803815143837143	[[-0.3604773600412344, 0.5303818347367478, 0.13693937239634973], [-0.6093058888182429, -0.38996002794101425, 0.13317953413863254], [0.1807865165857713, 0.01287500108000631, 0.5011406042885778]]	[[-0.0356410679441257, 0.046712376402979816, 0.26457152275022433], [-0.11101036527557392, -0.09044456874702382, 0.0], [0.1368811416736713, -0.16628713825519245, -0.06606127623977098]]	0.4163208707182788	[[-0.6303953403643024, 0.6303953403643023, 0.0], [-0.7071067811865475, -0.7071067811865476, 0.0], [0.0, 0.0, 0.8915136399999999]]
2	[[0.8787972042104137, -0.3840163418041313, 0.28327887866788265], [-0.395223040501579, -0.9183905790867732, -0.018907472103605397], [0.2674214316928388, -0.09534250611366366, -0.9588511794847616]]	0.5816774388811713	0.4183225611188288	[[0.511176507041047, -0.22337364218914357, 0.16477693263266407], [-0.2298923259857879, -0.5342070799357901, -0.01099804994894238], [0.15555301348902656, -0.05545858477270829, -0.5577420983508865]]	0.8131175417949433	0.3365261654746162	[[0.5766474366185095, -0.24923983580365708, 0.2371092928758909], [-0.3484101363204367, -0.8455469615202105, -0.015373997238440087], [0.21067478975033133, -0.07752466419971155, -0.6706502704894517]]	[[-0.13791798580533093, 0.06301058805320484, 0.006770267411034109], [-0.02704734916706946, -0.09878747144553889, 0.0], [-0.006770267411034109, 0.0, 0.10900844352037989]]	0.4945185959852947	[[0.6303953403643024, -0.6303953403643023, 0.0], [-0.7071067811865475, -0.7071067811865476, 0.0], [0.0, 0.0, -0.8915136399999999]]
2	[[0.034229894132735264, 0.2773841392786001, 0.9601491309293217], [-0.1827544195208179, -0.9427759796974285, 0.2788803941677556], [0.9825625356654255, -0.18501754344446375, 0.018422055382213542]]	0.7926321982055372	0.2073678017944628	[[0.027131716230772773, 0.21986360006374772, 0.7610451162536442], [-0.1448570372765628, -0.7472745972029519, 0.22104957986561483], [0.7788107025188928, -0.1466508621669738, 0.014601914253068067]]	0.8864386280824662	0.16823855105521712	[[0.0, 0.22039140254483114, 0.8207841687250759], [-0.18396431644287412, -0.8214016037486733, 0.2472103540051627], [0.844139478313888, -0.16400669738209853, 0.0]]	[[-0.030342700394429913, -0.02549261332912687, -0.03032910965048434], [-0.02196373952683281, 0.014311442283418437, 0.0], [-0.02684190780660116, 0.0, -0.01633002149946858]]	0.36269244012772506	[[0.0, 0.0, 0.9441999999999999], [0.0, -1.0, 0.0], [0.9441999999999999, 0.0, 0.0]]
2	[[-0.3195682178843842, -0.5708200961323295, -0.7563336379995778], [0.910087742671785, 0.03735879733279218, -0.41272826520656647], [0.2638493031197415, -0.8202248094963509, 0.507557688474819]]	0.11668609506139054	0.8833139049386094	[[-0.037289167450656434, -0.0666067680002491, -0.08825361878174606], [0.1061945848556062, 0.004359252176953446, -0.04815964958841621], [0.030787544865711766, -0.09570883009260214, 0.05922492468651233]]	0.36649762059784513	1.0732466905580211	[[-0.1884270879077787, -0.2805103034563902, 0.18673948484702424], [0.5397197988961422, -0.07678232215573036, -0.151263927151683], [0.24866525055457436, -0.045496692229119264, 0.0851766364846688]]	[[-0.07130609643445823, -0.07130609643445822, 0.4639339635519814], [0.20617480667166904, -0.09047423248659583, 0.0], [0.15196510876478952, 0.25511374880661414, -0.10084204865749462]]	0.9707352106142193	[[1.7801161469995351e-16, -0.8915136399999999, 0.0], [1.0, 1.7938038903913487e-16, 0.0], [0.0, 0.0, 0.8915136399999999]]
2	[[0.8489524140446696, -0.5135124485683378, 0.12483895166604869], [0.522794976890395, 0.7815435453534784, -0.34040431673891397], [0.0772347773085365, 0.35425224329800037, 0.9319550081910795]]	0.21322596431189117	0.7867740356881089	[[0.18101869713958257, -0.10949418703214424, 0.02661890585267876], [0.11147346308486733, 0.16664537610972965, -0.07258303869258535], [0.016468459870026875, 0.07553577618686681, 0.19871700531683933]]	0.0	0.4455583463961037	[[0.6676502227963377, -0.6676502227963377, 0.0], [0.7071067811865471, 0.7071067811865471, 0.0], [0.0, 0.0, 0.9441999999999994]]	[[0.6676502227963378, -0.6676502227963377, 0.0], [0.7071067811865471, 0.7071067811865472, 0.0], [0.0, 0.0, 0.9441999999999994]]	0.44555834639610387	[[0.6676502227963381, -0.667650222796338, 0.0], [0.7071067811865475, 0.7071067811865476, 0.0], [0.0, 0.0, 0.9441999999999999]]
2	[[-0.30792515101507295, 0.09349718223056193, 0.9468053539599837], [0.3027085282091916, -0.9338174967034747, 0.1906631317268273], [0.9019698710720718, 0.34531602882779927, 0.2592434992682147]]	0.5645337634017359	0.43546623659826417	[[-0.173834144348587, 0.052782316152077034, 0.5345035896799423], [0.17088918464373548, -0.5271715057444007, 0.10763577529570673], [0.5091924457912952, 0.19494255731709983, 0.14635170827932042]]	0.7858801496884582	0.30742668243028837	[[-0.10002695420874219, 0.1335829510975048, 0.7549959598024147], [0.30440029209762276, -0.8118481853972066, 0.14983837050154927], [0.69791979078609, 0.27137701242501483, 0.10002695420874219]]	[[0.14196530956382444, 0.06010537153070173, 0.01092042650650911], [0.06650766863661037, -0.07797955130617848, 0.0], [-0.01092042650650911, 0.0, -0.1037073658019221]]	0.47659984536117683	[[0.0, 0.0, 0.9441999999999999], [0.0, -1.0, 0.0], [0.9441999999999999, 0.0, 0.0]]
2	[[0.04673222253661188, -0.9725397674033924, -0.22799671093185395], [-0.8377629715199755, -0.16246744520517667, 0.5213036857710898], [-0.5440306084466285, 0.16664552219444034, -0.8223502702654952]]	0.17769330193769034	0.8223066980623095	[[0.008304002929417492, -0.17281380253562215, -0.04051348839641422], [-0.14886486865051565, -0.028869376795888618, 0.0926321732369531], [-0.09667059517005222, 0.029611793091860763, -0.14612613487282788]]	0.46695162323426004	0.8785269772034747	[[-0.06009594035696667, -0.567052274230578, 0.10288906700543805], [-0.30429262246041205, -0.19227575629915555, 0.0], [0.07275355698950231, 0.0727535569895023, -0.4998468134148227]]	[[-0.08191762752778228, -0.11292325118169427, 0.20935250126713958], [0.08690215697639757, -0.11641131903787522, -0.243423602268813], [0.32678953269277766, -0.005061840103912518, -0.1158490198472173]]	0.8831007362215397	[[0.6303953403643024, -0.6303953403643023, 0.0], [-0.7071067811865475, -0.7071067811865476, 0.0], [0.0, 0.0, -0.8915136399999999]]
2	[[0.5319609947059123, -0.8460851799387872, 0.03402011756955908], [-0.703274286200726, -0.4190807785627857, 0.5742617690636116], [-0.47161719485230363, -0.3294103357928521, -0.8179645788128509]]	0.1519655026147871	0.8480344973852129	[[0.08083971993194607, -0.1285757596243204, 0.005169884265472199], [-0.10687343037854898, -0.06368582115049008, 0.08726797836820854], [-0.07166954405750632, -0.05005900724526656, -0.12430239834038755]]	0.4617850039971949	0.8158521033886227	[[0.21686268401300748, -0.5163396539237647, 0.22833536804102836], [-0.3841098134618608, -0.39973234092684534, 0.0003349301528509223], [0.13962783228810094, -0.15211675323081955, -0.3367387259480823]]	[[-0.028788926053614064, -0.12563020572376443, 0.21262538791318444], [-0.05934829439753394, -0.2062071219230817, -0.2648505431696252], [0.3574135804981179, 0.0, 0.04098505034857399]]	0.6821390650277942	[[0.6303953403643024, -0.6303953403643023, 0.0], [-0.7071067811865475, -0.7071067811865476, 0.0], [0.0, 0.0, -0.8915136399999999]]
2	[[-0.42203838922340475, -0.825029846081567, 0.3757783270710803], [0.2588054115689476, 0.28760896992378115, 0.9221175843470338], [-0.8688517462515349, 0.4864224845687207, 0.09214016247897017]]	0.10737148443591406	0.892628515564086	[[-0.04531488833985905, -0.08858467927771153, 0.0403478767964663], [0.02778832122020558, 0.030881002037800594, 0.09900913385580021], [-0.0932899017497635, 0.05222790423114905, 0.00989322602153337]]	0.34298926866568685	1.13497364345556	[[-0.23026686636130486, -0.45689104930751767, 0.2903983825374788], [0.18468550415860122, 0.013400510611458315, 0.025280446557514998], [0.16679465115056624, 0.16683769224477188, -0.08932946549123083]]	[[-0.08551222789272482, -0.1739146657726368, 0.16151044895495364], [0.09591802531784574, -0.08524627964439094, -0.29099598932144394], [0.4648014761762851, 0.0, -0.1209325524346303]]	1.0000000000000002	[[0.0, 0.0, 0.0], [0.0, 0.0, 0.0], [0.0, 0.0, 0.0]]
2	[[0.22433838825039393, -0.7661379269479729, -0.6022499185961573], [-0.9416906372873723, -0.011392912655017143, -0.3362869982418849], [0.2507808429735371, 0.642575192824231, -0.724020780340167]]	0.1425639867730104	0.8574360132269896	[[0.03198257501520765, -0.10922367728371242, -0.08585914942878926], [-0.1342511715585047, -0.0016242190490558944, -0.04794241516929146], [0.03575231678060374, 0.09160808129045829, -0.1032192889518003]]	0.4068924052552522	0.8688803888142721	[[0.019159259819177682, -0.31193761483716953, 0.10939198282790583], [-0.4694193531652108, -0.12555525025022024, -0.13683262557070933], [0.2819645845895566, 0.04011704585479328, -0.3242706915973581]]	[[-0.07212232656711172, -0.00020191098403614383, 0.3544429007702762], [-0.08625258475300054, -0.1209195606171573, 0.0], [0.1799237642001143, -0.22134191991081556, -0.02967213482996292]]	0.9595466821767488	[[0.6303953403643024, -0.6303953403643023, 0.0], [-0.7071067811865475, -0.7071067811865476, 0.0], [0.0, 0.0, -0.8915136399999999]]
2	[[0.8592155572171323, 0.2624339665249735, -0.4391776855101157], [-0.4266000482917053, 0.8413623931712975, -0.33184593135155627], [0.2824199444684594, 0.4724804086637203, 0.8348660002631537]]	0.1697699476568644	0.8302300523431357	[[0.14586898017471617, 0.044553400760328106, -0.07455917268111525], [-0.07242386786889864, 0.14283804944914533, -0.05633746639569712], [0.04794641918966491, 0.0802129742477337, 0.1417351571651713]]	0.0	0.6885296682966322	[[0.6676502227963381, 0.667650222796338, 0.0], [-0.7071067811865475, 0.7071067811865476, 0.0], [0.0, 0.0, 0.9441999999999999]]	[[0.6676502227963381, 0.667650222796338, 0.0], [-0.7071067811865475, 0.7071067811865476, 0.0], [0.0, 0.0, 0.9441999999999999]]	0.6885296682966322	[[0.6676502227963381, 0.667650222796338, 0.0], [-0.7071067811865475, 0.7071067811865476, 0.0], [0.0, 0.0, 0.9441999999999999]]
2	[[0.3802729664721569, 0.7767473726770865, -0.5020517802076895], [0.4287143634067757, 0.332951791095048, 0.839849450446521], [0.8195098935212374, -0.5346088512602871, -0.20639019011321075]]	0.1253513001327965	0.874648699867204	[[0.04766771075264021, 0.0973662930398066, -0.06293284338301887], [0.05373990283864352, 0.04173593989530752, 0.10527622052928606], [0.10272663062457675, -0.06701391456797783, -0.025871278665345998]]	0.4133929350160125	0.8664543360987821	[[0.025491254855602212, 0.3134954178772831, 0.1220814547684137], [0.27738593326308464, -0.14004168263827707, 0.3280294735977679], [0.583937798582392, 0.0, -0.07192272659319476]]	[[-0.13171090286156853, -0.007606458279674277, 0.3296261137184845], [0.10015844429083619, -0.27768160077789733, -0.01915835569390459], [0.24515819842498782, 0.22100352210802907, 0.013397519856218218]]	1.0000000000000007	[[0.0, 0.0, 0.0], [0.0, 0.0, 0.0], [0.0, 0.0, 0.0]]
2	[[0.08740825448676931, -0.06334395238859675, -0.994156597696443], [0.7119981850616444, -0.6940087028176986, 0.10681996481098455], [-0.6967197295301035, -0.717174639895393, -0.015561310176609944]]	0.15602179931362573	0.8439782006863744	[[0.013637593139889048, -0.009883037427305506, -0.15511010117211133], [0.11108723794135367, -0.10828048655293267, 0.016666243112427995], [-0.10870346581858942, -0.11189487773858081, -0.0024279036134321197]]	0.4494607426139906	1.0252002057264473	[[0.061204974646945874, -0.015113778310362605, -0.0002843768553243142], [0.6351123209740193, -0.6366301459676518, 0.038407989667707955], [0.008664289048323975, -0.012637256084007313, 0.024003094400636957]]	[[0.021918395674729852, 0.013356841570321298, 0.44654998581991734], [0.315097087976399, -0.3247004790186366, -0.009603391042237501], [0.321812456076743, 0.30970459014729734, 0.030997292428662743]]	0.8185695492759453	[[0.0, 0.0, -0.8915136399999999], [0.0, -1.0, 0.0], [-0.8915136399999999, 0.0, 0.0]]
