2	[[0.034229894132735264, 0.2773841392786001, 0.9601491309293217], [-0.1827544195208179, -0.9427759796974285, 0.2788803941677556], [0.9825625356654255, -0.18501754344446375, 0.018422055382213542]]	0.7615773755484072	0.23842262445159287	[[0.02606871293890834, 0.21124948481055011, 0.7312278552682367], [-0.1391816311885371, -0.717996856348046, 0.21238899868218464], [0.748297397224263, -0.1409051751668481, 0.014029820590193597]]	0.872572620206501	0.1905783572133164	[[0.0, 0.20965377816993938, 0.8007625839822713], [-0.18738350737383466, -0.8215870748345792, 0.2433433962631803], [0.8207328700637736, -0.16144124266750587, 0.0]]	[[-0.029868068412791948, -0.03238402704411372, -0.03703725898172183], [-0.02791700467823647, 0.0010534320377571767, 0.0], [-0.03662429619855051, 0.0, -0.01607458113444735]]	0.3700828267106704	[[0.0, 0.0, 0.9281999999999999], [0.0, -1.0, 0.0], [0.9281999999999999, 0.0, 0.0]]
2	[[-0.8305561570912853, 0.32773595720904825, 0.4502950280316503], [-0.5100865793185324, -0.772219296347621, -0.37879947194723407], [0.22358030216652452, -0.5443036842615101, 0.808545204538665]]	0.18405153035539515	0.8159484696446047	[[-0.15286513175874702, 0.06032030447681559, 0.08287748902065079], [-0.09388221553732454, -0.14212814326274606, -0.06971862250970401], [0.04115029677107051, -0.10017992606641074, 0.14881398225685732]]	0.5165121869115916	0.6640468345739381	[[-0.3737186165804686, 0.14526850096855728, 0.3993706707239323], [-0.3542736241352751, -0.6045330087072227, -0.05762861397910834], [0.3175057268706284, -0.2472896920811962, 0.2607346140766514]]	[[0.05527376047163858, -0.024011115019052027, 0.16678780103988816], [-0.09080768953720689, -0.2056723311753824, 0.13802592967731364], [0.2020237760482424, 0.033849794220752856, -0.15688883773649462]]	0.6844134337509159	[[-0.6092115525708034, 0.6092115525708033, 0.0], [-0.7071067811865475, -0.7071067811865476, 0.0], [0.0, 0.0, 0.8615552399999998]]
2	[[-0.30792515101507295, 0.09349718223056193, 0.9468053539599837], [0.3027085282091916, -0.9338174967034747, 0.1906631317268273], [0.9019698710720718, 0.34531602882779927, 0.2592434992682147]]	0.5423731237237563	0.45762687627624365	[[-0.1670103260291545, 0.050710358785759156, 0.5135217773856531], [0.16418097002264004, -0.5064775126749623, 0.10341055833363337], [0.48920421647807344, 0.1872901332272162, 0.14060670650317897]]	0.7729831559313641	0.32303005883864655	[[-0.088994183665535, 0.1269754851038728, 0.7435202314899784], [0.30981585551844393, -0.8106235289511853, 0.1473793892819604], [0.6855518765630179, 0.2669234737569982, 0.088994183665535]]	[[0.14902677135673797, 0.05470373811260318, 0.01165564093327794], [0.07582726205596463, -0.08879833328540705, 0.0], [-0.01165564093327794, 0.0, -0.11139667455349994]]	0.48039332195363366	[[0.0, 0.0, 0.9281999999999999], [0.0, -1.0, 0.0], [0.9281999999999999, 0.0, 0.0]]
2	[[-0.42203838922340475, -0.825029846081567, 0.3757783270710803], [0.2588054115689476, 0.28760896992378115, 0.9221175843470338], [-0.8688517462515349, 0.4864224845687207, 0.09214016247897017]]	0.10591345061783324	0.894086549382167	[[-0.04469954209584295, -0.08738175786119864, 0.03979997928749485], [0.02741097417783575, 0.03046165843326829, 0.09766465523357525], [-0.09202308652083006, 0.05151868379877296, 0.009758882548635524]]	0.3378792780164073	1.1293758329148371	[[-0.22702526885430085, -0.44522810885337794, 0.2816260641598248], [0.1854389837734482, 0.01566044398659905, 0.020352843612955716], [0.15748842528037738, 0.1643520778970264, -0.0882658999556976]]	[[-0.08442724260828938, -0.1664676201173504, 0.15465835431483477], [0.09799399816579303, -0.0815166671222908, -0.2912115800324537], [0.45105542600714077, 0.0, -0.11939815153040646]]	1.0000000000000002	[[0.0, 0.0, 0.0], [0.0, 0.0, 0.0], [0.0, 0.0, 0.0]]
2	[[0.3802729664721569, 0.7767473726770865, -0.5020517802076895], [0.4287143634067757, 0.332951791095048, 0.839849450446521], [0.8195098935212374, -0.5346088512602871, -0.20639019011321075]]	0.12370328734172432	0.8762967126582761	[[0.04704101603979513, 0.09608620343420306, -0.06210545562745605], [0.0530333760840328, 0.04118723108477247, 0.10389213789237525], [0.10137606783764351, -0.06613287234288046, -0.025531144992087598]]	0.40684934105981907	0.9535453682875166	[[0.14192287712462523, 0.30936812195139574, 0.11503075251647624], [0.27348438862351526, -0.2749635074883788, 0.328122199104306], [0.567456316180723, 0.0, -0.07684169930613682]]	[[-0.012790928707434528, -0.006651034792222709, 0.31929018847188384], [0.09906223236858876, -0.4104247243000856, -0.013569996399312247], [0.23403925600960512, 0.21750525885999464, 0.00712801354263376]]	1.0000000000000007	[[0.0, 0.0, 0.0], [0.0, 0.0, 0.0], [0.0, 0.0, 0.0]]
2	[[0.8787972042104137, -0.3840163418041313, 0.28327887866788265], [-0.395223040501579, -0.9183905790867732, -0.018907472103605397], [0.2674214316928388, -0.09534250611366366, -0.9588511794847616]]	0.5598688211994757	0.4401311788005244	[[0.4920111547946792, -0.2149987766072139, 0.15859901187049674], [-0.22127305779649162, -0.5141782509140156, -0.010585704118507525], [0.14972092172534573, -0.05337929650806067, -0.5368308795638603]]	0.8004875566705877	0.3550880083970235	[[0.5601930099696386, -0.24125857441738469, 0.23352023135441963], [-0.34964209790442474, -0.8436839900145626, -0.015135196147032383], [0.20730851454396862, -0.07632048976577718, -0.6498788289326897]]	[[-0.14327321683769903, 0.06614172875498159, 0.006759013913182356], [-0.03327097187339505, -0.10852375929210537, 0.0], [-0.006759013913182356, 0.0, 0.11766960894377848]]	0.5043217296230412	[[0.6092115525708034, -0.6092115525708033, 0.0], [-0.7071067811865475, -0.7071067811865476, 0.0], [0.0, 0.0, -0.8615552399999998]]
2	[[0.08740825448676931, -0.06334395238859675, -0.994156597696443], [0.7119981850616444, -0.6940087028176986, 0.10681996481098455], [-0.6967197295301035, -0.717174639895393, -0.015561310176609944]]	0.15097501483465936	0.8490249851653405	[[0.01319646251781166, -0.009563354151554354, -0.15009280708519493], [0.10749393655193226, -0.10477797420328477, 0.016127145771976187], [-0.10518727150140728, -0.10827545189724844, -0.0023493690347604346]]	0.44156764774065993	1.0238941450061334	[[0.05963053745848123, -0.014774524934426755, -0.0006645813231909124], [0.6352478169529951, -0.636401472242553, 0.03807101194523751], [0.007834275283605932, -0.012282224948728838, 0.022875027421048952]]	[[0.021033880131641498, 0.01319611512040229, 0.4383228090074851], [0.32085245317970595, -0.329949681827795, -0.009097228648089008], [0.31548316738672255, 0.3043988938091347, 0.02974639855149739]]	0.8286457257699966	[[0.0, 0.0, -0.8615552399999998], [0.0, -1.0, 0.0], [-0.8615552399999998, 0.0, 0.0]]
2	[[0.22433838825039393, -0.7661379269479729, -0.6022499185961573], [-0.9416906372873723, -0.011392912655017143, -0.3362869982418849], [0.2507808429735371, 0.642575192824231, -0.724020780340167]]	0.139201940696704	0.8607980593032961	[[0.03122833901722548, -0.10664788627250746, -0.08383435745301708], [-0.13108516424631816, -0.0015859155517664592, -0.046811802786339465], [0.034909180031471754, 0.08944771388469175, -0.10078509772809326]]	0.3997880487361866	0.8692467598078792	[[0.018496091819856033, -0.3053643038857572, 0.1053999118085158], [-0.4623776882945683, -0.12388636435800551, -0.13444352284247257], [0.2742616759204948, 0.041430457160466894, -0.31987191175534857]]	[[-0.07119171467539, 0.000928482991559898, 0.3461722316156007], [-0.0859010259003139, -0.1193316140382344, 0.0], [0.17400249204768842, -0.21546342534501126, -0.03041705673870214]]	0.9635190488355379	[[0.6092115525708034, -0.6092115525708033, 0.0], [-0.7071067811865475, -0.7071067811865476, 0.0], [0.0, 0.0, -0.8615552399999998]]
2	[[-0.5446221603179724, 0.8109226453022452, -0.2139887049042392], [-0.8354447797583356, -0.5021691245819775, 0.22328947644507607], [0.07361197229480154, 0.30038414347728, 0.9509735242804028]]	0.23464020291263166	0.7653597970873683	[[-0.12779025420772483, 0.19027505404016687, -0.05021035313974195], [-0.1960289326447947, -0.1178290652883738, 0.052392688061327936], [0.017272328116051255, 0.07048219637724604, 0.22313662070169415]]	0.5906124967606593	0.5800270984549273	[[-0.34401719665401265, 0.5231986699666669, 0.1344434624101568], [-0.6068418476033377, -0.3997283946259122, 0.13187755518360678], [0.17540721409906745, 0.014724553813773675, 0.4990671186184465]]	[[-0.022356542757430882, 0.04425762174494918, 0.2608278656922295], [-0.11341772032460824, -0.10314103416043587, 0.0], [0.13193106335055826, -0.16268607515265476, -0.06258972891008555]]	0.42879650411342696	[[-0.6092115525708034, 0.6092115525708033, 0.0], [-0.7071067811865475, -0.7071067811865476, 0.0], [0.0, 0.0, 0.8615552399999998]]
2	[[0.8592155572171323, 0.2624339665249735, -0.4391776855101157], [-0.4266000482917053, 0.8413623931712975, -0.33184593135155627], [0.2824199444684594, 0.4724804086637203, 0.8348660002631537]]	0.1664386848419754	0.8335613151580247	[[0.1430067073389846, 0.0436791642462796, -0.07309615638824629], [-0.07100275099119466, 0.14003525019492785, -0.05523200038431347], [0.047005604130474124, 0.07863901783158869, 0.13895399910307962]]	0.0	0.6889481901756646	[[0.6563365142973533, 0.6563365142973532, 0.0], [-0.7071067811865474, 0.7071067811865475, 0.0], [0.0, 0.0, 0.9281999999999995]]	[[0.6563365142973533, 0.6563365142973532, 0.0], [-0.7071067811865474, 0.7071067811865475, 0.0], [0.0, 0.0, 0.9281999999999996]]	0.6889481901756648	[[0.6563365142973534, 0.6563365142973533, 0.0], [-0.7071067811865475, 0.7071067811865476, 0.0], [0.0, 0.0, 0.9281999999999999]]
2	[[0.5319609947059123, -0.8460851799387872, 0.03402011756955908], [-0.703274286200726, -0.4190807785627857, 0.5742617690636116], [-0.47161719485230363, -0.3294103357928521, -0.8179645788128509]]	0.14912486215033033	0.8508751378496697	[[0.07932861000487178, -0.12617233582580908, 0.00507324534289854], [-0.10487568098355525, -0.06249536333302849, 0.08563670714981592], [-0.07032984917007531, -0.04912327091600309, -0.12197885505931942]]	0.45484642659273317	0.8217106176552743	[[0.21453793606359736, -0.4967102819898138, 0.22384721705575975], [-0.3833760869494116, -0.3989056597743912, 0.0], [0.12914132538068654, -0.14621264163948683, -0.3250847759169005]]	[[-0.02742262146510263, -0.11187146130158689, 0.20837328814698114], [-0.0634942909564564, -0.20828826519140764, -0.2612009135874051], [0.3436547211789456, 0.0036184724786042137, 0.046963489835554754]]	0.6936077189249827	[[0.6092115525708034, -0.6092115525708033, 0.0], [-0.7071067811865475, -0.7071067811865476, 0.0], [0.0, 0.0, -0.8615552399999998]]
2	[[0.8489524140446696, -0.5135124485683378, 0.12483895166604869], [0.522794976890395, 0.7815435453534784, -0.34040431673891397], [0.0772347773085365, 0.35425224329800037, 0.9319550081910795]]	0.20987196312802742	0.7901280368719726	[[0.17817130973783268, -0.10777186567171723, 0.02620019586099856], [0.1097200081134589, 0.16402407813337302, -0.07144132221125071], [0.016209414335498606, 0.07434761374345893, 0.19559122711605864]]	0.0	0.4514410364664865	[[0.6563365142973533, -0.6563365142973532, 0.0], [0.7071067811865474, 0.7071067811865475, 0.0], [0.0, 0.0, 0.9281999999999998]]	[[0.6563365142973533, -0.6563365142973532, 0.0], [0.7071067811865474, 0.7071067811865475, 0.0], [0.0, 0.0, 0.9281999999999998]]	0.4514410364664866	[[0.6563365142973534, -0.6563365142973533, 0.0], [0.7071067811865475, 0.7071067811865476, 0.0], [0.0, 0.0, 0.9281999999999999]]
2	[[0.04673222253661188, -0.9725397674033924, -0.22799671093185395], [-0.8377629715199755, -0.16246744520517667, 0.5213036857710898], [-0.5440306084466285, 0.16664552219444034, -0.8223502702654952]]	0.17495156544083415	0.8250484345591658	[[0.008175875489309672, -0.17014735476068826, -0.039888381492889195], [-0.14656794333578468, -0.028423933871818605, 0.09120289589572886], [-0.09517900659546721, 0.029154894981622614, -0.14387146712364143]]	0.4600624437920704	0.86972566464977	[[-0.053960973584624684, -0.5517980398601909, 0.0962905358053623], [-0.3066783085721451, -0.18655671470589402, 0.0], [0.06808769083205775, 0.06808769083205773, -0.4850500402819454]]	[[-0.07546071408865326, -0.10436901778361443, 0.20118325981322527], [0.07874497142384161, -0.11181154482814613, -0.23983224763366112], [0.3183757420517007, -0.008579655355722192, -0.10671756529053192]]	0.8890519132167498	[[0.6092115525708034, -0.6092115525708033, 0.0], [-0.7071067811865475, -0.7071067811865476, 0.0], [0.0, 0.0, -0.8615552399999998]]
2	[[-0.3195682178843842, -0.5708200961323295, -0.7563336379995778], [0.910087742671785, 0.03735879733279218, -0.41272826520656647], [0.2638493031197415, -0.8202248094963509, 0.507557688474819]]	0.11409038097566027	0.8859096190243395	[[-0.03645965972614221, -0.06512508223630048, -0.08629039290407894], [0.10383225728270261, 0.004262279420490751, -0.04708832501684051], [0.03010266751309379, -0.09357976100112704, 0.0579074500452176]]	0.360091036938607	1.0691465235712496	[[-0.1827740853496103, -0.27324763472068564, 0.18322508376407703], [0.5374834356237902, -0.0753215368815155, -0.14861974899210495], [0.2391939988525012, -0.046927589513354885, 0.08702410184344463]]	[[-0.06770043439899975, -0.06770043439899974, 0.455574047742894], [0.20976899665999105, -0.08877410495185996, 0.0], [0.1441842296965846, 0.2484280126609575, -0.09574287250561545]]	0.9628981987314033	[[1.7202971726333427e-16, -0.8615552399999998, 0.0], [1.0, 1.7938038903913487e-16, 0.0], [0.0, 0.0, 0.8615552399999998]]
