2	[[0.08740825448676931, -0.06334395238859675, -0.994156597696443], [0.7119981850616444, -0.6940087028176986, 0.10681996481098455], [-0.6967197295301035, -0.717174639895393, -0.015561310176609944]]	0.15462663899970577	0.8453733610002943	[[0.013515644612120084, -0.009794662458806083, -0.15372309334118367], [0.11009388632997258, -0.10731223315324645, 0.016517212136789385], [-0.10773143010202393, -0.11089430414284893, -0.002406193091041106]]	0.4473026070948084	1.024836882962903	[[0.0607710552997408, -0.015020511660392102, -0.00039098153974169436], [0.6351493683793307, -0.6365676218378447, 0.03831585298321246], [0.008432684645830859, -0.012539267892816834, 0.023689798823393046]]	[[0.021673115186202366, 0.013313403386716662, 0.4442978564703819], [0.3166707239544855, -0.3261357197210021, -0.009464995766516614], [0.32007723607903593, 0.3082548182746728, 0.030650413435201668]]	0.8213306555288767	[[0.0, 0.0, -0.88322404], [0.0, -1.0, 0.0], [-0.88322404, 0.0, 0.0]]
2	[[0.034229894132735264, 0.2773841392786001, 0.9601491309293217], [-0.1827544195208179, -0.9427759796974285, 0.2788803941677556], [0.9825625356654255, -0.18501754344446375, 0.018422055382213542]]	0.7839515466711142	0.21604845332888578	[[0.02683457844774631, 0.21745572500949434, 0.7527103962269679], [-0.14327060984432688, -0.7390906874481743, 0.218628716344062], [0.7702814195360023, -0.14504478934457743, 0.014441998809747236]]	0.8826448800570356	0.17439464473532437	[[0.0, 0.21740767484233955, 0.8152583849858472], [-0.18489622116941706, -0.8214538349266137, 0.24615235206045746], [0.8376685347106182, -0.16330478744198607, 0.0]]	[[-0.030212840801153135, -0.027424015500944497, -0.03221232952013076], [-0.023588968471571603, 0.010682556594077302, 0.0], [-0.029585256730328142, 0.0, -0.016260132863237936]]	0.3647058020786165	[[0.0, 0.0, 0.9398], [0.0, -1.0, 0.0], [0.9398, 0.0, 0.0]]
2	[[-0.30792515101507295, 0.09349718223056193, 0.9468053539599837], [0.3027085282091916, -0.9338174967034747, 0.1906631317268273], [0.9019698710720718, 0.34531602882779927, 0.2592434992682147]]	0.5583512637477882	0.44164873625221196	[[-0.1719303972089945, 0.052204269855291495, 0.5286499659067287], [0.16901768927283511, -0.5213981793941811, 0.10645700054978503], [0.503616017375521, 0.1928076410883694, 0.1447489354348065]]	0.7823474501448004	0.3116999977722835	[[-0.09696281260746047, 0.131745950479902, 0.7518581822884], [0.30587608852625564, -0.8115158863484843, 0.14916481494310552], [0.6945264009063082, 0.27015711464755715, 0.09696281260746047]]	[[0.14394164412463442, 0.058598668366098144, 0.011127427834361589], [0.06905284334470921, -0.0809461489019203, 0.0], [-0.011127427834361589, 0.0, -0.10585567801164274]]	0.477607917717137	[[0.0, 0.0, 0.9398], [0.0, -1.0, 0.0], [0.9398, 0.0, 0.0]]
2	[[-0.5446221603179724, 0.8109226453022452, -0.2139887049042392], [-0.8354447797583356, -0.5021691245819775, 0.22328947644507607], [0.07361197229480154, 0.30038414347728, 0.9509735242804028]]	0.23829981732396613	0.7617001826760338	[[-0.1297833613143566, 0.19324271823939243, -0.05099346928807229], [-0.19908633840067252, -0.11966681065362121, 0.053209841447225674], [0.01754171955070806, 0.07158148651765185, 0.22661681711594825]]	0.5948582359131863	0.5802248211897838	[[-0.35591412581398496, 0.5284153905072166, 0.13625293360649332], [-0.6086360257701342, -0.3926156117206227, 0.13282558405609693], [0.17929942783633349, 0.013391318783090245, 0.5005962364510498]]	[[-0.03194114828800737, 0.046031376260668506, 0.26354587711117644], [-0.11166481788021017, -0.09389617214171853, 0.0], [0.13551073985495748, -0.165294662902098, -0.06509819660253635]]	0.41967319756903826	[[-0.6245337079909785, 0.6245337079909784, 0.0], [-0.7071067811865475, -0.7071067811865476, 0.0], [0.0, 0.0, 0.88322404]]
2	[[0.3802729664721569, 0.7767473726770865, -0.5020517802076895], [0.4287143634067757, 0.332951791095048, 0.839849450446521], [0.8195098935212374, -0.5346088512602871, -0.20639019011321075]]	0.12490603971362914	0.8750939602863713	[[0.047498390252190784, 0.09702043817906125, -0.06270929959691984], [0.05354901330148995, 0.041587689641242015, 0.10490226881094276], [0.1023617353058757, -0.06677587440677507, -0.02577938128278416]]	0.41160607017655815	0.9535028067970099	[[0.14501256498145706, 0.3123741085042552, 0.12012096137041786], [0.2763205351068605, -0.2753025227821479, 0.32805479423172884], [0.5793874734638166, 0.0, -0.07330755688189884]]	[[-0.01151009634252955, -0.007339825083326803, 0.32676852164684994], [0.09985910075675265, -0.412347501073027, -0.01763233760650569], [0.2420722267207305, 0.22004824834885092, 0.011643898193592558]]	1.0000000000000007	[[0.0, 0.0, 0.0], [0.0, 0.0, 0.0], [0.0, 0.0, 0.0]]
2	[[0.8592155572171323, 0.2624339665249735, -0.4391776855101157], [-0.4266000482917053, 0.8413623931712975, -0.33184593135155627], [0.2824199444684594, 0.4724804086637203, 0.8348660002631537]]	0.16885728262931532	0.8311427173706848	[[0.14508480418451797, 0.044313886457039736, -0.0741583505666702], [-0.07203452492407206, 0.14207016741740303, -0.05603460221961812], [0.04768866438326619, 0.07978175790254423, 0.1409732041640414]]	0.0	0.6886142522008952	[[0.6645389529591174, 0.6645389529591172, 0.0], [-0.7071067811865475, 0.7071067811865476, 0.0], [0.0, 0.0, 0.9398]]	[[0.6645389529591174, 0.6645389529591172, 0.0], [-0.7071067811865475, 0.7071067811865476, 0.0], [0.0, 0.0, 0.9398]]	0.6886142522008952	[[0.6645389529591174, 0.6645389529591172, 0.0], [-0.7071067811865475, 0.7071067811865476, 0.0], [0.0, 0.0, 0.9398]]
2	[[-0.8305561570912853, 0.32773595720904825, 0.4502950280316503], [-0.5100865793185324, -0.772219296347621, -0.37879947194723407], [0.22358030216652452, -0.5443036842615101, 0.808545204538665]]	0.18693651819558796	0.8130634818044119	[[-0.15526127617255264, 0.0612658187281577, 0.0841765847010214], [-0.09535380911610405, -0.14435598654267118, -0.07081145438014323], [0.04179532322412758, -0.10175023557687735, 0.15114662534019752]]	0.5222690636665691	0.6574964110941024	[[-0.38219866735027086, 0.15082067794950613, 0.4059653524431651], [-0.3533072352323936, -0.6030743572881233, -0.059268139810795276], [0.32407580476111253, -0.2500459025175851, 0.26671719231705493]]	[[0.051575119136298544, -0.02034567355193028, 0.17079018977936364], [-0.08690479506282053, -0.19976810843939444, 0.13856710572047745], [0.20730672969431313, 0.03422707301193768, -0.15556095458944816]]	0.6825614801480226	[[-0.6245337079909785, 0.6245337079909784, 0.0], [-0.7071067811865475, -0.7071067811865476, 0.0], [0.0, 0.0, 0.88322404]]
2	[[0.8489524140446696, -0.5135124485683378, 0.12483895166604869], [0.522794976890395, 0.7815435453534784, -0.34040431673891397], [0.0772347773085365, 0.35425224329800037, 0.9319550081910795]]	0.21231389771187228	0.7876861022881277	[[0.180244395997727, -0.10902582947911113, 0.026505044414482842], [0.11099663924778795, 0.16593255634555237, -0.07227256728478555], [0.01639801660928389, 0.07521267454777295, 0.19786700028114793]]	0.0	0.44715225279849036	[[0.6645389529591174, -0.6645389529591171, 0.0], [0.7071067811865474, 0.7071067811865474, 0.0], [0.0, 0.0, 0.9397999999999997]]	[[0.6645389529591172, -0.6645389529591171, 0.0], [0.7071067811865474, 0.7071067811865475, 0.0], [0.0, 0.0, 0.9397999999999999]]	0.44715225279849047	[[0.6645389529591174, -0.6645389529591172, 0.0], [0.7071067811865475, 0.7071067811865476, 0.0], [0.0, 0.0, 0.9398]]
2	[[-0.3195682178843842, -0.5708200961323295, -0.7563336379995778], [0.910087742671785, 0.03735879733279218, -0.41272826520656647], [0.2638493031197415, -0.8202248094963509, 0.507557688474819]]	0.1159738478490662	0.8840261521509336	[[-0.037061555878320815, -0.06620020297804013, -0.0877149222564938], [0.10554637739791772, 0.004332643477697344, -0.04786568503207539], [0.030599618935091055, -0.09512462725855911, 0.05886341813780245]]	0.364746032548273	1.0720935659393969	[[-0.18686530963584844, -0.27850843539708814, 0.18577691248348838], [0.5391083673765201, -0.07638293705980388, -0.15054099725462652], [0.24604053142389587, -0.045903213954861605, 0.08570468382845556]]	[[-0.07030407003399729, -0.07030407003399727, 0.461646606226636], [0.20715747396617298, -0.09000941016771488, 0.0], [0.1498025449203435, 0.25327053110659536, -0.09942496933210687]]	0.968485556773957	[[1.763564015713953e-16, -0.88322404, 0.0], [1.0, 1.7938038903913487e-16, 0.0], [0.0, 0.0, 0.88322404]]
2	[[-0.42203838922340475, -0.825029846081567, 0.3757783270710803], [0.2588054115689476, 0.28760896992378115, 0.9221175843470338], [-0.8688517462515349, 0.4864224845687207, 0.09214016247897017]]	0.10697405167557371	0.8930259483244265	[[-0.045147156457860375, -0.0882567853886202, 0.0401985301786624], [0.027685463471094726, 0.03076669681098513, 0.0986426541188948], [-0.09294459160192413, 0.05203458400041529, 0.009856606502421109]]	0.34159483758824094	1.133387683821642	[[-0.22938358577678997, -0.45367509988062965, 0.28797405052396585], [0.184891116157385, 0.014017208673654927, 0.023935786037602668], [0.1642083217459234, 0.1661594096155208, -0.08904107076983596]]	[[-0.08521745075401821, -0.17184916360294517, 0.1596101139189393], [0.09648452362553242, -0.0842285306963804, -0.29105482042468345], [0.461003592894976, 0.0, -0.12051567460719387]]	1.0000000000000002	[[0.0, 0.0, 0.0], [0.0, 0.0, 0.0], [0.0, 0.0, 0.0]]
2	[[0.8787972042104137, -0.3840163418041313, 0.28327887866788265], [-0.395223040501579, -0.9183905790867732, -0.018907472103605397], [0.2674214316928388, -0.09534250611366366, -0.9588511794847616]]	0.5755618656309102	0.42443813436908995	[[0.5058021583665737, -0.22102516212154308, 0.16304451989991878], [-0.2274753105314095, -0.5285905950770352, -0.01088241991831551], [0.15391757813481927, -0.05487551069270671, -0.5518781737266479]]	0.8096616316371961	0.3416505009696516	[[0.5721034553320679, -0.2470294556780103, 0.23612781394188687], [-0.34874220368484016, -0.8450376200023713, -0.015308654713539914], [0.2097530978878851, -0.07719516906436825, -0.6649091473406853]]	[[-0.1394249229071421, 0.06389384220246985, 0.006767774831293683], [-0.028745271851718133, -0.10145200525874502, 0.0], [-0.006767774831293683, 0.0, 0.11143586313819664]]	0.49712930265461297	[[0.6245337079909785, -0.6245337079909784, 0.0], [-0.7071067811865475, -0.7071067811865476, 0.0], [0.0, 0.0, -0.88322404]]
2	[[0.5319609947059123, -0.8460851799387872, 0.03402011756955908], [-0.703274286200726, -0.4190807785627857, 0.5742617690636116], [-0.47161719485230363, -0.3294103357928521, -0.8179645788128509]]	0.15118026789574113	0.848819732104259	[[0.08042200568972473, -0.1279113841657622, 0.005143170488010551], [-0.1063211949920119, -0.06335674437307762, 0.08681704808931902], [-0.07129921386200917, -0.04980034281278942, -0.12366010415415385]]	0.45993779891222775	0.8174561812339848	[[0.21625646268803558, -0.5111677908617628, 0.22712616508413455], [-0.38419185160177904, -0.3996479165056137, 0.0], [0.1367221847056353, -0.15071092112999251, -0.3335466422309139]]	[[-0.028412506324160983, -0.12202123550846093, 0.21147902709045632], [-0.06072942437504894, -0.2068968256470232, -0.26412469406255956], [0.353636759235163, 0.000797343653509708, 0.04266618573643609]]	0.6852781954191788	[[0.6245337079909785, -0.6245337079909784, 0.0], [-0.7071067811865475, -0.7071067811865476, 0.0], [0.0, 0.0, -0.88322404]]
2	[[0.22433838825039393, -0.7661379269479729, -0.6022499185961573], [-0.9416906372873723, -0.011392912655017143, -0.3362869982418849], [0.2507808429735371, 0.642575192824231, -0.724020780340167]]	0.14164261945852163	0.8583573805414781	[[0.03177587695688862, -0.10851778283943238, -0.08530425603864118], [-0.133383528584948, -0.0016137219917188028, -0.04763257132082384], [0.03552125550878797, 0.09101603351068872, -0.10255219986978417]]	0.4049500725268181	0.846805724646934	[[0.1627160035023457, -0.31013272147913434, 0.10828623279226031], [-0.46749416034806973, -0.2878439961925378, -0.13617944432787724], [0.2798394930337803, 0.04048998055882463, -0.32307674883558857]]	[[0.0718701569097992, 0.00011488760399328002, 0.3521673810070445], [-0.08615646848072292, -0.2832304353865969, 0.0], [0.1782857724833099, -0.21972089037928183, -0.029884481325914522]]	0.9605953107013671	[[0.6245337079909785, -0.6245337079909784, 0.0], [-0.7071067811865475, -0.7071067811865476, 0.0], [0.0, 0.0, -0.88322404]]
2	[[0.04673222253661188, -0.9725397674033924, -0.22799671093185395], [-0.8377629715199755, -0.16246744520517667, 0.5213036857710898], [-0.5440306084466285, 0.16664552219444034, -0.8223502702654952]]	0.17694522790496392	0.823054772095036	[[0.00826904376724628, -0.17208627078983385, -0.0403429299774191], [-0.14823815992594183, -0.02874783911896725, 0.09224219948646317], [-0.09626361999886489, 0.029487129904036968, -0.1455109559898367]]	0.4650686828688958	0.8760845576635359	[[-0.058389867446963596, -0.5628432476217381, 0.1010530701249059], [-0.30494633336602084, -0.190709115808801, 0.0], [0.07145531114504068, 0.07145531114504067, -0.49576118315726037]]	[[-0.08012356062960183, -0.11054545895782007, 0.20708720017642357], [0.08467098835510631, -0.11515059505815493, -0.24244201851626146], [0.3244669096556782, -0.006046302367927048, -0.11331182610800586]]	0.8846986073370289	[[0.6245337079909785, -0.6245337079909784, 0.0], [-0.7071067811865475, -0.7071067811865476, 0.0], [0.0, 0.0, -0.88322404]]
