2	[[0.08740825448676931, -0.06334395238859675, -0.994156597696443], [0.7119981850616444, -0.6940087028176986, 0.10681996481098455], [-0.6967197295301035, -0.717174639895393, -0.015561310176609944]]	0.16659489719213366	0.8334051028078663	[[0.014561769169967195, -0.010552779235921687, -0.1656214161861203], [0.11861526444133044, -0.11561830849636057, 0.017795661055753302], [-0.11606995171279873, -0.11947763540217848, -0.0025924348690472276]]	0.465249870586434	1.0280082772412789	[[0.06446228293640086, -0.015808350271638433, 0.0005593256042067916], [0.6348412785773251, -0.6370875785422584, 0.039082070553511976], [0.010470953336934097, -0.013376183625829676, 0.026412168141222686]]	[[0.023795603848245264, 0.013662415379589463, 0.4630905540251265], [0.3035842151196191, -0.31420011937046516, -0.010615904250846008], [0.33461971733583007, 0.32028922477337435, 0.03365206568704586]]	0.7982447334391967	[[0.0, 0.0, -0.9545290000000002], [0.0, -1.0, 0.0], [-0.9545290000000002, 0.0, 0.0]]
2	[[-0.5446221603179724, 0.8109226453022452, -0.2139887049042392], [-0.8354447797583356, -0.5021691245819775, 0.22328947644507607], [0.07361197229480154, 0.30038414347728, 0.9509735242804028]]	0.2499614099795135	0.7500385900204866	[[-0.13613452309916899, 0.20269936780406614, -0.05348891839755366], [-0.20882895510841765, -0.12552290242868896, 0.05581375236579859], [0.018400152386181486, 0.07508444403906939, 0.2377066829823165]]	0.6078364916126532	0.5841937179406084	[[-0.25853751369315947, 0.5448384434759106, 0.14206016709792735], [-0.6141204189894455, -0.5142208705511293, 0.1357234919764012], [0.1920588116231157, 0.008844603359761246, 0.504596204457004]]	[[0.07250370948902075, 0.051930067786141884, 0.2721303107316555], [-0.1063065951250332, -0.20898415166902282, 0.0], [0.14731476864275572, -0.17373984054754046, -0.07344020615811601]]	0.39352286103238654	[[-0.6749539287392142, 0.6749539287392141, 0.0], [-0.7071067811865475, -0.7071067811865476, 0.0], [0.0, 0.0, 0.9545290000000002]]
2	[[-0.30792515101507295, 0.09349718223056193, 0.9468053539599837], [0.3027085282091916, -0.9338174967034747, 0.1906631317268273], [0.9019698710720718, 0.34531602882779927, 0.2592434992682147]]	0.6128736967312399	0.38712630326876013	[[-0.18871922561913307, 0.05730196370759889, 0.5802720973663854], [0.18552209471564013, -0.572312181276971, 0.11685241837177605], [0.5527936092241404, 0.21163511112824476, 0.15888352175005324]]	0.8118910127224422	0.2761498345219846	[[-0.12357871869727652, 0.14775887765798948, 0.7779643753281555], [0.2937144710682378, -0.8142201828516401, 0.15479768310652628], [0.723039614419281, 0.280358980354294, 0.12357871869727652]]	[[0.12642294400306206, 0.07184935569012382, 0.009261617650554041], [0.04794813754075722, -0.05606214975512007, 0.0], [-0.009261617650554041, 0.0, -0.08689874846530407]]	0.4699591587089955	[[0.0, 0.0, 0.9770000000000001], [0.0, -1.0, 0.0], [0.9770000000000001, 0.0, 0.0]]
2	[[0.5319609947059123, -0.8460851799387872, 0.03402011756955908], [-0.703274286200726, -0.4190807785627857, 0.5742617690636116], [-0.47161719485230363, -0.3294103357928521, -0.8179645788128509]]	0.15791832954223842	0.8420816704577618	[[0.08400639166558521, -0.13361235826637752, 0.005372400137415301], [-0.11105990048682876, -0.06618053649389578, 0.09068645929049624], [-0.07447699959447214, -0.052019929962355035, -0.12917159991084604]]	0.47392151675583405	0.8069438219774203	[[0.22051580053625322, -0.547996712999503, 0.2366536070363493], [-0.37593121497203763, -0.3965506754840352, 0.00930450024237023], [0.1616821218580837, -0.15611464597399707, -0.3600410626991094]]	[[-0.03159196092971496, -0.1470187412182802, 0.22053074131757203], [-0.04263439856041309, -0.19793927726434402, -0.2628505083671451], [0.3851916581706192, 0.0, 0.027609951144423675]]	0.6591201229550808	[[0.6749539287392142, -0.6749539287392141, 0.0], [-0.7071067811865475, -0.7071067811865476, 0.0], [0.0, 0.0, -0.9545290000000002]]
2	[[0.034229894132735264, 0.2773841392786001, 0.9601491309293217], [-0.1827544195208179, -0.9427759796974285, 0.2788803941677556], [0.9825625356654255, -0.18501754344446375, 0.018422055382213542]]	0.8240296965933684	0.1759703034066316	[[0.028206449276620964, 0.2285727681295575, 0.7911913970440754], [-0.15059506886883675, -0.7768754045055878, 0.22980572659189466], [0.8096607081483913, -0.15245995018899183, 0.01518032070723165]]	0.9142591246300317	0.12778862872846042	[[0.0, 0.24337525214799968, 0.8624564815676075], [-0.17721198340829272, -0.820984798034287, 0.25496894504829043], [0.8931999402218239, -0.16915397731073428, 0.0]]	[[-0.03129499304597321, -0.010225728215108035, -0.015368622390119737], [-0.01012708779492016, 0.04095674388610468, 0.0], [-0.005116823529912493, 0.0, -0.01684253222762852]]	0.3481349329653415	[[0.0, 0.0, 0.9770000000000001], [0.0, -1.0, 0.0], [0.9770000000000001, 0.0, 0.0]]
2	[[-0.8305561570912853, 0.32773595720904825, 0.4502950280316503], [-0.5100865793185324, -0.772219296347621, -0.37879947194723407], [0.22358030216652452, -0.5443036842615101, 0.808545204538665]]	0.19611758221223025	0.8038824177877696	[[-0.16288666542022417, 0.06427478353184952, 0.08831077217975569], [-0.10003694665485759, -0.15144578133732522, -0.07428923658156109], [0.04384802829117869, -0.10674752254657652, 0.1585699306234162]]	0.5402117251756502	0.6365704045617251	[[-0.4103467032419567, 0.16948161824298852, 0.4272080112422666], [-0.35024852079341195, -0.5982643828189766, -0.06436794980234456], [0.3455270823306066, -0.25863628112264453, 0.2864603040459251]]	[[0.03832947123558486, -0.007565188603004553, 0.18395335731127102], [-0.0746937697908013, -0.18110246452510154, 0.14026396643389608], [0.22474638158193516, 0.03540295117172827, -0.1503252957804062]]	0.6804464062271774	[[-0.6749539287392142, 0.6749539287392141, 0.0], [-0.7071067811865475, -0.7071067811865476, 0.0], [0.0, 0.0, 0.9545290000000002]]
2	[[0.8592155572171323, 0.2624339665249735, -0.4391776855101157], [-0.4266000482917053, 0.8413623931712975, -0.33184593135155627], [0.2824199444684594, 0.4724804086637203, 0.8348660002631537]]	0.17649008496506646	0.8235099150349336	[[0.15164302669655863, 0.04631699304971199, -0.07751050703044156], [-0.07529067876910454, 0.14849212025721384, -0.058567516619547774], [0.04984431999506776, 0.08338810746938932, 0.14734557132088916]]	0.0	0.6886396099262314	[[0.6908433252192571, 0.690843325219257, 0.0], [-0.7071067811865475, 0.7071067811865476, 0.0], [0.0, 0.0, 0.9770000000000001]]	[[0.6908433252192571, 0.690843325219257, 0.0], [-0.7071067811865475, 0.7071067811865476, 0.0], [0.0, 0.0, 0.9770000000000001]]	0.6886396099262314	[[0.6908433252192571, 0.690843325219257, 0.0], [-0.7071067811865475, 0.7071067811865476, 0.0], [0.0, 0.0, 0.9770000000000001]]
2	[[0.8787972042104137, -0.3840163418041313, 0.28327887866788265], [-0.395223040501579, -0.9183905790867732, -0.018907472103605397], [0.2674214316928388, -0.09534250611366366, -0.9588511794847616]]	0.630328677890624	0.36967132210937625	[[0.5539310798639268, -0.24205651301779196, 0.17855880106506494], [-0.24912041659127274, -0.5788879195029701, -0.011917921893319446], [0.16856339747856486, -0.06009711582540434, -0.6043913962584953]]	0.8384689039996722	0.29786265001616224	[[0.6109749836826913, -0.26609199979549286, 0.24429498127030277], [-0.3460885341726043, -0.8492737870629071, -0.0158533274121144], [0.21745010439013066, -0.07994172660570562, -0.7141393579361901]]	[[-0.12586914496959065, 0.05589376143498062, 0.006774450347387069], [-0.014706304567827282, -0.07923184477239616, 0.0], [-0.006774450347387069, 0.0, 0.08982753962519097]]	0.47740024859514235	[[0.6749539287392142, -0.6749539287392141, 0.0], [-0.7071067811865475, -0.7071067811865476, 0.0], [0.0, 0.0, -0.9545290000000002]]
2	[[-0.42203838922340475, -0.825029846081567, 0.3757783270710803], [0.2588054115689476, 0.28760896992378115, 0.9221175843470338], [-0.8688517462515349, 0.4864224845687207, 0.09214016247897017]]	0.11025111982016003	0.88974888017984	[[-0.04653020501897695, -0.09096046441554706, 0.04142998136373295], [0.028533586440993877, 0.03170921100441959, 0.10166449628012135], [-0.09579187798193328, 0.05362862362940597, 0.010158556093717953]]	0.3531286945286113	1.1478864555641703	[[-0.23665848780982907, -0.4810728697285877, 0.30875670385558324], [0.18319042300908017, 0.0089162701333238, 0.03505797222585093], [0.18672100807656483, 0.17176973696511594, -0.0913825940811727]]	[[-0.08762462238241019, -0.18973115723466275, 0.17605859378482708], [0.09179880588479779, -0.09264670995057972, -0.29056820653649373], [0.4935374909692736, 0.0, -0.12391992937102553]]	1.0000000000000002	[[0.0, 0.0, 0.0], [0.0, 0.0, 0.0], [0.0, 0.0, 0.0]]
2	[[0.8489524140446696, -0.5135124485683378, 0.12483895166604869], [0.522794976890395, 0.7815435453534784, -0.34040431673891397], [0.0772347773085365, 0.35425224329800037, 0.9319550081910795]]	0.21977867664400758	0.7802213233559923	[[0.18658163809247305, -0.11285908638657328, 0.027436939590789466], [0.11489918817710554, 0.1717666061374535, -0.07481361025678612], [0.0169745571477648, 0.07785708923020553, 0.2048238383919907]]	0.0	0.4342668169272877	[[0.690843325219257, -0.6908433252192568, 0.0], [0.7071067811865474, 0.7071067811865475, 0.0], [0.0, 0.0, 0.977]]	[[0.690843325219257, -0.6908433252192568, 0.0], [0.7071067811865474, 0.7071067811865475, 0.0], [0.0, 0.0, 0.977]]	0.43426681692728775	[[0.6908433252192571, -0.690843325219257, 0.0], [0.7071067811865475, 0.7071067811865476, 0.0], [0.0, 0.0, 0.9770000000000001]]
2	[[0.04673222253661188, -0.9725397674033924, -0.22799671093185395], [-0.8377629715199755, -0.16246744520517667, 0.5213036857710898], [-0.5440306084466285, 0.16664552219444034, -0.8223502702654952]]	0.1831296381759425	0.8168703618240575	[[0.00855805500428735, -0.17810085571629852, -0.041752955178255356], [-0.15341922985165551, -0.02975260445579378, 0.0954661553550449], [-0.09962812848146896, 0.030517734183108856, -0.1505967074476086]]	0.4802662923053021	0.8951084716351866	[[-0.07336387896725062, -0.5964797982466489, 0.11586772318767777], [-0.3018439276034311, -0.2022753866625504, 0.0028100076646575657], [0.08382747849970064, 0.08003422707360479, -0.5304397915812712]]	[[-0.09580779021609552, -0.12940173003636066, 0.22536685820472296], [0.10050538855913989, -0.12424774913354533, -0.24755458066571198], [0.3451070417189605, 0.0, -0.1354926763045986]]	0.8722182871006664	[[0.6749539287392142, -0.6749539287392141, 0.0], [-0.7071067811865475, -0.7071067811865476, 0.0], [0.0, 0.0, -0.9545290000000002]]
2	[[-0.3195682178843842, -0.5708200961323295, -0.7563336379995778], [0.910087742671785, 0.03735879733279218, -0.41272826520656647], [0.2638493031197415, -0.8202248094963509, 0.507557688474819]]	0.1219555512328209	0.8780444487671791	[[-0.03897311816858029, -0.06961467947859007, -0.09223908573816328], [0.11099025232777116, 0.004556112722115924, -0.0503345030926327], [0.032177887204363737, -0.10003096877696298, 0.0618994776804029]]	0.3793100152482271	1.0824791158963618	[[-0.20024155951357847, -0.2955439132829525, 0.19382183632824723], [0.5441922557235302, -0.0797037165256794, -0.15655196456887704], [0.26871254211613693, -0.042154622427508, 0.08076188419022738]]	[[-0.079026133915004, -0.07902613391500399, 0.4807067600906141], [0.19898686017347086, -0.09387428251163628, 0.0], [0.16863185892655372, 0.268964862569527, -0.11175983036451106]]	0.9898322995897698	[[1.9059410977484537e-16, -0.9545290000000002, 0.0], [1.0, 1.7938038903913487e-16, 0.0], [0.0, 0.0, 0.9545290000000002]]
2	[[0.3802729664721569, 0.7767473726770865, -0.5020517802076895], [0.4287143634067757, 0.332951791095048, 0.839849450446521], [0.8195098935212374, -0.5346088512602871, -0.20639019011321075]]	0.12848257425548784	0.8715174257445125	[[0.04885844965211353, 0.09979850198773885, -0.06450490513063434], [0.05508232503080526, 0.04277850322286718, 0.1079060193804258], [0.10529274074744932, -0.0686879214296909, -0.026517542926824844]]	0.4264136747075182	0.9450501815105293	[[0.14293896146338927, 0.32152879265261297, 0.13721031862809926], [0.28514940353442336, -0.26361158346889757, 0.3278449641842135], [0.6182877003766978, 0.0, -0.06083400683887108]]	[[-0.019214631561932025, -0.009686908850033586, 0.35129206311991135], [0.1023397364342458, -0.40558678021018696, -0.030278326181777202], [0.26883747522113993, 0.22796452479706406, 0.027173592550886402]]	1.0000000000000007	[[0.0, 0.0, 0.0], [0.0, 0.0, 0.0], [0.0, 0.0, 0.0]]
2	[[0.22433838825039393, -0.7661379269479729, -0.6022499185961573], [-0.9416906372873723, -0.011392912655017143, -0.3362869982418849], [0.2507808429735371, 0.642575192824231, -0.724020780340167]]	0.1493495223542449	0.8506504776457553	[[0.03350483113091747, -0.11442233344715111, -0.089945737680219], [-0.14064104688433354, -0.0017015260632504275, -0.050224302561368304], [0.03745399911369264, 0.09596829812498571, -0.10813215771835162]]	0.4210993712406303	0.8686016410346291	[[0.020556355069974056, -0.3253257998772864, 0.11782445916511594], [-0.48350095127042597, -0.12889261163411816, -0.14161024351605667], [0.29796839111890977, 0.037055953592271144, -0.33279461297317225]]	[[-0.07391239916740325, -0.002705600555895027, 0.3714315212156786], [-0.08695561600552505, -0.12409506327849103, 0.0], [0.19236473582355806, -0.23353205608083935, -0.027909917606777274]]	0.9528804603956724	[[0.6749539287392142, -0.6749539287392141, 0.0], [-0.7071067811865475, -0.7071067811865476, 0.0], [0.0, 0.0, -0.9545290000000002]]
