2	[[-0.5446221603179724, 0.8109226453022452, -0.2139887049042392], [-0.8354447797583356, -0.5021691245819775, 0.22328947644507607], [0.07361197229480154, 0.30038414347728, 0.9509735242804028]]	0.24665062186350262	0.7533493781364973	[[-0.13433139452307208, 0.20001457474699535, -0.05278044713639616], [-0.20606297446001048, -0.1238603268587955, 0.055074488220753934], [0.0181564387431117, 0.0740899357866067, 0.234558211139488]]	0.6042347388354179	0.5837726197999272	[[-0.2580814147193583, 0.5402043694388245, 0.14040433499345556], [-0.612598378665497, -0.5116524368711668, 0.13491925848448774], [0.18837984929716065, 0.010181865466559536, 0.5035940490701217]]	[[0.07099821408435289, 0.050216736638895976, 0.2697037442149979], [-0.1077936203568056, -0.20822440702816505, 0.0], [0.1439009384424512, -0.17132066901773546, -0.0710171900128446]]	0.40043047486482797	[[-0.6603875007624999, 0.6603875007624997, 0.0], [-0.7071067811865475, -0.7071067811865476, 0.0], [0.0, 0.0, 0.9339289599999998]]
2	[[0.04673222253661188, -0.9725397674033924, -0.22799671093185395], [-0.8377629715199755, -0.16246744520517667, 0.5213036857710898], [-0.5440306084466285, 0.16664552219444034, -0.8223502702654952]]	0.181399707544236	0.8186002924557639	[[0.008477211501033567, -0.17641842938211466, -0.04135853668408603], [-0.1519699580251136, -0.029471547045678233, 0.094564336140608], [-0.09868699326733114, 0.03022944898962797, -0.1491740985250843]]	0.47630170734042093	0.8910243732876695	[[-0.06892569166297567, -0.5883642919313996, 0.11235376566381543], [-0.3011145780700779, -0.20004895206453313, 0.0001098792009183117], [0.07951867244360841, 0.07937354674184795, -0.5206409525706085]]	[[-0.09118432904497643, -0.12514194026070796, 0.22094898834865784], [0.09791335561147077, -0.12266543052607112, -0.24818795637470603], [0.33864138009218564, 0.0, -0.12895411481129657]]	0.8755251513418335	[[0.6603875007624999, -0.6603875007624997, 0.0], [-0.7071067811865475, -0.7071067811865476, 0.0], [0.0, 0.0, -0.9339289599999998]]
2	[[0.8489524140446696, -0.5135124485683378, 0.12483895166604869], [0.522794976890395, 0.7815435453534784, -0.34040431673891397], [0.0772347773085365, 0.35425224329800037, 0.9319550081910795]]	0.21770855218229865	0.7822914478177017	[[0.1848242009333324, -0.11179605170539991, 0.027178507423171433], [0.11381693750698617, 0.17014871372632637, -0.07410893095383357], [0.016814671545963722, 0.07712374299573907, 0.20289457553232212]]	0.0	0.4377997051296299	[[0.6833479933386796, -0.6833479933386795, 0.0], [0.7071067811865475, 0.7071067811865476, 0.0], [0.0, 0.0, 0.9663999999999999]]	[[0.6833479933386796, -0.6833479933386795, 0.0], [0.7071067811865475, 0.7071067811865476, 0.0], [0.0, 0.0, 0.9663999999999999]]	0.4377997051296299	[[0.6833479933386796, -0.6833479933386795, 0.0], [0.7071067811865475, 0.7071067811865476, 0.0], [0.0, 0.0, 0.9663999999999999]]
2	[[0.8787972042104137, -0.3840163418041313, 0.28327887866788265], [-0.395223040501579, -0.9183905790867732, -0.018907472103605397], [0.2674214316928388, -0.09534250611366366, -0.9588511794847616]]	0.6139888573339454	0.3860111426660548	[[0.5395716912414179, -0.23578175490188036, 0.17393007502013463], [-0.24266254302961213, -0.563881582239748, -0.011608977191966128], [0.16419377927169382, -0.05853923638408305, -0.5887239400451547]]	0.8303549365898794	0.3104456743479802	[[0.5997937490872184, -0.2605732353905349, 0.24199789071923394], [-0.34680984990848673, -0.8480827909882463, -0.015699912799664175], [0.21527883057036978, -0.07916812061833137, -0.6999516804130529]]	[[-0.129919847690283, 0.05829662975771203, 0.0067758753857120844], [-0.01863444717393878, -0.08549263992590622, 0.0], [-0.0067758753857120844, 0.0, 0.09623512992714747]]	0.48244510590910533	[[0.6603875007624999, -0.6603875007624997, 0.0], [-0.7071067811865475, -0.7071067811865476, 0.0], [0.0, 0.0, -0.9339289599999998]]
2	[[0.8592155572171323, 0.2624339665249735, -0.4391776855101157], [-0.4266000482917053, 0.8413623931712975, -0.33184593135155627], [0.2824199444684594, 0.4724804086637203, 0.8348660002631537]]	0.17433453662845153	0.8256654633715486	[[0.14979094603140553, 0.045751303949697786, -0.07656383830096179], [-0.07437112174460946, 0.1466785229501232, -0.05785220667421051], [0.04923555015354189, 0.0823696531104111, 0.1455459773027256]]	0.0	0.6884601269520179	[[0.6833479933386796, 0.6833479933386795, 0.0], [-0.7071067811865475, 0.7071067811865476, 0.0], [0.0, 0.0, 0.9663999999999999]]	[[0.6833479933386796, 0.6833479933386795, 0.0], [-0.7071067811865475, 0.7071067811865476, 0.0], [0.0, 0.0, 0.9663999999999999]]	0.6884601269520179	[[0.6833479933386796, 0.6833479933386795, 0.0], [-0.7071067811865475, 0.7071067811865476, 0.0], [0.0, 0.0, 0.9663999999999999]]
2	[[0.22433838825039393, -0.7661379269479729, -0.6022499185961573], [-0.9416906372873723, -0.011392912655017143, -0.3362869982418849], [0.2507808429735371, 0.642575192824231, -0.724020780340167]]	0.14717327106140685	0.8528267289385933	[[0.03301661442345435, -0.11275502479313833, -0.08863509051626249], [-0.1385916914174834, -0.001676732222355773, -0.04949245754667976], [0.036908236979952505, 0.09456989303085632, -0.10655650655909472]]	0.4165606264200829	0.868621654608334	[[0.020099326690732333, -0.3210119662278663, 0.11506275970806229], [-0.47900225812715697, -0.12782641412853873, -0.14008392264456887], [0.29276515157473276, 0.03809941977946247, -0.33011254552396185]]	[[-0.07335121284892353, -0.00186907145423508, 0.36593636305992144], [-0.08673101636480211, -0.12308057529621551, 0.0], [0.18829972653151977, -0.22957210506540474, -0.028513995724304686]]	0.9548012992406024	[[0.6603875007624999, -0.6603875007624997, 0.0], [-0.7071067811865475, -0.7071067811865476, 0.0], [0.0, 0.0, -0.9339289599999998]]
2	[[0.3802729664721569, 0.7767473726770865, -0.5020517802076895], [0.4287143634067757, 0.332951791095048, 0.839849450446521], [0.8195098935212374, -0.5346088512602871, -0.20639019011321075]]	0.1275066503069276	0.8724933496930727	[[0.048487332157143334, 0.09904045562476205, -0.06401494077491232], [0.05466393241646483, 0.04245356759622147, 0.10708639018854987], [0.1044929614162799, -0.06816618384863371, -0.026316121797545458]]	0.4222632580979622	0.8671348268599957	[[0.0297583127831898, 0.3189951848308254, 0.13222203400644414], [0.28267476409569947, -0.14495721315307067, 0.3279037773509597], [0.6071039117857763, 0.0, -0.0645649184540512]]	[[-0.13081698900592037, -0.008996691474833254, 0.3442200544508251], [0.10164444021016056, -0.2855505212504177, -0.026733787906371338], [0.2610549941039844, 0.22574567534117776, 0.022586075662611033]]	1.0000000000000007	[[0.0, 0.0, 0.0], [0.0, 0.0, 0.0], [0.0, 0.0, 0.0]]
2	[[0.034229894132735264, 0.2773841392786001, 0.9601491309293217], [-0.1827544195208179, -0.9427759796974285, 0.2788803941677556], [0.9825625356654255, -0.18501754344446375, 0.018422055382213542]]	0.8210807609640037	0.17891923903599632	[[0.028105507522223554, 0.22775478015821818, 0.7883599790623743], [-0.15005613784968796, -0.7740952188285489, 0.2289833262612021], [0.8067631944788886, -0.1519143453630709, 0.015125995251748915]]	0.9053566856462092	0.13734656807851364	[[0.0, 0.235804201596236, 0.8488960265828855], [-0.17935718571065967, -0.8211246006581128, 0.25248622935542764], [0.877185707637373, -0.16750686991928324, 0.0]]	[[-0.03099026350203382, -0.015327383391863895, -0.020381408321373383], [-0.013899250166095086, 0.032423935627609084, 0.0], [-0.012383853092812001, 0.0, -0.016678531003631765]]	0.3527528248249893	[[0.0, 0.0, 0.9663999999999999], [0.0, -1.0, 0.0], [0.9663999999999999, 0.0, 0.0]]
2	[[-0.30792515101507295, 0.09349718223056193, 0.9468053539599837], [0.3027085282091916, -0.9338174967034747, 0.1906631317268273], [0.9019698710720718, 0.34531602882779927, 0.2592434992682147]]	0.5968017057205974	0.4031982942794027	[[-0.18377025536006808, 0.05579927783526889, 0.5650550502287123], [0.18065696597141717, -0.5573038748643722, 0.11378808223260149], [0.5382971575643998, 0.2060851950170936, 0.15471696256024697]]	0.8035464216242924	0.2861260715930989	[[-0.11583160145725328, 0.14308415273492736, 0.7706221233655619], [0.297107672187496, -0.8134736891380792, 0.1532066772347732], [0.7149545930965922, 0.27747745929408907, 0.11583160145725328]]	[[0.13160055176902838, 0.06795482652160498, 0.009820069216295519], [0.053867317549843974, -0.06310798121184755, 0.0], [-0.009820069216295519, 0.0, -0.09248258470908047]]	0.4719329363752825	[[0.0, 0.0, 0.9663999999999999], [0.0, -1.0, 0.0], [0.9663999999999999, 0.0, 0.0]]
2	[[0.08740825448676931, -0.06334395238859675, -0.994156597696443], [0.7119981850616444, -0.6940087028176986, 0.10681996481098455], [-0.6967197295301035, -0.717174639895393, -0.015561310176609944]]	0.16314481969135455	0.8368551803086455	[[0.014260203917780018, -0.010334237690975332, -0.16219149887615666], [0.11615881552245369, -0.11322392468542436, 0.017427123898524913], [-0.11366621464959807, -0.11700332731294602, -0.0025387471429242914]]	0.46020496007996037	1.027081538593316	[[0.06340525375631259, -0.015584018868373628, 0.00027721038974864304], [0.6349278815003723, -0.6369414206033485, 0.03886668958067162], [0.00987162926999027, -0.013135750794951662, 0.025619429815520844]]	[[0.02317954148956983, 0.01356718221192746, 0.45779300774586945], [0.307262785167074, -0.3175551732279843, -0.010292388060910295], [0.33050550458531236, 0.3169115757284676, 0.032780821944139504]]	0.8047610141077217	[[0.0, 0.0, -0.9339289599999998], [0.0, -1.0, 0.0], [-0.9339289599999998, 0.0, 0.0]]
2	[[-0.3195682178843842, -0.5708200961323295, -0.7563336379995778], [0.910087742671785, 0.03735879733279218, -0.41272826520656647], [0.2638493031197415, -0.8202248094963509, 0.507557688474819]]	0.12026057843120042	0.8797394215687995	[[-0.03843145873100393, -0.06864715494102738, -0.09095712079280338], [0.1094476783568543, 0.0044927905767355725, -0.04963493990864756], [0.03173066981184927, -0.09864071003365232, 0.06103918120318474]]	0.375216682230437	1.079370134307453	[[-0.19639027525031624, -0.290664171410676, 0.19155101241208047], [0.5427633850321608, -0.07877038280011062, -0.15486253033353178], [0.26214103427289276, -0.043294796980359526, 0.08228088844175233]]	[[-0.07648294878944427, -0.07648294878944426, 0.4753400107215584], [0.20128328168826592, -0.09278802678744025, 0.0], [0.1631403741474905, 0.2644672347219535, -0.10816322346831897]]	0.9832050933388748	[[1.8648082847576878e-16, -0.9339289599999998, 0.0], [1.0, 1.7938038903913487e-16, 0.0], [0.0, 0.0, 0.9339289599999998]]
2	[[-0.8305561570912853, 0.32773595720904825, 0.4502950280316503], [-0.5100865793185324, -0.772219296347621, -0.37879947194723407], [0.22358030216652452, -0.5443036842615101, 0.808545204538665]]	0.1935129168458069	0.806487083154193	[[-0.16072334456297882, 0.0634211410347755, 0.08713790431556902], [-0.09870834180782921, -0.14943440848084474, -0.07330259071616066], [0.04326567642151104, -0.10532979359136393, 0.1564639409319666]]	0.5351790300010784	0.6425161848030172	[[-0.402176320145953, 0.16403096525158278, 0.4211399989208696], [-0.3511136009833137, -0.5996535961867624, -0.06293905185182457], [0.33935511221863, -0.2562267859130544, 0.2807474228476848]]	[[0.04231991836758428, -0.011366446424030542, 0.18015154260458272], [-0.07812596024705343, -0.18637802221932734, 0.13978648210981687], [0.2196996229778015, 0.035073131856033786, -0.1519690154293414]]	0.6804164789626284	[[-0.6603875007624999, 0.6603875007624997, 0.0], [-0.7071067811865475, -0.7071067811865476, 0.0], [0.0, 0.0, 0.9339289599999998]]
2	[[-0.42203838922340475, -0.825029846081567, 0.3757783270710803], [0.2588054115689476, 0.28760896992378115, 0.9221175843470338], [-0.8688517462515349, 0.4864224845687207, 0.09214016247897017]]	0.10933638593519553	0.8906636140648047	[[-0.046144152203598465, -0.09020578165922916, 0.04108624419472577], [0.02829684836141956, 0.03144612533401055, 0.10082100407979751], [-0.09499710984862639, 0.05318367650036234, 0.010074272364932288]]	0.3499008425429576	1.1435056286099101	[[-0.2346298493101358, -0.47321762531042905, 0.30276861495478663], [0.18366637704458844, 0.010343812947599076, 0.03194532994511574], [0.18015691942150167, 0.17019963718243414, -0.09073763205746121]]	[[-0.08695826133539385, -0.18453898704340224, 0.17128346170323258], [0.0931101454819367, -0.09029080795164415, -0.2907043897415882], [0.48416887747983384, 0.0, -0.12297755254089789]]	1.0000000000000002	[[0.0, 0.0, 0.0], [0.0, 0.0, 0.0], [0.0, 0.0, 0.0]]
2	[[0.5319609947059123, -0.8460851799387872, 0.03402011756955908], [-0.703274286200726, -0.4190807785627857, 0.5742617690636116], [-0.47161719485230363, -0.3294103357928521, -0.8179645788128509]]	0.15597516214554544	0.8440248378544546	[[0.08297270240436032, -0.1319682731298953, 0.005306293354122485], [-0.109693320822951, -0.06536619238841186, 0.08957057254368458], [-0.07356056843771543, -0.05137983053770868, -0.1275821578096472]]	0.47006629824904694	0.8085404939303052	[[0.2193855068011841, -0.5376743595228097, 0.23397715777023106], [-0.3785291840002581, -0.3975613459905854, 0.006455275486072461], [0.15440574536474405, -0.1548446971511216, -0.35242614620888546]]	[[-0.030671428793104975, -0.13995823098560506, 0.21798544703831102], [-0.047943643632142, -0.20056559574424812, -0.2634858285236085], [0.3760970943395659, 0.0, 0.032071435452512245]]	0.6664825375498088	[[0.6603875007624999, -0.6603875007624997, 0.0], [-0.7071067811865475, -0.7071067811865476, 0.0], [0.0, 0.0, -0.9339289599999998]]
