2	[[-0.30792515101507295, 0.09349718223056193, 0.9468053539599837], [0.3027085282091916, -0.9338174967034747, 0.1906631317268273], [0.9019698710720718, 0.34531602882779927, 0.2592434992682147]]	0.5174235965697609	0.4825764034302393	[[-0.1593277391125058, 0.04837764829887569, 0.4898994314974803], [0.15662853537833882, -0.4831792076840825, 0.09865360335134908], [0.4667004946876749, 0.17867466158926712, 0.13413870377868983]]	0.7576467351278731	0.3415519655738275	[[-0.07642050245309888, 0.11946574013604723, 0.7298019339138001], [0.3163541923913618, -0.8091264588868902, 0.14445529926208633], [0.6709165793170357, 0.2616275618287046, 0.07642050245309888]]	[[0.15687798287722843, 0.048627905275406204, 0.012457948684428177], [0.08700806429830414, -0.10162268130421917, 0.0], [-0.012457948684428177, 0.0, -0.11999448837058917]]	0.48529040157583886	[[0.0, 0.0, 0.9094], [0.0, -1.0, 0.0], [0.9094, 0.0, 0.0]]
2	[[0.8592155572171323, 0.2624339665249735, -0.4391776855101157], [-0.4266000482917053, 0.8413623931712975, -0.33184593135155627], [0.2824199444684594, 0.4724804086637203, 0.8348660002631537]]	0.1624809696228052	0.8375190303771949	[[0.13960617685163854, 0.04264052534293647, -0.07135801617838308], [-0.06931438948757178, 0.13670537744663624, -0.05391864869138372], [0.04588786641805409, 0.07676907492746053, 0.13564983722787036]]	0.0	0.6898272090580011	[[0.6430429068110463, 0.6430429068110461, 0.0], [-0.7071067811865474, 0.7071067811865475, 0.0], [0.0, 0.0, 0.9093999999999999]]	[[0.6430429068110463, 0.6430429068110461, 0.0], [-0.7071067811865474, 0.7071067811865475, 0.0], [0.0, 0.0, 0.9093999999999999]]	0.689827209058001	[[0.6430429068110464, 0.6430429068110463, 0.0], [-0.7071067811865475, 0.7071067811865476, 0.0], [0.0, 0.0, 0.9094]]
2	[[-0.5446221603179724, 0.8109226453022452, -0.2139887049042392], [-0.8354447797583356, -0.5021691245819775, 0.22328947644507607], [0.07361197229480154, 0.30038414347728, 0.9509735242804028]]	0.2286878252505084	0.7713121747494914	[[-0.12454845742635082, 0.18544813620055983, -0.04893661155272326], [-0.19105604979982377, -0.11483996500860404, 0.051063584769549086], [0.016834161856498844, 0.06869419651155585, 0.21747606713849688]]	0.5835211070687477	0.5803836329176459	[[-0.32514833995676873, 0.5146402528516202, 0.13151083409427677], [-0.6038451452388274, -0.41160842624428173, 0.13029412249203187], [0.16918601901438188, 0.01679838616074236, 0.49629429238077866]]	[[-0.007349814033852554, 0.04144977311773651, 0.256377760080206], [-0.11634548245943727, -0.11858214273246234, 0.0], [0.1262318794474053, -0.1584821017870176, -0.05861883130039071]]	0.4443735678345025	[[-0.5847832194539656, 0.5847832194539655, 0.0], [-0.7071067811865475, -0.7071067811865476, 0.0], [0.0, 0.0, 0.82700836]]
2	[[0.034229894132735264, 0.2773841392786001, 0.9601491309293217], [-0.1827544195208179, -0.9427759796974285, 0.2788803941677556], [0.9825625356654255, -0.18501754344446375, 0.018422055382213542]]	0.7246274399511563	0.2753725600488438	[[0.02480392055520305, 0.20100015872850696, 0.695750406716642], [-0.13242886715712987, -0.6831613446155911, 0.20208438607835014], [0.7119917748111539, -0.1340687888522136, 0.013349126830251811]]	0.8557105613098219	0.22012421740324054	[[0.0024106109038269314, 0.1997686291100682, 0.7737902618441796], [-0.18852391655291065, -0.8206477937821516, 0.23864089863159454], [0.7899597312157473, -0.15832146595302643, -0.0034091186337965105]]	[[-0.026880271018071743, -0.037591908410464524, -0.04781948992448805], [-0.032139029642900885, -0.013904431005847628, 0.0], [-0.050829407700515986, 0.0, -0.019173065985391084]]	0.37901070881967325	[[0.0, 0.0, 0.9094], [0.0, -1.0, 0.0], [0.9094, 0.0, 0.0]]
2	[[0.8489524140446696, -0.5135124485683378, 0.12483895166604869], [0.522794976890395, 0.7815435453534784, -0.34040431673891397], [0.0772347773085365, 0.35425224329800037, 0.9319550081910795]]	0.20579957958638845	0.7942004204136115	[[0.17471404989924258, -0.10568064602774083, 0.025691803768878307], [0.10759098645391894, 0.16084133306220139, -0.07005506527426032], [0.015894884699545198, 0.07290496273826347, 0.19179594887915333]]	0.0	0.4586527837921928	[[0.6430429068110463, -0.6430429068110461, 0.0], [0.7071067811865474, 0.7071067811865475, 0.0], [0.0, 0.0, 0.9093999999999999]]	[[0.6430429068110463, -0.6430429068110461, 0.0], [0.7071067811865474, 0.7071067811865475, 0.0], [0.0, 0.0, 0.9093999999999999]]	0.4586527837921928	[[0.6430429068110464, -0.6430429068110463, 0.0], [0.7071067811865475, 0.7071067811865476, 0.0], [0.0, 0.0, 0.9094]]
2	[[0.8787972042104137, -0.3840163418041313, 0.28327887866788265], [-0.395223040501579, -0.9183905790867732, -0.018907472103605397], [0.2674214316928388, -0.09534250611366366, -0.9588511794847616]]	0.5356883497786578	0.46431165022134224	[[0.47076142411357474, -0.2057130804290921, 0.1517491950407467], [-0.2117163783607945, -0.4919711337632595, -0.010128512529666381], [0.1432545454389828, -0.051073869763790074, -0.5136454060215117]]	0.785424033360649	0.3766419618221605	[[0.5411029241278926, -0.232078519249253, 0.22923211557679785], [-0.35117822645913005, -0.8414565112234139, -0.01485038300026771], [0.20330114335968122, -0.07488429570250604, -0.6258442115345291]]	[[-0.1491255205091125, 0.06953714480694947, 0.00673807612758746], [-0.040760551911320705, -0.12013047839665827, 0.0], [-0.00673807612758746, 0.0, 0.12726054924900826]]	0.5146753673172294	[[0.9094, 0.0, 0.0], [0.0, -1.0, 0.0], [0.0, 0.0, -0.9094]]
2	[[0.04673222253661188, -0.9725397674033924, -0.22799671093185395], [-0.8377629715199755, -0.16246744520517667, 0.5213036857710898], [-0.5440306084466285, 0.16664552219444034, -0.8223502702654952]]	0.17165411942093142	0.8283458805790684	[[0.008021778508105107, -0.16694045737546678, -0.039136574645875985], [-0.1438054651597242, -0.027888206241263015, 0.08948392513192235], [-0.09338509503093956, 0.02860539036772794, -0.1411598114979885]]	0.45181810929316385	0.8696004358376234	[[0.12125909453119557, -0.5340554044582265, 0.0888112922589292], [-0.30951121524079417, -0.3832107233362928, 0.0], [0.06279906700222918, 0.06279906700222918, -0.467876550372573]]	[[0.10014463010163621, -0.09464432553761233, 0.1918243351172195], [0.06900526658718381, -0.3098049894219991, -0.2355344456726514], [0.30860194790819445, -0.012494397757834853, -0.0963238060844944]]	0.8965094083451007	[[0.5847832194539656, -0.5847832194539655, 0.0], [-0.7071067811865475, -0.7071067811865476, 0.0], [0.0, 0.0, -0.82700836]]
2	[[-0.42203838922340475, -0.825029846081567, 0.3757783270710803], [0.2588054115689476, 0.28760896992378115, 0.9221175843470338], [-0.8688517462515349, 0.4864224845687207, 0.09214016247897017]]	0.10415465905070359	0.8958453409492966	[[-0.043957264535871884, -0.08593070232528006, 0.039139063534732135], [0.026955789402440762, 0.02995581420233558, 0.09604284260232372], [-0.0904949573964371, 0.05066316803485124, 0.009596827207873564]]	0.33173544005956346	1.1234023870793277	[[-0.22311114383319058, -0.431634365025841, 0.2714715498308637], [0.1863449064991694, 0.018377604428386853, 0.0144282938270755], [0.14690175401741937, 0.16136357697327078, -0.08696355000864874]]	[[-0.08310605306213514, -0.1579427259736984, 0.14681256113509233], [0.10048997940254814, -0.07703248377435651, -0.2914707888029494], [0.4351306704066925, 0.0, -0.11752970735576958]]	1.0000000000000002	[[0.0, 0.0, 0.0], [0.0, 0.0, 0.0], [0.0, 0.0, 0.0]]
2	[[0.22433838825039393, -0.7661379269479729, -0.6022499185961573], [-0.9416906372873723, -0.011392912655017143, -0.3362869982418849], [0.2507808429735371, 0.642575192824231, -0.724020780340167]]	0.13521283891925923	0.8647871610807407	[[0.030333430353906753, -0.10359168410635146, -0.08143192123227913], [-0.127328664451312, -0.0015404680636440377, -0.04547031972392118], [0.033908789725016916, 0.08688441604085469, -0.09789690514633137]]	0.39129511187725374	0.8698672268489227	[[0.017732236534357317, -0.29760541067760315, 0.10081086547110352], [-0.45395969646552137, -0.12189128676451655, -0.13158745859992413], [0.26529791351562815, 0.042823293226867065, -0.3145021826817199]]	[[-0.0700502781944433, 0.002180615160911087, 0.33646831474625377], [-0.08548075319439664, -0.1174332957325639, 0.0], [0.167168595507626, -0.20861323873883827, -0.031196390437057797]]	0.9687157255201647	[[0.5847832194539656, -0.5847832194539655, 0.0], [-0.7071067811865475, -0.7071067811865476, 0.0], [0.0, 0.0, -0.82700836]]
2	[[-0.3195682178843842, -0.5708200961323295, -0.7563336379995778], [0.910087742671785, 0.03735879733279218, -0.41272826520656647], [0.2638493031197415, -0.8202248094963509, 0.507557688474819]]	0.11102108934428635	0.8889789106557136	[[-0.035478811669336585, -0.06337306889222147, -0.08396898439844025], [0.10103893259030411, 0.004147614376478977, -0.045821541606410526], [0.02929283705508451, -0.09106225185749463, 0.05634960747954232]]	0.35243260717575264	1.0807133490990855	[[-0.0490283502367108, -0.2647735246710222, 0.17904598478618058], [0.534810087087892, -0.2273776529830807, -0.1454588985618757], [0.22832317885425366, -0.04844210732538939, 0.08893885263331604]]	[[0.06359790996279162, -0.06359790996279162, 0.4456026207210937], [0.21406549117937934, -0.24054411132802733, 0.0], [0.1353340810542577, 0.2406318607556446, -0.08994102680796288]]	0.9548758891174561	[[1.651316221409248e-16, -0.82700836, 0.0], [1.0, 1.7938038903913487e-16, 0.0], [0.0, 0.0, 0.82700836]]
2	[[0.3802729664721569, 0.7767473726770865, -0.5020517802076895], [0.4287143634067757, 0.332951791095048, 0.839849450446521], [0.8195098935212374, -0.5346088512602871, -0.20639019011321075]]	0.12166458166661252	0.8783354183333879	[[0.04626575138495674, 0.09450264415739812, -0.06108191981394662], [0.05215935367835345, 0.0405084403787284, 0.10217993205151041], [0.09970532836691151, -0.06504296224385113, -0.02511037614021641]]	0.39899820430116023	0.8996880120957311	[[0.20365467421024075, 0.32958253638761936, 0.10702265492988405], [0.23828349133902707, -0.20767095563351703, 0.3282334530478912], [0.5483199855840653, 0.0, -0.08220926206901974]]	[[0.05192644344357481, 0.019661729493817802, 0.307340413698953], [0.06722723018160852, -0.34051812239929624, -0.006864969563586973], [0.22133700966205644, 0.21330797165636067, 0.00014005317152643304]]	1.0000000000000007	[[0.0, 0.0, 0.0], [0.0, 0.0, 0.0], [0.0, 0.0, 0.0]]
2	[[0.5319609947059123, -0.8460851799387872, 0.03402011756955908], [-0.703274286200726, -0.4190807785627857, 0.5742617690636116], [-0.47161719485230363, -0.3294103357928521, -0.8179645788128509]]	0.1458384432113032	0.854161556788697	[[0.07758036331704656, -0.12339174546642809, 0.004961440984209996], [-0.10256442705005438, -0.06111808832537749, 0.08374944239600604], [-0.0687799174889418, -0.048040690549742186, -0.11929068077605552]]	0.4464319715215723	0.8293032373519574	[[0.2116259083891918, -0.4737524541084279, 0.21850947869467838], [-0.3820278816748328, -0.3976789402331343, 0.0], [0.11725789977955078, -0.13907940196648572, -0.3116072771285857]]	[[-0.02585848724994532, -0.09603297915317086, 0.20332181053670442], [-0.06806375556581618, -0.21058788203255444, -0.256368813732534], [0.3278028938809382, 0.007979903681100433, 0.05355826242564782]]	0.7072622055133115	[[0.5847832194539656, -0.5847832194539655, 0.0], [-0.7071067811865475, -0.7071067811865476, 0.0], [0.0, 0.0, -0.82700836]]
2	[[-0.8305561570912853, 0.32773595720904825, 0.4502950280316503], [-0.5100865793185324, -0.772219296347621, -0.37879947194723407], [0.22358030216652452, -0.5443036842615101, 0.808545204538665]]	0.17935526283634529	0.8206447371636546	[[-0.1489646178554523, 0.05878116874615007, 0.08076278310651613], [-0.09148671250296767, -0.13850159486372526, -0.06793967885336498], [0.040100303860106525, -0.09762373035351424, 0.14501683767509876]]	0.5070166516317618	0.6746740480551804	[[-0.3602691578450264, 0.13653801041123503, 0.3887111633418388], [-0.3558517070710267, -0.6068481478104504, -0.054920812046471694], [0.3069770688054878, -0.2427435302383641, 0.25121219791032146]]	[[0.06083664391554067, -0.029629577232227013, 0.1604040859828012], [-0.09722931758264526, -0.21532010585084438, 0.1371368278600944], [0.193618132630199, 0.03322750122673846, -0.15873368438779042]]	0.6884840317632387	[[-0.5847832194539656, 0.5847832194539655, 0.0], [-0.7071067811865475, -0.7071067811865476, 0.0], [0.0, 0.0, 0.82700836]]
2	[[0.08740825448676931, -0.06334395238859675, -0.994156597696443], [0.7119981850616444, -0.6940087028176986, 0.10681996481098455], [-0.6967197295301035, -0.717174639895393, -0.015561310176609944]]	0.14513906292145135	0.8548609370785487	[[0.01268635214780945, -0.009193681891421973, -0.14429095698684005], [0.10333874938162116, -0.10072777278629279, 0.015503749593968705], [-0.10112124866288623, -0.10409005518544666, -0.002258553976863191]]	0.4321339436871221	1.0224126810387693	[[0.05779277108796998, -0.014375553898118572, -0.0010850894123610871], [0.6354097596366469, -0.6361281649680272, 0.03766826141994436], [0.0069019229277360265, -0.011869613586655725, 0.02158897140731722]]	[[0.020020697365794742, 0.012997518056295041, 0.4285237217927746], [0.3277311760278848, -0.3362234472662309, -0.008492271238346], [0.30797816729420474, 0.2980458918637321, 0.02831354174287422]]	0.8406036117148844	[[0.0, 0.0, -0.82700836], [0.0, -1.0, 0.0], [-0.82700836, 0.0, 0.0]]
