2	[[0.08740825448676931, -0.06334395238859675, -0.994156597696443], [0.7119981850616444, -0.6940087028176986, 0.10681996481098455], [-0.6967197295301035, -0.717174639895393, -0.015561310176609944]]	0.15022432458476312	0.8497756754152368	[[0.013130845993408025, -0.00951580246410635, -0.1493465034204343], [0.10695944645646269, -0.10425698863673642, 0.01604695706589832], [-0.10466425079353864, -0.10773707588760613, -0.002337687310935213]]	0.44037291119116057	1.023701828236548	[[0.059395193928276684, -0.014723612980379233, -0.0007198403612281683], [0.6352683262717086, -0.636366859095027, 0.038020005387244205], [0.007712671218439743, -0.01222927722973495, 0.02270847916574434]]	[[0.020902966437800215, 0.013171347739341366, 0.4370797947462539], [0.3217236127532896, -0.3307442262431961, -0.009020613489906387], [0.3145291667959294, 0.3035950067734715, 0.029561258630166683]]	0.8301654275530894	[[0.0, 0.0, -0.8571056399999999], [0.0, -1.0, 0.0], [-0.8571056399999999, 0.0, 0.0]]
2	[[-0.30792515101507295, 0.09349718223056193, 0.9468053539599837], [0.3027085282091916, -0.9338174967034747, 0.1906631317268273], [0.9019698710720718, 0.34531602882779927, 0.2592434992682147]]	0.5391240826890307	0.4608759173109694	[[-0.16600986457788247, 0.050406582604060834, 0.5104455679387392], [0.16319745759292698, -0.5034435013092278, 0.10279108599484359], [0.486273679354874, 0.18616818727960616, 0.13976441373607065]]	0.7710364122992929	0.32538453842212245	[[-0.08736544750937467, 0.12600157195509973, 0.7417831639778742], [0.3106399252918527, -0.8104359326494713, 0.14700821704440042], [0.6836898526786598, 0.26625123197682554, 0.08736544750937467]]	[[0.15005605618600515, 0.05391184000795406, 0.011761760714806283], [0.07724062772903827, -0.09042864024891745, 0.0], [-0.011761760714806283, 0.0, -0.11252073007830399]]	0.48099240572456553	[[0.0, 0.0, 0.9258], [0.0, -1.0, 0.0], [0.9258, 0.0, 0.0]]
2	[[0.034229894132735264, 0.2773841392786001, 0.9601491309293217], [-0.1827544195208179, -0.9427759796974285, 0.2788803941677556], [0.9825625356654255, -0.18501754344446375, 0.018422055382213542]]	0.7570115562577052	0.2429884437422948	[[0.025912425427958415, 0.20998299895649714, 0.7268439878442889], [-0.13834720753442792, -0.7136923115931332, 0.21111568119869495], [0.7438111942446008, -0.14006041849787113, 0.013945708814355116]]	0.8704758959147612	0.19391657851831207	[[0.0, 0.2080698174730111, 0.7977764602533673], [-0.1879036893162526, -0.8216138137095195, 0.2427586609662388], [0.817251334521337, -0.16105331188976782, 0.0]]	[[-0.029796297762260154, -0.0333863896780732, -0.03801021470411315], [-0.028820372251486537, -0.0009500481354836826, 0.0], [-0.03804566900430351, 0.0, -0.016035955163423675]]	0.3712078426018495	[[0.0, 0.0, 0.9258], [0.0, -1.0, 0.0], [0.9258, 0.0, 0.0]]
2	[[-0.8305561570912853, 0.32773595720904825, 0.4502950280316503], [-0.5100865793185324, -0.772219296347621, -0.37879947194723407], [0.22358030216652452, -0.5443036842615101, 0.808545204538665]]	0.183453400221485	0.816546599778515	[[-0.1523683510932861, 0.060124275724843, 0.08260815399523522], [-0.09357711738333097, -0.14166625563161359, -0.0694920511308231], [0.041016566654996006, -0.09985436163085562, 0.14833036700539412]]	0.5153114095214192	0.6654029252418975	[[-0.37198150184653045, 0.1441355463312059, 0.39800794136056356], [-0.35447427749712984, -0.6048320336397969, -0.057286436929561854], [0.31615343074360935, -0.24671479786069522, 0.25950706918474137]]	[[0.05601356215087305, -0.024750531729040282, 0.16596577576508686], [-0.09162084333053762, -0.20689861957926575, 0.13791325288553666], [0.20093995009295273, 0.03377110088380507, -0.15714549982786227]]	0.6848613159805259	[[-0.6060652102372357, 0.6060652102372357, 0.0], [-0.7071067811865475, -0.7071067811865476, 0.0], [0.0, 0.0, 0.8571056399999999]]
2	[[-0.42203838922340475, -0.825029846081567, 0.3757783270710803], [0.2588054115689476, 0.28760896992378115, 0.9221175843470338], [-0.8688517462515349, 0.4864224845687207, 0.09214016247897017]]	0.10569168180793738	0.8943083181920627	[[-0.04460594714453455, -0.08719879197410452, 0.03971664337511567], [0.02735357920971746, 0.030397875734292916, 0.09746015831431055], [-0.091830402303088, 0.05141081046326357, 0.009738448734458928]]	0.3371033906334492	1.1285766735758258	[[-0.22653194893316356, -0.44348612633158535, 0.28032054611577406], [0.1855533901132246, 0.016003586256799783, 0.019604649493764923], [0.15611597094099755, 0.16397466882846237, -0.08810282087958653]]	[[-0.08426137694847446, -0.16536576784369628, 0.15364439793354767], [0.09830920835904715, -0.08095037268110061, -0.29124431475234575], [0.44900884056018325, 0.0, -0.11916358206476425]]	1.0000000000000002	[[0.0, 0.0, 0.0], [0.0, 0.0, 0.0], [0.0, 0.0, 0.0]]
2	[[0.8489524140446696, -0.5135124485683378, 0.12483895166604869], [0.522794976890395, 0.7815435453534784, -0.34040431673891397], [0.0772347773085365, 0.35425224329800037, 0.9319550081910795]]	0.20935997569024345	0.7906400243097569	[[0.1777366567665655, -0.1075089537489046, 0.026136279885999425], [0.10945234365275448, 0.1636239376560709, -0.07126703947731296], [0.01616987109975654, 0.07416624104508357, 0.195114077859285]]	0.0	0.4523438705306315	[[0.6546394580225056, -0.6546394580225054, 0.0], [0.7071067811865474, 0.7071067811865475, 0.0], [0.0, 0.0, 0.9257999999999998]]	[[0.6546394580225056, -0.6546394580225054, 0.0], [0.7071067811865474, 0.7071067811865475, 0.0], [0.0, 0.0, 0.9257999999999998]]	0.45234387053063146	[[0.6546394580225057, -0.6546394580225056, 0.0], [0.7071067811865475, 0.7071067811865476, 0.0], [0.0, 0.0, 0.9258]]
2	[[0.04673222253661188, -0.9725397674033924, -0.22799671093185395], [-0.8377629715199755, -0.16246744520517667, 0.5213036857710898], [-0.5440306084466285, 0.16664552219444034, -0.8223502702654952]]	0.17453518940123872	0.8254648105987611	[[0.00815641731156842, -0.16974241250398775, -0.03979344912535061], [-0.1462191189075835, -0.028356286320420865, 0.09098583753162098], [-0.09495248528530346, 0.02908550777907498, -0.14352906017494804]]	0.45901901079232527	0.8684244267426101	[[-0.05305717286336315, -0.5495221203363959, 0.09531926357388643], [-0.3070381841719477, -0.18569360851337974, 0.0], [0.06740089765080295, 0.06740089765080295, -0.4828448458335851]]	[[-0.07450815142424552, -0.10310787834669258, 0.19997408828972976], [0.07751094629359045, -0.11111796252934324, -0.2392883021650388], [0.3171212893807213, -0.009092565099859538, -0.10537043825151626]]	0.8899770811784866	[[0.6060652102372357, -0.6060652102372357, 0.0], [-0.7071067811865475, -0.7071067811865476, 0.0], [0.0, 0.0, -0.8571056399999999]]
2	[[0.8787972042104137, -0.3840163418041313, 0.28327887866788265], [-0.395223040501579, -0.9183905790867732, -0.018907472103605397], [0.2674214316928388, -0.09534250611366366, -0.9588511794847616]]	0.5566975479032358	0.44330245209676433	[[0.48922424868815656, -0.21378095583713075, 0.1577006571271885], [-0.22001969752209027, -0.5112657833950393, -0.010525743357125961], [0.14887285528017605, -0.053076939364425826, -0.5337901004232922]]	0.7985780255597099	0.35785505749385477	[[0.5577413010208147, -0.2400747881418929, 0.23297709261691701], [-0.3498327821480749, -0.8434019589722582, -0.015099091740822494], [0.2068000739060673, -0.07613843028416409, -0.6467881955680908]]	[[-0.14404683518493078, 0.06659222387871294, 0.006756805007550705], [-0.03421634680861872, -0.1099954236325045, 0.0], [-0.006756805007550705, 0.0, 0.1189292861504492]]	0.5058630430226987	[[0.6060652102372357, -0.6060652102372357, 0.0], [-0.7071067811865475, -0.7071067811865476, 0.0], [0.0, 0.0, -0.8571056399999999]]
2	[[-0.5446221603179724, 0.8109226453022452, -0.2139887049042392], [-0.8354447797583356, -0.5021691245819775, 0.22328947644507607], [0.07361197229480154, 0.30038414347728, 0.9509735242804028]]	0.23388175886489532	0.7661182411351046	[[-0.12737718877196635, 0.18966001458666276, -0.05004805468022452], [-0.19539529452437457, -0.11744819810487753, 0.05222333548699601], [0.01721649755382216, 0.07025437181159132, 0.22241536049264893]]	0.5897218414092024	0.58002556348249	[[-0.34157996362132337, 0.5221133554681849, 0.13406910775328024], [-0.6064654715876862, -0.4012204877410944, 0.131678681216487], [0.17460704285520653, 0.014995307624742252, 0.4987335760297383]]	[[-0.02040438036635084, 0.043894559840123304, 0.2602629208501786], [-0.11378543767289499, -0.10508038689376363, 0.0], [0.131196455003753, -0.16214778259680535, -0.06207628184029977]]	0.4307329110381781	[[-0.6060652102372357, 0.6060652102372357, 0.0], [-0.7071067811865475, -0.7071067811865476, 0.0], [0.0, 0.0, 0.8571056399999999]]
2	[[-0.3195682178843842, -0.5708200961323295, -0.7563336379995778], [0.910087742671785, 0.03735879733279218, -0.41272826520656647], [0.2638493031197415, -0.8202248094963509, 0.507557688474819]]	0.11369968792895391	0.886300312071046	[[-0.03633480664546643, -0.0649020667938213, -0.08599489861072246], [0.10347669232974813, 0.00424768359813953, -0.046927074953445135], [0.029999583424986584, -0.09325930487132077, 0.05770915078552811]]	0.3591212141191967	1.0685533678030947	[[-0.18193236771646568, -0.27216224728259647, 0.18269456406204682], [0.5371448969814533, -0.07510040453258422, -0.14821947570229194], [0.2377907215040979, -0.04713095947754359, 0.08728392980546532]]	[[-0.06716864131591771, -0.06716864131591771, 0.45431001841964425], [0.21031308187816267, -0.08851674118876965, 0.0], [0.14303683942323245, 0.24742916995947273, -0.09499080351514465]]	0.961803629624905	[[1.7114125022791244e-16, -0.8571056399999999, 0.0], [1.0, 1.7938038903913487e-16, 0.0], [0.0, 0.0, 0.8571056399999999]]
2	[[0.8592155572171323, 0.2624339665249735, -0.4391776855101157], [-0.4266000482917053, 0.8413623931712975, -0.33184593135155627], [0.2824199444684594, 0.4724804086637203, 0.8348660002631537]]	0.16593604121200184	0.8340639587879981	[[0.14257482811237518, 0.04354725348471713, -0.07287540652219814], [-0.07078832319437436, 0.13961234474750095, -0.05506520014078697], [0.04686364754440957, 0.07840152856388656, 0.1385343590261658]]	0.0	0.6890372473561311	[[0.6546394580225056, 0.6546394580225054, 0.0], [-0.7071067811865474, 0.7071067811865475, 0.0], [0.0, 0.0, 0.9257999999999998]]	[[0.6546394580225056, 0.6546394580225054, 0.0], [-0.7071067811865474, 0.7071067811865475, 0.0], [0.0, 0.0, 0.9257999999999998]]	0.689037247356131	[[0.6546394580225057, 0.6546394580225056, 0.0], [-0.7071067811865475, 0.7071067811865476, 0.0], [0.0, 0.0, 0.9258]]
2	[[0.3802729664721569, 0.7767473726770865, -0.5020517802076895], [0.4287143634067757, 0.332951791095048, 0.839849450446521], [0.8195098935212374, -0.5346088512602871, -0.20639019011321075]]	0.12344919686431742	0.8765508031356831	[[0.04694439230019927, 0.09588883932345497, -0.061977889050940094], [0.05292444384676359, 0.04110263120521965, 0.10367874014456137], [0.101167838177559, -0.06599703332463779, -0.025478703210149667]]	0.4058568601103173	0.9535687297792581	[[0.14128486373702148, 0.30873715945806857, 0.11399180056857655], [0.2728926329683928, -0.27489022644023514, 0.32813626298103615], [0.5649995875411178, 0.0, -0.07755174117950173]]	[[-0.013051528420204142, -0.006511090315592249, 0.3177529596964646], [0.09889596755192526, -0.4100209949421776, -0.012722397942564405], [0.23239587532724795, 0.2169746697596838, 0.0062131333374174785]]	1.0000000000000007	[[0.0, 0.0, 0.0], [0.0, 0.0, 0.0], [0.0, 0.0, 0.0]]
2	[[0.22433838825039393, -0.7661379269479729, -0.6022499185961573], [-0.9416906372873723, -0.011392912655017143, -0.3362869982418849], [0.2507808429735371, 0.642575192824231, -0.724020780340167]]	0.1386949386469181	0.861305061353082	[[0.031114598994536877, -0.10625945277312614, -0.08352901550980547], [-0.13060772516294936, -0.0015801393216973159, -0.04664130458891448], [0.03478203363003711, 0.0891219269447883, -0.10041801770837325]]	0.3987125718299011	0.8693145888964408	[[0.01839765391532641, -0.30437591897333494, 0.10480796218304649], [-0.46131170182135955, -0.1236337238505244, -0.13408185394197936], [0.273112118466808, 0.041617309662976866, -0.31919850208725176]]	[[-0.07104888182416304, 0.0010929042565202135, 0.344932576110869], [-0.08584780596037264, -0.11909122634520922, 0.0], [0.17312264359915844, -0.21458549806206692, -0.030522314699531844]]	0.9641517624833679	[[0.6060652102372357, -0.6060652102372357, 0.0], [-0.7071067811865475, -0.7071067811865476, 0.0], [0.0, 0.0, -0.8571056399999999]]
2	[[0.5319609947059123, -0.8460851799387872, 0.03402011756955908], [-0.703274286200726, -0.4190807785627857, 0.5742617690636116], [-0.47161719485230363, -0.3294103357928521, -0.8179645788128509]]	0.14870225571018392	0.8512977442898161	[[0.07910379986260238, -0.12581477477985453, 0.005058868222119095], [-0.1045784727410174, -0.06231825709706633, 0.08539402042787976], [-0.07013054070624689, -0.04898405998664625, -0.12163317796050144]]	0.453783490669083	0.8226375928411332	[[0.2141749396343904, -0.4937468900904247, 0.2231674386432959], [-0.3832057781407383, -0.3987506973605904, 0.0], [0.12759653202730467, -0.14529119384360129, -0.32334795114769344]]	[[-0.027220177443056052, -0.10980740373442263, 0.20772967093960878], [-0.06407151765076521, -0.2085787587920525, -0.2605905101234885], [0.3416086289669441, 0.004189778194953886, 0.04783087066966828]]	0.6953404634052303	[[0.6060652102372357, -0.6060652102372357, 0.0], [-0.7071067811865475, -0.7071067811865476, 0.0], [0.0, 0.0, -0.8571056399999999]]
