2	[[-0.30792515101507295, 0.09349718223056193, 0.9468053539599837], [0.3027085282091916, -0.9338174967034747, 0.1906631317268273], [0.9019698710720718, 0.34531602882779927, 0.2592434992682147]]	0.596502713181196	0.40349728681880426	[[-0.18367818803722052, 0.05577132287532687, 0.5647719624916128], [0.18056645837986934, -0.5570246703996949, 0.11373107537867623], [0.5380274753021844, 0.20598194810073833, 0.15463945068807747]]	0.8033884216418633	0.2863156812262552	[[-0.11568666883185741, 0.14299681253738683, 0.770482859155451], [0.29717224143296783, -0.8134594217697958, 0.15317655246331044], [0.7148017508536326, 0.27742289936760184, 0.11568666883185741]]	[[0.13169683222597442, 0.067882258877214, 0.009830400235474056], [0.05397971473745394, -0.06324125699163557, 0.0], [-0.009830400235474056, 0.0, -0.09258655686614715]]	0.4719717880712349	[[0.0, 0.0, 0.9662], [0.0, -1.0, 0.0], [0.9662, 0.0, 0.0]]
2	[[0.034229894132735264, 0.2773841392786001, 0.9601491309293217], [-0.1827544195208179, -0.9427759796974285, 0.2788803941677556], [0.9825625356654255, -0.18501754344446375, 0.018422055382213542]]	0.8210247884102831	0.1789752115897169	[[0.028103591587635368, 0.22773925425958114, 0.7883062370635635], [-0.15004590861812364, -0.7740424492493789, 0.2289677166133579], [0.8067081979445775, -0.15190398945868125, 0.015124964122264389]]	0.9051879076142197	0.13761482532564565	[[0.0, 0.23566266981796588, 0.8486410287381939], [-0.179397996112975, -0.821127193006143, 0.2524391604713396], [0.8768850200148077, -0.16747564302241716, 0.0]]	[[-0.030984486247866896, -0.015422098821001502, -0.020474354085330368], [-0.013970905499674502, 0.03226222340511863, 0.0], [-0.012518705744301126, 0.0, -0.01667542176537916]]	0.3528407475150171	[[0.0, 0.0, 0.9662], [0.0, -1.0, 0.0], [0.9662, 0.0, 0.0]]
2	[[0.8592155572171323, 0.2624339665249735, -0.4391776855101157], [-0.4266000482917053, 0.8413623931712975, -0.33184593135155627], [0.2824199444684594, 0.4724804086637203, 0.8348660002631537]]	0.1742937162870225	0.8257062837129777	[[0.1497558725589988, 0.04574059130558167, -0.07654591091789129], [-0.07435370778498453, 0.14664417824996845, -0.057838660609990905], [0.049224021674982354, 0.08235036629881091, 0.1455118977875473]]	0.0	0.6884580703771551	[[0.6832065719824423, 0.6832065719824422, 0.0], [-0.7071067811865475, 0.7071067811865476, 0.0], [0.0, 0.0, 0.9662]]	[[0.6832065719824423, 0.6832065719824422, 0.0], [-0.7071067811865475, 0.7071067811865476, 0.0], [0.0, 0.0, 0.9662]]	0.6884580703771551	[[0.6832065719824423, 0.6832065719824422, 0.0], [-0.7071067811865475, 0.7071067811865476, 0.0], [0.0, 0.0, 0.9662]]
2	[[0.3802729664721569, 0.7767473726770865, -0.5020517802076895], [0.4287143634067757, 0.332951791095048, 0.839849450446521], [0.8195098935212374, -0.5346088512602871, -0.20639019011321075]]	0.12748790801303259	0.8725120919869678	[[0.048480204969445356, 0.09902589759722114, -0.06400553117289717], [0.05465589732586884, 0.04244732731589991, 0.10707064948332204], [0.10447760192100561, -0.06815616405242451, -0.026312253571945332]]	0.4221844226132596	0.8671251716837554	[[0.029718863144298002, 0.3189468086553926, 0.1321288240262295], [0.28262775932052414, -0.14491352610502017, 0.3279048944832728], [0.6068936587966082, 0.0, -0.06463396247935864]]	[[-0.13082645964118106, -0.00898383239464956, 0.34408726497517195], [0.10163123333962337, -0.2854805857865336, -0.026666460835555073], [0.2609093475744907, 0.22570352919326234, 0.022500760766628117]]	1.0000000000000007	[[0.0, 0.0, 0.0], [0.0, 0.0, 0.0], [0.0, 0.0, 0.0]]
2	[[0.04673222253661188, -0.9725397674033924, -0.22799671093185395], [-0.8377629715199755, -0.16246744520517667, 0.5213036857710898], [-0.5440306084466285, 0.16664552219444034, -0.8223502702654952]]	0.18136682099349408	0.8186331790065058	[[0.008475674639425813, -0.17638644590370547, -0.04135103865868299], [-0.15194240689064104, -0.02946620405179757, 0.09454719226049392], [-0.09866910197712137, 0.030223968593206404, -0.14914705426119357]]	0.4762264562727975	0.8909492856624781	[[-0.06884266813387634, -0.5882112271334566, 0.11228803639605568], [-0.30110055906108446, -0.20000691975889395, 5.851335114229439e-05], [0.07943825747515752, 0.07936100648838816, -0.5204566835403499]]	[[-0.0910977888662388, -0.12506206011856827, 0.2208661020849859], [0.09786433206244204, -0.12263562406913778, -0.24820009356557177], [0.3385200262396293, 0.0, -0.12883172851683566]]	0.8755895645472982	[[0.6601141898494356, -0.6601141898494355, 0.0], [-0.7071067811865475, -0.7071067811865476, 0.0], [0.0, 0.0, -0.9335424399999999]]
2	[[0.08740825448676931, -0.06334395238859675, -0.994156597696443], [0.7119981850616444, -0.6940087028176986, 0.10681996481098455], [-0.6967197295301035, -0.717174639895393, -0.015561310176609944]]	0.1630800270066132	0.8369199729933868	[[0.014254540502303292, -0.010330133466237987, -0.1621270848011387], [0.11611268324851248, -0.11317895799833487, 0.01742020274622083], [-0.1136210723078095, -0.11695685964259879, -0.0025377388838598303]]	0.46010924350889537	1.0270642298959476	[[0.06338534983956937, -0.015579784966511252, 0.00027197426160725444], [0.6349295246087738, -0.636938647563722, 0.038862603179502214], [0.009860463218499888, -0.01313122931454941, 0.025604602804142576]]	[[0.023168003991228876, 0.013565353047869483, 0.4576926143570949], [0.30733257830035426, -0.317618828321681, -0.010286250021326713], [0.330427650910318, 0.3168474517114843, 0.03276450545750986]]	0.8048844587627605	[[0.0, 0.0, -0.9335424399999999], [0.0, -1.0, 0.0], [-0.9335424399999999, 0.0, 0.0]]
2	[[0.8787972042104137, -0.3840163418041313, 0.28327887866788265], [-0.395223040501579, -0.9183905790867732, -0.018907472103605397], [0.2674214316928388, -0.09534250611366366, -0.9588511794847616]]	0.6136864346164753	0.3863135653835247	[[0.5393059230028154, -0.23566561963623903, 0.173844405051846], [-0.24254301860369687, -0.5636038400651219, -0.011603259142872063], [0.16411290495561148, -0.058510402644293746, -0.5884339616658055]]	0.8302011221485985	0.3106822934083779	[[0.5995835860816826, -0.2604697771907507, 0.24195431973731435], [-0.3468237201858195, -0.8480601971722351, -0.01569700455740652], [0.21523769589173802, -0.07915345556402319, -0.6996852109343802]]	[[-0.12999483899485384, 0.05834102069843885, 0.006775876786241461], [-0.01870910846242757, -0.0856113078436948, 0.0], [-0.006775876786241461, 0.0, 0.09635411424737618]]	0.4825450507500218	[[0.6601141898494356, -0.6601141898494355, 0.0], [-0.7071067811865475, -0.7071067811865476, 0.0], [0.0, 0.0, -0.9335424399999999]]
2	[[-0.8305561570912853, 0.32773595720904825, 0.4502950280316503], [-0.5100865793185324, -0.772219296347621, -0.37879947194723407], [0.22358030216652452, -0.5443036842615101, 0.808545204538665]]	0.19346368224735136	0.8065363177526486	[[-0.16068245246408963, 0.0634050050865228, 0.08711573422067737], [-0.09868322789991892, -0.14939638857386942, -0.07328394067626416], [0.043254668535111285, -0.10530299501803145, 0.15642413253348797]]	0.5350834641087949	0.6426285254286012	[[-0.4020233171972524, 0.1639291457162923, 0.42102562501888335], [-0.3511299740235607, -0.5996796747669845, -0.0629119069929258], [0.3392391170206752, -0.2561810319876387, 0.28064030313090904]]	[[0.04239354847604099, -0.011436945580136956, 0.18008020154874108], [-0.07819108016639487, -0.1864778986256433, 0.13977742665918247], [0.21960499443092016, 0.035066868914189885, -0.15199886580219396]]	0.6804209683428619	[[-0.6601141898494356, 0.6601141898494355, 0.0], [-0.7071067811865475, -0.7071067811865476, 0.0], [0.0, 0.0, 0.9335424399999999]]
2	[[-0.5446221603179724, 0.8109226453022452, -0.2139887049042392], [-0.8354447797583356, -0.5021691245819775, 0.22328947644507607], [0.07361197229480154, 0.30038414347728, 0.9509735242804028]]	0.24658805815565527	0.7534119418443448	[[-0.13429732094134678, 0.19996384041952783, -0.05276705920957989], [-0.20601070593688706, -0.12382890929639509, 0.05506051840318424], [0.018151833305183017, 0.07407114264081222, 0.23449871470974443]]	0.6041660569164561	0.5837662354922919	[[-0.25807221787327456, 0.5401165949869209, 0.14037310321829471], [-0.6125693548383072, -0.5116035083231003, 0.13490392253476147], [0.1883107667134005, 0.010206779650310293, 0.5035741005564927]]	[[0.07097000523535674, 0.050184657910401435, 0.2696578152849481], [-0.10782197648027657, -0.2082099684192184, 0.0], [0.14383691167020687, -0.17127512387458496, -0.07097182383994395]]	0.4005653377557784	[[-0.6601141898494356, 0.6601141898494355, 0.0], [-0.7071067811865475, -0.7071067811865476, 0.0], [0.0, 0.0, 0.9335424399999999]]
2	[[0.8489524140446696, -0.5135124485683378, 0.12483895166604869], [0.522794976890395, 0.7815435453534784, -0.34040431673891397], [0.0772347773085365, 0.35425224329800037, 0.9319550081910795]]	0.217669057133206	0.782330942866794	[[0.18479067151606235, -0.11177577050603404, 0.027173576902646657], [0.11379628969370852, 0.17011784662563467, -0.07409548666863261], [0.016811621154642298, 0.07710975178599884, 0.20285776792352153]]	0.0	0.4378674490162012	[[0.6832065719824425, -0.6832065719824423, 0.0], [0.7071067811865476, 0.7071067811865478, 0.0], [0.0, 0.0, 0.9662000000000001]]	[[0.6832065719824424, -0.6832065719824423, 0.0], [0.7071067811865476, 0.7071067811865477, 0.0], [0.0, 0.0, 0.9662000000000002]]	0.4378674490162013	[[0.6832065719824423, -0.6832065719824422, 0.0], [0.7071067811865475, 0.7071067811865476, 0.0], [0.0, 0.0, 0.9662]]
2	[[0.22433838825039393, -0.7661379269479729, -0.6022499185961573], [-0.9416906372873723, -0.011392912655017143, -0.3362869982418849], [0.2507808429735371, 0.642575192824231, -0.724020780340167]]	0.1471320521219246	0.8528679478780754	[[0.033007367433005516, -0.11272344540029242, -0.08861026641331465], [-0.13855287592809404, -0.0016762626185785334, -0.04947859615325058], [0.03689790005956266, 0.09454340676287051, -0.10652666319036594]]	0.4164745075020235	0.8472929516395724	[[0.16677168526462988, -0.3209304552933688, 0.11501098784808908], [-0.4789168991564508, -0.28492912200956144, -0.1400549619721229], [0.2926672643293748, 0.0381186102029015, -0.3300612739069274]]	[[0.07334046550424927, -0.0018535394890905471, 0.36583272608855744], [-0.08672675477292592, -0.2801842643225496, 0.0], [0.18822343626102866, -0.2294975767615879, -0.028525075993525634]]	0.9548397753993145	[[0.6601141898494356, -0.6601141898494355, 0.0], [-0.7071067811865475, -0.7071067811865476, 0.0], [0.0, 0.0, -0.9335424399999999]]
2	[[-0.42203838922340475, -0.825029846081567, 0.3757783270710803], [0.2588054115689476, 0.28760896992378115, 0.9221175843470338], [-0.8688517462515349, 0.4864224845687207, 0.09214016247897017]]	0.1093189820938815	0.8906810179061185	[[-0.046136807114443984, -0.0901914229707087, 0.04107970420835215], [0.028292344153105428, 0.03144111983313755, 0.10080495569168665], [-0.09498198849070927, 0.05317521088062935, 0.01007266877216588]]	0.34983949341318943	1.1434248597092969	[[-0.2345912358841668, -0.4730697854333488, 0.3026561393970335], [0.1836754231117618, 0.010370945080594038, 0.03188617051151988], [0.18003420966449052, 0.17016979558630627, -0.09072529352174262]]	[[-0.08694553959733242, -0.1844417620294116, 0.1711940398188309], [0.09313506903588917, -0.09024603125863084, -0.29070697806384044], [0.48399286442429257, 0.0, -0.12295956128639447]]	1.0000000000000002	[[0.0, 0.0, 0.0], [0.0, 0.0, 0.0], [0.0, 0.0, 0.0]]
2	[[-0.3195682178843842, -0.5708200961323295, -0.7563336379995778], [0.910087742671785, 0.03735879733279218, -0.41272826520656647], [0.2638493031197415, -0.8202248094963509, 0.507557688474819]]	0.12022852294326761	0.8797714770567322	[[-0.03842121481585184, -0.06862885702432397, -0.09093287614899734], [0.10941850505020131, 0.0044915930222585235, -0.04962170970272271], [0.03172221199369704, -0.09861441732716933, 0.061022911193826614]]	0.3751390156880078	1.096336403889736	[[-0.04344709922580986, -0.2905722964745248, 0.19150800156573458], [0.5427362737647182, -0.2425061448903923, -0.1548304751562104], [0.26201789547264526, -0.04331575787703279, 0.08230870176053146]]	[[0.07643540747650877, -0.07643540747650876, 0.47523825805662623], [0.20132685378910387, -0.2565208873491037, 0.0], [0.1630377276103386, 0.264382569800312, -0.10809598989879257]]	0.9830842831586566	[[1.8640365068933152e-16, -0.9335424399999999, 0.0], [1.0, 1.7938038903913487e-16, 0.0], [0.0, 0.0, 0.9335424399999999]]
2	[[0.5319609947059123, -0.8460851799387872, 0.03402011756955908], [-0.703274286200726, -0.4190807785627857, 0.5742617690636116], [-0.47161719485230363, -0.3294103357928521, -0.8179645788128509]]	0.15593867848295884	0.8440613215170413	[[0.08295329451892024, -0.1319374048436709, 0.00530505217563193], [-0.10966766280118738, -0.06535090278669031, 0.08954962137106569], [-0.07354336211510838, -0.051367812442165074, -0.127552315465946]]	0.4699929494710775	0.8085844452729766	[[0.21936372217064695, -0.5374804413657348, 0.23392655293799422], [-0.3785786125483644, -0.39758057484790066, 0.006401066586196269], [0.15426982021742322, -0.15482053530554063, -0.35228324231350644]]	[[-0.03065419473475304, -0.13982637214253704, 0.21793733754012434], [-0.04804465648971849, -0.20061556366454142, -0.2634979160244893], [0.37592657664733325, 0.0, 0.032154342645613]]	0.6666221767197978	[[0.6601141898494356, -0.6601141898494355, 0.0], [-0.7071067811865475, -0.7071067811865476, 0.0], [0.0, 0.0, -0.9335424399999999]]
