2	[[0.3802729664721569, 0.7767473726770865, -0.5020517802076895], [0.4287143634067757, 0.332951791095048, 0.839849450446521], [0.8195098935212374, -0.5346088512602871, -0.20639019011321075]]	0.1232146969775947	0.8767853030224058	[[0.046855218332637866, 0.09570669215255004, -0.061860157965352436], [0.05282391037710829, 0.04102455404792381, 0.10348179554356753], [0.10097566320036017, -0.06587166760957629, -0.025430304733947418]]	0.40494457205922396	0.8971085733898222	[[0.2112194634349101, 0.33521647578035085, 0.11304370522814752], [0.24062623955871854, -0.20432078426200934, 0.32814919049032426], [0.5627511342227912, 0.0, -0.07819623481087283]]	[[0.05722998976115091, 0.020676843353501534, 0.31634684851592193], [0.0670206851333191, -0.33914780482334567, -0.011943285814916629], [0.23089505109253347, 0.21648695249267033, 0.005380352401743185]]	1.0000000000000007	[[0.0, 0.0, 0.0], [0.0, 0.0, 0.0], [0.0, 0.0, 0.0]]
2	[[0.8592155572171323, 0.2624339665249735, -0.4391776855101157], [-0.4266000482917053, 0.8413623931712975, -0.33184593135155627], [0.2824199444684594, 0.4724804086637203, 0.8348660002631537]]	0.16547461292584043	0.8345253870741597	[[0.14217836175036525, 0.043426159029312954, -0.07267275751545285], [-0.0705914778652148, 0.1392241163403793, -0.054912077041413786], [0.04673333099345563, 0.07818351273867202, 0.13814912823848996]]	0.0	0.6891248652796047	[[0.6530838231038953, 0.6530838231038952, 0.0], [-0.7071067811865475, 0.7071067811865476, 0.0], [0.0, 0.0, 0.9236]]	[[0.6530838231038953, 0.6530838231038952, 0.0], [-0.7071067811865475, 0.7071067811865476, 0.0], [0.0, 0.0, 0.9236]]	0.6891248652796047	[[0.6530838231038953, 0.6530838231038952, 0.0], [-0.7071067811865475, 0.7071067811865476, 0.0], [0.0, 0.0, 0.9236]]
2	[[-0.3195682178843842, -0.5708200961323295, -0.7563336379995778], [0.910087742671785, 0.03735879733279218, -0.41272826520656647], [0.2638493031197415, -0.8202248094963509, 0.507557688474819]]	0.11334125539521163	0.8866587446047883	[[-0.036220262999426635, -0.06469746630045363, -0.08572380402849969], [0.10315048727421443, 0.004234292989753953, -0.04677913971560009], [0.0299050112507432, -0.09296530961461472, 0.05752722559722773]]	0.35823018866418765	1.084394560161657	[[-0.047795744002162174, -0.2711682297124331, 0.18220748609721465], [0.5368338643456052, -0.23124038030882355, -0.14785172431199117], [0.23650837315055956, -0.04731480224327297, 0.08751814554949337]]	[[0.06668323898163893, -0.06668323898163891, 0.4531490279308748], [0.21081296058732701, -0.24462342932561687, 0.0], [0.1419895875150602, 0.24651448600965217, -0.09430434095080001]]	0.9608185728693851	[[1.703288428075421e-16, -0.85303696, 0.0], [1.0, 1.7938038903913487e-16, 0.0], [0.0, 0.0, 0.85303696]]
2	[[0.5319609947059123, -0.8460851799387872, 0.03402011756955908], [-0.703274286200726, -0.4190807785627857, 0.5742617690636116], [-0.47161719485230363, -0.3294103357928521, -0.8179645788128509]]	0.14831565894407142	0.8516843410559286	[[0.07889814546235106, -0.12548768098543447, 0.005045716154683917], [-0.10430658917628216, -0.06215624182333397, 0.08517201268505772], [-0.069948215023874, -0.0488567110161047, -0.1213169554995378]]	0.4528062477086982	0.8234995301292698	[[0.2138399470219625, -0.4910388284972296, 0.22254389081330664], [-0.383049199479067, -0.39860822788087696, 0.0], [0.1261876039205281, -0.1444493147453959, -0.32176005059812474]]	[[-0.027035314918208264, -0.10792617292720859, 0.2071393690300258], [-0.06460220883450318, -0.20884583305302218, -0.26002931685225295], [0.33973881627650165, 0.004709743361427729, 0.04861942109274794]]	0.6969315574558564	[[0.6031882190187577, -0.6031882190187576, 0.0], [-0.7071067811865475, -0.7071067811865476, 0.0], [0.0, 0.0, -0.85303696]]
2	[[0.8489524140446696, -0.5135124485683378, 0.12483895166604869], [0.522794976890395, 0.7815435453534784, -0.34040431673891397], [0.0772347773085365, 0.35425224329800037, 0.9319550081910795]]	0.20888862124622062	0.7911113787537793	[[0.17733649927344167, -0.10726690737421087, 0.026077436491344502], [0.10920592191708436, 0.16325555363277136, -0.07110658838985352], [0.016133466144239078, 0.0739992626759, 0.1946747967245448]]	0.0	0.4531760884814718	[[0.6530838231038956, -0.6530838231038953, 0.0], [0.7071067811865476, 0.7071067811865477, 0.0], [0.0, 0.0, 0.9236000000000003]]	[[0.6530838231038955, -0.6530838231038953, 0.0], [0.7071067811865476, 0.7071067811865477, 0.0], [0.0, 0.0, 0.9236000000000002]]	0.4531760884814719	[[0.6530838231038953, -0.6530838231038952, 0.0], [0.7071067811865475, 0.7071067811865476, 0.0], [0.0, 0.0, 0.9236]]
2	[[-0.42203838922340475, -0.825029846081567, 0.3757783270710803], [0.2588054115689476, 0.28760896992378115, 0.9221175843470338], [-0.8688517462515349, 0.4864224845687207, 0.09214016247897017]]	0.10548768745148891	0.8945123125485112	[[-0.04451985369492835, -0.08703049054160235, 0.03963998671711748], [0.0273007843663391, 0.03033920512756451, 0.09727205153112187], [-0.09165316145026237, 0.0513115830215619, 0.009719652661311005]]	0.3363899989371746	1.1278534699065026	[[-0.2260781094307253, -0.4418910125189225, 0.2791261869309172], [0.18565858132343166, 0.016319089320232166, 0.018916720441745513], [0.15486327429287297, 0.16362765906708984, -0.08795251648286831]]	[[-0.0841086161284173, -0.16435922347240678, 0.15271811588686318], [0.09859902920081833, -0.08042969176675047, -0.2912744127767032], [0.44713631229098916, 0.0, -0.11894754564124019]]	1.0000000000000002	[[0.0, 0.0, 0.0], [0.0, 0.0, 0.0], [0.0, 0.0, 0.0]]
2	[[0.034229894132735264, 0.2773841392786001, 0.9601491309293217], [-0.1827544195208179, -0.9427759796974285, 0.2788803941677556], [0.9825625356654255, -0.18501754344446375, 0.018422055382213542]]	0.7525719700390017	0.2474280299609982	[[0.025760458861699045, 0.2087515281544689, 0.7225813229947151], [-0.13753585353211614, -0.7095067763463438, 0.20987756764408116], [0.7394490231522463, -0.1392390171617767, 0.013863922511160046]]	0.8685500321351284	0.1969732347852118	[[0.0, 0.20662395625419466, 0.7950430823775869], [-0.18838221652699721, -0.8216380694092411, 0.2422215753162614], [0.81406665331006, -0.16069699330425147, 0.0]]	[[-0.029730375648969257, -0.03429804683000837, -0.0388944761455909], [-0.02965085957935412, -0.002789961946812334, 0.0], [-0.03933806861691849, 0.0, -0.01600047679421668]]	0.37224288617044543	[[0.0, 0.0, 0.9236], [0.0, -1.0, 0.0], [0.9236, 0.0, 0.0]]
2	[[0.08740825448676931, -0.06334395238859675, -0.994156597696443], [0.7119981850616444, -0.6940087028176986, 0.10681996481098455], [-0.6967197295301035, -0.717174639895393, -0.015561310176609944]]	0.14953764730476093	0.8504623526952391	[[0.013070824730967302, -0.009472305611175548, -0.14866383867203184], [0.10647053347937804, -0.10378042862838767, 0.01597360622301198], [-0.10418582918474105, -0.10724460835659622, -0.0023270017127898987]]	0.43927527226000757	1.023526359895444	[[0.05917965107238545, -0.014676938315653552, -0.0007700887450203392], [0.6352871687744184, -0.6363350589979512, 0.03797314419109104], [0.00760186458441269, -0.012180812210938143, 0.02255641970737403]]	[[0.020783366284937817, 0.01314849361587224, 0.43593832137716754], [0.3225239721828334, -0.331474197116892, -0.008950224934058629], [0.3136536134626678, 0.3028562729870835, 0.029392118471926784]]	0.8315603023914669	[[0.0, 0.0, -0.85303696], [0.0, -1.0, 0.0], [-0.85303696, 0.0, 0.0]]
2	[[0.8787972042104137, -0.3840163418041313, 0.28327887866788265], [-0.395223040501579, -0.9183905790867732, -0.018907472103605397], [0.2674214316928388, -0.09534250611366366, -0.9588511794847616]]	0.5538127297317958	0.446187270268204	[[0.48668907854443977, -0.2126731385161643, 0.15688344907042234], [-0.21887955091307962, -0.5086163935640107, -0.010471198738025487], [0.14810139307459608, -0.05280189357027851, -0.5310239891170081]]	0.7968241655917344	0.3603875499225273	[[0.555497673576095, -0.23899270985002535, 0.23247811696771023], [-0.35000895107596625, -0.8431428344324021, -0.015065930682404366], [0.20633319832658076, -0.07597121287944487, -0.6439608673064573]]	[[-0.14474917539321697, 0.06700079128164182, 0.006754660843412473], [-0.0350856816056673, -0.11134702756427423, 0.0], [-0.006754660843412473, 0.0, 0.12007492371313842]]	0.5072912263063645	[[0.6031882190187577, -0.6031882190187576, 0.0], [-0.7071067811865475, -0.7071067811865476, 0.0], [0.0, 0.0, -0.85303696]]
2	[[-0.30792515101507295, 0.09349718223056193, 0.9468053539599837], [0.3027085282091916, -0.9338174967034747, 0.1906631317268273], [0.9019698710720718, 0.34531602882779927, 0.2592434992682147]]	0.5361625452784194	0.4638374547215807	[[-0.16509793272348322, 0.05012968720109831, 0.5076415684624196], [0.1623009749621244, -0.5006779658580571, 0.10222642999741031], [0.48360246183844996, 0.18514552094174894, 0.13899665441453005]]	0.7692490677429212	0.3275456182898113	[[-0.0858784767185383, 0.12511274402118489, 0.7401872210619348], [0.31139803514782327, -0.8102630692574823, 0.14666743633380772], [0.6819813972601833, 0.2656340332524723, 0.0858784767185383]]	[[0.15099265863440484, 0.053190123753735094, 0.011858085194210888], [0.07853978202507088, -0.09192483047630592, 0.0], [-0.011858085194210888, 0.0, -0.11354434341194858]]	0.48154834394625295	[[0.0, 0.0, 0.9236], [0.0, -1.0, 0.0], [0.9236, 0.0, 0.0]]
2	[[0.22433838825039393, -0.7661379269479729, -0.6022499185961573], [-0.9416906372873723, -0.011392912655017143, -0.3362869982418849], [0.2507808429735371, 0.642575192824231, -0.724020780340167]]	0.138229592829961	0.8617704071700392	[[0.031010204063981653, -0.1059029336936087, -0.08324876102942398], [-0.13016951336402002, -0.0015748376774503553, -0.04648481484098556], [0.034665333813786406, 0.08882290726672713, -0.1000810976668519]]	0.3977244706070829	0.8693797013323662	[[0.018307656871810876, -0.303469354425926, 0.1042669138284858], [-0.4603323199940702, -0.12340160878332362, -0.1337495683477987], [0.27205970573127675, 0.04178626451895528, -0.3185780986688257]]	[[-0.07091720983192328, 0.0012424469814644318, 0.3437964438753012], [-0.08579890980330335, -0.11887036862893423, 0.0], [0.17231802772122876, -0.21378161387230624, -0.03061731709950566]]	0.964739862078418	[[0.6031882190187577, -0.6031882190187576, 0.0], [-0.7071067811865475, -0.7071067811865476, 0.0], [0.0, 0.0, -0.85303696]]
2	[[-0.5446221603179724, 0.8109226453022452, -0.2139887049042392], [-0.8354447797583356, -0.5021691245819775, 0.22328947644507607], [0.07361197229480154, 0.30038414347728, 0.9509735242804028]]	0.23318614152076042	0.7668138584792396	[[-0.12699834015124897, 0.18909592272983877, -0.04989920042564418], [-0.19481414464550773, -0.1170988805521294, 0.052068011454418014], [0.017165291789157877, 0.07004541939148541, 0.22175384681534627]]	0.5889016831030897	0.5800361309656317	[[-0.33935313508449766, 0.5211166475816034, 0.13372594876807276], [-0.6061188864411944, -0.4025944788813363, 0.131495548497713], [0.17387509090173925, 0.015241959487278883, 0.49842261285908773]]	[[-0.018624228218003087, 0.04356293689670138, 0.25974425725122957], [-0.11412404950182062, -0.10686623621260465, 0.0], [0.1305248765207926, -0.16165476818397126, -0.061607296176118403]]	0.43252194332590926	[[-0.6031882190187577, 0.6031882190187576, 0.0], [-0.7071067811865475, -0.7071067811865476, 0.0], [0.0, 0.0, 0.85303696]]
2	[[-0.8305561570912853, 0.32773595720904825, 0.4502950280316503], [-0.5100865793185324, -0.772219296347621, -0.37879947194723407], [0.22358030216652452, -0.5443036842615101, 0.808545204538665]]	0.1829047493596144	0.8170952506403855	[[-0.15191266574186607, 0.059944463109454275, 0.0823610992400095], [-0.09329725794195927, -0.14124257684911942, -0.06928422247406313], [0.040893899129515014, -0.0995557289453662, 0.14788675798206272]]	0.5142077675600448	0.6666462024188662	[[-0.3703943544478667, 0.14310174796744357, 0.3967592760638346], [-0.35465842000627973, -0.6051052751198736, -0.05697187794760796], [0.3149159401967746, -0.24618640901003122, 0.25838489186377733]]	[[0.05668407292329297, -0.025422626938175465, 0.16521407495629198], [-0.0923679387925575, -0.2080241146781748, 0.13780975287530312], [0.19994921214932582, 0.03369877334878739, -0.15737533273342935]]	0.6852908078383653	[[-0.6031882190187577, 0.6031882190187576, 0.0], [-0.7071067811865475, -0.7071067811865476, 0.0], [0.0, 0.0, 0.85303696]]
2	[[0.04673222253661188, -0.9725397674033924, -0.22799671093185395], [-0.8377629715199755, -0.16246744520517667, 0.5213036857710898], [-0.5440306084466285, 0.16664552219444034, -0.8223502702654952]]	0.17415233659530294	0.8258476634046967	[[0.008138525749042627, -0.16937007292515324, -0.0397061599448262], [-0.14589837900322797, -0.028294085203150805, 0.09078625495277885], [-0.09474420164034476, 0.029021707073306202, -0.14321422106651488]]	0.458060214873877	0.8672359298061095	[[-0.05223247171010192, -0.5474386622579569, 0.09443316896210444], [-0.30736852913775986, -0.18490123328087993, 0.0], [0.06677433414203907, 0.06677433414203905, -0.48082671000283694]]	[[-0.07363864360675619, -0.10195688742776873, 0.19886939136208664], [0.07637735761005764, -0.11048136042018686, -0.23878847831884942], [0.3159731115450678, -0.009559349562115745, -0.1041407685034334]]	0.8908322704811016	[[0.6031882190187577, -0.6031882190187576, 0.0], [-0.7071067811865475, -0.7071067811865476, 0.0], [0.0, 0.0, -0.85303696]]
