2	[[0.8592155572171323, 0.2624339665249735, -0.4391776855101157], [-0.4266000482917053, 0.8413623931712975, -0.33184593135155627], [0.2824199444684594, 0.4724804086637203, 0.8348660002631537]]	0.16652238430066424	0.8334776156993358	[[0.1430786232160207, 0.04370112982721929, -0.07313291532279174], [-0.07103845718431327, 0.1401056717717975, -0.05525977570913572], [0.04702924252694904, 0.07867856418603493, 0.13902387693537935]]	0.0	0.6889340104534446	[[0.6566193570098279, 0.6566193570098279, 0.0], [-0.7071067811865474, 0.7071067811865474, 0.0], [0.0, 0.0, 0.9286000000000001]]	[[0.656619357009828, 0.6566193570098279, 0.0], [-0.7071067811865474, 0.7071067811865475, 0.0], [0.0, 0.0, 0.9285999999999999]]	0.6889340104534447	[[0.6566193570098281, 0.656619357009828, 0.0], [-0.7071067811865475, 0.7071067811865476, 0.0], [0.0, 0.0, 0.9286000000000001]]
2	[[0.8489524140446696, -0.5135124485683378, 0.12483895166604869], [0.522794976890395, 0.7815435453534784, -0.34040431673891397], [0.0772347773085365, 0.35425224329800037, 0.9319550081910795]]	0.2099570692894313	0.7900429307105686	[[0.17824356081900672, -0.10781556874504804, 0.02621082042496853], [0.10976450118714332, 0.16409059230448808, -0.0714702927159737], [0.016215987490922207, 0.07437776279205474, 0.19567054222940702]]	0.0	0.45129107704232974	[[0.656619357009828, -0.6566193570098279, 0.0], [0.7071067811865474, 0.7071067811865475, 0.0], [0.0, 0.0, 0.9285999999999998]]	[[0.656619357009828, -0.6566193570098279, 0.0], [0.7071067811865474, 0.7071067811865475, 0.0], [0.0, 0.0, 0.9285999999999999]]	0.4512910770423299	[[0.6566193570098281, -0.656619357009828, 0.0], [0.7071067811865475, 0.7071067811865476, 0.0], [0.0, 0.0, 0.9286000000000001]]
2	[[-0.8305561570912853, 0.32773595720904825, 0.4502950280316503], [-0.5100865793185324, -0.772219296347621, -0.37879947194723407], [0.22358030216652452, -0.5443036842615101, 0.808545204538665]]	0.18415117807124168	0.8158488219287583	[[-0.15294789478268345, 0.06035296261635229, 0.08292235989165118], [-0.09393304449983761, -0.14220509315175964, -0.06975636901184741], [0.04117257603748968, -0.10023416468527425, 0.1488945519396482]]	0.5167119925452907	0.6638208428131895	[[-0.37400871296862315, 0.1454578519406634, 0.39959784815182886], [-0.35424020531166867, -0.6044830766217303, -0.0576855443748559], [0.31773134365487904, -0.2473853526965419, 0.2609395452039082]]	[[0.05514961388277431, -0.023887247537562037, 0.1669250069843573], [-0.0906723525413783, -0.20546810532402876, 0.1380446855501033], [0.20220472022853597, 0.03386288854796574, -0.1568454584962049]]	0.6843409010581973	[[-0.6097367349193265, 0.6097367349193263, 0.0], [-0.7071067811865475, -0.7071067811865476, 0.0], [0.0, 0.0, 0.8622979600000001]]
2	[[0.22433838825039393, -0.7661379269479729, -0.6022499185961573], [-0.9416906372873723, -0.011392912655017143, -0.3362869982418849], [0.2507808429735371, 0.642575192824231, -0.724020780340167]]	0.139286374662702	0.8607136253372979	[[0.031247280797071078, -0.10671257433618116, -0.08388520780216616], [-0.1311646749215676, -0.0015868775005661584, -0.04684019683131458], [0.0349303544526403, 0.08950196905667382, -0.10084622967404235]]	0.39996704604916977	0.8692357802540738	[[0.018512524444589975, -0.30552897431504444, 0.105498744076228], [-0.46255510606455097, -0.12392841265464996, -0.13450371731154906], [0.2744534180134146, 0.04139905754034503, -0.31998380226139855]]	[[-0.07121543801935189, 0.0009009491925709573, 0.34637886500048604], [-0.08590988357656039, -0.11937162303412659, 0.0], [0.17414934504356827, -0.21560984419803836, -0.030399349470527054]]	0.9634145031531807	[[0.6097367349193265, -0.6097367349193263, 0.0], [-0.7071067811865475, -0.7071067811865476, 0.0], [0.0, 0.0, -0.8622979600000001]]
2	[[0.8787972042104137, -0.3840163418041313, 0.28327887866788265], [-0.395223040501579, -0.9183905790867732, -0.018907472103605397], [0.2674214316928388, -0.09534250611366366, -0.9588511794847616]]	0.5603998410443484	0.4396001589556516	[[0.49247781354973363, -0.21520269690546737, 0.1587494385767027], [-0.22148292907414896, -0.5146659345368549, -0.010595744361410918], [0.14986292781251892, -0.05342992527086693, -0.5373400485684465]]	0.8008054296200158	0.35462639476719293	[[0.5606020455872491, -0.24145621102392323, 0.23361063299003448], [-0.34961046868992457, -0.8437309293151277, -0.015141206320956183], [0.207393165640259, -0.0763507965694014, -0.6503945710000468]]	[[-0.14314352707933975, 0.06606616055564087, 0.006759368856124412], [-0.03311371194532879, -0.10827876707056922, 0.0], [-0.006759368856124412, 0.0, 0.11745865972890662]]	0.5040665626840464	[[0.6097367349193265, -0.6097367349193263, 0.0], [-0.7071067811865475, -0.7071067811865476, 0.0], [0.0, 0.0, -0.8622979600000001]]
2	[[0.08740825448676931, -0.06334395238859675, -0.994156597696443], [0.7119981850616444, -0.6940087028176986, 0.10681996481098455], [-0.6967197295301035, -0.717174639895393, -0.015561310176609944]]	0.15110029080877782	0.8488997091912223	[[0.013207412672038503, -0.009571289626894339, -0.15021735102139763], [0.10758313281813647, -0.10486491681957691, 0.016140527747123174], [-0.1052745537442116, -0.10836529664887438, -0.0023513184930513617]]	0.4417664976843197	1.0239262888102372	[[0.059669782255740204, -0.014783009662003382, -0.0006553265722449332], [0.6352444034164525, -0.6364072331966629, 0.038079501391038245], [0.007854616098166078, -0.012291057357385672, 0.022902852955135805]]	[[0.021055743802420368, 0.013200226334189345, 0.4385297517418719], [0.3207074588441778, -0.3298174391904505, -0.009109980346272669], [0.3156420508802464, 0.30453267153721525, 0.029777318451236122]]	0.828392645199378	[[0.0, 0.0, -0.8622979600000001], [0.0, -1.0, 0.0], [-0.8622979600000001, 0.0, 0.0]]
2	[[0.3802729664721569, 0.7767473726770865, -0.5020517802076895], [0.4287143634067757, 0.332951791095048, 0.839849450446521], [0.8195098935212374, -0.5346088512602871, -0.20639019011321075]]	0.12374546061468916	0.8762545393853112	[[0.047057053395411316, 0.09611896141317568, -0.06212662879422523], [0.053051456371904684, 0.041201272751542506, 0.1039275570924983], [0.10141062925208044, -0.06615541854789408, -0.025539849141912527]]	0.4070144764990508	0.8963019753088702	[[0.2138939699319336, 0.3371881935110872, 0.11520438448495293], [0.24144173990088286, -0.20312554496288016, 0.328119859064971], [0.5678661636791891, 0.0, -0.07672265327853338]]	[[0.05911736755652762, 0.02104076824890981, 0.3195467269816022], [0.06694878771125023, -0.3386417439148525, -0.013711025346535264], [0.2343137733818498, 0.21759354172746467, 0.007281141904934674]]	1.0000000000000007	[[0.0, 0.0, 0.0], [0.0, 0.0, 0.0], [0.0, 0.0, 0.0]]
2	[[-0.30792515101507295, 0.09349718223056193, 0.9468053539599837], [0.3027085282091916, -0.9338174967034747, 0.1906631317268273], [0.9019698710720718, 0.34531602882779927, 0.2592434992682147]]	0.5429164961762215	0.45708350382377866	[[-0.1671776440736373, 0.05076116257896634, 0.5140362453328414], [0.16434545349799518, -0.5069849233783008, 0.10351415942711444], [0.48969432205896746, 0.18747776844467587, 0.140747572279162]]	0.7733073009833553	0.32263796605759115	[[-0.08926630682760915, 0.1271382389028198, 0.7438093417213532], [0.3096788101401932, -0.8106546955673773, 0.14744119179270676], [0.6858620376730811, 0.267035406239116, 0.08926630682760915]]	[[0.14885446060874902, 0.05483618526255505, 0.011637848893967864], [0.07559209520609941, -0.08852680758058008, 0.0], [-0.011637848893967864, 0.0, -0.11120858388897444]]	0.48029422773952546	[[0.0, 0.0, 0.9286000000000001], [0.0, -1.0, 0.0], [0.9286000000000001, 0.0, 0.0]]
2	[[-0.5446221603179724, 0.8109226453022452, -0.2139887049042392], [-0.8354447797583356, -0.5021691245819775, 0.22328947644507607], [0.07361197229480154, 0.30038414347728, 0.9509735242804028]]	0.2347665682149276	0.7652334317850723	[[-0.12785907555165052, 0.1903775265253791, -0.05023739388712508], [-0.19613450387694048, -0.11789252204160533, 0.05242090410351843], [0.017281630115182876, 0.07052015451034145, 0.2232567907585653]]	0.5907605285813244	0.5800286752948446	[[-0.3444242098200707, 0.5233793535644059, 0.13450585500405357], [-0.6069044033683264, -0.39948040053921907, 0.13191060913134034], [0.17554074629562375, 0.014679258069697852, 0.49912213329358135]]	[[-0.022682934513522643, 0.04431826298708578, 0.260921935423715], [-0.11335660367778386, -0.1028187030639492, 0.0], [0.13205369863283295, -0.16277583730838846, -0.06267548857715427]]	0.4284753419270385	[[-0.6097367349193265, 0.6097367349193263, 0.0], [-0.7071067811865475, -0.7071067811865476, 0.0], [0.0, 0.0, 0.8622979600000001]]
2	[[-0.3195682178843842, -0.5708200961323295, -0.7563336379995778], [0.910087742671785, 0.03735879733279218, -0.41272826520656647], [0.2638493031197415, -0.8202248094963509, 0.507557688474819]]	0.11415546334445748	0.8858445366555424	[[-0.036480457982754455, -0.06516223256031382, -0.08633961688884095], [0.10389148794880895, 0.004264710819516512, -0.047115186350009726], [0.03011983945074634, -0.0936331431746753, 0.057940483101884765]]	0.36025245027812275	1.0857256977981011	[[-0.04733593731607015, -0.2734286345074575, 0.18331341864227219], [0.5375397806094114, -0.23258774303438934, -0.14868636883970446], [0.2394283199249089, -0.04689340896542296, 0.08698035884976685]]	[[0.06778929620779224, -0.06778929620779223, 0.45578446495938674], [0.2096784413438153, -0.24604634131297157, 0.0], [0.1443759619718469, 0.24859458843454388, -0.0958685420807868]]	0.9630826591301223	[[1.7217801873684846e-16, -0.8622979600000001, 0.0], [1.0, 1.7938038903913487e-16, 0.0], [0.0, 0.0, 0.8622979600000001]]
2	[[0.034229894132735264, 0.2773841392786001, 0.9601491309293217], [-0.1827544195208179, -0.9427759796974285, 0.2788803941677556], [0.9825625356654255, -0.18501754344446375, 0.018422055382213542]]	0.7623368517499355	0.2376631482500646	[[0.02609470972888299, 0.21146015146301364, 0.7319570656830956], [-0.13932042882088727, -0.7187128722679987, 0.2126008017046279], [0.7490436300866142, -0.1410456915879594, 0.01404381170283963]]	0.8729216466304077	0.19002162219633	[[0.0, 0.20991844735182635, 0.8012607036660944], [-0.18729699729204305, -0.8215825903328553, 0.24344073288985438], [0.8213138710524892, -0.16150581867905428, 0.0]]	[[-0.029880015550331804, -0.03221617225640759, -0.0368742567154839], [-0.02776670847494636, 0.0013869702682199813, 0.0], [-0.03638623549792272, 0.0, -0.01608101091855841]]	0.36989574211010257	[[0.0, 0.0, 0.9286000000000001], [0.0, -1.0, 0.0], [0.9286000000000001, 0.0, 0.0]]
2	[[0.5319609947059123, -0.8460851799387872, 0.03402011756955908], [-0.703274286200726, -0.4190807785627857, 0.5742617690636116], [-0.47161719485230363, -0.3294103357928521, -0.8179645788128509]]	0.14919538445199768	0.8508046155480025	[[0.07936612511861571, -0.126232003700105, 0.005075644519892522], [-0.10492527750492156, -0.06252491787411736, 0.08567720541152984], [-0.07036310870016209, -0.049146501691076226, -0.12203653980409962]]	0.4550232635916661	0.8215575321649782	[[0.2145981870877842, -0.4972051080851865, 0.22396046735159766], [-0.38340442064098, -0.3989314403389522, 0.0], [0.1293995800963562, -0.14636652405374284, -0.3253747102831722]]	[[-0.027456440826769023, -0.11221666823289742, 0.2084805224273247], [-0.0633982597338262, -0.20823993676877717, -0.26130246431524823], [0.34399637526399807, 0.003522841999547366, 0.04681820187063376]]	0.6933192348807199	[[0.6097367349193265, -0.6097367349193263, 0.0], [-0.7071067811865475, -0.7071067811865476, 0.0], [0.0, 0.0, -0.8622979600000001]]
2	[[0.04673222253661188, -0.9725397674033924, -0.22799671093185395], [-0.8377629715199755, -0.16246744520517667, 0.5213036857710898], [-0.5440306084466285, 0.16664552219444034, -0.8223502702654952]]	0.17502083149435363	0.8249791685056462	[[0.008179112445936967, -0.17021471875226707, -0.03990417392527086], [-0.1466259718706066, -0.028435187350573314, 0.09123900454472737], [-0.09521668944870813, 0.02916643785928172, -0.1439284280814734]]	0.4602360933074166	0.8699430150420303	[[-0.054112025306984564, -0.5521776697675082, 0.09645288365222812], [-0.3066183802299548, -0.18670043329457822, 0.0], [0.0682024880954876, 0.06820248809548758, -0.48541793678456874]]	[[-0.07561988083880762, -0.10457976663166715, 0.20138519917844494], [0.07895037690001121, -0.11192705102371094, -0.23992277176604346], [0.31858500996662087, -0.008493796006456032, -0.1069426610672791]]	0.8888985149833433	[[0.6097367349193265, -0.6097367349193263, 0.0], [-0.7071067811865475, -0.7071067811865476, 0.0], [0.0, 0.0, -0.8622979600000001]]
2	[[-0.42203838922340475, -0.825029846081567, 0.3757783270710803], [0.2588054115689476, 0.28760896992378115, 0.9221175843470338], [-0.8688517462515349, 0.4864224845687207, 0.09214016247897017]]	0.10595033403119775	0.8940496659688023	[[-0.04471510831220838, -0.08741218777804968, 0.03981383927486566], [0.027420519804811624, 0.030472266433793353, 0.0976986660776094], [-0.09205513273893955, 0.05153662472034109, 0.009762280992335719]]	0.3380083536139022	1.129510059948852	[[-0.22710730867629775, -0.44551862795368163, 0.2818439123560796], [0.18541995128627525, 0.015603359292963519, 0.020477312195765433], [0.15771776365333717, 0.16441486316985707, -0.088292989656157]]	[[-0.08445480757303152, -0.16665164799731993, 0.15482769869899718], [0.09794156021548688, -0.08161087511556409, -0.29120613432780407], [0.4513969119383824, 0.0, -0.11943713427739114]]	1.0000000000000002	[[0.0, 0.0, 0.0], [0.0, 0.0, 0.0], [0.0, 0.0, 0.0]]
