2	[[0.8787972042104137, -0.3840163418041313, 0.28327887866788265], [-0.395223040501579, -0.9183905790867732, -0.018907472103605397], [0.2674214316928388, -0.09534250611366366, -0.9588511794847616]]	0.5525084016741943	0.44749159832580576	[[0.4855428386940462, -0.21217225522697167, 0.15651396048084984], [-0.21836405041234275, -0.5074185109638707, -0.010446537191662435], [0.14775258779803507, -0.052677535664472405, -0.5297733326205417]]	0.796025862628375	0.36153742621434526	[[0.5544790359189191, -0.23850182232152284, 0.2322509622489075], [-0.350089464857977, -0.8430248617567475, -0.015050836791394424], [0.2061207273556996, -0.07589510067428024, -0.6426775373807074]]	[[-0.14506626663807975, 0.06718511742650365, 0.006753648492907452], [-0.03548170311209841, -0.11196220880942602, 0.0], [-0.006753648492907452, 0.0, 0.12059279990088499]]	0.5079451668117604	[[0.6018827584793313, -0.6018827584793311, 0.0], [-0.7071067811865475, -0.7071067811865476, 0.0], [0.0, 0.0, -0.8511907600000002]]
2	[[0.8592155572171323, 0.2624339665249735, -0.4391776855101157], [-0.4266000482917053, 0.8413623931712975, -0.33184593135155627], [0.2824199444684594, 0.4724804086637203, 0.8348660002631537]]	0.16526466090899763	0.8347353390910024	[[0.14199796771122483, 0.04337106048875301, -0.07258055127462769], [-0.07050191232469072, 0.13904747060903738, -0.054842405318845454], [0.04667403635651786, 0.07808431452395437, 0.13797384643794122]]	0.0	0.6891665797351457	[[0.652376716322709, 0.6523767163227088, 0.0], [-0.7071067811865475, 0.7071067811865475, 0.0], [0.0, 0.0, 0.9226000000000002]]	[[0.6523767163227089, 0.6523767163227088, 0.0], [-0.7071067811865475, 0.7071067811865476, 0.0], [0.0, 0.0, 0.9226000000000001]]	0.689166579735146	[[0.6523767163227089, 0.6523767163227088, 0.0], [-0.7071067811865475, 0.7071067811865476, 0.0], [0.0, 0.0, 0.9226000000000001]]
2	[[0.3802729664721569, 0.7767473726770865, -0.5020517802076895], [0.4287143634067757, 0.332951791095048, 0.839849450446521], [0.8195098935212374, -0.5346088512602871, -0.20639019011321075]]	0.12310760499713685	0.8768923950028638	[[0.04681449414754377, 0.09562350873809461, -0.06180639224591761], [0.05277799850688032, 0.0409888975812184, 0.10339185440263278], [0.10088790026285813, -0.06581441528892455, -0.025408201999741142]]	0.40452910028087774	0.8972766177313625	[[0.21068521642754368, 0.3348213797185798, 0.11261410550003192], [0.2404625521097321, -0.20455888055823923, 0.32815507790194515], [0.5617302316504292, 0.0, -0.07848716917724233]]	[[0.05685373543942166, 0.02060446390398234, 0.3157086604418614], [0.0670351164032999, -0.33924756904682574, -0.01158846465857563], [0.2302146317530051, 0.21626483760251758, 0.005003668736054137]]	1.0000000000000007	[[0.0, 0.0, 0.0], [0.0, 0.0, 0.0], [0.0, 0.0, 0.0]]
2	[[-0.3195682178843842, -0.5708200961323295, -0.7563336379995778], [0.910087742671785, 0.03735879733279218, -0.41272826520656647], [0.2638493031197415, -0.8202248094963509, 0.507557688474819]]	0.1131782383080494	0.8868217616919506	[[-0.03616816791939749, -0.06460441287108847, -0.08560050872191013], [0.103002127421342, 0.004228202867432879, -0.04671185795601659], [0.029861999305898862, -0.09283159895535242, 0.05744448502128577]]	0.35782453833284017	1.067771203801493	[[-0.18081260753315376, -0.27071669487248373, 0.18198584426703313], [0.5366922629007955, -0.07480474541145349, -0.14768430095445365], [0.23592674888045095, -0.047397551598707115, 0.08762335539579429]]	[[-0.06646325750282556, -0.06646325750282554, 0.45262057910982945], [0.21104053653688726, -0.08817263981973011, 0.0], [0.1415149938021879, 0.24609901218846642, -0.09399324015999125]]	0.9603765829142068	[[1.6996020566245139e-16, -0.8511907600000002, 0.0], [1.0, 1.7938038903913487e-16, 0.0], [0.0, 0.0, 0.8511907600000002]]
2	[[0.8489524140446696, -0.5135124485683378, 0.12483895166604869], [0.522794976890395, 0.7815435453534784, -0.34040431673891397], [0.0772347773085365, 0.35425224329800037, 0.9319550081910795]]	0.20867372691290825	0.7913262730870918	[[0.17715406421041158, -0.10715655645892813, 0.02605060930805478], [0.10909357623906646, 0.16308760435363792, -0.07103343743115124], [0.016116868828260855, 0.07392313587625206, 0.19447452487438247]]	0.0	0.45355582517156084	[[0.6523767163227088, -0.6523767163227087, 0.0], [0.7071067811865474, 0.7071067811865475, 0.0], [0.0, 0.0, 0.9226]]	[[0.6523767163227088, -0.6523767163227087, 0.0], [0.7071067811865474, 0.7071067811865475, 0.0], [0.0, 0.0, 0.9226]]	0.45355582517156096	[[0.6523767163227089, -0.6523767163227088, 0.0], [0.7071067811865475, 0.7071067811865476, 0.0], [0.0, 0.0, 0.9226000000000001]]
2	[[0.04673222253661188, -0.9725397674033924, -0.22799671093185395], [-0.8377629715199755, -0.16246744520517667, 0.5213036857710898], [-0.5440306084466285, 0.16664552219444034, -0.8223502702654952]]	0.17397794093512875	0.8260220590648713	[[0.008130375852241939, -0.16920046621037124, -0.03966639830790568], [-0.1457522767767402, -0.02826575158578743, 0.09069534185234757], [-0.09464932506322969, 0.02899264481744802, -0.14307080674823747]]	0.4576236653821353	0.8666970618279882	[[-0.051858804938390755, -0.5464925218972384, 0.0940317385734553], [-0.3075188306695372, -0.184540685774232, 0.0], [0.0664904799920509, 0.06649047999205089, -0.4799104175248996]]	[[-0.07324457590704868, -0.10143530880820861, 0.19836842912516145], [0.07586133107886323, -0.11019173799416795, -0.23856090345978298], [0.3154517611094704, -0.009770454694088859, -0.10358347261801387]]	0.8912232166051829	[[0.6018827584793313, -0.6018827584793311, 0.0], [-0.7071067811865475, -0.7071067811865476, 0.0], [0.0, 0.0, -0.8511907600000002]]
2	[[0.08740825448676931, -0.06334395238859675, -0.994156597696443], [0.7119981850616444, -0.6940087028176986, 0.10681996481098455], [-0.6967197295301035, -0.717174639895393, -0.015561310176609944]]	0.14922598195243444	0.8507740180475657	[[0.01304358260653644, -0.0094525634959366, -0.1483539945057431], [0.10624862831417498, -0.10356413016150637, 0.015940314141043656], [-0.10396868578476424, -0.10702108986977359, -0.002322151791571029]]	0.4387755669011189	1.023446861381398	[[0.05908173675151392, -0.014655720871115552, -0.0007928006501029886], [0.6352957469136511, -0.6363205818520785, 0.03795181040802534], [0.0075517077807843395, -0.012158804919398164, 0.022487494564664576]]	[[0.020729130337244477, 0.013138057747948493, 0.4354188240926415], [0.32288833963066055, -0.3318065198389325, -0.008918180208271972], [0.3132553020765498, 0.3025199042678087, 0.029315417259130703]]	0.8321949032087466	[[0.0, 0.0, -0.8511907600000002], [0.0, -1.0, 0.0], [-0.8511907600000002, 0.0, 0.0]]
2	[[0.034229894132735264, 0.2773841392786001, 0.9601491309293217], [-0.1827544195208179, -0.9427759796974285, 0.2788803941677556], [0.9825625356654255, -0.18501754344446375, 0.018422055382213542]]	0.7505639598871053	0.2494360401128948	[[0.025691724886782168, 0.20819453798682244, 0.7206533337924743], [-0.13716888080241435, -0.7076136726081472, 0.20931757298142745], [0.7374760276057569, -0.13886750005626125, 0.01382693083693375]]	0.8676734159831727	0.19836152795740766	[[0.0, 0.2059686752761963, 0.7938018700904192], [-0.18860026621679127, -0.8216490134982847, 0.2419771042582702], [0.8126211957901155, -0.1605348039372729, 0.0]]	[[-0.029700369170892776, -0.03471016839121883, -0.03929400619629995], [-0.030029114745141354, -0.0036273586873344977, 0.0], [-0.03992219594779225, 0.0, -0.015984327722916424]]	0.37271455602032394	[[0.0, 0.0, 0.9226000000000001], [0.0, -1.0, 0.0], [0.9226000000000001, 0.0, 0.0]]
2	[[-0.5446221603179724, 0.8109226453022452, -0.2139887049042392], [-0.8354447797583356, -0.5021691245819775, 0.22328947644507607], [0.07361197229480154, 0.30038414347728, 0.9509735242804028]]	0.23286983364489408	0.7671301663551059	[[-0.12682607187256906, 0.1888394215104113, -0.04983151411293652], [-0.19454988688181876, -0.11694004050300726, 0.051997383234420366], [0.017142007742562977, 0.06995040552111818, 0.2214530463998761]]	0.5885277016634307	0.5800447348503702	[[-0.33834325054930203, 0.5206630144722619, 0.13356996655778589], [-0.6059608481562887, -0.4032210008355447, 0.1314120423778514], [0.17354287167965474, 0.015353586552086788, 0.4982796119339712]]	[[-0.01781802226239332, 0.043412573805702126, 0.2595082472370119], [-0.11427845205840416, -0.10768056009897652, 0.0], [0.13022018681008307, -0.161430803024735, -0.061394650653546934]]	0.43333948952759793	[[-0.6018827584793313, 0.6018827584793311, 0.0], [-0.7071067811865475, -0.7071067811865476, 0.0], [0.0, 0.0, 0.8511907600000002]]
2	[[-0.30792515101507295, 0.09349718223056193, 0.9468053539599837], [0.3027085282091916, -0.9338174967034747, 0.1906631317268273], [0.9019698710720718, 0.34531602882779927, 0.2592434992682147]]	0.5348216508408882	0.465178349159112	[[-0.1646850376013111, 0.050004317349520475, 0.5063720024298699], [0.16189507478045542, -0.4994258151710581, 0.1019707708646355], [0.48239301545550844, 0.18468248859950334, 0.13864903624839517]]	0.7684357406996932	0.3285287842901141	[[-0.08520449325674978, 0.12470997118830551, 0.7394606416562078], [0.31174349024625986, -0.8101842097811609, 0.14651236485262775], [0.6812043177785418, 0.26535317838776656, 0.08520449325674978]]	[[0.15141619824358268, 0.05286339470762946, 0.011901568187532588], [0.07913143815571569, -0.09260547002349286, 0.0], [-0.011901568187532588, 0.0, -0.1140074771250012]]	0.4818031770771717	[[0.0, 0.0, 0.9226000000000001], [0.0, -1.0, 0.0], [0.9226000000000001, 0.0, 0.0]]
2	[[-0.42203838922340475, -0.825029846081567, 0.3757783270710803], [0.2588054115689476, 0.28760896992378115, 0.9221175843470338], [-0.8688517462515349, 0.4864224845687207, 0.09214016247897017]]	0.10539473906261851	0.8946052609373817	[[-0.044480625906608555, -0.08695380534663906, 0.039605058727043826], [0.027276728820302833, 0.030312472337185425, 0.09718634218730775], [-0.09157240308028086, 0.0512663708353109, 0.00971108838165835]]	0.33606504564772294	1.1275277066151048	[[-0.22587130288682014, -0.4411664989652971, 0.27858404430893996], [0.18570649641686018, 0.016462802456830117, 0.018603365507099547], [0.15429557044328424, 0.16346959448066592, -0.0878839382677864]]	[[-0.0840389523473652, -0.16390280608116137, 0.15229808366837244], [0.09873104396406414, -0.0801925191493, -0.29128812256905434], [0.4462862722084101, 0.0, -0.11884902617727011]]	1.0000000000000002	[[0.0, 0.0, 0.0], [0.0, 0.0, 0.0], [0.0, 0.0, 0.0]]
2	[[-0.8305561570912853, 0.32773595720904825, 0.4502950280316503], [-0.5100865793185324, -0.772219296347621, -0.37879947194723407], [0.22358030216652452, -0.5443036842615101, 0.808545204538665]]	0.18265524803900618	0.8173447519609935	[[-0.15170544088383248, 0.059862692555319834, 0.08224875003585233], [-0.09316999066679474, -0.14104990711488155, -0.0691897115055666], [0.04083811554886248, -0.09941992445733103, 0.14768502488575883]]	0.5137051850056222	0.6672113838513295	[[-0.3696745676104307, 0.14263333873190992, 0.3961918595390401], [-0.3547421872013312, -0.6052291988190571, -0.05682861265563412], [0.31435411267669, -0.24594578838523692, 0.25787578170293773]]	[[0.05698643672570662, -0.02572632179915888, 0.1648729688569294], [-0.0927080666036196, -0.20853614232389123, 0.13776264016105175], [0.19949975218862256, 0.0336658364375639, -0.15747808218000578]]	0.6854919576982309	[[-0.6018827584793313, 0.6018827584793311, 0.0], [-0.7071067811865475, -0.7071067811865476, 0.0], [0.0, 0.0, 0.8511907600000002]]
2	[[0.22433838825039393, -0.7661379269479729, -0.6022499185961573], [-0.9416906372873723, -0.011392912655017143, -0.3362869982418849], [0.2507808429735371, 0.642575192824231, -0.724020780340167]]	0.13801788626465009	0.8619821137353498	[[0.030962710154337776, -0.10574073726454011, -0.0831212607676992], [-0.1299701512736144, -0.0015724257230432803, -0.04641362067562906], [0.03461224186287473, 0.08868686987970031, -0.09992781771423236]]	0.39727462343296155	0.8694102249628709	[[0.018266824286413987, -0.30305710751361303, 0.10402147985772524], [-0.4598864424491205, -0.12329593508852402, -0.1335982905919458], [0.2715817627378419, 0.04186232665073645, -0.31829511370818475]]	[[-0.07085712442731879, 0.0013100489123526043, 0.3432800894805454], [-0.08577664913043412, -0.11876982000369744, 0.0], [0.1719528977813293, -0.21341649110587257, -0.030660030840905975]]	0.9650097171759553	[[0.6018827584793313, -0.6018827584793311, 0.0], [-0.7071067811865475, -0.7071067811865476, 0.0], [0.0, 0.0, -0.8511907600000002]]
2	[[0.5319609947059123, -0.8460851799387872, 0.03402011756955908], [-0.703274286200726, -0.4190807785627857, 0.5742617690636116], [-0.47161719485230363, -0.3294103357928521, -0.8179645788128509]]	0.14814018311916058	0.8518598168808392	[[0.07880479916798468, -0.1253392134905399, 0.0050397464464898775], [-0.1041831815407725, -0.062082703278011464, 0.08507124362741653], [-0.06986545760756516, -0.04879890746569728, -0.12117342249032277]]	0.45236113314185494	0.8238949992125014	[[0.21368696693591357, -0.48981054181876515, 0.22226032757317837], [-0.38297788103934216, -0.398543335890531, 0.0], [0.12554943803368288, -0.14406752204016918, -0.3210396021929548]]	[[-0.02695151141652121, -0.10707449108712516, 0.20687094863979344], [-0.06484392802405253, -0.20896748002189847, -0.25977370457366156], [0.338890726706254, 0.004944910727724332, 0.04897578154872651]]	0.697655640628226	[[0.6018827584793313, -0.6018827584793311, 0.0], [-0.7071067811865475, -0.7071067811865476, 0.0], [0.0, 0.0, -0.8511907600000002]]
