2	[[0.8489524140446696, -0.5135124485683378, 0.12483895166604869], [0.522794976890395, 0.7815435453534784, -0.34040431673891397], [0.0772347773085365, 0.35425224329800037, 0.9319550081910795]]	0.2080266370714124	0.7919733629285876	[[0.1766047157273699, -0.10682426776997792, 0.025969827290608677], [0.10875528092033561, 0.16258187546475297, -0.07081316525578817], [0.016066890988454263, 0.07369390284828681, 0.19387146625585086]]	0.0	0.4547004737665233	[[0.6502553959791492, -0.650255395979149, 0.0], [0.7071067811865475, 0.7071067811865476, 0.0], [0.0, 0.0, 0.9196]]	[[0.6502553959791492, -0.650255395979149, 0.0], [0.7071067811865475, 0.7071067811865476, 0.0], [0.0, 0.0, 0.9196]]	0.4547004737665233	[[0.6502553959791492, -0.650255395979149, 0.0], [0.7071067811865475, 0.7071067811865476, 0.0], [0.0, 0.0, 0.9196]]
2	[[0.034229894132735264, 0.2773841392786001, 0.9601491309293217], [-0.1827544195208179, -0.9427759796974285, 0.2788803941677556], [0.9825625356654255, -0.18501754344446375, 0.018422055382213542]]	0.7445769846097152	0.2554230153902848	[[0.025486791356861813, 0.20653384600262137, 0.714904944682993], [-0.1360747346109095, -0.7019692961255817, 0.2076479229561963], [0.7315934499962384, -0.13775980459777581, 0.013716638446801738]]	0.8650389756097427	0.20252219612638495	[[0.0, 0.2040100604221466, 0.7900828469337348], [-0.18925643750946, -0.8216815385732446, 0.2412424104885166], [0.8082927828136006, -0.16004738625103, 0.0]]	[[-0.029610192555811248, -0.03593803126980387, -0.040483573717950354], [-0.031166741659018508, -0.006143570866309284, 0.0], [-0.04166210651093032, 0.0, -0.015935795916455952]]	0.3741340508908809	[[0.0, 0.0, 0.9196], [0.0, -1.0, 0.0], [0.9196, 0.0, 0.0]]
2	[[-0.30792515101507295, 0.09349718223056193, 0.9468053539599837], [0.3027085282091916, -0.9338174967034747, 0.1906631317268273], [0.9019698710720718, 0.34531602882779927, 0.2592434992682147]]	0.5308185342631135	0.4691814657368866	[[-0.16345237732456888, 0.04963003722935809, 0.5025818302215069], [0.16068329725294742, -0.4956876348693884, 0.10120752412124939], [0.4787823249119666, 0.18330014827993146, 0.13761125429879428]]	0.7659923808897784	0.33148137398335853	[[-0.0831897280086391, 0.12350629600290779, 0.7372765769331577], [0.31278308765173324, -0.8099465594004649, 0.1460465062193339], [0.6788711594191825, 0.2645094470812093, 0.0831897280086391]]	[[0.1526785915532412, 0.05188816677963416, 0.01203088961416025], [0.08091066141313386, -0.0946494717840373, 0.0], [-0.01203088961416025, 0.0, -0.11538881722601824]]	0.4825756403577545	[[0.0, 0.0, 0.9196], [0.0, -1.0, 0.0], [0.9196, 0.0, 0.0]]
2	[[0.3802729664721569, 0.7767473726770865, -0.5020517802076895], [0.4287143634067757, 0.332951791095048, 0.839849450446521], [0.8195098935212374, -0.5346088512602871, -0.20639019011321075]]	0.12278444838068976	0.8772155516193106	[[0.04669160642237235, 0.09537249768530612, -0.061644150891344424], [0.05263945662377953, 0.040881302006968115, 0.10312045149590153], [0.1006230702185229, -0.0656416529014286, -0.025341505644236262]]	0.4032797002340822	0.8977936826079715	[[0.20908381621070143, 0.3336345844010642, 0.11133037973818691], [0.23997031384691309, -0.20527123447672058, 0.32817278243144116], [0.558671729318235, 0.0, -0.07935240547002165]]	[[0.055727448284684775, 0.020388136790237772, 0.31379767116233126], [0.06707851388618316, -0.33954393298193236, -0.01052145218639056], [0.22818002512012578, 0.21559689727873568, 0.0038805685300892373]]	1.0000000000000007	[[0.0, 0.0, 0.0], [0.0, 0.0, 0.0], [0.0, 0.0, 0.0]]
2	[[-0.5446221603179724, 0.8109226453022452, -0.2139887049042392], [-0.8354447797583356, -0.5021691245819775, 0.22328947644507607], [0.07361197229480154, 0.30038414347728, 0.9509735242804028]]	0.23192047114019054	0.7680795288598095	[[-0.12630902801433253, 0.18806956195674632, -0.04962836126007033], [-0.1937567469331659, -0.11646329996510925, 0.05178540057778852], [0.017072123296169035, 0.06966523207829337, 0.2205502277929585]]	0.5874013049621921	0.5800848599085447	[[-0.33532226623776173, 0.5192999105854169, 0.13310201389726936], [-0.6054848517994914, -0.40510802566522053, 0.13116052984816232], [0.1725480363708276, 0.01568663686186289, 0.4978443867067106]]	[[-0.015410498555656654, 0.04296289051148526, 0.2587992584051889], [-0.11474349794559398, -0.11013322657404546, 0.0], [0.12930826778402052, -0.1607594010066417, -0.060758702440092835]]	0.4358081348513066	[[-0.5979748621424256, 0.5979748621424255, 0.0], [-0.7071067811865475, -0.7071067811865476, 0.0], [0.0, 0.0, 0.84566416]]
2	[[0.08740825448676931, -0.06334395238859675, -0.994156597696443], [0.7119981850616444, -0.6940087028176986, 0.10681996481098455], [-0.6967197295301035, -0.717174639895393, -0.015561310176609944]]	0.14829271537874086	0.8517072846212592	[[0.01296200740435902, -0.009393446702526674, -0.14742618138409605], [0.10558414420752657, -0.10291643503731412, 0.015840622638482443], [-0.10331846054996091, -0.10635177475085848, -0.0023076289409403143]]	0.4372735332887298	1.0232093397205289	[[0.05878821782198409, -0.014592062257412892, -0.0008604554692344044], [0.6353215314149189, -0.6362770658894704, 0.03788768450128025], [0.007402024143027422, -0.012092866549366487, 0.022281442015923622]]	[[0.020566901543953905, 0.013106571616021802, 0.43385791264779167], [0.32398356933785066, -0.33280542827524745, -0.008821858937396735], [0.312059121986624, 0.3015086222227645, 0.029085991099451758]]	0.8341008016936805	[[0.0, 0.0, -0.84566416], [0.0, -1.0, 0.0], [-0.84566416, 0.0, 0.0]]
2	[[0.8592155572171323, 0.2624339665249735, -0.4391776855101157], [-0.4266000482917053, 0.8413623931712975, -0.33184593135155627], [0.2824199444684594, 0.4724804086637203, 0.8348660002631537]]	0.16463401233386946	0.8353659876661308	[[0.14145610464433786, 0.04320555688169878, -0.07230358449303266], [-0.07023287761208591, 0.13851686661461732, -0.05463312715507652], [0.0464959286209511, 0.0777863454274546, 0.13744733938445233]]	0.0	0.689298789132173	[[0.6502553959791489, 0.6502553959791489, 0.0], [-0.7071067811865474, 0.7071067811865476, 0.0], [0.0, 0.0, 0.9195999999999998]]	[[0.650255395979149, 0.6502553959791489, 0.0], [-0.7071067811865474, 0.7071067811865475, 0.0], [0.0, 0.0, 0.9195999999999998]]	0.6892987891321731	[[0.6502553959791492, 0.650255395979149, 0.0], [-0.7071067811865475, 0.7071067811865476, 0.0], [0.0, 0.0, 0.9196]]
2	[[0.8787972042104137, -0.3840163418041313, 0.28327887866788265], [-0.395223040501579, -0.9183905790867732, -0.018907472103605397], [0.2674214316928388, -0.09534250611366366, -0.9588511794847616]]	0.5486212402557018	0.45137875974429814	[[0.48212681210716046, -0.21067952171904003, 0.15541280975301827], [-0.2168277546576057, -0.503848578537738, -0.010373040795580076], [0.14671307752628063, -0.05230692395316499, -0.5260461233095726]]	0.7936268478230976	0.3649823368049154	[[0.5514275972863977, -0.23703277867136996, 0.23156819350042554], [-0.35033265413717773, -0.8426702344746683, -0.015005477485887502], [0.20548235790635527, -0.07566637259054129, -0.638834371462563]]	[[-0.1460094577668638, 0.06773290018719991, 0.006750469968372133], [-0.036673038316849274, -0.11381081412360308, 0.0], [-0.006750469968372133, 0.0, 0.12213566764338753]]	0.5099245533237851	[[0.5979748621424256, -0.5979748621424255, 0.0], [-0.7071067811865475, -0.7071067811865476, 0.0], [0.0, 0.0, -0.84566416]]
2	[[-0.42203838922340475, -0.825029846081567, 0.3757783270710803], [0.2588054115689476, 0.28760896992378115, 0.9221175843470338], [-0.8688517462515349, 0.4864224845687207, 0.09214016247897017]]	0.10511505364392827	0.8948849463560716	[[-0.044362587923015284, -0.0867230565287058, 0.03949995900830222], [0.027204344720408842, 0.03023203230201324, 0.09692843934464801], [-0.09132939791585083, 0.051130325559053946, 0.009685318121737237]]	0.33508761613215254	1.126561563594435	[[-0.22524894640420604, -0.43899497453012865, 0.2769604206099092], [0.18585062059740753, 0.01689507831322459, 0.017660822772759627], [0.15259884978882204, 0.1629941507872114, -0.08767723496958664]]	[[-0.08382910864308184, -0.1625376901687795, 0.1510417567975326], [0.09912813219266832, -0.07947912579675928, -0.2913293603596271], [0.4437403102125068, 0.0, -0.11855226236469396]]	1.0000000000000002	[[0.0, 0.0, 0.0], [0.0, 0.0, 0.0], [0.0, 0.0, 0.0]]
2	[[-0.8305561570912853, 0.32773595720904825, 0.4502950280316503], [-0.5100865793185324, -0.772219296347621, -0.37879947194723407], [0.22358030216652452, -0.5443036842615101, 0.808545204538665]]	0.1819063178866374	0.8180936821133625	[[-0.15108341233455128, 0.05961724121495052, 0.08191151051189766], [-0.09278797144722442, -0.14047156879960582, -0.06890601715932394], [0.04067066951909423, -0.09901227901614217, 0.14707948100252666]]	0.5121939572346829	0.6689071118987072	[[-0.36752135910959355, 0.14123372943619963, 0.39449020257244904], [-0.3549937346759181, -0.6055999164086592, -0.05639775037430549], [0.3126711343558518, -0.24522226034541525, 0.2563520862094587]]	[[0.05788448569662273, -0.02663064741479945, 0.1638518102418156], [-0.09373047108245602, -0.21007385915938867, 0.13762105016075657], [0.19815465462945347, 0.03356679763390497, -0.15777988170632612]]	0.6861173812752464	[[-0.5979748621424256, 0.5979748621424255, 0.0], [-0.7071067811865475, -0.7071067811865476, 0.0], [0.0, 0.0, 0.84566416]]
2	[[0.04673222253661188, -0.9725397674033924, -0.22799671093185395], [-0.8377629715199755, -0.16246744520517667, 0.5213036857710898], [-0.5440306084466285, 0.16664552219444034, -0.8223502702654952]]	0.17345335949262386	0.8265466405073761	[[0.008105860995532246, -0.16869028989629345, -0.039546795464398696], [-0.14531280186866313, -0.028180524179021643, 0.09042187561288266], [-0.09436393670188392, 0.028905225669028284, -0.14263941705721733]]	0.4563112636787518	0.8650855372021875	[[-0.05074229995130027, -0.5436574242895958, 0.09283247083097011], [-0.3079702762682154, -0.18345763301176063, 0.0], [0.06564246963888135, 0.06564246963888133, -0.4771654513680126]]	[[-0.07206673947149829, -0.0998765740479145, 0.19686993811088346], [0.07431040392933061, -0.10932190778352806, -0.2378767436145969], [0.3138897640590827, -0.01039975918006922, -0.10191776035660134]]	0.8924042821620377	[[0.5979748621424256, -0.5979748621424255, 0.0], [-0.7071067811865475, -0.7071067811865476, 0.0], [0.0, 0.0, -0.84566416]]
2	[[-0.3195682178843842, -0.5708200961323295, -0.7563336379995778], [0.910087742671785, 0.03735879733279218, -0.41272826520656647], [0.2638493031197415, -0.8202248094963509, 0.507557688474819]]	0.11268884078368784	0.887311159216312	[[-0.03601177202470024, -0.06432505492918547, -0.08523036091188183], [0.10255673273312663, 0.004209919564505074, -0.04650986976479045], [0.029732872110147524, -0.09243018296416497, 0.0571960875450755]]	0.35660519354411885	1.0833428226301935	[[-0.048153913644879864, -0.2693631834044719, 0.1813200091724777], [0.5362666229580627, -0.23015770245996373, -0.14718104289511602], [0.23418660582025513, -0.04764274217790365, 0.08793429171873778]]	[[0.06580577254433007, -0.06580577254433005, 0.45103251253524457], [0.21172460734046067, -0.24348004361339964, 0.0], [0.1400965740147589, 0.24485368476223054, -0.09306341601463063]]	0.959072128848052	[[1.6885669030872017e-16, -0.84566416, 0.0], [1.0, 1.7938038903913487e-16, 0.0], [0.0, 0.0, 0.84566416]]
2	[[0.5319609947059123, -0.8460851799387872, 0.03402011756955908], [-0.703274286200726, -0.4190807785627857, 0.5742617690636116], [-0.47161719485230363, -0.3294103357928521, -0.8179645788128509]]	0.14761469057344265	0.8523853094265573	[[0.07852525763065399, -0.12489460203543963, 0.005021869128302624], [-0.10381361614577894, -0.061862479452823, 0.08476947334848281], [-0.0696176262872378, -0.04862580478975571, -0.1207435882014953]]	0.45102236095848497	0.8250944935448663	[[0.21322535922893832, -0.48613562202652416, 0.22140913987611135], [-0.3827633763918261, -0.398348160090703, 0.0], [0.1236434029617117, -0.14292544297474966, -0.31888322429777227]]	[[-0.026700944541146385, -0.10453228659854781, 0.20606530612980356], [-0.06557094742818148, -0.20933335791099533, -0.2590048988912664], [0.3363533036526155, 0.00564598439866982, 0.05003709121881238]]	0.6998310708197033	[[0.5979748621424256, -0.5979748621424255, 0.0], [-0.7071067811865475, -0.7071067811865476, 0.0], [0.0, 0.0, -0.84566416]]
2	[[0.22433838825039393, -0.7661379269479729, -0.6022499185961573], [-0.9416906372873723, -0.011392912655017143, -0.3362869982418849], [0.2507808429735371, 0.642575192824231, -0.724020780340167]]	0.137382078676993	0.862617921323007	[[0.030820074104885416, -0.10525362095739473, -0.0827383456997899], [-0.12937141722120143, -0.0015651820227316898, -0.04619980685051644], [0.03445279350007312, 0.08827831569646245, -0.09946747980847069]]	0.3959224201404862	0.8695052672146246	[[0.018144608381470636, -0.30181972233667564, 0.10328704198747841], [-0.4585461715326712, -0.1229782887271453, -0.1331435622057065], [0.2701495333313731, 0.042087755491133555, -0.31744247271741]]	[[-0.07067598922504136, 0.0015114598619808406, 0.3417312872874798], [-0.08570973539421806, -0.11846757917632177, 0.0], [0.170859775056419, -0.21232216997407558, -0.030786413133127702]]	0.965828681649524	[[0.5979748621424256, -0.5979748621424255, 0.0], [-0.7071067811865475, -0.7071067811865476, 0.0], [0.0, 0.0, -0.84566416]]
