2	[[-0.5446221603179724, 0.8109226453022452, -0.2139887049042392], [-0.8354447797583356, -0.5021691245819775, 0.22328947644507607], [0.07361197229480154, 0.30038414347728, 0.9509735242804028]]	0.22887818257322143	0.7711218174267787	[[-0.12465213024267914, 0.185602501264247, -0.04897734586967969], [-0.19121508283137303, -0.11493555657870864, 0.05110608955647515], [0.016848174434464507, 0.06875137683289363, 0.2176570919125499]]	0.5837515310654878	0.5803590405258523	[[-0.3257426327385293, 0.5149154384384301, 0.13160444171518154], [-0.603942518555747, -0.41122240256121895, 0.13034557374562436], [0.1693829119641388, 0.01673387437801045, 0.49638850265370604]]	[[-0.007818612800719434, 0.0415381026675689, 0.25652067583375204], [-0.11625034925114931, -0.11808040723267409, 0.0], [0.1264118104322981, -0.15861582928464693, -0.058743748147722]]	0.443862637653705	[[-0.58555512550058, 0.5855551255005799, 0.0], [-0.7071067811865475, -0.7071067811865476, 0.0], [0.0, 0.0, 0.8280999999999998]]
2	[[0.22433838825039393, -0.7661379269479729, -0.6022499185961573], [-0.9416906372873723, -0.011392912655017143, -0.3362869982418849], [0.2507808429735371, 0.642575192824231, -0.724020780340167]]	0.135340753270332	0.8646592467296682	[[0.030362126453260516, -0.10368968414210925, -0.08150895763980003], [-0.12744912019809196, -0.0015419253806731592, -0.0455133356570755], [0.03394086819380737, 0.08696661062966025, -0.09798951779461182]]	0.3915685801056936	0.8698442795819863	[[0.01775635842508649, -0.29785361829944623, 0.10095562836672956], [-0.454230751502283, -0.12195552724388832, -0.13167942240958072], [0.2655825340352184, 0.04278134829682513, -0.31467690626983613]]	[[-0.07008750572532008, 0.0021419219206910978, 0.33677777386019647], [-0.08549428576084078, -0.11749442061229512, 0.0], [0.16738463543436166, -0.2088309075685013, -0.031173117345020623]]	0.9685416196468877	[[0.58555512550058, -0.5855551255005799, 0.0], [-0.7071067811865475, -0.7071067811865476, 0.0], [0.0, 0.0, -0.8280999999999998]]
2	[[-0.42203838922340475, -0.825029846081567, 0.3757783270710803], [0.2588054115689476, 0.28760896992378115, 0.9221175843470338], [-0.8688517462515349, 0.4864224845687207, 0.09214016247897017]]	0.1042115591010039	0.8957884408989962	[[-0.04398127854144732, -0.08597764656502137, 0.03916044534044423], [0.02697051544337703, 0.02997217916719097, 0.09609531113925586], [-0.09054439510450232, 0.05069084549869039, 0.009602069987753311]]	0.33193386703541816	1.123582819246004	[[-0.22323783132167027, -0.4320663781310498, 0.271793079615039], [0.18631564799526917, 0.018289848544660224, 0.014619638472811594], [0.14723380579358006, 0.16146009631587147, -0.08700599845972604]]	[[-0.08314899674934662, -0.15821103090155963, 0.1470595263622352], [0.10040936692349549, -0.07717730903621375, -0.2914624171608577], [0.4356351258073279, 0.0, -0.11759043890064237]]	1.0000000000000002	[[0.0, 0.0, 0.0], [0.0, 0.0, 0.0], [0.0, 0.0, 0.0]]
2	[[-0.8305561570912853, 0.32773595720904825, 0.4502950280316503], [-0.5100865793185324, -0.772219296347621, -0.37879947194723407], [0.22358030216652452, -0.5443036842615101, 0.808545204538665]]	0.17950552221900493	0.820494477780995	[[-0.14908941671088105, 0.058830414148755665, 0.08083044415944288], [-0.09156335779747903, -0.1386176280584722, -0.06799659702817155], [0.04013389889828488, -0.09770551708909074, 0.1451383291783852]]	0.5073228761735892	0.6743347762219188	[[-0.36069283073750225, 0.13681153935553436, 0.3890508267373343], [-0.3558011239870509, -0.6067752596477254, -0.05500820597369881], [0.3073108147646927, -0.2428901408597107, 0.25151280826360356]]	[[0.06066730770173215, -0.02945640908126443, 0.16060585798965055], [-0.09702253346962533, -0.21501074518790503, 0.13716543162760883], [0.19388341281381125, 0.03324756975171982, -0.15868067041931502]]	0.6883347788153731	[[-0.58555512550058, 0.5855551255005799, 0.0], [-0.7071067811865475, -0.7071067811865476, 0.0], [0.0, 0.0, 0.8280999999999998]]
2	[[-0.30792515101507295, 0.09349718223056193, 0.9468053539599837], [0.3027085282091916, -0.9338174967034747, 0.1906631317268273], [0.9019698710720718, 0.34531602882779927, 0.2592434992682147]]	0.5182024527429478	0.4817975472570522	[[-0.15956756851725346, 0.04845046915643156, 0.49063685669221846], [0.15686430178421093, -0.4839065172060202, 0.0988021025084937], [0.46740299948978814, 0.17894361311002008, 0.13434061717845353]]	0.7581393024682324	0.34095832127906966	[[-0.07681521421058998, 0.1197012038598238, 0.7302437180095678], [0.3161425591433496, -0.8091752196171538, 0.14454921369378554], [0.6713854415167841, 0.26179765322660775, 0.07681521421058998]]	[[0.15663494499240255, 0.04881731534080039, 0.012433367385157938], [0.08664732671564784, -0.10121147403375048, 0.0], [-0.012433367385157938, 0.0, -0.11972747149403803]]	0.4851269647433389	[[0.0, 0.0, 0.9099999999999999], [0.0, -1.0, 0.0], [0.9099999999999999, 0.0, 0.0]]
2	[[0.8489524140446696, -0.5135124485683378, 0.12483895166604869], [0.522794976890395, 0.7815435453534784, -0.34040431673891397], [0.0772347773085365, 0.35425224329800037, 0.9319550081910795]]	0.20593173381446744	0.7940682661855326	[[0.17482624255019646, -0.10574850886899034, 0.02570830176416991], [0.1076600760205335, 0.16094461734614768, -0.0701000511439737], [0.01590509160192119, 0.07295177867002177, 0.1919191106738652]]	0.0	0.4584177255640451	[[0.6434671708797581, -0.643467170879758, 0.0], [0.7071067811865474, 0.7071067811865475, 0.0], [0.0, 0.0, 0.9099999999999998]]	[[0.6434671708797581, -0.643467170879758, 0.0], [0.7071067811865474, 0.7071067811865475, 0.0], [0.0, 0.0, 0.9099999999999998]]	0.458417725564045	[[0.6434671708797582, -0.6434671708797581, 0.0], [0.7071067811865475, 0.7071067811865476, 0.0], [0.0, 0.0, 0.9099999999999999]]
2	[[0.5319609947059123, -0.8460851799387872, 0.03402011756955908], [-0.703274286200726, -0.4190807785627857, 0.5742617690636116], [-0.47161719485230363, -0.3294103357928521, -0.8179645788128509]]	0.14594248459773798	0.854057515402262	[[0.07763570927646497, -0.12347977334159084, 0.00496498048440859], [-0.10263759668183464, -0.06116169007060737, 0.0838091893866359], [-0.06882898519576074, -0.04807496285778401, -0.1193757829448897]]	0.4467036477631526	0.8290506501315204	[[0.21172127854619088, -0.4744761020626068, 0.21868028886564833], [-0.3820714109751594, -0.39771854714191485, 0.0], [0.11762945034202883, -0.1393040551379785, -0.3120328893622956]]	[[-0.025907638256655253, -0.09652676586560731, 0.20348337824999496], [-0.06791622195126765, -0.21051363465049647, -0.2565248270116364], [0.32830257163037835, 0.007844743471573509, 0.05335487173445558]]	0.7068236355115164	[[0.58555512550058, -0.5855551255005799, 0.0], [-0.7071067811865475, -0.7071067811865476, 0.0], [0.0, 0.0, -0.8280999999999998]]
2	[[0.034229894132735264, 0.2773841392786001, 0.9601491309293217], [-0.1827544195208179, -0.9427759796974285, 0.2788803941677556], [0.9825625356654255, -0.18501754344446375, 0.018422055382213542]]	0.7257839222156487	0.2742160777843515	[[0.024843506820683023, 0.2013209485660341, 0.6968608021578294], [-0.13264021940206336, -0.6842516483155006, 0.20240690630811978], [0.7131280909574056, -0.1342827583598271, 0.013370431610576841]]	0.8562721396015386	0.21899189885509598	[[0.00220473645492758, 0.19995295598225835, 0.7748466376324898], [-0.18864947631214107, -0.8207400529325006, 0.23879751180694456], [0.7911346961336879, -0.1584253677890116, -0.003117968196016961]]	[[-0.027105368232443795, -0.03756335444935976, -0.04730231304491822], [-0.03216195848741314, -0.013467247632046687, 0.0], [-0.05020622857285907, 0.0, -0.01889226097400299]]	0.37872168979160314	[[0.0, 0.0, 0.9099999999999999], [0.0, -1.0, 0.0], [0.9099999999999999, 0.0, 0.0]]
2	[[0.3802729664721569, 0.7767473726770865, -0.5020517802076895], [0.4287143634067757, 0.332951791095048, 0.839849450446521], [0.8195098935212374, -0.5346088512602871, -0.20639019011321075]]	0.12173136142437471	0.8782686385756256	[[0.04629114592154126, 0.0945545151587879, -0.06111544671021299], [0.05218798311969096, 0.04053067481868422, 0.10223601699436793], [0.09976005503908461, -0.0650786632934358, -0.025124158827116674]]	0.39925149335840077	0.8995710725269592	[[0.2039733453793038, 0.32982161822421074, 0.1072736137820233], [0.23838328208727216, -0.20753077073765847, 0.3282298638343351], [0.5489268946802943, 0.0, -0.0820448474354153]]	[[0.05214879563146614, 0.01970406972066973, 0.307718536773187], [0.06721843227292085, -0.34046227054871064, -0.007081283452670604], [0.22173634586995625, 0.2134433822282888, 0.00035674418180832446]]	1.0000000000000007	[[0.0, 0.0, 0.0], [0.0, 0.0, 0.0], [0.0, 0.0, 0.0]]
2	[[0.8787972042104137, -0.3840163418041313, 0.28327887866788265], [-0.395223040501579, -0.9183905790867732, -0.018907472103605397], [0.2674214316928388, -0.09534250611366366, -0.9588511794847616]]	0.5364372143783065	0.4635627856216936	[[0.47141952423007805, -0.20600065667315576, 0.15196133256480926], [-0.21201234690479157, -0.4926588839565884, -0.010142671666193618], [0.14345480788236498, -0.051145268391460386, -0.5143634557261589]]	0.7859085303360152	0.3759583763456207	[[0.5417081088301509, -0.23236821852956416, 0.22937016025349397], [-0.35112767652459687, -0.8415282497811716, -0.014859543613313726], [0.20342991131768806, -0.07493048885834194, -0.6266050598409507]]	[[-0.14894611039425443, 0.06943350028273353, 0.006738873044383916], [-0.040518517609069465, -0.11975725949664355, 0.0], [-0.006738873044383916, 0.0, 0.12696426143887315]]	0.5145052953855038	[[0.9099999999999999, 0.0, 0.0], [0.0, -1.0, 0.0], [0.0, 0.0, -0.9099999999999999]]
2	[[0.8592155572171323, 0.2624339665249735, -0.4391776855101157], [-0.4266000482917053, 0.8413623931712975, -0.33184593135155627], [0.2824199444684594, 0.4724804086637203, 0.8348660002631537]]	0.16260799514022478	0.8373920048597754	[[0.13971531915236896, 0.04267386115332279, -0.07141380295112405], [-0.06936857857943722, 0.13681225193996607, -0.053960801592517225], [0.04592374095762984, 0.07682909199584165, 0.13575588651352982]]	0.0	0.6897927639948265	[[0.6434671708797581, 0.643467170879758, 0.0], [-0.7071067811865474, 0.7071067811865475, 0.0], [0.0, 0.0, 0.9099999999999998]]	[[0.6434671708797581, 0.643467170879758, 0.0], [-0.7071067811865474, 0.7071067811865475, 0.0], [0.0, 0.0, 0.9099999999999998]]	0.6897927639948263	[[0.6434671708797582, 0.6434671708797581, 0.0], [-0.7071067811865475, 0.7071067811865476, 0.0], [0.0, 0.0, 0.9099999999999999]]
2	[[-0.3195682178843842, -0.5708200961323295, -0.7563336379995778], [0.910087742671785, 0.03735879733279218, -0.41272826520656647], [0.2638493031197415, -0.8202248094963509, 0.507557688474819]]	0.11111935165698521	0.8888806483430145	[[-0.03551021318149096, -0.0634291589950024, -0.08404330349088204], [0.101128359916658, 0.004151285338304576, -0.04586209724026591], [0.029318763497813066, -0.09114284904420872, 0.056399481271839996]]	0.35267919874282777	1.0647866573310212	[[-0.17643166746965436, -0.2650429785727702, 0.17918018580253312], [0.5348961654649508, -0.07363154036119451, -0.14556067387156915], [0.22866581674313735, -0.04839655158102214, 0.08888201060046888]]	[[-0.06372660444251634, -0.06372660444251632, 0.4459233272344721], [0.2139271495937968, -0.08680721107051939, 0.0], [0.13561165593001345, 0.2408796770211394, -0.0901230282865921]]	0.9551126024720115	[[1.653495936787142e-16, -0.8280999999999998, 0.0], [1.0, 1.7938038903913487e-16, 0.0], [0.0, 0.0, 0.8280999999999998]]
2	[[0.04673222253661188, -0.9725397674033924, -0.22799671093185395], [-0.8377629715199755, -0.16246744520517667, 0.5213036857710898], [-0.5440306084466285, 0.16664552219444034, -0.8223502702654952]]	0.17176062775085005	0.8282393722491498	[[0.008026755879080902, -0.16704404096187236, -0.03916085819478431], [-0.14389469389468842, -0.027905510377517997, 0.08953944831687426], [-0.09344303882246983, 0.02862313950398529, -0.14124739865188263]]	0.45208374184620803	0.859979593107318	[[-0.04721491002158463, -0.5346186320151688, 0.08904542347778871], [-0.3094203158664781, -0.17997772506355103, 0.0], [0.06296462277477222, 0.0629646227747722, -0.4684210708280294]]	[[-0.06834178805072584, -0.09494921487320218, 0.19211902968448946], [0.0693187030784707, -0.10652883450700093, -0.2356729209016141], [0.30891201592019335, -0.012373108460805693, -0.096649883538164]]	0.8962642058148969	[[0.58555512550058, -0.5855551255005799, 0.0], [-0.7071067811865475, -0.7071067811865476, 0.0], [0.0, 0.0, -0.8280999999999998]]
2	[[0.08740825448676931, -0.06334395238859675, -0.994156597696443], [0.7119981850616444, -0.6940087028176986, 0.10681996481098455], [-0.6967197295301035, -0.717174639895393, -0.015561310176609944]]	0.14532373778022278	0.8546762622197773	[[0.012702494254862244, -0.00920537992688333, -0.1444745527161163], [0.10347023754589299, -0.10085593874547173, 0.01552347655588414], [-0.10124991528054043, -0.10422249931078378, -0.002261427759622396]]	0.43243766793880717	1.0224590768284956	[[0.057851218910194645, -0.0143882925822752, -0.0010721062127279808], [0.6354045457863788, -0.6361369642738951, 0.0376812282356528], [0.006930963366266396, -0.011882705983720316, 0.021629358211801814]]	[[0.020052597181334307, 0.01300401846667639, 0.42883865446110075], [0.3275097110616581, -0.33602145929817295, -0.008511748236514812], [0.30821881841122084, 0.29825062279749726, 0.028358654894647475]]	0.8402201490943317	[[0.0, 0.0, -0.8280999999999998], [0.0, -1.0, 0.0], [-0.8280999999999998, 0.0, 0.0]]
