2	[[-0.30792515101507295, 0.09349718223056193, 0.9468053539599837], [0.3027085282091916, -0.9338174967034747, 0.1906631317268273], [0.9019698710720718, 0.34531602882779927, 0.2592434992682147]]	0.6082796538901417	0.3917203461098583	[[-0.18730460428351822, 0.056872433646909706, 0.5759224330081121], [0.1841314387686813, -0.5680221836913484, 0.11597650377640503], [0.5486499209950556, 0.21004871449809195, 0.15769254600813887]]	0.8095351614783222	0.27895800308122765	[[-0.12137308432405863, 0.14642672624782907, 0.7758940691122691], [0.2946690621014608, -0.8140108322519196, 0.15434850913043976], [0.7207544812211775, 0.2795454671581654, 0.12137308432405863]]	[[0.1279031525261652, 0.07073746973304301, 0.009421844005733608], [0.049615864836767665, -0.05805273426678944, 0.0], [-0.009421844005733608, 0.0, -0.0884936437182409]]	0.4705006621150223	[[0.0, 0.0, 0.974], [0.0, -1.0, 0.0], [0.974, 0.0, 0.0]]
2	[[0.04673222253661188, -0.9725397674033924, -0.22799671093185395], [-0.8377629715199755, -0.16246744520517667, 0.5213036857710898], [-0.5440306084466285, 0.16664552219444034, -0.8223502702654952]]	0.1826426320049804	0.8173573679950196	[[0.00853529612352922, -0.17762722284806706, -0.04164191937307245], [-0.15301123411472173, -0.029673481807398414, 0.09521227724312908], [-0.09936318221796314, 0.03043657678543696, -0.15019621779129697]]	0.4791489502865646	0.8939318808937889	[[-0.07210024698347152, -0.5941823443166168, 0.11486716897293844], [-0.3016402071042837, -0.20164553398677276, 0.002050232344020162], [0.08259868120350905, 0.0798480270294225, -0.5276600551810489]]	[[-0.0944919423564472, -0.12819093565334158, 0.22411155368472557], [0.09977304128846559, -0.12379942816097238, -0.24773188147371464], [0.3432703761644722, 0.0, -0.13363178641546433]]	0.8731325142940867	[[0.6708152327489292, -0.6708152327489291, 0.0], [-0.7071067811865475, -0.7071067811865476, 0.0], [0.0, 0.0, -0.948676]]
2	[[0.8787972042104137, -0.3840163418041313, 0.28327887866788265], [-0.395223040501579, -0.9183905790867732, -0.018907472103605397], [0.2674214316928388, -0.09534250611366366, -0.9588511794847616]]	0.6256413474886243	0.37435865251137573	[[0.5498118670114389, -0.2402565015439888, 0.17723097936484064], [-0.247267875617959, -0.5745831194207067, -0.011829296324503257], [0.16730990487164477, -0.059650213997894934, -0.599896943973903]]	0.8361800939109499	0.30143223551598697	[[0.6078020005162147, -0.2645230091974522, 0.24364728204369496], [-0.34628994920988065, -0.8489379993039627, -0.015810051799211428], [0.21683735519052236, -0.07972350571582859, -0.7101110756914414]]	[[-0.12703072822912936, 0.05658381155566572, 0.00677512267619621], [-0.015812310087499153, -0.08099807863625277, 0.0], [-0.00677512267619621, 0.0, 0.09166119361675162]]	0.4787766552352316	[[0.6708152327489292, -0.6708152327489291, 0.0], [-0.7071067811865475, -0.7071067811865476, 0.0], [0.0, 0.0, -0.948676]]
2	[[-0.42203838922340475, -0.825029846081567, 0.3757783270710803], [0.2588054115689476, 0.28760896992378115, 0.9221175843470338], [-0.8688517462515349, 0.4864224845687207, 0.09214016247897017]]	0.10999375637903717	0.8900062436209629	[[-0.04642158776684044, -0.09074813189533042, 0.04133326976037857], [0.028466979389691276, 0.031635190970222146, 0.1014271769254939], [-0.09556826730669238, 0.05350343626493783, 0.01013484258443674]]	0.3522198515789775	1.146626739829158	[[-0.23608789712157038, -0.4788457516775707, 0.3070566057795323], [0.1833244339462124, 0.009318213043909791, 0.034181568039986225], [0.184851209585156, 0.17132765531947225, -0.09120184303664919]]	[[-0.08743759830867212, -0.18825386174249464, 0.17470001919196], [0.0921680302955615, -0.09198337565542708, -0.2906065506570913], [0.4908780426940071, 0.0, -0.12365543738945489]]	1.0000000000000002	[[0.0, 0.0, 0.0], [0.0, 0.0, 0.0], [0.0, 0.0, 0.0]]
2	[[0.8592155572171323, 0.2624339665249735, -0.4391776855101157], [-0.4266000482917053, 0.8413623931712975, -0.33184593135155627], [0.2824199444684594, 0.4724804086637203, 0.8348660002631537]]	0.1758816064726258	0.8241183935273744	[[0.15112021250962157, 0.04615730762539566, -0.07724327685444879], [-0.0750311018148449, 0.14798016933662078, -0.05836559550751642], [0.04967247353302237, 0.08310061330261788, 0.14683757331565914]]	0.0	0.6885747437006075	[[0.6887220048756973, 0.6887220048756972, 0.0], [-0.7071067811865475, 0.7071067811865476, 0.0], [0.0, 0.0, 0.974]]	[[0.6887220048756973, 0.6887220048756972, 0.0], [-0.7071067811865475, 0.7071067811865476, 0.0], [0.0, 0.0, 0.974]]	0.6885747437006075	[[0.6887220048756973, 0.6887220048756972, 0.0], [-0.7071067811865475, 0.7071067811865476, 0.0], [0.0, 0.0, 0.974]]
2	[[-0.3195682178843842, -0.5708200961323295, -0.7563336379995778], [0.910087742671785, 0.03735879733279218, -0.41272826520656647], [0.2638493031197415, -0.8202248094963509, 0.507557688474819]]	0.12147663874942992	0.87852336125057	[[-0.03882007295974045, -0.06934130660878185, -0.09187686811731682], [0.11055439994682455, 0.004538221127708759, -0.050136842374176975], [0.0320515264793657, -0.0996381528765082, 0.061656401967351275]]	0.3781561039020269	1.0986737696413256	[[-0.04254498700316177, -0.29416078878529317, 0.19318089300804897], [0.5437894568073761, -0.24451632605157403, -0.15607571274075768], [0.26684368904556754, -0.042483138051571605, 0.08120073280853082]]	[[0.07830168520291095, -0.07830168520291093, 0.47919307480401535], [0.19963422182962337, -0.2586437832974082, 0.0], [0.1670674645605411, 0.2676898802313507, -0.11073530517062535]]	0.987911833334102	[[1.8942542100319756e-16, -0.948676, 0.0], [1.0, 1.7938038903913487e-16, 0.0], [0.0, 0.0, 0.948676]]
2	[[0.5319609947059123, -0.8460851799387872, 0.03402011756955908], [-0.703274286200726, -0.4190807785627857, 0.5742617690636116], [-0.47161719485230363, -0.3294103357928521, -0.8179645788128509]]	0.15736647047000316	0.842633529529997	[[0.08371282416458144, -0.13314543848394444, 0.005353625826896025], [-0.11067179219171912, -0.06594926296424657, 0.0903695477234006], [-0.07421673336687079, -0.051838141880059675, -0.12872019873726107]]	0.4728368219467801	0.8072430425848325	[[0.2202007317959612, -0.5450663863715683, 0.23589722985337525], [-0.3766621731561284, -0.39683503525513225, 0.008502849363816031], [0.15960837473670383, -0.15575733629271382, -0.35787772951337105]]	[[-0.031330014340430305, -0.14500615879304254, 0.21981126557952912], [-0.04412819471208678, -0.19867821178052236, -0.26302926048575787], [0.38260635032612245, 0.0, 0.02888604239753384]]	0.661196083641348	[[0.6708152327489292, -0.6708152327489291, 0.0], [-0.7071067811865475, -0.7071067811865476, 0.0], [0.0, 0.0, -0.948676]]
2	[[0.08740825448676931, -0.06334395238859675, -0.994156597696443], [0.7119981850616444, -0.6940087028176986, 0.10681996481098455], [-0.6967197295301035, -0.717174639895393, -0.015561310176609944]]	0.16561526539459528	0.8343847346054047	[[0.014476141264504628, -0.01049072548598004, -0.16464750877128437], [0.11791776837945436, -0.11493843550331195, 0.01769101682161254], [-0.11538742291177874, -0.11877506832054882, -0.0025771905147868833]]	0.46382765576416385	1.0277441242537	[[0.06416270119659859, -0.01574487327663336, 0.00047856544755034425], [0.6348656928777673, -0.6370463750388774, 0.039021352328359016], [0.010299834957560252, -0.013307978390671039, 0.026186432683968155]]	[[0.023620335423562837, 0.01363580366660621, 0.4615958896195685], [0.3046212437922855, -0.315145945331016, -0.010524701538730422], [0.33345771383015044, 0.31933745360551746, 0.033404198703804205]]	0.8000836630459298	[[0.0, 0.0, -0.948676], [0.0, -1.0, 0.0], [-0.948676, 0.0, 0.0]]
2	[[0.8489524140446696, -0.5135124485683378, 0.12483895166604869], [0.522794976890395, 0.7815435453534784, -0.34040431673891397], [0.0772347773085365, 0.35425224329800037, 0.9319550081910795]]	0.21919739447353148	0.7808026055264687	[[0.1860881571906063, -0.112560590755903, 0.02736437293400501], [0.11459529677822469, 0.17131230880908876, -0.07461573929671268], [0.0169296619487746, 0.07765116871732523, 0.2042821095620433]]	0.0	0.4352551555158129	[[0.6887220048756977, -0.6887220048756973, 0.0], [0.7071067811865476, 0.7071067811865477, 0.0], [0.0, 0.0, 0.9740000000000002]]	[[0.6887220048756975, -0.6887220048756973, 0.0], [0.7071067811865476, 0.7071067811865477, 0.0], [0.0, 0.0, 0.9740000000000002]]	0.435255155515813	[[0.6887220048756973, -0.6887220048756972, 0.0], [0.7071067811865475, 0.7071067811865476, 0.0], [0.0, 0.0, 0.974]]
2	[[0.034229894132735264, 0.2773841392786001, 0.9601491309293217], [-0.1827544195208179, -0.9427759796974285, 0.2788803941677556], [0.9825625356654255, -0.18501754344446375, 0.018422055382213542]]	0.8231985705760588	0.17680142942394128	[[0.028177999921037488, 0.228342226954614, 0.7903933921208628], [-0.15044317691599463, -0.7760918388603666, 0.22957394184058427], [0.808844074861366, -0.15230617729497642, 0.015165009657711177]]	0.9117480769456028	0.12906408913243353	[[0.0, 0.24121857821635043, 0.8586095246316143], [-0.1778155971445355, -0.8210248393269345, 0.2542686630802829], [0.8886520982920684, -0.16868938943668932, 0.0]]	[[-0.03120904014957296, -0.011685877346124456, -0.016804599074186653], [-0.01118960659311985, 0.038549347152702744, 0.0], [-0.007197404079678528, 0.0, -0.016796273568118594]]	0.3494335282752731	[[0.0, 0.0, 0.974], [0.0, -1.0, 0.0], [0.974, 0.0, 0.0]]
2	[[-0.8305561570912853, 0.32773595720904825, 0.4502950280316503], [-0.5100865793185324, -0.772219296347621, -0.37879947194723407], [0.22358030216652452, -0.5443036842615101, 0.808545204538665]]	0.19538136939556497	0.8046186306044348	[[-0.16227519933241333, 0.06403350011967013, 0.08797925920883813], [-0.09966141437755432, -0.15087726359407772, -0.07401035955536747], [0.04368342560716974, -0.10634679919806507, 0.15797466928098156]]	0.5387937985378325	0.6382514382634442	[[-0.40802211118588405, 0.16792817699942608, 0.42548940888847087], [-0.3504928157659415, -0.5986589309623823, -0.06396548787219022], [0.3437754699829755, -0.25795742271321126, 0.2848363648677023]]	[[0.03947639559231428, -0.008653924302669556, 0.18287324027259827], [-0.07566133011174012, -0.18259196297903546, 0.1401293185023851], [0.22331178970043736, 0.03531002688818477, -0.15080277717523372]]	0.6803839337510598	[[-0.6708152327489292, 0.6708152327489291, 0.0], [-0.7071067811865475, -0.7071067811865476, 0.0], [0.0, 0.0, 0.948676]]
2	[[-0.5446221603179724, 0.8109226453022452, -0.2139887049042392], [-0.8354447797583356, -0.5021691245819775, 0.22328947644507607], [0.07361197229480154, 0.30038414347728, 0.9509735242804028]]	0.24902541712720902	0.7509745828727908	[[-0.13562476064990475, 0.2019403500042914, -0.05328862649928941], [-0.2080469847660688, -0.1250528757174323, 0.05560475501185118], [0.018331252106269486, 0.07480328662782905, 0.23681657856085936]]	0.6068247307621852	0.5840581029942788	[[-0.2584146483773322, 0.5435304606195217, 0.14159141993569493], [-0.6136928658207943, -0.5134988666826091, 0.1354975764258126], [0.1910140914613593, 0.009226414927364692, 0.5043235084144452]]	[[0.07207554742474095, 0.05144254471502768, 0.2714450581753586], [-0.10672431227726925, -0.2087702228610684, 0.0], [0.14634452619269295, -0.17305411206346535, -0.07275074441897655]]	0.3954287494617693	[[-0.6708152327489292, 0.6708152327489291, 0.0], [-0.7071067811865475, -0.7071067811865476, 0.0], [0.0, 0.0, 0.948676]]
2	[[0.3802729664721569, 0.7767473726770865, -0.5020517802076895], [0.4287143634067757, 0.332951791095048, 0.839849450446521], [0.8195098935212374, -0.5346088512602871, -0.20639019011321075]]	0.12820983050677448	0.871790169493226	[[0.04875473257770357, 0.09958664899751166, -0.06436797364605229], [0.05496539586820243, 0.042687692703223076, 0.10767695569295616], [0.10506922454698267, -0.06854211020750284, -0.026461251292675722]]	0.4252445695842396	0.9458644358814242	[[0.1434217228761505, 0.32081776700453923, 0.13578895256510573], [0.2844523376930285, -0.26482752127426157, 0.3278615309005284], [0.6151144314444004, 0.0, -0.06190417250260709]]	[[-0.018287291075823886, -0.009489835165217307, 0.34928374574852605], [0.10214388275153292, -0.406413462370777, -0.029279887170162635], [0.26662229950393573, 0.22733951085010562, 0.02586213505849462]]	1.0000000000000007	[[0.0, 0.0, 0.0], [0.0, 0.0, 0.0], [0.0, 0.0, 0.0]]
2	[[0.22433838825039393, -0.7661379269479729, -0.6022499185961573], [-0.9416906372873723, -0.011392912655017143, -0.3362869982418849], [0.2507808429735371, 0.642575192824231, -0.724020780340167]]	0.1487352835752323	0.8512647164247678	[[0.0333670337932329, -0.11395174182234737, -0.08957581242555997], [-0.14006262397707853, -0.0016945280944918456, -0.0500177420461704], [0.03729995979490486, 0.09557360352312158, -0.1076874360782558]]	0.41981991048494727	0.8477929293101364	[[0.16793697234424157, -0.32410614721990993, 0.11703930287712586], [-0.4822327809818881, -0.28408296956846063, -0.14117997749915973], [0.2964927456781126, 0.037356526653516194, -0.332042572840476]]	[[0.07375525027062382, -0.0024661913094888854, 0.36987580979173135], [-0.08689230193139043, -0.2792999979974685, 0.0], [0.19120995462962267, -0.23240933327780022, -0.028084233648825382]]	0.9534001605437782	[[0.6708152327489292, -0.6708152327489291, 0.0], [-0.7071067811865475, -0.7071067811865476, 0.0], [0.0, 0.0, -0.948676]]
