2	[[0.8787972042104137, -0.3840163418041313, 0.28327887866788265], [-0.395223040501579, -0.9183905790867732, -0.018907472103605397], [0.2674214316928388, -0.09534250611366366, -0.9588511794847616]]	0.5692652614917383	0.4307347385082617	[[0.5002687202530498, -0.21860716323422957, 0.16126082493995864], [-0.22498674749869127, -0.522807853155381, -0.010763367051206674], [0.15223373124111889, -0.054275176674072396, -0.5458406674210545]]	0.8060345894762226	0.3469917130585688	[[0.5673683503580118, -0.24473122023084512, 0.2350972551843265], [-0.3490947829974507, -0.8445027180309918, -0.015240076515062708], [0.20878624340170598, -0.07684935777496113, -0.6589305622886882]]	[[-0.14097259337058124, 0.06479923418740866, 0.006764680509975012], [-0.030531341795216098, -0.10424814463795416, 0.0], [-0.006764680509975012, 0.0, 0.1139366545361035]]	0.49992910510697636	[[0.6184349120032446, -0.6184349120032445, 0.0], [-0.7071067811865475, -0.7071067811865476, 0.0], [0.0, 0.0, -0.8745990400000001]]
2	[[0.3802729664721569, 0.7767473726770865, -0.5020517802076895], [0.4287143634067757, 0.332951791095048, 0.839849450446521], [0.8195098935212374, -0.5346088512602871, -0.20639019011321075]]	0.124434105253155	0.8755658947468454	[[0.047318926334925876, 0.09665386432681217, -0.062472364060897484], [0.05334668821969807, 0.04143055821734766, 0.10450591491366679], [0.10197498034642355, -0.06652357406699087, -0.02568197863976593]]	0.4097277545941481	0.9535054881389479	[[0.14378618337007323, 0.3111907289190689, 0.11808883080371324], [0.27520061046895783, -0.275171069666671, 0.3280814107615721], [0.5746448528786698, 0.0, -0.07472929604953832]]	[[-0.012022205315419372, -0.007064227974817644, 0.32379337939820474], [0.09954443698804005, -0.4115906594201449, -0.016028218767010202], [0.23886890433852384, 0.2190440842130344, 0.009834493115806892]]	1.0000000000000007	[[0.0, 0.0, 0.0], [0.0, 0.0, 0.0], [0.0, 0.0, 0.0]]
2	[[-0.5446221603179724, 0.8109226453022452, -0.2139887049042392], [-0.8354447797583356, -0.5021691245819775, 0.22328947644507607], [0.07361197229480154, 0.30038414347728, 0.9509735242804028]]	0.23684983698238413	0.763150163017616	[[-0.12899366988830566, 0.1920668963451605, -0.050683189872640616], [-0.19787495989354553, -0.11893867529482784, 0.05288607609589816], [0.01743498363797552, 0.07114593541468685, 0.22523792420037675]]	0.5931862211580204	0.5801088795220906	[[-0.35117320927183937, 0.5263523768634254, 0.13553535540465508], [-0.6079294603735073, -0.39541669712429295, 0.1324522407568075], [0.1777510587542292, 0.013924879040091572, 0.5000062402729513]]	[[-0.028110848033903874, 0.04532423724512094, 0.26247050663729954], [-0.11235512848246547, -0.09753689173127861, 0.0], [0.134085451076687, -0.16425885592498476, -0.06409815101626581]]	0.4232429138155174	[[-0.6184349120032446, 0.6184349120032445, 0.0], [-0.7071067811865475, -0.7071067811865476, 0.0], [0.0, 0.0, 0.8745990400000001]]
2	[[-0.30792515101507295, 0.09349718223056193, 0.9468053539599837], [0.3027085282091916, -0.9338174967034747, 0.1906631317268273], [0.9019698710720718, 0.34531602882779927, 0.2592434992682147]]	0.5519600302462063	0.4480399697537937	[[-0.16996237566784733, 0.05160670753191603, 0.5225987118090228], [0.16708300838613002, -0.5154299337248865, 0.10523842795477603], [0.49785131731810767, 0.19060064571629196, 0.14309204969721617]]	0.7786428879961614	0.31618246130541006	[[-0.09378377918363208, 0.1298416541651375, 0.748563183358542], [0.3074298709015772, -0.8111648573560233, 0.14845849152216936], [0.6909724971161709, 0.26887786995784335, 0.09378377918363208]]	[[0.14597994968939845, 0.05704073817362937, 0.01133992818091243], [0.07172802827570475, -0.08405450486148373, 0.0], [-0.01133992818091243, 0.0, -0.10807432778080141]]	0.4786904683738072	[[0.0, 0.0, 0.9352], [0.0, -1.0, 0.0], [0.9352, 0.0, 0.0]]
2	[[-0.8305561570912853, 0.32773595720904825, 0.4502950280316503], [-0.5100865793185324, -0.772219296347621, -0.37879947194723407], [0.22358030216652452, -0.5443036842615101, 0.808545204538665]]	0.1857936694082579	0.8142063305917419	[[-0.15431207607561137, 0.06089126608689686, 0.08366196557429466], [-0.09477085728749651, -0.14347345665628752, -0.07037854386298706], [0.04153980474692569, -0.10112817877137979, 0.150222580433689]]	0.5199954444792824	0.6600930907078609	[[-0.3788191856947531, 0.14860382565670194, 0.40334859345577795], [-0.35368977026115106, -0.6036553795916769, -0.05862081735762272], [0.32146368563875616, -0.2489573655905168, 0.2643349704780787]]	[[0.05306623237693443, -0.021817379084060153, 0.16919723020764912], [-0.08844707272549411, -0.20210486335191705, 0.13835318242609668], [0.205202947036862, 0.03407807063875811, -0.15610485253759665]]	0.6832328115558508	[[-0.6184349120032446, 0.6184349120032445, 0.0], [-0.7071067811865475, -0.7071067811865476, 0.0], [0.0, 0.0, 0.8745990400000001]]
2	[[0.5319609947059123, -0.8460851799387872, 0.03402011756955908], [-0.703274286200726, -0.4190807785627857, 0.5742617690636116], [-0.47161719485230363, -0.3294103357928521, -0.8179645788128509]]	0.15036264309847414	0.8496373569015261	[[0.07998706118927437, -0.12721960394204412, 0.005115354796279767], [-0.10574618049633396, -0.06301409353646678, 0.08634751742681021], [-0.07091360794868047, -0.049531008753769146, -0.12299131603123044]]	0.4579279399315156	0.8190947568932105	[[0.21558209725899527, -0.5054079883173648, 0.22582720428531028], [-0.38386982213510057, -0.399354904864817, 0.0], [0.13369331915506513, -0.1489182767604777, -0.330177748561177]]	[[-0.02801770517060301, -0.11796194486141025, 0.2102484419304541], [-0.061820877048395007, -0.20744610727266488, -0.2629705088887274], [0.3496600096300607, 0.0019279197012918585, 0.0443910859515416]]	0.6885721238759791	[[0.6184349120032446, -0.6184349120032445, 0.0], [-0.7071067811865475, -0.7071067811865476, 0.0], [0.0, 0.0, -0.8745990400000001]]
2	[[0.8489524140446696, -0.5135124485683378, 0.12483895166604869], [0.522794976890395, 0.7815435453534784, -0.34040431673891397], [0.0772347773085365, 0.35425224329800037, 0.9319550081910795]]	0.21135202777024656	0.7886479722297538	[[0.17942781418878687, -0.1085318972901826, 0.026384965579331177], [0.11049377847388415, 0.1651808131012051, -0.07194514260451475], [0.016323726798542604, 0.07487192996319111, 0.19697058077182136]]	0.0	0.4488380323643299	[[0.6612862617656593, -0.6612862617656592, 0.0], [0.7071067811865475, 0.7071067811865476, 0.0], [0.0, 0.0, 0.9352]]	[[0.6612862617656593, -0.6612862617656592, 0.0], [0.7071067811865475, 0.7071067811865476, 0.0], [0.0, 0.0, 0.9352]]	0.4488380323643299	[[0.6612862617656593, -0.6612862617656592, 0.0], [0.7071067811865475, 0.7071067811865476, 0.0], [0.0, 0.0, 0.9352]]
2	[[0.034229894132735264, 0.2773841392786001, 0.9601491309293217], [-0.1827544195208179, -0.9427759796974285, 0.2788803941677556], [0.9825625356654255, -0.18501754344446375, 0.018422055382213542]]	0.7749915674491307	0.22500843255086922	[[0.026527879307546312, 0.2149703688850503, 0.7441074799638356], [-0.1416331340426947, -0.7306434342591002, 0.21612995380690034], [0.7614776796321406, -0.14338703599961264, 0.014276937576296368]]	0.8786629662466872	0.18082130464526738	[[0.0, 0.2143133880816034, 0.8094975559092651], [-0.18587724899696648, -0.8215074548165191, 0.24504187436748548], [0.8309311711276932, -0.16256806353058786, 0.0]]	[[-0.03007654031297924, -0.02941378252671556, -0.03414992751227152], [-0.025297708646113137, 0.006874884010550034, 0.0], [-0.03241014098295609, 0.0, -0.016186777826496496]]	0.3668260756061903	[[0.0, 0.0, 0.9352], [0.0, -1.0, 0.0], [0.9352, 0.0, 0.0]]
2	[[0.08740825448676931, -0.06334395238859675, -0.994156597696443], [0.7119981850616444, -0.6940087028176986, 0.10681996481098455], [-0.6967197295301035, -0.717174639895393, -0.015561310176609944]]	0.15317397157709012	0.8468260284229099	[[0.01338866948835946, -0.009702644762751475, -0.15227891443873165], [0.10905958976157207, -0.10630406931965129, 0.01636203825382351], [-0.10671932804824204, -0.10985248790714676, -0.0023835876826943485]]	0.44503625768492666	1.0244604182495343	[[0.06031818182712042, -0.014922982750663845, -0.0005007700257932887], [0.6351882734269605, -0.6365019626040144, 0.038219096352927404], [0.00819327097328006, -0.012437113288147188, 0.023364758760121992]]	[[0.021418339359556907, 0.013267372767329408, 0.441934961765811], [0.3183232656686665, -0.3276429267012553, -0.009319661032588716], [0.3182588120586116, 0.3067316045574334, 0.030290106005794848]]	0.8242253621678249	[[0.0, 0.0, -0.8745990400000001], [0.0, -1.0, 0.0], [-0.8745990400000001, 0.0, 0.0]]
2	[[-0.3195682178843842, -0.5708200961323295, -0.7563336379995778], [0.910087742671785, 0.03735879733279218, -0.41272826520656647], [0.2638493031197415, -0.8202248094963509, 0.507557688474819]]	0.11522793681714076	0.8847720631828592	[[-0.036823186419148085, -0.0657744219710903, -0.08715076465209354], [0.10486753291063866, 0.004304777138627359, -0.04755782646587037], [0.0304028108291282, -0.09451281252449684, 0.058484825258630455]]	0.3629065311472927	1.0875110450707697	[[-0.04670840364150504, -0.2764193307723869, 0.18476743135378337], [0.5384662477084721, -0.23435606500080336, -0.1497817830325549], [0.24331283152119015, -0.04631764701729293, 0.08624051214290948]]	[[0.069264989775839, -0.06926498977583899, 0.45924584831022236], [0.20818946197578464, -0.24791381654868178, 0.0], [0.14756019618037425, 0.2513472933579768, -0.09795548793862528]]	0.9662106292056089	[[1.7463421796376471e-16, -0.8745990400000001, 0.0], [1.0, 1.7938038903913487e-16, 0.0], [0.0, 0.0, 0.8745990400000001]]
2	[[0.04673222253661188, -0.9725397674033924, -0.22799671093185395], [-0.8377629715199755, -0.16246744520517667, 0.5213036857710898], [-0.5440306084466285, 0.16664552219444034, -0.8223502702654952]]	0.17615836582716113	0.8238416341728387	[[0.00823227195352079, -0.171321016127709, -0.04016352801172304], [-0.14757895601346535, -0.028619999647457754, 0.09183200538511108], [-0.09583554294391426, 0.02935600286218652, -0.14486387974749387]]	0.46309077408483856	0.8735490723623659	[[-0.056621602407149606, -0.5584543458103711, 0.09915098157684082], [-0.30563167274278347, -0.18906630870188457, 0.0], [0.07011033143428659, 0.07011033143428658, -0.4915032262410785]]	[[-0.07826286351633416, -0.10808015209524527, 0.20473415493107022], [0.08232863023801633, -0.11382913373823322, -0.2414109273770134], [0.32204588702568154, -0.0070616724365089485, -0.11068040301495426]]	0.8864009742999566	[[0.6184349120032446, -0.6184349120032445, 0.0], [-0.7071067811865475, -0.7071067811865476, 0.0], [0.0, 0.0, -0.8745990400000001]]
2	[[0.8592155572171323, 0.2624339665249735, -0.4391776855101157], [-0.4266000482917053, 0.8413623931712975, -0.33184593135155627], [0.2824199444684594, 0.4724804086637203, 0.8348660002631537]]	0.167900341777201	0.8320996582227991	[[0.14426258571704473, 0.044062752673489594, -0.0737380834980686], [-0.07162629391034778, 0.14126503337194457, -0.05571704529129988], [0.04741840520095249, 0.07932962209767025, 0.14017428678234833]]	0.0	0.6887274832188023	[[0.6612862617656595, 0.6612862617656593, 0.0], [-0.7071067811865476, 0.7071067811865478, 0.0], [0.0, 0.0, 0.9352000000000004]]	[[0.6612862617656594, 0.6612862617656593, 0.0], [-0.7071067811865476, 0.7071067811865477, 0.0], [0.0, 0.0, 0.9352000000000003]]	0.6887274832188025	[[0.6612862617656593, 0.6612862617656592, 0.0], [-0.7071067811865475, 0.7071067811865476, 0.0], [0.0, 0.0, 0.9352]]
2	[[-0.42203838922340475, -0.825029846081567, 0.3757783270710803], [0.2588054115689476, 0.28760896992378115, 0.9221175843470338], [-0.8688517462515349, 0.4864224845687207, 0.09214016247897017]]	0.106555699249838	0.893444300750162	[[-0.04497059567397518, -0.08791163215120758, 0.040041322403993315], [0.02757719159937134, 0.030646374900754086, 0.09825688399066966], [-0.09258110536627513, 0.051831087974063585, 0.009818059441940374]]	0.3401282643067891	1.1317672951833553	[[-0.22845354844240154, -0.45031998806300744, 0.28544921231818776], [0.18510736568641473, 0.014665812190436282, 0.022521558240314384], [0.16152641916940108, 0.16544603539615488, -0.08873625746163995]]	[[-0.0849063636450118, -0.16970401851398664, 0.15763638216739242], [0.09708033025626439, -0.08315812754880297, -0.29111669521041145], [0.45704745556185844, 0.0, -0.12007573099855759]]	1.0000000000000002	[[0.0, 0.0, 0.0], [0.0, 0.0, 0.0], [0.0, 0.0, 0.0]]
2	[[0.22433838825039393, -0.7661379269479729, -0.6022499185961573], [-0.9416906372873723, -0.011392912655017143, -0.3362869982418849], [0.2507808429735371, 0.642575192824231, -0.724020780340167]]	0.14067674760401205	0.859323252395988	[[0.03155919482179153, -0.10777779177912099, -0.08472255979288837], [-0.13247397610273692, -0.00160271789804442, -0.04730776117418448], [0.03527903335090968, 0.09039538821753372, -0.1018528885759735]]	0.40291022896386325	0.8690680659796317	[[0.01878474795341897, -0.30824354046603797, 0.107136654255065], [-0.4654723171705325, -0.12461979637552004, -0.13549347145920812], [0.27762331417870345, 0.04087033711901998, -0.3218157794264418]]	[[-0.0716034834219313, 0.0004412670984692557, 0.34978930685011067], [-0.08605552688795104, -0.12002947532912185, 0.0], [0.17658114731648497, -0.2180297809482895, -0.030100401044990288]]	0.9617275898587327	[[0.6184349120032446, -0.6184349120032445, 0.0], [-0.7071067811865475, -0.7071067811865476, 0.0], [0.0, 0.0, -0.8745990400000001]]
