2	[[0.08740825448676931, -0.06334395238859675, -0.994156597696443], [0.7119981850616444, -0.6940087028176986, 0.10681996481098455], [-0.6967197295301035, -0.717174639895393, -0.015561310176609944]]	0.16515896600462804	0.8348410339953719	[[0.014436256931304223, -0.010461821679147033, -0.16419387572222358], [0.11759288404195303, -0.11462175975558433, 0.017642274936832965], [-0.11506951012421601, -0.11844782196986457, -0.002570089898446176]]	0.46316244524961314	1.0276213578407367	[[0.06402301054584492, -0.015715247160614218, 0.00044112491530553036], [0.6348771121437637, -0.6370271029828868, 0.038992952679329826], [0.010220384532033437, -0.013276192024984033, 0.02608146111022569]]	[[0.02353878966275237, 0.013623292719463343, 0.460897125665426], [0.30510629173732595, -0.3155883351613294, -0.010482043424003409], [0.3329147981148453, 0.3188921678599769, 0.03328887558291202]]	0.8009432763977973	[[0.0, 0.0, -0.9459507599999998], [0.0, -1.0, 0.0], [-0.9459507599999998, 0.0, 0.0]]
2	[[-0.30792515101507295, 0.09349718223056193, 0.9468053539599837], [0.3027085282091916, -0.9338174967034747, 0.1906631317268273], [0.9019698710720718, 0.34531602882779927, 0.2592434992682147]]	0.6061481275850694	0.3938518724149308	[[-0.18664825372413624, 0.056673141943535135, 0.5739042924903631], [0.18348620757803366, -0.5660317271329878, 0.11557010029572183], [0.5467273484884828, 0.20931266429908238, 0.1571399616700297]]	0.808434197092997	0.28027277839639153	[[-0.12034730906925499, 0.14580752185446416, 0.7749258547108884], [0.29511608670703343, -0.8139126175406601, 0.15413859581281397], [0.7196872599433263, 0.2791652865087441, 0.12034730906925499]]	[[0.12858991315635537, 0.07022120240744222, 0.009496028578898122], [0.050396160751032766, -0.058982619361794296, 0.0], [-0.009496028578898122, 0.0, -0.08923400111322313]]	0.47075801140440154	[[0.0, 0.0, 0.9725999999999999], [0.0, -1.0, 0.0], [0.9725999999999999, 0.0, 0.0]]
2	[[0.8489524140446696, -0.5135124485683378, 0.12483895166604869], [0.522794976890395, 0.7815435453534784, -0.34040431673891397], [0.0772347773085365, 0.35425224329800037, 0.9319550081910795]]	0.2189248863624687	0.7810751136375312	[[0.18585681077187277, -0.11242065444853641, 0.027330353307099403], [0.11445283090659919, 0.17109933185383117, -0.07452297635936056], [0.016908614845501962, 0.07755463210766435, 0.20402814426316565]]	0.0	0.43571951337772347	[[0.6877320553820361, -0.687732055382036, 0.0], [0.7071067811865475, 0.7071067811865476, 0.0], [0.0, 0.0, 0.9725999999999999]]	[[0.6877320553820361, -0.687732055382036, 0.0], [0.7071067811865475, 0.7071067811865476, 0.0], [0.0, 0.0, 0.9725999999999999]]	0.43571951337772347	[[0.6877320553820361, -0.687732055382036, 0.0], [0.7071067811865475, 0.7071067811865476, 0.0], [0.0, 0.0, 0.9725999999999999]]
2	[[-0.3195682178843842, -0.5708200961323295, -0.7563336379995778], [0.910087742671785, 0.03735879733279218, -0.41272826520656647], [0.2638493031197415, -0.8202248094963509, 0.507557688474819]]	0.12125292959097383	0.878747070409026	[[-0.03874858262264825, -0.06921360892544627, -0.091707669355648], [0.11035080498379027, 0.004529863622596542, -0.05004451128129658], [0.031992500973805515, -0.09945466107463097, 0.061542856663994665]]	0.37761637486917005	1.0982507206755248	[[-0.04270931860164212, -0.29351588876322154, 0.19288131533768538], [0.5436010521520552, -0.24415672332966817, -0.1558529513133451], [0.2659739871091388, -0.04263487169718124, 0.08140311306547024]]	[[0.0779648733592601, -0.0779648733592601, 0.47848528191069717], [0.19993701795146968, -0.2582640169479491, 0.0], [0.1663401697533052, 0.2670954474425864, -0.11025898129336643]]	0.9870277683977524	[[1.888812628982863e-16, -0.9459507599999998, 0.0], [1.0, 1.7938038903913487e-16, 0.0], [0.0, 0.0, 0.9459507599999998]]
2	[[0.5319609947059123, -0.8460851799387872, 0.03402011756955908], [-0.703274286200726, -0.4190807785627857, 0.5742617690636116], [-0.47161719485230363, -0.3294103357928521, -0.8179645788128509]]	0.1571094527940382	0.8428905472059617	[[0.08357610078601813, -0.13292797963732822, 0.0053448820553422954], [-0.11049103826911388, -0.06584155179649878, 0.09022195229812036], [-0.0740955194115047, -0.05175347760111538, -0.12850996738219295]]	0.4723289052535374	0.8074252678709972	[[0.22005239856373884, -0.5437013078416478, 0.23554395612206636], [-0.3770044499520188, -0.3969681889066676, 0.008127470169620832], [0.1586445125814242, -0.15559002328423793, -0.3568703809706343]]	[[-0.03120815570328753, -0.14407082104991828, 0.21947527123383986], [-0.04482767625786703, -0.1990242235553068, -0.2631129625411545], [0.381402945924757, 0.0, 0.029477933076210307]]	0.6621669743010757	[[0.6688881970645683, -0.6688881970645681, 0.0], [-0.7071067811865475, -0.7071067811865476, 0.0], [0.0, 0.0, -0.9459507599999998]]
2	[[0.034229894132735264, 0.2773841392786001, 0.9601491309293217], [-0.1827544195208179, -0.9427759796974285, 0.2788803941677556], [0.9825625356654255, -0.18501754344446375, 0.018422055382213542]]	0.8228097781304208	0.17719022186957928	[[0.02816469159678369, 0.2282343820967227, 0.7900200933920717], [-0.15037212337827802, -0.7757252946815314, 0.2294655152500953], [0.8084620619701324, -0.1522342438717747, 0.01515784730174545]]	0.9105739581626751	0.1300604496932932	[[0.0, 0.2402158941893619, 0.8568167381642373], [-0.17809823088863536, -0.8210433981510508, 0.25394122437130023], [0.8865339671798346, -0.16847215686376005, 0.0]]	[[-0.031168850187934076, -0.01236287944509971, -0.017470056412527673], [-0.011686815733842169, 0.037423857342730696, 0.0], [-0.00816189006338659, 0.0, -0.016774643886874187]]	0.35004179423966963	[[0.0, 0.0, 0.9725999999999999], [0.0, -1.0, 0.0], [0.9725999999999999, 0.0, 0.0]]
2	[[0.8787972042104137, -0.3840163418041313, 0.28327887866788265], [-0.395223040501579, -0.9183905790867732, -0.018907472103605397], [0.2674214316928388, -0.09534250611366366, -0.9588511794847616]]	0.6234710883587569	0.3765289116412431	[[0.5479046493556994, -0.23942308657217012, 0.17661619079211305], [-0.2464101392059765, -0.5725899738816597, -0.011788262210547691], [0.16672953106799115, -0.05944329605353731, -0.5978159884474421]]	0.8351099328881002	0.3030957978811775	[[0.606323566776566, -0.2637927275131694, 0.24334436910421675], [-0.34638467659909106, -0.848780951429975, -0.01578981775952553], [0.2165509301225813, -0.07962147388196494, -0.7082346957835067]]	[[-0.12756870745384274, 0.05690313391881245, 0.006775363751264957], [-0.016329989769986418, -0.08182385656375642, 0.0], [-0.006775363751264957, 0.0, 0.09251144836568838]]	0.47943311190828103	[[0.6688881970645683, -0.6688881970645681, 0.0], [-0.7071067811865475, -0.7071067811865476, 0.0], [0.0, 0.0, -0.9459507599999998]]
2	[[0.22433838825039393, -0.7661379269479729, -0.6022499185961573], [-0.9416906372873723, -0.011392912655017143, -0.3362869982418849], [0.2507808429735371, 0.642575192824231, -0.724020780340167]]	0.14844818071476232	0.8515518192852377	[[0.033302625600252975, -0.1137317814320061, -0.08940290475121322], [-0.13979226190143557, -0.0016912571566794904, -0.049921193087036304], [0.037227959897536037, 0.0953891183471947, -0.10747956764118036]]	0.4192214538257415	0.8686017700657984	[[0.020366004320691914, -0.32353664005077426, 0.116673853898004], [-0.48163960534065686, -0.12845146965707316, -0.14097872430565753], [0.29580492993399965, 0.037495375053608816, -0.3316897200708334]]	[[-0.07368146095056184, -0.0023551844846054493, 0.3691499403383195], [-0.08686268732295573, -0.12367531625052722, 0.0], [0.1906722203509884, -0.23188593147452147, -0.028164675936580882]]	0.9536492300398858	[[0.6688881970645683, -0.6688881970645681, 0.0], [-0.7071067811865475, -0.7071067811865476, 0.0], [0.0, 0.0, -0.9459507599999998]]
2	[[0.04673222253661188, -0.9725397674033924, -0.22799671093185395], [-0.8377629715199755, -0.16246744520517667, 0.5213036857710898], [-0.5440306084466285, 0.16664552219444034, -0.8223502702654952]]	0.18241466162421718	0.8175853383757826	[[0.008524642560963691, -0.17740551258698473, -0.041589942876068535], [-0.152820248971115, -0.02963644404205336, 0.09509343544339058], [-0.09923915935300882, 0.030398586542289815, -0.15000874628706384]]	0.478626254424352	0.8933883829354053	[[-0.07151258630013373, -0.5931103647932149, 0.11440187541810536], [-0.30154441276371163, -0.20135152632326264, 0.0016944831573642936], [0.08202776167268659, 0.07976092210451521, -0.5263645937629662]]	[[-0.09387985493375754, -0.12762729864219852, 0.22352708719249031], [0.09943094039030928, -0.12359034155881524, -0.2478151473808618], [0.3424150940856977, 0.0, -0.13276616408093864]]	0.8735650886864873	[[0.6688881970645683, -0.6688881970645681, 0.0], [-0.7071067811865475, -0.7071067811865476, 0.0], [0.0, 0.0, -0.9459507599999998]]
2	[[0.8592155572171323, 0.2624339665249735, -0.4391776855101157], [-0.4266000482917053, 0.8413623931712975, -0.33184593135155627], [0.2824199444684594, 0.4724804086637203, 0.8348660002631537]]	0.1755972216845349	0.8244027783154652	[[0.150875864675458, 0.046082675397437614, -0.07711838140142074], [-0.07490978325051191, 0.14774089867073126, -0.05827122357265018], [0.04959215759696209, 0.08296624706172294, 0.14660015012509]]	0.0	0.688548280639329	[[0.6877320553820361, 0.687732055382036, 0.0], [-0.7071067811865475, 0.7071067811865476, 0.0], [0.0, 0.0, 0.9725999999999999]]	[[0.6877320553820361, 0.687732055382036, 0.0], [-0.7071067811865475, 0.7071067811865476, 0.0], [0.0, 0.0, 0.9725999999999999]]	0.688548280639329	[[0.6877320553820361, 0.687732055382036, 0.0], [-0.7071067811865475, 0.7071067811865476, 0.0], [0.0, 0.0, 0.9725999999999999]]
2	[[-0.5446221603179724, 0.8109226453022452, -0.2139887049042392], [-0.8354447797583356, -0.5021691245819775, 0.22328947644507607], [0.07361197229480154, 0.30038414347728, 0.9509735242804028]]	0.24858834218972564	0.7514116578102744	[[-0.1353867199532317, 0.2015859160397921, -0.05319509739947126], [-0.20768183279118513, -0.12483339017869954, 0.055507160777893264], [0.018299078158080725, 0.07467199624709772, 0.23640093186718616]]	0.6063505306082363	0.5839992478442517	[[-0.2583556354702953, 0.5429191169708101, 0.1413727037947531], [-0.6134924767878505, -0.5131606097217646, 0.13539169252170719], [0.19052750263631218, 0.00940369241958198, 0.5041933059233643]]	[[0.07187630041951118, 0.05121574070955907, 0.27112486855760787], [-0.10692009128750266, -0.20867009457640895, 0.0], [0.14589284417624052, -0.17273439236416732, -0.07242999511844227]]	0.3963317087105464	[[-0.6688881970645683, 0.6688881970645681, 0.0], [-0.7071067811865475, -0.7071067811865476, 0.0], [0.0, 0.0, 0.9459507599999998]]
2	[[0.3802729664721569, 0.7767473726770865, -0.5020517802076895], [0.4287143634067757, 0.332951791095048, 0.839849450446521], [0.8195098935212374, -0.5346088512602871, -0.20639019011321075]]	0.12808161667128234	0.8719183833287181	[[0.0487059763221382, 0.09948705923765228, -0.0643036036616962], [0.05491042875533947, 0.04264500367705283, 0.10756927537367846], [0.10496415204031055, -0.06847356595619472, -0.026434789214793364]]	0.42469749194540385	0.9462500139925276	[[0.14364394059065957, 0.3204843266061941, 0.135128237952133], [0.28412614877551357, -0.2653965140622365, 0.32786928322310777], [0.6136357471493348, 0.0, -0.06239973569461449]]	[[-0.017857034524704142, -0.00939833444494655, 0.3483483698330639], [0.10205223387568552, -0.4068003046790334, -0.02881267199325544], [0.2655919507464203, 0.2270470383020574, 0.025253660408601178]]	1.0000000000000007	[[0.0, 0.0, 0.0], [0.0, 0.0, 0.0], [0.0, 0.0, 0.0]]
2	[[-0.42203838922340475, -0.825029846081567, 0.3757783270710803], [0.2588054115689476, 0.28760896992378115, 0.9221175843470338], [-0.8688517462515349, 0.4864224845687207, 0.09214016247897017]]	0.1098732426879629	0.8901267573120372	[[-0.04637072636278008, -0.09064870450333265, 0.04128798332715751], [0.02843578979427313, 0.03160053015167058, 0.10131604913179976], [-0.09546355877575527, 0.05344481569590094, 0.010123738433360237]]	0.35179445729123543	1.1460442224071927	[[-0.2358206633141576, -0.4778074945438119, 0.3062646740673335], [0.1833871592907551, 0.00950634699844028, 0.033771357084869925], [0.1839818879002898, 0.17112073397310743, -0.09111701086816182]]	[[-0.08734989722124276, -0.18756656759247575, 0.17406794143355436], [0.09234084998382237, -0.09167289448798752, -0.2906244980591998], [0.48963911643939073, 0.0, -0.12353140932217742]]	1.0000000000000002	[[0.0, 0.0, 0.0], [0.0, 0.0, 0.0], [0.0, 0.0, 0.0]]
2	[[-0.8305561570912853, 0.32773595720904825, 0.4502950280316503], [-0.5100865793185324, -0.772219296347621, -0.37879947194723407], [0.22358030216652452, -0.5443036842615101, 0.808545204538665]]	0.19503754347223218	0.8049624565277678	[[-0.1619896325948216, 0.06392081600157337, 0.08782443610505296], [-0.09948603338844048, -0.15061175458149567, -0.07388011847716726], [0.043606552903338355, -0.10615965348125041, 0.15769667047947472]]	0.5381303670717571	0.6390364080930568	[[-0.4069406084055845, 0.16720615779742176, 0.42468773097221696], [-0.35060696638303246, -0.5988426883032899, -0.06377714829689418], [0.34295935619541196, -0.25763979271895365, 0.2840804428803943]]	[[0.04000688128365669, -0.00915851315809699, 0.18237030224695785], [-0.07611388821597373, -0.18328803489985068, 0.14006635058865863], [0.22264400612052576, 0.035266548691202555, -0.15102228483210628]]	0.6803695107350327	[[-0.6688881970645683, 0.6688881970645681, 0.0], [-0.7071067811865475, -0.7071067811865476, 0.0], [0.0, 0.0, 0.9459507599999998]]
