2	[[-0.8305561570912853, 0.32773595720904825, 0.4502950280316503], [-0.5100865793185324, -0.772219296347621, -0.37879947194723407], [0.22358030216652452, -0.5443036842615101, 0.808545204538665]]	0.1842009975585799	0.8157990024414199	[[-0.15298927266463536, 0.06036929025372275, 0.08294479335909868], [-0.09395845675171734, -0.14224356472121652, -0.06977524060734383], [0.04118371469352252, -0.10026128161578048, 0.14893483324722817]]	0.516811860672503	0.6637078495563509	[[-0.3741538230709871, 0.1455525837133167, 0.3997114428624215], [-0.3542234984158722, -0.6044581005141101, -0.05771399896164274], [0.3178441771358408, -0.24743316639591412, 0.26104204724936025]]	[[0.05508744986836368, -0.023825246141175305, 0.16699363157380737], [-0.0906047042541892, -0.20536600912148506, 0.13805406095716888], [0.20229522516343879, 0.033869433438175486, -0.15682370434609666]]	0.6843048624731517	[[-0.6099994109464016, 0.6099994109464015, 0.0], [-0.7071067811865475, -0.7071067811865476, 0.0], [0.0, 0.0, 0.8626694400000001]]
2	[[0.034229894132735264, 0.2773841392786001, 0.9601491309293217], [-0.1827544195208179, -0.9427759796974285, 0.2788803941677556], [0.9825625356654255, -0.18501754344446375, 0.018422055382213542]]	0.7627169071496983	0.23728309285030172	[[0.026107718984981453, 0.21156557280295502, 0.7323219755448831], [-0.1393898856248567, -0.7190711793698497, 0.21270679170431933], [0.7494170582838985, -0.14111600850439632, 0.01405081310446236]]	0.8730961140443023	0.18974321624338028	[[0.0, 0.21005085436372256, 0.8015098098702218], [-0.18725376224221435, -0.8215803450918326, 0.24348938843101076], [0.8216044514166192, -0.16153809821138423, 0.0]]	[[-0.02988598755143903, -0.03213215973794673, -0.03679266524718329], [-0.02769158873416602, 0.001553699196302519, 0.0], [-0.036267080278380215, 0.0, -0.01608422496691956]]	0.3698022445886333	[[0.0, 0.0, 0.9288000000000001], [0.0, -1.0, 0.0], [0.9288000000000001, 0.0, 0.0]]
2	[[0.04673222253661188, -0.9725397674033924, -0.22799671093185395], [-0.8377629715199755, -0.16246744520517667, 0.5213036857710898], [-0.5440306084466285, 0.16664552219444034, -0.8223502702654952]]	0.17505545060159508	0.8249445493984049	[[0.008180730273760595, -0.17024838721077137, -0.03991206696785734], [-0.14665497447676054, -0.028440811828482144, 0.09125705161293045], [-0.09523552330268456, 0.02917220697848587, -0.14395689711366974]]	0.46032289065722726	0.8700517414560359	[[-0.05418759595789178, -0.5523675179303035, 0.09653410784619061], [-0.30658842152306165, -0.1867722783833653, 0.0], [0.06825992227383489, 0.06825992227383489, -0.4856019240278895]]	[[-0.07569950772278175, -0.1046852009200663, 0.20148621288268187], [0.07905305121260167, -0.11198479436882372, -0.2399680195444149], [0.31868966455999714, -0.008450826217793035, -0.10705527048652477]]	0.8888219017544826	[[0.6099994109464016, -0.6099994109464015, 0.0], [-0.7071067811865475, -0.7071067811865476, 0.0], [0.0, 0.0, -0.8626694400000001]]
2	[[0.8489524140446696, -0.5135124485683378, 0.12483895166604869], [0.522794976890395, 0.7815435453534784, -0.34040431673891397], [0.0772347773085365, 0.35425224329800037, 0.9319550081910795]]	0.20999959824699302	0.7900004017530071	[[0.17827966588019548, -0.10783740789418057, 0.026216129695445983], [0.10978673511252893, 0.16412383053676097, -0.07148476975671411], [0.01621927220548866, 0.0743928287706761, 0.1957101773043997]]	0.0	0.45121615239052126	[[0.6567607783660653, -0.6567607783660652, 0.0], [0.7071067811865474, 0.7071067811865475, 0.0], [0.0, 0.0, 0.9287999999999997]]	[[0.6567607783660653, -0.6567607783660652, 0.0], [0.7071067811865474, 0.7071067811865475, 0.0], [0.0, 0.0, 0.9287999999999998]]	0.45121615239052126	[[0.6567607783660654, -0.6567607783660653, 0.0], [0.7071067811865475, 0.7071067811865476, 0.0], [0.0, 0.0, 0.9288000000000001]]
2	[[0.8787972042104137, -0.3840163418041313, 0.28327887866788265], [-0.395223040501579, -0.9183905790867732, -0.018907472103605397], [0.2674214316928388, -0.09534250611366366, -0.9588511794847616]]	0.5606656173233516	0.4393343826766485	[[0.49271137700066703, -0.21530475933986845, 0.15882472738299525], [-0.2215879699832298, -0.5149100209676362, -0.01060076951899197], [0.14993400208555996, -0.05345526504737266, -0.5375948884670476]]	0.8009643251601126	0.3543955409738495	[[0.5608066081212012, -0.24155506565871615, 0.23365582079672112], [-0.34959467027014185, -0.8437543919137971, -0.015144210633947951], [0.20743548165681866, -0.07636594606840452, -0.6506525102235731]]	[[-0.1430786015017864, 0.06602832440488496, 0.006759544912387055], [-0.033035114347066824, -0.10815630150215483, 0.0], [-0.006759544912387055, 0.0, 0.11735307768141699]]	0.5039391649095484	[[0.6099994109464016, -0.6099994109464015, 0.0], [-0.7071067811865475, -0.7071067811865476, 0.0], [0.0, 0.0, -0.8626694400000001]]
2	[[0.3802729664721569, 0.7767473726770865, -0.5020517802076895], [0.4287143634067757, 0.332951791095048, 0.839849450446521], [0.8195098935212374, -0.5346088512602871, -0.20639019011321075]]	0.12376652849427774	0.8762334715057228	[[0.04706506494047974, 0.09613532583329398, -0.062137205960677844], [0.05306048847449084, 0.04120828733978604, 0.10394525093959285], [0.10142789458783874, -0.06616668162279941, -0.025544197345586106]]	0.4070970144378536	0.8962709084787782	[[0.2140010616860252, 0.3372669319148838, 0.11529125117681269], [0.24147425817372675, -0.2030775723413581, 0.3281186894673102], [0.5680711295106149, 0.0, -0.07666305466286298]]	[[0.05919307236378411, 0.0210553955255951, 0.31967503199257263], [0.06694592078420342, -0.3386212524478881, -0.013781514386740589], [0.23445109855583576, 0.2176376672401135, 0.007357775541486131]]	1.0000000000000007	[[0.0, 0.0, 0.0], [0.0, 0.0, 0.0], [0.0, 0.0, 0.0]]
2	[[0.22433838825039393, -0.7661379269479729, -0.6022499185961573], [-0.9416906372873723, -0.011392912655017143, -0.3362869982418849], [0.2507808429735371, 0.642575192824231, -0.724020780340167]]	0.13932858449281144	0.8606714155071886	[[0.031256750082326146, -0.10674491288791804, -0.08391062866891354], [-0.13120442352338313, -0.0015873583934737784, -0.04685439144837839], [0.03494093986941693, 0.08952909204639548, -0.10087679046817626]]	0.4000565180373296	0.869230325354985	[[0.0185207435756185, -0.3056113030551585, 0.10554817885294061], [-0.4626437885165423, -0.12394943053830876, -0.13453380557787403], [0.274549305041953, 0.041383330134220506, -0.3200397106032502]]	[[-0.07122729088994066, 0.0008871683359856497, 0.34648218427478444], [-0.08591431109500221, -0.11939162157123916, 0.0], [0.17422279421149353, -0.215683064084207, -0.030390478233692675]]	0.9633623280171227	[[0.6099994109464016, -0.6099994109464015, 0.0], [-0.7071067811865475, -0.7071067811865476, 0.0], [0.0, 0.0, -0.8626694400000001]]
2	[[-0.42203838922340475, -0.825029846081567, 0.3757783270710803], [0.2588054115689476, 0.28760896992378115, 0.9221175843470338], [-0.8688517462515349, 0.4864224845687207, 0.09214016247897017]]	0.10596876738198906	0.8940312326180111	[[-0.04472288789388433, -0.08742739584261583, 0.039820766128588314], [0.027425290455749755, 0.030477568030826657, 0.0977156637945125], [-0.09207114858796389, 0.051545591116631935, 0.00976397944427268]]	0.33807286582608453	1.1295772841034684	[[-0.2271483092958115, -0.4456639077293098, 0.2819528645127705], [0.18541043881548527, 0.015574828262004462, 0.02053952181385038], [0.15783249668535498, 0.1644462433603918, -0.08830652485306079]]	[[-0.08446858156243059, -0.1667437032724609, 0.15491240856451877], [0.0979153516350719, -0.08165796043741641, -0.29120341255497756], [0.45156769651860934, 0.0, -0.11945661364000729]]	1.0000000000000002	[[0.0, 0.0, 0.0], [0.0, 0.0, 0.0], [0.0, 0.0, 0.0]]
2	[[0.8592155572171323, 0.2624339665249735, -0.4391776855101157], [-0.4266000482917053, 0.8413623931712975, -0.33184593135155627], [0.2824199444684594, 0.4724804086637203, 0.8348660002631537]]	0.16656422604054147	0.8334357739594587	[[0.1431145742898642, 0.043712110520981576, -0.0731512912812688], [-0.07105630687256552, 0.14014087583819493, -0.05527366072027463], [0.047041059468801646, 0.07869833358839132, 0.13905880918139468]]	0.0	0.6889269917126366	[[0.6567607783660651, 0.6567607783660651, 0.0], [-0.7071067811865472, 0.7071067811865472, 0.0], [0.0, 0.0, 0.9287999999999996]]	[[0.656760778366065, 0.6567607783660651, 0.0], [-0.7071067811865472, 0.7071067811865471, 0.0], [0.0, 0.0, 0.9287999999999995]]	0.6889269917126365	[[0.6567607783660654, 0.6567607783660653, 0.0], [-0.7071067811865475, 0.7071067811865476, 0.0], [0.0, 0.0, 0.9288000000000001]]
2	[[-0.30792515101507295, 0.09349718223056193, 0.9468053539599837], [0.3027085282091916, -0.9338174967034747, 0.1906631317268273], [0.9019698710720718, 0.34531602882779927, 0.2592434992682147]]	0.5431883830556986	0.4568116169443017	[[-0.16726136488205925, 0.05078658323608291, 0.5142936692860017], [0.16442775597512105, -0.5072388161034805, 0.10356599823103098], [0.4899395558325956, 0.18757165534218728, 0.1408180571852027]]	0.7734693401173229	0.3224419546525632	[[-0.0894024398215728, 0.1272196624331191, 0.743953853924196], [0.3096103195093735, -0.8106702682336324, 0.14747208668145134], [0.6860170994066032, 0.26709136094937236, 0.0894024398215728]]	[[0.1487682235395827, 0.054902458590417286, 0.011628941577219101], [0.07547455394752406, -0.08839106526838532, 0.0], [-0.011628941577219101, 0.0, -0.11111445848711896]]	0.48024476150953055	[[0.0, 0.0, 0.9288000000000001], [0.0, -1.0, 0.0], [0.9288000000000001, 0.0, 0.0]]
2	[[-0.3195682178843842, -0.5708200961323295, -0.7563336379995778], [0.910087742671785, 0.03735879733279218, -0.41272826520656647], [0.2638493031197415, -0.8202248094963509, 0.507557688474819]]	0.11418800096271764	0.8858119990372824	[[-0.03649085597143602, -0.06518080568669701, -0.08636422618403153], [0.10392110003636329, 0.004265926385802837, -0.047128615544748204], [0.03012842447864944, -0.09365983133641421, 0.057956997820197385]]	0.360333132963023	1.0692956921794279	[[-0.18298476886225964, -0.27351914531418586, 0.1833575769634128], [0.5375679447297637, -0.07537673795688166, -0.14871966886427554], [0.23954552776746646, -0.04687628809308953, 0.08695844038337967]]	[[-0.06783375171656958, -0.06783375171656957, 0.45588964630912154], [0.20963317714159396, -0.0888383504435373, 0.0], [0.1444718817442197, 0.2486778872467293, -0.09593141166422191]]	0.9631751075213488	[[1.7225219343442094e-16, -0.8626694400000001, 0.0], [1.0, 1.7938038903913487e-16, 0.0], [0.0, 0.0, 0.8626694400000001]]
2	[[0.5319609947059123, -0.8460851799387872, 0.03402011756955908], [-0.703274286200726, -0.4190807785627857, 0.5742617690636116], [-0.47161719485230363, -0.3294103357928521, -0.8179645788128509]]	0.14923065503248883	0.8507693449675111	[[0.07938488769169764, -0.12626184561554643, 0.005076844429187592], [-0.10495008239724041, -0.0625396990964499, 0.08569745995747859], [-0.07037974291239424, -0.049158120184839435, -0.12206538988961559]]	0.45511164793354425	0.8214811444639579	[[0.2146282859990927, -0.4974526204959228, 0.22401708756687044], [-0.38341858201386775, -0.39894432564149485, 0.0], [0.12952879199323347, -0.14644349823491984, -0.3255197271337845]]	[[-0.027473358937882525, -0.11238939996183202, 0.20853413579689545], [-0.06335026267176824, -0.20821578189251266, -0.2613532200637727], [0.3441672707362608, 0.003474982534107276, 0.04674548028099946]]	0.6931750259062596	[[0.6099994109464016, -0.6099994109464015, 0.0], [-0.7071067811865475, -0.7071067811865476, 0.0], [0.0, 0.0, -0.8626694400000001]]
2	[[0.08740825448676931, -0.06334395238859675, -0.994156597696443], [0.7119981850616444, -0.6940087028176986, 0.10681996481098455], [-0.6967197295301035, -0.717174639895393, -0.015561310176609944]]	0.15116294602927466	0.8488370539707254	[[0.013212889255496608, -0.00957525845619841, -0.15027964012223477], [0.1076277432214148, -0.10490840008787872, 0.016147220575571875], [-0.10531820687248981, -0.10841023138407177, -0.002352293490371672]]	0.44186589341696925	1.023942370465402	[[0.05968940689043153, -0.014787251961498146, -0.0006506943843610398], [0.6352426971501123, -0.6364101128266192, 0.03808374486563842], [0.0078647943779469, -0.012295474396143662, 0.02291677295381847]]	[[0.021066680429617436, 0.013202280153251174, 0.4386331988531523], [0.3206349829965882, -0.32975133731692474, -0.009116354320336483], [0.31572148012799534, 0.3045995385972274, 0.029792785177744842]]	0.8282661268119124	[[0.0, 0.0, -0.8626694400000001], [0.0, -1.0, 0.0], [-0.8626694400000001, 0.0, 0.0]]
2	[[-0.5446221603179724, 0.8109226453022452, -0.2139887049042392], [-0.8354447797583356, -0.5021691245819775, 0.22328947644507607], [0.07361197229480154, 0.30038414347728, 0.9509735242804028]]	0.23482974634142634	0.7651702536585737	[[-0.12789348375938908, 0.19042875909884466, -0.05025091329259282], [-0.19618728571291877, -0.11792424814608195, 0.05243501111430711], [0.017286280781680347, 0.07053913221775628, 0.2233168714841792]]	0.5908345005758061	0.5800296049882758	[[-0.34462780291009365, 0.5234696737728448, 0.13453705133078897], [-0.6069356626927186, -0.3993564770670234, 0.13192712629925973], [0.17560753064724346, 0.014656591986443528, 0.4991495790383379]]	[[-0.022846240816107928, 0.04434859763008109, 0.26096896092174865], [-0.11332606348553799, -0.1026576331400409, 0.0], [0.13211503776004432, -0.16282072340584647, -0.06271838824068798]]	0.4283149308377178	[[-0.6099994109464016, 0.6099994109464015, 0.0], [-0.7071067811865475, -0.7071067811865476, 0.0], [0.0, 0.0, 0.8626694400000001]]
