2	[[-0.8305561570912853, 0.32773595720904825, 0.4502950280316503], [-0.5100865793185324, -0.772219296347621, -0.37879947194723407], [0.22358030216652452, -0.5443036842615101, 0.808545204538665]]	0.18035653017187772	0.8196434698281222	[[-0.1497962266058732, 0.059109320054782956, 0.08121364880943686], [-0.09199744553313279, -0.13927479282102576, -0.06831895839134265], [0.040324167513534306, -0.09816872385317525, 0.14582640757770474]]	0.5090541851273562	0.6724123056523065	[[-0.3631005409535752, 0.13836788374094475, 0.39097624498024686], [-0.35551475376945973, -0.6063609408016055, -0.055502219994369974], [0.30920487141051056, -0.24371903680626023, 0.25322036100919304]]	[[0.05969754679703752, -0.02846747689304137, 0.1617516764186951], [-0.09585304579006376, -0.21325947615974697, 0.13732723652440204], [0.19539038288060234, 0.033361031647300594, -0.15837295922586864]]	0.6875124386704782	[[-0.5899388764169529, 0.5899388764169528, 0.0], [-0.7071067811865475, -0.7071067811865476, 0.0], [0.0, 0.0, 0.8342995599999999]]
2	[[-0.5446221603179724, 0.8109226453022452, -0.2139887049042392], [-0.8354447797583356, -0.5021691245819775, 0.22328947644507607], [0.07361197229480154, 0.30038414347728, 0.9509735242804028]]	0.22995640282207078	0.7700435971779291	[[-0.12523935288390603, 0.1864768544806623, -0.049208072824332504], [-0.192115876309704, -0.11547700549717993, 0.0513468447913332], [0.01692754435355049, 0.0690752570988241, 0.21868245082254853]]	0.5850521048430577	0.5802363412192878	[[-0.3291201525656012, 0.5164722379592765, 0.13213486085360082], [-0.6044921192241334, -0.40904358313783107, 0.13063597818349612], [0.1705006983299233, 0.01636621395152073, 0.4969151880485315]]	[[-0.01048781132739834, 0.042040237460297836, 0.25732940307046587], [-0.11571339234637457, -0.11524847981394955, 0.0], [0.1274338589972008, -0.15937416145134095, -0.059453873981738646]]	0.44098376830427904	[[-0.5899388764169529, 0.5899388764169528, 0.0], [-0.7071067811865475, -0.7071067811865476, 0.0], [0.0, 0.0, 0.8342995599999999]]
2	[[0.8592155572171323, 0.2624339665249735, -0.4391776855101157], [-0.4266000482917053, 0.8413623931712975, -0.33184593135155627], [0.2824199444684594, 0.4724804086637203, 0.8348660002631537]]	0.16332692127795265	0.8366730787220474	[[0.1403330316743948, 0.04286253179128521, -0.07172953926834409], [-0.06967527250451014, 0.1374171293557182, -0.054199374306264515], [0.04612678003752385, 0.07716877051119435, 0.13635609350261935]]	0.0	0.6896054957291708	[[0.6458713339357925, 0.6458713339357924, 0.0], [-0.7071067811865475, 0.7071067811865476, 0.0], [0.0, 0.0, 0.9134]]	[[0.6458713339357925, 0.6458713339357924, 0.0], [-0.7071067811865475, 0.7071067811865476, 0.0], [0.0, 0.0, 0.9134]]	0.6896054957291708	[[0.6458713339357925, 0.6458713339357924, 0.0], [-0.7071067811865475, 0.7071067811865476, 0.0], [0.0, 0.0, 0.9134]]
2	[[-0.3195682178843842, -0.5708200961323295, -0.7563336379995778], [0.910087742671785, 0.03735879733279218, -0.41272826520656647], [0.2638493031197415, -0.8202248094963509, 0.507557688474819]]	0.11167579916946219	0.8883242008305378	[[-0.035688036121399445, -0.06374679041756712, -0.08446416346234953], [0.10163477597720347, 0.004172073548149496, -0.04609175885676904], [0.029465581786202816, -0.09159926109912486, 0.05668191048503029]]	0.3540738489697535	1.065577214536869	[[-0.17760940723647115, -0.2665711268286011, 0.17993963247423977], [0.5353829997453049, -0.07394953894242541, -0.1461362854402982], [0.2306127897581294, -0.048134942710897514, 0.0885545955214887]]	[[-0.06445865832174248, -0.06445865832174247, 0.4477375947860465], [0.21314472979731147, -0.08717731210692817, 0.0], [0.1371906514545353, 0.2422852126079583, -0.09115830881098158]]	0.956477769977757	[[1.6658748128526755e-16, -0.8342995599999999, 0.0], [1.0, 1.7938038903913487e-16, 0.0], [0.0, 0.0, 0.8342995599999999]]
2	[[0.08740825448676931, -0.06334395238859675, -0.994156597696443], [0.7119981850616444, -0.6940087028176986, 0.10681996481098455], [-0.6967197295301035, -0.717174639895393, -0.015561310176609944]]	0.14637220022407985	0.8536277997759202	[[0.012794138526974724, -0.009271793682008271, -0.1455168885721138], [0.10421674090302446, -0.10158358080608612, 0.015635473277242594], [-0.10198039975084708, -0.10497442998640083, -0.002277743208919783]]	0.4341554801630511	1.0227230871803918	[[0.05818267812165189, -0.014460471684851442, -0.000997990525615184], [0.6353750571443751, -0.6361867316372226, 0.037754566319160916], [0.007096416431029002, -0.011956991013969244, 0.021859035379741626]]	[[0.020233905424734373, 0.013040652379845235, 0.4306205445045493], [0.3262571432337159, -0.3348790500280683, -0.0086219067943523], [0.3095811051442422, 0.29940830913057837, 0.028615063471433888]]	0.8380493901050708	[[0.0, 0.0, -0.8342995599999999], [0.0, -1.0, 0.0], [-0.8342995599999999, 0.0, 0.0]]
2	[[0.034229894132735264, 0.2773841392786001, 0.9601491309293217], [-0.1827544195208179, -0.9427759796974285, 0.2788803941677556], [0.9825625356654255, -0.18501754344446375, 0.018422055382213542]]	0.7323771013239478	0.2676228986760522	[[0.025069190643558253, 0.2031497918780994, 0.7031912373487242], [-0.13384515202279734, -0.6904675392086479, 0.20424561469666086], [0.7196063017401525, -0.13550261216193393, 0.013491891521254788]]	0.8594426286248832	0.21257892401252806	[[0.0010301250198800464, 0.20099646106523292, 0.7808436092222435], [-0.18935865057839465, -0.821262794168634, 0.23968169903547942], [0.7978074656117617, -0.15901196387962843, -0.0014568167740542158]]	[[-0.028388505171109413, -0.037399292735217846, -0.04434948373554988], [-0.032291711872608264, -0.011000927973076455, 0.0], [-0.046648662828862195, 0.0, -0.017289516476417004]]	0.3770890095553381	[[0.0, 0.0, 0.9134], [0.0, -1.0, 0.0], [0.9134, 0.0, 0.0]]
2	[[0.8489524140446696, -0.5135124485683378, 0.12483895166604869], [0.522794976890395, 0.7815435453534784, -0.34040431673891397], [0.0772347773085365, 0.35425224329800037, 0.9319550081910795]]	0.20667789317284738	0.7933221068271525	[[0.17545969633875513, -0.1061316709881342, 0.025801451516245827], [0.10805016438505427, 0.16152777337649457, -0.07035404701054138], [0.015962721053802392, 0.07321610729658566, 0.19261449762481603]]	0.0	0.4570917738710442	[[0.6458713339357928, -0.6458713339357925, 0.0], [0.7071067811865476, 0.7071067811865478, 0.0], [0.0, 0.0, 0.9134000000000001]]	[[0.6458713339357927, -0.6458713339357925, 0.0], [0.7071067811865476, 0.7071067811865477, 0.0], [0.0, 0.0, 0.9134000000000002]]	0.45709177387104427	[[0.6458713339357925, -0.6458713339357924, 0.0], [0.7071067811865475, 0.7071067811865476, 0.0], [0.0, 0.0, 0.9134]]
2	[[-0.30792515101507295, 0.09349718223056193, 0.9468053539599837], [0.3027085282091916, -0.9338174967034747, 0.1906631317268273], [0.9019698710720718, 0.34531602882779927, 0.2592434992682147]]	0.5226372469983022	0.4773627530016979	[[-0.1609331532080542, 0.04886510992307946, 0.494835743636899], [0.1582067518261598, -0.4880478056759503, 0.09964765426978368], [0.47140305029252116, 0.18047501865094737, 0.13549030875974616]]	0.760926614982928	0.33759718897952484	[[-0.07906014214810334, 0.1210407236500084, 0.7327421925791244], [0.31494701605174585, -0.8094503010634685, 0.1450806514269388], [0.6740400812688184, 0.2627601569152845, 0.07906014214810334]]	[[0.155248300681903, 0.04989622926486495, 0.012292799542641203], [0.08460804035506156, -0.09888371428506192, 0.0], [-0.012292799542641203, 0.0, -0.11820513620638846]]	0.4842096233846232	[[0.0, 0.0, 0.9134], [0.0, -1.0, 0.0], [0.9134, 0.0, 0.0]]
2	[[0.22433838825039393, -0.7661379269479729, -0.6022499185961573], [-0.9416906372873723, -0.011392912655017143, -0.3362869982418849], [0.2507808429735371, 0.642575192824231, -0.724020780340167]]	0.1360648745962379	0.8639351254037619	[[0.030524574664411976, -0.1042444609535976, -0.08194505964938059], [-0.1281310184709577, -0.0015501752316907924, -0.045756848244127346], [0.03412246395033319, 0.08743191303028239, -0.09851379668205514]]	0.3931152286406195	0.850138287833352	[[0.1584883050442877, -0.2992594048806272, 0.10177806344970178], [-0.45576375179954975, -0.2908373820702538, -0.13219954020272617], [0.26719719971067046, 0.04254053995787124, -0.3156628407972103]]	[[0.07029746825436603, 0.0019210814417753297, 0.33853167789742455], [-0.0855708216135938, -0.2863586546069941, 0.0], [0.16861143128644113, -0.21006555388801648, -0.031039246193225845]]	0.9675650006035775	[[0.5899388764169529, -0.5899388764169528, 0.0], [-0.7071067811865475, -0.7071067811865476, 0.0], [0.0, 0.0, -0.8342995599999999]]
2	[[-0.42203838922340475, -0.825029846081567, 0.3757783270710803], [0.2588054115689476, 0.28760896992378115, 0.9221175843470338], [-0.8688517462515349, 0.4864224845687207, 0.09214016247897017]]	0.10453303194534154	0.8954669680546586	[[-0.044116952422850644, -0.08624287125630467, 0.03928124786808823], [0.027053714355164064, 0.03006463764080939, 0.09639174690190966], [-0.09082370734667759, 0.050847217118354486, 0.009631690547863142]]	0.33305535489210875	1.1246180494757778	[[-0.2239535183918432, -0.43451672628707627, 0.2736182567981019], [0.18615028208830142, 0.017793861758949044, 0.015701097763876185], [0.14912268673414525, 0.1620056132255366, -0.08724543601304102]]	[[-0.08339137289094821, -0.15973611810379812, 0.1484632727146804], [0.09995375389020725, -0.0779958457891698, -0.2914151015430792], [0.4384984134305787, 0.0, -0.117933210527291]]	1.0000000000000002	[[0.0, 0.0, 0.0], [0.0, 0.0, 0.0], [0.0, 0.0, 0.0]]
2	[[0.8787972042104137, -0.3840163418041313, 0.28327887866788265], [-0.395223040501579, -0.9183905790867732, -0.018907472103605397], [0.2674214316928388, -0.09534250611366366, -0.9588511794847616]]	0.5407085961652013	0.4592914038347989	[[0.47517320260251644, -0.2076409370814079, 0.15317132480776322], [-0.21370049540175123, -0.49658168074935527, -0.010223432698173177], [0.1445970669151231, -0.05155251263559119, -0.5184590751905528]]	0.7886493377504284	0.3720793495539402	[[0.5451425636363142, -0.23401392204701804, 0.23015092874819973], [-0.3508431510106291, -0.8419339568154316, -0.014911365353043096], [0.20415850631673865, -0.07519180430600701, -0.6309242769032469]]	[[-0.14792026948115647, 0.06884031160215227, 0.00674322868809006], [-0.039150761855347986, -0.11764583482241556, 0.0], [-0.00674322868809006, 0.0, 0.12527307079862757]]	0.5135492449382789	[[0.9134, 0.0, 0.0], [0.0, -1.0, 0.0], [0.0, 0.0, -0.9134]]
2	[[0.3802729664721569, 0.7767473726770865, -0.5020517802076895], [0.4287143634067757, 0.332951791095048, 0.839849450446521], [0.8195098935212374, -0.5346088512602871, -0.20639019011321075]]	0.12210764149724533	0.877892358502755	[[0.046434235061076135, 0.09484678971678087, -0.061304358790654365], [0.052349299791594334, 0.04065595794289985, 0.1025520356067823], [0.10006842028153691, -0.06527982595094531, -0.025201819342892243]]	0.40068340478196274	0.8989210541763484	[[0.20578080372162713, 0.3311746996450158, 0.1087014680603276], [0.23894742612860842, -0.20673406152674184, 0.32820957304108656], [0.5523708078139317, 0.0, -0.08110457825452468]]	[[0.05341173676902615, 0.019944917705316624, 0.3098652847307903], [0.06716869531984984, -0.3401423188109584, -0.008304164268085787], [0.2240067934253385, 0.21420889474954577, 0.0015925458336331771]]	1.0000000000000007	[[0.0, 0.0, 0.0], [0.0, 0.0, 0.0], [0.0, 0.0, 0.0]]
2	[[0.5319609947059123, -0.8460851799387872, 0.03402011756955908], [-0.703274286200726, -0.4190807785627857, 0.5742617690636116], [-0.47161719485230363, -0.3294103357928521, -0.8179645788128509]]	0.14653309752338894	0.8534669024766112	[[0.07794989231588043, -0.12397948218506437, 0.004985073205577367], [-0.10305295956554275, -0.061409204595318415, 0.08414835581015205], [-0.06910752840699975, -0.048269516859946286, -0.11985888339786123]]	0.44823923875226884	0.8276305424260844	[[0.21225867352625352, -0.4785880462516857, 0.2196476406102338], [-0.38231745089736613, -0.39794241659725044, 0.0], [0.11974450954616932, -0.14058083155774811, -0.3144503226443265]]	[[-0.02618711778662433, -0.09933946927634728, 0.20439848900859198], [-0.06708232021670757, -0.2100939674385593, -0.25740665820960446], [0.33114184194924634, 0.007073806595169137, 0.05219349748906586]]	0.7043417705544226	[[0.5899388764169529, -0.5899388764169528, 0.0], [-0.7071067811865475, -0.7071067811865476, 0.0], [0.0, 0.0, -0.8342995599999999]]
2	[[0.04673222253661188, -0.9725397674033924, -0.22799671093185395], [-0.8377629715199755, -0.16246744520517667, 0.5213036857710898], [-0.5440306084466285, 0.16664552219444034, -0.8223502702654952]]	0.1723625907616666	0.8276374092383333	[[0.008054886948461168, -0.16762947392839736, -0.03929810378135314], [-0.14439899621537522, -0.028003309769993365, 0.08985325385311078], [-0.09377052512550671, 0.028723453944264548, -0.14174242309651747]]	0.4535858500465899	0.8617791015384728	[[-0.04845626411917265, -0.5378140269424767, 0.09037785280803913], [-0.3089058214963496, -0.1812126473105552, 0.0], [0.06390679258964413, 0.06390679258964412, -0.47151114305704256]]	[[-0.06965333900300813, -0.09668374984069594, 0.1937939347438907], [0.07109160807809563, -0.10751971307226743, -0.23645597544290015], [0.31067137857327165, -0.011681258251378984, -0.09850469668262499]]	0.894883398953937	[[0.5899388764169529, -0.5899388764169528, 0.0], [-0.7071067811865475, -0.7071067811865476, 0.0], [0.0, 0.0, -0.8342995599999999]]
