2	[[0.22433838825039393, -0.7661379269479729, -0.6022499185961573], [-0.9416906372873723, -0.011392912655017143, -0.3362869982418849], [0.2507808429735371, 0.642575192824231, -0.724020780340167]]	0.13405991518182903	0.8659400848181711	[[0.030074785300876025, -0.10270838550422758, -0.08073757300526425], [-0.12624296696226767, -0.0015273329042056194, -0.04508260646105897], [0.03361965853825996, 0.08614357584796384, -0.0970621644022845]]	0.3888267488697444	0.8519829794942266	[[0.15694163189537136, -0.2953698246038101, 0.0995130305038475], [-0.4515131152682905, -0.29192206682878935, -0.1307573802135576], [0.26274065789429485, 0.04319336752558501, -0.3129197553145733]]	[[0.0697128657452922, 0.002525094717175949, 0.3336839083586595], [-0.0853586063307638, -0.287492197640982, 0.0], [0.16523035804208053, -0.20665705560460987, -0.03140110918077074]]	0.9703060166654072	[[0.5778589752941455, -0.5778589752941454, 0.0], [-0.7071067811865475, -0.7071067811865476, 0.0], [0.0, 0.0, -0.8172159999999998]]
2	[[-0.3195682178843842, -0.5708200961323295, -0.7563336379995778], [0.910087742671785, 0.03735879733279218, -0.41272826520656647], [0.2638493031197415, -0.8202248094963509, 0.507557688474819]]	0.11013585571635731	0.8898641442836424	[[-0.03519591913644801, -0.06286775974762747, -0.0832994524281491], [0.10023329231612506, 0.004114543112781095, -0.04545618066685287], [0.029059268779257283, -0.09033616127366677, 0.05590030034559049]]	0.35020685466678536	1.0634177880950981	[[-0.17436127354135636, -0.2623514035516916, 0.1778357359856635], [0.5340331377137553, -0.0730678134185414, -0.14454026759007052], [0.2252522016050008, -0.04884387126016581, 0.08943778701426486]]	[[-0.06244629310459632, -0.062446293104596304, 0.4427089604281826], [0.2153141718818748, -0.08615112032659245, 0.0], [0.13285036705341285, 0.23840447939321446, -0.08831239462844559]]	0.9528017369067561	[[1.6317634772098068e-16, -0.8172159999999998, 0.0], [1.0, 1.7938038903913487e-16, 0.0], [0.0, 0.0, 0.8172159999999998]]
2	[[0.08740825448676931, -0.06334395238859675, -0.994156597696443], [0.7119981850616444, -0.6940087028176986, 0.10681996481098455], [-0.6967197295301035, -0.717174639895393, -0.015561310176609944]]	0.14348169393104304	0.8565183060689572	[[0.012541484417317332, -0.00908869758900319, -0.14264327267020804], [0.10215870566847293, -0.09957754428316917, 0.015326709496734467], [-0.09996652698815736, -0.10290143217657678, -0.0022327631439263904]]	0.42939259450103534	1.0219977395812243	[[0.05726734868253796, -0.014260889870198055, -0.0012006422990329287], [0.6354568187177352, -0.6360487443427542, 0.03755122575522113], [0.006642679798943264, -0.011752007923784056, 0.021227439871520648]]	[[0.019734891507657296, 0.012938534191891558, 0.42568283852616484], [0.32973007075408745, -0.33804654683356433, -0.00831647607947683], [0.30580897210193403, 0.2961974714112445, 0.027909351222090567]]	0.8440598832648186	[[0.0, 0.0, -0.8172159999999998], [0.0, -1.0, 0.0], [-0.8172159999999998, 0.0, 0.0]]
2	[[0.034229894132735264, 0.2773841392786001, 0.9601491309293217], [-0.1827544195208179, -0.9427759796974285, 0.2788803941677556], [0.9825625356654255, -0.18501754344446375, 0.018422055382213542]]	0.7143124340754959	0.285687565924504	[[0.024450838996100663, 0.19813893970203325, 0.685846462789596], [-0.13054375424596978, -0.6734366048455809, 0.19920773317390325], [0.7018566364825615, -0.13216033180448375, 0.013159103220742551]]	0.8506283646366843	0.23031809400137043	[[0.004244409516121949, 0.19810730945568794, 0.7643088954480275], [-0.18738835374385593, -0.8198173437286388, 0.2372235736201519], [0.779420122598307, -0.1573811704092609, -0.006002501501965086]]	[[-0.024872509351693488, -0.037843507315021944, -0.05242118960171523], [-0.03193226073673605, -0.017865353899867126, 0.0], [-0.05637544026804799, 0.0, -0.021672824344983813]]	0.3816240219895909	[[0.0, 0.0, 0.9039999999999999], [0.0, -1.0, 0.0], [0.9039999999999999, 0.0, 0.0]]
2	[[0.8489524140446696, -0.5135124485683378, 0.12483895166604869], [0.522794976890395, 0.7815435453534784, -0.34040431673891397], [0.0772347773085365, 0.35425224329800037, 0.9319550081910795]]	0.20460373494269282	0.7953962650573072	[[0.1736988347021548, -0.10506656491664938, 0.025542515777203872], [0.10696580488105362, 0.15990672839967554, -0.06964799459539722], [0.015802523904793725, 0.0724813320905984, 0.19068147547444278]]	0.0	0.4607826329527229	[[0.6392245301926389, -0.6392245301926388, 0.0], [0.7071067811865475, 0.7071067811865476, 0.0], [0.0, 0.0, 0.9039999999999999]]	[[0.6392245301926389, -0.6392245301926388, 0.0], [0.7071067811865475, 0.7071067811865476, 0.0], [0.0, 0.0, 0.9039999999999999]]	0.4607826329527229	[[0.6392245301926389, -0.6392245301926388, 0.0], [0.7071067811865475, 0.7071067811865476, 0.0], [0.0, 0.0, 0.9039999999999999]]
2	[[0.8787972042104137, -0.3840163418041313, 0.28327887866788265], [-0.395223040501579, -0.9183905790867732, -0.018907472103605397], [0.2674214316928388, -0.09534250611366366, -0.9588511794847616]]	0.5290138965892509	0.4709861034107491	[[0.46489593331109064, -0.20314998133175313, 0.14985846342553022], [-0.20907848067759166, -0.48584137883355255, -0.010002315492180853], [0.14146965361130484, -0.05043751066977369, -0.5072455987084329]]	0.781052407892193	0.38278140993819587	[[0.5356683547579031, -0.2294809134082987, 0.2279861725649662], [-0.3516377988618373, -0.8408089258956684, -0.014767726613675465], [0.2021396308692533, -0.07446749397455313, -0.6190150308768666]]	[[-0.15071831763956792, 0.07045597502776954, 0.006730522276416026], [-0.042947891423605285, -0.12349775271443869, 0.0], [-0.006730522276416026, 0.0, 0.12989799166997593]]	0.5162242147521366	[[0.9039999999999999, 0.0, 0.0], [0.0, -1.0, 0.0], [0.0, 0.0, -0.9039999999999999]]
2	[[-0.5446221603179724, 0.8109226453022452, -0.2139887049042392], [-0.8354447797583356, -0.5021691245819775, 0.22328947644507607], [0.07361197229480154, 0.30038414347728, 0.9509735242804028]]	0.2269735046896459	0.7730264953103541	[[-0.12361480045901636, 0.18405795483644918, -0.04856976631611358], [-0.18962382963641872, -0.11397908615330281, 0.050680795029055044], [0.016707967338868215, 0.06817924179823567, 0.21584579367298706]]	0.5814349133521863	0.5806449988787237	[[-0.31982322099247446, 0.5121573635076061, 0.13066829643079908], [-0.6029635547587022, -0.4151033755266579, 0.12982829738929785], [0.16741888538587524, 0.017373991598748723, 0.49542922907927944]]	[[-0.003160882398313721, 0.04065862550096963, 0.255088800525142], [-0.11720679162937805, -0.12312471408719261, 0.0], [0.12461831465296375, -0.15727983683633426, -0.05749997961091984]]	0.4490099010042691	[[-0.5778589752941455, 0.5778589752941454, 0.0], [-0.7071067811865475, -0.7071067811865476, 0.0], [0.0, 0.0, 0.8172159999999998]]
2	[[-0.8305561570912853, 0.32773595720904825, 0.4502950280316503], [-0.5100865793185324, -0.772219296347621, -0.37879947194723407], [0.22358030216652452, -0.5443036842615101, 0.808545204538665]]	0.17800184271236463	0.8219981572876353	[[-0.147840526438349, 0.058337604306311276, 0.08015334475384961], [-0.09079635106154554, -0.13745645772792214, -0.06742700402507834], [0.03979770577982866, -0.0968870587936779, 0.14392253632412813]]	0.5042511763148568	0.6777275722066141	[[-0.3564724812840028, 0.13409135622322324, 0.38565575461164825], [-0.3563075834204683, -0.6075010135567745, -0.05413135811256911], [0.3039800904197213, -0.241419508159302, 0.24851644053890148]]	[[0.06233643792482477, -0.031169885720114934, 0.1585939570379572], [-0.0990958257766769, -0.21810852500045566, 0.13687872120427025], [0.19123946005142017, 0.03304626490207486, -0.1591934299534567]]	0.6898821381269428	[[-0.5778589752941455, 0.5778589752941454, 0.0], [-0.7071067811865475, -0.7071067811865476, 0.0], [0.0, 0.0, 0.8172159999999998]]
2	[[-0.30792515101507295, 0.09349718223056193, 0.9468053539599837], [0.3027085282091916, -0.9338174967034747, 0.1906631317268273], [0.9019698710720718, 0.34531602882779927, 0.2592434992682147]]	0.5104639898534107	0.4895360101465895	[[-0.15718470116336813, 0.047726944681464045, 0.4833100385969839], [0.15452180307231764, -0.47668020516217974, 0.09732666293922268], [0.4604231391150162, 0.17627139783577378, 0.1323344709800126]]	0.753204283243155	0.34690117370996637	[[-0.0728877572554239, 0.11735899025569875, 0.7258139964836702], [0.31826776762277686, -0.8086846738438633, 0.1436082874732002], [0.6666914217643015, 0.2600935119856152, 0.0728877572554239]]	[[0.15904278540742436, 0.046936512128473724, 0.01267614848345912], [0.09026640760138238, -0.10532933555940557, 0.0], [-0.01267614848345912, 0.0, -0.12237555679633917]]	0.48678215153293275	[[0.0, 0.0, 0.9039999999999999], [0.0, -1.0, 0.0], [0.9039999999999999, 0.0, 0.0]]
2	[[0.3802729664721569, 0.7767473726770865, -0.5020517802076895], [0.4287143634067757, 0.332951791095048, 0.839849450446521], [0.8195098935212374, -0.5346088512602871, -0.20639019011321075]]	0.12105846555793492	0.8789415344420654	[[0.04603526181428337, 0.09403184506244554, -0.06077761814257249], [0.05189950299667116, 0.040306632934732634, 0.10167088577073075], [0.09920861021922764, -0.06471892720726063, -0.024985279721315742]]	0.3967105128887388	0.9007693071639115	[[0.2007906696040459, 0.3274267082545607, 0.10477773601003096], [0.23738218734948058, -0.20892697957153247, 0.3282658706071774], [0.5428691449302924, 0.0, -0.08366853227057021]]	[[0.049932386037154386, 0.019282859654853324, 0.3039469552329278], [0.06730669235960944, -0.34101245538407327, -0.004911235628787435], [0.21776095475408647, 0.212084951578328, -0.001791374095554077]]	1.0000000000000007	[[0.0, 0.0, 0.0], [0.0, 0.0, 0.0], [0.0, 0.0, 0.0]]
2	[[0.04673222253661188, -0.9725397674033924, -0.22799671093185395], [-0.8377629715199755, -0.16246744520517667, 0.5213036857710898], [-0.5440306084466285, 0.16664552219444034, -0.8223502702654952]]	0.1706917683162496	0.8293082316837501	[[0.00797680570212276, -0.16600453265595916, -0.03891716175924695], [-0.14299924303862047, -0.027731855515894986, 0.08898224795404584], [-0.09286154657392023, 0.02844501886535384, -0.14036842180696318]]	0.44941991392754094	0.856827537188611	[[-0.04504556198932013, -0.5289953470487984, 0.08671765135945869], [-0.31033073601003497, -0.17779192625456447, 0.0], [0.061318639324844076, 0.06131863932484406, -0.4629864991736639]]	[[-0.06604795341936694, -0.09191660849125503, 0.18918391356221492], [0.06617662654215337, -0.10477582101442648, -0.234284257589353], [0.30581682854687564, -0.013575176916191426, -0.09340591149265515]]	0.8987364721978859	[[0.5778589752941455, -0.5778589752941454, 0.0], [-0.7071067811865475, -0.7071067811865476, 0.0], [0.0, 0.0, -0.8172159999999998]]
2	[[0.8592155572171323, 0.2624339665249735, -0.4391776855101157], [-0.4266000482917053, 0.8413623931712975, -0.33184593135155627], [0.2824199444684594, 0.4724804086637203, 0.8348660002631537]]	0.16133564068532444	0.8386643593146758	[[0.13862209241042406, 0.042339952126897604, -0.07085501326647242], [-0.06882579210753263, 0.13574174075082915, -0.05353857594342152], [0.04556440268313265, 0.07622792944302523, 0.13469364103885012]]	0.0	0.6901560239337013	[[0.6392245301926387, 0.6392245301926387, 0.0], [-0.7071067811865474, 0.7071067811865474, 0.0], [0.0, 0.0, 0.9039999999999999]]	[[0.6392245301926388, 0.6392245301926387, 0.0], [-0.7071067811865474, 0.7071067811865475, 0.0], [0.0, 0.0, 0.9039999999999997]]	0.6901560239337016	[[0.6392245301926389, 0.6392245301926388, 0.0], [-0.7071067811865475, 0.7071067811865476, 0.0], [0.0, 0.0, 0.9039999999999999]]
2	[[-0.42203838922340475, -0.825029846081567, 0.3757783270710803], [0.2588054115689476, 0.28760896992378115, 0.9221175843470338], [-0.8688517462515349, 0.4864224845687207, 0.09214016247897017]]	0.10364026412554266	0.8963597358744575	[[-0.04374017013023224, -0.08550631115934942, 0.0389457650703013], [0.026822661212125502, 0.029807869607775886, 0.09556850999653395], [-0.09004802446744804, 0.05041295477730491, 0.009549430775890884]]	0.32994260062833664	1.121809042134534	[[-0.22196568587106735, -0.4277516571806878, 0.26858534401592443], [0.18660926470583544, 0.019170501704523564, 0.0126994450939216], [0.14393057725337305, 0.16049149956270067, -0.086578880882208]]	[[-0.08271724216570307, -0.1555391641685392, 0.14460006552232654], [0.10121833415608979, -0.07572394979616587, -0.2915464287706583], [0.4306017819720761, 0.0, -0.11697984571283691]]	1.0000000000000002	[[0.0, 0.0, 0.0], [0.0, 0.0, 0.0], [0.0, 0.0, 0.0]]
2	[[0.5319609947059123, -0.8460851799387872, 0.03402011756955908], [-0.703274286200726, -0.4190807785627857, 0.5742617690636116], [-0.47161719485230363, -0.3294103357928521, -0.8179645788128509]]	0.1449045509800541	0.8550954490199459	[[0.07708356907676316, -0.12260159308990823, 0.004929669860705629], [-0.10190764465773426, -0.06072671204201194, 0.08321314379117416], [-0.06833947785454575, -0.04773305679625208, -0.1185267900104652]]	0.4439775619398423	0.8316012368878866	[[0.21076033634226937, -0.46726648176054963, 0.21697081799061357], [-0.3816346241298011, -0.3973211188209701, 0.0], [0.11393683909612849, -0.13706643945843397, -0.307790181783262]]	[[-0.025418409134354947, -0.0916236463778942, 0.20186664913517394], [-0.06939662116741989, -0.2112586564988135, -0.254959340144123], [0.3233242914355618, 0.009184358304661272, 0.05536773767121748]]	0.7112171867042392	[[0.5778589752941455, -0.5778589752941454, 0.0], [-0.7071067811865475, -0.7071067811865476, 0.0], [0.0, 0.0, -0.8172159999999998]]
