2	[[-0.42203838922340475, -0.825029846081567, 0.3757783270710803], [0.2588054115689476, 0.28760896992378115, 0.9221175843470338], [-0.8688517462515349, 0.4864224845687207, 0.09214016247897017]]	0.10565464221382384	0.8943453577861762	[[-0.04459031501389736, -0.08716823320347408, 0.039702724698404246], [0.027343993162318586, 0.03038722281478353, 0.09742600345326138], [-0.09179822038706202, 0.051392793571867434, 0.009735035900239164]]	0.3369738369353369	1.1284445154302416	[[-0.22644954866374328, -0.44319598449468284, 0.2801032216048614], [0.18557249309740909, 0.016060882394176842, 0.019479719874884546], [0.15588782463105627, 0.16391165099674154, -0.08807555083726869]]	[[-0.08423365331312349, -0.16518251167440678, 0.15347575689457743], [0.0983618405413918, -0.08085581573805961, -0.2912497806280796], [0.44866813129340366, 0.0, -0.11912437492365262]]	1.0000000000000002	[[0.0, 0.0, 0.0], [0.0, 0.0, 0.0], [0.0, 0.0, 0.0]]
2	[[0.8787972042104137, -0.3840163418041313, 0.28327887866788265], [-0.395223040501579, -0.9183905790867732, -0.018907472103605397], [0.2674214316928388, -0.09534250611366366, -0.9588511794847616]]	0.5561714642402472	0.4438285357597531	[[0.48876192783594136, -0.21357893111338694, 0.15755162873705164], [-0.2198117771372457, -0.510782633115139, -0.010515796444943841], [0.1487321692338294, -0.05302678122957104, -0.5332856644825281]]	0.798259387948668	0.3583157932360198	[[0.5573331003489175, -0.23987782910938626, 0.23288644795350116], [-0.34986471478619924, -0.8433548878634872, -0.015093067109080559], [0.20671524473818986, -0.07610805057578529, -0.6462737265867674]]	[[-0.14417501801508809, 0.06666682086146603, 0.006756423649292128], [-0.034374212372197135, -0.110240986303857, 0.0], [-0.006756423649292128, 0.0, 0.11913822908259686]]	0.5061216318340505	[[0.6055416118079028, -0.6055416118079027, 0.0], [-0.7071067811865475, -0.7071067811865476, 0.0], [0.0, 0.0, -0.85636516]]
2	[[-0.3195682178843842, -0.5708200961323295, -0.7563336379995778], [0.910087742671785, 0.03735879733279218, -0.41272826520656647], [0.2638493031197415, -0.8202248094963509, 0.507557688474819]]	0.11363453943729492	0.886365460562705	[[-0.03631398725808909, -0.06486487872554965, -0.08594562461501573], [0.10341740148603569, 0.004245249728843048, -0.046900186329501894], [0.029982394040863003, -0.09320586846216079, 0.05767608416769403]]	0.3589593532528917	1.0684550542386748	[[-0.1817922395618623, -0.27198145128131906, 0.18260605907101546], [0.5370883957764602, -0.07506349812777538, -0.14815267114773706], [0.23755728344766813, -0.0471645689513916, 0.08732679618611346]]	[[-0.06708023874990457, -0.06708023874990456, 0.45409909261075054], [0.21040388826361206, -0.08847378785666041, 0.0], [0.1428461082435796, 0.2472627981873948, -0.09486578340734027]]	0.9616232291125523	[[1.7099339602295267e-16, -0.85636516, 0.0], [1.0, 1.7938038903913487e-16, 0.0], [0.0, 0.0, 0.85636516]]
2	[[0.034229894132735264, 0.2773841392786001, 0.9601491309293217], [-0.1827544195208179, -0.9427759796974285, 0.2788803941677556], [0.9825625356654255, -0.18501754344446375, 0.018422055382213542]]	0.7562021019719817	0.2437978980280184	[[0.025884717893452813, 0.20975846917616633, 0.7260667910153246], [-0.1381992761863119, -0.7129291775358899, 0.21088994026843158], [0.7430158547891149, -0.13991065525439592, 0.013930797002674142]]	0.87012601405515	0.19447257785933267	[[0.0, 0.2078064995457542, 0.797279205021294], [-0.1879905735628091, -0.8216182420436696, 0.2426610857753183], [0.8166718232501995, -0.1609885776076068, 0.0]]	[[-0.029784321343246704, -0.03355265592685271, -0.038171531172753126], [-0.028971198954197135, -0.0012843366826068838, 0.0], [-0.03828139946827848, 0.0, -0.0160295096204287]]	0.37139576341576913	[[0.0, 0.0, 0.9254], [0.0, -1.0, 0.0], [0.9254, 0.0, 0.0]]
2	[[0.3802729664721569, 0.7767473726770865, -0.5020517802076895], [0.4287143634067757, 0.332951791095048, 0.839849450446521], [0.8195098935212374, -0.5346088512602871, -0.20639019011321075]]	0.12340667323255959	0.876593326767441	[[0.04692822171260555, 0.09585580920421043, -0.06195653998591516], [0.05290621335504479, 0.04108847288586204, 0.10364302669579857], [0.10113298964062498, -0.06597429981471233, -0.025469926749706856]]	0.4056911684632009	0.896811664135955	[[0.21218166245365477, 0.3359270162564785, 0.11381911526248636], [0.2409203833902825, -0.20389140688069007, 0.3281386109020733], [0.564590525448941, 0.0, -0.07766937567334363]]	[[0.057908278350597794, 0.020807467034389925, 0.317497088603974], [0.06699475236283027, -0.3389670080519557, -0.012580893982752967], [0.23212259917915673, 0.2168860895385555, 0.006061301713027031]]	1.0000000000000007	[[0.0, 0.0, 0.0], [0.0, 0.0, 0.0], [0.0, 0.0, 0.0]]
2	[[0.08740825448676931, -0.06334395238859675, -0.994156597696443], [0.7119981850616444, -0.6940087028176986, 0.10681996481098455], [-0.6967197295301035, -0.717174639895393, -0.015561310176609944]]	0.1500993705683589	0.8499006294316411	[[0.013119923980942996, -0.009507887382840446, -0.14922227956061726], [0.10687047942356667, -0.10417026946189975, 0.016033609482263025], [-0.10457719286502581, -0.10764746203588793, -0.002335742862728158]]	0.4401735157103394	1.0236698664294706	[[0.059355990888289016, -0.014715127058758604, -0.0007290052946020663], [0.6352717491731573, -0.636361082335961, 0.038011492650975844], [0.0076924773377343315, -0.012220460399615746, 0.02268078861062718]]	[[0.020881192208743658, 0.013167203163118407, 0.4368723994800709], [0.3218690048751924, -0.33087683168312243, -0.00900782680792998], [0.31437005014975683, 0.30346082222143606, 0.029530465220124688]]	0.8304189128335606	[[0.0, 0.0, -0.85636516], [0.0, -1.0, 0.0], [-0.85636516, 0.0, 0.0]]
2	[[0.22433838825039393, -0.7661379269479729, -0.6022499185961573], [-0.9416906372873723, -0.011392912655017143, -0.3362869982418849], [0.2507808429735371, 0.642575192824231, -0.724020780340167]]	0.1386103723409104	0.8613896276590896	[[0.031095627525746815, -0.10619466331875174, -0.08347808545889633], [-0.13052808986435188, -0.0015791758651594046, -0.046612866039714755], [0.034760826020529365, 0.08906758673439896, -0.10035678994550712]]	0.3985330769133439	0.869326218791324	[[0.0183812739050036, -0.30421112780832443, 0.10470947790544466], [-0.46113379083885353, -0.12359155866171917, -0.13402149213529066], [0.27292067476140686, 0.04164819423975536, -0.31908592277570824]]	[[-0.07102499423420629, 0.00112017755826202, 0.3447259910343822], [-0.08583892366022945, -0.1190511061263103, 0.0], [0.172976213780241, -0.2144392745046707, -0.03053969343754115]]	0.964258115697681	[[0.6055416118079028, -0.6055416118079027, 0.0], [-0.7071067811865475, -0.7071067811865476, 0.0], [0.0, 0.0, -0.85636516]]
2	[[0.8489524140446696, -0.5135124485683378, 0.12483895166604869], [0.522794976890395, 0.7815435453534784, -0.34040431673891397], [0.0772347773085365, 0.35425224329800037, 0.9319550081910795]]	0.20927441945033598	0.7907255805496639	[[0.17766402359015954, -0.10746501955465942, 0.02612559913470086], [0.10940761528028922, 0.16355707172900644, -0.07123791576392452], [0.016163263182619958, 0.0741359325551682, 0.19503434329302122]]	0.0	0.45249485476087736	[[0.6543566153100314, -0.6543566153100311, 0.0], [0.7071067811865476, 0.7071067811865477, 0.0], [0.0, 0.0, 0.9254000000000002]]	[[0.6543566153100312, -0.6543566153100311, 0.0], [0.7071067811865476, 0.7071067811865477, 0.0], [0.0, 0.0, 0.9254000000000002]]	0.45249485476087753	[[0.6543566153100311, -0.654356615310031, 0.0], [0.7071067811865475, 0.7071067811865476, 0.0], [0.0, 0.0, 0.9254]]
2	[[-0.8305561570912853, 0.32773595720904825, 0.4502950280316503], [-0.5100865793185324, -0.772219296347621, -0.37879947194723407], [0.22358030216652452, -0.5443036842615101, 0.808545204538665]]	0.1833536713889667	0.8166463286110333	[[-0.15228552069739854, 0.06009159100045629, 0.08256324659780072], [-0.09352624704429233, -0.14158924310274068, -0.06945427390172726], [0.04099426925248682, -0.0998000788598888, 0.14824973173610725]]	0.5151109558541932	0.6656289625006714	[[-0.3716925594074871, 0.1439472456047874, 0.39778087555975716], [-0.35450774304235017, -0.6048817758276887, -0.05722930822831514], [0.31592828208185175, -0.24661882698740123, 0.25930281848343567]]	[[0.056136016562390284, -0.024873136580954365, 0.1658289732539831], [-0.09175655760118523, -0.20710315595701306, 0.13789444984348825], [0.20075961892268393, 0.03375796408750417, -0.1571876746778002]]	0.6849380652038316	[[-0.6055416118079028, 0.6055416118079027, 0.0], [-0.7071067811865475, -0.7071067811865476, 0.0], [0.0, 0.0, 0.85636516]]
2	[[0.04673222253661188, -0.9725397674033924, -0.22799671093185395], [-0.8377629715199755, -0.16246744520517667, 0.5213036857710898], [-0.5440306084466285, 0.16664552219444034, -0.8223502702654952]]	0.17446566340217823	0.8255343365978217	[[0.008153168207108215, -0.16967479570503297, -0.03977759742624055], [-0.14616087260001262, -0.028344990608978157, 0.09094959337205383], [-0.09491466101373168, 0.029073921582655447, -0.14347188545083014]]	0.45884484911865453	0.8682080305067535	[[-0.05290695792539989, -0.5491431104400022, 0.0951578539564873], [-0.30709821428264905, -0.18554962519049034, 0.0], [0.06728676381579132, 0.06728676381579131, -0.48247767770106026]]	[[-0.07434979752419095, -0.10289824760390112, 0.19977297038356331], [0.07730500998162973, -0.1110022748086278, -0.23919751104263418], [0.3169124062644144, -0.00917767567181605, -0.10514649201840438]]	0.8901320667538524	[[0.6055416118079028, -0.6055416118079027, 0.0], [-0.7071067811865475, -0.7071067811865476, 0.0], [0.0, 0.0, -0.85636516]]
2	[[-0.30792515101507295, 0.09349718223056193, 0.9468053539599837], [0.3027085282091916, -0.9338174967034747, 0.1906631317268273], [0.9019698710720718, 0.34531602882779927, 0.2592434992682147]]	0.5385844338704198	0.4614155661295804	[[-0.1658436931339166, 0.050356126960126646, 0.5099346255480202], [0.16303410129329549, -0.5029395678003336, 0.10268819486105457], [0.4857869323795274, 0.18598183789260184, 0.13962451328795805]]	0.7707116422097002	0.32577726582033284	[[-0.08709465927739567, 0.1258396877391099, 0.7414932511719597], [0.31077757023558195, -0.8104045670476306, 0.14694629536202747], [0.6833793385891037, 0.26613908365920536, 0.08709465927739567]]	[[0.15022683953910107, 0.053780320880213936, 0.011779341968524268], [0.07747658334859449, -0.09070055063914416, 0.0], [-0.011779341968524268, 0.0, -0.11270732377579933]]	0.4810930042181728	[[0.0, 0.0, 0.9254], [0.0, -1.0, 0.0], [0.9254, 0.0, 0.0]]
2	[[0.8592155572171323, 0.2624339665249735, -0.4391776855101157], [-0.4266000482917053, 0.8413623931712975, -0.33184593135155627], [0.2824199444684594, 0.4724804086637203, 0.8348660002631537]]	0.1658521928893758	0.8341478071106243	[[0.14250278432912833, 0.04352524883682388, -0.07283858220993332], [-0.07075255349589292, 0.13954179792211283, -0.05503737541607288], [0.04683996710578976, 0.07836191187414646, 0.13846435691242623]]	0.0	0.6890527526684432	[[0.6543566153100311, 0.654356615310031, 0.0], [-0.7071067811865475, 0.7071067811865476, 0.0], [0.0, 0.0, 0.9254]]	[[0.6543566153100311, 0.654356615310031, 0.0], [-0.7071067811865475, 0.7071067811865476, 0.0], [0.0, 0.0, 0.9254]]	0.6890527526684432	[[0.6543566153100311, 0.654356615310031, 0.0], [-0.7071067811865475, 0.7071067811865476, 0.0], [0.0, 0.0, 0.9254]]
2	[[-0.5446221603179724, 0.8109226453022452, -0.2139887049042392], [-0.8354447797583356, -0.5021691245819775, 0.22328947644507607], [0.07361197229480154, 0.30038414347728, 0.9509735242804028]]	0.23375530968878286	0.766244690311217	[[-0.12730832174850157, 0.18955747408627335, -0.050020995984792004], [-0.1952896532202868, -0.11738469923280516, 0.05219510071666496], [0.01720718938057344, 0.07021638848413136, 0.22229511067399882]]	0.5895729871979034	0.5800266313443424	[[-0.34117456605627794, 0.5219322668815574, 0.13400671532600317], [-0.6064025682942068, -0.40146985955869097, 0.13164544363757943], [0.17447385125901838, 0.01504026300408581, 0.4986774088914424]]	[[-0.020080052103435504, 0.04383418050428672, 0.26016867530300614], [-0.11384689385319022, -0.10540450870033832, 0.0], [0.13107422085964293, -0.16205811377269777, -0.061990892564672606]]	0.4310572025873946	[[-0.6055416118079028, 0.6055416118079027, 0.0], [-0.7071067811865475, -0.7071067811865476, 0.0], [0.0, 0.0, 0.85636516]]
2	[[0.5319609947059123, -0.8460851799387872, 0.03402011756955908], [-0.703274286200726, -0.4190807785627857, 0.5742617690636116], [-0.47161719485230363, -0.3294103357928521, -0.8179645788128509]]	0.1486319090761432	0.8513680909238568	[[0.07906637819718386, -0.12575525553533407, 0.00505647502135842], [-0.1045289997621758, -0.06228877617490329, 0.08535362304536787], [-0.07009736402403333, -0.048960887078305, -0.12157563690561743]]	0.4536060154984285	0.8227934608184092	[[0.21411419173586688, -0.4932539189463656, 0.22305409606275123], [-0.38317734219816574, -0.39872482375878393, 0.0], [0.12733985575829593, -0.14513792701778255, -0.3230589439330075]]	[[-0.027186515473262635, -0.10946459170206144, 0.20762236608523543], [-0.06416789543215295, -0.20862726162293943, -0.26048859291802356], [0.34126825235579533, 0.0042845828652124706, 0.04797470948114]]	0.6956295589915173	[[0.6055416118079028, -0.6055416118079027, 0.0], [-0.7071067811865475, -0.7071067811865476, 0.0], [0.0, 0.0, -0.85636516]]
