2	[[-0.30792515101507295, 0.09349718223056193, 0.9468053539599837], [0.3027085282091916, -0.9338174967034747, 0.1906631317268273], [0.9019698710720718, 0.34531602882779927, 0.2592434992682147]]	0.6218593712973652	0.3781406287026348	[[-0.1914861408168795, 0.05814209895997243, 0.5887797821545349], [0.18824213503851867, -0.5807031614065025, 0.11856565522523158], [0.5608984169540443, 0.21473800858575812, 0.16121299946786097]]	0.8164327661218741	0.27075874497533925	[[-0.1278720355155676, 0.1503548507565683, 0.781949886177728], [0.29188170082821874, -0.8146206550088765, 0.15566362803319284], [0.7274507847327832, 0.28192732060210096, 0.1278720355155676]]	[[0.1235281472861641, 0.0740206876434697, 0.008946972065178478], [0.044740539813707084, -0.05222145312225453, 0.0], [-0.008946972065178478, 0.0, -0.08378285169109492]]	0.46895109675466945	[[0.0, 0.0, 0.9827999999999999], [0.0, -1.0, 0.0], [0.9827999999999999, 0.0, 0.0]]
2	[[0.8787972042104137, -0.3840163418041313, 0.28327887866788265], [-0.395223040501579, -0.9183905790867732, -0.018907472103605397], [0.2674214316928388, -0.09534250611366366, -0.9588511794847616]]	0.6395355789628885	0.3604644210371117	[[0.5620220787856747, -0.24559211348691556, 0.18116692167682222], [-0.25275919602665053, -0.587343450710322, -0.01209200111850394], [0.17102552014476416, -0.06097492484717462, -0.6132194442110357]]	0.8428769892637911	0.29094304395848536	[[0.6171284051998163, -0.2691412687018333, 0.24554179674712173], [-0.34570515544983005, -0.8499201116584809, -0.015936673161276036], [0.21863082283635846, -0.08036200450194941, -0.7219562389647943]]	[[-0.12358953645849426, 0.05453726930612772, 0.006772548373514022], [-0.01258074898417778, -0.07582982538959206, 0.0], [-0.006772548373514022, 0.0, 0.08623735635135654]]	0.47485986888140325	[[0.6829914983838764, -0.6829914983838763, 0.0], [-0.7071067811865475, -0.7071067811865476, 0.0], [0.0, 0.0, -0.9658958399999998]]
2	[[0.8489524140446696, -0.5135124485683378, 0.12483895166604869], [0.522794976890395, 0.7815435453534784, -0.34040431673891397], [0.0772347773085365, 0.35425224329800037, 0.9319550081910795]]	0.220892193911818	0.779107806088182	[[0.18752696126506116, -0.11343089136528973, 0.0275759499191649], [0.11548132941139752, 0.1726368683707503, -0.07519265634151209], [0.01706055940597334, 0.07825155522027842, 0.20586158638643393]]	0.0	0.43238222496870116	[[0.6949445445501388, -0.6949445445501387, 0.0], [0.7071067811865474, 0.7071067811865475, 0.0], [0.0, 0.0, 0.9827999999999998]]	[[0.6949445445501388, -0.6949445445501387, 0.0], [0.7071067811865474, 0.7071067811865475, 0.0], [0.0, 0.0, 0.9827999999999998]]	0.43238222496870127	[[0.6949445445501389, -0.6949445445501388, 0.0], [0.7071067811865475, 0.7071067811865476, 0.0], [0.0, 0.0, 0.9827999999999999]]
2	[[-0.42203838922340475, -0.825029846081567, 0.3757783270710803], [0.2588054115689476, 0.28760896992378115, 0.9221175843470338], [-0.8688517462515349, 0.4864224845687207, 0.09214016247897017]]	0.11074529762330516	0.8892547023766951	[[-0.046738767023006285, -0.0913681758524128, 0.04161568267187449], [0.028661482330725106, 0.03185134097334138, 0.10212018632219547], [-0.09622124522915461, 0.05386900282423055, 0.010204089716793256]]	0.3548753194405579	1.1503660217384537	[[-0.23775371278324692, -0.4853874704808842, 0.3120555576117297], [0.18293287923722992, 0.008143811590191743, 0.03674225594569718], [0.19036287014875242, 0.1726193345943946, -0.09172806449441215]]	[[-0.08798270459141279, -0.19260474030469377, 0.17870110375354162], [0.09108922613375454, -0.09392151348547981, -0.29049451636121204], [0.49869691114625236, 0.0, -0.12442633408744155]]	1.0000000000000002	[[0.0, 0.0, 0.0], [0.0, 0.0, 0.0], [0.0, 0.0, 0.0]]
2	[[0.22433838825039393, -0.7661379269479729, -0.6022499185961573], [-0.9416906372873723, -0.011392912655017143, -0.3362869982418849], [0.2507808429735371, 0.642575192824231, -0.724020780340167]]	0.15053320357616226	0.8494667964238377	[[0.033770376268444674, -0.11532919652467813, -0.09065860959976242], [-0.14175570840854596, -0.0017150116400231341, -0.050622359166362166], [0.03775084368833702, 0.09672890231440169, -0.10898916752031822]]	0.42356160547031796	0.8686192781998309	[[0.020808661728467712, -0.3276810132318699, 0.11935035967674112], [-0.485941457772592, -0.12947101559768984, -0.14243826087412678], [0.30082809067709526, 0.03646308911831543, -0.33423281121639814]]	[[-0.07421246616749269, -0.0031744028820853837, 0.37444030209169776], [-0.08707745958678555, -0.12464541522254767, 0.0], [0.19460695420602417, -0.235707091189715, -0.027565407101644568]]	0.9519309846547722	[[0.6829914983838764, -0.6829914983838763, 0.0], [-0.7071067811865475, -0.7071067811865476, 0.0], [0.0, 0.0, -0.9658958399999998]]
2	[[0.5319609947059123, -0.8460851799387872, 0.03402011756955908], [-0.703274286200726, -0.4190807785627857, 0.5742617690636116], [-0.47161719485230363, -0.3294103357928521, -0.8179645788128509]]	0.1589895592142124	0.8410104407857878	[[0.08457624406744699, -0.1345187098161454, 0.005408843496799862], [-0.1118132687697433, -0.06662946825884626, 0.09130162553699744], [-0.07498220992741111, -0.05237280408831126, -0.13004782783829405]]	0.4760043573881246	0.8067316084569437	[[0.22111418851647896, -0.5536819717156632, 0.23811349365681814], [-0.3745276225572671, -0.3960046453191578, 0.01084383739861636], [0.16572353109123522, -0.15680075520608294, -0.3642417945083656]]	[[-0.03210156292405635, -0.15094173934328514, 0.2219197694548517], [-0.039765997886698566, -0.19652036862566397, -0.26250726695707566], [0.39021537086009594, 0.0, 0.02511290919569347]]	0.6551243083788847	[[0.6829914983838764, -0.6829914983838763, 0.0], [-0.7071067811865475, -0.7071067811865476, 0.0], [0.0, 0.0, -0.9658958399999998]]
2	[[-0.5446221603179724, 0.8109226453022452, -0.2139887049042392], [-0.8354447797583356, -0.5021691245819775, 0.22328947644507607], [0.07361197229480154, 0.30038414347728, 0.9509735242804028]]	0.2517686637418635	0.7482313362581368	[[-0.13711879354746287, 0.2041649108057635, -0.053875650289592264], [-0.21033881582987168, -0.1264304494684258, 0.05621729311219712], [0.01853318790006525, 0.07562731441251899, 0.2394253334619677]]	0.6097757406388251	0.5844925013439264	[[-0.25876122999541395, 0.5473594173855413, 0.14296669942269885], [-0.6149399131076058, -0.5156058616502815, 0.13615650587615177], [0.1940864586087152, 0.008098986682583267, 0.5050991487521985]]	[[0.07333615118079444, 0.052878460745569525, 0.27345182044402433], [-0.10550595376762649, -0.2093953117823558, 0.0], [0.14919966368276796, -0.17506797688243425, -0.07478143634379775]]	0.38995442409894926	[[-0.6829914983838764, 0.6829914983838763, 0.0], [-0.7071067811865475, -0.7071067811865476, 0.0], [0.0, 0.0, 0.9658958399999998]]
2	[[0.8592155572171323, 0.2624339665249735, -0.4391776855101157], [-0.4266000482917053, 0.8413623931712975, -0.33184593135155627], [0.2824199444684594, 0.4724804086637203, 0.8348660002631537]]	0.1776629207538637	0.8223370792461364	[[0.15265074545235424, 0.046624784997848445, -0.078025590337649], [-0.07579101057324368, 0.14947890018327328, -0.05895671740420364], [0.05017555221341051, 0.08394224940217568, 0.1483247320448478]]	0.0	0.6887966588759956	[[0.694944544550139, 0.6949445445501389, 0.0], [-0.7071067811865476, 0.7071067811865477, 0.0], [0.0, 0.0, 0.9828000000000003]]	[[0.694944544550139, 0.6949445445501389, 0.0], [-0.7071067811865476, 0.7071067811865477, 0.0], [0.0, 0.0, 0.9828000000000002]]	0.6887966588759955	[[0.6949445445501389, 0.6949445445501388, 0.0], [-0.7071067811865475, 0.7071067811865476, 0.0], [0.0, 0.0, 0.9827999999999999]]
2	[[0.034229894132735264, 0.2773841392786001, 0.9601491309293217], [-0.1827544195208179, -0.9427759796974285, 0.2788803941677556], [0.9825625356654255, -0.18501754344446375, 0.018422055382213542]]	0.8256288868532439	0.17437111314675616	[[0.0282611893899146, 0.22901635814333574, 0.7927268581822854], [-0.15088732795648357, -0.7783830826695645, 0.23025170940191794], [0.811232012585146, -0.1527558284423743, 0.015209781078765769]]	0.9190948274847546	0.12654165476614845	[[0.0, 0.24757603378874068, 0.8699143641079076], [-0.1760528000345695, -0.8209063462570989, 0.2563175277664937], [0.902027250814911, -0.17004866717374248, 0.0]]	[[-0.03146051864274773, -0.007366293848531399, -0.012553735743214368], [-0.008084158353006882, 0.04559418015968, 0.0], [-0.0010408933954863054, 0.0, -0.016931615813430154]]	0.34564296187390975	[[0.0, 0.0, 0.9827999999999999], [0.0, -1.0, 0.0], [0.9827999999999999, 0.0, 0.0]]
2	[[0.08740825448676931, -0.06334395238859675, -0.994156597696443], [0.7119981850616444, -0.6940087028176986, 0.10681996481098455], [-0.6967197295301035, -0.717174639895393, -0.015561310176609944]]	0.1684959811151887	0.8315040188848112	[[0.014727939597314325, -0.010673201405430401, -0.16751139131100018], [0.11996883274419551, -0.11693767728374768, 0.017998734773516777], [-0.11739447438948376, -0.1208410445801064, -0.0026220182256456795]]	0.46798697374824294	1.0285231593738402	[[0.06504242030411547, -0.015931043343989267, 0.0007175128812229731], [0.6347942923851636, -0.6371668761544163, 0.039198924943891725], [0.01080513630269502, -0.013508401259546951, 0.02685166926023072]]	[[0.024136495806235947, 0.013713101239602853, 0.4659698504690309], [0.3015884164439231, -0.3123798435678179, -0.010791427123894732], [0.3368608940761825, 0.32211998811408393, 0.0341341597173402]]	0.7947016432643951	[[0.0, 0.0, -0.9658958399999998], [0.0, -1.0, 0.0], [-0.9658958399999998, 0.0, 0.0]]
2	[[0.04673222253661188, -0.9725397674033924, -0.22799671093185395], [-0.8377629715199755, -0.16246744520517667, 0.5213036857710898], [-0.5440306084466285, 0.16664552219444034, -0.8223502702654952]]	0.18406538735168457	0.8159346126483153	[[0.00860178464300658, -0.17901090900202263, -0.04196630291258174], [-0.15420316586172256, -0.02990463323372943, 0.0959539648493165], [-0.10013720467490132, 0.030673672593143415, -0.15136622103518088]]	0.4824160087275393	0.8974291931787917	[[-0.07582371236282925, -0.6009229173771218, 0.11781565411428598], [-0.30223184222750443, -0.20349242361524664, 0.0042691311263483005], [0.08622402821892225, 0.0803924676893585, -0.5358284145570885]]	[[-0.09836808463790876, -0.13175416445756766, 0.22780491740503747], [0.10191842675288548, -0.12511552715120514, -0.24721611229829615], [0.34867310297135956, 0.0, -0.13911347939959506]]	0.8705010535690967	[[0.6829914983838764, -0.6829914983838763, 0.0], [-0.7071067811865475, -0.7071067811865476, 0.0], [0.0, 0.0, -0.9658958399999998]]
2	[[0.3802729664721569, 0.7767473726770865, -0.5020517802076895], [0.4287143634067757, 0.332951791095048, 0.839849450446521], [0.8195098935212374, -0.5346088512602871, -0.20639019011321075]]	0.12900216880018242	0.8709978311998181	[[0.049056037410987303, 0.10020209568518772, -0.06476576849678448], [0.05530508267526364, 0.04295150315716642, 0.10834240057324256], [0.10571855361744617, -0.06896570127235119, -0.02662478214368616]]	0.42866158093056983	0.9435235379311385	[[0.14198020175243223, 0.32288997178861634, 0.13997973904829925], [0.2864896924541692, -0.2612736293319275, 0.32781311039796424], [0.6244407155037246, 0.0, -0.05873316648190062]]	[[-0.02102820924068017, -0.010071784966810032, 0.35519004886113437], [0.10271631566857792, -0.40399727047639555, -0.03219808277411176], [0.27314830895866793, 0.22916627536071058, 0.029738378700589138]]	1.0000000000000007	[[0.0, 0.0, 0.0], [0.0, 0.0, 0.0], [0.0, 0.0, 0.0]]
2	[[-0.8305561570912853, 0.32773595720904825, 0.4502950280316503], [-0.5100865793185324, -0.772219296347621, -0.37879947194723407], [0.22358030216652452, -0.5443036842615101, 0.808545204538665]]	0.1975387532305786	0.8024612467694213	[[-0.16406702775979307, 0.06474055237590565, 0.08895071842330057], [-0.10076186691823351, -0.15254323702110367, -0.07482757541285813], [0.044165774136891295, -0.1075210711678292, 0.159719011635131]]	0.5429387300235333	0.6333247116893271	[[-0.41486838740748067, 0.17250914817269997, 0.4305334500128988], [-0.3497774380791058, -0.5974986480926755, -0.0651417146167273], [0.34892435930513366, -0.25994188475838675, 0.2896158222909259]]	[[0.036072717736887985, -0.005431396217427737, 0.18605083935748323], [-0.07283167850185351, -0.17823088403403167, 0.14052318961588897], [0.227533953988563, 0.03558166632168779, -0.14937468422791478]]	0.6806911627428975	[[-0.6829914983838764, 0.6829914983838763, 0.0], [-0.7071067811865475, -0.7071067811865476, 0.0], [0.0, 0.0, 0.9658958399999998]]
2	[[-0.3195682178843842, -0.5708200961323295, -0.7563336379995778], [0.910087742671785, 0.03735879733279218, -0.41272826520656647], [0.2638493031197415, -0.8202248094963509, 0.507557688474819]]	0.12287963482305739	0.8771203651769425	[[-0.039268425914688376, -0.07014216496240316, -0.09293800124178256], [0.11183124947644955, 0.004590635373682126, -0.05071589850973687], [0.032421706015672, -0.10078892506372342, 0.06236850341142088]]	0.38153066270473723	1.0842324194485704	[[-0.2023622832377814, -0.2982225788515299, 0.19505709363326787], [0.544967423063368, -0.08021005333110232, -0.15746848854123785], [0.27234578775007523, -0.041506454548174435, 0.07989342894876297]]	[[-0.08043720928898049, -0.08043720928898047, 0.4836215677651316], [0.19774104348234356, -0.09446358003533449, 0.0], [0.1716791882766171, 0.2714344605858352, -0.11375539229591931]]	0.9936463899455362	[[1.9286376606685226e-16, -0.9658958399999998, 0.0], [1.0, 1.7938038903913487e-16, 0.0], [0.0, 0.0, 0.9658958399999998]]
