2	[[-0.42203838922340475, -0.825029846081567, 0.3757783270710803], [0.2588054115689476, 0.28760896992378115, 0.9221175843470338], [-0.8688517462515349, 0.4864224845687207, 0.09214016247897017]]	0.10411669739339356	0.8958833026066065	[[-0.0439412432591685, -0.08589938282499258, 0.03912479836665532], [0.026945964720096777, 0.029944896089179954, 0.09600783749058718], [-0.09046197434419263, 0.050644702631184146, 0.009593329414601033]]	0.3316030691110122	1.123282475443394	[[-0.22302662049516606, -0.4313464231266582, 0.27125729001479193], [0.1863644248932677, 0.018436146516829212, 0.014300647512116548], [0.14668059956744345, 0.16129918876759178, -0.08693521855855504]]	[[-0.08307739534601714, -0.15776399405782468, 0.14664804345261995], [0.10054375611446605, -0.0769358706137534, -0.2914763735385925], [0.4347945052269148, 0.0, -0.11748917922496888]]	1.0000000000000002	[[0.0, 0.0, 0.0], [0.0, 0.0, 0.0], [0.0, 0.0, 0.0]]
2	[[0.034229894132735264, 0.2773841392786001, 0.9601491309293217], [-0.1827544195208179, -0.9427759796974285, 0.2788803941677556], [0.9825625356654255, -0.18501754344446375, 0.018422055382213542]]	0.7238576134062501	0.27614238659374996	[[0.024777569474070345, 0.20078662105495435, 0.6950112584285838], [-0.13228817795378384, -0.6824355706405202, 0.20186969654806589], [0.7112353720891685, -0.1339263574359967, 0.01333494504300686]]	0.8553358295953999	0.22087916639093408	[[0.0025476253298898784, 0.19964571492499125, 0.7730863312802024], [-0.18844014164900733, -0.8205862860530921, 0.23853639330336937], [0.7891768529261598, -0.15825213401177332, -0.003602886293375496]]	[[-0.026730429565095946, -0.03761087796147611, -0.0481636221585311], [-0.03212373861594282, -0.01419621133597609, 0.0], [-0.05124408864658681, 0.0, -0.019359930316573515]]	0.3792035380369494	[[0.0, 0.0, 0.909], [0.0, -1.0, 0.0], [0.909, 0.0, 0.0]]
2	[[0.08740825448676931, -0.06334395238859675, -0.994156597696443], [0.7119981850616444, -0.6940087028176986, 0.10681996481098455], [-0.6967197295301035, -0.717174639895393, -0.015561310176609944]]	0.14501600438132436	0.8549839956186758	[[0.012675595815617273, -0.009185886877115157, -0.14416861752726987], [0.10325113192439439, -0.10064236908848861, 0.015490604485042647], [-0.1010355113500926, -0.10400180072124503, -0.0022566390247504356]]	0.43193136409775096	1.0223817828793906	[[0.05775381337411741, -0.014367061244284024, -0.001093728875738366], [0.6354132371977584, -0.6361222959609932, 0.037659612745407856], [0.006882588824065734, -0.011860888110224729, 0.021562070944848327]]	[[0.019999446780243763, 0.012993178518265567, 0.4283136864940653], [0.3278788898889594, -0.33635817025723386, -0.008479280368274464], [0.3078176919938195, 0.2979093323961057, 0.02828348887657965]]	0.840859317334676	[[0.0, 0.0, -0.826281], [0.0, -1.0, 0.0], [-0.826281, 0.0, 0.0]]
2	[[0.8787972042104137, -0.3840163418041313, 0.28327887866788265], [-0.395223040501579, -0.9183905790867732, -0.018907472103605397], [0.2674214316928388, -0.09534250611366366, -0.9588511794847616]]	0.5351899193534895	0.46481008064651047	[[0.47032340484944346, -0.2055216750005751, 0.15160800022881105], [-0.21151938717268098, -0.4915133799564548, -0.010119088470306925], [0.14312125446108512, -0.05102634815793123, -0.5131674854204481]]	0.7851008977814354	0.3770975272758404	[[0.5406996169359405, -0.2318855061193803, 0.22914004210263714], [-0.35121198323212227, -0.8414086616221056, -0.014844273323318046], [0.20321526597008044, -0.07485348714656934, -0.6253372071139796]]	[[-0.14924485705747093, 0.06960606859378576, 0.006737540137964128], [-0.04092201931042394, -0.1203793934670676, 0.0], [-0.006737540137964128, 0.0, 0.1274577147382953]]	0.5147889740900504	[[0.909, 0.0, 0.0], [0.0, -1.0, 0.0], [0.0, 0.0, -0.909]]
2	[[-0.30792515101507295, 0.09349718223056193, 0.9468053539599837], [0.3027085282091916, -0.9338174967034747, 0.1906631317268273], [0.9019698710720718, 0.34531602882779927, 0.2592434992682147]]	0.5169049814642618	0.48309501853573844	[[-0.15916804447782626, 0.04832915924784933, 0.48940840393894913], [0.15647154616304612, -0.48269491582451296, 0.09855472257117377], [0.46623271948783185, 0.17849557548054606, 0.13400425618396686]]	0.7573182418406847	0.3419478100423352	[[-0.07615760361875504, 0.11930891786246758, 0.7295072647945433], [0.31649539058900794, -0.8090939155195659, 0.14439266770319972], [0.670603938185349, 0.26151412783127614, 0.07615760361875504]]	[[0.1570397303665073, 0.04850179619856033, 0.012474298768221287], [0.0872487002154417, -0.10189689071602122, 0.0], [-0.012474298768221287, 0.0, -0.12017222745567611]]	0.4853996174486814	[[0.0, 0.0, 0.909], [0.0, -1.0, 0.0], [0.909, 0.0, 0.0]]
2	[[-0.5446221603179724, 0.8109226453022452, -0.2139887049042392], [-0.8354447797583356, -0.5021691245819775, 0.22328947644507607], [0.07361197229480154, 0.30038414347728, 0.9509735242804028]]	0.22856090661235917	0.7714390933876406	[[-0.1244793347234574, 0.18534521500277373, -0.04890945239771752], [-0.19095001628612795, -0.11477623038719154, 0.0510352451732856], [0.016824819125223697, 0.06865607216514409, 0.21735537087387924]]	0.5833673387823644	0.5804005197387451	[[-0.324752434930804, 0.5144567194068288, 0.13144842823840291], [-0.6037801653396242, -0.41186603049161574, 0.13025978765187146], [0.16905481760335814, 0.016841332364017764, 0.49623127408996265]]	[[-0.007037654624206257, 0.04139093385850261, 0.2562824495478736], [-0.11640896747238529, -0.11891696466555805, 0.0], [0.1261119972232186, -0.15839296602874298, -0.058535620021982135]]	0.44471466386334324	[[-0.5842688982656018, 0.5842688982656017, 0.0], [-0.7071067811865475, -0.7071067811865476, 0.0], [0.0, 0.0, 0.826281]]
2	[[0.3802729664721569, 0.7767473726770865, -0.5020517802076895], [0.4287143634067757, 0.332951791095048, 0.839849450446521], [0.8195098935212374, -0.5346088512602871, -0.20639019011321075]]	0.12161999890786904	0.8783800010921313	[[0.04624879776703584, 0.09446801461667739, -0.061059536960552926], [0.05214024040931982, 0.0404935964693528, 0.1021424892460803], [0.09966879235504074, -0.06501912790641325, -0.025101174696163575]]	0.3988292450927175	0.9538643107702834	[[0.13683128495609886, 0.304233449629861, 0.10685551828159146], [0.2687024961896702, -0.27434628142060585, 0.32823584727166055], [0.5479155195512625, 0.0, -0.08231861925189607]]	[[-0.014832695191159775, -0.005556118642693141, 0.3070884507792792], [0.09771867027174087, -0.407137192915312, -0.006720675041459068], [0.22107100737217408, 0.21321764456802522, -4.175534501785205e-06]]	1.0000000000000007	[[0.0, 0.0, 0.0], [0.0, 0.0, 0.0], [0.0, 0.0, 0.0]]
2	[[0.5319609947059123, -0.8460851799387872, 0.03402011756955908], [-0.703274286200726, -0.4190807785627857, 0.5742617690636116], [-0.47161719485230363, -0.3294103357928521, -0.8179645788128509]]	0.14576911296920095	0.8542308870307995	[[0.07754348233249465, -0.12333308617606378, 0.0049590823612225485], [-0.10251566887352781, -0.06108903335353939, 0.08370962868852679], [-0.06874722015464307, -0.04801785245141067, -0.11923397109377534]]	0.44625073901320167	0.8294719468014625	[[0.21156223894600698, -0.47327035370673, 0.21839558837734951], [-0.38199884371317716, -0.39765251885971814, 0.0], [0.11701048198991988, -0.13892974324838764, -0.31132370124970066]]	[[-0.025825748067704286, -0.09570421689092842, 0.20321408577061778], [-0.06816217376712118, -0.21063741171984698, -0.25626473883166523], [0.3274700037240935, 0.008069862537759527, 0.053693596532156315]]	0.7075546835327019	[[0.5842688982656018, -0.5842688982656017, 0.0], [-0.7071067811865475, -0.7071067811865476, 0.0], [0.0, 0.0, -0.826281]]
2	[[0.8592155572171323, 0.2624339665249735, -0.4391776855101157], [-0.4266000482917053, 0.8413623931712975, -0.33184593135155627], [0.2824199444684594, 0.4724804086637203, 0.8348660002631537]]	0.16239625996516757	0.8376037400348324	[[0.13953339299594975, 0.04261829465147968, -0.07132081358700136], [-0.06927825234353283, 0.1366341059263616, -0.05389053813615049], [0.04586394272124815, 0.07672905127380214, 0.13557911601481476]]	0.0	0.6898504050411034	[[0.6427600640985718, 0.6427600640985717, 0.0], [-0.7071067811865475, 0.7071067811865476, 0.0], [0.0, 0.0, 0.909]]	[[0.6427600640985718, 0.6427600640985717, 0.0], [-0.7071067811865475, 0.7071067811865476, 0.0], [0.0, 0.0, 0.909]]	0.6898504050411034	[[0.6427600640985718, 0.6427600640985717, 0.0], [-0.7071067811865475, 0.7071067811865476, 0.0], [0.0, 0.0, 0.909]]
2	[[-0.3195682178843842, -0.5708200961323295, -0.7563336379995778], [0.910087742671785, 0.03735879733279218, -0.41272826520656647], [0.2638493031197415, -0.8202248094963509, 0.507557688474819]]	0.11095557026779315	0.8890444297322067	[[-0.03545787385482424, -0.06333566928667914, -0.08391943011695777], [0.1009793044818765, 0.004145166662578883, -0.04579450003163155], [0.029275549892410727, -0.09100851148545962, 0.05631635276852641]]	0.3522681333764212	1.080611756068805	[[-0.04906150405110349, -0.26459392530774295, 0.17895648729555264], [0.5347526737793873, -0.22726806979907307, -0.1453910155760057], [0.22809491118315964, -0.04847237609166005, 0.08897659117773997]]	[[0.06351219554945794, -0.06351219554945793, 0.4453887261634617], [0.2141577634596369, -0.24042838360068391, 0.0], [0.1351492096804988, 0.2404666864986502, -0.08981980832213554]]	0.954718777599898	[[1.6498638765178323e-16, -0.826281, 0.0], [1.0, 1.7938038903913487e-16, 0.0], [0.0, 0.0, 0.826281]]
2	[[0.22433838825039393, -0.7661379269479729, -0.6022499185961573], [-0.9416906372873723, -0.011392912655017143, -0.3362869982418849], [0.2507808429735371, 0.642575192824231, -0.724020780340167]]	0.13512754152355524	0.8648724584764449	[[0.03031429487363256, -0.10352633453643277, -0.08138055088266012], [-0.1272483406923926, -0.0015394962778650656, -0.04544163531876205], [0.0338873987722188, 0.0868296060503628, -0.0978351480593328]]	0.39111271140287973	0.8698826396974881	[[0.017716164667724656, -0.2974399176885455, 0.10071441898933486], [-0.45377890556498873, -0.12184843903051021, -0.13152611969191905], [0.26510821993058103, 0.04285116475858622, -0.3143855778185848]]	[[-0.07002543063263889, 0.0022063642286576507, 0.33626201759364155], [-0.0854717271128187, -0.11739252607123024, 0.0], [0.16702464446730111, -0.20846816118712708, -0.031211847307713064]]	0.9688320871017049	[[0.5842688982656018, -0.5842688982656017, 0.0], [-0.7071067811865475, -0.7071067811865476, 0.0], [0.0, 0.0, -0.826281]]
2	[[0.8489524140446696, -0.5135124485683378, 0.12483895166604869], [0.522794976890395, 0.7815435453534784, -0.34040431673891397], [0.0772347773085365, 0.35425224329800037, 0.9319550081910795]]	0.20571139698577173	0.7942886030142282	[[0.17463918706757225, -0.10563536316457701, 0.025680795145462093], [0.10754488503326741, 0.16077241451987692, -0.07002504753634911], [0.015888073936024066, 0.07287372385417515, 0.19171376666287332]]	0.0	0.45880966662598266	[[0.642760064098572, -0.6427600640985718, 0.0], [0.7071067811865476, 0.7071067811865478, 0.0], [0.0, 0.0, 0.9090000000000004]]	[[0.6427600640985719, -0.6427600640985718, 0.0], [0.7071067811865476, 0.7071067811865477, 0.0], [0.0, 0.0, 0.9090000000000003]]	0.45880966662598266	[[0.6427600640985718, -0.6427600640985717, 0.0], [0.7071067811865475, 0.7071067811865476, 0.0], [0.0, 0.0, 0.909]]
2	[[0.04673222253661188, -0.9725397674033924, -0.22799671093185395], [-0.8377629715199755, -0.16246744520517667, 0.5213036857710898], [-0.5440306084466285, 0.16664552219444034, -0.8223502702654952]]	0.17158306726147046	0.8284169327385295	[[0.0080184580827775, -0.16687135632483108, -0.03912037498721428], [-0.14374594029148127, -0.027876662578439106, 0.08944688537931336], [-0.09334644048139654, 0.028593549843511524, -0.1411013817354529]]	0.45164092839910525	0.86944230999505	[[0.12120623525616862, -0.5336800303879247, 0.08865537197692652], [-0.3095718324864224, -0.38300449501278044, 0.0], [0.06268881471350057, 0.06268881471350056, -0.4675136678979524]]	[[0.10010005088357965, -0.09444126693280663, 0.19162801817413144], [0.06879621374925259, -0.30962754722568364, -0.23544208061953042], [0.308395303789866, -0.012575123643950194, -0.09610662836598906]]	0.896673129354842	[[0.5842688982656018, -0.5842688982656017, 0.0], [-0.7071067811865475, -0.7071067811865476, 0.0], [0.0, 0.0, -0.826281]]
2	[[-0.8305561570912853, 0.32773595720904825, 0.4502950280316503], [-0.5100865793185324, -0.772219296347621, -0.37879947194723407], [0.22358030216652452, -0.5443036842615101, 0.808545204538665]]	0.17925507641432403	0.8207449235856757	[[-0.14888140740578565, 0.058748334053229594, 0.08071766965880363], [-0.09143560875366469, -0.13842422897540835, -0.06790172828960703], [0.04007790414959801, -0.0975691985148951, 0.14493583242401364]]	0.5068123852941674	0.6749002308133366	[[-0.3599869118082017, 0.13635584437567796, 0.388484740413077], [-0.3558854369410507, -0.6068967017284957, -0.05486251356113758], [0.30675465468802987, -0.24264573397913483, 0.2510119113200867]]	[[0.06094923528798982, -0.029744797844106944, 0.16026964317025233], [-0.09736724097008274, -0.21552639817637437, 0.13711775036461116], [0.1934413884422228, 0.03321411456584448, -0.15876881241031454]]	0.6885842170564317	[[-0.5842688982656018, 0.5842688982656017, 0.0], [-0.7071067811865475, -0.7071067811865476, 0.0], [0.0, 0.0, 0.826281]]
