2	[[-0.30792515101507295, 0.09349718223056193, 0.9468053539599837], [0.3027085282091916, -0.9338174967034747, 0.1906631317268273], [0.9019698710720718, 0.34531602882779927, 0.2592434992682147]]	0.523948524688646	0.4760514753113541	[[-0.16133692858887597, 0.04898771069224841, 0.49607726837464466], [0.15860368676587733, -0.48927229972623015, 0.09989766658078816], [0.4725857832618202, 0.18092782385566736, 0.13583024897670318]]	0.7617451537893555	0.3366095725914343	[[-0.07972307285440804, 0.12143639242516753, 0.7334754337039069], [0.31459658428754367, -0.8095308103419175, 0.14523671659921222], [0.6748201344100866, 0.26304281148536146, 0.07972307285440804]]	[[0.15483741866117923, 0.05021536696807674, 0.01225104374307396], [0.08400982991348359, -0.09819985770433819, 0.0], [-0.01225104374307396, 0.0, -0.11775440636454886]]	0.48394267519219025	[[0.0, 0.0, 0.9144000000000001], [0.0, -1.0, 0.0], [0.9144000000000001, 0.0, 0.0]]
2	[[-0.42203838922340475, -0.825029846081567, 0.3757783270710803], [0.2588054115689476, 0.28760896992378115, 0.9221175843470338], [-0.8688517462515349, 0.4864224845687207, 0.09214016247897017]]	0.10462727235066671	0.8953727276493334	[[-0.04415672549171387, -0.08632062240340478, 0.039316661369943814], [0.02707810428205066, 0.03009174202671018, 0.09647864763681599], [-0.09090558828741173, 0.050893057770459514, 0.009640373874121873]]	0.3333842566939671	1.1249266570617058	[[-0.22416330065128495, -0.4352381531186837, 0.2741561009866749], [0.1861017847778373, 0.017648402361823044, 0.016018260279141626], [0.14968058637421802, 0.16216559845717568, -0.0873155020296568]]	[[-0.08346234596372103, -0.16018619113244237, 0.1488775227343804], [0.09982013501354745, -0.07823590029473426, -0.2914012251628308], [0.43934207997554137, 0.0, -0.11803358160936962]]	1.0000000000000002	[[0.0, 0.0, 0.0], [0.0, 0.0, 0.0], [0.0, 0.0, 0.0]]
2	[[0.8787972042104137, -0.3840163418041313, 0.28327887866788265], [-0.395223040501579, -0.9183905790867732, -0.018907472103605397], [0.2674214316928388, -0.09534250611366366, -0.9588511794847616]]	0.5419739530844943	0.4580260469155059	[[0.4762851947255195, -0.2081268548166314, 0.1535297736969752], [-0.21420059361071397, -0.4977437726232163, -0.010247357398825813], [0.1449354504740829, -0.05167315493540486, -0.5196723641650863]]	0.7894539459770643	0.3709367212555825	[[0.5461543390545625, -0.23449927197915785, 0.2303800864942858], [-0.35076008674130776, -0.8420530202544027, -0.014926578460642543], [0.20437244657077974, -0.07526851767077415, -0.6321971395739995]]	[[-0.14761558152296075, 0.06866394437779069, 0.006744457917967787], [-0.0387496978762831, -0.11702595364618842, 0.0], [-0.006744457917967787, 0.0, 0.12477170767500789]]	0.5132705506199611	[[0.9144000000000001, 0.0, 0.0], [0.0, -1.0, 0.0], [0.0, 0.0, -0.9144000000000001]]
2	[[0.8489524140446696, -0.5135124485683378, 0.12483895166604869], [0.522794976890395, 0.7815435453534784, -0.34040431673891397], [0.0772347773085365, 0.35425224329800037, 0.9319550081910795]]	0.20689647283524898	0.793103527164751	[[0.175645260070812, -0.10624391436578128, 0.025828738772155635], [0.10816443673460821, 0.16169860290079005, -0.0704284524711742], [0.015979603005352144, 0.07329353963233075, 0.19281820403587993]]	0.0	0.4567037493992875	[[0.6465784407169791, -0.6465784407169791, 0.0], [0.7071067811865475, 0.7071067811865476, 0.0], [0.0, 0.0, 0.9144000000000001]]	[[0.6465784407169791, -0.6465784407169791, 0.0], [0.7071067811865475, 0.7071067811865476, 0.0], [0.0, 0.0, 0.9144000000000001]]	0.4567037493992875	[[0.6465784407169791, -0.6465784407169791, 0.0], [0.7071067811865475, 0.7071067811865476, 0.0], [0.0, 0.0, 0.9144000000000001]]
2	[[0.04673222253661188, -0.9725397674033924, -0.22799671093185395], [-0.8377629715199755, -0.16246744520517667, 0.5213036857710898], [-0.5440306084466285, 0.16664552219444034, -0.8223502702654952]]	0.17253912633452323	0.8274608736654767	[[0.008063136848137559, -0.16780116179336177, -0.03933835331132691], [-0.14454689118147063, -0.02803199105350323, 0.08994528249791066], [-0.0938665658806204, 0.028752872806989137, -0.1418875971725676]]	0.45402663082872374	0.8715864783429567	[[0.12192099479964368, -0.5387550690794086, 0.09077158367856418], [-0.30875469497842534, -0.38578349661882927, 0.0], [0.06418520235815486, 0.06418520235815486, -0.4724214284064398]]	[[0.10070332125020756, -0.09719611513829565, 0.19428816218298423], [0.07161200441384913, -0.31201894985297257, -0.23668575608924358], [0.3111895865788783, -0.01147630262648019, -0.09905250583670672]]	0.894480116677905	[[0.5912313261916058, -0.5912313261916058, 0.0], [-0.7071067811865475, -0.7071067811865476, 0.0], [0.0, 0.0, -0.8361273600000002]]
2	[[0.034229894132735264, 0.2773841392786001, 0.9601491309293217], [-0.1827544195208179, -0.9427759796974285, 0.2788803941677556], [0.9825625356654255, -0.18501754344446375, 0.018422055382213542]]	0.7343292469067765	0.2656707530932236	[[0.025136012380190174, 0.20369128610033876, 0.7050655882335246], [-0.1342019152556073, -0.6923079751730111, 0.20479002982627295], [0.7215244068540047, -0.13586379334211485, 0.013527854055295798]]	0.8603713052729209	0.2106943319843231	[[0.0006820689949964101, 0.2013030436320509, 0.7826109186818552], [-0.18956647508425767, -0.8214165200598852, 0.23994068874513858], [0.7997747644704691, -0.1591837853517026, -0.0009645912231981098]]	[[-0.02876834969933893, -0.03735031034108395, -0.043473842352465875], [-0.0323298166167366, -0.010279119827651744, 0.0], [-0.04559384685226395, 0.0, -0.01681439905820322]]	0.37661045717623726	[[0.0, 0.0, 0.9144000000000001], [0.0, -1.0, 0.0], [0.9144000000000001, 0.0, 0.0]]
2	[[0.08740825448676931, -0.06334395238859675, -0.994156597696443], [0.7119981850616444, -0.6940087028176986, 0.10681996481098455], [-0.6967197295301035, -0.717174639895393, -0.015561310176609944]]	0.1466812088334614	0.8533187911665385	[[0.012821148430142142, -0.009291367508648594, -0.1458240915198754], [0.1044367544720726, -0.10179803547024253, 0.015668481566023018], [-0.10219569214559784, -0.1051960431245586, -0.002282551787737626]]	0.43465965324746	1.0228010935939749	[[0.05828024853522614, -0.014481698622532936, -0.0009760156794827134], [0.6353664023104042, -0.6362013382191977, 0.03777609084160003], [0.007145367284825486, -0.01197887020884857, 0.02192685236727482]]	[[0.020287406949041208, 0.013051361758018135, 0.4311437463489278], [0.3258895180786889, -0.3345437561017373, -0.008654238023048393], [0.30998132333304435, 0.2997480100859549, 0.028690726052716248]]	0.8374116508770449	[[0.0, 0.0, -0.8361273600000002], [0.0, -1.0, 0.0], [-0.8361273600000002, 0.0, 0.0]]
2	[[-0.3195682178843842, -0.5708200961323295, -0.7563336379995778], [0.910087742671785, 0.03735879733279218, -0.41272826520656647], [0.2638493031197415, -0.8202248094963509, 0.507557688474819]]	0.11183933876063698	0.888160661239363	[[-0.03574029817710468, -0.06384014210272299, -0.08458785395629981], [0.1017836113545732, 0.00417818319059211, -0.04615925626852721], [0.02950873159336677, -0.09173340032914132, 0.05676491626190114]]	0.35448316544622444	1.0658117973384014	[[-0.17795642294102762, -0.26702098406666885, 0.18016266700288974], [0.5355258809411867, -0.07404286847859082, -0.1463052219195525], [0.23118716256370717, -0.048056879328536, 0.08845657848055632]]	[[-0.06467486948936242, -0.06467486948936242, 0.44827020913443894], [0.21291509708508333, -0.08728593321438308, 0.0], [0.13765702639304084, 0.24269900751925688, -0.09146407757656623]]	0.9568870167308579	[[1.6695244443866207e-16, -0.8361273600000002, 0.0], [1.0, 1.7938038903913487e-16, 0.0], [0.0, 0.0, 0.8361273600000002]]
2	[[0.8592155572171323, 0.2624339665249735, -0.4391776855101157], [-0.4266000482917053, 0.8413623931712975, -0.33184593135155627], [0.2824199444684594, 0.4724804086637203, 0.8348660002631537]]	0.16353808311187687	0.8364619168881232	[[0.140514465207193, 0.04291794782894065, -0.07182227683383505], [-0.06976535415305948, 0.13759479298165533, -0.054269447501708985], [0.04618641635093457, 0.07726854034078104, 0.13653238533831583]]	0.0	0.689552983638639	[[0.6465784407169791, 0.646578440716979, 0.0], [-0.7071067811865474, 0.7071067811865475, 0.0], [0.0, 0.0, 0.9143999999999998]]	[[0.646578440716979, 0.646578440716979, 0.0], [-0.7071067811865474, 0.7071067811865475, 0.0], [0.0, 0.0, 0.9143999999999999]]	0.6895529836386393	[[0.6465784407169791, 0.6465784407169791, 0.0], [-0.7071067811865475, 0.7071067811865476, 0.0], [0.0, 0.0, 0.9144000000000001]]
2	[[-0.5446221603179724, 0.8109226453022452, -0.2139887049042392], [-0.8354447797583356, -0.5021691245819775, 0.22328947644507607], [0.07361197229480154, 0.30038414347728, 0.9509735242804028]]	0.2302733726681525	0.7697266273318475	[[-0.12541198168623474, 0.18673389250672795, -0.04927590079118921], [-0.1923806871129538, -0.11563617796730569, 0.05141762082231366], [0.01695087712907857, 0.06917046981454748, 0.21898388075416758]]	0.5854329621458025	0.5802056186171315	[[-0.33011672923437313, 0.516929287983816, 0.13229085955149206], [-0.6046530631334746, -0.4084055422184529, 0.13072101961122629], [0.1708301256637214, 0.01625740209199296, 0.49706778085178316]]	[[-0.01127696466917648, 0.04218844167341257, 0.2575669009293248], [-0.11555615101030443, -0.1144191841162613, 0.0], [0.12773525067378103, -0.1595973768055408, -0.05966346638992634]]	0.44014243049126134	[[-0.5912313261916058, 0.5912313261916058, 0.0], [-0.7071067811865475, -0.7071067811865476, 0.0], [0.0, 0.0, 0.8361273600000002]]
2	[[0.3802729664721569, 0.7767473726770865, -0.5020517802076895], [0.4287143634067757, 0.332951791095048, 0.839849450446521], [0.8195098935212374, -0.5346088512602871, -0.20639019011321075]]	0.12221762050956443	0.8777823794904362	[[0.046476057106340396, 0.0949322156256494, -0.06135957394957467], [0.052396449373848825, 0.04069257565203434, 0.10264440141983915], [0.10015854917021208, -0.06533862170438395, -0.02522451793215326]]	0.40110345785465595	0.898734055903838	[[0.20631293788379185, 0.33157211003785203, 0.10912328664023857], [0.2391129185145937, -0.2064989887846782, 0.3282036207105784], [0.553385264154143, 0.0, -0.08082525105299042]]	[[0.05378413610316206, 0.020016052977553486, 0.31049799170362863], [0.06715410492017837, -0.340047103491803, -0.008662897940853747], [0.22467701211667365, 0.21443345884020668, 0.0019585678686982466]]	1.0000000000000007	[[0.0, 0.0, 0.0], [0.0, 0.0, 0.0], [0.0, 0.0, 0.0]]
2	[[0.5319609947059123, -0.8460851799387872, 0.03402011756955908], [-0.703274286200726, -0.4190807785627857, 0.5742617690636116], [-0.47161719485230363, -0.3294103357928521, -0.8179645788128509]]	0.14670714601235155	0.8532928539876485	[[0.07804247932319605, -0.12412674203216639, 0.004990994355634694], [-0.10317536339238224, -0.06148214497158053, 0.08424830520332657], [-0.06918961266713253, -0.048326850231139716, -0.12000124889682856]]	0.4486896199318592	0.8272166494795797	[[0.2124157492645856, -0.47980108825097, 0.21993197097188555], [-0.3823896131796245, -0.39800807639213265, 0.0], [0.12036969290784681, -0.14095756447711555, -0.3151631540593298]]	[[-0.02626962726858391, -0.10017145043425693, 0.20466749734956294], [-0.06683774099637124, -0.20997088113804876, -0.25766529490254897], [0.3319794328194565, 0.006845433891405334, 0.051849061925931465]]	0.7036129108522838	[[0.5912313261916058, -0.5912313261916058, 0.0], [-0.7071067811865475, -0.7071067811865476, 0.0], [0.0, 0.0, -0.8361273600000002]]
2	[[-0.8305561570912853, 0.32773595720904825, 0.4502950280316503], [-0.5100865793185324, -0.772219296347621, -0.37879947194723407], [0.22358030216652452, -0.5443036842615101, 0.808545204538665]]	0.18060667614427173	0.8193933238557279	[[-0.15000398688341665, 0.059191301884487485, 0.08132628829708803], [-0.09212504163652155, -0.13946796036781223, -0.06841371355359524], [0.04038009522562792, -0.09830487922755249, 0.14602866190411862]]	0.5095621122517222	0.6718469022586402	[[-0.36381092618019745, 0.13882768657681116, 0.3915427582694386], [-0.3554306142770679, -0.6062386708731152, -0.055647124564078825], [0.309762862751575, -0.24396221624203537, 0.25372390823020374]]	[[0.059409023570911046, -0.028174140039471454, 0.16208947264918244], [-0.09550981948826102, -0.2127449751046828, 0.13737473448119075], [0.19583481172172246, 0.03339431881665419, -0.15828009404551915]]	0.6872782245092176	[[-0.5912313261916058, 0.5912313261916058, 0.0], [-0.7071067811865475, -0.7071067811865476, 0.0], [0.0, 0.0, 0.8361273600000002]]
2	[[0.22433838825039393, -0.7661379269479729, -0.6022499185961573], [-0.9416906372873723, -0.011392912655017143, -0.3362869982418849], [0.2507808429735371, 0.642575192824231, -0.724020780340167]]	0.13627761373364014	0.8637223862663598	[[0.030572300219614566, -0.10440744847530771, -0.08207318177756334], [-0.128331352924834, -0.0015525989501014997, -0.04582838965005291], [0.03417581485054437, 0.0875686139225199, -0.098667824238326]]	0.39356915249398305	0.8696823148234964	[[0.017933768962882787, -0.299672637136415, 0.1020206394488967], [-0.45621367004951374, -0.12242548212667204, -0.13235218889280423], [0.2676726887557711, 0.04246870417205953, -0.31595147314053373]]	[[-0.07035890037269092, 0.0018556174659959263, 0.3390476295003566], [-0.08559328402080381, -0.11794158314859897, 0.0], [0.1689730849249495, -0.21042906988143084, -0.030999228234021917]]	0.9672810209948399	[[0.5912313261916058, -0.5912313261916058, 0.0], [-0.7071067811865475, -0.7071067811865476, 0.0], [0.0, 0.0, -0.8361273600000002]]
