2	[[0.8787972042104137, -0.3840163418041313, 0.28327887866788265], [-0.395223040501579, -0.9183905790867732, -0.018907472103605397], [0.2674214316928388, -0.09534250611366366, -0.9588511794847616]]	0.6182453221699965	0.38175467783000344	[[0.5433122606391596, -0.2374163069572386, 0.17513584160598047], [-0.24434479600390424, -0.5677906794453917, -0.01168945618211374], [0.1653320491921008, -0.058945058408736845, -0.5928052563736377]]	0.8325055316604388	0.30712989031065785	[[0.602739156809253, -0.2620242498620199, 0.24260699015136503], [-0.3466166863911211, -0.8483986280425913, -0.015740575115966927], [0.21585406451105607, -0.0793731637419942, -0.7036870085442116]]	[[-0.1288643769036447, 0.057671478937925236, 0.0067757566577863765], [-0.017591318933898897, -0.08383339072801882, 0.0], [-0.0067757566577863765, 0.0, 0.09456190241598895]]	0.4810639658616881	[[0.6642197932423611, -0.664219793242361, 0.0], [-0.7071067811865475, -0.7071067811865476, 0.0], [0.0, 0.0, -0.9393486400000001]]
2	[[0.8489524140446696, -0.5135124485683378, 0.12483895166604869], [0.522794976890395, 0.7815435453534784, -0.34040431673891397], [0.0772347773085365, 0.35425224329800037, 0.9319550081910795]]	0.2182597865646261	0.7817402134353743	[[0.18529217269291373, -0.11207911742280392, 0.02724732294558349], [0.11410512007315625, 0.1705795273998113, -0.07429657351711275], [0.016857246010727606, 0.07731901901226156, 0.20340830117561937]]	0.0	0.43685548484043313	[[0.685327892326002, -0.6853278923260019, 0.0], [0.7071067811865475, 0.7071067811865476, 0.0], [0.0, 0.0, 0.9692000000000001]]	[[0.685327892326002, -0.6853278923260019, 0.0], [0.7071067811865475, 0.7071067811865476, 0.0], [0.0, 0.0, 0.9692000000000001]]	0.43685548484043313	[[0.685327892326002, -0.6853278923260019, 0.0], [0.7071067811865475, 0.7071067811865476, 0.0], [0.0, 0.0, 0.9692000000000001]]
2	[[0.08740825448676931, -0.06334395238859675, -0.994156597696443], [0.7119981850616444, -0.6940087028176986, 0.10681996481098455], [-0.6967197295301035, -0.717174639895393, -0.015561310176609944]]	0.16405309783351296	0.835946902166487	[[0.014339594924774556, -0.010391771618367844, -0.16309446958372686], [0.11680550791120167, -0.11385427762066137, 0.017524146137708852], [-0.1142990299511408, -0.11765472136247333, -0.002552881140821018]]	0.4615429326450901	1.0273245481529356	[[0.0636840642664459, -0.015643288697196583, 0.0003508537382959191], [0.6349049133357343, -0.636980183493629, 0.038923811274374887], [0.010028506014053596, -0.01319910980813568, 0.025827514755195638]]	[[0.023341402153234, 0.013592664853567304, 0.45919680534757734], [0.3062871829644012, -0.31666537151393354, -0.010378188549532248], [0.3315945732130716, 0.31780777670787047, 0.03300972748990808]]	0.8030346934802585	[[0.0, 0.0, -0.9393486400000001], [0.0, -1.0, 0.0], [-0.9393486400000001, 0.0, 0.0]]
2	[[-0.8305561570912853, 0.32773595720904825, 0.4502950280316503], [-0.5100865793185324, -0.772219296347621, -0.37879947194723407], [0.22358030216652452, -0.5443036842615101, 0.808545204538665]]	0.19420185391831188	0.8057981460816882	[[-0.16129554549039626, 0.06364693048568967, 0.08744812925394471], [-0.09905975936250905, -0.1499664189822023, -0.07356355971543042], [0.043419709180355426, -0.10570478457815273, 0.15702097769816933]]	0.536514578549411	0.6409439914885287	[[-0.4043228445470483, 0.16546041491580823, 0.4227416857727121], [-0.35088457471199314, -0.599287968035102, -0.06331836062132552], [0.3409808211004595, -0.2568662042997753, 0.2822497031927957]]	[[0.041282642036401, -0.010374704041692134, 0.18115183858541606], [-0.07721568858520002, -0.18498105770743536, 0.1399130784251842], [0.22102672951163665, 0.03516065746468046, -0.15154658645841348]]	0.6803730414421958	[[-0.6642197932423611, 0.664219793242361, 0.0], [-0.7071067811865475, -0.7071067811865476, 0.0], [0.0, 0.0, 0.9393486400000001]]
2	[[0.034229894132735264, 0.2773841392786001, 0.9601491309293217], [-0.1827544195208179, -0.9427759796974285, 0.2788803941677556], [0.9825625356654255, -0.18501754344446375, 0.018422055382213542]]	0.8218630739520207	0.17813692604797934	[[0.028132286012982045, 0.22797178137304575, 0.7891111161979335], [-0.15019910900569658, -0.7748327647222566, 0.22920149801566284], [0.8075318659120787, -0.1520590869903185, 0.015140407064940391]]	0.9077164331406008	0.1337088508832884	[[0.0, 0.23779076958468787, 0.8524693339112197], [-0.17878714829868145, -0.8210881291956184, 0.25314431666679993], [0.8814010349294947, -0.16794346460384474, 0.0]]	[[-0.031071037408946824, -0.013995371931058629, -0.019073810498991803], [-0.012897958470563659, 0.0346851203459671, 0.0], [-0.010487125282309665, 0.0, -0.016722002402661473]]	0.35152499396608106	[[0.0, 0.0, 0.9692000000000001], [0.0, -1.0, 0.0], [0.9692000000000001, 0.0, 0.0]]
2	[[0.5319609947059123, -0.8460851799387872, 0.03402011756955908], [-0.703274286200726, -0.4190807785627857, 0.5742617690636116], [-0.47161719485230363, -0.3294103357928521, -0.8179645788128509]]	0.15648663022508727	0.8435133697749128	[[0.08324478347271372, -0.13240101869200743, 0.0053236935583216155], [-0.11005302317150524, -0.06558053882939634, 0.08986428910786184], [-0.07380178557864543, -0.05154831340953788, -0.12800052058190586]]	0.4710908056429901	0.8079763369905456	[[0.219688704711271, -0.5403924910778649, 0.2346852109976107], [-0.3778387851359755, -0.3972927647402677, 0.007212444457090257], [0.1563140103696173, -0.1551821804757826, -0.3544298096733518]]	[[-0.030913228855383664, -0.1418095420179074, 0.21865864640369786], [-0.04653273506167676, -0.1998676631376335, -0.26331699498105526], [0.37848853464767607, 0.0, 0.03090578274702315]]	0.6645303811453664	[[0.6642197932423611, -0.664219793242361, 0.0], [-0.7071067811865475, -0.7071067811865476, 0.0], [0.0, 0.0, -0.9393486400000001]]
2	[[-0.5446221603179724, 0.8109226453022452, -0.2139887049042392], [-0.8354447797583356, -0.5021691245819775, 0.22328947644507607], [0.07361197229480154, 0.30038414347728, 0.9509735242804028]]	0.24752614382314525	0.7524738561768547	[[-0.1348082231841385, 0.20072455533052902, -0.05296779894665534], [-0.2067944247107577, -0.12429998695482145, 0.055269983060738714], [0.018220887641348417, 0.0743529287005495, 0.23539080934303436]]	0.6051934532323374	0.5838680850797054	[[-0.2582078636106261, 0.541431881339578, 0.1408416177349174], [-0.6130035152924425, -0.5123356095839676, 0.13513332932023625], [0.18934829503488285, 0.009831830912404384, 0.5038692678393186]]	[[0.0713939022990632, 0.05066680532481041, 0.27034618100862956], [-0.10739780404556594, -0.20842614297154105, 0.0], [0.14479881132254876, -0.17195868617484858, -0.07165368325246424]]	0.3985595518352317	[[-0.6642197932423611, 0.664219793242361, 0.0], [-0.7071067811865475, -0.7071067811865476, 0.0], [0.0, 0.0, 0.9393486400000001]]
2	[[-0.30792515101507295, 0.09349718223056193, 0.9468053539599837], [0.3027085282091916, -0.9338174967034747, 0.1906631317268273], [0.9019698710720718, 0.34531602882779927, 0.2592434992682147]]	0.6010039641784458	0.39899603582155435	[[-0.1850642364303054, 0.056192177160082256, 0.5690337710353268], [0.18192902544434697, -0.5612280173379812, 0.11458929799050041], [0.5420874680838367, 0.20753630221986583, 0.15580637074768905]]	0.805756251985897	0.2834766319519561	[[-0.11786548864080541, 0.14431026264651362, 0.772568968581945], [0.29620583592790584, -0.813672720031514, 0.15362801041210172], [0.7170932275042672, 0.2782405491389415, 0.11786548864080541]]	[[0.13024712693329107, 0.06897432352117364, 0.009674635214967992], [0.05229654679390043, -0.0612434338488696, 0.0], [-0.009674635214967992, 0.0, -0.0910215816812599]]	0.4713952350132598	[[0.0, 0.0, 0.9692000000000001], [0.0, -1.0, 0.0], [0.9692000000000001, 0.0, 0.0]]
2	[[0.04673222253661188, -0.9725397674033924, -0.22799671093185395], [-0.8377629715199755, -0.16246744520517667, 0.5213036857710898], [-0.5440306084466285, 0.16664552219444034, -0.8223502702654952]]	0.1818591599414525	0.8181408400585474	[[0.008498682732705251, -0.17686526510963657, -0.04146329031948113], [-0.15235487023067773, -0.029546193102847396, 0.0948038503687133], [-0.09893694943454122, 0.030306014674285606, -0.14955192932810937]]	0.47735347651209714	0.89208329804089	[[-0.07009081048150882, -0.5905074242683211, 0.11327619837621841], [-0.30130983429154135, -0.20063731648550148, 0.0008273596477516501], [0.0806479166730233, 0.07954881936468994, -0.5232231128015892]]	[[-0.09239859937449743, -0.12626218525204536, 0.2221112209728625], [0.09859923265662396, -0.12308291669677172, -0.2480187670736479], [0.34034281894401297, 0.0, -0.1306713523796924]]	0.8746310885162587	[[0.6642197932423611, -0.664219793242361, 0.0], [-0.7071067811865475, -0.7071067811865476, 0.0], [0.0, 0.0, -0.9393486400000001]]
2	[[0.3802729664721569, 0.7767473726770865, -0.5020517802076895], [0.4287143634067757, 0.332951791095048, 0.839849450446521], [0.8195098935212374, -0.5346088512602871, -0.20639019011321075]]	0.12776776156683028	0.8722322384331701	[[0.048586625710525785, 0.09924327310986783, -0.06414603214777877], [0.05477587456403235, 0.04254050505788122, 0.10730568433668455], [0.10470694467707993, -0.06830577623934142, -0.026370012600117496]]	0.4233649072966114	0.8672819911643012	[[0.030312528885180875, 0.3196702231914176, 0.13353050838935548], [0.2833316100972163, -0.14556769714587775, 0.3278881665137568], [0.6100504152342044, 0.0, -0.06359304697716914]]	[[-0.13068170031271129, -0.009177356234903677, 0.3460816137750827], [0.10182899337678089, -0.28652780131707345, -0.027674618217644633], [0.26309868513492984, 0.22633462675375943, 0.02378531672704033]]	1.0000000000000007	[[0.0, 0.0, 0.0], [0.0, 0.0, 0.0], [0.0, 0.0, 0.0]]
2	[[0.22433838825039393, -0.7661379269479729, -0.6022499185961573], [-0.9416906372873723, -0.011392912655017143, -0.3362869982418849], [0.2507808429735371, 0.642575192824231, -0.724020780340167]]	0.14774972996892177	0.8522502700310782	[[0.033145936285658824, -0.1131966718255125, -0.08898226284638737], [-0.13913453737347115, -0.0016832997683382672, -0.04968631318229776], [0.03705280183071866, 0.09494031122450797, -0.10697387478714772]]	0.41776441582347906	0.868609825812773	[[0.020219538106970945, -0.3221526609366113, 0.11578887116462444], [-0.4801954248173136, -0.12810919655184955, -0.14048874136955236], [0.29413668941717525, 0.03782881861557445, -0.33082775580757234]]	[[-0.0735010576072357, -0.00208749744498013, 0.3673874565866859], [-0.08679058584451486, -0.12334964305199843, 0.0], [0.18936937705261592, -0.23061623143729984, -0.02835763746470306]]	0.954271191163393	[[0.6642197932423611, -0.664219793242361, 0.0], [-0.7071067811865475, -0.7071067811865476, 0.0], [0.0, 0.0, -0.9393486400000001]]
2	[[0.8592155572171323, 0.2624339665249735, -0.4391776855101157], [-0.4266000482917053, 0.8413623931712975, -0.33184593135155627], [0.2824199444684594, 0.4724804086637203, 0.8348660002631537]]	0.17490544070149402	0.8250945592985061	[[0.15028147569264233, 0.045901128570091626, -0.07681456663040895], [-0.07461466944973934, 0.14715886016728963, -0.05804165886804169], [0.04939678485014741, 0.08263939410015, 0.14602260570272058]]	0.0	0.688494079223685	[[0.685327892326002, 0.6853278923260019, 0.0], [-0.7071067811865475, 0.7071067811865476, 0.0], [0.0, 0.0, 0.9692000000000001]]	[[0.685327892326002, 0.6853278923260019, 0.0], [-0.7071067811865475, 0.7071067811865476, 0.0], [0.0, 0.0, 0.9692000000000001]]	0.688494079223685	[[0.685327892326002, 0.6853278923260019, 0.0], [-0.7071067811865475, 0.7071067811865476, 0.0], [0.0, 0.0, 0.9692000000000001]]
2	[[-0.42203838922340475, -0.825029846081567, 0.3757783270710803], [0.2588054115689476, 0.28760896992378115, 0.9221175843470338], [-0.8688517462515349, 0.4864224845687207, 0.09214016247897017]]	0.10957947547650694	0.8904205245234932	[[-0.04624674532205056, -0.09040633778608137, 0.04117759197588827], [0.028359761250206804, 0.03151604006658644, 0.10104516122041161], [-0.09520831862109036, 0.053301920719019714, 0.01009667067476571]]	0.35075799105293265	1.187234748045673	[[-0.060897551963640606, -0.47528882914140896, 0.3043452448180785], [0.18353998856885734, -0.17555911235889937, 0.03277188478866972], [0.18187929535129016, 0.17061657349030065, -0.09090971145957036]]	[[0.08713578558757648, -0.18590301777112822, 0.17253799373339454], [0.09276192233330584, -0.2764402568581682, -0.29066822661147906], [0.4866359883893109, 0.0, -0.12322860974598472]]	1.0000000000000002	[[0.0, 0.0, 0.0], [0.0, 0.0, 0.0], [0.0, 0.0, 0.0]]
2	[[-0.3195682178843842, -0.5708200961323295, -0.7563336379995778], [0.910087742671785, 0.03735879733279218, -0.41272826520656647], [0.2638493031197415, -0.8202248094963509, 0.507557688474819]]	0.12070906651695641	0.8792909334830434	[[-0.038574781269311346, -0.06890316095325286, -0.09129632741830265], [0.10985584186643525, 0.004509545552237541, -0.04982004361824747], [0.03184900308073349, -0.09900857108835293, 0.061266814779299586]]	0.3763023265635734	1.080179518342374	[[-0.19740451506600054, -0.29195118140417, 0.19215252211642259], [0.5431423537996977, -0.07901792397638072, -0.15531060643577846], [0.2638682904913295, -0.04299919837350683, 0.0818882074785875]]	[[-0.0771502511803319, -0.07715025118033189, 0.47676262975395517], [0.20067421885531433, -0.0930761263303275, 0.0], [0.16458118386519327, 0.26565330574513374, -0.10910693155971625]]	0.9849128258803892	[[1.8756299474296924e-16, -0.9393486400000001, 0.0], [1.0, 1.7938038903913487e-16, 0.0], [0.0, 0.0, 0.9393486400000001]]
