2	[[0.8592155572171323, 0.2624339665249735, -0.4391776855101157], [-0.4266000482917053, 0.8413623931712975, -0.33184593135155627], [0.2824199444684594, 0.4724804086637203, 0.8348660002631537]]	0.1742120590272033	0.8257879409727968	[[0.14968571137100245, 0.04571916166699179, -0.0765100488715188], [-0.0743188727940023, 0.146575474902427, -0.057811562980554565], [0.049200960036198726, 0.08231178484332118, 0.14544372491764967]]	0.0	0.6884541045168137	[[0.6829237292699677, 0.6829237292699675, 0.0], [-0.7071067811865474, 0.7071067811865474, 0.0], [0.0, 0.0, 0.9657999999999998]]	[[0.6829237292699676, 0.6829237292699675, 0.0], [-0.7071067811865474, 0.7071067811865475, 0.0], [0.0, 0.0, 0.9657999999999998]]	0.6884541045168139	[[0.6829237292699677, 0.6829237292699676, 0.0], [-0.7071067811865475, 0.7071067811865476, 0.0], [0.0, 0.0, 0.9658]]
2	[[-0.5446221603179724, 0.8109226453022452, -0.2139887049042392], [-0.8354447797583356, -0.5021691245819775, 0.22328947644507607], [0.07361197229480154, 0.30038414347728, 0.9509735242804028]]	0.24646292021270239	0.7535370797872977	[[-0.134229168044518, 0.19986236322780077, -0.05274028110323307], [-0.20590616009569734, -0.1237660688851305, 0.05503257641741887], [0.018142621654393322, 0.0740335531870018, 0.23437971183911327]]	0.6040286119547846	0.5837536409093128	[[-0.25805375817032994, 0.5399410079241541, 0.14031064072146948], [-0.6125112729023927, -0.5115055989186248, 0.13487323252122987], [0.18817263838099657, 0.010256572672564223, 0.5035340873134591]]	[[0.07091360936635106, 0.050120528079536694, 0.26956594111877913], [-0.10787872222009454, -0.20818107963082372, 0.0], [0.1437089009325135, -0.17118404456524408, -0.07088113056338233]]	0.4008355482293138	[[-0.6595677377289347, 0.6595677377289346, 0.0], [-0.7071067811865475, -0.7071067811865476, 0.0], [0.0, 0.0, 0.93276964]]
2	[[-0.3195682178843842, -0.5708200961323295, -0.7563336379995778], [0.910087742671785, 0.03735879733279218, -0.41272826520656647], [0.2638493031197415, -0.8202248094963509, 0.507557688474819]]	0.12016440374791107	0.8798355962520887	[[-0.03840072435885958, -0.06859225649906665, -0.09088438064470766], [0.10936015095643735, 0.004489197606234077, -0.04959524589845678], [0.03170529418868562, -0.09856182517237295, 0.06099036700324465]]	0.3749836343955474	1.0962178239635836	[[-0.04349247767150356, -0.29038856834180765, 0.1914219615259877], [0.5426820344018766, -0.24240261972813393, -0.15476634490492766], [0.26177171252974873, -0.04335761835449268, 0.08236423426939266]]	[[0.07634037410809091, -0.0763403741080909, 0.4750346979186756], [0.2014140250359709, -0.2564115573286311, 0.0], [0.16283254191317564, 0.26421326173184445, -0.10796159242029803]]	0.9828431302512775	[[1.8624934303808786e-16, -0.93276964, 0.0], [1.0, 1.7938038903913487e-16, 0.0], [0.0, 0.0, 0.93276964]]
2	[[0.8787972042104137, -0.3840163418041313, 0.28327887866788265], [-0.395223040501579, -0.9183905790867732, -0.018907472103605397], [0.2674214316928388, -0.09534250611366366, -0.9588511794847616]]	0.6130822296698876	0.3869177703301125	[[0.5387749493849839, -0.23543359506295047, 0.17367324655209107], [-0.24230422288762032, -0.5630489439343382, -0.011591835154699599], [0.1639513276037591, -0.058452796230479796, -0.5878546190401193]]	0.8298934130097447	0.3111554422384788	[[0.5991633493774796, -0.26026293502173825, 0.24186715220650473], [-0.34685148998324544, -0.8480149959149924, -0.015691186555447618], [0.21515540790428, -0.07912411780357079, -0.6991524078599598]]	[[-0.13014466176812223, 0.058429697529609, 0.006775876755242196], [-0.01885849200130148, -0.08584870376067423, 0.0], [-0.006775876755242196, 0.0, 0.09659187005106849]]	0.4827454521508401	[[0.6595677377289347, -0.6595677377289346, 0.0], [-0.7071067811865475, -0.7071067811865476, 0.0], [0.0, 0.0, -0.93276964]]
2	[[0.04673222253661188, -0.9725397674033924, -0.22799671093185395], [-0.8377629715199755, -0.16246744520517667, 0.5213036857710898], [-0.5440306084466285, 0.16664552219444034, -0.8223502702654952]]	0.18130102046746374	0.8186989795325363	[[0.008472599634600314, -0.17632245227542487, -0.041336036355170476], [-0.15188728164642631, -0.029455513608440273, 0.09451289020374863], [-0.09863330447690896, 0.03021300323018541, -0.1490929431808289]]	0.4760688757509198	0.8907646027403077	[[-0.06867834030142829, -0.5878698823482147, 0.11213788319861745], [-0.3011097863549612, -0.19989872156217, 0.0], [0.07929345763764742, 0.0792934576376474, -0.5200842881131251]]	[[-0.09092609694577491, -0.12487396865742056, 0.22068002104685255], [0.09772308964230335, -0.12255302757721735, -0.24817645960985346], [0.33828949777492273, -4.1288762384776005e-05, -0.1285889194743657]]	0.8757186099782726	[[0.6595677377289347, -0.6595677377289346, 0.0], [-0.7071067811865475, -0.7071067811865476, 0.0], [0.0, 0.0, -0.93276964]]
2	[[-0.30792515101507295, 0.09349718223056193, 0.9468053539599837], [0.3027085282091916, -0.9338174967034747, 0.1906631317268273], [0.9019698710720718, 0.34531602882779927, 0.2592434992682147]]	0.5959051934696575	0.4040948065303426	[[-0.18349419668981054, 0.05571545646597082, 0.5642062276296317], [0.18038558406741367, -0.5564666960384353, 0.11361715039920582], [0.537488530525005, 0.20577561496680358, 0.15448454758717653]]	0.8030723595505855	0.28669504293450665	[[-0.11539694172587901, 0.14282222770431902, 0.7702042490716822], [0.2973014409660447, -0.8134308666551996, 0.1531162910751673], [0.7144960331734751, 0.27731375806137876, 0.11539694172587901]]	[[0.131889235864766, 0.06773722495909057, 0.00985103943191086], [0.05420458896100422, -0.06350784618791899, 0.0], [-0.00985103943191086, 0.0, -0.09279434692959668]]	0.4720496687391726	[[0.0, 0.0, 0.9658], [0.0, -1.0, 0.0], [0.9658, 0.0, 0.0]]
2	[[-0.8305561570912853, 0.32773595720904825, 0.4502950280316503], [-0.5100865793185324, -0.772219296347621, -0.37879947194723407], [0.22358030216652452, -0.5443036842615101, 0.808545204538665]]	0.19336520315977862	0.8066347968402212	[[-0.1606006600515614, 0.06337272994849213, 0.08707138957717828], [-0.09863299503900458, -0.14932034112215908, -0.07324663684989377], [0.04323265055095468, -0.1052493924878429, 0.15634450773948372]]	0.534892264446484	0.6428532227373286	[[-0.4017174392707481, 0.16372562022434295, 0.4207968901063147], [-0.351162725697699, -0.5997318167044097, -0.06285759670424146], [0.3390071773536799, -0.2560894916390913, 0.28042613806640604]]	[[0.042540624345779196, -0.011577808067740822, 0.17993756289347232], [-0.0783213602222482, -0.18667768863176012, 0.13975931061674693], [0.21941580324219845, 0.0350543385821119, -0.152058437296626]]	0.6804304987913223	[[-0.6595677377289347, 0.6595677377289346, 0.0], [-0.7071067811865475, -0.7071067811865476, 0.0], [0.0, 0.0, 0.93276964]]
2	[[-0.42203838922340475, -0.825029846081567, 0.3757783270710803], [0.2588054115689476, 0.28760896992378115, 0.9221175843470338], [-0.8688517462515349, 0.4864224845687207, 0.09214016247897017]]	0.10928415827199489	0.8907158417280053	[[-0.04612211012474836, -0.09016269227829757, 0.0410666181708214], [0.028283331559549665, 0.03143110418959591, 0.10077284403317084], [-0.09495173175225194, 0.053158271790665075, 0.010069460099559141]]	0.349716745411838	1.1432635327959928	[[-0.23451397145234343, -0.4727741469534417, 0.30243124461867243], [0.18369352258065116, 0.010425231345290983, 0.03176780367791647], [0.17978891701582259, 0.17011008819851303, -0.09070059757606319]]	[[-0.0869200795342798, -0.18424739431416648, 0.17101527107906905], [0.09318493635178755, -0.09015644156770503, -0.2907121568069542], [0.48364092196030156, 0.0, -0.12292355531992659]]	1.0000000000000002	[[0.0, 0.0, 0.0], [0.0, 0.0, 0.0], [0.0, 0.0, 0.0]]
2	[[0.034229894132735264, 0.2773841392786001, 0.9601491309293217], [-0.1827544195208179, -0.9427759796974285, 0.2788803941677556], [0.9825625356654255, -0.18501754344446375, 0.018422055382213542]]	0.8209128059470486	0.17908719405295137	[[0.028099758439774122, 0.22770819210040258, 0.7881987171988096], [-0.1500254433280587, -0.773936874872894, 0.2289364868998712], [0.8065981681715515, -0.1518832707384247, 0.015122901175124846]]	0.9048502616364215	0.13815344402374946	[[0.0, 0.23537975259323501, 0.8481311283293598], [-0.17947965436895114, -0.8211323725758366, 0.25234499762796203], [0.876283807553552, -0.167413172593051, 0.0]]	[[-0.030972928661792517, -0.015611358406799909, -0.020660064002019866], [-0.014114270050326696, 0.031938719317915455, 0.0], [-0.01278815991745422, 0.0, -0.016669201632476566]]	0.3530166811407806	[[0.0, 0.0, 0.9658], [0.0, -1.0, 0.0], [0.9658, 0.0, 0.0]]
2	[[0.3802729664721569, 0.7767473726770865, -0.5020517802076895], [0.4287143634067757, 0.332951791095048, 0.839849450446521], [0.8195098935212374, -0.5346088512602871, -0.20639019011321075]]	0.12745038679512016	0.8725496132048803	[[0.04846593666460415, 0.09899675308978799, -0.06398669357864864], [0.054639811440817296, 0.04243483455919192, 0.1070391373090782], [0.10444685291170938, -0.06813610487721845, -0.026304509560647088]]	0.422026693104164	0.8671061678727551	[[0.029640018767251374, 0.3188499926122193, 0.13194250507100883], [0.2825337148665385, -0.14482611956887934, 0.3279071295774313], [0.6064732374195152, 0.0, -0.06477190034647638]]	[[-0.13084532374990365, -0.00895813245603918, 0.34382175763911854], [0.10160480979172015, -0.28534066292783095, -0.026531756699863455], [0.2606181870906018, 0.2256192056015949, 0.022330269076141676]]	1.0000000000000007	[[0.0, 0.0, 0.0], [0.0, 0.0, 0.0], [0.0, 0.0, 0.0]]
2	[[0.08740825448676931, -0.06334395238859675, -0.994156597696443], [0.7119981850616444, -0.6940087028176986, 0.10681996481098455], [-0.6967197295301035, -0.717174639895393, -0.015561310176609944]]	0.16295047538924276	0.8370495246107572	[[0.014243216621562967, -0.010321927154755411, -0.16199829020598752], [0.11602044273207299, -0.11308904804841573, 0.017406364047012117], [-0.11353081113999497, -0.11686394850806328, -0.002535722890958051]]	0.45991775152773223	1.027029632148808	[[0.06334554645408255, -0.015571317025764544, 0.00026151164964217585], [0.634932811835631, -0.6369330997798219, 0.038854427865164916], [0.009838146887474466, -0.013122188019121033, 0.02557496326074453]]	[[0.023144938585563747, 0.013561691129678605, 0.4574917787286505], [0.3074722074702533, -0.3177461776392279, -0.01027397016897456], [0.33027191833796943, 0.31671915981427917, 0.0327318860479966]]	0.8051314021859444	[[0.0, 0.0, -0.93276964], [0.0, -1.0, 0.0], [-0.93276964, 0.0, 0.0]]
2	[[0.8489524140446696, -0.5135124485683378, 0.12483895166604869], [0.522794976890395, 0.7815435453534784, -0.34040431673891397], [0.0772347773085365, 0.35425224329800037, 0.9319550081910795]]	0.21759001856587054	0.7824099814341294	[[0.1847235715335203, -0.11173518321779027, 0.027163709810759384], [0.11375496872772492, 0.17005607454349966, -0.07406858159912277], [0.01680551662849533, 0.07708175219621319, 0.202784107534853]]	0.0	0.43800305628517633	[[0.6829237292699673, -0.6829237292699673, 0.0], [0.7071067811865471, 0.7071067811865471, 0.0], [0.0, 0.0, 0.9657999999999994]]	[[0.6829237292699674, -0.6829237292699673, 0.0], [0.7071067811865471, 0.7071067811865472, 0.0], [0.0, 0.0, 0.9657999999999994]]	0.43800305628517633	[[0.6829237292699677, -0.6829237292699676, 0.0], [0.7071067811865475, 0.7071067811865476, 0.0], [0.0, 0.0, 0.9658]]
2	[[0.22433838825039393, -0.7661379269479729, -0.6022499185961573], [-0.9416906372873723, -0.011392912655017143, -0.3362869982418849], [0.2507808429735371, 0.642575192824231, -0.724020780340167]]	0.14704959700488832	0.8529504029951117	[[0.03298886958494658, -0.11266027340785999, -0.08856060782579175], [-0.1384752287163845, -0.001675323214632124, -0.04945086756945275], [0.03687722189580481, 0.09449042315014157, -0.10646696397218637]]	0.41630221608100987	0.8686247987804973	[[0.020073615024983255, -0.3207674203275954, 0.11490748142579946], [-0.47874612810299816, -0.12776571090114242, -0.13999702260732738], [0.29247152173584495, 0.03815693575707645, -0.3299586566049578]]	[[-0.07331895315569772, -0.0018225035154434271, 0.3656254571719876], [-0.08671822893752666, -0.12302281611524148, 0.0], [0.18807090105529772, -0.2293485410143332, -0.02854720126064421]]	0.9549169706489118	[[0.6595677377289347, -0.6595677377289346, 0.0], [-0.7071067811865475, -0.7071067811865476, 0.0], [0.0, 0.0, -0.93276964]]
2	[[0.5319609947059123, -0.8460851799387872, 0.03402011756955908], [-0.703274286200726, -0.4190807785627857, 0.5742617690636116], [-0.47161719485230363, -0.3294103357928521, -0.8179645788128509]]	0.15586573103316304	0.8441342689668373	[[0.08291448932096557, -0.13187568508748432, 0.005302570494813502], [-0.1096163607355021, -0.0653203319126357, 0.08950773043949727], [-0.07350895884346399, -0.0513437827982326, -0.12749264703589827]]	0.4698461839454554	0.8086737744181388	[[0.21932010179880176, -0.5370926986671211, 0.23382533139533154], [-0.37867751544824024, -0.39761905038122325, 0.006292598552999978], [0.1539981217795646, -0.15477218922446262, -0.3519975204897572]]	[[-0.030619741571599756, -0.13956280558007775, 0.2178411089778985], [-0.04824677580986506, -0.2007155458086079, -0.2635221022273043], [0.3755856610639797, 0.0, 0.032320015468012636]]	0.6669015344520516	[[0.6595677377289347, -0.6595677377289346, 0.0], [-0.7071067811865475, -0.7071067811865476, 0.0], [0.0, 0.0, -0.93276964]]
