2	[[0.8787972042104137, -0.3840163418041313, 0.28327887866788265], [-0.395223040501579, -0.9183905790867732, -0.018907472103605397], [0.2674214316928388, -0.09534250611366366, -0.9588511794847616]]	0.5856172853906885	0.41438271460931164	[[0.514638833138629, -0.22488660763299811, 0.16589300793400366], [-0.23144944410238877, -0.5378253978531786, -0.011072542486913563], [0.15660661288325164, -0.05583421961262883, -0.5615198248235258]]	0.8153099317366603	0.33325744383910805	[[0.579546568992766, -0.2506525989200806, 0.23773169895463128], [-0.3482014310954313, -0.8458699192528514, -0.01541544979010333], [0.2112597334929262, -0.07773369215113324, -0.6743151506226972]]	[[-0.13694551958239462, 0.06243973850200768, 0.006771615725482128], [-0.025972160923333484, -0.0970969589100222, 0.0], [-0.006771615725482128, 0.0, 0.10744573906864008]]	0.49289269294304205	[[0.6341397253291265, -0.6341397253291265, 0.0], [-0.7071067811865475, -0.7071067811865476, 0.0], [0.0, 0.0, -0.8968090000000001]]
2	[[-0.5446221603179724, 0.8109226453022452, -0.2139887049042392], [-0.8354447797583356, -0.5021691245819775, 0.22328947644507607], [0.07361197229480154, 0.30038414347728, 0.9509735242804028]]	0.24056597503525215	0.7594340249647477	[[-0.13101756102269846, 0.19508039684530057, -0.05147840144181912], [-0.2009795880306755, -0.12080480508766238, 0.0537158506161207], [0.017708535889366918, 0.07226220436074093, 0.2287718731012251]]	0.5974449907746466	0.58050441936429	[[-0.3633956990099217, 0.5316297537939879, 0.1373762362552859], [-0.609729144995917, -0.3882820846013656, 0.13340317919480416], [0.18173592364262328, 0.01254341281737253, 0.5014769122107321]]	[[-0.03801391746308255, 0.047148081452435986, 0.26522271608267767], [-0.1105968462604716, -0.0882636565981738, 0.0], [0.13775681953405206, -0.16691958901126114, -0.06667745622990634]]	0.4142204028739001	[[-0.6341397253291265, 0.6341397253291265, 0.0], [-0.7071067811865475, -0.7071067811865476, 0.0], [0.0, 0.0, 0.8968090000000001]]
2	[[-0.42203838922340475, -0.825029846081567, 0.3757783270710803], [0.2588054115689476, 0.28760896992378115, 0.9221175843470338], [-0.8688517462515349, 0.4864224845687207, 0.09214016247897017]]	0.10762301110578086	0.8923769888942192	[[-0.045421042250456345, -0.08879219628743718, 0.04044239506768263], [0.02785341768352105, 0.0309533433642293, 0.09924107102101665], [-0.09350844113610604, 0.05235025245884095, 0.00991640172976268]]	0.34387238087503896	1.1360011393817746	[[-0.2308257449384066, -0.4589409866432551, 0.29194586010943063], [0.18455528727699833, 0.013009947322229817, 0.026132038394340223], [0.1684511969246796, 0.16726725787979793, -0.08951138139835059]]	[[-0.08569839921548807, -0.17523600917821974, 0.16272607209825915], [0.0955592542174399, -0.08589083392647828, -0.2909587307818139], [0.4672253155356302, 0.0, -0.12119583844420705]]	1.0000000000000002	[[0.0, 0.0, 0.0], [0.0, 0.0, 0.0], [0.0, 0.0, 0.0]]
2	[[-0.3195682178843842, -0.5708200961323295, -0.7563336379995778], [0.910087742671785, 0.03735879733279218, -0.41272826520656647], [0.2638493031197415, -0.8202248094963509, 0.507557688474819]]	0.1171387058665652	0.8828612941334346	[[-0.03743380747906129, -0.06686512734356942, -0.0885959435586218], [0.10660650040159651, 0.004376161172294522, -0.048346454860849715], [0.03090696591124159, -0.09608007270405253, 0.05945465078056555]]	0.3676082251670883	1.0907841173765225	[[-0.04552801961835751, -0.2817860482068427, 0.18735049304571744], [0.540107480599975, -0.23748864054178961, -0.15172230504887724], [0.2503434762696577, -0.0452328495907631, 0.0848327051789188]]	[[0.07194788577793029, -0.07194788577793029, 0.4653849593449093], [0.20555174077007843, -0.25122204172367435, 0.0], [0.1533503022382364, 0.2562885368662036, -0.10174967585121933]]	0.9722045779603432	[[1.7906895756238865e-16, -0.8968090000000001, 0.0], [1.0, 1.7938038903913487e-16, 0.0], [0.0, 0.0, 0.8968090000000001]]
2	[[0.034229894132735264, 0.2773841392786001, 0.9601491309293217], [-0.1827544195208179, -0.9427759796974285, 0.2788803941677556], [0.9825625356654255, -0.18501754344446375, 0.018422055382213542]]	0.7982044651202379	0.2017955348797621	[[0.02732245433734232, 0.22140925852571258, 0.7663953234891006], [-0.145875393681974, -0.7525279966025943, 0.2226035758591945], [0.7842858032280057, -0.1476818293029486, 0.014704566862775159]]	0.8888451892590642	0.16431778960512905	[[0.0, 0.22230235720513272, 0.8243084520310416], [-0.1833745573685606, -0.821367893534932, 0.24788149673468116], [0.8482708738679592, -0.16445195341914148, 0.0]]	[[-0.030425076728728802, -0.024249200569417217, -0.029115483966757193], [-0.02093417076164883, 0.016614000568128635, 0.0], [-0.025075109104441946, 0.0, -0.01637435530274456]]	0.36141869604550486	[[0.0, 0.0, 0.9470000000000001], [0.0, -1.0, 0.0], [0.9470000000000001, 0.0, 0.0]]
2	[[-0.30792515101507295, 0.09349718223056193, 0.9468053539599837], [0.3027085282091916, -0.9338174967034747, 0.1906631317268273], [0.9019698710720718, 0.34531602882779927, 0.2592434992682147]]	0.568503827457036	0.43149617254296396	[[-0.17505662692235477, 0.05315350595452244, 0.5382624675830644], [0.17209095689081158, -0.5308788210222735, 0.10839272014164637], [0.5127733239554022, 0.19631348407086807, 0.14738092157733546]]	0.7881227763783372	0.30471511544913504	[[-0.10198869620745218, 0.13475986238865828, 0.7569856564108677], [0.3034664319467211, -0.8120578909223538, 0.15026595672953577], [0.7000762068408812, 0.2721514273677071, 0.10198869620745218]]	[[0.1406941287272658, 0.06107260354555647, 0.010786792158051006], [0.06489494626109284, -0.0760950527897427, 0.0], [-0.010786792158051006, 0.0, -0.10232701019384861]]	0.47597243246568893	[[0.0, 0.0, 0.9470000000000001], [0.0, -1.0, 0.0], [0.9470000000000001, 0.0, 0.0]]
2	[[0.8592155572171323, 0.2624339665249735, -0.4391776855101157], [-0.4266000482917053, 0.8413623931712975, -0.33184593135155627], [0.2824199444684594, 0.4724804086637203, 0.8348660002631537]]	0.17034936982813773	0.8296506301718624	[[0.14636682871847073, 0.044705460819027834, -0.07481364196922832], [-0.07267104939514514, 0.14332555347382445, -0.05652974528576908], [0.04811005956709974, 0.08048673987200575, 0.14221889703576612]]	0.0	0.6884879647945575	[[0.66963012178366, 0.6696301217836601, 0.0], [-0.7071067811865471, 0.7071067811865472, 0.0], [0.0, 0.0, 0.9469999999999994]]	[[0.6696301217836601, 0.6696301217836602, 0.0], [-0.7071067811865471, 0.707106781186547, 0.0], [0.0, 0.0, 0.9469999999999994]]	0.6884879647945575	[[0.6696301217836605, 0.6696301217836604, 0.0], [-0.7071067811865475, 0.7071067811865476, 0.0], [0.0, 0.0, 0.9470000000000001]]
2	[[0.8489524140446696, -0.5135124485683378, 0.12483895166604869], [0.522794976890395, 0.7815435453534784, -0.34040431673891397], [0.0772347773085365, 0.35425224329800037, 0.9319550081910795]]	0.2138023034830267	0.7861976965169732	[[0.18150798167022658, -0.10979014437111985, 0.026690855430607452], [0.11177477030852215, 0.167095810268865, -0.07277922703434561], [0.01651297329756371, 0.07573994563114209, 0.19925412749379579]]	0.0	0.44455357819726143	[[0.6696301217836605, -0.6696301217836603, 0.0], [0.7071067811865474, 0.7071067811865476, 0.0], [0.0, 0.0, 0.9469999999999996]]	[[0.6696301217836604, -0.6696301217836603, 0.0], [0.7071067811865474, 0.7071067811865475, 0.0], [0.0, 0.0, 0.9469999999999998]]	0.4445535781972615	[[0.6696301217836605, -0.6696301217836604, 0.0], [0.7071067811865475, 0.7071067811865476, 0.0], [0.0, 0.0, 0.9470000000000001]]
2	[[0.22433838825039393, -0.7661379269479729, -0.6022499185961573], [-0.9416906372873723, -0.011392912655017143, -0.3362869982418849], [0.2507808429735371, 0.642575192824231, -0.724020780340167]]	0.14314900734041042	0.8568509926595896	[[0.03211381758639147, -0.10967188372844221, -0.0862114780178829], [-0.13480207994944576, -0.0016308841372817268, -0.048139149979812175], [0.035899028731653154, 0.09198400099436149, -0.10364285599952427]]	0.40812394110285904	0.8466524383495729	[[0.16383918355235946, -0.3130850874100696, 0.1100987746049431], [-0.4706400214539935, -0.2870412299317739, -0.1372467750641283], [0.2833195968481696, 0.03987508204412953, -0.3250242586357318]]	[[0.07228131639894537, -0.0004058572356885337, 0.35589138491128286], [-0.08631352726460816, -0.2823915095183676, 0.0], [0.1809699308607124, -0.22237523810622523, -0.029534044322935438]]	0.9588973009163235	[[0.6341397253291265, -0.6341397253291265, 0.0], [-0.7071067811865475, -0.7071067811865476, 0.0], [0.0, 0.0, -0.8968090000000001]]
2	[[0.5319609947059123, -0.8460851799387872, 0.03402011756955908], [-0.703274286200726, -0.4190807785627857, 0.5742617690636116], [-0.47161719485230363, -0.3294103357928521, -0.8179645788128509]]	0.15246681426477687	0.8475331857352235	[[0.08110639817593229, -0.1289999119819074, 0.005186938946743838], [-0.10722598997135963, -0.06389591122707025, 0.08755586248318387], [-0.07190597125162124, -0.05022414448422657, -0.12471245351302539]]	0.4628451396392245	0.8147041884765156	[[0.21719259643296537, -0.5190093917544144, 0.22904973436174492], [-0.3833954053008559, -0.3994544195004837, 0.0011184304164511417], [0.141457185915673, -0.15246597286864647, -0.3386978687334734]]	[[-0.02902296444431333, -0.12740297849896823, 0.21330368829471952], [-0.057888320099604894, -0.20548491802647628, -0.26467583827526425], [0.35974291232334676, 0.0, 0.03989306096709986]]	0.6801474525851162	[[0.6341397253291265, -0.6341397253291265, 0.0], [-0.7071067811865475, -0.7071067811865476, 0.0], [0.0, 0.0, -0.8968090000000001]]
2	[[0.3802729664721569, 0.7767473726770865, -0.5020517802076895], [0.4287143634067757, 0.332951791095048, 0.839849450446521], [0.8195098935212374, -0.5346088512602871, -0.20639019011321075]]	0.1256315212481173	0.874368478751883	[[0.04777427126743139, 0.09758395405490068, -0.06307352889281743], [0.053860037655711415, 0.041829240017556224, 0.10551156407899175], [0.10295627460095567, -0.06716372325653837, -0.025929113554610805]]	0.4145250578761328	0.8926633664198316	[[0.21830511490325016, 0.3435892327561224, 0.123337548227448], [0.24529404639757532, -0.1968701410336075, 0.3280134309358347], [0.5868405427525163, 0.0, -0.07102880002061815]]	[[0.060672441467650655, 0.021607983142018977, 0.3314505914748559], [0.06758120009405222, -0.3348870015072444, -0.020125211117747774], [0.24713315671056194, 0.22160876500976343, 0.01452510548112658]]	1.0000000000000007	[[0.0, 0.0, 0.0], [0.0, 0.0, 0.0], [0.0, 0.0, 0.0]]
2	[[-0.8305561570912853, 0.32773595720904825, 0.4502950280316503], [-0.5100865793185324, -0.772219296347621, -0.37879947194723407], [0.22358030216652452, -0.5443036842615101, 0.808545204538665]]	0.18872209366935216	0.8112779063306477	[[-0.15674429687623873, 0.06185101601522079, 0.08498062045903264], [-0.09626460720163149, -0.14573484237859705, -0.07148782942672703], [0.04219454272809291, -0.1027221308857742, 0.15259034382685147]]	0.5258033689643157	0.6534350081203648	[[-0.3875326135863689, 0.15433050968346307, 0.4100654915832307], [-0.3527103358315839, -0.6021583940873788, -0.06027389901241321], [0.32818216359334473, -0.2517380160648503, 0.27047188328964433]]	[[0.04917661192628429, -0.017994160747799325, 0.173298848816308], [-0.08450509396241587, -0.19612288648854656, 0.13890013949934626], [0.21062288748012647, 0.034458694859540874, -0.15466390921672735]]	0.6816826617467328	[[-0.6341397253291265, 0.6341397253291265, 0.0], [-0.7071067811865475, -0.7071067811865476, 0.0], [0.0, 0.0, 0.8968090000000001]]
2	[[0.04673222253661188, -0.9725397674033924, -0.22799671093185395], [-0.8377629715199755, -0.16246744520517667, 0.5213036857710898], [-0.5440306084466285, 0.16664552219444034, -0.8223502702654952]]	0.17816702249363678	0.821832977506363	[[0.00832614094385815, -0.1732745146149165, -0.04062149512507083], [-0.14926173419113545, -0.028946340964354438, 0.09287912550879351], [-0.09692831365233742, 0.0296907365012807, -0.14651569910004078]]	0.46814530350280187	0.8800900395979445	[[-0.06118908474737931, -0.5697363165808041, 0.10406588662953134], [-0.3038775614705895, -0.19327028750705666, 0.0], [0.07358569412593208, 0.07358569412593208, -0.5024532658734161]]	[[-0.08306655525014195, -0.11444639200119863, 0.21080147606636468], [0.08831723909503866, -0.11721191606215434, -0.24404587219243606], [0.328271068431993, -0.0044286244391670915, -0.11747384901436478]]	0.8820998253528837	[[0.6341397253291265, -0.6341397253291265, 0.0], [-0.7071067811865475, -0.7071067811865476, 0.0], [0.0, 0.0, -0.8968090000000001]]
2	[[0.08740825448676931, -0.06334395238859675, -0.994156597696443], [0.7119981850616444, -0.6940087028176986, 0.10681996481098455], [-0.6967197295301035, -0.717174639895393, -0.015561310176609944]]	0.15691249991540568	0.8430875000845943	[[0.013715447724760944, -0.00993945792381715, -0.1559955970519431], [0.11172141515325426, -0.10889864052217296, 0.016761387719367256], [-0.10932403450095386, -0.11253366562191695, -0.0024417640817709016]]	0.45082917118030963	1.025433054778037	[[0.06148147958046756, -0.01517311858752736, -0.00021572804087265432], [0.6350888299896551, -0.6366697912098302, 0.0384664116110701], [0.008812997609717578, -0.012699752213911383, 0.024203680041045353]]	[[0.02207528865587977, 0.01338418296710871, 0.44797906692205125], [0.3140992783364295, -0.3237904229266054, -0.009691144590175893], [0.3229145758187436, 0.31062349628166563, 0.031219172610446103]]	0.8168165152585078	[[0.0, 0.0, -0.8968090000000001], [0.0, -1.0, 0.0], [-0.8968090000000001, 0.0, 0.0]]
