2	[[0.08740825448676931, -0.06334395238859675, -0.994156597696443], [0.7119981850616444, -0.6940087028176986, 0.10681996481098455], [-0.6967197295301035, -0.717174639895393, -0.015561310176609944]]	0.17265816941859438	0.8273418305814058	[[0.015091749211760219, -0.0109368508631537, -0.17164925827368582], [0.12293230326210514, -0.11982627218907708, 0.01844333958162326], [-0.12029435309848598, -0.12382606047777818, -0.002686787328848434]]	0.47387628806622756	1.029660732587237	[[0.06630701764242095, -0.016197451855775348, 0.0010704757763347547], [0.6346931940933248, -0.6373374976235591, 0.03945035581576596], [0.01154635329241817, -0.013797241734702023, 0.02782043317956255]]	[[0.02488631845988246, 0.013819745173576689, 0.47217771404927517], [0.2972941370464217, -0.30846322964665024, -0.011169092600228444], [0.3417053125446497, 0.32605481451416024, 0.03519456908350168]]	0.7870616931715987	[[0.0, 0.0, -0.9908211600000001], [0.0, -1.0, 0.0], [-0.9908211600000001, 0.0, 0.0]]
2	[[0.8787972042104137, -0.3840163418041313, 0.28327887866788265], [-0.395223040501579, -0.9183905790867732, -0.018907472103605397], [0.2674214316928388, -0.09534250611366366, -0.9588511794847616]]	0.660219321461213	0.33978067853878724	[[0.5801988938658105, -0.25353500861594075, 0.1870261890584028], [-0.26093388762579, -0.6063392049610399, -0.01248307840278917], [0.1765567961764321, -0.06294696469277457, -0.6330520751017129]]	0.8520178035295004	0.27577108795656885	[[0.6306122837018007, -0.2760204642778325, 0.24812148262887762], [-0.34445402903682754, -0.8506496949945, -0.016109502852009176], [0.22108498620767847, -0.08123351264196167, -0.7383321772638896]]	[[-0.11813857997742191, 0.051168295785557275, 0.006762834639968358], [-0.007716962164421437, -0.06816457101880141, 0.0], [-0.006762834639968358, 0.0, 0.07862609859238788]]	0.46992525198972807	[[0.7006163611791213, -0.7006163611791212, 0.0], [-0.7071067811865475, -0.7071067811865476, 0.0], [0.0, 0.0, -0.9908211600000001]]
2	[[-0.3195682178843842, -0.5708200961323295, -0.7563336379995778], [0.910087742671785, 0.03735879733279218, -0.41272826520656647], [0.2638493031197415, -0.8202248094963509, 0.507557688474819]]	0.1248787139374767	0.8751212860625233	[[-0.039907268064693247, -0.07128327949467213, -0.09444997202104033], [0.11365058687511377, 0.0046653185651699715, -0.05154097496464182], [0.032949161646892766, -0.10242861934951612, 0.06338315138581382]]	0.38630831136325855	1.088171155200566	[[-0.20700207955927333, -0.3040627683720841, 0.19772288469772153], [0.5466351696435149, -0.08129942001652378, -0.1594403591838358], [0.2803301300992657, -0.04003916062491312, 0.07791589795729958]]	[[-0.08355022094299108, -0.08355022094299107, 0.48990085522056853], [0.1950607105795778, -0.09573143392871702, 0.0], [0.1784029513567058, 0.2768205004698726, -0.11815785559684659]]	0.9999999999999999	[[0.0, 0.0, 0.0], [0.0, 0.0, 0.0], [0.0, 0.0, 0.0]]
2	[[-0.8305561570912853, 0.32773595720904825, 0.4502950280316503], [-0.5100865793185324, -0.772219296347621, -0.37879947194723407], [0.22358030216652452, -0.5443036842615101, 0.808545204538665]]	0.20061606449442831	0.7993839355055715	[[-0.16662290757726983, 0.06574909792859365, 0.09033641638511801], [-0.10233156209430898, -0.15491959615991643, -0.0759932592946217], [0.04485380031912327, -0.10919606302636206, 0.16220715690038956]]	0.5487981983070906	0.6262959603833049	[[-0.42481683341319176, 0.1791963079168702, 0.43777061873642115], [-0.34875967685700915, -0.595822572480922, -0.06680312212725653], [0.356353933452957, -0.26274721277255114, 0.29654337821102833]]	[[0.03099088919136642, -0.000664594919905219, 0.19064951864601065], [-0.06882508114637172, -0.1720300139473783, 0.14108134559706278], [0.23365346644701343, 0.03596566848207708, -0.14718477328962898]]	0.6818043307460173	[[-0.7006163611791213, 0.7006163611791212, 0.0], [-0.7071067811865475, -0.7071067811865476, 0.0], [0.0, 0.0, 0.9908211600000001]]
2	[[0.8489524140446696, -0.5135124485683378, 0.12483895166604869], [0.522794976890395, 0.7815435453534784, -0.34040431673891397], [0.0772347773085365, 0.35425224329800037, 0.9319550081910795]]	0.2232645149928619	0.7767354850071381	[[0.1895409489737024, -0.11464910777240686, 0.027872107995937673], [0.11672156695613846, 0.17449094059914608, -0.07600020467819016], [0.01724378509637209, 0.07909195528506137, 0.20807248289895008]]	0.0	0.4284094722035597	[[0.7038540899930894, -0.7038540899930893, 0.0], [0.7071067811865474, 0.7071067811865475, 0.0], [0.0, 0.0, 0.9954]]	[[0.7038540899930894, -0.7038540899930893, 0.0], [0.7071067811865474, 0.7071067811865475, 0.0], [0.0, 0.0, 0.9954]]	0.42840947220355985	[[0.7038540899930895, -0.7038540899930894, 0.0], [0.7071067811865475, 0.7071067811865476, 0.0], [0.0, 0.0, 0.9954000000000001]]
2	[[0.22433838825039393, -0.7661379269479729, -0.6022499185961573], [-0.9416906372873723, -0.011392912655017143, -0.3362869982418849], [0.2507808429735371, 0.642575192824231, -0.724020780340167]]	0.15308669367077118	0.8469133063292289	[[0.03434322212068258, -0.11728552213224401, -0.09219644880137683], [-0.1441603061230453, -0.0017441033296364677, -0.0514810646853186], [0.038391210086787655, 0.09836971170431978, -0.1108379474112079]]	0.4288588991214177	0.849572678423731	[[0.17105680606941912, -0.33278489843576203, 0.12270127340133709], [-0.49119200601187596, -0.2817967390787794, -0.14421967185486087], [0.3070713716753898, 0.03512175576568623, -0.337285687680717]]	[[0.07484729185368197, -0.004219830509689243, 0.38098151048644857], [-0.08733959599186708, -0.27691078709976225, 0.0], [0.19952177543701755, -0.24045233403164623, -0.026782932883003097]]	0.9501299035357359	[[0.7006163611791213, -0.7006163611791212, 0.0], [-0.7071067811865475, -0.7071067811865476, 0.0], [0.0, 0.0, -0.9908211600000001]]
2	[[0.5319609947059123, -0.8460851799387872, 0.03402011756955908], [-0.703274286200726, -0.4190807785627857, 0.5742617690636116], [-0.47161719485230363, -0.3294103357928521, -0.8179645788128509]]	0.16133647017669003	0.8386635298233102	[[0.08582470915753278, -0.13650439640013357, 0.0054886856836686565], [-0.11346379090165643, -0.06761301353221894, 0.09264936677814463], [-0.07608905349210288, -0.05314590081653693, -0.13196751787522842]]	0.4804650911563627	0.8086001901909128	[[0.28881170230008896, -0.5661235166103757, 0.24127410777057545], [-0.37152160664594647, -0.46189681151874157, 0.014140572216978118], [0.17464888662542166, -0.15827016701456076, -0.3734506053631891]]	[[0.0332230144870834, -0.15960912350503864, 0.22492862888136705], [-0.03362286261858875, -0.2605431270446933, -0.26177216100378414], [0.4012444851410418, 0.0, 0.01955282055880299]]	0.6465263903208315	[[0.7006163611791213, -0.7006163611791212, 0.0], [-0.7071067811865475, -0.7071067811865476, 0.0], [0.0, 0.0, -0.9908211600000001]]
2	[[-0.5446221603179724, 0.8109226453022452, -0.2139887049042392], [-0.8354447797583356, -0.5021691245819775, 0.22328947644507607], [0.07361197229480154, 0.30038414347728, 0.9509735242804028]]	0.25568392043480986	0.7443160795651901	[[-0.1392511291057747, 0.20733988112024487, -0.0547134709986835], [-0.21360979659540758, -0.12839657049443648, 0.05709152872931319], [0.018821397667273462, 0.07680339544072337, 0.24314863891772126]]	0.6139133428508132	0.585306529428958	[[-0.25918502627261764, 0.5528014874276501, 0.14493754218842528], [-0.6166883944167363, -0.5185658566427528, 0.13708038890780458], [0.19852708219555165, 0.006445555664341993, 0.5060827255273999]]	[[0.07516578475882031, 0.05496525545672424, 0.276308063348503], [-0.10379769690803517, -0.2102775306941645, 0.0], [0.1533357102102086, -0.17796427799717326, -0.0777326097262012]]	0.38277268113719154	[[-0.7006163611791213, 0.7006163611791212, 0.0], [-0.7071067811865475, -0.7071067811865476, 0.0], [0.0, 0.0, 0.9908211600000001]]
2	[[-0.30792515101507295, 0.09349718223056193, 0.9468053539599837], [0.3027085282091916, -0.9338174967034747, 0.1906631317268273], [0.9019698710720718, 0.34531602882779927, 0.2592434992682147]]	0.641865945310748	0.358134054689252	[[-0.19764666814124465, 0.060012657256310914, 0.6077221135448023], [0.19429829561261808, -0.5993856502692924, 0.12238017128174768], [0.5789437439374889, 0.22164659927450892, 0.16639957372345887]]	0.8262416581623613	0.25924598844333685	[[-0.13733026907498633, 0.15608784436068104, 0.7905312680091816], [0.2879576050320954, -0.8154714089574602, 0.1575338221084025], [0.7370038394907965, 0.28531448824872263, 0.13733026907498633]]	[[0.11709031828960306, 0.07883657748099311, 0.00824124239628335], [0.037847208744645, -0.043912492060155815, 0.0], [-0.00824124239628335, 0.0, -0.07686750962819633]]	0.46694087392182354	[[0.0, 0.0, 0.9954000000000001], [0.0, -1.0, 0.0], [0.9954000000000001, 0.0, 0.0]]
2	[[0.3802729664721569, 0.7767473726770865, -0.5020517802076895], [0.4287143634067757, 0.332951791095048, 0.839849450446521], [0.8195098935212374, -0.5346088512602871, -0.20639019011321075]]	0.13009616181318967	0.8699038381868112	[[0.04947205337934337, 0.1010518518837682, -0.06531500963649953], [0.05577409319340651, 0.04331575009029272, 0.10926119000400901], [0.1066150917150488, -0.06955055962032178, -0.02685057156962327]]	0.433489056160649	0.9404363031479085	[[0.1397821461714083, 0.3257860492394709, 0.14609337957331614], [0.2893680205155768, -0.25625277233640675, 0.3277447030229031], [0.6378896097149686, 0.0, -0.05402483567655836]]	[[-0.025062023148017115, -0.01092543621758324, 0.36372733191932094], [0.1035250357598601, -0.40058373000519654, -0.036320842568199035], [0.2826410394581334, 0.23174708634795066, 0.03544305303643426]]	1.0000000000000007	[[0.0, 0.0, 0.0], [0.0, 0.0, 0.0], [0.0, 0.0, 0.0]]
2	[[0.034229894132735264, 0.2773841392786001, 0.9601491309293217], [-0.1827544195208179, -0.9427759796974285, 0.2788803941677556], [0.9825625356654255, -0.18501754344446375, 0.018422055382213542]]	0.8290689956865954	0.17093100431340474	[[0.02837894395108531, 0.22997058977109966, 0.79602987568893], [-0.15151602304941125, -0.7816263346451934, 0.231211088309343], [0.8146121346434091, -0.15339230892790262, 0.015273154954214618]]	0.9295121671976194	0.12512348977863033	[[0.0008989999566598019, 0.2568433557044825, 0.8853104728264568], [-0.17356922189332655, -0.8207317081593632, 0.2592227195717969], [0.9204636586301259, -0.1719760577766432, -0.0008989999566598019]]	[[-0.03091810312160403, -0.0009885767426154012, -0.007159826696567853], [-0.0036967653395881548, 0.055590035911052674, 0.0], [0.007159826696567853, 0.0, -0.01802252457921568]]	0.3403137032682273	[[0.0, 0.0, 0.9954000000000001], [0.0, -1.0, 0.0], [0.9954000000000001, 0.0, 0.0]]
2	[[0.8592155572171323, 0.2624339665249735, -0.4391776855101157], [-0.4266000482917053, 0.8413623931712975, -0.33184593135155627], [0.2824199444684594, 0.4724804086637203, 0.8348660002631537]]	0.18017073424980987	0.8198292657501901	[[0.15480549782267022, 0.0472829204408945, -0.07912696606448963], [-0.07686084393172089, 0.15158888014784994, -0.05978892510942189], [0.05088380876167284, 0.08512714214759272, 0.1504184202676144]]	0.0	0.6892824003789775	[[0.7038540899930895, 0.7038540899930894, 0.0], [-0.7071067811865475, 0.7071067811865476, 0.0], [0.0, 0.0, 0.9954000000000001]]	[[0.7038540899930895, 0.7038540899930894, 0.0], [-0.7071067811865475, 0.7071067811865476, 0.0], [0.0, 0.0, 0.9954000000000001]]	0.6892824003789775	[[0.7038540899930895, 0.7038540899930894, 0.0], [-0.7071067811865475, 0.7071067811865476, 0.0], [0.0, 0.0, 0.9954000000000001]]
2	[[0.04673222253661188, -0.9725397674033924, -0.22799671093185395], [-0.8377629715199755, -0.16246744520517667, 0.5213036857710898], [-0.5440306084466285, 0.16664552219444034, -0.8223502702654952]]	0.1860720018548703	0.8139279981451296	[[0.008695558198514648, -0.1809624214042192, -0.04242380441941627], [-0.1558842331906065, -0.030230642765573676, 0.09700002038574894], [-0.10122886438398732, 0.03100806591486973, -0.1530163610141943]]	0.4870388805961195	0.9026775909121093	[[-0.0812434394741368, -0.6105814818030186, 0.12210886113898958], [-0.30304811344030447, -0.2061328342427351, 0.007395138702856233], [0.09152515892275605, 0.081162848585936, -0.5476002086369471]]	[[-0.10400384882613693, -0.13691680215165994, 0.23315212401083674], [0.10497502641366299, -0.12700487159669452, -0.24650002486572653], [0.3564892174706278, 0.0, -0.14708365354892397]]	0.867009731744825	[[0.7006163611791213, -0.7006163611791212, 0.0], [-0.7071067811865475, -0.7071067811865476, 0.0], [0.0, 0.0, -0.9908211600000001]]
2	[[-0.42203838922340475, -0.825029846081567, 0.3757783270710803], [0.2588054115689476, 0.28760896992378115, 0.9221175843470338], [-0.8688517462515349, 0.4864224845687207, 0.09214016247897017]]	0.11180356518369705	0.8881964348163028	[[-0.047185396559561436, -0.09224127817487604, 0.04201335668531214], [0.02893536770224238, 0.03215570821628946, 0.10309603344857686], [-0.09714072284700245, 0.054383767960294836, 0.01030159866175396]]	0.35862245121695696	1.155951025260375	[[-0.24009724631928966, -0.49480089419276074, 0.3192765761809271], [0.1823803562285899, 0.006486613222572837, 0.04035564368793101], [0.19839659754620026, 0.17444202374307702, -0.09246057542837513]]	[[-0.08874480466833612, -0.19892666846384044, 0.18451403141248893], [0.08956692514352045, -0.09665642056347766, -0.29033642472086135], [0.5099863405310592, 0.0, -0.1255041063521121]]	1.0000000000000002	[[0.0, 0.0, 0.0], [0.0, 0.0, 0.0], [0.0, 0.0, 0.0]]
