2	[[-0.3195682178843842, -0.5708200961323295, -0.7563336379995778], [0.910087742671785, 0.03735879733279218, -0.41272826520656647], [0.2638493031197415, -0.8202248094963509, 0.507557688474819]]	0.11056227428088461	0.8894377257191153	[[-0.035332188957186796, -0.06311116803362354, -0.08362196713236858], [0.10062137062494905, 0.004130473597512136, -0.04563217566124208], [0.029171779020345096, -0.09068592035952187, 0.05611673236652471]]	0.3512799569598882	1.0640068789286423	[[-0.1752571947880712, -0.2635169437651006, 0.17841899619932472], [0.5344077283978731, -0.07331249484484723, -0.14498316723789198], [0.22672795251373926, -0.04865227995478429, 0.0892003997463448]]	[[-0.06299928496389656, -0.06299928496389655, 0.4441038440031321], [0.2147121453224066, -0.08643589156398368, 0.0], [0.13404298066994, 0.23947625582252635, -0.08909444321574993]]	0.9537877935737344	[[1.641163225225967e-16, -0.8219235600000001, 0.0], [1.0, 1.7938038903913487e-16, 0.0], [0.0, 0.0, 0.8219235600000001]]
2	[[-0.5446221603179724, 0.8109226453022452, -0.2139887049042392], [-0.8354447797583356, -0.5021691245819775, 0.22328947644507607], [0.07361197229480154, 0.30038414347728, 0.9509735242804028]]	0.2277991650300218	0.7722008349699783	[[-0.1240644733772808, 0.18472750150378797, -0.04874644830304145], [-0.19031362325763934, -0.11439370728363144, 0.05086515629417906], [0.016768745824968873, 0.06842725707238265, 0.21663097479673282]]	0.5824421646448699	0.5805101310094706	[[-0.3223818813208794, 0.513354230967342, 0.13107397919381933], [-0.6033892022638568, -0.41341595208434245, 0.13005320600308978], [0.16826862617692256, 0.017097972873185627, 0.4958496059115637]]	[[-0.0051709713517142635, 0.04103869007795832, 0.2557100236877967], [-0.11679093630015525, -0.12093148014499613, 0.0], [0.12539390968976016, -0.1578584178787165, -0.05803747209027485]]	0.44676915209588364	[[-0.5811877228929883, 0.5811877228929881, 0.0], [-0.7071067811865475, -0.7071067811865476, 0.0], [0.0, 0.0, 0.8219235600000001]]
2	[[0.3802729664721569, 0.7767473726770865, -0.5020517802076895], [0.4287143634067757, 0.332951791095048, 0.839849450446521], [0.8195098935212374, -0.5346088512602871, -0.20639019011321075]]	0.12135144503939789	0.8786485549606025	[[0.046146673990814756, 0.0942594161049202, -0.06092470901280529], [0.052025107508557794, 0.040404180977839835, 0.10191694442722952], [0.09944870980288532, -0.06487555663128838, -0.025045747812194166]]	0.3978138121354504	0.9539246839144492	[[0.13619691740202655, 0.3035776170445809, 0.10585554202337619], [0.2680970556568697, -0.2742640649032725, 0.3282502363880924], [0.5454910756905273, 0.0, -0.08297051867998011]]	[[-0.01508092104231857, -0.0054232163462862, 0.3055786745971864], [0.09754856043279747, -0.4067168861761198, -0.00585347511390119], [0.21947872086612694, 0.21267478512120888, -0.0008656503636833984]]	1.0000000000000007	[[0.0, 0.0, 0.0], [0.0, 0.0, 0.0], [0.0, 0.0, 0.0]]
2	[[-0.30792515101507295, 0.09349718223056193, 0.9468053539599837], [0.3027085282091916, -0.9338174967034747, 0.1906631317268273], [0.9019698710720718, 0.34531602882779927, 0.2592434992682147]]	0.5138037021940829	0.4861962978059174	[[-0.15821308259021655, 0.04803919837477754, 0.4864720961218186], [0.15553276247960462, -0.4797988869798561, 0.09796342295316196], [0.46343545902435007, 0.1774246540386819, 0.13320026969375776]]	0.755345345440675	0.3443242191903874	[[-0.0745842862862687, 0.11837056185577967, 0.7277367874873574], [0.3173444195724674, -0.8088980461960599, 0.14401650909700126], [0.668726973506642, 0.26083285508113613, 0.0745842862862687]]	[[0.15800554327708355, 0.04774790044610615, 0.012571770335373086], [0.08869494176445729, -0.10354334657002746, 0.0], [-0.012571770335373086, 0.0, -0.12123408422173032]]	0.4860592357531723	[[0.0, 0.0, 0.9066000000000001], [0.0, -1.0, 0.0], [0.9066000000000001, 0.0, 0.0]]
2	[[0.8787972042104137, -0.3840163418041313, 0.28327887866788265], [-0.395223040501579, -0.9183905790867732, -0.018907472103605397], [0.2674214316928388, -0.09534250611366366, -0.9588511794847616]]	0.5322129189657336	0.4677870810342666	[[0.4677072252317502, -0.20437845820211958, 0.15076467889717377], [-0.21034280802785776, -0.48877933084640185, -0.010062800918523008], [0.14232514075524128, -0.050742513480261243, -0.5103129850873216]]	0.7831597716436594	0.3798282612381694	[[0.5382822818452017, -0.23072943729782394, 0.22858686697897224], [-0.3514154813242083, -0.8411211621750017, -0.014807571535018464], [0.20269946232722272, -0.07466841531591102, -0.622299007865992]]	[[-0.14995633592531207, 0.07001671325693294, 0.006734245049961324], [-0.041892695176678964, -0.12187460597771646, 0.0], [-0.006734245049961324, 0.0, 0.12863466289954734]]	0.515474393785892	[[0.9066000000000001, 0.0, 0.0], [0.0, -1.0, 0.0], [0.0, 0.0, -0.9066000000000001]]
2	[[0.5319609947059123, -0.8460851799387872, 0.03402011756955908], [-0.703274286200726, -0.4190807785627857, 0.5742617690636116], [-0.47161719485230363, -0.3294103357928521, -0.8179645788128509]]	0.1453536462681288	0.8546463537318716	[[0.07732247025292509, -0.12298156595752856, 0.00494494813520583], [-0.10222348182589111, -0.06091491924498717, 0.08347104204578207], [-0.06855127891452892, -0.04788099342589974, -0.11889413404862208]]	0.4451614106940251	0.8304893960954565	[[0.21117872080082797, -0.47038332195486005, 0.21771196267418602], [-0.38182430618540586, -0.3974937087734229, 0.0], [0.1155307233918271, -0.13803364013018224, -0.3096250282752107]]	[[-0.025629786036652728, -0.09373884968600159, 0.20256751914494453], [-0.06875373283545722, -0.21093511819366287, -0.2556391792240038], [0.32547649915983756, 0.008607129648556292, 0.05450123752686204]]	0.7093111859203267	[[0.5811877228929883, -0.5811877228929881, 0.0], [-0.7071067811865475, -0.7071067811865476, 0.0], [0.0, 0.0, -0.8219235600000001]]
2	[[0.08740825448676931, -0.06334395238859675, -0.994156597696443], [0.7119981850616444, -0.6940087028176986, 0.10681996481098455], [-0.6967197295301035, -0.717174639895393, -0.015561310176609944]]	0.14427862866544086	0.8557213713345591	[[0.012611143091390938, -0.009139178584875719, -0.1434355505943432], [0.10272612175297685, -0.10013062392441902, 0.015411838037019497], [-0.10052176714076018, -0.10347297355773867, -0.0022451644925188426]]	0.43071426194673573	1.0221969375380102	[[0.05752019316523809, -0.014316102019704437, -0.001145296851755944], [0.6354341304532065, -0.6360870348514837, 0.03760765133895763], [0.006767024107073097, -0.011808582103100878, 0.021401072572097432]]	[[0.019872211345916865, 0.012967041682139205, 0.4270521283845453], [0.32876635766696527, -0.3371675886327472, -0.008401230965781853], [0.30685414819536094, 0.2970887636063593, 0.028103550799740126]]	0.8423946148553189	[[0.0, 0.0, -0.8219235600000001], [0.0, -1.0, 0.0], [-0.8219235600000001, 0.0, 0.0]]
2	[[0.8489524140446696, -0.5135124485683378, 0.12483895166604869], [0.522794976890395, 0.7815435453534784, -0.34040431673891397], [0.0772347773085365, 0.35425224329800037, 0.9319550081910795]]	0.20518096184498374	0.7948190381550161	[[0.17418887287430623, -0.10536297811662429, 0.025614576178559334], [0.10726757620609728, 0.1603578563593654, -0.06984448512467487], [0.015847105896048652, 0.07268581601562692, 0.19121942497689534]]	0.0	0.4597539373958129	[[0.6410630078237243, -0.641063007823724, 0.0], [0.7071067811865476, 0.7071067811865478, 0.0], [0.0, 0.0, 0.9066000000000002]]	[[0.6410630078237242, -0.641063007823724, 0.0], [0.7071067811865476, 0.7071067811865477, 0.0], [0.0, 0.0, 0.9066000000000003]]	0.45975393739581283	[[0.641063007823724, -0.6410630078237239, 0.0], [0.7071067811865475, 0.7071067811865476, 0.0], [0.0, 0.0, 0.9066000000000001]]
2	[[-0.8305561570912853, 0.32773595720904825, 0.4502950280316503], [-0.5100865793185324, -0.772219296347621, -0.37879947194723407], [0.22358030216652452, -0.5443036842615101, 0.808545204538665]]	0.1786537321814117	0.8213462678185881	[[-0.14838195725060896, 0.0585512519254439, 0.08044688734058773], [-0.09112887113090554, -0.13795985935500613, -0.06767393941172133], [0.03994345542429738, -0.0972418846334115, 0.1444496184282154]]	0.5055848267622514	0.6762573465379461	[[-0.35829683465891365, 0.13526598184535937, 0.38712652705776923], [-0.35608794682696265, -0.6071873788131961, -0.05451211960688278], [0.30542156712414054, -0.24205801779535163, 0.2498122116877889]]	[[0.06161975614040507, -0.030432345303937902, 0.15946419331848424], [-0.09819591198845307, -0.21676501964681658, 0.13700314579519185], [0.1923827587858264, 0.03313366611805911, -0.15897597547834108]]	0.6891967352721622	[[-0.5811877228929883, 0.5811877228929881, 0.0], [-0.7071067811865475, -0.7071067811865476, 0.0], [0.0, 0.0, 0.8219235600000001]]
2	[[0.22433838825039393, -0.7661379269479729, -0.6022499185961573], [-0.9416906372873723, -0.011392912655017143, -0.3362869982418849], [0.2507808429735371, 0.642575192824231, -0.724020780340167]]	0.13461540438164693	0.8653845956183531	[[0.030199402852653698, -0.10313396684821803, -0.0810721163306357], [-0.12676606594085044, -0.0015336615441399054, -0.04526941025662153], [0.03375896458805297, 0.08650051942764861, -0.09746435012620715]]	0.39001682546076283	0.8699770416515642	[[0.01761989128255775, -0.2964466033282056, 0.10013678360161539], [-0.45269269015334285, -0.12159100423210625, -0.13115758749802908], [0.2639709562038422, 0.043016852755042995, -0.3136838918333712]]	[[-0.06987585473184497, 0.0023600788051325594, 0.3350243849864915], [-0.08541749723239925, -0.11714757660564469, 0.0], [0.1661622079409292, -0.20759828407010114, -0.031303605517474964]]	0.9695351124630868	[[0.5811877228929883, -0.5811877228929881, 0.0], [-0.7071067811865475, -0.7071067811865476, 0.0], [0.0, 0.0, -0.8219235600000001]]
2	[[0.04673222253661188, -0.9725397674033924, -0.22799671093185395], [-0.8377629715199755, -0.16246744520517667, 0.5213036857710898], [-0.5440306084466285, 0.16664552219444034, -0.8223502702654952]]	0.17115597117109535	0.8288440288289044	[[0.007998498933237536, -0.16645598839243886, -0.03902299848335698], [-0.14338813500168415, -0.027807273367778725, 0.08922423861322239], [-0.09311408713548464, 0.02852237619250377, -0.1407501591501036]]	0.45057628750005196	0.858189745118528	[[-0.045982273799368374, -0.5314296505335862, 0.08772265879106653], [-0.30993583209372727, -0.17874012525028837, 0.0], [0.06202928689487685, 0.062029286894876835, -0.4653385778089187]]	[[-0.06703870513654124, -0.09322629269080165, 0.19045257036496377], [0.06754029741875503, -0.1055361469501217, -0.23488707939483128], [0.3071565787351532, -0.013057233824001617, -0.09480704600802747]]	0.8976596683249924	[[0.5811877228929883, -0.5811877228929881, 0.0], [-0.7071067811865475, -0.7071067811865476, 0.0], [0.0, 0.0, -0.8219235600000001]]
2	[[-0.42203838922340475, -0.825029846081567, 0.3757783270710803], [0.2588054115689476, 0.28760896992378115, 0.9221175843470338], [-0.8688517462515349, 0.4864224845687207, 0.09214016247897017]]	0.10388845175316468	0.8961115482468354	[[-0.043844914836819016, -0.08571107335956576, 0.039039028601808884], [0.026886893513238544, 0.02987925059570417, 0.09579736817218158], [-0.09026366272110546, 0.050533678819772034, 0.009572298824225264]]	0.3308073926895461	1.1225693375126629	[[-0.22251838761157836, -0.42961989407210394, 0.2699732996490728], [0.18648174917128263, 0.018788040644255374, 0.013533370672209737], [0.1453572585340849, 0.1609121538657495, -0.08676468386931668]]	[[-0.08290496845768798, -0.1566939217988031, 0.14566305104144928], [0.10086700575621407, -0.0763551328103568, -0.2915099431588152], [0.43277983934531433, 0.0, -0.117245330780976]]	1.0000000000000002	[[0.0, 0.0, 0.0], [0.0, 0.0, 0.0], [0.0, 0.0, 0.0]]
2	[[0.034229894132735264, 0.2773841392786001, 0.9601491309293217], [-0.1827544195208179, -0.9427759796974285, 0.2788803941677556], [0.9825625356654255, -0.18501754344446375, 0.018422055382213542]]	0.7192580622420455	0.28074193775795464	[[0.02462012732466153, 0.19951077851420354, 0.6905950033756079], [-0.13144758965071332, -0.6780992242855183, 0.20058697190639774], [0.7067160254343448, -0.13307535977864846, 0.013250211856726556]]	0.8530816302405408	0.2254096479618217	[[0.0033657576182752214, 0.19890773529810582, 0.7688681371944578], [-0.1879363452806098, -0.8202172143197219, 0.23790774129875358], [0.7844868507510426, -0.15783506758470323, -0.004759900071425385]]	[[-0.025835136271439702, -0.037723578440551624, -0.05021744869276634], [-0.032031907142126705, -0.01595234460781638, 0.0], [-0.05371919898769832, 0.0, -0.020475417109265644]]	0.3803630314882742	[[0.0, 0.0, 0.9066000000000001], [0.0, -1.0, 0.0], [0.9066000000000001, 0.0, 0.0]]
2	[[0.8592155572171323, 0.2624339665249735, -0.4391776855101157], [-0.4266000482917053, 0.8413623931712975, -0.33184593135155627], [0.2824199444684594, 0.4724804086637203, 0.8348660002631537]]	0.16188756627427955	0.8381124337257209	[[0.1390963154628805, 0.042484796148433715, -0.0710974066692035], [-0.06906124359043429, 0.1362061101852048, -0.053721730204525094], [0.045720277477316065, 0.07648870347084671, 0.135154424947744]]	0.0	0.6899934842496919	[[0.641063007823724, 0.6410630078237239, 0.0], [-0.7071067811865475, 0.7071067811865476, 0.0], [0.0, 0.0, 0.9066000000000001]]	[[0.641063007823724, 0.6410630078237239, 0.0], [-0.7071067811865475, 0.7071067811865476, 0.0], [0.0, 0.0, 0.9066000000000001]]	0.6899934842496919	[[0.641063007823724, 0.6410630078237239, 0.0], [-0.7071067811865475, 0.7071067811865476, 0.0], [0.0, 0.0, 0.9066000000000001]]
