2	[[0.5319609947059123, -0.8460851799387872, 0.03402011756955908], [-0.703274286200726, -0.4190807785627857, 0.5742617690636116], [-0.47161719485230363, -0.3294103357928521, -0.8179645788128509]]	0.16114920995047796	0.8388507900495221	[[0.08572509402132816, -0.13634595829794352, 0.005482315068756835], [-0.11333209559973333, -0.06753453637082413, 0.09254183038936484], [-0.07600073834950932, -0.053084215362539766, -0.1318143456431664]]	0.4801142450061315	0.8077949074095319	[[0.2222687597777291, -0.5651315429104692, 0.24102379949328395], [-0.37175803615840264, -0.39492721165529604, 0.013881277047293], [0.17393324764655507, -0.1581545946664015, -0.37271558973190644]]	[[-0.033133291568210696, -0.15891399553328145, 0.2246902564313552], [-0.034106033206914986, -0.1937205600590423, -0.26182997864256835], [0.40036338108497843, 0.0, 0.020000856466583908]]	0.647204541275747	[[0.6992093601059162, -0.6992093601059161, 0.0], [-0.7071067811865475, -0.7071067811865476, 0.0], [0.0, 0.0, -0.9888313599999999]]
2	[[0.034229894132735264, 0.2773841392786001, 0.9601491309293217], [-0.1827544195208179, -0.9427759796974285, 0.2788803941677556], [0.9825625356654255, -0.18501754344446375, 0.018422055382213542]]	0.828797641309214	0.17120235869078607	[[0.02836965551947509, 0.22989532037069024, 0.7957693350193135], [-0.15146643183768843, -0.7813705082562122, 0.23113541289361972], [0.8143455119983051, -0.15334210360759654, 0.015268156048846295]]	0.9286907312699952	0.12521250442186982	[[0.00027656990226169754, 0.2561010305003789, 0.8846348307295965], [-0.17376479414974982, -0.8207455885050702, 0.25899363719651747], [0.9195434875670305, -0.17182407771921712, -0.00027656990226169754]]	[[-0.03151241551116272, -0.0015030486489624063, -0.007046767801405686], [-0.00404245864213798, 0.054801725503920914, 0.0], [0.007046767801405686, 0.0, -0.01738496198666594]]	0.340732456206449	[[0.0, 0.0, 0.9944], [0.0, -1.0, 0.0], [0.9944, 0.0, 0.0]]
2	[[-0.8305561570912853, 0.32773595720904825, 0.4502950280316503], [-0.5100865793185324, -0.772219296347621, -0.37879947194723407], [0.22358030216652452, -0.5443036842615101, 0.808545204538665]]	0.20037234424526043	0.7996276557547394	[[-0.16642048422371564, 0.06566922203944137, 0.09022667036868703], [-0.10220724366610029, -0.15473139068059832, -0.07590093819293406], [0.04479930927217021, -0.10906340519681085, 0.16201009806167593]]	0.5483363853494653	0.6268525709930876	[[-0.42402096853112636, 0.17866006602992426, 0.4371955851254763], [-0.34884016698043413, -0.5959561929081933, -0.06667223619442743], [0.3557618145533809, -0.26252611134070863, 0.2959899372429863]]	[[0.0314031924780518, -0.0010494840951323393, 0.19028243711376502], [-0.06914113586163669, -0.1725202552518313, 0.1410372970254051], [0.23316459982804758, 0.03593540341964448, -0.1473648176053894]]	0.681686147170158	[[-0.6992093601059162, 0.6992093601059161, 0.0], [-0.7071067811865475, -0.7071067811865476, 0.0], [0.0, 0.0, 0.9888313599999999]]
2	[[0.8592155572171323, 0.2624339665249735, -0.4391776855101157], [-0.4266000482917053, 0.8413623931712975, -0.33184593135155627], [0.2824199444684594, 0.4724804086637203, 0.8348660002631537]]	0.1799882504478461	0.820011749552154	[[0.15464870490108285, 0.04723503049291862, -0.0790468232507001], [-0.07678299633299072, 0.15143534513951462, -0.05972836860220267], [0.050832271696455836, 0.08504092212626638, 0.15026607074575607]]	0.0	0.6892365825064173	[[0.7031469832119028, 0.7031469832119026, 0.0], [-0.7071067811865474, 0.7071067811865474, 0.0], [0.0, 0.0, 0.9943999999999997]]	[[0.7031469832119027, 0.7031469832119026, 0.0], [-0.7071067811865474, 0.7071067811865475, 0.0], [0.0, 0.0, 0.9943999999999997]]	0.6892365825064174	[[0.7031469832119028, 0.7031469832119027, 0.0], [-0.7071067811865475, 0.7071067811865476, 0.0], [0.0, 0.0, 0.9944]]
2	[[-0.42203838922340475, -0.825029846081567, 0.3757783270710803], [0.2588054115689476, 0.28760896992378115, 0.9221175843470338], [-0.8688517462515349, 0.4864224845687207, 0.09214016247897017]]	0.11172033608779365	0.8882796639122065	[[-0.04715027068598986, -0.09217261168669338, 0.04198208099488991], [0.028913827561822585, 0.03213177078174899, 0.10301928643571504], [-0.09706840910168787, 0.054343283456677105, 0.010293929919334456]]	0.35832741186135764	1.1554979288009386	[[-0.23991303142018727, -0.49405177216357044, 0.3187007484934088], [0.18242386044518824, 0.006617096687702537, 0.040071134987779526], [0.19775289838333016, 0.17429850996668086, -0.09240333614541553]]	[[-0.08868510770362842, -0.1984209627087884, 0.18404907312043792], [0.08968678714197374, -0.09644108113319697, -0.2903488724431402], [0.5090862959088637, 0.0, -0.12541968209498996]]	1.0000000000000002	[[0.0, 0.0, 0.0], [0.0, 0.0, 0.0], [0.0, 0.0, 0.0]]
2	[[-0.5446221603179724, 0.8109226453022452, -0.2139887049042392], [-0.8354447797583356, -0.5021691245819775, 0.22328947644507607], [0.07361197229480154, 0.30038414347728, 0.9509735242804028]]	0.2553737385986851	0.7446262614013148	[[-0.13908219720409304, 0.2070883476451698, -0.05464709558928635], [-0.21335065679964121, -0.12824080675332844, 0.05702226838952211], [0.01879856457054628, 0.07671022173555682, 0.24285366420385388]]	0.613588679938567	0.5844941093385505	[[-0.3889723066079495, 0.5523712696564499, 0.14478104513302062], [-0.6165511973144665, -0.38704925986254857, 0.13700789509610795], [0.19817286146044258, 0.006578456141226325, 0.5060100702925981]]	[[-0.05479831419315434, 0.05479831419315433, 0.2760820920969763], [-0.10393173774098244, -0.07892396960438726, 0.0], [0.15300538855240095, -0.17773385392947502, -0.07749651912714092]]	0.38331226349004355	[[-0.6992093601059162, 0.6992093601059161, 0.0], [-0.7071067811865475, -0.7071067811865476, 0.0], [0.0, 0.0, 0.9888313599999999]]
2	[[0.8489524140446696, -0.5135124485683378, 0.12483895166604869], [0.522794976890395, 0.7815435453534784, -0.34040431673891397], [0.0772347773085365, 0.35425224329800037, 0.9319550081910795]]	0.2230785689613601	0.7769214310386399	[[0.18938308964137696, -0.11455362217046884, 0.02784889468829857], [0.11662435530489663, 0.17434561567844176, -0.0759369078463865], [0.01722942359603763, 0.0790260834862695, 0.20789918956363865]]	0.0	0.42871859648997107	[[0.7031469832119027, -0.7031469832119026, 0.0], [0.7071067811865474, 0.7071067811865475, 0.0], [0.0, 0.0, 0.9943999999999998]]	[[0.7031469832119027, -0.7031469832119026, 0.0], [0.7071067811865474, 0.7071067811865475, 0.0], [0.0, 0.0, 0.9943999999999997]]	0.4287185964899711	[[0.7031469832119028, -0.7031469832119027, 0.0], [0.7071067811865475, 0.7071067811865476, 0.0], [0.0, 0.0, 0.9944]]
2	[[0.8787972042104137, -0.3840163418041313, 0.28327887866788265], [-0.395223040501579, -0.9183905790867732, -0.018907472103605397], [0.2674214316928388, -0.09534250611366366, -0.9588511794847616]]	0.6585425429623984	0.3414574570376015	[[0.5787253456089722, -0.25289109827081024, 0.18655119312548418], [-0.2602711861292409, -0.6047992673845135, -0.012451374760098909], [0.17610838966964742, -0.06278709642850008, -0.6314442940603903]]	0.8513064227244069	0.27698050427764953	[[0.629536936337601, -0.27546617976260823, 0.24792095013476953], [-0.34456389626603756, -0.8506097578414719, -0.01609605243928183], [0.22089376107163694, -0.08116568781320291, -0.7370460243419417]]	[[-0.11858876787897665, 0.051449398446379885, 0.006763821302632994], [-0.008107983478374927, -0.06877795929531438, 0.0], [-0.006763821302632994, 0.0, 0.07923014319030919]]	0.47028612008153153	[[0.6992093601059162, -0.6992093601059161, 0.0], [-0.7071067811865475, -0.7071067811865476, 0.0], [0.0, 0.0, -0.9888313599999999]]
2	[[-0.30792515101507295, 0.09349718223056193, 0.9468053539599837], [0.3027085282091916, -0.9338174967034747, 0.1906631317268273], [0.9019698710720718, 0.34531602882779927, 0.2592434992682147]]	0.6402532115600682	0.35974678843993185	[[-0.19715006685751943, 0.059861871194934205, 0.6061951685951467], [0.1938101073525564, -0.5978796512753832, 0.12207268241420152], [0.5774891066843147, 0.22108969646016757, 0.16598148298254467]]	0.8254660242963231	0.260148564872838	[[-0.13657307299812607, 0.15562815045136882, 0.7898540161643772], [0.28826619075094667, -0.8154048444499189, 0.1573859373264303], [0.736247118660374, 0.285046649442278, 0.13657307299812607]]	[[0.11760867719113109, 0.07844940315259806, 0.008298364848556478], [0.03839058544951391, -0.044570228027756634, 0.0], [-0.008298364848556478, 0.0, -0.07742362766747393]]	0.4670912889593055	[[0.0, 0.0, 0.9944], [0.0, -1.0, 0.0], [0.9944, 0.0, 0.0]]
2	[[0.04673222253661188, -0.9725397674033924, -0.22799671093185395], [-0.8377629715199755, -0.16246744520517667, 0.5213036857710898], [-0.5440306084466285, 0.16664552219444034, -0.8223502702654952]]	0.1859140540886628	0.8140859459113371	[[0.00868817694835508, -0.18080881092040985, -0.04238779284822194], [-0.15575191040064357, -0.030204981395522107, 0.09691768163306566], [-0.10114293596463468, 0.03098174462689064, -0.15288647262596572]]	0.486674331723305	0.8996142968155932	[[0.13004111791906303, -0.6098146141199734, 0.12176505136179015], [-0.30298463032243533, -0.4191556192369439, 0.00714921118909565], [0.0910996889102397, 0.08110209814866044, -0.546662672601795]]	[[0.10729774474611267, -0.13650447274458913, 0.23272519828966168], [0.1047331039845789, -0.34008688391492187, -0.24655591170844524], [0.3558654217130257, 0.0, -0.14644590437785598]]	0.8672743936050911	[[0.6992093601059162, -0.6992093601059161, 0.0], [-0.7071067811865475, -0.7071067811865476, 0.0], [0.0, 0.0, -0.9888313599999999]]
2	[[0.22433838825039393, -0.7661379269479729, -0.6022499185961573], [-0.9416906372873723, -0.011392912655017143, -0.3362869982418849], [0.2507808429735371, 0.642575192824231, -0.724020780340167]]	0.1528849533206872	0.8471150466793128	[[0.03429796401569968, -0.11713096119864888, -0.09207495069196124], [-0.1439703291242081, -0.0017418049194489332, -0.0514132220285646], [0.03834061747173183, 0.09824007835996414, -0.11069188320551393]]	0.4284410636560166	0.849478285228116	[[0.17091353887373575, -0.33238045805577043, 0.12243352540117411], [-0.49077785769168303, -0.28190242216115596, -0.14407915922044215], [0.30657433006405926, 0.035230881138689836, -0.33704697063226174]]	[[0.07479776119286052, -0.0041355097269654, 0.3804621211112612], [-0.08731891941736891, -0.27702123054510036, 0.0], [0.1991295189559246, -0.24007471795389368, -0.02684673739426141]]	0.9502593203769979	[[0.6992093601059162, -0.6992093601059161, 0.0], [-0.7071067811865475, -0.7071067811865476, 0.0], [0.0, 0.0, -0.9888313599999999]]
2	[[-0.3195682178843842, -0.5708200961323295, -0.7563336379995778], [0.910087742671785, 0.03735879733279218, -0.41272826520656647], [0.2638493031197415, -0.8202248094963509, 0.507557688474819]]	0.12472048471258879	0.8752795152874111	[[-0.03985670303327854, -0.07119295907331068, -0.09433029793574299], [0.1135065843970108, 0.004659407311625192, -0.051475669291148864], [0.03290741297617292, -0.10229883581367569, 0.06330284092618058]]	0.38593145861100253	1.0878519809343232	[[-0.20663220508745261, -0.3035982089384362, 0.19751219873368736], [0.5465036206465679, -0.08121349263614094, -0.1592848214011589], [0.2796918778332588, -0.04015857396029291, 0.07807739097084766]]	[[-0.08330077663361354, -0.08330077663361353, 0.4894051428434304], [0.1952721306532511, -0.09563142778273827, 0.0], [0.17786413142676039, 0.27639198315756547, -0.1178050880714681]]	0.9999999999999999	[[0.0, 0.0, 0.0], [0.0, 0.0, 0.0], [0.0, 0.0, 0.0]]
2	[[0.3802729664721569, 0.7767473726770865, -0.5020517802076895], [0.4287143634067757, 0.332951791095048, 0.839849450446521], [0.8195098935212374, -0.5346088512602871, -0.20639019011321075]]	0.1300110670723921	0.8699889329276084	[[0.04943969414982911, 0.10098575476742504, -0.06527228767039572], [0.055737611855776206, 0.043287417643931375, 0.1091897232327143], [0.1065453557330785, -0.06950506721869569, -0.026833008849892398]]	0.4331087098932872	0.9406692641702792	[[0.1399623506703186, 0.32555924302348854, 0.1456033052344934], [0.2891412433117131, -0.25664835473221154, 0.32775009269110944], [0.6368181298317932, 0.0, -0.054405728933542286]]	[[-0.0247371832457306, -0.010856809469684751, 0.3630463040598739], [0.10346131846388254, -0.400852675430047, -0.03599601929636955], [0.28188125710402484, 0.2315437498668753, 0.034983660041020714]]	1.0000000000000007	[[0.0, 0.0, 0.0], [0.0, 0.0, 0.0], [0.0, 0.0, 0.0]]
2	[[0.08740825448676931, -0.06334395238859675, -0.994156597696443], [0.7119981850616444, -0.6940087028176986, 0.10681996481098455], [-0.6967197295301035, -0.717174639895393, -0.015561310176609944]]	0.17232622906441988	0.8276737709355801	[[0.0150627348848081, -0.010915824449163024, -0.17131925758054162], [0.12269596233238411, -0.11959590269446371, 0.01840788172467099], [-0.1200630837047053, -0.12358800127380633, -0.0026816219020369784]]	0.47341172281196614	1.029569495733024	[[0.06620643757076847, -0.016176314869981508, 0.0010419968813941624], [0.6347011690036655, -0.6373240385344504, 0.03943052225949528], [0.011486764478345467, -0.013774237362972107, 0.027742847463128578]]	[[0.024826345226200187, 0.013811454760023264, 0.4716873845417499], [0.29763288157463935, -0.3087721828870259, -0.011139301312386492], [0.34132205195227877, 0.3257446444669573, 0.03510975412304885]]	0.7876651076291751	[[0.0, 0.0, -0.9888313599999999], [0.0, -1.0, 0.0], [-0.9888313599999999, 0.0, 0.0]]
