2	[[0.04673222253661188, -0.9725397674033924, -0.22799671093185395], [-0.8377629715199755, -0.16246744520517667, 0.5213036857710898], [-0.5440306084466285, 0.16664552219444034, -0.8223502702654952]]	0.1715119778140702	0.8284880221859295	[[0.00801513591490155, -0.16680221901019165, -0.03910416682702506], [-0.14368638418478352, -0.027865112857538933, 0.08940982618836417], [-0.0933077656460733, 0.028581703105426997, -0.14104292130917023]]	0.4514636734629631	0.8592414287114543	[[-0.04670629720998181, -0.5333047450978042, 0.08849958544476103], [-0.30963246385052273, -0.17946844873122683, 0.0], [0.0625786570001888, 0.06257865700018879, -0.4671508903773109]]	[[-0.06780419806544928, -0.09423836911705294, 0.19143181809952914], [0.0685870847631331, -0.1061202991007551, -0.2353496769679984], [0.30818871396579467, -0.012655742615867003, -0.09588961648998995]]	0.8968370518660823	[[0.583754803351408, -0.5837548033514078, 0.0], [-0.7071067811865475, -0.7071067811865476, 0.0], [0.0, 0.0, -0.8255539600000001]]
2	[[-0.42203838922340475, -0.825029846081567, 0.3757783270710803], [0.2588054115689476, 0.28760896992378115, 0.9221175843470338], [-0.8688517462515349, 0.4864224845687207, 0.09214016247897017]]	0.10407871309553385	0.8959212869044664	[[-0.043925212427283984, -0.08586804464557585, 0.03911052469075063], [0.02693613417825605, 0.029933971464399252, 0.09597281150160167], [-0.09042897162066708, 0.050626226214644625, 0.009589829535224602]]	0.3314706291058724	1.1231628651274637	[[-0.2229420451344872, -0.43105853468710364, 0.2710431048946247], [0.18638395346991538, 0.018494719146088582, 0.014172934605362696], [0.14645961584860728, 0.16123476697123537, -0.08690686111679487]]	[[-0.0830487147517762, -0.15758537257532557, 0.14648362641602147], [0.10059756088115207, -0.07683920705103908, -0.29148196118773595], [0.43445845077833944, 0.0, -0.11744861873961643]]	1.0000000000000002	[[0.0, 0.0, 0.0], [0.0, 0.0, 0.0], [0.0, 0.0, 0.0]]
2	[[0.8592155572171323, 0.2624339665249735, -0.4391776855101157], [-0.4266000482917053, 0.8413623931712975, -0.33184593135155627], [0.2824199444684594, 0.4724804086637203, 0.8348660002631537]]	0.16231152953787323	0.8376884704621269	[[0.13946059129464877, 0.04259605850935949, -0.07128360187404997], [-0.06924210633915728, 0.1365628169312788, -0.053862420688591185], [0.045840013158676876, 0.07668901780688786, 0.13550837746187896]]	0.0	0.6898737870221563	[[0.6424772213860972, 0.6424772213860971, 0.0], [-0.7071067811865475, 0.7071067811865476, 0.0], [0.0, 0.0, 0.9086000000000001]]	[[0.6424772213860972, 0.6424772213860971, 0.0], [-0.7071067811865475, 0.7071067811865476, 0.0], [0.0, 0.0, 0.9086000000000001]]	0.6898737870221563	[[0.6424772213860972, 0.6424772213860971, 0.0], [-0.7071067811865475, 0.7071067811865476, 0.0], [0.0, 0.0, 0.9086000000000001]]
2	[[0.3802729664721569, 0.7767473726770865, -0.5020517802076895], [0.4287143634067757, 0.332951791095048, 0.839849450446521], [0.8195098935212374, -0.5346088512602871, -0.20639019011321075]]	0.1215753658077773	0.878424634192223	[[0.04623182500566111, 0.09443334597344671, -0.06103712883319566], [0.052121105558227146, 0.040478735798735066, 0.10210500416149652], [0.09963221508793706, -0.064995266656045, -0.02509196286215029]]	0.3986602060058525	0.8998449496654325	[[0.20322991725510212, 0.32926361923791253, 0.10668851703936183], [0.23815032687009274, -0.2078576754510809, 0.32823824262734114], [0.5475111655397511, 0.0, -0.08242777436763618]]	[[0.051630218102855424, 0.01960535163196054, 0.3068365831625644], [0.06723897043667966, -0.34059230507905025, -0.006576312301570956], [0.2208051825647403, 0.21312727477597826, -0.00014821865951650248]]	1.0000000000000007	[[0.0, 0.0, 0.0], [0.0, 0.0, 0.0], [0.0, 0.0, 0.0]]
2	[[0.8489524140446696, -0.5135124485683378, 0.12483895166604869], [0.522794976890395, 0.7815435453534784, -0.34040431673891397], [0.0772347773085365, 0.35425224329800037, 0.9319550081910795]]	0.205623150575132	0.794376849424868	[[0.1745642700642289, -0.10559004753417205, 0.025669778556069583], [0.10749875025305636, 0.1607034461072408, -0.06999500807723064], [0.015881258244150015, 0.07284246236524303, 0.19163152497852276]]	0.0	0.4589666912265493	[[0.6424772213860972, -0.6424772213860971, 0.0], [0.7071067811865475, 0.7071067811865476, 0.0], [0.0, 0.0, 0.9086000000000001]]	[[0.6424772213860972, -0.6424772213860971, 0.0], [0.7071067811865475, 0.7071067811865476, 0.0], [0.0, 0.0, 0.9086000000000001]]	0.4589666912265493	[[0.6424772213860972, -0.6424772213860971, 0.0], [0.7071067811865475, 0.7071067811865476, 0.0], [0.0, 0.0, 0.9086000000000001]]
2	[[-0.30792515101507295, 0.09349718223056193, 0.9468053539599837], [0.3027085282091916, -0.9338174967034747, 0.1906631317268273], [0.9019698710720718, 0.34531602882779927, 0.2592434992682147]]	0.5163868633683331	0.48361313663166705	[[-0.1590085028848938, 0.04828071666581732, 0.48891784695174034], [0.15631470739678902, -0.48221108808117596, 0.09845593655239969], [0.4657653925756469, 0.17831666099719615, 0.13386993743574416]]	0.7569896564333373	0.34234371922835305	[[-0.07589489874055785, 0.11915221838591879, 0.7292124785002707], [0.3166366763273477, -0.8090613431669123, 0.14433001858039513], [0.6702912439192108, 0.26140066202328016, 0.07589489874055785]]	[[0.15720125553352574, 0.0483758185317206, 0.012490618896858426], [0.08748945155883055, -0.10217115716590972, 0.0], [-0.012490618896858426, 0.0, -0.12034974870306414]]	0.4855090394915449	[[0.0, 0.0, 0.9086000000000001], [0.0, -1.0, 0.0], [0.9086000000000001, 0.0, 0.0]]
2	[[-0.5446221603179724, 0.8109226453022452, -0.2139887049042392], [-0.8354447797583356, -0.5021691245819775, 0.22328947644507607], [0.07361197229480154, 0.30038414347728, 0.9509735242804028]]	0.2284339769956401	0.77156602300436	[[-0.12441020604139155, 0.1852422849022167, -0.0488822908934218], [-0.1908439736004432, -0.1147124902526802, 0.05100690312562303], [0.016815475585794402, 0.06861794452094404, 0.21723466416893233]]	0.5832134485481197	0.5804178005886863	[[-0.3243567620701291, 0.5142731247648988, 0.13138602174497416], [-0.6037151339072997, -0.41212383903521754, 0.13022542558203698], [0.16892366463098982, 0.016884229226999004, 0.49616808652380384]]	[[-0.006725793795357541, 0.04133213229241273, 0.25618711228252145], [-0.1164725028329163, -0.11925205213337206, 0.0], [0.12599217241450994, -0.15830384297955863, -0.05845246204972905]]	0.4450561389812122	[[-0.583754803351408, 0.5837548033514078, 0.0], [-0.7071067811865475, -0.7071067811865476, 0.0], [0.0, 0.0, 0.8255539600000001]]
2	[[-0.8305561570912853, 0.32773595720904825, 0.4502950280316503], [-0.5100865793185324, -0.772219296347621, -0.37879947194723407], [0.22358030216652452, -0.5443036842615101, 0.808545204538665]]	0.17915487921370374	0.8208451207862961	[[-0.14879818800388717, 0.05871549582777462, 0.08067255135754163], [-0.091384499506343, -0.13834685476364944, -0.06786377364292148], [0.0400555020292071, -0.09751466080944478, 0.14485481845794393]]	0.5066080256243223	0.6751264146697905	[[-0.35970482774143175, 0.13617382759388383, 0.3882583329402497], [-0.35591917305038157, -0.6069452249997837, -0.05480418637274861], [0.30653230711309265, -0.24254789303537702, 0.25081172095334076]]	[[0.06106158717270872, -0.029859838613889494, 0.1601352578406865], [-0.09750521820435559, -0.2157327319281119, 0.13709866621797548], [0.19326473166402028, 0.03320072178839108, -0.1588037687460061]]	0.688684947569449	[[-0.583754803351408, 0.5837548033514078, 0.0], [-0.7071067811865475, -0.7071067811865476, 0.0], [0.0, 0.0, 0.8255539600000001]]
2	[[0.034229894132735264, 0.2773841392786001, 0.9601491309293217], [-0.1827544195208179, -0.9427759796974285, 0.2788803941677556], [0.9825625356654255, -0.18501754344446375, 0.018422055382213542]]	0.7230887140557116	0.27691128594428854	[[0.024751250130702698, 0.20057334057041334, 0.6942730003853921], [-0.13214765819930624, -0.6817106708020274, 0.2016552655941124], [0.710479880393632, -0.13378409756700405, 0.01332078033658789]]	0.8549608210655234	0.22163416353357226	[[0.0026844515355570354, 0.1995227771122664, 0.7723826569589988], [-0.18835631206862335, -0.8205247770602551, 0.23843181077674114], [0.7883943202701382, -0.15818275085480485, -0.00379638776911804]]	[[-0.026580766857152247, -0.037629794355919045, -0.04850723236568277], [-0.03210844350175176, -0.01448825137728829, 0.0], [-0.0516581519705967, 0.0, -0.01954652336440987]]	0.37939648715466684	[[0.0, 0.0, 0.9086000000000001], [0.0, -1.0, 0.0], [0.9086000000000001, 0.0, 0.0]]
2	[[0.8787972042104137, -0.3840163418041313, 0.28327887866788265], [-0.395223040501579, -0.9183905790867732, -0.018907472103605397], [0.2674214316928388, -0.09534250611366366, -0.9588511794847616]]	0.5346921376602162	0.465307862339784	[[0.4698859556890877, -0.20533051869570723, 0.15146698918891924], [-0.21132265237835948, -0.49105622193891046, -0.010109676676827675], [0.14298813696799945, -0.05097888840379705, -0.512690186856727]]	0.7847776521049213	0.37755296615069706	[[0.5402964291692594, -0.23169258874101178, 0.2290479336709706], [-0.35124578551588764, -0.8413607928963494, -0.01483816156470674], [0.20312936290736783, -0.07482266809368007, -0.6248303849303638]]	[[-0.14936397742735827, 0.06967485434995531, 0.0067370003790747784], [-0.04108357573329026, -0.12062839052535247, 0.0], [-0.0067370003790747784, 0.0, 0.127654592423722]]	0.5149027610722083	[[0.9086000000000001, 0.0, 0.0], [0.0, -1.0, 0.0], [0.0, 0.0, -0.9086000000000001]]
2	[[0.08740825448676931, -0.06334395238859675, -0.994156597696443], [0.7119981850616444, -0.6940087028176986, 0.10681996481098455], [-0.6967197295301035, -0.717174639895393, -0.015561310176609944]]	0.1448929922785006	0.8551070077214993	[[0.012664843542428694, -0.009178094804330666, -0.14404632423365119], [0.1031635475304433, -0.100556997618577, 0.01547746433654769], [-0.10094980639108438, -0.10391357956069963, -0.002254724795262883]]	0.4317287071213059	1.022350910610716	[[0.057714861662163545, -0.014358568432659636, -0.0011023555375908947], [0.6354167160873273, -0.6361164247119502, 0.037650960767006275], [0.0068632756700823735, -0.011852164864579481, 0.021535189740711197]]	[[0.019978208960860493, 0.012988834236022788, 0.4281035870620107], [0.3280266601779473, -0.3364929447135308, -0.008466284535583481], [0.30765718372601997, 0.2977727151976467, 0.028253454064372605]]	0.8411150738712423	[[0.0, 0.0, -0.8255539600000001], [0.0, -1.0, 0.0], [-0.8255539600000001, 0.0, 0.0]]
2	[[0.22433838825039393, -0.7661379269479729, -0.6022499185961573], [-0.9416906372873723, -0.011392912655017143, -0.3362869982418849], [0.2507808429735371, 0.642575192824231, -0.724020780340167]]	0.13504222725234533	0.8649577727476544	[[0.03029515560753457, -0.10346097203754887, -0.08132917036976876], [-0.12716800104196724, -0.0015385242998249282, -0.04541294523858966], [0.03386600358736709, 0.08677478521608942, -0.09777337875411721]]	0.39093024028472106	0.8698981442511212	[[0.017700100316133612, -0.29727440771481733, 0.10061802219915077], [-0.45359804464405995, -0.12180557470155737, -0.13146475702732766], [0.2649185690916891, 0.04287896289194864, -0.3142688749923332]]	[[-0.07000055970767995, 0.0022320761581917925, 0.33605572758740027], [-0.08546269753543534, -0.11735174061978866, 0.0], [0.16688075388923934, -0.208323111639829, -0.031227257362820462]]	0.9689486808357323	[[0.583754803351408, -0.5837548033514078, 0.0], [-0.7071067811865475, -0.7071067811865476, 0.0], [0.0, 0.0, -0.8255539600000001]]
2	[[-0.3195682178843842, -0.5708200961323295, -0.7563336379995778], [0.910087742671785, 0.03735879733279218, -0.41272826520656647], [0.2638493031197415, -0.8202248094963509, 0.507557688474819]]	0.1108900425175267	0.8891099574824731	[[-0.0354369332684496, -0.06329826472997269, -0.08386986927520887], [0.10091966847955414, 0.004142718624636943, -0.045767454876941185], [0.029258260441167902, -0.09095476399898059, 0.05628309365507027]]	0.35210359605281905	1.0805102773411783	[[-0.04909457204258241, -0.26441435520610906, 0.17886696569376903], [0.5346952382962955, -0.22715844429104867, -0.14532310637187365], [0.2278667695801884, -0.04850256348033974, 0.08901420481701669]]	[[0.0634265466587, -0.0634265466587, 0.44517475944913143], [0.21425007137796764, -0.24031261117613334, 0.0], [0.13496448113569715, 0.24030154151506386, -0.08969868249922346]]	0.9545622233839413	[[1.6484121705814943e-16, -0.8255539600000001, 0.0], [1.0, 1.7938038903913487e-16, 0.0], [0.0, 0.0, 0.8255539600000001]]
2	[[0.5319609947059123, -0.8460851799387872, 0.03402011756955908], [-0.703274286200726, -0.4190807785627857, 0.5742617690636116], [-0.47161719485230363, -0.3294103357928521, -0.8179645788128509]]	0.14569980725890436	0.8543001927410956	[[0.07750661439790646, -0.12327444764169672, 0.004956724572810045], [-0.10246692794958935, -0.061059988662509404, 0.08366982906872565], [-0.06871453438996582, -0.04799502243410952, -0.11917728147764325]]	0.446069414473249	0.8296409076608161	[[0.2114984980201934, -0.4727885185655484, 0.21828168455645547], [-0.3819697910057698, -0.39762608406927846, 0.0], [0.11676329028249252, -0.13878017258324463, -0.3110402578599374]]	[[-0.025793031410880032, -0.09537579775575995, 0.20310635063189114], [-0.06826064194611972, -0.21068696655878336, -0.25616061108057736], [0.3271372962457758, 0.008159703025309273, 0.05382872287096876]]	0.7078472397231245	[[0.583754803351408, -0.5837548033514078, 0.0], [-0.7071067811865475, -0.7071067811865476, 0.0], [0.0, 0.0, -0.8255539600000001]]
