2	[[-0.5446221603179724, 0.8109226453022452, -0.2139887049042392], [-0.8354447797583356, -0.5021691245819775, 0.22328947644507607], [0.07361197229480154, 0.30038414347728, 0.9509735242804028]]	0.2528888396521427	0.7471111603478573	[[-0.13772886617165525, 0.2050732868181309, -0.05411535528189783], [-0.21127466094652536, -0.12699296722466857, 0.05646741660472974], [0.01861564625813804, 0.07596379749387208, 0.24049059109517984]]	0.6109683579596682	0.5835981250783719	[[-0.38621789681533053, 0.548919066850035, 0.14352958009335365], [-0.615443893187759, -0.3855961804898475, 0.13642280477332216], [0.19535021066777755, 0.007631268101958538, 0.5053953335994188]]	[[-0.05347098981741185, 0.05347098981741184, 0.27426990775061266], [-0.10501356793283204, -0.07878673502595282, 0.0], [0.15037562482865002, -0.17589393879547657, -0.0756193989932975]]	0.3878200700838246	[[-0.6880042632085217, 0.6880042632085216, 0.0], [-0.7071067811865475, -0.7071067811865476, 0.0], [0.0, 0.0, 0.9729849599999999]]
2	[[0.8489524140446696, -0.5135124485683378, 0.12483895166604869], [0.522794976890395, 0.7815435453534784, -0.34040431673891397], [0.0772347773085365, 0.35425224329800037, 0.9319550081910795]]	0.22157652179214532	0.7784234782078547	[[0.1881079230710631, -0.1137823022507402, 0.02766138069434082], [0.11583909258977873, 0.17317170040852553, -0.07542560450604031], [0.01711341331741642, 0.07849397990703574, 0.20649934918174967]]	0.0	0.4312300424777314	[[0.6974901289624102, -0.6974901289624102, 0.0], [0.7071067811865474, 0.7071067811865474, 0.0], [0.0, 0.0, 0.9863999999999999]]	[[0.6974901289624104, -0.6974901289624102, 0.0], [0.7071067811865474, 0.7071067811865475, 0.0], [0.0, 0.0, 0.9863999999999998]]	0.4312300424777315	[[0.6974901289624105, -0.6974901289624104, 0.0], [0.7071067811865475, 0.7071067811865476, 0.0], [0.0, 0.0, 0.9863999999999999]]
2	[[-0.3195682178843842, -0.5708200961323295, -0.7563336379995778], [0.910087742671785, 0.03735879733279218, -0.41272826520656647], [0.2638493031197415, -0.8202248094963509, 0.507557688474819]]	0.12345198651181698	0.8765480134881829	[[-0.039451331323868376, -0.07046887480840246, -0.09337089007675736], [0.11235213973288716, 0.004612017744425555, -0.05095212422932667], [0.03257272060989064, -0.10125838211860116, 0.06265900491156234]]	0.3829022035754282	1.0853395067811293	[[-0.20368336822552946, -0.29988826605913294, 0.1958212205766543], [0.5454461904990076, -0.08052278267539184, -0.158034562225458], [0.27461425146261254, -0.041095500534498494, 0.07934111979332154]]	[[-0.08131999340492627, -0.08131999340492625, 0.48542303720491287], [0.19697158838299395, -0.09482754849704586, 0.0], [0.1735857718862225, 0.27297038644889005, -0.11500383756533734]]	0.9960812343586395	[[1.9427927519804373e-16, -0.9729849599999999, 0.0], [1.0, 1.7938038903913487e-16, 0.0], [0.0, 0.0, 0.9729849599999999]]
2	[[0.8787972042104137, -0.3840163418041313, 0.28327887866788265], [-0.395223040501579, -0.9183905790867732, -0.018907472103605397], [0.2674214316928388, -0.09534250611366366, -0.9588511794847616]]	0.6453482554432985	0.3546517445567015	[[0.5671302426256388, -0.24782427624501357, 0.18281353015225188], [-0.25505649969869015, -0.5926817580292099, -0.012201904136904577], [0.17257995441112273, -0.061529119990044866, -0.6187929359102402]]	0.8455850097108059	0.286633187635176	[[0.6209617432924661, -0.2710532918674888, 0.24630720731392347], [-0.34544986586975857, -0.8502875857855712, -0.01598787498233396], [0.21935671997019088, -0.08062019395797485, -0.7267922025150428]]	[[-0.12213599916362552, 0.05366517024606562, 0.0067708339446757295], [-0.011255187329296742, -0.07371027905016961, 0.0], [-0.0067708339446757295, 0.0, 0.083997981400797]]	0.47336606483706245	[[0.6880042632085217, -0.6880042632085216, 0.0], [-0.7071067811865475, -0.7071067811865476, 0.0], [0.0, 0.0, -0.9729849599999999]]
2	[[-0.30792515101507295, 0.09349718223056193, 0.9468053539599837], [0.3027085282091916, -0.9338174967034747, 0.1906631317268273], [0.9019698710720718, 0.34531602882779927, 0.2592434992682147]]	0.6275067323522633	0.37249326764773677	[[-0.19322510532254564, 0.05867011130564402, 0.5941267338370575], [0.18995163939171278, -0.5859767659697679, 0.11964239876995056], [0.5659921664766281, 0.2166881328785923, 0.16267704110936376]]	0.8192433125007995	0.26743987719870965	[[-0.13055607483587495, 0.15197975998584143, 0.7844123933784898], [0.29075253878179974, -0.814866405625639, 0.15619949560766228], [0.7301843460461825, 0.28289784731650786, 0.13055607483587495]]	[[0.12170954588402239, 0.075382818705785, 0.008748438906820727], [0.04276060140945991, -0.04984266635507973, 0.0], [-0.008748438906820727, 0.0, -0.08182742824891588]]	0.4683514310137745	[[0.0, 0.0, 0.9863999999999999], [0.0, -1.0, 0.0], [0.9863999999999999, 0.0, 0.0]]
2	[[-0.42203838922340475, -0.825029846081567, 0.3757783270710803], [0.2588054115689476, 0.28760896992378115, 0.9221175843470338], [-0.8688517462515349, 0.4864224845687207, 0.09214016247897017]]	0.11104978968778934	0.8889502103122108	[[-0.04686727436343247, -0.09161939089350725, 0.04173010419047278], [0.02874028652479342, 0.03193891562235763, 0.10240096380915045], [-0.09648580369110148, 0.0540171146107684, 0.01023214566508838]]	0.35595251433794156	1.1927518704136775	[[-0.06202297513814857, -0.48807137369912545, 0.31411108038003865], [0.1827740444267375, -0.17363580119646801, 0.037781003198387474], [0.19264116861904382, 0.17314330641274472, -0.09193986228491355]]	[[0.08820265065305712, -0.1943999255825467, 0.1803518400253824], [0.09065160745450486, -0.2760109371869834, -0.29044906946516813], [0.5019111322841889, 0.0, -0.1247373847908095]]	1.0000000000000002	[[0.0, 0.0, 0.0], [0.0, 0.0, 0.0], [0.0, 0.0, 0.0]]
2	[[0.034229894132735264, 0.2773841392786001, 0.9601491309293217], [-0.1827544195208179, -0.9427759796974285, 0.2788803941677556], [0.9825625356654255, -0.18501754344446375, 0.018422055382213542]]	0.8266164790944442	0.17338352090555584	[[0.0282949945677772, 0.22929030056711935, 0.7936750940143864], [-0.15106781480324744, -0.7793141609123039, 0.23052712951542093], [0.8122023837218635, -0.152938550332766, 0.015227974557728221]]	0.922083740156892	0.1260303576220726	[[0.0, 0.25020413028184857, 0.8745569808139727], [-0.17533844351911812, -0.8208569750537615, 0.2571510769106324], [0.9075294001013909, -0.1706016684539114, 0.0]]	[[-0.03156282880708698, -0.005567274324363277, -0.010780920941725744], [-0.006823564837160624, 0.04846142643572163, 0.0], [0.0015244622769756203, 0.0, -0.01698667772820887]]	0.3441085537870362	[[0.0, 0.0, 0.9863999999999999], [0.0, -1.0, 0.0], [0.9863999999999999, 0.0, 0.0]]
2	[[0.22433838825039393, -0.7661379269479729, -0.6022499185961573], [-0.9416906372873723, -0.011392912655017143, -0.3362869982418849], [0.2507808429735371, 0.642575192824231, -0.724020780340167]]	0.15126531064664497	0.8487346893533549	[[0.033934615988663486, -0.11589009151796169, -0.09109952102336434], [-0.14244512678231142, -0.0017233524719312415, -0.05086855725548647], [0.037934442116619616, 0.0971993361563851, -0.10951922825278165]]	0.4250823400292193	0.8686404460915459	[[0.020966060807166873, -0.329141027146501, 0.12030272898569047], [-0.4874487727689958, -0.12982825167450313, -0.14294966413406238], [0.3026075759244561, 0.03608731072162952, -0.3351150490557599]]	[[-0.07439622622869406, -0.0034693243743216806, 0.3763085336649518], [-0.08715271308727279, -0.12498532570335992, 0.0], [0.19600506835876472, -0.2370600558888214, -0.027346601518980385]]	0.9513791804207323	[[0.6880042632085217, -0.6880042632085216, 0.0], [-0.7071067811865475, -0.7071067811865476, 0.0], [0.0, 0.0, -0.9729849599999999]]
2	[[0.5319609947059123, -0.8460851799387872, 0.03402011756955908], [-0.703274286200726, -0.4190807785627857, 0.5742617690636116], [-0.47161719485230363, -0.3294103357928521, -0.8179645788128509]]	0.15965733078533464	0.8403426692146654	[[0.08493147249665747, -0.1350837014460563, 0.0054315611641590905], [-0.11228289534476943, -0.0669093184887743, 0.09168510122076048], [-0.0752971424825858, -0.05259277494578754, -0.13059404133021024]]	0.4772877676273185	0.8068493808138262	[[0.22147850692216586, -0.5572239991190377, 0.2390180302458419], [-0.37366275327785875, -0.39566819101072487, 0.01179235023117304], [0.168253287128283, -0.15722352380393576, -0.3668612714181416]]	[[-0.03241996870582684, -0.15339789236349588, 0.22278064427664812], [-0.037998539187418245, -0.1956460617549744, -0.2622957675589129], [0.3933504052339971, 0.0, 0.023543216401663777]]	0.65265607655096	[[0.6880042632085217, -0.6880042632085216, 0.0], [-0.7071067811865475, -0.7071067811865476, 0.0], [0.0, 0.0, -0.9729849599999999]]
2	[[0.08740825448676931, -0.06334395238859675, -0.994156597696443], [0.7119981850616444, -0.6940087028176986, 0.10681996481098455], [-0.6967197295301035, -0.717174639895393, -0.015561310176609944]]	0.1696806794858207	0.8303193205141793	[[0.014831492013984534, -0.010748244882614558, -0.16868916701244413], [0.12081233583393092, -0.1177598682631801, 0.01812528421177931], [-0.1182198771178452, -0.12169068020744905, -0.002640453684456801]]	0.46967757158324736	1.0288455187329775	[[0.06540313290339286, -0.016007178403641284, 0.0008170578002047631], [0.6347652709160967, -0.6372158550797654, 0.03927110117098592], [0.01101478386980494, -0.013590702219413262, 0.027126504535373644]]	[[0.02434943619971652, 0.013744055328719609, 0.4677501143797335], [0.3003556923846641, -0.31125553288270935, -0.01089984049804522], [0.3382484145096409, 0.3232501410477448, 0.03443530290977749]]	0.792510708552368	[[0.0, 0.0, -0.9729849599999999], [0.0, -1.0, 0.0], [-0.9729849599999999, 0.0, 0.0]]
2	[[0.04673222253661188, -0.9725397674033924, -0.22799671093185395], [-0.8377629715199755, -0.16246744520517667, 0.5213036857710898], [-0.5440306084466285, 0.16664552219444034, -0.8223502702654952]]	0.18464236328791936	0.8153576367120806	[[0.008628748010856974, -0.17957204104484573, -0.0420978515283301], [-0.1546865349365581, -0.02999837304003436, 0.09625474453147691], [-0.10045109724455016, 0.03076982304933089, -0.15184069735228023]]	0.48374340163618434	0.8976109832367183	[[0.12972037170453432, -0.6036816291028096, 0.11903368733641982], [-0.302468723281929, -0.4170789843623126, 0.00516836293261041], [0.0877253832366666, 0.08061367177377686, -0.5391826482392059]]	[[0.10711396740865453, -0.13322193379262878, 0.22932559184445667], [0.10279358632598183, -0.3384864297636201, -0.24700885530777714], [0.35089660036084186, 0.0, -0.1413761311645397]]	0.8694694202959354	[[0.6880042632085217, -0.6880042632085216, 0.0], [-0.7071067811865475, -0.7071067811865476, 0.0], [0.0, 0.0, -0.9729849599999999]]
2	[[0.8592155572171323, 0.2624339665249735, -0.4391776855101157], [-0.4266000482917053, 0.8413623931712975, -0.33184593135155627], [0.2824199444684594, 0.4724804086637203, 0.8348660002631537]]	0.17838852369164332	0.8216114763083567	[[0.1532741947848569, 0.04681520785493213, -0.07834425895646234], [-0.07610055282154103, 0.15008939520749565, -0.05919750578688253], [0.050380476954804354, 0.08428508257474539, 0.14893051326729106]]	0.0	0.6889151876328145	[[0.6974901289624106, 0.6974901289624105, 0.0], [-0.7071067811865476, 0.7071067811865479, 0.0], [0.0, 0.0, 0.9864000000000002]]	[[0.6974901289624106, 0.6974901289624105, 0.0], [-0.7071067811865476, 0.7071067811865477, 0.0], [0.0, 0.0, 0.9864000000000002]]	0.6889151876328141	[[0.6974901289624105, 0.6974901289624104, 0.0], [-0.7071067811865475, 0.7071067811865476, 0.0], [0.0, 0.0, 0.9863999999999999]]
2	[[0.3802729664721569, 0.7767473726770865, -0.5020517802076895], [0.4287143634067757, 0.332951791095048, 0.839849450446521], [0.8195098935212374, -0.5346088512602871, -0.20639019011321075]]	0.1293195838706944	0.8706804161293059	[[0.04917674178145384, 0.10044864700725599, -0.06492512729799971], [0.0554411630751539, 0.04305718707341395, 0.10860898144577547], [0.10597867840808345, -0.0691353941785703, -0.02669029350043392]]	0.43004865688398547	0.9426085780178419	[[0.1413682749643429, 0.32372592891933133, 0.14171290012776686], [0.28731672096280736, -0.2598309890961718, 0.3277934549423769], [0.6282717904220151, 0.0, -0.05740809851415987]]	[[-0.022167603516297082, -0.010313235438614322, 0.35761959389229764], [0.10294868479285063, -0.4030164596637145, -0.03338267320690281], [0.27584266141006897, 0.22990781844277688, 0.03134972553805683]]	1.0000000000000007	[[0.0, 0.0, 0.0], [0.0, 0.0, 0.0], [0.0, 0.0, 0.0]]
2	[[-0.8305561570912853, 0.32773595720904825, 0.4502950280316503], [-0.5100865793185324, -0.772219296347621, -0.37879947194723407], [0.22358030216652452, -0.5443036842615101, 0.808545204538665]]	0.1984194022694321	0.8015805977305677	[[-0.1647984562412494, 0.06502917273161951, 0.08934727030693722], [-0.10121107417404249, -0.15322329120221642, -0.07516116480374672], [0.04436266991510081, -0.10800041168421853, 0.16043105619237763]]	0.5446218871958006	0.6313132202769022	[[-0.4176932232080791, 0.17440436845086404, 0.43259939259419544], [-0.3494858582320284, -0.5970214806235812, -0.06561912374563972], [0.35104020092554483, -0.26074772715552946, 0.29158498295246854]]	[[0.034645838489068645, -0.00408780706624998, 0.18735886463271212], [-0.07168154277031878, -0.17645395011772672, 0.14068335953503566], [0.2292734748198049, 0.03569197257460137, -0.14876643222649372]]	0.6809268276314587	[[-0.6880042632085217, 0.6880042632085216, 0.0], [-0.7071067811865475, -0.7071067811865476, 0.0], [0.0, 0.0, 0.9729849599999999]]
