2	[[0.22433838825039393, -0.7661379269479729, -0.6022499185961573], [-0.9416906372873723, -0.011392912655017143, -0.3362869982418849], [0.2507808429735371, 0.642575192824231, -0.724020780340167]]	0.13431638113656547	0.8656836188634345	[[0.03013232045980272, -0.10290487379912204, -0.08089202960562698], [-0.1264844785506259, -0.0015302547984268888, -0.04516885262712854], [0.033683975286582776, 0.08630837450828147, -0.09724785108296341]]	0.38937638525992957	0.870033631736798	[[0.017563856742349997, -0.29586688820702434, 0.0998006556974366], [-0.45205790144984065, -0.12144055828909794, -0.13094221578533743], [0.2633082633018024, 0.043112284264729475, -0.31327294741217176]]	[[-0.06978821394962702, 0.002449128398513259, 0.3343025520234951], [-0.08538580506976418, -0.11700442714190533, 0.0], [0.16566012517232853, -0.20709132157487184, -0.03135635311024401]]	0.9699490228181586	[[0.5793941324003729, -0.5793941324003727, 0.0], [-0.7071067811865475, -0.7071067811865476, 0.0], [0.0, 0.0, -0.81938704]]
2	[[0.8592155572171323, 0.2624339665249735, -0.4391776855101157], [-0.4266000482917053, 0.8413623931712975, -0.33184593135155627], [0.2824199444684594, 0.4724804086637203, 0.8348660002631537]]	0.161590484022298	0.8384095159777021	[[0.1388410577702049, 0.04240683167466201, -0.07096693477337213], [-0.06893450828739234, 0.1359561563507089, -0.053623144667928245], [0.04563637552420881, 0.07634833792702372, 0.13490640107628302]]	0.0	0.6900800328382455	[[0.6400730583300627, 0.6400730583300627, 0.0], [-0.7071067811865474, 0.7071067811865476, 0.0], [0.0, 0.0, 0.9051999999999998]]	[[0.6400730583300628, 0.6400730583300627, 0.0], [-0.7071067811865474, 0.7071067811865475, 0.0], [0.0, 0.0, 0.9051999999999999]]	0.6900800328382456	[[0.6400730583300629, 0.6400730583300628, 0.0], [-0.7071067811865475, 0.7071067811865476, 0.0], [0.0, 0.0, 0.9052]]
2	[[0.8489524140446696, -0.5135124485683378, 0.12483895166604869], [0.522794976890395, 0.7815435453534784, -0.34040431673891397], [0.0772347773085365, 0.35425224329800037, 0.9319550081910795]]	0.2048704816806035	0.7951295183193966	[[0.17392528998924262, -0.10520354268718145, 0.02557581616032495], [0.10710525873573518, 0.1601152025909336, -0.06973879633645802], [0.015823126029694018, 0.07257582772089569, 0.19093007143275717]]	0.0	0.4603071107352647	[[0.6400730583300626, -0.6400730583300627, 0.0], [0.7071067811865474, 0.7071067811865475, 0.0], [0.0, 0.0, 0.9051999999999998]]	[[0.6400730583300628, -0.6400730583300627, 0.0], [0.7071067811865474, 0.7071067811865475, 0.0], [0.0, 0.0, 0.9051999999999997]]	0.4603071107352646	[[0.6400730583300629, -0.6400730583300628, 0.0], [0.7071067811865475, 0.7071067811865476, 0.0], [0.0, 0.0, 0.9052]]
2	[[0.3802729664721569, 0.7767473726770865, -0.5020517802076895], [0.4287143634067757, 0.332951791095048, 0.839849450446521], [0.8195098935212374, -0.5346088512602871, -0.20639019011321075]]	0.12119395134060063	0.8788060486593997	[[0.046086783394772436, 0.0941370832881662, -0.060845639020952635], [0.051957587697737354, 0.0403517431687391, 0.10178467343084585], [0.09931964215855363, -0.06479135910589365, -0.025013242657757756]]	0.39722014763776264	0.9005246321394782	[[0.2014264798519833, 0.3279064179680865, 0.10527447391685926], [0.23758297309794862, -0.20864874797980854, 0.32825864886625505], [0.5440786788576258, 0.0, -0.08334743335408376]]	[[0.050374395967263154, 0.01936671191604996, 0.30469955617275923], [0.06728899037107973, -0.340903907594841, -0.005346473833605861], [0.21855283796251274, 0.212357406826066, -0.001365091566328247]]	1.0000000000000007	[[0.0, 0.0, 0.0], [0.0, 0.0, 0.0], [0.0, 0.0, 0.0]]
2	[[-0.30792515101507295, 0.09349718223056193, 0.9468053539599837], [0.3027085282091916, -0.9338174967034747, 0.1906631317268273], [0.9019698710720718, 0.34531602882779927, 0.2592434992682147]]	0.5120028221807044	0.48799717781929586	[[-0.15765854634013693, 0.047870821167991295, 0.4847670132833124], [0.15498762074127342, -0.47811719371389955, 0.09762006152994697], [0.46181111951086684, 0.17680278130406668, 0.1327334032573273]]	0.7541929524319951	0.3457114931731917	[[-0.0736697487400375, 0.11782522631378506, 0.7267020563277481], [0.3178411453807347, -0.8087833061612224, 0.14379679023698627], [0.6676311890223039, 0.26043491530372986, 0.0736697487400375]]	[[0.15856523003208825, 0.04731031040324529, 0.01262813104624787], [0.08954050676430063, -0.10450473128977393, 0.0], [-0.01262813104624787, 0.0, -0.12184987137185908]]	0.48644742475532404	[[0.0, 0.0, 0.9052], [0.0, -1.0, 0.0], [0.9052, 0.0, 0.0]]
2	[[0.034229894132735264, 0.2773841392786001, 0.9601491309293217], [-0.1827544195208179, -0.9427759796974285, 0.2788803941677556], [0.9825625356654255, -0.18501754344446375, 0.018422055382213542]]	0.7165902513529894	0.2834097486470107	[[0.024528808440362974, 0.19877077008698468, 0.6880335070689969], [-0.13096003542029255, -0.6755840762609413, 0.19984297175409274], [0.7040947344025178, -0.13258176796158094, 0.013201065296779089]]	0.8517620885831764	0.22805269711115495	[[0.0038398682905933248, 0.1984768584682776, 0.7664118041278829], [-0.18764155818011438, -0.8200019043646245, 0.23753974700122701], [0.7817567850054173, -0.15759092922878504, -0.005430393814283473]]	[[-0.025315857827886278, -0.03778843534350955, -0.051406824983797804], [-0.03197827211125651, -0.01698106683149221, 0.0], [-0.05515273253654731, 0.0, -0.02112160218263263]]	0.381041396582572	[[0.0, 0.0, 0.9052], [0.0, -1.0, 0.0], [0.9052, 0.0, 0.0]]
2	[[0.08740825448676931, -0.06334395238859675, -0.994156597696443], [0.7119981850616444, -0.6940087028176986, 0.10681996481098455], [-0.6967197295301035, -0.717174639895393, -0.015561310176609944]]	0.14384926568897655	0.8561507343110236	[[0.012573613223076971, -0.009111981036937139, -0.1430086965584846], [0.10242041609300159, -0.09983264228208505, 0.01536597349898244], [-0.10022262148392776, -0.10316504531970846, -0.002238483042063741]]	0.4300030004061434	1.0220895413004187	[[0.05738401457685601, -0.014286373211910213, -0.0011751654146323828], [0.6354463402492749, -0.6360664286344525, 0.037577285646174775], [0.0066999595488090175, -0.01177810736473047, 0.021307476967614675]]	[[0.01979820288728147, 0.012951716372770277, 0.4263151544684014], [0.3292849843890393, -0.3376406041148666, -0.008355619725827242], [0.30629153368891027, 0.29660913960548396, 0.02799888703380762]]	0.8432910381785167	[[0.0, 0.0, -0.81938704], [0.0, -1.0, 0.0], [-0.81938704, 0.0, 0.0]]
2	[[-0.8305561570912853, 0.32773595720904825, 0.4502950280316503], [-0.5100865793185324, -0.772219296347621, -0.37879947194723407], [0.22358030216652452, -0.5443036842615101, 0.808545204538665]]	0.1783027704490512	0.8216972295509487	[[-0.1480904638228936, 0.05843622914614499, 0.08028885101747645], [-0.09094985026137402, -0.13768883993299783, -0.0675409952928295], [0.039864987294127366, -0.09705085486945289, 0.14416585000253873]]	0.5048671980139	0.6770490061362165	[[-0.3573136434218362, 0.13463270845533176, 0.3863344920154892], [-0.35620618043631824, -0.6073564239539019, -0.05430724526472703], [0.30464503836362333, -0.2417144398572017, 0.2491139846901177]]	[[0.06200691640203355, -0.030830425949203873, 0.15899530293355935], [-0.09868019839127574, -0.21748823155461278, 0.13693618274641797], [0.19176667767770894, 0.03308663608454944, -0.15909396719289373]]	0.6895629961170481	[[-0.5793941324003729, 0.5793941324003727, 0.0], [-0.7071067811865475, -0.7071067811865476, 0.0], [0.0, 0.0, 0.81938704]]
2	[[0.5319609947059123, -0.8460851799387872, 0.03402011756955908], [-0.703274286200726, -0.4190807785627857, 0.5742617690636116], [-0.47161719485230363, -0.3294103357928521, -0.8179645788128509]]	0.1451116975151587	0.8548883024848414	[[0.0771937629536273, -0.12277685670333588, 0.004936717010183979], [-0.10205332548934891, -0.06081352317322018, 0.08333210012687874], [-0.06843717172235514, -0.04780129300593922, -0.11869622853880463]]	0.44452443767313193	0.8310868774934814	[[0.21095381262895044, -0.4687036305126132, 0.21731295597050962], [-0.3817222472428755, -0.39740084628317546, 0.0], [0.11467129050051572, -0.137512377382511, -0.30863633840485405]]	[[-0.02551584940673512, -0.09259809167675323, 0.20219018233832747], [-0.06909964063952448, -0.2111091988529349, -0.2552733899701799], [0.3243166588392159, 0.008918566899524203, 0.054968906028468684]]	0.7103370939166951	[[0.5793941324003729, -0.5793941324003727, 0.0], [-0.7071067811865475, -0.7071067811865476, 0.0], [0.0, 0.0, -0.81938704]]
2	[[0.04673222253661188, -0.9725397674033924, -0.22799671093185395], [-0.8377629715199755, -0.16246744520517667, 0.5213036857710898], [-0.5440306084466285, 0.16664552219444034, -0.8223502702654952]]	0.17090621166471567	0.8290937883352842	[[0.007986827116404777, -0.1662130873401976, -0.03896605413737847], [-0.14317889573545406, -0.027766695578861543, 0.0890940380619903], [-0.09297821031926358, 0.028480754889140106, -0.14054476935253085]]	0.44995401443322625	0.8679458017257426	[[0.12070474339643225, -0.5301184053765742, 0.08718079909722223], [-0.3101483990436551, -0.3810423289129712, 0.0], [0.06164613423090788, 0.061646134230907874, -0.4640715219001204]]	[[0.09967739226269684, -0.09252023283746166, 0.18976883445858178], [0.06680641313526635, -0.3079394497281917, -0.23456268615153897], [0.3064348904760191, -0.013336687467801861, -0.09405171652391245]]	0.8982384537985401	[[0.5793941324003729, -0.5793941324003727, 0.0], [-0.7071067811865475, -0.7071067811865476, 0.0], [0.0, 0.0, -0.81938704]]
2	[[0.8787972042104137, -0.3840163418041313, 0.28327887866788265], [-0.395223040501579, -0.9183905790867732, -0.018907472103605397], [0.2674214316928388, -0.09534250611366366, -0.9588511794847616]]	0.5304870198208242	0.4695129801791758	[[0.46619050988845473, -0.20371568472616858, 0.1502757681227099], [-0.2096606929202075, -0.48719428133126336, -0.010030168528587], [0.14186359833495216, -0.050577961930486144, -0.5086581046565535]]	0.7820256161837418	0.3814190835655594	[[0.5368741554761938, -0.2300566536636746, 0.2282635999040898], [-0.3515349494083742, -0.8409531356665128, -0.014786127522298919], [0.20239814963833128, -0.07456028209203999, -0.620529755397968]]	[[-0.15036776964700463, 0.0702539626603276, 0.00673226026199939], [-0.04246040763011494, -0.12274817715883565, 0.0], [-0.00673226026199939, 0.0, 0.12931642906711024]]	0.5158772048614594	[[0.9052, 0.0, 0.0], [0.0, -1.0, 0.0], [0.0, 0.0, -0.9052]]
2	[[-0.42203838922340475, -0.825029846081567, 0.3757783270710803], [0.2588054115689476, 0.28760896992378115, 0.9221175843470338], [-0.8688517462515349, 0.4864224845687207, 0.09214016247897017]]	0.10375493146477674	0.8962450685352233	[[-0.043788564149379115, -0.08560091513658832, 0.038988854571208376], [0.02685233774004951, 0.029840848963096925, 0.09567424676639198], [-0.09014765338537957, 0.050468731549354044, 0.009559996243158939]]	0.3303420987221124	1.1221583600004856	[[-0.2222210526260599, -0.42861364012924147, 0.26922554688519823], [0.18655035781333984, 0.018993820544538187, 0.013084684151748942], [0.1445881487660809, 0.16068582441805557, -0.08666477278961589]]	[[-0.08280400538870064, -0.15607154926627526, 0.14509014566625322], [0.10105603499501363, -0.07601553019138865, -0.2915295739300147], [0.4316064581011852, 0.0, -0.11710254743951529]]	1.0000000000000002	[[0.0, 0.0, 0.0], [0.0, 0.0, 0.0], [0.0, 0.0, 0.0]]
2	[[-0.3195682178843842, -0.5708200961323295, -0.7563336379995778], [0.910087742671785, 0.03735879733279218, -0.41272826520656647], [0.2638493031197415, -0.8202248094963509, 0.507557688474819]]	0.1103327089481717	0.8896672910518282	[[-0.035258827172923675, -0.06298012752833572, -0.08344833914911931], [0.10041244602950464, 0.004121897312772703, -0.045537427559719915], [0.029111208367288366, -0.09049762517823046, 0.05600021471689902]]	0.3507024655918001	1.063688903121247	[[-0.17477453817427277, -0.262889191360398, 0.1781050593298294], [0.5342061419433155, -0.07318081922311821, -0.1447448202273692], [0.22593265565684684, -0.04875587145628024, 0.08932887896645807]]	[[-0.06270117623744173, -0.06270117623744172, 0.4433531309862973], [0.2150361266834448, -0.08628264155927287, 0.0], [0.1334000545080753, 0.23889899157365455, -0.08867285381173572]]	0.9532539398142604	[[1.6360984679338772e-16, -0.81938704, 0.0], [1.0, 1.7938038903913487e-16, 0.0], [0.0, 0.0, 0.81938704]]
2	[[-0.5446221603179724, 0.8109226453022452, -0.2139887049042392], [-0.8354447797583356, -0.5021691245819775, 0.22328947644507607], [0.07361197229480154, 0.30038414347728, 0.9509735242804028]]	0.22735463521214663	0.7726453647878534	[[-0.12382237258754382, 0.18436702220796092, -0.04865132394302299], [-0.18994224314184857, -0.11417047813413857, 0.05076589746388148], [0.01673602310833125, 0.06829372736379011, 0.21620823870918032]]	0.5819004437179298	0.5805806607989316	[[-0.32100292076922343, 0.5127100888475548, 0.13085553870638506], [-0.6031602800845388, -0.4143234838968616, 0.129932245420934], [0.167810819381598, 0.017246858168609235, 0.4956241429711097]]	[[-0.004087044021577842, 0.04083384172526079, 0.255375661040787], [-0.11701459204133517, -0.12211104748116444, 0.0], [0.124975980040301, -0.1575468082066503, -0.05774777277166021]]	0.4479737866519804	[[-0.5793941324003729, 0.5793941324003727, 0.0], [-0.7071067811865475, -0.7071067811865476, 0.0], [0.0, 0.0, 0.81938704]]
