2	[[0.8787972042104137, -0.3840163418041313, 0.28327887866788265], [-0.395223040501579, -0.9183905790867732, -0.018907472103605397], [0.2674214316928388, -0.09534250611366366, -0.9588511794847616]]	0.5791645263421532	0.4208354736578467	[[0.5089681665273329, -0.22240864270863614, 0.1640650775864206], [-0.22889916505160263, -0.5318992447338869, -0.010950537125212096], [0.15488100682012346, -0.05521899739359386, -0.555332589198907]]	0.8117053461432124	0.33862429401817196	[[0.5747867921510385, -0.24833416120391516, 0.23670828320215032], [-0.3485453735646798, -0.8453388662170915, -0.015347296188550151], [0.2102981028403736, -0.0773900219271527, -0.6682989735185214]]	[[-0.1385375966822628, 0.06337395644485741, 0.006769302937975532], [-0.02774071867057272, -0.09987632332479705, 0.0], [-0.006769302937975532, 0.0, 0.11000565502498455]]	0.49557848831971724	[[0.6279940905882067, -0.6279940905882065, 0.0], [-0.7071067811865475, -0.7071067811865476, 0.0], [0.0, 0.0, -0.8881177599999999]]
2	[[-0.30792515101507295, 0.09349718223056193, 0.9468053539599837], [0.3027085282091916, -0.9338174967034747, 0.1906631317268273], [0.9019698710720718, 0.34531602882779927, 0.2592434992682147]]	0.561996310554551	0.438003689445449	[[-0.173052798797424, 0.05254507146082233, 0.5321011157388066], [0.1701210760269639, -0.5248019878786394, 0.10715197658925332], [0.5069037397738685, 0.19406633417657218, 0.14569389012398817]]	0.7844362244097328	0.3091730946975007	[[-0.0987706908564743, 0.1328296162078958, 0.7537139683008424], [0.30500279814451786, -0.8117126535882675, 0.14956306718592793], [0.6965322890055574, 0.2708784018818413, 0.0987706908564743]]	[[0.14277695200658636, 0.059487039586005035, 0.011005551189552078], [0.06754726317947252, -0.07919238218644568, 0.0], [-0.011005551189552078, 0.0, -0.10458930091225141]]	0.47700898037409795	[[0.0, 0.0, 0.9423999999999999], [0.0, -1.0, 0.0], [0.9423999999999999, 0.0, 0.0]]
2	[[0.034229894132735264, 0.2773841392786001, 0.9601491309293217], [-0.1827544195208179, -0.9427759796974285, 0.2788803941677556], [0.9825625356654255, -0.18501754344446375, 0.018422055382213542]]	0.7890678493494868	0.21093215065051324	[[0.027009708946778035, 0.21887490622422348, 0.7576228097971787], [-0.14420563677040565, -0.7439142147182054, 0.2200555528516881], [0.7753085068688959, -0.14599139509764825, 0.014536251621040377]]	0.8848884156158464	0.17075784252765325	[[0.0, 0.21916795134641748, 0.8185217946321632], [-0.1843447887808342, -0.8214230813538791, 0.24677803014142802], [0.8414891374268936, -0.16371988087970757, 0.0]]	[[-0.030289636785814263, -0.026286060176788244, -0.03110304859081615], [-0.02262752004426391, 0.012828461601255945, 0.0], [-0.027969068001573474, 0.0, -0.016301463399554322]]	0.3635143493384422	[[0.0, 0.0, 0.9423999999999999], [0.0, -1.0, 0.0], [0.9423999999999999, 0.0, 0.0]]
2	[[0.8489524140446696, -0.5135124485683378, 0.12483895166604869], [0.522794976890395, 0.7815435453534784, -0.34040431673891397], [0.0772347773085365, 0.35425224329800037, 0.9319550081910795]]	0.21285379001717866	0.7871462099828215	[[0.18070273887364105, -0.10930307089877227, 0.02657244400388989], [0.11127889223306393, 0.16635450569195062, -0.07245634895608599], [0.016439715071254773, 0.07540393260806706, 0.1983701556189621]]	0.0	0.44620819248076965	[[0.6663774305902025, -0.6663774305902024, 0.0], [0.7071067811865476, 0.7071067811865479, 0.0], [0.0, 0.0, 0.9424000000000001]]	[[0.6663774305902025, -0.6663774305902024, 0.0], [0.7071067811865476, 0.7071067811865477, 0.0], [0.0, 0.0, 0.9424000000000001]]	0.4462081924807696	[[0.6663774305902024, -0.6663774305902023, 0.0], [0.7071067811865475, 0.7071067811865476, 0.0], [0.0, 0.0, 0.9423999999999999]]
2	[[-0.8305561570912853, 0.32773595720904825, 0.4502950280316503], [-0.5100865793185324, -0.772219296347621, -0.37879947194723407], [0.22358030216652452, -0.5443036842615101, 0.808545204538665]]	0.1875817679524994	0.8124182320475004	[[-0.15579719233101713, 0.061477290274877965, 0.08446713745839725], [-0.09568294235741315, -0.14485426085592185, -0.07105587464733538], [0.041939588359750715, -0.10210144739683309, 0.15166833893687803]]	0.5235487712514872	0.6560293434779105	[[-0.38411856174105535, 0.15208248634876503, 0.4074453441637139], [-0.3530914257847386, -0.6027444970325319, -0.059632376107361544], [0.3255561456242052, -0.25065858601789237, 0.2680693888889367]]	[[0.05071809375944418, -0.019503271342962113, 0.17169393553708948], [-0.0860362239506467, -0.19845003329304686, 0.13868762198132506], [0.20850095314888512, 0.0343109390648787, -0.15524345944856366]]	0.6822196191354976	[[-0.6279940905882067, 0.6279940905882065, 0.0], [-0.7071067811865475, -0.7071067811865476, 0.0], [0.0, 0.0, 0.8881177599999999]]
2	[[0.5319609947059123, -0.8460851799387872, 0.03402011756955908], [-0.703274286200726, -0.4190807785627857, 0.5742617690636116], [-0.47161719485230363, -0.3294103357928521, -0.8179645788128509]]	0.15164389568818598	0.8483561043118142	[[0.080668637591367, -0.12830365276995748, 0.005158943160018026], [-0.10664725249680636, -0.0635510418692988, 0.08708329180559546], [-0.07151786870093761, -0.049953066599581576, -0.12403933526612691]]	0.46106851185341396	0.8165618966580426	[[0.2166334958878309, -0.514438821457905, 0.22785960351847692], [-0.38437301997673007, -0.399812759938584, 0.0], [0.1384473168882421, -0.15172929442358485, -0.33545854610620185]]	[[-0.028636968305285882, -0.12433558664230043, 0.21217399853760216], [-0.060115391413389535, -0.2065878090202704, -0.26477401927646826], [0.3558951550832753, 0.00015143888955883197, 0.041679164995843676]]	0.6834218688596765	[[0.6279940905882067, -0.6279940905882065, 0.0], [-0.7071067811865475, -0.7071067811865476, 0.0], [0.0, 0.0, -0.8881177599999999]]
2	[[0.22433838825039393, -0.7661379269479729, -0.6022499185961573], [-0.9416906372873723, -0.011392912655017143, -0.3362869982418849], [0.2507808429735371, 0.642575192824231, -0.724020780340167]]	0.1421873641554523	0.8578126358445478	[[0.03189808410420601, -0.10893513241225472, -0.08563232848802323], [-0.13389650956575955, -0.0016199282204701765, -0.04781576187976283], [0.0356578670430896, 0.09136607293935892, -0.10294660635034204]]	0.4060988576203967	0.8689141250492757	[[0.01908405300866242, -0.31119950364172405, 0.10893890332668174], [-0.46863280810816754, -0.1253688378075089, -0.13656576581862181], [0.28109460645111667, 0.04027068749842432, -0.3237837029331925]]	[[-0.07201951018022357, -7.176672849329435e-05, 0.35351190727055815], [-0.08621331607394232, -0.12074218899333752, 0.0], [0.17925279260648314, -0.22067836424270207, -0.029759691143622508]]	0.9599715416958549	[[0.6279940905882067, -0.6279940905882065, 0.0], [-0.7071067811865475, -0.7071067811865476, 0.0], [0.0, 0.0, -0.8881177599999999]]
2	[[-0.42203838922340475, -0.825029846081567, 0.3757783270710803], [0.2588054115689476, 0.28760896992378115, 0.9221175843470338], [-0.8688517462515349, 0.4864224845687207, 0.09214016247897017]]	0.10720922029522258	0.8927907797047776	[[-0.04524640664329289, -0.08845080651869232, 0.04028690144913366], [0.027746326382491054, 0.030834333415440715, 0.09885950723835964], [-0.09314891826776965, 0.0521489753046775, 0.009878274977245515]]	0.34241980801407546	1.1343205972452053	[[-0.22990627004886396, -0.4555746394033134, 0.2894055146134445], [0.18476947241253666, 0.013652359043428902, 0.024731311309276045], [0.16573412277920455, 0.16656069377975097, -0.0892118594571249]]	[[-0.08539196583641609, -0.17306807790218093, 0.1607315720019148], [0.09614937307009387, -0.08483064922099826, -0.29102001488923834], [0.4632461709233494, 0.0, -0.12076247620355962]]	1.0000000000000002	[[0.0, 0.0, 0.0], [0.0, 0.0, 0.0], [0.0, 0.0, 0.0]]
2	[[-0.3195682178843842, -0.5708200961323295, -0.7563336379995778], [0.910087742671785, 0.03735879733279218, -0.41272826520656647], [0.2638493031197415, -0.8202248094963509, 0.507557688474819]]	0.11639486829718279	0.883605131702817	[[-0.03719610063261832, -0.06644052991070774, -0.08803335418369004], [0.1059295429471628, 0.004348372295291496, -0.048039452071243036], [0.030710704886925774, -0.09546995867540961, 0.059077110303249074]]	0.36578200003067496	1.0894957161485275	[[-0.04599708547864835, -0.27969093282632584, 0.18634606213866728], [0.5394699953130654, -0.2362718901172455, -0.15096857031644872], [0.2475896563486033, -0.045664191295693934, 0.08539448987345802]]	[[0.07089521640534015, -0.07089521640534013, 0.4629992929366293], [0.20657628059517757, -0.24993706572437496, 0.0], [0.15107833054676445, 0.25435927999666064, -0.10026097654780758]]	0.969806155055762	[[1.773335475846514e-16, -0.8881177599999999, 0.0], [1.0, 1.7938038903913487e-16, 0.0], [0.0, 0.0, 0.8881177599999999]]
2	[[0.04673222253661188, -0.9725397674033924, -0.22799671093185395], [-0.8377629715199755, -0.16246744520517667, 0.5213036857710898], [-0.5440306084466285, 0.16664552219444034, -0.8223502702654952]]	0.17738781205848198	0.8226121879415179	[[0.008289726708399649, -0.17251670147955273, -0.040443837708731716], [-0.14860894054154078, -0.028819744635677585, 0.09247292023695601], [-0.09650439932519211, 0.029560884571414967, -0.14587491518809753]]	0.46618238795166017	0.8775257686699857	[[-0.05939626779250134, -0.5653291062999858, 0.10213601418748197], [-0.30455983257825503, -0.19163541936295822, 0.0], [0.07222106823533393, 0.07222106823533392, -0.4981739078880207]]	[[-0.08118200688890745, -0.11194819515392018, 0.208424065334818], [0.0859905100224057, -0.1158959577928035, -0.2430225970807685], [0.3258385563997778, -0.005466139242721661, -0.11480869516295894]]	0.8837507524587433	[[0.6279940905882067, -0.6279940905882065, 0.0], [-0.7071067811865475, -0.7071067811865476, 0.0], [0.0, 0.0, -0.8881177599999999]]
2	[[-0.5446221603179724, 0.8109226453022452, -0.2139887049042392], [-0.8354447797583356, -0.5021691245819775, 0.22328947644507607], [0.07361197229480154, 0.30038414347728, 0.9509735242804028]]	0.23911863216518142	0.7608813678348184	[[-0.13022930602207974, 0.19390671373644344, -0.05116868641550039], [-0.19977041298535442, -0.12007799418562902, 0.053392674184426094], [0.01760199412611417, 0.0718274455123968, 0.2273954883512319]]	0.5957965873368436	0.5803120185295969	[[-0.35860722336200646, 0.5295781862453418, 0.13665854822903953], [-0.6090325573460569, -0.3910436145428473, 0.13303510805420687], [0.18017744785866815, 0.013086924461057234, 0.5009202604264331]]	[[-0.03412319885653919, 0.046433241580098525, 0.2641522883396161], [-0.11127740865765968, -0.09185296385097488, 0.0], [0.1363196859782911, -0.16588092311280697, -0.06566651998752167]]	0.41768476397709753	[[-0.6279940905882067, 0.6279940905882065, 0.0], [-0.7071067811865475, -0.7071067811865476, 0.0], [0.0, 0.0, 0.8881177599999999]]
2	[[0.3802729664721569, 0.7767473726770865, -0.5020517802076895], [0.4287143634067757, 0.332951791095048, 0.839849450446521], [0.8195098935212374, -0.5346088512602871, -0.20639019011321075]]	0.12516987458342024	0.8748301254165802	[[0.04759871952078505, 0.09722537122099209, -0.06284175836297937], [0.05366212309973696, 0.04167553393369228, 0.10512385038134545], [0.1025779505919254, -0.06691692286343652, -0.025833834211718865]]	0.4126631000682846	0.9535097695244138	[[0.1457063941491287, 0.31303795434390136, 0.12127745964755157], [0.2769507773461464, -0.27537510950276567, 0.3280398156690625], [0.5820746580709008, 0.0, -0.07249219032032447]]	[[-0.011218227067434465, -0.00749702443492032, 0.3284557036628577], [0.1000361790989052, -0.412772027789336, -0.01853506214284406], [0.24389316487379709, 0.22061334588501455, 0.012677425355475697]]	1.0000000000000007	[[0.0, 0.0, 0.0], [0.0, 0.0, 0.0], [0.0, 0.0, 0.0]]
2	[[0.8592155572171323, 0.2624339665249735, -0.4391776855101157], [-0.4266000482917053, 0.8413623931712975, -0.33184593135155627], [0.2824199444684594, 0.4724804086637203, 0.8348660002631537]]	0.1693969009949682	0.8306030990050318	[[0.14554845267924701, 0.04445550064514778, -0.07439533891155638], [-0.07226472614491863, 0.1425241820169279, -0.056213672378742606], [0.04784106337212807, 0.08003671700847036, 0.1414237131906426]]	0.0	0.6885614606767798	[[0.6663774305902023, 0.6663774305902022, 0.0], [-0.7071067811865474, 0.7071067811865475, 0.0], [0.0, 0.0, 0.9423999999999995]]	[[0.6663774305902023, 0.6663774305902022, 0.0], [-0.7071067811865474, 0.7071067811865475, 0.0], [0.0, 0.0, 0.9423999999999997]]	0.68856146067678	[[0.6663774305902024, 0.6663774305902023, 0.0], [-0.7071067811865475, 0.7071067811865476, 0.0], [0.0, 0.0, 0.9423999999999999]]
2	[[0.08740825448676931, -0.06334395238859675, -0.994156597696443], [0.7119981850616444, -0.6940087028176986, 0.10681996481098455], [-0.6967197295301035, -0.717174639895393, -0.015561310176609944]]	0.15545038479188308	0.8445496152081171	[[0.013587646793955112, -0.009846841773046082, -0.15454202565530134], [0.110680391838955, -0.1078839199019268, 0.01660520463332295], [-0.10830535004755121, -0.11148507373471903, -0.0024190116548198567]]	0.4485790132157952	1.0250511922388614	[[0.06102737524085269, -0.015075626370280315, -0.0003281757571717038], [0.6351274570885492, -0.6366046010642583, 0.0383703462376963], [0.008569234474124068, -0.012597137500655877, 0.023874645820534307]]	[[0.02181786669626263, 0.013339141285384791, 0.44562960981947103], [0.3157400138221596, -0.3252868619911208, -0.009546848168961102], [0.32110308323471365, 0.30911235476701276, 0.030855122983902878]]	0.8196981646212694	[[0.0, 0.0, -0.8881177599999999], [0.0, -1.0, 0.0], [-0.8881177599999999, 0.0, 0.0]]
