2	[[-0.3195682178843842, -0.5708200961323295, -0.7563336379995778], [0.910087742671785, 0.03735879733279218, -0.41272826520656647], [0.2638493031197415, -0.8202248094963509, 0.507557688474819]]	0.1224338258172206	0.8775661741827794	[[-0.039125959525176286, -0.06988768822283477, -0.09260082089454508], [0.1114255241646648, 0.004573980485383898, -0.050531900532144396], [0.032304079620157466, -0.10042326145683918, 0.06214222962291712]]	0.38046031230235	1.1005044044098469	[[-0.0418287473037221, -0.2969286687174395, 0.19446140421643082], [0.5445937929890938, -0.24605154013522063, -0.1570267246764974], [0.2705884942654197, -0.041821508752105406, 0.08031597693828821]]	[[0.07975427667447606, -0.07975427667447604, 0.4822163363345227], [0.1983415261896457, -0.260265079835695, 0.0], [0.1702043059997254, 0.2702414784270118, -0.11278957973030021]]	0.991788404303922	[[1.9176639266880466e-16, -0.9603999999999999, 0.0], [1.0, 1.7938038903913487e-16, 0.0], [0.0, 0.0, 0.9603999999999999]]
2	[[0.8592155572171323, 0.2624339665249735, -0.4391776855101157], [-0.4266000482917053, 0.8413623931712975, -0.33184593135155627], [0.2824199444684594, 0.4724804086637203, 0.8348660002631537]]	0.17709731018723568	0.8229026898127644	[[0.152164764054181, 0.046476349573339876, -0.07777718679809725], [-0.07554972107820584, 0.14900301672333222, -0.05876902183893867], [0.05001581250859266, 0.08367500949051075, 0.14785252301338053]]	0.0	0.6887156261011681	[[0.6929646455628162, 0.6929646455628162, 0.0], [-0.7071067811865472, 0.7071067811865472, 0.0], [0.0, 0.0, 0.9799999999999995]]	[[0.6929646455628162, 0.6929646455628163, 0.0], [-0.7071067811865474, 0.7071067811865472, 0.0], [0.0, 0.0, 0.9799999999999995]]	0.6887156261011683	[[0.6929646455628166, 0.6929646455628165, 0.0], [-0.7071067811865475, 0.7071067811865476, 0.0], [0.0, 0.0, 0.98]]
2	[[0.04673222253661188, -0.9725397674033924, -0.22799671093185395], [-0.8377629715199755, -0.16246744520517667, 0.5213036857710898], [-0.5440306084466285, 0.16664552219444034, -0.8223502702654952]]	0.1836145992084642	0.8163854007915357	[[0.008580718311180763, -0.17857249960606697, -0.04186352469860044], [-0.15382551224733232, -0.02983139483577161, 0.09571896732875382], [-0.0998919621270647, 0.0305985507676174, -0.15099551528377117]]	0.48137993505584786	0.8963012997681541	[[-0.07463344400284729, -0.5987777368008637, 0.1168730470131058], [-0.3020455457082387, -0.20290500447378146, 0.0035663294658735667], [0.085063637510495, 0.08021981065130755, -0.5332246320074385]]	[[-0.09712939825253694, -0.1306166067289892, 0.22662608891442856], [0.10123673911424126, -0.12469643625222392, -0.24737880493498776], [0.3469490564729265, 0.0, -0.13736171231387534]]	0.8713216817125746	[[0.6791053526515602, -0.6791053526515601, 0.0], [-0.7071067811865475, -0.7071067811865476, 0.0], [0.0, 0.0, -0.9603999999999999]]
2	[[0.034229894132735264, 0.2773841392786001, 0.9601491309293217], [-0.1827544195208179, -0.9427759796974285, 0.2788803941677556], [0.9825625356654255, -0.18501754344446375, 0.018422055382213542]]	0.8248581156058399	0.17514188439416017	[[0.028234805971715404, 0.22880255842429392, 0.7919868028389451], [-0.15074646610458095, -0.7776564180516707, 0.23003675641262875], [0.8104746816338787, -0.15261322223962198, 0.015195581888159082]]	0.9167634716309417	0.12704674798168522	[[0.0, 0.24554293093728638, 0.8663106395930144], [-0.17661112603162762, -0.8209443890565553, 0.2556673583270371], [0.8977600551210585, -0.16961732544077515, 0.0]]	[[-0.031380716578685984, -0.008752715563123709, -0.013919010961182046], [-0.009068549935825065, 0.04335819106112164, 0.0], [-0.0030173861700779486, 0.0, -0.016888667446775557]]	0.34684291719399524	[[0.0, 0.0, 0.98], [0.0, -1.0, 0.0], [0.98, 0.0, 0.0]]
2	[[-0.5446221603179724, 0.8109226453022452, -0.2139887049042392], [-0.8354447797583356, -0.5021691245819775, 0.22328947644507607], [0.07361197229480154, 0.30038414347728, 0.9509735242804028]]	0.25089658284788297	0.749103417152117	[[-0.1366438389670111, 0.2034577206602992, -0.05368903482851768], [-0.20961024039946868, -0.12599251736933095, 0.05602256662596244], [0.01846899230545873, 0.07536535514013774, 0.23859600762076127]]	0.6088423080785529	0.5843422509516164	[[-0.25865549807431, 0.546143669143679, 0.1425290140009466], [-0.6145454601608625, -0.5149390296685313, 0.13594808020847182], [0.19310630126817857, 0.008460163363624871, 0.5048603296747113]]	[[0.07293351504441199, 0.05241965410469419, 0.272814390997584], [-0.10589133218061922, -0.20919722081225373, 0.0], [0.1482882181539971, -0.17442641186128147, -0.07413258576976499]]	0.39165757726503425	[[-0.6791053526515602, 0.6791053526515601, 0.0], [-0.7071067811865475, -0.7071067811865476, 0.0], [0.0, 0.0, 0.9603999999999999]]
2	[[-0.30792515101507295, 0.09349718223056193, 0.9468053539599837], [0.3027085282091916, -0.9338174967034747, 0.1906631317268273], [0.9019698710720718, 0.34531602882779927, 0.2592434992682147]]	0.6175042255007492	0.38249577449925076	[[-0.19014508188976387, 0.05773490509978556, 0.5846563067970225], [0.1869237952642886, -0.5766362500609277, 0.11773528948852183], [0.5569702066613704, 0.21323410693430458, 0.160083956231723]]	0.8142423083253524	0.2733548352248426	[[-0.1257946200859756, 0.14909824734559676, 0.7800286496044138], [0.2927643902691495, -0.8144280250341389, 0.15524598848979257], [0.7253223572004098, 0.2811709204144912, 0.1257946200859756]]	[[0.12493106566797005, 0.0729688858642679, 0.009099672661234381], [0.04628629951032734, -0.05407431096369969, 0.0], [-0.009099672661234381, 0.0, -0.08529240517651732]]	0.46943132176436664	[[0.0, 0.0, 0.98], [0.0, -1.0, 0.0], [0.98, 0.0, 0.0]]
2	[[0.8787972042104137, -0.3840163418041313, 0.28327887866788265], [-0.395223040501579, -0.9183905790867732, -0.018907472103605397], [0.2674214316928388, -0.09534250611366366, -0.9588511794847616]]	0.6350668007246618	0.3649331992753383	[[0.5580949289636847, -0.2438760296155379, 0.1799010111884819], [-0.25099303190401123, -0.5832393668763065, -0.012007507818627474], [0.1698304730703798, -0.06054886033067589, -0.608934550926456]]	0.8407517338468543	0.2942865538407725	[[0.6141546631477192, -0.26766659042289653, 0.24494077406228018], [-0.3458892488292034, -0.8496085635009306, -0.01589648995376727], [0.21806146670349716, -0.08015937732436702, -0.7181778219291419]]	[[-0.12469560999195434, 0.055195814774453004, 0.0067735656600651515], [-0.013604792271275395, -0.07747009178510939, 0.0], [-0.0067735656600651515, 0.0, 0.08797796972377274]]	0.47606604738339336	[[0.6791053526515602, -0.6791053526515601, 0.0], [-0.7071067811865475, -0.7071067811865476, 0.0], [0.0, 0.0, -0.9603999999999999]]
2	[[0.8489524140446696, -0.5135124485683378, 0.12483895166604869], [0.522794976890395, 0.7815435453534784, -0.34040431673891397], [0.0772347773085365, 0.35425224329800037, 0.9319550081910795]]	0.2203563276184624	0.7796436723815374	[[0.18707203628171173, -0.11315571735288343, 0.027509052932869232], [0.11520118120494634, 0.17221806552800567, -0.07501024514205898], [0.017019171892138862, 0.07806172338374942, 0.20536218311062024]]	0.0	0.43328769354738456	[[0.6929646455628163, -0.6929646455628163, 0.0], [0.7071067811865474, 0.7071067811865474, 0.0], [0.0, 0.0, 0.9799999999999996]]	[[0.6929646455628165, -0.6929646455628163, 0.0], [0.7071067811865474, 0.7071067811865475, 0.0], [0.0, 0.0, 0.9799999999999996]]	0.43328769354738433	[[0.6929646455628166, -0.6929646455628165, 0.0], [0.7071067811865475, 0.7071067811865476, 0.0], [0.0, 0.0, 0.98]]
2	[[0.3802729664721569, 0.7767473726770865, -0.5020517802076895], [0.4287143634067757, 0.332951791095048, 0.839849450446521], [0.8195098935212374, -0.5346088512602871, -0.20639019011321075]]	0.12875259658504937	0.8712474034149511	[[0.048961131844389646, 0.10000824112278991, -0.06464047032188656], [0.05519808748192882, 0.04286840764113034, 0.10813279748551632], [0.10551402671799663, -0.06883227775711241, -0.02657327288675787]]	0.4275784170963428	0.9442525832346745	[[0.14244723261925868, 0.3222350655685168, 0.138639248950603], [0.2858438681442418, -0.2624001831629006, 0.32782845928969934], [0.6214673262615221, 0.0, -0.059752605109167245]]	[[-0.020149280449436854, -0.009885346524494968, 0.35330575443220796], [0.10253485925230635, -0.40476318296871344, -0.03127303933145754], [0.27106258319491894, 0.22858720638756774, 0.02849538568365266]]	1.0000000000000007	[[0.0, 0.0, 0.0], [0.0, 0.0, 0.0], [0.0, 0.0, 0.0]]
2	[[-0.42203838922340475, -0.825029846081567, 0.3757783270710803], [0.2588054115689476, 0.28760896992378115, 0.9221175843470338], [-0.8688517462515349, 0.4864224845687207, 0.09214016247897017]]	0.11050728604152878	0.8894927139584714	[[-0.04663831699841683, -0.09117180919373422, 0.041526243077851036], [0.028599883645345284, 0.031782886707476775, 0.10190071165736121], [-0.0960144484507002, 0.053753228639266744, 0.010182159290976503]]	0.3540338415131609	1.1491617499298872	[[-0.23722628430462103, -0.48330310329163556, 0.31046103254705276], [0.18305695705031289, 0.008515961792235086, 0.03593081236440467], [0.18860030146792914, 0.17221002081024045, -0.09156194003190532]]	[[-0.08781041210183242, -0.1912146175203666, 0.1774227878566892], [0.0914310829881637, -0.09330734668352436, -0.2905300183488119], [0.4962032228987782, 0.0, -0.12418267571198195]]	1.0000000000000002	[[0.0, 0.0, 0.0], [0.0, 0.0, 0.0], [0.0, 0.0, 0.0]]
2	[[0.5319609947059123, -0.8460851799387872, 0.03402011756955908], [-0.703274286200726, -0.4190807785627857, 0.5742617690636116], [-0.47161719485230363, -0.3294103357928521, -0.8179645788128509]]	0.15847170367073776	0.8415282963292622	[[0.08430076511742624, -0.13408055991546236, 0.005391225990326848], [-0.11144907428205111, -0.06641244495450382, 0.0910042408964823], [-0.07473798034865892, -0.05220221711984308, -0.12962424034678993]]	0.4750011848903463	0.8067727322955022	[[0.22082707642722457, -0.5509340775632388, 0.2374091204579185], [-0.3752036441821379, -0.39626763348823324, 0.010102436123831353], [0.16376721601457572, -0.1564702998167316, -0.3622108451416075]]	[[-0.03185502637353101, -0.14904261457415272, 0.22124952430226902], [-0.04114752493388054, -0.1972037671061412, -0.2626725846186106], [0.3877859423840813, 0.0, 0.02632329899282969]]	0.6570503851407005	[[0.6791053526515602, -0.6791053526515601, 0.0], [-0.7071067811865475, -0.7071067811865476, 0.0], [0.0, 0.0, -0.9603999999999999]]
2	[[-0.8305561570912853, 0.32773595720904825, 0.4502950280316503], [-0.5100865793185324, -0.772219296347621, -0.37879947194723407], [0.22358030216652452, -0.5443036842615101, 0.808545204538665]]	0.19685303033959578	0.8031469696604041	[[-0.16349749639062888, 0.06451581632784925, 0.0886419408148836], [-0.10041208887441166, -0.15201370857273958, -0.07456782394385172], [0.0440124600057229, -0.10714782967188481, 0.15916457367998452]]	0.5416245983507103	0.6348908630309239	[[-0.41268097694696815, 0.17104359608161882, 0.4289276018434378], [-0.3500046555556555, -0.5978687892206442, -0.06476888399691338], [0.34728251170915025, -0.25931272009400647, 0.2880898491035342]]	[[0.03716866804530872, -0.006466260106817504, 0.18503673814647342], [-0.07372921690816776, -0.1796158229976958, 0.1403982278519684], [0.22618592034907595, 0.03549554427494575, -0.14983812255311316]]	0.6805524146995211	[[-0.6791053526515602, 0.6791053526515601, 0.0], [-0.7071067811865475, -0.7071067811865476, 0.0], [0.0, 0.0, 0.9603999999999999]]
2	[[0.08740825448676931, -0.06334395238859675, -0.994156597696443], [0.7119981850616444, -0.6940087028176986, 0.10681996481098455], [-0.6967197295301035, -0.717174639895393, -0.015561310176609944]]	0.16757704454593397	0.8324229554540661	[[0.014647616955811679, -0.010614992331139394, -0.166597824457811], [0.11931455157469936, -0.11629992730734734, 0.017900574001525456], [-0.11675423315149733, -0.12018200657696443, -0.002607718368658852]]	0.46666767262473	1.0282739063957482	[[0.06476219828576793, -0.0158718169933642, 0.0006408090769508476], [0.6348169400284722, -0.6371286542012682, 0.03914260038489573], [0.010643254602246098, -0.013444513765587984, 0.026638989543957395]]	[[0.023971591596237157, 0.013688757842673933, 0.46458155474846996], [0.30255040409272277, -0.3132572280760248, -0.01070682398330198], [0.3357798292537909, 0.3212377062998739, 0.0339009499470675]]	0.7964100786257657	[[0.0, 0.0, -0.9603999999999999], [0.0, -1.0, 0.0], [-0.9603999999999999, 0.0, 0.0]]
2	[[0.22433838825039393, -0.7661379269479729, -0.6022499185961573], [-0.9416906372873723, -0.011392912655017143, -0.3362869982418849], [0.2507808429735371, 0.642575192824231, -0.724020780340167]]	0.14996240935026384	0.8500375906497362	[[0.033642325211783994, -0.11489188941973445, -0.09031484882367997], [-0.14121819683019976, -0.0017085086312634973, -0.050430408489521], [0.037607699431201805, 0.09636212410463206, -0.10857590063946954]]	0.422374814875809	0.8686082306857694	[[0.02068666118585905, -0.32654447131566766, 0.11861241269333006], [-0.48476513988711767, -0.1291922263681694, -0.14203915862755767], [0.2994464293199093, 0.0367512342859684, -0.3335410997410966]]	[[-0.07406822402093848, -0.002947106251681611, 0.37298761056935303], [-0.08701873129258114, -0.1243801469946103, 0.0], [0.19352291719456222, -0.2346563438269535, -0.027732956678679782]]	0.9523801505185651	[[0.6791053526515602, -0.6791053526515601, 0.0], [-0.7071067811865475, -0.7071067811865476, 0.0], [0.0, 0.0, -0.9603999999999999]]
2	[[0.50607966, 0.26960331, 0.8192664], [-0.59451586, 0.79721188, 0.10490047], [-0.62484739, -0.54015486, 0.56373616]]	0.24065246425860592	0.7593475386294087	[[ 0.12178932  0.0648807   0.19715848]
 [-0.14307171  0.191851    0.02524456]
 [-0.15037106 -0.1299896   0.1356645 ]]	0.6044834876006743	0.7019141258237914	[[ 1.81030193e-01  6.09597391e-02  7.09504952e-01]
 [-2.89216291e-01  3.75427928e-01  1.72149515e-10]
 [-1.83151393e-01 -2.18022782e-01  2.56015354e-01]]	[[-0.12488660510203137, -0.1020110100387141, 0.2142719407919048], [0.07015872914801305, -0.10647348936401259, -0.06341060178439556], [0.1945585363521161, 0.10849191155520535, -0.08475384605710637]]	0.8696731461034862	WordDict: (word: HZ, matrix: [[ 0.      0.      0.9604]
 [ 0.      1.      0.    ]
 [-0.9604  0.      0.    ]])
2	[[0.50607966, 0.26960331, 0.8192664], [-0.59451586, 0.79721188, 0.10490047], [-0.62484739, -0.54015486, 0.56373616]]	0.24065246425860592	0.7593475386294087	[[ 0.12178932  0.0648807   0.19715848]
 [-0.14307171  0.191851    0.02524456]
 [-0.15037106 -0.1299896   0.1356645 ]]	0.6044834876006743	0.7019141258237914	[[ 1.81030193e-01  6.09597391e-02  7.09504952e-01]
 [-2.89216291e-01  3.75427928e-01  1.72149515e-10]
 [-1.83151393e-01 -2.18022782e-01  2.56015354e-01]]	[[-0.12488660510203137, -0.1020110100387141, 0.2142719407919048], [0.07015872914801305, -0.10647348936401259, -0.06341060178439556], [0.1945585363521161, 0.10849191155520535, -0.08475384605710637]]	0.8696731461034862	WordDict: (word: HZ, matrix: [[ 0.      0.      0.9604]
 [ 0.      1.      0.    ]
 [-0.9604  0.      0.    ]])
2	[[0.50607966, 0.26960331, 0.8192664], [-0.59451586, 0.79721188, 0.10490047], [-0.62484739, -0.54015486, 0.56373616]]	0.24065246322263484	0.7593475396653799	[[ 0.12178932  0.0648807   0.19715848]
 [-0.14307171  0.191851    0.02524456]
 [-0.15037106 -0.1299896   0.1356645 ]]	0.6044834889986224	0.701914124824369	[[ 1.81030193e-01  6.09597391e-02  7.09504953e-01]
 [-2.89216292e-01  3.75427930e-01  1.09806356e-11]
 [-1.83151394e-01 -2.18022782e-01  2.56015354e-01]]	[[-0.12488660554939254, -0.10201101041366903, 0.21427194088725737], [0.07015872945861201, -0.10647348904601599, -0.06341060209221352], [0.19455853594136585, 0.10849191193756791, -0.08475384666509106]]	0.8696731461034862	WordDict: (word: HZ, matrix: [[ 0.      0.      0.9604]
 [ 0.      1.      0.    ]
 [-0.9604  0.      0.    ]])
2	[[0.50607966, 0.26960331, 0.8192664], [-0.59451586, 0.79721188, 0.10490047], [-0.62484739, -0.54015486, 0.56373616]]	0.24065246322263484	0.7593475396653799	[[ 0.12178932  0.0648807   0.19715848]
 [-0.14307171  0.191851    0.02524456]
 [-0.15037106 -0.1299896   0.1356645 ]]	0.6044834889986224	0.701914124824369	[[ 1.81030193e-01  6.09597391e-02  7.09504953e-01]
 [-2.89216292e-01  3.75427930e-01  1.09806356e-11]
 [-1.83151394e-01 -2.18022782e-01  2.56015354e-01]]	[[-0.12488660554939254, -0.10201101041366903, 0.21427194088725737], [0.07015872945861201, -0.10647348904601599, -0.06341060209221352], [0.19455853594136585, 0.10849191193756791, -0.08475384666509106]]	0.8696731461034862	WordDict: (word: HZ, matrix: [[ 0.      0.      0.9604]
 [ 0.      1.      0.    ]
 [-0.9604  0.      0.    ]])
2	[[0.50607966, 0.26960331, 0.8192664], [-0.59451586, 0.79721188, 0.10490047], [-0.62484739, -0.54015486, 0.56373616]]	0.24065246322263484	0.7593475396653799	[[ 0.12178932  0.0648807   0.19715848]
 [-0.14307171  0.191851    0.02524456]
 [-0.15037106 -0.1299896   0.1356645 ]]	0.6044834889986224	0.701914124824369	[[ 1.81030193e-01  6.09597391e-02  7.09504953e-01]
 [-2.89216292e-01  3.75427930e-01  1.09806356e-11]
 [-1.83151394e-01 -2.18022782e-01  2.56015354e-01]]	[[-0.12488660554939254, -0.10201101041366903, 0.21427194088725737], [0.07015872945861201, -0.10647348904601599, -0.06341060209221352], [0.19455853594136585, 0.10849191193756791, -0.08475384666509106]]	0.8696731461034862	WordDict: (word: HZ, matrix: [[ 0.      0.      0.9604]
 [ 0.      1.      0.    ]
 [-0.9604  0.      0.    ]])
