2	[[-0.30792515101507295, 0.09349718223056193, 0.9468053539599837], [0.3027085282091916, -0.9338174967034747, 0.1906631317268273], [0.9019698710720718, 0.34531602882779927, 0.2592434992682147]]	0.6341644204055484	0.36583557959445157	[[-0.19527517492176474, 0.05929258637879627, 0.6004302685309032], [0.1919669783435986, -0.5921938315615193, 0.12091177442425018], [0.5719972005116878, 0.218987139278327, 0.1644030034573336]]	0.8225141603410085	0.2635967554779611	[[-0.13370599433463282, 0.15388870782850012, 0.787274490738791], [0.28944328199673014, -0.8151504015003781, 0.15682312570027848], [0.7333693111377093, 0.28402732350358884, 0.13370599433463282]]	[[0.1195668027004082, 0.07698595149187919, 0.008513680020023555], [0.04046123108868442, -0.04707228728757702, 0.0], [-0.008513680020023555, 0.0, -0.07952545478982767]]	0.4676773129416417	[[0.0, 0.0, 0.9905999999999999], [0.0, -1.0, 0.0], [0.9905999999999999, 0.0, 0.0]]
2	[[-0.3195682178843842, -0.5708200961323295, -0.7563336379995778], [0.910087742671785, 0.03735879733279218, -0.41272826520656647], [0.2638493031197415, -0.8202248094963509, 0.507557688474819]]	0.12411853609782644	0.8758814639021734	[[-0.039664339387201, -0.07084935470716532, -0.09387502395005101], [0.11295875834099733, 0.004636919235321564, -0.05122722808363451], [0.03274858925365398, -0.10180510262580565, 0.0629973172786912]]	0.3844957625660778	1.0866495152217972	[[-0.2052292557751297, -0.30183453829823287, 0.19671020152120955], [0.5460024583928758, -0.08088613506895279, -0.15869226906317319], [0.27727371165414477, -0.04060768873022333, 0.0786839171700504]]	[[-0.08235663014779099, -0.08235663014779097, 0.48751728041823306], [0.19607757777224735, -0.09525043433797634, 0.0], [0.1758247726485915, 0.27476527487269203, -0.11646986330635092]]	0.9989876096049757	[[1.9593724382037415e-16, -0.9812883599999999, 0.0], [1.0, 1.7938038903913487e-16, 0.0], [0.0, 0.0, 0.9812883599999999]]
2	[[0.22433838825039393, -0.7661379269479729, -0.6022499185961573], [-0.9416906372873723, -0.011392912655017143, -0.3362869982418849], [0.2507808429735371, 0.642575192824231, -0.724020780340167]]	0.15211688377592172	0.8478831162240783	[[0.03412565653196277, -0.11654251398987041, -0.09161238087115], [-0.14324704522511683, -0.0017330543702124696, -0.05115493022691439], [0.03814800034383324, 0.09774653592413404, -0.11013578489435737]]	0.4268492263499938	0.8686750701559092	[[0.02115046262957102, -0.33084259515663816, 0.1214189171454301], [-0.48920006738688654, -0.13024331131375058, -0.1435438450311103], [0.3046879988020265, 0.035641359327736606, -0.3361342264952739]]	[[-0.07460820483571416, -0.0038172137615079538, 0.37848882896754654], [-0.08724014739973908, -0.12538025536108344, 0.0], [0.19764238999537298, -0.2386413646009845, -0.027086516545754794]]	0.9507726877555486	[[0.693875653655426, -0.6938756536554259, 0.0], [-0.7071067811865475, -0.7071067811865476, 0.0], [0.0, 0.0, -0.9812883599999999]]
2	[[0.8489524140446696, -0.5135124485683378, 0.12483895166604869], [0.522794976890395, 0.7815435453534784, -0.34040431673891397], [0.0772347773085365, 0.35425224329800037, 0.9319550081910795]]	0.22236830742192853	0.7776316925780714	[[0.18878011139287343, -0.11418889402823137, 0.027760226382307213], [0.11625303413980334, 0.1737905153567862, -0.07569513175235035], [0.01717456670420886, 0.07877447174259757, 0.2072372577648398]]	0.0	0.42990304996516987	[[0.7004599774433939, -0.7004599774433938, 0.0], [0.7071067811865475, 0.7071067811865476, 0.0], [0.0, 0.0, 0.9905999999999999]]	[[0.7004599774433939, -0.7004599774433938, 0.0], [0.7071067811865475, 0.7071067811865476, 0.0], [0.0, 0.0, 0.9905999999999999]]	0.42990304996516987	[[0.7004599774433939, -0.7004599774433938, 0.0], [0.7071067811865475, 0.7071067811865476, 0.0], [0.0, 0.0, 0.9905999999999999]]
2	[[0.034229894132735264, 0.2773841392786001, 0.9601491309293217], [-0.1827544195208179, -0.9427759796974285, 0.2788803941677556], [0.9825625356654255, -0.18501754344446375, 0.018422055382213542]]	0.8277638899411731	0.17223611005882683	[[0.02833427031958749, 0.2296085741372382, 0.7947767795416921], [-0.15127750920649327, -0.780395912297444, 0.23084711990462903], [0.8133297866328755, -0.15315084146894936, 0.015249112223892797]]	0.9255586823863606	0.12555920514623947	[[0.0, 0.2532903184683501, 0.8799865611405444], [-0.17450996130109925, -0.8207987320537068, 0.2581201701692968], [0.9139710130623879, -0.17124459372881912, 0.0]]	[[-0.03168177571171906, -0.0034449799972257307, -0.008687803376807659], [-0.005360021569126848, 0.051795761500555496, 0.0], [0.0045517271896951565, 0.0, -0.017050693306410125]]	0.34233031670932934	[[0.0, 0.0, 0.9905999999999999], [0.0, -1.0, 0.0], [0.9905999999999999, 0.0, 0.0]]
2	[[-0.5446221603179724, 0.8109226453022452, -0.2139887049042392], [-0.8354447797583356, -0.5021691245819775, 0.22328947644507607], [0.07361197229480154, 0.30038414347728, 0.9509735242804028]]	0.2541941712647174	0.7458058287352828	[[-0.13843977869442697, 0.20613180978239648, -0.05439468150314324], [-0.21236519342810434, -0.1276484644578444, 0.056758883417088735], [0.0187117342926384, 0.07635589841226914, 0.24173192689914455]]	0.612349147115374	0.584056923811617	[[-0.3876649304494122, 0.5507338053059422, 0.14418648849215726], [-0.616027391529771, -0.3863618864818449, 0.1367311204609807], [0.1968296393531823, 0.0070808481833787166, 0.5057255133785874]]	[[-0.05416601507856943, 0.05416601507856941, 0.27522228943259164], [-0.10444349318276308, -0.07885905133639716, 0.0], [0.15175341090098002, -0.1768591258819158, -0.07660231314381843]]	0.3854118549734977	[[-0.693875653655426, 0.6938756536554259, 0.0], [-0.7071067811865475, -0.7071067811865476, 0.0], [0.0, 0.0, 0.9812883599999999]]
2	[[0.04673222253661188, -0.9725397674033924, -0.22799671093185395], [-0.8377629715199755, -0.16246744520517667, 0.5213036857710898], [-0.5440306084466285, 0.16664552219444034, -0.8223502702654952]]	0.1853118001571068	0.8146881998428931	[[0.008660032283602057, -0.1802230950218966, -0.04225048093268136], [-0.15524736435733363, -0.030107134737897404, 0.09660372443877538], [-0.10081529139181089, 0.030881381705972835, -0.1523912089425822]]	0.48528536883484774	0.9006449916617002	[[-0.0791665582216587, -0.6069010130410487, 0.12046341728444761], [-0.3027413656044076, -0.20512757009471788, 0.006211293797711327], [0.0894903647906705, 0.08087063370280481, -0.5431051656913692]]	[[-0.10184502207181062, -0.13494169331013608, 0.23110688524214448], [0.10381274702584177, -0.12628449602466826, -0.24676975762667755], [0.3535004592681393, 0.0, -0.14403061147414178]]	0.868299979769442	[[0.693875653655426, -0.6938756536554259, 0.0], [-0.7071067811865475, -0.7071067811865476, 0.0], [0.0, 0.0, -0.9812883599999999]]
2	[[0.8787972042104137, -0.3840163418041313, 0.28327887866788265], [-0.395223040501579, -0.9183905790867732, -0.018907472103605397], [0.2674214316928388, -0.09534250611366366, -0.9588511794847616]]	0.652226918217765	0.3477730817822349	[[0.5731751922405461, -0.2504657951601684, 0.18476211002973728], [-0.2577751057149998, -0.5989990571179948, -0.012331962261422915], [0.1744194562584028, -0.06218494893767326, -0.6253885498248152]]	0.848595489676528	0.2815706138572476	[[0.6254576016755581, -0.27336531737767666, 0.24715652637016677], [-0.34498316777145677, -0.8504573211970186, -0.016044795548304316], [0.22016527316540552, -0.08090722066251177, -0.7321676087282534]]	[[-0.12028574215774165, 0.052509218239389026, 0.0067673476119771555], [-0.009598678185573147, -0.07111521802256836, 0.0], [-0.0067673476119771555, 0.0, 0.08150917745353425]]	0.4717069222932172	[[0.693875653655426, -0.6938756536554259, 0.0], [-0.7071067811865475, -0.7071067811865476, 0.0], [0.0, 0.0, -0.9812883599999999]]
2	[[0.8592155572171323, 0.2624339665249735, -0.4391776855101157], [-0.4266000482917053, 0.8413623931712975, -0.33184593135155627], [0.2824199444684594, 0.4724804086637203, 0.8348660002631537]]	0.1792327652813239	0.8207672347186762	[[0.1539995802927602, 0.04703676552401739, -0.07871503102382967], [-0.07646070632446869, 0.15079970833180417, -0.059477663923495815], [0.050618907617679926, 0.08468397018604858, 0.14963534186652355]]	0.0	0.6890739246749638	[[0.7004599774433939, 0.7004599774433938, 0.0], [-0.7071067811865475, 0.7071067811865476, 0.0], [0.0, 0.0, 0.9905999999999999]]	[[0.7004599774433939, 0.7004599774433938, 0.0], [-0.7071067811865475, 0.7071067811865476, 0.0], [0.0, 0.0, 0.9905999999999999]]	0.6890739246749638	[[0.7004599774433939, 0.7004599774433938, 0.0], [-0.7071067811865475, 0.7071067811865476, 0.0], [0.0, 0.0, 0.9905999999999999]]
2	[[0.5319609947059123, -0.8460851799387872, 0.03402011756955908], [-0.703274286200726, -0.4190807785627857, 0.5742617690636116], [-0.47161719485230363, -0.3294103357928521, -0.8179645788128509]]	0.16043919587131494	0.8395608041286851	[[0.0853473942255214, -0.13574522590801588, 0.0054581603063076495], [-0.1128327609550175, -0.06723698311773793, 0.09213409644820461], [-0.07566588350118891, -0.05285032938630504, -0.13123357927595256]]	0.4787760463255724	0.8072295421156374	[[0.22189670773098888, -0.5613692006809166, 0.24007179486871089], [-0.37265982647705176, -0.3952780291085647, 0.012892272454484165], [0.17122525225637097, -0.15771377818968094, -0.36992906826932426]]	[[-0.03279347411372661, -0.15628388337516333, 0.22378377748322628], [-0.03594894424742922, -0.1946321908572315, -0.2620505068937207], [0.397024268186914, 0.0, 0.021692778809054673]]	0.6497882177614354	[[0.693875653655426, -0.6938756536554259, 0.0], [-0.7071067811865475, -0.7071067811865476, 0.0], [0.0, 0.0, -0.9812883599999999]]
2	[[0.3802729664721569, 0.7767473726770865, -0.5020517802076895], [0.4287143634067757, 0.332951791095048, 0.839849450446521], [0.8195098935212374, -0.5346088512602871, -0.20639019011321075]]	0.1296849939697568	0.8703150060302438	[[0.049315697363803195, 0.1007324783416524, -0.0651085820887399], [0.055597819633155826, 0.04317885102038106, 0.10891587091666063], [0.1062781355994577, -0.06933074565186895, -0.026765710560248693]]	0.43165901987787875	0.9415739150399826	[[0.1406380846840459, 0.3246926040267537, 0.1437486691237598], [0.28827688186958833, -0.258156117259888, 0.327770635414558], [0.6327529679530113, 0.0, -0.055841784057239274]]	[[-0.02351017130937881, -0.010597405555754863, 0.3604638484961553], [0.10321845995385079, -0.4018777610705608, -0.034757955210162374], [0.2790041305354092, 0.23076873275305426, 0.033248403119438344]]	1.0000000000000007	[[0.0, 0.0, 0.0], [0.0, 0.0, 0.0], [0.0, 0.0, 0.0]]
2	[[-0.42203838922340475, -0.825029846081567, 0.3757783270710803], [0.2588054115689476, 0.28760896992378115, 0.9221175843470338], [-0.8688517462515349, 0.4864224845687207, 0.09214016247897017]]	0.11140287319642889	0.8885971268035713	[[-0.04701628915868005, -0.091910695326294, 0.04186278532066576], [0.028831666447565067, 0.03204046560657449, 0.10272654832120993], [-0.09679258091415557, 0.05418886236830109, 0.01026467883694307]]	0.3572025728727236	1.1537915800315974	[[-0.23921022246467338, -0.4912082976055173, 0.3165168988830028], [0.18258972048409855, 0.007114565537754573, 0.038986444174631076], [0.19531643086799788, 0.17375136299108973, -0.09218441990154064]]	[[-0.08845702398301333, -0.1965055138883947, 0.18228791362340513], [0.0901437615982863, -0.09562009850029383, -0.29039632944531013], [0.5056725100740049, 0.0, -0.12509712300393958]]	1.0000000000000002	[[0.0, 0.0, 0.0], [0.0, 0.0, 0.0], [0.0, 0.0, 0.0]]
2	[[0.08740825448676931, -0.06334395238859675, -0.994156597696443], [0.7119981850616444, -0.6940087028176986, 0.10681996481098455], [-0.6967197295301035, -0.717174639895393, -0.015561310176609944]]	0.17106738016861747	0.8289326198313826	[[0.014952701100163435, -0.010836083984642895, -0.17006776464527681], [0.12179966420330596, -0.11872225060524436, 0.01827341152991903], [-0.11918601884250252, -0.12268518677027652, -0.002662032563903901]]	0.47164190955952795	1.0292242951662824	[[0.06582457177990025, -0.016095984061857832, 0.0009345096984975515], [0.6347315503158242, -0.6372727646304039, 0.03935496411043265], [0.01126152516920486, -0.013686947381566948, 0.027449121883007147]]	[[0.02459917572249514, 0.013779678601747714, 0.46982042583725137], [0.29892336671043196, -0.3099491747825337, -0.011025808072101686], [0.33986374883258075, 0.324562669266363, 0.03478848792995161]]	0.7899627426415607	[[0.0, 0.0, -0.9812883599999999], [0.0, -1.0, 0.0], [-0.9812883599999999, 0.0, 0.0]]
2	[[-0.8305561570912853, 0.32773595720904825, 0.4502950280316503], [-0.5100865793185324, -0.772219296347621, -0.37879947194723407], [0.22358030216652452, -0.5443036842615101, 0.808545204538665]]	0.19944539892132632	0.8005546010786735	[[-0.16565060407763516, 0.06536542872642137, 0.08980927149806234], [-0.10173442129659946, -0.15401558561479722, -0.07554981179370386], [0.04459206255655318, -0.10855886544188453, 0.1612606208651394]]	0.5465764361481813	0.6289697033718843	[[-0.42100661629210323, 0.17663102238749379, 0.4350114930410231], [-0.3491464790588096, -0.5964630309206058, -0.0661733453705192], [0.35351564989692735, -0.26168350334985674, 0.2938925836204304]]	[[0.03295580807178039, -0.0025017291014406973, 0.18889084140423834], [-0.07034517440786953, -0.1743861599980669, 0.14086952002121295], [0.2313119251458149, 0.03582006457612434, -0.14803917274101536]]	0.6812844890578197	[[-0.693875653655426, 0.6938756536554259, 0.0], [-0.7071067811865475, -0.7071067811865476, 0.0], [0.0, 0.0, 0.9812883599999999]]
