2	[[-0.30792515101507295, 0.09349718223056193, 0.9468053539599837], [0.3027085282091916, -0.9338174967034747, 0.1906631317268273], [0.9019698710720718, 0.34531602882779927, 0.2592434992682147]]	0.5063818506624557	0.49361814933754444	[[-0.15592770783652882, 0.04734527616963681, 0.47944504735537785], [0.1532861047258786, -0.4728682321616873, 0.09654834949693036], [0.4567411725552523, 0.17486176974123088, 0.13127620293164957]]	0.7505637406520242	0.3500762174063423	[[-0.0708110271811487, 0.11612107756330901, 0.7234406472817432], [0.31940930430116893, -0.8084203713942152, 0.14310483335331714], [0.6641830012431044, 0.25918169030409527, 0.0708110271811487]]	[[0.1603064260055639, 0.045945482727914475, 0.012802879144173962], [0.09220725904120929, -0.1075308179821459, 0.0], [-0.012802879144173962, 0.0, -0.12376774336932282]]	0.4876837131171237	[[0.0, 0.0, 0.9008], [0.0, -1.0, 0.0], [0.9008, 0.0, 0.0]]
2	[[0.08740825448676931, -0.06334395238859675, -0.994156597696443], [0.7119981850616444, -0.6940087028176986, 0.10681996481098455], [-0.6967197295301035, -0.717174639895393, -0.015561310176609944]]	0.14250355188583202	0.8574964481141681	[[0.012455986728505362, -0.00902673820586207, -0.14167084630247728], [0.10146227030755026, -0.09889870519120089, 0.015222224397884886], [-0.09928503612697594, -0.10219993350753603, -0.00221754197216404]]	0.4277614499312753	1.0217540725635759	[[0.056956504352784924, -0.014192927572692797, -0.0012680179061232665], [0.6354848195886077, -0.6360014878595965, 0.03748158774998249], [0.0064908548724471795, -0.011682507661309755, 0.021014854556468995]]	[[0.019566622677562567, 0.012903173345431007, 0.42399384978325083], [0.33091944359820213, -0.33913131887737424, -0.008211875279172064], [0.30452069657197023, 0.2950971561542838, 0.027671383160445946]]	0.8461122797368884	[[0.0, 0.0, -0.81144064], [0.0, -1.0, 0.0], [-0.81144064, 0.0, 0.0]]
2	[[0.8787972042104137, -0.3840163418041313, 0.28327887866788265], [-0.395223040501579, -0.9183905790867732, -0.018907472103605397], [0.2674214316928388, -0.09534250611366366, -0.9588511794847616]]	0.5251133891037864	0.47488661089621365	[[0.4614681782378626, -0.20165212271600547, 0.14875353203881214], [-0.20753691024968718, -0.48225918950524443, -0.00992856675570953], [0.14042657431521327, -0.050065626510994395, -0.5035055925054063]]	0.7784523306970025	0.38640870114597664	[[0.5324581432778638, -0.2279498044052211, 0.22724482521792816], [-0.35191409751155, -0.8404235210245711, -0.014718565726640176], [0.20144911489793804, -0.07421959609867468, -0.6149837893110212]]	[[-0.1516435885497423, 0.07098861189794166, 0.006725721881681515], [-0.04425180048794008, -0.1255002342443027, 0.0], [-0.006725721881681515, 0.0, 0.13143614615046126]]	0.5171574097088026	[[0.9008, 0.0, 0.0], [0.0, -1.0, 0.0], [0.0, 0.0, -0.9008]]
2	[[0.8592155572171323, 0.2624339665249735, -0.4391776855101157], [-0.4266000482917053, 0.8413623931712975, -0.33184593135155627], [0.2824199444684594, 0.4724804086637203, 0.8348660002631537]]	0.16065515216633136	0.8393448478336688	[[0.1380374060883976, 0.04216136882568354, -0.07055615789368484], [-0.06853549567246826, 0.13516920330196341, -0.05331275859706222], [0.045372219153387225, 0.07590641194948042, 0.13412552431077343]]	0.0	0.6903668035414876	[[0.6369617884928424, 0.6369617884928421, 0.0], [-0.7071067811865476, 0.7071067811865478, 0.0], [0.0, 0.0, 0.9008000000000004]]	[[0.6369617884928422, 0.6369617884928421, 0.0], [-0.7071067811865476, 0.7071067811865477, 0.0], [0.0, 0.0, 0.9008000000000003]]	0.6903668035414876	[[0.6369617884928421, 0.636961788492842, 0.0], [-0.7071067811865475, 0.7071067811865476, 0.0], [0.0, 0.0, 0.9008]]
2	[[0.8489524140446696, -0.5135124485683378, 0.12483895166604869], [0.522794976890395, 0.7815435453534784, -0.34040431673891397], [0.0772347773085365, 0.35425224329800037, 0.9319550081910795]]	0.20388961151431031	0.7961103884856897	[[0.17309257789370358, -0.10469985364636064, 0.025453365357044455], [0.10659246473981548, 0.15934860984363752, -0.06940490389769141], [0.01574736874083177, 0.07222835226410224, 0.19001594456889506]]	0.0	0.46205687157763475	[[0.6369617884928422, -0.6369617884928421, 0.0], [0.7071067811865476, 0.7071067811865479, 0.0], [0.0, 0.0, 0.9008000000000003]]	[[0.6369617884928422, -0.6369617884928421, 0.0], [0.7071067811865476, 0.7071067811865477, 0.0], [0.0, 0.0, 0.9008000000000003]]	0.46205687157763464	[[0.6369617884928421, -0.636961788492842, 0.0], [0.7071067811865475, 0.7071067811865476, 0.0], [0.0, 0.0, 0.9008]]
2	[[0.034229894132735264, 0.2773841392786001, 0.9601491309293217], [-0.1827544195208179, -0.9427759796974285, 0.2788803941677556], [0.9825625356654255, -0.18501754344446375, 0.018422055382213542]]	0.7082779461162446	0.29172205388375544	[[0.024244279112110224, 0.19646506845346923, 0.6800524544199172], [-0.12944092490187142, -0.6677474345478251, 0.19752483279322666], [0.6959273746918769, -0.13104384566631785, 0.013047935549353917]]	0.847592995137813	0.23635772767974064	[[0.005314875964984732, 0.19712083577312886, 0.7587125593932913], [-0.18671075907185122, -0.8193251475332225, 0.23637706857786187], [0.7732043949758154, -0.15681957380113348, -0.007516369672012199]]	[[-0.023698142526230603, -0.03798801764174409, -0.05510311827006056], [-0.031809393255528784, -0.020234831157492975, 0.0], [-0.059608727539046814, 0.0, -0.02313077477001725]]	0.38318296915420624	[[0.0, 0.0, 0.9008], [0.0, -1.0, 0.0], [0.9008, 0.0, 0.0]]
2	[[0.3802729664721569, 0.7767473726770865, -0.5020517802076895], [0.4287143634067757, 0.332951791095048, 0.839849450446521], [0.8195098935212374, -0.5346088512602871, -0.20639019011321075]]	0.12069495283475123	0.8793050471652493	[[0.04589702775268792, 0.09374948750977785, -0.06059511593276996], [0.0517436598709612, 0.04018560072246277, 0.1013655898099346], [0.09891070794615771, -0.06452459008790087, -0.0249102542612693]]	0.3953479679157268	0.9540885081017009	[[0.13466586552043733, 0.301979821904074, 0.10345906119394119], [0.26662682364646667, -0.27406061776200463, 0.32828517844834987], [0.5396486482120173, 0.0, -0.08451590077600982]]	[[-0.015674279027615236, -0.005105673467691795, 0.30194421228752444], [0.09713547125731349, -0.4056924317853334, -0.00374759514082214], [0.2156570771215624, 0.21135652297551555, -0.002919958517011406]]	1.0000000000000007	[[0.0, 0.0, 0.0], [0.0, 0.0, 0.0], [0.0, 0.0, 0.0]]
2	[[-0.42203838922340475, -0.825029846081567, 0.3757783270710803], [0.2588054115689476, 0.28760896992378115, 0.9221175843470338], [-0.8688517462515349, 0.4864224845687207, 0.09214016247897017]]	0.10333348406052294	0.8966665159394772	[[-0.04361069716574547, -0.08525320844952528, 0.03883048377068947], [0.02674326487113692, 0.02971963690928248, 0.09528562270405214], [-0.08978147807224043, 0.050263730055861856, 0.00952116401085464]]	0.3288742244504308	1.1208908585385473	[[-0.22128241224673226, -0.42545538277941436, 0.26688142153355393], [0.1867667991763053, 0.01964299943443519, 0.01166920179966261], [0.14218457083435546, 0.15997181736778965, -0.08634868931119938]]	[[-0.08248486430257602, -0.15412433200088088, 0.14329761565277216], [0.10165237016299307, -0.07494417749423563, -0.2915915036045728], [0.4279275150452315, 0.0, -0.11665121378720736]]	1.0000000000000002	[[0.0, 0.0, 0.0], [0.0, 0.0, 0.0], [0.0, 0.0, 0.0]]
2	[[-0.5446221603179724, 0.8109226453022452, -0.2139887049042392], [-0.8354447797583356, -0.5021691245819775, 0.22328947644507607], [0.07361197229480154, 0.30038414347728, 0.9509735242804028]]	0.2259566878285268	0.7740433121714732	[[-0.12306101946346593, 0.18323339501764258, -0.0483521789928779], [-0.1887743352978265, -0.11346847212029444, 0.05045375052449526], [0.016633117444258633, 0.06787380613633516, 0.2148788277590209]]	0.580188070579863	0.580834200359997	[[-0.3166875893881887, 0.5106806896101188, 0.1301689463446245], [-0.6024366599120891, -0.4171921807118011, 0.12954989051945645], [0.1663758562920557, 0.017710833028328005, 0.494901945378019]]	[[-0.0007043089982675735, 0.04019304464269056, 0.2543226401688987], [-0.11772156506808179, -0.12583964521580482, 0.0], [0.12366706811475647, -0.1565684636085398, -0.056841548846760265]]	0.4517886980566935	[[-0.5737751790743522, 0.573775179074352, 0.0], [-0.7071067811865475, -0.7071067811865476, 0.0], [0.0, 0.0, 0.81144064]]
2	[[0.22433838825039393, -0.7661379269479729, -0.6022499185961573], [-0.9416906372873723, -0.011392912655017143, -0.3362869982418849], [0.2507808429735371, 0.642575192824231, -0.724020780340167]]	0.1333752924246834	0.8666247075753166	[[0.029921198134978448, -0.1021838700443266, -0.08032525900550418], [-0.1255982641217897, -0.00151953305693181, -0.044852376729130394], [0.03344796826610409, 0.08570365424777913, -0.09656648329941721]]	0.3873579513993022	0.8702187738873485	[[0.017388347476539688, -0.2940435790355638, 0.09874821603737693], [-0.45005727904695986, -0.12096640756407037, -0.1302634427211973], [0.26122892643553564, 0.0434063632263006, -0.31197360715528566]]	[[-0.06951091101635416, 0.0027260388363111593, 0.3320345107351809], [-0.08528592293542005, -0.11655327225755173, 0.0], [0.16408697285111623, -0.20550024708610512, -0.03151840091219445]]	0.9712678745067599	[[0.5737751790743522, -0.573775179074352, 0.0], [-0.7071067811865475, -0.7071067811865476, 0.0], [0.0, 0.0, -0.81144064]]
2	[[-0.3195682178843842, -0.5708200961323295, -0.7563336379995778], [0.910087742671785, 0.03735879733279218, -0.41272826520656647], [0.2638493031197415, -0.8202248094963509, 0.507557688474819]]	0.10961054327252363	0.8903894567274762	[[-0.03502804597493954, -0.0625679008479388, -0.08290214095641793], [0.09975521189991904, 0.004094918071655473, -0.04523936937321798], [0.028920665457031647, -0.08990528697449722, 0.05563367397587124]]	0.34888243771373084	1.06270125873009	[[-0.17326122513144163, -0.26091859289473834, 0.1771164828967638], [0.5335708199499312, -0.07276582894680918, -0.14399364327862615], [0.2234432030963468, -0.049074960420314534, 0.08972271842558216]]	[[-0.06176948626010502, -0.06176948626010501, 0.4409880062469509], [0.21605718975321214, -0.08579965723032704, 0.0], [0.13139081503486222, 0.2370870705900529, -0.08735524520985906]]	0.9516200562449846	[[1.6202316159690357e-16, -0.81144064, 0.0], [1.0, 1.7938038903913487e-16, 0.0], [0.0, 0.0, 0.81144064]]
2	[[-0.8305561570912853, 0.32773595720904825, 0.4502950280316503], [-0.5100865793185324, -0.772219296347621, -0.37879947194723407], [0.22358030216652452, -0.5443036842615101, 0.808545204538665]]	0.17719890614978384	0.822801093850216	[[-0.14717364253254378, 0.05807445312339573, 0.07979178641189465], [-0.0903867838969289, -0.13683641462055426, -0.0671228520791656], [0.0396181849805463, -0.0964500174644369, 0.1432733258169047]]	0.5026043360077561	0.6795370620340162	[[-0.35423646772251566, 0.13265430576322165, 0.3838464620084083], [-0.35657825940863924, -0.6078851863048178, -0.05366105787668529], [0.3022098193131243, -0.24063105312809566, 0.2469272092433113]]	[[0.0632046581295034, -0.03206720739569843, 0.1575262284369668], [-0.10020653290378068, -0.21976441961164497, 0.13672519920144294], [0.18983738999830474, 0.032938338686735964, -0.1594511164160998]]	0.6907564101628503	[[-0.5737751790743522, 0.573775179074352, 0.0], [-0.7071067811865475, -0.7071067811865476, 0.0], [0.0, 0.0, 0.81144064]]
2	[[0.04673222253661188, -0.9725397674033924, -0.22799671093185395], [-0.8377629715199755, -0.16246744520517667, 0.5213036857710898], [-0.5440306084466285, 0.16664552219444034, -0.8223502702654952]]	0.17011827731349613	0.8298817226865037	[[0.00795000519295938, -0.16544678984953332, -0.03878640769687016], [-0.1425187935120137, -0.02763868189782947, 0.08868328498055389], [-0.09254954991475356, 0.028349449157726178, -0.139896811325854]]	0.44799237660832725	0.8662260614236604	[[0.12012555628942624, -0.5260044345406519, 0.08548847134595937], [-0.31081758269833404, -0.3787635857693923, 0.0], [0.06044947780199973, 0.060449477801999725, -0.4600977362320873]]	[[0.09918987685106027, -0.09031403279549621, 0.1876292597352024], [0.06449384194735422, -0.3059794088704421, -0.23354007712327113], [0.30417104302767917, -0.014206445737023359, -0.09169108425134781]]	0.9000730597813759	[[0.5737751790743522, -0.573775179074352, 0.0], [-0.7071067811865475, -0.7071067811865476, 0.0], [0.0, 0.0, -0.81144064]]
2	[[0.5319609947059123, -0.8460851799387872, 0.03402011756955908], [-0.703274286200726, -0.4190807785627857, 0.5742617690636116], [-0.47161719485230363, -0.3294103357928521, -0.8179645788128509]]	0.14435323229826957	0.8556467677017305	[[0.07679028904240111, -0.12213513052382696, 0.004910913934332982], [-0.10151991640533314, -0.06049566497961349, 0.08289654254965476], [-0.06807946648437282, -0.047551446724156565, -0.11807583085712767]]	0.4425151667738501	0.8329824630839309	[[0.21024124826721452, -0.46344575979705604, 0.21605785200348626], [-0.38140031200148905, -0.3971079203771028, 0.0], [0.11198825679265088, -0.13588114734707984, -0.3055395941190657]]	[[-0.025159560022255476, -0.08904023529156062, 0.20100343400352683], [-0.07019077395561438, -0.2116583197596766, -0.2541195425090303], [0.3206860184261334, 0.009887922333324079, 0.056422137889405]]	0.7135674092530668	[[0.5737751790743522, -0.573775179074352, 0.0], [-0.7071067811865475, -0.7071067811865476, 0.0], [0.0, 0.0, -0.81144064]]
