2	[[0.8489524140446696, -0.5135124485683378, 0.12483895166604869], [0.522794976890395, 0.7815435453534784, -0.34040431673891397], [0.0772347773085365, 0.35425224329800037, 0.9319550081910795]]	0.22020264231555622	0.779797357684444	[[0.18694156477280632, -0.11307679803667915, 0.027489867020767916], [0.11512083530056513, 0.17209795377150375, -0.07495793000153038], [0.017007302041993327, 0.07800728002043297, 0.20521895532289153]]	0.0	0.4335478878991136	[[0.6923989601378673, -0.6923989601378672, 0.0], [0.7071067811865474, 0.7071067811865475, 0.0], [0.0, 0.0, 0.9792]]	[[0.6923989601378673, -0.6923989601378672, 0.0], [0.7071067811865474, 0.7071067811865475, 0.0], [0.0, 0.0, 0.9792]]	0.4335478878991136	[[0.6923989601378674, -0.6923989601378673, 0.0], [0.7071067811865475, 0.7071067811865476, 0.0], [0.0, 0.0, 0.9792000000000001]]
2	[[-0.5446221603179724, 0.8109226453022452, -0.2139887049042392], [-0.8354447797583356, -0.5021691245819775, 0.22328947644507607], [0.07361197229480154, 0.30038414347728, 0.9509735242804028]]	0.25064728406145037	0.7493527159385497	[[-0.13650806532337958, 0.20325555862893457, -0.0536356877040747], [-0.20940196502974334, -0.1258673272159887, 0.055966900830461505], [0.01845064093009874, 0.07529046973770526, 0.2383589310752287]]	0.6085746694227786	0.5843013812932419	[[-0.25862451173894635, 0.5457958769401167, 0.14240397808762356], [-0.6144323605531076, -0.5147478952865443, 0.1358883193131475], [0.192826699796469, 0.008562937350929277, 0.5047907320749423]]	[[0.07281873943688319, 0.052288896147857526, 0.27263208343492945], [-0.10600182989069246, -0.20914048629974133, 0.0], [0.1480283180916014, -0.17424324346560088, -0.0739476660938184]]	0.3921509437783276	[[-0.6779970617669998, 0.6779970617669997, 0.0], [-0.7071067811865475, -0.7071067811865476, 0.0], [0.0, 0.0, 0.9588326400000001]]
2	[[0.5319609947059123, -0.8460851799387872, 0.03402011756955908], [-0.703274286200726, -0.4190807785627857, 0.5742617690636116], [-0.47161719485230363, -0.3294103357928521, -0.8179645788128509]]	0.1583239887079847	0.8416760112920155	[[0.08422218651890714, -0.13395558047462175, 0.005386200709927194], [-0.1113451901470597, -0.06635054045290788, 0.09091941384065455], [-0.07466831543228745, -0.052153558284360954, -0.12950341473949722]]	0.47471376377040997	0.8125395034641473	[[0.2843139722070488, -0.5501500919294677, 0.23720773424372266], [-0.3753973325985887, -0.46264186521940204, 0.009890015642615003], [0.1632100820805902, -0.15637562032909944, -0.36163160586912796]]	[[0.0317847662311541, -0.14850181169036158, 0.2210579161883654], [-0.04154334923329371, -0.2636984515040284, -0.26271995013902605], [0.38709325570777003, 0.0, 0.026667437969998598]]	0.657601702649528	[[0.6779970617669998, -0.6779970617669997, 0.0], [-0.7071067811865475, -0.7071067811865476, 0.0], [0.0, 0.0, -0.9588326400000001]]
2	[[-0.30792515101507295, 0.09349718223056193, 0.9468053539599837], [0.3027085282091916, -0.9338174967034747, 0.1906631317268273], [0.9019698710720718, 0.34531602882779927, 0.2592434992682147]]	0.6162658247958921	0.383734175204108	[[-0.1897637471657036, 0.05761911812340909, 0.583483782379316], [0.18654892080958804, -0.575479809814802, 0.11749917213180106], [0.5558532065372748, 0.21280646732080577, 0.15976290889949962]]	0.8136157399773639	0.27409883707682375	[[-0.125202710597449, 0.14874037550583988, 0.7794787647989341], [0.2930173052106097, -0.8143727476303203, 0.1551265250063242], [0.7247138579673393, 0.28095455632077465, 0.125202710597449]]	[[0.12533003900332113, 0.07266959639952277, 0.009143026122251863], [0.046728882034229494, -0.054604134046113154, 0.0], [-0.009143026122251863, 0.0, -0.08572188089398075]]	0.4695707360948454	[[0.0, 0.0, 0.9792000000000001], [0.0, -1.0, 0.0], [0.9792000000000001, 0.0, 0.0]]
2	[[0.3802729664721569, 0.7767473726770865, -0.5020517802076895], [0.4287143634067757, 0.332951791095048, 0.839849450446521], [0.8195098935212374, -0.5346088512602871, -0.20639019011321075]]	0.1286808562991439	0.8713191437008564	[[0.04893385095305278, 0.09995251704419775, -0.06460445298363506], [0.05516733139092625, 0.0428445215844445, 0.10807254644582374], [0.10545523484393306, -0.0687939247652754, -0.02655846639551107]]	0.42726824525294377	0.9444636253190107	[[0.14257923670198372, 0.3220471904421416, 0.13825746142928375], [0.2856589316550494, -0.2627227800475083, 0.3278328545565032], [0.620618804263859, 0.0, -0.06004207709053937]]	[[-0.019899326399706305, -0.009832296486431424, 0.3527682445847397], [0.1024828978875035, -0.4049825075825142, -0.03100814641243097], [0.2704682500916131, 0.22842138577467486, 0.02814189727655364]]	1.0000000000000007	[[0.0, 0.0, 0.0], [0.0, 0.0, 0.0], [0.0, 0.0, 0.0]]
2	[[0.034229894132735264, 0.2773841392786001, 0.9601491309293217], [-0.1827544195208179, -0.9427759796974285, 0.2788803941677556], [0.9825625356654255, -0.18501754344446375, 0.018422055382213542]]	0.8246374671091862	0.17536253289081383	[[0.028227253197034397, 0.22874135403096651, 0.7917749473766422], [-0.15070614161665685, -0.7774483959490692, 0.22997522187290945], [0.8102578806875159, -0.1525723983968064, 0.015191517089333728]]	0.91609630025193	0.12721765870484292	[[0.0, 0.24496380677025797, 0.8652821591562461], [-0.17677108596467261, -0.8209552004795867, 0.25548129730988084], [0.8965428234633837, -0.169493887031174, 0.0]]	[[-0.03135787937301403, -0.009146776971433648, -0.014306907378211386], [-0.009350438386962229, 0.04271838648761642, 0.0], [-0.0035790802258677257, 0.0, -0.01687637677868198]]	0.3471868120441422	[[0.0, 0.0, 0.9792000000000001], [0.0, -1.0, 0.0], [0.9792000000000001, 0.0, 0.0]]
2	[[-0.42203838922340475, -0.825029846081567, 0.3757783270710803], [0.2588054115689476, 0.28760896992378115, 0.9221175843470338], [-0.8688517462515349, 0.4864224845687207, 0.09214016247897017]]	0.11043909190181934	0.8895609080981807	[[-0.04660953645353942, -0.09111554699314611, 0.04150061719811497], [0.028582234632951183, 0.0317632734612001, 0.10183782864198572], [-0.09595519785332954, 0.05372005747639625, 0.010175875871863548]]	0.3537928298145445	1.1488201519210635	[[-0.2370751447287292, -0.4827080693957554, 0.3100061311508672], [0.1830924947673678, 0.008622551103035545, 0.03569840294581932], [0.18809822849217311, 0.17209278730098929, -0.09151425166503069]]	[[-0.08776098871500872, -0.19081842546909972, 0.1770584534334142], [0.09152899583707193, -0.09313144024634523, -0.2905401866420697], [0.49549174648781225, 0.0, -0.12411278048803746]]	1.0000000000000002	[[0.0, 0.0, 0.0], [0.0, 0.0, 0.0], [0.0, 0.0, 0.0]]
2	[[0.04673222253661188, -0.9725397674033924, -0.22799671093185395], [-0.8377629715199755, -0.16246744520517667, 0.5213036857710898], [-0.5440306084466285, 0.16664552219444034, -0.8223502702654952]]	0.1834854760437962	0.8165145239562036	[[0.008574684098714855, -0.1784469221935343, -0.041834085041750985], [-0.15371733764120793, -0.029810416525091234, 0.09565165494709395], [-0.09982171517322574, 0.030577032970413892, -0.1508893308144089]]	0.48108332463613923	0.8959816286848189	[[-0.07429431397144187, -0.5981649057579148, 0.11660449419384457], [-0.30199198539144606, -0.2027371301435455, 0.003364980229150363], [0.0847332752695629, 0.0801703818530269, -0.5324815092710666]]	[[-0.09677640695699102, -0.13029224111463308, 0.22628990989504566], [0.10104181020443498, -0.12457675145909931, -0.24742553006667875], [0.3464573290848887, 0.0, -0.13686250723631466]]	0.8715590340645526	[[0.6779970617669998, -0.6779970617669997, 0.0], [-0.7071067811865475, -0.7071067811865476, 0.0], [0.0, 0.0, -0.9588326400000001]]
2	[[0.22433838825039393, -0.7661379269479729, -0.6022499185961573], [-0.9416906372873723, -0.011392912655017143, -0.3362869982418849], [0.2507808429735371, 0.642575192824231, -0.724020780340167]]	0.1497991058934435	0.8502008941065564	[[0.03360568997748519, -0.11476677644786268, -0.09021649933010349], [-0.14106441549387538, -0.0017066481292436625, -0.050375491660224356], [0.037566746052639904, 0.09625718935437685, -0.10845766554323027]]	0.4220350893061519	0.8481754947050383	[[0.16870547189688967, -0.32621958817586594, 0.11840201824704477], [-0.48442841219009214, -0.2835226846112807, -0.14192491333551166], [0.2990520518268224, 0.03683289815718429, -0.33334257954715263]]	[[0.07402680017683648, -0.002882499755548218, 0.3725726164263967], [-0.08700191998374886, -0.2787144757014634, 0.0], [0.19321373636621358, -0.23435638073230783, -0.027780404856780475]]	0.9525116517048189	[[0.6779970617669998, -0.6779970617669997, 0.0], [-0.7071067811865475, -0.7071067811865476, 0.0], [0.0, 0.0, -0.9588326400000001]]
2	[[0.8787972042104137, -0.3840163418041313, 0.28327887866788265], [-0.395223040501579, -0.9183905790867732, -0.018907472103605397], [0.2674214316928388, -0.09534250611366366, -0.9588511794847616]]	0.6337982901242607	0.3662017098757396	[[0.5569801653945408, -0.24338890081523207, 0.17954166892802192], [-0.2504916872876122, -0.5820743786914263, -0.01198352348983726], [0.16949124614950298, -0.06042791735100189, -0.6077182380410725]]	0.8401435633343282	0.2952408127127535	[[0.6133060938964534, -0.26724615152457426, 0.24476874888102046], [-0.3459421843253873, -0.8495193885033805, -0.015884990986767444], [0.21789857219475645, -0.08010139282355835, -0.7170999027920821]]	[[-0.12500972069712882, 0.0553827062573619, 0.006773822339632754], [-0.013898090766563266, -0.0779394548567417, 0.0], [-0.006773822339632754, 0.0, 0.08847274384756884]]	0.4764176443318701	[[0.6779970617669998, -0.6779970617669997, 0.0], [-0.7071067811865475, -0.7071067811865476, 0.0], [0.0, 0.0, -0.9588326400000001]]
2	[[-0.8305561570912853, 0.32773595720904825, 0.4502950280316503], [-0.5100865793185324, -0.772219296347621, -0.37879947194723407], [0.22358030216652452, -0.5443036842615101, 0.808545204538665]]	0.19665698595817385	0.803343014041826	[[-0.16333467052257566, 0.06445156553484846, 0.08855366300465574], [-0.10031208926649755, -0.151862319318465, -0.07449356243569087], [0.043968628343686464, -0.10704112199279808, 0.159006062935509]]	0.5412483256881355	0.635338590140182	[[-0.412057556024354, 0.1706262336976499, 0.4284689473812011], [-0.35006964411489006, -0.5979743816038339, -0.06466211735196299], [0.34681402379337317, -0.2591325726488454, 0.2876547551929325]]	[[0.03747957339127632, -0.006760304409545934, 0.1847475173933783], [-0.07398613710274593, -0.18001198039161376, 0.14036246261102736], [0.22580155958889436, 0.035470885123580514, -0.14996898300679112]]	0.6805198551356737	[[-0.6779970617669998, 0.6779970617669997, 0.0], [-0.7071067811865475, -0.7071067811865476, 0.0], [0.0, 0.0, 0.9588326400000001]]
2	[[0.8592155572171323, 0.2624339665249735, -0.4391776855101157], [-0.4266000482917053, 0.8413623931712975, -0.33184593135155627], [0.2824199444684594, 0.4724804086637203, 0.8348660002631537]]	0.1769355061486978	0.8230644938513022	[[0.15202573950704876, 0.04643388669770658, -0.07770612607494595], [-0.07548069546755183, 0.14886688089024333, -0.05871532782707363], [0.049970115821014016, 0.08359856025225894, 0.1477174383229]]	0.0	0.6886942633229911	[[0.6923989601378673, 0.6923989601378672, 0.0], [-0.7071067811865474, 0.7071067811865475, 0.0], [0.0, 0.0, 0.9791999999999997]]	[[0.6923989601378673, 0.6923989601378672, 0.0], [-0.7071067811865474, 0.7071067811865475, 0.0], [0.0, 0.0, 0.9791999999999998]]	0.6886942633229913	[[0.6923989601378674, 0.6923989601378673, 0.0], [-0.7071067811865475, 0.7071067811865476, 0.0], [0.0, 0.0, 0.9792000000000001]]
2	[[-0.3195682178843842, -0.5708200961323295, -0.7563336379995778], [0.910087742671785, 0.03735879733279218, -0.41272826520656647], [0.2638493031197415, -0.8202248094963509, 0.507557688474819]]	0.12230634862687546	0.8776936513731245	[[-0.03908522186663676, -0.06981492168078725, -0.09250440560740938], [0.11130950873626147, 0.004569218090865298, -0.05047928709251984], [0.03227044485232128, -0.1003187015026732, 0.06207752759485228]]	0.38015391977635177	1.0831397778994847	[[-0.20104485474956577, -0.29655924111669296, 0.19429098724648342], [0.5444868397315528, -0.07989613784928926, -0.15690026782076988], [0.2700875462347946, -0.04191078863157788, 0.08043557568256554]]	[[-0.07955974408487396, -0.07955974408487394, 0.48181418439073115], [0.1985134170144618, -0.09409823109348062, 0.0], [0.1697841994235661, 0.2699008877962713, -0.11251446910376138]]	0.9912632830826815	[[1.9145343247178953e-16, -0.9588326400000001, 0.0], [1.0, 1.7938038903913487e-16, 0.0], [0.0, 0.0, 0.9588326400000001]]
2	[[0.08740825448676931, -0.06334395238859675, -0.994156597696443], [0.7119981850616444, -0.6940087028176986, 0.10681996481098455], [-0.6967197295301035, -0.717174639895393, -0.015561310176609944]]	0.16731489286801043	0.8326851071319897	[[0.0146247027352336, -0.01059838660773442, -0.16633720463760612], [0.11912790005580692, -0.11611799176141013, 0.017872570968514523], [-0.11657158690535846, -0.11999399804175165, -0.0026036389450853764]]	0.46629002352339083	1.0282029275793592	[[0.0646821882376612, -0.01585489353803414, 0.0006190094282680185], [0.6348234229018593, -0.6371177131916682, 0.039126477515969815], [0.010597191940446827, -0.013426280181801857, 0.026578397656563377]]	[[0.023924591196887002, 0.013681759511309228, 0.4641843127540766], [0.3028257724408535, -0.3135083788293655, -0.010682606388511942], [0.33547065101224927, 0.3209850995254003, 0.033834481344869556]]	0.7968988985764865	[[0.0, 0.0, -0.9588326400000001], [0.0, -1.0, 0.0], [-0.9588326400000001, 0.0, 0.0]]
