2	[[-0.30792515101507295, 0.09349718223056193, 0.9468053539599837], [0.3027085282091916, -0.9338174967034747, 0.1906631317268273], [0.9019698710720718, 0.34531602882779927, 0.2592434992682147]]	0.6460795853652299	0.3539204146347702	[[-0.19894415389134415, 0.06040662072833881, 0.611711610508046], [0.19557380039191347, -0.6033204210769778, 0.12318355709050477], [0.582744320314174, 0.22310163672503233, 0.16749193251583944]]	0.8282560324165276	0.25690920174983933	[[-0.13930423695803032, 0.15728684912767907, 0.7922890711889503], [0.28715756559887734, -0.8156437104207326, 0.1579178890121717], [0.7389701615260726, 0.28601008396674427, 0.13930423695803032]]	[[0.11573662690297408, 0.0798472439312688, 0.00809182524732837], [0.03643740104568586, -0.04220373559997899, 0.0], [-0.00809182524732837, 0.0, -0.07541575517563814]]	0.4665572557932274	[[0.0, 0.0, 0.998], [0.0, -1.0, 0.0], [0.998, 0.0, 0.0]]
2	[[0.8787972042104137, -0.3840163418041313, 0.28327887866788265], [-0.395223040501579, -0.9183905790867732, -0.018907472103605397], [0.2674214316928388, -0.09534250611366366, -0.9588511794847616]]	0.664608134439027	0.335391865560973	[[0.5840557704405157, -0.25522038452054346, 0.188269447077441], [-0.26266844763507446, -0.610369849453238, -0.01256605976173513], [0.1777304588263913, -0.06336540512094353, -0.6372602936020282]]	0.8538634557854358	0.2726237577261017	[[0.6334117686305125, -0.27746438507092264, 0.2486416372528223], [-0.3441692808202704, -0.8507531869149783, -0.016144399470551227], [0.22158123285389536, -0.08140948175345689, -0.7416807729532796]]	[[-0.11696104909117078, 0.05043313562003408, 0.006760154962440823], [-0.006702769651564899, -0.06657303329515857, 0.0], [-0.006760154962440823, 0.0, 0.07704720874552017]]	0.4690129655805972	[[0.7042811824889261, -0.704281182488926, 0.0], [-0.7071067811865475, -0.7071067811865476, 0.0], [0.0, 0.0, -0.996004]]
2	[[-0.8305561570912853, 0.32773595720904825, 0.4502950280316503], [-0.5100865793185324, -0.772219296347621, -0.37879947194723407], [0.22358030216652452, -0.5443036842615101, 0.808545204538665]]	0.20124931982861038	0.7987506801713893	[[-0.16714886169408566, 0.0659566384716995, 0.09062156811357466], [-0.10265457714155712, -0.15540860814848687, -0.07623313608081762], [0.04499538373808826, -0.1095407462378356, 0.162719172464091]]	0.5499963202887165	0.6248498471761164	[[-0.426891189208066, 0.18059499052448275, 0.4392662402662902], [-0.34855063426591115, -0.595474697796415, -0.06714264522025123], [0.35789543880976604, -0.26332083566746006, 0.29798526413341525]]	[[0.02991164098527806, 0.0003414200332059955, 0.19160563180457818], [-0.06800489261205983, -0.1707569263492815, 0.14119567047803633], [0.23492709532913825, 0.03604418779596184, -0.1467116231499381]]	0.6821362059774371	[[-0.7042811824889261, 0.704281182488926, 0.0], [-0.7071067811865475, -0.7071067811865476, 0.0], [0.0, 0.0, 0.996004]]
2	[[-0.5446221603179724, 0.8109226453022452, -0.2139887049042392], [-0.8354447797583356, -0.5021691245819775, 0.22328947644507607], [0.07361197229480154, 0.30038414347728, 0.9509735242804028]]	0.2564899400740015	0.7435100599259984	[[-0.13969010526292996, 0.20799350069822364, -0.05488595009740153], [-0.21428318149535286, -0.1288013286710452, 0.05727150443255274], [0.018880730362622715, 0.07704551095966782, 0.24391514225464256]]	0.6147544989164253	0.5849275444529677	[[-0.390209291200322, 0.5539187124080298, 0.145344504707695], [-0.6170438528642698, -0.3876957557980372, 0.13726821020530372], [0.19944950228854097, 0.006098667485481414, 0.5062673007072735]]	[[-0.055400367935265815, 0.0554003679352658, 0.27689502376487535], [-0.10345041591159099, -0.07898502724434367, 0.0], [0.15419621114620047, -0.17856383612033344, -0.07834795169451245]]	0.3813957181627686	[[-0.7042811824889261, 0.704281182488926, 0.0], [-0.7071067811865475, -0.7071067811865476, 0.0], [0.0, 0.0, 0.996004]]
2	[[0.3802729664721569, 0.7767473726770865, -0.5020517802076895], [0.4287143634067757, 0.332951791095048, 0.839849450446521], [0.8195098935212374, -0.5346088512602871, -0.20639019011321075]]	0.130316019570167	0.8696839804298334	[[0.049555659340791064, 0.101222625818863, -0.06542538961478248], [0.05586834937172906, 0.04338895212426441, 0.10944583742038283], [0.10679526732205913, -0.06966809752322008, -0.026895948053883664]]	0.434475715593404	0.9398407886312077	[[0.1393089775112973, 0.32637329818621086, 0.1473714951311613], [0.28995630515651216, -0.25522658873544724, 0.3277307216395386], [0.6406787748931925, 0.0, -0.05302869816758013]]	[[-0.025910391717519632, -0.01110457239296269, 0.3655008016018396], [0.10369032533018258, -0.39988605642957376, -0.03716346933394074], [0.28462162746967845, 0.23227456321388096, 0.03664282737331577]]	1.0000000000000007	[[0.0, 0.0, 0.0], [0.0, 0.0, 0.0], [0.0, 0.0, 0.0]]
2	[[0.8592155572171323, 0.2624339665249735, -0.4391776855101157], [-0.4266000482917053, 0.8413623931712975, -0.33184593135155627], [0.2824199444684594, 0.4724804086637203, 0.8348660002631537]]	0.18064377436224097	0.8193562256377593	[[0.1552119412464588, 0.04740706223392524, -0.07933471472622051], [-0.07706264286652792, 0.15198687830891094, -0.059945901546098225], [0.051017404723956966, 0.08535064433322849, 0.15081334537424376]]	0.0	0.6894074137723241	[[0.7056925676241745, 0.7056925676241743, 0.0], [-0.7071067811865475, 0.7071067811865475, 0.0], [0.0, 0.0, 0.9980000000000001]]	[[0.7056925676241744, 0.7056925676241743, 0.0], [-0.7071067811865475, 0.7071067811865476, 0.0], [0.0, 0.0, 0.998]]	0.6894074137723244	[[0.7056925676241744, 0.7056925676241743, 0.0], [-0.7071067811865475, 0.7071067811865476, 0.0], [0.0, 0.0, 0.998]]
2	[[0.22433838825039393, -0.7661379269479729, -0.6022499185961573], [-0.9416906372873723, -0.011392912655017143, -0.3362869982418849], [0.2507808429735371, 0.642575192824231, -0.724020780340167]]	0.15361046488919225	0.8463895351108078	[[0.03446072411163513, -0.11768680312772008, -0.09251188997503393], [-0.14465353657551294, -0.0017500706093791785, -0.05165720213612691], [0.03852256187446855, 0.09870627409599247, -0.11121716865748879]]	0.42994318750934063	0.8687621895831489	[[0.02147737750103227, -0.3338359362132258, 0.12339887252222255], [-0.4922667262107274, -0.13097011438395634, -0.14458430394206404], [0.30836492547084354, 0.03483587580693373, -0.33790346928277093]]	[[-0.07497538422405009, -0.004440153829415941, 0.38233212220069535], [-0.08739325196769213, -0.12607180920204278, 0.0], [0.20054341047652152, -0.24143495081034536, -0.02661566716031942]]	0.9498046518417049	[[0.7042811824889261, -0.704281182488926, 0.0], [-0.7071067811865475, -0.7071067811865476, 0.0], [0.0, 0.0, -0.996004]]
2	[[0.034229894132735264, 0.2773841392786001, 0.9601491309293217], [-0.1827544195208179, -0.9427759796974285, 0.2788803941677556], [0.9825625356654255, -0.18501754344446375, 0.018422055382213542]]	0.8297731907072969	0.1702268092927031	[[0.02840304847209272, 0.23016592230080127, 0.7967060079260615], [-0.15164471780164898, -0.7822902327957334, 0.23140747449428722], [0.8153040502885524, -0.15352259736073862, 0.01528612767388587]]	0.9316471819954892	0.12491840426949402	[[0.0025228620070326282, 0.2587799000793534, 0.8870650707576062], [-0.17306263124421453, -0.8206949164187086, 0.2598181333401808], [0.9228567788551506, -0.17237107296976267, -0.0025228620070326282]]	[[-0.029367322401734113, 0.00035574839020134207, -0.007455161368114528], [-0.002799991300423104, 0.05763966831943745, 0.0], [0.007455161368114528, 0.0, -0.01968571799043671]]	0.33922832649611817	[[0.0, 0.0, 0.998], [0.0, -1.0, 0.0], [0.998, 0.0, 0.0]]
2	[[0.08740825448676931, -0.06334395238859675, -0.994156597696443], [0.7119981850616444, -0.6940087028176986, 0.10681996481098455], [-0.6967197295301035, -0.717174639895393, -0.015561310176609944]]	0.1735225078701971	0.826477492129803	[[0.015167299527100619, -0.010991601476879657, -0.17250854604798938], [0.12354771067092529, -0.12042613059666943, 0.018535668184608244], [-0.12089655475070898, -0.12444594209555411, -0.0027002375675913882]]	0.4750818671254867	1.0298987181388652	[[0.06656869957630535, -0.016252402771352238, 0.0011448968088515372], [0.6346724986478135, -0.6373724248933824, 0.03950182527003795], [0.011701899007341674, -0.01385711809066141, 0.02802272055356536]]	[[0.025042622832551237, 0.013841160400530194, 0.47345066945759906], [0.29641507149876967, -0.3076614745574131, -0.011246403058643375], [0.3427008089756674, 0.32685954888589047, 0.035415616847188094]]	0.7854952320550747	[[0.0, 0.0, -0.996004], [0.0, -1.0, 0.0], [-0.996004, 0.0, 0.0]]
2	[[-0.3195682178843842, -0.5708200961323295, -0.7563336379995778], [0.910087742671785, 0.03735879733279218, -0.41272826520656647], [0.2638493031197415, -0.8202248094963509, 0.507557688474819]]	0.12528975992376296	0.874710240076237	[[-0.04003862529799928, -0.07151791280407888, -0.09476085992723338], [0.11402467478890732, 0.004680674748866107, -0.051710625261481895], [0.033057615843924595, -0.10276576946531202, 0.06359178093647014]]	0.3872862534046641	1.0890063704007964	[[-0.20796507397996805, -0.3052714725674997, 0.19826995499667088], [0.5469765424843636, -0.08152240365477867, -0.15984398350605775], [0.2819932766970831, -0.0397262971287174, 0.07749234907365046]]	[[-0.08420069616831957, -0.08420069616831956, 0.49118757598144686], [0.19451207035549972, -0.09599095230550002, 0.0], [0.17980806862840681, 0.2779354962906787, -0.11907776648249382]]	0.9999999999999999	[[0.0, 0.0, 0.0], [0.0, 0.0, 0.0], [0.0, 0.0, 0.0]]
2	[[0.8489524140446696, -0.5135124485683378, 0.12483895166604869], [0.522794976890395, 0.7815435453534784, -0.34040431673891397], [0.0772347773085365, 0.35425224329800037, 0.9319550081910795]]	0.22374609446616744	0.7762539055338324	[[0.18994978703011955, -0.11489640482692426, 0.027932227872529025], [0.11697333428575617, 0.17486731592808274, -0.07616413640975624], [0.01728097977974924, 0.07926255589380612, 0.20852129330093913]]	0.0	0.4276108056462755	[[0.7056925676241743, -0.7056925676241742, 0.0], [0.7071067811865474, 0.7071067811865475, 0.0], [0.0, 0.0, 0.9979999999999996]]	[[0.7056925676241742, -0.7056925676241741, 0.0], [0.7071067811865472, 0.7071067811865474, 0.0], [0.0, 0.0, 0.9979999999999997]]	0.42761080564627557	[[0.7056925676241744, -0.7056925676241743, 0.0], [0.7071067811865475, 0.7071067811865476, 0.0], [0.0, 0.0, 0.998]]
2	[[0.04673222253661188, -0.9725397674033924, -0.22799671093185395], [-0.8377629715199755, -0.16246744520517667, 0.5213036857710898], [-0.5440306084466285, 0.16664552219444034, -0.8223502702654952]]	0.18648161446786318	0.8135183855321366	[[0.008714700306298867, -0.1813607859595847, -0.04251719474793483], [-0.1562273914704395, -0.0302971914803304, 0.09721355295064045], [-0.10145170618306118, 0.031076326022659362, -0.1533532060571932]]	0.4879848261795577	0.9037955492576334	[[-0.0823746742319984, -0.6125755928237085, 0.12300525254841636], [-0.3032121359975072, -0.2066770172867578, 0.008032817229192978], [0.09263521021544252, 0.0813204861816556, -0.5500404317019788]]	[[-0.10517928972351133, -0.1379909434746567, 0.23426418790200795], [0.10560348203933778, -0.12739536927847292, -0.24635547125857502], [0.3581138921146296, 0.0, -0.14874597800775882]]	0.8663319731106525	[[0.7042811824889261, -0.704281182488926, 0.0], [-0.7071067811865475, -0.7071067811865476, 0.0], [0.0, 0.0, -0.996004]]
2	[[-0.42203838922340475, -0.825029846081567, 0.3757783270710803], [0.2588054115689476, 0.28760896992378115, 0.9221175843470338], [-0.8688517462515349, 0.4864224845687207, 0.09214016247897017]]	0.11201935061007934	0.8879806493899207	[[-0.04727646629332972, -0.09241930759199084, 0.04209444417184438], [0.028991214138327816, 0.03221777004049581, 0.1032950129846898], [-0.09732820839153028, 0.05448873084352943, 0.010321481166001414]]	0.3593876646914478	1.1571369594654666	[[-0.24057477523946755, -0.4967502505464948, 0.3207759331691209], [0.18226752378062516, 0.006148191571966978, 0.04109354487580283], [0.20007513365016535, 0.17481424078256438, -0.09260867690046061]]	[[-0.08889938412632786, -0.2002447008624959, 0.18572583776138635], [0.08925605130735202, -0.09721492447325361, -0.2903041403335968], [0.5123297336985909, 0.0, -0.12572271471806828]]	1.0000000000000002	[[0.0, 0.0, 0.0], [0.0, 0.0, 0.0], [0.0, 0.0, 0.0]]
2	[[0.5319609947059123, -0.8460851799387872, 0.03402011756955908], [-0.703274286200726, -0.4190807785627857, 0.5742617690636116], [-0.47161719485230363, -0.3294103357928521, -0.8179645788128509]]	0.16182415802347289	0.8381758419765271	[[0.08608414006961336, -0.1369170218597328, 0.005505276881553445], [-0.1138067692239914, -0.06781739413474433, 0.09292942726378897], [-0.07631905546636616, -0.05330655023390776, -0.13236642925941422]]	0.4813747424618001	0.8085178555552697	[[0.222615713387777, -0.5687063233427766, 0.24192448500074668], [-0.3709086074310262, -0.3945967640814988, 0.014812856035518658], [0.17651540969111806, -0.1585698155565393, -0.37536500120620264]]	[[-0.03345687343850458, -0.161422287748997, 0.22554805966717997], [-0.03237012903114548, -0.19286186223014706, -0.2616222551531351], [0.4035400154037023, 0.0, 0.018382487262708247]]	0.6447666672623943	[[0.7042811824889261, -0.704281182488926, 0.0], [-0.7071067811865475, -0.7071067811865476, 0.0], [0.0, 0.0, -0.996004]]
2	[[0.50607966, 0.26960331, 0.8192664], [-0.59451586, 0.79721188, 0.10490047], [-0.62484739, -0.54015486, 0.56373616]]	0.2470766367074479	0.7529233661561338	[[ 0.12504046  0.06661268  0.20242159]
 [-0.14689098  0.19697243  0.02591846]
 [-0.15438519 -0.13345965  0.13928603]]	0.617103940096702	0.690434850464773	[[ 1.92147637e-01  6.70559525e-02  7.24809682e-01]
 [-2.91630849e-01  3.78403006e-01  1.32136183e-11]
 [-1.85127567e-01 -2.23543652e-01  2.71737794e-01]]	[[-0.12015611565093448, -0.0993173123856167, 0.21923715849393607], [0.07524723070434094, -0.11355958598057779, -0.06473449334178223], [0.2004682197495757, 0.10978804085025624, -0.07614601194508956]]	0.8708193577673266	WordDict: (word: HZ, matrix: [[ 0.        0.        0.996004]
 [ 0.        1.        0.      ]
 [-0.996004  0.        0.      ]])
2	[[0.50607966, 0.26960331, 0.8192664], [-0.59451586, 0.79721188, 0.10490047], [-0.62484739, -0.54015486, 0.56373616]]	0.2470766367074479	0.7529233661561338	[[ 0.12504046  0.06661268  0.20242159]
 [-0.14689098  0.19697243  0.02591846]
 [-0.15438519 -0.13345965  0.13928603]]	0.617103940096702	0.690434850464773	[[ 1.92147637e-01  6.70559525e-02  7.24809682e-01]
 [-2.91630849e-01  3.78403006e-01  1.32136183e-11]
 [-1.85127567e-01 -2.23543652e-01  2.71737794e-01]]	[[-0.12015611565093448, -0.0993173123856167, 0.21923715849393607], [0.07524723070434094, -0.11355958598057779, -0.06473449334178223], [0.2004682197495757, 0.10978804085025624, -0.07614601194508956]]	0.8708193577673266	WordDict: (word: HZ, matrix: [[ 0.        0.        0.996004]
 [ 0.        1.        0.      ]
 [-0.996004  0.        0.      ]])
2	[[0.50607966, 0.26960331, 0.8192664], [-0.59451586, 0.79721188, 0.10490047], [-0.62484739, -0.54015486, 0.56373616]]	0.2470766367074479	0.7529233661561338	[[ 0.12504046  0.06661268  0.20242159]
 [-0.14689098  0.19697243  0.02591846]
 [-0.15438519 -0.13345965  0.13928603]]	0.617103940096702	0.690434850464773	[[ 1.92147637e-01  6.70559525e-02  7.24809682e-01]
 [-2.91630849e-01  3.78403006e-01  1.32136183e-11]
 [-1.85127567e-01 -2.23543652e-01  2.71737794e-01]]	[[-0.12015611565093448, -0.0993173123856167, 0.21923715849393607], [0.07524723070434094, -0.11355958598057779, -0.06473449334178223], [0.2004682197495757, 0.10978804085025624, -0.07614601194508956]]	0.8708193577673266	WordDict: (word: HZ, matrix: [[ 0.        0.        0.996004]
 [ 0.        1.        0.      ]
 [-0.996004  0.        0.      ]])
2	[[0.50607966, 0.26960331, 0.8192664], [-0.59451586, 0.79721188, 0.10490047], [-0.62484739, -0.54015486, 0.56373616]]	0.2470766367074479	0.7529233661561338	[[ 0.12504046  0.06661268  0.20242159]
 [-0.14689098  0.19697243  0.02591846]
 [-0.15438519 -0.13345965  0.13928603]]	0.617103940096702	0.690434850464773	[[ 1.92147637e-01  6.70559525e-02  7.24809682e-01]
 [-2.91630849e-01  3.78403006e-01  1.32136183e-11]
 [-1.85127567e-01 -2.23543652e-01  2.71737794e-01]]	[[-0.12015611565093448, -0.0993173123856167, 0.21923715849393607], [0.07524723070434094, -0.11355958598057779, -0.06473449334178223], [0.2004682197495757, 0.10978804085025624, -0.07614601194508956]]	0.8708193577673266	WordDict: (word: HZ, matrix: [[ 0.        0.        0.996004]
 [ 0.        1.        0.      ]
 [-0.996004  0.        0.      ]])
2	[[0.50607966, 0.26960331, 0.8192664], [-0.59451586, 0.79721188, 0.10490047], [-0.62484739, -0.54015486, 0.56373616]]	0.2470766369283086	0.7529233659352731	[[ 0.12504046  0.06661268  0.20242159]
 [-0.14689098  0.19697243  0.02591846]
 [-0.15438519 -0.13345965  0.13928603]]	0.6171039394198832	0.6904348508883482	[[ 1.92147636e-01  6.70559525e-02  7.24809681e-01]
 [-2.91630849e-01  3.78403006e-01  9.48404764e-11]
 [-1.85127566e-01 -2.23543651e-01  2.71737794e-01]]	[[-0.12015611536269478, -0.09931731217549482, 0.2192371582763797], [0.07524723066348732, -0.11355958612442796, -0.06473449318915554], [0.20046821990426927, 0.10978804075771594, -0.07614601157804317]]	0.8708193577673266	WordDict: (word: HZ, matrix: [[ 0.        0.        0.996004]
 [ 0.        1.        0.      ]
 [-0.996004  0.        0.      ]])
