2	[[0.8592155572171323, 0.2624339665249735, -0.4391776855101157], [-0.4266000482917053, 0.8413623931712975, -0.33184593135155627], [0.2824199444684594, 0.4724804086637203, 0.8348660002631537]]	0.17571913421225765	0.8242808657877424	[[0.15098061381589703, 0.04611466938565699, -0.0771719226631807], [-0.07496179114072578, 0.14784347128681363, -0.05831167974895577], [0.04962658812627159, 0.08302384834264262, 0.14670193074949187]]	0.0	0.6885593255546688	[[0.6881563194507482, 0.688156319450748, 0.0], [-0.7071067811865474, 0.7071067811865474, 0.0], [0.0, 0.0, 0.9731999999999998]]	[[0.6881563194507481, 0.688156319450748, 0.0], [-0.7071067811865474, 0.7071067811865475, 0.0], [0.0, 0.0, 0.9731999999999998]]	0.688559325554669	[[0.6881563194507482, 0.6881563194507481, 0.0], [-0.7071067811865475, 0.7071067811865476, 0.0], [0.0, 0.0, 0.9732000000000001]]
2	[[-0.30792515101507295, 0.09349718223056193, 0.9468053539599837], [0.3027085282091916, -0.9338174967034747, 0.1906631317268273], [0.9019698710720718, 0.34531602882779927, 0.2592434992682147]]	0.607060680705872	0.39293931929412806	[[-0.18692925178166864, 0.05675846308896589, 0.5747683026709118], [0.1837624451901445, -0.5668838852038647, 0.11574409053160115], [0.5475504439091996, 0.20962778351885236, 0.1573765351343347]]	0.8089061614105946	0.27970897657881727	[[-0.12078665239945205, 0.1460727031488005, 0.7753409654448726], [0.29492438383685365, -0.8139547499670986, 0.15422858200767042], [0.7201447051468156, 0.2793282633526453, 0.12078665239945205]]	[[0.12829589950992826, 0.07044225636796982, 0.009464280970102967], [0.050061590256905805, -0.05858402325064023, 0.0], [-0.009464280970102967, 0.0, -0.08891701146424984]]	0.47064735785707446	[[0.0, 0.0, 0.9732000000000001], [0.0, -1.0, 0.0], [0.9732000000000001, 0.0, 0.0]]
2	[[0.034229894132735264, 0.2773841392786001, 0.9601491309293217], [-0.1827544195208179, -0.9427759796974285, 0.2788803941677556], [0.9825625356654255, -0.18501754344446375, 0.018422055382213542]]	0.8229764765067663	0.17702352349323375	[[0.028170397664558103, 0.22828062158236442, 0.7901801486932469], [-0.1504025882432821, -0.7758824539066046, 0.22951200415899767], [0.8086258535494859, -0.1522650859958623, 0.015160918228466607]]	0.9110773310123061	0.12959226136435187	[[0.0, 0.2406453227239454, 0.8575848836963313], [-0.177977028160534, -0.8210354543258166, 0.2540816051900187], [0.8874414109628164, -0.16856528967183543, 0.0]]	[[-0.031186080587286242, -0.012073078555147387, -0.01718522388454026], [-0.011473619392803946, 0.03790636899942875, 0.0], [-0.0077490415839235995, 0.0, -0.016783917049388003]]	0.3497809330019717	[[0.0, 0.0, 0.9732000000000001], [0.0, -1.0, 0.0], [0.9732000000000001, 0.0, 0.0]]
2	[[0.3802729664721569, 0.7767473726770865, -0.5020517802076895], [0.4287143634067757, 0.332951791095048, 0.839849450446521], [0.8195098935212374, -0.5346088512602871, -0.20639019011321075]]	0.1281366382742217	0.8718633617257787	[[0.04872689955030801, 0.09952979712317592, -0.06433122735540181], [0.054934017306817226, 0.04266332321830038, 0.10761548523666975], [0.10500924278827675, -0.06850298099213661, -0.02644614513388434]]	0.4249320703913443	0.9460843346000003	[[0.14354894380434263, 0.3206273566012908, 0.13541119953932806], [0.28426601354775405, -0.2651525387386636, 0.3278659591468634], [0.6142692995829753, 0.0, -0.062187651358600646]]	[[-0.018041235152529277, -0.009437512641420596, 0.34874910194664166], [0.10209153149880572, -0.40663443266918875, -0.029013006648409473], [0.2660332638228058, 0.22717244601557204, 0.025514159434669142]]	1.0000000000000007	[[0.0, 0.0, 0.0], [0.0, 0.0, 0.0], [0.0, 0.0, 0.0]]
2	[[-0.8305561570912853, 0.32773595720904825, 0.4502950280316503], [-0.5100865793185324, -0.772219296347621, -0.37879947194723407], [0.22358030216652452, -0.5443036842615101, 0.808545204538665]]	0.19518491762410747	0.8048150823758924	[[-0.1621120351040578, 0.06396911581030612, 0.08789079795290282], [-0.09956120696545052, -0.1507255597453567, -0.0739359437280763], [0.04363950286074615, -0.10623986977508106, 0.1578158291432465]]	0.538414829950257	0.6386999553847994	[[-0.4074038521794254, 0.16751536711775583, 0.42503128106710647], [-0.35055803332139435, -0.5987639639046546, -0.06385790613667308], [0.3433090175734509, -0.25777598454446193, 0.2844042602115611]]	[[0.039779899905017964, -0.008942532551538592, 0.18258576012199926], [-0.07591985445769835, -0.18298964277734286, 0.1400933471370441], [0.2229300672022345, 0.035285191058497443, -0.15092846859721995]]	0.680374550897222	[[-0.6697137300894681, 0.669713730089468, 0.0], [-0.7071067811865475, -0.7071067811865476, 0.0], [0.0, 0.0, 0.9471182400000001]]
2	[[0.8489524140446696, -0.5135124485683378, 0.12483895166604869], [0.522794976890395, 0.7815435453534784, -0.34040431673891397], [0.0772347773085365, 0.35425224329800037, 0.9319550081910795]]	0.21904177243284284	0.780958227567157	[[0.18595604148348507, -0.11248067690073776, 0.027344945241589286], [0.11451393835705925, 0.17119068340767374, -0.07456276488228254], [0.016917642515117765, 0.07759603926030467, 0.20413707682183863]]	0.0	0.435520259526522	[[0.6881563194507485, -0.6881563194507482, 0.0], [0.7071067811865476, 0.7071067811865477, 0.0], [0.0, 0.0, 0.9732000000000003]]	[[0.6881563194507483, -0.6881563194507482, 0.0], [0.7071067811865476, 0.7071067811865477, 0.0], [0.0, 0.0, 0.9732000000000003]]	0.435520259526522	[[0.6881563194507482, -0.6881563194507481, 0.0], [0.7071067811865475, 0.7071067811865476, 0.0], [0.0, 0.0, 0.9732000000000001]]
2	[[-0.5446221603179724, 0.8109226453022452, -0.2139887049042392], [-0.8354447797583356, -0.5021691245819775, 0.22328947644507607], [0.07361197229480154, 0.30038414347728, 0.9509735242804028]]	0.2487756816095806	0.7512243183904195	[[-0.13548874915278586, 0.20173783381771024, -0.053235185919303527], [-0.20783834453154587, -0.12492746625116782, 0.055548991698870204], [0.018312868582264843, 0.07472827003827039, 0.23657908669552236]]	0.6065539190363268	0.5840241257121802	[[-0.25838105751125634, 0.5431811958703169, 0.1414664368127081], [-0.6135784253268327, -0.5133056802328467, 0.13543710701733044], [0.190735966913667, 0.009327786647461271, 0.504249336869792]]	[[0.07196164822364046, 0.051312887326934786, 0.27126212440188247], [-0.1068361200259733, -0.2087130296986068, 0.0], [0.14608633663026155, -0.17287139279505317, -0.07256738118227371]]	0.3959436844491208	[[-0.6697137300894681, 0.669713730089468, 0.0], [-0.7071067811865475, -0.7071067811865476, 0.0], [0.0, 0.0, 0.9471182400000001]]
2	[[0.8787972042104137, -0.3840163418041313, 0.28327887866788265], [-0.395223040501579, -0.9183905790867732, -0.018907472103605397], [0.2674214316928388, -0.09534250611366366, -0.9588511794847616]]	0.62439987085727	0.37560012914273017	[[0.5487208608187121, -0.2397797542295809, 0.17687929525681823], [-0.24677721544900355, -0.5734429589783145, -0.011805823139728645], [0.16697790741347476, -0.059531848504580064, -0.5987065526416263]]	0.8355687331616531	0.30238301807095835	[[0.6069570026545141, -0.2641055563419618, 0.24347423987677191], [-0.346344021778704, -0.8488482847273081, -0.015798492512898856], [0.21667372080306535, -0.0796652170498511, -0.7090385870028352]]	[[-0.1273384639735839, 0.056766491892688536, 0.0067752660967955024], [-0.01610800651050287, -0.08146983201217609, 0.0], [-0.0067752660967955024, 0.0, 0.09214747832980398]]	0.4791506842132207	[[0.6697137300894681, -0.669713730089468, 0.0], [-0.7071067811865475, -0.7071067811865476, 0.0], [0.0, 0.0, -0.9471182400000001]]
2	[[0.08740825448676931, -0.06334395238859675, -0.994156597696443], [0.7119981850616444, -0.6940087028176986, 0.10681996481098455], [-0.6967197295301035, -0.717174639895393, -0.015561310176609944]]	0.16535445565881576	0.8346455443411844	[[0.01445334434074698, -0.010474204766494383, -0.16438822305171563], [0.117732072320933, -0.11475743127690144, 0.017663157134814204], [-0.1152057116232077, -0.11858802219220992, -0.002573131973591297]]	0.4634476531559372	1.0276739326764635	[[0.06408286907211477, -0.015727944341704138, 0.0004571515686421432], [0.6348722161523814, -0.6370353658449723, 0.039005128981812666], [0.010254403169912914, -0.013289811422457989, 0.026126419968482237]]	[[0.023573718663764637, 0.013628661734412437, 0.46119669364054994], [0.30489832823427565, -0.3153986612543136, -0.010500333020037918], [0.33314752672807874, 0.31908309234001625, 0.0333382726498637]]	0.8005747586549504	[[0.0, 0.0, -0.9471182400000001], [0.0, -1.0, 0.0], [-0.9471182400000001, 0.0, 0.0]]
2	[[0.22433838825039393, -0.7661379269479729, -0.6022499185961573], [-0.9416906372873723, -0.011392912655017143, -0.3362869982418849], [0.2507808429735371, 0.642575192824231, -0.724020780340167]]	0.14857126031206258	0.8514287396879374	[[0.03333023707873785, -0.11382607737953128, -0.08947702942866817], [-0.1399081648058543, -0.0016926593917812177, -0.04996258315535721], [0.03725882590269988, 0.09546820624316264, -0.10756867982726163]]	0.4194780423994918	0.8686010678011672	[[0.02039190767991939, -0.3237807407326465, 0.11683040029477292], [-0.48189392967547007, -0.1285117449331924, -0.14106501170690722], [0.2960996443098981, 0.03743597917315642, -0.33184109080101354]]	[[-0.07371312025841302, -0.0024027029285059592, 0.36946101718274227], [-0.08687538460023324, -0.12373266823543742, 0.0], [0.19090258722806447, -0.23211020480722802, -0.028130271207367677]]	0.9535419798326967	[[0.6697137300894681, -0.669713730089468, 0.0], [-0.7071067811865475, -0.7071067811865476, 0.0], [0.0, 0.0, -0.9471182400000001]]
2	[[-0.42203838922340475, -0.825029846081567, 0.3757783270710803], [0.2588054115689476, 0.28760896992378115, 0.9221175843470338], [-0.8688517462515349, 0.4864224845687207, 0.09214016247897017]]	0.10992492346068625	0.8900750765393138	[[-0.04639253763285411, -0.09069134268329802, 0.04130740384147322], [0.028449165057927987, 0.031615394005478484, 0.1013637048811006], [-0.0955084617053836, 0.05346995438577347, 0.010128500308155985]]	0.3519768680099714	1.1462934551120494	[[-0.23593526682629506, -0.4782523789917835, 0.30660396060565714], [0.1833602624199915, 0.00942567442982939, 0.03394725713174955], [0.18435420095353164, 0.17120946264812698, -0.0911534050782645]]	[[-0.0873875164074678, -0.1878609577532448, 0.17433868197715158], [0.09226674423192165, -0.09180603001551718, -0.29061680214364005], [0.4901699173641413, 0.0, -0.12358461088554232]]	1.0000000000000002	[[0.0, 0.0, 0.0], [0.0, 0.0, 0.0], [0.0, 0.0, 0.0]]
2	[[0.04673222253661188, -0.9725397674033924, -0.22799671093185395], [-0.8377629715199755, -0.16246744520517667, 0.5213036857710898], [-0.5440306084466285, 0.16664552219444034, -0.8223502702654952]]	0.18251241786362846	0.8174875821363715	[[0.008529210927298178, -0.177500584417324, -0.04161223097712739], [-0.15290214552872877, -0.02965232624852339, 0.0951443961313028], [-0.09929234173941517, 0.030414877181854264, -0.15008913615696384]]	0.4788503660102212	0.8936208751406512	[[-0.0717642822131137, -0.5935697716894742, 0.11460115981364301], [-0.301585524169745, -0.20147753540207314, 0.0018470398376523687], [0.08227224517536824, 0.0797982692967722, -0.5269196551473545]]	[[-0.09414202407924142, -0.12786874810886428, 0.22377746829248787], [0.09957758137240577, -0.12367993980082875, -0.2477794208963113], [0.3427815011507997, 0.0, -0.13313692724211768]]	0.8733792409698892	[[0.6697137300894681, -0.669713730089468, 0.0], [-0.7071067811865475, -0.7071067811865476, 0.0], [0.0, 0.0, -0.9471182400000001]]
2	[[-0.3195682178843842, -0.5708200961323295, -0.7563336379995778], [0.910087742671785, 0.03735879733279218, -0.41272826520656647], [0.2638493031197415, -0.8202248094963509, 0.507557688474819]]	0.12134882176172676	0.8786511782382731	[[-0.0387792267127648, -0.06926834610357384, -0.09178019583000913], [0.11043807527301071, 0.004533446038769456, -0.05008408869057833], [0.03201780205623331, -0.09953331421211897, 0.061591527472524846]]	0.37784778371292765	1.0813505053868886	[[-0.1988572656529377, -0.29379223100263424, 0.19300974245536406], [0.5436818306553265, -0.07937030851793778, -0.15594846028398254], [0.266346527197929, -0.042569965616631095, 0.08131656691579582]]	[[-0.07810912278023324, -0.07810912278023323, 0.4787887313210402], [0.1998071941024915, -0.09348624729231376, 0.0], [0.1666516527799342, 0.26735016079792334, -0.11046298078087112]]	0.9874057081787688	[[1.8911437767141527e-16, -0.9471182400000001, 0.0], [1.0, 1.7938038903913487e-16, 0.0], [0.0, 0.0, 0.9471182400000001]]
2	[[0.5319609947059123, -0.8460851799387872, 0.03402011756955908], [-0.703274286200726, -0.4190807785627857, 0.5742617690636116], [-0.47161719485230363, -0.3294103357928521, -0.8179645788128509]]	0.15721956305197712	0.8427804369480228	[[0.08363467514835868, -0.1330211422947295, 0.00534862801926296], [-0.11056847598216923, -0.06588769688912353, 0.09028518440963641], [-0.07414744930247832, -0.05178974905815726, -0.12860003367295092]]	0.472546718534335	0.8073439106985434	[[0.22011607146364406, -0.5442861539732471, 0.2356953824326195], [-0.3768576691258604, -0.39691108774406164, 0.008288446516566376], [0.15905729338640626, -0.1556617732302057, -0.35730192981040165]]	[[-0.03126035097289566, -0.14447137859264067, 0.21961928751097207], [-0.044527712952130476, -0.19887584103340294, -0.2630770680341654], [0.3819184512182305, 0.0, 0.029224547784930652]]	0.6617507147941486	[[0.6697137300894681, -0.669713730089468, 0.0], [-0.7071067811865475, -0.7071067811865476, 0.0], [0.0, 0.0, -0.9471182400000001]]
