2	[[0.8489524140446696, -0.5135124485683378, 0.12483895166604869], [0.522794976890395, 0.7815435453534784, -0.34040431673891397], [0.0772347773085365, 0.35425224329800037, 0.9319550081910795]]	0.21025443420663642	0.7897455657933636	[[0.17849600948332017, -0.10796826933180034, 0.026247943149494746], [0.10991996207216156, 0.16432299593614427, -0.07157151701743701], [0.016238954404081907, 0.07448310498105278, 0.19594767295325666]]	0.0	0.45076737620964274	[[0.6576093065034893, -0.6576093065034891, 0.0], [0.7071067811865475, 0.7071067811865477, 0.0], [0.0, 0.0, 0.9299999999999998]]	[[0.6576093065034891, -0.6576093065034891, 0.0], [0.7071067811865475, 0.7071067811865476, 0.0], [0.0, 0.0, 0.9299999999999999]]	0.4507673762096427	[[0.6576093065034891, -0.6576093065034891, 0.0], [0.7071067811865475, 0.7071067811865476, 0.0], [0.0, 0.0, 0.9299999999999999]]
2	[[-0.5446221603179724, 0.8109226453022452, -0.2139887049042392], [-0.8354447797583356, -0.5021691245819775, 0.22328947644507607], [0.07361197229480154, 0.30038414347728, 0.9509735242804028]]	0.23520875158375246	0.7647912484162475	[[-0.1280998984132366, 0.19073610303253521, -0.05033201613355011], [-0.1965039236641211, -0.11811457287683283, 0.05251963899643604], [0.017314180105078028, 0.0706529793828458, 0.22367729543519482]]	0.5912777184906367	0.5800371588226515	[[-0.34585057231268884, 0.5240112933337944, 0.13472422982228954], [-0.6071229591509687, -0.39861396494023643, 0.13202609219541334], [0.1760084923414379, 0.014520340653513741, 0.49931339200743324]]	[[-0.023827623920436452, 0.044530801747090926, 0.2612509830408342], [-0.11314307585054748, -0.10169255066096451, 0.0], [0.13248337330937165, -0.16309011037249643, -0.06297606377408349]]	0.42735485744778234	[[-0.6115766550482449, 0.6115766550482449, 0.0], [-0.7071067811865475, -0.7071067811865476, 0.0], [0.0, 0.0, 0.8648999999999999]]
2	[[0.04673222253661188, -0.9725397674033924, -0.22799671093185395], [-0.8377629715199755, -0.16246744520517667, 0.5213036857710898], [-0.5440306084466285, 0.16664552219444034, -0.8223502702654952]]	0.17526297040633057	0.8247370295936692	[[0.008190428135456264, -0.1704502084734004, -0.03995938080079017], [-0.14682882688502502, -0.02847452704098701, 0.09136523245200956], [-0.09534842042831948, 0.029206789224711698, -0.14412755108117944]]	0.46084329120679796	0.8707048175622458	[[-0.054641646711270274, -0.5535070718042341, 0.097022156841904], [-0.30640874584719135, -0.1872031499121401, 0.0], [0.0686050250282551, 0.0686050250282551, -0.4867063932242808]]	[[-0.07617787795045101, -0.10531864456456096, 0.2020929114920645], [0.079668699199261, -0.1123311177498264, -0.2402393062689834], [0.31931788114203624, -0.008192445884706266, -0.10773178815033017]]	0.888363429513615	[[0.6115766550482449, -0.6115766550482449, 0.0], [-0.7071067811865475, -0.7071067811865476, 0.0], [0.0, 0.0, -0.8648999999999999]]
2	[[-0.3195682178843842, -0.5708200961323295, -0.7563336379995778], [0.910087742671785, 0.03735879733279218, -0.41272826520656647], [0.2638493031197415, -0.8202248094963509, 0.507557688474819]]	0.11438317661636176	0.8856168233836381	[[-0.036553227907245495, -0.06529221587207282, -0.08651184409620108], [0.10409872700641278, 0.004273217913491657, -0.04720917005368728], [0.030179921438849344, -0.09381991924974278, 0.05805606072380755]]	0.3608168932306162	1.0695950888465884	[[-0.18340644079387028, -0.2740623629216511, 0.18362239921372298], [0.5377368122186803, -0.07548704165581663, -0.14891933040029517], [0.24024943712191693, -0.04677313445499563, 0.08682627196849738]]	[[-0.0681008292415822, -0.0681008292415822, 0.45652035272254016], [0.20936178034058223, -0.08896672684426699, 0.0], [0.1450481512891887, 0.24917783305815172, -0.0963091163222998]]	0.9637328563565869	[[1.726975770712715e-16, -0.8648999999999999, 0.0], [1.0, 1.7938038903913487e-16, 0.0], [0.0, 0.0, 0.8648999999999999]]
2	[[0.8787972042104137, -0.3840163418041313, 0.28327887866788265], [-0.395223040501579, -0.9183905790867732, -0.018907472103605397], [0.2674214316928388, -0.09534250611366366, -0.9588511794847616]]	0.5622640145919598	0.43773598540804026	[[0.49411604405153753, -0.21591857001170908, 0.1592775195689124], [-0.22221969341165854, -0.5163779739607639, -0.010630991170758658], [0.15036144777154506, -0.053607660248727, -0.5391275135733379]]	0.8019171254785262	0.35300976080896274	[[0.5620346094550374, -0.24214870228876365, 0.2339267655266423], [-0.34950010600826775, -0.843895068835586, -0.015162225679388663], [0.20768924435795968, -0.07645678843858797, -0.652201100161722]]	[[-0.14268791842394296, 0.06580057866758447, 0.00676058143651361], [-0.032563981446358435, -0.10742193558776182, 0.0], [-0.00676058143651361, 0.0, 0.11671808145239247]]	0.5031773911831257	[[0.6115766550482449, -0.6115766550482449, 0.0], [-0.7071067811865475, -0.7071067811865476, 0.0], [0.0, 0.0, -0.8648999999999999]]
2	[[0.8592155572171323, 0.2624339665249735, -0.4391776855101157], [-0.4266000482917053, 0.8413623931712975, -0.33184593135155627], [0.2824199444684594, 0.4724804086637203, 0.8348660002631537]]	0.16681516454815218	0.8331848354518478	[[0.1433301845595082, 0.04377796530888772, -0.07326149787424655], [-0.07116335725203052, 0.14035200606149711, -0.055356933643044656], [0.04711192950818603, 0.07881689711701668, 0.13926830920955563]]	0.0	0.6888858755346593	[[0.6576093065034887, 0.6576093065034888, 0.0], [-0.7071067811865471, 0.7071067811865471, 0.0], [0.0, 0.0, 0.9299999999999994]]	[[0.6576093065034888, 0.6576093065034888, 0.0], [-0.7071067811865471, 0.7071067811865472, 0.0], [0.0, 0.0, 0.9299999999999994]]	0.6888858755346594	[[0.6576093065034891, 0.6576093065034891, 0.0], [-0.7071067811865475, 0.7071067811865476, 0.0], [0.0, 0.0, 0.9299999999999999]]
2	[[-0.30792515101507295, 0.09349718223056193, 0.9468053539599837], [0.3027085282091916, -0.9338174967034747, 0.1906631317268273], [0.9019698710720718, 0.34531602882779927, 0.2592434992682147]]	0.5448225199490002	0.45517748005100006	[[-0.16776455673170843, 0.050939370430985634, 0.5158408788456833], [0.1649224231489848, -0.5087648017264541, 0.10387756788877822], [0.49141349807556095, 0.1881359490047432, 0.14124169655170554]]	0.7744411079386948	0.3212663815724664	[[-0.09022023701411071, 0.1277088566989137, 0.744820326813032], [0.30919982420440645, -0.810763555344741, 0.1476573669775855], [0.6869472067904029, 0.26742692795439116, 0.09022023701411071]]	[[0.14824965810019228, 0.055300795303131256, 0.011575339489974188], [0.07476989623558845, -0.08757689858516361, 0.0], [-0.011575339489974188, 0.0, -0.11054858578506975]]	0.47994909801006	[[0.0, 0.0, 0.9299999999999999], [0.0, -1.0, 0.0], [0.9299999999999999, 0.0, 0.0]]
2	[[0.034229894132735264, 0.2773841392786001, 0.9601491309293217], [-0.1827544195208179, -0.9427759796974285, 0.2788803941677556], [0.9825625356654255, -0.18501754344446375, 0.018422055382213542]]	0.7650016938933927	0.23499830610660727	[[0.026185926993333983, 0.21219933640728988, 0.7345157115512], [-0.13980744049992944, -0.7212252214305359, 0.2133439739319901], [0.7516620041402378, -0.14153873413500914, 0.014092903572391258]]	0.8741422775151171	0.18807224803697228	[[0.0, 0.21084631050468866, 0.8030050964524882], [-0.18699463152595178, -0.8215668318859795, 0.24378114291211547], [0.8233490521254134, -0.1617316568067957, 0.0]]	[[-0.02992179761629054, -0.03162689275087728, -0.03630185161222928], [-0.02724126702007083, 0.002553510193276737, 0.0], [-0.035550400602190196, 0.0, -0.016103497448317766]]	0.369241886259576	[[0.0, 0.0, 0.9299999999999999], [0.0, -1.0, 0.0], [0.9299999999999999, 0.0, 0.0]]
2	[[-0.42203838922340475, -0.825029846081567, 0.3757783270710803], [0.2588054115689476, 0.28760896992378115, 0.9221175843470338], [-0.8688517462515349, 0.4864224845687207, 0.09214016247897017]]	0.10607925056447767	0.8939207494355225	[[-0.04476951603825811, -0.08751854776565901, 0.03986228331407336], [0.027453884101265175, 0.030509343985136002, 0.09781754227985988], [-0.09216714209400051, 0.0515993326207611, 0.009774159382658354]]	0.33845958103084683	1.1299821768777454	[[-0.22739404303273075, -0.4465358696223341, 0.2826069702948781], [0.18535341678872663, 0.015403800434773497, 0.02091243423433806], [0.15852178863216254, 0.16463435033111276, -0.0883876009312976]]	[[-0.08455110663724377, -0.16729661357962297, 0.15542119515392772], [0.09775824562058479, -0.08194021102634286, -0.29118709702493556], [0.4525929866463767, 0.0, -0.11957332172004397]]	1.0000000000000002	[[0.0, 0.0, 0.0], [0.0, 0.0, 0.0], [0.0, 0.0, 0.0]]
2	[[0.5319609947059123, -0.8460851799387872, 0.03402011756955908], [-0.703274286200726, -0.4190807785627857, 0.5742617690636116], [-0.47161719485230363, -0.3294103357928521, -0.8179645788128509]]	0.14944241063481936	0.8505575893651807	[[0.0794975334125479, -0.12644100889244725, 0.005084048379674917], [-0.10509900466731838, -0.06262844179913957, 0.08581906310428204], [-0.07047961049555954, -0.049227874668909134, -0.12223859847168712]]	0.4556414759458206	0.8210250228596826	[[0.21480850715282943, -0.4989390859912807, 0.22435673986339644], [-0.3835034736574418, -0.39902156776480147, 0.0], [0.13030524680694738, -0.14690580493704228, -0.32639052357460185]]	[[-0.027574985620579345, -0.1134275858280864, 0.20885576328215222], [-0.06306253989819957, -0.20807098327993015, -0.26165748003540196], [0.3451936015508787, 0.003187206655421209, 0.046308064387086956]]	0.6923102362907244	[[0.6115766550482449, -0.6115766550482449, 0.0], [-0.7071067811865475, -0.7071067811865476, 0.0], [0.0, 0.0, -0.8648999999999999]]
2	[[0.3802729664721569, 0.7767473726770865, -0.5020517802076895], [0.4287143634067757, 0.332951791095048, 0.839849450446521], [0.8195098935212374, -0.5346088512602871, -0.20639019011321075]]	0.12389267324510608	0.8761073267548943	[[0.047113034379082125, 0.0962333084370769, -0.06220053715739511], [0.053114568541039325, 0.04125028746051161, 0.10405119353925274], [0.1015312714591584, -0.0662341197231323, -0.025570232384691333]]	0.4075918252290873	0.8960864944793016	[[0.2146437891308453, 0.33773915206890814, 0.11581316119864118], [0.24166920358366628, -0.20278947635552677, 0.328111677788168], [0.569301513688256, 0.0, -0.07630440463232832]]	[[0.05964763664117938, 0.021143272697556295, 0.32044536265300594], [0.06692873370077236, -0.3384979046012512, -0.014204092636975432], [0.23527598039463982, 0.21790219746880612, 0.007818549665293578]]	1.0000000000000007	[[0.0, 0.0, 0.0], [0.0, 0.0, 0.0], [0.0, 0.0, 0.0]]
2	[[-0.8305561570912853, 0.32773595720904825, 0.4502950280316503], [-0.5100865793185324, -0.772219296347621, -0.37879947194723407], [0.22358030216652452, -0.5443036842615101, 0.808545204538665]]	0.18449985315781134	0.8155001468421886	[[-0.15323748902265827, 0.060467235979604135, 0.083079366549532], [-0.09411089898203955, -0.14247434678176446, -0.06988844695052115], [0.04125053291870283, -0.10042394981950432, 0.14917647150883623]]	0.5174105839274191	0.6630299277757626	[[-0.375025350890102, 0.1461217624888934, 0.40039309517074795], [-0.35412329233611883, -0.6043081035497953, -0.057884577995552175], [0.31852152932490563, -0.24771981614610752, 0.26165757043365134]]	[[0.05471319533501315, -0.023452290504651942, 0.16740568177727821], [-0.09019909747737712, -0.2047536665065519, 0.1381102779760642], [0.2028387146262553, 0.03390867096148602, -0.15669227597841387]]	0.6840918299342342	[[-0.6115766550482449, 0.6115766550482449, 0.0], [-0.7071067811865475, -0.7071067811865476, 0.0], [0.0, 0.0, 0.8648999999999999]]
2	[[0.08740825448676931, -0.06334395238859675, -0.994156597696443], [0.7119981850616444, -0.6940087028176986, 0.10681996481098455], [-0.6967197295301035, -0.717174639895393, -0.015561310176609944]]	0.15153911854195734	0.8484608814580428	[[0.013245769838216102, -0.009599086709931662, -0.1506536145075903], [0.10789557736771493, -0.10516946708544128, 0.016187403310139497], [-0.10558029368378283, -0.10868001277039353, -0.002358147227521489]]	0.4424618583903996	1.0240389969577386	[[0.0598071859985009, -0.014812704856628903, -0.0006228338793053921], [0.6352324665803792, -0.6364273787448287, 0.038109188233878835], [0.007925974277170789, -0.01232198830999126, 0.023000394192161364]]	[[0.02113236727962395, 0.013214578035022604, 0.43925354186853965], [0.32020042644741253, -0.32935499835699905, -0.009154571909586481], [0.31619788058231696, 0.3050004356485899, 0.02988568041189362]]	0.8275073242428822	[[0.0, 0.0, -0.8648999999999999], [0.0, -1.0, 0.0], [-0.8648999999999999, 0.0, 0.0]]
2	[[0.22433838825039393, -0.7661379269479729, -0.6022499185961573], [-0.9416906372873723, -0.011392912655017143, -0.3362869982418849], [0.2507808429735371, 0.642575192824231, -0.724020780340167]]	0.1395817429877958	0.8604182570122042	[[0.03131354325106283, -0.10693886721245463, -0.08406309335190973], [-0.13144282050785966, -0.0015902426060949992, -0.04693952535873613], [0.035004427170195015, 0.08969176541512515, -0.1010600824792645]]	0.4005929765517419	0.8691980844585624	[[0.01857009782322191, -0.3061051848179708, 0.10584504851599294], [-0.4631755131091012, -0.12407545012137139, -0.13471420960136704], [0.27512485094666306, 0.04128857932912425, -0.3203746438406587]]	[[-0.07129828488082371, 0.0008042877872986437, 0.3471021360344719], [-0.08594085772724609, -0.1195115293293041, 0.0], [0.17466380659773886, -0.21612252982264396, -0.030337004358876415]]	0.9630506498880183	[[0.6115766550482449, -0.6115766550482449, 0.0], [-0.7071067811865475, -0.7071067811865476, 0.0], [0.0, 0.0, -0.8648999999999999]]
