2	[[0.034229894132735264, 0.2773841392786001, 0.9601491309293217], [-0.1827544195208179, -0.9427759796974285, 0.2788803941677556], [0.9825625356654255, -0.18501754344446375, 0.018422055382213542]]	0.8241403083072422	0.1758596916927577	[[0.028210235503876708, 0.2286034500646045, 0.7912976007850221], [-0.15061528364839796, -0.7769796865725013, 0.22983657403025934], [0.8097693910744496, -0.15248041529656894, 0.015182358402350563]]	0.9145934244481022	0.12767049152456933	[[0.0, 0.2436636399726385, 0.8629699529102919], [-0.17713171014827428, -0.82097943131561, 0.25506217471332415], [0.893807246052499, -0.16921582864184764, 0.0]]	[[-0.031306436093354345, -0.010030069857765696, -0.015176128727225652], [-0.00998571976570434, 0.041277280443275895, 0.0], [-0.00483798817615316, 0.0, -0.01684869071739128]]	0.34796228429236903	[[0.0, 0.0, 0.9774], [0.0, -1.0, 0.0], [0.9774, 0.0, 0.0]]
2	[[0.8592155572171323, 0.2624339665249735, -0.4391776855101157], [-0.4266000482917053, 0.8413623931712975, -0.33184593135155627], [0.2824199444684594, 0.4724804086637203, 0.8348660002631537]]	0.17657112079567308	0.8234288792043272	[[0.15171265394290775, 0.046338259604168736, -0.07754609615897069], [-0.07532524865835459, 0.14856030075758564, -0.05859440803022828], [0.04986720612984766, 0.08342639531175074, 0.14741322538066573]]	0.0	0.6886491005852133	[[0.6911261679317316, 0.6911261679317315, 0.0], [-0.7071067811865475, 0.7071067811865476, 0.0], [0.0, 0.0, 0.9774]]	[[0.6911261679317316, 0.6911261679317315, 0.0], [-0.7071067811865475, 0.7071067811865476, 0.0], [0.0, 0.0, 0.9774]]	0.6886491005852133	[[0.6911261679317316, 0.6911261679317315, 0.0], [-0.7071067811865475, 0.7071067811865476, 0.0], [0.0, 0.0, 0.9774]]
2	[[0.3802729664721569, 0.7767473726770865, -0.5020517802076895], [0.4287143634067757, 0.332951791095048, 0.839849450446521], [0.8195098935212374, -0.5346088512602871, -0.20639019011321075]]	0.1285187343064976	0.8714812656935028	[[0.048872200341978825, 0.09982658921235658, -0.0645230593486162], [0.05509782736405468, 0.04279054277661701, 0.10793638837939447], [0.1053223742670021, -0.06870725291302274, -0.026525006006627272]]	0.4265692255878822	0.9449428642158177	[[0.14287391557223625, 0.32162323682538585, 0.13740040569477482], [0.28524214900541806, -0.2634498014423488, 0.32784275996214973], [0.6187112831297389, 0.0, -0.060690468962874]]	[[-0.019338829247798478, -0.009713288414901131, 0.3515602447829866], [0.10236579500858778, -0.4054767891278619, -0.030411169725231196], [0.2691335824887768, 0.22804768367452802, 0.02734923460265408]]	1.0000000000000007	[[0.0, 0.0, 0.0], [0.0, 0.0, 0.0], [0.0, 0.0, 0.0]]
2	[[-0.8305561570912853, 0.32773595720904825, 0.4502950280316503], [-0.5100865793185324, -0.772219296347621, -0.37879947194723407], [0.22358030216652452, -0.5443036842615101, 0.808545204538665]]	0.19621568627987826	0.8037843137201214	[[-0.16296814635764495, 0.06430693576236622, 0.08835494795364729], [-0.10008698822314141, -0.1515215391914132, -0.07432639835058201], [0.043869962428267184, -0.10680092095203837, 0.15864925219685866]]	0.5404004000125664	0.6363463776560958	[[-0.4106573798548448, 0.1696893886242235, 0.42743723275918394], [-0.3502159805402047, -0.5982116968427418, -0.06442149587212978], [0.3457609189665821, -0.2587266126646812, 0.2866772526580684]]	[[0.03817549967018574, -0.007419253750047556, 0.18409761948721035], [-0.07456498903542816, -0.18090408019906495, 0.14028189029270435], [0.22493803424086178, 0.035415316038552455, -0.15026089930286837]]	0.6804580122254039	[[-0.6755067165364745, 0.6755067165364744, 0.0], [-0.7071067811865475, -0.7071067811865476, 0.0], [0.0, 0.0, 0.95531076]]
2	[[-0.30792515101507295, 0.09349718223056193, 0.9468053539599837], [0.3027085282091916, -0.9338174967034747, 0.1906631317268273], [0.9019698710720718, 0.34531602882779927, 0.2592434992682147]]	0.6134889826561839	0.3865110173438163	[[-0.1889086876304889, 0.05735949120784727, 0.5808546533743384], [0.18570834701240774, -0.572886746039159, 0.11696973071313325], [0.5533485785905347, 0.21184757922044006, 0.15904303062628622]]	0.8122047813889994	0.27577639035503215	[[-0.12387357956549847, 0.1479370429170336, 0.7782399598484995], [0.2935875334474408, -0.8142479821752956, 0.15485750722312977], [0.7233441176360593, 0.28046732970420013, 0.12387357956549847]]	[[0.12622470039887346, 0.07199818446297263, 0.009240124317496726], [0.047726219468708565, -0.05579694640802715, 0.0], [-0.009240124317496726, 0.0, -0.0866852300841611]]	0.46988798855158564	[[0.0, 0.0, 0.9774], [0.0, -1.0, 0.0], [0.9774, 0.0, 0.0]]
2	[[-0.3195682178843842, -0.5708200961323295, -0.7563336379995778], [0.910087742671785, 0.03735879733279218, -0.41272826520656647], [0.2638493031197415, -0.8202248094963509, 0.507557688474819]]	0.12201935816016413	0.8779806418398357	[[-0.03899350883464009, -0.06965110175499004, -0.09228734506365036], [0.11104832223024381, 0.004558496472182878, -0.05036083801506324], [0.03219472261767742, -0.10008330480178763, 0.06193186337695394]]	0.3794635969988261	1.0825988392626338	[[-0.20038751163054797, -0.29572845310322443, 0.19390719150873467], [0.5442458669154869, -0.07973873518329744, -0.15661535209836916], [0.2689622589033481, -0.04211047292810477, 0.08070283770960913]]	[[-0.079123006185635, -0.07912300618563499, 0.4809082743152624], [0.1989006984967095, -0.09391503879874896, 0.0], [0.1688410532758974, 0.2691349836310574, -0.1118968284434553]]	0.9900910510877294	[[1.9075020650030636e-16, -0.95531076, 0.0], [1.0, 1.7938038903913487e-16, 0.0], [0.0, 0.0, 0.95531076]]
2	[[-0.42203838922340475, -0.825029846081567, 0.3757783270710803], [0.2588054115689476, 0.28760896992378115, 0.9221175843470338], [-0.8688517462515349, 0.4864224845687207, 0.09214016247897017]]	0.11028534440842697	0.8897146555915731	[[-0.046544649109080946, -0.0909887007223371, 0.041442842222256596], [0.028542443949646067, 0.031719054302997145, 0.10169605537477933], [-0.09582161407521371, 0.05364527123866411, 0.010161709552841635]]	0.3532495941246791	1.1480555961559455	[[-0.2367343553020188, -0.4813700540736717, 0.3089837032127841], [0.18317259609170752, 0.008862801340336235, 0.035174556628145975], [0.18697103205751472, 0.1718285452470186, -0.0914065879933949]]	[[-0.08764946560381774, -0.18992859580461172, 0.1762401616940742], [0.09174968949770619, -0.09273495055185649, -0.29056310577767325], [0.49389255877538807, 0.0, -0.12395506299167314]]	1.0000000000000002	[[0.0, 0.0, 0.0], [0.0, 0.0, 0.0], [0.0, 0.0, 0.0]]
2	[[0.8489524140446696, -0.5135124485683378, 0.12483895166604869], [0.522794976890395, 0.7815435453534784, -0.34040431673891397], [0.0772347773085365, 0.35425224329800037, 0.9319550081910795]]	0.21985590654121093	0.7801440934587891	[[0.18664720260014026, -0.11289874490018884, 0.027446580890193528], [0.11493956357942921, 0.1718269646651208, -0.07483989964717543], [0.01698052198167685, 0.07788444809453948, 0.2048958131814714]]	0.0	0.4341357331034593	[[0.6911261679317316, -0.6911261679317315, 0.0], [0.7071067811865475, 0.7071067811865476, 0.0], [0.0, 0.0, 0.9774]]	[[0.6911261679317316, -0.6911261679317315, 0.0], [0.7071067811865475, 0.7071067811865476, 0.0], [0.0, 0.0, 0.9774]]	0.4341357331034593	[[0.6911261679317316, -0.6911261679317315, 0.0], [0.7071067811865475, 0.7071067811865476, 0.0], [0.0, 0.0, 0.9774]]
2	[[0.22433838825039393, -0.7661379269479729, -0.6022499185961573], [-0.9416906372873723, -0.011392912655017143, -0.3362869982418849], [0.2507808429735371, 0.642575192824231, -0.724020780340167]]	0.14943131907208548	0.8505686809279145	[[0.033523181274762004, -0.11448500101498867, -0.08999499974687993], [-0.14071807408768477, -0.001702457966112278, -0.05025180973407695], [0.03747451216354519, 0.09602085866672452, -0.1081913802418318]]	0.4212696624728849	0.8480390377565008	[[0.16844020940836318, -0.3254883460835131, 0.11792935801815374], [-0.48366973978557537, -0.2837162839434864, -0.14166751024337848], [0.29816532462544226, 0.03701556390439665, -0.3328944653841152]]	[[0.07393325231040873, -0.0027376801904649833, 0.3716389779494793], [-0.08696404286164812, -0.2789167954747243, 0.0], [0.19251896355131476, -0.23368187069011606, -0.027886475626858268]]	0.9528126248226231	[[0.6755067165364745, -0.6755067165364744, 0.0], [-0.7071067811865475, -0.7071067811865476, 0.0], [0.0, 0.0, -0.95531076]]
2	[[0.8787972042104137, -0.3840163418041313, 0.28327887866788265], [-0.395223040501579, -0.9183905790867732, -0.018907472103605397], [0.2674214316928388, -0.09534250611366366, -0.9588511794847616]]	0.6309574756716604	0.36904252432833967	[[0.5544836655959152, -0.24229798164140015, 0.17873692619538584], [-0.24936893196215468, -0.579465401461225, -0.011929810869823204], [0.1687315514814149, -0.06015706698168707, -0.6049943197524994]]	0.8387736265980154	0.29738621207672467	[[0.6113985540560589, -0.2663016214596213, 0.24438119705718314], [-0.3460618401215476, -0.8493184822892758, -0.015859088946141908], [0.2175316994327318, -0.07997077962190112, -0.7146772315785568]]	[[-0.12571336396370666, 0.055801158228332995, 0.0067743446583040145], [-0.014559177124943909, -0.0789966856352115, 0.0], [-0.0067743446583040145, 0.0, 0.08958184960566128]]	0.47721989222239647	[[0.6755067165364745, -0.6755067165364744, 0.0], [-0.7071067811865475, -0.7071067811865476, 0.0], [0.0, 0.0, -0.95531076]]
2	[[0.5319609947059123, -0.8460851799387872, 0.03402011756955908], [-0.703274286200726, -0.4190807785627857, 0.5742617690636116], [-0.47161719485230363, -0.3294103357928521, -0.8179645788128509]]	0.15799202507250662	0.8420079749274932	[[0.08404559481317206, -0.1336747109623652, 0.005374907268019369], [-0.11111172865827429, -0.06621142087409718, 0.09072877981608013], [-0.07451175567373039, -0.05204420603172712, -0.12923188024422227]]	0.47406576250676935	0.8131163489316771	[[0.28381146627253756, -0.548387954870117, 0.23675439190125624], [-0.375834010107327, -0.46272581031713494, 0.009411106019405228], [0.16195947906159217, -0.1561621620152494, -0.36032999439056534]]	[[0.031626971693419714, -0.14728793889675873, 0.22062661892507326], [-0.0424357493681759, -0.2640539614758374, -0.2628267374102221], [0.3855370441505531, 0.0, 0.027439007367877223]]	0.6588437967770043	[[0.6755067165364745, -0.6755067165364744, 0.0], [-0.7071067811865475, -0.7071067811865476, 0.0], [0.0, 0.0, -0.95531076]]
2	[[0.08740825448676931, -0.06334395238859675, -0.994156597696443], [0.7119981850616444, -0.6940087028176986, 0.10681996481098455], [-0.6967197295301035, -0.717174639895393, -0.015561310176609944]]	0.16672570492539648	0.8332742950746037	[[0.014573202845605048, -0.01056106511474953, -0.16575145955717324], [0.11870839931000554, -0.11570909020164079, 0.017809633933217446], [-0.11616108804133803, -0.11957144739117677, -0.00259447040875806]]	0.46543916580826644	1.0280436091571639	[[0.06450225237370866, -0.015816813094516692, 0.0005701482762265377], [0.6348380290609047, -0.637093062683044, 0.039090152082209055], [0.010493858495261361, -0.013385287094316361, 0.026442348251885142]]	[[0.02381902732062999, 0.01366594326423031, 0.4632895657908433], [0.3034461877488132, -0.31407423097989723, -0.010628043231083966], [0.3347745082099138, 0.32041587903743923, 0.03368519147937021]]	0.7979998645133045	[[0.0, 0.0, -0.95531076], [0.0, -1.0, 0.0], [-0.95531076, 0.0, 0.0]]
2	[[-0.5446221603179724, 0.8109226453022452, -0.2139887049042392], [-0.8354447797583356, -0.5021691245819775, 0.22328947644507607], [0.07361197229480154, 0.30038414347728, 0.9509735242804028]]	0.25008614725349115	0.7499138527465089	[[-0.13620245778279486, 0.20280052008424782, -0.0535156107652654], [-0.2089331662128035, -0.1255855416363651, 0.05584160488639822], [0.018409334542937653, 0.07512191313827285, 0.23782530482736022]]	0.6079709430928226	0.5842127768278578	[[-0.2585535265357361, 0.5450126322438454, 0.1421226741317647], [-0.6141772359302765, -0.5143168467715538, 0.13575351357701548], [0.19219831685363617, 0.008793496424237268, 0.5046319154880199]]	[[0.07256092190203194, 0.05199522680411312, 0.2722215888636067], [-0.1062510852786259, -0.2090126105073521, 0.0], [0.14744437663464294, -0.17383133457577438, -0.07353235492504186]]	0.3932717827536517	[[-0.6755067165364745, 0.6755067165364744, 0.0], [-0.7071067811865475, -0.7071067811865476, 0.0], [0.0, 0.0, 0.95531076]]
2	[[0.04673222253661188, -0.9725397674033924, -0.22799671093185395], [-0.8377629715199755, -0.16246744520517667, 0.5213036857710898], [-0.5440306084466285, 0.16664552219444034, -0.8223502702654952]]	0.18319441773667747	0.8168055822633223	[[0.008561082297135432, -0.17816385641522825, -0.04176772470503853], [-0.15347349976895058, -0.029763129025527878, 0.09549992517881867], [-0.09966337054531049, 0.03052852940683506, -0.15064997893688675]]	0.4804149914604507	0.8952665788133655	[[-0.07353281180266545, -0.5967861620369392, 0.1160014907466756], [-0.3018709310803945, -0.20235934957928003, 0.0029110496825863375], [0.08399187434748132, 0.08005900712196441, -0.5308108089081247]]	[[-0.09598367209351971, -0.1295634779848896, 0.22553452868201307], [0.10060295972825628, -0.12430755327843389, -0.24753105606543324], [0.3453523344585922, 0.0, -0.13574141084102753]]	0.8720977140953996	[[0.6755067165364745, -0.6755067165364744, 0.0], [-0.7071067811865475, -0.7071067811865476, 0.0], [0.0, 0.0, -0.95531076]]
