2	[[0.8787972042104137, -0.3840163418041313, 0.28327887866788265], [-0.395223040501579, -0.9183905790867732, -0.018907472103605397], [0.2674214316928388, -0.09534250611366366, -0.9588511794847616]]	0.5344434897190545	0.46555651028094547	[[0.4696674445735621, -0.20523503382294514, 0.15139655247896383], [-0.21122438098303906, -0.4908278660122384, -0.01010497537281654], [0.1429216431795865, -0.05095518168594669, -0.5124517704850675]]	0.7846159879746264	0.37778063811555745	[[0.5400948800715518, -0.23159616595129, 0.22900186634453865], [-0.35126270373971913, -0.8413368513597854, -0.014835104904673034], [0.20308640174707224, -0.07480725463034907, -0.624577042180076]]	[[-0.14942345653934141, 0.06970919547176029, 0.006736729086193532], [-0.041164387346236925, -0.12075291980302748, 0.0], [-0.006736729086193532, 0.0, 0.12775292333199614]]	0.5149597220940277	[[0.9084000000000001, 0.0, 0.0], [0.0, -1.0, 0.0], [0.0, 0.0, -0.9084000000000001]]
2	[[0.08740825448676931, -0.06334395238859675, -0.994156597696443], [0.7119981850616444, -0.6940087028176986, 0.10681996481098455], [-0.6967197295301035, -0.717174639895393, -0.015561310176609944]]	0.14483150364412808	0.8551684963558721	[[0.012659468928227391, -0.009174199871202514, -0.14398519490210637], [0.10311976773436807, -0.10051432397119808, 0.01547089612278774], [-0.10090696604637513, -0.10386948147148585, -0.0022537679515511055]]	0.4316273496174798	1.0223354841845929	[[0.05769538805720283, -0.014354321967782614, -0.0011066640681914042], [0.6354184560302047, -0.6361134882468071, 0.037646633539050366], [0.006853626948883234, -0.011847804078345453, 0.02152175636031428]]	[[0.019967594838388412, 0.012986660316003248, 0.42799851330025546], [0.32810056647959135, -0.33656035123813877, -0.008459784758547357], [0.3075769172321692, 0.2977043849525735, 0.0282384434284199]]	0.8412429711846873	[[0.0, 0.0, -0.8251905600000001], [0.0, -1.0, 0.0], [-0.8251905600000001, 0.0, 0.0]]
2	[[0.034229894132735264, 0.2773841392786001, 0.9601491309293217], [-0.1827544195208179, -0.9427759796974285, 0.2788803941677556], [0.9825625356654255, -0.18501754344446375, 0.018422055382213542]]	0.7227046115144061	0.277295388485594	[[0.024738102341377684, 0.20046679661759859, 0.69390420466417], [-0.13207746176233348, -0.6813485481523437, 0.20154814692599227], [0.710102475626691, -0.13371303185838093, 0.013313704378299502]]	0.854773213030811	0.2220116781173384	[[0.0027527940410297246, 0.19946129936036255, 0.7720309159626778], [-0.18831437678596588, -0.82049402210045, 0.2383794905740715], [0.7880031836374303, -0.15814804007709193, -0.003893038667244075]]	[[-0.026506002548512906, -0.03763923261459246, -0.048678841670519335], [-0.032100794416575595, -0.014634368766208087, 0.0], [-0.05186495197700634, 0.0, -0.019639718136930304]]	0.3794930066783639	[[0.0, 0.0, 0.9084000000000001], [0.0, -1.0, 0.0], [0.9084000000000001, 0.0, 0.0]]
2	[[-0.5446221603179724, 0.8109226453022452, -0.2139887049042392], [-0.8354447797583356, -0.5021691245819775, 0.22328947644507607], [0.07361197229480154, 0.30038414347728, 0.9509735242804028]]	0.22837050807742193	0.7716294919225779	[[-0.12437563946203847, 0.18519081651916075, -0.0488687092618106], [-0.19079094882404096, -0.11468061812158041, 0.05099273118410356], [0.016810803513544942, 0.06859887946430764, 0.21717430690809217]]	0.5831364576691906	0.5804265889135152	[[-0.3241590127113662, 0.5141813044715303, 0.13135481825453027], [-0.6036825988529652, -0.41225281997065344, 0.13020823432898987], [0.16885810630776607, 0.016905659150843605, 0.4961364292298878]]	[[-0.00656997537540179, 0.04130274564624947, 0.2561394336136061], [-0.11650428940647226, -0.11941969551108061, 0.0], [0.1259322815417329, -0.15825928621649138, -0.05841090305617232]]	0.4452270182612314	[[-0.5834978407471247, 0.5834978407471246, 0.0], [-0.7071067811865475, -0.7071067811865476, 0.0], [0.0, 0.0, 0.8251905600000001]]
2	[[0.8592155572171323, 0.2624339665249735, -0.4391776855101157], [-0.4266000482917053, 0.8413623931712975, -0.33184593135155627], [0.2824199444684594, 0.4724804086637203, 0.8348660002631537]]	0.16226915653932114	0.8377308434606789	[[0.13942418375508686, 0.042584938395275905, -0.0712649925986177], [-0.06922403001592868, 0.1365271658838111, -0.053848359381422496], [0.04582804617877882, 0.07666899739521565, 0.1354730016860586]]	0.0	0.6898855477382884	[[0.6423358000298601, 0.6423358000298599, 0.0], [-0.7071067811865476, 0.7071067811865477, 0.0], [0.0, 0.0, 0.9084000000000004]]	[[0.64233580002986, 0.6423358000298599, 0.0], [-0.7071067811865476, 0.7071067811865477, 0.0], [0.0, 0.0, 0.9084000000000003]]	0.6898855477382887	[[0.6423358000298599, 0.6423358000298598, 0.0], [-0.7071067811865475, 0.7071067811865476, 0.0], [0.0, 0.0, 0.9084000000000001]]
2	[[0.5319609947059123, -0.8460851799387872, 0.03402011756955908], [-0.703274286200726, -0.4190807785627857, 0.5742617690636116], [-0.47161719485230363, -0.3294103357928521, -0.8179645788128509]]	0.14566516359945633	0.8543348364005441	[[0.07748818532236623, -0.12324513615485891, 0.004955545991442545], [-0.10244256395471962, -0.061045470170735694, 0.0836499345395642], [-0.0686981958444774, -0.047983610454617645, -0.11914894419133427]]	0.44597871768599207	0.8297254815831577	[[0.2114666007481513, -0.472547700469334, 0.2182247275801578], [-0.38195525912153805, -0.39761286164188225, 0.0], [0.11663977921331617, -0.1387054202712343, -0.3108985858487211]]	[[-0.025776681529756318, -0.09521171686711163, 0.20305247917095912], [-0.06830989478020681, -0.21071175341160386, -0.2561085273830788], [0.3269710110122112, 0.008204578878173944, 0.05389620812279676]]	0.7079935470671819	[[0.5834978407471247, -0.5834978407471246, 0.0], [-0.7071067811865475, -0.7071067811865476, 0.0], [0.0, 0.0, -0.8251905600000001]]
2	[[-0.30792515101507295, 0.09349718223056193, 0.9468053539599837], [0.3027085282091916, -0.9338174967034747, 0.1906631317268273], [0.9019698710720718, 0.34531602882779927, 0.2592434992682147]]	0.5161279904677233	0.4838720095322768	[[-0.15892878940787983, 0.04825651277905446, 0.48867274470344774], [0.1562363443620522, -0.48196934803716424, 0.0984065790344502], [0.4655318970188599, 0.17822726803518646, 0.13380282631912435]]	0.7568253291653552	0.3425416979397684	[[-0.07576361905815253, 0.11907391468668065, 0.7290650413953734], [0.3167073520371736, -0.8090450461172652, 0.14429868742885354], [0.6701348768422654, 0.26134391718367245, 0.07576361905815253]]	[[0.1572819347171217, 0.04831287896900242, 0.012498767729088298], [0.08760987053409197, -0.10230831179429015, 0.0], [-0.012498767729088298, 0.0, -0.12043842760949253]]	0.485563827768556	[[0.0, 0.0, 0.9084000000000001], [0.0, -1.0, 0.0], [0.9084000000000001, 0.0, 0.0]]
2	[[-0.42203838922340475, -0.825029846081567, 0.3757783270710803], [0.2588054115689476, 0.28760896992378115, 0.9221175843470338], [-0.8688517462515349, 0.4864224845687207, 0.09214016247897017]]	0.10405971245420703	0.8959402875457929	[[-0.04391719342722421, -0.08585236854938652, 0.03910338466153959], [0.026931216709457403, 0.029928506709519347, 0.09595529067612034], [-0.09041246288027031, 0.05061698387548204, 0.009588078813045554]]	0.33140438320222393	1.1231031730018324	[[-0.22289973794224796, -0.43091461051189256, 0.27093604034475843], [0.1863937215774115, 0.018524016915673312, 0.014109053175378227], [0.14634918801616917, 0.16120254347419014, -0.08689267264757232]]	[[-0.08303436587400538, -0.15749610324780508, 0.14640145564100357], [0.10062447378700666, -0.07679085636534447, -0.2914847561050752], [0.4342904650768343, 0.0, -0.1174283263620681]]	1.0000000000000002	[[0.0, 0.0, 0.0], [0.0, 0.0, 0.0], [0.0, 0.0, 0.0]]
2	[[0.04673222253661188, -0.9725397674033924, -0.22799671093185395], [-0.8377629715199755, -0.16246744520517667, 0.5213036857710898], [-0.5440306084466285, 0.16664552219444034, -0.8223502702654952]]	0.17147641910660327	0.8285235808933966	[[0.0080134741774711, -0.16676763675310258, -0.03909605955867766], [-0.14365659441635265, -0.02785933572518201, 0.0893912893031004], [-0.09328842062081447, 0.02857577740605261, -0.1410136795964745]]	0.4513750182232852	0.8591361102337088	[[-0.04663375896540647, -0.5331171357469422, 0.08842174233272934], [-0.30966278482384796, -0.1793956579580821, 0.0], [0.06252361360780254, 0.06252361360780252, -0.4669695409811963]]	[[-0.06772751676448428, -0.09413698051236646, 0.191333761884444], [0.06848249171277437, -0.10606191191790479, -0.23530346066479138], [0.3080854394094244, -0.01269601200954186, -0.09578117275418482]]	0.8969190885181123	[[0.5834978407471247, -0.5834978407471246, 0.0], [-0.7071067811865475, -0.7071067811865476, 0.0], [0.0, 0.0, -0.8251905600000001]]
2	[[-0.3195682178843842, -0.5708200961323295, -0.7563336379995778], [0.910087742671785, 0.03735879733279218, -0.41272826520656647], [0.2638493031197415, -0.8202248094963509, 0.507557688474819]]	0.11085727539526705	0.8891427246047329	[[-0.035426461937583885, -0.06327956059809445, -0.08384508639842339], [0.10088984752322301, 0.0041414944843573415, -0.04575393095941515], [0.029249614858794487, -0.09092788759236742, 0.05626646245023817]]	0.3520213035728601	1.0644183662469897	[[-0.17587856742369876, -0.26432458112967, 0.17882219585280273], [0.5346665122404819, -0.07348153161591277, -0.14528914193938064], [0.22775274605359902, -0.048517626659807814, 0.08903296479996961]]	[[-0.06338374678358208, -0.06338374678358207, 0.44506774903741775], [0.2142962386994786, -0.08663262415291667, 0.0], [0.13487217042259692, 0.24021898000189848, -0.08963815433536382]]	0.9544841551013165	[[1.647686557221479e-16, -0.8251905600000001, 0.0], [1.0, 1.7938038903913487e-16, 0.0], [0.0, 0.0, 0.8251905600000001]]
2	[[0.22433838825039393, -0.7661379269479729, -0.6022499185961573], [-0.9416906372873723, -0.011392912655017143, -0.3362869982418849], [0.2507808429735371, 0.642575192824231, -0.724020780340167]]	0.1349995638028555	0.8650004361971445	[[0.030285584558038835, -0.10342828595080035, -0.08130347631078651], [-0.12712782527102828, -0.0015380382388714003, -0.0453985980752261], [0.033855304411539944, 0.08674737074180695, -0.09774248953012563]]	0.39083897823797054	0.8699059309089172	[[0.01769207095846775, -0.2971916463609324, 0.10056984243822248], [-0.45350758792966184, -0.12178413631485642, -0.13143406678757244], [0.2648237597030625, 0.04289283443576467, -0.31421048684674646]]	[[-0.06998811548486937, 0.0022449181967702236, 0.3359525852662455], [-0.08545818143600205, -0.11733134197361508, 0.0], [0.16680883127362836, -0.20825059736872464, -0.031234944835537556]]	0.9690070645869625	[[0.5834978407471247, -0.5834978407471246, 0.0], [-0.7071067811865475, -0.7071067811865476, 0.0], [0.0, 0.0, -0.8251905600000001]]
2	[[0.8489524140446696, -0.5135124485683378, 0.12483895166604869], [0.522794976890395, 0.7815435453534784, -0.34040431673891397], [0.0772347773085365, 0.35425224329800037, 0.9319550081910795]]	0.20557900344523988	0.7944209965547602	[[0.17452679125173387, -0.10556737743340387, 0.025664267274654762], [0.10747567035530461, 0.16066894320282765, -0.06997998020364372], [0.015877848550403972, 0.07282682314544357, 0.1915903818397225]]	0.0	0.45904525665949136	[[0.6423358000298599, -0.6423358000298597, 0.0], [0.7071067811865474, 0.7071067811865475, 0.0], [0.0, 0.0, 0.9083999999999998]]	[[0.6423358000298598, -0.6423358000298597, 0.0], [0.7071067811865474, 0.7071067811865475, 0.0], [0.0, 0.0, 0.9083999999999999]]	0.45904525665949125	[[0.6423358000298599, -0.6423358000298598, 0.0], [0.7071067811865475, 0.7071067811865476, 0.0], [0.0, 0.0, 0.9084000000000001]]
2	[[0.3802729664721569, 0.7767473726770865, -0.5020517802076895], [0.4287143634067757, 0.332951791095048, 0.839849450446521], [0.8195098935212374, -0.5346088512602871, -0.20639019011321075]]	0.12155303037837345	0.8784469696216269	[[0.04622333144566428, 0.09441599698733966, -0.06102591529110181], [0.05211153003882883, 0.04047129917751023, 0.10208624576338622], [0.09961391098256457, -0.06498332593778904, -0.02508735304862937]]	0.3985756565056635	0.9538789917026238	[[0.13667264817863747, 0.304069783525865, 0.10660506719646279], [0.2685512968336129, -0.2743258346082154, 0.3282394407296814], [0.5473090305409758, 0.0, -0.08248227614798577]]	[[-0.014894899084358655, -0.005522810477953954, 0.30671068509257976], [0.09767618798534973, -0.4070323133286608, -0.006504105347961396], [0.2206723367178622, 0.21308207386480757, -0.0002201706272841053]]	1.0000000000000007	[[0.0, 0.0, 0.0], [0.0, 0.0, 0.0], [0.0, 0.0, 0.0]]
2	[[-0.8305561570912853, 0.32773595720904825, 0.4502950280316503], [-0.5100865793185324, -0.772219296347621, -0.37879947194723407], [0.22358030216652452, -0.5443036842615101, 0.808545204538665]]	0.1791047765772122	0.8208952234227876	[[-0.14875657495066255, 0.058699075392245344, 0.08064999038943824], [-0.09135894282388018, -0.13830816454095257, -0.0678447947906753], [0.040044300066600945, -0.09748738975981121, 0.14481430821147392]]	0.506505810785056	0.675239506975037	[[-0.3595638464263112, 0.1360828751673963, 0.3881451349966101], [-0.35593604344158475, -0.6069694751175662, -0.05477501201242], [0.3064211582768158, -0.242498955804526, 0.25071166184678373]]	[[0.06111767332373059, -0.029917291562189082, 0.16006808673095954], [-0.09757422701327574, -0.21583591431714907, 0.13708912165116485], [0.19317643605239251, 0.03319402310564331, -0.1588211825344416]]	0.6887355168974861	[[-0.5834978407471247, 0.5834978407471246, 0.0], [-0.7071067811865475, -0.7071067811865476, 0.0], [0.0, 0.0, 0.8251905600000001]]
