2	[[0.3802729664721569, 0.7767473726770865, -0.5020517802076895], [0.4287143634067757, 0.332951791095048, 0.839849450446521], [0.8195098935212374, -0.5346088512602871, -0.20639019011321075]]	0.12067212618090084	0.8793278738190996	[[0.045888347393313586, 0.09373175696637258, -0.06058365577056822], [0.05173387375658703, 0.040178000547178586, 0.10134641885724281], [0.09889200127749141, -0.06451238675670783, -0.024905543063841473]]	0.39526263885380303	0.9014756196530022	[[0.19899122075101036, 0.32606555293380746, 0.10337693185992475], [0.23681175436321203, -0.20971251372427385, 0.32828638759741113], [0.5394476051014536, 0.0, -0.0845684316559023]]	[[0.048683524538461864, 0.019046336686703826, 0.30181924334606564], [0.06735698376852156, -0.34131591728360267, -0.0036747224259970485], [0.21552596202145016, 0.2113109053037414, -0.0029901004782165452]]	1.0000000000000007	[[0.0, 0.0, 0.0], [0.0, 0.0, 0.0], [0.0, 0.0, 0.0]]
2	[[0.22433838825039393, -0.7661379269479729, -0.6022499185961573], [-0.9416906372873723, -0.011392912655017143, -0.3362869982418849], [0.2507808429735371, 0.642575192824231, -0.724020780340167]]	0.1333324694232548	0.8666675305767453	[[0.02991159129185792, -0.10215106171878649, -0.08029946885637984], [-0.1255579381022839, -0.0015190451782168962, -0.04483797591052426], [0.03343722907770717, 0.08567613724937885, -0.09653547855650643]]	0.38726600193085153	0.8702274517678859	[[0.01738039138654087, -0.29396065288760603, 0.09870052070419087], [-0.4499661409769425, -0.12094480769499252, -0.13023252131046206], [0.2611345341875442, 0.043419519685226504, -0.3119142652099025]]	[[-0.06949823931080033, 0.00273851900912625, 0.3319314388421055], [-0.08528137281894613, -0.11653271996073669, 0.0], [0.1640156397683339, -0.20542800617975945, -0.03152563229271074]]	0.9713284631270174	[[0.5735204226432263, -0.5735204226432262, 0.0], [-0.7071067811865475, -0.7071067811865476, 0.0], [0.0, 0.0, -0.8110803600000002]]
2	[[-0.30792515101507295, 0.09349718223056193, 0.9468053539599837], [0.3027085282091916, -0.9338174967034747, 0.1906631317268273], [0.9019698710720718, 0.34531602882779927, 0.2592434992682147]]	0.506127745308481	0.4938722546915191	[[-0.15584946240703237, 0.04732151803505047, 0.4792044590457648], [0.15320918486816684, -0.47263094413613954, 0.096499900974353], [0.45651197718188896, 0.17477402308949247, 0.13121032777050234]]	0.7503985086490861	0.35027477789326456	[[-0.07068164656587843, 0.11604396776123918, 0.723292061882667], [0.31948083793448695, -0.8084037904326963, 0.14307332970217546], [0.6640261098087659, 0.2591246330450054, 0.07068164656587843]]	[[0.16038492753137693, 0.045883821652533685, 0.012810736290125259], [0.09232880981094976, -0.1076685335559861, 0.0], [-0.012810736290125259, 0.0, -0.12385428866196035]]	0.4877404918156797	[[0.0, 0.0, 0.9006000000000001], [0.0, -1.0, 0.0], [0.9006000000000001, 0.0, 0.0]]
2	[[0.8489524140446696, -0.5135124485683378, 0.12483895166604869], [0.522794976890395, 0.7815435453534784, -0.34040431673891397], [0.0772347773085365, 0.35425224329800037, 0.9319550081910795]]	0.20384484375479395	0.796155156245206	[[0.17305457219619086, -0.10467686484455446, 0.025447776596878025], [0.10656906038001365, 0.1593136218901476, -0.06938966475910133], [0.015743911112894915, 0.07221249318486614, 0.18997422303120828]]	0.0	0.4621368091847018	[[0.6368203671366047, -0.6368203671366046, 0.0], [0.7071067811865474, 0.7071067811865475, 0.0], [0.0, 0.0, 0.9006]]	[[0.6368203671366047, -0.6368203671366046, 0.0], [0.7071067811865474, 0.7071067811865475, 0.0], [0.0, 0.0, 0.9006]]	0.4621368091847019	[[0.6368203671366048, -0.6368203671366047, 0.0], [0.7071067811865475, 0.7071067811865476, 0.0], [0.0, 0.0, 0.9006000000000001]]
2	[[0.034229894132735264, 0.2773841392786001, 0.9601491309293217], [-0.1827544195208179, -0.9427759796974285, 0.2788803941677556], [0.9825625356654255, -0.18501754344446375, 0.018422055382213542]]	0.7079026934100715	0.29209730658992844	[[0.024231434251704893, 0.19636097930455546, 0.6796921558602063], [-0.12937234581138113, -0.6673936553101287, 0.1974201821706166], [0.6955586654413843, -0.1309744173324508, 0.013041022623218473]]	0.8474027009059666	0.2367350970898283	[[0.005381378418272118, 0.19705913280455525, 0.7583633418431529], [-0.18666829463304158, -0.8192943838823209, 0.23632399924747668], [0.7728166565375492, -0.15678436602982557, -0.007610418343382303]]	[[-0.023625126321533046, -0.037996936008607284, -0.055269624978870724], [-0.03180170592859842, -0.020383472337451133, 0.0], [-0.05980948999434764, 0.0, -0.023221317830509364]]	0.38328065836435055	[[0.0, 0.0, 0.9006000000000001], [0.0, -1.0, 0.0], [0.9006000000000001, 0.0, 0.0]]
2	[[-0.42203838922340475, -0.825029846081567, 0.3757783270710803], [0.2588054115689476, 0.28760896992378115, 0.9221175843470338], [-0.8688517462515349, 0.4864224845687207, 0.09214016247897017]]	0.1033142619318464	0.8966857380681538	[[-0.04360258468952137, -0.08523734961966195, 0.0388232605113326], [0.02673829008021356, 0.029714108452654094, 0.09526789764119091], [-0.08976477689217321, 0.05025437998027232, 0.009519392880795223]]	0.3288073036190924	1.120834116794968	[[-0.22123959669412543, -0.42531197890031885, 0.26677508501882036], [0.1867766668034073, 0.019672595696075237, 0.01160466953176083], [0.14207580856853658, 0.15993926557074067, -0.08633424693201835]]	[[-0.08247029190983277, -0.15403613980496403, 0.14321642653608507], [0.10167955726339217, -0.07489533420122796, -0.2915943269971384], [0.4277606084982437, 0.0, -0.11663060531175362]]	1.0000000000000002	[[0.0, 0.0, 0.0], [0.0, 0.0, 0.0], [0.0, 0.0, 0.0]]
2	[[-0.5446221603179724, 0.8109226453022452, -0.2139887049042392], [-0.8354447797583356, -0.5021691245819775, 0.22328947644507607], [0.07361197229480154, 0.30038414347728, 0.9509735242804028]]	0.22589311432142004	0.7741068856785798	[[-0.1230263959226865, 0.18318184182108843, -0.04833857498042589], [-0.1887212231431833, -0.11343654746788402, 0.0504395552293776], [0.01662843767301482, 0.06785470966285505, 0.21481837103691676]]	0.5801098799130072	0.580846881246243	[[-0.31649210694301333, 0.5105882645620294, 0.13013773503832826], [-0.6024036178474967, -0.41732317162259075, 0.12953243136639134], [0.16631076971711756, 0.017731780150602592, 0.49486862643172397]]	[[-0.0005514109229918639, 0.04016402617700585, 0.2542746969430664], [-0.11775384698793988, -0.12600990106531984, 0.0], [0.12360773730902062, -0.15652402924977382, -0.0568005105390297]]	0.45196312628230834	[[-0.5735204226432263, 0.5735204226432262, 0.0], [-0.7071067811865475, -0.7071067811865476, 0.0], [0.0, 0.0, 0.8110803600000002]]
2	[[0.5319609947059123, -0.8460851799387872, 0.03402011756955908], [-0.703274286200726, -0.4190807785627857, 0.5742617690636116], [-0.47161719485230363, -0.3294103357928521, -0.8179645788128509]]	0.14431882656335254	0.8556811734366477	[[0.07677198653343104, -0.12210602034140877, 0.004909743447186067], [-0.10149571973666816, -0.06048124619743739, 0.08287678465145537], [-0.06806324014818446, -0.04754011311946435, -0.11804768818465755]]	0.4424235708712381	0.8330692359539222	[[0.21020865299259525, -0.4632075285502828, 0.2160007626980833], [-0.38138563605658393, -0.39709456687022876, 0.0], [0.11186695125855411, -0.1358072537851017, -0.3053992139581355]]	[[-0.025143429849410245, -0.08887950198053048, 0.2009494608014996], [-0.07024051505373757, -0.21168335233498242, -0.25406694248395734], [0.3205215146893867, 0.009931643258265524, 0.05648759584643419]]	0.7137144562188782	[[0.5735204226432263, -0.5735204226432262, 0.0], [-0.7071067811865475, -0.7071067811865476, 0.0], [0.0, 0.0, -0.8110803600000002]]
2	[[0.8592155572171323, 0.2624339665249735, -0.4391776855101157], [-0.4266000482917053, 0.8413623931712975, -0.33184593135155627], [0.2824199444684594, 0.4724804086637203, 0.8348660002631537]]	0.16061257796609196	0.8393874220339081	[[0.13800082567321578, 0.04215019590944305, -0.07053746025496128], [-0.06851733351659012, 0.13513338297096267, -0.053298630521932226], [0.045360195350119786, 0.07588629647395277, 0.13408998055850513]]	0.0	0.6903803696133299	[[0.6368203671366047, 0.6368203671366046, 0.0], [-0.7071067811865474, 0.7071067811865475, 0.0], [0.0, 0.0, 0.9006]]	[[0.6368203671366047, 0.6368203671366046, 0.0], [-0.7071067811865474, 0.7071067811865475, 0.0], [0.0, 0.0, 0.9006]]	0.6903803696133302	[[0.6368203671366048, 0.6368203671366047, 0.0], [-0.7071067811865475, 0.7071067811865476, 0.0], [0.0, 0.0, 0.9006000000000001]]
2	[[-0.8305561570912853, 0.32773595720904825, 0.4502950280316503], [-0.5100865793185324, -0.772219296347621, -0.37879947194723407], [0.22358030216652452, -0.5443036842615101, 0.808545204538665]]	0.17714870042733485	0.8228512995726649	[[-0.14713194386064263, 0.05805799890289154, 0.07976917902469718], [-0.09036117463170265, -0.136797644792892, -0.0671038341780132], [0.039606959969950645, -0.09642269030473691, 0.14323273222077815]]	0.5025012096008469	0.6796501533318857	[[-0.3540970585274944, 0.13256480655409592, 0.3837334136829727], [-0.3565951895157854, -0.6079091288344042, -0.05363160281866176], [0.30209931849868527, -0.24058167946750011, 0.246828085897695]]	[[0.06325841505230745, -0.03212290837314218, 0.15745961741982117], [-0.10027606640706455, -0.21986799834260978, 0.13671559003098543], [0.1897499462170838, 0.03293158026410615, -0.15946685739994823]]	0.6908121640479039	[[-0.5735204226432263, 0.5735204226432262, 0.0], [-0.7071067811865475, -0.7071067811865476, 0.0], [0.0, 0.0, 0.8110803600000002]]
2	[[0.8787972042104137, -0.3840163418041313, 0.28327887866788265], [-0.395223040501579, -0.9183905790867732, -0.018907472103605397], [0.2674214316928388, -0.09534250611366366, -0.9588511794847616]]	0.5248709417784992	0.4751290582215008	[[0.4612551162062319, -0.20155901898106843, 0.14868485183236876], [-0.20744108948062567, -0.4820365281657758, -0.009923982689670065], [0.14036173870437482, -0.05004251097540096, -0.5032731216015917]]	0.7782895912570469	0.3866351372952618	[[0.532257758987106, -0.22785431266016537, 0.22719841654256623], [-0.3519314647915558, -0.8403993923351379, -0.014715488735219062], [0.20140590291320848, -0.07420408011262578, -0.6147322242991231]]	[[-0.15170095787565252, 0.07102160903859835, 0.00672541385238525], [-0.044333486144214604, -0.1256255639233705, 0.0], [-0.00672541385238525, 0.0, 0.13153166825840937]]	0.5172161115935701	[[0.9006000000000001, 0.0, 0.0], [0.0, -1.0, 0.0], [0.0, 0.0, -0.9006000000000001]]
2	[[-0.3195682178843842, -0.5708200961323295, -0.7563336379995778], [0.910087742671785, 0.03735879733279218, -0.41272826520656647], [0.2638493031197415, -0.8202248094963509, 0.507557688474819]]	0.10957769349918386	0.8904223065008161	[[-0.035017548231415466, -0.06254914953716312, -0.0828772955678404], [0.09972531572385299, 0.0040936908436308254, -0.045225811343255026], [0.028911998067228287, -0.08987834277541762, 0.05561700082084797]]	0.34879952711611983	1.062656785527177	[[-0.17319256825489515, -0.2608291045748154, 0.17707147855322417], [0.5335418781261373, -0.07274692424088344, -0.14395942373150689], [0.22333040849920388, -0.04908923079135267, 0.08974026157483125]]	[[-0.06172732497548088, -0.06172732497548086, 0.4408802938294914], [0.21610370384804178, -0.08577765508418841, 0.0], [0.13129989634112027, 0.237004794889884, -0.08729562014933653]]	0.9515473653261743	[[1.6195122324210275e-16, -0.8110803600000002, 0.0], [1.0, 1.7938038903913487e-16, 0.0], [0.0, 0.0, 0.8110803600000002]]
2	[[0.04673222253661188, -0.9725397674033924, -0.22799671093185395], [-0.8377629715199755, -0.16246744520517667, 0.5213036857710898], [-0.5440306084466285, 0.16664552219444034, -0.8223502702654952]]	0.1700823548056106	0.8299176451943892	[[0.007948326454326776, -0.16541185378206985, -0.03877821748322385], [-0.14248869896506317, -0.02763284565974792, 0.08866455844479103], [-0.09253000697093172, 0.028343462832641064, -0.13986727044178576]]	0.44790299748647544	0.8550546647264058	[[-0.043828349690680286, -0.5258176913756281, 0.08541193154343894], [-0.31084804022081197, -0.1765496311465333, 0.0], [0.06039535598860686, 0.06039535598860685, -0.4599174123765188]]	[[-0.06475985224403372, -0.09021421438084887, 0.18753234178687378], [0.06438850590616188, -0.10377997544516496, -0.2334934834576188], [0.3040682962362428, -0.014245672919981979, -0.0915842613407902]]	0.9001570046743067	[[0.5735204226432263, -0.5735204226432262, 0.0], [-0.7071067811865475, -0.7071067811865476, 0.0], [0.0, 0.0, -0.8110803600000002]]
2	[[0.08740825448676931, -0.06334395238859675, -0.994156597696443], [0.7119981850616444, -0.6940087028176986, 0.10681996481098455], [-0.6967197295301035, -0.717174639895393, -0.015561310176609944]]	0.14244251705934935	0.8575574829406507	[[0.012450651780859572, -0.009022872018719284, -0.14161016812704025], [0.10141881362186903, -0.09885634649044689, 0.01521570465986776], [-0.09924251195917702, -0.10215616087783223, -0.0022165921902975935]]	0.4276593395413604	1.021738898292603	[[0.056937089375889226, -0.014188679607668727, -0.00127220171039295], [0.6354865724558246, -0.6359985295823166, 0.037477228379268424], [0.006481410288292725, -0.01167816864105353, 0.021001608871785593]]	[[0.01955613299161428, 0.012900953234777975, 0.4238881522611538], [0.3309938988777146, -0.3391992260993432, -0.00820532722162857], [0.304440109664572, 0.2950282641924232, 0.02765654850431284]]	0.8462406567288873	[[0.0, 0.0, -0.8110803600000002], [0.0, -1.0, 0.0], [-0.8110803600000002, 0.0, 0.0]]
