2	[[0.5319609947059123, -0.8460851799387872, 0.03402011756955908], [-0.703274286200726, -0.4190807785627857, 0.5742617690636116], [-0.47161719485230363, -0.3294103357928521, -0.8179645788128509]]	0.15192974285277006	0.8480702571472299	[[0.080820697133373, -0.1285455038196396, 0.005168667714164132], [-0.10684828145744173, -0.06367083492158267, 0.08724744290401133], [-0.07165267913885527, -0.05004722761005266, -0.12427314812171081]]	0.4617091055945743	0.8272258236084771	[[0.27438348165517995, -0.5161491913401782, 0.22828431046173944], [-0.38416096016053736, -0.4643265491279197, 0.0002788369359997011], [0.13949754649036974, -0.15209175151252616, -0.33659900198548587]]	[[0.028772246578313062, -0.12550395965381614, 0.21257691240647603], [-0.05945281849113748, -0.27083313768581796, -0.26486305083551837], [0.3572474997086489, 0.0, 0.04106269210623814]]	0.682281503357175	[[0.6301283085594552, -0.6301283085594551, 0.0], [-0.7071067811865475, -0.7071067811865476, 0.0], [0.0, 0.0, -0.8911359999999999]]
2	[[0.8787972042104137, -0.3840163418041313, 0.28327887866788265], [-0.395223040501579, -0.9183905790867732, -0.018907472103605397], [0.2674214316928388, -0.09534250611366366, -0.9588511794847616]]	0.5813974631185614	0.41860253688143867	[[0.5109304651236191, -0.22326612692099226, 0.16469762141257777], [-0.22978167311362252, -0.5339499528330365, -0.010992756315021151], [0.15547814196975016, -0.055431891181849983, -0.5574736432606808]]	0.8129607395178408	0.3367594143974307	[[0.5764405791704033, -0.2491391075605468, 0.23706477071473964], [-0.3484251212318114, -0.845523858372735, -0.015371032503759992], [0.2106329608488169, -0.07750971427764826, -0.6703888337105506]]	[[-0.13798704585070576, 0.06305110165947567, 0.006770164023113041], [-0.02712430595115824, -0.09890837403213368, 0.0], [-0.006770164023113041, 0.0, 0.1091195302509351]]	0.4946357996914356	[[0.6301283085594552, -0.6301283085594551, 0.0], [-0.7071067811865475, -0.7071067811865476, 0.0], [0.0, 0.0, -0.8911359999999999]]
2	[[-0.3195682178843842, -0.5708200961323295, -0.7563336379995778], [0.910087742671785, 0.03735879733279218, -0.41272826520656647], [0.2638493031197415, -0.8202248094963509, 0.507557688474819]]	0.11665374664476291	0.883346253355237	[[-0.03727882992480335, -0.06658830287396, -0.08822915258611458], [0.10616514495813864, 0.004358043679012571, -0.048146298482539325], [0.03077900975852757, -0.09568229711873624, 0.059208505998943055]]	0.3664181713652539	1.0731938492400155	[[-0.18835597946807198, -0.2804192332477697, 0.18669579562268918], [0.5396920653402826, -0.07676420668652081, -0.15123113620774364], [0.24854561389844465, -0.04551538493441213, 0.08520096783158962]]	[[-0.07126037744442296, -0.07126037744442294, 0.46383018420052435], [0.20621937888855527, -0.09045314888960769, 0.0], [0.1518664347333124, 0.25502988986965447, -0.10077739224172873]]	0.9706313828480291	[[1.7793621001385664e-16, -0.8911359999999999, 0.0], [1.0, 1.7938038903913487e-16, 0.0], [0.0, 0.0, 0.8911359999999999]]
2	[[-0.42203838922340475, -0.825029846081567, 0.3757783270710803], [0.2588054115689476, 0.28760896992378115, 0.9221175843470338], [-0.8688517462515349, 0.4864224845687207, 0.09214016247897017]]	0.10735347707519668	0.8926465229248035	[[-0.04530728854234771, -0.08856982266767052, 0.04034111002058098], [0.02778366081780384, 0.030875822959333603, 0.09899252895183504], [-0.09327425602295876, 0.05221914504600837, 0.00989156682039103]]	0.34292606277516396	1.134900793050576	[[-0.23022685104680435, -0.45674472719414655, 0.29028798894641195], [0.1846948240093242, 0.013428463911435231, 0.02521949663536631], [0.16667664482293548, 0.16680694747846433, -0.08931642368011414]]	[[-0.08549888789045004, -0.1738204904053952, 0.16142380676768864], [0.09594370319507914, -0.08520014776334767, -0.29099865598050717], [0.46462855330030023, 0.0, -0.12091368682249123]]	1.0000000000000002	[[0.0, 0.0, 0.0], [0.0, 0.0, 0.0], [0.0, 0.0, 0.0]]
2	[[0.8489524140446696, -0.5135124485683378, 0.12483895166604869], [0.522794976890395, 0.7815435453534784, -0.34040431673891397], [0.0772347773085365, 0.35425224329800037, 0.9319550081910795]]	0.21318467616490197	0.7868153238350981	[[0.18098364546752463, -0.10947298505468694, 0.02661375148369241], [0.11145187784901625, 0.16661310762495063, -0.07256898402912008], [0.01646527098918868, 0.07552114976817427, 0.19867852662147378]]	0.0	0.44563040019901184	[[0.6675088014401006, -0.6675088014401006, 0.0], [0.7071067811865474, 0.7071067811865474, 0.0], [0.0, 0.0, 0.9439999999999996]]	[[0.6675088014401006, -0.6675088014401005, 0.0], [0.7071067811865472, 0.7071067811865474, 0.0], [0.0, 0.0, 0.9439999999999996]]	0.44563040019901184	[[0.6675088014401008, -0.6675088014401007, 0.0], [0.7071067811865475, 0.7071067811865476, 0.0], [0.0, 0.0, 0.944]]
2	[[0.3802729664721569, 0.7767473726770865, -0.5020517802076895], [0.4287143634067757, 0.332951791095048, 0.839849450446521], [0.8195098935212374, -0.5346088512602871, -0.20639019011321075]]	0.12533119136866055	0.8746688086313399	[[0.047660063933250146, 0.09735067361009621, -0.06292274774218662], [0.05373128192262808, 0.04172924464627177, 0.10525933219477733], [0.10271015129342084, -0.06700316424468283, -0.025867128413693055]]	0.4133119211847764	0.8664505856086441	[[0.02545384004529015, 0.3134446742930336, 0.1219919869473754], [0.27733762967317566, -0.13999678844943156, 0.3280306215981769], [0.5837306705478695, 0.0, -0.07198620147165664]]	[[-0.13171751030195114, -0.007594274583360566, 0.32949597275925263], [0.10014487249401278, -0.2776097328888383, -0.019089168271853345], [0.24501746202667526, 0.22096021139677569, 0.013317324517725729]]	1.0000000000000007	[[0.0, 0.0, 0.0], [0.0, 0.0, 0.0], [0.0, 0.0, 0.0]]
2	[[0.08740825448676931, -0.06334395238859675, -0.994156597696443], [0.7119981850616444, -0.6940087028176986, 0.10681996481098455], [-0.6967197295301035, -0.717174639895393, -0.015561310176609944]]	0.15595826323145098	0.844041736768549	[[0.013632039561849225, -0.009879012800741254, -0.15504693635682548], [0.11104200036615924, -0.10823639195896043, 0.016659456190365858], [-0.10865919897660122, -0.11184931127172676, -0.002426914908750001]]	0.44936285093979855	1.025183622583133	[[0.061185235436020106, -0.015109539384088787, -0.000289256248626614], [0.6351140014210986, -0.6366273099123206, 0.03840381040546072], [0.008653706414125363, -0.012632796241268602, 0.023988803038979017]]	[[0.021907213004173927, 0.013354879651045905, 0.44644778677285735], [0.31516846711783597, -0.3247655806371283, -0.00959711351929225], [0.321733670381778, 0.30963884456384855, 0.030981477744299005]]	0.8186948870040593	[[0.0, 0.0, -0.8911359999999999], [0.0, -1.0, 0.0], [-0.8911359999999999, 0.0, 0.0]]
2	[[-0.5446221603179724, 0.8109226453022452, -0.2139887049042392], [-0.8354447797583356, -0.5021691245819775, 0.22328947644507607], [0.07361197229480154, 0.30038414347728, 0.9509735242804028]]	0.23962224956895067	0.7603777504310492	[[-0.1305035872204942, 0.19431510849372827, -0.051276454851500154], [-0.20019115751632896, -0.12033089529640409, 0.05350512665084235], [0.01763906639648761, 0.07197872419486827, 0.2278744151685832]]	0.5963716439074935	0.5803734244607175	[[-0.3602693375014792, 0.5302925953175593, 0.1369081690939492], [-0.6092755666093836, -0.3900802363421732, 0.1331635121347936], [0.18071879342949995, 0.012898596102832005, 0.5011162821140389]]	[[-0.03547212444419956, 0.0466813242568459, 0.26452496481532584], [-0.11103998991097104, -0.09060080999563241, 0.0], [0.13681870050077632, -0.16624198934645787, -0.06601736187356763]]	0.4164718939868005	[[-0.6301283085594552, 0.6301283085594551, 0.0], [-0.7071067811865475, -0.7071067811865476, 0.0], [0.0, 0.0, 0.8911359999999999]]
2	[[0.034229894132735264, 0.2773841392786001, 0.9601491309293217], [-0.1827544195208179, -0.9427759796974285, 0.2788803941677556], [0.9825625356654255, -0.18501754344446375, 0.018422055382213542]]	0.792235252837968	0.20776474716203192	[[0.027118128832864404, 0.21975349371462388, 0.7606639895039465], [-0.1447844937563313, -0.7469003666451554, 0.22093887958504405], [0.7784206788720135, -0.14657742031018448, 0.014594601703522999]]	0.8862665035644353	0.1685185254036642	[[0.0, 0.22025526957974173, 0.8205326688304535], [-0.18400653921130544, -0.821403997648324, 0.2471623518517283], [0.8438447813669328, -0.16397485132660589, 0.0]]	[[-0.030336808590400062, -0.025581001682933514, -0.030415344338707493], [-0.022037418811642173, 0.014146773522651281, 0.0], [-0.02696748165066973, 0.0, -0.01632685061206479]]	0.36278364453738954	[[0.0, 0.0, 0.944], [0.0, -1.0, 0.0], [0.944, 0.0, 0.0]]
2	[[-0.30792515101507295, 0.09349718223056193, 0.9468053539599837], [0.3027085282091916, -0.9338174967034747, 0.1906631317268273], [0.9019698710720718, 0.34531602882779927, 0.2592434992682147]]	0.5642512571065565	0.4357487428934435	[[-0.17374715355498116, 0.05275590260951537, 0.5342361112071391], [0.1708036675789119, -0.5269076964230334, 0.10758191176073531], [0.5089376336246553, 0.19484500336512967, 0.14627847035879282]]	0.7857198001532811	0.3076206045391158	[[-0.09988718153333064, 0.13349912166198324, 0.7548536285585792], [0.3044671533416932, -0.8118331542085462, 0.14980779775700145], [0.6977656717819447, 0.2713216411603031, 0.09988718153333064]]	[[0.14205570658440136, 0.060036534324891214, 0.01092991506108424], [0.06662306905247332, -0.07811425731905478, 0.0], [-0.01092991506108424, 0.0, -0.10380556890272832]]	0.4766450812674088	[[0.0, 0.0, 0.944], [0.0, -1.0, 0.0], [0.944, 0.0, 0.0]]
2	[[-0.8305561570912853, 0.32773595720904825, 0.4502950280316503], [-0.5100865793185324, -0.772219296347621, -0.37879947194723407], [0.22358030216652452, -0.5443036842615101, 0.808545204538665]]	0.18797858791090935	0.8120214120890906	[[-0.1561267735907312, 0.061607342443787065, 0.08464582351269294], [-0.09588535489260377, -0.1451606928849818, -0.07120618983803918], [0.04202830948595769, -0.10231743796218412, 0.15198918581131565]]	0.5243343549185704	0.655126777668151	[[-0.38530354539660605, 0.1528621468715614, 0.40835645267625], [-0.3529587670004496, -0.6025409943307513, -0.05985593361758652], [0.3264685350363567, -0.251034698620963, 0.2689035675312429]]	[[0.05018558145549993, -0.018981074835265118, 0.17225129963023508], [-0.08550284948084663, -0.19763988772464905, 0.13876164314936157], [0.20923770152737298, 0.03436242254609713, -0.15504446071304157]]	0.6820229434065853	[[-0.6301283085594552, 0.6301283085594551, 0.0], [-0.7071067811865475, -0.7071067811865476, 0.0], [0.0, 0.0, 0.8911359999999999]]
2	[[0.8592155572171323, 0.2624339665249735, -0.4391776855101157], [-0.4266000482917053, 0.8413623931712975, -0.33184593135155627], [0.2824199444684594, 0.4724804086637203, 0.8348660002631537]]	0.1697285196863936	0.8302714803136064	[[0.14583338461798373, 0.04454252865371233, -0.07454097844092847], [-0.0724061946946952, 0.14280319351276577, -0.05632371869225224], [0.04793471910454514, 0.08019340034331555, 0.14170057036116543]]	0.0	0.688533008384544	[[0.6675088014401008, 0.6675088014401006, 0.0], [-0.7071067811865474, 0.7071067811865474, 0.0], [0.0, 0.0, 0.9439999999999997]]	[[0.6675088014401007, 0.6675088014401006, 0.0], [-0.7071067811865474, 0.7071067811865475, 0.0], [0.0, 0.0, 0.9439999999999997]]	0.688533008384544	[[0.6675088014401008, 0.6675088014401007, 0.0], [-0.7071067811865475, 0.7071067811865476, 0.0], [0.0, 0.0, 0.944]]
2	[[0.22433838825039393, -0.7661379269479729, -0.6022499185961573], [-0.9416906372873723, -0.011392912655017143, -0.3362869982418849], [0.2507808429735371, 0.642575192824231, -0.724020780340167]]	0.14252216050159217	0.857477839498408	[[0.03197319177689113, -0.1091916325908361, -0.08583395956023235], [-0.13421178415031748, -0.0016237425259989502, -0.047928349538028575], [0.035741827552999025, 0.0915812047660366, -0.10318900586212933]]	0.40680430462939104	0.8688840432825723	[[0.019150895989825556, -0.31185561987727073, 0.1093415909363292], [-0.46933202997407536, -0.12553455451356904, -0.13680299847569524], [0.2818678777918947, 0.04013419082636639, -0.32421668039124385]]	[[-0.07211092604405428, -0.0001874132549974511, 0.35433945028394637], [-0.08624822509637788, -0.12089986860324144, 0.0], [0.17984915135167248, -0.22126816366259178, -0.02968191030773308]]	0.9595936044503514	[[0.6301283085594552, -0.6301283085594551, 0.0], [-0.7071067811865475, -0.7071067811865476, 0.0], [0.0, 0.0, -0.8911359999999999]]
2	[[0.04673222253661188, -0.9725397674033924, -0.22799671093185395], [-0.8377629715199755, -0.16246744520517667, 0.5213036857710898], [-0.5440306084466285, 0.16664552219444034, -0.8223502702654952]]	0.17765939554930937	0.8223406044506903	[[0.008302418408530278, -0.17278082722455268, -0.04050575785138382], [-0.1488364631338321, -0.028863868111592188, 0.09261449771171891], [-0.09665214905695109, 0.029606142744063292, -0.14609825194517914]]	0.46686622494846525	0.8784155922327286	[[-0.060018080513539816, -0.5668607226997767, 0.10280526021805803], [-0.30432229760500035, -0.1922046461883284, 0.0], [0.07269429664183644, 0.07269429664183642, -0.4996608317482866]]	[[-0.08183577683265941, -0.11281475287989647, 0.20924922395147913], [0.08680093831013913, -0.11635408336836593, -0.24337908382766962], [0.3266838130637305, -0.005106869209647613, -0.11573326548408486]]	0.8831727078374597	[[0.6301283085594552, -0.6301283085594551, 0.0], [-0.7071067811865475, -0.7071067811865476, 0.0], [0.0, 0.0, -0.8911359999999999]]
