2	[[0.8489524140446696, -0.5135124485683378, 0.12483895166604869], [0.522794976890395, 0.7815435453534784, -0.34040431673891397], [0.0772347773085365, 0.35425224329800037, 0.9319550081910795]]	0.21016955323335174	0.7898304467666483	[[0.17842394957614366, -0.10792468189537206, 0.026237346697773445], [0.10987558672569475, 0.16425665775935025, -0.07154262316772192], [0.016232398641012558, 0.07445303570585336, 0.19586856770510383]]	0.0	0.45091682117969556	[[0.6573264637910144, -0.6573264637910144, 0.0], [0.7071067811865474, 0.7071067811865475, 0.0], [0.0, 0.0, 0.9295999999999999]]	[[0.6573264637910144, -0.6573264637910144, 0.0], [0.7071067811865474, 0.7071067811865475, 0.0], [0.0, 0.0, 0.9295999999999999]]	0.45091682117969556	[[0.6573264637910146, -0.6573264637910146, 0.0], [0.7071067811865475, 0.7071067811865476, 0.0], [0.0, 0.0, 0.9296]]
2	[[0.8787972042104137, -0.3840163418041313, 0.28327887866788265], [-0.395223040501579, -0.9183905790867732, -0.018907472103605397], [0.2674214316928388, -0.09534250611366366, -0.9588511794847616]]	0.5617305020741119	0.43826949792588815	[[0.49364719474244173, -0.21571369248629843, 0.1591263867411012], [-0.22200883697220902, -0.5158880010905473, -0.010620903797710525], [0.15021877509019613, -0.05355679382823237, -0.5386159544663298]]	0.8015996344831886	0.3534718127191901	[[0.5616251564165196, -0.24195072647470653, 0.23383648529949966], [-0.34953158437122994, -0.8438481953171093, -0.015156222727251173], [0.2076046821954332, -0.07642651805142396, -0.6516847216941057]]	[[-0.14281836126339637, 0.06587663275105637, 0.006760239702517336], [-0.03272093956582979, -0.10766664280834781, 0.0], [-0.006760239702517336, 0.0, 0.11693003330465368]]	0.5034308166594303	[[0.6110506807401271, -0.611050680740127, 0.0], [-0.7071067811865475, -0.7071067811865476, 0.0], [0.0, 0.0, -0.86415616]]
2	[[-0.30792515101507295, 0.09349718223056193, 0.9468053539599837], [0.3027085282091916, -0.9338174967034747, 0.1906631317268273], [0.9019698710720718, 0.34531602882779927, 0.2592434992682147]]	0.5442772706573078	0.45572272934269237	[[-0.16759666076122326, 0.05088839115859916, 0.5153246338970661], [0.16475737153838946, -0.5082556383978067, 0.10377360895125232], [0.490921699642231, 0.1879476656846148, 0.14110034421735365]]	0.7741172742270319	0.32165814432189216	[[-0.08994744767902203, 0.12754566751997534, 0.7445316168171654], [0.3093365705835843, -0.8107324879898381, 0.1475956238279611], [0.6866372210431166, 0.26731510298307914, 0.08994744767902203]]	[[0.1484227308907134, 0.05516788366374467, 0.011593236986102845], [0.0750046698410083, -0.08784823281623391, 0.0], [-0.011593236986102845, 0.0, -0.11073742333556585]]	0.48004743636289726	[[0.0, 0.0, 0.9296], [0.0, -1.0, 0.0], [0.9296, 0.0, 0.0]]
2	[[0.08740825448676931, -0.06334395238859675, -0.994156597696443], [0.7119981850616444, -0.6940087028176986, 0.10681996481098455], [-0.6967197295301035, -0.717174639895393, -0.015561310176609944]]	0.15141368177180287	0.8485863182281971	[[0.013234805629088457, -0.009591141049135233, -0.15052891071494742], [0.10780626661502504, -0.10508241287530071, 0.016174004158765597], [-0.10549289941120765, -0.10859005269992836, -0.0023561952670335187]]	0.442263281392241	1.0240067621133984	[[0.05976792033443997, -0.014804220730211995, -0.0006321335486003769], [0.6352358754314321, -0.636421625698322, 0.03810071044086497], [0.007905559982461932, -0.012313148113774111, 0.022972501160702055]]	[[0.02111045888435329, 0.01321048350952268, 0.4390468255663746], [0.32034522176074903, -0.32948705947539386, -0.009141837714644782], [0.3160391137751602, 0.30486686145766123, 0.02985469726217202]]	0.827760199686989	[[0.0, 0.0, -0.86415616], [0.0, -1.0, 0.0], [-0.86415616, 0.0, 0.0]]
2	[[0.8592155572171323, 0.2624339665249735, -0.4391776855101157], [-0.4266000482917053, 0.8413623931712975, -0.33184593135155627], [0.2824199444684594, 0.4724804086637203, 0.8348660002631537]]	0.16673153970760918	0.833268460292391	[[0.14325833279554384, 0.04375601931028401, -0.07322477171032579], [-0.07112768289101647, 0.14028164726552927, -0.05532918307995056], [0.04708831218536372, 0.0787773860181825, 0.13919849367340886]]	0.0	0.6888993911005743	[[0.6573264637910141, 0.6573264637910142, 0.0], [-0.7071067811865471, 0.7071067811865471, 0.0], [0.0, 0.0, 0.9295999999999994]]	[[0.6573264637910142, 0.6573264637910142, 0.0], [-0.7071067811865471, 0.7071067811865472, 0.0], [0.0, 0.0, 0.9295999999999994]]	0.6888993911005745	[[0.6573264637910146, 0.6573264637910146, 0.0], [-0.7071067811865475, 0.7071067811865476, 0.0], [0.0, 0.0, 0.9296]]
2	[[0.034229894132735264, 0.2773841392786001, 0.9601491309293217], [-0.1827544195208179, -0.9427759796974285, 0.2788803941677556], [0.9825625356654255, -0.18501754344446375, 0.018422055382213542]]	0.7642392485760852	0.23576075142391476	[[0.026159828570840548, 0.21198784616920152, 0.7337836503424061], [-0.1396681002485485, -0.7205064062995454, 0.213131342881368], [0.7509128539359577, -0.14139766837539014, 0.014078857762529902]]	0.8737936784387893	0.18862933824563696	[[0.0, 0.210580965282958, 0.8025065438742756], [-0.18708095520842727, -0.8215713442313273, 0.24368392546430268], [0.8227673054668956, -0.1616671598620465, 0.0]]	[[-0.029909865106813087, -0.03179554211786746, -0.03646569709026337], [-0.027391298724386122, 0.002220347012222312, 0.0], [-0.03578962686834068, 0.0, -0.016097075536827474]]	0.36942855298988797	[[0.0, 0.0, 0.9296], [0.0, -1.0, 0.0], [0.9296, 0.0, 0.0]]
2	[[0.5319609947059123, -0.8460851799387872, 0.03402011756955908], [-0.703274286200726, -0.4190807785627857, 0.5742617690636116], [-0.47161719485230363, -0.3294103357928521, -0.8179645788128509]]	0.14937180025740268	0.8506281997425975	[[0.07945997144594077, -0.12638126649856513, 0.005081646206333543], [-0.10504934620454232, -0.06259885034719719, 0.0857785142640325], [-0.0704463094274348, -0.049204614880773864, -0.12218084168406367]]	0.45546495764569184	0.8211766398399324	[[0.2147485043416099, -0.49844333254004725, 0.2242435355665738], [-0.38347519102935945, -0.3989958336624353, 0.0], [0.13004620313211895, -0.1467516147786185, -0.32610012564995805]]	[[-0.02754108758127856, -0.11308118189457991, 0.2087485641586531], [-0.06315839805164154, -0.2081192246042124, -0.2615561123240979], [0.3448513088105034, 0.0032832498613260407, 0.04645407659471327]]	0.6925984109055784	[[0.6110506807401271, -0.611050680740127, 0.0], [-0.7071067811865475, -0.7071067811865476, 0.0], [0.0, 0.0, -0.86415616]]
2	[[-0.8305561570912853, 0.32773595720904825, 0.4502950280316503], [-0.5100865793185324, -0.772219296347621, -0.37879947194723407], [0.22358030216652452, -0.5443036842615101, 0.808545204538665]]	0.184400246320087	0.8155997536799129	[[-0.15315475995029787, 0.06043459123729799, 0.0830345140857468], [-0.09406009087090797, -0.14239742845962552, -0.06985071593298885], [0.04122826279182662, -0.10036973345075333, 0.14909593487785494]]	0.5172111019713406	0.6632558944007529	[[-0.3747346763834854, 0.1459318860950937, 0.4001658617163833], [-0.35415668763235253, -0.6043581292029417, -0.05782774659353627], [0.31829567834066075, -0.24762431049736494, 0.26145229870484366]]	[[0.054838188874779925, -0.023576789488630217, 0.16726827405591776], [-0.09033424584222284, -0.20495773597545555, 0.13809154571845453], [0.20265746387802733, 0.03389559784659127, -0.15673625752824208]]	0.6841622303603294	[[-0.6110506807401271, 0.611050680740127, 0.0], [-0.7071067811865475, -0.7071067811865476, 0.0], [0.0, 0.0, 0.86415616]]
2	[[0.22433838825039393, -0.7661379269479729, -0.6022499185961573], [-0.9416906372873723, -0.011392912655017143, -0.3362869982418849], [0.2507808429735371, 0.642575192824231, -0.724020780340167]]	0.13949737599942538	0.8605026240005745	[[0.0312946164968703, -0.10687423046288165, -0.08401228334003147], [-0.13136337290481515, -0.0015892814203655597, -0.04691115383746633], [0.03498326954573236, 0.08963755328130503, -0.10099899902650968]]	0.40041422817958056	0.847621504829223	[[0.16110292627379222, -0.30594057483928316, 0.10574604224653589], [-0.4629983420831885, -0.28899124684857497, -0.13465409884785232], [0.27493295969749454, 0.04132023652725072, -0.3202630978748915]]	[[0.0712746436914596, 0.000831951858693239, 0.34689547857243136], [-0.08593201236982798, -0.28442936252109885, 0.0], [0.17451674201602108, -0.21597601335480893, -0.030354875929005765]]	0.9631542806229934	[[0.6110506807401271, -0.611050680740127, 0.0], [-0.7071067811865475, -0.7071067811865476, 0.0], [0.0, 0.0, -0.86415616]]
2	[[-0.42203838922340475, -0.825029846081567, 0.3757783270710803], [0.2588054115689476, 0.28760896992378115, 0.9221175843470338], [-0.8688517462515349, 0.4864224845687207, 0.09214016247897017]]	0.10604244510150784	0.8939575548984923	[[-0.044753982719951686, -0.08748818216020998, 0.0398484526187715], [0.02744435864827327, 0.0304987584038438, 0.09778360331525536], [-0.09213516360322764, 0.05158142961601762, 0.00977076812132023]]	0.3383307441508545	1.1298469179062256	[[-0.2273121832012107, -0.44624516169889783, 0.2823888602047943], [0.18537241407646696, 0.015460779553724345, 0.020788195848636285], [0.1582918544196887, 0.1645716811758429, -0.08836060130122445]]	[[-0.0845236209150282, -0.1671121999274563, 0.15525149917107245], [0.09781058659007673, -0.08184617726504922, -0.29119253265808404], [0.45225111228574, 0.0, -0.11953445103891508]]	1.0000000000000002	[[0.0, 0.0, 0.0], [0.0, 0.0, 0.0], [0.0, 0.0, 0.0]]
2	[[-0.5446221603179724, 0.8109226453022452, -0.2139887049042392], [-0.8354447797583356, -0.5021691245819775, 0.22328947644507607], [0.07361197229480154, 0.30038414347728, 0.9509735242804028]]	0.23508242861953263	0.7649175713804673	[[-0.12803110012756536, 0.19063366488022768, -0.05030498444603706], [-0.1963983878031001, -0.11805113738447597, 0.05249143240789241], [0.0173048812225357, 0.07061503396743712, 0.22355716564071315]]	0.5911300960665635	0.5800342647850489	[[-0.34544275189625984, 0.5238308108838859, 0.13466183687856467], [-0.6070605763901143, -0.3988612731748368, 0.13199312966163051], [0.17587478975662899, 0.014565806291110584, 0.499258951694928]]	[[-0.02350020194751748, 0.04447002966381784, 0.26115700056576713], [-0.11320402347326054, -0.10201399031903033, 0.0], [0.13236053750235371, -0.16300030129948634, -0.06289011906970504]]	0.42767442468372746	[[-0.6110506807401271, 0.611050680740127, 0.0], [-0.7071067811865475, -0.7071067811865476, 0.0], [0.0, 0.0, 0.86415616]]
2	[[0.3802729664721569, 0.7767473726770865, -0.5020517802076895], [0.4287143634067757, 0.332951791095048, 0.839849450446521], [0.8195098935212374, -0.5346088512602871, -0.20639019011321075]]	0.12385067499246649	0.8761493250075343	[[0.04709706357896423, 0.09620068640468207, -0.06217945185989178], [0.05309656328689476, 0.041236304067072405, 0.10401592132985367], [0.10149685347560965, -0.0662116670855337, -0.02556156435734465]]	0.40742696768751746	0.8961475857390351	[[0.21442951304471602, 0.3375817853952421, 0.11563905598173804], [0.24160425305794553, -0.20288555783074186, 0.3281140138895751], [0.5688912733984648, 0.0, -0.0764241562208742]]	[[0.059496051421428116, 0.021113958686170626, 0.320188490413877], [0.06693445997103852, -0.33853909646272506, -0.014063301019878929], [0.2350008424911866, 0.2178140631678859, 0.007664773097401531]]	1.0000000000000007	[[0.0, 0.0, 0.0], [0.0, 0.0, 0.0], [0.0, 0.0, 0.0]]
2	[[-0.3195682178843842, -0.5708200961323295, -0.7563336379995778], [0.910087742671785, 0.03735879733279218, -0.41272826520656647], [0.2638493031197415, -0.8202248094963509, 0.507557688474819]]	0.11431812761334428	0.8856818723866556	[[-0.03653244031327606, -0.06525508459391707, -0.08646264534710069], [0.10403952670609354, 0.004270787760971208, -0.04718232249151847], [0.03016275830473457, -0.09376656444363485, 0.0580230446021984]]	0.36065570378358897	1.069495132811756	[[-0.18326583831293702, -0.2738812612893984, 0.18353414945225888], [0.5376805453878081, -0.07545028834342728, -0.14885280295945394], [0.2400146745171594, -0.04680760060462934, 0.08687045337158003]]	[[-0.06801173778497721, -0.0680117377849772, 0.45631018996019884], [0.2094522100496976, -0.08892395168799395, 0.0], [0.14485591840769957, 0.24901115532503726, -0.09618312197607745]]	0.9635463571073587	[[1.725490519634802e-16, -0.86415616, 0.0], [1.0, 1.7938038903913487e-16, 0.0], [0.0, 0.0, 0.86415616]]
2	[[0.04673222253661188, -0.9725397674033924, -0.22799671093185395], [-0.8377629715199755, -0.16246744520517667, 0.5213036857710898], [-0.5440306084466285, 0.16664552219444034, -0.8223502702654952]]	0.17519383424654042	0.8248061657534594	[[0.008187197249051637, -0.17038297080863887, -0.039943617983751595], [-0.14677090717035973, -0.028463294665734593, 0.09132919151709089], [-0.09531080824124322, 0.029195267993260957, -0.14407069694149083]]	0.4606698973969117	0.8777282696318178	[[0.12394695565291722, -0.5531271319643203, 0.09685933977541138], [-0.3064686231482143, -0.3935467025342544, 0.0], [0.06848989597644527, 0.06848989597644527, -0.4863381328917092]]	[[0.10241882749184658, -0.10510733710018309, 0.2018905612072219], [0.07946355898482461, -0.3187028412212472, -0.24014891543679984], [0.31910842055033317, -0.008278679634522343, -0.10750611826418079]]	0.8885160231653039	[[0.6110506807401271, -0.611050680740127, 0.0], [-0.7071067811865475, -0.7071067811865476, 0.0], [0.0, 0.0, -0.86415616]]
