2	[[-0.30792515101507295, 0.09349718223056193, 0.9468053539599837], [0.3027085282091916, -0.9338174967034747, 0.1906631317268273], [0.9019698710720718, 0.34531602882779927, 0.2592434992682147]]	0.5366998212643348	0.4633001787356653	[[-0.16526337351258297, 0.05017992099186152, 0.5081502642424385], [0.16246361298506296, -0.5011796835742636, 0.10232886871948656], [0.484087068590196, 0.18533105095158975, 0.13913593972119154]]	0.7695742412957064	0.3271525001726355	[[-0.08614840495151448, 0.12527407004681598, 0.7404776512838296], [0.3112600036688779, -0.8102945631038434, 0.14672943494173646], [0.6822921398465133, 0.2657463208923999, 0.08614840495151448]]	[[0.1508228595167761, 0.05332104696844489, 0.011840639355362462], [0.0783033177385494, -0.09165267156961114, 0.0], [-0.011840639355362462, 0.0, -0.11335871430866587]]	0.48144678361069004	[[0.0, 0.0, 0.9239999999999999], [0.0, -1.0, 0.0], [0.9239999999999999, 0.0, 0.0]]
2	[[0.08740825448676931, -0.06334395238859675, -0.994156597696443], [0.7119981850616444, -0.6940087028176986, 0.10681996481098455], [-0.6967197295301035, -0.717174639895393, -0.015561310176609944]]	0.1496623940914143	0.8503376059085861	[[0.013081728629841496, -0.009480207565689933, -0.14878785651302473], [0.10655935296506747, -0.10386700398397358, 0.015986931670372573], [-0.10427274273219785, -0.10733407358839243, -0.0023289429362305554]]	0.4394750181813107	1.0235582047639438	[[0.05921882725089005, -0.014685424998747316, -0.0007609815373531073], [0.6352837398571702, -0.6363408459097557, 0.03798167188861825], [0.007621964027218276, -0.012189619023753307, 0.022584023501976136]]	[[0.020805083021120472, 0.013152659628907385, 0.43614600731036113], [0.3223783245321439, -0.3313413586209601, -0.008963034088816135], [0.3138128798297384, 0.3029907188834495, 0.029422830574766773]]	0.8313065608560261	[[0.0, 0.0, -0.8537759999999999], [0.0, -1.0, 0.0], [-0.8537759999999999, 0.0, 0.0]]
2	[[0.8787972042104137, -0.3840163418041313, 0.28327887866788265], [-0.395223040501579, -0.9183905790867732, -0.018907472103605397], [0.2674214316928388, -0.09534250611366366, -0.9588511794847616]]	0.5543356742958595	0.4456643257041404	[[0.487148640765296, -0.21287395777462242, 0.15703158822013574], [-0.21908623065370264, -0.5090966609250314, -0.010481086297782253], [0.1482412396586139, -0.052851752415574854, -0.5315254151290656]]	0.7971432952944397	0.359927379412234	[[0.5559053374217562, -0.23918923389310018, 0.2325689180096278], [-0.3499768221617853, -0.8431899904463903, -0.015071964618355702], [0.20641814211098836, -0.07600163950507612, -0.6444745176722726]]	[[-0.14462196183807377, 0.06692681825956094, 0.006755059180998051], [-0.03492742528006874, -0.11110109786579124, 0.0], [-0.006755059180998051, 0.0, 0.11986727123917072]]	0.5070304799853422	[[0.6037107992143258, -0.6037107992143257, 0.0], [-0.7071067811865475, -0.7071067811865476, 0.0], [0.0, 0.0, -0.8537759999999999]]
2	[[0.8489524140446696, -0.5135124485683378, 0.12483895166604869], [0.522794976890395, 0.7815435453534784, -0.34040431673891397], [0.0772347773085365, 0.35425224329800037, 0.9319550081910795]]	0.20897446659876906	0.7910255334012309	[[0.17740937789272215, -0.10731099003139624, 0.026088153335162012], [0.10925080143618608, 0.16332264551395406, -0.07113581051843298], [0.016140096390926173, 0.07402967358461698, 0.1947548007307823]]	0.0	0.4530244482874974	[[0.6533666658163699, -0.6533666658163698, 0.0], [0.7071067811865475, 0.7071067811865476, 0.0], [0.0, 0.0, 0.9239999999999999]]	[[0.6533666658163699, -0.6533666658163698, 0.0], [0.7071067811865475, 0.7071067811865476, 0.0], [0.0, 0.0, 0.9239999999999999]]	0.4530244482874974	[[0.6533666658163699, -0.6533666658163698, 0.0], [0.7071067811865475, 0.7071067811865476, 0.0], [0.0, 0.0, 0.9239999999999999]]
2	[[0.5319609947059123, -0.8460851799387872, 0.03402011756955908], [-0.703274286200726, -0.4190807785627857, 0.5742617690636116], [-0.47161719485230363, -0.3294103357928521, -0.8179645788128509]]	0.14838589298626742	0.8516141070137326	[[0.07893550723329988, -0.1255471049676637, 0.0050481055250568285], [-0.10435598297217454, -0.062185675560419124, 0.08521234541037769], [-0.06998133860583758, -0.048879846835528575, -0.12137440445828099]]	0.4529841336683041	0.8233419764738684	[[0.21390101465000572, -0.4915306070067852, 0.22265729291812023], [-0.38307770124026075, -0.3986341613704396, 0.0], [0.12644326510820283, -0.14460218576651865, -0.32204846176268065]]	[[-0.027068875682181238, -0.10826744476262246, 0.20724671943357967], [-0.06450560797442989, -0.20879721795613776, -0.2601314699581078], [0.3400783715414493, 0.0046154698139916316, 0.04847651434221773]]	0.6966420739144971	[[0.6037107992143258, -0.6037107992143257, 0.0], [-0.7071067811865475, -0.7071067811865476, 0.0], [0.0, 0.0, -0.8537759999999999]]
2	[[0.034229894132735264, 0.2773841392786001, 0.9601491309293217], [-0.1827544195208179, -0.9427759796974285, 0.2788803941677556], [0.9825625356654255, -0.18501754344446375, 0.018422055382213542]]	0.7533769159965621	0.24662308400343805	[[0.025788012076608906, 0.20897480739607258, 0.7233541911563117], [-0.1376829609633357, -0.7102656600600862, 0.21010205129000933], [0.7402399328933802, -0.13938794628545004, 0.013878751270169909]]	0.8689004644283261	0.19641772426011936	[[0.0, 0.2068864061024204, 0.7955397828322371], [-0.18829509078058246, -0.8216336775236985, 0.24231930401231752], [0.8146452080502111, -0.16076182942628256, 0.0]]	[[-0.029742370909266107, -0.034132801341806754, -0.03873424295270432], [-0.029499690782614628, -0.002455190912732507, 0.0], [-0.03910383551935091, 0.0, -0.01600693247732969]]	0.37205442747369794	[[0.0, 0.0, 0.9239999999999999], [0.0, -1.0, 0.0], [0.9239999999999999, 0.0, 0.0]]
2	[[-0.5446221603179724, 0.8109226453022452, -0.2139887049042392], [-0.8354447797583356, -0.5021691245819775, 0.22328947644507607], [0.07361197229480154, 0.30038414347728, 0.9509735242804028]]	0.23331264404844826	0.7666873559515518	[[-0.12706723623116398, 0.18919850649422879, -0.04992627053771125], [-0.19491983052189077, -0.11716240621571579, 0.05209625813759441], [0.01717460388972126, 0.07008341874491264, 0.22187414736993205]]	0.5890510685339299	0.5800333553083128	[[-0.3397574932720864, 0.521297998419685, 0.13378834146456825], [-0.6061820142191436, -0.4023442171246415, 0.13152890469235384], [0.17400806366490337, 0.015197223321691742, 0.4984795235055672]]	[[-0.018947227789527617, 0.04362314770603637, 0.2598386167426021], [-0.11406237400140243, -0.1065409577048795, 0.0], [0.13064685272776044, -0.16174437736424932, -0.06169244711928141]]	0.4321956818751218	[[-0.6037107992143258, 0.6037107992143257, 0.0], [-0.7071067811865475, -0.7071067811865476, 0.0], [0.0, 0.0, 0.8537759999999999]]
2	[[0.8592155572171323, 0.2624339665249735, -0.4391776855101157], [-0.4266000482917053, 0.8413623931712975, -0.33184593135155627], [0.2824199444684594, 0.4724804086637203, 0.8348660002631537]]	0.1655585566799159	0.8344414433200841	[[0.14225048752979813, 0.043448188721659994, -0.07270962373908084], [-0.07062728827475719, 0.13929474345820014, -0.054939933434666105], [0.04675703838382013, 0.07822317451790237, 0.13821921002470203]]	0.0	0.6891085097241133	[[0.6533666658163699, 0.6533666658163698, 0.0], [-0.7071067811865475, 0.7071067811865476, 0.0], [0.0, 0.0, 0.9239999999999999]]	[[0.6533666658163699, 0.6533666658163698, 0.0], [-0.7071067811865475, 0.7071067811865476, 0.0], [0.0, 0.0, 0.9239999999999999]]	0.6891085097241133	[[0.6533666658163699, 0.6533666658163698, 0.0], [-0.7071067811865475, 0.7071067811865476, 0.0], [0.0, 0.0, 0.9239999999999999]]
2	[[-0.42203838922340475, -0.825029846081567, 0.3757783270710803], [0.2588054115689476, 0.28760896992378115, 0.9221175843470338], [-0.8688517462515349, 0.4864224845687207, 0.09214016247897017]]	0.10552482764310263	0.8944751723568974	[[-0.044535528281572444, -0.08706113230817283, 0.03965394319618919], [0.027310396448915447, 0.03034988697981729, 0.0973062991548949], [-0.091685430770602, 0.051329648845844005, 0.009723074764600808]]	0.3365198604478152	1.1279842945618026	[[-0.22616074174021383, -0.4421809120951734, 0.2793431748580048], [0.18563943295159757, 0.016261657050354223, 0.019041946886593844], [0.15509065400998598, 0.16369082662574544, -0.08797990259885083]]	[[-0.08413644189513297, -0.1645419834265221, 0.15288630467273145], [0.09854627196727592, -0.08052447337193652, -0.29126893391434644], [0.4474765224083931, 0.0, -0.1189868972179129]]	1.0000000000000002	[[0.0, 0.0, 0.0], [0.0, 0.0, 0.0], [0.0, 0.0, 0.0]]
2	[[-0.8305561570912853, 0.32773595720904825, 0.4502950280316503], [-0.5100865793185324, -0.772219296347621, -0.37879947194723407], [0.22358030216652452, -0.5443036842615101, 0.808545204538665]]	0.183004529885233	0.8169954701147669	[[-0.15199553907177638, 0.059977164775528724, 0.08240602991458999], [-0.09334815464895466, -0.14131962929640177, -0.06932201928447808], [0.04091620808958314, -0.09961003985307795, 0.14796743504755797]]	0.5144086382894868	0.6664201392181412	[[-0.3706825566823267, 0.1432893739623738, 0.39698627040078505], [-0.3546249246633863, -0.6050556569694119, -0.05702913435313717], [0.31514078811718516, -0.24628257955951788, 0.2585887056988738]]	[[0.05656270510995047, -0.025300833504034205, 0.16535061820249752], [-0.09223198198639775, -0.20781938027436658, 0.13782858619601612], [0.20012914933135126, 0.033711937477396293, -0.15733393196335538]]	0.6852113816028764	[[-0.6037107992143258, 0.6037107992143257, 0.0], [-0.7071067811865475, -0.7071067811865476, 0.0], [0.0, 0.0, 0.8537759999999999]]
2	[[0.3802729664721569, 0.7767473726770865, -0.5020517802076895], [0.4287143634067757, 0.332951791095048, 0.839849450446521], [0.8195098935212374, -0.5346088512602871, -0.20639019011321075]]	0.12325744605279977	0.8767425539472007	[[0.046871474650280014, 0.09573989738439993, -0.06188162021466134], [0.05284223751967104, 0.04103878742908092, 0.1035176983308856], [0.10101069649042965, -0.0658945216435641, -0.02543912772370617]]	0.4051106215494964	0.8970419708372613	[[0.21143322407225262, 0.3353744439191615, 0.11321578185283676], [0.2406916596880384, -0.20422545617388976, 0.3281468374984976], [0.5631596915310235, 0.0, -0.07807950801207024]]	[[0.05738060626624636, 0.02070583298700869, 0.31660229058280503], [0.0670149174611228, -0.3391077632104228, -0.012085095379895494], [0.23116752920067335, 0.21657572401991718, 0.0055313501864112935]]	1.0000000000000007	[[0.0, 0.0, 0.0], [0.0, 0.0, 0.0], [0.0, 0.0, 0.0]]
2	[[0.04673222253661188, -0.9725397674033924, -0.22799671093185395], [-0.8377629715199755, -0.16246744520517667, 0.5213036857710898], [-0.5440306084466285, 0.16664552219444034, -0.8223502702654952]]	0.17422202980894003	0.8257779701910597	[[0.008141782667811612, -0.16943785234693348, -0.039722049768309745], [-0.14595676539697935, -0.028305408081518588, 0.09082258628192111], [-0.09478211688176434, 0.02903332113528617, -0.14327153329958503]]	0.45823470631414176	0.8674517144533256	[[-0.05238214803121389, -0.5478172734700535, 0.09459397558264025], [-0.30730843382942535, -0.1850453863622047, 0.0], [0.06688804159387964, 0.06688804159387962, -0.4811934093938111]]	[[-0.07379647430068537, -0.10216579877513596, 0.19906998145708862], [0.07658363538589323, -0.11059716432300165, -0.23887944134979497], [0.3161817476813244, -0.00947472032745654, -0.1043639748113468]]	0.8906762796578923	[[0.6037107992143258, -0.6037107992143257, 0.0], [-0.7071067811865475, -0.7071067811865476, 0.0], [0.0, 0.0, -0.8537759999999999]]
2	[[0.22433838825039393, -0.7661379269479729, -0.6022499185961573], [-0.9416906372873723, -0.011392912655017143, -0.3362869982418849], [0.2507808429735371, 0.642575192824231, -0.724020780340167]]	0.13831424306828424	0.8616857569317159	[[0.031029194362012118, -0.1059677874517133, -0.08329974162856332], [-0.13024922770089314, -0.0015758020902217618, -0.04651328161553173], [0.034686562471911014, 0.08887730140994031, -0.10014238619845868]]	0.3979042852043384	0.848358634366085	[[0.16020640898213864, -0.3036342230833892, 0.10436517440813464], [-0.4605105478362855, -0.289626086473686, -0.13381003765894978], [0.27225095756019874, 0.04175571095747156, -0.3186911205788232]]	[[0.07094120296147226, 0.0012153411067775538, 0.34400299778150956], [-0.08580780792283577, -0.28509279770729595, 0.0], [0.17246418549387205, -0.21392771183329398, -0.030600149504481727]]	0.964632362465961	[[0.6037107992143258, -0.6037107992143257, 0.0], [-0.7071067811865475, -0.7071067811865476, 0.0], [0.0, 0.0, -0.8537759999999999]]
2	[[-0.3195682178843842, -0.5708200961323295, -0.7563336379995778], [0.910087742671785, 0.03735879733279218, -0.41272826520656647], [0.2638493031197415, -0.8202248094963509, 0.507557688474819]]	0.113406445962743	0.8865935540372567	[[-0.03624109583291549, -0.06473467838647878, -0.08577310984760397], [0.10320981641066257, 0.0042367284309543195, -0.04680604570544514], [0.02992221173655636, -0.0930187805354491, 0.05756031357099432]]	0.3583923370340973	1.0681121801580282	[[-0.1813021468088944, -0.2713488946383819, 0.18229610035670712], [0.5368904659102496, -0.07493421097775704, -0.14791864752741007], [0.2367412435901283, -0.04728155979221654, 0.08747584255261488]]	[[-0.06677134635948831, -0.0667713463594883, 0.4533602804568767], [0.2107219929080223, -0.08832331766263976, 0.0], [0.14217967522022623, 0.24668072657652793, -0.09442894359949974]]	0.9609963761032967	[[1.7047640948271695e-16, -0.8537759999999999, 0.0], [1.0, 1.7938038903913487e-16, 0.0], [0.0, 0.0, 0.8537759999999999]]
