2	[[-0.30792515101507295, 0.09349718223056193, 0.9468053539599837], [0.3027085282091916, -0.9338174967034747, 0.1906631317268273], [0.9019698710720718, 0.34531602882779927, 0.2592434992682147]]	0.6227968392870172	0.37720316071298293	[[-0.19177481078916495, 0.05822974957543624, 0.5896673818663034], [0.18852591459390938, -0.5815785854178387, 0.11874439580803228], [0.5617439848358047, 0.21506173130909792, 0.16145603194995028]]	0.8169016391521374	0.27020408616763136	[[-0.12831835473159592, 0.15062494371257523, 0.7823609010450582], [0.2916930606486797, -0.8146617629625195, 0.15575302483352513], [0.7279066107074894, 0.28208922997493596, 0.12831835473159592]]	[[0.1232262058687866, 0.07424694229232312, 0.008914055437128025], [0.044409967769260136, -0.0518247192365054, 0.0], [-0.008914055437128025, 0.0, -0.08345808476014463]]	0.46884976042947807	[[0.0, 0.0, 0.9834], [0.0, -1.0, 0.0], [0.9834, 0.0, 0.0]]
2	[[0.8787972042104137, -0.3840163418041313, 0.28327887866788265], [-0.395223040501579, -0.9183905790867732, -0.018907472103605397], [0.2674214316928388, -0.09534250611366366, -0.9588511794847616]]	0.6404990846540054	0.35950091534599465	[[0.5628688048932691, -0.2459621154177258, 0.18143986248859195], [-0.2531399956754342, -0.5882283252599404, -0.0121102185754804], [0.17128318221612684, -0.061066787894420486, -0.6141433027794034]]	0.843331725497194	0.29022585169548637	[[0.6177663944841681, -0.26945790756924975, 0.24567037186380172], [-0.3456659449484935, -0.8499867579227455, -0.015945271073923604], [0.21875267110454577, -0.08040536019406275, -0.7227670532096356]]	[[-0.12335116810471013, 0.05439525658354853, 0.006772306319905939], [-0.012361816246049522, -0.07547884618112964, 0.0], [-0.006772306319905939, 0.0, 0.08586256648026817]]	0.47460640389397096	[[0.683825686395778, -0.6838256863957779, 0.0], [-0.7071067811865475, -0.7071067811865476, 0.0], [0.0, 0.0, -0.9670755600000001]]
2	[[0.8489524140446696, -0.5135124485683378, 0.12483895166604869], [0.522794976890395, 0.7815435453534784, -0.34040431673891397], [0.0772347773085365, 0.35425224329800037, 0.9319550081910795]]	0.22100661121674867	0.7789933887832519	[[0.18762409611229056, -0.11348964607570329, 0.027590233655564872], [0.11554114620368464, 0.1727262904768955, -0.07523160448602013], [0.01706939640103991, 0.07829208780722223, 0.2059682181667877]]	0.0	0.43218925477973996	[[0.6953688086188508, -0.6953688086188508, 0.0], [0.7071067811865474, 0.7071067811865475, 0.0], [0.0, 0.0, 0.9833999999999999]]	[[0.6953688086188508, -0.6953688086188508, 0.0], [0.7071067811865474, 0.7071067811865475, 0.0], [0.0, 0.0, 0.9833999999999999]]	0.4321892547797401	[[0.6953688086188509, -0.6953688086188509, 0.0], [0.7071067811865475, 0.7071067811865476, 0.0], [0.0, 0.0, 0.9834]]
2	[[0.3802729664721569, 0.7767473726770865, -0.5020517802076895], [0.4287143634067757, 0.332951791095048, 0.839849450446521], [0.8195098935212374, -0.5346088512602871, -0.20639019011321075]]	0.12905534159890186	0.8709446584010987	[[0.04907625758889198, 0.1002433975168909, -0.06479246399504018], [0.05532787861781718, 0.04296920713573758, 0.10838705771902578], [0.10576212925206305, -0.0689941279211929, -0.026635756487722706]]	0.4288931945726788	0.9433692794417563	[[0.1418791088575406, 0.32302977154389195, 0.14026784358743458], [0.28662778949531686, -0.26103273757799456, 0.32780982833424976], [0.6250785914583149, 0.0, -0.05851344347354766]]	[[-0.021217378542331994, -0.010111890499518703, 0.355594435441611], [0.10275511661459247, -0.4038334948994449, -0.03239588542786738], [0.27359637524207553, 0.22929009806385472, 0.030005904492569777]]	1.0000000000000007	[[0.0, 0.0, 0.0], [0.0, 0.0, 0.0], [0.0, 0.0, 0.0]]
2	[[-0.8305561570912853, 0.32773595720904825, 0.4502950280316503], [-0.5100865793185324, -0.772219296347621, -0.37879947194723407], [0.22358030216652452, -0.5443036842615101, 0.808545204538665]]	0.19768560600876664	0.8023143939912332	[[-0.16418899723890315, 0.06478868131173392, 0.08901684549917135], [-0.10083677454952289, -0.1526566395701428, -0.07488320316768976], [0.04419860752541255, -0.107601003676041, 0.15983774874470816]]	0.5432197589878535	0.6329892932499693	[[-0.4153382198013448, 0.17282416343489987, 0.4308776734946337], [-0.34972879783186284, -0.597419218577875, -0.0652214345596938], [0.34927661704543855, -0.26007643253443863, 0.2899434533312989]]	[[0.03583629567966111, -0.0052084842518527845, 0.18626851689385182], [-0.07263968915151103, -0.17793443853015065, 0.14054992329620888], [0.2278233791881076, 0.0356000836462996, -0.14927427780897948]]	0.680725943049301	[[-0.683825686395778, 0.6838256863957779, 0.0], [-0.7071067811865475, -0.7071067811865476, 0.0], [0.0, 0.0, 0.9670755600000001]]
2	[[0.04673222253661188, -0.9725397674033924, -0.22799671093185395], [-0.8377629715199755, -0.16246744520517667, 0.5213036857710898], [-0.5440306084466285, 0.16664552219444034, -0.8223502702654952]]	0.1841617536879169	0.815838246312083	[[0.008606288056076432, -0.1791046290962476, -0.04198827412028728], [-0.154283898009919, -0.029920289626180888, 0.09600420097557866], [-0.10018963091143558, 0.03068973161156681, -0.151445467917826]]	0.4826376077228328	0.8968887463805446	[[0.12959945100524498, -0.6013826540059151, 0.11801818225501248], [-0.30227152819673225, -0.416299573400211, 0.004419343798140383], [0.08647351778201148, 0.08042939616964692, -0.5363869449430698]]	[[0.10704472291660354, -0.13199838725102142, 0.2280579693878367], [0.10206438821644045, -0.3378866743135441, -0.24718141999951374], [0.3490431491706894, 0.0, -0.13948977779190616]]	0.8703272683955395	[[0.683825686395778, -0.6838256863957779, 0.0], [-0.7071067811865475, -0.7071067811865476, 0.0], [0.0, 0.0, -0.9670755600000001]]
2	[[0.5319609947059123, -0.8460851799387872, 0.03402011756955908], [-0.703274286200726, -0.4190807785627857, 0.5742617690636116], [-0.47161719485230363, -0.3294103357928521, -0.8179645788128509]]	0.15910070129562104	0.8408992987043791	[[0.08463536731962681, -0.1346127454840928, 0.005412624563476326], [-0.11189143213771283, -0.06667604576885408, 0.09136545018528458], [-0.07503462644407508, -0.05240941543866878, -0.13013873812410187]]	0.4762187570156347	0.806737867636181	[[0.22117528483293783, -0.5542716047023151, 0.23826433432057875], [-0.3743831421365199, -0.3959484390678755, 0.011002290862503716], [0.1661440252145704, -0.15687138065937486, -0.3646777289520108]]	[[-0.03215451884671241, -0.15134997198251618, 0.2220633162180776], [-0.0394707357209523, -0.19637431161156127, -0.2624719350025689], [0.39073697953433484, 0.0, 0.024852346053062364]]	0.6547122967767915	[[0.683825686395778, -0.6838256863957779, 0.0], [-0.7071067811865475, -0.7071067811865476, 0.0], [0.0, 0.0, -0.9670755600000001]]
2	[[0.034229894132735264, 0.2773841392786001, 0.9601491309293217], [-0.1827544195208179, -0.9427759796974285, 0.2788803941677556], [0.9825625356654255, -0.18501754344446375, 0.018422055382213542]]	0.8257937501886168	0.17420624981138333	[[0.028266832644430785, 0.2290620886177168, 0.7928851515704658], [-0.15091745745963997, -0.7785385118620867, 0.23029768655387056], [0.8113940011219883, -0.152786331051689, 0.015212818200260513]]	0.9195936466889446	0.12644754490858442	[[0.0, 0.24801294745052244, 0.8706874098140773], [-0.1759334684019154, -0.8208981534178499, 0.2564566386627767], [0.9029430441898746, -0.17014095747752464, 0.0]]	[[-0.031477593171298536, -0.007067744722359573, -0.012259630862438715], [-0.007873665306245198, 0.046072647762851054, 0.0], [-0.000615221082630419, 0.0, -0.016940805088435457]]	0.34538657205155	[[0.0, 0.0, 0.9834], [0.0, -1.0, 0.0], [0.9834, 0.0, 0.0]]
2	[[0.08740825448676931, -0.06334395238859675, -0.994156597696443], [0.7119981850616444, -0.6940087028176986, 0.10681996481098455], [-0.6967197295301035, -0.717174639895393, -0.015561310176609944]]	0.16869318034697567	0.8313068196530243	[[0.014745176437950917, -0.010685692784179811, -0.16770743822834186], [0.12010923823932335, -0.11707453526679665, 0.018019799588517012], [-0.1175318669849179, -0.12098247086815087, -0.002625086904058084]]	0.46826918114723315	1.0285767381552189	[[0.06510250569731493, -0.01594373354359368, 0.0007340313794575101], [0.6347894479016732, -0.6371750520877115, 0.03921097314654259], [0.010839959289129581, -0.013522105593942535, 0.026897366553131824]]	[[0.024171913943286504, 0.013718287172043788, 0.4662669273148902], [0.30138264080454086, -0.3121921651102143, -0.0108095243056734], [0.3370923365253129, 0.32230867576943495, 0.03418424852711109]]	0.7943360457910946	[[0.0, 0.0, -0.9670755600000001], [0.0, -1.0, 0.0], [-0.9670755600000001, 0.0, 0.0]]
2	[[-0.42203838922340475, -0.825029846081567, 0.3757783270710803], [0.2588054115689476, 0.28760896992378115, 0.9221175843470338], [-0.8688517462515349, 0.4864224845687207, 0.09214016247897017]]	0.11079616513037346	0.8892038348696264	[[-0.04676023506375319, -0.09141014306393988, 0.04163479757858293], [0.028674647116827365, 0.03186597092465187, 0.10216709214493504], [-0.09626544155149841, 0.05389374592340251, 0.01020877665715942]]	0.35505521914797245	1.1506258329001537	[[-0.23786641781710738, -0.48583447476833747, 0.3123977213136234], [0.1829063526207334, 0.0080642495359987, 0.03691573460521417], [0.19074163843886693, 0.17270684185704838, -0.09176350391894708]]	[[-0.08801948504253415, -0.19290332196422882, 0.1789756650443426], [0.0910161404994395, -0.0940528163092121, -0.29048692638532086], [0.4992319856113042, 0.0, -0.12447834950024757]]	1.0000000000000002	[[0.0, 0.0, 0.0], [0.0, 0.0, 0.0], [0.0, 0.0, 0.0]]
2	[[0.8592155572171323, 0.2624339665249735, -0.4391776855101157], [-0.4266000482917053, 0.8413623931712975, -0.33184593135155627], [0.2824199444684594, 0.4724804086637203, 0.8348660002631537]]	0.17778398049941477	0.8222160195005853	[[0.15275476186908446, 0.04665655518705993, -0.07807875707650853], [-0.07584265466654191, 0.14958075530050685, -0.05899689058821522], [0.05020974190002639, 0.08399944776022637, 0.14842580071040895]]	0.0	0.6888152920254459	[[0.6953688086188508, 0.6953688086188508, 0.0], [-0.7071067811865474, 0.7071067811865475, 0.0], [0.0, 0.0, 0.9833999999999997]]	[[0.6953688086188508, 0.6953688086188508, 0.0], [-0.7071067811865474, 0.7071067811865475, 0.0], [0.0, 0.0, 0.9833999999999998]]	0.6888152920254463	[[0.6953688086188509, 0.6953688086188509, 0.0], [-0.7071067811865475, 0.7071067811865476, 0.0], [0.0, 0.0, 0.9834]]
2	[[-0.3195682178843842, -0.5708200961323295, -0.7563336379995778], [0.910087742671785, 0.03735879733279218, -0.41272826520656647], [0.2638493031197415, -0.8202248094963509, 0.507557688474819]]	0.12297509193136137	0.8770249080686385	[[-0.03929893097267351, -0.07019665379814176, -0.09301019866377905], [0.1119181238206679, 0.004594201536445203, -0.05075529635644882], [0.032446892307175845, -0.10086722135219713, 0.062416953400660155]]	0.3817596140525469	1.0844159278050345	[[-0.20258221013959898, -0.2985000302095121, 0.19518458556120627], [0.5450473437219642, -0.0802622572474454, -0.15756298323383608], [0.2727231551703717, -0.04143842190424081, 0.07980208310568415]]	[[-0.08058397061659633, -0.08058397061659632, 0.4839222232988838], [0.19761259832562988, -0.0945243372986795, 0.0], [0.1719961470433457, 0.2716902848054099, -0.1139629441558655]]	0.9940485976206719	[[1.9309932484315305e-16, -0.9670755600000001, 0.0], [1.0, 1.7938038903913487e-16, 0.0], [0.0, 0.0, 0.9670755600000001]]
2	[[0.22433838825039393, -0.7661379269479729, -0.6022499185961573], [-0.9416906372873723, -0.011392912655017143, -0.3362869982418849], [0.2507808429735371, 0.642575192824231, -0.724020780340167]]	0.15065536038894697	0.849344639611053	[[0.033797780730938594, -0.11542278549198758, -0.09073217853031808], [-0.14187074233542618, -0.001716403361921387, -0.05066343891424834], [0.03778147827682217, 0.09680739725193162, -0.10907761159123451]]	0.4238154626694153	0.8686222616624457	[[0.020834852624163517, -0.3279244468438863, 0.11950880818400153], [-0.48619307483548097, -0.12953064924601165, -0.1425236297495933], [0.301124432202044, 0.03640087389952173, -0.33438040592294066]]	[[-0.07424322518668809, -0.003223346865844398, 0.3747516360764497], [-0.0870900217020766, -0.12470215669797337, 0.0], [0.19483963320858846, -0.2359324287471685, -0.027529203920801576]]	0.9518369968926783	[[0.683825686395778, -0.6838256863957779, 0.0], [-0.7071067811865475, -0.7071067811865476, 0.0], [0.0, 0.0, -0.9670755600000001]]
2	[[-0.5446221603179724, 0.8109226453022452, -0.2139887049042392], [-0.8354447797583356, -0.5021691245819775, 0.22328947644507607], [0.07361197229480154, 0.30038414347728, 0.9509735242804028]]	0.2519554437050871	0.7480445562949128	[[-0.13722051805453778, 0.20431637490763022, -0.05391561909202455], [-0.21049486017511027, -0.12652424459904726, 0.05625899911239575], [0.018546937141543304, 0.07568342015179062, 0.2396029562618593]]	0.6099750955003679	0.5845261541466208	[[-0.2587833373144591, 0.5476196278463648, 0.14306050154087338], [-0.6150241571290059, -0.5157483225886439, 0.13620101971881243], [0.1942968065565219, 0.008021294962478281, 0.5051493604890309]]	[[0.07342261693711276, 0.05297700983471673, 0.27358828225083676], [-0.10542364781063121, -0.2094376628644162, 0.0], [0.14939533672602986, -0.1752055516418718, -0.07492080580222925]]	0.38959431655355015	[[-0.683825686395778, 0.6838256863957779, 0.0], [-0.7071067811865475, -0.7071067811865476, 0.0], [0.0, 0.0, 0.9670755600000001]]
