2	[[0.3802729664721569, 0.7767473726770865, -0.5020517802076895], [0.4287143634067757, 0.332951791095048, 0.839849450446521], [0.8195098935212374, -0.5346088512602871, -0.20639019011321075]]	0.12690083128964574	0.8730991687103549	[[0.0482569555622963, 0.09856988729477054, -0.0637107882588023], [0.05440420910213112, 0.042251859069338066, 0.10657759341981565], [0.10399648673793419, -0.06784230763973302, -0.026191086695394453]]	0.41973083372916675	0.8668690571406938	[[0.028505004172924772, 0.31743660777731686, 0.12925601829856162], [0.2811648344167901, -0.14355385848986202, 0.32793966288021753], [0.6003897991365064, 0.0, -0.06674948664662982]]	[[-0.13110728508909714, -0.008588214553376428, 0.3399826305803475], [0.1012201972323951, -0.2833039913578058, -0.02457104716268327], [0.25641622827953675, 0.22439181885847242, 0.019878839923109334]]	1.0000000000000007	[[0.0, 0.0, 0.0], [0.0, 0.0, 0.0], [0.0, 0.0, 0.0]]
2	[[0.8787972042104137, -0.3840163418041313, 0.28327887866788265], [-0.395223040501579, -0.9183905790867732, -0.018907472103605397], [0.2674214316928388, -0.09534250611366366, -0.9588511794847616]]	0.6044161959269487	0.39558380407305127	[[0.5311592631600962, -0.23210569648703597, 0.1712183422308933], [-0.23887920668264676, -0.555090140186775, -0.01142798236345608], [0.16163384445312398, -0.057626554855362444, -0.5795451823642477]]	0.8254195905570072	0.3180026609484412	[[0.5930832991341827, -0.25727483280284785, 0.2405993880032016], [-0.34725855897819435, -0.8473575320464344, -0.015606597882226004], [0.2139594366943619, -0.07869757235901921, -0.6914471269277231]]	[[-0.1322931293478196, 0.05969977881631795, 0.006775451959709761], [-0.021033718708685506, -0.0892999562852174, 0.0], [-0.006775451959709761, 0.0, 0.1000074210476922]]	0.4857265463069002	[[0.6516696095415222, -0.6516696095415221, 0.0], [-0.7071067811865475, -0.7071067811865476, 0.0], [0.0, 0.0, -0.9216]]
2	[[-0.5446221603179724, 0.8109226453022452, -0.2139887049042392], [-0.8354447797583356, -0.5021691245819775, 0.22328947644507607], [0.07361197229480154, 0.30038414347728, 0.9509735242804028]]	0.244646854820372	0.7553531451796278	[[-0.13324009858726835, 0.19838967467581042, -0.052351663621906824], [-0.2043889377439752, -0.12285409691688026, 0.054627068126775404], [0.018008937499047556, 0.07348803593962791, 0.23265268173264514]]	0.6020234494598325	0.5835971433641723	[[-0.25777617419046345, 0.5373892364730145, 0.139405084141532], [-0.611663924857664, -0.5100780440775051, 0.1344255008375448], [0.1861752939715849, 0.010973266685132127, 0.5029364246159947]]	[[0.0700991374164282, 0.04919478830306448, 0.2682313024134243], [-0.10870657671434066, -0.20776045548443858, 0.0], [0.1418591604891268, -0.16986503153409724, -0.0695719368162671]]	0.4048247143223435	[[-0.6516696095415222, 0.6516696095415221, 0.0], [-0.7071067811865475, -0.7071067811865476, 0.0], [0.0, 0.0, 0.9216]]
2	[[0.8592155572171323, 0.2624339665249735, -0.4391776855101157], [-0.4266000482917053, 0.8413623931712975, -0.33184593135155627], [0.2824199444684594, 0.4724804086637203, 0.8348660002631537]]	0.17302554922145844	0.8269744507785416	[[0.14866624368711573, 0.045407781192349415, -0.07598896024119678], [-0.07381270765357303, 0.14557719017274434, -0.05741782452900942], [0.048865866002748976, 0.08175118220541934, 0.14445314822185445]]	0.0	0.6884186270856132	[[0.6788225099390854, 0.6788225099390854, 0.0], [-0.7071067811865474, 0.7071067811865476, 0.0], [0.0, 0.0, 0.9599999999999997]]	[[0.6788225099390855, 0.6788225099390854, 0.0], [-0.7071067811865474, 0.7071067811865475, 0.0], [0.0, 0.0, 0.9599999999999999]]	0.6884186270856131	[[0.6788225099390857, 0.6788225099390855, 0.0], [-0.7071067811865475, 0.7071067811865476, 0.0], [0.0, 0.0, 0.96]]
2	[[0.04673222253661188, -0.9725397674033924, -0.22799671093185395], [-0.8377629715199755, -0.16246744520517667, 0.5213036857710898], [-0.5440306084466285, 0.16664552219444034, -0.8223502702654952]]	0.1803427994247855	0.8196572005752143	[[0.008427819835594659, -0.17539054420545763, -0.041117565109094166], [-0.15108451953833923, -0.029299833883694525, 0.09401336604241706], [-0.0981120029000343, 0.030053319984150603, -0.14830494984740844]]	0.47364122268894976	0.8874377147620468	[[-0.06634013509011251, -0.5822546703409777, 0.10961591617775743], [-0.30196011427819236, -0.19786293907888386, 0.0], [0.07751015765526846, 0.07751015765526845, -0.5146207434443673]]	[[-0.08847444211132544, -0.12161974579440814, 0.21760455711257976], [0.09483896387605675, -0.12091165968475404, -0.246910915120875], [0.3351854802201429, -0.0014200312325448234, -0.1251217559572297]]	0.8776221379914082	[[0.6516696095415222, -0.6516696095415221, 0.0], [-0.7071067811865475, -0.7071067811865476, 0.0], [0.0, 0.0, -0.9216]]
2	[[-0.42203838922340475, -0.825029846081567, 0.3757783270710803], [0.2588054115689476, 0.28760896992378115, 0.9221175843470338], [-0.8688517462515349, 0.4864224845687207, 0.09214016247897017]]	0.10877678955046954	0.8912232104495306	[[-0.045907981046773454, -0.08974409794007092, 0.04087596000143842], [0.028152021788758082, 0.031285180394226494, 0.10030499041330465], [-0.09451090355256117, 0.05291147623654825, 0.010022711063121024]]	0.34792943318521313	1.1409559830594034	[[-0.23338799720314476, -0.468493565646673, 0.299178709481751], [0.18395706578856655, 0.011215684171915284, 0.030044284870302636], [0.17625118989857985, 0.16924069934453803, -0.09033967437774715]]	[[-0.08654841965824528, -0.18144139893862987, 0.1684343691406225], [0.09391104563611684, -0.0888519417126489, -0.2907875635816788], [0.47855028549385903, 0.0, -0.12239794888264867]]	1.0000000000000002	[[0.0, 0.0, 0.0], [0.0, 0.0, 0.0], [0.0, 0.0, 0.0]]
2	[[0.034229894132735264, 0.2773841392786001, 0.9601491309293217], [-0.1827544195208179, -0.9427759796974285, 0.2788803941677556], [0.9825625356654255, -0.18501754344446375, 0.018422055382213542]]	0.8192834249823816	0.18071657501761837	[[0.028043984901851678, 0.22725622766396147, 0.7866342684816319], [-0.14972766675568275, -0.7724007336376297, 0.22848208449419544], [0.8049971994793435, -0.15158180667500687, 0.01509288462875503]]	0.8999409067352554	0.14613510927960965	[[0.0, 0.23129936621385097, 0.8407518269644854], [-0.1806693313903431, -0.821206701463451, 0.2509758747980154], [0.8675905919413583, -0.1665048558093402, 0.0]]	[[-0.03080488196326557, -0.018329967602510752, -0.023325652525115877], [-0.016201153376903008, 0.02723596855367165, 0.0], [-0.016657627329476447, 0.0, -0.016578761224596346]]	0.3555809549768842	[[0.0, 0.0, 0.96], [0.0, -1.0, 0.0], [0.96, 0.0, 0.0]]
2	[[0.8489524140446696, -0.5135124485683378, 0.12483895166604869], [0.522794976890395, 0.7815435453534784, -0.34040431673891397], [0.0772347773085365, 0.35425224329800037, 0.9319550081910795]]	0.21643669643184016	0.7835633035681597	[[0.18374445592366404, -0.11114293794475623, 0.02701973028461374], [0.1131520177093173, 0.169154703073935, -0.07367598576610829], [0.01671644005030848, 0.07667318524298769, 0.20170926319598576]]	0.0	0.4399871733305105	[[0.6788225099390857, -0.6788225099390855, 0.0], [0.7071067811865475, 0.7071067811865476, 0.0], [0.0, 0.0, 0.96]]	[[0.6788225099390857, -0.6788225099390855, 0.0], [0.7071067811865475, 0.7071067811865476, 0.0], [0.0, 0.0, 0.96]]	0.4399871733305105	[[0.6788225099390857, -0.6788225099390855, 0.0], [0.7071067811865475, 0.7071067811865476, 0.0], [0.0, 0.0, 0.96]]
2	[[-0.30792515101507295, 0.09349718223056193, 0.9468053539599837], [0.3027085282091916, -0.9338174967034747, 0.1906631317268273], [0.9019698710720718, 0.34531602882779927, 0.2592434992682147]]	0.5873102880146456	0.4126897119853546	[[-0.18084760912961567, 0.05491185702438913, 0.5560685251280464], [0.17778383288702979, -0.548440622942033, 0.11197841880825724], [0.5297361847598713, 0.20280765634692843, 0.15225637422113972]]	0.7984801101597379	0.2922162853675889	[[-0.11121663506583375, 0.14030504610014605, 0.7661521307638482], [0.2991840068775438, -0.8130137563892876, 0.15224071842463766], [0.7100581145803413, 0.27572798073834437, 0.11121663506583375]]	[[0.13465547343763556, 0.06564940573306188, 0.01014688743405107], [0.05747726792677642, -0.06737905875240655, 0.0], [-0.01014688743405107, 0.0, -0.09578414278804627]]	0.47320535876842174	[[0.0, 0.0, 0.96], [0.0, -1.0, 0.0], [0.96, 0.0, 0.0]]
2	[[-0.3195682178843842, -0.5708200961323295, -0.7563336379995778], [0.910087742671785, 0.03735879733279218, -0.41272826520656647], [0.2638493031197415, -0.8202248094963509, 0.507557688474819]]	0.11923345250635561	0.8807665474936442	[[-0.038103221929658426, -0.06806085082186744, -0.09018027090538183], [0.10851290364247268, 0.004454418387474068, -0.04921101600753769], [0.03145966335236275, -0.09779823586761774, 0.06051785554299795]]	0.3727233827360471	1.0775516689209557	[[-0.1940803178209538, -0.28772776780031356, 0.19017163203654341], [0.541893042317103, -0.07820187774666292, -0.15383347515857182], [0.25821624268600873, -0.04395540820758957, 0.08315535218037112]]	[[-0.07496977063615604, -0.07496977063615604, 0.47207486406880694], [0.20268206028186214, -0.09212637506349172, 0.0], [0.15987343789467004, 0.26176155739192014, -0.10602326640165209]]	0.9794162144940178	[[1.8401906235273885e-16, -0.9216, 0.0], [1.0, 1.7938038903913487e-16, 0.0], [0.0, 0.0, 0.9216]]
2	[[-0.8305561570912853, 0.32773595720904825, 0.4502950280316503], [-0.5100865793185324, -0.772219296347621, -0.37879947194723407], [0.22358030216652452, -0.5443036842615101, 0.808545204538665]]	0.19193578364065011	0.8080642163593499	[[-0.1594134468688827, 0.06290425777413725, 0.08642772907474332], [-0.09790386732608115, -0.14821651578691206, -0.0727051734908568], [0.0429130605029452, -0.10447135417722593, 0.15518875744201838]]	0.5321096848394601	0.6461136336121658	[[-0.39730135007038087, 0.16079151092883387, 0.4174821572436605], [-0.35163845887003975, -0.6004855550223611, -0.06206700949691125], [0.335651648255643, -0.2547572805671187, 0.2773318762811293]]	[[0.044645624920936, -0.013599965972231554, 0.17787581179296325], [-0.08021644990801724, -0.18958018861587883, 0.13949585813828536], [0.21668240413350234, 0.03487198132223038, -0.15290285768439646]]	0.6806505097032757	[[-0.6516696095415222, 0.6516696095415221, 0.0], [-0.7071067811865475, -0.7071067811865476, 0.0], [0.0, 0.0, 0.9216]]
2	[[0.22433838825039393, -0.7661379269479729, -0.6022499185961573], [-0.9416906372873723, -0.011392912655017143, -0.3362869982418849], [0.2507808429735371, 0.642575192824231, -0.724020780340167]]	0.14585143861546643	0.8541485613845337	[[0.03272007666299501, -0.11174231882323298, -0.08783901703329708], [-0.13734693417907864, -0.0016616727007546378, -0.049047942481255755], [0.036576746724889767, 0.09372051629202484, -0.10559947240010598]]	0.41379596174995703	0.8686662572224283	[[0.019825940941528897, -0.31840145103577433, 0.11341222673114384], [-0.4762619899502311, -0.12717696616625027, -0.1391542018615069], [0.28963803341221667, 0.03870437163381928, -0.3284596079621842]]	[[-0.07300437818197812, -0.0013766707212194557, 0.3626208110104741], [-0.0865942070229729, -0.12246262491703418, 0.0], [0.18586593330551682, -0.2271906482775475, -0.02886273283437038]]	0.9560722592055337	[[0.6516696095415222, -0.6516696095415221, 0.0], [-0.7071067811865475, -0.7071067811865476, 0.0], [0.0, 0.0, -0.9216]]
2	[[0.5319609947059123, -0.8460851799387872, 0.03402011756955908], [-0.703274286200726, -0.4190807785627857, 0.5742617690636116], [-0.47161719485230363, -0.3294103357928521, -0.8179645788128509]]	0.15481096170458702	0.845189038295413	[[0.08235339317975099, -0.13098326039032218, 0.005266687118246585], [-0.10887456858884136, -0.0648782983612119, 0.08890201673891517], [-0.07301151149150469, -0.05099633087952238, -0.12662988308630485]]	0.46770787204148384	0.8101724799097684	[[0.21867993256062676, -0.5314844497366844, 0.23235582872777677], [-0.3801184890504921, -0.3981796226993276, 0.004712264986236844], [0.1500812640750321, -0.15406780718214552, -0.34786743409505233]]	[[-0.0301224122823466, -0.13576375066167815, 0.21644435193271722], [-0.05119156919005705, -0.20217224354423896, -0.26387448501728294], [0.37066033869757686, 0.0, 0.034701038466814715]]	0.670964009718851	[[0.6516696095415222, -0.6516696095415221, 0.0], [-0.7071067811865475, -0.7071067811865476, 0.0], [0.0, 0.0, -0.9216]]
2	[[0.08740825448676931, -0.06334395238859675, -0.994156597696443], [0.7119981850616444, -0.6940087028176986, 0.10681996481098455], [-0.6967197295301035, -0.717174639895393, -0.015561310176609944]]	0.16107704030552122	0.8389229596944789	[[0.014079462931000594, -0.010203256372009011, -0.16013580235714978], [0.11468656035263242, -0.11178886779614895, 0.017206243777293316], [-0.11222555195517234, -0.11552036837652789, -0.0025065697865245436]]	0.4571323025482874	1.0265309076118465	[[0.06276906387635628, -0.015448511373116848, 0.00011124877343208356], [0.6349806279511617, -0.6368524015233809, 0.03873550946012676], [0.00951692319279546, -0.01299133877196007, 0.02514735933651978]]	[[0.02281192724109272, 0.013508055434791465, 0.45457234337197855], [0.30950325820373054, -0.3195986052157762, -0.010095347012045631], [0.32801001738371177, 0.3148523556926598, 0.032260936888221584]]	0.8087201042333269	[[0.0, 0.0, -0.9216], [0.0, -1.0, 0.0], [-0.9216, 0.0, 0.0]]
