2	[[0.5319609947059123, -0.8460851799387872, 0.03402011756955908], [-0.703274286200726, -0.4190807785627857, 0.5742617690636116], [-0.47161719485230363, -0.3294103357928521, -0.8179645788128509]]	0.15692606945239412	0.843073930547606	[[0.08347854800118465, -0.13277282170971552, 0.0053386433324992405], [-0.11036206948041807, -0.06576469936290709, 0.09011664225593102], [-0.07400903267433588, -0.05169306923296558, -0.12835996630438373]]	0.4719654336600414	0.8151331265713465	[[0.2821884646966379, -0.5427271892593628, 0.2352915011507221], [-0.3772493875452779, -0.46299789668517594, 0.007858844082519273], [0.15795755476929974, -0.15547029198457332, -0.35615170610722213]]	[[0.03112126314003492, -0.14340423039621888, 0.21923518160883954], [-0.045328234076596266, -0.2652062552922031, -0.2631728607879707], [0.3805445686592995, 0.0, 0.02989930105073807]]	0.6628612834285338	[[0.6675134400605856, -0.6675134400605854, 0.0], [-0.7071067811865475, -0.7071067811865476, 0.0], [0.0, 0.0, -0.94400656]]
2	[[0.8489524140446696, -0.5135124485683378, 0.12483895166604869], [0.522794976890395, 0.7815435453534784, -0.34040431673891397], [0.0772347773085365, 0.35425224329800037, 0.9319550081910795]]	0.21872975328325162	0.7812702467167487	[[0.1856911520732115, -0.11232045118323096, 0.027305993098054676], [0.11435081631295932, 0.17094682685528398, -0.0744565522168565], [0.016893543785583026, 0.07748550577661005, 0.20384628901272553]]	0.0	0.43605241258550537	[[0.6870249486008495, -0.6870249486008494, 0.0], [0.7071067811865474, 0.7071067811865475, 0.0], [0.0, 0.0, 0.9715999999999999]]	[[0.6870249486008495, -0.6870249486008494, 0.0], [0.7071067811865474, 0.7071067811865475, 0.0], [0.0, 0.0, 0.9715999999999999]]	0.4360524125855055	[[0.6870249486008496, -0.6870249486008495, 0.0], [0.7071067811865475, 0.7071067811865476, 0.0], [0.0, 0.0, 0.9716]]
2	[[0.034229894132735264, 0.2773841392786001, 0.9601491309293217], [-0.1827544195208179, -0.9427759796974285, 0.2788803941677556], [0.9825625356654255, -0.18501754344446375, 0.018422055382213542]]	0.8225317034114059	0.1774682965885941	[[0.028155173128590824, 0.22815724858013361, 0.789753100192276], [-0.15032130399442106, -0.7754631325158831, 0.22938796566284833], [0.8081888361691127, -0.1521827951703686, 0.01515272459387136]]	0.9097344061791878	0.130978413032617	[[0.0, 0.2395011570738696, 0.8555371336684992], [-0.17830048238031446, -0.82105660456199, 0.253707089783221], [0.8850226494344351, -0.1683168250181813, 0.0]]	[[-0.031140112412420377, -0.012844738156272783, -0.017943565800950512], [-0.01204249906092103, 0.036619141488052225, 0.0], [-0.00884829548306772, 0.0, -0.016759177613738144]]	0.350477149308236	[[0.0, 0.0, 0.9716], [0.0, -1.0, 0.0], [0.9716, 0.0, 0.0]]
2	[[-0.8305561570912853, 0.32773595720904825, 0.4502950280316503], [-0.5100865793185324, -0.772219296347621, -0.37879947194723407], [0.22358030216652452, -0.5443036842615101, 0.808545204538665]]	0.19479185275247343	0.8052081472475264	[[-0.16178557265478583, 0.06384029431835586, 0.08771380279551211], [-0.0993607098496284, -0.15042202746676445, -0.07378705096226029], [0.04355162129797513, -0.10602592311729686, 0.15749801842621414]]	0.5376558116705206	0.6395972842602703	[[-0.4061693929616459, 0.1666915670806569, 0.4241152345232847], [-0.35068855931488296, -0.5989737991826409, -0.06364241553516395], [0.3423769260635801, -0.25741259060829497, 0.28354124459404073]]	[[0.04038395181721753, -0.009517575006188946, 0.18201149573572786], [-0.076437545489138, -0.1837856066172224, 0.1400213220149908], [0.22216767722869707, 0.03523544854858204, -0.1511777836245023]]	0.680364900085945	[[-0.6675134400605856, 0.6675134400605854, 0.0], [-0.7071067811865475, -0.7071067811865476, 0.0], [0.0, 0.0, 0.94400656]]
2	[[-0.42203838922340475, -0.825029846081567, 0.3757783270710803], [0.2588054115689476, 0.28760896992378115, 0.9221175843470338], [-0.8688517462515349, 0.4864224845687207, 0.09214016247897017]]	0.10978700115338816	0.890212998846612	[[-0.04633432912444401, -0.09057755266333663, 0.041255575627570956], [0.028413470018423127, 0.03157572631274691, 0.10123652429626731], [-0.09538862766784062, 0.05340286587438007, 0.010115792124352062]]	0.3514901095949326	1.145630228188383	[[-0.23562940817572528, -0.4770662966496246, 0.30569957235809964], [0.18343203604312688, 0.009640947150129253, 0.03347787228080614], [0.18336221088683358, 0.17097269241049903, -0.09105622856090242]]	[[-0.08728708849432192, -0.1870764656313241, 0.17361720699248526], [0.09246449356699586, -0.09145076120886628, -0.2906373385007473], [0.4887550063985342, 0.0, -0.12344258436873058]]	1.0000000000000002	[[0.0, 0.0, 0.0], [0.0, 0.0, 0.0], [0.0, 0.0, 0.0]]
2	[[-0.30792515101507295, 0.09349718223056193, 0.9468053539599837], [0.3027085282091916, -0.9338174967034747, 0.1906631317268273], [0.9019698710720718, 0.34531602882779927, 0.2592434992682147]]	0.6046303891298522	0.3953696108701478	[[-0.18618090388111208, 0.05653123767460937, 0.5724672895950524], [0.18302677520404836, -0.5646144364080865, 0.1152807235287079], [0.5453583941297095, 0.20878856488292755, 0.15674649784192526]]	0.8076471810894517	0.2812135203989323	[[-0.1196159862510271, 0.14536619275258292, 0.7742334638633712], [0.29543599492335715, -0.8138422620083179, 0.15398854087685884], [0.7189246351017848, 0.2788935172677759, 0.1196159862510271]]	[[0.12907889395284022, 0.06985345708426281, 0.009548788697190017], [0.05095430542346682, -0.059647193143748375, 0.0], [-0.009548788697190017, 0.0, -0.08976129514871181]]	0.47094363486157065	[[0.0, 0.0, 0.9716], [0.0, -1.0, 0.0], [0.9716, 0.0, 0.0]]
2	[[0.3802729664721569, 0.7767473726770865, -0.5020517802076895], [0.4287143634067757, 0.332951791095048, 0.839849450446521], [0.8195098935212374, -0.5346088512602871, -0.20639019011321075]]	0.12798967110758658	0.8720103288924139	[[0.04867101190987766, 0.09941564076262227, -0.06425744222776052], [0.05487101037153157, 0.04261439023693708, 0.10749205494253755], [0.10488880174119646, -0.06842441104400883, -0.02641581255242212]]	0.42430613901651476	0.9465275765161507	[[0.14380147047208106, 0.32024551989713634, 0.134657308108212], [0.2838928089729359, -0.265803544030715, 0.3278748288603844], [0.6125803910386102, 0.0, -0.06275220977459557]]	[[-0.017550683704076427, -0.009333158794700144, 0.3476809605545045], [0.10198667269488385, -0.407077032988888, -0.02847844881372071], [0.26485731223277875, 0.22683781756230664, 0.024820414923225342]]	1.0000000000000007	[[0.0, 0.0, 0.0], [0.0, 0.0, 0.0], [0.0, 0.0, 0.0]]
2	[[0.8787972042104137, -0.3840163418041313, 0.28327887866788265], [-0.395223040501579, -0.9183905790867732, -0.018907472103605397], [0.2674214316928388, -0.09534250611366366, -0.9588511794847616]]	0.6219275278682962	0.378072472131704	[[0.5465481727121527, -0.23883033411927, 0.1761789327072193], [-0.2458000885357385, -0.5711723824689697, -0.011759077383634077], [0.16631674991172762, -0.05929612912803875, -0.5963359436505576]]	0.8343447327252563	0.3042831780150826	[[0.6052684355971273, -0.26327184270435267, 0.24312774793919675], [-0.34645262627353285, -0.8486686389797755, -0.015775349758792884], [0.216346155320435, -0.07954851778076082, -0.7068957824740585]]	[[-0.12795138286951277, 0.05713016936034591, 0.006775507630331938], [-0.01670036417937977, -0.08241429673422833, 0.0], [-0.006775507630331938, 0.0, 0.0931166485964516]]	0.4799074298045317	[[0.6675134400605856, -0.6675134400605854, 0.0], [-0.7071067811865475, -0.7071067811865476, 0.0], [0.0, 0.0, -0.94400656]]
2	[[-0.5446221603179724, 0.8109226453022452, -0.2139887049042392], [-0.8354447797583356, -0.5021691245819775, 0.22328947644507607], [0.07361197229480154, 0.30038414347728, 0.9509735242804028]]	0.24827603805697104	0.7517239619430289	[[-0.13521663220177466, 0.2013326615463199, -0.05312826784256682], [-0.2074209199337783, -0.12467656068575082, 0.05543742655159884], [0.01827608883491285, 0.07457818503767581, 0.2361039389054132]]	0.6060110163455087	0.5839589381830248	[[-0.2583128289619193, 0.542482069858876, 0.14121649019952198], [-0.6133490037539175, -0.5129184808838362, 0.1353158825597371], [0.19018030809772993, 0.009529967573161314, 0.5040991538006122]]	[[0.07173419993666164, 0.05105401340167387, 0.27089600274499914], [-0.10706026367201879, -0.2085984593185777, 0.0], [0.1455706419521598, -0.17250613250958022, -0.07220127816622494]]	0.39698185995531815	[[-0.6675134400605856, 0.6675134400605854, 0.0], [-0.7071067811865475, -0.7071067811865476, 0.0], [0.0, 0.0, 0.94400656]]
2	[[0.22433838825039393, -0.7661379269479729, -0.6022499185961573], [-0.9416906372873723, -0.011392912655017143, -0.3362869982418849], [0.2507808429735371, 0.642575192824231, -0.724020780340167]]	0.14824293005587277	0.8517570699441271	[[0.03325657999825038, -0.11357453111769972, -0.08927929255860523], [-0.13959897927766213, -0.0016889187538503686, -0.049852169959071144], [0.03717648696427889, 0.09525722936548144, -0.10733096189896578]]	0.4187934490279347	0.8476289606632265	[[0.16758002508733136, -0.32312971830349363, 0.11641319188498996], [-0.48121537742626463, -0.2843425923618821, -0.14083479185696995], [0.2953139519709902, 0.03759399959307107, -0.3314369417916497]]	[[0.07362857772258098, -0.0022761734458401073, 0.36863151247066756], [-0.0868415075193723, -0.2795713151766135, 0.0], [0.19028857779196975, -0.23151228166957882, -0.02822178202509447]]	0.9538296598021022	[[0.6675134400605856, -0.6675134400605854, 0.0], [-0.7071067811865475, -0.7071067811865476, 0.0], [0.0, 0.0, -0.94400656]]
2	[[0.08740825448676931, -0.06334395238859675, -0.994156597696443], [0.7119981850616444, -0.6940087028176986, 0.10681996481098455], [-0.6967197295301035, -0.717174639895393, -0.015561310176609944]]	0.1648333741089245	0.8351666258910757	[[0.01440779751202572, -0.010441197401607497, -0.16387018639095333], [0.11736106320314132, -0.11439579614639919, 0.017607495221991166], [-0.11484266382670433, -0.11821431571931053, -0.0025650232619661775]]	0.46268670644966037	1.0275338642352	[[0.06392327598677289, -0.015694084277969686, 0.00041447812344212395], [0.6348852788635957, -0.6370133201809182, 0.038972642093954624], [0.010163791950786004, -0.013253504131420164, 0.0260066262101553]]	[[0.02348063860177579, 0.01361432042621424, 0.4603975200068094], [0.30545318361928764, -0.31590471922679614, -0.010451535607508432], [0.33252674892556777, 0.3185736679510004, 0.033206637563812556]]	0.801557844624471	[[0.0, 0.0, -0.94400656], [0.0, -1.0, 0.0], [-0.94400656, 0.0, 0.0]]
2	[[0.04673222253661188, -0.9725397674033924, -0.22799671093185395], [-0.8377629715199755, -0.16246744520517667, 0.5213036857710898], [-0.5440306084466285, 0.16664552219444034, -0.8223502702654952]]	0.18225155232227094	0.8177484476777289	[[0.008517020100767304, -0.17724688230440855, -0.04155275449170247], [-0.15268360203763404, -0.02960994409047693, 0.09500840596310246], [-0.09915042290022762, 0.03037140510749221, -0.14987461330852556]]	0.47825240456507656	0.893002349427043	[[-0.07109362232021917, -0.5923447296152012, 0.11407015847420203], [-0.301475704341777, -0.20114149221627234, 0.0014399124136754472], [0.08162094347677082, 0.07969862169949393, -0.5254399461960645]]	[[-0.09344342011902405, -0.1272252473193684, 0.22311013371028984], [0.09918645124323504, -0.12344104588335174, -0.24787482881498532], [0.34180489012337256, 0.0, -0.13214895204685073]]	0.8738763559681347	[[0.6675134400605856, -0.6675134400605854, 0.0], [-0.7071067811865475, -0.7071067811865476, 0.0], [0.0, 0.0, -0.94400656]]
2	[[-0.3195682178843842, -0.5708200961323295, -0.7563336379995778], [0.910087742671785, 0.03735879733279218, -0.41272826520656647], [0.2638493031197415, -0.8202248094963509, 0.507557688474819]]	0.1210930533888893	0.8789069466111106	[[-0.03869749126966596, -0.06912234837640314, -0.09158674960609572], [0.11020530361192823, 0.004523890839964514, -0.04997852585376242], [0.031950317749300086, -0.09932352664723318, 0.06146171026842249]]	0.3772303721155375	1.080880023726336	[[-0.19827562378198357, -0.2930554633081838, 0.19266714784497324], [0.5434663091396844, -0.07922953055926756, -0.15569363706647332], [0.26535371800489804, -0.04274263974387467, 0.0815467291528188]]	[[-0.0777247860331582, -0.07772478603315819, 0.47797916755105224], [0.20015357131381745, -0.09332240357890573, 0.0], [0.1658217472066127, 0.26667107036082965, -0.10991944654063923]]	0.9864010156423233	[[1.8849305775394372e-16, -0.94400656, 0.0], [1.0, 1.7938038903913487e-16, 0.0], [0.0, 0.0, 0.94400656]]
2	[[0.8592155572171323, 0.2624339665249735, -0.4391776855101157], [-0.4266000482917053, 0.8413623931712975, -0.33184593135155627], [0.2824199444684594, 0.4724804086637203, 0.8348660002631537]]	0.1753939230934061	0.8246060769065939	[[0.15070118736319976, 0.04602932294177875, -0.07702909719670134], [-0.07482305606171867, 0.1475698508815707, -0.05820375976233457], [0.04953474202014499, 0.08287019246030565, 0.14643042304345513]]	0.0	0.688530859762591	[[0.6870249486008495, 0.6870249486008494, 0.0], [-0.7071067811865474, 0.7071067811865475, 0.0], [0.0, 0.0, 0.9715999999999999]]	[[0.6870249486008495, 0.6870249486008494, 0.0], [-0.7071067811865474, 0.7071067811865475, 0.0], [0.0, 0.0, 0.9715999999999998]]	0.688530859762591	[[0.6870249486008496, 0.6870249486008495, 0.0], [-0.7071067811865475, 0.7071067811865476, 0.0], [0.0, 0.0, 0.9716]]
