2	[[0.3802729664721569, 0.7767473726770865, -0.5020517802076895], [0.4287143634067757, 0.332951791095048, 0.839849450446521], [0.8195098935212374, -0.5346088512602871, -0.20639019011321075]]	0.128355632959709	0.8716443670402915	[[0.048810177308999905, 0.09969990066975842, -0.06444117402710664], [0.05502790347399543, 0.0427362378910737, 0.10779940780292696], [0.10518871109966216, -0.06862005748937708, -0.02649134348865584]]	0.4258686357179667	0.9454281176443806	[[0.14316536652407338, 0.3211975725560104, 0.1365460729414021], [0.28482443013872116, -0.2641784559422081, 0.3278526876182663], [0.6168060506607784, 0.0, -0.06133481623037987]]	[[-0.018780962907848205, -0.009594771343495446, 0.3503541796382273], [0.10224842908198098, -0.4059721809757097, -0.029812852051877666], [0.2678024903495128, 0.22767314212896786, 0.026560292458704976]]	1.0000000000000007	[[0.0, 0.0, 0.0], [0.0, 0.0, 0.0], [0.0, 0.0, 0.0]]
2	[[-0.42203838922340475, -0.825029846081567, 0.3757783270710803], [0.2588054115689476, 0.28760896992378115, 0.9221175843470338], [-0.8688517462515349, 0.4864224845687207, 0.09214016247897017]]	0.11013116609280649	0.8898688339071937	[[-0.04647957994110333, -0.09086149901033161, 0.04138490535274214], [0.028502541767216907, 0.03167471123645695, 0.10155388483882068], [-0.09568765597645279, 0.053570275439313385, 0.010147503537789641]]	0.3527050283543809	1.147296645530067	[[-0.2363925602929383, -0.48003316060453916, 0.3079627983680377], [0.18325289353939872, 0.009103639816122881, 0.034649427703769976], [0.1858472535174309, 0.17156365621201908, -0.09129841862907756]]	[[-0.08753749825526014, -0.1890409853491295, 0.1754238928634704], [0.09197092351370584, -0.09233749007581865, -0.2905860810294238], [0.49229563331483184, 0.0, -0.12379671724880002]]	1.0000000000000002	[[0.0, 0.0, 0.0], [0.0, 0.0, 0.0], [0.0, 0.0, 0.0]]
2	[[0.5319609947059123, -0.8460851799387872, 0.03402011756955908], [-0.703274286200726, -0.4190807785627857, 0.5742617690636116], [-0.47161719485230363, -0.3294103357928521, -0.8179645788128509]]	0.1576606071863335	0.8423393928136665	[[0.08386929342478007, -0.13339430320050744, 0.005363632392567139], [-0.11087865098094178, -0.06607253000833016, 0.09053845919446704], [-0.07435545329992954, -0.05193503355455508, -0.1289607921525476]]	0.47341595258589303	0.8137171727288925	[[0.28330840095513105, -0.5466283516908486, 0.23630073896538442], [-0.3762719064407502, -0.4628099897167389, 0.008930859696093257], [0.1607129604132969, -0.15594810791101205, -0.35903070466747466]]	[[0.03146957990789229, -0.14607813026132088, 0.22019507259910748], [-0.04333064030986941, -0.26441046372300003, -0.26293382273881655], [0.383984063970187, 0.0, 0.028206775592729834]]	0.6600881346511698	[[0.6730209533578914, -0.6730209533578912, 0.0], [-0.7071067811865475, -0.7071067811865476, 0.0], [0.0, 0.0, -0.9517953600000001]]
2	[[-0.3195682178843842, -0.5708200961323295, -0.7563336379995778], [0.910087742671785, 0.03735879733279218, -0.41272826520656647], [0.2638493031197415, -0.8202248094963509, 0.507557688474819]]	0.12173213777068033	0.8782678622293194	[[-0.03890172232663264, -0.06948715058465373, -0.0920701106215644], [0.1107869264743292, 0.0045477662638623954, -0.05024229404197964], [0.03211893971807038, -0.09984771951253982, 0.061786082459984716]]	0.37877197310723276	1.0991591493986868	[[-0.04235588629333924, -0.2948982522383936, 0.19352290062998162], [0.5440044399160582, -0.24492665832767527, -0.1563298993694164], [0.267839527234373, -0.04230850194171691, 0.08096755865331534]]	[[0.07868759813709099, -0.07868759813709097, 0.48000088502245314], [0.19928870992355857, -0.2590771237063303, 0.0], [0.1679008060887402, 0.26836966754272, -0.11128106847603796]]	0.9889316563738821	[[1.900482744128554e-16, -0.9517953600000001, 0.0], [1.0, 1.7938038903913487e-16, 0.0], [0.0, 0.0, 0.9517953600000001]]
2	[[0.22433838825039393, -0.7661379269479729, -0.6022499185961573], [-0.9416906372873723, -0.011392912655017143, -0.3362869982418849], [0.2507808429735371, 0.642575192824231, -0.724020780340167]]	0.14906304483920765	0.8509369551607926	[[0.03344056322692403, -0.11420285215766328, -0.08977320662010811], [-0.14037127369062968, -0.0016982622499439742, -0.050127963897772625], [0.037382156040978665, 0.09578421478052085, -0.10792474204436445]]	0.4205027895150431	0.8479067952036069	[[0.1681741458518326, -0.32475675077541544, 0.11745770479387624], [-0.4829096340176585, -0.2839102490438358, -0.141409620838353], [0.29727945882820483, 0.03719673701911166, -0.3324443520481484]]	[[0.07383922779723318, -0.0025936153405206053, 0.37070547554876804], [-0.08692609417811965, -0.27911949749169984, 0.0], [0.19182541480089843, -0.23300792403664422, -0.027991594248249804]]	0.9531205943142057	[[0.6730209533578914, -0.6730209533578912, 0.0], [-0.7071067811865475, -0.7071067811865476, 0.0], [0.0, 0.0, -0.9517953600000001]]
2	[[0.8489524140446696, -0.5135124485683378, 0.12483895166604869], [0.522794976890395, 0.7815435453534784, -0.34040431673891397], [0.0772347773085365, 0.35425224329800037, 0.9319550081910795]]	0.21950786360878294	0.780492136391217	[[0.18635173071246441, -0.11272002052175085, 0.027403131575374468], [0.11475760848261367, 0.1715549539577761, -0.07472142433056649], [0.016953640963296962, 0.07776115310496286, 0.20457145282752967]]	0.0	0.43472689927638436	[[0.6898533757255959, -0.6898533757255958, 0.0], [0.7071067811865476, 0.7071067811865477, 0.0], [0.0, 0.0, 0.9756000000000005]]	[[0.6898533757255959, -0.6898533757255958, 0.0], [0.7071067811865476, 0.7071067811865477, 0.0], [0.0, 0.0, 0.9756000000000002]]	0.43472689927638425	[[0.6898533757255958, -0.6898533757255957, 0.0], [0.7071067811865475, 0.7071067811865476, 0.0], [0.0, 0.0, 0.9756]]
2	[[-0.30792515101507295, 0.09349718223056193, 0.9468053539599837], [0.3027085282091916, -0.9338174967034747, 0.1906631317268273], [0.9019698710720718, 0.34531602882779927, 0.2592434992682147]]	0.6107252969457431	0.38927470305425715	[[-0.18805767929074318, 0.057101094381350186, 0.5782379809470304], [0.18487175577856735, -0.5703059679673599, 0.11644279774047193], [0.5508558173466045, 0.21089323424598247, 0.15832656307183393]]	0.8107921841510697	0.27745872047441605	[[-0.12254814343384812, 0.14713630958886, 0.7769989846344243], [0.294159384466494, -0.8141226739546329, 0.15458817700987743], [0.7219735180737012, 0.2799795372356651, 0.12254814343384812]]	[[0.1271151623127108, 0.07132952499617216, 0.009336603731282565], [0.048725675718607885, -0.056990746203938375, 0.0], [-0.009336603731282565, 0.0, -0.08764445956479391]]	0.4702101659288502	[[0.0, 0.0, 0.9756], [0.0, -1.0, 0.0], [0.9756, 0.0, 0.0]]
2	[[0.08740825448676931, -0.06334395238859675, -0.994156597696443], [0.7119981850616444, -0.6940087028176986, 0.10681996481098455], [-0.6967197295301035, -0.717174639895393, -0.015561310176609944]]	0.16613742237212223	0.8338625776278779	[[0.014521782094478335, -0.010523800972703893, -0.16516661457552595], [0.11828954319977086, -0.11530081698995262, 0.017746793611577775], [-0.11575121997993362, -0.11914954606287557, -0.0025853159614750605]]	0.46458671951033326	1.0278848221884382	[[0.06432243661049836, -0.015778728953073112, 0.0005215475169268284], [0.6348526624901888, -0.6370683661510089, 0.039053758827520484], [0.010390950887562204, -0.013344338972674369, 0.02630668978671405]]	[[0.02371372240036581, 0.013650030087963791, 0.46239349992027146], [0.30406776139508834, -0.3146411395973125, -0.010573378202224069], [0.33407768444807967, 0.31984547429233084, 0.03353626783294799]]	0.7991023722287706	[[0.0, 0.0, -0.9517953600000001], [0.0, -1.0, 0.0], [-0.9517953600000001, 0.0, 0.0]]
2	[[0.8787972042104137, -0.3840163418041313, 0.28327887866788265], [-0.395223040501579, -0.9183905790867732, -0.018907472103605397], [0.2674214316928388, -0.09534250611366366, -0.9588511794847616]]	0.62813498414591	0.37186501585409004	[[0.5520032679341783, -0.24121409877090833, 0.17793737396092163], [-0.24825341827955763, -0.5768732518344234, -0.01187644469003741], [0.1679767567566578, -0.059887963566137445, -0.6022879704239479]]	0.8374015374997718	0.2995292703497233	[[0.6094934248634499, -0.26535910783613315, 0.24399295906639135], [-0.3461822617758598, -0.8491172121400961, -0.015833146209793203], [0.21716432753127826, -0.07983996120866334, -0.7122582256717814]]	[[-0.12641270509285155, 0.056216767215684235, 0.006774790528695113], [-0.015221880004503075, -0.08005552918752631, 0.0], [-0.006774790528695113, 0.0, 0.09068522626222746]]	0.47803738700668386	[[0.6730209533578914, -0.6730209533578912, 0.0], [-0.7071067811865475, -0.7071067811865476, 0.0], [0.0, 0.0, -0.9517953600000001]]
2	[[0.034229894132735264, 0.2773841392786001, 0.9601491309293217], [-0.1827544195208179, -0.9427759796974285, 0.2788803941677556], [0.9825625356654255, -0.18501754344446375, 0.018422055382213542]]	0.8236421762181885	0.17635782378181167	[[0.028193184495204273, 0.22846527612383527, 0.7908193196926288], [-0.15052424780761822, -0.7765100596042249, 0.22969765475691645], [0.8092799451459326, -0.15238825212114135, 0.015173181785418351]]	0.9130881369797899	0.12827854915027548	[[0.0, 0.24236743531583452, 0.8606603397849186], [-0.17749332593119876, -0.82100353000368, 0.2546423795508254], [0.8910760877568471, -0.1689373240522827, 0.0]]	[[-0.031254910262674684, -0.010908731645804963, -0.016040441398099722], [-0.01062243348611225, 0.039834032887541226, 0.0], [-0.006090107400034351, 0.0, -0.016820960228283888]]	0.3487401246356555	[[0.0, 0.0, 0.9756], [0.0, -1.0, 0.0], [0.9756, 0.0, 0.0]]
2	[[-0.8305561570912853, 0.32773595720904825, 0.4502950280316503], [-0.5100865793185324, -0.772219296347621, -0.37879947194723407], [0.22358030216652452, -0.5443036842615101, 0.808545204538665]]	0.19577411101477019	0.8042258889852296	[[-0.16260139330239018, 0.06416221567017619, 0.08815610880726737], [-0.09986174660665077, -0.1511805462509069, -0.07415912987333412], [0.04377123489706505, -0.1065605699083613, 0.15829221863381268]]	0.5395506555957851	0.6373547063174528	[[-0.40926069017541056, 0.16875561695811603, 0.426405874193705], [-0.3503624718009813, -0.5984486369708277, -0.06418032460930746], [0.3447091884355218, -0.2583197819247716, 0.28570176860823693]]	[[0.038866428892308194, -0.008074533616338076, 0.18344889660770566], [-0.07514492351905566, -0.18179720936275298, 0.14020117881915983], [0.2240762898232697, 0.03535962776172734, -0.15054932657942782]]	0.6804118709659753	[[-0.6730209533578914, 0.6730209533578912, 0.0], [-0.7071067811865475, -0.7071067811865476, 0.0], [0.0, 0.0, 0.9517953600000001]]
2	[[0.8592155572171323, 0.2624339665249735, -0.4391776855101157], [-0.4266000482917053, 0.8413623931712975, -0.33184593135155627], [0.2824199444684594, 0.4724804086637203, 0.8348660002631537]]	0.17620628413950296	0.8237937158604971	[[0.15139918061208338, 0.04624251407335632, -0.07738586804072475], [-0.07516960932321388, 0.14825334091543388, -0.05847333847027033], [0.04976416898167199, 0.08325401713934798, 0.14710863566077964]]	0.0	0.6886079531792411	[[0.6898533757255956, 0.6898533757255956, 0.0], [-0.7071067811865474, 0.7071067811865474, 0.0], [0.0, 0.0, 0.9755999999999997]]	[[0.6898533757255957, 0.6898533757255956, 0.0], [-0.7071067811865474, 0.7071067811865475, 0.0], [0.0, 0.0, 0.9755999999999997]]	0.6886079531792412	[[0.6898533757255958, 0.6898533757255957, 0.0], [-0.7071067811865475, 0.7071067811865476, 0.0], [0.0, 0.0, 0.9756]]
2	[[0.04673222253661188, -0.9725397674033924, -0.22799671093185395], [-0.8377629715199755, -0.16246744520517667, 0.5213036857710898], [-0.5440306084466285, 0.16664552219444034, -0.8223502702654952]]	0.1829026233406362	0.8170973766593637	[[0.008547446096484702, -0.17788007476117262, -0.04170119654247279], [-0.1532290452286502, -0.029715721935477897, 0.095347811684675], [-0.09950462546249082, 0.03047990317733335, -0.15041002173644027]]	0.4797453271648918	0.8945573708407915	[[-0.07277344488094427, -0.5954075928157772, 0.1154002044482535], [-0.30174912080919153, -0.20198148378845754, 0.002455876806942547], [0.08325312366561205, 0.07994741056573602, -0.5291419456209047]]	[[-0.0951930102709137, -0.12883618392196886, 0.22478056112677502], [0.10016375004929101, -0.12403848613485598, -0.24763713047557287], [0.3442492659025551, 0.0, -0.13462324616824745]]	0.8726427542836435	[[0.6730209533578914, -0.6730209533578912, 0.0], [-0.7071067811865475, -0.7071067811865476, 0.0], [0.0, 0.0, -0.9517953600000001]]
2	[[-0.5446221603179724, 0.8109226453022452, -0.2139887049042392], [-0.8354447797583356, -0.5021691245819775, 0.22328947644507607], [0.07361197229480154, 0.30038414347728, 0.9509735242804028]]	0.24952471485160632	0.7504752851483937	[[-0.13589668925520787, 0.2023452418357531, -0.05339547057269481], [-0.20846412044346183, -0.1253036076185987, 0.055716242939322085], [0.018368006396524694, 0.07495326774711229, 0.23729139747749464]]	0.6073650786247227	0.5841288209910939	[[-0.25848078511628486, 0.54422839633741, 0.14184140635526774], [-0.6139212077661216, -0.5138844151803169, 0.13561823041713683], [0.19157093101489805, 0.009023109558794856, 0.5044700153163005]]	[[0.0723036961060067, 0.051702300114843655, 0.2718106729342336], [-0.10650122342158588, -0.208884425345676, 0.0], [0.146861589674345, -0.17341972936190328, -0.07311809402829594]]	0.3944072993814832	[[-0.6730209533578914, 0.6730209533578912, 0.0], [-0.7071067811865475, -0.7071067811865476, 0.0], [0.0, 0.0, 0.9517953600000001]]
