2	[[-0.3195682178843842, -0.5708200961323295, -0.7563336379995778], [0.910087742671785, 0.03735879733279218, -0.41272826520656647], [0.2638493031197415, -0.8202248094963509, 0.507557688474819]]	0.1182358026587284	0.8817641973412716	[[-0.03778440474577955, -0.0674913722399385, -0.08942571476667621], [0.10760495474466877, 0.00441714738900743, -0.04879925771664292], [0.031196434135308745, -0.09697993871140365, 0.060011490692429045]]	0.37029230970707505	1.0758314014015846	[[-0.1918535656129826, -0.28489020392765524, 0.18882938646691955], [0.541044421160559, -0.07764756114515543, -0.15283010260473373], [0.2544449114258755, -0.04457541823034718, 0.08397185197353549]]	[[-0.07351991210360023, -0.07351991210360022, 0.468893916190938], [0.20404592889052553, -0.09148123649739366, 0.0], [0.15674354355906422, 0.25914752095710225, -0.1039728568013893]]	0.9758963999868746	[[1.816498249118858e-16, -0.9097344399999999, 0.0], [1.0, 1.7938038903913487e-16, 0.0], [0.0, 0.0, 0.9097344399999999]]
2	[[0.034229894132735264, 0.2773841392786001, 0.9601491309293217], [-0.1827544195208179, -0.9427759796974285, 0.2788803941677556], [0.9825625356654255, -0.18501754344446375, 0.018422055382213542]]	0.8118700200056321	0.1881299799943679	[[0.02779022483433445, 0.22519986670536213, 0.7795162941359787], [-0.14837283423248407, -0.7654115534977808, 0.22641463119215433], [0.7977130654874737, -0.15021019669764968, 0.014956314471702571]]	0.894665005539768	0.1547939399035646	[[0.0, 0.22698286332482964, 0.8328930136408409], [-0.18195279221340177, -0.8212845258054466, 0.24950452939302778], [0.8583481526359705, -0.1655287215306954, 0.0]]	[[-0.03062428842388927, -0.021183019179502913, -0.02611881390104424], [-0.018448808460392117, 0.0221841512933137, 0.0], [-0.02071616377830598, 0.0, -0.01648156828058199]]	0.35834951513633223	[[0.0, 0.0, 0.9538], [0.0, -1.0, 0.0], [0.9538, 0.0, 0.0]]
2	[[0.8787972042104137, -0.3840163418041313, 0.28327887866788265], [-0.395223040501579, -0.9183905790867732, -0.018907472103605397], [0.2674214316928388, -0.09534250611366366, -0.9588511794847616]]	0.5953448940818703	0.4046551059181297	[[0.5231874284600926, -0.22862216833708784, 0.1686486340161616], [-0.2352940191861273, -0.5467591420322024, -0.011256466976876872], [0.15920798392639518, -0.056761674203739156, -0.570847153890632]]	0.8206122595761943	0.32529407214517997	[[0.5866116254810075, -0.2541035869031159, 0.23923624060306956], [-0.3477029221545801, -0.8466504769845722, -0.01551570340581349], [0.21267518543135355, -0.07823922937559065, -0.6832525947065805]]	[[-0.13454013397534245, 0.06102493105895641, 0.006774119889207789], [-0.0233780498520056, -0.09300790870668546, 0.0], [-0.006774119889207789, 0.0, 0.10359243828770906]]	0.48906353511168044	[[0.6432793916029463, -0.6432793916029462, 0.0], [-0.7071067811865475, -0.7071067811865476, 0.0], [0.0, 0.0, -0.9097344399999999]]
2	[[0.8592155572171323, 0.2624339665249735, -0.4391776855101157], [-0.4266000482917053, 0.8413623931712975, -0.33184593135155627], [0.2824199444684594, 0.4724804086637203, 0.8348660002631537]]	0.171752098674308	0.8282479013256921	[[0.14757207516565737, 0.04507358451408728, -0.07542968917728758], [-0.07326945358866148, 0.14450575677280872, -0.05699523514616012], [0.04850621816993943, 0.08114950177048866, 0.14338998765702202]]	0.0	0.6884261101908703	[[0.674438447895729, 0.6744384478957289, 0.0], [-0.7071067811865475, 0.7071067811865476, 0.0], [0.0, 0.0, 0.9538]]	[[0.674438447895729, 0.6744384478957289, 0.0], [-0.7071067811865475, 0.7071067811865476, 0.0], [0.0, 0.0, 0.9538]]	0.6884261101908703	[[0.674438447895729, 0.6744384478957289, 0.0], [-0.7071067811865475, 0.7071067811865476, 0.0], [0.0, 0.0, 0.9538]]
2	[[0.8489524140446696, -0.5135124485683378, 0.12483895166604869], [0.522794976890395, 0.7815435453534784, -0.34040431673891397], [0.0772347773085365, 0.35425224329800037, 0.9319550081910795]]	0.21518880743356814	0.7848111925664317	[[0.18268505754612124, -0.1105021314097121, 0.026863945130273875], [0.11249962760930392, 0.16817942348201773, -0.07325119896428549], [0.016620059621421185, 0.07623111776596293, 0.20054628679437964]]	0.0	0.44214461636981817	[[0.674438447895729, -0.6744384478957289, 0.0], [0.7071067811865475, 0.7071067811865476, 0.0], [0.0, 0.0, 0.9538]]	[[0.674438447895729, -0.6744384478957289, 0.0], [0.7071067811865475, 0.7071067811865476, 0.0], [0.0, 0.0, 0.9538]]	0.44214461636981817	[[0.674438447895729, -0.6744384478957289, 0.0], [0.7071067811865475, 0.7071067811865476, 0.0], [0.0, 0.0, 0.9538]]
2	[[0.22433838825039393, -0.7661379269479729, -0.6022499185961573], [-0.9416906372873723, -0.011392912655017143, -0.3362869982418849], [0.2507808429735371, 0.642575192824231, -0.724020780340167]]	0.14456544946858163	0.8554345505314184	[[0.032431579930475365, -0.1107570737641611, -0.08706453017427013], [-0.13613593023980414, -0.001647021538728824, -0.04861548105127822], [0.036254245282579214, 0.09289417156799547, -0.10466838953446948]]	0.4111002528568867	0.8467479590823268	[[0.16488820259249512, -0.3158682525664196, 0.11182541320614944], [-0.47359006905734374, -0.2862884316981972, -0.1382476700097223], [0.28661902073619894, 0.03927242173339196, -0.32683421746657837]]	[[0.07266263445725177, -0.0009087570748569779, 0.3594105070240691], [-0.08646080995554227, -0.28160480242494335, 0.0], [0.18352295277811467, -0.22489040251621215, -0.029189091595095293]]	0.957379875657445	[[0.6432793916029463, -0.6432793916029462, 0.0], [-0.7071067811865475, -0.7071067811865476, 0.0], [0.0, 0.0, -0.9097344399999999]]
2	[[-0.8305561570912853, 0.32773595720904825, 0.4502950280316503], [-0.5100865793185324, -0.772219296347621, -0.37879947194723407], [0.22358030216652452, -0.5443036842615101, 0.808545204538665]]	0.19040477369083675	0.809595226309163	[[-0.15814185712849727, 0.06240249076273859, 0.08573832290647536], [-0.09712291969787822, -0.1470342403607659, -0.07212522773032157], [0.04257075683574603, -0.1036380198209015, 0.15395086668899585]]	0.5291140760059443	0.6496032451169655	[[-0.39262016867789107, 0.1576902121791633, 0.41394276903423216], [-0.3521487092361138, -0.6012863179689134, -0.06121548689308522], [0.3320804001725044, -0.2533230778419803, 0.27404720232683594]]	[[0.046838784952512286, -0.015719495993425963, 0.17568533134719472], [-0.08225472013695573, -0.19269421850798152, 0.13921264569781513], [0.21378091517853395, 0.03467566312267985, -0.153765446481677]]	0.681051613737602	[[-0.6432793916029463, 0.6432793916029462, 0.0], [-0.7071067811865475, -0.7071067811865476, 0.0], [0.0, 0.0, 0.9097344399999999]]
2	[[-0.30792515101507295, 0.09349718223056193, 0.9468053539599837], [0.3027085282091916, -0.9338174967034747, 0.1906631317268273], [0.9019698710720718, 0.34531602882779927, 0.2592434992682147]]	0.5782633059717138	0.42173669402828645	[[-0.1780618158178153, 0.05406598969568451, 0.5475027940926187], [0.17504523426807897, -0.5399923928179812, 0.11025349287927551], [0.5215760795330168, 0.19968358843498685, 0.14991100293851345]]	0.7935516493687252	0.2981575284539849	[[-0.10679108684297717, 0.13764376931173597, 0.7617950209636892], [0.3012154890274995, -0.8125615153788134, 0.15130104265563035], [0.7053036081725347, 0.27402610422975837, 0.10679108684297717]]	[[0.1375634246271478, 0.06344892614134524, 0.010456070697604479], [0.061000637189116205, -0.07152910066039667, 0.0], [-0.010456070697604479, 0.0, -0.09893201958943453]]	0.4744948540918805	[[0.0, 0.0, 0.9538], [0.0, -1.0, 0.0], [0.9538, 0.0, 0.0]]
2	[[0.04673222253661188, -0.9725397674033924, -0.22799671093185395], [-0.8377629715199755, -0.16246744520517667, 0.5213036857710898], [-0.5440306084466285, 0.16664552219444034, -0.8223502702654952]]	0.17930996693965906	0.8206900330603407	[[0.008379553278056659, -0.17438607354060603, -0.04088208269954173], [-0.15021925072651732, -0.029132032228511122, 0.09347494666113652], [-0.09755011041472761, 0.029881203075327323, -0.14745559977412565]]	0.4710295450534765	0.8839147427406853	[[-0.06386796251641175, -0.5762727372975799, 0.1069512761036401], [-0.30287260695818974, -0.19567770406816642, 0.0], [0.07562597258943866, 0.07562597258943865, -0.5088042455939108]]	[[-0.08588022003716982, -0.1181777731111461, 0.21434446312756023], [0.0917385043795128, -0.11915073726717144, -0.24554943794345688], [0.3318804625812201, -0.0028689919150076053, -0.12145297191615119]]	0.8797221583627645	[[0.6432793916029463, -0.6432793916029462, 0.0], [-0.7071067811865475, -0.7071067811865476, 0.0], [0.0, 0.0, -0.9097344399999999]]
2	[[0.5319609947059123, -0.8460851799387872, 0.03402011756955908], [-0.703274286200726, -0.4190807785627857, 0.5742617690636116], [-0.47161719485230363, -0.3294103357928521, -0.8179645788128509]]	0.15368955499020068	0.8463104450097994	[[0.08175684854849616, -0.1300344547885961, 0.005228536729979846], [-0.10808591208224061, -0.06440833836226134, 0.08825803573527186], [-0.07248263680257733, -0.05062692791717601, -0.12571261211549395]]	0.4654008520729557	0.8225493614732127	[[0.27717052650934915, -0.5255184062566629, 0.2307812348496805], [-0.3816731522726078, -0.4638483031177314, 0.003007246607633474], [0.1459414535001901, -0.15330785095963181, -0.3434791598434632]]	[[0.029595426303640513, -0.13174964258685118, 0.21494824314518557], [-0.054368700233790285, -0.2688077516872134, -0.26425467002749425], [0.3654324978367094, 0.0, 0.03720225210153374]]	0.6753306101864555	[[0.6432793916029463, -0.6432793916029462, 0.0], [-0.7071067811865475, -0.7071067811865476, 0.0], [0.0, 0.0, -0.9097344399999999]]
2	[[-0.42203838922340475, -0.825029846081567, 0.3757783270710803], [0.2588054115689476, 0.28760896992378115, 0.9221175843470338], [-0.8688517462515349, 0.4864224845687207, 0.09214016247897017]]	0.10822939584158378	0.8917706041584162	[[-0.045676959887604306, -0.08929248179268288, 0.0406702613092641], [0.028010353334639623, 0.031127745053471094, 0.09980022904878015], [-0.09403529957270873, 0.05264521162863474, 0.00997227411784432]]	0.3460033584159553	1.1385552270902948	[[-0.23217266396083788, -0.463930521029268, 0.29571931384542627], [0.18424106984550379, 0.012067505819509858, 0.028186956284823997], [0.1725088558208191, 0.1683038132698106, -0.08994798484120826]]	[[-0.08614596390907976, -0.17846742349164713, 0.16569875065890316], [0.09469352826642438, -0.08744616368467195, -0.29086882475365766], [0.47313447798941766, 0.0, -0.12182879050392376]]	1.0000000000000002	[[0.0, 0.0, 0.0], [0.0, 0.0, 0.0], [0.0, 0.0, 0.0]]
2	[[0.3802729664721569, 0.7767473726770865, -0.5020517802076895], [0.4287143634067757, 0.332951791095048, 0.839849450446521], [0.8195098935212374, -0.5346088512602871, -0.20639019011321075]]	0.12630196405617808	0.8736980359438223	[[0.04802922254290258, 0.09810471874459213, -0.06341012589813182], [0.05414746611736987, 0.042052465151326865, 0.10607463510289741], [0.10350570911520167, -0.06752214791599145, -0.026067486373226506]]	0.41725843044230854	0.8666746305064217	[[0.027308749328659145, 0.31590594990241005, 0.12641559285817627], [0.279690691636038, -0.1421837647864931, 0.3279746978852431], [0.5939130134901831, 0.0, -0.06881683994824403]]	[[-0.13136335180115372, -0.008198439671017941, 0.33590093066840365], [0.10080600925285331, -0.2811107065517682, -0.02245956561590769], [0.25196560158756814, 0.223070050177433, 0.0173012068370839]]	1.0000000000000007	[[0.0, 0.0, 0.0], [0.0, 0.0, 0.0], [0.0, 0.0, 0.0]]
2	[[-0.5446221603179724, 0.8109226453022452, -0.2139887049042392], [-0.8354447797583356, -0.5021691245819775, 0.22328947644507607], [0.07361197229480154, 0.30038414347728, 0.9509735242804028]]	0.24270235403794324	0.7572976459620567	[[-0.132181080370402, 0.196812834957531, -0.051935562417789655], [-0.2027644147160591, -0.12187762866121907, 0.05419288156511985], [0.017865798961324203, 0.07290393873760714, 0.23080351297061297]]	0.5998545130352797	0.580877589306302	[[-0.3705298556645144, 0.5346493980893184, 0.13843735181186229], [-0.6107473686966983, -0.38424547092123784, 0.13394120015886363], [0.18405160398443787, 0.011728376486913347, 0.502261165196031]]	[[-0.04383579489875516, 0.04821378958225926, 0.2667994421872449], [-0.10960204716689544, -0.08301705523376302, 0.0], [0.13989513018997318, -0.16845840762217001, -0.0681845951206337]]	0.4092303289229304	[[-0.6432793916029463, 0.6432793916029462, 0.0], [-0.7071067811865475, -0.7071067811865476, 0.0], [0.0, 0.0, 0.9097344399999999]]
2	[[0.08740825448676931, -0.06334395238859675, -0.994156597696443], [0.7119981850616444, -0.6940087028176986, 0.10681996481098455], [-0.6967197295301035, -0.717174639895393, -0.015561310176609944]]	0.15908490342318254	0.8409150965768175	[[0.013905333723416693, -0.010077066548182577, -0.1581553063320584], [0.11326816250801292, -0.11040630746260181, 0.016993443785623234], [-0.11083759088532245, -0.11409165832531432, -0.00247556952658419]]	0.4541365199556801	1.0260038724479639	[[0.06215420318853076, -0.015317194038418538, -4.638766804919772e-05], [0.635032054736434, -0.6367656096152596, 0.03860761134015301], [0.009178434966535982, -0.012851981767369887, 0.02469475380150779]]	[[0.022458922680508836, 0.013449608059577078, 0.4514364299007925], [0.3116876767577786, -0.32159091249867433, -0.009903235740895721], [0.3255843083197999, 0.31284321339519194, 0.031761713051064296]]	0.8125725567685166	[[0.0, 0.0, -0.9097344399999999], [0.0, -1.0, 0.0], [-0.9097344399999999, 0.0, 0.0]]
