2	[[-0.5446221603179724, 0.8109226453022452, -0.2139887049042392], [-0.8354447797583356, -0.5021691245819775, 0.22328947644507607], [0.07361197229480154, 0.30038414347728, 0.9509735242804028]]	0.22957594641164575	0.7704240535883543	[[-0.12503214789175354, 0.18616833376189829, -0.04912665944979312], [-0.19179802598768877, -0.11528595203461516, 0.05126189287863922], [0.01689953820680691, 0.06896097402584814, 0.2183206468490917]]	0.5845940789527855	0.5802764214229877	[[-0.3279261731915595, 0.5159232797485128, 0.13194765848137582], [-0.6042985651637846, -0.4098109027035109, 0.13053370582225893], [0.1701057855861315, 0.016496382561603514, 0.49673068945507715]]	[[-0.009543283003198158, 0.04186270281609032, 0.257044188331169], [-0.1159024936250476, -0.11624580583998317, 0.0], [0.12707266244255405, -0.15910640912651836, -0.0592028020801093]]	0.44199662853899535	[[-0.5883898034492718, 0.5883898034492717, 0.0], [-0.7071067811865475, -0.7071067811865476, 0.0], [0.0, 0.0, 0.8321088399999998]]
2	[[0.8787972042104137, -0.3840163418041313, 0.28327887866788265], [-0.395223040501579, -0.9183905790867732, -0.018907472103605397], [0.2674214316928388, -0.09534250611366366, -0.9588511794847616]]	0.5391956270437699	0.4608043729562301	[[0.47384360956854604, -0.2070599322141332, 0.15274273261158502], [-0.21310253514539415, -0.4951921841617837, -0.0101948262767161], [0.14419246654656287, -0.05140826236788134, -0.5170083629639445]]	0.7876829011947711	0.37344946098535264	[[0.5439294180721077, -0.23343229417391428, 0.2298756515017846], [-0.3509431992186014, -0.8417909234913102, -0.0148930924808271], [0.20390156665200931, -0.07509966182279079, -0.6293983443981775]]	[[-0.14828411330220487, 0.06905081204456667, 0.006741722505465221], [-0.03963276805729917, -0.11839036772629478, 0.0], [-0.006741722505465221, 0.0, 0.12587233447240787]]	0.5138851786685016	[[0.9121999999999999, 0.0, 0.0], [0.0, -1.0, 0.0], [0.0, 0.0, -0.9121999999999999]]
2	[[0.8592155572171323, 0.2624339665249735, -0.4391776855101157], [-0.4266000482917053, 0.8413623931712975, -0.33184593135155627], [0.2824199444684594, 0.4724804086637203, 0.8348660002631537]]	0.1630733546845395	0.8369266453154605	[[0.14011516331254364, 0.04279598730439758, -0.07161817847872623], [-0.06956710098351492, 0.13720378795985594, -0.054115229263913676], [0.04605516777429304, 0.07704896526351504, 0.13614439937497608]]	0.0	0.6896700514643873	[[0.6450228057983686, 0.6450228057983686, 0.0], [-0.7071067811865475, 0.7071067811865476, 0.0], [0.0, 0.0, 0.9121999999999999]]	[[0.6450228057983686, 0.6450228057983686, 0.0], [-0.7071067811865475, 0.7071067811865476, 0.0], [0.0, 0.0, 0.9121999999999999]]	0.6896700514643873	[[0.6450228057983686, 0.6450228057983686, 0.0], [-0.7071067811865475, 0.7071067811865476, 0.0], [0.0, 0.0, 0.9121999999999999]]
2	[[0.04673222253661188, -0.9725397674033924, -0.22799671093185395], [-0.8377629715199755, -0.16246744520517667, 0.5213036857710898], [-0.5440306084466285, 0.16664552219444034, -0.8223502702654952]]	0.17215044069492344	0.8278495593050765	[[0.008044972704330952, -0.16742314955183238, -0.0392497342639117], [-0.1442212647450524, -0.027968842290649505, 0.08974265924138099], [-0.09365510899561441, 0.02868810008560855, -0.14156796143179434]]	0.4530563039467761	0.8611428758155294	[[-0.04801714469134458, -0.5366855083627211, 0.0899064797981039], [-0.3090872906791631, -0.18077709888632912, 0.0], [0.06357348153785061, 0.06357348153785061, -0.47041966467462876]]	[[-0.06918947270900018, -0.0960702359016827, 0.19320182696491117], [0.07046650478114526, -0.10717019864999645, -0.23617992110928152], [0.31004997823459596, -0.011926322816842973, -0.09784869067851118]]	0.8953690483467914	[[0.5883898034492718, -0.5883898034492717, 0.0], [-0.7071067811865475, -0.7071067811865476, 0.0], [0.0, 0.0, -0.8321088399999998]]
2	[[-0.30792515101507295, 0.09349718223056193, 0.9468053539599837], [0.3027085282091916, -0.9338174967034747, 0.1906631317268273], [0.9019698710720718, 0.34531602882779927, 0.2592434992682147]]	0.5210678810386338	0.4789321189613663	[[-0.16044990595792535, 0.048718378627961904, 0.4933498595439622], [0.15773169136628692, -0.48658230428408095, 0.09934843404108783], [0.46998752948021416, 0.17993309142997713, 0.1350834608367292]]	0.7599436139597042	0.33878290762240265	[[-0.07826621886137487, 0.12056693701772075, 0.7318613414640983], [0.31536825267426705, -0.809353451897932, 0.14489322937336033], [0.6731035844459277, 0.2624207109056112, 0.07826621886137487]]	[[0.1557395332301074, 0.04951435045837849, 0.012342659059351238], [0.0853268397705509, -0.09970480867428914, 0.0], [-0.012342659059351238, 0.0, -0.11874422286807221]]	0.48453167893112714	[[0.0, 0.0, 0.9121999999999999], [0.0, -1.0, 0.0], [0.9121999999999999, 0.0, 0.0]]
2	[[-0.3195682178843842, -0.5708200961323295, -0.7563336379995778], [0.910087742671785, 0.03735879733279218, -0.41272826520656647], [0.2638493031197415, -0.8202248094963509, 0.507557688474819]]	0.11147947853023396	0.8885205214697659	[[-0.035625298284587305, -0.06363472665141015, -0.08431567955906771], [0.10145610696980836, 0.004164739245176366, -0.04601073177991614], [0.029413782722354453, -0.09143823404021369, 0.056582266435183784]]	0.35358214418324196	1.065296957239062	[[-0.1771933613665257, -0.2660315392075011, 0.17967179168388386], [0.5352113590419469, -0.07383742378876434, -0.14593334497676752], [0.22992458263074206, -0.04822794693402702, 0.0886711847543332]]	[[-0.06419974567414774, -0.06419974567414773, 0.4470978611256865], [0.21342058359317057, -0.08704682745380032, 0.0], [0.13663218029240967, 0.2417888999199839, -0.09079215103328317]]	0.9559913177933831	[[1.661500526391332e-16, -0.8321088399999998, 0.0], [1.0, 1.7938038903913487e-16, 0.0], [0.0, 0.0, 0.8321088399999998]]
2	[[0.8489524140446696, -0.5135124485683378, 0.12483895166604869], [0.522794976890395, 0.7815435453534784, -0.34040431673891397], [0.0772347773085365, 0.35425224329800037, 0.9319550081910795]]	0.20641507000764484	0.7935849299923552	[[0.17523657197818956, -0.10599670802103055, 0.02576864094782841], [0.10791276175447595, 0.16132236562816124, -0.07026458087056744], [0.01594242196516643, 0.07312300160072198, 0.1923695582597369]]	0.0	0.45755858151765316	[[0.6450228057983685, -0.6450228057983685, 0.0], [0.7071067811865474, 0.7071067811865475, 0.0], [0.0, 0.0, 0.9121999999999998]]	[[0.6450228057983685, -0.6450228057983685, 0.0], [0.7071067811865474, 0.7071067811865475, 0.0], [0.0, 0.0, 0.9121999999999998]]	0.4575585815176532	[[0.6450228057983686, -0.6450228057983686, 0.0], [0.7071067811865475, 0.7071067811865476, 0.0], [0.0, 0.0, 0.9121999999999999]]
2	[[0.034229894132735264, 0.2773841392786001, 0.9601491309293217], [-0.1827544195208179, -0.9427759796974285, 0.2788803941677556], [0.9825625356654255, -0.18501754344446375, 0.018422055382213542]]	0.7300423397263544	0.26995766027364565	[[0.02498927200124746, 0.20250216604193014, 0.7009495180298677], [-0.13341846402230964, -0.688266382056117, 0.20359449546203626], [0.7173122524646468, -0.13507064030661872, 0.01344888041379965]]	0.8583259229057938	0.21484150332432478	[[0.0014462437459396228, 0.20062836286434807, 0.7787249308871746], [-0.18910880694981266, -0.821078309674189, 0.2393702717043704], [0.7954495347155068, -0.15880535373073215, -0.0020452975200050834]]	[[-0.027934161726507985, -0.037457634481385615, -0.04539595804493123], [-0.03224595114949402, -0.01186924680697985, 0.0], [-0.04790936052217661, 0.0, -0.017857425207765162]]	0.37766426090203653	[[0.0, 0.0, 0.9121999999999999], [0.0, -1.0, 0.0], [0.9121999999999999, 0.0, 0.0]]
2	[[-0.42203838922340475, -0.825029846081567, 0.3757783270710803], [0.2588054115689476, 0.28760896992378115, 0.9221175843470338], [-0.8688517462515349, 0.4864224845687207, 0.09214016247897017]]	0.10441975730811795	0.8955802426918822	[[-0.04406914617741695, -0.08614941629979114, 0.03923868171441275], [0.027024398266057084, 0.030032058839079008, 0.09628729436706526], [-0.09072528848031973, 0.05079211778787757, 0.009621253404384612]]	0.33266010443221006	1.1242501953741495	[[-0.22370135148819945, -0.4336514559474031, 0.27297346023118035], [0.1862085626576278, 0.017968664369593892, 0.015319954731782699], [0.14845461487923622, 0.1618133545148057, -0.08716114279059992]]	[[-0.08330601685473997, -0.159196941190219, 0.1479670027043537], [0.1001143274174806, -0.0777073656008915, -0.2914317771758788], [0.43748692752337986, 0.0, -0.1178124988632549]]	1.0000000000000002	[[0.0, 0.0, 0.0], [0.0, 0.0, 0.0], [0.0, 0.0, 0.0]]
2	[[0.3802729664721569, 0.7767473726770865, -0.5020517802076895], [0.4287143634067757, 0.332951791095048, 0.839849450446521], [0.8195098935212374, -0.5346088512602871, -0.20639019011321075]]	0.12197525180254902	0.8780247481974516	[[0.04638389083914364, 0.09474395636925598, -0.061237892308750944], [0.052292542427910954, 0.04061187855692823, 0.10244084819444682], [0.09995992561693305, -0.06520904924834503, -0.02517449540863484]]	0.40017868281204544	0.8991479873732287	[[0.20514255822317384, 0.33069747442459446, 0.1081964025778542], [0.23874857591540738, -0.2070157026845835, 0.32821672516584166], [0.5511543846866797, 0.0, -0.08143810455560471]]	[[0.052965423391316956, 0.019859733948960956, 0.30910682268480993], [0.06718622666467934, -0.34025591188491117, -0.007873121674267338], [0.22320399494591123, 0.21393906591700246, 0.001154849869227606]]	1.0000000000000007	[[0.0, 0.0, 0.0], [0.0, 0.0, 0.0], [0.0, 0.0, 0.0]]
2	[[-0.8305561570912853, 0.32773595720904825, 0.4502950280316503], [-0.5100865793185324, -0.772219296347621, -0.37879947194723407], [0.22358030216652452, -0.5443036842615101, 0.808545204538665]]	0.1800562644373533	0.8199437355626467	[[-0.14954683905130045, 0.059010912176861496, 0.08107844064209219], [-0.09184428401172262, -0.13904292182679412, -0.06820521788966095], [0.0402570340098791, -0.09800528810761612, 0.14558362915796774]]	0.5084439039830458	0.6730908089364778	[[-0.36224942076214417, 0.13781735330223646, 0.3902965574758629], [-0.3556157735371114, -0.6065074190575933, -0.055328098430287125], [0.3085358314255664, -0.2434268535043291, 0.2526169001739682]]	[[0.060041794226504866, -0.028817996256752486, 0.1613467954792956], [-0.0962653617790392, -0.21387722529156822, 0.1372701839132808], [0.19485778973830958, 0.033321036673948215, -0.15848298016844092]]	0.6877981049084969	[[-0.5883898034492718, 0.5883898034492717, 0.0], [-0.7071067811865475, -0.7071067811865476, 0.0], [0.0, 0.0, 0.8321088399999998]]
2	[[0.22433838825039393, -0.7661379269479729, -0.6022499185961573], [-0.9416906372873723, -0.011392912655017143, -0.3362869982418849], [0.2507808429735371, 0.642575192824231, -0.724020780340167]]	0.1358094443053744	0.8641905556946257	[[0.030467271844649334, -0.1040487661200757, -0.08179122677750114], [-0.12789048215757193, -0.0015472651366975898, -0.045670950358352794], [0.03405840692666945, 0.08726777986187761, -0.09832885984354163]]	0.3925699361837159	0.8697619069113446	[[0.0178449500248658, -0.2987633854421863, 0.10148738225539725], [-0.4552232712186979, -0.12219075601192814, -0.13201616543923014], [0.2666269652366986, 0.042626136950462544, -0.3153156727788886]]	[[-0.07022355673414905, 0.0019993316477039114, 0.33791259436533877], [-0.08554383783399132, -0.11771824101800138, 0.0], [0.1681779457144786, -0.20962956548978479, -0.03108688124506495]]	0.9679077414278199	[[0.5883898034492718, -0.5883898034492717, 0.0], [-0.7071067811865475, -0.7071067811865476, 0.0], [0.0, 0.0, -0.8321088399999998]]
2	[[0.08740825448676931, -0.06334395238859675, -0.994156597696443], [0.7119981850616444, -0.6940087028176986, 0.10681996481098455], [-0.6967197295301035, -0.717174639895393, -0.015561310176609944]]	0.14600177212604856	0.8539982278739513	[[0.012761760053512962, -0.00924832930220317, -0.1451486250344838], [0.10395299676953035, -0.10132650048228423, 0.015595904160845893], [-0.10172231518657635, -0.10470876834858811, -0.0022719788623881618]]	0.4335498327733029	1.0226296933080103	[[0.05806564305774602, -0.01443499802874871, -0.0010242546610935502], [0.6353854539262846, -0.6361691852062049, 0.037728709582191086], [0.007037848334437984, -0.011930754372072905, 0.021777813931449078]]	[[0.0201698089420009, 0.013027761936527445, 0.42999217202067513], [0.3266987598579135, -0.3352818281563749, -0.008583068298461359], [0.30910057056207524, 0.29900019082382845, 0.028524417356251802]]	0.8388151110973825	[[0.0, 0.0, -0.8321088399999998], [0.0, -1.0, 0.0], [-0.8321088399999998, 0.0, 0.0]]
2	[[0.5319609947059123, -0.8460851799387872, 0.03402011756955908], [-0.703274286200726, -0.4190807785627857, 0.5742617690636116], [-0.47161719485230363, -0.3294103357928521, -0.8179645788128509]]	0.14632444280359716	0.8536755571964029	[[0.07783889614358991, -0.12380294251892429, 0.004977974747478617], [-0.10290621806641874, -0.06132176141289723, 0.08402853338164096], [-0.06900912325335887, -0.04820078383863493, -0.11968821122786943]]	0.4476980236737349	0.8281295273414833	[[0.212069593833929, -0.47713458375736256, 0.21930633336344818], [-0.38223073476216907, -0.3978635143858481, 0.0], [0.11899615360000242, -0.1401294782848084, -0.3135960179096768]]	[[-0.026088292167422113, -0.0983439208391311, 0.20407559396240846], [-0.06737622672954736, -0.21024187806363878, -0.25709585908116167], [0.3301382396659295, 0.007346878027352888, 0.052605107459955495]]	0.7052170656771155	[[0.5883898034492718, -0.5883898034492717, 0.0], [-0.7071067811865475, -0.7071067811865476, 0.0], [0.0, 0.0, -0.8321088399999998]]
