2	[[0.08740825448676931, -0.06334395238859675, -0.994156597696443], [0.7119981850616444, -0.6940087028176986, 0.10681996481098455], [-0.6967197295301035, -0.717174639895393, -0.015561310176609944]]	0.1733894111875992	0.8266105888124008	[[0.015155665778396783, -0.01098317060695413, -0.1723762271028532], [0.12345294607447782, -0.12033376034063026, 0.018521450801656677], [-0.12080382366600798, -0.12435048853014069, -0.0026981664088299787]]	0.474896608745208	1.0298620325987533	[[0.06652842447968987, -0.016243949276885217, 0.001133412079544021], [0.6346756788662199, -0.637367057705403, 0.03949391608510392], [0.011677911098384971, -0.013847900233136461, 0.027991546346935542]]	[[0.025018540847584963, 0.013837878896977275, 0.4732550088872589], [0.29655015534770196, -0.3077846782976171, -0.011234522949915083], [0.3425477478981097, 0.3267359041312514, 0.03538155977743992]]	0.7857359978622822	[[0.0, 0.0, -0.99520576], [0.0, -1.0, 0.0], [-0.99520576, 0.0, 0.0]]
2	[[0.04673222253661188, -0.9725397674033924, -0.22799671093185395], [-0.8377629715199755, -0.16246744520517667, 0.5213036857710898], [-0.5440306084466285, 0.16664552219444034, -0.8223502702654952]]	0.18641869594195104	0.8135813040580488	[[0.008711759983744231, -0.18129959519102884, -0.04250284953097023], [-0.1561746806592077, -0.030286969268169393, 0.09718075329117917], [-0.10141747657912664, 0.03106584093205303, -0.1533014649904046]]	0.4878394727587508	0.9004466434659201	[[0.13016877388629844, -0.6122687825150986, 0.12286711242302571], [-0.3031869986226752, -0.4199854922501696, 0.007934875446782706], [0.09246407307332027, 0.08129626368494247, -0.5496647656897146]]	[[0.10737095108319308, -0.13782549514810968, 0.23409290767475063], [0.10550684770043404, -0.3407274594408149, -0.24637763976697918], [0.35786367826254595, 0.0, -0.14848984342037916]]	0.8664352626464826	[[0.7037167415719118, -0.7037167415719117, 0.0], [-0.7071067811865475, -0.7071067811865476, 0.0], [0.0, 0.0, -0.99520576]]
2	[[0.8787972042104137, -0.3840163418041313, 0.28327887866788265], [-0.395223040501579, -0.9183905790867732, -0.018907472103605397], [0.2674214316928388, -0.09534250611366366, -0.9588511794847616]]	0.6639301723960807	0.3360698276039193	[[0.5834599792926138, -0.2549600360169291, 0.1880773947501358], [-0.2624005014151165, -0.6097472155000179, -0.012553241213320817], [0.17754915724623313, -0.06330076652071909, -0.6366102288975032]]	0.85357987925117	0.2731082274381912	[[0.6329807420060085, -0.27724198192928995, 0.24856172901609525], [-0.3442130031989784, -0.8507372974079791, -0.01613903775514036], [0.22150497540519118, -0.08138244485600496, -0.7411651721927832]]	[[-0.11714286945018237, 0.050546640738356484, 0.00676057796835712], [-0.0068585680103603695, -0.06681757780567904, 0.0], [-0.00676057796835712, 0.0, 0.07729090181166148]]	0.4691508521831161	[[0.7037167415719118, -0.7037167415719117, 0.0], [-0.7071067811865475, -0.7071067811865476, 0.0], [0.0, 0.0, -0.99520576]]
2	[[0.8489524140446696, -0.5135124485683378, 0.12483895166604869], [0.522794976890395, 0.7815435453534784, -0.34040431673891397], [0.0772347773085365, 0.35425224329800037, 0.9319550081910795]]	0.2236721820308907	0.7763278179691092	[[0.18988703888976344, -0.11485844987130564, 0.02792300072159401], [0.11693469323586372, 0.17480955014137092, -0.07613897629772734], [0.01727527116927033, 0.07923637224780172, 0.2084524102367154]]	0.0	0.42773320047610375	[[0.7054097249116998, -0.7054097249116997, 0.0], [0.7071067811865475, 0.7071067811865476, 0.0], [0.0, 0.0, 0.9976]]	[[0.7054097249116998, -0.7054097249116997, 0.0], [0.7071067811865475, 0.7071067811865476, 0.0], [0.0, 0.0, 0.9976]]	0.42773320047610375	[[0.7054097249116998, -0.7054097249116997, 0.0], [0.7071067811865475, 0.7071067811865476, 0.0], [0.0, 0.0, 0.9976]]
2	[[0.034229894132735264, 0.2773841392786001, 0.9601491309293217], [-0.1827544195208179, -0.9427759796974285, 0.2788803941677556], [0.9825625356654255, -0.18501754344446375, 0.018422055382213542]]	0.8296649772970759	0.1703350227029242	[[0.02839934433851711, 0.23013590561714875, 0.7966021069142828], [-0.15162494132267967, -0.7821882117918957, 0.23137729589579054], [0.8151977238458127, -0.15350257598141176, 0.015284134160449672]]	0.9313187852399895	0.12494755022111212	[[0.0022725156454298373, 0.25848135850885806, 0.8867953270029734], [-0.17314039039402762, -0.8207006426175084, 0.2597265499235636], [0.9224885424016019, -0.17231031380878498, -0.0022725156454298373]]	[[-0.02960642777716261, 0.00014829887107215955, -0.007409595263353989], [-0.002937766408660087, 0.05732433754774172, 0.0], [0.007409595263353989, 0.0, -0.01942932188561676]]	0.3393949899107714	[[0.0, 0.0, 0.9976], [0.0, -1.0, 0.0], [0.9976, 0.0, 0.0]]
2	[[-0.5446221603179724, 0.8109226453022452, -0.2139887049042392], [-0.8354447797583356, -0.5021691245819775, 0.22328947644507607], [0.07361197229480154, 0.30038414347728, 0.9509735242804028]]	0.2563659797937553	0.7436340202062449	[[-0.13962259374730862, 0.20789297849985394, -0.05485942399757206], [-0.2141796195263238, -0.12873907964563094, 0.05724382540647658], [0.018871605401907576, 0.07700827525706086, 0.24379725931006602]]	0.6146253686441159	0.5854716443780518	[[-0.259250363800413, 0.5537469572583819, 0.14528188839638087], [-0.6169892845766463, -0.5190759186432484, 0.13723937677440654], [0.1993074555077134, 0.006152161429622818, 0.5062393108039698]]	[[0.07548823225677548, 0.055333327447627936, 0.2768047750338258], [-0.103503728835877, -0.2104300353253577, 0.0], [0.15406366989940054, -0.1784715534899474, -0.07825314212766687]]	0.3816050888720371	[[-0.7037167415719118, 0.7037167415719117, 0.0], [-0.7071067811865475, -0.7071067811865476, 0.0], [0.0, 0.0, 0.99520576]]
2	[[0.8592155572171323, 0.2624339665249735, -0.4391776855101157], [-0.4266000482917053, 0.8413623931712975, -0.33184593135155627], [0.2824199444684594, 0.4724804086637203, 0.8348660002631537]]	0.18057113234672992	0.8194288676532703	[[0.15514952609662408, 0.047387998501658285, -0.07930281197397765], [-0.07703165377920286, 0.15192576004889582, -0.059921795588805726], [0.05099688916997032, 0.08531632240405368, 0.150752699025303]]	0.0	0.6893876270181349	[[0.7054097249116998, 0.7054097249116997, 0.0], [-0.7071067811865475, 0.7071067811865476, 0.0], [0.0, 0.0, 0.9976]]	[[0.7054097249116998, 0.7054097249116997, 0.0], [-0.7071067811865475, 0.7071067811865476, 0.0], [0.0, 0.0, 0.9976]]	0.6893876270181349	[[0.7054097249116998, 0.7054097249116997, 0.0], [-0.7071067811865475, 0.7071067811865476, 0.0], [0.0, 0.0, 0.9976]]
2	[[0.22433838825039393, -0.7661379269479729, -0.6022499185961573], [-0.9416906372873723, -0.011392912655017143, -0.3362869982418849], [0.2507808429735371, 0.642575192824231, -0.724020780340167]]	0.15352995582116036	0.8464700441788398	[[0.03444266283707331, -0.11762512207723766, -0.09246340339536552], [-0.14457772193993063, -0.001749153376599158, -0.05163012798330721], [0.03850237174252051, 0.09865454096607779, -0.11115887841922789]]	0.42977656978745205	0.8497838800480336	[[0.17137112529308782, -0.3336742857570764, 0.12329141285142381], [-0.4921015787894373, -0.281564632729214, -0.1445282725685162], [0.30816580007593736, 0.03488005983517192, -0.3378086969464748]]	[[0.07495574231918788, -0.004406155529307024, 0.38212431702045246], [-0.08738500689511072, -0.27666822580845274, 0.0], [0.20038606961436495, -0.24128370236733665, -0.026641529517043544]]	0.9498536281356679	[[0.7037167415719118, -0.7037167415719117, 0.0], [-0.7071067811865475, -0.7071067811865476, 0.0], [0.0, 0.0, -0.99520576]]
2	[[-0.42203838922340475, -0.825029846081567, 0.3757783270710803], [0.2588054115689476, 0.28760896992378115, 0.9221175843470338], [-0.8688517462515349, 0.4864224845687207, 0.09214016247897017]]	0.11198621015715508	0.8880137898428448	[[-0.04726247974995942, -0.09239196572921567, 0.04208199070788615], [0.028982637209769187, 0.0322082385489674, 0.10326445359029511], [-0.09729941425113561, 0.054472610582078286, 0.010318427599284363]]	0.35927011694539085	1.1569537680256394	[[-0.2405014435526558, -0.4964501953639353, 0.3205450555277721], [0.18228485646017464, 0.00620017798304278, 0.040980192688029604], [0.1998164350280696, 0.17475706291587187, -0.09258595975882089]]	[[-0.08887566210091878, -0.20004162607877282, 0.1855391320154018], [0.08930380597969888, -0.0971291302760175, -0.29030909967773055], [0.5119689035120656, 0.0, -0.1256891667080078]]	1.0000000000000002	[[0.0, 0.0, 0.0], [0.0, 0.0, 0.0], [0.0, 0.0, 0.0]]
2	[[-0.8305561570912853, 0.32773595720904825, 0.4502950280316503], [-0.5100865793185324, -0.772219296347621, -0.37879947194723407], [0.22358030216652452, -0.5443036842615101, 0.808545204538665]]	0.20115193526619382	0.7988480647338061	[[-0.16706797834616494, 0.06592472204891853, 0.09057771632931144], [-0.10260490258323562, -0.15533340591022232, -0.07619624685999843], [0.04497361046819681, -0.10948773946172208, 0.16264043264315295]]	0.5498122372964065	0.6250722233906659	[[-0.42657157701921505, 0.18037938978923207, 0.4390360943178061], [-0.34858277283752365, -0.595528259957454, -0.06709048418684369], [0.35765809640022483, -0.2632327025553298, 0.29776315905082495]]	[[0.030078361911450167, 0.00018614991364595407, 0.1914583775122764], [-0.06813092944753048, -0.1709526409491117, 0.14117810097116243], [0.2347309102506414, 0.036032123857167864, -0.146784888811859]]	0.6820828253180657	[[-0.7037167415719118, 0.7037167415719117, 0.0], [-0.7071067811865475, -0.7071067811865476, 0.0], [0.0, 0.0, 0.99520576]]
2	[[0.5319609947059123, -0.8460851799387872, 0.03402011756955908], [-0.703274286200726, -0.4190807785627857, 0.5742617690636116], [-0.47161719485230363, -0.3294103357928521, -0.8179645788128509]]	0.16174905272298545	0.8382509472770148	[[0.08604418697925839, -0.1368534763780555, 0.0055027217904008024], [-0.11375394959740118, -0.0677859189469418, 0.092886297161065], [-0.0762836345152317, -0.05328180977165437, -0.1323049957839344]]	0.481235035379563	0.8084287807651507	[[0.22257742742650685, -0.5683086228554295, 0.24182446672335775], [-0.3710027537607443, -0.39463338919816204, 0.014709604591627824], [0.17622770140097846, -0.15852379459966687, -0.37507016331403725]]	[[-0.033420840681340325, -0.16114279135346332, 0.2254527942411541], [-0.032562527759401154, -0.19295703589960506, -0.2616452781608297], [0.403186418851337, 0.0, 0.018563049710194277]]	0.6450370664948686	[[0.7037167415719118, -0.7037167415719117, 0.0], [-0.7071067811865475, -0.7071067811865476, 0.0], [0.0, 0.0, -0.99520576]]
2	[[-0.30792515101507295, 0.09349718223056193, 0.9468053539599837], [0.3027085282091916, -0.9338174967034747, 0.1906631317268273], [0.9019698710720718, 0.34531602882779927, 0.2592434992682147]]	0.6454293939254588	0.35457060607454144	[[-0.1987439435940639, 0.060345829660809765, 0.6110960057717717], [0.1953769818981262, -0.6027132609343129, 0.12305958955437606], [0.5821578672250716, 0.22287711519907275, 0.16732337461179891]]	0.8279463419540594	0.2572677556874224	[[-0.1390000556543578, 0.1571020292818623, 0.7920189263821038], [0.28728043423510624, -0.8156172744484625, 0.15785884245873164], [0.7386677582784795, 0.28590314288607893, 0.1390000556543578]]	[[0.11594544672422315, 0.07969137927105646, 0.008114897028416931], [0.03665401562600885, -0.04246649400012375, 0.0], [-0.008114897028416931, 0.0, -0.07563965124013043]]	0.4666155705679062	[[0.0, 0.0, 0.9976], [0.0, -1.0, 0.0], [0.9976, 0.0, 0.0]]
2	[[0.3802729664721569, 0.7767473726770865, -0.5020517802076895], [0.4287143634067757, 0.332951791095048, 0.839849450446521], [0.8195098935212374, -0.5346088512602871, -0.20639019011321075]]	0.1302823256979998	0.8697176743020005	[[0.04954284647207013, 0.10119645419218179, -0.06540847354627888], [0.055853904324772205, 0.04337773368917741, 0.10941753964035979], [0.10676765486046699, -0.06965008448092626, -0.026888993969201427]]	0.4343241323582366	0.9399314391323357	[[0.13938220849720295, 0.326283182138704, 0.14717449326979182], [0.28986592534954747, -0.25538424417859723, 0.32773286963838416], [0.6402493605915289, 0.0, -0.05318249664988439]]	[[-0.02577951772510944, -0.011076946560811408, 0.36522769710740466], [0.1036649314333859, -0.39999324196307484, -0.03703401423834288], [0.2843164371289267, 0.23219352547465777, 0.036457743598287365]]	1.0000000000000007	[[0.0, 0.0, 0.0], [0.0, 0.0, 0.0], [0.0, 0.0, 0.0]]
2	[[-0.3195682178843842, -0.5708200961323295, -0.7563336379995778], [0.910087742671785, 0.03735879733279218, -0.41272826520656647], [0.2638493031197415, -0.8202248094963509, 0.507557688474819]]	0.12522655507849817	0.8747734449215017	[[-0.040018427038236326, -0.07148183420822878, -0.09471305597667498], [0.11396715283395437, 0.004678313491861399, -0.05168453883534308], [0.03304093928954764, -0.10271392728314545, 0.0635597008313071]]	0.3871359770422512	1.088877370528479	[[-0.20781679681111348, -0.3050854381803326, 0.19818585737335678], [0.5469240851130907, -0.08148813866910905, -0.15978196020369748], [0.28173706100657103, -0.03977465454783151, 0.07755785517892537]]	[[-0.08410044254879147, -0.08410044254879145, 0.49098981929024366], [0.19459637765967233, -0.09595107317566304, 0.0], [0.17959150325139284, 0.27776387847083267, -0.1189359864540802]]	0.9999999999999999	[[0.0, 0.0, 0.0], [0.0, 0.0, 0.0], [0.0, 0.0, 0.0]]
