2	[[-0.8305561570912853, 0.32773595720904825, 0.4502950280316503], [-0.5100865793185324, -0.772219296347621, -0.37879947194723407], [0.22358030216652452, -0.5443036842615101, 0.808545204538665]]	0.19881044017096625	0.8011895598290335	[[-0.16512323517802463, 0.06515732991258384, 0.08952335272976995], [-0.10141053735961991, -0.15352525821538432, -0.07530928975435917], [0.04445009828728436, -0.10821325505470945, 0.16074722801245594]]	0.5453676357264535	0.6304200304712223	[[-0.41895321110603234, 0.1752506406436473, 0.433518054275166], [-0.34935646934668785, -0.5968089573193841, -0.06583060514834758], [0.35198234393383065, -0.2611047679557046, 0.29246276678143224]]	[[0.0340052366248909, -0.0034859434819974992, 0.1879417194581678], [-0.07117175756794575, -0.1756655454079364, 0.1407543672819445], [0.23004888314626706, 0.03574084544719322, -0.14849161979578127]]	0.6810524958003329	[[-0.6902380418145613, 0.6902380418145612, 0.0], [-0.7071067811865475, -0.7071067811865476, 0.0], [0.0, 0.0, 0.976144]]
2	[[-0.5446221603179724, 0.8109226453022452, -0.2139887049042392], [-0.8354447797583356, -0.5021691245819775, 0.22328947644507607], [0.07361197229480154, 0.30038414347728, 0.9509735242804028]]	0.2533863055162622	0.7466136944837377	[[-0.13799979710525645, 0.20547669315261025, -0.054221807357894836], [-0.21169026620581205, -0.12724277922216284, 0.056578495497078274], [0.018652265701545212, 0.0761132283513748, 0.2409636679611906]]	0.6114957135944533	0.5837698759386966	[[-0.3867694031300065, 0.5496110082260136, 0.14377980295703263], [-0.6156667448355115, -0.3858886214956302, 0.13654055773691362], [0.1959131608691787, 0.007422186467988082, 0.5055230627981991]]	[[-0.0537352865670154, 0.053735286567015386, 0.27463297876360326], [-0.10479584306842725, -0.07881435431427214, 0.0], [0.1508997553416739, -0.17626142970010988, -0.07599317104107796]]	0.3868920618509121	[[-0.6902380418145613, 0.6902380418145612, 0.0], [-0.7071067811865475, -0.7071067811865476, 0.0], [0.0, 0.0, 0.976144]]
2	[[0.3802729664721569, 0.7767473726770865, -0.5020517802076895], [0.4287143634067757, 0.332951791095048, 0.839849450446521], [0.8195098935212374, -0.5346088512602871, -0.20639019011321075]]	0.12945940980427734	0.870540590195723	[[0.0492299138040072, 0.10055725643379868, -0.06499532715687423], [0.05550110846125765, 0.04310374236844197, 0.10872641417925327], [0.10609326714402556, -0.06921014636029947, -0.026719152201448854]]	0.43066312956190966	0.9422101946483927	[[0.14109217292732543, 0.3240952782207688, 0.14248668588441718], [0.2876830934178781, -0.2591919015200639, 0.32778474760345955], [0.6299774334251985, 0.0, -0.056813996868930516]]	[[-0.02267737290136488, -0.010421176175336243, 0.35870187675078874], [0.1030516239849743, -0.4025819618663004, -0.03390744508668919], [0.277044737974395, 0.23023632097525276, 0.03207064831610232]]	1.0000000000000007	[[0.0, 0.0, 0.0], [0.0, 0.0, 0.0], [0.0, 0.0, 0.0]]
2	[[0.08740825448676931, -0.06334395238859675, -0.994156597696443], [0.7119981850616444, -0.6940087028176986, 0.10681996481098455], [-0.6967197295301035, -0.717174639895393, -0.015561310176609944]]	0.17020836889937224	0.8297916311006277	[[0.014877616424534262, -0.010781670815702523, -0.16921377292446102], [0.12118804973865588, -0.11812608930856966, 0.01818165197636602], [-0.11858752874333076, -0.1220691256725895, -0.0026486652230979964]]	0.470426909837113	1.0289894727784206	[[0.06556360389119326, -0.01604101148570581, 0.0008616342583708039], [0.6347524074801539, -0.6372375644311187, 0.0393030924623868], [0.011108507238382668, -0.013627338168345049, 0.027249155444520237]]	[[0.02444440883872641, 0.013757688293330971, 0.46853965040688644], [0.29980930147197166, -0.31075719496452553, -0.0109478934925538], [0.3388642166237784, 0.32375091149118895, 0.03456961450391964]]	0.7915390153091996	[[0.0, 0.0, -0.976144], [0.0, -1.0, 0.0], [-0.976144, 0.0, 0.0]]
2	[[0.034229894132735264, 0.2773841392786001, 0.9601491309293217], [-0.1827544195208179, -0.9427759796974285, 0.2788803941677556], [0.9825625356654255, -0.18501754344446375, 0.018422055382213542]]	0.827054191685043	0.1729458083149572	[[0.028309977423413957, 0.22941171509731398, 0.7940953633778466], [-0.15114780871365927, -0.7797268258287313, 0.2306491989752193], [0.8126324637147745, -0.15301953484101327, 0.01523603812331371]]	0.9234090653370235	0.1258375048386746	[[0.0, 0.2513772706789187, 0.8766237148989143], [-0.17502220662423215, -0.8208348683459785, 0.25752068411926793], [0.9099804962007124, -0.17084687686300445, 0.0]]	[[-0.03160819454769434, -0.004761758111648222, -0.009986696676686072], [-0.00626511890830339, 0.04973301788862084, 0.0], [0.0026733435067259935, 0.0, -0.01701109294207669]]	0.3434296199605291	[[0.0, 0.0, 0.988], [0.0, -1.0, 0.0], [0.988, 0.0, 0.0]]
2	[[0.8787972042104137, -0.3840163418041313, 0.28327887866788265], [-0.395223040501579, -0.9183905790867732, -0.018907472103605397], [0.2674214316928388, -0.09534250611366366, -0.9588511794847616]]	0.6479562413805632	0.3520437586194369	[[0.569422133375927, -0.24882578546411854, 0.18355231748414183], [-0.25608723583040116, -0.5950769077443845, -0.012251214558260008], [0.17327738574430085, -0.06177777190521287, -0.6212936063022659]]	0.8467336178992344	0.2847059350291726	[[0.6226728555111123, -0.2719328279864814, 0.24663130656472454], [-0.34527166657892117, -0.8503524027578537, -0.01600959225961465], [0.21966515960524025, -0.0807297051412023, -0.7288379291212002]]	[[-0.12143428060970352, 0.05322671844175972, 0.006769556755830058], [-0.010623031617883541, -0.07272022508313741, 0.0], [-0.006769556755830058, 0.0, 0.08305359911088016]]	0.4727232266463711	[[0.6902380418145613, -0.6902380418145612, 0.0], [-0.7071067811865475, -0.7071067811865476, 0.0], [0.0, 0.0, -0.976144]]
2	[[0.8489524140446696, -0.5135124485683378, 0.12483895166604869], [0.522794976890395, 0.7815435453534784, -0.34040431673891397], [0.0772347773085365, 0.35425224329800037, 0.9319550081910795]]	0.2218789917814357	0.7781210082185642	[[0.18836470569864722, -0.11393762435555914, 0.02769914073071425], [0.1159972223808398, 0.17340809387631864, -0.07552856659607872], [0.01713677451968179, 0.07860113057927218, 0.20678123760309636]]	0.0	0.43072232399838617	[[0.698621499812309, -0.6986214998123089, 0.0], [0.7071067811865475, 0.7071067811865476, 0.0], [0.0, 0.0, 0.988]]	[[0.698621499812309, -0.6986214998123089, 0.0], [0.7071067811865475, 0.7071067811865476, 0.0], [0.0, 0.0, 0.988]]	0.43072232399838617	[[0.698621499812309, -0.6986214998123089, 0.0], [0.7071067811865475, 0.7071067811865476, 0.0], [0.0, 0.0, 0.988]]
2	[[-0.30792515101507295, 0.09349718223056193, 0.9468053539599837], [0.3027085282091916, -0.9338174967034747, 0.1906631317268273], [0.9019698710720718, 0.34531602882779927, 0.2592434992682147]]	0.6300341562399485	0.3699658437600517	[[-0.19400336270484023, 0.058906418317444795, 0.5965197123056439], [0.19071671215691471, -0.5883369186176748, 0.12012428532357779], [0.568271826674748, 0.21756089285865227, 0.1633322593221414]]	0.820490377384057	0.2659720370177741	[[-0.13175369312626045, 0.15270529751222633, 0.7855040876692866], [0.29025274837491694, -0.8149749383233497, 0.15643726490377072], [0.7313981944155595, 0.2833284788096849, 0.13175369312626045]]	[[0.1208959302361395, 0.07599175917952666, 0.0086594054894139], [0.04188331382718489, -0.04878666804528023, 0.0], [-0.0086594054894139, 0.0, -0.08095310342268056]]	0.4680913726063253	[[0.0, 0.0, 0.988], [0.0, -1.0, 0.0], [0.988, 0.0, 0.0]]
2	[[-0.42203838922340475, -0.825029846081567, 0.3757783270710803], [0.2588054115689476, 0.28760896992378115, 0.9221175843470338], [-0.8688517462515349, 0.4864224845687207, 0.09214016247897017]]	0.11118457112311095	0.8888154288768891	[[-0.046924157303292864, -0.0917305896003453, 0.041780752132758184], [0.02877516868963364, 0.03197767997213533, 0.10252524814070405], [-0.09660290877654293, 0.05408267533141126, 0.010244564448438048]]	0.3564295726030486	1.193301036528677	[[-0.06212712506339871, -0.489265667302923, 0.3150266035890573], [0.18270370111252754, -0.17345916679980278, 0.03824103412079228], [0.1936581267780306, 0.17337535827934214, -0.09203334919913725]]	[[0.08829983762957848, -0.195200631879311, 0.18108809507762358], [0.09045779887965144, -0.2759715090265392, -0.2904289423577766], [0.5033425833498776, 0.0, -0.12487482793109206]]	1.0000000000000002	[[0.0, 0.0, 0.0], [0.0, 0.0, 0.0], [0.0, 0.0, 0.0]]
2	[[0.04673222253661188, -0.9725397674033924, -0.22799671093185395], [-0.8377629715199755, -0.16246744520517667, 0.5213036857710898], [-0.5440306084466285, 0.16664552219444034, -0.8223502702654952]]	0.1848978564312428	0.8151021435687571	[[0.008640687773287352, -0.17982051828702666, -0.04215610312467351], [-0.15490057763151177, -0.03003988235829757, 0.09638793404878065], [-0.1005900933347664, 0.030812399837617122, -0.1520508022077432]]	0.48433166144009315	0.8995610308581986	[[-0.07804785405676049, -0.6049079483287169, 0.11957724248620161], [-0.3025730568413214, -0.20458273221648499, 0.0055664512368738895], [0.08839605543917738, 0.0807117026359852, -0.5406757676602075]]	[[-0.10068174904070591, -0.1338761469656702, 0.23000326829470305], [0.10318207504793772, -0.12589460455033447, -0.24691742900748226], [0.35188730390239775, 0.0, -0.14238549497681066]]	0.8690195360599176	[[0.6902380418145613, -0.6902380418145612, 0.0], [-0.7071067811865475, -0.7071067811865476, 0.0], [0.0, 0.0, -0.976144]]
2	[[-0.3195682178843842, -0.5708200961323295, -0.7563336379995778], [0.910087742671785, 0.03735879733279218, -0.41272826520656647], [0.2638493031197415, -0.8202248094963509, 0.507557688474819]]	0.12370606253173058	0.8762939374682694	[[-0.03953252594475931, -0.07061390650651442, -0.09356305631722708], [0.11258337120431731, 0.004621509718960651, -0.0510569885842562], [0.03263975839068427, -0.10146678157363238, 0.06278796314892661]]	0.3835101080294043	1.0858362116975226	[[-0.20427169086106775, -0.30062932583052804, 0.19616019742220103], [0.5456583933307011, -0.0806613928804138, -0.15828546157615891], [0.27562573865618395, -0.04091072965575505, 0.07909238746807881]]	[[-0.0817140490974634, -0.08171404909746338, 0.4862217926376914], [0.19663054482240805, -0.09498886928136158, 0.0], [0.17443686391324884, 0.273653775642588, -0.11556111647005371]]	0.9971800601722169	[[1.9491005165066397e-16, -0.976144, 0.0], [1.0, 1.7938038903913487e-16, 0.0], [0.0, 0.0, 0.976144]]
2	[[0.8592155572171323, 0.2624339665249735, -0.4391776855101157], [-0.4266000482917053, 0.8413623931712975, -0.33184593135155627], [0.2824199444684594, 0.4724804086637203, 0.8348660002631537]]	0.17871043129099495	0.8212895687090052	[[0.1535507828022063, 0.04689968734308455, -0.07848563359089372], [-0.07623787861896991, 0.15036023615566607, -0.05930432951399853], [0.0504713900811372, 0.08443717760883901, 0.14919926297721608]]	0.0	0.6889730580034752	[[0.6986214998123089, 0.6986214998123088, 0.0], [-0.7071067811865474, 0.7071067811865474, 0.0], [0.0, 0.0, 0.9879999999999998]]	[[0.6986214998123089, 0.6986214998123088, 0.0], [-0.7071067811865474, 0.7071067811865475, 0.0], [0.0, 0.0, 0.9879999999999998]]	0.6889730580034753	[[0.698621499812309, 0.6986214998123089, 0.0], [-0.7071067811865475, 0.7071067811865476, 0.0], [0.0, 0.0, 0.988]]
2	[[0.22433838825039393, -0.7661379269479729, -0.6022499185961573], [-0.9416906372873723, -0.011392912655017143, -0.3362869982418849], [0.2507808429735371, 0.642575192824231, -0.724020780340167]]	0.1515900455560936	0.8484099544439064	[[0.03400746649485784, -0.1161388832482943, -0.09129509259614513], [-0.1427509266061396, -0.001727052148390612, -0.05097776138340929], [0.03801587941095398, 0.0974080027534408, -0.10975434307532436]]	0.42575636685963764	0.8686523738366523	[[0.02103621139868556, -0.32978946963451616, 0.12072729710340156], [-0.48811685172039554, -0.1299865874597696, -0.14317633059359824], [0.3033995646770039, 0.035918382265225667, -0.3355045894628177]]	[[-0.07447728572994901, -0.003601369343772698, 0.37713903438641405], [-0.08718606728318706, -0.12513598235982032, 0.0], [0.1966280240945935, -0.23766209726575005, -0.027248132494308366]]	0.9511433548959863	[[0.6902380418145613, -0.6902380418145612, 0.0], [-0.7071067811865475, -0.7071067811865476, 0.0], [0.0, 0.0, -0.976144]]
2	[[0.5319609947059123, -0.8460851799387872, 0.03402011756955908], [-0.703274286200726, -0.4190807785627857, 0.5742617690636116], [-0.47161719485230363, -0.3294103357928521, -0.8179645788128509]]	0.15995482786258325	0.8400451721374171	[[0.08508972933779275, -0.13533540931419147, 0.005441682049703675], [-0.11249211738941826, -0.06703399379552773, 0.09185594241863253], [-0.07543744721963458, -0.052690773557901416, -0.13083738340170004]]	0.4778558753660284	0.806963509031279	[[0.2216386882373059, -0.5588014928961307, 0.23941965741544655], [-0.37327991471572214, -0.3955192578866891, 0.012212214015943435], [0.16938285217202964, -0.15741066436491075, -0.3680284650166057]]	[[-0.032561998548471034, -0.15449471860225775, 0.2231629443541897], [-0.037216165060855434, -0.19525904559749244, -0.26220214632919275], [0.39474789965584806, 0.0, 0.02284071481041393]]	0.6515620580025514	[[0.6902380418145613, -0.6902380418145612, 0.0], [-0.7071067811865475, -0.7071067811865476, 0.0], [0.0, 0.0, -0.976144]]
