2	[[0.04673222253661188, -0.9725397674033924, -0.22799671093185395], [-0.8377629715199755, -0.16246744520517667, 0.5213036857710898], [-0.5440306084466285, 0.16664552219444034, -0.8223502702654952]]	0.18287015627180506	0.8171298437281947	[[0.008545928838198998, -0.17784849924560334, -0.04169379415756566], [-0.15320184552058969, -0.029710447093751577, 0.09533088648202714], [-0.09948696238328013, 0.03047449268569386, -0.15038332243361224]]	0.4796708377325047	0.8944789312509022	[[-0.07268920271112761, -0.5952544292224372, 0.11533350083907122], [-0.30173553949461895, -0.2019394935710598, 0.002405225172989345], [0.08317120384720537, 0.07993499723537788, -0.5289566298393304]]	[[-0.09510528704436605, -0.12875546426387657, 0.2246968741720093], [0.10011492687564007, -0.12400859802523292, -0.24764895049387164], [0.34412682155292396, 0.0, -0.1344991867915287]]	0.8727037036995704	[[0.6727450402918723, -0.6727450402918722, 0.0], [-0.7071067811865475, -0.7071067811865476, 0.0], [0.0, 0.0, -0.9514051600000001]]
2	[[0.22433838825039393, -0.7661379269479729, -0.6022499185961573], [-0.9416906372873723, -0.011392912655017143, -0.3362869982418849], [0.2507808429735371, 0.642575192824231, -0.724020780340167]]	0.14902209554285756	0.8509779044571425	[[0.0334313767277809, -0.11417147934864762, -0.08974854490971475], [-0.14033271212165324, -0.0016977957181873726, -0.05011419318182295], [0.03737188674192077, 0.09575790177852267, -0.10789509390286668]]	0.42041749213346485	0.868600341916796	[[0.02048703137289468, -0.324675440599527, 0.11740536104124094], [-0.48282508933387097, -0.1287324312688605, -0.14138093643794414], [0.29718108246606073, 0.03721677522405923, -0.33239421604141295]]	[[-0.0738287512045995, -0.002577654723728451, 0.3706017614550207], [-0.08692187323994972, -0.12394265150234257, 0.0], [0.19174842938801, -0.23293307585028156, -0.02800321531828566]]	0.9531552419029651	[[0.6727450402918723, -0.6727450402918722, 0.0], [-0.7071067811865475, -0.7071067811865476, 0.0], [0.0, 0.0, -0.9514051600000001]]
2	[[0.8489524140446696, -0.5135124485683378, 0.12483895166604869], [0.522794976890395, 0.7815435453534784, -0.34040431673891397], [0.0772347773085365, 0.35425224329800037, 0.9319550081910795]]	0.21946911146813272	0.7805308885318671	[[0.18631883198911, -0.1127001208151183, 0.027398293798760853], [0.11473734905813798, 0.17152466747238226, -0.07470823293460627], [0.016950647950343622, 0.07774742507220492, 0.20453533757597253]]	0.0	0.4347927887159347	[[0.6897119543693584, -0.6897119543693583, 0.0], [0.7071067811865474, 0.7071067811865475, 0.0], [0.0, 0.0, 0.9753999999999999]]	[[0.6897119543693584, -0.6897119543693583, 0.0], [0.7071067811865474, 0.7071067811865475, 0.0], [0.0, 0.0, 0.9753999999999999]]	0.43479278871593474	[[0.6897119543693585, -0.6897119543693584, 0.0], [0.7071067811865475, 0.7071067811865476, 0.0], [0.0, 0.0, 0.9754]]
2	[[-0.42203838922340475, -0.825029846081567, 0.3757783270710803], [0.2588054115689476, 0.28760896992378115, 0.9221175843470338], [-0.8688517462515349, 0.4864224845687207, 0.09214016247897017]]	0.11011400854024529	0.8898859914597549	[[-0.04647233879525737, -0.0908473435173829, 0.04137845791634405], [0.0284981012997648, 0.03166977657043838, 0.10153806355789964], [-0.09567274860694852, 0.05356192961996745, 0.010145922638108915]]	0.35264443885126184	1.1472126642986378	[[-0.23635452093254244, -0.47988468608325263, 0.3078494585004291], [0.18326182759791415, 0.009130435998284503, 0.03459100078394362], [0.18572260026917686, 0.17153418411537308, -0.09128636856755616]]	[[-0.08752502999116449, -0.18894249897627557, 0.17533332121798206], [0.09199553846351272, -0.09229326780907682, -0.2905886373029972], [0.4921183367709883, 0.0, -0.12377908446061671]]	1.0000000000000002	[[0.0, 0.0, 0.0], [0.0, 0.0, 0.0], [0.0, 0.0, 0.0]]
2	[[0.3802729664721569, 0.7767473726770865, -0.5020517802076895], [0.4287143634067757, 0.332951791095048, 0.839849450446521], [0.8195098935212374, -0.5346088512602871, -0.20639019011321075]]	0.12833745006358888	0.8716625499364117	[[0.04880326284515324, 0.09968577715296947, -0.06443204527174025], [0.055020108205260376, 0.04273018386324323, 0.10778413690761296], [0.10517381003639888, -0.06861033675216971, -0.026487590717268805]]	0.42579069539820463	0.9454824023163786	[[0.14319755063874576, 0.3211501708651393, 0.13645131519512652], [0.28477795909562015, -0.2642595184399032, 0.32785379206571197], [0.61659449940794, 0.0, -0.06140616062971599]]	[[-0.018719140196572136, -0.009581633095765794, 0.35022029181566516], [0.10223537217345052, -0.4060272931043414, -0.029746289469712275], [0.26765481195982366, 0.22763147454415303, 0.02647286194195568]]	1.0000000000000007	[[0.0, 0.0, 0.0], [0.0, 0.0, 0.0], [0.0, 0.0, 0.0]]
2	[[-0.8305561570912853, 0.32773595720904825, 0.4502950280316503], [-0.5100865793185324, -0.772219296347621, -0.37879947194723407], [0.22358030216652452, -0.5443036842615101, 0.808545204538665]]	0.19572503014308823	0.8042749698569116	[[-0.1625606288822193, 0.06414613010371484, 0.0881340079347775], [-0.09983671111270453, -0.15114264505471245, -0.07414053806505828], [0.04376026138094381, -0.10653385500907804, 0.15825253453037963]]	0.5394561271823144	0.6374667754582608	[[-0.4091057174349377, 0.16865205422202714, 0.4262913007199889], [-0.3503787581400558, -0.5984749402527237, -0.06415349382557872], [0.34459241428849124, -0.2582745247113845, 0.2855935060176176]]	[[0.038942890476953054, -0.008147115992354757, 0.1833768888085831], [-0.07520942753320588, -0.18189650930958418, 0.14019220228978194], [0.2239806503674863, 0.03535343281139496, -0.15058115867464283]]	0.6804077077869136	[[-0.6727450402918723, 0.6727450402918722, 0.0], [-0.7071067811865475, -0.7071067811865476, 0.0], [0.0, 0.0, 0.9514051600000001]]
2	[[0.034229894132735264, 0.2773841392786001, 0.9601491309293217], [-0.1827544195208179, -0.9427759796974285, 0.2788803941677556], [0.9825625356654255, -0.18501754344446375, 0.018422055382213542]]	0.8235867678882958	0.1764132321117041	[[0.02819128787393798, 0.22844990673193916, 0.7907661194328364], [-0.15051412169045209, -0.7764578219617271, 0.2296822024600358], [0.8092255029968163, -0.15237800060805826, 0.015172161050096436]]	0.9129207338342458	0.1283609981134319	[[0.0, 0.242223657076346, 0.8604038760311583], [-0.17753356680715215, -0.8210061994358139, 0.25459569409561117], [0.890772898343645, -0.1689063515335293, 0.0]]	[[-0.03124918007072522, -0.011006074907854234, -0.01613617316715138], [-0.010693268026755465, 0.039673539790862716, 0.0], [-0.006228812754072459, 0.0, -0.0168178763182655]]	0.348826697625427	[[0.0, 0.0, 0.9754], [0.0, -1.0, 0.0], [0.9754, 0.0, 0.0]]
2	[[0.8787972042104137, -0.3840163418041313, 0.28327887866788265], [-0.395223040501579, -0.9183905790867732, -0.018907472103605397], [0.2674214316928388, -0.09534250611366366, -0.9588511794847616]]	0.6278224976140151	0.37217750238598496	[[0.5517286556435955, -0.24109409883606706, 0.17784885312656765], [-0.24812991640230636, -0.5765862671474397, -0.011870536359652859], [0.1678931911609138, -0.059858170317059825, -0.6019883423442675]]	0.8372489501907171	0.2997672428729324	[[0.6092818926511969, -0.26525450848777504, 0.24394977912654803], [-0.3461956893970325, -0.8490948262975894, -0.01583026116950389], [0.217123477592668, -0.07982541315221692, -0.7119896735150488]]	[[-0.12649014400450917, 0.05626277054381347, 0.006774835350659779], [-0.015295613645902265, -0.08017327809214386, 0.0], [-0.006774835350659779, 0.0, 0.09080746989769856]]	0.47812915048422366	[[0.6727450402918723, -0.6727450402918722, 0.0], [-0.7071067811865475, -0.7071067811865476, 0.0], [0.0, 0.0, -0.9514051600000001]]
2	[[-0.30792515101507295, 0.09349718223056193, 0.9468053539599837], [0.3027085282091916, -0.9338174967034747, 0.1906631317268273], [0.9019698710720718, 0.34531602882779927, 0.2592434992682147]]	0.6104190286579574	0.3895809713420428	[[-0.18796337158197568, 0.05707245915943563, 0.5779480044924068], [0.18477904575593462, -0.5700199692815403, 0.11638440366957413], [0.550579572578557, 0.21078747489708843, 0.1582471650091935]]	0.810635127481008	0.2776459337597568	[[-0.12240110107158735, 0.14704749953404792, 0.7768609642911342], [0.2942230238167496, -0.8141087172632246, 0.15455823209330494], [0.7218211759364552, 0.27992530305005847, 0.12240110107158735]]	[[0.12721384297612492, 0.07125539929746133, 0.00934728548408192], [0.04883685746230329, -0.05712345177900763, 0.0], [-0.00934728548408192, 0.0, -0.08775078600632447]]	0.4702462664431289	[[0.0, 0.0, 0.9754], [0.0, -1.0, 0.0], [0.9754, 0.0, 0.0]]
2	[[0.08740825448676931, -0.06334395238859675, -0.994156597696443], [0.7119981850616444, -0.6940087028176986, 0.10681996481098455], [-0.6967197295301035, -0.717174639895393, -0.015561310176609944]]	0.16607211357347382	0.8339278864265264	[[0.01451607356638588, -0.010519664055271744, -0.165101687402462], [0.1182430434536646, -0.11525549211531996, 0.017739817328004302], [-0.11570571805140324, -0.11910270824872289, -0.0025842996710020508]]	0.46449190518985345	1.0278672119911965	[[0.06430246449457871, -0.01577449715342963, 0.000516163506428715], [0.634854290110201, -0.6370656192508125, 0.03904971094588654], [0.010379542995528816, -0.013339791957006847, 0.026291640756185633]]	[[0.023702037838699695, 0.01364825597380509, 0.46229385562751224], [0.3041368966392, -0.3147041946606808, -0.010567298021480777], [0.334000217548326, 0.3197820228818513, 0.03351974336736939]]	0.7992249677003425	[[0.0, 0.0, -0.9514051600000001], [0.0, -1.0, 0.0], [-0.9514051600000001, 0.0, 0.0]]
2	[[0.8592155572171323, 0.2624339665249735, -0.4391776855101157], [-0.4266000482917053, 0.8413623931712975, -0.33184593135155627], [0.2824199444684594, 0.4724804086637203, 0.8348660002631537]]	0.1761657188993797	0.8238342811006204	[[0.15136432632668723, 0.04623186837648774, -0.07736805269245521], [-0.07515230418981841, 0.14821921084792422, -0.05845987706038113], [0.049752712548809086, 0.08323485085811701, 0.14707476912100823]]	0.0	0.688603628842104	[[0.6897119543693585, 0.6897119543693585, 0.0], [-0.7071067811865476, 0.7071067811865478, 0.0], [0.0, 0.0, 0.9754000000000004]]	[[0.6897119543693586, 0.6897119543693585, 0.0], [-0.7071067811865476, 0.7071067811865477, 0.0], [0.0, 0.0, 0.9754000000000003]]	0.688603628842104	[[0.6897119543693585, 0.6897119543693584, 0.0], [-0.7071067811865475, 0.7071067811865476, 0.0], [0.0, 0.0, 0.9754]]
2	[[0.5319609947059123, -0.8460851799387872, 0.03402011756955908], [-0.703274286200726, -0.4190807785627857, 0.5742617690636116], [-0.47161719485230363, -0.3294103357928521, -0.8179645788128509]]	0.15762381660043798	0.842376183399562	[[0.08384972226811127, -0.13336317523101998, 0.0053623807725095285], [-0.11085277710790715, -0.06605711178094925, 0.09051733176752579], [-0.07433810222701255, -0.05192291435530121, -0.1289306987564513]]	0.4733436396530765	0.8070877278502061	[[0.22034823658766747, -0.5464329965951725, 0.23625031384062417], [-0.3763206369496609, -0.3967021697101447, 0.008877416344433927], [0.16057471057284503, -0.1559242872835307, -0.35888648245641874]]	[[-0.03145211679989996, -0.14594395806641897, 0.2201471075688235], [-0.04343022664498988, -0.19833294867659065, -0.26294573953775047], [0.38381171010720855, 0.0, 0.02829184838615162]]	0.6602265322329274	[[0.6727450402918723, -0.6727450402918722, 0.0], [-0.7071067811865475, -0.7071067811865476, 0.0], [0.0, 0.0, -0.9514051600000001]]
2	[[-0.5446221603179724, 0.8109226453022452, -0.2139887049042392], [-0.8354447797583356, -0.5021691245819775, 0.22328947644507607], [0.07361197229480154, 0.30038414347728, 0.9509735242804028]]	0.24946231530506682	0.7505376846949332	[[-0.13586270507936865, 0.20229464063040753, -0.05338211777454423], [-0.2084119890680461, -0.12527227249293865, 0.055702309777244864], [0.01836341304283362, 0.07493452391277165, 0.23723205716080853]]	0.6072976280074734	0.5841197798872754	[[-0.2584725941482856, 0.5441411975597605, 0.14181015656017543], [-0.6138927042663873, -0.513836281648693, 0.13560316940412534], [0.19150128300930988, 0.009048563680342105, 0.5044518356903881]]	[[0.07227515197312481, 0.051669798570161164, 0.27176498946891114], [-0.10652907118792407, -0.2088701634314688, 0.0], [0.14679690684172508, -0.17337401414446663, -0.07307212990300789]]	0.3945343620402199	[[-0.6727450402918723, 0.6727450402918722, 0.0], [-0.7071067811865475, -0.7071067811865476, 0.0], [0.0, 0.0, 0.9514051600000001]]
2	[[-0.3195682178843842, -0.5708200961323295, -0.7563336379995778], [0.910087742671785, 0.03735879733279218, -0.41272826520656647], [0.2638493031197415, -0.8202248094963509, 0.507557688474819]]	0.12170021025567324	0.8782997897443267	[[-0.03889151930756038, -0.0694689257174681, -0.09204596276798685], [0.11075786963426726, 0.0045465734902999, -0.0502291166540984], [0.032110515665485395, -0.09982153177262543, 0.06176987740426897]]	0.3786950456858513	1.0820019819628115	[[-0.19965820242740998, -0.2948060439391716, 0.19348017107609522], [0.543977586655574, -0.0795634953830876, -0.1562981492482428], [0.2677149370293479, -0.042330402984171914, 0.08099681522922272]]	[[-0.07863930155593711, -0.0786393015559371, 0.47989997267209145], [0.19933186736634922, -0.09371108684579797, 0.0], [0.16779651313023736, 0.2682846687207174, -0.1112127667959539]]	0.9888036257202077	[[1.899703618280789e-16, -0.9514051600000001, 0.0], [1.0, 1.7938038903913487e-16, 0.0], [0.0, 0.0, 0.9514051600000001]]
