2	[[0.8489524140446696, -0.5135124485683378, 0.12483895166604869], [0.522794976890395, 0.7815435453534784, -0.34040431673891397], [0.0772347773085365, 0.35425224329800037, 0.9319550081910795]]	0.22214280752000556	0.7778571924799945	[[0.18858867270676913, -0.11407309702144303, 0.02773207521095039], [0.11613514392378878, 0.17361427736396043, -0.07561837061231157], [0.017157150269500765, 0.07869458789647787, 0.20702710200189609]]	0.0	0.4302802864228455	[[0.6996114493059701, -0.69961144930597, 0.0], [0.7071067811865474, 0.7071067811865475, 0.0], [0.0, 0.0, 0.9894]]	[[0.6996114493059701, -0.69961144930597, 0.0], [0.7071067811865474, 0.7071067811865475, 0.0], [0.0, 0.0, 0.9894]]	0.4302802864228455	[[0.6996114493059702, -0.6996114493059701, 0.0], [0.7071067811865475, 0.7071067811865476, 0.0], [0.0, 0.0, 0.9894000000000001]]
2	[[-0.8305561570912853, 0.32773595720904825, 0.4502950280316503], [-0.5100865793185324, -0.772219296347621, -0.37879947194723407], [0.22358030216652452, -0.5443036842615101, 0.808545204538665]]	0.19915241473538867	0.8008475852646112	[[-0.1654072642580743, 0.06526940727379599, 0.08967734217584267], [-0.10158497399540009, -0.15378933757289143, -0.07543882953878178], [0.04452655706373121, -0.10839939307004831, 0.16102372990659386]]	0.546018995753021	0.6296389120232417	[[-0.4200579786218353, 0.1759931246105769, 0.4343221190275495], [-0.3492433565529917, -0.596622777107575, -0.0660152985272405], [0.35280761264070265, -0.2614166185266796, 0.29323214206297277]]	[[0.033441460189636577, -0.0029569336168627017, 0.18845248002912934], [-0.07072639476639288, -0.1749763724147424, 0.14081640873716292], [0.23072852058157994, 0.0357835325384596, -0.1482488985401501]]	0.6811731224419374	[[-0.692195567943327, 0.6921955679433269, 0.0], [-0.7071067811865475, -0.7071067811865476, 0.0], [0.0, 0.0, 0.9789123600000001]]
2	[[0.08740825448676931, -0.06334395238859675, -0.994156597696443], [0.7119981850616444, -0.6940087028176986, 0.10681996481098455], [-0.6967197295301035, -0.717174639895393, -0.015561310176609944]]	0.17067068034075494	0.8293293196592452	[[0.01491802626065478, -0.010810955449634202, -0.16967338289410205], [0.12151721464585352, -0.11844693747230145, 0.018231036068266232], [-0.11890963024572954, -0.12240068371408265, -0.0026558593948355323]]	0.4710815519423842	1.0291157775729858	[[0.06570409390010512, -0.016070613053718943, 0.0009008073907098638], [0.6347411696356383, -0.6372565303058765, 0.03933104091723353], [0.011190791134111987, -0.013659423775625555, 0.02735672834240574]]	[[0.024527677723902946, 0.0137695543436657, 0.46922964030731074], [0.299331959636638, -0.310321833520994, -0.010989873884355936], [0.3394026025900313, 0.3241883186000167, 0.03468737449065999]]	0.7906898314483	[[0.0, 0.0, -0.9789123600000001], [0.0, -1.0, 0.0], [-0.9789123600000001, 0.0, 0.0]]
2	[[0.04673222253661188, -0.9725397674033924, -0.22799671093185395], [-0.8377629715199755, -0.16246744520517667, 0.5213036857710898], [-0.5440306084466285, 0.16664552219444034, -0.8223502702654952]]	0.185120938727891	0.814879061272109	[[0.008651112904818292, -0.18003747469192072, -0.04220696515457642], [-0.15508746771924523, -0.030076125969104535, 0.09650422767225365], [-0.10071145693234554, 0.030849575503434395, -0.15223425399468338]]	0.48484553652813017	0.9001432115242909	[[-0.07864968463193982, -0.6059810914559983, 0.12005396768017822], [-0.30266387380877335, -0.20487613357501722, 0.0059139890895197516], [0.08898461169163539, 0.08079733761837385, -0.5419834316063137]]	[[-0.10130759414085538, -0.13444952613435765, 0.23059715531858196], [0.10352176360122967, -0.12610451793615876, -0.24683777613225605], [0.35275542393166615, 0.0, -0.14327057360538675]]	0.8686303010554391	[[0.692195567943327, -0.6921955679433269, 0.0], [-0.7071067811865475, -0.7071067811865476, 0.0], [0.0, 0.0, -0.9789123600000001]]
2	[[-0.5446221603179724, 0.8109226453022452, -0.2139887049042392], [-0.8354447797583356, -0.5021691245819775, 0.22328947644507607], [0.07361197229480154, 0.30038414347728, 0.9509735242804028]]	0.2538213898302231	0.7461786101697768	[[-0.1382367536642463, 0.205829512875417, -0.05431491048676348], [-0.2120537551246654, -0.12746126513122402, 0.056675645245752096], [0.018684293116010407, 0.07624392078036436, 0.2413774216245973]]	0.6119557949979633	0.5848908539656165	[[-0.2589937868764903, 0.550215837727018, 0.14399877601353503], [-0.6158611675212846, -0.5171646023873299, 0.13664328907262557], [0.19640639008700364, 0.007238631916463094, 0.5056328594930919]]	[[0.07429090021440268, 0.05396702563923096, 0.2749504040437933], [-0.10460589314737406, -0.20985929653033458, 0.0], [0.1513591170599703, -0.17658318540995804, -0.07632089957993698]]	0.38609070224022163	[[-0.692195567943327, 0.6921955679433269, 0.0], [-0.7071067811865475, -0.7071067811865476, 0.0], [0.0, 0.0, 0.9789123600000001]]
2	[[0.22433838825039393, -0.7661379269479729, -0.6022499185961573], [-0.9416906372873723, -0.011392912655017143, -0.3362869982418849], [0.2507808429735371, 0.642575192824231, -0.724020780340167]]	0.15187385984562138	0.8481261401543787	[[0.034071136935132924, -0.11635632413971132, -0.09146601972890969], [-0.14301819186531622, -0.0017302856198014582, -0.05107320443889275], [0.03808705459772975, 0.09759037477526039, -0.10995983051869995]]	0.4263452040874827	0.868664084739242	[[0.02109769182783103, -0.3303566285027354, 0.12109944684385074], [-0.48870049281592837, -0.1301249113374811, -0.14337434889740336], [0.30409311343739626, 0.03576960284601171, -0.33584414260158607]]	[[-0.07454790409544013, -0.00371739767894097, 0.3778658112993992], [-0.08721520587437198, -0.1252675976664269, 0.0], [0.19717390375861266, -0.2381892488801886, -0.027161355243879123]]	0.950941823212852	[[0.692195567943327, -0.6921955679433269, 0.0], [-0.7071067811865475, -0.7071067811865476, 0.0], [0.0, 0.0, -0.9789123600000001]]
2	[[0.8592155572171323, 0.2624339665249735, -0.4391776855101157], [-0.4266000482917053, 0.8413623931712975, -0.33184593135155627], [0.2824199444684594, 0.4724804086637203, 0.8348660002631537]]	0.17899180594903538	0.8210081940509647	[[0.15379254428580125, 0.046973529610673706, -0.07860920706197312], [-0.07635791306167801, 0.15059697421133297, -0.05939770254945469], [0.05055085589643585, 0.08457012162225756, 0.14943417311254978]]	0.0	0.6890263196329288	[[0.6996114493059702, 0.6996114493059701, 0.0], [-0.7071067811865475, 0.7071067811865476, 0.0], [0.0, 0.0, 0.9894000000000001]]	[[0.6996114493059702, 0.6996114493059701, 0.0], [-0.7071067811865475, 0.7071067811865476, 0.0], [0.0, 0.0, 0.9894000000000001]]	0.6890263196329288	[[0.6996114493059702, 0.6996114493059701, 0.0], [-0.7071067811865475, 0.7071067811865476, 0.0], [0.0, 0.0, 0.9894000000000001]]
2	[[-0.30792515101507295, 0.09349718223056193, 0.9468053539599837], [0.3027085282091916, -0.9338174967034747, 0.1906631317268273], [0.9019698710720718, 0.34531602882779927, 0.2592434992682147]]	0.6322545603940747	0.36774543960592543	[[-0.19468708098931398, 0.05911401984926862, 0.5986220028467257], [0.19138884743043977, -0.5904103708665507, 0.12054763453330275], [0.570274564323373, 0.21832763400354785, 0.1639078846648467]]	0.8215805207619254	0.2646914769830556	[[-0.1328039835387569, 0.1533418392602043, 0.7864579346925694], [0.28981646813794787, -0.8150695571632377, 0.15664511505422637], [0.7324597774610128, 0.2837049227917834, 0.1328039835387569]]	[[0.12018132238790127, 0.07652637559344658, 0.008581098925946863], [0.04111703789276419, -0.04786329192499916, 0.0], [-0.008581098925946863, 0.0, -0.08018542559416683]]	0.4678671009018396	[[0.0, 0.0, 0.9894000000000001], [0.0, -1.0, 0.0], [0.9894000000000001, 0.0, 0.0]]
2	[[0.3802729664721569, 0.7767473726770865, -0.5020517802076895], [0.4287143634067757, 0.332951791095048, 0.839849450446521], [0.8195098935212374, -0.5346088512602871, -0.20639019011321075]]	0.12958112917203513	0.8704188708279657	[[0.04927620038906155, 0.10065180163290843, -0.0650564365821428], [0.055553291302520194, 0.04314426904994785, 0.10882864012337336], [0.10619301737013626, -0.06927521861167259, -0.026744273884900832]]	0.4311997822015413	0.9418658609442043	[[0.14084849784290654, 0.3244173560081262, 0.1431655105995909], [0.28800306654632757, -0.25863375134187744, 0.3277771430075482], [0.6314713573418875, 0.0, -0.05629154318680836]]	[[-0.023125122477021587, -0.010515941915852825, 0.3596501288790427], [0.1031415264186534, -0.4022024911456753, -0.03436575710707585], [0.27809886974352166, 0.23052322022645205, 0.03270386183854283]]	1.0000000000000007	[[0.0, 0.0, 0.0], [0.0, 0.0, 0.0], [0.0, 0.0, 0.0]]
2	[[0.8787972042104137, -0.3840163418041313, 0.28327887866788265], [-0.395223040501579, -0.9183905790867732, -0.018907472103605397], [0.2674214316928388, -0.09534250611366366, -0.9588511794847616]]	0.6502507791670626	0.34974922083293736	[[0.5714385667676578, -0.2497069254710214, 0.18420231157536252], [-0.2569940900309273, -0.5971841896308642, -0.012294598467448912], [0.17389099432423985, -0.061996538888150224, -0.6234937265652233]]	0.8477368740292909	0.28301822517132974	[[0.6241716899874588, -0.27270366944549085, 0.2469143388624203], [-0.34511615603040013, -0.8504089601036318, -0.01602856129690646], [0.21993462076973802, -0.08082535809491578, -0.7306300069667966]]	[[-0.12081710481555787, 0.052841143731707105, 0.006768387781986685], [-0.01007101113123969, -0.07185540145066045, 0.0], [-0.006768387781986685, 0.0, 0.08222349458891388]]	0.47217159188482205	[[0.692195567943327, -0.6921955679433269, 0.0], [-0.7071067811865475, -0.7071067811865476, 0.0], [0.0, 0.0, -0.9789123600000001]]
2	[[0.034229894132735264, 0.2773841392786001, 0.9601491309293217], [-0.1827544195208179, -0.9427759796974285, 0.2788803941677556], [0.9825625356654255, -0.18501754344446375, 0.018422055382213542]]	0.8274365799360744	0.1725634200639256	[[0.02832306653276436, 0.22951778353319657, 0.794462513124752], [-0.1512176918565081, -0.7800873322867222, 0.23075583956139206], [0.8130081840843169, -0.1530902833758611, 0.015243082500851733]]	0.9245671720193154	0.12568266507841702	[[0.0, 0.2524063431444686, 0.878433800350931], [-0.17474613040579917, -0.8208154429602778, 0.2578436573673138], [0.9121280838624942, -0.17106114691640867, 0.0]]	[[-0.031647836416823595, -0.00405392607135862, -0.00928856634919531], [-0.005777393575404993, 0.050844278436313464, 0.0], [0.003683018930183941, 0.0, -0.017032427647516377]]	0.3428370779522563	[[0.0, 0.0, 0.9894000000000001], [0.0, -1.0, 0.0], [0.9894000000000001, 0.0, 0.0]]
2	[[-0.42203838922340475, -0.825029846081567, 0.3757783270710803], [0.2588054115689476, 0.28760896992378115, 0.9221175843470338], [-0.8688517462515349, 0.4864224845687207, 0.09214016247897017]]	0.11130222870045509	0.8886977712995451	[[-0.04697381331771506, -0.0918276606132718, 0.041824965300339814], [0.028805619107362422, 0.03201151934675907, 0.10263374226170474], [-0.09670513576807807, 0.05413990662251134, 0.010255405436731438]]	0.3568461446497801	1.1532578194273806	[[-0.2389873626640927, -0.4903114060233502, 0.3158286748404742], [0.18264227662726523, 0.00727219871013348, 0.038642737721636386], [0.19455017576520311, 0.17357798828931517, -0.09211482494866514]]	[[-0.08838459057551742, -0.1959026862281415, 0.18173362758221506], [0.09028856329438663, -0.09535995337386242, -0.29041136716637106], [0.5045965716872924, 0.0, -0.12499468669668995]]	1.0000000000000002	[[0.0, 0.0, 0.0], [0.0, 0.0, 0.0], [0.0, 0.0, 0.0]]
2	[[-0.3195682178843842, -0.5708200961323295, -0.7563336379995778], [0.910087742671785, 0.03735879733279218, -0.41272826520656647], [0.2638493031197415, -0.8202248094963509, 0.507557688474819]]	0.12392822538781299	0.8760717746121869	[[-0.03960352213275768, -0.07074072152938041, -0.0937310855583963], [0.11278555889651495, 0.004629809456075912, -0.051148681474440426], [0.03269837590544068, -0.10164900505993975, 0.06290072361462475]]	0.38404118199634546	1.086273194981938	[[-0.20478706571246716, -0.30127813401361003, 0.19645648165051602], [0.5458437767390416, -0.08078248472463057, -0.1585046508132309], [0.27651244623156684, -0.0407479827112652, 0.07887310038990407]]	[[-0.08205970958768263, -0.08205970958768262, 0.48691974597146986], [0.1963326043229835, -0.09512980141027795, 0.0], [0.1751834479925492, 0.27425212263044063, -0.11604995422329827]]	0.9981499736001239	[[1.9546281967524607e-16, -0.9789123600000001, 0.0], [1.0, 1.7938038903913487e-16, 0.0], [0.0, 0.0, 0.9789123600000001]]
2	[[0.5319609947059123, -0.8460851799387872, 0.03402011756955908], [-0.703274286200726, -0.4190807785627857, 0.5742617690636116], [-0.47161719485230363, -0.3294103357928521, -0.8179645788128509]]	0.16021549729593682	0.8397845027040632	[[0.08522839530884893, -0.13555595785861496, 0.005450550054473174], [-0.11267543949909431, -0.06714323534460508, 0.09200563490857096], [-0.07556038340657655, -0.05277664076347334, -0.13105060176496242]]	0.4783518135891689	0.8070944182373008	[[0.22177797148038822, -0.5601834461115114, 0.23977088606911795], [-0.3729457100159468, -0.3953892444686905, 0.012578740442520386], [0.17037385921790382, -0.15757403154152788, -0.3690512646521849]]	[[-0.03268653509588318, -0.15545706583687424, 0.22349730113120264], [-0.03653317976120127, -0.194921194002821, -0.2621204182639827], [0.39597279969533966, 0.0, 0.022223575074642794]]	0.6506063049185016	[[0.692195567943327, -0.6921955679433269, 0.0], [-0.7071067811865475, -0.7071067811865476, 0.0], [0.0, 0.0, -0.9789123600000001]]
