2	[[-0.30792515101507295, 0.09349718223056193, 0.9468053539599837], [0.3027085282091916, -0.9338174967034747, 0.1906631317268273], [0.9019698710720718, 0.34531602882779927, 0.2592434992682147]]	0.6101129214643779	0.3898870785356222	[[-0.18786911347816587, 0.057043838999375464, 0.5776581805626401], [0.18468638449789193, -0.569734121028309, 0.11632604031340213], [0.55030347311263, 0.21068177117660597, 0.1581678087091788]]	0.8104780504954054	0.2778332037772426	[[-0.12225410440087534, 0.1469587215268265, 0.7767229170782238], [0.29428668325704915, -0.8140947538546731, 0.15452828330330767], [0.7216688231099607, 0.27987106184917, 0.12225410440087534]]	[[0.1273124716923243, 0.07118130754578703, 0.009357959602124074], [0.04894806544573012, -0.05725616960794112, 0.0], [-0.009357959602124074, 0.0, -0.08785706148963439]]	0.47028242744999066	[[0.0, 0.0, 0.9752000000000001], [0.0, -1.0, 0.0], [0.9752000000000001, 0.0, 0.0]]
2	[[0.8787972042104137, -0.3840163418041313, 0.28327887866788265], [-0.395223040501579, -0.9183905790867732, -0.018907472103605397], [0.2674214316928388, -0.09534250611366366, -0.9588511794847616]]	0.627510234958046	0.372489765041954	[[0.5514542400945508, -0.24097418487323974, 0.17776039571153487], [-0.24800650300597918, -0.5762994880659971, -0.011864632262196124], [0.1678096854343903, -0.059828398412874025, -0.6016889289282826]]	0.8370963362768225	0.3000051863214613	[[0.609070390201221, -0.26514993400717957, 0.24390659070625986], [-0.3462091265245056, -0.8490724359533844, -0.015827375626184303], [0.21708262148320906, -0.07981086255919839, -0.7117211666165639]]	[[-0.12656752977363092, 0.05630873878748674, 0.0067748792287687775], [-0.015369367308447564, -0.08029104692869735, 0.0], [-0.0067748792287687775, 0.0, 0.0909296427648402]]	0.47822109890945513	[[0.6724691837943959, -0.6724691837943958, 0.0], [-0.7071067811865475, -0.7071067811865476, 0.0], [0.0, 0.0, -0.9510150400000001]]
2	[[0.5319609947059123, -0.8460851799387872, 0.03402011756955908], [-0.703274286200726, -0.4190807785627857, 0.5742617690636116], [-0.47161719485230363, -0.3294103357928521, -0.8179645788128509]]	0.1575870327318336	0.8424129672681665	[[0.08383015468477938, -0.13333205294493297, 0.00536112938097498], [-0.11082690795897074, -0.06604169636865602, 0.09049620819806803], [-0.07432075432208549, -0.05191079736879248, -0.1289006108548612]]	0.47327130433275993	0.8138538432477713	[[0.2831965324849644, -0.5462376727681827, 0.23619988485910143], [-0.3763693825451434, -0.4628287281242504, 0.008823956447144676], [0.16043651119142685, -0.15590045928137555, -0.358742288907588]]	[[0.03143465866634489, -0.1458098360819351, 0.22009913944340234], [-0.043529843811235126, -0.2644898214330524, -0.26295766002602894], [0.3836393961449339, 0.0, 0.028376874205166533]]	0.6603649572987466	[[0.6724691837943959, -0.6724691837943958, 0.0], [-0.7071067811865475, -0.7071067811865476, 0.0], [0.0, 0.0, -0.9510150400000001]]
2	[[0.034229894132735264, 0.2773841392786001, 0.9601491309293217], [-0.1827544195208179, -0.9427759796974285, 0.2788803941677556], [0.9825625356654255, -0.18501754344446375, 0.018422055382213542]]	0.8235313474664495	0.1764686525335506	[[0.028189390838765385, 0.22843453398592684, 0.7907129075629646], [-0.15050399336342798, -0.7764055729192254, 0.22966674679094634], [0.8091710489665994, -0.15236774685775162, 0.015171140092015875]]	0.9127533008790657	0.12844732448703816	[[0.0, 0.24207992772801223, 0.8601474442462783], [-0.17757381996763186, -0.8210088672230212, 0.2545490003270739], [0.8904697634352171, -0.16887537349947024, 0.0]]	[[-0.031243448858395077, -0.011103361010028526, -0.016231844345626384], [-0.010764120299767754, 0.03951302023530186, 0.0], [-0.006367434313504933, 0.0, -0.01681479185909237]]	0.34891329988437464	[[0.0, 0.0, 0.9752000000000001], [0.0, -1.0, 0.0], [0.9752000000000001, 0.0, 0.0]]
2	[[-0.5446221603179724, 0.8109226453022452, -0.2139887049042392], [-0.8354447797583356, -0.5021691245819775, 0.22328947644507607], [0.07361197229480154, 0.30038414347728, 0.9509735242804028]]	0.24939991213386564	0.7506000878661344	[[-0.13582871892945836, 0.20224403648574188, -0.05336876420075695], [-0.2083598546644257, -0.12524093554708543, 0.05568837580581885], [0.01835881942232405, 0.07491577898964012, 0.237172713397165]]	0.6072301508799612	0.5841107962903368	[[-0.25846438144184297, 0.5440539864599799, 0.14177890719492514], [-0.6138641895638606, -0.5137881309782516, 0.1355881024716511], [0.1914316473080919, 0.009074006105407623, 0.5044336178776007]]	[[0.07224661514060973, 0.05163730620112028, 0.2717193007605338], [-0.10655692989933042, -0.2088558976910795, 0.0], [0.146732238264948, -0.173328302660249, -0.07302617875403662]]	0.3946616021723142	[[-0.6724691837943959, 0.6724691837943958, 0.0], [-0.7071067811865475, -0.7071067811865476, 0.0], [0.0, 0.0, 0.9510150400000001]]
2	[[0.8592155572171323, 0.2624339665249735, -0.4391776855101157], [-0.4266000482917053, 0.8413623931712975, -0.33184593135155627], [0.2824199444684594, 0.4724804086637203, 0.8348660002631537]]	0.17612514809533192	0.8238748519046681	[[0.15132946726068058, 0.04622122121945632, -0.07735023490063425], [-0.07513499668285234, 0.1481850760991376, -0.05844641380412619], [0.04974125454458285, 0.08321568194804069, 0.14704089793610536]]	0.0	0.6885993539937726	[[0.6895705330131209, 0.689570533013121, 0.0], [-0.7071067811865474, 0.7071067811865475, 0.0], [0.0, 0.0, 0.9751999999999998]]	[[0.6895705330131211, 0.689570533013121, 0.0], [-0.7071067811865474, 0.7071067811865475, 0.0], [0.0, 0.0, 0.9751999999999998]]	0.6885993539937724	[[0.6895705330131212, 0.6895705330131211, 0.0], [-0.7071067811865475, 0.7071067811865476, 0.0], [0.0, 0.0, 0.9752000000000001]]
2	[[-0.3195682178843842, -0.5708200961323295, -0.7563336379995778], [0.910087742671785, 0.03735879733279218, -0.41272826520656647], [0.2638493031197415, -0.8202248094963509, 0.507557688474819]]	0.12166827991930708	0.8783317200806928	[[-0.03888131538687139, -0.06945069923979406, -0.09202181278052052], [0.11072881022652103, 0.0045453806113347935, -0.05021593810176254], [0.032102090868486824, -0.09979534171856234, 0.06175367091655073]]	0.3786181021993106	1.081942537848516	[[-0.19958533357170827, -0.2947138428879577, 0.19343743540841207], [0.543950727787182, -0.07954595125690997, -0.1562663924965239], [0.26759037837609295, -0.042352283590022285, 0.08102604043211872]]	[[-0.07859102139310704, -0.07859102139310703, 0.4797990420573125], [0.19937503382193625, -0.09369066820350043, 0.0], [0.1676922559622858, 0.26819967715827714, -0.11114448833488604]]	0.9886757530943411	[[1.8989246521717931e-16, -0.9510150400000001, 0.0], [1.0, 1.7938038903913487e-16, 0.0], [0.0, 0.0, 0.9510150400000001]]
2	[[0.3802729664721569, 0.7767473726770865, -0.5020517802076895], [0.4287143634067757, 0.332951791095048, 0.839849450446521], [0.8195098935212374, -0.5346088512602871, -0.20639019011321075]]	0.12831925505455055	0.8716807449454499	[[0.048796343775091254, 0.0996716442275031, -0.06442291043506161], [0.055012307743543334, 0.042724125802394874, 0.10776885583927125], [0.1051588990464793, -0.06860060953928908, -0.026483835445894263]]	0.42571273566968154	0.9455367600988972	[[0.14322969488046222, 0.32110274803459454, 0.13635659107533735], [0.2847314764802627, -0.2643406011238463, 0.32785489678818786], [0.6163829764001744, 0.0, -0.06147745507218225]]	[[-0.018657349977624832, -0.009568500912005663, 0.35008642787538635], [0.10222231201347814, -0.40608241895703945, -0.029679710312079274], [0.26750717772087895, 0.2275897965832428, 0.026385477376298386]]	1.0000000000000007	[[0.0, 0.0, 0.0], [0.0, 0.0, 0.0], [0.0, 0.0, 0.0]]
2	[[-0.8305561570912853, 0.32773595720904825, 0.4502950280316503], [-0.5100865793185324, -0.772219296347621, -0.37879947194723407], [0.22358030216652452, -0.5443036842615101, 0.808545204538665]]	0.19567594588750128	0.8043240541124986	[[-0.16251986165152538, 0.06413004342822612, 0.08811190553853207], [-0.09981167389267381, -0.1511047412454014, -0.07412194497496104], [0.04374928710824802, -0.10650713826792284, 0.1582128476909064]]	0.5393615762839782	0.6375788510340036	[[-0.4089507876699777, 0.16854852941490964, 0.42617673162425773], [-0.3503950463826287, -0.5985012388264485, -0.06412665624193327], [0.34447565709790867, -0.25822925673295527, 0.285485268323862]]	[[0.03901929041114128, -0.00821965307030106, 0.1833048955122687], [-0.07527394492008262, -0.18199582191149102, 0.14018322404306546], [0.22388503289532388, 0.035347236387509556, -0.15061294769296393]]	0.680403736683986	[[-0.6724691837943959, 0.6724691837943958, 0.0], [-0.7071067811865475, -0.7071067811865476, 0.0], [0.0, 0.0, 0.9510150400000001]]
2	[[0.04673222253661188, -0.9725397674033924, -0.22799671093185395], [-0.8377629715199755, -0.16246744520517667, 0.5213036857710898], [-0.5440306084466285, 0.16664552219444034, -0.8223502702654952]]	0.18283768010548063	0.8171623198945192	[[0.008544411154767166, -0.17781691488236, -0.041686389698460065], [-0.15317463819098615, -0.029705170773978808, 0.09531395653682251], [-0.09946929435475463, 0.03046908067799786, -0.15035661564945824]]	0.47959633182847267	0.8944005640009801	[[-0.07260498694258029, -0.5951012677812181, 0.1152668184237822], [-0.3017219487916299, -0.20189750234304987, 0.002354558143804947], [0.08308931674641584, 0.0799225811600939, -0.5287713367607275]]	[[-0.0950175894493312, -0.12867476277723508, 0.22461320465565593], [0.10006609929107153, -0.1239787115811037, -0.24766077732067243], [0.3440044009598309, 0.0, -0.13437516366324287]]	0.8727647306256434	[[0.6724691837943959, -0.6724691837943958, 0.0], [-0.7071067811865475, -0.7071067811865476, 0.0], [0.0, 0.0, -0.9510150400000001]]
2	[[0.22433838825039393, -0.7661379269479729, -0.6022499185961573], [-0.9416906372873723, -0.011392912655017143, -0.3362869982418849], [0.2507808429735371, 0.642575192824231, -0.724020780340167]]	0.14898114027650491	0.8510188597234949	[[0.03342218888933696, -0.11414010196578661, -0.08972387960388786], [-0.14029414493078135, -0.001697329118415039, -0.05010042045823902], [0.0373616159457007, 0.09573158494034896, -0.10786544143896298]]	0.420332176895986	0.847877997919162	[[0.16811491182149235, -0.324594126061456, 0.1173530297208821], [-0.4827405269517505, -0.28395340207647035, -0.14135224603282806], [0.2970827167378583, 0.03723679500042781, -0.33234405535104616]]	[[0.07381826872686743, -0.002561703424836817, 0.37049804903983524], [-0.08691765141818103, -0.2791645942990012, 0.0], [0.19167145908698105, -0.23285823461873917, -0.028014824632733387]]	0.9531899748838492	[[0.6724691837943959, -0.6724691837943958, 0.0], [-0.7071067811865475, -0.7071067811865476, 0.0], [0.0, 0.0, -0.9510150400000001]]
2	[[0.8489524140446696, -0.5135124485683378, 0.12483895166604869], [0.522794976890395, 0.7815435453534784, -0.34040431673891397], [0.0772347773085365, 0.35425224329800037, 0.9319550081910795]]	0.21943034318510934	0.7805696568148908	[[0.1862859195616489, -0.11268021281917617, 0.02739345400695034], [0.11471708119451073, 0.17149436837102086, -0.07469503604371257], [0.016947653690637637, 0.07773369132097507, 0.20449920728044998]]	0.0	0.4348587189383334	[[0.689570533013121, -0.689570533013121, 0.0], [0.7071067811865474, 0.7071067811865474, 0.0], [0.0, 0.0, 0.9751999999999997]]	[[0.6895705330131211, -0.689570533013121, 0.0], [0.7071067811865474, 0.7071067811865475, 0.0], [0.0, 0.0, 0.9751999999999997]]	0.4348587189383334	[[0.6895705330131212, -0.6895705330131211, 0.0], [0.7071067811865475, 0.7071067811865476, 0.0], [0.0, 0.0, 0.9752000000000001]]
2	[[-0.42203838922340475, -0.825029846081567, 0.3757783270710803], [0.2588054115689476, 0.28760896992378115, 0.9221175843470338], [-0.8688517462515349, 0.4864224845687207, 0.09214016247897017]]	0.1100968456579607	0.8899031543420394	[[-0.04646509540006352, -0.09083318362725334, 0.04137200847715143], [0.02849365945295146, 0.03166484037154362, 0.10152223736234695], [-0.09565783660670488, 0.05355358120812422, 0.010144341247346617]]	0.35258383289851514	1.147128752462079	[[-0.23631646913730886, -0.47973622539538996, 0.30773613743200257], [0.1832707640819641, 0.00915723945542251, 0.0345325580016159], [0.1855979892338138, 0.1715047040172584, -0.09127431225419]]	[[-0.0875125562346055, -0.188844040008279, 0.1752427745530893], [0.09202016009610688, -0.09224903353629799, -0.2905911942705811], [0.49194106814774813, 0.0, -0.12376144390491725]]	1.0000000000000002	[[0.0, 0.0, 0.0], [0.0, 0.0, 0.0], [0.0, 0.0, 0.0]]
2	[[0.08740825448676931, -0.06334395238859675, -0.994156597696443], [0.7119981850616444, -0.6940087028176986, 0.10681996481098455], [-0.6967197295301035, -0.717174639895393, -0.015561310176609944]]	0.1660068159654974	0.8339931840345026	[[0.014510366016450442, -0.010515527846701001, -0.1650367713546785], [0.11819655167529655, -0.11521017500711132, 0.017732842239818022], [-0.11566022391963503, -0.11905587846023638, -0.0025832835546705027]]	0.4643970712559124	1.0278496083530555	[[0.06428249386129553, -0.015770265308101647, 0.000510782710727662], [0.6348559180669059, -0.6370628717823876, 0.03904566222690047], [0.010368140360847686, -0.0133352454964603, 0.026276596552130063]]	[[0.023690356474048407, 0.013646480662936666, 0.46219419505069814], [0.30420604618475305, -0.3147672627677335, -0.010561216582980365], [0.3339227422408391, 0.3197185568499738, 0.033503223423052515]]	0.7993475820301911	[[0.0, 0.0, -0.9510150400000001], [0.0, -1.0, 0.0], [-0.9510150400000001, 0.0, 0.0]]
