2	[[-0.42203838922340475, -0.825029846081567, 0.3757783270710803], [0.2588054115689476, 0.28760896992378115, 0.9221175843470338], [-0.8688517462515349, 0.4864224845687207, 0.09214016247897017]]	0.11125183556090612	0.8887481644390942	[[-0.04695254547827192, -0.09178608476910613, 0.041806028650664254], [0.028792577090141186, 0.03199702582780207, 0.10258727386159619], [-0.09666135160078182, 0.05411539426636671, 0.010250762204665552]]	0.35666771129317565	1.152991857149481	[[-0.2388757668731778, -0.48986314860835034, 0.31548481704239134], [0.18266858702703653, 0.007351112259199495, 0.038470673075385875], [0.19416761645819186, 0.17349119429266568, -0.09207994392572517]]	[[-0.08834830051100763, -0.1956016416578767, 0.18145682117237077], [0.09036105321245158, -0.0952297207909034, -0.29041889527686254], [0.5040589802468058, 0.0, -0.12494336479528083]]	1.0000000000000002	[[0.0, 0.0, 0.0], [0.0, 0.0, 0.0], [0.0, 0.0, 0.0]]
2	[[0.3802729664721569, 0.7767473726770865, -0.5020517802076895], [0.4287143634067757, 0.332951791095048, 0.839849450446521], [0.8195098935212374, -0.5346088512602871, -0.20639019011321075]]	0.12952903547881484	0.8704709645211858	[[0.04925639056580617, 0.10061133799356654, -0.06503028285072393], [0.05553095798799376, 0.04312692436148542, 0.10878488926375056], [0.10615032607315211, -0.06924736886218219, -0.026733522257653422]]	0.43096990368986415	0.9420129432325729	[[0.14095316834213809, 0.3242794486578199, 0.1428743843542758], [0.2878660040572748, -0.2588728384585306, 0.3277804004837272], [0.6308309343471499, 0.0, -0.056515750674726056]]	[[-0.02293303539422635, -0.010475291736179108, 0.3592435917177086], [0.10310301614939524, -0.40236503980013133, -0.03416943628919532], [0.2776468344634114, 0.23040032513939493, 0.03243220968089712]]	1.0000000000000007	[[0.0, 0.0, 0.0], [0.0, 0.0, 0.0], [0.0, 0.0, 0.0]]
2	[[0.8489524140446696, -0.5135124485683378, 0.12483895166604869], [0.522794976890395, 0.7815435453534784, -0.34040431673891397], [0.0772347773085365, 0.35425224329800037, 0.9319550081910795]]	0.22202984024238395	0.7779701597576162	[[0.1884927688637242, -0.11401508691810347, 0.02771797249443947], [0.11607608519849522, 0.1735259885172991, -0.07557991606335893], [0.01714842526697047, 0.07865456898496115, 0.20692182158175496]]	0.0	0.43046947724802176	[[0.6991871852372581, -0.699187185237258, 0.0], [0.7071067811865474, 0.7071067811865475, 0.0], [0.0, 0.0, 0.9887999999999998]]	[[0.6991871852372581, -0.699187185237258, 0.0], [0.7071067811865474, 0.7071067811865475, 0.0], [0.0, 0.0, 0.9887999999999998]]	0.43046947724802176	[[0.6991871852372582, -0.6991871852372581, 0.0], [0.7071067811865475, 0.7071067811865476, 0.0], [0.0, 0.0, 0.9887999999999999]]
2	[[-0.3195682178843842, -0.5708200961323295, -0.7563336379995778], [0.910087742671785, 0.03735879733279218, -0.41272826520656647], [0.2638493031197415, -0.8202248094963509, 0.507557688474819]]	0.12383303033585266	0.8761669696641471	[[-0.03957310081965133, -0.07068638228066909, -0.09365908633842754], [0.11269892304656287, 0.004626253083422672, -0.0511093917857886], [0.03267325875732052, -0.1015709237165806, 0.0628524066340975]]	0.38381367513525355	1.1032412652721213	[[-0.04074318126973411, -0.30100002983050295, 0.19632953932067188], [0.545764360311283, -0.2482857694036881, -0.1584107523011299], [0.2761322394119171, -0.04081785395960146, 0.07896726870601359]]	[[0.08191147089289479, -0.08191147089289477, 0.4866207325497062], [0.19646023910087831, -0.26262458670662037, 0.0], [0.17486326869965368, 0.2739956446103062, -0.11584031305066081]]	0.9977333307519073	[[1.952258232500206e-16, -0.9777254399999998, 0.0], [1.0, 1.7938038903913487e-16, 0.0], [0.0, 0.0, 0.9777254399999998]]
2	[[-0.8305561570912853, 0.32773595720904825, 0.4502950280316503], [-0.5100865793185324, -0.772219296347621, -0.37879947194723407], [0.22358030216652452, -0.5443036842615101, 0.808545204538665]]	0.19900587523293664	0.8009941247670633	[[-0.1652855549720556, 0.06522138100969091, 0.08961135616647829], [-0.10151022616185933, -0.1536761769414208, -0.07538332045263353], [0.044493793717493665, -0.10831963107897381, 0.16090524609461077]]	0.5457399750843215	0.6299736281157023	[[-0.41958424631790087, 0.17567468907361422, 0.43397749285739073], [-0.3492918217347964, -0.5967025938584718, -0.06593618451690175], [0.3524538239045687, -0.26128303225902616, 0.29290225952628945]]	[[0.03368345015922705, -0.0031839240478880003, 0.18823349547880402], [-0.07091718464665374, -0.1752716543100887, 0.14078982986553593], [0.23043711537086453, 0.03576524682815475, -0.1483531802531892]]	0.681120201977616	[[-0.6913562887626008, 0.6913562887626007, 0.0], [-0.7071067811865475, -0.7071067811865476, 0.0], [0.0, 0.0, 0.9777254399999998]]
2	[[0.034229894132735264, 0.2773841392786001, 0.9601491309293217], [-0.1827544195208179, -0.9427759796974285, 0.2788803941677556], [0.9825625356654255, -0.18501754344446375, 0.018422055382213542]]	0.8272727688267213	0.17272723117327868	[[0.028317459295833444, 0.2294723449296244, 0.7943052300304703], [-0.15118775465230722, -0.7799328951076168, 0.2307101558546466], [0.8128472294253407, -0.1530599754468197, 0.015240064763523001]]	0.9240710179611978	0.1257475375795925	[[0.0, 0.25196501778965386, 0.8776578558352031], [-0.1748643767634867, -0.8208237774680122, 0.25770528972801804], [0.9112073600466828, -0.17096934971140576, 0.0]]	[[-0.03163085311594071, -0.004357626159812822, -0.009588128977214803], [-0.0059863142799766724, 0.05036818180035641, 0.0], [0.003249797503797299, 0.0, -0.017023287469979633]]	0.3430908503203088	[[0.0, 0.0, 0.9887999999999999], [0.0, -1.0, 0.0], [0.9887999999999999, 0.0, 0.0]]
2	[[-0.5446221603179724, 0.8109226453022452, -0.2139887049042392], [-0.8354447797583356, -0.5021691245819775, 0.22328947644507607], [0.07361197229480154, 0.30038414347728, 0.9509735242804028]]	0.253634947846795	0.7463650521532048	[[-0.13813521322845776, 0.20567832284902, -0.054275014008189924], [-0.2118979931428826, -0.1273676397236205, 0.05663401471288504], [0.01867056875389169, 0.0761879165648641, 0.24120012023454285]]	0.6117587718182782	0.5838571506723684	[[-0.3870450380213254, 0.5499566956499161, 0.1439049271725298], [-0.6157779088295363, -0.3860344984076807, 0.13659929586998612], [0.19619493209011019, 0.007317367609594028, 0.5055860282154896]]	[[-0.05386765412018529, 0.05386765412018528, 0.27481439446773115], [-0.10468723644258515, -0.0788281315083503, 0.0], [0.1511621623279213, -0.17644526707775224, -0.07618036702998897]]	0.3864329144909414	[[-0.6913562887626008, 0.6913562887626007, 0.0], [-0.7071067811865475, -0.7071067811865476, 0.0], [0.0, 0.0, 0.9777254399999998]]
2	[[0.8787972042104137, -0.3840163418041313, 0.28327887866788265], [-0.395223040501579, -0.9183905790867732, -0.018907472103605397], [0.2674214316928388, -0.09534250611366366, -0.9588511794847616]]	0.6492659654481167	0.35073403455188334	[[0.57057311522478, -0.24932874090931323, 0.18392333464936275], [-0.2566048689585978, -0.5962797459892287, -0.01227597812953069], [0.17362763402956852, -0.06190264428013079, -0.6225494367692391]]	0.8473071099898858	0.28374168436974045	[[0.6235291482546672, -0.2723731662587156, 0.2467931026528125], [-0.3451827561943537, -0.8503847392089776, -0.016020435545320275], [0.21981918578946355, -0.08078438331436137, -0.7298617374121228]]	[[-0.12108197111205006, 0.05300661050423106, 0.006768894647553332], [-0.010307463945545119, -0.0722258718010263, 0.0], [-0.006768894647553332, 0.0, 0.082579684387504]]	0.47240675807912474	[[0.6913562887626008, -0.6913562887626007, 0.0], [-0.7071067811865475, -0.7071067811865476, 0.0], [0.0, 0.0, -0.9777254399999998]]
2	[[0.22433838825039393, -0.7661379269479729, -0.6022499185961573], [-0.9416906372873723, -0.011392912655017143, -0.3362869982418849], [0.2507808429735371, 0.642575192824231, -0.724020780340167]]	0.1517522628315948	0.8482477371684053	[[0.03404385805699012, -0.11626316405546194, -0.09139278793711064], [-0.1429036850956853, -0.0017289002756415706, -0.051032312944050556], [0.03805656039604914, 0.0975122395505254, -0.10987179175371738]]	0.42609295226351995	0.8686589200782692	[[0.021071331796910373, -0.3301135865017144, 0.1209398795113786], [-0.4884504669617095, -0.13006565480817156, -0.14328951988872185], [0.3037958144109449, 0.03583347596598483, -0.3356987677837713]]	[[-0.07451767435873975, -0.003667615367399818, 0.37755432532647976], [-0.0872027232010175, -0.12521121502011492, 0.0], [0.19693986465721622, -0.23796328499579236, -0.027198615988492034]]	0.9510276410620133	[[0.6913562887626008, -0.6913562887626007, 0.0], [-0.7071067811865475, -0.7071067811865476, 0.0], [0.0, 0.0, -0.9777254399999998]]
2	[[-0.30792515101507295, 0.09349718223056193, 0.9468053539599837], [0.3027085282091916, -0.9338174967034747, 0.1906631317268273], [0.9019698710720718, 0.34531602882779927, 0.2592434992682147]]	0.6313019371174324	0.3686980628825677	[[-0.19439374432299347, 0.05902495225717534, 0.5977200540280939], [0.19110048024042958, -0.5895207945830551, 0.12036600439602226], [0.5694153268293598, 0.21799867791668884, 0.16366092327312562]]	0.8211134349244226	0.2652398472959321	[[-0.13235358788923715, 0.15306884167597756, 0.7860493012674742], [0.290003327074373, -0.8150290458806462, 0.15655605900566277], [0.7320048741617691, 0.28354363056525517, 0.13235358788923715]]	[[0.12048789056037089, 0.07629704921888619, 0.00861470487255838], [0.04144528769560721, -0.04825895356993044, 0.0], [-0.00861470487255838, 0.0, -0.08051473227671363]]	0.4679628417851835	[[0.0, 0.0, 0.9887999999999999], [0.0, -1.0, 0.0], [0.9887999999999999, 0.0, 0.0]]
2	[[0.04673222253661188, -0.9725397674033924, -0.22799671093185395], [-0.8377629715199755, -0.16246744520517667, 0.5213036857710898], [-0.5440306084466285, 0.16664552219444034, -0.8223502702654952]]	0.18502538619794778	0.8149746138020519	[[0.008646647522725044, -0.17994454605667504, -0.04218517949202813], [-0.15500741734782383, -0.03006060179368171, 0.0964544157862095], [-0.10065947343134203, 0.030833652102185007, -0.15215567634586002]]	0.4846254016551509	0.8998932793498268	[[-0.07839160043125955, -0.605521159959815, 0.11984952950598116], [-0.3026250063965915, -0.2047503978133311, 0.005765134378566557], [0.08873217694387994, 0.08076065312751302, -0.541422868888081]]	[[-0.10103922254830303, -0.13420368455633908, 0.23034252711738423], [0.10337621016808923, -0.12601454692488614, -0.2468718737225584], [0.35238322907502345, 0.0, -0.1428910388594436]]	0.8687966090079918	[[0.6913562887626008, -0.6913562887626007, 0.0], [-0.7071067811865475, -0.7071067811865476, 0.0], [0.0, 0.0, -0.9777254399999998]]
2	[[0.5319609947059123, -0.8460851799387872, 0.03402011756955908], [-0.703274286200726, -0.4190807785627857, 0.5742617690636116], [-0.47161719485230363, -0.3294103357928521, -0.8179645788128509]]	0.16010374068874395	0.8398962593112563	[[0.08516894515292167, -0.1354614022495089, 0.005446748081557262], [-0.11259684395094252, -0.06709640029865313, 0.09194145736161984], [-0.07550767706898596, -0.052739826981970855, -0.13095918881883034]]	0.4781394006147372	0.8070347774499564	[[0.22171837862796687, -0.5595909922817685, 0.23962038174869862], [-0.3730888516635067, -0.3954449299059979, 0.01242175522774104], [0.1699488405528657, -0.1575040605122936, -0.3686127499206989]]	[[-0.032633132531137456, -0.1550443314768245, 0.22335402312514674], [-0.03682570599173445, -0.1950658976348302, -0.26215542282829285], [0.3954476034191498, 0.0, 0.022488343516963404]]	0.6510157399486279	[[0.6913562887626008, -0.6913562887626007, 0.0], [-0.7071067811865475, -0.7071067811865476, 0.0], [0.0, 0.0, -0.9777254399999998]]
2	[[0.8592155572171323, 0.2624339665249735, -0.4391776855101157], [-0.4266000482917053, 0.8413623931712975, -0.33184593135155627], [0.2824199444684594, 0.4724804086637203, 0.8348660002631537]]	0.1788712504820413	0.8211287495179589	[[0.1536889611530523, 0.0469418917612842, -0.07855626179100308], [-0.0763064840936365, 0.15049554337511273, -0.059357696708230503], [0.05051680862814201, 0.08451316152594555, 0.14933352545201053]]	0.0	0.6890031930223887	[[0.6991871852372582, 0.6991871852372581, 0.0], [-0.7071067811865475, 0.7071067811865476, 0.0], [0.0, 0.0, 0.9887999999999999]]	[[0.6991871852372582, 0.6991871852372581, 0.0], [-0.7071067811865475, 0.7071067811865476, 0.0], [0.0, 0.0, 0.9887999999999999]]	0.6890031930223887	[[0.6991871852372582, 0.6991871852372581, 0.0], [-0.7071067811865475, 0.7071067811865476, 0.0], [0.0, 0.0, 0.9887999999999999]]
2	[[0.08740825448676931, -0.06334395238859675, -0.994156597696443], [0.7119981850616444, -0.6940087028176986, 0.10681996481098455], [-0.6967197295301035, -0.717174639895393, -0.015561310176609944]]	0.17047248024552605	0.829527519754474	[[0.01490070193629171, -0.010798400672238605, -0.16947634096176625], [0.12137609653777157, -0.11830938488131333, 0.018209864341068346], [-0.11877154032898887, -0.12225853963215964, -0.0026527751416766145]]	0.47080110861515745	1.0290616075130787	[[0.06564387499339502, -0.016057926939061634, 0.0008839996223552818], [0.6347459838363771, -0.6372484054801465, 0.03931906802761192], [0.011155495071159796, -0.013645669469329401, 0.02731059671776015]]	[[0.024491971878908215, 0.013764476069555475, 0.4689340279549138], [0.2995364489773749, -0.31050833880500667, -0.01097188982763171], [0.3391719161279852, 0.32400094606409796, 0.03463687880041245]]	0.7910536472296834	[[0.0, 0.0, -0.9777254399999998], [0.0, -1.0, 0.0], [-0.9777254399999998, 0.0, 0.0]]
