2	[[0.034229894132735264, 0.2773841392786001, 0.9601491309293217], [-0.1827544195208179, -0.9427759796974285, 0.2788803941677556], [0.9825625356654255, -0.18501754344446375, 0.018422055382213542]]	0.7557977519639018	0.24420224803609838	[[0.025870877035483658, 0.2096463088972078, 0.7256785547064751], [-0.13812537943530198, -0.7125479660608817, 0.21077717497879653], [0.7426185556198798, -0.13983584340920924, 0.013923348044431488]]	0.8699510272699091	0.1947505372115385	[[0.0, 0.20767491293833926, 0.7970306236628661], [-0.18803403578421, -0.8216204531828681, 0.24261228539167617], [0.8163821473573772, -0.16095620198246627, 0.0]]	[[-0.029778331564113275, -0.033635703975458446, -0.038252099121407666], [-0.029046640783958515, -0.0014515211596952526, 0.0], [-0.03839913990168637, 0.0, -0.01602628600417983]]	0.3714897686377152	[[0.0, 0.0, 0.9252], [0.0, -1.0, 0.0], [0.9252, 0.0, 0.0]]
2	[[0.8592155572171323, 0.2624339665249735, -0.4391776855101157], [-0.4266000482917053, 0.8413623931712975, -0.33184593135155627], [0.2824199444684594, 0.4724804086637203, 0.8348660002631537]]	0.16581026076796487	0.8341897392320352	[[0.14246675559806493, 0.04351424442387721, -0.07282016655790348], [-0.07073466525087399, 0.1395065178120919, -0.055023460412189716], [0.04682812463838938, 0.07834209976828607, 0.13842934920994135]]	0.0	0.6890605762316526	[[0.6542151939537938, 0.6542151939537937, 0.0], [-0.7071067811865475, 0.7071067811865476, 0.0], [0.0, 0.0, 0.9252]]	[[0.6542151939537938, 0.6542151939537937, 0.0], [-0.7071067811865475, 0.7071067811865476, 0.0], [0.0, 0.0, 0.9252]]	0.6890605762316526	[[0.6542151939537938, 0.6542151939537937, 0.0], [-0.7071067811865475, 0.7071067811865476, 0.0], [0.0, 0.0, 0.9252]]
2	[[0.04673222253661188, -0.9725397674033924, -0.22799671093185395], [-0.8377629715199755, -0.16246744520517667, 0.5213036857710898], [-0.5440306084466285, 0.16664552219444034, -0.8223502702654952]]	0.17443088647099902	0.8255691135290008	[[0.008151543003821204, -0.169640973756473, -0.03976966840031542], [-0.14613173777480765, -0.028339340489817413, 0.09093146402965031], [-0.09489574129870249, 0.02906812616279877, -0.14344328663207603]]	0.458757740815707	0.8759346342380223	[[0.12335828907041346, -0.5489536387125101, 0.09507719940175327], [-0.30712823477744294, -0.39130846669943825, 0.0], [0.0672297324332053, 0.06722973243320529, -0.4822941326825527]]	[[0.10191952023622054, -0.10279349216509659, 0.1996724554222624], [0.07720201337611447, -0.3167752685810116, -0.23915210116324637], [0.3168079852987752, -0.009220190845769943, -0.10503458053636813]]	0.8902096437315262	[[0.60527989744605, -0.6052798974460499, 0.0], [-0.7071067811865475, -0.7071067811865476, 0.0], [0.0, 0.0, -0.85599504]]
2	[[-0.30792515101507295, 0.09349718223056193, 0.9468053539599837], [0.3027085282091916, -0.9338174967034747, 0.1906631317268273], [0.9019698710720718, 0.34531602882779927, 0.2592434992682147]]	0.5383148077754791	0.4616851922245211	[[-0.16576066847791437, 0.050330917679993877, 0.509679342117763], [0.1629524831749292, -0.5026877862353102, 0.10263678710539789], [0.485543737765436, 0.18588873168022857, 0.13955461447561157]]	0.7705492235888071	0.3259736625492103	[[-0.08695933677702017, 0.12575879216993682, 0.7413482516918974], [0.3108464248881989, -0.8103888735686867, 0.14691532811911717], [0.6832240625467749, 0.26608299790603085, 0.08695933677702017]]	[[0.15031214926111042, 0.053714610994436134, 0.011788121308306468], [0.07759460350289583, -0.09083652651018091, 0.0], [-0.011788121308306468, 0.0, -0.11280054030454813]]	0.481143383762127	[[0.0, 0.0, 0.9252], [0.0, -1.0, 0.0], [0.9252, 0.0, 0.0]]
2	[[0.8489524140446696, -0.5135124485683378, 0.12483895166604869], [0.522794976890395, 0.7815435453534784, -0.34040431673891397], [0.0772347773085365, 0.35425224329800037, 0.9319550081910795]]	0.20923161723125394	0.7907683827687461	[[0.17762768654294336, -0.1074430400823344, 0.02612025575054172], [0.10938523849515337, 0.1635236199309561, -0.07122334570378298], [0.01615995736276085, 0.07412076977304026, 0.19499445355058603]]	0.0	0.452570401617864	[[0.6542151939537941, -0.6542151939537938, 0.0], [0.7071067811865476, 0.7071067811865477, 0.0], [0.0, 0.0, 0.9252000000000002]]	[[0.6542151939537939, -0.6542151939537938, 0.0], [0.7071067811865476, 0.7071067811865477, 0.0], [0.0, 0.0, 0.9252000000000002]]	0.45257040161786405	[[0.6542151939537938, -0.6542151939537937, 0.0], [0.7071067811865475, 0.7071067811865476, 0.0], [0.0, 0.0, 0.9252]]
2	[[0.8787972042104137, -0.3840163418041313, 0.28327887866788265], [-0.395223040501579, -0.9183905790867732, -0.018907472103605397], [0.2674214316928388, -0.09534250611366366, -0.9588511794847616]]	0.5559086849428293	0.4440913150571707	[[0.4885309981240462, -0.21347801956889068, 0.15747718891234194], [-0.21970792070433934, -0.5105412990840117, -0.010510827952708508], [0.14866189641789462, -0.05300172719280043, -0.5330336982432546]]	0.7981000281499493	0.3585461140279491	[[0.557129044746361, -0.23977938585877354, 0.23284111259428608], [-0.34988069742767147, -0.8433313452384211, -0.015090054018131847], [0.20667282060679149, -0.07609285681320167, -0.6460165603083952]]	[[-0.14423902867206687, 0.06670406734514418, 0.006756231555162874], [-0.03445317767785274, -0.11036379821661896, 0.0], [-0.006756231555162874, 0.0, 0.11924259303000519]]	0.5062511071961396	[[0.60527989744605, -0.6052798974460499, 0.0], [-0.7071067811865475, -0.7071067811865476, 0.0], [0.0, 0.0, -0.85599504]]
2	[[-0.5446221603179724, 0.8109226453022452, -0.2139887049042392], [-0.8354447797583356, -0.5021691245819775, 0.22328947644507607], [0.07361197229480154, 0.30038414347728, 0.9509735242804028]]	0.23369208063896932	0.7663079193610308	[[-0.12727388580679733, 0.18950620021793857, -0.050007465682310064], [-0.1952368288406909, -0.11735294755621214, 0.052180982335235965], [0.01720253496551035, 0.07019739548016024, 0.2222349815216607]]	0.5894985158946088	0.5800273073741781	[[-0.3409719538669352, 0.5218417007868477, 0.133975519100398], [-0.6063710979702834, -0.40159461951072306, 0.13162881497925655], [0.17440727370046877, 0.015062722437289748, 0.4986492634366874]]	[[-0.019917998636174862, 0.0438040048758439, 0.26012154305965646], [-0.11387764019084634, -0.10556666584155247, 0.0], [0.1310131252806082, -0.16201328434084003, -0.061948217781675634]]	0.4312195136714431	[[-0.60527989744605, 0.6052798974460499, 0.0], [-0.7071067811865475, -0.7071067811865476, 0.0], [0.0, 0.0, 0.85599504]]
2	[[0.08740825448676931, -0.06334395238859675, -0.994156597696443], [0.7119981850616444, -0.6940087028176986, 0.10681996481098455], [-0.6967197295301035, -0.717174639895393, -0.015561310176609944]]	0.1500369108221728	0.8499630891778274	[[0.013114464483553197, -0.009503930935651834, -0.14916018479185592], [0.10682600819764282, -0.10412692185447084, 0.01602693753437332], [-0.10453367592755644, -0.10760266748990897, -0.002334770907244217]]	0.44007378875909453	1.0236538952724772	[[0.05933639160625303, -0.014710884034317695, -0.0007335829504101221], [0.6352734611253265, -0.6363581931101505, 0.038007235035751534], [0.007682388267764217, -0.012216052819259426, 0.02266695056344417]]	[[0.0208703098854413, 0.013165129088307768, 0.43676867761771454], [0.3219417222356498, -0.33094315382938144, -0.009001431593731584], [0.3142904793452885, 0.30339370816144545, 0.029515075290920366]]	0.8305456769373276	[[0.0, 0.0, -0.85599504], [0.0, -1.0, 0.0], [-0.85599504, 0.0, 0.0]]
2	[[-0.8305561570912853, 0.32773595720904825, 0.4502950280316503], [-0.5100865793185324, -0.772219296347621, -0.37879947194723407], [0.22358030216652452, -0.5443036842615101, 0.808545204538665]]	0.18330380265231358	0.8166961973476863	[[-0.15224410191112492, 0.06007524722231445, 0.08254079095363161], [-0.09350080967099794, -0.1415507335020128, -0.06943538365061636], [0.04098311958527724, -0.09977293512279904, 0.14820941060822992]]	0.5150106942783101	0.6657419833829806	[[-0.37154814991680524, 0.14385315148112854, 0.39766734862286], [-0.35452447830474554, -0.6049066366398592, -0.05720073324181462], [0.3158157328181436, -0.24657082491725474, 0.2592007295536382]]	[[0.05619715318390292, -0.024934371381069978, 0.16576059360620865], [-0.09182443494785973, -0.20720544069276264, 0.13788504579798763], [0.20066948617240746, 0.033751393412507734, -0.15720869759121803]]	0.6849766638309422	[[-0.60527989744605, 0.6052798974460499, 0.0], [-0.7071067811865475, -0.7071067811865476, 0.0], [0.0, 0.0, 0.85599504]]
2	[[0.3802729664721569, 0.7767473726770865, -0.5020517802076895], [0.4287143634067757, 0.332951791095048, 0.839849450446521], [0.8195098935212374, -0.5346088512602871, -0.20639019011321075]]	0.12338539263547726	0.8766146073645231	[[0.046920129276824776, 0.0958392795563377, -0.0619458560242661], [0.052897090057413707, 0.0410813874729479, 0.10362515419803381], [0.101115549980776, -0.06596292301915202, -0.025465534643229315]]	0.40560829282704713	0.8968442963591226	[[0.2120747164992008, 0.3358481074529318, 0.11373282332981485], [0.24088773207153552, -0.203939166284418, 0.328139785285049], [0.5643860364714588, 0.0, -0.07772811728666598]]	[[0.0578328477601523, 0.020792931663484553, 0.31736918881063564], [0.06699763101967895, -0.33898717386418814, -0.012510116542298111], [0.23198602760543455, 0.21684178348991384, 0.005985455381403132]]	1.0000000000000007	[[0.0, 0.0, 0.0], [0.0, 0.0, 0.0], [0.0, 0.0, 0.0]]
2	[[-0.42203838922340475, -0.825029846081567, 0.3757783270710803], [0.2588054115689476, 0.28760896992378115, 0.9221175843470338], [-0.8688517462515349, 0.4864224845687207, 0.09214016247897017]]	0.1056361140390532	0.894363885960947	[[-0.04458249541286192, -0.08715294690629495, 0.03969576221188528], [0.027339197970421447, 0.03038189394552316, 0.09740891829749952], [-0.09178212215005767, 0.051383781051060985, 0.0097333287112054]]	0.33690903444798015	1.1283785473852503	[[-0.22640832920129159, -0.4430509337719494, 0.2799945874000159], [0.1855820483699263, 0.01608954180160451, 0.019417230342235654], [0.1557738153514696, 0.1638801296098352, -0.08806190614715428]]	[[-0.08421978298805345, -0.16509092493784294, 0.15339147406002093], [0.0983881670483201, -0.08080851855399473, -0.2912525146476274], [0.44849781825951573, 0.0, -0.11910475932182406]]	1.0000000000000002	[[0.0, 0.0, 0.0], [0.0, 0.0, 0.0], [0.0, 0.0, 0.0]]
2	[[0.22433838825039393, -0.7661379269479729, -0.6022499185961573], [-0.9416906372873723, -0.011392912655017143, -0.3362869982418849], [0.2507808429735371, 0.642575192824231, -0.724020780340167]]	0.13856808216169852	0.8614319178383014	[[0.03108614021510362, -0.10616226320852007, -0.08345261620190854], [-0.13048826559853882, -0.0015786940568415092, -0.04659864440229248], [0.034750220453737116, 0.08904041211433732, -0.10032617097695332]]	0.39844330280908336	0.86933206854034	[[0.018373086718437872, -0.3041287257645896, 0.10466025440842486], [-0.46104480893675326, -0.12357046980790326, -0.13399130227124906], [0.27282496889681473, 0.04166360894113662, -0.31902959623087207]]	[[-0.07101304164291558, 0.0011338002558649585, 0.34462270109037935], [-0.08583448119158192, -0.11903104006102287, 0.0], [0.17290302154119247, -0.21436617319093362, -0.03054836520972598]]	0.9643113882687416	[[0.60527989744605, -0.6052798974460499, 0.0], [-0.7071067811865475, -0.7071067811865476, 0.0], [0.0, 0.0, -0.85599504]]
2	[[-0.3195682178843842, -0.5708200961323295, -0.7563336379995778], [0.910087742671785, 0.03735879733279218, -0.41272826520656647], [0.2638493031197415, -0.8202248094963509, 0.507557688474819]]	0.11360196167310722	0.8863980383268926	[[-0.03630357644004502, -0.0648462826830643, -0.08592098495610984], [0.1033877528621648, 0.004244032662753215, -0.04688674056540441], [0.029973798420484934, -0.09317914737173613, 0.05765954907300728]]	0.358878398855618	1.0848185277642866	[[-0.047650068292456216, -0.27189106420161535, 0.182561797467231], [0.537060136808744, -0.2316722602615689, -0.14811925897978945], [0.23744061172189376, -0.04718134310033447, 0.0873481824234165]]	[[0.06703606206703479, -0.06703606206703477, 0.4539936024731641], [0.21044930490056984, -0.24507952563153296, 0.0], [0.1427507962791103, 0.24717962323337028, -0.09480330814328516]]	0.9615332456490808	[[1.709194928812882e-16, -0.85599504, 0.0], [1.0, 1.7938038903913487e-16, 0.0], [0.0, 0.0, 0.85599504]]
2	[[0.5319609947059123, -0.8460851799387872, 0.03402011756955908], [-0.703274286200726, -0.4190807785627857, 0.5742617690636116], [-0.47161719485230363, -0.3294103357928521, -0.8179645788128509]]	0.1485967451510996	0.8514032548489004	[[0.0790476723606399, -0.12572550385948622, 0.005055278740494211], [-0.10450426987789076, -0.06227403964981865, 0.08533342974756511], [-0.07008078011234425, -0.04894930371794859, -0.12154687406047972]]	0.4535172436954352	0.8228715380637593	[[0.21408379115102041, -0.49300753275598064, 0.22299741981758414], [-0.38316311874435716, -0.39871188196938423, 0.0], [0.12721160220383798, -0.14506132658669094, -0.32291448999584516]]	[[-0.027169692921486993, -0.1092933140185854, 0.20756870986724305], [-0.06421610290472912, -0.20865152238985246, -0.26043761466539367], [0.3410981324926277, 0.004331940946871138, 0.048046551227856664]]	0.6957741392585033	[[0.60527989744605, -0.6052798974460499, 0.0], [-0.7071067811865475, -0.7071067811865476, 0.0], [0.0, 0.0, -0.85599504]]
