2	[[0.3802729664721569, 0.7767473726770865, -0.5020517802076895], [0.4287143634067757, 0.332951791095048, 0.839849450446521], [0.8195098935212374, -0.5346088512602871, -0.20639019011321075]]	0.12184240937774875	0.8781575906222517	[[0.04633337445619146, 0.09464077136481236, -0.06117119853289284], [0.05223559097232931, 0.04056764843365751, 0.10232928055698233], [0.09985105993552983, -0.0651380305122239, -0.025147078035325232]]	0.39967324250367237	0.8993776438718453	[[0.20450465987562666, 0.3302198860533607, 0.1076925555223106], [0.2385494426914329, -0.2072968541711708, 0.32822388746975795], [0.5499389699935777, 0.0, -0.08176981281886161]]	[[0.05251973032920944, 0.019774745009301126, 0.30834921842265883], [0.06720378296074915, -0.340368776115534, -0.0074414656051304305], [0.22240279358610543, 0.21366885305436248, 0.0007188236846347174]]	1.0000000000000007	[[0.0, 0.0, 0.0], [0.0, 0.0, 0.0], [0.0, 0.0, 0.0]]
2	[[-0.30792515101507295, 0.09349718223056193, 0.9468053539599837], [0.3027085282091916, -0.9338174967034747, 0.1906631317268273], [0.9019698710720718, 0.34531602882779927, 0.2592434992682147]]	0.5195030419363373	0.48049695806366277	[[-0.15996805264103647, 0.04857207058125298, 0.491868261503822], [0.15725800122474665, -0.48512103015083086, 0.09905007691719539], [0.46857609175686743, 0.17939272740541767, 0.13467778647205822]]	0.7589597883089108	0.3399692446372217	[[-0.07747403587358895, 0.12009425783141926, 0.7309794397388578], [0.3157902741813019, -0.8092563427477575, 0.1447056500937068], [0.67216661368223, 0.26208098013882025, 0.07747403587358895]]	[[0.1562287715558002, 0.04913365619823234, 0.012392248727645362], [0.08604667369235192, -0.10052641313053139, 0.0], [-0.012392248727645362, 0.0, -0.11928135545147657]]	0.4848556035188811	[[0.0, 0.0, 0.911], [0.0, -1.0, 0.0], [0.911, 0.0, 0.0]]
2	[[0.08740825448676931, -0.06334395238859675, -0.994156597696443], [0.7119981850616444, -0.6940087028176986, 0.10681996481098455], [-0.6967197295301035, -0.717174639895393, -0.015561310176609944]]	0.14563176125962668	0.8543682387403733	[[0.01272941804953789, -0.00922489135149729, -0.14478077629041106], [0.10368954970418495, -0.1010697097208503, 0.015556379613115026], [-0.10146452131579972, -0.1044434059387046, -0.0022662210085270425]]	0.4329434878862229	1.022536532634342	[[0.05794866194312719, -0.014409522928831103, -0.001050403528057589], [0.6353958626817081, -0.6361516185677382, 0.03770282306716001], [0.0069794688607815875, -0.0119045377974597, 0.021696765853334715]]	[[0.02010582737557868, 0.013014828754786798, 0.42936322138374095], [0.3271408850724595, -0.33568507014645077, -0.008544185073991234], [0.3086197386426905, 0.29859155222239764, 0.02843393375727562]]	0.8395813015124386	[[0.0, 0.0, -0.829921], [0.0, -1.0, 0.0], [-0.829921, 0.0, 0.0]]
2	[[0.8592155572171323, 0.2624339665249735, -0.4391776855101157], [-0.4266000482917053, 0.8413623931712975, -0.33184593135155627], [0.2824199444684594, 0.4724804086637203, 0.8348660002631537]]	0.16281960032018492	0.8371803996798152	[[0.13989713361497846, 0.042729393540037006, -0.07150673522430089], [-0.06945884935942705, 0.13699028858058487, -0.054031021910539906], [0.04598350248080335, 0.07692907129774458, 0.13593254848375813]]	0.0	0.689736286616304	[[0.6441742776609447, 0.6441742776609446, 0.0], [-0.7071067811865474, 0.7071067811865474, 0.0], [0.0, 0.0, 0.9109999999999998]]	[[0.6441742776609447, 0.6441742776609446, 0.0], [-0.7071067811865474, 0.7071067811865475, 0.0], [0.0, 0.0, 0.9109999999999997]]	0.6897362866163039	[[0.6441742776609448, 0.6441742776609447, 0.0], [-0.7071067811865475, 0.7071067811865476, 0.0], [0.0, 0.0, 0.911]]
2	[[-0.42203838922340475, -0.825029846081567, 0.3757783270710803], [0.2588054115689476, 0.28760896992378115, 0.9221175843470338], [-0.8688517462515349, 0.4864224845687207, 0.09214016247897017]]	0.10430627941510713	0.895693720584893	[[-0.04402125415023819, -0.08605579365118676, 0.039196039181617584], [0.026995029573252463, 0.029999421579161113, 0.09618265440648532], [-0.09062669301481632, 0.05073691958921561, 0.009610797532884827]]	0.33226423360065876	1.1238850444204378	[[-0.22344871717794298, -0.43278666739876204, 0.2723293361022753], [0.18626693470214967, 0.018143741344459646, 0.01493821347057477], [0.1477880789482812, 0.1616207940413542, -0.08707661598685101]]	[[-0.08322045523257192, -0.1586587578928006, 0.14747163825426518], [0.10027515297549032, -0.07741843262394044, -0.29144847898218323], [0.43647643852914153, 0.0, -0.1176914964567662]]	1.0000000000000002	[[0.0, 0.0, 0.0], [0.0, 0.0, 0.0], [0.0, 0.0, 0.0]]
2	[[0.04673222253661188, -0.9725397674033924, -0.22799671093185395], [-0.8377629715199755, -0.16246744520517667, 0.5213036857710898], [-0.5440306084466285, 0.16664552219444034, -0.8223502702654952]]	0.17193795523119332	0.8280620447688066	[[0.008035042786354127, -0.16721649898835966, -0.03920128827706043], [-0.14404325229155301, -0.027934320320214007, 0.0896318897859657], [-0.09353951039949536, 0.028652690334546517, -0.14139322395326853]]	0.45252609282264455	0.8605078560568229	[[-0.04757910992277107, -0.5355577884378137, 0.08943631102132926], [-0.30926888764363974, -0.18034121596990166, 0.0], [0.06324102200749107, 0.06324102200749107, -0.469329129398096]]	[[-0.06872665999618238, -0.09545816738011291, 0.19261077179573505], [0.0698407165697832, -0.10682045778032606, -0.2359035200960349], [0.3094290676237699, -0.012170425037548338, -0.09719417466320555]]	0.8958565500245422	[[0.5868427669491207, -0.5868427669491206, 0.0], [-0.7071067811865475, -0.7071067811865476, 0.0], [0.0, 0.0, -0.829921]]
2	[[0.8489524140446696, -0.5135124485683378, 0.12483895166604869], [0.522794976890395, 0.7815435453534784, -0.34040431673891397], [0.0772347773085365, 0.35425224329800037, 0.9319550081910795]]	0.20615167162442982	0.7938483283755703	[[0.1750129592849037, -0.10586144967231689, 0.025735758569797318], [0.1077750584028101, 0.16111650832190294, -0.070174918923899], [0.015922078449695398, 0.07302969213258699, 0.19212408281735022]]	0.0	0.45802667204700076	[[0.6441742776609447, -0.6441742776609446, 0.0], [0.7071067811865474, 0.7071067811865475, 0.0], [0.0, 0.0, 0.9109999999999999]]	[[0.6441742776609447, -0.6441742776609446, 0.0], [0.7071067811865474, 0.7071067811865475, 0.0], [0.0, 0.0, 0.9109999999999999]]	0.4580266720470007	[[0.6441742776609448, -0.6441742776609447, 0.0], [0.7071067811865475, 0.7071067811865476, 0.0], [0.0, 0.0, 0.911]]
2	[[0.22433838825039393, -0.7661379269479729, -0.6022499185961573], [-0.9416906372873723, -0.011392912655017143, -0.3362869982418849], [0.2507808429735371, 0.642575192824231, -0.724020780340167]]	0.13555385882498538	0.8644461411750146	[[0.030409934209918645, -0.10385295238997252, -0.08163730044274242], [-0.127649799703663, -0.0015443532736435922, -0.04558500028435857], [0.03399431098444568, 0.08710354697253357, -0.0981438106445868]]	0.39202400710017304	0.869806493043764	[[0.017796599152003153, -0.29826721264625755, 0.10119714832541352], [-0.45468215962905156, -0.1220625116954683, -0.13183257658647254], [0.2660571152535005, 0.0427110730205077, -0.31496762226892344]]	[[-0.07014943475631064, 0.002077247467306448, 0.3372935746892321], [-0.08551682255094024, -0.11759621642390614, 0.0], [0.1677450042870553, -0.20919382893361368, -0.0311340947361769]]	0.9682526118237612	[[0.5868427669491207, -0.5868427669491206, 0.0], [-0.7071067811865475, -0.7071067811865476, 0.0], [0.0, 0.0, -0.829921]]
2	[[-0.5446221603179724, 0.8109226453022452, -0.2139887049042392], [-0.8354447797583356, -0.5021691245819775, 0.22328947644507607], [0.07361197229480154, 0.30038414347728, 0.9509735242804028]]	0.22919538956331864	0.7708046104366812	[[-0.1248248881988939, 0.18585973159576494, -0.049045224582677155], [-0.19148009175535272, -0.11509484813523697, 0.05117691853921867], [0.01687152466663125, 0.06884666078291898, 0.21795874736184895]]	0.5841349627410427	0.580320017157207	[[-0.3267342811001856, 0.5153737761607234, 0.13176045143936113], [-0.6041045503518664, -0.4105800488580693, 0.13043119000371145], [0.16971130914321758, 0.01662610826672851, 0.4965446748742836]]	[[-0.008601435774900655, 0.0416855069612286, 0.25675873560560286], [-0.1160920450555323, -0.11724550598067399, 0.0], [0.126711982449499, -0.15883877219137246, -0.058952209298967564]]	0.44301300273729843	[[-0.5868427669491207, 0.5868427669491206, 0.0], [-0.7071067811865475, -0.7071067811865476, 0.0], [0.0, 0.0, 0.829921]]
2	[[-0.3195682178843842, -0.5708200961323295, -0.7563336379995778], [0.910087742671785, 0.03735879733279218, -0.41272826520656647], [0.2638493031197415, -0.8202248094963509, 0.507557688474819]]	0.11128307855885912	0.8887169214411409	[[-0.03556253509574254, -0.06352261760086954, -0.08416713565421477], [0.10127736576319896, 0.004157401978449608, -0.04592967196044398], [0.029361962726774424, -0.09127714191110767, 0.05648258211969623]]	0.35308986691281563	1.0811208657399718	[[-0.04889487663595024, -0.2654922146609374, 0.17940373353549446], [0.5350395185000993, -0.22781556233399347, -0.14573016823294382], [0.22923751026091135, -0.048320218375428686, 0.08878664923075207]]	[[0.0639414228864126, -0.06394142288641258, 0.4464574771184511], [0.21369675856113396, -0.24100657511225196, 0.0], [0.13607499493732267, 0.24129285044822743, -0.0904268274433981]]	0.9555099185970283	[[1.6571319905256878e-16, -0.829921, 0.0], [1.0, 1.7938038903913487e-16, 0.0], [0.0, 0.0, 0.829921]]
2	[[0.034229894132735264, 0.2773841392786001, 0.9601491309293217], [-0.1827544195208179, -0.9427759796974285, 0.2788803941677556], [0.9825625356654255, -0.18501754344446375, 0.018422055382213542]]	0.7277160543177529	0.2722839456822471	[[0.024909643497988507, 0.20185689136614887, 0.6987159371165056], [-0.1329933250828209, -0.6860732160509667, 0.20294574007033878], [0.7150265315748898, -0.13464023669496858, 0.013406025455167558]]	0.857206717725573	0.2171050388095132	[[0.0018606719438898213, 0.20026004862797264, 0.776608541837895], [-0.18885846869013742, -0.820893811387483, 0.23905814732255581], [0.7930946954105234, -0.15859828113767735, -0.0026313874981760957]]	[[-0.027481423253726017, -0.03751549895216931, -0.04643774321309034], [-0.03220015258285479, -0.012739908280538838, 0.0], [-0.04916451074735213, 0.0, -0.018422897126122086]]	0.3782405908118496	[[0.0, 0.0, 0.911], [0.0, -1.0, 0.0], [0.911, 0.0, 0.0]]
2	[[0.8787972042104137, -0.3840163418041313, 0.28327887866788265], [-0.395223040501579, -0.9183905790867732, -0.018907472103605397], [0.2674214316928388, -0.09534250611366366, -0.9588511794847616]]	0.5376885825129654	0.4623114174870345	[[0.4725192230482544, -0.20648120248647778, 0.15231581872679612], [-0.21250691642375835, -0.4938081286624287, -0.01016633187429102], [0.14378945054051026, -0.05126457696548955, -0.5155633315380465]]	0.7867154750616896	0.3748184345823652	[[0.5427173470750208, -0.23285152975385226, 0.22960005999715985], [-0.3510436534904663, -0.8416477185134565, -0.014874800898203564], [0.203644396284895, -0.07500742499078294, -0.6278740514157307]]	[[-0.14864601291825952, 0.06926006902003705, 0.006740182391013806], [-0.040115571426941166, -0.11913563779502542, 0.0], [-0.006740182391013806, 0.0, 0.12646900976608494]]	0.514222745386012	[[0.911, 0.0, 0.0], [0.0, -1.0, 0.0], [0.0, 0.0, -0.911]]
2	[[-0.8305561570912853, 0.32773595720904825, 0.4502950280316503], [-0.5100865793185324, -0.772219296347621, -0.37879947194723407], [0.22358030216652452, -0.5443036842615101, 0.808545204538665]]	0.1797559003684654	0.8202440996315343	[[-0.14929736982451658, 0.05891247207123331, 0.08094318819527267], [-0.09169107233127345, -0.13881097489686933, -0.06809144013897431], [0.040189878520597175, -0.09784179883830066, 0.14534077123045272]]	0.5078327839659643	0.6737693302468879	[[-0.361399763002943, 0.1372681674576764, 0.3896170098220978], [-0.3557168501881122, -0.6066536272875155, -0.05515371911703074], [0.307867390845004, -0.24313426857665807, 0.25201430695280413]]	[[0.06038388249279717, -0.02916689609754472, 0.16094243213075293], [-0.09667816254910626, -0.2144953521910651, 0.13721307128677032], [0.19432598355582634, 0.03328098672479583, -0.15859145523039614]]	0.6880887675373812	[[-0.5868427669491207, 0.5868427669491206, 0.0], [-0.7071067811865475, -0.7071067811865476, 0.0], [0.0, 0.0, 0.829921]]
2	[[0.5319609947059123, -0.8460851799387872, 0.03402011756955908], [-0.703274286200726, -0.4190807785627857, 0.5742617690636116], [-0.47161719485230363, -0.3294103357928521, -0.8179645788128509]]	0.1461160097371427	0.8538839902628573	[[0.07772801788222919, -0.12362659039038794, 0.004970883830052432], [-0.10275963245038737, -0.06123441112112936, 0.08390883824016747], [-0.06891082263524309, -0.04813212383222383, -0.11951772036245631]]	0.4471559815898847	0.8286309648275721	[[0.21187987153875662, -0.47568350821185423, 0.2189649050581967], [-0.3821438861201228, -0.3977844916076862, 0.0], [0.11824983152078598, -0.13967891732308524, -0.3127429055195623]]	[[-0.025989669216497042, -0.09735145906767165, 0.2037526059925772], [-0.0676705823471116, -0.2103900147039906, -0.2567845850351829], [0.3291362812196358, 0.0076188847242210905, 0.05301484862525469]]	0.706093079318259	[[0.5868427669491207, -0.5868427669491206, 0.0], [-0.7071067811865475, -0.7071067811865476, 0.0], [0.0, 0.0, -0.829921]]
