2	[[0.8489524140446696, -0.5135124485683378, 0.12483895166604869], [0.522794976890395, 0.7815435453534784, -0.34040431673891397], [0.0772347773085365, 0.35425224329800037, 0.9319550081910795]]	0.22210516786094595	0.7778948321390543	[[0.1885567184273467, -0.11405376858795603, 0.027727376315372226], [0.11611546609910053, 0.17358486033137308, -0.07560555790988711], [0.01715424317881528, 0.07868125396281904, 0.20699202353312898]]	0.0	0.43034330767404705	[[0.699470027949733, -0.6994700279497329, 0.0], [0.7071067811865476, 0.7071067811865477, 0.0], [0.0, 0.0, 0.9892000000000005]]	[[0.699470027949733, -0.6994700279497329, 0.0], [0.7071067811865476, 0.7071067811865477, 0.0], [0.0, 0.0, 0.9892000000000003]]	0.43034330767404705	[[0.6994700279497329, -0.6994700279497328, 0.0], [0.7071067811865475, 0.7071067811865476, 0.0], [0.0, 0.0, 0.9892000000000001]]
2	[[0.5319609947059123, -0.8460851799387872, 0.03402011756955908], [-0.703274286200726, -0.4190807785627857, 0.5742617690636116], [-0.47161719485230363, -0.3294103357928521, -0.8179645788128509]]	0.1601782382333105	0.8398217617666895	[[0.08520857494083246, -0.1355244335179085, 0.005449282496782101], [-0.1126492361584213, -0.06712762078763103, 0.09198423845335352], [-0.07554281139197792, -0.05276436724314228, -0.1310201251714943]]	0.47828103124895527	0.8070739496567922	[[0.22175812385053936, -0.5599859301378121, 0.2397207216653862], [-0.3729934090834046, -0.39540780051772184, 0.01252642828545584], [0.17023213610995575, -0.15755071510706992, -0.3689050644029818]]	[[-0.03266872928162439, -0.15531943775223098, 0.2234495447510067], [-0.03663065822844849, -0.19496941357009756, -0.2621320828291377], [0.3957976944186549, 0.0, 0.022311877876745892]]	0.6507427543142481	[[0.6919157516478759, -0.6919157516478758, 0.0], [-0.7071067811865475, -0.7071067811865476, 0.0], [0.0, 0.0, -0.9785166400000002]]
2	[[-0.8305561570912853, 0.32773595720904825, 0.4502950280316503], [-0.5100865793185324, -0.772219296347621, -0.37879947194723407], [0.22358030216652452, -0.5443036842615101, 0.808545204538665]]	0.19910357174228596	0.8008964282577139	[[-0.16536669740942206, 0.06525339966869848, 0.08965534841889433], [-0.10156005984012464, -0.1537516200711262, -0.07542032783878616], [0.04451563673257458, -0.10837280764895214, 0.16098423813874538]]	0.5459260111282727	0.6297504758396061	[[-0.41990002442226226, 0.17588694140856564, 0.4342072391353867], [-0.34925950965716573, -0.596649386881798, -0.06598893390372121], [0.3526896660353561, -0.26137210043048553, 0.29312215616752263]]	[[0.03352218543661015, -0.0030326424138763346, 0.18837947065117416], [-0.07078997807973411, -0.17507478671045978, 0.14080755083392832], [0.23063136350673147, 0.035777438760823434, -0.14828370216316406]]	0.6811552780446695	[[-0.6919157516478759, 0.6919157516478758, 0.0], [-0.7071067811865475, -0.7071067811865476, 0.0], [0.0, 0.0, 0.9785166400000002]]
2	[[0.034229894132735264, 0.2773841392786001, 0.9601491309293217], [-0.1827544195208179, -0.9427759796974285, 0.2788803941677556], [0.9825625356654255, -0.18501754344446375, 0.018422055382213542]]	0.827381987813354	0.17261801218664596	[[0.028321197850183173, 0.22950264054422442, 0.7944100965455665], [-0.15120771490480994, -0.7800358641447409, 0.23074061488868935], [0.8129545439097894, -0.15308018287542402, 0.015242076801743536]]	0.9244018168884888	0.12570404875754365	[[0.0, 0.25225918563850797, 0.8781751199021199], [-0.1747855338630799, -0.8208182226840297, 0.2577975430632512], [0.911821121062993, -0.1710305533163072, 0.0]]	[[-0.031642176328201106, -0.004155216686679638, -0.009388481212848725], [-0.00584701641363472, 0.050685605867098485, 0.0], [0.00353852788731278, 0.0, -0.01702938146613856]]	0.3429216397145854	[[0.0, 0.0, 0.9892000000000001], [0.0, -1.0, 0.0], [0.9892000000000001, 0.0, 0.0]]
2	[[0.08740825448676931, -0.06334395238859675, -0.994156597696443], [0.7119981850616444, -0.6940087028176986, 0.10681996481098455], [-0.6967197295301035, -0.717174639895393, -0.015561310176609944]]	0.17060460254158816	0.8293953974584118	[[0.014912250515569239, -0.010806769820669852, -0.16960769121409927], [0.12147016737277397, -0.11840107890461662, 0.018223977640084453], [-0.11886359253936614, -0.12235329439226014, -0.0026548311377068735]]	0.4709880904283028	1.0290977143136957	[[0.06568401944733016, -0.01606638439408576, 0.0008952015874595931], [0.6347427740328425, -0.6372538225983269, 0.03932705079059001], [0.011179020523822546, -0.01365483845156078, 0.027341346308540945]]	[[0.02451577257893551, 0.01376786278160075, 0.46913111912320576], [0.29940010846224135, -0.3103839889175955, -0.010983880455354093], [0.3393257154989296, 0.3241258756963761, 0.03467053807318503]]	0.790811083314041	[[0.0, 0.0, -0.9785166400000002], [0.0, -1.0, 0.0], [-0.9785166400000002, 0.0, 0.0]]
2	[[0.3802729664721569, 0.7767473726770865, -0.5020517802076895], [0.4287143634067757, 0.332951791095048, 0.839849450446521], [0.8195098935212374, -0.5346088512602871, -0.20639019011321075]]	0.1295637765610899	0.8704362234389106	[[0.04926960166022138, 0.10063832303794765, -0.06504772467292655], [0.055545851988965375, 0.04313849146705351, 0.1088140665426072], [0.10617879673378819, -0.0692659417522688, -0.026740692476228886]]	0.4311231752720164	0.9419148065380285	[[0.1408834277245648, 0.3243714078847757, 0.14306843495863042], [0.2879573905222277, -0.2587134270356261, 0.3277782285602876], [0.6312578546935357, 0.0, -0.056366328805535326]]	[[-0.02306106105102055, -0.010502385807966072, 0.3595145925927378], [0.10312869288557741, -0.4022566604250283, -0.03430033326667455], [0.27794814723182765, 0.23048226548386008, 0.03261326530106719]]	1.0000000000000007	[[0.0, 0.0, 0.0], [0.0, 0.0, 0.0], [0.0, 0.0, 0.0]]
2	[[0.8592155572171323, 0.2624339665249735, -0.4391776855101157], [-0.4266000482917053, 0.8413623931712975, -0.33184593135155627], [0.2824199444684594, 0.4724804086637203, 0.8348660002631537]]	0.1789516264067199	0.8210483735932803	[[0.153758021397962, 0.04696298513401072, -0.07859156110357408], [-0.07634077246698588, 0.15056316865545388, -0.05938436913181374], [0.05053950839232635, 0.08455113757568443, 0.1494006285787644]]	0.0	0.6890185607138376	[[0.6994700279497328, 0.6994700279497327, 0.0], [-0.7071067811865474, 0.7071067811865472, 0.0], [0.0, 0.0, 0.9891999999999999]]	[[0.6994700279497328, 0.6994700279497327, 0.0], [-0.7071067811865474, 0.7071067811865475, 0.0], [0.0, 0.0, 0.9891999999999999]]	0.6890185607138376	[[0.6994700279497329, 0.6994700279497328, 0.0], [-0.7071067811865475, 0.7071067811865476, 0.0], [0.0, 0.0, 0.9892000000000001]]
2	[[-0.5446221603179724, 0.8109226453022452, -0.2139887049042392], [-0.8354447797583356, -0.5021691245819775, 0.22328947644507607], [0.07361197229480154, 0.30038414347728, 0.9509735242804028]]	0.2537592462943109	0.7462407537056891	[[-0.138202908917468, 0.20577911927488654, -0.05430161247199546], [-0.21200183763199187, -0.1274300585661965, 0.05666176924815379], [0.01867971860776655, 0.07622525384755671, 0.2413183247672395]]	0.6118901463432941	0.5839011374675527	[[-0.38718282605072946, 0.5501294687790463, 0.14396749252234733], [-0.6158334255007187, -0.38610735113873285, 0.1366286304188951], [0.196335891745885, 0.007264888720065735, 0.5056172864522667]]	[[-0.05393389267196444, 0.053933892671964426, 0.27490507248201423], [-0.10463299695264966, -0.07883501200918279, 0.0], [0.15129345124580038, -0.17653720879145215, -0.07627404248826698]]	0.3862045674905319	[[-0.6919157516478759, 0.6919157516478758, 0.0], [-0.7071067811865475, -0.7071067811865476, 0.0], [0.0, 0.0, 0.9785166400000002]]
2	[[-0.30792515101507295, 0.09349718223056193, 0.9468053539599837], [0.3027085282091916, -0.9338174967034747, 0.1906631317268273], [0.9019698710720718, 0.34531602882779927, 0.2592434992682147]]	0.6319368487671521	0.36806315123284805	[[-0.19458924958861457, 0.05908431470738945, 0.5983211917773401], [0.19129267341145909, -0.5901136861904244, 0.12048705863952765], [0.5699879980081994, 0.2182179230862265, 0.1638255199909251]]	0.8214248452100988	0.2648741929880528	[[-0.13265380647220543, 0.15325080772727612, 0.7863217498948842], [0.2898787347432753, -0.8150560600072317, 0.1566154334659818], [0.7323081531553376, 0.28365116552844105, 0.13265380647220543]]	[[0.12028356303664718, 0.07644989928595636, 0.008592308574211859], [0.041226428815263214, -0.047995167323097956, 0.0], [-0.008592308574211859, 0.0, -0.08029524478591221]]	0.46789895187150893	[[0.0, 0.0, 0.9892000000000001], [0.0, -1.0, 0.0], [0.9892000000000001, 0.0, 0.0]]
2	[[-0.42203838922340475, -0.825029846081567, 0.3757783270710803], [0.2588054115689476, 0.28760896992378115, 0.9221175843470338], [-0.8688517462515349, 0.4864224845687207, 0.09214016247897017]]	0.1112854362411113	0.8887145637588889	[[-0.04696672625522253, -0.09181380633312408, 0.04181865505806015], [0.02880127312801068, 0.032006689684824646, 0.1026182576396594], [-0.09669054561045343, 0.054131738392715324, 0.01025385817679908]]	0.35678668311165745	1.1531690972870876	[[-0.2389501763602436, -0.49016197293527775, 0.3157140367441808], [0.18265104436480487, 0.007298496040943507, 0.0385853985070563], [0.1944226138999659, 0.1735490648602053, -0.09210320413177273]]	[[-0.08837249932343834, -0.19580231068371412, 0.1816413338432425], [0.09031271999977261, -0.09531655437132285, -0.29041387585105594], [0.5044173465608225, 0.0, -0.12497758708401364]]	1.0000000000000002	[[0.0, 0.0, 0.0], [0.0, 0.0, 0.0], [0.0, 0.0, 0.0]]
2	[[0.8787972042104137, -0.3840163418041313, 0.28327887866788265], [-0.395223040501579, -0.9183905790867732, -0.018907472103605397], [0.2674214316928388, -0.09534250611366366, -0.9588511794847616]]	0.6499222673540505	0.35007773264594955	[[0.5711498715048327, -0.24958077156634909, 0.18410925111734328], [-0.25686425459334794, -0.596882487476675, -0.012288387139508678], [0.17380314322487606, -0.061965217748609705, -0.6231787326258419]]	0.8475936531532164	0.2832594039907537	[[0.6239574787304122, -0.27259347795576966, 0.24687393734778285], [-0.3451383482227931, -0.8504008894639928, -0.01602585335218743], [0.2198961505034711, -0.08081170305766305, -0.7303738777535036]]	[[-0.12090545396712565, 0.05289633606452826, 0.006768557716525411], [-0.01014980751373807, -0.0719788635143367, 0.0], [-0.006768557716525411, 0.0, 0.08234229629625596]]	0.4722497717557619	[[0.6919157516478759, -0.6919157516478758, 0.0], [-0.7071067811865475, -0.7071067811865476, 0.0], [0.0, 0.0, -0.9785166400000002]]
2	[[0.22433838825039393, -0.7661379269479729, -0.6022499185961573], [-0.9416906372873723, -0.011392912655017143, -0.3362869982418849], [0.2507808429735371, 0.642575192824231, -0.724020780340167]]	0.15183333379694947	0.8481666662030506	[[0.034062045386691706, -0.11632527559679451, -0.09144161291939601], [-0.14298002886471572, -0.0017298239100687618, -0.05105957605563427], [0.03807689144108142, 0.09756433374172063, -0.10993048881731644]]	0.4262611379764711	0.8686623388944149	[[0.02108890327159835, -0.33027561884934836, 0.12104624530198152], [-0.4886171685374896, -0.1301051633495663, -0.14334607855727735], [0.30399400312106645, 0.035790912304212864, -0.33579570898729677]]	[[-0.07453783339582194, -0.0037007942615710637, 0.3777619809490166], [-0.08721104586558609, -0.12524880743637215, 0.0], [0.19709587561246789, -0.23811392062449416, -0.02717378724088461]]	0.950970336807075	[[0.6919157516478759, -0.6919157516478758, 0.0], [-0.7071067811865475, -0.7071067811865476, 0.0], [0.0, 0.0, -0.9785166400000002]]
2	[[-0.3195682178843842, -0.5708200961323295, -0.7563336379995778], [0.910087742671785, 0.03735879733279218, -0.41272826520656647], [0.2638493031197415, -0.8202248094963509, 0.507557688474819]]	0.12389649664053701	0.876103503359463	[[-0.03959338263353501, -0.0707226101228102, -0.09370708803953984], [0.1127566829525287, 0.004628624108236761, -0.051135586123620035], [0.03269000429758309, -0.10162298035424974, 0.06288461944499915]]	0.38396536241970936	1.1033671458465912	[[-0.04069284632231543, -0.301185425363386, 0.196414173644352], [0.5458173101968823, -0.24838683337662312, -0.1584733579308972], [0.276385679077291, -0.0407712935532475, 0.07890452118453736]]	[[0.08201028027548275, -0.08201028027548274, 0.4868200930690772], [0.1963751402481752, -0.26273131753407314, 0.0], [0.17507668578073166, 0.27416662269065595, -0.11598005061960642]]	0.9980109316239867	[[1.9538380489296066e-16, -0.9785166400000002, 0.0], [1.0, 1.7938038903913487e-16, 0.0], [0.0, 0.0, 0.9785166400000002]]
2	[[0.04673222253661188, -0.9725397674033924, -0.22799671093185395], [-0.8377629715199755, -0.16246744520517667, 0.5213036857710898], [-0.5440306084466285, 0.16664552219444034, -0.8223502702654952]]	0.18508909691049505	0.8149109030895048	[[0.008649624865921794, -0.18000650725823675, -0.04219970532494002], [-0.15506079182368504, -0.030070952710381453, 0.09648762841548349], [-0.10069413400905368, 0.030844269207146818, -0.15220806886754196]]	0.4847721744474647	0.8982994267617723	[[0.12983290672997783, -0.605827778787851, 0.11998580039161577], [-0.30265092701823193, -0.41780611186926975, 0.005864385855085901], [0.08890043404988196, 0.08078511215613209, -0.5417965548192057]]	[[0.10717842559414166, -0.134367561007077, 0.23051226171692066], [0.1034732503570761, -0.3390464151802319, -0.24684913544364315], [0.35263133507253136, 0.0, -0.14314402614514127]]	0.8686856523114722	[[0.6919157516478759, -0.6919157516478758, 0.0], [-0.7071067811865475, -0.7071067811865476, 0.0], [0.0, 0.0, -0.9785166400000002]]
