2	[[-0.3195682178843842, -0.5708200961323295, -0.7563336379995778], [0.910087742671785, 0.03735879733279218, -0.41272826520656647], [0.2638493031197415, -0.8202248094963509, 0.507557688474819]]	0.11694479098192635	0.8830552090180737	[[-0.037371838444956014, -0.06675443683047835, -0.08844927920846052], [0.10643002084196511, 0.00436891674541947, -0.04826642070691499], [0.03085580160406512, -0.09592101890474111, 0.059356227789957354]]	0.3671326368849119	1.073670890864638	[[-0.18899636175287626, -0.2812391263363313, 0.18708877890572984], [0.5399414657278386, -0.07692711421502021, -0.15152601632222198], [0.24962347952164463, -0.04534641525572055, 0.08498085689625026]]	[[-0.0716724392563703, -0.07167243925637029, 0.4647635417892732], [0.205818552964109, -0.0906427479906572, 0.0], [0.15275578912704751, 0.2557848818930993, -0.1013601356447207]]	0.9715712385370384	[[1.7861542724829844e-16, -0.8945376399999999, 0.0], [1.0, 1.7938038903913487e-16, 0.0], [0.0, 0.0, 0.8945376399999999]]
2	[[-0.30792515101507295, 0.09349718223056193, 0.9468053539599837], [0.3027085282091916, -0.9338174967034747, 0.1906631317268273], [0.9019698710720718, 0.34531602882779927, 0.2592434992682147]]	0.5667989402955846	0.4332010597044155	[[-0.17453164928570122, 0.052994103808905665, 0.5366482712907047], [0.17157487300740587, -0.5292867675610051, 0.10806766101620317], [0.5112355671021953, 0.19572475920667617, 0.14693894066374327]]	0.7871621681868266	0.3058764428959717	[[-0.10114682462826143, 0.13425471744089199, 0.756133600946535], [0.3038661558855759, -0.8119681841225602, 0.15008280416337988], [0.6991523136797859, 0.2718197139617552, 0.10114682462826143]]	[[0.14124020488401937, 0.06065727275692404, 0.010844245672498533], [0.06558545449178553, -0.07690237872665817, 0.0], [-0.010844245672498533, 0.0, -0.10291985034404647]]	0.4762399755048571	[[0.0, 0.0, 0.9458], [0.0, -1.0, 0.0], [0.9458, 0.0, 0.0]]
2	[[-0.5446221603179724, 0.8109226453022452, -0.2139887049042392], [-0.8354447797583356, -0.5021691245819775, 0.22328947644507607], [0.07361197229480154, 0.30038414347728, 0.9509735242804028]]	0.24018857246023942	0.7598114275397606	[[-0.13081201921698543, 0.19477435255082737, -0.05139764155356466], [-0.20066428901951378, -0.1206152851669533, 0.05363158059273708], [0.017680754541471083, 0.07214883861149962, 0.22841297324439275]]	0.5970164146845328	0.5804495425743669	[[-0.3621436057919474, 0.5310952581973466, 0.13718900473120615], [-0.6095480359272557, -0.3890000676375023, 0.13330748266402578], [0.1813287416346894, 0.012685809464649015, 0.501333739927601]]	[[-0.03699523628116666, 0.046961127912503065, 0.2649437741161215], [-0.1107737888490249, -0.08919685731429952, 0.0], [0.1373811858573898, -0.16664845490224098, -0.06641306399819956]]	0.4151174180908716	[[-0.6325336312706106, 0.6325336312706105, 0.0], [-0.7071067811865475, -0.7071067811865476, 0.0], [0.0, 0.0, 0.8945376399999999]]
2	[[0.034229894132735264, 0.2773841392786001, 0.9601491309293217], [-0.1827544195208179, -0.9427759796974285, 0.2788803941677556], [0.9825625356654255, -0.18501754344446375, 0.018422055382213542]]	0.7958159637764877	0.20418403622351225	[[0.02724069618920985, 0.22074672613631066, 0.7641020059996753], [-0.14543888450537223, -0.7502761749082317, 0.2219374696629792], [0.7819389512912502, -0.14723991465181407, 0.014660565758740095]]	0.8878145330173615	0.16599834514503742	[[0.0, 0.22148221229681136, 0.8227972937662107], [-0.18362700079693237, -0.8213823853724027, 0.24759406691574365], [0.8464989866302832, -0.16426126393316595, 0.0]]	[[-0.030389797474688077, -0.024783457783241737, -0.029637058536830494], [-0.021374971173198448, 0.01562783078265532, 0.0], [-0.025834312131871196, 0.0, -0.016355368496379887]]	0.3619638739224842	[[0.0, 0.0, 0.9458], [0.0, -1.0, 0.0], [0.9458, 0.0, 0.0]]
2	[[0.04673222253661188, -0.9725397674033924, -0.22799671093185395], [-0.8377629715199755, -0.16246744520517667, 0.5213036857710898], [-0.5440306084466285, 0.16664552219444034, -0.8223502702654952]]	0.17796422080512983	0.82203577919487	[[0.008316663570220102, -0.17307728190794694, -0.04057525700711981], [-0.14909183444594265, -0.02891339229213937, 0.09277340424109423], [-0.09681798332634495, 0.029656940507997546, -0.1463489250766868]]	0.4676341593602753	0.8844381817437523	[[0.12613077680553153, -0.568585482247073, 0.10356072969610007], [-0.30405535530735056, -0.4017238873627307, 0.0], [0.07322849423273943, 0.07322849423273942, -0.501335595754126]]	[[0.10427719320458573, -0.1137926656729499, 0.21017977994962528], [0.08771122762255937, -0.32574856020079634, -0.24377941086697666], [0.3276357904799376, -0.004700644449811802, -0.11677651841882601]]	0.8825272516773867	[[0.6325336312706106, -0.6325336312706105, 0.0], [-0.7071067811865475, -0.7071067811865476, 0.0], [0.0, 0.0, -0.8945376399999999]]
2	[[-0.8305561570912853, 0.32773595720904825, 0.4502950280316503], [-0.5100865793185324, -0.772219296347621, -0.37879947194723407], [0.22358030216652452, -0.5443036842615101, 0.808545204538665]]	0.1884247748972833	0.8115752251027166	[[-0.1564973569394781, 0.0617535739628606, 0.0848467392942296], [-0.09611294888621971, -0.14550524708563903, -0.07137520523286735], [0.04212806810719398, -0.102560299182737, 0.1523499481594758]]	0.5252163820395073	0.6541116283512167	[[-0.38663985448820704, 0.15374214699479555, 0.4093817645787973], [-0.35280966055365154, -0.6023115944775197, -0.06010690127771976], [0.3274962583574025, -0.25145698529816213, 0.26984389438931966]]	[[0.049581845419914464, -0.018390146714795552, 0.1728794391056354], [-0.08490383283706376, -0.19672936950872802, 0.13884478689688232], [0.21006822095820066, 0.034420226480442524, -0.1548172926538714]]	0.6818142898232216	[[-0.6325336312706106, 0.6325336312706105, 0.0], [-0.7071067811865475, -0.7071067811865476, 0.0], [0.0, 0.0, 0.8945376399999999]]
2	[[0.8489524140446696, -0.5135124485683378, 0.12483895166604869], [0.522794976890395, 0.7815435453534784, -0.34040431673891397], [0.0772347773085365, 0.35425224329800037, 0.9319550081910795]]	0.21355568841636108	0.7864443115836389	[[0.18129861721404103, -0.1096635044643826, 0.026660068264219905], [0.11164584119044388, 0.1669030698553257, -0.07269527820107981], [0.01649392603780886, 0.0756525816905447, 0.19902429334732138]]	0.0	0.4449832811054471	[[0.6687815936462369, -0.6687815936462367, 0.0], [0.7071067811865476, 0.7071067811865478, 0.0], [0.0, 0.0, 0.9458000000000001]]	[[0.6687815936462368, -0.6687815936462367, 0.0], [0.7071067811865476, 0.7071067811865477, 0.0], [0.0, 0.0, 0.9458000000000002]]	0.44498328110544705	[[0.6687815936462367, -0.6687815936462366, 0.0], [0.7071067811865475, 0.7071067811865476, 0.0], [0.0, 0.0, 0.9458]]
2	[[0.3802729664721569, 0.7767473726770865, -0.5020517802076895], [0.4287143634067757, 0.332951791095048, 0.839849450446521], [0.8195098935212374, -0.5346088512602871, -0.20639019011321075]]	0.1255117238791765	0.874488276120824	[[0.04772871556656872, 0.0974909017633223, -0.06301338441047656], [0.05380867880294815, 0.041789353268998894, 0.10541095232452188], [0.10285809947189091, -0.06709967852274491, -0.025904388552860036]]	0.4140403355571546	0.8664854705053955	[[0.025791234305907025, 0.3139005955881876, 0.12279841246161913], [0.2777719385879652, -0.1404004426389983, 0.32802029965703866], [0.585595834810762, 0.0, -0.07141311774373364]]	[[-0.13165711233553948, -0.007704147238171543, 0.3306681000058777], [0.10026689970485184, -0.2782559139483477, -0.019711248623330818], [0.24628568350482088, 0.2213496281676343, 0.014040745826445114]]	1.0000000000000007	[[0.0, 0.0, 0.0], [0.0, 0.0, 0.0], [0.0, 0.0, 0.0]]
2	[[0.8787972042104137, -0.3840163418041313, 0.28327887866788265], [-0.395223040501579, -0.9183905790867732, -0.018907472103605397], [0.2674214316928388, -0.09534250611366366, -0.9588511794847616]]	0.5839241523182569	0.4160758476817432	[[0.5131509125282199, -0.22423641686433532, 0.16541337909580972], [-0.2307802789015286, -0.536270440390317, -0.01104052962057887], [0.1561538328129755, -0.05567279206231927, -0.5598963621800003]]	0.8143709854289494	0.3346590638185264	[[0.5783033687139965, -0.2500465419065102, 0.2374651601038384], [-0.3482906289288507, -0.8457316198966601, -0.015397696688983496], [0.21100919432065046, -0.0776441706570499, -0.6727433985773589]]	[[-0.13736357647104375, 0.06268522478934035, 0.006771060531867029], [-0.02643245197135427, -0.09782097899710139, 0.0], [-0.006771060531867029, 0.0, 0.10811718133935685]]	0.49358607421192846	[[0.6325336312706106, -0.6325336312706105, 0.0], [-0.7071067811865475, -0.7071067811865476, 0.0], [0.0, 0.0, -0.8945376399999999]]
2	[[0.22433838825039393, -0.7661379269479729, -0.6022499185961573], [-0.9416906372873723, -0.011392912655017143, -0.3362869982418849], [0.2507808429735371, 0.642575192824231, -0.724020780340167]]	0.14289840969854026	0.8571015903014597	[[0.03205759891531498, -0.10947989137060178, -0.08606055560846614], [-0.13456609449637041, -0.001628029100236364, -0.04805487725106116], [0.03583618364377776, 0.09182297316631548, -0.10346141809930604]]	0.40759656815500184	0.8688519997671185	[[0.019226238107958676, -0.31259341789749995, 0.10979556548853915], [-0.47011730225336107, -0.12572066530590614, -0.13706942639853942], [0.28273862198303, 0.03997922293912384, -0.32470189333323196]]	[[-0.07221331904832633, -0.00031822814011869816, 0.3552705654799621], [-0.08628743023133154, -0.12107695320643144, 0.0], [0.18052121102799795, -0.22193222043757127, -0.02959350799367344]]	0.9591738799094354	[[0.6325336312706106, -0.6325336312706105, 0.0], [-0.7071067811865475, -0.7071067811865476, 0.0], [0.0, 0.0, -0.8945376399999999]]
2	[[0.5319609947059123, -0.8460851799387872, 0.03402011756955908], [-0.703274286200726, -0.4190807785627857, 0.5742617690636116], [-0.47161719485230363, -0.3294103357928521, -0.8179645788128509]]	0.1522518120047231	0.8477481879952771	[[0.08099202535981007, -0.12881800175602254, 0.005179624544579084], [-0.10707478441038877, -0.0638058079125343, 0.0874323949049727], [-0.0718045724888478, -0.05015332051754603, -0.12453658927993669]]	0.46239135355848243	0.8151897445857929	[[0.21705162225870356, -0.5178644727805918, 0.22874367773618093], [-0.38370120435767463, -0.3995733824612814, 0.0007830568097314355], [0.14067195403916657, -0.1523164910434111, -0.33785754871638685]]	[[-0.028922542123679902, -0.12664200120292388, 0.21301306952497376], [-0.058513255238445354, -0.20579405401129217, -0.26475061988448056], [0.3587436671283778, 0.0, 0.040362200043781174]]	0.6810004221143972	[[0.6325336312706106, -0.6325336312706105, 0.0], [-0.7071067811865475, -0.7071067811865476, 0.0], [0.0, 0.0, -0.8945376399999999]]
2	[[0.08740825448676931, -0.06334395238859675, -0.994156597696443], [0.7119981850616444, -0.6940087028176986, 0.10681996481098455], [-0.6967197295301035, -0.717174639895393, -0.015561310176609944]]	0.1565304979311187	0.8434695020688814	[[0.013682057598103921, -0.009915260408312108, -0.15561582725893108], [0.11144943043375202, -0.10863352782058414, 0.01672058228084799], [-0.10905788618178147, -0.11225970348639662, -0.0024358196304053344]]	0.4502431715295584	1.0253331057273356	[[0.06136294181672607, -0.015147688113486428, -0.00024522606306011385], [0.6350988894907298, -0.636652814000612, 0.038441393689602296], [0.008749139266523046, -0.012672954825789716, 0.024117598975295057]]	[[0.022007972098740267, 0.013372493907172704, 0.4473669934808217], [0.3145265685252855, -0.3241801345748568, -0.009653566049571217], [0.322442439957373, 0.310230029581281, 0.031123972622367154]]	0.8175674269910589	[[0.0, 0.0, -0.8945376399999999], [0.0, -1.0, 0.0], [-0.8945376399999999, 0.0, 0.0]]
2	[[-0.42203838922340475, -0.825029846081567, 0.3757783270710803], [0.2588054115689476, 0.28760896992378115, 0.9221175843470338], [-0.8688517462515349, 0.4864224845687207, 0.09214016247897017]]	0.10751534563283523	0.8924846543671648	[[-0.04537560328767941, -0.0887033690588645, 0.04040193671637582], [0.02782555327648356, 0.03092237780845907, 0.09914179079518644], [-0.09341489580192618, 0.05229788155198847, 0.00990648141559207]]	0.34349430866310354	1.135559050393145	[[-0.2305865307528843, -0.45806211562405813, 0.2912822057399974], [0.18461103487502445, 0.013177152718209774, 0.025767460477734542], [0.16774023005462982, 0.1670833550551219, -0.08943357040022465]]	[[-0.08561874601730106, -0.17466905901784355, 0.16220448907213902], [0.0957128489498788, -0.0856148915710668, -0.29097468166364093], [0.46618585996403117, 0.0, -0.12108319181104457]]	1.0000000000000002	[[0.0, 0.0, 0.0], [0.0, 0.0, 0.0], [0.0, 0.0, 0.0]]
2	[[0.8592155572171323, 0.2624339665249735, -0.4391776855101157], [-0.4266000482917053, 0.8413623931712975, -0.33184593135155627], [0.2824199444684594, 0.4724804086637203, 0.8348660002631537]]	0.17010117627025986	0.8298988237297403	[[0.1461535769523409, 0.04464032639916801, -0.07470464089692093], [-0.07256517001136872, 0.14311673274799863, -0.05644738326339963], [0.04803996475626643, 0.08036947327835191, 0.14201168867280956]]	0.0	0.6885046810233592	[[0.6687815936462366, 0.6687815936462365, 0.0], [-0.7071067811865474, 0.7071067811865475, 0.0], [0.0, 0.0, 0.9457999999999995]]	[[0.6687815936462366, 0.6687815936462365, 0.0], [-0.7071067811865474, 0.7071067811865475, 0.0], [0.0, 0.0, 0.9457999999999998]]	0.6885046810233593	[[0.6687815936462367, 0.6687815936462366, 0.0], [-0.7071067811865475, 0.7071067811865476, 0.0], [0.0, 0.0, 0.9458]]
