2	[[0.8787972042104137, -0.3840163418041313, 0.28327887866788265], [-0.395223040501579, -0.9183905790867732, -0.018907472103605397], [0.2674214316928388, -0.09534250611366366, -0.9588511794847616]]	0.5985413578709787	0.40145864212902144	[[0.5259964719013209, -0.22984966266809065, 0.16955412469404268], [-0.23655733532371187, -0.5496947442625115, -0.011316904026799626], [0.1600627868492329, -0.05706643307209433, -0.5739120869649988]]	0.8223210454656404	0.3227101320961363	[[0.5889047502460943, -0.25522616018609334, 0.23972088007160813], [-0.3475441446425414, -0.8469018715829649, -0.015548012227349224], [0.21313157488247297, -0.07840214930470212, -0.6861553452818924]]	[[-0.13374868547249524, 0.060558559482170614, 0.006774696407100558], [-0.022543920785173813, -0.0916899704425347, 0.0], [-0.006774696407100558, 0.0, 0.10232815907797926]]	0.48786216037935676	[[0.6462503431705086, -0.6462503431705084, 0.0], [-0.7071067811865475, -0.7071067811865476, 0.0], [0.0, 0.0, -0.913936]]
2	[[0.8489524140446696, -0.5135124485683378, 0.12483895166604869], [0.522794976890395, 0.7815435453534784, -0.34040431673891397], [0.0772347773085365, 0.35425224329800037, 0.9319550081910795]]	0.2156333841220783	0.7843666158779219	[[0.18306248199905992, -0.11073042707360534, 0.02691944561800269], [0.11273205006889958, 0.16852687952333742, -0.07340253478817585], [0.016654396402954824, 0.07638861005518566, 0.20096061226576165]]	0.0	0.44137478899121413	[[0.6759940828143394, -0.6759940828143393, 0.0], [0.7071067811865474, 0.7071067811865475, 0.0], [0.0, 0.0, 0.9559999999999998]]	[[0.6759940828143394, -0.6759940828143393, 0.0], [0.7071067811865474, 0.7071067811865475, 0.0], [0.0, 0.0, 0.9559999999999998]]	0.4413747889912142	[[0.6759940828143395, -0.6759940828143394, 0.0], [0.7071067811865475, 0.7071067811865476, 0.0], [0.0, 0.0, 0.956]]
2	[[-0.42203838922340475, -0.825029846081567, 0.3757783270710803], [0.2588054115689476, 0.28760896992378115, 0.9221175843470338], [-0.8688517462515349, 0.4864224845687207, 0.09214016247897017]]	0.10842422962941188	0.8915757703705882	[[-0.04575918722558556, -0.08945322548266613, 0.04074347562411103], [0.02806077737328601, 0.031183780998494677, 0.09997988871056138], [-0.09420458124949191, 0.052739983163788036, 0.00999022613471115]]	0.34668864242630265	1.1393992751819042	[[-0.23260529916163036, -0.4655481607054512, 0.2969447778256538], [0.18414002317680783, 0.011764433600257928, 0.028847780880994822], [0.1738321208611336, 0.16863715082075895, -0.09008766781390092]]	[[-0.08628938294998466, -0.17951968340625116, 0.1666666997601538], [0.09441512638738887, -0.08794632973224509, -0.29083991259369996], [0.47505315323880065, 0.0, -0.12203161565667399]]	1.0000000000000002	[[0.0, 0.0, 0.0], [0.0, 0.0, 0.0], [0.0, 0.0, 0.0]]
2	[[-0.30792515101507295, 0.09349718223056193, 0.9468053539599837], [0.3027085282091916, -0.9338174967034747, 0.1906631317268273], [0.9019698710720718, 0.34531602882779927, 0.2592434992682147]]	0.5814571032480864	0.4185428967519136	[[-0.17904526632645387, 0.054364600741641, 0.5505266984533512], [0.1760120239410082, -0.5429748165955821, 0.11086243227008934], [0.5244567884506169, 0.20078645782734486, 0.15073897412039355]]	0.7953027800944178	0.2960449887744939	[[-0.1083563357013034, 0.1385846110788042, 0.7633441259305105], [0.30049237335865187, -0.8127227437004045, 0.15163491872385396], [0.706991950307166, 0.2746307977379129, 0.1083563357013034]]	[[0.1365373929619775, 0.06422604211984391, 0.010347195717856262], [0.059747439315592316, -0.07005509247132119, 0.0], [-0.010347195717856262, 0.0, -0.09782073998811294]]	0.47403094384980526	[[0.0, 0.0, 0.956], [0.0, -1.0, 0.0], [0.956, 0.0, 0.0]]
2	[[0.22433838825039393, -0.7661379269479729, -0.6022499185961573], [-0.9416906372873723, -0.011392912655017143, -0.3362869982418849], [0.2507808429735371, 0.642575192824231, -0.724020780340167]]	0.14502237412955626	0.8549776258704436	[[0.03253408567247027, -0.11110714107669163, -0.08733971301414674], [-0.13656621191498963, -0.0016522272414812716, -0.04876913887394007], [0.036368833234233774, 0.09318778002012738, -0.10499921248406503]]	0.412058759009986	0.8687065050387691	[[0.019656052108823152, -0.3167676093652686, 0.11238710851276268], [-0.4745401169735007, -0.12676887950324656, -0.13857000316674448], [0.2876891136025086, 0.03907288276893437, -0.32741368426942374]]	[[-0.07278454575193463, -0.0010737659566034952, 0.36054946258336035], [-0.0865082416015432, -0.12207433005311104, 0.0], [0.18435267066335476, -0.22570585375682076, -0.02907458002501287]]	0.9569074500017466	[[0.6462503431705086, -0.6462503431705084, 0.0], [-0.7071067811865475, -0.7071067811865476, 0.0], [0.0, 0.0, -0.913936]]
2	[[0.08740825448676931, -0.06334395238859675, -0.994156597696443], [0.7119981850616444, -0.6940087028176986, 0.10681996481098455], [-0.6967197295301035, -0.717174639895393, -0.015561310176609944]]	0.1597905463929143	0.8402094536070858	[[0.013967012743691734, -0.010121764762860596, -0.1588568259460354], [0.11377057902176349, -0.11089602982467771, 0.017068820542819097], [-0.11132922626433865, -0.1145977275680264, -0.0024865502557101515]]	0.45520169569086505	1.0261901657087493	[[0.062372216379643845, -0.01536379550515142, 9.194290110883796e-06], [0.6350137695097473, -0.6367964692092667, 0.03865308659403429], [0.009297965486017069, -0.012901369950468056, 0.024854824914838966]]	[[0.022583830719887732, 0.013470479033899235, 0.45255096334379297], [0.3109109883408682, -0.3208825308624327, -0.009971542521564411], [0.32644596778940105, 0.31355774223640037, 0.03193835969440337]]	0.8112036672851805	[[0.0, 0.0, -0.913936], [0.0, -1.0, 0.0], [-0.913936, 0.0, 0.0]]
2	[[0.034229894132735264, 0.2773841392786001, 0.9601491309293217], [-0.1827544195208179, -0.9427759796974285, 0.2788803941677556], [0.9825625356654255, -0.18501754344446375, 0.018422055382213542]]	0.816353740431954	0.18364625956804603	[[0.027943702109848232, 0.2264435796365833, 0.7838213344066417], [-0.1491922539562902, -0.7696386974153958, 0.227665052911985], [0.8021186011987755, -0.15103976363641955, 0.015038913817714637]]	0.8965404136356531	0.1517160139173577	[[0.0, 0.2285091734002064, 0.8356781548868818], [-0.18149597447693486, -0.8212571061879071, 0.2500275439420336], [0.8616217869858945, -0.16587570492955195, 0.0]]	[[-0.030688483444467084, -0.020176917564599328, -0.02513434410840513], [-0.01764925160599712, 0.023979660615783674, 0.0], [-0.019285235162482133, 0.0, -0.01651611715238864]]	0.3573638723148201	[[0.0, 0.0, 0.956], [0.0, -1.0, 0.0], [0.956, 0.0, 0.0]]
2	[[-0.8305561570912853, 0.32773595720904825, 0.4502950280316503], [-0.5100865793185324, -0.772219296347621, -0.37879947194723407], [0.22358030216652452, -0.5443036842615101, 0.808545204538665]]	0.19094838776355635	0.8090516122364435	[[-0.15859335914367598, 0.06258065264121365, 0.08598310962058908], [-0.09740020994070119, -0.14745402963748622, -0.07233114845401083], [0.04269229823438665, -0.10393391096349917, 0.15439040324061296]]	0.5301795380368565	0.6483645198085344	[[-0.3942765778519943, 0.1587865169142611, 0.41519821714556715], [-0.35196745227858794, -0.6010027775323528, -0.0615184006482019], [0.3333457624103966, -0.2538331873499939, 0.27521001743194007]]	[[0.04606730182833018, -0.014972381476899065, 0.1764610072034535], [-0.08152998529668806, -0.19158790773162465, 0.1393133283973878], [0.21480806109360778, 0.03474548852353254, -0.15346410559228502]]	0.6808899747199598	[[-0.6462503431705086, 0.6462503431705084, 0.0], [-0.7071067811865475, -0.7071067811865476, 0.0], [0.0, 0.0, 0.913936]]
2	[[-0.5446221603179724, 0.8109226453022452, -0.2139887049042392], [-0.8354447797583356, -0.5021691245819775, 0.22328947644507607], [0.07361197229480154, 0.30038414347728, 0.9509735242804028]]	0.24339271084528366	0.7566072891547163	[[-0.13255706398620593, 0.1973726609259419, -0.052083290976914214], [-0.2033411697069223, -0.12222430453481042, 0.05434703097519119], [0.01791661748749967, 0.07311131097587381, 0.23146002401670043]]	0.6006271712049843	0.581020881253829	[[-0.3728521308708562, 0.5356230436580304, 0.1387807111176992], [-0.611073881082099, -0.3829510555971505, 0.13411372659704804], [0.18480382376643442, 0.011461740091998334, 0.5025050980351897]]	[[-0.045737263343525014, 0.04856086914407992, 0.26730814161415056], [-0.10928304631787868, -0.08133463483299405, 0.0], [0.14059047308018807, -0.1689571382795925, -0.06867543974418297]]	0.407650853572731	[[-0.6462503431705086, 0.6462503431705084, 0.0], [-0.7071067811865475, -0.7071067811865476, 0.0], [0.0, 0.0, 0.913936]]
2	[[0.3802729664721569, 0.7767473726770865, -0.5020517802076895], [0.4287143634067757, 0.332951791095048, 0.839849450446521], [0.8195098935212374, -0.5346088512602871, -0.20639019011321075]]	0.1265158183724832	0.8734841816275171	[[0.048110545558156796, 0.09827082952291782, -0.06351749183833791], [0.054239148534446405, 0.04212366832897413, 0.1062542405329219], [0.10368096484318598, -0.06763647632636839, -0.026111623806225268]]	0.41813789223275344	0.8667380241808447	[[0.027731210731613935, 0.3164514314944742, 0.1274197778413611], [0.2802150608828444, -0.1426711226005871, 0.32796223553801523], [0.5962081303841295, 0.0, -0.06808878062334252]]	[[-0.13127532594215027, -0.008336077714051825, 0.337346651009106], [0.10095334059802855, -0.2818908827441905, -0.02321064346452938], [0.253539990843271, 0.22354021823495007, 0.01821077844811267]]	1.0000000000000007	[[0.0, 0.0, 0.0], [0.0, 0.0, 0.0], [0.0, 0.0, 0.0]]
2	[[0.5319609947059123, -0.8460851799387872, 0.03402011756955908], [-0.703274286200726, -0.4190807785627857, 0.5742617690636116], [-0.47161719485230363, -0.3294103357928521, -0.8179645788128509]]	0.1540867547695366	0.8459132452304635	[[0.08196814333820865, -0.13037051963536717, 0.005242049513171462], [-0.10836525247353215, -0.06457479715503049, 0.08848613238322497], [-0.07266996304830366, -0.05075776962986391, -0.12603750746570305]]	0.46622199440824935	0.8114097062399296	[[0.21823004399624105, -0.5276319639678212, 0.2313404087343785], [-0.38111979781264727, -0.39856915514673863, 0.0036141172859216098], [0.14740483255869327, -0.15357834373203466, -0.34503313802689456]]	[[-0.029781871902945515, -0.13316844393749727, 0.21547948167109554], [-0.053237857484106824, -0.20318447874703482, -0.2641193499993249], [0.36728314173995824, 0.0, 0.0363199392625364]]	0.6737783789324686	[[0.6462503431705086, -0.6462503431705084, 0.0], [-0.7071067811865475, -0.7071067811865476, 0.0], [0.0, 0.0, -0.913936]]
2	[[0.04673222253661188, -0.9725397674033924, -0.22799671093185395], [-0.8377629715199755, -0.16246744520517667, 0.5213036857710898], [-0.5440306084466285, 0.16664552219444034, -0.8223502702654952]]	0.17967746600518114	0.8203225339948187	[[0.008396727326168633, -0.17474348099630987, -0.04096587127775126], [-0.15052712783567995, -0.02919173886280179, 0.09366652527851062], [-0.09775004115494713, 0.02994244514900721, -0.14775781272998]]	0.471958237908413	0.8851609070540855	[[-0.06474195148230556, -0.5783929293412132, 0.10789309755548737], [-0.30254840413635636, -0.1964541783816664, 0.0], [0.07629194092470684, 0.07629194092470683, -0.510865340163642]]	[[-0.08679760888422874, -0.11939477442165033, 0.21549802349579897], [0.0928407316871271, -0.11977632922514958, -0.24603356895168457], [0.3330516682554195, -0.0023577860855085674, -0.12275035566563172]]	0.8789694377650258	[[0.6462503431705086, -0.6462503431705084, 0.0], [-0.7071067811865475, -0.7071067811865476, 0.0], [0.0, 0.0, -0.913936]]
2	[[0.8592155572171323, 0.2624339665249735, -0.4391776855101157], [-0.4266000482917053, 0.8413623931712975, -0.33184593135155627], [0.2824199444684594, 0.4724804086637203, 0.8348660002631537]]	0.17220457123468166	0.8277954287653184	[[0.14796084662874437, 0.04519232868284988, -0.07562840502910934], [-0.0734624784047676, 0.14488645016904894, -0.057145386324368344], [0.04863400544531363, 0.08136328619072312, 0.14376774161373002]]	0.0	0.688418099852694	[[0.6759940828143394, 0.6759940828143393, 0.0], [-0.7071067811865474, 0.7071067811865475, 0.0], [0.0, 0.0, 0.9559999999999998]]	[[0.6759940828143394, 0.6759940828143393, 0.0], [-0.7071067811865474, 0.7071067811865475, 0.0], [0.0, 0.0, 0.9559999999999998]]	0.6884180998526939	[[0.6759940828143395, 0.6759940828143394, 0.0], [-0.7071067811865475, 0.7071067811865476, 0.0], [0.0, 0.0, 0.956]]
2	[[-0.3195682178843842, -0.5708200961323295, -0.7563336379995778], [0.910087742671785, 0.03735879733279218, -0.41272826520656647], [0.2638493031197415, -0.8202248094963509, 0.507557688474819]]	0.11859009924713342	0.8814099007528665	[[-0.03789762667513867, -0.06769361185259122, -0.0896936811943154], [0.10792739572704657, 0.004430383483449346, -0.04894548593294392], [0.03128991504325715, -0.09727054156313335, 0.06019131664987438]]	0.37115671556366947	1.0764371964596844	[[-0.1926424621935204, -0.2858962841032308, 0.18930633961093069], [0.5413461616220773, -0.07784465704109948, -0.15318686733436032], [0.2557796550733524, -0.04435766263645336, 0.08368557716997518]]	[[-0.07403257204501731, -0.0740325720450173, 0.4700246485611753], [0.20356098417726348, -0.0917106255565475, 0.0], [0.1578502143236661, 0.26007428368004876, -0.10469786744342674]]	0.9771284931250589	[[1.8248876494185408e-16, -0.913936, 0.0], [1.0, 1.7938038903913487e-16, 0.0], [0.0, 0.0, 0.913936]]
