2	[[0.034229894132735264, 0.2773841392786001, 0.9601491309293217], [-0.1827544195208179, -0.9427759796974285, 0.2788803941677556], [0.9825625356654255, -0.18501754344446375, 0.018422055382213542]]	0.8267807087158404	0.17321929128415983	[[0.028300616130331052, 0.2293358552592944, 0.7938327789426429], [-0.15109782849237385, -0.7794689926545109, 0.23057292993696993], [0.8123637495950935, -0.1529689356938775, 0.015231000004908976]]	0.9225809590492888	0.1259559120625815	[[0.0, 0.2506436901983525, 0.8753317643547318], [-0.17521976440631631, -0.8208486967936238, 0.25728974151133166], [0.9084481500682755, -0.1706936626719368, 0.0]]	[[-0.03157984855713453, -0.005265635042359881, -0.010483541688382923], [-0.006614016774304065, 0.0489384707242627, 0.0], [0.001954663588166175, 0.0, -0.016995837522181687]]	0.34385373562118493	[[0.0, 0.0, 0.9870000000000001], [0.0, -1.0, 0.0], [0.9870000000000001, 0.0, 0.0]]
2	[[-0.5446221603179724, 0.8109226453022452, -0.2139887049042392], [-0.8354447797583356, -0.5021691245819775, 0.22328947644507607], [0.07361197229480154, 0.30038414347728, 0.9509735242804028]]	0.25307541760996694	0.7469245823900332	[[-0.13783048066211323, 0.20522458710924474, -0.054155280857456314], [-0.21143053652740762, -0.12708666091441545, 0.05650907749924851], [0.01862938062960022, 0.07601984255392485, 0.240668021793285]]	0.6111663101962533	0.5847388371145853	[[-0.25891192070001146, 0.5491786335736286, 0.14362340970946455], [-0.6155275444833732, -0.5165999030544921, 0.1364670054245904], [0.19556122446799828, 0.007552949417394108, 0.5054435133037002]]	[[0.07394279547263588, 0.05357003258967031, 0.2744060969094633], [-0.1049318410657498, -0.20969105208924238, 0.0], [0.1505720669743156, -0.17603171919307706, -0.07575946662508047]]	0.3874705592097774	[[-0.688841505921718, 0.6888415059217179, 0.0], [-0.7071067811865475, -0.7071067811865476, 0.0], [0.0, 0.0, 0.9741690000000002]]
2	[[0.08740825448676931, -0.06334395238859675, -0.994156597696443], [0.7119981850616444, -0.6940087028176986, 0.10681996481098455], [-0.6967197295301035, -0.717174639895393, -0.015561310176609944]]	0.16987847966149258	0.8301215203385076	[[0.014848781382077236, -0.010760774327524817, -0.16888581136211392], [0.12095316920001417, -0.11789714330651523, 0.018146413219584188], [-0.11835768840274033, -0.12183253747720778, -0.0026435317143433945]]	0.4699587204213083	1.028899452219317	[[0.06546329839681461, -0.016019866149521014, 0.0008337498668828276], [0.6347604446042807, -0.6372240003451065, 0.03928310418078694], [0.011049890710958856, -0.013604436535810983, 0.02717246243257654]]	[[0.02438502696395245, 0.013749176661452225, 0.46804631241870454], [0.30015068861041644, -0.311068558407649, -0.010917869797232532], [0.3384794032932063, 0.32343803954804046, 0.034485635851255164]]	0.7921461744345235	[[0.0, 0.0, -0.9741690000000002], [0.0, -1.0, 0.0], [-0.9741690000000002, 0.0, 0.0]]
2	[[0.04673222253661188, -0.9725397674033924, -0.22799671093185395], [-0.8377629715199755, -0.16246744520517667, 0.5213036857710898], [-0.5440306084466285, 0.16664552219444034, -0.8223502702654952]]	0.1847382409925785	0.8152617590074213	[[0.008633228589087397, -0.17966528592543413, -0.04211971132964409], [-0.15476685772731597, -0.030013950045762468, 0.096304725932299], [-0.10050325765055239, 0.030785800639490605, -0.15191954240861916]]	0.4839641209253982	0.899147319963413	[[-0.07761875948732533, -0.6041414825631772, 0.11923736132776025], [-0.30250791637016605, -0.20437312178012307, 0.005317758989801479], [0.08797663987631348, 0.08065045365498626, -0.5397423987478694]]	[[-0.10023547848614675, -0.1334671289668031, 0.22957958910777707], [0.10293930368534837, -0.12574470748240438, -0.24697452102957398], [0.3512679350496956, 0.0, -0.1417543731060653]]	0.8693000864511632	[[0.688841505921718, -0.6888415059217179, 0.0], [-0.7071067811865475, -0.7071067811865476, 0.0], [0.0, 0.0, -0.9741690000000002]]
2	[[0.8592155572171323, 0.2624339665249735, -0.4391776855101157], [-0.4266000482917053, 0.8413623931712975, -0.33184593135155627], [0.2824199444684594, 0.4724804086637203, 0.8348660002631537]]	0.17850928109147116	0.8214907189085289	[[0.15337795142143804, 0.04684689869835626, -0.07839729291182697], [-0.07615206793413917, 0.15019099594240792, -0.059237578638695984], [0.050414581252957946, 0.08434213808036521, 0.1490313295146875]]	0.0	0.6889365142538736	[[0.6979143930311223, 0.6979143930311223, 0.0], [-0.7071067811865474, 0.7071067811865474, 0.0], [0.0, 0.0, 0.9869999999999998]]	[[0.6979143930311225, 0.6979143930311223, 0.0], [-0.7071067811865474, 0.7071067811865475, 0.0], [0.0, 0.0, 0.9869999999999998]]	0.6889365142538737	[[0.6979143930311226, 0.6979143930311225, 0.0], [-0.7071067811865475, 0.7071067811865476, 0.0], [0.0, 0.0, 0.9870000000000001]]
2	[[0.5319609947059123, -0.8460851799387872, 0.03402011756955908], [-0.703274286200726, -0.4190807785627857, 0.5742617690636116], [-0.47161719485230363, -0.3294103357928521, -0.8179645788128509]]	0.1597688408972423	0.8402311591027578	[[0.08499079152670765, -0.1351780484991547, 0.005435354751276364], [-0.11236131753912543, -0.06695605023329018, 0.09174913721489307], [-0.07534973256876135, -0.052629507529195346, -0.13068525265193012]]	0.47750097335584574	0.8068877313876908	[[0.22153870007423462, -0.557815324161395, 0.23916866837611797], [-0.3735190774062116, -0.39561229774779566, 0.011949921336114224], [0.1686764971099868, -0.15729375597456285, -0.36729875398802614]]	[[-0.03247319268518241, -0.1538088271986682, 0.2229240291229732], [-0.03770492120922731, -0.1955008180693399, -0.2622606323528102], [0.3938741667033153, 0.0, 0.023280128565714424]]	0.6522456040617444	[[0.688841505921718, -0.6888415059217179, 0.0], [-0.7071067811865475, -0.7071067811865476, 0.0], [0.0, 0.0, -0.9741690000000002]]
2	[[0.8787972042104137, -0.3840163418041313, 0.28327887866788265], [-0.395223040501579, -0.9183905790867732, -0.018907472103605397], [0.2674214316928388, -0.09534250611366366, -0.9588511794847616]]	0.6463244648819857	0.3536755351180144	[[0.5679881327510806, -0.24819915662249287, 0.18309006966738822], [-0.2554423201612144, -0.5935782995809157, -0.012220361789633831], [0.17284101373684851, -0.06162219424442111, -0.6197289754819495]]	0.8460159916279026	0.28591066384370706	[[0.6216031801323642, -0.27138293972690275, 0.24642882379164768], [-0.3453829819156662, -0.850311914691859, -0.015996023760908626], [0.21947244536797178, -0.08066128485404053, -0.7275590546426203]]	[[-0.12187330802753746, 0.05350102648583899, 0.006770362348198645], [-0.011017969391528062, -0.07333879822403874, 0.0], [-0.006770362348198645, 0.0, 0.08364437679276439]]	0.47312346172969394	[[0.688841505921718, -0.6888415059217179, 0.0], [-0.7071067811865475, -0.7071067811865476, 0.0], [0.0, 0.0, -0.9741690000000002]]
2	[[-0.42203838922340475, -0.825029846081567, 0.3757783270710803], [0.2588054115689476, 0.28760896992378115, 0.9221175843470338], [-0.8688517462515349, 0.4864224845687207, 0.09214016247897017]]	0.1111003722136	0.8888996277864001	[[-0.04688862213114847, -0.0916611229869912, 0.04174911200740093], [0.028753377556204034, 0.03195346361050226, 0.10244760684566115], [-0.09652975240698183, 0.054041719088648965, 0.010236806347235169]]	0.3561315332680207	1.1521976487814742	[[-0.23854031525477534, -0.48851912930696906, 0.31445426039102453], [0.18274764768284024, 0.007588241189021579, 0.03795363251760443], [0.193022212077069, 0.1732303852454987, -0.0919749663763999]]	[[-0.08823913660267849, -0.1946999852300615, 0.1806277486023089], [0.09057887964272981, -0.09483838225157074, -0.2904415166493082], [0.5024477166522254, 0.0, -0.1247889837156001]]	1.0000000000000002	[[0.0, 0.0, 0.0], [0.0, 0.0, 0.0], [0.0, 0.0, 0.0]]
2	[[0.8489524140446696, -0.5135124485683378, 0.12483895166604869], [0.522794976890395, 0.7815435453534784, -0.34040431673891397], [0.0772347773085365, 0.35425224329800037, 0.9319550081910795]]	0.22169006884687706	0.7783099311531232	[[0.18820431911728527, -0.11384061007684318, 0.027675555789618278], [0.11589845441963316, 0.17326044237624488, -0.07546425641362398], [0.017122183098902677, 0.07853420420589434, 0.2066051699280723]]	0.0	0.4310393321876722	[[0.6979143930311226, -0.6979143930311225, 0.0], [0.7071067811865475, 0.7071067811865476, 0.0], [0.0, 0.0, 0.9870000000000001]]	[[0.6979143930311226, -0.6979143930311225, 0.0], [0.7071067811865475, 0.7071067811865476, 0.0], [0.0, 0.0, 0.9870000000000001]]	0.4310393321876722	[[0.6979143930311226, -0.6979143930311225, 0.0], [0.7071067811865475, 0.7071067811865476, 0.0], [0.0, 0.0, 0.9870000000000001]]
2	[[-0.30792515101507295, 0.09349718223056193, 0.9468053539599837], [0.3027085282091916, -0.9338174967034747, 0.1906631317268273], [0.9019698710720718, 0.34531602882779927, 0.2592434992682147]]	0.6284532479546663	0.3715467520453338	[[-0.19351656128235373, 0.05875860784740596, 0.5950228998770192], [0.19023815773664315, -0.5868606388001946, 0.11982286439893301], [0.5668458950324952, 0.21701497988763763, 0.1629224191262427]]	0.819711110432107	0.266888902715165	[[-0.13100484227579176, 0.152251594341353, 0.7848219768938517], [0.2905649691587812, -0.814907155046466, 0.1562886874262607], [0.7306396157565429, 0.2830593854404408, 0.13100484227579176]]	[[0.12140482519274787, 0.07561091527286601, 0.008715108836249496], [0.042431425363156, -0.04944657788273057, 0.0], [-0.008715108836249496, 0.0, -0.08149993438166164]]	0.4682534415892837	[[0.0, 0.0, 0.9870000000000001], [0.0, -1.0, 0.0], [0.9870000000000001, 0.0, 0.0]]
2	[[0.22433838825039393, -0.7661379269479729, -0.6022499185961573], [-0.9416906372873723, -0.011392912655017143, -0.3362869982418849], [0.2507808429735371, 0.642575192824231, -0.724020780340167]]	0.15138713306596815	0.8486128669340319	[[0.03396194543386722, -0.11598342429375777, -0.09117288856548494], [-0.14255984581399977, -0.0017247403841140069, -0.05090952455119923], [0.03796499284563051, 0.09727761622097202, -0.10960743021588296]]	0.42533523385503613	0.8686447370882853	[[0.020992353184433935, -0.3293842257037284, 0.12046184879520867], [-0.48769943495979073, -0.12988765901660393, -0.14303470903962026], [0.3029044919103233, 0.03602410070208202, -0.3352613116824644]]	[[-0.07442666764470926, -0.003518771380099775, 0.3766199587604817], [-0.0871652275300681, -0.1250418518481922, 0.0], [0.19623856341781087, -0.23728576920725722, -0.027309763760573633]]	0.9512900610312398	[[0.688841505921718, -0.6888415059217179, 0.0], [-0.7071067811865475, -0.7071067811865476, 0.0], [0.0, 0.0, -0.9741690000000002]]
2	[[0.3802729664721569, 0.7767473726770865, -0.5020517802076895], [0.4287143634067757, 0.332951791095048, 0.839849450446521], [0.8195098935212374, -0.5346088512602871, -0.20639019011321075]]	0.12937210842909233	0.8706278915709083	[[0.04919671545108847, 0.10048944531999261, -0.06495149734604799], [0.05546368110777067, 0.043074675219209074, 0.10865309416728092], [0.10602172280334338, -0.06916347427239836, -0.026701134054027284]]	0.43027922863595547	0.9424585810593451	[[0.14126503474346352, 0.3238645925236778, 0.1420028180163632], [0.2874541967886237, -0.2595911809690095, 0.3277901876426884], [0.6289111942536311, 0.0, -0.057185684007534945]]	[[-0.022358523941282737, -0.010353667836824107, 0.358025270739436], [0.10298731119680155, -0.40285342081434644, -0.03357958606577178], [0.276293109409779, 0.23003108414223064, 0.031619727792405586]]	1.0000000000000007	[[0.0, 0.0, 0.0], [0.0, 0.0, 0.0], [0.0, 0.0, 0.0]]
2	[[-0.8305561570912853, 0.32773595720904825, 0.4502950280316503], [-0.5100865793185324, -0.772219296347621, -0.37879947194723407], [0.22358030216652452, -0.5443036842615101, 0.808545204538665]]	0.19856606765795173	0.8014339323420481	[[-0.16492027008271654, 0.06507724025311547, 0.08941331300217199], [-0.10128588622037688, -0.15333654904533753, -0.07521672157547087], [0.0443954614069834, -0.10808024219554341, 0.16054964178893696]]	0.5449017101270518	0.6309782145402247	[[-0.41816539342221976, 0.17472143544843788, 0.4329438570965477], [-0.34943732278204886, -0.5969418163656647, -0.06569847971684703], [0.35139337693094885, -0.26088169752110807, 0.29191396417811416]]	[[0.03440607693337394, -0.0038624481048988198, 0.1875773262603927], [-0.07149027339852253, -0.17615820119273728, 0.14071000034242498], [0.2295640879296866, 0.035710310861443634, -0.14866370049003125]]	0.6809724346487748	[[-0.688841505921718, 0.6888415059217179, 0.0], [-0.7071067811865475, -0.7071067811865476, 0.0], [0.0, 0.0, 0.9741690000000002]]
2	[[-0.3195682178843842, -0.5708200961323295, -0.7563336379995778], [0.910087742671785, 0.03735879733279218, -0.41272826520656647], [0.2638493031197415, -0.8202248094963509, 0.507557688474819]]	0.12354728692162532	0.8764527130783745	[[-0.0394817863059945, -0.07052327419749069, -0.09344296898241058], [0.11243887146772537, 0.004615578053121339, -0.050991457402140346], [0.0325978655566056, -0.10133654987908114, 0.06270737536727543]]	0.3831302881052919	1.0855254336260807	[[-0.20390390456595625, -0.3001661090660875, 0.1959483826869084], [0.5455258085751477, -0.08057478894585085, -0.15812869915778915], [0.274993322546282, -0.041026364664855514, 0.07924808036606762]]	[[-0.08146764117861757, -0.08146764117861756, 0.4857227073174102], [0.1968436295242119, -0.09488807573123079, 0.0], [0.17390466302563498, 0.2732266029085896, -0.1152126430493458]]	0.9964920894558404	[[1.945156965636993e-16, -0.9741690000000002, 0.0], [1.0, 1.7938038903913487e-16, 0.0], [0.0, 0.0, 0.9741690000000002]]
