2	[[-0.3195682178843842, -0.5708200961323295, -0.7563336379995778], [0.910087742671785, 0.03735879733279218, -0.41272826520656647], [0.2638493031197415, -0.8202248094963509, 0.507557688474819]]	0.12233822220959975	0.8776617777904002	[[-0.03909540765066556, -0.06983311576234207, -0.09252851267018725], [0.11133851649321384, 0.004570408849582503, -0.05049244222102355], [0.03227885467491097, -0.1003448450059912, 0.06209370527682324]]	0.3802305419987545	1.0832001031333816	[[-0.20111794929794333, -0.29665158714236467, 0.19433360065647193], [0.5445135864554139, -0.07991360872302125, -0.15693189197769847], [0.2702127359160855, -0.04188849931319285, 0.08040572305056493]]	[[-0.07960835260618794, -0.07960835260618793, 0.48191474976494114], [0.19847043079289797, -0.09411856448129047, 0.0], [0.16988917238487256, 0.2699860245624298, -0.1125832119338505]]	0.9913943249393237	[[1.915316485602279e-16, -0.9592243600000001, 0.0], [1.0, 1.7938038903913487e-16, 0.0], [0.0, 0.0, 0.9592243600000001]]
2	[[0.034229894132735264, 0.2773841392786001, 0.9601491309293217], [-0.1827544195208179, -0.9427759796974285, 0.2788803941677556], [0.9825625356654255, -0.18501754344446375, 0.018422055382213542]]	0.8246926471362863	0.1753073528637138	[[0.02822914200352028, 0.22875666009528903, 0.791827928431707], [-0.15071622601047868, -0.7775004183531782, 0.2299906105006173], [0.8103120985148614, -0.15258260766986764, 0.015192533618848952]]	0.9162631376989917	0.12717350256739576	[[0.0, 0.24510851440057896, 0.8655392311728077], [-0.1767310776863338, -0.8209525000496161, 0.25552782500287935], [0.8968470494589822, -0.16952475488578386, 0.0]]	[[-0.03136359020116432, -0.009048347402765288, -0.014210024191452578], [-0.009279939827831374, 0.04287837725519086, 0.0], [-0.003438782455297925, 0.0, -0.016879450267371567]]	0.3471007945324305	[[0.0, 0.0, 0.9794], [0.0, -1.0, 0.0], [0.9794, 0.0, 0.0]]
2	[[0.22433838825039393, -0.7661379269479729, -0.6022499185961573], [-0.9416906372873723, -0.011392912655017143, -0.3362869982418849], [0.2507808429735371, 0.642575192824231, -0.724020780340167]]	0.14983994085920208	0.8501600591407978	[[0.03361485082788774, -0.1147980616638759, -0.09024109218490757], [-0.14110286939880418, -0.001707113358441828, -0.05038922392828263], [0.037576986679775645, 0.09628342889037315, -0.10848723090700396]]	0.4221200474740076	0.8686064788882819	[[0.02066056613490039, -0.3263008154990855, 0.11845459821060594], [-0.48451262065351286, -0.12913237890393786, -0.14195348366275592], [0.29915063024691274, 0.03681250982884149, -0.33339224661276634]]	[[-0.07403716496359826, -0.0028986374041695268, 0.3726763624396331], [-0.08700612413593876, -0.12432320207313478, 0.0], [0.1932910089053517, -0.23443136107174248, -0.027768560443407017]]	0.952478645257693	[[0.6782740496353262, -0.6782740496353261, 0.0], [-0.7071067811865475, -0.7071067811865476, 0.0], [0.0, 0.0, -0.9592243600000001]]
2	[[0.04673222253661188, -0.9725397674033924, -0.22799671093185395], [-0.8377629715199755, -0.16246744520517667, 0.5213036857710898], [-0.5440306084466285, 0.16664552219444034, -0.8223502702654952]]	0.18351777045004664	0.8164822295499533	[[0.008576193288094454, -0.17847832978787748, -0.041841448060157604], [-0.1537443926989518, -0.029815663314769154, 0.09566849014010209], [-0.09983928431870756, 0.03058241468860745, -0.1509158881281169]]	0.4811575018305302	0.8959507898397524	[[0.12943763515294293, -0.5983181102834912, 0.11667160059092414], [-0.30200538938148636, -0.41525983027453517, 0.0034153404522187713], [0.08481581674914065, 0.08018274315032109, -0.5326672559718671]]	[[0.1069520757022383, -0.13037330536883004, 0.2263739284484725], [0.10109054912118666, -0.33708740021082384, -0.2474138386884465], [0.34658022522866383, 0.0, -0.13698725430126005]]	0.8714995765592902	[[0.6782740496353262, -0.6782740496353261, 0.0], [-0.7071067811865475, -0.7071067811865476, 0.0], [0.0, 0.0, -0.9592243600000001]]
2	[[0.8592155572171323, 0.2624339665249735, -0.4391776855101157], [-0.4266000482917053, 0.8413623931712975, -0.33184593135155627], [0.2824199444684594, 0.4724804086637203, 0.8348660002631537]]	0.1769759655278813	0.8230240344721188	[[0.15206050283507852, 0.0464445046130689, -0.07772389493145292], [-0.07549795544066541, 0.1489009218903393, -0.05872875410744068], [0.04998154235663625, 0.08361767651626983, 0.14775121648297196]]	0.0	0.6886995295272221	[[0.6925403814941045, 0.6925403814941045, 0.0], [-0.7071067811865474, 0.7071067811865474, 0.0], [0.0, 0.0, 0.9793999999999997]]	[[0.6925403814941046, 0.6925403814941045, 0.0], [-0.7071067811865474, 0.7071067811865475, 0.0], [0.0, 0.0, 0.9793999999999997]]	0.688699529527222	[[0.6925403814941047, 0.6925403814941046, 0.0], [-0.7071067811865475, 0.7071067811865476, 0.0], [0.0, 0.0, 0.9794]]
2	[[0.8489524140446696, -0.5135124485683378, 0.12483895166604869], [0.522794976890395, 0.7815435453534784, -0.34040431673891397], [0.0772347773085365, 0.35425224329800037, 0.9319550081910795]]	0.22024108783973684	0.779758912160263	[[0.18697420319336874, -0.11309654029193764, 0.02749466651970295], [0.1151409344274907, 0.17212800062277486, -0.07497101702392077], [0.01701027137349187, 0.07802089943361873, 0.20525478482169413]]	0.0	0.4334827774588428	[[0.6925403814941044, -0.6925403814941042, 0.0], [0.7071067811865471, 0.707106781186547, 0.0], [0.0, 0.0, 0.9793999999999994]]	[[0.6925403814941042, -0.6925403814941044, 0.0], [0.7071067811865471, 0.707106781186547, 0.0], [0.0, 0.0, 0.9793999999999994]]	0.43348277745884295	[[0.6925403814941047, -0.6925403814941046, 0.0], [0.7071067811865475, 0.7071067811865476, 0.0], [0.0, 0.0, 0.9794]]
2	[[0.5319609947059123, -0.8460851799387872, 0.03402011756955908], [-0.703274286200726, -0.4190807785627857, 0.5742617690636116], [-0.47161719485230363, -0.3294103357928521, -0.8179645788128509]]	0.15836090730940378	0.8416390926905963	[[0.08424182577484124, -0.13398681675614652, 0.005387456685087957], [-0.11137115405012024, -0.06636601232913408, 0.09094061478201683], [-0.07468572687952664, -0.05216571965325143, -0.12953361284775736]]	0.47478565245045906	0.8067965196282327	[[0.22076512413776167, -0.5503460413921154, 0.23725808651330224], [-0.3753488879867156, -0.39632413671361877, 0.00994314544745826], [0.16334928998320797, -0.15639930120333412, -0.36177637268949603]]	[[-0.0318023238118801, -0.1486369372062143, 0.2211058227965978], [-0.04144434716127299, -0.19735059583424014, -0.2627081032547634], [0.38726636754801425, 0.0, 0.026581473543528335]]	0.657463831376796	[[0.6782740496353262, -0.6782740496353261, 0.0], [-0.7071067811865475, -0.7071067811865476, 0.0], [0.0, 0.0, -0.9592243600000001]]
2	[[-0.42203838922340475, -0.825029846081567, 0.3757783270710803], [0.2588054115689476, 0.28760896992378115, 0.9221175843470338], [-0.8688517462515349, 0.4864224845687207, 0.09214016247897017]]	0.110456148397384	0.8895438516026162	[[-0.0466167349494533, -0.09112961911105644, 0.04150702665948394], [0.028586648946305714, 0.03176817906231982, 0.10185355673647323], [-0.09597001741928576, 0.05372835413934684, 0.010177447460136185]]	0.3538531073238111	1.148905447937794	[[-0.2371129482120055, -0.48285680706791995, 0.3101198282873326], [0.1830836067130476, 0.008595892902598046, 0.03575652900759503], [0.18822368346859764, 0.17212210763681043, -0.0915261831073787]]	[[-0.0877733527753677, -0.19091743239707176, 0.1771494995882873], [0.09150450763715766, -0.09317543479913251, -0.2905376435315294], [0.4956695736834228, 0.0, -0.12413026590988313]]	1.0000000000000002	[[0.0, 0.0, 0.0], [0.0, 0.0, 0.0], [0.0, 0.0, 0.0]]
2	[[-0.30792515101507295, 0.09349718223056193, 0.9468053539599837], [0.3027085282091916, -0.9338174967034747, 0.1906631317268273], [0.9019698710720718, 0.34531602882779927, 0.2592434992682147]]	0.6165751791834148	0.38342482081658547	[[-0.18985900516219867, 0.0576480418869531, 0.5837766807696934], [0.18664256502093007, -0.5757686903545526, 0.11755815460813956], [0.5561322348743043, 0.21291329234940554, 0.15984310701343493]]	0.8137724122730491	0.27391274443256747	[[-0.12535061966554065, 0.148829795263912, 0.779616276068218], [0.29295404651290124, -0.8143865770063453, 0.1551563966368744], [0.7248659985567669, 0.28100865777574796, 0.12535061966554065]]	[[0.12523037327553813, 0.07274436773941478, 0.00913219922316405], [0.046618197296483074, -0.054471660091178556, 0.0], [-0.00913219922316405, 0.0, -0.08561458810006084]]	0.46953579081244295	[[0.0, 0.0, 0.9794], [0.0, -1.0, 0.0], [0.9794, 0.0, 0.0]]
2	[[0.8787972042104137, -0.3840163418041313, 0.28327887866788265], [-0.395223040501579, -0.9183905790867732, -0.018907472103605397], [0.2674214316928388, -0.09534250611366366, -0.9588511794847616]]	0.6341150746795385	0.3658849253204616	[[0.5572585547760561, -0.24351055126128995, 0.17963140730162036], [-0.25061688784273306, -0.5823653106425938, -0.01198951308497903], [0.16957596112881357, -0.06045812038440019, -0.6080219872855431]]	0.840295645768727	0.29500229105925985	[[0.6135181915694311, -0.26735122386524396, 0.24481176786823244], [-0.34592893635039623, -0.8495416889784159, -0.01588786648115329], [0.21793930505136833, -0.0801158927439898, -0.717369314712254]]	[[-0.12493127264231034, 0.05533603605680274, 0.0067737595853631025], [-0.013824736309442205, -0.07782208425678064, 0.0], [-0.0067737595853631025, 0.0, 0.08834915634899938]]	0.4763294573914579	[[0.6782740496353262, -0.6782740496353261, 0.0], [-0.7071067811865475, -0.7071067811865476, 0.0], [0.0, 0.0, -0.9592243600000001]]
2	[[0.08740825448676931, -0.06334395238859675, -0.994156597696443], [0.7119981850616444, -0.6940087028176986, 0.10681996481098455], [-0.6967197295301035, -0.717174639895393, -0.015561310176609944]]	0.16738041404189816	0.8326195859581018	[[0.014630429826675034, -0.010602536977853606, -0.16640234294491546], [0.11917455101269805, -0.11616346402630709, 0.017879569938003582], [-0.11661723679990801, -0.12004098816604009, -0.002604658540395363]]	0.4663844652141004	1.0282206624384809	[[0.06470218852541107, -0.01585912447028063, 0.0006244545185036254], [0.6348218016785566, -0.6371204492962718, 0.0391305094890238], [0.010608699720228421, -0.013430837745020284, 0.026593538388917273]]	[[0.023936336501301166, 0.013683510889022471, 0.46428364767422875], [0.3027569089051715, -0.3134455715787078, -0.01068866267353624], [0.3355479581812384, 0.32104827314770756, 0.03385109171366627]]	0.796776664756179	[[0.0, 0.0, -0.9592243600000001], [0.0, -1.0, 0.0], [-0.9592243600000001, 0.0, 0.0]]
2	[[0.3802729664721569, 0.7767473726770865, -0.5020517802076895], [0.4287143634067757, 0.332951791095048, 0.839849450446521], [0.8195098935212374, -0.5346088512602871, -0.20639019011321075]]	0.1286988094708382	0.8713011905291622	[[0.04894067805891054, 0.0999664621231425, -0.06461346640544455], [0.0551750281735003, 0.042850499125115904, 0.10808762440720497], [0.10546994764575662, -0.06880352268977138, -0.02656217175403021]]	0.4273458172535638	0.9444107515287485	[[0.14254629542174774, 0.3220941908692674, 0.1383528578993229], [0.28570518309198545, -0.2626421006232943, 0.32783175532829634], [0.6208308923643009, 0.0, -0.05996978395725165]]	[[-0.019961766214733258, -0.009845549906980715, 0.3529025862157845], [0.1024958930935756, -0.4049276558948455, -0.031074394442728664], [0.27061676717008654, 0.22846285645281642, 0.028230200509796813]]	1.0000000000000007	[[0.0, 0.0, 0.0], [0.0, 0.0, 0.0], [0.0, 0.0, 0.0]]
2	[[-0.8305561570912853, 0.32773595720904825, 0.4502950280316503], [-0.5100865793185324, -0.772219296347621, -0.37879947194723407], [0.22358030216652452, -0.5443036842615101, 0.808545204538665]]	0.19670600218624193	0.803293997813758	[[-0.16337538125259501, 0.06446762991527313, 0.08857573476844768], [-0.10033709178660387, -0.15190017059561337, -0.0745121297569999], [0.04397958740676902, -0.10706780170632414, 0.159045694771658]]	0.5413424274837368	0.6352266479417858	[[-0.412213346582845, 0.17073051735608946, 0.42858360437452375], [-0.35005339409505287, -0.5979479903319754, -0.06468881917433417], [0.34693112030610124, -0.25917762561109525, 0.2877634912551163]]	[[0.03740193965851514, -0.006686861293162802, 0.18481980081601293], [-0.07392188701988292, -0.17991292189737124, 0.14037140649913923], [0.2258976167937275, 0.03547705211537203, -0.14993633250017896]]	0.6805277014196242	[[-0.6782740496353262, 0.6782740496353261, 0.0], [-0.7071067811865475, -0.7071067811865476, 0.0], [0.0, 0.0, 0.9592243600000001]]
2	[[-0.5446221603179724, 0.8109226453022452, -0.2139887049042392], [-0.8354447797583356, -0.5021691245819775, 0.22328947644507607], [0.07361197229480154, 0.30038414347728, 0.9509735242804028]]	0.2507096142713052	0.7492903857286948	[[-0.13654201173692376, 0.2033061036075924, -0.053649025664958], [-0.20945403847818783, -0.12589862752290665, 0.055980818510386735], [0.0184552291797797, 0.07530919274440527, 0.23841820545456355]]	0.6086416185008396	0.5843115128120717	[[-0.258632290754729, 0.5458828432112206, 0.14243523636914232], [-0.6144606521107916, -0.5147957043926695, 0.13590326833773622], [0.19289658169064203, 0.008537261342416527, 0.5048081883902056]]	[[0.0728474223726255, 0.05232157189547973, 0.272677668062957], [-0.10597418919060053, -0.2091546756459452, 0.0], [0.14809327173209502, -0.1742890299155836, -0.07399387657926641]]	0.3920273242053056	[[-0.6782740496353262, 0.6782740496353261, 0.0], [-0.7071067811865475, -0.7071067811865476, 0.0], [0.0, 0.0, 0.9592243600000001]]
