2	[[0.8787972042104137, -0.3840163418041313, 0.28327887866788265], [-0.395223040501579, -0.9183905790867732, -0.018907472103605397], [0.2674214316928388, -0.09534250611366366, -0.9588511794847616]]	0.6300146177241198	0.3699853822758803	[[0.553655084667649, -0.2419359087815447, 0.1784698344532634], [-0.24899629277736654, -0.5785994896047866, -0.011911983809482413], [0.16847941105920064, -0.060067172542059365, -0.6040902592974136]]	0.8383165028337857	0.29810082558758066	[[0.6107632431379154, -0.2659872262983084, 0.24425186066774207], [-0.3461018953934545, -0.8492514327080144, -0.015850445891321837], [0.2174092976233383, -0.07992719629661535, -0.7138704889929293]]	[[-0.12594695579586682, 0.05594001039395462, 0.006774501776206372], [-0.014779898240835147, -0.07934945421249545, 0.0], [-0.006774501776206372, 0.0, 0.08995027853078677]]	0.4774907082977096	[[0.6746776196933975, -0.6746776196933973, 0.0], [-0.7071067811865475, -0.7071067811865476, 0.0], [0.0, 0.0, -0.9541382399999998]]
2	[[-0.8305561570912853, 0.32773595720904825, 0.4502950280316503], [-0.5100865793185324, -0.772219296347621, -0.37879947194723407], [0.22358030216652452, -0.5443036842615101, 0.808545204538665]]	0.19606852507952274	0.8039314749204773	[[-0.16284592071660467, 0.06425870574550364, 0.08828868199680806], [-0.10001192326984364, -0.15140789847282488, -0.07427065376559625], [0.0438370600826245, -0.10672082056850453, 0.1585302657140171]]	0.5401173540689298	0.6366824279734592	[[-0.4101914294833254, 0.16937778996378067, 0.42709340707298343], [-0.3502647937853487, -0.5982907188414219, -0.06434116658315737], [0.3454101894599942, -0.25859109922275214, 0.28635186711355676]]	[[0.03840636449047814, -0.0076380880772185175, 0.18388124798213384], [-0.0747581802177517, -0.18120167573717397, 0.1402550019276905], [0.2246505882318791, 0.0353967665305449, -0.15035742940698862]]	0.6804408935563154	[[-0.6746776196933975, 0.6746776196933973, 0.0], [-0.7071067811865475, -0.7071067811865476, 0.0], [0.0, 0.0, 0.9541382399999998]]
2	[[0.8489524140446696, -0.5135124485683378, 0.12483895166604869], [0.522794976890395, 0.7815435453534784, -0.34040431673891397], [0.0772347773085365, 0.35425224329800037, 0.9319550081910795]]	0.219740037487519	0.7802599625124811	[[0.18654883528729543, -0.1128392446987142, 0.027432115919000105], [0.11487898782018204, 0.1717364079541018, -0.07480045732112225], [0.016971572861118, 0.0778434012223403, 0.20478782843658888]]	0.0	0.43433242028365254	[[0.6907019038630196, -0.6907019038630194, 0.0], [0.7071067811865475, 0.7071067811865476, 0.0], [0.0, 0.0, 0.9767999999999999]]	[[0.6907019038630196, -0.6907019038630194, 0.0], [0.7071067811865475, 0.7071067811865476, 0.0], [0.0, 0.0, 0.9767999999999999]]	0.43433242028365254	[[0.6907019038630196, -0.6907019038630194, 0.0], [0.7071067811865475, 0.7071067811865476, 0.0], [0.0, 0.0, 0.9767999999999999]]
2	[[-0.3195682178843842, -0.5708200961323295, -0.7563336379995778], [0.910087742671785, 0.03735879733279218, -0.41272826520656647], [0.2638493031197415, -0.8202248094963509, 0.507557688474819]]	0.12192364351559272	0.8780763564844072	[[-0.038962921476248906, -0.06959646591237452, -0.09221495285831191], [0.11096121350542519, 0.004554920688174591, -0.050321333875854427], [0.03216946837540893, -0.10000479727567804, 0.06188328267320209]]	0.37923320027764423	1.0995245135445895	[[-0.0422131555686468, -0.2954516542457274, 0.19377914956845524], [0.5441654417165468, -0.24523395798324338, -0.1565202608593265], [0.2685877310497234, -0.04217666652353266, 0.08079136037297674]]	[[0.07897772240667161, -0.0789777224066716, 0.4806059755846684], [0.1990299545296686, -0.25940165425428213, 0.0], [0.1685273154365976, 0.26887981292888957, -0.11169136615285247]]	0.989703161455234	[[1.905160853729302e-16, -0.9541382399999998, 0.0], [1.0, 1.7938038903913487e-16, 0.0], [0.0, 0.0, 0.9541382399999998]]
2	[[-0.30792515101507295, 0.09349718223056193, 0.9468053539599837], [0.3027085282091916, -0.9338174967034747, 0.1906631317268273], [0.9019698710720718, 0.34531602882779927, 0.2592434992682147]]	0.6125662970708575	0.3874337029291427	[[-0.18862456953228782, 0.05727322270553449, 0.5799810497221297], [0.18542904221687373, -0.5720251260956253, 0.11679380858983575], [0.5525163439920978, 0.2115289610982585, 0.15880383038642182]]	0.8117340980224511	0.2763366444880389	[[-0.12343135670602243, 0.14766984315239431, 0.777826542858834], [0.29377796994409155, -0.8142062731345121, 0.15476776525841196], [0.7228873468788156, 0.2803047951932284, 0.12343135670602243]]	[[0.12652198801162484, 0.07177499226682839, 0.009272352859299157], [0.04805913583449972, -0.056194769730333806, 0.0], [-0.009272352859299157, 0.0, -0.08700543134064581]]	0.46999483491228244	[[0.0, 0.0, 0.9767999999999999], [0.0, -1.0, 0.0], [0.9767999999999999, 0.0, 0.0]]
2	[[0.22433838825039393, -0.7661379269479729, -0.6022499185961573], [-0.9416906372873723, -0.011392912655017143, -0.3362869982418849], [0.2507808429735371, 0.642575192824231, -0.724020780340167]]	0.14930861498098186	0.850691385019018	[[0.03349565403673209, -0.11439099275700247, -0.08992110121800134], [-0.1406025247939357, -0.0017010600091198896, -0.050210545943607715], [0.03744374032814189, 0.09594201206172329, -0.10810253993004]]	0.42101419884371016	0.8686013944310398	[[0.020547683030180845, -0.3252445202327192, 0.1177720283868646], [-0.4834165304683826, -0.12887260376834672, -0.14158160114636337], [0.297869940317381, 0.03707612079457897, -0.3327446497452793]]	[[-0.07390196376894798, -0.002689574714937387, 0.37132779536831545], [-0.08695140125221681, -0.12407602577439829, 0.0], [0.192287644627527, -0.23345715920915727, -0.027921620964165977]]	0.9529145074969791	[[0.6746776196933975, -0.6746776196933973, 0.0], [-0.7071067811865475, -0.7071067811865476, 0.0], [0.0, 0.0, -0.9541382399999998]]
2	[[0.5319609947059123, -0.8460851799387872, 0.03402011756955908], [-0.703274286200726, -0.4190807785627857, 0.5742617690636116], [-0.47161719485230363, -0.3294103357928521, -0.8179645788128509]]	0.15788149187845438	0.8421185081215459	[[0.08398679546531598, -0.13358119046498623, 0.0053711469157624175], [-0.11103399350512573, -0.06616509853707683, 0.09066530482852343], [-0.07445962631881338, -0.052007795255158105, -0.12914146800670445]]	0.4738493603720949	0.8069598284499984	[[0.22049491407751545, -0.5478011389844504, 0.2366032088465896], [-0.3759798399850721, -0.3965695917474782, 0.009251172589342802], [0.16154351890151142, -0.15609087691539994, -0.3598966398484969]]	[[-0.03157446300678443, -0.14688421765014728, 0.22048279789647054], [-0.04273376930271665, -0.19798843288126272, -0.2628623993675972], [0.3850190250227571, 0.0, 0.027695352629002398]]	0.6592583275410818	[[0.6746776196933975, -0.6746776196933973, 0.0], [-0.7071067811865475, -0.7071067811865476, 0.0], [0.0, 0.0, -0.9541382399999998]]
2	[[0.3802729664721569, 0.7767473726770865, -0.5020517802076895], [0.4287143634067757, 0.332951791095048, 0.839849450446521], [0.8195098935212374, -0.5346088512602871, -0.20639019011321075]]	0.12846447608819056	0.8715355239118098	[[0.0488515674083477, 0.09978444428384042, -0.06449581891352425], [0.05507456608653356, 0.04277247740564999, 0.10789081964456709], [0.10527790912029465, -0.06867824598926221, -0.026513807642635653]]	0.4263358701835287	0.9451039512447289	[[0.142971424627114, 0.3214815388822949, 0.13711532552272118], [0.2851030134580316, -0.263692504731035, 0.32784606670737526], [0.6180759513803259, 0.0, -0.06090570087085043]]	[[-0.019152581441064853, -0.009673728160760366, 0.3511580081147561], [0.10232670227482629, -0.40564179631670677, -0.030211879571900628], [0.26868948780193824, 0.22792292980987122, 0.02708584042840914]]	1.0000000000000007	[[0.0, 0.0, 0.0], [0.0, 0.0, 0.0], [0.0, 0.0, 0.0]]
2	[[0.034229894132735264, 0.2773841392786001, 0.9601491309293217], [-0.1827544195208179, -0.9427759796974285, 0.2788803941677556], [0.9825625356654255, -0.18501754344446375, 0.018422055382213542]]	0.8239743726936832	0.17602562730631685	[[0.028204555545391728, 0.22855742215726177, 0.7911382778498729], [-0.15058495818166415, -0.7768232464618615, 0.22979029784094354], [0.8096063489572337, -0.1524497142969783, 0.015179301527287694]]	0.9140919300514727	0.12785080428008674	[[0.0, 0.24323113160264337, 0.8621997939057839], [-0.17725213841186377, -0.8209874789430934, 0.2549223177583192], [0.8928963691289243, -0.16912304338053205, 0.0]]	[[-0.03128926999324957, -0.010323471636198716, -0.015464778322643811], [-0.010197798346642806, 0.04079643594469714, 0.0], [-0.0052561154937535316, 0.0, -0.016839452159842696]]	0.3482213011639197	[[0.0, 0.0, 0.9767999999999999], [0.0, -1.0, 0.0], [0.9767999999999999, 0.0, 0.0]]
2	[[0.8592155572171323, 0.2624339665249735, -0.4391776855101157], [-0.4266000482917053, 0.8413623931712975, -0.33184593135155627], [0.2824199444684594, 0.4724804086637203, 0.8348660002631537]]	0.176449558694193	0.8235504413058071	[[0.15160820589414808, 0.0463063575796982, -0.07749270879659698], [-0.07527339025999273, 0.14845802297696545, -0.05855406814144556], [0.04983287456789812, 0.0833689596003654, 0.1473117373152195]]	0.0	0.6886349389340394	[[0.6907019038630196, 0.6907019038630194, 0.0], [-0.7071067811865475, 0.7071067811865476, 0.0], [0.0, 0.0, 0.9767999999999999]]	[[0.6907019038630196, 0.6907019038630194, 0.0], [-0.7071067811865475, 0.7071067811865476, 0.0], [0.0, 0.0, 0.9767999999999999]]	0.6886349389340394	[[0.6907019038630196, 0.6907019038630194, 0.0], [-0.7071067811865475, 0.7071067811865476, 0.0], [0.0, 0.0, 0.9767999999999999]]
2	[[0.08740825448676931, -0.06334395238859675, -0.994156597696443], [0.7119981850616444, -0.6940087028176986, 0.10681996481098455], [-0.6967197295301035, -0.717174639895393, -0.015561310176609944]]	0.1665295100952323	0.8334704899047678	[[0.014556053797961089, -0.010548637358768712, -0.1655564111723316], [0.11856870894701022, -0.11557292928205892, 0.017788676408363215], [-0.11602439523233088, -0.11943074143450445, -0.002591417360150821]]	0.4651551935568955	1.0279906211245593	[[0.06444230044180646, -0.015804118791709343, 0.0005539190903075843], [0.6348429038405466, -0.637084835619568, 0.039078028533202254], [0.010459508643681385, -0.013371632724283091, 0.02639708532553081]]	[[0.023783896907542897, 0.013660649642267174, 0.46299102371766127], [0.3036532502560392, -0.31426308313023127, -0.010609832874192027], [0.3345423092881646, 0.32022587571035527, 0.03363550957273068]]	0.798367196409654	[[0.0, 0.0, -0.9541382399999998], [0.0, -1.0, 0.0], [-0.9541382399999998, 0.0, 0.0]]
2	[[-0.42203838922340475, -0.825029846081567, 0.3757783270710803], [0.2588054115689476, 0.28760896992378115, 0.9221175843470338], [-0.8688517462515349, 0.4864224845687207, 0.09214016247897017]]	0.11023399954509637	0.8897660004549037	[[-0.04652297960566598, -0.09094633967764637, 0.04142354793541056], [0.02852915562115986, 0.03170428705974377, 0.10164870937343629], [-0.09577700300104786, 0.053620295942673014, 0.010156978628791884]]	0.35306822009219974	1.147801989116117	[[-0.23662053543675146, -0.4809242983269249, 0.30864323238129915], [0.18319934010075084, 0.008943015426332905, 0.0349996562657279], [0.1865960593846211, 0.1717403208395038, -0.09137058775818943]]	[[-0.08761219254306502, -0.1896324790479646, 0.17596784729308834], [0.09182337408787329, -0.09260257166720759, -0.2905707579553982], [0.4933599989576502, 0.0, -0.12390235092364549]]	1.0000000000000002	[[0.0, 0.0, 0.0], [0.0, 0.0, 0.0], [0.0, 0.0, 0.0]]
2	[[-0.5446221603179724, 0.8109226453022452, -0.2139887049042392], [-0.8354447797583356, -0.5021691245819775, 0.22328947644507607], [0.07361197229480154, 0.30038414347728, 0.9509735242804028]]	0.24989903587470547	0.7501009641252945	[[-0.13610055277946054, 0.20264878722999682, -0.053475571043646225], [-0.20877684498816373, -0.125491580079081, 0.055799824884592265], [0.018395560905306446, 0.07506570784702146, 0.23764736686004348]]	0.6077692262491151	0.5841842746122763	[[-0.25852947473518795, 0.5447513307150108, 0.1420289142468032], [-0.6140919937748229, -0.5141728568124674, 0.1357084723285939], [0.19198907747136024, 0.008870139305594153, 0.5045782918086669]]	[[0.07247511423938766, 0.051897502031779494, 0.2720846638525029], [-0.10633436640723688, -0.20896991651908345, 0.0], [0.1472499860270774, -0.17369409915309547, -0.07339415122662782]]	0.3936486710261945	[[-0.6746776196933975, 0.6746776196933973, 0.0], [-0.7071067811865475, -0.7071067811865476, 0.0], [0.0, 0.0, 0.9541382399999998]]
2	[[0.04673222253661188, -0.9725397674033924, -0.22799671093185395], [-0.8377629715199755, -0.16246744520517667, 0.5213036857710898], [-0.5440306084466285, 0.16664552219444034, -0.8223502702654952]]	0.18309723476177492	0.8169027652382251	[[0.008556540720725543, -0.17806934210742087, -0.041745567306402206], [-0.15339208347111508, -0.029747339955878013, 0.09544926333580776], [-0.09961050003234358, 0.030512334299234008, -0.15057006049121038]]	0.4801919180678432	0.8950295262823655	[[-0.0732794521011848, -0.5963266195824106, 0.11580087120587054], [-0.3018304118518575, -0.20223340363622463, 0.002759463635182527], [0.08374532965399652, 0.08002183293996563, -0.5302543169434937]]	[[-0.09571988767661373, -0.1293208832757215, 0.22528304914139707], [0.10045659632853535, -0.12421784949956864, -0.24756635313107328], [0.3449844310115989, 0.0, -0.1353683633410964]]	0.8722786911288538	[[0.6746776196933975, -0.6746776196933973, 0.0], [-0.7071067811865475, -0.7071067811865476, 0.0], [0.0, 0.0, -0.9541382399999998]]
