2	[[0.8489524140446696, -0.5135124485683378, 0.12483895166604869], [0.522794976890395, 0.7815435453534784, -0.34040431673891397], [0.0772347773085365, 0.35425224329800037, 0.9319550081910795]]	0.20931720560369738	0.7906827943963027	[[0.1777003469983433, -0.1074869907770368, 0.026130940513232337], [0.10942998366634701, 0.1635905109709967, -0.07125248035522537], [0.01616656776164671, 0.07415108964597857, 0.19507421806292763]]	0.0	0.45241934439390974	[[0.6544980366662684, -0.6544980366662683, 0.0], [0.7071067811865475, 0.7071067811865476, 0.0], [0.0, 0.0, 0.9256]]	[[0.6544980366662684, -0.6544980366662683, 0.0], [0.7071067811865475, 0.7071067811865476, 0.0], [0.0, 0.0, 0.9256]]	0.45241934439390974	[[0.6544980366662684, -0.6544980366662683, 0.0], [0.7071067811865475, 0.7071067811865476, 0.0], [0.0, 0.0, 0.9256]]
2	[[0.04673222253661188, -0.9725397674033924, -0.22799671093185395], [-0.8377629715199755, -0.16246744520517667, 0.5213036857710898], [-0.5440306084466285, 0.16664552219444034, -0.8223502702654952]]	0.17450043104542115	0.8254995689545788	[[0.008154792976349308, -0.1697086086207056, -0.039785524334546817], [-0.14618999964412863, -0.028350639219151666, 0.09096771787262195], [-0.09493357567583942, 0.029079715454719143, -0.1435004766316475]]	0.45893193911002167	0.8683162116168516	[[-0.05298205044023651, -0.5493326043148022, 0.09523854201362145], [-0.307068197413787, -0.1856216215721434, 0.0], [0.06734381888815164, 0.06734381888815162, -0.4826612487522168]]	[[-0.07442895994788486, -0.10300304299875399, 0.19987351467228426], [0.07740798762044916, -0.11106012190188048, -0.23924291137612763], [0.3170168409577679, -0.009135133756545044, -0.10525844459162265]]	0.8900545458784466	[[0.605803382738298, -0.6058033827382979, 0.0], [-0.7071067811865475, -0.7071067811865476, 0.0], [0.0, 0.0, -0.85673536]]
2	[[0.8592155572171323, 0.2624339665249735, -0.4391776855101157], [-0.4266000482917053, 0.8413623931712975, -0.33184593135155627], [0.2824199444684594, 0.4724804086637203, 0.8348660002631537]]	0.16589411970448598	0.834105880295514	[[0.1425388085009356, 0.043536251857217045, -0.07285699553155423], [-0.0707704394772437, 0.1395770735676121, -0.055051288659081724], [0.04685180807458486, 0.07838172147288368, 0.13849936018486111]]	0.0	0.6890449763735061	[[0.6544980366662684, 0.6544980366662683, 0.0], [-0.7071067811865475, 0.7071067811865476, 0.0], [0.0, 0.0, 0.9256]]	[[0.6544980366662684, 0.6544980366662683, 0.0], [-0.7071067811865475, 0.7071067811865476, 0.0], [0.0, 0.0, 0.9256]]	0.6890449763735061	[[0.6544980366662684, 0.6544980366662683, 0.0], [-0.7071067811865475, 0.7071067811865476, 0.0], [0.0, 0.0, 0.9256]]
2	[[0.8787972042104137, -0.3840163418041313, 0.28327887866788265], [-0.395223040501579, -0.9183905790867732, -0.018907472103605397], [0.2674214316928388, -0.09534250611366366, -0.9588511794847616]]	0.5564344185055317	0.4435655814944683	[[0.48899301130910855, -0.2136799098484033, 0.15762611812646232], [-0.2199157027214843, -0.5110241278351072, -0.01052076824537923], [0.1488024888399215, -0.05305185194821653, -0.5335377984899466]]	0.7984187204177478	0.3580854410565989	[[0.5575371857738576, -0.23997629653613584, 0.23293177462747652], [-0.3498487430282974, -0.8433784257744907, -0.015096079683294879], [0.20675766250438718, -0.07612324173269262, -0.6465309383403269]]	[[-0.14411095351851508, 0.06662953970662312, 0.00675661480009124], [-0.034295268751415045, -0.1101181947763149, 0.0], [-0.00675661480009124, 0.0, 0.11903379345494453]]	0.5059922770417608	[[0.605803382738298, -0.6058033827382979, 0.0], [-0.7071067811865475, -0.7071067811865476, 0.0], [0.0, 0.0, -0.85673536]]
2	[[-0.5446221603179724, 0.8109226453022452, -0.2139887049042392], [-0.8354447797583356, -0.5021691245819775, 0.22328947644507607], [0.07361197229480154, 0.30038414347728, 0.9509735242804028]]	0.23381853576500597	0.7661814642349939	[[-0.12734275607072265, 0.18960874554325627, -0.050034525650959144], [-0.19534247511561198, -0.1174164494161529, 0.052209218434122476], [0.017211843576744684, 0.07023538059488307, 0.22235523699853116]]	0.5896474290320092	0.5800260500595305	[[-0.34137723597565883, 0.5220228184389395, 0.13403791154302425], [-0.6064340261649451, -0.40134514897567064, 0.13166206571574246], [0.17454044097706395, 0.01501779139924618, 0.4987055130848741]]	[[-0.02024217935030786, 0.04386436549263469, 0.26021580123169824], [-0.11381615968222947, -0.10524241572665308, 0.0], [0.13113533076745876, -0.16210294652411414, -0.06203358058457438]]	0.4308950016425532	[[-0.605803382738298, 0.6058033827382979, 0.0], [-0.7071067811865475, -0.7071067811865476, 0.0], [0.0, 0.0, 0.85673536]]
2	[[0.034229894132735264, 0.2773841392786001, 0.9601491309293217], [-0.1827544195208179, -0.9427759796974285, 0.2788803941677556], [0.9825625356654255, -0.18501754344446375, 0.018422055382213542]]	0.756606703319399	0.2433932966806011	[[0.02589856735474087, 0.20987069917267065, 0.7264552686474199], [-0.1382732188706964, -0.7133106259675882, 0.21100277565168013], [0.7434134009149669, -0.1399855136017694, 0.013938250591103978]]	0.8703009702692823	0.19419459160334135	[[0.0, 0.20793813438970202, 0.7975278172166116], [-0.18794712474171243, -0.8216160288853369, 0.24270987763327762], [0.8169615523030088, -0.1610209475765559, 0.0]]	[[-0.029790310075934318, -0.033469551161773387, -0.03809090303438525], [-0.028895776111745146, -0.0011171790080915147, 0.0], [-0.03816357583685733, 0.0, -0.016032732673494893]]	0.3713017880709857	[[0.0, 0.0, 0.9256], [0.0, -1.0, 0.0], [0.9256, 0.0, 0.0]]
2	[[-0.42203838922340475, -0.825029846081567, 0.3757783270710803], [0.2588054115689476, 0.28760896992378115, 0.9221175843470338], [-0.8688517462515349, 0.4864224845687207, 0.09214016247897017]]	0.10567316480313747	0.8943268351968627	[[-0.044598132257655534, -0.08718351489248458, 0.03970968508602955], [0.027348786908669202, 0.030392550077616307, 0.09744308345857512], [-0.09181431377113221, 0.05140180337578202, 0.00973674257462806]]	0.3370386223297513	1.1285105574993737	[[-0.22649075524051399, -0.44334104868080143, 0.28021187451000007], [0.18556294034528462, 0.016032230546236592, 0.019542192924678865], [0.15600187649466024, 0.16394316406925638, -0.08808918908118862]]	[[-0.08424751796639032, -0.16527412597654323, 0.1535600648525845], [0.09833552097860221, -0.08090310044655347, -0.29124704732968365], [0.44883847206007627, 0.0, -0.11914398250434018]]	1.0000000000000002	[[0.0, 0.0, 0.0], [0.0, 0.0, 0.0], [0.0, 0.0, 0.0]]
2	[[-0.8305561570912853, 0.32773595720904825, 0.4502950280316503], [-0.5100865793185324, -0.772219296347621, -0.37879947194723407], [0.22358030216652452, -0.5443036842615101, 0.808545204538665]]	0.18340353724608818	0.8165964627539115	[[-0.15232693709205947, 0.060107933834872056, 0.08258570094533109], [-0.0935516829487762, -0.14162775047983894, -0.06947316306207309], [0.04100541827588984, -0.0998272210296389, 0.14829005053575303]]	0.5152111942678101	0.6655159431150042	[[-0.37183701004811726, 0.1440413772207912, 0.3978944064718489], [-0.3544910094394278, -0.6048569081578389, -0.057257876123873695], [0.31604084805669397, -0.2466668179681877, 0.25940493169291584]]	[[0.05607481955336674, -0.0248118566973865, 0.16589736730680532], [-0.09168869372874468, -0.20700088224993307, 0.13790385220607662], [0.200849773562721, 0.03376453324455396, -0.1571666087569606]]	0.6848996158662936	[[-0.605803382738298, 0.6058033827382979, 0.0], [-0.7071067811865475, -0.7071067811865476, 0.0], [0.0, 0.0, 0.85673536]]
2	[[0.22433838825039393, -0.7661379269479729, -0.6022499185961573], [-0.9416906372873723, -0.011392912655017143, -0.3362869982418849], [0.2507808429735371, 0.642575192824231, -0.724020780340167]]	0.13865265783782701	0.861347342162173	[[0.03110511378597145, -0.10622705984169939, -0.08350355189597217], [-0.13056790972089127, -0.0015796576201323465, -0.046627086102541994], [0.03477143041309168, 0.08909475834573383, -0.10038740552398169]]	0.39862283325395437	0.8693203922422522	[[0.018389462970632122, -0.30429352554477385, 0.10475871383030233], [-0.4612227551340572, -0.12361264334267233, -0.13405167602564771], [0.2730163912848291, 0.04163276114717235, -0.319142224728169]]	[[-0.07103694096136556, 0.0011065455585382022, 0.3448292827080659], [-0.08584336524984301, -0.11907116822111452, 0.0], [0.17304942113290273, -0.21451238279512866, -0.030531009934232675]]	0.9642049070775128	[[0.605803382738298, -0.6058033827382979, 0.0], [-0.7071067811865475, -0.7071067811865476, 0.0], [0.0, 0.0, -0.85673536]]
2	[[-0.30792515101507295, 0.09349718223056193, 0.9468053539599837], [0.3027085282091916, -0.9338174967034747, 0.1906631317268273], [0.9019698710720718, 0.34531602882779927, 0.2592434992682147]]	0.5388541921413076	0.4611458078586925	[[-0.16592675849021724, 0.05038134859833808, 0.5101900341231718], [0.16311575942244816, -0.5031914727935689, 0.10273962781779124], [0.48603024621234053, 0.18607498974744827, 0.1396944463660595]]	0.7708740384438687	0.325580891083759	[[-0.08723002952446378, 0.12592061433283258, 0.7416382219315786], [0.3107087370385705, -0.8104202534073687, 0.14697725833661468], [0.6835346019638541, 0.266195161681885, 0.08723002952446378]]	[[0.15014147517696358, 0.053846063883636976, 0.011770555104169397], [0.07735859142655122, -0.09056458855401714, 0.0], [-0.011770555104169397, 0.0, -0.112614053696745]]	0.4810426781973029	[[0.0, 0.0, 0.9256], [0.0, -1.0, 0.0], [0.9256, 0.0, 0.0]]
2	[[0.3802729664721569, 0.7767473726770865, -0.5020517802076895], [0.4287143634067757, 0.332951791095048, 0.839849450446521], [0.8195098935212374, -0.5346088512602871, -0.20639019011321075]]	0.1234279413085009	0.8765720586914993	[[0.046936309386934924, 0.09587232912631971, -0.06196721766130306], [0.05291533128468284, 0.041095554129839854, 0.10366088867768994], [0.1011504190392751, -0.06598566991635983, -0.025474316271943714]]	0.4057740242238419	0.9535708959242205	[[0.14123171552977437, 0.3086844392406364, 0.1139054410089205], [0.27284324299844576, -0.27488407047599145, 0.3281374368007421], [0.5647950424719687, 0.0, -0.07761058363717385]]	[[-0.013073176379170867, -0.006499467975841283, 0.31762501223253836], [0.09888209051631572, -0.40998725862116503, -0.01265165444912488], [0.2322592150866039, 0.21693038496157208, 0.006137194365387427]]	1.0000000000000007	[[0.0, 0.0, 0.0], [0.0, 0.0, 0.0], [0.0, 0.0, 0.0]]
2	[[0.08740825448676931, -0.06334395238859675, -0.994156597696443], [0.7119981850616444, -0.6940087028176986, 0.10681996481098455], [-0.6967197295301035, -0.717174639895393, -0.015561310176609944]]	0.1501618418229692	0.8498381581770308	[[0.013125384484264098, -0.009511844559018162, -0.14928438577055447], [0.1069149588434678, -0.10421362505627532, 0.016040282659482197], [-0.1046207178206413, -0.10769226483541691, -0.0023367149972982545]]	0.4402732231881212	1.0236858440840648	[[0.05937559166232539, -0.014719370040789069, -0.000724424431564407], [0.6352700375552776, -0.6363639709975991, 0.038015749434824934], [0.007702571654594375, -0.012224868536445015, 0.022694631478041585]]	[[0.020892077726187883, 0.013169276046813318, 0.4369761051899849], [0.321796301714095, -0.33081052248744397, -0.009014220773348916], [0.3144496126335691, 0.3035279217590798, 0.029545859666527754]]	0.8302921630325049	[[0.0, 0.0, -0.85673536], [0.0, -1.0, 0.0], [-0.85673536, 0.0, 0.0]]
2	[[0.5319609947059123, -0.8460851799387872, 0.03402011756955908], [-0.703274286200726, -0.4190807785627857, 0.5742617690636116], [-0.47161719485230363, -0.3294103357928521, -0.8179645788128509]]	0.14866707926196257	0.8513329207380376	[[0.07908508736421634, -0.12578501250833152, 0.005057671515214919], [-0.10455373404950345, -0.06230351532375858, 0.08537381993849479], [-0.07011395088841182, -0.048972472501025655, -0.12160440487184793]]	0.45369476448878504	0.8227154789135649	[[0.21414457456315908, -0.4935003713914463, 0.22311076900433682], [-0.3831915619968218, -0.398737762222394, 0.0], [0.12746816570003813, -0.14521454943686382, -0.3232034309836624]]	[[-0.027203343647159622, -0.10963595494166693, 0.20767601977573497], [-0.06411970034796502, -0.2086030070905743, -0.2605395580702283], [0.3414384178474154, 0.004237195280845829, 0.04790281596100225]]	0.69548500036541	[[0.605803382738298, -0.6058033827382979, 0.0], [-0.7071067811865475, -0.7071067811865476, 0.0], [0.0, 0.0, -0.85673536]]
2	[[-0.3195682178843842, -0.5708200961323295, -0.7563336379995778], [0.910087742671785, 0.03735879733279218, -0.41272826520656647], [0.2638493031197415, -0.8202248094963509, 0.507557688474819]]	0.11366711485660666	0.8863328851433933	[[-0.0363243973267854, -0.06488347342953277, -0.08597026250041317], [0.10344704797586371, 0.0042464667073311944, -0.04691363112580281], [0.02999098904254728, -0.09323258762926004, 0.057692618072221084]]	0.3590402916743977	1.0685041915747109	[[-0.1818622979918782, -0.2720718456417607, 0.18265031460276704], [0.5371166491674725, -0.07508195315162938, -0.14818607672203377], [0.2376739867083438, -0.04714777441061817, 0.08730537864704588]]	[[-0.06712443183280145, -0.06712443183280145, 0.45420456459329367], [0.21035848058930062, -0.08849526664259985, 0.0], [0.14294145595814522, 0.24734598042952893, -0.09492828186453613]]	0.961713357084089	[[1.710673151384941e-16, -0.85673536, 0.0], [1.0, 1.7938038903913487e-16, 0.0], [0.0, 0.0, 0.85673536]]
