2	[[-0.42203838922340475, -0.825029846081567, 0.3757783270710803], [0.2588054115689476, 0.28760896992378115, 0.9221175843470338], [-0.8688517462515349, 0.4864224845687207, 0.09214016247897017]]	0.11004532502186608	0.8899546749781341	[[-0.046443351713794406, -0.09079067756478622, 0.04135264813871013], [0.028480325633522645, 0.031650022574466564, 0.10147472927784734], [-0.09561307281206605, 0.053528520412308496, 0.0101395941275658]]	0.35240191631376544	1.146877433517035	[[-0.23620223912243793, -0.47929092631580944, 0.30739628701739546], [0.18329758809156008, 0.009237693489409005, 0.03435713445190688], [0.18522440942165277, 0.17141621570012022, -0.09123810579433869]]	[[-0.08747510200213525, -0.18854882754061406, 0.17497128444836585], [0.09209406510229019, -0.09211625866075962, -0.2905988693386081], [0.4914094297932552, 0.0, -0.12370847562138952]]	1.0000000000000002	[[0.0, 0.0, 0.0], [0.0, 0.0, 0.0], [0.0, 0.0, 0.0]]
2	[[-0.8305561570912853, 0.32773595720904825, 0.4502950280316503], [-0.5100865793185324, -0.772219296347621, -0.37879947194723407], [0.22358030216652452, -0.5443036842615101, 0.808545204538665]]	0.1955286728357989	0.8044713271642011	[[-0.16239754311166027, 0.06408177675365535, 0.08804558921558742], [-0.0997365518855051, -0.15099101415304475, -0.0740661580207441], [0.04371635975484742, -0.10642697700328878, 0.15809377077119469]]	0.5390777886486917	0.6379151161279019	[[-0.4084862561603295, 0.16823818255290587, 0.42583305058727183], [-0.35044392252320566, -0.5985801062209969, -0.06404610267906073], [0.34412548725469605, -0.25809338819253214, 0.2851607046009728]]	[[0.03924812035299598, -0.008436992520010126, 0.1830890026364692], [-0.0754675773247957, -0.18229383559407267, 0.14015627899954633], [0.22359831237735966, 0.035328638272498415, -0.15070805628423475]]	0.6803929740614995	[[-0.6716419537132212, 0.6716419537132211, 0.0], [-0.7071067811865475, -0.7071067811865476, 0.0], [0.0, 0.0, 0.9498451599999999]]
2	[[0.8787972042104137, -0.3840163418041313, 0.28327887866788265], [-0.395223040501579, -0.9183905790867732, -0.018907472103605397], [0.2674214316928388, -0.09534250611366366, -0.9588511794847616]]	0.6265747879346617	0.37342521206533824	[[0.5506321718657136, -0.24061495792936813, 0.17749540332769737], [-0.24763679278916906, -0.5754403823324862, -0.011846945323697084], [0.16755952685212405, -0.05973921054932799, -0.6007919744465647]]	0.8366383348737836	0.30071884205254346	[[0.6084360614262042, -0.26483635974533765, 0.24377697455352543], [-0.3462494949961752, -0.8490052379019131, -0.015818715977432937], [0.2169600161211444, -0.0797671955576291, -0.7109159174781918]]	[[-0.12679936819613283, 0.05644643302599246, 0.006775005199915461], [-0.015590748487180228, -0.08064447305098527, 0.0], [-0.006775005199915461, 0.0, 0.0912957367177027]]	0.4784980506294492	[[0.6716419537132212, -0.6716419537132211, 0.0], [-0.7071067811865475, -0.7071067811865476, 0.0], [0.0, 0.0, -0.9498451599999999]]
2	[[-0.5446221603179724, 0.8109226453022452, -0.2139887049042392], [-0.8354447797583356, -0.5021691245819775, 0.22328947644507607], [0.07361197229480154, 0.30038414347728, 0.9509735242804028]]	0.24921268089700693	0.7507873191029931	[[-0.13572674864876133, 0.20209220643586515, -0.05332869883086393], [-0.20820343330498423, -0.12514691380077764, 0.05564656904096649], [0.018345036961703684, 0.07485953769492412, 0.23699466144799414]]	0.6070275603220929	0.584084190655477	[[-0.2584396128349838, 0.5437922791426907, 0.1416851616613716], [-0.6137785781914543, -0.5136435760701344, 0.13554286613205194], [0.19122281402508903, 0.009150263183447114, 0.504378735199794]]	[[0.07216104844018266, 0.051539884154930896, 0.2715822031358762], [-0.10664057175092385, -0.2088130775060556, 0.0], [0.14653831807247816, -0.17319119059100768, -0.07288840317504146]]	0.39504438375002277	[[-0.6716419537132212, 0.6716419537132211, 0.0], [-0.7071067811865475, -0.7071067811865476, 0.0], [0.0, 0.0, 0.9498451599999999]]
2	[[0.04673222253661188, -0.9725397674033924, -0.22799671093185395], [-0.8377629715199755, -0.16246744520517667, 0.5213036857710898], [-0.5440306084466285, 0.16664552219444034, -0.8223502702654952]]	0.18274019701167912	0.8172598029883209	[[0.008539855553134093, -0.1777221086969885, -0.04166416387370187], [-0.15309297046465004, -0.02968933294477817, 0.09526313824072341], [-0.0994162605679206, 0.030452835556926173, -0.1502764504009242]]	0.47937271524844033	0.8941658965141583	[[-0.07235249808481796, -0.594641796368166, 0.11506689833576617], [-0.3016811202963559, -0.20177152263721232, 0.0022024646268774296], [0.08284385174830354, 0.0798853164583431, -0.528215593765868]]	[[-0.09475465049178795, -0.12843276738091516, 0.22436230072288274], [0.0999195900957764, -0.1238890622897296, -0.2476962986902296], [0.3436372816976249, 0.0, -0.13400331182340897]]	0.8729482754635369	[[0.6716419537132212, -0.6716419537132211, 0.0], [-0.7071067811865475, -0.7071067811865476, 0.0], [0.0, 0.0, -0.9498451599999999]]
2	[[0.8592155572171323, 0.2624339665249735, -0.4391776855101157], [-0.4266000482917053, 0.8413623931712975, -0.33184593135155627], [0.2824199444684594, 0.4724804086637203, 0.8348660002631537]]	0.17600340230748354	0.8239965976925167	[[0.15122486138573557, 0.04618927098944358, -0.07729676686730641], [-0.07508305992387698, 0.14808264377171504, -0.05840601295976952], [0.049706871105939465, 0.083158159448445, 0.14693925651715553]]	0.0	0.6885868262980629	[[0.689146268944409, 0.689146268944409, 0.0], [-0.7071067811865474, 0.7071067811865474, 0.0], [0.0, 0.0, 0.9745999999999999]]	[[0.6891462689444091, 0.689146268944409, 0.0], [-0.7071067811865474, 0.7071067811865475, 0.0], [0.0, 0.0, 0.9745999999999997]]	0.688586826298063	[[0.6891462689444092, 0.6891462689444091, 0.0], [-0.7071067811865475, 0.7071067811865476, 0.0], [0.0, 0.0, 0.9745999999999999]]
2	[[0.8489524140446696, -0.5135124485683378, 0.12483895166604869], [0.522794976890395, 0.7815435453534784, -0.34040431673891397], [0.0772347773085365, 0.35425224329800037, 0.9319550081910795]]	0.2193139414775444	0.7806860585224555	[[0.18618710005101272, -0.11262043909330698, 0.027378922539805783], [0.11465622696649427, 0.1714033953678054, -0.07465541239998168], [0.016938663430675543, 0.07769245575494647, 0.20439072612612283]]	0.0	0.43505675408861016	[[0.6891462689444091, -0.689146268944409, 0.0], [0.7071067811865474, 0.7071067811865475, 0.0], [0.0, 0.0, 0.9745999999999998]]	[[0.6891462689444091, -0.689146268944409, 0.0], [0.7071067811865474, 0.7071067811865475, 0.0], [0.0, 0.0, 0.9745999999999998]]	0.4350567540886102	[[0.6891462689444092, -0.6891462689444091, 0.0], [0.7071067811865475, 0.7071067811865476, 0.0], [0.0, 0.0, 0.9745999999999999]]
2	[[-0.30792515101507295, 0.09349718223056193, 0.9468053539599837], [0.3027085282091916, -0.9338174967034747, 0.1906631317268273], [0.9019698710720718, 0.34531602882779927, 0.2592434992682147]]	0.6091955651279333	0.3908044348720668	[[-0.18758663638973155, 0.05695806876681652, 0.5767896226718051], [0.1844086929114434, -0.5688774776306252, 0.11615113428138615], [0.5494760453361199, 0.21036499332948488, 0.15792999004244304]]	0.810006697560143	0.2783953520416711	[[-0.12181338861387345, 0.14669257974872213, 0.7763086141456068], [0.2944777821738744, -0.8140528233098294, 0.15443841367652192], [0.7212117004136185, 0.27970829612538883, 0.12181338861387345]]	[[0.1276080460555541, 0.07095923593896579, 0.009389936152218285], [0.0492818469158557, -0.05765439668116813, 0.0], [-0.009389936152218285, 0.0, -0.08817558209230847]]	0.4703912731186906	[[0.0, 0.0, 0.9745999999999999], [0.0, -1.0, 0.0], [0.9745999999999999, 0.0, 0.0]]
2	[[0.5319609947059123, -0.8460851799387872, 0.03402011756955908], [-0.703274286200726, -0.4190807785627857, 0.5742617690636116], [-0.47161719485230363, -0.3294103357928521, -0.8179645788128509]]	0.15747672140951988	0.8425232785904804	[[0.08377147336403402, -0.1332387201699439, 0.0053573765768205606], [-0.11074932884251068, -0.06599546701381649, 0.0904328606229684], [-0.07426872960569546, -0.05187445967906736, -0.12881038010056656]]	0.4730541639884846	0.8071731532919605	[[0.2202640495106001, -0.545651888885563, 0.23604857475170907], [-0.3765157098903279, -0.39677805763090745, 0.008663477438390441], [0.16002221583603604, -0.15582893100765366, -0.35830988023302424]]	[[-0.03138231411448793, -0.1454077714265734, 0.2199552164760513], [-0.04382888037704519, -0.19853015028424564, -0.26299344363654453], [0.3831226936694868, 0.0, 0.02863166976948183]]	0.6607803971832357	[[0.6716419537132212, -0.6716419537132211, 0.0], [-0.7071067811865475, -0.7071067811865476, 0.0], [0.0, 0.0, -0.9498451599999999]]
2	[[0.034229894132735264, 0.2773841392786001, 0.9601491309293217], [-0.1827544195208179, -0.9427759796974285, 0.2788803941677556], [0.9825625356654255, -0.18501754344446375, 0.018422055382213542]]	0.8233650135727494	0.17663498642725053	[[0.028183697247193346, 0.22838839560199, 0.7905532022194846], [-0.1504735951092382, -0.7762487573196355, 0.2296203595291078], [0.8090076155142383, -0.15233697216934766, 0.015168075879814192]]	0.9122508231199621	0.12873260317635843	[[0.0, 0.24164903300568044, 0.8593783406599458], [-0.17769465319889127, -0.8210168607015439, 0.2544088691315545], [0.8895606856862944, -0.1687824062988454, 0.0]]	[[-0.031226249097896903, -0.011394876371644692, -0.016518494348244133], [-0.01097678356221432, 0.03903130279516406, 0.0], [-0.006782796241327048, 0.0, -0.016805535185985827]]	0.34917328230927214	[[0.0, 0.0, 0.9745999999999999], [0.0, -1.0, 0.0], [0.9745999999999999, 0.0, 0.0]]
2	[[0.3802729664721569, 0.7767473726770865, -0.5020517802076895], [0.4287143634067757, 0.332951791095048, 0.839849450446521], [0.8195098935212374, -0.5346088512602871, -0.20639019011321075]]	0.12826459732806367	0.8717354026719367	[[0.048775558919299467, 0.09962918898205791, -0.06439546942617681], [0.054988875191127246, 0.04270592741446394, 0.10772295157771859], [0.10511410649886592, -0.06857138903491942, -0.026472554627333486]]	0.42547874000824965	0.945700270993496	[[0.1433258883459716, 0.3209603526846037, 0.13607262048423518], [0.28459195918676095, -0.26458397031739517, 0.32785821260612813], [0.6157485768373558, 0.0, -0.061691038635104056]]	[[-0.01847217428780116, -0.009529140746761401, 0.34968497934590154], [0.10218311202100715, -0.4062478788760062, -0.02947987336647855], [0.26706453991764484, 0.22746470043148478, 0.026123599404327957]]	1.0000000000000007	[[0.0, 0.0, 0.0], [0.0, 0.0, 0.0], [0.0, 0.0, 0.0]]
2	[[-0.3195682178843842, -0.5708200961323295, -0.7563336379995778], [0.910087742671785, 0.03735879733279218, -0.41272826520656647], [0.2638493031197415, -0.8202248094963509, 0.507557688474819]]	0.12157247199934006	0.8784275280006598	[[-0.0388506982206283, -0.06939601015370823, -0.09194935002786273], [0.11064161661290815, 0.004541801342669863, -0.0501763954651615], [0.03207681201557015, -0.09971675768565916, 0.06170504287015469]]	0.37838717534697186	1.098855549920026	[[-0.042474235881017605, -0.29443728322171925, 0.19330919172175848], [0.5438701175339427, -0.2446702809354111, -0.15617108245736858], [0.2672168917272817, -0.04241780278706372, 0.08111352780133574]]	[[0.07844627941492013, -0.07844627941492012, 0.4794961406243179], [0.19950458726646408, -0.2588063707325264, 0.0], [0.1673796992025357, 0.26794474602776863, -0.11093979226628937]]	0.9882930829217857	[[1.8965887122774218e-16, -0.9498451599999999, 0.0], [1.0, 1.7938038903913487e-16, 0.0], [0.0, 0.0, 0.9498451599999999]]
2	[[0.08740825448676931, -0.06334395238859675, -0.994156597696443], [0.7119981850616444, -0.6940087028176986, 0.10681996481098455], [-0.6967197295301035, -0.717174639895393, -0.015561310176609944]]	0.1658109902986098	0.8341890097013903	[[0.014493249236724154, -0.0105031234749812, -0.1648420899759438], [0.1180571241558841, -0.11507427029005618, 0.017711924148972002], [-0.11552378831396604, -0.11891543725810398, -0.0025802362507275495]]	0.4641124517723176	1.0277968367911623	[[0.0642225908571972, -0.015757569497987477, 0.0004946596124605282], [0.6348608039571915, -0.6370546259677111, 0.03903351104578688], [0.010333964000992003, -0.013321609445537399, 0.026231492898845313]]	[[0.023655331562204007, 0.01364114755003314, 0.4618951156149822], [0.3044135806307914, -0.3149565453516633, -0.010542964720871836], [0.3336902658713543, 0.3195280710252424, 0.03345369071770124]]	0.7997155379931462	[[0.0, 0.0, -0.9498451599999999], [0.0, -1.0, 0.0], [-0.9498451599999999, 0.0, 0.0]]
2	[[0.22433838825039393, -0.7661379269479729, -0.6022499185961573], [-0.9416906372873723, -0.011392912655017143, -0.3362869982418849], [0.2507808429735371, 0.642575192824231, -0.724020780340167]]	0.1488582387050679	0.851141761294932	[[0.03339461734888734, -0.11404594241062724, -0.08964986214249455], [-0.14017840967165124, -0.0016959289115464904, -0.05005909025770126], [0.03733079458601296, 0.09565261143938442, -0.10777645814730616]]	0.42007612404592487	0.8686002695133139	[[0.02045241462835926, -0.3243501562728277, 0.11719611035357166], [-0.48248673361318917, -0.12865224041922912, -0.14126613878848976], [0.29678768335630173, 0.0372967437571599, -0.332193425175964]]	[[-0.0737867859825761, -0.00251390543594332, 0.37018692186441915], [-0.08690498065117302, -0.12386634982951582, 0.0], [0.19144063885500853, -0.23263375265250585, -0.02804958204196069]]	0.953294685203462	[[0.6716419537132212, -0.6716419537132211, 0.0], [-0.7071067811865475, -0.7071067811865476, 0.0], [0.0, 0.0, -0.9498451599999999]]
