2	[[0.8489524140446696, -0.5135124485683378, 0.12483895166604869], [0.522794976890395, 0.7815435453534784, -0.34040431673891397], [0.0772347773085365, 0.35425224329800037, 0.9319550081910795]]	0.2085015225449539	0.7914984774550462	[[0.17700787089652772, -0.10706812737228576, 0.026029111495287027], [0.10900354866050135, 0.1629530191413815, -0.07097481832093831], [0.016103568662250323, 0.07386213209259852, 0.19431403815123505]]	0.0	0.45386026802235224	[[0.651811030897759, -0.651811030897759, 0.0], [0.7071067811865471, 0.7071067811865471, 0.0], [0.0, 0.0, 0.9217999999999994]]	[[0.6518110308977592, -0.651811030897759, 0.0], [0.7071067811865471, 0.7071067811865472, 0.0], [0.0, 0.0, 0.9217999999999994]]	0.45386026802235224	[[0.6518110308977595, -0.6518110308977594, 0.0], [0.7071067811865475, 0.7071067811865476, 0.0], [0.0, 0.0, 0.9218]]
2	[[-0.3195682178843842, -0.5708200961323295, -0.7563336379995778], [0.910087742671785, 0.03735879733279218, -0.41272826520656647], [0.2638493031197415, -0.8202248094963509, 0.507557688474819]]	0.11304778294712961	0.8869522170528703	[[-0.03612647853219489, -0.06452994632942727, -0.08550184094418914], [0.1028834015964031, 0.0042233292120432975, -0.04665801534121727], [0.029827578749831954, -0.09272459623179422, 0.05737827139984816]]	0.3574997307443401	1.0839198345208811	[[-0.04795798437705712, -0.2703555981418249, 0.18180842161860844], [0.5365788814481932, -0.23075370154925298, -0.14755024368192607], [0.23546201704722314, -0.047463384150511864, 0.08770696003267445]]	[[0.06628756747105877, -0.06628756747105875, 0.4521974935563447], [0.21122275848930577, -0.24410946153665863, 0.0], [0.14113596222483388, 0.2457667643942612, -0.09374477693429291]]	0.9600255769449941	[[1.6966558347616366e-16, -0.8497152399999999, 0.0], [1.0, 1.7938038903913487e-16, 0.0], [0.0, 0.0, 0.8497152399999999]]
2	[[0.034229894132735264, 0.2773841392786001, 0.9601491309293217], [-0.1827544195208179, -0.9427759796974285, 0.2788803941677556], [0.9825625356654255, -0.18501754344446375, 0.018422055382213542]]	0.7489620145988681	0.2510379854011318	[[0.025636890469159387, 0.20775018377187338, 0.7191152274161773], [-0.13687611822115847, -0.7061033970696078, 0.20887082184800868], [0.7359020161813494, -0.1385711120742992, 0.01379741971211458]]	0.8669715721872606	0.199471661226765	[[0.0, 0.20544531805225, 0.7928094542055633], [-0.1887749483253608, -0.8216577320168976, 0.24178137378382203], [0.8114657852907491, -0.16040495052227152, 0.0]]	[[-0.02967634513206098, -0.035038845277927985, -0.03961254737046274], [-0.030332061909227104, -0.004297758678233095, 0.0], [-0.04038800102740625, 0.0, -0.015971398317638462]]	0.37309243004785686	[[0.0, 0.0, 0.9218], [0.0, -1.0, 0.0], [0.9218, 0.0, 0.0]]
2	[[0.22433838825039393, -0.7661379269479729, -0.6022499185961573], [-0.9416906372873723, -0.011392912655017143, -0.3362869982418849], [0.2507808429735371, 0.642575192824231, -0.724020780340167]]	0.13784843809690595	0.862151561903094	[[0.030924696425494086, -0.10561091659657951, -0.08301921062246906], [-0.12981058352054425, -0.0015704952148685725, -0.04635663745994079], [0.03456974750852751, 0.08857798669063842, -0.09980513371959505]]	0.3969144262076331	0.869435060649816	[[0.018234192040462806, -0.30272723260715384, 0.10382535636970308], [-0.45952942374640027, -0.12321132108215302, -0.1334771609482651], [0.27119960027209267, 0.04192284541974005, -0.31806828333378595]]	[[-0.07080895060828754, 0.0013639630633063698, 0.34286703724289064], [-0.0857588247823825, -0.11868930969285318, 0.0], [0.17166106587938465, -0.2131245185353488, -0.030693990742665697]]	0.9652267340255372	[[0.6008394082815547, -0.6008394082815546, 0.0], [-0.7071067811865475, -0.7071067811865476, 0.0], [0.0, 0.0, -0.8497152399999999]]
2	[[0.5319609947059123, -0.8460851799387872, 0.03402011756955908], [-0.703274286200726, -0.4190807785627857, 0.5742617690636116], [-0.47161719485230363, -0.3294103357928521, -0.8179645788128509]]	0.14799991475611943	0.8520000852438805	[[0.07873018187005552, -0.12522053450735648, 0.005034974500287892], [-0.10408453440787818, -0.06202391950322039, 0.08499069286911286], [-0.06979930463566113, -0.04875270161712679, -0.12105868793782709]]	0.45200463023510873	0.8242129743734234	[[0.21356426286859898, -0.48882910525420575, 0.22203341728485557], [-0.3829207603945454, -0.398491362342806, 0.0], [0.12503992072244544, -0.14376248374072545, -0.3204638395398466]]	[[-0.026884569842947525, -0.10639468634856894, 0.2066561666222721], [-0.0650375267065263, -0.20906490998989263, -0.25956897858375716], [0.33821307649418014, 0.005132513284945633, 0.04925993745187244]]	0.6982352905158584	[[0.6008394082815547, -0.6008394082815546, 0.0], [-0.7071067811865475, -0.7071067811865476, 0.0], [0.0, 0.0, -0.8497152399999999]]
2	[[-0.30792515101507295, 0.09349718223056193, 0.9468053539599837], [0.3027085282091916, -0.9338174967034747, 0.1906631317268273], [0.9019698710720718, 0.34531602882779927, 0.2592434992682147]]	0.533751289832929	0.4662487101670711	[[-0.16435544652629464, 0.049904241611306834, 0.5053585788968643], [0.1615710673750836, -0.4984262933340366, 0.10176669248277972], [0.4814275820751591, 0.18431287578682276, 0.13837155211521163]]	0.7677846741465009	0.3293156931878783	[[-0.08466616811385344, 0.12438831038243132, 0.7388788594173618], [0.31202024182962235, -0.8101209936689879, 0.14638823046463348], [0.6805824243039986, 0.26512835467111556, 0.08466616811385344]]	[[0.15175404361976638, 0.05260260678992333, 0.011936219247033305], [0.0796052731371613, -0.09315023125020949, 0.0], [-0.011936219247033305, 0.0, -0.1143770174963914]]	0.48200800087569395	[[0.0, 0.0, 0.9218], [0.0, -1.0, 0.0], [0.9218, 0.0, 0.0]]
2	[[0.08740825448676931, -0.06334395238859675, -0.994156597696443], [0.7119981850616444, -0.6940087028176986, 0.10681996481098455], [-0.6967197295301035, -0.717174639895393, -0.015561310176609944]]	0.14897685712697273	0.8510231428730275	[[0.013021807040393494, -0.00943678294485376, -0.14810632541686036], [0.1060712518905925, -0.10339123536454795, 0.015913702635954298], [-0.10379511560374935, -0.10684242386278409, -0.0023182750828893255]]	0.43837545241781795	1.0233833794553813	[[0.05900343217263981, -0.014638746159725255, -0.0008109124616673298], [0.6353026154366437, -0.6363089899897189, 0.03793472843074343], [0.007511676757525201, -0.01214120910582925, 0.022432441200120765]]	[[0.020685799066950495, 0.013129687626558601, 0.4350029358276695], [0.32318008893957995, -0.3320726109101073, -0.008892521970527317], [0.31293650339870405, 0.3022505481208993, 0.029254137589006107]]	0.8327028366432947	[[0.0, 0.0, -0.8497152399999999], [0.0, -1.0, 0.0], [-0.8497152399999999, 0.0, 0.0]]
2	[[0.8787972042104137, -0.3840163418041313, 0.28327887866788265], [-0.395223040501579, -0.9183905790867732, -0.018907472103605397], [0.2674214316928388, -0.09534250611366366, -0.9588511794847616]]	0.5514680485648055	0.44853195143519453	[[0.4846285792901237, -0.2117727426317196, 0.15621925041860354], [-0.21795287889325482, -0.5064630604692844, -0.010426866744268765], [0.14747437508005617, -0.05257834579178013, -0.5287757888145236]]	0.7953867277101779	0.3624567612971347	[[0.5536646626883318, -0.2381095467614323, 0.23206908196808754], [-0.3501540732429337, -0.8429303985599522, -0.01503875236575817], [0.20595063583870607, -0.07583416394943457, -0.6416516922371347]]	[[-0.1453189698894421, 0.06733195473338886, 0.006752821635031809], [-0.03579891234271572, -0.11245472110026848, 0.0], [-0.006752821635031809, 0.0, 0.12100580977429432]]	0.508470440046595	[[0.6008394082815547, -0.6008394082815546, 0.0], [-0.7071067811865475, -0.7071067811865476, 0.0], [0.0, 0.0, -0.8497152399999999]]
2	[[0.3802729664721569, 0.7767473726770865, -0.5020517802076895], [0.4287143634067757, 0.332951791095048, 0.839849450446521], [0.8195098935212374, -0.5346088512602871, -0.20639019011321075]]	0.1230217057922866	0.8769782942077139	[[0.046781829002097756, 0.09555678675641212, -0.0617632663972041], [0.052741172283955806, 0.04096029728710987, 0.1033197120026455], [0.10081750501463775, -0.06576849281369535, -0.02539047324652151]]	0.4041963647761209	0.8974126199965438	[[0.21025797877047556, 0.3345051220730307, 0.1122710344948043], [0.24033146107347053, -0.2047491263375944, 0.3281597929054169], [0.5609140142743487, 0.0, -0.07871900873677137]]	[[0.056553028099798036, 0.020546657687549517, 0.3151985389841324], [0.06704667385714294, -0.33932702994391123, -0.011304301924289793], [0.22967109441499872, 0.21608695425654603, 0.0047031558324408945]]	1.0000000000000007	[[0.0, 0.0, 0.0], [0.0, 0.0, 0.0], [0.0, 0.0, 0.0]]
2	[[0.04673222253661188, -0.9725397674033924, -0.22799671093185395], [-0.8377629715199755, -0.16246744520517667, 0.5213036857710898], [-0.5440306084466285, 0.16664552219444034, -0.8223502702654952]]	0.17383825710258774	0.8261617428974122	[[0.008123848116294893, -0.16906461812836182, -0.039634550853516054], [-0.14563525483411738, -0.028243057510378117, 0.09062252415560132], [-0.09457333278282232, 0.028969367132232117, -0.1429559377107957]]	0.4572740955649643	0.8662665774995553	[[-0.051560410742416095, -0.5457360083897401, 0.0937111971233057], [-0.3076391368897189, -0.18425207839755797, 0.0], [0.06626382295899876, 0.06626382295899874, -0.47917785273287306]]	[[-0.07292984553658592, -0.10101876584939308, 0.1979681869064558], [0.07544816820989479, -0.10995992433261054, -0.2383786714256574], [0.31503492739608807, -0.009938857482415147, -0.10313837665961471]]	0.8915369654974367	[[0.6008394082815547, -0.6008394082815546, 0.0], [-0.7071067811865475, -0.7071067811865476, 0.0], [0.0, 0.0, -0.8497152399999999]]
2	[[-0.42203838922340475, -0.825029846081567, 0.3757783270710803], [0.2588054115689476, 0.28760896992378115, 0.9221175843470338], [-0.8688517462515349, 0.4864224845687207, 0.09214016247897017]]	0.105320279582628	0.8946797204173719	[[-0.044449201147610966, -0.08689237405332324, 0.039577078468218396], [0.02725745830393867, 0.030291057122844342, 0.09711768179148716], [-0.09150770883106621, 0.05123015207005423, 0.009704227673073912]]	0.33580477480155646	1.1272684325181939	[[-0.225705625329847, -0.440587130151771, 0.2781506667333771], [0.18574487393853983, 0.016577909276430734, 0.01835238434568913], [0.1538421741883983, 0.16334299288901286, -0.08782895950058602]]	[[-0.08398311907906998, -0.16353816848378752, 0.15196251023596744], [0.09883678098920526, -0.08000255609973225, -0.2912991034065218], [0.445606739174334, 0.0, -0.1187700660120154]]	1.0000000000000002	[[0.0, 0.0, 0.0], [0.0, 0.0, 0.0], [0.0, 0.0, 0.0]]
2	[[-0.8305561570912853, 0.32773595720904825, 0.4502950280316503], [-0.5100865793185324, -0.772219296347621, -0.37879947194723407], [0.22358030216652452, -0.5443036842615101, 0.808545204538665]]	0.18245559569315908	0.8175444043068407	[[-0.15153961839871152, 0.0597972593026446, 0.08215884757718257], [-0.09306815068464869, -0.14089573172085734, -0.0691140833023867], [0.040793477217049776, -0.09931125294991501, 0.14752359693894934]]	0.5133027014933063	0.6676635520678114	[[-0.3690994769041627, 0.1422592856924167, 0.395737997524404], [-0.35480923054189284, -0.6053282119925806, -0.056713872523094094], [0.31390495123082257, -0.24575309201455978, 0.25746892995059134]]	[[0.057227242272692845, -0.0259684665194824, 0.16460034316675376], [-0.09298041138221053, -0.20894596103208662, 0.13772491975165904], [0.1991405781280558, 0.03363945954963295, -0.15755950781856326]]	0.6856555250630834	[[-0.6008394082815547, 0.6008394082815546, 0.0], [-0.7071067811865475, -0.7071067811865476, 0.0], [0.0, 0.0, 0.8497152399999999]]
2	[[-0.5446221603179724, 0.8109226453022452, -0.2139887049042392], [-0.8354447797583356, -0.5021691245819775, 0.22328947644507607], [0.07361197229480154, 0.30038414347728, 0.9509735242804028]]	0.23261673449651507	0.7673832655034847	[[-0.12668822846760425, 0.18863417767948407, -0.04977735375396252], [-0.19433843651954424, -0.11681294192523325, 0.051940868858090114], [0.017123376615064696, 0.06987437855021753, 0.22121235581074977]]	0.588227983040049	0.5800533328792614	[[-0.33753638298740485, 0.5202998440472927, 0.13344518018664075], [-0.6058341920921887, -0.40372311211092027, 0.13134511836335558], [0.17327731502474372, 0.015442668628525044, 0.4981644653456543]]	[[-0.01717438810464988, 0.04329245199965192, 0.2593193244658136], [-0.11440219435360509, -0.10833318081307665, 0.0], [0.12997669303417264, -0.16125169022632801, -0.061224772766293956]]	0.4339954601529537	[[-0.6008394082815547, 0.6008394082815546, 0.0], [-0.7071067811865475, -0.7071067811865476, 0.0], [0.0, 0.0, 0.8497152399999999]]
2	[[0.8592155572171323, 0.2624339665249735, -0.4391776855101157], [-0.4266000482917053, 0.8413623931712975, -0.33184593135155627], [0.2824199444684594, 0.4724804086637203, 0.8348660002631537]]	0.16509660410449842	0.8349033958955017	[[0.14185357069030288, 0.04332695667494675, -0.07250674447619347], [-0.07043021928377552, 0.138906073933815, -0.05478663635203644], [0.04662657376312371, 0.07800491097628585, 0.13783354152575192]]	0.0	0.6892007998390169	[[0.6518110308977594, 0.6518110308977593, 0.0], [-0.7071067811865474, 0.7071067811865474, 0.0], [0.0, 0.0, 0.9217999999999995]]	[[0.6518110308977594, 0.6518110308977593, 0.0], [-0.7071067811865474, 0.7071067811865475, 0.0], [0.0, 0.0, 0.9217999999999996]]	0.6892007998390169	[[0.6518110308977595, 0.6518110308977594, 0.0], [-0.7071067811865475, 0.7071067811865476, 0.0], [0.0, 0.0, 0.9218]]
