2	[[0.04673222253661188, -0.9725397674033924, -0.22799671093185395], [-0.8377629715199755, -0.16246744520517667, 0.5213036857710898], [-0.5440306084466285, 0.16664552219444034, -0.8223502702654952]]	0.17179611188631946	0.8282038881136803	[[0.008028414131596148, -0.16707855069472827, -0.03916894846096164], [-0.14392442118946117, -0.027911275394353022, 0.08955794632748086], [-0.0934623432782794, 0.028629052776270203, -0.14127657904027607]]	0.45217224902977043	0.8600851788185327	[[-0.04728768968366937, -0.5348064189186325, 0.08912353409969916], [-0.3093900231451494, -0.18005044178460283, 0.0], [0.06301985532520779, 0.06301985532520778, -0.46860263010114217]]	[[-0.06841870385020893, -0.09505092502095096, 0.192217319653146], [0.0694231438409015, -0.1065871716920571, -0.23571906002262238], [0.30901539908755427, -0.012332625236192836, -0.09675865890495375]]	0.8961825729684731	[[0.5858125406532031, -0.585812540653203, 0.0], [-0.7071067811865475, -0.7071067811865476, 0.0], [0.0, 0.0, -0.8284640399999998]]
2	[[0.3802729664721569, 0.7767473726770865, -0.5020517802076895], [0.4287143634067757, 0.332951791095048, 0.839849450446521], [0.8195098935212374, -0.5346088512602871, -0.20639019011321075]]	0.12175359617779366	0.8782464038222069	[[0.046299601197182676, 0.09457178594508817, -0.061126609707749455], [0.052197515477848455, 0.04053807791965962, 0.10225469083980765], [0.09977827663949144, -0.06509055018941916, -0.02512874786210194]]	0.39933588311320745	0.9538357788023627	[[0.1371486477274846, 0.3045601978847938, 0.10735733443244946], [0.2690045734374758, -0.27438696108252586, 0.3282286679956548], [0.549129253726552, 0.0, -0.0819899415322363]]	[[-0.01470799316275332, -0.005622900139074214, 0.30784462545024505], [0.09780354452311446, -0.40734655861359104, -0.007153353980548629], [0.221869546677238, 0.21348849773816414, 0.0004290673025254821]]	1.0000000000000007	[[0.0, 0.0, 0.0], [0.0, 0.0, 0.0], [0.0, 0.0, 0.0]]
2	[[0.22433838825039393, -0.7661379269479729, -0.6022499185961573], [-0.9416906372873723, -0.011392912655017143, -0.3362869982418849], [0.2507808429735371, 0.642575192824231, -0.724020780340167]]	0.13538338289965185	0.8646166171003481	[[0.03037168991559383, -0.1037223443179429, -0.08153463133058766], [-0.1274892641208935, -0.0015424110563165006, -0.045527671447155645], [0.033951558888183825, 0.08699400337194049, -0.09802038253209759]]	0.391659700847108	0.8507442784258041	[[0.15796420924845514, -0.297936345673418, 0.10100390751168162], [-0.4543210681582789, -0.2912055285691527, -0.13171006513018857], [0.26567742891136215, 0.04276732994909712, -0.3147350984716154]]	[[0.07009990321778346, 0.002129005602648573, 0.3368809304642478], [-0.08549879486778411, -0.2867433838069115, 0.0], [0.16745667897416103, -0.20890347784421395, -0.031165336236495852]]	0.968483701033362	[[0.5858125406532031, -0.585812540653203, 0.0], [-0.7071067811865475, -0.7071067811865476, 0.0], [0.0, 0.0, -0.8284640399999998]]
2	[[-0.5446221603179724, 0.8109226453022452, -0.2139887049042392], [-0.8354447797583356, -0.5021691245819775, 0.22328947644507607], [0.07361197229480154, 0.30038414347728, 0.9509735242804028]]	0.22894162950024102	0.7710583704997589	[[-0.12468668484513805, 0.185653951814142, -0.04899092279542277], [-0.19126808923534333, -0.11496741766650748, 0.051120256587591395], [0.016852844887898462, 0.06877043528372268, 0.2177174282603424]]	0.5838282781991038	0.5803510396008804	[[-0.32594084638186915, 0.5150071364501257, 0.13163564395280197], [-0.6039749506073994, -0.41109382996634175, 0.1303627105729081], [0.16944856717203768, 0.016712345797730743, 0.49641982155321823]]	[[-0.00797502825435117, 0.04156756469065331, 0.25656830109110007], [-0.11621866331066096, -0.11791329459689455, 0.0], [0.12647181613232356, -0.1586604114869222, -0.05878541374034291]]	0.44369251866076925	[[-0.5858125406532031, 0.585812540653203, 0.0], [-0.7071067811865475, -0.7071067811865476, 0.0], [0.0, 0.0, 0.8284640399999998]]
2	[[-0.42203838922340475, -0.825029846081567, 0.3757783270710803], [0.2588054115689476, 0.28760896992378115, 0.9221175843470338], [-0.8688517462515349, 0.4864224845687207, 0.09214016247897017]]	0.1042305144717792	0.895769485528221	[[-0.043989278435596475, -0.08599328531165452, 0.0391675683579632], [0.026975421195911946, 0.02997763090185409, 0.09611279021996558], [-0.09056086451150117, 0.050700065817238835, 0.00960381653869637]]	0.3319999748493405	1.1236431138314922	[[-0.22328003448503564, -0.43221040923900617, 0.27190029356031903], [0.18630590024941382, 0.018260611846338246, 0.01468338674182041], [0.14734457507476884, 0.16149225264296901, -0.08702013495270047]]	[[-0.08316329987740914, -0.15830052108997064, 0.14714189842379316], [0.10038251011764993, -0.07722555893480182, -0.29145962806952946], [0.435803332978084, 0.0, -0.11761066657833275]]	1.0000000000000002	[[0.0, 0.0, 0.0], [0.0, 0.0, 0.0], [0.0, 0.0, 0.0]]
2	[[0.8592155572171323, 0.2624339665249735, -0.4391776855101157], [-0.4266000482917053, 0.8413623931712975, -0.33184593135155627], [0.2824199444684594, 0.4724804086637203, 0.8348660002631537]]	0.16265032658171344	0.8373496734182868	[[0.13975169098545545, 0.042684970361421395, -0.07143239397562136], [-0.06938663717442059, 0.1368478680228835, -0.053974849109143484], [0.04593569620098435, 0.07684909277261553, 0.1357912275947708]]	0.0	0.6897813753879383	[[0.6436085922359955, 0.6436085922359954, 0.0], [-0.7071067811865475, 0.7071067811865476, 0.0], [0.0, 0.0, 0.9101999999999999]]	[[0.6436085922359955, 0.6436085922359954, 0.0], [-0.7071067811865475, 0.7071067811865476, 0.0], [0.0, 0.0, 0.9101999999999999]]	0.6897813753879383	[[0.6436085922359955, 0.6436085922359954, 0.0], [-0.7071067811865475, 0.7071067811865476, 0.0], [0.0, 0.0, 0.9101999999999999]]
2	[[-0.3195682178843842, -0.5708200961323295, -0.7563336379995778], [0.910087742671785, 0.03735879733279218, -0.41272826520656647], [0.2638493031197415, -0.8202248094963509, 0.507557688474819]]	0.11115210140517022	0.8888478985948297	[[-0.035520678960154595, -0.06344785320940972, -0.08406807322707041], [0.10115816506105674, 0.0041525088295097, -0.04587561398702027], [0.02932740449604898, -0.09116971120017482, 0.05641610365832689]]	0.35276136415791776	1.0648328613374767	[[-0.17650085584853764, -0.2651328111665219, 0.17922490741356], [0.5349248471658913, -0.07365027515571189, -0.1455945858607993], [0.22878009240905345, -0.04838132563819406, 0.08886300079420827]]	[[-0.0637695353661276, -0.06376953536612759, 0.4460301933128118], [0.21388105355759235, -0.08682901546612684, 0.0], [0.1357042523084175, 0.24096229707590688, -0.09018374178100838]]	0.9551917861374256	[[1.6542228280573125e-16, -0.8284640399999998, 0.0], [1.0, 1.7938038903913487e-16, 0.0], [0.0, 0.0, 0.8284640399999998]]
2	[[-0.30792515101507295, 0.09349718223056193, 0.9468053539599837], [0.3027085282091916, -0.9338174967034747, 0.1906631317268273], [0.9019698710720718, 0.34531602882779927, 0.2592434992682147]]	0.5184623207761698	0.48153767922383034	[[-0.1596475884206273, 0.04847476608528961, 0.4908829011373961], [0.15694296605407612, -0.4841491865222767, 0.09885164976154347], [0.46763739262620896, 0.17903334970727156, 0.13440798627673392]]	0.7583034455884302	0.3407604727343676	[[-0.07694688169440266, 0.11977975320042833, 0.7303909208467909], [0.3160720584529341, -0.8091914587145054, 0.1445805097351339], [0.6715417024135423, 0.2618543344770339, 0.07694688169440266]]	[[0.15655382130366488, 0.04888051776218387, 0.01242515863736196], [0.08652713850290163, -0.1010744334134978, 0.0], [-0.01242515863736196, 0.0, -0.11963835704708628]]	0.48507258908639284	[[0.0, 0.0, 0.9101999999999999], [0.0, -1.0, 0.0], [0.9101999999999999, 0.0, 0.0]]
2	[[0.034229894132735264, 0.2773841392786001, 0.9601491309293217], [-0.1827544195208179, -0.9427759796974285, 0.2788803941677556], [0.9825625356654255, -0.18501754344446375, 0.018422055382213542]]	0.726169881863341	0.27383011813665903	[[0.024856718178563036, 0.20142800765070554, 0.6972313809781351], [-0.13271075523343578, -0.6846155218004772, 0.20251454288680107], [0.713507320447507, -0.1343541676657118, 0.013377541780581936]]	0.8564591938337187	0.21861449074437456	[[0.002136017579758375, 0.2000143864079106, 0.7751988907626225], [-0.1886913021883027, -0.8207708053142628, 0.23884967756494568], [0.7915265236361055, -0.15845997610354046, -0.003020785030761648]]	[[-0.027180489954177604, -0.0375538099008992, -0.04712965987325011], [-0.0321695993759538, -0.013321649776808591, 0.0], [-0.04999819355111935, 0.0, -0.018798523732172376]]	0.3786254100580698	[[0.0, 0.0, 0.9101999999999999], [0.0, -1.0, 0.0], [0.9101999999999999, 0.0, 0.0]]
2	[[0.8787972042104137, -0.3840163418041313, 0.28327887866788265], [-0.395223040501579, -0.9183905790867732, -0.018907472103605397], [0.2674214316928388, -0.09534250611366366, -0.9588511794847616]]	0.5366871615614698	0.46331283843853044	[[0.4716391771158422, -0.2060966404760784, 0.15203213732258192], [-0.21211113179048618, -0.49288843309487473, -0.010147397535586652], [0.14352164911593407, -0.051169098982299224, -0.5146031178775442]]	0.7860699742984908	0.37573045125030835	[[0.5419098967728938, -0.23246483285755107, 0.2294161576723203], [-0.35111084924847313, -0.8415521530785358, -0.014862596110530524], [0.20347282113910287, -0.07494588133032129, -0.6268587670523287]]	[[-0.14888619895437166, 0.06939888307462286, 0.006739136798552484], [-0.040437883959225575, -0.11963289417981994, 0.0], [-0.006739136798552484, 0.0, 0.12686535496133547]]	0.5144486950123217	[[0.9101999999999999, 0.0, 0.0], [0.0, -1.0, 0.0], [0.0, 0.0, -0.9101999999999999]]
2	[[0.08740825448676931, -0.06334395238859675, -0.994156597696443], [0.7119981850616444, -0.6940087028176986, 0.10681996481098455], [-0.6967197295301035, -0.717174639895393, -0.015561310176609944]]	0.14538531927455	0.85461468072545	[[0.012707876985790064, -0.009209280742128026, -0.1445357743649977], [0.1035140834580873, -0.10089867683846751, 0.015530054688941185], [-0.10129282032261216, -0.10426666399680214, -0.0022623860483567577]]	0.4325388706468988	1.0224745550398546	[[0.057870704517508774, -0.014392538731067623, -0.001067772077911474], [0.6354028085007859, -0.6361398962543946, 0.03768554885495715], [0.006940653988452349, -0.011887071231317416, 0.021642830109824734]]	[[0.020063236836584817, 0.013006182897406925, 0.4289435999358713], [0.32743591763158036, -0.335954155718508, -0.008518238086927575], [0.30829901895681605, 0.29831883756563216, 0.028373701639401717]]	0.8400923538476218	[[0.0, 0.0, -0.8284640399999998], [0.0, -1.0, 0.0], [-0.8284640399999998, 0.0, 0.0]]
2	[[0.8489524140446696, -0.5135124485683378, 0.12483895166604869], [0.522794976890395, 0.7815435453534784, -0.34040431673891397], [0.0772347773085365, 0.35425224329800037, 0.9319550081910795]]	0.20597575330448475	0.7940242466955152	[[0.1748636130025117, -0.10577111342509388, 0.02571379711115651], [0.1076830891887998, 0.1609790204944405, -0.07011503556839624], [0.015908491437429922, 0.07296737267310924, 0.19196013485804483]]	0.0	0.4583394438087833	[[0.6436085922359959, -0.6436085922359955, 0.0], [0.7071067811865476, 0.7071067811865477, 0.0], [0.0, 0.0, 0.9102000000000001]]	[[0.6436085922359956, -0.6436085922359955, 0.0], [0.7071067811865476, 0.7071067811865477, 0.0], [0.0, 0.0, 0.9102000000000001]]	0.4583394438087833	[[0.6436085922359955, -0.6436085922359954, 0.0], [0.7071067811865475, 0.7071067811865476, 0.0], [0.0, 0.0, 0.9101999999999999]]
2	[[-0.8305561570912853, 0.32773595720904825, 0.4502950280316503], [-0.5100865793185324, -0.772219296347621, -0.37879947194723407], [0.22358030216652452, -0.5443036842615101, 0.808545204538665]]	0.17955560327054731	0.8204443967294525	[[-0.14913101183659322, 0.05884682751012095, 0.080852995407951], [-0.09158890346974902, -0.1386563016128548, -0.06801556770405039], [0.04014509603492158, -0.09773277638995696, 0.1451788219724481]]	0.50742490437132	0.6742216862813247	[[-0.3608341360909963, 0.13690279031704716, 0.3891640556082793], [-0.35578426608977315, -0.6067509483577054, -0.05503732293989857], [0.3074220966968458, -0.24293898873250014, 0.25161305985064036]]	[[0.06061074249606022, -0.02939859642879722, 0.16067314407043826], [-0.09695363235797314, -0.21490764575482574, 0.13717496288883316], [0.1939718832506862, 0.03325425620285379, -0.1586629132422811]]	0.6882853017829406	[[-0.5858125406532031, 0.585812540653203, 0.0], [-0.7071067811865475, -0.7071067811865476, 0.0], [0.0, 0.0, 0.8284640399999998]]
2	[[0.5319609947059123, -0.8460851799387872, 0.03402011756955908], [-0.703274286200726, -0.4190807785627857, 0.5742617690636116], [-0.47161719485230363, -0.3294103357928521, -0.8179645788128509]]	0.14597717733874718	0.854022822661253	[[0.0776541644614813, -0.12350912635561014, 0.004966160735536573], [-0.10266199519450418, -0.061176229131520016, 0.0838291121014615], [-0.06884534688895719, -0.048086391005249425, -0.11940416037817715]]	0.4467941605135341	0.8289665828634373	[[0.21175303286820313, -0.47471745067171733, 0.2187372188445508], [-0.38208591337209996, -0.39773174273909706, 0.0], [0.11775341355766988, -0.13937898355249942, -0.31217482635057225]]	[[-0.025924033187369473, -0.09669153297802449, 0.2035372289744879], [-0.06786706905829165, -0.2104888980937789, -0.2565768050237933], [0.32846922221545266, 0.007799630892549307, 0.05328697096992193]]	0.7066774848224626	[[0.5858125406532031, -0.585812540653203, 0.0], [-0.7071067811865475, -0.7071067811865476, 0.0], [0.0, 0.0, -0.8284640399999998]]
