2	[[0.3802729664721569, 0.7767473726770865, -0.5020517802076895], [0.4287143634067757, 0.332951791095048, 0.839849450446521], [0.8195098935212374, -0.5346088512602871, -0.20639019011321075]]	0.12521027824579387	0.8747897217542067	[[0.04761408394133221, 0.09725675465958732, -0.06286204309360094], [0.05367944473013078, 0.041688986405446396, 0.10515778337498596], [0.10261106179297502, -0.06693852301896479, -0.025842173131277416]]	0.4128254237828504	0.9535113921461255	[[0.14581317860729243, 0.31313976289826667, 0.12145588891799353], [0.2770475610437106, -0.2753861676388168, 0.32803751547306054], [0.5824884925673469, 0.0, -0.07236599482896407]]	[[-0.01117316992973745, -0.007521300399367194, 0.3287156278431674], [0.10006337228851346, -0.4128371318968892, -0.018673689821318562], [0.24417397348020345, 0.2207001255795909, 0.012837122869145248]]	1.0000000000000007	[[0.0, 0.0, 0.0], [0.0, 0.0, 0.0], [0.0, 0.0, 0.0]]
2	[[-0.30792515101507295, 0.09349718223056193, 0.9468053539599837], [0.3027085282091916, -0.9338174967034747, 0.1906631317268273], [0.9019698710720718, 0.34531602882779927, 0.2592434992682147]]	0.5625591981107869	0.437440801889213	[[-0.17322612603318244, 0.05259769986124305, 0.5326340606907282], [0.17029146689065935, -0.5253276221273292, 0.10725929849353531], [0.5074114473903948, 0.19426070827216815, 0.14583981506376126]]	0.7847572483710819	0.3087847882365889	[[-0.09904953162031563, 0.13299680428992974, 0.7539990518526447], [0.3048687610593366, -0.8117428206176, 0.1496242746197581], [0.696840706600139, 0.27098925660133294, 0.09904953162031563]]	[[0.1425969625945229, 0.05962421283222437, 0.010986687535999714], [0.06731604940343139, -0.07892277142380931, 0.0], [-0.010986687535999714, 0.0, -0.1043936835234991]]	0.47691767066671914	[[0.0, 0.0, 0.9428000000000001], [0.0, -1.0, 0.0], [0.9428000000000001, 0.0, 0.0]]
2	[[-0.42203838922340475, -0.825029846081567, 0.3757783270710803], [0.2588054115689476, 0.28760896992378115, 0.9221175843470338], [-0.8688517462515349, 0.4864224845687207, 0.09214016247897017]]	0.10724531748665292	0.8927546825133471	[[-0.045261641043819634, -0.08848058777898204, 0.040300465991341294], [0.027755668530975657, 0.030844715291485122, 0.09889279309332309], [-0.09318028137557872, 0.05216653379021899, 0.00988160097832895]]	0.3425464730120306	1.1801778416164812	[[-0.05914903167187234, -0.45586707985172037, 0.28962602080278477], [0.18475079537368785, -0.17859948843232137, 0.02485345533256972], [0.16596949850713785, 0.1666223064827642, -0.08923803881241454]]	[[0.08541873003228348, -0.17325601594682127, 0.16090448023022502], [0.09609791444431791, -0.27711892668633575, -0.29101467088788036], [0.4635915997559449, 0.0, -0.12080032649234128]]	1.0000000000000002	[[0.0, 0.0, 0.0], [0.0, 0.0, 0.0], [0.0, 0.0, 0.0]]
2	[[0.22433838825039393, -0.7661379269479729, -0.6022499185961573], [-0.9416906372873723, -0.011392912655017143, -0.3362869982418849], [0.2507808429735371, 0.642575192824231, -0.724020780340167]]	0.1422710941974574	0.8577289058025424	[[0.031916867966877566, -0.1089992811730598, -0.08568275489900494], [-0.13397535736237548, -0.0016208821495253406, -0.0478439192042514], [0.03567886493360589, 0.09141987578724553, -0.10300722864069252]]	0.4062753263655185	0.8689064636507821	[[0.019100752478366234, -0.3113635587888868, 0.10903950064229241], [-0.4688077196233704, -0.1254102921177424, -0.13662510996320235], [0.2812878604442078, 0.0402366738441346, -0.3238920952584978]]	[[-0.072042399424377, -0.00010062247709742567, 0.3537187828735531], [-0.08622204862409001, -0.12078163281057148, 0.0], [0.1794017916189141, -0.22082577233491582, -0.02974031643037918]]	0.9598766320278919	[[0.6285273056697641, -0.628527305669764, 0.0], [-0.7071067811865475, -0.7071067811865476, 0.0], [0.0, 0.0, -0.8888718400000002]]
2	[[0.08740825448676931, -0.06334395238859675, -0.994156597696443], [0.7119981850616444, -0.6940087028176986, 0.10681996481098455], [-0.6967197295301035, -0.717174639895393, -0.015561310176609944]]	0.15557728601446175	0.8444227139855384	[[0.013598739008312943, -0.00985488019804716, -0.15466818534298368], [0.11077074527911307, -0.1079719904547947, 0.01661876021745328], [-0.10839376463302335, -0.11157608407332417, -0.0024209864041062103]]	0.4487750900247839	1.025084260694818	[[0.06106683137357418, -0.015084104890758156, -0.0003184651524508683], [0.6351240911567299, -0.6366102816768743, 0.038378717290823545], [0.00859032093763882, -0.012606048852158843, 0.023903156179807053]]	[[0.021840184097365028, 0.013343083044959968, 0.44583425147750333], [0.31559704155820767, -0.325156463591878, -0.009559422033670295], [0.3212607802795541, 0.3092440647303881, 0.030886684555218816]]	0.8194472495090828	[[0.0, 0.0, -0.8888718400000002], [0.0, -1.0, 0.0], [-0.8888718400000002, 0.0, 0.0]]
2	[[0.8592155572171323, 0.2624339665249735, -0.4391776855101157], [-0.4266000482917053, 0.8413623931712975, -0.33184593135155627], [0.2824199444684594, 0.4724804086637203, 0.8348660002631537]]	0.16947983814037335	0.8305201618596267	[[0.14561971356485023, 0.04447726616918868, -0.0744317630551182], [-0.07230010713515364, 0.1425939622120686, -0.0562411947330032], [0.047864486476127746, 0.08007590318482477, 0.14149295459350014]]	0.0	0.6885540591320891	[[0.6666602733026771, 0.666660273302677, 0.0], [-0.7071067811865475, 0.7071067811865476, 0.0], [0.0, 0.0, 0.9428000000000001]]	[[0.6666602733026771, 0.666660273302677, 0.0], [-0.7071067811865475, 0.7071067811865476, 0.0], [0.0, 0.0, 0.9428000000000001]]	0.6885540591320891	[[0.6666602733026771, 0.666660273302677, 0.0], [-0.7071067811865475, 0.7071067811865476, 0.0], [0.0, 0.0, 0.9428000000000001]]
2	[[0.04673222253661188, -0.9725397674033924, -0.22799671093185395], [-0.8377629715199755, -0.16246744520517667, 0.5213036857710898], [-0.5440306084466285, 0.16664552219444034, -0.8223502702654952]]	0.17745576333827504	0.8225442366617247	[[0.008292902222728604, -0.1725827868013975, -0.040459330377028146], [-0.1486658676076188, -0.02883078450650399, 0.092508343489565], [-0.0965413669012827, 0.029572208347919876, -0.14593079494140027]]	0.4663534556902613	0.8777480153460877	[[-0.059551543255413834, -0.5657118777535028, 0.1023031243255692], [-0.30450042654511705, -0.19177778370189186, 0.0], [0.07233923294718043, 0.07233923294718042, -0.49854548390908504]]	[[-0.08134527672744911, -0.11216459642872781, 0.2086301783546529], [0.08619323027256537, -0.11601052919328958, -0.24311177532341782], [0.32604978719754113, -0.005376482203504964, -0.115039593582951]]	0.8836058638278049	[[0.6285273056697641, -0.628527305669764, 0.0], [-0.7071067811865475, -0.7071067811865476, 0.0], [0.0, 0.0, -0.8888718400000002]]
2	[[0.8489524140446696, -0.5135124485683378, 0.12483895166604869], [0.522794976890395, 0.7815435453534784, -0.34040431673891397], [0.0772347773085365, 0.35425224329800037, 0.9319550081910795]]	0.21293660837557687	0.7870633916244232	[[0.18077304771893035, -0.10934559915677969, 0.026582782960930973], [0.11132218925482879, 0.16641923184539345, -0.07248454068278995], [0.01644611152872269, 0.07543327119731588, 0.1984473386028414]]	0.0	0.446063517657115	[[0.6666602733026771, -0.666660273302677, 0.0], [0.7071067811865475, 0.7071067811865476, 0.0], [0.0, 0.0, 0.9428000000000001]]	[[0.6666602733026771, -0.666660273302677, 0.0], [0.7071067811865475, 0.7071067811865476, 0.0], [0.0, 0.0, 0.9428000000000001]]	0.446063517657115	[[0.6666602733026771, -0.666660273302677, 0.0], [0.7071067811865475, 0.7071067811865476, 0.0], [0.0, 0.0, 0.9428000000000001]]
2	[[0.8787972042104137, -0.3840163418041313, 0.28327887866788265], [-0.395223040501579, -0.9183905790867732, -0.018907472103605397], [0.2674214316928388, -0.09534250611366366, -0.9588511794847616]]	0.5797216182442799	0.4202783817557201	[[0.50945773733341, -0.22262257510293948, 0.16422288995576995], [-0.22911934060699995, -0.5324108726884856, -0.010961070324810702], [0.15502998513417468, -0.05527211193167825, -0.5558667574263427]]	0.8120193570524747	0.33815825950661954	[[0.5752000601411488, -0.24853525123417375, 0.23679745679527242], [-0.3485152482292537, -0.8453851420971374, -0.015353233341057253], [0.21038185515243882, -0.0774199605141888, -0.6688211662140946]]	[[-0.1384002806013037, 0.06329345173526024, 0.0067695238728323675], [-0.02758648898883745, -0.09963421454404617, 0.0], [-0.0067695238728323675, 0.0, 0.10978455206012869]]	0.4953419763319775	[[0.6285273056697641, -0.628527305669764, 0.0], [-0.7071067811865475, -0.7071067811865476, 0.0], [0.0, 0.0, -0.8888718400000002]]
2	[[0.034229894132735264, 0.2773841392786001, 0.9601491309293217], [-0.1827544195208179, -0.9427759796974285, 0.2788803941677556], [0.9825625356654255, -0.18501754344446375, 0.018422055382213542]]	0.7898583432625322	0.2101416567374677	[[0.027036767469734154, 0.21909417669789857, 0.7583818018407942], [-0.14435010302661902, -0.7446594733915217, 0.2202760061057454], [0.7760852165725258, -0.1461376503395477, 0.014550814143685808]]	0.8852331196109704	0.17019809704499037	[[0.0, 0.21943949002759572, 0.8190243257521429], [-0.18426014842151017, -0.821418321697614, 0.24687416132745937], [0.8420777265485443, -0.16378365716610088, 0.0]]	[[-0.03030143596707449, -0.02611013691660335, -0.03093148471218247], [-0.02247988350640448, 0.013158199904229766, 0.0], [-0.02771917211142574, 0.0, -0.01630781355564296]]	0.3633314948536124	[[0.0, 0.0, 0.9428000000000001], [0.0, -1.0, 0.0], [0.9428000000000001, 0.0, 0.0]]
2	[[0.5319609947059123, -0.8460851799387872, 0.03402011756955908], [-0.703274286200726, -0.4190807785627857, 0.5742617690636116], [-0.47161719485230363, -0.3294103357928521, -0.8179645788128509]]	0.15171531901551594	0.8482846809844841	[[0.08070663201561866, -0.12836408298871327, 0.005161372990011029], [-0.10669748268635239, -0.06358097401292384, 0.08712430749190037], [-0.07155155317021995, -0.04997659418182077, -0.12409775701798376]]	0.46124212886126603	0.8164264947411546	[[0.21669123657861686, -0.514943049714643, 0.22797239189137847], [-0.3844008377455297, -0.3998380710697773, 0.0], [0.13871356535522705, -0.15188629662330488, -0.3357531817150845]]	[[-0.028671585090694774, -0.12469292012170935, 0.21228088043948445], [-0.06002110880491943, -0.2065403606006412, -0.26487372088653693], [0.35624328431648206, 5.162792669472007e-05, 0.04152654194966366]]	0.683136634673322	[[0.6285273056697641, -0.628527305669764, 0.0], [-0.7071067811865475, -0.7071067811865476, 0.0], [0.0, 0.0, -0.8888718400000002]]
2	[[-0.5446221603179724, 0.8109226453022452, -0.2139887049042392], [-0.8354447797583356, -0.5021691245819775, 0.22328947644507607], [0.07361197229480154, 0.30038414347728, 0.9509735242804028]]	0.23924455578501347	0.7607554442149864	[[-0.1302978868159477, 0.19400882805134373, -0.05119563264782502], [-0.19987561521619143, -0.12014122913956429, 0.05342079160357045], [0.01761126361212853, 0.0718652709710836, 0.22751523837977364]]	0.5959405218669623	0.5803268174445229	[[-0.35902240748253356, 0.529756870925288, 0.136720952544378], [-0.6090933816647703, -0.39080248454674266, 0.13306724712007945], [0.18031271097969004, 0.013039914369137628, 0.5009695067376477]]	[[-0.03445999304232864, 0.046495206490130433, 0.26424549301864575], [-0.11121798362455822, -0.09153955437788334, 0.0], [0.13644435379466963, -0.1659711688552731, -0.06575415160368]]	0.4173807692197584	[[-0.6285273056697641, 0.628527305669764, 0.0], [-0.7071067811865475, -0.7071067811865476, 0.0], [0.0, 0.0, 0.8888718400000002]]
2	[[-0.3195682178843842, -0.5708200961323295, -0.7563336379995778], [0.910087742671785, 0.03735879733279218, -0.41272826520656647], [0.2638493031197415, -0.8202248094963509, 0.507557688474819]]	0.11645960302578555	0.8835403969742143	[[-0.037216787794473086, -0.06647748179471186, -0.08808231523647903], [0.10598845723018936, 0.004350790706897784, -0.04806616992347787], [0.030727785099955232, -0.0955230557058456, 0.05910996691246276]]	0.36594113910286824	1.072877656576669	[[-0.1879295658600478, -0.2798729643878361, 0.18643353212124905], [0.5395255464141169, -0.07665543706119743, -0.15103425150964161], [0.2478284564542029, -0.04562711224866428, 0.08534629747958725]]	[[-0.07098640818636275, -0.07098640818636273, 0.46320712515263096], [0.20648700117724586, -0.09032655791267269, 0.0], [0.15127514191906669, 0.2545268888588635, -0.10038994120130669]]	0.9700115637368729	[[1.7748411734869113e-16, -0.8888718400000002, 0.0], [1.0, 1.7938038903913487e-16, 0.0], [0.0, 0.0, 0.8888718400000002]]
2	[[-0.8305561570912853, 0.32773595720904825, 0.4502950280316503], [-0.5100865793185324, -0.772219296347621, -0.37879947194723407], [0.22358030216652452, -0.5443036842615101, 0.808545204538665]]	0.18768099134822092	0.812319008651779	[[-0.1558796029332611, 0.06150980934945228, 0.08451181726015505], [-0.09573355487992508, -0.144930883076747, -0.07109346041723948], [0.041961772756548096, -0.10215545505668924, 0.1517485655376667]]	0.52374530485465	0.6558036839751195	[[-0.38441455670332136, 0.1522771754922525, 0.40767309664672435], [-0.3530582505556643, -0.6026936576462771, -0.05968830744384661], [0.32578414220388696, -0.25075268008854806, 0.26827778649680895]]	[[0.05058533099136052, -0.019372993328031066, 0.1718331899157544], [-0.08590279956821391, -0.19824742686604907, 0.13870613746993798], [0.2086850086861858, 0.03432381895850575, -0.1551939681430596]]	0.6821694665389033	[[-0.6285273056697641, 0.628527305669764, 0.0], [-0.7071067811865475, -0.7071067811865476, 0.0], [0.0, 0.0, 0.8888718400000002]]
