2	[[0.3802729664721569, 0.7767473726770865, -0.5020517802076895], [0.4287143634067757, 0.332951791095048, 0.839849450446521], [0.8195098935212374, -0.5346088512602871, -0.20639019011321075]]	0.1301131451262095	0.8698868548737908	[[0.04947851167416595, 0.10106504362753568, -0.065323536139035], [0.05578137418363634, 0.043321404714781395, 0.10927545343011548], [0.10662900970809322, -0.06955963904978589, -0.026854076758826145]]	0.4335650679243583	0.9403899701230831	[[0.13974598634528404, 0.3258313477058812, 0.14619149502502377], [0.2894133416787219, -0.25617371564996644, 0.32774362590391615], [0.6381039907416699, 0.0, -0.053948507889850256]]	[[-0.025127088193013923, -0.010939179688926631, 0.3638636092123156], [0.10353776958811516, -0.40052998157162767, -0.03638575812516469], [0.28279312809245105, 0.23178772290962948, 0.03553506890550516]]	1.0000000000000007	[[0.0, 0.0, 0.0], [0.0, 0.0, 0.0], [0.0, 0.0, 0.0]]
2	[[0.034229894132735264, 0.2773841392786001, 0.9601491309293217], [-0.1827544195208179, -0.9427759796974285, 0.2788803941677556], [0.9825625356654255, -0.18501754344446375, 0.018422055382213542]]	0.8291232324677303	0.1708767675322697	[[0.028380800470361664, 0.22998563419395204, 0.7960819510872013], [-0.15152593506086418, -0.7816774677796634, 0.2312262138842443], [0.8146654256726071, -0.1534023436839125, 0.01527415410720043]]	0.9296764358543262	0.1251063781449757	[[0.0010236280765103004, 0.25699198724654665, 0.8854455480542223], [-0.17353015619062565, -0.820728914038273, 0.25926853087952867], [0.9206477100382005, -0.172006450359972, -0.0010236280765103004]]	[[-0.03079909790048194, -0.0008855107205022906, -0.007182473876778332], [-0.003627678813885372, 0.055747698575903226, 0.0], [0.007182473876778332, 0.0, -0.018150178865357594]]	0.3402300394167887	[[0.0, 0.0, 0.9956], [0.0, -1.0, 0.0], [0.9956, 0.0, 0.0]]
2	[[0.8489524140446696, -0.5135124485683378, 0.12483895166604869], [0.522794976890395, 0.7815435453534784, -0.34040431673891397], [0.0772347773085365, 0.35425224329800037, 0.9319550081910795]]	0.22330165597711615	0.7766983440228837	[[0.18957247990194512, -0.11466818013017355, 0.02787674463747583], [0.11674098407614338, 0.174519967895658, -0.07601284762955825], [0.017246653672019996, 0.07910511256205173, 0.2081070966252349]]	0.0	0.4283477766883958	[[0.703995511349327, -0.7039955113493268, 0.0], [0.7071067811865476, 0.7071067811865478, 0.0], [0.0, 0.0, 0.9956000000000004]]	[[0.7039955113493269, -0.7039955113493268, 0.0], [0.7071067811865476, 0.7071067811865477, 0.0], [0.0, 0.0, 0.9956000000000003]]	0.4283477766883958	[[0.7039955113493268, -0.7039955113493267, 0.0], [0.7071067811865475, 0.7071067811865476, 0.0], [0.0, 0.0, 0.9956]]
2	[[0.8787972042104137, -0.3840163418041313, 0.28327887866788265], [-0.395223040501579, -0.9183905790867732, -0.018907472103605397], [0.2674214316928388, -0.09534250611366366, -0.9588511794847616]]	0.6605554223753533	0.3394445776246467	[[0.5804942584094894, -0.253664076859466, 0.18712139934847974], [-0.2610667224509919, -0.6066478768742087, -0.012489433221447275], [0.17664667676408483, -0.0629790093962358, -0.6333743458596625]]	0.8521599786677865	0.27552913113073957	[[0.6308274450383767, -0.27613139248693735, 0.24816155757721936], [-0.34443207887648325, -0.8506576735711193, -0.016112191024470146], [0.22112320715211645, -0.08124706797595292, -0.7385895257698488]]	[[-0.11804836175487979, 0.05111196515295253, 0.006762634374561981], [-0.007638821113639931, -0.06804197728783869, 0.0], [-0.006762634374561981, 0.0, 0.07850507488546768]]	0.4698537395076142	[[0.7008979310993898, -0.7008979310993897, 0.0], [-0.7071067811865475, -0.7071067811865476, 0.0], [0.0, 0.0, -0.9912193600000001]]
2	[[-0.5446221603179724, 0.8109226453022452, -0.2139887049042392], [-0.8354447797583356, -0.5021691245819775, 0.22328947644507607], [0.07361197229480154, 0.30038414347728, 0.9509735242804028]]	0.2557459452116071	0.7442540547883928	[[-0.13928490917370728, 0.20739017841631946, -0.0547267436003423], [-0.21366161487139843, -0.12842771742230313, 0.05710537820925086], [0.018825963433424645, 0.07682202670017597, 0.24320762283830483]]	0.6139781992116891	0.5846365098745809	[[-0.38938480427309397, 0.552887496492937, 0.1449688433793611], [-0.6167158016272316, -0.3872652647755329, 0.13709487065066867], [0.19859796341770888, 0.006418941010924633, 0.5060971454521489]]	[[-0.05499867103028555, 0.05499867103028554, 0.27635324306810743], [-0.10377092021040257, -0.07894436996498012, 0.0], [0.1534018172277259, -0.17801037447300136, -0.07777986648352606]]	0.38266542401504194	[[-0.7008979310993898, 0.7008979310993897, 0.0], [-0.7071067811865475, -0.7071067811865476, 0.0], [0.0, 0.0, 0.9912193600000001]]
2	[[0.8592155572171323, 0.2624339665249735, -0.4391776855101157], [-0.4266000482917053, 0.8413623931712975, -0.33184593135155627], [0.2824199444684594, 0.4724804086637203, 0.8348660002631537]]	0.1802071946759284	0.8197928053240717	[[0.15483682518801406, 0.04729248889514199, -0.0791429786700451], [-0.07687639795126379, 0.1516195565792251, -0.059801024353484666], [0.05089410591319257, 0.08514436898462525, 0.15044885983773582]]	0.0	0.6892917148074381	[[0.7039955113493268, 0.7039955113493267, 0.0], [-0.7071067811865475, 0.7071067811865476, 0.0], [0.0, 0.0, 0.9956]]	[[0.7039955113493268, 0.7039955113493267, 0.0], [-0.7071067811865475, 0.7071067811865476, 0.0], [0.0, 0.0, 0.9956]]	0.6892917148074381	[[0.7039955113493268, 0.7039955113493267, 0.0], [-0.7071067811865475, 0.7071067811865476, 0.0], [0.0, 0.0, 0.9956]]
2	[[-0.42203838922340475, -0.825029846081567, 0.3757783270710803], [0.2588054115689476, 0.28760896992378115, 0.9221175843470338], [-0.8688517462515349, 0.4864224845687207, 0.09214016247897017]]	0.11182019534256168	0.8881798046574385	[[-0.047192415125021196, -0.09225499855228442, 0.042019605938589236], [0.028939671677351793, 0.03216049119915014, 0.10311136841049642], [-0.09715517198957249, 0.054391857243488544, 0.010303130967293808]]	0.3586814106191891	1.1560418469266105	[[-0.24013405261130905, -0.49495076060504817, 0.31939179825124675], [0.18237166253211673, 0.006460537965292015, 0.04041249868904331], [0.19852546350978054, 0.17447070292199948, -0.092472004795285]]	[[-0.08875672782920788, -0.19902789160957912, 0.18460709781727258], [0.08954297243468676, -0.09669945307370173, -0.2903339372213099], [0.5101664334742269, 0.0, -0.12552096824792328]]	1.0000000000000002	[[0.0, 0.0, 0.0], [0.0, 0.0, 0.0], [0.0, 0.0, 0.0]]
2	[[-0.30792515101507295, 0.09349718223056193, 0.9468053539599837], [0.3027085282091916, -0.9338174967034747, 0.1906631317268273], [0.9019698710720718, 0.34531602882779927, 0.2592434992682147]]	0.6421890167483495	0.3578109832516506	[[-0.19774614996245668, 0.06004286352538581, 0.6080279993116349], [0.19439609209200082, -0.5996873400304097, 0.12244176909381226], [0.5792351446404095, 0.22175816102036913, 0.1664833278934563]]	0.8263967265294114	0.2590657233024281	[[-0.13748184319756732, 0.1561798805423121, 0.7906666400390112], [0.28789594650515016, -0.8154847021917258, 0.15756338792889607], [0.7371551540161554, 0.28536803584142917, 0.13748184319756732]]	[[0.1169864936173636, 0.07891411520725188, 0.008229794865960018], [0.037738609700538175, -0.043780979740084915, 0.0], [-0.008229794865960018, 0.0, -0.0767561359717152]]	0.46691098182496327	[[0.0, 0.0, 0.9956], [0.0, -1.0, 0.0], [0.9956, 0.0, 0.0]]
2	[[0.08740825448676931, -0.06334395238859675, -0.994156597696443], [0.7119981850616444, -0.6940087028176986, 0.10681996481098455], [-0.6967197295301035, -0.717174639895393, -0.015561310176609944]]	0.17272459067279186	0.8272754093272082	[[0.015097554977650439, -0.010941058247917197, -0.17171529140177352], [0.12297959507454324, -0.11987236911754218, 0.018450434697659335], [-0.12034063009674531, -0.12387369611683866, -0.002687820930587302]]	0.47396914237675775	1.029678999692612	[[0.06632713811135338, -0.01620167911822086, 0.0010761811943051265], [0.6346916001196163, -0.6373401877395934, 0.039454320019235746], [0.011558286819811442, -0.01380184427537737, 0.027835964797806922]]	[[0.024898322695609952, 0.013821399670156524, 0.47227573119268357], [0.29722643097214063, -0.3084014780630827, -0.011175047090942034], [0.34178193950216124, 0.3261168047302021, 0.03521154563647343]]	0.7869410720320931	[[0.0, 0.0, -0.9912193600000001], [0.0, -1.0, 0.0], [-0.9912193600000001, 0.0, 0.0]]
2	[[0.04673222253661188, -0.9725397674033924, -0.22799671093185395], [-0.8377629715199755, -0.16246744520517667, 0.5213036857710898], [-0.5440306084466285, 0.16664552219444034, -0.8223502702654952]]	0.18610356443082987	0.81389643556917	[[0.008697033187838252, -0.18099311726450157, -0.04243100058292357], [-0.15591067514803125, -0.0302357706566539, 0.0970164740729291], [-0.10124603539139071, 0.031013325676822318, -0.15304231650706496]]	0.48711174208186103	0.902763165172359	[[-0.08133030161852761, -0.6107348618753472, 0.12217768683172746], [-0.3030607834998126, -0.20617470302349233, 0.007444279702668566], [0.09161035111052641, 0.08117499062627524, -0.5477877832898091]]	[[-0.10409411594969388, -0.13699932153159286, 0.2332375618826773], [0.10502339700895917, -0.12703490275800947, -0.246488866826982], [0.35661404853681844, 0.0, -0.1472113105392946]]	0.8669570636844388	[[0.7008979310993898, -0.7008979310993897, 0.0], [-0.7071067811865475, -0.7071067811865476, 0.0], [0.0, 0.0, -0.9912193600000001]]
2	[[0.22433838825039393, -0.7661379269479729, -0.6022499185961573], [-0.9416906372873723, -0.011392912655017143, -0.3362869982418849], [0.2507808429735371, 0.642575192824231, -0.724020780340167]]	0.1531270224685351	0.846872977531465	[[0.03435226941817303, -0.1173164195537592, -0.09222073681654723], [-0.14419828337431265, -0.0017445627921068158, -0.05149462673566134], [0.03840132377668702, 0.09839562598931931, -0.1108671462988351]]	0.4289424127753734	0.8495916782891513	[[0.1710854298940368, -0.33286577350172797, 0.12275486029201266], [-0.49127478270835795, -0.2817756159786563, -0.14424775641086188], [0.3071708119341699, 0.035099875457444266, -0.33733335716670576]]	[[0.07485718035977433, -0.004236722597941722, 0.38108539346842063], [-0.08734372866233352, -0.27688871253587416, 0.0], [0.19960027207125888, -0.24052787814218224, -0.02677013674808569]]	0.9501043068603569	[[0.7008979310993898, -0.7008979310993897, 0.0], [-0.7071067811865475, -0.7071067811865476, 0.0], [0.0, 0.0, -0.9912193600000001]]
2	[[0.5319609947059123, -0.8460851799387872, 0.03402011756955908], [-0.703274286200726, -0.4190807785627857, 0.5742617690636116], [-0.47161719485230363, -0.3294103357928521, -0.8179645788128509]]	0.1613739429971385	0.8386260570028616	[[0.08584464323637296, -0.13653610159816548, 0.005489960513425984], [-0.11349014457270926, -0.06762871767098734, 0.09267088598630717], [-0.07610672631856594, -0.05315824475090396, -0.13199816931502342]]	0.48053519496444164	0.8080160304788664	[[0.2223850063755188, -0.5663220055672405, 0.24132415851967473], [-0.37147436483025464, -0.3948168568967139, 0.014192382900377193], [0.17479216476395623, -0.15829325993352042, -0.37359769451852654]]	[[-0.033240973928965044, -0.1597482986688308, 0.22497629469067343], [-0.03352631859731023, -0.19343379326419566, -0.2617606082572306], [0.401420825440891, 0.0, 0.01946307383531415]]	0.6463908488423431	[[0.7008979310993898, -0.7008979310993897, 0.0], [-0.7071067811865475, -0.7071067811865476, 0.0], [0.0, 0.0, -0.9912193600000001]]
2	[[-0.8305561570912853, 0.32773595720904825, 0.4502950280316503], [-0.5100865793185324, -0.772219296347621, -0.37879947194723407], [0.22358030216652452, -0.5443036842615101, 0.808545204538665]]	0.20066479786451275	0.7993352021354871	[[-0.16666338337784922, 0.06576506960628627, 0.09035836077936618], [-0.10235642033235405, -0.15495722900867162, -0.0760117194694759], [0.044864696140732324, -0.1092225887792455, 0.16224656003307233]]	0.5488904944040341	0.6261846654572075	[[-0.4249761372644596, 0.17930367047703977, 0.43788563913205447], [-0.34874358476580575, -0.5957958364747729, -0.06682927928977006], [0.3564724084055443, -0.262791401223418, 0.29665414174844107]]	[[0.03090824243169057, -0.0005874811094140897, 0.19072297856808354], [-0.0687619100547939, -0.17193200511419185, 0.14109015014733428], [0.2337513058103573, 0.035971717136819556, -0.14714863531879757]]	0.6818285960682404	[[-0.7008979310993898, 0.7008979310993897, 0.0], [-0.7071067811865475, -0.7071067811865476, 0.0], [0.0, 0.0, 0.9912193600000001]]
2	[[-0.3195682178843842, -0.5708200961323295, -0.7563336379995778], [0.910087742671785, 0.03735879733279218, -0.41272826520656647], [0.2638493031197415, -0.8202248094963509, 0.507557688474819]]	0.12491035082718732	0.8750896491728125	[[-0.039917378209157486, -0.07130133846709807, -0.09447390006493012], [0.11367937922065567, 0.004666500481320824, -0.051554032403248636], [0.03295750901819583, -0.10245456871135208, 0.06339920893242593]]	0.38638363382711116	1.0882351273192852	[[-0.2070760883193749, -0.3041557020427029, 0.19776500360000634], [0.5466614626571868, -0.08131659452822394, -0.1594714468936728], [0.28045787518723136, -0.04001521670255817, 0.07788350532233498]]	[[-0.08360015903755257, -0.08360015903755255, 0.48999994303596206], [0.1950184535421497, -0.09575142239707884, 0.0], [0.1785108226650747, 0.2769062257457919, -0.1182284787274545]]	0.9999999999999999	[[0.0, 0.0, 0.0], [0.0, 0.0, 0.0], [0.0, 0.0, 0.0]]
