2	[[-0.42203838922340475, -0.825029846081567, 0.3757783270710803], [0.2588054115689476, 0.28760896992378115, 0.9221175843470338], [-0.8688517462515349, 0.4864224845687207, 0.09214016247897017]]	0.10498410181066038	0.8950158981893398	[[-0.044307321222237045, -0.08661501735786069, 0.03945075014746996], [0.027170453677304255, 0.030194369380137465, 0.09680768635648922], [-0.09121562018684116, 0.05106662764295696, 0.009673252198542981]]	0.334630161780772	1.1751835148406922	[[-0.05749603084371753, -0.4379826305981098, 0.2762041687933766], [0.18591807327044463, -0.18153056197285206, 0.01721969605383261], [0.15181032833647554, 0.16277163470503606, -0.08758027573787083]]	[[0.08373074361980679, -0.16190275972986967, 0.15045740641187316], [0.09931397652738841, -0.2777731981080482, -0.29134866037711], [0.44255432874813294, 0.0, -0.11841315321471524]]	1.0000000000000002	[[0.0, 0.0, 0.0], [0.0, 0.0, 0.0], [0.0, 0.0, 0.0]]
2	[[0.8489524140446696, -0.5135124485683378, 0.12483895166604869], [0.522794976890395, 0.7815435453534784, -0.34040431673891397], [0.0772347773085365, 0.35425224329800037, 0.9319550081910795]]	0.20772342716479222	0.7922765728352077	[[0.17634730494518247, -0.10666856570839922, 0.0259319748837315], [0.1085967643042112, 0.1623449037193469, -0.07070995129469666], [0.016043472638838735, 0.07358649005867643, 0.19358888826484302]]	0.0	0.4552374257588754	[[0.6492654464854883, -0.6492654464854881, 0.0], [0.7071067811865478, 0.707106781186548, 0.0], [0.0, 0.0, 0.9182000000000005]]	[[0.6492654464854883, -0.649265446485488, 0.0], [0.7071067811865477, 0.707106781186548, 0.0], [0.0, 0.0, 0.9182000000000005]]	0.45523742575887516	[[0.6492654464854879, -0.6492654464854878, 0.0], [0.7071067811865475, 0.7071067811865476, 0.0], [0.0, 0.0, 0.9181999999999999]]
2	[[-0.8305561570912853, 0.32773595720904825, 0.4502950280316503], [-0.5100865793185324, -0.772219296347621, -0.37879947194723407], [0.22358030216652452, -0.5443036842615101, 0.808545204538665]]	0.18155659991385997	0.8184434000861399	[[-0.15079295191901548, 0.05950262606038907, 0.08175403424754271], [-0.0926095850027642, -0.14020150983274748, -0.06877354417590541], [0.040592479469067605, -0.09882192623510695, 0.1467967182126964]]	0.5114869296525328	0.6696985353408305	[[-0.3665196810105181, 0.14058346107438702, 0.3936963992299703], [-0.3551112488990774, -0.6057723704570379, -0.05619613315927898], [0.3118870293382665, -0.24488375791020994, 0.25564289240331495]]	[[0.05829893768411021, -0.027049197415203, 0.16337637790426024], [-0.0942086305864781, -0.21079229354975393, 0.13755484570101253], [0.19752862705232532, 0.03352046235127153, -0.1579174117514459]]	0.6864204146128358	[[-0.596155532962975, 0.5961555329629749, 0.0], [-0.7071067811865475, -0.7071067811865476, 0.0], [0.0, 0.0, 0.8430912399999998]]
2	[[0.22433838825039393, -0.7661379269479729, -0.6022499185961573], [-0.9416906372873723, -0.011392912655017143, -0.3362869982418849], [0.2507808429735371, 0.642575192824231, -0.724020780340167]]	0.13708501922993738	0.8629149807700625	[[0.030753432267318394, -0.10502603244844724, -0.08255944167198248], [-0.1290916791211914, -0.0015617976503980585, -0.04609990962076672], [0.03437829668152721, 0.08808743266499043, -0.09925240259580606]]	0.3952900263528447	0.8695513999261496	[[0.018087718973808977, -0.30124194557885564, 0.10294526115155608], [-0.4579193582376322, -0.12282973296876139, -0.13293089639715375], [0.26948198093628495, 0.04219154039220383, -0.31704268216814635]]	[[-0.070591008429644, 0.0016047357543223784, 0.34100864734442965], [-0.08567844140807955, -0.11832622822512397, 0.0], [0.1703508149084868, -0.21181202451297074, -0.03084448882747441]]	0.966215639079294	[[0.596155532962975, -0.5961555329629749, 0.0], [-0.7071067811865475, -0.7071067811865476, 0.0], [0.0, 0.0, -0.8430912399999998]]
2	[[0.8787972042104137, -0.3840163418041313, 0.28327887866788265], [-0.395223040501579, -0.9183905790867732, -0.018907472103605397], [0.2674214316928388, -0.09534250611366366, -0.9588511794847616]]	0.5468203765641728	0.4531796234358271	[[0.48054421812988074, -0.20998796063213118, 0.15490266310584822], [-0.21611601183391074, -0.5021946822892182, -0.0103389910155701], [0.14623148797960833, -0.05213522509564551, -0.5243193630348588]]	0.7925051981841759	0.36658753721629095	[[0.550005889690131, -0.2363490806855721, 0.2312488979218428], [-0.3504469925392366, -0.8425043770888642, -0.014984269926629571], [0.20518396068066783, -0.07555943170298501, -0.6370443976452517]]	[[-0.14644546279634268, 0.06798586638187318, 0.006748914041761362], [-0.03723067849958017, -0.11467506919922088, 0.0], [-0.006748914041761362, 0.0, 0.12285014638145027]]	0.5108571479034041	[[0.596155532962975, -0.5961555329629749, 0.0], [-0.7071067811865475, -0.7071067811865476, 0.0], [0.0, 0.0, -0.8430912399999998]]
2	[[0.3802729664721569, 0.7767473726770865, -0.5020517802076895], [0.4287143634067757, 0.332951791095048, 0.839849450446521], [0.8195098935212374, -0.5346088512602871, -0.20639019011321075]]	0.12263267592839082	0.8773673240716096	[[0.04663389146170786, 0.09525460883173817, -0.061567953261481276], [0.052574389593509505, 0.040830769097136344, 0.10299298548524534], [0.1004986911923, -0.0655605140050521, -0.025310181298952336]]	0.40269511386679624	0.8980414619447262	[[0.20833719435619386, 0.33307997230851644, 0.11073391241796943], [0.23973999868193557, -0.2056026631368858, 0.32818106626863897], [0.5572465866264553, 0.0, -0.07975229725408317]]	[[0.05520312882222423, 0.020287600622582256, 0.31290771121573263], [0.06709881929351288, -0.33968072256406, -0.010022203809889078], [0.2272339567399545, 0.21528437223245847, 0.0033600238545459654]]	1.0000000000000007	[[0.0, 0.0, 0.0], [0.0, 0.0, 0.0], [0.0, 0.0, 0.0]]
2	[[0.08740825448676931, -0.06334395238859675, -0.994156597696443], [0.7119981850616444, -0.6940087028176986, 0.10681996481098455], [-0.6967197295301035, -0.717174639895393, -0.015561310176609944]]	0.14785807963508377	0.8521419203649163	[[0.012924016652668444, -0.009365915156674086, -0.14699408539194458], [0.1052746843468797, -0.10261479404866042, 0.015794194863639397], [-0.10301564125219606, -0.10604006501791553, -0.002300865439319441]]	0.4365710875861394	1.0230989959989254	[[0.058651357391061136, -0.014562351703605383, -0.0008917809113918804], [0.6353335898748358, -0.6362567150792917, 0.037857695180637745], [0.007332575582012543, -0.0120621381852177, 0.022185655194022325]]	[[0.02049144066576624, 0.013091786482688897, 0.4331282461758803], [0.3244957678631163, -0.33327258089592326, -0.008776813032806911], [0.3115002656456907, 0.3010355743431119, 0.028979273302090176]]	0.8349912837348973	[[0.0, 0.0, -0.8430912399999998], [0.0, -1.0, 0.0], [-0.8430912399999998, 0.0, 0.0]]
2	[[0.8592155572171323, 0.2624339665249735, -0.4391776855101157], [-0.4266000482917053, 0.8413623931712975, -0.33184593135155627], [0.2824199444684594, 0.4724804086637203, 0.8348660002631537]]	0.16433930376806705	0.8356606962319331	[[0.14120288645975532, 0.04312821534380639, -0.0721741550672036], [-0.07010715492368266, 0.1382689099104057, -0.05453532931658053], [0.0464126970441628, 0.07764710140384759, 0.13720129722287758]]	0.0	0.6893641076073157	[[0.6492654464854877, 0.6492654464854877, 0.0], [-0.7071067811865474, 0.7071067811865476, 0.0], [0.0, 0.0, 0.9181999999999997]]	[[0.6492654464854878, 0.6492654464854877, 0.0], [-0.7071067811865474, 0.7071067811865475, 0.0], [0.0, 0.0, 0.9181999999999997]]	0.6893641076073156	[[0.6492654464854879, 0.6492654464854878, 0.0], [-0.7071067811865475, 0.7071067811865476, 0.0], [0.0, 0.0, 0.9181999999999999]]
2	[[-0.30792515101507295, 0.09349718223056193, 0.9468053539599837], [0.3027085282091916, -0.9338174967034747, 0.1906631317268273], [0.9019698710720718, 0.34531602882779927, 0.2592434992682147]]	0.5289603891671865	0.47103961083281365	[[-0.16288020771529765, 0.04945630589871338, 0.5008225284962486], [0.1601208208857602, -0.49395246646739777, 0.1008532443580571], [0.4771063340193601, 0.18265850099442008, 0.1371295422619781]]	0.7648504064409538	0.33286078365008215	[[-0.08225319880628529, 0.12294696172614265, 0.7362551209012969], [0.3132698959124738, -0.809835104539897, 0.145828773794569], [0.6777813613824365, 0.2641151049995184, 0.08225319880628529]]	[[0.1532634781009854, 0.051435603896013427, 0.012090661104532333], [0.08174315507853064, -0.0956044126445702, 0.0], [-0.012090661104532333, 0.0, -0.11602929697618389]]	0.4829401943325329	[[0.0, 0.0, 0.9181999999999999], [0.0, -1.0, 0.0], [0.9181999999999999, 0.0, 0.0]]
2	[[0.034229894132735264, 0.2773841392786001, 0.9601491309293217], [-0.1827544195208179, -0.9427759796974285, 0.2788803941677556], [0.9825625356654255, -0.18501754344446375, 0.018422055382213542]]	0.7418019152514973	0.2581980847485027	[[0.025391801026519, 0.20576408577725364, 0.7122404642504315], [-0.13556757842121833, -0.6993530273926594, 0.20687401051973361], [0.7288667708109803, -0.1372463680822303, 0.013665515965395166]]	0.8638072112991185	0.20446163828390826	[[0.0, 0.20309974858246838, 0.788349668009108], [-0.1895636921149552, -0.8216965580858258, 0.24089889557204794], [0.8062769388242671, -0.15981948824417574, 0.0]]	[[-0.029568029393862105, -0.036506671226385484, -0.04103407521022162], [-0.03169910663608828, -0.007319868183595471, 0.0], [-0.042467665035874805, 0.0, -0.015913104286107798]]	0.3747987852253895	[[0.0, 0.0, 0.9181999999999999], [0.0, -1.0, 0.0], [0.9181999999999999, 0.0, 0.0]]
2	[[-0.5446221603179724, 0.8109226453022452, -0.2139887049042392], [-0.8354447797583356, -0.5021691245819775, 0.22328947644507607], [0.07361197229480154, 0.30038414347728, 0.9509735242804028]]	0.2314772119336302	0.7685227880663698	[[-0.12606761922767482, 0.18771011302840782, -0.04953350879652158], [-0.19338642834296524, -0.11624070887738802, 0.051686425461626204], [0.01703949411173631, 0.06953208404119232, 0.220128700023126]]	0.5868733590525816	0.5801109613315665	[[-0.33391692641454496, 0.5186626573566563, 0.13288363162554215], [-0.6052617507114963, -0.40599248052829395, 0.13104264508241412], [0.17208471495110056, 0.01584111911113145, 0.4976380785150244]]	[[-0.01429268977426302, 0.042753760576322464, 0.2584679016720046], [-0.11496146651177752, -0.1112827995723745, 0.0], [0.12888380950396477, -0.1604463321775125, -0.06046294804948739]]	0.43696825217326585	[[-0.596155532962975, 0.5961555329629749, 0.0], [-0.7071067811865475, -0.7071067811865476, 0.0], [0.0, 0.0, 0.8430912399999998]]
2	[[0.04673222253661188, -0.9725397674033924, -0.22799671093185395], [-0.8377629715199755, -0.16246744520517667, 0.5213036857710898], [-0.5440306084466285, 0.16664552219444034, -0.8223502702654952]]	0.17320783867688735	0.8267921613231124	[[0.008094387262133879, -0.16845151113926435, -0.03949081752594548], [-0.14510711362050172, -0.028140635039344296, 0.0902938847067057], [-0.09423036586311259, 0.028864310724480275, -0.14243751294804063]]	0.4556973945156676	0.8643360942025694	[[-0.05022357418072535, -0.542336085171228, 0.09227539071277062], [-0.30818122780898516, -0.18295148597230526, 0.0], [0.06524855450963829, 0.06524855450963828, -0.4758864766663216]]	[[-0.07151932623058577, -0.0991522471026286, 0.19617289784255826], [0.07358517553437097, -0.10891549449868915, -0.2375567313572999], [0.3131618853155403, -0.010691375762071059, -0.10114360112708023]]	0.8929596199563404	[[0.596155532962975, -0.5961555329629749, 0.0], [-0.7071067811865475, -0.7071067811865476, 0.0], [0.0, 0.0, -0.8430912399999998]]
2	[[0.5319609947059123, -0.8460851799387872, 0.03402011756955908], [-0.703274286200726, -0.4190807785627857, 0.5742617690636116], [-0.47161719485230363, -0.3294103357928521, -0.8179645788128509]]	0.1473699395472953	0.8526300604527047	[[0.07839505963132937, -0.1246875218194415, 0.005013542669617788], [-0.10364148904256827, -0.06175990900223119, 0.0846289221912273], [-0.06950219749484897, -0.04854518127204685, -0.12054339053147871]]	0.4503958389373649	0.8256606738394386	[[0.21300857201558368, -0.4844257626455638, 0.22101166268790778], [-0.3826629919597542, -0.3982568212220732, 0.0], [0.12275826522699236, -0.14239416647837286, -0.31787946458161453]]	[[-0.026584446476940804, -0.10335251821456236, 0.2056891432944184], [-0.06591117982330169, -0.20950458237876324, -0.25864511124706063], [0.33517268735978234, 0.00597087806568786, 0.05052837811384772]]	0.7008478867587217	[[0.596155532962975, -0.5961555329629749, 0.0], [-0.7071067811865475, -0.7071067811865476, 0.0], [0.0, 0.0, -0.8430912399999998]]
2	[[-0.3195682178843842, -0.5708200961323295, -0.7563336379995778], [0.910087742671785, 0.03735879733279218, -0.41272826520656647], [0.2638493031197415, -0.8202248094963509, 0.507557688474819]]	0.11246027899503788	0.887539721004962	[[-0.035938730941224906, -0.06419458726701613, -0.08505749194276449], [0.10234872145083317, 0.004201380770964925, -0.046415535854268455], [0.02967256624149242, -0.09224271091461142, 0.057080079251954643]]	0.3560349378921888	1.0667118401983764	[[-0.17927765921959302, -0.2687321060868962, 0.18100881953969727], [0.5360675622942738, -0.07439669299077496, -0.1469456822691707], [0.2333769668593338, -0.04775559530415795, 0.08807698673433378]]	[[-0.06550020861280893, -0.06550020861280892, 0.45029001937065016], [0.2120445293556826, -0.08769773007888254, 0.0], [0.13943739661019933, 0.24427309380250775, -0.09263128335850139]]	0.9584743852035578	[[1.6834294646550334e-16, -0.8430912399999998, 0.0], [1.0, 1.7938038903913487e-16, 0.0], [0.0, 0.0, 0.8430912399999998]]
