2	[[0.04673222253661188, -0.9725397674033924, -0.22799671093185395], [-0.8377629715199755, -0.16246744520517667, 0.5213036857710898], [-0.5440306084466285, 0.16664552219444034, -0.8223502702654952]]	0.18027643123011344	0.8197235687698864	[[0.008424718302351863, -0.17532599849684818, -0.04110243337899845], [-0.1510289187223563, -0.029289051212663272, 0.09397876805791654], [-0.09807589657070538, 0.030042260021692364, -0.14825037194458274]]	0.47347324584595646	0.8872093899388863	[[-0.06617978817550976, -0.5818680987589814, 0.10944302942603362], [-0.3020188751994282, -0.19772223807871359, 0.0], [0.07738790826074723, 0.07738790826074722, -0.5142447413816396]]	[[-0.08830624526551491, -0.12139653837222548, 0.21739337219314078], [0.09463947817568819, -0.12079824945311855, -0.2468233481734984], [0.3349718462815231, -0.00151428803834883, -0.12488388969673611]]	0.8777556166935966	[[0.6511266646706559, -0.6511266646706558, 0.0], [-0.7071067811865475, -0.7071067811865476, 0.0], [0.0, 0.0, -0.92083216]]
2	[[0.22433838825039393, -0.7661379269479729, -0.6022499185961573], [-0.9416906372873723, -0.011392912655017143, -0.3362869982418849], [0.2507808429735371, 0.642575192824231, -0.724020780340167]]	0.14576863219717073	0.8542313678028294	[[0.03270150000457775, -0.11167887768558189, -0.08778914687461935], [-0.13726895615026233, -0.0016607292944636476, -0.04902009575941193], [0.03655598046150596, 0.0936673069418214, -0.10553951883251436]]	0.41362256293734345	0.8686698544651985	[[0.019808918230075884, -0.31823814542083845, 0.11330949112567348], [-0.4760901212772394, -0.12713623301451155, -0.13909589009531434], [0.2894429500351812, 0.03874155448410704, -0.3283554599528436]]	[[-0.07298250088328491, -0.0013462125131146752, 0.36241364598422254], [-0.08658562638833617, -0.12242386728282208, 0.0], [0.1857143350288793, -0.22704204365180908, -0.028884129168648326]]	0.9561543829583179	[[0.6511266646706559, -0.6511266646706558, 0.0], [-0.7071067811865475, -0.7071067811865476, 0.0], [0.0, 0.0, -0.92083216]]
2	[[0.8592155572171323, 0.2624339665249735, -0.4391776855101157], [-0.4266000482917053, 0.8413623931712975, -0.33184593135155627], [0.2824199444684594, 0.4724804086637203, 0.8348660002631537]]	0.17294355026375363	0.8270564497362465	[[0.1485957889069802, 0.045386261880628005, -0.07595294812873767], [-0.07377772689425625, 0.14550819933345246, -0.05739061350852001], [0.048842707861667514, 0.08171243930437297, 0.14438469008000968]]	0.0	0.6884176965556	[[0.6785396672266111, 0.678539667226611, 0.0], [-0.7071067811865475, 0.7071067811865476, 0.0], [0.0, 0.0, 0.9596]]	[[0.6785396672266111, 0.678539667226611, 0.0], [-0.7071067811865475, 0.7071067811865476, 0.0], [0.0, 0.0, 0.9596]]	0.6884176965556	[[0.6785396672266111, 0.678539667226611, 0.0], [-0.7071067811865475, 0.7071067811865476, 0.0], [0.0, 0.0, 0.9596]]
2	[[-0.5446221603179724, 0.8109226453022452, -0.2139887049042392], [-0.8354447797583356, -0.5021691245819775, 0.22328947644507607], [0.07361197229480154, 0.30038414347728, 0.9509735242804028]]	0.2445215018497426	0.7554784981502574	[[-0.1331718285816019, 0.19828802311327112, -0.052324839502065956], [-0.20428421225903565, -0.12279114852535561, 0.05459907812759274], [0.017999710019646523, 0.07345038189491307, 0.23253347437638675]]	0.6018843163254992	0.581279057733436	[[-0.37666713621138515, 0.5372128520960335, 0.1393426416959301], [-0.6116051295282923, -0.3808449911401893, 0.13439443387282332], [0.18603792632955202, 0.011022327373727065, 0.5028939975115672]]	[[-0.04886759959268591, 0.04913123013542633, 0.2681390870485972], [-0.10876401943573921, -0.07859727091139133, 0.0], [0.14173203471152382, -0.16977417745811627, -0.06948205199359364]]	0.40510462879310655	[[-0.6511266646706559, 0.6511266646706558, 0.0], [-0.7071067811865475, -0.7071067811865476, 0.0], [0.0, 0.0, 0.92083216]]
2	[[0.8787972042104137, -0.3840163418041313, 0.28327887866788265], [-0.395223040501579, -0.9183905790867732, -0.018907472103605397], [0.2674214316928388, -0.09534250611366366, -0.9588511794847616]]	0.6038250135852289	0.39617498641477106	[[0.5306397337710143, -0.23187867280682947, 0.17105087276004266], [-0.2386455578000614, -0.5545472038936172, -0.011416804599821865], [0.16147574962490974, -0.057570190049332726, -0.578978326478599]]	0.825110219686636	0.31847395195465406	[[0.5926649082796978, -0.2570695220161225, 0.24051169120795043], [-0.34728693844264236, -0.8473120483390495, -0.015600748461124792], [0.21387676285528306, -0.07866807616491946, -0.6909171329088332]]	[[-0.1324396459463583, 0.059786286133142595, 0.006775393397709847], [-0.021184368669164264, -0.08953859587062508, 0.0], [-0.006775393397709847, 0.0, 0.10024077444262863]]	0.48593723247892384	[[0.6511266646706559, -0.6511266646706558, 0.0], [-0.7071067811865475, -0.7071067811865476, 0.0], [0.0, 0.0, -0.92083216]]
2	[[-0.8305561570912853, 0.32773595720904825, 0.4502950280316503], [-0.5100865793185324, -0.772219296347621, -0.37879947194723407], [0.22358030216652452, -0.5443036842615101, 0.808545204538665]]	0.19183710207355334	0.8081628979264466	[[-0.1593314862857391, 0.0628719162762859, 0.08638329325572122], [-0.09785353118307896, -0.14814031197660613, -0.07266779296534963], [0.04289099724835546, -0.10441764143668646, 0.15510896893416593]]	0.5319170794202932	0.6463386407162204	[[-0.3969981098454266, 0.16059033114819105, 0.4172536870443489], [-0.351671325260858, -0.600537374207917, -0.06201227286230634], [0.33542075598162874, -0.2546650671866684, 0.27711924580771036]]	[[0.0447888955291121, -0.013738022031460045, 0.1777340708562744], [-0.08034756173825648, -0.18978074142269657, 0.1394776359418157], [0.2164945746373044, 0.034859358863419475, -0.15295975796977995]]	0.6806712658336863	[[-0.6511266646706559, 0.6511266646706558, 0.0], [-0.7071067811865475, -0.7071067811865476, 0.0], [0.0, 0.0, 0.92083216]]
2	[[0.5319609947059123, -0.8460851799387872, 0.03402011756955908], [-0.703274286200726, -0.4190807785627857, 0.5742617690636116], [-0.47161719485230363, -0.3294103357928521, -0.8179645788128509]]	0.154738423072929	0.8452615769270709	[[0.08231480545709963, -0.13092188652910333, 0.005264219345469223], [-0.1088235540344401, -0.06484789881498082, 0.08886036057597378], [-0.07297730102552374, -0.05097243590450997, -0.12657054905501308]]	0.46755969603099895	0.8102891271949123	[[0.21863525260934566, -0.5310986403953173, 0.2322543594984836], [-0.3802183424531689, -0.39821846800039484, 0.004602754524866153], [0.14981270744441436, -0.15401899647277525, -0.34758348878204737]]	[[-0.030088268375698522, -0.1355033108468048, 0.2163479236687217], [-0.05139563097073962, -0.20227318656314436, -0.2638989036607398], [0.3703218997125498, 0.0, 0.034863781051813224]]	0.6712449857217776	[[0.6511266646706559, -0.6511266646706558, 0.0], [-0.7071067811865475, -0.7071067811865476, 0.0], [0.0, 0.0, -0.92083216]]
2	[[-0.30792515101507295, 0.09349718223056193, 0.9468053539599837], [0.3027085282091916, -0.9338174967034747, 0.1906631317268273], [0.9019698710720718, 0.34531602882779927, 0.2592434992682147]]	0.5867222614501509	0.4132777385498492	[[-0.18066654096094284, 0.05485687819753215, 0.5555117784285123], [0.17760583223114368, -0.5478915134475815, 0.11186630382193215], [0.529205802515307, 0.2026046013488319, 0.15210393215689746]]	0.7981627556695088	0.29259841624470717	[[-0.11092977084442664, 0.14013243205784257, 0.7658718254094947], [0.2993144734932453, -0.8129847784994202, 0.15218021062366305], [0.7097517028156067, 0.2756183931460478, 0.11092977084442664]]	[[0.13484461622971364, 0.06550646344136303, 0.010167055010149592], [0.057703800453135695, -0.0676464320381724, 0.0], [-0.010167055010149592, 0.0, -0.0959887349208979]]	0.473286873624437	[[0.0, 0.0, 0.9596], [0.0, -1.0, 0.0], [0.9596, 0.0, 0.0]]
2	[[0.8489524140446696, -0.5135124485683378, 0.12483895166604869], [0.522794976890395, 0.7815435453534784, -0.34040431673891397], [0.0772347773085365, 0.35425224329800037, 0.9319550081910795]]	0.21635665605725773	0.7836433439427424	[[0.18367650545444125, -0.1111018362160201, 0.027009738128159877], [0.11311017300353718, 0.16909214803581235, -0.07364873967708703], [0.016710258149801926, 0.07664483076073746, 0.20163466916803618]]	0.0	0.4401252308810874	[[0.6785396672266111, -0.678539667226611, 0.0], [0.7071067811865475, 0.7071067811865476, 0.0], [0.0, 0.0, 0.9596]]	[[0.6785396672266111, -0.678539667226611, 0.0], [0.7071067811865475, 0.7071067811865476, 0.0], [0.0, 0.0, 0.9596]]	0.4401252308810874	[[0.6785396672266111, -0.678539667226611, 0.0], [0.7071067811865475, 0.7071067811865476, 0.0], [0.0, 0.0, 0.9596]]
2	[[0.034229894132735264, 0.2773841392786001, 0.9601491309293217], [-0.1827544195208179, -0.9427759796974285, 0.2788803941677556], [0.9825625356654255, -0.18501754344446375, 0.018422055382213542]]	0.8191706625164716	0.18082933748352842	[[0.028040125054581436, 0.22722494914441208, 0.7865259996979869], [-0.1497070589166816, -0.7722944238933582, 0.22845063725325512], [0.804886403304911, -0.15156094364057143, 0.015090807312363003]]	0.8996013991772419	0.14669177492318528	[[0.0, 0.23101947066609804, 0.8402438911625344], [-0.18075176800403642, -0.8212117736691991, 0.2508811927964137], [0.8669927383720766, -0.16644204095497575, 0.0]]	[[-0.030793260655497506, -0.018515689138505556, -0.023507610440296197], [-0.01634563649728396, 0.026910816777302875, 0.0], [-0.016921893491679007, 0.0, -0.016572506797559946]]	0.35575871527783876	[[0.0, 0.0, 0.9596], [0.0, -1.0, 0.0], [0.9596, 0.0, 0.0]]
2	[[0.3802729664721569, 0.7767473726770865, -0.5020517802076895], [0.4287143634067757, 0.332951791095048, 0.839849450446521], [0.8195098935212374, -0.5346088512602871, -0.20639019011321075]]	0.12686255108984426	0.8731374489101562	[[0.048242398637160656, 0.09854015325014923, -0.06369156961634528], [0.05438779783064214, 0.04223911360825075, 0.1065454438150494], [0.10396511573547079, -0.06782184270609114, -0.02618318603767987]]	0.41957189225779257	0.8668549291918923	[[0.02842729501700969, 0.31733847355864747, 0.12907178764376426], [0.28107006734386397, -0.14346578033922555, 0.3279419151483964], [0.5999711252694355, 0.0, -0.06688431858301906]]	[[-0.13112455310019733, -0.00856289140174658, 0.33971860307689794], [0.10119357065118813, -0.28316299335959605, -0.02443530798711765], [0.2561278085207478, 0.22430684734104347, 0.019711204026226337]]	1.0000000000000007	[[0.0, 0.0, 0.0], [0.0, 0.0, 0.0], [0.0, 0.0, 0.0]]
2	[[-0.42203838922340475, -0.825029846081567, 0.3757783270710803], [0.2588054115689476, 0.28760896992378115, 0.9221175843470338], [-0.8688517462515349, 0.4864224845687207, 0.09214016247897017]]	0.10874163111812499	0.8912583688818752	[[-0.04589314283861914, -0.08971509118404518, 0.04086274822454955], [0.02814292259620502, 0.03127506851371574, 0.10027257020460166], [-0.09448035608722317, 0.05289437438453368, 0.010019471559452278]]	0.3478056544283437	1.184468171293882	[[-0.0602647221279457, -0.4681987785815886, 0.29895497858043496], [0.18397531724467542, -0.17665223711237094, 0.029924924071294268], [0.17600852072498907, 0.16918049057408482, -0.09031458753118901]]	[[0.0865226160297846, -0.18124873304227354, 0.16825715161348972], [0.09396133170434076, -0.27668426311617345, -0.29079278581240925], [0.4782000709312134, 0.0, -0.12236145704132113]]	1.0000000000000002	[[0.0, 0.0, 0.0], [0.0, 0.0, 0.0], [0.0, 0.0, 0.0]]
2	[[-0.3195682178843842, -0.5708200961323295, -0.7563336379995778], [0.910087742671785, 0.03735879733279218, -0.41272826520656647], [0.2638493031197415, -0.8202248094963509, 0.507557688474819]]	0.11916916525285047	0.8808308347471494	[[-0.03808267776662311, -0.06802415436564159, -0.09013164829306125], [0.10845439660104758, 0.004452016692999255, -0.04918448284092362], [0.03144270120532591, -0.09774550586735843, 0.0604852260532105]]	0.3725670052043591	1.077439461812144	[[-0.1939363291402968, -0.2875444889711041, 0.19008521284825147], [0.5418384551943727, -0.07816622161421272, -0.15376893373120093], [0.2579720159904858, -0.04399600151571176, 0.08320893940364352]]	[[-0.07487575524461774, -0.07487575524461773, 0.471870171293072], [0.20276979043395044, -0.09208487685452782, 0.0], [0.1596704713019066, 0.26159269935265966, -0.10589030855986681]]	0.9791846722025153	[[1.8386574508186544e-16, -0.92083216, 0.0], [1.0, 1.7938038903913487e-16, 0.0], [0.0, 0.0, 0.92083216]]
2	[[0.08740825448676931, -0.06334395238859675, -0.994156597696443], [0.7119981850616444, -0.6940087028176986, 0.10681996481098455], [-0.6967197295301035, -0.717174639895393, -0.015561310176609944]]	0.16094818752234707	0.8390518124776529	[[0.014068200134137565, -0.010195094327446495, -0.1600077025126258], [0.11459481740487226, -0.11169944284324385, 0.017192479727528853], [-0.11213577767893002, -0.11542795842815545, -0.0025045646683984207]]	0.4569395947418576	1.0264967156908065	[[0.06272935242832789, -0.015440040604828863, 0.00010098546756460644], [0.6349839360493548, -0.6368468185153646, 0.03872728223889671], [0.009494932801959536, -0.012982331896058056, 0.025118019025106728]]	[[0.02278906004605034, 0.013504319328964046, 0.45437049832892124], [0.30964377391034903, -0.3197267631025231, -0.010082989192174053], [0.3278537636621016, 0.31472315741688045, 0.032228597790859216]]	0.8089681480993037	[[0.0, 0.0, -0.92083216], [0.0, -1.0, 0.0], [-0.92083216, 0.0, 0.0]]
