2	[[0.04673222253661188, -0.9725397674033924, -0.22799671093185395], [-0.8377629715199755, -0.16246744520517667, 0.5213036857710898], [-0.5440306084466285, 0.16664552219444034, -0.8223502702654952]]	0.18626124248693932	0.8137387575130605	[[0.008704401833845465, -0.1811464654445149, -0.0424669506611027], [-0.15604277198486102, -0.030261388207594962, 0.09709867222474416], [-0.10133181708019467, 0.031039602018821277, -0.15317198309912153]]	0.48747580827544595	0.9031920933276352	[[-0.08176500226229987, -0.6115017949333192, 0.12252213400946209], [-0.3031240012651821, -0.2063840256913722, 0.007689762493412272], [0.09203680297985652, 0.08123566062721858, -0.5487259936640037]]	[[-0.10454583021584275, -0.1374121857383363, 0.2336650149551108], [0.1052651804197574, -0.12718507652153202, -0.24643317308481882], [0.3572385635589595, 0.0, -0.14785013098079974]]	0.8666950512769092	[[0.7023066292288694, -0.7023066292288693, 0.0], [-0.7071067811865475, -0.7071067811865476, 0.0], [0.0, 0.0, -0.9932115599999999]]
2	[[0.8489524140446696, -0.5135124485683378, 0.12483895166604869], [0.522794976890395, 0.7815435453534784, -0.34040431673891397], [0.0772347773085365, 0.35425224329800037, 0.9319550081910795]]	0.22348711984070582	0.7765128801592941	[[0.1897299298966576, -0.1147634181328864, 0.027899897751778313], [0.11683794365242277, 0.17466491598114292, -0.07607598032932325], [0.017260977932223115, 0.07917081355177909, 0.2082799406017458]]	0.0	0.42803994725720895	[[0.7047026181305132, -0.704702618130513, 0.0], [0.7071067811865474, 0.7071067811865475, 0.0], [0.0, 0.0, 0.9965999999999998]]	[[0.7047026181305132, -0.704702618130513, 0.0], [0.7071067811865474, 0.7071067811865475, 0.0], [0.0, 0.0, 0.9965999999999998]]	0.4280399472572091	[[0.7047026181305133, -0.7047026181305132, 0.0], [0.7071067811865475, 0.7071067811865476, 0.0], [0.0, 0.0, 0.9965999999999999]]
2	[[0.8787972042104137, -0.3840163418041313, 0.28327887866788265], [-0.395223040501579, -0.9183905790867732, -0.018907472103605397], [0.2674214316928388, -0.09534250611366366, -0.9588511794847616]]	0.6622396677313315	0.3377603322686685	[[0.5819743685195276, -0.2543108545997693, 0.18759851048432283], [-0.2617323750215323, -0.6081946719420099, -0.012521278043531058], [0.17709708006850244, -0.06313958956938506, -0.6349892865057839]]	0.8528703494860672	0.2743189816517146	[[0.6319037109336642, -0.2766863900765964, 0.24836177463788298], [-0.34432244431937353, -0.8506975222581532, -0.016125622340900002], [0.2213141915215512, -0.08131479651003783, -0.7398768578077086]]	[[-0.11759636774865023, 0.05082976156625411, 0.006761618386384619], [-0.007248431641845739, -0.06742942810770539, 0.0], [-0.006761618386384619, 0.0, 0.07789888274458776]]	0.4694995045998071	[[0.7023066292288694, -0.7023066292288693, 0.0], [-0.7071067811865475, -0.7071067811865476, 0.0], [0.0, 0.0, -0.9932115599999999]]
2	[[0.034229894132735264, 0.2773841392786001, 0.9601491309293217], [-0.1827544195208179, -0.9427759796974285, 0.2788803941677556], [0.9825625356654255, -0.18501754344446375, 0.018422055382213542]]	0.8293942462922215	0.17060575370777867	[[0.028390077244882496, 0.23006080913039112, 0.7963421647752561], [-0.1515754640350412, -0.7819329731035594, 0.2313017943264433], [0.8149317137031996, -0.15345248599595931, 0.01527914673888456]]	0.930497686965178	0.12502420213610543	[[0.001647479415204103, 0.25773597808519844, 0.886120658582142], [-0.17333507095210698, -0.8207148533124468, 0.25949756171303373], [0.9215680536245364, -0.17215839622305282, -0.001647479415204103]]	[[-0.030203357900368974, -0.0003693219143657313, -0.007295886889217694], [-0.003282506305322148, 0.056536015122340154, 0.0], [0.007295886889217694, 0.0, -0.01878915933749821]]	0.3398121536243875	[[0.0, 0.0, 0.9965999999999999], [0.0, -1.0, 0.0], [0.9965999999999999, 0.0, 0.0]]
2	[[-0.42203838922340475, -0.825029846081567, 0.3757783270710803], [0.2588054115689476, 0.28760896992378115, 0.9221175843470338], [-0.8688517462515349, 0.4864224845687207, 0.09214016247897017]]	0.11190326789748209	0.8880967321025182	[[-0.047227474932288474, -0.092323535889484, 0.04205082280430275], [0.028961171304118058, 0.03218438361109969, 0.10318797107416516], [-0.09722734972398064, 0.054432265602052415, 0.010310785286001746]]	0.35897596545457344	1.1564969660494901	[[-0.24031790075060078, -0.49570030279574734, 0.31996819129285103], [0.18232822975911386, 0.006330268783021023, 0.040696540162656995], [0.199170423885413, 0.17461398101686884, -0.09252905923237756]]	[[-0.08881626252023611, -0.19953441726977872, 0.1850728035356056], [0.08942330727628273, -0.09691443886876376, -0.2903215099409585], [0.5110673183329498, 0.0, -0.1256051630154071]]	1.0000000000000002	[[0.0, 0.0, 0.0], [0.0, 0.0, 0.0], [0.0, 0.0, 0.0]]
2	[[-0.30792515101507295, 0.09349718223056193, 0.9468053539599837], [0.3027085282091916, -0.9338174967034747, 0.1906631317268273], [0.9019698710720718, 0.34531602882779927, 0.2592434992682147]]	0.6438070055239985	0.35619299447600167	[[-0.1982443694005391, 0.060194140916789665, 0.6095599197470666], [0.19488587109293648, -0.6011982462585804, 0.12275025990087637], [0.5806945217677775, 0.2223168784790642, 0.16690278096543218]]	0.8271717768088825	0.25816566656474504	[[-0.13824038795843688, 0.15664054868564353, 0.7913431089166201], [0.2875879466466118, -0.8155510701168779, 0.15771116144242578], [0.737911578893387, 0.285635673126078, 0.13824038795843688]]	[[0.11646660633084441, 0.07930231833336572, 0.008172441989377374], [0.03719599551261303, -0.04312359215344186, 0.0], [-0.008172441989377374, 0.0, -0.07619851795740454]]	0.4667624777079985	[[0.0, 0.0, 0.9965999999999999], [0.0, -1.0, 0.0], [0.9965999999999999, 0.0, 0.0]]
2	[[-0.8305561570912853, 0.32773595720904825, 0.4502950280316503], [-0.5100865793185324, -0.772219296347621, -0.37879947194723407], [0.22358030216652452, -0.5443036842615101, 0.808545204538665]]	0.20090841122164796	0.799091588778352	[[-0.1668657179515676, 0.06584491046307589, 0.0904680586628463], [-0.1024806842363715, -0.15514535194389945, -0.076104000080518], [0.04491916328873241, -0.10935518842706951, 0.16244353244474558]]	0.549351642601355	0.6256283284154125	[[-0.42577331124591794, 0.1798410542593425, 0.4384608095804312], [-0.3486631540153839, -0.5956620972328838, -0.06695996505321442], [0.3570650390886724, -0.2630121843890605, 0.2972083362718452]]	[[0.030494077924848664, -0.0002012321729756121, 0.19109049627602093], [-0.06844625379784176, -0.1714421583358557, 0.14113414707752447], [0.2342408328401848, 0.03600193863396939, -0.146967299958919]]	0.6819530753860416	[[-0.7023066292288694, 0.7023066292288693, 0.0], [-0.7071067811865475, -0.7071067811865476, 0.0], [0.0, 0.0, 0.9932115599999999]]
2	[[0.3802729664721569, 0.7767473726770865, -0.5020517802076895], [0.4287143634067757, 0.332951791095048, 0.839849450446521], [0.8195098935212374, -0.5346088512602871, -0.20639019011321075]]	0.13019788365646767	0.8698021163435328	[[0.04951073544644172, 0.10113086405827822, -0.06536607926900323], [0.055817702808692, 0.04334961856020558, 0.10934662103818445], [0.10669845377200221, -0.06960494101810469, -0.02687156596019606]]	0.4339448394393527	0.9401596097862494	[[0.139564592719538, 0.32605752628067, 0.14668257514499342], [0.28963977619292114, -0.25577873103028814, 0.32773824438019505], [0.6391763211876059, 0.0, -0.05356612342477607]]	[[-0.025452898659348515, -0.011007987640627402, 0.36454535429746043], [0.10360139059902354, -0.4002614425580736, -0.03671009054704913], [0.2835542320245714, 0.2319907521230021, 0.035995834485758646]]	1.0000000000000007	[[0.0, 0.0, 0.0], [0.0, 0.0, 0.0], [0.0, 0.0, 0.0]]
2	[[0.5319609947059123, -0.8460851799387872, 0.03402011756955908], [-0.703274286200726, -0.4190807785627857, 0.5742617690636116], [-0.47161719485230363, -0.3294103357928521, -0.8179645788128509]]	0.1615614110957836	0.8384385889042165	[[0.08594436895260388, -0.13669471557814045, 0.005496338200182402], [-0.11362198606596925, -0.06770728194772324, 0.0927785417482781], [-0.07619513949737336, -0.05321999868022911, -0.1321515115793725]]	0.48088538722065477	0.8082155642148913	[[0.22248142350872727, -0.5673149215128488, 0.2415743578575973], [-0.3712383759663387, -0.39472505172812133, 0.014451194805359915], [0.17550930697690956, -0.15840861688223162, -0.37433357044855176]]	[[-0.03333084541671003, -0.16044492213632772, 0.22521458044686765], [-0.033044048524373065, -0.1931952292522226, -0.2617028983768132], [0.4023031243433785, 0.0, 0.019013642766645848]]	0.6457135861458284	[[0.7023066292288694, -0.7023066292288693, 0.0], [-0.7071067811865475, -0.7071067811865476, 0.0], [0.0, 0.0, -0.9932115599999999]]
2	[[-0.5446221603179724, 0.8109226453022452, -0.2139887049042392], [-0.8354447797583356, -0.5021691245819775, 0.22328947644507607], [0.07361197229480154, 0.30038414347728, 0.9509735242804028]]	0.2560560110131404	0.7439439889868595	[[-0.13945377788037905, 0.20764161779631668, -0.054793094179647464], [-0.21392065772667102, -0.1285834228944219, 0.057174612639738775], [0.018848787988616694, 0.07691516555039116, 0.2435024872063478]]	0.6143021005120679	0.5847567651335586	[[-0.3897284225334737, 0.5533173698266951, 0.14512535832279008], [-0.6168526768850984, -0.3874448817470969, 0.13716719440245015], [0.19895255493373826, 0.006285695050606612, 0.5061686900922833]]	[[-0.055165885464723154, 0.05516588546472315, 0.27657906923132125], [-0.10363719381771083, -0.07896133370408172, 0.0], [0.15373256573020555, -0.17824091524800487, -0.07801634340453227]]	0.38213246278728485	[[-0.7023066292288694, 0.7023066292288693, 0.0], [-0.7071067811865475, -0.7071067811865476, 0.0], [0.0, 0.0, 0.9932115599999999]]
2	[[0.22433838825039393, -0.7661379269479729, -0.6022499185961573], [-0.9416906372873723, -0.011392912655017143, -0.3362869982418849], [0.2507808429735371, 0.642575192824231, -0.724020780340167]]	0.15332856985204663	0.8466714301479534	[[0.03439748423334607, -0.11747083264834451, -0.09234211871186031], [-0.1443880786583352, -0.0017468590038430404, -0.05156240450026593], [0.038451867999423114, 0.09852513533814244, -0.11101307079272064]]	0.42935971388484945	0.8687431453002209	[[0.021415331424672314, -0.33327008380241396, 0.12302298119690597], [-0.49168840138799363, -0.13083305047144306, -0.14438808934833056], [0.3076681729201701, 0.034990197762339026, -0.337571335013077]]	[[-0.07490653476790514, -0.004321322691700644, 0.3816048339325259], [-0.08736437879424587, -0.12594139275356983, 0.0], [0.19999298193325094, -0.24090570317817478, -0.026705979919537465]]	0.9499777629384147	[[0.7023066292288694, -0.7023066292288693, 0.0], [-0.7071067811865475, -0.7071067811865476, 0.0], [0.0, 0.0, -0.9932115599999999]]
2	[[0.08740825448676931, -0.06334395238859675, -0.994156597696443], [0.7119981850616444, -0.6940087028176986, 0.10681996481098455], [-0.6967197295301035, -0.717174639895393, -0.015561310176609944]]	0.17305686278770552	0.8269431372122944	[[0.015126598303229662, -0.01096210567694433, -0.17204562191704556], [0.12321617221730836, -0.120102968856996, 0.018485927993282084], [-0.12057213063477848, -0.12411199325119915, -0.0026929915200305174]]	0.47443312025919404	1.0297704339020344	[[0.0664277627311261, -0.016222814757616007, 0.0011047564773707039], [0.6346836352923323, -0.6373536298117393, 0.039474128499003044], [0.011618033277324412, -0.013824865310704617, 0.027913695262416785]]	[[0.024958391818558398, 0.013829654223655813, 0.4727655731487585], [0.29688811473465326, -0.308092915446903, -0.01120480071224965], [0.3421649485044332, 0.32642653686563056, 0.03529649620482698]]	0.7863382760518481	[[0.0, 0.0, -0.9932115599999999], [0.0, -1.0, 0.0], [-0.9932115599999999, 0.0, 0.0]]
2	[[0.8592155572171323, 0.2624339665249735, -0.4391776855101157], [-0.4266000482917053, 0.8413623931712975, -0.33184593135155627], [0.2824199444684594, 0.4724804086637203, 0.8348660002631537]]	0.1803893150481805	0.8196106849518197	[[0.1549933058451392, 0.04734028346681713, -0.07922296187361502], [-0.07695409051086144, 0.15177278581146833, -0.059861460258032774], [0.05094554033861058, 0.08523041729253292, 0.15060090594448441]]	0.0	0.6893390416456376	[[0.7047026181305133, 0.7047026181305132, 0.0], [-0.7071067811865475, 0.7071067811865476, 0.0], [0.0, 0.0, 0.9965999999999999]]	[[0.7047026181305133, 0.7047026181305132, 0.0], [-0.7071067811865475, 0.7071067811865476, 0.0], [0.0, 0.0, 0.9965999999999999]]	0.6893390416456376	[[0.7047026181305133, 0.7047026181305132, 0.0], [-0.7071067811865475, 0.7071067811865476, 0.0], [0.0, 0.0, 0.9965999999999999]]
2	[[-0.3195682178843842, -0.5708200961323295, -0.7563336379995778], [0.910087742671785, 0.03735879733279218, -0.41272826520656647], [0.2638493031197415, -0.8202248094963509, 0.507557688474819]]	0.12506849041195714	0.8749315095880427	[[-0.03996791459443931, -0.07139160772007873, -0.09459350635239089], [0.11382330011838589, 0.004672408386018585, -0.05161930107973117], [0.03299923403743299, -0.10258427872214373, 0.06347947389452807]]	0.38676000574393665	1.0885556752698322	[[-0.20744630145208, -0.3046204793264302, 0.1979755066730956], [0.5467928438076256, -0.08140241227180933, -0.15962678622197665], [0.2810970737951152, -0.0398951908296929, 0.07772107201058917]]	[[-0.08385009566753605, -0.08385009566753604, 0.4904951088501447], [0.19480730322439976, -0.09585130094282661, 0.0], [0.1790507158049903, 0.2773349612024351, -0.11858194249931098]]	0.9999999999999999	[[0.0, 0.0, 0.0], [0.0, 0.0, 0.0], [0.0, 0.0, 0.0]]
