2	[[0.8787972042104137, -0.3840163418041313, 0.28327887866788265], [-0.395223040501579, -0.9183905790867732, -0.018907472103605397], [0.2674214316928388, -0.09534250611366366, -0.9588511794847616]]	0.5794429773179209	0.4205570226820792	[[0.5092128684663473, -0.22251557243372216, 0.1641439568666], [-0.22900921529287618, -0.5321549714867694, -0.010955801929268644], [0.1549554705787195, -0.055245545607453345, -0.5555995822454505]]	0.8118623651482456	0.33839129222010567	[[0.5749934112487124, -0.24843469400906665, 0.23675287430921363], [-0.34853030570272847, -0.8453620064781945, -0.015350265021007548], [0.2103399821481145, -0.07740499251260004, -0.668560047169222]]	[[-0.13846896544721998, 0.06333372150361238, 0.00676941387736355], [-0.027663593280035686, -0.09975525881093986, 0.0], [-0.00676941387736355, 0.0, 0.10989513923246153]]	0.49546016261664955	[[0.6282606698447142, -0.6282606698447141, 0.0], [-0.7071067811865475, -0.7071067811865476, 0.0], [0.0, 0.0, -0.8884947600000002]]
2	[[0.22433838825039393, -0.7661379269479729, -0.6022499185961573], [-0.9416906372873723, -0.011392912655017143, -0.3362869982418849], [0.2507808429735371, 0.642575192824231, -0.724020780340167]]	0.1422292317499317	0.8577707682500683	[[0.03190747661287144, -0.10896720876429546, -0.08565754324339041], [-0.13393593588748653, -0.0016204052143171943, -0.04782984140743391], [0.035668366633726425, 0.0913929760169546, -0.102976919358768]]	0.4061871009083953	0.868910282607507	[[0.019092401803884024, -0.3112815333889505, 0.10898919576895089], [-0.46872027270253336, -0.12538956705695314, -0.1365954408890578], [0.28119122812731556, 0.04025368988049919, -0.32383791142528306]]	[[-0.07203095774200552, -8.618994598551255e-05, 0.35361534422584107], [-0.08621768279019647, -0.12076191289470917, 0.0], [0.17932728455653107, -0.2207520648084283, -0.029750009661476493]]	0.9599240515113628	[[0.6282606698447142, -0.6282606698447141, 0.0], [-0.7071067811865475, -0.7071067811865476, 0.0], [0.0, 0.0, -0.8884947600000002]]
2	[[0.5319609947059123, -0.8460851799387872, 0.03402011756955908], [-0.703274286200726, -0.4190807785627857, 0.5742617690636116], [-0.47161719485230363, -0.3294103357928521, -0.8179645788128509]]	0.1516796041485939	0.8483203958514063	[[0.08068763309948504, -0.12833386516910705, 0.0051601579660393165], [-0.10667236533881104, -0.06356600659868791, 0.08710379780923985], [-0.0715347094248677, -0.04996482933551519, -0.12406854352190454]]	0.46115533164481226	0.816494121252848	[[0.21666237504315997, -0.5146909024957096, 0.22791599931270629], [-0.3843869306696642, -0.3998254171497494, 0.0], [0.1385804130092066, -0.1518077845448182, -0.33560584735924615]]	[[-0.028654273892549303, -0.12451421074127755, 0.21222744071232075], [-0.060068243979499704, -0.20656408172566185, -0.2648238765634664], [0.3560691969107167, 0.00010154810496347091, 0.041602879256903286]]	0.6832792398934574	[[0.6282606698447142, -0.6282606698447141, 0.0], [-0.7071067811865475, -0.7071067811865476, 0.0], [0.0, 0.0, -0.8884947600000002]]
2	[[0.8592155572171323, 0.2624339665249735, -0.4391776855101157], [-0.4266000482917053, 0.8413623931712975, -0.33184593135155627], [0.2824199444684594, 0.4724804086637203, 0.8348660002631537]]	0.16943837227242875	0.8305616277275714	[[0.14558408544601875, 0.04446638411698856, -0.07441355217120661], [-0.07228241779388604, 0.14255907439017984, -0.05622743445343583], [0.047852775688005486, 0.08005631137459271, 0.14145833615018183]]	0.0	0.6885577358756834	[[0.6665188519464398, 0.6665188519464397, 0.0], [-0.7071067811865475, 0.7071067811865476, 0.0], [0.0, 0.0, 0.9426000000000001]]	[[0.6665188519464398, 0.6665188519464397, 0.0], [-0.7071067811865475, 0.7071067811865476, 0.0], [0.0, 0.0, 0.9426000000000001]]	0.6885577358756834	[[0.6665188519464398, 0.6665188519464397, 0.0], [-0.7071067811865475, 0.7071067811865476, 0.0], [0.0, 0.0, 0.9426000000000001]]
2	[[0.08740825448676931, -0.06334395238859675, -0.994156597696443], [0.7119981850616444, -0.6940087028176986, 0.10681996481098455], [-0.6967197295301035, -0.717174639895393, -0.015561310176609944]]	0.15551382970275726	0.8444861702972426	[[0.013593192402870713, -0.009850860624459792, -0.1546050998320372], [0.11072556450034879, -0.10792795122222305, 0.016611981816469976], [-0.10834955336869566, -0.11153057481582841, -0.0024199989407571176]]	0.44867706140090663	1.0250677232062972	[[0.0610471025641486, -0.01507986565275081, -0.0003233220607982111], [0.6351257739547417, -0.6366074416539241, 0.03837453218182109], [0.0085797750791569, -0.012601592898594676, 0.023888898588098534]]	[[0.021829023798842315, 0.01334111276248377, 0.4457319387659652], [0.31566852055850425, -0.325221656287024, -0.009553135728519704], [0.3211819359447582, 0.30917821704092363, 0.030870901509687857]]	0.8195726991109906	[[0.0, 0.0, -0.8884947600000002], [0.0, -1.0, 0.0], [-0.8884947600000002, 0.0, 0.0]]
2	[[-0.5446221603179724, 0.8109226453022452, -0.2139887049042392], [-0.8354447797583356, -0.5021691245819775, 0.22328947644507607], [0.07361197229480154, 0.30038414347728, 0.9509735242804028]]	0.23918159557775373	0.7608184044222462	[[-0.1302635972918558, 0.19395777219352384, -0.05118215987461303], [-0.19982301543970374, -0.12010961246740116, 0.053406733251854556], [0.017606628987096036, 0.07184635872315273, 0.22745536488958648]]	0.5958685688148292	0.5803193719122877	[[-0.35881478671680184, 0.5296675354634321, 0.13668975031370484], [-0.6090629755115577, -0.39092302573422794, 0.13305118076074], [0.1802450733138894, 0.013063425417144045, 0.5009449036706667]]	[[-0.034291559503291345, 0.04646421938764814, 0.2641988936475327], [-0.11124769027313837, -0.09169622816656933, 0.0], [0.13638201273494915, -0.16592604425133106, -0.06571032922309092]]	0.41753270210723725	[[-0.6282606698447142, 0.6282606698447141, 0.0], [-0.7071067811865475, -0.7071067811865476, 0.0], [0.0, 0.0, 0.8884947600000002]]
2	[[-0.3195682178843842, -0.5708200961323295, -0.7563336379995778], [0.910087742671785, 0.03735879733279218, -0.41272826520656647], [0.2638493031197415, -0.8202248094963509, 0.507557688474819]]	0.1164272369210076	0.8835727630789922	[[-0.03720644461604937, -0.06645900657167109, -0.08805783566270442], [0.10595900123495296, 0.004349581548148927, -0.04805281151720138], [0.03071924532576488, -0.09549650822371998, 0.05909353924713671]]	0.36586157758604876	1.0895514013304708	[[-0.04597692825213061, -0.27978194497820646, 0.18638980018064172], [0.5394977736629016, -0.23632490988044697, -0.15100141422282756], [0.2477090406280283, -0.0456456619838185, 0.08537040935242599]]	[[0.0709408040894123, -0.07094080408941228, 0.46310321816056277], [0.20653163638727645, -0.24999305840933989, 0.0], [0.15117671834366012, 0.25444308079373273, -0.1003254472688996]]	0.9699087846066441	[[1.7740882447973282e-16, -0.8884947600000002, 0.0], [1.0, 1.7938038903913487e-16, 0.0], [0.0, 0.0, 0.8884947600000002]]
2	[[-0.30792515101507295, 0.09349718223056193, 0.9468053539599837], [0.3027085282091916, -0.9338174967034747, 0.1906631317268273], [0.9019698710720718, 0.34531602882779927, 0.2592434992682147]]	0.5622776837050056	0.4377223162949943	[[-0.1731394406672693, 0.05257137905754518, 0.5323675213441177], [0.17020625007921564, -0.5250647390496367, 0.10720562407530285], [0.5071575298781072, 0.19416349683550593, 0.1457668342841121]]	0.7845967472354493	0.3089789262747808	[[-0.09891008773646605, 0.13291319456352527, 0.7538565241259241], [0.3049357691052155, -0.8117277405943242, 0.1495936729705927], [0.6966865038037123, 0.27093383298655394, 0.09891008773646605]]	[[0.14268698414194464, 0.05955560950974634, 0.010996123143812635], [0.06743164251185357, -0.07905757016922799, 0.0], [-0.010996123143812635, 0.0, -0.10449151853131079]]	0.4769632976410266	[[0.0, 0.0, 0.9426000000000001], [0.0, -1.0, 0.0], [0.9426000000000001, 0.0, 0.0]]
2	[[-0.8305561570912853, 0.32773595720904825, 0.4502950280316503], [-0.5100865793185324, -0.772219296347621, -0.37879947194723407], [0.22358030216652452, -0.5443036842615101, 0.808545204538665]]	0.18763138118179087	0.812368618818209	[[-0.15583839890407833, 0.061493550314070014, 0.08448947804887182], [-0.09570824939983137, -0.1448925731489348, -0.07107466811239257], [0.04195068090054714, -0.10212845206032455, 0.15170845347550332]]	0.5236470495299588	0.6559165122437604	[[-0.3842665383182536, 0.1521798120903824, 0.407559218353284], [-0.3530748372936465, -0.6027190803738263, -0.05966034527351243], [0.3256701355173998, -0.25070563854799205, 0.26817357544142684]]	[[0.05065174281153892, -0.019438154927012535, 0.17176355550650024], [-0.08596950502866782, -0.19834872425129366, 0.13869688057516308], [0.20859296995488258, 0.03431737976383398, -0.15521873532684216]]	0.6821944610627559	[[-0.6282606698447142, 0.6282606698447141, 0.0], [-0.7071067811865475, -0.7071067811865476, 0.0], [0.0, 0.0, 0.8884947600000002]]
2	[[0.034229894132735264, 0.2773841392786001, 0.9601491309293217], [-0.1827544195208179, -0.9427759796974285, 0.2788803941677556], [0.9825625356654255, -0.18501754344446375, 0.018422055382213542]]	0.7894629834712847	0.21053701652871523	[[0.02702323434593541, 0.21898451016249804, 0.7580021974808235], [-0.1442778492774677, -0.7442867376769955, 0.22016574801132424], [0.7756967508535375, -0.14606450184219436, 0.014543530803715544]]	0.885060782784111	0.17047797710333454	[[0.0, 0.2193036964503655, 0.8187730445783143], [-0.1843024620986514, -0.8214207024667194, 0.24682609996525523], [0.841783405172101, -0.16375177182975037, 0.0]]	[[-0.030295536895735917, -0.026198126991449223, -0.031017296831475114], [-0.02255369250030045, 0.012993344114344134, 0.0], [-0.027844161778281685, 0.0, -0.016304638757074164]]	0.36342290723644627	[[0.0, 0.0, 0.9426000000000001], [0.0, -1.0, 0.0], [0.9426000000000001, 0.0, 0.0]]
2	[[0.8489524140446696, -0.5135124485683378, 0.12483895166604869], [0.522794976890395, 0.7815435453534784, -0.34040431673891397], [0.0772347773085365, 0.35425224329800037, 0.9319550081910795]]	0.2128952072642214	0.7871047927357784	[[0.1807379001455011, -0.10932433917071414, 0.026577614489591617], [0.11130054496177451, 0.1663868750740433, -0.07247044756576677], [0.016442913923106872, 0.07541860476074318, 0.19840875462976904]]	0.0	0.4461358361913752	[[0.6665188519464398, -0.6665188519464397, 0.0], [0.7071067811865475, 0.7071067811865476, 0.0], [0.0, 0.0, 0.9426000000000001]]	[[0.6665188519464398, -0.6665188519464397, 0.0], [0.7071067811865475, 0.7071067811865476, 0.0], [0.0, 0.0, 0.9426000000000001]]	0.4461358361913752	[[0.6665188519464398, -0.6665188519464397, 0.0], [0.7071067811865475, 0.7071067811865476, 0.0], [0.0, 0.0, 0.9426000000000001]]
2	[[-0.42203838922340475, -0.825029846081567, 0.3757783270710803], [0.2588054115689476, 0.28760896992378115, 0.9221175843470338], [-0.8688517462515349, 0.4864224845687207, 0.09214016247897017]]	0.1072272716418114	0.8927727283581889	[[-0.045254025004530546, -0.08846569941839, 0.040293684753956185], [0.02775099816867435, 0.030839525144638842, 0.09887615270247033], [-0.09316460221177558, 0.05215775588553503, 0.009879938231253174]]	0.342483148958259	1.1343928680498174	[[-0.22994638726452415, -0.455720852837576, 0.2895157583424018], [0.18476013264784769, 0.013624346014913271, 0.024792391464699373], [0.16585178940958223, 0.1665915042391956, -0.08922495232727402]]	[[-0.08540535074202114, -0.17316203316701326, 0.16081801357683168], [0.09612364032627624, -0.08487687967322455, -0.29101734253225575], [0.46341887144369004, 0.0, -0.12078140531859738]]	1.0000000000000002	[[0.0, 0.0, 0.0], [0.0, 0.0, 0.0], [0.0, 0.0, 0.0]]
2	[[0.3802729664721569, 0.7767473726770865, -0.5020517802076895], [0.4287143634067757, 0.332951791095048, 0.839849450446521], [0.8195098935212374, -0.5346088512602871, -0.20639019011321075]]	0.1251900826218263	0.874809917378174	[[0.047606404091496315, 0.09724106776173094, -0.0628519038446356], [0.053670786576057936, 0.04168226223627408, 0.10514082209129538], [0.10259451127932775, -0.06692772625963499, -0.025838004952607296]]	0.4127442717972067	0.9535105623549819	[[0.14575978500193446, 0.313088869336768, 0.12136665740241975], [0.27699917508078287, -0.27538064219670016, 0.3280386654311762], [0.5822815612680872, 0.0, -0.07242911772006039]]	[[-0.011195703628779564, -0.007509159369229575, 0.3285856538287338], [0.10004977734745019, -0.4128045867558014, -0.01860438441265733], [0.24403354703605776, 0.22065674100976843, 0.01275725100430386]]	1.0000000000000007	[[0.0, 0.0, 0.0], [0.0, 0.0, 0.0], [0.0, 0.0, 0.0]]
2	[[0.04673222253661188, -0.9725397674033924, -0.22799671093185395], [-0.8377629715199755, -0.16246744520517667, 0.5213036857710898], [-0.5440306084466285, 0.16664552219444034, -0.8223502702654952]]	0.1774217923164468	0.8225782076835529	[[0.008291314681376713, -0.17254974863173023, -0.04045158509578438], [-0.14863740794342645, -0.028825265321376557, 0.09249063427067654], [-0.09652288562560797, 0.02956654722924782, -0.14590285886241863]]	0.4662679308648781	0.8776368745861499	[[-0.05947389071032156, -0.5655204809724278, 0.10221955247644232], [-0.30453012770528265, -0.1917066063331428, 0.0], [0.07228013872594652, 0.0722801387259465, -0.49835968298388233]]	[[-0.0812636274171846, -0.1120563759414382, 0.2085271071266356], [0.08609187958054801, -0.1159532468244221, -0.24306719091672063], [0.32594416485351674, -0.0054213240955523255, -0.11492412402101655]]	0.8836782767817414	[[0.6282606698447142, -0.6282606698447141, 0.0], [-0.7071067811865475, -0.7071067811865476, 0.0], [0.0, 0.0, -0.8884947600000002]]
