2	[[0.3802729664721569, 0.7767473726770865, -0.5020517802076895], [0.4287143634067757, 0.332951791095048, 0.839849450446521], [0.8195098935212374, -0.5346088512602871, -0.20639019011321075]]	0.1286089228838295	0.8713910771161708	[[0.048906496619822694, 0.09989664295284459, -0.06456833868442007], [0.05513649250257206, 0.042820571224975956, 0.10801213320650321], [0.10539628469840813, -0.06875546852474695, -0.02654362004424883]]	0.42695776358810966	0.9446758724085768	[[0.14271060349322376, 0.3218589777077198, 0.1378762116433641], [0.2854738104382949, -0.2630456991645552, 0.3278372542136083], [0.619770734494609, 0.0, -0.060330750479543296]]	[[-0.019649891824744546, -0.0097793434034289, 0.3522311169262684], [0.10243088462003788, -0.4052020512731524, -0.030742988899741225], [0.26987462311845156, 0.22825539952850057, 0.027789143517717954]]	1.0000000000000007	[[0.0, 0.0, 0.0], [0.0, 0.0, 0.0], [0.0, 0.0, 0.0]]
2	[[0.8787972042104137, -0.3840163418041313, 0.28327887866788265], [-0.395223040501579, -0.9183905790867732, -0.018907472103605397], [0.2674214316928388, -0.09534250611366366, -0.9588511794847616]]	0.6325334328590934	0.36746656714090664	[[0.5558686123661867, -0.24290317495535813, 0.1791833615802704], [-0.24999178655347223, -0.5809127456952073, -0.011959608236381066], [0.16915299620876484, -0.06030732268946477, -0.6065054281604869]]	0.8395349681341973	0.2961946117369697	[[0.612458000806344, -0.2668261113173967, 0.24459658829461098], [-0.345995270367339, -0.8494301417424247, -0.015873483989998587], [0.2177355792155698, -0.08004336783196912, -0.7160227075585163]]	[[-0.12532298202686742, 0.05556903596214571, 0.006774063919078983], [-0.014191707653945347, -0.0784091361940635, 0.0], [-0.006774063919078983, 0.0, 0.0889663868556606]]	0.47677230111219604	[[0.676889675979119, -0.6768896759791189, 0.0], [-0.7071067811865475, -0.7071067811865476, 0.0], [0.0, 0.0, -0.9572665599999999]]
2	[[0.034229894132735264, 0.2773841392786001, 0.9601491309293217], [-0.1827544195208179, -0.9427759796974285, 0.2788803941677556], [0.9825625356654255, -0.18501754344446375, 0.018422055382213542]]	0.8244166274470394	0.17558337255296055	[[0.02821969387877881, 0.22868009661136335, 0.7915629083669573], [-0.1506657821923941, -0.7772401936202326, 0.22991363402088208], [0.8100408919091017, -0.15253153918502088, 0.015187448768847063]]	0.9154286530176028	0.1274053305726809	[[0.0, 0.2443854655946202, 0.864254191587778], [-0.17693124115814857, -0.820965985992022, 0.25529510358600666], [0.8953264654676794, -0.16937036057999125, 0.0]]	[[-0.03133502587886498, -0.00953992339363582, -0.01469383403487283], [-0.009632609063192327, 0.04207815919974603, 0.0], [-0.004139433062081446, 0.0, -0.016864077344355424]]	0.3475311741769961	[[0.0, 0.0, 0.9783999999999999], [0.0, -1.0, 0.0], [0.9783999999999999, 0.0, 0.0]]
2	[[-0.42203838922340475, -0.825029846081567, 0.3757783270710803], [0.2588054115689476, 0.28760896992378115, 0.9221175843470338], [-0.8688517462515349, 0.4864224845687207, 0.09214016247897017]]	0.11037081281934	0.8896291871806602	[[-0.04658072005955216, -0.09105921471223752, 0.04147495939872692], [0.02856456363690858, 0.03174363578462082, 0.10177486729938844], [-0.09589587345328492, 0.05368684499545257, 0.010169584626110003]]	0.3535515558023061	1.148479658279947	[[-0.23692380681244368, -0.4821132573410756, 0.309551530676927], [0.1831280711631562, 0.00872925642408879, 0.03546574057620829], [0.1875968304147609, 0.17197542619649447, -0.09146646353461954]]	[[-0.08771147769420977, -0.19042267167560048, 0.17669451850415868], [0.0916270152528986, -0.09295534235516273, -0.29055036600234974], [0.49478071706354154, 0.0, -0.12404276133093667]]	1.0000000000000002	[[0.0, 0.0, 0.0], [0.0, 0.0, 0.0], [0.0, 0.0, 0.0]]
2	[[0.5319609947059123, -0.8460851799387872, 0.03402011756955908], [-0.703274286200726, -0.4190807785627857, 0.5742617690636116], [-0.47161719485230363, -0.3294103357928521, -0.8179645788128509]]	0.15817638184257465	0.8418236181574252	[[0.08414366542395824, -0.13383069249334112, 0.005381179107011885], [-0.11124138203415025, -0.06628868125283066, 0.09083464886099825], [-0.07459870149648189, -0.052104935057260916, -0.12938267755200228]]	0.47442598622701126	0.8068477997218465	[[0.22066153393443508, -0.5493666070139986, 0.23700628699898793], [-0.3755912612030118, -0.3964184255440966, 0.009677331744279634], [0.16265375443540878, -0.15628082343189484, -0.36105282523553134]]	[[-0.031714585613219305, -0.14796181108948114, 0.22086625916949099], [-0.04193966438413498, -0.1975956138656632, -0.26276737439619247], [0.38640120722482946, 0.0, 0.027010826766517324]]	0.658153466470974	[[0.676889675979119, -0.6768896759791189, 0.0], [-0.7071067811865475, -0.7071067811865476, 0.0], [0.0, 0.0, -0.9572665599999999]]
2	[[-0.3195682178843842, -0.5708200961323295, -0.7563336379995778], [0.910087742671785, 0.03735879733279218, -0.41272826520656647], [0.2638493031197415, -0.8202248094963509, 0.507557688474819]]	0.12217882577374027	0.8778211742262596	[[-0.03904446961572086, -0.06974212907350157, -0.0924079557839696], [0.11119345175071259, 0.004564453990439726, -0.05042665480657116], [0.032236798036389666, -0.10021410409475397, 0.06201280239028725]]	0.3798472702739162	1.082898919167628	[[-0.20075258940460444, -0.2961899295082809, 0.19412047248667302], [0.5443797967705599, -0.0798262177325268, -0.15677370490360323], [0.2695871030200173, -0.04199974155848976, 0.08055467251135373]]	[[-0.07936547417492107, -0.07936547417492106, 0.48141174029715295], [0.19868545200693216, -0.09401685492010442, 0.0], [0.1693646654663085, 0.2695604133396421, -0.112239729962345]]	0.9907407041203302	[[1.9114072785680534e-16, -0.9572665599999999, 0.0], [1.0, 1.7938038903913487e-16, 0.0], [0.0, 0.0, 0.9572665599999999]]
2	[[-0.5446221603179724, 0.8109226453022452, -0.2139887049042392], [-0.8354447797583356, -0.5021691245819775, 0.22328947644507607], [0.07361197229480154, 0.30038414347728, 0.9509735242804028]]	0.2503979265324047	0.7496020734675952	[[-0.13637225968721914, 0.2030533489618549, -0.05358232800937612], [-0.20919364058380868, -0.12574210756391996, 0.05591122191835327], [0.018432285230579118, 0.07521556668992327, 0.23812179866702626]]	0.6083066100484945	0.5842614281759806	[[-0.2585931793120997, 0.5454478901620763, 0.14227894956232462], [-0.6143190831567654, -0.5145564886215196, 0.1358284644758074], [0.19254729536338908, 0.00866552474784795, 0.5047205270653985]]	[[0.07270408078821372, 0.05215828478670961, 0.27244969323129004], [-0.10611250129926131, -0.2090836907760369, 0.0], [0.14776864603775464, -0.17406013528313682, -0.07376295373548301]]	0.392647264668157	[[-0.676889675979119, 0.6768896759791189, 0.0], [-0.7071067811865475, -0.7071067811865476, 0.0], [0.0, 0.0, 0.9572665599999999]]
2	[[0.22433838825039393, -0.7661379269479729, -0.6022499185961573], [-0.9416906372873723, -0.011392912655017143, -0.3362869982418849], [0.2507808429735371, 0.642575192824231, -0.724020780340167]]	0.14963570547869082	0.8503642945213091	[[0.033569032991800134, -0.11464158919284158, -0.09011809144362017], [-0.14091054285317398, -0.0017047865225906095, -0.0503205422252357], [0.03752576835888599, 0.0961521923013596, -0.10833936024743314]]	0.4216950781235315	0.8686040414668655	[[0.020617111969685718, -0.3258946352896145, 0.11819182271326509], [-0.48409140140046486, -0.1290325492639514, -0.1418105719955395], [0.29865784449877536, 0.03691426720413599, -0.333143664495681]]	[[-0.07398528218967129, -0.0028180423318885095, 0.3721576491855621], [-0.08698509454136824, -0.12422821407183943, 0.0], [0.1929047973291646, -0.2340565289341214, -0.02782766496707395]]	0.9526445491706478	[[0.676889675979119, -0.6768896759791189, 0.0], [-0.7071067811865475, -0.7071067811865476, 0.0], [0.0, 0.0, -0.9572665599999999]]
2	[[0.8592155572171323, 0.2624339665249735, -0.4391776855101157], [-0.4266000482917053, 0.8413623931712975, -0.33184593135155627], [0.2824199444684594, 0.4724804086637203, 0.8348660002631537]]	0.17677361285488855	0.8232263871451115	[[0.1518866382703987, 0.04639140039845843, -0.07763502615287111], [-0.07541163178059464, 0.1487306699611254, -0.058661604196209936], [0.049924393925966606, 0.08352206884264002, 0.147582279116228]]	0.0	0.6886736948882952	[[0.6918332747129179, 0.6918332747129179, 0.0], [-0.7071067811865474, 0.7071067811865474, 0.0], [0.0, 0.0, 0.9783999999999996]]	[[0.691833274712918, 0.6918332747129179, 0.0], [-0.7071067811865474, 0.7071067811865475, 0.0], [0.0, 0.0, 0.9783999999999996]]	0.6886736948882954	[[0.6918332747129181, 0.691833274712918, 0.0], [-0.7071067811865475, 0.7071067811865476, 0.0], [0.0, 0.0, 0.9783999999999999]]
2	[[-0.30792515101507295, 0.09349718223056193, 0.9468053539599837], [0.3027085282091916, -0.9338174967034747, 0.1906631317268273], [0.9019698710720718, 0.34531602882779927, 0.2592434992682147]]	0.6150300422337056	0.3849699577662945	[[-0.18938321863362048, 0.057503575935994956, 0.5823137368331073], [0.186174838889002, -0.5743258144361113, 0.11726355395836117], [0.5547385678989865, 0.2123797317939369, 0.15944254030374372]]	0.8129888491754211	0.2748438158786651	[[-0.12461152988478917, 0.14838301770686713, 0.7789284523986477], [0.2932705398990843, -0.814317363248835, 0.1550070000427751], [0.7241051901841934, 0.2807380808785391, 0.12461152988478917]]	[[0.12572818427112273, 0.07237085112409795, 0.009186257289593281], [0.047171881914708065, -0.055134151264004276, 0.0], [-0.009186257289593281, 0.0, -0.0861505442414859]]	0.4697111277243552	[[0.0, 0.0, 0.9783999999999999], [0.0, -1.0, 0.0], [0.9783999999999999, 0.0, 0.0]]
2	[[-0.8305561570912853, 0.32773595720904825, 0.4502950280316503], [-0.5100865793185324, -0.772219296347621, -0.37879947194723407], [0.22358030216652452, -0.5443036842615101, 0.808545204538665]]	0.19646088687641647	0.8035391131235834	[[-0.1631717992228222, 0.06438729681458091, 0.08846536056313883], [-0.10021206175667642, -0.15171088782353587, -0.07441928020707185], [0.04392478445173259, -0.10693438454011724, 0.1588475079633397]]	0.5408716942216244	0.6357864277357607	[[-0.4114348247594072, 0.17020947861017255, 0.42801036350836336], [-0.3501346633733988, -0.5980799009948384, -0.06455524228813668], [0.34634580749005334, -0.25895225341971256, 0.28722006032062697]]	[[0.037789491072757905, -0.007053623822831215, 0.18445852879731078], [-0.07424327101767116, -0.18040834186866997, 0.14032666987422054], [0.22541755066266247, 0.03544620245788257, -0.15009915431297066]]	0.6804904226528898	[[-0.676889675979119, 0.6768896759791189, 0.0], [-0.7071067811865475, -0.7071067811865476, 0.0], [0.0, 0.0, 0.9572665599999999]]
2	[[0.08740825448676931, -0.06334395238859675, -0.994156597696443], [0.7119981850616444, -0.6940087028176986, 0.10681996481098455], [-0.6967197295301035, -0.717174639895393, -0.015561310176609944]]	0.16705291984456985	0.8329470801554301	[[0.014601804130532053, -0.0105817922010105, -0.1660767624279342], [0.11894137573858207, -0.11593618020323886, 0.017844587019369168], [-0.11638906513132276, -0.11980611763300333, -0.002599562301609723]]	0.46591206065276697	1.0281320537706684	[[0.0646022019148201, -0.015837969352830474, 0.0005972612138451378], [0.6348299111615335, -0.6371067630917441, 0.03911034125137842], [0.010551213392837076, -0.013408055480397564, 0.026517882990679975]]	[[0.023877641948827945, 0.013674742034431375, 0.4637868102581388], [0.30310136957843276, -0.31375973825099623, -0.010658368672563433], [0.33516133827564604, 0.32073225884117107, 0.03376808508152122]]	0.7973880256069883	[[0.0, 0.0, -0.9572665599999999], [0.0, -1.0, 0.0], [-0.9572665599999999, 0.0, 0.0]]
2	[[0.04673222253661188, -0.9725397674033924, -0.22799671093185395], [-0.8377629715199755, -0.16246744520517667, 0.5213036857710898], [-0.5440306084466285, 0.16664552219444034, -0.8223502702654952]]	0.18335620762439245	0.8166437923756074	[[0.00856864309817236, -0.1783212035149948, -0.04180461226729964], [-0.15360904134604464, -0.029789414615244987, 0.09558426684360498], [-0.09975138919636464, 0.03055549096715911, -0.15078302689477535]]	0.4807864518273127	0.8956631085152765	[[-0.07395560513965488, -0.5975521092170717, 0.11633628064268388], [-0.30193827654538563, -0.20256923838515245, 0.0031633864242220037], [0.08440343655215143, 0.08012090932877466, -0.5317387490840216]]	[[-0.0964238245990369, -0.12996816518623466, 0.2259540103199074], [0.10084681000400934, -0.1244570918675072, -0.2474723629821606], [0.34596598247266, 0.0, -0.13636388048384246]]	0.8717976574562819	[[0.676889675979119, -0.6768896759791189, 0.0], [-0.7071067811865475, -0.7071067811865476, 0.0], [0.0, 0.0, -0.9572665599999999]]
2	[[0.8489524140446696, -0.5135124485683378, 0.12483895166604869], [0.522794976890395, 0.7815435453534784, -0.34040431673891397], [0.0772347773085365, 0.35425224329800037, 0.9319550081910795]]	0.22004869888152795	0.7799513011184722	[[0.1868108741228617, -0.11299774616693026, 0.027470648883847926], [0.11504035444652988, 0.17197764027428933, -0.07490552699205354], [0.01699541225514803, 0.07795274521358746, 0.20507548696857075]]	0.0	0.43380874141579884	[[0.6918332747129181, -0.691833274712918, 0.0], [0.7071067811865475, 0.7071067811865476, 0.0], [0.0, 0.0, 0.9783999999999999]]	[[0.6918332747129181, -0.691833274712918, 0.0], [0.7071067811865475, 0.7071067811865476, 0.0], [0.0, 0.0, 0.9783999999999999]]	0.43380874141579884	[[0.6918332747129181, -0.691833274712918, 0.0], [0.7071067811865475, 0.7071067811865476, 0.0], [0.0, 0.0, 0.9783999999999999]]
