2	[[-0.30792515101507295, 0.09349718223056193, 0.9468053539599837], [0.3027085282091916, -0.9338174967034747, 0.1906631317268273], [0.9019698710720718, 0.34531602882779927, 0.2592434992682147]]	0.6357606877468931	0.36423931225310713	[[-0.1957667057839087, 0.05944183287729864, 0.6019416229960397], [0.19245018208112546, -0.593684453934283, 0.1212161237546242], [0.5734369855597569, 0.2195383559775876, 0.16481682538867137]]	0.8232916524790758	0.26268658210378704	[[-0.1344589111543964, 0.15434532175730625, 0.7879542311306703], [0.2891328344063825, -0.8152175904628373, 0.15697136478621534], [0.7341269789483457, 0.284295804001151, 0.1344589111543964]]	[[0.11905329526467189, 0.07736987209656966, 0.008457286692919157], [0.039915429997528215, -0.04641344048795975, 0.0], [-0.008457286692919157, 0.0, -0.07897409775259014]]	0.46752088564018707	[[0.0, 0.0, 0.9916], [0.0, -1.0, 0.0], [0.9916, 0.0, 0.0]]
2	[[0.22433838825039393, -0.7661379269479729, -0.6022499185961573], [-0.9416906372873723, -0.011392912655017143, -0.3362869982418849], [0.2507808429735371, 0.642575192824231, -0.724020780340167]]	0.15231922988948066	0.8476807701105192	[[0.03417105053294729, -0.11669753902183846, -0.09173424380156904], [-0.14343759266574682, -0.001735359681810364, -0.05122297659404905], [0.03819874487276392, 0.09787655851707142, -0.11028228768539511]]	0.4272687546707716	0.8686848933904256	[[0.02119448997701193, -0.33124744788782057, 0.12168548424557171], [-0.4896158936240314, -0.13034186280029975, -0.14368492695078208], [0.30518402925672, 0.03553398326979962, -0.33637528507075487]]	[[-0.07465829379558195, -0.0039006499347136736, 0.3790080569647254], [-0.08726090774513057, -0.1254740271981177, 0.0], [0.19803321078413044, -0.23901831915054048, -0.027023827899051472]]	0.9506343016581826	[[0.6952772807170942, -0.695277280717094, 0.0], [-0.7071067811865475, -0.7071067811865476, 0.0], [0.0, 0.0, -0.9832705600000001]]
2	[[-0.3195682178843842, -0.5708200961323295, -0.7563336379995778], [0.910087742671785, 0.03735879733279218, -0.41272826520656647], [0.2638493031197415, -0.8202248094963509, 0.507557688474819]]	0.12427704728328963	0.8757229527167101	[[-0.0397149945242542, -0.07093983607728943, -0.09399491129161602], [0.11310301742796383, 0.004642841022574253, -0.05129265013022656], [0.032790412319475104, -0.10193511743270522, 0.06307777084958227]]	0.38487413859258524	1.1041251424691552	[[-0.04038902726659066, -0.3022984081034961, 0.19692146693364265], [0.5461345391232351, -0.24899231939919214, -0.15884843554418931], [0.2779089670522298, -0.040490215411791985, 0.07852540226856491]]	[[0.08260451531322922, -0.08260451531322921, 0.4880147243473263], [0.19586530311876127, -0.2633707543415055, 0.0], [0.17636019379576534, 0.2751931015953834, -0.11682042586922478]]	0.9996900757194543	[[1.9633303655626353e-16, -0.9832705600000001, 0.0], [1.0, 1.7938038903913487e-16, 0.0], [0.0, 0.0, 0.9832705600000001]]
2	[[-0.8305561570912853, 0.32773595720904825, 0.4502950280316503], [-0.5100865793185324, -0.772219296347621, -0.37879947194723407], [0.22358030216652452, -0.5443036842615101, 0.808545204538665]]	0.1996894556097778	0.8003105443902222	[[-0.1658533068629079, 0.0654454148788243, 0.08991916901142982], [-0.10185891133797148, -0.15420405089902214, -0.07564226033841447], [0.04464662882470291, -0.10869170639657733, 0.1614579517302224]]	0.5470403581643826	0.6284122607397181	[[-0.4217983433020701, 0.1771636497491645, 0.4355860955490018], [-0.34906580175518087, -0.5963297952624763, -0.06630486670513835], [0.3541061493743286, -0.26190561453221256, 0.29444364087525277]]	[[0.032549394348779806, -0.0021211456658200498, 0.18925654213492715], [-0.07002785670992619, -0.1738946748070262, 0.14091373210135558], [0.23179870079865214, 0.03585046785639694, -0.14786321740767247]]	0.6813829452687379	[[-0.6952772807170942, 0.695277280717094, 0.0], [-0.7071067811865475, -0.7071067811865476, 0.0], [0.0, 0.0, 0.9832705600000001]]
2	[[0.04673222253661188, -0.9725397674033924, -0.22799671093185395], [-0.8377629715199755, -0.16246744520517667, 0.5213036857710898], [-0.5440306084466285, 0.16664552219444034, -0.8223502702654952]]	0.18547060334714904	0.8145293966528508	[[0.008667453509618651, -0.18037753743940324, -0.042286687537696536], [-0.15538040378971033, -0.030132935086473994, 0.09668650912705662], [-0.10090168518791273, 0.030907845546503568, -0.1525218007888325]]	0.4856514507051897	0.9010650908903282	[[-0.07959800395372013, -0.6076676740774566, 0.12080520922567288], [-0.3028056952552559, -0.20533706438027638, 0.006458636235384647], [0.0899127256850121, 0.08093163960725383, -0.5440405637323561]]	[[-0.10229357562330342, -0.1353523251695113, 0.23153214264573954], [0.1040551072105106, -0.12643451392401642, -0.24671325501730748], [0.3541219799051443, 0.0, -0.14466496199011353]]	0.8680270633784439	[[0.6952772807170942, -0.695277280717094, 0.0], [-0.7071067811865475, -0.7071067811865476, 0.0], [0.0, 0.0, -0.9832705600000001]]
2	[[0.3802729664721569, 0.7767473726770865, -0.5020517802076895], [0.4287143634067757, 0.332951791095048, 0.839849450446521], [0.8195098935212374, -0.5346088512602871, -0.20639019011321075]]	0.12977121972186412	0.8702287802781364	[[0.049348486686343354, 0.10079945396805885, -0.06515187188108507], [0.05563478585157977, 0.04320756003898367, 0.1089882875671823], [0.10634879845638595, -0.06937684270215211, -0.026783506709618765]]	0.43204118930584584	0.9413329053109394	[[0.14046164867903538, 0.3249214004863156, 0.14423555724053716], [0.2885047461125524, -0.25775863867026694, 0.3277652199113913], [0.6338217557175247, 0.0, -0.05546561606548939]]	[[-0.02383193601645739, -0.01066545819528398, 0.3611426054545844], [0.10328248267379045, -0.401607526476483, -0.035084335497384725], [0.2797597266727023, 0.23097304391192655, 0.03370344713208187]]	1.0000000000000007	[[0.0, 0.0, 0.0], [0.0, 0.0, 0.0], [0.0, 0.0, 0.0]]
2	[[0.08740825448676931, -0.06334395238859675, -0.994156597696443], [0.7119981850616444, -0.6940087028176986, 0.10681996481098455], [-0.6967197295301035, -0.717174639895393, -0.015561310176609944]]	0.1713982683755044	0.8286017316244958	[[0.014981623460757675, -0.01085704375146589, -0.1703967193392532], [0.12203525600606774, -0.11895188990048361, 0.018308756996535062], [-0.11941655518450948, -0.12292249140089628, -0.0026671816179250143]]	0.4721083354640127	1.0293149072780265	[[0.0659250108252758, -0.0161171253262024, 0.0009626833298113785], [0.6347235434648282, -0.6372862776250876, 0.03937487710293013], [0.011320614731263416, -0.013709898991413633, 0.027526249201709346]]	[[0.024658845293712275, 0.013788082597689722, 0.47031229985884526], [0.29858326546197717, -0.3096389841402854, -0.011055718678308186], [0.34024780652465775, 0.3248742264866031, 0.034872873446827865]]	0.7893573903469319	[[0.0, 0.0, -0.9832705600000001], [0.0, -1.0, 0.0], [-0.9832705600000001, 0.0, 0.0]]
2	[[0.8787972042104137, -0.3840163418041313, 0.28327887866788265], [-0.395223040501579, -0.9183905790867732, -0.018907472103605397], [0.2674214316928388, -0.09534250611366366, -0.9588511794847616]]	0.653880365963321	0.3461196340366791	[[0.5746282374966487, -0.2511007461147811, 0.18523049685303433], [-0.25842858636030885, -0.6005175679505254, -0.01236322477854678], [0.17486162362174867, -0.06234259278946256, -0.626973960145858]]	0.8493100739368609	0.2803635703531633	[[0.6265300380593464, -0.27391734412849805, 0.24735805926861856], [-0.3448725597871525, -0.8504975400922521, -0.016058306530272234], [0.22035726204089798, -0.08097535091672128, -0.7334500256266825]]	[[-0.11984128042410674, 0.05223160352213146, 0.006766453882448096], [-0.009205650037205564, -0.0704991694651485, 0.0], [-0.006766453882448096, 0.0, 0.08091194051596667]]	0.47132551358361324	[[0.6952772807170942, -0.695277280717094, 0.0], [-0.7071067811865475, -0.7071067811865476, 0.0], [0.0, 0.0, -0.9832705600000001]]
2	[[-0.5446221603179724, 0.8109226453022452, -0.2139887049042392], [-0.8354447797583356, -0.5021691245819775, 0.22328947644507607], [0.07361197229480154, 0.30038414347728, 0.9509735242804028]]	0.25450471772152533	0.7454952822784746	[[-0.1386089091766129, 0.20638363893664047, -0.05446113493724818], [-0.2126246378443171, -0.1278044113002017, 0.05682822517284127], [0.018734594229813196, 0.0764491816437073, 0.24202724835762798]]	0.6126762348709145	0.5841699430802634	[[-0.38800914509786966, 0.5511651235823324, 0.1443429308390953], [-0.616165613330154, -0.38654327047757764, 0.13680415571466698], [0.1971826865887567, 0.006949043836573543, 0.5058016990792567]]	[[-0.05433209048699082, 0.054332090486990815, 0.27544872486472777], [-0.10430845122525642, -0.07887618196026865, 0.0], [0.15208238056175563, -0.17708918220401093, -0.07683717923878464]]	0.3848518885381161	[[-0.6952772807170942, 0.695277280717094, 0.0], [-0.7071067811865475, -0.7071067811865476, 0.0], [0.0, 0.0, 0.9832705600000001]]
2	[[-0.42203838922340475, -0.825029846081567, 0.3757783270710803], [0.2588054115689476, 0.28760896992378115, 0.9221175843470338], [-0.8688517462515349, 0.4864224845687207, 0.09214016247897017]]	0.1114865993448293	0.8885134006551708	[[-0.04705162480748683, -0.09197977189762185, 0.04189424779264374], [0.02885333522786092, 0.03206454599787167, 0.10280375367491959], [-0.09686532652440014, 0.05422958864942938, 0.010272393377860421]]	0.35749915016884165	1.154238248061802	[[-0.23939560131134402, -0.49195609120924955, 0.3170909368400382], [0.1825459894947115, 0.006983401906388596, 0.039272435922550884], [0.19595613409833343, 0.17389562485633417, -0.09224224562533681]]	[[-0.08851723582535007, -0.19700862237115896, 0.18275050426025802], [0.09002327479971539, -0.09583656042229918, -0.2903838168372589], [0.5065698950059713, 0.0, -0.12518227540798765]]	1.0000000000000002	[[0.0, 0.0, 0.0], [0.0, 0.0, 0.0], [0.0, 0.0, 0.0]]
2	[[0.5319609947059123, -0.8460851799387872, 0.03402011756955908], [-0.703274286200726, -0.4190807785627857, 0.5742617690636116], [-0.47161719485230363, -0.3294103357928521, -0.8179645788128509]]	0.16062580041965252	0.8393741995803475	[[0.08544666056667169, -0.1359031092508734, 0.005464508614981156], [-0.11296399513555143, -0.06731518549713861, 0.09224125630624826], [-0.07575388941482246, -0.05291179885323337, -0.1313862151867381]]	0.4791289701654125	0.8073581841293512	[[0.22199519726029007, -0.5623581922609586, 0.2403224508004505], [-0.3724219968433718, -0.3951855078376284, 0.013153103154427645], [0.17193612681911125, -0.15783003495027192, -0.3706613597924159]]	[[-0.03288272630132215, -0.15697427132466982, 0.22402242690444135], [-0.03546291235220236, -0.19439176598872154, -0.26199234686238854], [0.3979015877009962, 0.0, 0.021249166485970805]]	0.6491072785444315	[[0.6952772807170942, -0.695277280717094, 0.0], [-0.7071067811865475, -0.7071067811865476, 0.0], [0.0, 0.0, -0.9832705600000001]]
2	[[0.034229894132735264, 0.2773841392786001, 0.9601491309293217], [-0.1827544195208179, -0.9427759796974285, 0.2788803941677556], [0.9825625356654255, -0.18501754344446375, 0.018422055382213542]]	0.8280363312125736	0.17196366878742642	[[0.0283435959554649, 0.22968414502480958, 0.7950383637916566], [-0.1513272990529016, -0.7806527633839987, 0.23092309843378478], [0.8135974772193224, -0.15320124788371672, 0.015254131152082953]]	0.9263841289966147	0.12546233950972885	[[0.0, 0.2540283140139483, 0.8812814169409544], [-0.1743134827843243, -0.8207847637951474, 0.2583503710453289], [0.915508297059974, -0.17139731583289292, 0.0]]	[[-0.03171003066180029, -0.0029359502491332905, -0.008185499421861961], [-0.0050126890362494625, 0.05258794099578537, 0.0], [0.005277958272853572, 0.0, -0.01706589972957929]]	0.3419088131919655	[[0.0, 0.0, 0.9916], [0.0, -1.0, 0.0], [0.9916, 0.0, 0.0]]
2	[[0.8489524140446696, -0.5135124485683378, 0.12483895166604869], [0.522794976890395, 0.7815435453534784, -0.34040431673891397], [0.0772347773085365, 0.35425224329800037, 0.9319550081910795]]	0.22255578140958399	0.777444218590416	[[0.18893926788726415, -0.11428516425467522, 0.02778363043839077], [0.11635104459884726, 0.17393703444176, -0.07575894870702453], [0.017189046215896564, 0.07884088482328454, 0.20741197508654094]]	0.0	0.4295898558234283	[[0.7011670842245806, -0.7011670842245806, 0.0], [0.7071067811865476, 0.7071067811865478, 0.0], [0.0, 0.0, 0.9916000000000004]]	[[0.7011670842245807, -0.7011670842245806, 0.0], [0.7071067811865476, 0.7071067811865477, 0.0], [0.0, 0.0, 0.9916000000000003]]	0.4295898558234282	[[0.7011670842245806, -0.7011670842245805, 0.0], [0.7071067811865475, 0.7071067811865476, 0.0], [0.0, 0.0, 0.9916]]
2	[[0.8592155572171323, 0.2624339665249735, -0.4391776855101157], [-0.4266000482917053, 0.8413623931712975, -0.33184593135155627], [0.2824199444684594, 0.4724804086637203, 0.8348660002631537]]	0.1794334102323658	0.8205665897676343	[[0.15417197755617246, 0.04708942157438252, -0.07880314980903752], [-0.07654630147027264, 0.1509685234479905, -0.059544247134145294], [0.05067557375361105, 0.08477877099451317, 0.14980285351427286]]	0.0	0.6891149734148272	[[0.7011670842245806, 0.7011670842245805, 0.0], [-0.7071067811865475, 0.7071067811865476, 0.0], [0.0, 0.0, 0.9916]]	[[0.7011670842245806, 0.7011670842245805, 0.0], [-0.7071067811865475, 0.7071067811865476, 0.0], [0.0, 0.0, 0.9916]]	0.6891149734148272	[[0.7011670842245806, 0.7011670842245805, 0.0], [-0.7071067811865475, 0.7071067811865476, 0.0], [0.0, 0.0, 0.9916]]
