2	[[0.8489524140446696, -0.5135124485683378, 0.12483895166604869], [0.522794976890395, 0.7815435453534784, -0.34040431673891397], [0.0772347773085365, 0.35425224329800037, 0.9319550081910795]]	0.20549066134474628	0.7945093386552539	[[0.17445179301225802, -0.10552201266506776, 0.025653238739441142], [0.10742948554891862, 0.16059990000440405, -0.06994990817128592], [0.015871025467945388, 0.07279552775816606, 0.19150805097673337]]	0.0	0.4592024937310897	[[0.6420529573173851, -0.642052957317385, 0.0], [0.7071067811865475, 0.7071067811865476, 0.0], [0.0, 0.0, 0.9079999999999999]]	[[0.6420529573173851, -0.642052957317385, 0.0], [0.7071067811865475, 0.7071067811865476, 0.0], [0.0, 0.0, 0.9079999999999999]]	0.4592024937310897	[[0.6420529573173851, -0.642052957317385, 0.0], [0.7071067811865475, 0.7071067811865476, 0.0], [0.0, 0.0, 0.9079999999999999]]
2	[[-0.8305561570912853, 0.32773595720904825, 0.4502950280316503], [-0.5100865793185324, -0.772219296347621, -0.37879947194723407], [0.22358030216652452, -0.5443036842615101, 0.808545204538665]]	0.17900456324346578	0.8209954367565341	[[-0.14867334214929684, 0.0586662318793849, 0.08060486482350973], [-0.09130782534726738, -0.13823077787088237, -0.0678068340327701], [0.040021894339160834, -0.09743284327304091, 0.14473328120104245]]	0.5063013110883767	0.6754656922700754	[[-0.3592820051915476, 0.13590108223171204, 0.3879187506884927], [-0.3559697888906479, -0.6070179522666851, -0.05471664175452614], [0.3061989105021431, -0.2424010478203506, 0.2505116157733034]]	[[0.06122966607629389, -0.03003206259403321, 0.1599337876194908], [-0.09771228501308966, -0.2160423100781408, 0.1370700275319432], [0.19299991038169628, 0.03318062115148579, -0.15885588135884243]]	0.6888370629256637	[[-0.5829840852441857, 0.5829840852441855, 0.0], [-0.7071067811865475, -0.7071067811865476, 0.0], [0.0, 0.0, 0.8244639999999999]]
2	[[0.04673222253661188, -0.9725397674033924, -0.22799671093185395], [-0.8377629715199755, -0.16246744520517667, 0.5213036857710898], [-0.5440306084466285, 0.16664552219444034, -0.8223502702654952]]	0.1714052737225779	0.8285947262774219	[[0.008010149395552418, -0.16669844503787073, -0.03907983864512189], [-0.14359699144802163, -0.027847776916401223, 0.08935420095218238], [-0.09324971535425508, 0.02856392134637998, -0.14095517317069317]]	0.4511976521890851	0.8589255733999445	[[-0.046488773055560255, -0.5327419836368896, 0.08826615641247863], [-0.30972343734672536, -0.17925004867782107, 0.0], [0.06241359774853611, 0.062413597748536095, -0.46660692093032324]]	[[-0.06757424214565738, -0.09393432392395994, 0.19113773709176463], [0.06827324849403894, -0.10594511884408653, -0.23521099909743226], [0.3078789309986543, -0.012776470613419457, -0.09556440970947226]]	0.8970833122823192	[[0.5829840852441857, -0.5829840852441855, 0.0], [-0.7071067811865475, -0.7071067811865476, 0.0], [0.0, 0.0, -0.8244639999999999]]
2	[[0.034229894132735264, 0.2773841392786001, 0.9601491309293217], [-0.1827544195208179, -0.9427759796974285, 0.2788803941677556], [0.9825625356654255, -0.18501754344446375, 0.018422055382213542]]	0.7219370995744211	0.2780629004255789	[[0.024711830488926396, 0.20025390097873982, 0.6931672787420156], [-0.13193719556326625, -0.6806249563311951, 0.2013341028936408], [0.709348347148786, -0.1335710286846806, 0.0132995652308346]]	0.8543977894941841	0.2227667352966369	[[0.0028893378279410613, 0.1993383261951754, 0.7713276264450365], [-0.18823046525821988, -0.8204325112751399, 0.23827479231019716], [0.7872211699279599, -0.158078580136594, -0.004086140742551869]]	[[-0.02635660805368788, -0.03765806924520741, -0.049021668605738], [-0.03208549319934027, -0.01492679823344304, 0.0], [-0.05227808858438009, 0.0, -0.019825904139054558]]	0.3796861356597113	[[0.0, 0.0, 0.9079999999999999], [0.0, -1.0, 0.0], [0.9079999999999999, 0.0, 0.0]]
2	[[0.5319609947059123, -0.8460851799387872, 0.03402011756955908], [-0.703274286200726, -0.4190807785627857, 0.5742617690636116], [-0.47161719485230363, -0.3294103357928521, -0.8179645788128509]]	0.14559589466452133	0.8544041053354787	[[0.07745133695083599, -0.12318652873558027, 0.004953189454132159], [-0.10239384889394737, -0.06101644089155289, 0.08361015603844726], [-0.06866552742369302, -0.04796079255150069, -0.11909228465614538]]	0.4457972550660875	0.8298948148554757	[[0.21140275257952357, -0.4720662632290098, 0.21811080349185083], [-0.3819261842902833, -0.39758640672115814, 0.0], [0.11639292665142939, -0.13855598168973654, -0.3106153411941067]]	[[-0.025743998662597717, -0.09488381246020156, 0.2029447284623158], [-0.06840843794343761, -0.21076134598690932, -0.2560043203379535], [0.32663857755855447, 0.008294241797115123, 0.05403102278195065]]	0.7082862201222975	[[0.5829840852441857, -0.5829840852441855, 0.0], [-0.7071067811865475, -0.7071067811865476, 0.0], [0.0, 0.0, -0.8244639999999999]]
2	[[0.8592155572171323, 0.2624339665249735, -0.4391776855101157], [-0.4266000482917053, 0.8413623931712975, -0.33184593135155627], [0.2824199444684594, 0.4724804086637203, 0.8348660002631537]]	0.16218439497986023	0.8378156050201399	[[0.1393513553045441, 0.04256269408301773, -0.0712277672131135], [-0.06918787073056938, 0.13645585069529417, -0.05382023160278039], [0.04580410782386282, 0.07662894921896259, 0.1354022371419354]]	0.0	0.6899092085745011	[[0.6420529573173849, 0.6420529573173849, 0.0], [-0.7071067811865474, 0.7071067811865476, 0.0], [0.0, 0.0, 0.9079999999999997]]	[[0.642052957317385, 0.6420529573173849, 0.0], [-0.7071067811865474, 0.7071067811865475, 0.0], [0.0, 0.0, 0.9079999999999997]]	0.6899092085745012	[[0.6420529573173851, 0.642052957317385, 0.0], [-0.7071067811865475, 0.7071067811865476, 0.0], [0.0, 0.0, 0.9079999999999999]]
2	[[0.08740825448676931, -0.06334395238859675, -0.994156597696443], [0.7119981850616444, -0.6940087028176986, 0.10681996481098455], [-0.6967197295301035, -0.717174639895393, -0.015561310176609944]]	0.1447085612155605	0.8552914387844398	[[0.012648722745143944, -0.009166412211860805, -0.14386297087560906], [0.10303223294836092, -0.1004290008558267, 0.015457763416894374], [-0.10082130963079577, -0.10378131027955002, -0.002251854806286261]]	0.43142457658777783	1.0223046507471685	[[0.05765644534992658, -0.014345828920112994, -0.0011152715292357847], [0.6354219369119894, -0.6361076136355431, 0.037637976606019224], [0.006834345217385785, -0.011839084179142964, 0.021494904042455257]]	[[0.019946376167695373, 0.01298230891853371, 0.4277883176938979], [0.3282484213905033, -0.3366952028741845, -0.008446781483681111], [0.30741635953026175, 0.297567681177219, 0.02820843569655028]]	0.8414988038045883	[[0.0, 0.0, -0.8244639999999999], [0.0, -1.0, 0.0], [-0.8244639999999999, 0.0, 0.0]]
2	[[-0.3195682178843842, -0.5708200961323295, -0.7563336379995778], [0.910087742671785, 0.03735879733279218, -0.41272826520656647], [0.2638493031197415, -0.8202248094963509, 0.507557688474819]]	0.11079173466758549	0.8892082653324145	[[-0.03540551720403983, -0.06324214863361872, -0.08379551574141891], [0.10083019971031418, 0.00413904596159478, -0.04572688044857877], [0.029232321983469728, -0.09087412946149057, 0.056233196749995204]]	0.3518566709835615	1.0803582734038986	[[-0.049144013124499994, -0.2641450549280868, 0.17873263809396128], [0.5346090435027392, -0.22699392668757312, -0.14522119341640297], [0.22752479354890373, -0.04854769199247402, 0.08907039109803162]]	[[0.06329819617244882, -0.0632981961724488, 0.4448536741133789], [0.21438860006330074, -0.24013886874903903, 0.0], [0.13468765611185884, 0.24005387893503793, -0.08951716750082986]]	0.9543284358609115	[[1.6462358097177568e-16, -0.8244639999999999, 0.0], [1.0, 1.7938038903913487e-16, 0.0], [0.0, 0.0, 0.8244639999999999]]
2	[[-0.42203838922340475, -0.825029846081567, 0.3757783270710803], [0.2588054115689476, 0.28760896992378115, 0.9221175843470338], [-0.8688517462515349, 0.4864224845687207, 0.09214016247897017]]	0.10402169418238542	0.8959783058176148	[[-0.04390114825702356, -0.08582100234043724, 0.039089098218956286], [0.02692137737497148, 0.029917572313522385, 0.09592023335914715], [-0.09037943063840871, 0.05059849093324356, 0.009584575803302728]]	0.33127183958308554	1.1229840148896741	[[-0.22281508452718285, -0.4306268022450321, 0.2707219672639725], [0.18641326543217623, 0.01858263536903454, 0.013981240352855612], [0.14612846041083918, 0.16113807127765517, -0.08686427620951645]]	[[-0.08300565095446337, -0.15731764742264157, 0.14623718957968135], [0.10067832064767336, -0.07669411717821276, -0.29149034812569735], [0.4339545767165614, 0.0, -0.11738771733340933]]	1.0000000000000002	[[0.0, 0.0, 0.0], [0.0, 0.0, 0.0], [0.0, 0.0, 0.0]]
2	[[-0.5446221603179724, 0.8109226453022452, -0.2139887049042392], [-0.8354447797583356, -0.5021691245819775, 0.22328947644507607], [0.07361197229480154, 0.30038414347728, 0.9509735242804028]]	0.22824356203548865	0.7717564379645113	[[-0.12430650183443696, 0.18508787309902555, -0.04884154424270461], [-0.19068489241599676, -0.11461686973883364, 0.050964385468863505], [0.016801458765023217, 0.06856074688623368, 0.2170535845832013]]	0.5829823843249745	0.580444461643263	[[-0.32376368815617973, 0.5139976178930127, 0.13129241077688644], [-0.6036174900414373, -0.4125109352739099, 0.1301738313726257], [0.16872702598416722, 0.01694848197316508, 0.49607298755518847]]	[[-0.00625856257778974, 0.04124400063159403, 0.25604405618057313], [-0.11656790036606982, -0.11975518169072352, 0.0], [0.12581254286087987, -0.15817018220463483, -0.058327825059724774]]	0.44556905939117775	[[-0.5829840852441857, 0.5829840852441855, 0.0], [-0.7071067811865475, -0.7071067811865476, 0.0], [0.0, 0.0, 0.8244639999999999]]
2	[[-0.30792515101507295, 0.09349718223056193, 0.9468053539599837], [0.3027085282091916, -0.9338174967034747, 0.1906631317268273], [0.9019698710720718, 0.34531602882779927, 0.2592434992682147]]	0.5156106164995798	0.48438938350042027	[[-0.15876947695060797, 0.0482081397708736, 0.48818289226041006], [0.1560797308496218, -0.48148621517337303, 0.09830793489341004], [0.4650652412875175, 0.17804861051108828, 0.13366870048119256]]	0.7564966054623073	0.34293770330009204	[[-0.07550120525304654, 0.11891739934658117, 0.7287700792358275], [0.31684876916391075, -0.8090124302636935, 0.14423601193815763], [0.669822102763736, 0.2612304036199544, 0.07550120525304654]]	[[0.15744312622632453, 0.04818709836887032, 0.012515042931561374], [0.08785079512916615, -0.10258266388620546, 0.0], [-0.012515042931561374, 0.0, -0.12061562193152812]]	0.48567355871756	[[0.0, 0.0, 0.9079999999999999], [0.0, -1.0, 0.0], [0.9079999999999999, 0.0, 0.0]]
2	[[0.8787972042104137, -0.3840163418041313, 0.28327887866788265], [-0.395223040501579, -0.9183905790867732, -0.018907472103605397], [0.2674214316928388, -0.09534250611366366, -0.9588511794847616]]	0.533946678911377	0.466053321088623	[[0.46923084862475356, -0.20504425035401208, 0.15125581647045488], [-0.21102802990507474, -0.4903715996468789, -0.01009558193632961], [0.14278878532211697, -0.05090781449847837, -0.5119754028561453]]	0.7842925771188942	0.3782358870892989	[[0.5396918714497263, -0.2314033921560607, 0.22890970546741926], [-0.3512965743821264, -0.8412889539352514, -0.01482899002294028], [0.2030004601655659, -0.0747764198288592, -0.6240704933678894]]	[[-0.14954225260533838, 0.06977777421327161, 0.0067361836736349835], [-0.04132607741037789, -0.1210020398615724, 0.0], [-0.0067361836736349835, 0.0, 0.12794936926370584]]	0.515073779103794	[[0.9079999999999999, 0.0, 0.0], [0.0, -1.0, 0.0], [0.0, 0.0, -0.9079999999999999]]
2	[[0.22433838825039393, -0.7661379269479729, -0.6022499185961573], [-0.9416906372873723, -0.011392912655017143, -0.3362869982418849], [0.2507808429735371, 0.642575192824231, -0.724020780340167]]	0.13491422430499084	0.8650857756950091	[[0.03026643963263379, -0.10336290412481948, -0.08125208060514441], [-0.12704746186489832, -0.0015370659734261632, -0.0453698995116577], [0.03383390290032645, 0.08669253369751104, -0.09768070196028783]]	0.3906564011766758	0.8699215729696185	[[0.017676017879373004, -0.29702611092361286, 0.10047352018433053], [-0.4533266220004811, -0.12174124709877915, -0.13137266849568185], [0.26463417298948466, 0.04292052248072511, -0.3140936370981189]]	[[-0.06996320952030176, 0.002270574422841218, 0.3357463059920513], [-0.08544914661602597, -0.1172905328420499, 0.0], [0.1666650313893896, -0.20810558983339753, -0.03125028467330067]]	0.9691240055125082	[[0.5829840852441857, -0.5829840852441855, 0.0], [-0.7071067811865475, -0.7071067811865476, 0.0], [0.0, 0.0, -0.8244639999999999]]
2	[[0.3802729664721569, 0.7767473726770865, -0.5020517802076895], [0.4287143634067757, 0.332951791095048, 0.839849450446521], [0.8195098935212374, -0.5346088512602871, -0.20639019011321075]]	0.1215083217581975	0.878491678241803	[[0.046206329966043104, 0.09438126968408195, -0.06100346924875176], [0.0520923628111913, 0.04045641336234526, 0.10204869725330122], [0.09957727182600469, -0.06495942431371532, -0.02507812562801154]]	0.39840649758712077	0.9538889320863987	[[0.13656690691203852, 0.30396056463537585, 0.10643826906896262], [0.26845043772219895, -0.2743121637013052, 0.32824183778342775], [0.5469048445553973, 0.0, -0.08259112814900059]]	[[-0.014936313787198174, -0.005500635622900222, 0.3064589604288872], [0.09764784973201336, -0.4069623206568419, -0.006359640269438852], [0.22040677813960688, 0.21299164000968504, -0.00036393536965630136]]	1.0000000000000007	[[0.0, 0.0, 0.0], [0.0, 0.0, 0.0], [0.0, 0.0, 0.0]]
