2	[[0.8787972042104137, -0.3840163418041313, 0.28327887866788265], [-0.395223040501579, -0.9183905790867732, -0.018907472103605397], [0.2674214316928388, -0.09534250611366366, -0.9588511794847616]]	0.6353845009948753	0.3646154990051247	[[0.5583741230729254, -0.24399803171109546, 0.17999100896478049], [-0.25111859437077316, -0.5835311398114441, -0.012013514727623843], [0.1699154329314895, -0.060579150670631035, -0.609239178205273]]	0.8409037101421518	0.2940479174109691	[[0.6143668798599135, -0.2677717624628105, 0.2449837592075529], [-0.34587603843979275, -0.8496308460438011, -0.01589936344133101], [0.21810217495121223, -0.08017386712523056, -0.7184474148177559]]	[[-0.12461694962317361, 0.05514900411550009, 0.006773499130821871], [-0.01353151734835312, -0.0773528007301344, 0.0], [-0.006773499130821871, 0.0, 0.08785409948515842]]	0.4759786287822613	[[0.6793825667940566, -0.6793825667940565, 0.0], [-0.7071067811865475, -0.7071067811865476, 0.0], [0.0, 0.0, -0.96079204]]
2	[[-0.3195682178843842, -0.5708200961323295, -0.7563336379995778], [0.910087742671785, 0.03735879733279218, -0.41272826520656647], [0.2638493031197415, -0.8202248094963509, 0.507557688474819]]	0.12246568796725209	0.8775343120327477	[[-0.039136141655679815, -0.06990587577837871, -0.09262491931039296], [0.11145452151686366, 0.004575170816989504, -0.05054505094205264], [0.03231248642623917, -0.10044939558277889, 0.062158401502136924]]	0.3805368702832236	1.1005659179804093	[[-0.041804538610536526, -0.29702104374213967, 0.19450399318015915], [0.5446205172879929, -0.24610254806073478, -0.15705832231913108], [0.2707138101501856, -0.04179913769687253, 0.0802859988294718]]	[[0.07980295086517426, -0.07980295086517425, 0.482316828674443], [0.19829857600854797, -0.2603189478753008, 0.0], [0.17030942211458966, 0.2703266442375221, -0.11285841543092316]]	0.9919200821723443	[[1.918446726527508e-16, -0.96079204, 0.0], [1.0, 1.7938038903913487e-16, 0.0], [0.0, 0.0, 0.96079204]]
2	[[0.034229894132735264, 0.2773841392786001, 0.9601491309293217], [-0.1827544195208179, -0.9427759796974285, 0.2788803941677556], [0.9825625356654255, -0.18501754344446375, 0.018422055382213542]]	0.8249132479168384	0.17508675208316168	[[0.028236693144884174, 0.22881785125292664, 0.7920397380794365], [-0.15075654177807435, -0.7777083954701851, 0.2300521317332514], [0.8105288525771704, -0.15262342268436735, 0.015196597538645645]]	0.9169301901507106	0.12700624356990825	[[0.0, 0.2456878343394176, 0.8665678398715582], [-0.17657116652605653, -0.8209416821622526, 0.2557138528535453], [0.8980644995841826, -0.16964817129174956, 0.0]]	[[-0.031386423335967646, -0.008654057234100412, -0.013821885324504526], [-0.008998121883950185, 0.04351807617123325, 0.0], [-0.0028767530784807203, 0.0, -0.01689173874457999]]	0.346757016468597	[[0.0, 0.0, 0.9802], [0.0, -1.0, 0.0], [0.9802, 0.0, 0.0]]
2	[[-0.30792515101507295, 0.09349718223056193, 0.9468053539599837], [0.3027085282091916, -0.9338174967034747, 0.1906631317268273], [0.9019698710720718, 0.34531602882779927, 0.2592434992682147]]	0.6178142357763451	0.38218576422365513	[[-0.19024054185069292, 0.057763890187016276, 0.5849498261857391], [0.18701763801854387, -0.5769257430804369, 0.1177943970185344], [0.5572498265896806, 0.21334115845156915, 0.16016432438037756]]	0.8143989000930394	0.27316898919420535	[[-0.12594271127328283, 0.14918779565604648, 0.7801660540514004], [0.2927012114524346, -0.8144418276820921, 0.15527584476662246], [0.725474455733967, 0.281224994061856, 0.12594271127328283]]	[[0.12483119302437562, 0.0730437932856784, 0.009088815184188925], [0.04617571903008619, -0.05394188547914677, 0.0], [-0.009088815184188925, 0.0, -0.08518490938702196]]	0.4693966211188866	[[0.0, 0.0, 0.9802], [0.0, -1.0, 0.0], [0.9802, 0.0, 0.0]]
2	[[0.8592155572171323, 0.2624339665249735, -0.4391776855101157], [-0.4266000482917053, 0.8413623931712975, -0.33184593135155627], [0.2824199444684594, 0.4724804086637203, 0.8348660002631537]]	0.17713774724514578	0.8228622527548544	[[0.15219950820342545, 0.04648696163084183, -0.07779494585159898], [-0.07556697152906307, 0.14903703894314843, -0.058782440712081954], [0.05002723274024207, 0.08369411520815727, 0.1478862825381803]]	0.0	0.6887210909736765	[[0.6931060669190537, 0.6931060669190536, 0.0], [-0.7071067811865474, 0.7071067811865475, 0.0], [0.0, 0.0, 0.9801999999999996]]	[[0.6931060669190537, 0.6931060669190536, 0.0], [-0.7071067811865474, 0.7071067811865475, 0.0], [0.0, 0.0, 0.9801999999999997]]	0.6887210909736767	[[0.6931060669190539, 0.6931060669190537, 0.0], [-0.7071067811865475, 0.7071067811865476, 0.0], [0.0, 0.0, 0.9802]]
2	[[-0.42203838922340475, -0.825029846081567, 0.3757783270710803], [0.2588054115689476, 0.28760896992378115, 0.9221175843470338], [-0.8688517462515349, 0.4864224845687207, 0.09214016247897017]]	0.11052432131239376	0.8894756786876062	[[-0.04664550653669267, -0.09118586380063386, 0.04153264456343787], [0.02860429246563266, 0.031787786204182523, 0.10191642018017992], [-0.09602924957553913, 0.053761514978046175, 0.010183728923601879]]	0.35409405347319506	1.1492473218425379	[[-0.23726403822324355, -0.48345189644088066, 0.31057480491856376], [0.18304807866137454, 0.008489332581459043, 0.03598887521655562], [0.18872592515211, 0.172239309261441, -0.09157384654218254]]	[[-0.08782275426183024, -0.19131373400549245, 0.17751393387858883], [0.0914066214181273, -0.09335129339410292, -0.2905274780037964], [0.4963811618495799, 0.0, -0.12420013016203985]]	1.0000000000000002	[[0.0, 0.0, 0.0], [0.0, 0.0, 0.0], [0.0, 0.0, 0.0]]
2	[[-0.8305561570912853, 0.32773595720904825, 0.4502950280316503], [-0.5100865793185324, -0.772219296347621, -0.37879947194723407], [0.22358030216652452, -0.5443036842615101, 0.808545204538665]]	0.19690203287436522	0.803097967125635	[[-0.16353819574759473, 0.06453187622048759, 0.08866400641265122], [-0.10043708440975019, -0.1520515492756584, -0.07458638607814647], [0.044023416007253555, -0.10717450193209797, 0.15920419444448258]]	0.5417186104769941	0.6347789487064063	[[-0.4128369399868703, 0.17114803157819075, 0.4290422765020398], [-0.3499884132185143, -0.5978423797770055, -0.06479555872711383], [0.34739967613518774, -0.2593577301254244, 0.2881986849477861]]	[[0.0370907873557328, -0.006392635764442472, 0.18510907961203507], [-0.07366502024711583, -0.17951681557605, 0.14040716486556093], [0.22628206551551155, 0.03550170539022941, -0.14980529976273654]]	0.6805610445264207	[[-0.6793825667940566, 0.6793825667940565, 0.0], [-0.7071067811865475, -0.7071067811865476, 0.0], [0.0, 0.0, 0.96079204]]
2	[[0.22433838825039393, -0.7661379269479729, -0.6022499185961573], [-0.9416906372873723, -0.011392912655017143, -0.3362869982418849], [0.2507808429735371, 0.642575192824231, -0.724020780340167]]	0.15000322002957386	0.8499967799704261	[[0.0336514806138038, -0.11492315602897836, -0.09033942705197243], [-0.14125662786480742, -0.0017089735837682585, -0.05044413259036238], [0.03761793396776149, 0.09638834803475899, -0.10860544841934981]]	0.42245970164355184	0.8482530664512831	[[0.16885249384010212, -0.32662568120413626, 0.11866504238486711], [-0.48484927758048835, -0.2834152874553487, -0.14206770494387233], [0.2995450502821036, 0.03673077225282693, -0.3335906680954226]]	[[0.07407856527264542, -0.0029632811678862864, 0.37309136330985315], [-0.08702293191153877, -0.27860224097425923, 0.0], [0.19360025018158467, -0.2347313519912455, -0.027721065249184024]]	0.9523474941395524	[[0.6793825667940566, -0.6793825667940565, 0.0], [-0.7071067811865475, -0.7071067811865476, 0.0], [0.0, 0.0, -0.96079204]]
2	[[0.08740825448676931, -0.06334395238859675, -0.994156597696443], [0.7119981850616444, -0.6940087028176986, 0.10681996481098455], [-0.6967197295301035, -0.717174639895393, -0.015561310176609944]]	0.16764261037038228	0.8323573896296176	[[0.014653347950080654, -0.010619145529601567, -0.16666300715476978], [0.11936123432270859, -0.11634543056012189, 0.01790757774058583], [-0.11679991415497334, -0.12022902872350259, -0.00260873865879006]]	0.4667620358751371	1.0282916675088076	[[0.06478220450496927, -0.015876047743189667, 0.00064626702564239], [0.6348153201517067, -0.6371313880333492, 0.0391466290091195], [0.010654783410424246, -0.013449073549421403, 0.026654149581599063]]	[[0.023983349688432676, 0.01369050443408953, 0.4646808245451338], [0.30248159775293093, -0.31319447299109715, -0.010712875238166152], [0.33585710280027026, 0.32130082144617056, 0.03391757840051804]]	0.7962879217509711	[[0.0, 0.0, -0.96079204], [0.0, -1.0, 0.0], [-0.96079204, 0.0, 0.0]]
2	[[0.3802729664721569, 0.7767473726770865, -0.5020517802076895], [0.4287143634067757, 0.332951791095048, 0.839849450446521], [0.8195098935212374, -0.5346088512602871, -0.20639019011321075]]	0.12877050149707697	0.8712294985029235	[[0.048967940598400796, 0.10002214871616537, -0.06464945951484444], [0.055205763574890626, 0.042874369113659314, 0.10814783491604302], [0.10552869997054592, -0.0688418498815634, -0.02657696828495519]]	0.4276559116655849	0.9442000118987172	[[0.1424141320386997, 0.3222819816145417, 0.13873477984487043], [0.2858900734135856, -0.26231958427185503, 0.32782736115872807], [0.6216795274293185, 0.0, -0.05968011235172831]]	[[-0.020211850119727023, -0.009898624181525612, 0.35344019161291973], [0.10254784148673002, -0.40470838603329723, -0.03133922123381939], [0.2712112767965273, 0.22862863567020922, 0.028583872559970233]]	1.0000000000000007	[[0.0, 0.0, 0.0], [0.0, 0.0, 0.0], [0.0, 0.0, 0.0]]
2	[[0.5319609947059123, -0.8460851799387872, 0.03402011756955908], [-0.703274286200726, -0.4190807785627857, 0.5742617690636116], [-0.47161719485230363, -0.3294103357928521, -0.8179645788128509]]	0.15850864931707773	0.8414913506829222	[[0.08432041876020333, -0.13411181907929387, 0.005392482885559005], [-0.11147505720510907, -0.06642792816473649, 0.09102545736870868], [-0.07475540455074775, -0.052214387397610015, -0.12965446057683735]]	0.47507298452307545	0.8067659717396175	[[0.22084769357162753, -0.5511301522192806, 0.23745945749219569], [-0.375155259577805, -0.3962488107493788, 0.010155500117663268], [0.16390662545460305, -0.1564939513578587, -0.3623557266231229]]	[[-0.0318726038331742, -0.14917794062501766, 0.2212974187045993], [-0.04104864549409063, -0.1971548545213021, -0.2626607524088878], [0.3879592137654878, 0.0, 0.02623714706765868]]	0.656912625660902	[[0.6793825667940566, -0.6793825667940565, 0.0], [-0.7071067811865475, -0.7071067811865476, 0.0], [0.0, 0.0, -0.96079204]]
2	[[0.8489524140446696, -0.5135124485683378, 0.12483895166604869], [0.522794976890395, 0.7815435453534784, -0.34040431673891397], [0.0772347773085365, 0.35425224329800037, 0.9319550081910795]]	0.22039470861525706	0.7796052913847429	[[0.18710461992159405, -0.11317542647252597, 0.02751384437627294], [0.11522124659727866, 0.17224806194831488, -0.07502331019904862], [0.017022136239879165, 0.07807531993796395, 0.20539795247280246]]	0.0	0.43322274812117045	[[0.6931060669190537, -0.6931060669190536, 0.0], [0.7071067811865474, 0.7071067811865475, 0.0], [0.0, 0.0, 0.9801999999999995]]	[[0.6931060669190537, -0.6931060669190536, 0.0], [0.7071067811865474, 0.7071067811865475, 0.0], [0.0, 0.0, 0.9801999999999997]]	0.4332227481211704	[[0.6931060669190539, -0.6931060669190537, 0.0], [0.7071067811865475, 0.7071067811865476, 0.0], [0.0, 0.0, 0.9802]]
2	[[-0.5446221603179724, 0.8109226453022452, -0.2139887049042392], [-0.8354447797583356, -0.5021691245819775, 0.22328947644507607], [0.07361197229480154, 0.30038414347728, 0.9509735242804028]]	0.25095889834758517	0.7490411016524148	[[-0.1366777773690802, 0.203508253710161, -0.053702369641594354], [-0.20966230155839283, -0.1260238102892643, 0.05603648102126537], [0.01847357947229638, 0.07538407372814115, 0.23865526801113046]]	0.6089091520899288	0.5843526114856743	[[-0.25866319062374876, 0.5462305868557173, 0.14256027414620612], [-0.6145737073191271, -0.5149867707675121, 0.1359630057727754], [0.1931762324275389, 0.008434440725652304, 0.5048776342548824]]	[[0.072962227224853, 0.05245236649420518, 0.2728599550062684], [-0.10586373485852171, -0.20921139491255836, 0.0], [0.14835322879384397, -0.17447221338035776, -0.07417884807466908]]	0.39153470018262054	[[-0.6793825667940566, 0.6793825667940565, 0.0], [-0.7071067811865475, -0.7071067811865476, 0.0], [0.0, 0.0, 0.96079204]]
2	[[0.04673222253661188, -0.9725397674033924, -0.22799671093185395], [-0.8377629715199755, -0.16246744520517667, 0.5213036857710898], [-0.5440306084466285, 0.16664552219444034, -0.8223502702654952]]	0.18364685731123478	0.8163531426887651	[[0.008582225804018039, -0.1786038718938323, -0.041870879439933076], [-0.15385253689136497, -0.029836635727315965, 0.0957357835966241], [-0.09990951152234226, 0.030603926435998595, -0.15102204274330278]]	0.48145404669102343	0.8963813972145797	[[-0.07471829229310635, -0.5989309499543284, 0.116940238232612], [-0.3020589126210435, -0.20294697030250214, 0.003616628604400248], [0.08514630987224858, 0.08023216102345207, -0.533410469322754]]	[[-0.09721770994422353, -0.1306977433700184, 0.2267101773429966], [0.10128546018514535, -0.12472636135291769, -0.2473671404650366], [0.34707204783265755, 0.0, -0.1374866039059746]]	0.871262542997471	[[0.6793825667940566, -0.6793825667940565, 0.0], [-0.7071067811865475, -0.7071067811865476, 0.0], [0.0, 0.0, -0.96079204]]
