2	[[-0.42203838922340475, -0.825029846081567, 0.3757783270710803], [0.2588054115689476, 0.28760896992378115, 0.9221175843470338], [-0.8688517462515349, 0.4864224845687207, 0.09214016247897017]]	0.11210211069443995	0.8878978893055601	[[-0.04731139422602526, -0.09248758713165256, 0.042125543617893696], [0.029012632896022246, 0.03224157258310953, 0.10337132751376076], [-0.09740011463534701, 0.054528987209387245, 0.010329106693621179]]	0.35968125214693614	1.1575961133150776	[[-0.24075789102286205, -0.49750063401536193, 0.3213534571741502], [0.18222423364996385, 0.00601835022102936, 0.0413766534976071], [0.20072261549336573, 0.1749570483221012, -0.09266536214747756]]	[[-0.0889585947329119, -0.20075286591815, 0.18619303796354314], [0.08913677915444158, -0.0974292042098467, -0.29029175386704203], [0.5132322995151699, 0.0, -0.12580645116093575]]	1.0000000000000002	[[0.0, 0.0, 0.0], [0.0, 0.0, 0.0], [0.0, 0.0, 0.0]]
2	[[0.08740825448676931, -0.06334395238859675, -0.994156597696443], [0.7119981850616444, -0.6940087028176986, 0.10681996481098455], [-0.6967197295301035, -0.717174639895393, -0.015561310176609944]]	0.17385544279033757	0.8261445572096624	[[0.015196400787327778, -0.011012690890609567, -0.17283953549545056], [0.12378475972980883, -0.12065719032871883, 0.018571232281061993], [-0.12112851707822034, -0.12468471457701444, -0.002705418471152278]]	0.47554467058433725	1.0299905471550828	[[0.06666941331372658, -0.01627353572543489, 0.0011736648508661497], [0.6346645539811475, -0.637385832940875, 0.03952158361046306], [0.011761960727816089, -0.013880172456274084, 0.028100740500257668]]	[[0.02510288372746392, 0.013849343246710284, 0.4739395366116666], [0.296077611609362, -0.3073536929767692, -0.011276081367407072], [0.34308331499681777, 0.32716840542422126, 0.035500838622054345]]	0.7848936824266028	[[0.0, 0.0, -0.9980010000000002], [0.0, -1.0, 0.0], [-0.9980010000000002, 0.0, 0.0]]
2	[[0.8489524140446696, -0.5135124485683378, 0.12483895166604869], [0.522794976890395, 0.7815435453534784, -0.34040431673891397], [0.0772347773085365, 0.35425224329800037, 0.9319550081910795]]	0.2239305945232202	0.7760694054767797	[[0.19010641879894585, -0.11499114790298241, 0.027955260666233855], [0.11706978998881934, 0.17501151075678983, -0.07622694102561556], [0.017295229600569062, 0.07932791545290567, 0.20869323905312095]]	0.0	0.42730558014534453	[[0.7063996744053613, -0.7063996744053611, 0.0], [0.7071067811865476, 0.7071067811865478, 0.0], [0.0, 0.0, 0.9990000000000004]]	[[0.7063996744053612, -0.7063996744053611, 0.0], [0.7071067811865476, 0.7071067811865477, 0.0], [0.0, 0.0, 0.9990000000000003]]	0.42730558014534453	[[0.7063996744053611, -0.706399674405361, 0.0], [0.7071067811865475, 0.7071067811865476, 0.0], [0.0, 0.0, 0.9990000000000001]]
2	[[-0.30792515101507295, 0.09349718223056193, 0.9468053539599837], [0.3027085282091916, -0.9338174967034747, 0.1906631317268273], [0.9019698710720718, 0.34531602882779927, 0.2592434992682147]]	0.6477081646737965	0.35229183532620356	[[-0.1994456344208745, 0.060558888304728775, 0.6132535581167453], [0.19606678523748167, -0.6048412169300867, 0.12349406712174162], [0.5842132497831526, 0.2236640112644977, 0.16791413111462805]]	0.8290299201889421	0.2560143672990318	[[-0.140065475290748, 0.15774946806214935, 0.7929639782980072], [0.2868507344372127, -0.8157096860650805, 0.15806544087846536], [0.7397259989576109, 0.28627731981907284, 0.140065475290748]]	[[0.11521368807944578, 0.08023750653965567, 0.00803401127009907], [0.0358963074554345, -0.04154704130196127, 0.0], [-0.00803401127009907, 0.0, -0.07485514221708209]]	0.4664125913857138	[[0.0, 0.0, 0.9990000000000001], [0.0, -1.0, 0.0], [0.9990000000000001, 0.0, 0.0]]
2	[[0.034229894132735264, 0.2773841392786001, 0.9601491309293217], [-0.1827544195208179, -0.9427759796974285, 0.2788803941677556], [0.9825625356654255, -0.18501754344446375, 0.018422055382213542]]	0.8300435272464829	0.16995647275351708	[[0.02841230206320927, 0.23024090936903893, 0.7969655713192194], [-0.1516941229989432, -0.7825450995913122, 0.23148286605489335], [0.815569672843978, -0.15357261436312208, 0.015291107828582583]]	0.9324680680968694	0.12484925429081661	[[0.0031495578357326006, 0.2595272283020036, 0.8877391215500144], [-0.1728685154620964, -0.8206804962953423, 0.26004706237970054], [0.9237774730688392, -0.17252295129968773, -0.0031495578357326006]]	[[-0.02876872541737942, 0.0008753758281743965, -0.007569283652538422], [-0.002455854955354524, 0.05842800014125229, 0.0], [0.007569283652538422, 0.0, -0.0203275362283588]]	0.3388121728565814	[[0.0, 0.0, 0.9990000000000001], [0.0, -1.0, 0.0], [0.9990000000000001, 0.0, 0.0]]
2	[[0.5319609947059123, -0.8460851799387872, 0.03402011756955908], [-0.703274286200726, -0.4190807785627857, 0.5742617690636116], [-0.47161719485230363, -0.3294103357928521, -0.8179645788128509]]	0.1620120430532199	0.8379879569467801	[[0.08618408757692796, -0.13707598859893408, 0.005511668752354995], [-0.11393890393417448, -0.06789613313929095, 0.09303732245335207], [-0.07640766527705023, -0.053368441504647174, -0.13252011255863647]]	0.48172363012906344	0.808749900524041	[[0.22271113951265029, -0.5697011245348824, 0.24217446768022774], [-0.3706734977083783, -0.39450530091935077, 0.015070703775402525], [0.17723555647113542, -0.15868474276016645, -0.376102597811655]]	[[-0.03354704194414926, -0.162121900256368, 0.22578617314720223], [-0.03188965558333873, -0.19262418695277148, -0.26156476026225833], [0.40442470360667293, 0.0, 0.017930268411061934]]	0.6440911921861893	[[0.7056932747309559, -0.7056932747309558, 0.0], [-0.7071067811865475, -0.7071067811865476, 0.0], [0.0, 0.0, -0.9980010000000002]]
2	[[-0.3195682178843842, -0.5708200961323295, -0.7563336379995778], [0.910087742671785, 0.03735879733279218, -0.41272826520656647], [0.2638493031197415, -0.8202248094963509, 0.507557688474819]]	0.12544771937332486	0.874552280626675	[[-0.040089104117793754, -0.07160807923226281, -0.09488032997237697], [0.11416843174779279, 0.004686575923929001, -0.05177581959107255], [0.03309929333461266, -0.10289533172473707, 0.06367195446956253]]	0.3876616639601318	1.0893296758078888	[[-0.20833596447000038, -0.30573668566470735, 0.19848009243247078], [0.547107588049825, -0.0816080021953396, -0.15999892605335614], [0.2826343679303154, -0.039605046335903366, 0.07732803541218915]]	[[-0.08445161737616612, -0.0844516173761661, 0.49168164904840717], [0.19430145937596055, -0.09609057573291918, 0.0], [0.18035010804819523, 0.2783646681348342, -0.11943262265771745]]	0.9999999999999999	[[0.0, 0.0, 0.0], [0.0, 0.0, 0.0], [0.0, 0.0, 0.0]]
2	[[-0.5446221603179724, 0.8109226453022452, -0.2139887049042392], [-0.8354447797583356, -0.5021691245819775, 0.22328947644507607], [0.07361197229480154, 0.30038414347728, 0.9509735242804028]]	0.25679977252955266	0.7432002274704473	[[-0.13985884688420885, 0.20824475085267974, -0.05495225074330216], [-0.21454202940294276, -0.1289569169640164, 0.05734068675933843], [0.018903537740756753, 0.07713857971645001, 0.2442097847168344]]	0.6150768829113069	0.5850512572394175	[[-0.3905526290756885, 0.5543479012975845, 0.14550105630408205], [-0.617180086934278, -0.3878745313595231, 0.13734019515873508], [0.1998048356561784, 0.005964731508665749, 0.506336630307369]]	[[-0.05556812834288803, 0.05556812834288802, 0.27712056189480905], [-0.10331731595599741, -0.07900191151734053, 0.0], [0.15452781319213837, -0.1787946111373224, -0.07858520073820102]]	0.3808762750603262	[[-0.7056932747309559, 0.7056932747309558, 0.0], [-0.7071067811865475, -0.7071067811865476, 0.0], [0.0, 0.0, 0.9980010000000002]]
2	[[0.8592155572171323, 0.2624339665249735, -0.4391776855101157], [-0.4266000482917053, 0.8413623931712975, -0.33184593135155627], [0.2824199444684594, 0.4724804086637203, 0.8348660002631537]]	0.18082516703453277	0.8191748329654673	[[0.15536779665245715, 0.04745466583241332, -0.07941437834020622], [-0.07714002498928733, 0.1521394952817741, -0.06000609596637527], [0.051068633632392654, 0.08543634881716153, 0.15096478394903706]]	0.0	0.6894577627077189	[[0.7063996744053612, 0.7063996744053611, 0.0], [-0.7071067811865476, 0.7071067811865479, 0.0], [0.0, 0.0, 0.9990000000000003]]	[[0.7063996744053612, 0.7063996744053611, 0.0], [-0.7071067811865476, 0.7071067811865477, 0.0], [0.0, 0.0, 0.9990000000000003]]	0.6894577627077187	[[0.7063996744053611, 0.706399674405361, 0.0], [-0.7071067811865475, 0.7071067811865476, 0.0], [0.0, 0.0, 0.9990000000000001]]
2	[[0.3802729664721569, 0.7767473726770865, -0.5020517802076895], [0.4287143634067757, 0.332951791095048, 0.839849450446521], [0.8195098935212374, -0.5346088512602871, -0.20639019011321075]]	0.1304000470714648	0.8695999529285355	[[0.04958761272797483, 0.10128789395972872, -0.06546757577139545], [0.05590437316845662, 0.04341692923132279, 0.10951640787117019], [0.1068641286907005, -0.06971301936916317, -0.026913290505851256]]	0.43485433903750215	0.939615718588077	[[0.13912520698007, 0.32659822272889893, 0.14786458623812196], [0.29018205514629225, -0.25483279817674626, 0.32772535638446987], [0.6417528070775876, 0.0, -0.05264333271778465]]	[[-0.02623814250901004, -0.011173742615711753, 0.36618398128293816], [0.10375375401115533, -0.3996183292247358, -0.037486821280461415], [0.2853853739957163, 0.23247697865839043, 0.037106336987720034]]	1.0000000000000007	[[0.0, 0.0, 0.0], [0.0, 0.0, 0.0], [0.0, 0.0, 0.0]]
2	[[-0.8305561570912853, 0.32773595720904825, 0.4502950280316503], [-0.5100865793185324, -0.772219296347621, -0.37879947194723407], [0.22358030216652452, -0.5443036842615101, 0.808545204538665]]	0.20149271847682565	0.7985072815231741	[[-0.16735101793998858, 0.06603640896065574, 0.0907311693146956], [-0.10277873152543601, -0.15559656528134355, -0.07632533536023424], [0.04504980288140315, -0.10967322901880346, 0.16291597127389665]]	0.5504561407932288	0.6242940732212542	[[-0.4276909848224043, 0.18113465875516044, 0.43984168540313984], [-0.34847032263341426, -0.595340724761199, -0.06727293134454772], [0.35848909361836495, -0.2635409831757956, 0.29854096691555765]]	[[0.029493752122119337, 0.0007303885506929411, 0.1919740220544588], [-0.06769003271131568, -0.170267871047625, 0.1412395641180397], [0.23541794333039587, 0.03607432228233137, -0.14652770603166765]]	0.6822733716143465	[[-0.7056932747309559, 0.7056932747309558, 0.0], [-0.7071067811865475, -0.7071067811865476, 0.0], [0.0, 0.0, 0.9980010000000002]]
2	[[0.22433838825039393, -0.7661379269479729, -0.6022499185961573], [-0.9416906372873723, -0.011392912655017143, -0.3362869982418849], [0.2507808429735371, 0.642575192824231, -0.724020780340167]]	0.15381162395224782	0.8461883760477522	[[0.03450585181162297, -0.11784091871527631, -0.09263303800438401], [-0.14484296618179787, -0.0017523623970143315, -0.05172484931361102], [0.03857300871387338, 0.09883553391972376, -0.11136281199929479]]	0.43035942026426444	0.8687765263035654	[[0.021521752502452092, -0.3342399865679241, 0.12366773921938495], [-0.4926792859633935, -0.13106789170843416, -0.14472427760578732], [0.30886292530257975, 0.03472509361239166, -0.3381399690784188]]	[[-0.07502438620800687, -0.0045253124841292125, 0.3828516650406276], [-0.08741384923211432, -0.1261648444230996, 0.0], [0.2009370271071048, -0.24181319384764233, -0.02655080579194423]]	0.9496839128944145	[[0.7056932747309559, -0.7056932747309558, 0.0], [-0.7071067811865475, -0.7071067811865476, 0.0], [0.0, 0.0, -0.9980010000000002]]
2	[[0.8787972042104137, -0.3840163418041313, 0.28327887866788265], [-0.395223040501579, -0.9183905790867732, -0.018907472103605397], [0.2674214316928388, -0.09534250611366366, -0.9588511794847616]]	0.6663074590341226	0.33369254096587725	[[0.5855491321437318, -0.2558729529350898, 0.18875082984323244], [-0.2633400598683473, -0.6119304931521845, -0.01259818969411187], [0.1781848946425226, -0.06352742298654053, -0.6388896929943632]]	0.8545718090004252	0.27141216669880797	[[0.6344898705458029, -0.2780208089434547, 0.24884122414986148], [-0.344060109815446, -0.8507928593936958, -0.016157792639203142], [0.22177173629219582, -0.08147701792418764, -0.7429704622438722]]	[[-0.11650544600080653, 0.05014873095782734, 0.006759080355037034], [-0.006313641135363307, -0.065962160854564, 0.0], [-0.006759080355037034, 0.0, 0.07643672477061204]]	0.46867221338355747	[[0.7056932747309559, -0.7056932747309558, 0.0], [-0.7071067811865475, -0.7071067811865476, 0.0], [0.0, 0.0, -0.9980010000000002]]
2	[[0.04673222253661188, -0.9725397674033924, -0.22799671093185395], [-0.8377629715199755, -0.16246744520517667, 0.5213036857710898], [-0.5440306084466285, 0.16664552219444034, -0.8223502702654952]]	0.18663875372336222	0.8133612462766376	[[0.008722043772956045, -0.18151361013457779, -0.04255302198134686], [-0.15635903692006878, -0.03032272149371283, 0.09729547022371143], [-0.10153719474784122, 0.031102512575949242, -0.15348242956642216]]	0.48834792906615254	0.9042286985478456	[[-0.08281093288006212, -0.6133426568083566, 0.12335097479650008], [-0.30327482587831245, -0.20688625340964584, 0.00827741357603363], [0.09306362583734977, 0.08138099565180247, -0.5509799895868825]]	[[-0.10563251697647513, -0.13840487546243235, 0.23469269641396517], [0.10584498631177357, -0.12754561300302922, -0.24630016178483036], [0.35873984682085974, 0.0, -0.1493869381357373]]	0.8660753222578069	[[0.7056932747309559, -0.7056932747309558, 0.0], [-0.7071067811865475, -0.7071067811865476, 0.0], [0.0, 0.0, -0.9980010000000002]]
