2	[[0.034229894132735264, 0.2773841392786001, 0.9601491309293217], [-0.1827544195208179, -0.9427759796974285, 0.2788803941677556], [0.9825625356654255, -0.18501754344446375, 0.018422055382213542]]	0.8062079774836819	0.1937920225163181	[[0.027596413718233053, 0.22362930591385213, 0.7740798889292434], [-0.14733807093808288, -0.7600735158120608, 0.22483559854183827], [0.7921497546300608, -0.14916261949936038, 0.014852008010786755]]	0.892272841726634	0.15871484989027082	[[0.0, 0.22504879503066422, 0.8293537968887279], [-0.18253642936979575, -0.821319108674182, 0.2488374018059071], [0.8541911462876146, -0.16508612925847266, 0.0]]	[[-0.030542404909817522, -0.022453539173348747, -0.027361196646935964], [-0.019469624125854096, 0.019894293842054062, 0.0], [-0.02252271958470189, 0.0, -0.01643749970633311]]	0.35960914776211317	[[0.0, 0.0, 0.9510000000000001], [0.0, -1.0, 0.0], [0.9510000000000001, 0.0, 0.0]]
2	[[0.8592155572171323, 0.2624339665249735, -0.4391776855101157], [-0.4266000482917053, 0.8413623931712975, -0.33184593135155627], [0.2824199444684594, 0.4724804086637203, 0.8348660002631537]]	0.1711752677368998	0.8288247322631003	[[0.1470764530503522, 0.04492220448316897, -0.07517635790126606], [-0.07302337748290706, 0.1440204329148555, -0.05680381614650352], [0.04834330960862891, 0.08087696045345216, 0.14290841111948]]	0.0	0.6884448014012587	[[0.6724585489084066, 0.6724585489084066, 0.0], [-0.7071067811865474, 0.7071067811865474, 0.0], [0.0, 0.0, 0.9510000000000001]]	[[0.6724585489084067, 0.6724585489084066, 0.0], [-0.7071067811865474, 0.7071067811865475, 0.0], [0.0, 0.0, 0.951]]	0.688444801401259	[[0.6724585489084068, 0.6724585489084067, 0.0], [-0.7071067811865475, 0.7071067811865476, 0.0], [0.0, 0.0, 0.9510000000000001]]
2	[[-0.8305561570912853, 0.32773595720904825, 0.4502950280316503], [-0.5100865793185324, -0.772219296347621, -0.37879947194723407], [0.22358030216652452, -0.5443036842615101, 0.808545204538665]]	0.18971234567973833	0.8102876543202615	[[-0.157566756780537, 0.062175557205722896, 0.08542652601580786], [-0.09676972146227267, -0.14649953408926428, -0.07186293636535603], [0.04241594357179604, -0.10326112870337475, 0.15339100734113398]]	0.5277540423355013	0.651180508450307	[[-0.39051939863833685, 0.1563015228227676, 0.41234565957196034], [-0.3523797162195054, -0.6016462089699828, -0.060828747186306195], [0.3304728873988164, -0.2526719367535291, 0.2725715677529535]]	[[0.047809970653228555, -0.0166624534130025, 0.17470063828467902], [-0.08317946204306169, -0.1941043537530493, 0.1390842053683999], [0.21247747914384024, 0.03458653287358922, -0.15414143235331168]]	0.6812876044097682	[[-0.6395080800118949, 0.6395080800118947, 0.0], [-0.7071067811865475, -0.7071067811865476, 0.0], [0.0, 0.0, 0.9044010000000001]]
2	[[0.8489524140446696, -0.5135124485683378, 0.12483895166604869], [0.522794976890395, 0.7815435453534784, -0.34040431673891397], [0.0772347773085365, 0.35425224329800037, 0.9319550081910795]]	0.2146201553173241	0.7853798446826759	[[0.18220229895928425, -0.11021012146911609, 0.02679295519621927], [0.11220233913933345, 0.16773499709101566, -0.07305762732919331], [0.016576139901857023, 0.07602967147812732, 0.20001632860672752]]	0.0	0.4431311640756792	[[0.6724585489084071, -0.6724585489084068, 0.0], [0.7071067811865476, 0.7071067811865478, 0.0], [0.0, 0.0, 0.9510000000000002]]	[[0.672458548908407, -0.6724585489084068, 0.0], [0.7071067811865476, 0.7071067811865477, 0.0], [0.0, 0.0, 0.9510000000000003]]	0.44313116407567904	[[0.6724585489084068, -0.6724585489084067, 0.0], [0.7071067811865475, 0.7071067811865476, 0.0], [0.0, 0.0, 0.9510000000000001]]
2	[[0.22433838825039393, -0.7661379269479729, -0.6022499185961573], [-0.9416906372873723, -0.011392912655017143, -0.3362869982418849], [0.2507808429735371, 0.642575192824231, -0.724020780340167]]	0.14398295834093353	0.8560170416590664	[[0.03230090480972866, -0.11031080521915915, -0.0867137249400611], [-0.13558740379859485, -0.001640385268189229, -0.048419596858458896], [0.036108167666562926, 0.09251987721932858, -0.10424665385368848]]	0.4098772115573466	0.8687701481444817	[[0.01944474819381431, -0.3147228534998257, 0.11111270389935662], [-0.4723778203573801, -0.12625641172982655, -0.13783637712237407], [0.28525894541000263, 0.03952315557827658, -0.32609239502835546]]	[[-0.07250644482752659, -0.0007003763340644453, 0.3579612211941886], [-0.08640028779637123, -0.12158671645927176, 0.0], [0.18246959278000846, -0.22385377267244355, -0.029332776472953626]]	0.9579943302738696	[[0.6395080800118949, -0.6395080800118947, 0.0], [-0.7071067811865475, -0.7071067811865476, 0.0], [0.0, 0.0, -0.9044010000000001]]
2	[[-0.42203838922340475, -0.825029846081567, 0.3757783270710803], [0.2588054115689476, 0.28760896992378115, 0.9221175843470338], [-0.8688517462515349, 0.4864224845687207, 0.09214016247897017]]	0.10798047257012353	0.8920195274298763	[[-0.04557190471107698, -0.08908711266434391, 0.040576721338745694], [0.027945930644920285, 0.03105615248777635, 0.09957069252301345], [-0.09381902215361788, 0.05252412975246408, 0.009949338287167162]]	0.34512824753245724	1.1374934954217728	[[-0.23161982441793283, -0.4618740975184922, 0.29416291419516016], [0.18437010691361266, 0.01245453045973003, 0.027343080187526403], [0.1708321178863294, 0.1678781396595863, -0.08976909656403845]]	[[-0.08596245475383806, -0.17713299257838802, 0.16447119871243965], [0.09504904876690543, -0.0868074493046797, -0.2909057457170282], [0.47069739843563685, 0.0, -0.1215692693677613]]	1.0000000000000002	[[0.0, 0.0, 0.0], [0.0, 0.0, 0.0], [0.0, 0.0, 0.0]]
2	[[0.8787972042104137, -0.3840163418041313, 0.28327887866788265], [-0.395223040501579, -0.9183905790867732, -0.018907472103605397], [0.2674214316928388, -0.09534250611366366, -0.9588511794847616]]	0.5913117527199602	0.4086882472800399	[[0.5196431151070606, -0.2270733761453082, 0.16750613025365066], [-0.2337000287943005, -0.5430551430012991, -0.011180210469086661], [0.15812943548917363, -0.056377144398783975, -0.5669799715387356]]	0.8184327262264054	0.3285773916927857	[[0.58369831474031, -0.25267915747958064, 0.23861792587893768], [-0.3479067672943264, -0.8463297160150285, -0.015474493939803474], [0.21209323046331519, -0.07803142720386347, -0.6795661204304667]]	[[-0.13553807690176195, 0.06161238405866566, 0.006773220928423316], [-0.024443296789130074, -0.09468881063239346, 0.0], [-0.006773220928423316, 0.0, 0.10518906444065124]]	0.49061935277939234	[[0.6395080800118949, -0.6395080800118947, 0.0], [-0.7071067811865475, -0.7071067811865476, 0.0], [0.0, 0.0, -0.9044010000000001]]
2	[[-0.30792515101507295, 0.09349718223056193, 0.9468053539599837], [0.3027085282091916, -0.9338174967034747, 0.1906631317268273], [0.9019698710720718, 0.34531602882779927, 0.2592434992682147]]	0.5742242887174708	0.4257757112825294	[[-0.17681810081985, 0.05368835296343216, 0.5436786309315648], [0.17382258929963548, -0.5362206878364819, 0.10948340120048282], [0.5179330076609492, 0.19828885103638466, 0.14886391397191875]]	0.79131922143074	0.3008527622089019	[[-0.1048070979089277, 0.13645186349785454, 0.7598185868095969], [0.302139439341143, -0.8123551091936277, 0.15087540095361962], [0.7031527848632102, 0.27325521107956907, 0.1048070979089277]]	[[0.13885999285126283, 0.062465746049198245, 0.010593311267526537], [0.06260036247820033, -0.07340737474383142, 0.0], [-0.010593311267526537, 0.0, -0.10033726609297658]]	0.4750953088115039	[[0.0, 0.0, 0.9510000000000001], [0.0, -1.0, 0.0], [0.9510000000000001, 0.0, 0.0]]
2	[[0.08740825448676931, -0.06334395238859675, -0.994156597696443], [0.7119981850616444, -0.6940087028176986, 0.10681996481098455], [-0.6967197295301035, -0.717174639895393, -0.015561310176609944]]	0.15818879530844554	0.8418112046915547	[[0.013827006477276044, -0.010020303518427654, -0.15726443453754332], [0.11263013515670126, -0.10978440063230875, 0.01689772154834019], [-0.11021325468199311, -0.11344899231082047, -0.0024616249102589575]]	0.45277741266732774	1.0257679155194002	[[0.061876991534864444, -0.01525787516258622, -0.00011656592966903176], [0.6350553857080646, -0.6367262344232184, 0.03854958734754017], [0.009027225006289625, -0.012789221257607114, 0.024491871416702796]]	[[0.022300508222577668, 0.013422835708045075, 0.45001508616147984], [0.31267868965202017, -0.32249476959281265, -0.009816079940792402], [0.3244861814972103, 0.3119312566248514, 0.03153768117618206]]	0.8143177394492647	[[0.0, 0.0, -0.9044010000000001], [0.0, -1.0, 0.0], [-0.9044010000000001, 0.0, 0.0]]
2	[[0.3802729664721569, 0.7767473726770865, -0.5020517802076895], [0.4287143634067757, 0.332951791095048, 0.839849450446521], [0.8195098935212374, -0.5346088512602871, -0.20639019011321075]]	0.12602762865350517	0.8739723713464953	[[0.047924900205519816, 0.09789162944133366, -0.06327239532084591], [0.054029854589853, 0.04196112468764618, 0.10584423466572455], [0.10328088853856812, -0.06737548578150844, -0.02601086623731405]]	0.4161356780301153	0.8666015568787662	[[0.026774280112631076, 0.3152079655198583, 0.12514344027793073], [0.2790212630797002, -0.14156158635040836, 0.327990607763948], [0.5909968810405055, 0.0, -0.06973467764979203]]	[[-0.1314708686267833, -0.008024329067231686, 0.33406509824088404], [0.1006179207821723, -0.28011470568908753, -0.021500712740834742], [0.24996957584765778, 0.22246981680010072, 0.01615164405173332]]	1.0000000000000007	[[0.0, 0.0, 0.0], [0.0, 0.0, 0.0], [0.0, 0.0, 0.0]]
2	[[-0.5446221603179724, 0.8109226453022452, -0.2139887049042392], [-0.8354447797583356, -0.5021691245819775, 0.22328947644507607], [0.07361197229480154, 0.30038414347728, 0.9509735242804028]]	0.241823131999408	0.7581768680005919	[[-0.13170223656437574, 0.19609985389623397, -0.05174741883244021], [-0.20202987325371635, -0.12143611049981469, 0.053996560536456344], [0.017801077692982552, 0.07263983437863539, 0.22996739609000208]]	0.5988662697471901	0.5807111485705747	[[-0.3675842446114581, 0.5334078910953083, 0.13800039155532023], [-0.6103297536555297, -0.3859010507185991, 0.13372053583246582], [0.1830963758035477, 0.012065649546783694, 0.5019437930257222]]	[[-0.041428403040178044, 0.04777367144962883, 0.26615100902935424], [-0.11001005482189251, -0.08516890029797825, 0.0], [0.13901264854662637, -0.16782428194865975, -0.06756217408842141]]	0.41126560137332185	[[-0.6395080800118949, 0.6395080800118947, 0.0], [-0.7071067811865475, -0.7071067811865476, 0.0], [0.0, 0.0, 0.9044010000000001]]
2	[[0.04673222253661188, -0.9725397674033924, -0.22799671093185395], [-0.8377629715199755, -0.16246744520517667, 0.5213036857710898], [-0.5440306084466285, 0.16664552219444034, -0.8223502702654952]]	0.1788406317138126	0.8211593682861873	[[0.008357620199838153, -0.17392962636922707, -0.04077507581172426], [-0.14982605905307317, -0.029055780533423038, 0.09323028047804055], [-0.0972947776862449, 0.02980299046153189, -0.14706964182430565]]	0.4698444332482057	0.8823349235352231	[[-0.06276076589002412, -0.5735781767327154, 0.10575847284590265], [-0.3032858869579533, -0.19468776827378909, 0.0], [0.07478253331727111, 0.0747825333172711, -0.5061855328348138]]	[[-0.08471764050216755, -0.11663578090572667, 0.21288145827613456], [0.09033238159218226, -0.11835334356007898, -0.24493163479131838], [0.3303922862125539, -0.0035149376115270327, -0.11980883617041357]]	0.8806919507301337	[[0.6395080800118949, -0.6395080800118947, 0.0], [-0.7071067811865475, -0.7071067811865476, 0.0], [0.0, 0.0, -0.9044010000000001]]
2	[[0.5319609947059123, -0.8460851799387872, 0.03402011756955908], [-0.703274286200726, -0.4190807785627857, 0.5742617690636116], [-0.47161719485230363, -0.3294103357928521, -0.8179645788128509]]	0.15318516654147457	0.8468148334585256	[[0.08148853356759365, -0.1296076991971966, 0.005211377375653428], [-0.10773118865599488, -0.06419695885847111, 0.08796838473241116], [-0.07224475853727323, -0.05046077714891112, -0.12530004023047364]]	0.4643517340404626	0.8131602513993935	[[0.21765800378262248, -0.5228338697773915, 0.2300688421128143], [-0.3823801358458, -0.3990594560181327, 0.0022318889812899933], [0.14408786674751412, -0.15296226063626192, -0.3415063826381607]]	[[-0.029359006550957214, -0.12995274932687903, 0.2142715415271291], [-0.055813501542424385, -0.204458569789476, -0.2644275592765417], [0.36308412898048, 0.0, 0.03831688791726313]]	0.6773105591760625	[[0.6395080800118949, -0.6395080800118947, 0.0], [-0.7071067811865475, -0.7071067811865476, 0.0], [0.0, 0.0, -0.9044010000000001]]
2	[[-0.3195682178843842, -0.5708200961323295, -0.7563336379995778], [0.910087742671785, 0.03735879733279218, -0.41272826520656647], [0.2638493031197415, -0.8202248094963509, 0.507557688474819]]	0.11778442040377403	0.8822155795962259	[[-0.037640157322979165, -0.067233714177773, -0.08908431918365808], [0.1071941572871753, 0.004400284290825011, -0.04861295950161056], [0.03107733724189843, -0.09660970378732366, 0.059782388158485876]]	0.36918934622825733	1.0750676910509933	[[-0.19085149028686987, -0.2836110069558506, 0.18822128566718987], [0.5406594067525732, -0.07739607097604946, -0.15237487840153507], [0.2527516681863324, -0.044848985724627116, 0.0843307121100195]]	[[-0.07287030885080487, -0.07287030885080485, 0.46745160701069344], [0.20466470802522635, -0.09118854093921706, 0.0], [0.1553413164647737, 0.25796927545352755, -0.10305417907112442]]	0.9743549867371675	[[1.8058487848402712e-16, -0.9044010000000001, 0.0], [1.0, 1.7938038903913487e-16, 0.0], [0.0, 0.0, 0.9044010000000001]]
