2	[[-0.42203838922340475, -0.825029846081567, 0.3757783270710803], [0.2588054115689476, 0.28760896992378115, 0.9221175843470338], [-0.8688517462515349, 0.4864224845687207, 0.09214016247897017]]	0.10434412797528383	0.8956558720247164	[[-0.0440372276956096, -0.08608701984296374, 0.03921026185024286], [0.027004824985446263, 0.030010307164566534, 0.09621755522936648], [-0.09065957780241898, 0.05075532997989411, 0.009614284905369093]]	0.332396259501351	1.1240064608508245	[[-0.22353298056744567, -0.43307487673130624, 0.27254396943400633], [0.18624746718613436, 0.018085351856134586, 0.015065527053252415], [0.14801008691833678, 0.16168501440799635, -0.08710481754963283]]	[[-0.08324899862361064, -0.15883804191681794, 0.14763665911390403], [0.10022151644190848, -0.07751479394556687, -0.29144290880412316], [0.43681315743356397, 0.0, -0.11773186290748928]]	1.0000000000000002	[[0.0, 0.0, 0.0], [0.0, 0.0, 0.0], [0.0, 0.0, 0.0]]
2	[[0.034229894132735264, 0.2773841392786001, 0.9601491309293217], [-0.1827544195208179, -0.9427759796974285, 0.2788803941677556], [0.9825625356654255, -0.18501754344446375, 0.018422055382213542]]	0.7284905440581269	0.2715094559418732	[[0.024936154199808394, 0.20207172253616265, 0.6994595627676393], [-0.1331348665057478, -0.6868033863747135, 0.20316173007441315], [0.7157875161780385, -0.1347835308841555, 0.013420293148057684]]	0.8575800636520119	0.21635043383606348	[[0.001722717128843863, 0.2003828439661674, 0.7773137500976238], [-0.18894196967757418, -0.8209553122930207, 0.23916226618168202], [0.7938792978920659, -0.15866735668384208, -0.0024362899277434293]]	[[-0.02763215766030887, -0.03749626385243299, -0.04609100272016766], [-0.03221542295222467, -0.012449427614511923, 0.0], [-0.04874674398597196, 0.0, -0.01823467735502301]]	0.3780483609883325	[[0.0, 0.0, 0.9114], [0.0, -1.0, 0.0], [0.9114, 0.0, 0.0]]
2	[[0.3802729664721569, 0.7767473726770865, -0.5020517802076895], [0.4287143634067757, 0.332951791095048, 0.839849450446521], [0.8195098935212374, -0.5346088512602871, -0.20639019011321075]]	0.12188674049781514	0.8781132595021851	[[0.04635023238272614, 0.09467520544585177, -0.06119345505064076], [0.05225459636024768, 0.040582408559484875, 0.10236651202380777], [0.09988738972701515, -0.06516173032139767, -0.025156227543623677]]	0.39984180243544415	0.8993007918696391	[[0.20471725389125425, 0.3303791225369418, 0.1078603691545996], [0.23861585188375606, -0.20720319161216352, 0.32822149890390856], [0.5503439961821851, 0.0, -0.08165944541555271]]	[[0.05266822555955382, 0.01980305300873986, 0.3086016578687657], [0.06719792808922682, -0.340331235887717, -0.007585419137045637], [0.2226696832429747, 0.21375896668585553, 0.0008639802043074324]]	1.0000000000000007	[[0.0, 0.0, 0.0], [0.0, 0.0, 0.0], [0.0, 0.0, 0.0]]
2	[[-0.3195682178843842, -0.5708200961323295, -0.7563336379995778], [0.910087742671785, 0.03735879733279218, -0.41272826520656647], [0.2638493031197415, -0.8202248094963509, 0.507557688474819]]	0.11134855400145072	0.8886514459985492	[[-0.03558345896624675, -0.06355999229930398, -0.08421665693390967], [0.10133695416094762, 0.00415984806223961, -0.04595669552627844], [0.029379238376673666, -0.09133084649353405, 0.056515814683989876]]	0.35325402292838887	1.081223031403452	[[-0.048861293621848836, -0.2656719602729808, 0.1794931103944688], [0.5350968208789787, -0.22792493378971243, -0.1457979200604746], [0.22946640830326598, -0.04828954263985866, 0.08874828603115245]]	[[0.06402746494586574, -0.06402746494586573, 0.4466710106938834], [0.21360466456235425, -0.24112207923928763, 0.0], [0.1362605805293654, 0.24145817102039868, -0.09054850929081125]]	0.9556698244115165	[[1.6585875301924918e-16, -0.83064996, 0.0], [1.0, 1.7938038903913487e-16, 0.0], [0.0, 0.0, 0.83064996]]
2	[[0.5319609947059123, -0.8460851799387872, 0.03402011756955908], [-0.703274286200726, -0.4190807785627857, 0.5742617690636116], [-0.47161719485230363, -0.3294103357928521, -0.8179645788128509]]	0.14618546281803274	0.8538145371819673	[[0.07776496421222485, -0.12368535361283012, 0.0049732466320298735], [-0.10280847701627474, -0.06126351757234229, 0.0839487224892663], [-0.06894357790242633, -0.04815500239492166, -0.11957453052251378]]	0.44733675420404667	0.8284635510470383	[[0.2119431837215459, -0.47616693483451666, 0.21907872795535535], [-0.38217285039527216, -0.3978108459344299, 0.0], [0.11849837954145456, -0.13982901627185887, -0.3130271438321878]]	[[-0.026022521013352968, -0.09768193666055273, 0.2038602789841487], [-0.06757241389107153, -0.21034061070284857, -0.25688839583638984], [0.32947008471350153, 0.007528334142980682, 0.05287847590783303]]	0.705800995281428	[[0.5873582195083346, -0.5873582195083344, 0.0], [-0.7071067811865475, -0.7071067811865476, 0.0], [0.0, 0.0, -0.83064996]]
2	[[0.8592155572171323, 0.2624339665249735, -0.4391776855101157], [-0.4266000482917053, 0.8413623931712975, -0.33184593135155627], [0.2824199444684594, 0.4724804086637203, 0.8348660002631537]]	0.16290420595241897	0.8370957940475813	[[0.1399698280904222, 0.0427515969316945, -0.07154389213004661], [-0.06949494212622387, 0.13706147257779705, -0.0540590979453662], [0.046007396798760675, 0.07696904580143778, 0.13600318284954105]]	0.0	0.6897140217561416	[[0.6444571203734198, 0.6444571203734197, 0.0], [-0.7071067811865478, 0.7071067811865481, 0.0], [0.0, 0.0, 0.9114000000000005]]	[[0.6444571203734198, 0.6444571203734196, 0.0], [-0.7071067811865477, 0.707106781186548, 0.0], [0.0, 0.0, 0.9114000000000005]]	0.6897140217561417	[[0.6444571203734194, 0.6444571203734194, 0.0], [-0.7071067811865475, 0.7071067811865476, 0.0], [0.0, 0.0, 0.9114]]
2	[[0.8489524140446696, -0.5135124485683378, 0.12483895166604869], [0.522794976890395, 0.7815435453534784, -0.34040431673891397], [0.0772347773085365, 0.35425224329800037, 0.9319550081910795]]	0.20623953497778605	0.7937604650222139	[[0.17508755109084156, -0.10590656859803825, 0.025746727338720188], [0.10782099292259746, 0.16118517735859167, -0.07020482798866462], [0.01592886455622544, 0.07306081792261712, 0.19220596750954702]]	0.0	0.45787049949137837	[[0.6444571203734191, -0.6444571203734193, 0.0], [0.7071067811865474, 0.7071067811865475, 0.0], [0.0, 0.0, 0.9113999999999998]]	[[0.6444571203734193, -0.6444571203734193, 0.0], [0.7071067811865474, 0.7071067811865475, 0.0], [0.0, 0.0, 0.9113999999999998]]	0.45787049949137837	[[0.6444571203734194, -0.6444571203734194, 0.0], [0.7071067811865475, 0.7071067811865476, 0.0], [0.0, 0.0, 0.9114]]
2	[[0.8787972042104137, -0.3840163418041313, 0.28327887866788265], [-0.395223040501579, -0.9183905790867732, -0.018907472103605397], [0.2674214316928388, -0.09534250611366366, -0.9588511794847616]]	0.5381902744105613	0.46180972558943867	[[0.4729601084852366, -0.2066738603737053, 0.15245793744498387], [-0.2127051966209212, -0.494268877774785, -0.010175817599849422], [0.1439236137060341, -0.051312409528303266, -0.5160443794057943]]	0.7870380604228279	0.3743622365098093	[[0.5431212513384522, -0.23304502199367866, 0.2296919587580358], [-0.3510101235334868, -0.841695472589529, -0.014880900171920317], [0.20373014538251571, -0.07503818108754945, -0.628381966893346]]	[[-0.14852559576831564, 0.0691904548305145, 0.006740699532511863], [-0.039954548302711335, -0.11888713251447738, 0.0], [-0.006740699532511863, 0.0, 0.1262704056424817]]	0.5141100419625981	[[0.9114, 0.0, 0.0], [0.0, -1.0, 0.0], [0.0, 0.0, -0.9114]]
2	[[0.04673222253661188, -0.9725397674033924, -0.22799671093185395], [-0.8377629715199755, -0.16246744520517667, 0.5213036857710898], [-0.5440306084466285, 0.16664552219444034, -0.8223502702654952]]	0.17200882099015796	0.8279911790098419	[[0.00803835450077231, -0.16728541875709993, -0.03921744543702203], [-0.14410262100036222, -0.02794583369902555, 0.08966883236730894], [-0.09357806354146272, 0.02866449979595488, -0.14145150042930565]]	0.45270290378718026	0.8703927570628265	[[0.121523595635192, -0.5359336063316867, 0.0895929001543143], [-0.30920834114055407, -0.38424096230865257, 0.0], [0.06335174724528493, 0.06335174724528492, -0.46969253633330654]]	[[0.10036778279243913, -0.0956620295796621, 0.19280767324709094], [0.07004938875191567, -0.3106914780933845, -0.2359956923035321], [0.30963598343818016, -0.012089164555269219, -0.09741218105394422]]	0.8956938445600585	[[0.5873582195083346, -0.5873582195083344, 0.0], [-0.7071067811865475, -0.7071067811865476, 0.0], [0.0, 0.0, -0.83064996]]
2	[[-0.5446221603179724, 0.8109226453022452, -0.2139887049042392], [-0.8354447797583356, -0.5021691245819775, 0.22328947644507607], [0.07361197229480154, 0.30038414347728, 0.9509735242804028]]	0.2293222529682219	0.7706777470317782	[[-0.12489398082053751, 0.18596260800366116, -0.049072371918392144], [-0.19158607912472148, -0.1151585550202188, 0.05120524580247956], [0.016880863332078194, 0.06888476853813946, 0.21807939110111196]]	0.58428812279172	0.5803050939426725	[[-0.32713134649272657, 0.5155570047454917, 0.1318228543302501], [-0.6041692732208601, -0.4103234635731298, 0.13046538903123947], [0.16984275282113726, 0.016582915603435246, 0.4966068483506895]]	[[-0.008915086809767436, 0.04174453459254715, 0.25685391301737936], [-0.11602881115972034, -0.11691200844716486, 0.0], [0.12683215171401158, -0.15892797170530337, -0.059035686975733005]]	0.44267382328779376	[[-0.5873582195083346, 0.5873582195083344, 0.0], [-0.7071067811865475, -0.7071067811865476, 0.0], [0.0, 0.0, 0.83064996]]
2	[[-0.30792515101507295, 0.09349718223056193, 0.9468053539599837], [0.3027085282091916, -0.9338174967034747, 0.1906631317268273], [0.9019698710720718, 0.34531602882779927, 0.2592434992682147]]	0.5200241532398219	0.4799758467601782	[[-0.1601285159178576, 0.04862079301975728, 0.4923616524759703], [0.1574157460604576, -0.48560765300375464, 0.09914943363029598], [0.46904611845208544, 0.17957267549131423, 0.13481288118988172]]	0.7592878219212235	0.3395737311107003	[[-0.07773790338057421, 0.12025169456329833, 0.731273523807171], [0.31564951306702776, -0.8092887413721618, 0.14476819400954202], [0.672478990029338, 0.2621942554031461, 0.07773790338057421]]	[[0.15606591384842433, 0.049260422711683245, 0.012375748815542102], [0.08580661400609146, -0.10025248822825128, 0.0], [-0.012375748815542102, 0.0, -0.11910252852602482]]	0.48474742129970305	[[0.0, 0.0, 0.9114], [0.0, -1.0, 0.0], [0.9114, 0.0, 0.0]]
2	[[-0.8305561570912853, 0.32773595720904825, 0.4502950280316503], [-0.5100865793185324, -0.772219296347621, -0.37879947194723407], [0.22358030216652452, -0.5443036842615101, 0.808545204538665]]	0.17985603262022246	0.8201439673797775	[[-0.14938053528273687, 0.05894528901061041, 0.08098827725038446], [-0.09174214844905167, -0.13888829895386295, -0.06812937018306477], [0.040212266119701634, -0.09789630119184542, 0.14542173268243058]]	0.5080365838726867	0.6735431546643381	[[-0.3616828198719716, 0.13745108003658152, 0.38984351018519425], [-0.35568315166748304, -0.6066049213471898, -0.05521187420705433], [0.30809013778349137, -0.24323184152354418, 0.25221507499524726]]	[[0.06027009289111148, -0.029050776076148366, 0.161077162409139], [-0.09654050843119169, -0.21428926803017462, 0.13723211549379608], [0.19450316484958724, 0.033294342817990825, -0.15855546862521874]]	0.6879913269184478	[[-0.5873582195083346, 0.5873582195083344, 0.0], [-0.7071067811865475, -0.7071067811865476, 0.0], [0.0, 0.0, 0.83064996]]
2	[[0.22433838825039393, -0.7661379269479729, -0.6022499185961573], [-0.9416906372873723, -0.011392912655017143, -0.3362869982418849], [0.2507808429735371, 0.642575192824231, -0.724020780340167]]	0.13563907115203694	0.864360928847963	[[0.030429050606028463, -0.10391823678557013, -0.08168861955977264], [-0.12773004335422888, -0.0015453240902427723, -0.04561365608203594], [0.034015680603655424, 0.08715830230001972, -0.09820550614011322]]	0.3922060541789216	0.8697915391242311	[[0.017812708594365064, -0.2984326206068112, 0.10129384327360677], [-0.4548626002524615, -0.12210527641323365, -0.1318937966521236], [0.26624702252165083, 0.04268283442541065, -0.3150837371416817]]	[[-0.07017416546218089, 0.0020513126782721047, 0.3374999074757824], [-0.08552583114474722, -0.11763690709520432, 0.0], [0.16788925763533613, -0.20933904646544071, -0.031118403740921077]]	0.9681374193427925	[[0.5873582195083346, -0.5873582195083344, 0.0], [-0.7071067811865475, -0.7071067811865476, 0.0], [0.0, 0.0, -0.83064996]]
2	[[0.08740825448676931, -0.06334395238859675, -0.994156597696443], [0.7119981850616444, -0.6940087028176986, 0.10681996481098455], [-0.6967197295301035, -0.717174639895393, -0.015561310176609944]]	0.1457550518397114	0.8542449481602887	[[0.012740194663937755, -0.009232701064132138, -0.14490334643403624], [0.10377733237344042, -0.10115527445640458, 0.015569549508541199], [-0.10155042029540993, -0.10453182681607937, -0.0022681395714855765]]	0.43314568032543044	1.0225675602854492	[[0.05798764965210614, -0.014418014788692965, -0.0010417000454468993], [0.6353923917665687, -0.6361574763585038, 0.03771145521320147], [0.006998907728937912, -0.011913274425745234, 0.02172376261703872]]	[[0.02012714179637609, 0.013019144563167457, 0.42957293581379413], [0.3269934535075711, -0.3355506046247621, -0.008557151117190968], [0.30878004897240446, 0.2987278228838903, 0.02846407690024145]]	0.8393258528073699	[[0.0, 0.0, -0.83064996], [0.0, -1.0, 0.0], [-0.83064996, 0.0, 0.0]]
