2	[[0.8787972042104137, -0.3840163418041313, 0.28327887866788265], [-0.395223040501579, -0.9183905790867732, -0.018907472103605397], [0.2674214316928388, -0.09534250611366366, -0.9588511794847616]]	0.6437259787326639	0.35627402126733615	[[0.5657045903878772, -0.24720129547720157, 0.18235397342477436], [-0.2544153385645782, -0.5911918743814911, -0.012171230985253925], [0.17214612285056285, -0.06137444806284313, -0.6172374139727975]]	0.844845792659699	0.28783337248880536	[[0.6198949596874981, -0.2705149941427165, 0.2460984069315932], [-0.34553584720074243, -0.8502086219170827, -0.01597389825656165], [0.2191584332930528, -0.08054971515176036, -0.7254727071029577]]	[[-0.12255316089077617, 0.05391959654307264, 0.006771438139675133], [-0.01163332427080957, -0.07431020515731775, 0.0], [-0.006771438139675133, 0.0, 0.08460867767153314]]	0.4737744752524682	[[0.6866099900573782, -0.6866099900573781, 0.0], [-0.7071067811865475, -0.7071067811865476, 0.0], [0.0, 0.0, -0.9710131600000002]]
2	[[-0.8305561570912853, 0.32773595720904825, 0.4502950280316503], [-0.5100865793185324, -0.772219296347621, -0.37879947194723407], [0.22358030216652452, -0.5443036842615101, 0.808545204538665]]	0.1981748903078395	0.8018251096921604	[[-0.16459537532606622, 0.06494903736983791, 0.08923716778633782], [-0.10108635190395124, -0.15303447434728681, -0.07506854380181065], [0.04430800185684464, -0.10786732292267767, 0.16023335721837964]]	0.5441550694081906	0.6318717196598	[[-0.416907139610163, 0.17387668353965452, 0.43202537460632706], [-0.34956678956540316, -0.5971541684623959, -0.06548672916277595], [0.3504519144881361, -0.2605242295694485, 0.2910371812799636]]	[[0.03504420369924533, -0.0044624990029948665, 0.18699505237360126], [-0.0720005915921407, -0.17694712366001214, 0.14063892378645712], [0.22878955964440678, 0.035661379519007365, -0.1489367906154333]]	0.6808548500440292	[[-0.6866099900573782, 0.6866099900573781, 0.0], [-0.7071067811865475, -0.7071067811865476, 0.0], [0.0, 0.0, 0.9710131600000002]]
2	[[0.8489524140446696, -0.5135124485683378, 0.12483895166604869], [0.522794976890395, 0.7815435453534784, -0.34040431673891397], [0.0772347773085365, 0.35425224329800037, 0.9319550081910795]]	0.221386954480815	0.778613045519185	[[0.1879469894444853, -0.11368495707653044, 0.027637715309924205], [0.11573998775163259, 0.1730235452999453, -0.07536107497495087], [0.01709877212834085, 0.07842682526174101, 0.2063226809765661]]	0.0	0.4315487331825451	[[0.696783022181224, -0.6967830221812239, 0.0], [0.7071067811865475, 0.7071067811865476, 0.0], [0.0, 0.0, 0.9854]]	[[0.696783022181224, -0.6967830221812239, 0.0], [0.7071067811865475, 0.7071067811865476, 0.0], [0.0, 0.0, 0.9854]]	0.4315487331825451	[[0.696783022181224, -0.6967830221812239, 0.0], [0.7071067811865475, 0.7071067811865476, 0.0], [0.0, 0.0, 0.9854]]
2	[[0.3802729664721569, 0.7767473726770865, -0.5020517802076895], [0.4287143634067757, 0.332951791095048, 0.839849450446521], [0.8195098935212374, -0.5346088512602871, -0.20639019011321075]]	0.12923180317606522	0.8707681968239351	[[0.04914336115630822, 0.10038046358333104, -0.0648810568439933], [0.055403530230536555, 0.043027960333913595, 0.10853525887763135], [0.10590674126037473, -0.06908846584225177, -0.026672176426181138]]	0.4296639850856699	0.9428601695643821	[[0.14153954701310323, 0.32349440241210015, 0.1412303751211836], [0.28708736470953755, -0.26023107029752496, 0.32779890590519467], [0.6272066833951326, 0.0, -0.05777779284696277]]	[[-0.021850051181673116, -0.01024596913716088, 0.3569439437245744], [0.10288424286471617, -0.4032884637008347, -0.03305415584566741], [0.2750927967276647, 0.22970216949456718, 0.03090063871966839]]	1.0000000000000007	[[0.0, 0.0, 0.0], [0.0, 0.0, 0.0], [0.0, 0.0, 0.0]]
2	[[0.08740825448676931, -0.06334395238859675, -0.994156597696443], [0.7119981850616444, -0.6940087028176986, 0.10681996481098455], [-0.6967197295301035, -0.717174639895393, -0.015561310176609944]]	0.16935123491873805	0.8306487650812618	[[0.014802695839425721, -0.010727376561642615, -0.1683616475225037], [0.12057777190008964, -0.11753123086652872, 0.018090092954716374], [-0.11799034658817219, -0.12145441091868606, -0.002635327095362426]]	0.4692085981731808	1.0287557609877032	[[0.06530288675086937, -0.015986031252804546, 0.0007893019711803471], [0.6347733214985779, -0.6372022682803701, 0.039251079418535284], [0.010956377595798764, -0.013567822796976223, 0.027050004558083054]]	[[0.02429018219436768, 0.013735495850197628, 0.46725612554094725], [0.3006976511839547, -0.31156741771129, -0.010869766527335267], [0.3378632652082163, 0.32293668463369685, 0.03435150509178824]]	0.7931186616396847	[[0.0, 0.0, -0.9710131600000002], [0.0, -1.0, 0.0], [-0.9710131600000002, 0.0, 0.0]]
2	[[-0.30792515101507295, 0.09349718223056193, 0.9468053539599837], [0.3027085282091916, -0.9338174967034747, 0.1906631317268273], [0.9019698710720718, 0.34531602882779927, 0.2592434992682147]]	0.6259325764155091	0.374067423584491	[[-0.19274038311799935, 0.05852293216116599, 0.5926363145681707], [0.18947512896492613, -0.5845067916134873, 0.11934226526922263], [0.5645723252493067, 0.21614455160175663, 0.16226895141592584]]	0.8184632522703553	0.26835956917734183	[[-0.1298090348513429, 0.1515273482697279, 0.7837292251040741], [0.2910655505590514, -0.8147983573579379, 0.15605076688119024], [0.7294253582925199, 0.28262848001548435, 0.1298090348513429]]	[[0.12221638570429397, 0.07500334042318813, 0.008803835835001078], [0.0433097440709839, -0.050503051979050216, 0.0], [-0.008803835835001078, 0.0, -0.08237224268966759]]	0.4685159906695555	[[0.0, 0.0, 0.9854], [0.0, -1.0, 0.0], [0.9854, 0.0, 0.0]]
2	[[0.034229894132735264, 0.2773841392786001, 0.9601491309293217], [-0.1827544195208179, -0.9427759796974285, 0.2788803941677556], [0.9825625356654255, -0.18501754344446375, 0.018422055382213542]]	0.8263425293570665	0.1736574706429334	[[0.02828561729726907, 0.22921431125501124, 0.7934120614121251], [-0.15101774927801515, -0.7790558876802596, 0.23045073030467889], [0.8119332109732608, -0.15288786482532912, 0.015222927840494303]]	0.9212544498085732	0.12616059614260103	[[0.0, 0.2494725108373846, 0.8732663191675201], [-0.17553648314185896, -0.8208707406944636, 0.25691980409141374], [0.9059992458970191, -0.17044823519086322, 0.0]]	[[-0.03153444228625873, -0.00606886177934677, -0.011275340180951773], [-0.00717316093612272, 0.047665825774429536, 0.0], [0.0008091377000509267, 0.0, -0.01697140049548421]]	0.34453383233032187	[[0.0, 0.0, 0.9854], [0.0, -1.0, 0.0], [0.9854, 0.0, 0.0]]
2	[[-0.42203838922340475, -0.825029846081567, 0.3757783270710803], [0.2588054115689476, 0.28760896992378115, 0.9221175843470338], [-0.8688517462515349, 0.4864224845687207, 0.09214016247897017]]	0.1109653800813662	0.889034619918634	[[-0.04683165026910265, -0.09154975044891211, 0.04169838488978238], [0.028718440861862683, 0.031914638662402545, 0.10232312822677986], [-0.09641246425716023, 0.05397605588029058, 0.010224368150237775]]	0.3556538236470871	1.151496326840104	[[-0.2382412986288581, -0.48732539285331666, 0.31353949016831417], [0.182818087040932, 0.007799512009277636, 0.037492973487809736], [0.19200693860931056, 0.17299801654478175, -0.09188123139113213]]	[[-0.08814173177569658, -0.1939003734714398, 0.17989249130177876], [0.09077295283587768, -0.0944897178593153, -0.2904616712374282], [0.5010173843461178, 0.0, -0.12465123248824168]]	1.0000000000000002	[[0.0, 0.0, 0.0], [0.0, 0.0, 0.0], [0.0, 0.0, 0.0]]
2	[[-0.3195682178843842, -0.5708200961323295, -0.7563336379995778], [0.910087742671785, 0.03735879733279218, -0.41272826520656647], [0.2638493031197415, -0.8202248094963509, 0.507557688474819]]	0.12329309423218084	0.876706905767819	[[-0.039400554401229484, -0.07037817590206583, -0.09325071450085007], [0.11220753381678514, 0.004606081719952901, -0.050886544894397714], [0.032530796992637515, -0.10112805472880616, 0.06257835791339372]]	0.3825217416989972	1.102176481841815	[[-0.041167549211618, -0.29942533945448896, 0.19560916159506103], [0.5453133816554433, -0.2474249989949888, -0.15787753485522146], [0.2739830973000946, -0.04121031840701239, 0.07949555829215027]]	[[0.08107424208516123, -0.08107424208516122, 0.4849232221081985], [0.19718503322972342, -0.26171555121850837, 0.0], [0.17305500232466448, 0.27254350430625995, -0.11465629271595457]]	0.9953996844371508	[[1.938855590661567e-16, -0.9710131600000002, 0.0], [1.0, 1.7938038903913487e-16, 0.0], [0.0, 0.0, 0.9710131600000002]]
2	[[0.8592155572171323, 0.2624339665249735, -0.4391776855101157], [-0.4266000482917053, 0.8413623931712975, -0.33184593135155627], [0.2824199444684594, 0.4724804086637203, 0.8348660002631537]]	0.17818714928398946	0.8218128507160106	[[0.15310117076097532, 0.04676236037037496, -0.078255819810188], [-0.07601464648951123, 0.1499199663539486, -0.059130680509024286], [0.05032360480577738, 0.08418993711232269, 0.1487623926210178]]	0.0	0.6888806419497571	[[0.6967830221812239, 0.6967830221812238, 0.0], [-0.7071067811865474, 0.7071067811865475, 0.0], [0.0, 0.0, 0.9853999999999999]]	[[0.6967830221812239, 0.6967830221812238, 0.0], [-0.7071067811865474, 0.7071067811865475, 0.0], [0.0, 0.0, 0.9853999999999999]]	0.688880641949757	[[0.696783022181224, 0.6967830221812239, 0.0], [-0.7071067811865475, 0.7071067811865476, 0.0], [0.0, 0.0, 0.9854]]
2	[[0.22433838825039393, -0.7661379269479729, -0.6022499185961573], [-0.9416906372873723, -0.011392912655017143, -0.3362869982418849], [0.2507808429735371, 0.642575192824231, -0.724020780340167]]	0.15106214880257016	0.8489378511974297	[[0.03388903898800977, -0.1157344415239073, -0.09097716681930851], [-0.14225381117589217, -0.0017210378667869147, -0.05080023656878526], [0.037883493018102427, 0.09706878939525419, -0.10937213485589928]]	0.42466049357406993	0.8686337792000584	[[0.02092227776398051, -0.3287356091958459, 0.12003777793076488], [-0.48703064885361264, -0.1297291556345183, -0.14280780265594123], [0.3021129287273568, 0.03619229233357811, -0.3348707847071726]]	[[-0.07434537291804315, -0.00338709899230491, 0.3757895256167525], [-0.08713183802907658, -0.12489103572319246, 0.0], [0.19561621217129319, -0.23668400620961302, -0.02740776277003397]]	0.9515295299167975	[[0.6866099900573782, -0.6866099900573781, 0.0], [-0.7071067811865475, -0.7071067811865476, 0.0], [0.0, 0.0, -0.9710131600000002]]
2	[[0.04673222253661188, -0.9725397674033924, -0.22799671093185395], [-0.8377629715199755, -0.16246744520517667, 0.5213036857710898], [-0.5440306084466285, 0.16664552219444034, -0.8223502702654952]]	0.18448238628442384	0.815517613715576	[[0.008621271929928849, -0.17941645704707637, -0.04206137729770837], [-0.1545525121267349, -0.029972381984984857, 0.09617134792991609], [-0.10036406485800108, 0.030743163598044278, -0.15170914022021947]]	0.48337521085711277	0.8984890848871881	[[-0.07693356919889717, -0.6029152499764998, 0.1186946551451474], [-0.3024032196589709, -0.20403768050876026, 0.00491906783109712], [0.08730727665833363, 0.08055231442913129, -0.5382501823159048]]	[[-0.09952276712135344, -0.1328136348409575, 0.2289026133665605], [0.10255063334777859, -0.12550494492529146, -0.24706621119909347], [0.3502781867289461, 0.0, -0.14074644702791717]]	0.8697533066651686	[[0.6866099900573782, -0.6866099900573781, 0.0], [-0.7071067811865475, -0.7071067811865476, 0.0], [0.0, 0.0, -0.9710131600000002]]
2	[[-0.5446221603179724, 0.8109226453022452, -0.2139887049042392], [-0.8354447797583356, -0.5021691245819775, 0.22328947644507607], [0.07361197229480154, 0.30038414347728, 0.9509735242804028]]	0.2525778012414872	0.7474221987585127	[[-0.13755946776050224, 0.20482105872737155, -0.054048796575226196], [-0.21101480553003898, -0.1268367733382783, 0.056397965000860174], [0.018592750107270253, 0.07587036648729881, 0.24019480180161223]]	0.6106379196027265	0.5834926782955254	[[-0.3858730442268601, 0.5484862183668534, 0.14337320781067484], [-0.6153042554794121, -0.3854129384439127, 0.13634902136560326], [0.19499876768756635, 0.007761567279226128, 0.505314283075386]]	[[-0.05330610128075099, 0.05330610128075098, 0.2740428253918812], [-0.10514999322482413, -0.07876942892045176, 0.0], [0.1500485060676152, -0.17566438117538702, -0.07538621138847186]]	0.38840657115860266	[[-0.6866099900573782, 0.6866099900573781, 0.0], [-0.7071067811865475, -0.7071067811865476, 0.0], [0.0, 0.0, 0.9710131600000002]]
2	[[0.5319609947059123, -0.8460851799387872, 0.03402011756955908], [-0.703274286200726, -0.4190807785627857, 0.5742617690636116], [-0.47161719485230363, -0.3294103357928521, -0.8179645788128509]]	0.15947161719414757	0.8405283828058525	[[0.0848326801099592, -0.13492657192883978, 0.005425243165952623], [-0.1121522877514895, -0.06683148949238987, 0.09157845300534624], [-0.07520955675966431, -0.05253159896935331, -0.1304421341908151]]	0.4769319833654526	0.8067973453683801	[[0.2213778509544362, -0.5562390842588035, 0.23876689198959897], [-0.3739025105034033, -0.3957614621598258, 0.011529405517397477], [0.1675489425545628, -0.15710632479076472, -0.3661327072013403]]	[[-0.03233136132371363, -0.1527140012944819, 0.22254160984282326], [-0.038488510335768104, -0.19588843524953836, -0.26235439897306434], [0.3924782666847231, 0.0, 0.02398076169455972]]	0.6533407702974029	[[0.6866099900573782, -0.6866099900573781, 0.0], [-0.7071067811865475, -0.7071067811865476, 0.0], [0.0, 0.0, -0.9710131600000002]]
