2	[[0.8489524140446696, -0.5135124485683378, 0.12483895166604869], [0.522794976890395, 0.7815435453534784, -0.34040431673891397], [0.0772347773085365, 0.35425224329800037, 0.9319550081910795]]	0.21790578508924904	0.782094214910751	[[0.18499164228581694, -0.11189733325838626, 0.027203129772509105], [0.11392004988001733, 0.1703028598316849, -0.07417606988676245], [0.016829904785609973, 0.07719361319547843, 0.2030783877277347]]	0.0	0.4374615839637498	[[0.6840551001198661, -0.684055100119866, 0.0], [0.7071067811865475, 0.7071067811865476, 0.0], [0.0, 0.0, 0.9674]]	[[0.6840551001198661, -0.684055100119866, 0.0], [0.7071067811865475, 0.7071067811865476, 0.0], [0.0, 0.0, 0.9674]]	0.4374615839637498	[[0.6840551001198661, -0.684055100119866, 0.0], [0.7071067811865475, 0.7071067811865476, 0.0], [0.0, 0.0, 0.9674]]
2	[[0.8787972042104137, -0.3840163418041313, 0.28327887866788265], [-0.395223040501579, -0.9183905790867732, -0.018907472103605397], [0.2674214316928388, -0.09534250611366366, -0.9588511794847616]]	0.6155041820548443	0.38449581794515586	[[0.5409033543696146, -0.23636366435784534, 0.1743593345078886], [-0.243261434273153, -0.5652732421876792, -0.011637628151854425], [0.16459900957803617, -0.05868371124054953, -0.5901769109410908]]	0.8311236076398322	0.3092621331228607	[[0.6008450106427147, -0.2610908976502121, 0.2422156178294893], [-0.34674064452485787, -0.8481956919766706, -0.015714446426098008], [0.21548441084588882, -0.0792414076426109, -0.7012847071891931]]	[[-0.12954409210444287, 0.058074149742688465, 0.006775854222872312], [-0.01826144528080198, -0.08489960066363705, 0.0], [-0.006775854222872312, 0.0, 0.09563914429389031]]	0.48194795218297054	[[0.6617549038559586, -0.6617549038559585, 0.0], [-0.7071067811865475, -0.7071067811865476, 0.0], [0.0, 0.0, -0.9358627600000001]]
2	[[0.034229894132735264, 0.2773841392786001, 0.9601491309293217], [-0.1827544195208179, -0.9427759796974285, 0.2788803941677556], [0.9825625356654255, -0.18501754344446375, 0.018422055382213542]]	0.8213604372693704	0.17863956273062984	[[0.028115080812547686, 0.2278323579294589, 0.7886285100239134], [-0.15010724993052893, -0.7743588909313389, 0.2290613224994821], [0.8070379939386553, -0.15196609038604947, 0.015131147464135476]]	0.9062001263731825	0.13601814545410382	[[0.0, 0.23651259224621882, 0.8501714923895148], [-0.17915332078244975, -0.8211116133422125, 0.25272144843782307], [0.8786899598808138, -0.16766292125062882, 0.0]]	[[-0.031019134388825358, -0.014852949821965031, -0.019915771395737702], [-0.013541242717426958, 0.033232098601198204, 0.0], [-0.011708334108749694, 0.0, -0.016694068915415673]]	0.35231365248310953	[[0.0, 0.0, 0.9674], [0.0, -1.0, 0.0], [0.9674, 0.0, 0.0]]
2	[[-0.42203838922340475, -0.825029846081567, 0.3757783270710803], [0.2588054115689476, 0.28760896992378115, 0.9221175843470338], [-0.8688517462515349, 0.4864224845687207, 0.09214016247897017]]	0.1094233244882494	0.8905766755117509	[[-0.04618084361049072, -0.09027750856027375, 0.041118913818750324], [0.028319348529423888, 0.03147112964170093, 0.10090117164832617], [-0.09507264656226376, 0.053225965367343614, 0.010082282897336373]]	0.3502073395938979	1.1439105267789134	[[-0.23482272861846826, -0.4739570311310485, 0.303331274446367], [0.18362118336504088, 0.010208262226992705, 0.032240887388244335], [0.1807711024691935, 0.17034872423946554, -0.09079923039843188]]	[[-0.08702178712204578, -0.1850255236492599, 0.17173094624575835], [0.09298562870697595, -0.09051450997335608, -0.2906914586186821], [0.485049361025456, 0.0, -0.12306739156994147]]	1.0000000000000002	[[0.0, 0.0, 0.0], [0.0, 0.0, 0.0], [0.0, 0.0, 0.0]]
2	[[-0.30792515101507295, 0.09349718223056193, 0.9468053539599837], [0.3027085282091916, -0.9338174967034747, 0.1906631317268273], [0.9019698710720718, 0.34531602882779927, 0.2592434992682147]]	0.598299000286871	0.4017009997131291	[[-0.1842313100155019, 0.05593927065818459, 0.5664726967405153], [0.1811102098058694, -0.5587020747280774, 0.11407356110372477], [0.5396476721512985, 0.2066022348307046, 0.15510512644304303]]	0.804336111242498	0.28517874294885565	[[-0.11655695499587118, 0.14352133169903966, 0.7713180364007047], [0.2967851309491729, -0.813544924154444, 0.15335724193047243], [0.7157186386630531, 0.2777501517770544, 0.11655695499587118]]	[[0.13111836352535153, 0.0683181717315783, 0.009768299892954538], [0.05330573052945173, -0.06244179024576699, 0.0], [-0.009768299892954538, 0.0, -0.09196195307042201]]	0.4717395654648713	[[0.0, 0.0, 0.9674], [0.0, -1.0, 0.0], [0.9674, 0.0, 0.0]]
2	[[-0.3195682178843842, -0.5708200961323295, -0.7563336379995778], [0.910087742671785, 0.03735879733279218, -0.41272826520656647], [0.2638493031197415, -0.8202248094963509, 0.507557688474819]]	0.12042081470181229	0.8795791852981877	[[-0.03848266515044381, -0.06873862102442195, -0.09107831287429471], [0.10959350742266963, 0.004498776811094726, -0.049701073946640376], [0.0317729480401847, -0.09877213979818936, 0.06112051035430636]]	0.37560477390455177	1.0796582299055797	[[-0.19675224986693554, -0.29112365478934915, 0.1917659749085244], [0.5428988572295845, -0.0788588728023875, -0.15502270673693028], [0.26275720156212795, -0.043189685917549625, 0.08214135120435401]]	[[-0.07672090164139098, -0.07672090164139096, 0.47584850000576284], [0.20106555641004487, -0.09289101542791696, 0.0], [0.1636541437189639, 0.2648906682042313, -0.10849973961874736]]	0.9838114834717075	[[1.8686695701610927e-16, -0.9358627600000001, 0.0], [1.0, 1.7938038903913487e-16, 0.0], [0.0, 0.0, 0.9358627600000001]]
2	[[0.3802729664721569, 0.7767473726770865, -0.5020517802076895], [0.4287143634067757, 0.332951791095048, 0.839849450446521], [0.8195098935212374, -0.5346088512602871, -0.20639019011321075]]	0.12760017870606072	0.8723998212939397	[[0.04852289847893107, 0.09911310356305938, -0.06406189687419715], [0.05470402938455965, 0.042484708044231115, 0.10716493996316298], [0.1045696088646947, -0.06821618495865449, -0.026335425141623542]]	0.42265714291023504	0.9477125868214694	[[0.1444521963526442, 0.31923674732249785, 0.13268858889856847], [0.2829096135053998, -0.26751859656671023, 0.32789819583581986], [0.608155599775113, 0.0, -0.06421894749709614]]	[[-0.016272889182477268, -0.00906107797623111, 0.34488435991414784], [0.10171042554331171, -0.40824304931778865, -0.027070173364637764], [0.26178388959275584, 0.22595624964819583, 0.02301334058085379]]	1.0000000000000007	[[0.0, 0.0, 0.0], [0.0, 0.0, 0.0], [0.0, 0.0, 0.0]]
2	[[-0.5446221603179724, 0.8109226453022452, -0.2139887049042392], [-0.8354447797583356, -0.5021691245819775, 0.22328947644507607], [0.07361197229480154, 0.30038414347728, 0.9509735242804028]]	0.24696338766577008	0.7530366123342297	[[-0.13450173370997656, 0.2002682036187302, -0.0528473754853617], [-0.2063242730168018, -0.12401738818791931, 0.05514432553299217], [0.01817946205068302, 0.0741838856742298, 0.23485564313674473]]	0.6045777432731839	0.583805411088127	[[-0.25812706912617045, 0.540643051249191, 0.1405604992051509], [-0.6127433265888728, -0.5118968183274981, 0.13499584776581489], [0.18872544641414896, 0.010057117895708045, 0.5036932110391065]]	[[0.07113936749543551, 0.05037726838323907, 0.2699333075021072], [-0.1076520070132158, -0.20829654224625577, 0.0], [0.14422128632626968, -0.1715484496828342, -0.07124421618288601]]	0.39975859677735004	[[-0.6617549038559586, 0.6617549038559585, 0.0], [-0.7071067811865475, -0.7071067811865476, 0.0], [0.0, 0.0, 0.9358627600000001]]
2	[[0.5319609947059123, -0.8460851799387872, 0.03402011756955908], [-0.703274286200726, -0.4190807785627857, 0.5742617690636116], [-0.47161719485230363, -0.3294103357928521, -0.8179645788128509]]	0.15615767991354845	0.8438423200864517	[[0.0830697947377787, -0.13212269870847815, 0.005312502630048496], [-0.10982168087596222, -0.06544268207672815, 0.08967538552002353], [-0.07364664695547161, -0.05143995377695471, -0.12773145087887766]]	0.4704327025217123	0.8083279533703206	[[0.2194941745316856, -0.5386444184404412, 0.2342301226286742], [-0.3782822701222209, -0.3974652907368547, 0.00672606898912634], [0.1550861302478513, -0.15496539450561614, -0.3531410955264602]]	[[-0.030757673843954992, -0.1406182806782682, 0.21822594678032015], [-0.04743904705078523, -0.20031598750266025, -0.2634254469863679], [0.3769502817779295, 0.0, 0.03165619185150336]]	0.6657847395528859	[[0.6617549038559586, -0.6617549038559585, 0.0], [-0.7071067811865475, -0.7071067811865476, 0.0], [0.0, 0.0, -0.9358627600000001]]
2	[[0.04673222253661188, -0.9725397674033924, -0.22799671093185395], [-0.8377629715199755, -0.16246744520517667, 0.5213036857710898], [-0.5440306084466285, 0.16664552219444034, -0.8223502702654952]]	0.18156400321176175	0.8184359967882381	[[0.008484889402730157, -0.17657821345239558, -0.041395995555902225], [-0.15210759885174788, -0.02949823974303939, 0.09464998407764538], [-0.09877637513930038, 0.03025682812693708, -0.14930920711167753]]	0.4766777131108643	0.891400912284686	[[-0.06934120797878568, -0.5891296480802273, 0.11268272954315445], [-0.30118452858559863, -0.200259101238143, 0.00036647369192054823], [0.07992123794533686, 0.0794362064198116, -0.5215626398010593]]	[[-0.09161741694612581, -0.12554161584500628, 0.2213636803069494], [0.0981584088075054, -0.12281449100277474, -0.24812737507770713], [0.3392485042419878, 0.0, -0.12956659359480174]]	0.8752041841916127	[[0.6617549038559586, -0.6617549038559585, 0.0], [-0.7071067811865475, -0.7071067811865476, 0.0], [0.0, 0.0, -0.9358627600000001]]
2	[[0.8592155572171323, 0.2624339665249735, -0.4391776855101157], [-0.4266000482917053, 0.8413623931712975, -0.33184593135155627], [0.2824199444684594, 0.4724804086637203, 0.8348660002631537]]	0.17453855541610871	0.8254614445838914	[[0.1499662421477251, 0.04580484540938833, -0.07665343879992573], [-0.07445815616927642, 0.14685017668555822, -0.057919909478813814], [0.049293169128222555, 0.08246604799057844, 0.14571630565195548]]	0.0	0.6884711466162095	[[0.6840551001198661, 0.684055100119866, 0.0], [-0.7071067811865475, 0.7071067811865476, 0.0], [0.0, 0.0, 0.9674]]	[[0.6840551001198661, 0.684055100119866, 0.0], [-0.7071067811865475, 0.7071067811865476, 0.0], [0.0, 0.0, 0.9674]]	0.6884711466162095	[[0.6840551001198661, 0.684055100119866, 0.0], [-0.7071067811865475, 0.7071067811865476, 0.0], [0.0, 0.0, 0.9674]]
2	[[-0.8305561570912853, 0.32773595720904825, 0.4502950280316503], [-0.5100865793185324, -0.772219296347621, -0.37879947194723407], [0.22358030216652452, -0.5443036842615101, 0.808545204538665]]	0.19375904030850696	0.806240959691493	[[-0.16092776392032898, 0.06350180454341511, 0.08724873248710481], [-0.09883388608300793, -0.14962446976802551, -0.07339582215386527], [0.04332070477967183, -0.10546375949889478, 0.1566629428774572]]	0.5356565201929945	0.6419545628621149	[[-0.4029419750224892, 0.1645406308831193, 0.42171193295661463], [-0.3510317637850076, -0.5995231274923005, -0.06307467334063563], [0.3399353418931872, -0.2564553931086305, 0.2812833933706259]]	[[0.04195084590989484, -0.011013271497599668, 0.18050846518097388], [-0.07780056171009464, -0.18587882638485104, 0.13983173365356366], [0.22017309525096845, 0.0351044243311164, -0.15181911731128836]]	0.6803967975385655	[[-0.6617549038559586, 0.6617549038559585, 0.0], [-0.7071067811865475, -0.7071067811865476, 0.0], [0.0, 0.0, 0.9358627600000001]]
2	[[0.08740825448676931, -0.06334395238859675, -0.994156597696443], [0.7119981850616444, -0.6940087028176986, 0.10681996481098455], [-0.6967197295301035, -0.717174639895393, -0.015561310176609944]]	0.16346895182400403	0.836531048175996	[[0.014288535741717963, -0.01035476950135351, -0.16251373697435556], [0.11638959701262025, -0.11344887520634596, 0.017461747681528635], [-0.11389204390138961, -0.11723578665845744, -0.002543791063578653]]	0.4606832487353835	1.0271681803269503	[[0.06350479557970945, -0.015605187692466015, 0.000303439252301755], [0.6349196710087162, -0.6369552772781084, 0.03888710902632305], [0.009927538387573964, -0.01315836652379827, 0.025693637269415023]]	[[0.023237276936455352, 0.013576310081652176, 0.45829473043081487], [0.3069140340208209, -0.3172370934134216, -0.010323059392600652], [0.3308946468455398, 0.31723197649384016, 0.03286247219615468]]	0.8041440621100037	[[0.0, 0.0, -0.9358627600000001], [0.0, -1.0, 0.0], [-0.9358627600000001, 0.0, 0.0]]
2	[[0.22433838825039393, -0.7661379269479729, -0.6022499185961573], [-0.9416906372873723, -0.011392912655017143, -0.3362869982418849], [0.2507808429735371, 0.642575192824231, -0.724020780340167]]	0.14737927937236123	0.8526207206276388	[[0.03306282999590004, -0.11291285557342697, -0.08875915900476483], [-0.13878568751511255, -0.001679079257048674, -0.0495617354631835], [0.036959899917833175, 0.09470226886099123, -0.10670566085714844]]	0.41699095308696665	0.8686168920987354	[[0.020142217054004184, -0.3214194554170934, 0.11532180549616174], [-0.4794287874215364, -0.1279275022568554, -0.14022863590763865], [0.29325474728774176, 0.03800319119918172, -0.33036853327068094]]	[[-0.07340486127652156, -0.0019468710629854113, 0.36645457304812146], [-0.08675231106600205, -0.12317676075040328, 0.0], [0.1886814045602537, -0.22994485088663577, -0.02845841802186544]]	0.9546101368312218	[[0.6617549038559586, -0.6617549038559585, 0.0], [-0.7071067811865475, -0.7071067811865476, 0.0], [0.0, 0.0, -0.9358627600000001]]
