2	[[-0.42203838922340475, -0.825029846081567, 0.3757783270710803], [0.2588054115689476, 0.28760896992378115, 0.9221175843470338], [-0.8688517462515349, 0.4864224845687207, 0.09214016247897017]]	0.10875921304096632	0.8912407869590337	[[-0.045900563085014556, -0.08972959679514081, 0.04086935513010154], [0.02814747289298212, 0.03128012523243337, 0.10028878280482029], [-0.09449563217158627, 0.052902926627125646, 0.01002109156067954]]	0.3478675521404532	1.1408774729810223	[[-0.23334898198903994, -0.46834616526003664, 0.29906683464823575], [0.18396619028780184, 0.011243051548480251, 0.02998461250702462], [0.17612983414253747, 0.16921059901299823, -0.09032713411327817]]	[[-0.0865355206205943, -0.181345052260827, 0.1683457478625845], [0.09393618528460956, -0.08880677679254284, -0.2907901743454459], [0.47837516428401716, 0.0, -0.12237970688866111]]	1.0000000000000002	[[0.0, 0.0, 0.0], [0.0, 0.0, 0.0], [0.0, 0.0, 0.0]]
2	[[0.8787972042104137, -0.3840163418041313, 0.28327887866788265], [-0.395223040501579, -0.9183905790867732, -0.018907472103605397], [0.2674214316928388, -0.09534250611366366, -0.9588511794847616]]	0.6041205013662849	0.39587949863371524	[[0.5308994076068846, -0.2319921449435584, 0.17113457820732028], [-0.23876234137932142, -0.5548185770879742, -0.011422391526799138], [0.16155476939036745, -0.05759836259490457, -0.5792616552859877]]	0.8252649185466471	0.31823832152522646	[[0.5928740888196309, -0.2571721650806965, 0.2405555438805792], [-0.3472727437523985, -0.8473347924772219, -0.015603673425504911], [0.2139181028928748, -0.07868282554192584, -0.6911821072582828]]	[[-0.13236641433209742, 0.059743049958871274, 0.006775423150743516], [-0.021109033425104687, -0.089419266033168, 0.0], [-0.006775423150743516, 0.0, 0.10012413327756564]]	0.4858318086521694	[[0.6513981088218178, -0.6513981088218178, 0.0], [-0.7071067811865475, -0.7071067811865476, 0.0], [0.0, 0.0, -0.92121604]]
2	[[0.034229894132735264, 0.2773841392786001, 0.9601491309293217], [-0.1827544195208179, -0.9427759796974285, 0.2788803941677556], [0.9825625356654255, -0.18501754344446375, 0.018422055382213542]]	0.819227050101988	0.18077294989801193	[[0.028042055195664058, 0.22724059016628656, 0.7865801401892157], [-0.14971736399714086, -0.7723475847545362, 0.2284663626453301], [0.804941807633916, -0.15157137633312448, 0.015091846087586252]]	0.8997711679946363	0.14641338874746576	[[0.0, 0.2311593940911747, 0.8404978432549111], [-0.1807105433862436, -0.8212092384432294, 0.250928537991126], [0.8672916381100221, -0.16647345116452353, 0.0]]	[[-0.030799071824143952, -0.018422856890718195, -0.023416661730399614], [-0.01627338587781551, 0.027073405966413486, 0.0], [-0.0167898022334294, 0.0, -0.016575634288116148]]	0.35566982037402783	[[0.0, 0.0, 0.9598], [0.0, -1.0, 0.0], [0.9598, 0.0, 0.0]]
2	[[0.3802729664721569, 0.7767473726770865, -0.5020517802076895], [0.4287143634067757, 0.332951791095048, 0.839849450446521], [0.8195098935212374, -0.5346088512602871, -0.20639019011321075]]	0.12688169732535484	0.8731183026746455	[[0.048249679432935046, 0.09855502503827868, -0.06370118201796765], [0.05439600609681072, 0.042245488381656676, 0.1065615237704211], [0.10398080626489545, -0.06783207845306341, -0.02618713763286687]]	0.4196513727836296	0.8668619623525613	[[0.028466140435358566, 0.31738755131260865, 0.12916388612350618], [0.28111745671759425, -0.14350982483980054, 0.3279407888755764], [0.6001804481170993, 0.0, -0.06681692767888639]]	[[-0.13111593197718524, -0.008575549937408201, 0.3398506048961282], [0.101206885581881, -0.28323350104360573, -0.024503185935883066], [0.25627199629114594, 0.22434933833365875, 0.019794998931196767]]	1.0000000000000007	[[0.0, 0.0, 0.0], [0.0, 0.0, 0.0], [0.0, 0.0, 0.0]]
2	[[-0.30792515101507295, 0.09349718223056193, 0.9468053539599837], [0.3027085282091916, -0.9338174967034747, 0.1906631317268273], [0.9019698710720718, 0.34531602882779927, 0.2592434992682147]]	0.5870161991256087	0.41298380087439157	[[-0.1807570517640471, 0.05488436054193885, 0.555790080193366], [0.17769480967226672, -0.5481659975918641, 0.11192234689966739], [0.5294709254425428, 0.20270610273964382, 0.15218013358844984]]	0.7983214434024067	0.2924073297677448	[[-0.11107317980590231, 0.1402187232175929, 0.7660119918165104], [0.29924922992417263, -0.8129992708664158, 0.15221046652378403], [0.7099049143576895, 0.2756731905637958, 0.11107317980590231]]	[[0.13475007121235483, 0.06557791774523286, 0.010156975022049578], [0.05759052075399258, -0.06751273902367554, 0.0], [-0.010156975022049578, 0.0, -0.09588646472258966]]	0.4732460871147434	[[0.0, 0.0, 0.9598], [0.0, -1.0, 0.0], [0.9598, 0.0, 0.0]]
2	[[0.08740825448676931, -0.06334395238859675, -0.994156597696443], [0.7119981850616444, -0.6940087028176986, 0.10681996481098455], [-0.6967197295301035, -0.717174639895393, -0.015561310176609944]]	0.16101260826821626	0.8389873917317837	[[0.014073831039086781, -0.010199174992105698, -0.16007174682216002], [0.11464068485901147, -0.11174415140151907, 0.0171993611493357], [-0.11218066088356815, -0.11547415935337597, -0.002505567139606691]]	0.4570359584482779	1.0265138083802947	[[0.06274920741078807, -0.015444276011732712, 0.00010611551329041402], [0.6349822818319726, -0.6368496103033849, 0.038731396268037226], [0.009505925368964867, -0.012986835056414497, 0.025132686767733947]]	[[0.022800492045136476, 0.013506187980091707, 0.4544714289891632], [0.30957350890888957, -0.319662677639652, -0.010089168730762401], [0.3279318947245807, 0.31478776386297497, 0.03224476507901187]]	0.8088441174305253	[[0.0, 0.0, -0.92121604], [0.0, -1.0, 0.0], [-0.92121604, 0.0, 0.0]]
2	[[-0.5446221603179724, 0.8109226453022452, -0.2139887049042392], [-0.8354447797583356, -0.5021691245819775, 0.22328947644507607], [0.07361197229480154, 0.30038414347728, 0.9509735242804028]]	0.24458418004945745	0.7554158199505425	[[-0.13320596451813543, 0.19833885028478662, -0.05233825192884866], [-0.2043365764337921, -0.12282262358203679, 0.05461307350999157], [0.01800432388554741, 0.0734692094322491, 0.2325930796848651]]	0.6019538965970839	0.581294262031482	[[-0.3768796236277754, 0.5373010507819473, 0.1393738627703811], [-0.6116345329842353, -0.3807284250138936, 0.13440997041523634], [0.1861066040203812, 0.01099780294981833, 0.502915230624046]]	[[-0.04904219205125025, 0.04916300460344583, 0.26818519751525133], [-0.10873529241701267, -0.07844576372102577, 0.0], [0.14179559046132884, -0.16981960269230786, -0.06952698787720399]]	0.4049645956501762	[[-0.6513981088218178, 0.6513981088218178, 0.0], [-0.7071067811865475, -0.7071067811865476, 0.0], [0.0, 0.0, 0.92121604]]
2	[[0.8592155572171323, 0.2624339665249735, -0.4391776855101157], [-0.4266000482917053, 0.8413623931712975, -0.33184593135155627], [0.2824199444684594, 0.4724804086637203, 0.8348660002631537]]	0.17298455249116937	0.8270154475088307	[[0.14863101865865636, 0.045397022257805036, -0.07597095539207485], [-0.07379521844645186, 0.1455426970656363, -0.057404219930864274], [0.048854287708457386, 0.08173181205353848, 0.14441892144561405]]	0.0	0.6884181374093955	[[0.6786810885828481, 0.6786810885828481, 0.0], [-0.7071067811865474, 0.7071067811865474, 0.0], [0.0, 0.0, 0.9597999999999997]]	[[0.6786810885828481, 0.678681088582848, 0.0], [-0.7071067811865472, 0.7071067811865474, 0.0], [0.0, 0.0, 0.9597999999999997]]	0.688418137409396	[[0.6786810885828484, 0.6786810885828483, 0.0], [-0.7071067811865475, 0.7071067811865476, 0.0], [0.0, 0.0, 0.9598]]
2	[[0.04673222253661188, -0.9725397674033924, -0.22799671093185395], [-0.8377629715199755, -0.16246744520517667, 0.5213036857710898], [-0.5440306084466285, 0.16664552219444034, -0.8223502702654952]]	0.1803096199121931	0.8196903800878067	[[0.008426269283228507, -0.17535827580999835, -0.04111000028935271], [-0.15105672297127626, -0.02929444329305047, 0.09399606944021055], [-0.09809395222961075, 0.030047790766948478, -0.14827766466626077]]	0.4735572431928335	0.8873235344198467	[[-0.06625994696120781, -0.5820613735096806, 0.10952945599779117], [-0.3019894928456251, -0.1977925934463034, 0.0], [0.0774490210757117, 0.0774490210757117, -0.5144327295938845]]	[[-0.08839032943391972, -0.12150812236273051, 0.21749894988371327], [0.09473923039641077, -0.12085495798635723, -0.2468671363000204], [0.33507865622421695, -0.0014671730051176333, -0.12500280266807506]]	0.8776888423003847	[[0.6513981088218178, -0.6513981088218178, 0.0], [-0.7071067811865475, -0.7071067811865476, 0.0], [0.0, 0.0, -0.92121604]]
2	[[-0.3195682178843842, -0.5708200961323295, -0.7563336379995778], [0.910087742671785, 0.03735879733279218, -0.41272826520656647], [0.2638493031197415, -0.8202248094963509, 0.507557688474819]]	0.11920131022078702	0.8807986897792128	[[-0.038092950276740534, -0.0680425033593293, -0.09015596061360412], [0.10848365134235523, 0.004453217590341688, -0.049197749977775186], [0.031451182632714764, -0.09777187196756046, 0.06050154147883247]]	0.37264520200364354	1.0774955441963576	[[-0.1940083178385195, -0.28763612476202005, 0.19012842549969794], [0.5418657515599923, -0.078184051512168, -0.15380120776051434], [0.25809411356219986, -0.04397571508038413, 0.08318216147919913]]	[[-0.0749227547310488, -0.0749227547310488, 0.4719725268142012], [0.20272592085102512, -0.09210562809085955, 0.0], [0.15977193670262319, 0.2616771247427836, -0.10595677587100219]]	0.9793003662359864	[[1.839423957303637e-16, -0.92121604, 0.0], [1.0, 1.7938038903913487e-16, 0.0], [0.0, 0.0, 0.92121604]]
2	[[0.8489524140446696, -0.5135124485683378, 0.12483895166604869], [0.522794976890395, 0.7815435453534784, -0.34040431673891397], [0.0772347773085365, 0.35425224329800037, 0.9319550081910795]]	0.2163966843240182	0.7836033156759822	[[0.1837104875481376, -0.11112239122929626, 0.02701473521501932], [0.11313109958033322, 0.16912343186933054, -0.07366236547188389], [0.016713349724071236, 0.07665901086403268, 0.20167197371171283]]	0.0	0.4400561824917112	[[0.6786810885828483, -0.6786810885828481, 0.0], [0.7071067811865474, 0.7071067811865474, 0.0], [0.0, 0.0, 0.9597999999999999]]	[[0.6786810885828483, -0.6786810885828481, 0.0], [0.7071067811865474, 0.7071067811865475, 0.0], [0.0, 0.0, 0.9597999999999999]]	0.4400561824917112	[[0.6786810885828484, -0.6786810885828483, 0.0], [0.7071067811865475, 0.7071067811865476, 0.0], [0.0, 0.0, 0.9598]]
2	[[-0.8305561570912853, 0.32773595720904825, 0.4502950280316503], [-0.5100865793185324, -0.772219296347621, -0.37879947194723407], [0.22358030216652452, -0.5443036842615101, 0.808545204538665]]	0.19188644447498548	0.8081135555250143	[[-0.15937246792105428, 0.06288808755545025, 0.08640551189375732], [-0.09787870007984084, -0.14817841513112007, -0.07268648384095676], [0.04290202923737731, -0.10444449868757628, 0.15514886449622434]]	0.5320133934891769	0.6462261348332433	[[-0.3971497087408215, 0.16069090213390294, 0.41736792002233214], [-0.351654891147267, -0.6005114672814924, -0.062039644627219774], [0.3355361936796643, -0.2547111793153671, 0.2772255486871303]]	[[0.04471729087664299, -0.013669016629306457, 0.17780493408790987], [-0.08028199911072842, -0.18968045891377017, 0.13948674789533644], [0.21658847840671602, 0.03486567083726037, -0.15293132936888545]]	0.6806607985950914	[[-0.6513981088218178, 0.6513981088218178, 0.0], [-0.7071067811865475, -0.7071067811865476, 0.0], [0.0, 0.0, 0.92121604]]
2	[[0.22433838825039393, -0.7661379269479729, -0.6022499185961573], [-0.9416906372873723, -0.011392912655017143, -0.3362869982418849], [0.2507808429735371, 0.642575192824231, -0.724020780340167]]	0.14581003820084046	0.8541899617991598	[[0.03271078896070492, -0.11171060039539664, -0.08781408363695876], [-0.13730794779624558, -0.001661201029446946, -0.049034020060095204], [0.03656636429401042, 0.09369391341261356, -0.10556949763960208]]	0.4137092712736106	0.8686680439569893	[[0.01981742864612926, -0.3183198004105936, 0.11336085271217364], [-0.4761760644648941, -0.1271566016881198, -0.13912504898144012], [0.2895404864072703, 0.038722972274067013, -0.32840754630131763]]	[[-0.07299344247563752, -0.0013614369578731356, 0.36251722765918115], [-0.08658991714755335, -0.12244324809592876, 0.0], [0.18579012661130656, -0.2271163424877454, -0.028873436879836276]]	0.9561132820398378	[[0.6513981088218178, -0.6513981088218178, 0.0], [-0.7071067811865475, -0.7071067811865476, 0.0], [0.0, 0.0, -0.92121604]]
2	[[0.5319609947059123, -0.8460851799387872, 0.03402011756955908], [-0.703274286200726, -0.4190807785627857, 0.5742617690636116], [-0.47161719485230363, -0.3294103357928521, -0.8179645788128509]]	0.15477468910670128	0.8452253108932987	[[0.08233409757249914, -0.1309525706828132, 0.005265453120201921], [-0.10884905900345464, -0.06486309721264942, 0.08888118677268478], [-0.07299440471063988, -0.05098438231087276, -0.12660021338605287]]	0.46763379545568085	0.8102306001488068	[[0.218657601155356, -0.5312915294849282, 0.23230509612760097], [-0.38016840805645624, -0.3981990423561814, 0.004657518195163726], [0.14994696039608674, -0.1540434055891417, -0.3477254471129362]]	[[-0.030105337833349097, -0.1356335055113505, 0.2163961394266996], [-0.05129358435402596, -0.2022227072743442, -0.26388669245714663], [0.37049109922703083, 0.0, 0.034782433425624704]]	0.6711044848448416	[[0.6513981088218178, -0.6513981088218178, 0.0], [-0.7071067811865475, -0.7071067811865476, 0.0], [0.0, 0.0, -0.92121604]]
