2	[[0.04673222253661188, -0.9725397674033924, -0.22799671093185395], [-0.8377629715199755, -0.16246744520517667, 0.5213036857710898], [-0.5440306084466285, 0.16664552219444034, -0.8223502702654952]]	0.1755736240470538	0.824426375952946	[[0.008204945670526344, -0.17075233149289246, -0.04003020880911413], [-0.1470890810021908, -0.02852499814433903, 0.09152717733991678], [-0.0955174255174983, 0.02925855826289163, -0.14438301718658714]]	0.4616226601161625	0.871686741674842	[[-0.055324736519639685, -0.5552178967541901, 0.09775649290456725], [-0.3061394788145389, -0.1878488168356372, 0.0], [0.06912427903783414, 0.06912427903783412, -0.4883648503079533]]	[[-0.07689738940013095, -0.10627150225668199, 0.20300494110266543], [0.08059089264533312, -0.11285016259774672, -0.24064559415401054], [0.3202611356935813, -0.007803070214010439, -0.10874933100075025]]	0.8876796282344073	[[0.6139463395776286, -0.6139463395776285, 0.0], [-0.7071067811865475, -0.7071067811865476, 0.0], [0.0, 0.0, -0.86825124]]
2	[[0.3802729664721569, 0.7767473726770865, -0.5020517802076895], [0.4287143634067757, 0.332951791095048, 0.839849450446521], [0.8195098935212374, -0.5346088512602871, -0.20639019011321075]]	0.1240810469430766	0.8759189530569239	[[0.0471846678040147, 0.09637962721205698, -0.06229511050780548], [0.05319532705104735, 0.04131300682064609, 0.10420939908597186], [0.10168564556832438, -0.06633482596941195, -0.025609110868027807]]	0.4083327020884574	0.9535195430856805	[[0.14288070115753654, 0.3103087533149252, 0.1165983077497097], [0.2743688260303247, -0.27507139614774384, 0.32810117924829413], [0.5711489839992712, 0.0, -0.07576302831019655]]	[[-0.01239718677323267, -0.006862600210419522, 0.32160246775023593], [0.09931073159630313, -0.41102650067077634, -0.014836816200039779], [0.2365162947895203, 0.21829827679551927, 0.008512835703281207]]	1.0000000000000007	[[0.0, 0.0, 0.0], [0.0, 0.0, 0.0], [0.0, 0.0, 0.0]]
2	[[0.8592155572171323, 0.2624339665249735, -0.4391776855101157], [-0.4266000482917053, 0.8413623931712975, -0.33184593135155627], [0.2824199444684594, 0.4724804086637203, 0.8348660002631537]]	0.1671912120807736	0.8328087879192265	[[0.14365329044978958, 0.04387665295447548, -0.07342664955926506], [-0.07132377914760678, 0.14066839831348954, -0.05548172348673988], [0.047218132831466475, 0.07899457220890664, 0.13958225850902412]]	0.0	0.6888274068793078	[[0.658882098709625, 0.6588820987096249, 0.0], [-0.7071067811865475, 0.7071067811865476, 0.0], [0.0, 0.0, 0.9318]]	[[0.658882098709625, 0.6588820987096249, 0.0], [-0.7071067811865475, 0.7071067811865476, 0.0], [0.0, 0.0, 0.9318]]	0.6888274068793078	[[0.658882098709625, 0.6588820987096249, 0.0], [-0.7071067811865475, 0.7071067811865476, 0.0], [0.0, 0.0, 0.9318]]
2	[[-0.5446221603179724, 0.8109226453022452, -0.2139887049042392], [-0.8354447797583356, -0.5021691245819775, 0.22328947644507607], [0.07361197229480154, 0.30038414347728, 0.9509735242804028]]	0.23577705430794949	0.7642229456920506	[[-0.12840940867060335, 0.1911969525809735, -0.05045362649749456], [-0.19697870920837396, -0.11839995695834035, 0.05264653501418431], [0.01735601398946672, 0.07082368850988953, 0.2242177362796826]]	0.59194057601779	0.5800548279187213	[[-0.3476886171306891, 0.524822756247697, 0.13500499991762266], [-0.6074030716261325, -0.3975034959456985, 0.13217410130560905], [0.17661075661938164, 0.014315145252298928, 0.49955634692092826]]	[[-0.025304661840015424, 0.04480473848161601, 0.2616735971599389], [-0.1128694074649278, -0.10024921508229341, 0.0], [0.13303684333739124, -0.16349441766425266, -0.0633634688192811]]	0.42592251508155127	[[-0.6139463395776286, 0.6139463395776285, 0.0], [-0.7071067811865475, -0.7071067811865476, 0.0], [0.0, 0.0, 0.86825124]]
2	[[-0.30792515101507295, 0.09349718223056193, 0.9468053539599837], [0.3027085282091916, -0.9338174967034747, 0.1906631317268273], [0.9019698710720718, 0.34531602882779927, 0.2592434992682147]]	0.5472828126384724	0.4527171873615278	[[-0.16852214272965554, 0.051169400864913714, 0.5181702971363843], [0.16566717472797876, -0.5110622660868951, 0.1043466549979176], [0.49363260795548386, 0.18898552750602582, 0.14187951143774835]]	0.7758972615516307	0.3195046464296858	[[-0.09145014146217881, 0.12844474873983897, 0.746118109104855], [0.3085855208653355, -0.810903008016286, 0.14793500178570315], [0.6883415252220169, 0.26792976113737343, 0.09145014146217881]]	[[0.1474681399732887, 0.055900541084352176, 0.011494427744881158], [0.0737148027794992, -0.08635656953506095, 0.0], [-0.011494427744881158, 0.0, -0.10969617969509121]]	0.47950925656516497	[[0.0, 0.0, 0.9318], [0.0, -1.0, 0.0], [0.9318, 0.0, 0.0]]
2	[[-0.3195682178843842, -0.5708200961323295, -0.7563336379995778], [0.910087742671785, 0.03735879733279218, -0.41272826520656647], [0.2638493031197415, -0.8202248094963509, 0.507557688474819]]	0.11467577846249864	0.8853242215375012	[[-0.036646734157765135, -0.06545923888601321, -0.0867331487149752], [0.10436502036006509, 0.004284149166560686, -0.04732993510603961], [0.030257124232044116, -0.09405991854324869, 0.05820457304047626]]	0.3615414538410692	1.0700468407211046	[[-0.18403971091825252, -0.27487768026031406, 0.18401922206044574], [0.537989736526548, -0.07565225099769401, -0.14921837704408442], [0.2413074300286463, -0.04661702683473098, 0.08662590534002762]]	[[-0.06850255282293273, -0.06850255282293272, 0.45746518513171797], [0.2089552909180539, -0.08915900489914562, 0.0], [0.14591496938378198, 0.24992824326709376, -0.09687723925937082]]	0.9645793321031872	[[1.7336673076324091e-16, -0.86825124, 0.0], [1.0, 1.7938038903913487e-16, 0.0], [0.0, 0.0, 0.86825124]]
2	[[-0.8305561570912853, 0.32773595720904825, 0.4502950280316503], [-0.5100865793185324, -0.772219296347621, -0.37879947194723407], [0.22358030216652452, -0.5443036842615101, 0.808545204538665]]	0.18494793866296946	0.8150520613370303	[[-0.15360964919787065, 0.06061408971154865, 0.08328113722463777], [-0.09433946138460783, -0.14282036705526133, -0.07005818150326226], [0.04135071601134257, -0.10066784441082607, 0.14953876889525508]]	0.5183071090911293	0.6620131724123506	[[-0.37633543284996435, 0.14697806468111094, 0.40141584430405475], [-0.3539730970677102, -0.6040826604366294, -0.05813996965960339], [0.3195386871387884, -0.24814904402745255, 0.26258249837215325]]	[[0.05414772786985765, -0.02288981184512497, 0.16802473008686103], [-0.08959159675493863, -0.2038359093623078, 0.13819448957061384], [0.2036554270731359, 0.033967425029781596, -0.15649222916177813]]	0.6837826226052327	[[-0.6139463395776286, 0.6139463395776285, 0.0], [-0.7071067811865475, -0.7071067811865476, 0.0], [0.0, 0.0, 0.86825124]]
2	[[0.22433838825039393, -0.7661379269479729, -0.6022499185961573], [-0.9416906372873723, -0.011392912655017143, -0.3362869982418849], [0.2507808429735371, 0.642575192824231, -0.724020780340167]]	0.13996115577276289	0.860038844227237	[[0.03139866010372394, -0.10722954973698688, -0.08429159467077053], [-0.13180010997513025, -0.0015945652228143425, -0.04706711694528729], [0.03509957662824398, 0.08993556665858535, -0.10133478521990746]]	0.40139646374037563	0.8473839223187379	[[0.16145301541395465, -0.3068457158060198, 0.1062911919635592], [-0.46397191000937343, -0.28874281010665026, -0.1349844118961585], [0.2759888888601966, 0.04114521109277222, -0.32087538219140355]]	[[0.0714043796890311, 0.0006793388082786955, 0.34803217957598576], [-0.08598061826480162, -0.28416973525522343, 0.0], [0.17532634531678837, -0.21678219899416407, -0.03025600128831335]]	0.9625875725471694	[[0.6139463395776286, -0.6139463395776285, 0.0], [-0.7071067811865475, -0.7071067811865476, 0.0], [0.0, 0.0, -0.86825124]]
2	[[0.034229894132735264, 0.2773841392786001, 0.9601491309293217], [-0.1827544195208179, -0.9427759796974285, 0.2788803941677556], [0.9825625356654255, -0.18501754344446375, 0.018422055382213542]]	0.7684432614046013	0.23155673859539877	[[0.02630373148489331, 0.21315397264915564, 0.7378201296061215], [-0.140436402172682, -0.7244698486126107, 0.21430375963607087], [0.7550435594407144, -0.14217548450153122, 0.014156304319684357]]	0.8757094632479219	0.18556411882852092	[[0.0, 0.21204275522976837, 0.8052501151832809], [-0.1866068324431076, -0.821546428433351, 0.24421820028701416], [0.8259695504263664, -0.1620216136612004, 0.0]]	[[-0.02997544221801079, -0.03086516049138132, -0.03556156490079402], [-0.026567057818346618, 0.004051418710517901, 0.0], [-0.034469760288720445, 0.0, -0.01613236823068171]]	0.36840336287492886	[[0.0, 0.0, 0.9318], [0.0, -1.0, 0.0], [0.9318, 0.0, 0.0]]
2	[[0.8787972042104137, -0.3840163418041313, 0.28327887866788265], [-0.395223040501579, -0.9183905790867732, -0.018907472103605397], [0.2674214316928388, -0.09534250611366366, -0.9588511794847616]]	0.5646736915700948	0.43532630842990533	[[0.4962336614429729, -0.21684392534978214, 0.15996013016123029], [-0.22317205327358366, -0.5185909985961252, -0.010676552071001445], [0.1510058470389552, -0.05383740489074679, -0.5414380351859999]]	0.8033444853543857	0.3509289791983324	[[0.5638786238933284, -0.2430407937578206, 0.23433259752889718], [-0.3493589847734076, -0.8441057673634866, -0.015189213446423282], [0.20806945988233708, -0.07659287650627851, -0.6545270530700793]]	[[-0.1420982638539596, 0.06545661671649314, 0.006762072533679503], [-0.0318587347014711, -0.10632176025270638, 0.0], [-0.006762072533679503, 0.0, 0.11576075424455234]]	0.5020432052263688	[[0.6139463395776286, -0.6139463395776285, 0.0], [-0.7071067811865475, -0.7071067811865476, 0.0], [0.0, 0.0, -0.86825124]]
2	[[-0.42203838922340475, -0.825029846081567, 0.3757783270710803], [0.2588054115689476, 0.28760896992378115, 0.9221175843470338], [-0.8688517462515349, 0.4864224845687207, 0.09214016247897017]]	0.10624459986190263	0.8937554001380974	[[-0.04483929978940256, -0.08765496587106311, 0.03992441799644213], [0.02749667739423787, 0.03055689992624601, 0.09797001377457486], [-0.0923108061198096, 0.051679762236836235, 0.009789394693788889]]	0.3390385037295242	1.1305944850599834	[[-0.22776177642321913, -0.44784472334857306, 0.2835893918012307], [0.1852680533346689, 0.015147767338401192, 0.021470693806706874], [0.15955859885913778, 0.1649159513485767, -0.08850878103778806]]	[[-0.08467451242449742, -0.16812783880087895, 0.1561860700570679], [0.09752305383922909, -0.08236274748374728, -0.29116267225299486], [0.4541327948710425, 0.0, -0.11974784385805338]]	1.0000000000000002	[[0.0, 0.0, 0.0], [0.0, 0.0, 0.0], [0.0, 0.0, 0.0]]
2	[[0.08740825448676931, -0.06334395238859675, -0.994156597696443], [0.7119981850616444, -0.6940087028176986, 0.10681996481098455], [-0.6967197295301035, -0.717174639895393, -0.015561310176609944]]	0.15210415211504577	0.8478958478849543	[[0.013295158436566194, -0.009634878169683335, -0.15121534636219616], [0.10829788024625289, -0.10556160530254893, 0.01624776017653383], [-0.10597396372200041, -0.10908524051970203, -0.0023669398902124925]]	0.44335448943715233	1.0241843757443998	[[0.05998395523989588, -0.014850881290910792, -0.0005808265280738099], [0.6352171433238515, -0.6364532394838512, 0.03814729708496553], [0.008018098437143645, -0.012361796723813124, 0.02312615150243491]]	[[0.021231113199321586, 0.013232944379266816, 0.44018296426420916], [0.31954955150566705, -0.3287613653811702, -0.009211813875503096], [0.31691191840375355, 0.30560079958428243, 0.030025328230759013]]	0.8263701163711643	[[0.0, 0.0, -0.86825124], [0.0, -1.0, 0.0], [-0.86825124, 0.0, 0.0]]
2	[[0.8489524140446696, -0.5135124485683378, 0.12483895166604869], [0.522794976890395, 0.7815435453534784, -0.34040431673891397], [0.0772347773085365, 0.35425224329800037, 0.9319550081910795]]	0.21063560206411172	0.7893643979358884	[[0.17881960285608003, -0.10816400377160805, 0.026295527745230723], [0.11011923471340172, 0.1646208952148503, -0.07170126820152374], [0.01626839381867118, 0.07461813454963649, 0.19630290424699223]]	0.0	0.45009669760169535	[[0.6588820987096253, -0.658882098709625, 0.0], [0.7071067811865476, 0.7071067811865477, 0.0], [0.0, 0.0, 0.9318000000000002]]	[[0.6588820987096251, -0.658882098709625, 0.0], [0.7071067811865476, 0.7071067811865477, 0.0], [0.0, 0.0, 0.9318000000000002]]	0.45009669760169546	[[0.658882098709625, -0.6588820987096249, 0.0], [0.7071067811865475, 0.7071067811865476, 0.0], [0.0, 0.0, 0.9318]]
2	[[0.5319609947059123, -0.8460851799387872, 0.03402011756955908], [-0.703274286200726, -0.4190807785627857, 0.5742617690636116], [-0.47161719485230363, -0.3294103357928521, -0.8179645788128509]]	0.14976046930567674	0.8502395306943233	[[0.07966672821947204, -0.12671011362021076, 0.005094868773051452], [-0.10532268715203554, -0.0627617340745511, 0.08600171203927463], [-0.0706296124337078, -0.04933264648247809, -0.12249875919843273]]	0.45643468237317314	0.8203481256616829	[[0.21507764271721966, -0.5011732551071915, 0.2248659968947554], [-0.38363056508286886, -0.39913720708029543, 0.0], [0.13147373226038372, -0.147600748628414, -0.32769895320474074]]	[[-0.027727804936290654, -0.11499063474118211, 0.20933803533759568], [-0.06263178963962043, -0.20785420502828825, -0.26211298816160605], [0.3467361767945218, 0.002753553359636753, 0.04564844951820909]]	0.6910145529537558	[[0.6139463395776286, -0.6139463395776285, 0.0], [-0.7071067811865475, -0.7071067811865476, 0.0], [0.0, 0.0, -0.86825124]]
