2	[[0.5319609947059123, -0.8460851799387872, 0.03402011756955908], [-0.703274286200726, -0.4190807785627857, 0.5742617690636116], [-0.47161719485230363, -0.3294103357928521, -0.8179645788128509]]	0.15071771866161948	0.8492822813383805	[[0.08017594753904093, -0.12752002811377983, 0.005127434508684012], [-0.10599589600955231, -0.06316289887991841, 0.08655142374785331], [-0.0710810676897317, -0.049647974314256695, -0.12328175526468535]]	0.45880326391667076	0.8183738743565304	[[0.21587644773959522, -0.5079079470084982, 0.22639218066954753], [-0.3840100708385248, -0.39948251586617595, 0.0], [0.1350065592591628, -0.1496962595030188, -0.3316403330379175]]	[[-0.028188992907836177, -0.11972130490105887, 0.21078363968980496], [-0.061345532900964894, -0.20720688681683036, -0.26347317398894643], [0.3513860675766242, 0.0014382777266282597, 0.04364448548964337]]	0.6871384782682209	[[0.6210828854774321, -0.621082885477432, 0.0], [-0.7071067811865475, -0.7071067811865476, 0.0], [0.0, 0.0, -0.8783438400000001]]
2	[[0.08740825448676931, -0.06334395238859675, -0.994156597696443], [0.7119981850616444, -0.6940087028176986, 0.10681996481098455], [-0.6967197295301035, -0.717174639895393, -0.015561310176609944]]	0.1538048229281428	0.8461951770718574	[[0.013443811103795587, -0.009742605380696821, -0.15290607947154633], [0.1095087547785652, -0.10674188564746623, 0.016429425772943918], [-0.10715885463092115, -0.11030491849766548, -0.0023934045562434107]]	0.4460228970473666	1.0246236751331275	[[0.0605149866431148, -0.014965389481198549, -0.0004532446026220653], [0.6351713363866163, -0.6365305468921749, 0.038261218675107775], [0.008297022506795598, -0.012481492204230536, 0.023505767020967558]]	[[0.02152890375107252, 0.013287463673593885, 0.44296336122069874], [0.31760384319295465, -0.32698677468534, -0.009382931492385295], [0.31904997470187, 0.3073948183708145, 0.030446467667791754]]	0.8229657912726376	[[0.0, 0.0, -0.8783438400000001], [0.0, -1.0, 0.0], [-0.8783438400000001, 0.0, 0.0]]
2	[[0.034229894132735264, 0.2773841392786001, 0.9601491309293217], [-0.1827544195208179, -0.9427759796974285, 0.2788803941677556], [0.9825625356654255, -0.18501754344446375, 0.018422055382213542]]	0.7788728907535005	0.22112710924649953	[[0.026660736593349804, 0.21604698640909487, 0.747834129161382], [-0.14234246303015743, -0.7343026526398998, 0.21721237877991548], [0.7652913224998195, -0.14410514890270085, 0.014348439529165747]]	0.8803962100733415	0.17802841709794912	[[0.0, 0.2156555839534273, 0.8120002420771771], [-0.1854498621469078, -0.8214842667803073, 0.24552524208905166], [0.8338569828105751, -0.16288874404558568, 0.0]]	[[-0.03013586906567183, -0.028552361001908146, -0.03331141389821012], [-0.02455356382662624, 0.008532132693490369, 0.0], [-0.031187349749318038, 0.0, -0.016218707740262003]]	0.36590228232489697	[[0.0, 0.0, 0.9372], [0.0, -1.0, 0.0], [0.9372, 0.0, 0.0]]
2	[[-0.5446221603179724, 0.8109226453022452, -0.2139887049042392], [-0.8354447797583356, -0.5021691245819775, 0.22328947644507607], [0.07361197229480154, 0.30038414347728, 0.9509735242804028]]	0.2374804670662485	0.7625195329337514	[[-0.1293371250069413, 0.19257828856097492, -0.05081813758756033], [-0.19840181650506863, -0.11925535825197713, 0.05302688915715475], [0.017481405562237193, 0.07133536669227945, 0.22583763671374646]]	0.593915052104764	0.5801532559279243	[[-0.3532307394051035, 0.5272502486920231, 0.13584733944889313], [-0.6082374521094467, -0.3941957044743422, 0.13261498103732286], [0.1784234700106585, 0.013693679850267678, 0.5002653929948242]]	[[-0.029771440682445895, 0.04563108355440702, 0.26293845227192525], [-0.11205422220862163, -0.09594990268283331, 0.0], [0.13470421164965699, -0.16470898437448597, -0.06453209722842232]]	0.42168287247298475	[[-0.6210828854774321, 0.621082885477432, 0.0], [-0.7071067811865475, -0.7071067811865476, 0.0], [0.0, 0.0, 0.8783438400000001]]
2	[[-0.8305561570912853, 0.32773595720904825, 0.4502950280316503], [-0.5100865793185324, -0.772219296347621, -0.37879947194723407], [0.22358030216652452, -0.5443036842615101, 0.808545204538665]]	0.1862907557403303	0.8137092442596696	[[-0.15472493418932004, 0.06105417915175415, 0.08388580107812935], [-0.09502441435424935, -0.1438573163138644, -0.07056683990308828], [0.04165094345925327, -0.10139874469332284, 0.15062449720372784]]	0.5209854708435682	0.6589639370990997	[[-0.3802858207464093, 0.1495652297311224, 0.40448605060910314], [-0.3535233384990123, -0.6034031708102265, -0.058902718539286206], [0.32259829967390685, -0.24943135888821696, 0.26536913072334667]]	[[0.05242186981781863, -0.021180442247801138, 0.16988888341151606], [-0.0877756418017616, -0.20108813710807238, 0.13844630270843852], [0.20611621067833277, 0.03414295233865475, -0.15587117336153886]]	0.6829305819404449	[[-0.6210828854774321, 0.621082885477432, 0.0], [-0.7071067811865475, -0.7071067811865476, 0.0], [0.0, 0.0, 0.8783438400000001]]
2	[[0.8787972042104137, -0.3840163418041313, 0.28327887866788265], [-0.395223040501579, -0.9183905790867732, -0.018907472103605397], [0.2674214316928388, -0.09534250611366366, -0.9588511794847616]]	0.5719908748305325	0.42800912516946765	[[0.5026639816349405, -0.21965384329776583, 0.16203293363025445], [-0.22606397268968112, -0.5253110307679627, -0.01081490150937514], [0.1529626186624203, -0.05453504348048986, -0.5484541249857767]]	0.8076133305372123	0.34467146739531623	[[0.5694251545012262, -0.2457288704862272, 0.23554588588516448], [-0.3489408028201526, -0.8447355872685668, -0.015269926517632187], [0.20920702589313422, -0.07699987890422043, -0.6615269949282271]]	[[-0.1403031824579368, 0.06440784629892371, 0.006766087213348887], [-0.02975340677562888, -0.10303111295829895, 0.0], [-0.006766087213348887, 0.0, 0.1128539996249958]]	0.49870312743689366	[[0.6210828854774321, -0.621082885477432, 0.0], [-0.7071067811865475, -0.7071067811865476, 0.0], [0.0, 0.0, -0.8783438400000001]]
2	[[-0.30792515101507295, 0.09349718223056193, 0.9468053539599837], [0.3027085282091916, -0.9338174967034747, 0.1906631317268273], [0.9019698710720718, 0.34531602882779927, 0.2592434992682147]]	0.5547298298961715	0.44527017010382863	[[-0.17081526664334434, 0.05186567599453098, 0.5252211729470062], [0.16792145036160533, -0.5180164211003871, 0.10576652663029427], [0.5003495931512821, 0.19155710193206654, 0.143810102250745]]	0.7802549908703534	0.314231773026538	[[-0.09516289803120628, 0.130667576825378, 0.7499976303326095], [0.3067529396237596, -0.811317935236505, 0.14876586010482865], [0.6925184659961126, 0.26943455492042123, 0.09516289803120628]]	[[0.14509723786281167, 0.05771593375766712, 0.011248027522560787], [0.07056309970951871, -0.08270217287155913, 0.0], [-0.011248027522560787, 0.0, -0.10711313612351309]]	0.4782162149154076	[[0.0, 0.0, 0.9372], [0.0, -1.0, 0.0], [0.9372, 0.0, 0.0]]
2	[[0.04673222253661188, -0.9725397674033924, -0.22799671093185395], [-0.8377629715199755, -0.16246744520517667, 0.5213036857710898], [-0.5440306084466285, 0.16664552219444034, -0.8223502702654952]]	0.17650108124592712	0.8234989187540727	[[0.008248287806737278, -0.17165432050136126, -0.040241665999987276], [-0.14786607030107654, -0.028675679745977126, 0.09201066419608438], [-0.09602199062170966, 0.029413114852110876, -0.14514571186474037]]	0.4639519146280655	0.8746492101418525	[[-0.05738848193336044, -0.560361126242938, 0.09997579625386024], [-0.3053334593821322, -0.18978119375696845, 0.0], [0.07069356348562922, 0.07069356348562922, -0.4933528290388673]]	[[-0.07906998605404635, -0.10914943910420066, 0.20575530681959547], [0.0833482752590579, -0.1144041114892965, -0.2418598431161645], [0.323097605890714, -0.006621945600675181, -0.1118218466542838]]	0.8856568725075361	[[0.6210828854774321, -0.621082885477432, 0.0], [-0.7071067811865475, -0.7071067811865476, 0.0], [0.0, 0.0, -0.8783438400000001]]
2	[[0.3802729664721569, 0.7767473726770865, -0.5020517802076895], [0.4287143634067757, 0.332951791095048, 0.839849450446521], [0.8195098935212374, -0.5346088512602871, -0.20639019011321075]]	0.12464010344242575	0.8753598965575746	[[0.047397261877447736, 0.09681387287910448, -0.06257578581854047], [0.0534350026022742, 0.04149914568342772, 0.1046789223797188], [0.10214379790057838, -0.06663370252231861, -0.02572449464521251]]	0.4105456996729339	0.9535019905729529	[[0.14431920848437663, 0.31170663727734055, 0.11897017025663714], [0.27568830106512915, -0.2752287012126771, 0.32806982013228514], [0.5767050363981072, 0.0, -0.07411442030159225]]	[[-0.011800222602637224, -0.0071836563074871105, 0.32508536963404505], [0.09968146278045795, -0.41192062724515016, -0.016726760121210903], [0.24025877377353916, 0.2194813648919981, 0.010618184704065711]]	1.0000000000000007	[[0.0, 0.0, 0.0], [0.0, 0.0, 0.0], [0.0, 0.0, 0.0]]
2	[[-0.42203838922340475, -0.825029846081567, 0.3757783270710803], [0.2588054115689476, 0.28760896992378115, 0.9221175843470338], [-0.8688517462515349, 0.4864224845687207, 0.09214016247897017]]	0.1067379509015269	0.8932620490984732	[[-0.04504751286748728, -0.0880619952033486, 0.04010980862477087], [0.027624359313095814, 0.030698792110563304, 0.09842494144346829], [-0.09273945503210224, 0.05191973927529485, 0.009834852138739011]]	0.34076700686807404	1.1324670681015863	[[-0.22885874373676712, -0.4517778520133044, 0.2865457511516067], [0.185013181659066, 0.014383323291445049, 0.023137502562296], [0.1626897010202474, 0.1657567341398149, -0.08886920125941057]]	[[-0.08504198505768432, -0.17063490078726107, 0.1584928953897025], [0.09682083619745575, -0.08362432453789184, -0.2910897466360615], [0.45876571000248234, 0.0, -0.12026752863970724]]	1.0000000000000002	[[0.0, 0.0, 0.0], [0.0, 0.0, 0.0], [0.0, 0.0, 0.0]]
2	[[0.8592155572171323, 0.2624339665249735, -0.4391776855101157], [-0.4266000482917053, 0.8413623931712975, -0.33184593135155627], [0.2824199444684594, 0.4724804086637203, 0.8348660002631537]]	0.16831675271592433	0.8316832472840757	[[0.14462037247379123, 0.044172033047843166, -0.07392096189035816], [-0.07180393483691636, 0.1416153858758915, -0.0558552295670855], [0.047536007955142776, 0.07952636810817029, 0.14052193411722613]]	0.0	0.6886751439701028	[[0.6627004753280324, 0.6627004753280323, 0.0], [-0.7071067811865475, 0.7071067811865476, 0.0], [0.0, 0.0, 0.9372]]	[[0.6627004753280324, 0.6627004753280323, 0.0], [-0.7071067811865475, 0.7071067811865476, 0.0], [0.0, 0.0, 0.9372]]	0.6886751439701028	[[0.6627004753280324, 0.6627004753280323, 0.0], [-0.7071067811865475, 0.7071067811865476, 0.0], [0.0, 0.0, 0.9372]]
2	[[0.8489524140446696, -0.5135124485683378, 0.12483895166604869], [0.522794976890395, 0.7815435453534784, -0.34040431673891397], [0.0772347773085365, 0.35425224329800037, 0.9319550081910795]]	0.2117712798628119	0.7882287201371881	[[0.17978373926486352, -0.10874718845880327, 0.02643730457105084], [0.11071296136192812, 0.16550847686802575, -0.07208785782662581], [0.016356107640548068, 0.07502045095748977, 0.19736130485918224]]	0.0	0.44810265678615957	[[0.6627004753280324, -0.6627004753280323, 0.0], [0.7071067811865475, 0.7071067811865476, 0.0], [0.0, 0.0, 0.9372]]	[[0.6627004753280324, -0.6627004753280323, 0.0], [0.7071067811865475, 0.7071067811865476, 0.0], [0.0, 0.0, 0.9372]]	0.44810265678615957	[[0.6627004753280324, -0.6627004753280323, 0.0], [0.7071067811865475, 0.7071067811865476, 0.0], [0.0, 0.0, 0.9372]]
2	[[0.22433838825039393, -0.7661379269479729, -0.6022499185961573], [-0.9416906372873723, -0.011392912655017143, -0.3362869982418849], [0.2507808429735371, 0.642575192824231, -0.724020780340167]]	0.14109701746009629	0.8589029825399038	[[0.031653477483935696, -0.10809977645542011, -0.08497566727950354], [-0.13286974029134563, -0.0016075059958063492, -0.047449092462538596], [0.03538442897969481, 0.09066544320134526, -0.10215717268512908]]	0.40379827542296587	0.8690222609045203	[[0.018867643947757053, -0.3090652054621894, 0.10763566304134672], [-0.466352527156867, -0.12482840755701849, -0.13579210993723909], [0.27858617827338134, 0.04070616147329295, -0.3223656287804844]]	[[-0.07171981033891976, 0.00029996817552827015, 0.3508231415440967], [-0.08609947183827238, -0.12022796907487807, 0.0], [0.17732130637154947, -0.2187645932187113, -0.030007286308734962]]	0.9612308357135062	[[0.6210828854774321, -0.621082885477432, 0.0], [-0.7071067811865475, -0.7071067811865476, 0.0], [0.0, 0.0, -0.8783438400000001]]
2	[[-0.3195682178843842, -0.5708200961323295, -0.7563336379995778], [0.910087742671785, 0.03735879733279218, -0.41272826520656647], [0.2638493031197415, -0.8202248094963509, 0.507557688474819]]	0.11555240635101127	0.8844475936489886	[[-0.03692687656984485, -0.06595963570160628, -0.08739617187506579], [0.10516282865628462, 0.004316898930183898, -0.04769174421369712], [0.03048842188952354, -0.09477895048610314, 0.058649512265222276]]	0.36370735587883074	1.08805845043844	[[-0.04651361438249778, -0.2773271650139312, 0.18520673231803078], [0.5387457937368174, -0.2348896267247417, -0.1501123060347371], [0.2444967376491562, -0.04613878574538257, 0.08600958038708056]]	[[0.06971569716714165, -0.06971569716714164, 0.460290839957074], [0.20774018723192875, -0.24847729612146474, 0.0], [0.14853280526100285, 0.2521830109427529, -0.09859288444406727]]	0.967190102422386	[[1.753819551433421e-16, -0.8783438400000001, 0.0], [1.0, 1.7938038903913487e-16, 0.0], [0.0, 0.0, 0.8783438400000001]]
