2	[[-0.30792515101507295, 0.09349718223056193, 0.9468053539599837], [0.3027085282091916, -0.9338174967034747, 0.1906631317268273], [0.9019698710720718, 0.34531602882779927, 0.2592434992682147]]	0.5852548370380106	0.4147451629619895	[[-0.18021468407723132, 0.054719678149860715, 0.5541224131385661], [0.17716163034708646, -0.546521206856435, 0.1115865200879411], [0.527882229907481, 0.20209787617822664, 0.15172351191738265]]	0.7973690020777606	0.2935544742096737	[[-0.11021342079353023, 0.139701451956652, 0.7651705812166256], [0.29964099936829514, -0.8129122139458289, 0.15202887107804092], [0.7089854750332717, 0.2753442973078775, 0.11021342079353023]]	[[0.1353165495860022, 0.06514969706438632, 0.010217340967672593], [0.05827060230970438, -0.06831508847662669, 0.0], [-0.010217340967672593, 0.0, -0.09649930951311282]]	0.4734916776111872	[[0.0, 0.0, 0.9585999999999999], [0.0, -1.0, 0.0], [0.9585999999999999, 0.0, 0.0]]
2	[[-0.5446221603179724, 0.8109226453022452, -0.2139887049042392], [-0.8354447797583356, -0.5021691245819775, 0.22328947644507607], [0.07361197229480154, 0.30038414347728, 0.9509735242804028]]	0.24420805950854627	0.7557919404914537	[[-0.1330011209366044, 0.19803384562079848, -0.052257766381411226], [-0.20402234849132794, -0.12263374745927014, 0.054529089751331285], [0.017976636910710365, 0.07335622878572329, 0.23223539900852058]]	0.6015360034264824	0.5812043950262592	[[-0.3756055557526601, 0.5367716634379015, 0.13918654071363715], [-0.6114579383382124, -0.38142851121639204, 0.13431665926796274], [0.18569472176101906, 0.011144771816001544, 0.5027872447167175]]	[[-0.047995718057489964, 0.04897249629475805, 0.2679084510401421], [-0.10890782443886543, -0.0793557029711741, 0.0], [0.14141447014246317, -0.16954710534400852, -0.06925756844331298]]	0.4058070614496485	[[-0.6497702924429838, 0.6497702924429837, 0.0], [-0.7071067811865475, -0.7071067811865476, 0.0], [0.0, 0.0, 0.9189139599999998]]
2	[[-0.3195682178843842, -0.5708200961323295, -0.7563336379995778], [0.910087742671785, 0.03735879733279218, -0.41272826520656647], [0.2638493031197415, -0.8202248094963509, 0.507557688474819]]	0.11900840024202239	0.8809915997579775	[[-0.03803130237861463, -0.06793238646670598, -0.0900100563075586], [0.10830808633524244, 0.004446010705541539, -0.04911813057689862], [0.03140028346925286, -0.0976136424169783, 0.060403628535927]]	0.3721757802098557	1.0941046620063075	[[-0.04429454672983903, -0.28708641872906937, 0.18986905787439814], [0.5417018892404307, -0.24053184393802066, -0.1536074641179141], [0.2573620014123739, -0.04409712713291639, 0.08334235841420426]]	[[0.07464100409155476, -0.07464100409155475, 0.47135811969584945], [0.2029892735521327, -0.2544358834830545, 0.0], [0.15916368116595742, 0.2611706812888682, -0.1055583202954224]]	0.9786085136032825	[[1.8348273144752836e-16, -0.9189139599999998, 0.0], [1.0, 1.7938038903913487e-16, 0.0], [0.0, 0.0, 0.9189139599999998]]
2	[[0.3802729664721569, 0.7767473726770865, -0.5020517802076895], [0.4287143634067757, 0.332951791095048, 0.839849450446521], [0.8195098935212374, -0.5346088512602871, -0.20639019011321075]]	0.12676663577902786	0.8732333642209725	[[0.04820592463738639, 0.09846565128447302, -0.06364341516380076], [0.05434667755922451, 0.04220717843372092, 0.10646488939397084], [0.10388651218931658, -0.06777056553195729, -0.026163390058445715]]	0.4191741958521931	0.8668206598023045	[[0.02823334273386907, 0.3170927653873344, 0.12861180070361164], [0.28083294531431413, -0.14324539503879316, 0.32794755067543313], [0.5989249335765241, 0.0, -0.06722052111002247]]	[[-0.13116727219142527, -0.008499689934887117, 0.33905895194833197], [0.10112694678299408, -0.2828101943286073, -0.024095667352393643], [0.255407532966843, 0.2240942353224956, 0.01929292086246391]]	1.0000000000000007	[[0.0, 0.0, 0.0], [0.0, 0.0, 0.0], [0.0, 0.0, 0.0]]
2	[[0.22433838825039393, -0.7661379269479729, -0.6022499185961573], [-0.9416906372873723, -0.011392912655017143, -0.3362869982418849], [0.2507808429735371, 0.642575192824231, -0.724020780340167]]	0.14556151851857577	0.8544384814814244	[[0.03265503645573716, -0.11152020004122057, -0.08766441267854536], [-0.13707391913827527, -0.001658369666413806, -0.04895044612214238], [0.03650404031859655, 0.0935342208298617, -0.10538956422531888]]	0.41318875336193617	0.8686792634920757	[[0.01976639433998917, -0.31782980500626257, 0.1130528696799939], [-0.47566013980889726, -0.1270343267154172, -0.13895000557539205], [0.2889554276688698, 0.03883418908310969, -0.32809465790104486]]	[[-0.07292770463241716, -0.001270230067331471, 0.3618957627570677], [-0.08656415933552072, -0.1223269033383292, 0.0], [0.1853356037935785, -0.2266706537812401, -0.02893741426415493]]	0.9563610556745267	[[0.6497702924429838, -0.6497702924429837, 0.0], [-0.7071067811865475, -0.7071067811865476, 0.0], [0.0, 0.0, -0.9189139599999998]]
2	[[-0.8305561570912853, 0.32773595720904825, 0.4502950280316503], [-0.5100865793185324, -0.772219296347621, -0.37879947194723407], [0.22358030216652452, -0.5443036842615101, 0.808545204538665]]	0.1915903415982522	0.8084096584017477	[[-0.15912653785365094, 0.06279104399571171, 0.0862721782405784], [-0.0977276619763216, -0.1479497587760027, -0.07257432022760811], [0.04283582646672486, -0.10428332880084992, 0.15490945193519148]]	0.5314351681963299	0.6469012393190476	[[-0.3962407516321449, 0.16008804330085402, 0.4166825857459119], [-0.351753523342331, -0.6006668285598202, -0.06187531056750003], [0.3348438206257243, -0.25443434334083437, 0.27658810204537165]]	[[0.04514599940815964, -0.014082370242521708, 0.17737997178594078], [-0.08067557626749616, -0.1902823369208706, 0.1394320505194592], [0.21602538513847108, 0.03482777665456328, -0.1531012547229697]]	0.680726271122006	[[-0.6497702924429838, 0.6497702924429837, 0.0], [-0.7071067811865475, -0.7071067811865476, 0.0], [0.0, 0.0, 0.9189139599999998]]
2	[[0.8489524140446696, -0.5135124485683378, 0.12483895166604869], [0.522794976890395, 0.7815435453534784, -0.34040431673891397], [0.0772347773085365, 0.35425224329800037, 0.9319550081910795]]	0.216156272340089	0.7838437276599112	[[0.18350638921401563, -0.11099893668276359, 0.026984722434977654], [0.11300541340275078, 0.16893553943506512, -0.07358052819475859], [0.016694781558030142, 0.07657384437941003, 0.20144792055926083]]	0.0	0.44047106060456814	[[0.6778325604454244, -0.6778325604454242, 0.0], [0.7071067811865474, 0.7071067811865474, 0.0], [0.0, 0.0, 0.9585999999999997]]	[[0.6778325604454243, -0.6778325604454242, 0.0], [0.7071067811865474, 0.7071067811865475, 0.0], [0.0, 0.0, 0.9585999999999998]]	0.44047106060456814	[[0.6778325604454244, -0.6778325604454243, 0.0], [0.7071067811865475, 0.7071067811865476, 0.0], [0.0, 0.0, 0.9585999999999999]]
2	[[0.8592155572171323, 0.2624339665249735, -0.4391776855101157], [-0.4266000482917053, 0.8413623931712975, -0.33184593135155627], [0.2824199444684594, 0.4724804086637203, 0.8348660002631537]]	0.17273845670249435	0.8272615432975058	[[0.1484195693284612, 0.04533243836383799, -0.07586287561319086], [-0.07369023397111873, 0.14533564132392696, -0.05732255404466971], [0.04878478534948581, 0.08161553661473489, 0.14421346443884145]]	0.0	0.6884162243173712	[[0.6778325604454246, 0.6778325604454244, 0.0], [-0.7071067811865476, 0.7071067811865478, 0.0], [0.0, 0.0, 0.9586000000000002]]	[[0.6778325604454245, 0.6778325604454244, 0.0], [-0.7071067811865476, 0.7071067811865477, 0.0], [0.0, 0.0, 0.9586000000000001]]	0.6884162243173713	[[0.6778325604454244, 0.6778325604454243, 0.0], [-0.7071067811865475, 0.7071067811865476, 0.0], [0.0, 0.0, 0.9585999999999999]]
2	[[0.04673222253661188, -0.9725397674033924, -0.22799671093185395], [-0.8377629715199755, -0.16246744520517667, 0.5213036857710898], [-0.5440306084466285, 0.16664552219444034, -0.8223502702654952]]	0.18011035024756855	0.8198896497524313	[[0.008416956968916506, -0.17516447813671382, -0.04106456746122986], [-0.15088978222490654, -0.029262068459732032, 0.0938921894295794], [-0.09798554343272012, 0.03001458336962961, -0.148113795203701]]	0.47305299125131844	0.8898534479769609	[[0.12787571188878902, -0.5809020562239022, 0.10901140067262736], [-0.302165843736528, -0.40811381773494015, 0.0], [0.07708270064225858, 0.07708270064225857, -0.5133051849694453]]	[[0.10576889423002243, -0.12083921014286596, 0.21686592677440306], [0.0941404359005894, -0.3312581067996716, -0.2466042679043514], [0.33443800730021106, -0.0017494621104594279, -0.12428992976402255]]	0.8780905367657511	[[0.6497702924429838, -0.6497702924429837, 0.0], [-0.7071067811865475, -0.7071067811865476, 0.0], [0.0, 0.0, -0.9189139599999998]]
2	[[0.034229894132735264, 0.2773841392786001, 0.9601491309293217], [-0.1827544195208179, -0.9427759796974285, 0.2788803941677556], [0.9825625356654255, -0.18501754344446375, 0.018422055382213542]]	0.8188885337285993	0.18111146627140073	[[0.02803046781604076, 0.22714669109342245, 0.7862551139875013], [-0.14965549863382388, -0.7720284396489712, 0.22837195706568722], [0.8046091941277148, -0.15150874486530433, 0.015085609920207892]]	0.8987521038245618	0.14808512885241518	[[0.0, 0.23032058391572682, 0.8389746048004121], [-0.180958080574991, -0.8212244234414652, 0.2506443409736934], [0.8654990508968949, -0.16628490641516402, 0.0]]	[[-0.030764189365487846, -0.01897899482848029, -0.023961446607640487], [-0.016707161547419327, 0.026097471746861292, 0.0], [-0.017581095171602387, 0.0, -0.01655686103153701]]	0.35620363249374487	[[0.0, 0.0, 0.9585999999999999], [0.0, -1.0, 0.0], [0.9585999999999999, 0.0, 0.0]]
2	[[0.8787972042104137, -0.3840163418041313, 0.28327887866788265], [-0.395223040501579, -0.9183905790867732, -0.018907472103605397], [0.2674214316928388, -0.09534250611366366, -0.9588511794847616]]	0.6023506691277267	0.3976493308722733	[[0.5293440839837181, -0.2313125004417003, 0.17063322211535123], [-0.23806286290082077, -0.5531931798335182, -0.011388928473120539], [0.1610814783192761, -0.05742962235387968, -0.5775646495565562]]	0.8243363225355765	0.319651651504519	[[0.5916194522061281, -0.25655667646142094, 0.24029229956459375], [-0.347358060822408, -0.847198259083782, -0.015586116022330072], [0.21366996909736402, -0.07859429087106322, -0.6895929409903533]]	[[-0.1328050033672303, 0.0600019425349616, 0.006775230471509558], [-0.021561353034007177, -0.09013554646807277, 0.0], [-0.006775230471509558, 0.0, 0.10082291416501521]]	0.48646676412394335	[[0.6497702924429838, -0.6497702924429837, 0.0], [-0.7071067811865475, -0.7071067811865476, 0.0], [0.0, 0.0, -0.9189139599999998]]
2	[[0.08740825448676931, -0.06334395238859675, -0.994156597696443], [0.7119981850616444, -0.6940087028176986, 0.10681996481098455], [-0.6967197295301035, -0.717174639895393, -0.015561310176609944]]	0.16062625320941235	0.8393737467905876	[[0.014040060417784581, -0.010174701735655704, -0.15968764939139682], [0.11436560075835375, -0.11147601762833148, 0.017158090715549718], [-0.11191147969149576, -0.11519707530320651, -0.0024995549486983536]]	0.4564574821240678	1.0264113503662429	[[0.06263009976334713, -0.015418862887761293, 7.538345460754436e-05], [0.6349922121846568, -0.6368328510551988, 0.03870669953787458], [0.009440048818528897, -0.012959824422213979, 0.02504475270388147]]	[[0.022731948003456702, 0.013494958127324385, 0.4538656008761557], [0.3099953133545128, -0.3200473859948418, -0.01005207264032894], [0.3274629823060014, 0.3143999059476721, 0.03214782916564847]]	0.8095885628883055	[[0.0, 0.0, -0.9189139599999998], [0.0, -1.0, 0.0], [-0.9189139599999998, 0.0, 0.0]]
2	[[0.5319609947059123, -0.8460851799387872, 0.03402011756955908], [-0.703274286200726, -0.4190807785627857, 0.5742617690636116], [-0.47161719485230363, -0.3294103357928521, -0.8179645788128509]]	0.1545571912993052	0.8454428087006949	[[0.08221839722253037, -0.13076854901130625, 0.005258053819223202], [-0.10869609838820794, -0.06477194806219018, 0.08875628609704204], [-0.07289182900482918, -0.050912736285104204, -0.1264223078836334]]	0.4671888561237536	0.8105877883012669	[[0.21852325265394287, -0.530134662332081, 0.2320006158422307], [-0.38046824543318286, -0.3983156860844656, 0.004328682836715036], [0.14914220371439088, -0.15389683797440412, -0.34687412689113145]]	[[-0.03000299596516639, -0.1348530949332185, 0.21610679602971275], [-0.051906336121816346, -0.2025258165242657, -0.2639600161677168], [0.369476501505732, 0.0, 0.03526980903419212]]	0.6719478755743488	[[0.6497702924429838, -0.6497702924429837, 0.0], [-0.7071067811865475, -0.7071067811865476, 0.0], [0.0, 0.0, -0.9189139599999998]]
2	[[-0.42203838922340475, -0.825029846081567, 0.3757783270710803], [0.2588054115689476, 0.28760896992378115, 0.9221175843470338], [-0.8688517462515349, 0.4864224845687207, 0.09214016247897017]]	0.10865364026704362	0.8913463597329565	[[-0.04585600732156237, -0.08964249610572096, 0.04082968316973265], [0.028120150087776588, 0.031249761555673487, 0.10019143229355787], [-0.09440390508260696, 0.052851573656131356, 0.01001136406813697]]	0.3474959157631061	1.1404079021831723	[[-0.23311462630239915, -0.4674620507578518, 0.29839597971262527], [0.18402098890754223, 0.011407410646221548, 0.02962624071478288], [0.17540258876914616, 0.169029826722973, -0.09025175982790933]]	[[-0.08645800975202593, -0.18076754886184324, 0.16781454582313232], [0.0940871654099432, -0.08853553173912651, -0.2908058536991529], [0.47732502199519716, 0.0, -0.12227008996710038]]	1.0000000000000002	[[0.0, 0.0, 0.0], [0.0, 0.0, 0.0], [0.0, 0.0, 0.0]]
