2	[[0.8592155572171323, 0.2624339665249735, -0.4391776855101157], [-0.4266000482917053, 0.8413623931712975, -0.33184593135155627], [0.2824199444684594, 0.4724804086637203, 0.8348660002631537]]	0.16918946350380107	0.8308105364961991	[[0.14537021915968612, 0.04440106200153476, -0.07430423699429756], [-0.07217623330116928, 0.14234965191292587, -0.05614483509128902], [0.04778247888739191, 0.07993870685787152, 0.1412505306820872]]	0.0	0.6885808052278835	[[0.6656703238090159, 0.6656703238090158, 0.0], [-0.7071067811865475, 0.7071067811865476, 0.0], [0.0, 0.0, 0.9414]]	[[0.6656703238090159, 0.6656703238090158, 0.0], [-0.7071067811865475, 0.7071067811865476, 0.0], [0.0, 0.0, 0.9414]]	0.6885808052278835	[[0.6656703238090159, 0.6656703238090158, 0.0], [-0.7071067811865475, 0.7071067811865476, 0.0], [0.0, 0.0, 0.9414]]
2	[[0.034229894132735264, 0.2773841392786001, 0.9601491309293217], [-0.1827544195208179, -0.9427759796974285, 0.2788803941677556], [0.9825625356654255, -0.18501754344446375, 0.018422055382213542]]	0.7870955564555295	0.21290444354447052	[[0.026942197569819127, 0.21832782345742788, 0.7557291144891075], [-0.14384519152744546, -0.7420547843528545, 0.21950551903200702], [0.7733706057619342, -0.14562648631145533, 0.014499917932117952]]	0.884026124552844	0.1721569408015729	[[0.0, 0.21848995283207323, 0.8172660131577382], [-0.1845566174258282, -0.8214349475064804, 0.24653755406989056], [0.8400186029794035, -0.16356034190549676, 0.0]]	[[-0.03026012065401609, -0.026724872826813947, -0.03153090205049136], [-0.022996936191934936, 0.012003648146948289, 0.0], [-0.028592347555718295, 0.0, -0.016285578225836095]]	0.36397200571101973	[[0.0, 0.0, 0.9414], [0.0, -1.0, 0.0], [0.9414, 0.0, 0.0]]
2	[[0.8787972042104137, -0.3840163418041313, 0.28327887866788265], [-0.395223040501579, -0.9183905790867732, -0.018907472103605397], [0.2674214316928388, -0.09534250611366366, -0.9588511794847616]]	0.5777751142794714	0.42222488572052863	[[0.5077471550911519, -0.22187508577106646, 0.1636714864952964], [-0.22835003739167992, -0.5306232217850502, -0.010924266855396526], [0.15450944825710977, -0.05508652736551321, -0.5540003498038141]]	0.8109198445082806	0.3397888390344798	[[0.5737541435938383, -0.2478318633794814, 0.23648519832423762], [-0.3486208688985551, -0.8452230952496419, -0.015332444338300341], [0.21008861172414048, -0.07731513023272192, -0.6669942862091977]]	[[-0.1388799485987822, 0.06357460880496343, 0.006768734082398118], [-0.028126662348924827, -0.100481949658726, 0.0], [-0.006768734082398118, 0.0, 0.11055716316516667]]	0.49617219985953964	[[0.6266620428338076, -0.6266620428338074, 0.0], [-0.7071067811865475, -0.7071067811865476, 0.0], [0.0, 0.0, -0.88623396]]
2	[[0.22433838825039393, -0.7661379269479729, -0.6022499185961573], [-0.9416906372873723, -0.011392912655017143, -0.3362869982418849], [0.2507808429735371, 0.642575192824231, -0.724020780340167]]	0.1419779491634661	0.8580220508365339	[[0.03185110428242836, -0.1087746916444226, -0.08550620832614675], [-0.13369930542849856, -0.0016175423737578576, -0.04774533834072094], [0.03560534977486804, 0.0912315080605031, -0.10279498554442924]]	0.4056573737369168	0.8689336894174541	[[0.019042337221408773, -0.31078928970792885, 0.1086876275804773], [-0.46819522005287906, -0.12526512873508244, -0.13641730052867418], [0.2806116576858208, 0.04035539931941605, -0.3235122906090366]]	[[-0.07196218418461885, 2.0965803160244434e-07, 0.3529947478914664], [-0.08619146925824003, -0.1206435097082341, 0.0], [0.1788805595416456, -0.22030996583015441, -0.029807922325291378]]	0.9602100502672373	[[0.6266620428338076, -0.6266620428338074, 0.0], [-0.7071067811865475, -0.7071067811865476, 0.0], [0.0, 0.0, -0.88623396]]
2	[[0.8489524140446696, -0.5135124485683378, 0.12483895166604869], [0.522794976890395, 0.7815435453534784, -0.34040431673891397], [0.0772347773085365, 0.35425224329800037, 0.9319550081910795]]	0.2126464617657353	0.7873535382342647	[[0.18052672705407852, -0.10919660526071612, 0.02654656136232894], [0.11117050206464184, 0.16619246963526557, -0.07238577352431272], [0.016423702119924805, 0.07533048610989419, 0.19817693501668987]]	0.0	0.44657053970191607	[[0.6656703238090161, -0.6656703238090159, 0.0], [0.7071067811865476, 0.7071067811865476, 0.0], [0.0, 0.0, 0.9414000000000003]]	[[0.665670323809016, -0.6656703238090159, 0.0], [0.7071067811865476, 0.7071067811865477, 0.0], [0.0, 0.0, 0.9414000000000002]]	0.44657053970191607	[[0.6656703238090159, -0.6656703238090158, 0.0], [0.7071067811865475, 0.7071067811865476, 0.0], [0.0, 0.0, 0.9414]]
2	[[0.04673222253661188, -0.9725397674033924, -0.22799671093185395], [-0.8377629715199755, -0.16246744520517667, 0.5213036857710898], [-0.5440306084466285, 0.16664552219444034, -0.8223502702654952]]	0.17721777220250226	0.8227822277974977	[[0.008281780368009924, -0.1723513309575689, -0.04040506918084106], [-0.14846648744651836, -0.028792118694693523, 0.0923842778333058], [-0.09641189243888336, 0.029532548190821357, -0.14573508286657672]]	0.4657544019742325	0.876970761368697	[[-0.05900859772820039, -0.564372564580855, 0.10171882612363713], [-0.3047084126025524, -0.19127934055090645, 0.0], [0.07192607172635916, 0.07192607172635915, -0.4972454199291294]]	[[-0.08077433608866683, -0.1114078868177288, 0.2079092978757947], [0.08548337919388965, -0.11560941276908798, -0.24279948641327714], [0.32531072241909653, -0.005689813804996119, -0.11423216158827515]]	0.8841140688580534	[[0.6266620428338076, -0.6266620428338074, 0.0], [-0.7071067811865475, -0.7071067811865476, 0.0], [0.0, 0.0, -0.88623396]]
2	[[-0.42203838922340475, -0.825029846081567, 0.3757783270710803], [0.2588054115689476, 0.28760896992378115, 0.9221175843470338], [-0.8688517462515349, 0.4864224845687207, 0.09214016247897017]]	0.10711888100102569	0.8928811189989744	[[-0.04520827999308645, -0.0883762739047059, 0.04025295390029157], [0.027722946084275578, 0.030808351024093066, 0.09877620378662319], [-0.09307042681425154, 0.05210503224074006, 0.00986995109999999]]	0.34210284985032613	1.1339603315681184	[[-0.229705492753659, -0.4548437758803835, 0.2888545769267237], [0.1848162086066975, 0.013792536273084303, 0.024425666135304173], [0.16514642668497997, 0.16640651820223565, -0.08914629930506986]]	[[-0.08532495705409116, -0.17259871432430351, 0.1602997403237193], [0.09627813975227392, -0.08459931198035803, -0.2910333873669146], [0.4623830851750625, 0.0, -0.12066771147479759]]	1.0000000000000002	[[0.0, 0.0, 0.0], [0.0, 0.0, 0.0], [0.0, 0.0, 0.0]]
2	[[-0.8305561570912853, 0.32773595720904825, 0.4502950280316503], [-0.5100865793185324, -0.772219296347621, -0.37879947194723407], [0.22358030216652452, -0.5443036842615101, 0.808545204538665]]	0.18733365593565832	0.8126663440643416	[[-0.1555911213677814, 0.06139597504554346, 0.08435541385081875], [-0.09555638374745484, -0.1446626639688615, -0.0709618899463722], [0.041884115400054225, -0.10196639911195693, 0.15146772915547274]]	0.5230570354621111	0.6565935434915469	[[-0.3833793057116135, 0.1515964224799391, 0.4068760347193278], [-0.3531743945008258, -0.602871488982921, -0.05949242529951386], [0.32498644802366095, -0.2504231584809988, 0.26754882358130755]]	[[0.05104893560135758, -0.019828175712162926, 0.17134605227376462], [-0.08637002049346518, -0.19895675310869684, 0.1386413035318195], [0.2080411979847156, 0.03427871299993161, -0.15536643414179277]]	0.6823478568133162	[[-0.6266620428338076, 0.6266620428338074, 0.0], [-0.7071067811865475, -0.7071067811865476, 0.0], [0.0, 0.0, 0.88623396]]
2	[[-0.30792515101507295, 0.09349718223056193, 0.9468053539599837], [0.3027085282091916, -0.9338174967034747, 0.1906631317268273], [0.9019698710720718, 0.34531602882779927, 0.2592434992682147]]	0.5605915597711819	0.4394084402288181	[[-0.17262024070031656, 0.05241373122084114, 0.5307710901761333], [0.1696958459848296, -0.5234902070186215, 0.10688414240560046], [0.5056366968909046, 0.19358125121456643, 0.14532971761530777]]	0.7836332846425718	0.31014438859384214	[[-0.09807441180940173, 0.13241219484937103, 0.7530007674432824], [0.30533825843240914, -0.8116371137602512, 0.149409976175333], [0.695761034714397, 0.27060113391005736, 0.09807441180940173]]	[[0.14322598570459982, 0.059144690833210695, 0.011052578002447638], [0.06812578018252172, -0.07986664156180331, 0.0], [-0.011052578002447638, 0.0, -0.10507742304438354]]	0.47723822947820344	[[0.0, 0.0, 0.9414], [0.0, -1.0, 0.0], [0.9414, 0.0, 0.0]]
2	[[-0.5446221603179724, 0.8109226453022452, -0.2139887049042392], [-0.8354447797583356, -0.5021691245819775, 0.22328947644507607], [0.07361197229480154, 0.30038414347728, 0.9509735242804028]]	0.23880376711529863	0.7611962328847013	[[-0.13005782353840395, 0.19365138253727926, -0.051101308851256314], [-0.19950736062310148, -0.11991987867916797, 0.05332236813228692], [0.01757881628878559, 0.07173286504407682, 0.22709606002507204]]	0.5954362531395921	0.5802766346980166	[[-0.3575702678803926, 0.5291312334972817, 0.13650253993366698], [-0.6088802861569346, -0.3916472736058106, 0.1329546492199573], [0.17983950372071417, 0.013204239551852657, 0.5007964411105554]]	[[-0.0332824893638689, 0.04627849199246625, 0.26391917259604103], [-0.11142617679259938, -0.09263757162232902, 0.0], [0.13600826675128208, -0.1656553693428046, -0.06544767102192046]]	0.41844699970907895	[[-0.6266620428338076, 0.6266620428338074, 0.0], [-0.7071067811865475, -0.7071067811865476, 0.0], [0.0, 0.0, 0.88623396]]
2	[[0.08740825448676931, -0.06334395238859675, -0.994156597696443], [0.7119981850616444, -0.6940087028176986, 0.10681996481098455], [-0.6967197295301035, -0.717174639895393, -0.015561310176609944]]	0.15513333129410878	0.8448666687058913	[[0.013559933701135767, -0.009826758351378419, -0.15422682482866634], [0.1104546503239722, -0.10766388201521264, 0.016571336989847505], [-0.10808445262033542, -0.11125769100662516, -0.0024140778869984093]]	0.44808847889884434	1.024968635208896	[[0.06092876091813312, -0.015054429291615927, -0.0003523960608966814], [0.6351358777940599, -0.6365903896159802, 0.03834940399139468], [0.008516610248670215, -0.012574868845604556, 0.0238034543436709]]	[[0.02176212912195353, 0.013329265981631207, 0.4451177215881528], [0.31609769407105, -0.3256130856278375, -0.009515391556787456], [0.3207086940726286, 0.30878282464994855, 0.03077629815038117]]	0.82032573015342	[[0.0, 0.0, -0.88623396], [0.0, -1.0, 0.0], [-0.88623396, 0.0, 0.0]]
2	[[-0.3195682178843842, -0.5708200961323295, -0.7563336379995778], [0.910087742671785, 0.03735879733279218, -0.41272826520656647], [0.2638493031197415, -0.8202248094963509, 0.507557688474819]]	0.11623298746108937	0.8837670125389104	[[-0.0371443686623183, -0.06634812507628687, -0.087910918262005], [0.10578221718246075, 0.0043423246219438175, -0.047972639274592006], [0.030667992741134062, -0.09533717999746377, 0.05899494644027312]]	0.3653838716940804	1.0725106138816236	[[-0.187432596895323, -0.2792359809399669, 0.18612728041697496], [0.5393310195910581, -0.07652837276798666, -0.15080425149875645], [0.2469932081492161, -0.04575653151519851, 0.08551442221633404]]	[[-0.07066752417434925, -0.07066752417434925, 0.4624793933617298], [0.20679963659231526, -0.09017867477927685, 0.0], [0.1505869282315399, 0.2539403850381177, -0.09993897110669327]]	0.9692952490078044	[[1.7695740271739872e-16, -0.88623396, 0.0], [1.0, 1.7938038903913487e-16, 0.0], [0.0, 0.0, 0.88623396]]
2	[[0.3802729664721569, 0.7767473726770865, -0.5020517802076895], [0.4287143634067757, 0.332951791095048, 0.839849450446521], [0.8195098935212374, -0.5346088512602871, -0.20639019011321075]]	0.12506864812395757	0.8749313518760429	[[0.0475602258347597, 0.09714674383455907, -0.062790937438802], [0.05361872586260849, 0.041641830402708, 0.10503883539499508], [0.1024949945069095, -0.06686280630222603, -0.025812942063505873]]	0.41225694521440714	0.9535063582873948	[[0.14543948128376166, 0.3127830578566486, 0.12083197730790929], [0.2767086120615048, -0.275347337118689, 0.32804557105590504], [0.5810405635903797, 0.0, -0.07280679889916819]]	[[-0.011330690221670457, -0.007436441206523734, 0.3278063105557863], [0.09996813823388821, -0.41260902541919886, -0.01818819782517634], [0.2431919183143303, 0.22039621190514938, 0.012278990399124834]]	1.0000000000000007	[[0.0, 0.0, 0.0], [0.0, 0.0, 0.0], [0.0, 0.0, 0.0]]
2	[[0.5319609947059123, -0.8460851799387872, 0.03402011756955908], [-0.703274286200726, -0.4190807785627857, 0.5742617690636116], [-0.47161719485230363, -0.3294103357928521, -0.8179645788128509]]	0.15146544942221368	0.8485345505777864	[[0.08057371113821885, -0.12815267202890293, 0.0051528723970697965], [-0.10652175582647949, -0.06347625846922353, 0.08698081693721542], [-0.07143371037354788, -0.049894284555186665, -0.12389337254134015]]	0.460634074169431	0.8169029802850915	[[0.216488835753546, -0.5131794090176406, 0.22757757627589614], [-0.38430341223956027, -0.3997494245007103, 0.0], [0.1377826797294396, -0.1513371731895161, -0.33472253638752514]]	[[-0.028550524537061465, -0.12344374548806103, 0.21190675091610708], [-0.06035131252832147, -0.20670653806523737, -0.2645245383235163], [0.35502562964261464, 0.0004004518602657006, 0.04205982007732096]]	0.6841353690449047	[[0.6266620428338076, -0.6266620428338074, 0.0], [-0.7071067811865475, -0.7071067811865476, 0.0], [0.0, 0.0, -0.88623396]]
