2	[[-0.42203838922340475, -0.825029846081567, 0.3757783270710803], [0.2588054115689476, 0.28760896992378115, 0.9221175843470338], [-0.8688517462515349, 0.4864224845687207, 0.09214016247897017]]	0.10704651043219365	0.8929534895678065	[[-0.045177736834789414, -0.08831656602544165, 0.04022575860900668], [0.027704216189423536, 0.030787536599338437, 0.09870946961251396], [-0.09300754751914463, 0.05206982956883912, 0.009863282864029106]]	0.3418489790398364	1.1336734261313801	[[-0.2295446413534258, -0.45425932935491614, 0.2884141639042612], [0.18485364242872138, 0.013904812626795597, 0.024180856577094362], [0.16467703436422915, 0.16628302973183778, -0.0890937361771153]]	[[-0.08527124888178782, -0.17222371879453904, 0.1599547264497147], [0.0963812767138919, -0.08441402010434801, -0.2910440981866194], [0.46169311675729535, 0.0, -0.12059175664911594]]	1.0000000000000002	[[0.0, 0.0, 0.0], [0.0, 0.0, 0.0], [0.0, 0.0, 0.0]]
2	[[0.22433838825039393, -0.7661379269479729, -0.6022499185961573], [-0.9416906372873723, -0.011392912655017143, -0.3362869982418849], [0.2507808429735371, 0.642575192824231, -0.724020780340167]]	0.14181032506353025	0.8581896749364697	[[0.031813499762016806, -0.10864626846399124, -0.08540525672560571], [-0.13354145538300527, -0.0016156326470283672, -0.04768896853532052], [0.03556331286178342, 0.09112379697216484, -0.10267362221278996]]	0.40530386573247235	0.8689497633038518	[[0.01900899841812856, -0.31046104034424216, 0.10848683074002197], [-0.4678448315427153, -0.12518208609500392, -0.1362984203830051], [0.2802254902217367, 0.040422837267837235, -0.32329471694742007]]	[[-0.07191621757194838, 5.762313203373781e-05, 0.3525810508841113], [-0.08617397592606774, -0.1205644945539731, 0.0], [0.17858304511291398, -0.22001537240761246, -0.02984629580490905]]	0.96040212140326	[[0.6255974228640533, -0.6255974228640532, 0.0], [-0.7071067811865475, -0.7071067811865476, 0.0], [0.0, 0.0, -0.8847283600000002]]
2	[[-0.5446221603179724, 0.8109226453022452, -0.2139887049042392], [-0.8354447797583356, -0.5021691245819775, 0.22328947644507607], [0.07361197229480154, 0.30038414347728, 0.9509735242804028]]	0.2385518176500037	0.7614481823499966	[[-0.12992060627632404, 0.19344707101039976, -0.0510473945114765], [-0.19929687075755795, -0.11979335743674185, 0.053266110468090586], [0.01756026979172664, 0.07165718341974464, 0.22685646275412003]]	0.595147472893195	0.5802499887911022	[[-0.3567417372660875, 0.5287734227708205, 0.13637773574425952], [-0.6087582524675168, -0.39213106008589516, 0.13289016762993164], [0.17956936814089017, 0.013297875354375625, 0.5006966611962915]]	[[-0.03261123487121369, 0.04615485970732437, 0.2637325726957051], [-0.11154540305253145, -0.09326637462594338, 0.0], [0.13575938885495512, -0.16547498853331447, -0.06527282856752563]]	0.4190590857210919	[[-0.6255974228640533, 0.6255974228640532, 0.0], [-0.7071067811865475, -0.7071067811865476, 0.0], [0.0, 0.0, 0.8847283600000002]]
2	[[0.8787972042104137, -0.3840163418041313, 0.28327887866788265], [-0.395223040501579, -0.9183905790867732, -0.018907472103605397], [0.2674214316928388, -0.09534250611366366, -0.9588511794847616]]	0.5766669850049455	0.4233330149950545	[[0.5067733341827947, -0.221449546020817, 0.16335757687698965], [-0.22791207917053302, -0.5296055262989154, -0.01090331493205124], [0.1542131107400153, -0.054980875543382005, -0.5529378187419134]]	0.8102909551016187	0.34071991786901257	[[0.5729285610823228, -0.24743046439336738, 0.23630657516375278], [-0.34868145273277246, -0.8451303948307508, -0.015320553629387628], [0.209920905293194, -0.07725517034062244, -0.6659513535490728]]	[[-0.13915286485796557, 0.0637345039817318, 0.006768262007838604], [-0.02843579776658232, -0.1009668153462006, 0.0], [-0.006768262007838604, 0.0, 0.11099708447594837]]	0.49664965464628136	[[0.6255974228640533, -0.6255974228640532, 0.0], [-0.7071067811865475, -0.7071067811865476, 0.0], [0.0, 0.0, -0.8847283600000002]]
2	[[-0.8305561570912853, 0.32773595720904825, 0.4502950280316503], [-0.5100865793185324, -0.772219296347621, -0.37879947194723407], [0.22358030216652452, -0.5443036842615101, 0.808545204538665]]	0.18713511140230635	0.8128648885976935	[[-0.1554262189831491, 0.06133090486285676, 0.08426601023460752], [-0.09545510884559495, -0.14450934404902263, -0.07088668138198047], [0.04183972475329388, -0.10185833059096347, 0.15130719692514366]]	0.5226632333999619	0.6570449550222287	[[-0.38278865266693257, 0.1512082490809439, 0.4064206608746351], [-0.3532408009244692, -0.6029729723980253, -0.05938033861254293], [0.3245309921235744, -0.25023461851397094, 0.26713281212891754]]	[[0.05131251391864523, -0.020087286015368813, 0.17106800553968626], [-0.08663730006391882, -0.19936233807513418, 0.1386042182055966], [0.20767378846867815, 0.0342529050536619, -0.15546403882529466]]	0.6824533735975478	[[-0.6255974228640533, 0.6255974228640532, 0.0], [-0.7071067811865475, -0.7071067811865476, 0.0], [0.0, 0.0, 0.8847283600000002]]
2	[[0.034229894132735264, 0.2773841392786001, 0.9601491309293217], [-0.1827544195208179, -0.9427759796974285, 0.2788803941677556], [0.9825625356654255, -0.18501754344446375, 0.018422055382213542]]	0.7855217628805022	0.21447823711949782	[[0.026888326782359168, 0.21789127808121672, 0.754218037955783], [-0.1435575737961958, -0.7405710495733168, 0.21906661885946474], [0.7718242551562413, -0.14533530689031507, 0.014470925419718624]]	0.8833357452647501	0.17327592968209707	[[0.0, 0.21794842626592698, 0.8162619496134745], [-0.18472631489462893, -0.8214444063959274, 0.24634502082190168], [0.8388431402297558, -0.16343260962556866, 0.0]]	[[-0.030236489044073205, -0.027074899128356478, -0.03187209852128002], [-0.023292803526780453, 0.011343316247805704, 0.0], [-0.02908946948148552, 0.0, -0.0162728600203561]]	0.36433866597184666	[[0.0, 0.0, 0.9406000000000001], [0.0, -1.0, 0.0], [0.9406000000000001, 0.0, 0.0]]
2	[[-0.3195682178843842, -0.5708200961323295, -0.7563336379995778], [0.910087742671785, 0.03735879733279218, -0.41272826520656647], [0.2638493031197415, -0.8202248094963509, 0.507557688474819]]	0.116103437649922	0.8838965623500781	[[-0.037102968660036297, -0.06627417544062238, -0.08781293538202264], [0.10566431548725179, 0.0043374847968038685, -0.04791917040577106], [0.030633811113738307, -0.09523092002827872, 0.058929192437574655]]	0.36506508038576857	1.0723017665802115	[[-0.18714886296082, -0.27887215009048155, 0.18595214524068424], [0.5392197382574528, -0.07645568415990807, -0.150672677315114], [0.2465166174208322, -0.04583003609930123, 0.08560980380190458]]	[[-0.07048566581012058, -0.07048566581012057, 0.46206314559546086], [0.2069784833208751, -0.09009407651131948, 0.0], [0.1501944503676948, 0.2536053999138858, -0.09968178454157008]]	0.9688892108070026	[[1.7665677435338155e-16, -0.8847283600000002, 0.0], [1.0, 1.7938038903913487e-16, 0.0], [0.0, 0.0, 0.8847283600000002]]
2	[[0.3802729664721569, 0.7767473726770865, -0.5020517802076895], [0.4287143634067757, 0.332951791095048, 0.839849450446521], [0.8195098935212374, -0.5346088512602871, -0.20639019011321075]]	0.12498744334910404	0.8750125566508964	[[0.04752934585413445, 0.09708366823904274, -0.06275016843702538], [0.05358391220925161, 0.041614793127475014, 0.10497063560946071], [0.10242844639051599, -0.06681939351082473, -0.025796182194585737]]	0.4119316657778544	0.9535042902493057	[[0.1452260008593774, 0.31257875475011254, 0.12047619919889135], [0.276514667839027, -0.275324988278819, 0.3280501804037226], [0.5802137937687116, 0.0, -0.07305758035311077]]	[[-0.011420475669784387, -0.0073880843653316465, 0.327287225326582], [0.09991364597798144, -0.4124783742083223, -0.017910402721328444], [0.24263171820907614, 0.2202223146392353, 0.011961074460432167]]	1.0000000000000007	[[0.0, 0.0, 0.0], [0.0, 0.0, 0.0], [0.0, 0.0, 0.0]]
2	[[0.5319609947059123, -0.8460851799387872, 0.03402011756955908], [-0.703274286200726, -0.4190807785627857, 0.5742617690636116], [-0.47161719485230363, -0.3294103357928521, -0.8179645788128509]]	0.15132280754730296	0.848677192452697	[[0.0804978312245546, -0.12803198485250228, 0.005148019703715034], [-0.10642143946371935, -0.06341648000123032, 0.08689890316178664], [-0.07136643801263408, -0.04984729684727421, -0.12377669654020777]]	0.4602861173742455	0.8171784497838006	[[0.21637279031522919, -0.5121730704182901, 0.22735189649107693], [-0.38424766089468676, -0.39969869686635284, 0.0], [0.1372519822574766, -0.15102387147148635, -0.33413432447633934]]	[[-0.028481470532496826, -0.12273180797637595, 0.2116929086623692], [-0.06054027025021061, -0.20680163243551225, -0.2643247200387554], [0.3543308297629764, 0.0005991330135520287, 0.04236341565508782]]	0.6847065941807378	[[0.6255974228640533, -0.6255974228640532, 0.0], [-0.7071067811865475, -0.7071067811865476, 0.0], [0.0, 0.0, -0.8847283600000002]]
2	[[0.08740825448676931, -0.06334395238859675, -0.994156597696443], [0.7119981850616444, -0.6940087028176986, 0.10681996481098455], [-0.6967197295301035, -0.717174639895393, -0.015561310176609944]]	0.1548798938394383	0.8451201061605617	[[0.013537781175601421, -0.009810704621316294, -0.15397486831100232], [0.11027420331622026, -0.1074879942160515, 0.016544264809857816], [-0.1079078777454646, -0.11107593209133584, -0.0024101340681559197]]	0.447695699423045	1.0249027069380106	[[0.060849896215641595, -0.015037470830219751, -0.00037171449266956355], [0.6351426204014213, -0.6365790102587934, 0.03833263516556504], [0.008474605424414625, -0.012557063923592803, 0.02374658799321444]]	[[0.021717596587839876, 0.013321344238613133, 0.4447079188490743], [0.31638409495230985, -0.32587429864514367, -0.00949020369283374], [0.32039303203822905, 0.3085189380928456, 0.030713319636670806]]	0.820828067049709	[[0.0, 0.0, -0.8847283600000002], [0.0, -1.0, 0.0], [-0.8847283600000002, 0.0, 0.0]]
2	[[0.8489524140446696, -0.5135124485683378, 0.12483895166604869], [0.522794976890395, 0.7815435453534784, -0.34040431673891397], [0.0772347773085365, 0.35425224329800037, 0.9319550081910795]]	0.21248030877885546	0.7875196912211445	[[0.1803856710747661, -0.10911128363358655, 0.02652581899763065], [0.11108363811770573, 0.16606261384082838, -0.07232921433033974], [0.016410869330984013, 0.07527162604156135, 0.19802208790844128]]	0.0	0.44686109546471414	[[0.6651046383840672, -0.665104638384067, 0.0], [0.7071067811865478, 0.707106781186548, 0.0], [0.0, 0.0, 0.9406000000000007]]	[[0.6651046383840671, -0.665104638384067, 0.0], [0.7071067811865477, 0.707106781186548, 0.0], [0.0, 0.0, 0.9406000000000007]]	0.446861095464714	[[0.6651046383840667, -0.6651046383840666, 0.0], [0.7071067811865475, 0.7071067811865476, 0.0], [0.0, 0.0, 0.9406000000000001]]
2	[[-0.30792515101507295, 0.09349718223056193, 0.9468053539599837], [0.3027085282091916, -0.9338174967034747, 0.1906631317268273], [0.9019698710720718, 0.34531602882779927, 0.2592434992682147]]	0.5594702905078048	0.44052970949219533	[[-0.17227497369306252, 0.05230889570419364, 0.5297094664343369], [0.1693564282163864, -0.5224431461619641, 0.10667035769633591], [0.5046253457979792, 0.19319405896529035, 0.14503903584784794]]	0.7829905415703909	0.31092195909027	[[-0.09751823550178046, 0.13207882202279073, 0.7524297002389015], [0.3056070050979435, -0.8115765560445729, 0.1492874287682953], [0.695143814450869, 0.2703791844248153, 0.09751823550178046]]	[[0.1435842452546559, 0.05887141267277751, 0.011090063380028247], [0.06858909065745263, -0.08040628857281261, 0.0], [-0.011090063380028247, 0.0, -0.10546697238884223]]	0.477422629675691	[[0.0, 0.0, 0.9406000000000001], [0.0, -1.0, 0.0], [0.9406000000000001, 0.0, 0.0]]
2	[[0.8592155572171323, 0.2624339665249735, -0.4391776855101157], [-0.4266000482917053, 0.8413623931712975, -0.33184593135155627], [0.2824199444684594, 0.4724804086637203, 0.8348660002631537]]	0.16902341625321823	0.8309765837467818	[[0.14522754877875224, 0.04435748556293376, -0.07423131274710124], [-0.07210539753605189, 0.142209946000796, -0.056089732986771], [0.04773558383210322, 0.07986025278505866, 0.14111190347813846]]	0.0	0.6885971449796879	[[0.6651046383840666, 0.6651046383840665, 0.0], [-0.7071067811865474, 0.7071067811865475, 0.0], [0.0, 0.0, 0.9406]]	[[0.6651046383840666, 0.6651046383840665, 0.0], [-0.7071067811865474, 0.7071067811865475, 0.0], [0.0, 0.0, 0.9406]]	0.6885971449796882	[[0.6651046383840667, 0.6651046383840666, 0.0], [-0.7071067811865475, 0.7071067811865476, 0.0], [0.0, 0.0, 0.9406000000000001]]
2	[[0.04673222253661188, -0.9725397674033924, -0.22799671093185395], [-0.8377629715199755, -0.16246744520517667, 0.5213036857710898], [-0.5440306084466285, 0.16664552219444034, -0.8223502702654952]]	0.1770815739973401	0.8229184260026597	[[0.008275415523177218, -0.17221887278679973, -0.04037401643802929], [-0.14835238563344602, -0.028769990920259336, 0.09231327720695937], [-0.09633779644645958, 0.02950985136980017, -0.14562308023575193]]	0.4654116873381546	0.8765273816207182	[[-0.05869899530489823, -0.5636077292007673, 0.10138567969256158], [-0.3048273433570191, -0.19099430485211483, 0.0], [0.07169050162581754, 0.07169050162581753, -0.49650309472444487]]	[[-0.08044871784872493, -0.11097635505009801, 0.20749801363490517], [0.085077334807519, -0.11538005704165435, -0.242620828010322], [0.32488870506656586, -0.005868272046044847, -0.11377166785719325]]	0.8844058427567201	[[0.6255974228640533, -0.6255974228640532, 0.0], [-0.7071067811865475, -0.7071067811865476, 0.0], [0.0, 0.0, -0.8847283600000002]]
