2	[[0.3802729664721569, 0.7767473726770865, -0.5020517802076895], [0.4287143634067757, 0.332951791095048, 0.839849450446521], [0.8195098935212374, -0.5346088512602871, -0.20639019011321075]]	0.1234704399010309	0.8765295600989697	[[0.04695247045278719, 0.09590533979640985, -0.061988554155339104], [0.052933551041724994, 0.04110970411234169, 0.103696581097271], [0.10118524705631418, -0.06600839004009244, -0.025483087564535517]]	0.40593967612397897	0.8967143095940711	[[0.21250255240270388, 0.3361636824827475, 0.11407819394091254], [0.24101829036535616, -0.2037480527989919, 0.3281350894429365], [0.5652041606569665, 0.0, -0.07749284830167678]]	[[0.05813466755429175, 0.020851105588059388, 0.31788093099588904], [0.06698612053431183, -0.3389063950410144, -0.012793124464225964], [0.23253257990055887, 0.21701894393361343, 0.0062891186280464445]]	1.0000000000000007	[[0.0, 0.0, 0.0], [0.0, 0.0, 0.0], [0.0, 0.0, 0.0]]
2	[[0.08740825448676931, -0.06334395238859675, -0.994156597696443], [0.7119981850616444, -0.6940087028176986, 0.10681996481098455], [-0.6967197295301035, -0.717174639895393, -0.015561310176609944]]	0.15028681885249967	0.8497131811475004	[[0.013136308508266293, -0.009519761098026401, -0.14940863250902267], [0.10700394226166787, -0.10430036020242167, 0.01605363270137882], [-0.1047077917828532, -0.1077818951915656, -0.002338659803619716]]	0.44047257971818465	1.0237178188872087	[[0.059414797686057695, -0.014727855877499321, -0.0007152530835243844], [0.6352666153224726, -0.6363697466282082, 0.03802426050817933], [0.007722776029365733, -0.01223368647947323, 0.022722331673792256]]	[[0.020913858343606817, 0.013173418240651763, 0.4371834681476814], [0.32165093799370464, -0.33067794295122543, -0.00902700495752074], [0.31460871263604634, 0.30366207726371064, 0.029576662111078473]]	0.8300387064142386	[[0.0, 0.0, -0.8574759999999999], [0.0, -1.0, 0.0], [-0.8574759999999999, 0.0, 0.0]]
2	[[0.8592155572171323, 0.2624339665249735, -0.4391776855101157], [-0.4266000482917053, 0.8413623931712975, -0.33184593135155627], [0.2824199444684594, 0.4724804086637203, 0.8348660002631537]]	0.16597795741063176	0.8340220425893683	[[0.1426108431623374, 0.04355825371898521, -0.07289381518129781], [-0.07080620464673404, 0.13964761146069277, -0.055079109860760034], [0.04687548551489898, 0.07842133314654486, 0.1385693534352622]]	0.0	0.6890295656256054	[[0.6547808793787429, 0.6547808793787427, 0.0], [-0.7071067811865474, 0.7071067811865475, 0.0], [0.0, 0.0, 0.9259999999999998]]	[[0.6547808793787429, 0.6547808793787427, 0.0], [-0.7071067811865474, 0.7071067811865475, 0.0], [0.0, 0.0, 0.9259999999999998]]	0.6890295656256051	[[0.654780879378743, 0.6547808793787429, 0.0], [-0.7071067811865475, 0.7071067811865476, 0.0], [0.0, 0.0, 0.9259999999999999]]
2	[[-0.5446221603179724, 0.8109226453022452, -0.2139887049042392], [-0.8354447797583356, -0.5021691245819775, 0.22328947644507607], [0.07361197229480154, 0.30038414347728, 0.9509735242804028]]	0.23394497898570915	0.7660550210142908	[[-0.12741161985073954, 0.1897112812142694, -0.05006158307200137], [-0.19544811144428423, -0.11747994529760274, 0.05223745187467333], [0.01722115131160394, 0.07027336213343251, 0.22247548115374458]]	0.5897962243417573	0.5800251715761545	[[-0.34178274898951744, 0.5222038779784827, 0.13410030395858988], [-0.6064969045676171, -0.40109587583440043, 0.13169529014255366], [0.17467365689404718, 0.014972811682545056, 0.49876159773878803]]	[[-0.02056665514112617, 0.04392476354598833, 0.26031003416289267], [-0.11375472782011956, -0.1049184221749446, 0.0], [0.13125759356822317, -0.16219262199248738, -0.06211899633076802]]	0.4305709309759008	[[-0.606327094304716, 0.6063270943047159, 0.0], [-0.7071067811865475, -0.7071067811865476, 0.0], [0.0, 0.0, 0.8574759999999999]]
2	[[0.22433838825039393, -0.7661379269479729, -0.6022499185961573], [-0.9416906372873723, -0.011392912655017143, -0.3362869982418849], [0.2507808429735371, 0.642575192824231, -0.724020780340167]]	0.1387372147626566	0.8612627852373433	[[0.03112408315020314, -0.1062918421087974, -0.08355447629706757], [-0.13064753618532116, -0.001580620969791252, -0.0466555214969735], [0.0347926356699797, 0.08914909252801081, -0.10044862649467994]]	0.3988022926401763	0.8693088087572058	[[0.018405846739089456, -0.3044583080934078, 0.10485722296372586], [-0.4614006308997616, -0.12365480018503895, -0.13411202588394663], [0.2732078563070717, 0.04160183978676058, -0.3192547548519596]]	[[-0.07106081682236963, 0.0010792536520357887, 0.34503587124223295], [-0.08585224579176873, -0.11911128049836885, 0.0], [0.173195881178989, -0.21465862030524613, -0.030513607733171494]]	0.9640986819904552	[[0.606327094304716, -0.6063270943047159, 0.0], [-0.7071067811865475, -0.7071067811865476, 0.0], [0.0, 0.0, -0.8574759999999999]]
2	[[0.034229894132735264, 0.2773841392786001, 0.9601491309293217], [-0.1827544195208179, -0.9427759796974285, 0.2788803941677556], [0.9825625356654255, -0.18501754344446375, 0.018422055382213542]]	0.7574153170122093	0.2425846829877906	[[0.025926246115840046, 0.21009499578585974, 0.7272316583818296], [-0.13842099659674256, -0.7140729675340243, 0.21122828215706052], [0.7442079144353486, -0.14013512132080871, 0.01395314691733575]]	0.8706507909940474	0.19363853867981765	[[0.0, 0.20820154879850794, 0.7980251341361104], [-0.18786026728176403, -0.821611596517866, 0.24280743577488814], [0.8175411699107156, -0.16108567054769787, 0.0]]	[[-0.02980228440230845, -0.03330317147360823, -0.03792946617975076], [-0.028744987368305962, -0.0007829440641117132, 0.0], [-0.03792767896750409, 0.0, -0.016039177090260356]]	0.3711139270068374	[[0.0, 0.0, 0.9259999999999999], [0.0, -1.0, 0.0], [0.9259999999999999, 0.0, 0.0]]
2	[[0.8787972042104137, -0.3840163418041313, 0.28327887866788265], [-0.395223040501579, -0.9183905790867732, -0.018907472103605397], [0.2674214316928388, -0.09534250611366366, -0.9588511794847616]]	0.55696085259813	0.44303914740187	[[0.48945564011788506, -0.21388206914284386, 0.15777524578590615], [-0.22012376160418468, -0.5115075999462597, -0.01053072178329942], [0.14894326859865603, -0.05310204349390853, -0.5340425704405554]]	0.7987373033770798	0.35762464255198345	[[0.5579454460894231, -0.2401733039295275, 0.23302240192252852], [-0.349816832139644, -0.843425487457618, -0.015102103281711134], [0.20684247894391497, -0.07615361623044045, -0.6470454982690768]]	[[-0.14398266301691953, 0.06655487337583527, 0.00675699427166097], [-0.03413744653692252, -0.10987267287093427, 0.0], [-0.00675699427166097, 0.0, 0.11882470717251394]]	0.5057339299806333	[[0.606327094304716, -0.6063270943047159, 0.0], [-0.7071067811865475, -0.7071067811865476, 0.0], [0.0, 0.0, -0.8574759999999999]]
2	[[-0.30792515101507295, 0.09349718223056193, 0.9468053539599837], [0.3027085282091916, -0.9338174967034747, 0.1906631317268273], [0.9019698710720718, 0.34531602882779927, 0.2592434992682147]]	0.5393941056145837	0.46060589438541644	[[-0.16609301142801086, 0.0504318289867377, 0.5107012270903447], [0.16327919583530387, -0.5036956534416205, 0.10284256941146756], [0.4865172318982215, 0.18626143052395058, 0.13983441542417363]]	0.7711987637839566	0.3251882079183709	[[-0.08750091322328384, 0.12608256060990697, 0.7419280773179703], [0.3105711349901151, -0.8104516047755088, 0.1470391714869069], [0.6838450907411571, 0.2663072945467839, 0.08750091322328384]]	[[0.14997058257752857, 0.053977649256414295, 0.011752958799999439], [0.07712269224832563, -0.09029270571796015, 0.0], [-0.011752958799999439, 0.0, -0.1124273529313904]]	0.4809421868250313	[[0.0, 0.0, 0.9259999999999999], [0.0, -1.0, 0.0], [0.9259999999999999, 0.0, 0.0]]
2	[[-0.3195682178843842, -0.5708200961323295, -0.7563336379995778], [0.910087742671785, 0.03735879733279218, -0.41272826520656647], [0.2638493031197415, -0.8202248094963509, 0.507557688474819]]	0.11373225865224938	0.8862677413477507	[[-0.03634521521346517, -0.06492065881722398, -0.08601953294436473], [0.10350633454578927, 0.004248900401190109, -0.04694051781156741], [0.0300081771876302, -0.09328602018663096, 0.05772568230655592]]	0.3592021205863544	1.0686025829442276	[[-0.18200244873551752, -0.272252656203484, 0.1827388074484183], [0.5371731392180759, -0.07511885227042692, -0.14825286808812593], [0.23790748783510715, -0.04711412415170003, 0.08726244966062686]]	[[-0.06721286719944462, -0.06721286719944461, 0.4544154540886587], [0.21026769213072222, -0.08853821149492182, 0.0], [0.14313225863926418, 0.24751236677692776, -0.09505334835943632]]	0.9618940467961645	[[1.7121520129120778e-16, -0.8574759999999999, 0.0], [1.0, 1.7938038903913487e-16, 0.0], [0.0, 0.0, 0.8574759999999999]]
2	[[0.8489524140446696, -0.5135124485683378, 0.12483895166604869], [0.522794976890395, 0.7815435453534784, -0.34040431673891397], [0.0772347773085365, 0.35425224329800037, 0.9319550081910795]]	0.2094027297088867	0.7905972702911133	[[0.17777295289390285, -0.10753090846970423, 0.026141617252866373], [0.10947469523894308, 0.16365735178337942, -0.07128159312981706], [0.01617317319686551, 0.07418138675209794, 0.19515392268107992]]	0.0	0.4522684331847361	[[0.654780879378743, -0.6547808793787429, 0.0], [0.7071067811865475, 0.7071067811865476, 0.0], [0.0, 0.0, 0.9259999999999999]]	[[0.654780879378743, -0.6547808793787429, 0.0], [0.7071067811865475, 0.7071067811865476, 0.0], [0.0, 0.0, 0.9259999999999999]]	0.4522684331847361	[[0.654780879378743, -0.6547808793787429, 0.0], [0.7071067811865475, 0.7071067811865476, 0.0], [0.0, 0.0, 0.9259999999999999]]
2	[[-0.8305561570912853, 0.32773595720904825, 0.4502950280316503], [-0.5100865793185324, -0.772219296347621, -0.37879947194723407], [0.22358030216652452, -0.5443036842615101, 0.808545204538665]]	0.18350326031296527	0.8164967396870347	[[-0.15240976269925818, 0.060140616669650836, 0.08263060574652592], [-0.09360255034683863, -0.14170475855637232, -0.06951093810714708], [0.041027714389315226, -0.09988150066234594, 0.14837068114325833]]	0.5154116016172826	0.6652899088972948	[[-0.37212603481055717, 0.1442297529380948, 0.3981214802273314], [-0.3544575472166057, -0.6048071522830419, -0.057314990646451895], [0.31626603014353716, -0.24676276666600683, 0.25960923096157346]]	[[0.05595224434895761, -0.024689161674593972, 0.16603419862923935], [-0.09155300640655994, -0.20679636795274348, 0.13792265188165292], [0.2010301485138128, 0.03377766700540581, -0.15712434788967322]]	0.6848231657088154	[[-0.606327094304716, 0.6063270943047159, 0.0], [-0.7071067811865475, -0.7071067811865476, 0.0], [0.0, 0.0, 0.8574759999999999]]
2	[[0.5319609947059123, -0.8460851799387872, 0.03402011756955908], [-0.703274286200726, -0.4190807785627857, 0.5742617690636116], [-0.47161719485230363, -0.3294103357928521, -0.8179645788128509]]	0.14873743842243511	0.851262561577565	[[0.07912251569320794, -0.1258445423512803, 0.005060065142126313], [-0.1046032158378625, -0.06233300149550851, 0.08541422451445758], [-0.07014713347830606, -0.04899564953570301, -0.12166195617290944]]	0.4538721940419051	0.8225598030957011	[[0.21420528695105692, -0.49399347504250146, 0.22322410498058487], [-0.38321999063032924, -0.3987636291737496, 0.0], [0.1277249547383332, -0.1453678602376611, -0.32349250442498456]]	[[-0.02723701686082982, -0.10997893807734402, 0.20778331957772556], [-0.06402334733915097, -0.20855451672666822, -0.2606414490792872], [0.34177888571383697, 0.004142331608721378, 0.0477588736093668]]	0.695195948136013	[[0.606327094304716, -0.6063270943047159, 0.0], [-0.7071067811865475, -0.7071067811865476, 0.0], [0.0, 0.0, -0.8574759999999999]]
2	[[-0.42203838922340475, -0.825029846081567, 0.3757783270710803], [0.2588054115689476, 0.28760896992378115, 0.9221175843470338], [-0.8688517462515349, 0.4864224845687207, 0.09214016247897017]]	0.10571019322916757	0.8942898067708326	[[-0.044613759674932744, -0.08721406444911284, 0.03972359956601719], [0.027358370065707675, 0.030403199785084697, 0.09747722802133817], [-0.09184648598374948, 0.051419814834771246, 0.009740154379818795]]	0.3371681418486594	1.1286428636427563	[[-0.22657312974325386, -0.44363121744831646, 0.2804292364225264], [0.1855438424009007, 0.015974949524880072, 0.01966708958429197], [0.15623010796878234, 0.1640061652754438, -0.08811644623313564]]	[[-0.08427523025999724, -0.16545743727530912, 0.15372875613697248], [0.0982829026818211, -0.08099763244332817, -0.29124158289597185], [0.4491792367943753, 0.0, -0.11918317360580354]]	1.0000000000000002	[[0.0, 0.0, 0.0], [0.0, 0.0, 0.0], [0.0, 0.0, 0.0]]
2	[[0.04673222253661188, -0.9725397674033924, -0.22799671093185395], [-0.8377629715199755, -0.16246744520517667, 0.5213036857710898], [-0.5440306084466285, 0.16664552219444034, -0.8223502702654952]]	0.1745699384701439	0.8254300615298559	[[0.008158041212789402, -0.16977620735537832, -0.03980137179876895], [-0.14624823039080703, -0.028361931912869173, 0.09100395234931838], [-0.09497138984240291, 0.029091298555808456, -0.14355763608115368]]	0.4591060641680847	0.8685326758926823	[[-0.05313232519147528, -0.5497116585042696, 0.09540001863801179], [-0.3070081745582203, -0.18576558601212761, 0.0], [0.06745800010426116, 0.06745800010426115, -0.48302846894273077]]	[[-0.07458737195008626, -0.10321275364475374, 0.20007469123720378], [0.07761388600207482, -0.11117579668853496, -0.239333683410681], [0.3172257515351612, -0.009049969701663576, -0.10548247299357856]]	0.8898996727272355	[[0.606327094304716, -0.6063270943047159, 0.0], [-0.7071067811865475, -0.7071067811865476, 0.0], [0.0, 0.0, -0.8574759999999999]]
