2	[[0.3802729664721569, 0.7767473726770865, -0.5020517802076895], [0.4287143634067757, 0.332951791095048, 0.839849450446521], [0.8195098935212374, -0.5346088512602871, -0.20639019011321075]]	0.1223491805733817	0.8776508194266187	[[0.046526085842077465, 0.09503440455956866, -0.0614256239138183], [0.05245285106285799, 0.04073637881091895, 0.1027548920671368], [0.10026636394410275, -0.06540895487897302, -0.025251670638735804]]	0.40160686345883057	0.9537212528414335	[[0.1385782338569489, 0.30602093441767914, 0.10963058566945394], [0.27035862004448546, -0.2745665112406549, 0.3281964872392852], [0.5546035363287345, 0.0, -0.08048839226968564]]	[[-0.014141999466119118, -0.005926141623052895, 0.31125802641258626], [0.09818398923694106, -0.4082822357453369, -0.009092816332164707], [0.2254827384181902, 0.2147025839319724, 0.002399324630352681]]	1.0000000000000007	[[0.0, 0.0, 0.0], [0.0, 0.0, 0.0], [0.0, 0.0, 0.0]]
2	[[0.08740825448676931, -0.06334395238859675, -0.994156597696443], [0.7119981850616444, -0.6940087028176986, 0.10681996481098455], [-0.6967197295301035, -0.717174639895393, -0.015561310176609944]]	0.14705240116859875	0.8529475988314013	[[0.012853593704235371, -0.009314880298252544, -0.14619311482886663], [0.10470104274099915, -0.10205564618124705, 0.0157081323182005], [-0.10245430916893843, -0.10546225285384267, -0.002288328026799836]]	0.4352640209514956	1.0228949151722047	[[0.05839738244324388, -0.014507169609644183, -0.0009495401675513951], [0.635356027496084, -0.6362188475759747, 0.03780189294530068], [0.007204281260422968, -0.01200514363168069, 0.022008391702828867]]	[[0.020351714130981045, 0.01306417380997653, 0.43177105800126075], [0.32544883455598594, -0.3341418290122117, -0.00869299445622571], [0.3104613122119343, 0.30015517385362894, 0.028781670141573557]]	0.836646801329828	[[0.0, 0.0, -0.83832336], [0.0, -1.0, 0.0], [-0.83832336, 0.0, 0.0]]
2	[[0.8489524140446696, -0.5135124485683378, 0.12483895166604869], [0.522794976890395, 0.7815435453534784, -0.34040431673891397], [0.0772347773085365, 0.35425224329800037, 0.9319550081910795]]	0.20715824058026466	0.7928417594197354	[[0.17586748842986216, -0.10637833536148049, 0.025861417583023377], [0.10830128759681437, 0.16190318579228882, -0.07051755934156054], [0.015999820578844942, 0.07338627144322561, 0.1930621597968302]]	0.0	0.456239300639453	[[0.6474269688544032, -0.647426968854403, 0.0], [0.7071067811865476, 0.7071067811865478, 0.0], [0.0, 0.0, 0.9156000000000001]]	[[0.6474269688544031, -0.647426968854403, 0.0], [0.7071067811865476, 0.7071067811865477, 0.0], [0.0, 0.0, 0.9156000000000002]]	0.456239300639453	[[0.647426968854403, -0.6474269688544029, 0.0], [0.7071067811865475, 0.7071067811865476, 0.0], [0.0, 0.0, 0.9156]]
2	[[-0.3195682178843842, -0.5708200961323295, -0.7563336379995778], [0.910087742671785, 0.03735879733279218, -0.41272826520656647], [0.2638493031197415, -0.8202248094963509, 0.507557688474819]]	0.11203551273319001	0.8879644872668099	[[-0.03580298914390877, -0.06395212214859439, -0.08473622693064164], [0.10196214688242494, 0.004185512014274705, -0.046240222811897706], [0.029560491959315108, -0.09189430708840678, 0.05686448586994908]]	0.354973819971179	1.0660945425934234	[[-0.17837321473535622, -0.26756105373196304, 0.1804301089728727], [0.5356971550269374, -0.07415474415881357, -0.14650772891045274], [0.231877450213499, -0.047962531317762874, 0.08833792663020364]]	[[-0.06493486369155438, -0.06493486369155438, 0.4489087496262817], [0.2126398325017866, -0.08741613915756391, 0.0], [0.13821785518835092, 0.24319580254428935, -0.09183176490344447]]	0.9573827687192775	[[1.673909273606744e-16, -0.83832336, 0.0], [1.0, 1.7938038903913487e-16, 0.0], [0.0, 0.0, 0.83832336]]
2	[[0.8787972042104137, -0.3840163418041313, 0.28327887866788265], [-0.395223040501579, -0.9183905790867732, -0.018907472103605397], [0.2674214316928388, -0.09534250611366366, -0.9588511794847616]]	0.5434978690887752	0.4565021309112249	[[0.4776244078495331, -0.20871206346581206, 0.15396146691385196], [-0.21480288032739486, -0.49914332272486744, -0.010276170798164995], [0.1453429782737273, -0.05181844890635971, -0.5211335728232267]]	0.7904185695982767	0.369564525282677	[[0.5473694544132439, -0.23508248448912986, 0.23065478795859945], [-0.3506607795660164, -0.8421957393359827, -0.014944817054851104], [0.20462896363404912, -0.07536048730427698, -0.6337260772839445]]	[[-0.14724817470571624, 0.06845116310205457, 0.006745901884527774], [-0.03826914922047647, -0.11628277148168228, 0.0], [-0.006745901884527774, 0.0, 0.12416770046202155]]	0.5126038104798828	[[0.5927841326830913, -0.5927841326830913, 0.0], [-0.7071067811865475, -0.7071067811865476, 0.0], [0.0, 0.0, -0.83832336]]
2	[[0.22433838825039393, -0.7661379269479729, -0.6022499185961573], [-0.9416906372873723, -0.011392912655017143, -0.3362869982418849], [0.2507808429735371, 0.642575192824231, -0.724020780340167]]	0.13653275630672299	0.8634672436932771	[[0.03062953849323402, -0.10460292287732553, -0.08222684137143292], [-0.12857161829707942, -0.0015555057671512301, -0.045914190780078655], [0.03423979972010051, 0.08773256221061627, -0.09885255276318748]]	0.3941132770330897	0.8696400745331692	[[0.017982311478519915, -0.3001683749618652, 0.10231214066478814], [-0.45675299301873673, -0.12255330253721669, -0.13253517090073014], [0.2682436279220363, 0.0423818951765745, -0.316297022496844]]	[[-0.0704324258791644, 0.0017767540869382814, 0.33966682967563117], [-0.08562021000603168, -0.11806320439579614, 0.0], [0.169407568080615, -0.21086551980755266, -0.03095082011692596]]	0.9669422240190957	[[0.5927841326830913, -0.5927841326830913, 0.0], [-0.7071067811865475, -0.7071067811865476, 0.0], [0.0, 0.0, -0.83832336]]
2	[[0.034229894132735264, 0.2773841392786001, 0.9601491309293217], [-0.1827544195208179, -0.9427759796974285, 0.2788803941677556], [0.9825625356654255, -0.18501754344446375, 0.018422055382213542]]	0.7366796782948444	0.2633203217051557	[[0.02521646739776999, 0.2043432584878514, 0.7073223528880871], [-0.13463146697955714, -0.6945239054276084, 0.2054455190582416], [0.7238338526785723, -0.13629866438356994, 0.013571153832498878]]	0.861483420977245	0.20843409724866888	[[0.0002628544218538769, 0.2016707425095055, 0.7847337775495604], [-0.18981540946859546, -0.8216009769240872, 0.24025083601112063], [0.802138344599961, -0.15938954626734267, -0.00037173228831549154]]	[[-0.029225631875303824, -0.03729109472105149, -0.04241878041176035], [-0.03237550694109072, -0.009415100719172727, 0.0], [-0.04432298994916617, 0.0, -0.01624202758041708]]	0.37603718261362085	[[0.0, 0.0, 0.9156], [0.0, -1.0, 0.0], [0.9156, 0.0, 0.0]]
2	[[-0.8305561570912853, 0.32773595720904825, 0.4502950280316503], [-0.5100865793185324, -0.772219296347621, -0.37879947194723407], [0.22358030216652452, -0.5443036842615101, 0.808545204538665]]	0.18090676031729072	0.8190932396827092	[[-0.15025322364096322, 0.05928965025817517, 0.08146141470818943], [-0.09227811054584445, -0.139699691156746, -0.06852738527987456], [0.040447188135706885, -0.0984682161485153, 0.14627129352317103]]	0.5101708565822717	0.6711684401103497	[[-0.3646647320455289, 0.1393806833608059, 0.3922227029073236], [-0.3553296994949905, -0.6060917031579967, -0.05582077415795305], [0.310433002156006, -0.2442536637661642, 0.2543289612407622]]	[[0.059060814057411884, -0.027820650661345023, 0.16249530274167856], [-0.09509839239293401, -0.21212792327097177, 0.1374316769182795], [0.19636884788478703, 0.03343421307441675, -0.15816723834421648]]	0.6870018060830854	[[-0.5927841326830913, 0.5927841326830913, 0.0], [-0.7071067811865475, -0.7071067811865476, 0.0], [0.0, 0.0, 0.83832336]]
2	[[-0.30792515101507295, 0.09349718223056193, 0.9468053539599837], [0.3027085282091916, -0.9338174967034747, 0.1906631317268273], [0.9019698710720718, 0.34531602882779927, 0.2592434992682147]]	0.525526242941053	0.47447375705894723	[[-0.16182274772000765, 0.0491352229032022, 0.49757106046306404], [0.15908127553599222, -0.49074560063519634, 0.10019847928377464], [0.4740088375905318, 0.1814726352571977, 0.1362392621773165]]	0.7627266473584489	0.33542502430668547	[[-0.08052018155481819, 0.12191221159302909, 0.7343543625860725], [0.314176783701889, -0.8096271837330823, 0.14542385123686533], [0.6757557665219894, 0.2633817369469608, 0.08052018155481819]]	[[0.1543425365162525, 0.05059941925285065, 0.012200689259144403], [0.08329292285408184, -0.09737969522778148, 0.0], [-0.012200689259144403, 0.0, -0.11721174349149974]]	0.4836240595272606	[[0.0, 0.0, 0.9156], [0.0, -1.0, 0.0], [0.9156, 0.0, 0.0]]
2	[[-0.42203838922340475, -0.825029846081567, 0.3757783270710803], [0.2588054115689476, 0.28760896992378115, 0.9221175843470338], [-0.8688517462515349, 0.4864224845687207, 0.09214016247897017]]	0.10474017485408918	0.8952598251459108	[[-0.04420437468239756, -0.08641377033842562, 0.03935908768380206], [0.027107324060916087, 0.03012421379942129, 0.09658275702053865], [-0.09100368382466648, 0.050947976086688294, 0.009650776729131526]]	0.3337783709386301	1.1252994582562155	[[-0.2244146114366818, -0.43610430739350503, 0.2748021305307568], [0.18604367174600298, 0.01747410225126264, 0.01639830765022007], [0.15035147343620373, 0.16235730448726857, -0.08739936736192472]]	[[-0.08354732540813022, -0.16072718939265085, 0.14937545268692784], [0.099660023082418, -0.07852355119723448, -0.29138459746699774], [0.4403553938872251, 0.0, -0.11815376069217604]]	1.0000000000000002	[[0.0, 0.0, 0.0], [0.0, 0.0, 0.0], [0.0, 0.0, 0.0]]
2	[[-0.5446221603179724, 0.8109226453022452, -0.2139887049042392], [-0.8354447797583356, -0.5021691245819775, 0.22328947644507607], [0.07361197229480154, 0.30038414347728, 0.9509735242804028]]	0.2306536433625634	0.7693463566374366	[[-0.1256190855333304, 0.18704226262417056, -0.04935727442459918], [-0.19269838227949446, -0.11582713816902214, 0.05150253126657608], [0.016978869604900054, 0.06928469710137761, 0.2193455081166121]]	0.5858889961131154	0.5801719553424965	[[-0.3313145331524543, 0.5174772515770449, 0.13247805439959165], [-0.6048457754405845, -0.4076415596725623, 0.1308228471970288], [0.1712258386351749, 0.016126422613528302, 0.49724950740813667]]	[[-0.012226402382801229, 0.04236659699552031, 0.2578516818954821], [-0.11536787212003029, -0.11342619539222558, 0.0], [0.12809739408546714, -0.1598653416566733, -0.059915416062660036]]	0.4391361140144576	[[-0.5927841326830913, 0.5927841326830913, 0.0], [-0.7071067811865475, -0.7071067811865476, 0.0], [0.0, 0.0, 0.83832336]]
2	[[0.8592155572171323, 0.2624339665249735, -0.4391776855101157], [-0.4266000482917053, 0.8413623931712975, -0.33184593135155627], [0.2824199444684594, 0.4724804086637203, 0.8348660002631537]]	0.16379130465306513	0.8362086953469352	[[0.14073203709480445, 0.04298440176240424, -0.07193348608421538], [-0.06987337847475901, 0.1378078440635519, -0.05435347803988288], [0.04625793116453518, 0.07738818255804412, 0.1367437913935881]]	0.0	0.6894915121159815	[[0.6474269688544029, 0.6474269688544028, 0.0], [-0.7071067811865474, 0.7071067811865475, 0.0], [0.0, 0.0, 0.9155999999999999]]	[[0.6474269688544029, 0.6474269688544028, 0.0], [-0.7071067811865474, 0.7071067811865475, 0.0], [0.0, 0.0, 0.9155999999999999]]	0.6894915121159817	[[0.647426968854403, 0.6474269688544029, 0.0], [-0.7071067811865475, 0.7071067811865476, 0.0], [0.0, 0.0, 0.9156]]
2	[[0.5319609947059123, -0.8460851799387872, 0.03402011756955908], [-0.703274286200726, -0.4190807785627857, 0.5742617690636116], [-0.47161719485230363, -0.3294103357928521, -0.8179645788128509]]	0.14691620795256244	0.8530837920474377	[[0.07815369212086579, -0.12430362624146805, 0.004998106667419996], [-0.1033223912791558, -0.06156975881225192, 0.08436836148295596], [-0.06928820987292521, -0.04839571739506609, -0.12017225415869895]]	0.4492293201148749	0.8267223585443826	[[0.21260365159364275, -0.4812589264216769, 0.22027305675250308], [-0.3824760865908293, -0.3980867577512138, 0.0], [0.12112177673586087, -0.14141037015498484, -0.3160196447013102]]	[[-0.02636882438572688, -0.10117265627850382, 0.20499022246650195], [-0.06654465714660326, -0.20982338452424112, -0.25797522408441154], [0.3329860485338457, 0.006570411032050763, 0.05143402691683673]]	0.702738947514468	[[0.5927841326830913, -0.5927841326830913, 0.0], [-0.7071067811865475, -0.7071067811865476, 0.0], [0.0, 0.0, -0.83832336]]
2	[[0.04673222253661188, -0.9725397674033924, -0.22799671093185395], [-0.8377629715199755, -0.16246744520517667, 0.5213036857710898], [-0.5440306084466285, 0.16664552219444034, -0.8223502702654952]]	0.17275066171313366	0.8272493382868663	[[0.008073022366525129, -0.16800688836127314, -0.039386582681895814], [-0.14472410768883692, -0.02806635866603653, 0.09005555667045126], [-0.0939816476013538, 0.028788124230620275, -0.14206155334833864]]	0.4545549590528917	0.8629486524527006	[[-0.0492641311417597, -0.5398850515143844, 0.09124516491055074], [-0.3085734607441002, -0.18201028231553554, 0.0], [0.06452007485873525, 0.06452007485873525, -0.4735146343876639]]	[[-0.07050649464333993, -0.09781227736502668, 0.1948822005123736], [0.07223585247119116, -0.10815989941286858, -0.23696117553979926], [0.3118118858047123, -0.011229473658706331, -0.09971124095999731]]	0.893997901423086	[[0.5927841326830913, -0.5927841326830913, 0.0], [-0.7071067811865475, -0.7071067811865476, 0.0], [0.0, 0.0, -0.83832336]]
