2	[[0.8787972042104137, -0.3840163418041313, 0.28327887866788265], [-0.395223040501579, -0.9183905790867732, -0.018907472103605397], [0.2674214316928388, -0.09534250611366366, -0.9588511794847616]]	0.5517278783760943	0.4482721216239057	[[0.48485691700185485, -0.21187252152534236, 0.15629285471618992], [-0.21805556962128536, -0.5067016857201381, -0.010431779469177394], [0.14754385914018753, -0.052603118617151445, -0.5290249269355433]]	0.7955465524952322	0.3622269747040601	[[0.5538682112531821, -0.23820757945776244, 0.23211456508319708], [-0.35013790467632516, -0.8429540214504699, -0.015041774248423049], [0.20599316828232925, -0.07584940204498072, -0.6419080852859502]]	[[-0.145255874898861, 0.0672952973663449, 0.0067530297642478315], [-0.03571957733861047, -0.11233156241388774, 0.0], [-0.0067530297642478315, 0.0, 0.12090266490913906]]	0.508338945795665	[[0.601100160978185, -0.6011001609781849, 0.0], [-0.7071067811865475, -0.7071067811865476, 0.0], [0.0, 0.0, -0.8500839999999998]]
2	[[0.22433838825039393, -0.7661379269479729, -0.6022499185961573], [-0.9416906372873723, -0.011392912655017143, -0.3362869982418849], [0.2507808429735371, 0.642575192824231, -0.724020780340167]]	0.13789080702616918	0.8621091929738309	[[0.030934201402796888, -0.10564337704021219, -0.08304472730666888], [-0.1298504819445433, -0.001570977920378941, -0.04637088557998143], [0.03458037282432405, 0.08860521191352949, -0.09983580970482235]]	0.3970045021334079	0.848661295350029	[[0.15988435299008472, -0.30280970777920496, 0.10387436860120447], [-0.4596187048066226, -0.28985366851561495, -0.13350745231095773], [0.27129512489326146, 0.04190774330374426, -0.31812502779019697]]	[[0.07082100285332583, 0.001350498474296219, 0.34297029769335735], [-0.08576328218665778, -0.28533063089916044, 0.0], [0.17173400118395601, -0.21319750120671815, -0.030685518357007446]]	0.9651723857115411	[[0.601100160978185, -0.6011001609781849, 0.0], [-0.7071067811865475, -0.7071067811865476, 0.0], [0.0, 0.0, -0.8500839999999998]]
2	[[-0.30792515101507295, 0.09349718223056193, 0.9468053539599837], [0.3027085282091916, -0.9338174967034747, 0.1906631317268273], [0.9019698710720718, 0.34531602882779927, 0.2592434992682147]]	0.5340186842703193	0.4659813157296808	[[-0.16443778399880865, 0.049929242237746974, 0.5056117493818044], [0.16165200995167733, -0.49867599093819287, 0.1018176747436189], [0.48166876380137735, 0.18440521137207302, 0.13844087238484548]]	0.7679474745597525	0.32911893493424255	[[-0.08480067756167158, 0.12446867914480197, 0.7390243482315674], [0.31195102162058247, -0.810136808414211, 0.14641927050127046], [0.6807379168604379, 0.26518457226331116, 0.08480067756167158]]	[[0.15166966451378414, 0.052667754172388954, 0.01192756775834524], [0.07948677185463418, -0.09301402012106755, 0.0], [-0.01192756775834524, 0.0, -0.11428471299738698]]	0.48195671525046263	[[0.0, 0.0, 0.9219999999999999], [0.0, -1.0, 0.0], [0.9219999999999999, 0.0, 0.0]]
2	[[0.08740825448676931, -0.06334395238859675, -0.994156597696443], [0.7119981850616444, -0.6940087028176986, 0.10681996481098455], [-0.6967197295301035, -0.717174639895393, -0.015561310176609944]]	0.14903912104035674	0.8509608789596431	[[0.01302724942037994, -0.009440726987218668, -0.14816822549714947], [0.10611558368391674, -0.10343444706230794, 0.015920353664990974], [-0.1038384961006417, -0.10688707796244373, -0.0023192439909582897]]	0.4384755102161653	1.0233992401976257	[[0.059023006077172306, -0.0146429899004243, -0.0008063893178543828], [0.6353008978050225, -0.6363118888006214, 0.03793900017073178], [0.007521676645446958, -0.012145607224196496, 0.022446197312366245]]	[[0.020696627093981665, 0.013131781942274122, 0.43510693209186047], [0.3231071303371344, -0.33200606873817196, -0.008898938401037478], [0.3130162155288278, 0.30231790891803056, 0.02926945073168733]]	0.8325758322956895	[[0.0, 0.0, -0.8500839999999998], [0.0, -1.0, 0.0], [-0.8500839999999998, 0.0, 0.0]]
2	[[0.3802729664721569, 0.7767473726770865, -0.5020517802076895], [0.4287143634067757, 0.332951791095048, 0.839849450446521], [0.8195098935212374, -0.5346088512602871, -0.20639019011321075]]	0.1230431993989411	0.8769568006010592	[[0.046790002439660444, 0.09557348185891038, -0.06177405730068811], [0.052750386901849994, 0.04096745362194261, 0.10333776339638238], [0.10083511923793867, -0.06577998348605837, -0.025394909316085165]]	0.40427957849759083	0.9536155918472142	[[0.1402755686189459, 0.3077317899238121, 0.11235675151262309], [0.27195219646477997, -0.274771961386984, 0.32815861373162863], [0.5611180265637348, 0.0, -0.07866112451311864]]	[[-0.013461025980446177, -0.006291310501191534, 0.3153260335989529], [0.09863173433082568, -0.40937757115090784, -0.011375368096324185], [0.22980691223636332, 0.21613144104859014, 0.004778214551887816]]	1.0000000000000007	[[0.0, 0.0, 0.0], [0.0, 0.0, 0.0], [0.0, 0.0, 0.0]]
2	[[0.5319609947059123, -0.8460851799387872, 0.03402011756955908], [-0.703274286200726, -0.4190807785627857, 0.5742617690636116], [-0.47161719485230363, -0.3294103357928521, -0.8179645788128509]]	0.1480349724952134	0.8519650275047865	[[0.07874883121981609, -0.12525019634084605, 0.005036167168693609], [-0.10410918961431531, -0.06203861152781456, 0.08501082518838433], [-0.06981583846823049, -0.048764249998733876, -0.12108736392661919]]	0.4520937902429373	0.8241333490722739	[[0.21359496555778062, -0.48907436499405493, 0.22209014983533798], [-0.3829350460484373, -0.39850436072748774, 0.0], [0.12516721542688505, -0.14383871032556045, -0.32060773053008623]]	[[-0.026901296800218404, -0.10656450912715104, 0.20670986593880564], [-0.06498910841955494, -0.2090405431290769, -0.2596201797675825], [0.3383824205914049, 0.005085656928228769, 0.04918897618988328]]	0.698090346199122	[[0.601100160978185, -0.6011001609781849, 0.0], [-0.7071067811865475, -0.7071067811865476, 0.0], [0.0, 0.0, -0.8500839999999998]]
2	[[-0.5446221603179724, 0.8109226453022452, -0.2139887049042392], [-0.8354447797583356, -0.5021691245819775, 0.22328947644507607], [0.07361197229480154, 0.30038414347728, 0.9509735242804028]]	0.23268001367654118	0.7673199863234588	[[-0.1267226917113332, 0.18868549219954334, -0.049790894783743704], [-0.1943913027801645, -0.11684471877567128, 0.051954998433068014], [0.01712803472031158, 0.06989338661250961, 0.2212725326355927]]	0.5883029572011725	0.5800510403014673	[[-0.33773801319061036, 0.5203906586852401, 0.13347637683697583], [-0.605865874915398, -0.40359750973347275, 0.13136185930453984], [0.17334368596398922, 0.015420416415284048, 0.4981933141979842]]	[[-0.017335185718256138, 0.04332246839253156, 0.2593665647397888], [-0.11437124040528658, -0.10816992872677131, 0.0], [0.1300375449775467, -0.16129646348874108, -0.06126722235619787]]	0.43383130714135487	[[-0.601100160978185, 0.6011001609781849, 0.0], [-0.7071067811865475, -0.7071067811865476, 0.0], [0.0, 0.0, 0.8500839999999998]]
2	[[0.8592155572171323, 0.2624339665249735, -0.4391776855101157], [-0.4266000482917053, 0.8413623931712975, -0.33184593135155627], [0.2824199444684594, 0.4724804086637203, 0.8348660002631537]]	0.16513862623289816	0.8348613737671019	[[0.1418896767567713, 0.04333798470878451, -0.07252519965728431], [-0.07044814592578019, 0.1389414297723316, -0.054800581224372626], [0.046638441650292795, 0.07802476560868508, 0.13786862437201156]]	0.0	0.6891921741387239	[[0.6519524522539967, 0.6519524522539966, 0.0], [-0.7071067811865474, 0.7071067811865475, 0.0], [0.0, 0.0, 0.9219999999999998]]	[[0.6519524522539967, 0.6519524522539966, 0.0], [-0.7071067811865474, 0.7071067811865475, 0.0], [0.0, 0.0, 0.9219999999999998]]	0.689192174138724	[[0.6519524522539968, 0.6519524522539967, 0.0], [-0.7071067811865475, 0.7071067811865476, 0.0], [0.0, 0.0, 0.9219999999999999]]
2	[[0.8489524140446696, -0.5135124485683378, 0.12483895166604869], [0.522794976890395, 0.7815435453534784, -0.34040431673891397], [0.0772347773085365, 0.35425224329800037, 0.9319550081910795]]	0.20854459770726563	0.7914554022927344	[[0.1770444396595576, -0.10709024700435694, 0.02603448895339286], [0.10902606813898665, 0.16298668425645133, -0.07098948129213344], [0.016106895562818996, 0.07387739156547787, 0.1943541822644801]]	0.0	0.45378410290476595	[[0.6519524522539967, -0.6519524522539966, 0.0], [0.7071067811865474, 0.7071067811865475, 0.0], [0.0, 0.0, 0.9219999999999998]]	[[0.6519524522539967, -0.6519524522539966, 0.0], [0.7071067811865474, 0.7071067811865475, 0.0], [0.0, 0.0, 0.9219999999999998]]	0.453784102904766	[[0.6519524522539968, -0.6519524522539967, 0.0], [0.7071067811865475, 0.7071067811865476, 0.0], [0.0, 0.0, 0.9219999999999999]]
2	[[0.034229894132735264, 0.2773841392786001, 0.9601491309293217], [-0.1827544195208179, -0.9427759796974285, 0.2788803941677556], [0.9825625356654255, -0.18501754344446375, 0.018422055382213542]]	0.7493621300045816	0.2506378699954183	[[0.02565058637713783, 0.2078611694392993, 0.7194993978752444], [-0.136949241079871, -0.7064806162632213, 0.20898240619006667], [0.7362951545889461, -0.13864514044375859, 0.01380479066027791]]	0.8671470790519386	0.1991941699372612	[[0.0, 0.20557608507312256, 0.7930575120329032], [-0.1887312575830529, -0.8216555554566403, 0.24183031920742257], [0.811754558311411, -0.1604374223712319, 0.0]]	[[-0.029682352713458475, -0.03495676107765163, -0.03953300230671536], [-0.03025629651174306, -0.004130118461685214, 0.0], [-0.04027167447672904, 0.0, -0.01597463151481952]]	0.37299791668973736	[[0.0, 0.0, 0.9219999999999999], [0.0, -1.0, 0.0], [0.9219999999999999, 0.0, 0.0]]
2	[[-0.3195682178843842, -0.5708200961323295, -0.7563336379995778], [0.910087742671785, 0.03735879733279218, -0.41272826520656647], [0.2638493031197415, -0.8202248094963509, 0.507557688474819]]	0.11308040025318021	0.8869195997468197	[[-0.03613690198656168, -0.06454856494320264, -0.08552651050993618], [0.10291308620683867, 0.0042245477553695746, -0.04667147742535925], [0.02983618480330301, -0.09275134975543585, 0.05739482656431147]]	0.3575809565810204	1.0676256502774808	[[-0.18060297442788173, -0.2704458613945601, 0.18185278637750615], [0.5366072351679881, -0.074749205570713, -0.14758376788058913], [0.23557815270772534, -0.04744695658823745, 0.08768610580689604]]	[[-0.06633146538389177, -0.06633146538389176, 0.45230329214779835], [0.21117718957074974, -0.08810800005768928, 0.0], [0.14123066650493254, 0.24584981540295292, -0.09380685795798123]]	0.9601131131855588	[[1.6973921506192017e-16, -0.8500839999999998, 0.0], [1.0, 1.7938038903913487e-16, 0.0], [0.0, 0.0, 0.8500839999999998]]
2	[[0.04673222253661188, -0.9725397674033924, -0.22799671093185395], [-0.8377629715199755, -0.16246744520517667, 0.5213036857710898], [-0.5440306084466285, 0.16664552219444034, -0.8223502702654952]]	0.1738731920046648	0.8261268079953351	[[0.008125480701913046, -0.16909859370990205, -0.0396425158962863], [-0.14566452200149121, -0.0282487332946671, 0.09064073584881614], [-0.09459233843885526, 0.028975188877231554, -0.14298466643696045]]	0.45736151554784626	0.8663741477767025	[[-0.05163496434308192, -0.5459251035327038, 0.09379128225045563], [-0.3076090549229262, -0.1843242443474381, 0.0], [0.06632045169547865, 0.06632045169547865, -0.47936095482183394]]	[[-0.07300848446734594, -0.10112284158253848, 0.19806820350217258], [0.075551487401317, -0.11001788738121188, -0.23842424378494384], [0.3151391152790457, -0.009896796894632829, -0.1032495889020261]]	0.8914584458959909	[[0.601100160978185, -0.6011001609781849, 0.0], [-0.7071067811865475, -0.7071067811865476, 0.0], [0.0, 0.0, -0.8500839999999998]]
2	[[-0.42203838922340475, -0.825029846081567, 0.3757783270710803], [0.2588054115689476, 0.28760896992378115, 0.9221175843470338], [-0.8688517462515349, 0.4864224845687207, 0.09214016247897017]]	0.10533890285376123	0.8946610971462389	[[-0.04445706088296213, -0.08690773880783978, 0.03958407668988943], [0.027262278107289095, 0.03029641334267153, 0.09713485463727717], [-0.09152388969271118, 0.05123921084786965, 0.009705943624302014]]	0.335869868206358	1.1273331395983226	[[-0.2257470640853481, -0.4407319521910477, 0.2782589830851051], [0.18573527576959092, 0.01654912120848505, 0.018415154412248252], [0.15395545934502972, 0.16337465578470547, -0.08784271387794522]]	[[-0.08399708591885957, -0.16362928652131986, 0.15204636589693565], [0.09881033629483624, -0.0800500656147817, -0.2912963571131552], [0.44577658084939675, 0.0, -0.11878981810626932]]	1.0000000000000002	[[0.0, 0.0, 0.0], [0.0, 0.0, 0.0], [0.0, 0.0, 0.0]]
2	[[-0.8305561570912853, 0.32773595720904825, 0.4502950280316503], [-0.5100865793185324, -0.772219296347621, -0.37879947194723407], [0.22358030216652452, -0.5443036842615101, 0.808545204538665]]	0.1825055130448735	0.8174944869551264	[[-0.15158107756252356, 0.05981361901369005, 0.08218132511247202], [-0.09309361285583329, -0.1409342788630737, -0.06913299196885711], [0.04080463775362941, -0.09933842314836173, 0.1475639573743012]]	0.513403357169236	0.6675505081532968	[[-0.3692431880486917, 0.14235274276497448, 0.39585145709990865], [-0.35479246724607183, -0.605303469219753, -0.05674256821870988], [0.3140172165485033, -0.24580128276733892, 0.25757060653473096]]	[[0.05716713131955351, -0.025907997931223985, 0.16466847799184423], [-0.09291230497696559, -0.2088434900040193, 0.1377343523729339], [0.19923033881929741, 0.03364605605210417, -0.15753921589850617]]	0.6856144132421504	[[-0.601100160978185, 0.6011001609781849, 0.0], [-0.7071067811865475, -0.7071067811865476, 0.0], [0.0, 0.0, 0.8500839999999998]]
