2	[[-0.5446221603179724, 0.8109226453022452, -0.2139887049042392], [-0.8354447797583356, -0.5021691245819775, 0.22328947644507607], [0.07361197229480154, 0.30038414347728, 0.9509735242804028]]	0.24846343128914364	0.7515365687108564	[[-0.13531869070870947, 0.20148462296186495, -0.053168367877627284], [-0.20757747663135895, -0.12477066378110349, 0.055479269488300016], [0.018289883220327777, 0.07463447499321542, 0.23628214490783866]]	0.6062148049926768	0.5839829509064707	[[-0.25833857836150914, 0.5427443355107314, 0.14131021714992384], [-0.6134351214187704, -0.5130638099165445, 0.13536138642006873], [0.19038858793512586, 0.009454237660183534, 0.5041557602154456]]	[[0.07181943835034078, 0.05115102222468523, 0.27103333816408265], [-0.10697612717542104, -0.2086414519847379, 0.0], [0.14576392050530645, -0.172643077300788, -0.07233846935939746]]	0.39659125434295267	[[-0.6683381245573476, 0.6683381245573475, 0.0], [-0.7071067811865475, -0.7071067811865476, 0.0], [0.0, 0.0, 0.9451728399999999]]
2	[[0.8489524140446696, -0.5135124485683378, 0.12483895166604869], [0.522794976890395, 0.7815435453534784, -0.34040431673891397], [0.0772347773085365, 0.35425224329800037, 0.9319550081910795]]	0.21884688157681256	0.7811531184231874	[[0.18579058842078297, -0.1123805980200541, 0.027320615271433146], [0.11441205039648474, 0.17103836771709502, -0.0744964231935969], [0.01690259016325274, 0.07752699873735767, 0.20395544731251056]]	0.0	0.4358525517466503	[[0.6874492126695617, -0.6874492126695615, 0.0], [0.7071067811865476, 0.7071067811865476, 0.0], [0.0, 0.0, 0.9722000000000003]]	[[0.6874492126695616, -0.6874492126695615, 0.0], [0.7071067811865476, 0.7071067811865477, 0.0], [0.0, 0.0, 0.9722000000000002]]	0.43585255174665055	[[0.6874492126695615, -0.6874492126695614, 0.0], [0.7071067811865475, 0.7071067811865476, 0.0], [0.0, 0.0, 0.9722]]
2	[[0.8592155572171323, 0.2624339665249735, -0.4391776855101157], [-0.4266000482917053, 0.8413623931712975, -0.33184593135155627], [0.2824199444684594, 0.4724804086637203, 0.8348660002631537]]	0.17551591890076979	0.8244840810992303	[[0.15080600805880193, 0.04606133878540461, -0.07708267503302123], [-0.07487509947903141, 0.14767249356601095, -0.05824424357465017], [0.049569196069286045, 0.0829278330892241, 0.14653227319519774]]	0.0	0.6885411642334479	[[0.6874492126695615, 0.6874492126695614, 0.0], [-0.7071067811865475, 0.7071067811865476, 0.0], [0.0, 0.0, 0.9722]]	[[0.6874492126695615, 0.6874492126695614, 0.0], [-0.7071067811865475, 0.7071067811865476, 0.0], [0.0, 0.0, 0.9722]]	0.6885411642334479	[[0.6874492126695615, 0.6874492126695614, 0.0], [-0.7071067811865475, 0.7071067811865476, 0.0], [0.0, 0.0, 0.9722]]
2	[[0.3802729664721569, 0.7767473726770865, -0.5020517802076895], [0.4287143634067757, 0.332951791095048, 0.839849450446521], [0.8195098935212374, -0.5346088512602871, -0.20639019011321075]]	0.12804487489027377	0.8719551251097266	[[0.04869200441608061, 0.09945852015578639, -0.0642851573851328], [0.05489467702608393, 0.042632770435257955, 0.10753841780908996], [0.1049340417872684, -0.06845392347485643, -0.026427206071625867]]	0.42454100911311105	0.9463608250027173	[[0.14370707226832688, 0.3203888674401087, 0.13493976508977418], [0.2840328476386148, -0.2655592653733775, 0.3278715006513263], [0.613213520018123, 0.0, -0.06254087531000879]]	[[-0.017734396656198866, -0.009372245982179301, 0.3480813344861804], [0.10202601917661726, -0.4069109547508869, -0.028679032544331438], [0.26529796284443863, 0.22696338119484338, 0.025080224271700494]]	1.0000000000000007	[[0.0, 0.0, 0.0], [0.0, 0.0, 0.0], [0.0, 0.0, 0.0]]
2	[[0.08740825448676931, -0.06334395238859675, -0.994156597696443], [0.7119981850616444, -0.6940087028176986, 0.10681996481098455], [-0.6967197295301035, -0.717174639895393, -0.015561310176609944]]	0.16502869561066713	0.834971304389333	[[0.014424870223556794, -0.010453569837514307, -0.16406436655058282], [0.11750013175788554, -0.11453135096845588, 0.01762835945793414], [-0.11497874817056981, -0.11835439534698662, -0.002568062720438951]]	0.46297220857320104	1.0275863407314774	[[0.06398311227451994, -0.0157067821446843, 0.00043045655399706617], [0.6348803778215646, -0.6370215915668779, 0.038984830957371985], [0.010197731727239978, -0.01326711520222614, 0.026051512670636864]]	[[0.023515519647251907, 0.013619707392420008, 0.4606973322571386], [0.3052450055834644, -0.3157148496543456, -0.010469844070881149], [0.33275960366431534, 0.3187648117628341, 0.03325596681139463]]	0.8011890479785605	[[0.0, 0.0, -0.9451728399999999], [0.0, -1.0, 0.0], [-0.9451728399999999, 0.0, 0.0]]
2	[[0.034229894132735264, 0.2773841392786001, 0.9601491309293217], [-0.1827544195208179, -0.9427759796974285, 0.2788803941677556], [0.9825625356654255, -0.18501754344446375, 0.018422055382213542]]	0.8226985848951928	0.17730141510480737	[[0.028160885464113557, 0.2282035388568754, 0.7899133313039021], [-0.15035180232311926, -0.7756204643702534, 0.2294345056368261], [0.8083528076629778, -0.15221367117254514, 0.015155798893807953]]	0.9102382269720002	0.13040766137559995	[[0.0, 0.23992985278907275, 0.8563048006797886], [-0.17817909442214158, -0.8210486857169407, 0.2538475955245104], [0.8859292768239653, -0.1684100407036037, 0.0]]	[[-0.031157358144820214, -0.012555794338034552, -0.0176596418860239], [-0.011829035626215206, 0.03710205047463726, 0.0], [-0.008436703529244489, 0.0, -0.016768459028286054]]	0.35021584830019875	[[0.0, 0.0, 0.9722], [0.0, -1.0, 0.0], [0.9722, 0.0, 0.0]]
2	[[0.04673222253661188, -0.9725397674033924, -0.22799671093185395], [-0.8377629715199755, -0.16246744520517667, 0.5213036857710898], [-0.5440306084466285, 0.16664552219444034, -0.8223502702654952]]	0.18234944524369734	0.8176505547563025	[[0.008521594854556197, -0.17734208706344307, -0.041575073755811195], [-0.1527656131023789, -0.029625848503324746, 0.09505943790385293], [-0.09920367964583385, 0.03038771852450245, -0.14995511557891764]]	0.4784767640820981	0.8932337513896164	[[-0.07134492130670642, -0.5928041042756246, 0.11426912508603523], [-0.3015169578348671, -0.2012675155055617, 0.00159270133052348], [0.0818649362488114, 0.07973601020836728, -0.5259946665134803]]	[[-0.09370520392438896, -0.12746642342729303, 0.22336025355407021], [0.09933315784581365, -0.12353061805510315, -0.24783899934129844], [0.34217094133996917, 0.0, -0.13251917025480742]]	0.8736893679272848	[[0.6683381245573476, -0.6683381245573475, 0.0], [-0.7071067811865475, -0.7071067811865476, 0.0], [0.0, 0.0, -0.9451728399999999]]
2	[[0.8787972042104137, -0.3840163418041313, 0.28327887866788265], [-0.395223040501579, -0.9183905790867732, -0.018907472103605397], [0.2674214316928388, -0.09534250611366366, -0.9588511794847616]]	0.622853003744369	0.3771469962556309	[[0.54736147832461, -0.2391857319796275, 0.17644110047562742], [-0.24616585792539092, -0.5720223307947273, -0.011776575792943484], [0.16656424199550424, -0.05938436631741128, -0.5972233372859149]]	0.8348039327949925	0.30357083794458656	[[0.6059014250115343, -0.2635842991171408, 0.24325774612437276], [-0.34641182769687656, -0.8487360399974178, -0.015784032071301395], [0.21646903875618043, -0.07959229906621704, -0.707698994647455]]	[[-0.12772193719256317, 0.05699405327849408, 0.006775424134668826], [-0.016478079154963823, -0.08205997273390875, 0.0], [-0.006775424134668826, 0.0, 0.09275374095154118]]	0.4796222998822319	[[0.6683381245573476, -0.6683381245573475, 0.0], [-0.7071067811865475, -0.7071067811865476, 0.0], [0.0, 0.0, -0.9451728399999999]]
2	[[-0.30792515101507295, 0.09349718223056193, 0.9468053539599837], [0.3027085282091916, -0.9338174967034747, 0.1906631317268273], [0.9019698710720718, 0.34531602882779927, 0.2592434992682147]]	0.6055405553412991	0.3944594446587011	[[-0.18646116694922063, 0.056616335650741104, 0.5733290398370436], [0.1833022902783411, -0.5654643655412438, 0.11545425866897426], [0.5461793366301023, 0.2091028598646376, 0.1569824525154964]]	0.808119452055214	0.28064891538166586	[[-0.12005464249386497, 0.14563089427633735, 0.7746489793535074], [0.29524398945086455, -0.8138844955591213, 0.15407858553821477], [0.7193822424726521, 0.2790566000022036, 0.12005464249386497]]	[[0.1287856618184548, 0.07007400260346916, 0.009517155508422553], [0.050619339502012334, -0.05924841180353764, 0.0], [-0.009517155508422553, 0.0, -0.08944507208364097]]	0.47083208080761013	[[0.0, 0.0, 0.9722], [0.0, -1.0, 0.0], [0.9722, 0.0, 0.0]]
2	[[-0.8305561570912853, 0.32773595720904825, 0.4502950280316503], [-0.5100865793185324, -0.772219296347621, -0.37879947194723407], [0.22358030216652452, -0.5443036842615101, 0.808545204538665]]	0.19493927724498752	0.8050607227550124	[[-0.16190801697474944, 0.06388861062552602, 0.08778018731150135], [-0.0994359091047227, -0.15053587150463804, -0.07384289528217672], [0.04358458251055823, -0.10610616681172266, 0.1576172177926679]]	0.5379406125171646	0.6392607404303983	[[-0.4066319936353476, 0.16700020779554503, 0.42445871934503393], [-0.35063959788555665, -0.598895147162035, -0.06372327565269646], [0.3427263333230052, -0.257548944242257, 0.28386468898751954]]	[[0.040157894240240855, -0.00930227376938968, 0.1822267361522541], [-0.07624331097016002, -0.18348702588722168, 0.1400483443077772], [0.2224534086287722, 0.035254113064729156, -0.15108461358982614]]	0.6803670989161438	[[-0.6683381245573476, 0.6683381245573475, 0.0], [-0.7071067811865475, -0.7071067811865476, 0.0], [0.0, 0.0, 0.9451728399999999]]
2	[[-0.42203838922340475, -0.825029846081567, 0.3757783270710803], [0.2588054115689476, 0.28760896992378115, 0.9221175843470338], [-0.8688517462515349, 0.4864224845687207, 0.09214016247897017]]	0.10983876211655685	0.8901612378834433	[[-0.046356174237964384, -0.09062025700281276, 0.04127502627571811], [0.02842686603579922, 0.03159061323004616, 0.1012842539905879], [-0.09543360027107725, 0.05342804357068826, 0.010120561387908497]]	0.3516727677016997	1.1458784155788335	[[-0.2357441986614835, -0.47751097396645414, 0.3060385770076306], [0.18340510269444166, 0.00956016517222448, 0.03365401088585041], [0.18373389037540955, 0.17106154142061938, -0.09109271674311853]]	[[-0.08732479024692161, -0.18737044455844215, 0.1738875726842293], [0.0923902873118123, -0.09158407729670659, -0.2906296321478765], [0.4892853887021418, 0.0, -0.12349590269858231]]	1.0000000000000002	[[0.0, 0.0, 0.0], [0.0, 0.0, 0.0], [0.0, 0.0, 0.0]]
2	[[0.22433838825039393, -0.7661379269479729, -0.6022499185961573], [-0.9416906372873723, -0.011392912655017143, -0.3362869982418849], [0.2507808429735371, 0.642575192824231, -0.724020780340167]]	0.14836609812667395	0.8516339018733261	[[0.03328421132473783, -0.1136688948481295, -0.08935347051921885], [-0.13971496549674833, -0.0016903219969229277, -0.049893589779880135], [0.03720737515690184, 0.0953363741123263, -0.10742013814170026]]	0.41905030548365463	0.8686023582191827	[[0.020348744811252126, -0.32337388444396364, 0.1165695517955197], [-0.4814699672791509, -0.12841126516384177, -0.14092116934344306], [0.29560850684948914, 0.03753488015891258, -0.33158868281928633]]	[[-0.07366032531678618, -0.0023235521138017384, 0.36894256416074545], [-0.08685421805278025, -0.12363706163540827, 0.0], [0.19051871799198006, -0.2317364506902997, -0.028187553641225355]]	0.9537211505128094	[[0.6683381245573476, -0.6683381245573475, 0.0], [-0.7071067811865475, -0.7071067811865476, 0.0], [0.0, 0.0, -0.9451728399999999]]
2	[[-0.3195682178843842, -0.5708200961323295, -0.7563336379995778], [0.910087742671785, 0.03735879733279218, -0.41272826520656647], [0.2638493031197415, -0.8202248094963509, 0.507557688474819]]	0.1211889874890238	0.8788110125109762	[[-0.038728148759080275, -0.06917710948866425, -0.09165930779305867], [0.11029261206056484, 0.004527474822568735, -0.050018120568485085], [0.031975629894766, -0.0994022141762402, 0.061510402358532695]]	0.3774620219704249	1.0810561275475512	[[-0.19849365485249298, -0.29333169683982957, 0.19279566668536904], [0.5435471717733547, -0.07928234977069011, -0.15578924550921633], [0.26572578481076753, -0.04267804022929381, 0.08146065362520603]]	[[-0.0778687891723681, -0.07786878917236809, 0.47828289096893695], [0.20002361225396326, -0.0933838769503092, 0.0], [0.16613269335970243, 0.2669256748335053, -0.11012309773313418]]	0.9867765954993782	[[1.8872593291891845e-16, -0.9451728399999999, 0.0], [1.0, 1.7938038903913487e-16, 0.0], [0.0, 0.0, 0.9451728399999999]]
2	[[0.5319609947059123, -0.8460851799387872, 0.03402011756955908], [-0.703274286200726, -0.4190807785627857, 0.5742617690636116], [-0.47161719485230363, -0.3294103357928521, -0.8179645788128509]]	0.15703607940415384	0.8429639205958462	[[0.08353706900455031, -0.1328658994995452, 0.0053423858839919125], [-0.11043943665071684, -0.06581080241914021, 0.09017981676544316], [-0.0740609152591906, -0.05172930764811531, -0.12844995054824007]]	0.47218358406404914	0.8149139265093747	[[0.2823566328064971, -0.5433115666700419, 0.23544298581268663], [-0.3771023795372732, -0.4629696364671604, 0.008020069582604624], [0.1583695779098633, -0.15554215298241086, -0.3565828250455482]]	[[0.031173383743982763, -0.14380403398306946, 0.21937924476841186], [-0.045027806498928576, -0.26508657243303213, -0.26313691072481277], [0.38105947528145706, 0.0, 0.029646621415744145]]	0.6624446165692153	[[0.6683381245573476, -0.6683381245573475, 0.0], [-0.7071067811865475, -0.7071067811865476, 0.0], [0.0, 0.0, -0.9451728399999999]]
