2	[[0.8787972042104137, -0.3840163418041313, 0.28327887866788265], [-0.395223040501579, -0.9183905790867732, -0.018907472103605397], [0.2674214316928388, -0.09534250611366366, -0.9588511794847616]]	0.5703532974455563	0.42964670255444376	[[0.5012248832073454, -0.2190249868209661, 0.16156904254490656], [-0.22541676437653424, -0.5238070951250751, -0.010783939060651209], [0.15252469537362215, -0.05437891274865118, -0.5468839319786949]]	0.8066664121758733	0.3460639882549962	[[0.5681907143644624, -0.2451299883848343, 0.23527681121656985], [-0.3490330640636164, -0.8445959217583648, -0.01525202268513078], [0.20895463232625328, -0.07690959733456533, -0.659968590258824]]	[[-0.14070547338614037, 0.06464309627520812, 0.006765254516344349], [-0.03021991197296779, -0.10376108835031482, 0.0], [-0.006765254516344349, 0.0, 0.11350445050675287]]	0.4994371300948467	[[0.6194934225704095, -0.6194934225704094, 0.0], [-0.7071067811865475, -0.7071067811865476, 0.0], [0.0, 0.0, -0.8760959999999999]]
2	[[0.04673222253661188, -0.9725397674033924, -0.22799671093185395], [-0.8377629715199755, -0.16246744520517667, 0.5213036857710898], [-0.5440306084466285, 0.16664552219444034, -0.8223502702654952]]	0.17629556308389852	0.8237044369161013	[[0.008238683486254044, -0.17145444591586473, -0.04019480853500801], [-0.14769389479495404, -0.028642289735249054, 0.09190352682072596], [-0.09591018245097427, 0.029378866170679165, -0.14497670394865153]]	0.46343544838566525	0.873988713388067	[[-0.056927997407436086, -0.559216792520905, 0.09948050497206436], [-0.3055123432173565, -0.1893523772484746, 0.0], [0.07034333966160877, 0.07034333966160876, -0.4922427565084254]]	[[-0.07858536591274949, -0.10850738934142314, 0.205142262933225], [0.08273671512991063, -0.1140592039317401, -0.24159060736042492], [0.32246640862259834, -0.006886102638035028, -0.11113649027786264]]	0.886102611739309	[[0.6194934225704095, -0.6194934225704094, 0.0], [-0.7071067811865475, -0.7071067811865476, 0.0], [0.0, 0.0, -0.8760959999999999]]
2	[[0.22433838825039393, -0.7661379269479729, -0.6022499185961573], [-0.9416906372873723, -0.011392912655017143, -0.3362869982418849], [0.2507808429735371, 0.642575192824231, -0.724020780340167]]	0.14084491524479742	0.8591550847552026	[[0.03159692127928118, -0.10790663138681206, -0.08482383874086198], [-0.1326323379955592, -0.0016046338172873015, -0.047364313765305616], [0.03532120657362668, 0.09050344857173818, -0.10197464544248291]]	0.4032656612704329	0.8690494634165613	[[0.018817883800753967, -0.3085722584846514, 0.10733610860862092], [-0.4658246130020195, -0.12470329105381772, -0.1356129987226626], [0.2780083320614614, 0.040804887781692764, -0.32203601482966077]]	[[-0.07165008468538428, 0.00038485925038153623, 0.3502028202813647], [-0.08607311544415185, -0.12010892059819601, 0.0], [0.17687702958578141, -0.21832362226854668, -0.030063296072248502]]	0.9615280710836144	[[0.6194934225704095, -0.6194934225704094, 0.0], [-0.7071067811865475, -0.7071067811865476, 0.0], [0.0, 0.0, -0.8760959999999999]]
2	[[0.08740825448676931, -0.06334395238859675, -0.994156597696443], [0.7119981850616444, -0.6940087028176986, 0.10681996481098455], [-0.6967197295301035, -0.717174639895393, -0.015561310176609944]]	0.15342617481958726	0.8465738251804129	[[0.013410714133562037, -0.009718620312936455, -0.15252964395622054], [0.10923915801249665, -0.10647910056482315, 0.01638897859531227], [-0.10689504302314114, -0.1100333616767651, -0.0023875122955783652]]	0.44543114783084253	1.0245256428522518	[[0.06039688589763011, -0.014939945968626397, -0.0004817983821644896], [0.6351814945870039, -0.6365134031101934, 0.03823595528901423], [0.008234708570247546, -0.01245485818385169, 0.023421104189611824]]	[[0.021462526771698052, 0.013275423451968528, 0.4423465160533674], [0.31803532576151883, -0.32738031000951173, -0.009344984247992827], [0.31857537741123576, 0.3069970648599244, 0.030352596443331027]]	0.8237213500909324	[[0.0, 0.0, -0.8760959999999999], [0.0, -1.0, 0.0], [-0.8760959999999999, 0.0, 0.0]]
2	[[-0.8305561570912853, 0.32773595720904825, 0.4502950280316503], [-0.5100865793185324, -0.772219296347621, -0.37879947194723407], [0.22358030216652452, -0.5443036842615101, 0.808545204538665]]	0.18599253988320455	0.8140074601167953	[[-0.15447724917304204, 0.06095644309236413, 0.08375151596038541], [-0.09487229844778951, -0.14362702827451507, -0.07045387589388276], [0.0415842682678062, -0.1012364247035841, 0.15038337620253145]]	0.5203917314505928	0.6596414005992943	[[-0.3794053409443755, 0.1489879360935678, 0.40380352766733524], [-0.3536231769263728, -0.6035545723882139, -0.05873366221747274], [0.321917330107819, -0.24914709525342585, 0.2647483415321528]]	[[0.052809215711309004, -0.021563146137066187, 0.16947371836635158], [-0.08817833872509168, -0.20169803570231704, 0.13839045086171864], [0.2055679895451345, 0.034104041434358176, -0.15601189741379667]]	0.6831100223056629	[[-0.6194934225704095, 0.6194934225704094, 0.0], [-0.7071067811865475, -0.7071067811865476, 0.0], [0.0, 0.0, 0.8760959999999999]]
2	[[0.034229894132735264, 0.2773841392786001, 0.9601491309293217], [-0.1827544195208179, -0.9427759796974285, 0.2788803941677556], [0.9825625356654255, -0.18501754344446375, 0.018422055382213542]]	0.7765414685172527	0.22345853148274739	[[0.026580932257024337, 0.2154002868587983, 0.7455956161274194], [-0.14191638531271406, -0.732104643757033, 0.21656219082769923], [0.7630005543556649, -0.14367379488781845, 0.014305489939610264]]	0.8793566289620651	0.1797044043266676	[[0.0, 0.214849685800934, 0.8104982574060292], [-0.1857061364304438, -0.8214982027912181, 0.24523532329896955], [0.8321008543392943, -0.16269640330216606, 0.0]]	[[-0.030100284314290446, -0.02906989584263975, -0.03381524566883549], [-0.024999826152698364, 0.0075381045819211045, 0.0], [-0.03192202476787307, 0.0, -0.016199556519455763]]	0.36645620087280967	[[0.0, 0.0, 0.9359999999999999], [0.0, -1.0, 0.0], [0.9359999999999999, 0.0, 0.0]]
2	[[0.3802729664721569, 0.7767473726770865, -0.5020517802076895], [0.4287143634067757, 0.332951791095048, 0.839849450446521], [0.8195098935212374, -0.5346088512602871, -0.20639019011321075]]	0.124516654037281	0.8754833459627194	[[0.04735031740594413, 0.09671798387799976, -0.0625138078249219], [0.053382078069134656, 0.04145804298287514, 0.10457524346465004], [0.10204262989171288, -0.0665677053776454, -0.025699015899015312]]	0.4100551701870669	0.8952171343429979	[[0.21786188150560037, 0.3400948529424047, 0.11844096119879574], [0.24263971150540833, -0.2013423963401419, 0.3280767711435113], [0.5754685893360355, 0.0, -0.07448394988134652]]	[[0.06192898552131933, 0.021585576846944957, 0.3243098893745797], [0.06684317025700294, -0.33787099970171053, -0.016307838190851465], [0.23942432047819945, 0.21921912348704936, 0.010147414650467187]]	1.0000000000000007	[[0.0, 0.0, 0.0], [0.0, 0.0, 0.0], [0.0, 0.0, 0.0]]
2	[[-0.5446221603179724, 0.8109226453022452, -0.2139887049042392], [-0.8354447797583356, -0.5021691245819775, 0.22328947644507607], [0.07361197229480154, 0.30038414347728, 0.9509735242804028]]	0.23710212644602813	0.762897873553972	[[-0.1291310723210209, 0.1922714835844006, -0.0507371769682267], [-0.19808573380893496, -0.11906536727392719, 0.05294240967814784], [0.017453555162983567, 0.07122171916913189, 0.22547784480075697]]	0.5934780993180997	0.5801255141940398	[[-0.351995530965247, 0.5267116941667355, 0.13566014796238446], [-0.6080528031892962, -0.39492772078522537, 0.13251741407835732], [0.17801987695855417, 0.013832544163390685, 0.5001103883422585]]	[[-0.028774206413219434, 0.04544686393875329, 0.2626577578244941], [-0.11223462321309093, -0.09690134319207927, 0.0], [0.13433278355397874, -0.16443886637280078, -0.06427157134950964]]	0.4226174391941074	[[-0.6194934225704095, 0.6194934225704094, 0.0], [-0.7071067811865475, -0.7071067811865476, 0.0], [0.0, 0.0, 0.8760959999999999]]
2	[[0.8592155572171323, 0.2624339665249735, -0.4391776855101157], [-0.4266000482917053, 0.8413623931712975, -0.33184593135155627], [0.2824199444684594, 0.4724804086637203, 0.8348660002631537]]	0.16806697062377918	0.8319330293762209	[[0.14440575581430584, 0.044106481742634575, -0.07381126316924792], [-0.07169737778434482, 0.14140522861707305, -0.05577234039608265], [0.04746546451054992, 0.07940835096319666, 0.1403133995410195]]	0.0	0.6887059743605194	[[0.6618519471906085, 0.6618519471906084, 0.0], [-0.7071067811865475, 0.7071067811865476, 0.0], [0.0, 0.0, 0.9359999999999999]]	[[0.6618519471906085, 0.6618519471906084, 0.0], [-0.7071067811865475, 0.7071067811865476, 0.0], [0.0, 0.0, 0.9359999999999999]]	0.6887059743605194	[[0.6618519471906085, 0.6618519471906084, 0.0], [-0.7071067811865475, 0.7071067811865476, 0.0], [0.0, 0.0, 0.9359999999999999]]
2	[[0.8489524140446696, -0.5135124485683378, 0.12483895166604869], [0.522794976890395, 0.7815435453534784, -0.34040431673891397], [0.0772347773085365, 0.35425224329800037, 0.9319550081910795]]	0.21151992198757466	0.7884800780124254	[[0.1795703483898917, -0.10861811306082325, 0.026405925317413204], [0.11058155272735223, 0.16531202974306022, -0.07200229452084876], [0.01633669407102939, 0.07493140686631636, 0.1971270506285066]]	0.0	0.44854343504429844	[[0.6618519471906081, -0.6618519471906082, 0.0], [0.7071067811865474, 0.7071067811865474, 0.0], [0.0, 0.0, 0.9359999999999997]]	[[0.6618519471906084, -0.6618519471906082, 0.0], [0.7071067811865474, 0.7071067811865475, 0.0], [0.0, 0.0, 0.9359999999999997]]	0.44854343504429856	[[0.6618519471906085, -0.6618519471906084, 0.0], [0.7071067811865475, 0.7071067811865476, 0.0], [0.0, 0.0, 0.9359999999999999]]
2	[[-0.30792515101507295, 0.09349718223056193, 0.9468053539599837], [0.3027085282091916, -0.9338174967034747, 0.1906631317268273], [0.9019698710720718, 0.34531602882779927, 0.2592434992682147]]	0.5530662971763989	0.44693370282360123	[[-0.1703030230793898, 0.05171014037268388, 0.5236461312614379], [0.1674178848203751, -0.5164629851403248, 0.10544935227221235], [0.4988491367585047, 0.19098265741944956, 0.143378842207324]]	0.7792879925977974	0.31540186315634233	[[-0.09433485937705488, 0.13017164834973022, 0.7491373021613543], [0.3071588443698623, -0.811226172920803, 0.14858148918580869], [0.6915910317184173, 0.2691006349170588, 0.09433485937705488]]	[[0.14562751342785493, 0.057310416895725184, 0.011303258493031692], [0.07126172307948762, -0.08351341046205188, 0.0], [-0.011303258493031692, 0.0, -0.1076904867617007]]	0.47850010820562794	[[0.0, 0.0, 0.9359999999999999], [0.0, -1.0, 0.0], [0.9359999999999999, 0.0, 0.0]]
2	[[-0.42203838922340475, -0.825029846081567, 0.3757783270710803], [0.2588054115689476, 0.28760896992378115, 0.9221175843470338], [-0.8688517462515349, 0.4864224845687207, 0.09214016247897017]]	0.10662866631626196	0.893371333683738	[[-0.04500139057715511, -0.08797183215878832, 0.04006874184614537], [0.027596075871028157, 0.030667360883566697, 0.09832416820569741], [-0.09264450292935633, 0.0518665807958052, 0.009824782639296287]]	0.3403839649607146	1.1320463272026493	[[-0.22861578014698453, -0.4509029712278088, 0.2858876032196281], [0.18506966204986047, 0.01455272657413826, 0.022768132330501182], [0.16199122175874037, 0.16557041394354316, -0.08878951188618288]]	[[-0.08496067985748874, -0.170076041007637, 0.1579786863048695], [0.09697644990673253, -0.08334475496678528, -0.2911059071895384], [0.4577344241108785, 0.0, -0.1201525457228992]]	1.0000000000000002	[[0.0, 0.0, 0.0], [0.0, 0.0, 0.0], [0.0, 0.0, 0.0]]
2	[[-0.3195682178843842, -0.5708200961323295, -0.7563336379995778], [0.910087742671785, 0.03735879733279218, -0.41272826520656647], [0.2638493031197415, -0.8202248094963509, 0.507557688474819]]	0.11535775408887866	0.8846422459111212	[[-0.03686467189332797, -0.06584852427862334, -0.0872489498215023], [0.10498567801843449, 0.004309626955772472, -0.047611405723228604], [0.030437063025809133, -0.0946192918714774, 0.05855071501299786]]	0.36322705326957383	1.087729649131585	[[-0.04663074627524598, -0.27678237729070876, 0.18494322484703474], [0.5385781332219332, -0.23456961776633328, -0.14991407157204434], [0.24378601545534684, -0.04624634747117843, 0.08614851547656344]]	[[0.06944507582550798, -0.06944507582550796, 0.4596640634662779], [0.20800964423450252, -0.24813934363521864, 0.0], [0.1479488105759325, 0.25168149310077864, -0.09821016807246133]]	0.9666006458553578	[[1.7493312114907234e-16, -0.8760959999999999, 0.0], [1.0, 1.7938038903913487e-16, 0.0], [0.0, 0.0, 0.8760959999999999]]
2	[[0.5319609947059123, -0.8460851799387872, 0.03402011756955908], [-0.703274286200726, -0.4190807785627857, 0.5742617690636116], [-0.47161719485230363, -0.3294103357928521, -0.8179645788128509]]	0.1505045971197789	0.8494954028802213	[[0.08006257519165016, -0.1273397091357028, 0.005120184088774002], [-0.10584601310934032, -0.06307358373823524, 0.08642903619421037], [-0.07098055590600617, -0.0495777698755943, -0.12310742939247774]]	0.4582783415414941	0.818804893276554	[[0.21570004953647504, -0.5064071772746845, 0.22605323383919254], [-0.38392596520019495, -0.39940598892178963, 0.0], [0.13421793973394924, -0.1492292062260667, -0.3307623850680862]]	[[-0.028086152882114024, -0.1186646642095004, 0.21046255078036835], [-0.061630591671348135, -0.20735034475011802, -0.2631717311371564], [0.3503498856333146, 0.0017324161477082713, 0.044093065549953854]]	0.6879983900376466	[[0.6194934225704095, -0.6194934225704094, 0.0], [-0.7071067811865475, -0.7071067811865476, 0.0], [0.0, 0.0, -0.8760959999999999]]
