2	[[0.22433838825039393, -0.7661379269479729, -0.6022499185961573], [-0.9416906372873723, -0.011392912655017143, -0.3362869982418849], [0.2507808429735371, 0.642575192824231, -0.724020780340167]]	0.13597974848551284	0.8640202515144871	[[0.03050547760993389, -0.10417924261159756, -0.0818937924561261], [-0.12805085600949923, -0.0015492053973466535, -0.045728221439879604], [0.0341011159525265, 0.08737721310326885, -0.09845216360894068]]	0.39293353524317803	0.8697326423789428	[[0.017877221516623545, -0.299094082118583, 0.10168112002133796], [-0.45558366173642356, -0.12227616914387474, -0.13213843907550027], [0.2670070788364919, 0.042569145732096046, -0.31554721619742976]]	[[-0.07027285446936041, 0.0019472020009636132, 0.33832530963524227], [-0.08556183052169483, -0.11779951169762208, 0.0], [0.16846687563563562, -0.20992019644389587, -0.031055171388843464]]	0.9676790099873227	[[0.5894222924868894, -0.5894222924868893, 0.0], [-0.7071067811865475, -0.7071067811865476, 0.0], [0.0, 0.0, -0.8335690000000001]]
2	[[-0.3195682178843842, -0.5708200961323295, -0.7563336379995778], [0.910087742671785, 0.03735879733279218, -0.41272826520656647], [0.2638493031197415, -0.8202248094963509, 0.507557688474819]]	0.1116103678002445	0.8883896321997554	[[-0.035667126335344794, -0.06370944087710025, -0.08441467551682985], [0.10157522769009225, 0.004169629110887731, -0.046064753481261746], [0.029448317765032553, -0.0915455926667732, 0.05664870029051646]]	0.35391001100065606	1.065483645075522	[[-0.17747068006931918, -0.2663912350639851, 0.17985037636966142], [0.5353258083877587, -0.07391218173219521, -0.14606866487953765], [0.23038326129493708, -0.0481660255473555, 0.08859358358565483]]	[[-0.06437228856239675, -0.06437228856239674, 0.44752442251425817], [0.21323664536722492, -0.08713383410721509, 0.0], [0.13700435152531398, 0.24211974580450907, -0.09103616352593595]]	0.9563150569488874	[[1.664416078410484e-16, -0.8335690000000001, 0.0], [1.0, 1.7938038903913487e-16, 0.0], [0.0, 0.0, 0.8335690000000001]]
2	[[0.08740825448676931, -0.06334395238859675, -0.994156597696443], [0.7119981850616444, -0.6940087028176986, 0.10681996481098455], [-0.6967197295301035, -0.717174639895393, -0.015561310176609944]]	0.1462486778486632	0.8537513221513369	[[0.012783341651749509, -0.009263969286540953, -0.14539408798763018], [0.10412879319591328, -0.1014978552025542, 0.015622278621447215], [-0.10189433927485583, -0.10488584287129235, -0.002275821038922137]]	0.4339536752221842	1.0226919299744546	[[0.058143660440834986, -0.014451980627104781, -0.0010067580462799035], [0.635378521407565, -0.6361808850728125, 0.03774595071647937], [0.007076872772366648, -0.011948243237191366, 0.02183194229927987]]	[[0.020212527161545472, 0.01303636031502585, 0.4304111512704739], [0.3264042922485396, -0.33501325784889147, -0.008608965600351766], [0.30942096000176117, 0.2992723275215609, 0.028584830041692162]]	0.8383045780198937	[[0.0, 0.0, -0.8335690000000001], [0.0, -1.0, 0.0], [-0.8335690000000001, 0.0, 0.0]]
2	[[0.8787972042104137, -0.3840163418041313, 0.28327887866788265], [-0.395223040501579, -0.9183905790867732, -0.018907472103605397], [0.2674214316928388, -0.09534250611366366, -0.9588511794847616]]	0.5402036128231451	0.459796387176855	[[0.4747294246533446, -0.20744701522571946, 0.15302827369287958], [-0.2135009143499012, -0.49611790880541534, -0.010213884739720467], [0.14446202354680943, -0.05150436625821391, -0.5179748713174022]]	0.7883273021544261	0.3725361797561472	[[0.5447380623911184, -0.23381995011107987, 0.23005920457518786], [-0.3508764553764689, -0.8418862981025368, -0.01490527647399531], [0.20407288538708485, -0.07516110062522635, -0.6304154505797027]]	[[-0.1480417667449292, 0.06891061660658289, 0.006742730397604911], [-0.039311342108589636, -0.1178939305670199, 0.0], [-0.006742730397604911, 0.0, 0.12547311291110885]]	0.5136610411460119	[[0.913, 0.0, 0.0], [0.0, -1.0, 0.0], [0.0, 0.0, -0.913]]
2	[[-0.30792515101507295, 0.09349718223056193, 0.9468053539599837], [0.3027085282091916, -0.9338174967034747, 0.1906631317268273], [0.9019698710720718, 0.34531602882779927, 0.2592434992682147]]	0.522113620771451	0.4778863792285493	[[-0.16077191552307563, 0.048816152346326844, 0.4943399715218422], [0.15804824570169795, -0.4875588343435836, 0.09954781805351791], [0.47093075521219824, 0.18029420212170102, 0.13535456206438862]]	0.7605990394969478	0.3379923589595796	[[-0.07879530780824365, 0.1208826716703425, 0.732448692183061], [0.3150873411191208, -0.8094180468749598, 0.14501819485890488], [0.6737279682220738, 0.26264703984932447, 0.07879530780824365]]	[[0.15541226629077345, 0.049768804670106, 0.012309449370529801], [0.08484752531567497, -0.09915735581685267, 0.0], [-0.012309449370529801, 0.0, -0.1183850487309882]]	0.4843167672469922	[[0.0, 0.0, 0.913], [0.0, -1.0, 0.0], [0.913, 0.0, 0.0]]
2	[[0.034229894132735264, 0.2773841392786001, 0.9601491309293217], [-0.1827544195208179, -0.9427759796974285, 0.2788803941677556], [0.9825625356654255, -0.18501754344446375, 0.018422055382213542]]	0.7315979025817024	0.2684020974182975	[[0.02504251875310285, 0.20293365450565468, 0.7024430903535361], [-0.13370275000896692, -0.6897329293510485, 0.20402831144428846], [0.7188406902481846, -0.1353584467247887, 0.013477537078871393]]	0.8590706712870455	0.21333299745587503	[[0.0011690190168710862, 0.20087378574660267, 0.7801371291371981], [-0.18927542438579706, -0.8212013009254224, 0.23957796742648968], [0.7970211455797818, -0.15894314524671557, -0.001653242548331152]]	[[-0.028236879113822298, -0.03741879298784364, -0.04469882930592773], [-0.03227646252737369, -0.011290107173450392, 0.0], [-0.047069511515816904, 0.0, -0.01747909003201647]]	0.3772806401773332	[[0.0, 0.0, 0.913], [0.0, -1.0, 0.0], [0.913, 0.0, 0.0]]
2	[[0.5319609947059123, -0.8460851799387872, 0.03402011756955908], [-0.703274286200726, -0.4190807785627857, 0.5742617690636116], [-0.47161719485230363, -0.3294103357928521, -0.8179645788128509]]	0.1464635213017124	0.8535364786982876	[[0.0779128804797895, -0.12392061477502772, 0.004982706214335872], [-0.1030040283979066, -0.061380046538168795, 0.08410840084600732], [-0.06907471506450422, -0.04824659773340063, -0.11980197251300216]]	0.44805892558537114	0.8277965936186418	[[0.21219571834496898, -0.47810329354639003, 0.21953388496772894], [-0.3822885602371118, -0.3979161292520204, 0.0], [0.11949483159950858, -0.14043029243609378, -0.3141654219180765]]	[[-0.02615415339628741, -0.09900727686931164, 0.20429086764122426], [-0.06718023917019565, -0.21014324587569774, -0.2573031112513963], [0.33080712521261835, 0.007164948695967872, 0.05233090843170011]]	0.7046334554146718	[[0.5894222924868894, -0.5894222924868893, 0.0], [-0.7071067811865475, -0.7071067811865476, 0.0], [0.0, 0.0, -0.8335690000000001]]
2	[[0.8592155572171323, 0.2624339665249735, -0.4391776855101157], [-0.4266000482917053, 0.8413623931712975, -0.33184593135155627], [0.2824199444684594, 0.4724804086637203, 0.8348660002631537]]	0.16324241996284544	0.8367575800371546	[[0.14026042682984938, 0.042840355775985065, -0.07169242817635277], [-0.0696392242394047, 0.13734603312701374, -0.054171332888652314], [0.046102915180803714, 0.07712884529529987, 0.13628554622765873]]	0.0	0.6896268275801002	[[0.6455884912233184, 0.6455884912233182, 0.0], [-0.7071067811865478, 0.707106781186548, 0.0], [0.0, 0.0, 0.9130000000000006]]	[[0.6455884912233184, 0.6455884912233181, 0.0], [-0.7071067811865477, 0.707106781186548, 0.0], [0.0, 0.0, 0.9130000000000006]]	0.6896268275801001	[[0.645588491223318, 0.6455884912233179, 0.0], [-0.7071067811865475, 0.7071067811865476, 0.0], [0.0, 0.0, 0.913]]
2	[[-0.8305561570912853, 0.32773595720904825, 0.4502950280316503], [-0.5100865793185324, -0.772219296347621, -0.37879947194723407], [0.22358030216652452, -0.5443036842615101, 0.808545204538665]]	0.1802564525502824	0.8197435474497174	[[-0.14971310652107017, 0.05907652101967419, 0.08116858435401524], [-0.09194639728146692, -0.13919751095049734, -0.06828104904112864], [0.040301792128657934, -0.09811425123502879, 0.14574549029668224]]	0.5088508512609438	0.6726384712196753	[[-0.3628166716223152, 0.1381842241653673, 0.39074966692231317], [-0.35554842068827064, -0.6064097967566217, -0.05544420809830634], [0.30898179146957633, -0.2436216869847285, 0.2530191109589816]]	[[0.05981253593360353, -0.028584496649277136, 0.16161665858983737], [-0.0959904305852525, -0.21346535045000772, 0.1373082256592397], [0.19521276438696125, 0.03334770609620888, -0.15840980465347196]]	0.6876071035141343	[[-0.5894222924868894, 0.5894222924868893, 0.0], [-0.7071067811865475, -0.7071067811865476, 0.0], [0.0, 0.0, 0.8335690000000001]]
2	[[0.3802729664721569, 0.7767473726770865, -0.5020517802076895], [0.4287143634067757, 0.332951791095048, 0.839849450446521], [0.8195098935212374, -0.5346088512602871, -0.20639019011321075]]	0.12206356189374712	0.8779364381062533	[[0.04641747277949293, 0.09481255100057498, -0.06128222854724723], [0.05233040223244137, 0.04064128155996434, 0.10251501537600842], [0.10003229661036762, -0.0652562606047551, -0.025192721745146127]]	0.4005152439269761	0.9537735422372206	[[0.13788961976110406, 0.30531958348522065, 0.10853297752424276], [0.269707754119511, -0.274480775291504, 0.32821195595184827], [0.5519652213840723, 0.0, -0.0812159556787118]]	[[-0.014415500164326765, -0.005779579952180521, 0.30961236873809816], [0.09800111628464792, -0.4078330431178608, -0.008160551555676975], [0.22373901647984362, 0.21411899446803445, 0.001446461658615797]]	1.0000000000000007	[[0.0, 0.0, 0.0], [0.0, 0.0, 0.0], [0.0, 0.0, 0.0]]
2	[[-0.5446221603179724, 0.8109226453022452, -0.2139887049042392], [-0.8354447797583356, -0.5021691245819775, 0.22328947644507607], [0.07361197229480154, 0.30038414347728, 0.9509735242804028]]	0.22982959521597007	0.7701704047840299	[[-0.12517029065152674, 0.1863740233212787, -0.04918093742893095], [-0.19200993555715357, -0.11541332663263393, 0.051318529987357725], [0.016918209795563445, 0.06903716610467914, 0.21856186014646944]]	0.584899550526614	0.5802493113548307	[[-0.32872192757155294, 0.5162893123618071, 0.13207246055705185], [-0.604427652328269, -0.409299153651032, 0.13060191441004795], [0.17036901226263118, 0.0164096526731372, 0.49685385678740035]]	[[-0.010172670794737498, 0.04198102161267094, 0.25723435787331356], [-0.11577637615781253, -0.11558065839469016, 0.0], [0.1273134027540242, -0.15928489783204577, -0.059370130126917275]]	0.44132099554417126	[[-0.5894222924868894, 0.5894222924868893, 0.0], [-0.7071067811865475, -0.7071067811865476, 0.0], [0.0, 0.0, 0.8335690000000001]]
2	[[-0.42203838922340475, -0.825029846081567, 0.3757783270710803], [0.2588054115689476, 0.28760896992378115, 0.9221175843470338], [-0.8688517462515349, 0.4864224845687207, 0.09214016247897017]]	0.10449529630502426	0.8955047036949758	[[-0.044101026533994815, -0.08621173822678191, 0.03926706763229884], [0.027043948167240928, 0.030053784532168344, 0.0963569502044165], [-0.09079092066969187, 0.05082886165443456, 0.009628213579833081]]	0.3329236736422406	1.124495131297205	[[-0.22386951467261523, -0.43422824929279374, 0.2734032498896808], [0.18616969878477757, 0.017852098822748685, 0.015574116530616106], [0.14889982547305847, 0.16194156050480468, -0.0872173642176241]]	[[-0.08336294371430547, -0.15955628207082606, 0.14829774876604118], [0.10000725040675151, -0.07789973601673728, -0.29142065718030713], [0.4381611406855954, 0.0, -0.11789300560011574]]	1.0000000000000002	[[0.0, 0.0, 0.0], [0.0, 0.0, 0.0], [0.0, 0.0, 0.0]]
2	[[0.8489524140446696, -0.5135124485683378, 0.12483895166604869], [0.522794976890395, 0.7815435453534784, -0.34040431673891397], [0.0772347773085365, 0.35425224329800037, 0.9319550081910795]]	0.20659034938486454	0.7934096506151355	[[0.1753853758286125, -0.10608671616321019, 0.02579052264152923], [0.10800439693243888, 0.1614593540940608, -0.07032424672720834], [0.015955959628832783, 0.07318509471330593, 0.1925329107531694]]	0.0	0.4572472337135176	[[0.645588491223318, -0.6455884912233179, 0.0], [0.7071067811865475, 0.7071067811865476, 0.0], [0.0, 0.0, 0.913]]	[[0.645588491223318, -0.6455884912233179, 0.0], [0.7071067811865475, 0.7071067811865476, 0.0], [0.0, 0.0, 0.913]]	0.4572472337135176	[[0.645588491223318, -0.6455884912233179, 0.0], [0.7071067811865475, 0.7071067811865476, 0.0], [0.0, 0.0, 0.913]]
2	[[0.04673222253661188, -0.9725397674033924, -0.22799671093185395], [-0.8377629715199755, -0.16246744520517667, 0.5213036857710898], [-0.5440306084466285, 0.16664552219444034, -0.8223502702654952]]	0.17229191133429717	0.8277080886657026	[[0.008051583941732582, -0.1675607353745433, -0.03928198910438237], [-0.14433978360827693, -0.027991826664000123, 0.08981640840711491], [-0.09373207335363029, 0.028711675534182166, -0.14168429985031802]]	0.4534094085399463	0.8615668922110061	[[-0.04830977050281105, -0.5374377653514207, 0.0902205946566724], [-0.30896629700967826, -0.18106750169989433, 0.0], [0.06379559428441586, 0.06379559428441585, -0.4711472121740723]]	[[-0.06949859988289342, -0.09647908463147153, 0.1935964485093374], [0.07088331640386178, -0.107403233462419, -0.23636399583516385], [0.3104641906878289, -0.011763053369595846, -0.09828586252032903]]	0.8950450753692689	[[0.5894222924868894, -0.5894222924868893, 0.0], [-0.7071067811865475, -0.7071067811865476, 0.0], [0.0, 0.0, -0.8335690000000001]]
