2	[[-0.8305561570912853, 0.32773595720904825, 0.4502950280316503], [-0.5100865793185324, -0.772219296347621, -0.37879947194723407], [0.22358030216652452, -0.5443036842615101, 0.808545204538665]]	0.18175645560239798	0.8182435443976017	[[-0.15095894329166046, 0.0595681259557758, 0.08184402827041518], [-0.09271152870728791, -0.1403558422519214, -0.06884924940518924], [0.04063716326430061, -0.09893070842269881, 0.14695831057126368]]	0.5118910848120607	0.6692462874004148	[[-0.3670918231301698, 0.14095481845108748, 0.39414997756040565], [-0.35504408818585115, -0.6056738682976179, -0.05631138574713998], [0.3123349892622974, -0.24507725461267935, 0.25604800085048307]]	[[0.05806246912062443, -0.026810296216571248, 0.16364796717580693], [-0.09393531575041436, -0.21038169497742812, 0.13759268687416537], [0.19788622584366686, 0.03354694879114639, -0.15783908102040356]]	0.6862463881400522	[[-0.5971948102256919, 0.5971948102256918, 0.0], [-0.7071067811865475, -0.7071067811865476, 0.0], [0.0, 0.0, 0.8445610000000001]]
2	[[0.8592155572171323, 0.2624339665249735, -0.4391776855101157], [-0.4266000482917053, 0.8413623931712975, -0.33184593135155627], [0.2824199444684594, 0.4724804086637203, 0.8348660002631537]]	0.16450774024229775	0.8354922597577024	[[0.1413476096988171, 0.04317241879584621, -0.07224812860811164], [-0.07017900993172353, 0.13841062602546175, -0.054591224275245175], [0.046460266863861524, 0.07772668433802599, 0.13734191910841698]]	0.0	0.6893265009641671	[[0.6498311319104373, 0.6498311319104372, 0.0], [-0.7071067811865475, 0.7071067811865476, 0.0], [0.0, 0.0, 0.919]]	[[0.6498311319104373, 0.6498311319104372, 0.0], [-0.7071067811865475, 0.7071067811865476, 0.0], [0.0, 0.0, 0.919]]	0.6893265009641671	[[0.6498311319104373, 0.6498311319104372, 0.0], [-0.7071067811865475, 0.7071067811865476, 0.0], [0.0, 0.0, 0.919]]
2	[[0.8489524140446696, -0.5135124485683378, 0.12483895166604869], [0.522794976890395, 0.7815435453534784, -0.34040431673891397], [0.0772347773085365, 0.35425224329800037, 0.9319550081910795]]	0.20789678612850873	0.7921032138714914	[[0.1764944784559259, -0.10675758769433855, 0.025953616835023785], [0.10868739549964113, 0.16248039129846856, -0.07076896343429114], [0.016056861979795806, 0.07364790286046882, 0.19375045101929342]]	0.0	0.45493037968897515	[[0.6498311319104375, -0.6498311319104373, 0.0], [0.7071067811865476, 0.7071067811865478, 0.0], [0.0, 0.0, 0.9190000000000002]]	[[0.6498311319104374, -0.6498311319104373, 0.0], [0.7071067811865476, 0.7071067811865477, 0.0], [0.0, 0.0, 0.9190000000000003]]	0.45493037968897526	[[0.6498311319104373, -0.6498311319104372, 0.0], [0.7071067811865475, 0.7071067811865476, 0.0], [0.0, 0.0, 0.919]]
2	[[0.04673222253661188, -0.9725397674033924, -0.22799671093185395], [-0.8377629715199755, -0.16246744520517667, 0.5213036857710898], [-0.5440306084466285, 0.16664552219444034, -0.8223502702654952]]	0.17334819210528013	0.8266518078947196	[[0.008100946289783278, -0.1685880104298677, -0.03952281764598708], [-0.14522469652573497, -0.028163437902281076, 0.09036705146623746], [-0.09430672242415856, 0.028887699994846562, -0.1425529326278121]]	0.4560482872454624	0.8734288719481241	[[0.12253188124550035, -0.5430910031071337, 0.09259352134096208], [-0.3080606625338912, -0.38814212023084194, 0.0], [0.0654735068341356, 0.06547350683413558, -0.4766171626786974]]	[[0.10121973119850468, -0.09956590790471605, 0.19657103085903285], [0.0739997057454627, -0.3140491201118751, -0.23773965303065223], [0.3135777340253274, -0.010524898139764621, -0.1015857304082752]]	0.8926419613879892	[[0.5971948102256919, -0.5971948102256918, 0.0], [-0.7071067811865475, -0.7071067811865476, 0.0], [0.0, 0.0, -0.8445610000000001]]
2	[[0.08740825448676931, -0.06334395238859675, -0.994156597696443], [0.7119981850616444, -0.6940087028176986, 0.10681996481098455], [-0.6967197295301035, -0.717174639895393, -0.015561310176609944]]	0.14810637362672677	0.8518936263732734	[[0.012945719597077472, -0.009381643079459103, -0.14724092850190484], [0.10545146921829127, -0.10278711223971795, 0.015820717619089476], [-0.10318863257489753, -0.1062181351719603, -0.0023047292191383725]]	0.43697260170267865	1.0231620106256536	[[0.05872955438162155, -0.014579329411105346, -0.0008738998875899052], [0.6353266973251873, -0.6362683474909352, 0.037874836912075494], [0.007372229012753272, -0.012079693909014156, 0.022240361611408854]]	[[0.020534542008248106, 0.013100242266270344, 0.43354529510770806], [0.3242029979912152, -0.3330055590163843, -0.008802561025169003], [0.31181966188310917, 0.3013059743612574, 0.029040227805184518]]	0.8344823547304605	[[0.0, 0.0, -0.8445610000000001], [0.0, -1.0, 0.0], [-0.8445610000000001, 0.0, 0.0]]
2	[[-0.42203838922340475, -0.825029846081567, 0.3757783270710803], [0.2588054115689476, 0.28760896992378115, 0.9221175843470338], [-0.8688517462515349, 0.4864224845687207, 0.09214016247897017]]	0.10505896512294458	0.8949410348770556	[[-0.044338916413965396, -0.08667678182487167, 0.03947888215771908], [0.02718982870765138, 0.030215900740268524, 0.09687671913316893], [-0.09128066530644946, 0.05110304284132128, 0.009680150116300565]]	0.33489166724623004	1.1263703448154259	[[-0.22512412616174177, -0.4385610323070024, 0.2766362005515397], [0.18587951370137354, 0.016981738242275387, 0.017471867768039363], [0.15226065627637916, 0.1628988368432725, -0.08763571981758171]]	[[-0.08378698635280238, -0.16226541162484587, 0.1507911700837066], [0.09920773792870183, -0.07933610921047052, -0.29133762745100494], [0.4432318661683542, 0.0, -0.11849269245050253]]	1.0000000000000002	[[0.0, 0.0, 0.0], [0.0, 0.0, 0.0], [0.0, 0.0, 0.0]]
2	[[0.8787972042104137, -0.3840163418041313, 0.28327887866788265], [-0.395223040501579, -0.9183905790867732, -0.018907472103605397], [0.2674214316928388, -0.09534250611366366, -0.9588511794847616]]	0.5478484229552553	0.45215157704474473	[[0.4814476624241626, -0.21038274724643957, 0.15519388693473263], [-0.21652231945437103, -0.5031388304096523, -0.0103584287740307], [0.14650640961735822, -0.05223324161497242, -0.5253051065295131]]	0.7931463052907767	0.3656704688863865	[[0.5508181150217938, -0.2367396207517152, 0.23143140478293975], [-0.3503815898547711, -0.8425991811820609, -0.014996391641363052], [0.20535451170215055, -0.07562055646121561, -0.6380669667815047]]	[[-0.1461966405975602, 0.06784152192151156, 0.006749808800594352], [-0.03691189551515669, -0.11418108656552999, 0.0], [-0.006749808800594352, 0.0, 0.12244230355053773]]	0.5103235516886999	[[0.5971948102256919, -0.5971948102256918, 0.0], [-0.7071067811865475, -0.7071067811865476, 0.0], [0.0, 0.0, -0.8445610000000001]]
2	[[0.22433838825039393, -0.7661379269479729, -0.6022499185961573], [-0.9416906372873723, -0.011392912655017143, -0.3362869982418849], [0.2507808429735371, 0.642575192824231, -0.724020780340167]]	0.13725479449678935	0.8627452055032105	[[0.030791519377048757, -0.10515610371944024, -0.08266168881262358], [-0.12925155490042886, -0.001563731885184258, -0.046157002835632066], [0.034420873066064436, 0.08819652603982461, -0.09937532341699473]]	0.39565150059840737	0.8491472121778473	[[0.1593994239731785, -0.3015721294419553, 0.10314048992968645], [-0.45827764269165544, -0.29019588305822674, -0.1330524554861357], [0.26986337543678063, 0.04213234499455235, -0.31727128125216314]]	[[0.07063960402008204, 0.0015514910203631438, 0.34142157395752476], [-0.08569632894943606, -0.28568826007008274, 0.0], [0.17064155859296715, -0.2121034942936656, -0.03081137304614613]]	0.9659941511765329	[[0.5971948102256919, -0.5971948102256918, 0.0], [-0.7071067811865475, -0.7071067811865476, 0.0], [0.0, 0.0, -0.8445610000000001]]
2	[[0.3802729664721569, 0.7767473726770865, -0.5020517802076895], [0.4287143634067757, 0.332951791095048, 0.839849450446521], [0.8195098935212374, -0.5346088512602871, -0.20639019011321075]]	0.12271947835010387	0.8772805216498966	[[0.04666690007610963, 0.09532203238474576, -0.06161153257182862], [0.05261160303847637, 0.040859670118917016, 0.10306588645141847], [0.10056982663567539, -0.06560691934801072, -0.025328096467271993]]	0.40302928271870775	0.897899376650302	[[0.20876378048835714, 0.33339695386890117, 0.11107454790534607], [0.23987165442788747, -0.20541335401524274, 0.328176330954029], [0.5580607857108301, 0.0, -0.07952409044596673]]	[[0.05550263957376858, 0.02034501740521411, 0.3134161167701015], [0.06708721205284723, -0.3396026755601891, -0.010307590651133283], [0.22777430114408123, 0.21546302185850588, 0.0036571998355383467]]	1.0000000000000007	[[0.0, 0.0, 0.0], [0.0, 0.0, 0.0], [0.0, 0.0, 0.0]]
2	[[-0.5446221603179724, 0.8109226453022452, -0.2139887049042392], [-0.8354447797583356, -0.5021691245819775, 0.22328947644507607], [0.07361197229480154, 0.30038414347728, 0.9509735242804028]]	0.23173052021439944	0.7682694797856005	[[-0.1262055765307738, 0.1879155264495262, -0.04958771390746496], [-0.19359805342380348, -0.11636791247499109, 0.05174298653501836], [0.017058140633882314, 0.06960817383214689, 0.2203695894916185]]	0.5871752216370867	0.5800954699076116	[[-0.3347196306301433, 0.519026891073876, 0.13300842190109624], [-0.6053893127776138, -0.40548677752731305, 0.1311100478208666], [0.17234939720825027, 0.015752916954122627, 0.49775621896407074]]	[[-0.014930992936968888, 0.04287320708799739, 0.25865728713107605], [-0.11483683905746578, -0.11062551050158864, 0.0], [0.12912627106090707, -0.1606252090684157, -0.060631870926276234]]	0.4363047050462535	[[-0.5971948102256919, 0.5971948102256918, 0.0], [-0.7071067811865475, -0.7071067811865476, 0.0], [0.0, 0.0, 0.8445610000000001]]
2	[[-0.3195682178843842, -0.5708200961323295, -0.7563336379995778], [0.910087742671785, 0.03735879733279218, -0.41272826520656647], [0.2638493031197415, -0.8202248094963509, 0.507557688474819]]	0.11259089939057235	0.8874091006094278	[[-0.03598047306824523, -0.06426914801375191, -0.085156284541716], [0.10246759747175205, 0.004206260591849118, -0.046469446583517975], [0.02970703034182745, -0.09234984900365502, 0.05714637663797981]]	0.35636089392053405	1.083186066749615	[[-0.048206897579666855, -0.26909267793972635, 0.18118667852632186], [0.536181344635841, -0.22999493409981692, -0.14708021353528328], [0.23383942852225179, -0.047691230054854775, 0.08799563437756751]]	[[0.06567471821420422, -0.0656747182142042, 0.45071440986602096], [0.21186166311120258, -0.24330814851312688, 0.0], [0.1398138550021908, 0.24460481627306457, -0.09287807720355894]]	0.9588150979875876	[[1.6863641853265136e-16, -0.8445610000000001, 0.0], [1.0, 1.7938038903913487e-16, 0.0], [0.0, 0.0, 0.8445610000000001]]
2	[[0.034229894132735264, 0.2773841392786001, 0.9601491309293217], [-0.1827544195208179, -0.9427759796974285, 0.2788803941677556], [0.9825625356654255, -0.18501754344446375, 0.018422055382213542]]	0.7433862088736367	0.25661379112636334	[[0.02544603122948001, 0.20620354369999538, 0.7137616223948655], [-0.135857115082483, -0.7008466613644003, 0.20731583894955333], [0.7304234383695882, -0.13753949019629333, 0.013694701910243901]]	0.8645112605052759	0.20335355930639598	[[0.0, 0.2036196379120481, 0.7893398718273765], [-0.18938803674188484, -0.8216879879463074, 0.24109524109217462], [0.8074285317926361, -0.15994974969876302, 0.0]]	[[-0.029592128923653115, -0.0361820739798655, -0.04071986362537665], [-0.03139478315903255, -0.006647537363986824, 0.0], [-0.04200784444074103, 0.0, -0.015926074319575434]]	0.3744187575022019	[[0.0, 0.0, 0.919], [0.0, -1.0, 0.0], [0.919, 0.0, 0.0]]
2	[[-0.30792515101507295, 0.09349718223056193, 0.9468053539599837], [0.3027085282091916, -0.9338174967034747, 0.1906631317268273], [0.9019698710720718, 0.34531602882779927, 0.2592434992682147]]	0.5300214125421352	0.46997858745786486	[[-0.16320692349825927, 0.049555508594551864, 0.5018271111083269], [0.1604420017099865, -0.49494326865933624, 0.1010555423975602], [0.4780633451360671, 0.18302488937275085, 0.13740460567450516]]	0.7655030991273005	0.3320724326582018	[[-0.0827880701375351, 0.12326639593834025, 0.7368389837567749], [0.31299159000476284, -0.8098988360500148, 0.14595321822620302], [0.6784041805950358, 0.2643404902460126, 0.0827880701375351]]	[[0.15292958726374523, 0.051694013181175134, 0.012056551030086675], [0.08126727352836287, -0.09505864830420711, 0.0], [-0.012056551030086675, 0.0, -0.11566363198088932]]	0.48273156142573476	[[0.0, 0.0, 0.919], [0.0, -1.0, 0.0], [0.919, 0.0, 0.0]]
2	[[0.5319609947059123, -0.8460851799387872, 0.03402011756955908], [-0.703274286200726, -0.4190807785627857, 0.5742617690636116], [-0.47161719485230363, -0.3294103357928521, -0.8179645788128509]]	0.1475097600221049	0.8524902399778951	[[0.07846943867018934, -0.12480582185102995, 0.005018299378609474], [-0.10373982118718625, -0.06181850507567341, 0.08470921574444276], [-0.06956813923496158, -0.048591239581604606, -0.12065775872726571]]	0.4507539888818416	0.8253366574654989	[[0.21313255724956717, -0.48540242747063717, 0.221238812510895], [-0.38272037650101676, -0.39830903488675784, 0.0], [0.12326371956342809, -0.14269762105705677, -0.31845284285948644]]	[[-0.02665098304367505, -0.10402615767941811, 0.20590410881418703], [-0.06571668671800969, -0.20940670228587444, -0.2588507830677659], [0.33584705136836873, 0.00578540178047818, 0.05024795380446157]]	0.7002667241359333	[[0.5971948102256919, -0.5971948102256918, 0.0], [-0.7071067811865475, -0.7071067811865476, 0.0], [0.0, 0.0, -0.8445610000000001]]
