2	[[0.034229894132735264, 0.2773841392786001, 0.9601491309293217], [-0.1827544195208179, -0.9427759796974285, 0.2788803941677556], [0.9825625356654255, -0.18501754344446375, 0.018422055382213542]]	0.8202960094432533	0.17970399055674674	[[0.02807864556074777, 0.22753710253308726, 0.7876065005717303], [-0.14991272104104514, -0.7733553739447546, 0.22876447444777148], [0.8059921270347931, -0.1517691525644874, 0.015111538515772379]]	0.9029910646834378	0.1411528176976695	[[0.0, 0.23382719459892473, 0.8453289454283823], [-0.17992966881582861, -0.8211607375611358, 0.25182650404887846], [0.8729810169349617, -0.16706918854003053, 0.0]]	[[-0.03090928854691998, -0.016648204654557398, -0.021677140564363463], [-0.014904060957121603, 0.03015754810381646, 0.0], [-0.014264173263619506, 0.0, -0.01663495140324226]]	0.3539864202643845	[[0.0, 0.0, 0.9636], [0.0, -1.0, 0.0], [0.9636, 0.0, 0.0]]
2	[[-0.30792515101507295, 0.09349718223056193, 0.9468053539599837], [0.3027085282091916, -0.9338174967034747, 0.1906631317268273], [0.9019698710720718, 0.34531602882779927, 0.2592434992682147]]	0.5926298845458152	0.40737011545418494	[[-0.18248564669481537, 0.055409224310656945, 0.5611051476046648], [0.1793941201236469, -0.5534081552582423, 0.11299266974241322], [0.5345343005572458, 0.2046445982960381, 0.15363544504057525]]	0.8013325345507445	0.28878486734852715	[[-0.11380673770874636, 0.14186428729759204, 0.7686699447768992], [0.2980134950831891, -0.8132733273057624, 0.152784570592041], [0.7128137921126609, 0.27671296860157835, 0.11380673770874636]]	[[0.13294370400608285, 0.06694195328742301, 0.009964010761930764], [0.055443302943192024, -0.06497498586453555, 0.0], [-0.009964010761930764, 0.0, -0.09393351262565626]]	0.4724822276085772	[[0.0, 0.0, 0.9636], [0.0, -1.0, 0.0], [0.9636, 0.0, 0.0]]
2	[[0.8787972042104137, -0.3840163418041313, 0.28327887866788265], [-0.395223040501579, -0.9183905790867732, -0.018907472103605397], [0.2674214316928388, -0.09534250611366366, -0.9588511794847616]]	0.6097742954114569	0.3902257045885432	[[0.5358679460069632, -0.23416329425009935, 0.17273617864465574], [-0.24099685105222404, -0.560010968275157, -0.01152929047998776], [0.16306671508842385, -0.058137409488221777, -0.5846828023747649]]	0.8281990989323204	0.3137556283931021	[[0.5968541760405661, -0.2591270713517169, 0.24138712114593236], [-0.34700492258426435, -0.8477660639783927, -0.015659151359293976], [0.21470237967656639, -0.07896257765328549, -0.6962252297607149]]	[[-0.13096487663074105, 0.05891491690575068, 0.006775809086633789], [-0.019681556563564538, -0.08715581391079508, 0.0], [-0.006775809086633789, 0.0, 0.09789445309875747]]	0.483859757623171	[[0.6565662957169679, -0.6565662957169678, 0.0], [-0.7071067811865475, -0.7071067811865476, 0.0], [0.0, 0.0, -0.9285249600000001]]
2	[[0.08740825448676931, -0.06334395238859675, -0.994156597696443], [0.7119981850616444, -0.6940087028176986, 0.10681996481098455], [-0.6967197295301035, -0.717174639895393, -0.015561310176609944]]	0.16223874634925095	0.837761253650749	[[0.014181005628509755, -0.010276843424332608, -0.1612907200851076], [0.11551369294734318, -0.11259510190061332, 0.017330337176005236], [-0.11303493547575322, -0.11635351449010406, -0.002524647454605025]]	0.4588631433486732	1.026839812733384	[[0.06312673384774636, -0.015524740087085327, 0.00020419713750413626], [0.6349509156554826, -0.6369025463423308, 0.03880940376904279], [0.00971578296154857, -0.013072500586190548, 0.025412290861306405]]	[[0.02301830743932668, 0.01354146501807486, 0.4563860185373163], [0.308241190399546, -0.3184475314560663, -0.010206341056520242], [0.3294147880867693, 0.31601250900616223, 0.0325528025635693]]	0.8064908747634193	[[0.0, 0.0, -0.9285249600000001], [0.0, -1.0, 0.0], [-0.9285249600000001, 0.0, 0.0]]
2	[[-0.5446221603179724, 0.8109226453022452, -0.2139887049042392], [-0.8354447797583356, -0.5021691245819775, 0.22328947644507607], [0.07361197229480154, 0.30038414347728, 0.9509735242804028]]	0.2457744114682967	0.7542255885317033	[[-0.13385419092474196, 0.19930403589547363, -0.05259294800870242], [-0.20533094905936566, -0.12342032105168528, 0.054878839660352674], [0.0180919391677754, 0.07382673607753688, 0.23372495825194786]]	0.6032707273589871	0.5836885218602311	[[-0.2579506546238683, 0.5389743667359781, 0.1399671215257226], [-0.6121910035815792, -0.510965848360239, 0.13470400486662848], [0.18741381026752268, 0.01052959128047735, 0.5033112406595659]]	[[0.07060395216697771, 0.04976847267261862, 0.2690602431799107], [-0.10819162362849928, -0.2080219153164435, 0.0], [0.14300586219890815, -0.17068336944216772, -0.070383249032212]]	0.4023331513698112	[[-0.6565662957169679, 0.6565662957169678, 0.0], [-0.7071067811865475, -0.7071067811865476, 0.0], [0.0, 0.0, 0.9285249600000001]]
2	[[0.3802729664721569, 0.7767473726770865, -0.5020517802076895], [0.4287143634067757, 0.332951791095048, 0.839849450446521], [0.8195098935212374, -0.5346088512602871, -0.20639019011321075]]	0.12724314641583162	0.8727568535841689	[[0.048387128750799285, 0.09883577966966302, -0.06388264817729591], [0.05455096451353837, 0.04236583350372056, 0.10686508659042239], [0.10427701737054543, -0.06802531233611227, -0.026261737179366612]]	0.4211577848862925	0.8670083705855398	[[0.029207683365256372, 0.31831598574528575, 0.13092015839774687], [0.28201563806922975, -0.144344610065782, 0.32791944237605186], [0.6041629358665352, 0.0, -0.06552697852158539]]	[[-0.13094723684629664, -0.008817217147643545, 0.34236317404823713], [0.10145924642789504, -0.2845698488772961, -0.025789691811975067], [0.2590199644187294, 0.225154679577388, 0.02139585676875526]]	1.0000000000000007	[[0.0, 0.0, 0.0], [0.0, 0.0, 0.0], [0.0, 0.0, 0.0]]
2	[[-0.42203838922340475, -0.825029846081567, 0.3757783270710803], [0.2588054115689476, 0.28760896992378115, 0.9221175843470338], [-0.8688517462515349, 0.4864224845687207, 0.09214016247897017]]	0.10909224224324589	0.8909077577567541	[[-0.046041114193108953, -0.0900043558266382, 0.04099450028659998], [0.028233662652742592, 0.03137590741825557, 0.10059587488834333], [-0.09478498517553977, 0.05306491951913241, 0.010051776925487867]]	0.34904044496734005	1.142381267379321	[[-0.23408812077597035, -0.4711491184856226, 0.30119566589763885], [0.18379324460235646, 0.010724330512206028, 0.03111564200278991], [0.1784428316053702, 0.16978112045598537, -0.09056431975963924]]	[[-0.08677965360813375, -0.18318033389797655, 0.17003383140766642], [0.0934596885883754, -0.08966283232658889, -0.2907406899499075], [0.4817072317276564, 0.0, -0.12272496307066202]]	1.0000000000000002	[[0.0, 0.0, 0.0], [0.0, 0.0, 0.0], [0.0, 0.0, 0.0]]
2	[[-0.3195682178843842, -0.5708200961323295, -0.7563336379995778], [0.910087742671785, 0.03735879733279218, -0.41272826520656647], [0.2638493031197415, -0.8202248094963509, 0.507557688474819]]	0.11981155287505989	0.8801884471249399	[[-0.03828796443424355, -0.06839084212990537, -0.09061750766037277], [0.10903902570206449, 0.004476015521986468, -0.04944961436982827], [0.03161219473177859, -0.09827240813240797, 0.060811274829843914]]	0.37412788834590505	1.0785691767600107	[[-0.19537824708925855, -0.28937858174110476, 0.19094830403904764], [0.5423833168423048, -0.0785221234847286, -0.15441315432240132], [0.2604199623486464, -0.04358638962193333, 0.0826674196728843]]	[[-0.07581886454970987, -0.07581886454970986, 0.47391381090880574], [0.2018941114670183, -0.09249909144198887, 0.0], [0.16170657973091895, 0.26328258632385865, -0.10722406652992836]]	0.9815279137163649	[[1.8540179308844873e-16, -0.9285249600000001, 0.0], [1.0, 1.7938038903913487e-16, 0.0], [0.0, 0.0, 0.9285249600000001]]
2	[[0.8592155572171323, 0.2624339665249735, -0.4391776855101157], [-0.4266000482917053, 0.8413623931712975, -0.33184593135155627], [0.2824199444684594, 0.4724804086637203, 0.8348660002631537]]	0.17376254930631607	0.826237450693684	[[0.14929948562569578, 0.04560119504794781, -0.07631263423268517], [-0.07412711192536431, 0.1461972743279077, -0.057662395008575194], [0.04907400952578771, 0.08209940030669807, 0.14506844453489315]]	0.0	0.6884357998136139	[[0.6813680943513571, 0.681368094351357, 0.0], [-0.7071067811865474, 0.7071067811865475, 0.0], [0.0, 0.0, 0.9635999999999999]]	[[0.6813680943513571, 0.681368094351357, 0.0], [-0.7071067811865474, 0.7071067811865475, 0.0], [0.0, 0.0, 0.9635999999999999]]	0.6884357998136139	[[0.6813680943513573, 0.6813680943513571, 0.0], [-0.7071067811865475, 0.7071067811865476, 0.0], [0.0, 0.0, 0.9636]]
2	[[0.5319609947059123, -0.8460851799387872, 0.03402011756955908], [-0.703274286200726, -0.4190807785627857, 0.5742617690636116], [-0.47161719485230363, -0.3294103357928521, -0.8179645788128509]]	0.15546499310613626	0.8445350068938637	[[0.08270131237468807, -0.13153662666638768, 0.005288937343421438], [-0.10933453205591878, -0.06515239035017763, 0.089277601968592], [-0.07331996394644867, -0.05121177558312579, -0.12716485760620355]]	0.46903735168364447	0.8091983718677371	[[0.21907897051646505, -0.5349623445402263, 0.23326832907887654], [-0.379222574349963, -0.3978310909984593, 0.005694825716003314], [0.1525074007696969, -0.15450575151749937, -0.35042809929257435]]	[[-0.03043060563939332, -0.13811679244295777, 0.21731162323008427], [-0.04936066564316898, -0.2012665524798503, -0.26365539361875767], [0.3737134808516907, 0.0, 0.03322784052483295]]	0.6684398867035114	[[0.6565662957169679, -0.6565662957169678, 0.0], [-0.7071067811865475, -0.7071067811865476, 0.0], [0.0, 0.0, -0.9285249600000001]]
2	[[0.8489524140446696, -0.5135124485683378, 0.12483895166604869], [0.522794976890395, 0.7815435453534784, -0.34040431673891397], [0.0772347773085365, 0.35425224329800037, 0.9319550081910795]]	0.2171541512127879	0.7828458487872121	[[0.18435354089191747, -0.11151135990605776, 0.027109296587335074], [0.11352709946494276, 0.16971542522706753, -0.07392021047060786], [0.016771852510543944, 0.0769273452086033, 0.20237789877224063]]	0.0	0.4387517377351914	[[0.6813680943513573, -0.6813680943513571, 0.0], [0.7071067811865475, 0.7071067811865476, 0.0], [0.0, 0.0, 0.9636]]	[[0.6813680943513573, -0.6813680943513571, 0.0], [0.7071067811865475, 0.7071067811865476, 0.0], [0.0, 0.0, 0.9636]]	0.4387517377351914	[[0.6813680943513573, -0.6813680943513571, 0.0], [0.7071067811865475, 0.7071067811865476, 0.0], [0.0, 0.0, 0.9636]]
2	[[0.22433838825039393, -0.7661379269479729, -0.6022499185961573], [-0.9416906372873723, -0.011392912655017143, -0.3362869982418849], [0.2507808429735371, 0.642575192824231, -0.724020780340167]]	0.14659568466125694	0.8534043153387432	[[0.032887039621369386, -0.11231251394589412, -0.08828723915378994], [-0.13804778371223775, -0.001670151830948166, -0.04929822274994803], [0.03676338937563285, 0.09419875033840736, -0.10613832200294436]]	0.41535333615719816	0.8686381651761298	[[0.019979483627293154, -0.3198704158750187, 0.1143390850307707], [-0.4778056214704789, -0.12754280931758516, -0.13967792662605671], [0.291395697687282, 0.03836640849497602, -0.3293924961576015]]	[[-0.07320021436063678, -0.001652471960618379, 0.3644855979200857], [-0.0866712736451708, -0.12281072503777622, 0.0], [0.187233037913909, -0.22852934157642324, -0.02866804959617518]]	0.9553473035044996	[[0.6565662957169679, -0.6565662957169678, 0.0], [-0.7071067811865475, -0.7071067811865476, 0.0], [0.0, 0.0, -0.9285249600000001]]
2	[[0.04673222253661188, -0.9725397674033924, -0.22799671093185395], [-0.8377629715199755, -0.16246744520517667, 0.5213036857710898], [-0.5440306084466285, 0.16664552219444034, -0.8223502702654952]]	0.18093846365379754	0.8190615363462025	[[0.008455656548901937, -0.17596985135619145, -0.04125337459412863], [-0.1515835449728645, -0.029396609929182214, 0.09432388800048302], [-0.0984360624729737, 0.030152584760646854, -0.14879479448712385]]	0.47514980436923043	0.8894991079382267	[[-0.06778853533922193, -0.5857377887882116, 0.11117794699040394], [-0.30143194841666215, -0.19912749421213005, 0.0], [0.07861468023531315, 0.07861468023531314, -0.518009374444876]]	[[-0.08999334173523238, -0.12363570856519276, 0.21951053958650232], [0.09663096360883937, -0.12193111940652174, -0.24769734431109208], [0.33711071740960213, -0.0005669070343834379, -0.12726980440524233]]	0.8764335485181568	[[0.6565662957169679, -0.6565662957169678, 0.0], [-0.7071067811865475, -0.7071067811865476, 0.0], [0.0, 0.0, -0.9285249600000001]]
2	[[-0.8305561570912853, 0.32773595720904825, 0.4502950280316503], [-0.5100865793185324, -0.772219296347621, -0.37879947194723407], [0.22358030216652452, -0.5443036842615101, 0.808545204538665]]	0.19282333308901814	0.8071766669109816	[[-0.16015060652794777, 0.0631951396421685, 0.08682738817847563], [-0.09835659438817522, -0.1489018985974045, -0.0730413767532257], [0.04311149907679909, -0.10495445061193692, 0.15590638129228734]]	0.5338390475612108	0.6440894332017002	[[-0.4000381583179076, 0.16260893645570762, 0.4195391547603663], [-0.35134299292910154, -0.6000182318506693, -0.0625583994379657], [0.33773271788929504, -0.25558524471935984, 0.27925000188897975]]	[[0.04334514952980343, -0.012349314792332405, 0.17915408587440143], [-0.07903885925194026, -0.18777741818006694, 0.13965954988303533], [0.2183768223272699, 0.034985315670862716, -0.1523830000121255]]	0.680496006177836	[[-0.6565662957169679, 0.6565662957169678, 0.0], [-0.7071067811865475, -0.7071067811865476, 0.0], [0.0, 0.0, 0.9285249600000001]]
