2	[[-0.3195682178843842, -0.5708200961323295, -0.7563336379995778], [0.910087742671785, 0.03735879733279218, -0.41272826520656647], [0.2638493031197415, -0.8202248094963509, 0.507557688474819]]	0.12351552303537383	0.8764844769646261	[[-0.03947163557747202, -0.07050514273288705, -0.09341894488676494], [0.11240996354418822, 0.004614391392532398, -0.05097834754847153], [0.03258948467735376, -0.10131049635153164, 0.0626912533625926]]	0.3830542759774254	1.0854634130493328	[[-0.20383038116618646, -0.30007348747642154, 0.19590600142295642], [0.545499274818616, -0.0805574571816915, -0.15809732680412014], [0.2748669339697174, -0.041049430383124634, 0.0792791248684223]]	[[-0.08141840883908759, -0.08141840883908757, 0.4856228355242569], [0.19688627347354587, -0.09486790424539165, 0.0], [0.17379833019603658, 0.27314119015722177, -0.11514301800707515]]	0.9963549772296325	[[1.9443687346793712e-16, -0.9737742399999998, 0.0], [1.0, 1.7938038903913487e-16, 0.0], [0.0, 0.0, 0.9737742399999998]]
2	[[-0.5446221603179724, 0.8109226453022452, -0.2139887049042392], [-0.8354447797583356, -0.5021691245819775, 0.22328947644507607], [0.07361197229480154, 0.30038414347728, 0.9509735242804028]]	0.2530132287203735	0.7469867712796264	[[-0.13779661121471504, 0.20517415673038736, -0.054141973137512796], [-0.2113785811442378, -0.1270554315741696, 0.0564951913746505], [0.01862480278278244, 0.07600116199759054, 0.24060888180577716]]	0.6111003519894878	0.584726537921091	[[-0.258904959477274, 0.549092123176799, 0.14359213264636117], [-0.6154996716512824, -0.5165527359183979, 0.1364522776511344], [0.1954908741989754, 0.007579067239585064, 0.5054274909260661]]	[[0.07391383439431409, 0.053537009196350266, 0.2743607055351164], [-0.1049590726731835, -0.2096770071280985, 0.0], [0.1505065720189818, -0.1759857885714415, -0.07571276449437167]]	0.3875868626736659	[[-0.6885623684487765, 0.6885623684487764, 0.0], [-0.7071067811865475, -0.7071067811865476, 0.0], [0.0, 0.0, 0.9737742399999998]]
2	[[0.8489524140446696, -0.5135124485683378, 0.12483895166604869], [0.522794976890395, 0.7815435453534784, -0.34040431673891397], [0.0772347773085365, 0.35425224329800037, 0.9319550081910795]]	0.22165223593794856	0.7783477640620514	[[0.18817220077792005, -0.11382118240714287, 0.027670832768929177], [0.11587867556488418, 0.17323087431047007, -0.07545137792810992], [0.017119261082606668, 0.07852080181303593, 0.2065699113591219]]	0.0	0.43110286021764754	[[0.697772971674885, -0.6977729716748848, 0.0], [0.7071067811865474, 0.7071067811865475, 0.0], [0.0, 0.0, 0.9867999999999998]]	[[0.697772971674885, -0.6977729716748848, 0.0], [0.7071067811865474, 0.7071067811865475, 0.0], [0.0, 0.0, 0.9867999999999998]]	0.4311028602176476	[[0.6977729716748851, -0.697772971674885, 0.0], [0.7071067811865475, 0.7071067811865476, 0.0], [0.0, 0.0, 0.9867999999999999]]
2	[[0.8592155572171323, 0.2624339665249735, -0.4391776855101157], [-0.4266000482917053, 0.8413623931712975, -0.33184593135155627], [0.2824199444684594, 0.4724804086637203, 0.8348660002631537]]	0.17846903423018454	0.8215309657698155	[[0.15334337069209147, 0.046836336554908625, -0.07837961738843806], [-0.07613489862117069, 0.15015713374687822, -0.059224222881528364], [0.05040321473662833, 0.08432312222689708, 0.14899772877858203]]	0.0	0.6889293554271642	[[0.6977729716748851, 0.697772971674885, 0.0], [-0.7071067811865475, 0.7071067811865476, 0.0], [0.0, 0.0, 0.9867999999999999]]	[[0.6977729716748851, 0.697772971674885, 0.0], [-0.7071067811865475, 0.7071067811865476, 0.0], [0.0, 0.0, 0.9867999999999999]]	0.6889293554271642	[[0.6977729716748851, 0.697772971674885, 0.0], [-0.7071067811865475, 0.7071067811865476, 0.0], [0.0, 0.0, 0.9867999999999999]]
2	[[-0.42203838922340475, -0.825029846081567, 0.3757783270710803], [0.2588054115689476, 0.28760896992378115, 0.9221175843470338], [-0.8688517462515349, 0.4864224845687207, 0.09214016247897017]]	0.11108351663890159	0.8889164833610986	[[-0.046881508431553295, -0.09164721663479214, 0.04174277804773892], [0.028749015242256995, 0.03194861579602567, 0.10243206402383748], [-0.0965151074114711, 0.05403352015812534, 0.010235253271843797]]	0.3560718765747318	1.1521097444318082	[[-0.2385029813029506, -0.48836986350865136, 0.314339848229296], [0.1827564441964481, 0.0076146248287319515, 0.03789610511340959], [0.19289515547406336, 0.17320136688852797, -0.09196327121419873]]	[[-0.08822698006559584, -0.1945999379842257, 0.180535754132983], [0.09060311563139713, -0.09479484081175446, -0.29044403356759735], [0.5022688272270802, 0.0, -0.12477179177598634]]	1.0000000000000002	[[0.0, 0.0, 0.0], [0.0, 0.0, 0.0], [0.0, 0.0, 0.0]]
2	[[-0.30792515101507295, 0.09349718223056193, 0.9468053539599837], [0.3027085282091916, -0.9338174967034747, 0.1906631317268273], [0.9019698710720718, 0.34531602882779927, 0.2592434992682147]]	0.6281375739222231	0.371862426077777	[[-0.19341935730824208, 0.05872909321486915, 0.594724018012996], [0.19014260051488843, -0.5865658568654442, 0.11976267699930253], [0.5665611665661515, 0.2169059725843503, 0.16284058268544405]]	0.8195551976188719	0.2670724901772906	[[-0.13085520785873672, 0.15216095060244125, 0.784685475491596], [0.29062747259254995, -0.8148935785306882, 0.15625896060101294], [0.7304878694124246, 0.2830055462469311, 0.13085520785873672]]	[[0.12150645013324231, 0.07553484894266543, 0.008726226520315523], [0.04254112493514807, -0.04957859547991176, 0.0], [-0.008726226520315523, 0.0, -0.08160914941543287]]	0.46828604245869837	[[0.0, 0.0, 0.9867999999999999], [0.0, -1.0, 0.0], [0.9867999999999999, 0.0, 0.0]]
2	[[0.034229894132735264, 0.2773841392786001, 0.9601491309293217], [-0.1827544195208179, -0.9427759796974285, 0.2788803941677556], [0.9825625356654255, -0.18501754344446375, 0.018422055382213542]]	0.8267259771766726	0.17327402282332743	[[0.028298742675539616, 0.2293206735984109, 0.7937802285028764], [-0.15108782606170376, -0.7794173930740516, 0.23055766638375338], [0.8123099724351881, -0.15295880939895176, 0.015229991737463268]]	0.9224152490193857	0.12598043327385625	[[0.0, 0.2504971211998861, 0.8750734709512877], [-0.17525931206526893, -0.8208514577836241, 0.2572435282328747], [0.908141845280248, -0.17066300340928003, 0.0]]	[[-0.031574176320354204, -0.005366238706811805, -0.010582728750629364], [-0.006683848673580404, 0.048779482298474994, 0.0], [0.0018111792673053814, 0.0, -0.016992784802833415]]	0.34393864593832585	[[0.0, 0.0, 0.9867999999999999], [0.0, -1.0, 0.0], [0.9867999999999999, 0.0, 0.0]]
2	[[0.8787972042104137, -0.3840163418041313, 0.28327887866788265], [-0.395223040501579, -0.9183905790867732, -0.018907472103605397], [0.2674214316928388, -0.09534250611366366, -0.9588511794847616]]	0.6459988242005058	0.35400117579949425	[[0.5677019606306191, -0.2480741052792483, 0.18299782254028993], [-0.2553136194609689, -0.5932792342468771, -0.01221420474753295], [0.17275393043958973, -0.061591146845756256, -0.6194167345304242]]	0.8458723648435171	0.28615153130469023	[[0.6213893371495478, -0.2712730333496312, 0.24638829553606975], [-0.34540526866426313, -0.8503038080647226, -0.015993308141489526], [0.21943387830881253, -0.08064759111647217, -0.7273033978831485]]	[[-0.12196093219378616, 0.053555777830785745, 0.006770520527048074], [-0.011097020754547436, -0.0734625970825865, 0.0], [-0.006770520527048074, 0.0, 0.08376231684062269]]	0.47320412499076	[[0.6885623684487765, -0.6885623684487764, 0.0], [-0.7071067811865475, -0.7071067811865476, 0.0], [0.0, 0.0, -0.9737742399999998]]
2	[[-0.8305561570912853, 0.32773595720904825, 0.4502950280316503], [-0.5100865793185324, -0.772219296347621, -0.37879947194723407], [0.22358030216652452, -0.5443036842615101, 0.808545204538665]]	0.19851718268162652	0.8014828173183735	[[-0.16487966836464035, 0.06506121888860636, 0.08939130034038725], [-0.10126095065002302, -0.1532987991233178, -0.07519820397225271], [0.044384531689205226, -0.10805363392282456, 0.16051011607575522]]	0.5448084581208049	0.6310898752319495	[[-0.41800795999758583, 0.17461570844191876, 0.4328290311156932], [-0.34945349931779685, -0.5969683753972354, -0.06567203445501818], [0.3512756345815068, -0.2608370514111128, 0.2918042787459241]]	[[0.03448605933005834, -0.0039376130758889474, 0.18750449119430512], [-0.07155401653115154, -0.17625677122295502, 0.14070112179352953], [0.2294671948919789, 0.035704199560873964, -0.1486979874597568]]	0.6809570301909982	[[-0.6885623684487765, 0.6885623684487764, 0.0], [-0.7071067811865475, -0.7071067811865476, 0.0], [0.0, 0.0, 0.9737742399999998]]
2	[[0.04673222253661188, -0.9725397674033924, -0.22799671093185395], [-0.8377629715199755, -0.16246744520517667, 0.5213036857710898], [-0.5440306084466285, 0.16664552219444034, -0.8223502702654952]]	0.1847062907966387	0.8152937092033612	[[0.008631735485420663, -0.1796342130893064, -0.042112426790056216], [-0.15474009103622471, -0.03000875917905431, 0.09628807017739446], [-0.10048587576601528, 0.030780476282404007, -0.15189326815635304]]	0.4838905640849687	0.8990647912565247	[[-0.07753301906621372, -0.6039881959103649, 0.11916944877304546], [-0.30249486108530615, -0.20433119593994992, 0.005267975374479485], [0.08789285493846477, 0.08063819573690191, -0.539555792670632]]	[[-0.10014630059039911, -0.13338537926647306, 0.22949490583537782], [0.10289073577299418, -0.12571473223417323, -0.24698595919286642], [0.3511441329391926, 0.0, -0.1416282565164351]]	0.8693564476491084	[[0.6885623684487765, -0.6885623684487764, 0.0], [-0.7071067811865475, -0.7071067811865476, 0.0], [0.0, 0.0, -0.9737742399999998]]
2	[[0.08740825448676931, -0.06334395238859675, -0.994156597696443], [0.7119981850616444, -0.6940087028176986, 0.10681996481098455], [-0.6967197295301035, -0.717174639895393, -0.015561310176609944]]	0.16981253515305023	0.8301874648469499	[[0.014843017287701238, -0.010756597141721714, -0.168820252193964], [0.1209062168296885, -0.11785137724375316, 0.0181393690295129], [-0.11831174356265435, -0.12178524374811256, -0.0026425055313930856]]	0.4698650237417649	1.0288814678201583	[[0.06544324174879121, -0.016015636946259647, 0.0008281826305976715], [0.6347620530384278, -0.6372212858244927, 0.039279104014289246], [0.011038183174242183, -0.013599857875092212, 0.0271571383076446]]	[[0.02437316017913911, 0.013747470746705617, 0.46794759601026914], [0.3002190089103446, -0.3111308701980631, -0.01091186128771849], [0.3384024154312603, 0.32337542132634833, 0.03446885368323038]]	0.7922676659551708	[[0.0, 0.0, -0.9737742399999998], [0.0, -1.0, 0.0], [-0.9737742399999998, 0.0, 0.0]]
2	[[0.3802729664721569, 0.7767473726770865, -0.5020517802076895], [0.4287143634067757, 0.332951791095048, 0.839849450446521], [0.8195098935212374, -0.5346088512602871, -0.20639019011321075]]	0.12935461222555764	0.8706453877744427	[[0.04919006211786831, 0.10047585518986521, -0.06494271334591656], [0.05545618023401025, 0.04306884982690473, 0.1086383999903574], [0.10600738449144773, -0.06915412064712527, -0.0266975230092535]]	0.4302023906566998	0.9425084998959915	[[0.14129948789422414, 0.3238183923421266, 0.14190614514879116], [0.2874083830037087, -0.2596710969680112, 0.3277912764695006], [0.6286980313393008, 0.0, -0.057259871996147654]]	[[-0.022294851384212833, -0.010340184319866587, 0.3578900212275913], [0.10297443895724864, -0.4029077534705308, -0.03351396490430825], [0.2761429159796469, 0.22999000587840757, 0.03152968119864637]]	1.0000000000000007	[[0.0, 0.0, 0.0], [0.0, 0.0, 0.0], [0.0, 0.0, 0.0]]
2	[[0.22433838825039393, -0.7661379269479729, -0.6022499185961573], [-0.9416906372873723, -0.011392912655017143, -0.3362869982418849], [0.2507808429735371, 0.642575192824231, -0.724020780340167]]	0.15134653182748362	0.8486534681725164	[[0.03395283701746463, -0.11595231814507365, -0.0911484364729127], [-0.14252161200785662, -0.0017242778177502943, -0.050895870882584356], [0.0379548108328176, 0.09725152687232391, -0.10957803407551259]]	0.42525095374929756	0.8686432825090158	[[0.0209835871794018, -0.32930316386844494, 0.1204087964273739], [-0.48761589857499904, -0.12986786075914256, -0.1430063667358499], [0.3028055092757776, 0.03604518912919496, -0.33521258213770616]]	[[-0.07441652638665847, -0.003502279730309782, 0.3765161487058266], [-0.08716105693176007, -0.1250230137866141, 0.0], [0.19616071661922813, -0.2372105244749481, -0.02732205476373946]]	0.9513196763934695	[[0.6885623684487765, -0.6885623684487764, 0.0], [-0.7071067811865475, -0.7071067811865476, 0.0], [0.0, 0.0, -0.9737742399999998]]
2	[[0.5319609947059123, -0.8460851799387872, 0.03402011756955908], [-0.703274286200726, -0.4190807785627857, 0.5742617690636116], [-0.47161719485230363, -0.3294103357928521, -0.8179645788128509]]	0.1597316640252386	0.8402683359747615	[[0.0849710148808965, -0.13514659369871596, 0.005434089989719962], [-0.11233517200100389, -0.0669404701208263, 0.09172778795860798], [-0.07533219931667368, -0.052617261083304896, -0.13065484328748006]]	0.4774299268349837	0.8068743542434283	[[0.22151865238477098, -0.5576181844668489, 0.23911845939607562], [-0.37356695450071037, -0.3956309230534954, 0.011897413934592689], [0.16853537685445877, -0.15727035251626878, -0.36715289779441296]]	[[-0.032455446396737836, -0.15367179891250976, 0.22287623715392338], [-0.03780276349497231, -0.1955492176063166, -0.26227234045357567], [0.3936995396869143, 0.0, 0.02336787122181458]]	0.6523823995290867	[[0.6885623684487765, -0.6885623684487764, 0.0], [-0.7071067811865475, -0.7071067811865476, 0.0], [0.0, 0.0, -0.9737742399999998]]
