2	[[0.5319609947059123, -0.8460851799387872, 0.03402011756955908], [-0.703274286200726, -0.4190807785627857, 0.5742617690636116], [-0.47161719485230363, -0.3294103357928521, -0.8179645788128509]]	0.154956117775331	0.8450438822246693	[[0.08243061054753159, -0.13110607479055683, 0.005271625344839201], [-0.10897665312088152, -0.0649391304803524, 0.08898537432089093], [-0.0730799695904047, -0.05104414678952851, -0.1267486156105731]]	0.468003950110652	0.8099441106931846	[[0.21876908683965177, -0.5322564423922468, 0.23255871888283136], [-0.3799189668568006, -0.39810200391543316, 0.004931083443085774], [0.15061898599535697, -0.15416533835833102, -0.3484356685385908]]	[[-0.030190759987506775, -0.13628523605081264, 0.21663716947704886], [-0.050783822903611844, -0.20197054413260204, -0.26382569287621543], [0.3713376961263401, 0.0, 0.034374985396419006]]	0.6704023671786213	[[0.6527561781057649, -0.6527561781057648, 0.0], [-0.7071067811865475, -0.7071067811865476, 0.0], [0.0, 0.0, -0.9231366400000002]]
2	[[0.22433838825039393, -0.7661379269479729, -0.6022499185961573], [-0.9416906372873723, -0.011392912655017143, -0.3362869982418849], [0.2507808429735371, 0.642575192824231, -0.724020780340167]]	0.14601698428347165	0.8539830157165282	[[0.032757214911337124, -0.11186914963813371, -0.08793871689837725], [-0.13750282698468266, -0.001663558748090599, -0.049103613337021165], [0.0366182624070627, 0.09382689183156451, -0.10571933090383705]]	0.4141425450536932	0.8686593480886807	[[0.01986000891659781, -0.31872800988929656, 0.11361784713184164], [-0.47660551486598124, -0.12725838212342117, -0.1392707533203611], [0.29002832775991333, 0.038629784769760145, -0.32866760772715603]]	[[-0.07304806214666389, -0.0014376989609026225, 0.36303516117763374], [-0.08661135768655454, -0.12254009228089795, 0.0], [0.18616931120014202, -0.22748794097483457, -0.028819799085318273]]	0.9559089505089794	[[0.6527561781057649, -0.6527561781057648, 0.0], [-0.7071067811865475, -0.7071067811865476, 0.0], [0.0, 0.0, -0.9231366400000002]]
2	[[0.8489524140446696, -0.5135124485683378, 0.12483895166604869], [0.522794976890395, 0.7815435453534784, -0.34040431673891397], [0.0772347773085365, 0.35425224329800037, 0.9319550081910795]]	0.2165965832736611	0.7834034167263388	[[0.1838801922440019, -0.1112250418283936, 0.027039690390331883], [0.11323560574709216, 0.169279661603147, -0.07373041193725391], [0.016728788874931122, 0.07672982551537659, 0.20185827053896468]]	0.0	0.4397115293385141	[[0.6793881953640349, -0.6793881953640348, 0.0], [0.7071067811865475, 0.7071067811865476, 0.0], [0.0, 0.0, 0.9608000000000001]]	[[0.6793881953640349, -0.6793881953640348, 0.0], [0.7071067811865475, 0.7071067811865476, 0.0], [0.0, 0.0, 0.9608000000000001]]	0.4397115293385141	[[0.6793881953640349, -0.6793881953640348, 0.0], [0.7071067811865475, 0.7071067811865476, 0.0], [0.0, 0.0, 0.9608000000000001]]
2	[[0.034229894132735264, 0.2773841392786001, 0.9601491309293217], [-0.1827544195208179, -0.9427759796974285, 0.2788803941677556], [0.9825625356654255, -0.18501754344446375, 0.018422055382213542]]	0.819508797614372	0.18049120238562807	[[0.02805169938318512, 0.22731874245750305, 0.7868506598183727], [-0.14976885460021794, -0.7726132095415512, 0.22854493650263952], [0.8052186421841014, -0.15162350456573734, 0.015097036455863194]]	0.9006195609953962	0.14502317655888014	[[0.0, 0.2318597417313159, 0.8417680780651372], [-0.18050460953797648, -0.8211965360350117, 0.2511651381655871], [0.868786948307005, -0.1666304187533996, 0.0]]	[[-0.03082811222674292, -0.017957840012862755, -0.022961010722539785], [-0.015912404459169006, 0.027885952917091, 0.0], [-0.01612809121451388, 0.0, -0.01659126343096204]]	0.35522578839925867	[[0.0, 0.0, 0.9608000000000001], [0.0, -1.0, 0.0], [0.9608000000000001, 0.0, 0.0]]
2	[[0.8787972042104137, -0.3840163418041313, 0.28327887866788265], [-0.395223040501579, -0.9183905790867732, -0.018907472103605397], [0.2674214316928388, -0.09534250611366366, -0.9588511794847616]]	0.6056010461222457	0.39439895387775425	[[0.5322005061991315, -0.23256069832461979, 0.17155398526560647], [-0.23934748677937095, -0.556178295443765, -0.011450384885470608], [0.1619506987886918, -0.057739521442351324, -0.580681277371521]]	0.8260380101627913	0.3170597173920294	[[0.593920438134736, -0.25768575032174884, 0.24077467901087998], [-0.34720191893453367, -0.8474484446508384, -0.015618290633670687], [0.2141247095555219, -0.07875653403406449, -0.6925076587889232]]	[[-0.13199945576785846, 0.05952634453213003, 0.00677555775491542], [-0.020732664988121145, -0.08882291814974676, 0.0], [-0.00677555775491542, 0.0, 0.09953986155491475]]	0.48530711731969595	[[0.6527561781057649, -0.6527561781057648, 0.0], [-0.7071067811865475, -0.7071067811865476, 0.0], [0.0, 0.0, -0.9231366400000002]]
2	[[0.8592155572171323, 0.2624339665249735, -0.4391776855101157], [-0.4266000482917053, 0.8413623931712975, -0.33184593135155627], [0.2824199444684594, 0.4724804086637203, 0.8348660002631537]]	0.17318948115275942	0.8268105188472407	[[0.1488070965528142, 0.04545080249932079, -0.07606095548736667], [-0.07388264102338256, 0.1457151163347809, -0.05747222467343026], [0.04891216364968359, 0.08182863683131346, 0.1445900094176551]]	0.0	0.688421074189074	[[0.6793881953640352, 0.6793881953640349, 0.0], [-0.7071067811865476, 0.7071067811865476, 0.0], [0.0, 0.0, 0.9608000000000004]]	[[0.679388195364035, 0.6793881953640349, 0.0], [-0.7071067811865476, 0.7071067811865477, 0.0], [0.0, 0.0, 0.9608000000000003]]	0.6884210741890743	[[0.6793881953640349, 0.6793881953640348, 0.0], [-0.7071067811865475, 0.7071067811865476, 0.0], [0.0, 0.0, 0.9608000000000001]]
2	[[0.3802729664721569, 0.7767473726770865, -0.5020517802076895], [0.4287143634067757, 0.332951791095048, 0.839849450446521], [0.8195098935212374, -0.5346088512602871, -0.20639019011321075]]	0.12697724447198028	0.8730227555280202	[[0.04828601342982024, 0.0986292410333868, -0.06374915163302469], [0.05443696853095155, 0.04227730097525964, 0.1066417689890062], [0.1040591080968527, -0.06788315880336204, -0.026206857626623656]]	0.42004848174961795	0.8668980696790679	[[0.028660642303680955, 0.31763262077963256, 0.1296248839353465], [0.2813542284928524, -0.14372988460785868, 0.3279351616728085], [0.6012274849492241, 0.0, -0.06647922127759427]]	[[-0.13107243991337195, -0.008638933816382217, 0.3405109719712794], [0.1012734110395824, -0.28358577895314957, -0.02484232488550365], [0.25699359839683716, 0.22456163630179096, 0.020214664727474907]]	1.0000000000000007	[[0.0, 0.0, 0.0], [0.0, 0.0, 0.0], [0.0, 0.0, 0.0]]
2	[[-0.30792515101507295, 0.09349718223056193, 0.9468053539599837], [0.3027085282091916, -0.9338174967034747, 0.1906631317268273], [0.9019698710720718, 0.34531602882779927, 0.2592434992682147]]	0.5884881581359258	0.41151184186407436	[[-0.18121030496458707, 0.0550219845617624, 0.557183738865144], [0.1781403842178641, -0.5495405386701291, 0.11220299521434803], [0.5307985881213021, 0.20321439377968387, 0.15256172939306395]]	0.7991145676013518	0.29145253175379743	[[-0.11179091893060258, 0.14065065494099746, 0.7667124121065868], [0.29892331980511866, -0.8130716300719796, 0.15236168606740322], [0.710670802436996, 0.27594706906254274, 0.11179091893060258]]	[[0.1342765549763884, 0.06593569459087717, 0.01010646107420965], [0.057024525175988876, -0.06684446497520552, 0.0], [-0.01010646107420965, 0.0, -0.09537433789057821]]	0.4730430275965817	[[0.0, 0.0, 0.9608000000000001], [0.0, -1.0, 0.0], [0.9608000000000001, 0.0, 0.0]]
2	[[-0.8305561570912853, 0.32773595720904825, 0.4502950280316503], [-0.5100865793185324, -0.772219296347621, -0.37879947194723407], [0.22358030216652452, -0.5443036842615101, 0.808545204538665]]	0.19213310790663757	0.8078668920933626	[[-0.1595773357529421, 0.06296892803133122, 0.08651658321062748], [-0.09800451978593523, -0.14836889339274512, -0.07277991981861526], [0.04295717832195951, -0.10457875850219711, 0.15534830303102168]]	0.5324946231122165	0.645663675772043	[[-0.39790833987219304, 0.16119432423322577, 0.41793914859603476], [-0.35157274814294603, -0.6003818528238973, -0.06217640004744122], [0.33611363535893113, -0.25494157683224544, 0.2777574338507927]]	[[0.04435834797166182, -0.013323310781127879, 0.17815946735501612], [-0.07995438733412444, -0.18917922965528988, 0.1395322820022078], [0.2170583266214522, 0.03489720837717827, -0.1527885401092137]]	0.680611141095792	[[-0.6527561781057649, 0.6527561781057648, 0.0], [-0.7071067811865475, -0.7071067811865476, 0.0], [0.0, 0.0, 0.9231366400000002]]
2	[[-0.42203838922340475, -0.825029846081567, 0.3757783270710803], [0.2588054115689476, 0.28760896992378115, 0.9221175843470338], [-0.8688517462515349, 0.4864224845687207, 0.09214016247897017]]	0.10884704147616195	0.8911529585238381	[[-0.04593763005633251, -0.08980205787551185, 0.040902359152548626], [0.028170203367300403, 0.03130538547820998, 0.10036977094931986], [-0.0945719420608766, 0.052945648352789296, 0.010029184086968783]]	0.3481767907448574	1.1412707320397522	[[-0.2335439322232778, -0.4690833043062239, 0.2996263964812703], [0.18392059236002972, 0.011106288354388188, 0.030282813651061634], [0.17673703627648063, 0.16936101962327715, -0.09038977227576647]]	[[-0.08659996029234376, -0.1818270602288204, 0.16878910453019022], [0.09381055473255155, -0.08903247978310819, -0.290777127556289], [0.4792510489194053, 0.0, -0.12247083834640404]]	1.0000000000000002	[[0.0, 0.0, 0.0], [0.0, 0.0, 0.0], [0.0, 0.0, 0.0]]
2	[[-0.3195682178843842, -0.5708200961323295, -0.7563336379995778], [0.910087742671785, 0.03735879733279218, -0.41272826520656647], [0.2638493031197415, -0.8202248094963509, 0.507557688474819]]	0.11936199478824332	0.8806380052117566	[[-0.03814429995760407, -0.06813422533957167, -0.09027749175707869], [0.10862988839763373, 0.00445922057253173, -0.0492640690405469], [0.03149357914386022, -0.09790366943629131, 0.06058309816646415]]	0.37303594499415565	1.094746084612198	[[-0.0440524337047004, -0.28809441242627737, 0.19034439703665235], [0.5420021492595135, -0.24110494187956494, -0.15396247843713], [0.2587050747027052, -0.04387397634039107, 0.08304780123907543]]	[[0.075157998443899, -0.07515799844389899, 0.47248403041869247], [0.2025067081443463, -0.2550411161464482, 0.0], [0.16027980057738303, 0.2620993605777315, -0.10628946072017792]]	0.9798811507969413	[[1.8432588858100896e-16, -0.9231366400000002, 0.0], [1.0, 1.7938038903913487e-16, 0.0], [0.0, 0.0, 0.9231366400000002]]
2	[[0.08740825448676931, -0.06334395238859675, -0.994156597696443], [0.7119981850616444, -0.6940087028176986, 0.10681996481098455], [-0.6967197295301035, -0.717174639895393, -0.015561310176609944]]	0.161334881343445	0.838665118656555	[[0.014102000366060588, -0.010219589042439092, -0.16039213672615862], [0.11487014270366855, -0.11196781172041159, 0.01723378634789116], [-0.11240519489337639, -0.11570528543005112, -0.0025105821308919196]]	0.4575174828785242	1.0265993699632845	[[0.06284850456932808, -0.015465452363324583, 0.00013181395846523225], [0.6349740157937299, -0.6368635607229551, 0.03875195385773087], [0.009560967056795858, -0.01300935918597862, 0.025206097873502142]]	[[0.02285769999373593, 0.013515513289083285, 0.45497583812361947], [0.3092223983502487, -0.319342445914012, -0.010120047563763302], [0.32832242398321504, 0.3151105768432736, 0.03232566933579676]]	0.808224226519256	[[0.0, 0.0, -0.9231366400000002], [0.0, -1.0, 0.0], [-0.9231366400000002, 0.0, 0.0]]
2	[[-0.5446221603179724, 0.8109226453022452, -0.2139887049042392], [-0.8354447797583356, -0.5021691245819775, 0.22328947644507607], [0.07361197229480154, 0.30038414347728, 0.9509735242804028]]	0.24489751956501118	0.7551024804349892	[[-0.13337661616200924, 0.1985929443936172, -0.05240530304597733], [-0.20459835429635342, -0.12297997301225938, 0.05468303892636912], [0.01802738942528523, 0.0735633316542463, 0.2328910572682676]]	0.6023013870557242	0.5836158189250883	[[-0.2578155674957942, 0.5377418494634442, 0.13952997262769573], [-0.6117813766248043, -0.5102758263489222, 0.13448756137781576], [0.1864501763915645, 0.010875003256069521, 0.5030208096208528]]	[[0.0702111150850054, 0.04932201540300488, 0.2684156664057771], [-0.10859182696789467, -0.2078186660766385, 0.0], [0.142113583374498, -0.17004678300984188, -0.06975186310650419]]	0.40426671308146045	[[-0.6527561781057649, 0.6527561781057648, 0.0], [-0.7071067811865475, -0.7071067811865476, 0.0], [0.0, 0.0, 0.9231366400000002]]
2	[[0.04673222253661188, -0.9725397674033924, -0.22799671093185395], [-0.8377629715199755, -0.16246744520517667, 0.5213036857710898], [-0.5440306084466285, 0.16664552219444034, -0.8223502702654952]]	0.1804754257974331	0.8195245742025669	[[0.008434017760755433, -0.17551952862706377, -0.04114780348584059], [-0.15119562900239036, -0.02932138135162541, 0.09408250465930869], [-0.09818415570624198, 0.030075421575277206, -0.14841401518079939]]	0.4739769622223726	0.8878947950003457	[[-0.06666118097183105, -0.5830280784668219, 0.10996209298978583], [-0.30184263788776816, -0.1981442242313749, 0.0], [0.0777549416265433, 0.07775494162654328, -0.5153730551856398]]	[[-0.08881117784763425, -0.12206663387250903, 0.2180272814339584], [0.09523771041565776, -0.12113839809299552, -0.24708593737710743], [0.3356129167740654, -0.001231196751138527, -0.1255979722024533]]	0.8773560234085717	[[0.6527561781057649, -0.6527561781057648, 0.0], [-0.7071067811865475, -0.7071067811865476, 0.0], [0.0, 0.0, -0.9231366400000002]]
