2	[[-0.5446221603179724, 0.8109226453022452, -0.2139887049042392], [-0.8354447797583356, -0.5021691245819775, 0.22328947644507607], [0.07361197229480154, 0.30038414347728, 0.9509735242804028]]	0.22729112016778363	0.7727088798322164	[[-0.12378778088687017, 0.1843155164201696, -0.048637732440937845], [-0.18988917982959935, -0.11413858283991296, 0.05075171522287929], [0.016731347640645308, 0.0682746484515912, 0.2161478375835977]]	0.5818229322116463	0.5805911344357775	[[-0.32080615883136, 0.5126180067078139, 0.1308243321582882], [-0.603127525021815, -0.41445333702656434, 0.1299149379172775], [0.16774546680765137, 0.017268078019002445, 0.4955917638163355]]	[[-0.003932496567716012, 0.040804615421236895, 0.25532786790584533], [-0.11704659356190725, -0.12227982449612285, 0.0], [0.12491633324120748, -0.15750230512883243, -0.05770644053613157]]	0.44814624463713437	[[-0.5791381314613121, 0.579138131461312, 0.0], [-0.7071067811865475, -0.7071067811865476, 0.0], [0.0, 0.0, 0.819025]]
2	[[-0.42203838922340475, -0.825029846081567, 0.3757783270710803], [0.2588054115689476, 0.28760896992378115, 0.9221175843470338], [-0.8688517462515349, 0.4864224845687207, 0.09214016247897017]]	0.10373583443818839	0.8962641655618118	[[-0.043780504471038824, -0.08558515951968147, 0.03898167832250499], [0.026847395326223544, 0.029835356486951216, 0.09565663706236611], [-0.09013106090048008, 0.050459442326233055, 0.009558236640026217]]	0.3302755589685508	1.1220999512487528	[[-0.2221785240856593, -0.42846994295071344, 0.2691187997376785], [0.18656016924966654, 0.019023248271547704, 0.013020519360052822], [0.14447844674833032, 0.1606534579858055, -0.08665047374723034]]	[[-0.08278955917871252, -0.15598274937038642, 0.14500840271601056], [0.10108306727964653, -0.07596696503439826, -0.29153238124489356], [0.43143894290235746, 0.0, -0.11708211741342518]]	1.0000000000000002	[[0.0, 0.0, 0.0], [0.0, 0.0, 0.0], [0.0, 0.0, 0.0]]
2	[[0.8592155572171323, 0.2624339665249735, -0.4391776855101157], [-0.4266000482917053, 0.8413623931712975, -0.33184593135155627], [0.2824199444684594, 0.4724804086637203, 0.8348660002631537]]	0.1615480230332863	0.8384519769667137	[[0.13880457462787124, 0.04239568846889312, -0.07094828685449353], [-0.06891639442742944, 0.1359204312713777, -0.05360905416148356], [0.045624383694050086, 0.07632827594158322, 0.13487095184021958]]	0.0	0.6900925822768835	[[0.6399316369738255, 0.6399316369738254, 0.0], [-0.7071067811865474, 0.7071067811865472, 0.0], [0.0, 0.0, 0.9049999999999998]]	[[0.6399316369738255, 0.6399316369738254, 0.0], [-0.7071067811865474, 0.7071067811865475, 0.0], [0.0, 0.0, 0.9049999999999998]]	0.6900925822768835	[[0.6399316369738256, 0.6399316369738255, 0.0], [-0.7071067811865475, 0.7071067811865476, 0.0], [0.0, 0.0, 0.905]]
2	[[0.8787972042104137, -0.3840163418041313, 0.28327887866788265], [-0.395223040501579, -0.9183905790867732, -0.018907472103605397], [0.2674214316928388, -0.09534250611366366, -0.9588511794847616]]	0.5302411015963222	0.46975889840367774	[[0.4659743976402979, -0.20362124810921237, 0.150206104683829], [-0.20956350037180507, -0.48696843235065496, -0.010025518836617456], [0.14179783453127648, -0.0505545154706631, -0.5084223056769329]]	0.7818634837289771	0.38164621717987396	[[0.536673114023705, -0.2299606372670337, 0.2282173838947824], [-0.35155206220921764, -0.8409291127003923, -0.014783062007433368], [0.20235507925448015, -0.07454482397748036, -0.6202771873555133]]	[[-0.15042632955153434, 0.07028771754480204, 0.006731972952673415], [-0.04254159891269446, -0.12287305511173517, 0.0], [-0.006731972952673415, 0.0, 0.12941353621408122]]	0.5159349282212095	[[0.905, 0.0, 0.0], [0.0, -1.0, 0.0], [0.0, 0.0, -0.905]]
2	[[0.034229894132735264, 0.2773841392786001, 0.9601491309293217], [-0.1827544195208179, -0.9427759796974285, 0.2788803941677556], [0.9825625356654255, -0.18501754344446375, 0.018422055382213542]]	0.7162100475210775	0.2837899524789224	[[0.02451579410344777, 0.1986653075743194, 0.6876684546902109], [-0.13089055148969192, -0.6752256292208259, 0.19973694035958509], [0.7037211603613649, -0.13251142358259244, 0.013194061160731078]]	0.8515733068149006	0.22843027249141726	[[0.003907409772936738, 0.19841528141412457, 0.7660611576363594], [-0.18759939137002515, -0.8199711448230507, 0.23748709946727858], [0.7813671234909683, -0.15755600128977154, -0.00552591189463631]]	[[-0.025241854365600593, -0.03779764732935789, -0.051576212824576154], [-0.03197060600364458, -0.01712828620645375, 0.0], [-0.05535690415807186, 0.0, -0.021213642514795135]]	0.3811384258371161	[[0.0, 0.0, 0.905], [0.0, -1.0, 0.0], [0.905, 0.0, 0.0]]
2	[[0.8489524140446696, -0.5135124485683378, 0.12483895166604869], [0.522794976890395, 0.7815435453534784, -0.34040431673891397], [0.0772347773085365, 0.35425224329800037, 0.9319550081910795]]	0.20482606367908415	0.7951739363209159	[[0.17388758121962572, -0.10518073349046077, 0.025570271063580202], [0.10708203722765736, 0.16008048798854865, -0.06972367625699995], [0.015819695415238172, 0.07256009254421464, 0.19088867585378744]]	0.0	0.4603862764617569	[[0.6399316369738255, -0.6399316369738255, 0.0], [0.7071067811865475, 0.7071067811865477, 0.0], [0.0, 0.0, 0.9050000000000001]]	[[0.6399316369738256, -0.6399316369738255, 0.0], [0.7071067811865475, 0.7071067811865476, 0.0], [0.0, 0.0, 0.905]]	0.4603862764617568	[[0.6399316369738256, -0.6399316369738255, 0.0], [0.7071067811865475, 0.7071067811865476, 0.0], [0.0, 0.0, 0.905]]
2	[[0.08740825448676931, -0.06334395238859675, -0.994156597696443], [0.7119981850616444, -0.6940087028176986, 0.10681996481098455], [-0.6967197295301035, -0.717174639895393, -0.015561310176609944]]	0.1437879746410581	0.8562120253589419	[[0.012568255879562756, -0.009108098619715949, -0.1429477636588168], [0.10237677697812309, -0.09979010576142486, 0.015359426391400564], [-0.10017991880159938, -0.10312108893448875, -0.0022375292730560242]]	0.4299013143548995	1.0220742248494834	[[0.057364566503217744, -0.014282126084556437, -0.00117941955754498], [0.6354480858321271, -0.6360634826508426, 0.03757294439163457], [0.0066903998377986565, -0.011773756062693059, 0.021294125419628773]]	[[0.019787643013888048, 0.012949522303735512, 0.42620980846675105], [0.32935913025582314, -0.33770822913577503, -0.00834909887995181], [0.30621112729978023, 0.29654056425033815, 0.027983953117637697]]	0.8434191482439916	[[0.0, 0.0, -0.819025], [0.0, -1.0, 0.0], [-0.819025, 0.0, 0.0]]
2	[[0.3802729664721569, 0.7767473726770865, -0.5020517802076895], [0.4287143634067757, 0.332951791095048, 0.839849450446521], [0.8195098935212374, -0.5346088512602871, -0.20639019011321075]]	0.1211714018658312	0.8788285981341694	[[0.04607820843910948, 0.09411956804288378, -0.060834318017001926], [0.05194792041401641, 0.04034423528072635, 0.10176573526685288], [0.09930116264088634, -0.06477930395709063, -0.025008588667373183]]	0.39713525848427633	0.9005652407593489	[[0.2013204860000714, 0.32782649163014477, 0.10519159961793861], [0.23754952849423538, -0.20869515529772203, 0.3282598517816268], [0.5438770198766656, 0.0, -0.0834010761793835]]	[[0.05030068316556884, 0.019352723005047527, 0.30457406312321045], [0.06729193896676361, -0.34092205091705663, -0.005273976809329708], [0.2184207464826872, 0.21231202433323618, -0.0014362546801546389]]	1.0000000000000007	[[0.0, 0.0, 0.0], [0.0, 0.0, 0.0], [0.0, 0.0, 0.0]]
2	[[0.22433838825039393, -0.7661379269479729, -0.6022499185961573], [-0.9416906372873723, -0.011392912655017143, -0.3362869982418849], [0.2507808429735371, 0.642575192824231, -0.724020780340167]]	0.13427364704862402	0.8657263529513759	[[0.030122733563390576, -0.10287213359357662, -0.08086629300464304], [-0.12644423626011847, -0.0015297679326955332, -0.0451544817089721], [0.03367325839598513, 0.08628091464348232, -0.09721691071526495]]	0.3892848232640712	0.8700418075101802	[[0.017555859322766647, -0.29578405483906717, 0.09975268711193432], [-0.4519671474332043, -0.12141904944128867, -0.13091142467659717], [0.26321363566175937, 0.0431258439818043, -0.3132141432072239]]	[[-0.06977567049863455, 0.002461812648776332, 0.3341994402334407], [-0.08538127412735902, -0.11698396145191735, 0.0], [0.1655884595267912, -0.20701892639065295, -0.03136384169298703]]	0.9700083803521102	[[0.5791381314613121, -0.579138131461312, 0.0], [-0.7071067811865475, -0.7071067811865476, 0.0], [0.0, 0.0, -0.819025]]
2	[[-0.30792515101507295, 0.09349718223056193, 0.9468053539599837], [0.3027085282091916, -0.9338174967034747, 0.1906631317268273], [0.9019698710720718, 0.34531602882779927, 0.2592434992682147]]	0.5117460443778952	0.4882539556221049	[[-0.15757947799642957, 0.04784681316696931, 0.4845238946848345], [0.1549098919105083, -0.4778774101088715, 0.09757110346990544], [0.4615795136691728, 0.1767141118129095, 0.13266683528119266]]	0.7540282322175972	0.34590973590978846	[[-0.07353929510719608, 0.11774744376578043, 0.726554119951634], [0.3179121941008227, -0.8087668856387092, 0.14376538416505044], [0.667474594746977, 0.2603780347734263, 0.07353929510719608]]	[[0.158644962168036, 0.04724792873114329, 0.012636152651031242], [0.08966141769805529, -0.10464212938552644, 0.0], [-0.012636152651031242, 0.0, -0.12193762235991981]]	0.4865030849255723	[[0.0, 0.0, 0.905], [0.0, -1.0, 0.0], [0.905, 0.0, 0.0]]
2	[[0.04673222253661188, -0.9725397674033924, -0.22799671093185395], [-0.8377629715199755, -0.16246744520517667, 0.5213036857710898], [-0.5440306084466285, 0.16664552219444034, -0.8223502702654952]]	0.1708704944271318	0.829129505572868	[[0.007985157970509651, -0.16617835090626543, -0.03895791072468571], [-0.14314897315636133, -0.02776089269052151, 0.08907541853439227], [-0.09295877904876874, 0.028474802771431586, -0.14051539727255072]]	0.4498650440815723	0.857350797694344	[[-0.045405230869564835, -0.5299311734653016, 0.0871035242603851], [-0.31017877978238584, -0.17815680228422964, 0.0], [0.06159149266976527, 0.061591492669765255, -0.46389061904393053]]	[[-0.06642842422102758, -0.09241952813129228, 0.18967127467419706], [0.06670149633035695, -0.10506837788518242, -0.23451630557929742], [0.30633184632033245, -0.013376502518233278, -0.0939439784604506]]	0.8983213344441571	[[0.5791381314613121, -0.579138131461312, 0.0], [-0.7071067811865475, -0.7071067811865476, 0.0], [0.0, 0.0, -0.819025]]
2	[[0.5319609947059123, -0.8460851799387872, 0.03402011756955908], [-0.703274286200726, -0.4190807785627857, 0.5742617690636116], [-0.47161719485230363, -0.3294103357928521, -0.8179645788128509]]	0.1450771578388991	0.854922842161101	[[0.07717538919308742, -0.12274763319513282, 0.004935541966336811], [-0.10202903462318186, -0.06079904825880189, 0.083312265311287], [-0.06842088221712653, -0.047789915279584365, -0.11866797630706061]]	0.44443334935056783	0.8311724628576537	[[0.21092161132341022, -0.46846393989773005, 0.21725594145552662], [-0.3817076526249359, -0.3973875667749572, 0.0], [0.11454874055444914, -0.13743799934742404, -0.3084952294904573]]	[[-0.025499595277598118, -0.09243546954165702, 0.20213626665878737], [-0.06914910609661741, -0.21113409270985473, -0.2552210814289232], [0.3241511500739778, 0.008962939499688455, 0.05503550792146446]]	0.7104837285904535	[[0.5791381314613121, -0.579138131461312, 0.0], [-0.7071067811865475, -0.7071067811865476, 0.0], [0.0, 0.0, -0.819025]]
2	[[-0.3195682178843842, -0.5708200961323295, -0.7563336379995778], [0.910087742671785, 0.03735879733279218, -0.41272826520656647], [0.2638493031197415, -0.8202248094963509, 0.507557688474819]]	0.11029990537833716	0.8897000946216627	[[-0.03524834419457139, -0.06296140259144928, -0.08342352870580694], [0.10038259190268242, 0.004120671810855455, -0.04552388859924953], [0.029102553168247683, -0.09047071887641213, 0.0559835650128201]]	0.35061990339725096	1.0636436253903094	[[-0.17470563246277937, -0.26279954174245185, 0.17806018713958793], [0.5341773217375092, -0.07316199395766951, -0.14471074447604132], [0.22581916787004308, -0.04877058891299744, 0.0893471083125978]]	[[-0.06265865477932502, -0.062658654779325, 0.44324581423109133], [0.21508244531890564, -0.08626073186953065, 0.0], [0.13330835069876734, 0.2388165545566417, -0.08861271938897518]]	0.9531782278438353	[[1.635375570132942e-16, -0.819025, 0.0], [1.0, 1.7938038903913487e-16, 0.0], [0.0, 0.0, 0.819025]]
2	[[-0.8305561570912853, 0.32773595720904825, 0.4502950280316503], [-0.5100865793185324, -0.772219296347621, -0.37879947194723407], [0.22358030216652452, -0.5443036842615101, 0.808545204538665]]	0.17825262243849924	0.8217473775615005	[[-0.14804881308396373, 0.05841979383990463, 0.08026626961765918], [-0.09092427043421195, -0.13765011467157603, -0.0675219992529132], [0.03985377518677505, -0.09702355912255106, 0.14412530306908977]]	0.504764586162275	0.6771621005266729	[[-0.35717334894074165, 0.13454238992395706, 0.3862213595221755], [-0.35622307710328405, -0.6073805419198164, -0.05427794873134255], [0.3045341721650405, -0.24166531254939516, 0.24901433400859885]]	[[0.0620619859779704, -0.030887114887165237, 0.15892837604684945], [-0.09874943598663458, -0.21759158837238637, 0.13692660996459138], [0.19167875346791824, 0.03307991138346759, -0.15911065155385237]]	0.6896158538702554	[[-0.5791381314613121, 0.579138131461312, 0.0], [-0.7071067811865475, -0.7071067811865476, 0.0], [0.0, 0.0, 0.819025]]
