2	[[0.5319609947059123, -0.8460851799387872, 0.03402011756955908], [-0.703274286200726, -0.4190807785627857, 0.5742617690636116], [-0.47161719485230363, -0.3294103357928521, -0.8179645788128509]]	0.1530412891286705	0.8469587108713297	[[0.08141199639596265, -0.12948596665049514, 0.0052064826491542565], [-0.1076300033712047, -0.06413666260029553, 0.08788576143480598], [-0.07217690347544387, -0.05041338244204631, -0.12518235360310864]]	0.46405115548076686	0.813459431675261	[[0.21756547621245823, -0.5220679792209066, 0.22986515310353442], [-0.38258269084683616, -0.3991382546347742, 0.002009744407126533], [0.14356010167688135, -0.15286324695198045, -0.34094376324881687]]	[[-0.02929163805151851, -0.1294411738351597, 0.214078078235789], [-0.05622744571547764, -0.20466333510293405, -0.26447709307527173], [0.3624146058926908, 0.0, 0.038633644691625474]]	0.6778771522390641	[[0.6384325988819812, -0.6384325988819811, 0.0], [-0.7071067811865475, -0.7071067811865476, 0.0], [0.0, 0.0, -0.9028800399999999]]
2	[[-0.42203838922340475, -0.825029846081567, 0.3757783270710803], [0.2588054115689476, 0.28760896992378115, 0.9221175843470338], [-0.8688517462515349, 0.4864224845687207, 0.09214016247897017]]	0.1079091552310916	0.8920908447689084	[[-0.045541806056188225, -0.08902827373109944, 0.04054992182839311], [0.02792747333164012, 0.03103564098135969, 0.09950492955062328], [-0.0937570579590619, 0.05248943939521934, 0.009942767095961206]]	0.3448776119447678	1.1371927238262851	[[-0.23146141439506385, -0.46128703920576364, 0.2937189035497638], [0.1844070636947578, 0.012565376010826669, 0.02710139037932999], [0.1703545763304113, 0.16775622487430106, -0.08971775702057137]]	[[-0.08590982257067971, -0.17675271610599336, 0.16412137148888975], [0.0951508713944764, -0.08662451871038154, -0.290916320042553], [0.47000209171168206, 0.0, -0.12149483622052147]]	1.0000000000000002	[[0.0, 0.0, 0.0], [0.0, 0.0, 0.0], [0.0, 0.0, 0.0]]
2	[[0.8489524140446696, -0.5135124485683378, 0.12483895166604869], [0.522794976890395, 0.7815435453534784, -0.34040431673891397], [0.0772347773085365, 0.35425224329800037, 0.9319550081910795]]	0.2144571017576364	0.7855428982423637	[[0.1820638742461688, -0.11012639143643305, 0.026772599760762433], [0.11211709555736463, 0.16760756363389478, -0.07300212319361597], [0.0165635464964852, 0.07597190938883024, 0.19986437002517324]]	0.0	0.4434144209631977	[[0.6718928634834573, -0.6718928634834572, 0.0], [0.7071067811865474, 0.7071067811865475, 0.0], [0.0, 0.0, 0.9501999999999998]]	[[0.6718928634834573, -0.6718928634834572, 0.0], [0.7071067811865474, 0.7071067811865475, 0.0], [0.0, 0.0, 0.9501999999999998]]	0.4434144209631979	[[0.6718928634834574, -0.6718928634834573, 0.0], [0.7071067811865475, 0.7071067811865476, 0.0], [0.0, 0.0, 0.9501999999999999]]
2	[[0.08740825448676931, -0.06334395238859675, -0.994156597696443], [0.7119981850616444, -0.6940087028176986, 0.10681996481098455], [-0.6967197295301035, -0.717174639895393, -0.015561310176609944]]	0.15793317278044447	0.8420668272195556	[[0.01380466295829598, -0.010004111377184497, -0.15701030571481117], [0.11244813238070356, -0.10960699637323978, 0.016870415958894217], [-0.11003515742342239, -0.11326566631635214, -0.002457647088812645]]	0.45238839105591633	1.0257007344219142	[[0.06179784163642756, -0.015240925287382447, -0.00013650117434464704], [0.6350620638064439, -0.636714963936489, 0.038532978955178473], [0.008984211362310708, -0.012771309675871019, 0.02443407873656006]]	[[0.02225536202415186, 0.013415143416817417, 0.44960840251517314], [0.31296235043167425, -0.3227534834899867, -0.009791133058312427], [0.32417212882134744, 0.311670171772512, 0.0314738348100787]]	0.8148169656152792	[[0.0, 0.0, -0.9028800399999999], [0.0, -1.0, 0.0], [-0.9028800399999999, 0.0, 0.0]]
2	[[0.8787972042104137, -0.3840163418041313, 0.28327887866788265], [-0.395223040501579, -0.9183905790867732, -0.018907472103605397], [0.2674214316928388, -0.09534250611366366, -0.9588511794847616]]	0.5901665753805203	0.4098334246194796	[[0.5186367364628358, -0.22663360933269958, 0.16718172570105827], [-0.23324742832429354, -0.542003422921374, -0.011158558060487522], [0.1578231905255184, -0.0562679603212972, -0.5658819168960945]]	0.8178090314563166	0.3295143830253767	[[0.5828670124403723, -0.2522730612994991, 0.23844095549212918], [-0.3479653736841282, -0.8462379042900026, -0.015462701448336856], [0.2119267319466654, -0.07797196258143321, -0.678514474818949]]	[[-0.13582127798146518, 0.06177897125473535, 0.00677293009671663], [-0.02474840172231127, -0.09516979430844269, 0.0], [-0.00677293009671663, 0.0, 0.10564267958623078]]	0.4910692938133809	[[0.6384325988819812, -0.6384325988819811, 0.0], [-0.7071067811865475, -0.7071067811865476, 0.0], [0.0, 0.0, -0.9028800399999999]]
2	[[0.034229894132735264, 0.2773841392786001, 0.9601491309293217], [-0.1827544195208179, -0.9427759796974285, 0.2788803941677556], [0.9825625356654255, -0.18501754344446375, 0.018422055382213542]]	0.8045993143577927	0.1954006856422072	[[0.02754134934973863, 0.22318308827728817, 0.7725353324269629], [-0.1470440806423065, -0.7585569068575476, 0.22438697393520715], [0.7905691425100557, -0.14886498859957867, 0.014822373129590293]]	0.891588278935747	0.15983543545415346	[[0.0, 0.22449795343743145, 0.8283437236977029], [-0.1827036437006286, -0.8213289242143197, 0.24864649066495198], [0.8530053697230603, -0.16495947313256926, 0.0]]	[[-0.030518972397958262, -0.022814493906049192, -0.027713987469224273], [-0.01976194533216108, 0.019239088946073596, 0.0], [-0.02303587039762018, 0.0, -0.016424888652686792]]	0.3599701088921564	[[0.0, 0.0, 0.9501999999999999], [0.0, -1.0, 0.0], [0.9501999999999999, 0.0, 0.0]]
2	[[0.8592155572171323, 0.2624339665249735, -0.4391776855101157], [-0.4266000482917053, 0.8413623931712975, -0.33184593135155627], [0.2824199444684594, 0.4724804086637203, 0.8348660002631537]]	0.17101026242532058	0.8289897375746794	[[0.14693467791961984, 0.044878901484753535, -0.0751038912504298], [-0.07295298620901892, 0.1438816036510194, -0.05674905980520455], [0.04829670881769575, 0.08079899867640553, 0.14277065379497966]]	0.0	0.6884518864577489	[[0.6718928634834573, 0.6718928634834572, 0.0], [-0.7071067811865474, 0.7071067811865475, 0.0], [0.0, 0.0, 0.9501999999999998]]	[[0.6718928634834573, 0.6718928634834572, 0.0], [-0.7071067811865474, 0.7071067811865475, 0.0], [0.0, 0.0, 0.9501999999999998]]	0.6884518864577492	[[0.6718928634834574, 0.6718928634834573, 0.0], [-0.7071067811865475, 0.7071067811865476, 0.0], [0.0, 0.0, 0.9501999999999999]]
2	[[-0.30792515101507295, 0.09349718223056193, 0.9468053539599837], [0.3027085282091916, -0.9338174967034747, 0.1906631317268273], [0.9019698710720718, 0.34531602882779927, 0.2592434992682147]]	0.5730755538146626	0.4269244461853374	[[-0.17646437645142654, 0.053580949486889684, 0.5425910025753053], [0.17347485744790392, -0.5351479790851656, 0.1092643798063895], [0.5168968833887674, 0.19789217446157106, 0.14856611191598323]]	0.7906806175234602	0.30162412725466464	[[-0.10424192251224365, 0.13611245498066812, 0.7592528918522923], [0.3024041720030862, -0.8122958872410727, 0.15075364273272465], [0.7025378447381276, 0.2730346909143133, 0.10424192251224365]]	[[0.13922852604335897, 0.062186045197903925, 0.010632249908693974], [0.06305840598902482, -0.07394449229335748, 0.0], [-0.010632249908693974, 0.0, -0.10073688757809107]]	0.4752689194881462	[[0.0, 0.0, 0.9501999999999999], [0.0, -1.0, 0.0], [0.9501999999999999, 0.0, 0.0]]
2	[[0.3802729664721569, 0.7767473726770865, -0.5020517802076895], [0.4287143634067757, 0.332951791095048, 0.839849450446521], [0.8195098935212374, -0.5346088512602871, -0.20639019011321075]]	0.12594880275404172	0.8740511972459587	[[0.04789492484689603, 0.09783040163102649, -0.0632328206376938], [0.053996060794544554, 0.04193487946323511, 0.10577803277737921], [0.10321628993409203, -0.06733334475794672, -0.02599459734493796]]	0.4158141838325169	0.86658211354073	[[0.02662223493541427, 0.31500777246579303, 0.12478118230833829], [0.27882957576357237, -0.14138342885557706, 0.3279951634733213], [0.5901647132822463, 0.0, -0.06999510948211873]]	[[-0.13150065825177573, -0.007974802347981563, 0.3335414335370609], [0.10056406264630686, -0.27982950612533913, -0.021226150306286648], [0.24940087576504005, 0.22229794315643572, 0.015824858970843944]]	1.0000000000000007	[[0.0, 0.0, 0.0], [0.0, 0.0, 0.0], [0.0, 0.0, 0.0]]
2	[[-0.5446221603179724, 0.8109226453022452, -0.2139887049042392], [-0.8354447797583356, -0.5021691245819775, 0.22328947644507607], [0.07361197229480154, 0.30038414347728, 0.9509735242804028]]	0.2415718060345039	0.758428193965496	[[-0.1315653588744257, 0.1958960479799408, -0.051693637914701614], [-0.20181990428831953, -0.12130990236003404, 0.05394044209333586], [0.01778257709301708, 0.07256434004393407, 0.22972839175141402]]	0.5985829106113676	0.5806668773899598	[[-0.3667447023075914, 0.5330526941256374, 0.13787555390149797], [-0.6102100108365315, -0.38637575534479746, 0.13365726471938205], [0.1828238939978526, 0.012161584249348543, 0.5018516890599044]]	[[-0.04074318440100861, 0.04764825681994972, 0.26596553572103454], [-0.11012704291371392, -0.08578589913335487, 0.0], [0.1387610253657869, -0.16764323065478434, -0.06738481101820923]]	0.4118521631751	[[-0.6384325988819812, 0.6384325988819811, 0.0], [-0.7071067811865475, -0.7071067811865476, 0.0], [0.0, 0.0, 0.9028800399999999]]
2	[[-0.3195682178843842, -0.5708200961323295, -0.7563336379995778], [0.910087742671785, 0.03735879733279218, -0.41272826520656647], [0.2638493031197415, -0.8202248094963509, 0.507557688474819]]	0.11765536021258859	0.8823446397874114	[[-0.03759891378768222, -0.06716004402703368, -0.0889867066197379], [0.10707670118911052, 0.0043954627572987265, -0.048559692712795366], [0.03104328480039363, -0.09650384541659501, 0.05971688266617368]]	0.36887363573342563	1.0916898572797118	[[-0.0451949914707364, -0.28324578313516374, 0.1880473226126081], [0.5405492008467594, -0.2383317396828064, -0.15224457575669564], [0.2522690202157369, -0.04492641228503335, 0.08443211436710146]]	[[0.07268529892512787, -0.07268529892512786, 0.4670388614890009], [0.2048418263709918, -0.2521124150815817, 0.0], [0.15494196848822717, 0.257632895312642, -0.10279253552505838]]	0.9739200579718555	[[1.802811831356373e-16, -0.9028800399999999, 0.0], [1.0, 1.7938038903913487e-16, 0.0], [0.0, 0.0, 0.9028800399999999]]
2	[[0.22433838825039393, -0.7661379269479729, -0.6022499185961573], [-0.9416906372873723, -0.011392912655017143, -0.3362869982418849], [0.2507808429735371, 0.642575192824231, -0.724020780340167]]	0.1438163385228293	0.8561836614771707	[[0.03226352558828457, -0.11018315145712833, -0.08661337816817131], [-0.1354304994758996, -0.0016384869831549825, -0.04836356477998102], [0.0360663826081227, 0.09241281145758193, -0.10412601764296452]]	0.40952712856072104	0.8687817026658997	[[0.019411048568110073, -0.3143954396964283, 0.11090952022179734], [-0.4720308266314133, -0.12617417365905909, -0.13771864876230336], [0.28487073533203655, 0.03959413046663307, -0.3258795573346516]]	[[-0.07246160739801395, -0.0006411743919614993, 0.35754720006040963], [-0.0863829639506002, -0.12150846685350679, 0.0], [0.18216917681104686, -0.22355784313502589, -0.0293734061436505]]	0.9581725710925935	[[0.6384325988819812, -0.6384325988819811, 0.0], [-0.7071067811865475, -0.7071067811865476, 0.0], [0.0, 0.0, -0.9028800399999999]]
2	[[0.04673222253661188, -0.9725397674033924, -0.22799671093185395], [-0.8377629715199755, -0.16246744520517667, 0.5213036857710898], [-0.5440306084466285, 0.16664552219444034, -0.8223502702654952]]	0.17870620463636114	0.8212937953636387	[[0.008351338123739723, -0.1737988906905898, -0.04074442688020521], [-0.14971344102521472, -0.029033940509583085, 0.09316020314709768], [-0.09722164524150727, 0.029780588791012922, -0.14695909568083246]]	0.46950518315741047	0.8862886066759609	[[0.12672859249015933, -0.5728090976192711, 0.10541888103418541], [-0.3034041020716157, -0.40392751809210253, 0.0], [0.07454240564437042, 0.07454240564437042, -0.5054382553663097]]	[[0.10478757178875456, -0.11619663599667603, 0.21246451855953266], [0.08992995531436668, -0.32764821047392956, -0.24475478246858864], [0.3299675961063422, -0.003698530775892602, -0.11934054110576238]]	0.880971428408942	[[0.6384325988819812, -0.6384325988819811, 0.0], [-0.7071067811865475, -0.7071067811865476, 0.0], [0.0, 0.0, -0.9028800399999999]]
2	[[-0.8305561570912853, 0.32773595720904825, 0.4502950280316503], [-0.5100865793185324, -0.772219296347621, -0.37879947194723407], [0.22358030216652452, -0.5443036842615101, 0.808545204538665]]	0.18951439551543853	0.8104856044845613	[[-0.15740234805278058, 0.062110681819146404, 0.08533739004102563], [-0.09666874974008949, -0.14634667315267674, -0.07178795294764738], [0.04237168581424798, -0.1031533836996462, 0.1532309556850517]]	0.5273646393022147	0.6516312929605388	[[-0.38992069573440813, 0.1559061131127213, 0.4118894929241159], [-0.3524457829511505, -0.6017488306892486, -0.060718000164283734], [0.33001420418993105, -0.25248550290233057, 0.27215084404656625]]	[[0.04808525247027113, -0.016930241747194496, 0.17441981788662397], [-0.08344415803593215, -0.19450768000867533, 0.13904744672703875], [0.21210585878280167, 0.03456101321910728, -0.15424730610450216]]	0.6813611968601909	[[-0.6384325988819812, 0.6384325988819811, 0.0], [-0.7071067811865475, -0.7071067811865476, 0.0], [0.0, 0.0, 0.9028800399999999]]
