2	[[0.8787972042104137, -0.3840163418041313, 0.28327887866788265], [-0.395223040501579, -0.9183905790867732, -0.018907472103605397], [0.2674214316928388, -0.09534250611366366, -0.9588511794847616]]	0.5802794706873232	0.4197205293126768	[[0.5099479765007184, -0.2228367995573835, 0.16438091777029745], [-0.22933981674569076, -0.532923199116697, -0.010971617904315471], [0.15517916683316668, -0.055325298981639626, -0.556401654899333]]	0.8123332595697138	0.3376921013614824	[[0.5756134473092069, -0.24873643895544825, 0.23688659590753042], [-0.34848516442524996, -0.8454313994119217, -0.015359168444145208], [0.21046558225384746, -0.07744988876685777, -0.669343540482752]]	[[-0.13826275008778996, 0.06321280771033902, 0.0067697410319958375], [-0.02743234367754921, -0.09939218674424638, 0.0], [-0.0067697410319958375, 0.0, 0.10956316359036916]]	0.4951060229647339	[[0.6290607470254912, -0.6290607470254911, 0.0], [-0.7071067811865475, -0.7071067811865476, 0.0], [0.0, 0.0, -0.8896262400000001]]
2	[[-0.8305561570912853, 0.32773595720904825, 0.4502950280316503], [-0.5100865793185324, -0.772219296347621, -0.37879947194723407], [0.22358030216652452, -0.5443036842615101, 0.808545204538665]]	0.18778020248421953	0.8122197975157803	[[-0.15596200335311683, 0.06154232440607458, 0.08455649154142061], [-0.09578416114891694, -0.14500749583037792, -0.07113104154316706], [0.04198395441231298, -0.10220945604353307, 0.15182878222591517]]	0.523941746653046	0.6555780364077549	[[-0.38471071892691255, 0.15247201528410229, 0.40790086555146754], [-0.35302508234313273, -0.6026427940200687, -0.059744210801625314], [0.3260122059606238, -0.2508467302059861, 0.26848628212635595]]	[[0.05045232471293707, -0.0192425345770144, 0.1719725020553824], [-0.08576942903070339, -0.1980448670925099, 0.13872464616166], [0.20886915192627914, 0.03433669283567759, -0.15514430458757644]]	0.6821199688150094	[[-0.6290607470254912, 0.6290607470254911, 0.0], [-0.7071067811865475, -0.7071067811865476, 0.0], [0.0, 0.0, 0.8896262400000001]]
2	[[0.8592155572171323, 0.2624339665249735, -0.4391776855101157], [-0.4266000482917053, 0.8413623931712975, -0.33184593135155627], [0.2824199444684594, 0.4724804086637203, 0.8348660002631537]]	0.16956275364329107	0.830437246356709	[[0.1456909558548917, 0.04449902601350579, -0.07446817769378253], [-0.07233547889270253, 0.14266372419803458, -0.05626870990529242], [0.04788790346785733, 0.0801150791355279, 0.14156217792778097]]	0.0	0.6885468498535974	[[0.6669431160151517, 0.6669431160151515, 0.0], [-0.7071067811865475, 0.7071067811865476, 0.0], [0.0, 0.0, 0.9432]]	[[0.6669431160151517, 0.6669431160151515, 0.0], [-0.7071067811865475, 0.7071067811865476, 0.0], [0.0, 0.0, 0.9432]]	0.6885468498535974	[[0.6669431160151517, 0.6669431160151515, 0.0], [-0.7071067811865475, 0.7071067811865476, 0.0], [0.0, 0.0, 0.9432]]
2	[[0.034229894132735264, 0.2773841392786001, 0.9601491309293217], [-0.1827544195208179, -0.9427759796974285, 0.2788803941677556], [0.9825625356654255, -0.18501754344446375, 0.018422055382213542]]	0.7906497406930242	0.2093502593069759	[[0.027063856919996816, 0.2193136977929829, 0.7591416613959007], [-0.14449473440463878, -0.7454055838793839, 0.22049671133310436], [0.776862814038549, -0.14628407274802557, 0.014565393310979672]]	0.8855777022520128	0.16963829414557824	[[0.0, 0.2197112226126123, 0.8195269818009845], [-0.18417556006425814, -0.8214135545197285, 0.24697025867021666], [0.842666530216842, -0.16384741099986017, 0.0]]	[[-0.030313230994397353, -0.02593398609088269, -0.03075967938667126], [-0.022332321148611833, 0.013487831319110648, 0.0], [-0.027468942436656926, 0.0, -0.016314161476139996]]	0.3631487592367723	[[0.0, 0.0, 0.9432], [0.0, -1.0, 0.0], [0.9432, 0.0, 0.0]]
2	[[0.22433838825039393, -0.7661379269479729, -0.6022499185961573], [-0.9416906372873723, -0.011392912655017143, -0.3362869982418849], [0.2507808429735371, 0.642575192824231, -0.724020780340167]]	0.14235480363056455	0.8576451963694354	[[0.031935647206182166, -0.10906341414460648, -0.08573316889827948], [-0.13405418575178504, -0.0016218358437851133, -0.04787206959823553], [0.03569985765580533, 0.09147366539236555, -0.10306783600977262]]	0.406451723784941	0.8688988962057644	[[0.019117459465119502, -0.31152759654558104, 0.10914014768229849], [-0.4689825604422801, -0.12545172967284085, -0.13668443012187753], [0.28148115699947884, 0.040202586515196446, -0.3240003889461267]]	[[-0.07206526515038848, -0.00012951548055631368, 0.353925665245047], [-0.08623077764468796, -0.12082106068527791, 0.0], [0.1795508510806441, -0.2209732082696531, -0.029720894720747765]]	0.9597820054923756	[[0.6290607470254912, -0.6290607470254911, 0.0], [-0.7071067811865475, -0.7071067811865476, 0.0], [0.0, 0.0, -0.8896262400000001]]
2	[[-0.30792515101507295, 0.09349718223056193, 0.9468053539599837], [0.3027085282091916, -0.9338174967034747, 0.1906631317268273], [0.9019698710720718, 0.34531602882779927, 0.2592434992682147]]	0.5631226511306561	0.43687734886934415	[[-0.1733996273894155, 0.0526503811309201, 0.5331675410266451], [0.17046202892501894, -0.5258537844158533, 0.1073667282108845], [0.5079196650380812, 0.19445527763142037, 0.14598588659630535]]	0.7850781856049555	0.3083966037731961	[[-0.09932856036591868, 0.1331641178713001, 0.7542840230403651], [0.3047348079261208, -0.8117729597222144, 0.1496854655178562], [0.6971490762191941, 0.27110008137243713, 0.09932856036591868]]	[[0.14241675849512667, 0.059761519686554646, 0.010967793632403643], [0.06708494583250221, -0.07865321372408912, 0.0], [-0.010967793632403643, 0.0, -0.10419785566945089]]	0.4768265841023392	[[0.0, 0.0, 0.9432], [0.0, -1.0, 0.0], [0.9432, 0.0, 0.0]]
2	[[0.3802729664721569, 0.7767473726770865, -0.5020517802076895], [0.4287143634067757, 0.332951791095048, 0.839849450446521], [0.8195098935212374, -0.5346088512602871, -0.20639019011321075]]	0.1252506322562704	0.8747493677437299	[[0.04762942948060515, 0.09728809953120196, -0.06288230289639923], [0.05369674507404314, 0.04170242234551247, 0.10519167466850798], [0.10264413230380381, -0.06696009663014936, -0.0258505018031715]]	0.4129876685312085	0.8664358905506618	[[0.025304364427763418, 0.31324148573318156, 0.12163445322848776], [0.2771442976585575, -0.13981710234348138, 0.32803521639604327], [0.582902439475038, 0.0, -0.0722395981811689]]	[[-0.13174368140101914, -0.00754560074647009, 0.32897564741840424], [0.10009055224935198, -0.2773220862811154, -0.01881225006108219], [0.24445495921144314, 0.22078686305813366, 0.012997005241398865]]	1.0000000000000007	[[0.0, 0.0, 0.0], [0.0, 0.0, 0.0], [0.0, 0.0, 0.0]]
2	[[-0.3195682178843842, -0.5708200961323295, -0.7563336379995778], [0.910087742671785, 0.03735879733279218, -0.41272826520656647], [0.2638493031197415, -0.8202248094963509, 0.507557688474819]]	0.11652432767035882	0.8834756723296411	[[-0.03723747173379263, -0.06651442792254925, -0.08813126866237739], [0.10604736233586431, 0.004353208741776762, -0.04809288361374871], [0.03074486265232057, -0.09557614446511044, 0.05914281840344972]]	0.36610021401876214	1.0729828913618433	[[-0.18807165858039207, -0.28005502497958096, 0.18652097769739026], [0.5395810751199576, -0.07669170823269766, -0.15109990622371638], [0.24806738274719378, -0.04558995150747637, 0.08529797967683068]]	[[-0.07107766561932467, -0.07107766561932466, 0.46341488443862466], [0.20639775775196495, -0.09036877193171644, 0.0], [0.15147209640635514, 0.2546945267926361, -0.10051899870066879]]	0.9702175709615674	[[1.7763475100823853e-16, -0.8896262400000001, 0.0], [1.0, 1.7938038903913487e-16, 0.0], [0.0, 0.0, 0.8896262400000001]]
2	[[-0.5446221603179724, 0.8109226453022452, -0.2139887049042392], [-0.8354447797583356, -0.5021691245819775, 0.22328947644507607], [0.07361197229480154, 0.30038414347728, 0.9509735242804028]]	0.23937046657301558	0.7606295334269843	[[-0.13036646062131668, 0.19411093196062248, -0.051222576134283104], [-0.19998080672674298, -0.12020445764975068, 0.05344890615750223], [0.017620532153566543, 0.07190309257529216, 0.22763497620558495]]	0.5960843427415892	0.580341984862978	[[-0.35943782123215096, 0.5299355006161682, 0.13678335745084777], [-0.6091541579545786, -0.3905615449549029, 0.13309936080787674], [0.18044802294537624, 0.012992856268539596, 0.5010185923896393]]	[[-0.034797078756508115, 0.04655720857690869, 0.26433867396781513], [-0.11115860551543962, -0.09122639238333585, 0.0], [0.13656907882211738, -0.16606142846611005, -0.06584183579569725]]	0.4170772913513597	[[-0.6290607470254912, 0.6290607470254911, 0.0], [-0.7071067811865475, -0.7071067811865476, 0.0], [0.0, 0.0, 0.8896262400000001]]
2	[[0.08740825448676931, -0.06334395238859675, -0.994156597696443], [0.7119981850616444, -0.6940087028176986, 0.10681996481098455], [-0.6967197295301035, -0.717174639895393, -0.015561310176609944]]	0.1557042328353143	0.844295767164686	[[0.013609835208336328, -0.009862921511423128, -0.1547943903624908], [0.11086113118515947, -0.10806009265326143, 0.016632320672389615], [-0.10848221098771238, -0.11166712711385494, -0.002422961862961419]]	0.4489710885857896	1.0251173552361434	[[0.06110629345061063, -0.015092583233312737, -0.0003087416996697123], [0.6351207265681462, -0.6366159600225395, 0.03838708500333111], [0.00861142841517771, -0.012614962426134024, 0.023931685835793443]]	[[0.02186251428230209, 0.013347020025921993, 0.4460388281928472], [0.31545412634991316, -0.3250261172304656, -0.009571990880552366], [0.3214184438215052, 0.3093757163538222, 0.03091826420560711]]	0.819196398104019	[[0.0, 0.0, -0.8896262400000001], [0.0, -1.0, 0.0], [-0.8896262400000001, 0.0, 0.0]]
2	[[0.8489524140446696, -0.5135124485683378, 0.12483895166604869], [0.522794976890395, 0.7815435453534784, -0.34040431673891397], [0.0772347773085365, 0.35425224329800037, 0.9319550081910795]]	0.21301936218910264	0.7869806378108974	[[0.18084330176869445, -0.10938809427019167, 0.02659311386025795], [0.1113654525328586, 0.1664839075542079, -0.07251271043814073], [0.016452503001081836, 0.07546258692139884, 0.19852446143380362]]	0.0	0.44591899391743023	[[0.6669431160151515, -0.6669431160151514, 0.0], [0.7071067811865474, 0.7071067811865475, 0.0], [0.0, 0.0, 0.9431999999999999]]	[[0.6669431160151515, -0.6669431160151514, 0.0], [0.7071067811865474, 0.7071067811865475, 0.0], [0.0, 0.0, 0.9431999999999999]]	0.44591899391743023	[[0.6669431160151517, -0.6669431160151515, 0.0], [0.7071067811865475, 0.7071067811865476, 0.0], [0.0, 0.0, 0.9432]]
2	[[-0.42203838922340475, -0.825029846081567, 0.3757783270710803], [0.2588054115689476, 0.28760896992378115, 0.9221175843470338], [-0.8688517462515349, 0.4864224845687207, 0.09214016247897017]]	0.10728139267510503	0.8927186073248952	[[-0.04527686615824491, -0.08851035088615804, 0.040314022265306615], [0.02776500498497045, 0.030855090839275727, 0.09892605865895342], [-0.09321162536606167, 0.05218408157301715, 0.009884924952054362]]	0.34267307045826667	1.1346101154743236	[[-0.23006666245599244, -0.4561595746253657, 0.2898466019193538], [0.1847321282954919, 0.013540351744476653, 0.024975534215225675], [0.16620504409805575, 0.16668388632710238, -0.08926419263066895]]	[[-0.08544547176954731, -0.17344406404888396, 0.161077488770236], [0.09604648326194525, -0.08501549707064471, -0.2910093297365321], [0.463937139759096, 0.0, -0.1208381450198612]]	1.0000000000000002	[[0.0, 0.0, 0.0], [0.0, 0.0, 0.0], [0.0, 0.0, 0.0]]
2	[[0.5319609947059123, -0.8460851799387872, 0.03402011756955908], [-0.703274286200726, -0.4190807785627857, 0.5742617690636116], [-0.47161719485230363, -0.3294103357928521, -0.8179645788128509]]	0.1517867679759621	0.8482132320240379	[[0.08074464007568834, -0.12842453489526887, 0.0051638036920456515], [-0.10674773090300999, -0.06361091689889506, 0.08716533789832395], [-0.07158524972852072, -0.05000013020787342, -0.12415619973682175]]	0.4614052790578588	0.816274411774367	[[0.21674403244961646, -0.5153876515562934, 0.22808003812435154], [-0.38436570392044334, -0.3998318882796381, 5.429192292033834e-05], [0.13897691326862763, -0.1519916679110439, -0.33604039253682927]]	[[-0.02870557876056109, -0.12499948299991862, 0.21238297628358802], [-0.059871235641780894, -0.20646580469909123, -0.264913119884135], [0.3565835766679393, 0.0, 0.04137278220975806]]	0.6828514955668499	[[0.6290607470254912, -0.6290607470254911, 0.0], [-0.7071067811865475, -0.7071067811865476, 0.0], [0.0, 0.0, -0.8896262400000001]]
2	[[0.04673222253661188, -0.9725397674033924, -0.22799671093185395], [-0.8377629715199755, -0.16246744520517667, 0.5213036857710898], [-0.5440306084466285, 0.16664552219444034, -0.8223502702654952]]	0.17752367767629462	0.8224763223237052	[[0.008296076010686337, -0.17264883619589835, -0.040474814622721726], [-0.14872276372524693, -0.02884181837549482, 0.09254374748429131], [-0.0965783143799177, 0.02958352596824362, -0.14598664431562552]]	0.46652445108826157	0.8833502836649948	[[0.1257784843127125, -0.5660947376400126, 0.10247036870677292], [-0.3044410353669229, -0.40041825546404863, 0.0], [0.07245749258324494, 0.07245749258324492, -0.4989171632383516]]	[[0.10397675984568516, -0.11238115649063932, 0.20883640912418514], [0.08639587506350453, -0.3246232197699914, -0.24320091585464523], [0.3262610735640213, -0.005286718184833048, -0.11527065480045795]]	0.8834612264136493	[[0.6290607470254912, -0.6290607470254911, 0.0], [-0.7071067811865475, -0.7071067811865476, 0.0], [0.0, 0.0, -0.8896262400000001]]
