2	[[-0.42203838922340475, -0.825029846081567, 0.3757783270710803], [0.2588054115689476, 0.28760896992378115, 0.9221175843470338], [-0.8688517462515349, 0.4864224845687207, 0.09214016247897017]]	0.11077921458191527	0.8892207854180848	[[-0.046753081281585444, -0.09139615835555451, 0.041628427929840325], [0.028670260223157357, 0.03186109579487021, 0.10215146174613741], [-0.09625071403787058, 0.05388550079550668, 0.010207214830870372]]	0.35499526891572053	1.1505391605424338	[[-0.23782886182831442, -0.48568545944091346, 0.3122836479298132], [0.18291519241732163, 0.008090762995614002, 0.036857924139159226], [0.1906153401943113, 0.17267768071612594, -0.09175169699522039]]	[[-0.08800723035319435, -0.1928037673676919, 0.17888411965851556], [0.09104049574055931, -0.0940090606250521, -0.29048945568803064], [0.4990535995027684, 0.0, -0.12446101875238055]]	1.0000000000000002	[[0.0, 0.0, 0.0], [0.0, 0.0, 0.0], [0.0, 0.0, 0.0]]
2	[[0.8489524140446696, -0.5135124485683378, 0.12483895166604869], [0.522794976890395, 0.7815435453534784, -0.34040431673891397], [0.0772347773085365, 0.35425224329800037, 0.9319550081910795]]	0.22096848823676948	0.7790315117632306	[[0.1875917315164066, -0.11347006945090744, 0.02758547442270992], [0.11552121570124743, 0.17269649570796322, -0.07521862725906826], [0.017066451981170877, 0.0782785826560434, 0.20593268926466893]]	0.0	0.4322535365325234	[[0.6952273872626135, -0.6952273872626135, 0.0], [0.7071067811865474, 0.7071067811865472, 0.0], [0.0, 0.0, 0.9831999999999999]]	[[0.6952273872626135, -0.6952273872626135, 0.0], [0.7071067811865474, 0.7071067811865475, 0.0], [0.0, 0.0, 0.9831999999999997]]	0.43225353653252363	[[0.6952273872626136, -0.6952273872626136, 0.0], [0.7071067811865475, 0.7071067811865476, 0.0], [0.0, 0.0, 0.9832000000000001]]
2	[[0.5319609947059123, -0.8460851799387872, 0.03402011756955908], [-0.703274286200726, -0.4190807785627857, 0.5742617690636116], [-0.47161719485230363, -0.3294103357928521, -0.8179645788128509]]	0.15906364713830579	0.8409363528616942	[[0.0846156559532434, -0.13458139451073323, 0.0054113639766880245], [-0.11186537290167618, -0.06666051708375739, 0.09134417139935357], [-0.07501715106634445, -0.05239720941626506, -0.13010842913592024]]	0.47614731263429144	0.8113487004400441	[[0.2854286599620204, -0.5540750290513212, 0.2382140578697501], [-0.3744312873427236, -0.4624561566317251, 0.010949489419559987], [0.16600381018226448, -0.1568478461417261, -0.36453238880305616]]	[[0.03213686190653572, -0.1512138443637668, 0.22201547031350188], [-0.03956912592344845, -0.26291197014236817, -0.26248370866869275], [0.39056307010331187, 0.0, 0.02493924722872285]]	0.6548496056625883	[[0.6835475671566018, -0.6835475671566017, 0.0], [-0.7071067811865475, -0.7071067811865476, 0.0], [0.0, 0.0, -0.9666822400000001]]
2	[[0.034229894132735264, 0.2773841392786001, 0.9601491309293217], [-0.1827544195208179, -0.9427759796974285, 0.2788803941677556], [0.9825625356654255, -0.18501754344446375, 0.018422055382213542]]	0.8257388075442446	0.1742611924557555	[[0.028264951963530544, 0.22904684839959788, 0.7928323984382207], [-0.1509074164485608, -0.7784867132567118, 0.23028236412755143], [0.8113400165380177, -0.15277616569859695, 0.015211806043823044]]	0.9194274032893502	0.1264784591864876	[[0.0, 0.24786726057941255, 0.8704296957694926], [-0.1759732334920292, -0.8209008859576696, 0.25641027663797], [0.9026377250255548, -0.17011019953211784, 0.0]]	[[-0.03147190267733015, -0.007167318311162195, -0.012357726451379914], [-0.007943812112351067, 0.04591318493911028, 0.0], [-0.0007571957107069486, 0.0, -0.016937742543321192]]	0.3454720061891846	[[0.0, 0.0, 0.9832000000000001], [0.0, -1.0, 0.0], [0.9832000000000001, 0.0, 0.0]]
2	[[0.04673222253661188, -0.9725397674033924, -0.22799671093185395], [-0.8377629715199755, -0.16246744520517667, 0.5213036857710898], [-0.5440306084466285, 0.16664552219444034, -0.8223502702654952]]	0.18412964063392284	0.815870359366077	[[0.008604787341690887, -0.17907339787418552, -0.04198095244959867], [-0.15425699488238037, -0.029915072300340753, 0.09598746032217019], [-0.10017216042713216, 0.03068438011491471, -0.15141905973919498]]	0.482563757715535	0.8975914672072642	[[-0.07599417100402582, -0.6012294063017644, 0.11795065165997752], [-0.30225830871566434, -0.2035763222967478, 0.004369288080344275], [0.08639032187166809, 0.08041708939661674, -0.5362007455330347]]	[[-0.09854544791769189, -0.1319169616157908, 0.22797360123403557], [0.10201573889594784, -0.12517542143209492, -0.2471929774363113], [0.3489197765959421, 0.0, -0.13936430895533133]]	0.8703851152960737	[[0.6835475671566018, -0.6835475671566017, 0.0], [-0.7071067811865475, -0.7071067811865476, 0.0], [0.0, 0.0, -0.9666822400000001]]
2	[[-0.8305561570912853, 0.32773595720904825, 0.4502950280316503], [-0.5100865793185324, -0.772219296347621, -0.37879947194723407], [0.22358030216652452, -0.5443036842615101, 0.808545204538665]]	0.197636658537074	0.8023633414629259	[[-0.16414834361491476, 0.0647726394652458, 0.08899480469603342], [-0.10081180710112089, -0.1526188413879944, -0.07486466189125944], [0.044187663834901206, -0.10757436138686341, 0.15979817250119682]]	0.5431261050289145	0.6331010919868569	[[-0.4151815657687258, 0.17271912036429804, 0.43076292788677484], [-0.3497450093136201, -0.5974456994959129, -0.06519486799678423], [0.3491591808028079, -0.2600315939822126, 0.28983421800062903]]	[[0.035915164840047226, -0.005282833552575295, 0.1861959431980588], [-0.07270367226082322, -0.1780332408424605, 0.14054101378892653], [0.22772688212591571, 0.03559394600362942, -0.14930778968026298]]	0.6807141506846826	[[-0.6835475671566018, 0.6835475671566017, 0.0], [-0.7071067811865475, -0.7071067811865476, 0.0], [0.0, 0.0, 0.9666822400000001]]
2	[[0.22433838825039393, -0.7661379269479729, -0.6022499185961573], [-0.9416906372873723, -0.011392912655017143, -0.3362869982418849], [0.2507808429735371, 0.642575192824231, -0.724020780340167]]	0.15061464760303536	0.8493853523969647	[[0.03378864729016599, -0.11539159388258902, -0.09070765925831697], [-0.1418324034861154, -0.0017159395247075826, -0.05064974773368407], [0.037771268290051424, 0.09678123622567406, -0.10904813468820895]]	0.4237308614469756	0.8484930587594461	[[0.16929207657163195, -0.32784330666160394, 0.11945597958321438], [-0.4861092201676487, -0.28309377313370004, -0.14249517945845142], [0.3010256410565555, 0.03642163072951355, -0.33433123235921197]]	[[0.07423297806266647, -0.003207022888739322, 0.37464785639633497], [-0.08708583521331893, -0.2782662444399995, 0.0], [0.19476205842897987, -0.23585730927035428, -0.02754128340016157]]	0.9518682368972827	[[0.6835475671566018, -0.6835475671566017, 0.0], [-0.7071067811865475, -0.7071067811865476, 0.0], [0.0, 0.0, -0.9666822400000001]]
2	[[-0.3195682178843842, -0.5708200961323295, -0.7563336379995778], [0.910087742671785, 0.03735879733279218, -0.41272826520656647], [0.2638493031197415, -0.8202248094963509, 0.507557688474819]]	0.12294327578237066	0.877056724217629	[[-0.03928876354264056, -0.0701784925009163, -0.09298613504006581], [0.11188916833345249, 0.004593012923383155, -0.05074216493247032], [0.032438497638436675, -0.1008411249574523, 0.062400804869622246]]	0.38168331299190206	1.0843547137349958	[[-0.2025088898867834, -0.2984075391718971, 0.1951420943610801], [0.5450207091068956, -0.08024485960281527, -0.15753149162944266], [0.27259733448036494, -0.041461119883880834, 0.07983256308519038]]	[[-0.08053503375775366, -0.08053503375775364, 0.4838220230399769], [0.19765540437060727, -0.09450408913818852, 0.0], [0.17189045833501743, 0.2716050028028381, -0.11389373698639026]]	0.9939143686375161	[[1.9302078927717588e-16, -0.9666822400000001, 0.0], [1.0, 1.7938038903913487e-16, 0.0], [0.0, 0.0, 0.9666822400000001]]
2	[[-0.30792515101507295, 0.09349718223056193, 0.9468053539599837], [0.3027085282091916, -0.9338174967034747, 0.1906631317268273], [0.9019698710720718, 0.34531602882779927, 0.2592434992682147]]	0.6224841836370297	0.3775158163629704	[[-0.1916785362509268, 0.05820051715315396, 0.5893713578229494], [0.18843127106226543, -0.5812866221014372, 0.11868478390265357], [0.5614619788594956, 0.21495376630165364, 0.16137497800518152]]	0.8167453681270729	0.27038890653170566	[[-0.12816953625720845, 0.15053488051656927, 0.7822239226635124], [0.29175592083406826, -0.8146480669652528, 0.15572322971048816], [0.7277546790895058, 0.2820352670851398, 0.12816953625720845]]	[[0.12332690456418181, 0.07417148999682495, 0.008925035298782025], [0.04452013252664763, -0.051956951856671575, 0.0], [-0.008925035298782025, 0.0, -0.08356639098716014]]	0.4688834775055343	[[0.0, 0.0, 0.9832000000000001], [0.0, -1.0, 0.0], [0.9832000000000001, 0.0, 0.0]]
2	[[0.8787972042104137, -0.3840163418041313, 0.28327887866788265], [-0.395223040501579, -0.9183905790867732, -0.018907472103605397], [0.2674214316928388, -0.09534250611366366, -0.9588511794847616]]	0.6401776830146649	0.35982231698533507	[[0.5625863580311882, -0.2458386919359364, 0.18134881619259755], [-0.25301297034231196, -0.5879331530222669, -0.012104141682950516], [0.17119723252958602, -0.06103614465665673, -0.6138351264384334]]	0.8431801732308083	0.290464944141305	[[0.6175537016312791, -0.26935233631002303, 0.2456275219358943], [-0.3456790058060454, -0.8499645469694371, -0.015942405603674673], [0.21871206115231864, -0.08039091082117832, -0.7224967365651978]]	[[-0.12343067724960761, 0.05444262929584563, 0.006772387948079895], [-0.012434774051117245, -0.0755958194015096, 0.0], [-0.006772387948079895, 0.0, 0.08598756705532844]]	0.47469069421522236	[[0.6835475671566018, -0.6835475671566017, 0.0], [-0.7071067811865475, -0.7071067811865476, 0.0], [0.0, 0.0, -0.9666822400000001]]
2	[[0.3802729664721569, 0.7767473726770865, -0.5020517802076895], [0.4287143634067757, 0.332951791095048, 0.839849450446521], [0.8195098935212374, -0.5346088512602871, -0.20639019011321075]]	0.1290376293579754	0.8709623706420253	[[0.04906952210249197, 0.10022963958028704, -0.06478357153295154], [0.055320285125723886, 0.0429633098133968, 0.10837218210321749], [0.10574761389538732, -0.06898465880041793, -0.02663210085495056]]	0.4288160093414386	0.9434206211828904	[[0.14191284627502856, 0.3229831926843671, 0.1401717751517366], [0.2865817686652935, -0.26111301473939946, 0.32781092208177015], [0.6248659378554473, 0.0, -0.05858673434072388]]	[[-0.021154289667992494, -0.010098515933468326, 0.35545961602316306], [0.10274218620184467, -0.40388807309986235, -0.032329967706307305], [0.27344697569984283, 0.2292488341560471, 0.029916683350844006]]	1.0000000000000007	[[0.0, 0.0, 0.0], [0.0, 0.0, 0.0], [0.0, 0.0, 0.0]]
2	[[0.8592155572171323, 0.2624339665249735, -0.4391776855101157], [-0.4266000482917053, 0.8413623931712975, -0.33184593135155627], [0.2824199444684594, 0.4724804086637203, 0.8348660002631537]]	0.17774363284370076	0.8222563671562992	[[0.1527200945355977, 0.04664596659173097, -0.07806103728645628], [-0.07582544235466587, 0.14954680830033656, -0.058983501382826944], [0.050198346917340236, 0.083980384283366, 0.148392115824463]]	0.0	0.6888090311680697	[[0.6952273872626135, 0.6952273872626135, 0.0], [-0.7071067811865474, 0.7071067811865475, 0.0], [0.0, 0.0, 0.9831999999999996]]	[[0.6952273872626135, 0.6952273872626135, 0.0], [-0.7071067811865474, 0.7071067811865475, 0.0], [0.0, 0.0, 0.9831999999999997]]	0.6888090311680694	[[0.6952273872626136, 0.6952273872626136, 0.0], [-0.7071067811865475, 0.7071067811865476, 0.0], [0.0, 0.0, 0.9832000000000001]]
2	[[-0.5446221603179724, 0.8109226453022452, -0.2139887049042392], [-0.8354447797583356, -0.5021691245819775, 0.22328947644507607], [0.07361197229480154, 0.30038414347728, 0.9509735242804028]]	0.251893187436766	0.7481068125632343	[[-0.13718661191119141, 0.20426588988983654, -0.053902296953794324], [-0.2104428485007342, -0.1264929814232848, 0.05624509794283689], [0.018542354334844455, 0.0756647193559549, 0.23954375219896543]]	0.6099086699533101	0.5845148795022796	[[-0.2587759897279437, 0.5475329030212066, 0.14302923367358458], [-0.6149960868067447, -0.5157008525020006, 0.13618618759318735], [0.19422667824816273, 0.008047203828851154, 0.5051326609764347]]	[[0.07339378769868929, 0.052944150989894447, 0.2735428000667605], [-0.10545107236490196, -0.20942354963658863, 0.0], [0.1493300981332004, -0.17515968959444095, -0.07487433637823765]]	0.3897141598808246	[[-0.6835475671566018, 0.6835475671566017, 0.0], [-0.7071067811865475, -0.7071067811865476, 0.0], [0.0, 0.0, 0.9666822400000001]]
2	[[0.08740825448676931, -0.06334395238859675, -0.994156597696443], [0.7119981850616444, -0.6940087028176986, 0.10681996481098455], [-0.6967197295301035, -0.717174639895393, -0.015561310176609944]]	0.16862743612953449	0.8313725638704657	[[0.014739429850661758, -0.010681528285600358, -0.1676420781808122], [0.12006242847582685, -0.11702890820773258, 0.018012776793523415], [-0.11748606169152409, -0.12093532078268228, -0.002624063837898153]]	0.46817513162002655	1.0285588719945336	[[0.06508247574976561, -0.015939503522563944, 0.000728521998996947], [0.6347910623929425, -0.6371723273446196, 0.039206957916016937], [0.010828346370205818, -0.013517536927282203, 0.026882129296033938]]	[[0.024160104700745567, 0.013716559724300005, 0.466167917976447], [0.30145121838848715, -0.31225471155749956, -0.010803493169012352], [0.33701519744523134, 0.32224579450028856, 0.03416754773614835]]	0.7944578920782557	[[0.0, 0.0, -0.9666822400000001], [0.0, -1.0, 0.0], [-0.9666822400000001, 0.0, 0.0]]
