2	[[0.8489524140446696, -0.5135124485683378, 0.12483895166604869], [0.522794976890395, 0.7815435453534784, -0.34040431673891397], [0.0772347773085365, 0.35425224329800037, 0.9319550081910795]]	0.22300407801311886	0.7769959219868809	[[0.1893198503710431, -0.11451537014124129, 0.02783959531641153], [0.11658541181133232, 0.17428739775865654, -0.07591155080604718], [0.017223670304238742, 0.07899969490074964, 0.20782976735136033]]	0.0	0.42884254751921863	[[0.7028641404994282, -0.7028641404994281, 0.0], [0.7071067811865475, 0.7071067811865476, 0.0], [0.0, 0.0, 0.994]]	[[0.7028641404994282, -0.7028641404994281, 0.0], [0.7071067811865475, 0.7071067811865476, 0.0], [0.0, 0.0, 0.994]]	0.42884254751921863	[[0.7028641404994282, -0.7028641404994281, 0.0], [0.7071067811865475, 0.7071067811865476, 0.0], [0.0, 0.0, 0.994]]
2	[[0.034229894132735264, 0.2773841392786001, 0.9601491309293217], [-0.1827544195208179, -0.9427759796974285, 0.2788803941677556], [0.9825625356654255, -0.18501754344446375, 0.018422055382213542]]	0.8286890198719454	0.1713109801280547	[[0.02836593741917684, 0.22986519050680634, 0.79566504224072], [-0.1514465807899729, -0.7812681025742751, 0.2311051205043792], [0.8142387846434748, -0.15332200673610777, 0.015266155018713236]]	0.9283621135049466	0.125249750491624	[[2.7929402305010943e-05, 0.25580448871065137, 0.8843644496591618], [-0.1738431369581631, -0.8207510984747105, 0.2589019921446702], [0.9191754590714549, -0.17176327766759567, -2.7929402305010943e-05]]	[[-0.03174980745981168, -0.0017084370827802993, -0.0070016268103211265], [-0.004180857799446934, 0.05448640259889102, 0.0], [0.0070016268103211265, 0.0, -0.017130267672041948]]	0.3409001598392509	[[0.0, 0.0, 0.994], [0.0, -1.0, 0.0], [0.994, 0.0, 0.0]]
2	[[0.5319609947059123, -0.8460851799387872, 0.03402011756955908], [-0.703274286200726, -0.4190807785627857, 0.5742617690636116], [-0.47161719485230363, -0.3294103357928521, -0.8179645788128509]]	0.16107435429471836	0.8389256457052816	[[0.08568527373223093, -0.13628262403697078, 0.005479768470547125], [-0.1132794515418609, -0.06750316580432858, 0.09249884364806392], [-0.07596543513512125, -0.053059557135840006, -0.1317531163682312]]	0.47997375378429746	0.8088413287806019	[[0.28842475256954314, -0.5647349732438236, 0.2409236506920517], [-0.3718527109070372, -0.46196046164727084, 0.0137774460798427], [0.17364734292044195, -0.15810831540584117, -0.3724217842112235]]	[[0.033097437073717595, -0.15863629340734114, 0.2245948871580073], [-0.034299511819302374, -0.26081268722164463, -0.2618531308724303], [0.4000112182829225, 0.0, 0.020179745144172333]]	0.6474760082682718	[[0.6986469556564318, -0.6986469556564316, 0.0], [-0.7071067811865475, -0.7071067811865476, 0.0], [0.0, 0.0, -0.988036]]
2	[[0.3802729664721569, 0.7767473726770865, -0.5020517802076895], [0.4287143634067757, 0.332951791095048, 0.839849450446521], [0.8195098935212374, -0.5346088512602871, -0.20639019011321075]]	0.12997694597981513	0.8700230540201855	[[0.04942671882073559, 0.10095925129841302, -0.06525515711512489], [0.05572298365329334, 0.04327605696504376, 0.1091610666518649], [0.10651739316013395, -0.06948682578058937, -0.02682596659110857]]	0.4329564371944332	0.9407630503511288	[[0.1400341549288899, 0.3254683740150884, 0.14540751021454373], [0.2890504524197438, -0.2568067272579791, 0.3277522504599484], [0.6363897363076764, 0.0, -0.05455773820489543]]	[[-0.02460747379625334, -0.010829401059319635, 0.3627740602603876], [0.10343580906506677, -0.40096034848799633, -0.03586597538508006], [0.28157765256313205, 0.23146234353426262, 0.03480022317840202]]	1.0000000000000007	[[0.0, 0.0, 0.0], [0.0, 0.0, 0.0], [0.0, 0.0, 0.0]]
2	[[0.04673222253661188, -0.9725397674033924, -0.22799671093185395], [-0.8377629715199755, -0.16246744520517667, 0.5213036857710898], [-0.5440306084466285, 0.16664552219444034, -0.8223502702654952]]	0.185850812013987	0.814149187986013	[[0.008685221505647676, -0.18074730548781456, -0.04237337386320331], [-0.1556989285322381, -0.030194706617220034, 0.09688471330644136], [-0.10110853034026943, 0.030971205618331634, -0.15283446548876395]]	0.4865283994293262	0.9020805457084938	[[-0.08063613279321338, -0.6095078822908111, 0.12162767616189175], [-0.3029591749944702, -0.20583971359230652, 0.00705073623928041], [0.0909297300027448, 0.08107777918532531, -0.5462878156019058]]	[[-0.1033726862257262, -0.13633966587466936, 0.2325545510067174], [0.10463630264029965, -0.12679468751726014, -0.2465783116155363], [0.3556160711708455, 0.0, -0.1461910548393604]]	0.8673808729358082	[[0.6986469556564318, -0.6986469556564316, 0.0], [-0.7071067811865475, -0.7071067811865476, 0.0], [0.0, 0.0, -0.988036]]
2	[[-0.30792515101507295, 0.09349718223056193, 0.9468053539599837], [0.3027085282091916, -0.9338174967034747, 0.1906631317268273], [0.9019698710720718, 0.34531602882779927, 0.2592434992682147]]	0.6396093395746787	0.3603906604253214	[[-0.19695180247918403, 0.059801670978583084, 0.605585547152115], [0.19361520181150402, -0.5972783923497891, 0.12194991976503596], [0.5769083535526659, 0.2208673571430994, 0.16581456335597153]]	0.8251556343077129	0.26051017300858054	[[-0.13627050948289818, 0.15544450007362184, 0.7895829324912476], [0.2883897619155812, -0.8153781727261107, 0.1573267573991452], [0.7359443610124626, 0.28493946680402316, 0.13627050948289818]]	[[0.11781566382224268, 0.07829477336417871, 0.008321160078458747], [0.03860811431077149, -0.04483340390611443, 0.0], [-0.008321160078458747, 0.0, -0.07764572459591668]]	0.46715189981801725	[[0.0, 0.0, 0.994], [0.0, -1.0, 0.0], [0.994, 0.0, 0.0]]
2	[[0.08740825448676931, -0.06334395238859675, -0.994156597696443], [0.7119981850616444, -0.6940087028176986, 0.10681996481098455], [-0.6967197295301035, -0.717174639895393, -0.015561310176609944]]	0.17219353037531884	0.8278064696246815	[[0.015051135924021103, -0.01090741878971858, -0.17118733430326605], [0.12260148110658417, -0.11950380864937503, 0.018393706855370756], [-0.1199706299099258, -0.1234928331392357, -0.0026795569365758443]]	0.47322575963912034	1.0295330470352102	[[0.06616621593548391, -0.016167859761089906, 0.0010306278149380226], [0.6347043613208191, -0.6373186509276688, 0.03942258298504658], [0.011462965737509712, -0.013765039502281742, 0.027711846951919167]]	[[0.02480237830725295, 0.01380813022654807, 0.4714911389600806], [0.29776847933334744, -0.30889585534060315, -0.011127376007255678], [0.34116868899995545, 0.32562047425612817, 0.03507585978122536]]	0.787906617175308	[[0.0, 0.0, -0.988036], [0.0, -1.0, 0.0], [-0.988036, 0.0, 0.0]]
2	[[0.8592155572171323, 0.2624339665249735, -0.4391776855101157], [-0.4266000482917053, 0.8413623931712975, -0.33184593135155627], [0.2824199444684594, 0.4724804086637203, 0.8348660002631537]]	0.17991438458873352	0.8200856154112666	[[0.15458523820578607, 0.04721564558252092, -0.07901438301365685], [-0.07675148515392616, 0.15137319718351788, -0.05970385651739035], [0.0508114105046272, 0.08500602195496655, 0.15020440265140272]]	0.0	0.6892186072049016	[[0.7028641404994282, 0.7028641404994281, 0.0], [-0.7071067811865475, 0.7071067811865476, 0.0], [0.0, 0.0, 0.994]]	[[0.7028641404994282, 0.7028641404994281, 0.0], [-0.7071067811865475, 0.7071067811865476, 0.0], [0.0, 0.0, 0.994]]	0.6892186072049016	[[0.7028641404994282, 0.7028641404994281, 0.0], [-0.7071067811865475, 0.7071067811865476, 0.0], [0.0, 0.0, 0.994]]
2	[[-0.5446221603179724, 0.8109226453022452, -0.2139887049042392], [-0.8354447797583356, -0.5021691245819775, 0.22328947644507607], [0.07361197229480154, 0.30038414347728, 0.9509735242804028]]	0.25524963886419166	0.7447503611358085	[[-0.1390146097385983, 0.2069877123601931, -0.05462053964782313], [-0.21324697832428927, -0.12817848769829693, 0.0569945582247801], [0.018789429344328985, 0.07667294414310524, 0.24273564864198038]]	0.6134586367181415	0.585204997944798	[[-0.2591421140828444, 0.5521991019201326, 0.14471845043345052], [-0.6164962432302787, -0.5182402323297325, 0.13697885781350394], [0.19803125966500187, 0.006631535663602357, 0.5059807487003183]]	[[0.07496105391230809, 0.05473160144914801, 0.2759916696170858], [-0.10398542758644207, -0.2101802457617301, 0.0], [0.1528733594948993, -0.17764171148571645, -0.07740217305978406]]	0.38352962562858406	[[-0.6986469556564318, 0.6986469556564316, 0.0], [-0.7071067811865475, -0.7071067811865476, 0.0], [0.0, 0.0, 0.988036]]
2	[[0.8787972042104137, -0.3840163418041313, 0.28327887866788265], [-0.395223040501579, -0.9183905790867732, -0.018907472103605397], [0.2674214316928388, -0.09534250611366366, -0.9588511794847616]]	0.6578735654265101	0.3421264345734898	[[0.5781374500207539, -0.2526341999647293, 0.18636168591926375], [-0.2600067907934797, -0.6041848847179329, -0.012438726086001163], [0.17592949073922975, -0.06272331443369475, -0.6308028441610548]]	0.8510216346012343	0.27746409834176816	[[0.6291070117767366, -0.2752446323325885, 0.24784066349518408], [-0.3446078975526977, -0.8505937622958549, -0.016090667815787503], [0.22081721480340405, -0.08113853539982821, -0.7365318383573725]]	[[-0.11876842143340448, 0.05156158258314951, 0.006764209123237873], [-0.008264539592974298, -0.06902351047905535, 0.0], [-0.006764209123237873, 0.0, 0.07947125974707094]]	0.470432002610186	[[0.6986469556564318, -0.6986469556564316, 0.0], [-0.7071067811865475, -0.7071067811865476, 0.0], [0.0, 0.0, -0.988036]]
2	[[-0.8305561570912853, 0.32773595720904825, 0.4502950280316503], [-0.5100865793185324, -0.772219296347621, -0.37879947194723407], [0.22358030216652452, -0.5443036842615101, 0.808545204538665]]	0.20027483125834142	0.7997251687416586	[[-0.16633949421203362, 0.06563726352733312, 0.0901827607555089], [-0.10215750360016367, -0.15465608927045493, -0.07586400032498114], [0.04477750728908969, -0.10901032851876748, 0.16193125440372225]]	0.5481515049495765	0.6270752781511061	[[-0.42370292783364805, 0.1784458356785804, 0.4369656035509038], [-0.34887237686156575, -0.5960096131306314, -0.0666198350743899], [0.3555250863771727, -0.26243759645506054, 0.29576873661807623]]	[[0.031567679621076886, -0.0012031224916493923, 0.19013570626404297], [-0.06926765075353063, -0.17271644368657996, 0.14101966554759135], [0.2329692072675112, 0.035923287222485396, -0.14743653406955615]]	0.6816403372046757	[[-0.6986469556564318, 0.6986469556564316, 0.0], [-0.7071067811865475, -0.7071067811865476, 0.0], [0.0, 0.0, 0.988036]]
2	[[-0.42203838922340475, -0.825029846081567, 0.3757783270710803], [0.2588054115689476, 0.28760896992378115, 0.9221175843470338], [-0.8688517462515349, 0.4864224845687207, 0.09214016247897017]]	0.11168700788761338	0.8883129921123867	[[-0.04713620490607007, -0.09214511492682845, 0.041969556979581935], [0.02890520204325807, 0.032122185292425685, 0.10298855391627416], [-0.09703945183676191, 0.054327071870739214, 0.010290859053554695]]	0.3582092829679077	1.1553171627906114	[[-0.2398392598156335, -0.49375222133407626, 0.3184705493195222], [0.18244127881622801, 0.0066693401157631935, 0.03995722239514439], [0.19749571305682675, 0.17424104941682964, -0.09238039727237822]]	[[-0.08866119102698694, -0.19821887174207503, 0.18386326422451058], [0.08973477790990098, -0.096354862775773, -0.29035385630590577], [0.5087264740870037, 0.0, -0.12538585880651668]]	1.0000000000000002	[[0.0, 0.0, 0.0], [0.0, 0.0, 0.0], [0.0, 0.0, 0.0]]
2	[[0.22433838825039393, -0.7661379269479729, -0.6022499185961573], [-0.9416906372873723, -0.011392912655017143, -0.3362869982418849], [0.2507808429735371, 0.642575192824231, -0.724020780340167]]	0.1528042122950873	0.8471957877049129	[[0.03427985070415092, -0.1170691024366761, -0.09202632441586632], [-0.1438942960563557, -0.0017408850439966511, -0.05138606987143062], [0.038320369169269314, 0.09818819617987046, -0.11063342502515365]]	0.4282738047668167	0.8494408121142722	[[0.17085616288961217, -0.33221865154003993, 0.12232651321317459], [-0.49061207476099505, -0.28194472693523404, -0.14402291223066382], [0.3063755879348903, 0.03527440240463468, -0.3369513113126186]]	[[0.07477790779836065, -0.004101846589870159, 0.38025437727085654], [-0.08731064261664376, -0.2770654408850938, 0.0], [0.19897272215198394, -0.2399237202749696, -0.026872176986095647]]	0.9503117540375091	[[0.6986469556564318, -0.6986469556564316, 0.0], [-0.7071067811865475, -0.7071067811865476, 0.0], [0.0, 0.0, -0.988036]]
2	[[-0.3195682178843842, -0.5708200961323295, -0.7563336379995778], [0.910087742671785, 0.03735879733279218, -0.41272826520656647], [0.2638493031197415, -0.8202248094963509, 0.507557688474819]]	0.12465717215677175	0.8753428278432281	[[-0.03983647035264643, -0.07115681899411284, -0.09428241252007086], [0.11344896441600451, 0.004657042030683803, -0.0514495384098207], [0.03289070800244187, -0.10224690528464192, 0.06327070615169864]]	0.3857806052978817	1.1048878014043297	[[-0.040082106741194556, -0.3034124359903337, 0.19742788166544445], [0.5464509618775703, -0.24959626670366877, -0.15922255997493387], [0.27943679774322244, -0.040206196360374036, 0.07814176875957779]]	[[0.0832011137882085, -0.08320111378820849, 0.4892067303400705], [0.19535676163546614, -0.2640085661519143, 0.0], [0.1776488538782643, 0.2762206271274679, -0.11766414352383157]]	0.9999999999999999	[[0.0, 0.0, 0.0], [0.0, 0.0, 0.0], [0.0, 0.0, 0.0]]
