2	[[0.8787972042104137, -0.3840163418041313, 0.28327887866788265], [-0.395223040501579, -0.9183905790867732, -0.018907472103605397], [0.2674214316928388, -0.09534250611366366, -0.9588511794847616]]	0.5867499196406348	0.41325008035936517	[[0.515634188950875, -0.2253215576942646, 0.16621385929426927], [-0.23189708725442884, -0.5388655984778803, -0.011093957737398009], [0.15690950355595665, -0.05594220780052888, -0.5626058525100118]]	0.8159353551324295	0.33232241538209223	[[0.5803759649605347, -0.25105712651864465, 0.23790921944204876], [-0.34814217125746205, -0.8459620263414419, -0.015427274965511774], [0.21142663386366567, -0.07779332158506799, -0.6753638928226421]]	[[-0.13666574394627554, 0.06227538370796567, 0.006771966974653483], [-0.02566571934928759, -0.09661468304399805, 0.0], [-0.006771966974653483, 0.0, 0.10699668482940589]]	0.4924333300255108	[[0.6352115860723203, -0.6352115860723202, 0.0], [-0.7071067811865475, -0.7071067811865476, 0.0], [0.0, 0.0, -0.8983248399999999]]
2	[[-0.8305561570912853, 0.32773595720904825, 0.4502950280316503], [-0.5100865793185324, -0.772219296347621, -0.37879947194723407], [0.22358030216652452, -0.5443036842615101, 0.808545204538665]]	0.1889202440499307	0.8110797559500691	[[-0.15690887189485822, 0.06191595701987102, 0.0850698465902098], [-0.09636568105145149, -0.14588785792605846, -0.07156288868625635], [0.042238845250057076, -0.10282998486796092, 0.15275055736684573]]	0.5261942356249204	0.652983995238027	[[-0.3881286256412967, 0.1547235054542846, 0.41052139233662255], [-0.35264415484418216, -0.60205614286494, -0.060385091408744915], [0.3286397700322399, -0.25192515065449805, 0.27089103368580114]]	[[0.04890523658292363, -0.01772926603613221, 0.1735787442558062], [-0.08423953713713658, -0.19571880048848958, 0.13893700718765345], [0.21099310383293673, 0.034484310433315304, -0.15456079218461657]]	0.681598253208811	[[-0.6352115860723203, 0.6352115860723202, 0.0], [-0.7071067811865475, -0.7071067811865476, 0.0], [0.0, 0.0, 0.8983248399999999]]
2	[[0.034229894132735264, 0.2773841392786001, 0.9601491309293217], [-0.1827544195208179, -0.9427759796974285, 0.2788803941677556], [0.9825625356654255, -0.18501754344446375, 0.018422055382213542]]	0.7997972403419101	0.2002027596580899	[[0.027376974864557403, 0.22185106910964042, 0.7679246252339548], [-0.14616648039303787, -0.7540296268226442, 0.2230477696408351], [0.7858508044885572, -0.1479765206617216, 0.01473390905612022]]	0.889531687842961	0.16319727881673446	[[0.0, 0.2228500910781985, 0.8253165173631727], [-0.18320651992737086, -0.8213581953231219, 0.2480729477303539], [0.8494532069608433, -0.16457896770071223, 0.0]]	[[-0.03044857550257786, -0.0238918905151616, -0.028766559653338953], [-0.020640672670257126, 0.017270913154933024, 0.0], [-0.024567303800882175, 0.0, -0.016387002017676913]]	0.36105583755591586	[[0.0, 0.0, 0.9478], [0.0, -1.0, 0.0], [0.9478, 0.0, 0.0]]
2	[[0.08740825448676931, -0.06334395238859675, -0.994156597696443], [0.7119981850616444, -0.6940087028176986, 0.10681996481098455], [-0.6967197295301035, -0.717174639895393, -0.015561310176609944]]	0.15716739538214186	0.8428326046178581	[[0.013737727692584939, -0.009955604010126164, -0.15624900306192177], [0.11190290026295083, -0.10907554019439664, 0.016788615644154486], [-0.1095016252015967, -0.11271647018648444, -0.002445730589191397]]	0.45121944608886205	1.0254998180087673	[[0.06156053445878339, -0.01519007134059687, -0.00019599843702118938], [0.635082130376683, -0.6366810980062877, 0.03848307351010111], [0.008855674929960679, -0.012717628248930853, 0.02426116391450231]]	[[0.02212023028566903, 0.013391951769265022, 0.4483867909011555], [0.31381470369689274, -0.32353087554003584, -0.009716171843143075], [0.3232291653677158, 0.31088551551364746, 0.03128272967280923]]	0.8163162334347329	[[0.0, 0.0, -0.8983248399999999], [0.0, -1.0, 0.0], [-0.8983248399999999, 0.0, 0.0]]
2	[[-0.5446221603179724, 0.8109226453022452, -0.2139887049042392], [-0.8354447797583356, -0.5021691245819775, 0.22328947644507607], [0.07361197229480154, 0.30038414347728, 0.9509735242804028]]	0.24081751152185948	0.7591824884781405	[[-0.13115455336743326, 0.1952843734784102, -0.05153222740882438], [-0.2011897328753303, -0.1209311189449424, 0.05377201606652207], [0.0177270519862502, 0.07233776193282376, 0.22901107764037926]]	0.5977301447467487	0.5805428373408431	[[-0.36423157448211557, 0.5319858128819732, 0.13750106094653494], [-0.6098496462826286, -0.38780437312986915, 0.13346685107594106], [0.1820076227756663, 0.012448242455612926, 0.5015715621491186]]	[[-0.03869449176296715, 0.047272902727045804, 0.2654085605031151], [-0.11047911714976305, -0.08764274960613572, 0.0], [0.1380075279208009, -0.16710041510468976, -0.06685398016933225]]	0.41362507706812673	[[-0.6352115860723203, 0.6352115860723202, 0.0], [-0.7071067811865475, -0.7071067811865476, 0.0], [0.0, 0.0, 0.8983248399999999]]
2	[[0.5319609947059123, -0.8460851799387872, 0.03402011756955908], [-0.703274286200726, -0.4190807785627857, 0.5742617690636116], [-0.47161719485230363, -0.3294103357928521, -0.8179645788128509]]	0.1526102779949659	0.8473897220050343	[[0.08118271528454786, -0.12912129451787907, 0.005191819599711836], [-0.10732688432380405, -0.06395603411881344, 0.08763824821867867], [-0.07197363121361605, -0.05027140291976223, -0.12482980176266434]]	0.4631471995631614	0.8143860300583781	[[0.2172862322144353, -0.5197732925778054, 0.22925368872873467], [-0.3831918520325591, -0.3993752325346097, 0.001341669802662697], [0.14198169274804046, -0.1525654745296201, -0.3392586549236227]]	[[-0.029090012760441715, -0.1279113108972626, 0.21349736654758383], [-0.0574723358539116, -0.20527914355250615, -0.2646260603553359], [0.36040987580971867, 0.0, 0.039579349095410034]]	0.679579291287529	[[0.6352115860723203, -0.6352115860723202, 0.0], [-0.7071067811865475, -0.7071067811865476, 0.0], [0.0, 0.0, -0.8983248399999999]]
2	[[0.8489524140446696, -0.5135124485683378, 0.12483895166604869], [0.522794976890395, 0.7815435453534784, -0.34040431673891397], [0.0772347773085365, 0.35425224329800037, 0.9319550081910795]]	0.2139663906140292	0.7860336093859708	[[0.18164728383620488, -0.10987440515553953, 0.026711339896023673], [0.11186055423638262, 0.1672240515069757, -0.07283508300206018], [0.016525646530585886, 0.07579807386539605, 0.19940704931731326]]	0.0	0.44426787158264075	[[0.6701958072086097, -0.6701958072086096, 0.0], [0.7071067811865474, 0.7071067811865474, 0.0], [0.0, 0.0, 0.9477999999999998]]	[[0.6701958072086096, -0.6701958072086096, 0.0], [0.7071067811865474, 0.7071067811865475, 0.0], [0.0, 0.0, 0.9477999999999998]]	0.4442678715826408	[[0.6701958072086097, -0.6701958072086097, 0.0], [0.7071067811865475, 0.7071067811865476, 0.0], [0.0, 0.0, 0.9478]]
2	[[-0.42203838922340475, -0.825029846081567, 0.3757783270710803], [0.2588054115689476, 0.28760896992378115, 0.9221175843470338], [-0.8688517462515349, 0.4864224845687207, 0.09214016247897017]]	0.10769467848328834	0.8923053215167117	[[-0.045451288635019474, -0.08885132401287126, 0.040469326114907944], [0.02787196558865295, 0.030973955544851495, 0.09930715677004033], [-0.09357070946220272, 0.052385113082670666, 0.00992300517357065]]	0.34412409227881846	1.1813807448006262	[[-0.059482188259071214, -0.45952717286957745, 0.2923886711488225], [0.18451817186435088, -0.1780153630796375, 0.026374765620194866], [0.1689260235639099, 0.16738969596621858, -0.08956312802040114]]	[[0.08575138933924757, -0.17561452598382496, 0.16307429544743401], [0.09545699453134077, -0.2769885387859047, -0.29094811106756496], [0.4679188420675856, 0.0, -0.12127077779589955]]	1.0000000000000002	[[0.0, 0.0, 0.0], [0.0, 0.0, 0.0], [0.0, 0.0, 0.0]]
2	[[0.22433838825039393, -0.7661379269479729, -0.6022499185961573], [-0.9416906372873723, -0.011392912655017143, -0.3362869982418849], [0.2507808429735371, 0.642575192824231, -0.724020780340167]]	0.14331596726013626	0.8566840327398637	[[0.032151273105685184, -0.10979979805522434, -0.08631202961594664], [-0.1349593045426539, -0.0016327862970640233, -0.04819529643004347], [0.03594089908106478, 0.09209128529697325, -0.10376373845088967]]	0.4084751662379908	0.8688186321055332	[[0.01931013010465002, -0.3134127800127978, 0.11030116264755682], [-0.47098814723978505, -0.12592705696737352, -0.13736488751052886], [0.283707126181437, 0.03980528632587105, -0.32523867544957935]]	[[-0.07232653032949259, -0.000464462941494978, 0.3563052982629386], [-0.08633090762906612, -0.12127333507668049, 0.0], [0.181269379658518, -0.22267072238341573, -0.029494166840369873]]	0.9587143643355525	[[0.6352115860723203, -0.6352115860723202, 0.0], [-0.7071067811865475, -0.7071067811865476, 0.0], [0.0, 0.0, -0.8983248399999999]]
2	[[-0.30792515101507295, 0.09349718223056193, 0.9468053539599837], [0.3027085282091916, -0.9338174967034747, 0.1906631317268273], [0.9019698710720718, 0.34531602882779927, 0.2592434992682147]]	0.5696432916980024	0.43035670830199774	[[-0.17540749662083063, 0.053260042650305275, 0.5393413184270573], [0.1724358824341415, -0.5319428726673557, 0.10860997396231976], [0.5138010863699178, 0.19670695933754986, 0.14767632027445451]]	0.7887627515526972	0.3039415557898462	[[-0.10255088043423544, 0.1350972548379089, 0.7575531345611225], [0.3032003668666954, -0.8121175564843819, 0.15038797640050666], [0.7006918989376181, 0.27237242105346543, 0.10255088043423544]]	[[0.14032900895269326, 0.061350160119306954, 0.010748338386820669], [0.06443515523794621, -0.07555709833649778, 0.0], [-0.010748338386820669, 0.0, -0.10193073537071123]]	0.47579519722688285	[[0.0, 0.0, 0.9478], [0.0, -1.0, 0.0], [0.9478, 0.0, 0.0]]
2	[[0.8592155572171323, 0.2624339665249735, -0.4391776855101157], [-0.4266000482917053, 0.8413623931712975, -0.33184593135155627], [0.2824199444684594, 0.4724804086637203, 0.8348660002631537]]	0.170514723546839	0.8294852764531612	[[0.14650890320602253, 0.04474885525130628, -0.074886261632698], [-0.07274158929952829, 0.14346467587431078, -0.05658461724455392], [0.048156758755152976, 0.08056486626459178, 0.14235694523352688]]	0.0	0.688477785637909	[[0.6701958072086096, 0.6701958072086096, 0.0], [-0.7071067811865474, 0.7071067811865472, 0.0], [0.0, 0.0, 0.9477999999999998]]	[[0.6701958072086095, 0.6701958072086095, 0.0], [-0.7071067811865472, 0.7071067811865474, 0.0], [0.0, 0.0, 0.9477999999999996]]	0.6884777856379091	[[0.6701958072086097, 0.6701958072086097, 0.0], [-0.7071067811865475, 0.7071067811865476, 0.0], [0.0, 0.0, 0.9478]]
2	[[0.3802729664721569, 0.7767473726770865, -0.5020517802076895], [0.4287143634067757, 0.332951791095048, 0.839849450446521], [0.8195098935212374, -0.5346088512602871, -0.20639019011321075]]	0.1257111385175675	0.874288861482433	[[0.04780454756266763, 0.09764579655976585, -0.06311350088468018], [0.053894170722699974, 0.04185574873002178, 0.10557843059898554], [0.1030215217409653, -0.0672062873534996, -0.02594554577798895]]	0.4148478119773473	0.8665273188015691	[[0.026167860751020445, 0.3144051412047073, 0.1236976469828682], [0.27825338736364896, -0.1408479094276106, 0.32800885737309177], [0.5876709104108596, 0.0, -0.07077158314144094]]	[[-0.13158754734408903, -0.007826806809535184, 0.33197272950136025], [0.10040217174108668, -0.27897223145733013, -0.02040084953502506], [0.24769902418978534, 0.22178131220905323, 0.014848935640613292]]	1.0000000000000007	[[0.0, 0.0, 0.0], [0.0, 0.0, 0.0], [0.0, 0.0, 0.0]]
2	[[-0.3195682178843842, -0.5708200961323295, -0.7563336379995778], [0.910087742671785, 0.03735879733279218, -0.41272826520656647], [0.2638493031197415, -0.8202248094963509, 0.507557688474819]]	0.11726793124515689	0.882732068754843	[[-0.03747510380300327, -0.06693889178659983, -0.08869368105933381], [0.10672410683469488, 0.004380988877023605, -0.048399789827176506], [0.030941061937328415, -0.09618606656558998, 0.059520240115015825]]	0.36792496304841793	1.074204827133193	[[-0.1897089698478512, -0.28215080786807223, 0.18752484701715577], [0.5402180451383382, -0.07710777499361718, -0.1518530317251636], [0.250824105074848, -0.045156730580519534, 0.08473331016994007]]	[[-0.07213184509129046, -0.07213184509129045, 0.46579887283042587], [0.20537404604500367, -0.0908530091218181, 0.0], [0.15374735997416625, 0.256624452144821, -0.10200983360709813]]	0.9726298197079931	[[1.7937163058265421e-16, -0.8983248399999999, 0.0], [1.0, 1.7938038903913487e-16, 0.0], [0.0, 0.0, 0.8983248399999999]]
2	[[0.04673222253661188, -0.9725397674033924, -0.22799671093185395], [-0.8377629715199755, -0.16246744520517667, 0.5213036857710898], [-0.5440306084466285, 0.16664552219444034, -0.8223502702654952]]	0.17830203920085397	0.8216979607991458	[[0.008332450574666014, -0.17340582373194913, -0.04065227849023715], [-0.14937484618897862, -0.02896827678383598, 0.0929495102159065], [-0.09700176687371523, 0.029713236430959876, -0.14662673012571117]]	0.4684857056607755	0.885277831065719	[[0.12640225542036027, -0.5705039814845135, 0.10440332937759889], [-0.3037591068910605, -0.40272645769490273, 0.0], [0.07382430218135287, 0.07382430218135286, -0.5031988949028101]]	[[0.1045088771681992, -0.11488300226936857, 0.21121652938684435], [0.08872086999794333, -0.32661278198105215, -0.24422332509203218], [0.32869486568053274, -0.0042467428791179524, -0.11793954823715015]]	0.8818161639797378	[[0.6352115860723203, -0.6352115860723202, 0.0], [-0.7071067811865475, -0.7071067811865476, 0.0], [0.0, 0.0, -0.8983248399999999]]
