2	[[0.8787972042104137, -0.3840163418041313, 0.28327887866788265], [-0.395223040501579, -0.9183905790867732, -0.018907472103605397], [0.2674214316928388, -0.09534250611366366, -0.9588511794847616]]	0.6443741800634265	0.3556258199365736	[[0.5662742279051168, -0.24745021538099363, 0.18253759517090373], [-0.2546715226653794, -0.5917871763770151, -0.01218348683383284], [0.17231946577846063, -0.06143624920218425, -0.6178589425833427]]	0.8451482887017439	0.28735453853104065	[[0.6203210298162691, -0.2707267113716245, 0.2461839127121885], [-0.3455099388436649, -0.8502529411891475, -0.01597961769203806], [0.21923951217669438, -0.08057855588249839, -0.7260143805601518]]	[[-0.12239292343803895, 0.053824042737640965, 0.0067712531806785655], [-0.011487862508255415, -0.07407671491415767, 0.0], [-0.0067712531806785655, 0.0, 0.08435705290104313]]	0.47361050247144837	[[0.6871675296122081, -0.687167529612208, 0.0], [-0.7071067811865475, -0.7071067811865476, 0.0], [0.0, 0.0, -0.97180164]]
2	[[0.04673222253661188, -0.9725397674033924, -0.22799671093185395], [-0.8377629715199755, -0.16246744520517667, 0.5213036857710898], [-0.5440306084466285, 0.16664552219444034, -0.8223502702654952]]	0.1845464042166158	0.815453595783384	[[0.008624263630182413, -0.17947871703195992, -0.0420759731756888], [-0.1546061439798386, -0.02998278281487541, 0.0962047207139232], [-0.10039889257260295, 0.0307538318997842, -0.15176178538405932]]	0.4835225359861269	0.8986532160654528	[[-0.07710470964264317, -0.6032217951325192, 0.11883020435565257], [-0.30242944841190106, -0.20412154819072878, 0.005018831156680554], [0.08747442111714211, 0.08057686550218818, -0.5386231009331532]]	[[-0.09970079239581377, -0.1329769004502728, 0.22907175222191847], [0.10264782813271094, -0.1255648770699346, -0.2470432490062718], [0.3505254805673316, 0.0, -0.14099821278550417]]	0.8696395032707999	[[0.6871675296122081, -0.687167529612208, 0.0], [-0.7071067811865475, -0.7071067811865476, 0.0], [0.0, 0.0, -0.97180164]]
2	[[-0.5446221603179724, 0.8109226453022452, -0.2139887049042392], [-0.8354447797583356, -0.5021691245819775, 0.22328947644507607], [0.07361197229480154, 0.30038414347728, 0.9509735242804028]]	0.25270222786339686	0.7472977721366031	[[-0.13762723325612772, 0.20492195909275648, -0.054075422466904256], [-0.2111187571017763, -0.12689925654607742, 0.0564257481561222], [0.018601909396315, 0.0759077422715469, 0.24031312822476394]]	0.6107701727068757	0.5835346816982007	[[-0.3860110001960787, 0.5486593934018477, 0.14343575517204457], [-0.6153601434234028, -0.38548627838425703, 0.13637855209198702], [0.1951393078799067, 0.007709482413625552, 0.5053468160071264]]	[[-0.05337202927867891, 0.053372029278678894, 0.2741336734237274], [-0.10509539100334642, -0.07877635543526204, 0.0], [0.15017931084811698, -0.1757561927763997, -0.07547944765728162]]	0.3881713758811845	[[-0.6871675296122081, 0.687167529612208, 0.0], [-0.7071067811865475, -0.7071067811865476, 0.0], [0.0, 0.0, 0.97180164]]
2	[[-0.3195682178843842, -0.5708200961323295, -0.7563336379995778], [0.910087742671785, 0.03735879733279218, -0.41272826520656647], [0.2638493031197415, -0.8202248094963509, 0.507557688474819]]	0.12335665987360936	0.8766433401263904	[[-0.03942086795997949, -0.07041446044761676, -0.09329879133368355], [0.1122653841279043, 0.00460845645586835, -0.05091278023131125], [0.032547568742830796, -0.10118019284493739, 0.06261062114342358]]	0.3826739746008837	1.0851539843062983	[[-0.20346293346107364, -0.2996104883361523, 0.19569400350845567], [0.5453665220011769, -0.08047074346964714, -0.15794036567672443], [0.27423546431812507, -0.04116445254570024, 0.07943387697645345]]	[[-0.08117249336713521, -0.0811724933671352, 0.4851232028861001], [0.1970996282774187, -0.09476698293129565, 0.0], [0.1732672027976203, 0.27271423537052103, -0.11479524101144271]]	0.9956718233733691	[[1.9404299759728067e-16, -0.97180164, 0.0], [1.0, 1.7938038903913487e-16, 0.0], [0.0, 0.0, 0.97180164]]
2	[[-0.8305561570912853, 0.32773595720904825, 0.4502950280316503], [-0.5100865793185324, -0.772219296347621, -0.37879947194723407], [0.22358030216652452, -0.5443036842615101, 0.808545204538665]]	0.1982727055289175	0.8017272944710824	[[-0.1646766163601897, 0.06498109493494754, 0.089281213494055], [-0.10113624613547621, -0.15311000914847978, -0.07510559615590336], [0.04432987141352969, -0.10792056410788727, 0.16031244524631308]]	0.544341863478102	0.6316482965943533	[[-0.41722144307486553, 0.1740876434993892, 0.4322549683850334], [-0.3495344111990284, -0.5971011062600257, -0.06553970719818018], [0.35068717803351473, -0.26061366065975283, 0.2912562269066311]]	[[0.03488504319941596, -0.004312758176563621, 0.1871405337113607], [-0.07187293207760775, -0.1767498154724129, 0.14065670324609827], [0.22898305971519164, 0.03567362112915404, -0.14886877643822893]]	0.6808830370255755	[[-0.6871675296122081, 0.687167529612208, 0.0], [-0.7071067811865475, -0.7071067811865476, 0.0], [0.0, 0.0, 0.97180164]]
2	[[-0.30792515101507295, 0.09349718223056193, 0.9468053539599837], [0.3027085282091916, -0.9338174967034747, 0.1906631317268273], [0.9019698710720718, 0.34531602882779927, 0.2592434992682147]]	0.6265617341230751	0.37343826587692497	[[-0.1929341166001139, 0.05858175663400205, 0.5932320044541792], [0.18966558036859485, -0.5850943100889981, 0.1194622224480972], [0.5651398065456839, 0.2163618098428397, 0.16243205646162676]]	0.8187753359658109	0.2679914838482741	[[-0.1301077149390589, 0.15170821615021593, 0.7840025718222075], [0.29094028645378806, -0.8148255965597848, 0.1561102697359267], [0.7297289841786814, 0.282736247517861, 0.1301077149390589]]	[[0.1220138040356305, 0.07515502935753096, 0.008781700039393318], [0.043090009569591047, -0.05023886196564468, 0.0], [-0.008781700039393318, 0.0, -0.08215446827122609]]	0.4684499804068348	[[0.0, 0.0, 0.9858], [0.0, -1.0, 0.0], [0.9858, 0.0, 0.0]]
2	[[0.3802729664721569, 0.7767473726770865, -0.5020517802076895], [0.4287143634067757, 0.332951791095048, 0.839849450446521], [0.8195098935212374, -0.5346088512602871, -0.20639019011321075]]	0.12926695143288522	0.8707330485671151	[[0.04915672708819552, 0.10040776489947012, -0.06489870308890097], [0.05541859879308399, 0.043039663008975715, 0.10856477812180577], [0.10593554560457868, -0.0691072564114541, -0.02667943068158836]]	0.4298179116517727	0.9427592942692653	[[0.1414711574556292, 0.3235870761030893, 0.14142328439662827], [0.2871791417013383, -0.26007097765294795, 0.3277967247003542], [0.6276326413084354, 0.0, -0.05763006460557407]]	[[-0.02197697485105788, -0.010272857501977178, 0.3572141321065521], [0.10291002932671889, -0.40317962118213874, -0.03318561219245839], [0.27539261029717066, 0.22978445999924976, 0.031080135894298477]]	1.0000000000000007	[[0.0, 0.0, 0.0], [0.0, 0.0, 0.0], [0.0, 0.0, 0.0]]
2	[[-0.42203838922340475, -0.825029846081567, 0.3757783270710803], [0.2588054115689476, 0.28760896992378115, 0.9221175843470338], [-0.8688517462515349, 0.4864224845687207, 0.09214016247897017]]	0.1109991597401251	0.8890008402598749	[[-0.04684590658187381, -0.09157761967557868, 0.04171107855343982], [0.028727183220350443, 0.0319243539952627, 0.10235427704411469], [-0.0964418137726607, 0.053992487065831964, 0.010227480613484281]]	0.35577334881243383	1.1925474935291707	[[-0.06198389538558739, -0.4876237434268448, 0.31376806978476723], [0.18280046278646045, -0.1737021385745535, 0.03760823251608108], [0.1922605042398331, 0.17305615627267817, -0.09190470236524703]]	[[0.08816611567582863, -0.19410011221619888, 0.18007615595155496], [0.09072439482179576, -0.2760257449528317, -0.29045662846589504], [0.5013747996252726, 0.0, -0.124685716530512]]	1.0000000000000002	[[0.0, 0.0, 0.0], [0.0, 0.0, 0.0], [0.0, 0.0, 0.0]]
2	[[0.8592155572171323, 0.2624339665249735, -0.4391776855101157], [-0.4266000482917053, 0.8413623931712975, -0.33184593135155627], [0.2824199444684594, 0.4724804086637203, 0.8348660002631537]]	0.17826771585413412	0.8217322841458659	[[0.15317039481143524, 0.04678350377494732, -0.07829120284999354], [-0.07604901619222562, 0.14998775203621517, -0.05915741619752972], [0.05034635841204367, 0.08422800323830926, 0.14882965491118938]]	0.0	0.6888943104684438	[[0.6970658648936986, 0.6970658648936985, 0.0], [-0.7071067811865475, 0.7071067811865476, 0.0], [0.0, 0.0, 0.9858]]	[[0.6970658648936986, 0.6970658648936985, 0.0], [-0.7071067811865475, 0.7071067811865476, 0.0], [0.0, 0.0, 0.9858]]	0.6888943104684438	[[0.6970658648936986, 0.6970658648936985, 0.0], [-0.7071067811865475, 0.7071067811865476, 0.0], [0.0, 0.0, 0.9858]]
2	[[0.034229894132735264, 0.2773841392786001, 0.9601491309293217], [-0.1827544195208179, -0.9427759796974285, 0.2788803941677556], [0.9825625356654255, -0.18501754344446375, 0.018422055382213542]]	0.8264521443513423	0.1735478556486577	[[0.028289369406918487, 0.22924471671585045, 0.7935173081536157], [-0.15103778190266473, -0.7791592300638774, 0.2304812997774892], [0.8120409145599833, -0.15290814552229468, 0.015224947173989563]]	0.9215862547997036	0.1261075378541942	[[0.0, 0.2497650115668141, 0.873782487214754], [-0.17545723110245498, -0.8208652391648906, 0.257012337998127], [0.9066111432486818, -0.17050962493522476, 0.0]]	[[-0.03154579993597784, -0.005868398491790299, -0.011077754407589789], [-0.007033270068170584, 0.04798414507958411, 0.0], [0.0010950158982820247, 0.0, -0.016977513025406902]]	0.34436363365108014	[[0.0, 0.0, 0.9858], [0.0, -1.0, 0.0], [0.9858, 0.0, 0.0]]
2	[[0.22433838825039393, -0.7661379269479729, -0.6022499185961573], [-0.9416906372873723, -0.011392912655017143, -0.3362869982418849], [0.2507808429735371, 0.642575192824231, -0.724020780340167]]	0.15114343218445125	0.8488565678155486	[[0.03390727397089251, -0.11579671580559699, -0.09102611972942959], [-0.14233035497557667, -0.0017219639212569943, -0.05082757111328501], [0.03790387733313032, 0.09712102008003985, -0.10943098571347754]]	0.42482928567067424	0.8487095541081616	[[0.16967124911444229, -0.3288977894310218, 0.12014372105846319], [-0.4871979514620769, -0.28281594880491484, -0.14286456524343522], [0.3023107556900301, 0.03615035495299789, -0.3349685644449165]]	[[0.07436573188551704, -0.0034199612005033075, 0.37599712377089045], [-0.08714019070052051, -0.2779759058599756, 0.0], [0.19577170930969287, -0.23683440520421595, -0.027383333522279174]]	0.9514691181625785	[[0.6871675296122081, -0.687167529612208, 0.0], [-0.7071067811865475, -0.7071067811865476, 0.0], [0.0, 0.0, -0.97180164]]
2	[[0.8489524140446696, -0.5135124485683378, 0.12483895166604869], [0.522794976890395, 0.7815435453534784, -0.34040431673891397], [0.0772347773085365, 0.35425224329800037, 0.9319550081910795]]	0.22146282974267084	0.7785371702573294	[[0.18801140393120405, -0.1137239199680318, 0.027647187498071657], [0.11577965495740108, 0.1730828451211005, -0.0753869032416203], [0.017104632337293507, 0.07845370424346426, 0.20639339330685047]]	0.0	0.43142113101014345	[[0.6970658648936986, -0.6970658648936985, 0.0], [0.7071067811865475, 0.7071067811865476, 0.0], [0.0, 0.0, 0.9858]]	[[0.6970658648936986, -0.6970658648936985, 0.0], [0.7071067811865475, 0.7071067811865476, 0.0], [0.0, 0.0, 0.9858]]	0.43142113101014345	[[0.6970658648936986, -0.6970658648936985, 0.0], [0.7071067811865475, 0.7071067811865476, 0.0], [0.0, 0.0, 0.9858]]
2	[[0.08740825448676931, -0.06334395238859675, -0.994156597696443], [0.7119981850616444, -0.6940087028176986, 0.10681996481098455], [-0.6967197295301035, -0.717174639895393, -0.015561310176609944]]	0.16948297937883103	0.8305170206211692	[[0.014814211392720766, -0.010735721776450203, -0.1684926221467151], [0.12067157371656781, -0.11762266266838133, 0.018104165893307548], [-0.1180821355527753, -0.12154889470441146, -0.0026373772117699867]]	0.4693962463413646	1.028791644377171	[[0.06534298076154654, -0.01599449024934551, 0.0008003946603573273], [0.6347701002561299, -0.6372077047037649, 0.039259090630025174], [0.010979724336051986, -0.013576972900238144, 0.027080590071195773]]	[[0.024313874206206204, 0.01373892323028797, 0.4674537698945699], [0.3005608247863296, -0.3114426246728973, -0.010881799886567626], [0.33801735012945344, 0.32306211103787924, 0.03438501065625018]]	0.7928754210759368	[[0.0, 0.0, -0.97180164], [0.0, -1.0, 0.0], [-0.97180164, 0.0, 0.0]]
2	[[0.5319609947059123, -0.8460851799387872, 0.03402011756955908], [-0.703274286200726, -0.4190807785627857, 0.5742617690636116], [-0.47161719485230363, -0.3294103357928521, -0.8179645788128509]]	0.15954588215400087	0.8404541178459991	[[0.08487218617187457, -0.13498940641076035, 0.0054277696686180765], [-0.11220451638812012, -0.06686261250958517, 0.09162110053257104], [-0.07524458139170608, -0.05255606261471624, -0.13050288029742207]]	0.4770743633126611	0.810646397868448	[[0.2861517422442072, -0.5566329561796783, 0.2388673585114342], [-0.3738065629734681, -0.4623360621748689, 0.011634632359837792], [0.167830529553697, -0.1571532262169848, -0.3664240468789703]]	[[0.03236678938771412, -0.15298740765210309, 0.2226372325821149], [-0.038292430650090505, -0.2624033665654536, -0.2623309354909871], [0.392827002515163, 0.0, 0.023805883770479472]]	0.6530668069856969	[[0.6871675296122081, -0.687167529612208, 0.0], [-0.7071067811865475, -0.7071067811865476, 0.0], [0.0, 0.0, -0.97180164]]
