2	[[-0.42203838922340475, -0.825029846081567, 0.3757783270710803], [0.2588054115689476, 0.28760896992378115, 0.9221175843470338], [-0.8688517462515349, 0.4864224845687207, 0.09214016247897017]]	0.10618953345832764	0.8938104665416723	[[-0.04481605965313744, -0.08760953444459746, 0.039903725235428844], [0.02748242591099703, 0.03054106233463659, 0.09791923607553162], [-0.09226296157890379, 0.05165297669999303, 0.009784320866416339]]	0.3388456827615225	1.1303897204185744	[[-0.227639314196941, -0.44740831727391256, 0.28326174957527706], [0.1852964852201019, 0.01523304392126075, 0.021284755077086676], [0.15921261252373842, 0.1648221588942443, -0.08846844551202712]]	[[-0.0846334280489633, -0.16785051577977012, 0.15593088577189415], [0.09760138883464498, -0.08222201386090111, -0.2911708073773898], [0.4536192757008808, 0.0, -0.1196897417769714]]	1.0000000000000002	[[0.0, 0.0, 0.0], [0.0, 0.0, 0.0], [0.0, 0.0, 0.0]]
2	[[0.5319609947059123, -0.8460851799387872, 0.03402011756955908], [-0.703274286200726, -0.4190807785627857, 0.5742617690636116], [-0.47161719485230363, -0.3294103357928521, -0.8179645788128509]]	0.14965439298642938	0.8503456070135709	[[0.07961029975517048, -0.1266203640185531, 0.005091260044199304], [-0.10524808640433404, -0.06271727952809386, 0.08594079646452789], [-0.0705795850175841, -0.04929770384653515, -0.12241199252663758]]	0.4561704848793975	0.8205727664497952	[[0.2149880902951807, -0.5004279359821313, 0.22469627403691209], [-0.38358823406420806, -0.3990986904769475, 0.0], [0.13108373007759008, -0.14736890292538232, -0.3272625120031963]]	[[-0.027676814596741935, -0.11446884920018244, 0.20917730050955222], [-0.06277526192481064, -0.20792640851632613, -0.2619612696414483], [0.34622157453082675, 0.0028983696775281703, 0.04586878652803409]]	0.6914462463646786	[[0.6131559356176183, -0.6131559356176182, 0.0], [-0.7071067811865475, -0.7071067811865476, 0.0], [0.0, 0.0, -0.86713344]]
2	[[-0.30792515101507295, 0.09349718223056193, 0.9468053539599837], [0.3027085282091916, -0.9338174967034747, 0.1906631317268273], [0.9019698710720718, 0.34531602882779927, 0.2592434992682147]]	0.5464614997005284	0.4535385002994718	[[-0.16826923981920847, 0.05109261041948647, 0.5173926736494624], [0.16541855629733454, -0.5102953096951739, 0.10419006090104145], [0.4928918084307366, 0.1887019149838701, 0.14166659139772148]]	0.7754120764732823	0.3200916716121179	[[-0.09103974580575061, 0.12819917116278143, 0.7456857716876227], [0.30879009688851533, -0.8108565874682361, 0.1478424948791981], [0.6878768644868429, 0.2677622189528716, 0.09103974580575061]]	[[0.14772913494119613, 0.055700326944980554, 0.011521466157490834], [0.074066248463655, -0.08676322330231237, 0.0], [-0.011521466157490834, 0.0, -0.10998079427401557]]	0.4796553822847766	[[0.0, 0.0, 0.9312], [0.0, -1.0, 0.0], [0.9312, 0.0, 0.0]]
2	[[0.8787972042104137, -0.3840163418041313, 0.28327887866788265], [-0.395223040501579, -0.9183905790867732, -0.018907472103605397], [0.2674214316928388, -0.09534250611366366, -0.9588511794847616]]	0.563868848979358	0.43613115102064215	[[0.49552636802440386, -0.2165348526423592, 0.1597321352546222], [-0.22285396093774756, -0.5178518387431447, -0.010661334532169296], [0.150790614881053, -0.05376066918111892, -0.5406663109185723]]	0.8028689440489033	0.3516228544077469	[[0.5632636841011246, -0.24274321162900372, 0.23419739818088725], [-0.34940592870654286, -0.8440355767381813, -0.015180222162455759], [0.20794277848582846, -0.07654753720645324, -0.6537513264016623]]	[[-0.1422952992764185, 0.06557158321280188, 0.006761583993446908], [-0.032093623515243204, -0.10668830228232302, 0.0], [-0.006761583993446908, 0.0, 0.1160805075713137]]	0.5024201296223394	[[0.6131559356176183, -0.6131559356176182, 0.0], [-0.7071067811865475, -0.7071067811865476, 0.0], [0.0, 0.0, -0.86713344]]
2	[[0.8489524140446696, -0.5135124485683378, 0.12483895166604869], [0.522794976890395, 0.7815435453534784, -0.34040431673891397], [0.0772347773085365, 0.35425224329800037, 0.9319550081910795]]	0.2105086909559906	0.7894913090440094	[[0.17871186136447156, -0.10809883333772627, 0.02627968429553809], [0.11005288622356442, 0.16452170865746446, -0.07165806711247717], [0.01625859186749748, 0.07457317600488515, 0.19618462880418364]]	0.0	0.45031992520279845	[[0.6584578346409129, -0.6584578346409129, 0.0], [0.7071067811865474, 0.7071067811865474, 0.0], [0.0, 0.0, 0.9311999999999997]]	[[0.658457834640913, -0.6584578346409129, 0.0], [0.7071067811865474, 0.7071067811865475, 0.0], [0.0, 0.0, 0.9311999999999997]]	0.4503199252027984	[[0.6584578346409131, -0.658457834640913, 0.0], [0.7071067811865475, 0.7071067811865476, 0.0], [0.0, 0.0, 0.9312]]
2	[[0.22433838825039393, -0.7661379269479729, -0.6022499185961573], [-0.9416906372873723, -0.011392912655017143, -0.3362869982418849], [0.2507808429735371, 0.642575192824231, -0.724020780340167]]	0.13983472836854408	0.8601652716314561	[[0.03137029758363083, -0.10713268890760921, -0.08421545377687138], [-0.13168105447228085, -0.001593124846440877, -0.047024601053027026], [0.03506787105723906, 0.08985432754494117, -0.10124324915204853]]	0.40112879478678154	0.869166681504239	[[0.01861951971940731, -0.3065989110496026, 0.1061423656191206], [-0.4637066030723656, -0.12420131929627129, -0.1348943983072318], [0.2757007803566689, 0.04119316612150143, -0.3207086909730833]]	[[-0.07136906758388227, 0.0007210722274809817, 0.3477221496260345], [-0.08596737267528577, -0.11963129397385318, 0.0], [0.17510536305908087, -0.21656224653596612, -0.030283107954647046]]	0.9627413369068616	[[0.6131559356176183, -0.6131559356176182, 0.0], [-0.7071067811865475, -0.7071067811865476, 0.0], [0.0, 0.0, -0.86713344]]
2	[[0.04673222253661188, -0.9725397674033924, -0.22799671093185395], [-0.8377629715199755, -0.16246744520517667, 0.5213036857710898], [-0.5440306084466285, 0.16664552219444034, -0.8223502702654952]]	0.17547015628865187	0.8245298437113479	[[0.008200110392215323, -0.17065170498320242, -0.040006618500510974], [-0.1470023995454555, -0.028508188001970306, 0.09147323921610338], [-0.09546113588994033, 0.02924131582426245, -0.14429793044750147]]	0.4613630346426025	0.8713591253094282	[[-0.055096771545421745, -0.5546474225694737, 0.09751141251608275], [-0.30622920159037986, -0.18763367998134087, 0.0], [0.0689509810332009, 0.0689509810332009, -0.48781179759436777]]	[[-0.07665729155050639, -0.10595352416963393, 0.2027006669601351], [0.08028366526128004, -0.11267720643084982, -0.24051025043772364], [0.3199465934845989, -0.007933102796027255, -0.1084097813655146]]	0.8879070383380988	[[0.6131559356176183, -0.6131559356176182, 0.0], [-0.7071067811865475, -0.7071067811865476, 0.0], [0.0, 0.0, -0.86713344]]
2	[[0.3802729664721569, 0.7767473726770865, -0.5020517802076895], [0.4287143634067757, 0.332951791095048, 0.839849450446521], [0.8195098935212374, -0.5346088512602871, -0.20639019011321075]]	0.12401836812614489	0.8759816318738558	[[0.04716083274436511, 0.09633094160568276, -0.0622636424961836], [0.05316845574194738, 0.041292137796284975, 0.10415675831601713], [0.10163427965773464, -0.06630131731909372, -0.0255961745750852]]	0.408085921659757	0.9535230714577403	[[0.14272099748543016, 0.31015246553263354, 0.11633628805133811], [0.2742216859624672, -0.2750535833025875, 0.3281046762318185], [0.5705329080005178, 0.0, -0.07594394053526388]]	[[-0.012463046519649891, -0.006827201943090031, 0.32121655149831485], [0.09926938984283713, -0.4109265218398771, -0.014626060809090442], [0.23610245779361433, 0.21816634579401822, 0.008280990418618198]]	1.0000000000000007	[[0.0, 0.0, 0.0], [0.0, 0.0, 0.0], [0.0, 0.0, 0.0]]
2	[[-0.3195682178843842, -0.5708200961323295, -0.7563336379995778], [0.910087742671785, 0.03735879733279218, -0.41272826520656647], [0.2638493031197415, -0.8202248094963509, 0.507557688474819]]	0.1145782661388865	0.8854217338611133	[[-0.03661557231828664, -0.06540357689207484, -0.08665939686450783], [0.10427627558958624, 0.004280506223425417, -0.047289689013878894], [0.030231395673413458, -0.09397993651619037, 0.05815507991090586]]	0.3613000776390715	1.0698959017803429	[[-0.18382851924990296, -0.2746058423678482, 0.18388700252908838], [0.537905478690909, -0.07559721405129982, -0.14911875426297175], [0.24095448187085522, -0.04666924634460895, 0.0866929761070723]]	[[-0.06836849731729525, -0.06836849731729523, 0.4571504046593773], [0.20909070660522566, -0.08909495042814002, 0.0], [0.14562570816867776, 0.2496780410079153, -0.09668765614518751]]	0.964295857697298	[[1.73143535767692e-16, -0.86713344, 0.0], [1.0, 1.7938038903913487e-16, 0.0], [0.0, 0.0, 0.86713344]]
2	[[-0.5446221603179724, 0.8109226453022452, -0.2139887049042392], [-0.8354447797583356, -0.5021691245819775, 0.22328947644507607], [0.07361197229480154, 0.30038414347728, 0.9509735242804028]]	0.23558764751617964	0.7644123524838204	[[-0.12830625353449074, 0.1910433583243533, -0.05041309558342375], [-0.19682047029293911, -0.11830484271552735, 0.052604242470814876], [0.017342071381958472, 0.07076679371297497, 0.22403761543539058]]	0.5917198856491158	0.5800480942911571	[[-0.34707541689706545, 0.524552397138099, 0.13491140950639172], [-0.6073098115772054, -0.3978732131198521, 0.1321248234687314], [0.17640989227368747, 0.01438365276912218, 0.49947573009900936]]	[[-0.024811654471740517, 0.04471334218957579, 0.26153278150253056], [-0.1129605220324522, -0.10072975614568781, 0.0], [0.13285222444500158, -0.16335961826006154, -0.06323421494352718]]	0.4263989192469659	[[-0.6131559356176183, 0.6131559356176182, 0.0], [-0.7071067811865475, -0.7071067811865476, 0.0], [0.0, 0.0, 0.86713344]]
2	[[0.08740825448676931, -0.06334395238859675, -0.994156597696443], [0.7119981850616444, -0.6940087028176986, 0.10681996481098455], [-0.6967197295301035, -0.717174639895393, -0.015561310176609944]]	0.15191570432835774	0.8480842956716423	[[0.013278686544469908, -0.009622941142055617, -0.15102799975173897], [0.10816370576415207, -0.10543082089856064, 0.016227630190591102], [-0.10584266843102862, -0.10895009054614496, -0.0023640073957517556]]	0.44305712131723235	1.0241358575990378	[[0.059925018751570684, -0.014838156201553654, -0.0005948578598289726], [0.6352222480622552, -0.6364446243237906, 0.03813460162983743], [0.007987343139304484, -0.012348522247190625, 0.023084189003501537]]	[[0.02119816913929861, 0.013226832996593843, 0.43987330245409095], [0.3197663818057491, -0.3289591262842746, -0.009192744478525429], [0.3166739808698329, 0.3054008091865849, 0.029978738294274887]]	0.8267490521881896	[[0.0, 0.0, -0.86713344], [0.0, -1.0, 0.0], [-0.86713344, 0.0, 0.0]]
2	[[-0.8305561570912853, 0.32773595720904825, 0.4502950280316503], [-0.5100865793185324, -0.772219296347621, -0.37879947194723407], [0.22358030216652452, -0.5443036842615101, 0.808545204538665]]	0.18479860329139913	0.8152013967086007	[[-0.15348561778554143, 0.060565147140601884, 0.08321389224931042], [-0.0942632874157523, -0.1427050473997074, -0.07000161334336838], [0.041317327563842716, -0.10058656061788977, 0.1494180244967039]]	0.5180084752475289	0.6623520732958715	[[-0.3758983665543504, 0.1466922926745579, 0.40107489178396427], [-0.3540231469368973, -0.6041578674950433, -0.05805490265050937], [0.31919948389596464, -0.24800606759223898, 0.26227396987660184]]	[[0.054336761987953446, -0.023077710803090606, 0.1678182509017458], [-0.08979397573987652, -0.20414172723729243, 0.13816643423744646], [0.2033829924753015, 0.033947853963678276, -0.15655929869517343]]	0.6838843069337701	[[-0.6131559356176183, 0.6131559356176182, 0.0], [-0.7071067811865475, -0.7071067811865476, 0.0], [0.0, 0.0, 0.86713344]]
2	[[0.034229894132735264, 0.2773841392786001, 0.9601491309293217], [-0.1827544195208179, -0.9427759796974285, 0.2788803941677556], [0.9825625356654255, -0.18501754344446375, 0.018422055382213542]]	0.7672941469016448	0.23270585309835537	[[0.026264397417110726, 0.21283522651182046, 0.7367168083147694], [-0.14022639641873125, -0.7233864910613009, 0.21398329413054248], [0.7539144825809196, -0.1419628781590578, 0.014135135268670388]]	0.8751873425071043	0.18640038187117186	[[0.0, 0.21164350548604277, 0.8045014969283584], [-0.18673597937170194, -0.8215532473451759, 0.24407259104901177], [0.8250955711629584, -0.16192501216435293, 0.0]]	[[-0.029957570080328094, -0.031119582222815717, -0.035808869380180346], [-0.02679162461984887, 0.0035523569057484116, 0.0], [-0.03483072327310737, 0.0, -0.016122749693478163]]	0.36868260218329824	[[0.0, 0.0, 0.9312], [0.0, -1.0, 0.0], [0.9312, 0.0, 0.0]]
2	[[0.8592155572171323, 0.2624339665249735, -0.4391776855101157], [-0.4266000482917053, 0.8413623931712975, -0.33184593135155627], [0.2824199444684594, 0.4724804086637203, 0.8348660002631537]]	0.16706591097832876	0.8329340890216713	[[0.1435456297932326, 0.04384376968915092, -0.07337162011110145], [-0.07127032569125279, 0.14056297467806964, -0.055440142825699715], [0.04718274530107221, 0.07893536989281749, 0.13947764887879746]]	0.0	0.6888464686839877	[[0.6584578346409131, 0.658457834640913, 0.0], [-0.7071067811865475, 0.7071067811865476, 0.0], [0.0, 0.0, 0.9312]]	[[0.6584578346409131, 0.658457834640913, 0.0], [-0.7071067811865475, 0.7071067811865476, 0.0], [0.0, 0.0, 0.9312]]	0.6888464686839877	[[0.6584578346409131, 0.658457834640913, 0.0], [-0.7071067811865475, 0.7071067811865476, 0.0], [0.0, 0.0, 0.9312]]
