2	[[-0.3195682178843842, -0.5708200961323295, -0.7563336379995778], [0.910087742671785, 0.03735879733279218, -0.41272826520656647], [0.2638493031197415, -0.8202248094963509, 0.507557688474819]]	0.11154492758134153	0.8884550724186584	[[-0.03564621372121202, -0.06367208628505511, -0.0843651808779955], [0.10151567134899087, 0.00416718434301229, -0.04603774445323918], [0.029431051408879014, -0.09149191697569012, 0.0566154856042768]]	0.3537461094017644	1.0653902260308679	[[-0.17733199811228145, -0.2662113725223779, 0.17976109610462665], [0.53526859481879, -0.07387481001353571, -0.14600101805696247], [0.23015385891978063, -0.04819702695336848, 0.0886324466605695]]	[[-0.0642859843472253, -0.06428598434722528, 0.44731117795665976], [0.21332859663441178, -0.08709033922193998, 0.0], [0.13681819447280516, 0.24195430824076902, -0.09091411093435049]]	0.9561529063920513	[[1.6629579829233695e-16, -0.8328387600000001, 0.0], [1.0, 1.7938038903913487e-16, 0.0], [0.0, 0.0, 0.8328387600000001]]
2	[[-0.8305561570912853, 0.32773595720904825, 0.4502950280316503], [-0.5100865793185324, -0.772219296347621, -0.37879947194723407], [0.22358030216652452, -0.5443036842615101, 0.808545204538665]]	0.18015636396600787	0.8198436360339919	[[-0.1496299773311464, 0.05904371839170129, 0.0811235149621537], [-0.09189534343788547, -0.1391202206143765, -0.06824313553825746], [0.0402794142927424, -0.09805977264985564, 0.14566456415183804]]	0.508647424218143	0.672864639019408	[[-0.3625329649134771, 0.1380007140251142, 0.3905231044243646], [-0.3555820939474863, -0.606458622868551, -0.0553861675796504], [0.3087587781436907, -0.24352429255329022, 0.2528179573546129]]	[[0.05992728505952449, -0.028701336432935702, 0.1614816982778292], [-0.09612786924887122, -0.21367126684978666, 0.1372892081215029], [0.19503523334077386, 0.03333437443877229, -0.1584464782979106]]	0.6877023260102167	[[-0.5889059348309957, 0.5889059348309956, 0.0], [-0.7071067811865475, -0.7071067811865476, 0.0], [0.0, 0.0, 0.8328387600000001]]
2	[[-0.5446221603179724, 0.8109226453022452, -0.2139887049042392], [-0.8354447797583356, -0.5021691245819775, 0.22328947644507607], [0.07361197229480154, 0.30038414347728, 0.9509735242804028]]	0.22970277640498002	0.7702972235950198	[[-0.12510122231671636, 0.18627118307559654, -0.04915379963580972], [-0.1919039854435367, -0.11534964214133857, 0.05129021268144835], [0.01690887441276237, 0.06899907174476308, 0.21844125881483717]]	0.5847468752631433	0.5802626712875916	[[-0.32832393443669183, 0.5161063263164724, 0.1320100597712423], [-0.6043631343222191, -0.40955492678382754, 0.13056782363040145], [0.17023737468299702, 0.01645304221517674, 0.49679235729083493]]	[[-0.009857827991694873, 0.04192184339586225, 0.257139286305603], [-0.11583940990362736, -0.1159131003308881, 0.0], [0.12719300390165475, -0.15919564706175843, -0.05928643949010936]]	0.44165861610353047	[[-0.5889059348309957, 0.5889059348309956, 0.0], [-0.7071067811865475, -0.7071067811865476, 0.0], [0.0, 0.0, 0.8328387600000001]]
2	[[0.8787972042104137, -0.3840163418041313, 0.28327887866788265], [-0.395223040501579, -0.9183905790867732, -0.018907472103605397], [0.2674214316928388, -0.09534250611366366, -0.9588511794847616]]	0.539699290186461	0.460300709813539	[[0.4742862273302068, -0.20725334709169102, 0.15288540974187287], [-0.21330159442403712, -0.4956547436470644, -0.010204349273536147], [0.14432715686527225, -0.0514562828741426, -0.5174913009623768]]	0.7880051566419931	0.37299288357359417	[[0.544333680535212, -0.2336260741611762, 0.229967445494746], [-0.35090980476286543, -0.8418386203299959, -0.014899185516705686], [0.20398723883384848, -0.07513038646473771, -0.6299068064085532]]	[[-0.14816304802516064, 0.06898078341527338, 0.006742228336692972], [-0.03947201082389397, -0.11814210819819258, 0.0], [-0.006742228336692972, 0.0, 0.12567286747769615]]	0.5137730191080523	[[0.9126000000000001, 0.0, 0.0], [0.0, -1.0, 0.0], [0.0, 0.0, -0.9126000000000001]]
2	[[0.3802729664721569, 0.7767473726770865, -0.5020517802076895], [0.4287143634067757, 0.332951791095048, 0.839849450446521], [0.8195098935212374, -0.5346088512602871, -0.20639019011321075]]	0.12201943199726842	0.8779805680027324	[[0.046400691372848885, 0.09477827321942865, -0.0612600730541597], [0.052311483111965276, 0.04062658843189092, 0.10247795290670253], [0.09999613172360328, -0.0652326683714924, -0.025183613767422217]]	0.40034700327311024	0.9537820589847502	[[0.13778372752684523, 0.3052113592219333, 0.10836462236230554], [0.2696074425131304, -0.2744674676791115, 0.328214339993394], [0.5515597470095072, 0.0, -0.08132713111517373]]	[[-0.014457415026058781, -0.005757123729600065, 0.30935954805638427], [0.09797293186308854, -0.40776371947842865, -0.008016870693439227], [0.22347141698561404, 0.2140290515253359, 0.0013005630016176967]]	1.0000000000000007	[[0.0, 0.0, 0.0], [0.0, 0.0, 0.0], [0.0, 0.0, 0.0]]
2	[[0.8592155572171323, 0.2624339665249735, -0.4391776855101157], [-0.4266000482917053, 0.8413623931712975, -0.33184593135155627], [0.2824199444684594, 0.4724804086637203, 0.8348660002631537]]	0.1631578977612018	0.8368421022387986	[[0.14018780403926692, 0.042818174279348295, -0.07165530791146064], [-0.06960316706410181, 0.1372749193251626, -0.05414328453992802], [0.046079044425309176, 0.07708891021092612, 0.13621498151523911]]	0.0	0.6896483461836204	[[0.6453056485108434, 0.6453056485108432, 0.0], [-0.7071067811865474, 0.7071067811865474, 0.0], [0.0, 0.0, 0.9125999999999997]]	[[0.6453056485108433, 0.6453056485108432, 0.0], [-0.7071067811865474, 0.7071067811865475, 0.0], [0.0, 0.0, 0.9125999999999999]]	0.6896483461836206	[[0.6453056485108434, 0.6453056485108433, 0.0], [-0.7071067811865475, 0.7071067811865476, 0.0], [0.0, 0.0, 0.9126000000000001]]
2	[[-0.30792515101507295, 0.09349718223056193, 0.9468053539599837], [0.3027085282091916, -0.9338174967034747, 0.1906631317268273], [0.9019698710720718, 0.34531602882779927, 0.2592434992682147]]	0.5215904990366452	0.47840950096335494	[[-0.16061083318388622, 0.04876724193815894, 0.4938446770625554], [0.15788989229128061, -0.4870703341147161, 0.09944807802528546], [0.4704589151685004, 0.1801135598016444, 0.1352189461553143]]	0.7602713725099306	0.3383875986804266	[[-0.0785306666882401, 0.12072474280345322, 0.7321550751631751], [0.31522775331276565, -0.8093857638238862, 0.1449557208449967], [0.6734158026343015, 0.2625338911865897, 0.0785306666882401]]	[[0.155576010504317, 0.049641511743212824, 0.012326069208267735], [0.08508712510070254, -0.09943105393134784, 0.0], [-0.012326069208267735, 0.0, -0.11856474431468272]]	0.484424119158982	[[0.0, 0.0, 0.9126000000000001], [0.0, -1.0, 0.0], [0.9126000000000001, 0.0, 0.0]]
2	[[0.08740825448676931, -0.06334395238859675, -0.994156597696443], [0.7119981850616444, -0.6940087028176986, 0.10681996481098455], [-0.6967197295301035, -0.717174639895393, -0.015561310176609944]]	0.14612520181271918	0.8538747981872807	[[0.01277254882697668, -0.009256147826398976, -0.14527133347183904], [0.10404087848242255, -0.10141216175901967, 0.015609088915632677], [-0.1018083110844895, -0.1047972889896785, -0.0022738995900274776]]	0.4337517927544344	1.0226607986844938	[[0.058104648752565345, -0.014443489408298649, -0.0010155127578627167], [0.6353819870016124, -0.6361750362623428, 0.03773733180396393], [0.007057350073839352, -0.011939497689849083, 0.021804868483383033]]	[[0.020191161667393334, 0.013032063500406733, 0.43020169377161854], [0.3265514977932205, -0.3351475172279868, -0.008596019434766214], [0.3092607818049064, 0.2991362880827935, 0.028554614670095402]]	0.8385598184022038	[[0.0, 0.0, -0.8328387600000001], [0.0, -1.0, 0.0], [-0.8328387600000001, 0.0, 0.0]]
2	[[0.8489524140446696, -0.5135124485683378, 0.12483895166604869], [0.522794976890395, 0.7815435453534784, -0.34040431673891397], [0.0772347773085365, 0.35425224329800037, 0.9319550081910795]]	0.20650274165904045	0.7934972583409595	[[0.17531100103828512, -0.10604172850540873, 0.025779585784879516], [0.10795859605344123, 0.1613908848414199, -0.07029442467915813], [0.015949193265638206, 0.07315405947990251, 0.1924512642943314]]	0.0	0.45740283629526485	[[0.6453056485108438, -0.6453056485108436, 0.0], [0.7071067811865478, 0.707106781186548, 0.0], [0.0, 0.0, 0.9126000000000006]]	[[0.6453056485108438, -0.6453056485108435, 0.0], [0.7071067811865477, 0.707106781186548, 0.0], [0.0, 0.0, 0.9126000000000006]]	0.4574028362952646	[[0.6453056485108434, -0.6453056485108433, 0.0], [0.7071067811865475, 0.7071067811865476, 0.0], [0.0, 0.0, 0.9126000000000001]]
2	[[0.034229894132735264, 0.2773841392786001, 0.9601491309293217], [-0.1827544195208179, -0.9427759796974285, 0.2788803941677556], [0.9825625356654255, -0.18501754344446375, 0.018422055382213542]]	0.7308196493329594	0.2691803506670406	[[0.02501587922678991, 0.20271777939811134, 0.7016958511731126], [-0.1335605207882527, -0.688999210882012, 0.20381127187151665], [0.7180760077627099, -0.13521445622052858, 0.013463200054421656]]	0.8586984360107414	0.2140871933095628	[[0.0013077252752554994, 0.200751086330794, 0.779430902947138], [-0.18919214316472835, -0.8211398060827899, 0.23947415830591082], [0.7962351685255941, -0.1588742751903104, -0.001849402820124416]]	[[-0.028085431281337513, -0.03743824024192554, -0.045047654118942945], [-0.032261208948151154, -0.011579546808113475, 0.0], [-0.047489744133054984, 0.0, -0.017668392964934436]]	0.3774723906235027	[[0.0, 0.0, 0.9126000000000001], [0.0, -1.0, 0.0], [0.9126000000000001, 0.0, 0.0]]
2	[[0.04673222253661188, -0.9725397674033924, -0.22799671093185395], [-0.8377629715199755, -0.16246744520517667, 0.5213036857710898], [-0.5440306084466285, 0.16664552219444034, -0.8223502702654952]]	0.17222119464635302	0.8277788053536468	[[0.00804827919373452, -0.16749196058329857, -0.03926586593212313], [-0.14428053978564878, -0.02798033750437645, 0.08977954353704411], [-0.09369360131086073, 0.028699890914791852, -0.14162614596287482]]	0.4532328931796801	0.8613548169882743	[[-0.048163397351412125, -0.5370615924898532, 0.09006347032222663], [-0.30902678674053413, -0.18092231888552102, 0.0], [0.06368449060203983, 0.06368449060203982, -0.470783386039802]]	[[-0.06934397777639738, -0.09627457997732042, 0.19339907925332195], [0.07067494864027014, -0.10728672864766761, -0.23627197772726183], [0.310257057246607, -0.01184474155758498, -0.09806719384027968]]	0.8952069586818563	[[0.5889059348309957, -0.5889059348309956, 0.0], [-0.7071067811865475, -0.7071067811865476, 0.0], [0.0, 0.0, -0.8328387600000001]]
2	[[0.22433838825039393, -0.7661379269479729, -0.6022499185961573], [-0.9416906372873723, -0.011392912655017143, -0.3362869982418849], [0.2507808429735371, 0.642575192824231, -0.724020780340167]]	0.13589460503998393	0.864105394960016	[[0.030486376666593845, -0.10411401098874684, -0.08184251482298727], [-0.12797067722401828, -0.0015482353655085768, -0.04569958880616272], [0.03407976360748305, 0.08732250203734039, -0.09839051798506795]]	0.3927517710871955	0.8697472286716713	[[0.017861082013071097, -0.2989287423035787, 0.10158422629008032], [-0.4554035015391572, -0.12223347088755616, -0.1320773141530969], [0.266817000677508, 0.0425976780614682, -0.3154314935210141]]	[[-0.07024821729511799, 0.0019732854023100377, 0.33811894845584034], [-0.08555283592831188, -0.11775888426445645, 0.0], [0.16832238044491146, -0.20977486697694467, -0.03107104973848014]]	0.9677932571168231	[[0.5889059348309957, -0.5889059348309956, 0.0], [-0.7071067811865475, -0.7071067811865476, 0.0], [0.0, 0.0, -0.8328387600000001]]
2	[[0.5319609947059123, -0.8460851799387872, 0.03402011756955908], [-0.703274286200726, -0.4190807785627857, 0.5742617690636116], [-0.47161719485230363, -0.3294103357928521, -0.8179645788128509]]	0.14639396973251	0.8536060302674902	[[0.07787588175785322, -0.12386176822308408, 0.004980340061774488], [-0.10295511456772166, -0.061350898812397164, 0.084068460038836], [-0.06904191334853937, -0.048223686727634746, -0.11974508179299373]]	0.4478785205652598	0.8279629228545299	[[0.21213269178437485, -0.4776188060464047, 0.21942011588771373], [-0.3822596548596848, -0.39788982851577065, 0.0], [0.11924537961331239, -0.14027984134432941, -0.3138806536729202]]	[[-0.026121211522933167, -0.09867542738322903, 0.20418323596120339], [-0.06727820800451453, -0.210192549415733, -0.2571995115453992], [0.3304725911168999, 0.00725597250947865, 0.05246811176056532]]	0.7049252205245553	[[0.5889059348309957, -0.5889059348309956, 0.0], [-0.7071067811865475, -0.7071067811865476, 0.0], [0.0, 0.0, -0.8328387600000001]]
2	[[-0.42203838922340475, -0.825029846081567, 0.3757783270710803], [0.2588054115689476, 0.28760896992378115, 0.9221175843470338], [-0.8688517462515349, 0.4864224845687207, 0.09214016247897017]]	0.10445753809499803	0.895542461905002	[[-0.04408509111985541, -0.08618058657657564, 0.03925287891530199], [0.027034176138154998, 0.030042924932276536, 0.09632213269499784], [-0.09075811438297528, 0.050810495212100744, 0.009624734532226334]]	0.3327919234943103	1.1243725132221838	[[-0.22378545904183006, -0.4339398258493245, 0.27318831770153224], [0.18618912564042805, 0.017910366357255587, 0.015447068858429136], [0.14867713485165793, 0.16187747427050606, -0.08718926647843232]]	[[-0.0833344917037328, -0.15937655643162507, 0.14813232542807342], [0.10006077491366129, -0.07780357595789683, -0.2914262157243472], [0.43782397871809664, 0.0, -0.1178527683808871]]	1.0000000000000002	[[0.0, 0.0, 0.0], [0.0, 0.0, 0.0], [0.0, 0.0, 0.0]]
