2	[[0.8489524140446696, -0.5135124485683378, 0.12483895166604869], [0.522794976890395, 0.7815435453534784, -0.34040431673891397], [0.0772347773085365, 0.35425224329800037, 0.9319550081910795]]	0.22012570286705788	0.7798742971329422	[[0.18687624684226845, -0.11303728867208925, 0.027480261980675602], [0.11508061174336547, 0.1720378222421467, -0.07493173948113406], [0.017001359640822306, 0.07798002404820432, 0.20514725121853605]]	0.0	0.4336782323507063	[[0.6921161174253927, -0.6921161174253926, 0.0], [0.7071067811865475, 0.7071067811865476, 0.0], [0.0, 0.0, 0.9787999999999999]]	[[0.6921161174253927, -0.6921161174253926, 0.0], [0.7071067811865475, 0.7071067811865476, 0.0], [0.0, 0.0, 0.9787999999999999]]	0.4336782323507063	[[0.6921161174253927, -0.6921161174253926, 0.0], [0.7071067811865475, 0.7071067811865476, 0.0], [0.0, 0.0, 0.9787999999999999]]
2	[[0.034229894132735264, 0.2773841392786001, 0.9601491309293217], [-0.1827544195208179, -0.9427759796974285, 0.2788803941677556], [0.9825625356654255, -0.18501754344446375, 0.018422055382213542]]	0.8245270712039406	0.1754729287960593	[[0.028223474356885166, 0.2287107319578101, 0.7916689508441627], [-0.15068596627707626, -0.7773443173413468, 0.22994443461934008], [0.8101494098069308, -0.1525519732176116, 0.015189483369853327]]	0.9157625361312732	0.12730915571956183	[[0.0, 0.24467453831810862, 0.8647681112814393], [-0.17685113913691156, -0.8209605964799622, 0.255388217040353], [0.8959345352786052, -0.16943213481348016, 0.0]]	[[-0.031346454662498635, -0.009343464550252534, -0.014500491922634176], [-0.009491488427328693, 0.042398325691400826, 0.0], [-0.003859424289939276, 0.0, -0.016870228157566655]]	0.34735893468652423	[[0.0, 0.0, 0.9787999999999999], [0.0, -1.0, 0.0], [0.9787999999999999, 0.0, 0.0]]
2	[[0.3802729664721569, 0.7767473726770865, -0.5020517802076895], [0.4287143634067757, 0.332951791095048, 0.839849450446521], [0.8195098935212374, -0.5346088512602871, -0.20639019011321075]]	0.12864491374171388	0.8713550862582866	[[0.04892018297011628, 0.09992459875714667, -0.06458640795869212], [0.05515192230029843, 0.04283255444557155, 0.10804236010871851], [0.10542577956252074, -0.06877470955593638, -0.026551048204249916]]	0.42711304315777904	0.94456959871675	[[0.14264499976804054, 0.32195312628428396, 0.1380667693155578], [0.2855663941433252, -0.26288419931702045, 0.3278350538361324], [0.6201947128547745, 0.0, -0.06018651361864452]]	[[-0.019774544172518477, -0.009805807824635852, 0.3524996329828445], [0.10245689774320724, -0.4050922520364595, -0.03087560073846954], [0.2701713483350114, 0.22833841336086566, 0.02796542855852148]]	1.0000000000000007	[[0.0, 0.0, 0.0], [0.0, 0.0, 0.0], [0.0, 0.0, 0.0]]
2	[[0.5319609947059123, -0.8460851799387872, 0.03402011756955908], [-0.703274286200726, -0.4190807785627857, 0.5742617690636116], [-0.47161719485230363, -0.3294103357928521, -0.8179645788128509]]	0.1582501717713361	0.8417498282286645	[[0.08418291878786144, -0.13389312505849482, 0.005383689449063825], [-0.11129327659362868, -0.06631960519362613, 0.09087702359602788], [-0.0746335020956927, -0.05212924222247235, -0.1294430351000022]]	0.47456991957505545	0.8068255479070767	[[0.22070302049389692, -0.5497582868874713, 0.2371070182591032], [-0.3754942668615266, -0.3963806924844731, 0.009783706637890103], [0.16293181745798577, -0.15632823656440584, -0.36134215822303956]]	[[-0.03174966598075438, -0.14823171109027478, 0.22096209380018364], [-0.04174144542004355, -0.19749756110648034, -0.26274365492165713], [0.3867471516892567, 0.0, 0.02683922615941914]]	0.6578775288571571	[[0.6774432557359743, -0.6774432557359742, 0.0], [-0.7071067811865475, -0.7071067811865476, 0.0], [0.0, 0.0, -0.9580494399999998]]
2	[[0.8787972042104137, -0.3840163418041313, 0.28327887866788265], [-0.395223040501579, -0.9183905790867732, -0.018907472103605397], [0.2674214316928388, -0.09534250611366366, -0.9588511794847616]]	0.6331654057751855	0.3668345942248145	[[0.5564239883979852, -0.2431458628827151, 0.1793623861592895], [-0.25024155681088484, -0.5814931436675844, -0.011971557246662313], [0.16932199931077732, -0.06036757657108096, -0.6071113961364845]]	0.8398393188333193	0.29571776977950676	[[0.6128819878308197, -0.2670360815951805, 0.24468268551719452], [-0.3459687085077809, -0.8494747740968024, -0.015879238492351944], [0.21781708801745137, -0.08007238539036086, -0.7165612146843849]]	[[-0.12516645754587957, 0.0554759413264643, 0.006773945016893398], [-0.01404485938570136, -0.07817425573362916, 0.0], [-0.006773945016893398, 0.0, 0.08871970675662223]]	0.47659459159151324	[[0.6774432557359743, -0.6774432557359742, 0.0], [-0.7071067811865475, -0.7071067811865476, 0.0], [0.0, 0.0, -0.9580494399999998]]
2	[[0.04673222253661188, -0.9725397674033924, -0.22799671093185395], [-0.8377629715199755, -0.16246744520517667, 0.5213036857710898], [-0.5440306084466285, 0.16664552219444034, -0.8223502702654952]]	0.18342085999500843	0.8165791400049915	[[0.008571664447143468, -0.17838408051647572, -0.04181935279515396], [-0.15366320470816763, -0.02979991852072538, 0.09561797036270092], [-0.09978656206488826, 0.030566264995221512, -0.15083619378922475]]	0.4809349210455915	0.8958222246527804	[[-0.07412490688957117, -0.5978585031756678, 0.11647034501191524], [-0.30196514955662757, -0.2026531864264704, 0.0032642139207292244], [0.08456829047093956, 0.08014565105918454, -0.532110083849743]]	[[-0.09660006464550167, -0.13013016692581933, 0.22612192518258092], [0.1009443190062519, -0.12451691849423976, -0.24744893303636567], [0.3462116081906039, 0.0, -0.13661312154778618]]	0.8716781872916923	[[0.6774432557359743, -0.6774432557359742, 0.0], [-0.7071067811865475, -0.7071067811865476, 0.0], [0.0, 0.0, -0.9580494399999998]]
2	[[-0.42203838922340475, -0.825029846081567, 0.3757783270710803], [0.2588054115689476, 0.28760896992378115, 0.9221175843470338], [-0.8688517462515349, 0.4864224845687207, 0.09214016247897017]]	0.11040496298282046	0.8895950370171796	[[-0.04659513273953919, -0.09108738961635747, 0.04148779229002883], [0.028573401884023283, 0.03175345767796225, 0.10180635776564209], [-0.09592554488245972, 0.05370345640282117, 0.010172731227721742]]	0.3536722256092852	1.148649766976153	[[-0.23699950057130514, -0.4824106356449707, 0.3097787933004082], [0.18311027812870143, 0.008675889257125147, 0.035582103391133026], [0.1878474450844491, 0.17203412270381763, -0.09149037007378893]]	[[-0.08773624416210589, -0.19062049378721688, 0.1768764360294454], [0.09157799221938472, -0.09304341524101253, -0.29054527493834015], [0.4951361759057433, 0.0, -0.12407778640572742]]	1.0000000000000002	[[0.0, 0.0, 0.0], [0.0, 0.0, 0.0], [0.0, 0.0, 0.0]]
2	[[-0.30792515101507295, 0.09349718223056193, 0.9468053539599837], [0.3027085282091916, -0.9338174967034747, 0.1906631317268273], [0.9019698710720718, 0.34531602882779927, 0.2592434992682147]]	0.6156476067870158	0.3843523932129844	[[-0.18957338229196005, 0.057561316481574955, 0.5828984502585972], [0.18636178094600866, -0.5749025070213364, 0.11738130075013875], [0.5552955925195143, 0.21259298673303076, 0.1596026398995678]]	0.8133023349173253	0.27447120530364544	[[-0.12490702911420401, 0.14856163236812234, 0.7792036620786967], [0.2931438825641687, -0.8143450688183235, 0.15506677021607818], [0.7244095451771773, 0.28084633253002755, 0.12490702911420401]]	[[0.12552921518612475, 0.0725201557518157, 0.00916465699081756], [0.04695032977224615, -0.05486911836273582, 0.0], [-0.00916465699081756, 0.0, -0.0859363141527729]]	0.46964080987195117	[[0.0, 0.0, 0.9787999999999999], [0.0, -1.0, 0.0], [0.9787999999999999, 0.0, 0.0]]
2	[[0.8592155572171323, 0.2624339665249735, -0.4391776855101157], [-0.4266000482917053, 0.8413623931712975, -0.33184593135155627], [0.2824199444684594, 0.4724804086637203, 0.8348660002631537]]	0.1768545706557089	0.8231454293442911	[[0.1519561984723416, 0.046412646475248884, -0.0776705810124595], [-0.07544616838233419, 0.1487987848101696, -0.05868846971302334], [0.04994725802357858, 0.08356031981745614, 0.14764986803158897]]	0.0	0.6886838798457046	[[0.6921161174253926, 0.6921161174253925, 0.0], [-0.7071067811865474, 0.7071067811865475, 0.0], [0.0, 0.0, 0.9787999999999994]]	[[0.6921161174253925, 0.6921161174253924, 0.0], [-0.7071067811865472, 0.7071067811865474, 0.0], [0.0, 0.0, 0.9787999999999996]]	0.6886838798457046	[[0.6921161174253927, 0.6921161174253926, 0.0], [-0.7071067811865475, 0.7071067811865476, 0.0], [0.0, 0.0, 0.9787999999999999]]
2	[[0.08740825448676931, -0.06334395238859675, -0.994156597696443], [0.7119981850616444, -0.6940087028176986, 0.10681996481098455], [-0.6967197295301035, -0.717174639895393, -0.015561310176609944]]	0.16718388401925713	0.8328161159807428	[[0.014613251480441715, -0.01059008798945648, -0.16620696132626145], [0.11903462199326753, -0.11602707048022921, 0.01785857660790077], [-0.11648031045568902, -0.11990004181782388, -0.002601600275754075]]	0.4661010813100182	1.0281674775498584	[[0.0646421921106346, -0.015846431536684698, 0.0006081288917319932], [0.6348266663583971, -0.6371122392780191, 0.03911841105816554], [0.010574192152310062, -0.013417166720809491, 0.026548130670898076]]	[[0.02390111017893011, 0.013678253166090571, 0.4639855940695328], [0.30296354241039414, -0.31363403245612664, -0.01067049004573244], [0.33531601145631473, 0.3208587084225561, 0.033801274170816596]]	0.7971434237770099	[[0.0, 0.0, -0.9580494399999998], [0.0, -1.0, 0.0], [-0.9580494399999998, 0.0, 0.0]]
2	[[-0.5446221603179724, 0.8109226453022452, -0.2139887049042392], [-0.8354447797583356, -0.5021691245819775, 0.22328947644507607], [0.07361197229480154, 0.30038414347728, 0.9509735242804028]]	0.2505226126299482	0.7494773873700518	[[-0.13644016649902496, 0.20315445974190727, -0.05360900942590903], [-0.2092978089331099, -0.12580472107237095, 0.05593906301179374], [0.018441463620137044, 0.07525302041653739, 0.23824037184463598]]	0.6084406923706505	0.5842812901191026	[[-0.25860888880957905, 0.5456219079067454, 0.1423414629081684], [-0.6143757440976108, -0.5146522260148655, 0.1358584036473221], [0.19268697295231338, 0.008614254380445234, 0.5047557055433572]]	[[0.07276139549468744, 0.05222357214000767, 0.2725408986796025], [-0.10605714386400349, -0.2091120961670438, 0.0], [0.14789845356249517, -0.1741516818540358, -0.07385528399596857]]	0.3923987364776813	[[-0.6774432557359743, 0.6774432557359742, 0.0], [-0.7071067811865475, -0.7071067811865476, 0.0], [0.0, 0.0, 0.9580494399999998]]
2	[[-0.8305561570912853, 0.32773595720904825, 0.4502950280316503], [-0.5100865793185324, -0.772219296347621, -0.37879947194723407], [0.22358030216652452, -0.5443036842615101, 0.808545204538665]]	0.19655894324754336	0.8034410567524565	[[-0.16325324054560364, 0.06441943341323261, 0.0885095148595241], [-0.10026207899560494, -0.15178660884544984, -0.07445642390867577], [0.0439467079248185, -0.10698775698418693, 0.15892679097198878]]	0.5410600548180224	0.6355624952278275	[[-0.411746104211494, 0.17041778024746665, 0.4282396466282728], [-0.3501021499098932, -0.5980271504539035, -0.06460869337742549], [0.3465798816942329, -0.2590424345133321, 0.287437357885999]]	[[0.03763465567376286, -0.006907054725898004, 0.18460299407718508], [-0.07411467734187055, -0.18021013564052493, 0.14034456967938294], [0.2256095111477831, 0.03545854673085216, -0.1500341548045402]]	0.6805047487181906	[[-0.6774432557359743, 0.6774432557359742, 0.0], [-0.7071067811865475, -0.7071067811865476, 0.0], [0.0, 0.0, 0.9580494399999998]]
2	[[0.22433838825039393, -0.7661379269479729, -0.6022499185961573], [-0.9416906372873723, -0.011392912655017143, -0.3362869982418849], [0.2507808429735371, 0.642575192824231, -0.724020780340167]]	0.14971741778700326	0.8502825822129968	[[0.0335873641993472, -0.11470419209133824, -0.09016730267464956], [-0.1409874905688629, -0.001705717463782036, -0.050348021012117515], [0.0375462602404459, 0.09620469860362957, -0.10839852165666089]]	0.4218651194176876	0.868604944120688	[[0.020634487997808707, -0.3260571204517758, 0.11829689561603274], [-0.48425994218306834, -0.12907249370031942, -0.14186775467192847], [0.2988549268924995, 0.03687361953418974, -0.33324317137982007]]	[[-0.07400605295141531, -0.002850252409449597, 0.3723651294438933], [-0.08699350902931263, -0.12426622124259536, 0.0], [0.19305923662379987, -0.23420644092144813, -0.027804058420728056]]	0.9525779263014261	[[0.6774432557359743, -0.6774432557359742, 0.0], [-0.7071067811865475, -0.7071067811865476, 0.0], [0.0, 0.0, -0.9580494399999998]]
2	[[-0.3195682178843842, -0.5708200961323295, -0.7563336379995778], [0.910087742671785, 0.03735879733279218, -0.41272826520656647], [0.2638493031197415, -0.8202248094963509, 0.507557688474819]]	0.12224259290135024	0.8777574070986496	[[-0.03906484756305077, -0.06977852863141396, -0.0924561850075796], [0.11125148543193582, 0.004566836253636637, -0.05045297330252682], [0.032253622948571536, -0.10026640747484998, 0.06204516788617766]]	0.3800006271481975	1.1001359916458606	[[-0.04197354691796293, -0.2963745708138145, 0.1942057420907824], [0.54443332946434, -0.24574526787156628, -0.15683699962028286], [0.2698372615252346, -0.04195530596460922, 0.08049518683719994]]	[[0.07946257629473483, -0.07946257629473481, 0.48161299886389974], [0.19859941648917423, -0.2599416342875298, 0.0], [0.16957436086711786, 0.2697306360465149, -0.11237705309712077]]	0.9910016759983924	[[1.9129704821654352e-16, -0.9580494399999998, 0.0], [1.0, 1.7938038903913487e-16, 0.0], [0.0, 0.0, 0.9580494399999998]]
