2	[[-0.42203838922340475, -0.825029846081567, 0.3757783270710803], [0.2588054115689476, 0.28760896992378115, 0.9221175843470338], [-0.8688517462515349, 0.4864224845687207, 0.09214016247897017]]	0.10339111627781102	0.896608883722189	[[-0.04363502017389713, -0.08530075674888382, 0.038852140708887345], [0.026758180400851796, 0.029736212451931122, 0.09533876638503838], [-0.08983155192487158, 0.05029176366218633, 0.009526474252719595]]	0.32907488290662884	1.1210615392365184	[[-0.22141078055314903, -0.4258856743456126, 0.2672005430519876], [0.1867372116356093, 0.019554256661054648, 0.011862698278908025], [0.1425111139898183, 0.1600694221526032, -0.08639197732440837]]	[[-0.08252854703735493, -0.1543890743518469, 0.14354133407222303], [0.10157085112795589, -0.07509063143950973, -0.29158303781623557], [0.42842840065076215, 0.0, -0.11671299050317326]]	1.0000000000000002	[[0.0, 0.0, 0.0], [0.0, 0.0, 0.0], [0.0, 0.0, 0.0]]
2	[[0.034229894132735264, 0.2773841392786001, 0.9601491309293217], [-0.1827544195208179, -0.9427759796974285, 0.2788803941677556], [0.9825625356654255, -0.18501754344446375, 0.018422055382213542]]	0.7094050417801215	0.2905949582198784	[[0.024282859477362206, 0.19677770691407842, 0.6811346343420628], [-0.1296469066156677, -0.6688100332665495, 0.19783915767623345], [0.6970348166653134, -0.13125237813727525, 0.013068698968094906]]	0.8481634662604824	0.2352255285987871	[[0.005115084911475418, 0.19730591069948655, 0.7597606034734588], [-0.1868380714970219, -0.8194174376165634, 0.23653616178941322], [0.7743681366970276, -0.15692512096685576, -0.007233822454498519]]	[[-0.02391746074587467, -0.03796118235673135, -0.05460281154254449], [-0.0318324495618226, -0.01978929476927002, 0.0], [-0.05900550937064857, 0.0, -0.022858736803119332]]	0.3828900815477686	[[0.0, 0.0, 0.9014], [0.0, -1.0, 0.0], [0.9014, 0.0, 0.0]]
2	[[0.8787972042104137, -0.3840163418041313, 0.28327887866788265], [-0.395223040501579, -0.9183905790867732, -0.018907472103605397], [0.2674214316928388, -0.09534250611366366, -0.9588511794847616]]	0.5258416693390465	0.4741583306609536	[[0.46210818887249094, -0.20193179422775828, 0.14895983844721264], [-0.20782474337860385, -0.4829280352122424, -0.009942336693941315], [0.1406213320584001, -0.050135062573777145, -0.5042039048679807]]	0.778940383352036	0.3857292023869746	[[0.5330594754057096, -0.228236422552073, 0.2273839986648074], [-0.3518620654450849, -0.8404958782121492, -0.014727793568600314], [0.20157871219965806, -0.074266128261921, -0.6157387579655709]]	[[-0.1514711557306476, 0.07088941394628342, 0.006726640319712027], [-0.04400687876722774, -0.12512436847139993, 0.0], [-0.006726640319712027, 0.0, 0.1311491473598412]]	0.5169815698340664	[[0.9014, 0.0, 0.0], [0.0, -1.0, 0.0], [0.0, 0.0, -0.9014]]
2	[[0.22433838825039393, -0.7661379269479729, -0.6022499185961573], [-0.9416906372873723, -0.011392912655017143, -0.3362869982418849], [0.2507808429735371, 0.642575192824231, -0.724020780340167]]	0.13350373752582428	0.8664962624741759	[[0.029950013301947055, -0.10228227670784128, -0.08040261505721032], [-0.12571921967093957, -0.0015209964207500426, -0.04489557114663194], [0.03348017983684405, 0.08578618988341206, -0.09665948022177613]]	0.3876336942306231	0.8701928769832258	[[0.017412227017945613, -0.29429233223549517, 0.09889137655546743], [-0.4503305886146081, -0.12103118237088584, -0.13035617145022893], [0.2615121674044057, 0.04336678391067134, -0.31215148643418356]]	[[-0.06954889117729837, 0.0026885426775387217, 0.3323437373509879], [-0.0852995680605141, -0.1166149055503747, 0.0], [0.16430106280030377, -0.20571701190474032, -0.031496636651186224]]	0.9710864404409685	[[0.5745397877789847, -0.5745397877789846, 0.0], [-0.7071067811865475, -0.7071067811865476, 0.0], [0.0, 0.0, -0.81252196]]
2	[[0.08740825448676931, -0.06334395238859675, -0.994156597696443], [0.7119981850616444, -0.6940087028176986, 0.10681996481098455], [-0.6967197295301035, -0.717174639895393, -0.015561310176609944]]	0.14268672631537177	0.8573132736846283	[[0.012471997685657987, -0.00903834119820565, -0.14185295037013362], [0.10159269016893227, -0.0990258298394352, 0.015241791084002594], [-0.09941265736598173, -0.10233130156307925, -0.002220392406278568]]	0.42806766549284087	1.021799634133181	[[0.05701475831791968, -0.014205671242128771, -0.0012554473165641324], [0.635479562971532, -0.63601035934211, 0.037494660926496545], [0.0065192200141350794, -0.011695528072819312, 0.02105462047695461]]	[[0.019598110874964197, 0.012909826579947506, 0.4243108465936576], [0.33069616205705393, -0.33892767409522295, -0.008231512038169025], [0.30476240813689004, 0.2953037457778704, 0.027715914196266005]]	0.8457272203993259	[[0.0, 0.0, -0.81252196], [0.0, -1.0, 0.0], [-0.81252196, 0.0, 0.0]]
2	[[-0.3195682178843842, -0.5708200961323295, -0.7563336379995778], [0.910087742671785, 0.03735879733279218, -0.41272826520656647], [0.2638493031197415, -0.8202248094963509, 0.507557688474819]]	0.10970908012527594	0.890290919874724	[[-0.035059535221369544, -0.06262414766369946, -0.08297666769273715], [0.09984488908181037, 0.004098599289967232, -0.045280038317513344], [0.028946664336961955, -0.08998610934577436, 0.055683687113083746]]	0.3491310745795141	1.0628348965466043	[[-0.17346726363572348, -0.26118710187854993, 0.17725145992854108], [0.5336576122848737, -0.07282252141997153, -0.14409626274090723], [0.22378177592214663, -0.04903202742080603, 0.08966990190652777]]	[[-0.0618960683242882, -0.061896068324288185, 0.4413110357039669], [0.21591770072422906, -0.08586563847776754, 0.0], [0.1316637851968953, 0.2373339417154322, -0.0875342592817801]]	0.9518389490040707	[[1.622390725045677e-16, -0.81252196, 0.0], [1.0, 1.7938038903913487e-16, 0.0], [0.0, 0.0, 0.81252196]]
2	[[0.8592155572171323, 0.2624339665249735, -0.4391776855101157], [-0.4266000482917053, 0.8413623931712975, -0.33184593135155627], [0.2824199444684594, 0.4724804086637203, 0.8348660002631537]]	0.160782843983613	0.839217156016387	[[0.1381471208843353, 0.04219487949578553, -0.07061223729045718], [-0.06858996900788704, 0.13527663839493992, -0.05335513260709403], [0.045408281869332975, 0.07596674383149266, 0.13423212986753366]]	0.0	0.6903263820293609	[[0.6373860525615536, 0.6373860525615536, 0.0], [-0.7071067811865471, 0.7071067811865471, 0.0], [0.0, 0.0, 0.9013999999999994]]	[[0.6373860525615536, 0.6373860525615537, 0.0], [-0.7071067811865472, 0.7071067811865471, 0.0], [0.0, 0.0, 0.9013999999999994]]	0.690326382029361	[[0.637386052561554, 0.6373860525615539, 0.0], [-0.7071067811865475, 0.7071067811865476, 0.0], [0.0, 0.0, 0.9014]]
2	[[-0.5446221603179724, 0.8109226453022452, -0.2139887049042392], [-0.8354447797583356, -0.5021691245819775, 0.22328947644507607], [0.07361197229480154, 0.30038414347728, 0.9509735242804028]]	0.22614739257549918	0.7738526074245007	[[-0.12316488149474494, 0.1833880418155292, -0.04839298765470167], [-0.18893365858315977, -0.11356423815613527, 0.0504963328876023], [0.016647155596809272, 0.0679310908184115, 0.21506018292434625]]	0.5804224566089943	0.5807967634982143	[[-0.3172743859043746, 0.5109578706755667, 0.13026257885531312], [-0.6025357075174558, -0.4167995195328279, 0.12960222645318722], [0.1665711885255374, 0.01764791716134117, 0.4950016451351821]]	[[-0.001163453688919661, 0.04028015676937344, 0.25446642864240876], [-0.11762479608896244, -0.12532928260976844, 0.0], [0.1238451467303554, -0.15670178532213028, -0.05696474399776236]]	0.45126594088424704	[[-0.5745397877789847, 0.5745397877789846, 0.0], [-0.7071067811865475, -0.7071067811865476, 0.0], [0.0, 0.0, 0.81252196]]
2	[[-0.30792515101507295, 0.09349718223056193, 0.9468053539599837], [0.3027085282091916, -0.9338174967034747, 0.1906631317268273], [0.9019698710720718, 0.34531602882779927, 0.2592434992682147]]	0.5071448902973988	0.4928551097026014	[[-0.15616266693134917, 0.04741661822543424, 0.4801674973670258], [0.1535170833307376, -0.47358077192347536, 0.09669383302336033], [0.4574294113164049, 0.1751252595578077, 0.13147401599669256]]	0.7510592966353192	0.34948061946490655	[[-0.07119946222333431, 0.11635259021435818, 0.7238862260756209], [0.3191948359504137, -0.8084700704336476, 0.14319931760903815], [0.6646535940737587, 0.25935281372830854, 0.07119946222333431]]	[[0.16007058511437083, 0.04613066229088808, 0.012779262879881176], [0.0918427816681055, -0.10711775817378137, 0.0], [-0.012779262879881176, 0.0, -0.12350777799432996]]	0.48751368074088813	[[0.0, 0.0, 0.9014], [0.0, -1.0, 0.0], [0.9014, 0.0, 0.0]]
2	[[0.8489524140446696, -0.5135124485683378, 0.12483895166604869], [0.522794976890395, 0.7815435453534784, -0.34040431673891397], [0.0772347773085365, 0.35425224329800037, 0.9319550081910795]]	0.2040238195170991	0.7959761804829009	[[0.1732065141016553, -0.10476877112649019, 0.025470119743417757], [0.10666262800953197, 0.15945349924195185, -0.06945058888118162], [0.015757734266040213, 0.0722758957501587, 0.1901410203892334]]	0.0	0.4618172685983994	[[0.6373860525615539, -0.6373860525615538, 0.0], [0.7071067811865474, 0.7071067811865472, 0.0], [0.0, 0.0, 0.9013999999999999]]	[[0.6373860525615539, -0.6373860525615538, 0.0], [0.7071067811865474, 0.7071067811865475, 0.0], [0.0, 0.0, 0.9013999999999998]]	0.46181726859839944	[[0.637386052561554, -0.6373860525615539, 0.0], [0.7071067811865475, 0.7071067811865476, 0.0], [0.0, 0.0, 0.9014]]
2	[[0.3802729664721569, 0.7767473726770865, -0.5020517802076895], [0.4287143634067757, 0.332951791095048, 0.839849450446521], [0.8195098935212374, -0.5346088512602871, -0.20639019011321075]]	0.1207633571817769	0.8792366428182236	[[0.04592304007665096, 0.09380262040660976, -0.06062945845696817], [0.05177298579705056, 0.04020837607232368, 0.10142303916319226], [0.09896676598530514, -0.0645611596572855, -0.024924372247456514]]	0.3956038350811954	0.9013077214735294	[[0.19941435026119497, 0.3263860878981851, 0.103705652386403], [0.2369461787524882, -0.20952805551016254, 0.32828155270190484], [0.540251945489008, 0.0, -0.08435800483329456]]	[[0.0489769063471069, 0.01910184837788717, 0.30231926204590637], [0.06734513243437444, -0.3412450609645165, -0.0039661107855732585], [0.21605068872502442, 0.211493311826922, -0.002709254101371364]]	1.0000000000000007	[[0.0, 0.0, 0.0], [0.0, 0.0, 0.0], [0.0, 0.0, 0.0]]
2	[[0.5319609947059123, -0.8460851799387872, 0.03402011756955908], [-0.703274286200726, -0.4190807785627857, 0.5742617690636116], [-0.47161719485230363, -0.3294103357928521, -0.8179645788128509]]	0.14445648594769311	0.8555435140523069	[[0.07684521595645549, -0.12222249190637885, 0.004914426635625885], [-0.10159253204192907, -0.06053893659940335, 0.082955837173035], [-0.06812816268087224, -0.04758545954348501, -0.1181602886849893]]	0.4427898159325736	0.8327224526632518	[[0.21033892657649836, -0.4641608515834412, 0.21622909947853847], [-0.3814443176371861, -0.39714796069904246, 0.0], [0.11235251286069063, -0.1361029601773274, -0.3059609333581218]]	[[-0.025207984352641374, -0.08952295049506721, 0.2011653378819089], [-0.07004162590025442, -0.21158325989834686, -0.2542772630207907], [0.32117980375997884, 0.009756581774676865, 0.056225451933785524]]	0.7131263792346126	[[0.5745397877789847, -0.5745397877789846, 0.0], [-0.7071067811865475, -0.7071067811865476, 0.0], [0.0, 0.0, -0.81252196]]
2	[[0.04673222253661188, -0.9725397674033924, -0.22799671093185395], [-0.8377629715199755, -0.16246744520517667, 0.5213036857710898], [-0.5440306084466285, 0.16664552219444034, -0.8223502702654952]]	0.1702259888405338	0.8297740111594659	[[0.007955038792010635, -0.16555154359298524, -0.03881096557076419], [-0.14260903024097177, -0.027656181514446466, 0.08873943539659866], [-0.09260814828234462, 0.028367398801395733, -0.1399853879292241]]	0.44826040235837084	0.866459734545065	[[0.12020444400642871, -0.5265647973720051, 0.08571829116392585], [-0.31072623099337493, -0.3790747499426974, 0.0], [0.06061198495373488, 0.060611984953734876, -0.460638865864177]]	[[0.09925623912906612, -0.0906137299262439, 0.18792018854262385], [0.06480973570111355, -0.30624702758488825, -0.2336797999346504], [0.3044793643912899, -0.014088603876365763, -0.09201180283545099]]	0.8998215115534541	[[0.5745397877789847, -0.5745397877789846, 0.0], [-0.7071067811865475, -0.7071067811865476, 0.0], [0.0, 0.0, -0.81252196]]
2	[[-0.8305561570912853, 0.32773595720904825, 0.4502950280316503], [-0.5100865793185324, -0.772219296347621, -0.37879947194723407], [0.22358030216652452, -0.5443036842615101, 0.808545204538665]]	0.1773495077171872	0.8226504922828127	[[-0.14729872559161822, 0.058123810672245854, 0.07985960154891017], [-0.09046360373528566, -0.13695271205696327, -0.06717989987337243], [0.039651856524493045, -0.0965319904524301, 0.1433950939920247]]	0.5029135747920872	0.6791977865156238	[[-0.35465493625668104, 0.13292302670072514, 0.3841856298677625], [-0.3565274781285336, -0.6078133102565978, -0.05374937975996221], [0.3025414213544606, -0.24077910687337908, 0.24722472293088205]]	[[0.06304302977167556, -0.03189983512718381, 0.15772614760926215], [-0.09999801306998297, -0.21945374340698545, 0.13675401680637628], [0.19009985233879878, 0.032958604751080485, -0.15940363626465734]]	0.6905899294444747	[[-0.5745397877789847, 0.5745397877789846, 0.0], [-0.7071067811865475, -0.7071067811865476, 0.0], [0.0, 0.0, 0.81252196]]
