2	[[0.22433838825039393, -0.7661379269479729, -0.6022499185961573], [-0.9416906372873723, -0.011392912655017143, -0.3362869982418849], [0.2507808429735371, 0.642575192824231, -0.724020780340167]]	0.13695764070696334	0.8630423592930364	[[0.030724856374776705, -0.10492844293091826, -0.08248272796689045], [-0.12897172795871525, -0.0015603464380116588, -0.04605707387963529], [0.034346352588159074, 0.08800558238602872, -0.09916017789820382]]	0.39501873456893877	0.8695715173592957	[[0.01806336598333205, -0.3009942627041338, 0.10279897004011448], [-0.4576504604395983, -0.12276600375843531, -0.13283966449749632], [0.269196047091562, 0.04223574400242477, -0.31687097504927025]]	[[-0.07055450025857384, 0.0016445717041245617, 0.340698970778215], [-0.08566501654292293, -0.11826558981839604, 0.0], [0.17013291584602358, -0.21159349553239482, -0.03086920259768189]]	0.9663823988661129	[[0.5953766689856337, -0.5953766689856336, 0.0], [-0.7071067811865475, -0.7071067811865476, 0.0], [0.0, 0.0, -0.8419897599999999]]
2	[[0.08740825448676931, -0.06334395238859675, -0.994156597696443], [0.7119981850616444, -0.6940087028176986, 0.10681996481098455], [-0.6967197295301035, -0.717174639895393, -0.015561310176609944]]	0.1476719804427617	0.8523280195572384	[[0.01290775004710613, -0.009354126898296082, -0.14680907365207166], [0.10514218205970488, -0.10248563958960169, 0.0157743157544642], [-0.10288598227325567, -0.10590659939667714, -0.002297969492064098]]	0.43626974804981433	1.0230518031431666	[[0.058592725349090206, -0.014549617989889234, -0.0009051580315737016], [0.6353387627881392, -0.6362479848618805, 0.03784483017492446], [0.007302890562257042, -0.012048977240381809, 0.022144675970119626]]	[[0.02045914818667327, 0.013085432159163319, 0.43281529036751415], [0.3247154939793708, -0.3334729829392246, -0.008757488959853798], [0.3112606314256901, 0.30083262221449764, 0.028933604840194256]]	0.8353731235346961	[[0.0, 0.0, -0.8419897599999999], [0.0, -1.0, 0.0], [-0.8419897599999999, 0.0, 0.0]]
2	[[0.04673222253661188, -0.9725397674033924, -0.22799671093185395], [-0.8377629715199755, -0.16246744520517667, 0.5213036857710898], [-0.5440306084466285, 0.16664552219444034, -0.8223502702654952]]	0.17310247590651082	0.8268975240934889	[[0.008089463425701562, -0.16834904165506936, -0.03946679516084499], [-0.14501884459290346, -0.02812351701922148, 0.09023895870616536], [-0.09417304529103694, 0.02884675249059102, -0.14235086784534556]]	0.45543403176876857	0.872866618191656	[[0.12234575916606096, -0.5417701294697882, 0.09203714423315197], [-0.30827168941535854, -0.3874251245578874, 0.0], [0.06508008880830611, 0.0650800888083061, -0.4753387364244862]]	[[0.10106231464269642, -0.09884242214580075, 0.1958746055228647], [0.07327407837056799, -0.31343192095692224, -0.23741943938664664], [0.3128501422187705, -0.010815953240919671, -0.10081243731133516]]	0.8931984261206852	[[0.5953766689856337, -0.5953766689856336, 0.0], [-0.7071067811865475, -0.7071067811865476, 0.0], [0.0, 0.0, -0.8419897599999999]]
2	[[0.8592155572171323, 0.2624339665249735, -0.4391776855101157], [-0.4266000482917053, 0.8413623931712975, -0.33184593135155627], [0.2824199444684594, 0.4724804086637203, 0.8348660002631537]]	0.16421292119632058	0.8357870788036795	[[0.1410942965879496, 0.04309504826420332, -0.07211865066185508], [-0.07005324011247242, 0.1381625763673859, -0.054493389774352724], [0.046377004085268375, 0.07758738811470085, 0.1370957847107006]]	0.0	0.6893928054122883	[[0.6488411824167759, 0.6488411824167758, 0.0], [-0.7071067811865474, 0.7071067811865475, 0.0], [0.0, 0.0, 0.9175999999999999]]	[[0.6488411824167759, 0.6488411824167758, 0.0], [-0.7071067811865474, 0.7071067811865475, 0.0], [0.0, 0.0, 0.9175999999999999]]	0.6893928054122882	[[0.648841182416776, 0.6488411824167759, 0.0], [-0.7071067811865475, 0.7071067811865476, 0.0], [0.0, 0.0, 0.9176]]
2	[[0.8489524140446696, -0.5135124485683378, 0.12483895166604869], [0.522794976890395, 0.7815435453534784, -0.34040431673891397], [0.0772347773085365, 0.35425224329800037, 0.9319550081910795]]	0.20759323970869176	0.7924067602913082	[[0.17623678199004766, -0.1066017128290442, 0.025915722418191817], [0.10852870295610773, 0.16224315655334545, -0.07066563492265482], [0.01603341763965843, 0.07354037086030359, 0.19346755941312654]]	0.0	0.4554680884892201	[[0.648841182416776, -0.6488411824167759, 0.0], [0.7071067811865475, 0.7071067811865476, 0.0], [0.0, 0.0, 0.9176]]	[[0.648841182416776, -0.6488411824167759, 0.0], [0.7071067811865475, 0.7071067811865476, 0.0], [0.0, 0.0, 0.9176]]	0.4554680884892201	[[0.648841182416776, -0.6488411824167759, 0.0], [0.7071067811865475, 0.7071067811865476, 0.0], [0.0, 0.0, 0.9176]]
2	[[-0.42203838922340475, -0.825029846081567, 0.3757783270710803], [0.2588054115689476, 0.28760896992378115, 0.9221175843470338], [-0.8688517462515349, 0.4864224845687207, 0.09214016247897017]]	0.1049278953311324	0.8950721046688678	[[-0.04428359993015312, -0.08656864533470693, 0.03942962897062238], [0.027155907136237164, 0.03017820389245732, 0.09675585737336223], [-0.09116678508895269, 0.05103928754753609, 0.009668073324386886]]	0.33443385239455486	1.1259267777251138	[[-0.2248324261563525, -0.4375489702153597, 0.2758803412031337], [0.18594701953098977, 0.017184210445053773, 0.017030393415929636], [0.15147302998172618, 0.1626761454056482, -0.08753862474796782]]	[[-0.08368850178997665, -0.16163106044981457, 0.15020734763437132], [0.0993937287194284, -0.07900196534978604, -0.29135694267800977], [0.44204646664036323, 0.0, -0.11835341424607]]	1.0000000000000002	[[0.0, 0.0, 0.0], [0.0, 0.0, 0.0], [0.0, 0.0, 0.0]]
2	[[-0.30792515101507295, 0.09349718223056193, 0.9468053539599837], [0.3027085282091916, -0.9338174967034747, 0.1906631317268273], [0.9019698710720718, 0.34531602882779927, 0.2592434992682147]]	0.5281659724201646	0.47183402757983556	[[-0.16263558681850204, 0.049382030171350046, 0.500070370466893], [0.15988034416148453, -0.4932106262093545, 0.10070177837317369], [0.4763897940484713, 0.1823841761581042, 0.13692359488460287]]	0.7643606488984275	0.33345224892533126	[[-0.08185254999619082, 0.122707710333418, 0.7358169195488936], [0.31347885260486397, -0.8097872305707723, 0.14573539508772412], [0.6773141111239447, 0.26394598386984475, 0.08185254999619082]]	[[0.1535133182458366, 0.05124214345349117, 0.012116164815535149], [0.08210036555579832, -0.09601388283779919, 0.0], [-0.012116164815535149, 0.0, -0.11630297932716081]]	0.483097221774283	[[0.0, 0.0, 0.9176], [0.0, -1.0, 0.0], [0.9176, 0.0, 0.0]]
2	[[0.8787972042104137, -0.3840163418041313, 0.28327887866788265], [-0.395223040501579, -0.9183905790867732, -0.018907472103605397], [0.2674214316928388, -0.09534250611366366, -0.9588511794847616]]	0.546051118773944	0.453948881226056	[[0.47986819653451057, -0.2096925530696232, 0.1546847486216257], [-0.21581198343112698, -0.5014882031817829, -0.010324446295360864], [0.14602577196000446, -0.05206188213007763, -0.52358175929537]]	0.7920240799725653	0.3672750075149243	[[0.5493970339714324, -0.23605642840452123, 0.23111192632429448], [-0.3504961610584302, -0.8424332242129927, -0.014975173197465007], [0.20505598032976205, -0.07551356068695314, -0.6362779486575475]]	[[-0.14663151317578313, 0.06809376140732595, 0.006748233071704767], [-0.037469996021207194, -0.11504577075631983, 0.0], [-0.006748233071704767, 0.0, 0.12315527460447974]]	0.511258537133457	[[0.5953766689856337, -0.5953766689856336, 0.0], [-0.7071067811865475, -0.7071067811865476, 0.0], [0.0, 0.0, -0.8419897599999999]]
2	[[-0.5446221603179724, 0.8109226453022452, -0.2139887049042392], [-0.8354447797583356, -0.5021691245819775, 0.22328947644507607], [0.07361197229480154, 0.30038414347728, 0.9509735242804028]]	0.23128720053569266	0.7687127994643072	[[-0.12596413480964502, 0.18755602848295477, -0.04949284850355997], [-0.19322768431246373, -0.11614529102002509, 0.05164399791606214], [0.017025506997975608, 0.06947500763017193, 0.21994800421437594]]	0.5866466480672676	0.5801235900124897	[[-0.3333155058314005, 0.5183893259677076, 0.13279003814412818], [-0.60516594645094, -0.40637228389417523, 0.130992022905199], [0.17188633070672055, 0.01590714218474612, 0.4975490351335023]]	[[-0.013814741017708038, 0.04266427425930351, 0.2583257946004558], [-0.11505506676041569, -0.11177645019528401, 0.0], [0.12870211390235464, -0.16031220871875737, -0.06033639528631236]]	0.43746699604363526	[[-0.5953766689856337, 0.5953766689856336, 0.0], [-0.7071067811865475, -0.7071067811865476, 0.0], [0.0, 0.0, 0.8419897599999999]]
2	[[0.034229894132735264, 0.2773841392786001, 0.9601491309293217], [-0.1827544195208179, -0.9427759796974285, 0.2788803941677556], [0.9825625356654255, -0.18501754344446375, 0.018422055382213542]]	0.7406162421418715	0.25938375785812867	[[0.025351215561500478, 0.20543519886227432, 0.7111020412446579], [-0.13535089142032722, -0.698235203265131, 0.20654334953556705], [0.7277017728339161, -0.1370269977561592, 0.013643673429704434]]	0.8632788525148776	0.20529239171608543	[[0.0, 0.2027103369969651, 0.7876073372287864], [-0.18969557610755053, -0.8217029638627034, 0.24075154666603682], [0.8054138001975598, -0.1597217325998582, 0.0]]	[[-0.02954994372861344, -0.03674952446529175, -0.041269102763035234], [-0.03192755053159631, -0.007824397930917736, 0.0], [-0.04281165811579722, 0.0, -0.01590337083132283]]	0.37508412024258014	[[0.0, 0.0, 0.9176], [0.0, -1.0, 0.0], [0.9176, 0.0, 0.0]]
2	[[0.5319609947059123, -0.8460851799387872, 0.03402011756955908], [-0.703274286200726, -0.4190807785627857, 0.5742617690636116], [-0.47161719485230363, -0.3294103357928521, -0.8179645788128509]]	0.14726513933145843	0.8527348606685419	[[0.07833931000426739, -0.12459885190996758, 0.005009977353953726], [-0.10356778574558195, -0.06171598924618467, 0.08456873943388257], [-0.0694527719110361, -0.04851065899775688, -0.12045766766707225]]	0.4501269860127026	0.8259045202034376	[[0.2129153960949809, -0.4836939599900222, 0.22084126528731704], [-0.38261991502511605, -0.39821762591665916, 0.0], [0.12237976717835677, -0.14216680653897845, -0.3174497786069001]]	[[-0.026534603128310717, -0.10284818803416075, 0.2055278923019336], [-0.06605718023734838, -0.20957805816633546, -0.25849071929092615], [0.33466739364898973, 0.0061096750728903745, 0.050738151919278225]]	0.701283976484193	[[0.5953766689856337, -0.5953766689856336, 0.0], [-0.7071067811865475, -0.7071067811865476, 0.0], [0.0, 0.0, -0.8419897599999999]]
2	[[-0.8305561570912853, 0.32773595720904825, 0.4502950280316503], [-0.5100865793185324, -0.772219296347621, -0.37879947194723407], [0.22358030216652452, -0.5443036842615101, 0.808545204538665]]	0.18140667874383423	0.8185933212561655	[[-0.15066843396817228, 0.059453491502224814, 0.0816865254900834], [-0.09253311222597833, -0.14008573781232248, -0.06871675411586593], [0.040558960048572096, -0.09874032358991314, 0.1466755001696133]]	0.511183569261857	0.6700377312227177	[[-0.36609100353094326, 0.14030533591879585, 0.3933562566984343], [-0.35516163641684456, -0.6058461714659744, -0.0561096188682117], [0.3115512345134286, -0.24473851855380982, 0.2553393149964084]]	[[0.058475657323391474, -0.027227900462776674, 0.16317283704834734], [-0.0944137581682258, -0.2111003553061178, 0.13752644723628207], [0.19726065763530004, 0.033500581529367766, -0.15797570856922458]]	0.6865524418909881	[[-0.5953766689856337, 0.5953766689856336, 0.0], [-0.7071067811865475, -0.7071067811865476, 0.0], [0.0, 0.0, 0.8419897599999999]]
2	[[0.3802729664721569, 0.7767473726770865, -0.5020517802076895], [0.4287143634067757, 0.332951791095048, 0.839849450446521], [0.8195098935212374, -0.5346088512602871, -0.20639019011321075]]	0.12256744229755276	0.8774325577024477	[[0.046609084875395314, 0.0952039387803745, -0.0615352026009896], [0.05254642299899204, 0.0408090494429091, 0.10293819905623536], [0.1004452315864379, -0.06552563952860621, -0.02529671771748189]]	0.40244427806288696	0.8981488881351349	[[0.20801735138563515, 0.3328421304704149, 0.11047879103636338], [0.2396411744657161, -0.205744506778089, 0.32818462071855314], [0.5566362315895936, 0.0, -0.07992292244896457]]	[[0.05497867192691561, 0.020244594836140724, 0.3125266572722341], [0.06710753198928616, -0.3397390499750806, -0.00980798504790936], [0.22682916412604598, 0.21515027319147556, 0.003137628610408519]]	1.0000000000000007	[[0.0, 0.0, 0.0], [0.0, 0.0, 0.0], [0.0, 0.0, 0.0]]
2	[[-0.3195682178843842, -0.5708200961323295, -0.7563336379995778], [0.910087742671785, 0.03735879733279218, -0.41272826520656647], [0.2638493031197415, -0.8202248094963509, 0.507557688474819]]	0.1123622898697814	0.8876377101302185	[[-0.03590741673109464, -0.0641386531051173, -0.08498337947117487], [0.10225954274902212, 0.004197720015093626, -0.04637509297259223], [0.029646711879080218, -0.0921623378030152, 0.057030344118043794]]	0.3557903035123431	1.0828213190734448	[[-0.04832977470114208, -0.26846175378670784, 0.180875361724178], [0.5359821671177897, -0.22961476951464935, -0.1468447147459671], [0.23303045165558417, -0.04780365532073944, 0.0881376726418065]]	[[0.06536949853284152, -0.0653694985328415, 0.44997153634464243], [0.21218177292973195, -0.24290666735653957, 0.0], [0.13915542801709108, 0.24402437859832102, -0.0924464313906726]]	0.9582203446865066	[[1.6812301014085026e-16, -0.8419897599999999, 0.0], [1.0, 1.7938038903913487e-16, 0.0], [0.0, 0.0, 0.8419897599999999]]
