2	[[0.8787972042104137, -0.3840163418041313, 0.28327887866788265], [-0.395223040501579, -0.9183905790867732, -0.018907472103605397], [0.2674214316928388, -0.09534250611366366, -0.9588511794847616]]	0.5241445361013313	0.47585546389866873	[[0.46061675292801435, -0.2012800673302567, 0.1484790764466827], [-0.20715399722025785, -0.4813694040352696, -0.009910248194593114], [0.14016748225819683, -0.04997325363768458, -0.5025766066612548]]	0.777801207243518	0.3873142554118275	[[0.5316567853775795, -0.22756798029503675, 0.2270591379293634], [-0.351983636493343, -0.8403269773749754, -0.01470625462810742], [0.20127622829858585, -0.07415751635683009, -0.6139778028978452]]	[[-0.1518727409795088, 0.07112039396145606, 0.006724484114894174], [-0.04457867846076104, -0.12600167624020953, 0.0], [-0.006724484114894174, 0.0, 0.1318178020722736]]	0.5173924827706736	[[0.8999999999999999, 0.0, 0.0], [0.0, -1.0, 0.0], [0.0, 0.0, -0.8999999999999999]]
2	[[-0.30792515101507295, 0.09349718223056193, 0.9468053539599837], [0.3027085282091916, -0.9338174967034747, 0.1906631317268273], [0.9019698710720718, 0.34531602882779927, 0.2592434992682147]]	0.5053661515778699	0.49463384842213015	[[-0.15561494854252184, 0.04725031116723389, 0.4784833780240799], [0.15297864395088023, -0.47191975458511526, 0.0963546931285712], [0.4558250425828804, 0.1745110325668577, 0.131012889546758]]	0.7499026725091814	0.3508705421511981	[[-0.07029379804872306, 0.11581282154504347, 0.7228461281883048], [0.31969557145459787, -0.8083540036819603, 0.1429787920309179], [0.6635553539319967, 0.2589534128782242, 0.07029379804872306]]	[[0.16062009563027338, 0.045699034718267126, 0.012834262907711726], [0.09269363715920415, -0.10808176726819099, 0.0], [-0.012834262907711726, 0.0, -0.12411359488314316]]	0.4879111313165742	[[0.0, 0.0, 0.8999999999999999], [0.0, -1.0, 0.0], [0.8999999999999999, 0.0, 0.0]]
2	[[0.034229894132735264, 0.2773841392786001, 0.9601491309293217], [-0.1827544195208179, -0.9427759796974285, 0.2788803941677556], [0.9825625356654255, -0.18501754344446375, 0.018422055382213542]]	0.706778269839985	0.29322173016001485	[[0.024192945351940488, 0.19604908204038238, 0.6786125415465913], [-0.12916685243453452, -0.6663335757772457, 0.19710660248217937], [0.6944538489671982, -0.13076637924572238, 0.013020308429937278]]	0.8468314068591752	0.23786710684414983	[[0.005580602009563241, 0.19687399000576586, 0.7573160810296298], [-0.18654082049276619, -0.8192020921200605, 0.23616467653852183], [0.7716539680860979, -0.1566786666087038, -0.007892163048130884]]	[[-0.023406347395501587, -0.03802361089995247, -0.05576835830986216], [-0.03177863830022003, -0.020829782879849552, 0.0], [-0.060410846318573054, 0.0, -0.023492538124688413]]	0.3835739060264484	[[0.0, 0.0, 0.8999999999999999], [0.0, -1.0, 0.0], [0.8999999999999999, 0.0, 0.0]]
2	[[-0.5446221603179724, 0.8109226453022452, -0.2139887049042392], [-0.8354447797583356, -0.5021691245819775, 0.22328947644507607], [0.07361197229480154, 0.30038414347728, 0.9509735242804028]]	0.22570237806623972	0.7742976219337603	[[-0.12292251673133922, 0.18302716947248257, -0.04829775957620159], [-0.18856187353448223, -0.11334076560959407, 0.0503969658308193], [0.01661439720108287, 0.06779741551621264, 0.21463698590811978]]	0.5798751217636982	0.5808855306425771	[[-0.3159060088423756, 0.5103108952062018, 0.1300440996849677], [-0.6023044129903832, -0.41771645620539166, 0.1294800123421409], [0.16611558249228903, 0.01779454698879101, 0.49476841232688845]]	[[-9.316731278307365e-05, 0.040077027520622005, 0.2541308259973695], [-0.11785076960117237, -0.12652107394244777, 0.0], [0.12342983109457502, -0.1563907447859809, -0.05667747585926342]]	0.4524869361568571	[[-0.5727564927611034, 0.5727564927611033, 0.0], [-0.7071067811865475, -0.7071067811865476, 0.0], [0.0, 0.0, 0.8099999999999998]]
2	[[0.04673222253661188, -0.9725397674033924, -0.22799671093185395], [-0.8377629715199755, -0.16246744520517667, 0.5213036857710898], [-0.5440306084466285, 0.16664552219444034, -0.8223502702654952]]	0.16997453128234888	0.830025468717651	[[0.007943287621443022, -0.16530699111783623, -0.03875363407455905], [-0.1423983684098156, -0.027615327847390646, 0.08860834964470186], [-0.09247134767396671, 0.02832549452530226, -0.13977860173829043]]	0.44763474847420115	0.8547428003480966	[[-0.04361445666673348, -0.5252575952269715, 0.08518251253340522], [-0.31093943363183296, -0.1763301278589296, 0.0], [0.06023313225087891, 0.0602331322508789, -0.45937659891245636]]	[[-0.06453342334755013, -0.08991500106419574, 0.18724176288433078], [0.06407238340551057, -0.10360405388926427, -0.23335364425881575], [0.3037601368251521, -0.014363194160981307, -0.09126404252446992]]	0.9004091249103023	[[0.5727564927611034, -0.5727564927611033, 0.0], [-0.7071067811865475, -0.7071067811865476, 0.0], [0.0, 0.0, -0.8099999999999998]]
2	[[0.3802729664721569, 0.7767473726770865, -0.5020517802076895], [0.4287143634067757, 0.332951791095048, 0.839849450446521], [0.8195098935212374, -0.5346088512602871, -0.20639019011321075]]	0.1206035706007245	0.879396429399276	[[0.04586227755947171, 0.09367850659958829, -0.060549237319497504], [0.05170448299467373, 0.04015517484396931, 0.10128884249090668], [0.09883581930128081, -0.06447573633674226, -0.02489139386461557]]	0.3950065316375964	0.9016022197778839	[[0.19867398378401788, 0.32582504541142976, 0.10313074705235267], [0.23671085331752675, -0.20985070555156465, 0.32829001674547714], [0.5388446437107306, 0.0, -0.08472572098242685]]	[[0.04846367822231121, 0.019004759771638315, 0.301444479454673], [0.06736587956499619, -0.34136883775454496, -0.00345600177314455], [0.2151328830282106, 0.21117398811908572, -0.003200247821783339]]	1.0000000000000007	[[0.0, 0.0, 0.0], [0.0, 0.0, 0.0], [0.0, 0.0, 0.0]]
2	[[-0.42203838922340475, -0.825029846081567, 0.3757783270710803], [0.2588054115689476, 0.28760896992378115, 0.9221175843470338], [-0.8688517462515349, 0.4864224845687207, 0.09214016247897017]]	0.1032565613653172	0.896743438634683	[[-0.043578232835366125, -0.08518974493013955, 0.038801577888971275], [0.02672335686134522, 0.02969751325215061, 0.09521469093416757], [-0.0897146436541846, 0.05022631312734017, 0.009514076341220076]]	0.32860643706218035	1.1206643472248417	[[-0.22111107166732502, -0.4248818471775174, 0.26645618744499733], [0.18680628502902163, 0.019761430503626, 0.01141097237941021], [0.1417497781435542, 0.1598415595610607, -0.08629088066256435]]	[[-0.08242654028116028, -0.15377172898669472, 0.14297301026098302], [0.10176116084093863, -0.07474872837015153, -0.29160280156525314], [0.4272600548145248, 0.0, -0.11656873116510909]]	1.0000000000000002	[[0.0, 0.0, 0.0], [0.0, 0.0, 0.0], [0.0, 0.0, 0.0]]
2	[[0.8489524140446696, -0.5135124485683378, 0.12483895166604869], [0.522794976890395, 0.7815435453534784, -0.34040431673891397], [0.0772347773085365, 0.35425224329800037, 0.9319550081910795]]	0.2037104452280813	0.7962895547719187	[[0.1729404742424941, -0.10460784952801831, 0.025430998425697737], [0.10649879750534684, 0.15920858358909018, -0.06934391492044499], [0.0157335308726137, 0.07216488220528224, 0.18984896965114495]]	0.0	0.46237683169059673	[[0.6363961030678923, -0.6363961030678923, 0.0], [0.7071067811865471, 0.7071067811865471, 0.0], [0.0, 0.0, 0.8999999999999994]]	[[0.6363961030678923, -0.6363961030678924, 0.0], [0.7071067811865472, 0.7071067811865471, 0.0], [0.0, 0.0, 0.8999999999999994]]	0.46237683169059673	[[0.6363961030678927, -0.6363961030678926, 0.0], [0.7071067811865475, 0.7071067811865476, 0.0], [0.0, 0.0, 0.8999999999999999]]
2	[[0.5319609947059123, -0.8460851799387872, 0.03402011756955908], [-0.703274286200726, -0.4190807785627857, 0.5742617690636116], [-0.47161719485230363, -0.3294103357928521, -0.8179645788128509]]	0.14421564578334317	0.8557843542166569	[[0.07671709838306277, -0.12201872061258832, 0.004906233224919204], [-0.10142315534725739, -0.060438005115818386, 0.08281753187419383], [-0.06801457831815376, -0.047506124304074096, -0.1179632899613956]]	0.4421486445868555	0.8333298591842	[[0.21011075963827291, -0.462493232864518, 0.21582947433055835], [-0.38134158601845425, -0.3970544861469253, 0.0], [0.11150337414073655, -0.13558570524702757, -0.30497827223284374]]	[[-0.025095073144021644, -0.08839781734955743, 0.20078752545849232], [-0.0703898136020149, -0.2117584879329854, -0.2539090628295257], [0.3200282776085375, 0.010062628236682955, 0.05668365760931643]]	0.7141557076227495	[[0.5727564927611034, -0.5727564927611033, 0.0], [-0.7071067811865475, -0.7071067811865476, 0.0], [0.0, 0.0, -0.8099999999999998]]
2	[[0.08740825448676931, -0.06334395238859675, -0.994156597696443], [0.7119981850616444, -0.6940087028176986, 0.10681996481098455], [-0.6967197295301035, -0.717174639895393, -0.015561310176609944]]	0.14225948254693518	0.8577405174530649	[[0.012434653053618645, -0.009011277889279481, -0.14142820315891755], [0.1012884933812265, -0.0987293189459155, 0.015196152919692485], [-0.0991149882031932, -0.10202489316730318, -0.002213743933476852]]	0.4273528927928305	1.021693414231656	[[0.05687885348161561, -0.014175935487647486, -0.0012847339480408573], [0.6354918330415469, -0.6359896514020014, 0.037464145332753065], [0.006453107922857205, -0.011665154931309468, 0.02096190068286015]]	[[0.019524683072722773, 0.012894285806550648, 0.42357096396661226], [0.3312173489922082, -0.3394030246294578, -0.008185675637249534], [0.30419829980338536, 0.2948215020656432, 0.027612071602480935]]	0.8466258590674274	[[0.0, 0.0, -0.8099999999999998], [0.0, -1.0, 0.0], [-0.8099999999999998, 0.0, 0.0]]
2	[[0.22433838825039393, -0.7661379269479729, -0.6022499185961573], [-0.9416906372873723, -0.011392912655017143, -0.3362869982418849], [0.2507808429735371, 0.642575192824231, -0.724020780340167]]	0.13320397659824063	0.8667960234017594	[[0.0298827654185925, -0.10205261849220236, -0.0802220840629749], [-0.12543693761200944, -0.0015175812706847147, -0.04479476544410462], [0.033405005538734114, 0.08559357094756882, -0.09644244708107148]]	0.3869900479759814	0.8528200235374005	[[0.1562769128758669, -0.2937118492143779, 0.09855750922198558], [-0.4496926221487828, -0.29238662340172306, -0.13013972158332585], [0.2608514216750788, 0.043458879133084674, -0.31173609284074955]]	[[0.06946018924399258, 0.0027759038914371564, 0.3316222341130434], [-0.08526771724641, -0.2879776795867718, 0.0], [0.16380173122129257, -0.20521132556614002, -0.03154725632130066]]	0.9715105598513287	[[0.5727564927611034, -0.5727564927611033, 0.0], [-0.7071067811865475, -0.7071067811865476, 0.0], [0.0, 0.0, -0.8099999999999998]]
2	[[0.8592155572171323, 0.2624339665249735, -0.4391776855101157], [-0.4266000482917053, 0.8413623931712975, -0.33184593135155627], [0.2824199444684594, 0.4724804086637203, 0.8348660002631537]]	0.1604848246041288	0.8395151753958713	[[0.13789105799713028, 0.04211666908792619, -0.07048135382913816], [-0.06846283392620718, 0.13502589609660573, -0.05325623608854827], [0.045324115252728545, 0.07582593551328426, 0.13398332362018275]]	0.0	0.6904213443991938	[[0.6363961030678927, 0.6363961030678926, 0.0], [-0.7071067811865475, 0.7071067811865476, 0.0], [0.0, 0.0, 0.8999999999999999]]	[[0.6363961030678927, 0.6363961030678926, 0.0], [-0.7071067811865475, 0.7071067811865476, 0.0], [0.0, 0.0, 0.8999999999999999]]	0.6904213443991938	[[0.6363961030678927, 0.6363961030678926, 0.0], [-0.7071067811865475, 0.7071067811865476, 0.0], [0.0, 0.0, 0.8999999999999999]]
2	[[-0.3195682178843842, -0.5708200961323295, -0.7563336379995778], [0.910087742671785, 0.03735879733279218, -0.41272826520656647], [0.2638493031197415, -0.8202248094963509, 0.507557688474819]]	0.1094791317437965	0.8905208682562035	[[-0.03498605102689477, -0.06249288850647789, -0.08280274999682066], [0.09963561587837869, 0.0040900086949865605, -0.04518513212093827], [0.028885992616755063, -0.08979749997838139, 0.055566975044111504]]	0.34855070041869907	1.0625235838393763	[[-0.1729866655024786, -0.2605606836473137, 0.17693642953425837], [0.5334550195261578, -0.07269018848361301, -0.1438567259203433], [0.22299221373790656, -0.0491319200293241, 0.08979270396917441]]	[[-0.06160093932732111, -0.061600939327321094, 0.44055704880923396], [0.21624329937543452, -0.08571162346075797, 0.0], [0.13102735433053506, 0.236758011821423, -0.08711688385161967]]	0.9513301116376055	[[1.6173550402096185e-16, -0.8099999999999998, 0.0], [1.0, 1.7938038903913487e-16, 0.0], [0.0, 0.0, 0.8099999999999998]]
2	[[-0.8305561570912853, 0.32773595720904825, 0.4502950280316503], [-0.5100865793185324, -0.772219296347621, -0.37879947194723407], [0.22358030216652452, -0.5443036842615101, 0.808545204538665]]	0.17699806769335996	0.8230019323066399	[[-0.1470068349159802, 0.05800863113963527, 0.07970134985352949], [-0.09028433889569601, -0.13668132328905502, -0.06704677457792554], [0.03957328145777239, -0.096340700352664, 0.1431109388460762]]	0.5021916899197891	0.6799894254176312	[[-0.3536790717741457, 0.13229653220295517, 0.3833942915728943], [-0.3566459888596904, -0.607980907817279, -0.05354319434043567], [0.3017679156410601, -0.24043349123775185, 0.2465308594714799]]	[[0.06341932832881265, -0.032289741995336456, 0.15725987048320106], [-0.10048474758631207, -0.22017879439579685, 0.13668675261746951], [0.18948774586327605, 0.032911295791103225, -0.15951382317233387]]	0.6909802045351534	[[-0.5727564927611034, 0.5727564927611033, 0.0], [-0.7071067811865475, -0.7071067811865476, 0.0], [0.0, 0.0, 0.8099999999999998]]
