2	[[-0.5446221603179724, 0.8109226453022452, -0.2139887049042392], [-0.8354447797583356, -0.5021691245819775, 0.22328947644507607], [0.07361197229480154, 0.30038414347728, 0.9509735242804028]]	0.23046352074734905	0.7695364792526507	[[-0.1255155405439071, 0.1868880878901092, -0.049316590332396444], [-0.19253954533309967, -0.11573166446177673, 0.051460078887364494], [0.01696487430421629, 0.06922758728245079, 0.21916470654317627]]	0.5856611146340059	0.580188350674148	[[-0.3307153705233652, 0.5172033373643923, 0.13238445744285723], [-0.6047494765489785, -0.4080233239380559, 0.13077196366086685], [0.1710279275733723, 0.01619196758972024, 0.4971588328120674]]	[[-0.01175134905716129, 0.04227747703472281, 0.2577093208761614], [-0.11546195562055014, -0.11392239470059193, 0.0], [0.12791625782879124, -0.15973134469756473, -0.05978938140542207]]	0.4396388215698389	[[-0.5920074748789074, 0.5920074748789073, 0.0], [-0.7071067811865475, -0.7071067811865476, 0.0], [0.0, 0.0, 0.8372250000000001]]
2	[[0.5319609947059123, -0.8460851799387872, 0.03402011756955908], [-0.703274286200726, -0.4190807785627857, 0.5742617690636116], [-0.47161719485230363, -0.3294103357928521, -0.8179645788128509]]	0.1468116491794418	0.8531883508205584	[[0.0780980709319113, -0.12421516061309812, 0.0049945495656655015], [-0.10324885778262337, -0.06152594024020702, 0.08430831737693258], [-0.06923889815764887, -0.04836127465450233, -0.12008672878588215]]	0.44895957325450764	0.8269691749897236	[[0.21250978067075524, -0.4805297090124524, 0.22010252894098115], [-0.38243286642542673, -0.39804743212144855, 0.0], [0.12074548068712464, -0.14118386829583668, -0.3155912503437578]]	[[-0.026319200500454557, -0.10067166769017126, 0.20482887147488374], [-0.06669114301188031, -0.2098971046187334, -0.2578203187751777], [0.3324825352275029, 0.006708055487346264, 0.05164177789736273]]	0.7031758377418413	[[0.5920074748789074, -0.5920074748789073, 0.0], [-0.7071067811865475, -0.7071067811865476, 0.0], [0.0, 0.0, -0.8372250000000001]]
2	[[0.8592155572171323, 0.2624339665249735, -0.4391776855101157], [-0.4266000482917053, 0.8413623931712975, -0.33184593135155627], [0.2824199444684594, 0.4724804086637203, 0.8348660002631537]]	0.16366471744397465	0.8363352825560254	[[0.1406232713954092, 0.04295118097901132, -0.0718778918067119], [-0.06981937636524788, 0.13770133834636672, -0.05431147058958508], [0.046222180411973485, 0.07732837258176146, 0.13663810803665033]]	0.0	0.689522037357303	[[0.6470027047856909, 0.6470027047856909, 0.0], [-0.7071067811865474, 0.7071067811865474, 0.0], [0.0, 0.0, 0.9149999999999997]]	[[0.6470027047856909, 0.6470027047856908, 0.0], [-0.7071067811865472, 0.7071067811865474, 0.0], [0.0, 0.0, 0.9149999999999997]]	0.6895220373573028	[[0.6470027047856911, 0.647002704785691, 0.0], [-0.7071067811865475, 0.7071067811865476, 0.0], [0.0, 0.0, 0.915]]
2	[[0.8787972042104137, -0.3840163418041313, 0.28327887866788265], [-0.395223040501579, -0.9183905790867732, -0.018907472103605397], [0.2674214316928388, -0.09534250611366366, -0.9588511794847616]]	0.542735160925282	0.45726483907471815	[[0.47695414204782677, -0.20841917106700333, 0.15374540780054674], [-0.21450144048800368, -0.49844285873292266, -0.010261749914840556], [0.14513901376468213, -0.051745730398618926, -0.5204022492010585]]	0.7899363813393804	0.3702507653282977	[[0.5467617624403934, -0.23479077011849941, 0.23051747646836762], [-0.3507103827790391, -0.8421244012006694, -0.01493570009379733], [0.2045007339004543, -0.07531451426725522, -0.6329614035543772]]	[[-0.14743212098474534, 0.06855770930144273, 0.006745184143582997], [-0.03850932434327442, -0.11665427050068598, 0.0], [-0.006745184143582997, 0.0, 0.12447002741081208]]	0.5130095655861587	[[0.5920074748789074, -0.5920074748789073, 0.0], [-0.7071067811865475, -0.7071067811865476, 0.0], [0.0, 0.0, -0.8372250000000001]]
2	[[0.08740825448676931, -0.06334395238859675, -0.994156597696443], [0.7119981850616444, -0.6940087028176986, 0.10681996481098455], [-0.6967197295301035, -0.717174639895393, -0.015561310176609944]]	0.14686675292431972	0.8531332470756806	[[0.012837366515254418, -0.009303120604705905, -0.14600855140196584], [0.10456886152801265, -0.10192680468405463, 0.01568830137927939], [-0.10232496437439659, -0.10532911064110466, -0.002285439096886867]]	0.43496192439137	1.0228479752136659	[[0.05833880875257893, -0.014494434299014591, -0.0009627923377421438], [0.635361213404757, -0.6362100954265515, 0.03778899562017902], [0.007174800686931087, -0.01199200441286557, 0.021967600359110565]]	[[0.02031954617332312, 0.01305777313048476, 0.4314574745426798], [0.32566911266718146, -0.3343427345046068, -0.008673621837425252], [0.31022135500477976, 0.29995165708072236, 0.02873617777957988]]	0.8370291662094954	[[0.0, 0.0, -0.8372250000000001], [0.0, -1.0, 0.0], [-0.8372250000000001, 0.0, 0.0]]
2	[[0.22433838825039393, -0.7661379269479729, -0.6022499185961573], [-0.9416906372873723, -0.011392912655017143, -0.3362869982418849], [0.2507808429735371, 0.642575192824231, -0.724020780340167]]	0.13640520477824605	0.863594795221754	[[0.03060092378891665, -0.10450520081371915, -0.08215002347379087], [-0.12845150421694107, -0.0015540525837282881, -0.045871296859445986], [0.034207812240266505, 0.08765060076261018, -0.09876020280600602]]	0.3938412944274079	0.8498453483619144	[[0.1587494106708661, -0.2999205252697307, 0.10216633414468643], [-0.4564834104950113, -0.290653738323588, -0.1324437066866914], [0.2679581103006355, 0.042425382324294256, -0.3161243582147634]]	[[0.07039568945257253, 0.0018162275893898322, 0.33935722165339804], [-0.08560675095558172, -0.2861667388562376, 0.0], [0.16919025848634106, -0.21064726338454212, -0.030975076893250006]]	0.9671113518501449	[[0.5920074748789074, -0.5920074748789073, 0.0], [-0.7071067811865475, -0.7071067811865476, 0.0], [0.0, 0.0, -0.8372250000000001]]
2	[[0.034229894132735264, 0.2773841392786001, 0.9601491309293217], [-0.1827544195208179, -0.9427759796974285, 0.2788803941677556], [0.9825625356654255, -0.18501754344446375, 0.018422055382213542]]	0.7355033884243781	0.2644966115756218	[[0.025176203120034532, 0.20401697433459007, 0.706192939191238], [-0.13441649480709186, -0.6934149275925715, 0.20511747487551044], [0.7226780743207695, -0.1360810301213577, 0.013549484155359611]]	0.8609276764142988	0.2095640267787124	[[0.00047267263478263546, 0.20148692044034464, 0.7836720638075552], [-0.18969100437605313, -0.8215087504790827, 0.2400958497483496], [0.8009561701858747, -0.15928672377352374, -0.0006684600506722278]]	[[-0.028996790584820572, -0.03732076206296077, -0.042946896494634026], [-0.032352666623551414, -0.009846816898961327, 0.0], [-0.044959110576301614, 0.0, -0.01652851738565686]]	0.3763236851409245	[[0.0, 0.0, 0.915], [0.0, -1.0, 0.0], [0.915, 0.0, 0.0]]
2	[[0.8489524140446696, -0.5135124485683378, 0.12483895166604869], [0.522794976890395, 0.7815435453534784, -0.34040431673891397], [0.0772347773085365, 0.35425224329800037, 0.9319550081910795]]	0.20702742870492682	0.7929725712950735	[[0.17575643537250835, -0.10631116183507393, 0.025845087165640657], [0.10823289980547011, 0.16180095061546282, -0.07047303041451485], [0.015989717352783928, 0.07333993104293716, 0.19294024901447818]]	0.0	0.45647136387752507	[[0.647002704785691, -0.6470027047856909, 0.0], [0.7071067811865474, 0.7071067811865475, 0.0], [0.0, 0.0, 0.9149999999999999]]	[[0.647002704785691, -0.6470027047856909, 0.0], [0.7071067811865474, 0.7071067811865475, 0.0], [0.0, 0.0, 0.9149999999999999]]	0.4564713638775249	[[0.6470027047856911, -0.647002704785691, 0.0], [0.7071067811865475, 0.7071067811865476, 0.0], [0.0, 0.0, 0.915]]
2	[[-0.3195682178843842, -0.5708200961323295, -0.7563336379995778], [0.910087742671785, 0.03735879733279218, -0.41272826520656647], [0.2638493031197415, -0.8202248094963509, 0.507557688474819]]	0.11193743580072256	0.8880625641992773	[[-0.03577164687338457, -0.06389613786457493, -0.08466204804750466], [0.10187288826834745, 0.00418184797803163, -0.04619974368970363], [0.02953461442903145, -0.09181386195515767, 0.05681470616881319]]	0.3547285643479344	1.0659529998256994	[[-0.17816476798321426, -0.26729098604382995, 0.18029641519442452], [0.5356115429913604, -0.07409882265338869, -0.14640650498253885], [0.23153216452904904, -0.048009796960306036, 0.08839739321269306]]	[[-0.06480479284185879, -0.06480479284185879, 0.44858956077006507], [0.21277742460274568, -0.08735105519701564, 0.0], [0.1379372800291802, 0.24294737215489254, -0.09164781694373557]]	0.9571342570657716	[[1.6717161401722201e-16, -0.8372250000000001, 0.0], [1.0, 1.7938038903913487e-16, 0.0], [0.0, 0.0, 0.8372250000000001]]
2	[[0.3802729664721569, 0.7767473726770865, -0.5020517802076895], [0.4287143634067757, 0.332951791095048, 0.839849450446521], [0.8195098935212374, -0.5346088512602871, -0.20639019011321075]]	0.12228345708990447	0.8777165429100959	[[0.04650109297804868, 0.09498335401645455, -0.061392627321937135], [0.05242467446147818, 0.040714496059378186, 0.102699694235657], [0.1002125028991565, -0.06537381852297044, -0.02523810595648604]]	0.40135525038232195	0.8986227906273871	[[0.20663233229206548, 0.3318104353166125, 0.10937678387825375], [0.2392121196605573, -0.20635778372534092, 0.32820005270348224], [0.553994274158645, 0.0, -0.08065704884944826]]	[[0.05400778062000468, 0.020058799071989653, 0.31087790182840136], [0.06714535899293309, -0.33998973320553655, -0.008877933763936672], [0.22507967565363876, 0.21456806935417805, 0.002178737579894466]]	1.0000000000000007	[[0.0, 0.0, 0.0], [0.0, 0.0, 0.0], [0.0, 0.0, 0.0]]
2	[[-0.30792515101507295, 0.09349718223056193, 0.9468053539599837], [0.3027085282091916, -0.9338174967034747, 0.1906631317268273], [0.9019698710720718, 0.34531602882779927, 0.2592434992682147]]	0.5247368119862329	0.4752631880137674	[[-0.16157966207402866, 0.04906141333336091, 0.4968236230084587], [0.15884230805353586, -0.49000841619714575, 0.10004796390564652], [0.47329679465399244, 0.18120003209484548, 0.1360346073341583]]	0.7622360031618949	0.3360172169996291	[[-0.08012141024317097, 0.12167416332919, 0.733915029034424], [0.3143865862121167, -0.8095790294384659, 0.14533030347778672], [0.6752880092387428, 0.2632123096414394, 0.08012141024317097]]	[[0.15459022613958112, 0.05040724483886713, 0.01222590025968283], [0.08365124754692276, -0.0977897130685634, 0.0], [-0.01222590025968283, 0.0, -0.11748331848473667]]	0.48378313223243424	[[0.0, 0.0, 0.915], [0.0, -1.0, 0.0], [0.915, 0.0, 0.0]]
2	[[0.04673222253661188, -0.9725397674033924, -0.22799671093185395], [-0.8377629715199755, -0.16246744520517667, 0.5213036857710898], [-0.5440306084466285, 0.16664552219444034, -0.8223502702654952]]	0.17264493592495228	0.8273550640750477	[[0.008068081565463972, -0.1679040658278267, -0.03936247754992977], [-0.14463553453836378, -0.028049181667338448, 0.09000044142739125], [-0.09392412953648095, 0.028770505501439364, -0.1419746097178536]]	0.4542908779185435	0.8626292810070528	[[-0.04904344270677658, -0.5393199605035913, 0.09100822371382145], [-0.3086640618122388, -0.18179285734078748, 0.0], [0.0643525321317855, 0.06435253213178549, -0.47296791366900437]]	[[-0.07027346511001875, -0.09750401575920786, 0.19458504968559376], [0.07192401400721862, -0.10798537902534491, -0.2368235090711209], [0.31150067485756383, -0.01135300844712094, -0.09938168743354103]]	0.8942387732054548	[[0.5920074748789074, -0.5920074748789073, 0.0], [-0.7071067811865475, -0.7071067811865476, 0.0], [0.0, 0.0, -0.8372250000000001]]
2	[[-0.42203838922340475, -0.825029846081567, 0.3757783270710803], [0.2588054115689476, 0.28760896992378115, 0.9221175843470338], [-0.8688517462515349, 0.4864224845687207, 0.09214016247897017]]	0.1046837489528849	0.8953162510471152	[[-0.04418056078594283, -0.08636721728584004, 0.039337884053044045], [0.027092720732331765, 0.030107985204098964, 0.09653072570482556], [-0.09095465808187136, 0.0509205292596305, 0.009645577637426558]]	0.3335813912350659	1.125112720743334	[[-0.22428901438032364, -0.4356711699587677, 0.27447903168433585], [0.18607271684634885, 0.01756121806748685, 0.01620835862018837], [0.1500158379883802, 0.16226148913045121, -0.08735746385487839]]	[[-0.08350486134857409, -0.1604565660924263, 0.14912637454397926], [0.09974004759601549, -0.07837978225137232, -0.2913929080486134], [0.4398486122799837, 0.0, -0.11809370744323833]]	1.0000000000000002	[[0.0, 0.0, 0.0], [0.0, 0.0, 0.0], [0.0, 0.0, 0.0]]
2	[[-0.8305561570912853, 0.32773595720904825, 0.4502950280316503], [-0.5100865793185324, -0.772219296347621, -0.37879947194723407], [0.22358030216652452, -0.5443036842615101, 0.808545204538665]]	0.1807567306663208	0.819243269333679	[[-0.15012861559060392, 0.05924048014690479, 0.08139385710230039], [-0.09220158243438488, -0.13958383536524274, -0.06847055412731073], [0.04041364446100908, -0.09838655445674391, 0.14614998776834076]]	0.5098665891497536	0.6715076680198209	[[-0.36423764579868706, 0.13910401675388095, 0.391882713023624], [-0.35538014969728077, -0.6061652201422824, -0.05573398151552972], [0.31009785747074275, -0.2441079901468298, 0.2540263261099326]]	[[0.05923518911477356, -0.02799759789002608, 0.16229232297003376], [-0.09530404532907535, -0.212436401437898, 0.13740321321793428], [0.19610173140402556, 0.03341427280923078, -0.1582238595015864]]	0.6871393808785319	[[-0.5920074748789074, 0.5920074748789073, 0.0], [-0.7071067811865475, -0.7071067811865476, 0.0], [0.0, 0.0, 0.8372250000000001]]
