2	[[-0.5446221603179724, 0.8109226453022452, -0.2139887049042392], [-0.8354447797583356, -0.5021691245819775, 0.22328947644507607], [0.07361197229480154, 0.30038414347728, 0.9509735242804028]]	0.25710950725676257	0.7428904927432376	[[-0.1400275352804674, 0.20849592175701068, -0.05501853047644174], [-0.2148007956639002, -0.1291124561808321, 0.057409847264414005], [0.018926337924914854, 0.07723161911718812, 0.2445043342419613]]	0.6153986370180663	0.5854644433807856	[[-0.26937117309074365, 0.5506129472874544, 0.14565762351666173], [-0.6131521953707899, -0.5296825277030095, 0.13741203946477748], [0.2001604782423663, 0.0058305083979310075, 0.5064050393872922]]	[[0.06578856205877133, 0.05157225664136779, 0.27734598085199175], [-0.09902061660365148, -0.22064833288270508, 0.0], [0.15485977082393373, -0.17902548407982635, -0.0788227712951349]]	0.3803625758337579	[[-0.7071067811865476, 0.7071067811865475, 0.0], [-0.7071067811865475, -0.7071067811865476, 0.0], [0.0, 0.0, 1.0]]
2	[[-0.30792515101507295, 0.09349718223056193, 0.9468053539599837], [0.3027085282091916, -0.9338174967034747, 0.1906631317268273], [0.9019698710720718, 0.34531602882779927, 0.2592434992682147]]	0.6493411886565068	0.3506588113434932	[[-0.19994848357736184, 0.060711571445627124, 0.6147997139667206], [0.19656111552381816, -0.606366163297678, 0.1238054245884702], [0.5856861882142953, 0.22422792062118777, 0.16833748196629486]]	0.8298033254209862	0.2618500101191373	[[-0.1708425301566425, 0.15821290074210084, 0.763623540613591], [0.286544389042477, -0.8157754986069272, 0.15821290074210084], [0.7104668976800511, 0.286544389042477, 0.1708425301566425]]	[[0.0846747841364244, 0.08062862800968862, -0.022038690628797295], [0.03535584570119736, -0.04089063450608292, 0.0], [-0.037990700765092256, 0.0, -0.04427858762989508]]	0.4662695339226769	[[0.0, 0.0, 1.0], [0.0, -1.0, 0.0], [1.0, 0.0, 0.0]]
2	[[0.8787972042104137, -0.3840163418041313, 0.28327887866788265], [-0.395223040501579, -0.9183905790867732, -0.018907472103605397], [0.2674214316928388, -0.09534250611366366, -0.9588511794847616]]	0.668013124561257	0.33198687543874317	[[0.5870480662402957, -0.2565279563711614, 0.18923400886114153], [-0.26401417818406, -0.6134969603033776, -0.012630439517484243], [0.17864102615977798, -0.06369004541248921, -0.6405251723968621]]	0.8552793224854949	0.27019998516694854	[[0.635568737060066, -0.2785778271521465, 0.24904054875708698], [-0.3439511312544249, -0.8508324587361189, -0.01617116993068502], [0.2219620395807826, -0.0815444740329634, -0.7442611333381832]]	[[-0.11604834035916385, 0.049863409489449194, 0.006757981335569595], [-0.005925036943577066, -0.06535198647772213, 0.0], [-0.006757981335569595, 0.0, 0.07582445381596147]]	0.46833716538856246	[[0.7071067811865476, -0.7071067811865475, 0.0], [-0.7071067811865475, -0.7071067811865476, 0.0], [0.0, 0.0, -1.0]]
2	[[0.5319609947059123, -0.8460851799387872, 0.03402011756955908], [-0.703274286200726, -0.4190807785627857, 0.5742617690636116], [-0.47161719485230363, -0.3294103357928521, -0.8179645788128509]]	0.1622001022737154	0.8377998977262846	[[0.08628412774692631, -0.1372351027183462, 0.005518066549146328], [-0.11407116114823199, -0.06797494514383208, 0.09314531767400253], [-0.07649635723908645, -0.05343039015561954, -0.132673938339721]]	0.4820719754775218	0.8089951471241005	[[0.22280615343481422, -0.5706967115437471, 0.2424243605659582], [-0.37043875344554955, -0.3944139799295909, 0.015328150710983843], [0.177956954405365, -0.15879949131837404, -0.37684091139589815]]	[[-0.03363733416005246, -0.1628227574284014, 0.2260242152832233], [-0.03140992899422144, -0.19238688112317082, -0.2615073547427278], [0.40531038719698237, 0.0, 0.0174768889830519]]	0.6434164663065092	[[0.7071067811865476, -0.7071067811865475, 0.0], [-0.7071067811865475, -0.7071067811865476, 0.0], [0.0, 0.0, -1.0]]
2	[[0.3802729664721569, 0.7767473726770865, -0.5020517802076895], [0.4287143634067757, 0.332951791095048, 0.839849450446521], [0.8195098935212374, -0.5346088512602871, -0.20639019011321075]]	0.13048377886400062	0.8695162211359998	[[0.049619453665110454, 0.10135293240959042, -0.06550961346689799], [0.05594027019059056, 0.04344480788161924, 0.10958672997111629], [0.10693274772308578, -0.0697577831265847, -0.026930571926431234]]	0.43523248468752856	0.8546497391233882	[[0.11435948077256036, 0.35901297077566663, 0.14835851502810674], [0.2582171747352386, -0.07442980124723442, 0.32771999789994616], [0.6428275485628256, 0.0, -0.052256725758880615]]	[[-0.05114766728461374, 0.020947281790908566, 0.3668677587696964], [0.0716267571284755, -0.21934123656669507, -0.037809765181348605], [0.2861502213795655, 0.23267913866996018, 0.037570989499223495]]	1.0000000000000007	[[0.0, 0.0, 0.0], [0.0, 0.0, 0.0], [0.0, 0.0, 0.0]]
2	[[-0.3195682178843842, -0.5708200961323295, -0.7563336379995778], [0.910087742671785, 0.03735879733279218, -0.41272826520656647], [0.2638493031197415, -0.8202248094963509, 0.507557688474819]]	0.12560560343228033	0.8743943965677196	[[-0.04013955884514652, -0.07169820262597351, -0.09499974299706876], [0.11431212009461142, 0.004692474282489631, -0.05184098280482901], [0.03314095093354176, -0.10302483214691634, 0.06375208973757299]]	0.3880366740758688	1.0896541341122723	[[-0.2087071372069007, -0.30620208039754854, 0.19869007757896937], [0.5472384938327198, -0.0816935094303789, -0.16015370332785916], [0.2832762477333821, -0.039483285223639926, 0.0771629383733009]]	[[-0.08470294879869177, -0.08470294879869175, 0.49217526696002756], [0.19409107304914539, -0.0961900928948701, 0.0], [0.18089304169356188, 0.27879402184783714, -0.11978805896410374]]	0.9999999999999999	[[0.0, 0.0, 0.0], [0.0, 0.0, 0.0], [0.0, 0.0, 0.0]]
2	[[-0.8305561570912853, 0.32773595720904825, 0.4502950280316503], [-0.5100865793185324, -0.772219296347621, -0.37879947194723407], [0.22358030216652452, -0.5443036842615101, 0.808545204538665]]	0.20173602730107248	0.7982639726989273	[[-0.1675530995820414, 0.06611615001106767, 0.09084073006853016], [-0.10290284009131416, -0.15578445305039867, -0.07641750061437906], [0.04510420194184807, -0.10980566290825435, 0.16311269745696333]]	0.550915408815523	0.6237385402542885	[[-0.4284918741287857, 0.1816752790947717, 0.44041724539385707], [-0.34839006077793194, -0.5952066558119459, -0.06740305122854719], [0.3590831753658661, -0.2637608661731261, 0.2990972985882952]]	[[0.029074310699409456, 0.0011204902454021379, 0.19234277593820306], [-0.06737550440135093, -0.1697791464693608, 0.14128341471836753], [0.23590934179469705, 0.03610442056159911, -0.1463427133159542]]	0.6824158604588366	[[-0.7071067811865476, 0.7071067811865475, 0.0], [-0.7071067811865475, -0.7071067811865476, 0.0], [0.0, 0.0, 1.0]]
2	[[0.08740825448676931, -0.06334395238859675, -0.994156597696443], [0.7119981850616444, -0.6940087028176986, 0.10681996481098455], [-0.6967197295301035, -0.717174639895393, -0.015561310176609944]]	0.17418865359707764	0.8258113464029226	[[0.015225526162321057, -0.011033797780087059, -0.17317079921739498], [0.12402200521945073, -0.12088844152846928, 0.01860682584771261], [-0.12136067162136882, -0.1249236849173475, -0.002710603667870206]]	0.4760069848330608	1.0262715599348777	[[0.038320357535133256, -0.0045103717994163794, 0.0012025132019185848], [0.6228723219481239, -0.665849033472549, 0.03954132106517513], [0.011822153797915982, -0.013903240710790321, 0.02817888105855329]]	[[-0.0032865821326346642, 0.025641791984488523, 0.47442799772329675], [0.28395621267031873, -0.3354960433963925, -0.011305728304475274], [0.34346561152524624, 0.32747689722455187, 0.03558617339577342]]	0.7842926558088857	[[0.0, 0.0, -1.0], [0.0, -1.0, 0.0], [-1.0, 0.0, 0.0]]
2	[[0.8489524140446696, -0.5135124485683378, 0.12483895166604869], [0.522794976890395, 0.7815435453534784, -0.34040431673891397], [0.0772347773085365, 0.35425224329800037, 0.9319550081910795]]	0.22411469321051739	0.7758853067894826	[[0.1902627098239493, -0.11508568487067461, 0.027978243353359106], [0.11716603585779041, 0.17515539189755497, -0.0762896090134775], [0.017309448421685303, 0.07939313282586892, 0.208864810746749]]	0.0	0.4270014452965957	[[0.7071067811865475, -0.7071067811865474, 0.0], [0.7071067811865474, 0.7071067811865475, 0.0], [0.0, 0.0, 0.9999999999999999]]	[[0.7071067811865475, -0.7071067811865474, 0.0], [0.7071067811865474, 0.7071067811865475, 0.0], [0.0, 0.0, 0.9999999999999999]]	0.4270014452965959	[[0.7071067811865476, -0.7071067811865475, 0.0], [0.7071067811865475, 0.7071067811865476, 0.0], [0.0, 0.0, 1.0]]
2	[[0.04673222253661188, -0.9725397674033924, -0.22799671093185395], [-0.8377629715199755, -0.16246744520517667, 0.5213036857710898], [-0.5440306084466285, 0.16664552219444034, -0.8223502702654952]]	0.18679566872468834	0.8132043312753114	[[0.008729376759717404, -0.1816662162134695, -0.04258879808554511], [-0.15649049449785582, -0.03034821507309266, 0.09737727059225551], [-0.10162256131148711, 0.031128661758285377, -0.15361146866017136]]	0.4887106313818843	0.9012654144486646	[[0.1295946009160493, -0.6138323794580478, 0.12369722842910233], [-0.30361469287078924, -0.42127727964112816, 0.008521641749043275], [0.09349285970379054, 0.08144143836860875, -0.551920108477413]]	[[0.10675606693430295, -0.13854185568634506, 0.23512164498160165], [0.1058089778891015, -0.3418777119159046, -0.24624501166584942], [0.3593664018488131, 0.0, -0.1500287886788997]]	0.8658209303077742	[[0.7071067811865476, -0.7071067811865475, 0.0], [-0.7071067811865475, -0.7071067811865476, 0.0], [0.0, 0.0, -1.0]]
2	[[0.8592155572171323, 0.2624339665249735, -0.4391776855101157], [-0.4266000482917053, 0.8413623931712975, -0.33184593135155627], [0.2824199444684594, 0.4724804086637203, 0.8348660002631537]]	0.18100625617577043	0.8189937438242296	[[0.1555233912598516, 0.04750218977404292, -0.07949390865012594], [-0.07721727762568441, 0.152291856875023, -0.060066189661106925], [0.05111977681760485, 0.08552190988861806, 0.1511159691160732]]	0.0	0.6895093724785775	[[0.7071067811865476, 0.7071067811865475, 0.0], [-0.7071067811865475, 0.7071067811865476, 0.0], [0.0, 0.0, 1.0]]	[[0.7071067811865476, 0.7071067811865475, 0.0], [-0.7071067811865475, 0.7071067811865476, 0.0], [0.0, 0.0, 1.0]]	0.6895093724785775	[[0.7071067811865476, 0.7071067811865475, 0.0], [-0.7071067811865475, 0.7071067811865476, 0.0], [0.0, 0.0, 1.0]]
2	[[0.034229894132735264, 0.2773841392786001, 0.9601491309293217], [-0.1827544195208179, -0.9427759796974285, 0.2788803941677556], [0.9825625356654255, -0.18501754344446375, 0.018422055382213542]]	0.8303135830786171	0.16968641692138278	[[0.028421546045753143, 0.23031581857359262, 0.7972248651917455], [-0.1517434768957831, -0.7827997017430256, 0.23155817933180625], [0.8158350195871711, -0.15362257942977642, 0.015296082812078454]]	0.9332888039280377	0.1247661294825966	[[0.006573607147740363, 0.2602759495118043, 0.8856165646049354], [-0.17267480182698727, -0.820665926955851, 0.2602759495118043], [0.921902148055435, -0.17267480182698727, -0.006573607147740363]]	[[-0.02537276980598348, 0.0013964379358714254, -0.010479869392636124], [-0.0021121482198403485, 0.05921633950804592, 0.0], [0.004887534359750291, 0.0, -0.023766705181302507]]	0.33839674009633164	[[0.0, 0.0, 1.0], [0.0, -1.0, 0.0], [1.0, 0.0, 0.0]]
2	[[0.22433838825039393, -0.7661379269479729, -0.6022499185961573], [-0.9416906372873723, -0.011392912655017143, -0.3362869982418849], [0.2507808429735371, 0.642575192824231, -0.724020780340167]]	0.15401262028094898	0.8459873797190512	[[0.034550943004048026, -0.11799490962587159, -0.09275408802698241], [-0.14503224254266486, -0.0017546523306311568, -0.05179244176564758], [0.03862341474261964, 0.09896468917439587, -0.11150833751804652]]	0.430775208018377	0.8687914749519292	[[0.021566174483120655, -0.33464392869922377, 0.12393691665625683], [-0.4930914046421115, -0.13116556449767716, -0.14486410162152358], [0.30936119135967666, 0.034613851269278344, -0.33837585316493346]]	[[-0.07507324138195022, -0.004610703847442499, 0.38337125061856714], [-0.08743442447568553, -0.12625778017877695, 0.0], [0.20133102156072724, -0.2421916110870285, -0.026485650904270366]]	0.949565616151297	[[0.7071067811865476, -0.7071067811865475, 0.0], [-0.7071067811865475, -0.7071067811865476, 0.0], [0.0, 0.0, -1.0]]
2	[[-0.42203838922340475, -0.825029846081567, 0.3757783270710803], [0.2588054115689476, 0.28760896992378115, 0.9221175843470338], [-0.8688517462515349, 0.4864224845687207, 0.09214016247897017]]	0.11218474082388985	0.8878152591761103	[[-0.04734626731275959, -0.09255575945463426, 0.04215659422970408], [0.029034018020682534, 0.032265337749525266, 0.10344752220912339], [-0.0974719079676126, 0.054569180362254506, 0.010336720247174379]]	0.35997443718365496	1.1580569441321316	[[-0.24094070211783059, -0.4982513683942418, 0.321931452514807], [0.18218100285685526, 0.005888686842943691, 0.041659374063923595], [0.20137114756950011, 0.17509966011610034, -0.09272189376353498]]	[[-0.08901767048723916, -0.20126171389131225, 0.1866608607215794], [0.08901767048723914, -0.09764319023434023, -0.2902793843785514], [0.5141355659224323, 0.0, -0.1258899968939128]]	1.0000000000000002	[[0.0, 0.0, 0.0], [0.0, 0.0, 0.0], [0.0, 0.0, 0.0]]
2	[[-0.0862647130891118, -0.8979697215877016, 0.43151915181989225], [0.27922630325144876, -0.43756605256879577, -0.8547330701522506], [0.9563425489060831, 0.04675819448040952, 0.2884832757730489]]	0.3355155998817253	0.6644844001182749	[[-0.02894315696071828, -0.3012828498141235, 0.14478140708330448], [0.09368478063816636, -0.14681023661549808, -0.2867762787708812], [0.32086784398864265, 0.015688103670480975, 0.0967906393268397]]	0.7394179932259533	0.3731247378796868	[[-0.01138259634117017, -0.6542106602367954, 0.4476927148131727], [0.10193053025736279, -0.4902460290175901, -0.5522801299794327], [0.8544587473491024, 0.0, 0.11437053478765043]]	[[0.05240308469739347, 0.00976430927725077, 0.12861968953594244], [-0.10453442254872489, -0.16670181652336916, 0.07972488149640242], [0.14732185900037337, -0.034573850329573254, -0.09893919006370665]]	0.4356298660535872	[[0.0, -0.7071067811865475, 0.7071067811865476], [0.0, -0.7071067811865476, -0.7071067811865475], [1.0, 0.0, 0.0]]
2	[[0.5528938279780253, -0.041170824069684364, 0.8322339684423055], [-0.39821567315518647, -0.8903939016715445, 0.22050618476515635], [0.731937628925694, -0.453325118553502, -0.5086881601247331]]	0.5020637135072921	0.4979362864927079	[[0.2775879284499093, -0.02067037682058112, 0.4178344767030544], [-0.19992963964109894, -0.4470344687574623, 0.11070815397451947], [0.3674793240341563, -0.22759809244710463, -0.25539386668941544]]	0.7644980518554578	0.39414549439186675	[[0.24992127055339747, 0.07940764796834766, 0.647468187049256], [-0.4188795079381196, -0.7530900816907161, 0.1618397797746656], [0.5722671514094925, -0.3433911399206854, -0.2776976641158962]]	[[-0.17276498381870953, 0.11088266276290518, 0.011226939487176998], [-0.11444440159266986, -0.07238567847884025, -0.006736768900376027], [0.012702260016096405, 0.0031750300706113455, 0.11119344330139941]]	0.6468957695529169	[[0.0, 0.0, 1.0], [-0.7071067811865475, -0.7071067811865476, 0.0], [0.7071067811865476, -0.7071067811865475, 0.0]]
2	[[0.50607966, 0.26960331, 0.8192664], [-0.59451586, 0.79721188, 0.10490047], [-0.62484739, -0.54015486, 0.56373616]]	0.24779013732501562	0.7522098655358531	[[ 0.12540155  0.06680504  0.20300613]
 [-0.14731517  0.19754124  0.0259933 ]
 [-0.15483102 -0.13384505  0.13968826]]	0.618491080768641	0.6891546437177855	[[ 1.93397952e-01  6.77445157e-02  7.26493992e-01]
 [-2.91899414e-01  3.78734147e-01  9.58512355e-11]
 [-1.85336195e-01 -2.24154899e-01  2.73506007e-01]]	[[-0.11960780352669567, -0.09900272688553026, 0.21978503076065203], [0.07580334263354782, -0.11433428979925839, -0.06488000496758611], [0.20112634238903768, 0.10992606455920337, -0.0751597796741929]]	0.871019130753793	WordDict: (word: HZ, matrix: [[ 0.  0.  1.]
 [ 0.  1.  0.]
 [-1.  0.  0.]])
