3	[[0.8787972042104137, -0.3840163418041313, 0.28327887866788265], [-0.395223040501579, -0.9183905790867732, -0.018907472103605397], [0.2674214316928388, -0.09534250611366366, -0.9588511794847616]]	0.612055696011731	0.3879443039882691	[[0.537872834476168, -0.2350393893628064, 0.1733824512484936], [-0.24189851313406655, -0.5621061850935718, -0.01157242599819458], [0.16367681050321403, -0.05835492393890112, -0.5868703260312149]]	0.8112135306944291	0.34047224542108834	[[0.5737339833487216, -0.2463195723549274, 0.2344131176630469], [-0.3454575227196816, -0.8481443497962582, -0.02115444752517651], [0.2101124647089504, -0.07734313100972029, -0.6680269700295447]]	[[-0.13915819944320137, 0.0651996801243607, 0.004613458327715045], [-0.024847244622608403, -0.10313348557877543, -0.005816450323504353], [-0.006823419077956435, 0.0, 0.10980608069080647]]	0.4972495556105215	[[0.6242679206940661, -0.624267920694066, 0.0], [-0.7071067811865475, -0.7071067811865476, 0.0], [0.0, 0.0, -0.88284816]]
3	[[0.08740825448676931, -0.06334395238859675, -0.994156597696443], [0.7119981850616444, -0.6940087028176986, 0.10681996481098455], [-0.6967197295301035, -0.717174639895393, -0.015561310176609944]]	0.6907961006146209	0.3092038993853792	[[0.06038128136099068, -0.04375775530756083, -0.6867595010890012], [0.49184556988527117, -0.47941850569907746, 0.07379081515921913], [-0.4812912723806688, -0.49542144469943245, -0.01074969239045677]]	0.8512052944041059	0.2383980745734655	[[0.039968347413327214, -0.030995700495740852, -0.7767169442020825], [0.6356711378335645, -0.638966775542396, 0.07143564335298291], [-0.5711390883159513, -0.5555664377884036, 0.028261889488783477]]	[[-0.03443402158043226, 0.022923007145914304, 0.06951441522390278], [0.029614513102978517, -0.04822289334144532, -0.019490076242187414], [0.021912434175869522, 0.05489641270291298, 0.04150775909897836]]	0.21942606540676818	[[0.0, 0.0, -0.829524131136], [0.7071067811865475, -0.7071067811865476, 0.0], [-0.5865621382841445, -0.5865621382841445, 0.0]]
3	[[0.22433838825039393, -0.7661379269479729, -0.6022499185961573], [-0.9416906372873723, -0.011392912655017143, -0.3362869982418849], [0.2507808429735371, 0.642575192824231, -0.724020780340167]]	0.4535997891015142	0.5464002108984859	[[0.10175984559775228, -0.3475200020862718, -0.27318043606162107], [-0.4271506744724225, -0.005167822777567753, -0.1525397114801003], [0.1137541374834964, 0.291471971946936, -0.3284156732674135]]	0.6680906246040392	0.5485218188899449	[[0.28759089100741575, -0.39499667505435143, -0.2919158739059307], [-0.6765103399255961, -0.050817131365609225, -0.04074200790501435], [0.26325460613641477, 0.26204504932813666, -0.48032424381644256]]	[[0.13771251707854656, 0.11685289109316359, 0.1104416503767077], [-0.04737565387649962, -0.043205633233859495, 0.18392818279662398], [0.09571027611549685, -0.16725341260086482, 0.0033872515473235346]]	0.7315441927071352	[[1.656339548726314e-16, -0.829524131136, 0.0], [-1.0, -1.7938038903913487e-16, 0.0], [0.0, 0.0, -0.829524131136]]
3	[[0.5319609947059123, -0.8460851799387872, 0.03402011756955908], [-0.703274286200726, -0.4190807785627857, 0.5742617690636116], [-0.47161719485230363, -0.3294103357928521, -0.8179645788128509]]	0.4796069763953796	0.5203930236046206	[[0.2551322042311811, -0.40578835492338233, 0.016316285724151558], [-0.33729525398134896, -0.20099406507191925, 0.2754199507200605], [-0.22619089683918395, -0.15798749514299648, -0.39230151844295164]]	0.683160198632812	0.5321976782285295	[[0.4221017626848277, -0.5618798296729466, 0.10134800957463305], [-0.40406133855723486, -0.22615633118417242, 0.3030454426293126], [-0.29013301223939353, -0.04622848709125033, -0.45825657621672194]]	[[0.058687183876628406, 0.016131889914313705, 0.07810681929830146], [0.07638766249700212, 0.060142976741973796, -0.08926734159141436], [0.03205708427455578, 0.17881154334069582, 0.10054426791966972]]	0.6854211543144435	[[0.6242679206940661, -0.624267920694066, 0.0], [-0.7071067811865475, -0.7071067811865476, 0.0], [0.0, 0.0, -0.88284816]]
3	[[-0.42203838922340475, -0.825029846081567, 0.3757783270710803], [0.2588054115689476, 0.28760896992378115, 0.9221175843470338], [-0.8688517462515349, 0.4864224845687207, 0.09214016247897017]]	0.4221462237668645	0.5778537762331356	[[-0.17816191229531048, -0.3482832340182909, 0.15863340174648627], [0.10925372718426041, 0.12141304057480184, 0.38926845610112343], [-0.36678248369333133, 0.2053414150159814, 0.03889662164776259]]	0.6180410287301041	0.6258097570060268	[[-0.10131097139207366, -0.35037622595813556, 0.3084983480716458], [0.14720735572620258, 0.08768551736959034, 0.6310103498099828], [-0.46588050253005164, 0.17508273347428022, -0.02962630815304383]]	[[0.15952606884715548, 0.15952606884715548, 0.07625192423415776], [-0.01274500708078774, -0.09006862627410894, 0.0611038493700235], [0.07110552453719443, -0.12554631928602514, -0.08657270895890548]]	0.6878823539902603	[[0.0, -0.5865621382841445, 0.5865621382841445], [0.0, 0.7071067811865476, 0.7071067811865475], [-0.829524131136, 0.0, 0.0]]
3	[[-0.30792515101507295, 0.09349718223056193, 0.9468053539599837], [0.3027085282091916, -0.9338174967034747, 0.1906631317268273], [0.9019698710720718, 0.34531602882779927, 0.2592434992682147]]	0.640693096001457	0.35930690399854326	[[-0.19728551834056327, 0.05990299915071115, 0.6066116535393773], [0.19394326412439133, -0.5982904230632794, 0.12215655215939457], [0.5778858691972008, 0.22124159560861106, 0.16609552016440396]]	0.8163471226097332	0.2929488234238469	[[-0.21725856796792986, 0.07057894876984398, 0.7195542087039991], [0.2506804012338135, -0.8463239241542913, 0.12032646528517302], [0.6589975201956363, 0.24601048525764155, 0.14667961919808592]]	[[0.03411524304239254, -0.005747206916193124, -0.05336761767272345], [0.003565165240812764, -0.08400469767778551, -0.03532083368778298], [-0.07732298873472135, -0.035887261266952096, -0.06495306548479968]]	0.4776543782527784	[[0.0, 0.0, 0.9396], [0.0, -1.0, 0.0], [0.9396, 0.0, 0.0]]
3	[[0.8592155572171323, 0.2624339665249735, -0.4391776855101157], [-0.4266000482917053, 0.8413623931712975, -0.33184593135155627], [0.2824199444684594, 0.4724804086637203, 0.8348660002631537]]	0.5327783224273765	0.4672216775726235	[[0.45777142317764724, 0.13981912843313768, -0.23398435053361744], [-0.2272832580762926, 0.44825964438728666, -0.1768003186098325], [0.15046722423393868, 0.25172731950765814, 0.44479850707185675]]	0.7630124723346042	0.4217229545978938	[[0.4951691150397376, 0.20081236749712028, -0.2920429475515307], [-0.3554493010107701, 0.7488348813879611, -0.2509169347374616], [0.2433451250945081, 0.3257085957091824, 0.492133225882079]]	[[-0.1604230715408611, 0.0005719778743234552, 0.04305510406373191], [-0.029948143465654442, 0.10686488164497006, 0.002285649777268712], [0.027855185029027233, -0.03479984903498698, -0.14487994504681231]]	0.6764063038696528	[[0.829524131136, 0.0, 0.0], [0.0, 0.7071067811865476, -0.7071067811865475], [0.0, 0.5865621382841445, 0.5865621382841445]]
3	[[0.8489524140446696, -0.5135124485683378, 0.12483895166604869], [0.522794976890395, 0.7815435453534784, -0.34040431673891397], [0.0772347773085365, 0.35425224329800037, 0.9319550081910795]]	0.7121368427844165	0.2878631572155836	[[0.6045702918119796, -0.3656911338539511, 0.08890241689597628], [0.37230156426627786, 0.5565659528865656, -0.24241445539263667], [0.05500173046565868, 0.25227607409153496, 0.6636794971503203]]	0.8445792406013646	0.23379706060201408	[[0.6872237365361119, -0.4188400499664457, 0.05282153884947305], [0.4749531642396047, 0.6244774561291303, -0.26637980403545997], [0.031192550761437038, 0.24259746358272888, 0.7509126530993913]]	[[-0.029783848624430405, 0.014861903884748324, -0.052614848146108804], [0.03341137966730695, -0.035597997902408474, 0.021118615293318405], [-0.03403833880582223, -0.056596627043226114, -0.03619719999326917]]	0.44722513601095326	[[0.6643975316028801, -0.66439753160288, 0.0], [0.7071067811865475, 0.7071067811865476, 0.0], [0.0, 0.0, 0.9396]]
3	[[0.034229894132735264, 0.2773841392786001, 0.9601491309293217], [-0.1827544195208179, -0.9427759796974285, 0.2788803941677556], [0.9825625356654255, -0.18501754344446375, 0.018422055382213542]]	0.8014464587269177	0.1985535412730825	[[0.02743342743527797, 0.22230853613184817, 0.7695081208330324], [-0.14646788234165298, -0.7555844703013046, 0.22350770431411468], [0.7874712646867958, -0.14828165499591914, 0.014764291048546195]]	0.8898017184236654	0.1688754976172678	[[0.009156108580754784, 0.2211042756150562, 0.8122344653374592], [-0.16693427389459578, -0.8249462073125455, 0.25568296655630485], [0.8430168448927515, -0.15058162176326276, 0.0]]	[[-0.021301710040013203, -0.025712608178511516, -0.042107881306440206], [-0.004319077355452578, 0.013937479510781049, 0.007534712591166766], [-0.03126898780105822, 0.014047306332146283, -0.016391976535989547]]	0.3647976604718044	[[0.0, 0.0, 0.9396], [0.0, -1.0, 0.0], [0.9396, 0.0, 0.0]]
3	[[0.3802729664721569, 0.7767473726770865, -0.5020517802076895], [0.4287143634067757, 0.332951791095048, 0.839849450446521], [0.8195098935212374, -0.5346088512602871, -0.20639019011321075]]	0.5192737639060948	0.48072623609390547	[[0.1974657746117331, 0.4033445318142008, -0.2607023175842024], [0.2226201211268418, 0.17289312976120136, 0.43611178524783023], [0.42554998696705604, -0.2776083504114429, -0.10717301085338143]]	0.6703532062875683	0.5027294826740667	[[0.126892500621727, 0.4050626499542732, -0.27827158195516993], [0.3071552602320747, 0.18616469393270396, 0.45421898142271], [0.6008230391268917, -0.3161558004849997, -0.07164936694785048]]	[[-0.12802470171736835, -0.11563244179525634, 0.058280438629436236], [0.019765212140808796, -0.03703060676705007, -0.10877679048296761], [0.051461954420546616, 0.042220957067047385, 0.0667049587408411]]	0.7098711087725843	[[0.0, 0.5865621382841445, -0.5865621382841445], [0.0, 0.7071067811865476, 0.7071067811865475], [0.829524131136, 0.0, 0.0]]
3	[[-0.5446221603179724, 0.8109226453022452, -0.2139887049042392], [-0.8354447797583356, -0.5021691245819775, 0.22328947644507607], [0.07361197229480154, 0.30038414347728, 0.9509735242804028]]	0.5607427027367125	0.43925729726328766	[[-0.3053929021470069, 0.4547189558371853, -0.11999260474313192], [-0.46846956378896654, -0.2815876721490268, 0.12520794451447742], [0.04127737629836701, 0.1684382164727024, 0.5332514642360497]]	0.7548611900142449	0.35373006901262816	[[-0.47587384474377675, 0.5581741389489183, -0.09638122243329442], [-0.6769747380607738, -0.4448490920806249, 0.04512772058699356], [0.11619319460040105, 0.09375900604958333, 0.7178530062103453]]	[[-0.06475971269802319, -0.05395989409343409, 0.06515054600032666], [-0.0463298974212079, -0.06578110911026169, -0.12342483931999429], [0.06062637359465151, -0.13298932595708596, 0.0]]	0.4198270403158513	[[-0.6242679206940661, 0.624267920694066, 0.0], [-0.7071067811865475, -0.7071067811865476, 0.0], [0.0, 0.0, 0.88284816]]
3	[[-0.3195682178843842, -0.5708200961323295, -0.7563336379995778], [0.910087742671785, 0.03735879733279218, -0.41272826520656647], [0.2638493031197415, -0.8202248094963509, 0.507557688474819]]	0.4280102629806962	0.5719897370193038	[[-0.1367784769769677, -0.24431685946026466, -0.3237185593013459], [0.3895268940764589, 0.015989948671050927, -0.17665193333062904], [0.11293020961555396, -0.35106463641582464, 0.21723989972198152]]	0.634626379436956	0.5802913089512903	[[-0.2561556661969842, -0.25615566619698416, -0.4189431581955265], [0.6091337457702919, -0.06556423740742126, -0.057391275399982906], [0.23593747312339364, -0.3775085451701913, 0.3146513693535327]]	[[-0.05334924509789715, 0.10610182472133128, 0.06104612013452686], [0.03156805666854507, -0.08927311569885021, 0.20453696923935616], [0.06849174516754808, 0.143027756004845, -0.0074581288386320315]]	0.9303431856423744	[[0.0, 0.0, -0.829524131136], [0.7071067811865475, 0.7071067811865476, 0.0], [0.5865621382841445, -0.5865621382841445, 0.0]]
3	[[0.04673222253661188, -0.9725397674033924, -0.22799671093185395], [-0.8377629715199755, -0.16246744520517667, 0.5213036857710898], [-0.5440306084466285, 0.16664552219444034, -0.8223502702654952]]	0.5226404542219446	0.4773595457780552	[[0.02442415001333581, -0.5082886257846134, -0.11916030456253351], [-0.4378488199655261, -0.08491205935831245, 0.27245439511897623], [-0.28433240430918677, 0.08709569141375545, -0.42979351878109734]]	0.719997917131388	0.43648844856045466	[[-0.00285097430882553, -0.7467116468209972, -0.10225665896189862], [-0.668315116096823, -0.12346335417078828, 0.23315021370153716], [-0.2706251180874407, 0.0011966868788845589, -0.5561812014147821]]	[[-0.036498077198106486, -0.04648503996310993, 0.061900498021843386], [-0.06512752155263825, -0.00648713202140333, -0.14218735424656315], [0.12107578684985351, -0.118787742000385, 0.03590928032880856]]	0.6617455972904455	[[1.656339548726314e-16, -0.829524131136, 0.0], [-1.0, -1.7938038903913487e-16, 0.0], [0.0, 0.0, -0.829524131136]]
3	[[-0.8305561570912853, 0.32773595720904825, 0.4502950280316503], [-0.5100865793185324, -0.772219296347621, -0.37879947194723407], [0.22358030216652452, -0.5443036842615101, 0.808545204538665]]	0.47963373458513603	0.520366265414864	[[-0.3983627514083721, 0.15719322111401018, 0.21597668595993896], [-0.24465473100030496, -0.37038242502591534, -0.18168500538892937], [0.10723665530780334, -0.2610664088307968, 0.38780555603378253]]	0.7097619877284324	0.5015312949864364	[[-0.46916874978785206, 0.12208366714443059, 0.24754233660988414], [-0.5465401417540353, -0.5983856356669668, -0.2772091660526741], [0.21389579148967658, -0.31817661746388365, 0.42448835069245544]]	[[0.12032843918934677, -0.11053085729434398, -0.07205995755009009], [-0.1845000773033173, -0.050293732929028015, -0.008351699892924726], [0.055206991807040626, 0.06814944740547474, -0.1493863008491994]]	0.6825889101737063	[[-0.6242679206940661, 0.624267920694066, 0.0], [-0.7071067811865475, -0.7071067811865476, 0.0], [0.0, 0.0, 0.88284816]]
