3	[[-0.5446221603179724, 0.8109226453022452, -0.2139887049042392], [-0.8354447797583356, -0.5021691245819775, 0.22328947644507607], [0.07361197229480154, 0.30038414347728, 0.9509735242804028]]	0.5846643789630248	0.4153356210369751	[[-0.31842117713180823, 0.4741175848026906, -0.12511157325793903], [-0.48845480331530844, -0.2936003993581277, 0.1305494030747394], [0.04303829806598354, 0.17562390869648406, 0.5560003449836807]]	0.7692404300445185	0.33763664894750123	[[-0.482122447886686, 0.5768682680101491, -0.10966019806383984], [-0.6738584549121166, -0.4257280857237465, 0.05135890849230128], [0.13363229266699592, 0.1042141383739385, 0.7315272827784083]]	[[-0.06317706307191426, -0.04692621639498858, 0.054948565321366674], [-0.031200553252366647, -0.039439292375226746, -0.12040438439272443], [0.07700698744251759, -0.12685348933307866, 0.0]]	0.40679676161169226	[[-0.6478737472030279, 0.6478737472030278, 0.0], [-0.7071067811865475, -0.7071067811865476, 0.0], [0.0, 0.0, 0.9162318400000001]]
3	[[0.04673222253661188, -0.9725397674033924, -0.22799671093185395], [-0.8377629715199755, -0.16246744520517667, 0.5213036857710898], [-0.5440306084466285, 0.16664552219444034, -0.8223502702654952]]	0.5370962588648196	0.4629037411351803	[[0.02509970189285244, -0.522347470669624, -0.12245618047498243], [-0.44995935781885327, -0.08726065700702543, 0.2799902593600938], [-0.29219680450463575, 0.08950468652720817, -0.4416812536360707]]	0.7355566559028985	0.40749874887201115	[[-0.009076082527345855, -0.7783730231036362, -0.1065206879270312], [-0.6590914075433328, -0.12975097046572273, 0.23585381606903688], [-0.2763636302453019, 0.00669509193389655, -0.5847529155331247]]	[[-0.04345027985928605, -0.063014924059814, 0.06118381032286309], [-0.04286927777282435, -0.010246959777515725, -0.1475945797466014], [0.12380170481251937, -0.11588213109263826, 0.02013229924420771]]	0.6444819132706459	[[1.7511704381866212e-16, -0.8770171172480001, 0.0], [-1.0, -1.7938038903913487e-16, 0.0], [0.0, 0.0, -0.8770171172480001]]
3	[[0.3802729664721569, 0.7767473726770865, -0.5020517802076895], [0.4287143634067757, 0.332951791095048, 0.839849450446521], [0.8195098935212374, -0.5346088512602871, -0.20639019011321075]]	0.5319953101354983	0.468004689864502	[[0.20230343473450108, 0.4132259594242801, -0.26708919251566876], [0.22807403072013033, 0.17712879136377963, 0.4467959688574247], [0.43597541996293976, -0.2844094016273989, -0.109798613198202]]	0.6886533008017527	0.46175861971032517	[[0.1948437050144199, 0.4500318911736623, -0.2901046810751732], [0.34009197156903037, 0.20355366954207718, 0.47968720049315067], [0.5627916489681798, -0.28005140216112545, -0.07108041273692983]]	[[-0.06703252855230522, -0.08487775090950231, 0.05563493453824822], [0.04485641010783209, -0.025734680403383198, -0.09867789573338412], [-0.0015665442449132247, 0.08810874789710449, 0.071050872937634]]	0.6962033819591201	[[0.0, 0.6201447508227382, -0.6201447508227383], [0.0, 0.7071067811865476, 0.7071067811865475], [0.8770171172480001, 0.0, 0.0]]
3	[[0.5319609947059123, -0.8460851799387872, 0.03402011756955908], [-0.703274286200726, -0.4190807785627857, 0.5742617690636116], [-0.47161719485230363, -0.3294103357928521, -0.8179645788128509]]	0.49572522583136014	0.5042747741686399	[[0.2637064842340634, -0.41942576689772226, 0.01686463046497909], [-0.3486308043482435, -0.20774891359461928, 0.2846760451553752], [-0.23379254042411082, -0.16329701310209577, -0.4054856755540539]]	0.6989979335032057	0.5176817791913179	[[0.4436771592290226, -0.5829197878429075, 0.1077304489943155], [-0.4024258549800621, -0.2191495800428043, 0.30468092620648535], [-0.3029307764684569, -0.05300598131111029, -0.46843631196352004]]	[[0.07183752322528016, 0.008492004501992608, 0.08395045711565761], [0.08916141776018735, 0.07378701814349739, -0.0967268636588744], [0.026728668137882067, 0.17725116268269042, 0.10331923830548284]]	0.6729329965288418	[[0.6478737472030279, -0.6478737472030278, 0.0], [-0.7071067811865475, -0.7071067811865476, 0.0], [0.0, 0.0, -0.9162318400000001]]
3	[[-0.30792515101507295, 0.09349718223056193, 0.9468053539599837], [0.3027085282091916, -0.9338174967034747, 0.1906631317268273], [0.9019698710720718, 0.34531602882779927, 0.2592434992682147]]	0.6736994128456136	0.3263005871543865	[[-0.20744899343925152, 0.0629889967714489, 0.6378622110419244], [0.2039345577178922, -0.6291122992340915, 0.1284496398956694], [0.6076565725456886, 0.23263920586746736, 0.17465219324103853]]	0.8312945608039267	0.27988117915106475	[[-0.23640485248655307, 0.0734908125688668, 0.7283509989893925], [0.24685031874332392, -0.8486644986033309, 0.11850590119704707], [0.6664694563616025, 0.25332696331729004, 0.16291403991768627]]	[[0.019571650687004845, -0.004232886469892862, -0.05872314189757835], [-0.004789634265939121, -0.07238709281019365, -0.03999132315330707], [-0.08333319146962997, -0.033732373205671504, -0.05259367094775744]]	0.47378083797072074	[[0.0, 0.0, 0.9572], [0.0, -1.0, 0.0], [0.9572, 0.0, 0.0]]
3	[[0.8592155572171323, 0.2624339665249735, -0.4391776855101157], [-0.4266000482917053, 0.8413623931712975, -0.33184593135155627], [0.2824199444684594, 0.4724804086637203, 0.8348660002631537]]	0.5607856419901303	0.43921435800986974	[[0.48183574786191713, 0.14716920039772366, -0.2462845403165299], [-0.23923118195428456, 0.47182394980091846, -0.1860944336547952], [0.15837704986956197, 0.26496022930024343, 0.468180865933305]]	0.7802941061459222	0.3896256139787033	[[0.5339501090955092, 0.21256094990037647, -0.28606520579496786], [-0.34227064143017927, 0.7508940554825818, -0.2591243082915317], [0.24239794177598717, 0.3326785548930711, 0.5278630320467417]]	[[-0.1364907261099036, 0.007785272568443361, 0.05662255375938284], [-0.00939713806659584, 0.09438393895819025, -0.0001868839094080598], [0.02202732364918964, -0.035995123256646555, -0.12357798738021711]]	0.6594959767034048	[[0.8770171172480001, 0.0, 0.0], [0.0, 0.7071067811865476, -0.7071067811865475], [0.0, 0.6201447508227382, 0.6201447508227383]]
3	[[0.8489524140446696, -0.5135124485683378, 0.12483895166604869], [0.522794976890395, 0.7815435453534784, -0.34040431673891397], [0.0772347773085365, 0.35425224329800037, 0.9319550081910795]]	0.7335913355756365	0.2664086644243636	[[0.62278413525919, -0.37670828297996234, 0.09158077328455899], [0.3835178653292589, 0.573333573246376, -0.24971765735221185], [0.056658763438656154, 0.25987637629164545, 0.6836741191552972]]	0.8603284270913466	0.2110205378860471	[[0.7129184484894945, -0.4253150120082246, 0.05434574550421872], [0.4720406004519851, 0.6268743885198044, -0.268299525918771], [0.031936936551825265, 0.25771208573267906, 0.7729156619395423]]	[[-0.017459446560957638, 0.016474345160399514, -0.053056753422365585], [0.02226522029261461, -0.04550974055754808, 0.02455998447632342], [-0.034510337926778385, -0.047061189537470634, -0.02887172437739224]]	0.44095686465418993	[[0.6768426109517633, -0.6768426109517632, 0.0], [0.7071067811865475, 0.7071067811865476, 0.0], [0.0, 0.0, 0.9572]]
3	[[0.034229894132735264, 0.2773841392786001, 0.9601491309293217], [-0.1827544195208179, -0.9427759796974285, 0.2788803941677556], [0.9825625356654255, -0.18501754344446375, 0.018422055382213542]]	0.8323118368490785	0.16768816315092153	[[0.028489946060766387, 0.2308701024757723, 0.7991434868128301], [-0.15210866660365902, -0.7846836073991564, 0.23211545313095977], [0.8177984288787785, -0.15399229143356583, 0.015332894753705608]]	0.9045465987054382	0.14504814101779953	[[0.009099029200911822, 0.22883154433010183, 0.8362853183772045], [-0.16588462788822703, -0.8258733105359185, 0.2544943873870872], [0.8682831579217293, -0.15535086743451862, 0.0]]	[[-0.0218635051109011, -0.022075335389191424, -0.032214312254896016], [-0.0005747393122844703, 0.02691149524057796, 0.002234075397011949], [-0.020490441729822038, 0.012006122189006662, -0.01666360753714448]]	0.3568277566463078	[[0.0, 0.0, 0.9572], [0.0, -1.0, 0.0], [0.9572, 0.0, 0.0]]
3	[[-0.3195682178843842, -0.5708200961323295, -0.7563336379995778], [0.910087742671785, 0.03735879733279218, -0.41272826520656647], [0.2638493031197415, -0.8202248094963509, 0.507557688474819]]	0.4458495081788433	0.5541504918211566	[[-0.1424793327733421, -0.25449985911919915, -0.3372109805212271], [0.40576217246980906, 0.0166564014169785, -0.18401469405385484], [0.11763708202926725, -0.3656968279100335, 0.2262943457788886]]	0.6517183519736454	0.5562051515130112	[[-0.2665170853835641, -0.2665170853835641, -0.4429975190517963], [0.6092629264933414, 0.03682344111873181, -0.057315603084417716], [0.339192989229498, -0.39905728515380967, 0.326645311763158]]	[[-0.058248613080798456, 0.10549684694123553, 0.049918993047520135], [0.016142042687870534, 0.012476027289287046, 0.21166698172894743], [0.16723755623090528, 0.1354982759390494, -0.004139348501203929]]	0.9200144914866458	[[0.0, 0.0, -0.8770171172480001], [0.7071067811865475, 0.7071067811865476, 0.0], [0.6201447508227383, -0.6201447508227382, 0.0]]
3	[[0.08740825448676931, -0.06334395238859675, -0.994156597696443], [0.7119981850616444, -0.6940087028176986, 0.10681996481098455], [-0.6967197295301035, -0.717174639895393, -0.015561310176609944]]	0.7461622809221649	0.2538377190778351	[[0.06522074253927285, -0.04726486799690037, -0.7418021545309971], [0.5312661897780383, -0.5178431166742867, 0.07970502859138963], [-0.5198659825496561, -0.5351286651238788, -0.011611262695516565]]	0.8760919508389026	0.19654741157142305	[[0.042812120612793415, -0.03224758867760921, -0.820847608051112], [0.6358193134161636, -0.6380710914447654, 0.07128746777038389], [-0.6032293986045505, -0.5878971621451291, 0.030272740802282594]]	[[-0.033765547579943565, 0.023247538144363082, 0.05012498506413073], [0.012043434471749576, -0.030055653094031787, -0.022296643589414477], [0.007161148427430361, 0.04041376721301316, 0.04390587939251807]]	0.1832007692741752	[[0.0, 0.0, -0.8770171172480001], [0.7071067811865475, -0.7071067811865476, 0.0], [-0.6201447508227383, -0.6201447508227382, 0.0]]
3	[[-0.42203838922340475, -0.825029846081567, 0.3757783270710803], [0.2588054115689476, 0.28760896992378115, 0.9221175843470338], [-0.8688517462515349, 0.4864224845687207, 0.09214016247897017]]	0.437719844072056	0.562280155927944	[[-0.1847345779232904, -0.3611319355816159, 0.1644856307312113], [0.113284264396964, 0.1258921534687621, 0.40362916523648457], [-0.3803136508909554, 0.21291677409856247, 0.04033157755306873]]	0.635161401605208	0.6126524690788431	[[-0.11114965910638469, -0.3671142776793398, 0.3294959179271052], [0.13960625693551626, 0.09186114423499099, 0.6400680907850753], [-0.48848368008918996, 0.18026183506173038, -0.030694310345734905]]	[[0.15691283572395734, 0.15691283572395734, 0.09081602901177765], [-0.024776951019629123, -0.09081697221602798, 0.054374593466404726], [0.06337741284706744, -0.1286949520092259, -0.08921818509000917]]	0.675635402093146	[[0.0, -0.6201447508227382, 0.6201447508227383], [0.0, 0.7071067811865476, 0.7071067811865475], [-0.8770171172480001, 0.0, 0.0]]
3	[[-0.8305561570912853, 0.32773595720904825, 0.4502950280316503], [-0.5100865793185324, -0.772219296347621, -0.37879947194723407], [0.22358030216652452, -0.5443036842615101, 0.808545204538665]]	0.499897993933103	0.5001020060668969	[[-0.4151933567787207, 0.1638345475485485, 0.22510158119107232], [-0.2549912577335331, -0.38603087712060813, -0.18936109612934104], [0.11176734453600261, -0.272096319852726, 0.40419012575310914]]	0.7295349917207921	0.4747047500582986	[[-0.5007079358885019, 0.1291245908214375, 0.2522014466221258], [-0.5535524689721184, -0.5908917794882839, -0.2863199658392492], [0.21908801530647123, -0.3295033475086352, 0.4501809559515898]]	[[0.10521184329874173, -0.10997025800767138, -0.07630453292485809], [-0.18142646055208572, -0.02753078152068647, -0.009972496208383391], [0.05597836141648353, 0.06758523628268225, -0.13968106314741124]]	0.6808107202711116	[[-0.6478737472030279, 0.6478737472030278, 0.0], [-0.7071067811865475, -0.7071067811865476, 0.0], [0.0, 0.0, 0.9162318400000001]]
3	[[0.8787972042104137, -0.3840163418041313, 0.28327887866788265], [-0.395223040501579, -0.9183905790867732, -0.018907472103605397], [0.2674214316928388, -0.09534250611366366, -0.9588511794847616]]	0.6426154811986364	0.3573845188013637	[[0.5647286882596912, -0.24677484627660187, 0.18203939292857152], [-0.25397644435271033, -0.5901720039081411, -0.012150234284108179], [0.17184915201012185, -0.06126857044491589, -0.6161726121024801]]	0.8243789744552827	0.31991137379229634	[[0.5919497400572821, -0.25549357162604447, 0.2382951246836027], [-0.3436156690004292, -0.8489624546480083, -0.021021221415890485], [0.21371650166537956, -0.07859835741197856, -0.6898007599218652]]	[[-0.13251219790386853, 0.06108142640451461, 0.004765973202531151], [-0.017802104190638834, -0.09186057091106103, -0.005434298953578398], [-0.006740103940926288, 0.0, 0.10065599207702083]]	0.4872148133037592	[[0.6478737472030279, -0.6478737472030278, 0.0], [-0.7071067811865475, -0.7071067811865476, 0.0], [0.0, 0.0, -0.9162318400000001]]
3	[[0.22433838825039393, -0.7661379269479729, -0.6022499185961573], [-0.9416906372873723, -0.011392912655017143, -0.3362869982418849], [0.2507808429735371, 0.642575192824231, -0.724020780340167]]	0.47812438617282466	0.5218756138271754	[[0.10726165417722044, -0.36630922604571997, -0.28795037265142137], [-0.4502452579177209, -0.005447229369900697, -0.16078701461230296], [0.11990443661062594, 0.3072308696389699, -0.34617199117651193]]	0.6865940908138773	0.5335840627475996	[[0.29305663361784834, -0.3983993750178627, -0.32461922088164563], [-0.6750244027893827, -0.035981673638800726, -0.03940186487626815], [0.2845591879526426, 0.28853142201252974, -0.48523129725779873]]	[[0.13902722190241856, 0.1276263983730094, 0.08888201441961466], [-0.028465175853118488, -0.028159367132707232, 0.19149080093414678], [0.11237454307768927, -0.15265690828417514, 0.01187709215021223]]	0.7341043656438342	[[1.7511704381866212e-16, -0.8770171172480001, 0.0], [-1.0, -1.7938038903913487e-16, 0.0], [0.0, 0.0, -0.8770171172480001]]
