3	[[0.22433838825039393, -0.7661379269479729, -0.6022499185961573], [-0.9416906372873723, -0.011392912655017143, -0.3362869982418849], [0.2507808429735371, 0.642575192824231, -0.724020780340167]]	0.4277180466628673	0.5722819533371327	[[0.09595357721395442, -0.3276910175885255, -0.25759315878481925], [-0.4027780799412656, -0.004872954346604578, -0.14383601800613807], [0.10726349229710852, 0.27484100630879543, -0.3096767539104212]]	0.646239666235948	0.5656761117781713	[[0.26650189870157814, -0.38834371811111545, -0.26386060375390075], [-0.6838264803676349, -0.0489740407552058, -0.04044841796540198], [0.2404160113773905, 0.24041601137739044, -0.4671946207490777]]	[[0.12152553355473308, 0.10676500009044365, 0.1253371826303068], [-0.0752686372295262, -0.04161148868357221, 0.17687357953792254], [0.07835148311580217, -0.17484156676484053, 0.0006963266858423661]]	0.7318484393634818	[[-1.556862211167265e-16, -0.7797041216640003, 0.0], [-1.0, 1.7938038903913487e-16, 0.0], [0.0, 0.0, -0.7797041216640003]]
3	[[-0.30792515101507295, 0.09349718223056193, 0.9468053539599837], [0.3027085282091916, -0.9338174967034747, 0.1906631317268273], [0.9019698710720718, 0.34531602882779927, 0.2592434992682147]]	0.6039936621391419	0.3960063378608583	[[-0.1859848396263422, 0.0564717054951278, 0.571864433071237], [0.18283403251381936, -0.5640198496035376, 0.11515932316660402], [0.5447840855679903, 0.208568692847048, 0.15658143050877496]]	0.8001553987320879	0.30013717642016274	[[-0.17757003581264602, 0.07276317654343335, 0.7293329456183035], [0.26103203008507436, -0.837210510097071, 0.1319765642503752], [0.6704841193498761, 0.244976305616047, 0.10480685926921271]]	[[0.068817936177458, -0.002049098584588604, -0.02825846990122283], [0.0188181669962452, -0.09001139867930198, -0.020583569940012904], [-0.051231942482127424, -0.031330179119241804, -0.10262822625644738]]	0.48236848500115037	[[0.0, 0.0, 0.9204000000000001], [0.0, -1.0, 0.0], [0.9204000000000001, 0.0, 0.0]]
3	[[0.08740825448676931, -0.06334395238859675, -0.994156597696443], [0.7119981850616444, -0.6940087028176986, 0.10681996481098455], [-0.6967197295301035, -0.717174639895393, -0.015561310176609944]]	0.6340966596605081	0.365903340339492	[[0.05542528219681603, -0.04016618861930346, -0.6303913777787701], [0.4514756708319331, -0.4400686002320248, 0.0677341828716983], [-0.44178765321461133, -0.4547580435508964, -0.009867374802929436]]	0.8240540989347118	0.2829943802103589	[[0.037238154224990896, -0.02916755617878391, -0.730384370088478], [0.63592733502471, -0.6395648748665792, 0.07117944616183744], [-0.5370843177268855, -0.5221665155689315, 0.02633135137136155]]	[[-0.03479097616555978, 0.023031287429764485, 0.0888544492262632], [0.049202312190586406, -0.06766415861329253, -0.016845983688716065], [0.037050431201080126, 0.06882418608889301, 0.03915471280719142]]	0.2603896775536018	[[0.0, 0.0, -0.7797041216640003], [0.7071067811865475, -0.7071067811865476, 0.0], [-0.5513340717477155, -0.5513340717477154, 0.0]]
3	[[-0.42203838922340475, -0.825029846081567, 0.3757783270710803], [0.2588054115689476, 0.28760896992378115, 0.9221175843470338], [-0.8688517462515349, 0.4864224845687207, 0.09214016247897017]]	0.4053053973146995	0.5946946026853006	[[-0.17105443702624787, -0.3343890495625749, 0.1523049841557973], [0.10489523016314663, 0.11656946782622951, 0.3737392338946454], [-0.35215030222204874, 0.1971496583709286, 0.03734490516217994]]	0.5991531669208932	0.6408769265147931	[[-0.09119890681336923, -0.33265251443200167, 0.28676053704601673], [0.15564317872457384, 0.08315583350495673, 0.6210639834848269], [-0.4420349295395415, 0.16929902576360717, -0.028406767927707112]]	[[0.1616667306520263, 0.1616667306520263, 0.06161176232114379], [0.0005790967667737151, -0.08916599165973269, 0.06857431254985784], [0.07854034581181395, -0.12214254632727113, -0.08361283807758772]]	0.7026512436309964	[[0.0, -0.5513340717477154, 0.5513340717477155], [0.0, 0.7071067811865476, 0.7071067811865475], [-0.7797041216640003, 0.0, 0.0]]
3	[[0.8592155572171323, 0.2624339665249735, -0.4391776855101157], [-0.4266000482917053, 0.8413623931712975, -0.33184593135155627], [0.2824199444684594, 0.4724804086637203, 0.8348660002631537]]	0.5036705594236743	0.4963294405763258	[[0.432761580369077, 0.1321802627314072, -0.22120087054727444], [-0.21486588497324963, 0.4237694672466287, -0.16714102588630858], [0.14224661142283201, 0.23797447174838227, 0.4204974253963481]]	0.7439574550406453	0.4517708244497605	[[0.46567017008942224, 0.18834633172977366, -0.2865081127986926], [-0.3531260614194276, 0.7495546332836757, -0.2515025395406262], [0.2385509398507248, 0.3118764240328453, 0.4624595034442574]]	[[-0.17354964918916538, -0.006893374122367553, 0.04022140042405394], [-0.035753775172114186, 0.12361680849305035, -0.004623284986729695], [0.02844251671124938, -0.039628898353180064, -0.15864528141148118]]	0.6892624980370178	[[0.6508210814040984, 0.6508210814040983, 0.0], [-0.7071067811865475, 0.7071067811865476, 0.0], [0.0, 0.0, 0.9204000000000001]]
3	[[-0.8305561570912853, 0.32773595720904825, 0.4502950280316503], [-0.5100865793185324, -0.772219296347621, -0.37879947194723407], [0.22358030216652452, -0.5443036842615101, 0.808545204538665]]	0.4582218752179295	0.5417781247820704	[[-0.38057899977616594, 0.15017578488867322, 0.20633503214597293], [-0.23373282889883712, -0.35384777405187684, -0.17357420436722307], [0.10244938532053616, -0.249411854890337, 0.3704930998221714]]	0.6883822434852479	0.524777498597924	[[-0.441926735670507, 0.1079872192118469, 0.2471915360040303], [-0.5441198034734196, -0.5956778535243231, -0.27181653692828284], [0.2035690206138091, -0.3089602221364416, 0.3988695444643607]]	[[0.12981337508847787, -0.11762039428250294, -0.0627835656226497], [-0.19298525963041246, -0.06409580184194832, -0.011057706598218642], [0.04966031060930731, 0.0657287691727828, -0.1577186173952042]]	0.6859473976224579	[[-0.5990157233243323, 0.5990157233243323, 0.0], [-0.7071067811865475, -0.7071067811865476, 0.0], [0.0, 0.0, 0.8471361600000002]]
3	[[0.8489524140446696, -0.5135124485683378, 0.12483895166604869], [0.522794976890395, 0.7815435453534784, -0.34040431673891397], [0.0772347773085365, 0.35425224329800037, 0.9319550081910795]]	0.6752291090226546	0.3247708909773454	[[0.573237382138014, -0.34673855311884044, 0.08429489410478833], [0.35300638644722077, 0.5277209517914362, -0.22985090349908244], [0.05215116986760625, 0.23920142661138546, 0.6292831498300634]]	0.8268940939070742	0.26044978077144704	[[0.6614286406770002, -0.4098603451893015, 0.0491854152165411], [0.4764828164055257, 0.6267281394340213, -0.26391788832004637], [0.0278922176331066, 0.22707106288743398, 0.7296234888834149]]	[[-0.04056509650469015, 0.014760065679617197, -0.05404317660566525], [0.04418673769057283, -0.019525602349965508, 0.01756043073183465], [-0.03597276356755037, -0.06585802484901446, -0.04100460317690774]]	0.45439443804334556	[[0.6508210814040984, -0.6508210814040983, 0.0], [0.7071067811865475, 0.7071067811865476, 0.0], [0.0, 0.0, 0.9204000000000001]]
3	[[0.3802729664721569, 0.7767473726770865, -0.5020517802076895], [0.4287143634067757, 0.332951791095048, 0.839849450446521], [0.8195098935212374, -0.5346088512602871, -0.20639019011321075]]	0.496973936461191	0.5030260635388092	[[0.18898575307744236, 0.3860231994352195, -0.24950664951716406], [0.2130598647997189, 0.16546836227231015, 0.41738328742317554], [0.40727505775214085, -0.26568666527782026, -0.10257054522753595]]	0.649888456322482	0.5178222148341144	[[0.1237324550258215, 0.41203657336270183, -0.2393686128876824], [0.30146203612919076, 0.1451455218688171, 0.46968678486752946], [0.5643002413485615, -0.2719768369234996, -0.09138738339082712]]	[[-0.12340255613593949, -0.09276257761895354, 0.08690904354544682], [0.022845520291485732, -0.07123600367574909, -0.07612167802644496], [0.03171022170704274, 0.07545928415838372, 0.04274321866195101]]	0.7258298672534513	[[0.0, 0.5513340717477154, -0.5513340717477155], [0.0, 0.7071067811865476, 0.7071067811865475], [0.7797041216640003, 0.0, 0.0]]
3	[[0.034229894132735264, 0.2773841392786001, 0.9601491309293217], [-0.1827544195208179, -0.9427759796974285, 0.2788803941677556], [0.9825625356654255, -0.18501754344446375, 0.018422055382213542]]	0.765544922577704	0.23445507742229607	[[0.026204521653687814, 0.21235001942831894, 0.7350372921003373], [-0.13990671794279777, -0.7217373643855872, 0.21349546976159406], [0.7521957602937407, -0.141639240971709, 0.01410291096129884]]	0.8730967420848931	0.19529329193237754	[[0.009208295582845007, 0.21284324658647136, 0.7862308354585378], [-0.16814024812128775, -0.8238670660327477, 0.25708226984301735], [0.8157236421683733, -0.14545551355189296, 0.0]]	[[-0.02067771346635695, -0.029339941723696583, -0.0520722426714944], [-0.008577959836045874, -0.0007324296430296084, 0.01359270626379911], [-0.042148506615781206, 0.016082700858018537, -0.016084236536718113]]	0.3737548609183488	[[0.0, 0.0, 0.9204000000000001], [0.0, -1.0, 0.0], [0.9204000000000001, 0.0, 0.0]]
3	[[0.8787972042104137, -0.3840163418041313, 0.28327887866788265], [-0.395223040501579, -0.9183905790867732, -0.018907472103605397], [0.2674214316928388, -0.09534250611366366, -0.9588511794847616]]	0.5806340364816543	0.41936596351834565	[[0.5102595679294852, -0.22297295861665142, 0.16448135877092948], [-0.2294799493169842, -0.5332488290018772, -0.010978321847180672], [0.15527398532551595, -0.05535910417305335, -0.5567416307294324]]	0.7964616787258283	0.360362735103423	[[0.5571143056946325, -0.23654677942000735, 0.2270858865473715], [-0.3455042164478029, -0.8472088884659789, -0.023366157227691444], [0.2038309696500415, -0.07593665247321608, -0.6468961154277879]]	[[-0.14281399083035826, 0.0693075208314625, 0.001465115295979466], [-0.0307242101387892, -0.11574598612054199, -0.00830708025559212], [-0.009159952763301313, 0.0, 0.11679210463288575]]	0.5093941638210712	[[0.5990157233243323, -0.5990157233243323, 0.0], [-0.7071067811865475, -0.7071067811865476, 0.0], [0.0, 0.0, -0.8471361600000002]]
3	[[-0.5446221603179724, 0.8109226453022452, -0.2139887049042392], [-0.8354447797583356, -0.5021691245819775, 0.22328947644507607], [0.07361197229480154, 0.30038414347728, 0.9509735242804028]]	0.5330621684949747	0.46693783150502527	[[-0.29031746978951606, 0.43227218378649607, -0.11406928306968499], [-0.44534400595578505, -0.26768736250089187, 0.11902717251591981], [0.0392397575786589, 0.16012342290350448, 0.5069280090342199]]	0.7387341110966145	0.373402317276115	[[-0.4684123666211802, 0.5383144206504133, -0.08295986375455125], [-0.6804555938501013, -0.46570305258741834, 0.038246039393565176], [0.09864577781947474, 0.08319882712142557, 0.702516581135698]]	[[-0.06608139913516496, -0.06074179889505602, 0.07512089194759766], [-0.0632840371050203, -0.094733590719186, -0.12670551350531656], [0.04426610290020592, -0.13870518609778076, 0.0]]	0.43514750456730394	[[-0.5990157233243323, 0.5990157233243323, 0.0], [-0.7071067811865475, -0.7071067811865476, 0.0], [0.0, 0.0, 0.8471361600000002]]
3	[[0.5319609947059123, -0.8460851799387872, 0.03402011756955908], [-0.703274286200726, -0.4190807785627857, 0.5742617690636116], [-0.47161719485230363, -0.3294103357928521, -0.8179645788128509]]	0.4619018601060934	0.5380981398939068	[[0.24571377295854863, -0.39080831842192454, 0.015713955586407313], [-0.3248437009609005, -0.19357419115286062, 0.265252579318298], [-0.21784085956029697, -0.1521552468408912, -0.37781936045455294]]	0.6655671372723335	0.5481711795624029	[[0.3995895811780197, -0.539376834589216, 0.09464967111899936], [-0.40602621983429316, -0.2341840040809117, 0.3010805613522543], [-0.27636185518057194, -0.039336412779786625, -0.4470957667455804]]	[[0.04553382479106262, 0.023749656511189886, 0.07200699885855966], [0.062050033549567736, 0.044742389992982294, -0.0811292003283596], [0.037531051085684185, 0.1799082814017801, 0.0973145763650589]]	0.6992504925725266	[[0.5990157233243323, -0.5990157233243323, 0.0], [-0.7071067811865475, -0.7071067811865476, 0.0], [0.0, 0.0, -0.8471361600000002]]
3	[[-0.3195682178843842, -0.5708200961323295, -0.7563336379995778], [0.910087742671785, 0.03735879733279218, -0.41272826520656647], [0.2638493031197415, -0.8202248094963509, 0.507557688474819]]	0.4091375757331018	0.5908624242668982	[[-0.1307473659465646, -0.23354395031131744, -0.3094445110965447], [0.37235109274114514, 0.015284887773042918, -0.16886264186314331], [0.10795066423727936, -0.33558479011348225, 0.20766092220728433]]	0.6157110219575154	0.6055834113057611	[[-0.2669078752511309, -0.2669078752511309, -0.36595022864715926], [0.6098814395618107, -0.09763223558455433, -0.0569532865174134], [0.21644392700199402, -0.33457288784817163, 0.3330580248443975]]	[[-0.07014620123239478, 0.0845523494923929, 0.09973272854640641], [0.04953038545035772, -0.12063445886943144, 0.19716805544367405], [0.0539890029353597, 0.1704485678417349, 0.020549161771172494]]	0.9422926501351299	[[0.0, 0.0, -0.7797041216640003], [0.7071067811865475, 0.7071067811865476, 0.0], [0.5513340717477155, -0.5513340717477154, 0.0]]
3	[[0.04673222253661188, -0.9725397674033924, -0.22799671093185395], [-0.8377629715199755, -0.16246744520517667, 0.5213036857710898], [-0.5440306084466285, 0.16664552219444034, -0.8223502702654952]]	0.5050910409726215	0.4949089590273783	[[0.02360402692798149, -0.49122112350505065, -0.11515909606290396], [-0.4231465713733411, -0.08206085102284497, 0.2633058213089841], [-0.27478498634127624, 0.08417116027861596, -0.4153617540525156]]	0.6994516923939382	0.46626555561415767	[[-1.0437176497732117e-16, -0.70443294592394, -0.10793652383036384], [-0.670398216545239, -0.13843267058792985, 0.23306365617204147], [-0.25699186906748245, 0.0, -0.5227122525965179]]	[[-0.032686932142563324, -0.024188359693230122, 0.05153616149117293], [-0.08442348829061755, -0.024794541080249706, -0.13156308909174505], [0.12353126072461594, -0.1165604925287729, 0.052482035681295246]]	0.6812224813024849	[[1.556862211167265e-16, -0.7797041216640003, 0.0], [-1.0, -1.7938038903913487e-16, 0.0], [0.0, 0.0, -0.7797041216640003]]
