3	[[-0.42203838922340475, -0.825029846081567, 0.3757783270710803], [0.2588054115689476, 0.28760896992378115, 0.9221175843470338], [-0.8688517462515349, 0.4864224845687207, 0.09214016247897017]]	0.4690197672094309	0.5309802327905692	[[-0.1979443470670045, -0.3869553063500092, 0.17624746348522752], [0.12138485388660877, 0.13489429212099602, 0.4324913747501686], [-0.4075086437664024, 0.2281417604778544, 0.04321555755652573]]	0.6688159506161108	0.5886264610565627	[[-0.13251252487390866, -0.4020396391826719, 0.3746958562965149], [0.1247982486032351, 0.10025007716369098, 0.6579903324962324], [-0.5359086352567363, 0.19021612481553446, -0.03266127508698405]]	[[0.14975348161103497, 0.14975348161103494, 0.12336931725553858], [-0.04829493875984435, -0.09210738946160303, 0.04126338374133941], [0.045193271356951906, -0.13511099160234497, -0.09428608544527936]]	0.6562251575881045	[[0.0, -0.6911069636356316, 0.6911069636356317], [0.0, 0.7071067811865476, 0.7071067811865475], [-0.9773728410239998, 0.0, 0.0]]
3	[[0.8592155572171323, 0.2624339665249735, -0.4391776855101157], [-0.4266000482917053, 0.8413623931712975, -0.33184593135155627], [0.2824199444684594, 0.4724804086637203, 0.8348660002631537]]	0.621158253804581	0.37884174619541905	[[0.5337088351627239, 0.1630130243856624, -0.27279884424140094], [-0.26498614106982565, 0.5226191949591263, -0.20612883925048756], [0.17542747954561502, 0.29348510560243135, 0.5185839068842755]]	0.8156199834742373	0.33322385874087873	[[0.5964420077658081, 0.22005365969086632, -0.295651492729492], [-0.3254426529569656, 0.752403441380366, -0.27230831685945994], [0.2536679426709142, 0.36750400923138216, 0.5773496232680507]]	[[-0.10435137081243695, 0.006007272250688865, 0.06255060386852235], [0.022500871380823857, 0.06617146016614783, -0.0016481438145107613], [0.02332059223075439, -0.01786045387482236, -0.1035837700697852]]	0.6281108617509942	[[0.9773728410239998, 0.0, 0.0], [0.0, 0.7071067811865476, -0.7071067811865475], [0.0, 0.6911069636356316, 0.6911069636356317]]
3	[[0.08740825448676931, -0.06334395238859675, -0.994156597696443], [0.7119981850616444, -0.6940087028176986, 0.10681996481098455], [-0.6967197295301035, -0.717174639895393, -0.015561310176609944]]	0.8326230368708994	0.16737696312910066	[[0.07277812629835828, -0.052741634005199094, -0.8277576854992533], [0.5928260910925952, -0.5778476337549056, 0.08894076349936457], [-0.5801048970492264, -0.5971361266364958, -0.012956705336939007]]	0.921844667818187	0.11906247310519223	[[0.06533277540830976, -0.027429727815660786, -0.9008900054450979], [0.6319284304664787, -0.6369295895369737, 0.06521651335073336], [-0.6564211784979694, -0.6539408065284845, 0.02233002566366129]]	[[-0.015244057913613667, 0.030963556932296226, 0.015567953117638566], [-0.024423299928824783, 0.0028386325749387665, -0.0332549016267991], [-0.014153810866913983, 0.007182811153512026, 0.03667513647423405]]	0.12004039830856474	[[0.0, 0.0, -0.9773728410239998], [0.7071067811865475, -0.7071067811865476, 0.0], [-0.6911069636356317, -0.6911069636356316, 0.0]]
3	[[0.8489524140446696, -0.5135124485683378, 0.12483895166604869], [0.522794976890395, 0.7815435453534784, -0.34040431673891397], [0.0772347773085365, 0.35425224329800037, 0.9319550081910795]]	0.767246751048588	0.2327532489514122	[[0.6513559814706285, -0.3939907577870623, 0.09578228007008757], [0.40111274748367715, 0.5996367459754509, -0.26117410606084623], [0.05925813195793586, 0.2717988827220647, 0.7150394521580659]]	0.8901961768291059	0.19374224138360366	[[0.7681898517931781, -0.44318580149520576, 0.05748892516523581], [0.4656866135084246, 0.6253720027706674, -0.27527582141554013], [0.03923454376333168, 0.28730149304402586, 0.8173373952411687]]	[[0.012455658500773199, 0.01394101697448145, -0.05364223232723428], [0.00029652381513418577, -0.07035507332846402, 0.027750799921565053], [-0.029519559714974917, -0.028052499572988367, -0.012285390027268252]]	0.42934006829369536	[[0.7017327696495298, -0.7017327696495297, 0.0], [0.7071067811865475, 0.7071067811865476, 0.0], [0.0, 0.0, 0.9924]]
3	[[-0.30792515101507295, 0.09349718223056193, 0.9468053539599837], [0.3027085282091916, -0.9338174967034747, 0.1906631317268273], [0.9019698710720718, 0.34531602882779927, 0.2592434992682147]]	0.7374268561382913	0.2625731438617088	[[-0.22707227603895377, 0.06894733315007218, 0.6981996955456127], [0.22322539828355334, -0.6886221008009725, 0.14060011381079518], [0.6651368063561379, 0.2546453135126436, 0.19117311863964903]]	0.8605062525394855	0.24820955840690745	[[-0.2649010481427879, 0.08278033926772256, 0.7575525908261048], [0.2431012997159202, -0.8496899155327634, 0.11977934476632816], [0.6929328255877151, 0.27307499212614533, 0.18212070887506537]]	[[7.046961984766676e-05, 0.002325429363500345, -0.05717933619432199], [-0.017381281505114348, -0.04613412088865305, -0.04428747221336631], [-0.08321788807203641, -0.02407160978228125, -0.04095994317544893]]	0.4673968786507759	[[0.0, 0.0, 0.9924], [0.0, -1.0, 0.0], [0.9924, 0.0, 0.0]]
3	[[-0.5446221603179724, 0.8109226453022452, -0.2139887049042392], [-0.8354447797583356, -0.5021691245819775, 0.22328947644507607], [0.07361197229480154, 0.30038414347728, 0.9509735242804028]]	0.6352973103459808	0.36470268965401936	[[-0.3459969936048254, 0.5151769754591641, -0.13594644867008293], [-0.5307558215230611, -0.31902669418572605, 0.14185520381411906], [0.04676548800815028, 0.19083323842169714, 0.6041509221855781]]	0.7944550460355866	0.305429458491914	[[-0.46674873222466035, 0.5991266047632797, -0.12503312537467876], [-0.6655179392291274, -0.42738325653371384, 0.047423836937271986], [0.092088514028966, 0.1675374850146929, 0.7461094896315417]]	[[-0.03407090877724498, -0.04511498274161511, 0.04497128103111415], [-0.0017946182660282996, -0.028432461546288677, -0.12996961435116294], [0.03360711119072911, -0.07110421351990984, -0.00939622537926988]]	0.38440771428416104	[[-0.6963996006001933, 0.6963996006001932, 0.0], [-0.7071067811865475, -0.7071067811865476, 0.0], [0.0, 0.0, 0.9848577599999999]]
3	[[0.22433838825039393, -0.7661379269479729, -0.6022499185961573], [-0.9416906372873723, -0.011392912655017143, -0.3362869982418849], [0.2507808429735371, 0.642575192824231, -0.724020780340167]]	0.5245734565604006	0.4754265434395994	[[0.11768196376369829, -0.4018956205411178, -0.31592432151120614], [-0.49398591261240343, -0.0059764195717330534, -0.17640723306406692], [0.13155297363775942, 0.33707788999977284, -0.3798020833645999]]	0.7211375567821463	0.5045736305524224	[[0.2711781681932852, -0.4062724067979463, -0.40853196154367794], [-0.6822897270838452, 0.030437505107782887, -0.03825260628509444], [0.3364539819209421, 0.3526994214012526, -0.4812110234016621]]	[[0.10939933099795157, 0.1462184259994533, 0.02577307332500148], [-0.00320124166580725, 0.03865336230445432, 0.20425657800466035], [0.15560649753123856, -0.11068568320082989, 0.04090755319234895]]	0.7487394533755547	[[1.9515541859187168e-16, -0.9773728410239998, 0.0], [-1.0, -1.7938038903913487e-16, 0.0], [0.0, 0.0, -0.9773728410239998]]
3	[[0.034229894132735264, 0.2773841392786001, 0.9601491309293217], [-0.1827544195208179, -0.9427759796974285, 0.2788803941677556], [0.9825625356654255, -0.18501754344446375, 0.018422055382213542]]	0.8677936307575072	0.13220636924249285	[[0.02970448410989143, 0.24071218933912247, 0.8332113003978212], [-0.15859312125295122, -0.8181349904125974, 0.2420106298019214], [0.8526615102714024, -0.16055704577950602, 0.01598654232614696]]	0.9323141620528591	0.12273759790651517	[[0.011614989880271515, 0.24318834857539381, 0.8851939470251715], [-0.16340211954833733, -0.8279595916321691, 0.2519401676094855], [0.9193042073450884, -0.1656499818302082, 0.0]]	[[-0.020298025185247644, -0.015420812802887802, -0.009966685422979906], [0.006982413948670657, 0.05100380588300248, -0.008063973391996588], [0.003247240241644827, 0.006844494151295462, -0.017175143126959787]]	0.3415721320483161	[[0.0, 0.0, 0.9924], [0.0, -1.0, 0.0], [0.9924, 0.0, 0.0]]
3	[[-0.3195682178843842, -0.5708200961323295, -0.7563336379995778], [0.910087742671785, 0.03735879733279218, -0.41272826520656647], [0.2638493031197415, -0.8202248094963509, 0.507557688474819]]	0.48322028234488384	0.5167797176551162	[[-0.1544218444745435, -0.27583184802119803, -0.36547575410108923], [0.4397728559724779, 0.01805252859521713, -0.19943866884483114], [0.1274973347500223, -0.3963492640311053, 0.24526216953111865]]	0.6804809286804544	0.5461883075097403	[[-0.2532399896947116, -0.2779130669132234, -0.4916497113147893], [0.5844449274074927, -0.025486621494755314, -0.07615196730448477], [0.3012342803257804, -0.47470686437172926, 0.3083796405460447]]	[[-0.03577991201198805, 0.1105191222123704, 0.02302090506342995], [-0.03485242490650206, -0.05090857059815868, 0.20470174589595241], [0.12168986150716804, 0.08344047572109627, -0.037003686666204814]]	0.9018070772255764	[[0.0, 0.0, -0.9773728410239998], [0.7071067811865475, 0.7071067811865476, 0.0], [0.6911069636356317, -0.6911069636356316, 0.0]]
3	[[0.3802729664721569, 0.7767473726770865, -0.5020517802076895], [0.4287143634067757, 0.332951791095048, 0.839849450446521], [0.8195098935212374, -0.5346088512602871, -0.20639019011321075]]	0.5576558123405781	0.442344187659422	[[0.2120614300291921, 0.4331576870936505, -0.27997209332875245], [0.2390750565876793, 0.18567250153335949, 0.46834692753254287], [0.4570044553927264, -0.2981277332340188, -0.1150946891267089]]	0.7229102608413176	0.43874015120008314	[[0.22991220150771513, 0.48846873191694423, -0.3194106014819971], [0.33392627829909666, 0.22130657448587573, 0.48921004917319816], [0.6130433117339729, -0.3168121084655146, -0.0522808350031051]]	[[-0.04499102787557349, -0.07304991387285649, 0.04352778190379146], [0.02400426602228506, -0.019387691662229256, -0.11792573611653351], [0.020611200846494725, 0.06966211564713665, 0.0969207511667252]]	0.6727269883535865	[[0.0, 0.6911069636356316, -0.6911069636356317], [0.0, 0.7071067811865476, 0.7071067811865475], [0.9773728410239998, 0.0, 0.0]]
3	[[0.8787972042104137, -0.3840163418041313, 0.28327887866788265], [-0.395223040501579, -0.9183905790867732, -0.018907472103605397], [0.2674214316928388, -0.09534250611366366, -0.9588511794847616]]	0.7095370579023877	0.29046294209761236	[[0.6235391827683007, -0.27247382535014103, 0.2009968621358969], [-0.28042539337272665, -0.6516321494904993, -0.013415552128763655], [0.18974541586338117, -0.06764904128092933, -0.680340444857852]]	0.8498811338037429	0.2793974804728206	[[0.6273885389764953, -0.27435939328161263, 0.24751909586774037], [-0.34478421419471666, -0.8505296616473383, -0.016069103828774797], [0.22051070828770264, -0.08102979719557075, -0.734476667263484]]	[[-0.11948462532141058, 0.05200885069004817, 0.0067657212828273585], [-0.008891608427872105, -0.07000683501839541, 0.0], [-0.0067657212828273585, 0.0, 0.08043286030608134]]	0.4710242275855689	[[0.6963996006001933, -0.6963996006001932, 0.0], [-0.7071067811865475, -0.7071067811865476, 0.0], [0.0, 0.0, -0.9848577599999999]]
3	[[-0.8305561570912853, 0.32773595720904825, 0.4502950280316503], [-0.5100865793185324, -0.772219296347621, -0.37879947194723407], [0.22358030216652452, -0.5443036842615101, 0.808545204538665]]	0.5423289575604442	0.4576710424395558	[[-0.45043465487072526, 0.17774070002825745, 0.24420803314705575], [-0.27663472282739243, -0.4187968859962651, -0.20543392274559014], [0.12125407220502038, -0.29519164968185385, 0.4384974779179503]]	0.7667819304901489	0.43109288551966557	[[-0.5503025703645776, 0.15765144127245465, 0.2533024822988634], [-0.5522231598103682, -0.6026710587322838, -0.2943134950849741], [0.2379636302489533, -0.34495952193712015, 0.49645374041986434]]	[[0.08655288315035747, -0.0936505686873362, -0.09197560858536111], [-0.16109798780338747, -0.0105472559171106, -0.0038569047166249902], [0.06652629453413487, 0.072402707853821, -0.12352411240484543]]	0.6811048286995475	[[-0.6911069636356317, 0.6911069636356316, 0.0], [-0.7071067811865475, -0.7071067811865476, 0.0], [0.0, 0.0, 0.9773728410239998]]
3	[[0.5319609947059123, -0.8460851799387872, 0.03402011756955908], [-0.703274286200726, -0.4190807785627857, 0.5742617690636116], [-0.47161719485230363, -0.3294103357928521, -0.8179645788128509]]	0.5274906015956742	0.4725093984043259	[[0.280604425122855, -0.4463019805670951, 0.01794529228312229], [-0.37097057631478925, -0.22106117200126735, 0.3029176860367606], [-0.24877363783550596, -0.17376085619920462, -0.43146862776194295]]	0.7284510540948277	0.4766608673104845	[[0.5153488802928163, -0.6267376145797203, 0.11168662308840623], [-0.426259323129716, -0.24286309896933284, 0.2808474580568314], [-0.29264718982871635, -0.06755986555230181, -0.526133779206984]]	[[0.12784133296196154, -0.010405973399298867, 0.08690463258443097], [0.08604157197099035, 0.062416735925609555, -0.13747413294391697], [0.050902852890690034, 0.17239944078573247, 0.069713380441469]]	0.6485630527346156	[[0.6963996006001933, -0.6963996006001932, 0.0], [-0.7071067811865475, -0.7071067811865476, 0.0], [0.0, 0.0, -0.9848577599999999]]
3	[[0.04673222253661188, -0.9725397674033924, -0.22799671093185395], [-0.8377629715199755, -0.16246744520517667, 0.5213036857710898], [-0.5440306084466285, 0.16664552219444034, -0.8223502702654952]]	0.5681685212823328	0.4318314787176673	[[0.026551777774863623, -0.5525664815338492, -0.1295405541073869], [-0.4759905487135974, -0.09230888809874362, 0.29618834428359], [-0.30910106633344875, 0.09468273992353733, -0.46723353703287307]]	0.7588918668454095	0.3851260212905868	[[-0.00901653710191582, -0.8193951105082878, -0.10291302189732396], [-0.6616960001935953, -0.11414750300420506, 0.22339166081881276], [-0.3081484098822083, 0.04441661395790771, -0.6240749318026088]]	[[-0.04448124070456021, -0.08134259084212697, 0.07011182769636388], [-0.025924494762843517, 0.00914771978915557, -0.17222146646940228], [0.10471199418289766, -0.08204931748165926, 0.0]]	0.6124299817896623	[[1.9515541859187168e-16, -0.9773728410239998, 0.0], [-1.0, -1.7938038903913487e-16, 0.0], [0.0, 0.0, -0.9773728410239998]]
