3	[[0.034229894132735264, 0.2773841392786001, 0.9601491309293217], [-0.1827544195208179, -0.9427759796974285, 0.2788803941677556], [0.9825625356654255, -0.18501754344446375, 0.018422055382213542]]	0.8611633274096631	0.13883667259033702	[[0.029477529528226794, 0.23887304835182474, 0.8268452204005908], [-0.15738140401336903, -0.8118840996781425, 0.24016156819082285], [0.8461468226017136, -0.15933032334179625, 0.01586439851067211]]	0.9178030243006327	0.12788705958031907	[[0.009038150835575194, 0.23616678489673473, 0.8588824016627923], [-0.16495262464953966, -0.8266864451287578, 0.25346331006370726], [0.892041759192625, -0.15985673888350338, 0.0]]	[[-0.022378149520939708, -0.01841721702619235, -0.022345374483763298], [0.002779934290973597, 0.03859620027553405, -0.0024939591216113647], [-0.009757107605600711, 0.00995292203849914, -0.016907818143629332]]	0.34960717204129044	[[0.0, 0.0, 0.9736], [0.0, -1.0, 0.0], [0.9736, 0.0, 0.0]]
3	[[-0.5446221603179724, 0.8109226453022452, -0.2139887049042392], [-0.8354447797583356, -0.5021691245819775, 0.22328947644507607], [0.07361197229480154, 0.30038414347728, 0.9509735242804028]]	0.6077704580004705	0.39222954199952953	[[-0.33100525981365975, 0.4928548275382987, -0.130056013186577], [-0.5077586564278258, -0.30520355884088374, 0.13570874736570912], [0.04473918211592948, 0.18256460845726546, 0.5779736143982219]]	0.7812404377101625	0.31255984619907096	[[-0.4724096492426025, 0.5835949472219248, -0.11164226687863626], [-0.674013211613933, -0.44273386520423075, 0.03951071669176599], [0.08849517132243691, 0.1411898413358405, 0.7428100778241052]]	[[-0.04692879432913537, -0.049930615143084, 0.055534362605782386], [-0.02132996619286042, -0.05041903851127749, -0.13493205162225827], [0.03098652186613779, -0.09348239839554195, -0.0001288945354925378]]	0.395685868526499	[[-0.6702643682821137, 0.6702643682821136, 0.0], [-0.7071067811865475, -0.7071067811865476, 0.0], [0.0, 0.0, 0.94789696]]
3	[[0.5319609947059123, -0.8460851799387872, 0.03402011756955908], [-0.703274286200726, -0.4190807785627857, 0.5742617690636116], [-0.47161719485230363, -0.3294103357928521, -0.8179645788128509]]	0.5106151883429079	0.48938481165709213	[[0.27162736350284006, -0.432023943508587, 0.017371188740228284], [-0.3591025321051078, -0.2139890106767293, 0.2932267813685475], [-0.24081490277526288, -0.1682019206529677, -0.4176651374683512]]	0.7131120153098367	0.49862122112397383	[[0.47371263240742056, -0.6032648276798883, 0.11061710872595217], [-0.41085205701258565, -0.22642459533683135, 0.2962547241739618], [-0.3023863121056709, -0.05958592025806962, -0.4911730686438257]]	[[0.09436485540646201, 8.868011004611615e-05, 0.08635695412484629], [0.09066128653560089, 0.0724269432416921, -0.11325824327838237], [0.03392957617022733, 0.1753205481630612, 0.09212730060546824]]	0.6614733446416186	[[0.6702643682821137, -0.6702643682821136, 0.0], [-0.7071067811865475, -0.7071067811865476, 0.0], [0.0, 0.0, -0.94789696]]
3	[[0.8592155572171323, 0.2624339665249735, -0.4391776855101157], [-0.4266000482917053, 0.8413623931712975, -0.33184593135155627], [0.2824199444684594, 0.4724804086637203, 0.8348660002631537]]	0.5881599917230222	0.4118400082769779	[[0.5053562150211204, 0.15435315957916826, -0.2583067438745657], [-0.2509090808722903, 0.49485569820369246, -0.1951785002370499], [0.16610811220098545, 0.2778940732489439, 0.49103477980460924]]	0.796794177875388	0.36328868045421725	[[0.566589757661291, 0.21074423098259368, -0.2884255954063697], [-0.32404907061954696, 0.7528393303776197, -0.27264957006801965], [0.24729743873087923, 0.35091293861078, 0.5496581346168776]]	[[-0.11802819586927732, 0.0016383743787503138, 0.061508627460878665], [0.01586336414064326, 0.0824466740154267, -0.00823666401546392], [0.0222668712625204, -0.025556700172656353, -0.11555823369891541]]	0.6443991070472921	[[0.9228724802560001, 0.0, 0.0], [0.0, 0.7071067811865476, -0.7071067811865475], [0.0, 0.6525693889594658, 0.6525693889594659]]
3	[[0.04673222253661188, -0.9725397674033924, -0.22799671093185395], [-0.8377629715199755, -0.16246744520517667, 0.5213036857710898], [-0.5440306084466285, 0.16664552219444034, -0.8223502702654952]]	0.5511754120133634	0.44882458798663655	[[0.025757652010917224, -0.5360400069979454, -0.1256661810855563], [-0.4617543509970622, -0.08954806104972177, 0.2873297737889653], [-0.29985629475845127, 0.09185091435570272, -0.45325924903288495]]	0.7488051710484033	0.38206963035134933	[[-0.02195708070431707, -0.8082768722220873, -0.11609462405698424], [-0.6537110128784448, -0.12617085434290498, 0.23432026815990362], [-0.279515433954458, 0.011648965474494802, -0.6157801347878549]]	[[-0.05695041059431666, -0.0800340653402158, 0.054630492070816036], [-0.026389767691411, -0.004514391246245739, -0.15603462743208033], [0.1278574988589865, -0.11313606327676358, 0.0]]	0.6290663189523051	[[1.8427314289046836e-16, -0.9228724802560001, 0.0], [-1.0, -1.7938038903913487e-16, 0.0], [0.0, 0.0, -0.9228724802560001]]
3	[[-0.42203838922340475, -0.825029846081567, 0.3757783270710803], [0.2588054115689476, 0.28760896992378115, 0.9221175843470338], [-0.8688517462515349, 0.4864224845687207, 0.09214016247897017]]	0.4523411081747862	0.547658891825214	[[-0.1909053126736166, -0.37319491485380923, 0.16997998489539962], [0.11706832667072939, 0.1300973601763319, 0.4171116899709941], [-0.39301736173901736, 0.22002888571094795, 0.04167878320314222]]	0.6509407330646386	0.6010471283091111	[[-0.12081916309314408, -0.38314271743918293, 0.35001304707437], [0.1326405978225954, 0.09576554073248149, 0.6484518330176418], [-0.5102048357664344, 0.18497068018907195, -0.03164079156054076]]	[[0.1539028153693583, 0.1539028153693583, 0.10540362738091742], [-0.035826386505190835, -0.09145085298567027, 0.04820793669098973], [0.05536615686303123, -0.13166152849521406, -0.09161857646929653]]	0.6656234014730116	[[0.0, -0.6525693889594658, 0.6525693889594659], [0.0, 0.7071067811865476, 0.7071067811865475], [-0.9228724802560001, 0.0, 0.0]]
3	[[-0.30792515101507295, 0.09349718223056193, 0.9468053539599837], [0.3027085282091916, -0.9338174967034747, 0.1906631317268273], [0.9019698710720718, 0.34531602882779927, 0.2592434992682147]]	0.703801831222366	0.2961981687776341	[[-0.21671828516383185, 0.06580348806800074, 0.6663633419281768], [0.21304681648025622, -0.6572224642073913, 0.13418906125593225], [0.6348080469679255, 0.2430340534394404, 0.1824560495174636]]	0.8450860619167432	0.2666777018137181	[[-0.2521736119413325, 0.07733630297130924, 0.7391276749967636], [0.24420223980548877, -0.8497594776368496, 0.11851046690164767], [0.6761484838125723, 0.2614152660299828, 0.17483730897002328]]	[[0.008049641295113971, -0.0016768625602284412, -0.06100433298296709], [-0.011612518207430367, -0.06060332679875889, -0.04261628824209008], [-0.08609368249927744, -0.030406496888830695, -0.044245758904068386]]	0.4705738895527161	[[0.0, 0.0, 0.9736], [0.0, -1.0, 0.0], [0.9736, 0.0, 0.0]]
3	[[0.22433838825039393, -0.7661379269479729, -0.6022499185961573], [-0.9416906372873723, -0.011392912655017143, -0.3362869982418849], [0.2507808429735371, 0.642575192824231, -0.724020780340167]]	0.5016258191850672	0.4983741808149329	[[0.11253392778076148, -0.38431456521402596, -0.3021041087699374], [-0.47237633734818607, -0.00571497914347688, -0.16869024097437274], [0.12579814579252224, 0.3223323074884574, -0.3631875170451478]]	0.70272346624403	0.5207982688598908	[[0.2837574079326154, -0.40230532511137995, -0.3620564220478358], [-0.6785152666837809, 0.002035741076560904, -0.03878797697562329], [0.3146095310411417, 0.3171207541517257, -0.484045135385298]]	[[0.1261095581296996, 0.13607777453451506, 0.061158728293240844], [-0.016767157919648983, 0.01004180814810999, 0.1975287880817141], [0.1383799477991779, -0.13443191267214394, 0.024741257008051704]]	0.7392391745662683	[[1.8427314289046836e-16, -0.9228724802560001, 0.0], [-1.0, -1.7938038903913487e-16, 0.0], [0.0, 0.0, -0.9228724802560001]]
3	[[0.8489524140446696, -0.5135124485683378, 0.12483895166604869], [0.522794976890395, 0.7815435453534784, -0.34040431673891397], [0.0772347773085365, 0.35425224329800037, 0.9319550081910795]]	0.7498137147772758	0.25018628522272424	[[0.6365561632439696, -0.38503867664540015, 0.09360595809762073], [0.3919988436890872, 0.5860120690016939, -0.25523982526022554], [0.05791169528370941, 0.2656231905154569, 0.6987926466970399]]	0.8746394245219897	0.19754178001039072	[[0.7404985719278966, -0.4406186478388564, 0.05236848094813479], [0.470126131485425, 0.6262976792879956, -0.27045287567069215], [0.0375463882975119, 0.26441560881320214, 0.7976296071757608]]	[[-0.002028678938687059, 0.00851958466183242, -0.05682058789498655], [0.012869033755023032, -0.05727111745884636, 0.027278160026632695], [-0.030006192880710502, -0.045427369400584706, -0.01749498486887101]]	0.4353876263380971	[[0.6884391621632228, -0.6884391621632227, 0.0], [0.7071067811865475, 0.7071067811865476, 0.0], [0.0, 0.0, 0.9736]]
3	[[0.3802729664721569, 0.7767473726770865, -0.5020517802076895], [0.4287143634067757, 0.332951791095048, 0.839849450446521], [0.8195098935212374, -0.5346088512602871, -0.20639019011321075]]	0.5440067529335412	0.45599324706645905	[[0.20687106171892344, 0.42255581605972103, -0.273119558755289], [0.2332235087728902, 0.18112802275702386, 0.4568837724904309], [0.4458189161714005, -0.29083082526363924, -0.11227765716082402]]	0.704879901850834	0.446665608121915	[[0.20953205743085823, 0.46899683836911576, -0.30380142214311784], [0.3334374882637703, 0.2195424769192643, 0.4922320720149357], [0.5883975783561768, -0.2955099462688282, -0.05425337575872012]]	[[-0.058514713852561226, -0.07851677344640211, 0.050084787413714665], [0.031245349863559507, -0.015148548908872426, -0.09976092618528497], [0.010741525045139602, 0.08132508833611007, 0.09122692119125482]]	0.6845244456964371	[[0.0, 0.6525693889594658, -0.6525693889594659], [0.0, 0.7071067811865476, 0.7071067811865475], [0.9228724802560001, 0.0, 0.0]]
3	[[0.08740825448676931, -0.06334395238859675, -0.994156597696443], [0.7119981850616444, -0.6940087028176986, 0.10681996481098455], [-0.6967197295301035, -0.717174639895393, -0.015561310176609944]]	0.8031742330753737	0.19682576692462636	[[0.07020405776186804, -0.05087623037967418, -0.7984809629116635], [0.5718585962379442, -0.5574099076332398, 0.08579504331420092], [-0.5595873344338226, -0.5760161913790897, -0.012498443366746704]]	0.8979548836411807	0.1599540285980879	[[0.052172166367321665, -0.03018494719870902, -0.8585067332511245], [0.6346618459787012, -0.6380453346399841, 0.06813163958273324], [-0.6283999136301457, -0.6184038199291314, 0.02675298475428574]]	[[-0.026316502619623955, 0.026695064197765843, 0.034201038754496926], [-0.00468040144105945, -0.014856830655351025, -0.02778786948966939], [-0.002777029969426624, 0.025586650388541875, 0.04072633922322783]]	0.15173799332300014	[[0.0, 0.0, -0.9228724802560001], [0.7071067811865475, -0.7071067811865476, 0.0], [-0.6525693889594659, -0.6525693889594658, 0.0]]
3	[[0.8787972042104137, -0.3840163418041313, 0.28327887866788265], [-0.395223040501579, -0.9183905790867732, -0.018907472103605397], [0.2674214316928388, -0.09534250611366366, -0.9588511794847616]]	0.6727940154939736	0.32720598450602656	[[0.5912494998256016, -0.25836389661770776, 0.1905883342835949], [-0.2659036964347947, -0.6178876854956258, -0.012720834079424976], [0.17991953885777237, -0.0641458675354705, -0.6451093353066855]]	0.8364036872882731	0.3004549523171686	[[0.6092607407272337, -0.2642093123007411, 0.2417103579995158], [-0.3418720689366719, -0.8496983596688692, -0.02098818959766716], [0.2169196006754579, -0.07974482366877302, -0.7104591910188702]]	[[-0.125768481252982, 0.05698337196318822, 0.004774859350811431], [-0.011306060559868662, -0.08155309294987967, -0.00517391021291144], [-0.006752670852341517, 0.0, 0.0915274710628943]]	0.47896330562314654	[[0.6702643682821137, -0.6702643682821136, 0.0], [-0.7071067811865475, -0.7071067811865476, 0.0], [0.0, 0.0, -0.94789696]]
3	[[-0.8305561570912853, 0.32773595720904825, 0.4502950280316503], [-0.5100865793185324, -0.772219296347621, -0.37879947194723407], [0.22358030216652452, -0.5443036842615101, 0.808545204538665]]	0.5193466892578891	0.4806533107421109	[[-0.4313465904281142, 0.17020858432728442, 0.2338592319975259], [-0.2649117762039615, -0.40104953493919365, -0.19672825164843266], [0.11611568971346298, -0.2826823163720866, 0.4199152750924984]]	0.7478634840643154	0.4564933798067298	[[-0.5237864873592687, 0.14548432269380762, 0.24875798672252308], [-0.5537231152332098, -0.5972564236593398, -0.2892596793402735], [0.2306801213040061, -0.33632073140672103, 0.4734738402471345]]	[[0.0973561339940886, -0.09961743211770457, -0.08800122179806542], [-0.17224798884960368, -0.01974181023111402, -0.0059693864880921935], [0.06347257755759672, 0.07074411829413502, -0.13120759344264593]]	0.6803788613577216	[[-0.6702643682821137, 0.6702643682821136, 0.0], [-0.7071067811865475, -0.7071067811865476, 0.0], [0.0, 0.0, 0.94789696]]
3	[[-0.3195682178843842, -0.5708200961323295, -0.7563336379995778], [0.910087742671785, 0.03735879733279218, -0.41272826520656647], [0.2638493031197415, -0.8202248094963509, 0.507557688474819]]	0.46296811427398676	0.5370318857260132	[[-0.14794989521583188, -0.2642715034960805, -0.3501583581466487], [0.4213416060486256, 0.01729593195270688, -0.19108002665025792], [0.12215381431785226, -0.37973793333326555, 0.23498302591845052]]	0.6655244995710566	0.5564091472622031	[[-0.26417060216649746, -0.27130281957924207, -0.4656837734712649], [0.5982249485007994, -0.05049360366352156, -0.06507245876969041], [0.27177197981938095, -0.4318060301886388, 0.3206722843557322]]	[[-0.0514901238801783, 0.10859193924432893, 0.037674792467160906], [-0.007460741006592917, -0.07535679856300466, 0.2096083133907401], [0.09617380439844297, 0.11407367568718539, -0.017119792269913902]]	0.9110663846011572	[[0.0, 0.0, -0.9228724802560001], [0.7071067811865475, 0.7071067811865476, 0.0], [0.6525693889594659, -0.6525693889594658, 0.0]]
