3	[[0.8489524140446696, -0.5135124485683378, 0.12483895166604869], [0.522794976890395, 0.7815435453534784, -0.34040431673891397], [0.0772347773085365, 0.35425224329800037, 0.9319550081910795]]	0.729458277221575	0.27054172277842503	[[0.6192753653921219, -0.3745859060644922, 0.09106480661246333], [0.3813571231825607, 0.5701034081671904, -0.24831074644715548], [0.05633954759707702, 0.25841223109803757, 0.6798222947230836]]	0.8569488600769992	0.2155740760718848	[[0.7073910999189963, -0.42357372720996067, 0.05383659637465768], [0.4724979029588957, 0.6269448251577135, -0.2678130476011506], [0.03140120973041035, 0.2545257852357665, 0.7683116888159467]]	[[-0.02011770355620003, 0.016480180226025137, -0.05314400094877035], [0.02448934345869054, -0.04279802513348638, 0.023896043593551578], [-0.03478504464244091, -0.049050270838174766, -0.030326093096449364]]	0.4422850886144431	[[0.6741556051832545, -0.6741556051832543, 0.0], [0.7071067811865475, 0.7071067811865476, 0.0], [0.0, 0.0, 0.9534]]
3	[[-0.30792515101507295, 0.09349718223056193, 0.9468053539599837], [0.3027085282091916, -0.9338174967034747, 0.1906631317268273], [0.9019698710720718, 0.34531602882779927, 0.2592434992682147]]	0.6666309554173914	0.3333690445826088	[[-0.2052724376182226, 0.06232811591919344, 0.6311697577046453], [0.20179487537308577, -0.6225116500129142, 0.1271019456659268], [0.6012810369104764, 0.23019835421841525, 0.1728197416029178]]	0.8280881789037977	0.2830057231841158	[[-0.23277645425946988, 0.07262653946625887, 0.7258736531913879], [0.24752121360060242, -0.8483815264267509, 0.11851816160624203], [0.6642331304794864, 0.2515228230242475, 0.16014991479321103]]	[[0.022212723283278807, -0.0047973718996836764, -0.058164668145700454], [-0.003148140262795902, -0.07509829615306733, -0.0393677239295213], [-0.08267745748267875, -0.03442929843405612, -0.054526562408452904]]	0.4745799474797028	[[0.0, 0.0, 0.9534], [0.0, -1.0, 0.0], [0.9534, 0.0, 0.0]]
3	[[-0.3195682178843842, -0.5708200961323295, -0.7563336379995778], [0.910087742671785, 0.03735879733279218, -0.41272826520656647], [0.2638493031197415, -0.8202248094963509, 0.507557688474819]]	0.44195240071169084	0.5580475992883092	[[-0.14123394108516027, -0.2522753118601611, -0.3342634670529204], [0.4022154627320789, 0.016510810168929045, -0.18240624764961347], [0.1166088329398764, -0.3625003236802015, 0.22431633892112268]]	0.6480543588590088	0.5712448239440985	[[-0.26426609675702206, -0.264266096757022, -0.43771670117627554], [0.6092298344608648, -0.06862241766570373, -0.05733498794823602], [0.2438067119425546, -0.3943339295732079, 0.32404142437349753]]	[[-0.05716852020424145, 0.10565635466585249, 0.05242860968104249], [0.0194435058782585, -0.09283294911895006, 0.21013536334319638], [0.0728180209738943, 0.13721633346520246, -0.004883548015011795]]	0.9221862818225284	[[0.0, 0.0, -0.8666134853040001], [0.7071067811865475, 0.7071067811865476, 0.0], [0.6127882721261669, -0.6127882721261668, 0.0]]
3	[[0.22433838825039393, -0.7661379269479729, -0.6022499185961573], [-0.9416906372873723, -0.011392912655017143, -0.3362869982418849], [0.2507808429735371, 0.642575192824231, -0.724020780340167]]	0.472764422079347	0.5272355779206531	[[0.10605920847140965, -0.36220275426662735, -0.284722334712446], [-0.4451978299146966, -0.0053861637671496765, -0.15898452837662308], [0.11856026029695575, 0.30378668967807254, -0.34229126579095687]]	0.6828472388297897	0.5382577785961298	[[0.29499643995530755, -0.39743542909378843, -0.3163410703918475], [-0.6741886395006, -0.04043624231023817, -0.03956395919025297], [0.28162345932549304, 0.28221790679884196, -0.48534029480876684]]	[[0.1418075909750007, 0.12571973888541402, 0.09490362360700409], [-0.031157787997052884, -0.03265662336153071, 0.19006868901357643], [0.1103784531496061, -0.15656278936170392, 0.009055295901905888]]	0.7333039155100644	[[1.730397146135863e-16, -0.8666134853040001, 0.0], [-1.0, -1.7938038903913487e-16, 0.0], [0.0, 0.0, -0.8666134853040001]]
3	[[-0.5446221603179724, 0.8109226453022452, -0.2139887049042392], [-0.8354447797583356, -0.5021691245819775, 0.22328947644507607], [0.07361197229480154, 0.30038414347728, 0.9509735242804028]]	0.5794248559866372	0.4205751440133629	[[-0.3155676168093724, 0.46986873697055626, -0.12399037452190578], [-0.48407747119626154, -0.29096927269184797, 0.12937947273251982], [0.04265260644580769, 0.17405003907499234, 0.5510176973532772]]	0.7661683369689842	0.3409025972683902	[[-0.4808218133451141, 0.5727909272208224, -0.10671295778178586], [-0.6745250752138823, -0.42985537743604585, 0.05002003837793639], [0.12975535317009537, 0.10189275005962543, 0.7286058035994502]]	[[-0.06354955849783764, -0.04851232734088834, 0.0572384123848418], [-0.03443373767701912, -0.04510929437790147, -0.1210572884526627], [0.07335619077598035, -0.1282520696002149, 0.0]]	0.40951937987672804	[[-0.6427399539817148, 0.6427399539817147, 0.0], [-0.7071067811865475, -0.7071067811865476, 0.0], [0.0, 0.0, 0.90897156]]
3	[[0.5319609947059123, -0.8460851799387872, 0.03402011756955908], [-0.703274286200726, -0.4190807785627857, 0.5742617690636116], [-0.47161719485230363, -0.3294103357928521, -0.8179645788128509]]	0.49225610753521537	0.5077438924647847	[[0.2618610486144938, -0.4164905973198997, 0.016746610652681557], [-0.3461910626547764, -0.20629507279814452, 0.2826838631455403], [-0.23215644458467216, -0.16215424967925762, -0.4026480596680958]]	0.6956061173596351	0.5208819214439951	[[0.4388192666630781, -0.5783359311104729, 0.10637541457817792], [-0.402628130005666, -0.22044505684014867, 0.30447865118088147], [-0.30032014588093153, -0.051506893421184724, -0.46606347808198656]]	[[0.06878394454892905, 0.010206095862275147, 0.08271081268349861], [0.08657376565728982, 0.0710700963959636, -0.09498134834553279], [0.027739659910321887, 0.17763295127781475, 0.10291768672372995]]	0.675613160770195	[[0.6427399539817148, -0.6427399539817147, 0.0], [-0.7071067811865475, -0.7071067811865476, 0.0], [0.0, 0.0, -0.90897156]]
3	[[0.08740825448676931, -0.06334395238859675, -0.994156597696443], [0.7119981850616444, -0.6940087028176986, 0.10681996481098455], [-0.6967197295301035, -0.717174639895393, -0.015561310176609944]]	0.7337417299245061	0.26625827007549385	[[0.06413508385680361, -0.04647810120586452, -0.7294541818096494], [0.5224227800102396, -0.5092231461881207, 0.07837826577088668], [-0.5112123396179522, -0.5262209609348304, -0.011417982648877598]]	0.870753937777738	0.20543629073877023	[[0.041942572368925936, -0.032475910791774365, -0.8112189502347024], [0.6354095491587612, -0.6386613257547726, 0.07169723202778623], [-0.5965823574840636, -0.5803123613343925, 0.029657877342475047]]	[[-0.03416850941970709, 0.022681085185001813, 0.05444682197719385], [0.015434325825731721, -0.03435051492424158, -0.02131667296465798], [0.010089090531714631, 0.044170280428852224, 0.04320794945573894]]	0.19085316919325276	[[0.0, 0.0, -0.8666134853040001], [0.7071067811865475, -0.7071067811865476, 0.0], [-0.6127882721261669, -0.6127882721261668, 0.0]]
3	[[0.8787972042104137, -0.3840163418041313, 0.28327887866788265], [-0.395223040501579, -0.9183905790867732, -0.018907472103605397], [0.2674214316928388, -0.09534250611366366, -0.9588511794847616]]	0.6358656167334661	0.3641343832665341	[[0.5587969262389003, -0.24418278801701346, 0.1801272988917179], [-0.25130874239581213, -0.5839729919732161, -0.01202261141002986], [0.1700440935911134, -0.060625021450879, -0.6097004965986893]]	0.8215597345599414	0.3243925543900472	[[0.5879673701940763, -0.2534970016621853, 0.23749371761052798], [-0.34402719655083647, -0.848788378088325, -0.021029951856762093], [0.21296650229207467, -0.0783295640150211, -0.6850513138721286]]	[[-0.1340170276290498, 0.06199536217709653, 0.00476319724570448], [-0.019327860304386296, -0.09427565771144483, -0.005496334094124549], [-0.006736178145133447, 0.0, 0.10270220662785903]]	0.4892839710099461	[[0.6427399539817148, -0.6427399539817147, 0.0], [-0.7071067811865475, -0.7071067811865476, 0.0], [0.0, 0.0, -0.90897156]]
3	[[0.034229894132735264, 0.2773841392786001, 0.9601491309293217], [-0.1827544195208179, -0.9427759796974285, 0.2788803941677556], [0.9825625356654255, -0.18501754344446375, 0.018422055382213542]]	0.825522165171157	0.1744778348288432	[[0.028257536318035105, 0.22898675524140774, 0.7926243894519782], [-0.15086782409742353, -0.77828246803118, 0.23022194681715133], [0.8111271518585841, -0.15273608305892233, 0.015207815046027891]]	0.9014087109221601	0.15008158932585713	[[0.009112086061585393, 0.2271505351277988, 0.8310750846760766], [-0.16610685249897206, -0.8256780090459158, 0.25474366228225803], [0.8628077819385935, -0.15431537665417056, 0.0]]	[[-0.02174303868360552, -0.02288594428957702, -0.034411705727955585], [-0.001370426783383935, 0.024148471501519934, 0.003358445674037573], [-0.02288264673598658, 0.012461048680088262, -0.016605801194617752]]	0.3585291074498905	[[0.0, 0.0, 0.9534], [0.0, -1.0, 0.0], [0.9534, 0.0, 0.0]]
3	[[0.8592155572171323, 0.2624339665249735, -0.4391776855101157], [-0.4266000482917053, 0.8413623931712975, -0.33184593135155627], [0.2824199444684594, 0.4724804086637203, 0.8348660002631537]]	0.5546238038615686	0.44537619613843155	[[0.47654140068080314, 0.14555212477656038, -0.24357839850874013], [-0.23660254151107446, 0.46663961092673756, -0.1840496527421851], [0.1566368238874699, 0.262048881503141, 0.46303655678064376]]	0.7765253890389151	0.39522555169703427	[[0.5293773740965007, 0.2093044276527441, -0.28387639896431227], [-0.33923217675833367, 0.7513089525415257, -0.2611611228566861], [0.2409094433784048, 0.33005715781411904, 0.522326911155988]]	[[-0.13782532073982112, 0.005517789699913421, 0.05715622413364064], [-0.007966408294597292, 0.0979696928614713, -0.0034743319129377694], [0.02160318612768555, -0.036835875336741986, -0.1259677344937204]]	0.6630911864845155	[[0.8666134853040001, 0.0, 0.0], [0.0, 0.7071067811865476, -0.7071067811865475], [0.0, 0.6127882721261668, 0.6127882721261669]]
3	[[0.3802729664721569, 0.7767473726770865, -0.5020517802076895], [0.4287143634067757, 0.332951791095048, 0.839849450446521], [0.8195098935212374, -0.5346088512602871, -0.20639019011321075]]	0.5291986354364742	0.4708013645635261	[[0.20123993495044554, 0.41105364969958064, -0.26568511700436187], [0.22687505610688238, 0.17619763351362935, 0.44444718314837167], [0.4336835173781291, -0.28291427457920487, -0.10922140697538564]]	0.6847495467502878	0.463783446805521	[[0.18313992513071908, 0.44144333814798636, -0.28762451055073185], [0.3356436741246083, 0.20008157584529251, 0.4746535324169785], [0.5672662925131692, -0.28514384242054097, -0.07227602163474738]]	[[-0.07725181630247774, -0.09043407323212536, 0.056155218391658546], [0.04208170809648045, -0.027907012196738034, -0.10043299811475495], [0.006107264367125238, 0.0809293261686326, 0.06904956749897938]]	0.6990639537196655	[[0.0, 0.6127882721261668, -0.6127882721261669], [0.0, 0.7071067811865476, 0.7071067811865475], [0.8666134853040001, 0.0, 0.0]]
3	[[-0.42203838922340475, -0.825029846081567, 0.3757783270710803], [0.2588054115689476, 0.28760896992378115, 0.9221175843470338], [-0.8688517462515349, 0.4864224845687207, 0.09214016247897017]]	0.4343467908844723	0.5656532091155277	[[-0.1833110199892377, -0.3583490660294388, 0.1632181104472593], [0.1124112999785075, 0.12492203311598299, 0.4005188135792759], [-0.37738296773872404, 0.21127604518647555, 0.040020783884314556]]	0.6314810610257044	0.6154348977169337	[[-0.10897862997733616, -0.3634601027384229, 0.3248739305220427], [0.14123650517685282, 0.09095809194309906, 0.6381175809693936], [-0.48354211159457133, 0.17915422518712043, -0.030468095079624894]]	[[0.15753061984303873, 0.15753061984303873, 0.08757703383273274], [-0.022194210719900312, -0.0906615255448802, 0.055817790415469234], [0.06512131100238405, -0.12801236147509468, -0.08865286264492578]]	0.6781592245630907	[[0.0, -0.6127882721261668, 0.6127882721261669], [0.0, 0.7071067811865476, 0.7071067811865475], [-0.8666134853040001, 0.0, 0.0]]
3	[[0.04673222253661188, -0.9725397674033924, -0.22799671093185395], [-0.8377629715199755, -0.16246744520517667, 0.5213036857710898], [-0.5440306084466285, 0.16664552219444034, -0.8223502702654952]]	0.5339214630763295	0.4660785369236704	[[0.02495133662955644, -0.5192598555119325, -0.12173233747732645], [-0.4472996314651187, -0.08674485604622138, 0.2783352266139833], [-0.2904696184201296, 0.08897562102517453, -0.43907045946136825]]	0.7321830439997302	0.41379660552490927	[[-0.0077464417592154645, -0.7714736520880014, -0.10558418561588409], [-0.6610618326968782, -0.128346520178593, 0.2352593627630455], [-0.2751199808837663, 0.00547108844893977, -0.5785406844957544]]	[[-0.04196298270894487, -0.059396524779795824, 0.06135114021612728], [-0.04766599005912321, -0.009390611597407249, -0.1464303567331099], [0.12321000603771154, -0.11654393726031015, 0.02357023962123681]]	0.6481525433306465	[[-1.730397146135863e-16, -0.8666134853040001, 0.0], [-1.0, 1.7938038903913487e-16, 0.0], [0.0, 0.0, -0.8666134853040001]]
3	[[-0.8305561570912853, 0.32773595720904825, 0.4502950280316503], [-0.5100865793185324, -0.772219296347621, -0.37879947194723407], [0.22358030216652452, -0.5443036842615101, 0.808545204538665]]	0.49547002870092777	0.5045299712990721	[[-0.4115156829917514, 0.16238334412469316, 0.22310769046272688], [-0.25273261209491127, -0.3826115169247661, -0.18768378523759233], [0.11077733873141005, -0.2696861620630711, 0.4006099156987699]]	0.725269260826801	0.47901769670347494	[[-0.4954735944157796, 0.12544967577588728, 0.2528597620592786], [-0.5535613734661224, -0.5893582697853716, -0.28565516015659015], [0.21646293201407943, -0.32791689381077854, 0.4448969014232739]]	[[0.10690325571296536, -0.11224713965548325, -0.07372538007522009], [-0.18361125712609894, -0.029291351527140103, -0.010923547135837122], [0.054307011526331356, 0.0668498369388714, -0.14151608141753833]]	0.6810832601402398	[[-0.6427399539817148, 0.6427399539817147, 0.0], [-0.7071067811865475, -0.7071067811865476, 0.0], [0.0, 0.0, 0.90897156]]
