3	[[0.3802729664721569, 0.7767473726770865, -0.5020517802076895], [0.4287143634067757, 0.332951791095048, 0.839849450446521], [0.8195098935212374, -0.5346088512602871, -0.20639019011321075]]	0.520453737729907	0.47954626227009334	[[0.19791448675807366, 0.4042610733816747, -0.26129472554304567], [0.22312599285355406, 0.17328600415928502, 0.4371027856153002], [0.4265169871897663, -0.27823917486190836, -0.10741654587520663]]	0.6720654649781747	0.5008425763547764	[[0.12808384830439112, 0.40508997356496584, -0.2813635598031413], [0.3080908242198486, 0.1893628071154315, 0.4534740341344492], [0.6029020266987575, -0.3189150502065797, -0.07017902398283231]]	[[-0.12748447972634883, -0.11693511062383584, 0.05604810330525979], [0.0199667062340518, -0.03440259318217803, -0.11095977729155647], [0.05213772905519266, 0.04037709599711296, 0.06852869510253656]]	0.708586853134263	[[0.0, 0.5895637297728281, -0.5895637297728282], [0.0, 0.7071067811865476, 0.7071067811865475], [0.8337690225280001, 0.0, 0.0]]
3	[[0.034229894132735264, 0.2773841392786001, 0.9601491309293217], [-0.1827544195208179, -0.9427759796974285, 0.2788803941677556], [0.9825625356654255, -0.18501754344446375, 0.018422055382213542]]	0.8041823228640738	0.19581767713592624	[[0.02752707577505437, 0.22306742145071637, 0.7721349584066637], [-0.14696787360392677, -0.7581637772935309, 0.2242706831830742], [0.7901594222906363, -0.14878783785777355, 0.0148146912891991]]	0.891164517451329	0.16667839708299903	[[0.009151280129475331, 0.22180061070314905, 0.8144124122427019], [-0.1668366808975541, -0.8250328946876251, 0.2555712777167433], [0.8453039658155876, -0.15101238744741766, 0.0]]	[[-0.02135318695773377, -0.025394291925716815, -0.04123842470324], [-0.003972426813186696, 0.015135606324137612, 0.007042965821598992], [-0.030320902146445367, 0.013868682376298179, -0.016417082095151993]]	0.3640636261729858	[[0.0, 0.0, 0.9412], [0.0, -1.0, 0.0], [0.9412, 0.0, 0.0]]
3	[[0.5319609947059123, -0.8460851799387872, 0.03402011756955908], [-0.703274286200726, -0.4190807785627857, 0.5742617690636116], [-0.47161719485230363, -0.3294103357928521, -0.8179645788128509]]	0.48107726985158683	0.5189227301484132	[[0.25591434300065474, -0.4070323484268403, 0.01636630528039347], [-0.3383292735622688, -0.20161023679826234, 0.27626428404126474], [-0.2268843125146101, -0.15847182500411977, -0.39350416641058944]]	0.6846117880680272	0.5308767453362386	[[0.424016835008414, -0.5637756185164597, 0.1019216714214358], [-0.4038960079710066, -0.22549157876198453, 0.30321077321554085], [-0.2913015973675165, -0.046826415134836395, -0.4591711133389048]]	[[0.059830067240353016, 0.015464269379292035, 0.07863109790185543], [0.07757385860713804, 0.06141606239482527, -0.08993560332220682], [0.031573093683946334, 0.17869178386039736, 0.10081707953847194]]	0.6842781399851623	[[0.6263958029885552, -0.6263958029885551, 0.0], [-0.7071067811865475, -0.7071067811865476, 0.0], [0.0, 0.0, -0.8858574400000001]]
3	[[-0.30792515101507295, 0.09349718223056193, 0.9468053539599837], [0.3027085282091916, -0.9338174967034747, 0.1906631317268273], [0.9019698710720718, 0.34531602882779927, 0.2592434992682147]]	0.6437208155295531	0.35627918447044726	[[-0.1982178293334835, 0.06018608239517258, 0.6094783145988675], [0.19485978064657153, -0.6011177605337267, 0.12273382664661191], [0.5806167809895997, 0.22228711569245757, 0.16688043676967024]]	0.8177080132665031	0.29177593978772864	[[-0.21906635779029035, 0.07080347140109446, 0.7202716792563665], [0.2503001489749467, -0.8465774356414832, 0.1200946866734434], [0.6595879668489661, 0.2466346710276177, 0.1482628863891959]]	[[0.03272650568103294, -0.005649923726674527, -0.05393864568034], [0.002772959774181464, -0.08298738565858563, -0.03581208397407014], [-0.07796002445162159, -0.035733012854240555, -0.06372260034967206]]	0.47728424619855314	[[0.0, 0.0, 0.9412], [0.0, -1.0, 0.0], [0.9412, 0.0, 0.0]]
3	[[-0.42203838922340475, -0.825029846081567, 0.3757783270710803], [0.2588054115689476, 0.28760896992378115, 0.9221175843470338], [-0.8688517462515349, 0.4864224845687207, 0.09214016247897017]]	0.4235567670609364	0.5764432329390636	[[-0.17875721571507047, -0.34944697433509053, 0.159163453345794], [0.1096187834220185, 0.12181872547864284, 0.39056914287607003], [-0.36800803669754917, 0.2060275349896756, 0.03902658933606199]]	0.6196052125131335	0.6245861184337126	[[-0.10218268821925396, -0.3518782954868329, 0.3103643577749375], [0.14651106607510683, 0.0880643189176551, 0.6318362371568595], [-0.4679055825831892, 0.17555861642342324, -0.029725475199017436]]	[[0.1593144976242143, 0.1593144976242143, 0.07753014757223096], [-0.013846115959619917, -0.09013969801265274, 0.060487375345418364], [0.07043948829540014, -0.12583129049894534, -0.08681600015279439]]	0.68671323881435	[[0.0, -0.5895637297728281, 0.5895637297728282], [0.0, 0.7071067811865476, 0.7071067811865475], [-0.8337690225280001, 0.0, 0.0]]
3	[[0.8592155572171323, 0.2624339665249735, -0.4391776855101157], [-0.4266000482917053, 0.8413623931712975, -0.33184593135155627], [0.2824199444684594, 0.4724804086637203, 0.8348660002631537]]	0.5352698241640683	0.46473017583593185	[[0.4599121602306463, 0.1404729831165016, -0.2350785624997821], [-0.22834613283748412, 0.45035590025106004, -0.17762711332410902], [0.15117087401605822, 0.25290450526639674, 0.4468785771614173]]	0.7645872900974341	0.4192292357502427	[[0.49756396874435177, 0.2020806556249272, -0.2925334549605763], [-0.3558836367765404, 0.7487883699403298, -0.2505948875393681], [0.24377633523511133, 0.32664835413767934, 0.49472345831223197]]	[[-0.15938132575785208, 0.001426980330076955, 0.043256221474866234], [-0.0297106618977509, 0.10549337775559572, 0.0031302938425773977], [0.027841635224504172, -0.03460416114664275, -0.14360447442345645]]	0.6748433936580092	[[0.8337690225280001, 0.0, 0.0], [0.0, 0.7071067811865476, -0.7071067811865475], [0.0, 0.5895637297728281, 0.5895637297728282]]
3	[[0.8787972042104137, -0.3840163418041313, 0.28327887866788265], [-0.395223040501579, -0.9183905790867732, -0.018907472103605397], [0.2674214316928388, -0.09534250611366366, -0.9588511794847616]]	0.6147619536869843	0.3852380463130159	[[0.5402510861550537, -0.2360786365352365, 0.17414907688812573], [-0.2429680885208609, -0.5645915866471055, -0.011623594489694612], [0.16440052180526, -0.05861294532784912, -0.5894652243951212]]	0.8124239507973826	0.3387081578644644	[[0.5752551162717146, -0.24714517596941193, 0.23489500771883456], [-0.34536797956917775, -0.8482202060801928, -0.021060857406214353], [0.21053857994203423, -0.07745853549578624, -0.669898051886218]]	[[-0.13870078032260413, 0.0648388976098585, 0.004752461934020924], [-0.024279315558730884, -0.10209770344342045, -0.005699974220211957], [-0.00672099612175426, 0.0, 0.10909561157752211]]	0.49629135712813194	[[0.6263958029885552, -0.6263958029885551, 0.0], [-0.7071067811865475, -0.7071067811865476, 0.0], [0.0, 0.0, -0.8858574400000001]]
3	[[0.8489524140446696, -0.5135124485683378, 0.12483895166604869], [0.522794976890395, 0.7815435453534784, -0.34040431673891397], [0.0772347773085365, 0.35425224329800037, 0.9319550081910795]]	0.7142765593345527	0.2857234406654474	[[0.606386809342589, -0.36678990493885383, 0.08916953686695778], [0.37342019733065834, 0.5582382345452106, -0.24314282414290078], [0.05516699099691185, 0.25303407347944257, 0.6656736167053292]]	0.8460178878353901	0.2316079980997842	[[0.689524271554688, -0.4194057331650641, 0.052956298917688646], [0.47467834132968734, 0.6247278521613739, -0.2665509095128577], [0.031239241058983045, 0.24395894913719035, 0.7528926851395839]]	[[-0.02870465664813903, 0.015034983949900384, -0.05265968729040622], [0.03238443920992376, -0.03647196732995822, 0.02143723154464744], [-0.03410276210702173, -0.0557447854987326, -0.03555792244784696]]	0.44664312219080315	[[0.6655289024527786, -0.6655289024527785, 0.0], [0.7071067811865475, 0.7071067811865476, 0.0], [0.0, 0.0, 0.9412]]
3	[[-0.8305561570912853, 0.32773595720904825, 0.4502950280316503], [-0.5100865793185324, -0.772219296347621, -0.37879947194723407], [0.22358030216652452, -0.5443036842615101, 0.808545204538665]]	0.4814503585318085	0.5185496414681915	[[-0.39987155961240023, 0.15778859410206172, 0.21679470269092876], [-0.24558136649517112, -0.3717852570917429, -0.18237314158065554], [0.10764281663872331, -0.26205520393788834, 0.3892743786143146]]	0.7115445768239934	0.499587799150635	[[-0.47149488386057686, 0.12330112779259092, 0.2475269714422202], [-0.5467480681819081, -0.5986030027983524, -0.27766179745383385], [0.21477833955178258, -0.31894662840119853, 0.42667503885999714]]	[[0.11948284546550396, -0.10989761518972774, -0.0728780137245087], [-0.1837987289571047, -0.0491345503633625, -0.008129087485986957], [0.055690988060522285, 0.06834970628039824, -0.14864091654653652]]	0.6823739926288982	[[-0.6263958029885552, 0.6263958029885551, 0.0], [-0.7071067811865475, -0.7071067811865476, 0.0], [0.0, 0.0, 0.8858574400000001]]
3	[[-0.5446221603179724, 0.8109226453022452, -0.2139887049042392], [-0.8354447797583356, -0.5021691245819775, 0.22328947644507607], [0.07361197229480154, 0.30038414347728, 0.9509735242804028]]	0.5628815625279029	0.437118437472097	[[-0.3065577725871024, 0.4564534056769882, -0.12045029657982051], [-0.47025646303615176, -0.28266174149797274, 0.12568552939744182], [0.04143482198605859, 0.16908069603909714, 0.5352854632696199]]	0.7561843035173788	0.3521762545265367	[[-0.47646546088935193, 0.5598538060233801, -0.09754946200322466], [-0.6766884373765836, -0.44311054044218856, 0.04569731997134041], [0.11772441599994295, 0.09467844511578441, 0.7191112521214434]]	[[-0.06463073190917583, -0.05335316972096875, 0.06426543777537336], [-0.044938208467796725, -0.0633781307222342, -0.1231506772570396], [0.062060197999657854, -0.13246732920724694, 0.0]]	0.4185998304687793	[[-0.6263958029885552, 0.6263958029885551, 0.0], [-0.7071067811865475, -0.7071067811865476, 0.0], [0.0, 0.0, 0.8858574400000001]]
3	[[0.08740825448676931, -0.06334395238859675, -0.994156597696443], [0.7119981850616444, -0.6940087028176986, 0.10681996481098455], [-0.6967197295301035, -0.717174639895393, -0.015561310176609944]]	0.6956005165347013	0.30439948346529877	[[0.06080122697039336, -0.044062086000857426, -0.691535842874027], [0.49526630530064975, -0.4827528121595691, 0.07430402269873948], [-0.48463860374105744, -0.49886704995682374, -0.010824455396806577]]	0.8534703205074026	0.23461707377232738	[[0.04020169679022926, -0.031150816326230308, -0.780664235136453], [0.6356508897681228, -0.6389178903846663, 0.0714558914184247], [-0.5740399279585695, -0.5584129134465978, 0.028426892415576575]]	[[-0.03439865418158634, 0.022911367021071008, 0.06781891493407906], [0.027981570562872184, -0.0466020603559185, -0.019711778185395733], [0.02058968290731872, 0.05367435632470428, 0.041708008799522966]]	0.21606260326223123	[[0.0, 0.0, -0.8337690225280001], [0.7071067811865475, -0.7071067811865476, 0.0], [-0.5895637297728282, -0.5895637297728281, 0.0]]
3	[[-0.3195682178843842, -0.5708200961323295, -0.7563336379995778], [0.910087742671785, 0.03735879733279218, -0.41272826520656647], [0.2638493031197415, -0.8202248094963509, 0.507557688474819]]	0.4296101544056845	0.5703898455943154	[[-0.13728975142845973, -0.2452301096372778, -0.3249286110032117], [0.3909829356519465, 0.016049718690551558, -0.17731225374298332], [0.11335233985310439, -0.35237690705510044, 0.21805193691545927]]	0.63619292675229	0.5646378383529062	[[-0.2570908276973133, -0.25709082769731323, -0.42108760504904547], [0.609142929129774, 0.039739218069773666, -0.05738589591254652], [0.32494315777510774, -0.3794331261762364, 0.31573475294936754]]	[[-0.05378378786443337, 0.10606087991013696, 0.060086505711112966], [0.030151544518026048, 0.01597181545467898, 0.2051889070826144], [0.1570840974018073, 0.14238809597208657, -0.007169858377054589]]	0.9293772193117036	[[0.0, 0.0, -0.8337690225280001], [0.7071067811865475, 0.7071067811865476, 0.0], [0.5895637297728282, -0.5895637297728281, 0.0]]
3	[[0.04673222253661188, -0.9725397674033924, -0.22799671093185395], [-0.8377629715199755, -0.16246744520517667, 0.5213036857710898], [-0.5440306084466285, 0.16664552219444034, -0.8223502702654952]]	0.5239294145084987	0.4760705854915011	[[0.024484385992287916, -0.509542190921891, -0.11945418326838965], [-0.43892866316536083, -0.08512147344303982, 0.2731263348671695], [-0.28503363815814436, 0.08731049087379614, -0.43085349562110664]]	0.7214054609287528	0.4338728751717553	[[-0.0034237564746502024, -0.7495592821641467, -0.10263664472345391], [-0.6674660867418187, -0.12401187960529625, 0.23339073601553018], [-0.27114456832854456, 0.0016787484645536701, -0.5587575915418352]]	[[-0.037136637013899645, -0.04796378298896034, 0.06184142761657981], [-0.06309930412340928, -0.006806977411139038, -0.14268058970202047], [0.12132208351724541, -0.11854024128583926, 0.03449038422392885]]	0.6601501689104605	[[1.66481547031643e-16, -0.8337690225280001, 0.0], [-1.0, -1.7938038903913487e-16, 0.0], [0.0, 0.0, -0.8337690225280001]]
3	[[0.22433838825039393, -0.7661379269479729, -0.6022499185961573], [-0.9416906372873723, -0.011392912655017143, -0.3362869982418849], [0.2507808429735371, 0.642575192824231, -0.724020780340167]]	0.4557976473289242	0.5442023526710758	[[0.10225290957009231, -0.34920386463234526, -0.2745040960001645], [-0.4292203769872596, -0.005192862784380758, -0.1532788226259572], [0.11430531822250257, 0.29288426112121424, -0.33000696829629994]]	0.6698614927356304	0.5470017574520046	[[0.28940047291910076, -0.3956221440732282, -0.2945018715690718], [-0.6758805464525521, -0.05100468898677106, -0.04099875357167272], [0.26539134484209004, 0.26368326565131195, -0.48131225422318746]]	[[0.1391248252877865, 0.11758415131352234, 0.10892215790166208], [-0.04507825046406587, -0.04337301550907463, 0.18426695705822063], [0.09740291501833676, -0.166753112208813, 0.0036813864670928453]]	0.7316592440074863	[[1.66481547031643e-16, -0.8337690225280001, 0.0], [-1.0, -1.7938038903913487e-16, 0.0], [0.0, 0.0, -0.8337690225280001]]
