3	[[0.034229894132735264, 0.2773841392786001, 0.9601491309293217], [-0.1827544195208179, -0.9427759796974285, 0.2788803941677556], [0.9825625356654255, -0.18501754344446375, 0.018422055382213542]]	0.8166654326371222	0.18333456736287793	[[0.02795437130103313, 0.2265300381106338, 0.7841206054065514], [-0.14924921708431488, -0.7699325533394873, 0.22775197775702133], [0.8024248582822324, -0.15109743216253052, 0.015044655828780448]]	0.8972416738841243	0.15683427378573117	[[0.00912865467451385, 0.22494929299350633, 0.8242341656408366], [-0.16640292217969485, -0.8254169837050226, 0.25507776351964256], [0.8556202709861939, -0.1529577443710781, 0.0]]	[[-0.021583832834017908, -0.02393131644173195, -0.03725164777257537], [-0.0024280408991147542, 0.020480914416443462, 0.0048546518431011295], [-0.02597578321008212, 0.013047706006961226, -0.01652903580752332]]	0.36078400513265235	[[0.0, 0.0, 0.9483999999999999], [0.0, -1.0, 0.0], [0.9483999999999999, 0.0, 0.0]]
3	[[-0.8305561570912853, 0.32773595720904825, 0.4502950280316503], [-0.5100865793185324, -0.772219296347621, -0.37879947194723407], [0.22358030216652452, -0.5443036842615101, 0.808545204538665]]	0.48968819467436764	0.5103118053256324	[[-0.406713545141712, 0.16048842921557466, 0.2205041593476626], [-0.24978337615411572, -0.3781466731211771, -0.18549362956144483], [0.10948463453267504, -0.2665390885006259, 0.3959350415231561]]	0.719645405190163	0.48475312275829635	[[-0.4886496259362847, 0.12068044506038028, 0.25364768313254005], [-0.5536011528159273, -0.5873065984085396, -0.28478978545890665], [0.2130432516762526, -0.32582484162407255, 0.4380080561671048]]	[[0.10905629626685795, -0.11517323066071124, -0.07040506477041279], [-0.18651968976017783, -0.0315825299927931, -0.012188485983619627], [0.052144714531084976, 0.06588080378280048, -0.14385778516768596]]	0.6815367099245686	[[-0.6360160755994118, 0.6360160755994116, 0.0], [-0.7071067811865475, -0.7071067811865476, 0.0], [0.0, 0.0, 0.8994625599999998]]
3	[[0.8489524140446696, -0.5135124485683378, 0.12483895166604869], [0.522794976890395, 0.7815435453534784, -0.34040431673891397], [0.0772347773085365, 0.35425224329800037, 0.9319550081910795]]	0.7236358946675764	0.2763641053324238	[[0.6143324396674131, -0.3715960401426869, 0.09033794647822348], [0.37831321082979585, 0.5655529626635337, -0.24632878229206903], [0.05588985717711384, 0.2563496390169444, 0.6743960961422801]]	0.8524760935926131	0.22193232242447986	[[0.6999396499214875, -0.4219364460374719, 0.05359991967515086], [0.47346040078917234, 0.6257887929685975, -0.2673293939821456], [0.031467466913014996, 0.2501778703331245, 0.761818728190655]]	[[-0.023771987649331087, 0.015820640129242322, -0.052822302169319366], [0.027790181139807968, -0.04045839554685734, 0.022857148193506316], [-0.0343733343364616, -0.05181369817997485, -0.03265063659614815]]	0.44405399241794824	[[0.6706200712773217, -0.6706200712773216, 0.0], [0.7071067811865475, 0.7071067811865476, 0.0], [0.0, 0.0, 0.9483999999999999]]
3	[[0.8787972042104137, -0.3840163418041313, 0.28327887866788265], [-0.395223040501579, -0.9183905790867732, -0.018907472103605397], [0.2674214316928388, -0.09534250611366366, -0.9588511794847616]]	0.6271149560882514	0.372885043911749	[[0.5511068701288918, -0.2408223913276688, 0.17764842155653832], [-0.24785027968921297, -0.5759364676758653, -0.011857158537992348], [0.16770397939311196, -0.059790711534814016, -0.6013099153177545]]	0.8178311792175111	0.3302728784488795	[[0.5827439095170162, -0.2508830631995236, 0.23643343310221202], [-0.34457306794672476, -0.8485572469009327, -0.021042080508163672], [0.21197515338612527, -0.07797407420449032, -0.678823437531066]]	[[-0.13596384429543856, 0.06317747445694398, 0.004759133713843253], [-0.021347342679388145, -0.09746879662414393, -0.005578960301649875], [-0.006730431443264165, 0.0, 0.10535495328105808]]	0.4920903369792012	[[0.6360160755994118, -0.6360160755994116, 0.0], [-0.7071067811865475, -0.7071067811865476, 0.0], [0.0, 0.0, -0.8994625599999998]]
3	[[0.08740825448676931, -0.06334395238859675, -0.994156597696443], [0.7119981850616444, -0.6940087028176986, 0.10681996481098455], [-0.6967197295301035, -0.717174639895393, -0.015561310176609944]]	0.7177792455943547	0.2822207544056453	[[0.06273983096423263, -0.0454669743584517, -0.7135849726972032], [0.5110575201380969, -0.4981450431444045, 0.07667315375644398], [-0.5000909618528205, -0.5147730719835182, -0.011169585479026849]]	0.8636752360030561	0.21701673032032495	[[0.04077358820917693, -0.03276313139579109, -0.7987057703248743], [0.6349018799088867, -0.6395110462348234, 0.07220490127766072], [-0.5879372987524136, -0.5704345147026908, 0.028831280716016868]]	[[-0.03471875661329874, 0.021945471632796552, 0.05992266381459649], [0.019966679392023408, -0.04011291604057282, -0.020052857040304482], [0.013802278077483934, 0.04897146166436944, 0.042271198955317224]]	0.20107952614668148	[[0.0, 0.0, -0.8530502919039997], [0.7071067811865475, -0.7071067811865476, 0.0], [-0.603197646098482, -0.6031976460984819, 0.0]]
3	[[0.3802729664721569, 0.7767473726770865, -0.5020517802076895], [0.4287143634067757, 0.332951791095048, 0.839849450446521], [0.8195098935212374, -0.5346088512602871, -0.20639019011321075]]	0.5255383408640747	0.47446165913592553	[[0.1998480238752372, 0.4082105255072452, -0.2638474595982042], [0.22530583524939488, 0.17497893187981348, 0.4413730867632697], [0.4306838697628456, -0.2809574487025801, -0.10846595808271772]]	0.6795444998606375	0.47249072100671796	[[0.16041429873573942, 0.4264497061042615, -0.2850057674608503], [0.32441182528611207, 0.19572544438611425, 0.46606958970265955], [0.5820986839267588, -0.2992278860775357, -0.07150584715008876]]	[[-0.09799810407610342, -0.10138469877965339, 0.056160758424526655], [0.033081337621783044, -0.030530113971273566, -0.10464548505925288], [0.02520524320302528, 0.06406261837320601, 0.06874547136653492]]	0.7029067678005126	[[0.0, 0.6031976460984819, -0.603197646098482], [0.0, 0.7071067811865476, 0.7071067811865475], [0.8530502919039997, 0.0, 0.0]]
3	[[0.22433838825039393, -0.7661379269479729, -0.6022499185961573], [-0.9416906372873723, -0.011392912655017143, -0.3362869982418849], [0.2507808429735371, 0.642575192824231, -0.724020780340167]]	0.46576630344853115	0.5342336965514688	[[0.10448926181698737, -0.35684123016627817, -0.280507718336711], [-0.43860776712143096, -0.005306434812839352, -0.15663115206892542], [0.11680526620749095, 0.29928987224946924, -0.33722448247896064]]	0.6777589184662735	0.5406811673878402	[[0.2971235484629192, -0.3981850738418721, -0.30639460378278704], [-0.6732558712694847, -0.051109270181291196, -0.041926440443160816], [0.2751304661061796, 0.27148387628504317, -0.48549231505709883]]	[[0.14507620507186528, 0.12107173892237905, 0.10178564969134574], [-0.03501664341177939, -0.04338762202204594, 0.18599507177952876], [0.10516151320037474, -0.16402719143676486, 0.005219225973360234]]	0.7324625074063668	[[1.703315048349655e-16, -0.8530502919039997, 0.0], [-1.0, -1.7938038903913487e-16, 0.0], [0.0, 0.0, -0.8530502919039997]]
3	[[0.5319609947059123, -0.8460851799387872, 0.03402011756955908], [-0.703274286200726, -0.4190807785627857, 0.5742617690636116], [-0.47161719485230363, -0.3294103357928521, -0.8179645788128509]]	0.4876818468654099	0.5123181531345902	[[0.2594277203585399, -0.4126203831580005, 0.016590993766900916], [-0.3429741027473229, -0.2043780880752932, 0.2800570401211396], [-0.22999914459905532, -0.16064744093601296, -0.39890647646593824]]	0.691116111750484	0.5249597142265022	[[0.43270979197540294, -0.572346095278359, 0.1045330199058992], [-0.4031492535636817, -0.22250850655545787, 0.3039575276228657], [-0.29660079804912914, -0.04956262205922274, -0.46325619020558734]]	[[0.06506297771133307, 0.012397004490644122, 0.08102116852993121], [0.08289493660946107, 0.06712497163422017, -0.09292403333933189], [0.029341443891865267, 0.1780981683843545, 0.10205230905317261]]	0.6791534260412616	[[0.6360160755994118, -0.6360160755994116, 0.0], [-0.7071067811865475, -0.7071067811865476, 0.0], [0.0, 0.0, -0.8994625599999998]]
3	[[-0.30792515101507295, 0.09349718223056193, 0.9468053539599837], [0.3027085282091916, -0.9338174967034747, 0.1906631317268273], [0.9019698710720718, 0.34531602882779927, 0.2592434992682147]]	0.6572803957615251	0.3427196042384749	[[-0.20239316512411454, 0.061453864939091184, 0.6223165977599491], [0.19896438122172624, -0.6137799338022965, 0.12531913867854086], [0.5928471138232232, 0.2269694560907341, 0.17039566979761478]]	0.8238356861107752	0.2866059293226468	[[-0.22723547308237563, 0.07182985835411565, 0.7234809916226251], [0.24861909519646236, -0.8476933044410064, 0.11908179486229], [0.66222475717364, 0.2494683918543745, 0.15540561472826]]	[[0.02644425497489102, -0.005196456918223501, -0.05653104677035347], [-0.0007629928323399336, -0.07838112634205299, -0.037993297079909887], [-0.08085021041226771, -0.03501527568002375, -0.05816843136112786]]	0.4756628636124976	[[0.0, 0.0, 0.9483999999999999], [0.0, -1.0, 0.0], [0.9483999999999999, 0.0, 0.0]]
3	[[0.8592155572171323, 0.2624339665249735, -0.4391776855101157], [-0.4266000482917053, 0.8413623931712975, -0.33184593135155627], [0.2824199444684594, 0.4724804086637203, 0.8348660002631537]]	0.5466142485762208	0.4533857514237793	[[0.46965946617324156, 0.14345014541292547, -0.2400607805565557], [-0.2331856648395499, 0.45990067232361953, -0.18139171440880703], [0.15437476572856493, 0.25826452354870516, 0.4563496513956787]]	0.7716259993132775	0.4074671892247699	[[0.5096430961022054, 0.2075823534918356, -0.29355070684584517], [-0.35597889101543506, 0.7488367256140829, -0.2503828923770811], [0.24510621807625002, 0.33054454123982446, 0.5071549790475167]]	[[-0.15334996686097893, 0.005081481818255719, 0.045330213611990196], [-0.026803202445255483, 0.09961962819866989, 0.0056780560201087306], [0.02718364619977469, -0.034033626251264486, -0.13704933269821817]]	0.6678707296241452	[[0.8530502919039997, 0.0, 0.0], [0.0, 0.7071067811865476, -0.7071067811865475], [0.0, 0.6031976460984819, 0.603197646098482]]
3	[[-0.42203838922340475, -0.825029846081567, 0.3757783270710803], [0.2588054115689476, 0.28760896992378115, 0.9221175843470338], [-0.8688517462515349, 0.4864224845687207, 0.09214016247897017]]	0.42991732839842794	0.5700826716015721	[[-0.18144161677650208, -0.35469462727635354, 0.16155361444442953], [0.11126493111677752, 0.1236480799730558, 0.3964343283316889], [-0.3735344215227687, 0.20912145503871005, 0.03961265249115593]]	0.6266249042522507	0.6191461380479355	[[-0.10616140294949222, -0.3586858860177132, 0.3188669365000276], [0.14339076077966156, 0.08977103441618817, 0.6355467449072917], [-0.4770917478336806, 0.17768779467481183, -0.03016669680437965]]	[[0.1582983622883979, 0.15829836228839786, 0.08339487827904105], [-0.018783155464694543, -0.09045190882438962, 0.05772490190651503], [0.0673523944705885, -0.1271166481442047, -0.08790401729555117]]	0.6815848937464009	[[0.0, -0.6031976460984819, 0.603197646098482], [0.0, 0.7071067811865476, 0.7071067811865475], [-0.8530502919039997, 0.0, 0.0]]
3	[[-0.3195682178843842, -0.5708200961323295, -0.7563336379995778], [0.910087742671785, 0.03735879733279218, -0.41272826520656647], [0.2638493031197415, -0.8202248094963509, 0.507557688474819]]	0.4368631778915974	0.5631368221084025	[[-0.1396075872181265, -0.24937028120075655, -0.3304143166428086], [0.3975838234237864, 0.016320682925011782, -0.18030578154382668], [0.11526604504537365, -0.3583260168621059, 0.22173326475042282]]	0.6432110897030217	0.5605174901869766	[[-0.26131588066211126, -0.26131588066211126, -0.4308418297000416], [0.609190629263857, 0.03839990290791706, -0.05735795382092767], [0.33130351508344685, -0.38817858137948646, 0.32062724324586844]]	[[-0.05576605900224386, 0.10584193539554804, 0.05564035377671753], [0.023812100574574998, 0.014370310165497443, 0.20811344339382565], [0.16159271730641503, 0.13939911213811465, -0.005839490645166633]]	0.9250946218650765	[[0.0, 0.0, -0.8530502919039997], [0.7071067811865475, 0.7071067811865476, 0.0], [0.603197646098482, -0.6031976460984819, 0.0]]
3	[[-0.5446221603179724, 0.8109226453022452, -0.2139887049042392], [-0.8354447797583356, -0.5021691245819775, 0.22328947644507607], [0.07361197229480154, 0.30038414347728, 0.9509735242804028]]	0.5725940880518255	0.42740591194817446	[[-0.31184742922008446, 0.4643295125674131, -0.12252866733803408], [-0.47837074178338246, -0.287539071937801, 0.12785423413663793], [0.042149780145838145, 0.17199818469960187, 0.5445218178967678]]	0.7620988732562342	0.34538979914254103	[[-0.4790696221240332, 0.5674608311349376, -0.10290254704419771], [-0.675407458571307, -0.4352872750242405, 0.048252857984712], [0.12474827783029445, 0.09889230187951994, 0.7247358513506051]]	[[-0.06401368739533032, -0.05054240314786832, 0.060178003852883785], [-0.038715933249676614, -0.05258475099624603, -0.12191580042405491], [0.06864867668625707, -0.13003011540855414, 0.0]]	0.4131800034799655	[[-0.6360160755994118, 0.6360160755994116, 0.0], [-0.7071067811865475, -0.7071067811865476, 0.0], [0.0, 0.0, 0.8994625599999998]]
3	[[0.04673222253661188, -0.9725397674033924, -0.22799671093185395], [-0.8377629715199755, -0.16246744520517667, 0.5213036857710898], [-0.5440306084466285, 0.16664552219444034, -0.8223502702654952]]	0.5297903675504836	0.4702096324495164	[[0.02475828135412261, -0.515242200830105, -0.12079046128488827], [-0.4438387526017531, -0.0860736875102386, 0.2761816712900874], [-0.2882221760076525, 0.08828719245403482, -0.43567325193919626]]	0.7277562524170088	0.4220521881599912	[[-0.005984600667996869, -0.7624490642333972, -0.10436536384801774], [-0.6636718818179314, -0.12653768605932741, 0.2344861514050974], [-0.2734875517138592, 0.0038917176065399253, -0.5704032069119996]]	[[-0.0399942678083591, -0.05467716778139475, 0.06156066806315232], [-0.05398464125081671, -0.00830098699704239, -0.14489586532284487], [0.12243412508940435, -0.11738560310776144, 0.02806734395053137]]	0.653032095376373	[[1.703315048349655e-16, -0.8530502919039997, 0.0], [-1.0, -1.7938038903913487e-16, 0.0], [0.0, 0.0, -0.8530502919039997]]
