3	[[0.8592155572171323, 0.2624339665249735, -0.4391776855101157], [-0.4266000482917053, 0.8413623931712975, -0.33184593135155627], [0.2824199444684594, 0.4724804086637203, 0.8348660002631537]]	0.5706502889341618	0.42934971106583825	[[0.49031160598268336, 0.1497580188236143, -0.2506168731297839], [-0.24343944081698904, 0.48012369276153877, -0.1893679766073916], [0.1611630229116963, 0.26962108171968285, 0.4764165242714767]]	0.7863183193254519	0.3795686488172932	[[0.5500830281017044, 0.20645794567567863, -0.2844480447494504], [-0.3245634951562146, 0.7529338185908676, -0.2719070308054444], [0.2436513695960874, 0.3414715124242075, 0.5349552528034615]]	[[-0.1255339047875528, 0.00010131018384952617, 0.06088541480610557], [0.010879937840675744, 0.0913551556487729, -0.010970495790099385], [0.021579393517660965, -0.03004848843045179, -0.12151517738542389]]	0.6538898958561041	[[0.8936128839680002, 0.0, 0.0], [0.0, 0.7071067811865476, -0.7071067811865475], [0.0, 0.6318797300094403, 0.6318797300094404]]
3	[[0.8489524140446696, -0.5135124485683378, 0.12483895166604869], [0.522794976890395, 0.7815435453534784, -0.34040431673891397], [0.0772347773085365, 0.35425224329800037, 0.9319550081910795]]	0.7399776984322154	0.2600223015677846	[[0.6282058534232478, -0.37998775980788996, 0.09237804012853329], [0.3868566237512777, 0.5783247939152208, -0.25189160283685247], [0.05715201275169554, 0.2621387596601036, 0.6896259220036114]]	0.8655906079147629	0.20321656402275243	[[0.7232000919294526, -0.4316454533421536, 0.053277480592667625], [0.4714544118891358, 0.6266916742632669, -0.2689613972047171], [0.034187107800698016, 0.2594377426241397, 0.7824120084839308]]	[[-0.011645144234178319, 0.012846099185912355, -0.05478194347138915], [0.018927990027794314, -0.049805078271109665, 0.025689382258128945], [-0.03266659004195943, -0.04719967200734487, -0.02427949360539358]]	0.4388883770068651	[[0.6810852516388827, -0.6810852516388826, 0.0], [0.7071067811865475, 0.7071067811865476, 0.0], [0.0, 0.0, 0.9632000000000001]]
3	[[-0.42203838922340475, -0.825029846081567, 0.3757783270710803], [0.2588054115689476, 0.28760896992378115, 0.9221175843470338], [-0.8688517462515349, 0.4864224845687207, 0.09214016247897017]]	0.44305720860089054	0.5569427913991095	[[-0.18698715065173788, -0.3655354206173215, 0.1664912966448253], [0.11466560322054255, 0.1274272273830079, 0.408550842922593], [-0.3849510293822143, 0.21551298821372716, 0.040823363187965034]]	0.6409540918458819	0.608328839498087	[[-0.11463057622807893, -0.3729295994802513, 0.3368942945544221], [0.13704456581961777, 0.09328838979136066, 0.6431418573059339], [-0.4963557796489679, 0.18199826222823182, -0.03104631774636991]]	[[0.1558766562607073, 0.1558766562607073, 0.09603763819121304], [-0.028837821717356715, -0.0910557563328661, 0.052106818455662215], [0.0605383023183934, -0.12977621962193003, -0.09010393191061024]]	0.6717997200859852	[[0.0, -0.6318797300094403, 0.6318797300094404], [0.0, 0.7071067811865476, 0.7071067811865475], [-0.8936128839680002, 0.0, 0.0]]
3	[[-0.8305561570912853, 0.32773595720904825, 0.4502950280316503], [-0.5100865793185324, -0.772219296347621, -0.37879947194723407], [0.22358030216652452, -0.5443036842615101, 0.808545204538665]]	0.5069493221427614	0.4930506778572385	[[-0.421049880838924, 0.16614552134893606, 0.22827675922490087], [-0.2585880456196499, -0.39147604882898684, -0.1920321355316863], [0.11334388262779335, -0.27593438377618024, 0.40989144336265665]]	0.7362557570517274	0.4679698145758213	[[-0.5090584943036389, 0.1350156685513194, 0.25105604489806116], [-0.5535756822734901, -0.5932679701979885, -0.28738218039256613], [0.22327923475728834, -0.3320026562843006, 0.4586102852601211]]	[[0.10244325790957867, -0.10628181673670094, -0.08047626186201029], [-0.17802150165539798, -0.024717067555618637, -0.008488888403260775], [0.05866695012381987, 0.06874406483770193, -0.1366857764180375]]	0.6805102851829721	[[-0.6560213143785718, 0.6560213143785717, 0.0], [-0.7071067811865475, -0.7071067811865476, 0.0], [0.0, 0.0, 0.9277542400000001]]
3	[[-0.5446221603179724, 0.8109226453022452, -0.2139887049042392], [-0.8354447797583356, -0.5021691245819775, 0.22328947644507607], [0.07361197229480154, 0.30038414347728, 0.9509735242804028]]	0.5930236553122571	0.4069763446877429	[[-0.32297382427582205, 0.4808963112926224, -0.12690036397784785], [-0.49543851710383185, -0.29779816984456065, 0.13241594151421918], [0.0436536408850078, 0.17813490276273813, 0.5639497954739441]]	0.7737658614922064	0.32762512631486507	[[-0.48005190282683147, 0.5803022309179305, -0.11136243766735024], [-0.6736606972126398, -0.47041462840684056, 0.04847221007867755], [0.08588817467735782, 0.11517897543619196, 0.7358308482711056]]	[[-0.05864186776064904, -0.04716202832790003, 0.054214716932479944], [-0.02722204747376436, -0.08185330310987982, -0.12430156402499043], [0.028929743518530268, -0.1172480201201041, 0.0]]	0.40260750337817475	[[-0.6560213143785718, 0.6560213143785717, 0.0], [-0.7071067811865475, -0.7071067811865476, 0.0], [0.0, 0.0, 0.9277542400000001]]
3	[[0.034229894132735264, 0.2773841392786001, 0.9601491309293217], [-0.1827544195208179, -0.9427759796974285, 0.2788803941677556], [0.9825625356654255, -0.18501754344446375, 0.018422055382213542]]	0.8431418017763197	0.15685819822368047	[[0.028860654613687083, 0.23387416297553246, 0.8095418682257157], [-0.1540878905573678, -0.7948938381935249, 0.23513571801869165], [0.8284395466788561, -0.15599602493999365, 0.015532404967382675]]	0.9094502479807014	0.1374927093433998	[[0.009077603863049486, 0.23149999924254364, 0.844531634247102], [-0.16553859213477015, -0.8261763475844675, 0.2541088269880353], [0.8769511718049923, -0.15699237861834642, 0.0]]	[[-0.02205278184431976, -0.020767075010292617, -0.028676230975024614], [0.0006674600180067887, 0.031231500941607628, 0.00048098335521416444], [-0.016640569912475728, 0.011271872148001318, -0.016753942835668324]]	0.35416311923877053	[[0.0, 0.0, 0.9632000000000001], [0.0, -1.0, 0.0], [0.9632000000000001, 0.0, 0.0]]
3	[[0.8787972042104137, -0.3840163418041313, 0.28327887866788265], [-0.395223040501579, -0.9183905790867732, -0.018907472103605397], [0.2674214316928388, -0.09534250611366366, -0.9588511794847616]]	0.6534645977998457	0.3465354022001544	[[0.5742628615969868, -0.2509410843456047, 0.18511271851389927], [-0.2582642652025965, -0.6001357303861058, -0.012355363653594303], [0.1747504383042198, -0.062302952410794546, -0.6265753003519174]]	0.828805052115268	0.31281484485244804	[[0.598259710933035, -0.2586636069383477, 0.23955277286548302], [-0.3429716926719849, -0.8492345612242672, -0.021008274357519525], [0.2148947077854628, -0.07902035074833527, -0.6973284491158228]]	[[-0.13009185170132884, 0.05961107724373996, 0.004769807067993888], [-0.015408839991919002, -0.08806780946208313, -0.005337665955322878], [-0.006745525845460005, 0.0, 0.09737225266783117]]	0.484064539232736	[[0.6560213143785718, -0.6560213143785717, 0.0], [-0.7071067811865475, -0.7071067811865476, 0.0], [0.0, 0.0, -0.9277542400000001]]
3	[[-0.30792515101507295, 0.09349718223056193, 0.9468053539599837], [0.3027085282091916, -0.9338174967034747, 0.1906631317268273], [0.9019698710720718, 0.34531602882779927, 0.2592434992682147]]	0.6847904478212978	0.3152095521787024	[[-0.2108642020590525, 0.06402597728969597, 0.6483632623378595], [0.2072919085916983, -0.6394693017509357, 0.13056429135822517], [0.6176603519327624, 0.2364691180208608, 0.17752747195864105]]	0.8363566369140423	0.27512758180182034	[[-0.24232934611578236, 0.07480946506809784, 0.7320829963274605], [0.24577484808042488, -0.8491571787317281, 0.11839193681205784], [0.6698055633215301, 0.2561475834858793, 0.16751988104768453]]	[[0.015205897608432616, -0.003387523823194278, -0.05978394532272076], [-0.0073974385378141, -0.06815271769732019, -0.04107043882249048], [-0.08456292464610038, -0.03265976905705131, -0.04930014014210753]]	0.47256163915573385	[[0.0, 0.0, 0.9632000000000001], [0.0, -1.0, 0.0], [0.9632000000000001, 0.0, 0.0]]
3	[[0.08740825448676931, -0.06334395238859675, -0.994156597696443], [0.7119981850616444, -0.6940087028176986, 0.10681996481098455], [-0.6967197295301035, -0.717174639895393, -0.015561310176609944]]	0.7663301413447462	0.23366985865525383	[[0.06698358001554347, -0.04854237998728822, -0.7618521660315272], [0.5456256697954928, -0.5318397873247709, 0.08185935873204259], [-0.5339173288084775, -0.549592543159904, -0.011925101027150933]]	0.8843084464762425	0.1828022046993464	[[0.04556315141601438, -0.03154222434395536, -0.8351100246309605], [0.635855022818187, -0.6382770769922053, 0.06997640160453111], [-0.6128156821807351, -0.5991978304296712, 0.02925233633872843]]	[[-0.031732706318380655, 0.02447336778646972, 0.044031051832087935], [0.0062290138924198935, -0.024559319162493834, -0.02448539553011754], [0.0032994594693787054, 0.035005761228382344, 0.04301333436614131]]	0.17136672440627643	[[0.0, 0.0, -0.8936128839680002], [0.7071067811865475, -0.7071067811865476, 0.0], [-0.6318797300094404, -0.6318797300094403, 0.0]]
3	[[0.5319609947059123, -0.8460851799387872, 0.03402011756955908], [-0.703274286200726, -0.4190807785627857, 0.5742617690636116], [-0.47161719485230363, -0.3294103357928521, -0.8179645788128509]]	0.5011889218730583	0.49881107812694175	[[0.2666129574151758, -0.4240485191462933, 0.017050506046681978], [-0.35247328128198646, -0.21003864358560442, 0.28781363690990663], [-0.23636931342482206, -0.16509681104986162, -0.40995478538556296]]	0.7042994927579403	0.5121805094195295	[[0.4521362558622358, -0.5902303360065055, 0.10964302717575844], [-0.4028893918185014, -0.21819240019344024, 0.30421738936804604], [-0.30610368936451576, -0.05540458417052612, -0.4732034725693873]]	[[0.0774763971238524, 0.005667027054393012, 0.08568267562795251], [0.0924263312223724, 0.07696597957293237, -0.1002348832937331], [0.026056061745884443, 0.17659894823760242, 0.10288856538246606]]	0.6687199283335972	[[0.6560213143785718, -0.6560213143785717, 0.0], [-0.7071067811865475, -0.7071067811865476, 0.0], [0.0, 0.0, -0.9277542400000001]]
3	[[0.3802729664721569, 0.7767473726770865, -0.5020517802076895], [0.4287143634067757, 0.332951791095048, 0.839849450446521], [0.8195098935212374, -0.5346088512602871, -0.20639019011321075]]	0.5364008298018137	0.4635991701981867	[[0.2039787347668622, 0.41664793525036786, -0.26930099150688247], [0.22996274027935074, 0.17859561702738389, 0.45049594212811106], [0.43958578691558764, -0.2867646314354124, -0.11070786923968033]]	0.6946823710474842	0.4569594408755433	[[0.20330935024402158, 0.458532778933453, -0.294849064151979], [0.33990745399361166, 0.20933648652272083, 0.48507519324952314], [0.5681272987594079, -0.28232168899837695, -0.06602709154234136]]	[[-0.06085957575011683, -0.08105992762276913, 0.05391745691130913], [0.04208714352007997, -0.02195925315969368, -0.09835341430959268], [-0.0011717771687964687, 0.08906165537809113, 0.0773485350864449]]	0.6917994589659758	[[0.0, 0.6318797300094403, -0.6318797300094404], [0.0, 0.7071067811865476, 0.7071067811865475], [0.8936128839680002, 0.0, 0.0]]
3	[[0.22433838825039393, -0.7661379269479729, -0.6022499185961573], [-0.9416906372873723, -0.011392912655017143, -0.3362869982418849], [0.2507808429735371, 0.642575192824231, -0.724020780340167]]	0.48666032952986277	0.5133396704701372	[[0.10917659395213501, -0.3728489359938264, -0.29309114384333895], [-0.4582834758574591, -0.005544478626995597, -0.16365754138100408], [0.12204508768127834, 0.3127158550875554, -0.352352191546814]]	0.6925027008592534	0.5298214330803174	[[0.2898307193323015, -0.3998763368053437, -0.33799025633895785], [-0.6763233074831374, -0.018279950580717606, -0.03916120162449646], [0.29873532606490727, 0.2987353260649072, -0.4849331972218143]]	[[0.13447577956249185, 0.13067624683683687, 0.0790694388811465], [-0.024199997787760337, -0.010390327796464621, 0.1937184529218598], [0.1250689149819726, -0.14624973047102824, 0.016453148641975543]]	0.735660239521234	[[1.7843077801011092e-16, -0.8936128839680002, 0.0], [-1.0, -1.7938038903913487e-16, 0.0], [0.0, 0.0, -0.8936128839680002]]
3	[[0.04673222253661188, -0.9725397674033924, -0.22799671093185395], [-0.8377629715199755, -0.16246744520517667, 0.5213036857710898], [-0.5440306084466285, 0.16664552219444034, -0.8223502702654952]]	0.542173879638068	0.4578261203619319	[[0.025336990396784387, -0.5272856587954016, -0.12361386131064236], [-0.45421320048610136, -0.08808560508177576, 0.2826372417841361], [-0.29495918562336726, 0.09035084929247149, -0.4458568364512573]]	0.7406258937800422	0.39758722382708794	[[-0.01446655695688433, -0.7895912580182132, -0.10973630522569296], [-0.6570542108956866, -0.1287895859531702, 0.23521644723082466], [-0.27776095694064956, 0.008075529730755461, -0.5968115780125348]]	[[-0.049077651041390224, -0.06930312354844143, 0.05912396258712132], [-0.03658526133788073, -0.00846198913792627, -0.15087456097421906], [0.12516219868383494, -0.11534645908894381, 0.012242325903106857]]	0.6387578749913931	[[1.7843077801011092e-16, -0.8936128839680002, 0.0], [-1.0, -1.7938038903913487e-16, 0.0], [0.0, 0.0, -0.8936128839680002]]
3	[[-0.3195682178843842, -0.5708200961323295, -0.7563336379995778], [0.910087742671785, 0.03735879733279218, -0.41272826520656647], [0.2638493031197415, -0.8202248094963509, 0.507557688474819]]	0.4520553069580598	0.5479446930419403	[[-0.14446250882976544, -0.2580422537749294, -0.34190463488860523], [0.41140999387226146, 0.016888242595859346, -0.1865760026182219], [0.11927447771246491, -0.370786978031489, 0.22944414666240753]]	0.6570901720824881	0.5545685470302317	[[-0.26837473613089124, -0.26837473613089124, -0.45154278524973224], [0.606392840931963, 0.03721710247850546, -0.05899686028110202], [0.3458484468422436, -0.40928824005262676, 0.3268188371737544]]	[[-0.05838960084914716, 0.10670553906484369, 0.04543661509518457], [0.008383129489596445, 0.012669003910306252, 0.2122028265267875], [0.17247566285144808, 0.12967342116565644, -0.006692331687954325]]	0.9166574924005065	[[0.0, 0.0, -0.8936128839680002], [0.7071067811865475, 0.7071067811865476, 0.0], [0.6318797300094404, -0.6318797300094403, 0.0]]
