3	[[0.22433838825039393, -0.7661379269479729, -0.6022499185961573], [-0.9416906372873723, -0.011392912655017143, -0.3362869982418849], [0.2507808429735371, 0.642575192824231, -0.724020780340167]]	0.5202532589792894	0.4797467410207107	[[0.11671277760142858, -0.3985857533223196, -0.31332248286966247], [-0.4899176229990394, -0.005927199938039057, -0.1749544067877032], [0.13046955084655606, 0.33430183820605147, -0.3766741705407001]]	0.7174215831033472	0.5074949619316732	[[0.2738907928833649, -0.4055146806576093, -0.3988212042935447], [-0.6815460577150384, 0.024696530492849002, -0.03834650544445694], [0.3319785480480568, 0.345257396674204, -0.4819140129972553]]	[[0.11294559123391393, 0.14412920376892194, 0.03324588572957249], [-0.005956869918731789, 0.03287005192596951, 0.20291304521130865], [0.15206295866998984, -0.11573991542469446, 0.03751412143410825]]	0.7464905679183689	[[1.9292218222652726e-16, -0.9661883984559998, 0.0], [-1.0, -1.7938038903913487e-16, 0.0], [0.0, 0.0, -0.9661883984559998]]
3	[[0.8489524140446696, -0.5135124485683378, 0.12483895166604869], [0.522794976890395, 0.7815435453534784, -0.34040431673891397], [0.0772347773085365, 0.35425224329800037, 0.9319550081910795]]	0.7636516542915025	0.23634834570849747	[[0.6483039153999766, -0.39214463084849127, 0.09533347195979502], [0.39923324895763806, 0.5968270213100297, -0.25995031960564025], [0.058980465460499704, 0.27052531163099375, 0.7116889837303686]]	0.8871306760566113	0.1941621092237439	[[0.7628160546818535, -0.44368555916816765, 0.05590567478060915], [0.46671531986628384, 0.6255926280238014, -0.2741557290856308], [0.03922674735163226, 0.28156501224175945, 0.8138987253142311]]	[[0.009684325670513604, 0.011867086493747746, -0.05484278880909127], [0.0029278585785072857, -0.06773862573331058, 0.027827382555550794], [-0.029290592857171574, -0.03270301984976672, -0.012867151156665833]]	0.43053262552187516	[[0.6990457638810209, -0.6990457638810208, 0.0], [0.7071067811865475, 0.7071067811865476, 0.0], [0.0, 0.0, 0.9885999999999999]]
3	[[0.8592155572171323, 0.2624339665249735, -0.4391776855101157], [-0.4266000482917053, 0.8413623931712975, -0.33184593135155627], [0.2824199444684594, 0.4724804086637203, 0.8348660002631537]]	0.6143426186325743	0.3856573813674258	[[0.5278527353906195, 0.16122437021308558, -0.2698055693612777], [-0.2620785907763089, 0.5168847758398245, -0.20386709844908057], [0.17350260823881958, 0.2902648515110588, 0.5128937648089693]]	0.8118305967500087	0.3393688813613119	[[0.5904126097279625, 0.21794417348260497, -0.29421519151796804], [-0.32487908342691213, 0.7525194902410084, -0.27259171965625256], [0.25242475817414184, 0.3642659880031556, 0.5715945630263362]]	[[-0.10712486882451334, 0.004892249831163889, 0.062322690988996836], [0.02144788835132555, 0.06947575650973856, -0.0031890391780561664], [0.023147606122208134, -0.019308064115000398, -0.10617520017359289]]	0.6313013068667543	[[0.9661883984559998, 0.0, 0.0], [0.0, 0.7071067811865476, -0.7071067811865475], [0.0, 0.6831983684520074, 0.6831983684520075]]
3	[[-0.5446221603179724, 0.8109226453022452, -0.2139887049042392], [-0.8354447797583356, -0.5021691245819775, 0.22328947644507607], [0.07361197229480154, 0.30038414347728, 0.9509735242804028]]	0.6296399541294447	0.37036004587055515	[[-0.3429158720404872, 0.5105892971906337, -0.13473583834012443], [-0.5260294128047226, -0.3161857445670198, 0.14059197570646542], [0.04634903885907682, 0.18913385832024712, 0.5987709262062293]]	0.7918093666420386	0.3250144572668711	[[-0.4680050128294266, 0.595943508284984, -0.12225590883184492], [-0.6671968624373563, -0.3812034604771293, 0.045838632464821005], [0.1390011620270844, 0.16205361597575743, 0.7455087769689283]]	[[-0.03676808500883404, -0.04615263788747344, 0.047182352066930805], [-0.005683860512511027, 0.016418756005313256, -0.13096406645698708], [0.08071451286706634, -0.07579336242029885, -0.007480966984884847]]	0.3865473953360279	[[-0.6910766421727772, 0.6910766421727771, 0.0], [-0.7071067811865475, -0.7071067811865476, 0.0], [0.0, 0.0, 0.9773299599999998]]
3	[[-0.8305561570912853, 0.32773595720904825, 0.4502950280316503], [-0.5100865793185324, -0.772219296347621, -0.37879947194723407], [0.22358030216652452, -0.5443036842615101, 0.808545204538665]]	0.5376236861002414	0.46237631389975864	[[-0.44652666268866786, 0.17619861338231949, 0.2420892728029873], [-0.27423462700349255, -0.4151633845801426, -0.20365156840109694], [0.12020206619017268, -0.292630553090615, 0.4346930532427506]]	0.7629960240943942	0.4362881395458231	[[-0.5448921639857719, 0.15522346981893942, 0.25231955712675436], [-0.5525434601597574, -0.6016044419117452, -0.29328128309337864], [0.23654478826019865, -0.3432136945292727, 0.4918142153786844]]	[[0.0888188816619976, -0.09483776248433487, -0.09125375893086844], [-0.16334942819580747, -0.012404189069539773, -0.004258792068583135], [0.0659539066413172, 0.07208785246218993, -0.12510256098490558]]	0.6806996229751843	[[-0.6831983684520075, 0.6831983684520074, 0.0], [-0.7071067811865475, -0.7071067811865476, 0.0], [0.0, 0.0, 0.9661883984559998]]
3	[[0.8787972042104137, -0.3840163418041313, 0.28327887866788265], [-0.395223040501579, -0.9183905790867732, -0.018907472103605397], [0.2674214316928388, -0.09534250611366366, -0.9588511794847616]]	0.7019141467482067	0.29808585325179326	[[0.6168401897580623, -0.26954650289481463, 0.19883745241195563], [-0.27741264324889775, -0.644631339701284, -0.013271422148767696], [0.18770688604886276, -0.06692225382760791, -0.6730312075065581]]	0.8471637876941056	0.28398278585337466	[[0.6233150290398641, -0.2722630460508352, 0.24675266946995195], [-0.3452049719802582, -0.8503766595908777, -0.016017725683010988], [0.21978069133955636, -0.08077071860749972, -0.729605726287679]]	[[-0.12117013909402048, 0.05306169260838697, 0.006769061643929492], [-0.010386324004959665, -0.07234941802914387, 0.0], [-0.006769061643929492, 0.0, 0.08269827075959253]]	0.47248556378719747	[[0.6910766421727772, -0.6910766421727771, 0.0], [-0.7071067811865475, -0.7071067811865476, 0.0], [0.0, 0.0, -0.9773299599999998]]
3	[[0.08740825448676931, -0.06334395238859675, -0.994156597696443], [0.7119981850616444, -0.6940087028176986, 0.10681996481098455], [-0.6967197295301035, -0.717174639895393, -0.015561310176609944]]	0.8301017849007322	0.1698982150992679	[[0.07255774806452463, -0.05258192794044117, -0.8252511662186565], [0.5910309642657527, -0.5760978629456133, 0.08867144345263168], [-0.5783482910584943, -0.5953279486627057, -0.012917471352997832]]	0.9170709070963206	0.12724321822973958	[[0.06261912767142172, -0.02802398470531521, -0.8922408447713271], [0.6324787206563129, -0.6371488478921511, 0.06580993881809401], [-0.6507255014104157, -0.646654416852249, 0.023232273427308214]]	[[-0.017540439558465844, 0.03006691117076135, 0.019471248073941634], [-0.02047410076910314, -0.0006936572663835145, -0.03215154320711264], [-0.011784107058340494, 0.01104558070309603, 0.0375030982665791]]	0.12598512062286965	[[0.0, 0.0, -0.9661883984559998], [0.7071067811865475, -0.7071067811865476, 0.0], [-0.6831983684520075, -0.6831983684520074, 0.0]]
3	[[0.034229894132735264, 0.2773841392786001, 0.9601491309293217], [-0.1827544195208179, -0.9427759796974285, 0.2788803941677556], [0.9825625356654255, -0.18501754344446375, 0.018422055382213542]]	0.8671885432455918	0.1328114567544083	[[0.02968377202841752, 0.2405443476604416, 0.8326303261491196], [-0.15848253883595181, -0.8175645284407486, 0.2418418827580924], [0.8520669739513952, -0.16044509397448253, 0.015975395370491377]]	0.9294377582522092	0.1233005177420689	[[0.010864768090589599, 0.24182669561869735, 0.879866715615501], [-0.16375472080180664, -0.8276967604403803, 0.2522220969838476], [0.9137947776511087, -0.1644174424024581, 0.0]]	[[-0.020949787977350316, -0.015984596967123288, -0.012532140223254882], [0.006104137188306115, 0.0485548326636279, -0.0069798713919236284], [0.0005640571596291355, 0.007544848413895043, -0.017122153856842598]]	0.3431754991711774	[[0.0, 0.0, 0.9885999999999999], [0.0, -1.0, 0.0], [0.9885999999999999, 0.0, 0.0]]
3	[[-0.42203838922340475, -0.825029846081567, 0.3757783270710803], [0.2588054115689476, 0.28760896992378115, 0.9221175843470338], [-0.8688517462515349, 0.4864224845687207, 0.09214016247897017]]	0.4656869461606154	0.5343130538393847	[[-0.1965377686399925, -0.38420562951308757, 0.17499506156707637], [0.12052230176338441, 0.13393574289220594, 0.4294181218555738], [-0.40461291637819524, 0.22652060138266658, 0.04290847088357454]]	0.6652215644386389	0.5910555933651167	[[-0.1300958471092761, -0.3981744544958692, 0.3696048277505789], [0.1263709579693469, 0.09934322132317726, 0.6560687923968609], [-0.5306428086993364, 0.18916969696971261, -0.032460905039230444]]	[[0.1506531904230804, 0.1506531904230804, 0.11962898113422032], [-0.04579198279973426, -0.09198046759610586, 0.04265629034114853], [0.04733610920735288, -0.13440902919322145, -0.09375452807112133]]	0.6579210450851002	[[0.0, -0.6831983684520074, 0.6831983684520075], [0.0, 0.7071067811865476, 0.7071067811865475], [-0.9661883984559998, 0.0, 0.0]]
3	[[0.5319609947059123, -0.8460851799387872, 0.03402011756955908], [-0.703274286200726, -0.4190807785627857, 0.5742617690636116], [-0.47161719485230363, -0.3294103357928521, -0.8179645788128509]]	0.5240983651127937	0.4759016348872063	[[0.27879988762914415, -0.4434318595520822, 0.01782988799915093], [-0.3685849036236674, -0.21963955089495274, 0.30096965431301953], [-0.2471738007811742, -0.17264341844029021, -0.42869389847599004]]	0.7254065167267194	0.48062328193058584	[[0.5068090737993864, -0.6220113692955402, 0.11148977845312588], [-0.4232034033310437, -0.2396036782081649, 0.28390337785550374], [-0.2947249405477943, -0.06590214592031034, -0.5190298279399082]]	[[0.12092110159528979, -0.008255666062044852, 0.08681136346835858], [0.08695634692529475, 0.06440024959618708, -0.1326698517302545], [0.04738924599844176, 0.1730542583409615, 0.07432700798256021]]	0.6511522761453927	[[0.6910766421727772, -0.6910766421727771, 0.0], [-0.7071067811865475, -0.7071067811865476, 0.0], [0.0, 0.0, -0.9773299599999998]]
3	[[-0.30792515101507295, 0.09349718223056193, 0.9468053539599837], [0.3027085282091916, -0.9338174967034747, 0.1906631317268273], [0.9019698710720718, 0.34531602882779927, 0.2592434992682147]]	0.7307111904621483	0.26928880953785184	[[-0.2250043536714608, 0.06831943733255037, 0.6918412673280353], [0.22119250901078313, -0.6823508946905794, 0.13931968396135136], [0.6590794782520639, 0.25232628651042266, 0.18943212596985023]]	0.8574398234937665	0.25253443795367697	[[-0.26340745368827584, 0.08178882898048881, 0.7527515307899011], [0.2430579374048047, -0.8497346891418435, 0.11971461402316598], [0.6886247140176511, 0.27048270195820157, 0.18161862470778706]]	[[0.000619833447379679, 0.0016206215515512674, -0.059077084792500414], [-0.01649640959294239, -0.049042379593025424, -0.04376754799145356], [-0.0847601730310814, -0.02560501284947499, -0.04066707554665737]]	0.4679948806646165	[[0.0, 0.0, 0.9885999999999999], [0.0, -1.0, 0.0], [0.9885999999999999, 0.0, 0.0]]
3	[[-0.3195682178843842, -0.5708200961323295, -0.7563336379995778], [0.910087742671785, 0.03735879733279218, -0.41272826520656647], [0.2638493031197415, -0.8202248094963509, 0.507557688474819]]	0.4790704611702419	0.5209295388297581	[[-0.15309569351722427, -0.2734630466993569, -0.36233710475502456], [0.43599615458715646, 0.017897496266986394, -0.19772592035050368], [0.12640240732502148, -0.39294547774869065, 0.24315589588813347]]	0.6774777640356662	0.5477678551714079	[[-0.25558891963752844, -0.27654983084711715, -0.4863029630070018], [0.5871885875573792, -0.03051645174266878, -0.07392619519467354], [0.2951929677746877, -0.4658010109353147, 0.31099159561418127]]	[[-0.03908855792835323, 0.11016809154723738, 0.026096258929913102], [-0.029375621424168406, -0.05582620622675043, 0.2056880270717905], [0.11644093185475651, 0.0898830590088534, -0.03286745229285036]]	0.9035812413264671	[[0.0, 0.0, -0.9661883984559998], [0.7071067811865475, 0.7071067811865476, 0.0], [0.6831983684520075, -0.6831983684520074, 0.0]]
3	[[0.3802729664721569, 0.7767473726770865, -0.5020517802076895], [0.4287143634067757, 0.332951791095048, 0.839849450446521], [0.8195098935212374, -0.5346088512602871, -0.20639019011321075]]	0.5549075358083643	0.44509246419163595	[[0.21101633475960133, 0.43102297051786326, -0.2785923162032514], [0.23789683096370545, 0.1847574579395343, 0.466038788997288], [0.4547522155844448, -0.2966584802741863, -0.1145274718107416]]	0.7192946809011677	0.4407522354810029	[[0.2263446163279454, 0.48451881173116795, -0.3161364793547199], [0.33473973606126206, 0.21970129723574344, 0.4886186311966954], [0.6070299037286648, -0.31215224566736, -0.05426963417552537]]	[[-0.04718370574598508, -0.07419144183941724, 0.04498669568563317], [0.026367774836838075, -0.01978915509544124, -0.11548061126725595], [0.017560796372956534, 0.07238905740684792, 0.09418573176308788]]	0.6749544205205125	[[0.0, 0.6831983684520074, -0.6831983684520075], [0.0, 0.7071067811865476, 0.7071067811865475], [0.9661883984559998, 0.0, 0.0]]
3	[[0.04673222253661188, -0.9725397674033924, -0.22799671093185395], [-0.8377629715199755, -0.16246744520517667, 0.5213036857710898], [-0.5440306084466285, 0.16664552219444034, -0.8223502702654952]]	0.5646527003935475	0.43534729960645246	[[0.026387475650690082, -0.549147205904438, -0.12873895850851835], [-0.47304512415847694, -0.09173768166114377, 0.2943555338957552], [-0.30718835215613355, 0.09409684411558358, -0.46434230077477556]]	0.7569158322727096	0.3733506603105941	[[-0.011596469321336135, -0.8279439422269026, -0.13054793966226214], [-0.6495070347436266, -0.1166342023967551, 0.23595896235582228], [-0.2771157263222359, 0.027614435801853823, -0.622449939237695]]	[[-0.04696882843658907, -0.09181319476445615, 0.04202638054816254], [-0.015390977908325977, 0.00633997910794196, -0.15862405082643327], [0.13466965445197257, -0.0985221983244713, 0.0]]	0.6156889761862184	[[1.9292218222652726e-16, -0.9661883984559998, 0.0], [-1.0, -1.7938038903913487e-16, 0.0], [0.0, 0.0, -0.9661883984559998]]
