3	[[-0.8305561570912853, 0.32773595720904825, 0.4502950280316503], [-0.5100865793185324, -0.772219296347621, -0.37879947194723407], [0.22358030216652452, -0.5443036842615101, 0.808545204538665]]	0.5097904731842579	0.4902095268157421	[[-0.4234096163296651, 0.16707666870509635, 0.22955611541277357], [-0.2600372786357341, -0.3936700404870683, -0.19310836204592746], [0.11397910803615188, -0.27748083275561014, 0.41218864241262854]]	0.7389391094708072	0.4653000416010554	[[-0.5124284775348318, 0.13740250692031217, 0.2505611753741953], [-0.5535976814738777, -0.5942030160205808, -0.28781135958531157], [0.22497173195923462, -0.33300061160988104, 0.4620117457679488]]	[[0.1013019495516984, -0.10477440944130453, -0.08217943163864451], [-0.17667475879923106, -0.023579976861296106, -0.007901615116610429], [0.05975950258108895, 0.0692066681199987, -0.13545392764074388]]	0.6804355395078517	[[-0.659294596521498, 0.6592945965214979, 0.0], [-0.7071067811865475, -0.7071067811865476, 0.0], [0.0, 0.0, 0.93238336]]
3	[[0.08740825448676931, -0.06334395238859675, -0.994156597696443], [0.7119981850616444, -0.6940087028176986, 0.10681996481098455], [-0.6967197295301035, -0.717174639895393, -0.015561310176609944]]	0.7746141946703892	0.2253858053296109	[[0.06770767465681324, -0.04906712466673234, -0.7700878123008843], [0.5515239007283044, -0.5375889924273729, 0.08274426101678012], [-0.5396889922009326, -0.5555336561205962, -0.012054011750470854]]	0.8875673267084495	0.17730070947773727	[[0.04675659080566116, -0.031229565042078494, -0.8407889372437639], [0.6358313479740495, -0.6384247309697608, 0.06941411059697822], [-0.6166101962864561, -0.6037095311632377, 0.028722853003908717]]	[[-0.030824119961412506, 0.024992457442615634, 0.04159197650323552], [0.0038850222376179203, -0.022445281897457276, -0.025395800009397975], [0.0017754715176118607, 0.03283124675181116, 0.0425345634774434]]	0.16672976648019375	[[0.0, 0.0, -0.9003093724160001], [0.7071067811865475, -0.7071067811865476, 0.0], [-0.6366148624011585, -0.6366148624011584, 0.0]]
3	[[0.034229894132735264, 0.2773841392786001, 0.9601491309293217], [-0.1827544195208179, -0.9427759796974285, 0.2788803941677556], [0.9825625356654255, -0.18501754344446375, 0.018422055382213542]]	0.8475120491804405	0.1524879508195596	[[0.029010247719663998, 0.23508640029015918, 0.8137379574727287], [-0.15488657258487032, -0.7990140024714649, 0.23635449433736355], [0.8327335880497346, -0.15680459737894867, 0.015612913907095363]]	0.9113943082549161	0.13473632096845936	[[0.009068758521361384, 0.23257227348342957, 0.8478369060684487], [-0.16540182282697904, -0.8262957555577541, 0.2539573199472621], [0.8804261709994232, -0.15765123087273553, 0.0]]	[[-0.022128172163381886, -0.020234052255275477, -0.027237546936439355], [0.0011595149327255048, 0.03294490629793424, -0.00021268398111783538], [-0.01507573151056344, 0.0109727051498554, -0.01678975642170627]]	0.3531046920825	[[0.0, 0.0, 0.9656], [0.0, -1.0, 0.0], [0.9656, 0.0, 0.0]]
3	[[0.22433838825039393, -0.7661379269479729, -0.6022499185961573], [-0.9416906372873723, -0.011392912655017143, -0.3362869982418849], [0.2507808429735371, 0.642575192824231, -0.724020780340167]]	0.4900965718075296	0.5099034281924705	[[0.10994747500634461, -0.375481571528929, -0.2951606204753404], [-0.461519353037789, -0.005583627435126516, -0.16481310498179252], [0.12290683141633292, 0.3149238991317179, -0.35484010236212826]]	0.694863642660532	0.5235542743220568	[[0.28848382575501863, -0.40045164529702654, -0.3434429494892181], [-0.6768358099689368, -0.026086245024384017, -0.039070145950087176], [0.29110512850720477, 0.30289869270306746, -0.48477033986950757]]	[[0.13259923610675714, 0.13190974540243042, 0.07503862273851666], [-0.02248922348411521, -0.018169724236405546, 0.19460346262764483], [0.11684663844913382, -0.14360344646607148, 0.0183253769195819]]	0.736385218622318	[[1.7976788904012055e-16, -0.9003093724160001, 0.0], [-1.0, -1.7938038903913487e-16, 0.0], [0.0, 0.0, -0.9003093724160001]]
3	[[0.8592155572171323, 0.2624339665249735, -0.4391776855101157], [-0.4266000482917053, 0.8413623931712975, -0.33184593135155627], [0.2824199444684594, 0.4724804086637203, 0.8348660002631537]]	0.5746438490913537	0.4253561509086464	[[0.49374293499842503, 0.15080606465622226, -0.2523707556365649], [-0.2451430937729029, 0.4834837240926674, -0.19069322329716337], [0.16229088394952185, 0.271507960654776, 0.47975061186672174]]	0.7887378087540563	0.3758295519733303	[[0.5538780127664592, 0.2074506868531582, -0.2853564248912571], [-0.3244244944250206, 0.7529174768463606, -0.27208548399786037], [0.24449059343899138, 0.34361995587133015, 0.5383406862129676]]	[[-0.12381778308037705, 0.0004590951536152174, 0.06103962043166965], [0.01205109287895369, 0.08930314648836236, -0.010346051259684904], [0.021735305290496484, -0.029043206337313672, -0.12014969343785564]]	0.6516731689245343	[[0.9003093724160001, 0.0, 0.0], [0.0, 0.7071067811865476, -0.7071067811865475], [0.0, 0.6366148624011584, 0.6366148624011585]]
3	[[-0.3195682178843842, -0.5708200961323295, -0.7563336379995778], [0.910087742671785, 0.03735879733279218, -0.41272826520656647], [0.2638493031197415, -0.8202248094963509, 0.507557688474819]]	0.4545558915808516	0.5454441084191483	[[-0.1452616162013401, -0.2594696377296985, -0.3437959111534872], [0.4136857452869779, 0.016981661429995694, -0.18760806457158896], [0.11993425522258044, -0.37283801957734797, 0.23071333761338747]]	0.6590847365412444	0.5627042905718619	[[-0.26830411950027855, -0.2685853615540366, -0.45499983666514954], [0.6042460211066814, -0.06122780870055907, -0.06030619108125718], [0.25956539533230516, -0.41441951652699727, 0.3254263376464575]]	[[-0.057681584808994144, 0.10763345111778769, 0.043488119873083125], [0.004421080998432015, -0.08585042179814012, 0.21171670885553756], [0.0856663468990394, 0.12617813594449745, -0.009097187741451495]]	0.9153407154100789	[[0.0, 0.0, -0.9003093724160001], [0.7071067811865475, 0.7071067811865476, 0.0], [0.6366148624011585, -0.6366148624011584, 0.0]]
3	[[-0.5446221603179724, 0.8109226453022452, -0.2139887049042392], [-0.8354447797583356, -0.5021691245819775, 0.22328947644507607], [0.07361197229480154, 0.30038414347728, 0.9509735242804028]]	0.5963974599384817	0.4036025400615184	[[-0.32481127303984725, 0.4836322058648534, -0.12762232006041357], [-0.49825714456673553, -0.2994923903602223, 0.1331692765828368], [0.043901993297681505, 0.1791483401756462, 0.5671581943495783]]	0.7755010279368656	0.3227704359668659	[[-0.47829198394093686, 0.5810164667873139, -0.11138142980645024], [-0.6737715400836657, -0.4638062612323831, 0.04626248372603092], [0.08652501506427589, 0.12120743251106764, 0.7374809456201963]]	[[-0.0559369387771528, -0.04785487822185951, 0.05456703081366584], [-0.025883254596588204, -0.07437358892090352, -0.12689873478461008], [0.029438854881197234, -0.11174077953149791, 0.0]]	0.40097089517045936	[[-0.659294596521498, 0.6592945965214979, 0.0], [-0.7071067811865475, -0.7071067811865476, 0.0], [0.0, 0.0, 0.93238336]]
3	[[0.8787972042104137, -0.3840163418041313, 0.28327887866788265], [-0.395223040501579, -0.9183905790867732, -0.018907472103605397], [0.2674214316928388, -0.09534250611366366, -0.9588511794847616]]	0.6578653122740156	0.34213468772598454	[[0.5781301971734156, -0.2526310306192999, 0.1863593479754796], [-0.26000352895745715, -0.604177305100434, -0.012438570039750588], [0.17592728366937377, -0.06272252755745257, -0.6307949306160509]]	0.8305668124219268	0.3099691501540381	[[0.6007912397565532, -0.25993764415803133, 0.24005318758913796], [-0.34271607534977694, -0.8493424697290402, -0.021003377504009494], [0.2153639377930193, -0.07918832139114369, -0.7003493104324688]]	[[-0.12910855290979115, 0.05901358477215521, 0.004771152307496915], [-0.014456934404678386, -0.08655773389861139, -0.00529945866796146], [-0.006747428301409824, 0.0, 0.09604065729919448]]	0.4828459081192103	[[0.659294596521498, -0.6592945965214979, 0.0], [-0.7071067811865475, -0.7071067811865476, 0.0], [0.0, 0.0, -0.93238336]]
3	[[0.8489524140446696, -0.5135124485683378, 0.12483895166604869], [0.522794976890395, 0.7815435453534784, -0.34040431673891397], [0.0772347773085365, 0.35425224329800037, 0.9319550081910795]]	0.7423769742237712	0.25762302577622864	[[0.6302427243984481, -0.3812198177944025, 0.09267756320310887], [0.388110953083278, 0.5801999324236341, -0.25270832667334525], [0.05733732028315812, 0.26298870849155276, 0.6918619390935836]]	0.8677003284804223	0.20117060932632624	[[0.7273321021473572, -0.4342065596141728, 0.05283843499235803], [0.4712278982230384, 0.6266058145360569, -0.2692234751342865], [0.03511335907360367, 0.26010949385655846, 0.7862185052683218]]	[[-0.009304186383449911, 0.01136836068735987, -0.05548436437542398], [0.017598525047327788, -0.05153977648891017, 0.026145462316222796], [-0.03190328256712571, -0.04727529401804296, -0.02243916146805254]]	0.4380709196283559	[[0.6827823079137303, -0.6827823079137303, 0.0], [0.7071067811865475, 0.7071067811865476, 0.0], [0.0, 0.0, 0.9656]]
3	[[-0.30792515101507295, 0.09349718223056193, 0.9468053539599837], [0.3027085282091916, -0.9338174967034747, 0.1906631317268273], [0.9019698710720718, 0.34531602882779927, 0.2592434992682147]]	0.689202173824018	0.3107978261759822	[[-0.21222268345467726, 0.06443846123972362, 0.6525403081374395], [0.20862737567684395, -0.6435890486829376, 0.13140544485422448], [0.621639595866641, 0.23799255772439654, 0.17867118324539888]]	0.8383824277994011	0.2732982961358841	[[-0.2447734878897703, 0.07531782901936675, 0.7335050750062146], [0.2453374425986879, -0.8493723463806766, 0.11830988163751938], [0.6710634228944283, 0.25726297867294357, 0.16945565887040356]]	[[0.013385547798743779, -0.003068565611494799, -0.06027989630022762], [-0.0084480681969176, -0.06647616637285836, -0.04153873763145512], [-0.08513226741688798, -0.032243911933754754, -0.047889535437294524]]	0.47208869765180306	[[0.0, 0.0, 0.9656], [0.0, -1.0, 0.0], [0.9656, 0.0, 0.0]]
3	[[0.3802729664721569, 0.7767473726770865, -0.5020517802076895], [0.4287143634067757, 0.332951791095048, 0.839849450446521], [0.8195098935212374, -0.5346088512602871, -0.20639019011321075]]	0.5381594771941273	0.4618405228058732	[[0.20464750082771588, 0.4180139599918128, -0.270183923560951], [0.2307166976766035, 0.1791811618265593, 0.45197294117407477], [0.441027015852804, -0.28770481989758906, -0.11107083680932202]]	0.6970541915876443	0.4544697362444358	[[0.20471159777962197, 0.46092964697417377, -0.2969088379761291], [0.3384120813232998, 0.21170480907934053, 0.4867309510978173], [0.5727718029458926, -0.2853291396267038, -0.06335725725631239]]	[[-0.0603592674472627, -0.08050536495507933, 0.053048459811679535], [0.03957493731677821, -0.020380632500076285, -0.09868962863850976], [0.0015289966193699732, 0.08732220100413482, 0.08050788986467196]]	0.6900787346311263	[[0.0, 0.6366148624011584, -0.6366148624011585], [0.0, 0.7071067811865476, 0.7071067811865475], [0.9003093724160001, 0.0, 0.0]]
3	[[0.5319609947059123, -0.8460851799387872, 0.03402011756955908], [-0.703274286200726, -0.4190807785627857, 0.5742617690636116], [-0.47161719485230363, -0.3294103357928521, -0.8179645788128509]]	0.5033693679706476	0.4966306320293525	[[0.26777286969015207, -0.4258933622751188, 0.017124685079276093], [-0.3540067329548677, -0.21095242663379643, 0.28906578374325614], [-0.2373976492968938, -0.16581507253104677, -0.4117383130594017]]	0.7063743072144796	0.5093796145443786	[[0.4564640806613135, -0.5932108938211844, 0.1100896209081706], [-0.40407517009927496, -0.21918995555326987, 0.30303161108727245], [-0.30611773891947075, -0.05636427056874078, -0.47644488190117357]]	[[0.08070050156079932, 0.004441939002514799, 0.08605868392861818], [0.09269971659752035, 0.07683793907092253, -0.10261214819479766], [0.027020530364761357, 0.1763227271662242, 0.10134428078373744]]	0.6670412529696761	[[0.659294596521498, -0.6592945965214979, 0.0], [-0.7071067811865475, -0.7071067811865476, 0.0], [0.0, 0.0, -0.93238336]]
3	[[0.04673222253661188, -0.9725397674033924, -0.22799671093185395], [-0.8377629715199755, -0.16246744520517667, 0.5213036857710898], [-0.5440306084466285, 0.16664552219444034, -0.8223502702654952]]	0.5442280087987575	0.45577199120124234	[[0.025432984417840712, -0.529283381091555, -0.1240821960031088], [-0.4559340738356465, -0.08841933419863453, 0.28370806688665334], [-0.2960766947604852, 0.09069316071910943, -0.4475460501217106]]	0.7426249117589846	0.39363904453759296	[[-0.016713006338737926, -0.7940922780990785, -0.11106850862441522], [-0.6562652709092759, -0.12834100313408536, 0.23493238251411358], [-0.27829688141879605, 0.008626416337554723, -0.6017028011103808]]	[[-0.05141751897629067, -0.07186001914903056, 0.05824752871269157], [-0.034121618109309436, -0.0076886309748832316, -0.15220072113127536], [0.12571380117306813, -0.11512869987712146, 0.00899499578050971]]	0.6364943805934743	[[-1.7976788904012055e-16, -0.9003093724160001, 0.0], [-1.0, 1.7938038903913487e-16, 0.0], [0.0, 0.0, -0.9003093724160001]]
3	[[-0.42203838922340475, -0.825029846081567, 0.3757783270710803], [0.2588054115689476, 0.28760896992378115, 0.9221175843470338], [-0.8688517462515349, 0.4864224845687207, 0.09214016247897017]]	0.4451960321193778	0.5548039678806223	[[-0.18788981628431334, -0.3673000138555747, 0.16729502016850267], [0.11521914232151803, 0.12804237221200881, 0.4105230896988052], [-0.3868093499311758, 0.21655336006364373, 0.0410204347344723]]	0.6432648155437362	0.6066240259624059	[[-0.11604120140226148, -0.37527142656382884, 0.3398883438457273], [0.13602416283442947, 0.0938597066384416, 0.6443692737425782], [-0.49952864179256473, 0.18268847599795573, -0.031185299225100962]]	[[0.1554412451939075, 0.15544124519390748, 0.09816336759701517], [-0.03045625250019031, -0.09114902434830349, 0.05120347593794804], [0.059373116494782024, -0.1302099938144682, -0.0904558238463056]]	0.6703193630101051	[[0.0, -0.6366148624011584, 0.6366148624011585], [0.0, 0.7071067811865476, 0.7071067811865475], [-0.9003093724160001, 0.0, 0.0]]
