3	[[0.8489524140446696, -0.5135124485683378, 0.12483895166604869], [0.522794976890395, 0.7815435453534784, -0.34040431673891397], [0.0772347773085365, 0.35425224329800037, 0.9319550081910795]]	0.6781879808752149	0.32181201912478524	[[0.5757493235400938, -0.3482579706488486, 0.0846642765649761], [0.3545532697890016, 0.5300334389893324, -0.23085811625037111], [0.05237969767622323, 0.24024961360278627, 0.6320406852716526]]	0.8283110651769032	0.2582742791974689	[[0.6635677537777137, -0.41126277142995527, 0.0490820578751904], [0.476522317237164, 0.6266647591490769, -0.26390464046201917], [0.028301366200295528, 0.22748862182044247, 0.7317185868003455]]	[[-0.03962892458413014, 0.014085271825284313, -0.05432342715488232], [0.04348545305994643, -0.02069640738479622, 0.01805602172680665], [-0.03567305446083928, -0.06594243116703177, -0.04023005873135713]]	0.45386026802235224	[[0.6518110308977595, -0.6518110308977594, 0.0], [0.7071067811865475, 0.7071067811865476, 0.0], [0.0, 0.0, 0.9218]]
3	[[-0.3195682178843842, -0.5708200961323295, -0.7563336379995778], [0.910087742671785, 0.03735879733279218, -0.41272826520656647], [0.2638493031197415, -0.8202248094963509, 0.507557688474819]]	0.41049383883033524	0.5895061611696647	[[-0.13118078452752985, -0.23431813254286096, -0.31047029849895985], [0.37358541116177535, 0.015335556131222366, -0.16942240997842817], [0.10830851331033142, -0.3366972307540375, 0.20834930396987986]]	0.6170849990409673	0.6044739713749935	[[-0.26781977051897987, -0.2678197705189798, -0.36748189625567346], [0.6097736781942077, -0.09781313277085776, -0.057016411665055416], [0.2173909769704635, -0.3360867978549767, 0.3340952490463734]]	[[-0.070619017092271, 0.08442474795540361, 0.09924024602394724], [0.04817218438039314, -0.12086668618713547, 0.19767200947411875], [0.05457353000785789, 0.17006162792645652, 0.02088901334065417]]	0.9414009215553758	[[0.0, 0.0, -0.7832675082319999], [0.7071067811865475, 0.7071067811865476, 0.0], [0.553853766553937, -0.553853766553937, 0.0]]
3	[[0.034229894132735264, 0.2773841392786001, 0.9601491309293217], [-0.1827544195208179, -0.9427759796974285, 0.2788803941677556], [0.9825625356654255, -0.18501754344446375, 0.018422055382213542]]	0.7687179783085716	0.2312820216914283	[[0.026313135015432684, 0.21323017476110875, 0.7380838988027203], [-0.1404866079009997, -0.7247288451108904, 0.21438037279453467], [0.7553134859784698, -0.1422263119482465, 0.014161365169703732]]	0.8743368162000082	0.1933682648009408	[[0.009204853519931501, 0.21343971452345079, 0.7881187372053268], [-0.16805010419528968, -0.8239482263626949, 0.25697647539973073], [0.8177042990419349, -0.14582662505469715, 0.0]]	[[-0.02072360313494759, -0.0290874506777801, -0.05137499700862113], [-0.00826118688497712, 0.00035552211579846504, 0.013141079462491996], [-0.041386300109180284, 0.015941024821682002, -0.01610708125074482]]	0.37309243004785686	[[0.0, 0.0, 0.9218], [0.0, -1.0, 0.0], [0.9218, 0.0, 0.0]]
3	[[0.22433838825039393, -0.7661379269479729, -0.6022499185961573], [-0.9416906372873723, -0.011392912655017143, -0.3362869982418849], [0.2507808429735371, 0.642575192824231, -0.724020780340167]]	0.4295745654485634	0.5704254345514367	[[0.0963700656460941, -0.3291133670423387, -0.2587112470723769], [-0.4045263462997036, -0.0048941055029724356, -0.1444603411357595], [0.10772907164318161, 0.27603395922549584, -0.311020912090357]]	0.6478547086502857	0.5643862574791072	[[0.26800483115968005, -0.38883623132593376, -0.26581191353698985], [-0.6832920626069879, -0.04909466757924024, -0.040418168515148546], [0.24200139959166603, 0.24200139959166603, -0.46818922903362326]]	[[0.1226661500006464, 0.10750983212287915, 0.12435853200978189], [-0.0732133491484753, -0.041713715470445965, 0.17744694675372696], [0.0795318496319721, -0.17429396474137737, 0.0008710426704081481]]	0.7317260462978914	[[1.5639773484832766e-16, -0.7832675082319999, 0.0], [-1.0, -1.7938038903913487e-16, 0.0], [0.0, 0.0, -0.7832675082319999]]
3	[[0.5319609947059123, -0.8460851799387872, 0.03402011756955908], [-0.703274286200726, -0.4190807785627857, 0.5742617690636116], [-0.47161719485230363, -0.3294103357928521, -0.8179645788128509]]	0.463196169117241	0.536803830882759	[[0.24640229486757545, -0.39190341409451773, 0.015757988131137893], [-0.3257539552068385, -0.19411661118095316, 0.2659958515007546], [-0.21845127794540642, -0.15258160560687306, -0.37887805937971003]]	0.6668607539665162	0.5470004512457496	[[0.40120205929590913, -0.5410023844416477, 0.0951266255034274], [-0.40588421143818515, -0.23359557261690456, 0.30122256974836237], [-0.27735045049087215, -0.039821467322800064, -0.44792099153988907]]	[[0.04645814928554645, 0.023218616572227447, 0.07243994425096173], [0.06310180930289458, 0.045872951348349324, -0.08173006654354305], [0.03715254765190843, 0.17984935756838455, 0.09754748420515261]]	0.6982352905158584	[[0.6008394082815547, -0.6008394082815546, 0.0], [-0.7071067811865475, -0.7071067811865476, 0.0], [0.0, 0.0, -0.8497152399999999]]
3	[[-0.30792515101507295, 0.09349718223056193, 0.9468053539599837], [0.3027085282091916, -0.9338174967034747, 0.1906631317268273], [0.9019698710720718, 0.34531602882779927, 0.2592434992682147]]	0.6066905495121193	0.39330945048788096	[[-0.18681527907793694, 0.05672385686529435, 0.5744178604749991], [0.18365040332123928, -0.5665382502190625, 0.11567352015905039], [0.5472165967240906, 0.20949997128488035, 0.15728058102847786]]	0.801324320730494	0.29850605784826073	[[-0.177935003842681, 0.07326860722006798, 0.7312226961395598], [0.2610263079100904, -0.837083580125809, 0.13228872248345125], [0.6722744090655004, 0.24593121215966407, 0.10466639662261304]]	[[0.06881290863030709, -0.0016529588210522656, -0.027475460986419176], [0.0184586021635323, -0.08879290889364681, -0.020494282035897357], [-0.0504959851906986, -0.030778920078123866, -0.10307172433228541]]	0.48200800087569395	[[0.0, 0.0, 0.9218], [0.0, -1.0, 0.0], [0.9218, 0.0, 0.0]]
3	[[0.08740825448676931, -0.06334395238859675, -0.994156597696443], [0.7119981850616444, -0.6940087028176986, 0.10681996481098455], [-0.6967197295301035, -0.717174639895393, -0.015561310176609944]]	0.6382276370715799	0.36177236292842024	[[0.055786363721642106, -0.04042786105574877, -0.6344982162269219], [0.45441691925114686, -0.442935534506452, 0.06817545373338396], [-0.4446657866791482, -0.45772067578809794, -0.009931658223755684]]	0.8260318934414519	0.27979324490515123	[[0.037432902025827997, -0.02929876706007807, -0.7336986595290774], [0.6359078289308712, -0.6395205259576006, 0.0711989522556763], [-0.5395206543690768, -0.524554999493859, 0.02646905886195463]]	[[-0.034769103930290354, 0.02302535786953968, 0.0875063972434272], [0.04777461999752384, -0.06624720310425115, -0.01703774553449055], [0.03599206301269085, 0.06785412622712383, 0.039323197371569474]]	0.2573786233581514	[[0.0, 0.0, -0.7832675082319999], [0.7071067811865475, -0.7071067811865476, 0.0], [-0.553853766553937, -0.553853766553937, 0.0]]
3	[[0.8787972042104137, -0.3840163418041313, 0.28327887866788265], [-0.395223040501579, -0.9183905790867732, -0.018907472103605397], [0.2674214316928388, -0.09534250611366366, -0.9588511794847616]]	0.5828614791643325	0.4171385208356677	[[0.5122170383315617, -0.2238283330072319, 0.16511234623637552], [-0.23036028598657524, -0.5352944913771045, -0.01102043715756578], [0.15586965123673155, -0.05557147414064442, -0.558877416772953]]	0.7975495837279222	0.3589147612077153	[[0.5583258060918492, -0.23725161873434586, 0.22761464297193787], [-0.34549984886945, -0.8472784915240701, -0.02320248815921767], [0.20428411863656923, -0.07604037606252932, -0.6484322135489045]]	[[-0.142558538307428, 0.06902045481625853, 0.0016856912114554894], [-0.030289877437731892, -0.11481646747376859, -0.008122841653639884], [-0.008997732889979322, 0.0, 0.11629914550619436]]	0.508470440046595	[[0.6008394082815547, -0.6008394082815546, 0.0], [-0.7071067811865475, -0.7071067811865476, 0.0], [0.0, 0.0, -0.8497152399999999]]
3	[[0.3802729664721569, 0.7767473726770865, -0.5020517802076895], [0.4287143634067757, 0.332951791095048, 0.839849450446521], [0.8195098935212374, -0.5346088512602871, -0.20639019011321075]]	0.49903292449037623	0.5009670755096239	[[0.18976873056323126, 0.38762251297726263, -0.25054036812264296], [0.21394258254191323, 0.16615390602447072, 0.4191125273879627], [0.4089624188127, -0.2667874185028617, -0.1029955001583203]]	0.6513695145748283	0.5165184195369722	[[0.12401729530124551, 0.41166160027247284, -0.24203133063322907], [0.30187512662586496, 0.14807846896693888, 0.4686041530354166], [0.5668500932733115, -0.2750015035207047, -0.09004308210195472]]	[[-0.12368092227565325, -0.09428795881547428, 0.08498989373208192], [0.022623659842336878, -0.06879617757546214, -0.07844817581787003], [0.03304633174111399, 0.07322640441211511, 0.044393195845093894]]	0.7246351251243087	[[0.0, 0.553853766553937, -0.553853766553937], [0.0, 0.7071067811865476, 0.7071067811865475], [0.7832675082319999, 0.0, 0.0]]
3	[[0.04673222253661188, -0.9725397674033924, -0.22799671093185395], [-0.8377629715199755, -0.16246744520517667, 0.5213036857710898], [-0.5440306084466285, 0.16664552219444034, -0.8223502702654952]]	0.5064657516093248	0.49353424839067506	[[0.023668270211379364, -0.49255808426791714, -0.11547252556655535], [-0.42429825304132573, -0.08228419674788659, 0.26402246303076626], [-0.2755328710054, 0.08440024965053565, -0.41649224771614546]]	0.701032890007367	0.4651183524775098	[[1.0483152514880234e-16, -0.707627045006645, -0.09988471761036807], [-0.6702880016163053, -0.12752312148863298, 0.23314158989567846], [-0.2582526954081897, 0.0, -0.5250148128238101]]	[[-0.03276082502130842, -0.02584468121675244, 0.05994847556636373], [-0.08298860455049742, -0.013628098844334358, -0.1323094395119209], [0.12313065428361666, -0.11682399203075533, 0.05147977373874933]]	0.6797838271408627	[[-1.5639773484832766e-16, -0.7832675082319999, 0.0], [-1.0, 1.7938038903913487e-16, 0.0], [0.0, 0.0, -0.7832675082319999]]
3	[[-0.42203838922340475, -0.825029846081567, 0.3757783270710803], [0.2588054115689476, 0.28760896992378115, 0.9221175843470338], [-0.8688517462515349, 0.4864224845687207, 0.09214016247897017]]	0.4065278940392696	0.5934721059607306	[[-0.17157037757471627, -0.33539764584708215, 0.15276437192980608], [0.10521161893109068, 0.11692106884991833, 0.37486651962117823], [-0.35321247063597827, 0.19774430826507114, 0.03745754620901187]]	0.6005376134124998	0.6397558742934408	[[-0.09191468546852807, -0.3339262131957552, 0.28830522695820404], [0.15502312601264054, 0.08348501076173008, 0.6217913775783854], [-0.44374553773636266, 0.16972512639234405, -0.028497441796963986]]	[[0.16153524156415106, 0.16153524156415106, 0.06263620724679576], [-0.0003992581892150737, -0.08923499363232483, 0.06802508418891826], [0.07803261636681703, -0.12238987160073404, -0.08383107507152471]]	0.701532101837702	[[0.0, -0.553853766553937, 0.553853766553937], [0.0, 0.7071067811865476, 0.7071067811865475], [-0.7832675082319999, 0.0, 0.0]]
3	[[-0.8305561570912853, 0.32773595720904825, 0.4502950280316503], [-0.5100865793185324, -0.772219296347621, -0.37879947194723407], [0.22358030216652452, -0.5443036842615101, 0.808545204538665]]	0.45976237741964465	0.5402376225803552	[[-0.3818584733648132, 0.15068066285233497, 0.2070287126280771], [-0.23451861839734262, -0.35503737957810744, -0.17415774578776633], [0.10279381126828385, -0.25025035591434347, 0.3717386654899495]]	0.6899404809842367	0.5230872296626979	[[-0.4438717628912563, 0.10898345742079146, 0.24724961846577675], [-0.5442916985195466, -0.5958815692787053, -0.2722072854924298], [0.20430591461945058, -0.3096308995516366, 0.4006992505527008]]	[[0.12916255161672424, -0.1171348465318485, -0.06342714975919041], [-0.19236231864091444, -0.06309621653131875, -0.010858195620580281], [0.050048813404077665, 0.06590624616924178, -0.15714881676420375]]	0.6856555250630834	[[-0.6008394082815547, 0.6008394082815546, 0.0], [-0.7071067811865475, -0.7071067811865476, 0.0], [0.0, 0.0, 0.8497152399999999]]
3	[[-0.5446221603179724, 0.8109226453022452, -0.2139887049042392], [-0.8354447797583356, -0.5021691245819775, 0.22328947644507607], [0.07361197229480154, 0.30038414347728, 0.9509735242804028]]	0.535264700883216	0.46473529911678424	[[-0.29151701773697036, 0.4340582671771324, -0.1145406001229544], [-0.4471841001417899, -0.26879340626215853, 0.11951897481974354], [0.03940189033180052, 0.16078502870842729, 0.5090225590218076]]	0.739925669096481	0.3719129247971307	[[-0.4689788413010421, 0.5397444478971489, -0.08390155545925687], [-0.6801990147192547, -0.464183443201218, 0.03875064759465814], [0.09987424027325252, 0.08393968250288296, 0.7036497212462157]]	[[-0.06599892492299547, -0.060278033013603294, 0.07443418019610179], [-0.06203197706340592, -0.09261561769530424, -0.12646696766616772], [0.04540685241950986, -0.1383222558455168, 0.0]]	0.4339954601529537	[[-0.6008394082815547, 0.6008394082815546, 0.0], [-0.7071067811865475, -0.7071067811865476, 0.0], [0.0, 0.0, 0.8497152399999999]]
3	[[0.8592155572171323, 0.2624339665249735, -0.4391776855101157], [-0.4266000482917053, 0.8413623931712975, -0.33184593135155627], [0.2824199444684594, 0.4724804086637203, 0.8348660002631537]]	0.505745545140591	0.494254454859409	[[0.4345444403780552, 0.1327248094635804, -0.22211215797189646], [-0.21575107398029103, 0.42551528219521007, -0.1678296014540799], [0.14283262877377645, 0.23895486184788248, 0.42222976042243354]]	0.7453521340680401	0.44961687824434593	[[0.46771647785178794, 0.18950207786036133, -0.2869590076134114], [-0.3535032451533489, 0.7495393199344991, -0.2511623255019722], [0.2389662350520302, 0.31259209127125803, 0.46472369746568953]]	[[-0.1727016713444619, -0.006103639140968272, 0.04038301751661595], [-0.03553598876559742, 0.12242806465967909, -0.0038202523872933472], [0.028463926739086556, -0.03957218963158554, -0.15754545749130097]]	0.6892007998390169	[[0.6518110308977595, 0.6518110308977594, 0.0], [-0.7071067811865475, 0.7071067811865476, 0.0], [0.0, 0.0, 0.9218]]
