3	[[0.08740825448676931, -0.06334395238859675, -0.994156597696443], [0.7119981850616444, -0.6940087028176986, 0.10681996481098455], [-0.6967197295301035, -0.717174639895393, -0.015561310176609944]]	0.6718518269014957	0.3281481730985045	[[0.05872539546320682, -0.04255775013544009, -0.6679259263885304], [0.478357281384215, -0.46627101487360795, 0.07176718850781344], [-0.4680924231231161, -0.4818350920211421, -0.01045489467113623]]	0.8421487032920614	0.2534261879369457	[[0.03904397762723952, -0.03037947574851717, -0.7610610738679402], [0.6357538249987136, -0.6391637587166571, 0.07135295618783385], [-0.5596329795398053, -0.5442781742631846, 0.027608261344716913]]	[[-0.03456677054581577, 0.022965551616933658, 0.07616661575136689], [0.036145476702748584, -0.05470522956532661, -0.018605338663440434], [0.027108637241967205, 0.05968951875867176, 0.04071319853147454]]	0.23297649922532226	[[0.0, 0.0, -0.8126886423680001], [0.7071067811865475, -0.7071067811865476, 0.0], [-0.5746576500117019, -0.5746576500117018, 0.0]]
3	[[0.034229894132735264, 0.2773841392786001, 0.9601491309293217], [-0.1827544195208179, -0.9427759796974285, 0.2788803941677556], [0.9825625356654255, -0.18501754344446375, 0.018422055382213542]]	0.7906928559064951	0.20930714409350507	[[0.027065332749189423, 0.21932565726936135, 0.7591830584306445], [-0.1445026139004492, -0.7454462318670037, 0.2205087353208317], [0.7769051774320226, -0.14629204981890703, 0.014566187581830044]]	0.88430558087855	0.17767858243395096	[[0.009174690328203053, 0.2183311523725436, 0.8035395996820115], [-0.16732907010897674, -0.8245945335519583, 0.2561371859042644], [0.8338879185779274, -0.14886411046331505, 0.0]]	[[-0.021094996086256673, -0.026961190038715475, -0.04552563527447713], [-0.005718316996497649, 0.009107526812720375, 0.009521696944108208], [-0.034997615273187656, 0.014747935765063853, -0.016290726385745163]]	0.3677528482770801	[[0.0, 0.0, 0.9332], [0.0, -1.0, 0.0], [0.9332, 0.0, 0.0]]
3	[[-0.8305561570912853, 0.32773595720904825, 0.4502950280316503], [-0.5100865793185324, -0.772219296347621, -0.37879947194723407], [0.22358030216652452, -0.5443036842615101, 0.808545204538665]]	0.47241775885570647	0.5275822411442935	[[-0.3923694783368731, 0.15482828640112825, 0.21272736796657976], [-0.2409739586240346, -0.3648101093256736, -0.17895159759303736], [0.10562330527379117, -0.2571387266557267, 0.3819711134616849]]	0.7026330909591344	0.509295636960798	[[-0.45995104717182606, 0.11728013170644058, 0.2475339649225648], [-0.5457181288659323, -0.5975035237550002, -0.275403588944308], [0.2103999149183802, -0.3150997957645891, 0.4158218786689116]]	[[0.12362519270036415, -0.1129979969258036, -0.06885822246684369], [-0.18731441898258006, -0.0549166926639834, -0.009246545116335015], [0.053304996129537804, 0.06734598432852057, -0.15228873757627603]]	0.6835507752013451	[[-0.6157925953833067, 0.6157925953833066, 0.0], [-0.7071067811865475, -0.7071067811865476, 0.0], [0.0, 0.0, 0.87086224]]
3	[[0.3802729664721569, 0.7767473726770865, -0.5020517802076895], [0.4287143634067757, 0.332951791095048, 0.839849450446521], [0.8195098935212374, -0.5346088512602871, -0.20639019011321075]]	0.5143758729329871	0.48562412706701297	[[0.19560323908193233, 0.3995401078691808, -0.2582433227018905], [0.22052032491627013, 0.17126236818911694, 0.4319982942057189], [0.4215361168572059, -0.27498989454471173, -0.10616213420428797]]	0.6634934788864135	0.5070915390379254	[[0.12602397724881112, 0.40783721508249837, -0.26471893102282734], [0.3052506270907345, 0.17229705789069089, 0.45952454107971064], [0.5882677140533596, -0.30076795472956386, -0.0785457244042686]]	[[-0.12628465620225673, -0.10752960143090329, 0.0683891512082895], [0.02080144266539884, -0.048614284284424866, -0.09771009253789416], [0.04452824381911949, 0.053941531836593226, 0.058392820841973864]]	0.7150826644493226	[[0.0, 0.5746576500117018, -0.5746576500117019], [0.0, 0.7071067811865476, 0.7071067811865475], [0.8126886423680001, 0.0, 0.0]]
3	[[0.5319609947059123, -0.8460851799387872, 0.03402011756955908], [-0.703274286200726, -0.4190807785627857, 0.5742617690636116], [-0.47161719485230363, -0.3294103357928521, -0.8179645788128509]]	0.4737171811319972	0.5262828188680029	[[0.25199906288425805, -0.4008050864381608, 0.016115914196830672], [-0.3331531124216253, -0.19852576508736552, 0.272037666472688], [-0.22341316811881312, -0.1560473357075345, -0.38748387454104505]]	0.6773314468583078	0.5374995472055358	[[0.41450184702701404, -0.5543283911485452, 0.09907731405202948], [-0.40472031210295323, -0.22882193964824138, 0.30238646908359423], [-0.28549118598229173, -0.04387329545293115, -0.4545742473355078]]	[[0.05418793681067388, 0.018751707944765064, 0.07603441859635028], [0.07162947770762813, 0.05503465044619633, -0.08657908583167329], [0.03394997097027564, 0.17924668389972237, 0.09945888431064685]]	0.6900080547304838	[[0.6157925953833067, -0.6157925953833066, 0.0], [-0.7071067811865475, -0.7071067811865476, 0.0], [0.0, 0.0, -0.87086224]]
3	[[0.8489524140446696, -0.5135124485683378, 0.12483895166604869], [0.522794976890395, 0.7815435453534784, -0.34040431673891397], [0.0772347773085365, 0.35425224329800037, 0.9319550081910795]]	0.7021860200731794	0.2978139799268207	[[0.5961225168495445, -0.36058126251823436, 0.08766016662049073], [0.36709932413691626, 0.5487889516256412, -0.23902715238662797], [0.05423318088951955, 0.24875097282341851, 0.6544057780889614]]	0.8388116512003241	0.2426055029222363	[[0.6780719548405874, -0.4165650873038763, 0.05231161388452541], [0.47606793735506836, 0.6234217503344658, -0.2657023185780223], [0.031019977197142248, 0.2372248932465859, 0.7430052982411927]]	[[-0.03403922137472301, 0.01417513759165254, -0.052404753296590334], [0.0375414195504009, -0.032146081428440575, 0.019832788421464246], [-0.0337654538871206, -0.05992601589562869, -0.03872942102397819]]	0.44957712674252764	[[0.6598720482032863, -0.6598720482032862, 0.0], [0.7071067811865475, 0.7071067811865476, 0.0], [0.0, 0.0, 0.9332]]
3	[[-0.42203838922340475, -0.825029846081567, 0.3757783270710803], [0.2588054115689476, 0.28760896992378115, 0.9221175843470338], [-0.8688517462515349, 0.4864224845687207, 0.09214016247897017]]	0.4165148580315702	0.5834851419684299	[[-0.175785259771259, -0.3436371892124721, 0.15651725655135199], [0.10779629925744227, 0.11979340927640984, 0.38407567473271925], [-0.3618896617404399, 0.20260219210350436, 0.03837774669393404]]	0.6117690305869933	0.6307555393311335	[[-0.09786904456512562, -0.34440673746208367, 0.3011188318605109], [0.15000291148741252, 0.08617219637357004, 0.6277021005931444], [-0.45783895302290406, 0.17316957082406356, -0.029225726068644525]]	[[0.16032097168057285, 0.16032097168057285, 0.07122928899263406], [-0.008326224258790357, -0.08977806434482527, 0.06357911992993946], [0.07369763750521349, -0.12440864101625941, -0.08559422394653216]]	0.6926590679016583	[[0.0, -0.5746576500117018, 0.5746576500117019], [0.0, 0.7071067811865476, 0.7071067811865475], [-0.8126886423680001, 0.0, 0.0]]
3	[[0.8787972042104137, -0.3840163418041313, 0.28327887866788265], [-0.395223040501579, -0.9183905790867732, -0.018907472103605397], [0.2674214316928388, -0.09534250611366366, -0.9588511794847616]]	0.6013685007622119	0.39863149923778834	[[0.5284809571700401, -0.23093533173893957, 0.1703549945621051], [-0.2376746873331175, -0.5522911656595523, -0.011370358152148534], [0.16081882544880668, -0.057335979960485936, -0.5766228962608295]]	0.8063364703856917	0.3471097670467035	[[0.5681930820342134, -0.24303641918803484, 0.23195242739906208], [-0.3454699854409033, -0.8478370710421032, -0.021883821339664714], [0.20800245582779725, -0.07687813985741779, -0.6609680664047969]]	[[-0.14041315379362565, 0.06660996243273382, 0.0035343362391849703], [-0.02678723394775879, -0.10730525306580305, -0.006638037019727608], [-0.007629197508894696, 0.0, 0.11218860928610318]]	0.5011681789147654	[[0.6157925953833067, -0.6157925953833066, 0.0], [-0.7071067811865475, -0.7071067811865476, 0.0], [0.0, 0.0, -0.87086224]]
3	[[0.8592155572171323, 0.2624339665249735, -0.4391776855101157], [-0.4266000482917053, 0.8413623931712975, -0.33184593135155627], [0.2824199444684594, 0.4724804086637203, 0.8348660002631537]]	0.5229162204573224	0.4770837795426775	[[0.4492977517381152, 0.13723097789486263, -0.2296531354161443], [-0.22307608489960978, 0.43996204267206246, -0.1735276201964959], [0.14768196994321373, 0.24706766953856377, 0.43656497344593037]]	0.7566840112201497	0.43169204464134836	[[0.48560445115677414, 0.19576431836461278, -0.2900691170326437], [-0.35377850002868577, 0.7490016805754179, -0.25218504685899445], [0.24159452559294298, 0.321975939441567, 0.48180047741730647]]	[[-0.1645502231810416, -0.0028152681059186455, 0.04224961567753206], [-0.030977064300608596, 0.11235621002077582, -0.0010825364168124052], [0.027891869163977137, -0.035542431409032516, -0.14992927649313922]]	0.6827029108338665	[[0.8126886423680001, 0.0, 0.0], [0.0, 0.7071067811865476, -0.7071067811865475], [0.0, 0.5746576500117018, 0.5746576500117019]]
3	[[-0.5446221603179724, 0.8109226453022452, -0.2139887049042392], [-0.8354447797583356, -0.5021691245819775, 0.22328947644507607], [0.07361197229480154, 0.30038414347728, 0.9509735242804028]]	0.552256682826343	0.447743317173657	[[-0.30077122765092024, 0.44783745012338116, -0.1181766923327203], [-0.4613799627539231, -0.2773262549594514, 0.12331310557158857], [0.04065270363583179, 0.16588915065039492, 0.5251814839747722]]	0.7495367824026679	0.3600905588491566	[[-0.47346071015532337, 0.5514940145940963, -0.09178532032515327], [-0.678125816630748, -0.4518027900037233, 0.04284325464487479], [0.11017515272008563, 0.09014239309008121, 0.7127896355392584]]	[[-0.0652463684854004, -0.056322335743208544, 0.06860708501928421], [-0.05192922453557956, -0.07540856014258336, -0.12452042107414381], [0.05500027185992574, -0.13500657129666052, 0.0]]	0.42481500240590314	[[-0.6157925953833067, 0.6157925953833066, 0.0], [-0.7071067811865475, -0.7071067811865476, 0.0], [0.0, 0.0, 0.87086224]]
3	[[-0.30792515101507295, 0.09349718223056193, 0.9468053539599837], [0.3027085282091916, -0.9338174967034747, 0.1906631317268273], [0.9019698710720718, 0.34531602882779927, 0.2592434992682147]]	0.6285325402501193	0.37146745974988077	[[-0.19354097737440543, 0.058766021453603406, 0.5950979742468818], [0.1902621601906981, -0.5869346833330423, 0.11983798251630587], [0.5669174142940019, 0.21704236078822012, 0.16294297513838094]]	0.8109063496984968	0.2977231503679115	[[-0.21005461415710414, 0.06969352582254099, 0.7166683132904961], [0.2522260745210096, -0.8452894059274159, 0.12127833993182167], [0.6566190024951101, 0.2435333899612149, 0.14036108833456315]]	[[0.03964384603288706, -0.006123932927139156, -0.051102160164187505], [0.006757806888289608, -0.08805086839101292, -0.0333316042388635], [-0.07479409319396749, -0.036485570467916714, -0.06986111134008977]]	0.479170199502101	[[0.0, 0.0, 0.9332], [0.0, -1.0, 0.0], [0.9332, 0.0, 0.0]]
3	[[0.04673222253661188, -0.9725397674033924, -0.22799671093185395], [-0.8377629715199755, -0.16246744520517667, 0.5213036857710898], [-0.5440306084466285, 0.16664552219444034, -0.8223502702654952]]	0.5175312949229799	0.48246870507702017	[[0.024185387644001608, -0.5033197651883714, -0.1179954330467427], [-0.43356855548925644, -0.08408198729986338, 0.2697909715452343], [-0.2815528652671203, 0.0862442728944049, -0.42559200025076427]]	0.7138728664375641	0.4470356878224871	[[-1.0887161396881164e-16, -0.7343571772928145, -0.09973683152769988], [-0.670919050079266, -0.12272452982373183, 0.23269537124826162], [-0.26744035042025316, 0.0, -0.5452482919477469]]	[[-0.03336086565720924, -0.040087425812032826, 0.0630238340435594], [-0.07286279620504982, -0.006743429012324616, -0.1394491851976134], [0.12092833946131352, -0.11896371660792981, 0.04180525270238772]]	0.668172949885747	[[1.6227235454999966e-16, -0.8126886423680001, 0.0], [-1.0, -1.7938038903913487e-16, 0.0], [0.0, 0.0, -0.8126886423680001]]
3	[[0.22433838825039393, -0.7661379269479729, -0.6022499185961573], [-0.9416906372873723, -0.011392912655017143, -0.3362869982418849], [0.2507808429735371, 0.642575192824231, -0.724020780340167]]	0.4448715618285619	0.5551284381714382	[[0.09980176915905505, -0.3408329761374413, -0.2679238618969968], [-0.4189313845693671, -0.005068382846613903, -0.14960452213050618], [0.11156526529032076, 0.2858634296240049, -0.3220962553462642]]	0.6609165607624166	0.5543786831396353	[[0.2804347945635643, -0.39265395318591545, -0.28202700030339295], [-0.6789880462765301, -0.050130276199080434, -0.04016301293096012], [0.2551432114727953, 0.25514321147279523, -0.4761738240031861]]	[[0.13216583855413025, 0.11369929056218622, 0.11600994461462462], [-0.0566091089783917, -0.042600511550059915, 0.18209463337618328], [0.08939799922962553, -0.16954537499984218, 0.0023435000597580996]]	0.7313067019387165	[[1.6227235454999966e-16, -0.8126886423680001, 0.0], [-1.0, -1.7938038903913487e-16, 0.0], [0.0, 0.0, -0.8126886423680001]]
3	[[-0.3195682178843842, -0.5708200961323295, -0.7563336379995778], [0.910087742671785, 0.03735879733279218, -0.41272826520656647], [0.2638493031197415, -0.8202248094963509, 0.507557688474819]]	0.42165314272391097	0.5783468572760889	[[-0.1347469433856301, -0.24068808746416173, -0.3189104554103308], [0.3837413568520681, 0.015752454303757553, -0.17402817011533658], [0.11125288786595283, -0.3458503686642575, 0.21401329445909117]]	0.6283352075182106	0.584763880820818	[[-0.2524286625529104, -0.25242866255291035, -0.41044886949717285], [0.6091022161114367, -0.06410970953059528, -0.05740974504652334], [0.23232523825887233, -0.36987837588856126, 0.31033179035347525]]	[[-0.05163270005230116, 0.1062377010059618, 0.06478218388829492], [0.037262045459981005, -0.0875835572053261, 0.20192195512067562], [0.06653943162959434, 0.1454977499979132, -0.008584575161813397]]	0.9342555971503097	[[0.0, 0.0, -0.8126886423680001], [0.7071067811865475, 0.7071067811865476, 0.0], [0.5746576500117019, -0.5746576500117018, 0.0]]
