3	[[-0.5446221603179724, 0.8109226453022452, -0.2139887049042392], [-0.8354447797583356, -0.5021691245819775, 0.22328947644507607], [0.07361197229480154, 0.30038414347728, 0.9509735242804028]]	0.5168877730011433	0.48311222699885664	[[-0.2815085355738283, 0.41915600020647353, -0.110608145125351], [-0.43183119167471673, -0.25956508047511184, 0.11541560021428664], [0.03804912842568185, 0.15526489096682716, 0.49154658714834615]]	0.7289319188349086	0.3850335852650515	[[-0.4575226519696621, 0.5285241822056881, -0.07731764350895987], [-0.6808041461522498, -0.4677326213435508, 0.03850824573907227], [0.09380486141595067, 0.07908999267499811, 0.6890175724945893]]	[[-0.060530175609069176, -0.0625832176611574, 0.07866555376588423], [-0.07182177976239856, -0.1016855177823636, -0.12425458078167914], [0.04014674520187885, -0.13986959741747607, -0.004177383320320177]]	0.443862637653705	[[-0.58555512550058, 0.5855551255005799, 0.0], [-0.7071067811865475, -0.7071067811865476, 0.0], [0.0, 0.0, 0.8280999999999998]]
3	[[0.22433838825039393, -0.7661379269479729, -0.6022499185961573], [-0.9416906372873723, -0.011392912655017143, -0.3362869982418849], [0.2507808429735371, 0.642575192824231, -0.724020780340167]]	0.41407754646261125	0.5859224535373888	[[0.0928934893840998, -0.3172405130425679, -0.2493781686496041], [-0.3899329486147677, -0.004717549319252324, -0.13924889513927616], [0.10384271615830763, 0.2660759592623969, -0.29980074831120157]]	0.63416997179816	0.575536619870074	[[0.2554986638603567, -0.3845257258408302, -0.24963817155439008], [-0.6878356621212028, -0.048123213156588435, -0.04066561254605877], [0.2288341519118145, 0.22883415191181447, -0.4597123112680484]]	[[0.11322999451035969, 0.10133594168526662, 0.1322906423371791], [-0.09064373723007843, -0.04089817005945726, 0.17259750364508528], [0.06979647179576766, -0.17866773999972535, -0.0005600734184428961]]	0.7332146354156774	[[-1.5046813024762992e-16, -0.7535709999999998, 0.0], [-1.0, 1.7938038903913487e-16, 0.0], [0.0, 0.0, -0.7535709999999998]]
3	[[-0.42203838922340475, -0.825029846081567, 0.3757783270710803], [0.2588054115689476, 0.28760896992378115, 0.9221175843470338], [-0.8688517462515349, 0.4864224845687207, 0.09214016247897017]]	0.39625200077196354	0.6037479992280365	[[-0.16723355613235086, -0.32691972720640616, 0.14890291394865682], [0.10255216214480692, 0.11396562977226171, 0.3653909377445221], [-0.3442842428263852, 0.19274588273082516, 0.03651072373374573]]	0.5888343013768126	0.6493034743287639	[[-0.08598643596258537, -0.3232816289224854, 0.275480925263069], [0.16027302339213, 0.08071691107787614, 0.6156506696632491], [-0.4294639795244032, 0.16611361304816827, -0.027725284563841924]]	[[0.16252424410997346, 0.16252424410997343, 0.05420975656962202], [0.00787951967839029, -0.08863711579689822, 0.07267620609698937], [0.08214573147964288, -0.12030863082682784, -0.08198057276589232]]	0.7111457893427525	[[0.0, -0.5328551642055276, 0.5328551642055277], [0.0, 0.7071067811865476, 0.7071067811865475], [-0.7535709999999998, 0.0, 0.0]]
3	[[-0.8305561570912853, 0.32773595720904825, 0.4502950280316503], [-0.5100865793185324, -0.772219296347621, -0.37879947194723407], [0.22358030216652452, -0.5443036842615101, 0.808545204538665]]	0.44669698217591497	0.5533030178240851	[[-0.3710069289003023, 0.14639866303581667, 0.2011454301105572], [-0.22785413563002377, -0.34494802925649076, -0.16920858096865965], [0.09987264625176571, -0.24313881314684863, 0.36117470282022945]]	0.6768102145783249	0.5373101497205087	[[-0.4276776913631836, 0.10073944734945636, 0.24660655634733375], [-0.5428648704514905, -0.5941330897718148, -0.26892623275050764], [0.19817157765374965, -0.3039837753499278, 0.3854628830384402]]	[[0.134451199537118, -0.12107559617423229, -0.05815771819832029], [-0.19763306324939087, -0.07148718210925824, -0.012550880859743903], [0.0468501453689375, 0.06440651799087772, -0.16176877034164924]]	0.6883347788153731	[[-0.58555512550058, 0.5855551255005799, 0.0], [-0.7071067811865475, -0.7071067811865476, 0.0], [0.0, 0.0, 0.8280999999999998]]
3	[[-0.30792515101507295, 0.09349718223056193, 0.9468053539599837], [0.3027085282091916, -0.9338174967034747, 0.1906631317268273], [0.9019698710720718, 0.34531602882779927, 0.2592434992682147]]	0.5838727568213115	0.4161272431786888	[[-0.17978910681778923, 0.05459045754398272, 0.5528138521897932], [0.1767432628788224, -0.5452305961682336, 0.11132300834552747], [0.5266356351926135, 0.20162062172627457, 0.15136521660573612]]	0.7913730647388894	0.3122869104011517	[[-0.17491111012269717, 0.06907576454243435, 0.7153987319002315], [0.2610963485161769, -0.8381544872160872, 0.12963328345597325], [0.6572818963269882, 0.2379943356903326, 0.10583534558026285]]	[[0.06877256034628643, -0.004915387103815887, -0.0338775227742697], [0.02154097282467044, -0.0991564729430608, -0.021252383431400672], [-0.05651276484545832, -0.035279468346585637, -0.09932297694925822]]	0.4851269647433389	[[0.0, 0.0, 0.9099999999999999], [0.0, -1.0, 0.0], [0.9099999999999999, 0.0, 0.0]]
3	[[0.8489524140446696, -0.5135124485683378, 0.12483895166604869], [0.522794976890395, 0.7815435453534784, -0.34040431673891397], [0.0772347773085365, 0.35425224329800037, 0.9319550081910795]]	0.6540499285376575	0.34595007146234263	[[0.555257265737788, -0.3358627802893188, 0.08165090741589523], [0.34193401727500916, 0.5111684999875102, -0.2226414190369968], [0.050515400579270196, 0.23169865441336202, 0.6095451065076873]]	0.8161896534648582	0.2770493077344118	[[0.6446989904870725, -0.3989091534527382, 0.05117282264541409], [0.47653139849510223, 0.6252370073857614, -0.2644869533481484], [0.025510037407803453, 0.22497248315912816, 0.7124323580735432]]	[[-0.048207186140201364, 0.020214393994144274, -0.05071943805381439], [0.049831547473762075, -0.012650748063991024, 0.013347527968927622], [-0.03752818871908643, -0.06416453253741541, -0.048219677106773204]]	0.458417725564045	[[0.6434671708797582, -0.6434671708797581, 0.0], [0.7071067811865475, 0.7071067811865476, 0.0], [0.0, 0.0, 0.9099999999999999]]
3	[[0.5319609947059123, -0.8460851799387872, 0.03402011756955908], [-0.703274286200726, -0.4190807785627857, 0.5742617690636116], [-0.47161719485230363, -0.3294103357928521, -0.8179645788128509]]	0.45227464726556527	0.5477253527344347	[[0.24059247123965574, -0.3826628763134373, 0.0153864366737054], [-0.31807312972237556, -0.18953961130026237, 0.25972403904134445], [-0.21330050044620097, -0.14898394342634363, -0.3699446413583088]]	0.6557981291230892	0.5594133280113364	[[0.39017944959861933, -0.5249186096918057, 0.09164834698531302], [-0.4059512565521636, -0.233651575833809, 0.3011555246343839], [-0.26693333901314026, -0.03819169571329818, -0.43722198224174236]]	[[0.04132042450402453, 0.02994246839082336, 0.06933801753064862], [0.05525470459864849, 0.04118081469911353, -0.07544426914444806], [0.04235233503327986, 0.17783498621346278, 0.09919765823268095]]	0.7068236355115164	[[0.58555512550058, -0.5855551255005799, 0.0], [-0.7071067811865475, -0.7071067811865476, 0.0], [0.0, 0.0, -0.8280999999999998]]
3	[[0.034229894132735264, 0.2773841392786001, 0.9601491309293217], [-0.1827544195208179, -0.9427759796974285, 0.2788803941677556], [0.9825625356654255, -0.18501754344446375, 0.018422055382213542]]	0.7426439865480295	0.2573560134519705	[[0.025420625037851523, 0.20599766299905345, 0.7130489782739774], [-0.13572147067221124, -0.7001469119842227, 0.2071088476948279], [0.7296941585193123, -0.13740216604491978, 0.013681028649455643]]	0.8637759092781743	0.20957008361406085	[[0.009232045784043847, 0.2084411704642292, 0.7722466186726809], [-0.1688210152185324, -0.8232516301613996, 0.25788729637315244], [0.8010566412485381, -0.14271166180151978, 0.0]]	[[-0.020334912144955204, -0.03115656666048731, -0.057107069938442966], [-0.010962150322333006, -0.008904451052631705, 0.01699713032104371], [-0.04765720641853343, 0.017102035019636003, -0.015912527638544394]]	0.37872168979160314	[[0.0, 0.0, 0.9099999999999999], [0.0, -1.0, 0.0], [0.9099999999999999, 0.0, 0.0]]
3	[[0.3802729664721569, 0.7767473726770865, -0.5020517802076895], [0.4287143634067757, 0.332951791095048, 0.839849450446521], [0.8195098935212374, -0.5346088512602871, -0.20639019011321075]]	0.48195029601688444	0.5180497039831158	[[0.18327266875847478, 0.37435362619205903, -0.24196400408689978], [0.20661901435058572, 0.1604662142776102, 0.40476569125231854], [0.39496303577132585, -0.2576548941181419, -0.09946981322004297]]	0.6384698746628833	0.5337087305511792	[[0.11677992132845838, 0.4002621119081641, -0.23144692292043395], [0.3016011247041512, 0.14027994847547987, 0.46725927770294196], [0.5489416111272004, -0.26310942760491807, -0.0931975060865181]]	[[-0.12601291191270245, -0.09566768576969926, 0.0890980142630469], [0.02787991883364927, -0.07229973985375786, -0.06895929565933982], [0.02570923212570323, 0.07822221865290549, 0.03857641272671221]]	0.7348366560054045	[[0.0, 0.5328551642055276, -0.5328551642055277], [0.0, 0.7071067811865476, 0.7071067811865475], [0.7535709999999998, 0.0, 0.0]]
3	[[0.8787972042104137, -0.3840163418041313, 0.28327887866788265], [-0.395223040501579, -0.9183905790867732, -0.018907472103605397], [0.2674214316928388, -0.09534250611366366, -0.9588511794847616]]	0.5643867116275694	0.43561328837243096	[[0.49598146427181694, -0.2167337203620824, 0.1598788348049115], [-0.22305863218813587, -0.5183274389205229, -0.010671126005743846], [0.15092910245185795, -0.05381004350382206, -0.5411628641296209]]	0.7883196272646547	0.37110579865463333	[[0.5481168946510896, -0.2313488666602297, 0.22318465547851168], [-0.34554165410504256, -0.8466848419826088, -0.024593879697917362], [0.20048816418289692, -0.07516036888200138, -0.6355087800131265]]	[[-0.14465618981328446, 0.07137875277433936, -0.0001296445649029282], [-0.033979574130434245, -0.12269952299355368, -0.009688748336686297], [-0.010325399171782018, 0.0, 0.1203724244005755]]	0.5145052953855038	[[0.9099999999999999, 0.0, 0.0], [0.0, -1.0, 0.0], [0.0, 0.0, -0.9099999999999999]]
3	[[0.8592155572171323, 0.2624339665249735, -0.4391776855101157], [-0.4266000482917053, 0.8413623931712975, -0.33184593135155627], [0.2824199444684594, 0.4724804086637203, 0.8348660002631537]]	0.4884771843468362	0.5115228156531639	[[0.41970719613642266, 0.1281930050450909, -0.2145282792459416], [-0.20838439043175658, 0.4109863328316311, -0.1620991661835617], [0.13795569927734286, 0.23079589968309658, 0.4078129931154503]]	0.7335068141587754	0.467770262145679	[[0.45051068008239814, 0.17976191709611367, -0.28311549620133825], [-0.35044965753617063, 0.749606079021037, -0.254054742427019], [0.2353865557597012, 0.30667614163736895, 0.44567002746098294]]	[[-0.17972978596759756, -0.012735185616670364, 0.03902432874681133], [-0.03753561519374213, 0.1324610304529556, -0.010643490529787258], [0.028229602037743294, -0.039891457673992936, -0.1667098726415223]]	0.6897927639948263	[[0.6434671708797582, 0.6434671708797581, 0.0], [-0.7071067811865475, 0.7071067811865476, 0.0], [0.0, 0.0, 0.9099999999999999]]
3	[[-0.3195682178843842, -0.5708200961323295, -0.7563336379995778], [0.910087742671785, 0.03735879733279218, -0.41272826520656647], [0.2638493031197415, -0.8202248094963509, 0.507557688474819]]	0.39915690929074055	0.6008430907092595	[[-0.12755786215828077, -0.22784678533322406, -0.3018957973365332], [0.3632678105482565, 0.014912022078176525, -0.16474333871678215], [0.10531727235179177, -0.32739839988214986, 0.20259515821836127]]	0.6054521256546699	0.6141315876269605	[[-0.260180561512274, -0.2601805615122739, -0.35471392655959233], [0.610689537297728, -0.09624521897117382, -0.056479913823436034], [0.20950693544860646, -0.32347786174613635, 0.32538925361666465]]	[[-0.06669730470249882, 0.08542367905744801, 0.10320988227138155], [0.05967497896483538, -0.11886418222821488, 0.19340729166364393], [0.049758814022255675, 0.17312899267812598, 0.01808737223721475]]	0.9414964006441121	[[-1.5046813024762992e-16, -0.7535709999999998, 0.0], [1.0, -1.7938038903913487e-16, 0.0], [0.0, 0.0, 0.7535709999999998]]
3	[[0.04673222253661188, -0.9725397674033924, -0.22799671093185395], [-0.8377629715199755, -0.16246744520517667, 0.5213036857710898], [-0.5440306084466285, 0.16664552219444034, -0.8223502702654952]]	0.49491387719749247	0.5050861228025076	[[0.02312842544565063, -0.4813234270143604, -0.11283873619555979], [-0.41462052040744346, -0.08040739322486519, 0.25800042832231335], [-0.2692482977404318, 0.08247518150685126, -0.4069925606715021]]	0.6876600362340306	0.4839667874670752	[[-1.0114179575876462e-16, -0.6812161224224664, -0.10213369897820296], [-0.6721808504718741, -0.13553294776232488, 0.23180314363414456], [-0.24703500432905928, 0.0, -0.5065359956709405]]	[[-0.0321358818428233, -0.01243939073081397, 0.0546505275224355], [-0.09608473512091865, -0.02381057850568284, -0.1266765678121367], [0.12707310358777102, -0.1145954658304678, 0.05896142097689471]]	0.6919848227577722	[[1.5046813024762992e-16, -0.7535709999999998, 0.0], [-1.0, -1.7938038903913487e-16, 0.0], [0.0, 0.0, -0.7535709999999998]]
3	[[0.08740825448676931, -0.06334395238859675, -0.994156597696443], [0.7119981850616444, -0.6940087028176986, 0.10681996481098455], [-0.6967197295301035, -0.717174639895393, -0.015561310176609944]]	0.60413124680283	0.39586875319717013	[[0.05280605776395101, -0.03826806093394205, -0.6006010648836118], [0.4301403512626432, -0.4192723429252707, 0.06453327852469454], [-0.4209101588731519, -0.4332676093753744, -0.00940107371888093]]	0.8093729123135718	0.3065132207386216	[[0.03581248466332939, -0.028203257860049284, -0.7060763434279324], [0.6360763028153936, -0.6398981153632092, 0.07103047837115381], [-0.5192140853576862, -0.5046519063454783, 0.025323250756579443]]	[[-0.03493338883087293, 0.023065621362161497, 0.09856707734538987], [0.05980425821007305, -0.07818627039268417, -0.01542670764114602], [0.04469199119841765, 0.07580982058409308, 0.03791815369363706]]	0.2827918575392675	[[0.0, 0.0, -0.7535709999999998], [0.7071067811865475, -0.7071067811865476, 0.0], [-0.5328551642055277, -0.5328551642055276, 0.0]]
