3	[[0.8787972042104137, -0.3840163418041313, 0.28327887866788265], [-0.395223040501579, -0.9183905790867732, -0.018907472103605397], [0.2674214316928388, -0.09534250611366366, -0.9588511794847616]]	0.6113813062485242	0.38861869375147584	[[0.5372801826377138, -0.23478041267298957, 0.17319141087258733], [-0.24163197876136877, -0.56148683188841, -0.01155967499255979], [0.16349646422721822, -0.05829062592877958, -0.5862236866113318]]	0.8109098906092386	0.3408872833069978	[[0.5733876543816363, -0.24611362441712556, 0.23425878268065467], [-0.34545821377407276, -0.8481252762322705, -0.021199804127647416], [0.20998010819761923, -0.07731418120304166, -0.6675853475649725]]	[[-0.13923769035233502, 0.06528902530742255, 0.004545138168174171], [-0.02496794123468662, -0.10339327220845987, -0.005867547992415531], [-0.006874575722986629, 0.0, 0.10995655750155495]]	0.49749046905374306	[[0.6237365158058689, -0.6237365158058688, 0.0], [-0.7071067811865475, -0.7071067811865476, 0.0], [0.0, 0.0, -0.8820966400000001]]
3	[[-0.8305561570912853, 0.32773595720904825, 0.4502950280316503], [-0.5100865793185324, -0.772219296347621, -0.37879947194723407], [0.22358030216652452, -0.5443036842615101, 0.808545204538665]]	0.47918037054473644	0.5208196294552635	[[-0.3979862071132144, 0.1570446374162656, 0.21577253838665866], [-0.24442347608775147, -0.3700323285656487, -0.1815132713298261], [0.10713529203865932, -0.2608196411132957, 0.3874389907130072]]	0.7093163633364792	0.5020170190421638	[[-0.46858857843911494, 0.12178034191212159, 0.24754507772025933], [-0.5464883123691899, -0.5983310970345747, -0.27709608520419443], [0.21367569432679884, -0.3179841664231207, 0.4239429375065934]]	[[0.1205384944555971, -0.11068813539000047, -0.0718565539916488], [-0.18467555494022414, -0.0505833140510253, -0.008407421328803646], [0.05508652748036853, 0.06809934344790086, -0.1495714065699223]]	0.6826442531135064	[[-0.6237365158058689, 0.6237365158058688, 0.0], [-0.7071067811865475, -0.7071067811865476, 0.0], [0.0, 0.0, 0.8820966400000001]]
3	[[0.8592155572171323, 0.2624339665249735, -0.4391776855101157], [-0.4266000482917053, 0.8413623931712975, -0.33184593135155627], [0.2824199444684594, 0.4724804086637203, 0.8348660002631537]]	0.5321570903908998	0.46784290960910024	[[0.4572376509472648, 0.13965609604567272, -0.23371151928567274], [-0.22701824045953117, 0.44773696311436195, -0.17659416528610244], [0.15029177591669482, 0.2514337995411887, 0.44427986156632804]]	0.7626183068239535	0.42234630347214286	[[0.4945706304179873, 0.20049568865888126, -0.29192013604215605], [-0.3553417478382304, 0.7488462099286631, -0.2509971383933962], [0.24323691760924762, 0.3254740716956023, 0.4914861075936264]]	[[-0.1606828830237418, 0.00035874145451189783, 0.0430048068764311], [-0.03000874131899334, 0.10720784622301872, 0.002074643900345496], [0.02785829774539614, -0.034848137567013694, -0.1451979879519462]]	0.6767977573364249	[[0.8284651642880001, 0.0, 0.0], [0.0, 0.7071067811865476, -0.7071067811865475], [0.0, 0.585813335644872, 0.585813335644872]]
3	[[0.3802729664721569, 0.7767473726770865, -0.5020517802076895], [0.4287143634067757, 0.332951791095048, 0.839849450446521], [0.8195098935212374, -0.5346088512602871, -0.20639019011321075]]	0.5189759845830045	0.48102401541699563	[[0.19735253718518753, 0.4031132325073529, -0.2605528169449358], [0.22249245885390745, 0.17279398360222736, 0.4358616954469786], [0.4253059538656974, -0.27744915494959654, -0.10711155212227705]]	0.6699232839284961	0.5029821109021512	[[0.12684392661066862, 0.4052497835821707, -0.2774067507700442], [0.3070360094735728, 0.18529207754512245, 0.4545550108908121], [0.6000267355260339, -0.31517394258114945, -0.07208992222406849]]	[[-0.12790978787758958, -0.11511136710449449, 0.05892942652883871], [0.019830275272790913, -0.037760079735146626, -0.10807969095786396], [0.051017976446394435, 0.04297297467238303, 0.06617567170720026]]	0.7101933704547319	[[0.0, 0.585813335644872, -0.585813335644872], [0.0, 0.7071067811865476, 0.7071067811865475], [0.8284651642880001, 0.0, 0.0]]
3	[[0.8489524140446696, -0.5135124485683378, 0.12483895166604869], [0.522794976890395, 0.7815435453534784, -0.34040431673891397], [0.0772347773085365, 0.35425224329800037, 0.9319550081910795]]	0.7116098450733809	0.2883901549266192	[[0.6041228958329999, -0.3654205139689673, 0.08883662705420019], [0.3720260525101157, 0.5561540812270898, -0.24223506309688864], [0.054961027914804735, 0.25208938397018765, 0.6631883589942155]]	0.8442193775645791	0.23434551712633067	[[0.6866493928678046, -0.41869843943128165, 0.05278830955940417], [0.4750221098756799, 0.6244140171815233, -0.26633713567186634], [0.03118110266002193, 0.2422582457597704, 0.7504178451285127]]	[[-0.030052685698933122, 0.014818720270743409, -0.05260315251192202], [0.03366845989138219, -0.035380188216404596, 0.021038784725755422], [-0.034021992965729636, -0.056808362578123286, -0.03635663180475246]]	0.4473710149825424	[[0.6641146888904055, -0.6641146888904054, 0.0], [0.7071067811865475, 0.7071067811865476, 0.0], [0.0, 0.0, 0.9392]]
3	[[-0.42203838922340475, -0.825029846081567, 0.3757783270710803], [0.2588054115689476, 0.28760896992378115, 0.9221175843470338], [-0.8688517462515349, 0.4864224845687207, 0.09214016247897017]]	0.42179375551676657	0.5782062444832334	[[-0.1780131571627868, -0.3479924371921641, 0.15850095181711876], [0.10916250649372883, 0.12131166754446036, 0.3889434389297841], [-0.3664762410387356, 0.20516996653403718, 0.03886414516592989]]	0.6176497430421269	0.6261164820783632	[[-0.1010937462522484, -0.3500013160288648, 0.30803317098525607], [0.14738159126645775, 0.08759084530838718, 0.6308038036819419], [-0.46537515367054383, 0.17496361037423344, -0.029601454305908496]]	[[0.1595781564055007, 0.15957815640550066, 0.07593378382900297], [-0.012469504687014646, -0.09005076106164704, 0.06125811465536975], [0.07127090414341997, -0.12547511222954982, -0.08651180198490427]]	0.6881762410980332	[[0.0, -0.585813335644872, 0.585813335644872], [0.0, 0.7071067811865476, 0.7071067811865475], [-0.8284651642880001, 0.0, 0.0]]
3	[[-0.5446221603179724, 0.8109226453022452, -0.2139887049042392], [-0.8354447797583356, -0.5021691245819775, 0.22328947644507607], [0.07361197229480154, 0.30038414347728, 0.9509735242804028]]	0.5602090810919657	0.4397909189080345	[[-0.3051022799740525, 0.4542862299614367, -0.11987841573846365], [-0.4680237523714969, -0.28131970383482635, 0.12508879241680215], [0.04123809535663802, 0.1682779249920042, 0.5327440041799125]]	0.7545299128515789	0.35412091007722896	[[-0.47572520969419596, 0.557754828535004, -0.09609036980510532], [-0.6770464055660916, -0.44528372632189445, 0.044985225161160255], [0.11581206441461477, 0.09353010522462098, 0.7175379703994513]]	[[-0.06479149853243767, -0.05411056435427093, 0.06537050905751252], [-0.04667832870272805, -0.0663821005143013, -0.12349336404161768], [0.06026962937418529, -0.13311871637528727, 0.0]]	0.4201351019257575	[[-0.6237365158058689, 0.6237365158058688, 0.0], [-0.7071067811865475, -0.7071067811865476, 0.0], [0.0, 0.0, 0.8820966400000001]]
3	[[0.034229894132735264, 0.2773841392786001, 0.9601491309293217], [-0.1827544195208179, -0.9427759796974285, 0.2788803941677556], [0.9825625356654255, -0.18501754344446375, 0.018422055382213542]]	0.8007655390696018	0.19923446093039834	[[0.027410119627495153, 0.22211965981878576, 0.7688543364158279], [-0.1463434412649399, -0.7549425156042835, 0.22331780917168587], [0.7868022185417192, -0.14815567291363946, 0.01475174710890829]]	0.8894603173065958	0.16942509243804932	[[0.009157304297309474, 0.22093038301484783, 0.8116902432686912], [-0.1669587409463892, -0.8249244589762231, 0.25571100463302004], [0.8424453705351487, -0.15047401729037843, 0.0]]	[[-0.021288828199364417, -0.025791801523712833, -0.04232430738935568], [-0.004405936970219789, 0.013637363074488554, 0.007657960745979653], [-0.03150501421139422, 0.01409174560902119, -0.016385687225703337]]	0.36498146651236146	[[0.0, 0.0, 0.9392], [0.0, -1.0, 0.0], [0.9392, 0.0, 0.0]]
3	[[-0.30792515101507295, 0.09349718223056193, 0.9468053539599837], [0.3027085282091916, -0.9338174967034747, 0.1906631317268273], [0.9019698710720718, 0.34531602882779927, 0.2592434992682147]]	0.6399353712082511	0.36006462879174894	[[-0.1970521958191875, 0.05983215401764015, 0.6058942356483419], [0.19371389436745237, -0.5975828463936979, 0.12201208197733489], [0.5772024242631647, 0.22097994109207686, 0.16589908493753094]]	0.8160069446105755	0.29324336456050354	[[-0.21680704755572835, 0.07052301782213356, 0.7193745933922578], [0.25077584745601034, -0.8462602284275489, 0.12038479415034274], [0.6588496495131727, 0.24585474863829854, 0.1462840297335948]]	[[0.03446201409283135, -0.005771332179525473, -0.053225150633562826], [0.0037635862444636327, -0.08425866611865031, -0.035197645419949325], [-0.07716402911114333, -0.03592552897053139, -0.06526046601441507]]	0.4777474653678526	[[0.0, 0.0, 0.9392], [0.0, -1.0, 0.0], [0.9392, 0.0, 0.0]]
3	[[0.22433838825039393, -0.7661379269479729, -0.6022499185961573], [-0.9416906372873723, -0.011392912655017143, -0.3362869982418849], [0.2507808429735371, 0.642575192824231, -0.724020780340167]]	0.4530513125288281	0.5469486874711719	[[0.10163680124744277, -0.3470997933818945, -0.2728501160903689], [-0.4266341792191526, -0.005161574031881802, -0.15235526593986565], [0.11361659006624693, 0.29111953450748274, -0.32801856483125896]]	0.6676473057345509	0.5489057204682916	[[0.28713948971696934, -0.3948394675613851, -0.29127144570775465], [-0.6766681185180837, -0.05077064835270955, -0.040677780546032605], [0.26272197927128693, 0.2616362230229463, -0.4800764143521035]]	[[0.13736056922876222, 0.11667045518648317, 0.11081908982182237], [-0.04795090169771747, -0.043164200914118295, 0.18384332778372148], [0.0952888251301654, -0.1673773731980111, 0.003314108937836048]]	0.7315189591817985	[[1.6542250729620826e-16, -0.8284651642880001, 0.0], [-1.0, -1.7938038903913487e-16, 0.0], [0.0, 0.0, -0.8284651642880001]]
3	[[0.5319609947059123, -0.8460851799387872, 0.03402011756955908], [-0.703274286200726, -0.4190807785627857, 0.5742617690636116], [-0.47161719485230363, -0.3294103357928521, -0.8179645788128509]]	0.4792392629813134	0.5207607370186866	[[0.25493659503766775, -0.4054772380532764, 0.01630377607057315], [-0.3370366505925452, -0.20083996344806437, 0.27520878696439044], [-0.22601747687033247, -0.15786636654379343, -0.39200074189509104]]	0.6827969507674425	0.5325282162139274	[[0.4216239400320142, -0.5614063789154717, 0.1012049695063029], [-0.4041026352078615, -0.22632262314472526, 0.30300414597868597], [-0.2898413756399858, -0.04607957739470593, -0.45802756203033723]]	[[0.058402594919601626, 0.016298002036255282, 0.07797613696505805], [0.07609090296314394, 0.05982445458319063, -0.08910003888026524], [0.032177406934661916, 0.17884079543593284, 0.10047615821885272]]	0.6857071422391438	[[0.6237365158058689, -0.6237365158058688, 0.0], [-0.7071067811865475, -0.7071067811865476, 0.0], [0.0, 0.0, -0.8820966400000001]]
3	[[0.04673222253661188, -0.9725397674033924, -0.22799671093185395], [-0.8377629715199755, -0.16246744520517667, 0.5213036857710898], [-0.5440306084466285, 0.16664552219444034, -0.8223502702654952]]	0.522318957538498	0.47768104246150195	[[0.02440912575878018, -0.5079759574748732, -0.11908700437613225], [-0.43757948194866797, -0.08485982661351092, 0.2722867977129323], [-0.28415750027287784, 0.08704211543105869, -0.4295291358965755]]	0.7196462412373176	0.4371416911432534	[[-0.0027075722822850457, -0.7460006839183281, -0.10216189761404389], [-0.6685277126798472, -0.12332695260568043, 0.23309024874510825], [-0.2704953235356679, 0.001076718626792293, -0.5555377559430784]]	[[-0.036338240575423536, -0.046116095852661645, 0.06191507842253606], [-0.06563473917769085, -0.006407866340345292, -0.1420639892632162], [0.12101425895099922, -0.11884910503946668, 0.036263525033977395]]	0.6621451912516475	[[1.6542250729620826e-16, -0.8284651642880001, 0.0], [-1.0, -1.7938038903913487e-16, 0.0], [0.0, 0.0, -0.8284651642880001]]
3	[[-0.3195682178843842, -0.5708200961323295, -0.7563336379995778], [0.910087742671785, 0.03735879733279218, -0.41272826520656647], [0.2638493031197415, -0.8202248094963509, 0.507557688474819]]	0.42761095819552797	0.5723890418044719	[[-0.13665087185837876, -0.2440889282644088, -0.3234165516605091], [0.3891634916858871, 0.01597503112450782, -0.17648712895935786], [0.11282485332625494, -0.35073711672447894, 0.21703722950822463]]	0.6342343503023734	0.5805655628612966	[[-0.25592208870051836, -0.2559220887005183, -0.41840835555757516], [0.6091315309197327, -0.06547400363810157, -0.05739257282940183], [0.2357110189443657, -0.377028467328328, 0.31438074147310185]]	[[-0.053240947653328596, 0.10611162410950802, 0.06128441795091751], [0.03192262272813962, -0.08916823619254305, 0.2043738703053105], [0.06836872760248247, 0.14318628182447807, -0.00752977931769936]]	0.9305854561230885	[[0.0, 0.0, -0.8284651642880001], [0.7071067811865475, 0.7071067811865476, 0.0], [0.585813335644872, -0.585813335644872, 0.0]]
3	[[0.08740825448676931, -0.06334395238859675, -0.994156597696443], [0.7119981850616444, -0.6940087028176986, 0.10681996481098455], [-0.6967197295301035, -0.717174639895393, -0.015561310176609944]]	0.6896018640846977	0.3103981359153024	[[0.06027689523046575, -0.043682107645668655, -0.685572242963568], [0.4909952756434315, -0.4785896951540878, 0.07366324685511674], [-0.4804592242285457, -0.4945649685461348, -0.0107311085053904]]	0.850639091182173	0.23934185963357507	[[0.039910151523191176, -0.030956987580853218, -0.775732208658604], [0.6356762263340174, -0.6389790191593184, 0.07143055485253005], [-0.5704154009708458, -0.5548563480640188, 0.028220738780231097]]	[[-0.03444272663525436, 0.022925854510869544, 0.06993625609865942], [0.0300227372698236, -0.04862808692195251, -0.019434682934397547], [0.022241636565330822, 0.05520043583550044, 0.04145779752646648]]	0.22026859691218093	[[0.0, 0.0, -0.8284651642880001], [0.7071067811865475, -0.7071067811865476, 0.0], [-0.585813335644872, -0.585813335644872, 0.0]]
