3	[[-0.8305561570912853, 0.32773595720904825, 0.4502950280316503], [-0.5100865793185324, -0.772219296347621, -0.37879947194723407], [0.22358030216652452, -0.5443036842615101, 0.808545204538665]]	0.47601566911781523	0.5239843308821847	[[-0.39535774485772945, 0.1560074509648328, 0.21434748906891138], [-0.24280920436232878, -0.3675884850566013, -0.1803144841004377], [0.10642772713736147, -0.2590970824670348, 0.3848801865504734]]	0.7061972481657611	0.5054154014371415	[[-0.4645425869211458, 0.11966867770657111, 0.24755202474285062], [-0.546127204652639, -0.5979471156037444, -0.27630538452387265], [0.21214102757630798, -0.3166375759601656, 0.42013910429949597]]	[[0.1219938856638495, -0.11177755339943038, -0.07044508491582502], [-0.18590546601160512, -0.052607973542554, -0.00879823982809253], [0.054249233442239024, 0.06774818803179813, -0.15085329416333165]]	0.6830495750484971	[[-0.6200230172652469, 0.6200230172652468, 0.0], [-0.7071067811865475, -0.7071067811865476, 0.0], [0.0, 0.0, 0.8768449599999998]]
3	[[0.22433838825039393, -0.7661379269479729, -0.6022499185961573], [-0.9416906372873723, -0.011392912655017143, -0.3362869982418849], [0.2507808429735371, 0.642575192824231, -0.724020780340167]]	0.4492230384304386	0.5507769615695615	[[0.10077797240642937, -0.34416680740036576, -0.27054453832625003], [-0.4230291293437295, -0.005117958839459374, -0.1510678671348711], [0.11265653226071908, 0.28865958054052604, -0.325246814831187]]	0.664537372815109	0.5516322363748102	[[0.28399083060097946, -0.3937296255912543, -0.28678363336853036], [-0.6777762544618183, -0.050449828799616195, -0.04022773680521077], [0.2590110398740585, 0.2587826299944679, -0.47833238479988743]]	[[0.13490958745148676, 0.11539765959676561, 0.11343394531347326], [-0.051987632354282075, -0.04287881255513912, 0.18324754151833061], [0.09235779733206573, -0.16823260048110864, 0.0028064824309122563]]	0.7313814098496692	[[1.6394741086298255e-16, -0.8210776205439997, 0.0], [-1.0, -1.7938038903913487e-16, 0.0], [0.0, 0.0, -0.8210776205439997]]
3	[[0.034229894132735264, 0.2773841392786001, 0.9601491309293217], [-0.1827544195208179, -0.9427759796974285, 0.2788803941677556], [0.9825625356654255, -0.18501754344446375, 0.018422055382213542]]	0.7960527071105834	0.20394729288941663	[[0.027248799888472577, 0.2208123949822687, 0.7643293149061605], [-0.14548215039597034, -0.7504993708369704, 0.2220034927373084], [0.7821715664219011, -0.14728371632191534, 0.014664927057552183]]	0.8870626465552606	0.17327495808208077	[[0.009165546296790584, 0.21971527343910136, 0.8078836506816677], [-0.16713078381523083, -0.8247713598898399, 0.25590857565491226], [0.8384484732083244, -0.14972175794640924, 0.0]]	[[-0.021198514183899952, -0.026341835261826707, -0.04382877848822978], [-0.005016164765423731, 0.011529995769289779, 0.00852419513208873], [-0.0331460500850954, 0.014400393800589668, -0.016341517202333927]]	0.36627144223191793	[[0.0, 0.0, 0.9363999999999999], [0.0, -1.0, 0.0], [0.9363999999999999, 0.0, 0.0]]
3	[[-0.42203838922340475, -0.825029846081567, 0.3757783270710803], [0.2588054115689476, 0.28760896992378115, 0.9221175843470338], [-0.8688517462515349, 0.4864224845687207, 0.09214016247897017]]	0.4193283661459918	0.5806716338540083	[[-0.17697266820393648, -0.3459584173790625, 0.15757451192379013], [0.10852445038294775, 0.12060259944707082, 0.38667006003873045], [-0.3643341831787479, 0.2039707457108756, 0.03863698378873278]]	0.6149080693033306	0.6282725562202358	[[-0.09958103905768903, -0.3473837377400781, 0.3047917332958837], [0.1486030611053212, 0.08692846821975929, 0.6293571563567217], [-0.46184800290384553, 0.17412805905399764, -0.0294267903560314]]	[[0.1599337720315624, 0.1599337720315624, 0.07372260771057026], [-0.010538474847794257, -0.0899246081903927, 0.06233961289523613], [0.07241594689451321, -0.12497705179788357, -0.08608451977127013]]	0.6902510857569102	[[0.0, -0.580589553367177, 0.5805895533671771], [0.0, 0.7071067811865476, 0.7071067811865475], [-0.8210776205439997, 0.0, 0.0]]
3	[[0.8592155572171323, 0.2624339665249735, -0.4391776855101157], [-0.4266000482917053, 0.8413623931712975, -0.33184593135155627], [0.2824199444684594, 0.4724804086637203, 0.8348660002631537]]	0.527826692604137	0.4721733073958632	[[0.4535169057999395, 0.13851965257786159, -0.23180970520834418], [-0.2251708925545759, 0.4440935292691073, -0.17515714039943142], [0.14906878521423092, 0.2493877714252225, 0.440664559686545]]	0.7598540287562585	0.4267087535198521	[[0.4903838157060405, 0.1982833320928863, -0.29105838965449804], [-0.35460050023799194, 0.7489221447046374, -0.25155506322762206], [0.2424749517973369, 0.3238370273322002, 0.4869612101890195]]	[[-0.16249458701545108, -0.001128174653599959, 0.042652544020212416], [-0.030446734875925294, 0.10960954060941956, 0.0005994046362308124], [0.027877019191859254, -0.03517911469933115, -0.14741508358256142]]	0.6795458513164966	[[0.8210776205439997, 0.0, 0.0], [0.0, 0.7071067811865476, -0.7071067811865475], [0.0, 0.580589553367177, 0.5805895533671771]]
3	[[-0.30792515101507295, 0.09349718223056193, 0.9468053539599837], [0.3027085282091916, -0.9338174967034747, 0.1906631317268273], [0.9019698710720718, 0.34531602882779927, 0.2592434992682147]]	0.6346225610893624	0.36537743891063745	[[-0.19541624796101428, 0.05933542124179805, 0.6008640385832054], [0.1921056614357087, -0.5926216513480166, 0.12099912496179764], [0.5724104296052005, 0.21914534259990615, 0.1645217734513627]]	0.8136261892762787	0.2953196981003715	[[-0.21365116999082984, 0.07013372196863847, 0.7181144895256634], [0.2514482821994642, -0.8458107802990719, 0.12079742317424098], [0.6578116321389318, 0.24476803694065047, 0.14351744802219138]]	[[0.03688479721188659, -0.0059380341176834255, -0.05223114260317653], [0.005156695931188752, -0.08603240897671008, -0.03433109412813869], [-0.07605467690345454, -0.03619012769052942, -0.06740985238205392]]	0.4784052573040214	[[0.0, 0.0, 0.9363999999999999], [0.0, -1.0, 0.0], [0.9363999999999999, 0.0, 0.0]]
3	[[0.3802729664721569, 0.7767473726770865, -0.5020517802076895], [0.4287143634067757, 0.332951791095048, 0.839849450446521], [0.8195098935212374, -0.5346088512602871, -0.20639019011321075]]	0.5168603661451386	0.4831396338548615	[[0.1965480246858971, 0.40146993144415355, -0.25949066694196515], [0.22158546284210612, 0.17208958465406632, 0.4340848944645823], [0.42357218362495036, -0.276318126606824, -0.10667490923067889]]	0.6669183146811677	0.5048256537628233	[[0.12648240482150047, 0.4065081325741903, -0.27141977484375324], [0.30620204871701645, 0.17920587171094776, 0.4568906385970696], [0.5944961824141047, -0.3083765225225138, -0.0751380601856944]]	[[-0.12712860109691865, -0.11151891614463705, 0.06340775229503894], [0.02028458799415994, -0.04284577567623778, -0.1032203414806291], [0.04795002536237795, 0.048163911573631896, 0.06250733757133389]]	0.7124623173377751	[[0.0, 0.580589553367177, -0.5805895533671771], [0.0, 0.7071067811865476, 0.7071067811865475], [0.8210776205439997, 0.0, 0.0]]
3	[[0.8489524140446696, -0.5135124485683378, 0.12483895166604869], [0.522794976890395, 0.7815435453534784, -0.34040431673891397], [0.0772347773085365, 0.35425224329800037, 0.9319550081910795]]	0.7079511919237567	0.2920488080762434	[[0.6010168734094743, -0.3635417500316415, 0.08837988463049141], [0.37011332702130806, 0.5532946844733136, -0.2409896417713061], [0.054678452653544325, 0.250793297884484, 0.6597786588681891]]	0.8416980655019194	0.23819433127677517	[[0.682637807111421, -0.4177050284831312, 0.05256081260040509], [0.47550743407700624, 0.6239604862341969, -0.26603967013987856], [0.031103455002103965, 0.2398965769270632, 0.7469564256768383]]	[[-0.031923797493161904, 0.014517406087992629, -0.05251589151619572], [0.03547191337424011, -0.033863203995337474, 0.020477984747767915], [-0.033904907647962765, -0.05827685095657904, -0.03746830185241883]]	0.4483963598088739	[[0.662134789903083, -0.6621347899030829, 0.0], [0.7071067811865475, 0.7071067811865476, 0.0], [0.0, 0.0, 0.9363999999999999]]
3	[[-0.5446221603179724, 0.8109226453022452, -0.2139887049042392], [-0.8354447797583356, -0.5021691245819775, 0.22328947644507607], [0.07361197229480154, 0.30038414347728, 0.9509735242804028]]	0.5564858969787339	0.44351410302126626	[[-0.30307455139904266, 0.4512670156513876, -0.11908169639195315], [-0.46491323764001813, -0.27945003572802724, 0.12425744458545004], [0.040964024430846305, 0.16715953952114287, 0.5292033546622078]]	0.7522053818691433	0.3568824459352051	[[-0.4746765930336304, 0.554826410001831, -0.09406789361304699], [-0.6775491075846096, -0.4483260867760672, 0.043986693456217765], [0.11316286365584412, 0.09193850756755086, 0.7153274029787854]]	[[-0.06500887295725226, -0.055153968074080205, 0.06689556187512972], [-0.04912304799590833, -0.07059176865698752, -0.12397285244051176], [0.0577915419256921, -0.1340120617842121, 0.0]]	0.42230542913739794	[[-0.6200230172652469, 0.6200230172652468, 0.0], [-0.7071067811865475, -0.7071067811865476, 0.0], [0.0, 0.0, 0.8768449599999998]]
3	[[0.8787972042104137, -0.3840163418041313, 0.28327887866788265], [-0.395223040501579, -0.9183905790867732, -0.018907472103605397], [0.2674214316928388, -0.09534250611366366, -0.9588511794847616]]	0.60668474513912	0.39331525486088015	[[0.5331528578653659, -0.23297685645669658, 0.17186097430792005], [-0.23977578959980855, -0.5571735544114276, -0.011470874894400858], [0.16224050313130853, -0.05784284402249302, -0.5817203834520572]]	0.8087800204439467	0.3437918440140124	[[0.5709634317811441, -0.2446747934451199, 0.2331804646560785], [-0.3454633773022504, -0.8479912719548063, -0.021518155543540262], [0.209055412624772, -0.07711111404378601, -0.6644956323816202]]	[[-0.1397901890062377, 0.06590995133003508, 0.004070167375730077], [-0.025814878525464515, -0.1052153206254777, -0.0062261698690429385], [-0.007229698366911632, 0.0, 0.11100404416476778]]	0.4991919327757348	[[0.6200230172652469, -0.6200230172652468, 0.0], [-0.7071067811865475, -0.7071067811865476, 0.0], [0.0, 0.0, -0.8768449599999998]]
3	[[-0.3195682178843842, -0.5708200961323295, -0.7563336379995778], [0.910087742671785, 0.03735879733279218, -0.41272826520656647], [0.2638493031197415, -0.8202248094963509, 0.507557688474819]]	0.4248232633783988	0.5751767366216013	[[-0.13576001319366326, -0.24249765604090753, -0.32130812429783717], [0.38662644480250813, 0.01587088619880898, -0.1753365685135588], [0.11208932199144489, -0.34845058027416526, 0.21562231357066935]]	0.6314857699035287	0.5825049480894775	[[-0.2542894329936795, -0.25428943299367945, -0.41467935924494703], [0.6091169369190752, -0.06483985122948563, -0.05740112179705774], [0.23412841566304968, -0.3736798551088076, 0.31248878840614147]]	[[-0.05248665088626056, 0.10617533488885085, 0.0629345704511532], [0.034409478058218625, -0.08843140012585382, 0.20323090451785863], [0.06751133534397022, 0.14428044020997058, -0.008026669270834895]]	0.9322898893456065	[[0.0, 0.0, -0.8210776205439997], [0.7071067811865475, 0.7071067811865476, 0.0], [0.5805895533671771, -0.580589553367177, 0.0]]
3	[[0.08740825448676931, -0.06334395238859675, -0.994156597696443], [0.7119981850616444, -0.6940087028176986, 0.10681996481098455], [-0.6967197295301035, -0.717174639895393, -0.015561310176609944]]	0.6813180593646649	0.3186819406353352	[[0.05955282231937844, -0.043157378713886474, -0.6773368438471186], [0.48509722171736286, -0.4728406625859431, 0.07277837112642178], [-0.47468773404452436, -0.4886240338790816, -0.0106022016506995]]	0.8466762798643503	0.24593163555417719	[[0.039504361023415695, -0.030686738530680185, -0.7688623962361792], [0.6357121424458883, -0.6390649764480592, 0.07139463874065927], [-0.565366615085483, -0.5499028148364968, 0.027933801566098777]]	[[-0.03450213471487857, 0.022945083429601425, 0.07286641350404473], [0.03288016784772595, -0.05146426975288674, -0.01904729168074596], [0.024529453621161414, 0.057311941283189664, 0.04110919377624614]]	0.22618354793108825	[[0.0, 0.0, -0.8210776205439997], [0.7071067811865475, -0.7071067811865476, 0.0], [-0.5805895533671771, -0.580589553367177, 0.0]]
3	[[0.04673222253661188, -0.9725397674033924, -0.22799671093185395], [-0.8377629715199755, -0.16246744520517667, 0.5213036857710898], [-0.5440306084466285, 0.16664552219444034, -0.8223502702654952]]	0.5200766805393554	0.4799233194606446	[[0.02430433917106755, -0.5057952539236731, -0.11857577259532959], [-0.43570098530689544, -0.08449552959801791, 0.27111789044875967], [-0.28293763295272834, 0.08666845000963201, -0.4276851988003205]]	0.7171868473490762	0.44170704869118094	[[-0.0017014690636350887, -0.7410345010875723, -0.10150118921711239], [-0.6700197212475847, -0.12238034242450194, 0.2326723530246707], [-0.2695875181612402, 0.00024304265988403292, -0.5510409248876614]]	[[-0.03521720441428331, -0.043541771381929245, 0.062015053102062616], [-0.06918713687737962, -0.005860827600942357, -0.14119979388495055], [0.12058407877199703, -0.11927293402758715, 0.03873787286071001]]	0.6649503874163938	[[-1.6394741086298255e-16, -0.8210776205439997, 0.0], [-1.0, 1.7938038903913487e-16, 0.0], [0.0, 0.0, -0.8210776205439997]]
3	[[0.5319609947059123, -0.8460851799387872, 0.03402011756955908], [-0.703274286200726, -0.4190807785627857, 0.5742617690636116], [-0.47161719485230363, -0.3294103357928521, -0.8179645788128509]]	0.4766637484179899	0.5233362515820101	[[0.25356652174868266, -0.4032981333505318, 0.016216156762326753], [-0.33522535742642434, -0.19976061479966706, 0.2737297674150072], [-0.22480281991667658, -0.15701796542664964, -0.38989406221007583]]	0.680250295344735	0.5348451980580868	[[0.41828975153351305, -0.5580977760076382, 0.10020788317155307], [-0.40439130232124576, -0.22748782337310539, 0.30271547886530165], [-0.28780561311818087, -0.045043604389141664, -0.4564202264529412]]	[[0.0564231277729372, 0.017451917532525053, 0.07706568814719789], [0.07401123857515576, 0.057592000017531085, -0.08792625914541012], [0.03301212296975427, 0.1790378738235544, 0.10000041986603236]]	0.6877116607214392	[[0.6200230172652469, -0.6200230172652468, 0.0], [-0.7071067811865475, -0.7071067811865476, 0.0], [0.0, 0.0, -0.8768449599999998]]
