3	[[-0.5446221603179724, 0.8109226453022452, -0.2139887049042392], [-0.8354447797583356, -0.5021691245819775, 0.22328947644507607], [0.07361197229480154, 0.30038414347728, 0.9509735242804028]]	0.5570164815977272	0.4429835184022727	[[-0.3033635195404703, 0.4516972787341785, -0.11919523550741365], [-0.4653565117901763, -0.27971647894166385, 0.12437591854723487], [0.04100308181111971, 0.1673189187274614, 0.5297079265872608]]	0.7525380570147747	0.35648525812683274	[[-0.47482726990576385, 0.5552440341233111, -0.09435537501804106], [-0.6774771830034483, -0.4478914747441452, 0.04412945438583249], [0.1135393194168126, 0.09216473336706586, 0.7156437682344671]]	[[-0.06497836757288782, -0.055006117761721665, 0.06667926919370312], [-0.04877319170097391, -0.06999009743841338, -0.12390437436999133], [0.058143508813057215, -0.1338857663233737, 0.0]]	0.4219939062984714	[[-0.6205528382342547, 0.6205528382342546, 0.0], [-0.7071067811865475, -0.7071067811865476, 0.0], [0.0, 0.0, 0.8775942400000002]]
3	[[0.8592155572171323, 0.2624339665249735, -0.4391776855101157], [-0.4266000482917053, 0.8413623931712975, -0.33184593135155627], [0.2824199444684594, 0.4724804086637203, 0.8348660002631537]]	0.5284433791229954	0.4715566208770046	[[0.45404677245086883, 0.13868149206710806, -0.23208054016638174], [-0.22543397105330173, 0.4446123861144507, -0.175361785311634], [0.14924294978664138, 0.24967914372367017, 0.4411794102939605]]	0.7602494713520077	0.4260856579907115	[[0.49098165497716745, 0.198598912641374, -0.2911817174675715], [-0.3547051422413175, 0.7489116582039432, -0.2514757378764937], [0.24258428625324013, 0.32407039734169096, 0.4876070955375392]]	[[-0.16223651817457832, -0.0009163716740476172, 0.04270288577109221], [-0.03038268104880755, 0.10926634358000431, 0.000809956003841635], [0.027874672771830474, -0.03513258356908297, -0.14709933981228862]]	0.67915243094048	[[0.8221302840320002, 0.0, 0.0], [0.0, 0.7071067811865476, -0.7071067811865475], [0.0, 0.5813338988578497, 0.5813338988578497]]
3	[[-0.42203838922340475, -0.825029846081567, 0.3757783270710803], [0.2588054115689476, 0.28760896992378115, 0.9221175843470338], [-0.8688517462515349, 0.4864224845687207, 0.09214016247897017]]	0.4196803615764985	0.5803196384235015	[[-0.17712122378844153, -0.346248824114915, 0.15770678417780265], [0.10861554870521042, 0.12070383649025679, 0.3869946412148105], [-0.3646400150232163, 0.20414196420273945, 0.038669416704891525]]	0.61530002276592	0.6279635898874879	[[-0.09979629804990191, -0.3477569506292005, 0.3052532125205335], [0.1484283706782122, 0.08702305781212855, 0.6295639081114266], [-0.4623507805525567, 0.17424760350566268, -0.029451815436769457]]	[[0.15988393244735122, 0.15988393244735122, 0.07403679931875849], [-0.010814604952104567, -0.0899427479296568, 0.06218493746984141], [0.07225371869622216, -0.12504816232332655, -0.08614565950773537]]	0.68995281328596	[[0.0, -0.5813338988578497, 0.5813338988578497], [0.0, 0.7071067811865476, 0.7071067811865475], [-0.8221302840320002, 0.0, 0.0]]
3	[[0.8787972042104137, -0.3840163418041313, 0.28327887866788265], [-0.395223040501579, -0.9183905790867732, -0.018907472103605397], [0.2674214316928388, -0.09534250611366366, -0.9588511794847616]]	0.607353104818137	0.3926468951818629	[[0.5337402104826932, -0.2332335174956421, 0.17205030648833883], [-0.24003994074429832, -0.5577873696440787, -0.011483511886387056], [0.16241923683355697, -0.05790656710927583, -0.5823612409186028]]	0.809084758065636	0.34337698369669584	[[0.5713097403008787, -0.2448800403623286, 0.23333429329803515], [-0.3454626045349093, -0.8480104679517697, -0.021472585074668732], [0.20918731954994527, -0.07714016849234498, -0.664936843928241]]	[[-0.13971168305646128, 0.06582172863951757, 0.004137670285926696], [-0.025693666428724126, -0.10495464846158839, -0.0061748375820904], [-0.00717928481282118, 0.0, 0.11085503064613705]]	0.49894726462593353	[[0.6205528382342547, -0.6205528382342546, 0.0], [-0.7071067811865475, -0.7071067811865476, 0.0], [0.0, 0.0, -0.8775942400000002]]
3	[[-0.30792515101507295, 0.09349718223056193, 0.9468053539599837], [0.3027085282091916, -0.9338174967034747, 0.1906631317268273], [0.9019698710720718, 0.34531602882779927, 0.2592434992682147]]	0.635382459527792	0.3646175404722082	[[-0.1956502398024238, 0.05940646960457263, 0.6015835144931763], [0.19233568917359414, -0.5933312578055392, 0.12114400957786295], [0.5730958351017384, 0.21940774771097707, 0.16471877218162959]]	0.8139662452140624	0.2950215353983382	[[-0.21410150016871893, 0.07018909871685067, 0.7182948054256778], [0.2513517569343843, -0.845875371671481, 0.120738011072039], [0.6579602348159412, 0.24492291398209726, 0.1439124014518683]]	[[0.036539178809993064, -0.005914451641454786, -0.05237279348570131], [0.004957232833673516, -0.08577945016455854, -0.0344553423604008], [-0.07621279443680504, -0.036152677415097395, -0.06710305624363497]]	0.47831062613718517	[[0.0, 0.0, 0.9368000000000001], [0.0, -1.0, 0.0], [0.9368000000000001, 0.0, 0.0]]
3	[[-0.8305561570912853, 0.32773595720904825, 0.4502950280316503], [-0.5100865793185324, -0.772219296347621, -0.37879947194723407], [0.22358030216652452, -0.5443036842615101, 0.808545204538665]]	0.47646682288581355	0.5235331771141863	[[-0.3957324533975354, 0.15615531027683618, 0.21455064136751878], [-0.2430393318445937, -0.3679368747018694, -0.18048538090952246], [0.10652859623313408, -0.2593426471251247, 0.38524496476609793]]	0.7066428087060951	0.5049300992852982	[[-0.465118959308133, 0.11996910200622071, 0.2475523387558655], [-0.5461786099754302, -0.5980022073813476, -0.2764182488789294], [0.2123596234453149, -0.3168298860494267, 0.42068100521479834]]	[[0.12178757632699345, -0.11162315530996167, -0.07064540459880973], [-0.18572959688249807, -0.05231899487322028, -0.00874232608575025], [0.05436821075100454, 0.06779839818620238, -0.15067164908624794]]	0.6829897611483002	[[-0.6205528382342547, 0.6205528382342546, 0.0], [-0.7071067811865475, -0.7071067811865476, 0.0], [0.0, 0.0, 0.8775942400000002]]
3	[[0.5319609947059123, -0.8460851799387872, 0.03402011756955908], [-0.703274286200726, -0.4190807785627857, 0.5742617690636116], [-0.47161719485230363, -0.3294103357928521, -0.8179645788128509]]	0.47703183900897195	0.5229681609910282	[[0.25376233158560335, -0.4036095693444366, 0.01622867924750819], [-0.33548422607405437, -0.19991487449111736, 0.27394114776896017], [-0.22497641776864702, -0.1571392182718272, -0.3901951472752934]]	0.6806145229639816	0.5345138678926717	[[0.41876493283901006, -0.5585698391574975, 0.10034987534549736], [-0.4043501084256484, -0.22732124270688991, 0.30275667276089907], [-0.28809582722136184, -0.045190916309728435, -0.45665029853800093]]	[[0.056704554191800434, 0.01728802197343476, 0.07719528925471333], [0.07430858438969344, 0.0579112214779946, -0.08809422724678317], [0.032893684874650005, 0.17901054224532864, 0.1000682730721418]]	0.6874250234001507	[[0.6205528382342547, -0.6205528382342546, 0.0], [-0.7071067811865475, -0.7071067811865476, 0.0], [0.0, 0.0, -0.8775942400000002]]
3	[[0.3802729664721569, 0.7767473726770865, -0.5020517802076895], [0.4287143634067757, 0.332951791095048, 0.839849450446521], [0.8195098935212374, -0.5346088512602871, -0.20639019011321075]]	0.5171659335592372	0.482834066440763	[[0.1966642237129136, 0.40170728013023016, -0.2596440776061867], [0.22171646398151929, 0.17219132387189068, 0.43434152508938745], [0.4238225991439419, -0.2764814856510578, -0.1067379753473671]]	0.667347119641198	0.504554288551887	[[0.12653633673570164, 0.40633386229888935, -0.2722679354532305], [0.30632110141590246, 0.1800729724524822, 0.45655875069051766], [0.5952816194955102, -0.30933952933587705, -0.07470642713816499]]	[[-0.12723773211690617, -0.11202625954603249, 0.06277487397910687], [0.020219805847580815, -0.04212144631417594, -0.10391236099721124], [0.048384052536647466, 0.047430147687365275, 0.06302747175608546]]	0.7121367954041987	[[0.0, 0.5813338988578497, -0.5813338988578497], [0.0, 0.7071067811865476, 0.7071067811865475], [0.8221302840320002, 0.0, 0.0]]
3	[[0.034229894132735264, 0.2773841392786001, 0.9601491309293217], [-0.1827544195208179, -0.9427759796974285, 0.2788803941677556], [0.9825625356654255, -0.18501754344446375, 0.018422055382213542]]	0.7967228956367839	0.203277104363216	[[0.0272717403707734, 0.22099829464976328, 0.7649727958371508], [-0.14560463031104565, -0.7511312084813413, 0.22219039517766193], [0.7828300685595787, -0.1474077129566776, 0.014677273307698375]]	0.8874060138792181	0.17272473612683797	[[0.009164382607916853, 0.21988863153951535, 0.8084271324175589], [-0.16710612320423257, -0.8247933236608194, 0.2558802110321305], [0.8390190919334476, -0.1498291195436638, 0.0]]	[[-0.02121143129992139, -0.026263721811025032, -0.04361498059002576], [-0.004928752258453193, 0.011831750463550294, 0.008400072094657353], [-0.032912811228464664, 0.014356561182112865, -0.016347842734192323]]	0.3660868027211093	[[0.0, 0.0, 0.9368000000000001], [0.0, -1.0, 0.0], [0.9368000000000001, 0.0, 0.0]]
3	[[0.08740825448676931, -0.06334395238859675, -0.994156597696443], [0.7119981850616444, -0.6940087028176986, 0.10681996481098455], [-0.6967197295301035, -0.717174639895393, -0.015561310176609944]]	0.6824933988128183	0.31750660118718177	[[0.05965555668897096, -0.04323182935993074, -0.678505315314033], [0.48593406127127975, -0.47365635839172654, 0.07290392084491448], [-0.4755066162269479, -0.48946695752456576, -0.010620491472415013]]	0.8472423293855201	0.2449920485689526	[[0.03956216195231702, -0.030725266003884876, -0.7698413001933531], [0.6357069797938963, -0.6390526697197209, 0.07139980139265112], [-0.5660860477492959, -0.5506086328539648, 0.02797467299488379]]	[[-0.034493811186575754, 0.022942411770315307, 0.07245025141296497], [0.03247197896400601, -0.05105911973063093, -0.019102594418686752], [0.02420439882663859, 0.05701207962722956, 0.0411588736772054]]	0.22533679607251034	[[0.0, 0.0, -0.8221302840320002], [0.7071067811865475, -0.7071067811865476, 0.0], [-0.5813338988578497, -0.5813338988578497, 0.0]]
3	[[0.04673222253661188, -0.9725397674033924, -0.22799671093185395], [-0.8377629715199755, -0.16246744520517667, 0.5213036857710898], [-0.5440306084466285, 0.16664552219444034, -0.8223502702654952]]	0.5203961350869339	0.479603864913066	[[0.024319267992075323, -0.5061059361750712, -0.11864860718146969], [-0.4359686124979404, -0.08454743056222215, 0.2712844232818486], [-0.2831114260046186, 0.08672168567953062, -0.42794790233385926]]	0.7175379398513628	0.44105564419241566	[[-0.0018454418768511862, -0.7417428269214837, -0.10159529605325394], [-0.6698061644738381, -0.12251469208679548, 0.23273185298353788], [-0.2697171239157123, 0.0003614870964828223, -0.5516825495332659]]	[[-0.03537758456044699, -0.04390864579533017, 0.06200099420167526], [-0.06867944780563887, -0.005938136161358978, -0.14132331974157208], [0.120645478085165, -0.11921299758437048, 0.038384969229248916]]	0.6645487971093401	[[1.6415759982569394e-16, -0.8221302840320002, 0.0], [-1.0, -1.7938038903913487e-16, 0.0], [0.0, 0.0, -0.8221302840320002]]
3	[[-0.3195682178843842, -0.5708200961323295, -0.7563336379995778], [0.910087742671785, 0.03735879733279218, -0.41272826520656647], [0.2638493031197415, -0.8202248094963509, 0.507557688474819]]	0.42522071121214905	0.5747792887878509	[[-0.13588702488959686, -0.24272452725157642, -0.32160872746385255], [0.3869881572043558, 0.015885734371880428, -0.17550060646849266], [0.11219418832540637, -0.3487765768478878, 0.2158240412744569]]	0.631878892056547	0.5822257816589747	[[-0.25452241363921346, -0.2545224136392134, -0.4152105088132171], [0.6091189241024519, -0.06493071410799806, -0.05739995773198656], [0.23435422602409808, -0.374156951177977, 0.31275880574288756]]	[[-0.05259400218594357, 0.10616675626849462, 0.06270075239105356], [0.03405368958876068, -0.08853694957520788, 0.2033943212071593], [0.06763342069890381, 0.1441257926838695, -0.007956184105363083]]	0.9320454952717088	[[0.0, 0.0, -0.8221302840320002], [0.7071067811865475, 0.7071067811865476, 0.0], [0.5813338988578497, -0.5813338988578497, 0.0]]
3	[[0.8489524140446696, -0.5135124485683378, 0.12483895166604869], [0.522794976890395, 0.7815435453534784, -0.34040431673891397], [0.0772347773085365, 0.35425224329800037, 0.9319550081910795]]	0.7084706014019658	0.29152939859803423	[[0.6014578273398778, -0.36380847326460636, 0.08844472716523648], [0.37038487168746503, 0.5537006255984034, -0.24116645099984363], [0.05471856912892577, 0.25097729985732986, 0.660262725132708]]	0.8420584973064956	0.23764366859260888	[[0.6832099476107706, -0.41784717407795174, 0.05259276811840832], [0.4754378111383968, 0.6240262929630178, -0.2660820350389149], [0.031114282402829554, 0.24023258475793455, 0.7474506748170076]]	[[-0.03165764644440584, 0.014560346711681963, -0.052528931926822876], [0.03521385849868656, -0.03407909041692316, 0.02055831239089929], [-0.033921918117398524, -0.05806852690103473, -0.037309958937635626]]	0.4482494336827588	[[0.6624176326155579, -0.6624176326155577, 0.0], [0.7071067811865475, 0.7071067811865476, 0.0], [0.0, 0.0, 0.9368000000000001]]
3	[[0.22433838825039393, -0.7661379269479729, -0.6022499185961573], [-0.9416906372873723, -0.011392912655017143, -0.3362869982418849], [0.2507808429735371, 0.642575192824231, -0.724020780340167]]	0.44976874974818937	0.5502312502518106	[[0.10090039640390355, -0.3445848975380594, -0.2708731929229426], [-0.4235430205823172, -0.005124176080837399, -0.15125138275582412], [0.11279338620500479, 0.28901024109575607, -0.3256419211653054]]	0.6649823643894613	0.5512387867346006	[[0.28443944348352096, -0.39388917912265264, -0.2874222661114494], [-0.6776175552241923, -0.05049517081359873, -0.04029207682380347], [0.2595393045173519, 0.25918940603370616, -0.47858251772398974]]	[[0.13525837164145307, 0.11557903098765068, 0.11306330870998381], [-0.051409888717416856, -0.04291908481898284, 0.1833328463805198], [0.09277446661322697, -0.16811176498856506, 0.0028785326537174166]]	0.731396899690123	[[1.6415759982569394e-16, -0.8221302840320002, 0.0], [-1.0, -1.7938038903913487e-16, 0.0], [0.0, 0.0, -0.8221302840320002]]
