3	[[0.8592155572171323, 0.2624339665249735, -0.4391776855101157], [-0.4266000482917053, 0.8413623931712975, -0.33184593135155627], [0.2824199444684594, 0.4724804086637203, 0.8348660002631537]]	0.6222465034256377	0.37775349657436247	[[0.5346438761672714, 0.16329861805028564, -0.27327677919123383], [-0.26545038841072177, 0.5235348072646665, -0.20648997045953005], [0.17573482294316156, 0.2939992822281163, 0.5194924494926949]]	0.8162177475548603	0.33225129481811716	[[0.5973966103232261, 0.2203871781688715, -0.2958778818769905], [-0.325532769632464, 0.7523846648067305, -0.27226353084268723], [0.25386346854413, 0.3680176925309745, 0.5782604623871875]]	[[-0.10391037645263587, 0.006183917129969976, 0.06258673936643298], [0.022665760890986285, 0.06564974737508729, -0.0014049922196751842], [0.0233472976055153, -0.017629202392327275, -0.10317198385773914]]	0.6276122904867397	[[0.9791466570000004, 0.0, 0.0], [0.0, 0.7071067811865476, -0.7071067811865475], [0.0, 0.6923612409408387, 0.6923612409408388]]
3	[[0.034229894132735264, 0.2773841392786001, 0.9601491309293217], [-0.1827544195208179, -0.9427759796974285, 0.2788803941677556], [0.9825625356654255, -0.18501754344446375, 0.018422055382213542]]	0.8678884282058152	0.13211157179418478	[[0.029707729016511066, 0.2407384846477272, 0.8333023200854285], [-0.1586104459055888, -0.8182243631697991, 0.24203706695167165], [0.8527546546925866, -0.16057458497051674, 0.01598828868998979]]	0.9327661782109201	0.12266142607338223	[[0.011734705019782063, 0.24345834292148474, 0.8860128052203998], [-0.1633465893365437, -0.8279781179006303, 0.2519509714527005], [0.9201743744896771, -0.16584569304928906, 0.0]]	[[-0.0201937825109738, -0.01527620056974073, -0.009581830149079849], [0.007120552111044785, 0.051411429590796184, -0.00817922799311186], [0.0036732732438072273, 0.006732413851376242, -0.017183470193657235]]	0.3413199253375732	[[0.0, 0.0, 0.9930000000000001], [0.0, -1.0, 0.0], [0.9930000000000001, 0.0, 0.0]]
3	[[-0.8305561570912853, 0.32773595720904825, 0.4502950280316503], [-0.5100865793185324, -0.772219296347621, -0.37879947194723407], [0.22358030216652452, -0.5443036842615101, 0.808545204538665]]	0.5430746885362465	0.45692531146375326	[[-0.45105402632421165, 0.1779851028834325, 0.244543832097709], [-0.2770151101899314, -0.41937275384566375, -0.20571640524543883], [0.12142080296192526, -0.29559755379945113, 0.4391004351223113]]	0.7673787042949569	0.4302717286106384	[[-0.5511595169109278, 0.1580363060129025, 0.253456918530327], [-0.5521725669260681, -0.6028388202914247, -0.29447630137300085], [0.238187740753635, -0.3452347973704851, 0.49718782937135664]]	[[0.08619159076198125, -0.09346128818104442, -0.09208989663106217], [-0.16074298861036568, -0.010254177228623994, -0.0037936534025184597], [0.06661697817121237, 0.07245225860108377, -0.123272542051425]]	0.6811837823537754	[[-0.6923612409408388, 0.6923612409408387, 0.0], [-0.7071067811865475, -0.7071067811865476, 0.0], [0.0, 0.0, 0.9791466570000004]]
3	[[0.8787972042104137, -0.3840163418041313, 0.28327887866788265], [-0.395223040501579, -0.9183905790867732, -0.018907472103605397], [0.2674214316928388, -0.09534250611366366, -0.9588511794847616]]	0.7107500999420264	0.28924990005797363	[[0.6246052007213251, -0.2729396533166577, 0.20134049132466278], [-0.2809048155358889, -0.6527461958717395, -0.013438487687288609], [0.19006980930232498, -0.0677646957490097, -0.6815035716483243]]	0.8503090744858772	0.2786726493146122	[[0.6280327364720844, -0.27469117967979595, 0.2476397627010102], [-0.34471803699014847, -0.8505537216265231, -0.01607719510528425], [0.22062570852090024, -0.08107059813267344, -0.7352470614835782]]	[[-0.11921650090084916, 0.05184140050712722, 0.006765161559525753], [-0.008656299205756425, -0.06963787830670008, 0.0], [-0.006765161559525753, 0.0, 0.0800727975138014]]	0.470800519738912	[[0.6972419344822142, -0.697241934482214, 0.0], [-0.7071067811865475, -0.7071067811865476, 0.0], [0.0, 0.0, -0.9860490000000002]]
3	[[-0.42203838922340475, -0.825029846081567, 0.3757783270710803], [0.2588054115689476, 0.28760896992378115, 0.9221175843470338], [-0.8688517462515349, 0.4864224845687207, 0.09214016247897017]]	0.4695467578117436	0.5304532421882564	[[-0.19816675733194042, -0.3873900893255217, 0.1764454951321467], [0.12152124190633326, 0.13504585934528668, 0.4329773220513468], [-0.4079665204714801, 0.22839810055597576, 0.04326411455624771]]	0.6693826114123842	0.5882468382578824	[[-0.13289658574351781, -0.40265205951211563, 0.3755044753290496], [0.1245505064893399, 0.10039327426789757, 0.658293428176799], [-0.5367433739155901, 0.19038069055932974, -0.03269262956390232]]	[[0.14960857335112113, 0.1496085733511211, 0.12396499744203282], [-0.04868933575433909, -0.09212716908530896, 0.041043951537302045], [0.04485087692047263, -0.1352220624109807, -0.09436965214003676]]	0.6559676095771149	[[0.0, -0.6923612409408387, 0.6923612409408388], [0.0, 0.7071067811865476, 0.7071067811865475], [-0.9791466570000004, 0.0, 0.0]]
3	[[-0.5446221603179724, 0.8109226453022452, -0.2139887049042392], [-0.8354447797583356, -0.5021691245819775, 0.22328947644507607], [0.07361197229480154, 0.30038414347728, 0.9509735242804028]]	0.636195020056403	0.36380497994359706	[[-0.346485906206654, 0.5159049485922533, -0.13613854840839618], [-0.5315058084143717, -0.3194774962851374, 0.1420556529453589], [0.04683157019048265, 0.19110289618415358, 0.6050046203526792]]	0.7948716195431212	0.30527048789311434	[[-0.4665451481522296, 0.599631292761677, -0.12547491261717664], [-0.6652546021210273, -0.42689870109471184, 0.0476734751822301], [0.09219327077794766, 0.16841075186977927, 0.7462012967334424]]	[[-0.033640449541209476, -0.044948103633910594, 0.04461863581399106], [-0.001183256995672937, -0.027738715753683967, -0.12981299258660317], [0.03368120314221539, -0.07035607874107953, -0.009700568653951152]]	0.38407681952576345	[[-0.6972419344822142, 0.697241934482214, 0.0], [-0.7071067811865475, -0.7071067811865476, 0.0], [0.0, 0.0, 0.9860490000000002]]
3	[[0.08740825448676931, -0.06334395238859675, -0.994156597696443], [0.7119981850616444, -0.6940087028176986, 0.10681996481098455], [-0.6967197295301035, -0.717174639895393, -0.015561310176609944]]	0.8330206227313299	0.16697937726867015	[[0.07281287858442713, -0.05276681866501257, -0.8281529481055511], [0.5931091715036276, -0.5781235618021618, 0.08898323360698511], [-0.5803819029623706, -0.5974212651327776, -0.012962892293834998]]	0.9224194581885753	0.11867519900770636	[[0.06671728192538834, -0.02705308417461822, -0.90142759672572], [0.6314438625730464, -0.6361748026637823, 0.06525150909867881], [-0.6565349856653321, -0.6551138599451243, 0.022216823980051266]]	[[-0.013909792819506517, 0.03137661006719409, 0.015601793476030471], [-0.025317117522764648, 0.003992328967475117, -0.03328130496599224], [-0.0138671502428834, 0.006421982813770547, 0.03657087928186417]]	0.11912551331099898	[[0.0, 0.0, -0.9791466570000004], [0.7071067811865475, -0.7071067811865476, 0.0], [-0.6923612409408388, -0.6923612409408387, 0.0]]
3	[[-0.30792515101507295, 0.09349718223056193, 0.9468053539599837], [0.3027085282091916, -0.9338174967034747, 0.1906631317268273], [0.9019698710720718, 0.34531602882779927, 0.2592434992682147]]	0.7384833519019132	0.261516648098087	[[-0.22739759765651385, 0.06904611252700936, 0.699199991391046], [0.22354520856121865, -0.6896086750302357, 0.14080154860174338], [0.66608973370384, 0.2550101384342109, 0.19144700829837236]]	0.8609884732338886	0.24753475023272545	[[-0.2651547859579342, 0.08294707363737744, 0.75829885711662], [0.24310572486818594, -0.8496782125310485, 0.11980317315952285], [0.6936060051155013, 0.2734872371868355, 0.18220771232055677]]	[[-3.478031515198079e-05, 0.0024470774570152557, -0.05688963903905761], [-0.017522828669523427, -0.04567211176523191, -0.04435558552794998], [-0.08297965708180928, -0.02382588325680087, -0.040997952310194125]]	0.46730453677480666	[[0.0, 0.0, 0.9930000000000001], [0.0, -1.0, 0.0], [0.9930000000000001, 0.0, 0.0]]
3	[[0.8489524140446696, -0.5135124485683378, 0.12483895166604869], [0.522794976890395, 0.7815435453534784, -0.34040431673891397], [0.0772347773085365, 0.35425224329800037, 0.9319550081910795]]	0.7678179170127303	0.23218208298726978	[[0.651840874194707, -0.3942840586198479, 0.09585358383027842], [0.40141135018070156, 0.600083137048052, -0.2613685334206146], [0.05930224583398258, 0.27200121954615764, 0.7155717531388566]]	0.890679017960654	0.19368975692712043	[[0.7690427822293193, -0.44310377208396895, 0.0577434431814606], [0.46552369677135014, 0.6253342035341389, -0.2754543951090321], [0.039236565799958004, 0.2882171275084686, 0.817880482546876]]	[[0.01289867979268653, 0.014270991317448908, -0.05344799169169319], [-0.0001188198401497094, -0.07077023393478502, 0.027736587433551157], [-0.02955482980561911, -0.027307912662552936, -0.012192288932267877]]	0.42915317657714663	[[0.7021570337182418, -0.7021570337182417, 0.0], [0.7071067811865475, 0.7071067811865476, 0.0], [0.0, 0.0, 0.9930000000000001]]
3	[[0.04673222253661188, -0.9725397674033924, -0.22799671093185395], [-0.8377629715199755, -0.16246744520517667, 0.5213036857710898], [-0.5440306084466285, 0.16664552219444034, -0.8223502702654952]]	0.5687276391865972	0.43127236081340264	[[0.02657790659718994, -0.5531102459304137, -0.12966803115058237], [-0.4764589569905041, -0.09239972655621796, 0.2964798145078636], [-0.3094052435870991, 0.09477591441866175, -0.46769332779255524]]	0.7591452886483461	0.3846237722613329	[[-0.008785907114978167, -0.8193204747819636, -0.10334325305837593], [-0.6614535327847638, -0.11360109103733729, 0.22386356448415867], [-0.3085971166443837, 0.044587738211027, -0.6242833332907448]]	[[-0.04426245368171301, -0.08102149233451986, 0.06973937587285986], [-0.025469719951335863, 0.00973530454890582, -0.17188167252398207], [0.10440115663836745, -0.08192042483722578, 0.0]]	0.6119206825543982	[[1.9550960256831473e-16, -0.9791466570000004, 0.0], [-1.0, -1.7938038903913487e-16, 0.0], [0.0, 0.0, -0.9791466570000004]]
3	[[0.3802729664721569, 0.7767473726770865, -0.5020517802076895], [0.4287143634067757, 0.332951791095048, 0.839849450446521], [0.8195098935212374, -0.5346088512602871, -0.20639019011321075]]	0.5580892548202526	0.4419107451797476	[[0.212226256486733, 0.43349436240094424, -0.28018970389729075], [0.23926087960442646, 0.1858168169833037, 0.46871095396089757], [0.457359665793092, -0.29835945542016495, -0.11518414740249208]]	0.7234795212950013	0.43843299324135143	[[0.23047935609521544, 0.4890939438336846, -0.31992959767648244], [0.3337981931931101, 0.22155951117212463, 0.48930316139148894], [0.6139960791255679, -0.3175522516490895, -0.051963440347577175]]	[[-0.044640347649490694, -0.07286687351788382, 0.04329458393347993], [0.023632130783284837, -0.019324291263633886, -0.11831071697743002], [0.02109745366430564, 0.06922630414077352, 0.09735563559551287]]	0.6723832184599351	[[0.0, 0.6923612409408387, -0.6923612409408388], [0.0, 0.7071067811865476, 0.7071067811865475], [0.9791466570000004, 0.0, 0.0]]
3	[[0.5319609947059123, -0.8460851799387872, 0.03402011756955908], [-0.703274286200726, -0.4190807785627857, 0.5742617690636116], [-0.47161719485230363, -0.3294103357928521, -0.8179645788128509]]	0.5280252894574038	0.4719747105425963	[[0.28088885820963766, -0.44675437204279767, 0.017963482427041336], [-0.3713466085390874, -0.22128524940664893, 0.30322473683413426], [-0.24902580582497646, -0.17393698790728135, -0.43190598349355896]]	0.7289291846957533	0.47606196733463557	[[0.5167029845149391, -0.6274829874443142, 0.11171680515693812], [-0.4267391503737763, -0.2433748327229724, 0.28036763081277116], [-0.2923140895503191, -0.0678237534839328, -0.5272571079678838]]	[[0.12894109035401646, -0.010746807048374224, 0.08691854859370574], [0.08589800168400674, 0.062105377516460544, -0.1382285323127082], [0.05146144778186868, 0.17229305401590522, 0.06898114557617277]]	0.6481551908290603	[[0.6972419344822142, -0.697241934482214, 0.0], [-0.7071067811865475, -0.7071067811865476, 0.0], [0.0, 0.0, -0.9860490000000002]]
3	[[0.22433838825039393, -0.7661379269479729, -0.6022499185961573], [-0.9416906372873723, -0.011392912655017143, -0.3362869982418849], [0.2507808429735371, 0.642575192824231, -0.724020780340167]]	0.5252647994491577	0.4747352005508423	[[0.11783705851309045, -0.40242528454872045, -0.3163406827096821], [-0.4946369437379012, -0.005984295980879364, -0.17663972268888295], [0.1317263491901857, 0.33752212978982354, -0.3803026299824005]]	0.72172402550596	0.5041312680324679	[[0.27074184716455396, -0.4063899997113017, -0.4100802079061898], [-0.6824062659068514, 0.03134400369669116, -0.038238437919764626], [0.33716339301536097, 0.35388634682866316, -0.4810939060507641]]	[[0.10883144252096068, 0.14655014901838043, 0.02457802770366557], [-0.0027655083825360843, 0.039566542480307915, 0.20446796817668425], [0.1561688335047217, -0.10987560802670934, 0.04144928608630771]]	0.749110235447455	[[1.9550960256831473e-16, -0.9791466570000004, 0.0], [-1.0, -1.7938038903913487e-16, 0.0], [0.0, 0.0, -0.9791466570000004]]
3	[[-0.3195682178843842, -0.5708200961323295, -0.7563336379995778], [0.910087742671785, 0.03735879733279218, -0.41272826520656647], [0.2638493031197415, -0.8202248094963509, 0.507557688474819]]	0.4838781893887296	0.5161218106112703	[[-0.15463209065607886, -0.2762073945832121, -0.3659733513290266], [0.44037160910889944, 0.018077107211132, -0.1997102056777048], [0.12767092306505856, -0.39688889571081004, 0.24559609530952428]]	0.6809541923477771	0.5459606203611742	[[-0.25286256923074, -0.2781296405468908, -0.49249853314829983], [0.5840136417853233, -0.024693587125168795, -0.07650277098464038], [0.3021920932982053, -0.4761240384287761, 0.3079613136779218]]	[[-0.0352512515212607, 0.1105726969907801, 0.02253002846115865], [-0.035714421991353634, -0.050133216790004625, 0.20454627150819626], [0.1225228041907779, 0.08241148426542072, -0.037662222147353264]]	0.9015318179192638	[[0.0, 0.0, -0.9791466570000004], [0.7071067811865475, 0.7071067811865476, 0.0], [0.6923612409408388, -0.6923612409408387, 0.0]]
