3	[[0.8787972042104137, -0.3840163418041313, 0.28327887866788265], [-0.395223040501579, -0.9183905790867732, -0.018907472103605397], [0.2674214316928388, -0.09534250611366366, -0.9588511794847616]]	0.7051112953405362	0.2948887046594638	[[0.6196498350024466, -0.2707742602014451, 0.19974313708012528], [-0.27867623003649356, -0.6475675708484199, -0.01333187214658825], [0.18856187210275827, -0.06722707798681837, -0.6760967972053012]]	0.8483094195959286	0.28205325325538677	[[0.6250288417647198, -0.27314467301869316, 0.24707583939819164], [-0.3450274658048732, -0.850441212774817, -0.01603938668623571], [0.22008842125520978, -0.0808799460241033, -0.7316549173948212]]	[[-0.12046310448154121, 0.05262000701252126, 0.00676769825165454], [-0.009756037706040497, -0.07136183366734751, 0.0], [-0.00676769825165454, 0.0, 0.0817475701527684]]	0.47186096972462344	[[0.6933153988105564, -0.6933153988105563, 0.0], [-0.7071067811865475, -0.7071067811865476, 0.0], [0.0, 0.0, -0.9804960399999999]]
3	[[0.3802729664721569, 0.7767473726770865, -0.5020517802076895], [0.4287143634067757, 0.332951791095048, 0.839849450446521], [0.8195098935212374, -0.5346088512602871, -0.20639019011321075]]	0.5560653649637615	0.44393463503623887	[[0.2114566258871922, 0.43192231127232694, -0.279173606391895], [0.23839320895299532, 0.18514295923060597, 0.4670111911771593], [0.45570106803230004, -0.2972774659889088, -0.11476643639024267]]	0.7208191893864885	0.43989094502214565	[[0.2278416278955993, 0.48617988484831154, -0.3175123541637488], [0.3343967539122485, 0.22037790581905525, 0.48886800848375367], [0.6095574935246579, -0.31410846552100213, -0.053436739899188804]]	[[-0.04626642354245611, -0.07371452668287044, 0.044376203075601306], [0.02537121400303204, -0.01962013434285661, -0.11651159159379522], [0.018839036382472, 0.07124785328327977, 0.09533326963553898]]	0.6740061138083671	[[0.0, 0.6865209079022128, -0.6865209079022129], [0.0, 0.7071067811865476, 0.7071067811865475], [0.9708871788079999, 0.0, 0.0]]
3	[[-0.30792515101507295, 0.09349718223056193, 0.9468053539599837], [0.3027085282091916, -0.9338174967034747, 0.1906631317268273], [0.9019698710720718, 0.34531602882779927, 0.2592434992682147]]	0.733543979277585	0.2664560207224152	[[-0.22587664059524787, 0.06858429510464792, 0.6945233669451288], [0.22205001834383148, -0.6849962024508998, 0.13985979234842327], [0.6616345684146978, 0.2533044938946772, 0.19016650805505192]]	0.8587332011811195	0.25071108681240717	[[-0.26403582643806406, 0.0822052022217462, 0.7547703681326786], [0.24307577603058406, -0.8497160677152844, 0.11974173149793624], [0.690436353979645, 0.2715717613697727, 0.1818306242163179]]	[[0.0003897242172891767, 0.0019160676234812758, -0.058282824368801195], [-0.016870087423320294, -0.047815979452170095, -0.04398702995705962], [-0.08411512077499696, -0.02496257748467514, -0.04079037579567132]]	0.4677403243586453	[[0.0, 0.0, 0.9902], [0.0, -1.0, 0.0], [0.9902, 0.0, 0.0]]
3	[[0.034229894132735264, 0.2773841392786001, 0.9601491309293217], [-0.1827544195208179, -0.9427759796974285, 0.2788803941677556], [0.9825625356654255, -0.18501754344446375, 0.018422055382213542]]	0.8674443113365065	0.13255568866349365	[[0.029692526943092067, 0.24061529367219484, 0.8328759016593306], [-0.15852928158493884, -0.8178056604532361, 0.24191321146410222], [0.8523182820953465, -0.16049241555835503, 0.015980107144427207]]	0.9306517427166331	0.12304784183827333	[[0.011179027742414568, 0.24236304714896426, 0.8821241907934431], [-0.16360605587374294, -0.8278228685192203, 0.2520663100776511], [0.9161139741560729, -0.16493495607783304, 0.0]]	[[-0.02067708288522136, -0.01578498547261827, -0.011440271173790905], [0.00647466314247292, 0.04957323997757284, -0.007474214764072161], [0.001690438010970833, 0.007251943161907493, -0.01714451794587936]]	0.3424991210856688	[[0.0, 0.0, 0.9902], [0.0, -1.0, 0.0], [0.9902, 0.0, 0.0]]
3	[[0.22433838825039393, -0.7661379269479729, -0.6022499185961573], [-0.9416906372873723, -0.011392912655017143, -0.3362869982418849], [0.2507808429735371, 0.642575192824231, -0.724020780340167]]	0.5220601707204123	0.4779398292795878	[[0.11711813726914282, -0.3999700969378416, -0.3144106953186643], [-0.4916191748680593, -0.005947785925681013, -0.1755620477132134], [0.13092268969617368, 0.3354629148665199, -0.37798241218951373]]	0.7189865585118411	0.5062401715104659	[[0.27275929086049516, -0.40583645324045686, -0.40289004359291625], [-0.6818603602718687, 0.027113748386413134, -0.038306090893340604], [0.3338592527429784, 0.348375106713974, -0.48162615825954347]]	[[0.1114630051502512, 0.14500641820126248, 0.03011955274257133], [-0.004797449785798415, 0.03530509944766984, 0.20347974064486982], [0.15355119751273644, -0.11362781975980268, 0.03893505088829094]]	0.7474166296234733	[[1.9386040396543408e-16, -0.9708871788079999, 0.0], [-1.0, -1.7938038903913487e-16, 0.0], [0.0, 0.0, -0.9708871788079999]]
3	[[0.8592155572171323, 0.2624339665249735, -0.4391776855101157], [-0.4266000482917053, 0.8413623931712975, -0.33184593135155627], [0.2824199444684594, 0.4724804086637203, 0.8348660002631537]]	0.6171963826660973	0.3828036173339027	[[0.5303047338448492, 0.16197329482792933, -0.27105887884451235], [-0.26329600665082287, 0.5192858255766157, -0.20481410843264258], [0.17430856811869325, 0.29161319910784755, 0.5152762753733315]]	0.8134268744464566	0.3367845691141966	[[0.5929478461184262, 0.21883178817828772, -0.29482048199202926], [-0.32511486636589454, 0.7524712317444966, -0.2724724430340489], [0.25294922617809507, 0.36562615517984454, 0.5740148842403421]]	[[-0.10596117906447637, 0.005360947039292501, 0.062418450059093036], [0.02189307755473473, 0.06808444999037722, -0.002540044296979091], [0.023221253467774313, -0.018702106876670045, -0.10508755693532956]]	0.6299511464617106	[[0.9708871788079999, 0.0, 0.0], [0.0, 0.7071067811865476, -0.7071067811865475], [0.0, 0.6865209079022128, 0.6865209079022129]]
3	[[0.04673222253661188, -0.9725397674033924, -0.22799671093185395], [-0.8377629715199755, -0.16246744520517667, 0.5213036857710898], [-0.5440306084466285, 0.16664552219444034, -0.8223502702654952]]	0.5661277753675793	0.43387222463242053	[[0.026456409182634713, -0.5505817749765856, -0.12907527075097558], [-0.47428088735193646, -0.09197733332366079, 0.29512449591650664], [-0.3079908380917604, 0.09434265875490709, -0.4655553290783324]]	0.7577694689421869	0.3724475991680846	[[-0.0104522018383563, -0.8300706984706823, -0.13213804532746434], [-0.6490700071750329, -0.11563913517395136, 0.2361338736272155], [-0.27683396983216757, 0.029376577044187356, -0.6231519275835482]]	[[-0.045864453292412656, -0.0931097554002557, 0.04063090123593188], [-0.014238805146912663, 0.007473734499569059, -0.15889414349714787], [0.13541581541872882, -0.09690231181068712, 0.0]]	0.6143098280309603	[[1.9386040396543408e-16, -0.9708871788079999, 0.0], [-1.0, -1.7938038903913487e-16, 0.0], [0.0, 0.0, -0.9708871788079999]]
3	[[0.8489524140446696, -0.5135124485683378, 0.12483895166604869], [0.522794976890395, 0.7815435453534784, -0.34040431673891397], [0.0772347773085365, 0.35425224329800037, 0.9319550081910795]]	0.7651607294822254	0.23483927051777462	[[0.6495850484261158, -0.39291955974475307, 0.0955218633245901], [0.40002218588709776, 0.5980064292847922, -0.2604640153148459], [0.05909701854679702, 0.2710599049026127, 0.7130953739120998]]	0.8884230004477374	0.19396677654703257	[[0.765072819994776, -0.4434792952649767, 0.0565662913679808], [0.46628283087041966, 0.6255036929321954, -0.2746250562026091], [0.03922898392441495, 0.28396725349010543, 0.8153464121931022]]	[[0.010843969071860663, 0.012736975059370317, -0.05434350464392025], [0.0018197488824493648, -0.06883756861130431, 0.02779796823993883], [-0.02938816867094789, -0.030758587416045972, -0.012623852466312244]]	0.4300286255629127	[[0.7001771347309194, -0.7001771347309192, 0.0], [0.7071067811865475, 0.7071067811865476, 0.0], [0.0, 0.0, 0.9902]]
3	[[0.08740825448676931, -0.06334395238859675, -0.994156597696443], [0.7119981850616444, -0.6940087028176986, 0.10681996481098455], [-0.6967197295301035, -0.717174639895393, -0.015561310176609944]]	0.8311640405330719	0.16883595946692823	[[0.07265059797516618, -0.052649215410640604, -0.8263072146639873], [0.5917872883480501, -0.5768350775990744, 0.08878491356189847], [-0.5790883855153498, -0.5960897714633057, -0.01293400144237953]]	0.9190843353158124	0.12377377725241426	[[0.06375842919489016, -0.02777609997177279, -0.8958775067849921], [0.6322468819382777, -0.6370561440903866, 0.06556031404045438], [-0.6531217288051212, -0.6497159598839396, 0.022852854518742156]]	[[-0.016577128281197565, 0.030442334405577122, 0.017836249008672832], [-0.022139496725168493, 0.0007963832422070182, -0.03261624231630782], [-0.012777539288533398, 0.009428017329674805, 0.0371550109390549]]	0.12345085182844061	[[0.0, 0.0, -0.9708871788079999], [0.7071067811865475, -0.7071067811865476, 0.0], [-0.6865209079022129, -0.6865209079022128, 0.0]]
3	[[-0.5446221603179724, 0.8109226453022452, -0.2139887049042392], [-0.8354447797583356, -0.5021691245819775, 0.22328947644507607], [0.07361197229480154, 0.30038414347728, 0.9509735242804028]]	0.6320160977476366	0.3679839022523634	[[-0.3442099725110526, 0.5125161658591159, -0.13524430623564784], [-0.528014549586497, -0.3173789705276482, 0.1411225435709298], [0.046523951477267594, 0.18984761418577673, 0.6010305758770175]]	0.7929248924649526	0.3060441483597008	[[-0.46748301136614623, 0.597280980987973, -0.12342089279037717], [-0.6664876034191047, -0.42916278190686297, 0.04650696384434955], [0.09169894463139056, 0.16435276819613798, 0.7457657695530803]]	[[-0.03563854346198778, -0.04571977033570486, 0.046256078034531224], [-0.004042641268820358, -0.030980382798479107, -0.130544820254418], [0.03333017941540199, -0.07382929646876116, -0.008284809923974968]]	0.3856373068644178	[[-0.6933153988105564, 0.6933153988105563, 0.0], [-0.7071067811865475, -0.7071067811865476, 0.0], [0.0, 0.0, 0.9804960399999999]]
3	[[-0.42203838922340475, -0.825029846081567, 0.3757783270710803], [0.2588054115689476, 0.28760896992378115, 0.9221175843470338], [-0.8688517462515349, 0.4864224845687207, 0.09214016247897017]]	0.4670892333993049	0.5329107666006953	[[-0.19712958768743757, -0.38536255833778577, 0.1755220107197042], [0.12088522128933132, 0.13433905328046275, 0.4307111955766749], [-0.4058312960942767, 0.227202705425389, 0.043037677857589565]]	0.6667361538407209	0.5900275976764375	[[-0.1311100925163123, -0.3997990664925922, 0.37174206522349434], [0.1257079913764032, 0.09972504111709919, 0.6568782678966851], [-0.5328556153531123, 0.18961117402130756, -0.03254564670481454]]	[[0.1502781598876337, 0.1502781598876337, 0.12119706873542181], [-0.04684693332624165, -0.0920342572999742, 0.04206913632024731], [0.046439256200430185, -0.1347042824816888, -0.09397882425030221]]	0.6571935147069762	[[0.0, -0.6865209079022128, 0.6865209079022129], [0.0, 0.7071067811865476, 0.7071067811865475], [-0.9708871788079999, 0.0, 0.0]]
3	[[-0.8305561570912853, 0.32773595720904825, 0.4502950280316503], [-0.5100865793185324, -0.772219296347621, -0.37879947194723407], [0.22358030216652452, -0.5443036842615101, 0.808545204538665]]	0.5396011318201388	0.46039886817986125	[[-0.44816904240664257, 0.17684669344815906, 0.24297970677885966], [-0.27524329552654303, -0.4166904063225274, -0.20440062379559842], [0.1206441841017453, -0.29370688408138235, 0.43629190749680935]]	0.7645914231706222	0.43410181012178445	[[-0.5471666690211577, 0.15624377166750536, 0.25273443576259835], [-0.5524086229579224, -0.602054413860413, -0.2937161306106182], [0.23714208531753161, -0.34394928800117275, 0.4937656543964557]]	[[0.0878694451523909, -0.09434033027914693, -0.09155728056677637], [-0.16240079933653145, -0.01162216306616894, -0.00408930325820225], [0.06619450389111081, 0.07222064058534829, -0.12444107423954398]]	0.6808504198712223	[[-0.6865209079022129, 0.6865209079022128, 0.0], [-0.7071067811865475, -0.7071067811865476, 0.0], [0.0, 0.0, 0.9708871788079999]]
3	[[0.5319609947059123, -0.8460851799387872, 0.03402011756955908], [-0.703274286200726, -0.4190807785627857, 0.5742617690636116], [-0.47161719485230363, -0.3294103357928521, -0.8179645788128509]]	0.5255279015365778	0.4744720984634223	[[0.2795603452471087, -0.44464136913442864, 0.017878520996358033], [-0.3695902598317021, -0.22023864213241603, 0.3017905824286827], [-0.24784799473929847, -0.17311432251367698, -0.4298632086347682]]	0.7266918758447924	0.47892018679271264	[[0.5103971581211141, -0.6240025300801221, 0.1115738580515383], [-0.42449369123012826, -0.24097995171583425, 0.28261308995641926], [-0.29385681533887087, -0.06659727877800076, -0.5220187468775622]]	[[0.12382542500201299, -0.009159303545926114, 0.08685171499845504], [0.08657001904248474, 0.06356264538845262, -0.13469827223036573], [0.04886356866900871, 0.17278253606196994, 0.07238946727454408]]	0.6500607972997818	[[0.6933153988105564, -0.6933153988105563, 0.0], [-0.7071067811865475, -0.7071067811865476, 0.0], [0.0, 0.0, -0.9804960399999999]]
3	[[-0.3195682178843842, -0.5708200961323295, -0.7563336379995778], [0.910087742671785, 0.03735879733279218, -0.41272826520656647], [0.2638493031197415, -0.8202248094963509, 0.507557688474819]]	0.4808142041373771	0.5191857958626229	[[-0.15365293834968005, -0.274458410227487, -0.36365595621709407], [0.43758311368791636, 0.01796264040709606, -0.19844561236029556], [0.12686249269172004, -0.3943757389917196, 0.24404094603782683]]	0.6787434820726649	0.5470737215293894	[[-0.25460859814210524, -0.2771220707259265, -0.48854810278243643], [0.5860307959079648, -0.028397096332840592, -0.07486420790954759], [0.2977314360174159, -0.469536220007722, 0.3098997055621915]]	[[-0.037703753175502244, 0.11031834895998416, 0.024808424282083314], [-0.03168532754473397, -0.053754136520547016, 0.20527241196656762], [0.11864544127547658, 0.08718602327221939, -0.03460176726595999]]	0.9028278018464861	[[0.0, 0.0, -0.9708871788079999], [0.7071067811865475, 0.7071067811865476, 0.0], [0.6865209079022129, -0.6865209079022128, 0.0]]
