3	[[-0.42203838922340475, -0.825029846081567, 0.3757783270710803], [0.2588054115689476, 0.28760896992378115, 0.9221175843470338], [-0.8688517462515349, 0.4864224845687207, 0.09214016247897017]]	0.38880378926462433	0.6111962107353757	[[-0.1640901249451982, -0.32077473041292304, 0.14610403748875744], [0.10062452470019748, 0.11182345733286145, 0.3585228109416686], [-0.33781285125178273, 0.18912290518383185, 0.035824444315281756]]	0.5802566544900604	0.656392245210105	[[-0.0818142678321041, -0.31565274237669694, 0.2664102740095407], [0.16413256418064714, 0.07870950169487881, 0.6111619025665458], [-0.4192485155972014, 0.1634540925455272, -0.027151873672183968]]	[[0.1630763159650427, 0.16307631596504268, 0.04836239911340401], [0.013959001899726445, -0.08817751699442679, 0.07609703802687995], [0.08490849193056124, -0.11879579101906174, -0.08061681609640178]]	0.7183883465225869	[[0.0, -0.5178901647039768, 0.5178901647039768], [0.0, 0.7071067811865476, 0.7071067811865475], [-0.7324072947439999, 0.0, 0.0]]
3	[[0.034229894132735264, 0.2773841392786001, 0.9601491309293217], [-0.1827544195208179, -0.9427759796974285, 0.2788803941677556], [0.9825625356654255, -0.18501754344446375, 0.018422055382213542]]	0.7245511732401756	0.27544882675982446	[[0.024801309953760342, 0.200979003552526, 0.6956771793003751], [-0.1324149290786359, -0.683089442192428, 0.20206311678792993], [0.7119168379982259, -0.1340546781727014, 0.013347721840678315]]	0.8559229909345341	0.2213375270546852	[[0.009249235611407518, 0.20483916994705387, 0.760736129583275], [-0.16939900559576365, -0.8227256969834058, 0.2585790210071359], [0.7889898393225439, -0.14045983953898714, 0.0]]	[[-0.020048917754055706, -0.032580292182086926, -0.06107758630494364], [-0.01297529623300061, -0.015782060659547216, 0.01987887991806877], [-0.05200802498442687, 0.017900929621358374, -0.015767860741905844]]	0.3828900815477686	[[0.0, 0.0, 0.9014], [0.0, -1.0, 0.0], [0.9014, 0.0, 0.0]]
3	[[0.8787972042104137, -0.3840163418041313, 0.28327887866788265], [-0.395223040501579, -0.9183905790867732, -0.018907472103605397], [0.2674214316928388, -0.09534250611366366, -0.9588511794847616]]	0.5514600137952769	0.4485399862047231	[[0.48462151835712564, -0.21176965714891804, 0.15621697433810114], [-0.21794970336721206, -0.5064556814126444, -0.010426714827088034], [0.14747222641048557, -0.05257757973671724, -0.5287680846662842]]	0.781506150487896	0.3799704257134748	[[0.5406803459027136, -0.22710106958253284, 0.219993675885948], [-0.3455794986029604, -0.846242053217246, -0.02562502184260498], [0.1977546069009381, -0.07451075493075797, -0.6261243927032667]]	[[-0.14610507421929234, 0.0730100634252579, -0.0013905100963167], [-0.03671026163644957, -0.1285141671107923, -0.010848716103459045], [-0.01123688673929418, 0.0, 0.123223701466648]]	0.5169815698340664	[[0.9014, 0.0, 0.0], [0.0, -1.0, 0.0], [0.0, 0.0, -0.9014]]
3	[[0.22433838825039393, -0.7661379269479729, -0.6022499185961573], [-0.9416906372873723, -0.011392912655017143, -0.3362869982418849], [0.2507808429735371, 0.642575192824231, -0.724020780340167]]	0.40299830043139123	0.5970016995686087	[[0.09040798918642635, -0.30875228245606245, -0.24270569362919509], [-0.37949972635896473, -0.004591324436935213, -0.13552308874865385], [0.10106425349908708, 0.25895671060753855, -0.291779143954097]]	0.6240965019764696	0.5839459203373009	[[0.24661478619672864, -0.38115981939192345, -0.2382394740371852], [-0.6912020796131673, -0.04748029822920671, -0.04083512040687933], [0.21951679493898354, 0.21951679493898354, -0.4534030684486017]]	[[0.10660598283061866, 0.09698418084781035, 0.13762259347429015], [-0.10349624693812579, -0.04037002129388713, 0.1690404188560482], [0.06300534807648876, -0.18151213515947442, -0.0015442320800296283]]	0.7349201361345646	[[1.462422999556173e-16, -0.7324072947439999, 0.0], [-1.0, -1.7938038903913487e-16, 0.0], [0.0, 0.0, -0.7324072947439999]]
3	[[0.08740825448676931, -0.06334395238859675, -0.994156597696443], [0.7119981850616444, -0.6940087028176986, 0.10681996481098455], [-0.6967197295301035, -0.717174639895393, -0.015561310176609944]]	0.5799529709735824	0.4200470290264176	[[0.05069267687721684, -0.036736513380975847, -0.5765640724470408], [0.4129254627542992, -0.4024924090806463, 0.06195055595142403], [-0.40406467707689436, -0.41592756311424234, -0.009024828069166393]]	0.7972485219155477	0.32560761041469466	[[0.03466130500001758, -0.027419807769583967, -0.6863883334881575], [0.6362049046589215, -0.640178873760791, 0.07090187652762589], [-0.504738577149514, -0.4904703569343928, 0.024509243810287615]]	[[-0.035024796692777305, 0.023081064644513614, 0.1062015445779215], [0.06856540401197292, -0.08688146124285412, -0.01426018252900237], [0.05072019740776135, 0.08129606467752448, 0.03691547534765925]]	0.30130109896091833	[[0.0, 0.0, -0.7324072947439999], [0.7071067811865475, -0.7071067811865476, 0.0], [-0.5178901647039768, -0.5178901647039768, 0.0]]
3	[[-0.3195682178843842, -0.5708200961323295, -0.7563336379995778], [0.910087742671785, 0.03735879733279218, -0.41272826520656647], [0.2638493031197415, -0.8202248094963509, 0.507557688474819]]	0.39072898034282355	0.6092710196571762	[[-0.12486456392393869, -0.2230359541209776, -0.2955214711745532], [0.3555976557166486, 0.014597164788676148, -0.16126489422282417], [0.10309356917214119, -0.3204856034663959, 0.19831749808292648]]	0.5969005788451451	0.6215738491410314	[[-0.2546798876255011, -0.2546798876255011, -0.34560926467939723], [0.6113678952223446, -0.09504041248649683, -0.05608254095133891], [0.20389921860768953, -0.3145025131665443, 0.3190964890430997]]	[[-0.06392943338980074, 0.08604295817232785, 0.10584672164260513], [0.06813599482168467, -0.11733990023939897, 0.19027519945621318], [0.046407416847627704, 0.17509015040497647, 0.016135010995176412]]	0.9385787637835235	[[-1.462422999556173e-16, -0.7324072947439999, 0.0], [1.0, -1.7938038903913487e-16, 0.0], [0.0, 0.0, 0.7324072947439999]]
3	[[0.8592155572171323, 0.2624339665249735, -0.4391776855101157], [-0.4266000482917053, 0.8413623931712975, -0.33184593135155627], [0.2824199444684594, 0.4724804086637203, 0.8348660002631537]]	0.476196698843274	0.523803301156726	[[0.4091556119415826, 0.12497018852353871, -0.20913496404554668], [-0.20314553472289137, 0.4006539941590486, -0.1580239370341828], [0.13448744524338116, 0.2249936108737846, 0.3975604333018017]]	0.7247410041414433	0.4807938011234915	[[0.4382384776818128, 0.1731613573863685, -0.2799592241771297], [-0.3487566851308038, 0.7495346288314545, -0.25592021084911015], [0.23243462379839436, 0.30217236407901527, 0.43232496939304765]]	[[-0.18447026802968125, -0.017035299033762698, 0.03833085261598653], [-0.0395821377650852, 0.13976480315764062, -0.015417857341130811], [0.02775330965475249, -0.04025356173308877, -0.1727366539612207]]	0.690326382029361	[[0.637386052561554, 0.6373860525615539, 0.0], [-0.7071067811865475, 0.7071067811865476, 0.0], [0.0, 0.0, 0.9014]]
3	[[-0.5446221603179724, 0.8109226453022452, -0.2139887049042392], [-0.8354447797583356, -0.5021691245819775, 0.22328947644507607], [0.07361197229480154, 0.30038414347728, 0.9509735242804028]]	0.5037618358080201	0.4962381641919799	[[-0.2743598593035117, 0.40851188049575504, -0.10779934282474024], [-0.4208651959672864, -0.25297364008552325, 0.1124847165705832], [0.03708290230067836, 0.15132206756573433, 0.4790641683963187]]	0.7202469253774084	0.3951629845677204	[[-0.44669531891442343, 0.5196763131218413, -0.07412790199621806], [-0.6808020201519338, -0.46575691865074337, 0.03938570818092702], [0.09137039188801374, 0.07681841552519383, 0.675857192484401]]	[[-0.054432882453001846, -0.0643882288760158, 0.0799968047765538], [-0.07907548620838634, -0.10407115065110928, -0.12143785069777026], [0.03835159517171595, -0.13953234024644343, -0.009078564493877516]]	0.45126594088424704	[[-0.5745397877789847, 0.5745397877789846, 0.0], [-0.7071067811865475, -0.7071067811865476, 0.0], [0.0, 0.0, 0.81252196]]
3	[[-0.30792515101507295, 0.09349718223056193, 0.9468053539599837], [0.3027085282091916, -0.9338174967034747, 0.1906631317268273], [0.9019698710720718, 0.34531602882779927, 0.2592434992682147]]	0.567492697375172	0.43250730262482806	[[-0.17474527453920094, 0.05305896814099961, 0.5373051242080057], [0.1717848791919025, -0.5299346100603857, 0.10819993491365497], [0.5118613150858262, 0.19596432464637048, 0.1471187926766976]]	0.7839974530648339	0.31966567548053026	[[-0.16515232363900456, 0.07021229446002215, 0.7123309681622143], [0.2597458723048309, -0.8362532647714559, 0.13557371667823645], [0.6571756443194388, 0.23245190992900544, 0.0949400291789824]]	[[0.076260210491417, -0.0030892582774770493, -0.029962017890561486], [0.022423157167820305, -0.10414272572855275, -0.013905692988961106], [-0.04996643734228222, -0.03827497717445201, -0.10830621397091307]]	0.48751368074088813	[[0.0, 0.0, 0.9014], [0.0, -1.0, 0.0], [0.9014, 0.0, 0.0]]
3	[[0.8489524140446696, -0.5135124485683378, 0.12483895166604869], [0.522794976890395, 0.7815435453534784, -0.34040431673891397], [0.0772347773085365, 0.35425224329800037, 0.9319550081910795]]	0.6373523459357047	0.3626476540642954	[[0.5410818126791498, -0.327288363762218, 0.07956639870851018], [0.3332046049644957, 0.49811861208194724, -0.21695748984018745], [0.04922576650541747, 0.22578349831896655, 0.5939837107771134]]	0.8072207723460424	0.29088745843377717	[[0.6309828544395696, -0.38992124144769674, 0.05269780557853], [0.47656589603956484, 0.6239980325760178, -0.26496565597332017], [0.023606478061168442, 0.2231541068088504, 0.6982817310818389]]	[[-0.05430916891060567, 0.02459667389494424, -0.048074789404208076], [0.05455493101546886, -0.006880151726281283, 0.00981577949459277], [-0.03873903852980299, -0.06280566263147963, -0.05401171042192658]]	0.46181726859839944	[[0.637386052561554, -0.6373860525615539, 0.0], [0.7071067811865475, 0.7071067811865476, 0.0], [0.0, 0.0, 0.9014]]
3	[[0.3802729664721569, 0.7767473726770865, -0.5020517802076895], [0.4287143634067757, 0.332951791095048, 0.839849450446521], [0.8195098935212374, -0.5346088512602871, -0.20639019011321075]]	0.4698741292124454	0.5301258707875549	[[0.17868042898413822, 0.36497349535470075, -0.23590114304464613], [0.20144178818662664, 0.1564454329105097, 0.39462352919810995], [0.38506649759927525, -0.2511988684551932, -0.09697741085743597]]	0.6288127648921898	0.5488186395066361	[[0.10950541437923399, 0.3855314805722762, -0.2290836686398804], [0.30291358219269215, 0.14248449341152247, 0.46133898101143606], [0.537554917116774, -0.2606011912652539, -0.09169016444861562]]	[[-0.129615081081878, -0.10289718246354668, 0.08661289939156278], [0.033332517989882446, -0.06687984292276153, -0.06676907401702699], [0.022236635115180526, 0.07556767863156474, 0.03809062164309711]]	0.7424417288150756	[[0.0, 0.5178901647039768, -0.5178901647039768], [0.0, 0.7071067811865476, 0.7071067811865475], [0.7324072947439999, 0.0, 0.0]]
3	[[0.5319609947059123, -0.8460851799387872, 0.03402011756955908], [-0.703274286200726, -0.4190807785627857, 0.5742617690636116], [-0.47161719485230363, -0.3294103357928521, -0.8179645788128509]]	0.44430299316853133	0.5556970068314688	[[0.23635186219674612, -0.37591817792233856, 0.015115240064100435], [-0.3124668703774448, -0.18619884429484423, 0.25514622285721855], [-0.20954093130262494, -0.1463579981734152, -0.3634241106723867]]	0.6475921725999441	0.5694412307501844	[[0.3832632779506838, -0.5123466489303425, 0.08937408402237307], [-0.40550330913412824, -0.23155042447311452, 0.30160347205241916], [-0.2586120092065012, -0.03803027764511507, -0.4279252927020811]]	[[0.03876950165065477, 0.03557149095083114, 0.0673429221733968], [0.049931613800274735, 0.0398430074112359, -0.07028395461657234], [0.04680359464339329, 0.17529327738785513, 0.10178216600113105]]	0.7131263792346126	[[0.5745397877789847, -0.5745397877789846, 0.0], [-0.7071067811865475, -0.7071067811865476, 0.0], [0.0, 0.0, -0.81252196]]
3	[[0.04673222253661188, -0.9725397674033924, -0.22799671093185395], [-0.8377629715199755, -0.16246744520517667, 0.5213036857710898], [-0.5440306084466285, 0.16664552219444034, -0.8223502702654952]]	0.48549433288752075	0.5145056671124792	[[0.022688229204763544, -0.47216254558209453, -0.11069111107440932], [-0.40672917497595756, -0.07887702392582713, 0.25308998515524095], [-0.2641237773181879, 0.08090545662648235, -0.39924639586241895]]	0.6778458617293586	0.49798196733739086	[[-9.821001472703923e-17, -0.6619506075910666, -0.09925859762200037], [-0.6715568256027479, -0.13552376981266193, 0.2322443958507328], [-0.24055417683742322, 0.0, -0.4918531179065767]]	[[-0.03167724365585782, -0.0027185508894442684, 0.05528802937106163], [-0.103682662247842, -0.02539588441459173, -0.12111915025346232], [0.12821471975222887, -0.11295997759522937, 0.0655736096849088]]	0.7009711737717467	[[1.462422999556173e-16, -0.7324072947439999, 0.0], [-1.0, -1.7938038903913487e-16, 0.0], [0.0, 0.0, -0.7324072947439999]]
3	[[-0.8305561570912853, 0.32773595720904825, 0.4502950280316503], [-0.5100865793185324, -0.772219296347621, -0.37879947194723407], [0.22358030216652452, -0.5443036842615101, 0.808545204538665]]	0.4374190527244102	0.5625809472755897	[[-0.3633010874692964, 0.14335795194610967, 0.1969676246081162], [-0.2231215883329472, -0.3377834331038869, -0.1656941061916659], [0.09779828398151853, -0.23808880196407622, 0.3536730774541673]]	0.6672456525880054	0.5476420551456128	[[-0.41615714469368703, 0.09494698445306499, 0.24592427854433402], [-0.5418558838317621, -0.5928132980700487, -0.26655294155357867], [0.19380796442069742, -0.2998754669427893, 0.37462049858286134]]	[[0.13802784035567334, -0.123733408191441, -0.05453312129177866], [-0.20150283133798452, -0.07755332973753012, -0.013800640694154627], [0.04462497979577134, 0.0633088000683376, -0.16487777406644238]]	0.6905899294444747	[[-0.5745397877789847, 0.5745397877789846, 0.0], [-0.7071067811865475, -0.7071067811865476, 0.0], [0.0, 0.0, 0.81252196]]
