3	[[0.8489524140446696, -0.5135124485683378, 0.12483895166604869], [0.522794976890395, 0.7815435453534784, -0.34040431673891397], [0.0772347773085365, 0.35425224329800037, 0.9319550081910795]]	0.7543664996919488	0.24563350030805126	[[0.6404212609879074, -0.3873765883747389, 0.09417432299352951], [0.39437901677334064, 0.5895702686651392, -0.256789612898364], [0.058263328612727844, 0.2672360247847332, 0.703035637399486]]	0.8788410118563555	0.19616688967196852	[[0.7480044374071408, -0.4420619425778577, 0.05330056412913973], [0.46902729619357975, 0.6260931186991796, -0.27163644273275195], [0.038233904107752896, 0.269634576876056, 0.8032701032417662]]	[[0.0019102388302277866, 0.00923385732277501, -0.056413026472137154], [0.009573629709805024, -0.06075940150907476, 0.02752483143034653], [-0.029643185732581612, -0.04169682307634247, -0.015770179161480165]]	0.4337434663176364	[[0.6919746960691554, -0.6919746960691553, 0.0], [0.7071067811865475, 0.7071067811865476, 0.0], [0.0, 0.0, 0.9785999999999999]]
3	[[0.3802729664721569, 0.7767473726770865, -0.5020517802076895], [0.4287143634067757, 0.332951791095048, 0.839849450446521], [0.8195098935212374, -0.5346088512602871, -0.20639019011321075]]	0.5476495402125559	0.45235045978744437	[[0.20825631524374136, 0.4253853415079171, -0.2749484265936362], [0.23478522400223928, 0.18234089530615002, 0.45994316538480495], [0.4488042163865464, -0.29277829158625884, -0.11302949271988186]]	0.7097076965009692	0.44217557851368144	[[0.21266126070332791, 0.47410046947657297, -0.30812938965499603], [0.33033716205358965, 0.22439549478213122, 0.49565514553375056], [0.5982758212160812, -0.30199513889065616, -0.04840416512979749]]	[[-0.057221390373216906, -0.07716311914926191, 0.048180622800414075], [0.02607527874328743, -0.011902953921807164, -0.10039247335025474], [0.01666334242536944, 0.07742087746631152, 0.09807254127584643]]	0.6812049139991926	[[0.0, 0.6626750758092071, -0.6626750758092073], [0.0, 0.7071067811865476, 0.7071067811865475], [0.9371640796559998, 0.0, 0.0]]
3	[[-0.30792515101507295, 0.09349718223056193, 0.9468053539599837], [0.3027085282091916, -0.9338174967034747, 0.1906631317268273], [0.9019698710720718, 0.34531602882779927, 0.2592434992682147]]	0.7128407966157402	0.2871592033842599	[[-0.21950160994760673, 0.06664860586256079, 0.6749214827568827], [0.21578298839101848, -0.6656632082438213, 0.1359124587054034], [0.6429609214184122, 0.24615535307379238, 0.18479934253580627]]	0.8492283581209519	0.26213061064984894	[[-0.25625364815707163, 0.07884569735580377, 0.7433067182572903], [0.24371880045781985, -0.8497648522326432, 0.11898093082725879], [0.6800027261935522, 0.2643340107279778, 0.17740795080126787]]	[[0.00524512226360492, -0.0005547611987917669, -0.060747237946273236], [-0.013349865942481765, -0.05674055272253414, -0.04293560748331354], [-0.08597566649155003, -0.02891815346630144, -0.042748980435808305]]	0.4696759383043123	[[0.0, 0.0, 0.9785999999999999], [0.0, -1.0, 0.0], [0.9785999999999999, 0.0, 0.0]]
3	[[0.034229894132735264, 0.2773841392786001, 0.9601491309293217], [-0.1827544195208179, -0.9427759796974285, 0.2788803941677556], [0.9825625356654255, -0.18501754344446375, 0.018422055382213542]]	0.865429808863086	0.1345701911369141	[[0.029623570736696747, 0.2400565026375305, 0.830941678860221], [-0.15816112235478566, -0.8159064359102541, 0.24135140622026285], [0.8503389074369584, -0.16011969725945996, 0.01594299586829425]]	0.921752871309647	0.12562267045656125	[[0.009018152797115474, 0.23842923885759706, 0.8658077146721314], [-0.16467704474580425, -0.8269249808558672, 0.25316301377994443], [0.8993267728555273, -0.16124251518938731, 0.0]]	[[-0.022533350404358492, -0.01725038797820762, -0.019212503647433304], [0.0037773661920374405, 0.04208148543200295, -0.00389579029615037], [-0.006353065635366022, 0.009297936723204479, -0.016980582443980666]]	0.3474450398240411	[[0.0, 0.0, 0.9785999999999999], [0.0, -1.0, 0.0], [0.9785999999999999, 0.0, 0.0]]
3	[[0.08740825448676931, -0.06334395238859675, -0.994156597696443], [0.7119981850616444, -0.6940087028176986, 0.10681996481098455], [-0.6967197295301035, -0.717174639895393, -0.015561310176609944]]	0.8153947687486103	0.18460523125138972	[[0.07127223345395896, -0.05165032740952283, -0.8106300890785963], [0.5805595954577696, -0.5658910657435605, 0.08710044050478742], [-0.5681016227427933, -0.5847804496498717, -0.012688610912882271]]	0.9043748436708643	0.14906954433914876	[[0.05560731975687858, -0.029497125836963893, -0.8696792817727029], [0.633932213996259, -0.6377409832005037, 0.06736166853740577], [-0.6358137353037546, -0.6277303101560808, 0.02558705270476789]]	[[-0.023442506730136547, 0.027789551201967952, 0.029410935853375904], [-0.00998103331280474, -0.010096971083528134, -0.02924362043945561], [-0.005717938827560436, 0.020864392684023455, 0.03966031016305333]]	0.1427805146814531	[[0.0, 0.0, -0.9371640796559998], [0.7071067811865475, -0.7071067811865476, 0.0], [-0.6626750758092073, -0.6626750758092071, 0.0]]
3	[[-0.8305561570912853, 0.32773595720904825, 0.4502950280316503], [-0.5100865793185324, -0.772219296347621, -0.37879947194723407], [0.22358030216652452, -0.5443036842615101, 0.808545204538665]]	0.5253867174849673	0.47461328251503276	[[-0.43636317306111927, 0.17218811875985554, 0.23657902667735003], [-0.2679927135412991, -0.4057137612866278, -0.19901621115139628], [0.11746612104956744, -0.2859699259891289, 0.4247989109507807]]	0.7529815478043045	0.45078387676663817	[[-0.5301906576158648, 0.14995580513891002, 0.248449941629161], [-0.5528621033787992, -0.5982280808398189, -0.2868938838635522], [0.23114186428968597, -0.33952561313567564, 0.4809361760139448]]	[[0.0952028030891263, -0.09682332319148447, -0.09061390554669374], [-0.1687763213693276, -0.016761199831636153, -0.0016648711692706505], [0.06279002230578228, 0.07032501751514175, -0.12788344356932715]]	0.6803861636805874	[[-0.6626750758092073, 0.6626750758092071, 0.0], [-0.7071067811865475, -0.7071067811865476, 0.0], [0.0, 0.0, 0.9371640796559998]]
3	[[0.8787972042104137, -0.3840163418041313, 0.28327887866788265], [-0.395223040501579, -0.9183905790867732, -0.018907472103605397], [0.2674214316928388, -0.09534250611366366, -0.9588511794847616]]	0.682333145727289	0.317666854272711	[[0.5996324608052384, -0.2620270785138987, 0.19329056839955544], [-0.2696737804893461, -0.6266483328345845, -0.012901194918204031], [0.18247050672187007, -0.0650553521180594, -0.6542559415821588]]	0.8400239685729691	0.294486839713515	[[0.6145784187507096, -0.2668985547113101, 0.24273761710422587], [-0.3413507880927148, -0.8499178544327542, -0.02097956320578268], [0.2178853233415421, -0.08008999035929232, -0.7168093534354462]]	[[-0.12363229630095221, 0.05568437672787009, 0.0047765692327304795], [-0.00935396113910308, -0.07844775548825574, -0.005096833453629369], [-0.006755088990541492, 0.0, 0.08864861962621579]]	0.47668335123719113	[[0.6771664375732754, -0.6771664375732753, 0.0], [-0.7071067811865475, -0.7071067811865476, 0.0], [0.0, 0.0, -0.9576579599999998]]
3	[[-0.42203838922340475, -0.825029846081567, 0.3757783270710803], [0.2588054115689476, 0.28760896992378115, 0.9221175843470338], [-0.8688517462515349, 0.4864224845687207, 0.09214016247897017]]	0.45681877419219397	0.5431812258078061	[[-0.19279505962708382, -0.37688912295895594, 0.1716625947406042], [0.11822717086723289, 0.13138517708726122, 0.4212406245424791], [-0.3969077896773734, 0.22220692314020435, 0.04209135607751273]]	0.6557172890261802	0.5976472525808594	[[-0.12386505376171077, -0.3881135193534558, 0.35645489073076353], [0.13053985621545214, 0.09695761340731654, 0.6509963919996635], [-0.5169561978637988, 0.18638221284351542, -0.03191920494621119]]	[[0.15287281468483616, 0.15287281468483616, 0.11005054482892157], [-0.03916332664384305, -0.09163256065071745, 0.04634794942825653], [0.05276491375392022, -0.13257342005926512, -0.09233710249735327]]	0.6628873530041158	[[0.0, -0.6626750758092071, 0.6626750758092073], [0.0, 0.7071067811865476, 0.7071067811865475], [-0.9371640796559998, 0.0, 0.0]]
3	[[0.5319609947059123, -0.8460851799387872, 0.03402011756955908], [-0.703274286200726, -0.4190807785627857, 0.5742617690636116], [-0.47161719485230363, -0.3294103357928521, -0.8179645788128509]]	0.5151252239438253	0.4848747760561748	[[0.2740265265272631, -0.4358398177915194, 0.017524620681614346], [-0.3622743241730828, -0.21587907990770766, 0.2958167223912702], [-0.24294191311405164, -0.1696875729947036, -0.42135418683908654]]	0.7172592586746982	0.4922625313515241	[[0.4846356567755031, -0.6095292582453629, 0.11092491216502061], [-0.41502051114399535, -0.23087334399275075, 0.2920862700425521], [-0.2999286215713664, -0.06165119825953517, -0.5004247238429033]]	[[0.10308170806888539, -0.0026668293068195965, 0.08652366785705258], [0.08940948202131493, 0.0697162245640083, -0.1198083007212347], [0.03834317798663764, 0.17462141499102934, 0.0862679435785641]]	0.6580154837490506	[[0.6771664375732754, -0.6771664375732753, 0.0], [-0.7071067811865475, -0.7071067811865476, 0.0], [0.0, 0.0, -0.9576579599999998]]
3	[[-0.5446221603179724, 0.8109226453022452, -0.2139887049042392], [-0.8354447797583356, -0.5021691245819775, 0.22328947644507607], [0.07361197229480154, 0.30038414347728, 0.9509735242804028]]	0.6149798830645803	0.3850201169354199	[[-0.3349316724667257, 0.4987011135823948, -0.13159874871915], [-0.5137817329626955, -0.30882390951406713, 0.13731853611374423], [0.04526988211401019, 0.18473020543011173, 0.5848295867594739]]	0.7847857816693173	0.3102004636871086	[[-0.471039264738501, 0.5876737104702514, -0.11511842225812831], [-0.671707399137865, -0.43861937001722767, 0.04163256820361129], [0.08950765543307623, 0.14800642977293205, 0.7437680148709364]]	[[-0.04362753693892869, -0.048726851596621656, 0.05281687078854998], [-0.01606221461366901, -0.044524181051963665, -0.13360183810687037], [0.031738026215480275, -0.0877307750669535, -0.002542485728285086]]	0.39252290882944063	[[-0.6771664375732754, 0.6771664375732753, 0.0], [-0.7071067811865475, -0.7071067811865476, 0.0], [0.0, 0.0, 0.9576579599999998]]
3	[[-0.3195682178843842, -0.5708200961323295, -0.7563336379995778], [0.910087742671785, 0.03735879733279218, -0.41272826520656647], [0.2638493031197415, -0.8202248094963509, 0.507557688474819]]	0.46828703622357165	0.5317129637764282	[[-0.14964965362432683, -0.2673076510346628, -0.35418123773501403], [0.4261822917191707, 0.01749464047985032, -0.1932752960792793], [0.12355720816759853, -0.3841006450760898, 0.23768268564835987]]	0.6695264602643327	0.5530881593309083	[[-0.26143146316895205, -0.273028962779944, -0.47247120705097256], [0.5945095393600642, -0.043812853300194195, -0.06803573158409662], [0.2795024727794131, -0.4429338217800947, 0.3175567766818337]]	[[-0.04747208543583928, 0.10915019563128071, 0.033914176377729914], [-0.014818285520932933, -0.0688255566381511, 0.20829676287069449], [0.10284838281844166, 0.10622839154298366, -0.022266525862658745]]	0.9084905630986307	[[0.0, 0.0, -0.9371640796559998], [0.7071067811865475, 0.7071067811865476, 0.0], [0.6626750758092073, -0.6626750758092071, 0.0]]
3	[[0.8592155572171323, 0.2624339665249735, -0.4391776855101157], [-0.4266000482917053, 0.8413623931712975, -0.33184593135155627], [0.2824199444684594, 0.4724804086637203, 0.8348660002631537]]	0.5967729168092996	0.40322708319070044	[[0.5127565742483957, 0.15661348367294256, -0.26208934837942904], [-0.2545833551300291, 0.5021022894664879, -0.19803666438396683], [0.16854057402556294, 0.2819635116134982, 0.49822541812195575]]	0.8018218739814027	0.3553895392282226	[[0.5745823124360168, 0.21278997214842457, -0.2903784992902065], [-0.3238826020683757, 0.7527719604364052, -0.2729786840449669], [0.24906022836233113, 0.35557694724659, 0.5567562817480026]]	[[-0.11435551580579935, 0.002364677312997561, 0.0617637755163296], [0.018174648093436357, 0.07814918964631777, -0.006897357495558119], [0.0226097392389073, -0.023268179447653168, -0.11265753910635769]]	0.6399497350984923	[[0.9371640796559998, 0.0, 0.0], [0.0, 0.7071067811865476, -0.7071067811865475], [0.0, 0.6626750758092071, 0.6626750758092073]]
3	[[0.04673222253661188, -0.9725397674033924, -0.22799671093185395], [-0.8377629715199755, -0.16246744520517667, 0.5213036857710898], [-0.5440306084466285, 0.16664552219444034, -0.8223502702654952]]	0.5555998011451772	0.44440019885482274	[[0.0259644135484137, -0.5403429013751018, -0.12667492725549248], [-0.46546094038329117, -0.09026688024856115, 0.2896362241506654], [-0.30226329786983647, 0.09258821899296527, -0.4568976466311918]]	0.7515306387961185	0.37911255112349207	[[-0.01857675471101687, -0.8147789181789478, -0.12082195208250025], [-0.6522879617337691, -0.12294970111378188, 0.23486627223525128], [-0.27876386724716656, 0.01686018640663172, -0.6180214239267883]]	[[-0.05369745176631904, -0.08388548552764767, 0.05052456172752995], [-0.022683420587627366, -0.0008504382351621764, -0.15690941973906689], [0.13009180344336924, -0.10837902934066879, 0.0]]	0.624522320762539	[[1.871267960166716e-16, -0.9371640796559998, 0.0], [-1.0, -1.7938038903913487e-16, 0.0], [0.0, 0.0, -0.9371640796559998]]
3	[[0.22433838825039393, -0.7661379269479729, -0.6022499185961573], [-0.9416906372873723, -0.011392912655017143, -0.3362869982418849], [0.2507808429735371, 0.642575192824231, -0.724020780340167]]	0.5089235039771969	0.4910764960228032	[[0.11417107862498725, -0.3899055983121881, -0.3064991388419379], [-0.479248498790809, -0.005798121028897471, -0.1711443574872335], [0.1276282653364477, 0.32702161870093055, -0.3684711924830222]]	0.7076283199583614	0.5160808098859958	[[0.2806158320131551, -0.40341376343125795, -0.3740374560506714], [-0.6795425424108622, 0.009589430328146999, -0.038628193121292155], [0.32034627384449427, 0.32628331745150985, -0.4834476918124269]]	[[0.1218676352333623, 0.13872713067131792, 0.052131642040587234], [-0.013175578826680242, 0.017651377969649062, 0.19933801046845326], [0.14288664725338857, -0.12842108669362076, 0.028889916594627238]]	0.7413745714905541	[[1.871267960166716e-16, -0.9371640796559998, 0.0], [-1.0, -1.7938038903913487e-16, 0.0], [0.0, 0.0, -0.9371640796559998]]
