3	[[0.22433838825039393, -0.7661379269479729, -0.6022499185961573], [-0.9416906372873723, -0.011392912655017143, -0.3362869982418849], [0.2507808429735371, 0.642575192824231, -0.724020780340167]]	0.5160300982921693	0.4839699017078307	[[0.11576536053955766, -0.39535022974832135, -0.3107790846896259], [-0.4859407121202183, -0.0058790858372026, -0.17353421275713843], [0.1294104630494274, 0.3315881399131976, -0.37361651444450955]]	0.7137026512252264	0.5106123544140694	[[0.27651641318435477, -0.4047345682549816, -0.38927281076969195], [-0.6807926907964761, 0.01895577765063849, -0.03844762424591937], [0.3275334336942234, 0.33794398665633735, -0.48255049043775555]]	[[0.11640551071845445, 0.14206010141198538, 0.04055455283256232], [-0.008705586330505392, 0.02708692961770164, 0.2015612979718869], [0.1485504811875128, -0.12066363207387737, 0.03418506003317898]]	0.7444112156132354	[[-1.9070604835322973e-16, -0.9550896081919997, 0.0], [-1.0, 1.7938038903913487e-16, 0.0], [0.0, 0.0, -0.9550896081919997]]
3	[[-0.30792515101507295, 0.09349718223056193, 0.9468053539599837], [0.3027085282091916, -0.9338174967034747, 0.1906631317268273], [0.9019698710720718, 0.34531602882779927, 0.2592434992682147]]	0.7239537285165932	0.2760462714834068	[[-0.22292356118139703, 0.06768763368161068, 0.685443266178803], [0.2191469676508146, -0.6760406584925119, 0.13803128510428697], [0.6529844511722575, 0.24999282658642866, 0.18768029788891277]]	0.8543432956994153	0.25655835954811396	[[-0.26136627987662125, 0.08074239430894525, 0.7484973784640239], [0.2431440962077333, -0.8497645727505831, 0.11955630980672528], [0.6847830191633963, 0.2680070594316738, 0.18062388556767603]]	[[0.0017075084703363074, 0.0008637035034781745, -0.06039942802400005], [-0.015472905418826916, -0.05196385503515878, -0.043335458521144114], [-0.08580889310989422, -0.02701137469490248, -0.04085905998577951]]	0.46861547142642385	[[0.0, 0.0, 0.9847999999999999], [0.0, -1.0, 0.0], [0.9847999999999999, 0.0, 0.0]]
3	[[0.8787972042104137, -0.3840163418041313, 0.28327887866788265], [-0.395223040501579, -0.9183905790867732, -0.018907472103605397], [0.2674214316928388, -0.09534250611366366, -0.9588511794847616]]	0.6943927228686715	0.3056072771313287	[[0.610230383481045, -0.26665815321143715, 0.196706791889375], [-0.27444000323432666, -0.6377237348690005, -0.013129211036586003], [0.18569549610662878, -0.06620514242538986, -0.6658192813482608]]	0.8443918502860537	0.2885514124772485	[[0.6192560776729211, -0.27019760579164676, 0.24597008500677967], [-0.345574779143961, -0.8501421095699772, -0.015965315353795306], [0.2190367690118139, -0.08050643514822584, -0.7246605360786197]]	[[-0.12279311961652112, 0.0540626636044252, 0.0067717085014477475], [-0.011851664699152806, -0.07466058920961632, 0.0], [-0.0067717085014477475, 0.0, 0.08498558551548319]]	0.47402194876537745	[[0.6857741049892017, -0.6857741049892015, 0.0], [-0.7071067811865475, -0.7071067811865476, 0.0], [0.0, 0.0, -0.9698310399999998]]
3	[[0.5319609947059123, -0.8460851799387872, 0.03402011756955908], [-0.703274286200726, -0.4190807785627857, 0.5742617690636116], [-0.47161719485230363, -0.3294103357928521, -0.8179645788128509]]	0.5206962500304597	0.4793037499695403	[[0.2769900951058417, -0.4405533804004732, 0.017714147644064773], [-0.3661922835675663, -0.21821378985748796, 0.2990159496872804], [-0.24556930480947914, -0.17152272656861256, -0.4259110888455959]]	0.7223336723910451	0.4848555991687779	[[0.49833190129871807, -0.6172756765746715, 0.11128311705703048], [-0.4201180262421701, -0.23631231963082303, 0.28698875494437737], [-0.29674750666282046, -0.06426780325385467, -0.5119443236182537]]	[[0.11407856242400316, -0.006119861393849242, 0.08670924059783579], [0.0878806716073912, 0.06640383817693228, -0.12781985761711945], [0.04391747365760715, 0.1736763743229635, 0.07889903448142727]]	0.6537519293753955	[[0.6857741049892017, -0.6857741049892015, 0.0], [-0.7071067811865475, -0.7071067811865476, 0.0], [0.0, 0.0, -0.9698310399999998]]
3	[[0.8489524140446696, -0.5135124485683378, 0.12483895166604869], [0.522794976890395, 0.7815435453534784, -0.34040431673891397], [0.0772347773085365, 0.35425224329800037, 0.9319550081910795]]	0.7600940483188225	0.23990595168117745	[[0.6452836772212501, -0.3903177558944191, 0.09488934415972475], [0.39737335042536565, 0.5940465973251707, -0.2587392951752839], [0.058705694555448246, 0.26926502173440164, 0.7083734550269591]]	0.8840329511109072	0.19476137724151626	[[0.7573906557730167, -0.4438317291614017, 0.05452541079933004], [0.4676938179845159, 0.6257873480934888, -0.2730965752736679], [0.03911205776805649, 0.27624505410797795, 0.8102804363321481]]	[[0.006888747832378712, 0.010130196178653936, -0.0558363360555989], [0.005525831738141649, -0.06512289872702781, 0.02783205742392627], [-0.029166030344402745, -0.03692560197241235, -0.013598499861601521]]	0.431740450694111	[[0.696358758112512, -0.6963587581125119, 0.0], [0.7071067811865475, 0.7071067811865476, 0.0], [0.0, 0.0, 0.9847999999999999]]
3	[[-0.5446221603179724, 0.8109226453022452, -0.2139887049042392], [-0.8354447797583356, -0.5021691245819775, 0.22328947644507607], [0.07361197229480154, 0.30038414347728, 0.9509735242804028]]	0.6240306563627538	0.37596934363724643	[[-0.33986092417292524, 0.5060405906073806, -0.133535511975608], [-0.5213431542674304, -0.31336892841800074, 0.13933947854491646], [0.04593612738728183, 0.18744891421509063, 0.5934366325403009]]	0.7891508967909883	0.30777572513000684	[[-0.46920430324253715, 0.5927829974074064, -0.11951451482282847], [-0.668895058207046, -0.4335495532576349, 0.04424622427021475], [0.09070703576145836, 0.1566503354260244, 0.7448746743320689]]	[[-0.03941523701536395, -0.04715733536098095, 0.04935486355549408], [-0.009603061041405726, -0.037262338253021755, -0.1319628663104073], [0.03261608181046237, -0.08039808078086393, -0.005586935178297725]]	0.3887608426173138	[[-0.6857741049892017, 0.6857741049892015, 0.0], [-0.7071067811865475, -0.7071067811865476, 0.0], [0.0, 0.0, 0.9698310399999998]]
3	[[-0.3195682178843842, -0.5708200961323295, -0.7563336379995778], [0.910087742671785, 0.03735879733279218, -0.41272826520656647], [0.2638493031197415, -0.8202248094963509, 0.507557688474819]]	0.4749495687764869	0.525050431223513	[[-0.15177878727885868, -0.2711107585070028, -0.35922033521905095], [0.4322457809307306, 0.017743544683217857, -0.19602511158172625], [0.12531511273869783, -0.389565419570068, 0.24106430527030578]]	0.674464516209104	0.5495879072930195	[[-0.2578666797064997, -0.27520077459403947, -0.4810063123702157], [0.5899533211988559, -0.035558846978602295, -0.07169348388746691], [0.2891948793054073, -0.45701474532485326, 0.3135389491765904]]	[[-0.042329256235302926, 0.10979712538628639, 0.029113888875841227], [-0.023868567870105124, -0.06075603014781799, 0.20667708583090272], [0.11123788672464163, 0.09619778399480766, -0.028790701628789418]]	0.9054069786163109	[[0.0, 0.0, -0.9550896081919997], [0.7071067811865475, 0.7071067811865476, 0.0], [0.6753503385933658, -0.6753503385933657, 0.0]]
3	[[-0.8305561570912853, 0.32773595720904825, 0.4502950280316503], [-0.5100865793185324, -0.772219296347621, -0.37879947194723407], [0.22358030216652452, -0.5443036842615101, 0.808545204538665]]	0.5329488917648629	0.46705110823513696	[[-0.4426439834702839, 0.1746665151860588, 0.2399842361566959], [-0.2718500771519417, -0.4115534181879068, -0.2018807587753937], [0.11915687426010241, -0.2900860453107037, 0.4309132707006759]]	0.7591992001695317	0.44147386938224503	[[-0.5395109462090725, 0.15281193613297386, 0.2513283207358268], [-0.5528635371338746, -0.6005306655116683, -0.29224718088704854], [0.23512684441457754, -0.34146370458294034, 0.4871915030064195]]	[[0.09104662395051132, -0.09600494044693149, -0.09053530438611902], [-0.1656062140980324, -0.014262393369075806, -0.004662924760067455], [0.06538485783608988, 0.07177121715772748, -0.12665536958024542]]	0.6804546509099988	[[-0.6753503385933656, 0.6753503385933659, 0.0], [-0.7071067811865477, -0.7071067811865474, 0.0], [0.0, 0.0, 0.9550896081919997]]
3	[[0.034229894132735264, 0.2773841392786001, 0.9601491309293217], [-0.1827544195208179, -0.9427759796974285, 0.2788803941677556], [0.9825625356654255, -0.18501754344446375, 0.018422055382213542]]	0.8665752306475693	0.1334247693524308	[[0.02966277840311694, 0.24037422447333043, 0.8320414545911402], [-0.15837045324811538, -0.8169863120552872, 0.2416708418990079], [0.8514643559699268, -0.16033162038423285, 0.01596409689184399]]	0.9265378754193212	0.12399894278913937	[[0.010127247487330364, 0.24055222532044898, 0.8745130947911848], [-0.16410907529877106, -0.8273982313709715, 0.25258845541501246], [0.9082924014341267, -0.16319660835425986, 0.0]]	[[-0.021588045898242453, -0.016454685761762275, -0.015101441065776674], [0.005219816287538901, 0.04611942185425291, -0.005804792493282657], [-0.002089002827937573, 0.008229153264075507, -0.017068732054693204]]	0.344789348576653	[[0.0, 0.0, 0.9847999999999999], [0.0, -1.0, 0.0], [0.9847999999999999, 0.0, 0.0]]
3	[[0.04673222253661188, -0.9725397674033924, -0.22799671093185395], [-0.8377629715199755, -0.16246744520517667, 0.5213036857710898], [-0.5440306084466285, 0.16664552219444034, -0.8223502702654952]]	0.5611793935349914	0.4388206064650085	[[0.026225160301638094, -0.5457692768600975, -0.12794705596871053], [-0.47013531628365207, -0.09117338236942048, 0.29254488622857583], [-0.3052987669125515, 0.093518033080398, -0.4614860259409268]]	0.7548796642503064	0.37170726507605345	[[-0.014283684843396906, -0.8229155797143675, -0.16839831286605095], [-0.6505536736397616, -0.16255921346377875, 0.23554363611359805], [-0.2777648908882537, 0.02347535857255259, -0.6207754959141658]]	[[-0.04956088930150496, -0.08876508662682363, 0.003711767732361128], [-0.018143442977423603, -0.03991584297569008, -0.15797791517372942], [0.1329127521578271, -0.10232195727040352, 0.0]]	0.6190034070157041	[[1.9070604835322973e-16, -0.9550896081919997, 0.0], [-1.0, -1.7938038903913487e-16, 0.0], [0.0, 0.0, -0.9550896081919997]]
3	[[-0.42203838922340475, -0.825029846081567, 0.3757783270710803], [0.2588054115689476, 0.28760896992378115, 0.9221175843470338], [-0.8688517462515349, 0.4864224845687207, 0.09214016247897017]]	0.4623623501506769	0.5376376498493232	[[-0.19513466149513953, -0.3814627385787246, 0.17374575044027446], [0.11966187832473177, 0.13297955925837476, 0.42635245341395955], [-0.40172433532937923, 0.22490344313132504, 0.04260214206704187]]	0.6616176555522718	0.5935269495299091	[[-0.1277062103373774, -0.3943324732314693, 0.36456577281190095], [0.12794999922271516, 0.09843651099226303, 0.6541439406736027], [-0.5254128465404024, 0.18811614260447607, -0.032257485187667086]]	[[0.15152183929366886, 0.15152183929366883, 0.11594419704777789], [-0.04328023042377277, -0.09185066140451295, 0.04405466637439383], [0.04943480883703555, -0.13370956124379207, -0.0932190434692087]]	0.6597250128344485	[[0.0, -0.6753503385933657, 0.6753503385933658], [0.0, 0.7071067811865476, 0.7071067811865475], [-0.9550896081919997, 0.0, 0.0]]
3	[[0.08740825448676931, -0.06334395238859675, -0.994156597696443], [0.7119981850616444, -0.6940087028176986, 0.10681996481098455], [-0.6967197295301035, -0.717174639895393, -0.015561310176609944]]	0.8275749807387337	0.1724250192612664	[[0.07233688452329444, -0.05242187017790822, -0.8227391271899189], [0.5892318842884037, -0.5743442388668705, 0.08840153032096275], [-0.576587816746171, -0.593515788797738, -0.01287815096967743]]	0.9122691220638678	0.13553112508476367	[[0.05993249763132329, -0.028599194032227826, -0.8836334280420156], [0.6330301364701107, -0.6373712673377119, 0.0664013523858143], [-0.6450458730882827, -0.6394205526163247, 0.024130533530353045]]	[[-0.01980735395045688, 0.02918753780137278, 0.023304938532520317], [-0.01650382272714282, -0.0042485573135260255, -0.031047203131195845], [-0.009449977105279603, 0.0148357264875159, 0.03832663630333254]]	0.13217900963484283	[[0.0, 0.0, -0.9550896081919997], [0.7071067811865475, -0.7071067811865476, 0.0], [-0.6753503385933658, -0.6753503385933657, 0.0]]
3	[[0.8592155572171323, 0.2624339665249735, -0.4391776855101157], [-0.4266000482917053, 0.8413623931712975, -0.33184593135155627], [0.2824199444684594, 0.4724804086637203, 0.8348660002631537]]	0.6076376665932384	0.39236233340676174	[[0.5220917362880272, 0.15946476305404295, -0.2668609040431858], [-0.2592182579125346, 0.5112434813459099, -0.20164208739491957], [0.1716089960562066, 0.28709689303144265, 0.5072960283179326]]	0.8080350915722073	0.34548871228495165	[[0.5844115960319458, 0.21583954577098152, -0.29277444616222015], [-0.3243279009108012, 0.7526305807085569, -0.27287470605895753], [0.25117319007462346, 0.3610541127537891, 0.5658630090211274]]	[[-0.10986472542426483, 0.0037836915983169277, 0.0620965351654162], [0.020379908175294892, 0.07278024229697598, -0.004731548531438327], [0.022967964384234135, -0.020726637526874085, -0.10873801595203247]]	0.6345462017783424	[[0.9550896081919997, 0.0, 0.0], [0.0, 0.7071067811865476, -0.7071067811865475], [0.0, 0.6753503385933657, 0.6753503385933658]]
3	[[0.3802729664721569, 0.7767473726770865, -0.5020517802076895], [0.4287143634067757, 0.332951791095048, 0.839849450446521], [0.8195098935212374, -0.5346088512602871, -0.20639019011321075]]	0.5521538618100548	0.44784613818994545	[[0.20996918697956696, 0.42888406147446717, -0.2772098292702886], [0.23671629136849048, 0.1838406172497053, 0.4637261174030989], [0.45249555249929807, -0.2951863417812047, -0.1139591405107207]]	0.7156614157474164	0.4428806353017719	[[0.22281902166391496, 0.4805856800402891, -0.31288448412085895], [0.3355570713657333, 0.21809028664318036, 0.48802427003653603], [0.6010522919698548, -0.30754009778735514, -0.056221610379489625]]	[[-0.04932766789201867, -0.07530244436788062, 0.04641460368108677], [0.02874274309878792, -0.02019046354753963, -0.1130235766847108], [0.014560681353431675, 0.07505882957668178, 0.09148388527330922]]	0.6772654733320805	[[0.0, 0.6753503385933657, -0.6753503385933658], [0.0, 0.7071067811865476, 0.7071067811865475], [0.9550896081919997, 0.0, 0.0]]
