3	[[-0.3195682178843842, -0.5708200961323295, -0.7563336379995778], [0.910087742671785, 0.03735879733279218, -0.41272826520656647], [0.2638493031197415, -0.8202248094963509, 0.507557688474819]]	0.439097082849382	0.560902917150618	[[-0.1403214722444088, -0.25064543904350967, -0.33210389410647495], [0.3996168729441597, 0.016404138927590326, -0.18122777726168943], [0.11585545931172078, -0.36015832113053775, 0.22286710038706833]]	0.6453452251375957	0.559381574944856	[[-0.2626123479573901, -0.2626123479573901, -0.4338565101704739], [0.6092072695458125, 0.03799958450851651, -0.05734820616943984], [0.3332638798154788, -0.39087861241915306, 0.32212780485089093]]	[[-0.05638052443997181, 0.10576367549419217, 0.05423979172350041], [0.021886490356322903, 0.013890263032915968, 0.20900400906094113], [0.1629899918912715, 0.13844955192871108, -0.005422125888208796]]	0.9238080486809501	[[0.0, 0.0, -0.8590005262159996], [0.7071067811865475, 0.7071067811865476, 0.0], [0.6074050971301461, -0.607405097130146, 0.0]]
3	[[-0.5446221603179724, 0.8109226453022452, -0.2139887049042392], [-0.8354447797583356, -0.5021691245819775, 0.22328947644507607], [0.07361197229480154, 0.30038414347728, 0.9509735242804028]]	0.5755908363266371	0.42440916367336284	[[-0.3134795247394415, 0.4667596436057283, -0.12316993762028502], [-0.48087435948582363, -0.2890439463955556, 0.1285233764899583], [0.04237037669681806, 0.17289836036334813, 0.5473716461650466]]	0.7638932553625688	0.34339054664755225	[[-0.47984628794227824, 0.5698012328899549, -0.10456969906971601], [-0.6750184785673882, -0.4328970981627864, 0.04903118298354722], [0.1269382561231053, 0.10020496753775937, 0.7264422612261718]]	[[-0.06381309295438746, -0.04965710647720298, 0.05889482933040341], [-0.0368278460821287, -0.04929349084328814, -0.12153814206628559], [0.07070656697317011, -0.12925645368239697, 0.0]]	0.4115586042491166	[[-0.6389702263098529, 0.6389702263098529, 0.0], [-0.7071067811865475, -0.7071067811865476, 0.0], [0.0, 0.0, 0.9036403599999998]]
3	[[-0.42203838922340475, -0.825029846081567, 0.3757783270710803], [0.2588054115689476, 0.28760896992378115, 0.9221175843470338], [-0.8688517462515349, 0.4864224845687207, 0.09214016247897017]]	0.4318650542327119	0.5681349457672881	[[-0.18226363185025204, -0.3563015592216219, 0.16228552760002982], [0.11176901310294285, 0.12420826339394812, 0.398230360572969], [-0.37522670651510553, 0.21006887267828106, 0.03979211626599134]]	0.6287635083308569	0.6175062960127925	[[-0.10739548395809848, -0.36078180619959976, 0.32149961403971206], [0.1424416063079938, 0.09029316708352778, 0.6366785187852251], [-0.47992269466140414, 0.17833427517220962, -0.030299828723531538]]	[[0.15796685430031326, 0.15796685430031326, 0.08522391475579934], [-0.020285792245109097, -0.09054485787317275, 0.05688463135760937], [0.0663795775311026, -0.1275104327562314, -0.088234200541984]]	0.6800633340792803	[[0.0, -0.607405097130146, 0.6074050971301461], [0.0, 0.7071067811865476, 0.7071067811865475], [-0.8590005262159996, 0.0, 0.0]]
3	[[-0.30792515101507295, 0.09349718223056193, 0.9468053539599837], [0.3027085282091916, -0.9338174967034747, 0.1906631317268273], [0.9019698710720718, 0.34531602882779927, 0.2592434992682147]]	0.6614014955568792	0.33859850444312084	[[-0.2036621554009471, 0.06183917615764775, 0.6262184771103936], [0.20021187327538104, -0.6176282888968594, 0.12610488047168184], [0.5965642216743139, 0.22839253790646885, 0.17146403812939595]]	0.8257092755506347	0.2850628230132028	[[-0.2297428026036532, 0.072148795965389, 0.7244554360125821], [0.2481151562772534, -0.8480262193383377, 0.11878200612124595], [0.6630239594777474, 0.25034250957014503, 0.15759400663826423]]	[[0.02451385076482241, -0.005052694640233953, -0.057330526893178045], [-0.0018340832533569676, -0.07696445063880453, -0.038650310251127855], [-0.08174092933367243, -0.034788138429279226, -0.056465755333704834]]	0.47518200043800873	[[0.0, 0.0, 0.9505999999999999], [0.0, -1.0, 0.0], [0.9505999999999999, 0.0, 0.0]]
3	[[0.034229894132735264, 0.2773841392786001, 0.9601491309293217], [-0.1827544195208179, -0.9427759796974285, 0.2788803941677556], [0.9825625356654255, -0.18501754344446375, 0.018422055382213542]]	0.820552952552922	0.17944704744707796	[[0.028087440696189868, 0.22760837447640625, 0.7878532042751771], [-0.1499596785299025, -0.7735976137366987, 0.22883613084347457], [0.8062445897081508, -0.1518166915474433, 0.015116271935968768]]	0.8990805319375363	0.15385043684058247	[[0.00912145045732965, 0.22591635611677863, 0.8272421211360867], [-0.16627213516792838, -0.8255324054905295, 0.25492989769144475], [0.8587804080828497, -0.1535544245238294, 0.0]]	[[-0.021653980967695528, -0.023474323376860846, -0.03600927023921131], [-0.0019611944512157604, 0.02209912383376634, 0.0041939645561492505], [-0.024622439145115645, 0.012791246853995296, -0.01656291135242331]]	0.35978956907323745	[[0.0, 0.0, 0.9505999999999999], [0.0, -1.0, 0.0], [0.9505999999999999, 0.0, 0.0]]
3	[[0.8489524140446696, -0.5135124485683378, 0.12483895166604869], [0.522794976890395, 0.7815435453534784, -0.34040431673891397], [0.0772347773085365, 0.35425224329800037, 0.9319550081910795]]	0.7263161323487644	0.27368386765123554	[[0.6166078339170713, -0.3729723755570989, 0.09067254454055881], [0.37971442562639346, 0.5676476851232796, -0.24724114676863174], [0.05609686473755434, 0.2572991192280771, 0.6768939570724058]]	0.8544465306929545	0.21907058472310195	[[0.7034319492168093, -0.42251110711937434, 0.05335652536010252], [0.4728451423106642, 0.62698092259673, -0.26745085620057446], [0.03109939378948157, 0.2519975577838341, 0.7650625765757408]]	[[-0.02195249568706726, 0.016257823027486105, -0.053311683786298206], [0.026144788042962837, -0.04080624831602124, 0.02340643126989625], [-0.034893593730640375, -0.050692042492338774, -0.031243146935051046]]	0.4432727156958802	[[0.672175706195932, -0.6721757061959319, 0.0], [0.7071067811865475, 0.7071067811865476, 0.0], [0.0, 0.0, 0.9505999999999999]]
3	[[0.22433838825039393, -0.7661379269479729, -0.6022499185961573], [-0.9416906372873723, -0.011392912655017143, -0.3362869982418849], [0.2507808429735371, 0.642575192824231, -0.724020780340167]]	0.4688378532024419	0.5311621467975581	[[0.10517832833821061, -0.3591944609272568, -0.2823575589259678], [-0.4415002167666512, -0.005341428710901185, -0.15766407431561869], [0.11757555204401184, 0.30126357392485764, -0.33944834832864074]]	0.6800082686744592	0.5398412161226517	[[0.29622459521189426, -0.3977269835536129, -0.310692095642713], [-0.6736561837819571, -0.04608806552948213, -0.04073940387514793], [0.27815592970146347, 0.276349909794962, -0.4854320590323815]]	[[0.14367263622052534, 0.1232531417161174, 0.09884282881119388], [-0.03329876389322293, -0.03834079071978465, 0.18793853557704712], [0.10762288285430706, -0.16060653457060017, 0.006908058291066367]]	0.7328034917362839	[[-1.7151960871829158e-16, -0.8590005262159996, 0.0], [-1.0, 1.7938038903913487e-16, 0.0], [0.0, 0.0, -0.8590005262159996]]
3	[[0.3802729664721569, 0.7767473726770865, -0.5020517802076895], [0.4287143634067757, 0.332951791095048, 0.839849450446521], [0.8195098935212374, -0.5346088512602871, -0.20639019011321075]]	0.5271347301062366	0.47286526989376365	[[0.20045508754799843, 0.4094505166568644, -0.264648929659136], [0.22599023024709777, 0.1755104525372762, 0.4427138133909979], [0.4319921265407082, -0.2818108925214966, -0.10879543716190224]]	0.6818335958687821	0.467137701828323	[[0.17038556212418565, 0.4330305181737383, -0.28614890290455647], [0.3293638632116086, 0.19764828519729996, 0.4698626336809417], [0.5756119392279185, -0.29307311206098996, -0.07186009691467969]]	[[-0.0888973220172139, -0.09658193602030868, 0.056166867706775855], [0.037052007209370935, -0.029369431775988136, -0.1027749371054304], [0.016842561678290457, 0.07144116337709051, 0.06886366856225233]]	0.7012052125637432	[[0.0, 0.607405097130146, -0.6074050971301461], [0.0, 0.7071067811865476, 0.7071067811865475], [0.8590005262159996, 0.0, 0.0]]
3	[[0.08740825448676931, -0.06334395238859675, -0.994156597696443], [0.7119981850616444, -0.6940087028176986, 0.10681996481098455], [-0.6967197295301035, -0.717174639895393, -0.015561310176609944]]	0.7247445250080521	0.27525547499194813	[[0.06334865387979655, -0.045908182686006216, -0.7205095511811299], [0.5160167864390965, -0.502979007675067, 0.07741718465831383], [-0.5049438094420334, -0.5197683937388075, -0.011277974352450142]]	0.8667913567443241	0.21193240852616446	[[0.041286440787405086, -0.03263929555422733, -0.8041944465437296], [0.6351240338901738, -0.6391349433101875, 0.07198274729637369], [-0.5917308137631799, -0.5747658015759187, 0.029193922251831005]]	[[-0.03447827870983483, 0.022266694878232317, 0.05753189958989126], [0.017970161061094655, -0.03757419820246616, -0.020607874929520563], [0.012179825866757078, 0.0468749775616309, 0.042682331412534]]	0.19655960665388683	[[0.0, 0.0, -0.8590005262159996], [0.7071067811865475, -0.7071067811865476, 0.0], [-0.6074050971301461, -0.607405097130146, 0.0]]
3	[[0.8787972042104137, -0.3840163418041313, 0.28327887866788265], [-0.395223040501579, -0.9183905790867732, -0.018907472103605397], [0.2674214316928388, -0.09534250611366366, -0.9588511794847616]]	0.630947588763916	0.3690524112360841	[[0.5544749770090313, -0.2422941849072564, 0.17873412544324643], [-0.2493650244284148, -0.5794563214182962, -0.011929623933390816], [0.16872890751039088, -0.060156124339125004, -0.6049848396793471]]	0.8194744111530462	0.32768778668688364	[[0.5850399207990777, -0.2520313589510371, 0.23690077148751731], [-0.344332267442418, -0.8486592377891703, -0.021036653226848487], [0.21241197891270822, -0.07813074405535023, -0.681560706568701]]	[[-0.13511190064419426, 0.0626602066220503, 0.004760979199058972], [-0.020457099053269912, -0.09606165878353176, -0.005542463658353803], [-0.006733041353485392, 0.0, 0.10419329912297771]]	0.4908440248283656	[[0.6389702263098529, -0.6389702263098529, 0.0], [-0.7071067811865475, -0.7071067811865476, 0.0], [0.0, 0.0, -0.9036403599999998]]
3	[[-0.8305561570912853, 0.32773595720904825, 0.4502950280316503], [-0.5100865793185324, -0.772219296347621, -0.37879947194723407], [0.22358030216652452, -0.5443036842615101, 0.808545204538665]]	0.4922260007183023	0.5077739992816976	[[-0.4088213355770054, 0.16132015950859444, 0.221646920791355], [-0.25107787695804024, -0.38010641591869104, -0.18645494915079175], [0.11005203797481795, -0.2679204256802807, 0.39798697243002873]]	0.7221214564159304	0.48222077496306953	[[-0.49164336173633116, 0.12276964727623826, 0.25331189511112495], [-0.5535797104709234, -0.5882140862170278, -0.285169238551584], [0.21454311735739443, -0.3267460155314368, 0.44103024258042745]]	[[0.10811906005764603, -0.11389551946342868, -0.07185580634794253], [-0.1852352469152047, -0.03057796326599875, -0.011630012179461961], [0.053090983930989905, 0.06630735368004165, -0.14283759809914967]]	0.6813240598862149	[[-0.6389702263098529, 0.6389702263098529, 0.0], [-0.7071067811865475, -0.7071067811865476, 0.0], [0.0, 0.0, 0.9036403599999998]]
3	[[0.8592155572171323, 0.2624339665249735, -0.4391776855101157], [-0.4266000482917053, 0.8413623931712975, -0.33184593135155627], [0.2824199444684594, 0.4724804086637203, 0.8348660002631537]]	0.5501249095290797	0.44987509047092034	[[0.4726758806800527, 0.14437146209190854, -0.24160258450844302], [-0.23468331297157538, 0.46285441042452996, -0.1825567129623681], [0.15536624639991894, 0.25992324207039175, 0.459280582863672]]	0.7737703082668428	0.40366217515349034	[[0.5138557162119339, 0.20917565308986258, -0.29338459211586954], [-0.3552704090682444, 0.7489554847392307, -0.25080466443368415], [0.24527041212466055, 0.3315992446031988, 0.5112603842438952]]	[[-0.15097977036363372, 0.006112041912143514, 0.046438060985211214], [-0.02517995819492166, 0.09793424641094724, 0.005967864165307106], [0.02674224463259612, -0.03399206685857188, -0.13473413814123114]]	0.6657610988236645	[[0.8590005262159996, 0.0, 0.0], [0.0, 0.7071067811865476, -0.7071067811865475], [0.0, 0.607405097130146, 0.6074050971301461]]
3	[[0.5319609947059123, -0.8460851799387872, 0.03402011756955908], [-0.703274286200726, -0.4190807785627857, 0.5742617690636116], [-0.47161719485230363, -0.3294103357928521, -0.8179645788128509]]	0.4896958239426204	0.5103041760573798	[[0.2604990776078476, -0.4143243793157645, 0.016659509503850034], [-0.3443904810387227, -0.2052221071568181, 0.281213590160352], [-0.2309489708187062, -0.16131086580129597, -0.4005538383776374]]	0.6930944353947741	0.5231619344126174	[[0.4353905942706689, -0.574977763048516, 0.10534073546110032], [-0.40292020798258193, -0.22159975950578745, 0.30418657320396547], [-0.29823331760726823, -0.05041362519418732, -0.4644944077646995]]	[[0.06669138899293223, 0.011439167037043573, 0.08176158128216292], [0.08451528633937294, 0.0688627960969888, -0.09383106339398259], [0.028641935781356355, 0.17789884550536245, 0.10243229016051761]]	0.6775938063254254	[[0.6389702263098529, -0.6389702263098529, 0.0], [-0.7071067811865475, -0.7071067811865476, 0.0], [0.0, 0.0, -0.9036403599999998]]
3	[[0.04673222253661188, -0.9725397674033924, -0.22799671093185395], [-0.8377629715199755, -0.16246744520517667, 0.5213036857710898], [-0.5440306084466285, 0.16664552219444034, -0.8223502702654952]]	0.5316017063078818	0.46839829369211816	[[0.024842929240022522, -0.5170037998039139, -0.12120344056395849], [-0.44535622514158024, -0.08636797109055426, 0.2771259288604992], [-0.2892075997339429, 0.08858904394713249, -0.4371628068558851]]	0.7297023515456744	0.4184242781741739	[[-0.006761511712673852, -0.7664124246608234, -0.1048997786240834], [-0.6625209969191754, -0.12732807257607504, 0.23482510625973266], [-0.2742052723916169, 0.004582304040280683, -0.573978601189201]]	[[-0.04086212439059519, -0.05674786941488447, 0.0614699574875698], [-0.051203386563157566, -0.008775195760239753, -0.1455714191168588], [0.122775141904712, -0.11701932537955931, 0.026092324817751915]]	0.650878356902662	[[1.7151960871829158e-16, -0.8590005262159996, 0.0], [-1.0, -1.7938038903913487e-16, 0.0], [0.0, 0.0, -0.8590005262159996]]
