3	[[-0.30792515101507295, 0.09349718223056193, 0.9468053539599837], [0.3027085282091916, -0.9338174967034747, 0.1906631317268273], [0.9019698710720718, 0.34531602882779927, 0.2592434992682147]]	0.5664099152632629	0.4335900847367371	[[-0.17441185869387488, 0.05295773106456642, 0.536279940307278], [0.17145711181243517, -0.5289234891791674, 0.10799348828522057], [0.5108846782439485, 0.19559042262740023, 0.14683808845306126]]	0.783484551820918	0.32030928721695845	[[-0.1648511419836433, 0.07008916896062538, 0.7117023785976845], [0.2597227088814541, -0.8362492452926891, 0.13560658398176612], [0.6566360534053, 0.23206292242907756, 0.09476197302301793]]	[[0.0764034569537897, -0.003164428955805154, -0.030104989811298985], [0.02255525332510595, -0.1046176624054354, -0.013775034327999836], [-0.050043406787573325, -0.03848685165365002, -0.10835130381362579]]	0.4876837131171237	[[0.0, 0.0, 0.9008], [0.0, -1.0, 0.0], [0.9008, 0.0, 0.0]]
3	[[0.08740825448676931, -0.06334395238859675, -0.994156597696443], [0.7119981850616444, -0.6940087028176986, 0.10681996481098455], [-0.6967197295301035, -0.717174639895393, -0.015561310176609944]]	0.5782958748076727	0.4217041251923273	[[0.05054783299383794, -0.03663154636033912, -0.5749166593606844], [0.4117456132916989, -0.4013423699200992, 0.06177354499729314], [-0.40291014548437626, -0.41473913576818394, -0.008999041481736185]]	0.7964032072912536	0.32692766688685854	[[0.03458191890236215, -0.02736562234664822, -0.685028597690876], [0.6362140600341302, -0.6401986417489366, 0.07089272115241729], [-0.503738783866635, -0.4894910589635282, 0.024453109362303528]]	[[-0.03503029531463101, 0.023081704498134695, 0.10672090526433166], [0.06917642186548505, -0.0874878849368789, -0.014179041425789634], [0.05113104331423432, 0.08166912443711266, 0.03684618669660972]]	0.3025901649571305	[[0.0, 0.0, -0.7309457285120001], [0.7071067811865475, -0.7071067811865476, 0.0], [-0.5168566813101765, -0.5168566813101764, 0.0]]
3	[[0.8787972042104137, -0.3840163418041313, 0.28327887866788265], [-0.395223040501579, -0.9183905790867732, -0.018907472103605397], [0.2674214316928388, -0.09534250611366366, -0.9588511794847616]]	0.5505755323422408	0.44942446765775934	[[0.4838442385290213, -0.21143000181692947, 0.15596641942388254], [-0.2176001359180758, -0.505643381978799, -0.010409991518688613], [0.14723569711400888, -0.052493251058373706, -0.527919998581808]]	0.7810280648686238	0.3805882032956631	[[0.5401616572361326, -0.2268064113431419, 0.21977221747995246], [-0.34558237944575576, -0.8462108377845889, -0.02569750172068613], [0.1975649129387813, -0.07446517304967967, -0.6254707687871675]]	[[-0.14620362258028374, 0.07312112897406677, -0.0014765369441776008], [-0.03690209293131379, -0.12892202100687153, -0.010930235372049723], [-0.011298730360673442, 0.0, 0.12341891242281336]]	0.5171574097088026	[[0.9008, 0.0, 0.0], [0.0, -1.0, 0.0], [0.0, 0.0, -0.9008]]
3	[[0.8592155572171323, 0.2624339665249735, -0.4391776855101157], [-0.4266000482917053, 0.8413623931712975, -0.33184593135155627], [0.2824199444684594, 0.4724804086637203, 0.8348660002631537]]	0.4753491600094174	0.5246508399905828	[[0.4084273933901873, 0.12474776554558573, -0.2087627439021136], [-0.20278397461543898, 0.3999409068574893, -0.15774268472050507], [0.1342480833729885, 0.2245931653792057, 0.3968528519455122]]	0.7241251851612501	0.48159292948266513	[[0.43749594702706407, 0.17296376465280355, -0.27958303043364513], [-0.3488265528084317, 0.7495120836726803, -0.2559047719995606], [0.2321044425130565, 0.3016759508791246, 0.43166020177001907]]	[[-0.1846836774362185, -0.017071279949694235, 0.03843659240505675], [-0.039914713849402365, 0.14026038492980203, -0.015606775514607376], [0.02759704793160334, -0.0404590125295551, -0.17288729525536942]]	0.6903668035414876	[[0.6369617884928421, 0.636961788492842, 0.0], [-0.7071067811865475, 0.7071067811865476, 0.0], [0.0, 0.0, 0.9008]]
3	[[0.8489524140446696, -0.5135124485683378, 0.12483895166604869], [0.522794976890395, 0.7815435453534784, -0.34040431673891397], [0.0772347773085365, 0.35425224329800037, 0.9319550081910795]]	0.6362067229095928	0.36379327709040726	[[0.5401092332455469, -0.32670007207694307, 0.07942338033092589], [0.3326056790010345, 0.49722325780048116, -0.21656751481674355], [0.04913728456611619, 0.2253776587919926, 0.5929160416604294]]	0.8065910838556903	0.2918557719242977	[[0.6300299048626973, -0.38929649711777453, 0.052800250917648395], [0.4765681113743383, 0.6239113846464095, -0.264999331386142], [0.023475904260655562, 0.22302447599222935, 0.6972967068222208]]	[[-0.05472754292349748, 0.024898065346350425, -0.047893734414077946], [0.054886344330004, -0.006474670680671539, 0.009567755401454301], [-0.03882097847998978, -0.06271222488781444, -0.054409893339360686]]	0.46205687157763464	[[0.6369617884928421, -0.636961788492842, 0.0], [0.7071067811865475, 0.7071067811865476, 0.0], [0.0, 0.0, 0.9008]]
3	[[0.034229894132735264, 0.2773841392786001, 0.9601491309293217], [-0.1827544195208179, -0.9427759796974285, 0.2788803941677556], [0.9825625356654255, -0.18501754344446375, 0.018422055382213542]]	0.7233159382056125	0.27668406179438776	[[0.024759027989298195, 0.20063636894565692, 0.6944911694554458], [-0.13218918441692246, -0.6819248922725608, 0.20171863395460118], [0.7107031423305228, -0.13382613802102994, 0.013324966272461537]]	0.8553701938086283	0.2221570522448292	[[0.009250351276023472, 0.20458915050848225, 0.7599348713750476], [-0.16943984649977456, -0.8226884182951016, 0.25862817881801603], [0.7881500478854031, -0.14030330966767496, 0.0]]	[[-0.020028879902343123, -0.03267697446569343, -0.06134807683315256], [-0.013117163254869193, -0.016265945823192823, 0.020082202009316277], [-0.05230465867582903, 0.0179551823264123, -0.015757677082637284]]	0.38318296915420624	[[0.0, 0.0, 0.9008], [0.0, -1.0, 0.0], [0.9008, 0.0, 0.0]]
3	[[0.3802729664721569, 0.7767473726770865, -0.5020517802076895], [0.4287143634067757, 0.332951791095048, 0.839849450446521], [0.8195098935212374, -0.5346088512602871, -0.20639019011321075]]	0.4690428846731016	0.5309571153268987	[[0.17836432915729813, 0.3643278283427134, -0.23548381524388065], [0.20108542171310645, 0.1561686685522973, 0.39392540892855543], [0.3843852844753475, -0.25075447776689824, -0.09680585013893023]]	0.6281369919937454	0.549864120165246	[[0.1090078579782141, 0.3845184472490184, -0.22891363148599703], [0.30300504963050146, 0.14263562481536066, 0.46092490686303633], [0.5367626857778667, -0.26042102455505833, -0.09158457536667503]]	[[-0.1298556593181449, -0.10338531096341146, 0.08644366355876598], [0.03371369897565595, -0.06650371172201264, -0.0666156006680415], [0.021998206352322112, 0.07538657116881003, 0.038056737828054424]]	0.7429770663575518	[[0.0, 0.5168566813101764, -0.5168566813101765], [0.0, 0.7071067811865476, 0.7071067811865475], [0.7309457285120001, 0.0, 0.0]]
3	[[-0.42203838922340475, -0.825029846081567, 0.3757783270710803], [0.2588054115689476, 0.28760896992378115, 0.9221175843470338], [-0.8688517462515349, 0.4864224845687207, 0.09214016247897017]]	0.38828547033506966	0.6117145296649305	[[-0.1638713744590649, -0.3203471018262513, 0.14590926446852], [0.10049038095631013, 0.11167438415944021, 0.35804485994242624], [-0.3373625089447238, 0.1888707832023189, 0.035776686324896674]]	0.5796567388641823	0.6568905339283098	[[-0.08152781021479616, -0.31512452388732437, 0.26578600598366486], [0.1644028620892751, 0.07856979630250802, 0.6108483380682106], [-0.4185418197884596, 0.16326772870243497, -0.027111555729358923]]	[[0.1631095861579351, 0.16310958615793508, 0.04796356637780434], [0.014384561218816386, -0.08814468127159765, 0.07633666627629145], [0.0850939500001552, -0.1186903424128828, -0.08052122183033467]]	0.7189003124477951	[[0.0, -0.5168566813101764, 0.5168566813101765], [0.0, 0.7071067811865476, 0.7071067811865475], [-0.7309457285120001, 0.0, 0.0]]
3	[[-0.5446221603179724, 0.8109226453022452, -0.2139887049042392], [-0.8354447797583356, -0.5021691245819775, 0.22328947644507607], [0.07361197229480154, 0.30038414347728, 0.9509735242804028]]	0.5028544720687814	0.4971455279312186	[[-0.27386568890365326, 0.40777607869208027, -0.10760517723330348], [-0.42010714366799734, -0.25251799003091246, 0.11228211179630336], [0.0370161094662442, 0.15104950988610075, 0.4782012895034105]]	0.7195975069605445	0.39593470075660897	[[-0.4460940527130399, 0.5188076768388702, -0.07409639151349869], [-0.680875718606718, -0.4656193726468934, 0.03922055238778176], [0.09116980515544573, 0.07679608424135914, 0.6749177883288595]]	[[-0.05418530391276094, -0.06473023705847518, 0.07988934705330747], [-0.07969173788941879, -0.10425972252514325, -0.12145799819262018], [0.038198813409657875, -0.13935959653537, -0.009400388928801193]]	0.4517886980566935	[[-0.5737751790743522, 0.573775179074352, 0.0], [-0.7071067811865475, -0.7071067811865476, 0.0], [0.0, 0.0, 0.81144064]]
3	[[0.22433838825039393, -0.7661379269479729, -0.6022499185961573], [-0.9416906372873723, -0.011392912655017143, -0.3362869982418849], [0.2507808429735371, 0.642575192824231, -0.724020780340167]]	0.4022130550977871	0.5977869449022128	[[0.09023182851390446, -0.30815067622402936, -0.24223277969095403], [-0.37876026818033615, -0.0045823782054366675, -0.13525902095253273], [0.10086732901238481, 0.25845213143588364, -0.2912106100149024]]	0.6233906824808707	0.5845382962172845	[[0.2460022419008272, -0.38091805209224283, -0.2374564035739522], [-0.6914386364171234, -0.04743750440926364, -0.040846602801456494], [0.21887552261201781, 0.2188755226120178, -0.4529588672198014]]	[[0.10615178094275562, 0.09668519306233349, 0.13798058420375509], [-0.10439746735270235, -0.0403352688138076, 0.1687915785419955], [0.06254108175761647, -0.18169986538795665, -0.0016110588332120639]]	0.735057529627186	[[1.4595046396649075e-16, -0.7309457285120001, 0.0], [-1.0, -1.7938038903913487e-16, 0.0], [0.0, 0.0, -0.7309457285120001]]
3	[[-0.3195682178843842, -0.5708200961323295, -0.7563336379995778], [0.910087742671785, 0.03735879733279218, -0.41272826520656647], [0.2638493031197415, -0.8202248094963509, 0.507557688474819]]	0.3899933863513928	0.6100066136486072	[[-0.12462949146301072, -0.22261606228807476, -0.29496511669492376], [0.35492820064146435, 0.014569683881831025, -0.1609612937908446], [0.1028994832101231, -0.3198822510249079, 0.19794414169697994]]	0.596301697983343	0.6221043207736962	[[-0.2542982252497658, -0.25429822524976575, -0.34498030755317177], [0.6114155649779052, -0.09495439220679927, -0.05605461665504646], [0.20351225907649484, -0.3138830005904938, 0.3186591164282432]]	[[-0.06373915430379662, 0.08608276731695735, 0.10602272502789542], [0.0687286987088921, -0.11723150649095888, 0.19005594869334863], [0.04617847161447122, 0.17521844604024434, 0.016001604966208057]]	0.9383928576089301	[[-1.4595046396649075e-16, -0.7309457285120001, 0.0], [1.0, -1.7938038903913487e-16, 0.0], [0.0, 0.0, 0.7309457285120001]]
3	[[-0.8305561570912853, 0.32773595720904825, 0.4502950280316503], [-0.5100865793185324, -0.772219296347621, -0.37879947194723407], [0.22358030216652452, -0.5443036842615101, 0.808545204538665]]	0.4367798817699714	0.5632201182300285	[[-0.36277022009765336, 0.1431484726415365, 0.1966798091052702], [-0.22279555580719776, -0.3372898529592044, -0.1654519885716405], [0.0976553779463891, -0.23774089885870225, 0.3531562788440754]]	0.6665785147968344	0.5483618078432575	[[-0.4153621306318714, 0.09454956032317122, 0.2458701576081476], [-0.5417864426361636, -0.5927197704278315, -0.26638793821578977], [0.19350681716224208, -0.29958904660780417, 0.37387219502554525]]	[[0.1382687590174037, -0.12391218727875498, -0.054286833397588746], [-0.2017736881762186, -0.07797497877097784, -0.013888348799377358], [0.044472991406252736, 0.06323209484567834, -0.16508666656194057]]	0.6907564101628503	[[-0.5737751790743522, 0.573775179074352, 0.0], [-0.7071067811865475, -0.7071067811865476, 0.0], [0.0, 0.0, 0.81144064]]
3	[[0.04673222253661188, -0.9725397674033924, -0.22799671093185395], [-0.8377629715199755, -0.16246744520517667, 0.5213036857710898], [-0.5440306084466285, 0.16664552219444034, -0.8223502702654952]]	0.484769533359934	0.5152304666400659	[[0.022654357711945974, -0.4714576492181213, -0.11052585916603458], [-0.40612196476997026, -0.07875926759829419, 0.25271214449006485], [-0.2637294641901931, 0.08078467203072139, -0.3986503567750198]]	0.6771610504064057	0.4989451678399916	[[-9.800400596339307e-17, -0.6606149379710248, -0.09911553696843621], [-0.6714881426200477, -0.13559903711347693, 0.23229296205355218], [-0.2401243389174195, 0.0, -0.49082138959458066]]	[[-0.031645240900718, -0.00204888751414199, 0.055274955295383676], [-0.10418768883398939, -0.02558241126149445, -0.12071358938392976], [0.12827199935153552, -0.11284585685471123, 0.06604218322039374]]	0.7016006394669025	[[1.4595046396649075e-16, -0.7309457285120001, 0.0], [-1.0, -1.7938038903913487e-16, 0.0], [0.0, 0.0, -0.7309457285120001]]
3	[[0.5319609947059123, -0.8460851799387872, 0.03402011756955908], [-0.703274286200726, -0.4190807785627857, 0.5742617690636116], [-0.47161719485230363, -0.3294103357928521, -0.8179645788128509]]	0.4437567547563186	0.5562432452436816	[[0.23606128466763884, -0.3754560136970521, 0.015096656969095956], [-0.31208271494800055, -0.18596992627577308, 0.25483253902029074], [-0.2092833158749366, -0.1461780615946252, -0.3629773069996097]]	0.6469777026531138	0.5701561955281479	[[0.38287508088992483, -0.5114125834074761, 0.08912784555957726], [-0.4054739349522982, -0.23143839851661963, 0.30163284623424924], [-0.25794485214864016, -0.03808268640737659, -0.42721907286709765]]	[[0.038708178634028374, 0.035985662558167, 0.06711758805043508], [0.04952884706885596, 0.03969752082400984, -0.06990171383603923], [0.0471809571086092, 0.17503845587407368, 0.10198577118486252]]	0.7135674092530668	[[0.5737751790743522, -0.573775179074352, 0.0], [-0.7071067811865475, -0.7071067811865476, 0.0], [0.0, 0.0, -0.81144064]]
