3	[[0.08740825448676931, -0.06334395238859675, -0.994156597696443], [0.7119981850616444, -0.6940087028176986, 0.10681996481098455], [-0.6967197295301035, -0.717174639895393, -0.015561310176609944]]	0.7622353442932643	0.23776465570673572	[[0.06662566095279587, -0.048282999357818185, -0.7577812965265686], [0.5427101817266419, -0.5289979625347702, 0.08142195265509519], [-0.5310644029142885, -0.5466558585590626, -0.011861380620122548]]	0.8826751515937415	0.18554757237779848	[[0.04496957748422742, -0.03169591120335032, -0.8322783677207428], [0.6358663680085382, -0.6382033975139906, 0.07025754751850156], [-0.6109220713979839, -0.5969500603241772, 0.029515613790013655]]	[[-0.032183516795426005, 0.02421622157380104, 0.04523895785888335], [0.007403262074782341, -0.02561916054700271, -0.024029781114272366], [0.004055121483350926, 0.03608217366467578, 0.04325119560915007]]	0.173706897385839	[[0.0, 0.0, -0.8902771279999999], [0.7071067811865475, -0.7071067811865476, 0.0], [-0.6295209943440839, -0.6295209943440838, 0.0]]
3	[[0.8592155572171323, 0.2624339665249735, -0.4391776855101157], [-0.4266000482917053, 0.8413623931712975, -0.33184593135155627], [0.2824199444684594, 0.4724804086637203, 0.8348660002631537]]	0.5686638398989198	0.4313361601010802	[[0.4886048180679845, 0.14923670712399612, -0.2497444690401026], [-0.24259202156262577, 0.4784523692473348, -0.1887087815772093], [0.1606020100854738, 0.26868252346772203, 0.4747581055106976]]	0.7851081682538922	0.3814342274215693	[[0.5481887716848105, 0.2059607923292509, -0.28399587697769507], [-0.32463758713772806, 0.7529407617933763, -0.2718161764502681], [0.2432321927886547, 0.34040396413556084, 0.5332642707432211]]	[[-0.12638838057717958, -7.825841677430723e-05, 0.06080611123113586], [0.010289595353594728, 0.09238027445294791, -0.011281225144340944], [0.021501987508656527, -0.030544264046263016, -0.12219584546083707]]	0.6550038984451855	[[0.8902771279999999, 0.0, 0.0], [0.0, 0.7071067811865476, -0.7071067811865475], [0.0, 0.6295209943440838, 0.6295209943440839]]
3	[[0.034229894132735264, 0.2773841392786001, 0.9601491309293217], [-0.1827544195208179, -0.9427759796974285, 0.2788803941677556], [0.9825625356654255, -0.18501754344446375, 0.018422055382213542]]	0.84096494024848	0.15903505975152005	[[0.02878614087404751, 0.233270336114304, 0.8074517565216072], [-0.15369005949247028, -0.7928415454339501, 0.2345286340177592], [0.8263006440962696, -0.15559326736769402, 0.015492302703757399]]	0.9084744941696954	0.13894330015914677	[[0.009081967751182746, 0.23096491159518956, 0.8428804450587792], [-0.16560732792382551, -0.8261162582500342, 0.25418515968512256], [0.8752153436757043, -0.1566634350318251, 0.0]]	[[-0.022015018006536144, -0.021031504026633015, -0.029390550989708983], [0.00042040090762583346, 0.030371673020926315, 0.0008294346597255134], [-0.017417658903036384, 0.01142028416140379, -0.01673596744492256]]	0.3546939232568911	[[0.0, 0.0, 0.962], [0.0, -1.0, 0.0], [0.962, 0.0, 0.0]]
3	[[-0.30792515101507295, 0.09349718223056193, 0.9468053539599837], [0.3027085282091916, -0.9338174967034747, 0.1906631317268273], [0.9019698710720718, 0.34531602882779927, 0.2592434992682147]]	0.6825792288147909	0.31742077118520934	[[-0.2101833121125465, 0.06381923454329293, 0.6462696683437207], [0.20662255374069033, -0.6374044267536164, 0.13014269341751064], [0.6156658990105514, 0.23570554865466528, 0.17695422780574582]]	0.8353440557827522	0.27605865459409273	[[-0.24112388228940074, 0.074550883463632, 0.7313559585815311], [0.24599185018386432, -0.8490536906059021, 0.11842477714553225], [0.6691593230867858, 0.25558683142655425, 0.16657299882576873]]	[[0.01609956223704678, -0.0035514319451046697, -0.05955226583222573], [-0.006873919490429381, -0.06899479554872479, -0.0408445365993968], [-0.08429584720840458, -0.03287086062125336, -0.04998451728825471]]	0.47280128067535393	[[0.0, 0.0, 0.962], [0.0, -1.0, 0.0], [0.962, 0.0, 0.0]]
3	[[-0.5446221603179724, 0.8109226453022452, -0.2139887049042392], [-0.8354447797583356, -0.5021691245819775, 0.22328947644507607], [0.07361197229480154, 0.30038414347728, 0.9509735242804028]]	0.591343243466788	0.40865675653321193	[[-0.3220586347463188, 0.4795336272736974, -0.12654077482333018], [-0.49403462579969054, -0.2969543188991841, 0.13204072323303226], [0.04352994245479527, 0.17763013368984779, 0.5623517682990158]]	0.7728959891428587	0.33087735041854094	[[-0.4809239998237573, 0.5799482913430153, -0.11135370309533608], [-0.6736058285802661, -0.41625939173941684, 0.04959120082366006], [0.13673888442552107, 0.11217585023870946, 0.7350036226973723]]	[[-0.05998771651567744, -0.04681056871620708, 0.0540373086470252], [-0.02789390915470958, -0.028134889478625906, -0.12298833993854809], [0.07984448628597371, -0.11998984945699326, 0.0]]	0.4034343162478336	[[-0.6543877280084033, 0.6543877280084032, 0.0], [-0.7071067811865475, -0.7071067811865476, 0.0], [0.0, 0.0, 0.9254439999999999]]
3	[[0.22433838825039393, -0.7661379269479729, -0.6022499185961573], [-0.9416906372873723, -0.011392912655017143, -0.3362869982418849], [0.2507808429735371, 0.642575192824231, -0.724020780340167]]	0.48494600227308426	0.5150539977269158	[[0.10879200453841557, -0.3715355248632076, -0.29205869039249693], [-0.4566691099305042, -0.0055249474462970485, -0.1630810354138178], [0.1216151672466909, 0.31161427091996713, -0.35111098298860277]]	0.6913216988835922	0.5308302645135383	[[0.29049200041849366, -0.39958536394556954, -0.3352863679191726], [-0.6760655473109012, -0.02092135234829034, -0.03920784350431464], [0.29667127133407273, 0.2966712713340727, -0.4850052439697058]]	[[0.13540200472842445, 0.13006240929125662, 0.08106206895722798], [-0.025054376118622296, -0.013045184616391516, 0.19327465543272884], [0.1233010329221477, -0.1475549026296266, 0.015526031922082552]]	0.7353199531853567	[[-1.7776471606841282e-16, -0.8902771279999999, 0.0], [-1.0, 1.7938038903913487e-16, 0.0], [0.0, 0.0, -0.8902771279999999]]
3	[[-0.3195682178843842, -0.5708200961323295, -0.7563336379995778], [0.910087742671785, 0.03735879733279218, -0.41272826520656647], [0.2638493031197415, -0.8202248094963509, 0.507557688474819]]	0.45080895200898646	0.5491910479910136	[[-0.1440642133998387, -0.25733080932308444, -0.3409619747157338], [0.4102757015100915, 0.016841680273912196, -0.18606159670225925], [0.11894562782771201, -0.36976468678082053, 0.22881154962543676]]	0.6560875779979514	0.5655129235933547	[[-0.2683148723123416, -0.2683148723123415, -0.44980185250775817], [0.6074959058613948, -0.06692845624901214, -0.05835069980561895], [0.2518781804347326, -0.40673922410055, 0.3275062379707821]]	[[-0.05865013423545434, 0.10619310203167628, 0.04641925220576402], [0.01039864300624046, -0.09143909910800013, 0.21243518808505335], [0.07876993019445411, 0.13140008457574187, -0.00549605655490054]]	0.9173215681575981	[[0.0, 0.0, -0.8902771279999999], [0.7071067811865475, 0.7071067811865476, 0.0], [0.6295209943440839, -0.6295209943440838, 0.0]]
3	[[-0.42203838922340475, -0.825029846081567, 0.3757783270710803], [0.2588054115689476, 0.28760896992378115, 0.9221175843470338], [-0.8688517462515349, 0.4864224845687207, 0.09214016247897017]]	0.44198862257985777	0.5580113774201424	[[-0.18653616632867454, -0.36465380525686386, 0.16608974517751007], [0.11438904737557232, 0.12711989245822375, 0.40756548096221124], [-0.38402258655182003, 0.21499320394640103, 0.04072490349836432]]	0.6397973644110596	0.6091865888646852	[[-0.11392918414108083, -0.3717620561191064, 0.3354047256524425], [0.13755568528529566, 0.0930028167101095, 0.6425276980478241], [-0.4947745090369207, 0.18165221366289266, -0.03097643270242736]]	[[0.1560898649643424, 0.1560898649643424, 0.09498274238956822], [-0.028027334931836623, -0.0910086442281054, 0.05255929790549894], [0.06111454827875817, -0.12955960995445417, -0.08992746581287928]]	0.6725516876696038	[[0.0, -0.6295209943440838, 0.6295209943440839], [0.0, 0.7071067811865476, 0.7071067811865475], [-0.8902771279999999, 0.0, 0.0]]
3	[[0.8787972042104137, -0.3840163418041313, 0.28327887866788265], [-0.395223040501579, -0.9183905790867732, -0.018907472103605397], [0.2674214316928388, -0.09534250611366366, -0.9588511794847616]]	0.6512774398678363	0.34872256013216385	[[0.5723407933211703, -0.25010117995760656, 0.18449314286745003], [-0.2573998499946506, -0.5981270651463734, -0.012314010026008664], [0.17416554539870346, -0.06209442329229039, -0.6244781413890906]]	0.8279223158120349	0.31423618411800663	[[0.5969955616055317, -0.2580278793038678, 0.2393019993444314], [-0.34309992275749046, -0.8491804075676798, -0.02101078276420005], [0.21465965347257882, -0.07893618845694751, -0.6958201147345081]]	[[-0.1305802548334957, 0.0599078197122745, 0.00476909409708153], [-0.015885947803149534, -0.08882435251020265, -0.005356864674031623], [-0.006744517552326169, 0.0, 0.09803417430361666]]	0.484682865885766	[[0.6543877280084033, -0.6543877280084032, 0.0], [-0.7071067811865475, -0.7071067811865476, 0.0], [0.0, 0.0, -0.9254439999999999]]
3	[[0.3802729664721569, 0.7767473726770865, -0.5020517802076895], [0.4287143634067757, 0.332951791095048, 0.839849450446521], [0.8195098935212374, -0.5346088512602871, -0.20639019011321075]]	0.5355207402325369	0.4644792597674633	[[0.2036440604955922, 0.4159643279897116, -0.26885914097188485], [0.22958543323991737, 0.17830258962896903, 0.44975679938701035], [0.43886454480638065, -0.2862941277617752, -0.11052622738616064]]	0.6934890667510036	0.45813426086788583	[[0.20233231922718514, 0.4571947547624104, -0.2938419319057351], [0.3404569977068597, 0.20815912439149556, 0.4841778952791707], [0.5661616070233633, -0.2811174421677231, -0.06726762850168388]]	[[-0.06138282540222667, -0.08147105581671636, 0.054325488611175435], [0.043148273925144226, -0.022739302488084354, -0.09824851632233042], [-0.002159544227894092, 0.08962795116959951, 0.07586171182648886]]	0.6926687624013758	[[0.0, 0.6295209943440838, -0.6295209943440839], [0.0, 0.7071067811865476, 0.7071067811865475], [0.8902771279999999, 0.0, 0.0]]
3	[[0.5319609947059123, -0.8460851799387872, 0.03402011756955908], [-0.703274286200726, -0.4190807785627857, 0.5742617690636116], [-0.47161719485230363, -0.3294103357928521, -0.8179645788128509]]	0.5000975967581517	0.49990240324184854	[[0.26603241502150266, -0.4231251651400758, 0.017013379037966278], [-0.35170578039078765, -0.20958129020678426, 0.2871869306187968], [-0.23585462573545796, -0.16473731727730107, -0.4090621200976005]]	0.7032423303061089	0.5132754245459952	[[0.4504362230790413, -0.5887655646321989, 0.10925867252914442], [-0.40279780327181747, -0.21838416861021745, 0.30430897791472994], [-0.3054683679014679, -0.05492056850142612, -0.47225131015821475]]	[[0.07633873353009984, 0.006237348945417239, 0.0853342857722399], [0.09177444460034635, 0.07633117469277431, -0.09953620676727287], [0.026192807218896382, 0.17673472366845705, 0.10297600635398937]]	0.6695606797536242	[[0.6543877280084033, -0.6543877280084032, 0.0], [-0.7071067811865475, -0.7071067811865476, 0.0], [0.0, 0.0, -0.9254439999999999]]
3	[[0.8489524140446696, -0.5135124485683378, 0.12483895166604869], [0.522794976890395, 0.7815435453534784, -0.34040431673891397], [0.0772347773085365, 0.35425224329800037, 0.9319550081910795]]	0.7387146319379364	0.26128536806206365	[[0.6271335700738306, -0.37933915943970814, 0.09222036023150301], [0.38619629893259017, 0.5773376524492647, -0.2514616495498716], [0.05705446009228403, 0.26169131552107067, 0.6884488008585897]]	0.8645368008542745	0.20450137488665762	[[0.7211382262251602, -0.4303711130705506, 0.053494471477610106], [0.4715693574136209, 0.6267318985988589, -0.2688297902148924], [0.033729616095696274, 0.25909786893527076, 0.7805104463199419]]	[[-0.012812377890531947, 0.013579296413565365, -0.054433396417757046], [0.01959386059011437, -0.048941257829345094, 0.025462268775553465], [-0.03304269119331821, -0.04716623218103269, -0.025198955001693134]]	0.43929924336111803	[[0.6802367235014587, -0.6802367235014586, 0.0], [0.7071067811865475, 0.7071067811865476, 0.0], [0.0, 0.0, 0.962]]
3	[[0.04673222253661188, -0.9725397674033924, -0.22799671093185395], [-0.8377629715199755, -0.16246744520517667, 0.5213036857710898], [-0.5440306084466285, 0.16664552219444034, -0.8223502702654952]]	0.5411518356565489	0.45884816434345105	[[0.025289228009997836, -0.526291680379339, -0.12338083864442832], [-0.4533569698831198, -0.08791955620721113, 0.28210444648954996], [-0.29440316241424225, 0.09018053023946555, -0.44501635830683184]]	0.739621179465189	0.39956509654076605	[[-0.013349068665441551, -0.7873425136717394, -0.10907291363146868], [-0.6574498342438923, -0.12901352681673386, 0.23535885936782447], [-0.2774903565373231, 0.007802263275335883, -0.5943713361318578]]	[[-0.04791321021700001, -0.06803150382804163, 0.05955828262213293], [-0.03782259713602637, -0.00884916336938521, -0.15020838756173918], [0.12488620374713677, -0.11545229440270843, 0.013856340695424641]]	0.6398953528900497	[[1.7776471606841282e-16, -0.8902771279999999, 0.0], [-1.0, -1.7938038903913487e-16, 0.0], [0.0, 0.0, -0.8902771279999999]]
3	[[-0.8305561570912853, 0.32773595720904825, 0.4502950280316503], [-0.5100865793185324, -0.772219296347621, -0.37879947194723407], [0.22358030216652452, -0.5443036842615101, 0.808545204538665]]	0.5055331747175424	0.49446682528245756	[[-0.4198736908755593, 0.1656813989169828, 0.22763907508036496], [-0.25786568782370917, -0.3903824724607596, -0.1914956996348139], [0.11302725995855054, -0.2751635695151761, 0.408746424153076]]	0.7349130238475322	0.46930976676660446	[[-0.5073799086329324, 0.1338287682747856, 0.2512955812789751], [-0.5535674015324425, -0.5927971447439816, -0.28716851084455786], [0.2224364267198537, -0.3315033131951768, 0.4569159435924128]]	[[0.1030066282502101, -0.10702865506128151, -0.07963209939527431], [-0.17869813110141575, -0.02528312659173794, -0.008783845483967644], [0.05812435078190819, 0.06851255329680214, -0.1372944575925189]]	0.6805574682853052	[[-0.6543877280084033, 0.6543877280084032, 0.0], [-0.7071067811865475, -0.7071067811865476, 0.0], [0.0, 0.0, 0.9254439999999999]]
