3	[[0.08740825448676931, -0.06334395238859675, -0.994156597696443], [0.7119981850616444, -0.6940087028176986, 0.10681996481098455], [-0.6967197295301035, -0.717174639895393, -0.015561310176609944]]	0.8346095868751272	0.16539041312487293	[[0.0729517671666785, -0.052867469934084456, -0.8297326272926102], [0.5942405110901395, -0.5792263167464223, 0.08915296670091143], [-0.5814889656308699, -0.598560829920412, -0.01298761865773614]]	0.924404410062641	0.11953586042285941	[[0.07392942484498362, -0.02505255437196473, -0.9021205646078899], [0.6288185777762956, -0.6319221563723628, 0.0656179024953465], [-0.6556103997645369, -0.6598447177060272, 0.021827893865613502]]	[[-0.006871151078463559, 0.03350287456685207, 0.0168821785955729], [-0.029355684451284884, 0.009622549134170624, -0.033126944058663725], [-0.011559609209258595, 0.0031146821983606774, 0.036212837619224385]]	0.11553300539398802	[[0.0, 0.0, -0.9862633826640002], [0.7071067811865475, -0.7071067811865476, 0.0], [-0.6973935259176974, -0.6973935259176973, 0.0]]
3	[[0.8787972042104137, -0.3840163418041313, 0.28327887866788265], [-0.395223040501579, -0.9183905790867732, -0.018907472103605397], [0.2674214316928388, -0.09534250611366366, -0.9588511794847616]]	0.7156283115017602	0.2843716884982401	[[0.6288921594015656, -0.27481296627437324, 0.2027223856252088], [-0.2828327971407367, -0.6572262994109914, -0.013530722336269764], [0.1913743476217295, -0.06822979666446737, -0.6861810505561512]]	0.8520178035295004	0.27577108795656885	[[0.6306122837018007, -0.2760204642778325, 0.24812148262887762], [-0.34445402903682754, -0.8506496949945, -0.016109502852009176], [0.22108498620767847, -0.08123351264196167, -0.7383321772638896]]	[[-0.11813857997742191, 0.051168295785557275, 0.006762834639968358], [-0.007716962164421437, -0.06816457101880141, 0.0], [-0.006762834639968358, 0.0, 0.07862609859238788]]	0.46992525198972807	[[0.7006163611791213, -0.7006163611791212, 0.0], [-0.7071067811865475, -0.7071067811865476, 0.0], [0.0, 0.0, -0.9908211600000001]]
3	[[-0.3195682178843842, -0.5708200961323295, -0.7563336379995778], [0.910087742671785, 0.03735879733279218, -0.41272826520656647], [0.2638493031197415, -0.8202248094963509, 0.507557688474819]]	0.48651716846936405	0.5134828315306359	[[-0.1554754244979114, -0.27771377687571125, -0.36796929997768746], [0.44277331162335215, 0.018175696295770885, -0.20079938693557148], [0.1283672158564316, -0.39905345182448815, 0.2469355294316245]]	0.6828447408082422	0.5451086317039109	[[-0.25133498989103764, -0.27899961836060894, -0.49590640395339874], [0.5822937404232329, -0.021524585768851183, -0.07790425733260731], [0.30603397218113826, -0.48182282213525424, 0.3062718635115975]]	[[-0.03311951297922346, 0.11078188223100752, 0.020552043050977933], [-0.039154888334240356, -0.04703484405046933, 0.203925067946606], [0.12586586317990306, 0.07826337530977132, -0.04031123472022081]]	0.9004444348896965	[[0.0, 0.0, -0.9862633826640002], [0.7071067811865475, 0.7071067811865476, 0.0], [0.6973935259176974, -0.6973935259176973, 0.0]]
3	[[-0.8305561570912853, 0.32773595720904825, 0.4502950280316503], [-0.5100865793185324, -0.772219296347621, -0.37879947194723407], [0.22358030216652452, -0.5443036842615101, 0.808545204538665]]	0.5460652467590498	0.45393475324095023	[[-0.4535378528693009, 0.17896521634517232, 0.24589046559647632], [-0.27854055380405407, -0.4216821206121634, -0.20684922712106418], [0.12208943287302616, -0.29722532565812143, 0.4415184366322525]]	0.7697630634907003	0.42698481159780627	[[-0.5545945982706325, 0.1595798540609971, 0.2540725778708671], [-0.5519701460225555, -0.6035080958232779, -0.29512704655777366], [0.2390844103370145, -0.3463348563710448, 0.5001283541727181]]	[[0.08473685361301866, -0.09269918037629696, -0.09254790238140674], [-0.15932433808083005, -0.009082204580100142, -0.0035412045830111897], [0.06698055200513403, 0.07265001509537009, -0.12225987944367946]]	0.6815411766484265	[[-0.6973935259176972, 0.6973935259176975, 0.0], [-0.7071067811865477, -0.7071067811865474, 0.0], [0.0, 0.0, 0.9862633826640002]]
3	[[0.8489524140446696, -0.5135124485683378, 0.12483895166604869], [0.522794976890395, 0.7815435453534784, -0.34040431673891397], [0.0772347773085365, 0.35425224329800037, 0.9319550081910795]]	0.7701123914707034	0.22988760852929652	[[0.6537887738247673, -0.39546229981693926, 0.09614002361623636], [0.4026108899019333, 0.6018763687506595, -0.2621495824307558], [0.059479459057784276, 0.27281404227008454, 0.7177101001011312]]	0.8926071837289217	0.19351697156139006	[[0.7724667460892383, -0.44276714427882147, 0.05877400411117095], [0.4648706848789659, 0.6251749642939073, -0.2761733660543822], [0.03924685401184788, 0.29190682830582126, 0.8200532705951168]]	[[0.01468572266895636, 0.015597756247505278, -0.05265814095513175], [-0.0017798671107963056, -0.0724364186855779, 0.02767397243910758], [-0.02969346304745533, -0.024301268914059624, -0.01181646462838686]]	0.42840947220355985	[[0.7038540899930895, -0.7038540899930894, 0.0], [0.7071067811865475, 0.7071067811865476, 0.0], [0.0, 0.0, 0.9954000000000001]]
3	[[0.22433838825039393, -0.7661379269479729, -0.6022499185961573], [-0.9416906372873723, -0.011392912655017143, -0.3362869982418849], [0.2507808429735371, 0.642575192824231, -0.724020780340167]]	0.5280560736366408	0.47194392636335925	[[0.11846324846547526, -0.40456378556826206, -0.31802172736187334], [-0.49726546050635584, -0.006016096723893517, -0.1775783919066617], [0.13242634728389294, 0.3393157333390708, -0.3823235704977653]]	0.7240691953321792	0.502415564753908	[[0.26897457920507045, -0.40685478212970566, -0.41631430649685064], [-0.6828700225652833, 0.034970096844392826, -0.03818355370395692], [0.3400085562152513, 0.35866667321676515, -0.48060865993184504]]	[[0.10653806294248976, 0.14788209014897694, 0.019756307449939395], [-0.0010208405727686453, 0.043219353943000825, 0.2053115025137186], [0.1584258730386767, -0.10660222959189566, 0.04363248389283617]]	0.7506366066065095	[[1.9693062381800106e-16, -0.9862633826640002, 0.0], [-1.0, -1.7938038903913487e-16, 0.0], [0.0, 0.0, -0.9862633826640002]]
3	[[0.5319609947059123, -0.8460851799387872, 0.03402011756955908], [-0.703274286200726, -0.4190807785627857, 0.5742617690636116], [-0.47161719485230363, -0.3294103357928521, -0.8179645788128509]]	0.5301614512828391	0.46983854871716096	[[0.28202521297914906, -0.44856174690524947, 0.01803615490349026], [-0.3728489162220797, -0.22218047376758865, 0.3044514529030149], [-0.2500332564728388, -0.1746406616915058, -0.4336532882013772]]	0.7308173991431837	0.4738220140134603	[[0.5216171820702429, -0.6306069428329575, 0.11226181170328178], [-0.42833740922004876, -0.24481578152357686, 0.27876937196649876], [-0.291612497071718, -0.06873884962064397, -0.5314615443886415]]	[[0.13285083147364718, -0.01227317217650038, 0.08739931786255128], [0.08562767550544477, 0.06145574309657873, -0.1409111205279334], [0.05305355466144659, 0.17199995523437098, 0.06632120169061581]]	0.6465263903208315	[[0.7006163611791213, -0.7006163611791212, 0.0], [-0.7071067811865475, -0.7071067811865476, 0.0], [0.0, 0.0, -0.9908211600000001]]
3	[[-0.5446221603179724, 0.8109226453022452, -0.2139887049042392], [-0.8354447797583356, -0.5021691245819775, 0.22328947644507607], [0.07361197229480154, 0.30038414347728, 0.9509735242804028]]	0.6397980900562041	0.36020190994379586	[[-0.3484482179737225, 0.5188267596477014, -0.13690956469133292], [-0.5345159744368093, -0.3212868467927452, 0.14286018055920946], [0.04709679927948427, 0.19218520127993252, 0.608431044528619]]	0.7965347441007911	0.3046708617175087	[[-0.4657165324077142, 0.6016558213564419, -0.12725101563000293], [-0.6642060298876893, -0.4249637730120833, 0.04867023879949343], [0.09260583705497896, 0.17192403986193852, 0.7465602509476332]]	[[-0.03190605930721812, -0.044272240404918436, 0.04319842267135495], [0.0012547639674585637, -0.024968617867859665, -0.12918758718108486], [0.03397134354038468, -0.06734236699467198, -0.010923201861684925]]	0.38277268113719154	[[-0.7006163611791213, 0.7006163611791212, 0.0], [-0.7071067811865475, -0.7071067811865476, 0.0], [0.0, 0.0, 0.9908211600000001]]
3	[[-0.30792515101507295, 0.09349718223056193, 0.9468053539599837], [0.3027085282091916, -0.9338174967034747, 0.1906631317268273], [0.9019698710720718, 0.34531602882779927, 0.2592434992682147]]	0.7426986598972594	0.25730134010274075	[[-0.22869559700755596, 0.06944023194680818, 0.7031910675696302], [0.22482121824043835, -0.693545003390284, 0.14160525242532926], [0.6698918145129314, 0.2564657518514499, 0.19253979949357922]]	0.8629086741278771	0.2449443133854195	[[-0.2664626588944849, 0.08377179803474823, 0.761060622164748], [0.2430789683351777, -0.8495575342295676, 0.12012127288465037], [0.6961579728254759, 0.27516006919393676, 0.18269086085973668]]	[[-0.0007513751014418974, 0.0030922684814815166, -0.05594593047803702], [-0.018130846389016884, -0.0437583162717589, -0.04440359731881496], [-0.08215965272461806, -0.022816127396963252, -0.04101260337006975]]	0.46694087392182354	[[0.0, 0.0, 0.9954000000000001], [0.0, -1.0, 0.0], [0.9954000000000001, 0.0, 0.0]]
3	[[0.3802729664721569, 0.7767473726770865, -0.5020517802076895], [0.4287143634067757, 0.332951791095048, 0.839849450446521], [0.8195098935212374, -0.5346088512602871, -0.20639019011321075]]	0.5598216666303459	0.44017833336965423	[[0.2128850458649085, 0.434840008722829, -0.2810594643306008], [0.240003589430749, 0.1863936265983886, 0.47016591906755156], [0.45877939441111654, -0.2992856181078687, -0.11554170020533158]]	0.7257521348332985	0.43723287773504715	[[0.23275850867217113, 0.4915990051779272, -0.3220111331289554], [0.33328682503648893, 0.22256980860712344, 0.48967487396089726], [0.617816121383815, -0.3205247879205245, -0.05068464351949199]]	[[-0.04322540856438811, -0.07212705876862412, 0.04235401815363314], [0.022146460560322864, -0.01907066457667808, -0.11984765763923806], [0.02305506664376765, 0.06746872718240629, 0.09910347756382107]]	0.6710304375872331	[[0.0, 0.6973935259176973, -0.6973935259176974], [0.0, 0.7071067811865476, 0.7071067811865475], [0.9862633826640002, 0.0, 0.0]]
3	[[0.034229894132735264, 0.2773841392786001, 0.9601491309293217], [-0.1827544195208179, -0.9427759796974285, 0.2788803941677556], [0.9825625356654255, -0.18501754344446375, 0.018422055382213542]]	0.8682656129897688	0.13173438701023105	[[0.029720640011734273, 0.24084310972437317, 0.8336644737279415], [-0.1586793780918323, -0.8185799639240178, 0.2421422563928947], [0.8531252623303225, -0.16064437077266852, 0.01599523720896911]]	0.9345683936270454	0.12237586893277323	[[0.012216405649327055, 0.24453683283715572, 0.8892927632665528], [-0.16312498679640028, -0.8280538055312509, 0.2519898478884954], [0.9236582397295096, -0.16663143438627495, 0.0]]	[[-0.019773771524327168, -0.014697616626066206, -0.008032267668467076], [0.0076715174834136625, 0.053034827364738975, -0.008642954102941271], [0.005386349134556399, 0.00628011398343959, -0.01721667070586378]]	0.3403137032682273	[[0.0, 0.0, 0.9954000000000001], [0.0, -1.0, 0.0], [0.9954000000000001, 0.0, 0.0]]
3	[[0.8592155572171323, 0.2624339665249735, -0.4391776855101157], [-0.4266000482917053, 0.8413623931712975, -0.33184593135155627], [0.2824199444684594, 0.4724804086637203, 0.8348660002631537]]	0.6266332603397576	0.37336673966024253	[[0.5384130459536131, 0.16444985206743898, -0.2752033449396726], [-0.2673217791221293, 0.5272256595601912, -0.20794569789330905], [0.17697373058724403, 0.2960719389276081, 0.523154803691713]]	0.8186072740649748	0.3283547888928421	[[0.6012220852987337, 0.22172245148710637, -0.29678238592348893], [-0.3258963229272499, 0.7523083233228541, -0.2720842821936475], [0.2546434820365061, 0.3700790777935036, 0.5819096625016897]]	[[-0.10213801982900135, 0.006892097528038963, 0.06273166204211161], [0.023321579720809484, 0.06356294814811476, -0.0004327889203972514], [0.02345246115359898, -0.01669682159180975, -0.10151771818325911]]	0.6256326287689016	[[0.9862633826640002, 0.0, 0.0], [0.0, 0.7071067811865476, -0.7071067811865475], [0.0, 0.6973935259176973, 0.6973935259176974]]
3	[[0.04673222253661188, -0.9725397674033924, -0.22799671093185395], [-0.8377629715199755, -0.16246744520517667, 0.5213036857710898], [-0.5440306084466285, 0.16664552219444034, -0.8223502702654952]]	0.5709752248316015	0.4290247751683984	[[0.026682941269722357, -0.5552961123508255, -0.13018047328518095], [-0.4783419010192086, -0.09276488605384163, 0.2976514891886905], [-0.31062799897308674, 0.0951504645021502, -0.46954163045516945]]	0.7601545531527167	0.3826379945669304	[[-0.007858950894088206, -0.8190106222472298, -0.10507100541742864], [-0.6604878946811565, -0.11142497913010313, 0.22574294350126406], [-0.3103966360678512, 0.0452749088227097, -0.6251133022286833]]	[[-0.0433826626342396, -0.07973008993345677, 0.06824173250126396], [-0.023658557417497478, 0.012075389081701315, -0.17052842681292293], [0.10315070799729642, -0.08140144363590623, 0.0]]	0.6098983830222224	[[1.9693062381800106e-16, -0.9862633826640002, 0.0], [-1.0, -1.7938038903913487e-16, 0.0], [0.0, 0.0, -0.9862633826640002]]
3	[[-0.42203838922340475, -0.825029846081567, 0.3757783270710803], [0.2588054115689476, 0.28760896992378115, 0.9221175843470338], [-0.8688517462515349, 0.4864224845687207, 0.09214016247897017]]	0.47165679010091704	0.528343209899083	[[-0.19905727196047254, -0.3891309289402855, 0.1772383995358382], [0.12206732968135653, 0.13565272355848185, 0.4349230199287336], [-0.4097998257105755, 0.22942446770459568, 0.04345853327420801]]	0.6716468639601244	0.5867391960376137	[[-0.1344396120322962, -0.40510756023380273, 0.37875201551510285], [0.12356112446883616, 0.1009660793206412, 0.6595049721276499], [-0.5400913392518724, 0.19103713570084047, -0.032817266650646944]]	[[0.14902114856038595, 0.14902114856038595, 0.1263616805936299], [-0.0502647185873568, -0.09220558337546818, 0.04016758839847919], [0.043470211364248904, -0.13566700061943285, -0.09470291782442358]]	0.654966103468661	[[0.0, -0.6973935259176973, 0.6973935259176974], [0.0, 0.7071067811865476, 0.7071067811865475], [-0.9862633826640002, 0.0, 0.0]]
