3	[[-0.30792515101507295, 0.09349718223056193, 0.9468053539599837], [0.3027085282091916, -0.9338174967034747, 0.1906631317268273], [0.9019698710720718, 0.34531602882779927, 0.2592434992682147]]	0.747245804575859	0.25275419542414096	[[-0.23009577721940114, 0.06986537716145197, 0.7074963284965591], [0.2261976777136515, -0.6977912066512026, 0.14247222527016606], [0.6739932020124342, 0.25803595379436944, 0.19371861719173825]]	0.8649811819391684	0.2421509182060838	[[-0.2678897680169446, 0.0846733258410357, 0.7640580245812489], [0.24305071043759596, -0.8494258161788125, 0.12046752628677433], [0.6989285470633761, 0.276982633709551, 0.1832164421759089]]	[[-0.0015403069431298483, 0.0038000226472624204, -0.054910789553390356], [-0.018786470075856595, -0.04169125416476548, -0.04445249474652012], [-0.08125841809006386, -0.021709233048458697, -0.04102430623115739]]	0.4665572557932274	[[0.0, 0.0, 0.998], [0.0, -1.0, 0.0], [0.998, 0.0, 0.0]]
3	[[0.8787972042104137, -0.3840163418041313, 0.28327887866788265], [-0.395223040501579, -0.9183905790867732, -0.018907472103605397], [0.2674214316928388, -0.09534250611366366, -0.9588511794847616]]	0.7209605791710424	0.27903942082895755	[[0.6335781413214328, -0.27686064419825146, 0.20423290443132014], [-0.2849402321817588, -0.6621234038036294, -0.013631542038475684], [0.1928003102760184, -0.0687381884273256, -0.691293901700171]]	0.8538634557854358	0.2726237577261017	[[0.6334117686305125, -0.27746438507092264, 0.2486416372528223], [-0.3441692808202704, -0.8507531869149783, -0.016144399470551227], [0.22158123285389536, -0.08140948175345689, -0.7416807729532796]]	[[-0.11696104909117078, 0.05043313562003408, 0.006760154962440823], [-0.006702769651564899, -0.06657303329515857, 0.0], [-0.006760154962440823, 0.0, 0.07704720874552017]]	0.4690129655805972	[[0.7042811824889261, -0.704281182488926, 0.0], [-0.7071067811865475, -0.7071067811865476, 0.0], [0.0, 0.0, -0.996004]]
3	[[-0.8305561570912853, 0.32773595720904825, 0.4502950280316503], [-0.5100865793185324, -0.772219296347621, -0.37879947194723407], [0.22358030216652452, -0.5443036842615101, 0.808545204538665]]	0.5493188252657836	0.45068117473421626	[[-0.4562401325306485, 0.18003153101143152, 0.2473555358213692], [-0.2802001605350981, -0.4241945967172452, -0.20808168094135374], [0.12281686893868418, -0.2989962604263707, 0.4441491019314622]]	0.7723411701067832	0.42341990927943574	[[-0.5583291206608918, 0.16125940809891778, 0.2547357675538498], [-0.5517507717642344, -0.6042299567924662, -0.2958311481751748], [0.24005621584628195, -0.34752470107867145, 0.5033214349846519]]	[[0.08314359354638454, -0.09186456457798513, -0.09304562128938183], [-0.1577899062375927, -0.007813201872307954, -0.0032687207756165043], [0.0673759436581602, 0.07286344331729638, -0.12115131437296901]]	0.6820045355581442	[[-0.7028726201239482, 0.7028726201239481, 0.0], [-0.7071067811865475, -0.7071067811865476, 0.0], [0.0, 0.0, 0.994011992]]
3	[[-0.5446221603179724, 0.8109226453022452, -0.2139887049042392], [-0.8354447797583356, -0.5021691245819775, 0.22328947644507607], [0.07361197229480154, 0.30038414347728, 0.9509735242804028]]	0.6437236714573402	0.35627632854265967	[[-0.3505861765969133, 0.5220101025018598, -0.13774959477135826], [-0.5377955809259048, -0.32325815256842916, 0.14373672157501166], [0.04738576906882566, 0.19336438368676312, 0.6121641685085071]]	0.7983307526966327	0.3040853220814699	[[-0.4647930353247425, 0.6038595892378158, -0.12919130907388723], [-0.6630786810125584, -0.4228735383110185, 0.04974683974294951], [0.09304096772524931, 0.1757666975781199, 0.7469342128972872]]	[[-0.030004416142829483, -0.04352489656507016, 0.0416424547808917], [0.003882578848386215, -0.02197648310247921, -0.1285120160566851], [0.03427426647565672, -0.06403920178223035, -0.012257196536056267]]	0.3813957181627686	[[-0.7042811824889261, 0.704281182488926, 0.0], [-0.7071067811865475, -0.7071067811865476, 0.0], [0.0, 0.0, 0.996004]]
3	[[0.3802729664721569, 0.7767473726770865, -0.5020517802076895], [0.4287143634067757, 0.332951791095048, 0.839849450446521], [0.8195098935212374, -0.5346088512602871, -0.20639019011321075]]	0.5614126005740625	0.4385873994259377	[[0.21349003503514688, 0.4360757624837136, -0.2818581955492365], [0.2406856456636516, 0.1869233309044629, 0.47150206406587863], [0.460083180517931, -0.30013614547594997, -0.11587005336443282]]	0.7282061252539449	0.43598388368431723	[[0.23524665470042916, 0.49432044889415316, -0.32427617510100853], [0.3327346018841913, 0.22366166770942725, 0.4900762315576014], [0.6219707340557811, -0.3237666818889624, -0.04928261108683843]]	[[-0.04167044875308351, -0.07131174566420989, 0.041321006440878154], [0.020542176467031534, -0.018795865980258522, -0.12150728254871464], [0.025198609887407825, 0.06553875821375385, 0.10101198954592781]]	0.6696062196997437	[[0.0, 0.7028726201239481, -0.7028726201239482], [0.0, 0.7071067811865476, 0.7071067811865475], [0.994011992, 0.0, 0.0]]
3	[[0.8592155572171323, 0.2624339665249735, -0.4391776855101157], [-0.4266000482917053, 0.8413623931712975, -0.33184593135155627], [0.2824199444684594, 0.4724804086637203, 0.8348660002631537]]	0.6314477104704846	0.36855228952951535	[[0.54254969640538, 0.16571332731188235, -0.2773177440050891], [-0.2693756237803955, 0.5312763568439836, -0.20954335358088583], [0.17833342732581003, 0.29834667229286516, 0.5271742244158194]]	0.8211931620471834	0.3241223141004838	[[0.6053790978524503, 0.22317115565666018, -0.29776040340717247], [-0.3262957442834746, 0.7522233905513176, -0.2718899066863562], [0.255484723811802, 0.37232434678768206, 0.585873502810125]]	[[-0.10020284245881932, 0.007662176857432441, 0.06288930885744289], [0.024025298302672075, 0.06130234647539419, 0.0006197029927208358], [0.02356339658855784, -0.015673334008223877, -0.09971274783165883]]	0.6235151538580374	[[0.994011992, 0.0, 0.0], [0.0, 0.7071067811865476, -0.7071067811865475], [0.0, 0.7028726201239481, 0.7028726201239482]]
3	[[0.22433838825039393, -0.7661379269479729, -0.6022499185961573], [-0.9416906372873723, -0.011392912655017143, -0.3362869982418849], [0.2507808429735371, 0.642575192824231, -0.724020780340167]]	0.531127951285155	0.468872048714845	[[0.1191523885460454, -0.40691726754173263, -0.3198717654256284], [-0.5001582189268541, -0.006051094357629985, -0.17861142442004685], [0.13319671535009894, 0.34128964571139725, -0.38454767374995213]]	0.7266085452848657	0.500657179778754	[[0.2670201465047646, -0.40734819953274587, -0.423142577697489], [-0.683368107500399, 0.038898572964856465, -0.038127319322211466], [0.3431043641372615, 0.36390464755804675, -0.48005255301277866]]	[[0.10401395656659437, 0.14933416505448338, 0.014457359551593675], [0.0008723565673565605, 0.047176760655676046, 0.20622168726853873], [0.16088486063894736, -0.10299597853610992, 0.04602713294620341]]	0.7523688939480747	[[-1.9847781546790165e-16, -0.994011992, 0.0], [-1.0, 1.7938038903913487e-16, 0.0], [0.0, 0.0, -0.994011992]]
3	[[0.034229894132735264, 0.2773841392786001, 0.9601491309293217], [-0.1827544195208179, -0.9427759796974285, 0.2788803941677556], [0.9825625356654255, -0.18501754344446375, 0.018422055382213542]]	0.8686706397769519	0.13132936022304817	[[0.029734504035780474, 0.2409554577311207, 0.8340533598456584], [-0.15875339852721437, -0.818961813450108, 0.2422552104229528], [0.8535232264773492, -0.16071930783386232, 0.016002698634873875]]	0.9365102242579499	0.12209638529157682	[[0.01274339665096218, 0.24570242579510324, 0.8928542188181956], [-0.1628858580483493, -0.8281386608005821, 0.25202411789448853], [0.9274381507477653, -0.1674879160140765, 0.0]]	[[-0.01931324917961161, -0.014070656686297003, -0.0063352591094994045], [0.008265524361223376, 0.054780683370865134, -0.009150222588701786], [0.007258290124277671, 0.005782905088753257, -0.017252443217289182]]	0.33922832649611817	[[0.0, 0.0, 0.998], [0.0, -1.0, 0.0], [0.998, 0.0, 0.0]]
3	[[0.08740825448676931, -0.06334395238859675, -0.994156597696443], [0.7119981850616444, -0.6940087028176986, 0.10681996481098455], [-0.6967197295301035, -0.717174639895393, -0.015561310176609944]]	0.8363284775829182	0.16367152241708205	[[0.07310201240310003, -0.052976351265239974, -0.8314414738304796], [0.5954643581544059, -0.5804192418568216, 0.0893365785458316], [-0.5826865506998938, -0.5997935747447916, -0.013014366849199772]]	0.9265373007052555	0.11872402209452673	[[0.07879685080618402, -0.02258769935275181, -0.9038927932532034], [0.627652567816824, -0.6284822484821151, 0.0670798117389064], [-0.6568644331962746, -0.6630573544297967, 0.020671705481661674]]	[[-0.0021901573653452305, 0.036102835309380854, 0.01723037725477954], [-0.03204030867723287, 0.014542701692551221, -0.03189287011849362], [-0.011327615649356786, 0.001431700553144257, 0.03508983980813507]]	0.11176565457923245	[[0.0, 0.0, -0.994011992], [0.7071067811865475, -0.7071067811865476, 0.0], [-0.7028726201239482, -0.7028726201239481, 0.0]]
3	[[-0.3195682178843842, -0.5708200961323295, -0.7563336379995778], [0.910087742671785, 0.03735879733279218, -0.41272826520656647], [0.2638493031197415, -0.8202248094963509, 0.507557688474819]]	0.48938943005005936	0.5106105699499407	[[-0.15639330801255194, -0.2793533215073208, -0.3701416880283013], [0.4453873216816899, 0.018283000534050863, -0.2019848504749913], [0.12912506007287558, -0.4014093520323377, 0.24839336788021724]]	0.6848883151753759	0.5475687456413468	[[-0.24964769364226497, -0.2799488453660327, -0.49962104669899976], [0.5804399682959048, 0.042632637021926684, -0.07941941478946], [0.3705812448680277, -0.48805101300450715, 0.30441245518947696]]	[[-0.030779155311831643, 0.11099916854228453, 0.01838302434099376], [-0.04286849244433515, 0.017046033259692235, 0.20325335139312103], [0.18987394019415085, 0.07371137483649227, -0.0432078749243501]]	0.8992916516016712	[[0.0, 0.0, -0.994011992], [0.7071067811865475, 0.7071067811865476, 0.0], [0.7028726201239482, -0.7028726201239481, 0.0]]
3	[[0.8489524140446696, -0.5135124485683378, 0.12483895166604869], [0.522794976890395, 0.7815435453534784, -0.34040431673891397], [0.0772347773085365, 0.35425224329800037, 0.9319550081910795]]	0.7726161092806431	0.2273838907193571	[[0.6559143111036021, -0.39674799008004547, 0.0964525851228968], [0.40391982099652063, 0.603833133244404, -0.26300185878115534], [0.05967283314527837, 0.2737009899208408, 0.7200434524532016]]	0.8946305610103583	0.19354486395039297	[[0.7759375714810769, -0.4414616433553441, 0.06036143608192468], [0.46401318290511473, 0.6249987938394318, -0.2771038402197666], [0.038934343286330046, 0.2968716330032945, 0.8218968969356819]]	[[0.01643879703319609, 0.01794228659315068, -0.05132330528301746], [-0.0036951805637366053, -0.07419394659417508, 0.027432264634715743], [-0.030162248866716066, -0.020053250157573504, -0.0118585348787166]]	0.42761080564627557	[[0.7056925676241744, -0.7056925676241743, 0.0], [0.7071067811865475, 0.7071067811865476, 0.0], [0.0, 0.0, 0.998]]
3	[[0.04673222253661188, -0.9725397674033924, -0.22799671093185395], [-0.8377629715199755, -0.16246744520517667, 0.5213036857710898], [-0.5440306084466285, 0.16664552219444034, -0.8223502702654952]]	0.5734305370386931	0.4265694629613068	[[0.026797683466181013, -0.5576840011136128, -0.13074027639270863], [-0.48039887066983084, -0.09316379435530887, 0.2989314524919661], [-0.31196376396703723, 0.09555963128705139, -0.47156075711225737]]	0.7612399819782215	0.3805294982849548	[[-0.006846736388164116, -0.8186545726714453, -0.10695507525279989], [-0.6594493845303268, -0.10908464655979314, 0.2277641501823486], [-0.31235460954537264, 0.04602417526977166, -0.6260059049166913]]	[[-0.04242117262973665, -0.07831841766018297, 0.06660513686805845], [-0.02171071518843924, 0.01459206850024311, -0.16907305817921633], [0.10178324102413977, -0.08083305904227542, 0.0]]	0.6077352334837111	[[1.9847781546790165e-16, -0.994011992, 0.0], [-1.0, -1.7938038903913487e-16, 0.0], [0.0, 0.0, -0.994011992]]
3	[[-0.42203838922340475, -0.825029846081567, 0.3757783270710803], [0.2588054115689476, 0.28760896992378115, 0.9221175843470338], [-0.8688517462515349, 0.4864224845687207, 0.09214016247897017]]	0.4739464092001544	0.5260535907998457	[[-0.20002357911704982, -0.3910199330333148, 0.17809878877057972], [0.12265989549467084, 0.13631123854913135, 0.43703431796159725], [-0.41178916526319864, 0.2305381899155627, 0.0436694991500267]]	0.6740954771399685	0.5851257224869834	[[-0.13612349839123514, -0.4077782167853691, 0.3822938438882575], [0.12249216332472447, 0.10158663518634081, 0.6608159550257819], [-0.543734618050935, 0.1917449747238303, -0.032950866567250124]]	[[0.14837067096369966, 0.14837067096369966, 0.1289833732024184], [-0.051967394073251266, -0.09228927062416531, 0.03922066202621289], [0.04195441440238832, -0.13615022210313052, -0.09506213335726574]]	0.6539341615315909	[[0.0, -0.7028726201239481, 0.7028726201239482], [0.0, 0.7071067811865476, 0.7071067811865475], [-0.994011992, 0.0, 0.0]]
3	[[0.5319609947059123, -0.8460851799387872, 0.03402011756955908], [-0.703274286200726, -0.4190807785627857, 0.5742617690636116], [-0.47161719485230363, -0.3294103357928521, -0.8179645788128509]]	0.5324708651596031	0.4675291348403969	[[0.2832537310822201, -0.4505157077607245, 0.018114721435094537], [-0.3744730676178028, -0.22314830473308658, 0.3057776610013854], [-0.25112241576715133, -0.17540140649213531, -0.43554230695038904]]	0.7328140103960477	0.4716899995157163	[[0.5257629050913856, -0.6343301984734869, 0.11384633372591893], [-0.42933541569953043, -0.24498754421113816, 0.27777136548701703], [-0.2923326611975426, -0.06939766123321796, -0.5353480472732619]]	[[0.13593443518667525, -0.014307124625882708, 0.0889159149356253], [0.0860338343796414, 0.0621207218073548, -0.1430557045176172], [0.05327502673390828, 0.1719988480050507, 0.06406785608849735]]	0.6447666672623943	[[0.7042811824889261, -0.704281182488926, 0.0], [-0.7071067811865475, -0.7071067811865476, 0.0], [0.0, 0.0, -0.996004]]
3	[[0.50607966, 0.26960331, 0.8192664], [-0.59451586, 0.79721188, 0.10490047], [-0.62484739, -0.54015486, 0.56373616]]	0.5791266831750079	0.4208733184256932	[[ 0.29308423  0.15613447  0.47445903]
 [-0.3443      0.46168667  0.06075066]
 [-0.3618658  -0.31281809  0.32647465]]	0.811211495654254	0.3051188894251973	[[ 0.31497067  0.2075041   0.59457568]
 [-0.51964854  0.75308869  0.07644811]
 [-0.46622666 -0.3858523   0.36944546]]	[[-0.09556696917098567, -0.011201199405194314, -0.07002263690249468], [-0.037370437202405155, 0.10638124355905454, -0.008648359269320177], [0.04065672692846188, 0.052327536793121375, -0.08786379804304337]]	0.6091490491263755	WordDict: (word: HRZ, matrix: [[ 0.          0.          0.99401199]
 [-0.70710678  0.70710678  0.        ]
 [-0.70287262 -0.70287262  0.        ]])
3	[[0.50607966, 0.26960331, 0.8192664], [-0.59451586, 0.79721188, 0.10490047], [-0.62484739, -0.54015486, 0.56373616]]	0.5791266831750079	0.4208733184256932	[[ 0.29308423  0.15613447  0.47445903]
 [-0.3443      0.46168667  0.06075066]
 [-0.3618658  -0.31281809  0.32647465]]	0.811211495654254	0.3051188894251973	[[ 0.31497067  0.2075041   0.59457568]
 [-0.51964854  0.75308869  0.07644811]
 [-0.46622666 -0.3858523   0.36944546]]	[[-0.09556696917098567, -0.011201199405194314, -0.07002263690249468], [-0.037370437202405155, 0.10638124355905454, -0.008648359269320177], [0.04065672692846188, 0.052327536793121375, -0.08786379804304337]]	0.6091490491263755	WordDict: (word: HRZ, matrix: [[ 0.          0.          0.99401199]
 [-0.70710678  0.70710678  0.        ]
 [-0.70287262 -0.70287262  0.        ]])
3	[[0.50607966, 0.26960331, 0.8192664], [-0.59451586, 0.79721188, 0.10490047], [-0.62484739, -0.54015486, 0.56373616]]	0.5791266831750079	0.4208733184256932	[[ 0.29308423  0.15613447  0.47445903]
 [-0.3443      0.46168667  0.06075066]
 [-0.3618658  -0.31281809  0.32647465]]	0.811211495654254	0.3051188894251973	[[ 0.31497067  0.2075041   0.59457568]
 [-0.51964854  0.75308869  0.07644811]
 [-0.46622666 -0.3858523   0.36944546]]	[[-0.09556696917098567, -0.011201199405194314, -0.07002263690249468], [-0.037370437202405155, 0.10638124355905454, -0.008648359269320177], [0.04065672692846188, 0.052327536793121375, -0.08786379804304337]]	0.6091490491263755	WordDict: (word: HRZ, matrix: [[ 0.          0.          0.99401199]
 [-0.70710678  0.70710678  0.        ]
 [-0.70287262 -0.70287262  0.        ]])
3	[[0.50607966, 0.26960331, 0.8192664], [-0.59451586, 0.79721188, 0.10490047], [-0.62484739, -0.54015486, 0.56373616]]	0.5791266831750079	0.4208733184256932	[[ 0.29308423  0.15613447  0.47445903]
 [-0.3443      0.46168667  0.06075066]
 [-0.3618658  -0.31281809  0.32647465]]	0.811211495654254	0.3051188894251973	[[ 0.31497067  0.2075041   0.59457568]
 [-0.51964854  0.75308869  0.07644811]
 [-0.46622666 -0.3858523   0.36944546]]	[[-0.09556696917098567, -0.011201199405194314, -0.07002263690249468], [-0.037370437202405155, 0.10638124355905454, -0.008648359269320177], [0.04065672692846188, 0.052327536793121375, -0.08786379804304337]]	0.6091490491263755	WordDict: (word: HRZ, matrix: [[ 0.          0.          0.99401199]
 [-0.70710678  0.70710678  0.        ]
 [-0.70287262 -0.70287262  0.        ]])
3	[[0.50607966, 0.26960331, 0.8192664], [-0.59451586, 0.79721188, 0.10490047], [-0.62484739, -0.54015486, 0.56373616]]	0.5791266832974449	0.42087331830325586	[[ 0.29308423  0.15613447  0.47445903]
 [-0.3443      0.46168667  0.06075066]
 [-0.3618658  -0.31281809  0.32647465]]	0.8112114955355103	0.3051188890922051	[[ 0.31497067  0.2075041   0.59457569]
 [-0.51964854  0.75308868  0.07644811]
 [-0.46622666 -0.3858523   0.36944545]]	[[-0.09556697113135341, -0.011201201118241943, -0.07002263416905834], [-0.037370437395771346, 0.10638124353871399, -0.00864835947599781], [0.04065672501708032, 0.052327535042108186, -0.08786380064379641]]	0.6091490491263755	WordDict: (word: HRZ, matrix: [[ 0.          0.          0.99401199]
 [-0.70710678  0.70710678  0.        ]
 [-0.70287262 -0.70287262  0.        ]])
