3	[[0.034229894132735264, 0.2773841392786001, 0.9601491309293217], [-0.1827544195208179, -0.9427759796974285, 0.2788803941677556], [0.9825625356654255, -0.18501754344446375, 0.018422055382213542]]	0.7862437859226993	0.21375621407730072	[[0.02691304155465496, 0.21809155582131584, 0.7549112877522595], [-0.1436895266981531, -0.7412517555542882, 0.21926797693007086], [0.7725336879473914, -0.14546889381989264, 0.014484226568189214]]	0.8820521927661898	0.18125781894082288	[[0.009181902423455575, 0.21721014012987538, 0.800015031577865], [-0.1674914949740894, -0.8244493922245291, 0.25632516320029275], [0.830188215844852, -0.1481688979647146, 0.0]]	[[-0.021010650754478097, -0.02745714815937604, -0.04688661474089469], [-0.006292558498039835, 0.007128227954880863, 0.010338100005124543], [-0.03648322326874415, 0.015026231930688465, -0.016249214345141646]]	0.36896210996269063	[[0.0, 0.0, 0.9306000000000001], [0.0, -1.0, 0.0], [0.9306000000000001, 0.0, 0.0]]
3	[[-0.3195682178843842, -0.5708200961323295, -0.7563336379995778], [0.910087742671785, 0.03735879733279218, -0.41272826520656647], [0.2638493031197415, -0.8202248094963509, 0.507557688474819]]	0.41908971282528185	0.5809102871747182	[[-0.13392775266125365, -0.23922483016299775, -0.31697164714934367], [0.3814084107221273, 0.01565668764569781, -0.1729701701402967], [0.11057652867360321, -0.34374777986399707, 0.21271220590517578]]	0.6257681037900659	0.5727215266695344	[[-0.25092081709186087, -0.25092081709186087, -0.40703599839525395], [0.6090918018717765, 0.04179326259173124, -0.05741584556687446], [0.3157317327841657, -0.36680963951652523, 0.3085833415028414]]	[[-0.05094521935477912, 0.10628019207013013, 0.06625346808838396], [0.039587920857471995, 0.018415318824912562, 0.20085633833200212], [0.1506232546845948, 0.14646088420357434, -0.009030070778115028]]	0.9358661695774255	[[0.0, 0.0, -0.8059148246160003], [0.7071067811865475, 0.7071067811865476, 0.0], [0.569867837544741, -0.5698678375447409, 0.0]]
3	[[-0.30792515101507295, 0.09349718223056193, 0.9468053539599837], [0.3027085282091916, -0.9338174967034747, 0.1906631317268273], [0.9019698710720718, 0.34531602882779927, 0.2592434992682147]]	0.6235705935164735	0.37642940648352663	[[-0.1920130691771188, 0.05830209341562938, 0.5903999765134019], [0.18876013659790375, -0.5823011306554532, 0.11889192221260723], [0.5624418878383889, 0.21532892104690246, 0.16165662270396813]]	0.8086972543294729	0.29969922596284115	[[-0.20714034087681832, 0.06933952076874543, 0.715488469589117], [0.25286539266683794, -0.8448596706819375, 0.12167649444385692], [0.6556449594617912, 0.24253590444901243, 0.1378008201080729]]	[[0.04187788328805947, -0.006271393788652383, -0.05019042054276623], [0.008065837041948954, -0.08968402505301604, -0.03251225668548693], [-0.07377559876210191, -0.036720219939985935, -0.07184868595289703]]	0.4798019963305541	[[0.0, 0.0, 0.9306000000000001], [0.0, -1.0, 0.0], [0.9306000000000001, 0.0, 0.0]]
3	[[-0.8305561570912853, 0.32773595720904825, 0.4502950280316503], [-0.5100865793185324, -0.772219296347621, -0.37879947194723407], [0.22358030216652452, -0.5443036842615101, 0.808545204538665]]	0.4695092237952923	0.5304907762047075	[[-0.3899537766343303, 0.1538750548790274, 0.21141766909001952], [-0.23949035392423998, -0.3625640824279185, -0.17784984604801246], [0.10497301412612187, -0.25555560030653945, 0.37961943138635457]]	0.6997376402786581	0.5124454622329506	[[-0.4562457632793605, 0.11535879972155902, 0.247499113178389], [-0.5453885761015662, -0.5971393508199699, -0.27467235154308756], [0.20899520990266954, -0.3138512407170815, 0.4123375846694473]]	[[0.1249256422026059, -0.11397038561036767, -0.06758926716569023], [-0.18846179675140362, -0.056788442616039915, -0.00961210290392823], [0.052547656851876325, 0.06701853490304732, -0.15343192881306314]]	0.6839873775244766	[[-0.6123660407744905, 0.6123660407744904, 0.0], [-0.7071067811865475, -0.7071067811865476, 0.0], [0.0, 0.0, 0.8660163600000002]]
3	[[-0.42203838922340475, -0.825029846081567, 0.3757783270710803], [0.2588054115689476, 0.28760896992378115, 0.9221175843470338], [-0.8688517462515349, 0.4864224845687207, 0.09214016247897017]]	0.4142321222539566	0.5857678777460434	[[-0.1748218576406523, -0.3417538640652227, 0.15565945391969505], [0.10720551488501387, 0.1191368739908022, 0.3819707239317637], [-0.3599063027738295, 0.20149181809494365, 0.038167415048488196]]	0.609214121885869	0.6327873992087898	[[-0.09649120415770814, -0.3419992906750606, 0.29815929149659925], [0.15114332234820751, 0.08555833030758911, 0.6263560212652145], [-0.4545987862352925, 0.1723880442015372, -0.029061248959356592]]	[[0.160620542535155, 0.160620542535155, 0.0692298279462503], [-0.0065245892000797695, -0.08965711575102649, 0.06458896684171767], [0.07471796740634014, -0.12394740260053863, -0.0851943371344037]]	0.6946433120389129	[[0.0, -0.5698678375447409, 0.569867837544741], [0.0, 0.7071067811865476, 0.7071067811865475], [-0.8059148246160003, 0.0, 0.0]]
3	[[0.8489524140446696, -0.5135124485683378, 0.12483895166604869], [0.522794976890395, 0.7815435453534784, -0.34040431673891397], [0.0772347773085365, 0.35425224329800037, 0.9319550081910795]]	0.6967416474272985	0.3032583525727015	[[0.5915005035488651, -0.35778550938992953, 0.08698049684689962], [0.3642530334653302, 0.5445339373257542, -0.23717386443603483], [0.05381268598063025, 0.24682229160026495, 0.6493318677351742]]	0.8364613173307999	0.2461922908361741	[[0.6743965580819, -0.4156225283030254, 0.05208744167226591], [0.4765099413577835, 0.6230304619130337, -0.2654223915462638], [0.030926968880554746, 0.2350683129238777, 0.7398329187249912]]	[[-0.03571929652106669, 0.013910770892211016, -0.05233551229251324], [0.03921216629411873, -0.030700481584720482, 0.019312651658259003], [-0.03367693469069469, -0.06124998517255875, -0.03971139511955551]]	0.4505434848675457	[[0.6580335705722012, -0.6580335705722011, 0.0], [0.7071067811865475, 0.7071067811865476, 0.0], [0.0, 0.0, 0.9306000000000001]]
3	[[-0.5446221603179724, 0.8109226453022452, -0.2139887049042392], [-0.8354447797583356, -0.5021691245819775, 0.22328947644507607], [0.07361197229480154, 0.30038414347728, 0.9509735242804028]]	0.5488405227348842	0.4511594772651158	[[-0.2989107111619178, 0.44506720854523946, -0.11744567265900355], [-0.45852594963869503, -0.27561076483689173, 0.12255031297331417], [0.04040123335382471, 0.1648629903273408, 0.5219328061730913]]	0.7473591136903961	0.36273524713690486	[[-0.472459137973514, 0.5487976180553146, -0.08995328255409685], [-0.6785961000825301, -0.4546272732378816, 0.041912456986885], [0.10777885714087992, 0.08870090321207041, 0.7107187302492343]]	[[-0.06543080294212539, -0.05725281140924295, 0.0699731262828911], [-0.05421882994507214, -0.07932660136761276, -0.12496496822549966], [0.052764278769635076, -0.13579392402375834, 0.0]]	0.42687636860926176	[[-0.6123660407744905, 0.6123660407744904, 0.0], [-0.7071067811865475, -0.7071067811865476, 0.0], [0.0, 0.0, 0.8660163600000002]]
3	[[0.08740825448676931, -0.06334395238859675, -0.994156597696443], [0.7119981850616444, -0.6940087028176986, 0.10681996481098455], [-0.6967197295301035, -0.717174639895393, -0.015561310176609944]]	0.6641916149183611	0.335808385081639	[[0.058055829704762404, -0.04207252203229385, -0.6603104761057442], [0.4729032243550358, -0.460954761091884, 0.07094892493333033], [-0.46275540230208323, -0.4763413822506152, -0.010335691736448084]]	0.838471151501782	0.2594860093839126	[[0.03867255799974218, -0.030131080890791823, -0.7547615642623313], [0.6357881912528954, -0.639244453376714, 0.07131858993365198], [-0.55500291189122, -0.539736756653949, 0.027345628007447765]]	[[-0.03461674179054007, 0.022980995809148946, 0.07881006298129921], [0.03879825315707968, -0.057338177172900226, -0.018246868964794064], [0.02917648200189609, 0.06159348948701683, 0.040393337670106305]]	0.23851775798328703	[[0.0, 0.0, -0.8059148246160003], [0.7071067811865475, -0.7071067811865476, 0.0], [-0.569867837544741, -0.5698678375447409, 0.0]]
3	[[0.5319609947059123, -0.8460851799387872, 0.03402011756955908], [-0.703274286200726, -0.4190807785627857, 0.5742617690636116], [-0.47161719485230363, -0.3294103357928521, -0.8179645788128509]]	0.471320786728088	0.528679213271912	[[0.2507242745334468, -0.39877753264772514, 0.01603438857746664], [-0.3314677898577606, -0.19752148225483185, 0.270661508782925], [-0.22228298731228174, -0.1552579386222507, -0.38552370880178216]]	0.6749533136948093	0.539660704103172	[[0.4114418658790894, -0.5512750698011336, 0.09816573153252013], [-0.4049869099106664, -0.22990781958693357, 0.3021198712758811], [-0.2836202191359577, -0.04293310283965998, -0.45306735833532014]]	[[0.052393029745946985, 0.01979292606661965, 0.07520374044665921], [0.0696903999968652, 0.05295214060981932, -0.08548001268184681], [0.03469936932505523, 0.1794034948690454, 0.09902054461939247]]	0.6918781410325359	[[0.6123660407744905, -0.6123660407744904, 0.0], [-0.7071067811865475, -0.7071067811865476, 0.0], [0.0, 0.0, -0.8660163600000002]]
3	[[0.8787972042104137, -0.3840163418041313, 0.28327887866788265], [-0.395223040501579, -0.9183905790867732, -0.018907472103605397], [0.2674214316928388, -0.09534250611366366, -0.9588511794847616]]	0.5970887535760414	0.40291124642395876	[[0.5247199273081058, -0.22929183888065985, 0.16914263257822468], [-0.23598323263762122, -0.5483606861629002, -0.011289438951615514], [0.1596743293289976, -0.05692793813822355, -0.5725192556234734]]	0.8043436864155317	0.34980427562156974	[[0.5659423421460175, -0.24170994953932384, 0.2309580269404741], [-0.3454759184081041, -0.8477109507526449, -0.022182369685764418], [0.2071499228506186, -0.07668814283955959, -0.6581047166582266]]	[[-0.14091264070024948, 0.06717117047121797, 0.003104449389091193], [-0.0275807610547091, -0.10900928680069494, -0.0069742638731516236], [-0.00794881734371865, 0.0, 0.11314117577242712]]	0.5027981935249809	[[0.6123660407744905, -0.6123660407744904, 0.0], [-0.7071067811865475, -0.7071067811865476, 0.0], [0.0, 0.0, -0.8660163600000002]]
3	[[0.8592155572171323, 0.2624339665249735, -0.4391776855101157], [-0.4266000482917053, 0.8413623931712975, -0.33184593135155627], [0.2824199444684594, 0.4724804086637203, 0.8348660002631537]]	0.5189562239710637	0.48104377602893644	[[0.4458952611505963, 0.13619174030954873, -0.22791399332468093], [-0.22138675020733678, 0.43663025055143406, -0.17221351147436445], [0.14656358795546914, 0.24519664878042935, 0.43325890701839126]]	0.7540999915684801	0.4357388653879531	[[0.48172563503749233, 0.19372497100693042, -0.2892618699112886], [-0.3531306147208889, 0.7490605738155591, -0.2526907513077105], [0.24087170053374457, 0.3204714257190369, 0.4776157038905746]]	[[-0.16620880941545413, -0.004176480936834924, 0.04192201902895429], [-0.03143152190100074, 0.11458920021904752, -0.002445737273467436], [0.02789882279130871, -0.035826046470546644, -0.15195673986868036]]	0.6852802774485374	[[0.8059148246160003, 0.0, 0.0], [0.0, 0.7071067811865476, -0.7071067811865475], [0.0, 0.5698678375447409, 0.569867837544741]]
3	[[0.3802729664721569, 0.7767473726770865, -0.5020517802076895], [0.4287143634067757, 0.332951791095048, 0.839849450446521], [0.8195098935212374, -0.5346088512602871, -0.20639019011321075]]	0.5121824375208089	0.4878175624791913	[[0.19476913489097816, 0.3978363626756343, -0.25714210454843583], [0.21957996764986432, 0.1705320599399809, 0.430156138680211], [0.41973857483612603, -0.27381726455869343, -0.10570943065256742]]	0.6607179854043109	0.5090558324092599	[[0.12561681045483458, 0.40883303400962834, -0.2593836708799135], [0.3044788865663445, 0.16671989568065407, 0.46163693637072195], [0.5832782159748087, -0.294709450731587, -0.08125553290165112]]	[[-0.12563637785637002, -0.10437792523366782, 0.07233096990755895], [0.021219596062328025, -0.05326734096842296, -0.0932667005712211], [0.041813290108555355, 0.05851623245242276, 0.05511017771716221]]	0.7172322462831806	[[0.0, 0.5698678375447409, -0.569867837544741], [0.0, 0.7071067811865476, 0.7071067811865475], [0.8059148246160003, 0.0, 0.0]]
3	[[0.04673222253661188, -0.9725397674033924, -0.22799671093185395], [-0.8377629715199755, -0.16246744520517667, 0.5213036857710898], [-0.5440306084466285, 0.16664552219444034, -0.8223502702654952]]	0.5151327205675855	0.48486727943241437	[[0.02407329693345468, -0.5009870562426764, -0.11744856598278726], [-0.4315591187098697, -0.08369229705220782, 0.2685405858931712], [-0.28024796740115065, 0.085844561218428, -0.4236195319813538]]	0.7109378346552091	0.4511397990398393	[[-1.079426465577335e-16, -0.7282046987368651, -0.0997693387419663], [-0.6707853514958211, -0.12379638107476679, 0.2327899104232506], [-0.26531896571026353, 0.0, -0.5405958589057367]]	[[-0.033223705098804214, -0.03678938238301668, 0.06232214923643556], [-0.07518795856909624, -0.008292127378634787, -0.13782460313662748], [0.12145297704493842, -0.118474606703902, 0.04404406156494048]]	0.6708037172219536	[[1.6091980291016531e-16, -0.8059148246160003, 0.0], [-1.0, -1.7938038903913487e-16, 0.0], [0.0, 0.0, -0.8059148246160003]]
3	[[0.22433838825039393, -0.7661379269479729, -0.6022499185961573], [-0.9416906372873723, -0.011392912655017143, -0.3362869982418849], [0.2507808429735371, 0.642575192824231, -0.724020780340167]]	0.4413545854108232	0.5586454145891768	[[0.09901277633798491, -0.33813848711563016, -0.2658057631357091], [-0.4156194808052221, -0.005028314241476813, -0.14842180868809735], [0.11068327497956221, 0.2836035078242183, -0.3195498913358551]]	0.6579517508271311	0.5565698915015822	[[0.27756982864785856, -0.39181368647229803, -0.27827765189960174], [-0.6799621211073775, -0.04988575107888919, -0.0402225851050638], [0.2521095499257096, 0.25210954992570955, -0.4743708963832675]]	[[0.12996599332077519, 0.11226810393818928, 0.11797373647623721], [-0.0603751175666341, -0.042389764250500096, 0.18103803416858472], [0.08710785521736708, -0.1706739232310746, 0.001999843676771071]]	0.731309462049187	[[-1.6091980291016531e-16, -0.8059148246160003, 0.0], [-1.0, 1.7938038903913487e-16, 0.0], [0.0, 0.0, -0.8059148246160003]]
