3	[[0.08740825448676931, -0.06334395238859675, -0.994156597696443], [0.7119981850616444, -0.6940087028176986, 0.10681996481098455], [-0.6967197295301035, -0.717174639895393, -0.015561310176609944]]	0.6288203355125054	0.3711796644874946	[[0.054964087912932724, -0.039831965393685574, -0.6251458853154482], [0.44771893761475806, -0.43640678535442373, 0.06717056611187731], [-0.43811153408130177, -0.45097399768008134, -0.009785268286270035]]	0.8215117193743638	0.287097990515374	[[0.03698875508009922, -0.028999343722100456, -0.726137850306288], [0.6359526050541913, -0.6396220706771307, 0.07115417613235621], [-0.5339626306236551, -0.5191063649767281, 0.026154999544786513]]	[[-0.03481815035083859, 0.0230384555166235, 0.09057344559468475], [0.051037751852773164, -0.06948578796459128, -0.016599676823024764], [0.038400792304662035, 0.07006100653542645, 0.03893879822369113]]	0.2642636560593204	[[0.0, 0.0, -0.7751385268560003], [0.7071067811865475, -0.7071067811865476, 0.0], [-0.5481057086988286, -0.5481057086988286, 0.0]]
3	[[-0.42203838922340475, -0.825029846081567, 0.3757783270710803], [0.2588054115689476, 0.28760896992378115, 0.9221175843470338], [-0.8688517462515349, 0.4864224845687207, 0.09214016247897017]]	0.4037349162827509	0.5962650837172493	[[-0.17039163374121832, -0.3330933558385122, 0.15171483142091474], [0.10448878117331192, 0.11611778339434596, 0.3722910657192021], [-0.35078578703498536, 0.1963857410854001, 0.037200200784726085]]	0.597371534007076	0.6423230728641365	[[-0.09028355569291996, -0.33101918046802675, 0.28478371833561616], [0.15644151202874257, 0.08273289292664071, 0.6201282917693638], [-0.4398420079201564, 0.1687502193299768, -0.028289806503354165]]	[[0.16183016428734082, 0.16183016428734082, 0.06030444264655224], [0.0018385263104676725, -0.08907651863092345, 0.06928149587307694], [0.07918529256284983, -0.1218247264523731, -0.08333171670707779]]	0.7040989827332851	[[0.0, -0.5481057086988286, 0.5481057086988286], [0.0, 0.7071067811865476, 0.7071067811865475], [-0.7751385268560003, 0.0, 0.0]]
3	[[0.8787972042104137, -0.3840163418041313, 0.28327887866788265], [-0.395223040501579, -0.9183905790867732, -0.018907472103605397], [0.2674214316928388, -0.09534250611366366, -0.9588511794847616]]	0.5777844237685767	0.42221557623142336	[[0.5077553362441503, -0.2218786607670168, 0.16367412367693115], [-0.22835371671626972, -0.5306317715321407, -0.010924442874302082], [0.15451193781401468, -0.055087414955535166, -0.554009276218423]]	0.7950601072487199	0.36222381168084955	[[0.5555567625554755, -0.2356423451987683, 0.22640731587943583], [-0.3455100627562332, -0.8471190723942852, -0.02357714609766288], [0.20324945773982092, -0.07580302313609115, -0.6449222356939723]]	[[-0.1431398368739313, 0.06967372870128538, 0.0011835802244519783], [-0.03128398978788262, -0.11694336008934104, -0.008544569299168196], [-0.009366654422493674, 0.0, 0.11742208590274383]]	0.5105901220959014	[[0.5966750584572486, -0.5966750584572486, 0.0], [-0.7071067811865475, -0.7071067811865476, 0.0], [0.0, 0.0, -0.8438259600000002]]
3	[[0.034229894132735264, 0.2773841392786001, 0.9601491309293217], [-0.1827544195208179, -0.9427759796974285, 0.2788803941677556], [0.9825625356654255, -0.18501754344446375, 0.018422055382213542]]	0.7614974896358189	0.23850251036418105	[[0.02606597845257775, 0.21122732572544634, 0.7311511528786918], [-0.1391670316849541, -0.7179215418285414, 0.21236672006739357], [0.7482189043194264, -0.14089039487154517, 0.014028348927487635]]	0.8714972580090362	0.19776737006110204	[[0.00921263610718845, 0.21207771538298656, 0.7838054220220656], [-0.16825666623659455, -0.8237621337666956, 0.2572191806275443], [0.8131792661106554, -0.14497898142608584, 0.0]]	[[-0.020618622771429927, -0.029661801413510033, -0.05296191286259723], [-0.008986690735168675, -0.002135452543603672, 0.014175681797866043], [-0.0431212895441687, 0.016263300369332052, -0.01605477075248971]]	0.3746087115155852	[[0.0, 0.0, 0.9186000000000001], [0.0, -1.0, 0.0], [0.9186000000000001, 0.0, 0.0]]
3	[[0.8489524140446696, -0.5135124485683378, 0.12483895166604869], [0.522794976890395, 0.7815435453534784, -0.34040431673891397], [0.0772347773085365, 0.35425224329800037, 0.9319550081910795]]	0.671453979835065	0.32854602016493495	[[0.5700324771008793, -0.34479997728605954, 0.08382361093460573], [0.3510327678708366, 0.5247705239419997, -0.22856583322737983], [0.05185959860549181, 0.23786407862794212, 0.625764899277121]]	0.8250525066620829	0.26330944520344435	[[0.6585219531198525, -0.4079585791111594, 0.049540740762639826], [0.4764917630425809, 0.6264706013780055, -0.26401561743862034], [0.02747361588982147, 0.22671580164116786, 0.7266420004541654]]	[[-0.04190836412452849, 0.01571615378233168, -0.053457949238500266], [0.04515845688881468, -0.018343859781453052, 0.016835817365414372], [-0.036249130730074346, -0.06556089968251348, -0.04226981515016671]]	0.4550838306470703	[[0.6495482891979627, -0.6495482891979626, 0.0], [0.7071067811865475, 0.7071067811865476, 0.0], [0.0, 0.0, 0.9186000000000001]]
3	[[0.04673222253661188, -0.9725397674033924, -0.22799671093185395], [-0.8377629715199755, -0.16246744520517667, 0.5213036857710898], [-0.5440306084466285, 0.16664552219444034, -0.8223502702654952]]	0.503325206382264	0.496674793617736	[[0.02352150555294208, -0.48950377914327153, -0.11475649158425277], [-0.4216672205397103, -0.08177396038829472, 0.26238528522856863], [-0.273824318274668, 0.08387689185119686, -0.413909619499891]]	0.6974107298370066	0.4694163733129211	[[-1.038089026751091e-16, -0.7003789421013858, -0.10636045943280946], [-0.6707102287614669, -0.13721477613067767, 0.2328430302181337], [-0.2552451881865859, 0.0, -0.5198933386694145]]	[[-0.032591553426163905, -0.02211927312107312, 0.05264689313861181], [-0.08644534336330134, -0.023908236595381674, -0.13071975374220351], [0.12416759550384805, -0.11622037525769373, 0.05362256349810429]]	0.6830759145098673	[[1.547745929964458e-16, -0.7751385268560003, 0.0], [-1.0, -1.7938038903913487e-16, 0.0], [0.0, 0.0, -0.7751385268560003]]
3	[[-0.8305561570912853, 0.32773595720904825, 0.4502950280316503], [-0.5100865793185324, -0.772219296347621, -0.37879947194723407], [0.22358030216652452, -0.5443036842615101, 0.808545204538665]]	0.45620227429690574	0.5437977257030941	[[-0.37890160779634247, 0.14951388904764118, 0.2054256158926278], [-0.23270265757344355, -0.3522881992497411, -0.17280918060479514], [0.1019978423363579, -0.24831257866828585, 0.3688601611823958]]	0.6863789570580331	0.5269495939550288	[[-0.43943541502890093, 0.10671355526602008, 0.24710956535780892], [-0.5438998363407401, -0.5954144649283497, -0.27131472416045055], [0.2026252177072998, -0.3080982036671667, 0.39652581417642907]]	[[0.13064085385354332, -0.11823750923354262, -0.061963466350973], [-0.19378714201878622, -0.06537938968118134, -0.011314737671174344], [0.04916440308752079, 0.06550039145909353, -0.15844260004909386]]	0.6863331137184207	[[-0.5966750584572486, 0.5966750584572486, 0.0], [-0.7071067811865475, -0.7071067811865476, 0.0], [0.0, 0.0, 0.8438259600000002]]
3	[[0.3802729664721569, 0.7767473726770865, -0.5020517802076895], [0.4287143634067757, 0.332951791095048, 0.839849450446521], [0.8195098935212374, -0.5346088512602871, -0.20639019011321075]]	0.4943396425616065	0.5056603574383939	[[0.18798400232168785, 0.3839770185698579, -0.2481840975752874], [0.21193050516753217, 0.16459126940017277, 0.41517087713929485], [0.40511622783898876, -0.2642783484422814, -0.10202685280878662]]	0.6479866356499512	0.5195462420156838	[[0.12335440468617234, 0.41248919981049026, -0.23598366196114964], [0.3009313683739757, 0.14138752216980072, 0.4710684018429143], [0.5610469376464949, -0.2681315664724816, -0.09309445823397303]]	[[-0.12305739548674727, -0.0908327169604738, 0.08933918201769973], [0.02313019037520868, -0.07436078877550473, -0.07314281800438723], [0.030015478861818518, 0.07828782444435696, 0.04064362668864019]]	0.7273724177798113	[[0.0, 0.5481057086988286, -0.5481057086988286], [0.0, 0.7071067811865476, 0.7071067811865475], [0.7751385268560003, 0.0, 0.0]]
3	[[0.8592155572171323, 0.2624339665249735, -0.4391776855101157], [-0.4266000482917053, 0.8413623931712975, -0.33184593135155627], [0.2824199444684594, 0.4724804086637203, 0.8348660002631537]]	0.5010132508769267	0.49898674912307334	[[0.4304783795253855, 0.13148289470920355, -0.2200338399300276], [-0.21373227701888117, 0.4215337077683427, -0.16625920885672468], [0.14149613449062393, 0.2367189455202694, 0.41827892883845974]]	0.742160111354081	0.45454012077966444	[[0.4630411960597142, 0.1868604231819417, -0.2859263857794169], [-0.3526468576488199, 0.7495714446608093, -0.2519411570565555], [0.2380132717270324, 0.3109617870960103, 0.45954984206989247]]	[[-0.17463431756171147, -0.007907598637325855, 0.04001377420299813], [-0.03604131830499148, 0.1251458372556629, -0.005658343692285746], [0.028412454291707176, -0.03969432561047807, -0.16005440165114596]]	0.6893452103835446	[[0.6495482891979627, 0.6495482891979626, 0.0], [-0.7071067811865475, 0.7071067811865476, 0.0], [0.0, 0.0, 0.9186000000000001]]
3	[[-0.30792515101507295, 0.09349718223056193, 0.9468053539599837], [0.3027085282091916, -0.9338174967034747, 0.1906631317268273], [0.9019698710720718, 0.34531602882779927, 0.2592434992682147]]	0.6005219308983507	0.39947806910164946	[[-0.18491580625973783, 0.056147108406652005, 0.5685773793449457], [0.18178310985958163, -0.5607778862270348, 0.11449739201572093], [0.5416526885883369, 0.20736984840182054, 0.15568140675339348]]	0.7986478418609918	0.3022361808299192	[[-0.17710326058646675, 0.07211650010156019, 0.7269081710575939], [0.2610404026340226, -0.8373737597306977, 0.1315740722218723], [0.6681868949756031, 0.24375383363150394, 0.1049867604849066]]	[[0.06882049672644125, -0.0025548227069619595, -0.029255881544979642], [0.019282889866834695, -0.09158243129643366, -0.020698626454216294], [-0.052169395979744, -0.03203206755182602, -0.10205750072214467]]	0.48283577251029275	[[0.0, 0.0, 0.9186000000000001], [0.0, -1.0, 0.0], [0.9186000000000001, 0.0, 0.0]]
3	[[0.22433838825039393, -0.7661379269479729, -0.6022499185961573], [-0.9416906372873723, -0.011392912655017143, -0.3362869982418849], [0.2507808429735371, 0.642575192824231, -0.724020780340167]]	0.42533817627112785	0.5746618237288721	[[0.09541968092602679, -0.32586770862019343, -0.25615988203512474], [-0.40053697827540713, -0.00484584069110123, -0.1430356985358953], [0.10666666639410037, 0.2733117606329268, -0.30795367829228554]]	0.6441597430534783	0.5673496438583658	[[0.26457713151151896, -0.38770295942366184, -0.2613646099222615], [-0.6845154454381225, -0.048821067057548864, -0.040486958740114154], [0.23838682280621018, 0.23838682280621018, -0.46591139403481124]]	[[0.1200673729791138, 0.105812250742669, 0.12658054289461748], [-0.0779162464872223, -0.04148221136906231, 0.17613558763960396], [0.07684389943364185, -0.1755342482959858, 0.00047364579448980204]]	0.7320277431432131	[[1.547745929964458e-16, -0.7751385268560003, 0.0], [-1.0, -1.7938038903913487e-16, 0.0], [0.0, 0.0, -0.7751385268560003]]
3	[[-0.5446221603179724, 0.8109226453022452, -0.2139887049042392], [-0.8354447797583356, -0.5021691245819775, 0.22328947644507607], [0.07361197229480154, 0.30038414347728, 0.9509735242804028]]	0.5302391341230779	0.4697608658769221	[[-0.2887799827112417, 0.4299829212858583, -0.11346518560054264], [-0.4429855166267054, -0.26626972180169184, 0.11839681864903254], [0.03903194845068757, 0.15927542814169532, 0.5042433780884126]]	0.7371984868576505	0.37532809786037924	[[-0.4676789098363963, 0.5364798902020935, -0.08175757223743674], [-0.6807861058660472, -0.4676564898973582, 0.03759662736568686], [0.09707797575246523, 0.08225294690698762, 0.7010562431412003]]	[[-0.0661842773408423, -0.06133105687332495, 0.07599457722259675], [-0.06489747837507921, -0.09745817110889354, -0.12701203680086026], [0.04281134116213021, -0.1391897891404946, 0.0]]	0.4366362715944006	[[-0.5966750584572486, 0.5966750584572486, 0.0], [-0.7071067811865475, -0.7071067811865476, 0.0], [0.0, 0.0, 0.8438259600000002]]
3	[[0.5319609947059123, -0.8460851799387872, 0.03402011756955908], [-0.703274286200726, -0.4190807785627857, 0.5742617690636116], [-0.47161719485230363, -0.3294103357928521, -0.8179645788128509]]	0.4602371154609883	0.5397628845390117	[[0.24482819374120715, -0.38939980264931856, 0.01565732077785756], [-0.3236729288589077, -0.19287652867088168, 0.26429658011336077], [-0.21705573736062708, -0.1516068627483378, -0.37645765830208877]]	0.6639014402329111	0.549677452983368	[[0.39752305337849975, -0.5372903557123022, 0.09403906540232318], [-0.4062084910812331, -0.2349412499843663, 0.3008982901053143], [-0.2750943576571514, -0.038716771560193604, -0.44603217876325735]]	[[0.0443533828455126, 0.02442681380878027, 0.07145306035099994], [0.060696320406201376, 0.043287082477396675, -0.08035492544671673], [0.03801297724389848, 0.17997922480028777, 0.09701568317010072]]	0.7005572638844886	[[0.5966750584572486, -0.5966750584572486, 0.0], [-0.7071067811865475, -0.7071067811865476, 0.0], [0.0, 0.0, -0.8438259600000002]]
3	[[-0.3195682178843842, -0.5708200961323295, -0.7563336379995778], [0.910087742671785, 0.03735879733279218, -0.41272826520656647], [0.2638493031197415, -0.8202248094963509, 0.507557688474819]]	0.4073982866024914	0.5926017133975086	[[-0.13019154441870973, -0.23255112912258047, -0.30812902822085697], [0.3707681870224143, 0.015219910022909323, -0.16814478807757383], [0.10749175401224405, -0.3341581820176683, 0.2067781326365623]]	0.6139420110259708	0.6070246360702163	[[-0.2657376330542173, -0.2657376330542174, -0.3639876256724629], [0.6100203454122937, -0.09739763038895709, -0.05687191735409343], [0.21523093457887799, -0.332633555184744, 0.33172615046087084]]	[[-0.06954127870629284, 0.08471280469930309, 0.10035736904758652], [0.05127924646629186, -0.12033376555296316, 0.19651930379408616], [0.053242762813743016, 0.17093691385083934, 0.020115162486947342]]	0.9434434202087688	[[0.0, 0.0, -0.7751385268560003], [0.7071067811865475, 0.7071067811865476, 0.0], [0.5481057086988286, -0.5481057086988286, 0.0]]
