3	[[0.034229894132735264, 0.2773841392786001, 0.9601491309293217], [-0.1827544195208179, -0.9427759796974285, 0.2788803941677556], [0.9825625356654255, -0.18501754344446375, 0.018422055382213542]]	0.8298041997648623	0.1701958002351376	[[0.02840410990885034, 0.23017452372154393, 0.796735781245734], [-0.15165038484396423, -0.7823194673903588, 0.23141612231248387], [0.8153345186267826, -0.1535283345803939, 0.015286698924461679]]	0.9033934494375923	0.14688845744276668	[[0.009103886092068027, 0.2282114133870674, 0.8343646382946013], [-0.16596622159849198, -0.8258016643624699, 0.25458576284045353], [0.866264619593969, -0.15496899898432, 0.0]]	[[-0.021819176042387277, -0.022375601015104662, -0.03302779707014524], [-0.0008670761476154299, 0.025895979983295556, 0.0026470415727293728], [-0.02137593878896706, 0.012174637794443678, -0.01664236415746825]]	0.35745332836435123	[[0.0, 0.0, 0.9558], [0.0, -1.0, 0.0], [0.9558, 0.0, 0.0]]
3	[[0.3802729664721569, 0.7767473726770865, -0.5020517802076895], [0.4287143634067757, 0.332951791095048, 0.839849450446521], [0.8195098935212374, -0.5346088512602871, -0.20639019011321075]]	0.53096554027098	0.46903445972902014	[[0.20191184109333707, 0.4124260883875535, -0.2665721947219832], [0.22763255358820791, 0.17678592764297268, 0.4459311172026228], [0.4351315133709171, -0.2838588775430663, -0.10958607880009122]]	0.6872370459449059	0.4628679323112927	[[0.19268352637999314, 0.44795593504072445, -0.2890198517997037], [0.3399849050622007, 0.20220402842938615, 0.47837153172720565], [0.561802536471625, -0.2797347377191322, -0.07217180474499468]]	[[-0.06865414375103826, -0.08585363480334342, 0.05600873054160995], [0.04535651240037723, -0.02661277692484003, -0.0988041236361141], [-0.0013950218745344446, 0.08766826995698715, 0.06966717982041574]]	0.6972510467976858	[[0.0, 0.6174276589787369, -0.617427658978737], [0.0, 0.7071067811865476, 0.7071067811865475], [0.873174569112, 0.0, 0.0]]
3	[[-0.42203838922340475, -0.825029846081567, 0.3757783270710803], [0.2588054115689476, 0.28760896992378115, 0.9221175843470338], [-0.8688517462515349, 0.4864224845687207, 0.09214016247897017]]	0.43647647730763356	0.5635235226923665	[[-0.18420982941681965, -0.3601061208913416, 0.16401840044854094], [0.11296247434976653, 0.12553455003440916, 0.40248263487921804], [-0.37923334950645593, 0.21231197254778195, 0.040217013537373884]]	0.6338065311218065	0.613673668571287	[[-0.11034678865943992, -0.36576540600243507, 0.3277873618395185], [0.14020616981650177, 0.09152835692260047, 0.6393498200551953], [-0.48665913903477703, 0.17985446894475954, -0.03061125878076802]]	[[0.157143898814481, 0.157143898814481, 0.0896166038878415], [-0.02382639032556437, -0.09076008662430722, 0.05490567263378193], [0.06402477231603251, -0.12844327865939179, -0.08901029553856372]]	0.676556967868615	[[0.0, -0.6174276589787369, 0.617427658978737], [0.0, 0.7071067811865476, 0.7071067811865475], [-0.873174569112, 0.0, 0.0]]
3	[[-0.30792515101507295, 0.09349718223056193, 0.9468053539599837], [0.3027085282091916, -0.9338174967034747, 0.1906631317268273], [0.9019698710720718, 0.34531602882779927, 0.2592434992682147]]	0.6710991442474992	0.32890085575250083	[[-0.20664830533849743, 0.06274587898448258, 0.6354002628114956], [0.20314743423760842, -0.6266841229210438, 0.127953864541422], [0.6053112086134946, 0.23174129144128083, 0.1739780905106261]]	0.8301134054887417	0.2810229972257019	[[-0.23505757362708934, 0.07317472173257991, 0.727447725051786], [0.24709826114361794, -0.8485578389767044, 0.11851545791391234], [0.6656558000001787, 0.25266358740182404, 0.16188285189450943]]	[[0.02055522211766792, -0.004438542612433286, -0.058508091658909404], [-0.0041841460785988945, -0.07338341668321124, -0.03975656366499282], [-0.08308148132370013, -0.033987877258268885, -0.0533186521338464]]	0.4740728299903436	[[0.0, 0.0, 0.9558], [0.0, -1.0, 0.0], [0.9558, 0.0, 0.0]]
3	[[-0.5446221603179724, 0.8109226453022452, -0.2139887049042392], [-0.8354447797583356, -0.5021691245819775, 0.22328947644507607], [0.07361197229480154, 0.30038414347728, 0.9509735242804028]]	0.5827291433283572	0.41727085667164276	[[-0.31736720491973125, 0.47254825840254255, -0.12469745469079194], [-0.48683802080672295, -0.2926285837736068, 0.1301172853230766], [0.04289584155406044, 0.1750425945979377, 0.5541599871318678]]	0.7681106829912784	0.33882430270838315	[[-0.4816463935072568, 0.5753634088893111, -0.10856919919457421], [-0.6741036485171109, -0.4272485512686412, 0.05086606467665605], [0.13219672697323923, 0.10335474738955325, 0.7304529232416432]]	[[-0.06331629397323348, -0.04751493804689076, 0.055797811081840114], [-0.03238958813543757, -0.041527082008845986, -0.12064496758033633], [0.07565458465754414, -0.12737352221653048, 0.0]]	0.4077937160890341	[[-0.6459799738216541, 0.645979973821654, 0.0], [-0.7071067811865475, -0.7071067811865476, 0.0], [0.0, 0.0, 0.91355364]]
3	[[-0.3195682178843842, -0.5708200961323295, -0.7563336379995778], [0.910087742671785, 0.03735879733279218, -0.41272826520656647], [0.2638493031197415, -0.8202248094963509, 0.507557688474819]]	0.4444107608807301	0.5555892391192698	[[-0.14201955486329812, -0.25367859324818004, -0.33612280754308316], [0.40445278618899416, 0.016602651548255187, -0.183420882377434], [0.11725746955729467, -0.3645167316815252, 0.22556409852595882]]	0.6503701658063167	0.5697512447115426	[[-0.26568688848389954, -0.26568688848389954, -0.4410463134839453], [0.609250405244542, -0.06914341611688574, -0.05732293786214656], [0.24518654732211792, -0.39731253797984806, 0.32568506947062503]]	[[-0.057849253632003446, 0.1055574720832613, 0.05085052006673492], [0.017356489144796716, -0.09344046333253839, 0.2111032124132015], [0.07358683230425053, 0.13613720737074816, -0.00441530853901377]]	0.9208106292195676	[[0.0, 0.0, -0.873174569112], [0.7071067811865475, 0.7071067811865476, 0.0], [0.617427658978737, -0.6174276589787369, 0.0]]
3	[[0.8489524140446696, -0.5135124485683378, 0.12483895166604869], [0.522794976890395, 0.7815435453534784, -0.34040431673891397], [0.0772347773085365, 0.35425224329800037, 0.9319550081910795]]	0.7320763348729622	0.2679236651270379	[[0.6214979717553752, -0.3759303112595492, 0.09139164218506378], [0.3827258305719154, 0.572149534225995, -0.24920194457315903], [0.056541752696762836, 0.25933968389412504, 0.682262206663027]]	0.8590887328106676	0.2127580749781552	[[0.7107973895481223, -0.4244824816856684, 0.054256947983047976], [0.4722022021168435, 0.6269045462285477, -0.26812543252194104], [0.03166509610597191, 0.2567121608873906, 0.771098999388032]]	[[-0.018528064050069952, 0.01667027703740802, -0.05299078880914998], [0.02307492790029177, -0.04451070778552843, 0.0243120805885737], [-0.03468643086093284, -0.047621949902824846, -0.029533047635397696]]	0.4414445792410158	[[0.6758526614581022, -0.6758526614581021, 0.0], [0.7071067811865475, 0.7071067811865476, 0.0], [0.0, 0.0, 0.9558]]
3	[[0.8787972042104137, -0.3840163418041313, 0.28327887866788265], [-0.395223040501579, -0.9183905790867732, -0.018907472103605397], [0.2674214316928388, -0.09534250611366366, -0.9588511794847616]]	0.6401172847052324	0.3598827152947678	[[0.5625332801657197, -0.24581549799809696, 0.18133170662722803], [-0.2529890995388169, -0.5878776837838912, -0.012102999703599814], [0.17118108072720575, -0.06103038613047039, -0.6137772134481949]]	0.8233417581059943	0.3215635445274161	[[0.5904812920774081, -0.25475699037873173, 0.2380003118619102], [-0.3437669510566856, -0.8488984793148853, -0.021024389476517337], [0.2134405297469748, -0.07849946660585534, -0.6880493310093669]]	[[-0.13306914305582657, 0.0614196996237142, 0.004764981865201038], [-0.018363318046118873, -0.09274916530159913, -0.005457078153394828], [-0.0067387019782291545, 0.0, 0.10141288486962287]]	0.4879706001455492	[[0.6459799738216541, -0.645979973821654, 0.0], [-0.7071067811865475, -0.7071067811865476, 0.0], [0.0, 0.0, -0.91355364]]
3	[[0.08740825448676931, -0.06334395238859675, -0.994156597696443], [0.7119981850616444, -0.6940087028176986, 0.10681996481098455], [-0.6967197295301035, -0.717174639895393, -0.015561310176609944]]	0.7415643232128869	0.2584356767871131	[[0.06481884308170088, -0.04697361518267908, -0.7372310645383892], [0.5279924522340421, -0.5146520940088604, 0.07921387491068214], [-0.5166624946980568, -0.531831126459473, -0.011539712449423565]]	0.8741288411078647	0.19983024110779535	[[0.04249316743514824, -0.03233280044907513, -0.8172887172213419], [0.6356663046733537, -0.6382838724340719, 0.07144047651319366], [-0.600773136586758, -0.5850948585296617, 0.0300472068474887]]	[[-0.033912908762632726, 0.02303797524356069, 0.05173223740278739], [0.013288156294515524, -0.03163084932126462, -0.02193393553421516], [0.008249673164376314, 0.0418081783140484, 0.04364979687828877]]	0.1860069852771663	[[0.0, 0.0, -0.873174569112], [0.7071067811865475, -0.7071067811865476, 0.0], [-0.617427658978737, -0.6174276589787369, 0.0]]
3	[[0.22433838825039393, -0.7661379269479729, -0.6022499185961573], [-0.9416906372873723, -0.011392912655017143, -0.3362869982418849], [0.2507808429735371, 0.642575192824231, -0.724020780340167]]	0.476145501708697	0.5238544982913029	[[0.1068177144260043, -0.3647931276047036, -0.28675858964398926], [-0.44838176094557847, -0.005424684112046468, -0.160121541495994], [0.11940817029656482, 0.30595928757285634, -0.34473923770259113]]	0.6852141045426994	0.5362679690563154	[[0.2937805545224482, -0.3980468089105728, -0.3215523510489559], [-0.6747176786618685, -0.03451356595733364, -0.039460708157944925], [0.28619206743546505, 0.286192067435465, -0.4852786121125914]]	[[0.14006072670290215, 0.12692170465928254, 0.0911177876328236], [-0.029457971876757652, -0.02670698151429291, 0.19096788621172053], [0.11435349668088957, -0.1541095179169429, 0.010830638558502609]]	0.7337930319557384	[[1.7434978893038954e-16, -0.873174569112, 0.0], [-1.0, -1.7938038903913487e-16, 0.0], [0.0, 0.0, -0.873174569112]]
3	[[0.8592155572171323, 0.2624339665249735, -0.4391776855101157], [-0.4266000482917053, 0.8413623931712975, -0.33184593135155627], [0.2824199444684594, 0.4724804086637203, 0.8348660002631537]]	0.5585078773750318	0.4414921226249681	[[0.47987865706894584, 0.14657143759497315, -0.24528419692473397], [-0.2382594874594865, 0.46990752431327837, -0.18533856673469826], [0.15773376371345366, 0.2638840301440621, 0.4662792376995568]]	0.77891000684874	0.39168481786904424	[[0.5322707466484815, 0.21135765117121014, -0.2852538764249807], [-0.34114130815582294, 0.7510491933924304, -0.259879105519893], [0.241848701000918, 0.3317091891695, 0.5258246827811917]]	[[-0.13698084890805884, 0.00694520850790099, 0.05682601760351742], [-0.008858261619257943, 0.09570360596510272, -0.0014009888581258227], [0.021868980120769523, -0.03631052917865395, -0.12446079920156161]]	0.6608166435847034	[[0.873174569112, 0.0, 0.0], [0.0, 0.7071067811865476, -0.7071067811865475], [0.0, 0.6174276589787369, 0.617427658978737]]
3	[[-0.8305561570912853, 0.32773595720904825, 0.4502950280316503], [-0.5100865793185324, -0.772219296347621, -0.37879947194723407], [0.22358030216652452, -0.5443036842615101, 0.808545204538665]]	0.49826323282875823	0.5017367671712417	[[-0.4138355958781338, 0.16329877755320799, 0.22436545639376634], [-0.2541573880338148, -0.3847684830509146, -0.1887418494862554], [0.11140184415432311, -0.2712065133607437, 0.40286834750162476]]	0.7279642459166226	0.476289284526874	[[-0.4987746250249522, 0.1277656168164848, 0.2524500001342288], [-0.5535536131086003, -0.5903293862375596, -0.28607432193960314], [0.21811824253549875, -0.3289192013758617, 0.44822930133072736]]	[[0.10584056156341322, -0.11081444213296243, -0.07534868038683583], [-0.1822288210427953, -0.0281813484895988, -0.010321849989920083], [0.05535977646703409, 0.06731441968720794, -0.14036269878076332]]	0.6809037974463088	[[-0.6459799738216541, 0.645979973821654, 0.0], [-0.7071067811865475, -0.7071067811865476, 0.0], [0.0, 0.0, 0.91355364]]
3	[[0.04673222253661188, -0.9725397674033924, -0.22799671093185395], [-0.8377629715199755, -0.16246744520517667, 0.5213036857710898], [-0.5440306084466285, 0.16664552219444034, -0.8223502702654952]]	0.5359229811001537	0.46407701889984615	[[0.025044872015256806, -0.5212064113852761, -0.1221886770036292], [-0.4489764291523085, -0.08707003756608411, 0.2793786253369402], [-0.29155850548844764, 0.0893091650414363, -0.4407164083492012]]	0.7343128077002915	0.4098212425044055	[[-0.008587169283230753, -0.7758270394399275, -0.10617462890332913], [-0.659816044035846, -0.12923056729491994, 0.23563412433662312], [-0.2759051387776014, 0.006241748031983548, -0.5824614011534677]]	[[-0.042903238824164955, -0.061678632237754064, 0.061246276047472334], [-0.0446359642316735, -0.009928641446413512, -0.14716584882645628], [0.12358350478574039, -0.1161281932612972, 0.02140093471828156]]	0.6458303049748155	[[1.7434978893038954e-16, -0.873174569112, 0.0], [-1.0, -1.7938038903913487e-16, 0.0], [0.0, 0.0, -0.873174569112]]
3	[[0.5319609947059123, -0.8460851799387872, 0.03402011756955908], [-0.703274286200726, -0.4190807785627857, 0.5742617690636116], [-0.47161719485230363, -0.3294103357928521, -0.8179645788128509]]	0.49444789327682753	0.5055521067231725	[[0.26302699313778394, -0.4183450347534789, 0.01682117546129845], [-0.34773248920771366, -0.20721360807318207, 0.2839425219029268], [-0.23319012842784864, -0.16287624655638805, -0.40444086276908164]]	0.6977534653861142	0.5189355583094046	[[0.4417730932821722, -0.5812221987296771, 0.10726825689558958], [-0.40237728618168067, -0.219457004536816, 0.3047294950048668], [-0.30211697860767917, -0.05245308121151086, -0.46740225637662963]]	[[0.0705954657758776, 0.00913666758444558, 0.0835306019685867], [0.08833478413182164, 0.07295806098207837, -0.09596364439802867], [0.026955553436193918, 0.1773941221219552, 0.10333536305313024]]	0.6739193647419351	[[0.6459799738216541, -0.645979973821654, 0.0], [-0.7071067811865475, -0.7071067811865476, 0.0], [0.0, 0.0, -0.91355364]]
