3	[[-0.3195682178843842, -0.5708200961323295, -0.7563336379995778], [0.910087742671785, 0.03735879733279218, -0.41272826520656647], [0.2638493031197415, -0.8202248094963509, 0.507557688474819]]	0.4653025575436606	0.5346974424563393	[[-0.14869590909127373, -0.2656040506276912, -0.3519239761175047], [0.42346615425431844, 0.01738314394570348, -0.1920435173711736], [0.12276975554772825, -0.3816527016194139, 0.23616789054828188]]	0.6672875280173394	0.5548916628400384	[[-0.26298022658300907, -0.2720596115607917, -0.46865976520313496], [0.596585648361168, -0.04755140409240058, -0.06637778118346341], [0.2751638687697641, -0.43667734252189105, 0.31931515406487015]]	[[-0.049736340438031816, 0.10884151932997044, 0.03603223845396448], [-0.010704551725168036, -0.07248046361430027, 0.2090306426491112], [0.09910051952189416, 0.11064844302542212, -0.01937176120368666]]	0.9099235799931328	[[0.0, 0.0, -0.929142747512], [0.7071067811865475, 0.7071067811865476, 0.0], [0.6570031374560354, -0.6570031374560353, 0.0]]
3	[[0.034229894132735264, 0.2773841392786001, 0.9601491309293217], [-0.1827544195208179, -0.9427759796974285, 0.2788803941677556], [0.9825625356654255, -0.18501754344446375, 0.018422055382213542]]	0.8638782822528038	0.13612171774719636	[[0.029570462145082663, 0.23962613376416952, 0.829451981933745], [-0.15787757400975244, -0.8144436938902186, 0.24091871586762562], [0.848814435516607, -0.15983263761743685, 0.015914413559152654]]	0.9195462103175188	0.12674074635735108	[[0.009029433396278815, 0.23716075599185374, 0.8619274619553939], [-0.16483088369737106, -0.8267919304389943, 0.25333038694927135], [0.8952447658547259, -0.160465782829664, 0.0]]	[[-0.022446536033047783, -0.017906778083969815, -0.020974032730323], [0.003220250191775017, 0.04013414887016217, -0.0031130226395442518], [-0.008266890216388243, 0.00966639808694951, -0.01693993121297392]]	0.34865358091175025	[[0.0, 0.0, 0.9758], [0.0, -1.0, 0.0], [0.9758, 0.0, 0.0]]
3	[[-0.8305561570912853, 0.32773595720904825, 0.4502950280316503], [-0.5100865793185324, -0.772219296347621, -0.37879947194723407], [0.22358030216652452, -0.5443036842615101, 0.808545204538665]]	0.5219978886907213	0.47800211130927867	[[-0.43354856044073, 0.17107747771115572, 0.23505305392045064], [-0.266264117453746, -0.40309684229969245, -0.1977325245936163], [0.1167084456837593, -0.2841253739910893, 0.42205888968019045]]	0.7501652661557426	0.45400564813075545	[[-0.5266813191854046, 0.14751403628952342, 0.24853323259660665], [-0.5534441249162507, -0.5977782680064982, -0.2885581980354347], [0.23121396998539126, -0.3376123702833863, 0.4767281077007966]]	[[0.09637306145627017, -0.09834209527900935, -0.08926245695536389], [-0.17079489037929163, -0.018486174031284948, -0.004395991342483036], [0.06349179310345904, 0.07070534789020075, -0.1298144208609003]]	0.6804162263982457	[[-0.6732969229924528, 0.6732969229924527, 0.0], [-0.7071067811865475, -0.7071067811865476, 0.0], [0.0, 0.0, 0.95218564]]
3	[[0.8489524140446696, -0.5135124485683378, 0.12483895166604869], [0.522794976890395, 0.7815435453534784, -0.34040431673891397], [0.0772347773085365, 0.35425224329800037, 0.9319550081910795]]	0.7518098698497422	0.2481901301502578	[[0.6382508039115475, -0.38606372712438447, 0.09385515600423033], [0.3930424235340669, 0.5875721511141049, -0.2559193250637733], [0.058065867876204644, 0.26633033292784886, 0.7006529734139508]]	0.8764897277135915	0.19690889815470572	[[0.7437941952575591, -0.44125548316109287, 0.05277256296439527], [0.46964003121227504, 0.6262123264200248, -0.2709743302593431], [0.03784665882753429, 0.26669973785925105, 0.8001100048252321]]	[[-0.000303874970249589, 0.008832903062109126, -0.05664749578942996], [0.01141560426757929, -0.05880256284316063, 0.027386556631678792], [-0.029848830105644743, -0.04379871441094223, -0.01673898654548499]]	0.43466105064114385	[[0.6899947970818331, -0.689994797081833, 0.0], [0.7071067811865475, 0.7071067811865476, 0.0], [0.0, 0.0, 0.9758]]
3	[[-0.30792515101507295, 0.09349718223056193, 0.9468053539599837], [0.3027085282091916, -0.9338174967034747, 0.1906631317268273], [0.9019698710720718, 0.34531602882779927, 0.2592434992682147]]	0.7077872875946308	0.2922127124053692	[[-0.2179455074191255, 0.06617611700871032, 0.6701367933594111], [0.21425324811294646, -0.6609441531001607, 0.13494894084922887], [0.6384028085381807, 0.2444102954069774, 0.18348925317359036]]	0.8469105893274234	0.26467160923101796	[[-0.2539641088944656, 0.07799822313912477, 0.7409657078029217], [0.24398731779468363, -0.8497624596274025, 0.11871818975041679], [0.6778442711334038, 0.26269477348837766, 0.1759658857553408]]	[[0.006820962220445752, -0.0011855305642139297, -0.06089377249768788], [-0.012379740225399803, -0.058902533170003366, -0.042756435503362694], [-0.08604356393182472, -0.029757027990379287, -0.0435901789892064]]	0.470174125937927	[[0.0, 0.0, 0.9758], [0.0, -1.0, 0.0], [0.9758, 0.0, 0.0]]
3	[[0.8592155572171323, 0.2624339665249735, -0.4391776855101157], [-0.4266000482917053, 0.8413623931712975, -0.33184593135155627], [0.2824199444684594, 0.4724804086637203, 0.8348660002631537]]	0.5919336374912427	0.40806636250875733	[[0.5085985901726021, 0.15534349240638265, -0.25996404488898783], [-0.2525189183392489, 0.49803070183822323, -0.1964307692315959], [0.16717386502928996, 0.2796770469436648, 0.4941852683535334]]	0.7990071306699292	0.3598188959579536	[[0.5701019962570689, 0.21164559716899614, -0.2892814290906458], [-0.3239693945689378, 0.7528114456991061, -0.2727965656876787], [0.24807218541120682, 0.3529548655409269, 0.5527790244878348]]	[[-0.11641736074195619, 0.0019589865855488137, 0.06162467326305236], [0.01688708596027088, 0.08055689407772294, -0.007649300253981379], [0.022416635937502368, -0.024560350083227954, -0.11428486287630794]]	0.6424317361642281	[[0.929142747512, 0.0, 0.0], [0.0, 0.7071067811865476, -0.7071067811865475], [0.0, 0.6570031374560353, 0.6570031374560354]]
3	[[-0.42203838922340475, -0.825029846081567, 0.3757783270710803], [0.2588054115689476, 0.28760896992378115, 0.9221175843470338], [-0.8688517462515349, 0.4864224845687207, 0.09214016247897017]]	0.4543101597801707	0.5456898402198295	[[-0.19173632804145083, -0.3748194411967264, 0.17071991181358773], [0.11757792788186142, 0.1306636770802832, 0.4189273870808059], [-0.3947281756648151, 0.2209866766850831, 0.04186021193799182]]	0.6530444093959835	0.5995428736638498	[[-0.12215367647199551, -0.38532499440756107, 0.352836601915533], [0.1317149401640425, 0.09628997741394867, 0.6495721149681959], [-0.5131679334029497, 0.18559318554774767, -0.03176389960956017]]	[[0.1534561341608351, 0.1534561341608351, 0.10743666624958868], [-0.03729648698248533, -0.0915314524869142, 0.047388381704636315], [0.05423084208055298, -0.13206229860435953, -0.09193551759728918]]	0.6643998699316904	[[0.0, -0.6570031374560353, 0.6570031374560354], [0.0, 0.7071067811865476, 0.7071067811865475], [-0.929142747512, 0.0, 0.0]]
3	[[0.08740825448676931, -0.06334395238859675, -0.994156597696443], [0.7119981850616444, -0.6940087028176986, 0.10681996481098455], [-0.6967197295301035, -0.717174639895393, -0.015561310176609944]]	0.8093474566803147	0.19065254331968534	[[0.07074364846173245, -0.05126726676178973, -0.804618113887571], [0.5762539202406419, -0.5616941785395088, 0.08645446684245107], [-0.563888341114186, -0.580443470794957, -0.012594506814052752]]	0.9007855355548261	0.15516991990771845	[[0.053677798494249876, -0.02988627897835199, -0.8634137716623991], [0.6343405724906634, -0.6379107366391896, 0.06779336510344311], [-0.6316585234423615, -0.6224963769192554, 0.02624096212597335]]	[[-0.02505829283552714, 0.02717303709816954, 0.0321081116189552], [-0.0070170939541540685, -0.012757735591838872, -0.0284285141067673], [-0.004063468745973538, 0.023524165165255878, 0.040258365247345704]]	0.14775452381106347	[[0.0, 0.0, -0.929142747512], [0.7071067811865475, -0.7071067811865476, 0.0], [-0.6570031374560354, -0.6570031374560353, 0.0]]
3	[[0.22433838825039393, -0.7661379269479729, -0.6022499185961573], [-0.9416906372873723, -0.011392912655017143, -0.3362869982418849], [0.2507808429735371, 0.642575192824231, -0.724020780340167]]	0.5048280504503339	0.49517194954966615	[[0.11325231118161644, -0.38676791603720545, -0.30403265228877024], [-0.4753918485491166, -0.005751461884583254, -0.1697671097142456], [0.12660120404862205, 0.3243899818612039, -0.3655059990246559]]	0.7048822991960534	0.518691240641504	[[0.28239305340671716, -0.40279779302445173, -0.3672947819673171], [-0.6789693780306928, 0.00535940465031667, -0.038716108275472456], [0.31712715052363416, 0.3211260268466419, -0.48379603444941915]]	[[0.12426089449884255, 0.13723927042393338, 0.05722052534337824], [-0.015188316488173016, 0.013390067117124928, 0.19832664423500657], [0.1403561733341229, -0.13181385247764943, 0.026553397862478463]]	0.7401448006591683	[[1.8552514885959833e-16, -0.929142747512, 0.0], [-1.0, -1.7938038903913487e-16, 0.0], [0.0, 0.0, -0.929142747512]]
3	[[0.8787972042104137, -0.3840163418041313, 0.28327887866788265], [-0.395223040501579, -0.9183905790867732, -0.018907472103605397], [0.2674214316928388, -0.09534250611366366, -0.9588511794847616]]	0.676971079937062	0.32302892006293815	[[0.5949202923799944, -0.25996795762462266, 0.19177160841515645], [-0.26755456854436316, -0.6217238621283968, -0.012799811808857621], [0.18103657541141627, -0.06454411932767283, -0.6491145184747247]]	0.8379992364280314	0.2978310048985109	[[0.6115982240264335, -0.2653907348336402, 0.24216315323896787], [-0.34164211977967796, -0.8497952133899055, -0.020984313187768645], [0.21734513938404046, -0.07989694732238506, -0.7132502804044758]]	[[-0.12483316207698206, 0.0564146663741078, 0.004775669219093266], [-0.010445513620589791, -0.08018460937249207, -0.005139866002163016], [-0.006753816179049423, 0.0, 0.09026627585187162]]	0.4779458088019958	[[0.6732969229924528, -0.6732969229924527, 0.0], [-0.7071067811865475, -0.7071067811865476, 0.0], [0.0, 0.0, -0.95218564]]
3	[[0.3802729664721569, 0.7767473726770865, -0.5020517802076895], [0.4287143634067757, 0.332951791095048, 0.839849450446521], [0.8195098935212374, -0.5346088512602871, -0.20639019011321075]]	0.5456107020218699	0.4543892979781303	[[0.20748100019681257, 0.42380167929998813, -0.273924824250447], [0.23391114478523004, 0.18166206047880826, 0.458230848250808], [0.44713336831799017, -0.29168831064323064, -0.11260869651809613]]	0.7070101573570724	0.4446529734941167	[[0.21089774245843113, 0.47123653293793055, -0.3057038685251791], [0.3320724498123817, 0.22168219205632106, 0.4937397200698253], [0.592733406075418, -0.2983518309242952, -0.05169479029304082]]	[[-0.057959107405689256, -0.07793174924518899, 0.049251839600857744], [0.02896704027892002, -0.013718106158107875, -0.10004237204662035], [0.01333158730129037, 0.07962205712972416, 0.0942251704958564]]	0.6830487935620815	[[0.0, 0.6570031374560353, -0.6570031374560354], [0.0, 0.7071067811865476, 0.7071067811865475], [0.929142747512, 0.0, 0.0]]
3	[[0.04673222253661188, -0.9725397674033924, -0.22799671093185395], [-0.8377629715199755, -0.16246744520517667, 0.5213036857710898], [-0.5440306084466285, 0.16664552219444034, -0.8223502702654952]]	0.5531140952021513	0.44688590479784857	[[0.025848250985123646, -0.5379254534954381, -0.12610819447613883], [-0.4633785079861369, -0.08986303395446638, 0.2883404164808229], [-0.3009109977532327, 0.09217398722806791, -0.45485352567714404]]	0.7500071127885323	0.3807619796778117	[[-0.020478694414798222, -0.8111312757874872, -0.11816360106322636], [-0.6530821566805883, -0.12474826752386797, 0.23456048096689155], [-0.27919067137873965, 0.013928379565932958, -0.6167685519026933]]	[[-0.055528193713673554, -0.0817195327652383, 0.05283555382805498], [-0.024753969209750086, -0.0028965280234044613, -0.15642099128430376], [0.12883615453090472, -0.11105694739425653, 0.0]]	0.6270571488188326	[[1.8552514885959833e-16, -0.929142747512, 0.0], [-1.0, -1.7938038903913487e-16, 0.0], [0.0, 0.0, -0.929142747512]]
3	[[-0.5446221603179724, 0.8109226453022452, -0.2139887049042392], [-0.8354447797583356, -0.5021691245819775, 0.22328947644507607], [0.07361197229480154, 0.30038414347728, 0.9509735242804028]]	0.6109328712142227	0.38906712878577715	[[-0.33272758012995163, 0.49541930002713336, -0.1307327338945599], [-0.5104006780386939, -0.3067916251160003, 0.1364148809565109], [0.04497197358980494, 0.18351454724179972, 0.5809809856373348]]	0.7828031588515527	0.3114724316997928	[[-0.47181867886811835, 0.5853850979127179, -0.11316419038828518], [-0.672994482060834, -0.44092062764094847, 0.04044588166910053], [0.08894552937997814, 0.14417223518438987, 0.7432387960612752]]	[[-0.04548673139065277, -0.04940771041413705, 0.05434684376930603], [-0.01900566941996929, -0.04782105064045767, -0.1343458258304144], [0.031321844938314525, -0.09096942119854293, -0.0011862827296179317]]	0.39428041456360374	[[-0.6732969229924528, 0.6732969229924527, 0.0], [-0.7071067811865475, -0.7071067811865476, 0.0], [0.0, 0.0, 0.95218564]]
3	[[0.5319609947059123, -0.8460851799387872, 0.03402011756955908], [-0.703274286200726, -0.4190807785627857, 0.5742617690636116], [-0.47161719485230363, -0.3294103357928521, -0.8179645788128509]]	0.512601439589004	0.48739856041099605	[[0.27268397169144915, -0.4337044812515438, 0.017438761241143137], [-0.3604994115324213, -0.21482141039536448, 0.29436740952293544], [-0.24175165301621865, -0.1688562123429132, -0.4192898206322807]]	0.7149428509589038	0.4957850138894448	[[0.4785052759696998, -0.606023046322499, 0.11075462036135406], [-0.412692521595795, -0.2283889349196129, 0.29441425959075246], [-0.30131680135504624, -0.06048972053926986, -0.4952394893256205]]	[[0.09818356581572042, -0.0011204956229855035, 0.0864321805162164], [0.09010840158664012, 0.07122987168814217, -0.1161500867802896], [0.03586254049390049, 0.17501984406780166, 0.08955843863423806]]	0.6599497645751878	[[0.6732969229924528, -0.6732969229924527, 0.0], [-0.7071067811865475, -0.7071067811865476, 0.0], [0.0, 0.0, -0.95218564]]
