3	[[0.8787972042104137, -0.3840163418041313, 0.28327887866788265], [-0.395223040501579, -0.9183905790867732, -0.018907472103605397], [0.2674214316928388, -0.09534250611366366, -0.9588511794847616]]	0.5589014355539943	0.4410985644460058	[[0.4911610189940368, -0.21462728471052234, 0.15832497194960538], [-0.22089072470034696, -0.5132898130508616, -0.010567413301402158], [0.14946222207103207, -0.0532870635362421, -0.5359033006966739]]	0.7854763633482742	0.3748187690246674	[[0.5450034802595863, -0.22956517137186544, 0.2218450730414103], [-0.34555671909719105, -0.8465005385070111, -0.025023762656148953], [0.19934054429927706, -0.07488928497467114, -0.6315768589195176]]	[[-0.14527095182424027, 0.07207058825475149, -0.0006637903880151504], [-0.03511836253256301, -0.125126446312617, -0.010172390228100039], [-0.01071266934820286, 0.0, 0.12157807853437638]]	0.515531803903271	[[0.9064000000000001, 0.0, 0.0], [0.0, -1.0, 0.0], [0.0, 0.0, -0.9064000000000001]]
3	[[0.3802729664721569, 0.7767473726770865, -0.5020517802076895], [0.4287143634067757, 0.332951791095048, 0.839849450446521], [0.8195098935212374, -0.5346088512602871, -0.20639019011321075]]	0.4768579697413325	0.5231420302586678	[[0.18133619473942658, 0.37039817513670964, -0.23940739261486044], [0.20443586093310284, 0.15877071512332486, 0.40048890382830193], [0.3907898240074728, -0.2549324914177265, -0.09841880703191332]]	0.6344340385005991	0.5400616070387941	[[0.1137021198956708, 0.3940477672963937, -0.23047466840765424], [0.30215082347595, 0.14121150425042656, 0.4647844186514072], [0.5441680774588376, -0.2620764973018752, -0.09256791389027022]]	[[-0.12755599395586265, -0.09874720524586027, 0.08804407004592532], [0.03015983853657587, -0.07002444520001244, -0.0680446599278879], [0.024243106120962865, 0.0770975552213549, 0.038373047930160525]]	0.7380041785669452	[[0.0, 0.5265561538629515, -0.5265561538629515], [0.0, 0.7071067811865476, 0.7071067811865475], [0.7446628541440002, 0.0, 0.0]]
3	[[0.8592155572171323, 0.2624339665249735, -0.4391776855101157], [-0.4266000482917053, 0.8413623931712975, -0.33184593135155627], [0.2824199444684594, 0.4724804086637203, 0.8348660002631537]]	0.4833060914640462	0.5166939085359538	[[0.41526411268371477, 0.12683593462859133, -0.2122572506421201], [-0.20617840195823747, 0.40663556974845577, -0.16038316004976685], [0.13649527951254414, 0.22835265960459794, 0.4034958234834062]]	0.7298515117927867	0.47330803881834976	[[0.44527968102746074, 0.17679089221915495, -0.28192313309624684], [-0.34957709608573934, 0.7495975409487439, -0.2549479166073769], [0.23425850856707303, 0.3049228262226684, 0.43987032071928495]]	[[-0.18182009236334484, -0.014746934994874564, 0.03861136461896818], [-0.03822240590916241, 0.1355279263270752, -0.01274966192815822], [0.028133885136333053, -0.03991771433302163, -0.169457891717175]]	0.6900057092515461	[[0.6409215864674868, 0.6409215864674866, 0.0], [-0.7071067811865475, 0.7071067811865476, 0.0], [0.0, 0.0, 0.9064000000000001]]
3	[[0.8489524140446696, -0.5135124485683378, 0.12483895166604869], [0.522794976890395, 0.7815435453534784, -0.34040431673891397], [0.0772347773085365, 0.35425224329800037, 0.9319550081910795]]	0.6469965256417296	0.3530034743582703	[[0.5492692623220604, -0.3322407700974919, 0.08077036799268932], [0.33824653367103397, 0.5056559584814202, -0.22024041024352425], [0.04997063257733581, 0.229199970614595, 0.6029716523540382]]	0.8124481320535522	0.282831969452971	[[0.6389443450901697, -0.3951392333855255, 0.05182411327322102], [0.4765464640185412, 0.6247190371636903, -0.2646864381155966], [0.02470591068607186, 0.22422036104751866, 0.7065015999677436]]	[[-0.05078545790277583, 0.022062996240066395, -0.0496010598153839], [0.051802661596959815, -0.010244556377253815, 0.011874413161899671], [-0.03804333986782071, -0.06359121229572222, -0.05066350559505178]]	0.4598328563540799	[[0.6409215864674868, -0.6409215864674866, 0.0], [0.7071067811865475, 0.7071067811865476, 0.0], [0.0, 0.0, 0.9064000000000001]]
3	[[0.5319609947059123, -0.8460851799387872, 0.03402011756955908], [-0.703274286200726, -0.4190807785627857, 0.5742617690636116], [-0.47161719485230363, -0.3294103357928521, -0.8179645788128509]]	0.4489373440515113	0.5510626559484888	[[0.23881715610227233, -0.3798392335230642, 0.015272901225998031], [-0.3157260901866763, -0.18814101167101654, 0.2578075533937401], [-0.21172657086601732, -0.14788460125395952, -0.3672148455404543]]	0.6523971524097524	0.5636132928103474	[[0.38722281790626856, -0.5196718096866496, 0.09074641075694109], [-0.4057640526249841, -0.23275523220697897, 0.30134272856156336], [-0.2634848229936924, -0.03808683124761744, -0.43335526700051996]]	[[0.04017297976707196, 0.03231175240150799, 0.06855178292991577], [0.053050089055370675, 0.040651874357044364, -0.07330401431332365], [0.04419689195542581, 0.17681953379797966, 0.10028249498902628]]	0.7094576867299736	[[0.58093132597413, -0.58093132597413, 0.0], [-0.7071067811865475, -0.7071067811865476, 0.0], [0.0, 0.0, -0.8215609600000001]]
3	[[-0.3195682178843842, -0.5708200961323295, -0.7563336379995778], [0.910087742671785, 0.03735879733279218, -0.41272826520656647], [0.2638493031197415, -0.8202248094963509, 0.507557688474819]]	0.3957401428077103	0.6042598571922898	[[-0.12646597218237168, -0.225896426360919, -0.29931158191222795], [0.36015825325247897, 0.014784375791603493, -0.16333314261362514], [0.10441576089632132, -0.32459588324451283, 0.20086095212017613]]	0.60187982399596	0.6172088689661203	[[-0.25787108887047877, -0.25787108887047877, -0.3508822287007642], [0.6109723846080488, -0.09574727712387057, -0.056314225705130845], [0.2071455098912141, -0.3196989174497154, 0.3227496791820566]]	[[-0.06552942613552304, 0.08569401012300457, 0.10433972822064574], [0.0632089342278743, -0.11823278348723225, 0.1920985899155553], [0.04833993776804748, 0.17397784652706813, 0.01726094697503627]]	0.9402168943290665	[[-1.486894099267505e-16, -0.7446628541440002, 0.0], [1.0, -1.7938038903913487e-16, 0.0], [0.0, 0.0, 0.7446628541440002]]
3	[[-0.42203838922340475, -0.825029846081567, 0.3757783270710803], [0.2588054115689476, 0.28760896992378115, 0.9221175843470338], [-0.8688517462515349, 0.4864224845687207, 0.09214016247897017]]	0.39312985789420585	0.6068701421057945	[[-0.16591589198129664, -0.32434386614852495, 0.14772968032117617], [0.10174413467235179, 0.11306767347523494, 0.3625119548960978], [-0.3415715635349985, 0.19122720223504774, 0.0362230489817066]]	0.5852485034000925	0.6522583951425208	[[-0.08422482902197001, -0.3200749760312324, 0.2716558717725669], [0.16188527483651677, 0.07987549809196309, 0.6137729600880634], [-0.4251680811717726, 0.16500302623062085, -0.027486290907839588]]	[[0.16277250664841333, 0.16277250664841336, 0.05173216824402664], [0.010419795043945176, -0.08844722112037201, 0.07410502389005319], [0.08332610299849512, -0.11967500488337754, -0.08141118310169825]]	0.7141551714595801	[[0.0, -0.5265561538629515, 0.5265561538629515], [0.0, 0.7071067811865476, 0.7071067811865475], [-0.7446628541440002, 0.0, 0.0]]
3	[[-0.5446221603179724, 0.8109226453022452, -0.2139887049042392], [-0.8354447797583356, -0.5021691245819775, 0.22328947644507607], [0.07361197229480154, 0.30038414347728, 0.9509735242804028]]	0.5113657902422104	0.48863420975778965	[[-0.2785011413944197, 0.4146780993402863, -0.10942650318626343], [-0.42721788000485084, -0.25679211122710194, 0.11418259957510576], [0.03764264438381891, 0.15360617490548878, 0.48629532774306805]]	0.7253750525551529	0.38915556804277845	[[-0.45270621900771424, 0.5252669032510052, -0.07562911696244812], [-0.6806712824899777, -0.4669055396761114, 0.039271235497524495], [0.09283625891366919, 0.07789658663351895, 0.6835401286232974]]	[[-0.0576508908443642, -0.06295615320327452, 0.0795929511036735], [-0.07466048146584679, -0.10264458454088445, -0.12269738021383511], [0.03943997064163907, -0.1399945772280476, -0.006272341530158886]]	0.44694096604943795	[[-0.58093132597413, 0.58093132597413, 0.0], [-0.7071067811865475, -0.7071067811865476, 0.0], [0.0, 0.0, 0.8215609600000001]]
3	[[0.22433838825039393, -0.7661379269479729, -0.6022499185961573], [-0.9416906372873723, -0.011392912655017143, -0.3362869982418849], [0.2507808429735371, 0.642575192824231, -0.724020780340167]]	0.4094176756010818	0.5905823243989181	[[0.09184810146556932, -0.3136704092408705, -0.2465717618025795], [-0.38554479185349744, -0.004664459817543271, -0.1376818411550576], [0.10267410981550547, 0.26308164184501365, -0.2964269049737526]]	0.6299631245901346	0.5790359614211515	[[0.25175615234240856, -0.3831394699455142, -0.2448268361092578], [-0.6892393124211217, -0.04784737645468454, -0.04073768780372989], [0.22490523910765808, 0.22490523910765808, -0.4570844397854541]]	[[0.11043124031467566, 0.09949917238163906, 0.1345684043937317], [-0.09600893615829362, -0.040670261600347604, 0.17111072036776503], [0.06692255568070075, -0.17989343714800282, -0.0009780467341750053]]	0.733867586244197	[[1.486894099267505e-16, -0.7446628541440002, 0.0], [-1.0, -1.7938038903913487e-16, 0.0], [0.0, 0.0, -0.7446628541440002]]
3	[[-0.30792515101507295, 0.09349718223056193, 0.9468053539599837], [0.3027085282091916, -0.9338174967034747, 0.1906631317268273], [0.9019698710720718, 0.34531602882779927, 0.2592434992682147]]	0.5768757770363525	0.4231242229636476	[[-0.1776345607608564, 0.053936259649964846, 0.5461890742678445], [0.17462521742620804, -0.5386966940209585, 0.10998894226709789], [0.5203245702380802, 0.1992044524531442, 0.14955129508197448]]	0.7882926370109787	0.31650153317783714	[[-0.17401192173513713, 0.0678268278831093, 0.7106176181525083], [0.2611276992098604, -0.8384816278289853, 0.12881214545782863], [0.6527514397164411, 0.2356229326680941, 0.10618509385202785]]	[[0.06872320756053853, -0.005876312450516372, -0.03574207105672018], [0.02250479526212454, -0.10236017086561243, -0.021486197431883666], [-0.05826476845541491, -0.036587150298730955, -0.09817464781406689]]	0.486114537715317	[[0.0, 0.0, 0.9064000000000001], [0.0, -1.0, 0.0], [0.9064000000000001, 0.0, 0.0]]
3	[[0.034229894132735264, 0.2773841392786001, 0.9601491309293217], [-0.1827544195208179, -0.9427759796974285, 0.2788803941677556], [0.9825625356654255, -0.18501754344446375, 0.018422055382213542]]	0.734980706796996	0.26501929320300405	[[0.02515831178326411, 0.2038719907412619, 0.7056910868809545], [-0.13432097242968538, -0.6929221559092463, 0.20497170921724187], [0.7221645069356231, -0.1359843248506559, 0.013539855285472715]]	0.8605046731020448	0.21450063002324143	[[0.009239513420732877, 0.20692916645658677, 0.7674224038059229], [-0.1690612892263893, -0.8230333716866444, 0.25817394493515256], [0.7959986395484855, -0.14176716233391656, 0.0]]	[[-0.02021547044027408, -0.03176118163703715, -0.058790410233625565], [-0.01180025719867395, -0.011770235468648665, 0.018196062517258593], [-0.04950101400660742, 0.01744129840590507, -0.01585226474453943]]	0.38045985082618494	[[0.0, 0.0, 0.9064000000000001], [0.0, -1.0, 0.0], [0.9064000000000001, 0.0, 0.0]]
3	[[-0.8305561570912853, 0.32773595720904825, 0.4502950280316503], [-0.5100865793185324, -0.772219296347621, -0.37879947194723407], [0.22358030216652452, -0.5443036842615101, 0.808545204538665]]	0.4427863397764641	0.557213660223536	[[-0.3677589207772561, 0.14511700490573032, 0.19938448728167474], [-0.22585936942555, -0.3419281557345197, -0.16772723169277315], [0.0989983036424312, -0.24101023608099817, 0.3580127716614879]]	0.6728059333041683	0.5416386363539333	[[-0.4228265125140267, 0.09829276460670813, 0.24634238565102], [-0.5424393788978503, -0.5935853282571047, -0.2679308948714254], [0.19633414791396178, -0.30226332453469384, 0.38089757057646995]]	[[0.13597659791929884, -0.12220993196066054, -0.05661878094604103], [-0.19925010183351455, -0.07403160386245577, -0.013072362612840508], [0.0459079940463853, 0.0639474237557688, -0.16309644038177618]]	0.6892486560984239	[[-0.58093132597413, 0.58093132597413, 0.0], [-0.7071067811865475, -0.7071067811865476, 0.0], [0.0, 0.0, 0.8215609600000001]]
3	[[0.04673222253661188, -0.9725397674033924, -0.22799671093185395], [-0.8377629715199755, -0.16246744520517667, 0.5213036857710898], [-0.5440306084466285, 0.16664552219444034, -0.8223502702654952]]	0.4914052396299203	0.5085947603700797	[[0.0229644590140425, -0.47791113745049096, -0.11203877837030139], [-0.4116811137728476, -0.07983735384311076, 0.256171362626303], [-0.26733949150972686, 0.08189048276721216, -0.4041072316195454]]	0.68355692162448	0.4899324519683635	[[-9.993981319689349e-17, -0.6731539707069155, -0.10043079668716012], [-0.6721380712057924, -0.1348674720758115, 0.2318333931432852], [-0.24414659966105162, 0.0, -0.5005162544829487]]	[[-0.031944134177796554, -0.008367681143264891, 0.05541793317792441], [-0.09947939334262106, -0.02381172536716715, -0.12450734953389615], [0.12772928831821864, -0.1139117001537356, 0.061606964756792504]]	0.6957379826534931	[[1.486894099267505e-16, -0.7446628541440002, 0.0], [-1.0, -1.7938038903913487e-16, 0.0], [0.0, 0.0, -0.7446628541440002]]
3	[[0.08740825448676931, -0.06334395238859675, -0.994156597696443], [0.7119981850616444, -0.6940087028176986, 0.10681996481098455], [-0.6967197295301035, -0.717174639895393, -0.015561310176609944]]	0.5940147069645371	0.40598529303546294	[[0.051921788675239944, -0.037627239316087885, -0.5905436400575138], [0.42293739325867485, -0.41225137623509367, 0.06345263009515914], [-0.413861765973236, -0.4260122835598592, -0.009243647104543229]]	0.804295753631137	0.31454559335417887	[[0.035327559220600546, -0.02787375900573376, -0.6977896059089055], [0.6361295390705213, -0.6400150589430063, 0.07097724211602612], [-0.5131214861897896, -0.4986823948572177, 0.02498035668765599]]	[[-0.03497452869541779, 0.023073512918627526, 0.10180632406272228], [0.06347242223236424, -0.08182680628367758, -0.014937601984476273], [0.04724723374230678, 0.07813812262258668, 0.03749625238364036]]	0.29054584762331037	[[0.0, 0.0, -0.7446628541440002], [0.7071067811865475, -0.7071067811865476, 0.0], [-0.5265561538629515, -0.5265561538629515, 0.0]]
