3	[[-0.30792515101507295, 0.09349718223056193, 0.9468053539599837], [0.3027085282091916, -0.9338174967034747, 0.1906631317268273], [0.9019698710720718, 0.34531602882779927, 0.2592434992682147]]	0.6120752216655403	0.3879247783344599	[[-0.18847335506394572, 0.05722730853887461, 0.5795160968991775], [0.18528038950369038, -0.571566551289939, 0.11670017861514392], [0.552073408772077, 0.21135938488943928, 0.15867652227994286]]	0.8036526362779823	0.29524807983326234	[[-0.17867000455854196, 0.07428593773776877, 0.7350122484164422], [0.26101692503943436, -0.8368298357237564, 0.13291069853091886], [0.6758643615936356, 0.2478518111956846, 0.1043840668207732]]	[[0.06879485483101726, -0.0008533192463852403, -0.025890370335606854], [0.01774441832028952, -0.08636494269550289, -0.02031622992236211], [-0.04900610313674677, -0.02966232572081999, -0.10395765480405675]]	0.48129484328234357	[[0.0, 0.0, 0.9246000000000001], [0.0, -1.0, 0.0], [0.9246000000000001, 0.0, 0.0]]
3	[[0.04673222253661188, -0.9725397674033924, -0.22799671093185395], [-0.8377629715199755, -0.16246744520517667, 0.5213036857710898], [-0.5440306084466285, 0.16664552219444034, -0.8223502702654952]]	0.5092185561916913	0.4907814438083085	[[0.02379691488772229, -0.49523529619615897, -0.11610015595717303], [-0.42660445078826303, -0.08273143787553273, 0.26545751020576147], [-0.27703048095727956, 0.08485899220766338, -0.4187560173084427]]	0.704179667330403	0.460660103846385	[[-1.0581588574683512e-16, -0.7141333623500588, -0.0998473185190375], [-0.6704538004584899, -0.12632076256400646, 0.23302435241005692], [-0.2604821541960442, 0.0, -0.529944664739956]]	[[-0.03290788091944172, -0.029290632474350167, 0.060703329537381535], [-0.08051814987182343, -0.011914491047404746, -0.13406710361434213], [0.12261313867745952, -0.1173483883809823, 0.04913767500466738]]	0.6769144456855791	[[1.5782725920036983e-16, -0.7904268189360002, 0.0], [-1.0, -1.7938038903913487e-16, 0.0], [0.0, 0.0, -0.7904268189360002]]
3	[[0.5319609947059123, -0.8460851799387872, 0.03402011756955908], [-0.703274286200726, -0.4190807785627857, 0.5742617690636116], [-0.47161719485230363, -0.3294103357928521, -0.8179645788128509]]	0.4657834179076894	0.5342165820923107	[[0.24777861030769416, -0.3940924469529308, 0.015846006639170657], [-0.3275735007531647, -0.19520087741838987, 0.2674816095681653], [-0.2196714689623427, -0.15343387209971432, -0.3809943372468732]]	0.6694429218668444	0.5446613109937177	[[0.40444064049975137, -0.5442606703099581, 0.0960859030775861], [-0.40559957085806253, -0.2324201332890931, 0.3015072103284849], [-0.27933492017936484, -0.04079976886518003, -0.4495661323740695]]	[[0.04832311788463254, 0.02214506469649848, 0.07331137616956691], [0.06520242216997088, 0.048130527610210035, -0.08292826626988228], [0.036385872745206285, 0.1797216488211253, 0.09801446524998807]]	0.6962080096540515	[[0.6044950937717468, -0.6044950937717467, 0.0], [-0.7071067811865475, -0.7071067811865476, 0.0], [0.0, 0.0, -0.8548851600000001]]
3	[[0.8489524140446696, -0.5135124485683378, 0.12483895166604869], [0.522794976890395, 0.7815435453534784, -0.34040431673891397], [0.0772347773085365, 0.35425224329800037, 0.9319550081910795]]	0.6841660762058275	0.31583392379417263	[[0.5808244420024065, -0.3513277970198465, 0.08541057571900948], [0.3576785879992178, 0.5347055808084803, -0.23289308570678843], [0.05284141453781231, 0.24236736728430508, 0.6376120011544607]]	0.8309864200558176	0.25443743912268313	[[0.66640430716258, -0.413154245050043, 0.05093235806726974], [0.47713349223097035, 0.6234889565433053, -0.26460892597894325], [0.030079155367918473, 0.23000719432295894, 0.7332840175895589]]	[[-0.039063620182144106, 0.013567626239857048, -0.05280711546122129], [0.04269796596165716, -0.02596311632771298, 0.018262438559473498], [-0.034101895731510574, -0.06437160913198882, -0.04115793832023626]]	0.452797260992574	[[0.6537909298850819, -0.6537909298850818, 0.0], [0.7071067811865475, 0.7071067811865476, 0.0], [0.0, 0.0, 0.9246000000000001]]
3	[[-0.42203838922340475, -0.825029846081567, 0.3757783270710803], [0.2588054115689476, 0.28760896992378115, 0.9221175843470338], [-0.8688517462515349, 0.4864224845687207, 0.09214016247897017]]	0.4089755227173527	0.5910244772826474	[[-0.17260337083943153, -0.3374170125586259, 0.15368413773974732], [0.10584507847848992, 0.11762502881277775, 0.37712352106519076], [-0.3553390970871061, 0.19893488988796598, 0.037683071113098626]]	0.6033031565944174	0.6375237824346017	[[-0.09335634764886215, -0.33648236565197454, 0.2914134813126576], [0.1537853243756123, 0.084143933950187, 0.6232451906525998], [-0.44717992654816097, 0.17057533407600678, -0.028677998456244313]]	[[0.16126074477364125, 0.16126074477364122, 0.06470523041090545], [-0.0023527973676511355, -0.08937146546969899, 0.06692874126481548], [0.07700107457796193, -0.12288488630280181, -0.08426644932892952]]	0.6993123892714549	[[0.0, -0.5589161637013571, 0.5589161637013571], [0.0, 0.7071067811865476, 0.7071067811865475], [-0.7904268189360002, 0.0, 0.0]]
3	[[0.3802729664721569, 0.7767473726770865, -0.5020517802076895], [0.4287143634067757, 0.332951791095048, 0.839849450446521], [0.8195098935212374, -0.5346088512602871, -0.20639019011321075]]	0.5031777230247142	0.496822276975286	[[0.19134488539731342, 0.39084197434908546, -0.2526212716054095], [0.21571951720701127, 0.16753392412020662, 0.422593534159238], [0.4123591222182422, -0.2690032644860094, -0.10385094591580327]]	0.6543366293951887	0.5140073611420599	[[0.12456240002634567, 0.41085067206644355, -0.24743640804868527], [0.3027022364399088, 0.1539710412575832, 0.46641771822765127], [0.5720016259988799, -0.28114089928111036, -0.08731060678652895]]	[[-0.12426413110515505, -0.09740358566264977, 0.08107446159426829], [0.022178724915015206, -0.06389151147864146, -0.08312654037692688], [0.03576628451618334, 0.06867325449737967, 0.04773805455238158]]	0.722259227406656	[[0.0, 0.5589161637013571, -0.5589161637013571], [0.0, 0.7071067811865476, 0.7071067811865475], [0.7904268189360002, 0.0, 0.0]]
3	[[0.08740825448676931, -0.06334395238859675, -0.994156597696443], [0.7119981850616444, -0.6940087028176986, 0.10681996481098455], [-0.6967197295301035, -0.717174639895393, -0.015561310176609944]]	0.6465613259138615	0.3534386740861387	[[0.05651479691678181, -0.04095574984499563, -0.6427832079726253], [0.46035049058171956, -0.4487191870895704, 0.06906565808226219], [-0.45047203211533066, -0.46369738608256145, -0.010061341340745794]]	0.8299884770653648	0.27336639729065904	[[0.0378244262756343, -0.029562181494372085, -0.740357336152062], [0.6358692061708611, -0.6394321839354206, 0.07123757501568645], [-0.5444153118956693, -0.5293539822069849, 0.026745908313991644]]	[[-0.0347234177487812, 0.023012569079940315, 0.08478118433449319], [0.04491891687824302, -0.06341295761364954, -0.017421764897958457], [0.033854035358414074, 0.06589270494969367, 0.0396616164486179]]	0.2513634420604925	[[0.0, 0.0, -0.7904268189360002], [0.7071067811865475, -0.7071067811865476, 0.0], [-0.5589161637013571, -0.5589161637013571, 0.0]]
3	[[-0.5446221603179724, 0.8109226453022452, -0.2139887049042392], [-0.8354447797583356, -0.5021691245819775, 0.22328947644507607], [0.07361197229480154, 0.30038414347728, 0.9509735242804028]]	0.5396877205147425	0.46031227948525755	[[-0.29392589224382115, 0.43764499395695367, -0.11548707636567072], [-0.45087928880371736, -0.27101451015853106, 0.12050658855757337], [0.03972747753037583, 0.16211363367202655, 0.5132287335887616]]	0.7423013970816926	0.3689572302427487	[[-0.47010128446609806, 0.542612883755038, -0.08580225145011874], [-0.6796871406144374, -0.4611435873772446, 0.039758564684289795], [0.10235503604072455, 0.08543502003248998, 0.7059089756610438]]	[[-0.06582749398041764, -0.059336128778000444, 0.0730418631600001], [-0.05953531341521774, -0.08838274462875212, -0.1259895256345299], [0.0477127661643545, -0.13754054933188253, 0.0]]	0.4317071057517953	[[-0.6044950937717468, 0.6044950937717467, 0.0], [-0.7071067811865475, -0.7071067811865476, 0.0], [0.0, 0.0, 0.8548851600000001]]
3	[[-0.8305561570912853, 0.32773595720904825, 0.4502950280316503], [-0.5100865793185324, -0.772219296347621, -0.37879947194723407], [0.22358030216652452, -0.5443036842615101, 0.808545204538665]]	0.46284741235937144	0.5371525876406285	[[-0.384420768128845, 0.15169173973132963, 0.20841788852273993], [-0.23609225331682587, -0.3574197030884709, -0.1753263553938736], [0.1034835643123022, -0.2519295517981123, 0.3742330556962997]]	0.6930572863564374	0.5197044328229473	[[-0.44778114496506805, 0.11099071812970204, 0.24735076639826886], [-0.5446376250617777, -0.5962860137194589, -0.2729899579946751], [0.20578716983189363, -0.3109728460344658, 0.40437658970836654]]	[[0.12784185143524915, -0.11614907501503047, -0.06472948378914255], [-0.19111840459243784, -0.061093803720699134, -0.010460223893673603], [0.05083321232960983, 0.0662607883336275, -0.15599155564571135]]	0.6850933538290801	[[-0.6044950937717468, 0.6044950937717467, 0.0], [-0.7071067811865475, -0.7071067811865476, 0.0], [0.0, 0.0, 0.8548851600000001]]
3	[[0.034229894132735264, 0.2773841392786001, 0.9601491309293217], [-0.1827544195208179, -0.9427759796974285, 0.2788803941677556], [0.9825625356654255, -0.18501754344446375, 0.018422055382213542]]	0.7751309592774748	0.22486904072252537	[[0.026532650675073495, 0.21500903396737794, 0.7442413169066789], [-0.14165860851536963, -0.7307748495266289, 0.21616882745493265], [0.7616146408204492, -0.14341282593326907, 0.014279505460277953]]	0.8768065550597205	0.18951652232960584	[[0.00919779647491427, 0.2146354234875398, 0.7918984002095533], [-0.16787087062639708, -0.8241093630496306, 0.256766690593627], [0.8216700730948397, -0.1465700990772025, 0.0]]	[[-0.020815199079668275, -0.028576808101535255, -0.049966651624170084], [-0.007630597624409785, 0.0025227959019246057, 0.012242532909700243], [-0.03984719893270561, 0.015654495815949934, -0.01615257891679804]]	0.3717719635815671	[[0.0, 0.0, 0.9246000000000001], [0.0, -1.0, 0.0], [0.9246000000000001, 0.0, 0.0]]
3	[[0.8787972042104137, -0.3840163418041313, 0.28327887866788265], [-0.395223040501579, -0.9183905790867732, -0.018907472103605397], [0.2674214316928388, -0.09534250611366366, -0.9588511794847616]]	0.5873457190483808	0.41265428095161916	[[0.5161577758046724, -0.22555035440327628, 0.16638263668240658], [-0.23213256090788725, -0.5394127750409797, -0.011105222798079302], [0.1570688330865779, -0.05599901280920443, -0.5631771354748654]]	0.7997196054149734	0.3560176107837891	[[0.5607490002466265, -0.23866495085174397, 0.22867473632597554], [-0.3454915801238356, -0.8474170338847942, -0.022876286058609002], [0.2051926903360802, -0.0762472713684938, -0.6515066518476504]]	[[-0.14204235314430733, 0.06844044648875751, 0.0021310632553003125], [-0.029423966123006736, -0.11296208236069105, -0.007755609928519075], [-0.008669471496824076, 0.0, 0.11530543506158492]]	0.5066402546720332	[[0.6044950937717468, -0.6044950937717467, 0.0], [-0.7071067811865475, -0.7071067811865476, 0.0], [0.0, 0.0, -0.8548851600000001]]
3	[[0.8592155572171323, 0.2624339665249735, -0.4391776855101157], [-0.4266000482917053, 0.8413623931712975, -0.33184593135155627], [0.2824199444684594, 0.4724804086637203, 0.8348660002631537]]	0.5099172619178473	0.49008273808215286	[[0.43812884433337745, 0.13381960964465447, -0.22394428289073556], [-0.21753072855892774, 0.42902520780655523, -0.16921396869336347], [0.1440108047943473, 0.2409259162956298, 0.42571258492249203]]	0.7481330148775885	0.4453088566932447	[[0.4718132174475763, 0.19181367126044982, -0.28785672950765895], [-0.35426914447840574, 0.749502885039247, -0.25048438779517673], [0.23978924547053887, 0.3140347497096405, 0.46925507318317555]]	[[-0.17099430780300406, -0.004521843322162765, 0.040706596419985266], [-0.03511556420300742, 0.12005190123138124, -0.0022194906982756944], [0.028501560953789206, -0.03944344289454367, -0.1553357446124911]]	0.6890843304379833	[[0.6537909298850819, 0.6537909298850818, 0.0], [-0.7071067811865475, 0.7071067811865476, 0.0], [0.0, 0.0, 0.9246000000000001]]
3	[[-0.3195682178843842, -0.5708200961323295, -0.7563336379995778], [0.910087742671785, 0.03735879733279218, -0.41272826520656647], [0.2638493031197415, -0.8202248094963509, 0.507557688474819]]	0.41321557296306743	0.5867844270369325	[[-0.1320505642538822, -0.23587175308215377, -0.31252883757723676], [0.3760624280347863, 0.015437236845080873, -0.1705457465853842], [0.10902664096453006, -0.3389296646145575, 0.20973074105493242]]	0.6198274677322773	0.6015613278177142	[[-0.2681945100796669, -0.2681945100796669, -0.37256899212980127], [0.6097175862465125, -0.09621458666267257, -0.05704926956727531], [0.21941951323551878, -0.3404250923500098, 0.33419104084198886]]	[[-0.07011735082067237, 0.08561546463673, 0.09622737147221797], [0.04562020529207557, -0.11937059541098048, 0.1987710459172466], [0.05587846781988336, 0.16797277429130297, 0.01959284406659376]]	0.9396264234323614	[[0.0, 0.0, -0.7904268189360002], [0.7071067811865475, 0.7071067811865476, 0.0], [0.5589161637013571, -0.5589161637013571, 0.0]]
3	[[0.22433838825039393, -0.7661379269479729, -0.6022499185961573], [-0.9416906372873723, -0.011392912655017143, -0.3362869982418849], [0.2507808429735371, 0.642575192824231, -0.724020780340167]]	0.4333020699059021	0.5666979300940979	[[0.09720628798824958, -0.3319691495799734, -0.26095613632837594], [-0.4080365023476265, -0.004936572635676124, -0.1457138524206512], [0.10866385835318063, 0.27842916112092353, -0.31371970277628086]]	0.6510777008939558	0.5618408930391807	[[0.27102615824358833, -0.3898058204993906, -0.26974075941689835], [-0.68222703905806, -0.04934023592378699, -0.04035695426214713], [0.24519089318034293, 0.24519089318034293, -0.4701693120223869]]	[[0.12496443619926621, 0.10900949954555714, 0.12237073294625979], [-0.06911326397963355, -0.041922564545872724, 0.1785920113937091], [0.08191307850888425, -0.1731754860151478, 0.0012244730409367993]]	0.7315267638238484	[[-1.5782725920036983e-16, -0.7904268189360002, 0.0], [-1.0, 1.7938038903913487e-16, 0.0], [0.0, 0.0, -0.7904268189360002]]
