3	[[0.8787972042104137, -0.3840163418041313, 0.28327887866788265], [-0.395223040501579, -0.9183905790867732, -0.018907472103605397], [0.2674214316928388, -0.09534250611366366, -0.9588511794847616]]	0.6796456574330504	0.32035434256694983	[[0.5972707036059134, -0.2609950390905038, 0.1925292597291304], [-0.26861162319438486, -0.6241801689037496, -0.01285038130825195], [0.18175181475456692, -0.06479912024893555, -0.6516790402613765]]	0.8390124371722287	0.29615956114550795	[[0.6130875913933964, -0.2661440579071522, 0.24245063991746174], [-0.34149626808042605, -0.8498566214853317, -0.02098191263020317], [0.21761542869038658, -0.07999354842053306, -0.7150288682924908]]	[[-0.12423419269132366, 0.05605042894389581, 0.004776137526905449], [-0.009899221642577793, -0.07931550344972378, -0.00511830837979128], [-0.006754478466308778, 0.0, 0.08945919669248512]]	0.4773099764598985	[[0.6752302943535732, -0.6752302943535731, 0.0], [-0.7071067811865475, -0.7071067811865476, 0.0], [0.0, 0.0, -0.9549198400000002]]
3	[[-0.3195682178843842, -0.5708200961323295, -0.7563336379995778], [0.910087742671785, 0.03735879733279218, -0.41272826520656647], [0.2638493031197415, -0.8202248094963509, 0.507557688474819]]	0.46679291672037887	0.5332070832796211	[[-0.14917218051738523, -0.26645477759621716, -0.3530511848955581], [0.4248225118732281, 0.017438821972139577, -0.19265863072871522], [0.12316298577790347, -0.3828751311912188, 0.23692433380701416]]	0.668407682815672	0.5539722115880482	[[-0.2622105786542342, -0.27254341520000747, -0.4705621455310503], [0.5955461563588778, -0.04568127894906616, -0.06720722800758946], [0.27733014821912905, -0.4397976363645328, 0.31844032501191905]]	[[-0.04860872663659919, 0.10899712256042204, 0.03497706887979487], [-0.012763482879315537, -0.07065218610705813, 0.20866351537166375], [0.1009712469083327, 0.10844692793884916, -0.020815133436813398]]	0.9092040228786035	[[0.0, 0.0, -0.9331476676480002], [0.7071067811865475, 0.7071067811865476, 0.0], [0.6598350436423117, -0.6598350436423116, 0.0]]
3	[[-0.30792515101507295, 0.09349718223056193, 0.9468053539599837], [0.3027085282091916, -0.9338174967034747, 0.1906631317268273], [0.9019698710720718, 0.34531602882779927, 0.2592434992682147]]	0.7103167061678516	0.2896832938321485	[[-0.21872437901526492, 0.0664126105179881, 0.6725316604069423], [0.21501892468647113, -0.6633061684203208, 0.13543120771584718], [0.6406842678825557, 0.2452837441839252, 0.18414498849562613]]	0.8480700825752018	0.2633993399623451	[[-0.2551073748831386, 0.07842125489971104, 0.7421359729526443], [0.24385235791931906, -0.8497638521539045, 0.1188497877694144], [0.6789234718686357, 0.26351287968602644, 0.17668611998342762]]	[[0.006034733365195736, -0.0008709081551103066, -0.060821321762842225], [-0.012865688595267814, -0.05782117061442039, -0.042845910098202614], [-0.08601019117180041, -0.02933931339650602, -0.0431705358480515]]	0.4699235432451115	[[0.0, 0.0, 0.9772000000000001], [0.0, -1.0, 0.0], [0.9772000000000001, 0.0, 0.0]]
3	[[0.3802729664721569, 0.7767473726770865, -0.5020517802076895], [0.4287143634067757, 0.332951791095048, 0.839849450446521], [0.8195098935212374, -0.5346088512602871, -0.20639019011321075]]	0.5466304792376905	0.4533695207623097	[[0.20786879390381338, 0.4245937885730927, -0.2744368052170649], [0.23434833792512721, 0.18200159712933345, 0.45908730758509286], [0.4479690858355427, -0.29223349256912196, -0.11281916853154246]]	0.7083608473837681	0.44340244193998346	[[0.21177593459665256, 0.47266661600311083, -0.30691604259009575], [0.3312045143880781, 0.22304024734639266, 0.4946979155644483], [0.595501244291837, -0.3001697917482471, -0.05005426855727012]]	[[-0.057594546170703795, -0.0775508111095457, 0.048717781868352426], [0.0275200446396617, -0.012809765531638855, -0.10021855282864138], [0.014992521677751803, 0.07852618714935278, 0.09614446140302085]]	0.6821219851928009	[[0.0, 0.6598350436423116, -0.6598350436423117], [0.0, 0.7071067811865476, 0.7071067811865475], [0.9331476676480002, 0.0, 0.0]]
3	[[-0.42203838922340475, -0.825029846081567, 0.3757783270710803], [0.2588054115689476, 0.28760896992378115, 0.9221175843470338], [-0.8688517462515349, 0.4864224845687207, 0.09214016247897017]]	0.4555641118504996	0.5444358881495005	[[-0.19226554395337586, -0.37585398908030343, 0.17119111982480328], [0.11790245746351063, 0.13102432494356442, 0.42008367833478466], [-0.39581767411083624, 0.22159662716666265, 0.04197575128549279]]	0.6543814842145387	0.5985923980638818	[[-0.1230075556075694, -0.3867177032721929, 0.3546422850834221], [0.13112697394496156, 0.09662377283588232, 0.6502844695378454], [-0.5150596742825093, 0.18598815721822545, -0.03184174649480005]]	[[0.15316655192795542, 0.1531665519279554, 0.10873990567899218], [-0.038230495400280895, -0.0915822117762562, 0.04686779607250834], [0.05350082099196361, -0.13231771018917757, -0.09213656277355729]]	0.6636372576522703	[[0.0, -0.6598350436423116, 0.6598350436423117], [0.0, 0.7071067811865476, 0.7071067811865475], [-0.9331476676480002, 0.0, 0.0]]
3	[[0.8592155572171323, 0.2624339665249735, -0.4391776855101157], [-0.4266000482917053, 0.8413623931712975, -0.33184593135155627], [0.2824199444684594, 0.4724804086637203, 0.8348660002631537]]	0.5943481300127702	0.40565186998722996	[[0.5106731597098827, 0.15597713725595194, -0.2610244361262738], [-0.25354894096553243, 0.50006216504443, -0.19723200875114355], [0.16785576587313925, 0.28081784735695164, 0.49620104606764626]]	0.8004147522160302	0.35760608026009316	[[0.572340731320764, 0.2122181830967459, -0.28982885018449145], [-0.323923955749459, 0.7527922627159158, -0.272888316325342], [0.2485659180613012, 0.35426262626246896, 0.5547669286249775]]	[[-0.11538807600934531, 0.002162164807589295, 0.06169544814189745], [0.017533016199292786, 0.07935339126182571, -0.007273937408688386], [0.022512828188714272, -0.02391766296503148, -0.11347213410924303]]	0.6411876119125289	[[0.9331476676480002, 0.0, 0.0], [0.0, 0.7071067811865476, -0.7071067811865475], [0.0, 0.6598350436423116, 0.6598350436423117]]
3	[[0.22433838825039393, -0.7661379269479729, -0.6022499185961573], [-0.9416906372873723, -0.011392912655017143, -0.3362869982418849], [0.2507808429735371, 0.642575192824231, -0.724020780340167]]	0.5068729885471599	0.4931270114528402	[[0.11371106929833019, -0.3883346206714446, -0.30526421609111803], [-0.47731754760872996, -0.0057747596857052825, -0.17045479580841771], [0.1271140353483728, 0.3257040083530855, -0.3669865767012672]]	0.7062555295187752	0.5173757397878135	[[0.28151016902033, -0.4031072918502821, -0.37065548529624504], [-0.679256630322493, 0.007474427792840441, -0.03867165386663761], [0.318734631241406, 0.32369628316352234, -0.48362625819470145]]	[[0.12306994183515942, 0.13798185543077504, 0.05468684986452332], [-0.014182410642226893, 0.015520735352770725, 0.19883289814696425], [0.14161927419396567, -0.13012599990018403, 0.02771742140704009]]	0.7407488152976254	[[1.8632482512720287e-16, -0.9331476676480002, 0.0], [-1.0, -1.7938038903913487e-16, 0.0], [0.0, 0.0, -0.9331476676480002]]
3	[[-0.5446221603179724, 0.8109226453022452, -0.2139887049042392], [-0.8354447797583356, -0.5021691245819775, 0.22328947644507607], [0.07361197229480154, 0.30038414347728, 0.9509735242804028]]	0.612953264806825	0.38704673519317495	[[-0.3338279312530472, 0.49705768294379815, -0.13116507530283766], [-0.5120886053186907, -0.3078062043977084, 0.13686601358401604], [0.045120698746968134, 0.18412144144060053, 0.5829023264525254]]	0.783795350297889	0.3108214528428005	[[-0.47143279442978653, 0.5865279613224857, -0.11413889113768005], [-0.6723496149731729, -0.4397690898199984, 0.0410397178091406], [0.08922815452511353, 0.1460839448667608, 0.7435057015682189]]	[[-0.044560477503368286, -0.04906943751667832, 0.05358446078252975], [-0.017531881167945372, -0.04617126490948308, -0.13397353559896005], [0.031531432914191034, -0.08935575009394527, -0.0018629250191575634]]	0.39339723148275174	[[-0.6752302943535732, 0.6752302943535731, 0.0], [-0.7071067811865475, -0.7071067811865476, 0.0], [0.0, 0.0, 0.9549198400000002]]
3	[[0.08740825448676931, -0.06334395238859675, -0.994156597696443], [0.7119981850616444, -0.6940087028176986, 0.10681996481098455], [-0.6967197295301035, -0.717174639895393, -0.015561310176609944]]	0.8123655904680496	0.18763440953195054	[[0.07100745826792589, -0.05145844728474241, -0.8076186115053782], [0.5784028260197824, -0.5637887896544646, 0.08677686378745172], [-0.5659911344704622, -0.5826079998073318, -0.012641472930078206]]	0.9025820607332626	0.15212123018139567	[[0.05464070458431616, -0.029692969386494763, -0.8665436997759525], [0.6341363182000864, -0.6378256427447832, 0.06757767737941361], [-0.6337350263128109, -0.6251098089444749, 0.025914317453130782]]	[[-0.02425241787544953, 0.027480145695394566, 0.030764210864472216], [-0.008500470911195419, -0.01142583758876628, -0.028836106587139414], [-0.0048882970800086, 0.022199155437944488, 0.039959676860044875]]	0.14525375300734447	[[0.0, 0.0, -0.9331476676480002], [0.7071067811865475, -0.7071067811865476, 0.0], [-0.6598350436423117, -0.6598350436423116, 0.0]]
3	[[0.034229894132735264, 0.2773841392786001, 0.9601491309293217], [-0.1827544195208179, -0.9427759796974285, 0.2788803941677556], [0.9825625356654255, -0.18501754344446375, 0.018422055382213542]]	0.8650883924997422	0.13491160750025782	[[0.02961188409072431, 0.23996179915344878, 0.8306138682356716], [-0.15809872700548788, -0.8155845567638181, 0.2412561918902782], [0.8500034445092736, -0.16005652924262237, 0.015936706277140337]]	0.9206512105063008	0.12614107599307606	[[0.00902381902557533, 0.2377945170329746, 0.8638669268527573], [-0.16475381010497608, -0.8268586235505564, 0.253246449127216], [0.8972850054230791, -0.16085392674484777, 0.0]]	[[-0.022489974443229907, -0.017579526569116953, -0.020095532803895384], [0.003499267452241238, 0.041109223394144884, -0.0035051233498024966], [-0.007312382435435387, 0.009482698592199891, -0.01696028758764901]]	0.3480485940092786	[[0.0, 0.0, 0.9772000000000001], [0.0, -1.0, 0.0], [0.9772000000000001, 0.0, 0.0]]
3	[[0.04673222253661188, -0.9725397674033924, -0.22799671093185395], [-0.8377629715199755, -0.16246744520517667, 0.5213036857710898], [-0.5440306084466285, 0.16664552219444034, -0.8223502702654952]]	0.5543543583291771	0.4456456416708229	[[0.025906211237579743, -0.5391316587085146, -0.12639097038979075], [-0.46441755450890065, -0.09006453633609639, 0.2889869702202674], [-0.3015857388568626, 0.09238067152452963, -0.455873456394854]]	0.7507697430656133	0.37726403179993095	[[-0.019530580122336775, -0.812953019833966, -0.16025929455789178], [-0.6526841991137495, -0.1675381896675355, 0.23471336747140853], [-0.27897915760184777, 0.015389970998749575, -0.6173957011171636]]	[[-0.05461571882903383, -0.08279958853942973, 0.010913737528221112], [-0.023717108235812648, -0.045562547574318546, -0.1566656667541098], [0.1294625625214569, -0.10972244488220537, 0.0]]	0.6257865577979302	[[1.8632482512720287e-16, -0.9331476676480002, 0.0], [-1.0, -1.7938038903913487e-16, 0.0], [0.0, 0.0, -0.9331476676480002]]
3	[[0.8489524140446696, -0.5135124485683378, 0.12483895166604869], [0.522794976890395, 0.7815435453534784, -0.34040431673891397], [0.0772347773085365, 0.35425224329800037, 0.9319550081910795]]	0.7530859085672339	0.2469140914327661	[[0.6393341000611765, -0.38671898889067163, 0.09401445534000727], [0.39370953016588917, 0.5885694309373816, -0.2563536941515335], [0.05816442244238719, 0.2667823725060554, 0.701842184087363]]	0.8776658797149582	0.19652919413685274	[[0.7458970967847599, -0.441659278451592, 0.05303463178753373], [0.46933283665799397, 0.6261541993890882, -0.2713056018181784], [0.038039565119686265, 0.2681632562243177, 0.8016896008512544]]	[[0.0008005294761075619, 0.009033076465720507, -0.05653225654914203], [0.010493523354924233, -0.05977990387911941, 0.027455652291249754], [-0.029746763651399326, -0.04275185053081925, -0.01625551126753049]]	0.4342012545266254	[[0.6909847465754944, -0.6909847465754942, 0.0], [0.7071067811865475, 0.7071067811865476, 0.0], [0.0, 0.0, 0.9772000000000001]]
3	[[0.5319609947059123, -0.8460851799387872, 0.03402011756955908], [-0.703274286200726, -0.4190807785627857, 0.5742617690636116], [-0.47161719485230363, -0.3294103357928521, -0.8179645788128509]]	0.5138639239983892	0.4861360760016108	[[0.27335556415366646, -0.4347726506002284, 0.017481711109180162], [-0.36138728435427125, -0.2153504933445731, 0.2950924060532843], [-0.24234706237191772, -0.16927208775614203, -0.42032248816046125]]	0.7161029792524347	0.4940110855891118	[[0.4815661788746225, -0.6077767516641817, 0.1108404280106495], [-0.4138585334678029, -0.2296333296026055, 0.2932482477187446], [-0.3006264863501451, -0.061068891298136835, -0.49783074745026845]]	[[0.10062732571963011, -0.0018926336086838684, 0.08647852046457016], [0.08975827811216645, 0.07047166447363523, -0.11798231597848136], [0.037099991950265546, 0.17482283155966952, 0.08791612436057701]]	0.6589819460265163	[[0.6752302943535732, -0.6752302943535731, 0.0], [-0.7071067811865475, -0.7071067811865476, 0.0], [0.0, 0.0, -0.9549198400000002]]
3	[[-0.8305561570912853, 0.32773595720904825, 0.4502950280316503], [-0.5100865793185324, -0.772219296347621, -0.37879947194723407], [0.22358030216652452, -0.5443036842615101, 0.808545204538665]]	0.5236902597385314	0.4763097402614685	[[-0.43495416963457173, 0.17163212855646268, 0.2358151201888642], [-0.26712737321246127, -0.4044037238793916, -0.19837359385286554], [0.11708682651400659, -0.28504653778754985, 0.4234272481751975]]	0.7515749605044862	0.45239387294140565	[[-0.5284349393606156, 0.1487324995622226, 0.24849377774999393], [-0.5531527933772916, -0.5980033746783099, -0.28772527577682344], [0.23117994624471783, -0.3385686259902266, 0.4788296880610661]]	[[0.09579027160202505, -0.09758563953306783, -0.08993669015826014], [-0.16978449267209716, -0.01762268752504433, -0.003029077608960792], [0.06314258947433102, 0.0705163940110642, -0.12885264210617278]]	0.6804257444788776	[[-0.6598350436423117, 0.6598350436423116, 0.0], [-0.7071067811865475, -0.7071067811865476, 0.0], [0.0, 0.0, 0.9331476676480002]]
