3	[[0.5319609947059123, -0.8460851799387872, 0.03402011756955908], [-0.703274286200726, -0.4190807785627857, 0.5742617690636116], [-0.47161719485230363, -0.3294103357928521, -0.8179645788128509]]	0.5133230031737773	0.4866769968262226	[[0.27306781537374875, -0.4343149855070041, 0.017463308919131074], [-0.36100686864745124, -0.215123803824254, 0.2947817759036193], [-0.24209195480997708, -0.1690939028456693, -0.41988003408598645]]	0.7156062527213001	0.49476829994111926	[[0.4802533128177995, -0.6070253098204204, 0.11080381529359304], [-0.4133593083103975, -0.2291005542579776, 0.29374747287614994], [-0.30092326049968204, -0.06082029150472706, -0.49671987384735933]]	[[0.09957869880240622, -0.001561464721397992, 0.0864588064425028], [0.0899081682729511, 0.07079627127686254, -0.1171978397645658], [0.03656895302750627, 0.17490780449966098, 0.08862069325566133]]	0.6593965597628901	[[0.6744013672161235, -0.6744013672161234, 0.0], [-0.7071067811865475, -0.7071067811865476, 0.0], [0.0, 0.0, -0.9537475599999998]]
3	[[-0.3195682178843842, -0.5708200961323295, -0.7563336379995778], [0.910087742671785, 0.03735879733279218, -0.41272826520656647], [0.2638493031197415, -0.8202248094963509, 0.507557688474819]]	0.4661537320703459	0.533846267929654	[[-0.14896791741787516, -0.266089918152839, -0.35256774804384516], [0.4242407977579292, 0.017414942802340766, -0.19239482115696047], [0.12299433735342746, -0.3823508560834125, 0.23659991072353487]]	0.6679277851869119	0.5543619012662865	[[-0.2625415856740757, -0.27233585851657477, -0.4697460224341532], [0.5959913007916046, -0.04648255310377367, -0.06685186630303452], [0.27640100128501843, -0.4384584241132331, 0.3188163190439598]]	[[-0.049093093686430445, 0.10893074403327221, 0.035430229257264315], [-0.011881589496916988, -0.07143553186351226, 0.2088208097604238], [0.10016872062913935, 0.10939251624902135, -0.020195563673614633]]	0.9095116639270254	[[0.0, 0.0, -0.9314298670959997], [0.7071067811865475, 0.7071067811865476, 0.0], [0.6586203752232662, -0.6586203752232661, 0.0]]
3	[[0.22433838825039393, -0.7661379269479729, -0.6022499185961573], [-0.9416906372873723, -0.011392912655017143, -0.3362869982418849], [0.2507808429735371, 0.642575192824231, -0.724020780340167]]	0.5059959041890283	0.4940040958109717	[[0.11351430560706735, -0.3876626530795472, -0.3047359921078313], [-0.47649160548056624, -0.0057647671402220125, -0.17015984374241672], [0.1268940793936816, 0.325140415702536, -0.3663515493998686]]	0.705667056365077	0.5179370495495209	[[0.28188994788538124, -0.40297502009164937, -0.36921258512587857], [-0.6791336864766657, 0.006567992171684113, -0.03869058398237053], [0.3180452009993864, 0.3225926950785663, -0.4837000941058532]]	[[0.12358173781903997, 0.13766327558736907, 0.055775342125978955], [-0.014613626455532328, 0.014607595308374516, 0.19861607216082822], [0.14107742174549792, -0.13085144973493057, 0.02721751870393852]]	0.7404872990048645	[[-1.8598182594438154e-16, -0.9314298670959997, 0.0], [-1.0, 1.7938038903913487e-16, 0.0], [0.0, 0.0, -0.9314298670959997]]
3	[[0.8787972042104137, -0.3840163418041313, 0.28327887866788265], [-0.395223040501579, -0.9183905790867732, -0.018907472103605397], [0.2674214316928388, -0.09534250611366366, -0.9588511794847616]]	0.6784978349229108	0.3215021650770892	[[0.596262000393073, -0.26055425648911956, 0.19220410585554834], [-0.2681579772919713, -0.6231260195239741, -0.01282867888616158], [0.18144486241557625, -0.06468968397424518, -0.6505784492936901]]	0.8385784127833166	0.2968760512648948	[[0.6124491122860629, -0.2658210614524311, 0.2423274937539121], [-0.3415587303723887, -0.8498303252110851, -0.020982935160166756], [0.2174996387658001, -0.07995216744757974, -0.7142663839942716]]	[[-0.12449125237912206, 0.056206752940532914, 0.004775941305561372], [-0.010133220373178094, -0.07968781108534767, -0.005127537213780507], [-0.0067542009674227575, 0.0, 0.08980551619347096]]	0.4775813552378427	[[0.6744013672161235, -0.6744013672161234, 0.0], [-0.7071067811865475, -0.7071067811865476, 0.0], [0.0, 0.0, -0.9537475599999998]]
3	[[-0.30792515101507295, 0.09349718223056193, 0.9468053539599837], [0.3027085282091916, -0.9338174967034747, 0.1906631317268273], [0.9019698710720718, 0.34531602882779927, 0.2592434992682147]]	0.7092333194321339	0.29076668056786636	[[-0.21839077699106124, 0.06631131691093256, 0.6715059040451555], [0.21469097428222067, -0.6622944829308112, 0.13522464580794394], [0.6397070856882193, 0.2449096333786625, 0.1838641275271979]]	0.8475733061582027	0.26394417312324947	[[-0.2546170357988666, 0.07823978298480405, 0.7416343723108474], [0.24391002592986963, -0.8497633034318384, 0.1187934444911175], [0.6784609509176253, 0.26316189292326514, 0.17637725281406252]]	[[0.006372102496242672, -0.0010059328748292864, -0.06085257183330335], [-0.012657642126678435, -0.058284520402497736, -0.042807536429066435], [-0.08602463476201852, -0.029518755299733922, -0.04335061696071983]]	0.47003057182404	[[0.0, 0.0, 0.9765999999999999], [0.0, -1.0, 0.0], [0.9765999999999999, 0.0, 0.0]]
3	[[0.8489524140446696, -0.5135124485683378, 0.12483895166604869], [0.522794976890395, 0.7815435453534784, -0.34040431673891397], [0.0772347773085365, 0.35425224329800037, 0.9319550081910795]]	0.7525384810323923	0.24746151896760765	[[0.6388693601339583, -0.3864378780368415, 0.09394611506044453], [0.3934233378004626, 0.5881415924809773, -0.2561673474555717], [0.058122141998641144, 0.26658844507379464, 0.7013320062546456]]	0.8771619395450871	0.19668976920111517	[[0.7449953105008531, -0.441486362188589, 0.05292184508325875], [0.4694642883451829, 0.6261794731787496, -0.2711636813845392], [0.037956716210864085, 0.267535080585658, 0.8010125203013982]]	[[0.0003265644159468176, 0.00894721317816103, -0.056582131890907925], [0.010888432431575036, -0.05936077890245127, 0.027426029315686773], [-0.029790690853424687, -0.04320150423381404, -0.016462942252246475]]	0.4343980645739674	[[0.6905604825067823, -0.6905604825067821, 0.0], [0.7071067811865475, 0.7071067811865476, 0.0], [0.0, 0.0, 0.9765999999999999]]
3	[[0.034229894132735264, 0.2773841392786001, 0.9601491309293217], [-0.1827544195208179, -0.9427759796974285, 0.2788803941677556], [0.9825625356654255, -0.18501754344446375, 0.018422055382213542]]	0.8648594690552199	0.13514053094478015	[[0.029604048065453817, 0.23989829942082927, 0.830394067589364], [-0.15805689023426947, -0.8153687332391328, 0.2411923496298356], [0.8497785129091506, -0.16001417438928, 0.015932489036767063]]	0.9201780481504204	0.12638720429179806	[[0.009026231543339557, 0.23752278756113102, 0.8630355656833731], [-0.16478680383998018, -0.8268300819894678, 0.2532823608160836], [0.8964104300197958, -0.16068752496014824, 0.0]]	[[-0.022471365628116302, -0.01772000830813562, -0.020472587548492575], [0.0033798012055491333, 0.04069167885161219, -0.0033372559566217496], [-0.007722046234543164, 0.009561557040164008, -0.016951570964524203]]	0.3483076986083684	[[0.0, 0.0, 0.9765999999999999], [0.0, -1.0, 0.0], [0.9765999999999999, 0.0, 0.0]]
3	[[-0.8305561570912853, 0.32773595720904825, 0.4502950280316503], [-0.5100865793185324, -0.772219296347621, -0.37879947194723407], [0.22358030216652452, -0.5443036842615101, 0.808545204538665]]	0.522964457833886	0.4770355421661139	[[-0.4343513503938399, 0.17139425717449958, 0.23548829519986653], [-0.26675715140165784, -0.40384324564329854, -0.19809866047464758], [0.1169245515048529, -0.2846514811368073, 0.4228404045257514]]	0.7509711858364346	0.4530844213167269	[[-0.5276831306761005, 0.1482097080926194, 0.24851122308839535], [-0.5532775712780629, -0.597906949401506, -0.2880820552012554], [0.23119502443453502, -0.3381587125176907, 0.4779284096487877]]	[[0.09604061151849419, -0.09791055233389855, -0.08964736808878367], [-0.17021724792797402, -0.017992508697556035, -0.003614566558825815], [0.06329265978687175, 0.07059767070731585, -0.12926574140597608]]	0.6804355742013967	[[-0.6744013672161235, 0.6744013672161234, 0.0], [-0.7071067811865475, -0.7071067811865476, 0.0], [0.0, 0.0, 0.9537475599999998]]
3	[[0.3802729664721569, 0.7767473726770865, -0.5020517802076895], [0.4287143634067757, 0.332951791095048, 0.839849450446521], [0.8195098935212374, -0.5346088512602871, -0.20639019011321075]]	0.5461935194403106	0.45380648055968975	[[0.20770262990543464, 0.4242543811985124, -0.27421742877291116], [0.2341610069837591, 0.1818561105821593, 0.4587203271393961], [0.44761099295851886, -0.2919998899937977, -0.11272898431588935]]	0.7077824501241323	0.4439354939788929	[[0.21139869498190117, 0.47205326252198576, -0.30639639509382016], [0.33157641623519496, 0.2224585663920836, 0.49428737765152175], [0.5943142023439851, -0.2993897615331078, -0.050758523017913046]]	[[-0.057751836943734106, -0.07771489603888498, 0.04894704399076058], [0.028139913699739585, -0.013198868082387715, -0.100143324120923], [0.014279482006556897, 0.07899700106994603, 0.09532083142200075]]	0.6825180071022534	[[0.0, 0.6586203752232661, -0.6586203752232662], [0.0, 0.7071067811865476, 0.7071067811865475], [0.9314298670959997, 0.0, 0.0]]
3	[[0.08740825448676931, -0.06334395238859675, -0.994156597696443], [0.7119981850616444, -0.6940087028176986, 0.10681996481098455], [-0.6967197295301035, -0.717174639895393, -0.015561310176609944]]	0.8110707542786769	0.18892924572132316	[[0.07089427889676653, -0.051376427242811745, -0.8063313415647774], [0.5774809050029969, -0.5628901620703171, 0.08663854943126695], [-0.5650889965508167, -0.5816793761294949, -0.012621323582507483]]	0.9018125791261586	0.15342819579180456	[[0.05422757607708919, -0.029776126257170868, -0.8652016097772669], [0.6342238373941094, -0.6378620583352806, 0.06767015464845695], [-0.632844826160935, -0.6239889014665173, 0.026054384520459613]]	[[-0.02459828733853986, 0.027348246818434153, 0.03134131564664936], [-0.007865082209476229, -0.011996280111252332, -0.028661433319902528], [-0.004534209945312559, 0.022768210221421115, 0.04008776978541036]]	0.14632218748034673	[[0.0, 0.0, -0.9314298670959997], [0.7071067811865475, -0.7071067811865476, 0.0], [-0.6586203752232662, -0.6586203752232661, 0.0]]
3	[[0.8592155572171323, 0.2624339665249735, -0.4391776855101157], [-0.4266000482917053, 0.8413623931712975, -0.33184593135155627], [0.2824199444684594, 0.4724804086637203, 0.8348660002631537]]	0.5933120928892345	0.40668790711076563	[[0.5097829804954865, 0.15570524592415536, -0.2605694317402567], [-0.2531069674786002, 0.49919048237075736, -0.19688820404696908], [0.16756316832624304, 0.28032834011343266, 0.49533609389819594]]	0.7998115462162753	0.3585548853002372	[[0.5713809243678453, 0.21197288617707832, -0.2895939708148884], [-0.3239429288634826, 0.752800621016193, -0.2728491644894306], [0.24835424879850204, 0.35370135721810125, 0.5539147915046375]]	[[-0.11582959898306801, 0.002075169631069032, 0.06166541289664226], [0.01725671537664387, 0.07986926440563208, -0.007434957029562404], [0.02247151633086888, -0.0241939289921265, -0.11382067504923285]]	0.6417200504771211	[[0.9314298670959997, 0.0, 0.0], [0.0, 0.7071067811865476, -0.7071067811865475], [0.0, 0.6586203752232661, 0.6586203752232662]]
3	[[-0.5446221603179724, 0.8109226453022452, -0.2139887049042392], [-0.8354447797583356, -0.5021691245819775, 0.22328947644507607], [0.07361197229480154, 0.30038414347728, 0.9509735242804028]]	0.6120866217115015	0.38791337828849853	[[-0.33335593821824744, 0.4963549024324055, -0.13097962346925524], [-0.5113645728687892, -0.30737100299320463, 0.1366725013009965], [0.04505690343944573, 0.18386111559671128, 0.5820781718138723]]	0.7833703410834433	0.31109668157218856	[[-0.4715991089729855, 0.5860378106445117, -0.1137205710168274], [-0.672625661687348, -0.4402623832932756, 0.04078533736553016], [0.08910741009489857, 0.14526332248753926, 0.7433918762223481]]	[[-0.04495826148309378, -0.04921493859819631, 0.05391183373201081], [-0.018162999611678356, -0.046877984887917806, -0.13413301595759258], [0.03144197425049494, -0.09004870644431555, -0.001572577854515147]]	0.3937746610889378	[[-0.6744013672161235, 0.6744013672161234, 0.0], [-0.7071067811865475, -0.7071067811865476, 0.0], [0.0, 0.0, 0.9537475599999998]]
3	[[-0.42203838922340475, -0.825029846081567, 0.3757783270710803], [0.2588054115689476, 0.28760896992378115, 0.9221175843470338], [-0.8688517462515349, 0.4864224845687207, 0.09214016247897017]]	0.45502661661944377	0.5449733833805563	[[-0.19203870033184578, -0.3754105394725559, 0.17098914076606836], [0.11776335078902089, 0.13086973649382147, 0.41958804453072535], [-0.39535067044073147, 0.22133517740092862, 0.0419262263875716]]	0.6538086074880203	0.5989990949628186	[[-0.12264116462995431, -0.3861204478679581, 0.35386757416259773], [0.13137885565599083, 0.09648071193910573, 0.6499792275031009], [-0.514248343160472, 0.18581899544575534, -0.031808430923968053]]	[[0.15329116693468703, 0.15329116693468703, 0.10818046941607687], [-0.037830350092266776, -0.09156050818782546, 0.047090813740949644], [0.05381440716977875, -0.132208211840983, -0.09205046224806346]]	0.6639625485079521	[[0.0, -0.6586203752232661, 0.6586203752232662], [0.0, 0.7071067811865476, 0.7071067811865475], [-0.9314298670959997, 0.0, 0.0]]
3	[[0.04673222253661188, -0.9725397674033924, -0.22799671093185395], [-0.8377629715199755, -0.16246744520517667, 0.5213036857710898], [-0.5440306084466285, 0.16664552219444034, -0.8223502702654952]]	0.5538221867304475	0.4461778132695524	[[0.02588134167600028, -0.5386141006656676, -0.12626963701562913], [-0.4639717208489904, -0.0899780757760401, 0.28870954720438696], [-0.30129622121820765, 0.09229198751056228, -0.455435824936811]]	0.7504431143533424	0.3802890482205608	[[-0.019937613382464994, -0.8121717650613113, -0.11892025471543818], [-0.6528545412661773, -0.12423302454463585, 0.23464784243544196], [-0.27907026846082805, 0.014762519923815073, -0.617127097907351]]	[[-0.055007488003493345, -0.08233599317863419, 0.05217830709858104], [-0.02416108782881639, -0.00231044898383221, -0.15656091903849084], [0.1291937556454038, -0.11029546474481977, 0.0]]	0.6263303263814892	[[1.8598182594438154e-16, -0.9314298670959997, 0.0], [-1.0, -1.7938038903913487e-16, 0.0], [0.0, 0.0, -0.9314298670959997]]
