3	[[0.034229894132735264, 0.2773841392786001, 0.9601491309293217], [-0.1827544195208179, -0.9427759796974285, 0.2788803941677556], [0.9825625356654255, -0.18501754344446375, 0.018422055382213542]]	0.8655248365739721	0.13447516342602797	[[0.029626823525180045, 0.2400828618173223, 0.8310329196342425], [-0.158178489088927, -0.8159960257534832, 0.24137790758573158], [0.850432278105525, -0.16013727905308728, 0.015944746474047033]]	0.9220665817249428	0.12548777953227047	[[0.009025411102632263, 0.2386052880701785, 0.8663632060411999], [-0.1646533345439626, -0.8269452975971834, 0.2531376750293571], [0.8999096917106887, -0.161355355081647, 0.0]]	[[-0.022536830373145626, -0.017161357059155818, -0.018958221060974337], [0.0038584083587241413, 0.04235692733480867, -0.004008616731010046], [-0.0060783868813224, 0.009243138761335782, -0.01698636163462523]]	0.3472728587610312	[[0.0, 0.0, 0.9790000000000001], [0.0, -1.0, 0.0], [0.9790000000000001, 0.0, 0.0]]
3	[[0.8787972042104137, -0.3840163418041313, 0.28327887866788265], [-0.395223040501579, -0.9183905790867732, -0.018907472103605397], [0.2674214316928388, -0.09534250611366366, -0.9588511794847616]]	0.683103385129526	0.3168966148704741	[[0.6003093450384969, -0.2623228630314592, 0.1935087609537269], [-0.2699781968478124, -0.6273557134452404, -0.01291575819821493], [0.1826764852455625, -0.06512878867297617, -0.6549944865414793]]	0.8403126711519319	0.2940086861667188	[[0.6150046375069047, -0.2671143408415004, 0.24281951706908825], [-0.34130929050337555, -0.8499353174726142, -0.020978901287451848], [0.2179623636700919, -0.0801175159866921, -0.7173184118814688]]	[[-0.12345978856399775, 0.0555794571059224, 0.004776685854755772], [-0.00919836163870557, -0.07820007679943844, -0.005090712899340559], [-0.006755253918991334, 0.0, 0.08841638398855159]]	0.4765060225109265	[[0.677720130467216, -0.6777201304672159, 0.0], [-0.7071067811865475, -0.7071067811865476, 0.0], [0.0, 0.0, -0.9584410000000002]]
3	[[0.8592155572171323, 0.2624339665249735, -0.4391776855101157], [-0.4266000482917053, 0.8413623931712975, -0.33184593135155627], [0.2824199444684594, 0.4724804086637203, 0.8348660002631537]]	0.5974676180927142	0.40253238190728585	[[0.5133534723987242, 0.15679579688629905, -0.26239444568119996], [-0.254879714731082, 0.5026867850008409, -0.19826719817837266], [0.16873677152344707, 0.2822917443597852, 0.49880540060381784]]	0.8022238149981663	0.3547555558549927	[[0.5752232855466995, 0.21295319281672348, -0.290535957119526], [-0.3238715360043856, 0.7527659541155769, -0.27300425065016054], [0.24920156881901273, 0.3559536800179403, 0.5573249326225086]]	[[-0.11405989666980369, 0.0024224150059581617, 0.06178284121246397], [0.018357182214588128, 0.07780500526971157, -0.006789541609695537], [0.02263756353595498, -0.023081355932162068, -0.11242445512085875]]	0.6395972215373101	[[0.9383137390000003, 0.0, 0.0], [0.0, 0.7071067811865476, -0.7071067811865475], [0.0, 0.6634880077274043, 0.6634880077274045]]
3	[[0.22433838825039393, -0.7661379269479729, -0.6022499185961573], [-0.9416906372873723, -0.011392912655017143, -0.3362869982418849], [0.2507808429735371, 0.642575192824231, -0.724020780340167]]	0.5095103914326945	0.49048960856730567	[[0.11430274001083807, -0.39035523505069464, -0.3068525917642364], [-0.47980116521279254, -0.005804807386416262, -0.17134172010794865], [0.127775445467268, 0.3273987380208131, -0.3688961111965233]]	0.7080204656400831	0.5157147107177097	[[0.2803581975562701, -0.40350077050657557, -0.3750076527262607], [-0.6796239858332708, 0.01019371381459466, -0.03861595803404798], [0.32080750682556375, 0.3270255632700789, -0.48339505428886353]]	[[0.12152202744628043, 0.1389405612756562, 0.051397615069892766], [-0.012887742332158905, 0.01826012913759668, 0.19948211904987717], [0.14324953760982745, -0.1279308239620993, 0.029226475740677823]]	0.7415573747166242	[[1.873563524777263e-16, -0.9383137390000003, 0.0], [-1.0, -1.7938038903913487e-16, 0.0], [0.0, 0.0, -0.9383137390000003]]
3	[[-0.3195682178843842, -0.5708200961323295, -0.7563336379995778], [0.910087742671785, 0.03735879733279218, -0.41272826520656647], [0.2638493031197415, -0.8202248094963509, 0.507557688474819]]	0.46871462097281275	0.5312853790271872	[[-0.14978629612063638, -0.26755172500232943, -0.3545046344639607], [0.4265714313584084, 0.017510614531839865, -0.19345177239106232], [0.12367002610571044, -0.3844513606955797, 0.2378997095753117]]	0.6698458581223617	0.5528420131431079	[[-0.26120711648274886, -0.2731680140448693, -0.4730178824255976], [0.594213890898738, -0.04327932967464279, -0.06827227365761214], [0.280124244285363, -0.4438327994834555, 0.31730273191468744]]	[[-0.04714566934534963, 0.10919346308238001, 0.03360907234703734], [-0.015404614057886856, -0.06830396533244644, 0.20819204532103408], [0.10338588142213252, 0.1055913918868783, -0.022682683468330023]]	0.9082878519599077	[[0.0, 0.0, -0.9383137390000003], [0.7071067811865475, 0.7071067811865476, 0.0], [0.6634880077274045, -0.6634880077274043, 0.0]]
3	[[0.3802729664721569, 0.7767473726770865, -0.5020517802076895], [0.4287143634067757, 0.332951791095048, 0.839849450446521], [0.8195098935212374, -0.5346088512602871, -0.20639019011321075]]	0.547940568644671	0.45205943135532917	[[0.20836698548894966, 0.425611397077937, -0.27509453793607075], [0.23490999207124688, 0.1824377937438823, 0.4601875854535812], [0.4490427170659608, -0.29293387796203607, -0.11308955813331445]]	0.7100918040625431	0.4418294139243785	[[0.21291552611164682, 0.47451083668578803, -0.3084762740334265], [0.33008945640264736, 0.22478219003551936, 0.495928460248995], [0.5990697941908518, -0.3025180240302868, -0.04793094818862002]]	[[-0.05711319068678198, -0.07705110647932485, 0.04802658030706307], [0.025662900663605256, -0.011644147969018165, -0.10044175115951048], [0.017142535453253768, 0.07710333962893412, 0.09862503424968101]]	0.6809447078392562	[[0.0, 0.6634880077274043, -0.6634880077274045], [0.0, 0.7071067811865476, 0.7071067811865475], [0.9383137390000003, 0.0, 0.0]]
3	[[0.8489524140446696, -0.5135124485683378, 0.12483895166604869], [0.522794976890395, 0.7815435453534784, -0.34040431673891397], [0.0772347773085365, 0.35425224329800037, 0.9319550081910795]]	0.7547332278074729	0.24526677219252702	[[0.6407325957068798, -0.38756490782730046, 0.09422010494701803], [0.39457074039002105, 0.5898568826567271, -0.2569144487319579], [0.058291652777063135, 0.267365939042338, 0.7033774115033933]]	0.8791765767994213	0.19606651201366315	[[0.7486073519704346, -0.4421767825523941, 0.053377258243749025], [0.4689403013428829, 0.626075125840294, -0.27173089046962506], [0.038289694240002, 0.27005639184210045, 0.8037218422104443]]	[[0.0022282747250371897, 0.0092913341238059, -0.056378223933236056], [0.009311203192452891, -0.061039652983260265, 0.027544611448639296], [-0.02961331288398273, -0.04139388274415127, -0.015631171622065468]]	0.4336130395371407	[[0.6922575387816301, -0.69225753878163, 0.0], [0.7071067811865475, 0.7071067811865476, 0.0], [0.0, 0.0, 0.9790000000000001]]
3	[[-0.42203838922340475, -0.825029846081567, 0.3757783270710803], [0.2588054115689476, 0.28760896992378115, 0.9221175843470338], [-0.8688517462515349, 0.4864224845687207, 0.09214016247897017]]	0.45717737905672634	0.5428226209432737	[[-0.19294640464647872, -0.37718498267514516, 0.17179735067667773], [0.11831997974678884, 0.1314883150629591, 0.4215713003938967], [-0.3972193641401366, 0.22238135660938868, 0.0421243979879965]]	0.6560987138659875	0.5973781969263792	[[-0.12411071883619225, -0.38851289537981304, 0.3569740518016251], [0.13037226434069085, 0.09705300427200374, 0.6511997187391815], [-0.5174989416555223, 0.18649463102840463, -0.031941264147448835]]	[[0.15278812553535664, 0.15278812553535662, 0.11042637471157697], [-0.03942963333125324, -0.0916468709913106, 0.04619955761588136], [0.05255357160032699, -0.13264653549263117, -0.09239430624530426]]	0.6626754601571591	[[0.0, -0.6634880077274043, 0.6634880077274045], [0.0, 0.7071067811865476, 0.7071067811865475], [-0.9383137390000003, 0.0, 0.0]]
3	[[-0.5446221603179724, 0.8109226453022452, -0.2139887049042392], [-0.8354447797583356, -0.5021691245819775, 0.22328947644507607], [0.07361197229480154, 0.30038414347728, 0.9509735242804028]]	0.615560065157177	0.384439934842823	[[-0.33524765249137345, 0.49917159637968034, -0.1317229011337534], [-0.5142664430632645, -0.3091152590476045, 0.13744808466944297], [0.04531259046213633, 0.1849044829310573, 0.585381324568795]]	0.785068439194291	0.310028337721193	[[-0.47092542188333497, 0.5880016004812093, -0.11539917608928794], [-0.6715243952595895, -0.4382912122753423, 0.04180177310935093], [0.08958693436428625, 0.14855769313893696, 0.7438421190684934]]	[[-0.04335975253188145, -0.04862817497353006, 0.052596602475090876], [-0.01564306598169449, -0.044054081428205695, -0.13349574765189534], [0.03179649816879302, -0.08726441753948519, -0.0027371813534166948]]	0.3922747479984103	[[-0.677720130467216, 0.6777201304672159, 0.0], [-0.7071067811865475, -0.7071067811865476, 0.0], [0.0, 0.0, 0.9584410000000002]]
3	[[0.04673222253661188, -0.9725397674033924, -0.22799671093185395], [-0.8377629715199755, -0.16246744520517667, 0.5213036857710898], [-0.5440306084466285, 0.16664552219444034, -0.8223502702654952]]	0.555956602950969	0.444043397049031	[[0.02598108768980341, -0.5406899053203155, -0.12675627689366759], [-0.4657598557243549, -0.09032484892639268, 0.2898222262471145], [-0.3024574089733363, 0.09264767841621137, -0.457191062692616]]	0.7517477200447006	0.37887823543768545	[[-0.018303182364162764, -0.8153013697330455, -0.12120402038690095], [-0.6521750659155651, -0.12269385373317604, 0.23490996263481775], [-0.27870166124073276, 0.017281834951469937, -0.6181999407502294]]	[[-0.05343402410868219, -0.08419681693474172, 0.05019198723381094], [-0.022388662137550093, -0.0005593222186972766, -0.156978894594498], [0.1302721082935515, -0.10799355641385913, 0.0]]	0.6241622956808883	[[1.873563524777263e-16, -0.9383137390000003, 0.0], [-1.0, -1.7938038903913487e-16, 0.0], [0.0, 0.0, -0.9383137390000003]]
3	[[0.08740825448676931, -0.06334395238859675, -0.994156597696443], [0.7119981850616444, -0.6940087028176986, 0.10681996481098455], [-0.6967197295301035, -0.717174639895393, -0.015561310176609944]]	0.8162622818985134	0.1837377181014868	[[0.07134806126413629, -0.05170527912118677, -0.8114925330001608], [0.5811772632460179, -0.5664931274194016, 0.08719310822893314], [-0.5687060362699574, -0.5854026080807581, -0.0127021105540902]]	0.9048863788777441	0.14819713057391323	[[0.05588417607073264, -0.029440704211887516, -0.8705762009977608], [0.6338739261218536, -0.6377168744517493, 0.06729989358839666], [-0.6364080568562726, -0.6284803242493494, 0.025493435956807656]]	[[-0.02321036281582438, 0.02787837548883403, 0.029022562729191646], [-0.010403533326103671, -0.009717852449401572, -0.029360037561263205], [-0.005955863709095874, 0.020481238668542717, 0.03957465357311361]]	0.14207904431036752	[[0.0, 0.0, -0.9383137390000003], [0.7071067811865475, -0.7071067811865476, 0.0], [-0.6634880077274045, -0.6634880077274043, 0.0]]
3	[[-0.30792515101507295, 0.09349718223056193, 0.9468053539599837], [0.3027085282091916, -0.9338174967034747, 0.1906631317268273], [0.9019698710720718, 0.34531602882779927, 0.2592434992682147]]	0.7135609804116116	0.2864390195883884	[[-0.21972337265170902, 0.06671594101816294, 0.675603356630649], [0.21600099416790677, -0.6663357284732484, 0.13604977120334316], [0.6436105055039225, 0.24640404408220884, 0.18498604550316422]]	0.8495590707029722	0.2617687870868805	[[-0.25658170786871204, 0.07896722609480923, 0.7436413059714865], [0.24368089826162712, -0.8497650659357198, 0.11901831709858589], [0.6803110949240257, 0.2645691765449919, 0.17761448177390285]]	[[0.0050188972737257, -0.00046415315433340557, -0.06072577067535578], [-0.013487877657638061, -0.05643194123013977, -0.04296127590857589], [-0.08596559054604322, -0.028797188004794035, -0.04262818455018829]]	0.46960574245840897	[[0.0, 0.0, 0.9790000000000001], [0.0, -1.0, 0.0], [0.9790000000000001, 0.0, 0.0]]
3	[[0.5319609947059123, -0.8460851799387872, 0.03402011756955908], [-0.703274286200726, -0.4190807785627857, 0.5742617690636116], [-0.47161719485230363, -0.3294103357928521, -0.8179645788128509]]	0.5154853751268255	0.4845146248731745	[[0.2742181129088165, -0.4361445363699934, 0.017536873067202877], [-0.3625276092392317, -0.21603001234587976, 0.2960235434467503], [-0.2431117666047009, -0.16980621051683192, -0.42164877774979825]]	0.7175889173401949	0.4917677680176534	[[0.4855142241968932, -0.6100297527327008, 0.11094880723559322], [-0.41535176435643695, -0.2312268300008618, 0.2917550168301105], [-0.29972784590682555, -0.06181814836271612, -0.5011663554961494]]	[[0.10378490993866446, -0.0028884044828424785, 0.08653634790106714], [0.08931006927154042, 0.06950089216609352, -0.12032886430211154], [0.03869942634625888, 0.1745630578595467, 0.08579596103679274]]	0.6577396018168137	[[0.677720130467216, -0.6777201304672159, 0.0], [-0.7071067811865475, -0.7071067811865476, 0.0], [0.0, 0.0, -0.9584410000000002]]
3	[[-0.8305561570912853, 0.32773595720904825, 0.4502950280316503], [-0.5100865793185324, -0.772219296347621, -0.37879947194723407], [0.22358030216652452, -0.5443036842615101, 0.808545204538665]]	0.525872171234366	0.474127828765634	[[-0.4367663696616653, 0.17234721940909548, 0.23679762408704358], [-0.2682403369837474, -0.40608863803939776, -0.1992001007753233], [0.11757465894554589, -0.28623416025346515, 0.4251914222518824]]	0.7533831028507649	0.44936998838116127	[[-0.5313536589983361, 0.1491629273067881, 0.24979945274085816], [-0.5533516003721912, -0.5988778416778188, -0.29066523232033786], [0.23296432224935126, -0.3387846789206256, 0.48016835561219146]]	[[0.09437331572290374, -0.0977478050511302, -0.08944521267589867], [-0.1690609905226627, -0.017100872114213583, -0.005284110786499362], [0.06452270046682351, 0.07128451962141391, -0.12897593937825433]]	0.6803785185132547	[[-0.6634880077274045, 0.6634880077274043, 0.0], [-0.7071067811865475, -0.7071067811865476, 0.0], [0.0, 0.0, 0.9383137390000003]]
