3	[[0.8489524140446696, -0.5135124485683378, 0.12483895166604869], [0.522794976890395, 0.7815435453534784, -0.34040431673891397], [0.0772347773085365, 0.35425224329800037, 0.9319550081910795]]	0.7401874997123178	0.25981250028768244	[[0.6283839647264603, -0.38009549537694814, 0.09240423150039946], [0.38696630680666033, 0.5784887627514913, -0.2519630200982566], [0.0571682167068433, 0.26221308223422657, 0.6898214473573278]]	0.8657663102656019	0.20301974003710904	[[0.7235440047340308, -0.4318582456686447, 0.053241151825003], [0.4714353642675424, 0.6266847939148535, -0.2689832947599371], [0.03426372088660083, 0.25949413003568284, 0.7827290453713285]]	[[-0.011450394364498347, 0.012723532203819676, -0.0548402067363378], [0.018817086099754562, -0.04994927765772446, 0.025727294541595738], [-0.03260354728799625, -0.04720552754773917, -0.024126203403811254]]	0.43882003758753685	[[0.68122667299512, -0.6812266729951199, 0.0], [0.7071067811865475, 0.7071067811865476, 0.0], [0.0, 0.0, 0.9634]]
3	[[-0.42203838922340475, -0.825029846081567, 0.3757783270710803], [0.2588054115689476, 0.28760896992378115, 0.9221175843470338], [-0.8688517462515349, 0.4864224845687207, 0.09214016247897017]]	0.4432353599448082	0.5567646400551919	[[-0.1870623373579629, -0.3656824007931731, 0.16655824205880804], [0.11471170975242673, 0.12747846530752263, 0.4087151194094946], [-0.3851058164884743, 0.21559964503306486, 0.040839778081739456]]	0.641146791368949	0.6081862256821847	[[-0.11474772877816916, -0.37312440829187815, 0.33714303867681766], [0.1369594386752065, 0.0933359909649765, 0.6432441880406425], [-0.49661965884352766, 0.18205587619223068, -0.03105793981528244]]	[[0.15584083030693646, 0.15584083030693646, 0.09621397000920304], [-0.02897282054114453, -0.09106357727058437, 0.05203145757165573], [0.060441850440952224, -0.12981233903871678, -0.09013330934488778]]	0.6716751491315821	[[0.0, -0.6322734245339545, 0.6322734245339546], [0.0, 0.7071067811865476, 0.7071067811865475], [-0.8941696521040001, 0.0, 0.0]]
3	[[-0.30792515101507295, 0.09349718223056193, 0.9468053539599837], [0.3027085282091916, -0.9338174967034747, 0.1906631317268273], [0.9019698710720718, 0.34531602882779927, 0.2592434992682147]]	0.6851586390981899	0.31484136090181014	[[-0.21097757741359197, 0.06406040213660728, 0.6487118678101024], [0.2074033632312257, -0.6398131252074312, 0.13063449186015194], [0.6179924493713106, 0.2365962603704463, 0.17762292315366254]]	0.8365254173645774	0.27497343710140937	[[-0.24253131167772043, 0.07485228660867708, 0.7322031591690067], [0.24573857571936225, -0.8491746852912878, 0.11838594459960153], [0.6699121766353876, 0.2562408537428379, 0.16767902506904336]]	[[0.015055903792213981, -0.0033604827791556763, -0.0598235847153851], [-0.007484802180648771, -0.06801261411906873, -0.04110861124422009], [-0.08460854621345143, -0.03262478139501528, -0.049184751355353454]]	0.47252190403796973	[[0.0, 0.0, 0.9634], [0.0, -1.0, 0.0], [0.9634, 0.0, 0.0]]
3	[[-0.5446221603179724, 0.8109226453022452, -0.2139887049042392], [-0.8354447797583356, -0.5021691245819775, 0.22328947644507607], [0.07361197229480154, 0.30038414347728, 0.9509735242804028]]	0.59330414338261	0.40669585661738994	[[-0.32312658429464114, 0.48112376542060875, -0.12696038525676379], [-0.4956728493979926, -0.29793902229330527, 0.13247857154859732], [0.04367428816507167, 0.1782191569315066, 0.5642165322027262]]	0.773910691758592	0.32860230768792587	[[-0.47990604357623873, 0.5803614257309829, -0.11136394248180813], [-0.6736698780131051, -0.4125130385893877, 0.04828663053317321], [0.13722120950000094, 0.11568021642038154, 0.7359685780199525]]	[[-0.058417130737497935, -0.04722027965758494, 0.05424420415915676], [-0.027110230584226926, -0.023878984004342938, -0.1245194826448494], [0.08025211709961677, -0.11679028385143234, 0.0]]	0.4024702487470047	[[-0.6562937767634986, 0.6562937767634985, 0.0], [-0.7071067811865475, -0.7071067811865476, 0.0], [0.0, 0.0, 0.9281395600000001]]
3	[[0.3802729664721569, 0.7767473726770865, -0.5020517802076895], [0.4287143634067757, 0.332951791095048, 0.839849450446521], [0.8195098935212374, -0.5346088512602871, -0.20639019011321075]]	0.5365474618424809	0.4634525381575193	[[0.20403449496794668, 0.4167618313027063, -0.26937460838393484], [0.2300256035413205, 0.17864443842795605, 0.45061909096688335], [0.4397059533236218, -0.28684302222223146, -0.11073813265443036]]	0.6948804453724109	0.45674933010913843	[[0.20342544009614727, 0.45873211181860674, -0.29502056759698647], [0.3397827913636591, 0.20953414126208714, 0.485213264021282], [0.5685135767573564, -0.28257148660346665, -0.06580568831728725]]	[[-0.060818808209113014, -0.08101444844909715, 0.05384539703374455], [0.04187756358200916, -0.021827547621581633, -0.09838169615077108], [-0.0009478230397782159, 0.08891775006031465, 0.07761081890907716]]	0.6916551488691053	[[0.0, 0.6322734245339545, -0.6322734245339546], [0.0, 0.7071067811865476, 0.7071067811865475], [0.8941696521040001, 0.0, 0.0]]
3	[[0.22433838825039393, -0.7661379269479729, -0.6022499185961573], [-0.9416906372873723, -0.011392912655017143, -0.3362869982418849], [0.2507808429735371, 0.642575192824231, -0.724020780340167]]	0.48694639785563587	0.5130536021443641	[[0.10924077005926841, -0.3730681037878996, -0.29326342846924863], [-0.4585528637214641, -0.005547737778444539, -0.16375374243957042], [0.12211682813716372, 0.3128996754971499, -0.35255931095927096]]	0.6926994999465442	0.526134524061672	[[0.2897197188677917, -0.39992461725314143, -0.3384423566694805], [-0.6763661695982415, -0.02868436385001072, -0.03915350025243665], [0.28938322047936493, 0.2990804748282201, -0.4849205823957259]]	[[0.13432062950793017, 0.13077874163380143, 0.07873586078492463], [-0.024057536044935844, -0.020792498950945704, 0.19379233526824138], [0.11566745595542292, -0.14603103991917898, 0.0166082500968145]]	0.7357183867530157	[[1.7854194983122048e-16, -0.8941696521040001, 0.0], [-1.0, -1.7938038903913487e-16, 0.0], [0.0, 0.0, -0.8941696521040001]]
3	[[-0.8305561570912853, 0.32773595720904825, 0.4502950280316503], [-0.5100865793185324, -0.772219296347621, -0.37879947194723407], [0.22358030216652452, -0.5443036842615101, 0.808545204538665]]	0.5071856334388585	0.49281436656114136	[[-0.42124615064088755, 0.1662229690577618, 0.2283831690266011], [-0.2587085848403304, -0.3916585329717778, -0.19212165012586302], [0.11339671717878015, -0.2760630088852784, 0.4100825117278942]]	0.7364794772727983	0.4677468209687036	[[-0.5093386729217091, 0.13521390769589203, 0.25101561119426974], [-0.553577238784568, -0.5933462269331252, -0.2874178516152029], [0.22341992546551787, -0.33208585604414836, 0.45889308907218385]]	[[0.10234889149858478, -0.10615689875292797, -0.08061743566902017], [-0.17790894148418565, -0.024622563219061068, -0.008439814524291895], [0.05875762139742158, 0.06878263681842692, -0.13658386051787993]]	0.6805030549324428	[[-0.6562937767634986, 0.6562937767634985, 0.0], [-0.7071067811865475, -0.7071067811865476, 0.0], [0.0, 0.0, 0.9281395600000001]]
3	[[0.8787972042104137, -0.3840163418041313, 0.28327887866788265], [-0.395223040501579, -0.9183905790867732, -0.018907472103605397], [0.2674214316928388, -0.09534250611366366, -0.9588511794847616]]	0.6538299762249093	0.3461700237750907	[[0.5745839551354117, -0.2510813956317719, 0.1852162225044407], [-0.2584086711746838, -0.6004712904894857, -0.012362272035973444], [0.17484814832575998, -0.06233778850551998, -0.626925643885748]]	0.8289520544705389	0.3125778569298959	[[0.5984705071906672, -0.25876964520923357, 0.23959453174096212], [-0.34295034834727467, -0.8492435738866891, -0.021007860190377734], [0.21493385501560625, -0.0790343663212914, -0.6975799740683193]]	[[-0.13001024070252096, 0.05956149027956178, 0.004769923281110277], [-0.015329396949397698, -0.08794181654632052, -0.005334472345249636], [-0.006745690195625327, 0.0, 0.0972616810970732]]	0.4839620651381229	[[0.6562937767634986, -0.6562937767634985, 0.0], [-0.7071067811865475, -0.7071067811865476, 0.0], [0.0, 0.0, -0.9281395600000001]]
3	[[0.034229894132735264, 0.2773841392786001, 0.9601491309293217], [-0.1827544195208179, -0.9427759796974285, 0.2788803941677556], [0.9825625356654255, -0.18501754344446375, 0.018422055382213542]]	0.8435051456464737	0.15649485435352625	[[0.028873091835896238, 0.23397494880221734, 0.8098907325268727], [-0.15415429325544425, -0.7952363900666766, 0.2352370475004187], [0.8287965547532333, -0.15606324993027515, 0.015539098508281439]]	0.9096126321227725	0.13725506271082333	[[0.00907687273270982, 0.23158924850514492, 0.8448069261763502], [-0.16552715896910275, -0.8261863374430274, 0.2540961425016812], [0.8772405847871818, -0.15704723379931948, 0.0]]	[[-0.022059071366651358, -0.02072286853317227, -0.028556852038662477], [0.0007085696032978483, 0.031374602951676364, 0.0004230131153127488], [-0.01651070950467148, 0.011247060882088633, -0.016756934285326753]]	0.3540747550238045	[[0.0, 0.0, 0.9634], [0.0, -1.0, 0.0], [0.9634, 0.0, 0.0]]
3	[[0.8592155572171323, 0.2624339665249735, -0.4391776855101157], [-0.4266000482917053, 0.8413623931712975, -0.33184593135155627], [0.2824199444684594, 0.4724804086637203, 0.8348660002631537]]	0.5709820300788175	0.42901796992118246	[[0.4905966431351406, 0.14984507896806587, -0.2507625664378823], [-0.24358096160531947, 0.4804028072849197, -0.1894780635565075], [0.16125671322734786, 0.2697778229112804, 0.4766934836740382]]	0.7865199853161426	0.37925746223670875	[[0.5503989475681188, 0.20654075416119494, -0.2845235356894492], [-0.32455144443962125, 0.752932581837644, -0.27192206730844326], [0.2437212599461386, 0.3416498677997785, 0.5352371960421204]]	[[-0.12539125987770133, 0.00013119466351568104, 0.060898491069144446], [0.01097801927863647, 0.0911842447150004, -0.010918610254595632], [0.021592329369820137, -0.029965416284575892, -0.12140159822580199]]	0.6537045902938553	[[0.8941696521040001, 0.0, 0.0], [0.0, 0.7071067811865476, -0.7071067811865475], [0.0, 0.6322734245339545, 0.6322734245339546]]
3	[[0.08740825448676931, -0.06334395238859675, -0.994156597696443], [0.7119981850616444, -0.6940087028176986, 0.10681996481098455], [-0.6967197295301035, -0.717174639895393, -0.015561310176609944]]	0.767015645967362	0.23298435403263817	[[0.06704349877804892, -0.04858580255946536, -0.762533664974852], [0.5461137478426465, -0.5323155334986879, 0.08193258431170818], [-0.5343949334037383, -0.550084169690775, -0.011935768377210965]]	0.8845804128917002	0.18234429193440352	[[0.04566228443240526, -0.031516438819198536, -0.8355824729263426], [0.6358531000253702, -0.638289366486833, 0.0699295437909625], [-0.6131315204547478, -0.5995729822630931, 0.02920836163355812]]	[[-0.031657345411643945, 0.02451638073889857, 0.04382898074298476], [0.006033451505399613, -0.02438286159792011, -0.02456130478661508], [0.003173105562784665, 0.03482565681102996, 0.042973591814719575]]	0.1709780721421847	[[0.0, 0.0, -0.8941696521040001], [0.7071067811865475, -0.7071067811865476, 0.0], [-0.6322734245339546, -0.6322734245339545, 0.0]]
3	[[0.5319609947059123, -0.8460851799387872, 0.03402011756955908], [-0.703274286200726, -0.4190807785627857, 0.5742617690636116], [-0.47161719485230363, -0.3294103357928521, -0.8179645788128509]]	0.5013707386675531	0.498629261332447	[[0.2667096768580295, -0.4242023516415793, 0.01705669147540683], [-0.3526011483583541, -0.21011483950939705, 0.2879180473439587], [-0.23645506135141883, -0.16515670338118899, -0.41010350508329296]]	0.7044755332317435	0.5119983106426456	[[0.45241999456265597, -0.5904745939532196, 0.10970717588529663], [-0.4029046025448804, -0.218160423052036, 0.30420217864166704], [-0.3062096124462376, -0.055485462820059075, -0.4733621037390927]]	[[0.0776664891587197, 0.005571714343633365, 0.08574083541987484], [0.0925349252345499, 0.07707173189315668, -0.10035118733402515], [0.02603316237859811, 0.17657605913965813, 0.10287392908476892]]	0.6685798944395837	[[0.6562937767634986, -0.6562937767634985, 0.0], [-0.7071067811865475, -0.7071067811865476, 0.0], [0.0, 0.0, -0.9281395600000001]]
3	[[-0.3195682178843842, -0.5708200961323295, -0.7563336379995778], [0.910087742671785, 0.03735879733279218, -0.41272826520656647], [0.2638493031197415, -0.8202248094963509, 0.507557688474819]]	0.4522632872820035	0.5477367127179965	[[-0.14452897273124313, -0.2581609731234366, -0.3420619374036459], [0.4115992742157995, 0.016896012490630725, -0.18666184197652033], [0.11932935317600002, -0.3709575686530748, 0.22954970867487667]]	0.6572572163396992	0.5643960432729289	[[-0.26838447345849276, -0.2683844734584927, -0.45183372236781016], [0.6062092111569833, -0.0646768810863069, -0.05910442811282953], [0.2549466312188013, -0.40971423414651276, 0.3267035763719077]]	[[-0.058345956141163904, 0.10679115395620173, 0.04527201916787008], [0.00804747478364541, -0.08923122022705689, 0.21216420258155147], [0.08152977271715048, 0.12938444091581883, -0.006892377086864075]]	0.9165471783762928	[[0.0, 0.0, -0.8941696521040001], [0.7071067811865475, 0.7071067811865476, 0.0], [0.6322734245339546, -0.6322734245339545, 0.0]]
3	[[0.04673222253661188, -0.9725397674033924, -0.22799671093185395], [-0.8377629715199755, -0.16246744520517667, 0.5213036857710898], [-0.5440306084466285, 0.16664552219444034, -0.8223502702654952]]	0.5423445434596579	0.457655456540342	[[0.025344965896473948, -0.5274516361487547, -0.12365277210063991], [-0.4543561763164075, -0.08811333239685853, 0.2827262094633586], [-0.2950520319660666, 0.09037928965414002, -0.4459971818910663]]	0.7407930085135151	0.39725780963367624	[[-0.014653177363102706, -0.7899661633044233, -0.10984704623169475], [-0.6569883482985218, -0.12875223942227906, 0.23519273643502747], [-0.2778058858825754, 0.008121215208784343, -0.5972186334757961]]	[[-0.049272081090522626, -0.06951550311063015, 0.05905132319069958], [-0.03637939620501686, -0.008397491903231469, -0.15098538929652233], [0.1252081852720408, -0.1153286225329409, 0.011972697286082419]]	0.6385686627354624	[[-1.7854194983122048e-16, -0.8941696521040001, 0.0], [-1.0, 1.7938038903913487e-16, 0.0], [0.0, 0.0, -0.8941696521040001]]
