3	[[-0.5446221603179724, 0.8109226453022452, -0.2139887049042392], [-0.8354447797583356, -0.5021691245819775, 0.22328947644507607], [0.07361197229480154, 0.30038414347728, 0.9509735242804028]]	0.5336908528015801	0.46630914719842	[[-0.2906598651947375, 0.4327819981274686, -0.1142038144102491], [-0.4458692369778543, -0.26800306834877846, 0.11916755110559099], [0.03928603627041892, 0.16031226970046175, 0.5075258711649323]]	0.7390748076429604	0.37297601187312535	[[-0.4685745732821231, 0.5387227160658862, -0.08322833074738423], [-0.680382242041328, -0.46526890164301543, 0.038390257081923174], [0.09899595701222799, 0.0834100377438328, 0.702840574531087]]	[[-0.06605805490702409, -0.060609782024191206, 0.07492533016748257], [-0.06292605214512079, -0.09412835248835655, -0.12663736977041876], [0.044591202748228594, -0.1385963153156333, 0.0]]	0.4348178200049262	[[-0.5995364933265405, 0.5995364933265404, 0.0], [-0.7071067811865475, -0.7071067811865476, 0.0], [0.0, 0.0, 0.8478726400000001]]
3	[[0.04673222253661188, -0.9725397674033924, -0.22799671093185395], [-0.8377629715199755, -0.16246744520517667, 0.5213036857710898], [-0.5440306084466285, 0.16664552219444034, -0.8223502702654952]]	0.5054837006547684	0.49451629934523156	[[0.023622376787628768, -0.4916030006609944, -0.11524862117894906], [-0.4234755271154525, -0.08212464543823852, 0.26351051624854094], [-0.27499860522706704, 0.08423659525639206, -0.4156846578482515]]	0.6999052442358795	0.4655641774804684	[[-1.0449706275324657e-16, -0.7053358716553518, -0.10828860634014284], [-0.6703286845608607, -0.13870331237026795, 0.23311282270970468], [-0.25738136090020625, 0.0, -0.5233397660117939]]	[[-0.032708127628172816, -0.024650188221774918, 0.051287487309593614], [-0.083973987367396, -0.024991495453559505, -0.13175036080097402], [0.12338851497642543, -0.11663607491231545, 0.05222750074581911]]	0.6808111741526672	[[1.5588929007521689e-16, -0.7807211269120001, 0.0], [-1.0, -1.7938038903913487e-16, 0.0], [0.0, 0.0, -0.7807211269120001]]
3	[[0.08740825448676931, -0.06334395238859675, -0.994156597696443], [0.7119981850616444, -0.6940087028176986, 0.10681996481098455], [-0.6967197295301035, -0.717174639895393, -0.015561310176609944]]	0.635274507870014	0.36472549212998606	[[0.05552823585285931, -0.04024079818020739, -0.6315623433473353], [0.4523142966193792, -0.44088603714002017, 0.06786000057599043], [-0.4426082833005658, -0.4556027664164003, -0.009885703664258526]]	0.8246191487249885	0.28208061047773986	[[0.03729372757277075, -0.029205011191474433, -0.7313302876144626], [0.635921748608111, -0.6395521915810781, 0.07118503257843646], [-0.5377796671174153, -0.522848191863604, 0.026370647662429927]]	[[-0.03478479283364612, 0.02302962490408642, 0.08847027967730901], [0.04879441134884103, -0.06725932585581386, -0.01690075587083087], [0.036748763147602684, 0.06854774917408513, 0.039202802013311513]]	0.2595291750399921	[[0.0, 0.0, -0.7807211269120001], [0.7071067811865475, -0.7071067811865476, 0.0], [-0.5520532030550785, -0.5520532030550784, 0.0]]
3	[[0.034229894132735264, 0.2773841392786001, 0.9601491309293217], [-0.1827544195208179, -0.9427759796974285, 0.2788803941677556], [0.9825625356654255, -0.18501754344446375, 0.018422055382213542]]	0.7664492594492156	0.2335507405507844	[[0.026235477009059992, 0.21260086813304113, 0.7359055903615865], [-0.14007198950280214, -0.7225899514656031, 0.21374767158478167], [0.753084327823309, -0.1418065591581223, 0.014119570705230004]]	0.8734514032399018	0.1947433475612268	[[0.009207318030679692, 0.21301357176665842, 0.7867701047508806], [-0.16811445674848005, -0.8238902951174532, 0.25705198124448775], [0.8162893925033072, -0.14556150292454603, 0.0]]	[[-0.020690831032311206, -0.029267993922727234, -0.05187350097890771], [-0.008487352569727965, -0.0004212927098608196, 0.013463509622564651], [-0.04193123304461491, 0.016042330021020297, -0.0160907701241576]]	0.3735654454126076	[[0.0, 0.0, 0.9208000000000001], [0.0, -1.0, 0.0], [0.9208000000000001, 0.0, 0.0]]
3	[[0.8787972042104137, -0.3840163418041313, 0.28327887866788265], [-0.395223040501579, -0.9183905790867732, -0.018907472103605397], [0.2674214316928388, -0.09534250611366366, -0.9588511794847616]]	0.5812694562066054	0.41873054379339475	[[0.5108179730072723, -0.2232169701749373, 0.1646613597580971], [-0.22973108183267402, -0.5338323924910381, -0.010990336027904272], [0.15544391017808826, -0.05541968668206423, -0.5573509036821694]]	0.7967727056693922	0.35994906985038067	[[0.5574604418459992, -0.23674803788801002, 0.22723687225461237], [-0.345502952598415, -0.8472287976887753, -0.023319355961387553], [0.20396036369081919, -0.07596630656148436, -0.6473349241070665]]	[[-0.14274118428742955, 0.06922570179252983, 0.0015279936394120095], [-0.030600021275088107, -0.11548025112852692, -0.008254398256029326], [-0.009113733993066487, 0.0, 0.11665152450529505]]	0.5091296618461547	[[0.5995364933265405, -0.5995364933265404, 0.0], [-0.7071067811865475, -0.7071067811865476, 0.0], [0.0, 0.0, -0.8478726400000001]]
3	[[-0.42203838922340475, -0.825029846081567, 0.3757783270710803], [0.2588054115689476, 0.28760896992378115, 0.9221175843470338], [-0.8688517462515349, 0.4864224845687207, 0.09214016247897017]]	0.4056545920314471	0.594345407968553	[[-0.17120181060202933, -0.33467714562598566, 0.1524362039622788], [0.10498560364553222, 0.1166698993590161, 0.37406123248331946], [-0.35245370066147674, 0.1973195145326473, 0.037377080020117893]]	0.5995488365431584	0.6405562901777041	[[-0.09140307189554893, -0.3330161309916925, 0.28720123650332907], [0.15546594269666292, 0.08324986442147377, 0.6212718432347542], [-0.44252322757856816, 0.16942083600771862, -0.028432701358898693]]	[[0.16162955333989204, 0.161629553339892, 0.06190377770972845], [0.0002994592994271239, -0.08918575887570546, 0.06841731838350222], [0.07839582601503121, -0.12221319868389029, -0.08367522857206285]]	0.7023308683747471	[[0.0, -0.5520532030550784, 0.5520532030550785], [0.0, 0.7071067811865476, 0.7071067811865475], [-0.7807211269120001, 0.0, 0.0]]
3	[[-0.30792515101507295, 0.09349718223056193, 0.9468053539599837], [0.3027085282091916, -0.9338174967034747, 0.1906631317268273], [0.9019698710720718, 0.34531602882779927, 0.2592434992682147]]	0.6047645042646314	0.39523549573536876	[[-0.18622220130424236, 0.056543777061805675, 0.5725942705227086], [0.18306737299910794, -0.5647396754675159, 0.11530629434031682], [0.5454793619405349, 0.20883487698867517, 0.1567812663187702]]	0.8004897001122601	0.29967100809645647	[[-0.17767414062036646, 0.07290736551284037, 0.7298725332673595], [0.26103032480609767, -0.8371742405768614, 0.132065831896942], [0.6709953125090031, 0.24524876997480988, 0.10476677510752612]]	[[0.06881677117271162, -0.0019361658522434877, -0.02803540058875], [0.0187152658384983, -0.08966295268111572, -0.020558041241530364], [-0.051022279095773476, -0.031173154385511694, -0.10275497587773998]]	0.4822652246488605	[[0.0, 0.0, 0.9208000000000001], [0.0, -1.0, 0.0], [0.9208000000000001, 0.0, 0.0]]
3	[[0.22433838825039393, -0.7661379269479729, -0.6022499185961573], [-0.9416906372873723, -0.011392912655017143, -0.3362869982418849], [0.2507808429735371, 0.642575192824231, -0.724020780340167]]	0.42824798868321146	0.5717520113167885	[[0.09607246355266456, -0.3280970262693946, -0.25791231632343226], [-0.40327712138012883, -0.004878991929754644, -0.14401423061740187], [0.10739639160369756, 0.2751815339047037, -0.3100604429455258]]	0.6467013466867376	0.5653064890189823	[[0.26693078199450204, -0.38848495977254843, -0.26441722932893674], [-0.6836736603825037, -0.04900835859927658, -0.04043979964122217], [0.24086834279188246, 0.2408683427918824, -0.4674791039415367]]	[[0.12185084419944012, 0.106977469332491, 0.12505860406917638], [-0.07468105708646781, -0.041640546642592674, 0.17703745499504536], [0.07868803391766076, -0.1746858997550379, 0.0007461097336319486]]	0.7318119374198004	[[1.5588929007521689e-16, -0.7807211269120001, 0.0], [-1.0, -1.7938038903913487e-16, 0.0], [0.0, 0.0, -0.7807211269120001]]
3	[[0.3802729664721569, 0.7767473726770865, -0.5020517802076895], [0.4287143634067757, 0.332951791095048, 0.839849450446521], [0.8195098935212374, -0.5346088512602871, -0.20639019011321075]]	0.4975613135453302	0.50243868645467	[[0.18920911670366566, 0.3864794430420952, -0.24980154322790937], [0.21331168179242535, 0.16566393052452244, 0.41787659574449476], [0.4077564190838206, -0.26600068226602847, -0.10269177409559957]]	0.6503114480666679	0.5174464005072431	[[0.12381466460794543, 0.411931495339485, -0.24012670099499916], [0.3015800306730124, 0.145982605272367, 0.46937818020560557], [0.5650270211836513, -0.27283798722321373, -0.09100478180770072]]	[[-0.12348119887917038, -0.09319621336813089, 0.08636331919631178], [0.022782172198972446, -0.07053975613104432, -0.07678553207226672], [0.03209035562289457, 0.0748242689891214, 0.04321312159157624]]	0.7254880591248445	[[0.0, 0.5520532030550784, -0.5520532030550785], [0.0, 0.7071067811865476, 0.7071067811865475], [0.7807211269120001, 0.0, 0.0]]
3	[[0.8489524140446696, -0.5135124485683378, 0.12483895166604869], [0.522794976890395, 0.7815435453534784, -0.34040431673891397], [0.0772347773085365, 0.35425224329800037, 0.9319550081910795]]	0.6760724670081779	0.32392753299182214	[[0.5739533529357278, -0.34717162794300627, 0.0844001780315802], [0.3534472897657728, 0.5283800727814438, -0.23013798619791076], [0.05221630643380951, 0.23950018806966034, 0.6300691215283697]]	0.8272993348565587	0.2598278057040149	[[0.6620399729573841, -0.41026119600246735, 0.04915542687563442], [0.4764940107040119, 0.6267109028240161, -0.2639138336591937], [0.028008625078395046, 0.22718990741931122, 0.7302228029673778]]	[[-0.040297794506640956, 0.014567311138681283, -0.054123754801877755], [0.0439860740562381, -0.019859552408353194, 0.017702431161211164], [-0.03588765481675164, -0.06588273783256836, -0.040782955425340946]]	0.454241637062563	[[0.651103924116573, -0.6511039241165729, 0.0], [0.7071067811865475, 0.7071067811865476, 0.0], [0.0, 0.0, 0.9208000000000001]]
3	[[0.8592155572171323, 0.2624339665249735, -0.4391776855101157], [-0.4266000482917053, 0.8413623931712975, -0.33184593135155627], [0.2824199444684594, 0.4724804086637203, 0.8348660002631537]]	0.5042626781795756	0.4957373218204245	[[0.4332703380158676, 0.13233565480517223, -0.2214609158920383], [-0.21511848286311158, 0.4242676537001354, -0.16733751808633135], [0.1424138375689924, 0.23825423626014797, 0.4209917652137682]]	0.7443562245469656	0.4511554156407451	[[0.4662546903589526, 0.18867654141787868, -0.28663707880732214], [-0.35323343164750887, 0.7495504570185363, -0.2514052517084842], [0.23866985364313284, 0.31208051696623273, 0.4631063152002559]]	[[-0.17330775788320918, -0.006667815097535348, 0.04026756508426219], [-0.035691030309541905, 0.12327712256174979, -0.004393667116368261], [0.02844881004182669, -0.03961321619910152, -0.15833138875825106]]	0.6892446346638267	[[0.651103924116573, 0.6511039241165729, 0.0], [-0.7071067811865475, 0.7071067811865476, 0.0], [0.0, 0.0, 0.9208000000000001]]
3	[[-0.3195682178843842, -0.5708200961323295, -0.7563336379995778], [0.910087742671785, 0.03735879733279218, -0.41272826520656647], [0.2638493031197415, -0.8202248094963509, 0.507557688474819]]	0.4095247677044315	0.5904752322955684	[[-0.13087110019482162, -0.23376496726961354, -0.3097373574088248], [0.37270347140831317, 0.015299352799428692, -0.16902244693377214], [0.10805282456908825, -0.3359023745744047, 0.20785744446924842]]	0.6161037586151217	0.6052653945261335	[[-0.26716826436206215, -0.2671682643620621, -0.36638738329578924], [0.6098506259204154, -0.09768406089727139, -0.056971336730636625], [0.21671418968037298, -0.3350049384081504, 0.33335425668248303]]	[[-0.07028108418955689, 0.08451614235811122, 0.09959261384279935], [0.049142146990776917, -0.12070095635134517, 0.19731209874982772], [0.05415564232031968, 0.1703386496319235, 0.020646057099144063]]	0.942037571388063	[[0.0, 0.0, -0.7807211269120001], [0.7071067811865475, 0.7071067811865476, 0.0], [0.5520532030550785, -0.5520532030550784, 0.0]]
3	[[-0.8305561570912853, 0.32773595720904825, 0.4502950280316503], [-0.5100865793185324, -0.772219296347621, -0.37879947194723407], [0.22358030216652452, -0.5443036842615101, 0.808545204538665]]	0.45866423016144775	0.5413357698385521	[[-0.3809464003981248, 0.1503207605095133, 0.2065342223776644], [-0.23395846821882096, -0.3541893690750964, -0.17374176818624104], [0.10254828717247284, -0.24965263031584525, 0.37085076379045706]]	0.688827442964132	0.5242946415028087	[[-0.4424818020016294, 0.10827135704464366, 0.2472086390410672], [-0.5441688439233313, -0.5957361598587223, -0.27192813928471266], [0.20377930888024795, -0.30915182451595646, 0.3993917092616385]]	[[0.12962807192567666, -0.11748216432706725, -0.06296693369743665], [-0.19280720980102573, -0.0638103165480292, -0.01100066762713592], [0.049771061041732845, 0.06577949050985586, -0.1575564165016412]]	0.6858632767415763	[[-0.5995364933265405, 0.5995364933265404, 0.0], [-0.7071067811865475, -0.7071067811865476, 0.0], [0.0, 0.0, 0.8478726400000001]]
3	[[0.5319609947059123, -0.8460851799387872, 0.03402011756955908], [-0.703274286200726, -0.4190807785627857, 0.5742617690636116], [-0.47161719485230363, -0.3294103357928521, -0.8179645788128509]]	0.46227170759889646	0.5377282924011034	[[0.2459105173987096, -0.3911212409044228, 0.015726537841595292], [-0.3251038051924047, -0.19372918712809392, 0.2654649685937989], [-0.21801528599737585, -0.15227707842768762, -0.37812188260322876]]	0.6659369140983209	0.547836610696554	[[0.4000498264415336, -0.5398410332396605, 0.09478576155153146], [-0.4059856674631618, -0.23401583265135767, 0.3011211137233856], [-0.2766440639096348, -0.0394747216776108, -0.4473317251457872]]	[[0.04579736320640514, 0.023598320553097962, 0.07213050943999721], [0.062350640454049096, 0.045065527782665656, -0.08130099665147843], [0.037423235466014816, 0.1798917808123728, 0.09738108231057557]]	0.6989603294096972	[[0.5995364933265405, -0.5995364933265404, 0.0], [-0.7071067811865475, -0.7071067811865476, 0.0], [0.0, 0.0, -0.8478726400000001]]
