3	[[0.3802729664721569, 0.7767473726770865, -0.5020517802076895], [0.4287143634067757, 0.332951791095048, 0.839849450446521], [0.8195098935212374, -0.5346088512602871, -0.20639019011321075]]	0.5551970829196521	0.4448029170803482	[[0.2111264416985442, 0.43124787547582233, -0.27873768384592745], [0.23802096396919753, 0.184853863168844, 0.4662819649795814], [0.45498950230678564, -0.29681327472273755, -0.11458723149408705]]	0.719676102141765	0.44053498341712133	[[0.22671817072844724, 0.48493380072987746, -0.31648007999331923], [0.33465392602501354, 0.21987054485592683, 0.48868102446000006], [0.6076612057987383, -0.3126405069789916, -0.05406202296482533]]	[[-0.046955195532120755, -0.07407272078722504, 0.04483458825988482], [0.02611844403623701, -0.019746902360476437, -0.11573855442325562], [0.017879519962761187, 0.07210470726649852, 0.094472064576148]]	0.6747159417919119	[[0.0, 0.6840279960098365, -0.6840279960098367], [0.0, 0.7071067811865476, 0.7071067811865475], [0.9673616690000003, 0.0, 0.0]]
3	[[-0.42203838922340475, -0.825029846081567, 0.3757783270710803], [0.2588054115689476, 0.28760896992378115, 0.9221175843470338], [-0.8688517462515349, 0.4864224845687207, 0.09214016247897017]]	0.4660373811005056	0.5339626188994946	[[-0.19668566563755135, -0.38449474879760664, 0.17512674742253548], [0.12061299622223083, 0.134036531124293, 0.4297412640758162], [-0.4049173923876663, 0.22669106081680768, 0.04294076001587434]]	0.6656003702150567	0.5907978897944118	[[-0.13034895865888857, -0.39858022153718653, 0.3701382723444839], [0.1262051110082187, 0.09943867403116428, 0.6562712164331117], [-0.5311954136642609, 0.18928018504525007, -0.032482141327301095]]	[[0.15055994945317575, 0.15055994945317575, 0.12002007872717825], [-0.04605586674573291, -0.09199396282727552, 0.04250941090991217], [0.047112630302759334, -0.13448280076461813, -0.09381066758497911]]	0.657737351359135	[[0.0, -0.6840279960098365, 0.6840279960098367], [0.0, 0.7071067811865476, 0.7071067811865475], [-0.9673616690000003, 0.0, 0.0]]
3	[[-0.3195682178843842, -0.5708200961323295, -0.7563336379995778], [0.910087742671785, 0.03735879733279218, -0.41272826520656647], [0.2638493031197415, -0.8202248094963509, 0.507557688474819]]	0.4795059148880475	0.5204940851119525	[[-0.15323485068579454, -0.27371161243241593, -0.36266645304959283], [0.4363924556782322, 0.017913764294177677, -0.19790564440803135], [0.1265173014850054, -0.39330264769142215, 0.24337691377058068]]	0.6777943610671501	0.5475903392423396	[[-0.25534502351763777, -0.27669265383487684, -0.48686341446116455], [0.5868987895020266, -0.029986404016990216, -0.0741608136940038], [0.29582686773169875, -0.4667328231601239, 0.31071969715092973]]	[[-0.038743487459323794, 0.11020598850742458, 0.025775260460352514], [-0.02995355055724086, -0.05530798618540729, 0.2055840771160342], [0.11699129790564072, 0.08921092752388005, -0.03330004201357977]]	0.9033920175051803	[[0.0, 0.0, -0.9673616690000003], [0.7071067811865475, 0.7071067811865476, 0.0], [0.6840279960098367, -0.6840279960098365, 0.0]]
3	[[-0.30792515101507295, 0.09349718223056193, 0.9468053539599837], [0.3027085282091916, -0.9338174967034747, 0.1906631317268273], [0.9019698710720718, 0.34531602882779927, 0.2592434992682147]]	0.7314200847010948	0.2685799152989053	[[-0.22522264003704204, 0.06838571694639128, 0.6925124521888614], [0.22140709734251068, -0.6830128725342197, 0.13945484395701202], [0.6597188794973703, 0.25257107905387466, 0.1896159021929658]]	0.8577634746963687	0.25207829713349256	[[-0.26356447766144714, 0.08189277182743572, 0.7532558778261509], [0.243062339528187, -0.8497300654725329, 0.11972137442494102], [0.6890773107507459, 0.27075463562579916, 0.18167170583401146]]	[[0.0005624698196459308, 0.0016943039230293503, -0.058879172447690024], [-0.016589979448752915, -0.04873552476789568, -0.04382249594155384], [-0.08459949993147006, -0.025444841129885418, -0.04069789889073791]]	0.4679308655100559	[[0.0, 0.0, 0.9890000000000001], [0.0, -1.0, 0.0], [0.9890000000000001, 0.0, 0.0]]
3	[[-0.5446221603179724, 0.8109226453022452, -0.2139887049042392], [-0.8354447797583356, -0.5021691245819775, 0.22328947644507607], [0.07361197229480154, 0.30038414347728, 0.9509735242804028]]	0.6302331890973747	0.3697668109026254	[[-0.3432389609502974, 0.5110703648601133, -0.13486278392261575], [-0.5265250278618497, -0.3164836488515365, 0.14072443883186342], [0.04639270805510036, 0.18931205669796952, 0.5993350769544078]]	0.7920884605099698	0.3064009672267964	[[-0.467875460308985, 0.5962774997841502, -0.1225465592161944], [-0.6670192276168255, -0.43013530341334205, 0.04600583498134508], [0.09148286862130417, 0.16262706345119113, 0.7455735796343941]]	[[-0.03648653178310824, -0.04604496992597738, 0.04695142461792664], [-0.005273058176954693, -0.03237293460756439, -0.1308591826641124], [0.03317567481121227, -0.07530375031733345, -0.007681575198610478]]	0.3863186383918477	[[-0.6916359919209673, 0.6916359919209671, 0.0], [-0.7071067811865475, -0.7071067811865476, 0.0], [0.0, 0.0, 0.9781210000000002]]
3	[[0.8489524140446696, -0.5135124485683378, 0.12483895166604869], [0.522794976890395, 0.7815435453534784, -0.34040431673891397], [0.0772347773085365, 0.35425224329800037, 0.9319550081910795]]	0.7640282959860905	0.23597170401390982	[[0.6486236662758269, -0.39233804104731196, 0.09538049151410108], [0.399430155343656, 0.5971213831953456, -0.2600785300643418], [0.059009555297906316, 0.2706587377962212, 0.7120399968439333]]	0.8874539747215143	0.1941107208538214	[[0.7633794481089212, -0.4436345605152377, 0.056070013026939834], [0.46660728599010565, 0.6255709355798117, -0.2742727482663106], [0.03922716525689116, 0.28216379129416386, 0.8142606252284097]]	[[0.009973253915554687, 0.0120841030357109, -0.05471881082916208], [0.0026508057842823864, -0.06801299016207674, 0.027820415635999893], [-0.02931514485230057, -0.032218770074659536, -0.012806551052385338]]	0.4304063712906005	[[0.6993286065934956, -0.6993286065934955, 0.0], [0.7071067811865475, 0.7071067811865476, 0.0], [0.0, 0.0, 0.9890000000000001]]
3	[[0.034229894132735264, 0.2773841392786001, 0.9601491309293217], [-0.1827544195208179, -0.9427759796974285, 0.2788803941677556], [0.9825625356654255, -0.18501754344446375, 0.018422055382213542]]	0.8672526215602325	0.1327473784397675	[[0.02968596542234389, 0.2405621219685946, 0.8326918508872333], [-0.15849424943114787, -0.8176249399366115, 0.24185975294373707], [0.8521299349027097, -0.16045694958684542, 0.01597657582475248]]	0.9297416445374077	0.12323536775798487	[[0.010943125593437387, 0.24196079846271706, 0.8804309001363991], [-0.16371752455167682, -0.8277282647952973, 0.2521832349930632], [0.9143744435473558, -0.16454662664053954, 0.0]]	[[-0.020881832469873258, -0.015934787358761936, -0.012259731854991225], [0.0061968700000877485, 0.04880982499895556, -0.007103481309706401], [0.0008451357769377545, 0.007471888469787485, -0.017127752066818422]]	0.3430062305026895	[[0.0, 0.0, 0.9890000000000001], [0.0, -1.0, 0.0], [0.9890000000000001, 0.0, 0.0]]
3	[[0.8787972042104137, -0.3840163418041313, 0.28327887866788265], [-0.395223040501579, -0.9183905790867732, -0.018907472103605397], [0.2674214316928388, -0.09534250611366366, -0.9588511794847616]]	0.7027117407272174	0.29728825927278263	[[0.617541113116912, -0.26985279201687934, 0.19906339393996203], [-0.2777278707663682, -0.6453638424975436, -0.013286502634675844], [0.18792017977263947, -0.06699829843642795, -0.6737959814340824]]	0.8474503984748362	0.2835005570695764	[[0.623743298152166, -0.2724833102269357, 0.24683352527833508], [-0.3451605482763216, -0.8503928158328952, -0.016023144768352243], [0.21985767217707422, -0.08079804479761377, -0.7301177879013385]]	[[-0.12099374273452104, 0.052951491655824176, 0.006768726671733164], [-0.010228625116822184, -0.07210235363027377, 0.0], [-0.006768726671733164, 0.0, 0.08246102623108931]]	0.47232816061137767	[[0.6916359919209673, -0.6916359919209671, 0.0], [-0.7071067811865475, -0.7071067811865476, 0.0], [0.0, 0.0, -0.9781210000000002]]
3	[[-0.8305561570912853, 0.32773595720904825, 0.4502950280316503], [-0.5100865793185324, -0.772219296347621, -0.37879947194723407], [0.22358030216652452, -0.5443036842615101, 0.808545204538665]]	0.5381175406458582	0.46188245935414174	[[-0.4469368366222374, 0.17636046727454924, 0.2423116530494494], [-0.27448653557934705, -0.41554474858985685, -0.20383864024219533], [0.120312482338708, -0.2928993599392835, 0.43509235696734866]]	0.763395055450114	0.43574171473857537	[[-0.54546030495486, 0.1554782721564254, 0.2524234150447362], [-0.5525097545147419, -0.6017170537680524, -0.2933900264685334], [0.23669409756603454, -0.34339766212749123, 0.4923017958998536]]	[[0.08858215864227534, -0.09471373707017205, -0.09132958284839611], [-0.16311218201151187, -0.01220866121311243, -0.004216382576900805], [0.06601400039606725, 0.07212107910102561, -0.12493761535286421]]	0.6807346446400063	[[-0.6840279960098367, 0.6840279960098365, 0.0], [-0.7071067811865475, -0.7071067811865476, 0.0], [0.0, 0.0, 0.9673616690000003]]
3	[[0.8592155572171323, 0.2624339665249735, -0.4391776855101157], [-0.4266000482917053, 0.8413623931712975, -0.33184593135155627], [0.2824199444684594, 0.4724804086637203, 0.8348660002631537]]	0.6150539057587977	0.3849460942412024	[[0.528463884355119, 0.16141103611495855, -0.2701179507951056], [-0.2623820258987051, 0.5174832260785757, -0.20410313618794051], [0.17370348990950873, 0.290600920743134, 0.5134875942470782]]	0.8122297678978639	0.33872322178296127	[[0.5910459471686007, 0.21816599651728366, -0.2943665875228657], [-0.32493782329752596, 0.7525075080197812, -0.27256190742663317], [0.2525560145230109, 0.3646055940608912, 0.5721992527974354]]	[[-0.10683450544410444, 0.005009316798188623, 0.062346602044936694], [0.02155943491166332, 0.06912792669626669, -0.0030267636271080556], [0.023166128577666464, -0.019157058604330274, -0.10590376482212388]]	0.6309628530382544	[[0.9673616690000003, 0.0, 0.0], [0.0, 0.7071067811865476, -0.7071067811865475], [0.0, 0.6840279960098365, 0.6840279960098367]]
3	[[0.22433838825039393, -0.7661379269479729, -0.6022499185961573], [-0.9416906372873723, -0.011392912655017143, -0.3362869982418849], [0.2507808429735371, 0.642575192824231, -0.724020780340167]]	0.5207033598201993	0.4792966401798006	[[0.11681375249862846, -0.398930592647492, -0.3135935560644606], [-0.49034147874675943, -0.005932327897605479, -0.17510576984839893], [0.13058242751486263, 0.3345910618406896, -0.3770000529027675]]	0.7178128758402202	0.5071779621891492	[[0.27360936601504565, -0.4055954959506989, -0.39983570996832973], [-0.6816247943621535, 0.025300830904468986, -0.03833628190902397], [0.33244822064145774, 0.34603468161860934, -0.4818431564956671]]	[[0.11257638238367056, 0.14434817268209002, 0.03246703607371645], [-0.005667129859095024, 0.033478810301563314, 0.20305485540665855], [0.15243450254098842, -0.11521406548613594, 0.03786828200838861]]	0.7467192567265573	[[1.9315645321762215e-16, -0.9673616690000003, 0.0], [-1.0, -1.7938038903913487e-16, 0.0], [0.0, 0.0, -0.9673616690000003]]
3	[[0.08740825448676931, -0.06334395238859675, -0.994156597696443], [0.7119981850616444, -0.6940087028176986, 0.10681996481098455], [-0.6967197295301035, -0.717174639895393, -0.015561310176609944]]	0.830367441045151	0.1696325589548489	[[0.07258096860440198, -0.05259875565060496, -0.8255152700273493], [0.5912201109584297, -0.5762822306217971, 0.08869982083263032], [-0.5785333789355818, -0.5955184705124152, -0.012921605310661471]]	0.917574730344117	0.12637395253419023	[[0.06290350430750004, -0.02796233046364987, -0.8931493163745952], [0.6324207422487599, -0.6371256194421479, 0.06574756572452996], [-0.6513242917092315, -0.647418929180298, 0.023137484413717123]]	[[-0.01730010123304726, 0.030160479568247377, 0.01906365567654348], [-0.02089080041467922, -0.0003207710977274341, -0.03226773468227726], [-0.012031873760220689, 0.010642397631356536, 0.037416149402821154]]	0.12534736866324264	[[0.0, 0.0, -0.9673616690000003], [0.7071067811865475, -0.7071067811865476, 0.0], [-0.6840279960098367, -0.6840279960098365, 0.0]]
3	[[0.5319609947059123, -0.8460851799387872, 0.03402011756955908], [-0.703274286200726, -0.4190807785627857, 0.5742617690636116], [-0.47161719485230363, -0.3294103357928521, -0.8179645788128509]]	0.524455914529941	0.47554408547005905	[[0.2789900899727464, -0.4437343768150263, 0.01784205187235923], [-0.3688363589347932, -0.21978939298306543, 0.30117498127383824], [-0.24734242723431024, -0.17276119891385522, -0.4289863612343917]]	0.725728326914202	0.48019293205409236	[[0.5077050543966354, -0.6225093170910188, 0.11151096157185009], [-0.42352646462767035, -0.2399482770668227, 0.2835803165588771], [-0.2945088259986539, -0.06607554033900662, -0.5197767525960718]]	[[0.12164589172509901, -0.008481335027141105, 0.08682159856666953], [0.08685960645856218, 0.0641905152014489, -0.13317771631444766], [0.047757131765477655, 0.1729868715241854, 0.07384331266085828]]	0.6508792326646	[[0.6916359919209673, -0.6916359919209671, 0.0], [-0.7071067811865475, -0.7071067811865476, 0.0], [0.0, 0.0, -0.9781210000000002]]
3	[[0.04673222253661188, -0.9725397674033924, -0.22799671093185395], [-0.8377629715199755, -0.16246744520517667, 0.5213036857710898], [-0.5440306084466285, 0.16664552219444034, -0.8223502702654952]]	0.5650207581235932	0.4349792418764067	[[0.02640467580643687, -0.5495051566836078, -0.12882287446040186], [-0.47335346929609085, -0.09179747906023224, 0.29454740374700455], [-0.3073885868269538, 0.09415817928820477, -0.4646449731485519]]	0.7571294459342304	0.368763025533428	[[-0.011311115649892687, -0.8284750977913389, -0.1729791670993438], [-0.6493975753036888, -0.15983785380538074, 0.23600268813478553], [-0.2770457559475183, 0.028053892214588576, -0.622625604489979]]	[[-0.04669345740631267, -0.0921366025482031, -0.00035614367668235225], [-0.01510256085255534, -0.03682896703483551, -0.15869168263655184], [0.13485583719693978, -0.09811833967190851, 0.0]]	0.6153432588009032	[[1.9315645321762215e-16, -0.9673616690000003, 0.0], [-1.0, -1.7938038903913487e-16, 0.0], [0.0, 0.0, -0.9673616690000003]]
