3	[[-0.30792515101507295, 0.09349718223056193, 0.9468053539599837], [0.3027085282091916, -0.9338174967034747, 0.1906631317268273], [0.9019698710720718, 0.34531602882779927, 0.2592434992682147]]	0.7225258549199997	0.2774741450800004	[[-0.22248388298853564, 0.06755413152374776, 0.68409134781277], [0.21871473813592096, -0.6747072851449321, 0.1377590422526504], [0.6516965522084306, 0.24949975894638488, 0.18731013094121915]]	0.8536846345774063	0.25727282669796214	[[-0.26070325037301045, 0.08049609392848196, 0.7478270610298005], [0.24321672102254846, -0.8497650398564465, 0.11948255729859991], [0.6841661329655988, 0.26752974367757154, 0.18020715644452853]]	[[0.0021677196484847614, 0.0006789860819675416, -0.06044612158146006], [-0.015200898265179712, -0.05257939142115235, -0.043283628637000554], [-0.0858316868203931, -0.027261244206009373, -0.04110503549482546]]	0.46874897977528923	[[0.0, 0.0, 0.984], [0.0, -1.0, 0.0], [0.984, 0.0, 0.0]]
3	[[0.8592155572171323, 0.2624339665249735, -0.4391776855101157], [-0.4266000482917053, 0.8413623931712975, -0.33184593135155627], [0.2824199444684594, 0.4724804086637203, 0.8348660002631537]]	0.6062239854687272	0.39377601453127276	[[0.5208770794729032, 0.159093765109136, -0.26624004683887365], [-0.25861518147654905, 0.5100540632118102, -0.20117296306552207], [0.17120974431152608, 0.2864289563960135, 0.5061157940118646]]	0.807235259259553	0.3467738806574308	[[0.583151844945789, 0.21539708891553472, -0.2924705496541649], [-0.3242134413448439, 0.7526533360970118, -0.27293422925748995], [0.2509086340292033, 0.36038122218258567, 0.5646593662426298]]	[[-0.11043724814422404, 0.0035511379092348534, 0.06204916316960368], [0.020153159238048626, 0.07347594651414167, -0.0050564928286885545], [0.022929296936137957, -0.0210216230001321, -0.10927390592678313]]	0.6352359928175053	[[0.952763904, 0.0, 0.0], [0.0, 0.7071067811865476, -0.7071067811865475], [0.0, 0.6737058173881687, 0.6737058173881688]]
3	[[0.22433838825039393, -0.7661379269479729, -0.6022499185961573], [-0.9416906372873723, -0.011392912655017143, -0.3362869982418849], [0.2507808429735371, 0.642575192824231, -0.724020780340167]]	0.515152914322622	0.484847085677378	[[0.11556857450163033, -0.3946781858403404, -0.31025080071537225], [-0.4851146761889171, -0.005869092156855173, -0.17323922719311344], [0.12919048211410147, 0.33102448325482337, -0.37298141502237603]]	0.7129193321601708	0.5112922309019527	[[0.2770581720811462, -0.4045674839785827, -0.387283131741607], [-0.6806328460573429, 0.017747214241318653, -0.0384698354697127], [0.32660149471309075, 0.33642055127192566, -0.4826760657925311]]	[[0.1171229981517863, 0.14162705524374383, 0.0420724780174827], [-0.009283385820943835, 0.02586944192269262, 0.20127566673104044], [0.147814983621832, -0.12168372605901812, 0.0334923453976666]]	0.7439947739454082	[[1.9024166694619672e-16, -0.952763904, 0.0], [-1.0, -1.7938038903913487e-16, 0.0], [0.0, 0.0, -0.952763904]]
3	[[0.034229894132735264, 0.2773841392786001, 0.9601491309293217], [-0.1827544195208179, -0.9427759796974285, 0.2788803941677556], [0.9825625356654255, -0.18501754344446375, 0.018422055382213542]]	0.8664450508474935	0.13355494915250657	[[0.02965832236234212, 0.24033811466153487, 0.8319164625692328], [-0.15834666231431924, -0.816863581666734, 0.24163453730505002], [0.8513364461754718, -0.1603075348374167, 0.015961698712357357]]	0.9259243869760635	0.12416803927712305	[[0.009973560928354337, 0.24028380295304488, 0.8733874317469279], [-0.16418390283431866, -0.8273355607755077, 0.2526649280809956], [0.9071350367320581, -0.16294106150201254, 0.0]]	[[-0.021720732812754117, -0.016552936165375932, -0.015638063714404515], [0.005032871027661009, 0.045603710281591686, -0.005557229928426475], [-0.0026435767695976746, 0.008371193991619784, -0.017057430336615168]]	0.3451304444148138	[[0.0, 0.0, 0.984], [0.0, -1.0, 0.0], [0.984, 0.0, 0.0]]
3	[[-0.42203838922340475, -0.825029846081567, 0.3757783270710803], [0.2588054115689476, 0.28760896992378115, 0.9221175843470338], [-0.8688517462515349, 0.4864224845687207, 0.09214016247897017]]	0.4616634779242006	0.5383365220757995	[[-0.19483971058640448, -0.38088614813328425, 0.17348312940417265], [0.11948100641052453, 0.1327785573372096, 0.42570801104471406], [-0.4011171189749985, 0.22456349596652647, 0.0425377478665423]]	0.6608577294088859	0.5940525230476933	[[-0.12720656274989836, -0.3935265819003625, 0.3635115113192172], [0.12828323342617381, 0.09824564887135487, 0.6537382906237172], [-0.524316352066716, 0.18789344539175026, -0.032214277211103176]]	[[0.15170076887566453, 0.15170076887566453, 0.11517549932995336], [-0.04275032322201311, -0.09182296195010373, 0.04434975758412964], [0.04987104015401879, -0.13356261329376334, -0.0931058157743212]]	0.6601180899668373	[[0.0, -0.6737058173881687, 0.6737058173881688], [0.0, 0.7071067811865476, 0.7071067811865475], [-0.952763904, 0.0, 0.0]]
3	[[-0.5446221603179724, 0.8109226453022452, -0.2139887049042392], [-0.8354447797583356, -0.5021691245819775, 0.22328947644507607], [0.07361197229480154, 0.30038414347728, 0.9509735242804028]]	0.6228558050423375	0.37714419495766255	[[-0.3392210741087477, 0.505087877066792, -0.13328410706309712], [-0.5203616308647965, -0.31277895435891345, 0.13907714660867992], [0.045849644264432846, 0.18709600750749425, 0.592319380039619]]	0.7885895835942786	0.3080608770118294	[[-0.4694495441225506, 0.592120463009633, -0.11894193692342159], [-0.6692550370566734, -0.4342017283100444, 0.0439100606511583], [0.09055585785207985, 0.15552303427944103, 0.7447369102241856]]	[[-0.0399661815011843, -0.04736468817643549, 0.04980732677089138], [-0.010431986071033962, -0.03819638746203926, -0.13217369459964873], [0.03250622327256875, -0.0813567723436312, -0.005190905297280706]]	0.3892359466669598	[[-0.6846603835245618, 0.6846603835245617, 0.0], [-0.7071067811865475, -0.7071067811865476, 0.0], [0.0, 0.0, 0.968256]]
3	[[0.04673222253661188, -0.9725397674033924, -0.22799671093185395], [-0.8377629715199755, -0.16246744520517667, 0.5213036857710898], [-0.5440306084466285, 0.16664552219444034, -0.8223502702654952]]	0.5604534459948097	0.43954655400519027	[[0.02619123515964039, -0.545063264008222, -0.12778154231724004], [-0.46952714431522186, -0.09105543952721416, 0.2921664471002027], [-0.3049038292305661, 0.09339705717347861, -0.4608890427850598]]	0.7544494122512068	0.3722779938324551	[[-0.014843977391504478, -0.8218610124422444, -0.16753248755941677], [-0.6507755891198144, -0.16307998599567053, 0.23545621503291642], [-0.27789797749352707, 0.022612194597339923, -0.6204216780664239]]	[[-0.05010107521744379, -0.0881289565338295, 0.004479496998328739], [-0.018725807650744455, -0.04050651745067, -0.15784104430147], [0.13254559529569823, -0.10311342167655102, 0.0]]	0.6197079557311498	[[1.9024166694619672e-16, -0.952763904, 0.0], [-1.0, -1.7938038903913487e-16, 0.0], [0.0, 0.0, -0.952763904]]
3	[[0.08740825448676931, -0.06334395238859675, -0.994156597696443], [0.7119981850616444, -0.6940087028176986, 0.10681996481098455], [-0.6967197295301035, -0.717174639895393, -0.015561310176609944]]	0.8269898620692905	0.1730101379307096	[[0.07228574032173078, -0.052384806448769326, -0.8221574276042565], [0.5888152808577142, -0.5739381614180961, 0.08833902796528258], [-0.5761801530250538, -0.5930961565266839, -0.012869045756572106]]	0.9112546623019894	0.13727887594936863	[[0.05937034375977247, -0.028717875255416733, -0.8818266564106608], [0.6331463668093197, -0.6374184965514359, 0.06652559327080802], [-0.6438522129134125, -0.6379043129498578, 0.0243191146601581]]	[[-0.02028083566497483, 0.029004596687327286, 0.024103178298506087], [-0.015665298878658383, -0.004999830430652185, -0.03081459769013609], [-0.008963111061324677, 0.015624421339569336, 0.0384994311101213]]	0.13351333162085255	[[0.0, 0.0, -0.952763904], [0.7071067811865475, -0.7071067811865476, 0.0], [-0.6737058173881688, -0.6737058173881687, 0.0]]
3	[[0.8489524140446696, -0.5135124485683378, 0.12483895166604869], [0.522794976890395, 0.7815435453534784, -0.34040431673891397], [0.0772347773085365, 0.35425224329800037, 0.9319550081910795]]	0.7593497271665148	0.2406502728334852	[[0.6446517839821739, -0.3899355377169763, 0.09479642388736781], [0.3969842230657459, 0.5934648779329147, -0.25848592504199824], [0.058648207077003724, 0.2690013442964625, 0.7076797812013634]]	0.883364140617352	0.194925150433373	[[0.7561745823319181, -0.44360459085312326, 0.05436299459338543], [0.4678640973721193, 0.6258300198897432, -0.27290862064932525], [0.03899712227502901, 0.2753833551634626, 0.809374867010503]]	[[0.0062404626743221975, 0.010013891972758619, -0.055915258660664824], [0.00604576189226714, -0.0645575224064709, 0.027792346069182433], [-0.02922931040789891, -0.037550373299244585, -0.01388076789424736]]	0.43199665966040446	[[0.6957930726875629, -0.6957930726875627, 0.0], [0.7071067811865475, 0.7071067811865476, 0.0], [0.0, 0.0, 0.984]]
3	[[0.3802729664721569, 0.7767473726770865, -0.5020517802076895], [0.4287143634067757, 0.332951791095048, 0.839849450446521], [0.8195098935212374, -0.5346088512602871, -0.20639019011321075]]	0.5515734568629638	0.4484265431370365	[[0.2097484746685815, 0.42843323345672535, -0.27691843593336013], [0.23646746343108016, 0.18364737038301088, 0.463238664627248], [0.45201990490290817, -0.29487605215917456, -0.11383935062334795]]	0.7148942701469181	0.4433436629364904	[[0.2220821228721156, 0.4797597835970603, -0.3122026632589301], [0.33572963436871484, 0.21775040184558908, 0.48789876712047286], [0.5997983949135559, -0.30657517979471194, -0.05662787162688712]]	[[-0.049772841950600485, -0.0755324624814616, 0.046711277728606976], [0.029244192439527347, -0.020274925843414417, -0.11250479278978316], [0.013935467706512421, 0.07561362474109329, 0.09091929269958034]]	0.677762270590818	[[0.0, 0.6737058173881687, -0.6737058173881688], [0.0, 0.7071067811865476, 0.7071067811865475], [0.952763904, 0.0, 0.0]]
3	[[0.8787972042104137, -0.3840163418041313, 0.28327887866788265], [-0.395223040501579, -0.9183905790867732, -0.018907472103605397], [0.2674214316928388, -0.09534250611366366, -0.9588511794847616]]	0.6928219906062546	0.3071780093937455	[[0.60885002836027, -0.2660549663540701, 0.19626183661539015], [-0.2738192136537604, -0.636281189156929, -0.013099512460152115], [0.1852754486362071, -0.06605538487505745, -0.6643131828657877]]	0.8439099814412787	0.28802315285364843	[[0.620342418803693, -0.26981975550147946, 0.24383976480397154], [-0.3407931131121064, -0.8501524086806321, -0.02097097414005241], [0.2189226564066243, -0.0804604925649469, -0.723694702070325]]	[[-0.12128331349216474, 0.054255468383592735, 0.004777891564652439], [-0.00726044433725306, -0.07511343212766808, -0.00501476970799729], [-0.006756959050279486, 0.0, 0.08548937901360826]]	0.4743547251989933	[[0.6846603835245618, -0.6846603835245617, 0.0], [-0.7071067811865475, -0.7071067811865476, 0.0], [0.0, 0.0, -0.968256]]
3	[[0.5319609947059123, -0.8460851799387872, 0.03402011756955908], [-0.703274286200726, -0.4190807785627857, 0.5742617690636116], [-0.47161719485230363, -0.3294103357928521, -0.8179645788128509]]	0.5199787927049127	0.48002120729508746	[[0.27660843579328476, -0.4399463503900894, 0.017689739661498546], [-0.3656877142790626, -0.21791311728291224, 0.29860394137428403], [-0.24523093959817835, -0.17128638871008714, -0.4253242341664885]]	0.7216831485904542	0.4857781140757128	[[0.4965552313686089, -0.6162775033887727, 0.11123836041892851], [-0.41946471079332887, -0.23561532139985022, 0.28764207039321854], [-0.29716626394427365, -0.06392670156761843, -0.5104550379659414]]	[[0.11264794578193617, -0.005672086754827976, 0.08668661485591171], [0.08807649039471514, 0.06682821438707982, -0.12679297121973293], [0.04319191816613463, 0.1738031867456059, 0.0798562147071815]]	0.654300540263767	[[0.6846603835245618, -0.6846603835245617, 0.0], [-0.7071067811865475, -0.7071067811865476, 0.0], [0.0, 0.0, -0.968256]]
3	[[-0.3195682178843842, -0.5708200961323295, -0.7563336379995778], [0.910087742671785, 0.03735879733279218, -0.41272826520656647], [0.2638493031197415, -0.8202248094963509, 0.507557688474819]]	0.4740856595912253	0.5259143404087746	[[-0.15150270936011065, -0.27061762178282206, -0.35856693164206077], [0.4314595477704426, 0.01771127007505173, -0.19566855184239723], [0.12508717090220778, -0.3888568198231646, 0.2406258215211822]]	0.6738288613017758	0.550002190502918	[[-0.2583371836779488, -0.27491852751055396, -0.47989758458558296], [0.5905380591660352, -0.03662200377230063, -0.07122255478226265], [0.28793767359168115, -0.4551801651687708, 0.3140670133080272]]	[[-0.043002895312676384, 0.10971652787446376, 0.029741849471902053], [-0.02270532816319738, -0.06179543963865981, 0.20688566218893534], [0.11014839811523866, 0.09751098422562131, -0.027940005961921498]]	0.9057976970506983	[[0.0, 0.0, -0.952763904], [0.7071067811865475, 0.7071067811865476, 0.0], [0.6737058173881688, -0.6737058173881687, 0.0]]
3	[[-0.8305561570912853, 0.32773595720904825, 0.4502950280316503], [-0.5100865793185324, -0.772219296347621, -0.37879947194723407], [0.22358030216652452, -0.5443036842615101, 0.808545204538665]]	0.531968597160558	0.46803140283944195	[[-0.441829793750915, 0.17434523739557006, 0.2395428143703712], [-0.27135004203050733, -0.41079641577835724, -0.20150942369693023], [0.11893769969625974, -0.2895524673459188, 0.43012065819933]]	0.7583984818990366	0.4425643642649569	[[-0.5383817724038075, 0.15230634194625667, 0.25111858428081435], [-0.5529308914578948, -0.6003036909436497, -0.29202923685797405], [0.23482844336718287, -0.34109475674155565, 0.48622044922703617]]	[[0.09151075626612112, -0.0962481104648131, -0.0903844813850733], [-0.16608200406564738, -0.014653748900471511, -0.004748292389035068], [0.06526548162156282, 0.07170433109442614, -0.12697900644183335]]	0.68042303173778	[[-0.6737058173881688, 0.6737058173881687, 0.0], [-0.7071067811865475, -0.7071067811865476, 0.0], [0.0, 0.0, 0.952763904]]
