3	[[-0.8305561570912853, 0.32773595720904825, 0.4502950280316503], [-0.5100865793185324, -0.772219296347621, -0.37879947194723407], [0.22358030216652452, -0.5443036842615101, 0.808545204538665]]	0.4504269204755292	0.5495730795244707	[[-0.37410485212061745, 0.14762109793477143, 0.20282500278173837], [-0.22975672709834336, -0.347828359585639, -0.17062147962694924], [0.10070658698385593, -0.24516903230539674, 0.36419052654560774]]	0.6805927080921724	0.5332175272357895	[[-0.43229751581546555, 0.10307942554270602, 0.24682721704178748], [-0.543270902870205, -0.594644238346126, -0.2698687199607369], [0.1999214089566656, -0.3056096285161518, 0.3898100478081722]]	[[0.13297294836192006, -0.11997527711338045, -0.05964029552671411], [-0.19610969649033225, -0.06907741620386702, -0.012060561524283944], [0.0477542856290845, 0.06483948997993605, -0.16047992256373728]]	0.6875124386704782	[[-0.5899388764169529, 0.5899388764169528, 0.0], [-0.7071067811865475, -0.7071067811865476, 0.0], [0.0, 0.0, 0.8342995599999999]]
3	[[-0.5446221603179724, 0.8109226453022452, -0.2139887049042392], [-0.8354447797583356, -0.5021691245819775, 0.22328947644507607], [0.07361197229480154, 0.30038414347728, 0.9509735242804028]]	0.5221392510903201	0.47786074890967983	[[-0.2843686069156184, 0.42341454271029566, -0.11173190212048698], [-0.43621851163033487, -0.2622022106299153, 0.11658820000738171], [0.03843570008528908, 0.15684235171463423, 0.496540603774492]]	0.7322835999363767	0.38115113256933425	[[-0.46210092202136216, 0.53160059067633, -0.07894537763151606], [-0.6809322174947077, -0.46851146577323877, 0.037793937649406806], [0.09473025874451389, 0.08022231772831728, 0.6942082191278885]]	[[-0.0632830458585909, -0.062224763295527535, 0.07775504154148323], [-0.06914970662522014, -0.10078125144744932, -0.12571728398970233], [0.04082541867405981, -0.13974406422103042, -0.0021740966763481627]]	0.44098376830427904	[[-0.5899388764169529, 0.5899388764169528, 0.0], [-0.7071067811865475, -0.7071067811865476, 0.0], [0.0, 0.0, 0.8342995599999999]]
3	[[0.8592155572171323, 0.2624339665249735, -0.4391776855101157], [-0.4266000482917053, 0.8413623931712975, -0.33184593135155627], [0.2824199444684594, 0.4724804086637203, 0.8348660002631537]]	0.4934020902816356	0.5065979097183645	[[0.4239387519334334, 0.12948546764432273, -0.2166911880357419], [-0.21048535554137407, 0.41512996347507747, -0.16373347618031403], [0.13934659093796137, 0.23312282125180106, 0.4119246296349085]]	0.7369410475343282	0.4625399206235822	[[0.4554587419330097, 0.18256813213263678, -0.2842330564045769], [-0.35129969806868966, 0.749601537308834, -0.2532156665576965], [0.23643647795618578, 0.30835394863711124, 0.451153129231074]]	[[-0.1777324708603752, -0.010830230066866056, 0.03941500720894948], [-0.036920611602405354, 0.1295670539291888, -0.008664778287475874], [0.028309628235012523, -0.039836258662978324, -0.1640938955536493]]	0.6896054957291708	[[0.6458713339357925, 0.6458713339357924, 0.0], [-0.7071067811865475, 0.7071067811865476, 0.0], [0.0, 0.0, 0.9134]]
3	[[-0.3195682178843842, -0.5708200961323295, -0.7563336379995778], [0.910087742671785, 0.03735879733279218, -0.41272826520656647], [0.2638493031197415, -0.8202248094963509, 0.507557688474819]]	0.4024016882403577	0.5975983117596422	[[-0.12859479038463867, -0.22969897036517276, -0.3043499328040017], [0.3662208440979826, 0.015033243117345003, -0.16608255070363648], [0.10617340501642586, -0.3300598480779574, 0.20424207072164074]]	0.6088160456386162	0.6112793176147746	[[-0.2623708043686228, -0.26237080436862276, -0.358359947252578], [0.6104238787534197, -0.09670706628636982, -0.05663553299573152], [0.2117558766626334, -0.32707587901114177, 0.327889286272544]]	[[-0.06781254564447228, 0.08515362932971685, 0.10210810741779343], [0.05634785807580896, -0.11945170154833487, 0.19464005735061637], [0.05112018729276781, 0.17229014604111387, 0.018880021441828005]]	0.942783486331303	[[-1.5216100540596338e-16, -0.762049218104, 0.0], [1.0, -1.7938038903913487e-16, 0.0], [0.0, 0.0, 0.762049218104]]
3	[[0.08740825448676931, -0.06334395238859675, -0.994156597696443], [0.7119981850616444, -0.6940087028176986, 0.10681996481098455], [-0.6967197295301035, -0.717174639895393, -0.015561310176609944]]	0.6137949039603221	0.3862050960396781	[[0.05365074116804595, -0.038880195172825954, -0.6102082534046087], [0.4370208576198356, -0.4259790050936169, 0.06556555004220324], [-0.4276430194741915, -0.4401981392173714, -0.009551452885349088]]	0.8141703276041523	0.29887543013148976	[[0.03627450642263114, -0.02851648457171535, -0.7139627970205613], [0.6360268131732997, -0.6397884272895243, 0.07107996801324779], [-0.5250121349044149, -0.5103336851475294, 0.02564994947563745]]	[[-0.03489070076816894, 0.023056281896250284, 0.09545000581578124], [0.05633901758809867, -0.07474713435630607, -0.015889677731575524], [0.04223639553538584, 0.07356862636549277, 0.03831950648007781]]	0.27546535943801254	[[0.0, 0.0, -0.762049218104], [0.7071067811865475, -0.7071067811865476, 0.0], [-0.5388501697192447, -0.5388501697192447, 0.0]]
3	[[0.034229894132735264, 0.2773841392786001, 0.9601491309293217], [-0.1827544195208179, -0.9427759796974285, 0.2788803941677556], [0.9825625356654255, -0.18501754344446375, 0.018422055382213542]]	0.7500038017177326	0.2499961982822674	[[0.02567255073194696, 0.20803915899515116, 0.7201154984129683], [-0.13706650942133083, -0.7070855689412313, 0.20916135585035656], [0.7369256371744843, -0.13876386096782356, 0.013816611572114773]]	0.8668442392959743	0.2049077326556812	[[0.0092246357977982, 0.20987473212413738, 0.7768105948871444], [-0.16859628494114504, -0.8234552801924974, 0.2576203719834856], [0.8058426242430634, -0.14360618236526396, 0.0]]	[[-0.02044735074287444, -0.030574111081589337, -0.05548914812397443], [-0.010176669173644251, -0.006215353245162987, 0.01587450884657599], [-0.04588604954655591, 0.016775209338262112, -0.015969052584063212]]	0.3770890095553381	[[0.0, 0.0, 0.9134], [0.0, -1.0, 0.0], [0.9134, 0.0, 0.0]]
3	[[0.8489524140446696, -0.5135124485683378, 0.12483895166604869], [0.522794976890395, 0.7815435453534784, -0.34040431673891397], [0.0772347773085365, 0.35425224329800037, 0.9319550081910795]]	0.6607977602151487	0.3392022397848514	[[0.5609858537299615, -0.3393278758565544, 0.08249329964853219], [0.3454617497809034, 0.5164422242801852, -0.22493841006864243], [0.051036567856196716, 0.23408908892251057, 0.6158337820339558]]	0.8197062521090424	0.27160352380456504	[[0.6501511210230458, -0.40247953177081636, 0.050540485148865645], [0.4765163432071159, 0.6257253354924307, -0.26429973651146443], [0.026279147286154096, 0.22567074541636628, 0.7180431253892081]]	[[-0.04574048051243425, 0.018449832856473277, -0.05179078403853303], [0.04797803207885676, -0.014910794929282632, 0.014731810164330054], [-0.03703068255390287, -0.0647120332386582, -0.045886221509353654]]	0.45709177387104427	[[0.6458713339357925, -0.6458713339357924, 0.0], [0.7071067811865475, 0.7071067811865476, 0.0], [0.0, 0.0, 0.9134]]
3	[[-0.30792515101507295, 0.09349718223056193, 0.9468053539599837], [0.3027085282091916, -0.9338174967034747, 0.1906631317268273], [0.9019698710720718, 0.34531602882779927, 0.2592434992682147]]	0.5904666719611814	0.4095333280388189	[[-0.18181953913301432, 0.055206970029427996, 0.5590570063477799], [0.17873929722594872, -0.5513881094976221, 0.1125802248564361], [0.5325831479811819, 0.20389760631680198, 0.1530746462404737]]	0.7942633360530503	0.30830972641936705	[[-0.17577030380549952, 0.0702682620583343, 0.7199340984383082], [0.26107105812002673, -0.8378456873685952, 0.13040408263199754], [0.661579264745929, 0.24025536013745172, 0.10550204174716525]]	[[0.06880335389437159, -0.003993121811671791, -0.03207868059083727], [0.020640772652885307, -0.09614868717218522, -0.021032652435674485], [-0.054822334071114386, -0.0340165009119074, -0.10040556483167344]]	0.4842096233846232	[[0.0, 0.0, 0.9134], [0.0, -1.0, 0.0], [0.9134, 0.0, 0.0]]
3	[[0.22433838825039393, -0.7661379269479729, -0.6022499185961573], [-0.9416906372873723, -0.011392912655017143, -0.3362869982418849], [0.2507808429735371, 0.642575192824231, -0.724020780340167]]	0.41850771972997175	0.5814922802700284	[[0.09388734731456944, -0.32063463680564375, -0.2520462401392388], [-0.39410480130220205, -0.004768021896333934, -0.14073870480904827], [0.10495371874481511, 0.26892267870391573, -0.30300828581727807]]	0.6381296411746658	0.5722668147253668	[[0.25906456828941393, -0.38580461315759573, -0.25423494338535424], [-0.6865174253858691, -0.04839256641312389, -0.04059606967110873], [0.23258265466553713, 0.23258265466553713, -0.462176467722438]]	[[0.11590759309348728, 0.10309070725601643, 0.1300785810658833], [-0.0855967169161357, -0.0411224111486436, 0.1739986318486907], [0.07255196532535371, -0.1774636225591311, -0.0001573469609656708]]	0.7326813454928983	[[1.5216100540596338e-16, -0.762049218104, 0.0], [-1.0, -1.7938038903913487e-16, 0.0], [0.0, 0.0, -0.762049218104]]
3	[[-0.42203838922340475, -0.825029846081567, 0.3757783270710803], [0.2588054115689476, 0.28760896992378115, 0.9221175843470338], [-0.8688517462515349, 0.4864224845687207, 0.09214016247897017]]	0.39920627618746024	0.6007937238125397	[[-0.16848037377002933, -0.329357092597736, 0.15001306662199942], [0.10331674460960259, 0.11481530588138392, 0.36811512705415567], [-0.3468510701800474, 0.19418290871853133, 0.03678293115053724]]	0.592214386435818	0.6465301383578775	[[-0.08767027849195397, -0.32632761685408695, 0.279130822183148], [0.1587548510652639, 0.08151295903723793, 0.617422269385557], [-0.43354737003056926, 0.1671588155599261, -0.027949571501371485]]	[[0.16226692723434563, 0.1622669272343456, 0.05658949078087], [0.00548656304669029, -0.08881321061961175, 0.07133096994979958], [0.08099913377947258, -0.120907577687525, -0.0825163012899514]]	0.7083350372067199	[[0.0, -0.5388501697192447, 0.5388501697192447], [0.0, 0.7071067811865476, 0.7071067811865475], [-0.762049218104, 0.0, 0.0]]
3	[[0.8787972042104137, -0.3840163418041313, 0.28327887866788265], [-0.395223040501579, -0.9183905790867732, -0.018907472103605397], [0.2674214316928388, -0.09534250611366366, -0.9588511794847616]]	0.5696410336488452	0.4303589663511549	[[0.5005989477741353, -0.21875146588335356, 0.16136727325525851], [-0.22513526131315892, -0.5231529587643512, -0.01077047195278448], [0.15233422076936273, -0.05431100373325871, -0.5462009769971141]]	0.7909931865731473	0.3675963079038155	[[0.5510578762036283, -0.23304081761334816, 0.22445491342063706], [-0.34552843242497133, -0.8468575291883942, -0.024190197583733013], [0.20157648941244685, -0.0754152727267166, -0.6392269386803104]]	[[-0.14406472470633974, 0.07071349228646459, 0.00038325049426060935], [-0.03290970021149929, -0.12041683851778956, -0.00923451597445929], [-0.009952041000224933, 0.0, 0.119217811229762]]	0.5135492449382789	[[0.9134, 0.0, 0.0], [0.0, -1.0, 0.0], [0.0, 0.0, -0.9134]]
3	[[0.3802729664721569, 0.7767473726770865, -0.5020517802076895], [0.4287143634067757, 0.332951791095048, 0.839849450446521], [0.8195098935212374, -0.5346088512602871, -0.20639019011321075]]	0.4868100719701707	0.5131899280298295	[[0.18512071017662104, 0.37812844439557347, -0.24440386325565766], [0.20870247010469845, 0.16208428538557756, 0.4088471714159792], [0.39894567024534044, -0.26025297335791064, -0.10047282330294934]]	0.6422724352468158	0.5276740436556026	[[0.11973036037246715, 0.4061951424646479, -0.2323421196648154], [0.3010816440319958, 0.13938860398149844, 0.4695920151935535], [0.553458852527656, -0.26406200532467144, -0.09379028730715307]]	[[-0.12450848386213575, -0.0926882841562304, 0.09011189982917635], [0.0257302258214376, -0.07445715370490705, -0.06982013658543344], [0.027110237506912216, 0.07930252347877587, 0.03876844270791209]]	0.7318677247162536	[[0.0, 0.5388501697192447, -0.5388501697192447], [0.0, 0.7071067811865476, 0.7071067811865475], [0.762049218104, 0.0, 0.0]]
3	[[0.5319609947059123, -0.8460851799387872, 0.03402011756955908], [-0.703274286200726, -0.4190807785627857, 0.5742617690636116], [-0.47161719485230363, -0.3294103357928521, -0.8179645788128509]]	0.45542418376511457	0.5445758162348855	[[0.24226790180881852, -0.38532765246938216, 0.015493584275709668], [-0.32028811775595917, -0.19085952150860533, 0.26153269744330604], [-0.21478587601520344, -0.15002143330225198, -0.3725208506546184]]	0.6590100218085428	0.5554210066292423	[[0.39294395770509105, -0.5299283982295223, 0.09253838932775368], [-0.406124953702779, -0.23447878641132758, 0.3009818274837685], [-0.27025413011823207, -0.038264438247245305, -0.44091335949736365]]	[[0.042376330982653615, 0.02765021465382264, 0.07011879090630932], [0.057339848983748824, 0.041699646608874846, -0.07746243347065464], [0.04054632774666831, 0.17882027432756153, 0.09813349542470876]]	0.7043417705544226	[[0.5899388764169529, -0.5899388764169528, 0.0], [-0.7071067811865475, -0.7071067811865476, 0.0], [0.0, 0.0, -0.8342995599999999]]
3	[[0.04673222253661188, -0.9725397674033924, -0.22799671093185395], [-0.8377629715199755, -0.16246744520517667, 0.5213036857710898], [-0.5440306084466285, 0.16664552219444034, -0.8223502702654952]]	0.49823428032032036	0.5017657196796796	[[0.023283595263297915, -0.48455265109512097, -0.11359577718653233], [-0.417402231194268, -0.08094685063728227, 0.2597313667084893], [-0.2710546986716319, 0.08302851181915098, -0.40972309507694993]]	0.6915148349305114	0.4784686562393865	[[-1.0219185470421195e-16, -0.6887514184774194, -0.10188315119789937], [-0.6716034402609626, -0.1336962872967542, 0.2322114343098064], [-0.2502543415771769, 0.0, -0.511794876526823]]	[[-0.032316025153341095, -0.016225741758104404, 0.05577995672684113], [-0.09227791729943219, -0.021347638744114703, -0.12827779790485583], [0.12595089481993904, -0.1152378507721973, 0.056872534870882285]]	0.6884526031274631	[[1.5216100540596338e-16, -0.762049218104, 0.0], [-1.0, -1.7938038903913487e-16, 0.0], [0.0, 0.0, -0.762049218104]]
