3	[[0.8489524140446696, -0.5135124485683378, 0.12483895166604869], [0.522794976890395, 0.7815435453534784, -0.34040431673891397], [0.0772347773085365, 0.35425224329800037, 0.9319550081910795]]	0.7510827248761144	0.24891727512388562	[[0.6376334924308257, -0.3856903291285127, 0.09376437998801339], [0.3926622757943832, 0.5870038556534296, -0.2556718017758554], [0.058009706996095485, 0.2660727401897384, 0.6999753070140975]]	0.8758171823494764	0.19713384936958506	[[0.7425945250912463, -0.44102423280927383, 0.05262453351007587], [0.46981631744823255, 0.6262442122153387, -0.27078483649451957], [0.03773706563579581, 0.2658669321870677, 0.7992077844152605]]	[[-0.0009325861261422426, 0.008718792997228253, -0.056711565385545386], [0.011943493841627139, -0.058245053559565066, 0.027347113051354805], [-0.02990647940595591, -0.04439326937916821, -0.01701442493513392]]	0.4349246899221586	[[0.6894291116568839, -0.6894291116568838, 0.0], [0.7071067811865475, 0.7071067811865476, 0.0], [0.0, 0.0, 0.9750000000000001]]
3	[[0.8592155572171323, 0.2624339665249735, -0.4391776855101157], [-0.4266000482917053, 0.8413623931712975, -0.33184593135155627], [0.2824199444684594, 0.4724804086637203, 0.8348660002631537]]	0.5905585105589125	0.4094414894410876	[[0.5074170597191956, 0.15498261239105585, -0.2593601198255644], [-0.2519322891235096, 0.49687372175152356, -0.19597443895401018], [0.16678550175742424, 0.2790273264087129, 0.4930372216316847]]	0.7982025565106476	0.36108169416009406	[[0.5688240006617746, 0.21131805090625896, -0.2889696009981301], [-0.3239971967046089, 0.7528219050918409, -0.2727435123442131], [0.24779030408501815, 0.35221049848328567, 0.5516437349525418]]	[[-0.11700405370266093, 0.0018425879107953694, 0.06158315033847342], [0.01651605244939605, 0.08124429191059439, -0.007863241571744062], [0.022361982400698727, -0.024924571613291414, -0.11474844080132648]]	0.6431454204073096	[[0.9268593750000003, 0.0, 0.0], [0.0, 0.7071067811865476, -0.7071067811865475], [0.0, 0.6553885492688253, 0.6553885492688254]]
3	[[-0.30792515101507295, 0.09349718223056193, 0.9468053539599837], [0.3027085282091916, -0.9338174967034747, 0.1906631317268273], [0.9019698710720718, 0.34531602882779927, 0.2592434992682147]]	0.7063395307479711	0.293660469252029	[[-0.21749970667348473, 0.06604075582299264, 0.6687660494257616], [0.21381499976868928, -0.6595922124257774, 0.13467290699486578], [0.6370969754818552, 0.24391036176198058, 0.18311393162257275]]	0.8462474740180016	0.2654001548406741	[[-0.2533121623229543, 0.07775712309311918, 0.740297198067216], [0.24406506877865117, -0.8497614875639632, 0.11864278553518788], [0.6772276076628305, 0.2622286385769864, 0.1755550392298351]]	[[0.007268718910162954, -0.0013646311972946319, -0.06093444110814017], [-0.01210125858208421, -0.05952078978483416, -0.042705408077001204], [-0.08606211737225289, -0.029994178556466116, -0.043829117181479235]]	0.4703186489186853	[[0.0, 0.0, 0.9750000000000001], [0.0, -1.0, 0.0], [0.9750000000000001, 0.0, 0.0]]
3	[[0.5319609947059123, -0.8460851799387872, 0.03402011756955908], [-0.703274286200726, -0.4190807785627857, 0.5742617690636116], [-0.47161719485230363, -0.3294103357928521, -0.8179645788128509]]	0.5118794954769537	0.4881205045230464	[[0.2722999255834808, -0.433093655037594, 0.01741420061757254], [-0.3599916868023423, -0.2145188574948077, 0.2939528246199844], [-0.24141117175925333, -0.16861839649053906, -0.418699295920741]]	0.7142781923313712	0.49680964816184076	[[0.4767600420695706, -0.6050203949177101, 0.11070499366707581], [-0.41202441629790715, -0.227675883612708, 0.2950823648886403], [-0.30170787475198774, -0.06016017211969507, -0.49376000113326884]]	[[0.09679190438023348, -0.0006802020326701838, 0.08640516558659042], [0.09030906956268285, 0.07166437733994227, -0.11510029344313166], [0.03515800265950781, 0.17513044706569336, 0.09049425961226583]]	0.6605034098268991	[[0.6721933838654619, -0.6721933838654618, 0.0], [-0.7071067811865475, -0.7071067811865476, 0.0], [0.0, 0.0, -0.9506250000000002]]
3	[[0.08740825448676931, -0.06334395238859675, -0.994156597696443], [0.7119981850616444, -0.6940087028176986, 0.10681996481098455], [-0.6967197295301035, -0.717174639895393, -0.015561310176609944]]	0.8076277536598865	0.19237224634011346	[[0.0705933322224812, -0.05115833397554119, -0.8029084597837338], [0.5750294948112521, -0.5605006896770698, 0.08627076822632357], [-0.5626901900909211, -0.5792101434005543, -0.012567745981940225]]	0.8997572727236601	0.1569105756029421	[[0.05312923369168608, -0.029995606404638598, -0.8616277792899257], [0.6344573564895857, -0.637959556970418, 0.06791646872601104], [-0.6304729422891351, -0.6210061582510488, 0.026427334089831646]]	[[-0.025516978978865092, 0.026998575440062594, 0.03287184971365889], [-0.0061681886856752525, -0.013520179276680352, -0.02819557148475776], [-0.0035942985943628286, 0.024276939807803134, 0.04042873609434515]]	0.14919558724715962	[[0.0, 0.0, -0.9268593750000003], [0.7071067811865475, -0.7071067811865476, 0.0], [-0.6553885492688254, -0.6553885492688253, 0.0]]
3	[[0.034229894132735264, 0.2773841392786001, 0.9601491309293217], [-0.1827544195208179, -0.9427759796974285, 0.2788803941677556], [0.9825625356654255, -0.18501754344446375, 0.018422055382213542]]	0.862893857424592	0.137106142575408	[[0.029536765387431337, 0.23935306993051153, 0.828506787290472], [-0.15769766602171073, -0.8135156018083629, 0.24064417908350533], [0.8478471765612273, -0.15965050175401538, 0.01589627843044771]]	0.9189132806818568	0.12712617644413213	[[0.00903261826590973, 0.23679903786804923, 0.8608197898510033], [-0.16487506454839043, -0.8267536687784699, 0.25337857791800883], [0.8940796002007424, -0.16024418562923065, 0.0]]	[[-0.022421686048994673, -0.018092931565562357, -0.021473997995093606], [0.003060398652592734, 0.03957569967334569, -0.0028883200045328157], [-0.008810162922657811, 0.009770892201019522, -0.016928271348172708]]	0.34899993141580127	[[0.0, 0.0, 0.9750000000000001], [0.0, -1.0, 0.0], [0.9750000000000001, 0.0, 0.0]]
3	[[0.04673222253661188, -0.9725397674033924, -0.22799671093185395], [-0.8377629715199755, -0.16246744520517667, 0.5213036857710898], [-0.5440306084466285, 0.16664552219444034, -0.8223502702654952]]	0.5524076727638758	0.4475923272361241	[[0.025815238294533315, -0.5372384295816292, -0.12594713248368355], [-0.46278669342509887, -0.08974826330568422, 0.2879721558600385], [-0.30052668232431745, 0.0920562650919516, -0.45427259899410655]]	0.7495705423660708	0.3789310899415194	[[-0.02101791482897393, -0.8100921353749373, -0.1579391234075461], [-0.653310336342468, -0.16899279662828584, 0.23447312553116645], [-0.27930984303262146, 0.013097048204170476, -0.6164095380977922]]	[[-0.056047012221714126, -0.0811049744498041, 0.012960494863323936], [-0.025347891406028673, -0.047211985609011534, -0.15628076094970095], [0.12847947520446132, -0.11181552624999326, 0.0]]	0.627786003693086	[[-1.8506921996565278e-16, -0.9268593750000003, 0.0], [-1.0, 1.7938038903913487e-16, 0.0], [0.0, 0.0, -0.9268593750000003]]
3	[[0.8787972042104137, -0.3840163418041313, 0.28327887866788265], [-0.395223040501579, -0.9183905790867732, -0.018907472103605397], [0.2674214316928388, -0.09534250611366366, -0.9588511794847616]]	0.6754485077924293	0.32455149220757074	[[0.5935822602360827, -0.2593832650395079, 0.191340295885334], [-0.26695281295197837, -0.620325546214786, -0.01277102381850724], [0.180629406988643, -0.06439895348366467, -0.647654598377993]]	0.8374195144664057	0.2987855378307728	[[0.6107478126826307, -0.26496079139975387, 0.24199864621290462], [-0.34172563091775426, -0.8497600441855797, -0.0209857080197535], [0.21719051099865108, -0.07984167517771452, -0.712234796490574]]	[[-0.12517411538168888, 0.05662198710102701, 0.0047753851802584705], [-0.010758144234985383, -0.08068185135621295, -0.005152221910965154], [-0.006753414487477016, 0.0, 0.09072589267909546]]	0.47831323195786835	[[0.6721933838654619, -0.6721933838654618, 0.0], [-0.7071067811865475, -0.7071067811865476, 0.0], [0.0, 0.0, -0.9506250000000002]]
3	[[-0.5446221603179724, 0.8109226453022452, -0.2139887049042392], [-0.8354447797583356, -0.5021691245819775, 0.22328947644507607], [0.07361197229480154, 0.30038414347728, 0.9509735242804028]]	0.6097811416567505	0.3902188583432495	[[-0.33210032269025896, 0.49448533644771525, -0.13048627677815647], [-0.5094384715922105, -0.3062132620923692, 0.13615771186661657], [0.044887192505529194, 0.1831685859451609, 0.5798857213210477]]	0.78223540093953	0.31185849097360047	[[-0.4720357560273278, 0.584733320287034, -0.112609385640099], [-0.67336416955819, -0.4415794663053233, 0.04010610378509514], [0.08878263929141092, 0.14308465967584189, 0.7430842140706522]]	[[-0.046013022090445645, -0.04959908029191221, 0.05478015473719935], [-0.019849687301090876, -0.048764999798487245, -0.1345588293474967], [0.03120074862943726, -0.09188645123298551, -0.00080094197770667]]	0.39478901941135364	[[-0.6721933838654619, 0.6721933838654618, 0.0], [-0.7071067811865475, -0.7071067811865476, 0.0], [0.0, 0.0, 0.9506250000000002]]
3	[[0.3802729664721569, 0.7767473726770865, -0.5020517802076895], [0.4287143634067757, 0.332951791095048, 0.839849450446521], [0.8195098935212374, -0.5346088512602871, -0.20639019011321075]]	0.5450276514150346	0.4549723485849657	[[0.2072592818129479, 0.423348796272991, -0.27363210265533405], [0.23366118261548663, 0.18146793273496328, 0.45774117351907484], [0.4466555525772651, -0.29137660662808385, -0.11248836059250575]]	0.7062366127923743	0.44537813844565655	[[0.21039910822519722, 0.4704210292213528, -0.30501172886208516], [0.3325686686145771, 0.22090490693071713, 0.49319175242933294], [0.5911548125623185, -0.29731631048911394, -0.052627926355375734]]	[[-0.058163583552607, -0.0781464042534887, 0.04955561983817494], [0.029794888746736865, -0.014237838235403697, -0.09994067870955511], [0.012386921212040608, 0.08024403379377347, 0.09313238242375238]]	0.6835827003576365	[[0.0, 0.6553885492688253, -0.6553885492688254], [0.0, 0.7071067811865476, 0.7071067811865475], [0.9268593750000003, 0.0, 0.0]]
3	[[-0.42203838922340475, -0.825029846081567, 0.3757783270710803], [0.2588054115689476, 0.28760896992378115, 0.9221175843470338], [-0.8688517462515349, 0.4864224845687207, 0.09214016247897017]]	0.4535939361502329	0.5464060638497672	[[-0.19143405417434822, -0.3742285353255589, 0.1704507704961209], [0.11739256533053996, 0.13045768473984176, 0.41826694467731546], [-0.39410588351323717, 0.22063828940750196, 0.041794218976358086]]	0.6522797975786481	0.6000883766751106	[[-0.12166736797060654, -0.38453055387597324, 0.3518078847812076], [0.13205130124946315, 0.09609925868363899, 0.6491648620693964], [-0.5120890819516823, 0.18536707859540158, -0.031719242486557275]]	[[0.15361974712245463, 0.15361974712245463, 0.10669527366484033], [-0.0367622402209887, -0.09150226200004848, 0.04768619080780115], [0.05464535921912371, -0.13191648117678664, -0.09182040901720366]]	0.664841268077066	[[0.0, -0.6553885492688253, 0.6553885492688254], [0.0, 0.7071067811865476, 0.7071067811865475], [-0.9268593750000003, 0.0, 0.0]]
3	[[-0.8305561570912853, 0.32773595720904825, 0.4502950280316503], [-0.5100865793185324, -0.772219296347621, -0.37879947194723407], [0.22358030216652452, -0.5443036842615101, 0.808545204538665]]	0.5210326518122524	0.4789673481877475	[[-0.43274687700826614, 0.17076113487885736, 0.23461841255320337], [-0.2657717630761759, -0.40235146775659253, -0.1973668933737483], [0.11649263773080898, -0.2835999920019535, 0.42127845203086073]]	0.7493583341921031	0.4549274257224244	[[-0.5256801943137995, 0.14681994558018424, 0.2485538135319766], [-0.5536108875703462, -0.5976494560071568, -0.2890348398337788], [0.23123159230280288, -0.33706626708060033, 0.4755294092679378]]	[[0.0967039840171208, -0.09877172536884253, -0.08887851856880724], [-0.17137325819846283, -0.018980490465105405, -0.0051782985425512604], [0.06368982951312899, 0.07081223505222936, -0.13036067832416942]]	0.680399957480134	[[-0.6721933838654619, 0.6721933838654618, 0.0], [-0.7071067811865475, -0.7071067811865476, 0.0], [0.0, 0.0, 0.9506250000000002]]
3	[[-0.3195682178843842, -0.5708200961323295, -0.7563336379995778], [0.910087742671785, 0.03735879733279218, -0.41272826520656647], [0.2638493031197415, -0.8202248094963509, 0.507557688474819]]	0.464452604398806	0.535547395601194	[[-0.14842429107948735, -0.2651188802918373, -0.35128112796332767], [0.42269262231534094, 0.0173513907184225, -0.19169271768419088], [0.12254549600277395, -0.3809555489630945, 0.2357364902947675]]	0.6666468207762529	0.555433132903493	[[-0.26341578380420494, -0.27178392691074393, -0.4675756847471695], [0.5971809352557772, -0.048620809723947604, -0.06590338803234236], [0.27392871708526767, -0.4349014363191235, 0.3198111440635453]]	[[-0.05037664733044733, 0.10875147541106871, 0.03663173047138644], [-0.009526165023804937, -0.07352593319387785, 0.20924059781211335], [0.09803441799646218, 0.11189882525342645, -0.018550575318736568]]	0.910337453376256	[[0.0, 0.0, -0.9268593750000003], [0.7071067811865475, 0.7071067811865476, 0.0], [0.6553885492688254, -0.6553885492688253, 0.0]]
3	[[0.22433838825039393, -0.7661379269479729, -0.6022499185961573], [-0.9416906372873723, -0.011392912655017143, -0.3362869982418849], [0.2507808429735371, 0.642575192824231, -0.724020780340167]]	0.5036620144028946	0.49633798559710535	[[0.11299072453409209, -0.3858745715970738, -0.30333040717412], [-0.47429380332050364, -0.005738177337742187, -0.16937498695201045], [0.1263087845457077, 0.3236407160231806, -0.3646617646956842]]	0.7040973969167454	0.5194519109486319	[[0.2828924333899887, -0.40261957796353437, -0.36538389290022766], [-0.6788046309996189, 0.004150808475212851, -0.038741957595064824], [0.31621046079175935, 0.3196648103929924, -0.4838891139635567]]	[[0.12493635819438809, 0.136816142079725, 0.05865870707664862], [-0.01576270458470883, 0.012172528618910205, 0.1980368424839925], [0.1396363220575048, -0.1327707101978246, 0.025892032787585614]]	0.7398093491094008	[[1.8506921996565278e-16, -0.9268593750000003, 0.0], [-1.0, -1.7938038903913487e-16, 0.0], [0.0, 0.0, -0.9268593750000003]]
