3	[[0.5319609947059123, -0.8460851799387872, 0.03402011756955908], [-0.703274286200726, -0.4190807785627857, 0.5742617690636116], [-0.47161719485230363, -0.3294103357928521, -0.8179645788128509]]	0.4580164092857821	0.541983590714218	[[0.24364686467529484, -0.3875208960654781, 0.015581772092689586], [-0.322111163308678, -0.191945873398017, 0.2630213134566164], [-0.2160084141436851, -0.15087533918146584, -0.3746411993108191]]	0.6616552077531446	0.5521144647552869	[[0.39519907511611707, -0.534094754209197, 0.09330038694242562], [-0.4062657730259044, -0.23514587492220826, 0.3008410081606431], [-0.2730367645510841, -0.03830430571131455, -0.4439829747325726]]	[[0.043224312647407295, 0.025721911300057763, 0.07079079898415261], [0.059059320917681346, 0.04214110468310126, -0.07912228195382917], [0.03901120848887223, 0.1796517584537381, 0.0972275485965576]]	0.7023022408643669	[[0.5935612996041577, -0.5935612996041576, 0.0], [-0.7071067811865475, -0.7071067811865476, 0.0], [0.0, 0.0, -0.8394224399999998]]
3	[[0.8592155572171323, 0.2624339665249735, -0.4391776855101157], [-0.4266000482917053, 0.8413623931712975, -0.33184593135155627], [0.2824199444684594, 0.4724804086637203, 0.8348660002631537]]	0.4974884079795984	0.5025115920204017	[[0.42744977967125464, 0.1305578562062803, -0.21848580758459218], [-0.2122285788686602, 0.41856803751269384, -0.16508950408259288], [0.1405006485553005, 0.23505352630766432, 0.4153361573472113]]	0.7397562757525795	0.4582324068475199	[[0.4595393416886717, 0.18487930289831617, -0.2851472198872092], [-0.3520181396149404, 0.7495887711693161, -0.25252804519860916], [0.23728986850612832, 0.30975184271308076, 0.4556727935105028]]	[[-0.1760707589869513, -0.009257870809175367, 0.03973722913939158], [-0.036438076654797924, 0.12718566063863965, -0.007042934898335757], [0.02836794218789045, -0.0397685047660498, -0.1619245695966198]]	0.6894614081683675	[[0.6478512329231149, 0.6478512329231148, 0.0], [-0.7071067811865475, 0.7071067811865476, 0.0], [0.0, 0.0, 0.9161999999999999]]
3	[[-0.8305561570912853, 0.32773595720904825, 0.4502950280316503], [-0.5100865793185324, -0.772219296347621, -0.37879947194723407], [0.22358030216652452, -0.5443036842615101, 0.808545204538665]]	0.45352593583847123	0.5464740641615287	[[-0.37667875841122944, 0.14863675670115076, 0.20422047399146484], [-0.23133749324408198, -0.35022147904858053, -0.17179538500998803], [0.10139946577512123, -0.24685583778502912, 0.3666962205561062]]	0.6837081916753575	0.5298437811159494	[[-0.4361300924877999, 0.10502791584683965, 0.24698760883546783], [-0.5436083589702615, -0.5950607018580806, -0.27064665661487936], [0.20137312941448077, -0.306949323520888, 0.39341609967794233]]	[[0.13172795576191693, -0.11904784280355106, -0.06088279050045624], [-0.19485798622651898, -0.06708804317543163, -0.01165835464225571], [0.04850944532597629, 0.06519556416778376, -0.15939288000497032]]	0.6868655043747289	[[-0.5935612996041577, 0.5935612996041576, 0.0], [-0.7071067811865475, -0.7071067811865476, 0.0], [0.0, 0.0, 0.8394224399999998]]
3	[[-0.3195682178843842, -0.5708200961323295, -0.7563336379995778], [0.910087742671785, 0.03735879733279218, -0.41272826520656647], [0.2638493031197415, -0.8202248094963509, 0.507557688474819]]	0.4050870181902436	0.5949129818097563	[[-0.12945293649115527, -0.23123181066531362, -0.306380938174228], [0.3686647299704031, 0.015133563814714472, -0.16719086227536012], [0.10688192745234984, -0.3322624223245374, 0.20560503058379703]]	0.6115790298555241	0.6089717510631932	[[-0.2641811510877296, -0.26418115108772955, -0.3613824862430372], [0.6102061759635484, -0.09708127729232513, -0.05676306033747166], [0.21362169999294606, -0.3300602116389707, 0.3299532982192024]]	[[-0.06873993042133916, 0.08492044952691752, 0.10117530633184374], [0.053615597216934374, -0.11992913432168334, 0.19565289169151373], [0.052256999162918406, 0.1715720816162397, 0.019541659506060263]]	0.9439018614337135	[[-1.5356463425051544e-16, -0.7690788395279997, 0.0], [1.0, -1.7938038903913487e-16, 0.0], [0.0, 0.0, 0.7690788395279997]]
3	[[-0.30792515101507295, 0.09349718223056193, 0.9468053539599837], [0.3027085282091916, -0.9338174967034747, 0.1906631317268273], [0.9019698710720718, 0.34531602882779927, 0.2592434992682147]]	0.5958856780346795	0.40411432196532066	[[-0.18348818739654782, 0.0557136318277904, 0.5641877503113095], [0.180379676578814, -0.556448472183797, 0.11361342952525594], [0.5374709281906339, 0.20576887597429608, 0.15447948833752306]]	0.7966296323641058	0.3050377291450962	[[-0.17648519657343503, 0.07125979088933344, 0.723683691403115], [0.26105335250551337, -0.8375915160179415, 0.13103541216842582], [0.6651319150430519, 0.24213305531706686, 0.1052254056841016]]	[[0.06881710327536433, -0.0032228350180789136, -0.03056950964239402], [0.01990676896474552, -0.09368482692388272, -0.020852488364505685], [-0.05340401175259282, -0.03295592577745586, -0.10129564783072063]]	0.48346545772323757	[[0.0, 0.0, 0.9161999999999999], [0.0, -1.0, 0.0], [0.9161999999999999, 0.0, 0.0]]
3	[[0.034229894132735264, 0.2773841392786001, 0.9601491309293217], [-0.1827544195208179, -0.9427759796974285, 0.2788803941677556], [0.9825625356654255, -0.18501754344446375, 0.018422055382213542]]	0.7561564144404846	0.24384358555951552	[[0.025883154014086484, 0.20974579617956624, 0.7260229241716635], [-0.1381909265880138, -0.7128861044286225, 0.2108771989116391], [0.7429709639323191, -0.1399022022595523, 0.013929955344438624]]	0.8693556750076098	0.20106428655718678	[[0.009218274278446528, 0.2110593769086723, 0.7805748403580092], [-0.16841280218600851, -0.8236211978313591, 0.2574032941246458], [0.8097905815759032, -0.14434467245345722, 0.0]]	[[-0.020539678440756562, -0.03008609873027996, -0.054136255469021205], [-0.009534210442863999, -0.004013549620540444, 0.014957040806548336], [-0.04440573485470119, 0.0165013789159543, -0.016015318391831825]]	0.3757509495640521	[[0.0, 0.0, 0.9161999999999999], [0.0, -1.0, 0.0], [0.9161999999999999, 0.0, 0.0]]
3	[[0.04673222253661188, -0.9725397674033924, -0.22799671093185395], [-0.8377629715199755, -0.16246744520517667, 0.5213036857710898], [-0.5440306084466285, 0.16664552219444034, -0.8223502702654952]]	0.5009736381411848	0.4990263618588151	[[0.023411611542589895, -0.48721678551305925, -0.11422034175975497], [-0.41969716374233185, -0.08139190710394091, 0.2611594040371519], [-0.2725449931736699, 0.08348501353368633, -0.4119758067212917]]	0.694689504072233	0.47360365418895395	[[-1.0306091032008447e-16, -0.6949968952671555, -0.10428008338164699], [-0.6711239916865074, -0.13559088876459774, 0.23255045564803403], [-0.25293157882234174, 0.0, -0.516147260705658]]	[[-0.032464384498152137, -0.01938372655916834, 0.05410683866570291], [-0.08913884847121539, -0.022726459827130993, -0.12959374329131154], [0.12500077475956173, -0.11576689516911405, 0.05513084071874553]]	0.6855534579948468	[[1.5356463425051544e-16, -0.7690788395279997, 0.0], [-1.0, -1.7938038903913487e-16, 0.0], [0.0, 0.0, -0.7690788395279997]]
3	[[0.8787972042104137, -0.3840163418041313, 0.28327887866788265], [-0.395223040501579, -0.9183905790867732, -0.018907472103605397], [0.2674214316928388, -0.09534250611366366, -0.9588511794847616]]	0.5740096454637822	0.4259903545362178	[[0.5044380716233826, -0.22042908421128798, 0.16260480871152908], [-0.22686183735742937, -0.5271650506988764, -0.010853071358806886], [0.1535024811954234, -0.05472751813193256, -0.5503898255885774]]	0.7931863792974837	0.3647041657914441	[[0.5534802228546336, -0.2344395586674357, 0.22550475025020508], [-0.34551826577929917, -0.8469987442243033, -0.02385944097450274], [0.20247603898617644, -0.07562437721744508, -0.6422923361859925]]	[[-0.14356974968977582, 0.07015697307924815, 0.0008118021481760521], [-0.03203273326890886, -0.11854384601754639, -0.008862291634975799], [-0.009638998164815728, 0.0, 0.11825535915464731]]	0.5121990543875876	[[0.5935612996041577, -0.5935612996041576, 0.0], [-0.7071067811865475, -0.7071067811865476, 0.0], [0.0, 0.0, -0.8394224399999998]]
3	[[-0.42203838922340475, -0.825029846081567, 0.3757783270710803], [0.2588054115689476, 0.28760896992378115, 0.9221175843470338], [-0.8688517462515349, 0.4864224845687207, 0.09214016247897017]]	0.40164323340376445	0.5983567665962356	[[-0.16950886326820477, -0.33136765503481075, 0.15092882232788604], [0.10394744232494416, 0.11551619663611355, 0.3703622881556112], [-0.34896842471297357, 0.19536829950247375, 0.03700747278440179]]	0.5949931877988525	0.644259475350221	[[-0.0890717028013908, -0.32884887437313254, 0.2821640249452426], [0.15750791160331923, 0.08216948946010447, 0.6188798903877836], [-0.4369293354585154, 0.16801681493993845, -0.028133202651094723]]	[[0.16203826377613564, 0.16203826377613562, 0.05857848021550083], [0.0035204547543170456, -0.08895588839439034, 0.07022620935176473], [0.080031534768285, -0.12140124977064287, -0.08295597164876141]]	0.7060443702669109	[[0.0, -0.5438208626973291, 0.5438208626973292], [0.0, 0.7071067811865476, 0.7071067811865475], [-0.7690788395279997, 0.0, 0.0]]
3	[[0.08740825448676931, -0.06334395238859675, -0.994156597696443], [0.7119981850616444, -0.6940087028176986, 0.10681996481098455], [-0.6967197295301035, -0.717174639895393, -0.015561310176609944]]	0.6218460344082446	0.3781539655917555	[[0.054354476427144145, -0.03939018559659353, -0.6182123378583257], [0.442753247886451, -0.43156655969199575, 0.06642557151333897], [-0.43325240090227957, -0.4459722057971109, -0.009676739023521556]]	0.818122772963817	0.29254809167356527	[[0.036657952482815906, -0.0287759147752504, -0.7205015128755827], [0.6359866323162021, -0.6396986418573686, 0.07112014887034532], [-0.5298191500819168, -0.5150449479220787, 0.025921086785013363]]	[[-0.0348527310578268, 0.02304721520339638, 0.09284063959210496], [0.053484702808364884, -0.07191431744713155, -0.016271696948714703], [0.04018312701985183, 0.07169195716846694, 0.03865214901765156]]	0.269432356003777	[[0.0, 0.0, -0.7690788395279997], [0.7071067811865475, -0.7071067811865476, 0.0], [-0.5438208626973292, -0.5438208626973291, 0.0]]
3	[[0.8489524140446696, -0.5135124485683378, 0.12483895166604869], [0.522794976890395, 0.7815435453534784, -0.34040431673891397], [0.0772347773085365, 0.35425224329800037, 0.9319550081910795]]	0.6664707785873561	0.333529221412644	[[0.5658019763719663, -0.3422410414116397, 0.08320151331490076], [0.3484275752897004, 0.5208759351716552, -0.22686953001148102], [0.05147472216684139, 0.23609876840713584, 0.6211207799174947]]	0.8225898250632306	0.2671317889681005	[[0.6546536426012459, -0.4054270226102783, 0.05000708627950719], [0.47650334137228967, 0.6261268683669823, -0.26414641798391264], [0.026919587560729586, 0.22623691932732307, 0.7226706394150854]]	[[-0.043685975154766125, 0.016983092625341947, -0.05268416513254491], [0.046457512788083834, -0.016762899884632497, 0.015866709373119212], [-0.036612954394297036, -0.06516737151543611, -0.04394606773961635]]	0.4560075600246454	[[0.6478512329231149, -0.6478512329231148, 0.0], [0.7071067811865475, 0.7071067811865476, 0.0], [0.0, 0.0, 0.9161999999999999]]
3	[[-0.5446221603179724, 0.8109226453022452, -0.2139887049042392], [-0.8354447797583356, -0.5021691245819775, 0.22328947644507607], [0.07361197229480154, 0.30038414347728, 0.9509735242804028]]	0.5264904731316964	0.4735095268683037	[[-0.2867383788638158, 0.4269430471983858, -0.11266301448987182], [-0.43985371737037204, -0.26438725999329504, 0.11755978209889689], [0.038756002121647405, 0.15814938982061255, 0.500678500734106]]	0.735038283612943	0.37796210615075143	[[-0.4658927492423468, 0.534134121916842, -0.08031025600737784], [-0.6810395385868824, -0.46915124204749364, 0.0372102438020301], [0.09550018676899032, 0.08115856520646701, 0.6984956061424903]]	[[-0.06557461130465128, -0.06192506742898764, 0.0769796343579907], [-0.06695564161992233, -0.10003771063134277, -0.12691606971299127], [0.0413925690000559, -0.13963528003961687, -0.0005063409059283263]]	0.4386343127964103	[[-0.5935612996041577, 0.5935612996041576, 0.0], [-0.7071067811865475, -0.7071067811865476, 0.0], [0.0, 0.0, 0.8394224399999998]]
3	[[0.3802729664721569, 0.7767473726770865, -0.5020517802076895], [0.4287143634067757, 0.332951791095048, 0.839849450446521], [0.8195098935212374, -0.5346088512602871, -0.20639019011321075]]	0.4908497009336539	0.5091502990663465	[[0.18665687186601157, 0.3812662155795492, -0.2464319661681529], [0.21043431706417762, 0.16342928708432877, 0.41223985158096843], [0.4022561861470698, -0.26241259475759615, -0.10130656309270944]]	0.6453972063307872	0.5226805562382092	[[0.1221922199017006, 0.4111280433375247, -0.2330622052263278], [0.3006536457239978, 0.13864613286555322, 0.4715096409707285], [0.5571852087226814, -0.264829459003787, -0.0942771244014187]]	[[-0.12323489030255061, -0.09018254101304593, 0.09096061115311332], [0.023962593267382842, -0.0762400229500226, -0.0705268480859031], [0.02827581288363405, 0.08020560007931371, 0.038926527711727596]]	0.7294401234631541	[[0.0, 0.5438208626973291, -0.5438208626973292], [0.0, 0.7071067811865476, 0.7071067811865475], [0.7690788395279997, 0.0, 0.0]]
3	[[0.22433838825039393, -0.7661379269479729, -0.6022499185961573], [-0.9416906372873723, -0.011392912655017143, -0.3362869982418849], [0.2507808429735371, 0.642575192824231, -0.724020780340167]]	0.42217740400102804	0.5778225959989719	[[0.09471059836932606, -0.32344612110562443, -0.25425630719275616], [-0.39756050862205666, -0.004809830288705604, -0.14197277191705726], [0.10587400525975736, 0.2712807267819939, -0.30566521348681036]]	0.6413805479832679	0.5696050195190228	[[0.2620240323787039, -0.38683549731084427, -0.2580590548783229], [-0.6854372968685305, -0.04862081582371988, -0.04053772993554479], [0.2356972812123211, 0.23569728121232109, -0.4641926948938622]]	[[0.11813775398898324, 0.10455046610581153, 0.128212327933759], [-0.08145523989444281, -0.04131362326191956, 0.17515020927648364], [0.07485132672224802, -0.1764379480817383, 0.00018014995198738226]]	0.7323046493083895	[[1.5356463425051544e-16, -0.7690788395279997, 0.0], [-1.0, -1.7938038903913487e-16, 0.0], [0.0, 0.0, -0.7690788395279997]]
