3	[[0.8489524140446696, -0.5135124485683378, 0.12483895166604869], [0.522794976890395, 0.7815435453534784, -0.34040431673891397], [0.0772347773085365, 0.35425224329800037, 0.9319550081910795]]	0.7687720305540756	0.23122796944592452	[[0.652650871188905, -0.39477400780067634, 0.09597269436455033], [0.40191015594749996, 0.6008288183278248, -0.2616933177887476], [0.05937593658087545, 0.2723392164085401, 0.7164609440320963]]	0.8914830407921811	0.1936105560419178	[[0.7704670468325471, -0.44296516526780333, 0.0581704091490388], [0.4652518704682971, 0.6252694157916059, -0.27575305737371786], [0.03924042280274306, 0.2897492104548226, 0.8187857228836077]]	[[0.013640367272142333, 0.014822473866536894, -0.05312139909151841], [-0.0008109852408302947, -0.07146340053161482, 0.027711618011473933], [-0.02961307132717801, -0.026060656607930298, -0.012036361700077793]]	0.42884254751921863	[[0.7028641404994282, -0.7028641404994281, 0.0], [0.7071067811865475, 0.7071067811865476, 0.0], [0.0, 0.0, 0.994]]
3	[[0.034229894132735264, 0.2773841392786001, 0.9601491309293217], [-0.1827544195208179, -0.9427759796974285, 0.2788803941677556], [0.9825625356654255, -0.18501754344446375, 0.018422055382213542]]	0.8680459774644537	0.13195402253554644	[[0.029713121910954952, 0.2407821863132286, 0.8334535908691888], [-0.15863923872889718, -0.8183728968264623, 0.24208100435102153], [0.8529094566916463, -0.16060373434732156, 0.015991191071157856]]	0.9335182389101324	0.12253888476777203	[[0.011934860743839239, 0.2439080055667297, 0.8873785745812492], [-0.16325415401293636, -0.8280093466049647, 0.2519680140147681], [0.9216253649041707, -0.1661725210865174, 0.0]]	[[-0.02001936974503205, -0.015035147634231959, -0.008938151214985174], [0.007350429851181055, 0.05208922564895352, -0.008371920415278743], [0.004385316990708558, 0.006544730237237343, -0.017197324697508908]]	0.3409001598392509	[[0.0, 0.0, 0.994], [0.0, -1.0, 0.0], [0.994, 0.0, 0.0]]
3	[[0.5319609947059123, -0.8460851799387872, 0.03402011756955908], [-0.703274286200726, -0.4190807785627857, 0.5742617690636116], [-0.47161719485230363, -0.3294103357928521, -0.8179645788128509]]	0.5289158630580307	0.4710841369419693	[[0.28136260862808604, -0.44750787316793283, 0.017993779845639032], [-0.3719729260523775, -0.22165847168456723, 0.3037361592055116], [-0.2494458156483136, -0.17423035205611212, -0.4326344411536977]]	0.7297245026738173	0.4750808373839959	[[0.5189632830362091, -0.6287247394046938, 0.11176656346828465], [-0.4275372369363392, -0.24422596091585946, 0.27956954425020825], [-0.291755875434936, -0.06826486760640109, -0.5291303104242708]]	[[0.1307783107325681, -0.011315652254175149, 0.0869412500939333], [0.08565924180476939, 0.06158755180102541, -0.13948333958432227], [0.052394747531082114, 0.17211392585565308, 0.06775848505473528]]	0.6474760082682718	[[0.6986469556564318, -0.6986469556564316, 0.0], [-0.7071067811865475, -0.7071067811865476, 0.0], [0.0, 0.0, -0.988036]]
3	[[0.3802729664721569, 0.7767473726770865, -0.5020517802076895], [0.4287143634067757, 0.332951791095048, 0.839849450446521], [0.8195098935212374, -0.5346088512602871, -0.20639019011321075]]	0.5588113574048221	0.4411886425951782	[[0.2125008525786644, 0.43405525368631187, -0.28055223678536634], [0.23957045535428456, 0.18605724233219054, 0.46931741141971434], [0.45795143600528404, -0.2987454978533937, -0.1153331822922026]]	0.7244273050350969	0.43792741104113064	[[0.23142695332575408, 0.4901368994777987, -0.3207958241045516], [0.3335849339653637, 0.221980750650006, 0.4894581848486893], [0.615586017700331, -0.31878848078338834, -0.0514324015437677]]	[[-0.044053166953372316, -0.07256010640375507, 0.04290419401937759], [0.023012543052756046, -0.019218618079588107, -0.11895168917349111], [0.021910674087141965, 0.06849676858301036, 0.09808228766562684]]	0.6718151925743966	[[0.0, 0.6944550739224931, -0.6944550739224931], [0.0, 0.7071067811865476, 0.7071067811865475], [0.982107784, 0.0, 0.0]]
3	[[0.04673222253661188, -0.9725397674033924, -0.22799671093185395], [-0.8377629715199755, -0.16246744520517667, 0.5213036857710898], [-0.5440306084466285, 0.16664552219444034, -0.8223502702654952]]	0.5696619611575151	0.43033803884248506	[[0.02662156953945571, -0.5540189112026901, -0.12988105348690296], [-0.4772416973412167, -0.09255152345983209, 0.296966879995], [-0.3099135433374226, 0.09493161499140308, -0.4684616677178546]]	0.7595666741272165	0.3698122247425708	[[-0.008400538025687621, -0.8328598746165764, -0.13705520644124664], [-0.6471350795193825, -0.11269252647954839, 0.23856352046833218], [-0.2763526188342353, 0.03120723197511037, -0.6246298597531798]]	[[-0.04389677687239473, -0.09415107803352471, 0.03612349699320608], [-0.010798245535020685, 0.010712330528893314, -0.15740138634307402], [0.1368749010469763, -0.09537115307631394, 0.0]]	0.611075137566107	[[1.961008610470987e-16, -0.982107784, 0.0], [-1.0, -1.7938038903913487e-16, 0.0], [0.0, 0.0, -0.982107784]]
3	[[-0.30792515101507295, 0.09349718223056193, 0.9468053539599837], [0.3027085282091916, -0.9338174967034747, 0.1906631317268273], [0.9019698710720718, 0.34531602882779927, 0.2592434992682147]]	0.7402418110613866	0.25975818893861335	[[-0.22793907145874862, 0.06921052350348765, 0.7008649099379556], [0.22407750914529878, -0.6912507549605906, 0.14113682193210236], [0.6676758108851959, 0.25561736256801604, 0.19190287740419454]]	0.8617893874599633	0.246454081072136	[[-0.26569863596580956, 0.08328984216855843, 0.7594490011288508], [0.2430944964501453, -0.8496280366228594, 0.11993553693561791], [0.6946686856766433, 0.2741831405422167, 0.18240879379725117]]	[[-0.00033200868901318885, 0.002714962764849899, -0.05649780490413721], [-0.01777650065416088, -0.044874028139375494, -0.04437592656644287], [-0.08263937702189973, -0.02340654842139947, -0.041004502640081014]]	0.46715189981801725	[[0.0, 0.0, 0.994], [0.0, -1.0, 0.0], [0.994, 0.0, 0.0]]
3	[[0.08740825448676931, -0.06334395238859675, -0.994156597696443], [0.7119981850616444, -0.6940087028176986, 0.10681996481098455], [-0.6967197295301035, -0.717174639895393, -0.015561310176609944]]	0.8336829592201528	0.16631704077984752	[[0.07287077226079804, -0.05280877367602581, -0.8288114142958093], [0.5935807538815696, -0.5785832290895982, 0.08905398436741417], [-0.580843365861721, -0.5978962760656387, -0.012973199117378847]]	0.923248102106314	0.1188359862768109	[[0.06971847434615934, -0.026220739293860235, -0.9017192749415318], [0.6303492972573373, -0.6343993788816931, 0.06540360077760576], [-0.6561526766001871, -0.6570835976068157, 0.022052171486088113]]	[[-0.010981030717176129, 0.032261444528824436, 0.016133917078179655], [-0.02700167580396587, 0.006342838840012134, -0.033217729001198966], [-0.01290750861149458, 0.005046527555385158, 0.03641912157293092]]	0.11761549628179084	[[0.0, 0.0, -0.982107784], [0.7071067811865475, -0.7071067811865476, 0.0], [-0.6944550739224931, -0.6944550739224931, 0.0]]
3	[[0.8592155572171323, 0.2624339665249735, -0.4391776855101157], [-0.4266000482917053, 0.8413623931712975, -0.33184593135155627], [0.2824199444684594, 0.4724804086637203, 0.8348660002631537]]	0.6240677189229774	0.37593228107702276	[[0.5362086928556306, 0.16377656685714923, -0.2740766163981706], [-0.2662273190298365, 0.5250671094939889, -0.2070943334124367], [0.1762491705227854, 0.29485977087056403, 0.5210129203905762]]	0.8172136811695161	0.330628965275114	[[0.5989891847695589, 0.22094330906877352, -0.296254962048319], [-0.32568365003379574, 0.7523530960095062, -0.27218886425976224], [0.2541888805369464, 0.3688753068082799, 0.5797798265082819]]	[[-0.1031735236619708, 0.0064786812209823, 0.0626470510149108], [0.022939745817762078, 0.06478023748839618, -0.0009998291188304323], [0.02339143808218637, -0.01724214723627636, -0.10248409085004007]]	0.626784565184337	[[0.982107784, 0.0, 0.0], [0.0, 0.7071067811865476, -0.7071067811865475], [0.0, 0.6944550739224931, 0.6944550739224931]]
3	[[-0.5446221603179724, 0.8109226453022452, -0.2139887049042392], [-0.8354447797583356, -0.5021691245819775, 0.22328947644507607], [0.07361197229480154, 0.30038414347728, 0.9509735242804028]]	0.6376939156899679	0.3623060843100321	[[-0.3473022379846972, 0.5171204370044558, -0.13645929514380933], [-0.5327580529468359, -0.32023019539328457, 0.14239034056662342], [0.04694190685433341, 0.19155314066520385, 0.6064300304158589]]	0.7955652039954926	0.30501364251745294	[[-0.466202669623185, 0.600473720083402, -0.12621321401245572], [-0.6648167689124377, -0.42609184091630187, 0.048089141150093336], [0.09236643428047106, 0.16987068742519507, 0.7463524688064872]]	[[-0.03292022954935151, -0.04466811965104306, 0.0440287536574166], [-0.00016597227702812647, -0.026583558878003077, -0.12955219672798035], [0.03380331052524674, -0.06910448495731847, -0.010208977031963953]]	0.38352962562858406	[[-0.6986469556564318, 0.6986469556564316, 0.0], [-0.7071067811865475, -0.7071067811865476, 0.0], [0.0, 0.0, 0.988036]]
3	[[0.8787972042104137, -0.3840163418041313, 0.28327887866788265], [-0.395223040501579, -0.9183905790867732, -0.018907472103605397], [0.2674214316928388, -0.09534250611366366, -0.9588511794847616]]	0.7127776083593674	0.2872223916406325	[[0.6263869694499974, -0.27371824968206204, 0.20191484163561682], [-0.281706133577233, -0.6546082405012448, -0.013476822746129297], [0.19061200850605953, -0.06795800348268556, -0.683447650485707]]	0.8510216346012343	0.27746409834176816	[[0.6291070117767366, -0.2752446323325885, 0.24784066349518408], [-0.3446078975526977, -0.8505937622958549, -0.016090667815787503], [0.22081721480340405, -0.08113853539982821, -0.7365318383573725]]	[[-0.11876842143340448, 0.05156158258314951, 0.006764209123237873], [-0.008264539592974298, -0.06902351047905535, 0.0], [-0.006764209123237873, 0.0, 0.07947125974707094]]	0.470432002610186	[[0.6986469556564318, -0.6986469556564316, 0.0], [-0.7071067811865475, -0.7071067811865476, 0.0], [0.0, 0.0, -0.988036]]
3	[[-0.8305561570912853, 0.32773595720904825, 0.4502950280316503], [-0.5100865793185324, -0.772219296347621, -0.37879947194723407], [0.22358030216652452, -0.5443036842615101, 0.808545204538665]]	0.544319269294407	0.4556807307055931	[[-0.4520877205358991, 0.1783929967495322, 0.2451042606250923], [-0.27764995413154714, -0.42033384312297806, -0.20618785177942567], [0.12169906670390535, -0.2962749836914788, 0.44010673492598296]]	0.7683727195823873	0.4289026232319496	[[-0.5525893819238284, 0.15867865611980364, 0.25371384906309813], [-0.5520882343524981, -0.603118029105127, -0.29474753870437054], [0.23856130875293186, -0.3456933581399147, 0.4984122378653582]]	[[0.08558731126629905, -0.09314471262584965, -0.09228056624000834], [-0.1601516221790401, -0.009765788256508076, -0.003688358267902049], [0.06676830393218747, 0.07253474401481486, -0.12285183985131334]]	0.6813245776802611	[[-0.694455073922493, 0.6944550739224932, 0.0], [-0.7071067811865477, -0.7071067811865474, 0.0], [0.0, 0.0, 0.982107784]]
3	[[-0.42203838922340475, -0.825029846081567, 0.3757783270710803], [0.2588054115689476, 0.28760896992378115, 0.9221175843470338], [-0.8688517462515349, 0.4864224845687207, 0.09214016247897017]]	0.4704255350440199	0.5295744649559803	[[-0.1985376350595365, -0.3881151067702065, 0.17677572057035962], [0.12174867420960993, 0.13529860355985426, 0.43378765798995256], [-0.4087300476043094, 0.22882555756068196, 0.04334508523321248]]	0.6703265151519104	0.587616537796211	[[-0.13353819362830316, -0.4036740525400264, 0.37685507462658463], [0.12413795535155948, 0.10063194020655018, 0.6587984015175528], [-0.538136605946362, 0.19065456368806383, -0.032744713933852684]]	[[0.14936532908014732, 0.14936532908014732, 0.12496089817141257], [-0.049346174287909106, -0.09215997832888864, 0.040678534641907856], [0.044277757302081354, -0.13540732528442068, -0.09450870795391157]]	0.6555447001910597	[[0.0, -0.6944550739224931, 0.6944550739224931], [0.0, 0.7071067811865476, 0.7071067811865475], [-0.982107784, 0.0, 0.0]]
3	[[0.22433838825039393, -0.7661379269479729, -0.6022499185961573], [-0.9416906372873723, -0.011392912655017143, -0.3362869982418849], [0.2507808429735371, 0.642575192824231, -0.724020780340167]]	0.5264227565728149	0.4735772434271851	[[0.11809683274787473, -0.4033124394189338, -0.31703806229314246], [-0.4957273811196292, -0.005997488485247416, -0.17702912861409045], [0.13201674265378363, 0.3382662043118398, -0.3811410150026712]]	0.7227013160132368	0.5034058405688884	[[0.2700097662701088, -0.40658474601068306, -0.41266974149829094], [-0.6825999638557414, 0.03285485571052642, -0.03821522180602395], [0.3383474165390812, 0.35587179409119063, -0.48089498636996897]]	[[0.10788011784926071, 0.14710414204226993, 0.022577067240016575], [-0.0020389010108137866, 0.04108852867953108, 0.20481983438152734], [0.15710777129119702, -0.10851814340034055, 0.042355784402800425]]	0.7497377952180075	[[1.961008610470987e-16, -0.982107784, 0.0], [-1.0, -1.7938038903913487e-16, 0.0], [0.0, 0.0, -0.982107784]]
3	[[-0.3195682178843842, -0.5708200961323295, -0.7563336379995778], [0.910087742671785, 0.03735879733279218, -0.41272826520656647], [0.2638493031197415, -0.8202248094963509, 0.507557688474819]]	0.48497633174949656	0.5150236682505034	[[-0.15498302205329248, -0.2768342363111521, -0.3668039133357869], [0.44137101501114206, 0.01811813248903043, -0.20016344006921394], [0.1279606671616732, -0.3977896193194699, 0.2461534659077714]]	0.6817424080296355	0.5455942174388488	[[-0.2522295610994505, -0.278491412018322, -0.49391603060117245], [0.583295997378387, -0.023372560026500344, -0.07708705966481097], [0.3037908129396118, -0.47849267563530856, 0.3072605157146443]]	[[-0.03436635470921122, 0.11066085487064035, 0.021708685042474425], [-0.03714941182893112, -0.04884163648124926, 0.20428730171900766], [0.12391355367381804, 0.08068936111638278, -0.03876308504013436]]	0.9010760696007215	[[0.0, 0.0, -0.982107784], [0.7071067811865475, 0.7071067811865476, 0.0], [0.6944550739224931, -0.6944550739224931, 0.0]]
