3	[[0.034229894132735264, 0.2773841392786001, 0.9601491309293217], [-0.1827544195208179, -0.9427759796974285, 0.2788803941677556], [0.9825625356654255, -0.18501754344446375, 0.018422055382213542]]	0.7821705415862527	0.21782945841374748	[[0.02677361483224163, 0.21696170244697915, 0.7510003657425574], [-0.1429451232938794, -0.7374115986344475, 0.218132028943981], [0.7685314706637875, -0.1447152721589142, 0.014409189035437907]]	0.8799615648309105	0.18456179800397637	[[0.009188385869772017, 0.21617820745190314, 0.7967655367429646], [-0.16764248056640663, -0.824314236569787, 0.256500472222685], [0.8267776738518836, -0.14752845305132703, 0.0]]	[[-0.020932605335266107, -0.02790917380696904, -0.04812879498064001], [-0.006825615585103018, 0.005292389809756985, 0.011096444170165705], [-0.03783959257649143, 0.015279873999234257, -0.01621070068153432]]	0.3700828267106704	[[0.0, 0.0, 0.9281999999999999], [0.0, -1.0, 0.0], [0.9281999999999999, 0.0, 0.0]]
3	[[-0.8305561570912853, 0.32773595720904825, 0.4502950280316503], [-0.5100865793185324, -0.772219296347621, -0.37879947194723407], [0.22358030216652452, -0.5443036842615101, 0.808545204538665]]	0.46683611896433624	0.5331638810356637	[[-0.3877336129584292, 0.15299898230853384, 0.21021398327523255], [-0.23812683902485773, -0.3604998592962939, -0.1768372753495867], [0.10437536054029387, -0.2541006194986329, 0.3774581052940558]]	0.6970652553675728	0.5153507037870615	[[-0.4528455577389049, 0.11360059051664284, 0.24745106772292666], [-0.5450866027221354, -0.5968001888258713, -0.2739985409220684], [0.20770640219739486, -0.31269941104752397, 0.40913988417210256]]	[[0.1261062820010418, -0.11485275818841828, -0.06643395098270398], [-0.1895229710498909, -0.05851294781754934, -0.009950590276067857], [0.05185634177252735, 0.06671577561973635, -0.15446888530586833]]	0.6844134337509159	[[-0.6092115525708034, 0.6092115525708033, 0.0], [-0.7071067811865475, -0.7071067811865476, 0.0], [0.0, 0.0, 0.8615552399999998]]
3	[[-0.30792515101507295, 0.09349718223056193, 0.9468053539599837], [0.3027085282091916, -0.9338174967034747, 0.1906631317268273], [0.9019698710720718, 0.34531602882779927, 0.2592434992682147]]	0.6189797526560843	0.38102024734391576	[[-0.19059943381189726, 0.05787286273111408, 0.586053343807607], [0.18737044991781276, -0.5780141231354406, 0.11801661811690597], [0.5583010876994312, 0.21374363011201247, 0.16046647705473732]]	0.8066586825817235	0.3015413145324475	[[-0.2044565117769306, 0.06901561888957732, 0.7143954920623541], [0.25346143773252844, -0.8444580802983396, 0.12204997432876703], [0.6547417904557844, 0.24161959971355168, 0.1354408928873533]]	[[0.043933984874666376, -0.006404694953631076, -0.0493532674243286], [0.009278975161049472, -0.09118608863575195, -0.03175009632690107], [-0.0728400374716202, -0.036932573175033324, -0.07368012670022074]]	0.48039332195363366	[[0.0, 0.0, 0.9281999999999999], [0.0, -1.0, 0.0], [0.9281999999999999, 0.0, 0.0]]
3	[[-0.42203838922340475, -0.825029846081567, 0.3757783270710803], [0.2588054115689476, 0.28760896992378115, 0.9221175843470338], [-0.8688517462515349, 0.4864224845687207, 0.09214016247897017]]	0.41212758640591185	0.5878724135940882	[[-0.17393366272128064, -0.3400175591784372, 0.15486861495945564], [0.10666084961869898, 0.11853159060337841, 0.38003009441939295], [-0.35807777312720684, 0.20046812453887378, 0.037973502773506515]]	0.6068522388647041	0.6346741397569021	[[-0.09522978123960199, -0.33978604907732657, 0.295446961284318], [0.15219840770402354, 0.08499218983040091, 0.6251124332773188], [-0.45162148103610905, 0.1716644814482034, -0.02890855787421638]]	[[0.16088516014747462, 0.16088516014747462, 0.06740504218439991], [-0.004858235736893604, -0.08954395748541698, 0.06552331271980869], [0.07564314641814275, -0.12352209234645677, -0.08482402176393702]]	0.6964962069533811	[[0.0, -0.5654701630962196, 0.5654701630962197], [0.0, 0.7071067811865476, 0.7071067811865475], [-0.7996955737679998, 0.0, 0.0]]
3	[[0.3802729664721569, 0.7767473726770865, -0.5020517802076895], [0.4287143634067757, 0.332951791095048, 0.839849450446521], [0.8195098935212374, -0.5346088512602871, -0.20639019011321075]]	0.5085601549911958	0.4914398450088046	[[0.19339167876804192, 0.39502276423766314, -0.25532353115602835], [0.21802704310110166, 0.1693260144838939, 0.4271139666883533], [0.4167700784659788, -0.2718807602565967, -0.10496182707263679]]	0.658161553638092	0.5109664191940182	[[0.12521399291640575, 0.40968653426716467, -0.2545442794928425], [0.30376751681998737, 0.16160018263456616, 0.4635649408382351], [0.5787281934272762, -0.28921363038678205, -0.08371054153426463]]	[[-0.12506705350347513, -0.10153872331829278, 0.07588690017542027], [0.021604205333218263, -0.05753588547913612, -0.08919167828974504], [0.039358288685551135, 0.06264536174736421, 0.05212754664630735]]	0.7192321908565745	[[0.0, 0.5654701630962196, -0.5654701630962197], [0.0, 0.7071067811865476, 0.7071067811865475], [0.7996955737679998, 0.0, 0.0]]
3	[[0.8787972042104137, -0.3840163418041313, 0.28327887866788265], [-0.395223040501579, -0.9183905790867732, -0.018907472103605397], [0.2674214316928388, -0.09534250611366366, -0.9588511794847616]]	0.5931693969856211	0.4068306030143789	[[0.5212756076941408, -0.2277867419005807, 0.1680323616381909], [-0.23443421260914532, -0.5447611859941768, -0.011215333826218067], [0.15862620937827263, -0.05655425685853977, -0.5687611759339275]]	0.8024983004691839	0.3522904277087832	[[0.563864885943167, -0.24048925883868377, 0.23004279457856966], [-0.3454818502693774, -0.8475938662064341, -0.022459104923898063], [0.20636533684380123, -0.07651219911868784, -0.6554638657320206]]	[[-0.14136837689276033, 0.06768320281152485, 0.002711975888777668], [-0.028316031960596757, -0.11058698732238902, -0.007285890694586224], [-0.008239907598737804, 0.0, 0.11401257620737283]]	0.5043217296230412	[[0.6092115525708034, -0.6092115525708033, 0.0], [-0.7071067811865475, -0.7071067811865476, 0.0], [0.0, 0.0, -0.8615552399999998]]
3	[[0.08740825448676931, -0.06334395238859675, -0.994156597696443], [0.7119981850616444, -0.6940087028176986, 0.10681996481098455], [-0.6967197295301035, -0.717174639895393, -0.015561310176609944]]	0.6571395998942201	0.3428604001057798	[[0.05743942538088776, -0.041625819528360995, -0.6532996688424398], [0.4678822024568199, -0.45606060129272924, 0.07019562893660507], [-0.4578421243018216, -0.4712838559151399, -0.010225953143287315]]	0.8350774000756023	0.2650557296817218	[[0.03833180341082577, -0.029902796401503874, -0.7489776265347897], [0.6358203111867187, -0.6393192905063306, 0.07128646999982881], [-0.5507516287916995, -0.5355673666947157, 0.027104678126904536]]	[[-0.03466085449113215, 0.022994306669678232, 0.0812200803375624], [0.041246717946893094, -0.05976830732748547, -0.0179164684906955], [0.031063271525676138, 0.06332896698928549, 0.04009957657095798]]	0.2436474481592613	[[0.0, 0.0, -0.7996955737679998], [0.7071067811865475, -0.7071067811865476, 0.0], [-0.5654701630962197, -0.5654701630962196, 0.0]]
3	[[0.22433838825039393, -0.7661379269479729, -0.6022499185961573], [-0.9416906372873723, -0.011392912655017143, -0.3362869982418849], [0.2507808429735371, 0.642575192824231, -0.724020780340167]]	0.4381229365900636	0.5618770634099365	[[0.0982877934501444, -0.33566259838746954, -0.26385950289647514], [-0.412576267367712, -0.004991496348730213, -0.1473350472067922], [0.10987283936409771, 0.28152693046007843, -0.31721011043486336]]	0.655207478976323	0.5586450965117619	[[0.27494100719770165, -0.3910220182139794, -0.27484357757745437], [-0.6808652452266506, -0.04966439515930443, -0.04027685403384076], [0.24932833858626977, 0.2493283385862697, -0.47269709035162394]]	[[0.1279528173945495, 0.11095728144974823, 0.11975507329962967], [-0.06386249679398445, -0.04219967358041325, 0.18006090229673982], [0.0850148546860214, -0.17169173355681927, 0.0016867398615270299]]	0.7313615033019407	[[1.5967798356382686e-16, -0.7996955737679998, 0.0], [-1.0, -1.7938038903913487e-16, 0.0], [0.0, 0.0, -0.7996955737679998]]
3	[[-0.5446221603179724, 0.8109226453022452, -0.2139887049042392], [-0.8354447797583356, -0.5021691245819775, 0.22328947644507607], [0.07361197229480154, 0.30038414347728, 0.9509735242804028]]	0.5454096400514841	0.454590359948516	[[-0.29704217642308695, 0.4422850280838948, -0.11671150251690432], [-0.45565963661088527, -0.27388788148322507, 0.12178423297519325], [0.04014867931278751, 0.16383240757111664, 0.5186701275762657]]	0.7453414436987782	0.36520489526306976	[[-0.47152377149853525, 0.5463174452358305, -0.0882800493761226], [-0.6790315551244661, -0.4572341283177733, 0.041051880168202166], [0.105591616697008, 0.08738443011309036, 0.7087999795064704]]	[[-0.06559430425679041, -0.058096809941777086, 0.07121460087243481], [-0.05633993684878069, -0.08294666802089055, -0.12537502056811514], [0.05072556299328615, -0.13650432105048643, 0.0]]	0.42879650411342696	[[-0.6092115525708034, 0.6092115525708033, 0.0], [-0.7071067811865475, -0.7071067811865476, 0.0], [0.0, 0.0, 0.8615552399999998]]
3	[[0.8592155572171323, 0.2624339665249735, -0.4391776855101157], [-0.4266000482917053, 0.8413623931712975, -0.33184593135155627], [0.2824199444684594, 0.4724804086637203, 0.8348660002631537]]	0.5153241432253773	0.48467585677462277	[[0.4427745208688339, 0.13523855895271933, -0.22631886450920466], [-0.21983730438582766, 0.43357435440305186, -0.17100822025656812], [0.14553781591296747, 0.24348056178540786, 0.43022660629360726]]	0.7517081774355506	0.43947254035961086	[[0.4781487393162391, 0.1918483254913538, -0.28851396961400266], [-0.35254866104954174, 0.749110348636338, -0.2531525379316687], [0.24019857801617112, 0.31908863773894314, 0.47375946790053175]]	[[-0.16773062122372231, -0.005425433182316325, 0.04161948793116984], [-0.03186991625426618, 0.11665135750272873, -0.003701237685987479], [0.02790119628833609, -0.03607874913166623, -0.1538161315601914]]	0.6876686863694713	[[0.7996955737679998, 0.0, 0.0], [0.0, 0.7071067811865476, -0.7071067811865475], [0.0, 0.5654701630962196, 0.5654701630962197]]
3	[[0.5319609947059123, -0.8460851799387872, 0.03402011756955908], [-0.703274286200726, -0.4190807785627857, 0.5742617690636116], [-0.47161719485230363, -0.3294103357928521, -0.8179645788128509]]	0.46910700196170935	0.5308929980382909	[[0.24954662738705927, -0.3969044821653178, 0.01595907535944073], [-0.3299108919563837, -0.19659372761136729, 0.26939021682665837], [-0.22123892835075548, -0.15452869503898484, -0.3837129112777688]]	0.6727529001906674	0.5416588523750999	[[0.4086313029236106, -0.5484640052908432, 0.09732982142196822], [-0.4052324103276934, -0.23091167447596916, 0.30187437085885405], [-0.2819007030602936, -0.04207369945463636, -0.45167083224084953]]	[[0.05075300094689585, 0.02074225332131846, 0.07444268866221987], [0.06789740534336641, 0.05102613471630774, -0.08446189974731388], [0.03538113255638084, 0.1795380593027865, 0.09861721040873361]]	0.6936077189249827	[[0.6092115525708034, -0.6092115525708033, 0.0], [-0.7071067811865475, -0.7071067811865476, 0.0], [0.0, 0.0, -0.8615552399999998]]
3	[[0.8489524140446696, -0.5135124485683378, 0.12483895166604869], [0.522794976890395, 0.7815435453534784, -0.34040431673891397], [0.0772347773085365, 0.35425224329800037, 0.9319550081910795]]	0.6917203785989212	0.30827962140107884	[[0.5872376852554468, -0.35520702533894966, 0.08635364691033164], [0.3616279393442383, 0.5406095970834512, -0.2354646028513487], [0.05342486940086423, 0.24504349585360993, 0.6446522711030943]]	0.8342859617704466	0.24950070879445288	[[0.6710492415519494, -0.4147279486456017, 0.05183584082765942], [0.47689020895900164, 0.6227646854970716, -0.2651522121410962], [0.030794526047446567, 0.23308236520424117, 0.7369658879989176]]	[[-0.03721983969665011, 0.013688278389330979, -0.05231554402946429], [0.040729698855240005, -0.029266122903639887, 0.01884233064024041], [-0.03364136442153209, -0.062465308304969276, -0.04055109233656142]]	0.4514410364664866	[[0.6563365142973534, -0.6563365142973533, 0.0], [0.7071067811865475, 0.7071067811865476, 0.0], [0.0, 0.0, 0.9281999999999999]]
3	[[0.04673222253661188, -0.9725397674033924, -0.22799671093185395], [-0.8377629715199755, -0.16246744520517667, 0.5213036857710898], [-0.5440306084466285, 0.16664552219444034, -0.8223502702654952]]	0.5127645403501077	0.4872354596498923	[[0.023962626608524707, -0.4986839068048011, -0.11690862868230843], [-0.4295751450137806, -0.08330754486248874, 0.2673060448172298], [-0.2789596048765249, 0.08544991458943586, -0.4216720583394734]]	0.7082320777283708	0.454941003879954	[[1.0708909318949031e-16, -0.7225549801195426, -0.09980009786792679], [-0.6706565977311731, -0.12479761191835725, 0.23288095308333648], [-0.2633744610440747, 0.0, -0.5363211127239251]]	[[-0.033097259063969243, -0.03377111997797137, 0.06167448643057486], [-0.0773259877676869, -0.009732955637474644, -0.13632303941778018], [0.12192546712391078, -0.11802370442789784, 0.04609372780669378]]	0.6732415534174065	[[-1.5967798356382686e-16, -0.7996955737679998, 0.0], [-1.0, 1.7938038903913487e-16, 0.0], [0.0, 0.0, -0.7996955737679998]]
3	[[-0.3195682178843842, -0.5708200961323295, -0.7563336379995778], [0.910087742671785, 0.03735879733279218, -0.41272826520656647], [0.2638493031197415, -0.8202248094963509, 0.507557688474819]]	0.4167331553777945	0.5832668446222055	[[-0.13317467179741796, -0.23787965981428164, -0.31518930348193064], [0.3792637366742672, 0.01556864949361405, -0.17199755227313562], [0.10995475263332205, -0.3418148729805647, 0.21151611705437096]]	0.6233927251603144	0.5883858477037908	[[-0.24953217303399577, -0.24953217303399575, -0.4039049833063346], [0.609083425703294, -0.06295732464657436, -0.057420752212770765], [0.22951951658913064, -0.3639927961567934, 0.3069726619661248]]	[[-0.05031567081242436, 0.1063129222702098, 0.06758790441663691], [0.04174134766413088, -0.0862465271245756, 0.19987104578503967], [0.06503778048566514, 0.1473293830792365, -0.009435108628262497]]	0.9373631480772707	[[0.0, 0.0, -0.7996955737679998], [0.7071067811865475, 0.7071067811865476, 0.0], [0.5654701630962197, -0.5654701630962196, 0.0]]
