3	[[-0.5446221603179724, 0.8109226453022452, -0.2139887049042392], [-0.8354447797583356, -0.5021691245819775, 0.22328947644507607], [0.07361197229480154, 0.30038414347728, 0.9509735242804028]]	0.5978083519384005	0.40219164806159946	[[-0.32557967608881844, 0.48477633013766336, -0.12792423501223596], [-0.4994358669228707, -0.30020089676070133, 0.13348431391881926], [0.04400585184049052, 0.1795721497605808, 0.5684999152871202]]	0.77622221460232	0.32525696016221045	[[-0.47755250013726935, 0.5813165949998252, -0.11138995023502281], [-0.6738181546724851, -0.40397679922100876, 0.04535280148371133], [0.13834759294678178, 0.12372801676748281, 0.7381667750451075]]	[[-0.05480468073375307, -0.048139576607855256, 0.05471283618562808], [-0.025327357550522206, -0.0141819692330778, -0.12796945041987817], [0.08120834479086632, -0.10943682831387253, 0.0]]	0.40029577396686417	[[-0.6606608682441065, 0.6606608682441064, 0.0], [-0.7071067811865475, -0.7071067811865476, 0.0], [0.0, 0.0, 0.9343155599999998]]
3	[[0.8489524140446696, -0.5135124485683378, 0.12483895166604869], [0.522794976890395, 0.7815435453534784, -0.34040431673891397], [0.0772347773085365, 0.35425224329800037, 0.9319550081910795]]	0.7433529791454816	0.2566470208545184	[[0.6310713061328536, -0.38172100847156487, 0.0927994066343561], [0.3886212035537683, 0.5809627227704299, -0.25304056296185384], [0.05741270180593845, 0.2633344604245385, 0.6927715317683907]]	0.8685802183770412	0.20049849338656467	[[0.7290570252166876, -0.43527858724274227, 0.05265349426530797], [0.47113483359440494, 0.6265679338955875, -0.26933223043795385], [0.03550374884008079, 0.26038621992307626, 0.7878058583069741]]	[[-0.008326247965947753, 0.010748167474073717, -0.05577914963474949], [0.01704545840052537, -0.05226532939870365, 0.026336225331619598], [-0.031580850900870004, -0.047310270921257634, -0.02167182622521096]]	0.4377320011012137	[[0.6834894146949169, -0.6834894146949168, 0.0], [0.7071067811865475, 0.7071067811865476, 0.0], [0.0, 0.0, 0.9665999999999999]]
3	[[-0.30792515101507295, 0.09349718223056193, 0.9468053539599837], [0.3027085282091916, -0.9338174967034747, 0.1906631317268273], [0.9019698710720718, 0.34531602882779927, 0.2592434992682147]]	0.6910361291263748	0.30896387087362526	[[-0.2127874044181104, 0.06460993089283079, 0.6542767068366342], [0.20918252958722178, -0.6453016282324506, 0.13175511251561883], [0.6232937682942598, 0.23862585188645408, 0.1791466242354833]]	0.8392268453310445	0.2725498365168305	[[-0.24580551545984988, 0.0755259274340168, 0.734084310244713], [0.24515372344877984, -0.8494654052808195, 0.11826893672860282], [0.671573154505715, 0.2577250708726985, 0.1702795880258331]]	[[0.012613537624615265, -0.002939417856679459, -0.060500160101667026], [-0.008887399735023489, -0.06578069340742941, -0.04174068183143984], [-0.08538417497774892, -0.03207341064269946, -0.047284516037611704]]	0.47189414381094985	[[0.0, 0.0, 0.9665999999999999], [0.0, -1.0, 0.0], [0.9665999999999999, 0.0, 0.0]]
3	[[0.3802729664721569, 0.7767473726770865, -0.5020517802076895], [0.4287143634067757, 0.332951791095048, 0.839849450446521], [0.8195098935212374, -0.5346088512602871, -0.20639019011321075]]	0.5388916420054667	0.4611083579945336	[[0.2049259233124704, 0.4185826670853873, -0.27055150820788937], [0.2310305872476057, 0.17942493741187163, 0.4525878493885145], [0.4416270321593848, -0.2880962416863123, -0.11122194844392856]]	0.6980391786229246	0.45345265269135276	[[0.20530179544959007, 0.4619314909270165, -0.2977681845970181], [0.3377893932777507, 0.21268932061296086, 0.4874201360818403], [0.5747129120008176, -0.28658860963696886, -0.06223646224392815]]	[[-0.060143633719137266, -0.08026860709401164, 0.052683627685334564], [0.03852997118143494, -0.019724074164057994, -0.09882768447476377], [0.0026628990538926853, 0.08658931378130719, 0.08183197653852674]]	0.6893689499136941	[[0.0, 0.6385947952447532, -0.6385947952447533], [0.0, 0.7071067811865476, 0.7071067811865475], [0.9031094202959997, 0.0, 0.0]]
3	[[0.8787972042104137, -0.3840163418041313, 0.28327887866788265], [-0.395223040501579, -0.9183905790867732, -0.018907472103605397], [0.2674214316928388, -0.09534250611366366, -0.9588511794847616]]	0.6597094187002004	0.3402905812997998	[[0.5797507927450133, -0.2533391976229809, 0.18688174437603347], [-0.2607323623062225, -0.6058709150690756, -0.012473437430559784], [0.17642043725005804, -0.06289834928566536, -0.6325631542378933]]	0.8312994197824616	0.3087822648333093	[[0.6018473140150445, -0.2604695092772092, 0.2402612485398441], [-0.3426098987524284, -0.8493872752418914, -0.021001384024563582], [0.21555910492393768, -0.0792581700128944, -0.7016096520100223]]	[[-0.12869629195152177, 0.05876305285154863, 0.00477168106660689], [-0.01406121449880544, -0.08592971971337816, -0.005283613435283337], [-0.00674817607971438, 0.0, 0.09548277715338882]]	0.4823453320365156	[[0.6606608682441065, -0.6606608682441064, 0.0], [-0.7071067811865475, -0.7071067811865476, 0.0], [0.0, 0.0, -0.9343155599999998]]
3	[[0.5319609947059123, -0.8460851799387872, 0.03402011756955908], [-0.703274286200726, -0.4190807785627857, 0.5742617690636116], [-0.47161719485230363, -0.3294103357928521, -0.8179645788128509]]	0.5042770018825671	0.49572299811743287	[[0.2682556955287656, -0.42666129787680396, 0.017155562891669723], [-0.35464504854640455, -0.2113327985602535, 0.28958700319917724], [-0.23782570505638612, -0.16611405652274916, -0.4124807254498812]]	0.707223393062797	0.5080000514069994	[[0.45860473807063673, -0.594469654211814, 0.11015790601553488], [-0.4049295253606045, -0.22010216044125433, 0.30217725582594296], [-0.3056648638007696, -0.05676142837161669, -0.4782807552332051]]	[[0.08238947841766081, 0.003901577564642316, 0.08609808303559605], [0.0924425015800896, 0.07628156974131757, -0.10395410099746868], [0.02787384896943479, 0.1762052670177595, 0.10020292960000098]]	0.6663429248736504	[[0.6606608682441065, -0.6606608682441064, 0.0], [-0.7071067811865475, -0.7071067811865476, 0.0], [0.0, 0.0, -0.9343155599999998]]
3	[[0.034229894132735264, 0.2773841392786001, 0.9601491309293217], [-0.1827544195208179, -0.9427759796974285, 0.2788803941677556], [0.9825625356654255, -0.18501754344446375, 0.018422055382213542]]	0.8493395365749771	0.1506604634250232	[[0.0290728024197079, 0.23559331630813513, 0.8154926179063773], [-0.15522055398284038, -0.800736913690234, 0.23686414474228853], [0.8345292086980066, -0.1571427146073615, 0.01564657998108781]]	0.9122014063778731	0.13366077084431185	[[0.009065026842021512, 0.23301988123632955, 0.8492152422495766], [-0.16534511094683624, -0.8263452069721532, 0.25389464555208424], [0.8818754039050166, -0.15792613307970982, 0.0]]	[[-0.022159530726025306, -0.020010320720525228, -0.026634145316643407], [0.0013637275618256922, 0.033656367607118175, -0.0005004422189580308], [-0.014419522983193534, 0.010847130254909267, -0.016804624828026263]]	0.35266493154619744	[[0.0, 0.0, 0.9665999999999999], [0.0, -1.0, 0.0], [0.9665999999999999, 0.0, 0.0]]
3	[[0.22433838825039393, -0.7661379269479729, -0.6022499185961573], [-0.9416906372873723, -0.011392912655017143, -0.3362869982418849], [0.2507808429735371, 0.642575192824231, -0.724020780340167]]	0.4915278836927592	0.5084721163072408	[[0.11026857320776069, -0.3765781538494948, -0.2960226279417057], [-0.4628672060391479, -0.005599934246417037, -0.16529443655922432], [0.12326577701746882, 0.31584362464236093, -0.35587640191018244]]	0.6958469543642376	0.5270454231073209	[[0.28791300536743736, -0.4006887436235609, -0.34573266587546664], [-0.6770481679451292, -0.010777226938447886, -0.0390330811543841], [0.30464737827950367, 0.3046473782795036, -0.4846950719366486]]	[[0.13180782115641887, 0.13242599946611677, 0.0733411057457794], [-0.021775606035393184, -0.002849503366116494, 0.19497120236452326], [0.13014229248347178, -0.14248661259725032, 0.019112582959475335]]	0.7367049265344424	[[1.803269842933978e-16, -0.9031094202959997, 0.0], [-1.0, -1.7938038903913487e-16, 0.0], [0.0, 0.0, -0.9031094202959997]]
3	[[-0.3195682178843842, -0.5708200961323295, -0.7563336379995778], [0.910087742671785, 0.03735879733279218, -0.41272826520656647], [0.2638493031197415, -0.8202248094963509, 0.507557688474819]]	0.45560091853530493	0.5443990814646951	[[-0.14559557360281591, -0.26006616011630035, -0.34458630019175646], [0.41463681150898746, 0.017020702380194458, -0.18803937673359467], [0.12020998485625434, -0.37369517661198304, 0.23124374907878367]]	0.6598921768396985	0.5618487311893582	[[-0.26780407481049096, -0.2689221675212914, -0.4563235620963788], [0.6034882354822215, -0.059883009276658364, -0.06090365952057451], [0.2610801957453006, -0.4165649137982784, 0.32484757872304476]]	[[-0.056923507861981595, 0.10775754829931743, 0.04277508870025114], [0.0029284538554098325, -0.08453578737270775, 0.21145249384985898], [0.086968104751977, 0.12469502123819562, -0.010085769196329123]]	0.9147966201951651	[[0.0, 0.0, -0.9031094202959997], [0.7071067811865475, 0.7071067811865476, 0.0], [0.6385947952447533, -0.6385947952447532, 0.0]]
3	[[-0.8305561570912853, 0.32773595720904825, 0.4502950280316503], [-0.5100865793185324, -0.772219296347621, -0.37879947194723407], [0.22358030216652452, -0.5443036842615101, 0.808545204538665]]	0.5109777782798556	0.48902222172014426	[[-0.42439573988715973, 0.16746579127710132, 0.23009075299407797], [-0.260642907030555, -0.39458690039254096, -0.19355811258918013], [0.1142445660681895, -0.2781270872934865, 0.41314863225399845]]	0.7400563446149995	0.46419153808060415	[[-0.5138377008314179, 0.1384021558016197, 0.2503487390611868], [-0.5536089834487264, -0.5945900222974094, -0.28799090840177627], [0.22567965454717628, -0.3334161490053311, 0.46343406279700394]]	[[0.10082065278303985, -0.10414091868940639, -0.08289495338222501], [-0.17611617412108438, -0.023104232601222137, -0.007657955850414226], [0.060217633397901114, 0.06939924592971883, -0.13493494572986767]]	0.6804121737129165	[[-0.6606608682441065, 0.6606608682441064, 0.0], [-0.7071067811865475, -0.7071067811865476, 0.0], [0.0, 0.0, 0.9343155599999998]]
3	[[-0.42203838922340475, -0.825029846081567, 0.3757783270710803], [0.2588054115689476, 0.28760896992378115, 0.9221175843470338], [-0.8688517462515349, 0.4864224845687207, 0.09214016247897017]]	0.4460878545802958	0.5539121454197042	[[-0.1882661995991924, -0.3680357940032379, 0.16763014772091098], [0.11544995080056233, 0.1282988683513484, 0.41134545487213325], [-0.3875842114336909, 0.2169871625608777, 0.04110260740092368]]	0.6442265391075689	0.6059179391974858	[[-0.11663205350009512, -0.3762498450417463, 0.3411417476665616], [0.1355997190384099, 0.09409781923920023, 0.6448803399398719], [-0.5008547388608051, 0.18297531789229318, -0.03124289483800806]]	[[0.15525627735983202, 0.155256277359832, 0.09905537654592741], [-0.031129595558963136, -0.09118751207109024, 0.05082771992575075], [0.058882614624389026, -0.13039095588551858, -0.09060203282464407]]	0.6697120086876115	[[0.0, -0.6385947952447532, 0.6385947952447533], [0.0, 0.7071067811865476, 0.7071067811865475], [-0.9031094202959997, 0.0, 0.0]]
3	[[0.8592155572171323, 0.2624339665249735, -0.4391776855101157], [-0.4266000482917053, 0.8413623931712975, -0.33184593135155627], [0.2824199444684594, 0.4724804086637203, 0.8348660002631537]]	0.5763160478611212	0.42368395213887894	[[0.4951797141961686, 0.15124490641219054, -0.25310514802198436], [-0.24585645384883903, 0.484890649251457, -0.19124813565532184], [0.16276314623321986, 0.2722980418128827, 0.4811466737652826]]	0.7897455971969713	0.37426845816179	[[0.5554617947712698, 0.20786370459079137, -0.2857365447960117], [-0.3243701826228882, 0.7529097010919239, -0.2721585681318111], [0.24484062921910038, 0.3445204407255536, 0.5397526368515211]]	[[-0.12309990858410294, 0.0006076349727562116, 0.06110209872275829], [0.01253532727950141, 0.08844745543778451, -0.010084704899191138], [0.02180072151452147, -0.0286188817784453, -0.11957911110575006]]	0.6507540725652398	[[0.9031094202959997, 0.0, 0.0], [0.0, 0.7071067811865476, -0.7071067811865475], [0.0, 0.6385947952447532, 0.6385947952447533]]
3	[[0.08740825448676931, -0.06334395238859675, -0.994156597696443], [0.7119981850616444, -0.6940087028176986, 0.10681996481098455], [-0.6967197295301035, -0.717174639895393, -0.015561310176609944]]	0.7781036386206119	0.22189636137938795	[[0.06801268086163165, -0.04928815983817794, -0.7735568660262904], [0.5540083784877374, -0.5400106968968222, 0.08311700329675281], [-0.5421201566461422, -0.5580361968290324, -0.012108312070124166]]	0.8888796790853689	0.17512597656837756	[[0.04742949163642477, -0.031099409644401402, -0.8429944955846069], [0.6356887747801262, -0.6384223751742716, 0.06923106079974697], [-0.6180777277812632, -0.6055203344212892, 0.028434305195584313]]	[[-0.03026592956118699, 0.025205742426773356, 0.04069110193640949], [0.002808056533166642, -0.02153214213122251, -0.02571903524135136], [0.0012222818159002113, 0.03196162933709272, 0.04226643759151725]]	0.1648155285347561	[[0.0, 0.0, -0.9031094202959997], [0.7071067811865475, -0.7071067811865476, 0.0], [-0.6385947952447533, -0.6385947952447532, 0.0]]
3	[[0.04673222253661188, -0.9725397674033924, -0.22799671093185395], [-0.8377629715199755, -0.16246744520517667, 0.5213036857710898], [-0.5440306084466285, 0.16664552219444034, -0.8223502702654952]]	0.5450879049322427	0.45491209506775737	[[0.025473169275309075, -0.5301196642772057, -0.12427824949328635], [-0.4566544629756334, -0.08855903932658366, 0.2841563339104195], [-0.296544504577186, 0.09083645855930703, -0.44825318593948227]]	0.743453746067337	0.39199736460357465	[[-0.01765352761693135, -0.795969089859975, -0.11162572416449563], [-0.6559374568288159, -0.12815382615131887, 0.23481432249374212], [-0.27851811036218227, 0.008857666263647004, -0.6037450255191389]]	[[-0.05239677352382775, -0.07293075658446631, 0.05787928466882297], [-0.033099437335786394, -0.007366795399540577, -0.1527508555314845], [0.12594348346275638, -0.11503557147715722, 0.007634363489230625]]	0.6355558718648986	[[1.803269842933978e-16, -0.9031094202959997, 0.0], [-1.0, -1.7938038903913487e-16, 0.0], [0.0, 0.0, -0.9031094202959997]]
