3	[[0.04673222253661188, -0.9725397674033924, -0.22799671093185395], [-0.8377629715199755, -0.16246744520517667, 0.5213036857710898], [-0.5440306084466285, 0.16664552219444034, -0.8223502702654952]]	0.5391176011024831	0.4608823988975169	[[0.02519416370812555, -0.5243133063792838, -0.12291703985683733], [-0.45165276349833705, -0.08758905931626397, 0.28104399251879253], [-0.29329647655207064, 0.08984153415993727, -0.4433435049715123]]	0.7376013177536327	0.4035274058829628	[[-0.01112561153398611, -0.7828485666456316, -0.10775155785045093], [-0.6582433767974697, -0.12946067927181026, 0.235644438515109], [-0.27694386831291656, 0.007260082070451938, -0.5895016297341411]]	[[-0.04559536045854693, -0.06550195264107779, 0.06041911657637862], [-0.04030830503913646, -0.009624477596406, -0.14886984705947243], [0.1243338253756272, -0.11565787469790949, 0.017065013268744295]]	0.6421814341694346	[[1.764375689805581e-16, -0.883630540736, 0.0], [-1.0, -1.7938038903913487e-16, 0.0], [0.0, 0.0, -0.883630540736]]
3	[[0.22433838825039393, -0.7661379269479729, -0.6022499185961573], [-0.9416906372873723, -0.011392912655017143, -0.3362869982418849], [0.2507808429735371, 0.642575192824231, -0.724020780340167]]	0.48152805687250927	0.5184719431274909	[[0.10802522817612278, -0.3689169072595898, -0.2900002330532345], [-0.4534504627480233, -0.0054860070928886544, -0.16193162481490375], [0.12075801201789718, 0.30941798399512993, -0.3486363194925184]]	0.6889586199356884	0.5306718459155542	[[0.29179036283206133, -0.3989967866589591, -0.32992322528680385], [-0.6755469996200251, -0.03316122471670792, -0.03930336110123032], [0.2864215373440742, 0.2925781712745116, -0.4851306620911428]]	[[0.1372304964644733, 0.1288405421715055, 0.08500204748558543], [-0.026761117748158002, -0.025311979336859483, 0.192384465109814], [0.11364391386271754, -0.15012954677857954, 0.013689695536778887]]	0.7346832595889186	[[1.764375689805581e-16, -0.883630540736, 0.0], [-1.0, -1.7938038903913487e-16, 0.0], [0.0, 0.0, -0.883630540736]]
3	[[0.8592155572171323, 0.2624339665249735, -0.4391776855101157], [-0.4266000482917053, 0.8413623931712975, -0.33184593135155627], [0.2824199444684594, 0.4724804086637203, 0.8348660002631537]]	0.5647113289472322	0.4352886710527678	[[0.4852087591682235, 0.14819943399721125, -0.24800861442838704], [-0.24090588019976228, 0.47512687517398716, -0.18739715689926933], [0.15948574216198724, 0.2668150394780209, 0.4714582885014659]]	0.7826870938417265	0.38515748634353153	[[0.544406758102371, 0.20496494773271992, -0.2830954666121416], [-0.32479498348016234, 0.7529521943824675, -0.27163117939619635], [0.24239465502390678, 0.33828205726652694, 0.5298858148253236]]	[[-0.12809016935950593, -0.00043873085206855983, 0.06064323973990656], [0.009099368550012655, 0.09442870800350465, -0.011899651783445663], [0.021348209444946434, -0.03152226068763175, -0.1235530286679104]]	0.6572428523686875	[[0.883630540736, 0.0, 0.0], [0.0, 0.7071067811865476, -0.7071067811865475], [0.0, 0.6248211474179614, 0.6248211474179615]]
3	[[-0.5446221603179724, 0.8109226453022452, -0.2139887049042392], [-0.8354447797583356, -0.5021691245819775, 0.22328947644507607], [0.07361197229480154, 0.30038414347728, 0.9509735242804028]]	0.5879952960752395	0.4120047039247606	[[-0.32023526840530264, 0.47681870091861006, -0.12582435189692517], [-0.49123760062851574, -0.2952730830884236, 0.13129316181280773], [0.04328349344416415, 0.17662446338023047, 0.5591679589689694]]	0.7711516587296995	0.335341301029256	[[-0.48265245649067623, 0.5792466745336793, -0.11133773135655209], [-0.6734972137290817, -0.4226983689824468, 0.0518577110630192], [0.13592675801467974, 0.10619184500621703, 0.7333448106568607]]	[[-0.06266617418051947, -0.04609766849262297, 0.05368001337977217], [-0.029242586041372833, -0.03544981559821374, -0.12033233907448738], [0.07916076347717882, -0.12544988549238753, 0.0]]	0.40510462879310655	[[-0.6511266646706559, 0.6511266646706558, 0.0], [-0.7071067811865475, -0.7071067811865476, 0.0], [0.0, 0.0, 0.92083216]]
3	[[0.8787972042104137, -0.3840163418041313, 0.28327887866788265], [-0.395223040501579, -0.9183905790867732, -0.018907472103605397], [0.2674214316928388, -0.09534250611366366, -0.9588511794847616]]	0.6469292379531677	0.35307076204683235	[[0.5685196056352172, -0.24843139936490982, 0.1832613891048412], [-0.25568134041322055, -0.5941337174719747, -0.012231796519606214], [0.17300274301739324, -0.06167985482465768, -0.6203088628545729]]	0.8261531262193403	0.317075821848137	[[0.5944704949454263, -0.25675900520789696, 0.23879931865537882], [-0.3433572292890944, -0.8490716995347303, -0.021015920640081388], [0.2141886649766746, -0.0787675094873898, -0.6928076401386374]]	[[-0.1315505626258231, 0.06049729609290087, 0.004767587451998404], [-0.016842478824801936, -0.0903404515318022, -0.005395453452782822], [-0.00674238683441593, 0.0, 0.0993502593718002]]	0.48593723247892384	[[0.6511266646706559, -0.6511266646706558, 0.0], [-0.7071067811865475, -0.7071067811865476, 0.0], [0.0, 0.0, -0.92083216]]
3	[[-0.8305561570912853, 0.32773595720904825, 0.4502950280316503], [-0.5100865793185324, -0.772219296347621, -0.37879947194723407], [0.22358030216652452, -0.5443036842615101, 0.808545204538665]]	0.5027097122312247	0.4972902877687751	[[-0.417528646723232, 0.16475604873638564, 0.2263676839609422], [-0.25642547750222916, -0.3882021402463115, -0.19042617353593394], [0.11239598936270383, -0.2736267484814991, 0.406463527099569]]	0.7322254320553209	0.47200009846410107	[[-0.50403547697246, 0.1314679979130731, 0.2517589378437363], [-0.5535562916455258, -0.5918488787297733, -0.28674301173606964], [0.220757666799212, -0.33050386238587653, 0.45353999202467904]]	[[0.1041188639999133, -0.10850860495438643, -0.07795853360910157], [-0.18005792571839285, -0.026410270820180617, -0.009376404727178721], [0.05704648344626938, 0.06804913799181073, -0.13849736970490276]]	0.6806712658336863	[[-0.6511266646706559, 0.6511266646706558, 0.0], [-0.7071067811865475, -0.7071067811865476, 0.0], [0.0, 0.0, 0.92083216]]
3	[[0.5319609947059123, -0.8460851799387872, 0.03402011756955908], [-0.703274286200726, -0.4190807785627857, 0.5742617690636116], [-0.47161719485230363, -0.3294103357928521, -0.8179645788128509]]	0.49791280171373875	0.5020871982862614	[[0.26487018927644806, -0.42127664243179425, 0.016939052053689944], [-0.3501692702154331, -0.20866568459857157, 0.2859322863515508], [-0.23482423882528475, -0.1640176232080825, -0.40727503513930485]]	0.7011232792001124	0.5154735771505792	[[0.4470484853229325, -0.5858400144076475, 0.10849272420569456], [-0.40261295220438, -0.2187672118349262, 0.3044938289821675], [-0.3041988363120563, -0.05395898676897619, -0.47034507067511216]]	[[0.07407824830816966, 0.007370001433652277, 0.08464042781655194], [0.09046902151379137, 0.07506007788075024, -0.09813446566296953], [0.026462957869949236, 0.17699826806451846, 0.10314893709169276]]	0.6712449857217776	[[0.6511266646706559, -0.6511266646706558, 0.0], [-0.7071067811865475, -0.7071067811865476, 0.0], [0.0, 0.0, -0.92083216]]
3	[[-0.30792515101507295, 0.09349718223056193, 0.9468053539599837], [0.3027085282091916, -0.9338174967034747, 0.1906631317268273], [0.9019698710720718, 0.34531602882779927, 0.2592434992682147]]	0.6781462421788915	0.3218537578211085	[[-0.20881828403323943, 0.06340476278397059, 0.6420724928628182], [0.20528065088056624, -0.6332648262703608, 0.12929748630260693], [0.6116674786261049, 0.23417476731370987, 0.17580500483804604]]	0.8333192440048994	0.2779511751972998	[[-0.2387444354877552, 0.07402570937580538, 0.7298720509271968], [0.24642284788030583, -0.8488543466596531, 0.11847503830770212], [0.6678345290272161, 0.25445998891050425, 0.16471872611194982]]	[[0.0178555185662199, -0.0038872918371547866, -0.059119070854528125], [-0.005829994000813465, -0.07068625626816587, -0.040408218482504164], [-0.08379432204975933, -0.03329850317505146, -0.05131387071142359]]	0.473286873624437	[[0.0, 0.0, 0.9596], [0.0, -1.0, 0.0], [0.9596, 0.0, 0.0]]
3	[[0.8489524140446696, -0.5135124485683378, 0.12483895166604869], [0.522794976890395, 0.7815435453534784, -0.34040431673891397], [0.0772347773085365, 0.35425224329800037, 0.9319550081910795]]	0.7361669617087698	0.2638330382912302	[[0.62497071928259, -0.37803089906218407, 0.09190231175090305], [0.3848643897340086, 0.5753465372259703, -0.250594411606236], [0.05685769134947877, 0.2607887976272049, 0.6860744868292986]]	0.8624312574435785	0.2075439645338697	[[0.7170227926769955, -0.42783482418977403, 0.05392343017477768], [0.4718026692374026, 0.6268068571136624, -0.2685654295576638], [0.03282584218815877, 0.2584102037296535, 0.7767107421914043]]	[[-0.015140305277310542, 0.015034362541948499, -0.0537415838885108], [0.02092793993263258, -0.04722072545245047, 0.025009893366699988], [-0.033783843924417155, -0.047108003910049476, -0.027036387403669]]	0.4401252308810874	[[0.6785396672266111, -0.678539667226611, 0.0], [0.7071067811865475, 0.7071067811865476, 0.0], [0.0, 0.0, 0.9596]]
3	[[0.034229894132735264, 0.2773841392786001, 0.9601491309293217], [-0.1827544195208179, -0.9427759796974285, 0.2788803941677556], [0.9825625356654255, -0.18501754344446375, 0.018422055382213542]]	0.8366275828014849	0.1633724171985152	[[0.02863767358782103, 0.2320672219521256, 0.8032872465383448], [-0.15289738824999033, -0.7887523890175614, 0.23331903006329466], [0.8220389191650627, -0.15479078014781042, 0.015412399664656401]]	0.9065155271939326	0.14194711956807082	[[0.009090577486317744, 0.22989683243107964, 0.8395809569574306], [-0.16574550517801387, -0.8259953043083492, 0.2543389910773728], [0.8717470268394711, -0.1560065107582531, 0.0]]	[[-0.021939353039211257, -0.021556196822295752, -0.030809138651759504], [-7.578621907851357e-05, 0.02864575995284152, 0.0015295835343381017], [-0.018961168180279268, 0.011714765177431297, -0.016699879246803124]]	0.35575871527783876	[[0.0, 0.0, 0.9596], [0.0, -1.0, 0.0], [0.9596, 0.0, 0.0]]
3	[[0.3802729664721569, 0.7767473726770865, -0.5020517802076895], [0.4287143634067757, 0.332951791095048, 0.839849450446521], [0.8195098935212374, -0.5346088512602871, -0.20639019011321075]]	0.5337590366054313	0.4662409633945689	[[0.202974132231268, 0.41459592932592165, -0.2679746745296982], [0.2288301655909114, 0.17771602725094565, 0.4482772335639361], [0.43742081125451526, -0.2853523054094272, -0.11016262903963919]]	0.6910750573708448	0.4599133713524259	[[0.19857206883023026, 0.45360454793281274, -0.2919698525150134], [0.34027488305392917, 0.20586064017083663, 0.4819364574773854], [0.5644807533889902, -0.2805882332538545, -0.06918775799076278]]	[[-0.06422509329109695, -0.08318618720265787, 0.05498561029515039], [0.044001079766886365, -0.024234037961899154, -0.09846254967281662], [-0.0018620932921736902, 0.08886660930180987, 0.07344335448250393]]	0.6944247763117105	[[0.0, 0.6248211474179614, -0.6248211474179615], [0.0, 0.7071067811865476, 0.7071067811865475], [0.883630540736, 0.0, 0.0]]
3	[[-0.42203838922340475, -0.825029846081567, 0.3757783270710803], [0.2588054115689476, 0.28760896992378115, 0.9221175843470338], [-0.8688517462515349, 0.4864224845687207, 0.09214016247897017]]	0.4398531149866831	0.560146885013317	[[-0.1856349001438768, -0.36289194775596095, 0.16528726770669927], [0.11383636645401211, 0.1265057013190864, 0.4055962918590383], [-0.3821671470503568, 0.2139544450371136, 0.040528137481754135]]	0.6374811891986957	0.610912615477708	[[-0.11253422096755689, -0.3694336941224131, 0.3324404485258663], [0.1385797546246506, 0.0924318521076057, 0.6412984852828372], [-0.49162225665485104, 0.18095825320685996, -0.030835883970659228]]	[[0.1565073132820812, 0.15650731328208117, 0.09288883370949763], [-0.026403826913379974, -0.09091345606361823, 0.05346587103226149], [0.062254387782940936, -0.12912693070899228, -0.08957350432071418]]	0.6740786076344135	[[0.0, -0.6248211474179614, 0.6248211474179615], [0.0, 0.7071067811865476, 0.7071067811865475], [-0.883630540736, 0.0, 0.0]]
3	[[-0.3195682178843842, -0.5708200961323295, -0.7563336379995778], [0.910087742671785, 0.03735879733279218, -0.41272826520656647], [0.2638493031197415, -0.8202248094963509, 0.507557688474819]]	0.44832405815216675	0.5516759418478332	[[-0.14327012029838293, -0.255912381972856, -0.33908256590496255], [0.4080142300691595, 0.01674884762792176, -0.1850360107715116], [0.11828999031526363, -0.367726515190492, 0.22755032264336408]]	0.654024878098133	0.5551193266007233	[[-0.26794267997414845, -0.26794267997414845, -0.4463578061778181], [0.609285281723182, 0.036404919229324685, -0.057302507693967095], [0.34136701429813415, -0.4020606960503058, 0.32829392609888575]]	[[-0.0589371152282765, 0.105387863814763, 0.048303209216373225], [0.014065256763662673, 0.011971336357852476, 0.2126320456454115], [0.16880300598896794, 0.13438673499360942, -0.0036614292336279394]]	0.9186608150265261	[[0.0, 0.0, -0.883630540736], [0.7071067811865475, 0.7071067811865476, 0.0], [0.6248211474179615, -0.6248211474179614, 0.0]]
3	[[0.08740825448676931, -0.06334395238859675, -0.994156597696443], [0.7119981850616444, -0.6940087028176986, 0.10681996481098455], [-0.6967197295301035, -0.717174639895393, -0.015561310176609944]]	0.7541383213350369	0.2458616786649631	[[0.0659179143094779, -0.04777010192106285, -0.7497315877309474], [0.5369451160759815, -0.5233785581348456, 0.08055702894762357], [-0.5254230472688333, -0.5408488790347712, -0.011735380334362455]]	0.879400890314315	0.19102732338318124	[[0.04378873250455994, -0.031998019937477216, -0.82663064942185], [0.6358880719451862, -0.638056335315497, 0.07081982429674183], [-0.6071421546251624, -0.5924706605611786, 0.03003922118551367]]	[[-0.03307816431192521, 0.023706708189082333, 0.047631547704252264], [0.00975623409979972, -0.02774446417173003, -0.02311774786138178], [0.0055537958231594515, 0.038213356273678334, 0.04372385120928167]]	0.1784281653076584	[[0.0, 0.0, -0.883630540736], [0.7071067811865475, -0.7071067811865476, 0.0], [-0.6248211474179615, -0.6248211474179614, 0.0]]
