3	[[-0.5446221603179724, 0.8109226453022452, -0.2139887049042392], [-0.8354447797583356, -0.5021691245819775, 0.22328947644507607], [0.07361197229480154, 0.30038414347728, 0.9509735242804028]]	0.6006392731249816	0.39936072687501845	[[-0.32712145850114405, 0.48707198823492787, -0.12853002017063841], [-0.501800945250107, -0.3016224979747273, 0.13411642882842817], [0.044214241532445867, 0.18042251359646366, 0.5711920463848832]]	0.7776614173619346	0.3251855898706042	[[-0.4760626269544173, 0.5819213748904177, -0.11140807828817974], [-0.6739121324873795, -0.3986606000788137, 0.043552745979009364], [0.13906860198644144, 0.1287845621172014, 0.7395354187655722]]	[[-0.05253098583482408, -0.048701878826215544, 0.05500268126709569], [-0.024218960932882855, -0.008143046900991081, -0.1300908647552728], [0.08182341127685862, -0.10481259665239087, 0.0]]	0.3989577460981327	[[-0.6633976543300109, 0.6633976543300109, 0.0], [-0.7071067811865475, -0.7071067811865476, 0.0], [0.0, 0.0, 0.9381859599999998]]
3	[[0.3802729664721569, 0.7767473726770865, -0.5020517802076895], [0.4287143634067757, 0.332951791095048, 0.839849450446521], [0.8195098935212374, -0.5346088512602871, -0.20639019011321075]]	0.5403548996579883	0.4596451003420121	[[0.2054823606407079, 0.41971924862253296, -0.2712861393172405], [0.23165790682060666, 0.17991213166811215, 0.45381676552384653], [0.442826186282397, -0.2888785121790249, -0.11152395046901711]]	0.7000033622735838	0.4514541470798632	[[0.20649272111089234, 0.4639407677772646, -0.29948880828523766], [0.33654472759017995, 0.2146542631461712, 0.48879721238914814], [0.578605525790516, -0.2891187944028097, -0.059980125201828396]]	[[-0.059699634001367276, -0.07978500473386828, 0.05194912589558318], [0.03644323175045781, -0.018413110095374167, -0.09910022672703828], [0.004945844909183372, 0.08510919898060955, 0.08449370181770331]]	0.6879623679294186	[[0.0, 0.6425669679840484, -0.6425669679840486], [0.0, 0.7071067811865476, 0.7071067811865475], [0.9087269208559997, 0.0, 0.0]]
3	[[-0.30792515101507295, 0.09349718223056193, 0.9468053539599837], [0.3027085282091916, -0.9338174967034747, 0.1906631317268273], [0.9019698710720718, 0.34531602882779927, 0.2592434992682147]]	0.6946964163661155	0.3053035836338846	[[-0.21391449891916614, 0.064952157435901, 0.6577422863922522], [0.21029052975038656, -0.6487196684998808, 0.1324529943437675], [0.6265952371039755, 0.23988980774045035, 0.18009552990784045]]	0.8409164790759283	0.27107898514540746	[[-0.2478948931402316, 0.07593498500157109, 0.7352177366835163], [0.24478341046627997, -0.8496579400231681, 0.11817442972489701], [0.672565566297058, 0.2586440051069169, 0.17195990813866055]]	[[0.011044440670286952, -0.0026883362832735096, -0.06096648793875128], [-0.00976917926164973, -0.06439541859578489, -0.04215733969641651], [-0.08591576191743766, -0.0317379340234378, -0.04604222248928955]]	0.4715094769599681	[[0.0, 0.0, 0.9685999999999999], [0.0, -1.0, 0.0], [0.9685999999999999, 0.0, 0.0]]
3	[[-0.42203838922340475, -0.825029846081567, 0.3757783270710803], [0.2588054115689476, 0.28760896992378115, 0.9221175843470338], [-0.8688517462515349, 0.4864224845687207, 0.09214016247897017]]	0.44787263147435064	0.5521273685256495	[[-0.18901944396468254, -0.36950828820942994, 0.16830082819635395], [0.11591186071918692, 0.12881218619539123, 0.4129912290302775], [-0.3891349179547597, 0.21785531817208464, 0.04126705703393059]]	0.646148077382786	0.6045133675843036	[[-0.11781922595932612, -0.37821138100991547, 0.3436589693569269], [0.13475211261573092, 0.09457415054634419, 0.6459018369977769], [-0.5035141375703429, 0.18354767063511546, -0.03135752689773762]]	[[0.1548800678191048, 0.1548800678191048, 0.1008505257978286], [-0.03247450648580527, -0.09126383240795052, 0.05007733275108182], [0.057892747800762735, -0.13075328256472135, -0.0908937157332617]]	0.6685143821043907	[[0.0, -0.6425669679840484, 0.6425669679840486], [0.0, 0.7071067811865476, 0.7071067811865475], [-0.9087269208559997, 0.0, 0.0]]
3	[[-0.3195682178843842, -0.5708200961323295, -0.7563336379995778], [0.910087742671785, 0.03735879733279218, -0.41272826520656647], [0.2638493031197415, -0.8202248094963509, 0.507557688474819]]	0.45769650973793874	0.5423034902620614	[[-0.14626525794885578, -0.26126236568804184, -0.3461712663098043], [0.4165439833761553, 0.017098991147225993, -0.1889042864552398], [0.12076290513469312, -0.3754140325069455, 0.23230738250558067]]	0.6615049387394515	0.5601974088594289	[[-0.26678976185259196, -0.26959820570493626, -0.4589810711661408], [0.6019770826246622, -0.05719600021491114, -0.062097152118509524], [0.26411928158140224, -0.4208795604536581, 0.3236767895279883]]	[[-0.055393807457906695, 0.10800210701832816, 0.04133736570535637], [-5.0453838962636124e-05, -0.08190902915591945, 0.21092463367300035], [0.08958166448473076, 0.12170320190480377, -0.012075128093284393]]	0.9137166609343005	[[0.0, 0.0, -0.9087269208559997], [0.7071067811865475, 0.7071067811865476, 0.0], [0.6425669679840486, -0.6425669679840484, 0.0]]
3	[[0.8592155572171323, 0.2624339665249735, -0.4391776855101157], [-0.4266000482917053, 0.8413623931712975, -0.33184593135155627], [0.2824199444684594, 0.4724804086637203, 0.8348660002631537]]	0.5796751210650426	0.42032487893495735	[[0.49806588215080927, 0.15212644131694336, -0.25458037801714156], [-0.24728943463984734, 0.487716847121146, -0.1923628304311552], [0.16371181550093689, 0.27388513809300286, 0.4839510497756316]]	0.7917605621176228	0.3711407094983788	[[0.5586338206822526, 0.20868862077022907, -0.2864997346277839], [-0.3242679036320314, 0.7528924426473291, -0.27230251269367367], [0.24554136991527084, 0.34633086348304654, 0.5425789017076674]]	[[-0.12165917188019054, 0.0009037559156586175, 0.0612238365212219], [0.013497190402814187, 0.08673488128539433, -0.009559991550319401], [0.02193239592969555, -0.027760490470104815, -0.11843507195357866]]	0.6489241065753422	[[0.9087269208559997, 0.0, 0.0], [0.0, 0.7071067811865476, -0.7071067811865475], [0.0, 0.6425669679840484, 0.6425669679840486]]
3	[[0.8489524140446696, -0.5135124485683378, 0.12483895166604869], [0.522794976890395, 0.7815435453534784, -0.34040431673891397], [0.0772347773085365, 0.35425224329800037, 0.9319550081910795]]	0.7452173593272479	0.2547826406727522	[[0.6326540761888612, -0.3826783909037658, 0.09303215390175473], [0.38959589214780976, 0.5824198170675744, -0.2536752060237695], [0.05755669679409561, 0.2639949212862896, 0.6945090502159598]]	0.8703415020789089	0.19938609233380744	[[0.7325125986425413, -0.4374313108110474, 0.05228004878440509], [0.470951000063654, 0.6264885049425174, -0.26954896451831156], [0.03629242091973963, 0.26093402841131386, 0.7909828510627931]]	[[-0.006365920590612321, 0.009499885012138155, -0.05637247192658003], [0.015940834597559086, -0.053721278260504865, 0.026719039826379486], [-0.030928211175702068, -0.04738640113549087, -0.02013627063619279]]	0.4370571573690365	[[0.6849036282572899, -0.6849036282572898, 0.0], [0.7071067811865475, 0.7071067811865476, 0.0], [0.0, 0.0, 0.9685999999999999]]
3	[[0.5319609947059123, -0.8460851799387872, 0.03402011756955908], [-0.703274286200726, -0.4190807785627857, 0.5742617690636116], [-0.47161719485230363, -0.3294103357928521, -0.8179645788128509]]	0.5060906702166458	0.4939093297833543	[[0.2692204963398287, -0.42819581577559207, 0.017217264101627244], [-0.35592055484945856, -0.21209287209775393, 0.29062852358519986], [-0.23868106222849678, -0.16671149761769483, -0.41396424190487213]]	0.7089156749635663	0.5052692565101813	[[0.4628992792444424, -0.5969854656184168, 0.11029246520812594], [-0.406632020226051, -0.2219198120560905, 0.30047476096049647], [-0.30474748523031053, -0.0575604909666747, -0.48195696582019687]]	[[0.08578379162821044, 0.002817580794559009, 0.0861750705989621], [0.09193014506045698, 0.07517312094300352, -0.1066284086610054], [0.02958933678283408, 0.17596365957189009, 0.09791094566520454]]	0.6649482601696266	[[0.6633976543300109, -0.6633976543300109, 0.0], [-0.7071067811865475, -0.7071067811865476, 0.0], [0.0, 0.0, -0.9381859599999998]]
3	[[0.034229894132735264, 0.2773841392786001, 0.9601491309293217], [-0.1827544195208179, -0.9427759796974285, 0.2788803941677556], [0.9825625356654255, -0.18501754344446375, 0.018422055382213542]]	0.852984355072956	0.14701564492704416	[[0.02919756417102675, 0.23660433115002377, 0.8189921872196065], [-0.15588666067169726, -0.8041731610204853, 0.23788061316167478], [0.8381104708034212, -0.15781706997215852, 0.015713725029315694]]	0.9138104450718679	0.13167490312740734	[[0.009057482393260631, 0.23391655757666627, 0.8519739276663659], [-0.16523217094732026, -0.8264435798600919, 0.25377009239136905], [0.8847761953085415, -0.1584766102065779, 0.0]]	[[-0.022222152398937108, -0.019559966193388283, -0.02542037700352462], [0.0017707264938492083, 0.03507495775028161, -0.0010737247248856726], [-0.013099712718824142, 0.010594353514511188, -0.016834266627959154]]	0.3517876157109464	[[0.0, 0.0, 0.9685999999999999], [0.0, -1.0, 0.0], [0.9685999999999999, 0.0, 0.0]]
3	[[0.22433838825039393, -0.7661379269479729, -0.6022499185961573], [-0.9416906372873723, -0.011392912655017143, -0.3362869982418849], [0.2507808429735371, 0.642575192824231, -0.724020780340167]]	0.494398926267859	0.5056010737321411	[[0.11091265827165682, -0.3787777684561611, -0.2977517130988457], [-0.4655708399513726, -0.005632643783703994, -0.16625993084862928], [0.12398577949466527, 0.31768848537866223, -0.3579550963957959]]	0.6978128553429856	0.5200977199281189	[[0.28675431451632033, -0.4011583247402803, -0.3503436193434284], [-0.6774707991120572, -0.022535959317998448, -0.03896049225201952], [0.29346173465699377, 0.3081695225199346, -0.48453140272272854]]	[[0.1302081032482697, 0.13346256964984043, 0.06991411598223678], [-0.02034696665680001, -0.01458583840752773, 0.19570489820587178], [0.11846363855630895, -0.14022770755731168, 0.020699605334099903]]	0.7373757871072155	[[1.8144865007661956e-16, -0.9087269208559997, 0.0], [-1.0, -1.7938038903913487e-16, 0.0], [0.0, 0.0, -0.9087269208559997]]
3	[[0.8787972042104137, -0.3840163418041313, 0.28327887866788265], [-0.395223040501579, -0.9183905790867732, -0.018907472103605397], [0.2674214316928388, -0.09534250611366366, -0.9588511794847616]]	0.6634163002120098	0.3365836997879904	[[0.583008389853931, -0.2547627007006474, 0.18793182561405353], [-0.2621974072880988, -0.609275280127312, -0.012543525189335686], [0.17741173681106176, -0.06325177265886767, -0.6361175019477026]]	0.832762062004647	0.3064064298456067	[[0.6039617036017885, -0.2615350334230536, 0.24067658566576547], [-0.34239812682291965, -0.849476611516237, -0.020997479108935166], [0.2159488304982286, -0.0793976219879052, -0.7041332448012922]]	[[-0.12786726826039435, 0.058259207221235995, 0.004772682543935324], [-0.013271372663078606, -0.08467577915029398, -0.005252053652641398], [-0.00674959238253466, 0.0, 0.09436164058202565]]	0.481357062253283	[[0.6633976543300109, -0.6633976543300109, 0.0], [-0.7071067811865475, -0.7071067811865476, 0.0], [0.0, 0.0, -0.9381859599999998]]
3	[[-0.8305561570912853, 0.32773595720904825, 0.4502950280316503], [-0.5100865793185324, -0.772219296347621, -0.37879947194723407], [0.22358030216652452, -0.5443036842615101, 0.808545204538665]]	0.5133585655855266	0.48664143441447333	[[-0.42637311744260953, 0.16824606088363653, 0.23116280968062253], [-0.26185731468338974, -0.3964253902904794, -0.19445995356338702], [0.11477686321338564, -0.2794229585954062, 0.41507360641302526]]	0.7422893605770652	0.46198124901112375	[[-0.5166651288159637, 0.14041051626631337, 0.24991280290352327], [-0.5536353474456741, -0.5953594598773757, -0.2883512840510014], [0.22710030739194575, -0.3342467558732476, 0.46628762281990094]]	[[0.09984786995467078, -0.10286439784850342, -0.08433640552512209], [-0.17500350664437836, -0.02214929216622881, -0.007172466232359118], [0.061139027859129225, 0.0697840778769695, -0.13388688005475707]]	0.680379287117747	[[-0.6633976543300109, 0.6633976543300109, 0.0], [-0.7071067811865475, -0.7071067811865476, 0.0], [0.0, 0.0, 0.9381859599999998]]
3	[[0.04673222253661188, -0.9725397674033924, -0.22799671093185395], [-0.8377629715199755, -0.16246744520517667, 0.5213036857710898], [-0.5440306084466285, 0.16664552219444034, -0.8223502702654952]]	0.546814893029687	0.4531851069703129	[[0.025553875267396955, -0.5317992288798026, -0.12467199709932214], [-0.4581012696559281, -0.08883961867067515, 0.2850566191709001], [-0.2974840389626187, 0.09112425339262921, -0.44967337506816096]]	0.7451042119875781	0.3887212376020719	[[-0.019542483509099134, -0.7997251547712724, -0.11274391100153221], [-0.6552834425715851, -0.127779017446319, 0.23457873514409958], [-0.2789569173396361, 0.009323191701563276, -0.6078368889463561]]	[[-0.054362859356669346, -0.07508167775358524, 0.05713739863310646], [-0.031062723844821893, -0.006723839713080923, -0.15384683684858833], [0.12640258046411174, -0.11484508879438367, 0.0048997611575874915]]	0.6336872161414504	[[1.8144865007661956e-16, -0.9087269208559997, 0.0], [-1.0, -1.7938038903913487e-16, 0.0], [0.0, 0.0, -0.9087269208559997]]
3	[[0.08740825448676931, -0.06334395238859675, -0.994156597696443], [0.7119981850616444, -0.6940087028176986, 0.10681996481098455], [-0.6967197295301035, -0.717174639895393, -0.015561310176609944]]	0.7851503903001138	0.21484960969988626	[[0.06862862512573857, -0.049734528941058564, -0.7805624407007955], [0.5590256528941226, -0.5449012038889918, 0.08386973706318894], [-0.5470297675703505, -0.5630899484272112, -0.012217968758746423]]	0.8914874679582261	0.17079319496985895	[[0.04878448775934084, -0.030840662142699118, -0.8474062598032748], [0.635393381815455, -0.6383552458511416, 0.06889731471597971], [-0.6210143540642107, -0.6091672539038389, 0.02791068931886716]]	[[-0.02913887571171738, 0.025629677582677427, 0.03887188823109203], [0.0006559226239971384, -0.019655184635218603, -0.02633134524075173], [0.00010255349112139325, 0.03018494990035754, 0.041783402326325735]]	0.16102009089849684	[[0.0, 0.0, -0.9087269208559997], [0.7071067811865475, -0.7071067811865476, 0.0], [-0.6425669679840486, -0.6425669679840484, 0.0]]
