3	[[0.3802729664721569, 0.7767473726770865, -0.5020517802076895], [0.4287143634067757, 0.332951791095048, 0.839849450446521], [0.8195098935212374, -0.5346088512602871, -0.20639019011321075]]	0.5372804092691114	0.46271959073088875	[[0.20431321506013952, 0.417331146290652, -0.2697425859442734], [0.23033982863073896, 0.17888847458643103, 0.45123465646034516], [0.4403066109911763, -0.2872348624040165, -0.1108894058131556]]	0.6958696651997205	0.4557059742282667	[[0.20400797019135386, 0.45972988241662915, -0.2958784796400665], [0.3391596083023605, 0.21052161352003956, 0.4859033713340322], [0.5704470510660544, -0.2838227194248162, -0.06469571808434073]]	[[-0.0606124516721305, -0.08078505175293754, 0.05348412456598198], [0.04083028777217622, -0.021169437876918714, -0.09852238456635756], [0.0001749758335723925, 0.08819536291448699, 0.07892495441024591]]	0.6909360841966502	[[0.0, 0.6342443502513705, -0.6342443502513706], [0.0, 0.7071067811865476, 0.7071067811865475], [0.8969569619839998, 0.0, 0.0]]
3	[[-0.42203838922340475, -0.825029846081567, 0.3757783270710803], [0.2588054115689476, 0.28760896992378115, 0.9221175843470338], [-0.8688517462515349, 0.4864224845687207, 0.09214016247897017]]	0.4441263459755508	0.5558736540244494	[[-0.18743836766719799, -0.3664174908609774, 0.1668930552988843], [0.11494230175881522, 0.12773472088204096, 0.40953671329584995], [-0.3858799512571707, 0.21603304067185464, 0.04092187367937858]]	0.6421099096034173	0.6074746413879692	[[-0.11533458064910854, -0.37409938858325253, 0.33838883056377034], [0.136534057972128, 0.09357402048824877, 0.6437557163884172], [-0.4979404884253104, 0.1823436843414242, -0.031115940584607923]]	[[0.15566045130430375, 0.15566045130430373, 0.09709784293723556], [-0.029647461455284213, -0.09110254919064237, 0.0516548776596218], [0.0599578278190339, -0.12999301325406673, -0.09028005198482364]]	0.6710555717540349	[[0.0, -0.6342443502513705, 0.6342443502513706], [0.0, 0.7071067811865476, 0.7071067811865475], [-0.8969569619839998, 0.0, 0.0]]
3	[[0.8787972042104137, -0.3840163418041313, 0.28327887866788265], [-0.395223040501579, -0.9183905790867732, -0.018907472103605397], [0.2674214316928388, -0.09534250611366366, -0.9588511794847616]]	0.6556605361143392	0.3443394638856608	[[0.5761926460483823, -0.2517843605439641, 0.18573478145725278], [-0.2591321506200045, -0.6021524594463923, -0.01239688329601682], [0.1753376792721908, -0.06251231867296936, -0.6286808783948452]]	0.8296865506711416	0.3113924985122158	[[0.5995249371048439, -0.25930019517158703, 0.23980316885798], [-0.34284374376972643, -0.8492885818176451, -0.021005806010597938], [0.215129469141752, -0.07910439502978782, -0.6988381811224768]]	[[-0.1296012839959372, 0.05931299886123276, 0.004770493138035608], [-0.014932502550210388, -0.08731227008626802, -0.005318530699046745], [-0.006746496095017741, 0.0, 0.09670774659119072]]	0.4834521991395535	[[0.6576569372162699, -0.6576569372162698, 0.0], [-0.7071067811865475, -0.7071067811865476, 0.0], [0.0, 0.0, -0.9300673599999999]]
3	[[0.034229894132735264, 0.2773841392786001, 0.9601491309293217], [-0.1827544195208179, -0.9427759796974285, 0.2788803941677556], [0.9825625356654255, -0.18501754344446375, 0.018422055382213542]]	0.8453241607700837	0.15467583922991646	[[0.028935356531003247, 0.23447951474661466, 0.8116372583169541], [-0.15448672630845917, -0.7969513138319221, 0.23574433515508816], [0.8305838508655013, -0.15639979963993378, 0.015572608505629665]]	0.9104235185335603	0.1360870575544499	[[0.00907320075467531, 0.23203578635159178, 0.8461837877043852], [-0.16547009066248286, -0.8262361797160988, 0.2540328809166726], [0.8786881140108711, -0.15732164375339308, 0.0]]	[[-0.0220904999006808, -0.02050125771583446, -0.027958562393227953], [0.0009138309852185778, 0.03208924490895851, 0.0001336112084383851], [-0.015859926888902198, 0.011122679139751441, -0.01677187247969496]]	0.3536333757239417	[[0.0, 0.0, 0.9643999999999999], [0.0, -1.0, 0.0], [0.9643999999999999, 0.0, 0.0]]
3	[[-0.30792515101507295, 0.09349718223056193, 0.9468053539599837], [0.3027085282091916, -0.9338174967034747, 0.1906631317268273], [0.9019698710720718, 0.34531602882779927, 0.2592434992682147]]	0.686998106928413	0.313001893071587	[[-0.2115439958230007, 0.06423238719553691, 0.6504534858001949], [0.20796018583080075, -0.6415308524519168, 0.130985210557373], [0.6196515939329782, 0.23723145809673538, 0.17809979323076094]]	0.8373694080523324	0.2742072874874565	[[-0.24354575957714436, 0.07506516900858384, 0.7327995206314526], [0.24555673991089055, -0.8492633580451553, 0.11835370544307286], [0.6704404254231329, 0.2567063534630085, 0.16848059056856052]]	[[0.014301341852772282, -0.0032265111303828153, -0.060026318154798], [-0.007922121168032939, -0.06731315360165593, -0.041301768308424386], [-0.08484155159752642, -0.03245072518750787, -0.04860198495507965]]	0.4723241093628176	[[0.0, 0.0, 0.9643999999999999], [0.0, -1.0, 0.0], [0.9643999999999999, 0.0, 0.0]]
3	[[-0.3195682178843842, -0.5708200961323295, -0.7563336379995778], [0.910087742671785, 0.03735879733279218, -0.41272826520656647], [0.2638493031197415, -0.8202248094963509, 0.507557688474819]]	0.4533042828818909	0.5466957171181089	[[-0.14486164183992464, -0.2587551943318377, -0.34284927739285037], [0.41254667155143243, 0.016934902834271265, -0.18709149028454952], [0.11960401913958109, -0.3718114190706789, 0.23007807399526803]]	0.6580922036196583	0.5544709662738999	[[-0.268432129659303, -0.26843212965930296, -0.45329176846193586], [0.6052919801936656, 0.03756391398099381, -0.0596417295713125], [0.34741188108051385, -0.411849177919058, 0.3261242937771237]]	[[-0.05812677694496151, 0.10722012527480687, 0.044445502040879215], [0.006370332131550059, 0.012978380719676332, 0.21197152397459557], [0.17377471176693193, 0.12793437442590994, -0.007895463895369952]]	0.9159971893061651	[[0.0, 0.0, -0.8969569619839998], [0.7071067811865475, 0.7071067811865476, 0.0], [0.6342443502513706, -0.6342443502513705, 0.0]]
3	[[0.8489524140446696, -0.5135124485683378, 0.12483895166604869], [0.522794976890395, 0.7815435453534784, -0.34040431673891397], [0.0772347773085365, 0.35425224329800037, 0.9319550081910795]]	0.7412006598387418	0.2587993401612582	[[0.6292440894616018, -0.3806157657142599, 0.09253071334845209], [0.38749598183154055, 0.5792805915087078, -0.2523079041788391], [0.057246467903585535, 0.2625719964818324, 0.6907656670112482]]	0.866645114748036	0.2021096534663515	[[0.7252647185026919, -0.4329239332548689, 0.05305880448942764], [0.4713405950374594, 0.6266496410096349, -0.2690926248001186], [0.0346483515668789, 0.2597749561555634, 0.7843146979841972]]	[[-0.010475743782672995, 0.01210912165918312, -0.05513226310221963], [0.018262882300586127, -0.05067125453381726, 0.02591711334080434], [-0.032286790876216734, -0.04723601988718131, -0.023359557029567737]]	0.43847893437933433	[[0.6819337797763064, -0.6819337797763063, 0.0], [0.7071067811865475, 0.7071067811865476, 0.0], [0.0, 0.0, 0.9643999999999999]]
3	[[-0.8305561570912853, 0.32773595720904825, 0.4502950280316503], [-0.5100865793185324, -0.772219296347621, -0.37879947194723407], [0.22358030216652452, -0.5443036842615101, 0.808545204538665]]	0.5083684200585811	0.49163157994141893	[[-0.4222285213504233, 0.16661061076275058, 0.2289157719606845], [-0.25931190842124835, -0.39257190362298944, -0.19256968907284017], [0.11366116496861625, -0.27670680400008857, 0.4110388481772633]]	0.7375977848191375	0.4666332586034057	[[-0.5107413457728046, 0.13620691426246911, 0.25081124830885054], [-0.5535857765147053, -0.5937365932810504, -0.2875964632977015], [0.22412433483355268, -0.3325017534903739, 0.4603088829484723]]	[[0.10187503586562295, -0.1055304017805045, -0.08132536688236615], [-0.17734704554338454, -0.02414935090045201, -0.008194811898762592], [0.05921199922633077, 0.0689754382898112, -0.13607226884538348]]	0.6804696296265532	[[-0.6576569372162699, 0.6576569372162698, 0.0], [-0.7071067811865475, -0.7071067811865476, 0.0], [0.0, 0.0, 0.9300673599999999]]
3	[[0.04673222253661188, -0.9725397674033924, -0.22799671093185395], [-0.8377629715199755, -0.16246744520517667, 0.5213036857710898], [-0.5440306084466285, 0.16664552219444034, -0.8223502702654952]]	0.5431992580259848	0.45680074197401516	[[0.02538490860779276, -0.5282828800542867, -0.12384764421054803], [-0.45507222453129487, -0.08825219568882932, 0.28317177531706716], [-0.29551702285163367, 0.09052172400937276, -0.4467000566456851]]	0.7416271363571579	0.3956117911241376	[[-0.015587872622069392, -0.7918411801546831, -0.11040150403515649], [-0.6566593557414954, -0.12856540952635281, 0.23507428797259924], [-0.27802979781864423, 0.008350247288607506, -0.5992554021875518]]	[[-0.05024575699750218, -0.07057929746184857, 0.05868704379208508], [-0.035351602227072766, -0.008075143387574306, -0.1515386716782458], [0.12543806441427113, -0.1152385941231985, 0.010621873831982423]]	0.6376241948172455	[[1.7909850164394192e-16, -0.8969569619839998, 0.0], [-1.0, -1.7938038903913487e-16, 0.0], [0.0, 0.0, -0.8969569619839998]]
3	[[0.08740825448676931, -0.06334395238859675, -0.994156597696443], [0.7119981850616444, -0.6940087028176986, 0.10681996481098455], [-0.6967197295301035, -0.717174639895393, -0.015561310176609944]]	0.7704562968294255	0.22954370317057465	[[0.0673442400642003, -0.048803746983857685, -0.7659542107297426], [0.5485634850118666, -0.5347033751403172, 0.08230011451572068], [-0.5367921027417625, -0.5525517172337812, -0.011989309412484949]]	0.8859391740201088	0.18005323457969824	[[0.04615882328564624, -0.03138677699029996, -0.8379468809167459], [0.6358433493390846, -0.6383508549271791, 0.06969525491135375], [-0.6147117246197785, -0.6014509860406048, 0.028988081468890543]]	[[-0.03127957349690163, 0.02473211186802255, 0.04281539409308259], [0.005056265361754776, -0.023501357990099964, -0.024940736482146987], [0.002539577083635115, 0.03392212205648864, 0.042774455753427074]]	0.169040848140027	[[0.0, 0.0, -0.8969569619839998], [0.7071067811865475, -0.7071067811865476, 0.0], [-0.6342443502513706, -0.6342443502513705, 0.0]]
3	[[0.8592155572171323, 0.2624339665249735, -0.4391776855101157], [-0.4266000482917053, 0.8413623931712975, -0.33184593135155627], [0.2824199444684594, 0.4724804086637203, 0.8348660002631537]]	0.5726436067742527	0.4273563932257472	[[0.492024295681368, 0.15028113313093436, -0.25149229384528116], [-0.24428979030383255, 0.48180079542982884, -0.19002945102251628], [0.1617259756254028, 0.2705628853473658, 0.47808067756388667]]	0.7875282022084181	0.3777004264133984	[[0.5519794436414255, 0.2069545790289539, -0.2849015526798111], [-0.32449246616614524, 0.7529260570454022, -0.2719967978238415], [0.24407083280562736, 0.3425434991271601, 0.5366473939034103]]	[[-0.12467703944328687, 0.00028042917311729004, 0.06096326044002434], [0.011467102927045725, 0.09032944414543782, -0.01065876809637227], [0.021657161670580273, -0.029548147686478243, -0.12083312636876384]]	0.6527796303780192	[[0.8969569619839998, 0.0, 0.0], [0.0, 0.7071067811865476, -0.7071067811865475], [0.0, 0.6342443502513705, 0.6342443502513706]]
3	[[0.22433838825039393, -0.7661379269479729, -0.6022499185961573], [-0.9416906372873723, -0.011392912655017143, -0.3362869982418849], [0.2507808429735371, 0.642575192824231, -0.724020780340167]]	0.4883782272894721	0.5116217727105279	[[0.10956198436670471, -0.3741650826220821, -0.29412574762922017], [-0.4599012040935002, -0.005564050486121086, -0.1642352480618696], [0.12247590352957549, 0.3138197335716886, -0.35359598522327107]]	0.6936833479204031	0.5249571642328812	[[0.2891613365775884, -0.40016509762791097, -0.3407090979953618], [-0.6765800610707754, -0.02750396940490013, -0.03911530282152773], [0.29016524763108387, 0.3008111166132794, -0.4848549017663977]]	[[0.1335415323489879, 0.13129202450615607, 0.07706164182121085], [-0.02334494709197288, -0.019600895611803157, 0.19416138798100568], [0.11620275288289977, -0.14493259443563178, 0.01738625710391225]]	0.7360152929267464	[[-1.7909850164394192e-16, -0.8969569619839998, 0.0], [-1.0, 1.7938038903913487e-16, 0.0], [0.0, 0.0, -0.8969569619839998]]
3	[[-0.5446221603179724, 0.8109226453022452, -0.2139887049042392], [-0.8354447797583356, -0.5021691245819775, 0.22328947644507607], [0.07361197229480154, 0.30038414347728, 0.9509735242804028]]	0.594708387120288	0.40529161287971216	[[-0.3238913665526682, 0.48226249846701563, -0.12726087755555932], [-0.4968460174981441, -0.29864419014175475, 0.13279212439758473], [0.04377765731618474, 0.17864096948388233, 0.5655519308188942]]	0.7746342072558927	0.32721627428145655	[[-0.47917456336767433, 0.5806582831115341, -0.1113716781998925], [-0.6737159354928124, -0.40984145203136035, 0.047362655847356425], [0.13756961955176755, 0.11818950542398135, 0.7366566221022923]]	[[-0.05729160795577007, -0.04751013737802216, 0.05439129258531802], [-0.026551830818640213, -0.020844070302414607, -0.12560501072725838], [0.08054726774864124, -0.11449832743078177, 0.0]]	0.4017863406120189	[[-0.6576569372162699, 0.6576569372162698, 0.0], [-0.7071067811865475, -0.7071067811865476, 0.0], [0.0, 0.0, 0.9300673599999999]]
3	[[0.5319609947059123, -0.8460851799387872, 0.03402011756955908], [-0.703274286200726, -0.4190807785627857, 0.5742617690636116], [-0.47161719485230363, -0.3294103357928521, -0.8179645788128509]]	0.5022795162366857	0.4977204837633145	[[0.2671931110776717, -0.42497125487468307, 0.017087608195153314], [-0.3532402682546011, -0.21049569072060947, 0.2884399235584941], [-0.23688365647931775, -0.16545606410539793, -0.410846852944863]]	0.7053528131148105	0.5110470653237057	[[0.45390111744144856, -0.5916996370865314, 0.11000679489172088], [-0.4030472067306785, -0.21809233317275514, 0.3040595744558689], [-0.3066560685548695, -0.05588976659892895, -0.47424381646521263]]	[[0.07868093335828058, 0.005088924718042709, 0.08601060926153578], [0.0930092894323139, 0.07750747290885063, -0.10099757981743722], [0.026000446547518583, 0.1764607404216536, 0.10270980022870277]]	0.6678801177881317	[[0.6576569372162699, -0.6576569372162698, 0.0], [-0.7071067811865475, -0.7071067811865476, 0.0], [0.0, 0.0, -0.9300673599999999]]
