3	[[-0.5446221603179724, 0.8109226453022452, -0.2139887049042392], [-0.8354447797583356, -0.5021691245819775, 0.22328947644507607], [0.07361197229480154, 0.30038414347728, 0.9509735242804028]]	0.5202817630402229	0.47971823695977706	[[-0.2833569777610096, 0.42190826358709355, -0.11133442065827157], [-0.43466668293541755, -0.2612694374818766, 0.11617344247317252], [0.0382989667264074, 0.1562843917576865, 0.4947741818171822]]	0.7311014941327572	0.38252018865283066	[[-0.46048179624435903, 0.5305147937440747, -0.07836719323803135], [-0.6808867320752643, -0.46823682935301153, 0.038045351049020154], [0.09440246247656844, 0.07982210026439596, 0.6923742872887674]]	[[-0.06230772109807942, -0.062351963862484955, 0.0780802686449916], [-0.07009180532853274, -0.10110023206378918, -0.12520191880409606], [0.04058463954577992, -0.13978919584563193, -0.0028838771933290164]]	0.44199662853899535	[[-0.5883898034492718, 0.5883898034492717, 0.0], [-0.7071067811865475, -0.7071067811865476, 0.0], [0.0, 0.0, 0.8321088399999998]]
3	[[0.8787972042104137, -0.3840163418041313, 0.28327887866788265], [-0.395223040501579, -0.9183905790867732, -0.018907472103605397], [0.2674214316928388, -0.09534250611366366, -0.9588511794847616]]	0.567780291749679	0.43221970825032113	[[0.49896373299539093, -0.21803691058619412, 0.1608401643765724], [-0.22439985324218176, -0.5214440709340449, -0.010735290027233974], [0.15183661850667685, -0.05413359593736151, -0.5444168024323819]]	0.7900508798041279	0.36883525597478584	[[0.5500198259508874, -0.232442842398966, 0.22400601953331276], [-0.34553298837690793, -0.8467967329336034, -0.02433241677465434], [0.20119187723890194, -0.07532543083783041, -0.6379141309988758]]	[[-0.14427467840495795, 0.07094960630255061, 0.00020129221182529824], [-0.0332866775097728, -0.12122144792227559, -0.009394551804328893], [-0.010084660148504832, 0.0, 0.11962708695428585]]	0.5138851786685016	[[0.9121999999999999, 0.0, 0.0], [0.0, -1.0, 0.0], [0.0, 0.0, -0.9121999999999999]]
3	[[0.8592155572171323, 0.2624339665249735, -0.4391776855101157], [-0.4266000482917053, 0.8413623931712975, -0.33184593135155627], [0.2824199444684594, 0.4724804086637203, 0.8348660002631537]]	0.49165928180974866	0.5083407181902514	[[0.42244130378113814, 0.1290280955041521, -0.21592578544477112], [-0.20974187336310393, 0.4136636299683314, -0.16315513227979334], [0.13885438706611186, 0.23229937839278125, 0.4104696180967596]]	0.7357309467514265	0.46438594916612125	[[0.4537115044759, 0.18157767683371895, -0.28383956719766545], [-0.35099685223494637, 0.7496045232516932, -0.2535113036876926], [0.2360676295869716, 0.30775933459661575, 0.4492172881184816]]	[[-0.178439970899015, -0.011503113817431986, 0.03927704715479226], [-0.03713399482108575, 0.13058817316272867, -0.009361982438803276], [0.028282536461706663, -0.03985912379104412, -0.1650194646657052]]	0.6896700514643873	[[0.6450228057983686, 0.6450228057983686, 0.0], [-0.7071067811865475, 0.7071067811865476, 0.0], [0.0, 0.0, 0.9121999999999999]]
3	[[0.04673222253661188, -0.9725397674033924, -0.22799671093185395], [-0.8377629715199755, -0.16246744520517667, 0.5213036857710898], [-0.5440306084466285, 0.16664552219444034, -0.8223502702654952]]	0.49706162873632387	0.5029383712636762	[[0.023228794648516668, -0.4834122007963758, -0.11332841648231214], [-0.41641982711870135, -0.08075633293031458, 0.2591200591156265], [-0.2704167403168944, 0.08283309468358373, -0.4087587647299232]]	0.6901542969166249	0.4801542264984649	[[-1.0182059112469349e-16, -0.6860858353897296, -0.10409997535230128], [-0.6718078325172634, -0.13714514025559793, 0.23206690715935413], [-0.24911416096916097, 0.0, -0.5099355228788387]]	[[-0.03225244418810662, -0.014883335993983388, 0.053252934380175324], [-0.09362211792511234, -0.025017534838179034, -0.1277130715740375], [0.12635090110444563, -0.11501112320440779, 0.057613049715440644]]	0.6896978297137786	[[1.515620780174173e-16, -0.7590496838479998, 0.0], [-1.0, -1.7938038903913487e-16, 0.0], [0.0, 0.0, -0.7590496838479998]]
3	[[-0.30792515101507295, 0.09349718223056193, 0.9468053539599837], [0.3027085282091916, -0.9338174967034747, 0.1906631317268273], [0.9019698710720718, 0.34531602882779927, 0.2592434992682147]]	0.588141072697879	0.4118589273021212	[[-0.18110342862866136, 0.05498953305131177, 0.5568551165141198], [0.17803531849575013, -0.5492164242152295, 0.11213681881775323], [0.5304855275134958, 0.20309453961455354, 0.1524717497495596]]	0.7932453550189961	0.30971299138333075	[[-0.17546594906119, 0.06984594191330537, 0.7183311684852777], [0.2610795076475384, -0.8379546559232229, 0.13013255974203136], [0.6600604764471143, 0.23945497333791965, 0.10562000714788466]]	[[0.06879424667503946, -0.0043202635984524885, -0.0327177806505958], [0.020957373720960445, -0.097208264227725, -0.021110083873649366], [-0.05542293414788936, -0.03446536254333789, -0.10002369446549715]]	0.48453167893112714	[[0.0, 0.0, 0.9121999999999999], [0.0, -1.0, 0.0], [0.9121999999999999, 0.0, 0.0]]
3	[[-0.3195682178843842, -0.5708200961323295, -0.7563336379995778], [0.910087742671785, 0.03735879733279218, -0.41272826520656647], [0.2638493031197415, -0.8202248094963509, 0.507557688474819]]	0.4012544804702341	0.598745519529766	[[-0.12822817924199714, -0.229044121115547, -0.3034822609776827], [0.36517678436809514, 0.014990384814762316, -0.1656090656308418], [0.10587071504574519, -0.32911887980325505, 0.2036597965976364]]	0.6076298862376253	0.6122798242362711	[[-0.2615967710649523, -0.2615967710649523, -0.35707009107377874], [0.6105174770637549, -0.09654499515156378, -0.056580704374952336], [0.21096004790235745, -0.3258027635146709, 0.3270061357453605]]	[[-0.06741757118670333, 0.0852505790100854, 0.10250083134159396], [0.05752096551784125, -0.11924531692486282, 0.194205324459566], [0.05063732586383222, 0.17259034416887453, 0.018598915238374265]]	0.9423204011887776	[[-1.515620780174173e-16, -0.7590496838479998, 0.0], [1.0, -1.7938038903913487e-16, 0.0], [0.0, 0.0, 0.7590496838479998]]
3	[[0.8489524140446696, -0.5135124485683378, 0.12483895166604869], [0.522794976890395, 0.7815435453534784, -0.34040431673891397], [0.0772347773085365, 0.35425224329800037, 0.9319550081910795]]	0.6584064901443595	0.3415935098556405	[[0.5589557792307319, -0.33809992890731516, 0.08219477599974444], [0.3442116057995065, 0.5145733425911627, -0.2241244114140572], [0.05085187864479475, 0.23324197613560207, 0.6136052259155466]]	0.8184669925901206	0.27352369265469795	[[0.6482249336183418, -0.4012183039574151, 0.05076558173414146], [0.4765217485761774, 0.625553079372794, -0.26436568196335813], [0.026006624483272334, 0.22542564456541697, 0.7160618052769105]]	[[-0.046614595556921795, 0.019074685479901383, -0.05141097959407284], [0.0486313160994742, -0.014114515770888066, 0.014244015422635686], [-0.037207491423813216, -0.0645181236250011, -0.046712607506543546]]	0.4575585815176532	[[0.6450228057983686, -0.6450228057983686, 0.0], [0.7071067811865475, 0.7071067811865476, 0.0], [0.0, 0.0, 0.9121999999999999]]
3	[[0.034229894132735264, 0.2773841392786001, 0.9601491309293217], [-0.1827544195208179, -0.9427759796974285, 0.2788803941677556], [0.9825625356654255, -0.18501754344446375, 0.018422055382213542]]	0.7473924430252245	0.25260755697477566	[[0.025583164200359807, 0.20731480951188205, 0.7176082046338119], [-0.13658927207932084, -0.7046236426915606, 0.20843309910887642], [0.7343598139560416, -0.13828071379748336, 0.013768504977658559]]	0.8657636460789113	0.20655387703762226	[[0.00922729058738396, 0.2093681517239045, 0.7751989168925931], [-0.16867535908793435, -0.8233836776032221, 0.25771416177882583], [0.8041524567664868, -0.14329019198689213, 0.0]]	[[-0.020407707361868057, -0.03078095206239691, -0.056063295480274354], [-0.010453226506556057, -0.0071625079847585996, 0.01626965490422575], [-0.04651446661175215, 0.01689127101415017, -0.01594914583597283]]	0.37766426090203653	[[0.0, 0.0, 0.9121999999999999], [0.0, -1.0, 0.0], [0.9121999999999999, 0.0, 0.0]]
3	[[-0.42203838922340475, -0.825029846081567, 0.3757783270710803], [0.2588054115689476, 0.28760896992378115, 0.9221175843470338], [-0.8688517462515349, 0.4864224845687207, 0.09214016247897017]]	0.3981629756806238	0.6018370243193762	[[-0.16804006090464813, -0.32849633854116383, 0.1496210169029081], [0.1030467327925407, 0.11451524329729178, 0.3671530813110437], [-0.34594459671281746, 0.19367542389384415, 0.036686801272322905]]	0.5910221414952825	0.6475069804325838	[[-0.08707374518958287, -0.32525061902619784, 0.27783846585259375], [0.1592901735763895, 0.0812318519263192, 0.6167972009939907], [-0.4321032636596488, 0.1667903354148912, -0.027870572937444965]]	[[0.1623602874024534, 0.1623602874024534, 0.05574515425952916], [0.006330445000342008, -0.08875141739128631, 0.07180529158274981], [0.0814073560518494, -0.12069612308637025, -0.0823274490834892]]	0.7093234784020849	[[0.0, -0.5367291787064256, 0.5367291787064257], [0.0, 0.7071067811865476, 0.7071067811865475], [-0.7590496838479998, 0.0, 0.0]]
3	[[0.3802729664721569, 0.7767473726770865, -0.5020517802076895], [0.4287143634067757, 0.332951791095048, 0.839849450446521], [0.8195098935212374, -0.5346088512602871, -0.20639019011321075]]	0.4850892060159373	0.514910793984063	[[0.18446631137530375, 0.37679176628689326, -0.24353989943983598], [0.20796471015262086, 0.1615113199838811, 0.40740190309002416], [0.39753540357042233, -0.25933298318694503, -0.10011765345149576]]	0.6409313728568482	0.529807656217857	[[0.11868416588914295, 0.40409401837464676, -0.2320287533664859], [0.3012650218258105, 0.13970447680236162, 0.46876921639510527], [0.5518635640820955, -0.2637283733119159, -0.09358127365824576]]	[[-0.12504470857220285, -0.09374774155822814, 0.08975198336725307], [0.026488536324055997, -0.07369477175933403, -0.06951664487265297], [0.026613962957759342, 0.07891921166776247, 0.038700674235200294]]	0.732912993390979	[[0.0, 0.5367291787064256, -0.5367291787064257], [0.0, 0.7071067811865476, 0.7071067811865475], [0.7590496838479998, 0.0, 0.0]]
3	[[-0.8305561570912853, 0.32773595720904825, 0.4502950280316503], [-0.5100865793185324, -0.772219296347621, -0.37879947194723407], [0.22358030216652452, -0.5443036842615101, 0.808545204538665]]	0.4491063599238511	0.5508936400761488	[[-0.3730080524236093, 0.14718830275831468, 0.202230360931103], [-0.22908312688375487, -0.3468085972456376, -0.17012125198729924], [0.10041133565668256, -0.244450246331828, 0.36312279364424543]]	0.679257635953005	0.5346624923459932	[[-0.43066274059886345, 0.1022502973412914, 0.24675256183033342], [-0.5431271311996888, -0.5944645162673653, -0.2695358073159873], [0.19930220434720267, -0.30503568536784825, 0.38827180485785706]]	[[0.1334988711931756, -0.12036685416932187, -0.05911377439183747], [-0.19664692720042729, -0.06992866259298747, -0.012233373500862446], [0.0474335768519107, 0.06468674844413597, -0.16093869933821542]]	0.6877981049084969	[[-0.5883898034492718, 0.5883898034492717, 0.0], [-0.7071067811865475, -0.7071067811865476, 0.0], [0.0, 0.0, 0.8321088399999998]]
3	[[0.22433838825039393, -0.7661379269479729, -0.6022499185961573], [-0.9416906372873723, -0.011392912655017143, -0.3362869982418849], [0.2507808429735371, 0.642575192824231, -0.724020780340167]]	0.41694089020350006	0.5830591097965	[[0.09353584730393767, -0.3194342292803519, -0.25110261718446736], [-0.3926293326068983, -0.004750171144393566, -0.14021180041083436], [0.10456078791537071, 0.2679158729188206, -0.301873868680862]]	0.6367336202801063	0.5734165068294216	[[0.2578025407744212, -0.3853566241685677, -0.2526066975207002], [-0.6869818557844778, -0.04829652162224257, -0.04062077708093952], [0.23125545311204285, 0.2312554531120428, -0.46130874497062857]]	[[0.11495874665594386, 0.10246915169091071, 0.13086607346043036], [-0.08737576712060872, -0.04104227110187848, 0.17350446076274556], [0.07157485906860572, -0.17789377571711718, -0.0003003723466063965]]	0.7328601668742084	[[1.515620780174173e-16, -0.7590496838479998, 0.0], [-1.0, -1.7938038903913487e-16, 0.0], [0.0, 0.0, -0.7590496838479998]]
3	[[0.08740825448676931, -0.06334395238859675, -0.994156597696443], [0.7119981850616444, -0.6940087028176986, 0.10681996481098455], [-0.6967197295301035, -0.717174639895393, -0.015561310176609944]]	0.6103684147740943	0.3896315852259058	[[0.053351237729259995, -0.0386631478049535, -0.606801786573185], [0.43458120353810814, -0.42360099177826416, 0.06519953258790516], [-0.425255716855125, -0.4377407480691329, -0.009498132224305393]]	0.8124768701841423	0.3015768267751584	[[0.03611099097485512, -0.02840570880470871, -0.7111726630374134], [0.6360441926021664, -0.639827057244789, 0.07106258858438114], [-0.5229608819484706, -0.5083234699017168, 0.025534326593686277]]	[[-0.034906194058814226, 0.023059787377071695, 0.09655657793190808], [0.05756213562649186, -0.07596103849890898, -0.015726162098427785], [0.043107783295690094, 0.07436433689593122, 0.03817753118194296]]	0.2780512852214728	[[0.0, 0.0, -0.7590496838479998], [0.7071067811865475, -0.7071067811865476, 0.0], [-0.5367291787064257, -0.5367291787064256, 0.0]]
3	[[0.5319609947059123, -0.8460851799387872, 0.03402011756955908], [-0.703274286200726, -0.4190807785627857, 0.5742617690636116], [-0.47161719485230363, -0.3294103357928521, -0.8179645788128509]]	0.4543128009975789	0.545687199002421	[[0.2416766895263013, -0.384387327980531, 0.01545577490329332], [-0.3195065108334248, -0.19039376235310526, 0.26089447280911415], [-0.21426172879197106, -0.14965533233160366, -0.37161177891727115]]	0.6578764104082497	0.5568329126899504	[[0.3919714477852989, -0.5281541135062744, 0.09221991567823654], [-0.4060639897630975, -0.23418897803419583, 0.3010427914234499], [-0.2690748880946402, -0.03824175763595751, -0.43960606461311463]]	[[0.04200685811097138, 0.02846536757147304, 0.0698388828499084], [0.05660357317506021, 0.04151438023778405, -0.07675047984281001], [0.04119093914160146, 0.17846953162682022, 0.09851353633737969]]	0.7052170656771155	[[0.5883898034492718, -0.5883898034492717, 0.0], [-0.7071067811865475, -0.7071067811865476, 0.0], [0.0, 0.0, -0.8321088399999998]]
