3	[[0.034229894132735264, 0.2773841392786001, 0.9601491309293217], [-0.1827544195208179, -0.9427759796974285, 0.2788803941677556], [0.9825625356654255, -0.18501754344446375, 0.018422055382213542]]	0.8621534148240119	0.1378465851759883	[[0.02951142011560212, 0.23914768289706437, 0.827795851971022], [-0.15756234686405318, -0.8128175303101914, 0.24043768415919697], [0.8471196454020864, -0.1595135068829944, 0.01588263795585247]]	0.9184378664851762	0.12743811434058067	[[0.009034995755612646, 0.23652795487728248, 0.8599893189056292], [-0.16490826658287744, -0.826724900115135, 0.2534148295807163], [0.8932060529768784, -0.16007808276269062, 0.0]]	[[-0.02240303518167018, -0.01823214219858199, -0.02184800041269322], [0.0029403125725594084, 0.03915625925164314, -0.0027194846432621574], [-0.009216585967939984, 0.009849035100771071, -0.01691951324151196]]	0.34926000167788956	[[0.0, 0.0, 0.9743999999999999], [0.0, -1.0, 0.0], [0.9743999999999999, 0.0, 0.0]]
3	[[-0.8305561570912853, 0.32773595720904825, 0.4502950280316503], [-0.5100865793185324, -0.772219296347621, -0.37879947194723407], [0.22358030216652452, -0.5443036842615101, 0.808545204538665]]	0.5203095976979096	0.4796904023020903	[[-0.4321463399616885, 0.17052416404657922, 0.23429282488051695], [-0.26540294287632854, -0.40179311141719354, -0.19709300085704595], [0.11633097707344148, -0.2832064309835963, 0.4206938300940868]]	0.7487524716964589	0.45561911018657336	[[-0.5249298017823871, 0.14630041511388842, 0.2485683124430701], [-0.5537360965651917, -0.5975527613595032, -0.28939264836943585], [0.23124394132751552, -0.33665684661187134, 0.4746314381046735]]	[[0.09695117372242515, -0.09909269291019135, -0.08859120278825425], [-0.171807509521249, -0.019351654527521796, -0.005765607471630916], [0.06383763745768915, 0.07089188233242324, -0.13076878227197075]]	0.6803897694926779	[[-0.6713663234899147, 0.6713663234899145, 0.0], [-0.7071067811865475, -0.7071067811865476, 0.0], [0.0, 0.0, 0.9494553599999999]]
3	[[-0.30792515101507295, 0.09349718223056193, 0.9468053539599837], [0.3027085282091916, -0.9338174967034747, 0.1906631317268273], [0.9019698710720718, 0.34531602882779927, 0.2592434992682147]]	0.7052525862171808	0.2947474137828192	[[-0.21716500911469622, 0.06593912957212286, 0.667736924524552], [0.21348597238952882, -0.6585772046049793, 0.13446566674661195], [0.6361165842635559, 0.24353502239305203, 0.1828321483189002]]	0.8457498757399027	0.26594727657745565	[[-0.25282384517605627, 0.0775765995152405, 0.7397959166437896], [0.24412368372323484, -0.8497606743078083, 0.11858613396464268], [0.6767651203592773, 0.26187968239448456, 0.1752472456608158]]	[[0.007603813032132467, -0.001498630738288282, -0.060964593817741095], [-0.011892016395097828, -0.059984642507097716, -0.0426671860015022], [-0.08607578602106335, -0.030171306077623396, -0.044007911631654364]]	0.47042767578861583	[[0.0, 0.0, 0.9743999999999999], [0.0, -1.0, 0.0], [0.9743999999999999, 0.0, 0.0]]
3	[[0.04673222253661188, -0.9725397674033924, -0.22799671093185395], [-0.8377629715199755, -0.16246744520517667, 0.5213036857710898], [-0.5440306084466285, 0.16664552219444034, -0.8223502702654952]]	0.5518789437146753	0.44812105628532484	[[0.02579052961094445, -0.5367242195551001, -0.1258265839994917], [-0.4623437438057116, -0.08966236204785473, 0.2876965274579161], [-0.3002390375379775, 0.09196815476344822, -0.45383779851759926]]	0.7492427403837808	0.3815928992014698	[[-0.021421110562116555, -0.8093136626297567, -0.1168449763820274], [-0.6534818422571834, -0.12565258582571265, 0.2344076129382644], [-0.2793984144078251, 0.01247539068693726, -0.6161399700490624]]	[[-0.056434889039672205, -0.08064530216823454, 0.05397990411504357], [-0.025794017683497643, -0.003925031957034447, -0.15617538916103227], [0.12821256951738258, -0.11238255703471141, 0.0]]	0.6283339643287664	[[1.8472776392643417e-16, -0.9251493027839998, 0.0], [-1.0, -1.7938038903913487e-16, 0.0], [0.0, 0.0, -0.9251493027839998]]
3	[[-0.3195682178843842, -0.5708200961323295, -0.7563336379995778], [0.910087742671785, 0.03735879733279218, -0.41272826520656647], [0.2638493031197415, -0.8202248094963509, 0.507557688474819]]	0.46381593885574196	0.536184061144258	[[-0.148220833006502, -0.26475545880534135, -0.35079959639695313], [0.4221132008084168, 0.017327605659430437, -0.19142994781908526], [0.12237751224291611, -0.3804333400893221, 0.23541334580339834]]	0.6661659948759804	0.5558469724856537	[[-0.26374043071940984, -0.2715775299868073, -0.46676405124603043], [0.5976280170449334, -0.04942322782759183, -0.06554739101359072], [0.27300365560610146, -0.4335728983053269, 0.3201812702413749]]	[[-0.050854950921715006, 0.10868340724838874, 0.037079699170128017], [-0.008641489476451412, -0.07431038822016148, 0.2093981443911791], [0.09723622209600488, 0.11283297793477101, -0.017936402258405794]]	0.910649131479862	[[0.0, 0.0, -0.9251493027839998], [0.7071067811865475, 0.7071067811865476, 0.0], [0.6541793456085727, -0.6541793456085727, 0.0]]
3	[[0.3802729664721569, 0.7767473726770865, -0.5020517802076895], [0.4287143634067757, 0.332951791095048, 0.839849450446521], [0.8195098935212374, -0.5346088512602871, -0.20639019011321075]]	0.5445902106677115	0.4554097893322887	[[0.20709293492230757, 0.42300901532180607, -0.2734124847494052], [0.23347364548396982, 0.18132228605464412, 0.45737378914783255], [0.44629706555700455, -0.291142746932663, -0.11239807711350248]]	0.7056556337105966	0.44592704294284347	[[0.21002665007609583, 0.4698102040912605, -0.3044928793608559], [0.3329409524815815, 0.22032134748604637, 0.49278057502778344], [0.5899723137979649, -0.29654125125264463, -0.05332572269670485]]	[[-0.058315111062822486, -0.07830595540822996, 0.04978278775713431], [0.030416246690938252, -0.014627959654207828, -0.09986392114855269], [0.011680540553132482, 0.08070849647072736, 0.09231467769928338]]	0.6839851581489594	[[0.0, 0.6541793456085727, -0.6541793456085727], [0.0, 0.7071067811865476, 0.7071067811865475], [0.9251493027839998, 0.0, 0.0]]
3	[[0.8592155572171323, 0.2624339665249735, -0.4391776855101157], [-0.4266000482917053, 0.8413623931712975, -0.33184593135155627], [0.2824199444684594, 0.4724804086637203, 0.8348660002631537]]	0.5895293384772203	0.41047066152277983	[[0.5065327790555522, 0.1547125226794206, -0.2589081304127352], [-0.25149324426375924, 0.4960078150658858, -0.19563291238604003], [0.16649484303526418, 0.27854106276296975, 0.4921780008522598]]	0.7975990233646288	0.3620279985180176	[[0.567866117015595, 0.21107222339730863, -0.2887361935207141], [-0.32401892621466016, 0.7528295099804905, -0.27270342300884365], [0.24757901033972363, 0.35165361148806296, 0.5507925826321595]]	[[-0.1174433722804852, 0.0017551479992840568, 0.06155149952569239], [0.016236855670107523, 0.08175968689133666, -0.00802343225531674], [0.02232113845298763, -0.025196301021041125, -0.11509572381806595]]	0.6436819811390437	[[0.9251493027839998, 0.0, 0.0], [0.0, 0.7071067811865476, -0.7071067811865475], [0.0, 0.6541793456085727, 0.6541793456085727]]
3	[[0.22433838825039393, -0.7661379269479729, -0.6022499185961573], [-0.9416906372873723, -0.011392912655017143, -0.3362869982418849], [0.2507808429735371, 0.642575192824231, -0.724020780340167]]	0.5027886790355822	0.4972113209644176	[[0.11279480188538715, -0.38520547624923074, -0.3028044410202489], [-0.4734713915818937, -0.005728227504183831, -0.16908129562287846], [0.1260897687660945, 0.3230795323811298, -0.364029451741544]]	0.7035086244754906	0.520026584416649	[[0.28326452832490295, -0.4024852684693939, -0.36395525306328985], [-0.6786807825717155, 0.003244355009854604, -0.03876155807849076], [0.3155238370801564, 0.31857246661921124, -0.48395704940964923]]	[[0.12544053738981972, 0.1364993706762783, 0.05973275875876893], [-0.01619329765222796, 0.01125936732055516, 0.19781924548364943], [0.1390973511950394, -0.13348472340663664, 0.025397813859133065]]	0.7395623667838721	[[1.8472776392643417e-16, -0.9251493027839998, 0.0], [-1.0, -1.7938038903913487e-16, 0.0], [0.0, 0.0, -0.9251493027839998]]
3	[[-0.42203838922340475, -0.825029846081567, 0.3757783270710803], [0.2588054115689476, 0.28760896992378115, 0.9221175843470338], [-0.8688517462515349, 0.4864224845687207, 0.09214016247897017]]	0.4530569219144978	0.5469430780855022	[[-0.19120741355130855, -0.3737854825533067, 0.17024897218500304], [0.11725358314024217, 0.1303032346286677, 0.41777175440749953], [-0.3936392977567567, 0.22037707360870692, 0.04174473839742392]]	0.6517060675462533	0.6004986299614302	[[-0.12130341003450484, -0.3839353876382734, 0.3510378250307432], [0.13230375339974718, 0.09595623036501517, 0.6488593305354603], [-0.5112809648374027, 0.18519730414861443, -0.031685667435615135]]	[[0.15374156895983532, 0.15374156895983532, 0.10614080922613978], [-0.03636130363354122, -0.09148028041504086, 0.04790970582540447], [0.05495498999288014, -0.13180718043574458, -0.09173397038785762]]	0.6651749673812561	[[0.0, -0.6541793456085727, 0.6541793456085727], [0.0, 0.7071067811865476, 0.7071067811865475], [-0.9251493027839998, 0.0, 0.0]]
3	[[0.8489524140446696, -0.5135124485683378, 0.12483895166604869], [0.522794976890395, 0.7815435453534784, -0.34040431673891397], [0.0772347773085365, 0.35425224329800037, 0.9319550081910795]]	0.7505383214410706	0.24946167855892937	[[0.6371713198204312, -0.3854107711875744, 0.09369641723389914], [0.3923776644131403, 0.5865783806627031, -0.25548648449651906], [0.05796766011802388, 0.26587988405161495, 0.699467947506332]]	0.8753125542697789	0.1973064343764519	[[0.7416957192800976, -0.4408505506920713, 0.05251433043095946], [0.46994888983828903, 0.626267490645565, -0.2706426218629524], [0.03765517412434069, 0.2652439892267629, 0.7985313124398377]]	[[-0.0014029867108371209, 0.008633342313608895, -0.056758771224211094], [0.012339883256947421, -0.05782738631084699, 0.0273175501062452], [-0.029949396080051947, -0.04483744671020892, -0.017220606244408788]]	0.4351228472285989	[[0.6890048475881719, -0.6890048475881718, 0.0], [0.7071067811865475, 0.7071067811865476, 0.0], [0.0, 0.0, 0.9743999999999999]]
3	[[0.08740825448676931, -0.06334395238859675, -0.994156597696443], [0.7119981850616444, -0.6940087028176986, 0.10681996481098455], [-0.6967197295301035, -0.717174639895393, -0.015561310176609944]]	0.8061134788049296	0.19388652119507044	[[0.07046097210059621, -0.05106241382122556, -0.8014030334459527], [0.5739513338628383, -0.5594497697492714, 0.08610901343960292], [-0.5616351649235413, -0.5781241438767479, -0.012544181881229594]]	0.8989852764017606	0.15821534074043178	[[0.052718606542659335, -0.030077061106745545, -0.8602894961373909], [0.6345449765448585, -0.6379962654917504, 0.06800872565126109], [-0.6295842303690492, -0.6198900066483123, 0.02656697702103363]]	[[-0.0258601272769244, 0.02686821943969706, 0.03344264762937985], [-0.005530908650335789, -0.01409265996395416, -0.028020849939568188], [-0.0032434517428693494, 0.024839435226380702, 0.04055636575132685]]	0.15028202113650568	[[0.0, 0.0, -0.9251493027839998], [0.7071067811865475, -0.7071067811865476, 0.0], [-0.6541793456085727, -0.6541793456085727, 0.0]]
3	[[-0.5446221603179724, 0.8109226453022452, -0.2139887049042392], [-0.8354447797583356, -0.5021691245819775, 0.22328947644507607], [0.07361197229480154, 0.30038414347728, 0.9509735242804028]]	0.6089186667631622	0.39108133323683775	[[-0.3316305997504929, 0.4937859360254998, -0.1303017168926651], [-0.5087179214446894, -0.3057801538300821, 0.13596513029918025], [0.0448237040275574, 0.18290951216297974, 0.5790655305318885]]	0.7818092043848207	0.3121549882790484	[[-0.4721969293047036, 0.5842450982668851, -0.11219431576867926], [-0.6736420047150458, -0.4420739855563946, 0.03985105882991361], [0.08865981302319072, 0.14227128036947828, 0.7429672912041242]]	[[-0.04640631145616724, -0.04974168987449742, 0.05510402335984216], [-0.02048358614472949, -0.049473541800336834, -0.13471870909711448], [0.031109295530194453, -0.09257180785230985, -0.0005125632045665695]]	0.395172330122219	[[-0.6713663234899147, 0.6713663234899145, 0.0], [-0.7071067811865475, -0.7071067811865476, 0.0], [0.0, 0.0, 0.9494553599999999]]
3	[[0.5319609947059123, -0.8460851799387872, 0.03402011756955908], [-0.703274286200726, -0.4190807785627857, 0.5742617690636116], [-0.47161719485230363, -0.3294103357928521, -0.8179645788128509]]	0.5113377898134491	0.48866221018655104	[[0.27201175929988497, -0.43263532590381376, 0.017395771727212024], [-0.3596107191385102, -0.2142918390635942, 0.2936417437673484], [-0.24115569405379575, -0.1684399530460231, -0.4182561998758519]]	0.7137788735226993	0.4975832015670971	[[0.4754529570929781, -0.604268153022638, 0.11066749044234385], [-0.41152247156802, -0.22714015483864425, 0.2955843096185275], [-0.3019995597745463, -0.05991368132553684, -0.4926509762146723]]	[[0.0957504375337773, -0.000350426381680099, 0.08638464924643417], [0.09045985621381465, 0.07199085119891675, -0.11431160901084977], [0.03463083030106641, 0.17521245708341923, 0.09119485943183367]]	0.6609189319679024	[[0.6713663234899147, -0.6713663234899145, 0.0], [-0.7071067811865475, -0.7071067811865476, 0.0], [0.0, 0.0, -0.9494553599999999]]
3	[[0.8787972042104137, -0.3840163418041313, 0.28327887866788265], [-0.395223040501579, -0.9183905790867732, -0.018907472103605397], [0.2674214316928388, -0.09534250611366366, -0.9588511794847616]]	0.6743093124544579	0.32569068754554215	[[0.5925811385580241, -0.2589457954132198, 0.19101758590740975], [-0.2665025767067801, -0.6192793199486534, -0.012749484514433997], [0.18032476174038492, -0.06429033974518947, -0.6465622795845157]]	0.8369843647648847	0.2995011602728388	[[0.610110317214275, -0.2646385852637871, 0.24187515662031472], [-0.3417883442796139, -0.8497336295584873, -0.02098676520886596], [0.2170744550041896, -0.07980018691463692, -0.7114735902739389]]	[[-0.12542920250893472, 0.056777088640478604, 0.004775164307168116], [-0.010992838784953454, -0.08105507411548961, -0.0051615066809200215], [-0.006753102125757073, 0.0, 0.09106985509117506]]	0.47859073560684096	[[0.6713663234899147, -0.6713663234899145, 0.0], [-0.7071067811865475, -0.7071067811865476, 0.0], [0.0, 0.0, -0.9494553599999999]]
