3	[[0.8592155572171323, 0.2624339665249735, -0.4391776855101157], [-0.4266000482917053, 0.8413623931712975, -0.33184593135155627], [0.2824199444684594, 0.4724804086637203, 0.8348660002631537]]	0.5045589575156951	0.4954410424843049	[[0.4335249058307433, 0.13241340856654948, -0.22159103516513973], [-0.21524487564220798, 0.4245169319914203, -0.16743583717856614], [0.14249751276264633, 0.23839422244195635, 0.42123911875807485]]	0.744555522273672	0.4508477099192882	[[0.46654699214653206, 0.18884164731303116, -0.2867015201005705], [-0.35328723600178114, 0.7495483091025873, -0.2513566328820266], [0.2387292331206342, 0.3121826783485334, 0.46342975127448244]]	[[-0.1731866958029341, -0.006555011695321869, 0.04029065090535618], [-0.035659814243976865, 0.12310729303350525, -0.00427891215017551], [0.02845190386641894, -0.039605219088160865, -0.15817433957998148]]	0.6892357735535372	[[0.6512453454728103, 0.6512453454728102, 0.0], [-0.7071067811865475, 0.7071067811865476, 0.0], [0.0, 0.0, 0.921]]
3	[[-0.42203838922340475, -0.825029846081567, 0.3757783270710803], [0.2588054115689476, 0.28760896992378115, 0.9221175843470338], [-0.8688517462515349, 0.4864224845687207, 0.09214016247897017]]	0.40582921643542996	0.5941707835645702	[[-0.17127550880420536, -0.33482121597112574, 0.1525018240286732], [0.10503079738627497, 0.11672012290396924, 0.37422225671688825], [-0.3526054233798155, 0.19740445576909893, 0.03739316994107368]]	0.5997466373388228	0.6403960724124205	[[-0.09150525733034987, -0.3331980284573062, 0.2874217782942432], [0.1553773480998571, 0.08329688582266562, 0.6213757632690211], [-0.4427675106905238, 0.1694817210055729, -0.028445660109775037]]	[[0.1616108474342804, 0.1616108474342804, 0.06204999024855445], [0.00015967278629072656, -0.08919562675760476, 0.06833884282588916], [0.07832340246979844, -0.12224852844051282, -0.08370641272039016]]	0.7021708661823604	[[0.0, -0.552413003089202, 0.5524130030892022], [0.0, 0.7071067811865476, 0.7071067811865475], [-0.7812299610000001, 0.0, 0.0]]
3	[[0.22433838825039393, -0.7661379269479729, -0.6022499185961573], [-0.9416906372873723, -0.011392912655017143, -0.3362869982418849], [0.2507808429735371, 0.642575192824231, -0.724020780340167]]	0.4285131072591827	0.5714868927408173	[[0.09613193982669321, -0.3283001436655846, -0.25807198396422915], [-0.403526781060892, -0.004882012402533879, -0.14410338654749344], [0.10746287826366757, 0.27535189252477965, -0.3102523943037831]]	0.6469321150780407	0.5651220009431659	[[0.26714538143854394, -0.38855542361705164, -0.2646958095332799], [-0.6835972891194074, -0.04902556162290189, -0.04043548316359947], [0.24109469949332685, 0.2410946994933268, -0.46762125279931527]]	[[0.12201367343451786, 0.10708380590490585, 0.12491900410971005], [-0.07438737338989955, -0.04165512054209223, 0.1771193758822685], [0.07885651832740252, -0.17460782909713277, 0.0007710419866025775]]	0.7317941452358309	[[-1.5599089073902643e-16, -0.7812299610000001, 0.0], [-1.0, 1.7938038903913487e-16, 0.0], [0.0, 0.0, -0.7812299610000001]]
3	[[0.3802729664721569, 0.7767473726770865, -0.5020517802076895], [0.4287143634067757, 0.332951791095048, 0.839849450446521], [0.8195098935212374, -0.5346088512602871, -0.20639019011321075]]	0.4978552732041765	0.5021447267958239	[[0.18932090161515833, 0.3867077754347772, -0.2499491261979424], [0.21343770652043492, 0.16576180491944498, 0.4181234776024302], [0.40799732193254123, -0.26615783570156126, -0.10275244448547445]]	0.6505229941241547	0.5172594850312184	[[0.12385552198728442, 0.4118783402568369, -0.2405065502772283], [0.30163903732110015, 0.14640141704570203, 0.46922366234552465], [0.5653909350326868, -0.27326947296293547, -0.09081303615472033]]	[[-0.12352078674665741, -0.09341368629513201, 0.08608967698883982], [0.02275048601369343, -0.07019137899644856, -0.07711771677247205], [0.03228090538488421, 0.07450587764418128, 0.04344852827557903]]	0.7253172904741341	[[0.0, 0.552413003089202, -0.5524130030892022], [0.0, 0.7071067811865476, 0.7071067811865475], [0.7812299610000001, 0.0, 0.0]]
3	[[0.8787972042104137, -0.3840163418041313, 0.28327887866788265], [-0.395223040501579, -0.9183905790867732, -0.018907472103605397], [0.2674214316928388, -0.09534250611366366, -0.9588511794847616]]	0.581587463434403	0.4184125365655969	[[0.5110974368699797, -0.22333909014722342, 0.16475144448899587], [-0.22985676561614568, -0.5341244473331291, -0.010996348740692607], [0.15552895212623455, -0.0554500062881247, -0.557655825287628]]	0.7969281600544792	0.3597422247097962	[[0.5576335119828192, -0.23684870437522984, 0.22731239136169157], [-0.3455023254713655, -0.8472387455060717, -0.02329596693300395], [0.2040250838255415, -0.07598112797214492, -0.6475543514112172]]	[[-0.14270472702960627, 0.06918473232958856, 0.001559475802599835], [-0.03053795499330516, -0.11534743110308189, -0.00822806997819631], [-0.00909058569256706, 0.0, 0.11658115482164116]]	0.5089975847356772	[[0.5997969631804583, -0.5997969631804583, 0.0], [-0.7071067811865475, -0.7071067811865476, 0.0], [0.0, 0.0, -0.848241]]
3	[[-0.8305561570912853, 0.32773595720904825, 0.4502950280316503], [-0.5100865793185324, -0.772219296347621, -0.37879947194723407], [0.22358030216652452, -0.5443036842615101, 0.808545204538665]]	0.4588837062189921	0.5411162937810078	[[-0.3811286875890524, 0.15039269070531705, 0.20663305135514864], [-0.2340704200102561, -0.3543588527218185, -0.17382490560094394], [0.10259735769573693, -0.24977209194257383, 0.37102822010429565]]	0.6890500460740552	0.5240531898862886	[[-0.4427595317814008, 0.10841357638122401, 0.24721703831742609], [-0.5441933858587364, -0.59576528246128, -0.27198395249716656], [0.2038845288070564, -0.30924763160326973, 0.3996529740838012]]	[[0.12953522652943955, -0.1174129000337953, -0.06305877149470052], [-0.19271820487754446, -0.06366754073367721, -0.010972158899097077], [0.049826511297961514, 0.06580484711540183, -0.15747513635652235]]	0.6858214345971517	[[-0.5997969631804583, 0.5997969631804583, 0.0], [-0.7071067811865475, -0.7071067811865476, 0.0], [0.0, 0.0, 0.848241]]
3	[[-0.5446221603179724, 0.8109226453022452, -0.2139887049042392], [-0.8354447797583356, -0.5021691245819775, 0.22328947644507607], [0.07361197229480154, 0.30038414347728, 0.9509735242804028]]	0.534005378149652	0.46599462185034796	[[-0.2908311626692792, 0.4330370538547416, -0.11427111928214251], [-0.4461320055380027, -0.2681610132674786, 0.11923778130589066], [0.03930918910162721, 0.1604067481277442, 0.5078249764436638]]	0.7392450804882577	0.3727630873116994	[[-0.4686555696249592, 0.5389269488320504, -0.08336274050918283], [-0.6803455791703478, -0.4650518191259411, 0.038462352768787886], [0.09917128951528162, 0.08351578168534554, 0.7030024994988684]]	[[-0.06604631688501092, -0.06054362736415885, 0.07482735687132953], [-0.06274713571440234, -0.09382576420561932, -0.12660329421803332], [0.04475400113131166, -0.13854171863691261, 0.0]]	0.4346531360418293	[[-0.5997969631804583, 0.5997969631804583, 0.0], [-0.7071067811865475, -0.7071067811865476, 0.0], [0.0, 0.0, 0.848241]]
3	[[0.04673222253661188, -0.9725397674033924, -0.22799671093185395], [-0.8377629715199755, -0.16246744520517667, 0.5213036857710898], [-0.5440306084466285, 0.16664552219444034, -0.8223502702654952]]	0.505680064913188	0.494319935086812	[[0.02363155332585143, -0.4917939727112041, -0.11529339158401322], [-0.42364003382008647, -0.08215654823763355, 0.26361288166020885], [-0.27510543339405225, 0.0842693184807767, -0.4158461380492332]]	0.7001320207553268	0.46521332595399717	[[-1.0455974125528929e-16, -0.7057876123412397, -0.10846489995268212], [-0.6702938919056388, -0.13883863313926592, 0.23313742483214764], [-0.2575762899680196, 0.0, -0.5236536710319805]]	[[-0.032718725398945686, -0.02488137972418709, 0.05116289799760488], [-0.08374920974137103, -0.02508997242081038, -0.13184397811396537], [0.12331695927646831, -0.11667386620382017, 0.05210008545768976]]	0.6806055991001588	[[1.5599089073902643e-16, -0.7812299610000001, 0.0], [-1.0, -1.7938038903913487e-16, 0.0], [0.0, 0.0, -0.7812299610000001]]
3	[[0.8489524140446696, -0.5135124485683378, 0.12483895166604869], [0.522794976890395, 0.7815435453534784, -0.34040431673891397], [0.0772347773085365, 0.35425224329800037, 0.9319550081910795]]	0.6764947550150195	0.3235052449849804	[[0.5743118553585583, -0.34738847809140044, 0.08445289602365548], [0.3536680598145506, 0.5287101092474712, -0.2302817348583467], [0.05224892175397799, 0.23964978454340183, 0.6304626749512449]]	0.8275018204857195	0.2595170033731208	[[0.6623454103485032, -0.41046146021187657, 0.04914082553022331], [0.47649970355101146, 0.6267016391128089, -0.2639119779670141], [0.02806709504094037, 0.22724967474388622, 0.7305219180358231]]	[[-0.040164257779206985, 0.014471025820502387, -0.05416363424096073], [0.04388590843341994, -0.020027067456057732, 0.017773213835634755], [-0.03584482378668274, -0.06589470149635916, -0.04067254785307886]]	0.4541652908382647	[[0.6512453454728103, -0.6512453454728102, 0.0], [0.7071067811865475, 0.7071067811865476, 0.0], [0.0, 0.0, 0.921]]
3	[[-0.30792515101507295, 0.09349718223056193, 0.9468053539599837], [0.3027085282091916, -0.9338174967034747, 0.1906631317268273], [0.9019698710720718, 0.34531602882779927, 0.2592434992682147]]	0.6051498348928899	0.3948501651071104	[[-0.18634085429613956, 0.056579804389774974, 0.5729591036245881], [0.183184015866462, -0.5650995039501994, 0.11537976268465083], [0.5458269185576252, 0.20896793783101114, 0.15688116077921516]]	0.8006567537298503	0.2994379636231437	[[-0.1777262445246054, 0.07297952592064284, 0.7301424293622172], [0.2610294932941666, -0.8371561069536748, 0.1321104418479054], [0.6712510045055113, 0.24538511192906692, 0.10474671860396259]]	[[0.06881610727889687, -0.001879624486967121, -0.02792367175342527], [0.018663865771854443, -0.08948882146693554, -0.020545282256462995], [-0.05091726442918547, -0.03109449872308228, -0.10281833994569302]]	0.48221367388996245	[[0.0, 0.0, 0.921], [0.0, -1.0, 0.0], [0.921, 0.0, 0.0]]
3	[[0.034229894132735264, 0.2773841392786001, 0.9601491309293217], [-0.1827544195208179, -0.9427759796974285, 0.2788803941677556], [0.9825625356654255, -0.18501754344446375, 0.018422055382213542]]	0.7669021015285561	0.23309789847144408	[[0.02625097774549467, 0.21272647934344813, 0.7363403862905135], [-0.1401547483941466, -0.7230168801006014, 0.21387396036236392], [0.7535292734850415, -0.14189034288721025, 0.014127912987095015]]	0.8736286275252171	0.19446835601175788	[[0.00920682748547794, 0.21309876262001534, 0.787039778754747], [-0.16810157185835503, -0.8239018975247483, 0.25703685544556476], [0.8165723131543037, -0.1456145103522701, 0.0]]	[[-0.020697387946037055, -0.029231962275211687, -0.05177398871856628], [-0.008442079158215177, -0.0002658123179418298, 0.013398959445096888], [-0.04182244633677913, 0.016022112195203976, -0.016094034959756757]]	0.3734707825252446	[[0.0, 0.0, 0.921], [0.0, -1.0, 0.0], [0.921, 0.0, 0.0]]
3	[[0.08740825448676931, -0.06334395238859675, -0.994156597696443], [0.7119981850616444, -0.6940087028176986, 0.10681996481098455], [-0.6967197295301035, -0.717174639895393, -0.015561310176609944]]	0.6358641607264544	0.36413583927354576	[[0.055579776379793895, -0.04027814912267155, -0.6321485506249159], [0.4527341283829811, -0.441295261354031, 0.06792298727336606], [-0.44301910607922146, -0.45602565049138116, -0.00989487943525412]]	0.8249016839596596	0.28162347323968673	[[0.03732153490336814, -0.02922374884385708, -0.7318035529821212], [0.6359189593739646, -0.6395458535931369, 0.07118782181258293], [-0.5381275657892508, -0.5231892542453449, 0.026390310414462034]]	[[-0.03478168141474232, 0.02302878415015688, 0.08827789857728059], [0.04859045754039275, -0.06705690595615847, -0.016928147040509812], [0.03659771234805015, 0.06840931389752716, 0.03922686138376616]]	0.259098982057805	[[0.0, 0.0, -0.7812299610000001], [0.7071067811865475, -0.7071067811865476, 0.0], [-0.5524130030892022, -0.552413003089202, 0.0]]
3	[[-0.3195682178843842, -0.5708200961323295, -0.7563336379995778], [0.910087742671785, 0.03735879733279218, -0.41272826520656647], [0.2638493031197415, -0.8202248094963509, 0.507557688474819]]	0.40971845713174154	0.5902815428682584	[[-0.13093299717993012, -0.23387552908713047, -0.30988385123802414], [0.3728797457819931, 0.015306588803489021, -0.16910238803509467], [0.1081039293895057, -0.33606124344802146, 0.20795575302725594]]	0.6163000754457326	0.6051066956928277	[[-0.26729850463652777, -0.26729850463652777, -0.3666060999654489], [0.6098352265045743, -0.09770993142297912, -0.05698035749958375], [0.21684941786439324, -0.3352211121805295, 0.3335024079918593]]	[[-0.07034858784432349, 0.08449796367576724, 0.0995223781958363], [0.048948082033716714, -0.12073416103774073, 0.19738410348580954], [0.054239072445392604, 0.17028349979453317, 0.02069456629176676]]	0.9419101214108847	[[0.0, 0.0, -0.7812299610000001], [0.7071067811865475, 0.7071067811865476, 0.0], [0.5524130030892022, -0.552413003089202, 0.0]]
3	[[0.5319609947059123, -0.8460851799387872, 0.03402011756955908], [-0.703274286200726, -0.4190807785627857, 0.5742617690636116], [-0.47161719485230363, -0.3294103357928521, -0.8179645788128509]]	0.46245661797419224	0.5375433820258081	[[0.24600888250588332, -0.39127769083257735, 0.015732828514302702], [-0.3252338479046018, -0.1938066795121372, 0.2655711555530344], [-0.21810249290987194, -0.1523379898165054, -0.3782731327404756]]	0.6661217509097391	0.5476693485534802	[[0.4002800878623891, -0.5400732057977008, 0.09485386141944423], [-0.40596538482554273, -0.23393176136580457, 0.3011413963610048], [-0.2767852423639309, -0.03954395952669574, -0.44744965042279755]]	[[0.04592929865320037, 0.023522535681905717, 0.07219232113785433], [0.06250091406828187, 0.04522706062305481, -0.08138685872817246], [0.037369229230225245, 0.179883430119404, 0.09741434699816609]]	0.6988152794073009	[[0.5997969631804583, -0.5997969631804583, 0.0], [-0.7071067811865475, -0.7071067811865476, 0.0], [0.0, 0.0, -0.848241]]
