3	[[0.034229894132735264, 0.2773841392786001, 0.9601491309293217], [-0.1827544195208179, -0.9427759796974285, 0.2788803941677556], [0.9825625356654255, -0.18501754344446375, 0.018422055382213542]]	0.8177230060011058	0.1822769939988943	[[0.027990571925319896, 0.22682339218792633, 0.7851360335528744], [-0.14944249329055043, -0.7709296081038186, 0.22804691423363035], [0.8034639902484005, -0.1512931017883471, 0.015064138503862507]]	0.8977440170915353	0.15601892721535354	[[0.00912670332432737, 0.2252128065377749, 0.825054198074333], [-0.1663671722418926, -0.8254485516880072, 0.25503730160478644], [0.8564817578335184, -0.15312036983155056, 0.0]]	[[-0.021602979339012354, -0.02380714493567347, -0.036913939733102814], [-0.0023004855200418495, 0.020922943542969905, 0.004674096256554728], [-0.02560787997840567, 0.012978022852689987, -0.016538290001911118]]	0.36051243959057716	[[0.0, 0.0, 0.9490000000000001], [0.0, -1.0, 0.0], [0.9490000000000001, 0.0, 0.0]]
3	[[0.8787972042104137, -0.3840163418041313, 0.28327887866788265], [-0.395223040501579, -0.9183905790867732, -0.018907472103605397], [0.2674214316928388, -0.09534250611366366, -0.9588511794847616]]	0.6281574875881666	0.3718425124118333	[[0.5520230438963187, -0.24122274046048178, 0.17794374871081028], [-0.2482623121584281, -0.576893918783789, -0.011876870173244097], [0.16798277465940414, -0.059890109100718375, -0.6023095478760981]]	0.8182797494693046	0.3295682057491055	[[0.5833697340389239, -0.25119594852359706, 0.23656101585982794], [-0.3445072986199945, -0.8485851084460417, -0.021040586114822957], [0.21209438621219767, -0.07801684201646433, -0.6795694983214633]]	[[-0.1357322220566989, 0.06303684744000626, 0.004759645993527393], [-0.021104288053865664, -0.09708469547594731, -0.00556898457878687], [-0.006731155916141204, 0.0, 0.10503900460567463]]	0.49174866208553114	[[0.636821074243386, -0.6368210742433859, 0.0], [-0.7071067811865475, -0.7071067811865476, 0.0], [0.0, 0.0, -0.9006010000000001]]
3	[[-0.42203838922340475, -0.825029846081567, 0.3757783270710803], [0.2588054115689476, 0.28760896992378115, 0.9221175843470338], [-0.8688517462515349, 0.4864224845687207, 0.09214016247897017]]	0.4304483323730001	0.5695516676269999	[[-0.18166572083860172, -0.3551327214037635, 0.16175315422966224], [0.11140235781896143, 0.1238008014792079, 0.396923976434], [-0.37399578525334226, 0.2093797473113372, 0.03966157928364998]]	0.6272084542572022	0.6186978466438157	[[-0.10649711516634994, -0.3592567639012159, 0.3195833228391558], [0.1431317011959366, 0.08991340638884462, 0.6358555042583149], [-0.4778627026684352, 0.17786430086636218, -0.030203085214933315]]	[[0.15820893057566118, 0.15820893057566116, 0.08389197917354625], [-0.019193240947622092, -0.09047737106755631, 0.05749555953662657], [0.06708845807666079, -0.12722399379593297, -0.08799417409837566]]	0.681167741782647	[[0.0, -0.6043431994569732, 0.6043431994569733], [0.0, 0.7071067811865476, 0.7071067811865475], [-0.8546703490000002, 0.0, 0.0]]
3	[[0.8592155572171323, 0.2624339665249735, -0.4391776855101157], [-0.4266000482917053, 0.8413623931712975, -0.33184593135155627], [0.2824199444684594, 0.4724804086637203, 0.8348660002631537]]	0.547569610679886	0.4524303893201141	[[0.4704803281554864, 0.14370086487925798, -0.24048035427406744], [-0.23359322235910968, 0.46070447806950454, -0.18170874743587584], [0.15464457904082934, 0.2587159134258668, 0.4571472507339686]]	0.7722105566362085	0.40642954478445364	[[0.510790595596343, 0.20801685366958284, -0.29350665462068226], [-0.3557848872637322, 0.7488693313106763, -0.25049817901385707], [0.24515194021000297, 0.33083197341657744, 0.5082736217433413]]	[[-0.15270472811278865, 0.005362574299084951, 0.045630990369285855], [-0.0263598265113611, 0.09916040934709625, 0.00575675235258924], [0.027064277686846813, -0.03402238595733729, -0.13641871703651345]]	0.6672943654628865	[[0.8546703490000002, 0.0, 0.0], [0.0, 0.7071067811865476, -0.7071067811865475], [0.0, 0.6043431994569732, 0.6043431994569733]]
3	[[0.3802729664721569, 0.7767473726770865, -0.5020517802076895], [0.4287143634067757, 0.332951791095048, 0.839849450446521], [0.8195098935212374, -0.5346088512602871, -0.20639019011321075]]	0.5259541460915181	0.47404585390848214	[[0.2000061433625518, 0.4085335011252072, -0.26405621535286183], [0.22548409692277946, 0.17511737497503754, 0.44172230055503076], [0.4310246262605133, -0.2811797418575717, -0.10855177620265985]]	0.6801686225247882	0.4707930133327725	[[0.16312939402250753, 0.42824193238127106, -0.2853161176201775], [0.3257639644148863, 0.19625082395461424, 0.4671065917236369], [0.5803356875377704, -0.29755584794203443, -0.07160484901859934]]	[[-0.09552034576627441, -0.10007725814225116, 0.05616375015980431], [0.03416590639990822, -0.030212537161665595, -0.10413265211477375], [0.022930772115994827, 0.06606831800923445, 0.06877528229333235]]	0.7024410705110401	[[0.0, 0.6043431994569732, -0.6043431994569733], [0.0, 0.7071067811865476, 0.7071067811865475], [0.8546703490000002, 0.0, 0.0]]
3	[[0.08740825448676931, -0.06334395238859675, -0.994156597696443], [0.7119981850616444, -0.6940087028176986, 0.10681996481098455], [-0.6967197295301035, -0.717174639895393, -0.015561310176609944]]	0.719669914741578	0.28033008525842207	[[0.06290509105420342, -0.045586736814896, -0.7154645939039765], [0.5124036731394719, -0.49945718398672617, 0.07687511496821962], [-0.501408228349705, -0.5161290119483394, -0.011199006768068134]]	0.8645253176387362	0.21563185631337511	[[0.04091322347574845, -0.032729752332044754, -0.8002000182152064], [0.6349622752210702, -0.639408123350221, 0.07214450596547736], [-0.5889702890061164, -0.5716134471249285, 0.02893001775990238]]	[[-0.034653425498673264, 0.02203269822719983, 0.059273530190956394], [0.019421818122448475, -0.03942002910270293, -0.020204058042897686], [0.013361556471070717, 0.0484021862330824, 0.042383164383210985]]	0.19984382633818093	[[0.0, 0.0, -0.8546703490000002], [0.7071067811865475, -0.7071067811865476, 0.0], [-0.6043431994569733, -0.6043431994569732, 0.0]]
3	[[-0.30792515101507295, 0.09349718223056193, 0.9468053539599837], [0.3027085282091916, -0.9338174967034747, 0.1906631317268273], [0.9019698710720718, 0.34531602882779927, 0.2592434992682147]]	0.658405385288919	0.34159461471108127	[[-0.20273957769422762, 0.06155904828994141, 0.6233817438676342], [0.1993049251458144, -0.6148304687065852, 0.12553363270499363], [0.5938618204822038, 0.22735793300680662, 0.17068731601933654]]	0.8243466056757501	0.28618333537323964	[[-0.22791876669407551, 0.0719165915678725, 0.7237470319693302], [0.2484812095703708, -0.8477844698567456, 0.11899958770528475], [0.6624430185837846, 0.2497063996982179, 0.15600217512620304]]	[[0.02591828634739264, -0.005157493244138292, -0.05674874780320942], [-0.0010555381679783656, -0.07799518612860996, -0.03817291776123377], [-0.08109278305627178, -0.034953696551407884, -0.05770432353905357]]	0.4755310389528708	[[0.0, 0.0, 0.9490000000000001], [0.0, -1.0, 0.0], [0.9490000000000001, 0.0, 0.0]]
3	[[0.04673222253661188, -0.9725397674033924, -0.22799671093185395], [-0.8377629715199755, -0.16246744520517667, 0.5213036857710898], [-0.5440306084466285, 0.16664552219444034, -0.8223502702654952]]	0.5302833941503203	0.46971660584967956	[[0.02478132158290266, -0.515721688804834, -0.12090286972805296], [-0.4442517920310708, -0.08615378828233226, 0.2764386878737655], [-0.2884903975687421, 0.08836935312922038, -0.4360786924968201]]	0.728286745012403	0.4210634823903247	[[-0.00619674820875187, -0.7635288221361625, -0.10451082361500104], [-0.6633576171425646, -0.12675238639068176, 0.23457839722440135], [-0.273683208813543, 0.004079386158755229, -0.5713775218950675]]	[[-0.04023120644713608, -0.05524100053882606, 0.06153615886309261], [-0.05322594952236296, -0.008429499551722855, -0.14508016724879422], [0.12252707219916921, -0.1172863387711259, 0.027529279696660046]]	0.6524436861134372	[[1.706549872435635e-16, -0.8546703490000002, 0.0], [-1.0, -1.7938038903913487e-16, 0.0], [0.0, 0.0, -0.8546703490000002]]
3	[[0.8489524140446696, -0.5135124485683378, 0.12483895166604869], [0.522794976890395, 0.7815435453534784, -0.34040431673891397], [0.0772347773085365, 0.35425224329800037, 0.9319550081910795]]	0.7243712063474423	0.27562879365255766	[[0.6149566842931107, -0.3719736318438758, 0.09042974201748574], [0.3786976280824786, 0.5661276407607562, -0.24657908556204394], [0.05594664881096065, 0.2566101248290602, 0.6750813735449127]]	0.8530138017689561	0.2211392768252011	[[0.7011767188657458, -0.421902710912646, 0.05308714356390466], [0.4730446636074872, 0.6269962415042373, -0.2672449896045011], [0.03092982370099773, 0.2505636883966873, 0.7632072569064241]]	[[-0.02299140735943078, 0.016130495096317365, -0.053402205205602474], [0.027093332824497815, -0.03967118936572191, 0.023124590755523762], [-0.034952507319735704, -0.05161836444412121, -0.03176322770826712]]	0.4438404572917067	[[0.6710443353460337, -0.6710443353460336, 0.0], [0.7071067811865475, 0.7071067811865476, 0.0], [0.0, 0.0, 0.9490000000000001]]
3	[[-0.3195682178843842, -0.5708200961323295, -0.7563336379995778], [0.910087742671785, 0.03735879733279218, -0.41272826520656647], [0.2638493031197415, -0.8202248094963509, 0.507557688474819]]	0.4374715949740668	0.5625284050259332	[[-0.13980201798090164, -0.24971757789826032, -0.3308744829482137], [0.3981375363529739, 0.016343412655489508, -0.1805568924707963], [0.11542657546858928, -0.3588250556476687, 0.22204207151842956]]	0.6437936077466384	0.5740432369073465	[[-0.26166920873562066, -0.26166920873562066, -0.43166241972959984], [0.609195072164421, -0.06765891133040915, -0.05735535123003347], [0.24128570992305867, -0.3889136586953209, 0.3210362257965608]]	[[-0.055933232822669134, 0.1058211203276947, 0.05526034173828849], [0.023286400943758317, -0.09171026624636289, 0.20835646764631333], [0.07142121516616397, 0.13914183057363394, -0.005726169606187262]]	0.9247426824856606	[[0.0, 0.0, -0.8546703490000002], [0.7071067811865475, 0.7071067811865476, 0.0], [0.6043431994569733, -0.6043431994569732, 0.0]]
3	[[-0.5446221603179724, 0.8109226453022452, -0.2139887049042392], [-0.8354447797583356, -0.5021691245819775, 0.22328947644507607], [0.07361197229480154, 0.30038414347728, 0.9509735242804028]]	0.5734100212665698	0.4265899787334303	[[-0.31229180453017374, 0.4649911712883034, -0.12270326782994553], [-0.4790524089282721, -0.28794880840596637, 0.1280364234369723], [0.042209842599036304, 0.17224327809944748, 0.5452977487815707]]	0.7625888457288573	0.3448408348446515	[[-0.4792823271300804, 0.568098371799269, -0.10335575823017258], [-0.6753012595528357, -0.43463538998032364, 0.04846524715763928], [0.1253435026116858, 0.09924913096827451, 0.725201802199696]]	[[-0.06395954253484121, -0.05030219225716182, 0.05982964124176433], [-0.038200389286726935, -0.051686816904682714, -0.1218128169480122], [0.0692078336275685, -0.12982046628131594, 0.0]]	0.41273615533729113	[[-0.636821074243386, 0.6368210742433859, 0.0], [-0.7071067811865475, -0.7071067811865476, 0.0], [0.0, 0.0, 0.9006010000000001]]
3	[[0.22433838825039393, -0.7661379269479729, -0.6022499185961573], [-0.9416906372873723, -0.011392912655017143, -0.3362869982418849], [0.2507808429735371, 0.642575192824231, -0.724020780340167]]	0.4666028112177728	0.5333971887822272	[[0.10467692262169795, -0.3574821104944808, -0.2810115050726418], [-0.439395498655744, -0.005315965072789563, -0.15691245875564971], [0.11701504633101527, 0.29982739139058867, -0.33783013148680746]]	0.6783723225602059	0.5404443177379583	[[0.296880792290069, -0.39806276341124364, -0.30756229358440623], [-0.6733654623765145, -0.0497417303158564, -0.041602909035375404], [0.27595260136148325, 0.2728045761036309, -0.48547804120118054]]	[[0.14469583881323606, 0.12166400149391404, 0.10098738245536387], [-0.03454859762667928, -0.042013093697346876, 0.1865248830087719], [0.10582981845991862, -0.16310064987211484, 0.005677617140031184]]	0.7325509905727207	[[1.706549872435635e-16, -0.8546703490000002, 0.0], [-1.0, -1.7938038903913487e-16, 0.0], [0.0, 0.0, -0.8546703490000002]]
3	[[0.5319609947059123, -0.8460851799387872, 0.03402011756955908], [-0.703274286200726, -0.4190807785627857, 0.5742617690636116], [-0.47161719485230363, -0.3294103357928521, -0.8179645788128509]]	0.488231311541291	0.5117686884587092	[[0.25972001413407725, -0.41308527707716325, 0.01660968661977473], [-0.3433605271250457, -0.20460835815945416, 0.28037257667794907], [-0.2302582815881648, -0.16082844027940127, -0.39935591910811796]]	0.6916560782084881	0.5244688885166398	[[0.43343977367215364, -0.5730632220953116, 0.10475284908655509], [-0.4030868259465399, -0.22226053782938304, 0.30401995524000763], [-0.2970454097591503, -0.049794017686909935, -0.46359435333835464]]	[[0.065505718313976, 0.012136735291472793, 0.0812226279882022], [0.08333710875192812, 0.06759922992391308, -0.09317168781559845], [0.02915148964808248, 0.17804464328891534, 0.10215581935679956]]	0.6787277806952766	[[0.636821074243386, -0.6368210742433859, 0.0], [-0.7071067811865475, -0.7071067811865476, 0.0], [0.0, 0.0, -0.9006010000000001]]
3	[[-0.8305561570912853, 0.32773595720904825, 0.4502950280316503], [-0.5100865793185324, -0.772219296347621, -0.37879947194723407], [0.22358030216652452, -0.5443036842615101, 0.808545204538665]]	0.4903793593343986	0.5096206406656015	[[-0.4072875962056645, 0.16071494872701894, 0.22081538735762565], [-0.25013592997129686, -0.3786804038086063, -0.1857554423696931], [0.10963916533621153, -0.2669152919715121, 0.3964938793945708]]	0.7203209349331395	0.4840610859731139	[[-0.4894647319629846, 0.1212487851540229, 0.25355779638219805], [-0.5535946898687024, -0.58755483643105, -0.2848930682285381], [0.21345156085735928, -0.3260761780139178, 0.43883090453291107]]	[[0.10880225562748552, -0.11482628595400615, -0.07079913920530456], [-0.18616864815713022, -0.03130911091252056, -0.012035878443326896], [0.052401988568134515, 0.06599716072088543, -0.14358113313608653]]	0.681476683019692	[[-0.636821074243386, 0.6368210742433859, 0.0], [-0.7071067811865475, -0.7071067811865476, 0.0], [0.0, 0.0, 0.9006010000000001]]
