3	[[-0.3195682178843842, -0.5708200961323295, -0.7563336379995778], [0.910087742671785, 0.03735879733279218, -0.41272826520656647], [0.2638493031197415, -0.8202248094963509, 0.507557688474819]]	0.4843172014284157	0.5156827985715842	[[-0.1547723849512311, -0.276457991477909, -0.366305390902128], [0.4407711485851031, 0.01809350817294931, -0.19989139835524922], [0.1277867560857909, -0.3972489842774281, 0.24581891924559998]]	0.6812695621678205	0.5458120998880047	[[-0.2526099624242565, -0.278274226492325, -0.493065112762843], [0.583726409306705, -0.024165071750936018, -0.07673654407079661], [0.3028312267865906, -0.47707049063793144, 0.3076815325506854]]	[[-0.034897862543411366, 0.11060813047634024, 0.02220197364992419], [-0.03628866867760216, -0.049616483252963695, 0.20444266046076504], [0.12307872757191975, 0.08172370620683155, -0.038102071651465556]]	0.9013490641945913	[[0.0, 0.0, -0.9803303925040002], [0.7071067811865475, 0.7071067811865476, 0.0], [0.6931982683428484, -0.6931982683428483, 0.0]]
3	[[-0.42203838922340475, -0.825029846081567, 0.3757783270710803], [0.2588054115689476, 0.28760896992378115, 0.9221175843470338], [-0.8688517462515349, 0.4864224845687207, 0.09214016247897017]]	0.4698981997265043	0.5301018002734957	[[-0.19831507931155162, -0.38768003939436324, 0.1765775593869382], [0.12161219697572553, 0.13514693719237908, 0.4333013928208242], [-0.40827187139282584, 0.22856904980533516, 0.04329649647137568]]	0.6697602525821049	0.5879943567269943	[[-0.13315300284041762, -0.40306066277417085, 0.37604427967443094], [0.12438543315960024, 0.10048874007173636, 0.6584954454608303], [-0.5373003664332413, 0.19049030036878148, -0.032713489321079765]]	[[0.14951153532519457, 0.14951153532519457, 0.12436289242042342], [-0.048952144662433666, -0.09214031626929432, 0.040897739258160516], [0.044621998592589904, -0.1352961457575799, -0.094425307815951]]	0.6557974912501452	[[0.0, -0.6931982683428483, 0.6931982683428484], [0.0, 0.7071067811865476, 0.7071067811865475], [-0.9803303925040002, 0.0, 0.0]]
3	[[0.08740825448676931, -0.06334395238859675, -0.994156597696443], [0.7119981850616444, -0.6940087028176986, 0.10681996481098455], [-0.6967197295301035, -0.717174639895393, -0.015561310176609944]]	0.8332856033077858	0.16671439669221416	[[0.07283604007408803, -0.05278360358203149, -0.8284163802938963], [0.5932978371931408, -0.5783074606282999, 0.0890115388228377], [-0.5805665201579298, -0.5976113024822766, -0.012967015738776008]]	0.9227511870350197	0.1187089784998875	[[0.0679170951293771, -0.026720354090768773, -0.9015447726488356], [0.6310059174335588, -0.6354640344674152, 0.06531224730635254], [-0.6563825658565643, -0.6559015056563736, 0.022150518139119352]]	[[-0.012738975454948337, 0.031730353167298636, 0.015814407974253732], [-0.02599125299885309, 0.004933319870250197, -0.03325600202202247], [-0.013483608401943464, 0.005872244618512953, 0.03650973557640631]]	0.11851927670035832	[[0.0, 0.0, -0.9803303925040002], [0.7071067811865475, -0.7071067811865476, 0.0], [-0.6931982683428484, -0.6931982683428483, 0.0]]
3	[[0.8787972042104137, -0.3840163418041313, 0.28327887866788265], [-0.395223040501579, -0.9183905790867732, -0.018907472103605397], [0.2674214316928388, -0.09534250611366366, -0.9588511794847616]]	0.7115602358769165	0.2884397641230837	[[0.6253171459159366, -0.2732507587547382, 0.201569985723867], [-0.28122499992329564, -0.6534902170821222, -0.013453805309877673], [0.19028645701389907, -0.06784193613933487, -0.6822803714450366]]	0.8505941996635783	0.27818930357106936	[[0.6284623546818326, -0.2749124894412431, 0.24772015460144264], [-0.3446739578463458, -0.8505697467819039, -0.016082586101627667], [0.22070233514431936, -0.08109778268167156, -0.7357608542661349]]	[[-0.11903744990011428, 0.051729583473377146, 0.006764783519339082], [-0.00849953202229918, -0.06939204718501973, 0.0], [-0.006764783519339082, 0.0, 0.07983239734418404]]	0.4706524615554032	[[0.6978037732462737, -0.6978037732462736, 0.0], [-0.7071067811865475, -0.7071067811865476, 0.0], [0.0, 0.0, -0.9868435600000002]]
3	[[-0.5446221603179724, 0.8109226453022452, -0.2139887049042392], [-0.8354447797583356, -0.5021691245819775, 0.22328947644507607], [0.07361197229480154, 0.30038414347728, 0.9509735242804028]]	0.6367941708310233	0.3632058291689768	[[-0.3468122169958838, 0.5163908135233434, -0.13626675990669954], [-0.5320063658013161, -0.31977837130512116, 0.1421894370081355], [0.0468756748607044, 0.19128287157640164, 0.6055743968763951]]	0.7951491589902722	0.3051665394247007	[[-0.4664086326596044, 0.5999680712670367, -0.12576993472667164], [-0.665079309605482, -0.4265758472216735, 0.04783980122071303], [0.09226275133711918, 0.16899405218669827, 0.7462620414145207]]	[[-0.03335277991530344, -0.04483638815121055, 0.044383004011351715], [-0.0007760955978282757, -0.027276490139432792, -0.1297086381859674], [0.033730253475292515, -0.06985614687327418, -0.009903756639056764]]	0.3838572949412997	[[-0.6978037732462737, 0.6978037732462736, 0.0], [-0.7071067811865475, -0.7071067811865476, 0.0], [0.0, 0.0, 0.9868435600000002]]
3	[[-0.30792515101507295, 0.09349718223056193, 0.9468053539599837], [0.3027085282091916, -0.9338174967034747, 0.1906631317268273], [0.9019698710720718, 0.34531602882779927, 0.2592434992682147]]	0.739187091184629	0.26081290881537134	[[-0.22761429668141936, 0.06911191016696826, 0.6998662955117133], [0.22375823644373252, -0.6902658390855531, 0.1409357257373052], [0.6667244853339395, 0.2552531508886485, 0.19162944813259608]]	0.8613089813182784	0.2471022620357741	[[-0.2653721384464636, 0.08308403275150485, 0.7587588133218001], [0.24310121968767406, -0.8496581605338519, 0.11985608814361952], [0.6940309677992336, 0.27376540845759934, 0.1822881056949588]]	[[-0.00015344030339412094, 0.0025540699683701336, -0.05673314160416523], [-0.01762435438054004, -0.04535276371099729, -0.04436377961896683], [-0.0828437830336316, -0.023658388564945766, -0.04100064857313306]]	0.46724329190291514	[[0.0, 0.0, 0.9934000000000001], [0.0, -1.0, 0.0], [0.9934000000000001, 0.0, 0.0]]
3	[[0.034229894132735264, 0.2773841392786001, 0.9601491309293217], [-0.1827544195208179, -0.9427759796974285, 0.2788803941677556], [0.9825625356654255, -0.18501754344446375, 0.018422055382213542]]	0.8679515147825424	0.1320484852174577	[[0.029709888463353623, 0.24075598386351266, 0.8333628926072465], [-0.15862197525629812, -0.8182838396789784, 0.24205466056105598], [0.8528166411993819, -0.16058625709396715, 0.01598945087440013]]	0.9330671974535677	0.12261176603211192	[[0.011814672667741846, 0.24363825744912887, 0.8865589621186423], [-0.16330959793656813, -0.8279905566343663, 0.25195793309299164], [0.9207546640366093, -0.16597632775788235, 0.0]]	[[-0.02012411871982177, -0.015179784005624607, -0.009324696615058482], [0.0072125561079750085, 0.0516827845684549, -0.008256214717862337], [0.0039577925603999, 0.006657472983587157, -0.017189015586816403]]	0.34115193230462554	[[0.0, 0.0, 0.9934000000000001], [0.0, -1.0, 0.0], [0.9934000000000001, 0.0, 0.0]]
3	[[0.8489524140446696, -0.5135124485683378, 0.12483895166604869], [0.522794976890395, 0.7815435453534784, -0.34040431673891397], [0.0772347773085365, 0.35425224329800037, 0.9319550081910795]]	0.7681992358368168	0.23180076416318335	[[0.652164595730936, -0.39447987058288975, 0.09590118727252792], [0.4016107017465277, 0.6003811543137385, -0.2614983359943875], [0.05933169690844447, 0.272136302595002, 0.7159271251266816]]	0.891000733785143	0.19365683765200392	[[0.7696120802838016, -0.44304861302862314, 0.057913813532319246], [0.46541501106138833, 0.6253085565919209, -0.275573704130294], [0.03923803534990461, 0.28882905571624695, 0.8182425641696911]]	[[0.013194856421332384, 0.01449135545357141, -0.05331778400709812], [-0.0003956969671404932, -0.07104731580307058, 0.02772679186770865], [-0.029578207905733518, -0.026809953007304425, -0.012130031983299533]]	0.4290287962560822	[[0.7024398764307164, -0.7024398764307163, 0.0], [0.7071067811865475, 0.7071067811865476, 0.0], [0.0, 0.0, 0.9934000000000001]]
3	[[0.3802729664721569, 0.7767473726770865, -0.5020517802076895], [0.4287143634067757, 0.332951791095048, 0.839849450446521], [0.8195098935212374, -0.5346088512602871, -0.20639019011321075]]	0.5583781411135927	0.44162185888640754	[[0.21233611213447456, 0.4337187540702986, -0.2803347397751397], [0.2393847293077727, 0.18591300219209417, 0.46895357495560086], [0.4575964109685867, -0.2985138965895924, -0.11524377069949562]]	0.7238587823844012	0.43822980934315037	[[0.23085804390444328, 0.489510985660802, -0.32027590325580035], [0.3337128570977428, 0.22172805525654038, 0.48936519531575207], [0.6146317555091029, -0.31804634457823133, -0.051751332066362454]]	[[-0.044405882579796455, -0.07274442174551662, 0.0431386870592587], [0.0233842000114104, -0.019282022838226547, -0.11856720527067513], [0.021422321832849704, 0.0689349675469636, 0.09764601964507133]]	0.6721552661826262	[[0.0, 0.6931982683428483, -0.6931982683428484], [0.0, 0.7071067811865476, 0.7071067811865475], [0.9803303925040002, 0.0, 0.0]]
3	[[0.8592155572171323, 0.2624339665249735, -0.4391776855101157], [-0.4266000482917053, 0.8413623931712975, -0.33184593135155627], [0.2824199444684594, 0.4724804086637203, 0.8348660002631537]]	0.6229738659010058	0.37702613409899427	[[0.5352688373218436, 0.16348950266979784, -0.2735962205596929], [-0.2657606812778394, 0.5241467826976453, -0.20673134273759877], [0.1759402446130635, 0.29434294674772493, 0.520099699693247]]	0.8166161719897027	0.33160257137552174	[[0.5980334045999607, 0.22060959053874993, -0.29602874908121035], [-0.3255930189051718, 0.7523720784617531, -0.2722336676947244], [0.25399370300901697, 0.36836051662643987, 0.5788680132334483]]	[[-0.1036159146486931, 0.006301769395052255, 0.06261085128335789], [0.022775479501422852, 0.06530194169411303, -0.0012429135440588297], [0.02336500906363922, -0.017474626036657812, -0.10289706402580262]]	0.6272807139211205	[[0.9803303925040002, 0.0, 0.0], [0.0, 0.7071067811865476, -0.7071067811865475], [0.0, 0.6931982683428483, 0.6931982683428484]]
3	[[0.22433838825039393, -0.7661379269479729, -0.6022499185961573], [-0.9416906372873723, -0.011392912655017143, -0.3362869982418849], [0.2507808429735371, 0.642575192824231, -0.724020780340167]]	0.5257271205038981	0.47427287949610186	[[0.11794077487336513, -0.40277948624318377, -0.31661911552726485], [-0.495072307146571, -0.005989563164274616, -0.17679519524860562], [0.13184229045401788, 0.33781920583072, -0.3806373600332214]]	0.7221149652406856	0.5038393097716801	[[0.2704497473385461, -0.4064680845320453, -0.4111146514755106], [-0.682483825057673, 0.031948341249013454, -0.03822909182344771], [0.3376367517606262, 0.3546794387481632, -0.48101489722769597]]	[[0.10845163990496139, 0.14677157795556106, 0.02377902755775932], [-0.0024749232454232585, 0.04017533397488139, 0.20460878222288548], [0.1565441520537606, -0.10933372428263333, 0.04181134340117785]]	0.7493598187707177	[[-1.9574596313419983e-16, -0.9803303925040002, 0.0], [-1.0, 1.7938038903913487e-16, 0.0], [0.0, 0.0, -0.9803303925040002]]
3	[[-0.8305561570912853, 0.32773595720904825, 0.4502950280316503], [-0.5100865793185324, -0.772219296347621, -0.37879947194723407], [0.22358030216652452, -0.5443036842615101, 0.808545204538665]]	0.54357226639228	0.45642773360772	[[-0.4514672926761724, 0.17814817703836563, 0.2447678889323394], [-0.27726891797646014, -0.41975699306752806, -0.2059048874745569], [0.1215320515693285, -0.295868387259697, 0.43950274931169164]]	0.7677764015987016	0.4297241628483151	[[-0.5517312197599835, 0.15829310974475624, 0.25355976025114135], [-0.5521388355476989, -0.6029505628530307, -0.29458481229692374], [0.23833716037127792, -0.34541825643186475, 0.4976774537825738]]	[[0.08595019785720935, -0.09333482415571279, -0.09216613602878561], [-0.16050639717472553, -0.010058810258173017, -0.0037515167977880486], [0.06667748050551336, 0.07248526764735332, -0.12310447388800869]]	0.6812387159561095	[[-0.6931982683428481, 0.6931982683428485, 0.0], [-0.7071067811865477, -0.7071067811865474, 0.0], [0.0, 0.0, 0.9803303925040002]]
3	[[0.5319609947059123, -0.8460851799387872, 0.03402011756955908], [-0.703274286200726, -0.4190807785627857, 0.5742617690636116], [-0.47161719485230363, -0.3294103357928521, -0.8179645788128509]]	0.5283816051052996	0.4716183948947004	[[0.28107840423612174, -0.4470558454318626, 0.017975604327274644], [-0.3715971961720234, -0.22143457444578335, 0.30342935528844], [-0.24919385041131906, -0.17405436196450294, -0.4321974370724146]]	0.7292475468166326	0.4756669371121741	[[0.5176065853315523, -0.6279797687880819, 0.11173679026525687], [-0.4270586287517, -0.24371554811884932, 0.2800481524348475], [-0.2920912608353944, -0.06800000393443816, -0.5280062411461935]]	[[0.12967533494013014, -0.010974226919812377, 0.08692770298524247], [0.08580241919939771, 0.0618980815660665, -0.13873083388537086], [0.051834421547189855, 0.17222167533854246, 0.0684924213359782]]	0.6478834296088786	[[0.6978037732462737, -0.6978037732462736, 0.0], [-0.7071067811865475, -0.7071067811865476, 0.0], [0.0, 0.0, -0.9868435600000002]]
3	[[0.04673222253661188, -0.9725397674033924, -0.22799671093185395], [-0.8377629715199755, -0.16246744520517667, 0.5213036857710898], [-0.5440306084466285, 0.16664552219444034, -0.8223502702654952]]	0.5691009979842404	0.43089900201575965	[[0.026595354483607392, -0.5534733522086318, -0.12975315572844243], [-0.4767717431662607, -0.09246038520621588, 0.29667444782519004], [-0.3096083622009498, 0.09483813299046087, -0.4680003595007031]]	0.7593139903219775	0.37027957461944955	[[-0.008631907352394651, -0.8327297966186273, -0.13612506212286732], [-0.6475623564849644, -0.11323734722273768, 0.2379074753948603], [-0.27640190584826607, 0.031242261745369565, -0.6244220651576499]]	[[-0.04411633772328394, -0.09426674508474933, 0.0369960302350852], [-0.011437211636134724, 0.010126456893422134, -0.15792570641754017], [0.13668814630863668, -0.0952940146813806, 0.0]]	0.6115819690072981	[[1.9574596313419983e-16, -0.9803303925040002, 0.0], [-1.0, -1.7938038903913487e-16, 0.0], [0.0, 0.0, -0.9803303925040002]]
