3	[[-0.30792515101507295, 0.09349718223056193, 0.9468053539599837], [0.3027085282091916, -0.9338174967034747, 0.1906631317268273], [0.9019698710720718, 0.34531602882779927, 0.2592434992682147]]	0.7067016312127833	0.2932983687872168	[[-0.21761120651379473, 0.06607461119613699, 0.6691088880845171], [0.21392461066745658, -0.6599303481753834, 0.13474194620348667], [0.6374235791914169, 0.2440354008565263, 0.1832078038141573]]	0.8464132902295242	0.2652179158448127	[[-0.2534750571107098, 0.07781735502448912, 0.7404643110540748], [0.24404558795301684, -0.8497617426076167, 0.11866165063097465], [0.6773817720380345, 0.26234508010508917, 0.17565770208622067]]	[[0.007156883104381193, -0.0013199026144701878, -0.06092432379812431], [-0.012170933389061708, -0.05936620274893102, -0.042718158019394395], [-0.08605751422397781, -0.029934996024041628, -0.043769441100004206]]	0.47028242744999066	[[0.0, 0.0, 0.9752000000000001], [0.0, -1.0, 0.0], [0.9752000000000001, 0.0, 0.0]]
3	[[0.8787972042104137, -0.3840163418041313, 0.28327887866788265], [-0.395223040501579, -0.9183905790867732, -0.018907472103605397], [0.2674214316928388, -0.09534250611366366, -0.9588511794847616]]	0.675828759708745	0.3241712402912551	[[0.5939164245570366, -0.2595292879893755, 0.19144801322179916], [-0.26710309727050124, -0.6206747659924099, -0.012778213421007333], [0.18073109450050812, -0.06443520765432074, -0.6480192033764536]]	0.8375644961234315	0.29854694414548616	[[0.6109603708019535, -0.26506824133696916, 0.242039788584398], [-0.3417047417098439, -0.8497688418723428, -0.020985357732963054], [0.21722918019334506, -0.0798554980922359, -0.7124886093693008]]	[[-0.12508896673722217, 0.0565702124893716, 0.004775457310522114], [-0.010679954935768239, -0.08055749925502304, -0.005149130387538964], [-0.006753516495074118, 0.0, 0.09061109563321164]]	0.47822109890945513	[[0.6724691837943959, -0.6724691837943958, 0.0], [-0.7071067811865475, -0.7071067811865476, 0.0], [0.0, 0.0, -0.9510150400000001]]
3	[[0.5319609947059123, -0.8460851799387872, 0.03402011756955908], [-0.703274286200726, -0.4190807785627857, 0.5742617690636116], [-0.47161719485230363, -0.3294103357928521, -0.8179645788128509]]	0.5120600169846752	0.48793998301532493	[[0.27239595598429417, -0.4332463916099373, 0.01742034198048907], [-0.360118642936829, -0.2145945105888109, 0.2940564912203626], [-0.2414963088063355, -0.16867786214101543, -0.41884695611977113]]	0.7144444748213815	0.4965527580607538	[[0.4771960876760587, -0.6052710940242205, 0.11071744080566591], [-0.4121915662793601, -0.22785428073795372, 0.2949152149071873], [-0.3016103377958236, -0.06024246340861645, -0.49412978887701337]]	[[0.09713949418793358, -0.0007902119886996116, 0.08641195577532063], [0.0902588617806994, 0.07155566601007136, -0.11536293310146212], [0.03533396129716365, 0.1751029309476427, 0.09026048505542639]]	0.6603649572987466	[[0.6724691837943959, -0.6724691837943958, 0.0], [-0.7071067811865475, -0.7071067811865476, 0.0], [0.0, 0.0, -0.9510150400000001]]
3	[[0.034229894132735264, 0.2773841392786001, 0.9601491309293217], [-0.1827544195208179, -0.9427759796974285, 0.2788803941677556], [0.9825625356654255, -0.18501754344446375, 0.018422055382213542]]	0.8631402671089965	0.13685973289100353	[[0.029545199964841784, 0.23942142006872996, 0.8287433773348056], [-0.15774269848054837, -0.8137479109399843, 0.2407128979134188], [0.8480892894855483, -0.1596960918685048, 0.015900817803300528]]	0.9190716154904683	0.12702665330458016	[[0.009031823642253325, 0.23688943802225487, 0.8610966674233136], [-0.164864009856654, -0.8267632445307951, 0.2533665146986119], [0.8943708448907662, -0.160299571349105, 0.0]]	[[-0.02242790045638738, -0.018046450975961224, -0.021349145451667505], [0.0031003897303668645, 0.03971539817532953, -0.002944539697765815], [-0.008674492083667294, 0.009744801198476228, -0.01693118820078588]]	0.34891329988437464	[[0.0, 0.0, 0.9752000000000001], [0.0, -1.0, 0.0], [0.9752000000000001, 0.0, 0.0]]
3	[[-0.5446221603179724, 0.8109226453022452, -0.2139887049042392], [-0.8354447797583356, -0.5021691245819775, 0.22328947644507607], [0.07361197229480154, 0.30038414347728, 0.9509735242804028]]	0.6100688849440161	0.3899311150559839	[[-0.3322570340609865, 0.4947186739953927, -0.1305478505915433], [-0.509678865219467, -0.30635775788703973, 0.13622196191458072], [0.044908373856419395, 0.18325501946604755, 0.5801593575690266]]	0.7823773944176035	0.31176099277750197	[[-0.47198172031648716, 0.58489617725132, -0.11274793913206019], [-0.6732716663469984, -0.4414147009008961, 0.040191078470878855], [0.08882345610587304, 0.14335622453034036, 0.7431230004374387]]	[[-0.045881653584825606, -0.049551369054481036, 0.0546719862457159], [-0.01963855637988333, -0.048528929653479505, -0.1345055603110906], [0.031231113023925384, -0.0916575389677775, -0.0008971876491883304]]	0.3946616021723142	[[-0.6724691837943959, 0.6724691837943958, 0.0], [-0.7071067811865475, -0.7071067811865476, 0.0], [0.0, 0.0, 0.9510150400000001]]
3	[[0.8592155572171323, 0.2624339665249735, -0.4391776855101157], [-0.4266000482917053, 0.8413623931712975, -0.33184593135155627], [0.2824199444684594, 0.4724804086637203, 0.8348660002631537]]	0.5909019812675385	0.40909801873246177	[[0.5077121750954955, 0.15507275077150573, -0.2595109644964193], [-0.2520788137443961, 0.49716270508891713, -0.19608841831120616], [0.16688250473588087, 0.2791896095894886, 0.4933239736484028]]	0.7984037147781401	0.3607661081519764	[[0.5691434120382863, 0.211399961497575, -0.28904749154887327], [-0.32399012080095124, 0.752819324483615, -0.2727568183872486], [0.24786075755133194, 0.35239639160912856, 0.551927512437432]]	[[-0.11685748063904153, 0.0018717077400740995, 0.061593604010068845], [0.016608942479680158, 0.08107246430102516, -0.0078097940621544674], [0.022375624760277938, -0.02483372182787947, -0.11463260351463758]]	0.6429668132586498	[[0.9274298670080002, 0.0, 0.0], [0.0, 0.7071067811865476, -0.7071067811865475], [0.0, 0.6557919480362948, 0.6557919480362949]]
3	[[-0.3195682178843842, -0.5708200961323295, -0.7563336379995778], [0.910087742671785, 0.03735879733279218, -0.41272826520656647], [0.2638493031197415, -0.8202248094963509, 0.507557688474819]]	0.4646649783821303	0.5353350216178696	[[-0.1484921590548633, -0.2652401076294144, -0.3514417535507518], [0.4228859012744268, 0.017359324755024292, -0.1917803704299033], [0.12260153073027483, -0.38112974337310884, 0.23584428234283578]]	0.6668070397907571	0.5552966628962377	[[-0.26330718335199427, -0.2718527955798804, -0.4678465009400448], [0.5970320254534416, -0.04835340632772658, -0.06602201519898566], [0.27423731908837656, -0.43534492810532427, 0.31968741321894023]]	[[-0.05021684597330037, 0.10877406297519362, 0.03648209330862759], [-0.009820888187383702, -0.07326451538734856, 0.20918809756137946], [0.09830074632424754, 0.11158674907787511, -0.01875562655599309]]	0.9102338025727558	[[0.0, 0.0, -0.9274298670080002], [0.7071067811865475, 0.7071067811865476, 0.0], [0.6557919480362949, -0.6557919480362948, 0.0]]
3	[[0.3802729664721569, 0.7767473726770865, -0.5020517802076895], [0.4287143634067757, 0.332951791095048, 0.839849450446521], [0.8195098935212374, -0.5346088512602871, -0.20639019011321075]]	0.5451734359065766	0.45482656409342354	[[0.20731471971401222, 0.42346203399377336, -0.2737052940188395], [0.23372368252097267, 0.18151647194253592, 0.4578636105441801], [0.44677502441040573, -0.29145454430763873, -0.11251844908143067]]	0.7064301162140368	0.4451961278933728	[[0.21052354979378432, 0.47062479039069494, -0.3051847273837677], [0.3324445967116058, 0.22109931340762462, 0.4933287732435844], [0.5915492543584411, -0.29757496469733635, -0.052394935968178236]]	[[-0.05811272610419799, -0.078092946358527, 0.04947977005381442], [0.029587859147530413, -0.014107859069321896, -0.09996617163764644], [0.012622785039680371, 0.08008882822752098, 0.0934053100189344]]	0.6834489329526727	[[0.0, 0.6557919480362948, -0.6557919480362949], [0.0, 0.7071067811865476, 0.7071067811865475], [0.9274298670080002, 0.0, 0.0]]
3	[[-0.8305561570912853, 0.32773595720904825, 0.4502950280316503], [-0.5100865793185324, -0.772219296347621, -0.37879947194723407], [0.22358030216652452, -0.5443036842615101, 0.808545204538665]]	0.5212738362004723	0.4787261637995277	[[-0.43294719418689637, 0.1708401796751944, 0.23472701668405746], [-0.26589478799574784, -0.4025377149951537, -0.19745825389264787], [0.11654656180920502, -0.283731269553048, 0.42147346051136536]]	0.7495601620130795	0.4546969306171635	[[-0.5259304111131463, 0.14699332003237345, 0.2485488021623563], [-0.553569177326314, -0.5976816712456232, -0.2889156326297258], [0.23122731071681327, -0.33720277046585967, 0.4758289335143502]]	[[0.0966213965571582, -0.09866449715075244, -0.08897441200273168], [-0.17122859829161727, -0.01885685036567395, -0.004982639066488067], [0.06364042320193992, 0.07078558729351399, -0.13022434099455005]]	0.680403736683986	[[-0.6724691837943959, 0.6724691837943958, 0.0], [-0.7071067811865475, -0.7071067811865476, 0.0], [0.0, 0.0, 0.9510150400000001]]
3	[[0.04673222253661188, -0.9725397674033924, -0.22799671093185395], [-0.8377629715199755, -0.16246744520517667, 0.5213036857710898], [-0.5440306084466285, 0.16664552219444034, -0.8223502702654952]]	0.5525841225849298	0.44741587741507016	[[0.025823484186837335, -0.5374100340495553, -0.12598736246252842], [-0.46293451655150925, -0.08977693065731766, 0.2880641398021076], [-0.30062267642782575, 0.09208566966452225, -0.45441770255213854]]	0.7496797383795721	0.38111757055206774	[[-0.020883284026222734, -0.8103517942610842, -0.11759761687086567], [-0.6532532384487646, -0.12513541998195318, 0.23449496382227075], [-0.2792801654908538, 0.01330461791945474, -0.6164993354690069]]	[[-0.05591748439136575, -0.08125843587037901, 0.053326897731929584], [-0.02519931313557642, -0.0033368681653389784, -0.15631584694290646], [0.12856855871989414, -0.11162615356140049, 0.0]]	0.6276036007380547	[[1.8518313207979328e-16, -0.9274298670080002, 0.0], [-1.0, -1.7938038903913487e-16, 0.0], [0.0, 0.0, -0.9274298670080002]]
3	[[0.22433838825039393, -0.7661379269479729, -0.6022499185961573], [-0.9416906372873723, -0.011392912655017143, -0.3362869982418849], [0.2507808429735371, 0.642575192824231, -0.724020780340167]]	0.5039533531145958	0.4960466468854041	[[0.11305608299111006, -0.3860977772336962, -0.3035058658895258], [-0.47456815425759186, -0.005741496534237605, -0.16947296037284004], [0.1263818467134189, 0.3238279230520292, -0.3648726999770735]]	0.704293636136465	0.5192611433403357	[[0.2827679372239043, -0.40266422433753996, -0.3658609679177232], [-0.6788458589050167, 0.004452958389930768, -0.03873546477621159], [0.31643950560042344, 0.320029604235674, -0.48386611199405005]]	[[0.12476783803804023, 0.13692184201470134, 0.05829981711325447], [-0.015619135854228305, 0.012476914269917866, 0.19810932800098258], [0.13981615382922308, -0.13253201480959373, 0.026057116030087014]]	0.7398925530060099	[[1.8518313207979328e-16, -0.9274298670080002, 0.0], [-1.0, -1.7938038903913487e-16, 0.0], [0.0, 0.0, -0.9274298670080002]]
3	[[0.8489524140446696, -0.5135124485683378, 0.12483895166604869], [0.522794976890395, 0.7815435453534784, -0.34040431673891397], [0.0772347773085365, 0.35425224329800037, 0.9319550081910795]]	0.7512643742912376	0.2487356257087625	[[0.6377877041403043, -0.38578360836445363, 0.09378705691056813], [0.39275724119616456, 0.5871458225813363, -0.25573363602089644], [0.058023736648220754, 0.26613708990253954, 0.7001445960962567]]	0.875985349975204	0.19707706115912432	[[0.7428943072949127, -0.44108208027000984, 0.05266142371369836], [0.4697721948460523, 0.6262363315581357, -0.27083222337179363], [0.03776442052886104, 0.26607489608802093, 0.7994333118830478]]	[[-0.0007755702343014817, 0.008747301705749574, -0.05669566905202288], [0.011811454049440819, -0.058384364539192685, 0.027356971159814173], [-0.029892112902014257, -0.04424487923687906, -0.016945622128359136]]	0.4348587189383334	[[0.6895705330131212, -0.6895705330131211, 0.0], [0.7071067811865475, 0.7071067811865476, 0.0], [0.0, 0.0, 0.9752000000000001]]
3	[[-0.42203838922340475, -0.825029846081567, 0.3757783270710803], [0.2588054115689476, 0.28760896992378115, 0.9221175843470338], [-0.8688517462515349, 0.4864224845687207, 0.09214016247897017]]	0.45377297015408874	0.5462270298459113	[[-0.19150961339695172, -0.3743762437222034, 0.17051804759457864], [0.11743890029959277, 0.13050917652527216, 0.41843203508046706], [-0.3942614375201257, 0.2207253755724798, 0.04181071519856265]]	0.652470989289083	0.5999518397727566	[[-0.12178883456766289, -0.3847290690989569, 0.35206485281320155], [0.1319671850641824, 0.0961469368524155, 0.6492666884301581], [-0.5123586488291628, 0.1854236331178497, -0.031730418529757706]]	[[0.15357897076690308, 0.15357897076690302, 0.10688039599573726], [-0.03689583785557707, -0.09150957228216809, 0.04761171593038955], [0.054541909593123356, -0.13195292660115726, -0.0918492014956682]]	0.6647305385947156	[[0.0, -0.6557919480362948, 0.6557919480362949], [0.0, 0.7071067811865476, 0.7071067811865475], [-0.9274298670080002, 0.0, 0.0]]
3	[[0.08740825448676931, -0.06334395238859675, -0.994156597696443], [0.7119981850616444, -0.6940087028176986, 0.10681996481098455], [-0.6967197295301035, -0.717174639895393, -0.015561310176609944]]	0.8080573427910717	0.19194265720892845	[[0.07063088185858457, -0.051185545849013636, -0.8033355386528003], [0.575335361492978, -0.5607988282727479, 0.08631665692219995], [-0.5629894933142096, -0.579518233831015, -0.012574430951659091]]	0.9000144526517632	0.1564755142347134	[[0.053266261142707, -0.02996835185295861, -0.8620741043576337], [0.6344281559085427, -0.6379473385664015, 0.06788570289794006], [-0.6307692698928137, -0.6213784968178131, 0.02638076047679914]]	[[-0.025402431176448692, 0.02704212078486364, 0.03268120176826955], [-0.006380500908761773, -0.013329475764370335, -0.028253809263698818], [-0.0037114438680931313, 0.024089044163364243, 0.04038616453794506]]	0.14883451147555163	[[0.0, 0.0, -0.9274298670080002], [0.7071067811865475, -0.7071067811865476, 0.0], [-0.6557919480362949, -0.6557919480362948, 0.0]]
