3	[[0.8787972042104137, -0.3840163418041313, 0.28327887866788265], [-0.395223040501579, -0.9183905790867732, -0.018907472103605397], [0.2674214316928388, -0.09534250611366366, -0.9588511794847616]]	0.6394063333411343	0.36059366665886566	[[0.5619084980946207, -0.24554248105605533, 0.18113030912201888], [-0.25270811517904923, -0.5872247527489148, -0.012089557410516094], [0.17099095709555467, -0.06096260224569236, -0.6130955168941733]]	0.823045099779142	0.32203533472539975	[[0.5900620052637418, -0.2545467535105018, 0.23791598485937546], [-0.3438102458362616, -0.8488801668159084, -0.021025304980331755], [0.2133616070240099, -0.07847118245751376, -0.6875492726318425]]	[[-0.13322772736124916, 0.06151601484650049, 0.0047646919008445515], [-0.018523859031623582, -0.09300330101521112, -0.005463602716248508], [-0.006738291906703607, 0.0, 0.10162849206054093]]	0.4881879474792008	[[0.6454394048295726, -0.6454394048295725, 0.0], [-0.7071067811865475, -0.7071067811865476, 0.0], [0.0, 0.0, -0.9127891600000001]]
3	[[0.22433838825039393, -0.7661379269479729, -0.6022499185961573], [-0.9416906372873723, -0.011392912655017143, -0.3362869982418849], [0.2507808429735371, 0.642575192824231, -0.724020780340167]]	0.4755809978514732	0.5244190021485268	[[0.10669107454051358, -0.36436063978977606, -0.28641861724192896], [-0.44785017294851825, -0.005418252768907714, -0.15993170618835223], [0.11926660354338839, 0.3055965513979506, -0.34433052517937895]]	0.6848197303273046	0.5366311681993895	[[0.29398540216388497, -0.39794552445248194, -0.3206797584110338], [-0.674629788748763, -0.03538731528492969, -0.039477708005097936], [0.285526542013226, 0.285526542013226, -0.48529059438699307]]	[[0.140354047620188, 0.12672084407354905, 0.0917528684316278], [-0.029741460469877065, -0.027585223912878293, 0.1908182634434884], [0.11378687275683427, -0.1545216282516796, 0.01053312115692475]]	0.7337076152070391	[[1.741309856232435e-16, -0.872078763464, 0.0], [-1.0, -1.7938038903913487e-16, 0.0], [0.0, 0.0, -0.872078763464]]
3	[[0.8489524140446696, -0.5135124485683378, 0.12483895166604869], [0.522794976890395, 0.7815435453534784, -0.34040431673891397], [0.0772347773085365, 0.35425224329800037, 0.9319550081910795]]	0.731641811183189	0.268358188816811	[[0.6211290818199827, -0.3757071779356529, 0.09133739670315846], [0.38249866376956204, 0.5718099350409498, -0.24905403083343497], [0.05650819235634792, 0.25918575290225676, 0.6818572501341652]]	0.8587324053195581	0.21321285351137198	[[0.7102288552001144, -0.42433115313558156, 0.05418631689665093], [0.47225136236352927, 0.6269118547647922, -0.26807324498042184], [0.03162078014482592, 0.2563465207521332, 0.7706342954124105]]	[[-0.018794093314310215, 0.01663862698504304, -0.05301693634510711], [0.023310374369457543, -0.044224913798575544, 0.024242972713946553], [-0.03470322594765404, -0.04786136022500788, -0.029665670421123606]]	0.4415842763170212	[[0.6755698187456276, -0.6755698187456275, 0.0], [0.7071067811865475, 0.7071067811865476, 0.0], [0.0, 0.0, 0.9554]]
3	[[0.8592155572171323, 0.2624339665249735, -0.4391776855101157], [-0.4266000482917053, 0.8413623931712975, -0.33184593135155627], [0.2824199444684594, 0.4724804086637203, 0.8348660002631537]]	0.5578587260972658	0.44214127390273417	[[0.4793208961921019, 0.1464010782502743, -0.2449991041690188], [-0.2379825594930428, 0.4693613528406871, -0.18512314852433992], [0.15755043044563533, 0.26357731888305863, 0.46573728336872267]]	0.778513606145211	0.392274021008738	[[0.5317897767133912, 0.21101460992519538, -0.2850231321822405], [-0.340820766819368, 0.7510930289091321, -0.26009381855741337], [0.24169195967134177, 0.33143300002151904, 0.5252420188872586]]	[[-0.13712122519178535, 0.006706196270846614, 0.056882671502747076], [-0.008706824842071331, 0.09608095812638032, -0.0017472458562971006], [0.021824190255871193, -0.0363994267602369, -0.12471252162563787]]	0.6611948176727991	[[0.872078763464, 0.0, 0.0], [0.0, 0.7071067811865476, -0.7071067811865475], [0.0, 0.6166528073741736, 0.6166528073741736]]
3	[[0.034229894132735264, 0.2773841392786001, 0.9601491309293217], [-0.1827544195208179, -0.9427759796974285, 0.2788803941677556], [0.9825625356654255, -0.18501754344446375, 0.018422055382213542]]	0.829089060366041	0.17091093963395912	[[0.028379630762938535, 0.22997615539493763, 0.7960491407734622], [-0.15151968995825615, -0.7816452511430148, 0.23121668395505565], [0.8146318494457222, -0.15339602124560364, 0.015273524586850596]]	0.9030633539616628	0.14741760832148468	[[0.009105263830726289, 0.22803440714677364, 0.8338161127052205], [-0.16598959367330798, -0.825781128369299, 0.2546119690388676], [0.8656881718545384, -0.15485997345540475, 0.0]]	[[-0.021806499170534267, -0.022461044005927976, -0.033259381775188585], [-0.0009507746295214, 0.025605309890753533, 0.0027653049275836736], [-0.02162804708055659, 0.012222589869300344, -0.01663628312032927]]	0.35763232914847726	[[0.0, 0.0, 0.9554], [0.0, -1.0, 0.0], [0.9554, 0.0, 0.0]]
3	[[0.04673222253661188, -0.9725397674033924, -0.22799671093185395], [-0.8377629715199755, -0.16246744520517667, 0.5213036857710898], [-0.5440306084466285, 0.16664552219444034, -0.8223502702654952]]	0.5355885386570353	0.4644114613429647	[[0.025029242776579336, -0.5208811528094359, -0.12211242522660216], [-0.4486962456573591, -0.08701570155678245, 0.2792042792586643], [-0.2913765585626275, 0.08925343170585882, -0.4404413795157146]]	0.7339576241471782	0.4104843443392022	[[-0.00844727445026704, -0.7751004975727528, -0.10607597642753701], [-0.6600233626352939, -0.12908251720230393, 0.23557150143814376], [-0.27577420672318725, 0.0061127353872818735, -0.5818072828214986]]	[[-0.04274674547435579, -0.06129752050070951, 0.06126394784137755], [-0.04514084246001247, -0.009838297118250725, -0.14704331322957243], [0.12352120611564413, -0.1161980161573154, 0.02176296775935412]]	0.6462164137981675	[[1.741309856232435e-16, -0.872078763464, 0.0], [-1.0, -1.7938038903913487e-16, 0.0], [0.0, 0.0, -0.872078763464]]
3	[[0.3802729664721569, 0.7767473726770865, -0.5020517802076895], [0.4287143634067757, 0.332951791095048, 0.839849450446521], [0.8195098935212374, -0.5346088512602871, -0.20639019011321075]]	0.5306711949618262	0.4693288050381739	[[0.20179990952945803, 0.41219745644200845, -0.26642441813552675], [0.2275063635263723, 0.17668792484508944, 0.4456839114564884], [0.434890294477954, -0.2837015179354658, -0.10952532881577606]]	0.6868319207395409	0.4631896081324876	[[0.1920683196698884, 0.44736389907981866, -0.2887103317038375], [0.3399542647944955, 0.20181788875957402, 0.4779951396707858], [0.5615194192156415, -0.2796437873787079, -0.07248192101254065]]	[[-0.0691152922975062, -0.08613099082537665, 0.05611485680691569], [0.04549955512719024, -0.02686402943190812, -0.09884027151144617], [-0.001346135016606572, 0.08754263677675458, 0.06927344968471495]]	0.6975517267121277	[[0.0, 0.6166528073741736, -0.6166528073741736], [0.0, 0.7071067811865476, 0.7071067811865475], [0.872078763464, 0.0, 0.0]]
3	[[0.08740825448676931, -0.06334395238859675, -0.994156597696443], [0.7119981850616444, -0.6940087028176986, 0.10681996481098455], [-0.6967197295301035, -0.717174639895393, -0.015561310176609944]]	0.7402579264220797	0.2597420735779204	[[0.06470465321854926, -0.046890862846561576, -0.7359323015495985], [0.5270623000900169, -0.513745443266707, 0.07907432565145894], [-0.5157523022793067, -0.5308942118114652, -0.011519383203748085]]	0.8735679836675677	0.2007671925793545	[[0.04240236407109549, -0.03235682200702478, -0.8162737648823026], [0.6356226173795811, -0.638344645404416, 0.07148416380696632], [-0.6000724427117631, -0.5842959853671488, 0.02998299917301244]]	[[-0.0339546885568132, 0.022978426758616076, 0.05218960961718842], [0.013643798480312792, -0.03208086223621488, -0.02183033746840598], [0.008559606595262653, 0.04220481874378356, 0.04357686152721919]]	0.1868116295418635	[[0.0, 0.0, -0.872078763464], [0.7071067811865475, -0.7071067811865476, 0.0], [-0.6166528073741736, -0.6166528073741736, 0.0]]
3	[[-0.30792515101507295, 0.09349718223056193, 0.9468053539599837], [0.3027085282091916, -0.9338174967034747, 0.1906631317268273], [0.9019698710720718, 0.34531602882779927, 0.2592434992682147]]	0.670355369818594	0.32964463018140605	[[-0.20641927848515562, 0.06267633817116483, 0.6346960532000697], [0.20292228737491497, -0.6259895733457315, 0.12781205417950864], [0.6046403464877483, 0.23148445420914765, 0.17378527182501052]]	0.8297759075551052	0.2813512807012947	[[-0.23467492254760552, 0.07308389562765452, 0.7271875813248753], [0.24716892851553696, -0.8485278919923308, 0.11851708895782023], [0.6654210824521947, 0.25247375566641683, 0.161591026919951]]	[[0.020833949094969464, -0.004497813611555063, -0.058448690535302675], [-0.004011315203915199, -0.07366863117436855, -0.03969058420810647], [-0.08301178590399498, -0.03406116554749518, -0.05352298296309316]]	0.47415677500955034	[[0.0, 0.0, 0.9554], [0.0, -1.0, 0.0], [0.9554, 0.0, 0.0]]
3	[[-0.8305561570912853, 0.32773595720904825, 0.4502950280316503], [-0.5100865793185324, -0.772219296347621, -0.37879947194723407], [0.22358030216652452, -0.5443036842615101, 0.808545204538665]]	0.4977968886740107	0.5022031113259893	[[-0.4134482708690846, 0.1631459398052629, 0.2241554639395319], [-0.2539195121391344, -0.3844083630958795, -0.18856519856669135], [0.11129757878729105, -0.27095268051918076, 0.40249128717163896]]	0.7275152818401867	0.47674295160774816	[[-0.4982232958694598, 0.12737842259559196, 0.2525197240090131], [-0.553554397439741, -0.5901681489939217, -0.2860042912878141], [0.2178417303146272, -0.3287522312116757, 0.44767273646653716]]	[[0.10601900084090908, -0.1110544946825121, -0.07507679022066772], [-0.18245861592392207, -0.028366809969151568, -0.010421886693208248], [0.055183643770033985, 0.06723701705048885, -0.14055625589394113]]	0.6809319673237302	[[-0.6454394048295726, 0.6454394048295725, 0.0], [-0.7071067811865475, -0.7071067811865476, 0.0], [0.0, 0.0, 0.9127891600000001]]
3	[[-0.5446221603179724, 0.8109226453022452, -0.2139887049042392], [-0.8354447797583356, -0.5021691245819775, 0.22328947644507607], [0.07361197229480154, 0.30038414347728, 0.9509735242804028]]	0.5821772684696678	0.4178227315303323	[[-0.31706664164196674, 0.4721007305822584, -0.12457935970451181], [-0.48637695983695106, -0.2923514492589399, 0.1299940574748166], [0.04285521695725242, 0.17487682014120362, 0.5536351687525383]]	0.7677874532941368	0.3391670399391626	[[-0.48150970743943006, 0.5749340248728843, -0.10825859476879005], [-0.6741737903973457, -0.42768299592153053, 0.050725161080044136], [0.13178811407721136, 0.10311009587575634, 0.7301455403574003]]	[[-0.06335564596134297, -0.047682207782271044, 0.056039248003346344], [-0.03272977057881224, -0.04212384263578792, -0.12071369738710197], [0.07526976533702712, -0.127521080654605, 0.0]]	0.40807987903862103	[[-0.6454394048295726, 0.6454394048295725, 0.0], [-0.7071067811865475, -0.7071067811865476, 0.0], [0.0, 0.0, 0.9127891600000001]]
3	[[-0.42203838922340475, -0.825029846081567, 0.3757783270710803], [0.2588054115689476, 0.28760896992378115, 0.9221175843470338], [-0.8688517462515349, 0.4864224845687207, 0.09214016247897017]]	0.4361213713545975	0.5638786286454026	[[-0.18405996107239664, -0.3598131478815655, 0.16388495932757602], [0.11287057100744043, 0.12543241837704258, 0.4021551854356171], [-0.3789248150790561, 0.21213924102782103, 0.04018429401716389]]	0.633419201132496	0.6139662812129689	[[-0.11011804429102354, -0.36538057095734144, 0.3273004297851637], [0.1403777247124427, 0.0914332924855404, 0.6391445271572248], [-0.48613869172694524, 0.17973792792140497, -0.030587467148552122]]	[[0.1572091750581109, 0.1572091750581109, 0.08927522204889426], [-0.023554592332326915, -0.0907437514821211, 0.05505754352989973], [0.06420868728627617, -0.1283714136669979, -0.08895081525819977]]	0.6768220583083263	[[0.0, -0.6166528073741736, 0.6166528073741736], [0.0, 0.7071067811865476, 0.7071067811865475], [-0.872078763464, 0.0, 0.0]]
3	[[0.5319609947059123, -0.8460851799387872, 0.03402011756955908], [-0.703274286200726, -0.4190807785627857, 0.5742617690636116], [-0.47161719485230363, -0.3294103357928521, -0.8179645788128509]]	0.4940827758419526	0.5059172241580474	[[0.2628327649039434, -0.41803611430289384, 0.016808754123237332], [-0.34747571150432255, -0.20706059437430788, 0.2837328489188595], [-0.23301793276742122, -0.1627559730995621, -0.404142209640247]]	0.6973959284078574	0.5192594102881931	[[0.4412798279119423, -0.5807406509646221, 0.10711906594779054], [-0.40241912445107925, -0.21962157087437645, 0.3046876567354682], [-0.30181698446006394, -0.05229479853962479, -0.46717952181585976]]	[[0.07029239613224528, 0.009315708610917281, 0.08339357447082342], [0.08804149929924918, 0.0726436577693051, -0.09580016284978778], [0.02708692699706776, 0.17743462841777535, 0.1032656450300703]]	0.6742014122187923	[[0.6454394048295726, -0.6454394048295725, 0.0], [-0.7071067811865475, -0.7071067811865476, 0.0], [0.0, 0.0, -0.9127891600000001]]
3	[[-0.3195682178843842, -0.5708200961323295, -0.7563336379995778], [0.910087742671785, 0.03735879733279218, -0.41272826520656647], [0.2638493031197415, -0.8202248094963509, 0.507557688474819]]	0.4440003284156774	0.5559996715843225	[[-0.14188839369187928, -0.25344431014902286, -0.3358123836636366], [0.40407925663335514, 0.0165873182849745, -0.18325148529814833], [0.1171491772374128, -0.3641800847910662, 0.22535578037272172]]	0.6499846036784066	0.557041733002774	[[-0.265449878998788, -0.26544987899878797, -0.44049003630204736], [0.60924689823961, 0.03714053167233161, -0.0573249922180724], [0.33756878459508993, -0.3968150174273832, 0.325410910681263]]	[[-0.05773545754899185, 0.1055743949574542, 0.051115183641755546], [0.01770387750651392, 0.01285788859407482, 0.21094202566909392], [0.16607079987598106, 0.13631848030029894, -0.004493772305970386]]	0.9210389605392532	[[0.0, 0.0, -0.872078763464], [0.7071067811865475, 0.7071067811865476, 0.0], [0.6166528073741736, -0.6166528073741736, 0.0]]
