3	[[0.8592155572171323, 0.2624339665249735, -0.4391776855101157], [-0.4266000482917053, 0.8413623931712975, -0.33184593135155627], [0.2824199444684594, 0.4724804086637203, 0.8348660002631537]]	0.5223052659134557	0.47769473408654434	[[0.4487728100892723, 0.13707064267054922, -0.22938481781361697], [-0.2228154516616921, 0.43944800849491594, -0.17332487741687294], [0.14750942419486207, 0.24677900548600262, 0.43605490826954957]]	0.7562869554532727	0.43231476102426425	[[0.4850074513122934, 0.19545014429314578, -0.2899451270513167], [-0.35367765284324204, 0.7490110763568648, -0.2522632106214404], [0.2414837565017096, 0.32174403336740387, 0.4811561801624995]]	[[-0.16480606653353871, -0.003025241257552552, 0.04219922762614353], [-0.031045601124489036, 0.11269967359246477, -0.001292461520016149], [0.02789323654037608, -0.0355867364121992, -0.15024208538797226]]	0.6830987282648678	[[0.8116440555520001, 0.0, 0.0], [0.0, 0.7071067811865476, -0.7071067811865475], [0.0, 0.5739190155905701, 0.5739190155905702]]
3	[[0.22433838825039393, -0.7661379269479729, -0.6022499185961573], [-0.9416906372873723, -0.011392912655017143, -0.3362869982418849], [0.2507808429735371, 0.642575192824231, -0.724020780340167]]	0.44432940349893824	0.5556705965010617	[[0.09968014223321077, -0.34041760807870597, -0.2675973470871147], [-0.4184208391464334, -0.0050622060841193145, -0.14942220133326523], [0.11142930236739265, 0.2855150521308058, -0.32170372144938225]]	0.6604609916598567	0.5547116740749422	[[0.2799928749198665, -0.39252586116138377, -0.28144820629100337], [-0.6791376110815149, -0.05009233785937363, -0.040172230609134725], [0.2546750944385991, 0.2546750944385991, -0.4758971551488578]]	[[0.1318261205486374, 0.1134783538189012, 0.11631437217208263], [-0.0571876789418947, -0.04256776346934688, 0.18193221373201704], [0.08904413019900194, -0.1697207546301162, 0.0022903274169522522]]	0.7313034557400653	[[1.6206377828434608e-16, -0.8116440555520001, 0.0], [-1.0, -1.7938038903913487e-16, 0.0], [0.0, 0.0, -0.8116440555520001]]
3	[[0.08740825448676931, -0.06334395238859675, -0.994156597696443], [0.7119981850616444, -0.6940087028176986, 0.10681996481098455], [-0.6967197295301035, -0.717174639895393, -0.015561310176609944]]	0.670666754920116	0.3293332450798841	[[0.05862181038987324, -0.042482682992274506, -0.6667477792594967], [0.4775135122843054, -0.4654485646050649, 0.07164059916046399], [-0.4672667600927756, -0.48098518844964594, -0.01043645339845236]]	0.8415828605958774	0.254360206336933	[[0.03898668223602995, -0.030341187737785408, -0.7600896418564712], [0.6357590829847004, -0.6391761478097947, 0.07134769820184705], [-0.5589189996650072, -0.5435778278527847, 0.02756774738506189]]	[[-0.0345746066146378, 0.022967996914858905, 0.07657551151316626], [0.036553613661448776, -0.055110318414041695, -0.018550153352532295], [0.027428383346523366, 0.05998405713719835, 0.040663879318113015]]	0.23382781047634915	[[0.0, 0.0, -0.8116440555520001], [0.7071067811865475, -0.7071067811865476, 0.0], [-0.5739190155905702, -0.5739190155905701, 0.0]]
3	[[0.3802729664721569, 0.7767473726770865, -0.5020517802076895], [0.4287143634067757, 0.332951791095048, 0.839849450446521], [0.8195098935212374, -0.5346088512602871, -0.20639019011321075]]	0.5140603246913256	0.4859396753086747	[[0.19548324461601058, 0.3992950066015172, -0.2580849011454229], [0.22038504485272206, 0.1711573058368788, 0.43173328118836996], [0.421277521951281, -0.27482119966171975, -0.10609700814270152]]	0.6630660656219604	0.5073865744365834	[[0.12596334016131316, 0.4079952853125915, -0.2638917965961889], [0.30513182317954524, 0.1714369308577691, 0.45985113511967934], [0.5874959783459, -0.2998287245612362, -0.07896603901300396]]	[[-0.12618275957977154, -0.1070395390705989, 0.069001702044625], [0.02086587695979112, -0.0493321033054092, -0.09702453570266098], [0.044106777510501335, 0.0546522630905982, 0.05788429232833112]]	0.7154121909205075	[[0.0, 0.5739190155905701, -0.5739190155905702], [0.0, 0.7071067811865476, 0.7071067811865475], [0.8116440555520001, 0.0, 0.0]]
3	[[0.8787972042104137, -0.3840163418041313, 0.28327887866788265], [-0.395223040501579, -0.9183905790867732, -0.018907472103605397], [0.2674214316928388, -0.09534250611366366, -0.9588511794847616]]	0.6007077747322409	0.39929222526775904	[[0.5279003129821523, -0.23068160214597533, 0.17016782483322826], [-0.23741355318261387, -0.5516843610982698, -0.011357865493168737], [0.16064213314791514, -0.05727298468493397, -0.5759893583276757]]	0.8060303201983148	0.34752438451772943	[[0.5678468039951272, -0.24283207226539727, 0.23179924592473655], [-0.3454708650899682, -0.8478177165944483, -0.021929667460621062], [0.2078711226599897, -0.0768489507313061, -0.6605273873243164]]	[[-0.1404903879039764, 0.06669674268037207, 0.0034678806466435846], [-0.026909111204729004, -0.10756706406602061, -0.006689671666811301], [-0.007678659555280942, 0.0, 0.11233573589831775]]	0.5014175458522913	[[0.615264810881829, -0.615264810881829, 0.0], [-0.7071067811865475, -0.7071067811865476, 0.0], [0.0, 0.0, -0.8701158400000001]]
3	[[0.5319609947059123, -0.8460851799387872, 0.03402011756955908], [-0.703274286200726, -0.4190807785627857, 0.5742617690636116], [-0.47161719485230363, -0.3294103357928521, -0.8179645788128509]]	0.47334863628087337	0.5266513637191267	[[0.25180301139866057, -0.4004932661014823, 0.016103376257665766], [-0.3328939243045183, -0.19837131502422117, 0.2718260252545024], [-0.22323935602994882, -0.15592593322437115, -0.38718241790712193]]	0.6769659631144107	0.5378317819795648	[[0.4140300496960142, -0.553858107042316, 0.09893666257071274], [-0.40476136979511806, -0.22898888712785112, 0.3023454113914294], [-0.2852027913310059, -0.04372802811579151, -0.4543428271627353]]	[[0.053910562575626486, 0.01891276167177451, 0.07590620091497069], [0.07133138469635614, 0.054714535754642156, -0.08641026018250372], [0.034065997203500516, 0.17927155711405804, 0.09939135172677957]]	0.6902955129802664	[[0.615264810881829, -0.615264810881829, 0.0], [-0.7071067811865475, -0.7071067811865476, 0.0], [0.0, 0.0, -0.8701158400000001]]
3	[[-0.3195682178843842, -0.5708200961323295, -0.7563336379995778], [0.910087742671785, 0.03735879733279218, -0.41272826520656647], [0.2638493031197415, -0.8202248094963509, 0.507557688474819]]	0.42125805465550503	0.578741945344495	[[-0.13462068579570224, -0.2404625632549735, -0.318611637014223], [0.383381792043736, 0.015737694288681325, -0.17386510610225958], [0.11114864415443296, -0.34552630762861497, 0.2138127644723471]]	0.6279406914874258	0.5707689813099714	[[-0.2521964509338045, -0.2521964509338045, -0.40992239133673514], [0.6091005234717544, 0.04135882386083791, -0.05741073657189301], [0.31762875644743044, -0.3694050991555202, 0.3100625582295084]]	[[-0.05152656321807991, 0.1062447149464493, 0.06501027630392009], [0.03761939702420315, 0.017899714830545768, 0.201758135678324], [0.1519470425979446, 0.14564743489476056, -0.00865356764112893]]	0.9345026063628293	[[0.0, 0.0, -0.8116440555520001], [0.7071067811865475, 0.7071067811865476, 0.0], [0.5739190155905702, -0.5739190155905701, 0.0]]
3	[[0.034229894132735264, 0.2773841392786001, 0.9601491309293217], [-0.1827544195208179, -0.9427759796974285, 0.2788803941677556], [0.9825625356654255, -0.18501754344446375, 0.018422055382213542]]	0.7900059082321176	0.20999409176788258	[[0.027041818603020754, 0.2191351088799747, 0.7585234862180971], [-0.14437707117697718, -0.7447985941002917, 0.2203171590826287], [0.7762302083832168, -0.14616495244771885, 0.01455353259372798]]	0.8839596808134049	0.17822919325835848	[[0.009175812597033846, 0.21815847986775183, 0.8029970683739104], [-0.167353981464403, -0.8245722901951684, 0.256165974762473], [0.8333183983056894, -0.14875705994074692, 0.0]]	[[-0.021082033694815462, -0.027037915351660592, -0.04573605093564108], [-0.005806443117541707, 0.008803663896715615, 0.009646950548827159], [-0.03522726710032994, 0.014790988707301516, -0.016284354195588355]]	0.3679385605017598	[[0.0, 0.0, 0.9328000000000001], [0.0, -1.0, 0.0], [0.9328000000000001, 0.0, 0.0]]
3	[[0.8489524140446696, -0.5135124485683378, 0.12483895166604869], [0.522794976890395, 0.7815435453534784, -0.34040431673891397], [0.0772347773085365, 0.35425224329800037, 0.9319550081910795]]	0.7013481015499113	0.2986518984500886	[[0.5954111638964434, -0.36015098092565023, 0.0875555617504644], [0.36666126454190834, 0.5481340818122491, -0.23874192130423208], [0.05416846443897227, 0.24845413830684993, 0.6536248757247457]]	0.8384504771381605	0.2431573568441649	[[0.6775026284143497, -0.41642224598402416, 0.05228126282164447], [0.476138442654526, 0.6233528661264878, -0.26566034605174244], [0.031009931817523727, 0.23689297167290474, 0.7425117649782087]]	[[-0.0343019282089968, 0.01413251153448375, -0.05239001576818182], [0.037800744835340745, -0.03193269237938569, 0.019751815737889485], [-0.03374760406847829, -0.060129990747567336, -0.0388863563109001]]	0.44972539057454425	[[0.6595892054908117, -0.6595892054908116, 0.0], [0.7071067811865475, 0.7071067811865476, 0.0], [0.0, 0.0, 0.9328000000000001]]
3	[[-0.5446221603179724, 0.8109226453022452, -0.2139887049042392], [-0.8354447797583356, -0.5021691245819775, 0.22328947644507607], [0.07361197229480154, 0.30038414347728, 0.9509735242804028]]	0.5517299537261569	0.44827004627384315	[[-0.3004843593104744, 0.4474103135681004, -0.11806397825473611], [-0.46093990967682585, -0.2770617478683191, 0.12319549250657957], [0.040613930067901996, 0.16573092958079094, 0.5246805785460269]]	0.7492023071298366	0.36049527522066815	[[-0.47330741848655394, 0.5510785349501819, -0.09150215445362829], [-0.6781980686607132, -0.45223734853164466, 0.0427001568135318], [0.10980467383839636, 0.0899195859621707, 0.7124715584102694]]	[[-0.0652752394622933, -0.05646658181409034, 0.06881867696035344], [-0.05228091218619005, -0.07601108182545696, -0.12458883409693251], [0.05465441436275342, -0.13512890735622732, 0.0]]	0.4251308464440337	[[-0.615264810881829, 0.615264810881829, 0.0], [-0.7071067811865475, -0.7071067811865476, 0.0], [0.0, 0.0, 0.8701158400000001]]
3	[[-0.42203838922340475, -0.825029846081567, 0.3757783270710803], [0.2588054115689476, 0.28760896992378115, 0.9221175843470338], [-0.8688517462515349, 0.4864224845687207, 0.09214016247897017]]	0.41616347800024384	0.5838365219997563	[[-0.17563696390883274, -0.3433472901993108, 0.15638521555101398], [0.10770536020381775, 0.11969234922754829, 0.38375166102704483], [-0.36158436458662413, 0.20243127295563879, 0.03834537048075579]]	0.6113762259261067	0.6310673006983528	[[-0.09765630268386125, -0.3440356986582679, 0.30066208012322193], [0.15017818282034856, 0.08607771938287821, 0.6274950894584179], [-0.4573394647871953, 0.1730494954796435, -0.029200486195830495]]	[[0.1603679349154772, 0.1603679349154772, 0.07092014473367872], [-0.008049292953927381, -0.08975956719161822, 0.06373432088023004], [0.07385583672537568, -0.12433764734158083, -0.08553279098844153]]	0.6929627425605028	[[0.0, -0.5739190155905701, 0.5739190155905702], [0.0, 0.7071067811865476, 0.7071067811865475], [-0.8116440555520001, 0.0, 0.0]]
3	[[-0.30792515101507295, 0.09349718223056193, 0.9468053539599837], [0.3027085282091916, -0.9338174967034747, 0.1906631317268273], [0.9019698710720718, 0.34531602882779927, 0.2592434992682147]]	0.6277699565610821	0.37223004343891786	[[-0.193306158676797, 0.05869472202746345, 0.5943759559272591], [0.1900313196045533, -0.5862225693415188, 0.11969258592195028], [0.5662295867823195, 0.21677902841707294, 0.1627452802743501]]	0.8105664444217409	0.2980258203640131	[[-0.20960580304121085, 0.06963885141732733, 0.7164870821197478], [0.2523240000491529, -0.845223651234751, 0.12133916027449976], [0.6564694449005901, 0.24337960189854785, 0.13996695162388353]]	[[0.03998799176510447, -0.006146827146750841, -0.05096156719906396], [0.006958624642490226, -0.08830252319300465, -0.033205976491628666], [-0.07463706646983516, -0.03652198379023686, -0.07016712981740347]]	0.4792668007548265	[[0.0, 0.0, 0.9328000000000001], [0.0, -1.0, 0.0], [0.9328000000000001, 0.0, 0.0]]
3	[[-0.8305561570912853, 0.32773595720904825, 0.4502950280316503], [-0.5100865793185324, -0.772219296347621, -0.37879947194723407], [0.22358030216652452, -0.5443036842615101, 0.808545204538665]]	0.4719694319230634	0.5280305680769366	[[-0.3919971176425765, 0.1546813535447159, 0.21252548857787787], [-0.24074527307254637, -0.36446390261721434, -0.17878177158769243], [0.10552306820272142, -0.25689470065453546, 0.38160862087023073]]	0.7021876121240191	0.5097803930303455	[[-0.4593795281794122, 0.11698341486339464, 0.2475297747326314], [-0.545667264313245, -0.5974477167187555, -0.27529100479515234], [0.21018322826259087, -0.31490765922020036, 0.4152844678315256]]	[[0.12382671650341916, -0.11314871433640665, -0.06866181575223135], [-0.18749078720505571, -0.05520489298032927, -0.0093027081146847], [0.05318790976631235, 0.06729564510169553, -0.15246595863780615]]	0.6836162413964959	[[-0.615264810881829, 0.615264810881829, 0.0], [-0.7071067811865475, -0.7071067811865476, 0.0], [0.0, 0.0, 0.8701158400000001]]
3	[[0.04673222253661188, -0.9725397674033924, -0.22799671093185395], [-0.8377629715199755, -0.16246744520517667, 0.5213036857710898], [-0.5440306084466285, 0.16664552219444034, -0.8223502702654952]]	0.5172143867841167	0.48278561321588326	[[0.02417057782233262, -0.503011559420713, -0.11792317903341439], [-0.4333030615851436, -0.08403050004417759, 0.2696257661643941], [-0.28138045753951285, 0.08619146157211635, -0.4253313907571207]]	0.7134210643988217	0.44766601420281477	[[-1.0872840595557455e-16, -0.7334084766185694, -0.09974177141399601], [-0.6708988714603894, -0.12288856270395701, 0.23270963968650432], [-0.2671129746546297, 0.0, -0.5445310808973705]]	[[-0.03333975194379224, -0.039578120587458805, 0.06291588477843771], [-0.07322112060468874, -0.006980865015522711, -0.13919939069133547], [0.12100992108890267, -0.1188884258212551, 0.04215092422409779]]	0.6685769726119624	[[1.6206377828434608e-16, -0.8116440555520001, 0.0], [-1.0, -1.7938038903913487e-16, 0.0], [0.0, 0.0, -0.8116440555520001]]
