3	[[-0.3195682178843842, -0.5708200961323295, -0.7563336379995778], [0.910087742671785, 0.03735879733279218, -0.41272826520656647], [0.2638493031197415, -0.8202248094963509, 0.507557688474819]]	0.40259310167474177	0.5974068983252582	[[-0.1286559600347439, -0.22980823300018882, -0.30449470522319144], [0.36639504711839804, 0.015040394093046909, -0.166161552438347], [0.10622390931769586, -0.3302168501257101, 0.20433922408193972]]	0.6090136211258906	0.6111132327522731	[[-0.2624999166509178, -0.2624999166509178, -0.3585752447296533], [0.6104082963722268, -0.09673397919787638, -0.05664466094330022], [0.21188873655615686, -0.32728840776025925, 0.32803656128934494]]	[[-0.06787851908040136, 0.08513729710606129, 0.10204224292778813], [0.05615246466539519, -0.11948599564242841, 0.1947124743911578], [0.051200917031660374, 0.1722396736084073, 0.01892701550100868]]	0.9428616087919958	[[-1.5226097978214073e-16, -0.7625499074559999, 0.0], [1.0, -1.7938038903913487e-16, 0.0], [0.0, 0.0, 0.7625499074559999]]
3	[[0.8592155572171323, 0.2624339665249735, -0.4391776855101157], [-0.4266000482917053, 0.8413623931712975, -0.33184593135155627], [0.2824199444684594, 0.4724804086637203, 0.8348660002631537]]	0.4936930501222989	0.5063069498777011	[[0.4241887491550567, 0.12956182538940744, -0.2168189711051408], [-0.210609479023452, 0.4153747661429349, -0.16383003001962487], [0.13942876380000405, 0.23326029407622234, 0.41216754211332035]]	0.7371425217951401	0.4622322464018423	[[0.45575004043286427, 0.18273321076470173, -0.2842985382166408], [-0.35135046960552263, 0.7496008939661116, -0.2531664481875891], [0.2364977711978, 0.30845331166513235, 0.45147583659583274]]	[[-0.17761428217978903, -0.010718025124218683, 0.03943800839643886], [-0.036885434209846434, 0.12939689772022764, -0.008548701503645971], [0.028314021127076386, -0.03983208827604077, -0.16393939219917048]]	0.6895948998594661	[[0.6460127552920298, 0.6460127552920297, 0.0], [-0.7071067811865475, 0.7071067811865476, 0.0], [0.0, 0.0, 0.9136]]
3	[[0.22433838825039393, -0.7661379269479729, -0.6022499185961573], [-0.9416906372873723, -0.011392912655017143, -0.3362869982418849], [0.2507808429735371, 0.642575192824231, -0.724020780340167]]	0.41876920162254033	0.5812307983774596	[[0.09394600774090493, -0.3208349680007507, -0.2522037175877528], [-0.3943510363522542, -0.004771000936696882, -0.14082663776979473], [0.10501929339425581, 0.2690907004814531, -0.3031976041411804]]	0.638362150187003	0.5720756943549501	[[0.2592752745490677, -0.3858789181457782, -0.2545069391813384], [-0.6864401086425913, -0.048408677587572724, -0.040591934522238055], [0.23280430047652553, 0.2328043004765255, -0.4623208773386171]]	[[0.1160661386560596, 0.1031945362405429, 0.1299466138036522], [-0.08530044861285507, -0.04113587336822336, 0.17408095675538454], [0.07271530233022916, -0.17739138127157872, -0.00013341522059625438]]	0.7326525486153432	[[1.5226097978214073e-16, -0.7625499074559999, 0.0], [-1.0, -1.7938038903913487e-16, 0.0], [0.0, 0.0, -0.7625499074559999]]
3	[[-0.5446221603179724, 0.8109226453022452, -0.2139887049042392], [-0.8354447797583356, -0.5021691245819775, 0.22328947644507607], [0.07361197229480154, 0.30038414347728, 0.9509735242804028]]	0.5224492594480594	0.47755074055194047	[[-0.28453744433712697, 0.4236659355078194, -0.11179824040746913], [-0.4364775064944897, -0.26235788725553444, 0.11665742161127492], [0.03845852041193012, 0.15693547330964458, 0.4968354135150077]]	0.7324805284644742	0.38092308974956485	[[-0.4623711228651705, 0.531781557159194, -0.07904213490088516], [-0.6809398282705803, -0.4685572122713927, 0.03775210898278833], [0.09478501777790156, 0.08028908107548068, 0.6945140798885303]]	[[-0.06344599506199847, -0.062203490615604026, 0.07770042475280041], [-0.06899279449030846, -0.10072810651904356, -0.12580308472425675], [0.04086568141009311, -0.1397364550811058, -0.0020555097321026798]]	0.4408153026314518	[[-0.5901972532347984, 0.5901972532347983, 0.0], [-0.7071067811865475, -0.7071067811865476, 0.0], [0.0, 0.0, 0.8346649599999999]]
3	[[0.3802729664721569, 0.7767473726770865, -0.5020517802076895], [0.4287143634067757, 0.332951791095048, 0.839849450446521], [0.8195098935212374, -0.5346088512602871, -0.20639019011321075]]	0.4870974866543539	0.5129025133456464	[[0.185230006211183, 0.3783516929963816, -0.24454816030950965], [0.20882568890806175, 0.16217998061946337, 0.4090885564805407], [0.39918120942257185, -0.26040662779205714, -0.10053214287425924]]	0.6424958368730235	0.5273180567295329	[[0.11990524346510804, 0.4065460857124342, -0.23239407122281344], [0.3010510779626734, 0.13933582266274086, 0.46972909269552204], [0.5537248352927079, -0.2641173362880969, -0.09382510136991103]]	[[-0.12441855436860765, -0.09251086753465279, 0.0901721074553172], [0.025603884266151487, -0.0745843169952441, -0.06987068281646444], [0.027193140429057974, 0.079366625002107, 0.038779736549258745]]	0.7316937932968095	[[0.0, 0.5392042105553118, -0.5392042105553119], [0.0, 0.7071067811865476, 0.7071067811865475], [0.7625499074559999, 0.0, 0.0]]
3	[[0.5319609947059123, -0.8460851799387872, 0.03402011756955908], [-0.703274286200726, -0.4190807785627857, 0.5742617690636116], [-0.47161719485230363, -0.3294103357928521, -0.8179645788128509]]	0.45560938998612893	0.5443906100138711	[[0.24236642429437508, -0.385484352708215, 0.015499885013123216], [-0.32041836852884303, -0.19093713787590277, 0.26163905429542733], [-0.21487322245362733, -0.1500824421457072, -0.3726723427831839]]	0.6591989584766738	0.5551853865153878	[[0.39310569619122715, -0.5302247673143845, 0.09259193554381759], [-0.406135078439545, -0.23452685971593978, 0.30097170274700247], [-0.2704514415674835, -0.03826789576255658, -0.44113171971208115]]	[[0.04243756253087437, 0.02751370208381306, 0.07016590947471026], [0.05746259854739968, 0.04173075303024199, -0.0775810573127024], [0.04043812207884555, 0.1788790545035429, 0.09806967871216118]]	0.7041959582825298	[[0.5901972532347984, -0.5901972532347983, 0.0], [-0.7071067811865475, -0.7071067811865476, 0.0], [0.0, 0.0, -0.8346649599999999]]
3	[[0.034229894132735264, 0.2773841392786001, 0.9601491309293217], [-0.1827544195208179, -0.9427759796974285, 0.2788803941677556], [0.9825625356654255, -0.18501754344446375, 0.018422055382213542]]	0.7504405036943783	0.24955949630562166	[[0.025687498994375085, 0.20816029319706422, 0.72053479743632], [-0.1371463186375763, -0.7074972810750992, 0.20928314346973728], [0.7373547241759876, -0.1388446584947599, 0.01382465652011406]]	0.8670240893722393	0.20463331263457607	[[0.00922418915164815, 0.2099592277419472, 0.7770792994429675], [-0.16858313155734825, -0.823467185008479, 0.25760478459908204], [0.8061244246161356, -0.14365887687656803, 0.0]]	[[-0.020453953638094796, -0.03053950302238346, -0.05539312646257476], [-0.010130647393558918, -0.006057699729295325, 0.015808764802012612], [-0.04578096312045837, 0.01675579024625689, -0.01597236579212865]]	0.37699323917581223	[[0.0, 0.0, 0.9136], [0.0, -1.0, 0.0], [0.9136, 0.0, 0.0]]
3	[[0.08740825448676931, -0.06334395238859675, -0.994156597696443], [0.7119981850616444, -0.6940087028176986, 0.10681996481098455], [-0.6967197295301035, -0.717174639895393, -0.015561310176609944]]	0.6143676654664908	0.38563233453350915	[[0.053700805251537385, -0.03891647615040274, -0.6107776680348731], [0.43742866277270104, -0.4263765065635371, 0.06562673240613727], [-0.4280420737158547, -0.44060890924430385, -0.009560365804803808]]	0.8144525968813595	0.29842459397271115	[[0.036301806690897796, -0.02853497105430055, -0.7144285287524872], [0.6360239258812569, -0.6397819977737632, 0.07108285530529057], [-0.5253545288874698, -0.5106692395010112, 0.025669253680457017]]	[[-0.03488807316471822, 0.023055675465321262, 0.09526489394811787], [0.05613515508298582, -0.07454480750562502, -0.015916942433791218], [0.04209066412680131, 0.07343550837924542, 0.03834320316467331]]	0.27503437888721605	[[0.0, 0.0, -0.7625499074559999], [0.7071067811865475, -0.7071067811865476, 0.0], [-0.5392042105553119, -0.5392042105553118, 0.0]]
3	[[-0.30792515101507295, 0.09349718223056193, 0.9468053539599837], [0.3027085282091916, -0.9338174967034747, 0.1906631317268273], [0.9019698710720718, 0.34531602882779927, 0.2592434992682147]]	0.5908540904594024	0.4091459095405976	[[-0.18193883503258504, 0.05524319256735569, 0.5594238162561188], [0.1788565721093463, -0.5517498876698076, 0.11265409128059581], [0.5329325877940735, 0.2040313881341021, 0.15317508196763377]]	0.7944327749602669	0.3080759019343896	[[-0.17582114764825021, 0.07033880150591211, 0.7202014886163136], [0.2610697002352434, -0.8378275281020974, 0.13044928086424265], [0.6618326160990804, 0.2403890107022606, 0.10548234614233813]]	[[0.06880468455271342, -0.003938424424478951, -0.03197171607735394], [0.020588124165877096, -0.09597230288950614, -0.02101975995611568], [-0.054721811507259674, -0.033941360317667445, -0.10046918637171963]]	0.48415612953134596	[[0.0, 0.0, 0.9136], [0.0, -1.0, 0.0], [0.9136, 0.0, 0.0]]
3	[[-0.8305561570912853, 0.32773595720904825, 0.4502950280316503], [-0.5100865793185324, -0.772219296347621, -0.37879947194723407], [0.22358030216652452, -0.5443036842615101, 0.808545204538665]]	0.4506474538022086	0.5493525461977914	[[-0.3742880174329349, 0.14769337463568716, 0.20292430784225735], [-0.22986921818857498, -0.3479986596759885, -0.1707050175346422], [0.10075589389167271, -0.2452890694076108, 0.3643688377093353]]	0.6808152280014078	0.5329766456648685	[[-0.43257043008962437, 0.10321795944593798, 0.24683931576412002], [-0.5432949144173091, -0.5946741197123434, -0.2699242339698597], [0.20002478194905077, -0.3057052978910846, 0.3900668414315252]]	[[0.13288484936845224, -0.1199096709855998, -0.05972839641314829], [-0.19602020361810435, -0.06893546340235104, -0.012031785109290623], [0.04780790755292472, 0.06486493901142171, -0.16040304634591082]]	0.6874653157594277	[[-0.5901972532347984, 0.5901972532347983, 0.0], [-0.7071067811865475, -0.7071067811865476, 0.0], [0.0, 0.0, 0.8346649599999999]]
3	[[0.8787972042104137, -0.3840163418041313, 0.28327887866788265], [-0.395223040501579, -0.9183905790867732, -0.018907472103605397], [0.2674214316928388, -0.09534250611366366, -0.9588511794847616]]	0.569951826594031	0.43004817340596907	[[0.5008720717454529, -0.2188708154532224, 0.1614553143322686], [-0.2252580938459217, -0.5234383880772564, -0.01077634826172559], [0.15241733346372435, -0.05434063551153516, -0.5464989811791809]]	0.7911500996003042	0.3673897846845449	[[0.551230890433314, -0.23314056675126094, 0.2245297894082958], [-0.3455276847493932, -0.8468676457971498, -0.024166521605248216], [0.20164064435492035, -0.07543023320796761, -0.639445794566706]]	[[-0.1440296052062239, 0.07067400031522199, 0.00041367633553792424], [-0.032846936892233905, -0.12028284768066827, -0.009207873167290836], [-0.009929847964124989, 0.0, 0.11914941158453254]]	0.5134934150410819	[[0.9136, 0.0, 0.0], [0.0, -1.0, 0.0], [0.0, 0.0, -0.9136]]
3	[[0.8489524140446696, -0.5135124485683378, 0.12483895166604869], [0.522794976890395, 0.7815435453534784, -0.34040431673891397], [0.0772347773085365, 0.35425224329800037, 0.9319550081910795]]	0.6611973395801234	0.33880266041987656	[[0.561325077596459, -0.3395330648346599, 0.08254318271756302], [0.3456706478657813, 0.5167545129537374, -0.22507442860935958], [0.05106742927946763, 0.23423064080892841, 0.6162061720243139]]	0.8199125945658583	0.2712837042968315	[[0.6504723543837059, -0.40268985222736, 0.050502765068019206], [0.4765154325806837, 0.6257540348431534, -0.26428875947759595], [0.026324681547179256, 0.22571145260214173, 0.7183734564368933]]	[[-0.045594422078607845, 0.018345471820172734, -0.051854263695372556], [0.047869246652482, -0.015043361193816539, 0.014813027061225226], [-0.0370010851065792, -0.06474442333109742, -0.04574819234770036]]	0.45701409750794325	[[0.6460127552920298, -0.6460127552920297, 0.0], [0.7071067811865475, 0.7071067811865476, 0.0], [0.0, 0.0, 0.9136]]
3	[[-0.42203838922340475, -0.825029846081567, 0.3757783270710803], [0.2588054115689476, 0.28760896992378115, 0.9221175843470338], [-0.8688517462515349, 0.4864224845687207, 0.09214016247897017]]	0.39938022454869687	0.6006197754513032	[[-0.16855378665621373, -0.32950060518743307, 0.15007843264618176], [0.10336176338682425, 0.1148653349903791, 0.36827552789682033], [-0.3470022055174654, 0.1942675211125907, 0.03679895878080454]]	0.5924130165717472	0.6463675448682982	[[-0.0877699382529645, -0.32650732286295137, 0.27934665681739296], [0.15866568417782595, 0.08155982575950087, 0.6175264258044707], [-0.4337883636070393, 0.16722018451617982, -0.02796272059987757]]	[[0.16225109701595392, 0.16225109701595392, 0.056730684514929644], [0.005345989605173115, -0.08882347170613919, 0.07125196602759185], [0.08093072034346273, -0.12094282689550011, -0.08254775220145519]]	0.7081706844354488	[[0.0, -0.5392042105553118, 0.5392042105553119], [0.0, 0.7071067811865476, 0.7071067811865475], [-0.7625499074559999, 0.0, 0.0]]
3	[[0.04673222253661188, -0.9725397674033924, -0.22799671093185395], [-0.8377629715199755, -0.16246744520517667, 0.5213036857710898], [-0.5440306084466285, 0.16664552219444034, -0.8223502702654952]]	0.4984298013945996	0.5015701986054004	[[0.023292732397651693, -0.48474280311522294, -0.1136403553483859], [-0.4175660315104509, -0.08097861644670422, 0.25983329256515697], [-0.27116106812063623, 0.08306109453067424, -0.40988388188522606]]	0.6917415933592271	0.4781218810694344	[[-1.0225380134644312e-16, -0.6891963264286171, -0.10205328867495264], [-0.6715693114069718, -0.1338316189892675, 0.23223556705389745], [-0.25044479119232393, 0.0, -0.5121051162636759]]	[[-0.032326622078693905, -0.016450118119782173, 0.055661519425711126], [-0.09205381863038302, -0.021446129574035744, -0.12837187516543405], [0.1258838087307368, -0.11527563904896262, 0.056748769989168786]]	0.6882452220182514	[[1.5226097978214073e-16, -0.7625499074559999, 0.0], [-1.0, -1.7938038903913487e-16, 0.0], [0.0, 0.0, -0.7625499074559999]]
