3	[[0.5319609947059123, -0.8460851799387872, 0.03402011756955908], [-0.703274286200726, -0.4190807785627857, 0.5742617690636116], [-0.47161719485230363, -0.3294103357928521, -0.8179645788128509]]	0.47850367108850594	0.5214963289114941	[[0.25454528884267236, -0.4048548646542888, 0.016278751147896606], [-0.33651932772919585, -0.20053169102492222, 0.27478636466271794], [-0.22567055908529052, -0.15762405497137721, -0.39139905378231266]]	0.6820700347580465	0.5331896453175461	[[0.4206694280700025, -0.5604600726510984, 0.10091933920035381], [-0.40418518492193506, -0.22665533127645168, 0.3029215962646124], [-0.28925871313669105, -0.04578244383861399, -0.4575690789364886]]	[[0.05783477392101595, 0.01662927543801813, 0.07771523642721181], [0.07549713191143442, 0.05918710992429666, -0.08876514852082251], [0.03241724334871216, 0.17889847534527642, 0.10034004976524327]]	0.6862793979497228	[[0.622674384851984, -0.6226743848519839, 0.0], [-0.7071067811865475, -0.7071067811865476, 0.0], [0.0, 0.0, -0.8805945599999998]]
3	[[0.08740825448676931, -0.06334395238859675, -0.994156597696443], [0.7119981850616444, -0.6940087028176986, 0.10681996481098455], [-0.6967197295301035, -0.717174639895393, -0.015561310176609944]]	0.6872215650427713	0.31277843495722873	[[0.060068837446054464, -0.04353133009648625, -0.6832058529665463], [0.48930050704567596, -0.4769377469036824, 0.07340898339521856], [-0.4788008229238541, -0.49285787843789797, -0.010694067933685894]]	0.8495067495914272	0.24122765167128637	[[0.039793929265386836, -0.030879641107774258, -0.7737652396905591], [0.6356864351149291, -0.6390035333050759, 0.07142034607161843], [-0.5689698516595427, -0.5534380016373274, 0.028138557233612842]]	[[-0.034459972891128836, 0.022931473992136686, 0.07077750020341844], [0.030839171208216016, -0.04943845598625014, -0.019323935026431704], [0.022898261149793864, 0.05580669558961016, 0.04135799526112876]]	0.2219555688988787	[[0.0, 0.0, -0.8263499351039998], [0.7071067811865475, -0.7071067811865476, 0.0], [-0.5843176427451018, -0.5843176427451017, 0.0]]
3	[[-0.30792515101507295, 0.09349718223056193, 0.9468053539599837], [0.3027085282091916, -0.9338174967034747, 0.1906631317268273], [0.9019698710720718, 0.34531602882779927, 0.2592434992682147]]	0.6384189780881784	0.36158102191182173	[[-0.19658526023869088, 0.05969037553375955, 0.6044585065235488], [0.19325486923788862, -0.5961668119662933, 0.12172296171613284], [0.5758346833561581, 0.22045630624171153, 0.16550596987881708]]	0.8153266416129663	0.29383401594184577	[[-0.21590451808463498, 0.07041139457932856, 0.7190150641373284], [0.2509672009252913, -0.8461324544218386, 0.12050191441856614], [0.6585535959747146, 0.2455436455988612, 0.14549312350530644]]	[[0.03515506116064997, -0.0058193490089910056, -0.052940565368040704], [0.004160873232887221, -0.08476617095516745, -0.03495081645167858], [-0.07684646984255773, -0.03600171248043462, -0.06587500811304053]]	0.47793430302874335	[[0.0, 0.0, 0.9383999999999999], [0.0, -1.0, 0.0], [0.9383999999999999, 0.0, 0.0]]
3	[[0.8489524140446696, -0.5135124485683378, 0.12483895166604869], [0.522794976890395, 0.7815435453534784, -0.34040431673891397], [0.0772347773085365, 0.35425224329800037, 0.9319550081910795]]	0.7105590954660816	0.2894409045339183	[[0.6032308594173269, -0.364880940965291, 0.08870545257476145], [0.37147672589345015, 0.5553328746537222, -0.24187738339475232], [0.05487987350287796, 0.2517171535646574, 0.6622091076353382]]	0.8434994089519889	0.23544361052264923	[[0.6855016518177219, -0.41841498991756754, 0.05272240059330659], [0.4751602901468613, 0.6242861281790559, -0.2662519287599853], [0.03115847425805089, 0.24158119038738435, 0.7494284689776528]]	[[-0.030589207657321104, 0.01473245693931401, -0.05257918135119139], [0.034183036136744296, -0.034945390396845, 0.02087891121399425], [-0.03398901475223814, -0.05723036745439514, -0.0366750296013687]]	0.4476632226818143	[[0.6635490034654562, -0.6635490034654561, 0.0], [0.7071067811865475, 0.7071067811865476, 0.0], [0.0, 0.0, 0.9383999999999999]]
3	[[-0.8305561570912853, 0.32773595720904825, 0.4502950280316503], [-0.5100865793185324, -0.772219296347621, -0.37879947194723407], [0.22358030216652452, -0.5443036842615101, 0.808545204538665]]	0.47827459136906925	0.5217254086309309	[[-0.39723390664189895, 0.15674778101110828, 0.21536467052736108], [-0.24396145028641744, -0.3693328684079685, -0.18117016265638258], [0.10693277765686754, -0.2603266221708526, 0.3867066273041505]]	0.7084251419657502	0.5029882868101005	[[-0.4674298673195795, 0.12117493718773503, 0.24754924481067936], [-0.5463848358343214, -0.5982217831577696, -0.27687001608626644], [0.21323614576128402, -0.3175993256125026, 0.42285361925492565]]	[[0.12095699617834216, -0.111001454825366, -0.07145107434911388], [-0.18502667846576598, -0.051162218514014327, -0.00851894639549593], [0.054846238458218566, 0.0679990891829387, -0.14994013205610454]]	0.6827568658437991	[[-0.622674384851984, 0.6226743848519839, 0.0], [-0.7071067811865475, -0.7071067811865476, 0.0], [0.0, 0.0, 0.8805945599999998]]
3	[[0.8592155572171323, 0.2624339665249735, -0.4391776855101157], [-0.4266000482917053, 0.8413623931712975, -0.33184593135155627], [0.2824199444684594, 0.4724804086637203, 0.8348660002631537]]	0.530916587114268	0.469083412885732	[[0.45617179123320395, 0.139330545850299, -0.23316671792777394], [-0.2264890417018141, 0.44669325030879825, -0.17618250932092394], [0.1499414330501956, 0.25084768604609703, 0.4432442075574532]]	0.7618294252959248	0.42359289875570877	[[0.49337393667869567, 0.19986280228853456, -0.2916742915783801], [-0.3551278834076033, 0.7488685070362027, -0.25115717284459965], [0.24302001807227258, 0.32500552044689374, 0.4901923990913771]]	[[-0.16120175748134996, -6.711560731596095e-05, 0.04290419217658578], [-0.03013141378631974, 0.10789387858090926, 0.0016528223237473726], [0.02786419408575912, -0.0349439577489721, -0.14583308608820883]]	0.6775815221454589	[[0.8263499351039998, 0.0, 0.0], [0.0, 0.7071067811865476, -0.7071067811865475], [0.0, 0.5843176427451017, 0.5843176427451018]]
3	[[0.034229894132735264, 0.2773841392786001, 0.9601491309293217], [-0.1827544195208179, -0.9427759796974285, 0.2788803941677556], [0.9825625356654255, -0.18501754344446375, 0.018422055382213542]]	0.7994073475462207	0.2005926524537795	[[0.027363628875437838, 0.22174291903209722, 0.7675502700050181], [-0.14609522576148634, -0.753662045260211, 0.22293903618429003], [0.7854677104345865, -0.1479043836544564, 0.014726726429444906]]	0.8887766729558706	0.17052460767168778	[[0.009159682031234523, 0.2205828270646592, 0.810602116577792], [-0.16700775779526597, -0.8248808702618414, 0.25576722024957016], [0.8413027887045536, -0.1502589125666243, 0.0]]	[[-0.021263049391689597, -0.02594972537410281, -0.04275603355104102], [-0.004579892845572036, 0.013036428316350566, 0.007904831368530547], [-0.031975872715247135, 0.014180364134414444, -0.016373093091612535]]	0.36534943566717254	[[0.0, 0.0, 0.9383999999999999], [0.0, -1.0, 0.0], [0.9383999999999999, 0.0, 0.0]]
3	[[-0.42203838922340475, -0.825029846081567, 0.3757783270710803], [0.2588054115689476, 0.28760896992378115, 0.9221175843470338], [-0.8688517462515349, 0.4864224845687207, 0.09214016247897017]]	0.42108902082599553	0.5789109791740045	[[-0.1777157320690639, -0.3474110100387089, 0.15823612779399188], [0.10898011734203694, 0.12110897952597816, 0.3882935906791249], [-0.3658639310720152, 0.20482716773479054, 0.03879921079701768]]	0.6168668846718095	0.6267309023581414	[[-0.10066013980535762, -0.3492522243468062, 0.30710440460154176], [0.14773025772870327, 0.08740153580616308, 0.6303906227518229], [-0.4643655597302334, 0.17472518239121043, -0.029551672629990776]]	[[0.1596813665667926, 0.1596813665667926, 0.0752991986540202], [-0.01191823024203896, -0.09001491347438798, 0.0615668211945737], [0.07160031022161256, -0.12533274029901764, -0.08638988761154746]]	0.6887659215263106	[[0.0, -0.5843176427451017, 0.5843176427451018], [0.0, 0.7071067811865476, 0.7071067811865475], [-0.8263499351039998, 0.0, 0.0]]
3	[[-0.5446221603179724, 0.8109226453022452, -0.2139887049042392], [-0.8354447797583356, -0.5021691245819775, 0.22328947644507607], [0.07361197229480154, 0.30038414347728, 0.9509735242804028]]	0.5591431449049382	0.44085685509506184	[[-0.3045217475051125, 0.4534218381689292, -0.11965031743429108], [-0.4671332215484892, -0.2807844235929265, 0.12485078008367698], [0.0411596296915705, 0.16795773466346248, 0.5317303270874771]]	0.7538667597028496	0.3549053876511461	[[-0.4754270633796758, 0.5569169330314273, -0.09551011144640445], [-0.6771898510878367, -0.4461529880255108, 0.044700120034966706], [0.11505181103604187, 0.09307345230384889, 0.7169073293124664]]	[[-0.06485452011840012, -0.054410693952239506, 0.06580886013276363], [-0.04737580206075943, -0.06758437725407888, -0.12363039404842857], [0.05955819200682391, -0.13337616860548399, 0.0]]	0.42075272314704304	[[-0.622674384851984, 0.6226743848519839, 0.0], [-0.7071067811865475, -0.7071067811865476, 0.0], [0.0, 0.0, 0.8805945599999998]]
3	[[0.04673222253661188, -0.9725397674033924, -0.22799671093185395], [-0.8377629715199755, -0.16246744520517667, 0.5213036857710898], [-0.5440306084466285, 0.16664552219444034, -0.8223502702654952]]	0.5216768483181383	0.47832315168186157	[[0.024379118567801547, -0.507351480723057, -0.1189406055858312], [-0.437041546620179, -0.08475550476893637, 0.2719520638096913], [-0.28380817320303636, 0.08693511080472602, -0.4290010972056728]]	0.7189431405614203	0.43844739200398214	[[-0.0024205219236841957, -0.7445798909193766, -0.1019726562785258], [-0.6689533149940605, -0.12305502691327358, 0.23297051782762562], [-0.2702358157165277, 0.0008374370549773613, -0.554251646480967]]	[[-0.03601833275957103, -0.04537909622150865, 0.06194401511649551], [-0.06664937320342171, -0.006250171618473535, -0.1418171912068854], [0.12089125848163178, -0.11897121803199144, 0.03697143946524073]]	0.6629452499449724	[[1.6500015216263524e-16, -0.8263499351039998, 0.0], [-1.0, -1.7938038903913487e-16, 0.0], [0.0, 0.0, -0.8263499351039998]]
3	[[0.8787972042104137, -0.3840163418041313, 0.28327887866788265], [-0.395223040501579, -0.9183905790867732, -0.018907472103605397], [0.2674214316928388, -0.09534250611366366, -0.9588511794847616]]	0.6100351244642667	0.3899648755357333	[[0.5360971618493493, -0.23426345686879563, 0.1728100660062597], [-0.2410999367035267, -0.5602505112200097, -0.011534222098027576], [0.16313646636715332, -0.05816227758378392, -0.5849328986196954]]	0.810302140231543	0.34171728463488427	[[0.5726950047480841, -0.24570202912460687, 0.2339503301446001], [-0.34545963070162766, -0.84808707674794, -0.02129060891323839], [0.2097155883294046, -0.07725623675894062, -0.6667022782858208]]	[[-0.13939625065311056, 0.0654672345231685, 0.00440884847762317], [-0.025209555114380403, -0.10391322494544156, -0.005969843801318743], [-0.006976570115086051, 0.0, 0.11025688461422084]]	0.4979739196450321	[[0.622674384851984, -0.6226743848519839, 0.0], [-0.7071067811865475, -0.7071067811865476, 0.0], [0.0, 0.0, -0.8805945599999998]]
3	[[0.3802729664721569, 0.7767473726770865, -0.5020517802076895], [0.4287143634067757, 0.332951791095048, 0.839849450446521], [0.8195098935212374, -0.5346088512602871, -0.20639019011321075]]	0.5183770851710472	0.48162291482895303	[[0.19712479192918408, 0.40264803896261714, -0.26025213842899736], [0.2222357020737654, 0.17259457897033048, 0.4353587101049734], [0.42481514987237423, -0.2771289780229496, -0.10698794515878444]]	0.6690639231522374	0.5034954553105525	[[0.12674446171361967, 0.405618499916829, -0.27568427873612555], [0.30679759350207375, 0.18354922186565323, 0.4552252913392178], [0.5984388157407032, -0.31321835757916994, -0.07296719178084884]]	[[-0.12768246110298093, -0.11407514454469539, 0.060220454955195894], [0.019960279609422437, -0.039216809704963745, -0.10668767683378215], [0.050134311319311925, 0.044469137796948666, 0.06512103851643206]]	0.7108393122985626	[[0.0, 0.5843176427451017, -0.5843176427451018], [0.0, 0.7071067811865476, 0.7071067811865475], [0.8263499351039998, 0.0, 0.0]]
3	[[0.22433838825039393, -0.7661379269479729, -0.6022499185961573], [-0.9416906372873723, -0.011392912655017143, -0.3362869982418849], [0.2507808429735371, 0.642575192824231, -0.724020780340167]]	0.45195554474637134	0.5480444552536285	[[0.10139097846922973, -0.3462602841246267, -0.2721901900325841], [-0.42560230495777196, -0.005149090045246105, -0.1519867734815331], [0.11334179249805916, 0.2904154213133799, -0.32722520618633305]]	0.6667599482661961	0.5496779093109134	[[0.286237881104158, -0.3945240456024647, -0.28998507399475265], [-0.6769840711816469, -0.050678170622258864, -0.04054927709175348], [0.2616585949951507, 0.26081944625020165, -0.47957976552745984]]	[[0.13665802896020354, 0.11630603893413644, 0.111571050571742], [-0.04910247058115734, -0.04308183276979834, 0.18367342445860008], [0.09444797310796207, -0.16762395607442357, 0.003168292515800926]]	0.73147269960444	[[1.6500015216263524e-16, -0.8263499351039998, 0.0], [-1.0, -1.7938038903913487e-16, 0.0], [0.0, 0.0, -0.8263499351039998]]
3	[[-0.3195682178843842, -0.5708200961323295, -0.7563336379995778], [0.910087742671785, 0.03735879733279218, -0.41272826520656647], [0.2638493031197415, -0.8202248094963509, 0.507557688474819]]	0.42681314757181466	0.5731868524281852	[[-0.1363959169391495, -0.24363352192748539, -0.3228131406490412], [0.3884374140162723, 0.015945225879106607, -0.17615784996466927], [0.11261435154916664, -0.35008273265762957, 0.21663229459221203]]	0.633449822347117	0.5664781292993901	[[-0.2554551893195434, -0.2554551893195434, -0.41734031870410737], [0.6091271985856619, 0.04027221967280923, -0.057395110651943824], [0.3224924194399924, -0.37606959114198796, 0.3138397473517643]]	[[-0.05302475847289543, 0.10613069916764495, 0.0617590899218739], [0.03263227966993102, 0.016607296139250112, 0.20404753562078953], [0.15535712525238154, 0.14350166871817338, -0.00767258024352321]]	0.9310709202215112	[[0.0, 0.0, -0.8263499351039998], [0.7071067811865475, 0.7071067811865476, 0.0], [0.5843176427451018, -0.5843176427451017, 0.0]]
