3	[[0.8489524140446696, -0.5135124485683378, 0.12483895166604869], [0.522794976890395, 0.7815435453534784, -0.34040431673891397], [0.0772347773085365, 0.35425224329800037, 0.9319550081910795]]	0.6735472487620319	0.32645275123796824	[[0.5718095628096727, -0.3458748969382583, 0.08408493243300337], [0.35212711835113564, 0.5264065047605595, -0.22927839100621478], [0.052021271764912974, 0.23860562384114611, 0.6277157317370985]]	0.8260761846854394	0.2617199531857227	[[0.6601362023748986, -0.40901478855000306, 0.049343928042719726], [0.47648682050930724, 0.626613705583327, -0.26396128426921706], [0.02770584625949438, 0.2269135826594565, 0.7282980695358204]]	[[-0.04116316879861553, 0.015185615751807385, -0.05378255684969975], [0.044618340626977254, -0.01900080452780617, 0.01723861495291879], [-0.03609596390457102, -0.06572575890041368, -0.041567767929154134]]	0.4547004737665233	[[0.6502553959791492, -0.650255395979149, 0.0], [0.7071067811865475, 0.7071067811865476, 0.0], [0.0, 0.0, 0.9196]]
3	[[0.034229894132735264, 0.2773841392786001, 0.9601491309293217], [-0.1827544195208179, -0.9427759796974285, 0.2788803941677556], [0.9825625356654255, -0.18501754344446375, 0.018422055382213542]]	0.7637416171023762	0.23625838289762416	[[0.026142794698178366, 0.21184981109118878, 0.7333058499154014], [-0.13957715589743547, -0.7200372512993907, 0.2129925632198298], [0.7504238998933231, -0.14130559782258387, 0.014069690367961307]]	0.8723865692616382	0.1963930210745276	[[0.009210236522975666, 0.21250282225018874, 0.7851526116751751], [-0.16819191733050473, -0.8238205106517248, 0.2571429952660676], [0.8145925052949077, -0.1452436366790897, 0.0]]	[[-0.020651463385670327, -0.02948337538266166, -0.052468594635799275], [-0.008759416267336253, -0.0013554081412052374, 0.013851484963725874], [-0.042581854279269034, 0.016163183299642114, -0.016071153693637166]]	0.3741340508908809	[[0.0, 0.0, 0.9196], [0.0, -1.0, 0.0], [0.9196, 0.0, 0.0]]
3	[[-0.30792515101507295, 0.09349718223056193, 0.9468053539599837], [0.3027085282091916, -0.9338174967034747, 0.1906631317268273], [0.9019698710720718, 0.34531602882779927, 0.2592434992682147]]	0.6024512604339024	0.3975487395660977	[[-0.18550989534833043, 0.05632749528182028, 0.5704040788787592], [0.18236713436371896, -0.5625795279042398, 0.11486524402710228], [0.543392885700774, 0.20803607681533745, 0.15618157289343143]]	0.7994860197772964	0.3010698216508241	[[-0.17736223776148985, 0.07247532577167934, 0.7282545877674077], [0.26103560988752733, -0.8372830581302521, 0.13179783800229256], [0.6694624958134492, 0.2444322543992501, 0.10488691198981052]]	[[0.06881961561287372, -0.0022743643102251868, -0.028703056173893904], [0.019024373516917305, -0.0907090244923926, -0.02063467030026295], [-0.05164980636900279, -0.03164308305358932, -0.10237464139327293]]	0.4825756403577545	[[0.0, 0.0, 0.9196], [0.0, -1.0, 0.0], [0.9196, 0.0, 0.0]]
3	[[0.3802729664721569, 0.7767473726770865, -0.5020517802076895], [0.4287143634067757, 0.332951791095048, 0.839849450446521], [0.8195098935212374, -0.5346088512602871, -0.20639019011321075]]	0.49580134500948353	0.5041986549905169	[[0.18853984824764164, 0.38511239210588205, -0.248917947891378], [0.2125571580019639, 0.1650779458482414, 0.4163984871368607], [0.40631410745640806, -0.2650597875088252, -0.10232853385489292]]	0.6490428723425379	0.5185817958907694	[[0.12356606469204026, 0.4122418158084943, -0.23785886051706956], [0.3012261218068475, 0.14347351043027848, 0.4703022711590579], [0.5628508612079154, -0.270261800710185, -0.09214903448332848]]	[[-0.12324739374126603, -0.09190053003836159, 0.0879942689736137], [0.022972119966811165, -0.07262647641364411, -0.07479602849405402], [0.030953806003764076, 0.07672226369153634, 0.041807047331072295]]	0.7265145590654922	[[0.0, 0.5498976832261744, -0.5498976832261745], [0.0, 0.7071067811865476, 0.7071067811865475], [0.777672761536, 0.0, 0.0]]
3	[[-0.5446221603179724, 0.8109226453022452, -0.2139887049042392], [-0.8354447797583356, -0.5021691245819775, 0.22328947644507607], [0.07361197229480154, 0.30038414347728, 0.9509735242804028]]	0.5318062653830624	0.46819373461693764	[[-0.2896334771235564, 0.4312537435127408, -0.11380053398928161], [-0.4442947682570555, -0.2670566867346233, 0.11874674256759518], [0.03914730807357987, 0.15974616952294227, 0.50573367842573]]	0.7380521144868729	0.37425673576118285	[[-0.4680870979324848, 0.537498509154351, -0.08242433893002554], [-0.6806024015619183, -0.46657129678159476, 0.037957499006859616], [0.09794736104469706, 0.0827775138992079, 0.7018680204161848]]	[[-0.06612756091339651, -0.06100466389625959, 0.07551047720085574], [-0.06400061532425859, -0.0959443125538443, -0.12684177122609558], [0.04361788924096966, -0.1389216383525268, 0.0]]	0.4358081348513066	[[-0.5979748621424256, 0.5979748621424255, 0.0], [-0.7071067811865475, -0.7071067811865476, 0.0], [0.0, 0.0, 0.84566416]]
3	[[0.08740825448676931, -0.06334395238859675, -0.994156597696443], [0.7119981850616444, -0.6940087028176986, 0.10681996481098455], [-0.6967197295301035, -0.717174639895393, -0.015561310176609944]]	0.6317467853438002	0.3682532146561999	[[0.05521988378452931, -0.04001733829246673, -0.6280552347230575], [0.4498025645833141, -0.4384377670057018, 0.06748316937987736], [-0.440150449416245, -0.4530727732840121, -0.0098308076798111]]	0.8229240825355763	0.28481989708932576	[[0.037127172676796986, -0.029092727361624052, -0.7284949866195954], [0.6359385396522076, -0.639590270735045, 0.07116824153433982], [-0.5356954098997349, -0.5208049558645503, 0.02625287556604705]]	[[-0.03480318495276381, 0.023034536541939155, 0.08962041943644], [0.050018086443358485, -0.06847379569708519, -0.01673648000422217], [0.03765203430826037, 0.06937532668914818, 0.03905865246618531]]	0.26211111948998134	[[0.0, 0.0, -0.777672761536], [0.7071067811865475, -0.7071067811865476, 0.0], [-0.5498976832261745, -0.5498976832261744, 0.0]]
3	[[0.8592155572171323, 0.2624339665249735, -0.4391776855101157], [-0.4266000482917053, 0.8413623931712975, -0.33184593135155627], [0.2824199444684594, 0.4724804086637203, 0.8348660002631537]]	0.5024880769320742	0.49751192306792585	[[0.43174557301615735, 0.13186993916079032, -0.22068155062345737], [-0.21436143788522896, 0.422774570947613, -0.16674862388257658], [0.14191265478321935, 0.23741577193751337, 0.4195102109682047]]	0.7431592185389927	0.45300163155024353	[[0.46450146173127704, 0.1876859208128172, -0.28624984659603214], [-0.3529122787421466, 0.7495625062810383, -0.2516973151208975], [0.23831249274088673, 0.31146915594263525, 0.46116612080123404]]	[[-0.1740325003267521, -0.007344300667970283, 0.04012909896742891], [-0.03588052022498636, 0.12429628766376015, -0.0050829521023307185], [0.028429507509880745, -0.039659015334879005, -0.15927224353910577]]	0.6892987891321731	[[0.6502553959791492, 0.650255395979149, 0.0], [-0.7071067811865475, 0.7071067811865476, 0.0], [0.0, 0.0, 0.9196]]
3	[[0.8787972042104137, -0.3840163418041313, 0.28327887866788265], [-0.395223040501579, -0.9183905790867732, -0.018907472103605397], [0.2674214316928388, -0.09534250611366366, -0.9588511794847616]]	0.5793655707127853	0.42063442928721473	[[0.5091448437581665, -0.22248584703238652, 0.16412202921029564], [-0.22897862241903955, -0.5320838819898539, -0.0109543383660414], [0.15493477039355166, -0.055238165467729965, -0.5555253608308162]]	0.7958391520925051	0.36118996491593	[[0.5564220500963861, -0.2361445604431215, 0.22678412496978628], [-0.34550678262153844, -0.8471690156161478, -0.02345985262878839], [0.20357236627113134, -0.07587729922387257, -0.6460186819964455]]	[[-0.14295917176369352, 0.06947067940794399, 0.0013397023650229354], [-0.030972813181340025, -0.11627783586598527, -0.008412546061642379], [-0.009252079178661245, 0.0, 0.11707262766760558]]	0.5099245533237851	[[0.5979748621424256, -0.5979748621424255, 0.0], [-0.7071067811865475, -0.7071067811865476, 0.0], [0.0, 0.0, -0.84566416]]
3	[[-0.42203838922340475, -0.825029846081567, 0.3757783270710803], [0.2588054115689476, 0.28760896992378115, 0.9221175843470338], [-0.8688517462515349, 0.4864224845687207, 0.09214016247897017]]	0.404607224625998	0.595392775374002	[[-0.17075978134930853, -0.33381303625667713, 0.15204262599083032], [0.10471453929310104, 0.1163686670984032, 0.373095436581483], [-0.3515436936622854, 0.19681005147703245, 0.03728057541720464]]	0.5983615559614492	0.6415189981070428	[[-0.09079139926944782, -0.3319259944342692, 0.2858806733273608], [0.15599783789363764, 0.08296781955853323, 0.620648185527985], [-0.4410594054237014, 0.16905524481390805, -0.02835483760941864]]	[[0.16174014798173236, 0.16174014798173234, 0.061029368844518796], [0.001138629135998881, -0.08912633119353006, 0.06888847297868089], [0.07882807736318918, -0.12200126990726567, -0.08348796859687596]]	0.7032934678580144	[[0.0, -0.5498976832261744, 0.5498976832261745], [0.0, 0.7071067811865476, 0.7071067811865475], [-0.777672761536, 0.0, 0.0]]
3	[[-0.8305561570912853, 0.32773595720904825, 0.4502950280316503], [-0.5100865793185324, -0.772219296347621, -0.37879947194723407], [0.22358030216652452, -0.5443036842615101, 0.808545204538665]]	0.4573229574314036	0.5426770425685963	[[-0.3798323980738481, 0.1498811772074539, 0.20593025393609113], [-0.23327430300001945, -0.3531536123912917, -0.17323369478436307], [0.10224840501020188, -0.24892257062728268, 0.3697662841566014]]	0.6874918714912792	0.5257430281945308	[[-0.44081817444782606, 0.10742014583778361, 0.24715611440010105], [-0.5440218960376413, -0.595560996132336, -0.2715934285890495], [0.20314904945373996, -0.3085770642206136, 0.39782667303066477]]	[[0.13018243236946647, -0.11789566073885077, -0.062418057144596265], [-0.19334151899935864, -0.0646665068846314, -0.011171870700137223], [0.049439409088690295, 0.06562729433193033, -0.15804158282292116]]	0.6861173812752464	[[-0.5979748621424256, 0.5979748621424255, 0.0], [-0.7071067811865475, -0.7071067811865476, 0.0], [0.0, 0.0, 0.84566416]]
3	[[0.04673222253661188, -0.9725397674033924, -0.22799671093185395], [-0.8377629715199755, -0.16246744520517667, 0.5213036857710898], [-0.5440306084466285, 0.16664552219444034, -0.8223502702654952]]	0.5043059966927091	0.49569400330729085	[[0.02356734006399154, -0.49045763672366327, -0.1149801085491481], [-0.4224888903446269, -0.08193330688431469, 0.26289657483237233], [-0.2743578982240181, 0.08404033616464422, -0.41471617267675925]]	0.6985445936362574	0.4676670089515569	[[-1.0412140639831809e-16, -0.7026293161605356, -0.10723437471369854], [-0.6705370669508093, -0.13789138570559845, 0.2329654741086922], [-0.25621434896811435, 0.0, -0.5214584125678855]]	[[-0.032644541401556676, -0.023266919544632704, 0.052031495074596625], [-0.08532227244688466, -0.02440063021562753, -0.13118839722935685], [0.12381529133492164, -0.11640932858261724, 0.05298992280139124]]	0.6820457180844679	[[1.5528061240789908e-16, -0.777672761536, 0.0], [-1.0, -1.7938038903913487e-16, 0.0], [0.0, 0.0, -0.777672761536]]
3	[[-0.3195682178843842, -0.5708200961323295, -0.7563336379995778], [0.910087742671785, 0.03735879733279218, -0.41272826520656647], [0.2638493031197415, -0.8202248094963509, 0.507557688474819]]	0.4083639380728572	0.5916360619271428	[[-0.13050013593819196, -0.23310234238772504, -0.30885938291047843], [0.37164701458928723, 0.015255985600484759, -0.1685433397337321], [0.10774654047975665, -0.33495023331098894, 0.20726825646473349]]	0.6149251371461546	0.6062219121500978	[[-0.2663874627918662, -0.26638746279186615, -0.3650770333415938], [0.609943126098326, -0.09752824777541774, -0.056917151380938565], [0.21590417551958987, -0.3337099739046968, 0.33246584443323834]]	[[-0.06987693258175905, 0.08462416310808776, 0.10001153273354668], [0.0503072961208442, -0.12050111134890035, 0.19687983370530382], [0.053656606612765514, 0.1706668795655253, 0.02035586323827512]]	0.9428035179297833	[[0.0, 0.0, -0.777672761536], [0.7071067811865475, 0.7071067811865476, 0.0], [0.5498976832261745, -0.5498976832261744, 0.0]]
3	[[0.5319609947059123, -0.8460851799387872, 0.03402011756955908], [-0.703274286200726, -0.4190807785627857, 0.5742617690636116], [-0.47161719485230363, -0.3294103357928521, -0.8179645788128509]]	0.4611620596114118	0.5388379403885882	[[0.24532022795151393, -0.3901823841872631, 0.015688787486600242], [-0.32432341829607236, -0.19326415498556826, 0.264827740177468], [-0.21749195692624484, -0.15191154891151845, -0.37721422985451536]]	0.6648271710233532	0.5488404924709961	[[0.3986702003763815, -0.5384490229197404, 0.09437792714545704], [-0.406107272747468, -0.23452046213469174, 0.30099950843907936], [-0.27579802998723124, -0.03906046170693543, -0.44662341916547177]]	[[0.045008077171280844, 0.02405139370374815, 0.0717604286238052], [0.06144858140082872, 0.044095826307469464, -0.08078531891434773], [0.03774589547239529, 0.17994047994407927, 0.09718165776398449]]	0.6998310708197033	[[0.5979748621424256, -0.5979748621424255, 0.0], [-0.7071067811865475, -0.7071067811865476, 0.0], [0.0, 0.0, -0.84566416]]
3	[[0.22433838825039393, -0.7661379269479729, -0.6022499185961573], [-0.9416906372873723, -0.011392912655017143, -0.3362869982418849], [0.2507808429735371, 0.642575192824231, -0.724020780340167]]	0.4266593430115521	0.5733406569884479	[[0.09571606934318357, -0.3268799045678546, -0.25695555459699726], [-0.4017811086251601, -0.004860892628377634, -0.14347998973320958], [0.10699798970297257, 0.27416070960590777, -0.3089102304666469]]	0.6453157319848487	0.5664178809595907	[[0.2656453945408981, -0.3880599802164089, -0.26274949144541737], [-0.6841324297594832, -0.048905758056921045, -0.04046559605100488], [0.23951287650137043, 0.2395128765013704, -0.4666249135890155]]	[[0.12087630331479401, 0.10634087691337671, 0.12589185561127744], [-0.07644464685510395, -0.04155373228750931, 0.1765456943764446], [0.07768005325012499, -0.17515100441130352, 0.0005970862484408548]]	0.7319251001162997	[[1.5528061240789908e-16, -0.777672761536, 0.0], [-1.0, -1.7938038903913487e-16, 0.0], [0.0, 0.0, -0.777672761536]]
