3	[[-0.42203838922340475, -0.825029846081567, 0.3757783270710803], [0.2588054115689476, 0.28760896992378115, 0.9221175843470338], [-0.8688517462515349, 0.4864224845687207, 0.09214016247897017]]	0.3974678141295092	0.6025321858704908	[[-0.1677466760433657, -0.32792280951364594, 0.14935979025818608], [0.10286682122119759, 0.11431530859964499, 0.3665120606207989], [-0.3453406043852046, 0.19333728168497433, 0.03662274897405409]]	0.5902268706497191	0.6481594172002632	[[-0.08667741232266057, -0.324533798802625, 0.27697941677724436], [0.1596473605126307, 0.0810445368992066, 0.6163803657770505], [-0.43114229082203137, 0.16654442966360217, -0.027817808893102324]]	[[0.16242098544271774, 0.16242098544271774, 0.05518495073209398], [0.006893452335078126, -0.08871000538969591, 0.07212178959682214], [0.08167735642655609, -0.12055519121705521, -0.08220140865422154]]	0.7099846293208236	[[0.0, -0.5353182812598959, 0.535318281259896], [0.0, 0.7071067811865476, 0.7071067811865475], [-0.757054373544, 0.0, 0.0]]
3	[[0.034229894132735264, 0.2773841392786001, 0.9601491309293217], [-0.1827544195208179, -0.9427759796974285, 0.2788803941677556], [0.9825625356654255, -0.18501754344446375, 0.018422055382213542]]	0.7456599185384196	0.25434008146158055	[[0.02552386007059411, 0.2068342346983306, 0.7159447227534923], [-0.13627264557242924, -0.7029902602211632, 0.20794993199709103], [0.7326575003031843, -0.13796016637297737, 0.013736588315611602]]	0.8650418285422349	0.20765094183779167	[[0.009229036525724854, 0.20903080581581313, 0.7741249879328145], [-0.16872822195076786, -0.8233357767715247, 0.25777694175352517], [0.8030262828074025, -0.14307969985603053, 0.0]]	[[-0.020381253685663573, -0.03091807723436106, -0.05644417195952378], [-0.010638004714304847, -0.007795119388364198, 0.016533735638070694], [-0.046931409701712265, 0.016968214237560803, -0.015935848473336324]]	0.3780483609883325	[[0.0, 0.0, 0.9114], [0.0, -1.0, 0.0], [0.9114, 0.0, 0.0]]
3	[[0.3802729664721569, 0.7767473726770865, -0.5020517802076895], [0.4287143634067757, 0.332951791095048, 0.839849450446521], [0.8195098935212374, -0.5346088512602871, -0.20639019011321075]]	0.4839453964693969	0.5160546035306034	[[0.18403135152596165, 0.375903315226775, -0.2429656478207768], [0.20747434257101718, 0.16113048654668882, 0.4064412752709467], [0.39659804033072843, -0.25872149247920845, -0.09988158238173196]]	0.6400367125750528	0.5312278294225717	[[0.11798965368887543, 0.4026975833181651, -0.23181827122825022], [0.30138725506085284, 0.1399142824819763, 0.46822036752731], [0.5508006221947552, -0.26350438970402684, -0.09344180806669705]]	[[-0.12539900565312714, -0.09444925159138678, 0.08951329971833225], [0.026994323272273628, -0.07318708733647385, -0.06931411379444595], [0.02628420402269085, 0.07866490197013275, 0.0386554907211025]]	0.733611420442343	[[0.0, 0.5353182812598959, -0.535318281259896], [0.0, 0.7071067811865476, 0.7071067811865475], [0.757054373544, 0.0, 0.0]]
3	[[-0.3195682178843842, -0.5708200961323295, -0.7563336379995778], [0.910087742671785, 0.03735879733279218, -0.41272826520656647], [0.2638493031197415, -0.8202248094963509, 0.507557688474819]]	0.40049088436120317	0.5995091156387968	[[-0.12798415819425066, -0.22860824511118366, -0.30290472755457704], [0.36448184490891433, 0.014961857782480943, -0.165293907933443], [0.10566924074451245, -0.3284925593301929, 0.2032722275216083]]	0.6068384418356342	0.6129505975101642	[[-0.26108135878947697, -0.26108135878947697, -0.35621202178019556], [0.6105799750313278, -0.09643638199895525, -0.05654409391316899], [0.2104307603578806, -0.32495597690498945, 0.3264178448878271]]	[[-0.06715507938832677, 0.08531421891593287, 0.10276030461134478], [0.05830374733467218, -0.11910713636124015, 0.19391528344630815], [0.05031686037327877, 0.17278796844470606, 0.01841232807207177]]	0.9420170367301278	[[-1.5116366750174368e-16, -0.757054373544, 0.0], [1.0, -1.7938038903913487e-16, 0.0], [0.0, 0.0, 0.757054373544]]
3	[[0.5319609947059123, -0.8460851799387872, 0.03402011756955908], [-0.703274286200726, -0.4190807785627857, 0.5742617690636116], [-0.47161719485230363, -0.3294103357928521, -0.8179645788128509]]	0.4535717444169717	0.5464282555830283	[[0.24128247633054806, -0.3837603309901831, 0.015430564071295394], [-0.31898534479566387, -0.19008319978434524, 0.26046891234615843], [-0.2139122337661982, -0.14941122063454432, -0.37100562088343836]]	0.6571206734671426	0.5577724551321436	[[0.39132115318193417, -0.5269749806046159, 0.09201024600995873], [-0.40602314104215365, -0.2339944699240228, 0.3010836401443938], [-0.2682931061989451, -0.03822481183498458, -0.4387372465684169]]	[[0.04175858608253399, 0.029005082647328567, 0.06965492344121865], [0.05611293153819143, 0.041392173522289175, -0.07627564028911937], [0.041616302501085355, 0.17823752986825198, 0.09876418833335132]]	0.705800995281428	[[0.5873582195083346, -0.5873582195083344, 0.0], [-0.7071067811865475, -0.7071067811865476, 0.0], [0.0, 0.0, -0.83064996]]
3	[[0.8592155572171323, 0.2624339665249735, -0.4391776855101157], [-0.4266000482917053, 0.8413623931712975, -0.33184593135155627], [0.2824199444684594, 0.4724804086637203, 0.8348660002631537]]	0.4905002083254281	0.5094997916745719	[[0.4214454098114522, 0.12872391525216795, -0.2154167462345911], [-0.2092474125587191, 0.41268842912770215, -0.1627704984598841], [0.13852704159703516, 0.2317517388792382, 0.40950194705289383]]	0.734923014081185	0.4656166191344246	[[0.45254720403016707, 0.18091738920763084, -0.28357666989736346], [-0.3507966642110919, 0.7496056779245627, -0.25370870408464574], [0.23582069314620122, 0.30736441079049165, 0.4479271095200249]]	[[-0.1789100830252924, -0.01195137246818348, 0.03918511845492949], [-0.03727847091337285, 0.1312690920005538, -0.009827492005182027], [0.028263776320800165, -0.03987231523895966, -0.16563512774727546]]	0.6897140217561417	[[0.6444571203734194, 0.6444571203734194, 0.0], [-0.7071067811865475, 0.7071067811865476, 0.0], [0.0, 0.0, 0.9114]]
3	[[0.8489524140446696, -0.5135124485683378, 0.12483895166604869], [0.522794976890395, 0.7815435453534784, -0.34040431673891397], [0.0772347773085365, 0.35425224329800037, 0.9319550081910795]]	0.6568181946737137	0.3431818053262863	[[0.5576073919567109, -0.3372843194111339, 0.08199649485825311], [0.3433812529056351, 0.5133320205179652, -0.22358374877959253], [0.050729206997819264, 0.2326793189021058, 0.6121250059971909]]	0.8176396722699115	0.27480496178496505	[[0.6469419637901742, -0.4003781480864635, 0.05091448221867835], [0.47652529655252573, 0.6254381845555683, -0.264409724978551], [0.02582559262325428, 0.22526142829800228, 0.7147415605577698]]	[[-0.047195209802059664, 0.01949000206747194, -0.05115879730806902], [0.04906738298350734, -0.013582823731914356, 0.013918348999117723], [-0.03732462538313711, -0.06438925981305568, -0.04726182690988698]]	0.45787049949137837	[[0.6444571203734194, -0.6444571203734194, 0.0], [0.7071067811865475, 0.7071067811865476, 0.0], [0.0, 0.0, 0.9114]]
3	[[0.8787972042104137, -0.3840163418041313, 0.28327887866788265], [-0.395223040501579, -0.9183905790867732, -0.018907472103605397], [0.2674214316928388, -0.09534250611366366, -0.9588511794847616]]	0.5665436086307106	0.4334563913692894	[[0.4978769393279473, -0.217562004058877, 0.16048983816936346], [-0.22391108757976608, -0.5203083128082688, -0.0107119074756611], [0.15150590293645197, -0.054015687469530595, -0.5432310073651101]]	0.7894218860293063	0.3696610378237871	[[0.5493278264813196, -0.2320446869478773, 0.22370710123584758], [-0.3455360925007913, -0.8467561099589703, -0.02442738518707409], [0.20093577092635218, -0.07526546099500903, -0.6370392384788489]]	[[-0.14441391990374663, 0.07110621786521482, 8.055456558061017e-05], [-0.03353837446579788, -0.12175848690474292, -0.00950141289899942], [-0.010172560045265951, 0.0, 0.11989886805143633]]	0.5141100419625981	[[0.9114, 0.0, 0.0], [0.0, -1.0, 0.0], [0.0, 0.0, -0.9114]]
3	[[0.04673222253661188, -0.9725397674033924, -0.22799671093185395], [-0.8377629715199755, -0.16246744520517667, 0.5213036857710898], [-0.5440306084466285, 0.16664552219444034, -0.8223502702654952]]	0.49628031266297307	0.5037196873370269	[[0.023192282011905343, -0.48265233984413064, -0.11315027898738997], [-0.4157652694433948, -0.08062939450397949, 0.2587127561668367], [-0.2699916804581202, 0.08270289185854127, -0.4081162492458404]]	0.6892472839371413	0.48154221847933854	[[1.01573478669871e-16, -0.6843124583143801, -0.10338252333879192], [-0.6719437305839338, -0.1365589143284745, 0.23197081271486145], [-0.24835643352996176, 0.0, -0.5086979400140382]]	[[-0.03221005745570579, -0.01399206511073264, 0.05376359041758994], [-0.0945178778806819, -0.024578668992600056, -0.1273363368092831], [0.12661518572054736, -0.11485997355280461, 0.058104750211428635]]	0.6905288618824017	[[-1.5116366750174368e-16, -0.757054373544, 0.0], [-1.0, 1.7938038903913487e-16, 0.0], [0.0, 0.0, -0.757054373544]]
3	[[-0.5446221603179724, 0.8109226453022452, -0.2139887049042392], [-0.8354447797583356, -0.5021691245819775, 0.22328947644507607], [0.07361197229480154, 0.30038414347728, 0.9509735242804028]]	0.5190458774195768	0.4809541225804234	[[-0.28268388706438724, 0.42090605595030806, -0.11106995509489972], [-0.43363416874527017, -0.2606488138816732, 0.11589748221999242], [0.03820799074834085, 0.1559131513140928, 0.4935988873129088]]	0.7303129142988439	0.38343364093100707	[[-0.4594043587061278, 0.529790931964359, -0.07798397742380057], [-0.6808565799452008, -0.46805358756231424, 0.03821338099637687], [0.09418465139959689, 0.07955563526905793, 0.6911528407425411]]	[[-0.06165976161257721, -0.06243634839725149, 0.07829473728184967], [-0.07072046810413488, -0.10131299071795097, -0.1248578072784897], [0.0404248773856946, -0.1398187839629965, -0.0033554051957223794]]	0.44267382328779376	[[-0.5873582195083346, 0.5873582195083344, 0.0], [-0.7071067811865475, -0.7071067811865476, 0.0], [0.0, 0.0, 0.83064996]]
3	[[-0.30792515101507295, 0.09349718223056193, 0.9468053539599837], [0.3027085282091916, -0.9338174967034747, 0.1906631317268273], [0.9019698710720718, 0.34531602882779927, 0.2592434992682147]]	0.586589653450553	0.41341034654944725	[[-0.18062570762264082, 0.054844479723228506, 0.5553862244645149], [0.1775656906587566, -0.5477676817773539, 0.11184102036543674], [0.5290861940950065, 0.20255880968101997, 0.15206955439505074]]	0.7925654186544524	0.31064878457414236	[[-0.17526371931652301, 0.06956526745077889, 0.7172638905420138], [0.2610854290783664, -0.8380273136939933, 0.1299512269355977], [0.659049206416653, 0.23892282464371484, 0.10569845186574417]]	[[0.06878710691197376, -0.004537365926798051, -0.03314129120355781], [0.0211691176879754, -0.09791585847235125, -0.021161777883444158], [-0.055820922063286135, -0.0347627183122828, -0.09976898066521366]]	0.48474742129970305	[[0.0, 0.0, 0.9114], [0.0, -1.0, 0.0], [0.9114, 0.0, 0.0]]
3	[[-0.8305561570912853, 0.32773595720904825, 0.4502950280316503], [-0.5100865793185324, -0.772219296347621, -0.37879947194723407], [0.22358030216652452, -0.5443036842615101, 0.808545204538665]]	0.4482284866115349	0.5517715133884651	[[-0.37227892933891904, 0.14690059210799447, 0.2018350589433252], [-0.2286353354888004, -0.34613068653411855, -0.16978871404015733], [0.10021506047625095, -0.2439724166536194, 0.36241299338737976]]	0.6783676329496137	0.5356254933780257	[[-0.4295754679961419, 0.10169951882206141, 0.2467008332099354], [-0.5430315662799537, -0.594344287777602, -0.26931402907443563], [0.19889038291445782, -0.3046531253855509, 0.38724870522000593]]	[[0.13384694632160077, -0.12062594670231652, -0.05876473908487518], [-0.1970053408682756, -0.07049571159624998, -0.012348727927026881], [0.047220742559593125, 0.06458487651268358, -0.1612421913156495]]	0.6879913269184478	[[-0.5873582195083346, 0.5873582195083344, 0.0], [-0.7071067811865475, -0.7071067811865476, 0.0], [0.0, 0.0, 0.83064996]]
3	[[0.22433838825039393, -0.7661379269479729, -0.6022499185961573], [-0.9416906372873723, -0.011392912655017143, -0.3362869982418849], [0.2507808429735371, 0.642575192824231, -0.724020780340167]]	0.41589830044296333	0.5841016995570365	[[0.09330195439745251, -0.3186354617225572, -0.2504747175860548], [-0.3916475355908692, -0.00473829301031673, -0.13986119102986572], [0.10429932637634777, 0.26724593060240714, -0.30111901202886354]]	0.6358020225304711	0.5741856799639324	[[0.256963293936106, -0.3850559122181561, -0.2515247501799483], [-0.6872919795959502, -0.04823308479792823, -0.04063715003928951], [0.23037319796843458, 0.2303731979684345, -0.46072906143294745]]	[[0.11432849295527953, 0.10205613127266741, 0.1313869661323001], [-0.08856316781063056, -0.04098944788935534, 0.17317480359360188], [0.07092623079396318, -0.1781774092571191, -0.0003951849385792315]]	0.7329850991332354	[[1.5116366750174368e-16, -0.757054373544, 0.0], [-1.0, -1.7938038903913487e-16, 0.0], [0.0, 0.0, -0.757054373544]]
3	[[0.08740825448676931, -0.06334395238859675, -0.994156597696443], [0.7119981850616444, -0.6940087028176986, 0.10681996481098455], [-0.6967197295301035, -0.717174639895393, -0.015561310176609944]]	0.6080936688948876	0.3919063311051125	[[0.05315240616255757, -0.03851905641028487, -0.6045403329492888], [0.4329615886006364, -0.42202229834139593, 0.06495654431313438], [-0.42367085652141445, -0.43610935801235934, -0.009462734198106094]]	0.811348050520317	0.3033743036278255	[[0.03600225293773286, -0.02833199469814425, -0.7093166241532132], [0.6360558319177335, -0.6398528610458046, 0.07105094926881395], [-0.5215963405226858, -0.5069862865617516, 0.02545743719026421]]	[[-0.034916263939491154, 0.02306199758459549, 0.09729039329970707], [0.05837749249396454, -0.07677025297053068, -0.01561722093722724], [0.04368585379060629, 0.07489195939998573, 0.03808307586559865]]	0.2797752128136426	[[0.0, 0.0, -0.757054373544], [0.7071067811865475, -0.7071067811865476, 0.0], [-0.535318281259896, -0.5353182812598959, 0.0]]
