3	[[-0.3195682178843842, -0.5708200961323295, -0.7563336379995778], [0.910087742671785, 0.03735879733279218, -0.41272826520656647], [0.2638493031197415, -0.8202248094963509, 0.507557688474819]]	0.49116394405398683	0.5088360559460131	[[-0.15696038629039794, -0.280366249761631, -0.371483812660573], [0.4470022851258638, 0.018349294243087788, -0.20271724256141704], [0.12959326435618815, -0.4028648524431577, 0.24929403610621687]]	0.6861435662914696	0.5438425681607307	[[-0.24859253643695545, -0.2805365363989145, -0.501918795523203], [0.5793040671847898, -0.015990912907004766, -0.08035020768600837], [0.31279789314582424, -0.4919120344997665, 0.30325311049608683]]	[[-0.02932285974435467, 0.1111280000721615, 0.017034664160028783], [-0.04514678221018212, -0.0416244113412871, 0.20284063611211667], [0.13175939133972586, 0.07087994144880094, -0.045004331972680146]]	0.8985956303126619	[[0.0, 0.0, -0.9988004799360002], [0.7071067811865475, 0.7071067811865476, 0.0], [0.706258592415124, -0.7062585924151239, 0.0]]
3	[[0.04673222253661188, -0.9725397674033924, -0.22799671093185395], [-0.8377629715199755, -0.16246744520517667, 0.5213036857710898], [-0.5440306084466285, 0.16664552219444034, -0.8223502702654952]]	0.5749522818737378	0.42504771812626213	[[0.026868797984456374, -0.5591639584815348, -0.13108722920997637], [-0.4816737321447331, -0.09341102835091285, 0.29972474368327806], [-0.3127916397355471, 0.09581322324973407, -0.47281216438863144]]	0.7619038602008602	0.36620838368084596	[[-0.006219692361189021, -0.8340374094610495, -0.14581267621166125], [-0.6431830028415646, -0.10765323457712542, 0.24463157618702444], [-0.2758721311262207, 0.03087531222450226, -0.6265518453525014]]	[[-0.04182515310759937, -0.09305560647755808, 0.027898897960417987], [-0.004888160907151849, 0.01613133908167054, -0.15255171433890516], [0.1386268895166884, -0.09609255442062997, 0.0]]	0.6064188597788627	[[-1.9943394943065137e-16, -0.9988004799360002, 0.0], [-1.0, 1.7938038903913487e-16, 0.0], [0.0, 0.0, -0.9988004799360002]]
3	[[0.8592155572171323, 0.2624339665249735, -0.4391776855101157], [-0.4266000482917053, 0.8413623931712975, -0.33184593135155627], [0.2824199444684594, 0.4724804086637203, 0.8348660002631537]]	0.6344433004113528	0.3655566995886472	[[0.545123553885617, 0.16649947186214667, -0.27863334026205694], [-0.27065354259383195, 0.5337967335655922, -0.21053742791476052], [0.17917944167056032, 0.2997620298523154, 0.5296751406081804]]	0.8227830457062737	0.3215119105077865	[[0.6079438444312553, 0.2240637770276073, -0.29836132166866636], [-0.3265444216654429, 0.7521699721959831, -0.27177019262231594], [0.2560004614624334, 0.3737123620471468, 0.5883182311324519]]	[[-0.09900414865406983, 0.008137558753411298, 0.06298663202157856], [0.02445486536644977, 0.05991125979978357, 0.0012670134803524843], [0.023630119384477642, -0.015036507629733856, -0.09859535932068056]]	0.622226606768292	[[0.9988004799360002, 0.0, 0.0], [0.0, 0.7071067811865476, -0.7071067811865475], [0.0, 0.7062585924151239, 0.706258592415124]]
3	[[0.08740825448676931, -0.06334395238859675, -0.994156597696443], [0.7119981850616444, -0.6940087028176986, 0.10681996481098455], [-0.6967197295301035, -0.717174639895393, -0.015561310176609944]]	0.8373849728271681	0.1626150271728321	[[0.07319435880827352, -0.053043273849690514, -0.8324917955479859], [0.5962165808508381, -0.5811524587508164, 0.08944943333064535], [-0.5834226317807176, -0.6005512663411376, -0.013030807299395653]]	0.927845898000596	0.11814391786638248	[[0.08144112927823874, -0.021029150279353946, -0.9051067478566145], [0.6271457200712195, -0.6265146133202133, 0.06810570933974387], [-0.657913812509529, -0.6648005522126679, 0.019867156365355458]]	[[0.0003397389012976356, 0.0377442761075506, 0.017317373286258958], [-0.03347887532209652, 0.017418514765903014, -0.031006756834696152], [-0.011465269408937691, 0.0006269955643271613, 0.03430565418023793]]	0.10951395093384754	[[0.0, 0.0, -0.9988004799360002], [0.7071067811865475, -0.7071067811865476, 0.0], [-0.706258592415124, -0.7062585924151239, 0.0]]
3	[[0.22433838825039393, -0.7661379269479729, -0.6022499185961573], [-0.9416906372873723, -0.011392912655017143, -0.3362869982418849], [0.2507808429735371, 0.642575192824231, -0.724020780340167]]	0.5330439203014611	0.46695607969853886	[[0.11958221394710121, -0.408385164071982, -0.32102565760973145], [-0.5019624690108422, -0.006072922825282465, -0.1792557398892649], [0.13367720367511932, 0.3425207998714954, -0.38593487513224567]]	0.7281705894220197	0.4996289093262491	[[0.265796675381115, -0.40764661861073, -0.42738345121068155], [-0.6836723969223737, 0.04131622315454371, -0.03809437559340647], [0.3450164626444546, 0.3671588972290718, -0.4796945257617101]]	[[0.10244005897883972, 0.15023248723353977, 0.01115722699284575], [0.002039029484369676, 0.049612207077781155, 0.2067799261313486], [0.1624052284006632, -0.10074545967771642, 0.047516112612379986]]	0.7534759936136888	[[-1.9943394943065137e-16, -0.9988004799360002, 0.0], [-1.0, 1.7938038903913487e-16, 0.0], [0.0, 0.0, -0.9988004799360002]]
3	[[0.034229894132735264, 0.2773841392786001, 0.9601491309293217], [-0.1827544195208179, -0.9427759796974285, 0.2788803941677556], [0.9825625356654255, -0.18501754344446375, 0.018422055382213542]]	0.8689180494026829	0.13108195059731728	[[0.029742972841076663, 0.24102408523720334, 0.8342909099827874], [-0.15879861372974866, -0.819195065302393, 0.24232420811689753], [0.8537663219065554, -0.16076508295503958, 0.016007256428701187]]	0.937002377387609	0.12229310078487812	[[0.011922385782859845, 0.25158390721072055, 0.8917704377380667], [-0.16344946965690516, -0.826231203579934, 0.25606551537766775], [0.9283327777104472, -0.16758557177837263, -0.0016113723611847666]]	[[-0.020151106397239275, -0.008325690742943464, -0.007891580589354566], [0.007791855912193719, 0.05715213074048894, -0.005246076964312761], [0.007669345859946038, 0.005776306287505165, -0.018872882050685054]]	0.3385628267272138	[[0.0, 0.0, 0.9996], [0.0, -1.0, 0.0], [0.9996, 0.0, 0.0]]
3	[[0.8489524140446696, -0.5135124485683378, 0.12483895166604869], [0.522794976890395, 0.7815435453534784, -0.34040431673891397], [0.0772347773085365, 0.35425224329800037, 0.9319550081910795]]	0.7741663828801767	0.2258336171198233	[[0.6572304196183559, -0.3975440748720928, 0.09664611965385812], [0.40473029624716267, 0.6050447395696517, -0.26352957860656306], [0.059792568181505655, 0.27425017782120126, 0.7214882376983535]]	0.8958503146546002	0.1936803194408923	[[0.7779883079247237, -0.44031046199168294, 0.061523372876017515], [0.4634333683056922, 0.6248785204968894, -0.27773347366886203], [0.03862603207903263, 0.3002976675917368, 0.822841289640088]]	[[0.017454020676024053, 0.019719826637316612, -0.05031364125516263], [-0.004912676241412538, -0.07526751052429594, 0.027217840591478245], [-0.030564767475097777, -0.017059316033874863, -0.01205089769182098]]	0.4271229681415785	[[0.706823938474073, -0.7068239384740729, 0.0], [0.7071067811865475, 0.7071067811865476, 0.0], [0.0, 0.0, 0.9996]]
3	[[-0.5446221603179724, 0.8109226453022452, -0.2139887049042392], [-0.8354447797583356, -0.5021691245819775, 0.22328947644507607], [0.07361197229480154, 0.30038414347728, 0.9509735242804028]]	0.6461498353593458	0.35385016464065444	[[-0.35190751922250896, 0.5239775337512107, -0.1382687664426338], [-0.5398225068926733, -0.3244764971711915, 0.14427845844246043], [0.04756436377876275, 0.19409316485240255, 0.614471386144879]]	0.799433045197597	0.3037574207872243	[[-0.46421134836961314, 0.6052212566982105, -0.13039370937138448], [-0.6623893638822721, -0.42159030338925313, 0.05040769839315459], [0.09330254016431305, 0.17815037958216126, 0.7471566596528538]]	[[-0.02882239626452279, -0.04305710305545398, 0.04067593262810146], [0.005492800494369947, -0.020139710920471416, -0.12809728772190968], [0.03445469698967871, -0.06198663096695257, -0.01308300076491941]]	0.38056736199094127	[[-0.7065412088986834, 0.7065412088986833, 0.0], [-0.7071067811865475, -0.7071067811865476, 0.0], [0.0, 0.0, 0.9992001600000001]]
3	[[-0.8305561570912853, 0.32773595720904825, 0.4502950280316503], [-0.5100865793185324, -0.772219296347621, -0.37879947194723407], [0.22358030216652452, -0.5443036842615101, 0.808545204538665]]	0.5513281781555043	0.4486718218444957	[[-0.4579090129449751, 0.18069006820411482, 0.2482603374371715], [-0.2812251044772597, -0.4257462577918593, -0.20884282275493557], [0.12326612066492712, -0.3000899586072272, 0.44577375457467167]]	0.7739251334678696	0.42122405207153085	[[-0.5606341111213735, 0.16229678942984221, 0.2551419276885835], [-0.5516157308397891, -0.6046725370569546, -0.2962639871054736], [0.2406544653388542, -0.34825593648083, 0.505290281908716]]	[[0.08215417360806025, -0.09134630499539043, -0.09335271198072957], [-0.1568469068605248, -0.007032615064657682, -0.003101555221151886], [0.06762005014384011, 0.07299436500831245, -0.12046317342867625]]	0.6823297356602424	[[-0.706258592415124, 0.7062585924151239, 0.0], [-0.7071067811865475, -0.7071067811865476, 0.0], [0.0, 0.0, 0.9988004799360002]]
3	[[0.5319609947059123, -0.8460851799387872, 0.03402011756955908], [-0.703274286200726, -0.4190807785627857, 0.5742617690636116], [-0.47161719485230363, -0.3294103357928521, -0.8179645788128509]]	0.5338895293375774	0.46611047066242267	[[0.28400840508948894, -0.45171601849701853, 0.018162984557220957], [-0.3754707776549263, -0.22374283962131108, 0.30659234560193616], [-0.25179148218720493, -0.17586872913537913, -0.43670272399720267]]	0.7340389669216826	0.47043284987461875	[[0.5283225583831684, -0.6366253723358374, 0.11482763164990503], [-0.42994718278818045, -0.2450927531441784, 0.277159598398367], [-0.29277343112867427, -0.06980506139681984, -0.5377457431826687]]	[[0.13784245938660983, -0.015565880925824055, 0.0898555396945917], [0.08628354771718424, 0.06252886860878325, -0.14437091730770424], [0.053411967363212624, 0.17199496118188984, 0.06267213122764564]]	0.6436862665912475	[[0.7065412088986834, -0.7065412088986833, 0.0], [-0.7071067811865475, -0.7071067811865476, 0.0], [0.0, 0.0, -0.9992001600000001]]
3	[[-0.30792515101507295, 0.09349718223056193, 0.9468053539599837], [0.3027085282091916, -0.9338174967034747, 0.1906631317268273], [0.9019698710720718, 0.34531602882779927, 0.2592434992682147]]	0.7500339008068986	0.24996609919310153	[[-0.23095430217238855, 0.07012605630284183, 0.7101361129354631], [0.22704165822025502, -0.7003947796942402, 0.14300381242913182], [0.6765079808104814, 0.2589987281128617, 0.19444141301496948]]	0.866252587897082	0.24043915317865047	[[-0.2687733371079082, 0.08523231190638791, 0.7659054165200591], [0.24303368621679106, -0.8493442572115069, 0.12068145127258169], [0.7006365926946553, 0.2781095711298577, 0.1835410252015203]]	[[-0.0020323781625014624, 0.004240135838078581, -0.054267171582589355], [-0.01918835972293801, -0.04042243406854702, -0.04448098000234472], [-0.08069714232672429, -0.021021332484566852, -0.04102932693506597]]	0.46632656380763293	[[0.0, 0.0, 0.9996], [0.0, -1.0, 0.0], [0.9996, 0.0, 0.0]]
3	[[0.8787972042104137, -0.3840163418041313, 0.28327887866788265], [-0.395223040501579, -0.9183905790867732, -0.018907472103605397], [0.2674214316928388, -0.09534250611366366, -0.9588511794847616]]	0.7242668672071374	0.27573313279286266	[[0.6364836980038673, -0.2781303128348234, 0.2051695059987381], [-0.2862469533921583, -0.665159867587726, -0.01369405558728463], [0.19368448255621984, -0.06905341821462053, -0.694464139883297]]	0.8549964178235946	0.2706849282472809	[[0.6351370987178747, -0.27835494854641707, 0.24896085037845098], [-0.3439946996119827, -0.850816627764845, -0.01616582091868216], [0.22188594227430766, -0.08151750119350659, -0.7437447470984936]]	[[-0.11623136287541909, 0.04997764808183622, 0.00675842387232658], [-0.0060804157417831805, -0.06559597248271734, 0.0], [-0.00675842387232658, 0.0, 0.07606957658690636]]	0.4684704967943356	[[0.7065412088986834, -0.7065412088986833, 0.0], [-0.7071067811865475, -0.7071067811865476, 0.0], [0.0, 0.0, -0.9992001600000001]]
3	[[-0.42203838922340475, -0.825029846081567, 0.3757783270710803], [0.2588054115689476, 0.28760896992378115, 0.9221175843470338], [-0.8688517462515349, 0.4864224845687207, 0.09214016247897017]]	0.47535735280242564	0.5246426471975745	[[-0.20061905148223744, -0.3921840036163263, 0.17862899079703282], [0.12302505533435722, 0.136717038585201, 0.4383353738677734], [-0.4130150660758945, 0.23122450460816582, 0.04379950372278864]]	0.6756000729073625	0.5841431858677907	[[-0.13716609807933244, -0.409427155713751, 0.3844857047564715], [0.12183582727707298, 0.10196851670469134, 0.6616219212707659], [-0.5459850987883612, 0.1921788401655453, -0.03303233762586653]]	[[0.14796306844970566, 0.14796306844970564, 0.13060983959024303], [-0.053013127647727906, -0.09234012434462659, 0.03863921405674885], [0.04101120432486477, -0.13644822587286276, -0.095282238114355]]	0.6533272945034421	[[0.0, -0.7062585924151239, 0.706258592415124], [0.0, 0.7071067811865476, 0.7071067811865475], [-0.9988004799360002, 0.0, 0.0]]
3	[[0.3802729664721569, 0.7767473726770865, -0.5020517802076895], [0.4287143634067757, 0.332951791095048, 0.839849450446521], [0.8195098935212374, -0.5346088512602871, -0.20639019011321075]]	0.562275103467913	0.4377248965320873	[[0.21381802156918217, 0.4367457093404384, -0.28229121666252843], [0.24105541304272524, 0.18721050278779505, 0.4722264366472875], [0.46079001017263205, -0.30059724715724, -0.11604806550066778]]	0.7297121267922099	0.4352414790234494	[[0.23678770281774483, 0.49599913797885614, -0.3256752538400742], [0.33239568362018035, 0.22433221383449525, 0.49032253188649033], [0.624535830365071, -0.32577291071652364, -0.04841118994335365]]	[[-0.040702092308235516, -0.07080283931760196, 0.040678018455094], [0.019557613712253664, -0.018626745764747793, -0.12252579678410938], [0.026529523036431413, 0.06433765113856064, 0.10219423463320591]]	0.6687517702920384	[[0.0, 0.7062585924151239, -0.706258592415124], [0.0, 0.7071067811865476, 0.7071067811865475], [0.9988004799360002, 0.0, 0.0]]
