3	[[-0.30792515101507295, 0.09349718223056193, 0.9468053539599837], [0.3027085282091916, -0.9338174967034747, 0.1906631317268273], [0.9019698710720718, 0.34531602882779927, 0.2592434992682147]]	0.7342510116908344	0.2657489883091657	[[-0.22609435365787037, 0.06865040064303242, 0.6951927890194165], [0.22226404308504244, -0.6856564416891289, 0.13999459736256578], [0.6622722903493201, 0.25354864351987294, 0.1903498016119588]]	0.8590560343068869	0.250255767508818	[[-0.26419303514889925, 0.08230954645168385, 0.7552756818101416], [0.2430803312841448, -0.8497113597343999, 0.11974854231567794], [0.6908897865508565, 0.27184457846524923, 0.1818834886972154]]	[[0.0003319239454585656, 0.0019902278658289873, -0.05808317082325036], [-0.01696325651011771, -0.04750980424992848, -0.04404177151410192], [-0.08395287395661179, -0.024801239842162693, -0.04082120370397745]]	0.4676773129416417	[[0.0, 0.0, 0.9905999999999999], [0.0, -1.0, 0.0], [0.9905999999999999, 0.0, 0.0]]
3	[[-0.3195682178843842, -0.5708200961323295, -0.7563336379995778], [0.910087742671785, 0.03735879733279218, -0.41272826520656647], [0.2638493031197415, -0.8202248094963509, 0.507557688474819]]	0.48125094488731807	0.5187490551126819	[[-0.1537925068128162, -0.27470771062435334, -0.3639862779373595], [0.4379805860911629, 0.01797895651626008, -0.1986258676123637], [0.126977726434236, -0.3947339645901393, 0.24426261716332962]]	0.6790596324672424	0.5469068095611489	[[-0.25436154218118096, -0.2772655274164194, -0.48911077799071434], [0.5857419314189519, -0.027867605647153848, -0.07509851890548794], [0.29836724649474233, -0.47047334225627374, 0.30962494252188427]]	[[-0.037355665596399384, 0.1103553572681163, 0.024484864251891485], [-0.0322619166326928, -0.05323645683337792, 0.20516858517452563], [0.11919783569151254, 0.08650821542083216, -0.0350369948697494]]	0.9026408911906558	[[0.0, 0.0, -0.9720642494159998], [0.7071067811865475, 0.7071067811865476, 0.0], [0.687353222511065, -0.6873532225110649, 0.0]]
3	[[0.22433838825039393, -0.7661379269479729, -0.6022499185961573], [-0.9416906372873723, -0.011392912655017143, -0.3362869982418849], [0.2507808429735371, 0.642575192824231, -0.724020780340167]]	0.5225146303078645	0.4774853696921355	[[0.11722009000051675, -0.40031827566405376, -0.31468439356821265], [-0.49204713520658866, -0.005952963544066048, -0.17571487656369994], [0.1310366594546123, 0.33575493932355777, -0.37831145037465397]]	0.7193777212708207	0.5059320353164094	[[0.2724739974976376, -0.4059162760418673, -0.40391176782909227], [-0.6819386677906686, 0.027718060139904296, -0.038296186957826425], [0.3343302677476221, 0.3491581117790001, -0.4815523469687472]]	[[0.11108995896450054, 0.14522628002511606, 0.02933340624614863], [-0.00450740299681161, 0.03591386768430807, 0.2036211875304252], [0.15392411639094347, -0.11309616618005339, 0.03929207214508358]]	0.7476528677614235	[[-1.9409543372846262e-16, -0.9720642494159998, 0.0], [-1.0, 1.7938038903913487e-16, 0.0], [0.0, 0.0, -0.9720642494159998]]
3	[[0.8489524140446696, -0.5135124485683378, 0.12483895166604869], [0.522794976890395, 0.7815435453534784, -0.34040431673891397], [0.0772347773085365, 0.35425224329800037, 0.9319550081910795]]	0.7655390488844886	0.23446095111551138	[[0.649906223595947, -0.3931138314673501, 0.09556909232216358], [0.40021996937026116, 0.5983021023717133, -0.26059279687248244], [0.05912623796158233, 0.2711939253995477, 0.7134479505737349]]	0.8887457198176166	0.19392217992639454	[[0.7656383448778435, -0.4434267837506761, 0.056732808754634025], [0.4661745610714073, 0.6254805580155162, -0.27474290879787433], [0.039229779573250335, 0.28457078860435786, 0.8157083717761615]]	[[0.011135520566810548, 0.012955206987498004, -0.05421727520508508], [0.0015427630179190212, -0.06911292276847308, 0.027789970711275737], [-0.02941229818077827, -0.03026937636252896, -0.012562652816252316]]	0.42990304996516987	[[0.7004599774433939, -0.7004599774433938, 0.0], [0.7071067811865475, 0.7071067811865476, 0.0], [0.0, 0.0, 0.9905999999999999]]
3	[[0.034229894132735264, 0.2773841392786001, 0.9601491309293217], [-0.1827544195208179, -0.9427759796974285, 0.2788803941677556], [0.9825625356654255, -0.18501754344446375, 0.018422055382213542]]	0.8675080267498572	0.13249197325014295	[[0.029694707914945682, 0.24063296731728592, 0.832937077958086], [-0.15854092585832028, -0.8178657298144797, 0.24193098044369205], [0.8523808864734495, -0.16050420402761273, 0.015981280913300658]]	0.9309545884064341	0.12298781292503293	[[0.011257938645854835, 0.24249711003445926, 0.882688866637689], [-0.16356893979008916, -0.8278544331846488, 0.2520272223179359], [0.9166939950383141, -0.16506465873090875, 0.0]]	[[-0.020608538357681533, -0.01573492717812292, -0.011166372355413333], [0.006567125614370675, 0.049827190954043366, -0.0075977602491311205], [0.001972894064325611, 0.007178272274401515, -0.017150096985949142]]	0.34233031670932934	[[0.0, 0.0, 0.9905999999999999], [0.0, -1.0, 0.0], [0.9905999999999999, 0.0, 0.0]]
3	[[-0.5446221603179724, 0.8109226453022452, -0.2139887049042392], [-0.8354447797583356, -0.5021691245819775, 0.22328947644507607], [0.07361197229480154, 0.30038414347728, 0.9509735242804028]]	0.6326114714887051	0.36738852851129494	[[-0.3445342262441099, 0.5129989679081666, -0.13537170949143307], [-0.5285119514704778, -0.31767794883799966, 0.14125548426186213], [0.0465677781126002, 0.19002645501703644, 0.6015967605418254]]	0.7932034201289846	0.3059286220621235	[[-0.467350930409506, 0.5976159786847773, -0.12371313173561654], [-0.6663108217691709, -0.42883890175871303, 0.04667384731416547], [0.09177041020396157, 0.1649297920872614, 0.745829094091278]]	[[-0.03535477016725411, -0.04561063702900695, 0.046023440863398005], [-0.0036331651359528313, -0.030516634657110357, -0.13044012908087924], [0.033381142017284926, -0.0733359378714327, -0.008486357820051518]]	0.3854118549734977	[[-0.693875653655426, 0.6938756536554259, 0.0], [-0.7071067811865475, -0.7071067811865476, 0.0], [0.0, 0.0, 0.9812883599999999]]
3	[[0.04673222253661188, -0.9725397674033924, -0.22799671093185395], [-0.8377629715199755, -0.16246744520517667, 0.5213036857710898], [-0.5440306084466285, 0.16664552219444034, -0.8223502702654952]]	0.5664977351556718	0.43350226484432824	[[0.026473698225781467, -0.5509415755828455, -0.1291596203658377], [-0.4745908259633517, -0.09203743974526077, 0.29531735731762637], [-0.3081921075403772, 0.0944043108969847, -0.4658595656100577]]	0.7579825378606933	0.36766383059819424	[[-0.010164945266583831, -0.8306032785269737, -0.17473988937709906], [-0.6489610872784901, -0.15880671671883495, 0.23617760483083391], [-0.27676274898744146, 0.029818912225548236, -0.6233271448662671]]	[[-0.045587153904755456, -0.09343511746010177, -0.0019223638010815308], [-0.013951384000063488, -0.03565923028247215, -0.15896148590607], [0.13560295227683108, -0.09649548361051415, 0.0]]	0.6139666040312903	[[1.9409543372846262e-16, -0.9720642494159998, 0.0], [-1.0, -1.7938038903913487e-16, 0.0], [0.0, 0.0, -0.9720642494159998]]
3	[[0.8787972042104137, -0.3840163418041313, 0.28327887866788265], [-0.395223040501579, -0.9183905790867732, -0.018907472103605397], [0.2674214316928388, -0.09534250611366366, -0.9588511794847616]]	0.7059134131364583	0.2940865868635418	[[0.6203547338789503, -0.27108228654313116, 0.19997036010991373], [-0.27899324547063836, -0.6483042282755125, -0.013347038166438459], [0.18877637559213012, -0.06730355390767996, -0.6768659088000069]]	0.848595489676528	0.2815706138572476	[[0.6254576016755581, -0.27336531737767666, 0.24715652637016677], [-0.34498316777145677, -0.8504573211970186, -0.016044795548304316], [0.22016527316540552, -0.08090722066251177, -0.7321676087282534]]	[[-0.12028574215774165, 0.052509218239389026, 0.0067673476119771555], [-0.009598678185573147, -0.07111521802256836, 0.0], [-0.0067673476119771555, 0.0, 0.08150917745353425]]	0.4717069222932172	[[0.693875653655426, -0.6938756536554259, 0.0], [-0.7071067811865475, -0.7071067811865476, 0.0], [0.0, 0.0, -0.9812883599999999]]
3	[[0.8592155572171323, 0.2624339665249735, -0.4391776855101157], [-0.4266000482917053, 0.8413623931712975, -0.33184593135155627], [0.2824199444684594, 0.4724804086637203, 0.8348660002631537]]	0.6179134328229223	0.3820865671770778	[[0.5309208344948981, 0.16216147314478224, -0.2713737912727814], [-0.2636019002823521, 0.5198891246125857, -0.20505205860975995], [0.17451107738416483, 0.29195199125897653, 0.5158749161697481]]	0.8138257742819389	0.33613779391128046	[[0.5935824411720456, 0.21905382610762614, -0.2949716829496059], [-0.32517415518872583, 0.7524590297934697, -0.2724426123268741], [0.25308011092947347, 0.3659669247805902, 0.5746206152315797]]	[[-0.10566932495527462, 0.0054783001025591645, 0.062442437008013794], [0.02200395942098378, 0.06773662871913354, -0.002377840302382691], [0.023239480949767344, -0.018549809633208913, -0.10481485385424688]]	0.6296151413825468	[[0.9720642494159998, 0.0, 0.0], [0.0, 0.7071067811865476, -0.7071067811865475], [0.0, 0.6873532225110649, 0.687353222511065]]
3	[[0.5319609947059123, -0.8460851799387872, 0.03402011756955908], [-0.703274286200726, -0.4190807785627857, 0.5742617690636116], [-0.47161719485230363, -0.3294103357928521, -0.8179645788128509]]	0.5258850086223974	0.47411499137760266	[[0.27975031228769776, -0.44494351214739175, 0.017890669821402555], [-0.3698414040625791, -0.2203882988479715, 0.3019956553755306], [-0.24801641258137455, -0.17323195727873086, -0.43015530958181175]]	0.7270124317164149	0.47850216286556524	[[0.5112959126411141, -0.624500056854763, 0.11159460584308348], [-0.4248154480442729, -0.24132313642279654, 0.2822913331422745], [-0.2936382567174897, -0.06677171032685379, -0.5227664830624312]]	[[0.12455365630168583, -0.009385612748244693, 0.08686155744155998], [0.0864737009301429, 0.06335379948574273, -0.13520411202643207], [0.04923330695135788, 0.17271369893042848, 0.07190393443819278]]	0.6497882177614354	[[0.693875653655426, -0.6938756536554259, 0.0], [-0.7071067811865475, -0.7071067811865476, 0.0], [0.0, 0.0, -0.9812883599999999]]
3	[[0.3802729664721569, 0.7767473726770865, -0.5020517802076895], [0.4287143634067757, 0.332951791095048, 0.839849450446521], [0.8195098935212374, -0.5346088512602871, -0.20639019011321075]]	0.5563546723992666	0.4436453276007337	[[0.21156664168391415, 0.43214703006275146, -0.2793188537049177], [0.23851723920603687, 0.1852392846594344, 0.46725416586787827], [0.4559381583379658, -0.2974321323046652, -0.1148261466068577]]	0.7211998260759436	0.43967883265210916	[[0.22821704572027868, 0.48659561892777947, -0.31785693671118515], [0.334311115940618, 0.22054689860174254, 0.4889302712053022], [0.6101903838443585, -0.31459884404290933, -0.0532274952805976]]	[[-0.046035751560824026, -0.07359445115188136, 0.04422271985571831], [0.02512239161539255, -0.01957787522767998, -0.11676900638670566], [0.0191599911693272, 0.07096096650466965, 0.09562107393283091]]	0.6737713907592021	[[0.0, 0.6873532225110649, -0.687353222511065], [0.0, 0.7071067811865476, 0.7071067811865475], [0.9720642494159998, 0.0, 0.0]]
3	[[-0.42203838922340475, -0.825029846081567, 0.3757783270710803], [0.2588054115689476, 0.28760896992378115, 0.9221175843470338], [-0.8688517462515349, 0.4864224845687207, 0.09214016247897017]]	0.4674400335513107	0.5325599664486894	[[-0.19727763881852944, -0.3856519789332004, 0.17565383381396116], [0.12097601026704966, 0.13443994655083014, 0.4310346745654311], [-0.4061360894189324, 0.22737334250691477, 0.043070000640593034]]	0.6671145369488046	0.5897717769886829	[[-0.13136440402782387, -0.4002058631640809, 0.3722778171457952], [0.12554242534453933, 0.09982049956538146, 0.6570805446785634], [-0.5334098123357056, 0.18972134477526356, -0.03256674709216867]]	[[0.15018354057356714, 0.15018354057356711, 0.12159063248637508], [-0.04711042695412397, -0.0920476252276445, 0.04192249938454155], [0.04621381804204742, -0.13477816577928567, -0.09403478891871447]]	0.6570146709642964	[[0.0, -0.6873532225110649, 0.687353222511065], [0.0, 0.7071067811865476, 0.7071067811865475], [-0.9720642494159998, 0.0, 0.0]]
3	[[0.08740825448676931, -0.06334395238859675, -0.994156597696443], [0.7119981850616444, -0.6940087028176986, 0.10681996481098455], [-0.6967197295301035, -0.717174639895393, -0.015561310176609944]]	0.8314294507721964	0.1685705492278036	[[0.07267379702089098, -0.052666027544191155, -0.8265710740043091], [0.5919762599566035, -0.5770192746148435, 0.08881326467430224], [-0.5792733020653673, -0.5962801169559745, -0.0129381315734346]]	0.9195869148486837	0.12291048161452238	[[0.0640440020779364, -0.02771360007484586, -0.8967878289210374], [0.6321889534985057, -0.637033055585679, 0.06549785312400916], [-0.6537212296596425, -0.6504828019321148, 0.022757891019224305]]	[[-0.01633548499786039, 0.030536669676505736, 0.017425569631098776], [-0.022555260880193887, 0.0011682663165854068, -0.032732388760769074], [-0.013026883066845216, 0.009021612577005287, 0.03706786823553647]]	0.12282431689475844	[[0.0, 0.0, -0.9720642494159998], [0.7071067811865475, -0.7071067811865476, 0.0], [-0.687353222511065, -0.6873532225110649, 0.0]]
3	[[-0.8305561570912853, 0.32773595720904825, 0.4502950280316503], [-0.5100865793185324, -0.772219296347621, -0.37879947194723407], [0.22358030216652452, -0.5443036842615101, 0.808545204538665]]	0.5400963384944206	0.45990366150557926	[[-0.44858033935899994, 0.1770089904815711, 0.24320269588213675], [-0.27549589380508316, -0.417072814472088, -0.20458820782232112], [0.12075490255961609, -0.2939764268986649, 0.43669230447855545]]	0.7649899701242857	0.433554966188737	[[-0.547736104311725, 0.15649930223130717, 0.25283792482844825], [-0.5523749076404462, -0.6021667089010888, -0.29382478989253885], [0.23729143455524332, -0.34413307092520606, 0.49425397927201675]]	[[0.0876310254880788, -0.09421541788269687, -0.09163325521259827], [-0.162163790566763, -0.0114266924587252, -0.004046993164529109], [0.06625474588049496, 0.07225378823654527, -0.12427499259215113]]	0.6808926009921987	[[-0.687353222511065, 0.6873532225110649, 0.0], [-0.7071067811865475, -0.7071067811865476, 0.0], [0.0, 0.0, 0.9720642494159998]]
