3	[[0.22433838825039393, -0.7661379269479729, -0.6022499185961573], [-0.9416906372873723, -0.011392912655017143, -0.3362869982418849], [0.2507808429735371, 0.642575192824231, -0.724020780340167]]	0.4078714429276329	0.5921285570723672	[[0.09150122211974772, -0.3124857817458551, -0.24564054330086413], [-0.38408871902184283, -0.004646843723750366, -0.13716186321071994], [0.10228634428222473, 0.26208807108672105, -0.2953074003869346]]	0.6285576334203827	0.5802096013671101	[[0.2505162260227801, -0.3826700881494396, -0.24323579948190494], [-0.6897089787309627, -0.047757575674618635, -0.040761355504707344], [0.22360476254487474, 0.22360476254487474, -0.4562042362750943]]	[[0.10950661961876947, 0.09889175408657638, 0.1353129840785138], [-0.09780214034347984, -0.04059647345841596, 0.17061440426025626], [0.06597454937825963, -0.18029077995137, -0.001115448037300109]]	0.7341049599438055	[[1.4809963331737455e-16, -0.741709148608, 0.0], [-1.0, -1.7938038903913487e-16, 0.0], [0.0, 0.0, -0.741709148608]]
3	[[0.8592155572171323, 0.2624339665249735, -0.4391776855101157], [-0.4266000482917053, 0.8413623931712975, -0.33184593135155627], [0.2824199444684594, 0.4724804086637203, 0.8348660002631537]]	0.4815921948230886	0.5184078051769114	[[0.41379150602634185, 0.12638614993489097, -0.2115045454821408], [-0.2054472535684379, 0.4051935615689715, -0.15981441042270797], [0.13601124091838018, 0.22754287701927092, 0.40206494944990545]]	0.7286286768398803	0.4751539159920876	[[0.44353783673080993, 0.1758006135277489, -0.28152358911324327], [-0.3492926722155568, 0.7495915966357463, -0.25524669131861744], [0.23387874610181475, 0.3043436322782685, 0.4379384180273942]]	[[-0.18251125784454958, -0.015416300259184003, 0.0384738667775934], [-0.03845964348894253, 0.1365508293565087, -0.013454229443235224], [0.028099475650568674, -0.039919142719143985, -0.17036889108295056]]	0.6900800328382456	[[0.6400730583300629, 0.6400730583300628, 0.0], [-0.7071067811865475, 0.7071067811865476, 0.0], [0.0, 0.0, 0.9052]]
3	[[0.8489524140446696, -0.5135124485683378, 0.12483895166604869], [0.522794976890395, 0.7815435453534784, -0.34040431673891397], [0.0772347773085365, 0.35425224329800037, 0.9319550081910795]]	0.6446659345365091	0.35533406546349094	[[0.5472907013771323, -0.33104398255243855, 0.08047941944235139], [0.3370281123480391, 0.503834500046277, -0.21944706697075383], [0.049790629892326854, 0.2283743534873602, 0.6007996463014822]]	0.8111968311620193	0.2847629036907932	[[0.637030291324704, -0.3938850002896812, 0.05203706327234536], [0.47655128589173307, 0.6245461674743383, -0.26475322121225753], [0.024440202192127777, 0.22396674737678662, 0.7045269913373111]]	[[-0.051637216755678554, 0.02267467075120384, -0.049231898724741846], [0.05246165729082349, -0.009439479931533198, 0.011381681840221765], [-0.03821240441606129, -0.06340154981858792, -0.05147195809286613]]	0.4603071107352646	[[0.6400730583300629, -0.6400730583300628, 0.0], [0.7071067811865475, 0.7071067811865476, 0.0], [0.0, 0.0, 0.9052]]
3	[[0.3802729664721569, 0.7767473726770865, -0.5020517802076895], [0.4287143634067757, 0.332951791095048, 0.839849450446521], [0.8195098935212374, -0.5346088512602871, -0.20639019011321075]]	0.4751725168487108	0.5248274831512894	[[0.1806952625681002, 0.36908900403059475, -0.23856120798966357], [0.2037132830691905, 0.15820954056392011, 0.39907337714268], [0.38940857868690537, -0.2540314333829487, -0.09807094608897828]]	0.6330866055313963	0.5421704691996424	[[0.11268667100562141, 0.3919917218888478, -0.23014509709454373], [0.3023339666935386, 0.1415192308020375, 0.46395836631091736], [0.5425791150864226, -0.26172670333387293, -0.09235760572473967]]	[[-0.12805905051359084, -0.09975663563471926, 0.08769716023813698], [0.030920645621789637, -0.06926808842792495, -0.06773907142967926], [0.023758378397666452, 0.07672699959754137, 0.038305259149012456]]	0.7390652486498758	[[0.0, 0.5244675686488175, -0.5244675686488175], [0.0, 0.7071067811865476, 0.7071067811865475], [0.741709148608, 0.0, 0.0]]
3	[[-0.30792515101507295, 0.09349718223056193, 0.9468053539599837], [0.3027085282091916, -0.9338174967034747, 0.1906631317268273], [0.9019698710720718, 0.34531602882779927, 0.2592434992682147]]	0.5745402097974085	0.42545979020259167	[[-0.1769153808660987, 0.05371789069421356, 0.5439777467014787], [0.17391822130477366, -0.5365157004685052, 0.10954363570296226], [0.5182179589566898, 0.19839794364913177, 0.14894581445817442]]	0.7872612391624952	0.31790696171369487	[[-0.17371458707655768, 0.06741364072240708, 0.7090286969644838], [0.26113920244902633, -0.8385907112930379, 0.12853729144031617], [0.6512457701175365, 0.23483761066608783, 0.10630094635415062]]	[[0.06870294888086712, -0.006193066818626743, -0.03635445923973808], [0.022828511426002993, -0.10343239168664099, -0.02156440190554799], [-0.05884014826989904, -0.03701631409155742, -0.09779141212456555]]	0.48644742475532404	[[0.0, 0.0, 0.9052], [0.0, -1.0, 0.0], [0.9052, 0.0, 0.0]]
3	[[0.034229894132735264, 0.2773841392786001, 0.9601491309293217], [-0.1827544195208179, -0.9427759796974285, 0.2788803941677556], [0.9825625356654255, -0.18501754344446375, 0.018422055382213542]]	0.7324552249742463	0.2675447750257537	[[0.025071864807837234, 0.20317146213959475, 0.7032662477036635], [-0.1338594294651584, -0.6905411923095957, 0.20426740185104994], [0.7196830631120852, -0.1355170664077971, 0.013493330719467244]]	0.8594091327499684	0.21614268824572141	[[0.009241915800475392, 0.20642650725332465, 0.7658162115987475], [-0.16914191515941984, -0.8229600132016461, 0.2582704220515199], [0.7943148103433512, -0.1414529305223408, 0.0]]	[[-0.020175567830261858, -0.03195995532269349, -0.059344720323856744], [-0.012081097972809842, -0.012729726112377104, 0.01859806435883972], [-0.05010840630548191, 0.01755283603279542, -0.015832082639500034]]	0.381041396582572	[[0.0, 0.0, 0.9052], [0.0, -1.0, 0.0], [0.9052, 0.0, 0.0]]
3	[[0.08740825448676931, -0.06334395238859675, -0.994156597696443], [0.7119981850616444, -0.6940087028176986, 0.10681996481098455], [-0.6967197295301035, -0.717174639895393, -0.015561310176609944]]	0.5905983480634299	0.4094016519365701	[[0.051623170706993834, -0.0374108336405138, -0.5871472443158793], [0.4205049519215674, -0.4098803934257767, 0.06308769475756118], [-0.4114815213236789, -0.42356215759520427, -0.009190484084008473]]	0.8026039459409225	0.31721047891957616	[[0.03516689069380409, -0.027764419310283475, -0.695041858884463], [0.6361474755181546, -0.6400542258028002, 0.07095930566839279], [-0.5111012207957154, -0.49670314933853404, 0.024866746882834963]]	[[-0.03498731926508532, 0.023075686828298202, 0.1028721493099044], [0.06469492268490357, -0.08304010240397444, -0.014774819594173911], [0.04808878334003794, 0.07890404657026857, 0.03735631583459273]]	0.2931289435912573	[[0.0, 0.0, -0.741709148608], [0.7071067811865475, -0.7071067811865476, 0.0], [-0.5244675686488175, -0.5244675686488175, 0.0]]
3	[[-0.8305561570912853, 0.32773595720904825, 0.4502950280316503], [-0.5100865793185324, -0.772219296347621, -0.37879947194723407], [0.22358030216652452, -0.5443036842615101, 0.808545204538665]]	0.4414914654166017	0.5585085345833986	[[-0.3666834549050128, 0.1446926280179354, 0.19880141179550304], [-0.2251988713926805, -0.34092822876748813, -0.16723673396901928], [0.09870879524178555, -0.24030543119626943, 0.35696580720734117]]	0.6714713361274524	0.5430803465912947	[[-0.4212186362255089, 0.09748423875854126, 0.2462474322918944], [-0.5422985520295254, -0.5934012375466958, -0.2675997112878919], [0.19572514285040354, -0.30169006789883585, 0.3793843441634302]]	[[0.13647601630545864, -0.12258106232562792, -0.056112771832066366], [-0.19979003507382864, -0.07487811484475776, -0.013246723735109291], [0.04559737862286778, 0.06379425423133536, -0.16353058464759135]]	0.6895629961170481	[[-0.5793941324003729, 0.5793941324003727, 0.0], [-0.7071067811865475, -0.7071067811865476, 0.0], [0.0, 0.0, 0.81938704]]
3	[[0.5319609947059123, -0.8460851799387872, 0.03402011756955908], [-0.703274286200726, -0.4190807785627857, 0.5742617690636116], [-0.47161719485230363, -0.3294103357928521, -0.8179645788128509]]	0.44782384901993005	0.5521761509800701	[[0.23822482017767227, -0.3788971218789078, 0.015235019994110505], [-0.31494299776315304, -0.18767436730625559, 0.2571681157670607], [-0.2112014274627409, -0.1475178044817027, -0.3663040460459368]]	0.651263405484477	0.5650070756634801	[[0.3862308562660718, -0.5179358147261494, 0.09045470413357182], [-0.4057008881735505, -0.23245178126070518, 0.3014058930129969], [-0.2623504253897291, -0.03804574345185109, -0.43207568478289893]]	[[0.03978412726898944, 0.03308850089073165, 0.06829864651023845], [0.052315918447199114, 0.04048019375918057, -0.07258978234691105], [0.0447965950148184, 0.17648715363838688, 0.10063471238043437]]	0.7103370939166951	[[0.5793941324003729, -0.5793941324003727, 0.0], [-0.7071067811865475, -0.7071067811865476, 0.0], [0.0, 0.0, -0.81938704]]
3	[[0.04673222253661188, -0.9725397674033924, -0.22799671093185395], [-0.8377629715199755, -0.16246744520517667, 0.5213036857710898], [-0.5440306084466285, 0.16664552219444034, -0.8223502702654952]]	0.4900699349495326	0.5099300650504673	[[0.022902057258564423, -0.4766125005472141, -0.11173433329508105], [-0.41056244495592153, -0.07962041030311759, 0.2554752633747895], [-0.2666130448919939, 0.08166796022146026, -0.4030091434547418]]	0.6821855716369898	0.4918678888814612	[[-9.952252813143476e-17, -0.6704532862938632, -0.10015277068754094], [-0.6719971272188093, -0.13502970925396057, 0.23193305559224833], [-0.24328273151151503, 0.0, -0.4984264170964849]]	[[-0.03188004794500557, -0.007000689128075078, 0.05538329589085934], [-0.10048731559615177, -0.024196762274265933, -0.12369279728197224], [0.12784710009966757, -0.11368317081895894, 0.06256907211041492]]	0.6969918610963395	[[1.4809963331737455e-16, -0.741709148608, 0.0], [-1.0, -1.7938038903913487e-16, 0.0], [0.0, 0.0, -0.741709148608]]
3	[[0.8787972042104137, -0.3840163418041313, 0.28327887866788265], [-0.395223040501579, -0.9183905790867732, -0.018907472103605397], [0.2674214316928388, -0.09534250611366366, -0.9588511794847616]]	0.5571039329212482	0.4428960670787519	[[0.4895813787058187, -0.2139370143251119, 0.15781577741939845], [-0.22018031024452347, -0.511639003567064, -0.010533427070517375], [0.14898153134351136, -0.053115685130490156, -0.5341797631771383]]	0.784525764746733	0.37605573107157936	[[0.5439658127318783, -0.2289723826549629, 0.2213997722586063], [-0.3455619877563797, -0.8464387688798629, -0.025167619068564677], [0.1989590766740784, -0.07479865252169204, -0.6302673582992564]]	[[-0.14547323595858738, 0.07229833157416601, -0.0008398066649113302], [-0.03549932966134946, -0.12593769748561734, -0.010334220057056136], [-0.010839926534412153, 0.0, 0.12197609656433298]]	0.5158772048614594	[[0.9052, 0.0, 0.0], [0.0, -1.0, 0.0], [0.0, 0.0, -0.9052]]
3	[[-0.42203838922340475, -0.825029846081567, 0.3757783270710803], [0.2588054115689476, 0.28760896992378115, 0.9221175843470338], [-0.8688517462515349, 0.4864224845687207, 0.09214016247897017]]	0.3920905089927295	0.6079094910072707	[[-0.16547724684507648, -0.3234863722843149, 0.14733911552973628], [0.10147514555214157, 0.11276874740828997, 0.36155355299777464], [-0.3406685234269862, 0.19072163956005783, 0.03612728320505221]]	0.5840516795758249	0.6532474313217733	[[-0.08364247315230003, -0.31901031038501837, 0.2703898467962531], [0.1624237746350829, 0.07959537380510641, 0.6131466331722393], [-0.4237424178207806, 0.16463195761518956, -0.02740628966256309]]	[[0.16284975691910525, 0.16284975691910525, 0.050915883722194966], [0.011268039324926399, -0.08838312813995086, 0.07458230926795165], [0.08371190387981699, -0.11946391148061754, -0.081220906314795]]	0.7151656009472239	[[0.0, -0.5244675686488175, 0.5244675686488175], [0.0, 0.7071067811865476, 0.7071067811865475], [-0.741709148608, 0.0, 0.0]]
3	[[-0.3195682178843842, -0.5708200961323295, -0.7563336379995778], [0.910087742671785, 0.03735879733279218, -0.41272826520656647], [0.2638493031197415, -0.8202248094963509, 0.507557688474819]]	0.3946054949763311	0.6053945050236689	[[-0.12610337479697142, -0.22524874657673477, -0.2984534095900726], [0.35912562416889154, 0.014741986713226948, -0.1628648413825596], [0.1041163848567256, -0.3236652169431744, 0.20028505288964837]]	0.6006866747933921	0.6182471165087912	[[-0.2571034612282414, -0.25710346122824135, -0.3496115506895207], [0.6110670242496998, -0.09557925177176793, -0.056258787086589816], [0.20636286491888536, -0.318446264623853, 0.3218715447303309]]	[[-0.06514309105762041, 0.08578056422273217, 0.10470798735483483], [0.06438944433396086, -0.11802018351588318, 0.19166158213358792], [0.04787210438133406, 0.17425184877555355, 0.016988404574571472]]	0.9398091404893044	[[-1.4809963331737455e-16, -0.741709148608, 0.0], [1.0, -1.7938038903913487e-16, 0.0], [0.0, 0.0, 0.741709148608]]
3	[[-0.5446221603179724, 0.8109226453022452, -0.2139887049042392], [-0.8354447797583356, -0.5021691245819775, 0.22328947644507607], [0.07361197229480154, 0.30038414347728, 0.9509735242804028]]	0.5095339018980394	0.49046609810196057	[[-0.27750345440695595, 0.4131925795983328, -0.10903449977196514], [-0.4256874384506129, -0.2558721934609776, 0.11377355818582997], [0.03750779546978063, 0.15305590469427896, 0.48455325042832353]]	0.7241875941188475	0.3905319534617596	[[-0.4511078522483258, 0.5241811782401081, -0.07507417914493818], [-0.680627631739614, -0.4666292796839996, 0.03952709696923994], [0.09251593068030245, 0.07750006511260969, 0.6817185592943622]]	[[-0.05669924026384408, -0.06307894127781631, 0.07989378622827083], [-0.07560888666727453, -0.10296462951220953, -0.12217637176957674], [0.03920705356578687, -0.14003440506365233, -0.0069646693249841]]	0.4479737866519804	[[-0.5793941324003729, 0.5793941324003727, 0.0], [-0.7071067811865475, -0.7071067811865476, 0.0], [0.0, 0.0, 0.81938704]]
