3	[[-0.42203838922340475, -0.825029846081567, 0.3757783270710803], [0.2588054115689476, 0.28760896992378115, 0.9221175843470338], [-0.8688517462515349, 0.4864224845687207, 0.09214016247897017]]	0.47324149440966	0.5267585055903401	[[-0.19972607801432982, -0.3904383572922126, 0.17783389706988], [0.12247745973219587, 0.13610849873235314, 0.43638430363781605], [-0.411176698816519, 0.2301953035117612, 0.04360454818669672]]	0.6733425378791118	0.5856199640105629	[[-0.13560401756021986, -0.40695530786469564, 0.38120142378053024], [0.12282075620133645, 0.10139569410183515, 0.660412745086908], [-0.5426117979270223, 0.19152754703259456, -0.03290991773494869]]	[[0.14857238252187988, 0.14857238252187985, 0.1281738913505221], [-0.0514439364413468, -0.09226365962344082, 0.039511750619720225], [0.04242304193468447, -0.13600140320837098, -0.09495180857913219]]	0.6542457052071872	[[0.0, -0.701183699853666, 0.7011836998536661], [0.0, 0.7071067811865476, 0.7071067811865475], [-0.9916234980480002, 0.0, 0.0]]
3	[[0.08740825448676931, -0.06334395238859675, -0.994156597696443], [0.7119981850616444, -0.6940087028176986, 0.10681996481098455], [-0.6967197295301035, -0.717174639895393, -0.015561310176609944]]	0.8357998633579036	0.16420013664209657	[[0.07305580715639466, -0.05294286675093871, -0.8309159485110452], [0.5950879857855977, -0.5800523789842282, 0.08928011199291698], [-0.582318254740016, -0.5994144660283232, -0.013006140919280547]]	0.9258821004621021	0.11910911382720012	[[0.07747700301021722, -0.023364897597752187, -0.9032852146827695], [0.627908676340895, -0.6294693874893512, 0.06656622144569624], [-0.6563408117737577, -0.6621851560168812, 0.021073138193092898]]	[[-0.0034527352517187172, 0.03528413409137317, 0.017186584180670175], [-0.031317698769184776, 0.013100848014478384, -0.03233647194478596], [-0.011260485163037938, 0.0018340059676167978, 0.035481076745354806]]	0.11291074182506562	[[0.0, 0.0, -0.9916234980480002], [0.7071067811865475, -0.7071067811865476, 0.0], [-0.7011836998536661, -0.701183699853666, 0.0]]
3	[[0.8592155572171323, 0.2624339665249735, -0.4391776855101157], [-0.4266000482917053, 0.8413623931712975, -0.33184593135155627], [0.2824199444684594, 0.4724804086637203, 0.8348660002631537]]	0.6299593596904242	0.37004064030957595	[[0.5412708822605555, 0.16532273351309051, -0.27666409355427496], [-0.2687406932657467, 0.5300241144697935, -0.20904945043009882], [0.17791308738115585, 0.29764345570806716, 0.5259316509530819]]	0.8203978108776189	0.3254258590781102	[[0.6040986056263804, 0.22272516209168802, -0.29745967796067335], [-0.3261722282918129, 0.7522497706115753, -0.27194973557876717], [0.2552262980208435, 0.3716321467234388, 0.5846526929996569]]	[[-0.10079995658654839, 0.007424910454669401, 0.06284073381812491], [0.02380951744698865, 0.0619979050990882, 0.0002959400506941101], [0.023529593830740683, -0.015989746226840046, -0.10026954599238783]]	0.6241636121361833	[[0.9916234980480002, 0.0, 0.0], [0.0, 0.7071067811865476, -0.7071067811865475], [0.0, 0.701183699853666, 0.7011836998536661]]
3	[[-0.3195682178843842, -0.5708200961323295, -0.7563336379995778], [0.910087742671785, 0.03735879733279218, -0.41272826520656647], [0.2638493031197415, -0.8202248094963509, 0.507557688474819]]	0.4885041685963921	0.5114958314036079	[[-0.15611040658744177, -0.27884799647923625, -0.36947213501246834], [0.4445816560836475, 0.018249928230816774, -0.20161947805096497], [0.1288914844552468, -0.40068323862514904, 0.24794404662309807]]	0.6842600232721592	0.544531078337797	[[-0.2501704613157335, -0.27965601932553996, -0.4984755508979701], [0.5810093132064837, -0.019151128698779198, -0.07895355792264894], [0.3089264887368015, -0.48612859344706083, 0.30498781401705793]]	[[-0.03150270510912237, 0.11093335293818402, 0.0190533218411378], [-0.041727346773818716, -0.04471426023113545, 0.2034598944326741], [0.12838495844374426, 0.0751184537873145, -0.04231362171068498]]	0.8996435137780858	[[0.0, 0.0, -0.9916234980480002], [0.7071067811865475, 0.7071067811865476, 0.0], [0.7011836998536661, -0.701183699853666, 0.0]]
3	[[0.034229894132735264, 0.2773841392786001, 0.9601491309293217], [-0.1827544195208179, -0.9427759796974285, 0.2788803941677556], [0.9825625356654255, -0.18501754344446375, 0.018422055382213542]]	0.8685464113345013	0.1314535886654989	[[0.02973025170934712, 0.24092099873153758, 0.8339340820146026], [-0.15873069523032635, -0.8188446938585701, 0.24222056554595534], [0.8534011642639331, -0.16069632339261414, 0.016000410091627004]]	0.9359139093475526	0.12217940986903873	[[0.01258067352829994, 0.24534409589385406, 0.8917574818695659], [-0.1629593315288979, -0.8281122344005064, 0.2520144433874073], [0.9262744712173322, -0.1672237976773992, 0.0]]	[[-0.019455560506021173, -0.014263578289386628, -0.006859444815150656], [0.008083071695373456, 0.05424491839708274, -0.008993596558523286], [0.006680527284259789, 0.005936694705589497, -0.017241457870984595]]	0.3395617687785078	[[0.0, 0.0, 0.9972000000000001], [0.0, -1.0, 0.0], [0.9972000000000001, 0.0, 0.0]]
3	[[0.8787972042104137, -0.3840163418041313, 0.28327887866788265], [-0.395223040501579, -0.9183905790867732, -0.018907472103605397], [0.2674214316928388, -0.09534250611366366, -0.9588511794847616]]	0.7193145723649503	0.28068542763504956	[[0.6321316351421279, -0.27622855068599134, 0.20376662546901067], [-0.2842896923671688, -0.6606117266598014, -0.013600420210707148], [0.1923601327793571, -0.06858125401335263, -0.6897156261327096]]	0.853296168236361	0.27359260132252206	[[0.6325498377712591, -0.2770196738746699, 0.2484817787762757], [-0.3442567564612642, -0.8507213961617984, -0.016133673497042374], [0.22142868590110262, -0.08135539513684102, -0.7406497285715905]]	[[-0.11732444923831391, 0.05065999912693991, 0.006760997066678422], [-0.00701445040254277, -0.06706223408268214, 0.0], [-0.006760997066678422, 0.0, 0.07753430879167175]]	0.46928964003805046	[[0.7031525269290675, -0.7031525269290674, 0.0], [-0.7071067811865475, -0.7071067811865476, 0.0], [0.0, 0.0, -0.9944078400000002]]
3	[[0.8489524140446696, -0.5135124485683378, 0.12483895166604869], [0.522794976890395, 0.7815435453534784, -0.34040431673891397], [0.0772347773085365, 0.35425224329800037, 0.9319550081910795]]	0.7718437094355817	0.22815629056441833	[[0.6552585803905296, -0.3963513531443342, 0.09635615953597232], [0.40351601423737177, 0.6032294691310647, -0.26273893053964803], [0.0596131770152519, 0.2734273655430048, 0.7193236105492706]]	0.894019504805853	0.19349817295302263	[[0.774914514324288, -0.44203269125150024, 0.05978815562119534], [0.46430360988555275, 0.6250537254331073, -0.2767906598282253], [0.039089127897370166, 0.29517115004970407, 0.8214224935112893]]	[[0.015934497516339047, 0.017057453729206085, -0.05182030212776732], [-0.0030852964689855747, -0.07366144796802009, 0.027537438856473345], [-0.029960269465797974, -0.021537265079936842, -0.011763461413034403]]	0.4278557690593574	[[0.7051268821992253, -0.7051268821992251, 0.0], [0.7071067811865475, 0.7071067811865476, 0.0], [0.0, 0.0, 0.9972000000000001]]
3	[[0.3802729664721569, 0.7767473726770865, -0.5020517802076895], [0.4287143634067757, 0.332951791095048, 0.839849450446521], [0.8195098935212374, -0.5346088512602871, -0.20639019011321075]]	0.5609747618359023	0.43902523816409805	[[0.2133235367993503, 0.4357356723941915, -0.2816383778312994], [0.24049793790774637, 0.18677755171238172, 0.4711343454422506], [0.4597243673402417, -0.2999020730111049, -0.11577968774402499]]	0.7274519392526239	0.4363625560542272	[[0.23447895595321327, 0.4934822351273324, -0.3235781244792411], [0.33290432156727384, 0.2233260034277294, 0.4899528844765787], [0.6206905907801402, -0.32276677452902497, -0.049715854201731496]]	[[-0.04215135095230524, -0.0715641474359947, 0.04164041663807466], [0.0210352265215607, -0.01888042268199771, -0.12099722693099337], [0.024536529501404798, 0.06613547106188843, 0.10042308983884138]]	0.670039779061917	[[0.0, 0.701183699853666, -0.7011836998536661], [0.0, 0.7071067811865476, 0.7071067811865475], [0.9916234980480002, 0.0, 0.0]]
3	[[0.22433838825039393, -0.7661379269479729, -0.6022499185961573], [-0.9416906372873723, -0.011392912655017143, -0.3362869982418849], [0.2507808429735371, 0.642575192824231, -0.724020780340167]]	0.5301773373691678	0.46982266263083217	[[0.11893912935228443, -0.4061889661668102, -0.31929925827210875], [-0.49926303470249384, -0.0060402640963164375, -0.17829174531975253], [0.1329583195909053, 0.3406788047910304, -0.38385940952069686]]	0.7258273435067571	0.5011868428538022	[[0.2676259458757079, -0.4071974976423991, -0.42103326461931656], [-0.6832153278536672, 0.03768978545299888, -0.03814426572569827], [0.34215030951286196, 0.3622863640965646, -0.4802270438576559]]	[[0.10479500948533702, 0.14888635863402194, 0.016096193922493035], [0.00028948581381129865, 0.04595907298019443, 0.20594203286407056], [0.16012671645499432, -0.10411228111438917, 0.04528703578033692]]	0.7518271100792263	[[1.980008966121267e-16, -0.9916234980480002, 0.0], [-1.0, -1.7938038903913487e-16, 0.0], [0.0, 0.0, -0.9916234980480002]]
3	[[0.04673222253661188, -0.9725397674033924, -0.22799671093185395], [-0.8377629715199755, -0.16246744520517667, 0.5213036857710898], [-0.5440306084466285, 0.16664552219444034, -0.8223502702654952]]	0.5726727632502643	0.42732723674973555	[[0.026762271012867767, -0.5569470359696702, -0.13056750646131662], [-0.47976403584909694, -0.09304068078385942, 0.2985364222230775], [-0.31155151183185337, 0.09543335167837343, -0.47093760163254283]]	0.7609068798244971	0.367579806984933	[[-0.007159074648989884, -0.8335408124368864, -0.14204262965019845], [-0.6448688518794738, -0.10980286022915949, 0.24204310771100665], [-0.27608257774228356, 0.0310186635240041, -0.6257319782705499]]	[[-0.04271794428658715, -0.09352861251672873, 0.0314416362752064], [-0.0074092431877101905, 0.013819736574968818, -0.15462045327008328], [0.13787405505986328, -0.09578306080569148, 0.0]]	0.6083976864382855	[[1.980008966121267e-16, -0.9916234980480002, 0.0], [-1.0, -1.7938038903913487e-16, 0.0], [0.0, 0.0, -0.9916234980480002]]
3	[[-0.30792515101507295, 0.09349718223056193, 0.9468053539599837], [0.3027085282091916, -0.9338174967034747, 0.1906631317268273], [0.9019698710720718, 0.34531602882779927, 0.2592434992682147]]	0.7458488498607346	0.2541511501392655	[[-0.2296656197277852, 0.06973476583188412, 0.7061736842930395], [0.2257748076078613, -0.6964867058961168, 0.14220587750929992], [0.6727331909481401, 0.2575535629396904, 0.1933564657630702]]	0.8643443409823622	0.24300891718414155	[[-0.26744951550782836, 0.08439503467061019, 0.7631351389488495], [0.24305932603283215, -0.8494664528257444, 0.12036080514738583], [0.6980754037383613, 0.2764206977376874, 0.18305448083721823]]	[[-0.001296153781810815, 0.0035812743118273176, -0.055230710758264724], [-0.01858507729188235, -0.04232658403978028, -0.044437793794672054], [-0.0815371500593749, -0.022051257630123194, -0.041021170691728316]]	0.46667414152178993	[[0.0, 0.0, 0.9972000000000001], [0.0, -1.0, 0.0], [0.9972000000000001, 0.0, 0.0]]
3	[[-0.8305561570912853, 0.32773595720904825, 0.4502950280316503], [-0.5100865793185324, -0.772219296347621, -0.37879947194723407], [0.22358030216652452, -0.5443036842615101, 0.808545204538665]]	0.5483161929210079	0.4516838070789921	[[-0.45540739006339603, 0.17970293234018764, 0.24690405546157296], [-0.27968873123203736, -0.42342034467346723, -0.2077018843385955], [0.12259270009607728, -0.29845052394714955, 0.44333842835717835]]	0.7715484554971395	0.4245172489047215	[[-0.5571785754053871, 0.16074180560469628, 0.25453212804005193], [-0.551818280599512, -0.6040081980088372, -0.295614598622901], [0.2397571527503697, -0.34715880416970535, 0.502338117701364]]	[[0.08363574480203359, -0.09212236599082146, -0.09289230535580897], [-0.1582617681564792, -0.008203592606742338, -0.0033524510988805563], [0.06725411593420397, 0.0727978627436655, -0.1214936860600616]]	0.6818534328584807	[[-0.7011836998536659, 0.7011836998536662, 0.0], [-0.7071067811865477, -0.7071067811865474, 0.0], [0.0, 0.0, 0.9916234980480002]]
3	[[-0.5446221603179724, 0.8109226453022452, -0.2139887049042392], [-0.8354447797583356, -0.5021691245819775, 0.22328947644507607], [0.07361197229480154, 0.30038414347728, 0.9509735242804028]]	0.642513320691046	0.3574866793089541	[[-0.3499269927478317, 0.5210286016567128, -0.13749059337839908], [-0.5367843996965279, -0.3226503517836819, 0.14346646298609095], [0.04729667276175025, 0.19300081350852277, 0.6110131569746687]]	0.7977787660452756	0.30425849304522284	[[-0.4650800533950068, 0.6031803323726439, -0.1285925020459387], [-0.6634246060948268, -0.42351603056239956, 0.04941593491606356], [0.09290840279520299, 0.17458028052338093, 0.7468207958372798]]	[[-0.030592058375622594, -0.043756534954752124, 0.04212314290019189], [0.0030754993997452896, -0.0228961660073533, -0.12871966807318486], [0.034182334371697196, -0.06505981079949055, -0.011845688904866907]]	0.38181536385718096	[[-0.7031525269290675, 0.7031525269290674, 0.0], [-0.7071067811865475, -0.7071067811865476, 0.0], [0.0, 0.0, 0.9944078400000002]]
3	[[0.5319609947059123, -0.8460851799387872, 0.03402011756955908], [-0.703274286200726, -0.4190807785627857, 0.5742617690636116], [-0.47161719485230363, -0.3294103357928521, -0.8179645788128509]]	0.5317608108231914	0.46823918917680873	[[0.28287600987112727, -0.44991494130973525, 0.01809056530308905], [-0.3739737046611993, -0.22285073460896124, 0.3053699039420264], [-0.25078754193281994, -0.17516750725474675, -0.4349615076541718]]	0.7322004672360238	0.47233457206384566	[[0.5244854895669903, -0.6331837364092594, 0.11335745940075992], [-0.42902884976444516, -0.24493479972475213, 0.27807793142210235], [-0.2921115878293638, -0.06919452646942413, -0.5341509132052576]]	[[0.13498340069198128, -0.013679772336603988, 0.0884479134209043], [0.0859089111868076, 0.061916342148556194, -0.1423968042020597], [0.05320674259803588, 0.17199987531047767, 0.06476313358402912]]	0.6453075850253837	[[0.7031525269290675, -0.7031525269290674, 0.0], [-0.7071067811865475, -0.7071067811865476, 0.0], [0.0, 0.0, -0.9944078400000002]]
