3	[[-0.30792515101507295, 0.09349718223056193, 0.9468053539599837], [0.3027085282091916, -0.9338174967034747, 0.1906631317268273], [0.9019698710720718, 0.34531602882779927, 0.2592434992682147]]	0.5803761377225467	0.4196238622774534	[[-0.17871240985375997, 0.05426353351091463, 0.5495032345063241], [0.17568480645772722, -0.5419653920744996, 0.11065633199770117], [0.5234817901149125, 0.20041318310476577, 0.15045874083496436]]	0.789835435069333	0.3143938614812815	[[-0.17446016560688526, 0.06844953667958012, 0.7130054791041738], [0.2611114331576141, -0.8383180361865765, 0.1292233566718689], [0.6550141424660112, 0.23680573452241274, 0.10601062892730516]]	[[0.06875003001389493, -0.005397850925252466, -0.034814939566783734], [0.0220215110803098, -0.10075588740243219, -0.02136914092727129], [-0.057393623071628735, -0.0359371013432064, -0.09874907310610152]]	0.4856186675182993	[[0.0, 0.0, 0.9081999999999999], [0.0, -1.0, 0.0], [0.9081999999999999, 0.0, 0.0]]
3	[[0.04673222253661188, -0.9725397674033924, -0.22799671093185395], [-0.8377629715199755, -0.16246744520517667, 0.5213036857710898], [-0.5440306084466285, 0.16664552219444034, -0.8223502702654952]]	0.4931586504364989	0.506841349563501	[[0.023046399798053684, -0.4796163991884836, -0.11243855026711365], [-0.41315005642046215, -0.0801222260172508, 0.2570854221424433], [-0.2682934006576867, 0.08218268082669583, -0.4055491494702218]]	0.6856147620990566	0.48702541594834553	[[-1.0056827955711646e-16, -0.677219106558301, -0.10084383540505688], [-0.6723511941156562, -0.134618535682815, 0.23168269248849424], [-0.24544437423621543, 0.0, -0.5036637251317843]]	[[-0.03204030163679931, -0.01043148529815233, 0.05547407531985356], [-0.09796853370158962, -0.023228456889626367, -0.1257308100128128], [0.12755104194852476, -0.11425463005421427, 0.06015175977838805]]	0.6938597761554979	[[1.495770074289731e-16, -0.7491080993679997, 0.0], [-1.0, -1.7938038903913487e-16, 0.0], [0.0, 0.0, -0.7491080993679997]]
3	[[0.8592155572171323, 0.2624339665249735, -0.4391776855101157], [-0.4266000482917053, 0.8413623931712975, -0.33184593135155627], [0.2824199444684594, 0.4724804086637203, 0.8348660002631537]]	0.48588609541953787	0.5141139045804622	[[0.4174808922199549, 0.12751301530028109, -0.21339033080789982], [-0.20727903177024298, 0.40880628805083974, -0.16123932386526768], [0.1372239240863824, 0.22957166092784262, 0.4056497810663906]]	0.7316816291034516	0.4705391787255351	[[0.4478941484516205, 0.17827636993452314, -0.2825204863803258], [-0.35000979082746764, 0.7496035429130767, -0.2545007318419554], [0.23482463842748064, 0.30579652251453593, 0.442769419729938]]	[[-0.18077809020404062, -0.013741742224550171, 0.038817758019599045], [-0.037874372517781564, 0.13399413641112287, -0.011695160179296565], [0.028183153367491953, -0.03990871261599951, -0.168086695425689]]	0.689897354925555	[[0.6421943786736224, 0.6421943786736223, 0.0], [-0.7071067811865475, 0.7071067811865476, 0.0], [0.0, 0.0, 0.9081999999999999]]
3	[[0.8787972042104137, -0.3840163418041313, 0.28327887866788265], [-0.395223040501579, -0.9183905790867732, -0.018907472103605397], [0.2674214316928388, -0.09534250611366366, -0.9588511794847616]]	0.5616271230701942	0.4383728769298059	[[0.4935563455628246, -0.2156739932593947, 0.1590971016527936], [-0.22196797920795674, -0.5157930587872741, -0.010618949162077854], [0.1501911293289615, -0.053546937414919324, -0.5385168293864893]]	0.7868995947685694	0.3729626709912626	[[0.5465601118702508, -0.2304560193058149, 0.22251417284106229], [-0.345549048376962, -0.8465928783806806, -0.024808505201017347], [0.19991374949742569, -0.07502497942506177, -0.6335421799462488]]	[[-0.14496505200667548, 0.07172628444436441, -0.00039786198918928366], [-0.03454819796306746, -0.12391170385802718, -0.00993022306459223], [-0.010520066734099765, 0.0, 0.12097742463367483]]	0.515016728110907	[[0.9081999999999999, 0.0, 0.0], [0.0, -1.0, 0.0], [0.0, 0.0, -0.9081999999999999]]
3	[[0.08740825448676931, -0.06334395238859675, -0.994156597696443], [0.7119981850616444, -0.6940087028176986, 0.10681996481098455], [-0.6967197295301035, -0.717174639895393, -0.015561310176609944]]	0.5990645642797074	0.4009354357202927	[[0.052363187888566254, -0.03794711723742926, -0.5955639890248162], [0.4265328825018965, -0.41575602115980936, 0.06399205567586615], [-0.41738010119602703, -0.42963391316138966, -0.009322229500572224]]	0.8068340110178887	0.31053646554519027	[[0.03556947372027142, -0.02803823120775779, -0.7019248100165225], [0.6361028135035482, -0.6399564831399502, 0.0710039676829992], [-0.516161816465244, -0.5016611856971208, 0.02515141607084062]]	[[-0.03495447884336102, 0.02306982397165989, 0.10019454528279614], [0.06163846201280485, -0.08000665776422476, -0.015182012982237177], [0.04597535746682781, 0.07697970560998901, 0.037706810377328315]]	0.28666958045111884	[[0.0, 0.0, -0.7491080993679997], [0.7071067811865475, -0.7071067811865476, 0.0], [-0.5296994169048788, -0.5296994169048787, 0.0]]
3	[[-0.5446221603179724, 0.8109226453022452, -0.2139887049042392], [-0.8354447797583356, -0.5021691245819775, 0.22328947644507607], [0.07361197229480154, 0.30038414347728, 0.9509735242804028]]	0.5141218457500384	0.4858781542499615	[[-0.28000215029904924, 0.4169130471632941, -0.11001626793502782], [-0.42952041219158993, -0.2581761172087673, 0.11479799776650225], [0.037845523065504066, 0.15443405027858353, 0.48891626356245965]]	0.7271545183406134	0.38709320016746757	[[-0.4551104338703391, 0.526895525914232, -0.0764689164276721], [-0.6807373581082217, -0.4673193964029505, 0.03888888085721551], [0.09331912616606822, 0.07849257293745772, 0.6862764643753329]]	[[-0.05908596920669949, -0.06277053964201823, 0.07913393721730162], [-0.07323991168286917, -0.10216484849201515, -0.12347707083773152], [0.03979184790793923, -0.13993311422992152, -0.005228230627459102]]	0.44539799178928213	[[-0.5832409347113838, 0.5832409347113837, 0.0], [-0.7071067811865475, -0.7071067811865476, 0.0], [0.0, 0.0, 0.8248272399999999]]
3	[[0.22433838825039393, -0.7661379269479729, -0.6022499185961573], [-0.9416906372873723, -0.011392912655017143, -0.3362869982418849], [0.2507808429735371, 0.642575192824231, -0.724020780340167]]	0.4117436399915969	0.5882563600084031	[[0.09236990456806526, -0.3154524187771745, -0.24797257366742473], [-0.38773513074270927, -0.004690959326683106, -0.13846403273796146], [0.10325741712608526, 0.26457624886175113, -0.2981109515268168]]	0.6320683634425677	0.5772819916458664	[[0.25362314569184824, -0.38383671249402285, -0.24722533227631766], [-0.6885364810698059, -0.047984089399809, -0.04070185096402611], [0.22686454187269678, 0.22686454187269672, -0.4584007729548927]]	[[0.11182594777307846, 0.10041483316326393, 0.1334377881541751], [-0.09332362109038764, -0.040782989743108254, 0.1718545216617357], [0.06835390487166564, -0.17928690864450741, -0.000770143226872487]]	0.7335299226655139	[[1.495770074289731e-16, -0.7491080993679997, 0.0], [-1.0, -1.7938038903913487e-16, 0.0], [0.0, 0.0, -0.7491080993679997]]
3	[[0.034229894132735264, 0.2773841392786001, 0.9601491309293217], [-0.1827544195208179, -0.9427759796974285, 0.2788803941677556], [0.9825625356654255, -0.18501754344446375, 0.018422055382213542]]	0.7387959338388197	0.26120406616118036	[[0.02528890660099809, 0.20493027421041057, 0.7093542738094594], [-0.13501822203305408, -0.6965190603213699, 0.20603570123850518], [0.7259132060919766, -0.13669020878561697, 0.01361013960933291]]	0.8621431749457474	0.2120361629513168	[[0.00923582836791403, 0.20768441289842188, 0.7698334536938742], [-0.16894085219752739, -0.8231428406295617, 0.2580301005573648], [0.7985264185430312, -0.1422390733846327, 0.0]]	[[-0.02027524123773916, -0.031460429618823824, -0.05795256646693145], [-0.011380376716482368, -0.01033496423063314, 0.017595272099454502], [-0.048583165538303, 0.017272538941240076, -0.01588244931624798]]	0.37958955617976287	[[0.0, 0.0, 0.9081999999999999], [0.0, -1.0, 0.0], [0.9081999999999999, 0.0, 0.0]]
3	[[0.3802729664721569, 0.7767473726770865, -0.5020517802076895], [0.4287143634067757, 0.332951791095048, 0.839849450446521], [0.8195098935212374, -0.5346088512602871, -0.20639019011321075]]	0.4793973486587035	0.5206026513412967	[[0.18230185189333206, 0.3723706310390092, -0.2406822923209485], [0.20552452914911215, 0.15961620588213254, 0.40262159981653134], [0.3928708701536576, -0.2562900658636568, -0.09894290992943901]]	0.6364531764142805	0.5368900324708109	[[0.1152351077276793, 0.39714626136618686, -0.2309639003939628], [0.3018760220546971, 0.14074729716423706, 0.46602247089426563], [0.5465536104941503, -0.2625960624863458, -0.09288295974311042]]	[[-0.12679082968800615, -0.09721707124559176, 0.08856854984366531], [0.02901940369002845, -0.07116092787103011, -0.06850237955221046], [0.024973935659629815, 0.07765743903745362, 0.038474732335189776]]	0.7364174260773387	[[0.0, 0.5296994169048787, -0.5296994169048788], [0.0, 0.7071067811865476, 0.7071067811865475], [0.7491080993679997, 0.0, 0.0]]
3	[[0.5319609947059123, -0.8460851799387872, 0.03402011756955908], [-0.703274286200726, -0.4190807785627857, 0.5742617690636116], [-0.47161719485230363, -0.3294103357928521, -0.8179645788128509]]	0.4506065115437065	0.5493934884562937	[[0.23970508810175126, -0.38125149140104614, 0.01532968650032579], [-0.3168999727632994, -0.1888405276831973, 0.25876609247067167], [-0.21251377895642504, -0.14843444227805805, -0.368580165425176]]	0.6540976793497209	0.5615168040939063	[[0.3887048099748117, -0.5222878818730302, 0.09119228797125106], [-0.4058580815261139, -0.23320603269107237, 0.3012486996604335], [-0.2652005123490369, -0.038142760183558014, -0.43528333347536147]]	[[0.04075035783310535, 0.031134470857121503, 0.0689398080177978], [0.054151997024112344, 0.040913732026919926, -0.07437459082334022], [0.043283200345280035, 0.17732377601235882, 0.09974539931639619]]	0.7081398738756227	[[0.5832409347113838, -0.5832409347113837, 0.0], [-0.7071067811865475, -0.7071067811865476, 0.0], [0.0, 0.0, -0.8248272399999999]]
3	[[0.8489524140446696, -0.5135124485683378, 0.12483895166604869], [0.522794976890395, 0.7815435453534784, -0.34040431673891397], [0.0772347773085365, 0.35425224329800037, 0.9319550081910795]]	0.6505116024287425	0.3494883975712574	[[0.5522533952459474, -0.3340458057852967, 0.08120918649380568], [0.34008419815866836, 0.508403144055732, -0.22143695755549217], [0.050242118750203166, 0.23044519445175896, 0.606247545769871]]	0.8143212146569943	0.2799386595234127	[[0.6418193273849168, -0.397022841875707, 0.05150080531041005], [0.4765390437652357, 0.6249781413623714, -0.26458653389574055], [0.02510666061080856, 0.22459806022460657, 0.7094656818559218]]	[[-0.04950063360592598, 0.021141238983949012, -0.050158201446792505], [0.05081600316727411, -0.011449347797206827, 0.012611922785576095], [-0.037787257060841364, -0.06387705683278609, -0.049445052419907105]]	0.4591238574983056	[[0.6421943786736224, -0.6421943786736223, 0.0], [0.7071067811865475, 0.7071067811865476, 0.0], [0.0, 0.0, 0.9081999999999999]]
3	[[-0.8305561570912853, 0.32773595720904825, 0.4502950280316503], [-0.5100865793185324, -0.772219296347621, -0.37879947194723407], [0.22358030216652452, -0.5443036842615101, 0.808545204538665]]	0.4447367470054395	0.5552632529945604	[[-0.36937884351011707, 0.145756223485866, 0.20026274595951934], [-0.22685424597725617, -0.34343429783247037, -0.16846604492119113], [0.09943437628003336, -0.2420718499215399, 0.3595897640733736]]	0.6748079822376983	0.5394750214244672	[[-0.4252469258503863, 0.09951214110383255, 0.24647836703282056], [-0.5426515585128323, -0.5938600532165189, -0.2684282295054135], [0.19725090326505376, -0.30312342004578724, 0.38317541183824344]]	[[0.13521899865148085, -0.12164669888714595, -0.05738431224488511], [-0.198441063156364, -0.07276030800316573, -0.012811322167994871], [0.046377130691966466, 0.06417705085526759, -0.16243734618446018]]	0.6887862220675889	[[-0.5832409347113838, 0.5832409347113837, 0.0], [-0.7071067811865475, -0.7071067811865476, 0.0], [0.0, 0.0, 0.8248272399999999]]
3	[[-0.3195682178843842, -0.5708200961323295, -0.7563336379995778], [0.910087742671785, 0.03735879733279218, -0.41272826520656647], [0.2638493031197415, -0.8202248094963509, 0.507557688474819]]	0.39744611325048934	0.6025538867495104	[[-0.127011146116534, -0.22687022857306505, -0.30060186474353484], [0.36171083604181253, 0.014848108795631046, -0.16403724483496707], [0.10486588000879146, -0.32599516252594773, 0.20172683053471951]]	0.6036673186285617	0.6156630768725152	[[-0.2590245897143279, -0.25902458971432785, -0.3527943851036439], [0.6108307600640346, -0.0959973973473193, -0.056397187442249426], [0.2083236869624288, -0.3215844492691239, 0.3240684978675647]]	[[-0.06611170050515364, 0.08556084713717343, 0.10377951413614658], [0.06144053272863763, -0.11854968236039379, 0.19275337773721646], [0.04904648562611989, 0.17355846215216109, 0.017672509016659885]]	0.9408460420567073	[[-1.495770074289731e-16, -0.7491080993679997, 0.0], [1.0, -1.7938038903913487e-16, 0.0], [0.0, 0.0, 0.7491080993679997]]
3	[[-0.42203838922340475, -0.825029846081567, 0.3757783270710803], [0.2588054115689476, 0.28760896992378115, 0.9221175843470338], [-0.8688517462515349, 0.4864224845687207, 0.09214016247897017]]	0.3946901641384062	0.6053098358615939	[[-0.16657440111529417, -0.32563116536901776, 0.14831600959134034], [0.1021479503720557, 0.11351643154689507, 0.3639507407208413], [-0.3429272383399592, 0.19198617027503972, 0.03636681585256415]]	0.5870422819405123	0.650778617792386	[[-0.08510290250925961, -0.32167592694580677, 0.2735633306564098], [0.1610785383029184, 0.08029601218786271, 0.6147120553208048], [-0.4273124795522421, 0.1655588145856937, -0.027605979023454876]]	[[0.162651476566946, 0.16265147656694598, 0.05296556402881462], [0.009148818916929938, -0.0885426138227539, 0.07339004438824913], [0.08274023223525787, -0.11999175074270174, -0.08169615026347912]]	0.7126463104576333	[[0.0, -0.5296994169048787, 0.5296994169048788], [0.0, 0.7071067811865476, 0.7071067811865475], [-0.7491080993679997, 0.0, 0.0]]
