3	[[0.8489524140446696, -0.5135124485683378, 0.12483895166604869], [0.522794976890395, 0.7815435453534784, -0.34040431673891397], [0.0772347773085365, 0.35425224329800037, 0.9319550081910795]]	0.7448444305816391	0.25515556941836093	[[0.6323374774300099, -0.3824868873504669, 0.09298559786810681], [0.3894009268728674, 0.5821283570135671, -0.25354825946892834], [0.05752789372547657, 0.26386281044156745, 0.6941614974037913]]	0.8699890837871612	0.1995880238599277	[[0.731820873650161, -0.4369998403885813, 0.052355119366555486], [0.470987523258644, 0.6265047794876334, -0.2695057001860129], [0.036133842754120515, 0.26082507122224313, 0.7903472101339768]]	[[-0.006758459223459867, 0.009750384254688702, -0.056253405814339935], [0.016161600305239106, -0.053429573474209055, 0.026642339450869496], [-0.031059570393038586, -0.047370513354130755, -0.020443473573036844]]	0.4371918061398372	[[0.6846207855448153, -0.6846207855448152, 0.0], [0.7071067811865475, 0.7071067811865476, 0.0], [0.0, 0.0, 0.9682]]
3	[[-0.30792515101507295, 0.09349718223056193, 0.9468053539599837], [0.3027085282091916, -0.9338174967034747, 0.1906631317268273], [0.9019698710720718, 0.34531602882779927, 0.2592434992682147]]	0.6939651770958682	0.30603482290413203	[[-0.21368933195644707, 0.06488378862459658, 0.6570499451361566], [0.2100691773871213, -0.6480368244750472, 0.13231357397446056], [0.6259356813136675, 0.23963729909952566, 0.17990596088061922]]	0.8405784561442993	0.27137027596882257	[[-0.2474742480217766, 0.07585396627369964, 0.734993808583194], [0.24485779522785217, -0.8496187264817803, 0.11819471482677196], [0.6723700608529706, 0.25846080896099427, 0.17162028174807695]]	[[0.01136100002647369, -0.00273775081950831, -0.06087037411764588], [-0.009592472075943232, -0.06467185678223909, -0.0420726060838017], [-0.08580638086146426, -0.031804405432957615, -0.04629421863224476]]	0.4715859356077131	[[0.0, 0.0, 0.9682], [0.0, -1.0, 0.0], [0.9682, 0.0, 0.0]]
3	[[0.3802729664721569, 0.7767473726770865, -0.5020517802076895], [0.4287143634067757, 0.332951791095048, 0.839849450446521], [0.8195098935212374, -0.5346088512602871, -0.20639019011321075]]	0.5400623626969853	0.45993763730301485	[[0.20537111674274455, 0.4194920213066632, -0.2711392706151924], [0.23153249202359727, 0.17981473096298473, 0.45357107851791284], [0.4425864493486343, -0.28872211933035186, -0.11146357371002058]]	0.6996111440513544	0.4518500490869737	[[0.20625340919317248, 0.4635383146103812, -0.2991444788631435], [0.3367935832706169, 0.21426171193786772, 0.48852193682385414], [0.5778258948934185, -0.2886115574339465, -0.060432964940766457]]	[[-0.05978979593221549, -0.07988280342711897, 0.0520965414609772], [0.03686023701635452, -0.01867507154408632, -0.0990460980339377], [0.004487640725621838, 0.0854067526162433, 0.08395991208531343]]	0.6882422828087763	[[0.0, 0.6417712195073392, -0.6417712195073393], [0.0, 0.7071067811865476, 0.7071067811865475], [0.9076015625679998, 0.0, 0.0]]
3	[[0.034229894132735264, 0.2773841392786001, 0.9601491309293217], [-0.1827544195208179, -0.9427759796974285, 0.2788803941677556], [0.9825625356654255, -0.18501754344446375, 0.018422055382213542]]	0.8522580481122138	0.1477419518877863	[[0.029172702760652678, 0.23640286511886618, 0.8182948242224622], [-0.15575392486469294, -0.8034884162640107, 0.23767806039017622], [0.8373968287944029, -0.15768269044249544, 0.015700344962260426]]	0.9134891870709616	0.1320526276990337	[[0.009058999917256727, 0.23373706639712935, 0.8514219757530537], [-0.1652547074546666, -0.8264239616642304, 0.25379491839854107], [0.8841957888498169, -0.15836644295550692, 0.0]]	[[-0.022209638247580692, -0.019650345498857406, -0.02566387332646295], [0.001689478667030819, 0.03479170161960336, -0.0009593061597913109], [-0.013364463101575312, 0.010645082399442589, -0.016828348395274483]]	0.35196284375786707	[[0.0, 0.0, 0.9682], [0.0, -1.0, 0.0], [0.9682, 0.0, 0.0]]
3	[[-0.8305561570912853, 0.32773595720904825, 0.4502950280316503], [-0.5100865793185324, -0.772219296347621, -0.37879947194723407], [0.22358030216652452, -0.5443036842615101, 0.808545204538665]]	0.512881748496777	0.48711825150322285	[[-0.42597709407374224, 0.16808979077864153, 0.23094810131627797], [-0.2616140966856288, -0.3960571829337186, -0.1942793355019532], [0.11467025630460487, -0.27916342529728094, 0.41468807824247467]]	0.7418429121211002	0.4624225985269089	[[-0.516098682853401, 0.14000787724822045, 0.2500011728464996], [-0.5536296740240614, -0.5952060600227357, -0.2882790725937068], [0.22681566319336088, -0.3340806833019579, 0.4657159572365675]]	[[0.1000435154033081, -0.10312071965453619, -0.08404700206215235], [-0.1752255605885108, -0.022340648424109724, -0.007269369214435703], [0.06095420074123073, 0.06970714690884458, -0.13409757187994636]]	0.6803843815337629	[[-0.6628498445644901, 0.66284984456449, 0.0], [-0.7071067811865475, -0.7071067811865476, 0.0], [0.0, 0.0, 0.9374112399999999]]
3	[[0.5319609947059123, -0.8460851799387872, 0.03402011756955908], [-0.703274286200726, -0.4190807785627857, 0.5742617690636116], [-0.47161719485230363, -0.3294103357928521, -0.8179645788128509]]	0.5057281090751984	0.4942718909248018	[[0.26902762795438256, -0.4278890581669918, 0.01720492972896903], [-0.3556655749215029, -0.21194092969231948, 0.2904203185827185], [-0.23851007216000486, -0.1665920662303452, -0.4136676797335142]]	0.7085778468838214	0.5058123167969607	[[0.4620389611104455, -0.5964824868415445, 0.1102657680210621], [-0.4062921839241167, -0.22155700215737573, 0.30081459726243076], [-0.30493220068560745, -0.05740017161171552, -0.48122125031202045]]	[[0.08510318485555426, 0.003034728239792146, 0.08615986636288944], [0.09203239556075021, 0.07539435358703854, -0.10609457060835738], [0.029245295796225583, 0.1760126948656603, 0.09837032977042134]]	0.6652269799140913	[[0.6628498445644901, -0.66284984456449, 0.0], [-0.7071067811865475, -0.7071067811865476, 0.0], [0.0, 0.0, -0.9374112399999999]]
3	[[0.8787972042104137, -0.3840163418041313, 0.28327887866788265], [-0.395223040501579, -0.9183905790867732, -0.018907472103605397], [0.2674214316928388, -0.09534250611366366, -0.9588511794847616]]	0.662672923112935	0.3373270768870652	[[0.5823551121375896, -0.2544772317464797, 0.18772124258300024], [-0.26190360753076336, -0.6085925696028129, -0.012529469807572453], [0.17721294184293956, -0.06318089722325437, -0.6354047139394526]]	0.8324698078066068	0.30688181616426924	[[0.6035385866950854, -0.26132173721947094, 0.2405936019063947], [-0.3424404193190417, -0.8494587735074759, -0.020998251375490253], [0.21587095026912917, -0.07936975774024184, -0.7036282159332787]]	[[-0.12803355299494112, 0.05836027303681044, 0.004772488226071315], [-0.013429170751949354, -0.0849263446437112, -0.005258351707293087], [-0.006749317575575968, 0.0, 0.0945864411675389]]	0.4815533317079289	[[0.6628498445644901, -0.66284984456449, 0.0], [-0.7071067811865475, -0.7071067811865476, 0.0], [0.0, 0.0, -0.9374112399999999]]
3	[[0.04673222253661188, -0.9725397674033924, -0.22799671093185395], [-0.8377629715199755, -0.16246744520517667, 0.5213036857710898], [-0.5440306084466285, 0.16664552219444034, -0.8223502702654952]]	0.5464687215592777	0.4535312784407222	[[0.025537697905205926, -0.5314625633584892, -0.12459307114265042], [-0.4578112600162226, -0.08878337707627487, 0.28487615870746685], [-0.2972957110869451, 0.09106656546717405, -0.4493887008659117]]	0.7447748863246764	0.38937560634549034	[[-0.019163849733413514, -0.7989736816586854, -0.11251987324849053], [-0.6554140729511511, -0.12785402681200922, 0.2346257956530404], [-0.2788695450004921, 0.009229763826638376, -0.6070177265532184]]	[[-0.05396883546081798, -0.07465048694459689, 0.05728635121818109], [-0.031469251070338336, -0.006852353777863293, -0.15362809765775784], [0.12631078956249023, -0.11488363602224225, 0.005448102502832579]]	0.6340600439049485	[[1.8122394589154076e-16, -0.9076015625679998, 0.0], [-1.0, -1.7938038903913487e-16, 0.0], [0.0, 0.0, -0.9076015625679998]]
3	[[-0.3195682178843842, -0.5708200961323295, -0.7563336379995778], [0.910087742671785, 0.03735879733279218, -0.41272826520656647], [0.2638493031197415, -0.8202248094963509, 0.507557688474819]]	0.4572767989291954	0.5427232010708045	[[-0.14613113171367884, -0.26102278632384723, -0.34585382490691985], [0.4161620097136512, 0.01708331125618375, -0.18873105994125872], [0.12065216473029436, -0.3750697752888005, 0.23209435505766698]]	0.661182612265681	0.5605213465968518	[[-0.2669941440434502, -0.2694627371042899, -0.4584484949462089], [0.602278842052444, -0.05773312566654919, -0.06185860765639655], [0.263510454718711, -0.4200140826411288, 0.32391236367405635]]	[[-0.0557011949455647, 0.10795358519023085, 0.04162615557075782], [0.000544650961736292, -0.08243411287814892, 0.21103014488876382], [0.08905788323752084, 0.12230429954678879, -0.011675954667255177]]	0.9139317653848588	[[0.0, 0.0, -0.9076015625679998], [0.7071067811865475, 0.7071067811865476, 0.0], [0.6417712195073393, -0.6417712195073392, 0.0]]
3	[[-0.5446221603179724, 0.8109226453022452, -0.2139887049042392], [-0.8354447797583356, -0.5021691245819775, 0.22328947644507607], [0.07361197229480154, 0.30038414347728, 0.9509735242804028]]	0.6000721108201056	0.3999278891798944	[[-0.3268125693414116, 0.48661206347834207, -0.1284086538435475], [-0.5013271124632228, -0.30133768657659177, 0.13398978745431306], [0.0441724915965727, 0.1802521470333008, 0.5706526900489762]]	0.7773739147581729	0.3181473846397833	[[-0.4763617644485972, 0.5817999333876127, -0.11140433589138102], [-0.6738932575942918, -0.45672013942379364, 0.043910706041760776], [0.08719235967574164, 0.12777161408302715, 0.739262011401233]]	[[-0.0529867036181618, -0.04859017795704704, 0.05494490135405883], [-0.02444027858927488, -0.06634696117681732, -0.12966870838665084], [0.029968332599861622, -0.10573918346318667, 0.0]]	0.39922403747421203	[[-0.6628498445644901, 0.66284984456449, 0.0], [-0.7071067811865475, -0.7071067811865476, 0.0], [0.0, 0.0, 0.9374112399999999]]
3	[[0.22433838825039393, -0.7661379269479729, -0.6022499185961573], [-0.9416906372873723, -0.011392912655017143, -0.3362869982418849], [0.2507808429735371, 0.642575192824231, -0.724020780340167]]	0.4938238187007057	0.5061761812992944	[[0.11078363956697102, -0.3783371567368902, -0.2974053546133436], [-0.4650292665399513, -0.005626091633424157, -0.16606652965120508], [0.12384155353417411, 0.317318935522804, -0.3575387065662461]]	0.6974197517789966	0.5257829996351923	[[0.2869878756311093, -0.40106490101272474, -0.3494180572742216], [-0.6773864949527995, -0.007236942547959323, -0.03897484587377172], [0.3074624431500348, 0.3074624431500348, -0.48456554031989113]]	[[0.13052985258301938, 0.1332548218278055, 0.07060293146203134], [-0.02063284444323512, 0.0007086997679425299, 0.19555834896658753], [0.13256292989250298, -0.14068218832878138, 0.020380852587783556]]	0.7372382441343331	[[-1.8122394589154076e-16, -0.9076015625679998, 0.0], [-1.0, 1.7938038903913487e-16, 0.0], [0.0, 0.0, -0.9076015625679998]]
3	[[0.08740825448676931, -0.06334395238859675, -0.994156597696443], [0.7119981850616444, -0.6940087028176986, 0.10681996481098455], [-0.6967197295301035, -0.717174639895393, -0.015561310176609944]]	0.7837337365009042	0.21626626349909586	[[0.06850479788993762, -0.0496447924902503, -0.7791540649796594], [0.5580169979602247, -0.5439180338234604, 0.083718410154208], [-0.5460427569185275, -0.5620739602489068, -0.012195923769564052]]	0.8909680365373173	0.17165816840622836	[[0.048515531194702005, -0.03089174136102918, -0.8465213339860826], [0.6354519864969776, -0.6383802797215195, 0.06895837473466582], [-0.6204247354796859, -0.6084322031818996, 0.028002937004932976]]	[[-0.029362429682529008, 0.02554569552515218, 0.039240417874136985], [0.0010843615344708908, -0.020040708432223945, -0.02621479957596242], [0.00033027395656118883, 0.03054747758005626, 0.04186756697893532]]	0.16177557283311852	[[0.0, 0.0, -0.9076015625679998], [0.7071067811865475, -0.7071067811865476, 0.0], [-0.6417712195073393, -0.6417712195073392, 0.0]]
3	[[0.8592155572171323, 0.2624339665249735, -0.4391776855101157], [-0.4266000482917053, 0.8413623931712975, -0.33184593135155627], [0.2824199444684594, 0.4724804086637203, 0.8348660002631537]]	0.5790017317629705	0.42099826823702946	[[0.4974872955864053, 0.15194972109138513, -0.25428464046201027], [-0.24700216673106418, 0.48715028268641847, -0.19213936893104688], [0.16352163693164, 0.27356697484037007, 0.4833888599423906]]	0.7913576357458816	0.3717668537126003	[[0.5579989404780616, 0.2085237578207704, -0.2863467780091902], [-0.3242876835532378, 0.752896076461991, -0.27227395996782816], [0.24540114856409678, 0.3459677654396255, 0.5420133979005142]]	[[-0.12194785147736859, 0.0008446345321534918, 0.061199836868443276], [0.013305522071965024, 0.08707752219645612, -0.009665148301570413], [0.021905969022053547, -0.027933213696744168, -0.11866418623235572]]	0.6492892110184403	[[0.9076015625679998, 0.0, 0.0], [0.0, 0.7071067811865476, -0.7071067811865475], [0.0, 0.6417712195073392, 0.6417712195073393]]
3	[[-0.42203838922340475, -0.825029846081567, 0.3757783270710803], [0.2588054115689476, 0.28760896992378115, 0.9221175843470338], [-0.8688517462515349, 0.4864224845687207, 0.09214016247897017]]	0.44751555576197566	0.5524844442380245	[[-0.188868744306201, -0.36921369008940963, 0.16816664688252], [0.11581944759248447, 0.1287094880175702, 0.4126619632369533], [-0.38882467209851873, 0.21768162851689205, 0.041234156019775065]]	0.6457639736702957	0.6047934660071512	[[-0.11758120754519123, -0.3778185720810997, 0.3431544125540391], [0.13492149707431506, 0.09447887330817868, 0.6456976055984797], [-0.5029814883041229, 0.18343334270628503, -0.031334660449405236]]	[[0.15495597972112557, 0.15495597972112557, 0.10049030684544229], [-0.03220571390782487, -0.09124863797302284, 0.05022729013928496], [0.05809166788564386, -0.1306807738113902, -0.0908354579064517]]	0.6687520652171037	[[0.0, -0.6417712195073392, 0.6417712195073393], [0.0, 0.7071067811865476, 0.7071067811865475], [-0.9076015625679998, 0.0, 0.0]]
