3	[[-0.8305561570912853, 0.32773595720904825, 0.4502950280316503], [-0.5100865793185324, -0.772219296347621, -0.37879947194723407], [0.22358030216652452, -0.5443036842615101, 0.808545204538665]]	0.5368835374322043	0.4631164625677956	[[-0.4459119276552668, 0.17595604005012339, 0.24175598753776595], [-0.27385708710122636, -0.41459182749651846, -0.20337120047648208], [0.1200365835273248, -0.2922276874437012, 0.43409460958656365]]	0.7623972502551563	0.43710757878708506	[[-0.5440405589225068, 0.15484160782781936, 0.2521635975929696], [-0.5525940139799996, -0.6014353753668114, -0.29311812876890037], [0.23632084295606223, -0.34293765665683273, 0.49108319391490185]]	[[0.08917317142637878, -0.09502338475810063, -0.09114009358192916], [-0.1637054085154919, -0.012697507237413492, -0.004322452958223862], [0.06586383537308697, 0.07203797552789323, -0.12534944673236925]]	0.6806504175538256	[[-0.6819551853127865, 0.6819551853127864, 0.0], [-0.7071067811865475, -0.7071067811865476, 0.0], [0.0, 0.0, 0.964430272]]
3	[[-0.5446221603179724, 0.8109226453022452, -0.2139887049042392], [-0.8354447797583356, -0.5021691245819775, 0.22328947644507607], [0.07361197229480154, 0.30038414347728, 0.9509735242804028]]	0.6287510998237675	0.3712489001762324	[[-0.34243178228832133, 0.5098685051057856, -0.13454563355840402], [-0.5252868241150788, -0.3157393893784568, 0.1403935038939148], [0.04628360854055317, 0.18886686058096017, 0.5979256492945876]]	0.7913904600890641	0.3067102470480692	[[-0.4681981576797482, 0.5954429901021525, -0.12182067747048461], [-0.6674637150997065, -0.4309467482937881, 0.045587679020549284], [0.091300892839868, 0.1611951189001945, 0.7454108792135641]]	[[-0.037189375651008015, -0.046313455260232415, 0.047527942157544245], [-0.006300686467750238, -0.03353489374833435, -0.1311214824763657], [0.03304508021742157, -0.07652602660974958, -0.00718049569922264]]	0.3868920618509121	[[-0.6902380418145613, 0.6902380418145612, 0.0], [-0.7071067811865475, -0.7071067811865476, 0.0], [0.0, 0.0, 0.976144]]
3	[[0.3802729664721569, 0.7767473726770865, -0.5020517802076895], [0.4287143634067757, 0.332951791095048, 0.839849450446521], [0.8195098935212374, -0.5346088512602871, -0.20639019011321075]]	0.5544731030180409	0.44552689698195935	[[0.2108511317136923, 0.4306855259893749, -0.27837420844748895], [0.23771058338655895, 0.18461281276388578, 0.4656739308570789], [0.45439619361470474, -0.2964262286592017, -0.11443780914455537]]	0.7187221816343268	0.4410805309358238	[[0.22578515703561203, 0.4838966769916236, -0.3156215380582097], [0.3348685316692916, 0.2194473067106864, 0.48852498015718393], [0.6060836942575414, -0.3114208449332222, -0.05458028601109907]]	[[-0.04752545904381376, -0.07436888927758334, 0.0452142127060583], [0.026742009103602124, -0.019852530964203016, -0.11509344911213026], [0.017083755715042878, 0.07281439496559261, 0.0937569216949912]]	0.6753138739318145	[[0.0, 0.6819551853127864, -0.6819551853127865], [0.0, 0.7071067811865476, 0.7071067811865475], [0.964430272, 0.0, 0.0]]
3	[[0.08740825448676931, -0.06334395238859675, -0.994156597696443], [0.7119981850616444, -0.6940087028176986, 0.10681996481098455], [-0.6967197295301035, -0.717174639895393, -0.015561310176609944]]	0.8297031853285397	0.1702968146714604	[[0.07252290717168013, -0.05255667906811808, -0.8248548958241224], [0.5907471620937855, -0.5758212313735722, 0.08862886506035639], [-0.5780705788723657, -0.595042083158056, -0.012911268621418677]]	0.9163145900393956	0.12854882066366433	[[0.062193124066200436, -0.028116070384314722, -0.8908790046067071], [0.6325657116505949, -0.6371837562465138, 0.06590345662112947], [-0.6498276494031913, -0.6455087395555981, 0.02337437403183759]]	[[-0.017900334809902753, 0.029926917380117303, 0.020081190646469495], [-0.01984861340295954, -0.0012534562403415483, -0.0319772356426705], [-0.011413196066455786, 0.011648846586800082, 0.03763342958679381]]	0.12694692000179947	[[0.0, 0.0, -0.964430272], [0.7071067811865475, -0.7071067811865476, 0.0], [-0.6819551853127865, -0.6819551853127864, 0.0]]
3	[[0.034229894132735264, 0.2773841392786001, 0.9601491309293217], [-0.1827544195208179, -0.9427759796974285, 0.2788803941677556], [0.9825625356654255, -0.18501754344446375, 0.018422055382213542]]	0.8670922548459712	0.13290774515402903	[[0.029680476086692303, 0.2405176387855903, 0.8325378749259051], [-0.15846494170537262, -0.8174737500504626, 0.2418150298112524], [0.8519723645773086, -0.1604272789313225, 0.0159736215402609]]	0.9289814412639	0.1234009021593104	[[0.01074749078209091, 0.24162552271449442, 0.8790206692521262], [-0.16381055257760765, -0.8276495323720754, 0.25228028385107293], [0.912925445648133, -0.16422390815344956, 0.0]]	[[-0.021051445603648217, -0.01605919477628593, -0.012940054226876236], [0.005964911466189189, 0.04817185603622695, -0.006794426663133263], [0.0001430851337538364, 0.007653956014694671, -0.017113747560012122]]	0.3434296199605291	[[0.0, 0.0, 0.988], [0.0, -1.0, 0.0], [0.988, 0.0, 0.0]]
3	[[0.8787972042104137, -0.3840163418041313, 0.28327887866788265], [-0.395223040501579, -0.9183905790867732, -0.018907472103605397], [0.2674214316928388, -0.09534250611366366, -0.9588511794847616]]	0.7007198633166968	0.29928013668330333	[[0.6157906568174163, -0.2690878785403688, 0.19849913714066583], [-0.2769406349198757, -0.6435345210490258, -0.013248841268102617], [0.18738750906376134, -0.06680838785223771, -0.6718860674296154]]	0.8467336178992344	0.2847059350291726	[[0.6226728555111123, -0.2719328279864814, 0.24663130656472454], [-0.34527166657892117, -0.8503524027578537, -0.01600959225961465], [0.21966515960524025, -0.0807297051412023, -0.7288379291212002]]	[[-0.12143428060970352, 0.05322671844175972, 0.006769556755830058], [-0.010623031617883541, -0.07272022508313741, 0.0], [-0.006769556755830058, 0.0, 0.08305359911088016]]	0.4727232266463711	[[0.6902380418145613, -0.6902380418145612, 0.0], [-0.7071067811865475, -0.7071067811865476, 0.0], [0.0, 0.0, -0.976144]]
3	[[0.8489524140446696, -0.5135124485683378, 0.12483895166604869], [0.522794976890395, 0.7815435453534784, -0.34040431673891397], [0.0772347773085365, 0.35425224329800037, 0.9319550081910795]]	0.7630874700587078	0.23691252994129236	[[0.6478249498335795, -0.3918549152216652, 0.0952630397916264], [0.39893829627469213, 0.5963860867644986, -0.2597582688573609], [0.058936890816918816, 0.2703254481008929, 0.7111631894090732]]	0.8866454551893064	0.19424241123780261	[[0.7619719580897195, -0.4437613479929875, 0.05566018378113524], [0.46687726048389966, 0.6256244889207521, -0.2739805912523887], [0.03922629589935446, 0.28066906402604286, 0.8133559011342028]]	[[0.00925215850502296, 0.011542130713261666, -0.05502770534416432], [0.0033434702282324046, -0.06732754359944726, 0.027837349110990495], [-0.029253568383817603, -0.03342707748474566, -0.012957771319330517]]	0.43072232399838617	[[0.698621499812309, -0.6986214998123089, 0.0], [0.7071067811865475, 0.7071067811865476, 0.0], [0.0, 0.0, 0.988]]
3	[[-0.30792515101507295, 0.09349718223056193, 0.9468053539599837], [0.3027085282091916, -0.9338174967034747, 0.1906631317268273], [0.9019698710720718, 0.34531602882779927, 0.2592434992682147]]	0.729646980994	0.270353019006	[[-0.22467665681026947, 0.06821993674597537, 0.6908336681058577], [0.22087036372897367, -0.681357117269065, 0.13911677845134088], [0.6581195933752847, 0.2519587979230408, 0.1891562365833731]]	0.8569539632099593	0.2532190143625965	[[-0.26317200407488994, 0.08163310263712564, 0.7519954625837132], [0.243051406437148, -0.8497415848423, 0.11970449729725817], [0.6879462099888712, 0.27007521516234545, 0.1815389014377643]]	[[0.0007056744595020189, 0.0015103217756818194, -0.05937313788070309], [-0.016355866509172427, -0.04950298012745421, -0.043685029074069036], [-0.08500044572231664, -0.025844724301561667, -0.04062084269655048]]	0.4680913726063253	[[0.0, 0.0, 0.988], [0.0, -1.0, 0.0], [0.988, 0.0, 0.0]]
3	[[-0.42203838922340475, -0.825029846081567, 0.3757783270710803], [0.2588054115689476, 0.28760896992378115, 0.9221175843470338], [-0.8688517462515349, 0.4864224845687207, 0.09214016247897017]]	0.46516146460641	0.53483853539359	[[-0.19631599525128904, -0.3837720915473028, 0.1747975969877303], [0.12038630429347641, 0.13378460968368694, 0.4289335660741911], [-0.4041563508122009, 0.22626499533947497, 0.04286005292779034]]	0.66465315794874	0.5914430255916183	[[-0.12971674153264906, -0.39756628595979, 0.3688057405248311], [0.12661985995333014, 0.09920004530430816, 0.6557650875542251], [-0.5298146462785104, 0.18900381684389078, -0.03242898726812492]]	[[0.15079240664028645, 0.15079240664028642, 0.11904348874834311], [-0.04539597414019424, -0.09196016480991726, 0.04287672311790543], [0.047670410656849634, -0.1342984236219817, -0.09367023723368245]]	0.6581988288207191	[[0.0, -0.6819551853127864, 0.6819551853127865], [0.0, 0.7071067811865476, 0.7071067811865475], [-0.964430272, 0.0, 0.0]]
3	[[0.04673222253661188, -0.9725397674033924, -0.22799671093185395], [-0.8377629715199755, -0.16246744520517667, 0.5213036857710898], [-0.5440306084466285, 0.16664552219444034, -0.8223502702654952]]	0.5641014963955255	0.43589850360447435	[[0.02636171666279144, -0.54861113809641, -0.12861328580991688], [-0.47258334585918027, -0.0916481289557982, 0.29406818921997463], [-0.3068884803097114, 0.09400498843749758, -0.46388901801803073]]	0.7565951555692962	0.3736906944244816	[[-0.012023609395862559, -0.8271478738598126, -0.12995407960960642], [-0.6496714776917876, -0.11700843768730451, 0.2358933762489607], [-0.2772200964391357, 0.026956598046198786, -0.6221862306639752]]	[[-0.04738098257604927, -0.09132899724391587, 0.04254712736716756], [-0.015824071924435655, 0.0059136442926521204, -0.15852246698586456], [0.13439082639300007, -0.09912659674343044, 0.0]]	0.616208702490938	[[1.92571131030856e-16, -0.964430272, 0.0], [-1.0, -1.7938038903913487e-16, 0.0], [0.0, 0.0, -0.964430272]]
3	[[-0.3195682178843842, -0.5708200961323295, -0.7563336379995778], [0.910087742671785, 0.03735879733279218, -0.41272826520656647], [0.2638493031197415, -0.8202248094963509, 0.507557688474819]]	0.4784178814424123	0.5215821185575876	[[-0.1528871497765743, -0.27309054107638325, -0.3618435367553904], [0.4354022497757428, 0.01787311667319091, -0.19745658225152762], [0.12623022461860361, -0.3924102156657504, 0.2428246740299308]]	0.6770026589943775	0.5480391248156377	[[-0.2559532853884425, -0.276335890789845, -0.4854633265361472], [0.5876237224712568, -0.031311784375347144, -0.07357412327661372], [0.2942430160241659, -0.4644057768082439, 0.31139810120786315]]	[[-0.03960475215061983, 0.11011083209916836, 0.026576557476457905], [-0.02850809923573227, -0.056603789506479485, 0.20584400971036843], [0.11561633623828749, 0.09088860019394245, -0.03221980348262921]]	0.9038661474843191	[[0.0, 0.0, -0.964430272], [0.7071067811865475, 0.7071067811865476, 0.0], [0.6819551853127865, -0.6819551853127864, 0.0]]
3	[[0.8592155572171323, 0.2624339665249735, -0.4391776855101157], [-0.4266000482917053, 0.8413623931712975, -0.33184593135155627], [0.2824199444684594, 0.4724804086637203, 0.8348660002631537]]	0.6132783605163582	0.3867216394836419	[[0.526938308260272, 0.16094507273424058, -0.26933817094501256], [-0.26162457821253626, 0.5159893490842129, -0.20351392872330637], [0.1732020405207377, 0.2897620104013853, 0.5120052518922363]]	0.8112317129223374	0.34033684729569424	[[0.5894631932817971, 0.2176115398789003, -0.29398800511129797], [-0.32479123097058393, 0.7525373605577482, -0.27263642935154364], [0.2522276994714254, 0.3637571219612438, 0.5706880167422524]]	[[-0.10755971496897755, 0.004716783685842632, 0.062286860982340854], [0.021280256937848015, 0.0699975051569595, -0.0034324860349123037], [0.023119684156845694, -0.019533969281271952, -0.10658175871184622]]	0.6318101173835614	[[0.964430272, 0.0, 0.0], [0.0, 0.7071067811865476, -0.7071067811865475], [0.0, 0.6819551853127864, 0.6819551853127865]]
3	[[0.22433838825039393, -0.7661379269479729, -0.6022499185961573], [-0.9416906372873723, -0.011392912655017143, -0.3362869982418849], [0.2507808429735371, 0.642575192824231, -0.724020780340167]]	0.5195801213570025	0.4804198786429975	[[0.11656176699217399, -0.3980700370598302, -0.3129170857914363], [-0.48928373560252597, -0.005919530939903552, -0.1747280393573006], [0.13030074082620174, 0.3338692966686132, -0.3761868049141356]]	0.71683458250027	0.5079745295081101	[[0.27431112595309204, -0.40539299263645456, -0.3973028182540444], [-0.6814277512510751, 0.02379008442884297, -0.03836199075119179], [0.33127466911504067, 0.34409414065829097, -0.4820189161414262]]	[[0.11349761107283748, 0.14380116836491796, 0.03441075070365359], [-0.00639133642676825, 0.03195691821536416, 0.20270015923379875], [0.1515062882430395, -0.11652597941489715, 0.03698421765523704]]	0.746151055882235	[[1.92571131030856e-16, -0.964430272, 0.0], [-1.0, -1.7938038903913487e-16, 0.0], [0.0, 0.0, -0.964430272]]
3	[[0.5319609947059123, -0.8460851799387872, 0.03402011756955908], [-0.703274286200726, -0.4190807785627857, 0.5742617690636116], [-0.47161719485230363, -0.3294103357928521, -0.8179645788128509]]	0.5235618358956526	0.47643816410434736	[[0.278514475013105, -0.4429779101328551, 0.017811635212104306], [-0.36820757642145663, -0.21941470181291145, 0.30066154609562973], [-0.2469207643768299, -0.17246668017070904, -0.4282550365808705]]	0.7249232133310086	0.48127440059831234	[[0.5054664042286816, -0.6212642513869435, 0.11145779983065018], [-0.4227181993495461, -0.23908611634051813, 0.2843885818370014], [-0.2950479658121674, -0.06564253993367329, -0.5179098243831428]]	[[0.11983553057971204, -0.007917463993973237, 0.08679582688422668], [0.08710165605615555, 0.06471526830047737, -0.1319071050857415], [0.04683828654232091, 0.1731546591937276, 0.075051686480814]]	0.6515620580025514	[[0.6902380418145613, -0.6902380418145612, 0.0], [-0.7071067811865475, -0.7071067811865476, 0.0], [0.0, 0.0, -0.976144]]
