3	[[0.3802729664721569, 0.7767473726770865, -0.5020517802076895], [0.4287143634067757, 0.332951791095048, 0.839849450446521], [0.8195098935212374, -0.5346088512602871, -0.20639019011321075]]	0.48337451706113244	0.5166254829388678	[[0.1838142615198831, 0.37545988614629017, -0.2426790367975737], [0.20722959836892102, 0.16094041122520789, 0.40596182251364465], [0.39613019900764823, -0.25841629529454807, -0.09976375847212855]]	0.6395891977679985	0.5319372343193267	[[0.11764328103467779, 0.4020006584239495, -0.2317125609929087], [0.3014483657976753, 0.14001895248763005, 0.46794584870292444], [0.5502693278632743, -0.26339193104403813, -0.09337203831032614]]	[[-0.12557520052410603, -0.09479857053498877, 0.0893943343481228], [0.027247290034717535, -0.0729334164742698, -0.06921278755406034], [0.026119652503088203, 0.07853811525320015, 0.038632897811367015]]	0.7339611022052203	[[0.0, 0.534613760690649, -0.5346137606906491], [0.0, 0.7071067811865476, 0.7071067811865475], [0.7560580310000001, 0.0, 0.0]]
3	[[-0.30792515101507295, 0.09349718223056193, 0.9468053539599837], [0.3027085282091916, -0.9338174967034747, 0.1906631317268273], [0.9019698710720718, 0.34531602882779927, 0.2592434992682147]]	0.5858136434011691	0.414186356598831	[[-0.18038675461099507, 0.05477192497022856, 0.5546514939950316], [0.1773307857988321, -0.5470430300156216, 0.11169306385916976], [0.5283862564108133, 0.20229084097243627, 0.1518683788343812]]	0.7922250661242785	0.3111167597800136	[[-0.1751628060880096, 0.06942519171442489, 0.7167306535577609], [0.261088476508942, -0.8380636461109257, 0.12986046529131026], [0.6585439475706393, 0.23865718243681677, 0.10573761437358473]]	[[0.06878321703623502, -0.004645619660615746, -0.033352280590008096], [0.021275192732032225, -0.09827001803700725, -0.021187646848437512], [-0.05601919318153981, -0.034910831335059754, -0.09964158397646597]]	0.4848556035188811	[[0.0, 0.0, 0.911], [0.0, -1.0, 0.0], [0.911, 0.0, 0.0]]
3	[[0.08740825448676931, -0.06334395238859675, -0.994156597696443], [0.7119981850616444, -0.6940087028176986, 0.10681996481098455], [-0.6967197295301035, -0.717174639895393, -0.015561310176609944]]	0.6069591635758939	0.39304083642410637	[[0.05305324103291837, -0.03844719235937393, -0.6034124570012893], [0.4321538228725701, -0.4212349417766215, 0.06483535649488158], [-0.42288042428241457, -0.4352957195687506, -0.00944507980894023]]	0.8107836866802722	0.30427200377922287	[[0.03594796550814794, -0.028295178596037526, -0.7083898187676045], [0.636061667485865, -0.6398657781459449, 0.07104511370068237], [-0.5209149572342253, -0.5063185820946114, 0.02541905018067153]]	[[-0.03492122131092233, 0.02306306465048858, 0.09765613265023376], [0.05878515409192242, -0.07717484348721793, -0.015562771179824623], [0.043974033657074196, 0.07515491643337188, 0.03803590661523858]]	0.28063714931761335	[[0.0, 0.0, -0.7560580310000001], [0.7071067811865475, -0.7071067811865476, 0.0], [-0.5346137606906491, -0.534613760690649, 0.0]]
3	[[0.8592155572171323, 0.2624339665249735, -0.4391776855101157], [-0.4266000482917053, 0.8413623931712975, -0.33184593135155627], [0.2824199444684594, 0.4724804086637203, 0.8348660002631537]]	0.48992150757860203	0.510078492421398	[[0.4209481811268061, 0.12857204451974744, -0.21516259377999702], [-0.2090005387921767, 0.4122015320824225, -0.16257845897157977], [0.13836360496425273, 0.23147831411388384, 0.40901880947504193]]	0.7345186869983392	0.46623194949118546	[[0.4519652102973959, 0.18058725023337044, -0.2834450494660345], [-0.35069708648967035, 0.7496060033355337, -0.2538074961944877], [0.23569691351629812, 0.3071673932137323, 0.44728213429754093]]	[[-0.17914467263827843, -0.012175402282319212, 0.039139167453825216], [-0.03735137914501895, 0.13160960301357186, -0.010060458412401649], [0.028254186723181487, -0.03987829619038222, -0.1659425440353058]]	0.6897362866163039	[[0.6441742776609448, 0.6441742776609447, 0.0], [-0.7071067811865475, 0.7071067811865476, 0.0], [0.0, 0.0, 0.911]]
3	[[-0.42203838922340475, -0.825029846081567, 0.3757783270710803], [0.2588054115689476, 0.28760896992378115, 0.9221175843470338], [-0.8688517462515349, 0.4864224845687207, 0.09214016247897017]]	0.39712034532263035	0.6028796546773697	[[-0.16760003086780517, -0.3276361373773885, 0.14922921901122774], [0.10277689441362593, 0.11421537345401789, 0.3661916535239638], [-0.34503870550557997, 0.1931682650446222, 0.0365907331417319]]	0.5898291033358724	0.6484859944608828	[[-0.0864796522336303, -0.32417574188429693, 0.27655064766973714], [0.15982604535210287, 0.08095090660492921, 0.6161719115241202], [-0.4306623331699456, 0.16642140154999496, -0.02779139759518696]]	[[0.16245087245532644, 0.1624508724553264, 0.05490565396034768], [0.007175081507919068, -0.08868923423656846, 0.0722801235784686], [0.08181171325340404, -0.12048473636558078, -0.08213834701137954]]	0.710315854090493	[[0.0, -0.534613760690649, 0.5346137606906491], [0.0, 0.7071067811865476, 0.7071067811865475], [-0.7560580310000001, 0.0, 0.0]]
3	[[0.04673222253661188, -0.9725397674033924, -0.22799671093185395], [-0.8377629715199755, -0.16246744520517667, 0.5213036857710898], [-0.5440306084466285, 0.16664552219444034, -0.8223502702654952]]	0.49588978992656085	0.504110210073439	[[0.023174032016481744, -0.48227254095289457, -0.11306124108794387], [-0.415438103955292, -0.08056594727270006, 0.25850917522496764], [-0.26977922413621774, 0.08263781299320305, -0.4077951027680069]]	0.688793781289236	0.4822355266670817	[[-1.0145004146969693e-16, -0.6834268725271385, -0.10302484518283317], [-0.6720115703540307, -0.13626579040046338, 0.23192284275339176], [-0.24797828630891366, 0.0, -0.5080797446910865]]	[[-0.032188864269042924, -0.013547528683201835, 0.054017871461427405], [-0.09496564537668026, -0.024359224481188102, -0.12714789416889277], [0.12674661362012335, -0.11478439936722785, 0.05835000750930902]]	0.6909446377199765	[[1.5096472433689018e-16, -0.7560580310000001, 0.0], [-1.0, -1.7938038903913487e-16, 0.0], [0.0, 0.0, -0.7560580310000001]]
3	[[0.8489524140446696, -0.5135124485683378, 0.12483895166604869], [0.522794976890395, 0.7815435453534784, -0.34040431673891397], [0.0772347773085365, 0.35425224329800037, 0.9319550081910795]]	0.6560258038391097	0.34397419616089037	[[0.5569346898448071, -0.33687741685343325, 0.08189757361715135], [0.34296699495757016, 0.5127127325757833, -0.22331401551894897], [0.050668006868167303, 0.23239861267137857, 0.6113865333904369]]	0.8172256679522386	0.2754459320290117	[[0.6463008254424688, -0.3999582692269661, 0.05098858384996889], [0.4765270538619145, 0.6253807198447561, -0.2644317703317385], [0.025735271616048223, 0.2251790758447791, 0.7140816291028073]]	[[-0.04748487818485168, 0.019697284556083362, -0.051033011811775005], [0.049285579670586395, -0.013316726040500897, 0.013755374789045862], [-0.03738297085906292, -0.06432495030800825, -0.04753592496758155]]	0.4580266720470007	[[0.6441742776609448, -0.6441742776609447, 0.0], [0.7071067811865475, 0.7071067811865476, 0.0], [0.0, 0.0, 0.911]]
3	[[0.22433838825039393, -0.7661379269479729, -0.6022499185961573], [-0.9416906372873723, -0.011392912655017143, -0.3362869982418849], [0.2507808429735371, 0.642575192824231, -0.724020780340167]]	0.41537759441151456	0.5846224055884857	[[0.09318514004560503, -0.3182365290830737, -0.2501611224210023], [-0.3911571915962747, -0.00473236065198157, -0.13968608436158336], [0.10416874327883961, 0.2669113378238442, -0.30074201004164614]]	0.6353359497015106	0.5745710429783757	[[0.2565443019778426, -0.38490494164607775, -0.25098484100430246], [-0.6874471921844121, -0.04820154442992849, -0.04064530689393148], [0.2299328341217766, 0.22993283412177654, -0.4604388601752224]]	[[0.11401405902427235, 0.10185002577375926, 0.1316461829846446], [-0.08915727681841847, -0.0409632174483869, 0.1730099125063467], [0.07060274908423897, -0.17831828626583757, -0.0004424300941735272]]	0.7330492693988431	[[1.5096472433689018e-16, -0.7560580310000001, 0.0], [-1.0, -1.7938038903913487e-16, 0.0], [0.0, 0.0, -0.7560580310000001]]
3	[[-0.5446221603179724, 0.8109226453022452, -0.2139887049042392], [-0.8354447797583356, -0.5021691245819775, 0.22328947644507607], [0.07361197229480154, 0.30038414347728, 0.9509735242804028]]	0.5184286664147667	0.4815713335852334	[[-0.2823477402735756, 0.42040554556957777, -0.11093787891132775], [-0.43311852303329257, -0.2603388695717054, 0.11575966549787227], [0.03816255662895472, 0.15572775091506819, 0.49301193598844]]	0.7299184715530965	0.3838905873881637	[[-0.4588662336259621, 0.5294290022445018, -0.07779303954881], [-0.6808415555812677, -0.4679619211157828, 0.03829752248147571], [0.09407596111438847, 0.07942250718939493, 0.6905424700879138]]	[[-0.06133645879272217, -0.062478415562306766, 0.07840126886451888], [-0.07103497887305002, -0.10141940123974912, -0.12468559087920537], [0.040345222808958026, -0.1398334276963273, -0.0035906712422992715]]	0.44301300273729843	[[-0.5868427669491207, 0.5868427669491206, 0.0], [-0.7071067811865475, -0.7071067811865476, 0.0], [0.0, 0.0, 0.829921]]
3	[[-0.3195682178843842, -0.5708200961323295, -0.7563336379995778], [0.910087742671785, 0.03735879733279218, -0.41272826520656647], [0.2638493031197415, -0.8202248094963509, 0.507557688474819]]	0.40010944799911186	0.599890552000888	[[-0.12786226325578084, -0.22839051357030632, -0.30261623440317115], [0.3641347043511657, 0.014947607778734183, -0.16513647836543036], [0.1055685990261901, -0.3281796957627616, 0.203078626563365]]	0.6064425186441812	0.613287101938597	[[-0.2608238356402911, -0.2608238356402911, -0.35578353692142617], [0.610611253750867, -0.09638190559552703, -0.056525771263476486], [0.2101664953303921, -0.3245331700650019, 0.32612384243045034]]	[[-0.06702408070785268, 0.0853457411509125, 0.10288933944235427], [0.05869535089779226, -0.11903786874354302, 0.1937701974040373], [0.05015705940394411, 0.17288602926040883, 0.018319279474562383]]	0.9418669551173604	[[-1.5096472433689018e-16, -0.7560580310000001, 0.0], [1.0, -1.7938038903913487e-16, 0.0], [0.0, 0.0, 0.7560580310000001]]
3	[[0.034229894132735264, 0.2773841392786001, 0.9601491309293217], [-0.1827544195208179, -0.9427759796974285, 0.2788803941677556], [0.9825625356654255, -0.18501754344446375, 0.018422055382213542]]	0.7447961543458399	0.25520384565416027	[[0.02549429351372645, 0.20659464021123214, 0.7151153803146593], [-0.1361147888488115, -0.7021759240882762, 0.20770904509859636], [0.731808797967906, -0.13780035484395095, 0.013720676003818726]]	0.8646804930331417	0.20819936263067756	[[0.00922990230910864, 0.2088622450975974, 0.7735881803169015], [-0.1687546974925337, -0.8233117765093293, 0.25780840797025206], [0.8024633770780267, -0.1429745041765086, 0.0]]	[[-0.020368019426057135, -0.030986409213396186, -0.056634043600407004], [-0.010730515917287275, -0.008111777564753654, 0.016665971244000204], [-0.04713928069704745, 0.017006556508831046, -0.015929191930576247]]	0.3782405908118496	[[0.0, 0.0, 0.911], [0.0, -1.0, 0.0], [0.911, 0.0, 0.0]]
3	[[0.8787972042104137, -0.3840163418041313, 0.28327887866788265], [-0.395223040501579, -0.9183905790867732, -0.018907472103605397], [0.2674214316928388, -0.09534250611366366, -0.9588511794847616]]	0.5659264062574011	0.4340735937425991	[[0.49733454360785084, -0.2173249882613258, 0.16031499777314126], [-0.22366715498118186, -0.519741479963231, -0.010700237739005455], [0.1513408497941373, -0.05395684184847997, -0.5426392021414814]]	0.7891071523267879	0.3700738732358296	[[0.5489818371462996, -0.23184575757161074, 0.22355774521006208], [-0.3455376646923787, -0.846735770785693, -0.024474916103460042], [0.20080780812762558, -0.07523545349505249, -0.6366018861846209]]	[[-0.14448332214092277, 0.07118428435639777, 2.0355950123591027e-05], [-0.03366433666824291, -0.12202719619877996, -0.009554894634085804], [-0.010216356306663031, 0.0, 0.12003443756378118]]	0.514222745386012	[[0.911, 0.0, 0.0], [0.0, -1.0, 0.0], [0.0, 0.0, -0.911]]
3	[[-0.8305561570912853, 0.32773595720904825, 0.4502950280316503], [-0.5100865793185324, -0.772219296347621, -0.37879947194723407], [0.22358030216652452, -0.5443036842615101, 0.808545204538665]]	0.4477902957305881	0.5522097042694118	[[-0.3719149872047674, 0.1467569812001871, 0.20163774376830607], [-0.22841182020124964, -0.34579230708036796, -0.16962272756584257], [0.10011708962668227, -0.2437339077427103, 0.3620586962519177]]	0.6779226449840816	0.5361069011219104	[[-0.4290326037087007, 0.10142472073667491, 0.24667438337004594], [-0.5429838684884895, -0.5942840492212061, -0.2692031891001773], [0.19868476587429776, -0.30446186575669326, 0.3867378730582125]]	[[0.13402022311443784, -0.12075490623087286, -0.05859081305635161], [-0.19718462546598722, -0.07077910133348052, -0.012406449159134952], [0.04711461606322727, 0.0645339275524501, -0.1613932305918346]]	0.6880887675373812	[[-0.5868427669491207, 0.5868427669491206, 0.0], [-0.7071067811865475, -0.7071067811865476, 0.0], [0.0, 0.0, 0.829921]]
3	[[0.5319609947059123, -0.8460851799387872, 0.03402011756955908], [-0.703274286200726, -0.4190807785627857, 0.5742617690636116], [-0.47161719485230363, -0.3294103357928521, -0.8179645788128509]]	0.4532011769419129	0.546798823058087	[[0.24108534888791017, -0.3834467993413685, 0.015417957322226436], [-0.31872473421915276, -0.1899279020783876, 0.2602561096123738], [-0.2137374677731075, -0.1492891518781513, -0.3707025098147802]]	0.6567428048281689	0.558241707910363	[[0.39099542772111806, -0.5263865250268891, 0.09190619719120668], [-0.40600265457879176, -0.23389682538479245, 0.30110412660775565], [-0.2679035203400587, -0.03821579715283087, -0.4383036452505817]]	[[0.04163387199877451, 0.029273829169656013, 0.06956372975799041], [0.05586767270420144, 0.04133146057810421, -0.07603815831266676], [0.0418276790124363, 0.17812207071515582, 0.0988887064890618]]	0.706093079318259	[[0.5868427669491207, -0.5868427669491206, 0.0], [-0.7071067811865475, -0.7071067811865476, 0.0], [0.0, 0.0, -0.829921]]
