3	[[0.04673222253661188, -0.9725397674033924, -0.22799671093185395], [-0.8377629715199755, -0.16246744520517667, 0.5213036857710898], [-0.5440306084466285, 0.16664552219444034, -0.8223502702654952]]	0.5639179961967131	0.43608200380328677	[[0.02635314129066506, -0.5484326768557384, -0.12857144836813234], [-0.47242961618734863, -0.09161831614730254, 0.29397252988999395], [-0.30678865058490146, 0.0939744089510437, -0.46373811657994357]]	0.7564881949254357	0.36959544538404604	[[-0.012165752126939324, -0.8268826947903697, -0.17166429429251365], [-0.649726359772658, -0.16061321740953402, 0.23587151489834615], [-0.2772547304304419, 0.026737677702359214, -0.6220982715495886]]	[[-0.047518126798514734, -0.09116784165417444, 0.0008125260092608846], [-0.01596856167214246, -0.037708513052122715, -0.158488569358602], [0.1342980025375346, -0.0993276925749196, 0.0]]	0.6163822494905686	[[-1.9245420867155386e-16, -0.9638447041520001, 0.0], [-1.0, 1.7938038903913487e-16, 0.0], [0.0, 0.0, -0.9638447041520001]]
3	[[-0.30792515101507295, 0.09349718223056193, 0.9468053539599837], [0.3027085282091916, -0.9338174967034747, 0.1906631317268273], [0.9019698710720718, 0.34531602882779927, 0.2592434992682147]]	0.7292920134749135	0.27070798652508665	[[-0.2245673533833493, 0.06818674828315745, 0.6904975829583045], [0.2207629120337089, -0.6810256423889806, 0.1390490992324905], [0.6577994233678592, 0.251836221948987, 0.18906421356159853]]	0.8567919075203321	0.253447301929772	[[-0.2630935438711832, 0.08158124394772794, 0.751743560397861], [0.2430492487497909, -0.8497438727665134, 0.11970113144694959], [0.687720146191891, 0.26993949651162785, 0.18151229992345533]]	[[0.0007342336405074155, 0.0014736148366286794, -0.059471604871976634], [-0.0163089685572346, -0.04965659849008204, -0.04365749687907908], [-0.08508034016981723, -0.025924482525088288, -0.04060543232680417]]	0.46812366158066604	[[0.0, 0.0, 0.9878], [0.0, -1.0, 0.0], [0.9878, 0.0, 0.0]]
3	[[0.8592155572171323, 0.2624339665249735, -0.4391776855101157], [-0.4266000482917053, 0.8413623931712975, -0.33184593135155627], [0.2824199444684594, 0.4724804086637203, 0.8348660002631537]]	0.6129243176426772	0.3870756823573229	[[0.5266341091152834, 0.16085215985858062, -0.26918268321517796], [-0.26147354350552665, 0.5156914707247274, -0.20339644103615132], [0.17310205175201324, 0.28959473207974407, 0.5117096735343647]]	0.8110320510917317	0.3406593629788198	[[0.5891468784112718, 0.2175006889524561, -0.29391225157282297], [-0.32476201544786415, 0.7525432898576514, -0.2726513302780215], [0.2521619667904292, 0.363587644523063, 0.5703859649105244]]	[[-0.10770447728846419, 0.00465833080556794, 0.06227492750016568], [0.021224296713989396, 0.07017142241248595, -0.003513643927522786], [0.023110339958961616, -0.01960911041613374, -0.10671711966965128]]	0.6319800203790236	[[0.9638447041520001, 0.0, 0.0], [0.0, 0.7071067811865476, -0.7071067811865475], [0.0, 0.6815411263166209, 0.681541126316621]]
3	[[0.8489524140446696, -0.5135124485683378, 0.12483895166604869], [0.522794976890395, 0.7815435453534784, -0.34040431673891397], [0.0772347773085365, 0.35425224329800037, 0.9319550081910795]]	0.7628996153910914	0.23710038460890873	[[0.6476654701600171, -0.39175844951132255, 0.09523958821185557], [0.3988400867980769, 0.5962392701615585, -0.2596943223175847], [0.05892238190349909, 0.27025890016347576, 0.7109881173107759]]	0.8864836420024415	0.19427004118393157	[[0.7616908569495148, -0.44378642182637756, 0.05557862397093617], [0.46693121134304977, 0.6256349283197287, -0.27392231625259933], [0.03922619202426812, 0.2803710058157853, 0.8131749663644715]]	[[0.00910842906043158, 0.011433963794073897, -0.0550890645657494], [0.0034820162086702, -0.06719064014872303, 0.027840542203465726], [-0.029241174653450833, -0.033667813010561036, -0.01298790347917177]]	0.4307856412945636	[[0.6984800784560717, -0.6984800784560716, 0.0], [0.7071067811865475, 0.7071067811865476, 0.0], [0.0, 0.0, 0.9878]]
3	[[0.8787972042104137, -0.3840163418041313, 0.28327887866788265], [-0.395223040501579, -0.9183905790867732, -0.018907472103605397], [0.2674214316928388, -0.09534250611366366, -0.9588511794847616]]	0.7003223295575736	0.2996776704424266	[[0.6154413052613197, -0.2689352190804467, 0.1983865242231488], [-0.27678352041889304, -0.6431694297897779, -0.01324132490964176], [0.1872812000167504, -0.06677048598737813, -0.6715048917157952]]	0.8465901603176009	0.2849469328716808	[[0.6224588590465783, -0.2718228028172051, 0.2465908311398997], [-0.34529391387003594, -0.8503443111493912, -0.016006879839391863], [0.21962663289533604, -0.08071602753584836, -0.7285820754740672]]	[[-0.12152220695257557, 0.05328165355533305, 0.006769719833866686], [-0.010701976650594455, -0.07284388356614543, 0.0], [-0.006769719833866686, 0.0, 0.08317189828665787]]	0.47280286161242496	[[0.6899586214989076, -0.6899586214989075, 0.0], [-0.7071067811865475, -0.7071067811865476, 0.0], [0.0, 0.0, -0.9757488400000001]]
3	[[0.3802729664721569, 0.7767473726770865, -0.5020517802076895], [0.4287143634067757, 0.332951791095048, 0.839849450446521], [0.8195098935212374, -0.5346088512602871, -0.20639019011321075]]	0.5543282622109532	0.445671737789047	[[0.21079605267031484, 0.430573021273013, -0.27830149086244393], [0.23764848805215305, 0.18456458775774226, 0.465552286384844], [0.4542774951403109, -0.29634879548170895, -0.11440791542284437]]	0.7185312506061979	0.44119060817214517	[[0.22559890310305797, 0.48368939169770647, -0.31545001347494944], [0.33491148500932316, 0.21936261148001973, 0.48849374684356384], [0.6057684893172226, -0.3111773088963633, -0.05468363269632197]]	[[-0.04763910706790968, -0.07442786939703903, 0.04528988002674972], [0.02686681731781259, -0.019873655367078587, -0.11496432910670298], [0.01692502064125581, 0.07295585758483362, 0.09361416871857427]]	0.6754341520001628	[[0.0, 0.6815411263166209, -0.681541126316621], [0.0, 0.7071067811865476, 0.7071067811865475], [0.9638447041520001, 0.0, 0.0]]
3	[[0.034229894132735264, 0.2773841392786001, 0.9601491309293217], [-0.1827544195208179, -0.9427759796974285, 0.2788803941677556], [0.9825625356654255, -0.18501754344446375, 0.018422055382213542]]	0.8670601130499327	0.13293988695006728	[[0.02967937587641667, 0.24050872316116126, 0.8325070140083726], [-0.1584590676500952, -0.8174434475372137, 0.24180606609450397], [0.8519407832526924, -0.1604213321351776, 0.015973029422314194]]	0.9288292056071855	0.12343510192364497	[[0.010708467352001413, 0.2415584601188926, 0.8787387152536241], [-0.16382917312526263, -0.8276337972924316, 0.2522996511460994], [0.9126357128491476, -0.16415946120948025, 0.0]]	[[-0.021085258023325136, -0.016084029615282467, -0.013075839291887525], [0.00591846917946098, 0.048044066995467045, -0.0067326038281558115], [2.933387648379102e-06, 0.0076902366914339245, -0.01711094306631298]]	0.3435143849816146	[[0.0, 0.0, 0.9878], [0.0, -1.0, 0.0], [0.9878, 0.0, 0.0]]
3	[[0.08740825448676931, -0.06334395238859675, -0.994156597696443], [0.7119981850616444, -0.6940087028176986, 0.10681996481098455], [-0.6967197295301035, -0.717174639895393, -0.015561310176609944]]	0.8295702880342349	0.17042971196576506	[[0.07251129085115893, -0.05254826082823506, -0.8247227751021733], [0.590652539461441, -0.5757289994947441, 0.08861466897605527], [-0.5779779867054222, -0.5949467725888699, -0.012909200565400378]]	0.9160623291859536	0.12898440056583146	[[0.06205127261820772, -0.028146660167039723, -0.8904252891298362], [0.6325947148802074, -0.6371954098870751, 0.0659346179982628], [-0.6495284543555665, -0.6451271380227033, 0.023421718676513548]]	[[-0.018020136577020757, 0.029880348397902358, 0.020284119331550454], [-0.019640000903534204, -0.001440181108571975, -0.03191912777004931], [-0.01128975613241221, 0.011849533032967919, 0.03767684872208394]]	0.12726889017489326	[[0.0, 0.0, -0.9638447041520001], [0.7071067811865475, -0.7071067811865476, 0.0], [-0.681541126316621, -0.6815411263166209, 0.0]]
3	[[-0.42203838922340475, -0.825029846081567, 0.3757783270710803], [0.2588054115689476, 0.28760896992378115, 0.9221175843470338], [-0.8688517462515349, 0.4864224845687207, 0.09214016247897017]]	0.46498634961635626	0.5350136503836438	[[-0.19624209000295792, -0.3836276164540121, 0.17473179256972277], [0.12034098358640366, 0.1337342450417794, 0.4287720894625797], [-0.4040042018472979, 0.2261798154709278, 0.042843917804154294]]	0.6644636363957062	0.5915724029260198	[[-0.12959052273306712, -0.39736369159344503, 0.36853966583747677], [0.12670286234476336, 0.09915232081156332, 0.6556638342870189], [-0.5295387906889386, 0.18894848407183876, -0.03241833115715122]]	[[0.15083864006890282, 0.1508386400689028, 0.11884863215313167], [-0.04526392254522697, -0.09195338120401561, 0.04295023100736447], [0.047781600114115655, -0.13426156884932772, -0.09364211857601892]]	0.6582920185731238	[[0.0, -0.6815411263166209, 0.681541126316621], [0.0, 0.7071067811865476, 0.7071067811865475], [-0.9638447041520001, 0.0, 0.0]]
3	[[-0.3195682178843842, -0.5708200961323295, -0.7563336379995778], [0.910087742671785, 0.03735879733279218, -0.41272826520656647], [0.2638493031197415, -0.8202248094963509, 0.507557688474819]]	0.47820051484896425	0.5217994851510356	[[-0.1528176863216785, -0.2729664638566152, -0.36167913508898825], [0.43520442710337937, 0.01786499611867937, -0.19736686891449995], [0.12617287259440077, -0.39223192619304864, 0.2427143479442087]]	0.6768442347689985	0.5481308829279947	[[-0.25607434666584805, -0.2762646556886635, -0.48518372506751206], [0.5877688842194503, -0.031576964857626906, -0.07345672752291714], [0.2939266052185077, -0.4639413607353895, 0.3115332452461872]]	[[-0.03977644077539942, 0.1100916354687892, 0.026736337374365007], [-0.028218757541879337, -0.05686305145023075, 0.20589601930835755], [0.11534172555409278, 0.09122307278671579, -0.03200425001067339]]	0.9039614002764441	[[0.0, 0.0, -0.9638447041520001], [0.7071067811865475, 0.7071067811865476, 0.0], [0.681541126316621, -0.6815411263166209, 0.0]]
3	[[-0.5446221603179724, 0.8109226453022452, -0.2139887049042392], [-0.8354447797583356, -0.5021691245819775, 0.22328947644507607], [0.07361197229480154, 0.30038414347728, 0.9509735242804028]]	0.628455080788875	0.37154491921112487	[[-0.3422705637620429, 0.5096284565669508, -0.13448228882850038], [-0.5250395165576688, -0.31559073775884533, 0.14032740595859589], [0.046261817995557945, 0.18877794115671107, 0.5976441430297219]]	0.7912507536701453	0.30677342587346296	[[-0.468262223709419, 0.5952762755333614, -0.12167579876467408], [-0.6675527728196627, -0.43110914755808827, 0.04550398794899131], [0.09126429023547285, 0.16090939941387597, 0.7453780615383552]]	[[-0.03732952889236052, -0.04636687873022811, 0.047642925267703515], [-0.006506461186090978, -0.03376744926272158, -0.1311739785747873], [0.033018761678065243, -0.0767697805030829, -0.007080456268867857]]	0.3870073571907708	[[-0.6899586214989076, 0.6899586214989075, 0.0], [-0.7071067811865475, -0.7071067811865476, 0.0], [0.0, 0.0, 0.9757488400000001]]
3	[[0.22433838825039393, -0.7661379269479729, -0.6022499185961573], [-0.9416906372873723, -0.011392912655017143, -0.3362869982418849], [0.2507808429735371, 0.642575192824231, -0.724020780340167]]	0.5193562762066677	0.48064372379333237	[[0.11651154993193027, -0.3978985408003952, -0.31278227506786893], [-0.48907294272025365, -0.005916980691657532, -0.17465276314362355], [0.13024460475070532, 0.3337254593279741, -0.37602473637371486]]	0.7166388991763842	0.50813546146623	[[0.2744507555652439, -0.40535230595606336, -0.39679758777995017], [-0.6813882619975614, 0.023487936879254854, -0.0383671925402412], [0.3310402108622991, 0.34370710003824134, -0.482053515771639]]	[[0.1136811399664773, 0.14369193462920904, 0.034798130911867016], [-0.006536120327231134, 0.0316525412627591, 0.20262915168715387], [0.1513209036192178, -0.11678727878536849, 0.036807939232165014]]	0.7460388224177426	[[1.9245420867155386e-16, -0.9638447041520001, 0.0], [-1.0, -1.7938038903913487e-16, 0.0], [0.0, 0.0, -0.9638447041520001]]
3	[[-0.8305561570912853, 0.32773595720904825, 0.4502950280316503], [-0.5100865793185324, -0.772219296347621, -0.37879947194723407], [0.22358030216652452, -0.5443036842615101, 0.808545204538665]]	0.536636989982857	0.46336301001714286	[[-0.4457071561531964, 0.17587523758581408, 0.2416449684471511], [-0.27373132655614907, -0.4144014387986671, -0.20327780843285936], [0.1199814603741014, -0.2920934907586762, 0.43389526482870266]]	0.762197598519929	0.43738067225885235	[[-0.5437568522399643, 0.15471441158402136, 0.2521115650642455], [-0.5526108640027652, -0.6013789801570536, -0.29306373354005827], [0.23624619948963713, -0.34284562098185684, 0.49083961328534637]]	[[0.08929105613095438, -0.0950851479493455, -0.09110222392694246], [-0.16382409820893443, -0.012795286950147443, -0.004343685701259278], [0.06583383010195204, 0.07202134002781577, -0.12543159990882885]]	0.6806349000802406	[[-0.681541126316621, 0.6815411263166209, 0.0], [-0.7071067811865475, -0.7071067811865476, 0.0], [0.0, 0.0, 0.9638447041520001]]
3	[[0.5319609947059123, -0.8460851799387872, 0.03402011756955908], [-0.703274286200726, -0.4190807785627857, 0.5742617690636116], [-0.47161719485230363, -0.3294103357928521, -0.8179645788128509]]	0.5233829383572216	0.47661706164277845	[[0.27841930850061086, -0.4428265475768611, 0.01780554909681399], [-0.36808176238281365, -0.2193397292932229, 0.3005588120787293], [-0.24683639322158904, -0.17240774947250198, -0.42810870473119705]]	0.7247619553539284	0.4814929135941381	[[0.5050191948300937, -0.621015159874549, 0.11144708591634664], [-0.42255630142385464, -0.23891341869439506, 0.2845504797626929], [-0.295155335061724, -0.0655561340576498, -0.5175365924145094]]	[[0.11947410413501588, -0.007804810466133216, 0.08679059898526247], [0.08715014539312177, 0.06482038582801615, -0.13165260286885636], [0.04665486525796622, 0.17318794502537183, 0.07529301513614486]]	0.651698709640653	[[0.6899586214989076, -0.6899586214989075, 0.0], [-0.7071067811865475, -0.7071067811865476, 0.0], [0.0, 0.0, -0.9757488400000001]]
