3	[[-0.3195682178843842, -0.5708200961323295, -0.7563336379995778], [0.910087742671785, 0.03735879733279218, -0.41272826520656647], [0.2638493031197415, -0.8202248094963509, 0.507557688474819]]	0.395929457729805	0.6040705422701949	[[-0.1265264712146444, -0.2260044911229484, -0.29945476715598346], [0.3603305464425822, 0.014791448369410126, -0.163411278232999], [0.1044657115065862, -0.3247511640404228, 0.20095704036442835]]	0.6020785667924534	0.6170364220949628	[[-0.2579991335979549, -0.25799913359795484, -0.35109432645166594], [0.6109566287021579, -0.0957751818680874, -0.0563234553011142], [0.20727616871037916, -0.3199080324312792, 0.32289611881711133]]	[[-0.06559395898170635, 0.08567941177772853, 0.10427794633204218], [0.06301230493895052, -0.11826811302330464, 0.19217138708919101], [0.04841815843885759, 0.1739317453178969, 0.017306513175701737]]	0.9402857588474518	[[-1.4878785799898616e-16, -0.7451558994960001, 0.0], [1.0, -1.7938038903913487e-16, 0.0], [0.0, 0.0, 0.7451558994960001]]
3	[[-0.5446221603179724, 0.8109226453022452, -0.2139887049042392], [-0.8354447797583356, -0.5021691245819775, 0.22328947644507607], [0.07361197229480154, 0.30038414347728, 0.9509735242804028]]	0.5116715312812276	0.48832846871877245	[[-0.27866765473958705, 0.41492603167242353, -0.10949192831523882], [-0.4274733097598554, -0.2569456449370139, 0.11425086833163567], [0.0376651505847124, 0.1536980146656198, 0.48658607937645926]]	0.7255728729990396	0.38892628365562804	[[-0.45297295896557244, 0.5254478593649781, -0.07572198911574293], [-0.6806785888002952, -0.46695155524026505, 0.039228666539392984], [0.09288976983519606, 0.07796273614843618, 0.6838439300555996]]	[[-0.05780989340471767, -0.06293561416695315, 0.07954241029096959], [-0.07450251971898972, -0.10259126078590695, -0.12278412039531222], [0.03947891961013121, -0.13998784983772955, -0.006156662102554215]]	0.44676915209588364	[[-0.5811877228929883, 0.5811877228929881, 0.0], [-0.7071067811865475, -0.7071067811865476, 0.0], [0.0, 0.0, 0.8219235600000001]]
3	[[0.3802729664721569, 0.7767473726770865, -0.5020517802076895], [0.4287143634067757, 0.332951791095048, 0.839849450446521], [0.8195098935212374, -0.5346088512602871, -0.20639019011321075]]	0.4771394574316154	0.5228605425683849	[[0.18144323689843583, 0.3706168199605778, -0.23954871401087358], [0.2045565387490494, 0.15886443695397573, 0.4007253111102934], [0.39102050595456406, -0.25508297722847256, -0.09847690332982531]]	0.6346585067330446	0.5397096977622793	[[0.11387186958041143, 0.3943911888900297, -0.23052933207573714], [0.302120295001008, 0.14116008079545894, 0.464922041028353], [0.5444330134358386, -0.2621345312235809, -0.09260294365843423]]	[[-0.1274716034717528, -0.09857813876202556, 0.08810210105354174], [0.030033077306255908, -0.07015060575501682, -0.06809555707260408], [0.024324088160693785, 0.07715952400354123, 0.03838434620316529]]	0.7378275828945817	[[0.0, 0.5269047895747832, -0.5269047895747833], [0.0, 0.7071067811865476, 0.7071067811865475], [0.7451558994960001, 0.0, 0.0]]
3	[[-0.30792515101507295, 0.09349718223056193, 0.9468053539599837], [0.3027085282091916, -0.9338174967034747, 0.1906631317268273], [0.9019698710720718, 0.34531602882779927, 0.2592434992682147]]	0.5772648854196429	0.4227351145803573	[[-0.17775437701854227, 0.0539726401873848, 0.5465574841684144], [0.17474300385222774, -0.5390600502373889, 0.11006313089003725], [0.5206755342763896, 0.19933881781484564, 0.14965216890085323]]	0.7884643139001007	0.31626731732115015	[[-0.17406159360763174, 0.06789584415687522, 0.7108826703609438], [0.2611258333490262, -0.8384634489567584, 0.12885789899854158], [0.6530026021530978, 0.23575406929388432, 0.10616574945075652]]	[[0.06872639932005262, -0.005823347482137477, -0.03563956344605687], [0.02245096134285671, -0.10218167711054348, -0.021473176344495828], [-0.05816845340030566, -0.0365152964545338, -0.09823849833281764]]	0.4860592357531723	[[0.0, 0.0, 0.9066000000000001], [0.0, -1.0, 0.0], [0.9066000000000001, 0.0, 0.0]]
3	[[0.8787972042104137, -0.3840163418041313, 0.28327887866788265], [-0.395223040501579, -0.9183905790867732, -0.018907472103605397], [0.2674214316928388, -0.09534250611366366, -0.9588511794847616]]	0.5592017322301354	0.4407982677698647	[[0.4914249188734633, -0.21474260354154998, 0.1584100396552903], [-0.2210094088657439, -0.5135656026891607, -0.010573091152429104], [0.14954252783809824, -0.053315694573922975, -0.5361912405187871]]	0.7856346581745525	0.37461257455612	[[0.5451764316801226, -0.22966405579440194, 0.22191934933220359], [-0.34555585306373227, -0.8465108171165583, -0.024999813931036934], [0.19940417421192666, -0.07490437720011332, -0.6317951645826552]]	[[-0.14523710945447804, 0.0720324916323289, -0.0006343556781089462], [-0.03505493473656695, -0.12499134844499185, -0.010145448547976024], [-0.010691370864626194, 0.0, 0.12151155405212191]]	0.515474393785892	[[0.9066000000000001, 0.0, 0.0], [0.0, -1.0, 0.0], [0.0, 0.0, -0.9066000000000001]]
3	[[0.5319609947059123, -0.8460851799387872, 0.03402011756955908], [-0.703274286200726, -0.4190807785627857, 0.5742617690636116], [-0.47161719485230363, -0.3294103357928521, -0.8179645788128509]]	0.4491229732388438	0.5508770267611562	[[0.23891590358941214, -0.37999629162743026, 0.015279216352775418], [-0.3158566384208958, -0.18821880529536775, 0.25791415313924754], [-0.2118141167826298, -0.14794574942689165, -0.36736668364048625]]	0.6525861048865155	0.563380694345283	[[0.387387839333313, -0.5199617662531889, 0.09079545692374191], [-0.4057745427080249, -0.23280558055086029, 0.30133223847852264], [-0.26367461678188764, -0.03809338565736976, -0.4335689793114714]]	[[0.040237485846625363, 0.03218166572527077, 0.06859440091124204], [0.05317248439055139, 0.04068071236423635, -0.07342301257993927], [0.04409621140428199, 0.17687522228704666, 0.10022333911114611]]	0.7093111859203267	[[0.5811877228929883, -0.5811877228929881, 0.0], [-0.7071067811865475, -0.7071067811865476, 0.0], [0.0, 0.0, -0.8219235600000001]]
3	[[0.08740825448676931, -0.06334395238859675, -0.994156597696443], [0.7119981850616444, -0.6940087028176986, 0.10681996481098455], [-0.6967197295301035, -0.717174639895393, -0.015561310176609944]]	0.5945797188517394	0.40542028114826056	[[0.05197117537806461, -0.03766302940216982, -0.5911053503529531], [0.4233396806969013, -0.41264349940200784, 0.0635129846450679], [-0.41425542090246886, -0.42641749575660026, -0.009252439429773454]]	0.8045777500433089	0.31410083335428657	[[0.03535438454783216, -0.027892006288523865, -0.6982482676616657], [0.6361265589501713, -0.6400085402000433, 0.07098022223637616], [-0.5134587118028365, -0.4990127832862593, 0.024999325058449012]]	[[-0.034972352182345644, 0.023073128403143794, 0.10162801090364944], [0.06326866117835393, -0.08162457957650399, -0.01496474471095122], [0.047106480593277024, 0.07800997486889624, 0.037519608988071884]]	0.2901152405237207	[[0.0, 0.0, -0.7451558994960001], [0.7071067811865475, -0.7071067811865476, 0.0], [-0.5269047895747833, -0.5269047895747832, 0.0]]
3	[[0.8489524140446696, -0.5135124485683378, 0.12483895166604869], [0.522794976890395, 0.7815435453534784, -0.34040431673891397], [0.0772347773085365, 0.35425224329800037, 0.9319550081910795]]	0.6473859493707664	0.3526140506292337	[[0.5495998645369123, -0.33244074403012025, 0.08081898324277616], [0.33845012244045614, 0.5059603100832561, -0.22037297176192888], [0.05000070963232665, 0.22933792484419974, 0.6033345777486223]]	0.8126564816210968	0.28251030392266663	[[0.6392635563761963, -0.3953483894689549, 0.0517884204859783], [0.476545650655009, 0.6247478383586349, -0.2646753216335703], [0.024750308811897322, 0.2242624890403372, 0.7068308139918182]]	[[-0.05064312548508144, 0.02196083025322491, -0.04966276274421898], [0.05169292412607796, -0.010378589442000976, 0.01195645273610895], [-0.038015033574446896, -0.06362289260459658, -0.05052846399390509]]	0.45975393739581283	[[0.641063007823724, -0.6410630078237239, 0.0], [0.7071067811865475, 0.7071067811865476, 0.0], [0.0, 0.0, 0.9066000000000001]]
3	[[-0.8305561570912853, 0.32773595720904825, 0.4502950280316503], [-0.5100865793185324, -0.772219296347621, -0.37879947194723407], [0.22358030216652452, -0.5443036842615101, 0.808545204538665]]	0.44300257032783014	0.5569974296721698	[[-0.36793851239304437, 0.14518787143246012, 0.19948185482386344], [-0.22596966572784055, -0.3420951331387445, -0.16780913971144945], [0.09904664853444331, -0.24112793116675668, 0.35818760383686976]]	0.6730283741151024	0.5413982968492199	[[-0.4230949372827172, 0.09842786014816379, 0.24635787760735112], [-0.5424628986734378, -0.5936159368026453, -0.26798612117013104], [0.1964358168478427, -0.30235887812315054, 0.38115018947620155]]	[[0.13589292273571804, -0.12214773827129868, -0.05670345298090492], [-0.1991601575367519, -0.07389043932149757, -0.013043328449824719], [0.04595992959654338, 0.0639729455202336, -0.16302367493301886]]	0.6891967352721622	[[-0.5811877228929883, 0.5811877228929881, 0.0], [-0.7071067811865475, -0.7071067811865476, 0.0], [0.0, 0.0, 0.8219235600000001]]
3	[[0.22433838825039393, -0.7661379269479729, -0.6022499185961573], [-0.9416906372873723, -0.011392912655017143, -0.3362869982418849], [0.2507808429735371, 0.642575192824231, -0.724020780340167]]	0.40967572401374824	0.5903242759862517	[[0.09190599163055746, -0.3138681099168029, -0.24672717143810174], [-0.38578779362767224, -0.004667399740569578, -0.1377686194811543], [0.10273882341396191, 0.2632474573535407, -0.2966137373868569]]	0.6301972181494008	0.5788406800865799	[[0.2519631750741433, -0.38321734656723977, -0.2450926278565757], [-0.6891611210429293, -0.04786244761265483, -0.04073372579064902], [0.22512243047388897, 0.2251224304738889, -0.45723093482018207]]	[[0.1105857468746248, 0.09960064371412156, 0.1344435954734257], [-0.09571030106709075, -0.040682665750844026, 0.17119340500119928], [0.0670810408668042, -0.17982666849575624, -0.0009550531674504606]]	0.7338289735692257	[[1.4878785799898616e-16, -0.7451558994960001, 0.0], [-1.0, -1.7938038903913487e-16, 0.0], [0.0, 0.0, -0.7451558994960001]]
3	[[0.04673222253661188, -0.9725397674033924, -0.22799671093185395], [-0.8377629715199755, -0.16246744520517667, 0.5213036857710898], [-0.5440306084466285, 0.16664552219444034, -0.8223502702654952]]	0.4915999735488675	0.5084000264511324	[[0.022973559362878183, -0.47810052393072944, -0.11208317706332818], [-0.4118442546394405, -0.07986899176541698, 0.2562728781359948], [-0.2674454327221369, 0.08192293430282407, -0.40426737111042144]]	0.6837855223416952	0.48960967374874476	[[-1.0000949219661816e-16, -0.6736048158277179, -0.10047692803810815], [-0.672161650430505, -0.1348401429903024, 0.23181672011359575], [-0.24429068026274117, 0.0, -0.500865219233259]]	[[-0.03195481719738548, -0.008596202975718472, 0.055423922038618116], [-0.09931145935118801, -0.023747256107160025, -0.12464319296003984], [0.12770957350380702, -0.11394979543962994, 0.06144598986806679]]	0.6955291365930166	[[1.4878785799898616e-16, -0.7451558994960001, 0.0], [-1.0, -1.7938038903913487e-16, 0.0], [0.0, 0.0, -0.7451558994960001]]
3	[[-0.42203838922340475, -0.825029846081567, 0.3757783270710803], [0.2588054115689476, 0.28760896992378115, 0.9221175843470338], [-0.8688517462515349, 0.4864224845687207, 0.09214016247897017]]	0.39330314936250627	0.6066968506374938	[[-0.16598902763344428, -0.3244868367819441, 0.14779479949922977], [0.10178898344212672, 0.11311751365592942, 0.36267175000623486], [-0.3417221281298418, 0.19131149510161297, 0.03623901608575198]]	0.585447898630917	0.6520937501547148	[[-0.08432212354661024, -0.3202526251304331, 0.27186731216920473], [0.16179557732000122, 0.07992220258467074, 0.6138773275158648], [-0.425405997577492, 0.16506482894184496, -0.027499608267553252]]	[[0.16275936456580908, 0.16275936456580908, 0.05186868023439938], [0.010278492962651264, -0.08845786448460949, 0.07402552546927654], [0.08326143148727168, -0.11971019249574222, -0.08144287277037762]]	0.7139871154095302	[[0.0, -0.5269047895747832, 0.5269047895747833], [0.0, 0.7071067811865476, 0.7071067811865475], [-0.7451558994960001, 0.0, 0.0]]
3	[[0.034229894132735264, 0.2773841392786001, 0.9601491309293217], [-0.1827544195208179, -0.9427759796974285, 0.2788803941677556], [0.9825625356654255, -0.18501754344446375, 0.018422055382213542]]	0.7354030146549551	0.2645969853450451	[[0.025172767336533473, 0.20398913224295243, 0.7060965654037582], [-0.13439815105712585, -0.6933202976137676, 0.20508948259912962], [0.7225794508153707, -0.13606245921311277, 0.013547635064220381]]	0.8606870137807525	0.2142268815191313	[[0.009239108795482343, 0.20701300817298582, 0.7676901938310936], [-0.16904787762545473, -0.8230455685630973, 0.2581579106715359], [0.7962793832563088, -0.14181956349270702, 0.0]]	[[-0.020222116567652874, -0.03172791833285686, -0.058697694452649135], [-0.01175352203284713, -0.011610525933094216, 0.018129177013291052], [-0.04939943141841039, 0.017422633471559073, -0.015855623834621014]]	0.3803630314882742	[[0.0, 0.0, 0.9066000000000001], [0.0, -1.0, 0.0], [0.9066000000000001, 0.0, 0.0]]
3	[[0.8592155572171323, 0.2624339665249735, -0.4391776855101157], [-0.4266000482917053, 0.8413623931712975, -0.33184593135155627], [0.2824199444684594, 0.4724804086637203, 0.8348660002631537]]	0.4835922144702817	0.5164077855297182	[[0.4155099540219501, 0.12691102302403176, -0.21238290948176985], [-0.20630046204651492, 0.40687630288572363, -0.1604781088052522], [0.13657608635607627, 0.2284878471195122, 0.40373469785320537]]	0.7300551027739907	0.47300039037342295	[[0.4455700762785135, 0.1769559417943712, -0.2819896218212549], [-0.34962481566296305, 0.7495983800884811, -0.2548981711676186], [0.23432162005360876, 0.30501961237496833, 0.4401923688443961]]	[[-0.18170462565065162, -0.014635314608404344, 0.03863428850987591], [-0.038183273563972796, 0.13535747167163892, -0.01263235564962758], [0.028139498469262884, -0.03991712093072117, -0.16930581478023096]]	0.6899934842496919	[[0.641063007823724, 0.6410630078237239, 0.0], [-0.7071067811865475, 0.7071067811865476, 0.0], [0.0, 0.0, 0.9066000000000001]]
