3	[[-0.42203838922340475, -0.825029846081567, 0.3757783270710803], [0.2588054115689476, 0.28760896992378115, 0.9221175843470338], [-0.8688517462515349, 0.4864224845687207, 0.09214016247897017]]	0.403386120078095	0.596613879921905	[[-0.17024442835283815, -0.3328055885594713, 0.15158376136664042], [0.10439851082801228, 0.1160174664772115, 0.3719694346055355], [-0.35048273484348413, 0.19621607876892327, 0.03716806264575704]]	0.5969753674800526	0.6426451608936128	[[-0.09008089715341072, -0.3306568702026339, 0.2843458294833622], [0.15661909041805333, 0.0826389508394204, 0.6199202889945455], [-0.4393556728072727, 0.16862811650999587, -0.028263757525132382]]	[[0.1618656253439208, 0.16186562534392077, 0.06001542458906458], [0.0021186347408546358, -0.0890565196713882, 0.06943880521915675], [0.07932741769692275, -0.12175412496597643, -0.08326916488068735]]	0.7044220305961679	[[0.0, -0.5473900103666034, 0.5473900103666035], [0.0, 0.7071067811865476, 0.7071067811865475], [-0.7741263765679998, 0.0, 0.0]]
3	[[0.8489524140446696, -0.5135124485683378, 0.12483895166604869], [0.522794976890395, 0.7815435453534784, -0.34040431673891397], [0.0772347773085365, 0.35425224329800037, 0.9319550081910795]]	0.6706194749494396	0.32938052505056037	[[0.5693240221636957, -0.3443714486388998, 0.08371943221952405], [0.3505964929084411, 0.5241183220350731, -0.2282817641619732], [0.05179514580648764, 0.23756845340016616, 0.6249871782696024]]	0.8246426336681643	0.2639457765018625	[[0.6578766574544056, -0.40753632471206974, 0.0496190531971023], [0.47649372058206074, 0.6264133403566151, -0.26403737819079565], [0.027380951970752854, 0.22663640008370467, 0.7259797924833441]]	[[-0.042205697122336724, 0.015927933296712115, -0.05332846868916076], [0.045374693970678275, -0.01808078721003174, 0.016674534076794346], [-0.03631013819973287, -0.06549510281241365, -0.042550039931583246]]	0.45523742575887516	[[0.6492654464854879, -0.6492654464854878, 0.0], [0.7071067811865475, 0.7071067811865476, 0.0], [0.0, 0.0, 0.9181999999999999]]
3	[[-0.8305561570912853, 0.32773595720904825, 0.4502950280316503], [-0.5100865793185324, -0.772219296347621, -0.37879947194723407], [0.22358030216652452, -0.5443036842615101, 0.808545204538665]]	0.4557549182922409	0.544245081707759	[[-0.3785300535122564, 0.14936727439923914, 0.2052241737079671], [-0.23247446727928642, -0.3519427423106018, -0.17263972238645567], [0.10189782234565893, -0.24806908114677026, 0.3684984536301025]]	0.6859338070156727	0.5274321125036762	[[-0.4388832252353389, 0.10643161841409823, 0.24709024108372235], [-0.543851113246471, -0.59535570931293, -0.2712032987908184], [0.20241603635855865, -0.3079066861565456, 0.39600631898087496]]	[[0.13082332153859347, -0.11837355441022987, -0.06178234177425667], [-0.1939654839869082, -0.06566438751824213, -0.011371934902525522], [0.049054748519760036, 0.06544961216160876, -0.15860217131259732]]	0.6864204146128358	[[-0.596155532962975, 0.5961555329629749, 0.0], [-0.7071067811865475, -0.7071067811865476, 0.0], [0.0, 0.0, 0.8430912399999998]]
3	[[0.22433838825039393, -0.7661379269479729, -0.6022499185961573], [-0.9416906372873723, -0.011392912655017143, -0.3362869982418849], [0.2507808429735371, 0.642575192824231, -0.724020780340167]]	0.4248103978816931	0.575189602118307	[[0.09530127997278759, -0.3254633575790239, -0.25584202754305085], [-0.4000399743075138, -0.004839827758009206, -0.14285821352557534], [0.10653430968469473, 0.2729726233325672, -0.30757155577092027]]	0.6436970154664581	0.5677237103775498	[[0.26415056278944093, -0.3875594217033121, -0.2608119040543499], [-0.6846688314401257, -0.04878739688905355, -0.04049546958424475], [0.23793729262319727, 0.2379372926231972, -0.4656255561825134]]	[[0.11974461181810686, 0.10560127530875724, 0.12685457111091386], [-0.07850537872553742, -0.04145381301554906, 0.1759714675242306], [0.07651041246496901, -0.17568644121054405, 0.0004244592581481854]]	0.7320709089439126	[[1.5457249344462515e-16, -0.7741263765679998, 0.0], [-1.0, -1.7938038903913487e-16, 0.0], [0.0, 0.0, -0.7741263765679998]]
3	[[0.8787972042104137, -0.3840163418041313, 0.28327887866788265], [-0.395223040501579, -0.9183905790867732, -0.018907472103605397], [0.2674214316928388, -0.09534250611366366, -0.9588511794847616]]	0.5771533400849731	0.42284665991502723	[[0.5072007416673765, -0.22163631431946706, 0.16349535099869425], [-0.22810429790402492, -0.5300521902225036, -0.010912510677159329], [0.1543431725118274, -0.05502724585557295, -0.5534041608840462]]	0.7947482134480807	0.3626372905949118	[[0.555210657679563, -0.23544163278809135, 0.22625671429797506], [-0.34551139742637965, -0.847099063275351, -0.023624117713818348], [0.20312040168139647, -0.0757732863994969, -0.6444837648519826]]	[[-0.14321185034983144, 0.0697546687956095, 0.0011213315690997172], [-0.03140859207423134, -0.11720979129859, -0.008597438038658539], [-0.00941230339421506, 0.0, 0.11756149700611664]]	0.5108571479034041	[[0.596155532962975, -0.5961555329629749, 0.0], [-0.7071067811865475, -0.7071067811865476, 0.0], [0.0, 0.0, -0.8430912399999998]]
3	[[0.3802729664721569, 0.7767473726770865, -0.5020517802076895], [0.4287143634067757, 0.332951791095048, 0.839849450446521], [0.8195098935212374, -0.5346088512602871, -0.20639019011321075]]	0.49375621185718016	0.5062437881428201	[[0.1877621393969847, 0.38352384030305553, -0.24789118515150238], [0.21168038004449208, 0.16439701510215401, 0.41468088318280877], [0.4046381006045273, -0.263966441223598, -0.10190643843478217]]	0.6475643704206588	0.5199366971825149	[[0.12326860564961332, 0.4125853144363073, -0.23523729699143398], [0.30081351017057917, 0.14055437467573084, 0.47137385118425545], [0.5603277845428197, -0.26728367326426106, -0.09347056812860859]]	[[-0.12298261847192532, -0.09040860892723107, 0.08987354797732941], [0.023193363340776957, -0.0750533423051646, -0.07248272944228237], [0.02964237629123842, 0.07890997092341843, 0.040180365393052836]]	0.7277161745816364	[[0.0, 0.5473900103666034, -0.5473900103666035], [0.0, 0.7071067811865476, 0.7071067811865475], [0.7741263765679998, 0.0, 0.0]]
3	[[0.08740825448676931, -0.06334395238859675, -0.994156597696443], [0.7119981850616444, -0.6940087028176986, 0.10681996481098455], [-0.6967197295301035, -0.717174639895393, -0.015561310176609944]]	0.6276531372381937	0.3723468627618063	[[0.05486206514913518, -0.039758030441769523, -0.6239855074502213], [0.4468878945618411, -0.4355967395941377, 0.0670458860332879], [-0.43729832401531527, -0.45013691267801526, -0.009767105151885863]]	0.8209468234870783	0.28800804172524364	[[0.03693348418291405, -0.028962037709874395, -0.7251964235716948], [0.6359582497637574, -0.6396348078522542, 0.07114853142279015], [-0.5332705620614099, -0.518427972656729, 0.026115917118584617]]	[[-0.034824044684549374, 0.02303997879066082, 0.09095327735592132], [0.05144560140883532, -0.06989056780167684, -0.016544979373789088], [0.03869928675710493, 0.07033426985088306, 0.038890925277369696]]	0.265124873039943	[[0.0, 0.0, -0.7741263765679998], [0.7071067811865475, -0.7071067811865476, 0.0], [-0.5473900103666035, -0.5473900103666034, 0.0]]
3	[[0.8592155572171323, 0.2624339665249735, -0.4391776855101157], [-0.4266000482917053, 0.8413623931712975, -0.33184593135155627], [0.2824199444684594, 0.4724804086637203, 0.8348660002631537]]	0.5004243357800777	0.49957566421992233	[[0.42997237451229275, 0.13132834338439103, -0.2197752015608314], [-0.21348104581012567, 0.4210382167530831, -0.1660637797779238], [0.1413298131216752, 0.2364406946746419, 0.41778726364705876]]	0.7417600592675259	0.4551555103893353	[[0.4624572816593577, 0.18653022916199696, -0.28579680559875936], [-0.3525412550383652, 0.7495747379520286, -0.2520388089586838], [0.23789322161001197, 0.3107593720856128, 0.45890346980715774]]	[[-0.17487450098560267, -0.008132805401379261, 0.03996766043419888], [-0.036106377933980485, 0.12548571932781968, -0.005888751251666044], [0.028405386862756118, -0.03970772384753324, -0.16036678402848126]]	0.6893641076073156	[[0.6492654464854879, 0.6492654464854878, 0.0], [-0.7071067811865475, 0.7071067811865476, 0.0], [0.0, 0.0, 0.9181999999999999]]
3	[[-0.30792515101507295, 0.09349718223056193, 0.9468053539599837], [0.3027085282091916, -0.9338174967034747, 0.1906631317268273], [0.9019698710720718, 0.34531602882779927, 0.2592434992682147]]	0.5997497916860072	0.4002502083139929	[[-0.18467804517617228, 0.056074915566008146, 0.5678463138046965], [0.18154937673504043, -0.5600568491206577, 0.11435017353536636], [0.5409562422825298, 0.20710321635531184, 0.1554812346820633]]	0.7983121186267913	0.30270288847462634	[[-0.17699990898993445, 0.07197327694640927, 0.7263700799045579], [0.261042418869196, -0.8374100454283852, 0.13148445456322194], [0.6676770985797151, 0.243482975916593, 0.10502663204352519]]	[[0.06882047069538309, -0.002666656685705796, -0.029476108142425576], [0.019386532388118445, -0.09193222122426764, -0.020724234069640537], [-0.052376380133364216, -0.032186994652717585, -0.10193059509750632]]	0.4829401943325329	[[0.0, 0.0, 0.9181999999999999], [0.0, -1.0, 0.0], [0.9181999999999999, 0.0, 0.0]]
3	[[0.034229894132735264, 0.2773841392786001, 0.9601491309293217], [-0.1827544195208179, -0.9427759796974285, 0.2788803941677556], [0.9825625356654255, -0.18501754344446375, 0.018422055382213542]]	0.7606029322395581	0.2393970677604421	[[0.026035357847608083, 0.21097918969204923, 0.7302922443721055], [-0.1390035473672724, -0.717078174602886, 0.21211724554811864], [0.747339945735858, -0.140724886059619, 0.014011869341591156]]	0.8711410370593973	0.19831700854786888	[[0.009213587657864312, 0.2119078043327784, 0.7832667296855461], [-0.16828261640750716, -0.8237387260649383, 0.25724974164767817], [0.8126141825207677, -0.14487317864288254, 0.0]]	[[-0.020605477815360068, -0.029732902422209592, -0.053158579963902275], [-0.009077741858953745, -0.0024478813966312615, 0.01430558585684602], [-0.04333636377452227, 0.016303196027509695, -0.01604820843042716]]	0.3747987852253895	[[0.0, 0.0, 0.9181999999999999], [0.0, -1.0, 0.0], [0.9181999999999999, 0.0, 0.0]]
3	[[-0.5446221603179724, 0.8109226453022452, -0.2139887049042392], [-0.8354447797583356, -0.5021691245819775, 0.22328947644507607], [0.07361197229480154, 0.30038414347728, 0.9509735242804028]]	0.529613136373835	0.47038686362616494	[[-0.2884390504646949, 0.42947528553508907, -0.11333122915290918], [-0.44246253007495995, -0.2659553650599641, 0.11825703993934827], [0.03898586752171369, 0.1590873883439703, 0.5036480708026235]]	0.7368566835862751	0.3757576661396729	[[-0.46751513661670935, 0.5360728368253349, -0.08149168580289522], [-0.6808596479896125, -0.46809053102620957, 0.037452217912549005], [0.09673135122657259, 0.08204376458508993, 0.7007311972796095]]	[[-0.06620665775721557, -0.06146093423708673, 0.07618732161776458], [-0.06525657825741936, -0.0980638552873106, -0.12708012518048542], [0.04248987744918035, -0.13929629917948244, 0.0]]	0.43696825217326585	[[-0.596155532962975, 0.5961555329629749, 0.0], [-0.7071067811865475, -0.7071067811865476, 0.0], [0.0, 0.0, 0.8430912399999998]]
3	[[0.04673222253661188, -0.9725397674033924, -0.22799671093185395], [-0.8377629715199755, -0.16246744520517667, 0.5213036857710898], [-0.5440306084466285, 0.16664552219444034, -0.8223502702654952]]	0.5029330502631257	0.49706694973687415	[[0.02350317922591342, -0.4891223917223791, -0.11466708127891745], [-0.4213386866640414, -0.08171024778549678, 0.26218085279826425], [-0.2736109733425671, 0.08381154078994128, -0.4135871298093314]]	0.6969571874479639	0.47011535330504023	[[-1.036840395294637e-16, -0.69948008688733, -0.10601206385314212], [-0.6707793684301794, -0.13694413090939278, 0.23279414108953808], [-0.25485837460857363, 0.0, -0.5192680019594261]]	[[-0.03257035838230936, -0.02166150591656458, 0.052891882545309264], [-0.08689444405156853, -0.023711277247336772, -0.1305322095517378], [0.12430766813999305, -0.11614479444943439, 0.0538749295018863]]	0.6834883458259193	[[1.5457249344462515e-16, -0.7741263765679998, 0.0], [-1.0, -1.7938038903913487e-16, 0.0], [0.0, 0.0, -0.7741263765679998]]
3	[[0.5319609947059123, -0.8460851799387872, 0.03402011756955908], [-0.703274286200726, -0.4190807785627857, 0.5742617690636116], [-0.47161719485230363, -0.3294103357928521, -0.8179645788128509]]	0.4598670789265814	0.5401329210734188	[[0.24463134873828649, -0.38908672022152113, 0.015644732091451993], [-0.3234126916793044, -0.1927214534719457, 0.2640840822784941], [-0.21688122176827723, -0.15148496888928323, -0.3761549815240773]]	0.6635309076351377	0.5500123337833629	[[0.39706484084205595, -0.5368272300253658, 0.09390377496868005], [-0.4062489477897158, -0.23510963187985195, 0.30085783339683164], [-0.2748132333826019, -0.03857968354494911, -0.4457954324255025]]	[[0.04409227919835131, 0.02457643735605631, 0.07133037547989643], [0.06039527764950542, 0.04296341749235335, -0.08018259945010636], [0.03811935197408468, 0.17999425554807752, 0.09694934696758149]]	0.7008478867587217	[[0.596155532962975, -0.5961555329629749, 0.0], [-0.7071067811865475, -0.7071067811865476, 0.0], [0.0, 0.0, -0.8430912399999998]]
3	[[-0.3195682178843842, -0.5708200961323295, -0.7563336379995778], [0.910087742671785, 0.03735879733279218, -0.41272826520656647], [0.2638493031197415, -0.8202248094963509, 0.507557688474819]]	0.4070124590629254	0.5929875409370745	[[-0.13006824619947993, -0.23233089100935495, -0.30783721387421664], [0.3704170501078701, 0.015205495970053239, -0.16798554614649985], [0.10738995368480517, -0.33384171669752927, 0.2065823029024303]]	0.6135485214427383	0.6073471468503691	[[-0.26547791454042396, -0.2654779145404239, -0.36355251101995206], [0.6100512677286365, -0.09734518649234525, -0.05685380348055978], [0.21496208801134295, -0.3322036788187244, 0.3314304383710781]]	[[-0.06940730695736919, 0.08474791145136866, 0.10049487429209618], [0.05166827882920341, -0.1202666213587588, 0.1963750133945555], [0.05307773819852867, 0.17104404029841339, 0.02001916906045896]]	0.9436997866025381	[[0.0, 0.0, -0.7741263765679998], [0.7071067811865475, 0.7071067811865476, 0.0], [0.5473900103666035, -0.5473900103666034, 0.0]]
