3	[[-0.42203838922340475, -0.825029846081567, 0.3757783270710803], [0.2588054115689476, 0.28760896992378115, 0.9221175843470338], [-0.8688517462515349, 0.4864224845687207, 0.09214016247897017]]	0.43860843378897957	0.5613915662110205	[[-0.18510959689610135, -0.361865048618999, 0.16481954348848937], [0.1135142362243684, 0.1261477198419314, 0.40444854943972974], [-0.3810857036182057, 0.21334900411643068, 0.040413452353963195]]	0.6361284176251183	0.611925865912946	[[-0.11172529788865536, -0.3680796156562791, 0.33072041113458045], [0.13917825255722155, 0.09209890684766613, 0.6405808979494613], [-0.4897897616091727, 0.18055230590647744, -0.03075342288501349]]	[[0.15674531482508283, 0.1567453148250828, 0.09167713855703996], [-0.02545522437695054, -0.09085733208473902, 0.05399569815448628], [0.06291152488463696, -0.12887485949950134, -0.08936639864248208]]	0.6749831657077594	[[0.0, -0.6220904032992868, 0.6220904032992869], [0.0, 0.7071067811865476, 0.7071067811865475], [-0.8797686853679998, 0.0, 0.0]]
3	[[-0.30792515101507295, 0.09349718223056193, 0.9468053539599837], [0.3027085282091916, -0.9338174967034747, 0.1906631317268273], [0.9019698710720718, 0.34531602882779927, 0.2592434992682147]]	0.6755539233791374	0.32444607662086267	[[-0.20802004387534592, 0.06316238828075026, 0.6396180715440399], [0.20449593387204368, -0.6308440736181171, 0.12880322668181146], [0.6093292851725128, 0.2332795980803231, 0.175132963041179]]	0.8321381878928156	0.2790726752407056	[[-0.237374988164901, 0.07371479796685645, 0.728989092862496], [0.24667259928565083, -0.8487424975794945, 0.11849531446861489], [0.6670429270414996, 0.25379974069438327, 0.16366019019804454]]	[[0.018861289007403425, -0.0040877778275676905, -0.05888379866898068], [-0.0052227268380470315, -0.07167729805005953, -0.040162758464516383], [-0.08352064700633058, -0.03355091378472487, -0.05206622550600011]]	0.4735740053381736	[[0.0, 0.0, 0.9581999999999999], [0.0, -1.0, 0.0], [0.9581999999999999, 0.0, 0.0]]
3	[[0.8787972042104137, -0.3840163418041313, 0.28327887866788265], [-0.395223040501579, -0.9183905790867732, -0.018907472103605397], [0.2674214316928388, -0.09534250611366366, -0.9588511794847616]]	0.6444087222691888	0.3555912777308112	[[0.5663045834989682, -0.2474634801524883, 0.18254738024821882], [-0.2546851745409664, -0.591818899613368, -0.012184139939624689], [0.1723287031045794, -0.061439542542648315, -0.6178920634180799]]	0.8251188078723137	0.31873039270331927	[[0.5929995304052532, -0.25602041758184557, 0.23850538954519387], [-0.34350784771213455, -0.8490080387911115, -0.021018992847676384], [0.2139133792778702, -0.07866889498406494, -0.6910529466400961]]	[[-0.13211257109436558, 0.06083868857106623, 0.004766658883344727], [-0.017401883689800505, -0.09122669901386933, -0.005418082005670471], [-0.006741073640032305, 0.0, 0.1001131955033324]]	0.48667969746396567	[[0.6492281395317125, -0.6492281395317124, 0.0], [-0.7071067811865475, -0.7071067811865476, 0.0], [0.0, 0.0, -0.9181472399999999]]
3	[[0.8489524140446696, -0.5135124485683378, 0.12483895166604869], [0.522794976890395, 0.7815435453534784, -0.34040431673891397], [0.0772347773085365, 0.35425224329800037, 0.9319550081910795]]	0.7346678525470876	0.2653321474529125	[[0.6236980469408635, -0.37726108784589746, 0.09171516453472565], [0.38408066299447063, 0.5741749181368774, -0.25008410837633654], [0.056741907987215026, 0.2602577348437303, 0.6846773845382438]]	0.861204280389936	0.20953406876596162	[[0.7146272422627975, -0.4263629348818393, 0.05417058398920127], [0.4719408965468705, 0.6268471613278931, -0.26841050769604063], [0.03230551297158419, 0.2580042305123202, 0.7744963785546287]]	[[-0.01649421055984107, 0.01587618385873018, -0.05334125554499219], [0.02170762468250468, -0.046221485241648666, 0.024747146942723577], [-0.03420940784149095, -0.047079317753654745, -0.028107263630366947]]	0.44060966644658545	[[0.6775497177329498, -0.6775497177329497, 0.0], [0.7071067811865475, 0.7071067811865476, 0.0], [0.0, 0.0, 0.9581999999999999]]
3	[[0.8592155572171323, 0.2624339665249735, -0.4391776855101157], [-0.4266000482917053, 0.8413623931712975, -0.33184593135155627], [0.2824199444684594, 0.4724804086637203, 0.8348660002631537]]	0.5624181122954658	0.43758188770453427	[[0.48323839174495636, 0.1475976160551871, -0.24700148484689105], [-0.23992759386537546, 0.47319744892379645, -0.18663616228367302], [0.1588380920425412, 0.2657315395372398, 0.46954375988766883]]	0.7812795735643165	0.3881576981489589	[[0.5351457659443745, 0.21342298881238203, -0.28664831349500663], [-0.34308441174744486, 0.7507816069696662, -0.2585820126992154], [0.2427908870382578, 0.33337355113486383, 0.5293180426728722]]	[[-0.13614179819805322, 0.008388691356958595, 0.05647224135930001], [-0.009790507935584496, 0.09344235521974205, 0.0006824350361819831], [0.02214195325788191, -0.03576574106342159, -0.12294570999607103]]	0.6585554852296133	[[0.8797686853679998, 0.0, 0.0], [0.0, 0.7071067811865476, -0.7071067811865475], [0.0, 0.6220904032992868, 0.6220904032992869]]
3	[[0.08740825448676931, -0.06334395238859675, -0.994156597696443], [0.7119981850616444, -0.6940087028176986, 0.10681996481098455], [-0.6967197295301035, -0.717174639895393, -0.015561310176609944]]	0.7494711133838117	0.25052888661618844	[[0.06550996180913451, -0.04747446252281276, -0.7450916521534152], [0.5336220724854037, -0.5201394751988353, 0.08005847795850815], [-0.5221713114073948, -0.5375016758530343, -0.011662752463774694]]	0.877486200756112	0.1942169752507624	[[0.04310379297311054, -0.032171018812946844, -0.8233457482457194], [0.6359001241915474, -0.6379707326429972, 0.0711478016108376], [-0.6049417074059749, -0.5898676053623885, 0.03034283417919029]]	[[-0.03359574417120803, 0.02341242530939895, 0.04901294762355487], [0.01113154183655796, -0.028987672715817144, -0.022585243476054794], [0.006420241051221524, 0.03944324467805278, 0.043997669124851174]]	0.1812061907505387	[[0.0, 0.0, -0.8797686853679998], [0.7071067811865475, -0.7071067811865476, 0.0], [-0.6220904032992869, -0.6220904032992868, 0.0]]
3	[[0.5319609947059123, -0.8460851799387872, 0.03402011756955908], [-0.703274286200726, -0.4190807785627857, 0.5742617690636116], [-0.47161719485230363, -0.3294103357928521, -0.8179645788128509]]	0.4966370476656482	0.503362952334352	[[0.2641915378840258, -0.42019724583845797, 0.016895650750984093], [-0.34927206519789467, -0.2081310405988431, 0.2851996695750043], [-0.23422257127980278, -0.16359737663871188, -0.4062315135166897]]	0.699884258623032	0.5167605495416615	[[0.4450798859200779, -0.5841359019102416, 0.10804761791039358], [-0.4025040862224094, -0.2189903432950902, 0.30460269496413805], [-0.3034589566463299, -0.05340202645173518, -0.4692319316524385]]	[[0.07276875952395982, 0.00802579698315105, 0.08423747314695434], [0.08970651618382773, 0.07431769671248814, -0.09731407753249857], [0.026618494126748667, 0.17714708219740918, 0.10324860116989416]]	0.6722292109751474	[[0.6492281395317125, -0.6492281395317124, 0.0], [-0.7071067811865475, -0.7071067811865476, 0.0], [0.0, 0.0, -0.9181472399999999]]
3	[[0.034229894132735264, 0.2773841392786001, 0.9601491309293217], [-0.1827544195208179, -0.9427759796974285, 0.2788803941677556], [0.9825625356654255, -0.18501754344446375, 0.018422055382213542]]	0.8341074539372927	0.16589254606270742	[[0.028551409843598892, 0.23136817817626046, 0.8008675469995608], [-0.15243682356229726, -0.7863764720586588, 0.2326162155322952], [0.8195627349580583, -0.15432451209619408, 0.015365973711149936]]	0.9053681973712281	0.14374665130540265	[[0.009095526905630704, 0.22927507547231205, 0.8376580336147205], [-0.16582654484195944, -0.8259242681162525, 0.2544294479518061], [0.8697258964474264, -0.15562389670651502, 0.0]]	[[-0.0218951306415318, -0.02185970268572376, -0.0316304542623107], [-0.00036650547877136244, 0.02763512114730196, 0.001940008201967605], [-0.01985497527248289, 0.011885103083851968, -0.016678743073267603]]	0.356381806023326	[[0.0, 0.0, 0.9581999999999999], [0.0, -1.0, 0.0], [0.9581999999999999, 0.0, 0.0]]
3	[[-0.8305561570912853, 0.32773595720904825, 0.4502950280316503], [-0.5100865793185324, -0.772219296347621, -0.37879947194723407], [0.22358030216652452, -0.5443036842615101, 0.808545204538665]]	0.5010681184884557	0.4989318815115442	[[-0.4161652109327325, 0.16421803943975083, 0.22562848246052536], [-0.2555881225653494, -0.3869344698813816, -0.1898043386930211], [0.1120289613376608, -0.2727332229592493, 0.40513622435105234]]	0.7306563558121945	0.47357603854546104	[[-0.5020923660009053, 0.13009890112460473, 0.2520195933155269], [-0.5535531747400206, -0.5912916453157566, -0.28649593683580504], [0.21978259904143765, -0.3299203614289758, 0.45157850323027676]]	[[0.10475876903679363, -0.1093634590383797, -0.07699133090642858], [-0.18085517354643388, -0.02706470835854683, -0.009723695079255376], [0.05642223022905559, 0.0677785849686904, -0.13919018942736944]]	0.6807495155605058	[[-0.6492281395317125, 0.6492281395317124, 0.0], [-0.7071067811865475, -0.7071067811865476, 0.0], [0.0, 0.0, 0.9181472399999999]]
3	[[-0.5446221603179724, 0.8109226453022452, -0.2139887049042392], [-0.8354447797583356, -0.5021691245819775, 0.22328947644507607], [0.07361197229480154, 0.30038414347728, 0.9509735242804028]]	0.5860502020084468	0.4139497979915532	[[-0.31917592707262443, 0.47524138009260486, -0.1254081237366553], [-0.4896125819442751, -0.2942963169036728, 0.13085884277699716], [0.04314031123360862, 0.17604018796499418, 0.5573182260092147]]	0.7700459103501694	0.3368000071321874	[[-0.4824602492586941, 0.5779450923102447, -0.11044318574725102], [-0.6736836057830946, -0.4246421306584284, 0.0517106352980255], [0.1346628670046085, 0.10483095655280915, 0.7322932732234118]]	[[-0.063076182019765, -0.04650257431509044, 0.05433794132538764], [-0.030352769806790185, -0.0379488499699519, -0.12023251286273581], [0.07797826878618658, -0.12647862466590884, 0.0]]	0.4060890869655172	[[-0.6492281395317125, 0.6492281395317124, 0.0], [-0.7071067811865475, -0.7071067811865476, 0.0], [0.0, 0.0, 0.9181472399999999]]
3	[[0.3802729664721569, 0.7767473726770865, -0.5020517802076895], [0.4287143634067757, 0.332951791095048, 0.839849450446521], [0.8195098935212374, -0.5346088512602871, -0.20639019011321075]]	0.5327304412352283	0.46726955876477194	[[0.20258298521854134, 0.41379697057456855, -0.26745826639297426], [0.2283891919815716, 0.17737355458012444, 0.4474133683075392], [0.43657786717220376, -0.2848024092201513, -0.10995033704563342]]	0.6896633052660255	0.46098137870349626	[[0.1963933188759517, 0.45151836712090654, -0.2908809967739449], [0.3401682815512478, 0.20451593690514488, 0.48062533975114297], [0.5634964437897941, -0.2802760069699004, -0.0702951404885577]]	[[-0.06586699208455246, -0.08417579327627422, 0.05536569337878235], [0.04449971666911086, -0.025108695835709065, -0.09858800816965982], [-0.0016894580742710524, 0.08842410041474229, 0.07204460019940262]]	0.6954595975592653	[[0.0, 0.6220904032992868, -0.6220904032992869], [0.0, 0.7071067811865476, 0.7071067811865475], [0.8797686853679998, 0.0, 0.0]]
3	[[0.04673222253661188, -0.9725397674033924, -0.22799671093185395], [-0.8377629715199755, -0.16246744520517667, 0.5213036857710898], [-0.5440306084466285, 0.16664552219444034, -0.8223502702654952]]	0.5379369367059798	0.46206306329402025	[[0.0251389886368071, -0.523165063301727, -0.12264785225772028], [-0.45066364658515456, -0.08739723978811934, 0.2804285078172366], [-0.2926541589820697, 0.08964478172504561, -0.4423725852859551]]	0.7364166298107049	0.4058424135206578	[[-0.009835711838282933, -0.7802292838633694, -0.10698411256235722], [-0.6587076845346651, -0.12972105455028943, 0.235811488690764], [-0.2766218222656683, 0.006946488165004029, -0.5866676234760482]]	[[-0.04425009766225841, -0.06403482599527628, 0.060916456910004156], [-0.041765100467723214, -0.01007732609833803, -0.14808521469268057], [0.12401136492046516, -0.11577404566247075, 0.01892479107679]]	0.6435216636280453	[[1.7566645895043516e-16, -0.8797686853679998, 0.0], [-1.0, -1.7938038903913487e-16, 0.0], [0.0, 0.0, -0.8797686853679998]]
3	[[-0.3195682178843842, -0.5708200961323295, -0.7563336379995778], [0.910087742671785, 0.03735879733279218, -0.41272826520656647], [0.2638493031197415, -0.8202248094963509, 0.507557688474819]]	0.4468793195302184	0.5531206804697816	[[-0.14280842775165817, -0.25508769613378923, -0.3379898614870658], [0.40669939115795983, 0.016694873930545546, -0.18443972630639796], [0.11790879703667242, -0.36654150472953234, 0.2268170344479577]]	0.652680119511797	0.5557487847489201	[[-0.26711071490342597, -0.2671107149034259, -0.4443952772113058], [0.609272104751421, 0.03664846556177393, -0.057310226585313644], [0.3400976616239332, -0.4003067987141247, 0.3273318529704946]]	[[-0.05853489226247411, 0.10545221365995831, 0.049248652029050724], [0.015275928098178918, 0.012265121253790132, 0.2120693068756048], [0.1678884669306359, 0.13503762797449448, -0.003940959802381673]]	0.9194487337060512	[[0.0, 0.0, -0.8797686853679998], [0.7071067811865475, 0.7071067811865476, 0.0], [0.6220904032992869, -0.6220904032992868, 0.0]]
3	[[0.22433838825039393, -0.7661379269479729, -0.6022499185961573], [-0.9416906372873723, -0.011392912655017143, -0.3362869982418849], [0.2507808429735371, 0.642575192824231, -0.724020780340167]]	0.47954084784849776	0.5204591521515023	[[0.10757942090655939, -0.36739443105752134, -0.2888034365802901], [-0.4515791266157786, -0.00546336699405081, -0.1612633522573398], [0.12025965806369096, 0.30814105277334364, -0.3471975388642546]]	0.6875794888011787	0.5341196001246532	[[0.29253290740388144, -0.39864936955046865, -0.326822064474339], [-0.6752426445287918, -0.02926300503838297, -0.03936045813555385], [0.290211959816182, 0.290211959816182, -0.4851923687281907]]	[[0.1382824330921952, 0.1281313546116133, 0.08727262668455826], [-0.027755477533884153, -0.0214294719790898, 0.19186358420608426], [0.11778019600330869, -0.15160956278222165, 0.012629469299531841]]	0.7343386016216596	[[1.7566645895043516e-16, -0.8797686853679998, 0.0], [-1.0, -1.7938038903913487e-16, 0.0], [0.0, 0.0, -0.8797686853679998]]
