3	[[0.8787972042104137, -0.3840163418041313, 0.28327887866788265], [-0.395223040501579, -0.9183905790867732, -0.018907472103605397], [0.2674214316928388, -0.09534250611366366, -0.9588511794847616]]	0.5838190823981203	0.4161809176018799	[[0.5130585773761573, -0.22419606829797087, 0.16538361500665175], [-0.23073875284822695, -0.5361739451655185, -0.011038543013994963], [0.1561257348645047, -0.055662774432816295, -0.5597956157631487]]	0.7980152379766101	0.35829407708266214	[[0.5588450406988444, -0.2375540654008893, 0.22784151581116593], [-0.3454980248261602, -0.8473082535751791, -0.023132460255075746], [0.20447855694236333, -0.0760847727055817, -0.6490907705088345]]	[[-0.1424485193523086, 0.06889682699084176, 0.0017806540372683095], [-0.030104016106453232, -0.11441857704977094, -0.008044009404780972], [-0.008927820510043184, 0.0, 0.11608708167185107]]	0.5080763089803245	[[0.6016218360770734, -0.6016218360770733, 0.0], [-0.7071067811865475, -0.7071067811865476, 0.0], [0.0, 0.0, -0.8508217600000002]]
3	[[0.8489524140446696, -0.5135124485683378, 0.12483895166604869], [0.522794976890395, 0.7815435453534784, -0.34040431673891397], [0.0772347773085365, 0.35425224329800037, 0.9319550081910795]]	0.6794621943589441	0.320537805641056	[[0.5768310701531141, -0.34891229513487715, 0.08482334804048358], [0.3552194221977813, 0.5310292923129434, -0.23129186402067947], [0.0524781112708826, 0.24070100658783788, 0.6332281949093185]]	0.8288977875168051	0.2574124749081799	[[0.664287233468741, -0.41173939074335475, 0.04931744867451793], [0.4766127831145709, 0.626219911334374, -0.2639984365826543], [0.028607150603989186, 0.22789574083967218, 0.7322585721136525]]	[[-0.039407544239936296, 0.013909941737277588, -0.05416128215738721], [0.04326918344522313, -0.021599804257163988, 0.018161948423401235], [-0.03541258542640987, -0.06574315985290528, -0.040236872241139136]]	0.4536318814660686	[[0.6522352949664716, -0.6522352949664715, 0.0], [0.7071067811865475, 0.7071067811865476, 0.0], [0.0, 0.0, 0.9224000000000001]]
3	[[0.22433838825039393, -0.7661379269479729, -0.6022499185961573], [-0.9416906372873723, -0.011392912655017143, -0.3362869982418849], [0.2507808429735371, 0.642575192824231, -0.724020780340167]]	0.4303716923058271	0.5696283076941729	[[0.0965488918004837, -0.32972407616027727, -0.2591913166572749], [-0.40527699319791927, -0.0049031870996322675, -0.1447284045338067], [0.10792897578840305, 0.27654617316950747, -0.31159804849958317]]	0.6485461485220161	0.5638368346275433	[[0.2686505229441248, -0.3890457357459535, -0.26665086437079155], [-0.6830634146000556, -0.04914680542166899, -0.040405131392857146], [0.242682761617249, 0.242682761617249, -0.4686145599276973]]	[[0.12315672527869509, 0.10783006601279607, 0.12393600078244395], [-0.07233357868808742, -0.041757975798809854, 0.1776925061149473], [0.08003981178365704, -0.17405690482469782, 0.0009463286118227623]]	0.7316782088520746	[[1.5670333172543111e-16, -0.7847979914240003, 0.0], [-1.0, -1.7938038903913487e-16, 0.0], [0.0, 0.0, -0.7847979914240003]]
3	[[0.04673222253661188, -0.9725397674033924, -0.22799671093185395], [-0.8377629715199755, -0.16246744520517667, 0.5213036857710898], [-0.5440306084466285, 0.16664552219444034, -0.8223502702654952]]	0.5070552580348229	0.49294474196517707	[[0.023695819156842508, -0.4931314027098538, -0.11560693109264211], [-0.42479211969608105, -0.08237997235076927, 0.26432977490316417], [-0.27585358054474696, 0.08449848825664977, -0.41697702848447704]]	0.7017068271536006	0.46416246237360625	[[-1.050420239694989e-16, -0.7090180325661303, -0.0998766647905301], [-0.6703241265702573, -0.1272641697378784, 0.23311604569576902], [-0.25872896328861505, 0.0, -0.5260690281353853]]	[[-0.03279231960200191, -0.02658023810079509, 0.060110183838917794], [-0.08246012991820305, -0.013259654247202539, -0.13268630963013994], [0.12302102883891147, -0.11693630063841565, 0.05097977082152116]]	0.6791680585791386	[[1.5670333172543111e-16, -0.7847979914240003, 0.0], [-1.0, -1.7938038903913487e-16, 0.0], [0.0, 0.0, -0.7847979914240003]]
3	[[-0.42203838922340475, -0.825029846081567, 0.3757783270710803], [0.2588054115689476, 0.28760896992378115, 0.9221175843470338], [-0.8688517462515349, 0.4864224845687207, 0.09214016247897017]]	0.4070520908505611	0.5929479091494391	[[-0.1717916087525898, -0.33583012386161853, 0.15296135373060923], [0.1053472839025801, 0.11707183255485126, 0.37534989071852876], [-0.35366791995084845, 0.19799928938042255, 0.037505845788375215]]	0.6011306065979292	0.6392764365947589	[[-0.0922224778200119, -0.33447297673494225, 0.2889691603339822], [0.1547576237840091, 0.08362614542549106, 0.6221030189244676], [-0.4444799981274272, 0.16990753856573962, -0.028536221818428815]]	[[0.1614777151014663, 0.16147771510146627, 0.06307730663538857], [-0.0008182302632590982, -0.08926440912779708, 0.06778991609131796], [0.07781337914042802, -0.12249590464592733, -0.08392449358144391]]	0.701054345097505	[[0.0, -0.5549359815974926, 0.5549359815974926], [0.0, 0.7071067811865476, 0.7071067811865475], [-0.7847979914240003, 0.0, 0.0]]
3	[[-0.3195682178843842, -0.5708200961323295, -0.7563336379995778], [0.910087742671785, 0.03735879733279218, -0.41272826520656647], [0.2638493031197415, -0.8202248094963509, 0.507557688474819]]	0.4110760315501861	0.5889239684498138	[[-0.13136683481747785, -0.23465045984717378, -0.3109106304367814], [0.3741152576199843, 0.015357306151051922, -0.16966269736970807], [0.10846212445374545, -0.33717475966676735, 0.2086448003610142]]	0.6176733011680325	0.6039915071152026	[[-0.2681909397159005, -0.26819093971590047, -0.3681674250236102], [0.6097297333646119, -0.097862992279604, -0.05704215395023637], [0.21779961897553235, -0.33675499438763845, 0.3345126964051675]]	[[-0.07080218362686777, 0.08438939343520918, 0.09899966994401665], [0.04759283299596749, -0.12093852395581722, 0.19788907610525874], [0.05482694890667676, 0.1698759713938933, 0.02100786343171023]]	0.9410196566333747	[[0.0, 0.0, -0.7847979914240003], [0.7071067811865475, 0.7071067811865476, 0.0], [0.5549359815974926, -0.5549359815974926, 0.0]]
3	[[-0.30792515101507295, 0.09349718223056193, 0.9468053539599837], [0.3027085282091916, -0.9338174967034747, 0.1906631317268273], [0.9019698710720718, 0.34531602882779927, 0.2592434992682147]]	0.6078454412140218	0.3921545587859781	[[-0.18717089927965133, 0.05683183598520373, 0.5755113181216044], [0.18399999888856328, -0.567616708297097, 0.11589371542774053], [0.5482582742435581, 0.20989877390110756, 0.15757997919455494]]	0.8018243157557325	0.2978074233751102	[[-0.1780919346553374, 0.07348588006272483, 0.7320336134547166], [0.2610240663447475, -0.8370291931554881, 0.13242226581015928], [0.6730426314408432, 0.24634155706322866, 0.1046060545926126]]	[[0.068809938861304, -0.0014824341043845213, -0.02713794163811146], [0.018305007839987578, -0.08827161782049338, -0.0204560693265491], [-0.05017874326380728, -0.030541231471108262, -0.10326168682224542]]	0.4818543033265139	[[0.0, 0.0, 0.9224000000000001], [0.0, -1.0, 0.0], [0.9224000000000001, 0.0, 0.0]]
3	[[0.034229894132735264, 0.2773841392786001, 0.9601491309293217], [-0.1827544195208179, -0.9427759796974285, 0.2788803941677556], [0.9825625356654255, -0.18501754344446375, 0.018422055382213542]]	0.7700846409008704	0.22991535909912977	[[0.026359915731282237, 0.2136092652879578, 0.7393960987029894], [-0.140736371529736, -0.7260173017752604, 0.21476150819696924], [0.7566563174405578, -0.14247916850379108, 0.014186541903667861]]	0.8748672139958945	0.19254307022310166	[[0.009203360683078773, 0.21369562644733298, 0.7889282316610154], [-0.16801157884704634, -0.8239828882911845, 0.25693131945011627], [0.8185536069778976, -0.14598580038126585, 0.0]]	[[-0.02074325143220175, -0.02897866268998513, -0.05107476353569966], [-0.008125728995431469, 0.0008209064889547826, 0.012948005966495006], [-0.04105814117645508, 0.015879982392356506, -0.01611685226831524]]	0.3728089796773594	[[0.0, 0.0, 0.9224000000000001], [0.0, -1.0, 0.0], [0.9224000000000001, 0.0, 0.0]]
3	[[0.5319609947059123, -0.8460851799387872, 0.03402011756955908], [-0.703274286200726, -0.4190807785627857, 0.5742617690636116], [-0.47161719485230363, -0.3294103357928521, -0.8179645788128509]]	0.46375073613654105	0.536249263863459	[[0.24669730289079345, -0.39237262503083037, 0.015776854566334694], [-0.32614396793148714, -0.19434901955916667, 0.26631431813832224], [-0.21871282128740638, -0.15276428571492034, -0.37933167555807534]]	0.6674146446480723	0.5464989403443098	[[0.4018945104959227, -0.5416997814890081, 0.09533158173096375], [-0.40582328663066913, -0.23334353250554465, 0.3012834945558783], [-0.27777487606514617, -0.040030182867739385, -0.44827411878341183]]	[[0.04685595224764114, 0.02298985822183784, 0.07262605705239082], [0.06355227118411508, 0.04635711639777439, -0.08198721997868542], [0.03698934644712481, 0.1798230993388492, 0.09764741991967724]]	0.6978005212300404	[[0.6016218360770734, -0.6016218360770733, 0.0], [-0.7071067811865475, -0.7071067811865476, 0.0], [0.0, 0.0, -0.8508217600000002]]
3	[[0.8592155572171323, 0.2624339665249735, -0.4391776855101157], [-0.4266000482917053, 0.8413623931712975, -0.33184593135155627], [0.2824199444684594, 0.4724804086637203, 0.8348660002631537]]	0.5066370343486278	0.4933629656513722	[[0.43531042177469165, 0.13295876651255972, -0.22250368013893945], [-0.21613138331949092, 0.42626534768877017, -0.16812543852061082], [0.14308440310640444, 0.23937607303321498, 0.4229740344518249]]	0.7459489861217665	0.44869374525443273	[[0.46859388565847315, 0.18999740803873552, -0.28715183220075213], [-0.3536660795127262, 0.749532161937184, -0.2510167720767923], [0.23914344489822004, 0.3128999582730359, 0.46569436980371737]]	[[-0.17233708810769524, -0.005764943214482086, 0.04045231703282273], [-0.03544420601003203, 0.12191873779007142, -0.003476636036465526], [0.028472573661407145, -0.039546323532064116, -0.1570730766401166]]	0.6891750640774617	[[0.6522352949664716, 0.6522352949664715, 0.0], [-0.7071067811865475, 0.7071067811865476, 0.0], [0.0, 0.0, 0.9224000000000001]]
3	[[0.3802729664721569, 0.7767473726770865, -0.5020517802076895], [0.4287143634067757, 0.332951791095048, 0.839849450446521], [0.8195098935212374, -0.5346088512602871, -0.20639019011321075]]	0.49991807251175896	0.5000819274882413	[[0.19010532842708944, 0.38831004937730196, -0.2509847582625254], [0.21432205821242106, 0.16644861764357421, 0.41985591846728476], [0.40968780637345387, -0.2672606264697684, -0.1031781860267318]]	0.6520047599326987	0.515969529874642	[[0.12413687809908734, 0.41149470458721615, -0.24318058638682644], [0.30205225969920174, 0.14933815821374744, 0.46813801006951167], [0.5679481519376057, -0.2763069388787107, -0.08946248969346819]]	[[-0.12380290611448652, -0.094948279663462, 0.08415956404127212], [0.022528454106467186, -0.06774799440834138, -0.0794478292484812], [0.03362380054981991, 0.07226057684514864, 0.045104896663759816]]	0.7241244636600558	[[0.0, 0.5549359815974926, -0.5549359815974926], [0.0, 0.7071067811865476, 0.7071067811865475], [0.7847979914240003, 0.0, 0.0]]
3	[[-0.5446221603179724, 0.8109226453022452, -0.2139887049042392], [-0.8354447797583356, -0.5021691245819775, 0.22328947644507607], [0.07361197229480154, 0.30038414347728, 0.9509735242804028]]	0.5362104753881073	0.46378952461189277	[[-0.29203210749099795, 0.4348252171404985, -0.11474298518438754], [-0.44797424251472967, -0.26926834501733177, 0.11973015631377584], [0.03947151065845171, 0.1610691243730017, 0.5099219655358986]]	0.7404355827377471	0.3712769334798131	[[-0.46922054514578876, 0.5403581697300647, -0.0843069023288662], [-0.68008918293678, -0.46353211443571846, 0.03896677615003789], [0.10040315676519154, 0.08425858043889073, 0.7041346356187291]]	[[-0.06596291849886007, -0.06007781169953871, 0.07413794908619999], [-0.061496140591207775, -0.09170822604295761, -0.12636469746077847], [0.04589823316261527, -0.1381565278818881, 0.0]]	0.43350332163334954	[[-0.6016218360770734, 0.6016218360770733, 0.0], [-0.7071067811865475, -0.7071067811865476, 0.0], [0.0, 0.0, 0.8508217600000002]]
3	[[-0.8305561570912853, 0.32773595720904825, 0.4502950280316503], [-0.5100865793185324, -0.772219296347621, -0.37879947194723407], [0.22358030216652452, -0.5443036842615101, 0.808545204538665]]	0.460422186909306	0.539577813090694	[[-0.3824064821989587, 0.15089690614700468, 0.20732582156071971], [-0.23485517836292583, -0.3555468971979371, -0.17440768127403583], [0.10294133167335469, -0.25060949265047694, 0.3722721512887242]]	0.6906083307622515	0.5223625980932741	[[-0.44470731529022345, 0.10941192314928339, 0.2472729833574128], [-0.5443655853996322, -0.5959685708248424, -0.27237486929253013], [0.20462248636807842, -0.3099183924316029, 0.4014852371724538]]	[[0.12888168596289928, -0.1169252591896261, -0.06370451430206645], [-0.19209554431223386, -0.06266749159181159, -0.010772798277428525], [0.05021606709753515, 0.0659822663839821, -0.15690281687981678]]	0.6855326293990214	[[-0.6016218360770734, 0.6016218360770733, 0.0], [-0.7071067811865475, -0.7071067811865476, 0.0], [0.0, 0.0, 0.8508217600000002]]
3	[[0.08740825448676931, -0.06334395238859675, -0.994156597696443], [0.7119981850616444, -0.6940087028176986, 0.10681996481098455], [-0.6967197295301035, -0.717174639895393, -0.015561310176609944]]	0.6400053603656224	0.35999463963437756	[[0.05594175141173482, -0.040540469075446686, -0.6362655515685731], [0.4556826550100469, -0.44416928994371935, 0.0683653500730973], [-0.44590436157175295, -0.45899561385133647, -0.009959321927342467]]	0.8268796220590896	0.2784188141141657	[[0.037516572164291585, -0.02935510166868028, -0.7351221380237003], [0.6358995089157226, -0.6395015557039744, 0.07120727227082493], [-0.540567040249256, -0.5255808799288123, 0.026528222584245052]]	[[-0.03475953227057295, 0.023022721742131574, 0.08692569374708503], [0.0471627187451924, -0.06563990181235678, -0.017119979860447224], [0.035536306385707185, 0.06743621525825388, 0.03939555286182455]]	0.25608881826051505	[[0.0, 0.0, -0.7847979914240003], [0.7071067811865475, -0.7071067811865476, 0.0], [-0.5549359815974926, -0.5549359815974926, 0.0]]
