3	[[-0.30792515101507295, 0.09349718223056193, 0.9468053539599837], [0.3027085282091916, -0.9338174967034747, 0.1906631317268273], [0.9019698710720718, 0.34531602882779927, 0.2592434992682147]]	0.6844221576574898	0.31557784234251035	[[-0.21075079625474463, 0.06399154319713672, 0.6480145632389553], [0.20718042401825804, -0.639125385952108, 0.13049407200220933], [0.6173281653011952, 0.23634194152403837, 0.1774319951278294]]	0.8361878617347045	0.27528202584172673	[[-0.2421276846680862, 0.07476656361197646, 0.7319625414995249], [0.24581108972682345, -0.8491397469136749, 0.11839777929722033], [0.6696986340054516, 0.25605425819062344, 0.16736112105610976]]	[[0.015355588933543576, -0.0034146452756171055, -0.05974460290724394], [-0.007310107205279939, -0.06829289109474165, -0.041032417133077675], [-0.08451762383543121, -0.03269481357761365, -0.04941514626560113]]	0.47260143293250534	[[0.0, 0.0, 0.9630000000000001], [0.0, -1.0, 0.0], [0.9630000000000001, 0.0, 0.0]]
3	[[-0.8305561570912853, 0.32773595720904825, 0.4502950280316503], [-0.5100865793185324, -0.772219296347621, -0.37879947194723407], [0.22358030216652452, -0.5443036842615101, 0.808545204538665]]	0.5067130928048411	0.4932869071951588	[[-0.4208536791078286, 0.1660681005007519, 0.22817038632856018], [-0.2584675482047355, -0.3912936279758812, -0.19194265198322366], [0.11329106640104056, -0.27580580327721954, 0.4097004412643098]]	0.7360320172350954	0.4681929025179771	[[-0.5087784341798519, 0.13481755011329283, 0.25109633248500973], [-0.5535741761374317, -0.593189652285829, -0.2873465262076196], [0.22313860771676813, -0.3319194496942763, 0.45832759967078757]]	[[0.10253748955107567, -0.10640660759175784, -0.08033522534805962], [-0.17813412219706293, -0.024811525847223403, -0.008537986742707934], [0.05857634689910893, 0.0687054890212175, -0.13678755825156885]]	0.6805176967540995	[[-0.6557489085621875, 0.6557489085621874, 0.0], [-0.7071067811865475, -0.7071067811865476, 0.0], [0.0, 0.0, 0.9273690000000001]]
3	[[0.034229894132735264, 0.2773841392786001, 0.9601491309293217], [-0.1827544195208179, -0.9427759796974285, 0.2788803941677556], [0.9825625356654255, -0.18501754344446375, 0.018422055382213542]]	0.8427786106130953	0.1572213893869046	[[0.028848222618619974, 0.2337734195073279, 0.8091931505459846], [-0.15402151576715767, -0.7945514302887988, 0.23503443112393352], [0.8280826886485874, -0.1559288282031732, 0.015525714239659424]]	0.9092877948591801	0.13773160070124124	[[0.009078333903937641, 0.2314107694094384, 0.8442563691030938], [-0.1655500318092341, -0.8261663505813912, 0.2541215222139811], [0.8766617897693672, -0.15693753236927827, 0.0]]	[[-0.0220464910502804, -0.020811242924111538, -0.02879551689558749], [0.0006263313176198999, 0.03108834104388674, 0.0005389835717236995], [-0.016770331597092066, 0.011296661719600755, -0.016750950115266644]]	0.3542515129121813	[[0.0, 0.0, 0.9630000000000001], [0.0, -1.0, 0.0], [0.9630000000000001, 0.0, 0.0]]
3	[[0.8787972042104137, -0.3840163418041313, 0.28327887866788265], [-0.395223040501579, -0.9183905790867732, -0.018907472103605397], [0.2674214316928388, -0.09534250611366366, -0.9588511794847616]]	0.6530994632730988	0.34690053672690124	[[0.573941982395721, -0.250800866720377, 0.1850092836145994], [-0.25811995562474344, -0.5998003942766419, -0.012348459882715782], [0.17465279350631666, -0.06226813956994587, -0.6262251906802755]]	0.8286580153781148	0.31305180480040945	[[0.5980489445877426, -0.2585575925729854, 0.23951100350309623], [-0.3429930448073377, -0.8492255448656474, -0.021008689637429884], [0.21485555241763352, -0.0790063318973243, -0.6970769629862512]]	[[-0.13017340257309465, 0.059660627099189865, 0.0047696901076308435], [-0.015488304433594932, -0.08819383025764442, -0.00534086132823917], [-0.006745360438528325, 0.0, 0.09748275244855602]]	0.4841671796190261	[[0.6557489085621875, -0.6557489085621874, 0.0], [-0.7071067811865475, -0.7071067811865476, 0.0], [0.0, 0.0, -0.9273690000000001]]
3	[[0.22433838825039393, -0.7661379269479729, -0.6022499185961573], [-0.9416906372873723, -0.011392912655017143, -0.3362869982418849], [0.2507808429735371, 0.642575192824231, -0.724020780340167]]	0.4863743603847515	0.5136256396152484	[[0.1091124400950314, -0.37262984418581985, -0.29291891894897465], [-0.45801418139095473, -0.005541220605503276, -0.16356137367560483], [0.12197337209800291, 0.31253209840899376, -0.3521451439432175]]	0.6923058919131717	0.5299885438231995	[[0.28994149475062136, -0.3998279949120322, -0.33753857137571325], [-0.6762804174073553, -0.018720424023216404, -0.039168923637568444], [0.29839050329614536, 0.29839050329614536, -0.48494563847277833]]	[[0.13463070678256905, 0.1305738059321926, 0.07940259567263443], [-0.024342440853838042, -0.010833043466095926, 0.1936445466190829], [0.1247734481266137, -0.14646808869331213, 0.016298213624291576]]	0.7356025024864036	[[1.7831965234711614e-16, -0.8930563470000003, 0.0], [-1.0, -1.7938038903913487e-16, 0.0], [0.0, 0.0, -0.8930563470000003]]
3	[[-0.5446221603179724, 0.8109226453022452, -0.2139887049042392], [-0.8354447797583356, -0.5021691245819775, 0.22328947644507607], [0.07361197229480154, 0.30038414347728, 0.9509735242804028]]	0.5927432872405931	0.4072567127594069	[[-0.3228211296109482, 0.48066895447429026, -0.126840368377296], [-0.49520428506194925, -0.2976573776554523, 0.1323533382742854], [0.04363300243828415, 0.1780506846396729, 0.563683172860738]]	0.7736209888206392	0.329218148035781	[[-0.4801976164534563, 0.5802430947887586, -0.1113609469073615], [-0.6736515266801141, -0.4135826950309799, 0.04865805174884513], [0.13708275458595032, 0.11467794014060945, 0.7356930781960535]]	[[-0.05886648225463377, -0.047103683927012696, 0.054185206577104], [-0.027333910058429188, -0.025094120316675673, -0.12408337381183746], [0.08013498779020845, -0.11770553796232466, 0.0]]	0.4027449149542302	[[-0.6557489085621875, 0.6557489085621874, 0.0], [-0.7071067811865475, -0.7071067811865476, 0.0], [0.0, 0.0, 0.9273690000000001]]
3	[[0.8592155572171323, 0.2624339665249735, -0.4391776855101157], [-0.4266000482917053, 0.8413623931712975, -0.33184593135155627], [0.2824199444684594, 0.4724804086637203, 0.8348660002631537]]	0.5703187385881097	0.42968126141189056	[[0.4900267327673547, 0.14967100875119707, -0.2504712636161746], [-0.24329800142335203, 0.4798447387689274, -0.18925795297401599], [0.16106938648137575, 0.2694644306766875, 0.47613972416018224]]	0.7861166458852126	0.3798797619589235	[[0.5497671686110444, 0.2063751227459385, -0.28437259103554235], [-0.3245756309557077, 0.7529350326123556, -0.2718919640988098], [0.24358148720132106, 0.3412932803374845, 0.5346733417604568]]	[[-0.1256764833208816, 7.141321497416281e-05, 0.06087229804530051], [0.010781768141837362, 0.09152605011857981, -0.011022353594069844], [0.021566467724687788, -0.030131433767713822, -0.12162871813001655]]	0.6540753052246984	[[0.8930563470000003, 0.0, 0.0], [0.0, 0.7071067811865476, -0.7071067811865475], [0.0, 0.6314861989453866, 0.6314861989453867]]
3	[[0.3802729664721569, 0.7767473726770865, -0.5020517802076895], [0.4287143634067757, 0.332951791095048, 0.839849450446521], [0.8195098935212374, -0.5346088512602871, -0.20639019011321075]]	0.5362541835916217	0.4637458164083785	[[0.20392296917749064, 0.4165340281918881, -0.2692273675159948], [0.22989987094270237, 0.17854679090904313, 0.45037278138907133], [0.439465608895488, -0.28668623307344004, -0.11067760290047943]]	0.694484219997679	0.45717003243378346	[[0.2031933988726991, 0.45833351968242375, -0.2946775871116442], [0.3400321251808612, 0.20913877849602686, 0.484937106158636], [0.5677411597654117, -0.28207204100603755, -0.06624829778334408]]	[[-0.060900175633920306, -0.08110527356646918, 0.05398945186433915], [0.04229676490850508, -0.022090986439447596, -0.09832508435019549], [-0.001395529417065628, 0.08920537006531809, 0.07708643241260175]]	0.6919439337447636	[[0.0, 0.6314861989453866, -0.6314861989453867], [0.0, 0.7071067811865476, 0.7071067811865475], [0.8930563470000003, 0.0, 0.0]]
3	[[0.5319609947059123, -0.8460851799387872, 0.03402011756955908], [-0.703274286200726, -0.4190807785627857, 0.5742617690636116], [-0.47161719485230363, -0.3294103357928521, -0.8179645788128509]]	0.5010070847799504	0.4989929152200498	[[0.26651622717425166, -0.4238946694766514, 0.01704431992739596], [-0.35234539993012604, -0.20996243915505314, 0.2877092148191371], [-0.2362835559250504, -0.16503691203196133, -0.40980604908428625]]	0.7041234084855502	0.512362791579871	[[0.45185263144924875, -0.5899861150265774, 0.10957890407619017], [-0.402874165670923, -0.21822437285742424, 0.30423261551562447], [-0.30599777662917943, -0.055323765368139974, -0.47304482348507937]]	[[0.07728644267555806, 0.005762265741031543, 0.08562454293603305], [0.09231772182897452, 0.07686021337498244, -0.10011853868038768], [0.026078930110618525, 0.17662176306069272, 0.10290318376907266]]	0.6688599883630534	[[0.6557489085621875, -0.6557489085621874, 0.0], [-0.7071067811865475, -0.7071067811865476, 0.0], [0.0, 0.0, -0.9273690000000001]]
3	[[0.08740825448676931, -0.06334395238859675, -0.994156597696443], [0.7119981850616444, -0.6940087028176986, 0.10681996481098455], [-0.6967197295301035, -0.717174639895393, -0.015561310176609944]]	0.7656455077754664	0.23435449222453367	[[0.06692373739028969, -0.04849901259107213, -0.7611715330516231], [0.5451382119367331, -0.5313646456694496, 0.0817862261982637], [-0.5334403310932617, -0.5491015413263953, -0.011914447231822056]]	0.8840364087456277	0.18326001739061332	[[0.04546407667571057, -0.0315679609660501, -0.8346377207626514], [0.6358569364918566, -0.6382647902324913, 0.07002325939649107], [-0.6124999114526812, -0.5988228281936423, 0.02929628389336452]]	[[-0.03180800271549688, 0.024430399219318995, 0.04423290759568392], [0.006424617936555729, -0.024735828955321382, -0.024409478677346046], [0.0034256961433365373, 0.03518566490291967, 0.04305304865727156]]	0.17175577379098395	[[0.0, 0.0, -0.8930563470000003], [0.7071067811865475, -0.7071067811865476, 0.0], [-0.6314861989453867, -0.6314861989453866, 0.0]]
3	[[0.04673222253661188, -0.9725397674033924, -0.22799671093185395], [-0.8377629715199755, -0.16246744520517667, 0.5213036857710898], [-0.5440306084466285, 0.16664552219444034, -0.8223502702654952]]	0.5420033084379284	0.45799669156207146	[[0.025329019225501168, -0.527119771520092, -0.12357497163803086], [-0.4540703022506168, -0.08805789281466365, 0.2825483223888169], [-0.2948663896695718, 0.09032242436575291, -0.4457165671787231]]	0.7404586826092391	0.39791670569173	[[-0.01428004286658419, -0.7892163854482266, -0.10962561442010556], [-0.6571200948316699, -0.12882692594072384, 0.23524016505106782], [-0.27771597912295365, 0.008029884561148394, -0.5964046220573175]]	[[-0.048883322801445715, -0.06909087049161479, 0.05919652979573449], [-0.03679122860118732, -0.008526495497209893, -0.150763675354334], [0.12511620850653965, -0.11536423926567563, 0.012511775706822733]]	0.6389471927373119	[[-1.7831965234711614e-16, -0.8930563470000003, 0.0], [-1.0, 1.7938038903913487e-16, 0.0], [0.0, 0.0, -0.8930563470000003]]
3	[[0.8489524140446696, -0.5135124485683378, 0.12483895166604869], [0.522794976890395, 0.7815435453534784, -0.34040431673891397], [0.0772347773085365, 0.35425224329800037, 0.9319550081910795]]	0.7397676934561136	0.26023230654388646	[[0.6280275691918248, -0.3798799196384004, 0.09235182332747209], [0.3867468342046498, 0.5781606658816563, -0.25182011623645073], [0.057135793064132634, 0.26206436492621565, 0.6894302068143883]]	0.865414925002103	0.203418381644378	[[0.7228562558156497, -0.43143277600571034, 0.05331376254876697], [0.47147349086265516, 0.6266985043642311, -0.268939489110746], [0.034110598938700255, 0.2593812813193559, 0.782095002911438]]	[[-0.011839833915172373, 0.012968561159703962, -0.054723729444647734], [0.019038915145577803, -0.04966094432372703, 0.025651487130253378], [-0.03272953007332102, -0.04719389724620982, -0.024432770607579427]]	0.43895675597405337	[[0.6809438302826454, -0.6809438302826453, 0.0], [0.7071067811865475, 0.7071067811865476, 0.0], [0.0, 0.0, 0.9630000000000001]]
3	[[-0.3195682178843842, -0.5708200961323295, -0.7563336379995778], [0.910087742671785, 0.03735879733279218, -0.41272826520656647], [0.2638493031197415, -0.8202248094963509, 0.507557688474819]]	0.451847399438827	0.548152600561173	[[-0.14439606819435946, -0.25792357598481436, -0.3417473874382165], [0.41122077978739846, 0.01688047542098437, -0.18649019330848554], [0.11921962145840195, -0.3706164471261334, 0.22933862160252924]]	0.6569231121989378	0.5545866660031703	[[-0.2683649301841716, -0.2683649301841716, -0.4512520717555731], [0.6065765319345104, 0.037159679578106224, -0.05888925658309557], [0.3455884866822565, -0.40886257712286794, 0.32693389957011926]]	[[-0.05843318193169364, 0.10661998387277519, 0.04560097557985434], [0.008718859644455238, 0.01261782216623901, 0.21224147988887063], [0.17225978132531494, 0.12996205743425585, -0.006492476763257815]]	0.9167679112193232	[[0.0, 0.0, -0.8930563470000003], [0.7071067811865475, 0.7071067811865476, 0.0], [0.6314861989453867, -0.6314861989453866, 0.0]]
3	[[-0.42203838922340475, -0.825029846081567, 0.3757783270710803], [0.2588054115689476, 0.28760896992378115, 0.9221175843470338], [-0.8688517462515349, 0.4864224845687207, 0.09214016247897017]]	0.44287907257232867	0.5571209274276714	[[-0.18691197040918095, -0.3653884530770955, 0.16642435698602123], [0.11461950065235534, 0.1273759938633269, 0.40838658055825033], [-0.384796255582728, 0.21542633884412293, 0.04080694970534997]]	0.6407613670539432	0.6084715519600824	[[-0.11451349624282707, -0.3727348530503233, 0.33664568840722386], [0.1371297099534593, 0.09324079021815034, 0.6430395182329829], [-0.4960919959589465, 0.18194063086277873, -0.031034688393963342]]	[[0.15591239898520587, 0.15591239898520587, 0.09586145384391472], [-0.02870279936441794, -0.09104792652718813, 0.05218219430229775], [0.06063463673639271, -0.12974010531525032, -0.09007454486456072]]	0.6719245082380345	[[0.0, -0.6314861989453866, 0.6314861989453867], [0.0, 0.7071067811865476, 0.7071067811865475], [-0.8930563470000003, 0.0, 0.0]]
