3	[[-0.30792515101507295, 0.09349718223056193, 0.9468053539599837], [0.3027085282091916, -0.9338174967034747, 0.1906631317268273], [0.9019698710720718, 0.34531602882779927, 0.2592434992682147]]	0.7203806556320538	0.2796193443679465	[[-0.22182332217383746, 0.0673535614350018, 0.6820602616416318], [0.21806536801675144, -0.6727040605159322, 0.13735003183823247], [0.6497616470832579, 0.24875898724722717, 0.18675400197118436]]	0.8526959052134554	0.258347143943471	[[-0.2597105620523348, 0.0801275145394701, 0.7468218969205072], [0.24332650637115427, -0.8497655012625154, 0.11937165801720484], [0.6832408471392237, 0.26681565047285893, 0.1795830475128647]]	[[0.0028559533304527993, 0.00040285010247369593, -0.060515151435347386], [-0.014791816106015161, -0.05350314560678321, -0.043206013681434445], [-0.08586516854984018, -0.02763391331317711, -0.04147282276634941]]	0.46895109675466945	[[0.0, 0.0, 0.9827999999999999], [0.0, -1.0, 0.0], [0.9827999999999999, 0.0, 0.0]]
3	[[0.8787972042104137, -0.3840163418041313, 0.28327887866788265], [-0.395223040501579, -0.9183905790867732, -0.018907472103605397], [0.2674214316928388, -0.09534250611366366, -0.9588511794847616]]	0.6904741001735276	0.3095258998264724	[[0.6067867088121972, -0.26515333805913743, 0.1955967288463722], [-0.2728912732581735, -0.6341249087027847, -0.013055119787293004], [0.18464757241522936, -0.06583153111712099, -0.6620619053550665]]	0.8430485625925204	0.28946112177660815	[[0.6190596551429324, -0.2691690897477674, 0.24359549623596294], [-0.340916567547018, -0.8501005082385102, -0.020972818456404703], [0.21869264357620097, -0.08037836273309273, -0.7221621873824492]]	[[-0.12180906467698255, 0.05457533522224354, 0.004777644762183476], [-0.007724351348716314, -0.07585265064089383, -0.005032901277201996], [-0.006756610018880652, 0.0, 0.08619592122232178]]	0.47485986888140325	[[0.6829914983838764, -0.6829914983838763, 0.0], [-0.7071067811865475, -0.7071067811865476, 0.0], [0.0, 0.0, -0.9658958399999998]]
3	[[0.8489524140446696, -0.5135124485683378, 0.12483895166604869], [0.522794976890395, 0.7815435453534784, -0.34040431673891397], [0.0772347773085365, 0.35425224329800037, 0.9319550081910795]]	0.7582362203771283	0.24176377962287177	[[0.6437064697052692, -0.38936373811906094, 0.09465741486710776], [0.39640208730952126, 0.5925946238889621, -0.25810688252417296], [0.05856220562809391, 0.26860688201839467, 0.7066420429723398]]	0.8823603052603101	0.19518036229411714	[[0.7543532296940169, -0.4432632087037176, 0.05412181576634103], [0.4681205007283665, 0.6258922455702735, -0.2726264425722746], [0.03882562890867446, 0.27409567916804695, 0.8080170759428448]]	[[0.005271318486085004, 0.009839792170010214, -0.05603111973409079], [0.006826965330800695, -0.06371075568204686, 0.027732814257400852], [-0.029323272773997905, -0.03848243836752635, -0.01430302957351081]]	0.43238222496870127	[[0.6949445445501389, -0.6949445445501388, 0.0], [0.7071067811865475, 0.7071067811865476, 0.0], [0.0, 0.0, 0.9827999999999999]]
3	[[-0.42203838922340475, -0.825029846081567, 0.3757783270710803], [0.2588054115689476, 0.28760896992378115, 0.9221175843470338], [-0.8688517462515349, 0.4864224845687207, 0.09214016247897017]]	0.46058698379837537	0.5394130162016247	[[-0.19438538873953273, -0.37999800835034686, 0.17307860624246832], [0.11920240390523874, 0.13246894797055203, 0.4247153568818443], [-0.4001818051739458, 0.22403986501921888, 0.0424385595228811]]	0.659717054338724	0.5948442904216033	[[-0.12645932549833716, -0.3923196623404749, 0.3619344046025941], [0.12878360827854848, 0.09795937412396218, 0.65312954464641], [-0.5226745689894171, 0.18755882035078025, -0.0321492182781157]]	[[0.1519665974579873, 0.15196659745798724, 0.11402703358292748], [-0.041954735488638734, -0.09178116831554943, 0.044792848147044935], [0.05052174570470201, -0.1333423883330195, -0.0929356548550333]]	0.6607161671681042	[[0.0, -0.6712440446116735, 0.6712440446116736], [0.0, 0.7071067811865476, 0.7071067811865475], [-0.9492824315519997, 0.0, 0.0]]
3	[[0.22433838825039393, -0.7661379269479729, -0.6022499185961573], [-0.9416906372873723, -0.011392912655017143, -0.3362869982418849], [0.2507808429735371, 0.642575192824231, -0.724020780340167]]	0.5138447007279484	0.48615529927205176	[[0.11527509197231398, -0.39367591378891187, -0.3094629291844738], [-0.4838827436952408, -0.005854187793636917, -0.17279929197030144], [0.12886240720603978, 0.33018385765197067, -0.37203424119470874]]	0.7117440977639022	0.5123267956301073	[[0.27786367161071934, -0.4043149999557259, -0.3843119082000996], [-0.6803922670092264, 0.01593437429574887, -0.038503755709006666], [0.3252061180465686, 0.3341459119372158, -0.4828589623843398]]	[[0.11819214787163468, 0.14097914762256555, 0.044335916739505946], [-0.01014951400041143, 0.02404321263429701, 0.20084653044439468], [0.1467143332278976, -0.12320318892493198, 0.03245855468118887]]	0.7433838831207831	[[-1.8954650929050235e-16, -0.9492824315519997, 0.0], [-1.0, 1.7938038903913487e-16, 0.0], [0.0, 0.0, -0.9492824315519997]]
3	[[0.5319609947059123, -0.8460851799387872, 0.03402011756955908], [-0.703274286200726, -0.4190807785627857, 0.5742617690636116], [-0.47161719485230363, -0.3294103357928521, -0.8179645788128509]]	0.5189018256555225	0.48109817434447755	[[0.27603553133042563, -0.43903514453031794, 0.0176531011158597], [-0.3649303110461411, -0.21746178109336725, 0.29798548037127814], [-0.24472302341939667, -0.17093162463270967, -0.4244433132675388]]	0.7207050082248643	0.4871811847417345	[[0.4938954501572909, -0.61477947915822, 0.11117041181123924], [-0.41848228005682936, -0.2345671579512922, 0.2886245011297181], [-0.29778979828799257, -0.063416982500288, -0.5082226965059418]]	[[0.11050849709245938, -0.005001652591500585, 0.08665194269845933], [0.08837102016380054, 0.06746645800968278, -0.12524883186649716], [0.0421070760070243, 0.1739906962666548, 0.08128847199502154]]	0.6551243083788847	[[0.6829914983838764, -0.6829914983838763, 0.0], [-0.7071067811865475, -0.7071067811865476, 0.0], [0.0, 0.0, -0.9658958399999998]]
3	[[-0.5446221603179724, 0.8109226453022452, -0.2139887049042392], [-0.8354447797583356, -0.5021691245819775, 0.22328947644507607], [0.07361197229480154, 0.30038414347728, 0.9509735242804028]]	0.621097444679371	0.37890255532062905	[[-0.33826343208925136, 0.5036619828298604, -0.13290783780627102], [-0.5188926178786223, -0.31189596007474296, 0.13868452324383135], [0.045720207890109915, 0.18656782393594015, 0.590647225888294]]	0.7877465447886561	0.3085033532889844	[[-0.4698126921744434, 0.5911284924718727, -0.11808603924069112], [-0.6697966159274895, -0.4351810978508858, 0.043405214528258095], [0.09032708118332997, 0.15383873845715978, 0.7445274737561223]]	[[-0.04078846716862712, -0.04767301945584786, 0.050482823671422664], [-0.011677877311140715, -0.03959910506188875, -0.1324902990290186], [0.032339504353021784, -0.08278783267636747, -0.0045986341812562755]]	0.38995442409894926	[[-0.6829914983838764, 0.6829914983838763, 0.0], [-0.7071067811865475, -0.7071067811865476, 0.0], [0.0, 0.0, 0.9658958399999998]]
3	[[0.8592155572171323, 0.2624339665249735, -0.4391776855101157], [-0.4266000482917053, 0.8413623931712975, -0.33184593135155627], [0.2824199444684594, 0.4724804086637203, 0.8348660002631537]]	0.604110072777461	0.39588992722253913	[[0.5190607728019686, 0.15853900261667947, -0.26531166355575286], [-0.25771338622037043, 0.5082754965709311, -0.20047146973969293], [0.17061273320664752, 0.28543017406376464, 0.5043509601784014]]	0.8060350034151605	0.3486995323785005	[[0.5812645808599745, 0.21473381138353223, -0.2920143187302017], [-0.32404278189472036, 0.7526870568426474, -0.27302347962616685], [0.25051110361997553, 0.35937401741151154, 0.562855860968973]]	[[-0.11129323373589588, 0.0032028482793210493, 0.061978268509806686], [0.019811789486991974, 0.07451951738943288, -0.00554404321590803], [0.022870742715831394, -0.02146173039934675, -0.11007535840433955]]	0.6362748973474959	[[0.9492824315519997, 0.0, 0.0], [0.0, 0.7071067811865476, -0.7071067811865475], [0.0, 0.6712440446116735, 0.6712440446116736]]
3	[[0.034229894132735264, 0.2773841392786001, 0.9601491309293217], [-0.1827544195208179, -0.9427759796974285, 0.2788803941677556], [0.9825625356654255, -0.18501754344446375, 0.018422055382213542]]	0.8662490828962017	0.1337509171037984	[[0.029651614400115996, 0.24028375626003967, 0.8317283041111101], [-0.1583108483051362, -0.8166788277894654, 0.24157988568554956], [0.8511438954083413, -0.16027127732847488, 0.015958088579905515]]	0.9250022081107465	0.12443972976992207	[[0.009744058775039983, 0.23988109651369505, 0.8716998608755453], [-0.16429629061526513, -0.8272416721382482, 0.2527792075214739], [0.9053996648581556, -0.1625586939867448, 0.0]]	[[-0.021918668881137214, -0.01669984481390891, -0.016440205349691473], [0.004751950983489132, 0.044828190835645564, -0.005185772882495387], [-0.003472850239257104, 0.008582942238610135, -0.017040441906485987]]	0.34564296187390975	[[0.0, 0.0, 0.9827999999999999], [0.0, -1.0, 0.0], [0.9827999999999999, 0.0, 0.0]]
3	[[0.08740825448676931, -0.06334395238859675, -0.994156597696443], [0.7119981850616444, -0.6940087028176986, 0.10681996481098455], [-0.6967197295301035, -0.717174639895393, -0.015561310176609944]]	0.8245489327703538	0.17545106722964632	[[0.07207238295238512, -0.05223018833947355, -0.819730761637208], [0.5870773436270077, -0.5722441352416707, 0.08807828798346402], [-0.5744795094240965, -0.5913455839357091, -0.012831061698632174]]	0.9097306586629025	0.1399006450823184	[[0.05852936892089394, -0.028894327073379408, -0.8791199646658364], [0.6333208051658226, -0.6374896044535073, 0.06671177537012349], [-0.6420630631030997, -0.6356343031434045, 0.024601634964745264]]	[[-0.020988600005929312, 0.028731608455410236, 0.025294771770618795], [-0.014405772697098142, -0.006128610121376065, -0.030465621575721545], [-0.00823576465423919, 0.016801454384961077, 0.03875823592137035]]	0.1355339632611123	[[0.0, 0.0, -0.9492824315519997], [0.7071067811865475, -0.7071067811865476, 0.0], [-0.6712440446116736, -0.6712440446116735, 0.0]]
3	[[0.04673222253661188, -0.9725397674033924, -0.22799671093185395], [-0.8377629715199755, -0.16246744520517667, 0.5213036857710898], [-0.5440306084466285, 0.16664552219444034, -0.8223502702654952]]	0.559367902297835	0.44063209770216494	[[0.02614050529002019, -0.5440075295936599, -0.12753404192475698], [-0.4686177160019296, -0.0908790740161081, 0.2916005491699042], [-0.3043132602326054, 0.09321615617723139, -0.4599963456324677]]	0.7538029942202138	0.3731401963813418	[[-0.015680881479725576, -0.8202817733971794, -0.16623776889909], [-0.6511094929880377, -0.16386260532865035, 0.235325094012559], [-0.2780952779560608, 0.021322791553833646, -0.6198900960239324]]	[[-0.05090777075438884, -0.08717838473027217, 0.005626834473701971], [-0.019601256609456302, -0.041394158669679805, -0.15763518521972192], [0.13199662363845246, -0.1042951020497266, 0.0]]	0.620769071081082	[[1.8954650929050235e-16, -0.9492824315519997, 0.0], [-1.0, -1.7938038903913487e-16, 0.0], [0.0, 0.0, -0.9492824315519997]]
3	[[0.3802729664721569, 0.7767473726770865, -0.5020517802076895], [0.4287143634067757, 0.332951791095048, 0.839849450446521], [0.8195098935212374, -0.5346088512602871, -0.20639019011321075]]	0.5507024049629374	0.4492975950370628	[[0.20941723717860727, 0.42775664618191456, -0.27648112277629855], [0.23609403097026616, 0.18335735209276058, 0.4625071121677005], [0.4513060692530662, -0.2944103801035135, -0.11365957405610302]]	0.7137420886126352	0.444047999126839	[[0.22098024329181168, 0.47852232533733213, -0.3111817599937624], [0.33598879922882396, 0.21724010474741606, 0.4877102690380177], [0.5979205089333388, -0.30513174649825875, -0.05723421560447235]]	[[-0.050436578040948234, -0.07587496676158849, 0.047153726203365456], [0.029997314072635547, -0.020401602036081237, -0.11172563184385609], [0.013001805892772646, 0.07644109159106022, 0.09007514975608956]]	0.6785139855501814	[[0.0, 0.6712440446116735, -0.6712440446116736], [0.0, 0.7071067811865476, 0.7071067811865475], [0.9492824315519997, 0.0, 0.0]]
3	[[-0.8305561570912853, 0.32773595720904825, 0.4502950280316503], [-0.5100865793185324, -0.772219296347621, -0.37879947194723407], [0.22358030216652452, -0.5443036842615101, 0.808545204538665]]	0.530500675811213	0.4694993241887869	[[-0.4406106026360908, 0.17386414678703488, 0.23888181668521952], [-0.27060127505071124, -0.40966285858687235, -0.20095337586493828], [0.11860950139741645, -0.2887534723472642, 0.42893377743167715]]	0.757196501942909	0.44419928859941216	[[-0.5366904316495386, 0.1515493194945775, 0.25080329327663275], [-0.5530319023444868, -0.599962629616142, -0.2917021665709055], [0.23438091534804384, -0.3405409907412173, 0.4847652729019361]]	[[0.09220378516712792, -0.0966112008650247, -0.09015852679121696], [-0.16679612879646982, -0.015240879688908828, -0.004876531474638681], [0.06508669264421289, 0.07160385497623582, -0.12746232763745488]]	0.6803884088730512	[[-0.6712440446116736, 0.6712440446116735, 0.0], [-0.7071067811865475, -0.7071067811865476, 0.0], [0.0, 0.0, 0.9492824315519997]]
3	[[-0.3195682178843842, -0.5708200961323295, -0.7563336379995778], [0.910087742671785, 0.03735879733279218, -0.41272826520656647], [0.2638493031197415, -0.8202248094963509, 0.507557688474819]]	0.47279215693848453	0.5272078430615155	[[-0.1510893470225456, -0.2698792644742372, -0.3575886120749513], [0.4302823468610697, 0.017662946371598556, -0.19513468673649143], [0.12474588112869855, -0.38779585685623724, 0.23996929430472103]]	0.6728745387037637	0.5506441589359327	[[-0.2590370740857795, -0.2744962889625616, -0.4782386262226688], [0.5914169212169444, -0.03821778179801285, -0.07051558403885463], [0.2860555031088963, -0.4524381465444962, 0.3148537531276224]]	[[-0.044007756892440596, 0.10959401990531759, 0.030679021552436507], [-0.020957948813282532, -0.06335556531984277, 0.2071987570220184], [0.1085180249848908, 0.0994702437787433, -0.02666889237042002]]	0.9063878218686353	[[0.0, 0.0, -0.9492824315519997], [0.7071067811865475, 0.7071067811865476, 0.0], [0.6712440446116736, -0.6712440446116735, 0.0]]
