3	[[0.5319609947059123, -0.8460851799387872, 0.03402011756955908], [-0.703274286200726, -0.4190807785627857, 0.5742617690636116], [-0.47161719485230363, -0.3294103357928521, -0.8179645788128509]]	0.48144470102395137	0.5185552989760487	[[0.2561098020525917, -0.4073432264964255, 0.016378805332076057], [-0.3385876784577413, -0.2017642201400452, 0.27647528571631586], [-0.22705759937342193, -0.15859286062998912, -0.39380471209473533]]	0.6849743346880114	0.5305468261577619	[[0.42449654935302683, -0.5642500625341333, 0.10206546273454023], [-0.4038546396075983, -0.22532549480634453, 0.3032521415789491], [-0.2915942539923773, -0.0469764701311846, -0.45939936688207655]]	[[0.06011692092437182, 0.01529657068382384, 0.07876255533632359], [0.07787019668593005, 0.06173408267023344, -0.09010243162215865], [0.03145142027900563, 0.1786611554678787, 0.10088537628861541]]	0.6839926217071017	[[0.6269283392476024, -0.6269283392476023, 0.0], [-0.7071067811865475, -0.7071067811865476, 0.0], [0.0, 0.0, -0.8866105599999999]]
3	[[0.22433838825039393, -0.7661379269479729, -0.6022499185961573], [-0.9416906372873723, -0.011392912655017143, -0.3362869982418849], [0.2507808429735371, 0.642575192824231, -0.724020780340167]]	0.4563481000240853	0.5436518999759147	[[0.10237639724053285, -0.34962558731909893, -0.2748356060910164], [-0.4297387331365625, -0.00519913404385746, -0.1534639327104871], [0.11444336121341216, 0.2932379683679481, -0.3304055074861908]]	0.6703036061747194	0.5466258356411934	[[0.28985386190570317, -0.3957776701620689, -0.2951504427477183], [-0.6757234288683523, -0.05105198433490239, -0.04106289876530185], [0.26592708726392855, 0.2640935457107044, -0.48155842830080214]]	[[0.13947903125803984, 0.1177673450983811, 0.10853984950571725], [-0.044504798793657194, -0.04341527389741078, 0.1843514888659051], [0.09782778385923062, -0.16662692327779327, 0.0037553117066462527]]	0.7316915559188965	[[1.6669389591809862e-16, -0.834832503296, 0.0], [-1.0, -1.7938038903913487e-16, 0.0], [0.0, 0.0, -0.834832503296]]
3	[[-0.42203838922340475, -0.825029846081567, 0.3757783270710803], [0.2588054115689476, 0.28760896992378115, 0.9221175843470338], [-0.8688517462515349, 0.4864224845687207, 0.09214016247897017]]	0.42390956994382506	0.576090430056175	[[-0.17890611207547816, -0.3497380472432573, 0.15929602902291162], [0.10971009071732721, 0.12192019475237652, 0.39089446861819], [-0.36831457009842966, 0.20619914624453328, 0.03905909665101442]]	0.6199960182228058	0.6242810301991063	[[-0.10240132224101212, -0.35225442087088027, 0.3108321874107873], [0.14633715705279363, 0.08815904718271711, 0.6320426343643666], [-0.4684127748987479, 0.17567743404659172, -0.029750204502731237]]	[[0.15926079861466558, 0.15926079861466555, 0.07785112089229033], [-0.0141211676144683, -0.0901573689751899, 0.06033340373597323], [0.07027184820313528, -0.1259025695600593, -0.0868767383580951]]	0.686422585454279	[[0.0, -0.5903157242355423, 0.5903157242355425], [0.0, 0.7071067811865476, 0.7071067811865475], [-0.834832503296, 0.0, 0.0]]
3	[[0.034229894132735264, 0.2773841392786001, 0.9601491309293217], [-0.1827544195208179, -0.9427759796974285, 0.2788803941677556], [0.9825625356654255, -0.18501754344446375, 0.018422055382213542]]	0.8048693410410971	0.19513065895890297	[[0.02755059233452115, 0.22325798939641878, 0.7727945983122652], [-0.1470934292120689, -0.7588114815284439, 0.2244622790830829], [0.7908344606127006, -0.1489149482731881, 0.014827347576104809]]	0.8915045161978016	0.16612948721809095	[[0.009150061637324635, 0.22197488575813484, 0.8149571637288803], [-0.16681235132078504, -0.825054490217556, 0.2555434710722665], [0.8458760520364429, -0.1511201658992477, 0.0]]	[[-0.021366043570981486, -0.025314327130377196, -0.041020122718004454], [-0.003885960962868208, 0.015434553445508616, 0.006920340192689261], [-0.03008288595604744, 0.013823809657314699, -0.01642334557088939]]	0.36388041498103546	[[0.0, 0.0, 0.9416], [0.0, -1.0, 0.0], [0.9416, 0.0, 0.0]]
3	[[-0.8305561570912853, 0.32773595720904825, 0.4502950280316503], [-0.5100865793185324, -0.772219296347621, -0.37879947194723407], [0.22358030216652452, -0.5443036842615101, 0.808545204538665]]	0.4819053074823773	0.5180946925176227	[[-0.4002494202644574, 0.15793769723185766, 0.21699956394137818], [-0.24581342984913146, -0.37213657745022527, -0.182545476002894], [0.10774453426256182, -0.2623028343278338, 0.3896422254066069]]	0.7119902470133164	0.4991017756373483	[[-0.47207778171145864, 0.123606534439305, 0.2475220263264319], [-0.5468002023191763, -0.598657148011478, -0.2777750321802461], [0.21499951789684582, -0.31913918337552916, 0.4272229715502516]]	[[0.11927010173439631, -0.10973827068911095, -0.07308364191069106], [-0.1836235327119968, -0.048844540456486105, -0.008073502580021093], [0.05581252332999012, 0.06839973123208158, -0.14845332835066488]]	0.6823218835325687	[[-0.6269283392476024, 0.6269283392476023, 0.0], [-0.7071067811865475, -0.7071067811865476, 0.0], [0.0, 0.0, 0.8866105599999999]]
3	[[0.8489524140446696, -0.5135124485683378, 0.12483895166604869], [0.522794976890395, 0.7815435453534784, -0.34040431673891397], [0.0772347773085365, 0.35425224329800037, 0.9319550081910795]]	0.7148226865222711	0.285177313477729	[[0.6068504453369781, -0.3670703480482487, 0.08923771481254889], [0.3737057098811407, 0.5586650567237139, -0.24332872819508858], [0.055209171008637405, 0.25322754026081784, 0.6661825826730324]]	0.8463773491758816	0.23106212301697526	[[0.6901001966955762, -0.41954696477319914, 0.05299045199360766], [0.47460987472121935, 0.6247896134930307, -0.26659379374012315], [0.03125113922699507, 0.24430047695785712, 0.7533878933719798]]	[[-0.02843389708001662, 0.015078340214886765, -0.05267040899139864], [0.03212804801826059, -0.03669114068876664, 0.021516709509386053], [-0.03411862685559359, -0.05553059766431394, -0.035397716011972974]]	0.44649799487364183	[[0.6658117451652532, -0.6658117451652531, 0.0], [0.7071067811865475, 0.7071067811865476, 0.0], [0.0, 0.0, 0.9416]]
3	[[-0.3195682178843842, -0.5708200961323295, -0.7563336379995778], [0.910087742671785, 0.03735879733279218, -0.41272826520656647], [0.2638493031197415, -0.8202248094963509, 0.507557688474819]]	0.43001079729649144	0.5699892027035086	[[-0.13741778416308295, -0.2454588046507229, -0.3252316306983543], [0.3913475558360583, 0.01606468622711202, -0.1774776103882734], [0.11345804920064367, -0.35270552429388863, 0.21825528629502114]]	0.6365841705086882	0.5643880690811113	[[-0.25732483083885893, -0.25732483083885893, -0.4216250276005803], [0.6091453058301202, 0.039663632844423494, -0.05738450367371734], [0.3252942979985303, -0.3799153398327112, 0.3160058168553488]]	[[-0.053892761935988506, 0.10605020656722974, 0.05984499397319934], [0.02979785507127758, 0.015881613833125845, 0.2053517766782947], [0.15733200823275426, 0.14222679015117018, -0.007097373247701051]]	0.9291365149320397	[[0.0, 0.0, -0.834832503296], [0.7071067811865475, 0.7071067811865476, 0.0], [0.5903157242355425, -0.5903157242355423, 0.0]]
3	[[0.8787972042104137, -0.3840163418041313, 0.28327887866788265], [-0.395223040501579, -0.9183905790867732, -0.018907472103605397], [0.2674214316928388, -0.09534250611366366, -0.9588511794847616]]	0.6154407012652143	0.38455929873478567	[[0.5408475676291667, -0.23633928669723675, 0.17434135174098525], [-0.24323634520246204, -0.5652149420285304, -0.011636427890595387], [0.16458203345438832, -0.05867765882297614, -0.5901160423110796]]	0.8127255351030148	0.3382405449246085	[[0.5756701376193722, -0.24735202609745832, 0.23498083623392454], [-0.34532354132347426, -0.8482390622221729, -0.021059772898215274], [0.21061866994789116, -0.07748728929928976, -0.6703925816561431]]	[[-0.13855079041956964, 0.06474786078360656, 0.0047528579851875774], [-0.024115684246787984, -0.10183958740030745, -0.005693187515367251], [-0.006721556222685534, 0.0, 0.10889025627476669]]	0.49605318059867676	[[0.6269283392476024, -0.6269283392476023, 0.0], [-0.7071067811865475, -0.7071067811865476, 0.0], [0.0, 0.0, -0.8866105599999999]]
3	[[-0.30792515101507295, 0.09349718223056193, 0.9468053539599837], [0.3027085282091916, -0.9338174967034747, 0.1906631317268273], [0.9019698710720718, 0.34531602882779927, 0.2592434992682147]]	0.6444769431491669	0.35552305685083324	[[-0.19845066004493978, 0.06025677819701315, 0.6101942202773952], [0.19508866692544313, -0.6018238457346626, 0.12287799230655258], [0.5812987853211771, 0.2225482186793497, 0.16707645793967235]]	0.8180482810201675	0.2914840500590549	[[-0.21951873307514144, 0.0708598024843321, 0.7204508002394041], [0.250205468188448, -0.8466404964596207, 0.12003712517754019], [0.6597353204597584, 0.24679102843043144, 0.14865893059080937]]	[[0.03237890739561447, -0.00562540671960844, -0.05408169202825189], [0.0025752770367739666, -0.08273269849478745, -0.035934521985512655], [-0.07811958210273219, -0.03569415536086032, -0.06341476835120674]]	0.47719226835521616	[[0.0, 0.0, 0.9416], [0.0, -1.0, 0.0], [0.9416, 0.0, 0.0]]
3	[[0.8592155572171323, 0.2624339665249735, -0.4391776855101157], [-0.4266000482917053, 0.8413623931712975, -0.33184593135155627], [0.2824199444684594, 0.4724804086637203, 0.8348660002631537]]	0.5358943511193587	0.4641056488806412	[[0.4604487635065334, 0.14063688020258025, -0.23535284080254526], [-0.2286125560667705, 0.4508813537447632, -0.17783436005324146], [0.1513472528840904, 0.2531995820174538, 0.4473999734826371]]	0.7649805314884176	0.4186057291488456	[[0.4981629103048573, 0.20239812122319856, -0.29265589705617423], [-0.35599324793035425, 0.7487764433206123, -0.2505140697926296], [0.24388373184234685, 0.32688371072137307, 0.49537145602853105]]	[[-0.15912026331822138, 0.0016412460303107425, 0.043306482223207196], [-0.029652516255180984, 0.10515059261806622, 0.003341607144952836], [0.02783797261993539, -0.034554603416064485, -0.1432847805743857]]	0.6744534015367779	[[0.834832503296, 0.0, 0.0], [0.0, 0.7071067811865476, -0.7071067811865475], [0.0, 0.5903157242355423, 0.5903157242355425]]
3	[[0.3802729664721569, 0.7767473726770865, -0.5020517802076895], [0.4287143634067757, 0.332951791095048, 0.839849450446521], [0.8195098935212374, -0.5346088512602871, -0.20639019011321075]]	0.5207459438458963	0.47925405615410394	[[0.19802560484462223, 0.4044880437145496, -0.26144142814376575], [0.22325126581255397, 0.17338329470897246, 0.437348194761231], [0.4267564529927668, -0.27839539083790865, -0.10747685435103792]]	0.6724804564727471	0.4990501878520277	[[0.12986796603184775, 0.406269569821192, -0.281561960834537], [0.3090022689791403, 0.18971915578105214, 0.4541812510644502], [0.6017631665393324, -0.3178393981402076, -0.0702594246835934]]	[[-0.12585817204559402, -0.1160778579207021, 0.05605804949248531], [0.020700238178928573, -0.0341844166779645, -0.11060109074021211], [0.050658779260238124, 0.0416746061896812, 0.06853394457523562]]	0.7082670005773106	[[0.0, 0.5903157242355423, -0.5903157242355425], [0.0, 0.7071067811865476, 0.7071067811865475], [0.834832503296, 0.0, 0.0]]
3	[[-0.5446221603179724, 0.8109226453022452, -0.2139887049042392], [-0.8354447797583356, -0.5021691245819775, 0.22328947644507607], [0.07361197229480154, 0.30038414347728, 0.9509735242804028]]	0.563417374264308	0.43658262573569195	[[-0.30684958753250696, 0.4568879075476578, -0.12056495423936633], [-0.4707041041542647, -0.282930809608584, 0.12580517051953682], [0.04147426414475405, 0.16924164538860229, 0.5357950060449399]]	0.7565145833081804	0.35179023953453215	[[-0.47661263319983677, 0.5602743307915203, -0.09784273045654165], [-0.676616954745375, -0.44267590055359685, 0.04583962393900325], [0.11810889880005618, 0.09490926525188476, 0.7194253394581007]]	[[-0.06459802652648486, -0.053200476314475026, 0.06404284546674606], [-0.044590795309503016, -0.06277763452022832, -0.12308212129094522], [0.062420368252961045, -0.13233571988321438, 0.0]]	0.41829429650454725	[[-0.6269283392476024, 0.6269283392476023, 0.0], [-0.7071067811865475, -0.7071067811865476, 0.0], [0.0, 0.0, 0.8866105599999999]]
3	[[0.08740825448676931, -0.06334395238859675, -0.994156597696443], [0.7119981850616444, -0.6940087028176986, 0.10681996481098455], [-0.6967197295301035, -0.717174639895393, -0.015561310176609944]]	0.696808536223634	0.303191463776366	[[0.06090681786278862, -0.04413860674251767, -0.6927368036179267], [0.49612641312668837, -0.48359118833686376, 0.07443306331940222], [-0.48548025489199764, -0.49973341104222063, -0.010843253765885512]]	0.8540366297037131	0.23367037332344123	[[0.04026017574774672, -0.03118966125048534, -0.7816531468524798], [0.6356458542365977, -0.6389056913377492, 0.07146092694994985], [-0.5747666616483222, -0.5591260629850571, 0.02846824328299389]]	[[-0.034389675322418205, 0.02290839435958429, 0.06739300324190076], [0.027573323911390335, -0.04619683779827604, -0.01976723578229261], [0.020257508007649902, 0.05336734938017841, 0.04175817217999994]]	0.21522346916509	[[0.0, 0.0, -0.834832503296], [0.7071067811865475, -0.7071067811865476, 0.0], [-0.5903157242355425, -0.5903157242355423, 0.0]]
3	[[0.04673222253661188, -0.9725397674033924, -0.22799671093185395], [-0.8377629715199755, -0.16246744520517667, 0.5213036857710898], [-0.5440306084466285, 0.16664552219444034, -0.8223502702654952]]	0.5242524036644405	0.47574759633555946	[[0.02449947999340031, -0.5098563107204843, -0.11952782373361105], [-0.43919925152041134, -0.08517394866603466, 0.27329471030462604], [-0.28520935414517296, 0.08736431557035121, -0.43111910584078805]]	0.7217575576160322	0.4332183336576423	[[-0.003566744474511274, -0.7502721385890774, -0.10273187679379077], [-0.6672541671844308, -0.12414973956181963, 0.23345103204010278], [-0.27127449913043133, 0.0017998121797782123, -0.5594023418432322]]	[[-0.03729607927450505, -0.04833421138354079, 0.06182647243287262], [-0.06259241099902359, -0.006887633118414858, -0.14280384297827456], [0.12138370409037125, -0.11847785290692932, 0.034135180728475704]]	0.6597520583773571	[[1.6669389591809862e-16, -0.834832503296, 0.0], [-1.0, -1.7938038903913487e-16, 0.0], [0.0, 0.0, -0.834832503296]]
