3	[[0.8787972042104137, -0.3840163418041313, 0.28327887866788265], [-0.395223040501579, -0.9183905790867732, -0.018907472103605397], [0.2674214316928388, -0.09534250611366366, -0.9588511794847616]]	0.6185059391044575	0.38149406089554244	[[0.5435412900725337, -0.2375163881190225, 0.1752096688789364], [-0.2444477978211482, -0.5680300275827513, -0.011694383789531776], [0.16540174374583774, -0.058969906280404036, -0.5930551492286393]]	0.8140809409397746	0.3361348045389861	[[0.5775392233711, -0.24828403100586546, 0.23536653933800783], [-0.345123973137007, -0.8483237224292235, -0.021054953264627866], [0.21097866634903317, -0.07761651708856752, -0.6726198952811184]]	[[-0.13787283152775687, 0.06433635386629187, 0.004754603243693672], [-0.023380428444402954, -0.10067945565603852, -0.005662740583732244], [-0.0067240243909347, 0.0, 0.10796257513504896]]	0.49498825635670657	[[0.6293275525561683, -0.6293275525561682, 0.0], [-0.7071067811865475, -0.7071067811865476, 0.0], [0.0, 0.0, -0.89000356]]
3	[[0.08740825448676931, -0.06334395238859675, -0.994156597696443], [0.7119981850616444, -0.6940087028176986, 0.10681996481098455], [-0.6967197295301035, -0.717174639895393, -0.015561310176609944]]	0.7022792405856827	0.2977207594143173	[[0.06138500258188845, -0.04448514277915937, -0.6981755404535042], [0.500021544703476, -0.48738790477466815, 0.07501744376684759], [-0.4892918025554635, -0.503656861473047, -0.01092838509334789]]	0.8565852768540364	0.22940316664974228	[[0.04052403329341094, -0.03136478933967204, -0.7861136040851219], [0.6356233254514937, -0.6388509050607873, 0.07148345573505384], [-0.5780445154641561, -0.5623428237418171, 0.0286548187428003]]	[[-0.034348590575466416, 0.022894707654143014, 0.06546630038895267], [0.02573616298089357, -0.04437326821857818, -0.020016953396101787], [0.01875534694505708, 0.05197841372567207, 0.04198440792864326]]	0.21145646031524495	[[0.0, 0.0, -0.839629358504], [0.7071067811865475, -0.7071067811865476, 0.0], [-0.5937076130814892, -0.5937076130814891, 0.0]]
3	[[-0.8305561570912853, 0.32773595720904825, 0.4502950280316503], [-0.5100865793185324, -0.772219296347621, -0.37879947194723407], [0.22358030216652452, -0.5443036842615101, 0.808545204538665]]	0.483956510864337	0.5160434891356629	[[-0.4019530598627906, 0.15860995033567465, 0.2179232106257564], [-0.24685972116572183, -0.37372055628250805, -0.18332247076083671], [0.10820314293450539, -0.26341931188580414, 0.391300716064624]]	0.7140088680363641	0.49056236596049035	[[-0.48189668917020057, 0.11598631253537553, 0.25434770326245093], [-0.5536730012399704, -0.5852162926236614, -0.2839350588443951], [0.20966231374431632, -0.32372712533003056, 0.4311911920729966]]	[[0.11112777239518068, -0.11802006728627121, -0.0671669399848305], [-0.18946666014020408, -0.03384486696265882, -0.013468876666578108], [0.05002399527916788, 0.06491053213755271, -0.1461172541758862]]	0.6820954659537245	[[-0.6293275525561683, 0.6293275525561682, 0.0], [-0.7071067811865475, -0.7071067811865476, 0.0], [0.0, 0.0, 0.89000356]]
3	[[-0.5446221603179724, 0.8109226453022452, -0.2139887049042392], [-0.8354447797583356, -0.5021691245819775, 0.22328947644507607], [0.07361197229480154, 0.30038414347728, 0.9509735242804028]]	0.5658339836370011	0.434166016362999	[[-0.30816572654970775, 0.4588475908128243, -0.12108208134928841], [-0.47272304783939595, -0.2841443562217258, 0.12634477396113775], [0.04165215552694414, 0.16996755652513784, 0.5380931375768987]]	0.757998375979218	0.3500656610864328	[[-0.4772712809871827, 0.5621697147470303, -0.09916843100254696], [-0.6762957425720743, -0.4407200244128334, 0.04647951487648812], [0.1198473926722367, 0.0959527208734872, 0.7208363870037788]]	[[-0.06444856794386629, -0.05250833343684323, 0.06303465979276252], [-0.043029956294940164, -0.060076643512788894, -0.12277354564212942], [0.06404963722014992, -0.13173797205219942, 0.0]]	0.4169257468514876	[[-0.6293275525561683, 0.6293275525561682, 0.0], [-0.7071067811865475, -0.7071067811865476, 0.0], [0.0, 0.0, 0.89000356]]
3	[[-0.30792515101507295, 0.09349718223056193, 0.9468053539599837], [0.3027085282091916, -0.9338174967034747, 0.1906631317268273], [0.9019698710720718, 0.34531602882779927, 0.2592434992682147]]	0.647875489121584	0.3521245108784161	[[-0.19949715782672808, 0.06057453266911517, 0.6134119817997589], [0.19611743577480484, -0.6049974674270568, 0.12352596972497124], [0.5843641713937505, 0.2237217910783335, 0.16795750888998565]]	0.819579712408108	0.2901772227116971	[[-0.22155654578175707, 0.07111429008542543, 0.7212556317257719], [0.249781290071338, -0.8469227069728118, 0.11977998684626037], [0.6603971419435782, 0.24749618493505954, 0.15044225569633166]]	[[0.030812660930399693, -0.005514103638066989, -0.054726827979208637], [0.001687521578167081, -0.08158483158291854, -0.03648364782124198], [-0.07883906559044865, -0.03551782666153814, -0.06202845687758332]]	0.4767811245662958	[[0.0, 0.0, 0.9434], [0.0, -1.0, 0.0], [0.9434, 0.0, 0.0]]
3	[[0.22433838825039393, -0.7661379269479729, -0.6022499185961573], [-0.9416906372873723, -0.011392912655017143, -0.3362869982418849], [0.2507808429735371, 0.642575192824231, -0.724020780340167]]	0.45883002962828573	0.5411699703717142	[[0.10293318932769008, -0.3515270877208918, -0.27633034799310763], [-0.4320759430072444, -0.005227410451053988, -0.1542985733669313], [0.11506578161175451, 0.29483279476194335, -0.3322024760949734]]	0.6722901151950275	0.5449561665348013	[[0.2918990248407127, -0.3964733666248075, -0.29807927244552135], [-0.6750180414589796, -0.05126681925951136, -0.041351345893217185], [0.2683456384004819, 0.2659433854230514, -0.4826620975317127]]	[[0.14107854396118846, 0.11859358853832488, 0.10680739470368522], [-0.041928734438973124, -0.043607476698263, 0.18473107889340962], [0.0997481565890965, -0.16605356498221782, 0.004089916286771966]]	0.7318546826677229	[[-1.67651700603014e-16, -0.839629358504, 0.0], [-1.0, 1.7938038903913487e-16, 0.0], [0.0, 0.0, -0.839629358504]]
3	[[0.8489524140446696, -0.5135124485683378, 0.12483895166604869], [0.522794976890395, 0.7815435453534784, -0.34040431673891397], [0.0772347773085365, 0.35425224329800037, 0.9319550081910795]]	0.7172572383266258	0.2827427616733743	[[0.6089172639684017, -0.3683205207064693, 0.08954164170758121], [0.37497848133543693, 0.5605677649722359, -0.24415746013861536], [0.05539720307509284, 0.25408998569893565, 0.6684514754198014]]	0.8479939388447209	0.22861440022604504	[[0.6926957874001041, -0.4201815747812823, 0.05314645129907893], [0.47430295245801385, 0.6250634106412076, -0.26678730551121477], [0.031305806470910476, 0.2458430990115604, 0.7556173229565455]]	[[-0.027210714077369556, 0.015273869125979524, -0.05271622304545942], [0.030975980796492907, -0.037680778761756316, 0.021873491839962782], [-0.03418881655475025, -0.054560656127289324, -0.034674875265472]]	0.4458467887437926	[[0.667084537371389, -0.6670845373713888, 0.0], [0.7071067811865475, 0.7071067811865476, 0.0], [0.0, 0.0, 0.9434]]
3	[[-0.42203838922340475, -0.825029846081567, 0.3757783270710803], [0.2588054115689476, 0.28760896992378115, 0.9221175843470338], [-0.8688517462515349, 0.4864224845687207, 0.09214016247897017]]	0.42549800584401076	0.5745019941559895	[[-0.17957649300417716, -0.3510485542694979, 0.15989292880814307], [0.11012118652422563, 0.12237704316541892, 0.3923591932933592], [-0.36969468540411454, 0.2069717971816798, 0.039205455392944934]]	0.6217534509128402	0.6229122459112707	[[-0.10338867003237792, -0.3539499990223334, 0.3129440051267535], [0.14555537727380724, 0.08858545887954862, 0.6329710497536504], [-0.4706997147315432, 0.17621134955077664, -0.029861174287784523]]	[[0.15901515488497042, 0.15901515488497042, 0.07930253349205546], [-0.015357780484103828, -0.09023641068404956, 0.059641259538470034], [0.06951185683199587, -0.12622350883142325, -0.08714963827675401]]	0.6851228269351856	[[0.0, -0.5937076130814891, 0.5937076130814892], [0.0, 0.7071067811865476, 0.7071067811865475], [-0.839629358504, 0.0, 0.0]]
3	[[0.8592155572171323, 0.2624339665249735, -0.4391776855101157], [-0.4266000482917053, 0.8413623931712975, -0.33184593135155627], [0.2824199444684594, 0.4724804086637203, 0.8348660002631537]]	0.5387129617971143	0.4612870382028858	[[0.4628705576505992, 0.14137657938283327, -0.23659071171635604], [-0.22981497551801655, 0.4532528267700179, -0.17876970453871877], [0.15214328475518024, 0.25453132034234377, 0.4497531357054739]]	0.7667478101758117	0.41579960028942936	[[0.5008592713471658, 0.20382866745466166, -0.2932059711910029], [-0.35649155504130214, 0.7487212990988907, -0.2501488926096483], [0.24436499960321484, 0.3279448902390419, 0.49828962014714306]]	[[-0.15794237561806007, 0.0026079983058859453, 0.04353255745195961], [-0.0293969021927416, 0.10360852657051826, 0.0042932485699101915], [0.027820125632049247, -0.03432842845483824, -0.14184205734486866]]	0.6727021527529726	[[0.839629358504, 0.0, 0.0], [0.0, 0.7071067811865476, -0.7071067811865475], [0.0, 0.5937076130814891, 0.5937076130814892]]
3	[[0.3802729664721569, 0.7767473726770865, -0.5020517802076895], [0.4287143634067757, 0.332951791095048, 0.839849450446521], [0.8195098935212374, -0.5346088512602871, -0.20639019011321075]]	0.5220470640476363	0.4779529359523639	[[0.1985203856834748, 0.4054986854127883, -0.2620946578573135], [0.2238090747315587, 0.17381650501057166, 0.4384409398476272], [0.42782273387075304, -0.2790909812143124, -0.10774539279683518]]	0.6743486662782056	0.4911907832876136	[[0.13791387108838754, 0.4115879624479064, -0.2824604805144044], [0.3130967901621806, 0.1913184925515956, 0.45735273653382114], [0.5966139129624916, -0.31297283349482996, -0.07061152374760321]]	[[-0.11852269667376823, -0.11221059235198724, 0.05609746787124972], [0.023993830984511418, -0.03320710370828977, -0.10899862024927427], [0.043978509264650884, 0.047539932333068365, 0.06856742568814579]]	0.7068337679305668	[[0.0, 0.5937076130814891, -0.5937076130814892], [0.0, 0.7071067811865476, 0.7071067811865475], [0.839629358504, 0.0, 0.0]]
3	[[0.034229894132735264, 0.2773841392786001, 0.9601491309293217], [-0.1827544195208179, -0.9427759796974285, 0.2788803941677556], [0.9825625356654255, -0.18501754344446375, 0.018422055382213542]]	0.8079734218452005	0.19202657815479948	[[0.027656844691825066, 0.2241190121785162, 0.7757749787986596], [-0.1476607136975685, -0.7617379343495927, 0.22532794636125975], [0.7938844141184908, -0.14948925767821641, 0.014884531124588866]]	0.8930310433339892	0.16366160742314073	[[0.009144522227985818, 0.2227600712248355, 0.8174098567861346], [-0.1667032071363694, -0.8251512937459314, 0.25541891086559243], [0.8484519556042043, -0.15160560038198012, 0.0]]	[[-0.02142383584258275, -0.02495257607943334, -0.04003312336390046], [-0.0034978371977958406, 0.01677692303348712, 0.006370061496567522], [-0.02900689076198049, 0.013620809475321015, -0.016451467338334684]]	0.3630574359984193	[[0.0, 0.0, 0.9434], [0.0, -1.0, 0.0], [0.9434, 0.0, 0.0]]
3	[[-0.3195682178843842, -0.5708200961323295, -0.7563336379995778], [0.910087742671785, 0.03735879733279218, -0.41272826520656647], [0.2638493031197415, -0.8202248094963509, 0.507557688474819]]	0.43181702244017917	0.5681829775598207	[[-0.13799499631334922, -0.2464898342608794, -0.32659773953232607], [0.39299137919983423, 0.01613216462619246, -0.17822309055840016], [0.11393462044608305, -0.35418703496827747, 0.21917204975381643]]	0.6383428157495962	0.5777203759267778	[[-0.2583788972952282, -0.2583788972952282, -0.4240499315447577], [0.6091564002276925, -0.06641698103255081, -0.05737800472608584], [0.23809338374636685, -0.3820905976866951, 0.31722668348551386]]	[[-0.05438482126682997, 0.10600001015633825, 0.05875021258202856], [0.028208427991391262, -0.09026470091498381, 0.20608411822531994], [0.06966707665934244, 0.14149401675488155, -0.006769120530858433]]	0.9280573076116705	[[0.0, 0.0, -0.839629358504], [0.7071067811865475, 0.7071067811865476, 0.0], [0.5937076130814892, -0.5937076130814891, 0.0]]
3	[[0.04673222253661188, -0.9725397674033924, -0.22799671093185395], [-0.8377629715199755, -0.16246744520517667, 0.5213036857710898], [-0.5440306084466285, 0.16664552219444034, -0.8223502702654952]]	0.5257096078875361	0.47429039211246377	[[0.024567578385435336, -0.511273499776673, -0.1198600615036329], [-0.4404200432604634, -0.08541069691330323, 0.274054356237047], [-0.28600211784529483, 0.08760715212905293, -0.4323174381274828]]	0.7233430412241664	0.4302697108163183	[[-0.0042091548438923055, -0.7534846960840462, -0.10316159170181777], [-0.666302189779198, -0.12477370664070192, 0.2337231817476621], [-0.27185952736594404, 0.0023473223068619696, -0.5623069549898365]]	[[-0.03801258281668955, -0.050004823019032946, 0.061758242572736606], [-0.060312174134944246, -0.007254010726068953, -0.14335821171936514], [0.1216612274668739, -0.11819455652365383, 0.03253439045552185]]	0.6579643332413168	[[1.67651700603014e-16, -0.839629358504, 0.0], [-1.0, -1.7938038903913487e-16, 0.0], [0.0, 0.0, -0.839629358504]]
3	[[0.5319609947059123, -0.8460851799387872, 0.03402011756955908], [-0.703274286200726, -0.4190807785627857, 0.5742617690636116], [-0.47161719485230363, -0.3294103357928521, -0.8179645788128509]]	0.4830974206434658	0.5169025793565343	[[0.2569889844253585, -0.4087415680730907, 0.01643503104784147], [-0.33974999366844527, -0.20245684316493717, 0.27742437940878434], [-0.22783705036425467, -0.1591372835548248, -0.3951565782022072]]	0.6866040565302315	0.529063820321932	[[0.4266599544569961, -0.5663875225860953, 0.10271438769716061], [-0.40366830735121656, -0.22457863484079846, 0.3034384738353309], [-0.2929137401804893, -0.047654559147453195, -0.46042461667221135]]	[[0.06141337757605975, 0.014537994129986681, 0.07935603697026597], [0.07920267040760487, 0.06316392773425777, -0.09085198631397173], [0.03090053893451096, 0.17851991367090478, 0.10119318123873419]]	0.6827089617282532	[[0.6293275525561683, -0.6293275525561682, 0.0], [-0.7071067811865475, -0.7071067811865476, 0.0], [0.0, 0.0, -0.89000356]]
