3	[[-0.5446221603179724, 0.8109226453022452, -0.2139887049042392], [-0.8354447797583356, -0.5021691245819775, 0.22328947644507607], [0.07361197229480154, 0.30038414347728, 0.9509735242804028]]	0.5349496869951778	0.46505031300482225	[[-0.29134545419273683, 0.4338028152817376, -0.11447319070902622], [-0.44692092343347695, -0.26863521601377127, 0.11944863553361057], [0.039378701538201784, 0.16069040353148545, 0.5087229891545025]]	0.7397555973534983	0.37212523378524653	[[-0.4688981304743583, 0.5395399878498494, -0.08376667526776496], [-0.6802356427648409, -0.46440054396594277, 0.03867858709405507], [0.09969825935469286, 0.08383356846798998, 0.7034879875214108]]	[[-0.06601083893638399, -0.0603445780331921, 0.07453266695557195], [-0.06221069065885154, -0.0929181232383188, -0.12650105293632205], [0.04524339081738277, -0.13837728302556418, 0.0]]	0.43415971974309125	[[-0.6005787121534669, 0.6005787121534668, 0.0], [-0.7071067811865475, -0.7071067811865476, 0.0], [0.0, 0.0, 0.84934656]]
3	[[0.034229894132735264, 0.2773841392786001, 0.9601491309293217], [-0.1827544195208179, -0.9427759796974285, 0.2788803941677556], [0.9825625356654255, -0.18501754344446375, 0.018422055382213542]]	0.7682633313387872	0.23173666866121304	[[0.026297572497789204, 0.2131040629027195, 0.7376473699098021], [-0.14040351915794982, -0.724300214868535, 0.21425358066839403], [0.7548667668990059, -0.14214219428276248, 0.01415298963804701]]	0.8741598752885056	0.1936433059975353	[[0.009205348778223547, 0.21335444826824515, 0.7878489582230748], [-0.16806296033310317, -0.8239366562625441, 0.2569915519546189], [0.8174212570723159, -0.1457735836261716, 0.0]]	[[-0.020717051207987055, -0.029123636330545384, -0.05147488632846826], [-0.008306379756361757, 0.00020027657475873983, 0.013205501368524372], [-0.041495486568130444, 0.01596132907742648, -0.016103821635473727]]	0.3731869733091019	[[0.0, 0.0, 0.9216], [0.0, -1.0, 0.0], [0.9216, 0.0, 0.0]]
3	[[-0.30792515101507295, 0.09349718223056193, 0.9468053539599837], [0.3027085282091916, -0.9338174967034747, 0.1906631317268273], [0.9019698710720718, 0.34531602882779927, 0.2592434992682147]]	0.6063054624687451	0.3936945375312551	[[-0.186696701091952, 0.05668785231182538, 0.5740532580005917], [0.1835338341891071, -0.5661786492002059, 0.1156000982573733], [0.546869259813227, 0.20936699455630933, 0.15718074971583068]]	0.8011575261281267	0.29873899282468996	[[-0.17788276242670284, 0.07319627092950055, 0.730952527034498], [0.2610270831725695, -0.8371017106757235, 0.13224417620147533], [0.6720184623999171, 0.24579457719021275, 0.1046864914972023]]	[[0.06881378979316283, -0.0017097002862870806, -0.02758770806894779], [0.018509867574607354, -0.08896679516160763, -0.020507026736630796], [-0.05060148815028924, -0.030857958197855792, -0.10300838904131944]]	0.482059339576882	[[0.0, 0.0, 0.9216], [0.0, -1.0, 0.0], [0.9216, 0.0, 0.0]]
3	[[-0.8305561570912853, 0.32773595720904825, 0.4502950280316503], [-0.5100865793185324, -0.772219296347621, -0.37879947194723407], [0.22358030216652452, -0.5443036842615101, 0.808545204538665]]	0.4595425945188615	0.5404574054811384	[[-0.3816759313233443, 0.15060863209296863, 0.20692974548060805], [-0.23440651008928937, -0.3548676589811153, -0.17407449214100662], [0.1027446721409157, -0.2501307272717095, 0.3715609610794816]]	0.6897178688860383	0.523328742779135	[[-0.4435935082097585, 0.10884083653043256, 0.24724162614463052], [-0.5442670986007963, -0.5958525280985829, -0.27215144022888177], [0.20420049218069652, -0.3095350766004515, 0.40043749877068613]]	[[0.12925591444942042, -0.11720450943311801, -0.06333490095933818], [-0.19245127016584895, -0.0632390807090256, -0.010886675702278895], [0.04999316264550476, 0.06588090053521638, -0.15723057660174788]]	0.6856967832694773	[[-0.6005787121534669, 0.6005787121534668, 0.0], [-0.7071067811865475, -0.7071067811865476, 0.0], [0.0, 0.0, 0.84934656]]
3	[[0.08740825448676931, -0.06334395238859675, -0.994156597696443], [0.7119981850616444, -0.6940087028176986, 0.10681996481098455], [-0.6967197295301035, -0.717174639895393, -0.015561310176609944]]	0.6376360376846882	0.36236396231531187	[[0.05573465305187844, -0.04039038681235238, -0.6339100737932505], [0.45399570156139635, -0.4425249593833676, 0.068112259107694], [-0.44425360771432293, -0.4572963957108416, -0.009922452162195991]]	0.8257493308226945	0.28025105362667607	[[0.037405039567595576, -0.02928000236790929, -0.7332245760413], [0.6359106075676929, -0.6395268542232654, 0.07119617361885455], [-0.5391721580789415, -0.5242133387527257, 0.02644935712879796]]	[[-0.03477226808323396, 0.023026223928639095, 0.08769956923950459], [0.047978582706067106, -0.06644963228642446, -0.017010340842319695], [0.0361436923515103, 0.067993140223902, 0.03929909859385801]]	0.2578086489135249	[[0.0, 0.0, -0.782757789696], [0.7071067811865475, -0.7071067811865476, 0.0], [-0.5534933411206351, -0.553493341120635, 0.0]]
3	[[0.8592155572171323, 0.2624339665249735, -0.4391776855101157], [-0.4266000482917053, 0.8413623931712975, -0.33184593135155627], [0.2824199444684594, 0.4724804086637203, 0.8348660002631537]]	0.5054486773576332	0.49455132264236673	[[0.43428936696050147, 0.1326469012737653, -0.2219817802660746], [-0.21562443016974495, 0.4252655088068853, -0.16773108708815612], [0.14274878739099903, 0.23881459763647148, 0.4219819156038685]]	0.7451530678951532	0.4499245874819944	[[0.46742406456763297, 0.18933696918193507, -0.2868946773487911], [-0.3534491243789626, 0.7495416267621859, -0.25121087710167067], [0.23890706195345646, 0.312489622821058, 0.4644001805834066]]	[[-0.17282304387595668, -0.00621650609404286, 0.04035992236016442], [-0.035566789630177995, 0.12259785827898563, -0.003934863286534145], [0.02846097389800513, -0.0395806032150689, -0.15770278079403813]]	0.6892094726399783	[[0.6516696095415222, 0.6516696095415221, 0.0], [-0.7071067811865475, 0.7071067811865476, 0.0], [0.0, 0.0, 0.9216]]
3	[[0.8489524140446696, -0.5135124485683378, 0.12483895166604869], [0.522794976890395, 0.7815435453534784, -0.34040431673891397], [0.0772347773085365, 0.35425224329800037, 0.9319550081910795]]	0.6777640621543075	0.3222359378456926	[[0.5753894367186209, -0.3480402831084815, 0.08461135499626642], [0.3543316472111015, 0.5297021280492529, -0.23071381248782788], [0.05234695640821704, 0.24009943944492879, 0.6316456120966368]]	0.8281088586747544	0.25858488627892146	[[0.6632620788137354, -0.41106240549225226, 0.04909680415626397], [0.47651668744772396, 0.6266739529290501, -0.26390646206310486], [0.028242739712354508, 0.2274289033749167, 0.7314193883351501]]	[[-0.03976293584997333, 0.014181802206952445, -0.05428343762606045], [0.043585535814124374, -0.020529180418239926, 0.01798536815951681], [-0.03571606357461648, -0.06593051750556181, -0.04034080983418608]]	0.45393646938773136	[[0.6516696095415222, -0.6516696095415221, 0.0], [0.7071067811865475, 0.7071067811865476, 0.0], [0.0, 0.0, 0.9216]]
3	[[0.22433838825039393, -0.7661379269479729, -0.6022499185961573], [-0.9416906372873723, -0.011392912655017143, -0.3362869982418849], [0.2507808429735371, 0.642575192824231, -0.724020780340167]]	0.4293090533086972	0.5706909466913029	[[0.09631050108057557, -0.328909948121922, -0.2585513424077562], [-0.4042763160035056, -0.004891080546354121, -0.14437105285524712], [0.10766248628492626, 0.2758633477110241, -0.3108286757836612]]	0.6476241323502007	0.56456985738003	[[0.2677898109410683, -0.38876618664270657, -0.265532620023339], [-0.6833683304247314, -0.04907734702368402, -0.040422504485181955], [0.2417745335734988, 0.24177453357349873, -0.4680473279350265]]	[[0.12250285689756452, 0.10740322355755572, 0.12449896096547632], [-0.0735067485091893, -0.04169902185053701, 0.1773650709718722], [0.0793628077327099, -0.17437266814905678, 0.0008460017362893341]]	0.7317426096009887	[[1.5629595758372423e-16, -0.782757789696, 0.0], [-1.0, -1.7938038903913487e-16, 0.0], [0.0, 0.0, -0.782757789696]]
3	[[0.8787972042104137, -0.3840163418041313, 0.28327887866788265], [-0.395223040501579, -0.9183905790867732, -0.018907472103605397], [0.2674214316928388, -0.09534250611366366, -0.9588511794847616]]	0.5825426768326143	0.4174573231673858	[[0.5119368757337521, -0.2237059077020468, 0.1650220362693297], [-0.23023428795971462, -0.5350017063190636, -0.011014409411372286], [0.1557843966607564, -0.055541078727383515, -0.5585717327811625]]	0.7973942868857669	0.35912163948227815	[[0.5581527305456699, -0.23715085287828205, 0.2275390537784746], [-0.34550046324066597, -0.8472685618035793, -0.023225846253880918], [0.20421933677786092, -0.0760255696724067, -0.6482127250913632]]	[[-0.14259513942289864, 0.06906158414710416, 0.00165409433329865], [-0.03035186869908482, -0.11494916091007534, -0.00814913601901396], [-0.009020985044821097, 0.0, 0.11636972740346486]]	0.5086020512630105	[[0.6005787121534669, -0.6005787121534668, 0.0], [-0.7071067811865475, -0.7071067811865476, 0.0], [0.0, 0.0, -0.84934656]]
3	[[0.3802729664721569, 0.7767473726770865, -0.5020517802076895], [0.4287143634067757, 0.332951791095048, 0.839849450446521], [0.8195098935212374, -0.5346088512602871, -0.20639019011321075]]	0.49873823932386796	0.5012617606761324	[[0.1896566697607878, 0.3873936170484104, -0.25039242091019653], [0.2138162467783482, 0.1660557900704725, 0.4188650362128159], [0.4087209214032724, -0.2666298772045112, -0.1029346800307811]]	0.6511578338872263	0.5167026976770939	[[0.12397710098644567, 0.4117164042911127, -0.2416493267689928], [0.30181609487522376, 0.14765893488884968, 0.46875924613029274], [0.5664847774305668, -0.27456758128169, -0.09023601682046337]]	[[-0.1236406201474338, -0.0940687323788929, 0.08526562293027201], [0.022655378642926667, -0.069145232189474, -0.07811530281384121], [0.03285449031612639, 0.0735471602818969, 0.04415657230922777]]	0.7248055295154296	[[0.0, 0.553493341120635, -0.5534933411206351], [0.0, 0.7071067811865476, 0.7071067811865475], [0.782757789696, 0.0, 0.0]]
3	[[-0.42203838922340475, -0.825029846081567, 0.3757783270710803], [0.2588054115689476, 0.28760896992378115, 0.9221175843470338], [-0.8688517462515349, 0.4864224845687207, 0.09214016247897017]]	0.4063531976672012	0.593646802332799	[[-0.1714966489992454, -0.33525351612612364, 0.1526987248193649], [0.10516640656461791, 0.11687082460629832, 0.37470542902457227], [-0.35306068538804286, 0.1976593320217245, 0.03744144965690501]]	0.6003399034894313	0.6399158225745367	[[-0.09181222543635248, -0.33374407775364695, 0.2880841724741387], [0.15511165807357308, 0.0834379736512374, 0.6216874838942844], [-0.44350089672959375, 0.16966429527433868, -0.02848450439131457]]	[[0.16155426041886142, 0.1615542604188614, 0.062489447866866416], [-0.0002595577302715313, -0.0892251675955001, 0.06810350230147852], [0.07810547676167662, -0.12235453216673649, -0.08379992064144004]]	0.7016916055563609	[[0.0, -0.553493341120635, 0.5534933411206351], [0.0, 0.7071067811865476, 0.7071067811865475], [-0.782757789696, 0.0, 0.0]]
3	[[-0.3195682178843842, -0.5708200961323295, -0.7563336379995778], [0.910087742671785, 0.03735879733279218, -0.41272826520656647], [0.2638493031197415, -0.8202248094963509, 0.507557688474819]]	0.41029989971757846	0.5897001002824215	[[-0.13111880775088808, -0.23420742819987328, -0.31032361582425805], [0.3734089095524308, 0.015328310799214005, -0.16934236582486434], [0.10825734261058287, -0.3365381570822227, 0.20825086868210413]]	0.616888819735945	0.6046318411915892	[[-0.26768940833142385, -0.2676894083314238, -0.3672628076862944], [0.609789057869954, -0.09778737453715397, -0.05700740245958809], [0.2172554901751679, -0.33587022779413317, 0.33394700342035144]]	[[-0.07055134757560672, 0.08444312705320756, 0.09931095758585862], [0.04836610443700604, -0.12083359893053447, 0.19760004993535482], [0.054489804985479035, 0.17011728685421107, 0.0208403400292159]]	0.9415281311608847	[[0.0, 0.0, -0.782757789696], [0.7071067811865475, 0.7071067811865476, 0.0], [0.5534933411206351, -0.553493341120635, 0.0]]
3	[[0.04673222253661188, -0.9725397674033924, -0.22799671093185395], [-0.8377629715199755, -0.16246744520517667, 0.5213036857710898], [-0.5440306084466285, 0.16664552219444034, -0.8223502702654952]]	0.5062692954675532	0.49373070453244666	[[0.02365908937924338, -0.49236702285749345, -0.11542773421238908], [-0.42413366936022184, -0.0822522790204381, 0.26392004971996835], [-0.2754259928510589, 0.08436751111420182, -0.4163306919548642]]	0.7008082892188237	0.46543703824507066	[[-1.0476141168147969e-16, -0.707163772860786, -0.0998874059127377], [-0.6702758874960753, -0.1276095967713473, 0.23315015587224125], [-0.25809411751304734, 0.0, -0.5246636721829526]]	[[-0.03275032892727632, -0.02559984226954193, 0.05989457902293349], [-0.08316465265428324, -0.013751064443354603, -0.13218378831646332], [0.12316704247511008, -0.11678656331506322, 0.051646213860446315]]	0.6799891904834107	[[1.5629595758372423e-16, -0.782757789696, 0.0], [-1.0, -1.7938038903913487e-16, 0.0], [0.0, 0.0, -0.782757789696]]
3	[[0.5319609947059123, -0.8460851799387872, 0.03402011756955908], [-0.703274286200726, -0.4190807785627857, 0.5742617690636116], [-0.47161719485230363, -0.3294103357928521, -0.8179645788128509]]	0.46301129498959415	0.536988705010406	[[0.2463039490427371, -0.3917469948349616, 0.015751698691579788], [-0.32562393798668055, -0.19403913398760278, 0.265889685357158], [-0.21836408812792485, -0.15252070615840552, -0.378726838891756]]	0.6666760548458878	0.5471676526522704	[[0.40097142753306464, -0.5407700165023319, 0.09505837976760972], [-0.4059045111954204, -0.2336796053281556, 0.301202269991127], [-0.2772090742802642, -0.03975200687965223, -0.44780321030240394]]	[[0.04632577025063293, 0.023294713322831655, 0.07237798200094281], [0.0629516154034373, 0.045711514785825316, -0.08164430065702184], [0.03720681658135389, 0.17985797621218552, 0.09751418810422566]]	0.698380256020349	[[0.6005787121534669, -0.6005787121534668, 0.0], [-0.7071067811865475, -0.7071067811865476, 0.0], [0.0, 0.0, -0.84934656]]
