3	[[0.3802729664721569, 0.7767473726770865, -0.5020517802076895], [0.4287143634067757, 0.332951791095048, 0.839849450446521], [0.8195098935212374, -0.5346088512602871, -0.20639019011321075]]	0.4720978744669814	0.5279021255330189	[[0.17952605918875894, 0.3667007836386648, -0.2370175783084143], [0.20239513971780382, 0.15718583287594662, 0.396491140428065], [0.3868888788360384, -0.25238770235121616, -0.09743637006328298]]	0.6306135578875128	0.546025012296071	[[0.11083854910383681, 0.3882422311085999, -0.2295338581830391], [0.3026695992823669, 0.1420797719633637, 0.4624425329118577], [0.539668961241829, -0.2610783756628103, -0.09197146385205425]]	[[-0.12896673925160895, -0.1015851931550755, 0.0870668011774915], [0.032316509256939886, -0.06788414162410442, -0.06717791712409533], [0.022874911564384523, 0.07605321410859556, 0.03818098824831779]]	0.7410170694846053	[[0.0, 0.520652853706509, -0.5206528537065092], [0.0, 0.7071067811865476, 0.7071067811865475], [0.7363143270000001, 0.0, 0.0]]
3	[[0.8592155572171323, 0.2624339665249735, -0.4391776855101157], [-0.4266000482917053, 0.8413623931712975, -0.33184593135155627], [0.2824199444684594, 0.4724804086637203, 0.8348660002631537]]	0.4784626221998259	0.5215373778001742	[[0.4111025285409936, 0.12556484377784013, -0.21013010702082038], [-0.20411217773622164, 0.4025604568570599, -0.158775874480809], [0.13512738719190834, 0.22606421526728893, 0.3994521756713891]]	0.7263810474374235	0.47853796720081365	[[0.44034678308614306, 0.17398518814931835, -0.28078835836754823], [-0.34877974638116027, 0.7495766217540626, -0.2557957697154697], [0.23317764250724862, 0.3032885259717203, 0.43439830276029384]]	[[-0.18377111333976684, -0.016641871338249677, 0.03822198884443299], [-0.03890555646617588, 0.13842692532783815, -0.0147491745124789], [0.02803314742703008, -0.039912288167094745, -0.17203253698074808]]	0.6902206221606813	[[0.6385174234114525, 0.6385174234114523, 0.0], [-0.7071067811865475, 0.7071067811865476, 0.0], [0.0, 0.0, 0.903]]
3	[[0.8489524140446696, -0.5135124485683378, 0.12483895166604869], [0.522794976890395, 0.7815435453534784, -0.34040431673891397], [0.0772347773085365, 0.35425224329800037, 0.9319550081910795]]	0.6404194930322594	0.35958050696774063	[[0.543685674611, -0.3288633819778891, 0.07994929813664965], [0.33480809405995854, 0.5005157210979092, -0.21800155995192794], [0.04946265692839241, 0.226870042058446, 0.5968421538746064]]	0.8088974224441963	0.2883069424624024	[[0.6335265988419815, -0.39158871133876444, 0.05242211192220152], [0.4765598664677975, 0.6242289594041397, -0.26487603252096364], [0.023956096744630753, 0.22349803280167424, 0.7009098905823258]]	[[-0.05318882065653005, 0.02379018470117193, -0.048559794301100884], [0.05367235719438381, -0.007959599960187852, 0.010476141878021695], [-0.038518915543295944, -0.06305569369715257, -0.05294611337739828]]	0.46117986814980316	[[0.6385174234114525, -0.6385174234114523, 0.0], [0.7071067811865475, 0.7071067811865476, 0.0], [0.0, 0.0, 0.903]]
3	[[0.8787972042104137, -0.3840163418041313, 0.28327887866788265], [-0.395223040501579, -0.9183905790867732, -0.018907472103605397], [0.2674214316928388, -0.09534250611366366, -0.9588511794847616]]	0.553827500491067	0.44617249950893295	[[0.48670205904639124, -0.21267881072910522, 0.1568876333145457], [-0.2188853886574692, -0.5086299588901715, -0.010471478015744363], [0.1481053430921875, -0.0528033018514846, -0.5310381520769571]]	0.7827793060680726	0.3783225732693202	[[0.5420636093380536, -0.2278879074815427, 0.22058497292596746], [-0.3455719715611843, -0.8463250873152086, -0.02543208683894035], [0.19826110352304088, -0.07463214077444459, -0.6278680958229472]]	[[-0.14584065634833615, 0.07271213807469487, -0.0011598711414194155], [-0.03619955417524462, -0.12742794711820904, -0.01063170894617868], [-0.011070859205209905, 0.0, 0.12270076507668728]]	0.5165146157916188	[[0.903, 0.0, 0.0], [0.0, -1.0, 0.0], [0.0, 0.0, -0.903]]
3	[[-0.42203838922340475, -0.825029846081567, 0.3757783270710803], [0.2588054115689476, 0.28760896992378115, 0.9221175843470338], [-0.8688517462515349, 0.4864224845687207, 0.09214016247897017]]	0.3901868244530128	0.6098131755469874	[[-0.1646738188883449, -0.32191577572152463, 0.1466237521381304], [0.10098246169134265, 0.11222123065876222, 0.3597981320086523], [-0.33901450379034126, 0.18979564459641374, 0.035951877402254]]	0.5818554973436277	0.6550657687185796	[[-0.08258109356865517, -0.3170638881240943, 0.26808042871148174], [0.1634124202894372, 0.07908227707924245, 0.6119978283079163], [-0.4211368570208398, 0.16395055236217887, -0.02725919370300013]]	[[0.16298426329103258, 0.16298426329103255, 0.0494317433225819], [0.012825068825764951, -0.08826458315624772, 0.07545864265836838], [0.08440930791222649, -0.11907704431567717, -0.08087145376752398]]	0.717027204879123	[[0.0, -0.520652853706509, 0.5206528537065092], [0.0, 0.7071067811865476, 0.7071067811865475], [-0.7363143270000001, 0.0, 0.0]]
3	[[-0.3195682178843842, -0.5708200961323295, -0.7563336379995778], [0.910087742671785, 0.03735879733279218, -0.41272826520656647], [0.2638493031197415, -0.8202248094963509, 0.507557688474819]]	0.3925308125470332	0.6074691874529667	[[-0.1254403722303647, -0.22406447615299893, -0.29688425748062797], [0.35723748112005105, 0.01466447907282089, -0.16200856130266095], [0.10356898134356063, -0.32196351094283815, 0.19923203187151467]]	0.5984961627512726	0.620166074984824	[[-0.2556989968954258, -0.2556989968954258, -0.34729045628646354], [0.6112409943000748, -0.09526854539687576, -0.056156877790526874], [0.20493382213681097, -0.3161587890351671, 0.32026387561795405]]	[[-0.06443864475435923, 0.085934640261086, 0.10537232381599393], [0.06655697254404394, -0.11762764224555437, 0.19085940519459274], [0.047021026675048316, 0.17474261204179248, 0.01649254669086904]]	0.9390856181194802	[[-1.4702243061135848e-16, -0.7363143270000001, 0.0], [1.0, -1.7938038903913487e-16, 0.0], [0.0, 0.0, 0.7363143270000001]]
3	[[-0.30792515101507295, 0.09349718223056193, 0.9468053539599837], [0.3027085282091916, -0.9338174967034747, 0.1906631317268273], [0.9019698710720718, 0.34531602882779927, 0.2592434992682147]]	0.5703604157902127	0.42963958420978743	[[-0.17562831716522107, 0.0533270917322366, 0.5400202953570157], [0.17265296201263783, -0.5326125356919694, 0.1087467030875773], [0.5144479106949115, 0.1969545937812487, 0.14786223003352864]]	0.7853644011831775	0.32048404637792155	[[-0.17317256593799138, 0.06666018001388783, 0.7061218581627354], [0.2611616678439308, -0.838790741106155, 0.1280319113577048], [0.6484911749349366, 0.23340450770325155, 0.10651238592410356]]	[[0.06866088589820091, -0.006769178520931856, -0.03746536168707357], [0.023425165853878056, -0.10540372199325697, -0.021708124918644215], [-0.059883852744848885, -0.037794408496045886, -0.09708822963930941]]	0.48706249230998433	[[0.0, 0.0, 0.903], [0.0, -1.0, 0.0], [0.903, 0.0, 0.0]]
3	[[0.034229894132735264, 0.2773841392786001, 0.9601491309293217], [-0.1827544195208179, -0.9427759796974285, 0.2788803941677556], [0.9825625356654255, -0.18501754344446375, 0.018422055382213542]]	0.7278620646613249	0.2721379353386753	[[0.02491464141659126, 0.20189739231962642, 0.6988561288209927], [-0.13302000911840448, -0.6862108710956737, 0.2029864594925067], [0.7151699958683031, -0.13466725117005376, 0.013408715265803218]]	0.8573939777506252	0.21915116853702138	[[0.009246206985008401, 0.2055067049799989, 0.7628739645326514], [-0.1692904273042823, -0.8228247308428441, 0.25844851041202693], [0.7912306074168153, -0.14087761747937955, 0.0]]	[[-0.020102298103440275, -0.032320785561013504, -0.06035211806864559], [-0.012597888599821699, -0.014494283482323386, 0.01933813993987269], [-0.051212593426104486, 0.017755310048118353, -0.015794959342498378]]	0.3821103680049147	[[0.0, 0.0, 0.903], [0.0, -1.0, 0.0], [0.903, 0.0, 0.0]]
3	[[-0.5446221603179724, 0.8109226453022452, -0.2139887049042392], [-0.8354447797583356, -0.5021691245819775, 0.22328947644507607], [0.07361197229480154, 0.30038414347728, 0.9509735242804028]]	0.5061868246565182	0.4938131753434817	[[-0.27568056196892765, 0.4104783588676076, -0.10831826304783759], [-0.42289114024173613, -0.2541913946126947, 0.1130261910609495], [0.0372614105126092, 0.15205049576393234, 0.48137026858791543]]	0.7219768947787539	0.3931060816754668	[[-0.4482999658356547, 0.5219976671910845, -0.07420961534139686], [-0.6806046056214686, -0.46612291211826967, 0.03982593502189261], [0.09190679962911288, 0.07687764681336658, 0.6783651865088173]]	[[-0.0550953497015882, -0.06346974617000326, 0.08028528534309284], [-0.07743277777242542, -0.10356840689880839, -0.12138390781869715], [0.03876065645317239, -0.13999276433513572, -0.008215725567955934]]	0.449875819275801	[[-0.5765812333405416, 0.5765812333405416, 0.0], [-0.7071067811865475, -0.7071067811865476, 0.0], [0.0, 0.0, 0.815409]]
3	[[0.04673222253661188, -0.9725397674033924, -0.22799671093185395], [-0.8377629715199755, -0.16246744520517667, 0.5213036857710898], [-0.5440306084466285, 0.16664552219444034, -0.8223502702654952]]	0.4874240510921077	0.5125759489078923	[[0.02277840922533328, -0.47403927327593764, -0.11113108047808049], [-0.4083458214332284, -0.0791905403124923, 0.2540959543677917], [-0.2651736030871599, 0.08122703552437385, -0.4008333001494973]]	0.6796725683602677	0.49541046302780023	[[-9.876100910022694e-17, -0.6655215287647306, -0.09963761098747254], [-0.6717410988891446, -0.1353193973468242, 0.23211409496033011], [-0.24170173185319904, 0.0, -0.494612595146801]]	[[-0.031762609716642576, -0.004512927221169558, 0.055325499109274145], [-0.10233658835903307, -0.024894731589290814, -0.12220172004338038], [0.1280609490563201, -0.11326439007563326, 0.06431632513630825]]	0.6992941073204418	[[1.4702243061135848e-16, -0.7363143270000001, 0.0], [-1.0, -1.7938038903913487e-16, 0.0], [0.0, 0.0, -0.7363143270000001]]
3	[[-0.8305561570912853, 0.32773595720904825, 0.4502950280316503], [-0.5100865793185324, -0.772219296347621, -0.37879947194723407], [0.22358030216652452, -0.5443036842615101, 0.808545204538665]]	0.43912860358553013	0.5608713964144698	[[-0.3647209654628603, 0.14391823323397643, 0.19773742686104578], [-0.22399360728386686, -0.33910358126693135, -0.16634168315512507], [0.09818050587961678, -0.23901931679621624, 0.3550553266048407]]	0.6690247873675501	0.5457220240678422	[[-0.4182827323275205, 0.09601103602592748, 0.24606448534133246], [-0.5420416641086669, -0.5930617770847569, -0.26699331922042263], [0.1946131052783069, -0.3006393802661116, 0.3766211445968612]]	[[0.13737992406728616, -0.12325244305855655, -0.0551940500402074], [-0.2007810988410449, -0.07642792654467048, -0.013567083045984066], [0.04503234116177522, 0.06351327636031937, -0.16431563894667142]]	0.6901517342566916	[[-0.5765812333405416, 0.5765812333405416, 0.0], [-0.7071067811865475, -0.7071067811865476, 0.0], [0.0, 0.0, 0.815409]]
3	[[0.08740825448676931, -0.06334395238859675, -0.994156597696443], [0.7119981850616444, -0.6940087028176986, 0.10681996481098455], [-0.6967197295301035, -0.717174639895393, -0.015561310176609944]]	0.5844034104363398	0.4155965895636602	[[0.05108168202235549, -0.03701842180641307, -0.5809885062015897], [0.4160941675745092, -0.40558105279916323, 0.06242595173822918], [-0.40716538605567676, -0.41911930543332154, -0.009094082738068582]]	0.7995030685708289	0.3220797099585246	[[0.03487359163395741, -0.027564604966312634, -0.6900231021475393], [0.6361806071600378, -0.6401262751052046, 0.07092617402650969], [-0.5074111337963109, -0.4930882487401964, 0.02465935312870174]]	[[-0.03500957604663456, 0.02307907934377494, 0.10480814835070217], [0.06693587338639215, -0.08526418758759399, -0.014476715624500421], [0.04961842789684497, 0.08029507655734952, 0.03710066836588385]]	0.29786178207595626	[[0.0, 0.0, -0.7363143270000001], [0.7071067811865475, -0.7071067811865476, 0.0], [-0.5206528537065092, -0.520652853706509, 0.0]]
3	[[0.22433838825039393, -0.7661379269479729, -0.6022499185961573], [-0.9416906372873723, -0.011392912655017143, -0.3362869982418849], [0.2507808429735371, 0.642575192824231, -0.724020780340167]]	0.4050458419440733	0.5949541580559268	[[0.09086733134925717, -0.3103209816659286, -0.24393882533853], [-0.3814278770309147, -0.004614651898546668, -0.1362116503377294], [0.10157773768566081, 0.26027240998986584, -0.2932616065578879]]	0.6259767886445806	0.5823693316975829	[[0.24825286751825595, -0.3818001355663109, -0.2403354223692303], [-0.6905723307566967, -0.04759573160478786, -0.040804280915337526], [0.22123244885952406, 0.221232448859524, -0.4545850635494881]]	[[0.10782224367157325, 0.09778442360339751, 0.13665904763505238], [-0.1010958497308786, -0.04046403272769211, 0.1697035743070433], [0.06424946212136845, -0.18100470680726036, -0.0013648605602068938]]	0.734565255288138	[[1.4702243061135848e-16, -0.7363143270000001, 0.0], [-1.0, -1.7938038903913487e-16, 0.0], [0.0, 0.0, -0.7363143270000001]]
3	[[0.5319609947059123, -0.8460851799387872, 0.03402011756955908], [-0.703274286200726, -0.4190807785627857, 0.5742617690636116], [-0.47161719485230363, -0.3294103357928521, -0.8179645788128509]]	0.4457836973503886	0.5542163026496115	[[0.23713953906619206, -0.3771709797864813, 0.015165613794452998], [-0.313508211554015, -0.18681937895619805, 0.2559965346601518], [-0.2102392568552786, -0.1468457574351707, -0.36463527424484604]]	0.6491846971730592	0.5675543064861523	[[0.3844042777735655, -0.5147696934466821, 0.08993118278445074], [-0.40558408308030797, -0.23188940028009208, 0.30152269810623955], [-0.26028994027946506, -0.037962700685068754, -0.42974164100640455]]	[[0.03906334051752847, 0.03449585787449277, 0.06784584306226463], [0.05097082143650972, 0.040171428042239776, -0.0712792545413864], [0.04587672554233529, 0.1758854484022897, 0.10126844638850505]]	0.7119511169734881	[[0.5765812333405416, -0.5765812333405416, 0.0], [-0.7071067811865475, -0.7071067811865476, 0.0], [0.0, 0.0, -0.815409]]
