3	[[0.5319609947059123, -0.8460851799387872, 0.03402011756955908], [-0.703274286200726, -0.4190807785627857, 0.5742617690636116], [-0.47161719485230363, -0.3294103357928521, -0.8179645788128509]]	0.5088070704313021	0.49119292956869787	[[0.27066551530003663, -0.4304941217399954, 0.01730967635629585], [-0.35783092927145654, -0.2132312632146002, 0.2921884483779531], [-0.2399621632778292, -0.16760630792455258, -0.41618616106234063]]	0.7114393707440316	0.5012481957127702	[[0.4693741075559804, -0.6007548463464021, 0.11048926883258085], [-0.4091702417003364, -0.22462941856930557, 0.29793653948621107], [-0.303342380148821, -0.05877097875840485, -0.48748229245722074]]	[[0.09091611222203706, 0.0011834616650992962, 0.08628601779625576], [0.09116677393476605, 0.0735211468223215, -0.11061589213875914], [0.03218466018896725, 0.17558450325464203, 0.09444991278430093]]	0.6628612834285338	[[0.6675134400605856, -0.6675134400605854, 0.0], [-0.7071067811865475, -0.7071067811865476, 0.0], [0.0, 0.0, -0.94400656]]
3	[[0.8489524140446696, -0.5135124485683378, 0.12483895166604869], [0.522794976890395, 0.7815435453534784, -0.34040431673891397], [0.0772347773085365, 0.35425224329800037, 0.9319550081910795]]	0.7480084510394734	0.2519915489605267	[[0.6350235802357749, -0.3841116512430896, 0.09338059086511277], [0.3910550608750017, 0.5846011767797537, -0.2546253056910253], [0.05777226614093707, 0.26498367178659593, 0.6971102221154891]]	0.8729551368322063	0.1981568823603204	[[0.7375119899249866, -0.44003725035896274, 0.05200926572222708], [0.47057163964212184, 0.6263688939039682, -0.2699778694542202], [0.03727642525389323, 0.2623556713010645, 0.7953766277319545]]	[[-0.0035853808414098177, 0.008236079446051833, -0.05696953841139761], [0.014195079055576858, -0.055883558670404815, 0.027179827442872076], [-0.030146070339685253, -0.04689064422025744, -0.018178283964949044]]	0.4360524125855055	[[0.6870249486008496, -0.6870249486008495, 0.0], [0.7071067811865475, 0.7071067811865476, 0.0], [0.0, 0.0, 0.9716]]
3	[[0.034229894132735264, 0.2773841392786001, 0.9601491309293217], [-0.1827544195208179, -0.9427759796974285, 0.2788803941677556], [0.9825625356654255, -0.18501754344446375, 0.018422055382213542]]	0.8584464192498371	0.1415535807501628	[[0.029384530049547598, 0.23811942112041243, 0.8242365833921194], [-0.15688487703972864, -0.8093226639260148, 0.23940387577229302], [0.843477290431025, -0.15882764766830107, 0.015814347478083406]]	0.9162111310710288	0.12919164536254785	[[0.009045963826815766, 0.23526522898119162, 0.8561169940833283], [-0.16506396448386215, -0.8265898221826008, 0.25358523865643334], [0.8891332026254161, -0.15930401144254863, 0.0]]	[[-0.02231584619297918, -0.018877207008418356, -0.023582327162290893], [0.002377668933535724, 0.03719202452257768, -0.0019280827175403503], [-0.01110152952462169, 0.010211121304686715, -0.016878492198391003]]	0.350477149308236	[[0.0, 0.0, 0.9716], [0.0, -1.0, 0.0], [0.9716, 0.0, 0.0]]
3	[[-0.8305561570912853, 0.32773595720904825, 0.4502950280316503], [-0.5100865793185324, -0.772219296347621, -0.37879947194723407], [0.22358030216652452, -0.5443036842615101, 0.808545204538665]]	0.5169452288025584	0.4830547711974416	[[-0.4293520426609281, 0.16942153938625693, 0.23277786629447594], [-0.263686823454933, -0.3991950808361716, -0.1958185796960512], [0.11557877045921916, -0.28137519259864185, 0.4179735857574516]]	0.7456352701416616	0.4586821742527345	[[-0.5209288517299779, 0.14344572645921583, 0.2492310989793559], [-0.5536842692114766, -0.5965021971130967, -0.28889504289672024], [0.22924334982887679, -0.3354915566236163, 0.47059035777215036]]	[[0.09836311283060283, -0.10092576252948887, -0.08652475589047072], [-0.17334572484566652, -0.020708253472334494, -0.006448796301825592], [0.06253399082458594, 0.07036046802981644, -0.13228946423578222]]	0.680364900085945	[[-0.6675134400605856, 0.6675134400605854, 0.0], [-0.7071067811865475, -0.7071067811865476, 0.0], [0.0, 0.0, 0.94400656]]
3	[[-0.42203838922340475, -0.825029846081567, 0.3757783270710803], [0.2588054115689476, 0.28760896992378115, 0.9221175843470338], [-0.8688517462515349, 0.4864224845687207, 0.09214016247897017]]	0.45055260462522506	0.5494473953747752	[[-0.1901504955164395, -0.37171934604559853, 0.16930790402358498], [0.11660545227349269, 0.12958297051273754, 0.41546247939827674], [-0.3914634173068041, 0.2191589173707105, 0.04151399019549144]]	0.6490255948838638	0.6024257867499547	[[-0.11961368995735008, -0.38116545997783385, 0.3474609253549199], [0.13348391488930364, 0.0952888943943074, 0.6474324811792258], [-0.5075213031962783, 0.18440283745336786, -0.03152805981255347]]	[[0.1543000266721979, 0.15430002667219786, 0.10357117308314898], [-0.0344874213133958, -0.09137668840440999, 0.04895456744552075], [0.05638571828050804, -0.13129780495873322, -0.09132938357816295]]	0.666761746594764	[[0.0, -0.6485560583628648, 0.6485560583628649], [0.0, 0.7071067811865476, 0.7071067811865475], [-0.9171967736960001, 0.0, 0.0]]
3	[[-0.30792515101507295, 0.09349718223056193, 0.9468053539599837], [0.3027085282091916, -0.9338174967034747, 0.1906631317268273], [0.9019698710720718, 0.34531602882779927, 0.2592434992682147]]	0.7001675195724937	0.2998324804275065	[[-0.21559918920020915, 0.06546369016938997, 0.6629223562001185], [0.21194667934966993, -0.6538286804002671, 0.13349613201509627], [0.6315300073576544, 0.241779067372984, 0.1815138778479195]]	0.8434247770929971	0.26850825823866	[[-0.25055230456026256, 0.07673756646027095, 0.7374577316995352], [0.2444006483666124, -0.8497559239174952, 0.1183206377779861], [0.6746069542298575, 0.26025850660461136, 0.17381473809999162]]	[[0.009159397295952876, -0.002120273621364079, -0.06110136291462025], [-0.010911224562374242, -0.0621511099148265, -0.042489371598565966], [-0.08613678322370404, -0.030989588036114287, -0.044837652483110994]]	0.47094363486157065	[[0.0, 0.0, 0.9716], [0.0, -1.0, 0.0], [0.9716, 0.0, 0.0]]
3	[[0.3802729664721569, 0.7767473726770865, -0.5020517802076895], [0.4287143634067757, 0.332951791095048, 0.839849450446521], [0.8195098935212374, -0.5346088512602871, -0.20639019011321075]]	0.5425470940548098	0.4574529059451905	[[0.20631599290707087, 0.4214220298606617, -0.27238673441672584], [0.23259773204590384, 0.18064202671896235, 0.455657878783289], [0.44462271127911385, -0.2900504787072488, -0.11197639788734222]]	0.7029351156523342	0.4485453873102911	[[0.2083056270202204, 0.46696874423799567, -0.3020745035457605], [0.33467959557888155, 0.21759136602141613, 0.4908595008940123], [0.5844703960145377, -0.2929422143050135, -0.05655878957788785]]	[[-0.05900159464634143, -0.07903426000741884, 0.050835322637991925], [0.033321214955722794, -0.016452139758633133, -0.09950016968616227], [0.008408114233954567, 0.08285312038439799, 0.08852012257884917]]	0.6858858489354287	[[0.0, 0.6485560583628648, -0.6485560583628649], [0.0, 0.7071067811865476, 0.7071067811865475], [0.9171967736960001, 0.0, 0.0]]
3	[[0.8787972042104137, -0.3840163418041313, 0.28327887866788265], [-0.395223040501579, -0.9183905790867732, -0.018907472103605397], [0.2674214316928388, -0.09534250611366366, -0.9588511794847616]]	0.6690238099134019	0.33097619008659807	[[0.587936253702097, -0.25691607606280714, 0.1895203146743832], [-0.2644136243219251, -0.6144251642092086, -0.012649549022585445], [0.1789113050836396, -0.06378640668685508, -0.6414942692388546]]	0.834949602421575	0.3028375647863333	[[0.6071388875198372, -0.26313780571714224, 0.24129763178154587], [-0.3420819160513134, -0.8496099323262236, -0.02099182497292512], [0.21653189936063466, -0.07960618757348006, -0.7079259053001332]]	[[-0.12661248874483955, 0.057496486195604914, 0.004774044663367689], [-0.012090595516673974, -0.082800083450002, -0.005205038657222774], [-0.006751518710309483, 0.0, 0.09266650579212686]]	0.4799074298045317	[[0.6675134400605856, -0.6675134400605854, 0.0], [-0.7071067811865475, -0.7071067811865476, 0.0], [0.0, 0.0, -0.94400656]]
3	[[-0.5446221603179724, 0.8109226453022452, -0.2139887049042392], [-0.8354447797583356, -0.5021691245819775, 0.22328947644507607], [0.07361197229480154, 0.30038414347728, 0.9509735242804028]]	0.6049086843818431	0.39509131561815697	[[-0.32944667448314185, 0.4905341505052251, -0.12944362595619785], [-0.5053678025972934, -0.3037664644880659, 0.13506974343270153], [0.04452852131560105, 0.18170497704000826, 0.5752521434544232]]	0.7798123084480799	0.3276277837295616	[[-0.47380057512385226, 0.582840016744841, -0.11143803260460611], [-0.6740549425777407, -0.3907135929250218, 0.04090047267396922], [0.1401748684522889, 0.13640775565235316, 0.7415808592421071]]	[[-0.04909751105431397, -0.049527443261126305, 0.05543299334858359], [-0.02256482029349539, 0.0008840713466014873, -0.1332234094048287], [0.0827713464076636, -0.09783549669386377, 0.0]]	0.39698185995531815	[[-0.6675134400605856, 0.6675134400605854, 0.0], [-0.7071067811865475, -0.7071067811865476, 0.0], [0.0, 0.0, 0.94400656]]
3	[[0.22433838825039393, -0.7661379269479729, -0.6022499185961573], [-0.9416906372873723, -0.011392912655017143, -0.3362869982418849], [0.2507808429735371, 0.642575192824231, -0.724020780340167]]	0.49872659387941254	0.5012734061205875	[[0.1118835202485162, -0.3820933587485967, -0.3003580505656151], [-0.46964616402246456, -0.005681948522802352, -0.16771526919910726], [0.1250710756264, 0.3204693372286355, -0.36108841767696587]]	0.7007599239964681	0.5227539183982728	[[0.2849734216662423, -0.4018511483714767, -0.357339348286585], [-0.6780995502701451, -0.0009858469596115173, -0.03885545083937431], [0.3123297332309862, 0.31351510855090003, -0.48425291039112334]]	[[0.12776606976640606, 0.1350276070873965, 0.06469325889573727], [-0.018200490856460458, 0.00699784964661665, 0.19680100048960936], [0.13659256876908005, -0.13677583473462396, 0.023111836611915595]]	0.7384615938059368	[[1.831398549137317e-16, -0.9171967736960001, 0.0], [-1.0, -1.7938038903913487e-16, 0.0], [0.0, 0.0, -0.9171967736960001]]
3	[[0.08740825448676931, -0.06334395238859675, -0.994156597696443], [0.7119981850616444, -0.6940087028176986, 0.10681996481098455], [-0.6967197295301035, -0.717174639895393, -0.015561310176609944]]	0.7958937169534974	0.20410628304650277	[[0.06956768055589203, -0.050415053713085634, -0.7912429897744646], [0.5666748819728563, -0.5523571660836534, 0.08501733883825631], [-0.5545148552105496, -0.5707947898511303, -0.012385148997128372]]	0.8953735900044286	0.164295553940457	[[0.05081138517870676, -0.030451069141683464, -0.8540578978938004], [0.6349542326619603, -0.638168630457782, 0.068438440813325], [-0.6254422886110991, -0.6146984216112522, 0.027217078650227076]]	[[-0.027451657437132574, 0.026265432913563994, 0.036083664012252215], [-0.0025501383733217064, -0.01677156672158275, -0.027205334563632975], [-0.001617843154815721, 0.0274408103720192, 0.041150264808230766]]	0.15541395178606796	[[0.0, 0.0, -0.9171967736960001], [0.7071067811865475, -0.7071067811865476, 0.0], [-0.6485560583628649, -0.6485560583628648, 0.0]]
3	[[0.04673222253661188, -0.9725397674033924, -0.22799671093185395], [-0.8377629715199755, -0.16246744520517667, 0.5213036857710898], [-0.5440306084466285, 0.16664552219444034, -0.8223502702654952]]	0.549423708020649	0.4505762919793509	[[0.025675790990111406, -0.5343364052043115, -0.12526679833669127], [-0.4602868382549023, -0.08926346617726975, 0.28641660404118335], [-0.2989033141694765, 0.09155900072910679, -0.4518187347810513]]	0.7475619460263192	0.38383116123865296	[[-0.02239562005827011, -0.8053653406624588, -0.1144305683215377], [-0.6543064731149301, -0.12721571494949463, 0.23422669335751492], [-0.27960602093128045, 0.010029046916443572, -0.6139931569342646]]	[[-0.05733085127987458, -0.07833161955439502, 0.0560110965902792], [-0.02802675581666552, -0.0057612354459885065, -0.15548010444821367], [0.12709055941696368, -0.11454880395180445, 0.0007646114206785491]]	0.6309057641865863	[[1.831398549137317e-16, -0.9171967736960001, 0.0], [-1.0, -1.7938038903913487e-16, 0.0], [0.0, 0.0, -0.9171967736960001]]
3	[[-0.3195682178843842, -0.5708200961323295, -0.7563336379995778], [0.910087742671785, 0.03735879733279218, -0.41272826520656647], [0.2638493031197415, -0.8202248094963509, 0.507557688474819]]	0.460853844213553	0.539146155786447	[[-0.14727424170049275, -0.26306463565693394, -0.34855926458012715], [0.419417434781927, 0.017216945366012364, -0.19020740763603697], [0.12159596563579987, -0.3780037565757225, 0.2339099118937653]]	0.6639187896788007	0.5578671027019908	[[-0.2652326027894419, -0.2706184458817536, -0.4629925629113642], [0.5997213910369106, -0.05317196727686804, -0.0638837803222285], [0.2687015120782196, -0.4274113908357205, 0.3218873899376044]]	[[-0.05306525835183027, 0.10835974146675927, 0.03915155062267963], [-0.004502961579253017, -0.07797517478591101, 0.21013426997994616], [0.09352700209336584, 0.1171512719496216, -0.015089696286767132]]	0.91211781360188	[[0.0, 0.0, -0.9171967736960001], [0.7071067811865475, 0.7071067811865476, 0.0], [0.6485560583628649, -0.6485560583628648, 0.0]]
3	[[0.8592155572171323, 0.2624339665249735, -0.4391776855101157], [-0.4266000482917053, 0.8413623931712975, -0.33184593135155627], [0.2824199444684594, 0.4724804086637203, 0.8348660002631537]]	0.5847509251325868	0.41524907486741336	[[0.5024270919710291, 0.15345850471169256, -0.25680955789962834], [-0.24945477290018087, 0.4919874377786833, -0.19404721535930736], [0.16514532380382543, 0.2762833560731331, 0.4881886660156216]]	0.7947814069331177	0.3664351136597608	[[0.5634029645098007, 0.20992314831225947, -0.28765211137996993], [-0.32413029951252287, 0.7528622847593615, -0.2725129243953268], [0.24659425410824454, 0.349070410913234, 0.5468241384451119]]	[[-0.11948558491405446, 0.0013455111705022657, 0.061398147403390155], [0.014923487066494573, 0.08416309817406242, -0.008767948190706178], [0.0221321332976294, -0.026448233032852077, -0.11671183584466197]]	0.6462003392681549	[[0.9171967736960001, 0.0, 0.0], [0.0, 0.7071067811865476, -0.7071067811865475], [0.0, 0.6485560583628648, 0.6485560583628649]]
