3	[[0.08740825448676931, -0.06334395238859675, -0.994156597696443], [0.7119981850616444, -0.6940087028176986, 0.10681996481098455], [-0.6967197295301035, -0.717174639895393, -0.015561310176609944]]	0.8360642010349942	0.16393579896500587	[[0.07307891245134424, -0.05295961094417086, -0.8311787415567448], [0.5952761937319296, -0.5802358316326118, 0.08930834853428199], [-0.5825024240149032, -0.5996040423067014, -0.01301025435986512]]	0.9262097759576541	0.11891030948816757	[[0.07813673637543939, -0.02297647161856641, -0.9035890543229325], [0.627780397914782, -0.6289755403452573, 0.06682306990680613], [-0.6566025337321797, -0.6626213053159005, 0.020872491679656397]]	[[-0.0028216434296008297, 0.03569331633154808, 0.01720850529631367], [-0.03167928155341993, 0.013822104804185494, -0.03211462576858035], [-0.011293909138825178, 0.001632857224122764, 0.035285529291941856]]	0.11233661322871479	[[0.0, 0.0, -0.9928172661760001], [0.7071067811865475, -0.7071067811865476, 0.0], [-0.7020278213921393, -0.7020278213921392, 0.0]]
3	[[0.04673222253661188, -0.9725397674033924, -0.22799671093185395], [-0.8377629715199755, -0.16246744520517667, 0.5213036857710898], [-0.5440306084466285, 0.16664552219444034, -0.8223502702654952]]	0.573051393567613	0.4269486064323869	[[0.0267799652491172, -0.5573152690104362, -0.1306538329283311], [-0.48008123830886645, -0.09310219588419626, 0.298733803603056], [-0.3117574983137769, 0.09549644872532662, -0.4712489683763452]]	0.7610735280152183	0.3673328361503986	[[-0.007003004155538845, -0.8336244164183444, -0.1426692153380868], [-0.6445870572738251, -0.10944354400375261, 0.24247577780010193], [-0.2760479739096268, 0.03099488616945994, -0.6258690214552287]]	[[-0.04256966163347021, -0.0934501445055445, 0.03085304582668518], [-0.00698783689860448, 0.014206127706170215, -0.15427465749703811], [0.13799932060911455, -0.09583460933500113, 0.0]]	0.6080661080909427	[[1.9823926042677634e-16, -0.9928172661760001, 0.0], [-1.0, -1.7938038903913487e-16, 0.0], [0.0, 0.0, -0.9928172661760001]]
3	[[0.8787972042104137, -0.3840163418041313, 0.28327887866788265], [-0.395223040501579, -0.9183905790867732, -0.018907472103605397], [0.2674214316928388, -0.09534250611366366, -0.9588511794847616]]	0.7201369833307308	0.2798630166692695	[[0.6328543675995673, -0.27654436993653, 0.2039995971252011], [-0.2846147281296063, -0.6613670211429119, -0.01361596992310033], [0.19258006309726597, -0.06865966473588551, -0.6905041958572694]]	0.85357987925117	0.2731082274381912	[[0.6329807420060085, -0.27724198192928995, 0.24856172901609525], [-0.3442130031989784, -0.8507372974079791, -0.01613903775514036], [0.22150497540519118, -0.08138244485600496, -0.7411651721927832]]	[[-0.11714286945018237, 0.050546640738356484, 0.00676057796835712], [-0.0068585680103603695, -0.06681757780567904, 0.0], [-0.00676057796835712, 0.0, 0.07729090181166148]]	0.4691508521831161	[[0.7037167415719118, -0.7037167415719117, 0.0], [-0.7071067811865475, -0.7071067811865476, 0.0], [0.0, 0.0, -0.99520576]]
3	[[0.8489524140446696, -0.5135124485683378, 0.12483895166604869], [0.522794976890395, 0.7815435453534784, -0.34040431673891397], [0.0772347773085365, 0.35425224329800037, 0.9319550081910795]]	0.7722296827451683	0.22777031725483168	[[0.65558625336346, -0.39654955524362206, 0.09640434403931218], [0.4037177991448374, 0.6035311240798507, -0.2628703175203774], [0.05964298757786486, 0.2735640974537791, 0.7196833203081681]]	0.8943251312680884	0.19351975718126782	[[0.7754258510056155, -0.44174754581345194, 0.0600741579391246], [0.46415835303855746, 0.6250266932938475, -0.276947113753922], [0.039011684016289516, 0.29602035027533763, 0.8216598787543375]]	[[0.01618637187475577, 0.01749954216022421, -0.05157245389698495], [-0.0033903332952422783, -0.07392734049612916, 0.027485021497831216], [-0.030061318338628983, -0.020796333714161327, -0.011810906282101961]]	0.42773320047610375	[[0.7054097249116998, -0.7054097249116997, 0.0], [0.7071067811865475, 0.7071067811865476, 0.0], [0.0, 0.0, 0.9976]]
3	[[0.034229894132735264, 0.2773841392786001, 0.9601491309293217], [-0.1827544195208179, -0.9427759796974285, 0.2788803941677556], [0.9825625356654255, -0.18501754344446375, 0.018422055382213542]]	0.8686085693214166	0.13139143067858355	[[0.02973237937065873, 0.24093824037123737, 0.8339937629517196], [-0.1587420548771436, -0.8189032949155804, 0.24223790018984695], [0.8534622383731685, -0.1607078237106587, 0.016001555169504404]]	0.9362121970006365	0.12213758485282618	[[0.012661971427663446, 0.24552329615994983, 0.8923057498624937], [-0.1629225831438771, -0.8281254123539454, 0.2520193773785112], [0.9268562412195775, -0.1673557916307422, 0.0]]	[[-0.019384472961443838, -0.014167118287198993, -0.006597577453098583], [0.008174333467283842, 0.05451295887801188, -0.009071849145686761], [0.0069692110137332475, 0.0058598892010599405, -0.01724695294264954]]	0.3393949899107714	[[0.0, 0.0, 0.9976], [0.0, -1.0, 0.0], [0.9976, 0.0, 0.0]]
3	[[-0.5446221603179724, 0.8109226453022452, -0.2139887049042392], [-0.8354447797583356, -0.5021691245819775, 0.22328947644507607], [0.07361197229480154, 0.30038414347728, 0.9509735242804028]]	0.6431182197279455	0.3568817802720545	[[-0.350256434168082, 0.5215191279838561, -0.13762003493990302], [-0.5372897594391864, -0.32295411340350216, 0.14360153057534233], [0.04734120057289562, 0.193182515587612, 0.6115883999436228]]	0.798054829461357	0.3041711353143555	[[-0.46493686293595465, 0.6035198298343084, -0.12889170619508586], [-0.6632515379255589, -0.42319471149542753, 0.049581426974553776], [0.09297483281864348, 0.17517303743169024, 0.7468776873276002]]	[[-0.030298517662519422, -0.04364090356872748, 0.04188301320392343], [0.003479203308860578, -0.022436216416398733, -0.1286158180703371], [0.034228442822601526, -0.06454997896396622, -0.012051326414262393]]	0.3816050888720371	[[-0.7037167415719118, 0.7037167415719117, 0.0], [-0.7071067811865475, -0.7071067811865476, 0.0], [0.0, 0.0, 0.99520576]]
3	[[0.8592155572171323, 0.2624339665249735, -0.4391776855101157], [-0.4266000482917053, 0.8413623931712975, -0.33184593135155627], [0.2824199444684594, 0.4724804086637203, 0.8348660002631537]]	0.6307027534820218	0.36929724651797824	[[0.541909617771435, 0.16551782529450948, -0.2769905755190914], [-0.2690578250931419, 0.5306495780493607, -0.20929614263523247], [0.17812303661449702, 0.2979946947105193, 0.5265522851544933]]	0.8207955205560253	0.32477422478968515	[[0.6047386949501727, 0.22294813241625533, -0.2976100630508274], [-0.3262339177246895, 0.7522366080111954, -0.2719198234742441], [0.255355557336288, 0.37197809652817193, 0.5852629683295806]]	[[-0.10050158560569883, 0.007543508250807152, 0.06286501394403847], [0.0239174909821263, 0.061650124531897166, 0.00045783049385551486], [0.023546532000895053, -0.01583170645349001, -0.09999130495094155]]	0.6238390378014493	[[0.9928172661760001, 0.0, 0.0], [0.0, 0.7071067811865476, -0.7071067811865475], [0.0, 0.7020278213921392, 0.7020278213921393]]
3	[[0.22433838825039393, -0.7661379269479729, -0.6022499185961573], [-0.9416906372873723, -0.011392912655017143, -0.3362869982418849], [0.2507808429735371, 0.642575192824231, -0.724020780340167]]	0.5306520358340892	0.46934796416591085	[[0.11904562244080985, -0.4065526506646504, -0.31958514538396526], [-0.4997100538024449, -0.006045672294464805, -0.178451380241591], [0.13307736487209645, 0.3409838342486606, -0.38420310107369543]]	0.7262179594717377	0.5009207314493166	[[0.2673235399890553, -0.4072729729284413, -0.42208699610370026], [-0.6832917706440903, 0.038294176212919334, -0.03813575294848321], [0.3426271704800736, 0.36309477074103524, -0.48014017474761794]]	[[0.10440497344267573, 0.14911014905362294, 0.015277710871221267], [0.0005808824203853303, 0.04656791399368555, 0.2060819047116143], [0.16050561842122918, -0.10355487459893614, 0.04565671896615336]]	0.7520970242605719	[[-1.9823926042677634e-16, -0.9928172661760001, 0.0], [-1.0, 1.7938038903913487e-16, 0.0], [0.0, 0.0, -0.9928172661760001]]
3	[[-0.42203838922340475, -0.825029846081567, 0.3757783270710803], [0.2588054115689476, 0.28760896992378115, 0.9221175843470338], [-0.8688517462515349, 0.4864224845687207, 0.09214016247897017]]	0.4735939054486067	0.5264060945513933	[[-0.19987480900155144, -0.3907291069174322, 0.17796632550053676], [0.12256866561617194, 0.1362098553082544, 0.43670926805374677], [-0.4114828917631062, 0.23036672416491508, 0.043637019397084656]]	0.6737190609127793	0.5853725964351246	[[-0.13586360651343224, -0.4073666323837861, 0.3817473416237832], [0.12265642437933605, 0.10149116461516469, 0.6606143689209534], [-0.543173006509509, 0.19163630200426363, -0.032930409865896196]]	[[0.14847170074330204, 0.14847170074330202, 0.12857831999807984], [-0.05170571446204071, -0.09227648051197697, 0.039366175943509024], [0.04218897604750351, -0.13607579750623577, -0.09500699360357887]]	0.6540892631525907	[[0.0, -0.7020278213921392, 0.7020278213921393], [0.0, 0.7071067811865476, 0.7071067811865475], [-0.9928172661760001, 0.0, 0.0]]
3	[[-0.8305561570912853, 0.32773595720904825, 0.4502950280316503], [-0.5100865793185324, -0.772219296347621, -0.37879947194723407], [0.22358030216652452, -0.5443036842615101, 0.808545204538665]]	0.5488173388464755	0.4511826611535244	[[-0.4558236198973944, 0.17986717587977225, 0.24712971898012948], [-0.2799443590428986, -0.42380733922739916, -0.20789171815053115], [0.12270474645352288, -0.29872329952073423, 0.44374362749198937]]	0.7719448738409124	0.4239686284318356	[[-0.5577536855902344, 0.16100051614397068, 0.2546339943787184], [-0.5517845271689014, -0.6041191164970037, -0.2957228842150663], [0.23990667917259587, -0.34734177587835235, 0.5028296840956139]]	[[0.08338988231339084, -0.09199357599689875, -0.09296894422636391], [-0.15802580704891417, -0.008008389200421115, -0.003310573631754507], [0.06731501102334504, 0.07283066300004291, -0.12132264181666072]]	0.6819280309808354	[[-0.7020278213921393, 0.7020278213921392, 0.0], [-0.7071067811865475, -0.7071067811865476, 0.0], [0.0, 0.0, 0.9928172661760001]]
3	[[0.5319609947059123, -0.8460851799387872, 0.03402011756955908], [-0.703274286200726, -0.4190807785627857, 0.5742617690636116], [-0.47161719485230363, -0.3294103357928521, -0.8179645788128509]]	0.5321158978009254	0.4678841021990747	[[0.28306490229300985, -0.45021537513918514, 0.018102645403818958], [-0.37422342820200427, -0.22299954473604744, 0.3055738168180314], [-0.2509550070571875, -0.17528447657531782, -0.43525195622435586]]	0.7325073275625541	0.47065010581739697	[[0.5251239963971048, -0.6337568736341137, 0.11058925240264517], [-0.42918218966076543, -0.2479954745435878, 0.277924591525782], [-0.2922221818429913, -0.06929604676740092, -0.5347493373301433]]	[[0.135458669797559, -0.013993279586870003, 0.08566926699840355], [0.0859713782675911, 0.058984266594272826, -0.1427263622523487], [0.05324086919081803, 0.17199943797570477, 0.06441571033688838]]	0.6450370664948686	[[0.7037167415719118, -0.7037167415719117, 0.0], [-0.7071067811865475, -0.7071067811865476, 0.0], [0.0, 0.0, -0.99520576]]
3	[[-0.30792515101507295, 0.09349718223056193, 0.9468053539599837], [0.3027085282091916, -0.9338174967034747, 0.1906631317268273], [0.9019698710720718, 0.34531602882779927, 0.2592434992682147]]	0.7465475687397136	0.25345243126028644	[[-0.22988077284411193, 0.06980009407823996, 0.7068352350685698], [0.225986315771349, -0.6971391818105845, 0.1423390974389627], [0.6733634143253282, 0.25779484176824635, 0.19353760409026138]]	0.8646628563068374	0.24257974561714138	[[-0.2676695144645952, 0.08453408028060792, 0.763596514225259], [0.24305500953071002, -0.8494461464522259, 0.12041414557185877], [0.698501902145312, 0.2767015381363949, 0.18313543418398726]]	[[-0.0014180738591879289, 0.003690539636489352, -0.055070907496386635], [-0.01868581109908846, -0.042008842483298746, -0.04444518249946651], [-0.08139794287857531, -0.021880405678384174, -0.04102279037224678]]	0.4666155705679062	[[0.0, 0.0, 0.9976], [0.0, -1.0, 0.0], [0.9976, 0.0, 0.0]]
3	[[0.3802729664721569, 0.7767473726770865, -0.5020517802076895], [0.4287143634067757, 0.332951791095048, 0.839849450446521], [0.8195098935212374, -0.5346088512602871, -0.20639019011321075]]	0.5611942318052648	0.43880576819473555	[[0.2134069952956513, 0.4359061451162752, -0.28174856312012], [0.24059202783594863, 0.18685062463177243, 0.4713186671754092], [0.4599042251514652, -0.30001940359931195, -0.11582498419272587]]	0.7278291309729196	0.43617259571705697	[[0.23486257007603864, 0.4939012478648924, -0.3239270258299989], [0.33281944002783803, 0.2234938681149538, 0.49001457442036317], [0.6213304621567142, -0.32326646115367125, -0.04949943815626805]]	[[-0.041911172643885525, -0.07143811737616985, 0.04148088506197094], [0.020788637473876048, -0.01883814465363196, -0.12125232124621226], [0.024867288531442048, 0.06583743446953434, 0.10071735455516578]]	0.6698224762644588	[[0.0, 0.7020278213921392, -0.7020278213921393], [0.0, 0.7071067811865476, 0.7071067811865475], [0.9928172661760001, 0.0, 0.0]]
3	[[-0.3195682178843842, -0.5708200961323295, -0.7563336379995778], [0.910087742671785, 0.03735879733279218, -0.41272826520656647], [0.2638493031197415, -0.8202248094963509, 0.507557688474819]]	0.48894663345193046	0.5110533665480694	[[-0.1562518042928026, -0.27910056431060987, -0.36980678606634454], [0.4449843379252361, 0.01826645818568175, -0.2018020958032062], [0.1290082284990356, -0.40104615927699183, 0.2481686230624064]]	0.6845742247764924	0.5476088317961764	[[-0.2499094779349194, -0.279802347835172, -0.499048017519945], [0.5807245245152591, 0.042565765559092285, -0.0791865247303788], [0.3703208899279914, -0.48708912976693153, 0.30470049396060245]]	[[-0.031141312913511857, 0.11096637696146042, 0.018718496386000177], [-0.042298086402865774, 0.016990895836414062, 0.20335660746675305], [0.1896964577869766, 0.07441563333647898, -0.04276041715639519]]	0.8994672643000675	[[0.0, 0.0, -0.9928172661760001], [0.7071067811865475, 0.7071067811865476, 0.0], [0.7020278213921393, -0.7020278213921392, 0.0]]
