3	[[0.8489524140446696, -0.5135124485683378, 0.12483895166604869], [0.522794976890395, 0.7815435453534784, -0.34040431673891397], [0.0772347773085365, 0.35425224329800037, 0.9319550081910795]]	0.7274778436529693	0.27252215634703075	[[0.6175940715331989, -0.3735689287734506, 0.09081757136191435], [0.3803217624608285, 0.5685556130946452, -0.24763659831138746], [0.05618658925143141, 0.25771065806365634, 0.6779766197404319]]	0.8553409407983951	0.21780107068941776	[[0.7048441016988526, -0.4228909151449188, 0.05352670974016397], [0.4727208481402539, 0.6269693838931689, -0.2675799298584919], [0.031206441788304843, 0.25289771992960625, 0.7662226360034514]]	[[-0.02129965482318369, 0.01633730572521064, -0.05325315662615948], [0.025552900762148313, -0.041516807464388336, 0.023581818672805677], [-0.034855625297133305, -0.05010872713284727, -0.030916637484482545]]	0.4429191250321269	[[0.6728828129771187, -0.6728828129771186, 0.0], [0.7071067811865475, 0.7071067811865476, 0.0], [0.0, 0.0, 0.9516]]
3	[[0.5319609947059123, -0.8460851799387872, 0.03402011756955908], [-0.703274286200726, -0.4190807785627857, 0.5742617690636116], [-0.47161719485230363, -0.3294103357928521, -0.8179645788128509]]	0.4906105980135733	0.5093894019864267	[[0.26098570173256286, -0.41509835610019014, 0.016690630225293462], [-0.34503381812050704, -0.20560547138668225, 0.281738909936631], [-0.23138039399997268, -0.16161220183518316, -0.4013020911652935]]	0.6939922604012442	0.5223465625244657	[[0.43661296505547875, -0.5761759797695873, 0.1057094038097093], [-0.4028159663167203, -0.22118712259067702, 0.3042908148698272], [-0.2989774444922162, -0.050802768138923975, -0.4650556722726163]]	[[0.06743615189422844, 0.011000586748125003, 0.08209970551849488], [0.08525094524579313, 0.06965169421482394, -0.09424240830464592], [0.028321238607428013, 0.17780545539749032, 0.10260541470586576]]	0.676885874043404	[[0.6403152848290261, -0.640315284829026, 0.0], [-0.7071067811865475, -0.7071067811865476, 0.0], [0.0, 0.0, -0.90554256]]
3	[[-0.42203838922340475, -0.825029846081567, 0.3757783270710803], [0.2588054115689476, 0.28760896992378115, 0.9221175843470338], [-0.8688517462515349, 0.4864224845687207, 0.09214016247897017]]	0.43275102859205394	0.5672489714079462	[[-0.182637547041762, -0.3570325145109421, 0.16261845756261128], [0.11199830806165191, 0.12446307756681739, 0.39904733310899887], [-0.375996486884354, 0.2104998305274164, 0.03987375008741331]]	0.6297346179729152	0.6167644780600391	[[-0.10795928420112952, -0.361736955332053, 0.32270168252973475], [0.14201083773069625, 0.09053059107754909, 0.6371926475901742], [-0.48121323230172486, 0.1786274822767292, -0.030360075940415062]]	[[0.15781289960637576, 0.15781289960637573, 0.0860610612891268], [-0.020967889252998057, -0.09058673372298692, 0.05650328288528752], [0.06593279019908582, -0.12768959521659043, -0.08838392595907167]]	0.679379068855606	[[0.0, -0.6093240250433012, 0.6093240250433013], [0.0, 0.7071067811865476, 0.7071067811865475], [-0.861714300096, 0.0, 0.0]]
3	[[0.8592155572171323, 0.2624339665249735, -0.4391776855101157], [-0.4266000482917053, 0.8413623931712975, -0.33184593135155627], [0.2824199444684594, 0.4724804086637203, 0.8348660002631537]]	0.5517276728853828	0.4482723271146173	[[0.47405299989032584, 0.14479208163690407, -0.2423064824096846], [-0.23536705189677443, 0.46420291523767654, -0.18308858346107665], [0.15581889873800214, 0.26068051635596906, 0.46061867549631724]]	0.77474584626836	0.4019323616055977	[[0.5157752101345197, 0.2099000015166644, -0.29330490260294084], [-0.35495096522456926, 0.7490087451680747, -0.2509955262277065], [0.24534189731865924, 0.3320793720600205, 0.5131298630975354]]	[[-0.149898473868608, 0.006580376031711341, 0.0469461850197733], [-0.024444349792688835, 0.0971667258522052, 0.006100730687967121], [0.02653821843837941, -0.03397286199537403, -0.13367910279702241]]	0.6648055889367973	[[0.861714300096, 0.0, 0.0], [0.0, 0.7071067811865476, -0.7071067811865475], [0.0, 0.6093240250433012, 0.6093240250433013]]
3	[[0.034229894132735264, 0.2773841392786001, 0.9601491309293217], [-0.1827544195208179, -0.9427759796974285, 0.2788803941677556], [0.9825625356654255, -0.18501754344446375, 0.018422055382213542]]	0.8223244179386283	0.17767558206137177	[[0.028148077768802397, 0.22809975087768217, 0.7895540752257343], [-0.1502834216581685, -0.775267708751208, 0.22933015780849486], [0.8079851652293738, -0.1521444437214035, 0.015148905969411926]]	0.8999135899882859	0.1525001182806708	[[0.00911813110022653, 0.22635670054568496, 0.8286104376576031], [-0.16621295514575596, -0.8255845729816256, 0.2548631342490982], [0.8602180636505491, -0.15382599476430803, 0.0]]	[[-0.021685815813682223, -0.023265056038330706, -0.03544081368113556], [-0.0017497693885514462, 0.022832343462610517, 0.0038948775562450333], [-0.02400331520811707, 0.012673806967612977, -0.01657825799397081]]	0.3593387379544984	[[0.0, 0.0, 0.9516], [0.0, -1.0, 0.0], [0.9516, 0.0, 0.0]]
3	[[-0.5446221603179724, 0.8109226453022452, -0.2139887049042392], [-0.8354447797583356, -0.5021691245819775, 0.22328947644507607], [0.07361197229480154, 0.30038414347728, 0.9509735242804028]]	0.5769575496687623	0.42304245033123766	[[-0.31422386711236516, 0.46786794240449436, -0.12346239883834173], [-0.48201617301292815, -0.28973026763812515, 0.1288285491965719], [0.042470983161493524, 0.1733088993800014, 0.5486713543686885]]	0.7647068994769333	0.3424944926486701	[[-0.48019635801324123, 0.5708675614558781, -0.10533238970266096], [-0.6748420488290304, -0.43181072312061297, 0.04938457015889031], [0.12794051733918893, 0.10080554199613237, 0.7272160152371191]]	[[-0.06372003441005526, -0.04925058034883475, 0.05830624934774426], [-0.03597166161584428, -0.04779852884848311, -0.12136643305925156], [0.07164893424124932, -0.1289002850144126, 0.0]]	0.41082714426524847	[[-0.6403152848290261, 0.640315284829026, 0.0], [-0.7071067811865475, -0.7071067811865476, 0.0], [0.0, 0.0, 0.90554256]]
3	[[0.3802729664721569, 0.7767473726770865, -0.5020517802076895], [0.4287143634067757, 0.332951791095048, 0.839849450446521], [0.8195098935212374, -0.5346088512602871, -0.20639019011321075]]	0.5278721491147312	0.47212785088526893	[[0.20073550806189164, 0.4100233049342748, -0.26501915218510974], [0.2263063723678886, 0.1757559775169421, 0.4433331343400312], [0.43259644871384023, -0.28220512325052544, -0.10894763321125853]]	0.682874679603079	0.46552345114878435	[[0.17493247188544597, 0.4360302909033979, -0.28667323507256537], [0.3316095534584157, 0.19851909756565958, 0.47157834233353174], [0.5726429517038609, -0.2902536184345646, -0.07201314383571755]]	[[-0.08474630825594057, -0.09439082234600099, 0.05616521348091595], [0.03885136990577568, -0.02884525010164261, -0.10193358205495831], [0.013020395733992496, 0.07481722958277408, 0.06892549111105978]]	0.7004372997438256	[[0.0, 0.6093240250433012, -0.6093240250433013], [0.0, 0.7071067811865476, 0.7071067811865475], [0.861714300096, 0.0, 0.0]]
3	[[-0.30792515101507295, 0.09349718223056193, 0.9468053539599837], [0.3027085282091916, -0.9338174967034747, 0.1906631317268273], [0.9019698710720718, 0.34531602882779927, 0.2592434992682147]]	0.6632711826093705	0.33672881739062954	[[-0.20423787906893642, 0.062013986628708634, 0.6279887068219221], [0.20077784349125247, -0.6193742353798356, 0.12646136086045895], [0.5982506230639946, 0.22903817081458586, 0.17194874234342028]]	0.8265611067488177	0.2843672874554614	[[-0.23088424639946883, 0.07229460334927702, 0.7248974271884079], [0.24788758196291832, -0.8481763127904743, 0.11864722278780891], [0.6633862470576036, 0.250741133852293, 0.15858964305019183]]	[[0.023634707219346657, -0.004986531073112135, -0.057695054056462164], [-0.002319514135976775, -0.07631908921384008, -0.0389475063885131], [-0.08214696782981636, -0.034683665113719356, -0.055690950622380025]]	0.474965698279636	[[0.0, 0.0, 0.9516], [0.0, -1.0, 0.0], [0.9516, 0.0, 0.0]]
3	[[0.04673222253661188, -0.9725397674033924, -0.22799671093185395], [-0.8377629715199755, -0.16246744520517667, 0.5213036857710898], [-0.5440306084466285, 0.16664552219444034, -0.8223502702654952]]	0.5324283185467004	0.4675716814532995	[[0.024881558667118504, -0.5178077130783874, -0.12139190543562514], [-0.4460487302670678, -0.08650226866917038, 0.27755684486729887], [-0.28965730209317675, 0.08872679517532273, -0.4378425716538822]]	0.7305878174530079	0.4167728433371371	[[-0.00711377272191761, -0.7682178214179044, -0.10514366254204303], [-0.6619991512468888, -0.1276901998388057, 0.23497983068781442], [-0.2745317931050617, 0.004898456191547069, -0.5756064254019122]]	[[-0.041255765189669044, -0.0576921153644038, 0.06142795688412452], [-0.04993973034116351, -0.008993463639189604, -0.14587829132989474], [0.12293034174759265, -0.11685073215680591, 0.025192663733247266]]	0.6499028513762535	[[1.720614773433296e-16, -0.861714300096, 0.0], [-1.0, -1.7938038903913487e-16, 0.0], [0.0, 0.0, -0.861714300096]]
3	[[0.08740825448676931, -0.06334395238859675, -0.994156597696443], [0.7119981850616444, -0.6940087028176986, 0.10681996481098455], [-0.6967197295301035, -0.717174639895393, -0.015561310176609944]]	0.7279406373766802	0.27205936262332	[[0.06362802048308193, -0.046110637075713196, -0.7236869873793804], [0.5182924126448131, -0.5051971374740782, 0.07775859326906266], [-0.5071706039870518, -0.5220605644758435, -0.011327710048377664]]	0.8682070029230538	0.20961555370094895	[[0.041520334749462866, -0.03258168871848316, -0.8066981879943229], [0.6352256496211746, -0.6389651471085015, 0.07188113156537289], [-0.5934604921370348, -0.576742336324818, 0.029359310258480646]]	[[-0.03436812390923067, 0.022413974338121048, 0.0564355321278858], [0.01706383928215055, -0.03642193123263121, -0.020860709935518085], [0.01143645611565707, 0.045913708351181436, 0.042869748728471185]]	0.1945154170389183	[[0.0, 0.0, -0.861714300096], [0.7071067811865475, -0.7071067811865476, 0.0], [-0.6093240250433013, -0.6093240250433012, 0.0]]
3	[[0.8787972042104137, -0.3840163418041313, 0.28327887866788265], [-0.395223040501579, -0.9183905790867732, -0.018907472103605397], [0.2674214316928388, -0.09534250611366366, -0.9588511794847616]]	0.632698840211902	0.367301159788098	[[0.5560139718853909, -0.24296669408189123, 0.17923021798969746], [-0.25005715935037065, -0.5810646542497387, -0.011962735671290036], [0.16919722967986545, -0.06032309304101117, -0.6066640291958229]]	0.8202199485091152	0.32651157357771476	[[0.5860847632341724, -0.252554265848058, 0.23711277544479642], [-0.34422313363182677, -0.8487054447718548, -0.021034233513166686], [0.21261020752202262, -0.07820182545527922, -0.6828064766004818]]	[[-0.13472223435324776, 0.06242359825318529, 0.004761788170105851], [-0.020053311702005718, -0.09542317128204526, -0.005525947717909937], [-0.006734185411311456, 0.0, 0.10366238846441385]]	0.4902834684288388	[[0.6403152848290261, -0.640315284829026, 0.0], [-0.7071067811865475, -0.7071067811865476, 0.0], [0.0, 0.0, -0.90554256]]
3	[[-0.3195682178843842, -0.5708200961323295, -0.7563336379995778], [0.910087742671785, 0.03735879733279218, -0.41272826520656647], [0.2638493031197415, -0.8202248094963509, 0.507557688474819]]	0.44011526883076035	0.5598847311692395	[[-0.14064685212395275, -0.25122664006328066, -0.33287398241393124], [0.4005435115255725, 0.01644217713131574, -0.18164801139544134], [0.1161241069733538, -0.3609934625331457, 0.2233838885102143]]	0.6463136799565191	0.5588795496713053	[[-0.2632024971963636, -0.26320249719636357, -0.4352321456135025], [0.6092151505954975, 0.03781899313005809, -0.05734358955742003], [0.3341575906850262, -0.3921102194937012, 0.3228107500450994]]	[[-0.056661186298360526, 0.10572633972805638, 0.05359663123690646], [0.021012992545974454, 0.01367349134715136, 0.2094083343503061], [0.16362817663174298, 0.13801229552352026, -0.005230727383285449]]	0.9232268013761029	[[0.0, 0.0, -0.861714300096], [0.7071067811865475, 0.7071067811865476, 0.0], [0.6093240250433013, -0.6093240250433012, 0.0]]
3	[[0.22433838825039393, -0.7661379269479729, -0.6022499185961573], [-0.9416906372873723, -0.011392912655017143, -0.3362869982418849], [0.2507808429735371, 0.642575192824231, -0.724020780340167]]	0.4702379714939216	0.5297620285060786	[[0.10549242861908106, -0.36026714465257315, -0.2832007800530364], [-0.44281869505283217, -0.005357380136302677, -0.15813491589304393], [0.11792667488941178, 0.302163255205982, -0.34046206306660637]]	0.6810308889828527	0.5394842097228048	[[0.29580791563375713, -0.39750998740668086, -0.3126600581451617], [-0.673836761864687, -0.043799424442407836, -0.04019915318038729], [0.2795411458963099, 0.2785831627333247, -0.4853974527722099]]	[[0.14302654365061102, 0.124253606066177, 0.09749073930622999], [-0.03251635000603874, -0.03604049900885754, 0.18882268018565862], [0.10875164546617276, -0.15903039207408934, 0.007683062904912691]]	0.7329736123380074	[[1.720614773433296e-16, -0.861714300096, 0.0], [-1.0, -1.7938038903913487e-16, 0.0], [0.0, 0.0, -0.861714300096]]
3	[[-0.8305561570912853, 0.32773595720904825, 0.4502950280316503], [-0.5100865793185324, -0.772219296347621, -0.37879947194723407], [0.22358030216652452, -0.5443036842615101, 0.808545204538665]]	0.49338276730571684	0.506617232694283	[[-0.4097820951885, 0.1616992735133882, 0.22216780703426092], [-0.2516679280696846, -0.3809996933988627, -0.18689313172327057], [0.11031066819796827, -0.26855005799564097, 0.39892227050705337]]	0.723246125553553	0.4810743007813671	[[-0.4930087197904922, 0.12372409375136367, 0.25315361211429727], [-0.5535720119076608, -0.5886241109142555, -0.285342398677256], [0.21522736201174997, -0.32716437887070415, 0.4424085850234409]]	[[0.10768780288042792, -0.11330966750466549, -0.07252052226562235], [-0.18465386971866715, -0.03011949675314784, -0.011377148229687209], [0.05352377471971844, 0.06650115189595746, -0.1423686014940537]]	0.6812342020138488	[[-0.6403152848290261, 0.640315284829026, 0.0], [-0.7071067811865475, -0.7071067811865476, 0.0], [0.0, 0.0, 0.90554256]]
