3	[[0.8787972042104137, -0.3840163418041313, 0.28327887866788265], [-0.395223040501579, -0.9183905790867732, -0.018907472103605397], [0.2674214316928388, -0.09534250611366366, -0.9588511794847616]]	0.6246903036983199	0.3753096963016802	[[0.5489760923874378, -0.2398912851867406, 0.17696156874635913], [-0.24689200119950477, -0.5737096897633924, -0.01181131449056877], [0.16705557537963897, -0.05955953909950347, -0.5989850345138279]]	0.8167833008559134	0.33191608355474816	[[0.5812847037529684, -0.25015383215945236, 0.2361353698272372], [-0.34472681175507774, -0.8484921025212087, -0.02104560914485258], [0.2116966556706438, -0.0778741668553933, -0.6770839917996005]]	[[-0.13650217748496166, 0.06350430308193866, 0.0047579122461222905], [-0.021915232159887665, -0.0983660138597405, -0.005602301669228667], [-0.006728704027047179, 0.0, 0.10608963960954901]]	0.49289269294304205	[[0.6341397253291265, -0.6341397253291265, 0.0], [-0.7071067811865475, -0.7071067811865476, 0.0], [0.0, 0.0, -0.8968090000000001]]
3	[[-0.5446221603179724, 0.8109226453022452, -0.2139887049042392], [-0.8354447797583356, -0.5021691245819775, 0.22328947644507607], [0.07361197229480154, 0.30038414347728, 0.9509735242804028]]	0.5706941966683514	0.4293058033316486	[[-0.31081270627044727, 0.46278884762093925, -0.1221221120414257], [-0.4767834874449512, -0.2865850051449609, 0.12743000838431945], [0.04200992539395468, 0.1714274874536771, 0.5427150714920754]]	0.7609538659846677	0.34668117748625676	[[-0.4785707268388871, 0.5659754171752355, -0.10184932533585249], [-0.6756555865115632, -0.4368083860407573, 0.04775693843748688], [0.1233653640428005, 0.09806310759360996, 0.7236469797502368]]	[[-0.06413838844400448, -0.051099304782021474, 0.06098620693808064], [-0.03992065153774833, -0.054680849311965235, -0.12215605189708617], [0.06735004914231502, -0.13051536766591937, 0.0]]	0.4142204028739001	[[-0.6341397253291265, 0.6341397253291265, 0.0], [-0.7071067811865475, -0.7071067811865476, 0.0], [0.0, 0.0, 0.8968090000000001]]
3	[[-0.42203838922340475, -0.825029846081567, 0.3757783270710803], [0.2588054115689476, 0.28760896992378115, 0.9221175843470338], [-0.8688517462515349, 0.4864224845687207, 0.09214016247897017]]	0.42867888753352473	0.5713211124664754	[[-0.18091894718872986, -0.3536728766002013, 0.16108823520803967], [0.11094441591903248, 0.12329189327158943, 0.3952923402329876], [-0.3724584000146684, 0.2085190495562123, 0.03949854234864315]]	0.6252624314661545	0.6201952170643797	[[-0.10538056524723113, -0.3573559834224536, 0.31720007369223074], [0.14399581309255255, 0.08943891662376018, 0.6348260346674105], [-0.47529611836378005, 0.17727538694522432, -0.03008155998742884]]	[[0.1585041841706542, 0.1585041841706542, 0.08224000321548325], [-0.017825487821646474, -0.09039216722225935, 0.058260551780887314], [0.06796423708106888, -0.12686631847602195, -0.08769334201471626]]	0.682564511537049	[[0.0, -0.6005303198866828, 0.6005303198866829], [0.0, 0.7071067811865476, 0.7071067811865475], [-0.8492781230000002, 0.0, 0.0]]
3	[[-0.3195682178843842, -0.5708200961323295, -0.7563336379995778], [0.910087742671785, 0.03735879733279218, -0.41272826520656647], [0.2638493031197415, -0.8202248094963509, 0.507557688474819]]	0.4354459473479814	0.5645540526520185	[[-0.13915468537897183, -0.24856129752560807, -0.3293424175098714], [0.39629401927750146, 0.016267736896358933, -0.17972085044016223], [0.11489210975408054, -0.35716356920945613, 0.22101393849166917]]	0.6418504814434294	0.5753414563280831	[[-0.2604921896447068, -0.2604921896447068, -0.42893176408553757], [0.6091805413184982, -0.0672173791134447, -0.05736386320250232], [0.2401435112690451, -0.3864671722387766, 0.3196737134191587]]	[[-0.055377175141595986, 0.10588896387541358, 0.05652134559635187], [0.02504028552884899, -0.09119614116764489, 0.2075459725256438], [0.07079170903312565, 0.13999451662830148, -0.006102433288718063]]	0.9259188459071924	[[0.0, 0.0, -0.8492781230000002], [0.7071067811865475, 0.7071067811865476, 0.0], [0.6005303198866829, -0.6005303198866828, 0.0]]
3	[[0.034229894132735264, 0.2773841392786001, 0.9601491309293217], [-0.1827544195208179, -0.9427759796974285, 0.2788803941677556], [0.9825625356654255, -0.18501754344446375, 0.018422055382213542]]	0.8142139450314982	0.18578605496850176	[[0.027870457139824924, 0.22585003433119552, 0.7817668117125276], [-0.14880119688998658, -0.767621349710379, 0.22706830592726757], [0.8000161184042983, -0.15064386394795345, 0.014999494388340834]]	0.896067098009358	0.15874059760328332	[[0.009133168545258375, 0.22433510107319837, 0.8223216866673453], [-0.16648657490528962, -0.8253430636584276, 0.25517256957306894], [0.8536112098133781, -0.1525785922127445, 0.0]]	[[-0.021539113355429268, -0.024219699644000416, -0.03803635874069922], [-0.002726352556885558, 0.019447472541976797, 0.005277024079462249], [-0.026830750133055994, 0.01320954102235643, -0.016507397705707763]]	0.36141869604550486	[[0.0, 0.0, 0.9470000000000001], [0.0, -1.0, 0.0], [0.9470000000000001, 0.0, 0.0]]
3	[[-0.30792515101507295, 0.09349718223056193, 0.9468053539599837], [0.3027085282091916, -0.9338174967034747, 0.1906631317268273], [0.9019698710720718, 0.34531602882779927, 0.2592434992682147]]	0.6546523842767457	0.34534761572325445	[[-0.2015839342907944, 0.06120815327039474, 0.6198283824158913], [0.1981688597330518, -0.6113258506962719, 0.12481807377863875], [0.5904767266431207, 0.22606196160109626, 0.16971437490418353]]	0.8226437115252194	0.28759701236980334	[[-0.22564264410433688, 0.07162820552222682, 0.7228594005540891], [0.24894213865618137, -0.8474795006418779, 0.119274919434114], [0.6617146086938338, 0.24891416547548922, 0.15401443858211009]]	[[0.027670044998666404, -0.005286663485072436, -0.056024069919501], [-7.912850016463663e-05, -0.07928040926654212, -0.03757290690066503], [-0.0802852337288191, -0.03515789412856124, -0.05925059584467956]]	0.47597243246568893	[[0.0, 0.0, 0.9470000000000001], [0.0, -1.0, 0.0], [0.9470000000000001, 0.0, 0.0]]
3	[[0.8592155572171323, 0.2624339665249735, -0.4391776855101157], [-0.4266000482917053, 0.8413623931712975, -0.33184593135155627], [0.2824199444684594, 0.4724804086637203, 0.8348660002631537]]	0.5443911223237246	0.45560887767627556	[[0.467749321511439, 0.1428667215723971, -0.23908443311438765], [-0.23223727907287656, 0.45803021749949735, -0.18065397900703534], [0.15374691053578854, 0.2572141399484147, 0.4544936388731772]]	0.7702627679366478	0.40988807507766617	[[0.5069696591809283, 0.20656862366100698, -0.29364985659848375], [-0.35643385927284466, 0.7487600109692583, -0.25011312965563953], [0.24499679624344817, 0.3298744874516809, 0.5045477584337372]]	[[-0.1548520941753692, 0.004425510204887289, 0.04463236305854851], [-0.027839725273768164, 0.10068988516733246, 0.005495435955724957], [0.027459228096658274, -0.03405957992147485, -0.13851843778515782]]	0.669218471602841	[[0.8492781230000002, 0.0, 0.0], [0.0, 0.7071067811865476, -0.7071067811865475], [0.0, 0.6005303198866828, 0.6005303198866829]]
3	[[0.8489524140446696, -0.5135124485683378, 0.12483895166604869], [0.522794976890395, 0.7815435453534784, -0.34040431673891397], [0.0772347773085365, 0.35425224329800037, 0.9319550081910795]]	0.7219075575232876	0.2780924424767124	[[0.6128651636764861, -0.3707085175037716, 0.09012218268100497], [0.3774096448523887, 0.5642021919242204, -0.24574044886737295], [0.05575636944266063, 0.25573737170640487, 0.6727853636848177]]	0.85122232057176	0.2237800703785648	[[0.6979063263737864, -0.4214462504726234, 0.05346993008836055], [0.47369484239322773, 0.6255908672476058, -0.2671769358960674], [0.031420732229643644, 0.24895672448542033, 0.7600810653970888]]	[[-0.024740917564314843, 0.015667007640203595, -0.052795772046559206], [0.02868008898132618, -0.039676443056062695, 0.02258281653107536], [-0.034323234139771924, -0.05259069212245521, -0.033219839343795396]]	0.4445535781972615	[[0.6696301217836605, -0.6696301217836604, 0.0], [0.7071067811865475, 0.7071067811865476, 0.0], [0.0, 0.0, 0.9470000000000001]]
3	[[0.22433838825039393, -0.7661379269479729, -0.6022499185961573], [-0.9416906372873723, -0.011392912655017143, -0.3362869982418849], [0.2507808429735371, 0.642575192824231, -0.724020780340167]]	0.4638179151524373	0.5361820848475628	[[0.10405216352695575, -0.35534849599621904, -0.27933430164399475], [-0.43677298810519904, -0.005284236995163885, -0.15597593441742238], [0.11631664774815674, 0.2980378862644102, -0.33581380886441703]]	0.6762482978165597	0.5417387161297652	[[0.2960134256510023, -0.39784423172254896, -0.3039873259780117], [-0.6736153578486681, -0.051706308914520036, -0.04192721141882275], [0.27322058530747395, 0.2696605298038007, -0.484849143855312]]	[[0.14430497246176294, 0.12025523726872539, 0.10328315633280133], [-0.036798667313291296, -0.044001871124392, 0.18548629872009229], [0.10363046712161753, -0.16487985056273324, 0.004768676433543201]]	0.7322691042619748	[[1.6957830281158208e-16, -0.8492781230000002, 0.0], [-1.0, -1.7938038903913487e-16, 0.0], [0.0, 0.0, -0.8492781230000002]]
3	[[0.5319609947059123, -0.8460851799387872, 0.03402011756955908], [-0.703274286200726, -0.4190807785627857, 0.5742617690636116], [-0.47161719485230363, -0.3294103357928521, -0.8179645788128509]]	0.48639919589554365	0.5136008041044563	[[0.2587454000727493, -0.4115351511813624, 0.016547357830105386], [-0.3420720473020456, -0.20384055370821733, 0.27932046270609306], [-0.2293942243466724, -0.1602249224493243, -0.3978573134056077]]	0.6898549554447854	0.5261064276245448	[[0.43100984005940696, -0.5706745496764408, 0.10402141531603248], [-0.4032948017921989, -0.223087473944901, 0.30381197939434856], [-0.2955651781832422, -0.049024725828966366, -0.46246578384137277]]	[[0.06403391175819609, 0.01300150443272441, 0.08055246862585799], [0.0818624495802662, 0.06601747787829557, -0.09234534771667291], [0.02978228075858843, 0.1782206266924634, 0.10181113423097918]]	0.6801474525851162	[[0.6341397253291265, -0.6341397253291265, 0.0], [-0.7071067811865475, -0.7071067811865476, 0.0], [0.0, 0.0, -0.8968090000000001]]
3	[[0.3802729664721569, 0.7767473726770865, -0.5020517802076895], [0.4287143634067757, 0.332951791095048, 0.839849450446521], [0.8195098935212374, -0.5346088512602871, -0.20639019011321075]]	0.5245737102140481	0.47542628978595214	[[0.19948120091640165, 0.40746125118423315, -0.2633631650631154], [0.2248922842343461, 0.174657756377142, 0.44056294224196085], [0.42989334540155494, -0.28044174861887894, -0.1082668677794697]]	0.6780887300796014	0.47703319550231	[[0.15409167437256294, 0.4222752237792832, -0.284285727397242], [0.32125216491849273, 0.19449670722432388, 0.46364246275114057], [0.5861946028573926, -0.30311034070545123, -0.07126789459147415]]	[[-0.10376713854614475, -0.10442841575198909, 0.056149926677993234], [0.030545786669107546, -0.031274149977045904, -0.10584998456019198], [0.03049417987190755, 0.05940189633495127, 0.06868296732328044]]	0.7039980904402996	[[0.0, 0.6005303198866828, -0.6005303198866829], [0.0, 0.7071067811865476, 0.7071067811865475], [0.8492781230000002, 0.0, 0.0]]
3	[[-0.8305561570912853, 0.32773595720904825, 0.4502950280316503], [-0.5100865793185324, -0.772219296347621, -0.37879947194723407], [0.22358030216652452, -0.5443036842615101, 0.808545204538665]]	0.4880782844599649	0.5119217155400351	[[-0.4053764243007756, 0.15996080375043678, 0.21977922478253967], [-0.24896218255984115, -0.37690346938822805, -0.1848837964223466], [0.10912469032047785, -0.26566280843959633, 0.39463335633956304]]	0.7180684585177878	0.4863720245050376	[[-0.48675168659468704, 0.11935852332865896, 0.2538524998818645], [-0.5536180294855548, -0.5867252124247481, -0.28454938862204393], [0.21209269876908834, -0.3252380714484593, 0.4360921056664579]]	[[0.10964449284030986, -0.115978330265294, -0.06949015677504669], [-0.187340945763685, -0.032218892658721035, -0.012545435713541555], [0.051546735837430885, 0.06560923607475595, -0.1444987029985707]]	0.6816826617467328	[[-0.6341397253291265, 0.6341397253291265, 0.0], [-0.7071067811865475, -0.7071067811865476, 0.0], [0.0, 0.0, 0.8968090000000001]]
3	[[0.04673222253661188, -0.9725397674033924, -0.22799671093185395], [-0.8377629715199755, -0.16246744520517667, 0.5213036857710898], [-0.5440306084466285, 0.16664552219444034, -0.8223502702654952]]	0.5286427833617401	0.47135721663825986	[[0.024704652194434747, -0.5141261295701088, -0.12052881586433735], [-0.442877349061722, -0.08588724243893558, 0.2755834314227628], [-0.2875978550832066, 0.08809595268763956, -0.4347295357714306]]	0.7265191960397429	0.42435702483229154	[[-0.005488829148737585, -0.7599329994158873, -0.10402679985191042], [-0.66440630215543, -0.12603923169626785, 0.2342714848618167], [-0.27303126487041657, 0.0034557815217360153, -0.5681321130516139]]	[[-0.03944068589518711, -0.053364189485296004, 0.06161718727400577], [-0.05575542161487138, -0.00800351402317205, -0.14446564981715018], [0.12221741539924026, -0.11761538928659193, 0.029321144164738973]]	0.6544079874754153	[[1.6957830281158208e-16, -0.8492781230000002, 0.0], [-1.0, -1.7938038903913487e-16, 0.0], [0.0, 0.0, -0.8492781230000002]]
3	[[0.08740825448676931, -0.06334395238859675, -0.994156597696443], [0.7119981850616444, -0.6940087028176986, 0.10681996481098455], [-0.6967197295301035, -0.717174639895393, -0.015561310176609944]]	0.7133935155252118	0.2866064844747882	[[0.06235648195423873, -0.045189164881762674, -0.7092248702132492], [0.507934888288697, -0.49510130830821, 0.07620467022478769], [-0.49703533718525533, -0.5116277376005023, -0.011101337773070024]]	0.8616910446033303	0.22024289917786155	[[0.04044845347123826, -0.03283986972967032, -0.7952269501001669], [0.6347615225442365, -0.6397522245025975, 0.07234525864231102], [-0.5855316635772569, -0.5676904501570125, 0.02860137573802112]]	[[-0.03487045664441971, 0.021743046773363243, 0.06142888706817403], [0.021239062702792855, -0.04173114040781244, -0.019700548420157227], [0.014825487957287857, 0.050292514457465944, 0.04201041735950059]]	0.20397115832275384	[[0.0, 0.0, -0.8492781230000002], [0.7071067811865475, -0.7071067811865476, 0.0], [-0.6005303198866829, -0.6005303198866828, 0.0]]
