3	[[0.034229894132735264, 0.2773841392786001, 0.9601491309293217], [-0.1827544195208179, -0.9427759796974285, 0.2788803941677556], [0.9825625356654255, -0.18501754344446375, 0.018422055382213542]]	0.7970580398959102	0.20294196010408977	[[0.027283212323282485, 0.2210912583516152, 0.7652945843062869], [-0.14566587940557799, -0.7514471744385789, 0.22228386034075015], [0.7831593687526395, -0.1474697205242007, 0.014683447353801029]]	0.8875775921287076	0.1724496508836793	[[0.009163799043714579, 0.21997533919704085, 0.8086989129223922], [-0.1670938032989742, -0.8248042939624424, 0.25586604628642756], [0.8393044471061061, -0.14988281333381345, 0.0]]	[[-0.02121788796943916, -0.026224607238553126, -0.0435079407923264], [-0.004885075669806983, 0.0119825400141843, 0.0083380575391061], [-0.03279604241568964, 0.014334612378192184, -0.016351003558206796]]	0.3659945276346511	[[0.0, 0.0, 0.937], [0.0, -1.0, 0.0], [0.937, 0.0, 0.0]]
3	[[0.22433838825039393, -0.7661379269479729, -0.6022499185961573], [-0.9416906372873723, -0.011392912655017143, -0.3362869982418849], [0.2507808429735371, 0.642575192824231, -0.724020780340167]]	0.4500417535077645	0.5499582464922357	[[0.10096164162731298, -0.3447940560724693, -0.27103760941492305], [-0.42380010566665327, -0.005127286388824726, -0.1513431903706404], [0.11286185031796597, 0.2891856665392068, -0.3258395815603488]]	0.6652047709932825	0.5510425314353199	[[0.28466389946073956, -0.39396883043642056, -0.2877418928157087], [-0.677538254788734, -0.05051790304940129, -0.040324240865291565], [0.2598036705382152, 0.2593929043105212, -0.47870746118879126]]	[[0.13543293327963418, 0.11566977380827384, 0.11287762636477117], [-0.05112115006546905, -0.042939283195774135, 0.18337547478821994], [0.0929830573185011, -0.16805117967808586, 0.002914616191767215]]	0.7314051619041538	[[-1.6426276164173307e-16, -0.8226569530000002, 0.0], [-1.0, 1.7938038903913487e-16, 0.0], [0.0, 0.0, -0.8226569530000002]]
3	[[0.8787972042104137, -0.3840163418041313, 0.28327887866788265], [-0.395223040501579, -0.9183905790867732, -0.018907472103605397], [0.2674214316928388, -0.09534250611366366, -0.9588511794847616]]	0.6076876057137425	0.3923123942862577	[[0.534034168934557, -0.23336197130590267, 0.17214506352695935], [-0.24017214320531, -0.5580945721152986, -0.011489836452739342], [0.1625086895419623, -0.057938459262960124, -0.5826819774968928]]	0.8092370680555449	0.3431695437815126	[[0.5714828957249493, -0.24498270135394723, 0.2334112346811505], [-0.3454622225586315, -0.8480200593742697, -0.021449811308664742], [0.2092532970269925, -0.07715469010848904, -0.6651574717830804]]	[[-0.13967237722569592, 0.06577755717304397, 0.004171465465890698], [-0.02563308803513587, -0.10482435982425511, -0.006149184019201109], [-0.007154038291336527, 0.0, 0.11078044540476911]]	0.49882512954910324	[[0.620817833571572, -0.6208178335715719, 0.0], [-0.7071067811865475, -0.7071067811865476, 0.0], [0.0, 0.0, -0.8779690000000001]]
3	[[0.3802729664721569, 0.7767473726770865, -0.5020517802076895], [0.4287143634067757, 0.332951791095048, 0.839849450446521], [0.8195098935212374, -0.5346088512602871, -0.20639019011321075]]	0.5173183005228409	0.4826816994771594	[[0.19672216475015547, 0.40182563076889205, -0.2597205737115088], [0.22178178588732486, 0.1722420547253262, 0.4344694904000361], [0.42394746537806083, -0.27656294237844, -0.10676942239395223]]	0.6675615812342647	0.5044196016660768	[[0.1265630187131523, 0.4062460436805068, -0.2726929020516808], [0.30638063827786366, 0.18050681634542812, 0.45639258538795857], [0.5956749156852714, -0.3098220349677419, -0.07449013517954081]]	[[-0.12729260408564524, -0.11228066064336965, 0.062457578205241865], [0.020187399944195356, -0.04175900779276265, -0.10425864175084919], [0.04860159532911033, 0.0470622951214092, 0.06328802648367463]]	0.7119742059636446	[[0.0, 0.581706310056563, -0.581706310056563], [0.0, 0.7071067811865476, 0.7071067811865475], [0.8226569530000002, 0.0, 0.0]]
3	[[0.8489524140446696, -0.5135124485683378, 0.12483895166604869], [0.522794976890395, 0.7815435453534784, -0.34040431673891397], [0.0772347773085365, 0.35425224329800037, 0.9319550081910795]]	0.7087307135977716	0.2912692864022283	[[0.6016786502164295, -0.3639420441151771, 0.08847719929907641], [0.3705208570368602, 0.5539039146061031, -0.2412549943141324], [0.05473865883644405, 0.25106944518620317, 0.660505137996281]]	0.8422386825581003	0.23736842348803988	[[0.683496135580271, -0.41791821808273083, 0.052608813565070425], [0.47540303614262963, 0.6240590689377752, -0.2661032337814175], [0.031119729090155646, 0.24040075996098245, 0.7476978292811512]]	[[-0.031524427179230353, 0.014581830076650228, -0.052535380618076784], [0.03508488355847082, -0.034187137062525234, 0.020598449485855604], [-0.0339303879978544, -0.05796418272757696, -0.03723072902112699]]	0.4481760265732404	[[0.6625590539717952, -0.662559053971795, 0.0], [0.7071067811865475, 0.7071067811865476, 0.0], [0.0, 0.0, 0.937]]
3	[[-0.5446221603179724, 0.8109226453022452, -0.2139887049042392], [-0.8354447797583356, -0.5021691245819775, 0.22328947644507607], [0.07361197229480154, 0.30038414347728, 0.9509735242804028]]	0.5572819357881009	0.44271806421189924	[[-0.3035080917750971, 0.4519125415484428, -0.11925203970582307], [-0.46557828410778873, -0.27984978184006043, 0.12443519167442353], [0.041022622417627046, 0.1673986569570692, 0.5299603664942155]]	0.7527043196497851	0.35628699329767943	[[-0.47490249912932525, 0.5554529361313124, -0.09449929601130769], [-0.6774412344346522, -0.4476741671301902, 0.04420082069994594], [0.11372779716798648, 0.09227798923167027, 0.7158018795984391]]	[[-0.06496304648098966, -0.05493204188951814, 0.06657092652637636], [-0.0485983398816897, -0.06968929786258457, -0.12387013275260175], [0.058319747643749045, -0.1338224531179792, 0.0]]	0.4218383281465264	[[-0.620817833571572, 0.6208178335715719, 0.0], [-0.7071067811865475, -0.7071067811865476, 0.0], [0.0, 0.0, 0.8779690000000001]]
3	[[0.8592155572171323, 0.2624339665249735, -0.4391776855101157], [-0.4266000482917053, 0.8413623931712975, -0.33184593135155627], [0.2824199444684594, 0.4724804086637203, 0.8348660002631537]]	0.5287519640165095	0.4712480359834906	[[0.4543119133920983, 0.13876247522472268, -0.2322160637656986], [-0.22556561338377704, 0.4448720178389543, -0.17546418795302318], [0.14933010031513147, 0.24982494404026515, 0.44143703732975026]]	0.7604471247080421	0.4257740957555882	[[0.49128060934470497, 0.19875676166132378, -0.2912433537410669], [-0.35475762005065736, 0.7489063697106951, -0.25143602761927847], [0.2426388933427781, 0.3241871438410743, 0.48793010431050043]]	[[-0.1621073906454815, -0.0008103936083189217, 0.04272805444103333], [-0.030350839926918134, 0.10909475698610467, 0.0009152567230748029], [0.02787345861153323, -0.035109224408132474, -0.14694134510611834]]	0.6789558239219551	[[0.8226569530000002, 0.0, 0.0], [0.0, 0.7071067811865476, -0.7071067811865475], [0.0, 0.581706310056563, 0.581706310056563]]
3	[[0.08740825448676931, -0.06334395238859675, -0.994156597696443], [0.7119981850616444, -0.6940087028176986, 0.10681996481098455], [-0.6967197295301035, -0.717174639895393, -0.015561310176609944]]	0.6830820697903071	0.3169179302096931	[[0.059707011391580286, -0.04326911810630133, -0.6790905464501757], [0.48635319393885, -0.47406490117319966, 0.07296680265801511], [-0.4759167549111661, -0.4898891374208631, -0.010629651964087689]]	0.8475253625315037	0.2445220271561741	[[0.03959108353785416, -0.030744539692276644, -0.770331064152687], [0.635704402440207, -0.6390465197566785, 0.07140237874634045], [-0.5664459917218821, -0.5509617703642864, 0.027995123644139766]]	[[-0.03448962903429092, 0.02294106652004713, 0.07224186672307706], [0.032267882524064234, -0.05085654230108999, -0.019130250655691704], [0.02404164963097003, 0.05686192631145723, 0.041183728693036284]]	0.22491363154512248	[[0.0, 0.0, -0.8226569530000002], [0.7071067811865475, -0.7071067811865476, 0.0], [-0.581706310056563, -0.581706310056563, 0.0]]
3	[[-0.30792515101507295, 0.09349718223056193, 0.9468053539599837], [0.3027085282091916, -0.9338174967034747, 0.1906631317268273], [0.9019698710720718, 0.34531602882779927, 0.2592434992682147]]	0.6357622940878322	0.36423770591216775	[[-0.19576720041668494, 0.059441983065650184, 0.6019431438882413], [0.19245066833422697, -0.5936859539635578, 0.12121643002461827], [0.5734384344308868, 0.21953891067286166, 0.1648172418221175]]	0.8141362796193147	0.2948726455571447	[[-0.2143267288344373, 0.07021681661147013, 0.7183849256039901], [0.2513035523194636, -0.8459076191837014, 0.12070836330560432], [0.6580344967124407, 0.24500039828361714, 0.14410991222296718]]	[[0.03636630801418979, -0.005902631484608652, -0.05244366279263928], [0.004857557354194065, -0.08565291657411273, -0.03451740941904219], [-0.07629189845088874, -0.03613390871916337, -0.06694962578674965]]	0.47826339302000687	[[0.0, 0.0, 0.937], [0.0, -1.0, 0.0], [0.937, 0.0, 0.0]]
3	[[-0.8305561570912853, 0.32773595720904825, 0.4502950280316503], [-0.5100865793185324, -0.772219296347621, -0.37879947194723407], [0.22358030216652452, -0.5443036842615101, 0.808545204538665]]	0.47669251793227185	0.5233074820677281	[[-0.39591990580799624, 0.1562292786589245, 0.21465227072479037], [-0.24315445585881076, -0.3681111607718346, -0.180570874073942], [0.10657905719981879, -0.2594654937704316, 0.3854274494136]]	0.7068655923899658	0.5046874255407449	[[-0.4654073485055283, 0.12011946919472205, 0.24755233295320886], [-0.5462043352810786, -0.5980297235704337, -0.27647469268470115], [0.21246900145828124, -0.31692604851739403, 0.4209521434053676]]	[[0.12168422148993648, -0.11154580234534427, -0.0707457287866399], [-0.1856416832209132, -0.052174473202710056, -0.008714379549713287], [0.054427778720613336, 0.06782349769815921, -0.15058064157492185]]	0.6829600921243191	[[-0.620817833571572, 0.6208178335715719, 0.0], [-0.7071067811865475, -0.7071067811865476, 0.0], [0.0, 0.0, 0.8779690000000001]]
3	[[-0.3195682178843842, -0.5708200961323295, -0.7563336379995778], [0.910087742671785, 0.03735879733279218, -0.41272826520656647], [0.2638493031197415, -0.8202248094963509, 0.507557688474819]]	0.42541953414822536	0.5745804658517746	[[-0.1359505623809533, -0.24283801937906085, -0.3217591039384129], [0.38716910352144074, 0.015893162157654444, -0.17558266631398273], [0.11224664761853434, -0.3489396563527545, 0.2159249553843076]]	0.6320753947649821	0.5820864633955334	[[-0.2546389359631295, -0.2546389359631294, -0.4154762788787181], [0.6091199299208997, -0.06497611182761998, -0.057399368537181174], [0.23446716566537126, -0.37439565871355673, 0.3128938471223902]]	[[-0.05264772848951552, 0.10616240163949776, 0.0625836039339002], [0.033875860700859656, -0.08858968839968955, 0.20347601262392553], [0.06769451323749517, 0.1440482615448816, -0.00792087918633277]]	0.9319234100763095	[[0.0, 0.0, -0.8226569530000002], [0.7071067811865475, 0.7071067811865476, 0.0], [0.581706310056563, -0.581706310056563, 0.0]]
3	[[-0.42203838922340475, -0.825029846081567, 0.3757783270710803], [0.2588054115689476, 0.28760896992378115, 0.9221175843470338], [-0.8688517462515349, 0.4864224845687207, 0.09214016247897017]]	0.4198563847444294	0.5801436152555708	[[-0.17719551232270106, -0.3463940484820598, 0.15777292986937347], [0.10866110445363247, 0.12075446233226797, 0.38715695527321203], [-0.36479295306005377, 0.2042275858294261, 0.03868563550818473]]	0.6154959638437575	0.627809225363152	[[-0.09990403269745024, -0.3479436478571649, 0.30548414978866845], [0.14834104976932325, 0.08707035713400753, 0.6296672730547908], [-0.46260230684880277, 0.1743073533378209, -0.029464318892368224]]	[[0.15985889245667612, 0.15985889245667612, 0.07419410617645913], [-0.01095263647228649, -0.08995180301934039, 0.062107621699835844], [0.07217243614761754, -0.12508372263707904, -0.08617621700608238]]	0.6898039080330665	[[0.0, -0.581706310056563, 0.581706310056563], [0.0, 0.7071067811865476, 0.7071067811865475], [-0.8226569530000002, 0.0, 0.0]]
3	[[0.04673222253661188, -0.9725397674033924, -0.22799671093185395], [-0.8377629715199755, -0.16246744520517667, 0.5213036857710898], [-0.5440306084466285, 0.16664552219444034, -0.8223502702654952]]	0.5205559704401829	0.4794440295598171	[[0.024326737453372584, -0.5062613824123424, -0.11868504911630107], [-0.4361025166384321, -0.08457339860371796, 0.27136774604061376], [-0.2831983813290978, 0.08674832152543793, -0.42807934297980155]]	0.717713517194476	0.44072984298940865	[[-0.0019173979550376294, -0.7420971307196579, -0.10164238440771459], [-0.669699437877322, -0.12258197713220141, 0.23276162791683255], [-0.2697819368520514, 0.0004207906708422149, -0.5520034592333447]]	[[-0.03545774575810419, -0.04409219364507141, 0.06199393690395859], [-0.06842562901242477, -0.0059768956043933785, -0.1413850739243802], [0.1206761845976292, -0.11918295318803968, 0.038208445604731786]]	0.6643481066609296	[[1.6426276164173307e-16, -0.8226569530000002, 0.0], [-1.0, -1.7938038903913487e-16, 0.0], [0.0, 0.0, -0.8226569530000002]]
3	[[0.5319609947059123, -0.8460851799387872, 0.03402011756955908], [-0.703274286200726, -0.4190807785627857, 0.5742617690636116], [-0.47161719485230363, -0.3294103357928521, -0.8179645788128509]]	0.4772158646054274	0.5227841353945727	[[0.2538602260249451, -0.40376527067432694, 0.016234939819935415], [-0.33561364654404435, -0.1999919960813554, 0.2740468266335337], [-0.22506320740422844, -0.15719983820535008, -0.3903456736947889]]	0.680796584344356	0.5343482432747723	[[0.41900266479392767, -0.5588059449853536, 0.10042092746083535], [-0.40432950590603584, -0.22723796776862454, 0.30277727528051157], [-0.2882410103217021, -0.04526465770537081, -0.4567652781059278]]	[[0.05684543659371657, 0.017205955581352607, 0.07726014762048608], [0.07445722599663346, 0.05807079484129333, -0.08817817561754249], [0.03283436505181287, 0.1789967737501303, 0.10010221326453075]]	0.687281739298372	[[0.620817833571572, -0.6208178335715719, 0.0], [-0.7071067811865475, -0.7071067811865476, 0.0], [0.0, 0.0, -0.8779690000000001]]
