3	[[0.08740825448676931, -0.06334395238859675, -0.994156597696443], [0.7119981850616444, -0.6940087028176986, 0.10681996481098455], [-0.6967197295301035, -0.717174639895393, -0.015561310176609944]]	0.6683038087280785	0.33169619127192174	[[0.058415269387781056, -0.04233300464118927, -0.664398640712681], [0.4758310988841762, -0.4638086593835009, 0.07138818933138029], [-0.4656204488609649, -0.4792905433652792, -0.010399682859827439]]	0.8404512462033298	0.25622635355889445	[[0.038872259464705544, -0.030264691760280665, -0.7581492627471448], [0.635769630734738, -0.6392009537221904, 0.0713371504518094], [-0.5574928536143028, -0.5421789543334088, 0.027486838267536246]]	[[-0.034590116947157516, 0.022972811964159862, 0.07739088870809319], [0.03736986880516995, -0.0559204745630995, -0.018439822092978404], [0.02806611132371949, 0.060571365512098546, 0.04056536079802463]]	0.23553176972419643	[[0.0, 0.0, -0.8095575679999999], [0.7071067811865475, -0.7071067811865476, 0.0], [-0.5724436460936896, -0.5724436460936895, 0.0]]
3	[[-0.30792515101507295, 0.09349718223056193, 0.9468053539599837], [0.3027085282091916, -0.9338174967034747, 0.1906631317268273], [0.9019698710720718, 0.34531602882779927, 0.2592434992682147]]	0.6262439188840351	0.37375608111596503	[[-0.1928362532946376, 0.058552041804681855, 0.5929310952842861], [0.18956937498534257, -0.5847975286580634, 0.1194016267993113], [0.5648531467755021, 0.21625206314659337, 0.16234966492693725]]	0.8098866826731341	0.29863263077604413	[[-0.20870868467595996, 0.06952973446774333, 0.7161243114819605], [0.25252032076546493, -0.8450917514281135, 0.12146127386024592], [0.656170008360445, 0.2430723851910731, 0.13917895020821666]]	[[0.04067579439126133, -0.006192388288251988, -0.05068073577385315], [0.007360715037255919, -0.08880539680080617, -0.03295425740206502], [-0.07432337839322968, -0.03659446787013355, -0.0707789074186928]]	0.47946065662882775	[[0.0, 0.0, 0.9319999999999999], [0.0, -1.0, 0.0], [0.9319999999999999, 0.0, 0.0]]
3	[[0.8787972042104137, -0.3840163418041313, 0.28327887866788265], [-0.395223040501579, -0.9183905790867732, -0.018907472103605397], [0.2674214316928388, -0.09534250611366366, -0.9588511794847616]]	0.5993888411040283	0.40061115889597176	[[0.5267412377971399, -0.23017511007898672, 0.1697941987939908], [-0.23689228022385192, -0.5504730648796785, -0.011332927792386774], [0.1602894220287507, -0.05714723424742261, -0.574724697262602]]	0.8054175486582662	0.34835353537657376	[[0.5671542590163434, -0.2424236781237519, 0.23149309784215416], [-0.34547266042375163, -0.8477789546511226, -0.022021451736118115], [0.2076086466225658, -0.07679052755700275, -0.6596462075792642]]	[[-0.14064443096654577, 0.06686982253684635, 0.0033353177988056796], [-0.02715308796970319, -0.10809106573220797, -0.0067930419031077055], [-0.007777267350164381, 0.0, 0.11262935892943955]]	0.5019178179830891	[[0.6142099207013836, -0.6142099207013835, 0.0], [-0.7071067811865475, -0.7071067811865476, 0.0], [0.0, 0.0, -0.8686239999999998]]
3	[[-0.3195682178843842, -0.5708200961323295, -0.7563336379995778], [0.910087742671785, 0.03735879733279218, -0.41272826520656647], [0.2638493031197415, -0.8202248094963509, 0.507557688474819]]	0.42046865900967223	0.5795313409903278	[[-0.13436842003595775, -0.24001196035653277, -0.3180145905335893], [0.3826633727423451, 0.015708203416733263, -0.1735393002067933], [0.11094036266339419, -0.34487882573539447, 0.21341210064305607]]	0.6271511973911287	0.5856228080495911	[[-0.2517322844077645, -0.25173228440776446, -0.408870986506761], [0.6090972367764766, -0.06383442111765389, -0.05741266187341133], [0.23165056018962973, -0.368459815602769, 0.3095243557779766]]	[[-0.05131469391342387, 0.10625822237654522, 0.06546456019186259], [0.038334619228877334, -0.08726403559800697, 0.2014303638480502], [0.06617715380726907, 0.14594515580277778, -0.00879105629407966]]	0.9349974714456758	[[0.0, 0.0, -0.8095575679999999], [0.7071067811865475, 0.7071067811865476, 0.0], [0.5724436460936896, -0.5724436460936895, 0.0]]
3	[[0.8489524140446696, -0.5135124485683378, 0.12483895166604869], [0.522794976890395, 0.7815435453534784, -0.34040431673891397], [0.0772347773085365, 0.35425224329800037, 0.9319550081910795]]	0.6996726189178379	0.3003273810821623	[[0.5939887588712547, -0.3592905997367204, 0.08734639625514168], [0.3657853306379932, 0.5468246191758, -0.23817157978365316], [0.05403905891099974, 0.24786059482583103, 0.6520634012946477]]	0.837727879148918	0.24426119630685914	[[0.6763649094777209, -0.41613632971001746, 0.05222108816681059], [0.476279749961409, 0.6232140644307432, -0.2655765322897172], [0.030990098186049458, 0.2362304815790981, 0.7415249364983068]]	[[-0.03482619583827425, 0.01404736474570391, -0.052359982047562655], [0.038319822741310836, -0.031506752280752406, 0.019589654025109628], [-0.0337116280051698, -0.06053649888268226, -0.0391997559758187]]	0.45002236226030073	[[0.6590235200658623, -0.6590235200658622, 0.0], [0.7071067811865475, 0.7071067811865476, 0.0], [0.0, 0.0, 0.9319999999999999]]
3	[[0.22433838825039393, -0.7661379269479729, -0.6022499185961573], [-0.9416906372873723, -0.011392912655017143, -0.3362869982418849], [0.2507808429735371, 0.642575192824231, -0.724020780340167]]	0.4432462706335734	0.5567537293664265	[[0.09943715395193374, -0.33958777891062614, -0.26694503040712003], [-0.4174008630681809, -0.005049866045990447, -0.14905795783327455], [0.11115767339436412, 0.2848190578209897, -0.32091951074698866]]	0.6595492462218179	0.5553822375382214	[[0.27911029625963996, -0.3922683888623157, -0.28029276905456535], [-0.6794370605491554, -0.05001680907328767, -0.04019060848659252], [0.2537403874396731, 0.25374038743967303, -0.47534304770818514]]	[[0.13114808139047515, 0.11303730335816599, 0.11692071079268142], [-0.05834571055212548, -0.04250262211940005, 0.18160722771804047], [0.08833807148960462, -0.1700695966283878, 0.0021843122141044294]]	0.7313009816205318	[[1.61647162091931e-16, -0.8095575679999999, 0.0], [-1.0, -1.7938038903913487e-16, 0.0], [0.0, 0.0, -0.8095575679999999]]
3	[[0.8592155572171323, 0.2624339665249735, -0.4391776855101157], [-0.4266000482917053, 0.8413623931712975, -0.33184593135155627], [0.2824199444684594, 0.4724804086637203, 0.8348660002631537]]	0.5210852431271261	0.478914756872874	[[0.44772454753109847, 0.1367504672514819, -0.2288490110300472], [-0.22229498988212698, 0.4384215272036863, -0.17292001781907332], [0.14716486542729668, 0.24620256862133857, 0.43503635272569674]]	0.7554923126313993	0.4335600559605199	[[0.4838137335902476, 0.19482226369780367, -0.2896969267609226], [-0.35347723503092954, 0.7490295025493879, -0.2524191436698608], [0.24126174332262673, 0.32128070481877774, 0.4798681156396766]]	[[-0.1653170147806, -0.003444580585179804, 0.04209843852122008], [-0.031184177978362437, 0.11338668237131558, -0.0017120935557529294], [0.02789564634291894, -0.03567461179560496, -0.1508667296364598]]	0.6838911334854512	[[0.8095575679999999, 0.0, 0.0], [0.0, 0.7071067811865476, -0.7071067811865475], [0.0, 0.5724436460936895, 0.5724436460936896]]
3	[[0.04673222253661188, -0.9725397674033924, -0.22799671093185395], [-0.8377629715199755, -0.16246744520517667, 0.5213036857710898], [-0.5440306084466285, 0.16664552219444034, -0.8223502702654952]]	0.516515715545485	0.4834842844545148	[[0.02413792736252888, -0.5023320738568028, -0.11776388428898367], [-0.43271774069215196, -0.08391698871299869, 0.2692615462725531], [-0.2810003590004559, 0.08607503113871237, -0.4247568382752053]]	0.712517743123974	0.44892788758044705	[[-1.0844230620932082e-16, -0.7315134385545905, -0.09975171999854798], [-0.6708580887281409, -0.12321757456357682, 0.2327384774330325], [-0.266459325216118, 0.0, -0.5430982427838819]]	[[-0.033297537732954005, -0.03856159838601074, 0.06269998191430566], [-0.07393710698789399, -0.00745663717486654, -0.13869964823479367], [0.12117213610463617, -0.11873789137569875, 0.042840915843078684]]	0.6693857996681013	[[1.61647162091931e-16, -0.8095575679999999, 0.0], [-1.0, -1.7938038903913487e-16, 0.0], [0.0, 0.0, -0.8095575679999999]]
3	[[0.3802729664721569, 0.7767473726770865, -0.5020517802076895], [0.4287143634067757, 0.332951791095048, 0.839849450446521], [0.8195098935212374, -0.5346088512602871, -0.20639019011321075]]	0.513425909937155	0.48657409006284524	[[0.1952419938354684, 0.39880222660802755, -0.25776639208870156], [0.22011306213525203, 0.17094607630818057, 0.43120046830572467], [0.4207576127836423, -0.2744820359187701, -0.10596607116097766]]	0.6622116931490883	0.5079844696538399	[[0.12583987114785045, 0.4083060999246704, -0.26224444723582563], [0.30489429701257664, 0.1697189755509548, 0.46050256524991384], [0.5859570149402019, -0.2979580889126947, -0.07980292897148493]]	[[-0.1259813338385031, -0.10606509288492907, 0.07022011218402234], [0.02099463254364226, -0.050765593767118436, -0.09565556132060819], [0.04326798079907433, 0.0560661436528691, 0.056871068272746586]]	0.7160725381286349	[[0.0, 0.5724436460936895, -0.5724436460936896], [0.0, 0.7071067811865476, 0.7071067811865475], [0.8095575679999999, 0.0, 0.0]]
3	[[-0.42203838922340475, -0.825029846081567, 0.3757783270710803], [0.2588054115689476, 0.28760896992378115, 0.9221175843470338], [-0.8688517462515349, 0.4864224845687207, 0.09214016247897017]]	0.4154609247457124	0.5845390752542876	[[-0.17534045946494664, -0.34276766279586063, 0.15612121126434778], [0.1075235356196296, 0.11949028860969585, 0.3831038243171011], [-0.3609739499645897, 0.20208953525602769, 0.03828063710973311]]	0.6105903345426557	0.6316917358052901	[[-0.09723165555692515, -0.3432943440177826, 0.29975014650250176], [0.1505289182229031, 0.085888804411343, 0.6270809818565138], [-0.4563415811499531, 0.1728091702398715, -0.02914993604597004]]	[[0.1604609057088371, 0.16046090570883706, 0.07030353206229138], [-0.007495164608430305, -0.08972245275188707, 0.06404489754239294], [0.07417089726174213, -0.12419569734201344, -0.08540982867881908]]	0.693571841415211	[[0.0, -0.5724436460936895, 0.5724436460936896], [0.0, 0.7071067811865476, 0.7071067811865475], [-0.8095575679999999, 0.0, 0.0]]
3	[[-0.5446221603179724, 0.8109226453022452, -0.2139887049042392], [-0.8354447797583356, -0.5021691245819775, 0.22328947644507607], [0.07361197229480154, 0.30038414347728, 0.9509735242804028]]	0.5506777698815345	0.44932223011846545	[[-0.2999113166719646, 0.44655707386147503, -0.11783882279650423], [-0.46006086817649006, -0.2765333736281659, 0.12296055092678992], [0.04053647673988263, 0.16541487023784343, 0.5236799795671156]]	0.7485327559618213	0.36130708917455534	[[-0.4729999658805679, 0.5502482852506024, -0.09093725699331726], [-0.678342681171088, -0.4531064421274406, 0.04241384986226096], [0.10906570099085174, 0.08947510666447059, 0.7118348329763359]]	[[-0.06533243925987518, -0.05675387730933759, 0.06924029803335383], [-0.05298489772466437, -0.07721640334515778, -0.12472563731844402], [0.0539647284972387, -0.13537226409980896, 0.0]]	0.4257639469526799	[[-0.6142099207013836, 0.6142099207013835, 0.0], [-0.7071067811865475, -0.7071067811865476, 0.0], [0.0, 0.0, 0.8686239999999998]]
3	[[0.034229894132735264, 0.2773841392786001, 0.9601491309293217], [-0.1827544195208179, -0.9427759796974285, 0.2788803941677556], [0.9825625356654255, -0.18501754344446375, 0.018422055382213542]]	0.7886347173658891	0.21136528263411092	[[0.02699488288483398, 0.21875476228175922, 0.7572069384995497], [-0.14412647998616734, -0.7435058682880308, 0.21993476083337568], [0.7748829276088142, -0.1459112580820558, 0.014528272439650734]]	0.8832670354141943	0.17933047261446103	[[0.009178043274630794, 0.21781336302810347, 0.8019123222553719], [-0.16740388817636537, -0.824527709705666, 0.2562236948728847], [0.8321797235516036, -0.1485430623213514, 0.0]]	[[-0.021056093838532006, -0.02719090334342359, -0.04615575417608513], [-0.005982933837370625, 0.008195234941394298, 0.00989783588118927], [-0.035685374434650176, 0.014876834776457017, -0.016271594243683858]]	0.36831034275757935	[[0.0, 0.0, 0.9319999999999999], [0.0, -1.0, 0.0], [0.9319999999999999, 0.0, 0.0]]
3	[[0.5319609947059123, -0.8460851799387872, 0.03402011756955908], [-0.703274286200726, -0.4190807785627857, 0.5742617690636116], [-0.47161719485230363, -0.3294103357928521, -0.8179645788128509]]	0.47261140195596085	0.527388598044039	[[0.25141083149384874, -0.3998695030650316, 0.01607829545925593], [-0.33237544636090266, -0.19806235428935376, 0.27140265976686373], [-0.22289166364568486, -0.15568308061784367, -0.3865793863430586]]	0.6762345777372739	0.5384965299570695	[[0.41308758034785104, -0.5529181307366775, 0.09865580503835109], [-0.4048434388602227, -0.22932290336762332, 0.3022633423263248], [-0.2846266064121638, -0.04343817280909541, -0.45387954014853027]]	[[0.05335716172019829, 0.019233923648993588, 0.07565022519912787], [0.07073495110220783, 0.054074009961590064, -0.0860723225870666], [0.03429724820242133, 0.17932048651807755, 0.09925639140902506]]	0.690870699988937	[[0.6142099207013836, -0.6142099207013835, 0.0], [-0.7071067811865475, -0.7071067811865476, 0.0], [0.0, 0.0, -0.8686239999999998]]
3	[[-0.8305561570912853, 0.32773595720904825, 0.4502950280316503], [-0.5100865793185324, -0.772219296347621, -0.37879947194723407], [0.22358030216652452, -0.5443036842615101, 0.808545204538665]]	0.4710737169798972	0.5289262830201027	[[-0.3912531760815312, 0.1543877955504309, 0.2121221525924365], [-0.2402883809011422, -0.36377221425407447, -0.17844247524020584], [0.10532280398507325, -0.25640715971092193, 0.38088439484830017]]	0.7012966816144495	0.5107497224895273	[[-0.45823810112877417, 0.11639121204749098, 0.24752011373552213], [-0.5455657144731556, -0.5973358633163605, -0.2750659303177081], [0.20975048671542115, -0.31452344229787144, 0.41421113715310587]]	[[0.12422817573379362, -0.11344892718894974, -0.06827029517055971], [-0.18784368906100324, -0.05578103330912876, -0.009415117643807046], [0.0529543627316816, 0.0671949252652447, -0.1528189317251362]]	0.6837490366562534	[[-0.6142099207013836, 0.6142099207013835, 0.0], [-0.7071067811865475, -0.7071067811865476, 0.0], [0.0, 0.0, 0.8686239999999998]]
