3	[[0.04673222253661188, -0.9725397674033924, -0.22799671093185395], [-0.8377629715199755, -0.16246744520517667, 0.5213036857710898], [-0.5440306084466285, 0.16664552219444034, -0.8223502702654952]]	0.49569456235531406	0.5043054376446858	[[0.02316490859817694, -0.4820826743761636, -0.1130167298438164], [-0.4152745495250817, -0.08053422914796597, 0.25840740237251253], [-0.2696730143618468, 0.08260527919264586, -0.4076345573220289]]	0.6885670309452855	0.48258200861371026	[[-1.0138835263334467e-16, -0.6829843552124907, -0.10284626768302012], [-0.6720454628893255, -0.1361192256495949, 0.23189887711185317], [-0.24778939162034333, 0.0, -0.5077707960916569]]	[[-0.032178267721509196, -0.01332553509531837, 0.05414475062861708], [-0.09518950095391616, -0.024249499279400642, -0.12705365402038016], [0.12681214918110872, -0.11474661243775246, 0.05847248790210824]]	0.6911525899123104	[[1.508653182441641e-16, -0.7555601877120002, 0.0], [-1.0, -1.7938038903913487e-16, 0.0], [0.0, 0.0, -0.7555601877120002]]
3	[[0.8489524140446696, -0.5135124485683378, 0.12483895166604869], [0.522794976890395, 0.7815435453534784, -0.34040431673891397], [0.0772347773085365, 0.35425224329800037, 0.9319550081910795]]	0.6556300464174161	0.344369953582584	[[0.5565987106262842, -0.33667419049078035, 0.08184816767551306], [0.34276009496544163, 0.512403430917333, -0.223179297984223], [0.050637440631834583, 0.23225841471694175, 0.6110177052792606]]	0.8170185797593599	0.2757664994757501	[[0.6459803429153471, -0.3997483796063437, 0.051025547594644866], [0.4765279283472429, 0.6253519831519618, -0.26444279897430323], [0.025690159831437933, 0.22513783859531825, 0.7137517111451952]]	[[-0.047629552690708975, 0.019800831811710967, -0.050970195394197615], [0.049394718822924906, -0.013183614292831934, 0.013673852431679519], [-0.037412088233213014, -0.06429282610058124, -0.047672846046703105]]	0.4581048116743409	[[0.6440328563047075, -0.6440328563047074, 0.0], [0.7071067811865475, 0.7071067811865476, 0.0], [0.0, 0.0, 0.9108]]
3	[[-0.5446221603179724, 0.8109226453022452, -0.2139887049042392], [-0.8354447797583356, -0.5021691245819775, 0.22328947644507607], [0.07361197229480154, 0.30038414347728, 0.9509735242804028]]	0.5181202438457332	0.4818797561542668	[[-0.28217976650773785, 0.4201554387240264, -0.11087187996521711], [-0.4328608530080337, -0.2601839892802125, 0.11569079798390891], [0.03813985303534795, 0.15563510566584002, 0.49271863429099866]]	0.7297212119673713	0.3841191151009843	[[-0.4585973194781979, 0.5292480377233517, -0.07769773781309382], [-0.6808340563619796, -0.4679160764611974, 0.03833962488206284], [0.09402166968647357, 0.07935596931583531, 0.6902373729464695]]	[[-0.06117497658667915, -0.06249941781838944, 0.0784543592769558], [-0.07119227914491336, -0.10147261425864289, -0.12459944248899787], [0.040305452048202434, -0.1398407119181862, -0.003708179740308477]]	0.44318273735658914	[[-0.5865851255223277, 0.5865851255223276, 0.0], [-0.7071067811865475, -0.7071067811865476, 0.0], [0.0, 0.0, 0.8295566400000001]]
3	[[0.8592155572171323, 0.2624339665249735, -0.4391776855101157], [-0.4266000482917053, 0.8413623931712975, -0.33184593135155627], [0.2824199444684594, 0.4724804086637203, 0.8348660002631537]]	0.48963236567470525	0.5103676343252948	[[0.42069974590473447, 0.12849616386301918, -0.21503560910785965], [-0.2088771908420112, 0.41195825895819377, -0.1624825084071883], [0.13828194552381068, 0.2313417002289689, 0.40877741473022705]]	0.7343164331090143	0.466539613526642	[[0.45167425242730486, 0.18042218196595688, -0.2833791962419367], [-0.35064742721911313, 0.7496061028929707, -0.2538569151121301], [0.23563494582692635, 0.30706899531136556, 0.446959675123313]]	[[-0.1792618508201539, -0.012287392259312153, 0.03911619528292392], [-0.037388001393414846, 0.13177987138735966, -0.010176994460316433], [0.028249339566001355, -0.039881133092466936, -0.16609614831391542]]	0.6897474889419508	[[0.6440328563047075, 0.6440328563047074, 0.0], [-0.7071067811865475, 0.7071067811865476, 0.0], [0.0, 0.0, 0.9108]]
3	[[-0.8305561570912853, 0.32773595720904825, 0.4502950280316503], [-0.5100865793185324, -0.772219296347621, -0.37879947194723407], [0.22358030216652452, -0.5443036842615101, 0.808545204538665]]	0.44757138610402103	0.5524286138959789	[[-0.37173317046657556, 0.14668523664418184, 0.20153916985187476], [-0.22830015733865425, -0.3456232608425765, -0.1695398047148948], [0.10006814574622724, -0.24361475442644953, 0.3618816979231295]]	0.6777001543868281	0.5363475817914563	[[-0.42876136438654344, 0.10128746935486518, 0.24666101236086121], [-0.5429600407321629, -0.5942538988387888, -0.26914778141285944], [0.1985820306545219, -0.304366240993255, 0.38648263623982065]]	[[0.1341066715011511, -0.12081923944382172, -0.058503997655809256], [-0.19727428717734422, -0.07092076248351821, -0.012435320792569971], [0.04706162535841455, 0.06450844986408982, -0.16146857370476198]]	0.6881376947058134	[[-0.5865851255223277, 0.5865851255223276, 0.0], [-0.7071067811865475, -0.7071067811865476, 0.0], [0.0, 0.0, 0.8295566400000001]]
3	[[0.8787972042104137, -0.3840163418041313, 0.28327887866788265], [-0.395223040501579, -0.9183905790867732, -0.018907472103605397], [0.2674214316928388, -0.09534250611366366, -0.9588511794847616]]	0.565618089248894	0.43438191075110594	[[0.4970635954827643, -0.2172065894916029, 0.16022765807669706], [-0.2235453009956414, -0.5194583245272459, -0.01069440824376805], [0.15125839921830703, -0.05392744613221144, -0.5423435720142192]]	0.7889497262665334	0.370280276998143	[[0.5488088451065127, -0.2317463299622858, 0.22348309295378416], [-0.34553845583269666, -0.8467255942710656, -0.02449869324277338], [0.20074384929088632, -0.07522044409994022, -0.6363832335560573]]	[[-0.14451796859908816, 0.07122325778595906, -9.700828332380191e-06], [-0.033727346214748835, -0.12216159829479276, -0.009581648302241782], [-0.010238216040983288, 0.0, 0.12010214202878816]]	0.5142791649740999	[[0.9108, 0.0, 0.0], [0.0, -1.0, 0.0], [0.0, 0.0, -0.9108]]
3	[[0.3802729664721569, 0.7767473726770865, -0.5020517802076895], [0.4287143634067757, 0.332951791095048, 0.839849450446521], [0.8195098935212374, -0.5346088512602871, -0.20639019011321075]]	0.4830893329785966	0.5169106670214036	[[0.18370581372282654, 0.3752383701594511, -0.24253585962124968], [0.20710733585652297, 0.16084545867413577, 0.4057223108186508], [0.39589648783053527, -0.25826383335978587, -0.09970489927511673]]	0.6393653943354022	0.5322917648049299	[[0.11747031530790389, 0.40165251889199605, -0.23165958890652774], [0.3014789196531943, 0.14007122928587415, 0.46780856576761654], [0.5500037250674337, -0.2633355852659269, -0.09333714419024951]]	[[-0.12566305985565987, -0.0949728713386769, 0.0893349455227523], [0.027373791636370298, -0.07280662392228968, -0.06916210929949414], [0.026037458834464365, 0.07847481373530296, 0.03862160109844209]]	0.7341360592553279	[[0.0, 0.534261732325736, -0.5342617323257361], [0.0, 0.7071067811865476, 0.7071067811865475], [0.7555601877120002, 0.0, 0.0]]
3	[[0.22433838825039393, -0.7661379269479729, -0.6022499185961573], [-0.9416906372873723, -0.011392912655017143, -0.3362869982418849], [0.2507808429735371, 0.642575192824231, -0.724020780340167]]	0.41511738858916	0.5848826114108401	[[0.09312676589080462, -0.3180371755337551, -0.25000441348567093], [-0.39091215820959585, -0.0047293961497750945, -0.1395985805266587], [0.10410348864336291, 0.2667441360173707, -0.300553615619096]]	0.635102844972949	0.5747639133520192	[[0.2563349638649755, -0.3848293028851099, -0.2507151524701434], [-0.6875248360934699, -0.0481858187761902, -0.040649377910767635], [0.2297128431230635, 0.22971284312306348, -0.4602936698237644]]	[[0.11385701525050429, 0.10174707416122503, 0.13177548421500304], [-0.08945443326787059, -0.04095014753646058, 0.17292745140006655], [0.07044121628585573, -0.17838848994864698, -0.0004660124101897069]]	0.7330817789259271	[[1.508653182441641e-16, -0.7555601877120002, 0.0], [-1.0, -1.7938038903913487e-16, 0.0], [0.0, 0.0, -0.7555601877120002]]
3	[[-0.30792515101507295, 0.09349718223056193, 0.9468053539599837], [0.3027085282091916, -0.9338174967034747, 0.1906631317268273], [0.9019698710720718, 0.34531602882779927, 0.2592434992682147]]	0.5854255640753389	0.4145744359246614	[[-0.18026725522598291, 0.05473564064678148, 0.5542840584115745], [0.17721331087728162, -0.5466806347510523, 0.11161907143954852], [0.5280362205513283, 0.2021568309607704, 0.1517677717919593]]	0.7920547938242095	0.31135076612208734	[[-0.17511239982899007, 0.06935521919139107, 0.716464135471952], [0.26109002193092684, -0.838081813189326, 0.12981506066226284], [0.6582914121196589, 0.23852446927910795, 0.10575718063759905]]	[[0.06878119217154206, -0.0046996722033812045, -0.03345758395048064], [0.021328281031365658, -0.0984471883684159, -0.021200586827507487], [-0.05611814814797987, -0.03498474673828939, -0.09957787572555338]]	0.4849097723048332	[[0.0, 0.0, 0.9108], [0.0, -1.0, 0.0], [0.9108, 0.0, 0.0]]
3	[[0.034229894132735264, 0.2773841392786001, 0.9601491309293217], [-0.1827544195208179, -0.9427759796974285, 0.2788803941677556], [0.9825625356654255, -0.18501754344446375, 0.018422055382213542]]	0.7443648943955384	0.2556351056044616	[[0.02547953153128395, 0.20647501554111247, 0.7147013064481726], [-0.13603597418693153, -0.7017693425661269, 0.20758877515366758], [0.7313850580976069, -0.1377205641873602, 0.013712731309130146]]	0.8644997185757614	0.20847354482251976	[[0.00923033340299036, 0.2087779927869612, 0.7733198157181388], [-0.1687679463028047, -0.8232997638998931, 0.25782416016460136], [0.8021819695175546, -0.1429219189258572, 0.0]]	[[-0.02036140044163738, -0.031020517556768427, -0.05672883776102175], [-0.010776802058581017, -0.008270194771478279, 0.016732137890279213], [-0.047243066048292114, 0.0170256953134604, -0.015925861693510696]]	0.3783367506720851	[[0.0, 0.0, 0.9108], [0.0, -1.0, 0.0], [0.9108, 0.0, 0.0]]
3	[[0.5319609947059123, -0.8460851799387872, 0.03402011756955908], [-0.703274286200726, -0.4190807785627857, 0.5742617690636116], [-0.47161719485230363, -0.3294103357928521, -0.8179645788128509]]	0.453015883588258	0.546984116411742	[[0.24098678005118745, -0.3832900253809, 0.01541165362055022], [-0.3185944221681233, -0.1898502491954755, 0.26014970272330823], [-0.213650080241432, -0.14922811433230365, -0.37055094641480096]]	0.6565538702688566	0.5584762047017645	[[0.39083242164401544, -0.5260925740579112, 0.09185436815397954], [-0.4059923957813188, -0.23384790553310453, 0.30111438540522867], [-0.26770905241547927, -0.03821115521154789, -0.43808704566944295]]	[[0.04157137173777797, 0.029407925408021344, 0.06951832829668397], [0.05574505868433545, 0.04130120158757811, -0.07591940162092586], [0.04193304215014212, 0.17806447565981284, 0.09895076429296959]]	0.7062391510544803	[[0.5865851255223277, -0.5865851255223276, 0.0], [-0.7071067811865475, -0.7071067811865476, 0.0], [0.0, 0.0, -0.8295566400000001]]
3	[[0.08740825448676931, -0.06334395238859675, -0.994156597696443], [0.7119981850616444, -0.6940087028176986, 0.10681996481098455], [-0.6967197295301035, -0.717174639895393, -0.015561310176609944]]	0.6063926268756192	0.3936073731243808	[[0.05300372104884467, -0.038411305685605336, -0.6028492308028742], [0.43175044977020377, -0.4208417603761651, 0.06477483906449412], [-0.42248570698583043, -0.4348894138147436, -0.00943626375562081]]	0.8105015163176674	0.30472059400411744	[[0.03592084217757384, -0.028276780787066625, -0.7079267194321723], [0.6360645892477353, -0.6398722405032685, 0.07104219193881212], [-0.5205744873382959, -0.5059849515386694, 0.025399871089694215]]	[[-0.03492368062263326, 0.023063588673445164, 0.097838710458008], [0.058988980639845305, -0.07737713453186655, -0.01553555151349073], [0.04411790989428809, 0.07528618156112377, 0.038012336583726124]]	0.2810681078173991	[[0.0, 0.0, -0.7555601877120002], [0.7071067811865475, -0.7071067811865476, 0.0], [-0.5342617323257361, -0.534261732325736, 0.0]]
3	[[-0.42203838922340475, -0.825029846081567, 0.3757783270710803], [0.2588054115689476, 0.28760896992378115, 0.9221175843470338], [-0.8688517462515349, 0.4864224845687207, 0.09214016247897017]]	0.3969466389599487	0.6030533610400514	[[-0.16752672011430114, -0.32749282444372185, 0.14916394392485766], [0.10273193826694002, 0.11416541394597787, 0.366031475832422], [-0.34488778042902896, 0.1930837703641012, 0.0365747278092508]]	0.5896301867610707	0.6486493722646726	[[-0.08638087370870072, -0.32399680167909495, 0.27633645181119454], [0.15991541058427106, 0.08090409830724855, 0.6160676752720138], [-0.43042248644000614, 0.16635986875057895, -0.027778184660075866]]	[[0.16246570054943685, 0.16246570054943682, 0.05476620663951078], [0.0073159274260966856, -0.08867883234306968, 0.07235931179780493], [0.08187873096996873, -0.12044951167045989, -0.08210680587074642]]	0.7104816276829875	[[0.0, -0.534261732325736, 0.5342617323257361], [0.0, 0.7071067811865476, 0.7071067811865475], [-0.7555601877120002, 0.0, 0.0]]
3	[[-0.3195682178843842, -0.5708200961323295, -0.7563336379995778], [0.910087742671785, 0.03735879733279218, -0.41272826520656647], [0.2638493031197415, -0.8202248094963509, 0.507557688474819]]	0.39991882009160434	0.6000811799083955	[[-0.12780134463509965, -0.22828169932981743, -0.30247205610438177], [0.36396121622913197, 0.014940486149371636, -0.16505780083986482], [0.10551830198563909, -0.3280233380236416, 0.2029818719032717]]	0.6062445068668038	0.6134556316736584	[[-0.26069511981437715, -0.26069511981437715, -0.3555694318428617], [0.6106269005456154, -0.09635462492135809, -0.05651660558332057], [0.21003445739449988, -0.3243219131662295, 0.32597687696259237]]	[[-0.0669586431527554, 0.08536142787502855, 0.10295368155296791], [0.05889120578403641, -0.11900319058751357, 0.1936976380268257], [0.05007726673752239, 0.1729348719868038, 0.01827281640672098]]	0.9417923134337585	[[-1.508653182441641e-16, -0.7555601877120002, 0.0], [1.0, -1.7938038903913487e-16, 0.0], [0.0, 0.0, 0.7555601877120002]]
