3	[[-0.3195682178843842, -0.5708200961323295, -0.7563336379995778], [0.910087742671785, 0.03735879733279218, -0.41272826520656647], [0.2638493031197415, -0.8202248094963509, 0.507557688474819]]	0.40585645658347036	0.5941435434165296	[[-0.12969882454725054, -0.2316710215629032, -0.30696289031339385], [0.36936498642081994, 0.015162309107707071, -0.1675084312485799], [0.10708494323619627, -0.332893534784041, 0.20599556495608698]]	0.6123672346512669	0.6083195122238009	[[-0.2646994906328012, -0.2646994906328012, -0.36224938733734674], [0.6101441533243174, -0.09718717906925241, -0.05679939235835909], [0.2141570872406009, -0.33091641645137626, 0.330543870057318]]	[[-0.06900638476450727, 0.08485203311912375, 0.10090455103818696], [0.052836239054382395, -0.1200644824818315, 0.19594187406860064], [0.052584419124500924, 0.17136238193226636, 0.019732171940003863]]	0.944231213240851	[[-1.5396725052185921e-16, -0.7710952130000001, 0.0], [1.0, -1.7938038903913487e-16, 0.0], [0.0, 0.0, 0.7710952130000001]]
3	[[0.8592155572171323, 0.2624339665249735, -0.4391776855101157], [-0.4266000482917053, 0.8413623931712975, -0.33184593135155627], [0.2824199444684594, 0.4724804086637203, 0.8348660002631537]]	0.49866105471509986	0.5013389452849002	[[0.4284573359895174, 0.13086559854041047, -0.21900080786381074], [-0.21272883002265425, 0.41955465837641964, -0.1654786421306817], [0.14083182738122185, 0.23560757891647216, 0.41631516023700105]]	0.7405584952390079	0.45700165852306923	[[0.4607061924497525, 0.18553966456821, -0.2854073917044835], [-0.3522264017478266, 0.7495836460015843, -0.25233215631517064], [0.23753183045245688, 0.31015394710146227, 0.45696482781111336]]	[[-0.1755931876889127, -0.008808038781128532, 0.0398293742194381], [-0.036304111916033346, 0.12650557816395774, -0.006580832742275013], [0.028383341351410376, -0.039745433368453945, -0.16130228106997702]]	0.6894219253555155	[[0.6484169183480641, 0.648416918348064, 0.0], [-0.7071067811865475, 0.7071067811865476, 0.0], [0.0, 0.0, 0.917]]
3	[[-0.30792515101507295, 0.09349718223056193, 0.9468053539599837], [0.3027085282091916, -0.9338174967034747, 0.1906631317268273], [0.9019698710720718, 0.34531602882779927, 0.2592434992682147]]	0.5974319999772492	0.40256800002275095	[[-0.18396433881423158, 0.05585820857224191, 0.5656518162054804], [0.18084776141818687, -0.5578924546693054, 0.1139082561094841], [0.5388656639938094, 0.20630284572679355, 0.15488036224891005]]	0.7973034004357116	0.30410354194720385	[[-0.1766906729308465, 0.07154465962133083, 0.7247574341719468], [0.2610488083031085, -0.8375189194795314, 0.1312152199184419], [0.6661492294052399, 0.2426721507659758, 0.10514601330951569]]	[[0.06881909705315109, -0.0030009617022535764, -0.030133694091085784], [0.019698269421030534, -0.09298305397148701, -0.02080114334507953], [-0.05299441589108328, -0.03264949324338473, -0.10154971019788481]]	0.4832547222848542	[[0.0, 0.0, 0.917], [0.0, -1.0, 0.0], [0.917, 0.0, 0.0]]
3	[[0.5319609947059123, -0.8460851799387872, 0.03402011756955908], [-0.703274286200726, -0.4190807785627857, 0.5742617690636116], [-0.47161719485230363, -0.3294103357928521, -0.8179645788128509]]	0.45875677287458577	0.5412432271254143	[[0.24404070922643892, -0.3881473067257312, 0.01560695934902491], [-0.3226318419831229, -0.19225614554723236, 0.2634464759608731], [-0.21635758234260755, -0.1511192225998625, -0.3752467905019032]]	0.6624110159160113	0.5511666309179998	[[0.39583967401438863, -0.5352919959612684, 0.09352305510933216], [-0.4063056427214665, -0.2353341200570545, 0.3008011384650809], [-0.2738399001547306, -0.038312267576517, -0.4448650327869422]]	[[0.043462851083553404, 0.025164147633464716, 0.0709877544684984], [0.05955099166836396, 0.04226960422159332, -0.07959618338207189], [0.03856452501084331, 0.1798927676092606, 0.09696371484779043]]	0.7017202520934632	[[0.5945983141251748, -0.5945983141251748, 0.0], [-0.7071067811865475, -0.7071067811865476, 0.0], [0.0, 0.0, -0.8408890000000001]]
3	[[0.3802729664721569, 0.7767473726770865, -0.5020517802076895], [0.4287143634067757, 0.332951791095048, 0.839849450446521], [0.8195098935212374, -0.5346088512602871, -0.20639019011321075]]	0.4920101837136975	0.5079898162863028	[[0.18709817209531868, 0.3821676175299852, -0.24701458861377423], [0.21093183270046856, 0.16381567190447924, 0.41321448240604075], [0.4032072132665766, -0.26303299912354267, -0.10154607535430578]]	0.6462888620279597	0.5212501470144578	[[0.12290096272086592, 0.41254524927790986, -0.23326506236289346], [0.30053133394738735, 0.1384326005451839, 0.4720569524578206], [0.5582508967479131, -0.26504587559827253, -0.0944159994091476]]	[[-0.12286522004042083, -0.08945792629277183, 0.09120541134664548], [0.02345801588618105, -0.07675043363180556, -0.07072839314606877], [0.02861078024341809, 0.08046587051281319, 0.03897168169285363]]	0.728749519553519	[[0.0, 0.5452466540527853, -0.5452466540527854], [0.0, 0.7071067811865476, 0.7071067811865475], [0.7710952130000001, 0.0, 0.0]]
3	[[-0.8305561570912853, 0.32773595720904825, 0.4502950280316503], [-0.5100865793185324, -0.772219296347621, -0.37879947194723407], [0.22358030216652452, -0.5443036842615101, 0.808545204538665]]	0.4544159753515715	0.5455840246484284	[[-0.3774179862088895, 0.14892845465293061, 0.20462125435896567], [-0.23179149045477773, -0.35090878473510845, -0.1721325315075626], [0.1015984610784003, -0.24734028957114795, 0.36741585773627333]]	0.6845984108329531	0.5288792985465001	[[-0.43722978402054247, 0.10558820175488717, 0.24702986118217507], [-0.5437052886933552, -0.5951789509527884, -0.2708692164347552], [0.20178969333786692, -0.30733222396945403, 0.39445073746200404]]	[[0.13136764123167596, -0.11877931372324399, -0.06124139941427276], [-0.1945008271046709, -0.06651884785866594, -0.011543699915316957], [0.048726973781112744, 0.06529721328649724, -0.15907802465177093]]	0.6866857564845857	[[-0.5945983141251748, 0.5945983141251748, 0.0], [-0.7071067811865475, -0.7071067811865476, 0.0], [0.0, 0.0, 0.8408890000000001]]
3	[[0.8489524140446696, -0.5135124485683378, 0.12483895166604869], [0.522794976890395, 0.7815435453534784, -0.34040431673891397], [0.0772347773085365, 0.35425224329800037, 0.9319550081910795]]	0.6681255097566479	0.331874490243352	[[0.5672067643927318, -0.3430907664661052, 0.0834080882193643], [0.34929266043311014, 0.5221691796363107, -0.22743280764455034], [0.05160252496020713, 0.23668496063591257, 0.622662914917926]]	0.82341163720786	0.26585653314985525	[[0.6559421558173941, -0.406270349112904, 0.049852578117190585], [0.4764995264363798, 0.6262414906448476, -0.26410275481778056], [0.027103742388261527, 0.22639720570903235, 0.7239939229091013]]	[[-0.04309514134269243, 0.016561776889368114, -0.052941267461463465], [0.04602405859101433, -0.017290559583895526, 0.01619012094083152], [-0.036492272044745, -0.06529821392953132, -0.04338867618958003]]	0.45569907498663015	[[0.6484169183480641, -0.648416918348064, 0.0], [0.7071067811865475, 0.7071067811865476, 0.0], [0.0, 0.0, 0.917]]
3	[[0.04673222253661188, -0.9725397674033924, -0.22799671093185395], [-0.8377629715199755, -0.16246744520517667, 0.5213036857710898], [-0.5440306084466285, 0.16664552219444034, -0.8223502702654952]]	0.5017571295749621	0.4982428704250378	[[0.02344822583862873, -0.4879787620898275, -0.11439897522969945], [-0.4203535438540536, -0.0815191989555269, 0.26156784100935004], [-0.27297123649510047, 0.08361557887280305, -0.4126201111136092]]	0.6955965715438485	0.47220965689236954	[[-1.0330992463305054e-16, -0.6967879560130177, -0.10497087944026162], [-0.6709863577019797, -0.13613218921676995, 0.23264777757181523], [-0.2537008445876978, 0.0, -0.5173943684123022]]	[[-0.0325067737770914, -0.020292628117166103, 0.053622851007209905], [-0.08824130694629813, -0.0231203913445611, -0.12996927898372648], [0.12472498146269094, -0.11591805390158702, 0.054629660192533416]]	0.6847268283726697	[[1.5396725052185921e-16, -0.7710952130000001, 0.0], [-1.0, -1.7938038903913487e-16, 0.0], [0.0, 0.0, -0.7710952130000001]]
3	[[0.22433838825039393, -0.7661379269479729, -0.6022499185961573], [-0.9416906372873723, -0.011392912655017143, -0.3362869982418849], [0.2507808429735371, 0.642575192824231, -0.724020780340167]]	0.423229422101623	0.576770577898377	[[0.09494660641442373, -0.324252112072326, -0.2548898850082012], [-0.3985511842176436, -0.004821815839037152, -0.14232655192620244], [0.10613783124584798, 0.27195672751583827, -0.30642689645293497]]	0.6423076993470442	0.568850363897506	[[0.2628733818654344, -0.38712631269153464, -0.259158059104155], [-0.685129604098898, -0.0486870941004804, -0.040520884611552545], [0.2365917578958937, 0.23659175789589365, -0.4647665724965857]]	[[0.11877910783309997, 0.10496997654893163, 0.1276717005412874], [-0.08027445736619399, -0.0413693385841746, 0.17547884354951604], [0.07551329160524875, -0.17613923586452146, 0.0002775492031585891]]	0.7322075861377164	[[1.5396725052185921e-16, -0.7710952130000001, 0.0], [-1.0, -1.7938038903913487e-16, 0.0], [0.0, 0.0, -0.7710952130000001]]
3	[[-0.5446221603179724, 0.8109226453022452, -0.2139887049042392], [-0.8354447797583356, -0.5021691245819775, 0.22328947644507607], [0.07361197229480154, 0.30038414347728, 0.9509735242804028]]	0.5277380734258157	0.47226192657418425	[[-0.2874178496312124, 0.427954754529173, -0.1129299868610486], [-0.44089601852331894, -0.2650137663408213, 0.11783835811538348], [0.038847840439933105, 0.15852414916636356, 0.501864935582698]]	0.735824420340961	0.37705240747171515	[[-0.46697969671871015, 0.5348579854718646, -0.08070430468845505], [-0.6810705042947358, -0.46933377087051475, 0.03704422697390345], [0.0957214781073181, 0.08142667826078356, 0.6997226831167666]]	[[-0.06623341129789624, -0.061838699949018784, 0.07675381005721973], [-0.06632983350217689, -0.09982546586185334, -0.1272576225995313], [0.04155599126334088, -0.139603309993002, -2.6859146461645192e-05]]	0.4379666630024169	[[-0.5945983141251748, 0.5945983141251748, 0.0], [-0.7071067811865475, -0.7071067811865476, 0.0], [0.0, 0.0, 0.8408890000000001]]
3	[[0.08740825448676931, -0.06334395238859675, -0.994156597696443], [0.7119981850616444, -0.6940087028176986, 0.10681996481098455], [-0.6967197295301035, -0.717174639895393, -0.015561310176609944]]	0.6241631069970267	0.37583689300297324	[[0.054557007697648735, -0.03953695813233828, -0.6205158708598051], [0.44440299936432, -0.4331746282336708, 0.06667308112573718], [-0.43486675108963746, -0.44763395149658225, -0.009712795708777325]]	0.8192523068550503	0.2907341164651836	[[0.03676800072637476, -0.028850282480288758, -0.7223770339919947], [0.6359752474928215, -0.6396730785620922, 0.0711315336937259], [-0.5311979296901244, -0.5163963715724965, 0.025998902644291503]]	[[-0.03484141340008431, 0.023044396639385598, 0.09208805204598439], [0.052669091904460376, -0.07110484780121155, -0.016380968895848492], [0.039591315958839746, 0.07115060657974423, 0.03874754190416617]]	0.26770911436829486	[[0.0, 0.0, -0.7710952130000001], [0.7071067811865475, -0.7071067811865476, 0.0], [-0.5452466540527854, -0.5452466540527853, 0.0]]
3	[[0.8787972042104137, -0.3840163418041313, 0.28327887866788265], [-0.395223040501579, -0.9183905790867732, -0.018907472103605397], [0.2674214316928388, -0.09534250611366366, -0.9588511794847616]]	0.5752647844319674	0.42473521556803256	[[0.5055410842395194, -0.22091107808630628, 0.16296036307100897], [-0.22735789719668753, -0.5283177585027022, -0.010876802863833981], [0.153838132255269, -0.05484718622668025, -0.5515933170686391]]	0.7938115860433902	0.36387752022956293	[[0.5541723786249821, -0.2348400908058399, 0.22580532731626446], [-0.3455154793293523, -0.8470389265949794, -0.023765218600194673], [0.20273360078798316, -0.07568398599543898, -0.6431687223002054]]	[[-0.14342702385978331, 0.06999653054827823, 0.0009352713483194472], [-0.03178285070790282, -0.11800984440280049, -0.008756248181560518], [-0.009548630046103318, 0.0, 0.11797845326616864]]	0.5116609424009625	[[0.5945983141251748, -0.5945983141251748, 0.0], [-0.7071067811865475, -0.7071067811865476, 0.0], [0.0, 0.0, -0.8408890000000001]]
3	[[0.034229894132735264, 0.2773841392786001, 0.9601491309293217], [-0.1827544195208179, -0.9427759796974285, 0.2788803941677556], [0.9825625356654255, -0.18501754344446375, 0.018422055382213542]]	0.7579297908363569	0.2420702091636432	[[0.025943856500374677, 0.2102377026647522, 0.7277256299769705], [-0.13851501896183332, -0.7145580010976135, 0.21137175881992776], [0.7447134171405364, -0.14023030800391897, 0.013962624582616889]]	0.8700706714773064	0.1999655625208669	[[0.009216413869506114, 0.21139852240735785, 0.781651281684744], [-0.16836064078272406, -0.8236683072206885, 0.2573417234012955], [0.8109196586331442, -0.1445559734510753, 0.0]]	[[-0.020566013103159968, -0.029945281911928426, -0.05374631738128327], [-0.009351380274800692, -0.003386577512671539, 0.014696071585900517], [-0.04397918654171751, 0.016422364808731004, -0.016028490096394662]]	0.3753697246320414	[[0.0, 0.0, 0.917], [0.0, -1.0, 0.0], [0.917, 0.0, 0.0]]
3	[[-0.42203838922340475, -0.825029846081567, 0.3757783270710803], [0.2588054115689476, 0.28760896992378115, 0.9221175843470338], [-0.8688517462515349, 0.4864224845687207, 0.09214016247897017]]	0.4023401687662257	0.5976598312337744	[[-0.1698029967459707, -0.3319426475096309, 0.15119071553246832], [0.10412781296826282, 0.11571664149781438, 0.3710049445084899], [-0.34957395821967246, 0.1957073045330659, 0.037071688521936305]]	0.5957863286022111	0.6436129796507678	[[-0.08947456147900859, -0.32957136201858944, 0.28303522030270145], [0.15715219754447943, 0.08235722380316648, 0.6192961264644812], [-0.4378988036385946, 0.1682614924527691, -0.028185486297867685]]	[[0.16197014096559473, 0.16197014096559473, 0.05915163044874156], [0.002959471563431862, -0.08899626846078687, 0.06991107634682203], [0.0797511883602274, -0.12154237377799473, -0.08308133541802451]]	0.7053940251804646	[[0.0, -0.5452466540527853, 0.5452466540527854], [0.0, 0.7071067811865476, 0.7071067811865475], [-0.7710952130000001, 0.0, 0.0]]
