3	[[-0.30792515101507295, 0.09349718223056193, 0.9468053539599837], [0.3027085282091916, -0.9338174967034747, 0.1906631317268273], [0.9019698710720718, 0.34531602882779927, 0.2592434992682147]]	0.6651386276357231	0.3348613723642769	[[-0.2048129123606884, 0.06218858747664309, 0.6297568137710987], [0.20134313502669124, -0.6211180882195755, 0.126817413777511], [0.599935002213648, 0.22968302951514022, 0.1724328653267429]]	0.8274129487505038	0.28367333892346497	[[-0.23202379831918324, 0.07244216814303207, 0.7253421274955343], [0.24766167576063547, -0.8483244980741999, 0.11851537806837806], [0.6637514704910452, 0.25114169613129517, 0.15958163017615118]]	[[0.0227574588766424, -0.004918611106220359, -0.058056882317260375], [-0.002803280176856723, -0.07567180953196397, -0.03924176597172184], [-0.08255008021680955, -0.0345772575319282, -0.05491979799776144]]	0.4747508210134421	[[0.0, 0.0, 0.9525999999999999], [0.0, -1.0, 0.0], [0.9525999999999999, 0.0, 0.0]]
3	[[0.8489524140446696, -0.5135124485683378, 0.12483895166604869], [0.522794976890395, 0.7815435453534784, -0.34040431673891397], [0.0772347773085365, 0.35425224329800037, 0.9319550081910795]]	0.728579845122161	0.2714201548778391	[[0.61852961834075, -0.37413482024622124, 0.0909551440700627], [0.38089788329344776, 0.5694168752298617, -0.24801172436855298], [0.05627170208949813, 0.2581010445562352, 0.6790036355286789]]	0.8562345491934198	0.2165535882618265	[[0.7062582860589496, -0.42327038818633517, 0.05369830290859655], [0.47259686549303626, 0.6269563402377317, -0.26770931536469456], [0.031314314799791694, 0.2538009644880483, 0.7673830703036999]]	[[-0.02064410146725348, 0.01641671171878471, -0.05319312059296176], [0.02496174413470464, -0.04222824499303088, 0.023756621321743512], [-0.03481676993103724, -0.04952204535297268, -0.03058900600333892]]	0.44256649680052734	[[0.6735899197583052, -0.6735899197583051, 0.0], [0.7071067811865475, 0.7071067811865476, 0.0], [0.0, 0.0, 0.9525999999999999]]
3	[[0.8592155572171323, 0.2624339665249735, -0.4391776855101157], [-0.4266000482917053, 0.8413623931712975, -0.33184593135155627], [0.2824199444684594, 0.4724804086637203, 0.8348660002631537]]	0.5533348559769267	0.4466651440230735	[[0.47543391660587675, 0.14521386107054982, -0.24301232136001985], [-0.23605267628124077, 0.4655551386498422, -0.18362192063094246], [0.1562727992974666, 0.26143987887985914, 0.461960458015645]]	0.7757272329595425	0.39640865577964346	[[0.5284089381067846, 0.2086226867581007, -0.2834209253479628], [-0.3386033081132619, 0.7513938074178472, -0.26158513370850883], [0.2405969767073387, 0.3295091844614436, 0.5211600598909001]]	[[-0.13810796860905292, 0.005045512071085827, 0.05726116541037539], [-0.007678033071530185, 0.09872608624685804, -0.004163207612283769], [0.021516134652233034, -0.037006735578857856, -0.12646823238523694]]	0.6638522587144258	[[0.8644337835759998, 0.0, 0.0], [0.0, 0.7071067811865476, -0.7071067811865475], [0.0, 0.6112469902533337, 0.6112469902533338]]
3	[[-0.8305561570912853, 0.32773595720904825, 0.4502950280316503], [-0.5100865793185324, -0.772219296347621, -0.37879947194723407], [0.22358030216652452, -0.5443036842615101, 0.808545204538665]]	0.49454154958295193	0.505458450417048	[[-0.4107445289435859, 0.1620790481322147, 0.22268960093227108], [-0.2522590073576545, -0.3818945274336093, -0.18733207783798908], [0.11056974908965767, -0.269180787458397, 0.3998591983604163]]	0.7243702907577393	0.4799306355231251	[[-0.49437694478558614, 0.12468154726199124, 0.2529917836922334], [-0.5535655911320919, -0.5890325934372127, -0.2855159846982487], [0.21591316529150362, -0.32758252730675874, 0.44378982293125646]]	[[0.10725326021725885, -0.11272064335329307, -0.0731885566898175], [-0.18407402735950593, -0.02965987721314958, -0.011124901064952621], [0.05395823680343504, 0.0666948907222601, -0.1418963019711922]]	0.681148625019784	[[-0.6416617575617614, 0.6416617575617614, 0.0], [-0.7071067811865475, -0.7071067811865476, 0.0], [0.0, 0.0, 0.9074467599999998]]
3	[[0.08740825448676931, -0.06334395238859675, -0.994156597696443], [0.7119981850616444, -0.6940087028176986, 0.10681996481098455], [-0.6967197295301035, -0.717174639895393, -0.015561310176609944]]	0.7311557868736326	0.2688442131263674	[[0.06390905108852456, -0.04631429735237037, -0.7268833494643563], [0.5205815932513448, -0.5074284792058233, 0.07810203542518913], [-0.5094106620749674, -0.5243663881585302, -0.011377741986963924]]	0.8696221624419525	0.20729514325314216	[[0.041754716120936716, -0.032523254893004276, -0.8092074941858636], [0.6353276594220605, -0.6387960708080289, 0.071779121764487], [-0.5951935206068998, -0.5787237353603295, 0.029525042915633605]]	[[-0.034257439161124115, 0.0225620499607873, 0.0553331161088514], [0.016158258074007836, -0.03527072191016754, -0.021113887026414663], [0.010689397203041129, 0.044947225834030706, 0.043057503121847106]]	0.1924780227520212	[[0.0, 0.0, -0.8644337835759998], [0.7071067811865475, -0.7071067811865476, 0.0], [-0.6112469902533338, -0.6112469902533337, 0.0]]
3	[[0.8787972042104137, -0.3840163418041313, 0.28327887866788265], [-0.395223040501579, -0.9183905790867732, -0.018907472103605397], [0.2674214316928388, -0.09534250611366366, -0.9588511794847616]]	0.634455847482338	0.365544152517662	[[0.5575580249624272, -0.24364141358640734, 0.1797279410390779], [-0.2507515691059757, -0.582678273174294, -0.011995956237241631], [0.1696670910796202, -0.060490610517434464, -0.6083487376894438]]	0.8209646201759825	0.3253346314519106	[[0.5871303559557121, -0.25307776930666376, 0.2373245154912456], [-0.3441141998434791, -0.8487515567526992, -0.021031843131972098], [0.21280823104410068, -0.07827282431823017, -0.684053219386949]]	[[-0.1343310570106055, 0.062186060883935176, 0.004762578461789094], [-0.01965006651330338, -0.09478538381952588, -0.005509477477947708], [-0.00673530305252813, 0.0, 0.10312967498405101]]	0.48972667488986976	[[0.6416617575617614, -0.6416617575617614, 0.0], [-0.7071067811865475, -0.7071067811865476, 0.0], [0.0, 0.0, -0.9074467599999998]]
3	[[0.034229894132735264, 0.2773841392786001, 0.9601491309293217], [-0.1827544195208179, -0.9427759796974285, 0.2788803941677556], [0.9825625356654255, -0.18501754344446375, 0.018422055382213542]]	0.8240994935832723	0.17590050641672775	[[0.02820883842019615, 0.22859212870752624, 0.791258412563273], [-0.15060782457721097, -0.7769412074311243, 0.2298251916039508], [0.809729288055773, -0.15247286385660364, 0.015181606511245177]]	0.9007449081975655	0.15115438145344037	[[0.009114783873185053, 0.22679752687308594, 0.8299794196741406], [-0.1661539424497592, -0.8256365556375034, 0.25479664971226673], [0.8616564882679277, -0.15409778535611512, 0.0]]	[[-0.021717618975017956, -0.02305482419687751, -0.03487002112076381], [-0.0015388296157807044, 0.0235641076459269, 0.0035965546695308137], [-0.023381712718393184, 0.012555824828707514, -0.0165935725840624]]	0.35888864720058306	[[0.0, 0.0, 0.9525999999999999], [0.0, -1.0, 0.0], [0.9525999999999999, 0.0, 0.0]]
3	[[-0.42203838922340475, -0.825029846081567, 0.3757783270710803], [0.2588054115689476, 0.28760896992378115, 0.9221175843470338], [-0.8688517462515349, 0.4864224845687207, 0.09214016247897017]]	0.433637403542073	0.5663625964579271	[[-0.183011631297916, -0.3577638002995268, 0.16295153805848708], [0.11222770669539603, 0.12471800695315863, 0.3998646750367362], [-0.3767666153075116, 0.2109309832328641, 0.03995542081932534]]	0.630705111198247	0.6160249139163518	[[-0.10852487165703367, -0.3626936432667045, 0.3239071322775104], [0.14158048597812464, 0.09076807005824157, 0.6377065788499886], [-0.4825061148166804, 0.17892028132159796, -0.030420154477602438]]	[[0.15765689754804285, 0.15765689754804285, 0.08690182071625344], [-0.02164940990417656, -0.0906283772991501, 0.05612230527653385], [0.06548312241768509, -0.12786886589764468, -0.08853342589972588]]	0.6786994830927718	[[0.0, -0.6112469902533337, 0.6112469902533338], [0.0, 0.7071067811865476, 0.7071067811865475], [-0.8644337835759998, 0.0, 0.0]]
3	[[-0.5446221603179724, 0.8109226453022452, -0.2139887049042392], [-0.8354447797583356, -0.5021691245819775, 0.22328947644507607], [0.07361197229480154, 0.30038414347728, 0.9509735242804028]]	0.5783271259331048	0.42167287406689524	[[-0.3149697686961716, 0.468978562811718, -0.12375547268941597], [-0.48316037835345405, -0.2904180265518383, 0.12913436116358853], [0.04257180037151993, 0.17372029837309272, 0.5499737851355609]]	0.7655193045392663	0.3416067065483645	[[-0.4805445751656959, 0.5719354657615899, -0.10609814474465151], [-0.6746658569990355, -0.4307243981162767, 0.04973770807497514], [0.12894704875889382, 0.10140856529355041, 0.7279885909423891]]	[[-0.06362579776240881, -0.04884147370532695, 0.057714339812899945], [-0.03511675021747389, -0.04630423910518904, -0.12119469664419637], [0.07259566292201361, -0.12854129531580016, 0.0]]	0.41009919266285677	[[-0.6416617575617614, 0.6416617575617614, 0.0], [-0.7071067811865475, -0.7071067811865476, 0.0], [0.0, 0.0, 0.9074467599999998]]
3	[[0.5319609947059123, -0.8460851799387872, 0.03402011756955908], [-0.703274286200726, -0.4190807785627857, 0.5742617690636116], [-0.47161719485230363, -0.3294103357928521, -0.8179645788128509]]	0.49152494381251327	0.5084750561874869	[[0.2614720980332722, -0.41587197053001246, 0.016721736376872617], [-0.3456768540095973, -0.2059886561359775, 0.28226398377266615], [-0.23181161520079369, -0.16191339679184275, -0.40204999364161254]]	0.6948892014189203	0.5215323795603367	[[0.43783772966745416, -0.5773754506472221, 0.10607902723015498], [-0.40271164454390623, -0.22077475556890833, 0.30439513664264123], [-0.29972286962931877, -0.05119336607854903, -0.46561595717871135]]	[[0.06818377887024821, 0.010560004372825236, 0.08243881490006633], [0.08598606257257752, 0.07043995197660519, -0.09465316546738828], [0.027998826277029827, 0.17771031909968438, 0.10277879578151408]]	0.6761785619523009	[[0.6416617575617614, -0.6416617575617614, 0.0], [-0.7071067811865475, -0.7071067811865476, 0.0], [0.0, 0.0, -0.9074467599999998]]
3	[[0.22433838825039393, -0.7661379269479729, -0.6022499185961573], [-0.9416906372873723, -0.011392912655017143, -0.3362869982418849], [0.2507808429735371, 0.642575192824231, -0.724020780340167]]	0.4716405649386272	0.5283594350613728	[[0.10580708417183687, -0.3613417246866506, -0.2840454918409339], [-0.44413950416763215, -0.005373359760908737, -0.15860658983231776], [0.11827841845582418, 0.30306452695916763, -0.341477569866942]]	0.682053631996012	0.5391417961323544	[[0.2953861740118206, -0.39728747856438434, -0.3146371651135303], [-0.6740164771829711, -0.041506851018901746, -0.03965846956497999], [0.28093265084627056, 0.2808298894567771, -0.4853583170806902]]	[[0.14237536150950802, 0.12525967712037583, 0.09612957923428131], [-0.031732957804479746, -0.03373627356353395, 0.18970729897893407], [0.10988666606114803, -0.1574408546395273, 0.008462685790907469]]	0.7331532744176359	[[1.726044860239647e-16, -0.8644337835759998, 0.0], [-1.0, -1.7938038903913487e-16, 0.0], [0.0, 0.0, -0.8644337835759998]]
3	[[0.04673222253661188, -0.9725397674033924, -0.22799671093185395], [-0.8377629715199755, -0.16246744520517667, 0.5213036857710898], [-0.5440306084466285, 0.16664552219444034, -0.8223502702654952]]	0.533257005880106	0.46674299411989384	[[0.02492028506799646, -0.5186136444648679, -0.12158084342203246], [-0.4467429738299627, -0.08663690338310273, 0.27798884262855494], [-0.29010813336738145, 0.08886489220873403, -0.438524042906474]]	0.7314738335362945	0.4151199508058677	[[-0.0074654787693210845, -0.7700256439356926, -0.10538815394366616], [-0.6614781018389707, -0.12805411024827543, 0.23513496321956648], [-0.2748584923870755, 0.005216019391061316, -0.5772359059491003]]	[[-0.04164887673784769, -0.058638252006637, 0.06138547423532342], [-0.04867640946649678, -0.009213425279197128, -0.14618504224801243], [0.12308566233446266, -0.1166808195701636, 0.02429179875160918]]	0.6489295596950176	[[1.726044860239647e-16, -0.8644337835759998, 0.0], [-1.0, -1.7938038903913487e-16, 0.0], [0.0, 0.0, -0.8644337835759998]]
3	[[0.3802729664721569, 0.7767473726770865, -0.5020517802076895], [0.4287143634067757, 0.332951791095048, 0.839849450446521], [0.8195098935212374, -0.5346088512602871, -0.20639019011321075]]	0.5286092239605381	0.4713907760394622	[[0.20101579770001854, 0.4105958258842215, -0.26538920192359333], [0.2266223669411918, 0.17600138790702452, 0.4439521662442199], [0.4332004888422445, -0.2825991699871351, -0.10909975822881225]]	0.6839161273633532	0.46438780598899876	[[0.17948850530812588, 0.4390353985470879, -0.2872005322677712], [0.3338520129103077, 0.19938792803095856, 0.47328884901828994], [0.5696610902347222, -0.28742037541272136, -0.07216119098976964]]	[[-0.08058630926248592, -0.0921946565138842, 0.05616077698774902], [0.040647345744100366, -0.028323171533458803, -0.10109773469933503], [0.00918505752172373, 0.07820723979538508, 0.06899238855824362]]	0.6996729045885368	[[0.0, 0.6112469902533337, -0.6112469902533338], [0.0, 0.7071067811865476, 0.7071067811865475], [0.8644337835759998, 0.0, 0.0]]
3	[[-0.3195682178843842, -0.5708200961323295, -0.7563336379995778], [0.910087742671785, 0.03735879733279218, -0.41272826520656647], [0.2638493031197415, -0.8202248094963509, 0.507557688474819]]	0.4411351979723827	0.5588648020276172	[[-0.14097278906210936, -0.2518088361139497, -0.33364538913211617], [0.40147173653575674, 0.016480280457411425, -0.18206896498069683], [0.11639321456660237, -0.3618300337190327, 0.22390156138774425]]	0.6472811275050624	0.5717477951617447	[[-0.2637931746706744, -0.2637931746706744, -0.4366111175924097], [0.6092232293660105, -0.06844803820487205, -0.057338857123220906], [0.2433475116185116, -0.3933445310411142, 0.3234942400717731]]	[[-0.056942698283686775, 0.10568790075640788, 0.052949372381962664], [0.02014060916088039, -0.09262968266467494, 0.20981235973289383], [0.0725628372037404, 0.13757150845730884, -0.005038272798070944]]	0.9226478183922254	[[0.0, 0.0, -0.8644337835759998], [0.7071067811865475, 0.7071067811865476, 0.0], [0.6112469902533338, -0.6112469902533337, 0.0]]
