3	[[0.5319609947059123, -0.8460851799387872, 0.03402011756955908], [-0.703274286200726, -0.4190807785627857, 0.5742617690636116], [-0.47161719485230363, -0.3294103357928521, -0.8179645788128509]]	0.5185426301488725	0.48145736985112764	[[0.27584445333141416, -0.4387312345354408, 0.017640881242493037], [-0.36467769808259526, -0.21731124916078406, 0.29777920812418956], [-0.2445536206421468, -0.1708133019202488, -0.42414950406623037]]	0.7203783334453207	0.487653888964157	[[0.49301025024388073, -0.6142799348477853, 0.11114754540373707], [-0.41815414738040696, -0.23421705865264159, 0.28895263380614056], [-0.2979964152979685, -0.06324759131320941, -0.5074790083442213]]	[[0.10979707541972059, -0.004778502970697431, 0.08664018980536423], [0.08846941086781948, 0.06767965418738539, -0.12473310235326558], [0.041746393553891065, 0.17405247740490884, 0.0817649517582838]]	0.6553991242129878	[[0.6824356558853214, -0.6824356558853213, 0.0], [-0.7071067811865475, -0.7071067811865476, 0.0], [0.0, 0.0, -0.9651097599999999]]
3	[[-0.30792515101507295, 0.09349718223056193, 0.9468053539599837], [0.3027085282091916, -0.9338174967034747, 0.1906631317268273], [0.9019698710720718, 0.34531602882779927, 0.2592434992682147]]	0.7196646894289616	0.2803353105710386	[[-0.22160285817262856, 0.06728662061244037, 0.6813823810072895], [0.2178486389411659, -0.6720354787484365, 0.13721352347974036], [0.649115867139363, 0.24851175264120054, 0.18656839238733697]]	0.8523661317889107	0.2587059321872944	[[-0.25938016038687245, 0.08000488681781986, 0.7464869248481059], [0.24336332798746985, -0.8497655912307999, 0.11933461919823657], [0.6829324297794948, 0.26657811993829994, 0.1793752735690526]]	[[0.00308480946436145, 0.00031105526679290826, -0.06053789226379608], [-0.01465516926171316, -0.05381118376885513, -0.043180176866518774], [-0.08587614021634983, -0.02775756779835925, -0.041595105093616885]]	0.46901896258905995	[[0.0, 0.0, 0.9823999999999999], [0.0, -1.0, 0.0], [0.9823999999999999, 0.0, 0.0]]
3	[[0.3802729664721569, 0.7767473726770865, -0.5020517802076895], [0.4287143634067757, 0.332951791095048, 0.839849450446521], [0.8195098935212374, -0.5346088512602871, -0.20639019011321075]]	0.5504119359887304	0.44958806401127	[[0.20930677968011746, 0.427531025169355, -0.27633529231070286], [0.23596950274889952, 0.18326063992754063, 0.4622631619593409], [0.45106802705494237, -0.2942550928188858, -0.11359962410929446]]	0.7133576382424754	0.4442853947191772	[[0.2206138741123423, 0.4781102085679877, -0.3108419458952581], [0.3360752728553514, 0.21706988071084463, 0.4876473713967925], [0.5972953354886402, -0.3046516527429751, -0.057435518047696435]]	[[-0.050656751137695605, -0.07598846271598655, 0.047300526309129606], [0.030248607094867517, -0.020443822633320865, -0.1114656490529787], [0.012691693329987791, 0.07671565477558606, 0.08979450052787907]]	0.6787662770388349	[[0.0, 0.6704247883417396, -0.6704247883417397], [0.0, 0.7071067811865476, 0.7071067811865475], [0.9481238282239999, 0.0, 0.0]]
3	[[0.8489524140446696, -0.5135124485683378, 0.12483895166604869], [0.522794976890395, 0.7815435453534784, -0.34040431673891397], [0.0772347773085365, 0.35425224329800037, 0.9319550081910795]]	0.7578658385939279	0.24213416140607225	[[0.6433920331963029, -0.38917354246266445, 0.09461117679357679], [0.39620845357373224, 0.5923051543969853, -0.2579808029663301], [0.0585335992735493, 0.2684756734408192, 0.7062968638145434]]	0.8820255280862939	0.1952680121315136	[[0.7537468462118264, -0.44314923415805463, 0.05404207237439568], [0.4682062318813741, 0.6259125114244054, -0.27253231702763225], [0.03876870603142503, 0.2736677500779662, 0.8075646287737168]]	[[0.004949144893942731, 0.009781854469319364, -0.056069069894590234], [0.007087716308761701, -0.0634288468884307, 0.027712980206862334], [-0.02935433921076417, -0.038791771892706904, -0.014443479478686256]]	0.4325110798252945	[[0.6946617018376643, -0.6946617018376642, 0.0], [0.7071067811865475, 0.7071067811865476, 0.0], [0.0, 0.0, 0.9823999999999999]]
3	[[0.22433838825039393, -0.7661379269479729, -0.6022499185961573], [-0.9416906372873723, -0.011392912655017143, -0.3362869982418849], [0.2507808429735371, 0.642575192824231, -0.724020780340167]]	0.5134106246257354	0.4865893753742645	[[0.11517771203916546, -0.3933433516238248, -0.3092015068872514], [-0.48347397829391675, -0.005849242402518816, -0.1726533178208797], [0.12875354923521215, 0.32990493111689084, -0.37171996107645755]]	0.7113522843112539	0.5126755143914555	[[0.2781302718627622, -0.40423034338147273, -0.38332503684276364], [-0.6803118572021798, 0.015330095108626741, -0.038515223519836474], [0.3247416681740787, 0.3333904946948529, -0.48291847292501444]]	[[0.11854664692213948, 0.14076362105045634, 0.04508681847687953], [-0.01043807125328702, 0.023434469550731776, 0.20070330086370297], [0.1463481426633512, -0.1237068365624083, 0.03211536305877997]]	0.7431839107686641	[[-1.8931516695320061e-16, -0.9481238282239999, 0.0], [-1.0, 1.7938038903913487e-16, 0.0], [0.0, 0.0, -0.9481238282239999]]
3	[[0.8592155572171323, 0.2624339665249735, -0.4391776855101157], [-0.4266000482917053, 0.8413623931712975, -0.33184593135155627], [0.2824199444684594, 0.4724804086637203, 0.8348660002631537]]	0.6034071875014305	0.3965928124985693	[[0.5184568428378643, 0.15835454164567886, -0.2650029720270467], [-0.2574135353276724, 0.5076841153329654, -0.20023822012063539], [0.17041422438602333, 0.285098074541302, 0.5037641451593583]]	0.805634782872945	0.3493408557888353	[[0.5806361230127399, 0.2145128277944979, -0.29186213803950645], [-0.3239861700742426, 0.7526981871226737, -0.273053220573652], [0.2503784078204164, 0.35903884891193677, 0.5622552151691664]]	[[-0.111577815866941, 0.003086896154665161, 0.06195468126907816], [0.019697667204833184, 0.07486737818265411, -0.005706595721970794], [0.02285107717957991, -0.021607802533579842, -0.11034187368084344]]	0.6366223104779531	[[0.9481238282239999, 0.0, 0.0], [0.0, 0.7071067811865476, -0.7071067811865475], [0.0, 0.6704247883417396, 0.6704247883417397]]
3	[[-0.42203838922340475, -0.825029846081567, 0.3757783270710803], [0.2588054115689476, 0.28760896992378115, 0.9221175843470338], [-0.8688517462515349, 0.4864224845687207, 0.09214016247897017]]	0.46022783566888814	0.539772164331112	[[-0.1942338144414714, -0.3797017004243556, 0.17294364615919883], [0.11910945442577259, 0.1323656537469801, 0.4243841800762588], [-0.39986975869447794, 0.22386516729374545, 0.04240546755587614]]	0.6593366200107618	0.5951091168451597	[[-0.12621084159399054, -0.39191786665206413, 0.3614098436558799], [0.12895053938394826, 0.09786395441410724, 0.6529265572784254], [-0.5221280959543144, 0.1874471247984996, -0.03212746640136491]]	[[0.15205452347135542, 0.15205452347135542, 0.11364543161153534], [-0.04168934592041569, -0.09176717170021545, 0.04494066596256357], [0.050737677709620586, -0.13326903207427762, -0.0928788496974915]]	0.660917760031779	[[0.0, -0.6704247883417396, 0.6704247883417397], [0.0, 0.7071067811865476, 0.7071067811865475], [-0.9481238282239999, 0.0, 0.0]]
3	[[0.034229894132735264, 0.2773841392786001, 0.9601491309293217], [-0.1827544195208179, -0.9427759796974285, 0.2788803941677556], [0.9825625356654255, -0.18501754344446375, 0.018422055382213542]]	0.8661835733710453	0.13381642662895474	[[0.02964937201600522, 0.24026558495678962, 0.8316654051974637], [-0.1582988761498932, -0.8166170669827066, 0.2415616163633522], [0.8510795282031934, -0.16025915691705822, 0.015956881759805024]]	0.924694296362629	0.12453563058990198	[[0.009667831735018733, 0.23974684167511784, 0.8711375836668368], [-0.16433379212595067, -0.8272104073500286, 0.25281718588653257], [0.9048213879752774, -0.16243149150474473, 0.0]]	[[-0.021984356134618185, -0.016748689817260725, -0.01670684136104224], [0.0046581772400127106, 0.0445691638238731, -0.005061923967752798], [-0.0037485845741437257, 0.00865317564537583, -0.017034769539209335]]	0.3458140341282392	[[0.0, 0.0, 0.9823999999999999], [0.0, -1.0, 0.0], [0.9823999999999999, 0.0, 0.0]]
3	[[0.8787972042104137, -0.3840163418041313, 0.28327887866788265], [-0.395223040501579, -0.9183905790867732, -0.018907472103605397], [0.2674214316928388, -0.09534250611366366, -0.9588511794847616]]	0.6896936488785445	0.31030635112145577	[[0.6061008503961435, -0.26485363200788165, 0.19537564347867445], [-0.2725828209244068, -0.633408149586036, -0.013040363426204873], [0.18443886301255838, -0.06575712093475763, -0.6613135687103414]]	0.8427611515226829	0.28994024412821723	[[0.618632305238273, -0.2689523929444855, 0.24351399050882253], [-0.3409577789724404, -0.8500831798944847, -0.020973441354142055], [0.21861590848883172, -0.08035096024140961, -0.7216516585668744]]	[[-0.12198383853700973, 0.05468166147789245, 0.004777556520623346], [-0.007879154251033724, -0.07609927791573216, -0.0050389583917245665], [-0.006756485226469551, 0.0, 0.08643086559458617]]	0.4750298332432938	[[0.6824356558853214, -0.6824356558853213, 0.0], [-0.7071067811865475, -0.7071067811865476, 0.0], [0.0, 0.0, -0.9651097599999999]]
3	[[-0.5446221603179724, 0.8109226453022452, -0.2139887049042392], [-0.8354447797583356, -0.5021691245819775, 0.22328947644507607], [0.07361197229480154, 0.30038414347728, 0.9509735242804028]]	0.6205123655618556	0.37948763443814437	[[-0.33794478503631314, 0.5031875289241738, -0.13278263748364733], [-0.5184038165841484, -0.31160215140648906, 0.1385538812340024], [0.04567713906232107, 0.1863920754463589, 0.5900908311379275]]	0.7874652465092739	0.30865486991307595	[[-0.4699324856864602, 0.5907983218462916, -0.11780153142684582], [-0.6699775721148707, -0.435507849751232, 0.04323677221080418], [0.09025028946709546, 0.15327907955264797, 0.7444569168287669]]	[[-0.04106146195725474, -0.047775078936593565, 0.05070713683077117], [-0.012093842677586808, -0.04006711627293879, -0.1325959304009444], [0.03228341955793575, -0.08326299403816542, -0.004401683892493504]]	0.39019545565886393	[[-0.6824356558853214, 0.6824356558853213, 0.0], [-0.7071067811865475, -0.7071067811865476, 0.0], [0.0, 0.0, 0.9651097599999999]]
3	[[0.08740825448676931, -0.06334395238859675, -0.994156597696443], [0.7119981850616444, -0.6940087028176986, 0.10681996481098455], [-0.6967197295301035, -0.717174639895393, -0.015561310176609944]]	0.8236727842200205	0.1763272157799796	[[0.07199580033692937, -0.0521746896274159, -0.8188597327753322], [0.5864535274493259, -0.5716360805227785, 0.08798469782614825], [-0.5738690794430801, -0.5907172324146289, -0.012817427679279647]]	0.9092220410848326	0.1407744889884037	[[0.058249646046515405, -0.028952726262994465, -0.8782186581302989], [0.6333789760130429, -0.6375133775701018, 0.06677378772654136], [-0.6414670376028859, -0.6348787924353939, 0.024695713792678264]]	[[-0.02122386550560746, 0.028640991418145932, 0.025690432785213813], [-0.01398546705740173, -0.006505368263556852, -0.03034927870751203], [-0.00799410305545273, 0.017192197464575044, 0.03884439999340973]]	0.13621254175747222	[[0.0, 0.0, -0.9481238282239999], [0.7071067811865475, -0.7071067811865476, 0.0], [-0.6704247883417397, -0.6704247883417396, 0.0]]
3	[[-0.3195682178843842, -0.5708200961323295, -0.7563336379995778], [0.910087742671785, 0.03735879733279218, -0.41272826520656647], [0.2638493031197415, -0.8202248094963509, 0.507557688474819]]	0.47236161711155333	0.5276383828884467	[[-0.15095176017732492, -0.26963350368883954, -0.35726298032134474], [0.4298905178418477, 0.017646861921460536, -0.1949569907806198], [0.12463228349539753, -0.38744271740871206, 0.23975077050536753]]	0.6725562070073794	0.5508636574170938	[[-0.259268808947991, -0.27435584259396545, -0.47768674095966424], [0.591710343428965, -0.038749985828491096, -0.07027977321873798], [0.2854290851507299, -0.45152676353122256, 0.3151145719296778]]	[[-0.04434122044756175, 0.10955275614438174, 0.03099014184542418], [-0.02037481682627875, -0.06387587686099125, 0.20730318335332612], [0.10797559862297623, 0.1001205232369935, -0.026246501868379474]]	0.9065855989916624	[[0.0, 0.0, -0.9481238282239999], [0.7071067811865475, 0.7071067811865476, 0.0], [0.6704247883417397, -0.6704247883417396, 0.0]]
3	[[-0.8305561570912853, 0.32773595720904825, 0.4502950280316503], [-0.5100865793185324, -0.772219296347621, -0.37879947194723407], [0.22358030216652452, -0.5443036842615101, 0.808545204538665]]	0.5300120402727014	0.4699879597272984	[[-0.44020476338100656, 0.17370400335109443, 0.2386617865317083], [-0.2703520286203385, -0.40928552479515246, -0.2007682809809755], [0.11850025211606677, -0.2884875062233913, 0.42853869351024654]]	0.7567956014977317	0.4447440440617306	[[-0.5361272964644546, 0.15129734382415633, 0.250698013455448], [-0.5530655670537966, -0.5998487824440308, -0.2915931021408248], [0.234231758908596, -0.34035631035653, 0.48428058894356846]]	[[0.09243395001908936, -0.09673178704430022, -0.09008328313520278], [-0.1670342874425075, -0.015436615576477847, -0.004919327921494636], [0.06502716964743639, 0.07157032377159092, -0.12762286546337703]]	0.6803802600259179	[[-0.6704247883417397, 0.6704247883417396, 0.0], [-0.7071067811865475, -0.7071067811865476, 0.0], [0.0, 0.0, 0.9481238282239999]]
3	[[0.04673222253661188, -0.9725397674033924, -0.22799671093185395], [-0.8377629715199755, -0.16246744520517667, 0.5213036857710898], [-0.5440306084466285, 0.16664552219444034, -0.8223502702654952]]	0.5590069482965769	0.440993051703423	[[0.026123637107307945, -0.543656487473233, -0.12745174559967248], [-0.46831532210525356, -0.09082043074168719, 0.29141238251865453], [-0.3041168902076798, 0.09315600480920358, -0.4596995150119797]]	0.7535872435033296	0.3768995234224617	[[-0.015958908140896726, -0.8197560546857718, -0.1244749587823214], [-0.6512210698312229, -0.12053008230601243, 0.23528138984989772], [-0.2781604241497768, 0.02089441329241593, -0.6197126733635927]]	[[-0.05117571490504637, -0.0868624921708801, 0.04734045413663989], [-0.01989358141432604, 0.0019033118851849995, -0.15756641773846375], [0.13181410245095715, -0.1046875264202653, 0.0]]	0.6211239073172058	[[-1.8931516695320061e-16, -0.9481238282239999, 0.0], [-1.0, 1.7938038903913487e-16, 0.0], [0.0, 0.0, -0.9481238282239999]]
