3	[[0.034229894132735264, 0.2773841392786001, 0.9601491309293217], [-0.1827544195208179, -0.9427759796974285, 0.2788803941677556], [0.9825625356654255, -0.18501754344446375, 0.018422055382213542]]	0.7316165691924499	0.26838343080755	[[0.02504315770921254, 0.20293883232741014, 0.7024610130836227], [-0.1337061614145785, -0.6897505277832835, 0.2040335171960515], [0.718859031360573, -0.1353619003752536, 0.013477880956208377]]	0.8590433825193171	0.2166898746679058	[[0.009242706919136534, 0.20625910310132026, 0.7652810228934919], [-0.16916885010519128, -0.8229354927421277, 0.2583026847316733], [0.79375377504626, -0.1413482532549655, 0.0]]	[[-0.020162257119926495, -0.032025906161777744, -0.05952873426301535], [-0.012174875389673604, -0.01305002618488555, 0.018732327607484053], [-0.05031006912852421, 0.01758984309098138, -0.015825344768494915]]	0.38123548508269983	[[0.0, 0.0, 0.9048], [0.0, -1.0, 0.0], [0.9048, 0.0, 0.0]]
3	[[-0.30792515101507295, 0.09349718223056193, 0.9468053539599837], [0.3027085282091916, -0.9338174967034747, 0.1906631317268273], [0.9019698710720718, 0.34531602882779927, 0.2592434992682147]]	0.5737613438250244	0.4262386561749758	[[-0.17667554844393185, 0.05364506892046043, 0.5432403122288081], [0.17368245193260107, -0.5357883817959057, 0.10939513467747206], [0.5175154453159958, 0.19812898874455898, 0.1487438985180326]]	0.7869169311043587	0.3183754831693022	[[-0.17361574050047895, 0.06727625831735533, 0.7084995862530459], [0.2611431544144976, -0.8386270762558148, 0.1284455466885137], [0.6507443769160625, 0.23457640661716223, 0.10633948218312363]]	[[0.06869577434614842, -0.00629825739042345, -0.03655757723832066], [0.022936688377003342, -0.10379027753836188, -0.02159049980470735], [-0.059030985976566336, -0.03715862304915382, -0.09766361666977492]]	0.486558796176697	[[0.0, 0.0, 0.9048], [0.0, -1.0, 0.0], [0.9048, 0.0, 0.0]]
3	[[0.8592155572171323, 0.2624339665249735, -0.4391776855101157], [-0.4266000482917053, 0.8413623931712975, -0.33184593135155627], [0.2824199444684594, 0.4724804086637203, 0.8348660002631537]]	0.4810219749515862	0.518978025048414	[[0.4133015642417126, 0.12623650487222124, -0.2112541176387424], [-0.20520399774371811, 0.4047138000132506, -0.1596251852783741], [0.13585019945393562, 0.2272734593013553, 0.4015888922665136]]	0.7282205730081013	0.47576920337410666	[[0.44295742195964316, 0.17547052786268358, -0.28139017434560587], [-0.3491985893336308, 0.7495892675518059, -0.2553463971065801], [0.23375174187358372, 0.3041511464586387, 0.4372945969946612]]	[[-0.18274102345449192, -0.01563928561692151, 0.03842805144894227], [-0.03853965772136146, 0.13689186348913623, -0.013689362827342696], [0.028087728083846027, -0.03991880747355753, -0.17067200010195416]]	0.6901051780257358	[[0.6397902156175883, 0.6397902156175882, 0.0], [-0.7071067811865475, 0.7071067811865476, 0.0], [0.0, 0.0, 0.9048]]
3	[[-0.3195682178843842, -0.5708200961323295, -0.7563336379995778], [0.910087742671785, 0.03735879733279218, -0.41272826520656647], [0.2638493031197415, -0.8202248094963509, 0.507557688474819]]	0.39422775106402397	0.6057722489359759	[[-0.12598265984809878, -0.22503312276039822, -0.2981677091626451], [0.3587818440644321, 0.014727874654963322, -0.16270893579294077], [0.10401671738870566, -0.32335538201466396, 0.20009332606268235]]	0.6002886950851396	0.618594541794638	[[-0.25684782944378437, -0.2568478294437843, -0.34918871773926274], [0.6110986104980447, -0.09552301583540303, -0.05624028429069376], [0.20610248079191895, -0.31802948905611483, 0.3215790251262783]]	[[-0.0650146409392838, 0.08580902119186572, 0.10482981486450016], [0.06478322703661873, -0.117949079536255, 0.19151582745490944], [0.047716726923045856, 0.17434219151290686, 0.016897882631299453]]	0.9396752853134519	[[-1.4790338824576386e-16, -0.7407263185920001, 0.0], [1.0, -1.7938038903913487e-16, 0.0], [0.0, 0.0, 0.7407263185920001]]
3	[[-0.5446221603179724, 0.8109226453022452, -0.2139887049042392], [-0.8354447797583356, -0.5021691245819775, 0.22328947644507607], [0.07361197229480154, 0.30038414347728, 0.9509735242804028]]	0.508924246717461	0.491075753282539	[[-0.2771714226854603, 0.4126981964065759, -0.10890404044943494], [-0.4251781052125462, -0.25556604345264966, 0.11363742859974658], [0.037462917549518485, 0.15287277394504442, 0.48397348449265304]]	0.7237915705024185	0.3909910037111339	[[-0.4505758528314298, 0.5238192746662627, -0.07489007211682822], [-0.6806131530287002, -0.4665371292484271, 0.03961255489295039], [0.0924094348085461, 0.07736803476732225, 0.6811118418309858]]	[[-0.05638292408446467, -0.06311970033302511, 0.07999314867558963], [-0.0759252638193671, -0.10307134990941307, -0.122002485939894], [0.039129709773511184, -0.14004747619412206, -0.007194778814146788]]	0.44831879394454477	[[-0.578882187090794, 0.5788821870907939, 0.0], [-0.7071067811865475, -0.7071067811865476, 0.0], [0.0, 0.0, 0.8186630400000001]]
3	[[0.3802729664721569, 0.7767473726770865, -0.5020517802076895], [0.4287143634067757, 0.332951791095048, 0.839849450446521], [0.8195098935212374, -0.5346088512602871, -0.20639019011321075]]	0.47461201765220673	0.5253879823477935	[[0.18048211987594037, 0.3686536377523226, -0.2382798083702537], [0.2034729890129712, 0.15802292135253684, 0.39860264220052033], [0.3889492440500596, -0.2537317855513734, -0.0979552645532535]]	0.6326372246181841	0.5428724283439709	[[0.11234934785745128, 0.3913080799860601, -0.23003463673895916], [0.30239500360930033, 0.14162149619172704, 0.46368289487502695], [0.5420497113777184, -0.2616095012822637, -0.09228745364445848]]	[[-0.12822548624881785, -0.10009122209383822, 0.08758200810625202], [0.03117433858968619, -0.0690162008582975, -0.06763713055256715], [0.023597246793299165, 0.07660395863535996, 0.03828266341718253]]	0.7394195027901057	[[0.0, 0.5237726028797502, -0.5237726028797504], [0.0, 0.7071067811865476, 0.7071067811865475], [0.7407263185920001, 0.0, 0.0]]
3	[[0.8489524140446696, -0.5135124485683378, 0.12483895166604869], [0.522794976890395, 0.7815435453534784, -0.34040431673891397], [0.0772347773085365, 0.35425224329800037, 0.9319550081910795]]	0.6438913298956779	0.356108670104322	[[0.5466330988973686, -0.33064621342665296, 0.08038271861103435], [0.3366231529327367, 0.5032291127890343, -0.21918338820724886], [0.04973080347539009, 0.2280999480556767, 0.6000777496270916]]	0.8107792724479054	0.285406898349662	[[0.636392735907106, -0.39346719083522896, 0.05210758746190474], [0.47655287097374344, 0.6244885203444765, -0.2647755143532678], [0.024351891756436872, 0.22388188770566722, 0.7038690461153492]]	[[-0.05192028469492414, 0.02287805860795042, -0.04910924694305345], [0.0526815399711294, -0.009170786743573257, 0.011217249910435214], [-0.03826846479745436, -0.06333848837852393, -0.05174075737999602]]	0.46046547739425864	[[0.6397902156175883, -0.6397902156175882, 0.0], [0.7071067811865475, 0.7071067811865476, 0.0], [0.0, 0.0, 0.9048]]
3	[[-0.42203838922340475, -0.825029846081567, 0.3757783270710803], [0.2588054115689476, 0.28760896992378115, 0.9221175843470338], [-0.8688517462515349, 0.4864224845687207, 0.09214016247897017]]	0.3917442120426321	0.6082557879573681	[[-0.16533109623806436, -0.32320066696487754, 0.14720898464115884], [0.10138552202744651, 0.11266914929918471, 0.36123422649068404], [-0.3403676427171724, 0.19055319293719283, 0.036095375347804264]]	0.5836525663359652	0.6535775505638527	[[-0.08344889170106773, -0.3186558897078035, 0.269968834465646], [0.16260339423448406, 0.07950203846852498, 0.6129378111759037], [-0.4232678951346102, 0.16450817240423804, -0.02737958582023076]]	[[0.16287489726146942, 0.16287489726146942, 0.05064484949717436], [0.011550951590632172, -0.08836167492873329, 0.07474151660823668], [0.08383965633058284, -0.11939355903781229, -0.08115742811369449]]	0.7155032008875347	[[0.0, -0.5237726028797502, 0.5237726028797504], [0.0, 0.7071067811865476, 0.7071067811865475], [-0.7407263185920001, 0.0, 0.0]]
3	[[0.8787972042104137, -0.3840163418041313, 0.28327887866788265], [-0.395223040501579, -0.9183905790867732, -0.018907472103605397], [0.2674214316928388, -0.09534250611366366, -0.9588511794847616]]	0.5565063924760257	0.4434936075239745	[[0.48905626183315465, -0.2137075490292575, 0.15764650683211717], [-0.21994414849293994, -0.5110902280515481, -0.010522129091218538], [0.1488217362221556, -0.053058714126938376, -0.5336068108164469]]	0.7842085824616057	0.376467973324394	[[0.5436199393674974, -0.22877498362098977, 0.22125147448331248], [-0.34556377166405305, -0.8464181416374372, -0.02521563372930991], [0.19883203941470726, -0.07476841156773317, -0.6298309852751508]]	[[-0.1455403704175735, 0.07237392742731945, -0.0008982533981409515], [-0.035626471316143965, -0.12620836746570563, -0.010388231833009166], [-0.010882142452986982, 0.0, 0.12210833898023282]]	0.5159926962547255	[[0.9048, 0.0, 0.0], [0.0, -1.0, 0.0], [0.0, 0.0, -0.9048]]
3	[[0.08740825448676931, -0.06334395238859675, -0.994156597696443], [0.7119981850616444, -0.6940087028176986, 0.10681996481098455], [-0.6967197295301035, -0.717174639895393, -0.015561310176609944]]	0.5894654367545827	0.41053456324541726	[[0.0515241449069992, -0.03733907056050568, -0.5860209530635839], [0.41969832112583244, -0.40909414311791603, 0.06296667721141616], [-0.41069219966299725, -0.4227496623352485, -0.009172854499728919]]	0.8020400755176137	0.3180973728972933	[[0.03511344240576666, -0.02772802762933422, -0.6941275510843073], [0.6361534755646312, -0.6400673021975556, 0.07095330562191626], [-0.5104289747457555, -0.49604457525041606, 0.024828953235920888]]	[[-0.03499148062366459, 0.02307636072800004, 0.10322588160848177], [0.0651023974493859, -0.08344450977976753, -0.014720587021874617], [0.04836816974118016, 0.07915822709060236, 0.03730974762512214]]	0.29398974987734566	[[0.0, 0.0, -0.7407263185920001], [0.7071067811865475, -0.7071067811865476, 0.0], [-0.5237726028797504, -0.5237726028797502, 0.0]]
3	[[0.04673222253661188, -0.9725397674033924, -0.22799671093185395], [-0.8377629715199755, -0.16246744520517667, 0.5213036857710898], [-0.5440306084466285, 0.16664552219444034, -0.8223502702654952]]	0.4895895200429037	0.5104104799570962	[[0.02287960640223799, -0.4761452779456641, -0.111624800276487], [-0.4101599711361815, -0.07954235852059924, 0.25522482131326446], [-0.26635168447803376, 0.08158790122847509, -0.40261407412643596]]	0.6817285521161193	0.4925125546088907	[[-9.938373326844556e-17, -0.6695547277497798, -0.10005962661243567], [-0.6719503484484375, -0.1350831259818506, 0.23196613317799383], [-0.24299501070917734, 0.0, -0.49773130788282277]]	[[-0.03185869040705269, -0.006546600242517569, 0.055372241018374506], [-0.10082341085762703, -0.024324429796120706, -0.1234214737355276], [0.12788618829399417, -0.11360701056225044, 0.06288835119757272]]	0.6974101217506513	[[1.4790338824576386e-16, -0.7407263185920001, 0.0], [-1.0, -1.7938038903913487e-16, 0.0], [0.0, 0.0, -0.7407263185920001]]
3	[[0.5319609947059123, -0.8460851799387872, 0.03402011756955908], [-0.703274286200726, -0.4190807785627857, 0.5742617690636116], [-0.47161719485230363, -0.3294103357928521, -0.8179645788128509]]	0.44745279108778685	0.5525472089122132	[[0.2380274318309959, -0.3785831752616227, 0.015222396559633852], [-0.31468204226078594, -0.1875188640591612, 0.25695503138252307], [-0.21102643016165584, -0.14739557416367677, -0.36600053380075614]]	0.6508854763581088	0.5654709816912784	[[0.3858995117820688, -0.5173585703685634, 0.0903584404693724], [-0.4056797477641147, -0.23235011272837444, 0.30142703342243277], [-0.26197394753691294, -0.03803138199354645, -0.4316501772947182]]	[[0.039653826338977745, 0.03334598501543025, 0.06821524003935106], [0.05207127102005373, 0.04042347945899131, -0.07235161168878625], [0.044994834993203725, 0.17637702133626865, 0.10075108722994403]]	0.7106303822823682	[[0.578882187090794, -0.5788821870907939, 0.0], [-0.7071067811865475, -0.7071067811865476, 0.0], [0.0, 0.0, -0.8186630400000001]]
3	[[0.22433838825039393, -0.7661379269479729, -0.6022499185961573], [-0.9416906372873723, -0.011392912655017143, -0.3362869982418849], [0.2507808429735371, 0.642575192824231, -0.724020780340167]]	0.40735681582482103	0.5926431841751789	[[0.09138577150495293, -0.3120915064041556, -0.24533060917008834], [-0.38360409949743046, -0.004640980622118135, -0.13698880080710144], [0.10215728566356452, 0.2617573844768991, -0.29493479967037267]]	0.6280887833831525	0.5806015306000186	[[0.2501037591688199, -0.3825128203802222, -0.2427068682257928], [-0.6898657311160866, -0.04772788074032558, -0.04076920494770035], [0.22317228804863576, 0.2231722880486357, -0.45591036633560883]]	[[0.10919933382649265, 0.09868981806022074, 0.13555955043787016], [-0.09840040441895534, -0.040572120091645306, 0.17044888664561755], [0.06565965348958543, -0.18042198304453014, -0.0011610352676325805]]	0.7341862439948105	[[-1.4790338824576386e-16, -0.7407263185920001, 0.0], [-1.0, 1.7938038903913487e-16, 0.0], [0.0, 0.0, -0.7407263185920001]]
3	[[-0.8305561570912853, 0.32773595720904825, 0.4502950280316503], [-0.5100865793185324, -0.772219296347621, -0.37879947194723407], [0.22358030216652452, -0.5443036842615101, 0.808545204538665]]	0.44106079228567874	0.5589392077143212	[[-0.3663257566844309, 0.14455148094712814, 0.19860748182594162], [-0.2249791908085236, -0.34059565466537106, -0.16707359521444382], [0.09861250521303876, -0.24007101422439553, 0.3566175885126097]]	0.6710264885857206	0.5435607920579996	[[-0.4206836942533221, 0.097215509199362, 0.24621502062832715], [-0.5422517207053084, -0.5933397063888289, -0.2674893832187934], [0.19552252456742109, -0.30149900681484204, 0.3788808817483929]]	[[0.13664148741289334, -0.12270399934990564, -0.05594487085935976], [-0.19997011451049193, -0.07516010354254883, -0.013304903679915735], [0.04549421948768375, 0.06374318315942984, -0.16367436771601088]]	0.6896688448593011	[[-0.578882187090794, 0.5788821870907939, 0.0], [-0.7071067811865475, -0.7071067811865476, 0.0], [0.0, 0.0, 0.8186630400000001]]
