3	[[0.8787972042104137, -0.3840163418041313, 0.28327887866788265], [-0.395223040501579, -0.9183905790867732, -0.018907472103605397], [0.2674214316928388, -0.09534250611366366, -0.9588511794847616]]	0.6619305486076814	0.33806945139231875	[[0.5817027154978957, -0.25419214780472354, 0.1875109435656004], [-0.2616102040216061, -0.607910779851034, -0.012515433382323969], [0.17701441498989237, -0.0631101173774486, -0.6346928872694708]]	0.8321774165208695	0.30735709302696373	[[0.6031155892696693, -0.2611085367086802, 0.24051057632419717], [-0.34248274273426843, -0.8494409208896515, -0.020999027992338888], [0.21579303760661128, -0.07934188042229383, -0.7031233422082853]]	[[-0.1281995977759156, 0.05846119051567701, 0.004772290919429721], [-0.013587053940141484, -0.0851770214281153, -0.005264656704220137], [-0.006749038541847478, 0.0, 0.09481095516333204]]	0.48175029582234064	[[0.6623022610731394, -0.6623022610731393, 0.0], [-0.7071067811865475, -0.7071067811865476, 0.0], [0.0, 0.0, -0.93663684]]
3	[[-0.8305561570912853, 0.32773595720904825, 0.4502950280316503], [-0.5100865793185324, -0.772219296347621, -0.37879947194723407], [0.22358030216652452, -0.5443036842615101, 0.808545204538665]]	0.5124052613907151	0.4875947386092849	[[-0.4255813447740278, 0.16793362882083854, 0.23073354154149717], [-0.26137104700760827, -0.39568923039595677, -0.1940988424377873], [0.11456372317345304, -0.2789040716099484, 0.41430281687784376]]	0.7413963863880003	0.4628643003130084	[[-0.5155327176170001, 0.13960572174717478, 0.25008895083299865], [-0.5536242008097295, -0.5950524164152979, -0.28820692930151615], [0.2265312759971631, -0.33391458658624235, 0.4651447687836942]]	[[0.100238615942783, -0.10337653261702591, -0.08375815575815017], [-0.17544785415795378, -0.022531820604087316, -0.0073663696341541435], [0.060769647903364664, 0.06963019802291634, -0.13430772409261843]]	0.6803902188105401	[[-0.6623022610731394, 0.6623022610731393, 0.0], [-0.7071067811865475, -0.7071067811865476, 0.0], [0.0, 0.0, 0.93663684]]
3	[[0.8489524140446696, -0.5135124485683378, 0.12483895166604869], [0.522794976890395, 0.7815435453534784, -0.34040431673891397], [0.0772347773085365, 0.35425224329800037, 0.9319550081910795]]	0.7444715279815046	0.25552847201849566	[[0.6320209008674222, -0.38229539722319417, 0.09293904509843247], [0.38920597526664774, 0.5818369173933862, -0.25342132181411936], [0.05749909267619742, 0.26373070885893807, 0.6938139689580286]]	0.8696367465325618	0.19979935762925718	[[0.7311294536723619, -0.43656883307170075, 0.05242999889998544], [0.4710241678946239, 0.6265208602220546, -0.2694623946917429], [0.03597568689687592, 0.26071581119723075, 0.7897116900397644]]	[[-0.0071507616384088825, 0.010000462005238017, -0.056134540867412895], [0.016382445088094943, -0.053138125832668345, 0.026565707822725944], [-0.031190513560886698, -0.04735495711630386, -0.020750631198252944]]	0.43732661505803533	[[0.6843379428323407, -0.6843379428323406, 0.0], [0.7071067811865475, 0.7071067811865476, 0.0], [0.0, 0.0, 0.9678]]
3	[[0.04673222253661188, -0.9725397674033924, -0.22799671093185395], [-0.8377629715199755, -0.16246744520517667, 0.5213036857710898], [-0.5440306084466285, 0.16664552219444034, -0.8223502702654952]]	0.5461229384747167	0.45387706152528334	[[0.02552153869314883, -0.5311262755578581, -0.12451423373667464], [-0.45752157575179936, -0.08872719858193108, 0.2846959007110079], [-0.2971075945050608, 0.09100894226448135, -0.44910434605286964]]	0.744445177079315	0.3900304259454877	[[-0.018785636912238897, -0.7982223385468189, -0.1122960356356253], [-0.6555447896402954, -0.1279290125679842, 0.23467288467465963], [-0.2787819782199555, 0.00913649735866394, -0.6061989587416943]]	[[-0.05357521459381677, -0.07421979918552456, 0.05743501620754013], [-0.031876185956614185, -0.00698090655259264, -0.1534091299912989], [0.12621898442166243, -0.11492195792085114, 0.0059957338273249694]]	0.6344333260241104	[[1.8099942729735382e-16, -0.906477133752, 0.0], [-1.0, -1.7938038903913487e-16, 0.0], [0.0, 0.0, -0.906477133752]]
3	[[-0.30792515101507295, 0.09349718223056193, 0.9468053539599837], [0.3027085282091916, -0.9338174967034747, 0.1906631317268273], [0.9019698710720718, 0.34531602882779927, 0.2592434992682147]]	0.6932335275847024	0.30676647241529775	[[-0.21346403867023125, 0.06481538145692223, 0.6563572154617624], [0.20984770084043128, -0.6473535973600659, 0.13217407538733528], [0.6252757554984116, 0.239384648795836, 0.1797162855011067]]	0.8402404839047964	0.27166302993700925	[[-0.2470550039087739, 0.0757725437512213, 0.7347684815710996], [0.24493201523275737, -0.8495798714721694, 0.11821429911303534], [0.6721730453081382, 0.2582773101971879, 0.17128246015755264]]	[[0.011676173986588476, -0.0027875738899209718, -0.06077570720388928], [-0.009415944991842482, -0.06494860616327625, -0.04198858295191797], [-0.08569855562900616, -0.031871196965164786, -0.046544423116744824]]	0.4716626318557721	[[0.0, 0.0, 0.9678], [0.0, -1.0, 0.0], [0.9678, 0.0, 0.0]]
3	[[0.5319609947059123, -0.8460851799387872, 0.03402011756955908], [-0.703274286200726, -0.4190807785627857, 0.5742617690636116], [-0.47161719485230363, -0.3294103357928521, -0.8179645788128509]]	0.5053654612293325	0.4946345387706677	[[0.26883471344556786, -0.4275822271990679, 0.017192592406616337], [-0.3554105340165595, -0.21178895095072997, 0.2902120637892045], [-0.23833904120021837, -0.16647260628166402, -0.41337104664101304]]	0.7082397046422301	0.5063569445415245	[[0.461179347715575, -0.5959794160432837, 0.11023896347566459], [-0.4059520163642492, -0.2211938321505104, 0.30115476482229825], [-0.30511629641312465, -0.05724010578762946, -0.4804857708628552]]	[[0.08442344994387277, 0.0032517018987308285, 0.08614456545630612], [0.09213475637702817, 0.07561581468003271, -0.10556022088663856], [0.02890172637326792, 0.17606137314039794, 0.0988292208433644]]	0.6655058064343518	[[0.6623022610731394, -0.6623022610731393, 0.0], [-0.7071067811865475, -0.7071067811865476, 0.0], [0.0, 0.0, -0.93663684]]
3	[[-0.3195682178843842, -0.5708200961323295, -0.7563336379995778], [0.910087742671785, 0.03735879733279218, -0.41272826520656647], [0.2638493031197415, -0.8202248094963509, 0.507557688474819]]	0.4568573848495559	0.5431426151504442	[[-0.1459971003036928, -0.26078337633858806, -0.3455366079302377], [0.4157803061006672, 0.01706764245058401, -0.18855795589576585], [0.1205415026176629, -0.37472576145522807, 0.23188147821689134]]	0.6608601728593458	0.5608484356947737	[[-0.26719776587698074, -0.26932739948563794, -0.45791645628202965], [0.602580837016903, -0.05827038932514682, -0.06161998616550079], [0.2629021322318405, -0.4191498800512807, 0.3241472295065333]]	[[-0.056007858165553516, 0.10790486791596177, 0.04191432246570919], [0.001140094077655326, -0.08295933058831317, 0.21113568652284867], [0.08853463616331027, 0.12290402933600186, -0.011277432235025553]]	0.9141473157205604	[[0.0, 0.0, -0.906477133752], [0.7071067811865475, 0.7071067811865476, 0.0], [0.6409761282665842, -0.6409761282665842, 0.0]]
3	[[0.22433838825039393, -0.7661379269479729, -0.6022499185961573], [-0.9416906372873723, -0.011392912655017143, -0.3362869982418849], [0.2507808429735371, 0.642575192824231, -0.724020780340167]]	0.49324916090147597	0.5067508390985241	[[0.11065472176249633, -0.37789688960188395, -0.2970592670005367], [-0.4644881166707725, -0.005619544607311001, -0.16587327970488586], [0.12369744036686196, 0.316949674676656, -0.3571226423780192]]	0.6970266099981385	0.5260958849347133	[[0.2872205242870548, -0.4009712309978668, -0.3484941830116521], [-0.6773020798263539, -0.008122589083702295, -0.038989281533100516], [0.3067566909037623, 0.3067566909037623, -0.4845989753783011]]	[[0.13085069803243649, 0.13304729101368012, 0.07129003611908234], [-0.020918647250950058, -0.00018142579777084762, 0.1954117048378905], [0.13195577007344228, -0.1411353174194117, 0.020062774710412477]]	0.7371023904509015	[[1.8099942729735382e-16, -0.906477133752, 0.0], [-1.0, -1.7938038903913487e-16, 0.0], [0.0, 0.0, -0.906477133752]]
3	[[-0.5446221603179724, 0.8109226453022452, -0.2139887049042392], [-0.8354447797583356, -0.5021691245819775, 0.22328947644507607], [0.07361197229480154, 0.30038414347728, 0.9509735242804028]]	0.5995054383436327	0.4004945616563673	[[-0.32650394695308216, 0.4861525359347007, -0.12828739233420222], [-0.5008536889009207, -0.3010531211551566, 0.13386325545372557], [0.044130777717934354, 0.1800819276068234, 0.5701137995269122]]	0.7770862432373024	0.3250120403615029	[[-0.4766603206072737, 0.5816787353442493, -0.11140065207649444], [-0.6738744222456147, -0.40078533184922194, 0.04426968964743119], [0.13877862027965363, 0.1267594852468297, 0.7389884434011958]]	[[-0.0534419320619967, -0.048478096649727874, 0.054887026712756484], [-0.024661776910994332, -0.010556613358048052, -0.1292454907576971], [0.08157576927179792, -0.10666490033598461, 0.0]]	0.39949098858004745	[[-0.6623022610731394, 0.6623022610731393, 0.0], [-0.7071067811865475, -0.7071067811865476, 0.0], [0.0, 0.0, 0.93663684]]
3	[[0.8592155572171323, 0.2624339665249735, -0.4391776855101157], [-0.4266000482917053, 0.8413623931712975, -0.33184593135155627], [0.2824199444684594, 0.4724804086637203, 0.8348660002631537]]	0.5783291319398843	0.42167086806011567	[[0.49690938735462814, 0.15177320805192857, -0.2539892496284327], [-0.24671523561405465, 0.4865843824896201, -0.19191616941632794], [0.16333168132695447, 0.27324918460109116, 0.4828273292183129]]	0.7909546757585535	0.37239270038589173	[[0.5573642975729547, 0.20835883452134954, -0.28619398164006976], [-0.3243078012108922, 0.7528996192015414, -0.2722452893803031], [0.24526096424546723, 0.3456051753378442, 0.541448019215285]]	[[-0.12223626489242703, 0.0007854616205580228, 0.061175662202975836], [0.013113501664256878, 0.08742010031529711, -0.009770198346337793], [0.021879588640668197, -0.02810541309903755, -0.11889314732469816]]	0.6496547624513366	[[0.906477133752, 0.0, 0.0], [0.0, 0.7071067811865476, -0.7071067811865475], [0.0, 0.6409761282665842, 0.6409761282665842]]
3	[[0.034229894132735264, 0.2773841392786001, 0.9601491309293217], [-0.1827544195208179, -0.9427759796974285, 0.2788803941677556], [0.9825625356654255, -0.18501754344446375, 0.018422055382213542]]	0.8515322026810109	0.1484677973189892	[[0.029147857148385872, 0.23620152710868267, 0.8175979043625037], [-0.15562127340425158, -0.8028041066264994, 0.23747563633021748], [0.836683640267019, -0.1575483963038939, 0.01568697339752787]]	0.9131676542940603	0.13244047258856026	[[0.009060513127679018, 0.233557653193859, 0.8508701312788141], [-0.16527726968325168, -0.8264043153109919, 0.2538197866623952], [0.8836155065066575, -0.15825631163334763, 0.0]]	[[-0.022197119004244863, -0.019740570609557223, -0.02590699838439528], [0.0016081549024462103, 0.0345082145940936, -0.0008447687083771682], [-0.013628819384163025, 0.010695724517082738, -0.01682242510065121]]	0.35213818934042856	[[0.0, 0.0, 0.9678], [0.0, -1.0, 0.0], [0.9678, 0.0, 0.0]]
3	[[0.3802729664721569, 0.7767473726770865, -0.5020517802076895], [0.4287143634067757, 0.332951791095048, 0.839849450446521], [0.8195098935212374, -0.5346088512602871, -0.20639019011321075]]	0.5397697683992618	0.4602302316007385	[[0.2052598510411764, 0.41926474945464604, -0.27099237312714164], [0.23140705264551234, 0.17971731116749354, 0.453325343357766], [0.4423466654268621, -0.28856569582896063, -0.11140318511728739]]	0.6992186163777518	0.4522478498411725	[[0.20601466148642766, 0.46313616072094005, -0.29880025149982137], [0.3370424780663654, 0.2138689416115793, 0.48824659101809914], [0.5770468178966718, -0.2881049206051389, -0.060885018673700164]]	[[-0.05987927597609709, -0.07998006247738638, 0.052243699606986396], [0.03727741406381099, -0.01893714907839439, -0.0989917796887326], [0.004030244040873439, 0.08570354067637835, 0.0834268444912002]]	0.6885229022093803	[[0.0, 0.6409761282665842, -0.6409761282665842], [0.0, 0.7071067811865476, 0.7071067811865475], [0.906477133752, 0.0, 0.0]]
3	[[0.08740825448676931, -0.06334395238859675, -0.994156597696443], [0.7119981850616444, -0.6940087028176986, 0.10681996481098455], [-0.6967197295301035, -0.717174639895393, -0.015561310176609944]]	0.7823207494705359	0.21767925052946427	[[0.0683812911600007, -0.049555288307072946, -0.7777493346009592], [0.5570109537590868, -0.5429374085274165, 0.0835674749293457], [-0.5450583009768996, -0.5610606017842256, -0.012173935840108967]]	0.8904483041843689	0.17252281041201484	[[0.04824688003632911, -0.030942617188222266, -0.8456368690932593], [0.6355106032639977, -0.6384053493550061, 0.06901940531159118], [-0.6198352989986557, -0.6076977256276495, 0.028095128976436262]]	[[-0.029585651943130373, 0.02546189779653911, 0.03960818741924022], [0.0015130267935080225, -0.020426476841792815, -0.026098251207383977], [0.0005576026532169917, 0.03090921627123865, 0.04195167123408555]]	0.16253287641750971	[[0.0, 0.0, -0.906477133752], [0.7071067811865475, -0.7071067811865476, 0.0], [-0.6409761282665842, -0.6409761282665842, 0.0]]
3	[[-0.42203838922340475, -0.825029846081567, 0.3757783270710803], [0.2588054115689476, 0.28760896992378115, 0.9221175843470338], [-0.8688517462515349, 0.4864224845687207, 0.09214016247897017]]	0.4471585401219068	0.5528414598780931	[[-0.18871807000053878, -0.368919141530835, 0.16803248814255664], [0.11572705001281985, 0.12860680711708333, 0.412332752837359], [-0.3885144784362058, 0.2175079680822199, 0.04120126054069159]]	0.6453797679104317	0.6050739735398212	[[-0.11734348124005767, -0.3774260141370651, 0.3426504123604494], [0.13509094998435128, 0.09438360147985782, 0.6454933401371806], [-0.5024492240394419, 0.18331894331959017, -0.0313117639456151]]	[[0.15503155644623579, 0.15503155644623576, 0.10013068284954531], [-0.03193682646797984, -0.09123340877851044, 0.05037730756516396], [0.05829011430494711, -0.13060828687778636, -0.09077716062152236]]	0.6689906741046409	[[0.0, -0.6409761282665842, 0.6409761282665842], [0.0, 0.7071067811865476, 0.7071067811865475], [-0.906477133752, 0.0, 0.0]]
