3	[[0.8787972042104137, -0.3840163418041313, 0.28327887866788265], [-0.395223040501579, -0.9183905790867732, -0.018907472103605397], [0.2674214316928388, -0.09534250611366366, -0.9588511794847616]]	0.6788801794342124	0.32111982056578753	[[0.5965980036806499, -0.2607010830296585, 0.19231241597997464], [-0.268309088652247, -0.6234771611211188, -0.012835908054342999], [0.18154710953218833, -0.06472613765815147, -0.6509450607793212]]	0.8387231216555386	0.29663724735339225	[[0.6126619088567151, -0.26592870298474747, 0.24236855287507342], [-0.3415379020171684, -0.8498390942131335, -0.020982593271713326], [0.21753824346355594, -0.07996596435411425, -0.7145205067050839]]	[[-0.12440562556080291, 0.056154681979953894, 0.004776007459666339], [-0.01005519973749066, -0.07956368082243727, -0.005124459246362395], [-0.00675429452345521, 0.0, 0.08969014775547052]]	0.4774907082977096	[[0.6746776196933975, -0.6746776196933973, 0.0], [-0.7071067811865475, -0.7071067811865476, 0.0], [0.0, 0.0, -0.9541382399999998]]
3	[[-0.8305561570912853, 0.32773595720904825, 0.4502950280316503], [-0.5100865793185324, -0.772219296347621, -0.37879947194723407], [0.22358030216652452, -0.5443036842615101, 0.808545204538665]]	0.5232063084320181	0.47679369156798185	[[-0.4345522208972147, 0.17147352031177995, 0.2355971993217318], [-0.26688051614596525, -0.40403000734200933, -0.19819027335351014], [0.11697862453466246, -0.2847831213084114, 0.42303595166708585]]	0.7511725074349352	0.4528542026731792	[[-0.5279336907302553, 0.14838387309413748, 0.24850549735912597], [-0.5532359655586846, -0.5979390993315564, -0.28796309750579135], [0.23119008116394343, -0.33829533541173146, 0.4782287356157939]]	[[0.09595726035752945, -0.09780236765917195, -0.08974374793289328], [-0.17007295076307366, -0.01786919420447262, -0.0034193483481581004], [0.0632427049724547, 0.07057062790106045, -0.1291281930520078]]	0.6804406938358614	[[-0.6590250989165104, 0.6590250989165106, 0.0], [-0.7071067811865477, -0.7071067811865474, 0.0], [0.0, 0.0, 0.9320022328319997]]
3	[[0.8489524140446696, -0.5135124485683378, 0.12483895166604869], [0.522794976890395, 0.7815435453534784, -0.34040431673891397], [0.0772347773085365, 0.35425224329800037, 0.9319550081910795]]	0.7527208642755355	0.24727913572446447	[[0.6390241948285059, -0.38653153410260577, 0.09396888359331998], [0.39351868684384683, 0.5882841329274364, -0.2562294314988385], [0.05813622832781012, 0.26665305474681805, 0.7015019792315033]]	0.8773299404229425	0.19663588706596744	[[0.7452958154009528, -0.44154402405726834, 0.05295936193662233], [0.4694204373109626, 0.6261711089052617, -0.27121099701427764], [0.037984303329219093, 0.26774431339330285, 0.8012381953340426]]	[[0.00048444456522951933, 0.00897582185163083, -0.05656558809101476], [0.010756751382298733, -0.05950044317764089, 0.027435901909986272], [-0.029776079245458463, -0.043051786114025624, -0.0163938364791001]]	0.43433242028365254	[[0.6907019038630196, -0.6907019038630194, 0.0], [0.7071067811865475, 0.7071067811865476, 0.0], [0.0, 0.0, 0.9767999999999999]]
3	[[-0.3195682178843842, -0.5708200961323295, -0.7563336379995778], [0.910087742671785, 0.03735879733279218, -0.41272826520656647], [0.2638493031197415, -0.8202248094963509, 0.507557688474819]]	0.46636671697582416	0.5336332830241758	[[-0.1490359806245551, -0.26621149421705886, -0.3527288356922445], [0.42443463270977905, 0.017422899662259482, -0.1924827260475137], [0.12305053327231294, -0.3825255515869339, 0.23670801284983942]]	0.6680877791772293	0.5542312801232513	[[-0.2624314431008438, -0.27240500859362876, -0.4700179271874391], [0.5958428606322446, -0.0462154270395687, -0.06697033945503465], [0.2767105934566959, -0.4389045040829189, 0.3186911656135322]]	[[-0.048931822118840715, 0.10895292174115176, 0.035279333340733195], [-0.012175638225766016, -0.07117438298236603, 0.20876837065049078], [0.10043609849796827, 0.10907766731956414, -0.0204019232839375]]	0.9094089929813632	[[0.0, 0.0, -0.9320022328319997], [0.7071067811865475, 0.7071067811865476, 0.0], [0.6590250989165105, -0.6590250989165105, 0.0]]
3	[[-0.30792515101507295, 0.09349718223056193, 0.9468053539599837], [0.3027085282091916, -0.9338174967034747, 0.1906631317268273], [0.9019698710720718, 0.34531602882779927, 0.2592434992682147]]	0.7095945568633101	0.2904054431366899	[[-0.21850201108160844, 0.06634509159286375, 0.671847925579044], [0.21480032393334614, -0.6626318127645078, 0.13529352046786897], [0.6400329109674439, 0.24503437445386025, 0.18395777598292268]]	0.8477389231611486	0.26376249052931666	[[-0.25478042081153895, 0.07830024484584808, 0.7418015627556936], [0.24389077462135939, -0.8497634943500161, 0.11881223488237379], [0.6786151234919608, 0.2632788268267, 0.17648017596569093]]	[[0.006259715124213001, -0.0009609557368901941, -0.06084218845355294], [-0.012727027114396834, -0.05813005526557304, -0.04282032309425903], [-0.08601984373447746, -0.029459011602062695, -0.04329062894047346]]	0.46999483491228244	[[0.0, 0.0, 0.9767999999999999], [0.0, -1.0, 0.0], [0.9767999999999999, 0.0, 0.0]]
3	[[0.22433838825039393, -0.7661379269479729, -0.6022499185961573], [-0.9416906372873723, -0.011392912655017143, -0.3362869982418849], [0.2507808429735371, 0.642575192824231, -0.724020780340167]]	0.5062881518705289	0.49371184812947116	[[0.11357986798090508, -0.3878865551124075, -0.30491199825022486], [-0.4767668123860043, -0.005768096692530971, -0.17025812283797168], [0.12696736951360538, 0.32532820681282865, -0.3665631427942813]]	0.7058632230822687	0.5110747694088466	[[0.281763588447147, -0.4030191724510977, -0.36969311827336715], [-0.6791746951240806, -0.012788215428821675, -0.038684253656571105], [0.29995329698788514, 0.3229602157649952, -0.48367566138545337]]	[[0.12341137065564252, 0.13776941398996634, 0.05541295036795036], [-0.01446990674202022, -0.004746377381856513, 0.19868837080310703], [0.12293632287929601, -0.13060998091462683, 0.0273839802039963]]	0.7405740281753944	[[1.860961121922782e-16, -0.9320022328319997, 0.0], [-1.0, -1.7938038903913487e-16, 0.0], [0.0, 0.0, -0.9320022328319997]]
3	[[0.5319609947059123, -0.8460851799387872, 0.03402011756955908], [-0.703274286200726, -0.4190807785627857, 0.5742617690636116], [-0.47161719485230363, -0.3294103357928521, -0.8179645788128509]]	0.5135033341951657	0.48649666580483436	[[0.27316374444326286, -0.4344675609116839, 0.017469443801680133], [-0.36113369081779795, -0.2151993770890964, 0.29488533311497883], [-0.24217700202042908, -0.16915330574797868, -0.4200275384739433]]	0.7157719067818087	0.4945153829479498	[[0.4806907597929386, -0.6072758148474253, 0.11081604653685315], [-0.4135257990463084, -0.22927823545840664, 0.2935809821402391], [-0.30082448989365446, -0.0609030941209272, -0.4970901094438199]]	[[0.09992802427874012, -0.0016718123028099975, 0.08646540211514851], [0.08985817777820079, 0.07068801250908348, -0.11745945929431684], [0.0367458489368667, 0.17487957004315846, 0.08838595681303349]]	0.6592583275410818	[[0.6746776196933975, -0.6746776196933973, 0.0], [-0.7071067811865475, -0.7071067811865476, 0.0], [0.0, 0.0, -0.9541382399999998]]
3	[[0.3802729664721569, 0.7767473726770865, -0.5020517802076895], [0.4287143634067757, 0.332951791095048, 0.839849450446521], [0.8195098935212374, -0.5346088512602871, -0.20639019011321075]]	0.5463391873131186	0.45366081268688163	[[0.20775802345954703, 0.42436752833599944, -0.2742905615877735], [0.23422345689311885, 0.18190461096131577, 0.45884266622232156], [0.44773036922145315, -0.29207776532794516, -0.1127590487358516]]	0.7079753275618108	0.443757327648851	[[0.21152429609470647, 0.4722576368138795, -0.3065695869294575], [0.3314524371296081, 0.22265251725726104, 0.4944242432499304], [0.5947097454335062, -0.2996496208884572, -0.050523967113319204]]	[[-0.05769958190632032, -0.07766033878995666, 0.04887068661607166], [0.02793324526624285, -0.013069136105547087, -0.10016844653255208], [0.014516960127663403, 0.07884025569998791, 0.09559519533762556]]	0.6823858019724413	[[0.0, 0.6590250989165105, -0.6590250989165105], [0.0, 0.7071067811865476, 0.7071067811865475], [0.9320022328319997, 0.0, 0.0]]
3	[[0.034229894132735264, 0.2773841392786001, 0.9601491309293217], [-0.1827544195208179, -0.9427759796974285, 0.2788803941677556], [0.9825625356654255, -0.18501754344446375, 0.018422055382213542]]	0.8649883194542232	0.13501168054577692	[[0.029608458600970645, 0.2399340404778525, 0.8305177831879869], [-0.15808043821414433, -0.8154902103002875, 0.24122828347989825], [0.8499051164839166, -0.1600380139735754, 0.01593486272595352]]	0.9203358371072744	0.12630342933455313	[[0.009025428429820218, 0.23761334444806984, 0.863312659080002], [-0.16477579963269584, -0.8268396027031686, 0.2532703799872282], [0.8967019239790445, -0.16074298315299243, 0.0]]	[[-0.02247756984092407, -0.017673219575181427, -0.020346995081657493], [0.0034196420420501035, 0.040830917776294995, -0.0033932410319598393], [-0.007585589792840981, 0.009535292572499613, -0.01695447776142607]]	0.3482213011639197	[[0.0, 0.0, 0.9767999999999999], [0.0, -1.0, 0.0], [0.9767999999999999, 0.0, 0.0]]
3	[[0.8592155572171323, 0.2624339665249735, -0.4391776855101157], [-0.4266000482917053, 0.8413623931712975, -0.33184593135155627], [0.2824199444684594, 0.4724804086637203, 0.8348660002631537]]	0.5936572290045616	0.4063427709954384	[[0.5100795268151331, 0.1557958213638917, -0.2607210078205721], [-0.25325420256206593, 0.49948086691871907, -0.19700273606260288], [0.1676606416487678, 0.28049141016624707, 0.4956242363063455]]	0.8000126250138928	0.35823869292196775	[[0.5717008018882539, 0.2120546680357597, -0.2896722186765755], [-0.32393652108515125, 0.7527978577559546, -0.2728622433681061], [0.24842479352919827, 0.35388831327839054, 0.5541988075753193]]	[[-0.11568249149379856, 0.002104181583307524, 0.06167547435589799], [0.01734890337974928, 0.07969732100701409, -0.0073813087273676], [0.022485272398708272, -0.024101978724309116, -0.11370453283005569]]	0.6415424440817952	[[0.9320022328319997, 0.0, 0.0], [0.0, 0.7071067811865476, -0.7071067811865475], [0.0, 0.6590250989165105, 0.6590250989165105]]
3	[[0.08740825448676931, -0.06334395238859675, -0.994156597696443], [0.7119981850616444, -0.6940087028176986, 0.10681996481098455], [-0.6967197295301035, -0.717174639895393, -0.015561310176609944]]	0.8115021411196677	0.18849785888033246	[[0.0709319856675461, -0.05140375299032853, -0.8067602076389074], [0.5777880516508418, -0.5631895482922454, 0.0866846301584415], [-0.5653895522739946, -0.5819887558318382, -0.01262803652694625]]	0.9020691493278198	0.15299260330146283	[[0.05436520985930155, -0.029748458982277657, -0.8656488577312335], [0.6341946612680172, -0.6378499109378407, 0.06763933547485543], [-0.6331415145043626, -0.624362393059486, 0.026007708199749215]]	[[-0.02448307990980802, 0.02739216626396572, 0.031149138651436443], [-0.008076935853491875, -0.011806070760975628, -0.028719659313417054], [-0.004652140767233471, 0.02257872427043661, 0.04004508603319009]]	0.14596548466698522	[[0.0, 0.0, -0.9320022328319997], [0.7071067811865475, -0.7071067811865476, 0.0], [-0.6590250989165105, -0.6590250989165105, 0.0]]
3	[[-0.42203838922340475, -0.825029846081567, 0.3757783270710803], [0.2588054115689476, 0.28760896992378115, 0.9221175843470338], [-0.8688517462515349, 0.4864224845687207, 0.09214016247897017]]	0.45520576718208217	0.544794232817918	[[-0.19211430874673016, -0.3755583440336748, 0.17105646166479055], [0.11780971592411735, 0.1309212618026031, 0.4197532424147799], [-0.39550632571992167, 0.22142232026271902, 0.04194273334952131]]	0.653999592301066	0.5988634207919292	[[-0.12276322112900606, -0.3863194696150568, 0.3541256699398351], [0.13129487777659468, 0.0965283979676952, 0.6500809836557183], [-0.514518689312203, 0.18587540136736824, -0.03181954402619113]]	[[0.15324971335849924, 0.1532497133584992, 0.10836679723977197], [-0.03796375587480663, -0.09156775110458722, 0.0470164594391144], [0.05370999850637013, -0.13224470522664666, -0.0920791727219916]]	0.6638538599774345	[[0.0, -0.6590250989165105, 0.6590250989165105], [0.0, 0.7071067811865476, 0.7071067811865475], [-0.9320022328319997, 0.0, 0.0]]
3	[[-0.5446221603179724, 0.8109226453022452, -0.2139887049042392], [-0.8354447797583356, -0.5021691245819775, 0.22328947644507607], [0.07361197229480154, 0.30038414347728, 0.9509735242804028]]	0.6123753758827374	0.3876246241172628	[[-0.3335132001387867, 0.49658905972878603, -0.13104141360039362], [-0.5116058110337816, -0.30751600642259364, 0.1367369770687131], [0.045078159203498724, 0.18394785277111347, 0.5823527693857432]]	0.7835120467558006	0.3110043193109752	[[-0.4715438267629439, 0.5862011354180885, -0.11385991249848393], [-0.6725335919877843, -0.4400979150229912, 0.04087015096864216], [0.0891477218374718, 0.14553664347678247, 0.7434299117576538]]	[[-0.044825803223643636, -0.049166526163301624, 0.05380281566365953], [-0.01795254264788158, -0.04664235640419747, -0.13407984373987047], [0.03147185475904055, -0.08981795159208922, -0.0016693006618615472]]	0.3936486710261945	[[-0.6746776196933975, 0.6746776196933973, 0.0], [-0.7071067811865475, -0.7071067811865476, 0.0], [0.0, 0.0, 0.9541382399999998]]
3	[[0.04673222253661188, -0.9725397674033924, -0.22799671093185395], [-0.8377629715199755, -0.16246744520517667, 0.5213036857710898], [-0.5440306084466285, 0.16664552219444034, -0.8223502702654952]]	0.5539994718892916	0.44600052811070845	[[0.02588962660549581, -0.5387865175328137, -0.12631005744874257], [-0.46412024379047, -0.09000687884287029, 0.28880196661112495], [-0.3013926697710422, 0.09232153128843518, -0.4555816154351007]]	0.7505520260264439	0.38017102569277994	[[-0.019802052119368405, -0.8124320986510787, -0.1191097770960541], [-0.6527977254049514, -0.12410438498759704, 0.23466968374042807], [-0.2790399752190825, 0.014971494386921757, -0.6172166614511612]]	[[-0.05487701642494098, -0.08249040583517604, 0.052013616221214386], [-0.024013029800699706, -0.002164114825511536, -0.156595853790116], [0.12928330017093348, -0.11010463992435016, 0.0]]	0.6261489411526049	[[1.860961121922782e-16, -0.9320022328319997, 0.0], [-1.0, -1.7938038903913487e-16, 0.0], [0.0, 0.0, -0.9320022328319997]]
