3	[[0.8489524140446696, -0.5135124485683378, 0.12483895166604869], [0.522794976890395, 0.7815435453534784, -0.34040431673891397], [0.0772347773085365, 0.35425224329800037, 0.9319550081910795]]	0.7406064890287835	0.25939351097121655	[[0.6287396667181328, -0.3803106516067704, 0.09245653768742632], [0.3871853523166795, 0.5788162211473473, -0.25210564587024903], [0.05720057725339516, 0.2623615101395024, 0.6902119265491866]]	0.8661177734139276	0.20264102523363356	[[0.7242320603450996, -0.43228417541785175, 0.05316835370374485], [0.47139736291991996, 0.6266708827672279, -0.2690270582935743], [0.03441725994635468, 0.25960668288887156, 0.7833632129139683]]	[[-0.011060714241648346, 0.01247808315649098, -0.05495688114858217], [0.018595341583625344, -0.050237872560353766, 0.025803170580823244], [-0.03247715340623551, -0.04721748130328138, -0.023819583702448015]]	0.4386834774689865	[[0.6815095157075945, -0.6815095157075944, 0.0], [0.7071067811865475, 0.7071067811865476, 0.0], [0.0, 0.0, 0.9638]]
3	[[0.8787972042104137, -0.3840163418041313, 0.28327887866788265], [-0.395223040501579, -0.9183905790867732, -0.018907472103605397], [0.2674214316928388, -0.09534250611366366, -0.9588511794847616]]	0.6545614658303937	0.3454385341696064	[[0.5752267861556202, -0.25136229959413764, 0.1854234380596395], [-0.25869777272065864, -0.6011430836518623, -0.012376102655283215], [0.17504376432332708, -0.062407530557702956, -0.6276270335567474]]	0.8292459560528489	0.3121037972537356	[[0.5988921894361968, -0.25898179347044376, 0.2396780180361352], [-0.3429076831167917, -0.8492615881300061, -0.02100703519032882], [0.21501212506748613, -0.07906238763469962, -0.6980831404361201]]	[[-0.12984683834583838, 0.05946220502884073, 0.004770153465607811], [-0.015170575041945997, -0.08768991434526548, -0.005328090409231994], [-0.0067460157256635876, 0.0, 0.09704032260812283]]	0.4837576169764317	[[0.6568388712389797, -0.6568388712389795, 0.0], [-0.7071067811865475, -0.7071067811865476, 0.0], [0.0, 0.0, -0.92891044]]
3	[[0.5319609947059123, -0.8460851799387872, 0.03402011756955908], [-0.703274286200726, -0.4190807785627857, 0.5742617690636116], [-0.47161719485230363, -0.3294103357928521, -0.8179645788128509]]	0.501734311140835	0.498265688859165	[[0.26690308323256434, -0.4245099649230569, 0.017069060253692946], [-0.3528568395299837, -0.2102672057445642, 0.28812683311564846], [-0.23662652838139353, -0.1652764679116978, -0.410400894488269]]	0.7048274827653467	0.5116341665798592	[[0.45298781489626117, -0.5909632207466857, 0.1098355501569949], [-0.4029349777732291, -0.21809645538325703, 0.3041718034133184], [-0.3064214896771059, -0.05564739972475164, -0.4736793122417907]]	[[0.07804708606834314, 0.005380866834634995, 0.08585723632706135], [0.09275206706322457, 0.0772831948464928, -0.10058367372416176], [0.025987270599497323, 0.17653005804901187, 0.10284460283408807]]	0.6682999051478651	[[0.6568388712389797, -0.6568388712389795, 0.0], [-0.7071067811865475, -0.7071067811865476, 0.0], [0.0, 0.0, -0.92891044]]
3	[[-0.42203838922340475, -0.825029846081567, 0.3757783270710803], [0.2588054115689476, 0.28760896992378115, 0.9221175843470338], [-0.8688517462515349, 0.4864224845687207, 0.09214016247897017]]	0.4435917085307815	0.5564082914692186	[[-0.18721273014118908, -0.36597639901220996, 0.16669215013429925], [0.11480393469488151, 0.12758095435726818, 0.40904371470677775], [-0.3854154305796714, 0.21577298099762654, 0.04087261209835018]]	0.6415321145686607	0.6079012945708993	[[-0.1149822516469161, -0.3735142131182382, 0.33764094103542364], [0.13678923537499993, 0.09343119807329406, 0.6434488244664871], [-0.49714770386519863, 0.18217105184168933, -0.031081162065728467]]	[[0.15576892862072614, 0.15576892862072614, 0.0965670762604397], [-0.029242747570639563, -0.09107919257082363, 0.05188078069938904], [0.06024859415422205, -0.12988459325742377, -0.09019203533756215]]	0.6714266610323425	[[0.0, -0.6330613041001284, 0.6330613041001285], [0.0, 0.7071067811865476, 0.7071067811865475], [-0.8952838820719999, 0.0, 0.0]]
3	[[0.8592155572171323, 0.2624339665249735, -0.4391776855101157], [-0.4266000482917053, 0.8413623931712975, -0.33184593135155627], [0.2824199444684594, 0.4724804086637203, 0.8348660002631537]]	0.571646085790142	0.4283539142098581	[[0.49116721013316944, 0.15001934974238224, -0.2510542048882316], [-0.24386424780383886, 0.48096151878739873, -0.18969842774250126], [0.1614442558044641, 0.27009157622514246, 0.47724788120970346]]	0.7869232947983946	0.37863486860590334	[[0.5510309663260409, 0.20670632769713485, -0.2846746296927659], [-0.32452759814819, 0.7529300401302793, -0.27195204982426613], [0.24386106471517985, 0.34200694900179074, 0.5358011789617324]]	[[-0.12510577090130323, 0.00019092609229105079, 0.06092452159078758], [0.011173917414672947, 0.09084237357645973, -0.010814756159657563], [0.021618231497280135, -0.02979889091155601, -0.12117432468050593]]	0.6533342918203255	[[0.8952838820719999, 0.0, 0.0], [0.0, 0.7071067811865476, -0.7071067811865475], [0.0, 0.6330613041001284, 0.6330613041001285]]
3	[[0.034229894132735264, 0.2773841392786001, 0.9601491309293217], [-0.1827544195208179, -0.9427759796974285, 0.2788803941677556], [0.9825625356654255, -0.18501754344446375, 0.018422055382213542]]	0.8442322920978298	0.15576770790217026	[[0.028897981981945146, 0.23417664769475618, 0.8105889015602006], [-0.15428718248306847, -0.7959219262747371, 0.23543983438939053], [0.8295110216142778, -0.15619778478042942, 0.015552494040479299]]	0.9099371935133267	0.1367836779441094	[[0.009075407205439817, 0.23176780532924013, 0.8453575904023513], [-0.16550431215155692, -0.8262062957435203, 0.2540708057194948], [0.8778195036043062, -0.1571569709650541, 0.0]]	[[-0.022071646595959588, -0.020634339891038918, -0.028317815149735356], [0.0007907314493732324, 0.03166063333413491, 0.0003071625245969741], [-0.01625069255042913, 0.011197373267531249, -0.01676291337323846]]	0.3538981149576044	[[0.0, 0.0, 0.9638], [0.0, -1.0, 0.0], [0.9638, 0.0, 0.0]]
3	[[-0.3195682178843842, -0.5708200961323295, -0.7563336379995778], [0.910087742671785, 0.03735879733279218, -0.41272826520656647], [0.2638493031197415, -0.8202248094963509, 0.507557688474819]]	0.45267946656210506	0.5473205334378949	[[-0.14466197040210557, -0.2583985366201125, -0.3423767077926251], [0.41197803387737403, 0.016911560448010163, -0.1868336109288115], [0.11943916178902775, -0.37129892922381236, 0.22976094366827612]]	0.6575912580195358	0.5545173861899559	[[-0.268403742124918, -0.268403742124918, -0.452416268177741], [0.6058421352324016, 0.03739002108632919, -0.05931945621102893], [0.3466293761814589, -0.4105672164940667, 0.32647245926573987]]	[[-0.058258475703264735, 0.10696256299357294, 0.0449421203168936], [0.007376391620702718, 0.012823202550161445, 0.2120870429263777], [0.17312438101537025, 0.12880544784147274, -0.007293039615904024]]	0.91632686575368	[[0.0, 0.0, -0.8952838820719999], [0.7071067811865475, 0.7071067811865476, 0.0], [0.6330613041001285, -0.6330613041001284, 0.0]]
3	[[-0.30792515101507295, 0.09349718223056193, 0.9468053539599837], [0.3027085282091916, -0.9338174967034747, 0.1906631317268273], [0.9019698710720718, 0.34531602882779927, 0.2592434992682147]]	0.6858947243903256	0.3141052756096744	[[-0.21120423658833287, 0.06412922403730333, 0.6494087973056678], [0.20762618252664455, -0.6405004945322936, 0.1307748361871685], [0.6186563761273562, 0.23685044242040512, 0.1778137484805557]]	0.8368629951426594	0.27466605522994686	[[-0.24293616177150856, 0.07493768692718589, 0.7324426006121588], [0.2456659373450219, -0.8492099247729429, 0.1183735073393987], [0.6701244464307698, 0.25642722619206226, 0.16799847484432268]]	[[0.014755002386721065, -0.003306645031681203, -0.059903763719898716], [-0.00765962822734835, -0.06773261756505254, -0.04118541214079338], [-0.08470076140304258, -0.032554979963538726, -0.04895281642453936]]	0.47244260989694326	[[0.0, 0.0, 0.9638], [0.0, -1.0, 0.0], [0.9638, 0.0, 0.0]]
3	[[-0.5446221603179724, 0.8109226453022452, -0.2139887049042392], [-0.8354447797583356, -0.5021691245819775, 0.22328947644507607], [0.07361197229480154, 0.30038414347728, 0.9509735242804028]]	0.5938654799083116	0.4061345200916883	[[-0.323432300605934, 0.48157896592093546, -0.12708050493291412], [-0.49614181506807775, -0.2982209081650126, 0.13260391208753078], [0.04371560925384965, 0.17838777352298205, 0.5647503483768799]]	0.7742002251035756	0.32637198379099935	[[-0.4796138882492935, 0.5804799917581378, -0.11136699436885676], [-0.6736882703558886, -0.4687564405897044, 0.04791625680647596], [0.08604924893334506, 0.11668331531211765, 0.7362439165654285]]	[[-0.05796728913472369, -0.04733650277644733, 0.05430310913762781], [-0.026886733805377948, -0.079976991298272, -0.12495450612056147], [0.02905884341239154, -0.11587415618553726, 0.0]]	0.4021962115565223	[[-0.6568388712389797, 0.6568388712389795, 0.0], [-0.7071067811865475, -0.7071067811865476, 0.0], [0.0, 0.0, 0.92891044]]
3	[[0.08740825448676931, -0.06334395238859675, -0.994156597696443], [0.7119981850616444, -0.6940087028176986, 0.10681996481098455], [-0.6967197295301035, -0.717174639895393, -0.015561310176609944]]	0.7683892754377302	0.2316107245622699	[[0.0671635653323654, -0.04867281367923594, -0.7638992677756088], [0.5470917695324959, -0.5332688443055703, 0.08207931536339626], [-0.5353519681568076, -0.551069301911536, -0.01195714385146709]]	0.8851241316373408	0.18142816704299458	[[0.04586072525119657, -0.031464720985633216, -0.8365278028105736], [0.6358492270897094, -0.6383139536743776, 0.06983582815759243], [-0.6137633995955236, -0.6003237347963649, 0.029120330842360685]]	[[-0.0315064300993408, 0.024602539866800548, 0.04342419243702369], [0.005642451809658881, -0.024030103244104893, -0.024713100437261576], [0.002920045999412148, 0.0344648455733675, 0.04289402199957188]]	0.17020196816665165	[[0.0, 0.0, -0.8952838820719999], [0.7071067811865475, -0.7071067811865476, 0.0], [-0.6330613041001285, -0.6330613041001284, 0.0]]
3	[[-0.8305561570912853, 0.32773595720904825, 0.4502950280316503], [-0.5100865793185324, -0.772219296347621, -0.37879947194723407], [0.22358030216652452, -0.5443036842615101, 0.808545204538665]]	0.5076585019932995	0.4923414980067003	[[-0.4216388945302735, 0.16637794508608558, 0.22859609938557843], [-0.2589497887437327, -0.39202369119415326, -0.19230077248458577], [0.1135024412730671, -0.27632039298163213, 0.41046484732996474]]	0.7369268589709485	0.4673011156859113	[[-0.5098993859087483, 0.1356107481327645, 0.2509343051374928], [-0.5535805028803079, -0.5935025569097147, -0.2874892451739913], [0.22370149797778138, -0.33225223519889246, 0.45945905153300404]]	[[0.10215975413551427, -0.1059066813851366, -0.08090019548010643], [-0.1776840021798664, -0.024433416415506205, -0.008341740132062228], [0.05893916817442893, 0.06885976917025705, -0.1363796263836975]]	0.680489139094517	[[-0.6568388712389797, 0.6568388712389795, 0.0], [-0.7071067811865475, -0.7071067811865476, 0.0], [0.0, 0.0, 0.92891044]]
3	[[0.04673222253661188, -0.9725397674033924, -0.22799671093185395], [-0.8377629715199755, -0.16246744520517667, 0.5213036857710898], [-0.5440306084466285, 0.16664552219444034, -0.8223502702654952]]	0.5426861496675358	0.45731385033246413	[[0.025360929913800317, -0.5277838617707078, -0.12373065719247], [-0.45464236134820907, -0.08816883228471865, 0.28290429003860773], [-0.2952378761991877, 0.09043621679903671, -0.4462781018484391]]	0.741126948752435	0.39659918841268765	[[-0.015026736950601156, -0.7907160719882981, -0.11006867881833032], [-0.6568566871603481, -0.12867752683441092, 0.23514533593393536], [-0.2778955971805332, 0.008212707097369262, -0.5980330427862891]]	[[-0.049661246447579965, -0.06994064163221891, 0.05890582788018553], [-0.035967972299975434, -0.008268524897895008, -0.15120687407499073], [0.12530014768544728, -0.11529278028985249, 0.0114329038213177]]	0.6381905559495862	[[1.7876443198612137e-16, -0.8952838820719999, 0.0], [-1.0, -1.7938038903913487e-16, 0.0], [0.0, 0.0, -0.8952838820719999]]
3	[[0.22433838825039393, -0.7661379269479729, -0.6022499185961573], [-0.9416906372873723, -0.011392912655017143, -0.3362869982418849], [0.2507808429735371, 0.642575192824231, -0.724020780340167]]	0.4875188320600579	0.512481167939942	[[0.1093691890260679, -0.37350666734258975, -0.29360817692226365], [-0.4590919196522314, -0.00555425947133623, -0.1639462446198665], [0.12226038366949557, 0.3132675075164357, -0.35297376521865004]]	0.693093068592614	0.5256626974964713	[[0.28949704231181655, -0.40002099379141465, -0.33934780447926716], [-0.6764518099815283, -0.02821231977987869, -0.03913815941010823], [0.28969589962252873, 0.2997717512581327, -0.4848948316900324]]	[[0.13400966039622983, 0.1309838929621398, 0.07806743966019565], [-0.02377255651908912, -0.0203159709876053, 0.1939400281291588], [0.11588143562175743, -0.1455926609379042, 0.01691895268075287]]	0.7358359137578128	[[1.7876443198612137e-16, -0.8952838820719999, 0.0], [-1.0, -1.7938038903913487e-16, 0.0], [0.0, 0.0, -0.8952838820719999]]
3	[[0.3802729664721569, 0.7767473726770865, -0.5020517802076895], [0.4287143634067757, 0.332951791095048, 0.839849450446521], [0.8195098935212374, -0.5346088512602871, -0.20639019011321075]]	0.5368406833884914	0.46315931661150883	[[0.20414599919508164, 0.41698959036818245, -0.2695218207831047], [0.23015131182975557, 0.17874206706688775, 0.45086535292115926], [0.43994625128157094, -0.2869997810561089, -0.11079865070505672]]	0.6952763637417699	0.4563305493174075	[[0.20365803565698054, 0.459130998681053, -0.29536365355788186], [0.3395334919733924, 0.2099292906352152, 0.4854893564062036], [0.5692865496805023, -0.28307153072110525, -0.06536229098948673]]	[[-0.060736769701076616, -0.08092309013984497, 0.053701082595002766], [0.04145852830006168, -0.021564219978659097, -0.09843811559077727], [-0.0004993091373486046, 0.08862936740731192, 0.07813592990439903]]	0.6913670244986806	[[0.0, 0.6330613041001284, -0.6330613041001285], [0.0, 0.7071067811865476, 0.7071067811865475], [0.8952838820719999, 0.0, 0.0]]
