3	[[-0.5446221603179724, 0.8109226453022452, -0.2139887049042392], [-0.8354447797583356, -0.5021691245819775, 0.22328947644507607], [0.07361197229480154, 0.30038414347728, 0.9509735242804028]]	0.5227593898224218	0.4772406101775783	[[-0.2847063482115924, 0.42391742725138576, -0.11186460480463037], [-0.4367366032967953, -0.2625136251541343, 0.11672667046019598], [0.038481349720455464, 0.15702863155651367, 0.49713033929010136]]	0.7326774315382527	0.38069508546115777	[[-0.46264142274532927, 0.5319625237003243, -0.07913900474827204], [-0.6809474475530756, -0.4686029513058397, 0.03771030131216231], [0.09483981297874625, 0.08035586164307278, 0.6948199993264577]]	[[-0.0636090571647427, -0.06218219723593055, 0.07764568993916306], [-0.06883591212769699, -0.10067496690930355, -0.12588885877913722], [0.04090598218732603, -0.13972882107467874, -0.0019368399041882064]]	0.4406469358318575	[[-0.5904556866211865, 0.5904556866211864, 0.0], [-0.7071067811865475, -0.7071067811865476, 0.0], [0.0, 0.0, 0.8350304399999999]]
3	[[0.04673222253661188, -0.9725397674033924, -0.22799671093185395], [-0.8377629715199755, -0.16246744520517667, 0.5213036857710898], [-0.5440306084466285, 0.16664552219444034, -0.8223502702654952]]	0.4986253451033393	0.5013746548966607	[[0.023301870589764163, -0.48493297714823785, -0.113684938670822], [-0.4177298507889468, -0.08101038593348908, 0.2599352302212524], [-0.27126744988347984, 0.083093681014129, -0.41004468730695687]]	0.6919683523714315	0.47777499401348816	[[1.0231576780586817e-16, -0.6896414184919455, -0.10222359065369274], [-0.6715351644420354, -0.13396695016973448, 0.23225971260436098], [-0.2506353608234601, 0.0, -0.5124154552485397]]	[[-0.03233721903131441, -0.01667467802612472, 0.05554291775592779], [-0.09182970136156345, -0.021544619797112453, -0.1284659399238145], [0.1258166029429808, -0.11531342742296372, 0.056624906339276394]]	0.6880378861812423	[[-1.5236099793951998e-16, -0.7630508160719999, 0.0], [-1.0, 1.7938038903913487e-16, 0.0], [0.0, 0.0, -0.7630508160719999]]
3	[[0.8489524140446696, -0.5135124485683378, 0.12483895166604869], [0.522794976890395, 0.7815435453534784, -0.34040431673891397], [0.0772347773085365, 0.35425224329800037, 0.9319550081910795]]	0.6615972154247443	0.3384027845752558	[[0.5616645531600679, -0.33973840605875455, 0.08259310279880205], [0.3458797009487289, 0.5170670333390435, -0.22521054807302812], [0.051098313601277985, 0.23437229772392604, 0.6165788383203629]]	0.8201188796488549	0.2709639457344228	[[0.6507936454913257, -0.40290020574523094, 0.05046498664393373], [0.4765145191735921, 0.6257827313449535, -0.2642777864044491], [0.026370248329494198, 0.22575211890005611, 0.7187038191744441]]	[[-0.045448257190179565, 0.018241048260374464, -0.05191779453296366], [0.047760488440192386, -0.015175885467135252, 0.01489422046710297], [-0.036971450706711574, -0.06477683398659355, -0.04561007802636333]]	0.45693645686678996	[[0.6461541766482671, -0.646154176648267, 0.0], [0.7071067811865475, 0.7071067811865476, 0.0], [0.0, 0.0, 0.9138]]
3	[[0.8787972042104137, -0.3840163418041313, 0.28327887866788265], [-0.395223040501579, -0.9183905790867732, -0.018907472103605397], [0.2674214316928388, -0.09534250611366366, -0.9588511794847616]]	0.5702628112433277	0.42973718875667233	[[0.5011453641858072, -0.21899023864060257, 0.16154340971500425], [-0.225381002144566, -0.523723993449411, -0.01078222819530681], [0.15250049742387378, -0.054370285567361995, -0.5467971691769608]]	0.7913069731742257	0.3671832524094059	[[0.5514039063146059, -0.23324034063910995, 0.2246046826542254], [-0.34552694039314735, -0.8468777578107384, -0.02414285340114627], [0.2017048144359017, -0.0754451899276483, -0.6396646660343235]]	[[-0.14399444938310862, 0.07063446844335604, 0.00044413061135442893], [-0.03278419248512839, -0.12014888848185935, -0.009181238880466179], [-0.00990762923887651, 0.0, 0.1190809585282995]]	0.513437630641066	[[0.9138, 0.0, 0.0], [0.0, -1.0, 0.0], [0.0, 0.0, -0.9138]]
3	[[0.22433838825039393, -0.7661379269479729, -0.6022499185961573], [-0.9416906372873723, -0.011392912655017143, -0.3362869982418849], [0.2507808429735371, 0.642575192824231, -0.724020780340167]]	0.4190307817115168	0.5809692182884832	[[0.09400469019646432, -0.32103537442785, -0.2523612541750451], [-0.39459736387294414, -0.00477398109580288, -0.1409146037527165], [0.10508489266947438, 0.26925878535756614, -0.30338699356132254]]	0.6385946130287867	0.5718847197704476	[[0.25948608604733825, -0.38595312019031147, -0.25477911259652586], [-0.6863628171764056, -0.04842481837813083, -0.040587794448977095], [0.23302607359212765, 0.23302607359212762, -0.46246522660137634]]	[[0.11622479981507629, 0.1032984327957061, 0.12981444111600554], [-0.08500424906504427, -0.04114936572992944, 0.1741632710599117], [0.0728787782184088, -0.17731898301136023, -0.00010945655524722403]]	0.7326240406185632	[[1.5236099793951998e-16, -0.7630508160719999, 0.0], [-1.0, -1.7938038903913487e-16, 0.0], [0.0, 0.0, -0.7630508160719999]]
3	[[0.034229894132735264, 0.2773841392786001, 0.9601491309293217], [-0.1827544195208179, -0.9427759796974285, 0.2788803941677556], [0.9825625356654255, -0.18501754344446375, 0.018422055382213542]]	0.7508776290905128	0.2491223709094873	[[0.025702461750407503, 0.2082815448488278, 0.7209545030055253], [-0.13722620523560466, -0.7079093923986906, 0.209405049172512], [0.7377842272136171, -0.1389255343617299, 0.013832709268370626]]	0.8672038683788662	0.2043588749837129	[[0.00922374131190997, 0.21004374209659635, 0.7773480301631571], [-0.16856998549048596, -0.8234790815660528, 0.2575892098353042], [0.8064062552224135, -0.14371157980726432, 0.0]]	[[-0.020460555294197103, -0.030504856512747914, -0.055297010399357166], [-0.010084645918698485, -0.005900104957767244, 0.01574305319800351], [-0.045675776630791365, 0.016736349585729608, -0.01597567769094529]]	0.3768974987492021	[[0.0, 0.0, 0.9138], [0.0, -1.0, 0.0], [0.9138, 0.0, 0.0]]
3	[[-0.3195682178843842, -0.5708200961323295, -0.7563336379995778], [0.910087742671785, 0.03735879733279218, -0.41272826520656647], [0.2638493031197415, -0.8202248094963509, 0.507557688474819]]	0.4027845758353968	0.5972154241646032	[[-0.12871714909103532, -0.22991753029898074, -0.3046395235717024], [0.3665693054050487, 0.015047547337409262, -0.16624057923650604], [0.1062744296415501, -0.33037390198265676, 0.2044364082643244]]	0.6092111629219003	0.6109473395976964	[[-0.2626290594268399, -0.2626290594268399, -0.3587906341221253], [0.6103927189435924, -0.09676086385179342, -0.05665378598972751], [0.21202165989452126, -0.32750103453410145, 0.32818386008169653]]	[[-0.06794453377661495, 0.08512091515712752, 0.10197626104054894], [0.05595710686954689, -0.11952026022026738, 0.19478488042750333], [0.051281719104810594, 0.17218907551656462, 0.018974050436000475]]	0.9429400010687525	[[-1.5236099793951998e-16, -0.7630508160719999, 0.0], [1.0, -1.7938038903913487e-16, 0.0], [0.0, 0.0, 0.7630508160719999]]
3	[[0.5319609947059123, -0.8460851799387872, 0.03402011756955908], [-0.703274286200726, -0.4190807785627857, 0.5742617690636116], [-0.47161719485230363, -0.3294103357928521, -0.8179645788128509]]	0.45579458914377985	0.5442054108562202	[[0.24246494302249771, -0.3856410469708406, 0.0155061855102403], [-0.3205486143342449, -0.1910147512830802, 0.261745407091329], [-0.21496056556084772, -0.15014344866241758, -0.3728238291341683]]	0.6593878957087572	0.5549496799985558	[[0.3932673347496477, -0.5305213242296932, 0.09264561614671982], [-0.4061451929439562, -0.23457486781978437, 0.3009615882425913], [-0.2706489743185304, -0.0382712604530179, -0.44135021708221794]]	[[0.04249869385137879, 0.02737700216050882, 0.07021316241076372], [0.05758535874001883, 0.041761924888718514, -0.07769967124625193], [0.040329695375197074, 0.17893792769014596, 0.09800572530548776]]	0.7040501661505629	[[0.5904556866211865, -0.5904556866211864, 0.0], [-0.7071067811865475, -0.7071067811865476, 0.0], [0.0, 0.0, -0.8350304399999999]]
3	[[-0.8305561570912853, 0.32773595720904825, 0.4502950280316503], [-0.5100865793185324, -0.772219296347621, -0.37879947194723407], [0.22358030216652452, -0.5443036842615101, 0.808545204538665]]	0.45086811330215054	0.5491318866978493	[[-0.3744712875392324, 0.14776569268811793, 0.20302366971796915], [-0.2299817736380944, -0.3481690571997662, -0.1707886032367003], [0.10080522900934565, -0.2454091751863965, 0.36454725088984924]]	0.6810377501629175	0.53273574865614	[[-0.4328434735707787, 0.10335659227032842, 0.24685131602959767], [-0.5433189401574783, -0.5947039804375149, -0.2699797561314355], [0.2001282042393217, -0.3058009707775983, 0.3903237551131541]]	[[0.13279662303862905, -0.119843966674812, -0.059816596770625306], [-0.19593072379008636, -0.06879348822053992, -0.012003015993589976], [0.047861578271086606, 0.0648903857572475, -0.1603260518908743]]	0.6874183327310172	[[-0.5904556866211865, 0.5904556866211864, 0.0], [-0.7071067811865475, -0.7071067811865476, 0.0], [0.0, 0.0, 0.8350304399999999]]
3	[[0.08740825448676931, -0.06334395238859675, -0.994156597696443], [0.7119981850616444, -0.6940087028176986, 0.10681996481098455], [-0.6967197295301035, -0.717174639895393, -0.015561310176609944]]	0.6149407623310753	0.3850592376689247	[[0.05375089864812255, -0.038952778370907014, -0.6113474160639188], [0.4378367067001496, -0.4267742407751162, 0.06568795059304547], [-0.4284413616083424, -0.44101991978178745, -0.009569283942874839]]	0.8147348736488732	0.29797358565575843	[[0.0363291205958825, -0.028553464349151864, -0.714894463289962], [0.6360210412403285, -0.6397755707695771, 0.07108573994621883], [-0.5256970710927031, -0.5110049420852881, 0.025688567527892385]]	[[-0.03488543257926406, 0.023055062696591754, 0.09507958672144325], [0.055931289895902694, -0.07434247796818108, -0.015944210587235733], [0.041944789714682885, 0.07330224753406094, 0.03836690960844361]]	0.27460340269857875	[[0.0, 0.0, -0.7630508160719999], [0.7071067811865475, -0.7071067811865476, 0.0], [-0.5395584064344402, -0.5395584064344401, 0.0]]
3	[[0.3802729664721569, 0.7767473726770865, -0.5020517802076895], [0.4287143634067757, 0.332951791095048, 0.839849450446521], [0.8195098935212374, -0.5346088512602871, -0.20639019011321075]]	0.4873850743790678	0.5126149256209325	[[0.18533936804838097, 0.37857507600596724, -0.2446925442386682], [0.2089489818963861, 0.1622757334675039, 0.40933008687309685], [0.39941689040823025, -0.260560374735203, -0.10059149815943717]]	0.6427192073174793	0.5269619612393112	[[0.12008027456965167, 0.4068972451163605, -0.23244594363185955], [0.30102051103897665, 0.13928300252740128, 0.46986615424636446], [0.5539908468510701, -0.26417258865676674, -0.09385990927848359]]	[[-0.12432846500559938, -0.0923332105365912, 0.09023237857555587], [0.02547755522455603, -0.0747115087201429, -0.06992121881064421], [0.027276097698268633, 0.07943078845015324, 0.03879103010918308]]	0.7315199425752873	[[0.0, 0.5395584064344401, -0.5395584064344402], [0.0, 0.7071067811865476, 0.7071067811865475], [0.7630508160719999, 0.0, 0.0]]
3	[[-0.30792515101507295, 0.09349718223056193, 0.9468053539599837], [0.3027085282091916, -0.9338174967034747, 0.1906631317268273], [0.9019698710720718, 0.34531602882779927, 0.2592434992682147]]	0.5912414565299827	0.4087585434700175	[[-0.18205811478836653, 0.055279410203446636, 0.5597905765256864], [0.1789738311224498, -0.5521116168841446, 0.11272794770873737], [0.5332819803188125, 0.20416515184729753, 0.15327550410326876]]	0.79460214965749	0.3078420933204632	[[-0.17587202526246754, 0.07040938461983423, 0.7204689460590767], [0.26106835672055195, -0.8378093694623838, 0.13049446321320438], [0.6620860303541896, 0.24052273355333686, 0.10546264064263332]]	[[0.06880596166771666, -0.0038836773674883647, -0.03186462350474689], [0.020535509485873453, -0.095795979194027, -0.021006871117361776], [-0.054621168125967914, -0.03386612526442017, -0.10053280116062001]]	0.48410268776167575	[[0.0, 0.0, 0.9138], [0.0, -1.0, 0.0], [0.9138, 0.0, 0.0]]
3	[[-0.42203838922340475, -0.825029846081567, 0.3757783270710803], [0.2588054115689476, 0.28760896992378115, 0.9221175843470338], [-0.8688517462515349, 0.4864224845687207, 0.09214016247897017]]	0.3995541914283525	0.6004458085716476	[[-0.1686272073578818, -0.3296441330553786, 0.15014380562918442], [0.10340678695671285, 0.11491536942543773, 0.3684359458156447], [-0.34715335694464405, 0.19435214251442545, 0.03681498811736195]]	0.5926116245652773	0.6462050127999067	[[-0.08786966593429828, -0.3266870878689416, 0.2795626178360979], [0.1585765326077602, 0.08160669688720774, 0.6176305760119911], [-0.43402944559410483, 0.16728154073546422, -0.027975864722323576]]	[[0.16223518953229643, 0.16223518953229643, 0.05687201295408293], [0.005205437211600938, -0.08883372201887019, 0.0711729763118862], [0.08086219925839543, -0.12097807806988392, -0.08257919609669467]]	0.7080064432264763	[[0.0, -0.5395584064344401, 0.5395584064344402], [0.0, 0.7071067811865476, 0.7071067811865475], [-0.7630508160719999, 0.0, 0.0]]
3	[[0.8592155572171323, 0.2624339665249735, -0.4391776855101157], [-0.4266000482917053, 0.8413623931712975, -0.33184593135155627], [0.2824199444684594, 0.4724804086637203, 0.8348660002631537]]	0.4939841508775668	0.5060158491224332	[[0.4244388674527005, 0.12963822011527085, -0.2169468160610896], [-0.21073366261970697, 0.4156196873710408, -0.16392663062087384], [0.13951097645914146, 0.23339783348003362, 0.4124105722365445]]	0.7373439364061222	0.4619245713716806	[[0.45604136538869433, 0.18289829017514522, -0.2843639915845324], [-0.3514013256770251, 0.7496002091245693, -0.25311724546982634], [0.2365590126028918, 0.30855274932408516, 0.4517985632181879]]	[[-0.1774960157911656, -0.01060580374905123, 0.03946101183122626], [-0.03685036679857739, 0.12922675019956956, -0.008432660166714078], [0.028318379028919552, -0.0398278150747956, -0.16378481978748033]]	0.6895843507061507	[[0.6461541766482671, 0.646154176648267, 0.0], [-0.7071067811865475, 0.7071067811865476, 0.0], [0.0, 0.0, 0.9138]]
