3	[[-0.30792515101507295, 0.09349718223056193, 0.9468053539599837], [0.3027085282091916, -0.9338174967034747, 0.1906631317268273], [0.9019698710720718, 0.34531602882779927, 0.2592434992682147]]	0.6762950634359579	0.32370493656404226	[[-0.20824825953926568, 0.0632316827877012, 0.6403197869178717], [0.2047202832878407, -0.631536163170684, 0.1289445347660931], [0.6099977711740094, 0.23353552562154956, 0.175325098782957]]	0.8324756325839736	0.2787509856434037	[[-0.23776490303255204, 0.07380395452069417, 0.7292426209797057], [0.24660135771969116, -0.8487741338844981, 0.11849017923797167], [0.6672704599081584, 0.25398858518843226, 0.16396094851185788]]	[[0.01857528184723637, -0.004030171401511923, -0.05894976499202483], [-0.005396115789819254, -0.07139382259829043, -0.04023223195676037], [-0.08359747908424997, -0.033478594351375617, -0.05185294753473205]]	0.4734916776111872	[[0.0, 0.0, 0.9585999999999999], [0.0, -1.0, 0.0], [0.9585999999999999, 0.0, 0.0]]
3	[[-0.5446221603179724, 0.8109226453022452, -0.2139887049042392], [-0.8354447797583356, -0.5021691245819775, 0.22328947644507607], [0.07361197229480154, 0.30038414347728, 0.9509735242804028]]	0.5866053537526498	0.41339464624735023	[[-0.3194782750148565, 0.47569156521355815, -0.12552691993942264], [-0.49007638057094305, -0.2945750969690693, 0.1309828023193078], [0.04318117704842229, 0.17620694674617657, 0.5578461606199097]]	0.7703677569072828	0.3364681536466318	[[-0.4825948471799853, 0.5783762725388538, -0.11075724580752978], [-0.6736137337437978, -0.4242077712791997, 0.05185125476438882], [0.13507630496237172, 0.10507837738188366, 0.7325993407781072]]	[[-0.06303549517383045, -0.046332386747957005, 0.05409275279304345], [-0.030014012741470107, -0.03735286918688782, -0.12016375834560598], [0.07836801498410437, -0.1263278814392239, 0.0]]	0.4058070614496485	[[-0.6497702924429838, 0.6497702924429837, 0.0], [-0.7071067811865475, -0.7071067811865476, 0.0], [0.0, 0.0, 0.9189139599999998]]
3	[[-0.3195682178843842, -0.5708200961323295, -0.7563336379995778], [0.910087742671785, 0.03735879733279218, -0.41272826520656647], [0.2638493031197415, -0.8202248094963509, 0.507557688474819]]	0.4472917439037912	0.5527082560962088	[[-0.14294022547373292, -0.2553231162543594, -0.3383017919139298], [0.4070747335251274, 0.016710281609132904, -0.18460994550263157], [0.11801761492022919, -0.3668797854327777, 0.22702636360967898]]	0.6530645407221852	0.5680374505994744	[[-0.26734831403180526, -0.2673483140318052, -0.4449553245530966], [0.6092758306626964, -0.06974719550132542, -0.05730804399702075], [0.24680059860721584, -0.4008073669101153, 0.32760662202447877]]	[[-0.05864964258973264, 0.10543404988384819, 0.04897935537983717], [0.014929796977856763, -0.09414490132339859, 0.21223015096316988], [0.07448997464545329, 0.13485237159256092, -0.003861306689342884]]	0.9192231180749799	[[0.0, 0.0, -0.8808709220559997], [0.7071067811865475, 0.7071067811865476, 0.0], [0.6228698023358442, -0.6228698023358441, 0.0]]
3	[[0.3802729664721569, 0.7767473726770865, -0.5020517802076895], [0.4287143634067757, 0.332951791095048, 0.839849450446521], [0.8195098935212374, -0.5346088512602871, -0.20639019011321075]]	0.5330243957274243	0.4669756042725759	[[0.20269476816529658, 0.4140252989540685, -0.26760584676908145], [0.22851521449456405, 0.17747142725480164, 0.4476602458262663], [0.4368187657868035, -0.28495955989354704, -0.11001100636916239]]	0.6900669316020615	0.46067387866106324	[[0.1970147124178872, 0.45211380972598275, -0.2911918586341688], [0.34019876679605454, 0.20490043219426754, 0.4810002160642346], [0.5637779613410766, -0.2803654789377822, -0.06997969856454674]]	[[-0.06539908672676771, -0.08389386636725729, 0.05525747283910398], [0.04435716150620975, -0.02485858865810277, -0.09855211721307376], [-0.0017387162986557785, 0.088550410658707, 0.07244334663964273]]	0.6951631584086023	[[0.0, 0.6228698023358441, -0.6228698023358442], [0.0, 0.7071067811865476, 0.7071067811865475], [0.8808709220559997, 0.0, 0.0]]
3	[[0.22433838825039393, -0.7661379269479729, -0.6022499185961573], [-0.9416906372873723, -0.011392912655017143, -0.3362869982418849], [0.2507808429735371, 0.642575192824231, -0.724020780340167]]	0.48010812626391675	0.5198918737360833	[[0.1077066832319637, -0.3678290445667128, -0.28914507995979744], [-0.45211332738831395, -0.0054698299474887834, -0.16145412061282843], [0.12040192062291041, 0.3085055718105166, -0.3476082602252564]]	0.6879735768539834	0.5337667678494081	[[0.29232186368195706, -0.3987489382215178, -0.327706062194835], [-0.6753297438976351, -0.028386567663298345, -0.039344040902803024], [0.29088641538159177, 0.2908864153815917, -0.4851755971493025]]	[[0.13798298029167594, 0.12833371174437497, 0.08662596846178366], [-0.02747146787313455, -0.02054854479324119, 0.19201252812715575], [0.11835582183463025, -0.15118833842333254, 0.012931568817934426]]	0.7344350782091329	[[1.7588654636560068e-16, -0.8808709220559997, 0.0], [-1.0, -1.7938038903913487e-16, 0.0], [0.0, 0.0, -0.8808709220559997]]
3	[[-0.8305561570912853, 0.32773595720904825, 0.4502950280316503], [-0.5100865793185324, -0.772219296347621, -0.37879947194723407], [0.22358030216652452, -0.5443036842615101, 0.808545204538665]]	0.5015367379389681	0.4984632620610317	[[-0.4165544257026884, 0.1643716228839313, 0.22583949946913012], [-0.25582715905786346, -0.3872963468637111, -0.18998185149341942], [0.11213373541600753, -0.27298829425267984, 0.4055151243605178]]	0.7311047624195951	0.4731252668330248	[[-0.5026469554114722, 0.13048946888835194, 0.2519458427183266], [-0.5535538120007921, -0.5914511617522593, -0.2865664444847489], [0.2200608740234658, -0.33008711355139103, 0.45213834209087744]]	[[0.1045766064948838, -0.10911985024332788, -0.07726699676947799], [-0.18062708461469235, -0.026877956560205016, -0.009624346542098258], [0.056600250326307604, 0.06785590221473059, -0.13899290757886615]]	0.680726271122006	[[-0.6497702924429838, 0.6497702924429837, 0.0], [-0.7071067811865475, -0.7071067811865476, 0.0], [0.0, 0.0, 0.9189139599999998]]
3	[[0.8489524140446696, -0.5135124485683378, 0.12483895166604869], [0.522794976890395, 0.7815435453534784, -0.34040431673891397], [0.0772347773085365, 0.35425224329800037, 0.9319550081910795]]	0.7350971296374446	0.2649028703625554	[[0.6240624827630161, -0.37748152697568105, 0.09176875503666009], [0.3843050869010035, 0.5745104168760141, -0.25023023615097123], [0.056775063107692425, 0.26040980721598583, 0.6850774514725037]]	0.8615547517253249	0.20895328485812362	[[0.7153112998355047, -0.4267829032091693, 0.05410019853667873], [0.4719012418213327, 0.6268359052157325, -0.26845482485589495], [0.0324536632818306, 0.25812058435604224, 0.7751288924449041]]	[[-0.016107686473365766, 0.015636186924988686, -0.053455393471613676], [0.021484745303281358, -0.046506649963813734, 0.024822131738328916], [-0.034088326106786325, -0.04708711916670586, -0.027801373256334534]]	0.44047106060456814	[[0.6778325604454244, -0.6778325604454243, 0.0], [0.7071067811865475, 0.7071067811865476, 0.0], [0.0, 0.0, 0.9585999999999999]]
3	[[0.8592155572171323, 0.2624339665249735, -0.4391776855101157], [-0.4266000482917053, 0.8413623931712975, -0.33184593135155627], [0.2824199444684594, 0.4724804086637203, 0.8348660002631537]]	0.5630723906096691	0.436927609390331	[[0.4838005578512696, 0.14776932090839467, -0.24728882928260226], [-0.24020670902581073, 0.47374793409203464, -0.1868532818802129], [0.15902287328770542, 0.2660406732225144, 0.47008999460690654]]	0.7816780210072117	0.38670574864830615	[[0.542833484842159, 0.20454941559137316, -0.28272180474877573], [-0.32486419951727113, 0.7529559927859577, -0.2715527932018665], [0.2420459859208503, 0.3374030728096188, 0.528479517039421]]	[[-0.12879643154193757, -0.0005894480069410096, 0.06057373933129911], [0.008599681992969968, 0.0952815023419265, -0.012156122303686914], [0.021284522635778295, -0.03192447799931671, -0.12411688585248738]]	0.658179961128715	[[0.8808709220559997, 0.0, 0.0], [0.0, 0.7071067811865476, -0.7071067811865475], [0.0, 0.6228698023358441, 0.6228698023358442]]
3	[[0.04673222253661188, -0.9725397674033924, -0.22799671093185395], [-0.8377629715199755, -0.16246744520517667, 0.5213036857710898], [-0.5440306084466285, 0.16664552219444034, -0.8223502702654952]]	0.5382738251276104	0.46172617487238965	[[0.025154732181496765, -0.5234927006889405, -0.1227246617098031], [-0.45094587923033047, -0.08745197318930081, 0.28060412899312637], [-0.2928374365950679, 0.0897009226719895, -0.44264962557053233]]	0.7367555964985911	0.40518072407517153	[[-0.010203718272015504, -0.7809774856938423, -0.10720313090692106], [-0.6585749196218003, -0.12964669722661676, 0.2357637254348876], [-0.27671408090976735, 0.007035885090761076, -0.5874768380962112]]	[[-0.044633944762681774, -0.06445336924195509, 0.060774721855393836], [-0.04134836181516855, -0.009947897722874743, -0.14830968253230573], [0.12410351452981988, -0.11574113601742303, 0.018394325804021335]]	0.6431382470016608	[[1.7588654636560068e-16, -0.8808709220559997, 0.0], [-1.0, -1.7938038903913487e-16, 0.0], [0.0, 0.0, -0.8808709220559997]]
3	[[0.034229894132735264, 0.2773841392786001, 0.9601491309293217], [-0.1827544195208179, -0.9427759796974285, 0.2788803941677556], [0.9825625356654255, -0.18501754344446375, 0.018422055382213542]]	0.8348267432521317	0.16517325674786837	[[0.028576031040696635, 0.2315676976237494, 0.8015581720100904], [-0.15256827686349816, -0.7870546007471421, 0.2328168112199382], [0.8202694816911239, -0.15445759323825145, 0.015379224498743734]]	0.905696351994515	0.1432295992305911	[[0.009094118281424509, 0.2294526234583448, 0.8382073066779493], [-0.1658033577606008, -0.8259446003617146, 0.25440354865041725], [0.8703032078964175, -0.15573317057012284, 0.0]]	[[-0.021907771963752282, -0.021773179587421757, -0.03139625857544139], [-0.00028334668972085364, 0.027924165198301633, 0.0018225930098885639], [-0.019600096262238804, 0.011836543582514701, -0.01668478835591173]]	0.35620363249374487	[[0.0, 0.0, 0.9585999999999999], [0.0, -1.0, 0.0], [0.9585999999999999, 0.0, 0.0]]
3	[[0.8787972042104137, -0.3840163418041313, 0.28327887866788265], [-0.395223040501579, -0.9183905790867732, -0.018907472103605397], [0.2674214316928388, -0.09534250611366366, -0.9588511794847616]]	0.6451276787513912	0.35487232124860907	[[0.5669364004454766, -0.24773957119070011, 0.18275104543430812], [-0.2549693227078507, -0.5924791824733957, -0.012197733589255645], [0.17252096747637483, -0.061508089655448156, -0.618581435689038]]	0.8254144997833253	0.3182578004696193	[[0.5934196562398399, -0.2562313231702103, 0.23858942185976378], [-0.3434647744651162, -0.8490262462513857, -0.02101810939716472], [0.2139920731497911, -0.0786970869918983, -0.6915540933604177]]	[[-0.13195229848448348, 0.06074133350866916, 0.004766927924932178], [-0.017241946186660508, -0.09097334580875838, -0.005411607768600096], [-0.006741454122294121, 0.0, 0.09989557332064838]]	0.48646676412394335	[[0.6497702924429838, -0.6497702924429837, 0.0], [-0.7071067811865475, -0.7071067811865476, 0.0], [0.0, 0.0, -0.9189139599999998]]
3	[[0.08740825448676931, -0.06334395238859675, -0.994156597696443], [0.7119981850616444, -0.6940087028176986, 0.10681996481098455], [-0.6967197295301035, -0.717174639895393, -0.015561310176609944]]	0.7508004342017243	0.24919956579827576	[[0.0656261554214812, -0.04755866695741179, -0.7464132052149983], [0.5345685464951222, -0.5210620354153036, 0.08020047596150012], [-0.5230974754481097, -0.5384550310319263, -0.011683438437346452]]	0.8780336075596945	0.19330616781527832	[[0.0432991974558437, -0.03212183296488958, -0.8242835696288713], [0.635896726485431, -0.6379951766992008, 0.07105409554217557], [-0.6055700676188437, -0.5906105894828153, 0.03025622529914215]]	[[-0.0334481875616702, 0.023496286067959546, 0.048619334325808373], [0.010738391479800493, -0.028632211686352927, -0.022737423520212817], [0.006173269958487806, 0.03909284683486158, 0.043919578611866364]]	0.1804107311797955	[[0.0, 0.0, -0.8808709220559997], [0.7071067811865475, -0.7071067811865476, 0.0], [-0.6228698023358442, -0.6228698023358441, 0.0]]
3	[[0.5319609947059123, -0.8460851799387872, 0.03402011756955908], [-0.703274286200726, -0.4190807785627857, 0.5742617690636116], [-0.47161719485230363, -0.3294103357928521, -0.8179645788128509]]	0.49700164428396026	0.5029983557160398	[[0.2643854890637695, -0.42050572563386773, 0.016908054370804525], [-0.3495284766243893, -0.20828383603350667, 0.2854090434740309], [-0.23439452131418378, -0.16371747853317897, -0.4065297406360239]]	0.7002384829653459	0.5163925082110014	[[0.44564177339615696, -0.584622606341164, 0.10817466371264961], [-0.402535268977655, -0.21892661512250727, 0.3045715122088925], [-0.30367029987312916, -0.05356086050619531, -0.46955005837825675]]	[[0.07314221346655257, 0.007838796518634117, 0.08435246819543883], [0.08992445030007779, 0.07452987349823387, -0.09754867778520665], [0.026574209190619945, 0.17710493330249663, 0.10322021740904205]]	0.6719478755743488	[[0.6497702924429838, -0.6497702924429837, 0.0], [-0.7071067811865475, -0.7071067811865476, 0.0], [0.0, 0.0, -0.9189139599999998]]
3	[[-0.42203838922340475, -0.825029846081567, 0.3757783270710803], [0.2588054115689476, 0.28760896992378115, 0.9221175843470338], [-0.8688517462515349, 0.4864224845687207, 0.09214016247897017]]	0.43896397908344026	0.5610360209165598	[[-0.18525965065947148, -0.36215838409856294, 0.16495314970443986], [0.11360625327063263, 0.12624997785783254, 0.40477640400778386], [-0.38139461976816935, 0.21352194934193897, 0.04044621235516344]]	0.6365150490126202	0.6116358886062532	[[-0.11195605798244404, -0.3684661848961844, 0.33121116568611586], [0.1390071687758544, 0.09219402494634213, 0.6407859637862457], [-0.49031285735905217, 0.18066837581426354, -0.03077701859700428]]	[[0.15667772801929877, 0.15667772801929875, 0.09202260541258672], [-0.025726370453685588, -0.09087341264116264, 0.05384424439019445], [0.06272435449094425, -0.1289468557918362, -0.08942561863333681]]	0.674723693861716	[[0.0, -0.6228698023358441, 0.6228698023358442], [0.0, 0.7071067811865476, 0.7071067811865475], [-0.8808709220559997, 0.0, 0.0]]
