3	[[-0.5446221603179724, 0.8109226453022452, -0.2139887049042392], [-0.8354447797583356, -0.5021691245819775, 0.22328947644507607], [0.07361197229480154, 0.30038414347728, 0.9509735242804028]]	0.6434208764487144	0.3565791235512857	[[-0.350421267725182, 0.5217645591724805, -0.1376848000596109], [-0.5375426124166114, -0.3231060982640197, 0.14366911063606538], [0.04736347973103969, 0.19327342886744786, 0.6118762184720197]]	0.79819280859732	0.304128035947152	[[-0.4648650287899752, 0.6036896767607552, -0.12904145778860443], [-0.6631650830684019, -0.423034106671056, 0.04966414326852284], [0.09300793721157087, 0.17546975457186864, 0.7469059958410352]]	[[-0.030151537021432966, -0.04358294704821217, 0.04176278758701342], [0.0036809321148734264, -0.022206322730110035, -0.12856391106539755], [0.03425139029919513, -0.06429470856836178, -0.012154232406031171]]	0.38150029022264603	[[-0.7039989337461477, 0.7039989337461476, 0.0], [-0.7071067811865475, -0.7071067811865476, 0.0], [0.0, 0.0, 0.99560484]]
3	[[0.8787972042104137, -0.3840163418041313, 0.28327887866788265], [-0.395223040501579, -0.9183905790867732, -0.018907472103605397], [0.2674214316928388, -0.09534250611366366, -0.9588511794847616]]	0.720548632967434	0.2794513670325663	[[0.6332161241494164, -0.27670245012412165, 0.20411620877269038], [-0.28477742155064545, -0.6617450762911443, -0.013623753177122767], [0.192690147032469, -0.06869891244388955, -0.6908989065969564]]	0.8537216843261665	0.27286600453699816	[[0.6331962400205047, -0.2773531716141075, 0.2486016883841913], [-0.34419113815083247, -0.8507452436282079, -0.01614171893064001], [0.22154310813590647, -0.08139596490723476, -0.7414229529315243]]	[[-0.11705198933913583, 0.05048990651968829, 0.006760366953818707], [-0.006780658329315774, -0.06669529158096442, 0.0], [-0.006760366953818707, 0.0, 0.07716909103633778]]	0.4690817960227495	[[0.7039989337461477, -0.7039989337461476, 0.0], [-0.7071067811865475, -0.7071067811865476, 0.0], [0.0, 0.0, -0.99560484]]
3	[[0.08740825448676931, -0.06334395238859675, -0.994156597696443], [0.7119981850616444, -0.6940087028176986, 0.10681996481098455], [-0.6967197295301035, -0.717174639895393, -0.015561310176609944]]	0.8361963469490256	0.16380365305097447	[[0.07309046309502726, -0.052967981588657606, -0.8313101152890378], [0.5953702813828833, -0.5803275420469914, 0.08932246435616872], [-0.5825944926803858, -0.5996988140050103, -0.013012310723421933]]	0.9263735571568374	0.11881549850298537	[[0.0784667459260889, -0.02278212876252296, -0.9037409363580771], [0.6277164268580452, -0.6287288250678217, 0.06695145416231196], [-0.656733461255991, -0.6628393423860468, 0.02077211606461011]]	[[-0.002505949707689676, 0.03589803373607476, 0.017219447420915926], [-0.0318598645267226, 0.01418248565921235, -0.03200373661500801], [-0.01131072706983922, 0.0015322798765224097, 0.03518770232693715]]	0.11205073635198423	[[0.0, 0.0, -0.993414509352], [0.7071067811865475, -0.7071067811865476, 0.0], [-0.7024501360919062, -0.7024501360919061, 0.0]]
3	[[0.3802729664721569, 0.7767473726770865, -0.5020517802076895], [0.4287143634067757, 0.332951791095048, 0.839849450446521], [0.8195098935212374, -0.5346088512602871, -0.20639019011321075]]	0.5613035537158179	0.4386964462841824	[[0.21344856746287771, 0.43599106062307336, -0.2818034483799288], [0.24063889570923785, 0.1868870235576969, 0.47141048112190886], [0.45999381553874197, -0.3000778480603302, -0.11584754716262846]]	0.7280176527971031	0.4360780837856993	[[0.23505455356113772, 0.49411082483666086, -0.3241015694678111], [0.33277701553043065, 0.22357777605294402, 0.49004540709028876], [0.6216505480300444, -0.3235165047425403, -0.049391076007769624]]	[[-0.04179087891211339, -0.07137497423602815, 0.04140098914159801], [0.02066539096262554, -0.018817005394664167, -0.12137981852672436], [0.025032878904709382, 0.06568817631652948, 0.1008646257587979]]	0.6697142168474787	[[0.0, 0.7024501360919061, -0.7024501360919062], [0.0, 0.7071067811865476, 0.7071067811865475], [0.993414509352, 0.0, 0.0]]
3	[[0.8489524140446696, -0.5135124485683378, 0.12483895166604869], [0.522794976890395, 0.7815435453534784, -0.34040431673891397], [0.0772347773085365, 0.35425224329800037, 0.9319550081910795]]	0.7724228392501215	0.22757716074987858	[[0.6557502340446285, -0.39664874351343743, 0.09642845749489799], [0.4038187803953806, 0.6036820842995397, -0.26293606882846954], [0.05965790597751061, 0.2736325235789662, 0.7198633334803238]]	0.8944778707233586	0.19353187095023258	[[0.775681663217276, -0.4416046892161031, 0.06021763732666176], [0.4640857571363956, 0.6250128519883819, -0.27702544291252873], [0.03897300069445894, 0.29644573108117306, 0.8217784337570211]]	[[0.016312515557144976, 0.01772083236924181, -0.051448042342921746], [-0.0035427806173923704, -0.074060554336982, 0.027458685509134734], [-0.03011179845827356, -0.020425061202995573, -0.011834697579705792]]	0.42767198132869494	[[0.7055511462679371, -0.705551146267937, 0.0], [0.7071067811865475, 0.7071067811865476, 0.0], [0.0, 0.0, 0.9978]]
3	[[-0.8305561570912853, 0.32773595720904825, 0.4502950280316503], [-0.5100865793185324, -0.772219296347621, -0.37879947194723407], [0.22358030216652452, -0.5443036842615101, 0.808545204538665]]	0.5490680394872328	0.45093196051276707	[[-0.45603184085816223, 0.17994933949424374, 0.24724260823218683], [-0.28007223807517534, -0.4240009350997987, -0.20798668342086685], [0.12276079817853675, -0.29885975680314514, 0.44394633029284847]]	0.7721430372364877	0.42369428117124197	[[-0.5580413625107172, 0.16112993944650125, 0.2546848926146398], [-0.5517676497119635, -0.6041745464156673, -0.2957770189009761], [0.2399814462271259, -0.3474332442930472, 0.503075536483226]]	[[0.08326679122121344, -0.09192909796450086, -0.09300727798220809], [-0.1579078491033811, -0.007910793521191695, -0.003289644128061005], [0.06734547264601394, 0.07284705565164543, -0.12123701349225599]]	0.681966044596361	[[-0.7024501360919062, 0.7024501360919061, 0.0], [-0.7071067811865475, -0.7071067811865476, 0.0], [0.0, 0.0, 0.993414509352]]
3	[[0.22433838825039393, -0.7661379269479729, -0.6022499185961573], [-0.9416906372873723, -0.011392912655017143, -0.3362869982418849], [0.2507808429735371, 0.642575192824231, -0.724020780340167]]	0.530889841010456	0.469110158989544	[[0.1190989712707936, -0.40673484222948963, -0.31972836353207396], [-0.4999339927105281, -0.0060483815880681, -0.17853135103051776], [0.13313700185468924, 0.34113664195571913, -0.3843752769630576]]	0.7264132561397921	0.4916846543631996	[[0.2671719667628215, -0.4073106173174528, -0.42261455549321314], [-0.6833299523098251, 0.012468790605819256, -0.038131526243775436], [0.31691020546289767, 0.36349952525102475, -0.4800964580022042]]	[[0.10420958767669992, 0.14922212884901428, 0.014867768884146237], [0.0007266097984511277, 0.020744753384466488, 0.20615180714658876], [0.13473967674100867, -0.10327561288307976, 0.045841834557569856]]	0.7522327144594932	[[-1.9835851403923738e-16, -0.993414509352, 0.0], [-1.0, 1.7938038903913487e-16, 0.0], [0.0, 0.0, -0.993414509352]]
3	[[-0.42203838922340475, -0.825029846081567, 0.3757783270710803], [0.2588054115689476, 0.28760896992378115, 0.9221175843470338], [-0.8688517462515349, 0.4864224845687207, 0.09214016247897017]]	0.4737701457307303	0.5262298542692698	[[-0.19994918916633514, -0.39087451041026605, 0.1780325527789157], [0.12261427755492194, 0.13626054359425505, 0.4368717823169632], [-0.4116360184399891, 0.2304524514008267, 0.04365325820531486]]	0.6739072823805675	0.5852490976860791	[[-0.13599351457759964, -0.40757239209146945, 0.38202051967962636], [0.12257428500454202, 0.1015388998977346, 0.6607151666922869], [-0.5434537618947934, 0.19169064865467264, -0.03294064264980744]]	[[0.1484212293642172, 0.14842122936421717, 0.12878076850563874], [-0.0518365665712717, -0.09228287941187516, 0.0392934113896435], [0.04207175721318876, -0.13611300600983742, -0.09503456914411414]]	0.6540115443679456	[[0.0, -0.7024501360919061, 0.7024501360919062], [0.0, 0.7071067811865476, 0.7071067811865475], [-0.993414509352, 0.0, 0.0]]
3	[[-0.30792515101507295, 0.09349718223056193, 0.9468053539599837], [0.3027085282091916, -0.9338174967034747, 0.1906631317268273], [0.9019698710720718, 0.34531602882779927, 0.2592434992682147]]	0.7468967470905593	0.2531032529094408	[[-0.22998829364052717, 0.06983274127013994, 0.7071658390006376], [0.226092015036016, -0.6974652506640743, 0.14240567287686612], [0.6736783626774216, 0.257915418649713, 0.1936281263078034]]	0.8648220428334422	0.2423652885734704	[[-0.2677796093884669, 0.08460367805353328, 0.7638272525191576], [0.24305285781409214, -0.8494359842994823, 0.12044083089545309], [0.6987152062877854, 0.27684205401559664, 0.18317593133493362]]	[[-0.0014791512478153366, 0.0037452539177281023, -0.054990887858155854], [-0.01873614993488559, -0.04185002916677221, -0.04444884817756341], [-0.08132822018698022, -0.021794859458392518, -0.041023561293493785]]	0.4665863811415611	[[0.0, 0.0, 0.9978], [0.0, -1.0, 0.0], [0.9978, 0.0, 0.0]]
3	[[0.034229894132735264, 0.2773841392786001, 0.9601491309293217], [-0.1827544195208179, -0.9427759796974285, 0.2788803941677556], [0.9825625356654255, -0.18501754344446375, 0.018422055382213542]]	0.8686396154808416	0.1313603845191586	[[0.029733442077409074, 0.2409468520834474, 0.8340235718947102], [-0.15874772869998766, -0.8189325644889479, 0.2422465583550248], [0.8534927431662958, -0.1607135677948089, 0.01600212710357273]]	0.9363612431813303	0.12211690799771875	[[0.012702668116889282, 0.24561286983490085, 0.8925799592210687], [-0.16290421768336572, -0.828132027764597, 0.25202177182490637], [0.9271471785590398, -0.16742183750798528, 0.0]]	[[-0.019348878107204034, -0.014118887658792417, -0.0064664746553848955], [0.008219937776029676, 0.05464686062638362, -0.009111020756912686], [0.0071137011599617115, 0.005821419482028611, -0.017249698679644793]]	0.33931164377380646	[[0.0, 0.0, 0.9978], [0.0, -1.0, 0.0], [0.9978, 0.0, 0.0]]
3	[[-0.3195682178843842, -0.5708200961323295, -0.7563336379995778], [0.910087742671785, 0.03735879733279218, -0.41272826520656647], [0.2638493031197415, -0.8202248094963509, 0.507557688474819]]	0.48916799025140484	0.5108320097485951	[[-0.15632254289072722, -0.27922691922016535, -0.36997420565978706], [0.4451857920351947, 0.01827472780949155, -0.20189345601104494], [0.12906663333631768, -0.40122772161567144, 0.24828097440787583]]	0.6847312838623247	0.5443502230062787	[[-0.24977868593669666, -0.2798755754395516, -0.4993344617693832], [0.5805822173495647, -0.018360603941972142, -0.07930297935304786], [0.30989276685038103, -0.4875699029604676, 0.30455656442210144]]	[[-0.03096032982312711, 0.11098280183955397, 0.01855084120633053], [-0.04258333111745176, -0.04394134120320734, 0.20330497556811447], [0.1292268947790208, 0.07406368390169953, -0.04298406324145524]]	0.8993793781616252	[[0.0, 0.0, -0.993414509352], [0.7071067811865475, 0.7071067811865476, 0.0], [0.7024501360919062, -0.7024501360919061, 0.0]]
3	[[0.8592155572171323, 0.2624339665249735, -0.4391776855101157], [-0.4266000482917053, 0.8413623931712975, -0.33184593135155627], [0.2824199444684594, 0.4724804086637203, 0.8348660002631537]]	0.6310750361728112	0.3689249638271889	[[0.5422294888510438, 0.16561552491772197, -0.2771540737695878], [-0.26921664090701086, 0.5309628027050195, -0.20941968313148357], [0.17822817667135638, 0.29817059098840193, 0.52686309131552]]	0.8209943498263407	0.3244483039855025	[[0.6050588572065512, 0.22305963742433718, -0.2976852388077269], [-0.32626481386369394, 0.7522300061384484, -0.2719048656659627], [0.25542015217860164, 0.37215118407088177, 0.5855682031794968]]	[[-0.10035226055160537, 0.007602833704818873, 0.06287715956588766], [0.023971415419440197, 0.06147623518844503, 0.000538768986524666], [0.023554973491727603, -0.015752561845673075, -0.09985206589866877]]	0.623677009268126	[[0.993414509352, 0.0, 0.0], [0.0, 0.7071067811865476, -0.7071067811865475], [0.0, 0.7024501360919061, 0.7024501360919062]]
3	[[0.04673222253661188, -0.9725397674033924, -0.22799671093185395], [-0.8377629715199755, -0.16246744520517667, 0.5213036857710898], [-0.5440306084466285, 0.16664552219444034, -0.8223502702654952]]	0.5732409010363434	0.4267590989636566	[[0.026788821354318287, -0.5574995725599965, -0.13069704000789867], [-0.4802400006489952, -0.09313298467848823, 0.29883259454498634], [-0.3118605961772954, 0.09552802929641292, -0.47140480989447303]]	0.7611567792606457	0.3806900839735514	[[-0.006924894931770716, -0.8186827120527891, -0.10680969091611814], [-0.6595289907327315, -0.10926404296543989, 0.22760921612799406], [-0.31220368188434333, 0.04596636085505973, -0.6259374831394059]]	[[-0.04249544292542985, -0.07842747499312533, 0.06673155125879227], [-0.02186002554675884, 0.014399154361637696, -0.16918461835023235], [0.10188890386010194, -0.08087700809666894, 0.0]]	0.6079005825492624	[[1.9835851403923738e-16, -0.993414509352, 0.0], [-1.0, -1.7938038903913487e-16, 0.0], [0.0, 0.0, -0.993414509352]]
3	[[0.5319609947059123, -0.8460851799387872, 0.03402011756955908], [-0.703274286200726, -0.4190807785627857, 0.5742617690636116], [-0.47161719485230363, -0.3294103357928521, -0.8179645788128509]]	0.5322933964609691	0.467706603539031	[[0.28315932465676563, -0.4503655541249071, 0.01810868392910206], [-0.3743482584454481, -0.2230739310126925, 0.30567574751255444], [-0.2510387184773273, -0.1753429464685256, -0.4353971438410584]]	0.7326606911655655	0.471850162771572	[[0.525443400511621, -0.6340435126071184, 0.11372400429726565], [-0.42925881690762585, -0.24497436686061913, 0.27784796427892167], [-0.2922774358554605, -0.06934684222738473, -0.5350486565808181]]	[[0.1356964904572654, -0.014150159888224677, 0.08879880144521868], [0.0860026076991679, 0.06206964601539485, -0.14289106035318447], [0.05325794409059356, 0.17199916207168736, 0.06424183708115606]]	0.6449018519561217	[[0.7039989337461477, -0.7039989337461476, 0.0], [-0.7071067811865475, -0.7071067811865476, 0.0], [0.0, 0.0, -0.99560484]]
