3	[[-0.30792515101507295, 0.09349718223056193, 0.9468053539599837], [0.3027085282091916, -0.9338174967034747, 0.1906631317268273], [0.9019698710720718, 0.34531602882779927, 0.2592434992682147]]	0.6972525066676619	0.3027474933323382	[[-0.21470158341127793, 0.06519114467662249, 0.6601624063749614], [0.21106428008353748, -0.6511065903466188, 0.13294034652563697], [0.6289007535437099, 0.2407724666927056, 0.18075817970205887]]	0.8420939449893734	0.2699771246547617	[[-0.24925964886741603, 0.07626063545877348, 0.736122447327605], [0.24456145690318576, -0.8497525023188786, 0.11816808971119779], [0.6733737885726063, 0.25933748792802697, 0.17299901340864257]]	[[0.010042256312315262, -0.002472775571150769, -0.06117660832561771], [-0.010347561798419384, -0.06339044261974837, -0.04238817904867478], [-0.08616957842003095, -0.03145104905563872, -0.04530836760297811]]	0.4712437462585229	[[0.0, 0.0, 0.97], [0.0, -1.0, 0.0], [0.97, 0.0, 0.0]]
3	[[0.8489524140446696, -0.5135124485683378, 0.12483895166604869], [0.522794976890395, 0.7815435453534784, -0.34040431673891397], [0.0772347773085365, 0.35425224329800037, 0.9319550081910795]]	0.7465228127930067	0.2534771872069933	[[0.6337623440600401, -0.3833487575094597, 0.09319512534386887], [0.39027837666227255, 0.5834400857974975, -0.2541195880188156], [0.05765752320181017, 0.2644573811050558, 0.6957256741113342]]	0.8715756080349756	0.19874305421870625	[[0.7349360361036794, -0.43894510787018787, 0.05201579281519986], [0.47082412070306195, 0.6264300259100127, -0.2697000666872814], [0.03685077644007859, 0.26131298533880243, 0.7932085407708649]]	[[-0.004990180360063849, 0.008619816724290259, -0.056790792389585454], [0.015168770842184955, -0.05474426483725579, 0.026988032652167968], [-0.030465171554055055, -0.047444629011406364, -0.019060712154515925]]	0.43658715015448724	[[0.6858935777509512, -0.6858935777509511, 0.0], [0.7071067811865475, 0.7071067811865476, 0.0], [0.0, 0.0, 0.97]]
3	[[0.8787972042104137, -0.3840163418041313, 0.28327887866788265], [-0.395223040501579, -0.9183905790867732, -0.018907472103605397], [0.2674214316928388, -0.09534250611366366, -0.9588511794847616]]	0.6660260473931062	0.33397395260689394	[[0.5853018283803743, -0.25576488626616556, 0.18867111186912117], [-0.2632288395039522, -0.6116720473522294, -0.012592868911359724], [0.17810963913858693, -0.06350059249543646, -0.6386198611104535]]	0.8337838726465308	0.30474171877509265	[[0.6054435534973882, -0.26228232379654715, 0.2409666996148837], [-0.34225034620270683, -0.8495389297021296, -0.0209948103195837], [0.21622115602392808, -0.07949504397527601, -0.7059020674196003]]	[[-0.12728338270011466, 0.05790430883245531, 0.004773339120209777], [-0.012719748934163583, -0.08379967606906988, -0.0052300650070833425], [-0.006750520921606723, 0.0, 0.09357258230289797]]	0.48067562467942476	[[0.6653167704184226, -0.6653167704184225, 0.0], [-0.7071067811865475, -0.7071067811865476, 0.0], [0.0, 0.0, -0.9409]]
3	[[0.8592155572171323, 0.2624339665249735, -0.4391776855101157], [-0.4266000482917053, 0.8413623931712975, -0.33184593135155627], [0.2824199444684594, 0.4724804086637203, 0.8348660002631537]]	0.5820382320584327	0.41796176794156736	[[0.5000963038797609, 0.1527466019082775, -0.2556182036338221], [-0.2482975379037462, 0.48970507984187384, -0.19314701919964386], [0.16437920517646287, 0.27500166174087765, 0.4859239307988609]]	0.7931705352052287	0.3689468572976325	[[0.5608577670461807, 0.20926516284709726, -0.28703635818155493], [-0.32420133069789464, 0.7528790069005286, -0.27240152238995746], [0.24603244249155296, 0.34760572401341544, 0.544559146074789]]	[[-0.12064669632839092, 0.0011102731624529488, 0.0613064416846972], [0.014165257924213664, 0.08553514720729846, -0.009191107414165966], [0.02202526398487398, -0.027151814600372786, -0.11763196617858518]]	0.6476497992222515	[[0.912673, 0.0, 0.0], [0.0, 0.7071067811865476, -0.7071067811865475], [0.0, 0.6453572673058698, 0.64535726730587]]
3	[[0.04673222253661188, -0.9725397674033924, -0.22799671093185395], [-0.8377629715199755, -0.16246744520517667, 0.5213036857710898], [-0.5440306084466285, 0.16664552219444034, -0.8223502702654952]]	0.5480295729691422	0.4519704270308577	[[0.02561063996063834, -0.53298055342559, -0.12494894013035285], [-0.45911888353145186, -0.08903696461718048, 0.28568983630037026], [-0.2981448620291486, 0.09132667436543884, -0.4506722674446581]]	0.7462538336946648	0.38643491069820596	[[-0.020871011776516464, -0.8023563335177378, -0.11352961848275828], [-0.6548269169785361, -0.12751630165101602, 0.23441424835898964], [-0.2792611905641191, 0.00965146053193871, -0.6107070607444517]]	[[-0.05574511200153518, -0.07659480367243875, 0.056613801119912016], [-0.02964308775432003, -0.006274347816075138, -0.15461062566684497], [0.12672373663641856, -0.11470839927371174, 0.002974981081017911]]	0.6323859359483242	[[1.8223657735965844e-16, -0.912673, 0.0], [-1.0, -1.7938038903913487e-16, 0.0], [0.0, 0.0, -0.912673]]
3	[[0.3802729664721569, 0.7767473726770865, -0.5020517802076895], [0.4287143634067757, 0.332951791095048, 0.839849450446521], [0.8195098935212374, -0.5346088512602871, -0.20639019011321075]]	0.5413783267486939	0.45862167325130626	[[0.2058715422964585, 0.42051419292636527, -0.2717999527100419], [0.23209666471429166, 0.18025288355101785, 0.45467629020354766], [0.44366489490852784, -0.28942564536033555, -0.11173517578083483]]	0.7013736863106642	0.4500834373310698	[[0.2073347677695837, 0.46535171614174686, -0.30069476089104186], [0.33567404630160647, 0.2160264601031631, 0.48976011808685765], [0.581338593452696, -0.29089885178863706, -0.05838899864527962]]	[[-0.05937868452928468, -0.07943845196490469, 0.05143114691205666], [0.0349850728646664, -0.017497164980908878, -0.09928818691880426], [0.006555918465645776, 0.08406172895410005, 0.08636764981278186]]	0.6869882688779065	[[0.0, 0.6453572673058698, -0.64535726730587], [0.0, 0.7071067811865476, 0.7071067811865475], [0.912673, 0.0, 0.0]]
3	[[-0.8305561570912853, 0.32773595720904825, 0.4502950280316503], [-0.5100865793185324, -0.772219296347621, -0.37879947194723407], [0.22358030216652452, -0.5443036842615101, 0.808545204538665]]	0.5150300264293158	0.48496997357068405	[[-0.4277613595377556, 0.16879385870321326, 0.23191546018813036], [-0.26270990442766307, -0.39771612460714295, -0.19509310204839486], [0.11515056893389955, -0.28033274089077953, 0.4164250580628452]]	0.743851322946119	0.4604392734527629	[[-0.518651483267846, 0.14182356130823187, 0.2495988377627166], [-0.553656779552349, -0.595894440948049, -0.28860456097300785], [0.22809858869502203, -0.33482782345705137, 0.4682922146995845]]	[[0.09915881296555121, -0.10196326403873136, -0.08535371455468624], [-0.17422820270919823, -0.021478095755349966, -0.00683407263376648], [0.06178808514375972, 0.07005319216531955, -0.1331452053582418]]	0.680367327051691	[[-0.6653167704184226, 0.6653167704184225, 0.0], [-0.7071067811865475, -0.7071067811865476, 0.0], [0.0, 0.0, 0.9409]]
3	[[0.034229894132735264, 0.2773841392786001, 0.9601491309293217], [-0.1827544195208179, -0.9427759796974285, 0.2788803941677556], [0.9825625356654255, -0.18501754344446375, 0.018422055382213542]]	0.8555300712242381	0.14446992877576206	[[0.029284703765377135, 0.23731047243349473, 0.8214364543698531], [-0.1563519015491896, -0.8065732010590417, 0.23859056348538357], [0.8406117961201097, -0.1582880721207756, 0.015760622353242007]]	0.9149326855653197	0.1304371970576337	[[0.009052137141161013, 0.23454539106379818, 0.8539066057949574], [-0.16515349536529966, -0.8265120222887429, 0.25368353333389854], [0.8868085957087553, -0.15886247875717477, 0.0]]	[[-0.022265911824319043, -0.01924242441959613, -0.024565217109414752], [0.002054496485813361, 0.036064536702300656, -0.0014732546535210591], [-0.01216998378348279, 0.010416119143166676, -0.016854940604481686]]	0.3511752427839611	[[0.0, 0.0, 0.97], [0.0, -1.0, 0.0], [0.97, 0.0, 0.0]]
3	[[-0.42203838922340475, -0.825029846081567, 0.3757783270710803], [0.2588054115689476, 0.28760896992378115, 0.9221175843470338], [-0.8688517462515349, 0.4864224845687207, 0.09214016247897017]]	0.44912286817691494	0.5508771318230851	[[-0.18954709184878074, -0.37053977080371203, 0.16877064005288644], [0.11623542874355264, 0.12917176548557663, 0.4141440942783082], [-0.3902211882970105, 0.21846346141524506, 0.04138225404684205]]	0.6474916356643717	0.6035362615789829	[[-0.11865459290121172, -0.3795881904610713, 0.3454293069078334], [0.13415980661545476, 0.09490766235352449, 0.6466163778555724], [-0.5053814453494647, 0.18394725351959768, -0.03143732171724382]]	[[0.1546117340502074, 0.1546117340502074, 0.10211598326535841], [-0.03341453264011407, -0.09131674001416967, 0.04955295489183213], [0.05719279298078728, -0.131007236637731, -0.09109730623113317]]	0.6676898498380353	[[0.0, -0.6453572673058698, 0.64535726730587], [0.0, 0.7071067811865476, 0.7071067811865475], [-0.912673, 0.0, 0.0]]
3	[[-0.5446221603179724, 0.8109226453022452, -0.2139887049042392], [-0.8354447797583356, -0.5021691245819775, 0.22328947644507607], [0.07361197229480154, 0.30038414347728, 0.9509735242804028]]	0.6026282101099644	0.3973717898900355	[[-0.3282046776586417, 0.4886848622761296, -0.12895563022019102], [-0.5034625922714793, -0.30262128071932465, 0.13456053752648725], [0.04436065110668051, 0.18101995872912796, 0.5730834727990639]]	0.7786663470793197	0.3260369314273271	[[-0.47501106905741025, 0.5823483474528757, -0.11142164073400584], [-0.6739785042925537, -0.39494792377769655, 0.04230791774625711], [0.1395811505180832, 0.13233632732090916, 0.7404910803205681]]	[[-0.050932120944167, -0.04908982652852246, 0.055204162430012645], [-0.02344576945164373, -0.003925725923428401, -0.13156008321848406], [0.082261984949986, -0.10156269640109472, 0.0]]	0.3980309600947707	[[-0.6653167704184226, 0.6653167704184225, 0.0], [-0.7071067811865475, -0.7071067811865476, 0.0], [0.0, 0.0, 0.9409]]
3	[[0.22433838825039393, -0.7661379269479729, -0.6022499185961573], [-0.9416906372873723, -0.011392912655017143, -0.3362869982418849], [0.2507808429735371, 0.642575192824231, -0.724020780340167]]	0.49641534817611926	0.5035846518238808	[[0.11136501911258873, -0.38032262575680825, -0.29896610302895094], [-0.4674696855832026, -0.005655616702380443, -0.16693802731934726], [0.1244914594806091, 0.3189841880751776, -0.35941502775930956]]	0.6991884182975667	0.5243445408785992	[[0.285929650730269, -0.40148336771111465, -0.35359640872328185], [-0.6777649908106881, -0.003403180846570021, -0.038910900020521604], [0.31051204075317856, 0.3106547783715279, -0.48440637907376466]]	[[0.12907484788605067, 0.1341913976294154, 0.06748975927980372], [-0.01934580360010265, 0.00456261173249379, 0.1962170743742585], [0.13516897981518067, -0.1386263543365001, 0.021820565146846816]]	0.7378705462707376	[[-1.8223657735965844e-16, -0.912673, 0.0], [-1.0, 1.7938038903913487e-16, 0.0], [0.0, 0.0, -0.912673]]
3	[[0.5319609947059123, -0.8460851799387872, 0.03402011756955908], [-0.703274286200726, -0.4190807785627857, 0.5742617690636116], [-0.47161719485230363, -0.3294103357928521, -0.8179645788128509]]	0.5073589450314838	0.49264105496851623	[[0.2698951690718904, -0.42926888430051624, 0.01726041095993853], [-0.3568124999145701, -0.21262438169458783, 0.29135684532402756], [-0.2392792024389725, -0.16712928045032827, -0.41500164577961]]	0.7100955990760053	0.5033811603673207	[[0.4659159394943997, -0.598745162807505, 0.11038505945102153], [-0.4078188397689531, -0.22318681237300225, 0.2992879414175944], [-0.3040961028659243, -0.058123606888523145, -0.484533819893213]]	[[0.08817277827363722, 0.002056199910457757, 0.08622752368482939], [0.09157313580550137, 0.07440060414177775, -0.10849281351207747], [0.03079719164726732, 0.17578922284813026, 0.0962992277218507]]	0.6639735844815118	[[0.6653167704184226, -0.6653167704184225, 0.0], [-0.7071067811865475, -0.7071067811865476, 0.0], [0.0, 0.0, -0.9409]]
3	[[0.08740825448676931, -0.06334395238859675, -0.994156597696443], [0.7119981850616444, -0.6940087028176986, 0.10681996481098455], [-0.6967197295301035, -0.717174639895393, -0.015561310176609944]]	0.790137774120916	0.20986222587908407	[[0.06906456363997049, -0.05005044954434712, -0.7855206812314905], [0.5625766611227397, -0.5483624916649207, 0.0844024892274259], [-0.5505045762770426, -0.5666667736229152, -0.01229557898535174]]	0.8933031050153223	0.16776320847752227	[[0.04972823914712016, -0.030660280913822006, -0.8505071302958203], [0.635188360707983, -0.6382679087521876, 0.06868337490171217], [-0.6230794518269331, -0.6117444476402853, 0.027587386938059205]]	[[-0.028353825989880326, 0.02592506843885422, 0.03757604529788104], [-0.000841828772857955, -0.018307779617481545, -0.026739231341567794], [-0.0006975541122562202, 0.028909885016514716, 0.041488353636931416]]	0.15839052259302075	[[0.0, 0.0, -0.912673], [0.7071067811865475, -0.7071067811865476, 0.0], [-0.64535726730587, -0.6453572673058698, 0.0]]
3	[[-0.3195682178843842, -0.5708200961323295, -0.7563336379995778], [0.910087742671785, 0.03735879733279218, -0.41272826520656647], [0.2638493031197415, -0.8202248094963509, 0.507557688474819]]	0.45916784075944456	0.5408321592405554	[[-0.1467354485813164, -0.26210223100318036, -0.3472840834540014], [0.4178830237042406, 0.017153958304667906, -0.1895115463552905], [0.12115111479937588, -0.37662085471376616, 0.23305416787783745]]	0.6626321923539209	0.5590882690351162	[[-0.2660684283238504, -0.2700733845241261, -0.46084932627067227], [0.6009227789649616, -0.05531714988999161, -0.06293145113698678], [0.2662541407161345, -0.4239187893481499, 0.32284669975161157]]	[[-0.05431223950048545, 0.1081703872157152, 0.04032169042800472], [-0.00213065719607421, -0.08007229167032553, 0.2105555840832708], [0.09141909853884604, 0.11958857439149422, -0.013477364108546157]]	0.9129673385272685	[[0.0, 0.0, -0.912673], [0.7071067811865475, 0.7071067811865476, 0.0], [0.64535726730587, -0.6453572673058698, 0.0]]
