3	[[-0.30792515101507295, 0.09349718223056193, 0.9468053539599837], [0.3027085282091916, -0.9338174967034747, 0.1906631317268273], [0.9019698710720718, 0.34531602882779927, 0.2592434992682147]]	0.6822103485014854	0.3177896514985147	[[-0.21006972458636544, 0.06378474527341853, 0.645920410488113], [0.20651089052396435, -0.6370599598628622, 0.13007236154174348], [0.615333180081918, 0.23557816836976192, 0.1768585979825134]]	0.8351753067882659	0.27621484603935154	[[-0.24092401161207427, 0.07450751794222989, 0.7312337941954895], [0.24602791526547213, -0.8490366962967455, 0.11842973995557318], [0.6690505429084111, 0.25549319098237677, 0.16641649366984443]]	[[0.0162474708547624, -0.0035790199110180467, -0.05951465776681245], [-0.006786772649063903, -0.0691353820031707, -0.04080739957759135], [-0.08425242087797916, -0.032906229332786086, -0.05009727536435035]]	0.47284142579082317	[[0.0, 0.0, 0.9618], [0.0, -1.0, 0.0], [0.9618, 0.0, 0.0]]
3	[[0.22433838825039393, -0.7661379269479729, -0.6022499185961573], [-0.9416906372873723, -0.011392912655017143, -0.3362869982418849], [0.2507808429735371, 0.642575192824231, -0.724020780340167]]	0.4846606281541874	0.5153393718458126	[[0.10872798416853394, -0.3713168889273515, -0.291886823852622], [-0.456400375794615, -0.0055216962038864194, -0.16298506780799804], [0.12154360088459111, 0.31143089659048995, -0.35090436619635035]]	0.6911248305346421	0.5309998308054058	[[0.2906014281203904, -0.3995366534890284, -0.334837169671847], [-0.6760224892865999, -0.021361250223786408, -0.03921568947523687], [0.29632839971252395, 0.2963283997125239, -0.4850166454909035]]	[[0.13555559755842217, 0.12996029143905136, 0.08139270325742422], [-0.025196707175305623, -0.013487325395791679, 0.19320060519568938], [0.12300753211110343, -0.1477712715338877, 0.015372093625253727]]	0.7352646670808825	[[1.7765386715283603e-16, -0.889721977032, 0.0], [-1.0, -1.7938038903913487e-16, 0.0], [0.0, 0.0, -0.889721977032]]
3	[[-0.42203838922340475, -0.825029846081567, 0.3757783270710803], [0.2588054115689476, 0.28760896992378115, 0.9221175843470338], [-0.8688517462515349, 0.4864224845687207, 0.09214016247897017]]	0.4418105786955393	0.5581894213044607	[[-0.1864610249745257, -0.36450691373838884, 0.16602284014451563], [0.11434296865481394, 0.12706868544005373, 0.40740130356569587], [-0.3838678928120206, 0.21490659939782855, 0.04070849850593482]]	0.6396044882161023	0.6093298901447924	[[-0.11381253915600181, -0.371567683675228, 0.3351569463684132], [0.13764093124825053, 0.0929552269506263, 0.6424253090975028], [-0.4945112977502516, 0.18159447827825864, -0.03096475984281209]]	[[0.15612510879078223, 0.1561251087907822, 0.09480744179941182], [-0.027892171565863932, -0.09100076106383406, 0.052634763486149684], [0.06121017874662818, -0.12952352602112288, -0.08989802130932231]]	0.6726777674495521	[[0.0, -0.6291284433300288, 0.6291284433300289], [0.0, 0.7071067811865476, 0.7071067811865475], [-0.889721977032, 0.0, 0.0]]
3	[[0.8489524140446696, -0.5135124485683378, 0.12483895166604869], [0.522794976890395, 0.7815435453534784, -0.34040431673891397], [0.0772347773085365, 0.35425224329800037, 0.9319550081910795]]	0.7385034160565154	0.2614965839434848	[[0.6269542578414136, -0.37923069745526305, 0.09219399226229118], [0.38608587633074365, 0.5771725780404638, -0.25138975075207204], [0.057038146880718454, 0.2616164918212571, 0.6882519571600899]]	0.8643612338761377	0.2047323146467611	[[0.7207948506262829, -0.4301591250121111, 0.05353047335715426], [0.4715886253418462, 0.6267384256787351, -0.26880781868165965], [0.033653731442251984, 0.25904096579400787, 0.7801936295652729]]	[[-0.013006705479493388, 0.013701128643174059, -0.05437547694071508], [0.019704914052617574, -0.048797517510928756, 0.025424476551551542], [-0.033105015970303374, -0.047160940326441435, -0.02535215123181444]]	0.43936785921589466	[[0.6800953021452214, -0.6800953021452213, 0.0], [0.7071067811865475, 0.7071067811865476, 0.0], [0.0, 0.0, 0.9618]]
3	[[0.3802729664721569, 0.7767473726770865, -0.5020517802076895], [0.4287143634067757, 0.332951791095048, 0.839849450446521], [0.8195098935212374, -0.5346088512602871, -0.20639019011321075]]	0.5353740091461657	0.4646259908538346	[[0.2035882626301041, 0.4158503550038827, -0.26878547436876027], [0.22952252751563174, 0.17825373525095253, 0.449633567364758], [0.43874429722941216, -0.2862156840242461, -0.110495943529349]]	0.6932881960584799	0.4582801113951647	[[0.20201774560535798, 0.4568948998662351, -0.29368566127741086], [0.340441851909986, 0.20796790882563115, 0.4839914079711969], [0.5660218515419697, -0.28107363297104354, -0.06742869058711255]]	[[-0.06162101332993054, -0.08161488493022591, 0.05438091175072655], [0.043219244279342914, -0.02286363779709443, -0.09826630248957736], [-0.0021346841894458457, 0.08956437311609715, 0.07565919200064203]]	0.692814216007472	[[0.0, 0.6291284433300288, -0.6291284433300289], [0.0, 0.7071067811865476, 0.7071067811865475], [0.889721977032, 0.0, 0.0]]
3	[[0.5319609947059123, -0.8460851799387872, 0.03402011756955908], [-0.703274286200726, -0.4190807785627857, 0.5742617690636116], [-0.47161719485230363, -0.3294103357928521, -0.8179645788128509]]	0.49991563902696756	0.5000843609730325	[[0.2659356206058274, -0.4229712134003456, 0.017007188814558705], [-0.35157781419727036, -0.2095050352191341, 0.28708243925019217], [-0.23576881134069524, -0.16467737851997163, -0.4089132851186507]]	0.7030659833392878	0.5134581899663491	[[0.45015328402055754, -0.588521565455193, 0.1091947029701411], [-0.4027824843910521, -0.21841611416604406, 0.30432429679549533], [-0.30536251709645235, -0.05484010844466675, -0.47209255407466005]]	[[0.07614960417949962, 0.0063321435672687824, 0.08527631555778088], [0.09166574319389706, 0.07622532551279514, -0.09941961856537179], [0.02621548976209905, 0.17675709321165983, 0.10299051686510331]]	0.6697008961225394	[[0.654115661603274, -0.6541156616032738, 0.0], [-0.7071067811865475, -0.7071067811865476, 0.0], [0.0, 0.0, -0.92505924]]
3	[[-0.5446221603179724, 0.8109226453022452, -0.2139887049042392], [-0.8354447797583356, -0.5021691245819775, 0.22328947644507607], [0.07361197229480154, 0.30038414347728, 0.9509735242804028]]	0.5910635933510664	0.40893640664893366	[[-0.3219063310961614, 0.47930685266209744, -0.1264809328572406], [-0.4938009935703522, -0.2968138872453829, 0.13197828030510497], [0.04350935685822456, 0.1775461312293634, 0.5620858284429024]]	0.7727508618949875	0.3306308988600518	[[-0.48106883946467616, 0.5798895054821398, -0.11135229616464234], [-0.673596719981853, -0.4742996193940363, 0.04977862055767317], [0.08550752537658765, 0.1116760498229718, 0.7348656105269953]]	[[-0.0602115956718528, -0.04675166760533351, 0.054007659985900645], [-0.028006046357931122, -0.08624799555626175, -0.12276851481733989], [0.028623810339989834, -0.1204460559486839, 0.0]]	0.4035726630487781	[[-0.654115661603274, 0.6541156616032738, 0.0], [-0.7071067811865475, -0.7071067811865476, 0.0], [0.0, 0.0, 0.92505924]]
3	[[0.8787972042104137, -0.3840163418041313, 0.28327887866788265], [-0.395223040501579, -0.9183905790867732, -0.018907472103605397], [0.2674214316928388, -0.09534250611366366, -0.9588511794847616]]	0.6509137631889383	0.3490862368110617	[[0.5720211952725183, -0.24996152216977674, 0.18439012094565418], [-0.257256116591857, -0.5977930679106398, -0.01230713381934765], [0.1740682904605593, -0.06205974944630918, -0.6241294295765784]]	0.8277750726923941	0.31447297573780814	[[0.5967849747697798, -0.2579220083565393, 0.2392601670347455], [-0.3431213218249642, -0.8491713689947209, -0.02101120474214762], [0.21462044925427495, -0.07892214992891296, -0.695568861573837]]	[[-0.13066144482736824, 0.059957146895442855, 0.004768972653219052], [-0.015965540744060584, -0.0889505406311572, -0.005360070647156251], [-0.006744345804768786, 0.0, 0.09814424322534948]]	0.4847864980060772	[[0.654115661603274, -0.6541156616032738, 0.0], [-0.7071067811865475, -0.7071067811865476, 0.0], [0.0, 0.0, -0.92505924]]
3	[[0.8592155572171323, 0.2624339665249735, -0.4391776855101157], [-0.4266000482917053, 0.8413623931712975, -0.33184593135155627], [0.2824199444684594, 0.4724804086637203, 0.8348660002631537]]	0.5683334289890072	0.4316665710109928	[[0.48832092387391335, 0.14914999607832452, -0.24959935994141993], [-0.2424510682525009, 0.4781743739334408, -0.18859913606108064], [0.16050869545464452, 0.2685264107859796, 0.47448225667589555]]	0.7849064509035824	0.3817449007331103	[[0.5478732725825508, 0.20587788327124265, -0.2839206442951022], [-0.3246502340001942, 0.7529418394541554, -0.2718009278845336], [0.2431623570663094, 0.34022646872340906, 0.5329825536314157]]	[[-0.12653056099389248, -0.00010822999042382764, 0.0607927541546923], [0.01019089585974494, 0.09255106950632774, -0.011332915660589724], [0.021489120789184128, -0.03062645196230579, -0.12230915561520558]]	0.6551899242321229	[[0.889721977032, 0.0, 0.0], [0.0, 0.7071067811865476, -0.7071067811865475], [0.0, 0.6291284433300288, 0.6291284433300289]]
3	[[0.034229894132735264, 0.2773841392786001, 0.9601491309293217], [-0.1827544195208179, -0.9427759796974285, 0.2788803941677556], [0.9825625356654255, -0.18501754344446375, 0.018422055382213542]]	0.8406026622375552	0.15939733776244477	[[0.028773740136086936, 0.23316984594006404, 0.8071039156042628], [-0.1536238515848786, -0.7924999984272779, 0.23442760178327418], [0.8259446832952396, -0.1555262395800688, 0.015485628798176389]]	0.9083116269376733	0.1391888201175333	[[0.009082691246109725, 0.23087579828434063, 0.8426053405645296], [-0.1656188067172757, -0.8261062182908936, 0.25419791949719583], [0.8749261472511004, -0.15660864233176855, 0.0]]	[[-0.022008719583499363, -0.02107544055051081, -0.029509278652675688], [0.0003791574077284775, 0.03022816566583692, 0.0008876149496621147], [-0.017546828087167843, 0.011444943566284005, -0.0167329670957543]]	0.3547824937414635	[[0.0, 0.0, 0.9618], [0.0, -1.0, 0.0], [0.9618, 0.0, 0.0]]
3	[[0.08740825448676931, -0.06334395238859675, -0.994156597696443], [0.7119981850616444, -0.6940087028176986, 0.10681996481098455], [-0.6967197295301035, -0.717174639895393, -0.015561310176609944]]	0.7615559002502943	0.2384440997497057	[[0.06656627193497844, -0.04823996068670958, -0.7571058227484844], [0.5422264188011963, -0.5285264224558713, 0.0813493744663341], [-0.5305910208444395, -0.5461685785222167, -0.01185080758062225]]	0.8824026867102499	0.18600478023551223	[[0.04487085262151236, -0.03172135480973614, -0.8318069303511203], [0.6358682269287215, -0.6381911271975569, 0.07030440487244073], [-0.6106067061836324, -0.5965759552822845, 0.029559398070425263]]	[[-0.03225842597826614, 0.024173518964807777, 0.04543952246694199], [0.007599115497504701, -0.025795983230924444, -0.02395381907106638], [0.0041806550377695645, 0.03626087380186613, 0.04329073997899743]]	0.17409828146343573	[[0.0, 0.0, -0.889721977032], [0.7071067811865475, -0.7071067811865476, 0.0], [-0.6291284433300289, -0.6291284433300288, 0.0]]
3	[[-0.3195682178843842, -0.5708200961323295, -0.7563336379995778], [0.910087742671785, 0.03735879733279218, -0.41272826520656647], [0.2638493031197415, -0.8202248094963509, 0.507557688474819]]	0.45060148017610285	0.5493985198238972	[[-0.14399791199594286, -0.257212380231493, -0.34080505678958656], [0.4100868839380346, 0.01683392937575527, -0.185975967212594], [0.11889088652918872, -0.36959451323621767, 0.22870624570151477]]	0.6559204241235912	0.5547067676222575	[[-0.2683046553397867, -0.26830465533978665, -0.4495124770768514], [0.6076799645295489, 0.03681741876343414, -0.05824288073408661], [0.3440323891724424, -0.4063155446550671, 0.32762011143459463]]	[[-0.05869333432864124, 0.10610790421360007, 0.046582203538770316], [0.01073482636658983, 0.012313020572161788, 0.21247401802799848], [0.1709682423654277, 0.13168666026647113, -0.005297342856998162]]	0.9174326103066696	[[0.0, 0.0, -0.889721977032], [0.7071067811865475, 0.7071067811865476, 0.0], [0.6291284433300289, -0.6291284433300288, 0.0]]
3	[[-0.8305561570912853, 0.32773595720904825, 0.4502950280316503], [-0.5100865793185324, -0.772219296347621, -0.37879947194723407], [0.22358030216652452, -0.5443036842615101, 0.808545204538665]]	0.5052974366659788	0.4947025633340211	[[-0.41967789718537246, 0.165604139081003, 0.227532923407828], [-0.2577454410073719, -0.39020043098845886, -0.19140640218536376], [0.11297455357374983, -0.2750352564251894, 0.40855581928195694]]	0.7346891662353972	0.4695334264472129	[[-0.5071005580700739, 0.13363137392795796, 0.25133499373172435], [-0.553566197916431, -0.5927184595745134, -0.28713295888358176], [0.22229618119979103, -0.3314200649667362, 0.4566339664561869]]	[[0.10310005249499807, -0.10715268321931747, -0.07949188497279355], [-0.17881111424903273, -0.025377308589994735, -0.008833090668259628], [0.058034155414408976, 0.06847395500220743, -0.13739543572995352]]	0.6805659641005771	[[-0.654115661603274, 0.6541156616032738, 0.0], [-0.7071067811865475, -0.7071067811865476, 0.0], [0.0, 0.0, 0.92505924]]
3	[[0.04673222253661188, -0.9725397674033924, -0.22799671093185395], [-0.8377629715199755, -0.16246744520517667, 0.5213036857710898], [-0.5440306084466285, 0.16664552219444034, -0.8223502702654952]]	0.5409818165281782	0.4590181834718219	[[0.02528128263825531, -0.526126330015779, -0.12334207484236431], [-0.4532145341529207, -0.08789193363378875, 0.2820158148912787], [-0.29431066680438706, 0.09015219731303516, -0.44487654303066576]]	0.7394533892331832	0.39989496475334935	[[-0.013163193377687997, -0.7869678375979492, -0.10896252416826128], [-0.6575158460023429, -0.12905082699683307, 0.23538261924388282], [-0.2774450852489685, 0.007756859917695733, -0.5939649779635228]]	[[-0.04771949371878487, -0.06782001042745907, 0.05963041646431646], [-0.03802917733783457, -0.008913723999808859, -0.1500971580192998], [0.12484019201348175, -0.1154697362695168, 0.014124716521121697]]	0.6400852970310702	[[1.7765386715283603e-16, -0.889721977032, 0.0], [-1.0, -1.7938038903913487e-16, 0.0], [0.0, 0.0, -0.889721977032]]
