3	[[-0.30792515101507295, 0.09349718223056193, 0.9468053539599837], [0.3027085282091916, -0.9338174967034747, 0.1906631317268273], [0.9019698710720718, 0.34531602882779927, 0.2592434992682147]]	0.7232400182961848	0.27675998170381527	[[-0.22270379185399677, 0.0676209037870733, 0.6847675215209443], [0.21893092148042692, -0.6753741834011187, 0.13789520687851844], [0.6523407060567726, 0.24974637100738337, 0.1874952731539106]]	0.8540140142745403	0.25691541612276386	[[-0.26103464131666976, 0.08061918599984264, 0.7481621988472937], [0.24318035212881856, -0.849764822248186, 0.11951945154514342], [0.6844745731092534, 0.26776827604057535, 0.18041545531682715]]	[[0.0019377529978066544, 0.0007712820797622279, -0.06042284222469895], [-0.015336973202251077, -0.05227159328864924, -0.04330953495503985], [-0.08582033723969616, -0.02713645193199644, -0.04098212616779977]]	0.46868210180120456	[[0.0, 0.0, 0.9843999999999999], [0.0, -1.0, 0.0], [0.9843999999999999, 0.0, 0.0]]
3	[[0.8489524140446696, -0.5135124485683378, 0.12483895166604869], [0.522794976890395, 0.7815435453534784, -0.34040431673891397], [0.0772347773085365, 0.35425224329800037, 0.9319550081910795]]	0.7597216883803408	0.2402783116196592	[[0.6449675613525825, -0.3901265444306606, 0.09484285913536226], [0.39717868251993216, 0.5937555818187021, -0.2586125422448441], [0.058676935418520995, 0.2691331123908801, 0.7080264323174412]]	0.8836985871455981	0.194842632282155	[[0.7567824350047594, -0.4437182048896247, 0.054444039234099136], [0.4677788922086168, 0.6258088026534668, -0.2730026142798495], [0.03905452918733564, 0.27581387929545653, 0.809827614100773]]	[[0.006564386159640104, 0.01007202039189194, -0.05587596597392573], [0.005785709763759096, -0.06484012416816383, 0.027812199480591476], [-0.029197734398722974, -0.037238327600145116, -0.013739709920948369]]	0.43186847159575464	[[0.6960759154000374, -0.6960759154000373, 0.0], [0.7071067811865475, 0.7071067811865476, 0.0], [0.0, 0.0, 0.9843999999999999]]
3	[[-0.5446221603179724, 0.8109226453022452, -0.2139887049042392], [-0.8354447797583356, -0.5021691245819775, 0.22328947644507607], [0.07361197229480154, 0.30038414347728, 0.9509735242804028]]	0.6234429690220035	0.3765570309779966	[[-0.3395408566238142, 0.5055640216344087, -0.1334097535226723], [-0.5208521739464707, -0.31307380998056833, 0.13920825414628693], [0.04589286656303653, 0.1872723822566069, 0.5928777574386926]]	0.7888703114142248	0.32647908097242834	[[-0.46932723807236665, 0.592451607794114, -0.11922802786841709], [-0.6690749403262495, -0.38199239045126876, 0.04407818249172475], [0.1401243071184065, 0.1560862408149487, 0.7448059781833264]]	[[-0.039690984859239886, -0.04726119193831517, 0.049581308408516794], [-0.010017356748902785, 0.014153923240324493, -0.13206825632702163], [0.08205400761039117, -0.08087789199386836, -0.005388802062437842]]	0.3889980043211449	[[-0.6852171311197968, 0.6852171311197967, 0.0], [-0.7071067811865475, -0.7071067811865476, 0.0], [0.0, 0.0, 0.9690433599999999]]
3	[[0.8592155572171323, 0.2624339665249735, -0.4391776855101157], [-0.4266000482917053, 0.8413623931712975, -0.33184593135155627], [0.2824199444684594, 0.4724804086637203, 0.8348660002631537]]	0.6069303837372848	0.39306961626271514	[[0.5214840278548392, 0.15927914800869994, -0.26655028119550717], [-0.2589165310120289, 0.5106484001495761, -0.20140737845685674], [0.17140924527130472, 0.28676271573862094, 0.5067055419089279]]	0.8076352092477314	0.3461314364799848	[[0.5837815630142277, 0.21561829019095924, -0.292622523528511], [-0.32427060247175854, 0.7526419858899047, -0.27290446995450895], [0.2510409584789592, 0.3607175250844931, 0.5652610570809184]]	[[-0.11015117332773693, 0.0036673787228501194, 0.06207283840538566], [0.02026661679540511, 0.07312809342783186, -0.004894011749386536], [0.02294866753244229, -0.020874288632084282, -0.10900611973543037]]	0.634890813886834	[[0.9539262835839998, 0.0, 0.0], [0.0, 0.7071067811865476, -0.7071067811865475], [0.0, 0.6745277438743278, 0.6745277438743279]]
3	[[0.08740825448676931, -0.06334395238859675, -0.994156597696443], [0.7119981850616444, -0.6940087028176986, 0.10681996481098455], [-0.6967197295301035, -0.717174639895393, -0.015561310176609944]]	0.8273086777588585	0.17269132224114142	[[0.07231360744465895, -0.05240500149463005, -0.8224743803254898], [0.5890422770500563, -0.574159422281251, 0.08837308384602342], [-0.5764022782060595, -0.5933248030540431, -0.012874006946406644]]	0.911762046565289	0.1364049685861266	[[0.059651270377801824, -0.02865863940941909, -0.8827298111557513], [0.6330882454446939, -0.6373948643493292, 0.06646348468551772], [-0.6444489536897325, -0.6386621426884509, 0.02422484737081297]]	[[-0.020044258619754587, 0.02909597225794212, 0.023704442966342325], [-0.016084676917882432, -0.004624069134142879, -0.030930905044577725], [-0.009206347210950643, 0.015230474727296672, 0.038413059384676124]]	0.13284488215065435	[[0.0, 0.0, -0.9539262835839998], [0.7071067811865475, -0.7071067811865476, 0.0], [-0.6745277438743279, -0.6745277438743278, 0.0]]
3	[[-0.3195682178843842, -0.5708200961323295, -0.7563336379995778], [0.910087742671785, 0.03735879733279218, -0.41272826520656647], [0.2638493031197415, -0.8202248094963509, 0.507557688474819]]	0.47451745645657245	0.5254825435434275	[[-0.15164069791485774, -0.2708641001110092, -0.35889351413610565], [0.43185252080491904, 0.01772740148663312, -0.1958467666135536], [0.12520110020421887, -0.3892109903247851, 0.24084498334004847]]	0.6741467447544002	0.549793684283183	[[-0.25810232309639874, -0.275059575234566, -0.48045167269739814], [0.5902455732039629, -0.03609035584205526, -0.07145805780446536], [0.28856603425119814, -0.45609679782278145, 0.3138033384275526]]	[[-0.042666449282676246, 0.10975693441343784, 0.02942818730827017], [-0.023287115959101407, -0.06127566745189653, 0.20678135865267216], [0.11069288544730739, 0.09685508746598154, -0.02836502503281454]]	0.9056020662801524	[[0.0, 0.0, -0.9539262835839998], [0.7071067811865475, 0.7071067811865476, 0.0], [0.6745277438743279, -0.6745277438743278, 0.0]]
3	[[-0.42203838922340475, -0.825029846081567, 0.3757783270710803], [0.2588054115689476, 0.28760896992378115, 0.9221175843470338], [-0.8688517462515349, 0.4864224845687207, 0.09214016247897017]]	0.46201286881546827	0.5379871311845318	[[-0.19498716695536444, -0.3811744060465291, 0.17361442292878715], [0.11957143066393738, 0.13287904529154781, 0.42603019052936264], [-0.4014206878610009, 0.22473344755194247, 0.042569940800032374]]	0.6612377449134703	0.5937895083835345	[[-0.127456237503608, -0.3939293996558933, 0.3640383561117301], [0.12811658140067442, 0.09834107875112329, 0.6539411337417708], [-0.5248644018982039, 0.18800483271074925, -0.03223589771265159]]	[[0.15161147525338964, 0.1516114752533896, 0.11555954253189246], [-0.04301532531657905, -0.09183682793816388, 0.04420218172308124], [0.04965316745729173, -0.13363607406067896, -0.09316245096620657]]	0.6599209835099875	[[0.0, -0.6745277438743278, 0.6745277438743279], [0.0, 0.7071067811865476, 0.7071067811865475], [-0.9539262835839998, 0.0, 0.0]]
3	[[0.034229894132735264, 0.2773841392786001, 0.9601491309293217], [-0.1827544195208179, -0.9427759796974285, 0.2788803941677556], [0.9825625356654255, -0.18501754344446375, 0.018422055382213542]]	0.8665101871855115	0.13348981281448846	[[0.029660551972296674, 0.24035618244859183, 0.8319790031675728], [-0.15835856626796338, -0.816924990641623, 0.24165270255267118], [0.8514004467009187, -0.1603195862026658, 0.01596289865758372]]	0.9262312609764021	0.1240823678140877	[[0.010050335633606123, 0.24041801900891346, 0.8739502017053374], [-0.1641464792774511, -0.8273668882821523, 0.2526267203464463], [0.9077136741311455, -0.1630687712915592, 0.0]]	[[-0.021654462372046, -0.016503842089958302, -0.015369938560724756], [0.005126377164326418, 0.04586169621125992, -0.005681018805150125], [-0.0023664622664129127, 0.008300261275762735, -0.01706308358644476]]	0.3449598382680497	[[0.0, 0.0, 0.9843999999999999], [0.0, -1.0, 0.0], [0.9843999999999999, 0.0, 0.0]]
3	[[0.04673222253661188, -0.9725397674033924, -0.22799671093185395], [-0.8377629715199755, -0.16246744520517667, 0.5213036857710898], [-0.5440306084466285, 0.16664552219444034, -0.8223502702654952]]	0.5608161934518662	0.43918380654813366	[[0.026208187154528162, -0.5454160503357338, -0.1278642475443478], [-0.46983104070275694, -0.09111437417981681, 0.2923555486865703], [-0.3051011749503409, 0.09345750741288453, -0.46118734825440844]]	0.7546646074700368	0.37199222495651807	[[-0.01456406697116586, -0.8223881215884506, -0.16796513205824135], [-0.6506645627887729, -0.16281950252542, 0.23549992486939242], [-0.27783158958047255, 0.02304342005243549, -0.6205986439127887]]	[[-0.04983122134796035, -0.08844677977196842, 0.004095916301605718], [-0.018434498733718954, -0.04021107176299569, -0.15790951652573051], [0.1327290559945876, -0.10271805754107113, 0.0]]	0.6193553929552144	[[1.9047376330160644e-16, -0.9539262835839998, 0.0], [-1.0, -1.7938038903913487e-16, 0.0], [0.0, 0.0, -0.9539262835839998]]
3	[[0.3802729664721569, 0.7767473726770865, -0.5020517802076895], [0.4287143634067757, 0.332951791095048, 0.839849450446521], [0.8195098935212374, -0.5346088512602871, -0.20639019011321075]]	0.5518636889995225	0.44813631100047774	[[0.20985884210411626, 0.4286586705062639, -0.27706414749419295], [0.23659189011674517, 0.18374400369271157, 0.4634824159276387], [0.4522577530102359, -0.295031212828299, -0.11389925168918927]]	0.7152779405406826	0.4431114969852105	[[0.22245034086967969, 0.48017263932641907, -0.3125434517406456], [0.33564333149556247, 0.2179203756214954, 0.48796153483263455], [0.6004251460214658, -0.30705737571589586, -0.056424944288514384]]	[[-0.04955052343182079, -0.07541762172243342, 0.04656311165109396], [0.028993404557754152, -0.020232695812302068, -0.11276425044697708], [0.01424779713088093, 0.07533654240838239, 0.09120140584346294]]	0.6775134342378021	[[0.0, 0.6745277438743278, -0.6745277438743279], [0.0, 0.7071067811865476, 0.7071067811865475], [0.9539262835839998, 0.0, 0.0]]
3	[[0.8787972042104137, -0.3840163418041313, 0.28327887866788265], [-0.395223040501579, -0.9183905790867732, -0.018907472103605397], [0.2674214316928388, -0.09534250611366366, -0.9588511794847616]]	0.6936068078767211	0.306393192123279	[[0.6095397235833723, -0.26635634901125943, 0.1964841587717271], [-0.27412939152163235, -0.6370019579444302, -0.013114351370799892], [0.1854853255942926, -0.06613021132046502, -0.6650657058312544]]	0.8441968497295247	0.2875436302364939	[[0.6207702446295651, -0.27003683588422883, 0.2439211048246425], [-0.3407520214972578, -0.8501696806763458, -0.020970367468599847], [0.218999263239458, -0.08048784330647282, -0.7242058496746133]]	[[-0.12110758671597997, 0.05414855011147524, 0.0047779678583036505], [-0.007105975765300466, -0.07486724699001791, -0.005008739082387299], [-0.006757066945795752, 0.0, 0.08525329540586148]]	0.47418793649161706	[[0.6852171311197968, -0.6852171311197967, 0.0], [-0.7071067811865475, -0.7071067811865476, 0.0], [0.0, 0.0, -0.9690433599999999]]
3	[[0.5319609947059123, -0.8460851799387872, 0.03402011756955908], [-0.703274286200726, -0.4190807785627857, 0.5742617690636116], [-0.47161719485230363, -0.3294103357928521, -0.8179645788128509]]	0.5203375737373449	0.4796624262626551	[[0.276799293308179, -0.4402499097044735, 0.01770194543440362], [-0.3659400357535489, -0.21806347551731742, 0.29880997560467515], [-0.24540014690226025, -0.17140457489045677, -0.425617704342568]]	0.7220085674543515	0.4853155477306578	[[0.49744321822827053, -0.6167766411034528, 0.11126079299818212], [-0.419791532285773, -0.23596399816796568, 0.2873152489007745], [-0.29695719196094406, -0.0640971234432288, -0.511199575399253]]	[[0.113362822499063, -0.005895892391491787, 0.08669797664715613], [0.08797852762149477, 0.06661591440980545, -0.1273066683246454], [0.043554463281207406, 0.17373996120722526, 0.07937785837781551]]	0.6540261779209595	[[0.6852171311197968, -0.6852171311197967, 0.0], [-0.7071067811865475, -0.7071067811865476, 0.0], [0.0, 0.0, -0.9690433599999999]]
3	[[0.22433838825039393, -0.7661379269479729, -0.6022499185961573], [-0.9416906372873723, -0.011392912655017143, -0.3362869982418849], [0.2507808429735371, 0.642575192824231, -0.724020780340167]]	0.5155909985321242	0.48440900146787574	[[0.11566685360710796, -0.39501381876843694, -0.31051463689488323], [-0.48552721598734877, -0.005874083211989608, -0.1733865492169041], [0.12930034524145384, 0.33130598530021754, -0.3732985970935946]]	0.7133110086722274	0.5109512977378671	[[0.27678776923677706, -0.40465114997867035, -0.3882770834463086], [-0.6807128225105988, 0.018351495503766576, -0.038458689656980925], [0.3270672955061944, 0.3371815667469003, -0.4826136429995438]]	[[0.11676472722998679, 0.14184346747463736, 0.04131441346028328], [-0.00899452416995035, 0.02647818552143139, 0.20141852826229356], [0.14818255944906916, -0.12117439219430298, 0.03383835012455394]]	0.744202074253143	[[1.9047376330160644e-16, -0.9539262835839998, 0.0], [-1.0, -1.7938038903913487e-16, 0.0], [0.0, 0.0, -0.9539262835839998]]
3	[[-0.8305561570912853, 0.32773595720904825, 0.4502950280316503], [-0.5100865793185324, -0.772219296347621, -0.37879947194723407], [0.22358030216652452, -0.5443036842615101, 0.808545204538665]]	0.532458576331076	0.46754142366892393	[[-0.44223674896783516, 0.17450582118803223, 0.23976344955469436], [-0.27159997382953416, -0.4111747871486394, -0.20169502754798757], [0.11904724938725941, -0.28981916481364306, 0.4305168285079761]]	0.7587989012408172	0.4420191711584473	[[-0.5389461979337062, 0.15255904780539223, 0.25122349829624024], [-0.55289721565371, -0.6004172181588926, -0.2921382191770896], [0.2349776389795391, -0.3412792536245328, 0.4867058825479018]]	[[0.09127890148595663, -0.0961266364219411, -0.09045987420837898], [-0.16584407972912052, -0.01445806457336084, -0.004705596072926627], [0.0653251513564904, 0.07173778393442967, -0.12681733025956912]]	0.6804379837924849	[[-0.6745277438743279, 0.6745277438743278, 0.0], [-0.7071067811865475, -0.7071067811865476, 0.0], [0.0, 0.0, 0.9539262835839998]]
