3	[[0.8592155572171323, 0.2624339665249735, -0.4391776855101157], [-0.4266000482917053, 0.8413623931712975, -0.33184593135155627], [0.2824199444684594, 0.4724804086637203, 0.8348660002631537]]	0.5171374084333585	0.48286259156664146	[[0.44433250654489187, 0.13571442133361158, -0.22711521012646185], [-0.22061084341111814, 0.43509996755789326, -0.171609944938298], [0.1460499181723121, 0.2443372940718905, 0.431740439765211]]	0.7529048665475301	0.4376059347426736	[[0.47993675925821555, 0.19278594995426354, -0.2888882492650223], [-0.3528376960944293, 0.7490860134048158, -0.2529222533327653], [0.24053584429535524, 0.31977931633315626, 0.4756867895423299]]	[[-0.16697081518391121, -0.004801860589760621, 0.04177076743462454], [-0.03164844366619304, 0.11562017305606975, -0.0030738366741809575], [0.027900493694968956, -0.035953482698124574, -0.15288788497087005]]	0.6864733904637644	[[0.802801184184, 0.0, 0.0], [0.0, 0.7071067811865476, -0.7071067811865475], [0.0, 0.5676661612810969, 0.567666161281097]]
3	[[0.5319609947059123, -0.8460851799387872, 0.03402011756955908], [-0.703274286200726, -0.4190807785627857, 0.5742617690636116], [-0.47161719485230363, -0.3294103357928521, -0.8179645788128509]]	0.47021409572709905	0.5297859042729011	[[0.25013555808772864, -0.39784117779301664, 0.01599673881949981], [-0.3306894825339954, -0.19705768932850892, 0.27002597845089027], [-0.221761052806827, -0.154893383167996, -0.38461847476328226]]	0.673853731813835	0.5406594081206879	[[0.41003490258469677, -0.549868652204933, 0.09774711170359768], [-0.40510973173363085, -0.23040956743653715, 0.30199704945291656], [-0.28275955933291885, -0.042502387071248586, -0.4523697590678632]]	[[0.05157100112271814, 0.020269003729198837, 0.0748225285226049], [0.0687942705114393, 0.05198957912944342, -0.08497138666861284], [0.03504144740587855, 0.17947199700081332, 0.09881872485670812]]	0.6927425314715561	[[0.6107877784388821, -0.610787778438882, 0.0], [-0.7071067811865475, -0.7071067811865476, 0.0], [0.0, 0.0, -0.86378436]]
3	[[-0.30792515101507295, 0.09349718223056193, 0.9468053539599837], [0.3027085282091916, -0.9338174967034747, 0.1906631317268273], [0.9019698710720718, 0.34531602882779927, 0.2592434992682147]]	0.6212764202492115	0.3787235797507888	[[-0.19130663552734237, 0.05808759467959168, 0.5882278409810461], [0.188065670784714, -0.5801587915180145, 0.11845450795274712], [0.5603726126722994, 0.21453670624480864, 0.16106187319823548]]	0.8076778985599095	0.3006181350338954	[[-0.20579767621057177, 0.06917722717648138, 0.7149424505791653], [0.2531627039358328, -0.8446594672950561, 0.1218625169067039], [0.6551938639309828, 0.24207722109901103, 0.1366204490340904]]	[[0.04290666267502512, -0.006338380488771807, -0.04977130805250554], [0.008671715995669882, -0.0904357139191185, -0.0321318806592712], [-0.07330726610086062, -0.036826903403679, -0.0727647956701787]]	0.4800966866326623	[[0.0, 0.0, 0.9294], [0.0, -1.0, 0.0], [0.9294, 0.0, 0.0]]
3	[[0.3802729664721569, 0.7767473726770865, -0.5020517802076895], [0.4287143634067757, 0.332951791095048, 0.839849450446521], [0.8195098935212374, -0.5346088512602871, -0.20639019011321075]]	0.5103678626377943	0.48963213736220584	[[0.19407910111732837, 0.396426896402727, -0.25623109399809824], [0.21880203333403875, 0.16992789398260516, 0.42863216896191714], [0.4182515127669604, -0.27284717676495923, -0.10533492019748741]]	0.6594391106211579	0.5099994585732037	[[0.12541860318098622, 0.4092676055735819, -0.2569537972259157], [0.30412308205452276, 0.16415664924142281, 0.4626035608176203], [0.5809965760498772, -0.2919500310416812, -0.08248857029492122]]	[[-0.12534826362268237, -0.10294999104191704, 0.07411878220001204], [0.021412063539042722, -0.05540478375801718, -0.09122601384050183], [0.04057970072099254, 0.06059195436360146, 0.053613193114266176]]	0.7182303675611271	[[0.0, 0.5676661612810969, -0.567666161281097], [0.0, 0.7071067811865476, 0.7071067811865475], [0.802801184184, 0.0, 0.0]]
3	[[-0.3195682178843842, -0.5708200961323295, -0.7563336379995778], [0.910087742671785, 0.03735879733279218, -0.41272826520656647], [0.2638493031197415, -0.8202248094963509, 0.507557688474819]]	0.4179102771758595	0.5820897228241405	[[-0.13355084251265847, -0.2385515845922126, -0.31607960029382964], [0.38033502079431797, 0.015612625348303974, -0.17248338371078784], [0.11026533539942855, -0.3427803774831366, 0.21211357427325017]]	0.6245811014275436	0.5738523089364423	[[-0.2502261091328186, -0.2502261091328186, -0.40546817658416784], [0.6090874649966623, 0.04203203496468917, -0.05741838604949801], [0.31470023150640314, -0.36539932032815525, 0.3077776088810112]]	[[-0.05062983962535268, 0.10629733522648817, 0.06692352008430946], [0.04066386028301184, 0.01869843617856546, 0.20036388842349864], [0.14990494315298522, 0.1468975946052728, -0.009233331224609367]]	0.936613444878472	[[0.0, 0.0, -0.802801184184], [0.7071067811865475, 0.7071067811865476, 0.0], [0.567666161281097, -0.5676661612810969, 0.0]]
3	[[0.08740825448676931, -0.06334395238859675, -0.994156597696443], [0.7119981850616444, -0.6940087028176986, 0.10681996481098455], [-0.6967197295301035, -0.717174639895393, -0.015561310176609944]]	0.6606715503269234	0.3393284496730768	[[0.057748147003144144, -0.04184954722840903, -0.6568109806678484], [0.4703969447546323, -0.4585118056309458, 0.07057291175754056], [-0.46030290385200817, -0.47381688119484233, -0.010280914919499014]]	0.8367741645278581	0.2622737693685072	[[0.03850192983228511, -0.03001681808878443, -0.7518658812000544], [0.6358042035500374, -0.6392818297302291, 0.07130257763651004], [-0.5528745587595802, -0.5376493431923125, 0.027224975673177443]]	[[-0.034639039288719684, 0.022987764749076038, 0.0800186752472446], [0.04002251709972869, -0.0585532772548866, -0.01808160917309675], [0.030122510828047427, 0.06246386692672234, 0.04024627799516908]]	0.24108099161284546	[[0.0, 0.0, -0.802801184184], [0.7071067811865475, -0.7071067811865476, 0.0], [-0.567666161281097, -0.5676661612810969, 0.0]]
3	[[0.034229894132735264, 0.2773841392786001, 0.9601491309293217], [-0.1827544195208179, -0.9427759796974285, 0.2788803941677556], [0.9825625356654255, -0.18501754344446375, 0.018422055382213542]]	0.7842031492458484	0.21579685075415173	[[0.026843190777242988, 0.21752551557312727, 0.7529519722204385], [-0.14331659132682234, -0.7393278923120636, 0.21869888336927748], [0.7705286347998128, -0.14509134023487905, 0.014446633846313292]]	0.8810081489425485	0.18290984501623883	[[0.009185165058406915, 0.21669383237392106, 0.79838981011213], [-0.16756686080106029, -0.8243819564041348, 0.2564126018455068], [0.8284823969754959, -0.14784852098132015, 0.0]]	[[-0.020971650609973587, -0.0276838547179405, -0.04750939843670837], [-0.006558727947954592, 0.006211364336594416, 0.010716702003404084], [-0.037163203791397544, 0.015153442490584427, -0.016229980912001066]]	0.36952193111981	[[0.0, 0.0, 0.9294], [0.0, -1.0, 0.0], [0.9294, 0.0, 0.0]]
3	[[0.8787972042104137, -0.3840163418041313, 0.28327887866788265], [-0.395223040501579, -0.9183905790867732, -0.018907472103605397], [0.2674214316928388, -0.09534250611366366, -0.9588511794847616]]	0.5951253564973826	0.4048746435026175	[[0.5229944994446257, -0.22853786231700443, 0.16858644365540246], [-0.23520725287448171, -0.5465575207828536, -0.01125231607612246], [0.15914927487124117, -0.05674074294024797, -0.5706366500188046]]	0.8034217008684892	0.3510474847230202	[[0.564903595215659, -0.24109915531519666, 0.23050009043567843], [-0.3454788293370588, -0.8476524885844332, -0.022320598916192487], [0.2067573465994951, -0.07660023842690399, -0.6567840214226577]]	[[-0.14114114930954452, 0.06742790717837358, 0.0029076919162097405], [-0.027948061914864413, -0.10979756747294112, -0.007129925519590327], [-0.008094834899851945, 0.0, 0.1135778240787465]]	0.5035577168753144	[[0.6107877784388821, -0.610787778438882, 0.0], [-0.7071067811865475, -0.7071067811865476, 0.0], [0.0, 0.0, -0.86378436]]
3	[[0.8489524140446696, -0.5135124485683378, 0.12483895166604869], [0.522794976890395, 0.7815435453534784, -0.34040431673891397], [0.0772347773085365, 0.35425224329800037, 0.9319550081910795]]	0.694230505601262	0.30576949439873813	[[0.5893686636336428, -0.3564960068021391, 0.08666700853385248], [0.3629402211324189, 0.542571370640148, -0.23631906091850835], [0.05361873850090618, 0.2459327139751521, 0.6469915965341213]]	0.8353741282636821	0.24784681939561018	[[0.6727214827116286, -0.4151755748910877, 0.0519608485874004], [0.47669974116779, 0.622898876749126, -0.26528709609575496], [0.030860337007656863, 0.23407330647415028, 0.7383990496561158]]	[[-0.036471400108285916, 0.013799439184236324, -0.05232638183397696], [0.03997034308734453, -0.029982381150643448, 0.0190778632572096], [-0.03365959775810144, -0.061859852456370615, -0.04013205289247987]]	0.4509915988447603	[[0.6571850424347773, -0.6571850424347773, 0.0], [0.7071067811865475, 0.7071067811865476, 0.0], [0.0, 0.0, 0.9294]]
3	[[-0.5446221603179724, 0.8109226453022452, -0.2139887049042392], [-0.8354447797583356, -0.5021691245819775, 0.22328947644507607], [0.07361197229480154, 0.30038414347728, 0.9509735242804028]]	0.5472698485336879	0.4527301514663122	[[-0.2980552871853066, 0.44379351326709726, -0.11710956612086305], [-0.4572137380766046, -0.2748220207482735, 0.12219959795326328], [0.04028561292804208, 0.16439118470273262, 0.5204391365924834]]	0.7463511808874701	0.3639667634608856	[[-0.471992753231497, 0.5475564792645338, -0.0891145243378948], [-0.6788136665786654, -0.455930749125978, 0.041482333124967956], [0.10668227655584321, 0.08804097482055119, 0.7097602128393978]]	[[-0.06551336074069322, -0.05767659466518797, 0.07059619826396449], [-0.05527846863975923, -0.08113622998899198, -0.1251700312995595], [0.051741894106162326, -0.13615108538358797, 0.0]]	0.4278343800753233	[[-0.6107877784388821, 0.610787778438882, 0.0], [-0.7071067811865475, -0.7071067811865476, 0.0], [0.0, 0.0, 0.86378436]]
3	[[-0.42203838922340475, -0.825029846081567, 0.3757783270710803], [0.2588054115689476, 0.28760896992378115, 0.9221175843470338], [-0.8688517462515349, 0.4864224845687207, 0.09214016247897017]]	0.41317954023877695	0.5868204597612234	[[-0.17437762762244038, -0.3408854524872507, 0.15526391641092574], [0.10693310096336522, 0.11883414196165612, 0.38100011954659907], [-0.3589917650518677, 0.20097981853590763, 0.0380704299705871]]	0.6080335995315946	0.6337294454571761	[[-0.09585924326962877, -0.3408915893635786, 0.2968007853227157], [0.15167057804681566, 0.08527519811791288, 0.6257343526302723], [-0.4531085026964365, 0.17202651909854044, -0.0289850062804563]]	[[0.16075427767039413, 0.16075427767039413, 0.06831493648772585], [-0.005691807927707321, -0.08960071912241797, 0.06505587862836651], [0.07518255203619598, -0.12373469508688034, -0.08500932093397051]]	0.6955672492221002	[[0.0, -0.5676661612810969, 0.567666161281097], [0.0, 0.7071067811865476, 0.7071067811865475], [-0.802801184184, 0.0, 0.0]]
3	[[-0.8305561570912853, 0.32773595720904825, 0.4502950280316503], [-0.5100865793185324, -0.772219296347621, -0.37879947194723407], [0.22358030216652452, -0.5443036842615101, 0.808545204538665]]	0.46817127080355564	0.5318287291964443	[[-0.38884253153914455, 0.15343655957457983, 0.21081519551010042], [-0.23880788205939601, -0.36153088931009314, -0.1773430301612524], [0.10467387419194475, -0.25482734756376846, 0.37853763591098755]]	0.6984014072170288	0.5138983581523748	[[-0.4545432598110676, 0.1144778601513945, 0.2474769853199066], [-0.5452373227969338, -0.5969701309246408, -0.2743353045209723], [0.20834986897016797, -0.3132752454248606, 0.41073651096753827]]	[[0.12551832907425375, -0.11441339355902476, -0.06700969592022946], [-0.18899213799835013, -0.05765108767531833, -0.009781220259956635], [0.05220107131105874, 0.06686721361679135, -0.15395259768084563]]	0.6841976597268612	[[-0.6107877784388821, 0.610787778438882, 0.0], [-0.7071067811865475, -0.7071067811865476, 0.0], [0.0, 0.0, 0.86378436]]
3	[[0.22433838825039393, -0.7661379269479729, -0.6022499185961573], [-0.9416906372873723, -0.011392912655017143, -0.3362869982418849], [0.2507808429735371, 0.642575192824231, -0.724020780340167]]	0.4397369865849028	0.5602630134150973	[[0.09864988682454219, -0.336899183304506, -0.26483156437447714], [-0.4140962031359657, -0.005009885079342219, -0.14787783123456896], [0.11027761218240491, 0.28256407894674024, -0.3183787161716349]]	0.6565805127423748	0.5576015394405835	[[0.27625352609040843, -0.3914197718085778, -0.2765573929358327], [-0.6804132073353816, -0.04977454915107628, -0.040249806233912555], [0.2507166530370746, 0.2507166530370745, -0.4735351368608531]]	[[0.12895731210516684, 0.11161146109830222, 0.11886816741508578], [-0.062117485860545066, -0.042294184718416096, 0.18054968350033834], [0.08605883857154462, -0.17118569654298954, 0.0018427983310281143]]	0.7313295992322381	[[1.6029809154644975e-16, -0.802801184184, 0.0], [-1.0, -1.7938038903913487e-16, 0.0], [0.0, 0.0, -0.802801184184]]
3	[[0.04673222253661188, -0.9725397674033924, -0.22799671093185395], [-0.8377629715199755, -0.16246744520517667, 0.5213036857710898], [-0.5440306084466285, 0.16664552219444034, -0.8223502702654952]]	0.5139482099421392	0.48605179005786087	[[0.02401794211930936, -0.4998350725545179, -0.1171785014561217], [-0.43056677956849854, -0.08349985263707309, 0.267923096138291], [-0.2796035573648776, 0.08564716782670563, -0.42264544934838555]]	0.7095845382108056	0.4530390443369048	[[1.0751539516184535e-16, -0.725376304052632, -0.09978463611812476], [-0.670721616986254, -0.12429557664336284, 0.2328349775271611], [-0.26434507580962807, 0.0, -0.538456108374372]]	[[-0.033160462548206315, -0.035277122308051544, 0.06199830472203734], [-0.07625796571013993, -0.009011189563158092, -0.13707405760830854], [0.1216906322575164, -0.11824908591124053, 0.04507092839950072]]	0.6720215282314376	[[-1.6029809154644975e-16, -0.802801184184, 0.0], [-1.0, 1.7938038903913487e-16, 0.0], [0.0, 0.0, -0.802801184184]]
