3	[[0.5319609947059123, -0.8460851799387872, 0.03402011756955908], [-0.703274286200726, -0.4190807785627857, 0.5742617690636116], [-0.47161719485230363, -0.3294103357928521, -0.8179645788128509]]	0.5210548211356495	0.47894517886435056	[[0.2771808409476313, -0.4408567620985286, 0.01772634627522037], [-0.3664444574056208, -0.21836406011542106, 0.2992218633644818], [-0.2457384131082638, -0.17164084359677884, -0.4262043873086269]]	0.7226584634227515	0.484398302419472	[[0.499221280369706, -0.6177746095661527, 0.11130533257048386], [-0.4204441927677334, -0.23666028592063235, 0.2866625884188141], [-0.2965372082226461, -0.06443874110427443, -0.5126892820112763]]	[[0.11479516533469294, -0.006343993506826523, 0.08672040668220495], [0.08778292226281556, 0.06619198556556072, -0.1283325392151265], [0.044280949133068064, 0.1736124259953607, 0.0784197436478567]]	0.6534777947964788	[[0.686331305132777, -0.6863313051327768, 0.0], [-0.7071067811865475, -0.7071067811865476, 0.0], [0.0, 0.0, -0.9706190400000001]]
3	[[-0.30792515101507295, 0.09349718223056193, 0.9468053539599837], [0.3027085282091916, -0.9338174967034747, 0.1906631317268273], [0.9019698710720718, 0.34531602882779927, 0.2592434992682147]]	0.7246669846099633	0.27533301539003696	[[-0.2231431906716605, 0.06775432111654955, 0.6861185808667504], [0.21936287635307478, -0.6767067095121312, 0.13816727674477217], [0.6536277866788356, 0.2502391253481285, 0.1878652048944324]]	0.8546724789161156	0.2562016608675571	[[-0.26169816617175384, 0.08086571891596529, 0.748832600025327], [0.2431079531762754, -0.8497642913719189, 0.11959313214637049], [0.6850914712139544, 0.2682460940793949, 0.18083244725578856]]	[[0.0014769859669178857, 0.0009562504072991238, -0.06037587889470258], [-0.015608695017323333, -0.051656176609118566, -0.043361399284506885], [-0.08579735440286239, -0.026886012288329098, -0.04073583690666469]]	0.4685490889053517	[[0.0, 0.0, 0.9852000000000001], [0.0, -1.0, 0.0], [0.9852000000000001, 0.0, 0.0]]
3	[[0.22433838825039393, -0.7661379269479729, -0.6022499185961573], [-0.9416906372873723, -0.011392912655017143, -0.3362869982418849], [0.2507808429735371, 0.642575192824231, -0.724020780340167]]	0.5164702190826657	0.4835297809173343	[[0.11586409652833307, -0.3956874229783589, -0.31104414739987496], [-0.48635516974790427, -0.005884100094926345, -0.1736822196566383], [0.12952083691227834, 0.3318709506150168, -0.37393517104268864]]	0.7140942599301595	0.5102754183207784	[[0.2762441028979263, -0.40481773877577065, -0.3902703159293559], [-0.6808724509833224, 0.0195600608291317, -0.038436639197522084], [0.32799990914215593, 0.3387078129552977, -0.48248660742376837]]	[[0.11604534756633647, 0.14227695717256855, 0.03979289398356583], [-0.008416572266435957, 0.027695674359965068, 0.20170397593615158], [0.14891874867430654, -0.1201514438140011, 0.03453247588729979]]	0.7446222016355748	[[1.9093852217774125e-16, -0.9562538782080002, 0.0], [-1.0, -1.7938038903913487e-16, 0.0], [0.0, 0.0, -0.9562538782080002]]
3	[[0.08740825448676931, -0.06334395238859675, -0.994156597696443], [0.7119981850616444, -0.6940087028176986, 0.10681996481098455], [-0.6967197295301035, -0.717174639895393, -0.015561310176609944]]	0.8278412220317638	0.17215877796823623	[[0.07236015620999052, -0.05243873495369779, -0.8230038127279642], [0.5894214476058296, -0.574529012641283, 0.08842997020651545], [-0.5767733123078408, -0.5937067303011924, -0.012882294033020093]]	0.9127758886253015	0.13465738537498442	[[0.06021402539994038, -0.028539538977507748, -0.8845375071055489], [0.632972039893349, -0.6373477055012164, 0.06633919650836263], [-0.6456429710311111, -0.6401795429060607, 0.024036173364394925]]	[[-0.019570121762406984, 0.029279293453032425, 0.022904664789528104], [-0.01692273617589515, -0.003873295073098847, -0.031163491794907208], [-0.00969400078649141, 0.014440176323987126, 0.03824016208902402]]	0.13151573183600124	[[0.0, 0.0, -0.9562538782080002], [0.7071067811865475, -0.7071067811865476, 0.0], [-0.676173601816812, -0.6761736018168119, 0.0]]
3	[[0.3802729664721569, 0.7767473726770865, -0.5020517802076895], [0.4287143634067757, 0.332951791095048, 0.839849450446521], [0.8195098935212374, -0.5346088512602871, -0.20639019011321075]]	0.552443975248174	0.4475560247518262	[[0.210079509277294, 0.42910940632530453, -0.27735548123835846], [0.2368406671664295, 0.18393721103854785, 0.4639697690146704], [0.4527333033320801, -0.29534143899309284, -0.1140190170783685]]	0.7160446956909575	0.44265107656658176	[[0.2231881654913001, 0.4809989058367483, -0.3132257605207393], [0.33547085400096766, 0.21826013483555914, 0.4880869727219333], [0.6016798329288565, -0.3080233462523514, -0.05601786976149828]]	[[-0.04910427506575321, -0.07518693026056697, 0.046265753659179176], [0.02849220811702037, -0.020148229098853703, -0.11328277144926385], [0.014874120606712945, 0.07478048596201327, 0.0917667311117146]]	0.6770183925913682	[[0.0, 0.6761736018168119, -0.676173601816812], [0.0, 0.7071067811865476, 0.7071067811865475], [0.9562538782080002, 0.0, 0.0]]
3	[[-0.5446221603179724, 0.8109226453022452, -0.2139887049042392], [-0.8354447797583356, -0.5021691245819775, 0.22328947644507607], [0.07361197229480154, 0.30038414347728, 0.9509735242804028]]	0.6246188679261296	0.3753811320738704	[[-0.340181277225295, 0.5065175846843508, -0.13366138260626453], [-0.5218345725474465, -0.31366431010385026, 0.1394708199969416], [0.045979426800588585, 0.18762560364173875, 0.5939960061637468]]	0.7894313397932318	0.307636034092365	[[-0.46908073937550093, 0.5931146323654791, -0.11980139787639793], [-0.6687153905977976, -0.4332236869760568, 0.04441418600955007], [0.09078222041126674, 0.1572153185789517, 0.744942998843727]]	[[-0.03913893767459976, -0.04705311798414402, 0.04912799213677409], [-0.00918909878991361, -0.036795642154512, -0.13185752454221558], [0.032670622497759316, -0.07991733825895975, -0.0057853045368429605]]	0.38852446493262155	[[-0.686331305132777, 0.6863313051327768, 0.0], [-0.7071067811865475, -0.7071067811865476, 0.0], [0.0, 0.0, 0.9706190400000001]]
3	[[0.8787972042104137, -0.3840163418041313, 0.28327887866788265], [-0.395223040501579, -0.9183905790867732, -0.018907472103605397], [0.2674214316928388, -0.09534250611366366, -0.9588511794847616]]	0.6951797380891265	0.30482026191087386	[[0.6109220102564518, -0.2669603799173404, 0.1969297366785201], [-0.27475104978267595, -0.6384465222330639, -0.013144091504911875], [0.1859059608436469, -0.06628017842885764, -0.6665739118206666]]	0.8446945049799062	0.2880727472997035	[[0.6196819692587454, -0.2704091730293424, 0.24605564139146613], [-0.3455488152557967, -0.8501864555941198, -0.01597103778897635], [0.2191178846609642, -0.0805352910052248, -0.7252019382059315]]	[[-0.12263320012949556, 0.05396732071509272, 0.006771529203836023], [-0.011706084702662028, -0.07442698001420842, 0.0], [-0.006771529203836023, 0.0, 0.08473438419834857]]	0.4738567648699655	[[0.686331305132777, -0.6863313051327768, 0.0], [-0.7071067811865475, -0.7071067811865476, 0.0], [0.0, 0.0, -0.9706190400000001]]
3	[[-0.8305561570912853, 0.32773595720904825, 0.4502950280316503], [-0.5100865793185324, -0.772219296347621, -0.37879947194723407], [0.22358030216652452, -0.5443036842615101, 0.808545204538665]]	0.5334395436025532	0.4665604563974467	[[-0.4430514973750658, 0.17482731943574062, 0.24020517423970242], [-0.27210035206946553, -0.4119323090047597, -0.20206661743242071], [0.11926657434623182, -0.29035310891364824, 0.43130998489113853]]	0.7595993786307959	0.44092845923349705	[[-0.5400760172937416, 0.15306500689746108, 0.2514330515500006], [-0.5528298559215317, -0.6006440330526671, -0.29235612195546157], [0.23527605968421744, -0.3416481095973441, 0.48767731052152336]]	[[0.0908139235507805, -0.09588302255350113, -0.09061077194337773], [-0.16536840722326623, -0.01406673538030373, -0.004620278438669009], [0.06544460108443985, 0.07180463075415194, -0.12649312444095648]]	0.6804730388079746	[[-0.676173601816812, 0.6761736018168119, 0.0], [-0.7071067811865475, -0.7071067811865476, 0.0], [0.0, 0.0, 0.9562538782080002]]
3	[[0.034229894132735264, 0.2773841392786001, 0.9601491309293217], [-0.1827544195208179, -0.9427759796974285, 0.2788803941677556], [0.9825625356654255, -0.18501754344446375, 0.018422055382213542]]	0.866640181401269	0.1333598185987311	[[0.029665001660539925, 0.24039224078224086, 0.832103817000858], [-0.15838232328540522, -0.8170475460657385, 0.24168895539080112], [0.8515281741471752, -0.1603436374131272, 0.01596529341822577]]	0.9268442302573037	0.12391765672482834	[[0.010204296582286708, 0.24068642186833716, 0.8750761109807674], [-0.16407169093411075, -0.8274295900030325, 0.252550133344854], [0.9088712185511949, -0.16332457286881383, 0.0]]	[[-0.021521483296957307, -0.016405467186921655, -0.014832571207638838], [0.005313188352782032, 0.046376887204706035, -0.005928550921412852], [-0.0018111984972909, 0.008157869769067409, -0.01707437574048513]]	0.3446189753118133	[[0.0, 0.0, 0.9852000000000001], [0.0, -1.0, 0.0], [0.9852000000000001, 0.0, 0.0]]
3	[[0.8489524140446696, -0.5135124485683378, 0.12483895166604869], [0.522794976890395, 0.7815435453534784, -0.34040431673891397], [0.0772347773085365, 0.35425224329800037, 0.9319550081910795]]	0.7604668085399406	0.2395331914600594	[[0.6456001329108282, -0.39050917290829423, 0.09493587915495195], [0.3975682275965506, 0.5943379256699501, -0.25886618436366104], [0.05873448460811577, 0.2693970728789448, 0.7087208507818845]]	0.8843672325529438	0.1946813775858044	[[0.757999244956135, -0.44394516381399607, 0.05460710993509151], [0.4676088744776517, 0.6257656564180439, -0.273190503766692], [0.03916970828157988, 0.2766768803700082, 0.8107333337690356]]	[[0.007213547978309582, 0.010188419207870798, -0.05579636826462268], [0.00526612757251284, -0.06540584590582775, 0.02785191977677704], [-0.029134197983613455, -0.036612195661116606, -0.013457137688765494]]	0.431612597142931	[[0.6966416008249867, -0.6966416008249866, 0.0], [0.7071067811865475, 0.7071067811865476, 0.0], [0.0, 0.0, 0.9852000000000001]]
3	[[-0.3195682178843842, -0.5708200961323295, -0.7563336379995778], [0.910087742671785, 0.03735879733279218, -0.41272826520656647], [0.2638493031197415, -0.8202248094963509, 0.507557688474819]]	0.47538199703065714	0.5246180029693428	[[-0.15191697760540673, -0.2713575972446185, -0.3595473952537013], [0.4326393285844361, 0.01775969968272639, -0.19620358694489629], [0.1254292086322099, -0.38992010795246557, 0.24128378755542357]]	0.674782175691309	0.5493848523773759	[[-0.2576302529571583, -0.2753421261085353, -0.48156150394286823], [0.5896613031081819, -0.035027477198173194, -0.07192883303557064], [0.2898242082400377, -0.4579340086497765, 0.3132738454157613]]	[[-0.041991315611339224, 0.10983710028796026, 0.028798953855009808], [-0.02444968396187736, -0.06023652774360543, 0.20657284372981588], [0.1117834014262628, 0.0955390728581607, -0.0292170359021287]]	0.9052124366906042	[[0.0, 0.0, -0.9562538782080002], [0.7071067811865475, 0.7071067811865476, 0.0], [0.676173601816812, -0.6761736018168119, 0.0]]
3	[[0.8592155572171323, 0.2624339665249735, -0.4391776855101157], [-0.4266000482917053, 0.8413623931712975, -0.33184593135155627], [0.2824199444684594, 0.4724804086637203, 0.8348660002631537]]	0.6083458365935633	0.39165416340643666	[[0.5227002069694611, 0.15965061091620222, -0.26717191650487626], [-0.25952036326887196, 0.5118393089521557, -0.20187709072823268], [0.17180899738837263, 0.28743148948259956, 0.5078872553736103]]	0.8084349062222689	0.3448457081456652	[[0.5850419439566383, 0.21606085560932722, -0.2929263177419927], [-0.3243853366562073, 0.7526191205560298, -0.2728449375692094], [0.2513053288103293, 0.36139098565817834, 0.5664652220006219]]	[[-0.10957790446690854, 0.003900076492172209, 0.062120253258290806], [0.02049303337891283, 0.07243239313364817, -0.004569103176772518], [0.022987187488671956, -0.020578669211735665, -0.10846959463028144]]	0.6342021598438705	[[0.9562538782080002, 0.0, 0.0], [0.0, 0.7071067811865476, -0.7071067811865475], [0.0, 0.6761736018168119, 0.676173601816812]]
3	[[-0.42203838922340475, -0.825029846081567, 0.3757783270710803], [0.2588054115689476, 0.28760896992378115, 0.9221175843470338], [-0.8688517462515349, 0.4864224845687207, 0.09214016247897017]]	0.462711921994294	0.5372880780057062	[[-0.19528219423293758, -0.38175114578305835, 0.17387711196285993], [0.11975234940959202, 0.13308009925623188, 0.42667479975795153], [-0.40202806143614633, 0.22507348273603253, 0.04263435167351082]]	0.6619974612619002	0.593264847634715	[[-0.12795648139826052, -0.3947358027485985, 0.36509376179829256], [0.12778348692296404, 0.09853194552262794, 0.6543467113700271], [-0.5259616862382127, 0.1882273749262081, -0.032279039563086157]]	[[0.15143186082269508, 0.15143186082269505, 0.11632946327999354], [-0.04354503849652047, -0.09186446240306537, 0.04390721154733473], [0.04921596399327206, -0.13378307495899078, -0.09327559320442338]]	0.6595301836678542	[[0.0, -0.6761736018168119, 0.676173601816812], [0.0, 0.7071067811865476, 0.7071067811865475], [-0.9562538782080002, 0.0, 0.0]]
3	[[0.04673222253661188, -0.9725397674033924, -0.22799671093185395], [-0.8377629715199755, -0.16246744520517667, 0.5213036857710898], [-0.5440306084466285, 0.16664552219444034, -0.8223502702654952]]	0.5615430479626031	0.4384569520373968	[[0.026242154681275668, -0.5461229452525421, -0.1280299679821218], [-0.4704399724975345, -0.09123246437521206, 0.2927344606220368], [-0.30549660605206935, 0.09357863446238564, -0.4617850772577566]]	0.7550945827661268	0.3714231100675207	[[-0.014002830700648249, -0.8234433873686656, -0.16883203028490001], [-0.6504429214948199, -0.1622991185640271, 0.2355873487613251], [-0.277697881276723, 0.023908010665109142, -0.6209522342137357]]	[[-0.049290078778664856, -0.08908387747773515, 0.003327051028237493], [-0.01785264005803333, -0.03962083081374574, -0.15804624034044], [0.133096684020286, -0.10192512038614512, 0.0]]	0.6186520013460497	[[1.9093852217774125e-16, -0.9562538782080002, 0.0], [-1.0, -1.7938038903913487e-16, 0.0], [0.0, 0.0, -0.9562538782080002]]
