3	[[0.8787972042104137, -0.3840163418041313, 0.28327887866788265], [-0.395223040501579, -0.9183905790867732, -0.018907472103605397], [0.2674214316928388, -0.09534250611366366, -0.9588511794847616]]	0.6947860927933337	0.30521390720666647	[[0.610576075871059, -0.26680921369088173, 0.19681822528053503], [-0.2745954720919935, -0.6380850021019062, -0.013136648667462952], [0.18580069165506682, -0.06624264729983691, -0.6661964645644969]]	0.8445431908564722	0.28831209396969887	[[0.6194690085871919, -0.2703033769131934, 0.2460128674168463], [-0.34556179256853364, -0.8501642848120414, -0.01596817682140864], [0.21907732990084694, -0.08052086433748622, -0.7249312145309121]]	[[-0.12271318637241778, 0.05401500973509736, 0.0067716193244292105], [-0.01177886484333341, -0.07454377469757484, 0.0], [-0.0067716193244292105, 0.0, 0.08486002014764055]]	0.47393925616026683	[[0.6860526767767183, -0.6860526767767182, 0.0], [-0.7071067811865475, -0.7071067811865476, 0.0], [0.0, 0.0, -0.9702250000000002]]
3	[[-0.3195682178843842, -0.5708200961323295, -0.7563336379995778], [0.910087742671785, 0.03735879733279218, -0.41272826520656647], [0.2638493031197415, -0.8202248094963509, 0.507557688474819]]	0.47516574338177636	0.5248342566182236	[[-0.15184786981222292, -0.27123415531597544, -0.3593838353447127], [0.43244251878928147, 0.017751620706485373, -0.19611433295154912], [0.1253721502576556, -0.3897427313445095, 0.24117402635327342]]	0.674623359945176	0.5494860400156587	[[-0.25774856428619636, -0.2752714312994193, -0.4812838391478992], [0.5898072829168791, -0.035293144702004085, -0.07181116807810838], [0.2895094833198512, -0.45747421244854136, 0.31340648661860143]]	[[-0.04216037940534105, 0.10981713987760121, 0.028956500958934504], [-0.024159167889281002, -0.06049626208216325, 0.20662496093988916], [0.111510579930018, 0.0958686044442788, -0.02900378654628789]]	0.9053096392712537	[[0.0, 0.0, -0.9556716250000002], [0.7071067811865475, 0.7071067811865476, 0.0], [0.6757618866250675, -0.6757618866250674, 0.0]]
3	[[0.8489524140446696, -0.5135124485683378, 0.12483895166604869], [0.522794976890395, 0.7815435453534784, -0.34040431673891397], [0.0772347773085365, 0.35425224329800037, 0.9319550081910795]]	0.7602803782964589	0.23971962170354108	[[0.6454418625055736, -0.39041343865747674, 0.09491260539879683], [0.397470762801718, 0.5941922223164983, -0.2588027227040091], [0.05872008570977691, 0.26933102954697286, 0.7085471061827934]]	0.8842001021448505	0.1947212209695493	[[0.7576949042927463, -0.4438884576809903, 0.05456621938049751], [0.4676513299052946, 0.6257765318821947, -0.2731435435743007], [0.03914086776668332, 0.27646088575972455, 0.8105068756458759]]	[[0.007051093078332092, 0.010159301795786238, -0.0558163944342788], [0.005395957937992673, -0.06526435074999926, 0.027841988056795094], [-0.02915013021865944, -0.03676898394940984, -0.013527837791081522]]	0.4316765029879684	[[0.6965001794687494, -0.6965001794687493, 0.0], [0.7071067811865475, 0.7071067811865476, 0.0], [0.0, 0.0, 0.9850000000000001]]
3	[[0.3802729664721569, 0.7767473726770865, -0.5020517802076895], [0.4287143634067757, 0.332951791095048, 0.839849450446521], [0.8195098935212374, -0.5346088512602871, -0.20639019011321075]]	0.5522989259535602	0.44770107404644005	[[0.21002435095174643, 0.42899673966680457, -0.2772826589817798], [0.23677848245042654, 0.18388891661610912, 0.46384794944430136], [0.452614434000096, -0.2952638943563232, -0.1139890803268774]]	0.7158530801318266	0.4427656931493085	[[0.2230035356836914, 0.48079226979706, -0.313055091810766], [0.3355139573363637, 0.21817521859771538, 0.48805562544468495], [0.6013660130623909, -0.3077816562054625, -0.056119790917750975]]	[[-0.04921603865626893, -0.07524472941813616, 0.0463402214365752], [0.028617459794868044, -0.020169346593083098, -0.11315319050447899], [0.014717331586707818, 0.07491973663495151, 0.09162526238378421]]	0.6771418226452074	[[0.0, 0.6757618866250674, -0.6757618866250675], [0.0, 0.7071067811865476, 0.7071067811865475], [0.9556716250000002, 0.0, 0.0]]
3	[[-0.42203838922340475, -0.825029846081567, 0.3757783270710803], [0.2588054115689476, 0.28760896992378115, 0.9221175843470338], [-0.8688517462515349, 0.4864224845687207, 0.09214016247897017]]	0.46253712475489484	0.5374628752451053	[[-0.19520842308758077, -0.38160693284354136, 0.17381142694866186], [0.11970711093810821, 0.1330298260022627, 0.42651361614980626], [-0.40187618854945445, 0.22498845742854823, 0.0426182458274717]]	0.6618075715271834	0.5933958413907716	[[-0.1278313085802396, -0.3945341059897417, 0.3648296957456576], [0.12786673433615367, 0.09848422797579572, 0.6542453305543092], [-0.5256872169920449, 0.18817176847101041, -0.03226826651739203]]	[[0.15147689288294602, 0.15147689288294602, 0.11613675367419836], [-0.04341264659238471, -0.09185756595889662, 0.043980931395086055], [0.04932544721183598, -0.13374631477763343, -0.09324732368771937]]	0.6596274552034579	[[0.0, -0.6757618866250674, 0.6757618866250675], [0.0, 0.7071067811865476, 0.7071067811865475], [-0.9556716250000002, 0.0, 0.0]]
3	[[0.034229894132735264, 0.2773841392786001, 0.9601491309293217], [-0.1827544195208179, -0.9427759796974285, 0.2788803941677556], [0.9825625356654255, -0.18501754344446375, 0.018422055382213542]]	0.866607717602503	0.13339228239749706	[[0.029663890428145018, 0.24038323583936244, 0.8320726469126865], [-0.15837639038270632, -0.8170169399760522, 0.24167990187380511], [0.8514962764347425, -0.16033763104082868, 0.01596469536832698]]	0.9266910852918864	0.12395803881384229	[[0.010165754873859184, 0.24061932481605336, 0.8747945874994852], [-0.16409038066245002, -0.8274139087465294, 0.25256930151863954], [0.9085817987715084, -0.16326057466888277, 0.0]]	[[-0.02155478286943164, -0.016430084254788348, -0.014967052683469434], [0.005266510705185404, 0.046248187066402185, -0.00586667361930694], [-0.0019501437714327355, 0.00819353346370608, -0.017071554495450704]]	0.3447041473927179	[[0.0, 0.0, 0.9850000000000001], [0.0, -1.0, 0.0], [0.9850000000000001, 0.0, 0.0]]
3	[[-0.30792515101507295, 0.09349718223056193, 0.9468053539599837], [0.3027085282091916, -0.9338174967034747, 0.1906631317268273], [0.9019698710720718, 0.34531602882779927, 0.2592434992682147]]	0.7243104133896994	0.27568958661030074	[[-0.22303339342481313, 0.06772098271219035, 0.6857809773263364], [0.21925493920378702, -0.6763737370678281, 0.13809929175923297], [0.6533061701812662, 0.25011599559035264, 0.18777276612355281]]	0.8545078995797774	0.25637996522654466	[[-0.2615321920498558, 0.08080404207145371, 0.7486649839925174], [0.24312601058598593, -0.8497644360458658, 0.11957472546285547], [0.6849372444337507, 0.268126545334171, 0.1807281499784021]]	[[0.0015922819718199154, 0.0009099612669885709, -0.060387670330715806], [-0.015540818038936172, -0.05181000834693394, -0.043348426756338154], [-0.08580313558028795, -0.026948729150701553, -0.040797468060991604]]	0.46858224916825997	[[0.0, 0.0, 0.9850000000000001], [0.0, -1.0, 0.0], [0.9850000000000001, 0.0, 0.0]]
3	[[-0.5446221603179724, 0.8109226453022452, -0.2139887049042392], [-0.8354447797583356, -0.5021691245819775, 0.22328947644507607], [0.07361197229480154, 0.30038414347728, 0.9509735242804028]]	0.6243246965627024	0.37567530343729766	[[-0.3400210649818416, 0.5062790344641481, -0.13359843325718476], [-0.5215888086175167, -0.3135165863278009, 0.1394051346272168], [0.04595777226633403, 0.18753723922870008, 0.5937162569855262]]	0.7892911360846339	0.3077056413477856	[[-0.46914259995475804, 0.5929487841860905, -0.11965790683162766], [-0.6688051975950075, -0.4333866016849317, 0.044330215143342955], [0.0907446618599047, 0.1569327159056308, 0.7449088830316886]]	[[-0.03927715630051801, -0.047105271801275106, 0.04924148117151881], [-0.009396038243574116, -0.03702896283699674, -0.13191018939573423], [0.03264338461791019, -0.08015782596136117, -0.0056860903339986495]]	0.38864255556067745	[[-0.6860526767767183, 0.6860526767767182, 0.0], [-0.7071067811865475, -0.7071067811865476, 0.0], [0.0, 0.0, 0.9702250000000002]]
3	[[0.8592155572171323, 0.2624339665249735, -0.4391776855101157], [-0.4266000482917053, 0.8413623931712975, -0.33184593135155627], [0.2824199444684594, 0.4724804086637203, 0.8348660002631537]]	0.6079916405401257	0.3920083594598744	[[0.5223958762100425, 0.15955765784097103, -0.2670163615019106], [-0.2593692632153707, 0.5115413017129833, -0.2017595522089986], [0.17170896535862984, 0.28726413878652435, 0.5075915491311678]]	0.808235007357222	0.34516724520368325	[[0.5847267306335624, 0.21595019391074582, -0.29285038832215415], [-0.3243566016205688, 0.7526248575034984, -0.2728598223884625], [0.25123927105032257, 0.3612225135223467, 0.56616408288487]]	[[-0.10972136157526596, 0.003841875045648927, 0.062108391557242036], [0.020436491549068934, 0.07260631746860492, -0.0046503236210732116], [0.02297758515503108, -0.020652693050118635, -0.10860384498011447]]	0.634374109329012	[[0.9556716250000002, 0.0, 0.0], [0.0, 0.7071067811865476, -0.7071067811865475], [0.0, 0.6757618866250674, 0.6757618866250675]]
3	[[0.5319609947059123, -0.8460851799387872, 0.03402011756955908], [-0.703274286200726, -0.4190807785627857, 0.5742617690636116], [-0.47161719485230363, -0.3294103357928521, -0.8179645788128509]]	0.5208755487595892	0.47912445124041086	[[0.277085475036139, -0.44070508239797157, 0.017720247407909832], [-0.3663183797533115, -0.21828893050848674, 0.2991189140926612], [-0.24565386517315171, -0.17158178942318233, -0.42605774885505]]	0.7224961071436036	0.48462661717759203	[[0.49877650384728395, -0.617525155895117, 0.11129423838348672], [-0.42028115042720643, -0.23648634716407135, 0.2868256307593411], [-0.2966424340746672, -0.06435323991754899, -0.5123167765812181]]	[[0.11443675602002329, -0.006231907077447963, 0.08671483587491258], [0.08783178360701463, 0.0662978839262519, -0.12807626187051735], [0.04409915326810841, 0.1736444453456539, 0.07865944739242405]]	0.6536148478295254	[[0.6860526767767183, -0.6860526767767182, 0.0], [-0.7071067811865475, -0.7071067811865476, 0.0], [0.0, 0.0, -0.9702250000000002]]
3	[[0.04673222253661188, -0.9725397674033924, -0.22799671093185395], [-0.8377629715199755, -0.16246744520517667, 0.5213036857710898], [-0.5440306084466285, 0.16664552219444034, -0.8223502702654952]]	0.5613611638480683	0.43863883615193167	[[0.026233654832359336, -0.5459460557180981, -0.12798849900223716], [-0.47028759672126946, -0.09120291412780021, 0.29263964376274665], [-0.3053976555265723, 0.0935483242891401, -0.46163550480701193]]	0.7549871407803961	0.37156508721854625	[[-0.014143316793126401, -0.823179439816172, -0.1686151044802103], [-0.6504982804528959, -0.16242914175907786, 0.23556549226228288], [-0.2777314249561698, 0.023691595390547257, -0.6208638792677322]]	[[-0.04942554386835606, -0.0889244215290532, 0.00351948041356466], [-0.01799800993334119, -0.039768309833725986, -0.15801208693631424], [0.1330046886119694, -0.10212363093488927, 0.0]]	0.6188276314316649	[[1.9082226166408236e-16, -0.9556716250000002, 0.0], [-1.0, -1.7938038903913487e-16, 0.0], [0.0, 0.0, -0.9556716250000002]]
3	[[-0.8305561570912853, 0.32773595720904825, 0.4502950280316503], [-0.5100865793185324, -0.772219296347621, -0.37879947194723407], [0.22358030216652452, -0.5443036842615101, 0.808545204538665]]	0.5331941756244597	0.4668058243755402	[[-0.4428477054901071, 0.17474690352657166, 0.24009468625912878], [-0.2719751931568455, -0.41174283111737003, -0.2019736721718861], [0.11921171489954763, -0.29021955421917206, 0.4311115937891037]]	0.7593993044619847	0.4412011778358554	[[-0.5397934413962522, 0.15293844871257659, 0.251380697599185], [-0.552846696862822, -0.6005873592554718, -0.29230165400346914], [0.23520145081932473, -0.34155591283435316, 0.4874343833869626]]	[[0.09093032661548854, -0.09594400923915739, -0.09057303349074004], [-0.16548730331293537, -0.01416456271696539, -0.004641598476172589], [0.06541472486266567, 0.07178792640993328, -0.12657428256577263]]	0.6804636294038224	[[-0.6757618866250675, 0.6757618866250674, 0.0], [-0.7071067811865475, -0.7071067811865476, 0.0], [0.0, 0.0, 0.9556716250000002]]
3	[[0.22433838825039393, -0.7661379269479729, -0.6022499185961573], [-0.9416906372873723, -0.011392912655017143, -0.3362869982418849], [0.2507808429735371, 0.642575192824231, -0.724020780340167]]	0.5162500307147252	0.48374996928527497	[[0.1158146998247578, -0.3955187283186069, -0.3109115389732069], [-0.4861478204233752, -0.005881591508082749, -0.1736081731713358], [0.12946561788775324, 0.33172946303202977, -0.37377575008871045]]	0.7138984598017535	0.5027961515330491	[[0.2763803773845519, -0.4047761844867937, -0.3897713409812941], [-0.680832584398008, -0.0029763545949575906, -0.038442121678822855], [0.30651796479476595, 0.3383257238848473, -0.4825186402800209]]	[[0.11622554753818787, 0.1421685015570724, 0.04017394832023401], [-0.008561088828821149, 0.005157028202115086, 0.20163264841741377], [0.12748590724817246, -0.12040771657918611, 0.03435867966928808]]	0.7445164778163138	[[1.9082226166408236e-16, -0.9556716250000002, 0.0], [-1.0, -1.7938038903913487e-16, 0.0], [0.0, 0.0, -0.9556716250000002]]
3	[[0.08740825448676931, -0.06334395238859675, -0.994156597696443], [0.7119981850616444, -0.6940087028176986, 0.10681996481098455], [-0.6967197295301035, -0.717174639895393, -0.015561310176609944]]	0.8277081090950041	0.17229189090499594	[[0.07234852104053875, -0.052430303054169375, -0.8228714776236455], [0.5893266714364486, -0.5744366311047141, 0.08841575108729491], [-0.5766805698985445, -0.5936112650787063, -0.012880222621322674]]	0.9125225439724657	0.1350942395675236	[[0.06007322395877419, -0.02856939272369494, -0.8840854097993566], [0.6330010866315157, -0.6373594820235364, 0.06637027738577436], [-0.6453443997465192, -0.6397999752051753, 0.02408335922396189]]	[[-0.01968877878968524, 0.0292333918552181, 0.02310489783761275], [-0.01671330850471445, -0.0040608949892992335, -0.031105348650594524], [-0.009571939719901038, 0.014638051664705672, 0.03828340557386661]]	0.1318470452878637	[[0.0, 0.0, -0.9556716250000002], [0.7071067811865475, -0.7071067811865476, 0.0], [-0.6757618866250675, -0.6757618866250674, 0.0]]
