3	[[0.8787972042104137, -0.3840163418041313, 0.28327887866788265], [-0.395223040501579, -0.9183905790867732, -0.018907472103605397], [0.2674214316928388, -0.09534250611366366, -0.9588511794847616]]	0.5803166236097478	0.41968337639025227	[[0.5099806263850732, -0.2228510668867403, 0.16439144240850104], [-0.2293545004366549, -0.5329573200106374, -0.010972320372159776], [0.15518910232087302, -0.05532884123437303, -0.556437279022821]]	0.7963061061635789	0.36056955517430433	[[0.5569412396954623, -0.23644618743446683, 0.22701041993358617], [-0.34550485317683827, -0.8471989270568063, -0.023389569467780657], [0.20376629572884444, -0.07592181979524873, -0.6466767340677329]]	[[-0.14285034009677172, 0.06934837041076294, 0.0014337191031796536], [-0.030786332728895454, -0.11587890108690349, -0.00833343397956215], [-0.00918302324716948, 0.0, 0.11686231505813244]]	0.5095265882948218	[[0.5987554231760417, -0.5987554231760416, 0.0], [-0.7071067811865475, -0.7071067811865476, 0.0], [0.0, 0.0, -0.8467680399999998]]
3	[[-0.30792515101507295, 0.09349718223056193, 0.9468053539599837], [0.3027085282091916, -0.9338174967034747, 0.1906631317268273], [0.9019698710720718, 0.34531602882779927, 0.2592434992682147]]	0.6036081510715399	0.3963918489284603	[[-0.18586613107263286, 0.0564356612965883, 0.5714994291284206], [0.18271733502593718, -0.5636598526234382, 0.1150858204191397], [0.5444363662000484, 0.20843556969611443, 0.15648148927060318]]	0.7999881509970073	0.30037029963094997	[[-0.17751803487783396, 0.07269114796628937, 0.7290632540130141], [0.2610329038681237, -0.8372286459867677, 0.13193190655645431], [0.670228618147715, 0.24484018316168354, 0.10482688691154461]]	[[0.0688184373281885, -0.0021054899697681047, -0.028369810455500317], [0.018869668095027138, -0.0901857134303009, -0.02059633965698909], [-0.05133659126624071, -0.031408548249896875, -0.1025648407260285]]	0.4824201945455134	[[0.0, 0.0, 0.9201999999999999], [0.0, -1.0, 0.0], [0.9201999999999999, 0.0, 0.0]]
3	[[-0.5446221603179724, 0.8109226453022452, -0.2139887049042392], [-0.8354447797583356, -0.5021691245819775, 0.22328947644507607], [0.07361197229480154, 0.30038414347728, 0.9509735242804028]]	0.5327480095324861	0.46725199046751403	[[-0.29014637185668235, 0.4320174251695893, -0.11400205660016799], [-0.44508154349055956, -0.26752960156971967, 0.11895702412566522], [0.039216631717816024, 0.16002905453264166, 0.506629252178478]]	0.7385636873888209	0.37361569686580587	[[-0.46833115634121547, 0.5381103579201976, -0.0828258064548376], [-0.6804922827755552, -0.4659201209194295, 0.03817391740980127], [0.09847093101246314, 0.08309336036769373, 0.7023545127016767]]	[[-0.06609300538310812, -0.060807661181325745, 0.07521848049879558], [-0.06346310562749738, -0.09503624057534792, -0.1267395816685934], [0.04410380131845077, -0.13875946027201885, 0.0]]	0.43531250478140443	[[-0.5987554231760417, 0.5987554231760416, 0.0], [-0.7071067811865475, -0.7071067811865476, 0.0], [0.0, 0.0, 0.8467680399999998]]
3	[[-0.3195682178843842, -0.5708200961323295, -0.7563336379995778], [0.910087742671785, 0.03735879733279218, -0.41272826520656647], [0.2638493031197415, -0.8202248094963509, 0.507557688474819]]	0.40894407309967823	0.5910559269003217	[[-0.13068552865484548, -0.23343349511950476, -0.3092981585458449], [0.37217498836629165, 0.015277658747377451, -0.16878277785693752], [0.10789960870229873, -0.33542607445284545, 0.20756270845795005]]	0.6155146021654316	0.6057427286050964	[[-0.2667777264154201, -0.2667777264154201, -0.365731790613111], [0.6098968537884345, -0.09760628078763753, -0.05694425707251061], [0.21630889244445078, -0.3343570110060945, 0.3329099443258538]]	[[-0.07007882191959738, 0.08457037796350421, 0.09980260768453272], [0.04972455892217502, -0.12060116606531009, 0.1970960168885379], [0.053905793603076714, 0.17050333629726888, 0.020500775628269578]]	0.9424202785566989	[[0.0, 0.0, -0.7791959504079997], [0.7071067811865475, 0.7071067811865476, 0.0], [0.5509747404065934, -0.5509747404065933, 0.0]]
3	[[0.8489524140446696, -0.5135124485683378, 0.12483895166604869], [0.522794976890395, 0.7815435453534784, -0.34040431673891397], [0.0772347773085365, 0.35425224329800037, 0.9319550081910795]]	0.674808037870745	0.32519196212925516	[[0.5728799127671158, -0.3465223278406018, 0.08424232802360708], [0.3527862525640889, 0.5273918663505263, -0.2297075690613181], [0.05211864853095745, 0.23905226121123335, 0.6288907304612362]]	0.8266897027034031	0.2607672025100509	[[0.6611054445296887, -0.4096489069833783, 0.04922513207067793], [0.4764838216046477, 0.6266995350844172, -0.2639287314304734], [0.027845575854259737, 0.2270317549433636, 0.7292920870856342]]	[[-0.04071477424623557, 0.014866546458077402, -0.05397794376793239], [0.04429459758429453, -0.01939446607361357, 0.017480011973374447], [-0.03600361923729786, -0.06582492675067395, -0.041145521568797]]	0.4544708927735741	[[0.650679660047861, -0.6506796600478609, 0.0], [0.7071067811865475, 0.7071067811865476, 0.0], [0.0, 0.0, 0.9201999999999999]]
3	[[0.8592155572171323, 0.2624339665249735, -0.4391776855101157], [-0.4266000482917053, 0.8413623931712975, -0.33184593135155627], [0.2824199444684594, 0.4724804086637203, 0.8348660002631537]]	0.5033747196715908	0.4966252803284093	[[0.4325073902516436, 0.1321026243318122, -0.22107094432967253], [-0.21473967972072422, 0.42352055880482053, -0.16704285266824756], [0.142163060376477, 0.23783469326141884, 0.42025043884580726]]	0.7437579831698032	0.4520785275384794	[[0.4653779515330353, 0.18818122794039113, -0.28644358804783077], [-0.3530724958207977, 0.7495566615425238, -0.25155120848923673], [0.23849140552329154, 0.3117744923711845, 0.46213612771237567]]	[[-0.17367047841089764, -0.007006129717474871, 0.04019832158035498], [-0.035785304283218335, 0.12378666488252058, -0.004738147864098249], [0.02843931721850234, -0.03963658346378859, -0.15880212486038792]]	0.6892715002812312	[[0.650679660047861, 0.6506796600478609, 0.0], [-0.7071067811865475, 0.7071067811865476, 0.0], [0.0, 0.0, 0.9201999999999999]]
3	[[-0.42203838922340475, -0.825029846081567, 0.3757783270710803], [0.2588054115689476, 0.28760896992378115, 0.9221175843470338], [-0.8688517462515349, 0.4864224845687207, 0.09214016247897017]]	0.4051308270290612	0.5948691729709388	[[-0.1709807616640908, -0.3342450238666843, 0.15223938442590385], [0.1048500504285243, 0.11651925984619788, 0.37357825956455387], [-0.35199862652452846, 0.19706474345885663, 0.03732882022769726]]	0.5989552981234593	0.6410373447789522	[[-0.09109692712819001, -0.3324707953118779, 0.2865403792866075], [0.15573182013970455, 0.08310882401412538, 0.6209600437883338], [-0.44179091455693215, 0.16923810055535615, -0.02839379326609479]]	[[0.16168520210865892, 0.1616852021086589, 0.061465959367413815], [0.0007189476974609199, -0.08915609230955397, 0.06865283115087199], [0.0786124421442441, -0.12210722370345573, -0.08358163175283037]]	0.702811615995883	[[0.0, -0.5509747404065933, 0.5509747404065934], [0.0, 0.7071067811865476, 0.7071067811865475], [-0.7791959504079997, 0.0, 0.0]]
3	[[0.3802729664721569, 0.7767473726770865, -0.5020517802076895], [0.4287143634067757, 0.332951791095048, 0.839849450446521], [0.8195098935212374, -0.5346088512602871, -0.20639019011321075]]	0.4966805185912149	0.5033194814087852	[[0.1888741741936106, 0.38579528787561906, -0.24935933855319792], [0.21293407234437992, 0.16537066826696245, 0.41713686058632493], [0.4070345989047595, -0.2655298014874131, -0.10250998665756896]]	0.6496770104945949	0.5180111150143707	[[0.12369110340384615, 0.4120884973733334, -0.2389903727768298], [0.3014030482159933, 0.14472724986656138, 0.4698408717553295], [0.5639373745101479, -0.2715471709098628, -0.09157823980833418]]	[[-0.12336350062569607, -0.0925464136170471, 0.08718112690199127], [0.022877182241785872, -0.07158387441089027, -0.07579000847629473], [0.03152063681652667, 0.07577590936087011, 0.042508721899827684]]	0.7260009061767025	[[0.0, 0.5509747404065933, -0.5509747404065934], [0.0, 0.7071067811865476, 0.7071067811865475], [0.7791959504079997, 0.0, 0.0]]
3	[[0.034229894132735264, 0.2773841392786001, 0.9601491309293217], [-0.1827544195208179, -0.9427759796974285, 0.2788803941677556], [0.9825625356654255, -0.18501754344446375, 0.018422055382213542]]	0.7650934262915988	0.2349065737084012	[[0.026189066983613115, 0.21222478151961022, 0.7346037883336157], [-0.13982420500111478, -0.7213117045321243, 0.21336955629935975], [0.7517521369580217, -0.14155570623797953, 0.014094593471711346]]	0.872919305202608	0.19556824441522797	[[0.009208782589004805, 0.2127581122537851, 0.7859612401657519], [-0.16815315461063857, -0.8238554393459727, 0.25709743265856416], [0.8154408124792988, -0.14540253160277294, 0.0]]	[[-0.020671152814501284, -0.029375857879513953, -0.05217147209595961], [-0.008623293699820256, -0.0008880861867855347, 0.013657352747017439], [-0.042256993471877266, 0.01610285387106172, -0.016080967784645808]]	0.37384961353938084	[[0.0, 0.0, 0.9201999999999999], [0.0, -1.0, 0.0], [0.9201999999999999, 0.0, 0.0]]
3	[[0.04673222253661188, -0.9725397674033924, -0.22799671093185395], [-0.8377629715199755, -0.16246744520517667, 0.5213036857710898], [-0.5440306084466285, 0.16664552219444034, -0.8223502702654952]]	0.5048947455306885	0.4951052544693115	[[0.02359485360570617, -0.4910302183816107, -0.11511434134777232], [-0.4229821223206114, -0.08202895940388871, 0.26320349177160435], [-0.2746781956125662, 0.08413844852219066, -0.4152003304427901]]	0.6992249170813079	0.46661608198736354	[[-1.043091457077447e-16, -0.7039817608168499, -0.1077607347217347], [-0.6704329558559158, -0.13829734955027592, 0.23303909176988818], [-0.2567973061850049, 0.0, -0.5223986442229949]]	[[-0.03267633442818768, -0.023957722595938532, 0.05166024657440175], [-0.08464821156107062, -0.024696063648274508, -0.13146943468758215], [0.12360245089578241, -0.1165227014383788, 0.052609155315187235]]	0.6814282129923951	[[1.5558475280287685e-16, -0.7791959504079997, 0.0], [-1.0, -1.7938038903913487e-16, 0.0], [0.0, 0.0, -0.7791959504079997]]
3	[[0.5319609947059123, -0.8460851799387872, 0.03402011756955908], [-0.703274286200726, -0.4190807785627857, 0.5742617690636116], [-0.47161719485230363, -0.3294103357928521, -0.8179645788128509]]	0.46171692309287726	0.5382830769071228	[[0.24561539368104018, -0.39065184595582014, 0.015707664007474767], [-0.32471363951493865, -0.19349668760537686, 0.2651463770619232], [-0.2177536400848996, -0.15209432667726713, -0.3776680885284308]]	0.6653821972731343	0.548338486059666	[[0.39935959729340526, -0.539144808480293, 0.09458168053140531], [-0.40604648955262496, -0.2342681042078511, 0.3010602916339225], [-0.27622082487341904, -0.03926734169686745, -0.44697773366558885]]	[[0.04540222177238316, 0.02382520762761243, 0.07194529995148174], [0.061899700285309195, 0.04458078506719115, -0.08104326607558064], [0.037584860509198736, 0.1799164313374615, 0.09728133507649972]]	0.6993956056822201	[[0.5987554231760417, -0.5987554231760416, 0.0], [-0.7071067811865475, -0.7071067811865476, 0.0], [0.0, 0.0, -0.8467680399999998]]
3	[[0.08740825448676931, -0.06334395238859675, -0.994156597696443], [0.7119981850616444, -0.6940087028176986, 0.10681996481098455], [-0.6967197295301035, -0.717174639895393, -0.015561310176609944]]	0.6335084637427698	0.36649153625723013	[[0.055373869018350313, -0.040128929965095074, -0.6298066189264127], [0.4510568764060427, -0.43966038714615285, 0.06767135180446356], [-0.441377845513894, -0.4543362043554046, -0.00985822170380888]]	0.8237715844123192	0.2834510124449315	[[0.03721038820021345, -0.029148838821334323, -0.7299117178405622], [0.6359301322072386, -0.6395712201683529, 0.07117664897930885], [-0.5367368669468627, -0.521825901585259, 0.026311717826954826]]	[[-0.034794048089067706, 0.023032109200758526, 0.08904623779779743], [0.04940625920031211, -0.06786657145227919, -0.016818602679904093], [0.0372010485394732, 0.06896218782170349, 0.039130682966672346]]	0.2608199849854867	[[0.0, 0.0, -0.7791959504079997], [0.7071067811865475, -0.7071067811865476, 0.0], [-0.5509747404065934, -0.5509747404065933, 0.0]]
3	[[0.22433838825039393, -0.7661379269479729, -0.6022499185961573], [-0.9416906372873723, -0.011392912655017143, -0.3362869982418849], [0.2507808429735371, 0.642575192824231, -0.724020780340167]]	0.42745322320872303	0.5725467767912771	[[0.0958941671470808, -0.32748812629636015, -0.2574336688811185], [-0.40252869817396375, -0.004869937236122504, -0.14374696132167986], [0.1071970796480391, 0.27467083732668424, -0.30948501622649915]]	0.646008754270891	0.5658612419508173	[[0.26628761485591834, -0.388272940388229, -0.26358255834807043], [-0.6839029290601248, -0.048956925947439604, -0.04045271980920536], [0.24019003666435934, 0.24019003666435929, -0.46705228649521136]]	[[0.12136305212714187, 0.1066588673991139, 0.12547616132397862], [-0.07556253355754804, -0.041597004635654876, 0.17679162500253204], [0.07818341670002066, -0.17491916317739992, 0.0006714758785783398]]	0.7318671481630359	[[-1.5558475280287685e-16, -0.7791959504079997, 0.0], [-1.0, 1.7938038903913487e-16, 0.0], [0.0, 0.0, -0.7791959504079997]]
3	[[-0.8305561570912853, 0.32773595720904825, 0.4502950280316503], [-0.5100865793185324, -0.772219296347621, -0.37879947194723407], [0.22358030216652452, -0.5443036842615101, 0.808545204538665]]	0.457996947395712	0.5420030526042878	[[-0.38039218458852214, 0.1501020679535558, 0.20623374826596239], [-0.23361809623540858, -0.3536740804472752, -0.17348900182694083], [0.10239909589007914, -0.2492894258480111, 0.3703112355101502]]	0.6881596471162696	0.5250189040735135	[[-0.4416493990138397, 0.10784530063919709, 0.24718283241538488], [-0.5440953049432333, -0.5956486697777688, -0.2717607477914228], [0.20346395220444055, -0.30886442682012666, 0.39860864440156357]]	[[0.12990583296034422, -0.11768936002109438, -0.06269203517308643], [-0.19307430452064703, -0.06423851130681588, -0.011086236848384936], [0.04960501036337612, 0.0657034044653596, -0.15779953823131612]]	0.6859896760389826	[[-0.5987554231760417, 0.5987554231760416, 0.0], [-0.7071067811865475, -0.7071067811865476, 0.0], [0.0, 0.0, 0.8467680399999998]]
