3	[[-0.8305561570912853, 0.32773595720904825, 0.4502950280316503], [-0.5100865793185324, -0.772219296347621, -0.37879947194723407], [0.22358030216652452, -0.5443036842615101, 0.808545204538665]]	0.5358978537195928	0.4641021462804072	[[-0.4450932619788127, 0.17563299605506524, 0.24131213906276525], [-0.27335430306797026, -0.4138306635135443, -0.2029978240066378], [0.11981620406501846, -0.29169117616741014, 0.4332976397475396]]	0.7615984620393851	0.43819979332354236	[[-0.5429062170953363, 0.15433309616788676, 0.2519553295111058], [-0.5526614102792258, -0.6012096753548086, -0.2929005165468964], [0.23602228397338396, -0.3425694448368597, 0.49010915111277864]]	[[0.08964407478272851, -0.09527010479753013, -0.09098867130178094], [-0.16418025596330063, -0.013088646899324277, -0.004407421290551716], [0.06574386970105792, 0.07197140397907754, -0.1256776331531887]]	0.6805909905673543	[[-0.6802999550036728, 0.6802999550036727, 0.0], [-0.7071067811865475, -0.7071067811865476, 0.0], [0.0, 0.0, 0.9620894228480003]]
3	[[0.22433838825039393, -0.7661379269479729, -0.6022499185961573], [-0.9416906372873723, -0.011392912655017143, -0.3362869982418849], [0.2507808429735371, 0.642575192824231, -0.724020780340167]]	0.5186863328056276	0.4813136671943724	[[0.11636125590912191, -0.39738527175194993, -0.3123788017091286], [-0.48844206329198153, -0.00590934808500568, -0.1744274698882958], [0.13007659577984787, 0.33329497031786937, -0.37553968342971006]]	0.7160517996379286	0.500720110040159	[[0.2748682019782003, -0.4052298739479377, -0.3952845870586752], [-0.6812696328214265, -0.00033294988976773077, -0.03838291803507414], [0.3082915931720578, 0.34254810887947057, -0.48215621161282884]]	[[0.11423029534363338, 0.1433645674140302, 0.035957550983899314], [-0.006970357289615807, 0.007824965719975038, 0.20241599225086446], [0.1287195192461398, -0.11756901434500905, 0.036280171125005214]]	0.745704927468555	[[1.9210372557723166e-16, -0.9620894228480003, 0.0], [-1.0, -1.7938038903913487e-16, 0.0], [0.0, 0.0, -0.9620894228480003]]
3	[[-0.30792515101507295, 0.09349718223056193, 0.9468053539599837], [0.3027085282091916, -0.9338174967034747, 0.1906631317268273], [0.9019698710720718, 0.34531602882779927, 0.2592434992682147]]	0.7282264194684221	0.2717735805315778	[[-0.2242392301879798, 0.06808711824614869, 0.6894886728478111], [0.22044034764033552, -0.6800305720613365, 0.1388459297420636], [0.6568382896792093, 0.25146825525832267, 0.18878796524255656]]	0.8563054336655337	0.25413244417689534	[[-0.26285823217502036, 0.08142581807707794, 0.7509882152204025], [0.24304283374713215, -0.8497507045119828, 0.1196910531570421], [0.6870422671832191, 0.269532671262101, 0.18143241409794245]]	[[0.0008197478014666106, 0.0013636729006311788, -0.05976635399915038], [-0.01616812377529512, -0.0501177080328508, -0.04357482254032756], [-0.08531943441839672, -0.026163320554947512, -0.0405592029678966]]	0.4682209030346843	[[0.0, 0.0, 0.9872000000000001], [0.0, -1.0, 0.0], [0.9872000000000001, 0.0, 0.0]]
3	[[0.3802729664721569, 0.7767473726770865, -0.5020517802076895], [0.4287143634067757, 0.332951791095048, 0.839849450446521], [0.8195098935212374, -0.5346088512602871, -0.20639019011321075]]	0.5538936502380697	0.4461063497619306	[[0.21063078148612213, 0.43023543756494176, -0.27808329314775815], [0.23746216365686934, 0.18441988292293937, 0.46518727775826035], [0.4539213263286901, -0.2961164480741418, -0.11431821577513547]]	0.7179581638303226	0.4415227788476669	[[0.2250408383889571, 0.48306781450015257, -0.3149358070592066], [0.3350404094052357, 0.21910843074862785, 0.4883999980181818], [0.6048234688468273, -0.31044749298549623, -0.05499306121105574]]	[[-0.047979242373702505, -0.07460430294711569, 0.04551636720645083], [0.027241432246021387, -0.0199370258299899, -0.11457677131830801], [0.016449650453536233, 0.07337929623277761, 0.09318646071521627]]	0.675796358349901	[[0.0, 0.6802999550036727, -0.6802999550036728], [0.0, 0.7071067811865476, 0.7071067811865475], [0.9620894228480003, 0.0, 0.0]]
3	[[-0.5446221603179724, 0.8109226453022452, -0.2139887049042392], [-0.8354447797583356, -0.5021691245819775, 0.22328947644507607], [0.07361197229480154, 0.30038414347728, 0.9509735242804028]]	0.6275678193532376	0.37243218064676253	[[-0.3417873415221993, 0.508908956176489, -0.13429242490297688], [-0.5242982586229846, -0.31514518246043594, 0.1401292898171625], [0.046196504931339546, 0.18851142189032663, 0.5968003808953156]]	0.7908314215895216	0.3069656424767824	[[-0.4684534754843843, 0.5947765053981122, -0.1212417577407035], [-0.6678202666546561, -0.43159656603910945, 0.045252794923357896], [0.09115406929619282, 0.16005357876165116, 0.7452790529344842]]	[[-0.03774915821096589, -0.04652660298539772, 0.0479872339628166], [-0.00712428381882679, -0.03446544336757871, -0.1313315391596816], [0.03293940860028645, -0.07749964044743696, -0.0067806911661841655]]	0.3873544564897881	[[-0.6891206999632017, 0.6891206999632016, 0.0], [-0.7071067811865475, -0.7071067811865476, 0.0], [0.0, 0.0, 0.9745638400000002]]
3	[[0.04673222253661188, -0.9725397674033924, -0.22799671093185395], [-0.8377629715199755, -0.16246744520517667, 0.5213036857710898], [-0.5440306084466285, 0.16664552219444034, -0.8223502702654952]]	0.5633681958938781	0.43663180410612185	[[0.02632744790056224, -0.5478979741971011, -0.12844609570741655], [-0.47196901385190293, -0.09152899149672789, 0.2936859169656879], [-0.3064895423916258, 0.09388278719247507, -0.46328598815231503]]	0.7561671074629435	0.37414522888073026	[[-0.012591468980668962, -0.8260876877786929, -0.12916432353206828], [-0.6498912096179721, -0.11750834172951313, 0.23580593290830762], [-0.2773581645096519, 0.026081992501358307, -0.6218342251880294]]	[[-0.04792883852149322, -0.09068510496858587, 0.04323928988433662], [-0.016402406704151815, 0.005344196368179462, -0.15838676727098855], [0.13401988705074042, -0.09992986998806341, 0.0]]	0.6169037988312412	[[1.9210372557723166e-16, -0.9620894228480003, 0.0], [-1.0, -1.7938038903913487e-16, 0.0], [0.0, 0.0, -0.9620894228480003]]
3	[[0.034229894132735264, 0.2773841392786001, 0.9601491309293217], [-0.1827544195208179, -0.9427759796974285, 0.2788803941677556], [0.9825625356654255, -0.18501754344446375, 0.018422055382213542]]	0.8669635503851982	0.13303644961480188	[[0.029676070546625632, 0.2404819382095175, 0.8324142994497472], [-0.15844142039635428, -0.8173524105763663, 0.24177913666050094], [0.8518459043959805, -0.16040346634815994, 0.015971250539556604]]	0.9283721087335339	0.12354002521996524	[[0.010591603918404854, 0.24135725748222175, 0.8778930376653471], [-0.16388506457312388, -0.8275866149507147, 0.2523576679475152], [0.9117666482135176, -0.16396631348057134, 0.0]]	[[-0.0211864750793282, -0.016158440829088537, -0.013482635714177328], [0.005779041257790758, 0.047660309384310415, -0.006547111670443228], [-0.0004170049847616599, 0.007798813479663715, -0.01710252240239154]]	0.34376885437062554	[[0.0, 0.0, 0.9872000000000001], [0.0, -1.0, 0.0], [0.9872000000000001, 0.0, 0.0]]
3	[[-0.42203838922340475, -0.825029846081567, 0.3757783270710803], [0.2588054115689476, 0.28760896992378115, 0.9221175843470338], [-0.8688517462515349, 0.4864224845687207, 0.09214016247897017]]	0.46446114111356296	0.5355388588864372	[[-0.1960204318524326, -0.38319430376379177, 0.1745344305971796], [0.12020505678367871, 0.13358319036529576, 0.42828778546670543], [-0.4035478735224997, 0.22592434224608246, 0.042795525007371576]]	0.6638949136741528	0.5919612326994057	[[-0.12921231525509463, -0.3967562937173654, 0.3677423042760394], [0.12695197465826488, 0.09900914999808834, 0.6553600196102813], [-0.5287118191419221, 0.18878236782169605, -0.03238631239005937]]	[[0.15097682472555618, 0.15097682472555615, 0.11826498426456698], [-0.04486762171370512, -0.09193298226137246, 0.043170845552789015], [0.048114435931377736, -0.13415104558022173, -0.09355769760495769]]	0.6585733629146672	[[0.0, -0.6802999550036727, 0.6802999550036728], [0.0, 0.7071067811865476, 0.7071067811865475], [-0.9620894228480003, 0.0, 0.0]]
3	[[0.8489524140446696, -0.5135124485683378, 0.12483895166604869], [0.522794976890395, 0.7815435453534784, -0.34040431673891397], [0.0772347773085365, 0.35425224329800037, 0.9319550081910795]]	0.7623366688093969	0.2376633311906031	[[0.6471875553005093, -0.3914693694337435, 0.09516931055075287], [0.39854578115290934, 0.5957993028942566, -0.25950269287108246], [0.05887890284962532, 0.2700594750740536, 0.7104634764246217]]	0.8859979832851985	0.19435553423627797	[[0.7608483447580322, -0.443861076000257, 0.055334754329806], [0.46709297601669203, 0.6256657032498679, -0.27374780418551237], [0.039226019646321636, 0.27947860161823135, 0.8126321811311823]]	[[0.008678218009354128, 0.01110991782313448, -0.0552723050817515], [0.0038976808201701615, -0.06678030178287808, 0.02784973394674137], [-0.02920383728852313, -0.03438817151805447, -0.013078076638654797]]	0.4309758462563425	[[0.6980558143873599, -0.6980558143873598, 0.0], [0.7071067811865475, 0.7071067811865476, 0.0], [0.0, 0.0, 0.9872000000000001]]
3	[[-0.3195682178843842, -0.5708200961323295, -0.7563336379995778], [0.910087742671785, 0.03735879733279218, -0.41272826520656647], [0.2638493031197415, -0.8202248094963509, 0.507557688474819]]	0.4775488941642547	0.5224511058357453	[[-0.1526094490607293, -0.27259450567472754, -0.36118629244592615], [0.43461139510535385, 0.01784065235358147, -0.1970979266397271], [0.1260009429308418, -0.3916974507410689, 0.2423836128557151]]	0.6763687944120162	0.5484101717623059	[[-0.25643634954152134, -0.27605118422301717, -0.4843457521386082], [0.5882047198714527, -0.032372715093492876, -0.07310442490990597], [0.2929780930495778, -0.4625500967220934, 0.3119376041193565]]	[[-0.0402903792786639, 0.11003371602415771, 0.027214718768420396], [-0.027350229448615884, -0.05764103980615639, 0.20605209424762227], [0.11451865799202768, 0.0922243688237791, -0.03135857772890644]]	0.9042480060872372	[[0.0, 0.0, -0.9620894228480003], [0.7071067811865475, 0.7071067811865476, 0.0], [0.6802999550036728, -0.6802999550036727, 0.0]]
3	[[0.5319609947059123, -0.8460851799387872, 0.03402011756955908], [-0.703274286200726, -0.4190807785627857, 0.5742617690636116], [-0.47161719485230363, -0.3294103357928521, -0.8179645788128509]]	0.5228460831309741	0.4771539168690261	[[0.2781337224604431, -0.4423723223261603, 0.01778728521889919], [-0.3677042059067812, -0.21911474358703156, 0.3002505166467733], [-0.2465832030657443, -0.17223090381215161, -0.427669576172176]]	0.7242777108373639	0.48215280937592936	[[0.5036786083766335, -0.6202677291112718, 0.11141478109425748], [-0.42207011765832597, -0.2383947944450071, 0.28503666352822143], [-0.2954765249830087, -0.06529730460746443, -0.5164172052210486]]	[[0.11839111687626826, -0.007467091811788033, 0.08677476821855926], [0.08729577244191693, 0.06513607250838745, -0.13088833599058602], [0.04610529729615676, 0.17328725932674985, 0.07601630746757154]]	0.6521088373181984	[[0.6891206999632017, -0.6891206999632016, 0.0], [-0.7071067811865475, -0.7071067811865476, 0.0], [0.0, 0.0, -0.9745638400000002]]
3	[[0.08740825448676931, -0.06334395238859675, -0.994156597696443], [0.7119981850616444, -0.6940087028176986, 0.10681996481098455], [-0.6967197295301035, -0.717174639895393, -0.015561310176609944]]	0.8291715038099279	0.17082849619007223	[[0.0724764338181954, -0.05252300025931724, -0.8243263211345212], [0.5903686058175031, -0.5754522397725284, 0.08857207085924763], [-0.5777001458685221, -0.5946607746564064, -0.012902994960392412]]	0.9153050814097349	0.13029205832917304	[[0.061626167747745896, -0.02823811343685245, -0.8890648363658812], [0.6326817432498444, -0.6372304234037804, 0.06602806822215998], [-0.6486311362079362, -0.6439832058204833, 0.023563685545831048]]	[[-0.01837905174114931, 0.02974092806100647, 0.02089174922268676], [-0.019013813491587702, -0.0020007311721623893, -0.03174478836534323], [-0.010920027450616241, 0.01245038633396681, 0.03780703182387515]]	0.12823888143199713	[[0.0, 0.0, -0.9620894228480003], [0.7071067811865475, -0.7071067811865476, 0.0], [-0.6802999550036728, -0.6802999550036727, 0.0]]
3	[[0.8787972042104137, -0.3840163418041313, 0.28327887866788265], [-0.395223040501579, -0.9183905790867732, -0.018907472103605397], [0.2674214316928388, -0.09534250611366366, -0.9588511794847616]]	0.6991314059293201	0.30086859407068	[[0.6143947249063823, -0.26847788494535657, 0.1980491607131581], [-0.27631283996152955, -0.6420756967491782, -0.013218807554363044], [0.186962721515046, -0.06665694034407048, -0.6703629731901684]]	0.8461595845632734	0.2856697702335882	[[0.6218170538154272, -0.271492869862016, 0.2464693414785654], [-0.3453607030653258, -0.850320018312527, -0.015998738740328425], [0.21951100435512835, -0.080674975364359, -0.7278147507832722]]	[[-0.1217856234146226, 0.05344623838447576, 0.006770203189399864], [-0.010938939304675896, -0.07321502744563892, 0.0], [-0.006770203189399864, 0.0, 0.08352636490755867]]	0.47304300339575356	[[0.6891206999632017, -0.6891206999632016, 0.0], [-0.7071067811865475, -0.7071067811865476, 0.0], [0.0, 0.0, -0.9745638400000002]]
3	[[0.8592155572171323, 0.2624339665249735, -0.4391776855101157], [-0.4266000482917053, 0.8413623931712975, -0.33184593135155627], [0.2824199444684594, 0.4724804086637203, 0.8348660002631537]]	0.6118643085849816	0.3881356914150183	[[0.5257233328421205, 0.16057397747701715, -0.26871715089059944], [-0.2610213435903241, 0.5147996189671614, -0.20304468134315928], [0.1728026840528028, 0.2890938985669768, 0.5108247080121237]]	0.8104329639591301	0.3416264909858915	[[0.5881984057075961, 0.21716821707468675, -0.29368491641242384], [-0.32467457477780265, 0.7525609953346081, -0.2726960261454862], [0.25196462941174547, 0.3630796451103898, 0.5694802003106605]]	[[-0.10813820500768014, 0.004483079740301278, 0.062239156960249994], [0.021056166784352154, 0.07069317727304622, -0.003757144422466377], [0.02308219673499893, -0.01983405289557009, -0.10712272679131128]]	0.6324906216407946	[[0.9620894228480003, 0.0, 0.0], [0.0, 0.7071067811865476, -0.7071067811865475], [0.0, 0.6802999550036727, 0.6802999550036728]]
