3	[[-0.8305561570912853, 0.32773595720904825, 0.4502950280316503], [-0.5100865793185324, -0.772219296347621, -0.37879947194723407], [0.22358030216652452, -0.5443036842615101, 0.808545204538665]]	0.49966421296531927	0.5003357870346806	[[-0.4149991885565171, 0.16375792911929465, 0.22499631078363092], [-0.2548720091993663, -0.3858503469461668, -0.18927254002219326], [0.11171507571658476, -0.27196907201065107, 0.40400110327269506]]	0.7293106592405819	0.47493080035930835	[[-0.5004313996385571, 0.12893009026340607, 0.25223738533048434], [-0.5535524800432138, -0.5908116220116453, -0.2862848227469262], [0.21894928758603283, -0.3294199215752019, 0.44990179757069765]]	[[0.10530205882601257, -0.11009123674556805, -0.07616757841603491], [-0.18154090061064154, -0.02762385791406346, -0.010022330141104631], [0.05588979001975632, 0.06754655722063756, -0.13977883857720727]]	0.6808234901548983	[[-0.6476030384429186, 0.6476030384429184, 0.0], [-0.7071067811865475, -0.7071067811865476, 0.0], [0.0, 0.0, 0.9158490000000001]]
3	[[0.08740825448676931, -0.06334395238859675, -0.994156597696443], [0.7119981850616444, -0.6940087028176986, 0.10681996481098455], [-0.6967197295301035, -0.717174639895393, -0.015561310176609944]]	0.7455029818456268	0.2544970181543733	[[0.0651631143578079, -0.04722310538758629, -0.7411467080042015], [0.5307967700321303, -0.5173855573774099, 0.07963460228723392], [-0.5194066358753708, -0.534655832546079, -0.011601003138087419]]	0.8758114967040003	0.19701671599218762	[[0.04276644711673702, -0.032259870143402945, -0.8203385701494706], [0.6357974452373321, -0.6381014957537868, 0.07130933594921535], [-0.6028781387601648, -0.58749623764647, 0.030240444763500622]]	[[-0.03378670706960457, 0.023217491605200903, 0.05035520763720773], [0.012221249127961615, -0.030280695013416518, -0.02224481730976167], [0.0073170103428013035, 0.04061355711846667, 0.04386921911995257]]	0.18360068407352223	[[0.0, 0.0, -0.8764674930000002], [0.7071067811865475, -0.7071067811865476, 0.0], [-0.619756107789873, -0.6197561077898729, 0.0]]
3	[[0.22433838825039393, -0.7661379269479729, -0.6022499185961573], [-0.9416906372873723, -0.011392912655017143, -0.3362869982418849], [0.2507808429735371, 0.642575192824231, -0.724020780340167]]	0.4778413911331121	0.522158608866888	[[0.10719816752612848, -0.36609241281265803, -0.2877799389117912], [-0.44997876413842475, -0.005444005232131433, -0.1606918470598807], [0.11983346687600951, 0.3070490240467583, -0.3459670968870268]]	0.6863969806354344	0.5338282169538449	[[0.2931607141527597, -0.3983491922376952, -0.32417987593586406], [-0.6749806698021952, -0.03621646507521569, -0.03941020860928679], [0.28440427868506307, 0.2881962728317302, -0.48523856925636183]]	[[0.13917552181706944, 0.12752556756968447, 0.0892026497764745], [-0.028607059675484756, -0.02839640422816872, 0.19141617161089663], [0.11226906526681815, -0.15286539935405402, 0.011727108286439941]]	0.7340587068809461	[[1.7500729844239989e-16, -0.8764674930000002, 0.0], [-1.0, -1.7938038903913487e-16, 0.0], [0.0, 0.0, -0.8764674930000002]]
3	[[-0.30792515101507295, 0.09349718223056193, 0.9468053539599837], [0.3027085282091916, -0.9338174967034747, 0.1906631317268273], [0.9019698710720718, 0.34531602882779927, 0.2592434992682147]]	0.6733282273658363	0.3266717726341639	[[-0.20733469609433652, 0.06295429197500481, 0.6375107706423591], [0.20382219670761623, -0.6287656797385531, 0.12837886850964356], [0.60732177442635, 0.23251102957163208, 0.1745559658183835]]	0.8311258310783725	0.2800435987843503	[[-0.23621161231652138, 0.07344583267043293, 0.7282226605818756], [0.24688579911764655, -0.8486490826099589, 0.11850763832300074], [0.6663539808977934, 0.253232298241739, 0.16276577964608846]]	[[0.019712934730814497, -0.004262090614428893, -0.05869172609756839], [-0.004703077964728719, -0.07252923958675828, -0.03995741548946383], [-0.0832964778046347, -0.033768773202448914, -0.05269818913487192]]	0.47382237797863314	[[0.0, 0.0, 0.9570000000000001], [0.0, -1.0, 0.0], [0.9570000000000001, 0.0, 0.0]]
3	[[0.034229894132735264, 0.2773841392786001, 0.9601491309293217], [-0.1827544195208179, -0.9427759796974285, 0.2788803941677556], [0.9825625356654255, -0.18501754344446375, 0.018422055382213542]]	0.8319531590621888	0.16804684093781125	[[0.02847766855809339, 0.23077061094657747, 0.7987991026474645], [-0.15204311665292103, -0.7843454545972256, 0.23201542492837268], [0.8174460055230053, -0.1539259297505474, 0.015326287171651156]]	0.9043820710973662	0.14530982719982663	[[0.009099726353857814, 0.22874289616442262, 0.8360108554360677], [-0.16589626429594567, -0.8258630972198349, 0.2545074081055737], [0.8679947027791043, -0.15529628820164454, 0.0]]	[[-0.021857176195348882, -0.022118346205918044, -0.03233080415612868], [-0.0006164438675114545, 0.02676659587977383, 0.002292979639689066], [-0.020617238208673044, 0.012030260928006539, -0.01666057660043666]]	0.3569170353866672	[[0.0, 0.0, 0.9570000000000001], [0.0, -1.0, 0.0], [0.9570000000000001, 0.0, 0.0]]
3	[[-0.5446221603179724, 0.8109226453022452, -0.2139887049042392], [-0.8354447797583356, -0.5021691245819775, 0.22328947644507607], [0.07361197229480154, 0.30038414347728, 0.9509735242804028]]	0.5843875661077986	0.41561243389220137	[[-0.3182704187165911, 0.4738931109898768, -0.12505233843354827], [-0.48822354146043967, -0.2934613924889457, 0.13048759367722265], [0.0430179213257538, 0.17554075850406342, 0.5557371032871802]]	0.7690791858334896	0.3378051595828406	[[-0.48205466376389694, 0.5766530958924315, -0.10950397098977752], [-0.6738934536800607, -0.42594528614003163, 0.051288532643689544], [0.13342669516214106, 0.10409107169640702, 0.7313739438027764]]	[[-0.06319709611967447, -0.04701063193055887, 0.05507028795553766], [-0.03137026265468086, -0.03973746465580811, -0.12043875610587573], [0.07681325944205772, -0.12692812080638952, 0.0]]	0.40693874181841555	[[-0.6476030384429186, 0.6476030384429184, 0.0], [-0.7071067811865475, -0.7071067811865476, 0.0], [0.0, 0.0, 0.9158490000000001]]
3	[[0.3802729664721569, 0.7767473726770865, -0.5020517802076895], [0.4287143634067757, 0.332951791095048, 0.839849450446521], [0.8195098935212374, -0.5346088512602871, -0.20639019011321075]]	0.5318482419934247	0.46815175800657555	[[0.20224750869584124, 0.41311172463131995, -0.2670153566931289], [0.22801098049522392, 0.1770798247624634, 0.4466724537591262], [0.43585489616548867, -0.284330777696908, -0.10976825977639985]]	0.6884511391683756	0.46191555459902356	[[0.1945344453755805, 0.4497349610949125, -0.28994956172384984], [0.34007669296447957, 0.20336103977280678, 0.4794994101488875], [0.5626505185158823, -0.2800063227292724, -0.07123689625745931]]	[[-0.06726491158711348, -0.08501765247067049, 0.05568855828164493], [0.04492780109923983, -0.025860000094729944, -0.09869590074095423], [-0.0015420012385679166, 0.08804574993036891, 0.07085266523915819]]	0.6963525960687248	[[0.0, 0.6197561077898729, -0.619756107789873], [0.0, 0.7071067811865476, 0.7071067811865475], [0.8764674930000002, 0.0, 0.0]]
3	[[0.8592155572171323, 0.2624339665249735, -0.4391776855101157], [-0.4266000482917053, 0.8413623931712975, -0.33184593135155627], [0.2824199444684594, 0.4724804086637203, 0.8348660002631537]]	0.5604596989303632	0.43954030106963693	[[0.48155569251419816, 0.1470836618676877, -0.2461413933979332], [-0.2390921346292475, 0.4715497135681151, -0.1859862707765592], [0.15828499704872265, 0.26480622759016365, 0.46790874715468356]]	0.7800966939190269	0.38991949501635	[[0.5337105869108996, 0.2123887966087735, -0.28594894462803033], [-0.3421085985653039, 0.7509163814535478, -0.25923245149450747], [0.2423194164145488, 0.3325398155985618, 0.5275719335258634]]	[[-0.13656062863797988, 0.007664926950585099, 0.05665211588142104], [-0.009319311267247447, 0.09457236015281806, -0.00036053755667805713], [0.022004551437908457, -0.0360405891415171, -0.12370427314482418]]	0.6596843609090142	[[0.8764674930000002, 0.0, 0.0], [0.0, 0.7071067811865476, -0.7071067811865475], [0.0, 0.6197561077898729, 0.619756107789873]]
3	[[0.8787972042104137, -0.3840163418041313, 0.28327887866788265], [-0.395223040501579, -0.9183905790867732, -0.018907472103605397], [0.2674214316928388, -0.09534250611366366, -0.9588511794847616]]	0.6422575424051223	0.35774245759487777	[[0.5644141326486728, -0.24663739193052678, 0.1819379964285131], [-0.25383497869442423, -0.5898432762922882, -0.012143466566355022], [0.17175343150550193, -0.061234443663306964, -0.6158294020681357]]	0.8242309042568672	0.3201474842179938	[[0.5917398718708052, -0.2553882740886909, 0.23825304014593252], [-0.34363725697072783, -0.8489533265778003, -0.021021670556486478], [0.2136771016310431, -0.07858424002818087, -0.6895504391758325]]	[[-0.13259194241395086, 0.061129862565942515, 0.004765833824632281], [-0.01788221291496286, -0.09198742911612132, -0.005437547727320311], [-0.006739906830811411, 0.0, 0.10076433553865621]]	0.4873223112877496	[[0.6476030384429186, -0.6476030384429184, 0.0], [-0.7071067811865475, -0.7071067811865476, 0.0], [0.0, 0.0, -0.9158490000000001]]
3	[[0.8489524140446696, -0.5135124485683378, 0.12483895166604869], [0.522794976890395, 0.7815435453534784, -0.34040431673891397], [0.0772347773085365, 0.35425224329800037, 0.9319550081910795]]	0.7333754664521807	0.26662453354781934	[[0.6226008726457144, -0.3765974314978062, 0.0915538244094897], [0.3834050100358505, 0.5731648621262982, -0.24964417457073684], [0.05664209083497826, 0.2597999041704024, 0.6834729388445787]]	0.8601533118849054	0.21132295640399018	[[0.7125769213335226, -0.4251057696846904, 0.05438064059986221], [0.4720606387765376, 0.6268796768243041, -0.26827729710677284], [0.031863529297593854, 0.2576534413262577, 0.7725996163599442]]	[[-0.01765230923968543, 0.016593663645492484, -0.0529999971279292], [0.02237680796747177, -0.04536759209376103, 0.024522603316122424], [-0.03457022019703698, -0.04705779898917457, -0.029024570463336865]]	0.4410264213394245	[[0.676701189595526, -0.6767011895955259, 0.0], [0.7071067811865475, 0.7071067811865476, 0.0], [0.0, 0.0, 0.9570000000000001]]
3	[[0.5319609947059123, -0.8460851799387872, 0.03402011756955908], [-0.703274286200726, -0.4190807785627857, 0.5742617690636116], [-0.47161719485230363, -0.3294103357928521, -0.8179645788128509]]	0.4955428052807341	0.504457194719266	[[0.2636094436164975, -0.4192714235733213, 0.016858424496399682], [-0.34850251266571364, -0.207672464648237, 0.28457128800725917], [-0.23370650775574112, -0.16323692188725855, -0.40533646200519435]]	0.6988205375039191	0.5178662131149626	[[0.44339695523489253, -0.5826766759480433, 0.10766709155240867], [-0.4024101616201509, -0.2191814129517124, 0.30469661956639654], [-0.30282517087316446, -0.05292695043854482, -0.4682771362924865]]	[[0.07165168698338743, 0.008585024270880107, 0.08389313470650288], [0.08905235307532533, 0.07368084198109438, -0.096609298558588], [0.02675061072961296, 0.17727175747956259, 0.10333331033267668]]	0.6730738300940678	[[0.6476030384429186, -0.6476030384429184, 0.0], [-0.7071067811865475, -0.7071067811865476, 0.0], [0.0, 0.0, -0.9158490000000001]]
3	[[-0.3195682178843842, -0.5708200961323295, -0.7563336379995778], [0.910087742671785, 0.03735879733279218, -0.41272826520656647], [0.2638493031197415, -0.8202248094963509, 0.507557688474819]]	0.44564375969747605	0.5543562403025241	[[-0.14241358209781918, -0.25438241375128606, -0.3370553660238017], [0.40557492329884326, 0.016648714901161536, -0.18392977584007128], [0.11758279543584058, -0.3655280679010999, 0.22618991655527865]]	0.6515258761090711	0.5690130029811804	[[-0.26639842263752406, -0.266398422637524, -0.44271837167323846], [0.6092611142723061, -0.06940271267096698, -0.05731666465892223], [0.24587772344173797, -0.39880770914725144, 0.32650806890805895]]	[[-0.05819145950378611, 0.10550564059575619, 0.050052564455197485], [0.01631540039194446, -0.09374293583359569, 0.21158647992476304], [0.0739730750658806, 0.13558997846625448, -0.004178898751392437]]	0.9201279357104829	[[0.0, 0.0, -0.8764674930000002], [0.7071067811865475, 0.7071067811865476, 0.0], [0.619756107789873, -0.6197561077898729, 0.0]]
3	[[-0.42203838922340475, -0.825029846081567, 0.3757783270710803], [0.2588054115689476, 0.28760896992378115, 0.9221175843470338], [-0.8688517462515349, 0.4864224845687207, 0.09214016247897017]]	0.4375421731152684	0.5624578268847317	[[-0.184659593958876, -0.36098535173948426, 0.1644188658363006], [0.11323828219186878, 0.12584105370789508, 0.403465331723003], [-0.38015928116989234, 0.2128303509503262, 0.04031520692224253]]	0.6349679234765887	0.612798073095198	[[-0.11103474745044672, -0.36692139599047924, 0.32925142916767525], [0.1396919083262724, 0.09181359738933954, 0.6399655049712508], [-0.4882227477529273, 0.1802036902858243, -0.03068246678167755]]	[[0.1569460921821429, 0.1569460921821429, 0.09064424513984504], [-0.024641226442166153, -0.0908088730164045, 0.054450417237166426], [0.06347024137341786, -0.1286589846730993, -0.08918851441974474]]	0.6757664549486997	[[0.0, -0.6197561077898729, 0.619756107789873], [0.0, 0.7071067811865476, 0.7071067811865475], [-0.8764674930000002, 0.0, 0.0]]
3	[[0.04673222253661188, -0.9725397674033924, -0.22799671093185395], [-0.8377629715199755, -0.16246744520517667, 0.5213036857710898], [-0.5440306084466285, 0.16664552219444034, -0.8223502702654952]]	0.5369283865172848	0.463071613482715	[[0.025091856844949682, -0.5221842081357989, -0.12241790613188812], [-0.44981872058214645, -0.08723338321560085, 0.27990274688658484], [-0.292105476809265, 0.08947671135219122, -0.44154320376570544]]	0.735378895945335	0.4078306865122301	[[-0.009006306441848761, -0.7780090167934478, -0.10647117696802338], [-0.6591948341155419, -0.12967641518688178, 0.23582238284154555], [-0.27629810958005735, 0.006630156879504848, -0.584425356165791]]	[[-0.043372196655893994, -0.06282379637740827, 0.06119279259621107], [-0.043121625055299456, -0.010201284704839886, -0.1475333460530323], [0.12377051861989319, -0.1159174432460765, 0.02031367766239672]]	0.644674253670045	[[1.7500729844239989e-16, -0.8764674930000002, 0.0], [-1.0, -1.7938038903913487e-16, 0.0], [0.0, 0.0, -0.8764674930000002]]
