3	[[0.034229894132735264, 0.2773841392786001, 0.9601491309293217], [-0.1827544195208179, -0.9427759796974285, 0.2788803941677556], [0.9825625356654255, -0.18501754344446375, 0.018422055382213542]]	0.8287317113470389	0.17126828865296112	[[0.028367398743849657, 0.22987703244487961, 0.7957060324234291], [-0.15145438284572213, -0.7813083510715312, 0.23111702631978084], [0.814280731687494, -0.15332990540795557, 0.015266941483431754]]	0.9028982021287392	0.14768268344534127	[[0.009105951040453726, 0.2279459330181885, 0.8335418899211353], [-0.1660012896576613, -0.8257708494081981, 0.2546250886618114], [0.8653999942185235, -0.1548054739711989, 0.0]]	[[-0.021800158831050027, -0.022503707635487324, -0.0333750341704205], [-0.0009926528412334875, 0.025459887670770787, 0.002824482158790719], [-0.021753952712844107, 0.012246533367083312, -0.016633240684116677]]	0.35772187388833115	[[0.0, 0.0, 0.9552], [0.0, -1.0, 0.0], [0.9552, 0.0, 0.0]]
3	[[-0.42203838922340475, -0.825029846081567, 0.3757783270710803], [0.2588054115689476, 0.28760896992378115, 0.9221175843470338], [-0.8688517462515349, 0.4864224845687207, 0.09214016247897017]]	0.4359438420550818	0.5640561579449184	[[-0.18398503689278906, -0.35966668091091114, 0.16381824766439787], [0.11282462546401369, 0.12538135935807757, 0.4019914825467969], [-0.37877056843716117, 0.21205288678486686, 0.040167936438661754]]	0.6332254988352183	0.6141127270268607	[[-0.11000377987861609, -0.3651882461739572, 0.32705716799447815], [0.14046352733527634, 0.09138576326105576, 0.639041868631349], [-0.4858786096153579, 0.17967963238545656, -0.03057556094309695]]	[[0.15724168966498636, 0.15724168966498636, 0.08910474938342955], [-0.023418658506724477, -0.09073557018841391, 0.05513350129847208], [0.06430047081862074, -0.12833548805023787, -0.08892106129160088]]	0.6769548986421754	[[0.0, -0.6162656247939973, 0.6162656247939974], [0.0, 0.7071067811865476, 0.7071067811865475], [-0.8715312046080002, 0.0, 0.0]]
3	[[0.3802729664721569, 0.7767473726770865, -0.5020517802076895], [0.4287143634067757, 0.332951791095048, 0.839849450446521], [0.8195098935212374, -0.5346088512602871, -0.20639019011321075]]	0.530524001451008	0.4694759985489923	[[0.2017439358164537, 0.41208312426920524, -0.2663505193713853], [0.22744325955408423, 0.17663891650202493, 0.44556029106731837], [0.43476966793957633, -0.2836228269817343, -0.10949494951909483]]	0.6866255854036448	0.46324918133456244	[[0.19137714730683747, 0.4468737774643534, -0.2885854423947566], [0.33966749824319803, 0.20163772263504032, 0.4777120708001356], [0.5618475807148291, -0.27998917972377196, -0.07252263704592943]]	[[-0.06972800091028789, -0.08646084201079425, 0.056136155093290195], [0.04530124749806971, -0.026975495836789036, -0.09895004976363635], [-0.0008488796682691625, 0.08708693573479269, 0.06919014806212344]]	0.6977022891592093	[[0.0, 0.6162656247939973, -0.6162656247939974], [0.0, 0.7071067811865476, 0.7071067811865475], [0.8715312046080002, 0.0, 0.0]]
3	[[-0.30792515101507295, 0.09349718223056193, 0.9468053539599837], [0.3027085282091916, -0.9338174967034747, 0.1906631317268273], [0.9019698710720718, 0.34531602882779927, 0.2592434992682147]]	0.6699833433177441	0.3300166566822561	[[-0.20630472216869983, 0.06264155474162027, 0.6343438165172498], [0.20280967178038783, -0.6256421684900003, 0.12774112244177122], [0.6043047897927412, 0.23135598749525546, 0.17368882637310964]]	0.8296071534538494	0.2815157554848178	[[-0.23448397192027104, 0.07303839956899912, 0.7270571727264327], [0.24720423470361003, -0.8485130044194737, 0.11851772455004946], [0.6653033576387614, 0.2523787931574402, 0.16144557235127197]]	[[0.020972936090190325, -0.004527531637253196, -0.05841932184717362], [-0.003924925710221674, -0.07381132913390484, -0.03965777343044007], [-0.08297729960247566, -0.034097854560377776, -0.0536246891280467]]	0.4741988338312798	[[0.0, 0.0, 0.9552], [0.0, -1.0, 0.0], [0.9552, 0.0, 0.0]]
3	[[-0.8305561570912853, 0.32773595720904825, 0.4502950280316503], [-0.5100865793185324, -0.772219296347621, -0.37879947194723407], [0.22358030216652452, -0.5443036842615101, 0.808545204538665]]	0.49756383822172995	0.50243616177827	[[-0.41325470938103004, 0.1630695607922067, 0.2240505224795894], [-0.2538006362311218, -0.38422839703960576, -0.1884769191784303], [0.11124547329675012, -0.27082583029938556, 0.40230285534603183]]	0.7272907698279436	0.47696994391466546	[[-0.4979478051936984, 0.1271850061258219, 0.2525543710806751], [-0.5535548659077594, -0.5900874380858763, -0.28596930151511357], [0.21770356837623916, -0.32866873410034436, 0.4473946289516654]]	[[0.10610802168256109, -0.11117433049304477, -0.07494104650615939], [-0.18257360495628155, -0.028459471569222135, -0.010471941952191192], [0.0550956782951833, 0.06719831144639532, -0.14065283529795244]]	0.6809463141278962	[[-0.6451692051863456, 0.6451692051863455, 0.0], [-0.7071067811865475, -0.7071067811865476, 0.0], [0.0, 0.0, 0.9124070400000001]]
3	[[0.04673222253661188, -0.9725397674033924, -0.22799671093185395], [-0.8377629715199755, -0.16246744520517667, 0.5213036857710898], [-0.5440306084466285, 0.16664552219444034, -0.8223502702654952]]	0.535421446580659	0.4645785534193409	[[0.025021434192481998, -0.5207186491203419, -0.12207432878276557], [-0.44855626210293686, -0.08698855453401963, 0.2791171735433862], [-0.29128565535865003, 0.08922558655953658, -0.4403039713015474]]	0.7337800658903244	0.4108158154841381	[[-0.008377292947945958, -0.7747373734293153, -0.10602668704157565], [-0.6601270687067262, -0.12900859837393933, 0.2355402143680615], [-0.2757087515838379, 0.006048314609375257, -0.5814803235725816]]	[[-0.04266846628006222, -0.0611070788230935, 0.06127275452877738], [-0.04539330026432475, -0.009793225726252228, -0.1469820385259177], [0.12349006412848246, -0.11623284764678869, 0.021943911927759588]]	0.6464096091196965	[[1.740216526509518e-16, -0.8715312046080002, 0.0], [-1.0, -1.7938038903913487e-16, 0.0], [0.0, 0.0, -0.8715312046080002]]
3	[[0.8787972042104137, -0.3840163418041313, 0.28327887866788265], [-0.395223040501579, -0.9183905790867732, -0.018907472103605397], [0.2674214316928388, -0.09534250611366366, -0.9588511794847616]]	0.6390512097146508	0.3609487902853491	[[0.5615964164445181, -0.24540610778012495, 0.18102971009932023], [-0.25256776213963644, -0.5868986105559413, -0.012082842920455042], [0.17089598942693246, -0.06092874386916325, -0.6127550061860567]]	0.822896718794935	0.3222711866283843	[[0.5898524068241473, -0.25444167089209574, 0.23787380555753146], [-0.3438319051316464, -0.8488710049187066, -0.02102576446142861], [0.21332213338965283, -0.07845703544261985, -0.6872993017644837]]	[[-0.1333069290067646, 0.06156411674215811, 0.004764545797822291], [-0.01860416191073932, -0.09313041081602083, -0.005466867706664963], [-0.006738085285828022, 0.0, 0.1017361876461799]]	0.4882968545123342	[[0.6451692051863456, -0.6451692051863455, 0.0], [-0.7071067811865475, -0.7071067811865476, 0.0], [0.0, 0.0, -0.9124070400000001]]
3	[[0.5319609947059123, -0.8460851799387872, 0.03402011756955908], [-0.703274286200726, -0.4190807785627857, 0.5742617690636116], [-0.47161719485230363, -0.3294103357928521, -0.8179645788128509]]	0.49390018985108597	0.506099810148914	[[0.2627356362786227, -0.41788163100195724, 0.01680254252636154], [-0.34734730347192555, -0.20698407609510075, 0.28362799676473827], [-0.23293182207458935, -0.16269582738699967, -0.40399286076713076]]	0.697217106744407	0.5194214195346246	[[0.4410333394606022, -0.5804999525978758, 0.10704452810952494], [-0.4024400389704289, -0.21970387042970027, 0.30466674221611856], [-0.3016670657654276, -0.052215744984226826, -0.46706809517120035]]	[[0.07014103383086925, 0.009405108618366534, 0.08332512016657238], [0.0878948241021793, 0.07248641749203855, -0.09571838692433751], [0.027152510320408767, 0.17745477626896913, 0.10323080188810313]]	0.6743424738401562	[[0.6451692051863456, -0.6451692051863455, 0.0], [-0.7071067811865475, -0.7071067811865476, 0.0], [0.0, 0.0, -0.9124070400000001]]
3	[[0.8489524140446696, -0.5135124485683378, 0.12483895166604869], [0.522794976890395, 0.7815435453534784, -0.34040431673891397], [0.0772347773085365, 0.35425224329800037, 0.9319550081910795]]	0.7314242741678412	0.26857572583215916	[[0.6209444032456588, -0.37559546997024723, 0.09131023961021387], [0.3823849365106505, 0.571639920390729, -0.24897998029436], [0.05649139093341115, 0.2591086899265694, 0.6816545154232446]]	0.8585541939542275	0.21344260401228762	[[0.7099447111213875, -0.4242554693768086, 0.05415108747403007], [0.4722759609330022, 0.6269154199063354, -0.26804716968096987], [0.03159867253418612, 0.2561638876236646, 0.7704019663190946]]	[[-0.018926944424229486, 0.016622796989242333, -0.05302991804770515], [0.023428140945550232, -0.044082068714749435, 0.024208384095347993], [-0.03471156944317871, -0.04798086157752694, -0.029731914540003183]]	0.44165418310761245	[[0.6754283973893903, -0.6754283973893902, 0.0], [0.7071067811865475, 0.7071067811865476, 0.0], [0.0, 0.0, 0.9552]]
3	[[0.8592155572171323, 0.2624339665249735, -0.4391776855101157], [-0.4266000482917053, 0.8413623931712975, -0.33184593135155627], [0.2824199444684594, 0.4724804086637203, 0.8348660002631537]]	0.5575344223717289	0.44246557762827116	[[0.47904224938585704, 0.14631596993722276, -0.24485667720943521], [-0.23784421150806764, 0.4690884958820548, -0.18501552965249835], [0.15745884060547827, 0.26342409172628567, 0.46546653321451315]]	0.7783152495318373	0.3925687629499683	[[0.5315491014157425, 0.21084321527895503, -0.2849079360147771], [-0.34066084968260857, 0.7511148651998846, -0.26020101822488606], [0.24161361924059205, 0.33129503358367773, 0.5249506414356115]]	[[-0.13719146940134638, 0.006586857137440439, 0.05691075387184332], [-0.008631526646156209, 0.09626968421206232, -0.0019202693588746145], [0.02180186968885544, -0.03644367358433021, -0.12483829788485186]]	0.6613840434270294	[[0.8715312046080002, 0.0, 0.0], [0.0, 0.7071067811865476, -0.7071067811865475], [0.0, 0.6162656247939973, 0.6162656247939974]]
3	[[-0.3195682178843842, -0.5708200961323295, -0.7563336379995778], [0.910087742671785, 0.03735879733279218, -0.41272826520656647], [0.2638493031197415, -0.8202248094963509, 0.507557688474819]]	0.443795218284857	0.5562047817151431	[[-0.141822847012903, -0.2533272291644303, -0.3356572519722026], [0.40389258841739756, 0.016579655617166244, -0.18316683054967853], [0.11709505907233306, -0.3640118483730882, 0.22525167514883973]]	0.6497917616843512	0.5571359467033744	[[-0.2653314058740749, -0.2653314058740749, -0.4402120991785247], [0.6092451565031414, 0.03717593366904384, -0.057326012503673675], [0.3373886505575064, -0.3965664201347247, 0.325273863977937]]	[[-0.05767861059665234, 0.10558278999658222, 0.0512472678783553], [0.017877638905107733, 0.012900494935760154, 0.21086141404182723], [0.16594154706414121, 0.13640890380512033, -0.004532940572552662]]	0.9211532688918301	[[0.0, 0.0, -0.8715312046080002], [0.7071067811865475, 0.7071067811865476, 0.0], [0.6162656247939974, -0.6162656247939973, 0.0]]
3	[[-0.5446221603179724, 0.8109226453022452, -0.2139887049042392], [-0.8354447797583356, -0.5021691245819775, 0.22328947644507607], [0.07361197229480154, 0.30038414347728, 0.9509735242804028]]	0.5819015055059032	0.41809849449409664	[[-0.31691645502090554, 0.47187710815020606, -0.12452034954503524], [-0.4861465751084234, -0.2922129696128342, 0.12993248250701472], [0.04283491750160387, 0.17479398531953044, 0.5533729254750211]]	0.767625764277144	0.33933896519205414	[[-0.4814412527351309, 0.5747194286123022, -0.10810347732404672], [-0.6742088757428618, -0.4279002223775421, 0.05065469413441116], [0.13158406547090706, 0.10298791807100977, 0.7299917783830734]]	[[-0.06337525067877801, -0.04776568675747718, 0.05615976582474615], [-0.032899938169519236, -0.04242226432391724, -0.12074806087678369], [0.07507761897816208, -0.12759468964247253, 0.0]]	0.40822317891299015	[[-0.6451692051863456, 0.6451692051863455, 0.0], [-0.7071067811865475, -0.7071067811865476, 0.0], [0.0, 0.0, 0.9124070400000001]]
3	[[0.22433838825039393, -0.7661379269479729, -0.6022499185961573], [-0.9416906372873723, -0.011392912655017143, -0.3362869982418849], [0.2507808429735371, 0.642575192824231, -0.724020780340167]]	0.47529889452478324	0.5247011054752169	[[0.10662778793488387, -0.36414450973188056, -0.2862487205363943], [-0.44758451888702677, -0.005415038790347087, -0.1598368385074256], [0.11919585743331546, 0.3054152787984064, -0.34412627650865224]]	0.6846225277593608	0.5368133095287084	[[0.29408749543476054, -0.39789479037098024, -0.32024407012325057], [-0.6745858013399751, -0.035824045902341985, -0.039486239202778356], [0.28519425510983326, 0.28519425510983326, -0.4852963298865567]]	[[0.14050038099731493, 0.12662049378845752, 0.09206979148891989], [-0.029883176872970783, -0.02802420124192255, 0.19074341558618862], [0.11350404047966695, -0.1547271976769505, 0.01038460690023349]]	0.7336654936554959	[[1.740216526509518e-16, -0.8715312046080002, 0.0], [-1.0, -1.7938038903913487e-16, 0.0], [0.0, 0.0, -0.8715312046080002]]
3	[[0.08740825448676931, -0.06334395238859675, -0.994156597696443], [0.7119981850616444, -0.6940087028176986, 0.10681996481098455], [-0.6967197295301035, -0.717174639895393, -0.015561310176609944]]	0.7396055227297793	0.2603944772702208	[[0.06464762775058458, -0.04684953701813835, -0.7352837101145366], [0.5265977898451716, -0.5132926694265001, 0.07900463591200484], [-0.5152977597552626, -0.5304263244283733, -0.011509230947531833]]	0.8732875604137128	0.20123549895020806	[[0.0423570167095532, -0.03236877875983965, -0.8157666007386672], [0.6356007786745353, -0.6383750281803465, 0.07150600251201214], [-0.5997222782076201, -0.5838968460341576, 0.029950933746156972]]	[[-0.033975524611218534, 0.022948706888560377, 0.05241798913285653], [0.013821620623060584, -0.03230586119079305, -0.021778543961251194], [0.00871439468582575, 0.04240284563067314, 0.04354043234712975]]	0.1872144190838286	[[0.0, 0.0, -0.8715312046080002], [0.7071067811865475, -0.7071067811865476, 0.0], [-0.6162656247939974, -0.6162656247939973, 0.0]]
