3	[[0.034229894132735264, 0.2773841392786001, 0.9601491309293217], [-0.1827544195208179, -0.9427759796974285, 0.2788803941677556], [0.9825625356654255, -0.18501754344446375, 0.018422055382213542]]	0.866802153783079	0.1331978462169211	[[0.029670545958021703, 0.2404371693519561, 0.8322593346424875], [-0.15841192445402133, -0.8172002497366835, 0.2417341263124846], [0.8516873221413542, -0.16037360514531557, 0.01596827728241386]]	0.9276089812718559	0.1237231580509158	[[0.010397520358321925, 0.241021870396014, 0.8764841898793331], [-0.1639783160686748, -0.8275080543295508, 0.25245407856904684], [0.9103186536922826, -0.16364504293063714, 0.0]]	[[-0.021354436867188117, -0.0162821484611788, -0.014158767331072896], [0.005546324845960413, 0.04701941176515671, -0.006237879761598663], [-0.00111517905221429, 0.007978892061303233, -0.017088464026028823]]	0.34419355132593293	[[0.0, 0.0, 0.9862], [0.0, -1.0, 0.0], [0.9862, 0.0, 0.0]]
3	[[0.5319609947059123, -0.8460851799387872, 0.03402011756955908], [-0.703274286200726, -0.4190807785627857, 0.5742617690636116], [-0.47161719485230363, -0.3294103357928521, -0.8179645788128509]]	0.5219507857561091	0.47804921424389096	[[0.27765745917835233, -0.4416148244856489, 0.01775682709694658], [-0.3670745662845356, -0.21873954166612794, 0.2997363815924453], [-0.24616096542925187, -0.17193598360326293, -0.4269372546320324]]	0.7234690678203749	0.48326688850582067	[[0.501447771670114, -0.6190214921523319, 0.11136039630557641], [-0.4212581772677329, -0.23752864863634013, 0.28584860391881456], [-0.2960087807653055, -0.06486721534034472, -0.514552593496608]]	[[0.1165904467134282, -0.006905035725383268, 0.08674789356038795], [0.08753901499194584, 0.06566333157191537, -0.12961202283051595], [0.045191671562550745, 0.1734509732261067, 0.07721947784721067]]	0.6527929580633627	[[0.687725295441208, -0.6877252954412079, 0.0], [-0.7071067811865475, -0.7071067811865476, 0.0], [0.0, 0.0, -0.97259044]]
3	[[-0.42203838922340475, -0.825029846081567, 0.3757783270710803], [0.2588054115689476, 0.28760896992378115, 0.9221175843470338], [-0.8688517462515349, 0.4864224845687207, 0.09214016247897017]]	0.46358624800310066	0.5364137519968996	[[-0.1956511933733504, -0.3824724908355293, 0.17420566472776405], [0.11997862971214665, 0.1333315632590023, 0.4274810311451241], [-0.40278772111569106, 0.22549877456555936, 0.04271491221402185]]	0.6629465160574658	0.5926115996213439	[[-0.12858346475897922, -0.3957452470840204, 0.3664162405011635], [0.1273675120904008, 0.09877054139178015, 0.6548534792597824], [-0.5273355154593578, 0.18850511539045783, -0.03233278021155554]]	[[0.1512054150191817, 0.15120541501918167, 0.11729530775948802], [-0.04420663384605157, -0.09189882320606703, 0.043538839321590105], [0.04866672268854256, -0.133966976086392, -0.09341677991595765]]	0.6590481426949856	[[0.0, -0.6782346863641192, 0.6782346863641193], [0.0, 0.7071067811865476, 0.7071067811865475], [-0.9591686919279999, 0.0, 0.0]]
3	[[-0.8305561570912853, 0.32773595720904825, 0.4502950280316503], [-0.5100865793185324, -0.772219296347621, -0.37879947194723407], [0.22358030216652452, -0.5443036842615101, 0.808545204538665]]	0.5346676458800579	0.4653323541199421	[[-0.44407150528318495, 0.17522981271120922, 0.2407581825891771], [-0.27272679055925114, -0.4128806732813372, -0.20253182192663666], [0.11954115382452765, -0.29102156950794394, 0.43230296109829786]]	0.7605992973842165	0.43956446168456714	[[-0.5414901077156064, 0.15369848176293804, 0.2516944773997673], [-0.5527456412624436, -0.6009271030612485, -0.29262838410797465], [0.23564914096353382, -0.34210892100179924, 0.4888926471503971]]	[[0.09023032180616021, -0.09557725701780764, -0.09079960453671204], [-0.16477414742764948, -0.013577648832713835, -0.004513771895396136], [0.06559412022672441, 0.07188807881114584, -0.12608626732508893]]	0.6805265745473885	[[-0.6782346863641193, 0.6782346863641192, 0.0], [-0.7071067811865475, -0.7071067811865476, 0.0], [0.0, 0.0, 0.9591686919279999]]
3	[[0.8787972042104137, -0.3840163418041313, 0.28327887866788265], [-0.395223040501579, -0.9183905790867732, -0.018907472103605397], [0.2674214316928388, -0.09534250611366366, -0.9588511794847616]]	0.6971521061649355	0.3028478938350645	[[0.612655321807147, -0.26771780149050395, 0.1974884668953556], [-0.27553057509058543, -0.6402579264923791, -0.013181383999283262], [0.186433414338305, -0.06646822894418385, -0.6684651192765342]]	0.8454412813540402	0.28687397643307916	[[0.6207479924221071, -0.2709434567620536, 0.24626664734485293], [-0.34547217633342653, -0.8502794701308184, -0.01598515744243792], [0.219318128688583, -0.08060649053624121, -0.7265366639100582]]	[[-0.12222344195589324, 0.05371981131372223, 0.0067709891833425215], [-0.011334302551131877, -0.07383416216421787, 0.0], [-0.0067709891833425215, 0.0, 0.0841157059013716]]	0.4734473406955096	[[0.687725295441208, -0.6877252954412079, 0.0], [-0.7071067811865475, -0.7071067811865476, 0.0], [0.0, 0.0, -0.97259044]]
3	[[0.3802729664721569, 0.7767473726770865, -0.5020517802076895], [0.4287143634067757, 0.332951791095048, 0.839849450446521], [0.8195098935212374, -0.5346088512602871, -0.20639019011321075]]	0.5531689987859161	0.4468310012140841	[[0.2103552161287533, 0.42967256645337476, -0.2777194805961744], [0.2371514951708675, 0.18417860892402527, 0.4645786796344039], [0.45332746729429574, -0.29572904299374175, -0.11416865482415967]]	0.717002040778073	0.4420828711962758	[[0.2241130523799728, 0.48203278070908984, -0.31408001990205947], [0.335255497827746, 0.21868447994796453, 0.4882435871004364], [0.6032504146154627, -0.3092337719818016, -0.05550673795904079]]	[[-0.0485434406332954, -0.0748966706693875, 0.04589213108311839], [0.027866424354215314, -0.020042633747899455, -0.11393018281606215], [0.015660148522914266, 0.07408186538984558, 0.09247544954870576]]	0.6764045726612962	[[0.0, 0.6782346863641192, -0.6782346863641193], [0.0, 0.7071067811865476, 0.7071067811865475], [0.9591686919279999, 0.0, 0.0]]
3	[[0.08740825448676931, -0.06334395238859675, -0.994156597696443], [0.7119981850616444, -0.6940087028176986, 0.10681996481098455], [-0.6967197295301035, -0.717174639895393, -0.015561310176609944]]	0.828506555499875	0.17149344450012516	[[0.07241831184708973, -0.05248087980522436, -0.8236652583849549], [0.5898951638275856, -0.5749907598584276, 0.08850104110416666], [-0.5772368632617905, -0.5941838905915953, -0.012892647493488247]]	0.9140414523062788	0.1324738013672812	[[0.06091915878390923, -0.028389483043465367, -0.8867997270294242], [0.6328268527430563, -0.6372889546997825, 0.06618370455688669], [-0.6471364965113001, -0.6420795588457832, 0.02380007175568505]]	[[-0.0189756090907342, 0.029509515192627376, 0.02190061334890144], [-0.017969002370123745, -0.00293623206309672, -0.031454171214251224], [-0.010305783081166548, 0.013447790561434322, 0.03802375430930208]]	0.12986900528703094	[[0.0, 0.0, -0.9591686919279999], [0.7071067811865475, -0.7071067811865476, 0.0], [-0.6782346863641193, -0.6782346863641192, 0.0]]
3	[[-0.5446221603179724, 0.8109226453022452, -0.2139887049042392], [-0.8354447797583356, -0.5021691245819775, 0.22328947644507607], [0.07361197229480154, 0.30038414347728, 0.9509735242804028]]	0.626091695977471	0.37390830402252884	[[-0.3409834120203934, 0.5077119343038199, -0.1339765511735177], [-0.5230650390544214, -0.31440391887705227, 0.1397996870014193], [0.04608784457829891, 0.1880680178344302, 0.5953966266463903]]	0.7901318248608729	0.3072950598529598	[[-0.4687690759820512, 0.5939447965316241, -0.12052033902896006], [-0.6682671593909274, -0.43240966617304416, 0.04483374033729334], [0.09096899653670171, 0.15863166688803515, 0.7451121853509324]]	[[-0.03844577459034088, -0.04679099302204519, 0.04855894687664129], [-0.008155650989983606, -0.035629859378299496, -0.1315943811584835], [0.032805834535802166, -0.07871140455693833, -0.0062822607831176875]]	0.38793697315888065	[[-0.687725295441208, 0.6877252954412079, 0.0], [-0.7071067811865475, -0.7071067811865476, 0.0], [0.0, 0.0, 0.97259044]]
3	[[0.8489524140446696, -0.5135124485683378, 0.12483895166604869], [0.522794976890395, 0.7815435453534784, -0.34040431673891397], [0.0772347773085365, 0.35425224329800037, 0.9319550081910795]]	0.7614004706043412	0.2385995293956589	[[0.6463927675743029, -0.39098862000111995, 0.09505243654828208], [0.39805634143393237, 0.5950676232299237, -0.2591840069607584], [0.05880659578974118, 0.2697278247597411, 0.7095909818187605]]	0.8851878195829205	0.19450677273998293	[[0.7594467868937684, -0.44398360852596813, 0.054930996612954155], [0.4673622913759366, 0.62571518147504, -0.2734579942743594], [0.039226194026858875, 0.2779971492514871, 0.8117275992604451]]	[[0.00796445057591061, 0.010571356150925389, -0.05557492281133308], [0.0045905456934245276, -0.06609764534551074, 0.02786376063637375], [-0.02914109009485698, -0.03558262157582818, -0.013227622389599264]]	0.4312936966600538	[[0.6973487076061732, -0.6973487076061731, 0.0], [0.7071067811865475, 0.7071067811865476, 0.0], [0.0, 0.0, 0.9862]]
3	[[-0.30792515101507295, 0.09349718223056193, 0.9468053539599837], [0.3027085282091916, -0.9338174967034747, 0.1906631317268273], [0.9019698710720718, 0.34531602882779927, 0.2592434992682147]]	0.7264481317012731	0.2735518682987269	[[-0.2236916506587321, 0.06792085335072519, 0.6878049804689927], [0.21990204476760936, -0.6783699758301991, 0.13850687582726737], [0.6552343276911448, 0.2508541839884577, 0.18832695569909494]]	0.8554936212870744	0.2552752512670133	[[-0.26246627535706535, 0.08116727528470787, 0.7497305100390813], [0.24303233626801035, -0.8497619835703712, 0.11967432058043126], [0.6859135090129643, 0.26885573091573356, 0.18129900007235752]]	[[0.0009617271701887049, 0.0011810322781469432, -0.06025543087413549], [-0.015932878724151448, -0.0508870716942849, -0.04343677242648669], [-0.08571596228231794, -0.02655992907463226, -0.04048215991174051]]	0.46838421863539104	[[0.0, 0.0, 0.9862], [0.0, -1.0, 0.0], [0.9862, 0.0, 0.0]]
3	[[0.8592155572171323, 0.2624339665249735, -0.4391776855101157], [-0.4266000482917053, 0.8413623931712975, -0.33184593135155627], [0.2824199444684594, 0.4724804086637203, 0.8348660002631537]]	0.610104649800802	0.3898953501991981	[[0.5242114066393596, 0.16011218324255438, -0.267944348018476], [-0.2602706730680161, 0.5133191082413391, -0.20246074573506223], [0.17230572131669145, 0.2882624942655189, 0.5093556287211477]]	0.8094341466986862	0.3432369735396944	[[0.5866191912092136, 0.21661436728405034, -0.293305774561616], [-0.32452952669734675, 0.7525902296961187, -0.2727704962338959], [0.2516352693523325, 0.3622344188964083, 0.5679718960871882]]	[[-0.10885922017707214, 0.004191353525156872, 0.06217964055836846], [0.02077511937326804, 0.07156277891514508, -0.00416306795491816], [0.023034922590814737, -0.02020735752215675, -0.10779715244356262]]	0.6333445717135125	[[0.9591686919279999, 0.0, 0.0], [0.0, 0.7071067811865476, -0.7071067811865475], [0.0, 0.6782346863641192, 0.6782346863641193]]
3	[[0.22433838825039393, -0.7661379269479729, -0.6022499185961573], [-0.9416906372873723, -0.011392912655017143, -0.3362869982418849], [0.2507808429735371, 0.642575192824231, -0.724020780340167]]	0.5175750243521339	0.48242497564786607	[[0.11611194676181613, -0.3965338561971905, -0.31170951628347676], [-0.48739555452618816, -0.0058966870448622245, -0.17405375130434958], [0.1297979009090771, 0.3325808710740785, -0.37473507301601294]]	0.7150731343380863	0.5094419738812228	[[0.2755591456663612, -0.4050245809405719, -0.39277187143723274], [-0.6810713789653451, 0.021070774258997078, -0.038409527907825126], [0.32916757238377115, 0.34062354450747634, -0.4823236996706014]]	[[0.1151407912277975, 0.14282006781739898, 0.03788086550817879], [-0.007693703383433666, 0.029217540020460227, 0.20206026996214602], [0.1498409289667365, -0.11886471267324669, 0.03540410905314895]]	0.7451577607070647	[[1.9152053312358245e-16, -0.9591686919279999, 0.0], [-1.0, -1.7938038903913487e-16, 0.0], [0.0, 0.0, -0.9591686919279999]]
3	[[0.04673222253661188, -0.9725397674033924, -0.22799671093185395], [-0.8377629715199755, -0.16246744520517667, 0.5213036857710898], [-0.5440306084466285, 0.16664552219444034, -0.8223502702654952]]	0.562454183127757	0.437545816872243	[[0.02628473405257456, -0.5470090604341339, -0.12823770380299124], [-0.4712032878009502, -0.0913804941777312, 0.2932094387418671], [-0.30599229147034507, 0.09373047105777244, -0.4625343495070693]]	0.7556312752901019	0.3707162172699535	[[-0.013298628257718267, -0.8247644392929335, -0.1699186734892188], [-0.6501666393593942, -0.16164972915584763, 0.23569663649379505], [-0.27752899605431103, 0.02499276610936244, -0.6213935834558761]]	[[-0.04861095717019902, -0.08988297457956913, 0.002362771954166773], [-0.017126736798929836, -0.03888424634233535, -0.15821673239884407], [0.13355754640306491, -0.10092980234780748, 0.0]]	0.6177760485915252	[[1.9152053312358245e-16, -0.9591686919279999, 0.0], [-1.0, -1.7938038903913487e-16, 0.0], [0.0, 0.0, -0.9591686919279999]]
3	[[-0.3195682178843842, -0.5708200961323295, -0.7563336379995778], [0.910087742671785, 0.03735879733279218, -0.41272826520656647], [0.2638493031197415, -0.8202248094963509, 0.507557688474819]]	0.4764644530341094	0.5235355469658907	[[-0.15226289614136818, -0.27197548488456813, -0.3603660931407669], [0.4336244585251592, 0.01780013893718101, -0.19665034713336355], [0.12571481389437855, -0.39080796522168537, 0.24183319642241147]]	0.6755758346849252	0.5488890789213325	[[-0.2570357552711109, -0.2756961739867451, -0.48295189965674995], [0.5889322809765736, -0.03369966133978593, -0.07251686934475295], [0.2913996441694697, -0.46023793008247954, 0.31260795912273065]]	[[-0.041143189735093906, 0.10993608891278267, 0.028008829135101023], [-0.025901005415437016, -0.05893836203071202, 0.20631237292023438], [0.11314943098331445, 0.09388613022230152, -0.03028574991939648]]	0.9047284868590539	[[0.0, 0.0, -0.9591686919279999], [0.7071067811865475, 0.7071067811865476, 0.0], [0.6782346863641193, -0.6782346863641192, 0.0]]
