3	[[0.08740825448676931, -0.06334395238859675, -0.994156597696443], [0.7119981850616444, -0.6940087028176986, 0.10681996481098455], [-0.6967197295301035, -0.717174639895393, -0.015561310176609944]]	0.8372529643569739	0.1627470356430262	[[0.07318282017831636, -0.053034911911439636, -0.8323605584563905], [0.596122591059647, -0.5810608437236562, 0.08943533219050444], [-0.5833306588750681, -0.6004565932140631, -0.013028753074645016]]	0.9276824543582818	0.11819879206470159	[[0.08111025949100618, -0.021224271477987493, -0.9049550907373871], [0.6272086853801417, -0.6267600849831545, 0.06797756596414788], [-0.6577824837985645, -0.6645827396653202, 0.01996784837380405]]	[[2.3155437546732967e-05, 0.03753880174262009, 0.0173065418301281], [-0.03329953843648656, 0.01705961179277547, -0.03111744116617157], [-0.011447815108239815, 0.0007275904763548377, 0.03440380279147208]]	0.10979257300482193	[[0.0, 0.0, -0.9982010797840002], [0.7071067811865475, -0.7071067811865476, 0.0], [-0.7058347525030005, -0.7058347525030004, 0.0]]
3	[[0.8489524140446696, -0.5135124485683378, 0.12483895166604869], [0.522794976890395, 0.7815435453534784, -0.34040431673891397], [0.0772347773085365, 0.35425224329800037, 0.9319550081910795]]	0.7739721967062437	0.22602780329375619	[[0.6570655647972216, -0.3974443578544384, 0.09662187765547631], [0.404628776690849, 0.6048929746188176, -0.2634634767947053], [0.05977757025560555, 0.2741813869334681, 0.7213072649210353]]	0.8956980172920029	0.19366033329314394	[[0.7777316275055747, -0.4404550222574371, 0.06137700431702278], [0.46350576944019567, 0.6248943139306545, -0.2776545306798967], [0.03866447762505634, 0.2998675790235591, 0.822723563173291]]	[[0.01732663347050464, 0.019497059779984748, -0.050440997171069216], [-0.004760654810749601, -0.0751326900698186, 0.027244940900787502], [-0.03051455927618919, -0.017435452919704005, -0.012026689868811396]]	0.42718379513845367	[[0.7066825171178357, -0.7066825171178356, 0.0], [0.7071067811865475, 0.7071067811865476, 0.0], [0.0, 0.0, 0.9994000000000001]]
3	[[-0.30792515101507295, 0.09349718223056193, 0.9468053539599837], [0.3027085282091916, -0.9338174967034747, 0.1906631317268273], [0.9019698710720718, 0.34531602882779927, 0.2592434992682147]]	0.7496858139883066	0.2503141860116933	[[-0.23084711748620712, 0.0700935111661319, 0.7098065424719773], [0.2269362893717101, -0.7000697301326673, 0.14293744510618628], [0.6761940169875944, 0.2588785281549783, 0.1943511737700685]]	0.8660938280789822	0.24065280680212436	[[-0.26866266683267603, 0.08516226302985441, 0.7656743743767835], [0.24303579930813696, -0.8493544728227014, 0.1206546755141422], [0.7004229586642009, 0.2779684801565668, 0.18350040380282162]]	[[-0.0019705940282327365, 0.004184930557188853, -0.054347899080094506], [-0.0191381886807163, -0.04058090237565656, -0.044477486116672876], [-0.08076757978451586, -0.02110760114793401, -0.04102879088297732]]	0.4663551753336414	[[0.0, 0.0, 0.9994000000000001], [0.0, -1.0, 0.0], [0.9994000000000001, 0.0, 0.0]]
3	[[0.034229894132735264, 0.2773841392786001, 0.9601491309293217], [-0.1827544195208179, -0.9427759796974285, 0.2788803941677556], [0.9825625356654255, -0.18501754344446375, 0.018422055382213542]]	0.8688871993126747	0.1311128006873255	[[0.029741916845761697, 0.2410155279115397, 0.834261289295677], [-0.15879297573945705, -0.8191659805785617, 0.24231560463163596], [0.8537360097638914, -0.1607593751471712, 0.016006688106634512]]	0.936967731649668	0.12232036931129829	[[0.012070793184941328, 0.25139405509486745, 0.8917232075961015], [-0.1633503669209149, -0.8262361726742576, 0.25615262165874925], [0.9282759341879763, -0.16759013707389198, -0.0013464454996691129]]	[[-0.02000151307521591, -0.008505932680598082, -0.007905545656145143], [0.007884626986457637, 0.057114498476635266, -0.005149308666178052], [0.007646543941596569, 0.0057653309226610916, -0.01860731694346629]]	0.33864591327521676	[[0.0, 0.0, 0.9994000000000001], [0.0, -1.0, 0.0], [0.9994000000000001, 0.0, 0.0]]
3	[[0.8787972042104137, -0.3840163418041313, 0.28327887866788265], [-0.395223040501579, -0.9183905790867732, -0.018907472103605397], [0.2674214316928388, -0.09534250611366366, -0.9588511794847616]]	0.7238525358566332	0.2761474641433668	[[0.6361195847714275, -0.27797120282530813, 0.2050521346783704], [-0.2860832000960369, -0.6647793495788028, -0.01368622162883331], [0.19357368147327278, -0.069013914825302, -0.6940668577791685]]	0.8548549151310191	0.2709273646032232	[[0.634921325413099, -0.2782435449049167, 0.24892098545832297], [-0.3440164953208885, -0.8508087078976919, -0.0161631454604697], [0.22184788161771743, -0.08150400997217461, -0.7434866128778216]]	[[-0.11632278400957119, 0.05003471237697841, 0.006758643676279868], [-0.006158136575087833, -0.06571800735534082, 0.0], [-0.006758643676279868, 0.0, 0.076192030783902]]	0.4685375068057109	[[0.706258507607565, -0.7062585076075649, 0.0], [-0.7071067811865475, -0.7071067811865476, 0.0], [0.0, 0.0, -0.9988003600000002]]
3	[[0.04673222253661188, -0.9725397674033924, -0.22799671093185395], [-0.8377629715199755, -0.16246744520517667, 0.5213036857710898], [-0.5440306084466285, 0.16664552219444034, -0.8223502702654952]]	0.574761608709875	0.42523839129012486	[[0.026859887403730853, -0.5589785212471016, -0.13104375635575272], [-0.48151399322838623, -0.09338005016911084, 0.2996253450601788], [-0.31268790769819643, 0.0957814484207737, -0.4726553642607966]]	0.7618210446609627	0.36631251737976617	[[-0.006298245512744368, -0.8339964866639822, -0.1454975399999916], [-0.6433230401999425, -0.10783179617489749, 0.24441656150927177], [-0.27588992701863846, 0.030887321142646362, -0.6264837419708845]]	[[-0.04189983610491448, -0.09309522508640003, 0.02819515250137694], [-0.005097578058322387, 0.01593932265470777, -0.15272355697047008], [0.13856403943571116, -0.0960667446635938, 0.0]]	0.6065827772875907	[[1.993142651273255e-16, -0.9982010797840002, 0.0], [-1.0, -1.7938038903913487e-16, 0.0], [0.0, 0.0, -0.9982010797840002]]
3	[[0.8592155572171323, 0.2624339665249735, -0.4391776855101157], [-0.4266000482917053, 0.8413623931712975, -0.33184593135155627], [0.2824199444684594, 0.4724804086637203, 0.8348660002631537]]	0.6340674638985894	0.3659325361014107	[[0.5448006293068803, 0.16640083959533727, -0.2784682812522513], [-0.27049321071933735, 0.5334805188577725, -0.21041270809714666], [0.1790732979434964, 0.29958445446317417, 0.5293613674820169]]	0.8225843699796374	0.3218384523157902	[[0.6076229768524787, 0.22395215316911013, -0.2982862453877254], [-0.3265132170247245, 0.7521766974802888, -0.2717851609904526], [0.2559360754676938, 0.3735385957596834, 0.5880124135043504]]	[[-0.099154310957679, 0.008078074153907561, 0.06297445435672841], [0.0244013149325907, 0.060085143368917085, 0.001186115380673241], [0.023621843377421996, -0.015116403528684647, -0.09873530933953567]]	0.6223870580244585	[[0.9982010797840002, 0.0, 0.0], [0.0, 0.7071067811865476, -0.7071067811865475], [0.0, 0.7058347525030004, 0.7058347525030005]]
3	[[-0.42203838922340475, -0.825029846081567, 0.3757783270710803], [0.2588054115689476, 0.28760896992378115, 0.9221175843470338], [-0.8688517462515349, 0.4864224845687207, 0.09214016247897017]]	0.47518090350302694	0.5248190964969731	[[-0.2005445831041396, -0.39203842767800234, 0.17856268497449182], [0.12297938930080525, 0.13666629018395726, 0.4381726668660521], [-0.41286175779398704, 0.2311386757015519, 0.04378324565567275]]	0.6754120920564628	0.5842655675146413	[[-0.13703550761052094, -0.4092208105679741, 0.38421120961584465], [0.12191780728577553, 0.10192078166995061, 0.6615212086380244], [-0.5457034353439719, 0.19212467940231193, -0.033022184966568426]]	[[0.14801432378299856, 0.14801432378299856, 0.13040598357928865], [-0.05288249717754123, -0.09233379440047468, 0.038711841872142494], [0.04112954027868829, -0.1364109485235502, -0.09525476486891205]]	0.653401959253009	[[0.0, -0.7058347525030004, 0.7058347525030005], [0.0, 0.7071067811865476, 0.7071067811865475], [-0.9982010797840002, 0.0, 0.0]]
3	[[0.22433838825039393, -0.7661379269479729, -0.6022499185961573], [-0.9416906372873723, -0.011392912655017143, -0.3362869982418849], [0.2507808429735371, 0.642575192824231, -0.724020780340167]]	0.5328033381938561	0.46719666180614383	[[0.1195282421448392, -0.40820084499480064, -0.3208807670550107], [-0.5017359150926118, -0.006070181894344131, -0.17917483525446765], [0.13361687029136976, 0.342366207777311, -0.38576068868696156]]	0.7279753599192815	0.4904694800423822	[[0.26595047666922333, -0.40760953390212157, -0.42685171612065803], [-0.683634453232196, 0.014410571118077385, -0.03809842441456723], [0.31822157713746146, 0.36675082338613285, -0.4797399398694132]]	[[0.10263765773893127, 0.15011999921564131, 0.01157138513073756], [0.0018931273796963816, 0.022704330808642335, 0.20671022416674376], [0.13565930271293988, -0.10102808388528854, 0.047329348287758914]]	0.7533358850235012	[[1.993142651273255e-16, -0.9982010797840002, 0.0], [-1.0, -1.7938038903913487e-16, 0.0], [0.0, 0.0, -0.9982010797840002]]
3	[[-0.8305561570912853, 0.32773595720904825, 0.4502950280316503], [-0.5100865793185324, -0.772219296347621, -0.37879947194723407], [0.22358030216652452, -0.5443036842615101, 0.808545204538665]]	0.551076710765509	0.44892328923449093	[[-0.4577001551559069, 0.1806076532983479, 0.24814710292174452], [-0.2810968343364868, -0.42555206982090293, -0.20874756704039343], [0.12320989750988698, -0.2999530839803811, 0.4455704318223932]]	0.7737272450068636	0.4214986196173693	[[-0.5603457028365288, 0.16216695812365542, 0.25509123933215005], [-0.551632612616141, -0.6046172827879157, -0.2962099012573617], [0.24057967513876946, -0.3481645727985206, 0.5050440148520909]]	[[0.0822782244131991, -0.0914112811373888, -0.09331429214706716], [-0.15696472888503787, -0.007130174083732377, -0.0031224294175735624], [0.06758950390566233, 0.07297801727222336, -0.12054943871912145]]	0.6822873995435276	[[-0.7058347525030005, 0.7058347525030004, 0.0], [-0.7071067811865475, -0.7071067811865476, 0.0], [0.0, 0.0, 0.9982010797840002]]
3	[[-0.5446221603179724, 0.8109226453022452, -0.2139887049042392], [-0.8354447797583356, -0.5021691245819775, 0.22328947644507607], [0.07361197229480154, 0.30038414347728, 0.9509735242804028]]	0.645845575836298	0.35415442416370224	[[-0.3517418127437694, 0.5237308028139224, -0.13820365834134204], [-0.5395683148624515, -0.32432370743285677, 0.14421052049285565], [0.04754196663518171, 0.19400177011617709, 0.6141820433939505]]	0.7992953810837399	0.3216336269214268	[[-0.46428461751060013, 0.605050817469492, -0.13024306021907606], [-0.6624753439868784, -0.3791271874831157, 0.05032516036753879], [0.13581682098642445, 0.1778516276152723, 0.7471291734244074]]	[[-0.02897064033259681, -0.04311590733680051, 0.040797123214973786], [0.0052918096244818115, 0.022254274318123934, -0.12814908679961706], [0.07697911153872533, -0.06224403081691298, -0.012979572065844363]]	0.38067010237287346	[[-0.706258507607565, 0.7062585076075649, 0.0], [-0.7071067811865475, -0.7071067811865476, 0.0], [0.0, 0.0, 0.9988003600000002]]
3	[[0.5319609947059123, -0.8460851799387872, 0.03402011756955908], [-0.703274286200726, -0.4190807785627857, 0.5742617690636116], [-0.47161719485230363, -0.3294103357928521, -0.8179645788128509]]	0.5337123023704926	0.46628769762950745	[[0.28391412725578985, -0.45156606938668253, 0.01815695527496422], [-0.3753461384861542, -0.22366856720596293, 0.30649057093029225], [-0.2517078989021362, -0.1758103487406402, -0.43655775861571683]]	0.7338860026432794	0.4705876042477796	[[0.5280022501100111, -0.6363383116913408, 0.11470471041600641], [-0.42987081129638627, -0.24507962239061334, 0.2772359698901612], [-0.2927184353510141, -0.06975405388430535, -0.5374457814161726]]	[[0.1376035221431464, -0.01540824109034462, 0.0897378223234283], [0.08625234336527011, 0.062477894973462886, -0.14420670427879081], [0.053394822556979644, 0.17199558068009127, 0.0628469736325843]]	0.6438212117876121	[[0.706258507607565, -0.7062585076075649, 0.0], [-0.7071067811865475, -0.7071067811865476, 0.0], [0.0, 0.0, -0.9988003600000002]]
3	[[0.3802729664721569, 0.7767473726770865, -0.5020517802076895], [0.4287143634067757, 0.332951791095048, 0.839849450446521], [0.8195098935212374, -0.5346088512602871, -0.20639019011321075]]	0.5621682480449838	0.43783175195501656	[[0.21377738734052126, 0.43666270967142184, -0.282237569707222], [0.2410096025881076, 0.18717492508334255, 0.47213669417906323], [0.4607024410963651, -0.3005401213023369, -0.11602601158961481]]	0.7295240495411327	0.4353331934140597	[[0.23659465940953575, 0.495789136773795, -0.32550015169185625], [0.3324380103780737, 0.2242484527274991, 0.49029177307465044], [0.6242148423348937, -0.32552166403455735, -0.048520477634020884]]	[[-0.040823615022251555, -0.07086675201202862, 0.04075869608459211], [0.019680571889113836, -0.018647886214133547, -0.1223985990199905], [0.026362666174258066, 0.06448835005738043, 0.10204612964293289]]	0.6688576434170788	[[0.0, 0.7058347525030004, -0.7058347525030005], [0.0, 0.7071067811865476, 0.7071067811865475], [0.9982010797840002, 0.0, 0.0]]
3	[[-0.3195682178843842, -0.5708200961323295, -0.7563336379995778], [0.910087742671785, 0.03735879733279218, -0.41272826520656647], [0.2638493031197415, -0.8202248094963509, 0.507557688474819]]	0.4909418379674453	0.5090581620325547	[[-0.15688940824414058, -0.28023946714395964, -0.3713158263561171], [0.44680014909892946, 0.018340996626814335, -0.20262557310162693], [0.1295346618200355, -0.4026826755206362, 0.24918130445433564]]	0.6859867570310069	0.5438963905516171	[[-0.24872513355675369, -0.28046292548741936, -0.501631083682385], [0.5794458515568819, -0.016254072395994947, -0.08023392570639126], [0.3124746362713352, -0.4914282252945147, 0.3033986578342572]]	[[-0.029505568120066765, 0.11111210110652484, 0.017203775882408925], [-0.044862287652205415, -0.041881712624895706, 0.2028921984776946], [0.13147750847933265, 0.07123513180826233, -0.044779194888737925]]	0.8986820663155165	[[0.0, 0.0, -0.9982010797840002], [0.7071067811865475, 0.7071067811865476, 0.0], [0.7058347525030005, -0.7058347525030004, 0.0]]
