3	[[-0.30792515101507295, 0.09349718223056193, 0.9468053539599837], [0.3027085282091916, -0.9338174967034747, 0.1906631317268273], [0.9019698710720718, 0.34531602882779927, 0.2592434992682147]]	0.6239527101871629	0.3760472898128371	[[-0.19213073251064625, 0.05833782024762217, 0.590761766623048], [0.18887580657289238, -0.5826579578883252, 0.118964777773726], [0.5627865455625853, 0.21546087205817385, 0.1617556839668064]]	0.8088671607207228	0.29954649319713844	[[-0.20736426446967765, 0.06936663659197145, 0.7155793817923655], [0.25281597873833606, -0.8448929231603586, 0.12164562978797228], [0.6557200473295766, 0.24261245533926423, 0.13799762787770622]]	[[0.041706278146384196, -0.0062601637342511954, -0.050260376620425484], [0.007964990999818433, -0.08955861597048595, -0.032575516226027695], [-0.07385376134012672, -0.03670234045003312, -0.07169592531067942]]	0.4797530707662789	[[0.0, 0.0, 0.9308000000000001], [0.0, -1.0, 0.0], [0.9308000000000001, 0.0, 0.0]]
3	[[0.22433838825039393, -0.7661379269479729, -0.6022499185961573], [-0.9416906372873723, -0.011392912655017143, -0.3362869982418849], [0.2507808429735371, 0.642575192824231, -0.724020780340167]]	0.4416245303071688	0.5583754696928311	[[0.09907333534094748, -0.33834530213890657, -0.26596833742755865], [-0.4158736853866944, -0.005031389700102549, -0.1485125876469801], [0.1107509719882242, 0.2837769677180394, -0.3197453370503561]]	0.6581801152512773	0.5563991542155701	[[0.27778958022028205, -0.3918789650152099, -0.27856498841929817], [-0.679887032798619, -0.04990438650801074, -0.04021803142159869], [0.2523421448939727, 0.25234214489397266, -0.4745099667133845]]	[[0.13013451398635192, 0.11237778404178152, 0.11782393241239301], [-0.06008498061776748, -0.04240579794368377, 0.18111938383875117], [0.08728318076283767, -0.17058806957669148, 0.0020261139352263924]]	0.7313072572679558	[[1.6102357750041972e-16, -0.8064345461120002, 0.0], [-1.0, -1.7938038903913487e-16, 0.0], [0.0, 0.0, -0.8064345461120002]]
3	[[0.04673222253661188, -0.9725397674033924, -0.22799671093185395], [-0.8377629715199755, -0.16246744520517667, 0.5213036857710898], [-0.5440306084466285, 0.16664552219444034, -0.8223502702654952]]	0.5153302209266083	0.4846697790733916	[[0.024082526564183613, -0.5011791331959025, -0.11749359541505237], [-0.43172457719752083, -0.08372438443096535, 0.26864354355827086], [-0.2803554136416383, 0.08587747376889095, -0.4237819464549737]]	0.7111634656545665	0.450823545099758	[[-1.0801394741440366e-16, -0.7286767857787276, -0.09976680623334946], [-0.670795849223522, -0.12371345785513195, 0.23278248740880625], [-0.26548159990961556, 0.0, -0.5409529462023847]]	[[-0.033234249336877325, -0.037042034305245115, 0.06237612487079016], [-0.0750094310003081, -0.008172546466975267, -0.13794964842266097], [0.1214130930154513, -0.11851220709961316, 0.04387252198159434]]	0.6706009673200475	[[1.6102357750041972e-16, -0.8064345461120002, 0.0], [-1.0, -1.7938038903913487e-16, 0.0], [0.0, 0.0, -0.8064345461120002]]
3	[[-0.5446221603179724, 0.8109226453022452, -0.2139887049042392], [-0.8354447797583356, -0.5021691245819775, 0.22328947644507607], [0.07361197229480154, 0.30038414347728, 0.9509735242804028]]	0.5491026699484867	0.45089733005151333	[[-0.2990534823437113, 0.4452797896571526, -0.11750176920173663], [-0.4587449591598275, -0.27574240707365805, 0.12260884768739101], [0.04042053052724956, 0.16494173519356375, 0.5221821012326912]]	0.7475269271278481	0.362530650593975	[[-0.4725366159984732, 0.5490046797685675, -0.09009349252489258], [-0.6785598703963774, -0.454410018539508, 0.041984112177469356], [0.10796219707685678, 0.08881122079387489, 0.7108783163852695]]	[[-0.06541688605024905, -0.05718183341260563, 0.06986882649224126], [-0.054042401398626976, -0.07902507594226091, -0.12493078400950436], [0.05293526562750351, -0.13573401493762685, 0.0]]	0.42671710304266225	[[-0.6126292824869907, 0.6126292824869906, 0.0], [-0.7071067811865475, -0.7071067811865476, 0.0], [0.0, 0.0, 0.8663886400000002]]
3	[[0.3802729664721569, 0.7767473726770865, -0.5020517802076895], [0.4287143634067757, 0.332951791095048, 0.839849450446521], [0.8195098935212374, -0.5346088512602871, -0.20639019011321075]]	0.5124660013000895	0.48753399869991076	[[0.1948769665305093, 0.3980566200961769, -0.25728446824862605], [0.21970153551498375, 0.17062647300818207, 0.43039428956440634], [0.4199709581586906, -0.2739688602649936, -0.10576795543488236]]	0.6609312604562289	0.5089008318098548	[[0.12564921784010114, 0.40875907601345857, -0.2597906391742687], [0.3045382107263611, 0.16714776555158756, 0.4614753216758173], [0.5836597850277667, -0.29517160362250994, -0.08104894690949474]]	[[-0.12568507320777084, -0.10461754406607243, 0.07203107673269311], [0.02118748614423104, -0.05291048140802145, -0.093607434201273], [0.042020078146425256, 0.0581680982920082, 0.055360781587830366]]	0.7170662572585084	[[0.0, 0.5702353361388908, -0.5702353361388909], [0.0, 0.7071067811865476, 0.7071067811865475], [0.8064345461120002, 0.0, 0.0]]
3	[[0.08740825448676931, -0.06334395238859675, -0.994156597696443], [0.7119981850616444, -0.6940087028176986, 0.10681996481098455], [-0.6967197295301035, -0.717174639895393, -0.015561310176609944]]	0.6647772897308574	0.3352227102691427	[[0.05810702251781953, -0.042109620989731804, -0.6608927285846917], [0.4733202237585692, -0.4613612245087777, 0.07101148669619187], [-0.4631634534990382, -0.4767614133733629, -0.010344805603867968]]	0.8387540040517991	0.2590208220206195	[[0.038701044867334215, -0.030150148107940367, -0.7552449009907996], [0.6357855318056347, -0.6392382321601368, 0.07132124938091285], [-0.5553581651280605, -0.5400851880309504, 0.027365771264696855]]	[[-0.03461297857062218, 0.022979845590461685, 0.07860792598160592], [0.03859420320756654, -0.05713565382499669, -0.018274423816972748], [0.02901829771720038, 0.06144791278571769, 0.04041788248362045]]	0.2380908854538888	[[0.0, 0.0, -0.8064345461120002], [0.7071067811865475, -0.7071067811865476, 0.0], [-0.5702353361388909, -0.5702353361388908, 0.0]]
3	[[0.8592155572171323, 0.2624339665249735, -0.4391776855101157], [-0.4266000482917053, 0.8413623931712975, -0.33184593135155627], [0.2824199444684594, 0.4724804086637203, 0.8348660002631537]]	0.5192599022743988	0.48074009772560133	[[0.44615618627321124, 0.13627143581124057, -0.22804736205907938], [-0.22151629938620468, 0.43688575405548213, -0.17231428588376596], [0.14664935276503338, 0.24534013082929146, 0.43351243770886333]]	0.7542990262373257	0.43542764334782846	[[0.48202386395058416, 0.19388161045338131, -0.28932407589626613], [-0.3531798106660842, 0.7490562267285178, -0.25265205015900727], [0.24092753909864273, 0.32058691690295626, 0.4779373443921545]]	[[-0.16608159418625984, -0.004072074948005159, 0.041947224629176605], [-0.031395809646854796, 0.11441739284670213, -0.002340987279709968], [0.02789844999608419, -0.035804595268301695, -0.15180126664499333]]	0.6850816407745843	[[0.8064345461120002, 0.0, 0.0], [0.0, 0.7071067811865476, -0.7071067811865475], [0.0, 0.5702353361388908, 0.5702353361388909]]
3	[[0.8787972042104137, -0.3840163418041313, 0.28327887866788265], [-0.395223040501579, -0.9183905790867732, -0.018907472103605397], [0.2674214316928388, -0.09534250611366366, -0.9588511794847616]]	0.5974167125316309	0.4025832874683691	[[0.5250081367213737, -0.22941778047904723, 0.16923553642341316], [-0.23611284957320897, -0.548661880578041, -0.01129563982641945], [0.15976203258243787, -0.056959206566951845, -0.572833719454863]]	0.8044972131525276	0.34959704858434487	[[0.5661154701826426, -0.24181183589297084, 0.2310344120785378], [-0.3454754438989124, -0.8477206788989289, -0.022159358372261285], [0.20721540741538802, -0.07670278046342024, -0.6583248848753234]]	[[-0.14087443153086798, 0.06712824089348128, 0.0031373436452531316], [-0.027519609241723444, -0.10887801743808367, -0.0069483497571515805], [-0.007924389118759824, 0.0, 0.11306821684818141]]	0.5026720459678721	[[0.6126292824869907, -0.6126292824869906, 0.0], [-0.7071067811865475, -0.7071067811865476, 0.0], [0.0, 0.0, -0.8663886400000002]]
3	[[0.8489524140446696, -0.5135124485683378, 0.12483895166604869], [0.522794976890395, 0.7815435453534784, -0.34040431673891397], [0.0772347773085365, 0.35425224329800037, 0.9319550081910795]]	0.6971602709546687	0.30283972904533124	[[0.591855895003002, -0.3580004777824978, 0.0870327573691993], [0.3644718877426476, 0.5448611098415036, -0.2373163656918402], [0.05384501827554282, 0.24697058992393323, 0.6497220060280535]]	0.8366424208022237	0.24591649240762542	[[0.6746760133890622, -0.41569695536629786, 0.0521086954644217], [0.4764783728117896, 0.6230521401036504, -0.26544498069169653], [0.03093815440861596, 0.23523454357762266, 0.7400719658208067]]	[[-0.03559358944316206, 0.01392934271599367, -0.05233686726787305], [0.039085917762966986, -0.030820343643236308, 0.01935171091627532], [-0.03367973664891869, -0.0611479108298347, -0.039641128310934186]]	0.45046892810722194	[[0.6581749919284385, -0.6581749919284384, 0.0], [0.7071067811865475, 0.7071067811865476, 0.0], [0.0, 0.0, 0.9308000000000001]]
3	[[0.034229894132735264, 0.2773841392786001, 0.9601491309293217], [-0.1827544195208179, -0.9427759796974285, 0.2788803941677556], [0.9825625356654255, -0.18501754344446375, 0.018422055382213542]]	0.7865846747769396	0.21341532522306045	[[0.02692471014404664, 0.21818611298273896, 0.7552385918894017], [-0.14375182564283093, -0.7415731373778124, 0.21936304414810875], [0.7728686325643939, -0.14553196423829182, 0.014490506441541207]]	0.8822259532109225	0.18098247976940532	[[0.009181354591039076, 0.21729625785253778, 0.8002859940338409], [-0.16747895864138893, -0.8244606039849528, 0.2563106319489196], [0.8304726255621634, -0.14822232420706746, 0.0]]	[[-0.021017146388522256, -0.02741922882811648, -0.04678248822491862], [-0.00624826667612656, 0.007280833367972223, 0.010275110372433649], [-0.036369544054607586, 0.015004954418967811, -0.016252415369677746]]	0.36886891086989826	[[0.0, 0.0, 0.9308000000000001], [0.0, -1.0, 0.0], [0.9308000000000001, 0.0, 0.0]]
3	[[-0.3195682178843842, -0.5708200961323295, -0.7563336379995778], [0.910087742671785, 0.03735879733279218, -0.41272826520656647], [0.2638493031197415, -0.8202248094963509, 0.507557688474819]]	0.4192865110995312	0.5807134889004688	[[-0.13399064313503825, -0.23933716657282347, -0.31712049230405875], [0.3815875144193006, 0.01566403979254096, -0.17305139435062328], [0.11062845376111903, -0.3439091986910026, 0.21281209238234955]]	0.6259658036251681	0.5725375191775418	[[-0.25103667674894486, -0.2510366767489448, -0.4072977526958719], [0.6090925535689004, 0.041753591254386754, -0.05741540523289408], [0.31590387165737577, -0.3670450620546479, 0.3087177066526029]]	[[-0.050997900427883436, 0.10627718345192456, 0.0661412408232807], [0.03940874835794133, 0.018368261659495736, 0.2009383749759558], [0.15074323059408629, 0.1463876199750358, -0.008996049699669873]]	0.9357418625982117	[[0.0, 0.0, -0.8064345461120002], [0.7071067811865475, 0.7071067811865476, 0.0], [0.5702353361388909, -0.5702353361388908, 0.0]]
3	[[-0.42203838922340475, -0.825029846081567, 0.3757783270710803], [0.2588054115689476, 0.28760896992378115, 0.9221175843470338], [-0.8688517462515349, 0.4864224845687207, 0.09214016247897017]]	0.4144076134623087	0.5855923865376915	[[-0.1748959216675481, -0.341898649549838, 0.1557253997123853], [0.10725093295941814, 0.11918734683646712, 0.3821325474608834], [-0.3600587786166581, 0.20157718096453026, 0.03818358483693938]]	0.6094107939037565	0.632630651251711	[[-0.09659677420210026, -0.34218411786246433, 0.2983861651070328], [0.15105550231098852, 0.08560553087362952, 0.6264596081917433], [-0.4548474843800674, 0.17244824826771718, -0.02907393592970338]]	[[0.16059797563239742, 0.16059797563239742, 0.06938279647482026], [-0.006663309019832309, -0.08966647982146357, 0.06451119904220338], [0.07464014808774577, -0.12398286422594465, -0.08522514549643372]]	0.6944898164243438	[[0.0, -0.5702353361388908, 0.5702353361388909], [0.0, 0.7071067811865476, 0.7071067811865475], [-0.8064345461120002, 0.0, 0.0]]
3	[[-0.8305561570912853, 0.32773595720904825, 0.4502950280316503], [-0.5100865793185324, -0.772219296347621, -0.37879947194723407], [0.22358030216652452, -0.5443036842615101, 0.808545204538665]]	0.4697324886996617	0.5302675113003383	[[-0.39013921067531665, 0.15394822681617207, 0.21151820416639106], [-0.23960423835559158, -0.36273649189526946, -0.17793441867589194], [0.10502293176090394, -0.255677124216554, 0.37979995115412407]]	0.6999603536907207	0.5122032594638413	[[-0.4565299814685284, 0.11550598036677204, 0.2475024313686678], [-0.5454138369453649, -0.5971674840306692, -0.2747285535508371], [0.20910294947786093, -0.3139472557710417, 0.41260486329639573]]	[[0.12482640000909355, -0.11389619615844025, -0.06768623571753914], [-0.18837345447267537, -0.05664459223238875, -0.009583941188792817], [0.05260560209510221, 0.06704374357980736, -0.1533447240474244]]	0.6839528669061867	[[-0.6126292824869907, 0.6126292824869906, 0.0], [-0.7071067811865475, -0.7071067811865476, 0.0], [0.0, 0.0, 0.8663886400000002]]
3	[[0.5319609947059123, -0.8460851799387872, 0.03402011756955908], [-0.703274286200726, -0.4190807785627857, 0.5742617690636116], [-0.47161719485230363, -0.3294103357928521, -0.8179645788128509]]	0.47150519526967	0.5284948047303301	[[0.25082237268465907, -0.39893355798181174, 0.01604066217773209], [-0.33159747964321107, -0.19759876433001156, 0.2707674075582444], [-0.2223699575513694, -0.1553186847018563, -0.3856745484568266]]	0.6751364557358577	0.5394943277416859	[[0.41167668709895006, -0.5515096450128876, 0.09823563093952492], [-0.40496642579256703, -0.22982422998766716, 0.30214035539398043], [-0.2837638380275539, -0.04300508623945854, -0.4531834954897844]]	[[0.052530426543479114, 0.019713304621620548, 0.0752674093398956], [0.06983968320315623, 0.05311248151823556, -0.08556470003622993], [0.034642123369117754, 0.1793918403504864, 0.09905421116739727]]	0.6917341538224947	[[0.6126292824869907, -0.6126292824869906, 0.0], [-0.7071067811865475, -0.7071067811865476, 0.0], [0.0, 0.0, -0.8663886400000002]]
