3	[[0.034229894132735264, 0.2773841392786001, 0.9601491309293217], [-0.1827544195208179, -0.9427759796974285, 0.2788803941677556], [0.9825625356654255, -0.18501754344446375, 0.018422055382213542]]	0.8344670239883502	0.16553297601164998	[[0.028563717888379886, 0.23146791720538346, 0.8012127878715919], [-0.15250253657825533, -0.7867154660658143, 0.23271649256986504], [0.8199160350191746, -0.15439103886373692, 0.0153725977305443]]	0.9055323093038502	0.14348785472955114	[[0.009094823143525325, 0.22936383978203287, 0.8379326567885973], [-0.1658149480089432, -0.8259344378623191, 0.25441649284594287], [0.8700145367373923, -0.15567852919665925, 0.0]]	[[-0.021901451937716747, -0.021816460423178703, -0.031513403017916414], [-0.0003249164647723072, 0.027779672189293125, 0.0018812854956471682], [-0.019727585219167135, 0.01186083418033146, -0.01668176635237925]]	0.35629270449556666	[[0.0, 0.0, 0.9583999999999999], [0.0, -1.0, 0.0], [0.9583999999999999, 0.0, 0.0]]
3	[[-0.30792515101507295, 0.09349718223056193, 0.9468053539599837], [0.3027085282091916, -0.9338174967034747, 0.1906631317268273], [0.9019698710720718, 0.34531602882779927, 0.2592434992682147]]	0.6759245410049854	0.3240754589950146	[[-0.20813416636375404, 0.06319703998445206, 0.6399689742964648], [0.2046081229880925, -0.6311901628417208, 0.12887388979902883], [0.6096635711047161, 0.23340757828709455, 0.17522904325139432]]	0.8323069104649152	0.2789117062744844	[[-0.23756981137583977, 0.07375940810090725, 0.7291159806701698], [0.24663698979011162, -0.848758284111736, 0.11849281190391375], [0.6671568277602072, 0.25389418255729496, 0.16381040327493254]]	[[0.01871841971995807, -0.004058942778586936, -0.058916658295904506], [-0.005309410095062276, -0.0715355284923859, -0.04019743020320703], [-0.08355892896422662, -0.03351473453038429, -0.05195975265910877]]	0.47353281249406115	[[0.0, 0.0, 0.9583999999999999], [0.0, -1.0, 0.0], [0.9583999999999999, 0.0, 0.0]]
3	[[0.8489524140446696, -0.5135124485683378, 0.12483895166604869], [0.522794976890395, 0.7815435453534784, -0.34040431673891397], [0.0772347773085365, 0.35425224329800037, 0.9319550081910795]]	0.7348825865897115	0.2651174134102886	[[0.6238803459247265, -0.37737135644991626, 0.09174197170749383], [0.3841929248733218, 0.5743427421418575, -0.2501572047713965], [0.05675849292317767, 0.26033380486004226, 0.6848775070046962]]	0.8613795067373249	0.20924258271206417	[[0.7149692324910479, -0.42657286192967964, 0.05413541421786744], [0.47192105302242054, 0.6268415592846707, -0.2684326716627703], [0.03237953666262104, 0.25806244351139934, 0.7748126193121696]]	[[-0.01630097916221074, 0.015756237721591144, -0.05339830038983831], [0.021596173703820998, -0.046364034305648394, 0.02478463078105153], [-0.034148917718373285, -0.04708317908122306, -0.02795432594484203]]	0.4405403439758541	[[0.6776911390891871, -0.677691139089187, 0.0], [0.7071067811865475, 0.7071067811865476, 0.0], [0.0, 0.0, 0.9583999999999999]]
3	[[0.8787972042104137, -0.3840163418041313, 0.28327887866788265], [-0.395223040501579, -0.9183905790867732, -0.018907472103605397], [0.2674214316928388, -0.09534250611366366, -0.9588511794847616]]	0.6447680816804331	0.35523191831956696	[[0.5666203875448762, -0.24760148003898724, 0.18264917917927484], [-0.2548272016601112, -0.5921489319111608, -0.012190934517667949], [0.17242480351282663, -0.061473804769511885, -0.6182366356134104]]	0.8252666710704114	0.3184941108370671	[[0.5932095783460103, -0.2561258584319997, 0.23854741096056603], [-0.34348630714416606, -0.8490171443906723, -0.021018550553691413], [0.21395273029648362, -0.07868299263193355, -0.6913035005708291]]	[[-0.13203246491870246, 0.06079002960533305, 0.004766793777763528], [-0.017321904179101524, -0.09110000844530375, -0.005414843992392317], [-0.006741264409548862, 0.0, 0.10000442037449762]]	0.48657315102054394	[[0.6494991877030769, -0.6494991877030768, 0.0], [-0.7071067811865475, -0.7071067811865476, 0.0], [0.0, 0.0, -0.9185305599999999]]
3	[[0.22433838825039393, -0.7661379269479729, -0.6022499185961573], [-0.9416906372873723, -0.011392912655017143, -0.3362869982418849], [0.2507808429735371, 0.642575192824231, -0.724020780340167]]	0.47982443750000825	0.5201755624999918	[[0.10764304095190377, -0.36761169984523356, -0.28897422842482684], [-0.45184618033543783, -0.005466597906180328, -0.1613587197699787], [0.12033077691555533, 0.308323280448346, -0.34740286366503764]]	0.6877765378976893	0.5339429944502598	[[0.2924274966090679, -0.3986991845445144, -0.3272638587705161], [-0.6752862082991683, -0.028824834339581343, -0.03935223913433933], [0.2905490273406608, 0.2905490273406608, -0.48518406874625575]]	[[0.1381328166206643, 0.12823250640387518, 0.0869495051907142], [-0.027613482014990608, -0.020989056317142846, 0.1919380682564706], [0.11806784738925746, -0.151399114118929, 0.012780436922087815]]	0.7343866406951647	[[1.7577647969397244e-16, -0.8803196887039998, 0.0], [-1.0, -1.7938038903913487e-16, 0.0], [0.0, 0.0, -0.8803196887039998]]
3	[[0.5319609947059123, -0.8460851799387872, 0.03402011756955908], [-0.703274286200726, -0.4190807785627857, 0.5742617690636116], [-0.47161719485230363, -0.3294103357928521, -0.8179645788128509]]	0.49681935546627953	0.5031806445337207	[[0.2642885185229923, -0.4203514937667593, 0.016901852883795393], [-0.3494002775862524, -0.20820744229386984, 0.285304361975109], [-0.23430855077333626, -0.16365743071253552, -0.40638063484004733]]	0.7000613926354372	0.5165764960487436	[[0.4453607727261748, -0.5843792356400139, 0.10811112807470752], [-0.4025196854288207, -0.2189584815879243, 0.30458709575772674], [-0.30356462317029637, -0.0534814137486419, -0.4693910036923923]]	[[0.07295541794462142, 0.007932333716137765, 0.08429495719134067], [0.08981549077355248, 0.07442379187948255, -0.09743139803023496], [0.02659636704882576, 0.1771260446750092, 0.10323441847779087]]	0.6720885304789979	[[0.6494991877030769, -0.6494991877030768, 0.0], [-0.7071067811865475, -0.7071067811865476, 0.0], [0.0, 0.0, -0.9185305599999999]]
3	[[0.04673222253661188, -0.9725397674033924, -0.22799671093185395], [-0.8377629715199755, -0.16246744520517667, 0.5213036857710898], [-0.5440306084466285, 0.16664552219444034, -0.8223502702654952]]	0.5381053366582026	0.46189466334179735	[[0.025146858340849558, -0.5233288389520925, -0.12268624689294816], [-0.4508047258295326, -0.08742459929812972, 0.28051629533301403], [-0.2927457737105398, 0.08967284482302129, -0.4425110690321782]]	0.7365861616160917	0.4055115434475573	[[-0.010019661378195308, -0.7806033683000921, -0.10709359655414338], [-0.6586412915329928, -0.12968387947642618, 0.23578760360397794], [-0.27666797614630256, 0.0069911664965750355, -0.5870721806046753]]	[[-0.04444196980022715, -0.06424403400942066, 0.060845625612244526], [-0.04155667999700296, -0.010012607625172504, -0.14819747733447025], [0.12405744153106646, -0.11575761904713698, 0.018659648474141338]]	0.6433299062186395	[[1.7577647969397244e-16, -0.8803196887039998, 0.0], [-1.0, -1.7938038903913487e-16, 0.0], [0.0, 0.0, -0.8803196887039998]]
3	[[-0.5446221603179724, 0.8109226453022452, -0.2139887049042392], [-0.8354447797583356, -0.5021691245819775, 0.22328947644507607], [0.07361197229480154, 0.30038414347728, 0.9509735242804028]]	0.5863277190338677	0.4136722809661323	[[-0.3193270689945341, 0.4754664249329756, -0.12546750924551403], [-0.4898444320944569, -0.29443567738538506, 0.13092080940830803], [0.04316073980919523, 0.17612354967897564, 0.557582137352927]]	0.7702068583056083	0.3366338777440165	[[-0.48252758556671205, 0.5781606502037567, -0.11060015396188673], [-0.6736486649296904, -0.4244249493134401, 0.05178095012724306], [0.134869499626009, 0.10495461739244814, 0.7324463304678211]]	[[-0.06305586250459316, -0.04641753276335876, 0.054215414155293316], [-0.030183365824201898, -0.037650845531077656, -0.12019813601822311], [0.07817305371115042, -0.12640331004000877, 0.0]]	0.40594799932314357	[[-0.6494991877030769, 0.6494991877030768, 0.0], [-0.7071067811865475, -0.7071067811865476, 0.0], [0.0, 0.0, 0.9185305599999999]]
3	[[0.8592155572171323, 0.2624339665249735, -0.4391776855101157], [-0.4266000482917053, 0.8413623931712975, -0.33184593135155627], [0.2824199444684594, 0.4724804086637203, 0.8348660002631537]]	0.5627451590528544	0.4372548409471456	[[0.483519395406842, 0.14768344423296773, -0.24714511648485457], [-0.24006711202787104, 0.47347261376627203, -0.1867446914194742], [0.15893045656960153, 0.265886062722823, 0.46981680010590876]]	0.7814763468395701	0.38786441694394624	[[0.5353845041091356, 0.213595651681031, -0.2867652974030123], [-0.34324787797987943, 0.7507589533488486, -0.2584732371453957], [0.24286954054410181, 0.3335128112015635, 0.5296089471333836]]	[[-0.1360721306926348, 0.008509714234476641, 0.05644167588289049], [-0.009870030679293415, 0.09325414396514484, 0.0008565090007931746], [0.02216503406625587, -0.03571945251422779, -0.1228190848528294]]	0.6583676748557327	[[0.8803196887039998, 0.0, 0.0], [0.0, 0.7071067811865476, -0.7071067811865475], [0.0, 0.6224800214946288, 0.6224800214946289]]
3	[[0.3802729664721569, 0.7767473726770865, -0.5020517802076895], [0.4287143634067757, 0.332951791095048, 0.839849450446521], [0.8195098935212374, -0.5346088512602871, -0.20639019011321075]]	0.532877425484507	0.4671225745154932	[[0.20263887935503921, 0.41391114020402076, -0.26753206009698716], [0.228452206240432, 0.1774224932491847, 0.4475368129485202], [0.4366983222186795, -0.2848809883008116, -0.1099806731527857]]	0.6898651452726134	0.46082738978129895	[[0.19670390503899857, 0.45181602753401634, -0.2910364037300245], [0.34018352694114457, 0.20470821396957048, 0.4808128050198091], [0.5636372311765437, -0.28032076938948863, -0.07013751478841207]]	[[-0.06563316021956365, -0.08403491155798283, 0.05531162055732744], [0.04442843034907322, -0.02498362176299162, -0.09857005811960477], [-0.0017140805698287256, 0.08848724344921437, 0.07224388369688038]]	0.6953113008097085	[[0.0, 0.6224800214946288, -0.6224800214946289], [0.0, 0.7071067811865476, 0.7071067811865475], [0.8803196887039998, 0.0, 0.0]]
3	[[-0.42203838922340475, -0.825029846081567, 0.3757783270710803], [0.2588054115689476, 0.28760896992378115, 0.9221175843470338], [-0.8688517462515349, 0.4864224845687207, 0.09214016247897017]]	0.4387861986335597	0.5612138013664405	[[-0.18518462048476847, -0.36201170992136167, 0.16488634366439778], [0.11356024272813241, 0.12619884660576963, 0.4046124695287959], [-0.3812401549138413, 0.21343547293380033, 0.04042983163562588]]	0.6363217458308117	0.6117808296875915	[[-0.11184064187550687, -0.3682728692583949, 0.3309657199870337], [0.13909270223470338, 0.09214646497489637, 0.640683434948838], [-0.49005126208732813, 0.18061034933826142, -0.030765224271947483]]	[[0.15671156276275366, 0.15671156276275366, 0.09184979885978212], [-0.025590809085311042, -0.09086537688360549, 0.0539199638158426], [0.062817997955598, -0.128910855253868, -0.08939601332170044]]	0.6748533276414351	[[0.0, -0.6224800214946288, 0.6224800214946289], [0.0, 0.7071067811865476, 0.7071067811865475], [-0.8803196887039998, 0.0, 0.0]]
3	[[-0.8305561570912853, 0.32773595720904825, 0.4502950280316503], [-0.5100865793185324, -0.772219296347621, -0.37879947194723407], [0.22358030216652452, -0.5443036842615101, 0.808545204538665]]	0.5013023875031345	0.4986976124968657	[[-0.4163597845052897, 0.16429481781952104, 0.22573397263305722], [-0.25570762004568726, -0.38711537693505266, -0.18989307967207505], [0.11208133927475097, -0.2728607364470472, 0.4053256414394429]]	0.7308805690367401	0.47335060207501733	[[-0.502369602256984, 0.13029412473901184, 0.2519827901821574], [-0.5535534680292999, -0.5913714342318928, -0.28653118214235573], [0.21992170497474464, -0.33000374127717214, 0.45185836405125224]]	[[0.10466775445486272, -0.10924171815973804, -0.07712909614003005], [-0.18074109867896676, -0.026971355496192586, -0.009674008534744582], [0.056511206501868846, 0.06781724520467453, -0.13909161513389462]]	0.6807378047781562	[[-0.6494991877030769, 0.6494991877030768, 0.0], [-0.7071067811865475, -0.7071067811865476, 0.0], [0.0, 0.0, 0.9185305599999999]]
3	[[0.08740825448676931, -0.06334395238859675, -0.994156597696443], [0.7119981850616444, -0.6940087028176986, 0.10681996481098455], [-0.6967197295301035, -0.717174639895393, -0.015561310176609944]]	0.7501353587327796	0.24986464126722044	[[0.0655680223356388, -0.047516538448572135, -0.7457520160495811], [0.5340950139683045, -0.5206004672518256, 0.08012943262331078], [-0.5226341042472694, -0.5379780557719827, -0.011673088991683355]]	0.8777599393857984	0.1937616238754866	[[0.04320146595157968, -0.03214645010976126, -0.8238145867591496], [0.635898429919505, -0.6379829532844958, 0.07110094876497819], [-0.6052558536014755, -0.5902390228476843, 0.030299543525653533]]	[[-0.03352199820854538, 0.02345433369931031, 0.04881624817487178], [0.010934946156997756, -0.028809916366016174, -0.022661337072704735], [0.006296813959757846, 0.03926814559592763, 0.04395863820303829]]	0.18080828936327994	[[0.0, 0.0, -0.8803196887039998], [0.7071067811865475, -0.7071067811865476, 0.0], [-0.6224800214946289, -0.6224800214946288, 0.0]]
3	[[-0.3195682178843842, -0.5708200961323295, -0.7563336379995778], [0.910087742671785, 0.03735879733279218, -0.41272826520656647], [0.2638493031197415, -0.8202248094963509, 0.507557688474819]]	0.447085495961406	0.552914504038594	[[-0.14287431518634253, -0.25520538578406, -0.3381457996573357], [0.4068870298008114, 0.01670257643405306, -0.18452482114716845], [0.11796319654436097, -0.36671061575352576, 0.22692168088078923]]	0.652872350547927	0.5681588494612889	[[-0.2672295039472983, -0.2672295039472983, -0.4446752334041242], [0.609273963809879, -0.06970421297515089, -0.0573091375740822], [0.24668515746121977, -0.40055702830383105, 0.32746922659939304]]	[[-0.05859225037670828, 0.1054431539546094, 0.049114086635125065], [0.015102840046893636, -0.0940947388034546, 0.212149735068897], [0.07442524274300165, 0.1349450710497772, -0.0039011545138345444]]	0.9193358765379575	[[0.0, 0.0, -0.8803196887039998], [0.7071067811865475, 0.7071067811865476, 0.0], [0.6224800214946289, -0.6224800214946288, 0.0]]
