3	[[0.034229894132735264, 0.2773841392786001, 0.9601491309293217], [-0.1827544195208179, -0.9427759796974285, 0.2788803941677556], [0.9825625356654255, -0.18501754344446375, 0.018422055382213542]]	0.8641238825801106	0.1358761174198894	[[0.029578869018285353, 0.2396942593995661, 0.8296877948745646], [-0.15792245855500353, -0.8146752399794095, 0.24098720898371268], [0.849055753196966, -0.1598780779866643, 0.015918938021984193]]	0.9197042721013606	0.12664949646339785	[[0.00902863452411026, 0.23725123449240115, 0.8622044474148679], [-0.16481985427260334, -0.8268014786391658, 0.25331836497968874], [0.8955361351520432, -0.16052120477012394, 0.0]]	[[-0.02245274534334366, -0.017860143415286175, -0.020848810155238016], [0.003260166106097152, 0.04027361752310492, -0.003169124941707443], [-0.008130826506194051, 0.009640220349448453, -0.01694284303590966]]	0.348567066450395	[[0.0, 0.0, 0.976], [0.0, -1.0, 0.0], [0.976, 0.0, 0.0]]
3	[[0.8489524140446696, -0.5135124485683378, 0.12483895166604869], [0.522794976890395, 0.7815435453534784, -0.34040431673891397], [0.0772347773085365, 0.35425224329800037, 0.9319550081910795]]	0.7519918847383477	0.2480081152616524	[[0.6384053258906212, -0.38615719403550813, 0.09387787855211144], [0.39313758000354904, 0.5877144036754524, -0.2559812837175654], [0.05807992575559294, 0.26639481211045096, 0.7008226031009521]]	0.8766578119286863	0.19685357331476228	[[0.7440943384937773, -0.44131323768591985, 0.05280976585862337], [0.4695960446277, 0.626204203740971, -0.27102168136774507], [0.03787412957458403, 0.266908335454987, 0.8003356060119888]]	[[-0.0001464272341988653, 0.00886146187414121, -0.05663127635240589], [0.01128374409965813, -0.05894205065559746, 0.027396422115670782], [-0.02983434130551694, -0.04364966102546662, -0.016670032284783774]]	0.4345952428317169	[[0.6901362184380704, -0.6901362184380703, 0.0], [0.7071067811865475, 0.7071067811865476, 0.0], [0.0, 0.0, 0.976]]
3	[[-0.30792515101507295, 0.09349718223056193, 0.9468053539599837], [0.3027085282091916, -0.9338174967034747, 0.1906631317268273], [0.9019698710720718, 0.34531602882779927, 0.2592434992682147]]	0.7081489576061276	0.29185104239387255	[[-0.21805687471203333, 0.06620993213568258, 0.6704792244626632], [0.2143627287098241, -0.6612818868849291, 0.13501789798627253], [0.6387290239918211, 0.24453518585909356, 0.18358301377295114]]	0.8470763058733318	0.26448964516807644	[[-0.25412724867785236, 0.07805856997568716, 0.7411328593751184], [0.24396795181263226, -0.8497626826002823, 0.11873701742831773], [0.677998439523641, 0.2628114609770599, 0.17606867870216522]]	[[0.00670885072948349, -0.00114067775774296, -0.06088352223839682], [-0.012449270019163038, -0.05874800713282091, -0.04276920386108357], [-0.08603886687313507, -0.02969756508124129, -0.04353034697962992]]	0.47013814650115465	[[0.0, 0.0, 0.976], [0.0, -1.0, 0.0], [0.976, 0.0, 0.0]]
3	[[-0.8305561570912853, 0.32773595720904825, 0.4502950280316503], [-0.5100865793185324, -0.772219296347621, -0.37879947194723407], [0.22358030216652452, -0.5443036842615101, 0.808545204538665]]	0.5222394060279316	0.4777605939720683	[[-0.4337491541521943, 0.17115663162684894, 0.23516180797657993], [-0.2663873122061297, -0.40328334664788895, -0.1978240112334177], [0.11676244420299123, -0.2842568327675459, 0.4222541673650048]]	0.7503668410283737	0.45377528912690673	[[-0.5269317077218125, 0.14768780601109524, 0.24852786419423867], [-0.553402466900962, -0.5978104506033424, -0.28843911553231244], [0.2312093576934353, -0.337748933437185, 0.47702803288131035]]	[[0.09629009217144092, -0.09823438889126852, -0.08935859352065373], [-0.17065041172674583, -0.018362696621824565, -0.004200552384050387], [0.06344211264057102, 0.07067850268222968, -0.129677478077008]]	0.6804207742608134	[[-0.6735729491955568, 0.6735729491955567, 0.0], [-0.7071067811865475, -0.7071067811865476, 0.0], [0.0, 0.0, 0.952576]]
3	[[-0.42203838922340475, -0.825029846081567, 0.3757783270710803], [0.2588054115689476, 0.28760896992378115, 0.9221175843470338], [-0.8688517462515349, 0.4864224845687207, 0.09214016247897017]]	0.45448925215534636	0.5455107478446537	[[-0.1918119118989922, -0.3749671977514519, 0.17078721084672238], [0.11762427795772759, 0.13071518565382878, 0.4190925313091779], [-0.3948837803877269, 0.2210737912431834, 0.04187671353853925]]	0.653235497727582	0.5994067669741644	[[-0.12227543787260449, -0.3855237627733096, 0.35309413344245094], [0.1316308930970712, 0.09633765958804305, 0.649673906277479], [-0.5134378896754734, 0.1856496659171481, -0.03177504425564875]]	[[0.1534150193718933, 0.15341501937189328, 0.10762239092293571], [-0.03742998874376198, -0.09153872903103538, 0.04731396710318878], [0.05412691323862677, -0.13209876789598726, -0.09196426915329912]]	0.6642901557744603	[[0.0, -0.6574071984148633, 0.6574071984148634], [0.0, 0.7071067811865476, 0.7071067811865475], [-0.929714176, 0.0, 0.0]]
3	[[0.3802729664721569, 0.7767473726770865, -0.5020517802076895], [0.4287143634067757, 0.332951791095048, 0.839849450446521], [0.8195098935212374, -0.5346088512602871, -0.20639019011321075]]	0.5457564282532849	0.4542435717467154	[[0.20753641594312552, 0.4239148717673698, -0.27399798636435174], [0.23397361971376268, 0.18171058028856715, 0.4583532363461774], [0.4472527924063802, -0.29176621717640594, -0.11263877298270232]]	0.7072033479586289	0.4444728822286868	[[0.21102276299974515, 0.47144060029082757, -0.30587696398182634], [0.33194842393734886, 0.22187637116301334, 0.49387666365017957], [0.5931283986869622, -0.2986110875847993, -0.051461016970193396]]	[[-0.0579075520275237, -0.07787774218447686, 0.049175735829641305], [0.02876019081812476, -0.01358825020822665, -0.10006767948681475], [0.013568258303523643, 0.07946608187479241, 0.09449881646368716]]	0.6829158031082841	[[0.0, 0.6574071984148633, -0.6574071984148634], [0.0, 0.7071067811865476, 0.7071067811865475], [0.929714176, 0.0, 0.0]]
3	[[0.8787972042104137, -0.3840163418041313, 0.28327887866788265], [-0.395223040501579, -0.9183905790867732, -0.018907472103605397], [0.2674214316928388, -0.09534250611366366, -0.9588511794847616]]	0.6773523758113493	0.3226476241886507	[[0.5952553741282953, -0.2601143814714116, 0.1918796214828653], [-0.26770526545912976, -0.6220740406671869, -0.012807021149963937], [0.18113854210001687, -0.06458047303189816, -0.6494801244735178]]	0.838144081655992	0.2975923058540552	[[0.6118109013846014, -0.26549828056309205, 0.24220425397486148], [-0.34162126102354173, -0.8498039967205784, -0.020983967107871856], [0.21738377632052838, -0.07991075722941741, -0.7135042482109757]]	[[-0.12474777430018918, 0.056362743579225216, 0.004775738361229746], [-0.010367408693056732, -0.08006036821038016, -0.0051367812651592236], [-0.006753913960796565, 0.0, 0.09015119306304463]]	0.47785441619597296	[[0.6735729491955568, -0.6735729491955567, 0.0], [-0.7071067811865475, -0.7071067811865476, 0.0], [0.0, 0.0, -0.952576]]
3	[[0.8592155572171323, 0.2624339665249735, -0.4391776855101157], [-0.4266000482917053, 0.8413623931712975, -0.33184593135155627], [0.2824199444684594, 0.4724804086637203, 0.8348660002631537]]	0.5922779385675764	0.4077220614324236	[[0.5088944190137545, 0.15543384870352367, -0.26011525423881077], [-0.25266579719503973, 0.4983203838157788, -0.1965450241429372], [0.1672711025201486, 0.27983972245691435, 0.49447271361601836]]	0.799208249528246	0.35950300705059296	[[0.5704216409322598, 0.21172744360437815, -0.2893594973106727], [-0.3239626529087989, 0.752808773778627, -0.27280975793447587], [0.2481426840444998, 0.35314128888780455, 0.5530629215747069]]	[[-0.11627052051868089, 0.0019880526011997746, 0.06163493195773345], [0.01697962493508006, 0.08038500831329849, -0.007595752025928146], [0.022430334593997903, -0.024468951456717673, -0.11416887308625617]]	0.6422536264631837	[[0.929714176, 0.0, 0.0], [0.0, 0.7071067811865476, -0.7071067811865475], [0.0, 0.6574071984148633, 0.6574071984148634]]
3	[[0.08740825448676931, -0.06334395238859675, -0.994156597696443], [0.7119981850616444, -0.6940087028176986, 0.10681996481098455], [-0.6967197295301035, -0.717174639895393, -0.015561310176609944]]	0.8097779438254484	0.19022205617455162	[[0.07078127659166757, -0.05129453551901497, -0.8050460855231293], [0.5765604263066696, -0.5619929403646825, 0.08650045146414584], [-0.5641882700015098, -0.5807522052582476, -0.012601205758045225]]	0.901042410814036	0.15473458727813033	[[0.05381512922859347, -0.029858818216916556, -0.8638605581434787], [0.6343113841295795, -0.6378985537525522, 0.0677625724609632], [-0.6319550315022479, -0.6228692918257196, 0.02619433693277045]]	[[-0.02494341511921193, 0.027216769353794162, 0.03191669937160398], [-0.007229177033582574, -0.012567279039771301, -0.0284867461553968], [-0.004181006744740185, 0.023335474680313405, 0.040215737369728076]]	0.1473956156712089	[[0.0, 0.0, -0.929714176], [0.7071067811865475, -0.7071067811865476, 0.0], [-0.6574071984148634, -0.6574071984148633, 0.0]]
3	[[0.22433838825039393, -0.7661379269479729, -0.6022499185961573], [-0.9416906372873723, -0.011392912655017143, -0.3362869982418849], [0.2507808429735371, 0.642575192824231, -0.724020780340167]]	0.5051198433989779	0.49488015660102214	[[0.11331777154141806, -0.3869914696819776, -0.30420838456833804], [-0.47566662723688113, -0.005754786256160501, -0.16986523588905322], [0.12667438013025673, 0.32457748077144344, -0.36571726318303094]]	0.7050785020596371	0.5185020801539321	[[0.2822676266096229, -0.4028421924268017, -0.3677735838842305], [-0.6790104962379191, 0.005661552299259572, -0.03870969674361149], [0.3173565356118806, 0.32149218220472214, -0.48377231777617563]]	[[0.12409145186756185, 0.13734518947675078, 0.05685988658508641], [-0.015044672295753472, 0.013694450088155315, 0.19839903623890853], [0.14053635450284607, -0.1315737722124692, 0.026719169486118945]]	0.7402297634334691	[[1.856392479639423e-16, -0.929714176, 0.0], [-1.0, -1.7938038903913487e-16, 0.0], [0.0, 0.0, -0.929714176]]
3	[[0.04673222253661188, -0.9725397674033924, -0.22799671093185395], [-0.8377629715199755, -0.16246744520517667, 0.5213036857710898], [-0.5440306084466285, 0.16664552219444034, -0.8223502702654952]]	0.5532909611141735	0.4467090388858265	[[0.025856516322283377, -0.5380974626283778, -0.12614851932235588], [-0.4635266796981532, -0.08989176890733654, 0.28843261733264736], [-0.3010072182229637, 0.09220346114033522, -0.4549989714076963]]	0.7501161664548167	0.3806436199977146	[[-0.02034359868410472, -0.8113912714796403, -0.1183525492112785], [-0.6530251999859171, -0.12461935397823236, 0.23458232077005195], [-0.2791606861226535, 0.014136651156079356, -0.6168582322146358]]	[[-0.05539819430318129, -0.08187346943014852, 0.05267146955723084], [-0.0246056513915573, -0.0027498968072173155, -0.15645600155932432], [0.12892546831941287, -0.1108668491092753, 0.0]]	0.626875251733961	[[1.856392479639423e-16, -0.929714176, 0.0], [-1.0, -1.7938038903913487e-16, 0.0], [0.0, 0.0, -0.929714176]]
3	[[-0.5446221603179724, 0.8109226453022452, -0.2139887049042392], [-0.8354447797583356, -0.5021691245819775, 0.22328947644507607], [0.07361197229480154, 0.30038414347728, 0.9509735242804028]]	0.6112211191173271	0.388778880882673	[[-0.33288456632564745, 0.4956530467792218, -0.13079441569003653], [-0.5106414932446188, -0.3069363743131646, 0.13647924367988146], [0.0449931920864623, 0.1836011323412828, 0.5812551017616164]]	0.7829450083580695	0.31137753964353604	[[-0.4717640201704556, 0.5855481882693963, -0.1133031377754952], [-0.6729021957060267, -0.44075601085194904, 0.04053077579136093], [0.08898609442790559, 0.14444467763085178, 0.7432772068461474]]	[[-0.045354818308310715, -0.049359649034518144, 0.054238250574286856], [-0.018794875635430933, -0.04758520140894821, -0.13429260521019806], [0.031351968164298194, -0.09073958809459876, -0.0012827670698754184]]	0.3941537079551718	[[-0.6735729491955568, 0.6735729491955567, 0.0], [-0.7071067811865475, -0.7071067811865476, 0.0], [0.0, 0.0, 0.952576]]
3	[[-0.3195682178843842, -0.5708200961323295, -0.7563336379995778], [0.910087742671785, 0.03735879733279218, -0.41272826520656647], [0.2638493031197415, -0.8202248094963509, 0.507557688474819]]	0.4655152365266156	0.5344847634733845	[[-0.14876387453483814, -0.2657254520651869, -0.3520848323864092], [0.42365971078982956, 0.017391089376724653, -0.19213129599885453], [0.12282587074916912, -0.381827146197692, 0.23627583740125765]]	0.6674476344967557	0.5547581281978274	[[-0.2628708556247888, -0.2721286204243685, -0.4689311253300334], [0.5964369734191958, -0.047284139340766224, -0.06649633134065122], [0.27547296634951735, -0.43712212742122597, 0.3191907120773792]]	[[-0.049575804537512716, 0.10886390246236553, 0.035881972243110384], [-0.010998937611579176, -0.07221918024818214, 0.20897817296142124], [0.09936737311862831, 0.11033498143266565, -0.01957746646577994]]	0.909820416733097	[[0.0, 0.0, -0.929714176], [0.7071067811865475, 0.7071067811865476, 0.0], [0.6574071984148634, -0.6574071984148633, 0.0]]
3	[[0.5319609947059123, -0.8460851799387872, 0.03402011756955908], [-0.703274286200726, -0.4190807785627857, 0.5742617690636116], [-0.47161719485230363, -0.3294103357928521, -0.8179645788128509]]	0.5127818662987432	0.4872181337012568	[[0.27277995166343355, -0.4338571376167193, 0.017444899379021155], [-0.3606263009979247, -0.2148970237613556, 0.2944710216844567], [-0.24183674535494232, -0.16891564676595444, -0.4194374032899192]]	0.7151088192290398	0.49553008495398043	[[0.47894202247118867, -0.6062736486423798, 0.11076695958112706], [-0.4128593418630984, -0.2285669739643857, 0.294247439323449], [-0.30121864741614646, -0.06057226738291351, -0.49560950162041406]]	[[0.0985320236711383, -0.0012306746491640387, 0.08643887347592656], [0.09005830253604856, 0.07112138675523468, -0.1164122162800098], [0.03603896792279642, 0.17499196888775448, 0.08932418250562238]]	0.6598114220266851	[[0.6735729491955568, -0.6735729491955567, 0.0], [-0.7071067811865475, -0.7071067811865476, 0.0], [0.0, 0.0, -0.952576]]
