3	[[0.034229894132735264, 0.2773841392786001, 0.9601491309293217], [-0.1827544195208179, -0.9427759796974285, 0.2788803941677556], [0.9825625356654255, -0.18501754344446375, 0.018422055382213542]]	0.7855626797042018	0.21443732029579834	[[0.02688972736090265, 0.21790262775914068, 0.7542573242084983], [-0.14356505152655963, -0.740609624971866, 0.21907802975938614], [0.7718644584942871, -0.14534287722052153, 0.014471679191710883]]	0.8817044603132308	0.18180849755488784	[[0.009182994610005681, 0.21703796163597672, 0.7994731857139397], [-0.16751658874499523, -0.8244269451137226, 0.2563542615487313], [0.8296194877690195, -0.1480620712698705, 0.0]]	[[-0.0209976557228767, -0.027532871186111404, -0.04709458559231532], [-0.006381201911534726, 0.006822841261676059, 0.010464174117109266], [-0.036710282463864034, 0.015068722021310137, -0.01624280839863505]]	0.36914859765582725	[[0.0, 0.0, 0.9301999999999999], [0.0, -1.0, 0.0], [0.9301999999999999, 0.0, 0.0]]
3	[[-0.30792515101507295, 0.09349718223056193, 0.9468053539599837], [0.3027085282091916, -0.9338174967034747, 0.1906631317268273], [0.9019698710720718, 0.34531602882779927, 0.2592434992682147]]	0.6228061489140645	0.3771938510859357	[[-0.1917776774574793, 0.058230619999332794, 0.589676196271035], [0.18852873269741105, -0.581587278910463, 0.11874617081068034], [0.5617523818389123, 0.21506494607253976, 0.1614584454102429]]	0.8083574533890873	0.3000050513668793	[[-0.20669261903845293, 0.06928534652737525, 0.7153065673118064], [0.2529643386739018, -0.8447930674499199, 0.12173834286282771], [0.6554947026313911, 0.2423828916350167, 0.1374072725110777]]	[[0.042220971870541565, -0.0062937975995772145, -0.050050597470439315], [0.008267643691560975, -0.08993473388452672, -0.0323856207550585], [-0.07361936538211217, -0.03675589404265574, -0.07215414236505205]]	0.47990000997803484	[[0.0, 0.0, 0.9301999999999999], [0.0, -1.0, 0.0], [0.9301999999999999, 0.0, 0.0]]
3	[[0.8592155572171323, 0.2624339665249735, -0.4391776855101157], [-0.4266000482917053, 0.8413623931712975, -0.33184593135155627], [0.2824199444684594, 0.4724804086637203, 0.8348660002631537]]	0.5183493329947927	0.48165066700520737	[[0.44537381098224965, 0.13603247150339778, -0.22764746035036532], [-0.22112785048755174, 0.43611963530724446, -0.17201211717311496], [0.14639218983965235, 0.24490990468394647, 0.4327522343764362]]	0.7537017910267617	0.43636127225091087	[[0.48112924824357184, 0.19341180867352595, -0.2891374029652468], [-0.3530325448978218, 0.7490691761981554, -0.2527680531420448], [0.24075990546637316, 0.3202405631610614, 0.47697255553482076]]	[[-0.16646305610903783, -0.0043851419226038565, 0.041871605182715196], [-0.03150332444826052, 0.11493283356238604, -0.0026551803374330217], [0.027899487498816725, -0.03586876707384093, -0.15226744413086707]]	0.6856777363727968	[[0.8048760516079998, 0.0, 0.0], [0.0, 0.7071067811865476, -0.7071067811865475], [0.0, 0.5691333141066702, 0.5691333141066703]]
3	[[0.8787972042104137, -0.3840163418041313, 0.28327887866788265], [-0.395223040501579, -0.9183905790867732, -0.018907472103605397], [0.2674214316928388, -0.09534250611366366, -0.9588511794847616]]	0.5964334588411344	0.40356654115886575	[[0.5241440561271357, -0.22904019499375727, 0.16895700142052328], [-0.2357242450600665, -0.5477588696518364, -0.011277048984695635], [0.15949908947280797, -0.05686546069595441, -0.5718909254939978]]	0.8040365150756386	0.350218707914888	[[0.5655960890843726, -0.2415062516838578, 0.23080531016604638], [-0.34547687653838083, -0.8476914811401188, -0.02222841535810274], [0.20701900105638837, -0.07665885635420788, -0.657664425061451]]	[[-0.14098895244718257, 0.06725690951243116, 0.0030387477673873677], [-0.027703120375893238, -0.10927192045289204, -0.007026117379030006], [-0.00799759493845964, 0.0, 0.11328693576764258]]	0.5030508663446952	[[0.6118397270551175, -0.6118397270551174, 0.0], [-0.7071067811865475, -0.7071067811865476, 0.0], [0.0, 0.0, -0.8652720399999998]]
3	[[0.3802729664721569, 0.7767473726770865, -0.5020517802076895], [0.4287143634067757, 0.332951791095048, 0.839849450446521], [0.8195098935212374, -0.5346088512602871, -0.20639019011321075]]	0.5115768129988713	0.4884231870011289	[[0.1945388322574527, 0.3973659454193905, -0.2568380496790596], [0.21932032771847818, 0.17033041617067063, 0.42964750525828466], [0.41924225954863903, -0.2734934923287253, -0.10558443569234753]]	0.6602915463906073	0.5093677803504489	[[0.125551456888953, 0.40897963681947247, -0.25857144217592587], [0.304360258348771, 0.16586472426819476, 0.4619597278878438], [0.5825161903025923, -0.2937870762674531, -0.08166777835030489]]	[[-0.12553956819349105, -0.10390008704032228, 0.07292910414556664], [0.021283788375046256, -0.05398052874747679, -0.0925857644827913], [0.041400735427052665, 0.05921062884530804, 0.0546099194393985]]	0.7175645379998835	[[0.0, 0.5691333141066702, -0.5691333141066703], [0.0, 0.7071067811865476, 0.7071067811865475], [0.8048760516079998, 0.0, 0.0]]
3	[[0.22433838825039393, -0.7661379269479729, -0.6022499185961573], [-0.9416906372873723, -0.011392912655017143, -0.3362869982418849], [0.2507808429735371, 0.642575192824231, -0.724020780340167]]	0.4408149914288047	0.5591850085711952	[[0.09889172469374925, -0.3377250837008529, -0.2654807927039634], [-0.4151113502044187, -0.005022166694370528, -0.14824035024761495], [0.11054795514588818, 0.2832567781171759, -0.3191592140799273]]	0.6574948715810033	0.5569124104265479	[[0.27713064075944027, -0.39168280872332545, -0.27770351608547794], [-0.6801123772612914, -0.04984856742721942, -0.040231678053461326], [0.2516447418272622, 0.25164474182726215, -0.47409256449379744]]	[[0.12962930098605824, 0.11204894916866809, 0.11827271680157223], [-0.06095561262899736, -0.042357785784175365, 0.18087529866994786], [0.08675762368140072, -0.17084515205984405, 0.0019473854979384295]]	0.73131486049625	[[1.6071238750768096e-16, -0.8048760516079998, 0.0], [-1.0, -1.7938038903913487e-16, 0.0], [0.0, 0.0, -0.8048760516079998]]
3	[[-0.5446221603179724, 0.8109226453022452, -0.2139887049042392], [-0.8354447797583356, -0.5021691245819775, 0.22328947644507607], [0.07361197229480154, 0.30038414347728, 0.9509735242804028]]	0.5483165442226731	0.4516834557773269	[[-0.2986253408526372, 0.44464230250403564, -0.11733354717577785], [-0.4580881945259628, -0.2753476390061149, 0.12243331408565407], [0.040362662262100724, 0.16470559549074976, 0.5214345164806867]]	0.7470233365211983	0.36314500615325895	[[-0.4723039651938005, 0.548383670718953, -0.0896732201187435], [-0.6786685863887696, -0.4550617753427414, 0.04176911904184674], [0.10741267164785331, 0.08848055063548128, 0.7103994150512694]]	[[-0.06545850184968584, -0.05739446943532637, 0.07018133619667143], [-0.054571839534479916, -0.07992972039958328, -0.12503333066222552], [0.05242281049628465, -0.13591341446297878, 0.0]]	0.4271952460226631	[[-0.6118397270551175, 0.6118397270551174, 0.0], [-0.7071067811865475, -0.7071067811865476, 0.0], [0.0, 0.0, 0.8652720399999998]]
3	[[0.5319609947059123, -0.8460851799387872, 0.03402011756955908], [-0.703274286200726, -0.4190807785627857, 0.5742617690636116], [-0.47161719485230363, -0.3294103357928521, -0.8179645788128509]]	0.4709519351833334	0.5290480648166667	[[0.25052805989880034, -0.39846545282211077, 0.016021840204548374], [-0.33120838605090935, -0.19736690366228188, 0.27044969144231235], [-0.22210903058142764, -0.15513643511103536, -0.38522200130333234]]	0.6745869253521936	0.5399935211472957	[[0.4109725040980775, -0.5508060670795727, 0.09802604370912002], [-0.4050278663352098, -0.23007502885357375, 0.3020789148513376], [-0.2833331319248137, -0.04278930534071536, -0.45283497303578746]]	[[0.05211857227212156, 0.01995193304139127, 0.07507651719775099], [0.06939177207219649, 0.052631385031299306, -0.08531056628859562], [0.03481366149382825, 0.17942660026101842, 0.09895323723257567]]	0.6921661822913733	[[0.6118397270551175, -0.6118397270551174, 0.0], [-0.7071067811865475, -0.7071067811865476, 0.0], [0.0, 0.0, -0.8652720399999998]]
3	[[0.8489524140446696, -0.5135124485683378, 0.12483895166604869], [0.522794976890395, 0.7815435453534784, -0.34040431673891397], [0.0772347773085365, 0.35425224329800037, 0.9319550081910795]]	0.6959044863181033	0.3040955136818968	[[0.5907897936042695, -0.3573556167389005, 0.08687598653165214], [0.3638153698425951, 0.5438796594644415, -0.23688889118065878], [0.053748028028790196, 0.24652572539933074, 0.6485516712467969]]	0.8360990292956825	0.24674385543729516	[[0.6738378842465411, -0.41547361837865593, 0.05204506711309087], [0.4765731339053843, 0.6229868891416439, -0.2653772474315229], [0.030904666687817745, 0.2347361915245565, 0.7393548836429666]]	[[-0.03597040505443344, 0.013873641400580315, -0.05233265919318307], [0.039464761206666366, -0.030460910480705383, 0.019234471361943152], [-0.03367125564771784, -0.061453765222719475, -0.03985179405284463]]	0.4506927089330025	[[0.6577507278597265, -0.6577507278597264, 0.0], [0.7071067811865475, 0.7071067811865476, 0.0], [0.0, 0.0, 0.9301999999999999]]
3	[[0.08740825448676931, -0.06334395238859675, -0.994156597696443], [0.7119981850616444, -0.6940087028176986, 0.10681996481098455], [-0.6967197295301035, -0.717174639895393, -0.015561310176609944]]	0.6630220397543889	0.3369779602456113	[[0.05795359918118851, -0.04199843651879231, -0.6591477352399789], [0.4720704889609944, -0.460143065749488, 0.07082399095547103], [-0.4619405362101754, -0.47550259260356276, -0.010317491614546662]]	0.837905464669164	0.2604159043658978	[[0.038615626142674914, -0.030092966521436015, -0.7537955106001065], [0.6357935180921688, -0.6392569028091286, 0.07131326309437863], [-0.5542928578666386, -0.5390403475852342, 0.02730537110524996]]	[[-0.034624227948982074, 0.02298327733871254, 0.07921373534664672], [0.03920634799449024, -0.05774321819022125, -0.01819176915651313], [0.029492410849457196, 0.06188420230525539, 0.040344277939643305]]	0.23937179379986717	[[0.0, 0.0, -0.8048760516079998], [0.7071067811865475, -0.7071067811865476, 0.0], [-0.5691333141066703, -0.5691333141066702, 0.0]]
3	[[-0.8305561570912853, 0.32773595720904825, 0.4502950280316503], [-0.5100865793185324, -0.772219296347621, -0.37879947194723407], [0.22358030216652452, -0.5443036842615101, 0.808545204538665]]	0.4690629278694561	0.5309370721305438	[[-0.38958310280524217, 0.15372878765657497, 0.2112167042535847], [-0.23926270436206637, -0.3622194441021065, -0.17768078938697351], [0.10487323114816767, -0.25531267978983596, 0.3792585809557144]]	0.6992922202292059	0.5129298219716402	[[-0.4556777279239871, 0.11506474491401567, 0.2474921594845472], [-0.5453380989819299, -0.5970830243371296, -0.27455997108909946], [0.20877988754125898, -0.3136592242364453, 0.41180339874423255]]	[[0.1251237311934148, -0.11411846025164366, -0.06739565042587804], [-0.1886385224211525, -0.057076078090366446, -0.009668447329467386], [0.052431921639713316, 0.0669681076097228, -0.1536059724932878]]	0.6840568592028465	[[-0.6118397270551175, 0.6118397270551174, 0.0], [-0.7071067811865475, -0.7071067811865476, 0.0], [0.0, 0.0, 0.8652720399999998]]
3	[[-0.42203838922340475, -0.825029846081567, 0.3757783270710803], [0.2588054115689476, 0.28760896992378115, 0.9221175843470338], [-0.8688517462515349, 0.4864224845687207, 0.09214016247897017]]	0.41388119196078704	0.5861188080392131	[[-0.17467375158499332, -0.34146433609946364, 0.1555275819212092], [0.10711469222605814, 0.11903594329066863, 0.38164712493755193], [-0.35960139637579647, 0.2013211177098297, 0.03813508027425675]]	0.6088207077609207	0.6331011183732069	[[-0.09628027262672617, -0.34162981661271696, 0.2977059352463671], [0.15131901037682416, 0.08546393930096163, 0.6261488263652459], [-0.4541016622486574, 0.17226759303560824, -0.029035857716080124]]	[[0.16066543820254597, 0.16066543820254597, 0.06892430819773734], [-0.006247083466938863, -0.08963835732642418, 0.06474454602429446], [0.07487327284351379, -0.12387648829034578, -0.08513269664973297]]	0.6949507281639573	[[0.0, -0.5691333141066702, 0.5691333141066703], [0.0, 0.7071067811865476, 0.7071067811865475], [-0.8048760516079998, 0.0, 0.0]]
3	[[-0.3195682178843842, -0.5708200961323295, -0.7563336379995778], [0.910087742671785, 0.03735879733279218, -0.41272826520656647], [0.2638493031197415, -0.8202248094963509, 0.507557688474819]]	0.4186963098920243	0.5813036901079757	[[-0.13380203358696205, -0.23900026786281692, -0.31667410327763323], [0.3810503795346385, 0.015641990585244125, -0.17280780163012613], [0.11047272958381793, -0.3434251010180107, 0.21251253122173233]]	0.6253725892717986	0.5869234135856647	[[-0.25068916204927716, -0.2506891620492771, -0.40651287625514915], [0.6090903232233531, -0.06341996835506572, -0.057416711739066865], [0.23064008894427684, -0.36633911111768114, 0.3083146766691795]]	[[-0.0508399581819455, 0.10628607947737483, 0.06647744929400609], [0.039946395124172474, -0.08678313617515436, 0.2006922321388212], [0.06563596707472447, 0.14660700178201955, -0.009097989177126925]]	0.9361149890682362	[[0.0, 0.0, -0.8048760516079998], [0.7071067811865475, 0.7071067811865476, 0.0], [0.5691333141066703, -0.5691333141066702, 0.0]]
3	[[0.04673222253661188, -0.9725397674033924, -0.22799671093185395], [-0.8377629715199755, -0.16246744520517667, 0.5213036857710898], [-0.5440306084466285, 0.16664552219444034, -0.8223502702654952]]	0.5147377901088571	0.48526220989114277	[[0.024054840955370936, -0.5006029706662042, -0.11735852313715041], [-0.43122826059522157, -0.08362813370954449, 0.2683347071894128], [-0.28003311314339463, 0.08577874782590272, -0.4232947608118824]]	0.7104866426766219	0.45177255909101843	[[-1.0780012394683734e-16, -0.7272611144356615, -0.0997744186612633], [-0.6707642492193405, -0.12396246411100392, 0.2328048319860484], [-0.26499397113653256, 0.0, -0.5398820804714671]]	[[-0.03320261989485413, -0.03628460022372251, 0.06221419903002183], [-0.07554484822532287, -0.008531514422930042, -0.13757447353240185], [0.12153250937203239, -0.11839941758102039, 0.044386802153677095]]	0.6712094052796423	[[1.6071238750768096e-16, -0.8048760516079998, 0.0], [-1.0, -1.7938038903913487e-16, 0.0], [0.0, 0.0, -0.8048760516079998]]
