3	[[0.22433838825039393, -0.7661379269479729, -0.6022499185961573], [-0.9416906372873723, -0.011392912655017143, -0.3362869982418849], [0.2507808429735371, 0.642575192824231, -0.724020780340167]]	0.43544073693813096	0.5645592630618691	[[0.09768607310326408, -0.33360766350647725, -0.26224414837444004], [-0.41005046506815157, -0.0049609382823724785, -0.1464330583371583], [0.10920019507436274, 0.27980341550154475, -0.315268142149843]]	0.6529151253245401	0.560409085104458	[[0.27276188544333363, -0.390350590780537, -0.2720015286719175], [-0.6816207484492715, -0.049483138047419495, -0.04032154765330297], [0.2470246653116752, 0.2470246653116751, -0.47129528649284014]]	[[0.12628795856372235, 0.10987244980858214, 0.12121655240498666], [-0.06677668798784064, -0.04204453305345744, 0.17924531994881077], [0.0832860597926144, -0.17252239724159824, 0.001428832040531354]]	0.7314405391857677	[[1.5864802770574553e-16, -0.7945373727279997, 0.0], [-1.0, -1.7938038903913487e-16, 0.0], [0.0, 0.0, -0.7945373727279997]]
3	[[0.8787972042104137, -0.3840163418041313, 0.28327887866788265], [-0.395223040501579, -0.9183905790867732, -0.018907472103605397], [0.2674214316928388, -0.09534250611366366, -0.9588511794847616]]	0.5899258767204667	0.4100741232795334	[[0.5184252111533233, -0.22654117711378857, 0.16711354085454141], [-0.23315229866802256, -0.5417823675395818, -0.011154007057287203], [0.15775882254524032, -0.05624501150782949, -0.5656511227020015]]	0.8009561543900066	0.3543613945584674	[[0.5621337918931995, -0.23947475833749216, 0.22928205452380046], [-0.34548713151710503, -0.8474958051547767, -0.022690563997022063], [0.20571324172815983, -0.07636516704670573, -0.6532648095546163]]	[[-0.14174423727986288, 0.06810549401686317, 0.0023880932460599528], [-0.028930804870634548, -0.1119052187014235, -0.00754650785168196], [-0.00847959980200608, 0.0, 0.1147329437978204]]	0.5056049381196777	[[0.6065890349407387, -0.6065890349407387, 0.0], [-0.7071067811865475, -0.7071067811865476, 0.0], [0.0, 0.0, -0.8578464399999999]]
3	[[0.08740825448676931, -0.06334395238859675, -0.994156597696443], [0.7119981850616444, -0.6940087028176986, 0.10681996481098455], [-0.6967197295301035, -0.717174639895393, -0.015561310176609944]]	0.6512968867812335	0.34870311321876657	[[0.05692872402621462, -0.04125571898711174, -0.6474910970527165], [0.46372220132453756, -0.45200570754424935, 0.06957151052747512], [-0.45377139080201945, -0.46709361024232166, -0.010135032872263187]]	0.832249963370184	0.26967932695739666	[[0.038049372097016684, -0.029713297013541844, -0.744180350025154], [0.6358473691228494, -0.6393819139790706, 0.07125941206369801], [-0.5472254457382504, -0.5321094671485702, 0.026904969029690706]]	[[-0.03469614449784879, 0.023004705041590474, 0.08320644199193751], [0.04328690568565838, -0.061793196480451916, -0.01764149973744822], [0.03261952364246279, 0.06475910063439558, 0.0398558688541664]]	0.24793129410294393	[[0.0, 0.0, -0.7945373727279997], [0.7071067811865475, -0.7071067811865476, 0.0], [-0.5618227641621121, -0.561822764162112, 0.0]]
3	[[-0.8305561570912853, 0.32773595720904825, 0.4502950280316503], [-0.5100865793185324, -0.772219296347621, -0.37879947194723407], [0.22358030216652452, -0.5443036842615101, 0.808545204538665]]	0.4646170749527669	0.5353829250472332	[[-0.3858905722917637, 0.1522717217953132, 0.20921475878983956], [-0.2369949344556391, -0.35878627069111557, -0.17599670264977657], [0.10387922600966638, -0.2528927856675972, 0.37566390789984117]]	0.6948385158801117	0.5177700552493572	[[-0.4500266928208491, 0.11214660729389078, 0.2473995017231427], [-0.5448365829872792, -0.5965153428681613, -0.2734379000724723], [0.2066381014361714, -0.3117400372210055, 0.4064886955731521]]	[[0.12707571472754847, -0.11557695881379206, -0.06548282726256249], [-0.19040878124322733, -0.05994763305999616, -0.010233437168486183], [0.05128589609875659, 0.06646312693933912, -0.15531965437047526]]	0.6847851652135385	[[-0.6065890349407387, 0.6065890349407387, 0.0], [-0.7071067811865475, -0.7071067811865476, 0.0], [0.0, 0.0, 0.8578464399999999]]
3	[[0.3802729664721569, 0.7767473726770865, -0.5020517802076895], [0.4287143634067757, 0.332951791095048, 0.839849450446521], [0.8195098935212374, -0.5346088512602871, -0.20639019011321075]]	0.5055624297811452	0.49443757021885504	[[0.19225172490974762, 0.3926942890567486, -0.253818517877749], [0.2167418752460064, 0.16832791650599674, 0.4245963288181027], [0.4143134129982844, -0.2702781498256576, -0.1043431259966273]]	0.6560351768511208	0.512629867554689	[[0.12485892549111244, 0.41035031595808275, -0.25057325617790477], [0.30317543427712934, 0.15735435675196902, 0.4651556149686269], [0.5749767541098998, -0.28470366862125696, -0.08572271810220225]]	[[-0.12461351732014936, -0.09922328404477312, 0.07879037223906671], [0.02192373106094956, -0.06107373040196822, -0.08581516778337328], [0.03734943618245165, 0.06601854366146005, 0.0496765067690544]]	0.7209099470490539	[[0.0, 0.561822764162112, -0.5618227641621121], [0.0, 0.7071067811865476, 0.7071067811865475], [0.7945373727279997, 0.0, 0.0]]
3	[[0.8592155572171323, 0.2624339665249735, -0.4391776855101157], [-0.4266000482917053, 0.8413623931712975, -0.33184593135155627], [0.2824199444684594, 0.4724804086637203, 0.8348660002631537]]	0.5123142628954122	0.4876857371045879	[[0.440188384863966, 0.13444866411896111, -0.22499699223222805], [-0.21855328929171225, 0.4310419542854733, -0.17000940371521409], [0.14468776567732206, 0.24205845229707698, 0.4277137595412586]]	0.7497170535086575	0.4428470533203548	[[0.47415671225587463, 0.19313464105049877, -0.2883672933540885], [-0.3547135900157654, 0.749478625927252, -0.25009850893500624], [0.2402550047701325, 0.3148659518286049, 0.4718462409500849]]	[[-0.17001184362975322, -0.0036165790731940532, 0.04089170699330724], [-0.03488425878385716, 0.11869489158587444, -0.001307955063281194], [0.028519956151160434, -0.039360667995325935, -0.1540670368417648]]	0.6890219311912137	[[0.6549223007349803, 0.6549223007349801, 0.0], [-0.7071067811865475, 0.7071067811865476, 0.0], [0.0, 0.0, 0.9261999999999999]]
3	[[-0.5446221603179724, 0.8109226453022452, -0.2139887049042392], [-0.8354447797583356, -0.5021691245819775, 0.22328947644507607], [0.07361197229480154, 0.30038414347728, 0.9509735242804028]]	0.5422259096603921	0.4577740903396078	[[-0.29530824629962044, 0.4397032690132213, -0.11603022017375028], [-0.45299980567548953, -0.2722891103798255, 0.12107333948302405], [0.03991431863944435, 0.16287606544452587, 0.5156424842658904]]	0.7436545362450437	0.36728266647208	[[-0.47073637506547616, 0.5442570418699525, -0.08689875642960322], [-0.679395414998868, -0.459406185445962, 0.04033373211172237], [0.10378697338354548, 0.08629768703828081, 0.7071957751800578]]	[[-0.06572563500544053, -0.05878926185289297, 0.0722349146776363], [-0.05811311474934029, -0.08596583798837197, -0.1257164999424393], [0.04904509626457185, -0.1370843438746805, 0.0]]	0.43040906165772724	[[-0.6065890349407387, 0.6065890349407387, 0.0], [-0.7071067811865475, -0.7071067811865476, 0.0], [0.0, 0.0, 0.8578464399999999]]
3	[[0.5319609947059123, -0.8460851799387872, 0.03402011756955908], [-0.703274286200726, -0.4190807785627857, 0.5742617690636116], [-0.47161719485230363, -0.3294103357928521, -0.8179645788128509]]	0.46726098158723944	0.5327390184127606	[[0.24856461655240888, -0.3953425916846139, 0.015896273529265467], [-0.3286126332952164, -0.19582009595559174, 0.2683301179006878], [-0.22036831340010773, -0.15392059684755025, -0.38220293199968564]]	0.6709154076650659	0.5433261508670738	[[0.40629943260931667, -0.5461268569640513, 0.09663728543796583], [-0.4054365520593485, -0.2317493130172619, 0.301670229127199], [-0.2804732742079913, -0.04136371714691376, -0.45050301653984776]]	[[0.049398604984285666, 0.021524726453950815, 0.07381266438997161], [0.06640100236736983, 0.049418438376782635, -0.08361083977057586], [0.035941968338196816, 0.17964275258063384, 0.09828202230996]]	0.6950514545827804	[[0.6065890349407387, -0.6065890349407387, 0.0], [-0.7071067811865475, -0.7071067811865476, 0.0], [0.0, 0.0, -0.8578464399999999]]
3	[[-0.42203838922340475, -0.825029846081567, 0.3757783270710803], [0.2588054115689476, 0.28760896992378115, 0.9221175843470338], [-0.8688517462515349, 0.4864224845687207, 0.09214016247897017]]	0.41037573376956915	0.589624266230431	[[-0.17319431365648175, -0.3385722284675179, 0.15421030670649571], [0.10620746067614223, 0.11802774207118162, 0.3784146802982367], [-0.3565556729049452, 0.19961598402690572, 0.037812086786954704]]	0.6048814495173515	0.6362544256374432	[[-0.09418621983608949, -0.33794827640356384, 0.2932009652871217], [0.15307939492015388, 0.08452079162156273, 0.6240753492197726], [-0.4491503437022634, 0.17105995746615726, -0.028780692168268115]]	[[0.16109697278933172, 0.16109697278933172, 0.0658996261111612], [-0.003467197572605857, -0.08944853900012638, 0.06630352817450005], [0.07640195998604704, -0.12316798007760207, -0.08451456720731189]]	0.6980554045914962	[[0.0, -0.561822764162112, 0.5618227641621121], [0.0, 0.7071067811865476, 0.7071067811865475], [-0.7945373727279997, 0.0, 0.0]]
3	[[-0.30792515101507295, 0.09349718223056193, 0.9468053539599837], [0.3027085282091916, -0.9338174967034747, 0.1906631317268273], [0.9019698710720718, 0.34531602882779927, 0.2592434992682147]]	0.6151465489102947	0.3848534510897055	[[-0.18941909396960346, 0.057514468981967104, 0.5824240459782741], [0.1862101064535988, -0.5744346104091932, 0.11728576748618674], [0.5548436534110484, 0.2124199634168286, 0.15947274390227079]]	0.8049773867682787	0.29338921624838654	[[-0.17909305013302657, 0.07487114867119911, 0.7371837455727532], [0.26101279066957594, -0.8366849111956809, 0.1332647116619776], [0.677921390882379, 0.24895577431292823, 0.1042219014618275]]	[[0.06877973325131445, -0.00039196875095615785, -0.02497315403616957], [0.01733927067926917, -0.08498294298082221, -0.02021479786853994], [-0.048143958876938626, -0.02901582018207318, -0.1044632531157642]]	0.48089202152379185	[[0.0, 0.0, 0.9261999999999999], [0.0, -1.0, 0.0], [0.9261999999999999, 0.0, 0.0]]
3	[[0.8489524140446696, -0.5135124485683378, 0.12483895166604869], [0.522794976890395, 0.7815435453534784, -0.34040431673891397], [0.0772347773085365, 0.35425224329800037, 0.9319550081910795]]	0.6875390421350068	0.31246095786499317	[[0.5836879295704739, -0.3530598570130769, 0.08583165324961353], [0.3594419576442152, 0.5373417005591278, -0.23404125786929436], [0.05310192481022176, 0.24356224803128457, 0.6407554536446172]]	0.8324701664632469	0.25225514763755397	[[0.6682684507061801, -0.41398040035224626, 0.05163098603026782], [0.47720914692959443, 0.6225352149173526, -0.2649283239967885], [0.030686649729667746, 0.23143979081024066, 0.7345788517850955]]	[[-0.03845910673296141, 0.013503393188387298, -0.05229371684426498], [0.04199792549149805, -0.028076470381333624, 0.01844811422366302], [-0.03360899819312145, -0.06346463313802436, -0.041245889019989046]]	0.4521930323699398	[[0.6549223007349803, -0.6549223007349801, 0.0], [0.7071067811865475, 0.7071067811865476, 0.0], [0.0, 0.0, 0.9261999999999999]]
3	[[0.034229894132735264, 0.2773841392786001, 0.9601491309293217], [-0.1827544195208179, -0.9427759796974285, 0.2788803941677556], [0.9825625356654255, -0.18501754344446375, 0.018422055382213542]]	0.778800622782071	0.22119937721792915	[[0.026658262868338584, 0.21602694042004245, 0.7477647411314199], [-0.14232925573898883, -0.7342345201323344, 0.21719222465955754], [0.7652203146985643, -0.14409177806015722, 0.014347108204593709]]	0.8782116085977776	0.18731469496084546	[[0.00919366070611441, 0.21532034830790983, 0.7940605199779274], [-0.1677690797527211, -0.8242007363416869, 0.2566478868263819], [0.823938902040278, -0.14699569206354712, 0.0]]	[[-0.02086742968232666, -0.028281622847459536, -0.049153592789270506], [-0.007272027006990499, 0.003756073335737707, 0.011731887257934951], [-0.0389589229543665, 0.015488862383624631, -0.0161784628908911]]	0.3710200412844189	[[0.0, 0.0, 0.9261999999999999], [0.0, -1.0, 0.0], [0.9261999999999999, 0.0, 0.0]]
3	[[-0.3195682178843842, -0.5708200961323295, -0.7563336379995778], [0.910087742671785, 0.03735879733279218, -0.41272826520656647], [0.2638493031197415, -0.8202248094963509, 0.507557688474819]]	0.4147764003592668	0.5852235996407332	[[-0.1325493550833107, -0.23676270472649824, -0.3137093438400935], [0.3774829179164935, 0.015495547479446967, -0.17118994416890446], [0.10943846418530742, -0.3402098939682618, 0.21052295100025548]]	0.6214090573395947	0.5898666528626648	[[-0.24837732985343422, -0.24837732985343422, -0.40130992092007084], [0.6090773566481851, -0.062492426282730065, -0.05742430738294282], [0.2284012295280144, -0.36165700786276733, 0.30563283014597403]]	[[-0.049794744822204806, 0.10633544799465351, 0.06868265210347294], [0.04354059037819161, -0.08570752131664144, 0.19904877483647587], [0.06444288279666677, 0.1480381178129087, -0.009768114594626861]]	0.9386179392723296	[[0.0, 0.0, -0.7945373727279997], [0.7071067811865475, 0.7071067811865476, 0.0], [0.5618227641621121, -0.561822764162112, 0.0]]
3	[[0.04673222253661188, -0.9725397674033924, -0.22799671093185395], [-0.8377629715199755, -0.16246744520517667, 0.5213036857710898], [-0.5440306084466285, 0.16664552219444034, -0.8223502702654952]]	0.5107936207703001	0.48920637922969973	[[0.023870521156119408, -0.4967671091350844, -0.11645926550060116], [-0.4279239815699741, -0.08298733459365254, 0.2662785971759178], [-0.2778873642983228, 0.08512146966685559, -0.4200512720903472]]	0.7059798224324213	0.45811612119109535	[[1.0638070026534798e-16, -0.7178684672144854, -0.09982619161622788], [-0.6705453689134979, -0.12564064956879287, 0.23295960373457797], [-0.2617640170165418, 0.0, -0.532773355711458]]	[[-0.03299200616826964, -0.03127501491457008, 0.0611348858826184], [-0.07910161503936798, -0.010941911451793011, -0.13507027977946273], [0.12231061533241107, -0.1176483761679891, 0.04778934206783011]]	0.6752797214826554	[[-1.5864802770574553e-16, -0.7945373727279997, 0.0], [-1.0, 1.7938038903913487e-16, 0.0], [0.0, 0.0, -0.7945373727279997]]
