3	[[0.034229894132735264, 0.2773841392786001, 0.9601491309293217], [-0.1827544195208179, -0.9427759796974285, 0.2788803941677556], [0.9825625356654255, -0.18501754344446375, 0.018422055382213542]]	0.8244549434723727	0.17554505652762747	[[0.028221005432269554, 0.22869072486907105, 0.7915996974653816], [-0.1506727846153622, -0.777276317048554, 0.2299243196091299], [0.8100785398001096, -0.1525386283219026, 0.015188154628787785]]	0.9009109631686666	0.15088584749971737	[[0.00911411108814813, 0.22688574999597735, 0.8302532959672421], [-0.16614215995448892, -0.8256469300362762, 0.2547833861933182], [0.8619442655115188, -0.1541521699391178, 0.0]]	[[-0.02172397580413588, -0.023012662089217824, -0.03475558236385122], [-0.0014966998406582954, 0.023710285885217362, 0.0035369816747881436], [-0.023257094868266853, 0.012532163328534622, -0.01659663165793652]]	0.3587987178661073	[[0.0, 0.0, 0.9528000000000001], [0.0, -1.0, 0.0], [0.9528000000000001, 0.0, 0.0]]
3	[[-0.8305561570912853, 0.32773595720904825, 0.4502950280316503], [-0.5100865793185324, -0.772219296347621, -0.37879947194723407], [0.22358030216652452, -0.5443036842615101, 0.808545204538665]]	0.49477354818327246	0.5052264518167274	[[-0.4109372168095187, 0.16215508241556195, 0.22279406874850577], [-0.2523773467300985, -0.3820736812295024, -0.18741995878528295], [0.11062161940681954, -0.26930706515129493, 0.400046779716165]]	0.7245950634228955	0.4797022357301711	[[-0.49465093452912506, 0.12487339889225704, 0.2529589917464443], [-0.5535644601737093, -0.5891141049717741, -0.2855507530094611], [0.21605051322970537, -0.32766613153079716, 0.44406641841772193]]	[[0.1071659567947112, -0.11260245780759665, -0.07332256264916377], [-0.1839582428812295, -0.029567814958385952, -0.011074525609295746], [0.054045330001242425, 0.0667336310879874, -0.14180144534525008]]	0.6811320252224932	[[-0.6419312218139362, 0.6419312218139361, 0.0], [-0.7071067811865475, -0.7071067811865476, 0.0], [0.0, 0.0, 0.9078278400000002]]
3	[[0.8592155572171323, 0.2624339665249735, -0.4391776855101157], [-0.4266000482917053, 0.8413623931712975, -0.33184593135155627], [0.2824199444684594, 0.4724804086637203, 0.8348660002631537]]	0.5536568254741712	0.44634317452582895	[[0.4757105578068585, 0.14529835680281175, -0.2431537231786246], [-0.23619002848431372, 0.46582603167657194, -0.1837287648986224], [0.15636372990499894, 0.2615920031594945, 0.4622292594020163]]	0.77592692437142	0.3961127497826336	[[0.5286512311075009, 0.2087929975945121, -0.28353462306037025], [-0.3387601743344299, 0.7513726746660357, -0.2614792864633744], [0.2406750651303133, 0.3296460519674434, 0.5214518148620767]]	[[-0.1380372535760644, 0.005163417098197218, 0.05723516771005258], [-0.007749710926747845, 0.09853694065085356, -0.003991093584591951], [0.021537826237754416, -0.03696421835274871, -0.12634319298438124]]	0.6636618571828461	[[0.8649783659520003, 0.0, 0.0], [0.0, 0.7071067811865476, -0.7071067811865475], [0.0, 0.6116320681443185, 0.6116320681443186]]
3	[[-0.30792515101507295, 0.09349718223056193, 0.9468053539599837], [0.3027085282091916, -0.9338174967034747, 0.1906631317268273], [0.9019698710720718, 0.34531602882779927, 0.2592434992682147]]	0.6655118457646555	0.3344881542353446	[[-0.20492783560940148, 0.0622234823200556, 0.6301101786937668], [0.2014561113372014, -0.6214666058384595, 0.12688857271479045], [0.6002716337212829, 0.22981190771730964, 0.1725296197004777]]	0.8275817648663459	0.283506132308934	[[-0.23221160884536501, 0.07248833429339367, 0.7254753190433323], [0.2476265827809036, -0.8483386761490402, 0.11851624214754153], [0.6638722231267427, 0.25123701511755336, 0.15972327455197136]]	[[0.022621631078425207, -0.004888228787005127, -0.058083526771776424], [-0.00288947523455317, -0.07552834416410556, -0.03927308890189078], [-0.08258159463135306, -0.03454023345639476, -0.05482191810254507]]	0.47470801685570824	[[0.0, 0.0, 0.9528000000000001], [0.0, -1.0, 0.0], [0.9528000000000001, 0.0, 0.0]]
3	[[-0.5446221603179724, 0.8109226453022452, -0.2139887049042392], [-0.8354447797583356, -0.5021691245819775, 0.22328947644507607], [0.07361197229480154, 0.30038414347728, 0.9509735242804028]]	0.578601385749231	0.4213986142507689	[[-0.3151191366697187, 0.4692009663073112, -0.12381416119227609], [-0.4833895072851342, -0.29055575136361034, 0.1291956004943413], [0.04259198917750617, 0.17380268167305002, 0.5502345989594711]]	0.765681636930496	0.3414301631918706	[[-0.48061399605714505, 0.5721492361674414, -0.10625166382657002], [-0.6746306472325099, -0.43050713955198194, 0.049808305673218894], [0.12914886808664125, 0.1015294642019239, 0.7281429647485814]]	[[-0.06360680883625702, -0.04875934231158976, 0.057595558029144706], [-0.034945920702109695, -0.04600546222609923, -0.12116034616060034], [0.0727855326422753, -0.12846915848372478, 0.0]]	0.4099540262840793	[[-0.6419312218139362, 0.6419312218139361, 0.0], [-0.7071067811865475, -0.7071067811865476, 0.0], [0.0, 0.0, 0.9078278400000002]]
3	[[0.22433838825039393, -0.7661379269479729, -0.6022499185961573], [-0.9416906372873723, -0.011392912655017143, -0.3362869982418849], [0.2507808429735371, 0.642575192824231, -0.724020780340167]]	0.4719213806820008	0.5280786193179993	[[0.10587008192310067, -0.3615568682781332, -0.2842146130995211], [-0.4444039457239698, -0.005376559070145112, -0.15870102451571588], [0.11834884166466766, 0.303244972189614, -0.3416808863005912]]	0.6822552886603628	0.5390019538996228	[[0.29529547283065705, -0.3972812073006898, -0.31504732849751715], [-0.6740557414658275, -0.041138347172423755, -0.0395902419641251], [0.28116138102579835, 0.28123146674792526, -0.4853518942527505]]	[[0.14223942099728398, 0.12542044520285142, 0.09584086355998414], [-0.0315823238945701, -0.03336547226029273, 0.18984334109411904], [0.11006482461239865, -0.15716885691835875, 0.008615112234331306]]	0.7331903572544113	[[-1.7271322467219108e-16, -0.8649783659520003, 0.0], [-1.0, 1.7938038903913487e-16, 0.0], [0.0, 0.0, -0.8649783659520003]]
3	[[0.04673222253661188, -0.9725397674033924, -0.22799671093185395], [-0.8377629715199755, -0.16246744520517667, 0.5213036857710898], [-0.5440306084466285, 0.16664552219444034, -0.8223502702654952]]	0.5334229940923989	0.466577005907601	[[0.024928042066071802, -0.5187750746022428, -0.12161868818848878], [-0.44688203260793047, -0.08666387106388812, 0.2780753728954179], [-0.29019843603551004, 0.0888925534010497, -0.43866054335771393]]	0.7316511029665198	0.41478919972531353	[[-0.00753575308549671, -0.7703875000005099, -0.1054371252742278], [-0.6613739871256944, -0.12812710601103913, 0.2351660386568154], [-0.274923853737386, 0.005279701689702341, -0.5775620010213016]]	[[-0.04172743524848552, -0.05882770650101514, 0.06137691975180193], [-0.04842378498859525, -0.009257620530519123, -0.14624637801811444], [0.12311674098013667, -0.1166466784282916, 0.024111481243263594]]	0.6487351700285704	[[1.7271322467219108e-16, -0.8649783659520003, 0.0], [-1.0, -1.7938038903913487e-16, 0.0], [0.0, 0.0, -0.8649783659520003]]
3	[[0.8489524140446696, -0.5135124485683378, 0.12483895166604869], [0.522794976890395, 0.7815435453534784, -0.34040431673891397], [0.0772347773085365, 0.35425224329800037, 0.9319550081910795]]	0.7287997187324627	0.27120028126753737	[[0.6187162805730003, -0.37424772808222273, 0.09098259286107178], [0.3810128321124642, 0.569588716030787, -0.24808657029463663], [0.05628868397882582, 0.2581789352759266, 0.6792085478409687]]	0.8564131748503909	0.2163070710568252	[[0.7065413672040864, -0.4233462428294522, 0.05373279119959992], [0.4725721062529627, 0.6269535513591831, -0.2677352297960868], [0.031335988732530955, 0.25398198404387146, 0.7676152023008457]]	[[-0.020512665004812494, 0.01643258357415601, -0.05318093174171536], [0.024843600298422717, -0.042370637600819674, 0.023791511835064533], [-0.034808892111135734, -0.04940430433684214, -0.0305233450817986]]	0.44249608683543185	[[0.6737313411145426, -0.6737313411145425, 0.0], [0.7071067811865475, 0.7071067811865476, 0.0], [0.0, 0.0, 0.9528000000000001]]
3	[[0.08740825448676931, -0.06334395238859675, -0.994156597696443], [0.7119981850616444, -0.6940087028176986, 0.10681996481098455], [-0.6967197295301035, -0.717174639895393, -0.015561310176609944]]	0.7318011164849406	0.2681988835150594	[[0.06396545822341762, -0.04635517508054402, -0.7275249081551269], [0.5210410667633627, -0.5078763435722572, 0.07817096951156055], [-0.5098602759472156, -0.5248292021901337, -0.011387784161211625]]	0.869905135699641	0.20683063914272906	[[0.04180165091256232, -0.03251146867850961, -0.8097100237801312], [0.6353481084303093, -0.6387623416293023, 0.0717586727562382], [-0.5955405285785598, -0.579120599465809, 0.029558230825065653]]	[[-0.03423523856801949, 0.02259176081984424, 0.0551119062456867], [0.015977230636361327, -0.0350406068279405, -0.02116456322809218], [0.010539542282942257, 0.04475330297273427, 0.04309509446591373]]	0.19207138144543529	[[0.0, 0.0, -0.8649783659520003], [0.7071067811865475, -0.7071067811865476, 0.0], [-0.6116320681443186, -0.6116320681443185, 0.0]]
3	[[0.8787972042104137, -0.3840163418041313, 0.28327887866788265], [-0.395223040501579, -0.9183905790867732, -0.018907472103605397], [0.2674214316928388, -0.09534250611366366, -0.9588511794847616]]	0.6348079421525554	0.3651920578474446	[[0.5578674447742318, -0.24377662369363298, 0.17982768202244204], [-0.25089072503208343, -0.5830016336023682, -0.012002613457396605], [0.16976124874042112, -0.06052418010568225, -0.6086863440792721]]	0.8211134506720172	0.32509915574458326	[[0.5873395645153856, -0.253182541594202, 0.23736683184404836], [-0.34409243705206766, -0.8487607677685948, -0.02103136856388501], [0.21284781115023424, -0.07828701419070828, -0.6843026846581222]]	[[-0.13425264027474854, 0.06213844193903307, 0.004762734278563519], [-0.019569482480729674, -0.0946579103099822, -0.005506188901408678], [-0.006735523410723766, 0.0, 0.1030229160095442]]	0.4896157705618517	[[0.6419312218139362, -0.6419312218139361, 0.0], [-0.7071067811865475, -0.7071067811865476, 0.0], [0.0, 0.0, -0.9078278400000002]]
3	[[0.3802729664721569, 0.7767473726770865, -0.5020517802076895], [0.4287143634067757, 0.332951791095048, 0.839849450446521], [0.8195098935212374, -0.5346088512602871, -0.20639019011321075]]	0.5287565975510636	0.47124340244893653	[[0.2010718398924674, 0.4107102979334644, -0.2654631910970722], [0.22668554811623692, 0.17605045620795007, 0.4440759378732331], [0.43332126295772394, -0.2826779572130721, -0.10913017469217848]]	0.6841244604778611	0.4642128933325277	[[0.18040080998300145, 0.4396370618833593, -0.2873063482568458], [0.3343001197048386, 0.19956145766117164, 0.473630329196328], [0.5690631679199099, -0.28685207177281163, -0.07219019950071281]]	[[-0.07975322803907867, -0.09175481537694842, 0.0561595550096895], [0.04100613714006848, -0.0282190067868656, -0.10093122297302637], [0.008416404158423842, 0.07888692016232149, 0.06900637795841064]]	0.6995204519304841	[[0.0, 0.6116320681443185, -0.6116320681443186], [0.0, 0.7071067811865476, 0.7071067811865475], [0.8649783659520003, 0.0, 0.0]]
3	[[-0.42203838922340475, -0.825029846081567, 0.3757783270710803], [0.2588054115689476, 0.28760896992378115, 0.9221175843470338], [-0.8688517462515349, 0.4864224845687207, 0.09214016247897017]]	0.433814726466325	0.566185273533675	[[-0.18308646837923975, -0.35791009700442916, 0.16301817217031395], [0.11227359882778767, 0.12476900661674664, 0.40002818762329684], [-0.3769206826398984, 0.2110172370902498, 0.03997175938237719]]	0.6308991357509867	0.6158772731652581	[[-0.10863820381836102, -0.36288516566520673, 0.32414862849402315], [0.141494465710456, 0.09081557233613655, 0.6378093413105487], [-0.4827649730261984, 0.17897879195813843, -0.030432149841544298]]	[[0.15762545119642357, 0.15762545119642357, 0.08707040671092704], [-0.02178564477607145, -0.09063667822300853, 0.056046154285217545], [0.06539284277963056, -0.12790473316611506, -0.08856329871748206]]	0.6785641328182974	[[0.0, -0.6116320681443185, 0.6116320681443186], [0.0, 0.7071067811865476, 0.7071067811865475], [-0.8649783659520003, 0.0, 0.0]]
3	[[0.5319609947059123, -0.8460851799387872, 0.03402011756955908], [-0.703274286200726, -0.4190807785627857, 0.5742617690636116], [-0.47161719485230363, -0.3294103357928521, -0.8179645788128509]]	0.49170776098254076	0.5082922390174593	[[0.2615693496368894, -0.4160266494282112, 0.016727955838490696], [-0.3458054246243535, -0.2060652712979274, 0.2823689686841413], [-0.23189783492169283, -0.16197361865721022, -0.4021995316110939]]	0.6950684834910825	0.5213696898297095	[[0.43808297007834673, -0.57761549542212, 0.1061530666485749], [-0.4026907706495, -0.22069231462589126, 0.3044160105370475], [-0.29987211063035835, -0.051271660448513244, -0.46572789638394496]]	[[0.06833364821170046, 0.010471647502212524, 0.08250675512131313], [0.08613302093831218, 0.07059752659000638, -0.09473524641290326], [0.027934137783950746, 0.17769108209731277, 0.10281350296092547]]	0.6760371742128938	[[0.6419312218139362, -0.6419312218139361, 0.0], [-0.7071067811865475, -0.7071067811865476, 0.0], [0.0, 0.0, -0.9078278400000002]]
3	[[-0.3195682178843842, -0.5708200961323295, -0.7563336379995778], [0.910087742671785, 0.03735879733279218, -0.41272826520656647], [0.2638493031197415, -0.8202248094963509, 0.507557688474819]]	0.4413393935492719	0.5586606064507281	[[-0.1410380434787157, -0.25192539505277933, -0.33379982911564804], [0.4016575724273914, 0.016487908958584662, -0.1821532422669091], [0.11644709142726473, -0.36199751999718655, 0.22400520242274685]]	0.6474744959521518	0.5716218112780405	[[-0.263911373524613, -0.263911373524613, -0.4368873128563671], [0.609224868809889, -0.06849166652585162, -0.05733789675923162], [0.24346227681635216, -0.3935917181589248, 0.32363100345709483]]	[[-0.05699910272759391, 0.10568008049802594, 0.05281942817906678], [0.01996626635124338, -0.09268053499827981, 0.20989312872059607], [0.0726265822715711, 0.13748292693717482, -0.004999655054777868]]	0.9225322960645648	[[0.0, 0.0, -0.8649783659520003], [0.7071067811865475, 0.7071067811865476, 0.0], [0.6116320681443186, -0.6116320681443185, 0.0]]
