3	[[0.8592155572171323, 0.2624339665249735, -0.4391776855101157], [-0.4266000482917053, 0.8413623931712975, -0.33184593135155627], [0.2824199444684594, 0.4724804086637203, 0.8348660002631537]]	0.6303308615899029	0.36966913841009724	[[0.5415900824721234, 0.1654202282301423, -0.2768272488986507], [-0.26889917599400476, 0.5303366821970066, -0.2091727318239302], [0.17801800692697656, 0.2978189830773523, 0.5262418052579898]]	0.8205966742389033	0.3251000764936226	[[0.6044186110884151, 0.22283664063712882, -0.2975348761104655], [-0.32620305586716214, 0.7522431961690674, -0.2719347801116854], [0.2552909392839856, 0.37180508409914925, 0.5849577982673166]]	[[-0.10065081761828971, 0.007484200499411899, 0.06285287201907451], [0.02386352499116663, 0.061824014503016333, 0.00037688751511304186], [0.023538072114432058, -0.015910767893337573, -0.1001304649837626]]	0.6240012389321189	[[0.9922202624240002, 0.0, 0.0], [0.0, 0.7071067811865476, -0.7071067811865475], [0.0, 0.7016056759907062, 0.7016056759907063]]
3	[[0.22433838825039393, -0.7661379269479729, -0.6022499185961573], [-0.9416906372873723, -0.011392912655017143, -0.3362869982418849], [0.2507808429735371, 0.642575192824231, -0.724020780340167]]	0.530414534903527	0.46958546509647314	[[0.11899234186483951, -0.40637069219406136, -0.3194421104678678], [-0.49948640139978745, -0.0060429664671073705, -0.17837151176657257], [0.13301780418852313, 0.34083122204240857, -0.3840311454646185]]	0.7260226552657161	0.5010534682460945	[[0.267474866315896, -0.4072352663689927, -0.42155989924149895], [-0.683253562494828, 0.03799198009411042, -0.03813999944092562], [0.34238869840082087, 0.36269038377414387, -0.4801837033368409]]	[[0.10460011400031388, 0.14899822565354573, 0.01568718579124448], [0.0004351744274143695, 0.04626349279111629, 0.20601197995398485], [0.16031612489539881, -0.10383376392798385, 0.04547178607328297]]	0.7519618229383587	[[1.9812005462093423e-16, -0.9922202624240002, 0.0], [-1.0, -1.7938038903913487e-16, 0.0], [0.0, 0.0, -0.9922202624240002]]
3	[[-0.30792515101507295, 0.09349718223056193, 0.9468053539599837], [0.3027085282091916, -0.9338174967034747, 0.1906631317268273], [0.9019698710720718, 0.34531602882779927, 0.2592434992682147]]	0.7461982696280979	0.2538017303719022	[[-0.22977321486241822, 0.06976743559554827, 0.7065045167995585], [0.225880579951367, -0.6968130001885748, 0.14227249897643263], [0.6730483570506586, 0.25767422318615024, 0.1934470505662749]]	0.8645036223571931	0.2427942886990469	[[-0.26755948318961054, 0.08446453249528713, 0.7633658097012614], [0.24305716559957824, -0.8494563026299974, 0.1203874703208729], [0.6982886346306216, 0.27656108605080487, 0.18309495069432347]]	[[-0.0013570747221943087, 0.003635879776775746, -0.05515084846432894], [-0.01863545355568261, -0.042167694109317234, -0.04444149770693603], [-0.081467586168235, -0.02196587172882855, -0.0410219934956025]]	0.4666448240390472	[[0.0, 0.0, 0.9974000000000001], [0.0, -1.0, 0.0], [0.9974000000000001, 0.0, 0.0]]
3	[[0.8489524140446696, -0.5135124485683378, 0.12483895166604869], [0.522794976890395, 0.7815435453534784, -0.34040431673891397], [0.0772347773085365, 0.35425224329800037, 0.9319550081910795]]	0.7720366395465883	0.22796336045341178	[[0.6554223688740105, -0.3964504251580398, 0.09638024472877521], [0.40361687713029687, 0.6033802524140259, -0.2628046047822636], [0.05962807792941163, 0.27349571146762863, 0.7195034127324541]]	0.8941723426328273	0.1935085240275212	[[0.7751701347424721, -0.44189021315577737, 0.05993099750771301], [0.46423097061910756, 0.6250403177705397, -0.27686885273034584], [0.039050393125863024, 0.29559549009498565, 0.8215412319862478]]	[[0.016060365892355846, 0.017278415951692487, -0.05169654035534403], [-0.003237838583651725, -0.07379430504774545, 0.02751127261041585], [-0.03001080863283579, -0.02116706817772169, -0.011787160916365506]]	0.4277944630618559	[[0.7052683035554626, -0.7052683035554624, 0.0], [0.7071067811865475, 0.7071067811865476, 0.0], [0.0, 0.0, 0.9974000000000001]]
3	[[0.3802729664721569, 0.7767473726770865, -0.5020517802076895], [0.4287143634067757, 0.332951791095048, 0.839849450446521], [0.8195098935212374, -0.5346088512602871, -0.20639019011321075]]	0.5610846345944503	0.43891536540554993	[[0.21336531843917783, 0.4358210157707223, -0.28169353964532473], [0.24054504193748313, 0.18681413404413272, 0.47122662201813625], [0.4598144091529004, -0.2999608119603371, -0.11580236440354998]]	0.7276405597889113	0.4362674197246674	[[0.23467070421633385, 0.49369171796604716, -0.3237525441722491], [0.3328618753741946, 0.22340994390377208, 0.48998373354879987], [0.6210104764140054, -0.3230165510924655, -0.0496076975487717]]	[[-0.042031329980056306, -0.07150117510327408, 0.04156069422109349], [0.020911915995341583, -0.018859283751349244, -0.12112479071251618], [0.024701838739661253, 0.06598653270667658, 0.10057017592014478]]	0.6699309972391051	[[0.0, 0.7016056759907062, -0.7016056759907063], [0.0, 0.7071067811865476, 0.7071067811865475], [0.9922202624240002, 0.0, 0.0]]
3	[[0.08740825448676931, -0.06334395238859675, -0.994156597696443], [0.7119981850616444, -0.6940087028176986, 0.10681996481098455], [-0.6967197295301035, -0.717174639895393, -0.015561310176609944]]	0.8359320398386716	0.16406796016132852	[[0.07306736047186277, -0.052951239331643356, -0.8310473526314612], [0.5951820952000126, -0.5801441106121891, 0.08929423107994142], [-0.5824103447019469, -0.5995092596483206, -0.013008197758495835]]	0.9260459570714906	0.11900824534055743	[[0.07780682209116829, -0.02317072790296133, -0.9034371471103229], [0.6278444810535517, -0.6292223944429008, 0.06669465899402842], [-0.6564716505847924, -0.6624032431994754, 0.02097283237356099]]	[[-0.0031372385909803793, 0.03548868311142767, 0.01719755088241658], [-0.03149855966502322, 0.013461558973858437, -0.03222553755370272], [-0.01127716184149757, 0.001733432589855477, 0.03538332074934607]]	0.11262328258432001	[[0.0, 0.0, -0.9922202624240002], [0.7071067811865475, -0.7071067811865476, 0.0], [-0.7016056759907063, -0.7016056759907062, 0.0]]
3	[[0.8787972042104137, -0.3840163418041313, 0.28327887866788265], [-0.395223040501579, -0.9183905790867732, -0.018907472103605397], [0.2674214316928388, -0.09534250611366366, -0.9588511794847616]]	0.7197256299125181	0.28027437008748196	[[0.6324928713657, -0.2763864035016793, 0.20388306939015363], [-0.28445215178093963, -0.66098923803895, -0.013608192269820761], [0.19247005837723585, -0.0686204452700947, -0.6901097691470311]]	0.8534380405560368	0.2733504263823837	[[0.6327652745889506, -0.2771308160162258, 0.24852175914722582], [-0.3442348759680185, -0.8507293482529549, -0.016136355943968922], [0.22146683466062958, -0.08136892159934707, -0.7409074307388679]]	[[-0.11723368941850815, 0.05060333827458933, 0.0067607880059967415], [-0.006936498699751756, -0.06693989197201526, 0.0], [-0.0067607880059967415, 0.0, 0.07741264106545188]]	0.4692201336563909	[[0.7034346059662184, -0.7034346059662183, 0.0], [-0.7071067811865475, -0.7071067811865476, 0.0], [0.0, 0.0, -0.9948067600000001]]
3	[[-0.42203838922340475, -0.825029846081567, 0.3757783270710803], [0.2588054115689476, 0.28760896992378115, 0.9221175843470338], [-0.8688517462515349, 0.4864224845687207, 0.09214016247897017]]	0.4734176883446291	0.5265823116553711	[[-0.19980043861883515, -0.39058372254726065, 0.1779001069320028], [0.12252305967605151, 0.13615917368849645, 0.4365467751635063], [-0.41132978522459585, 0.23028100820337483, 0.04362078272449259]]	0.6735308127433675	0.585496218590994	[[-0.13573377418041266, -0.40716093764672445, 0.3814743096732447], [0.12273858144597986, 0.10144342934705422, 0.6605135617173132], [-0.5428923518639575, 0.19158193479082863, -0.03292016822458631]]	[[0.14852208512212878, 0.14852208512212878, 0.1283760276297171], [-0.0515748377504351, -0.0922700739179928, 0.039438955687105044], [0.04230607094233297, -0.13603859657738998, -0.09497940674535302]]	0.6541673170451257	[[0.0, -0.7016056759907062, 0.7016056759907063], [0.0, 0.7071067811865476, 0.7071067811865475], [-0.9922202624240002, 0.0, 0.0]]
3	[[0.034229894132735264, 0.2773841392786001, 0.9601491309293217], [-0.1827544195208179, -0.9427759796974285, 0.2788803941677556], [0.9825625356654255, -0.18501754344446375, 0.018422055382213542]]	0.8685775012791518	0.1314224987208482	[[0.029731315914861094, 0.24092962258907472, 0.8339639329979396], [-0.15873637705511387, -0.8188740047115969, 0.24222923592197415], [0.8534317120787828, -0.16070207557779925, 0.016000982832309187]]	0.9360630857209941	0.122158418060146	[[0.012621306569418301, 0.24543370482727506, 0.8920315907446154], [-0.16294095442676282, -0.8281188145665914, 0.252016934563337], [0.9265653387616096, -0.16728977836099407, 0.0]]	[[-0.019420033756372822, -0.014215348515913417, -0.006728567505416418], [0.008128711439043063, 0.054378978132616905, -0.009032707748419522], [0.0068248197127870934, 0.00589831426814878, -0.017244206006397853]]	0.3394783649110086	[[0.0, 0.0, 0.9974000000000001], [0.0, -1.0, 0.0], [0.9974000000000001, 0.0, 0.0]]
3	[[-0.5446221603179724, 0.8109226453022452, -0.2139887049042392], [-0.8354447797583356, -0.5021691245819775, 0.22328947644507607], [0.07361197229480154, 0.30038414347728, 0.9509735242804028]]	0.6428157011802723	0.35718429881972774	[[-0.3500916758631121, 0.5212738088429241, -0.13755529938767694], [-0.5370370218977527, -0.32280219792924736, 0.14353398136721748], [0.04731893158594564, 0.19309164381278326, 0.6113007128141817]]	0.7979168152801926	0.3042146208015032	[[-0.46500853779389023, 0.6033500483933197, -0.12874205428398808], [-0.663338045596783, -0.4233553527904402, 0.049498690858060725], [0.09294165464651624, 0.17487654610104875, 0.7468492873340016]]	[[-0.030445358101955252, -0.04369876618483708, 0.042003131639135424], [0.0032773924104503183, -0.022666164171946494, -0.12866773707257598], [0.03420542414655441, -0.06480501302301095, -0.011948478575598479]]	0.3817101135899704	[[-0.7034346059662184, 0.7034346059662183, 0.0], [-0.7071067811865475, -0.7071067811865476, 0.0], [0.0, 0.0, 0.9948067600000001]]
3	[[-0.8305561570912853, 0.32773595720904825, 0.4502950280316503], [-0.5100865793185324, -0.772219296347621, -0.37879947194723407], [0.22358030216652452, -0.5443036842615101, 0.808545204538665]]	0.5485667233291917	0.45143327667080824	[[-0.4556154696364517, 0.1797850401633238, 0.24701686805874892], [-0.2798165234309632, -0.4236138090889885, -0.20779678512492225], [0.12264871376044091, -0.2985868885713436, 0.4435409935173065]]	0.7717466799258578	0.4242429510225437	[[-0.5574660898912032, 0.1608711381953586, 0.25458307285191195], [-0.5518014041323259, -0.6040636670301641, -0.29566874412114125], [0.23983191468092985, -0.34725029583657385, 0.5025838778316977]]	[[0.08351286683597545, -0.09205799867304747, -0.09293062001863528], [-0.15814378006851085, -0.008105988899205455, -0.0033315092881952267], [0.06728455878709445, 0.072814265363659, -0.12140819934099065]]	0.6818904939790175	[[-0.7016056759907061, 0.7016056759907064, 0.0], [-0.7071067811865477, -0.7071067811865474, 0.0], [0.0, 0.0, 0.9922202624240002]]
3	[[-0.3195682178843842, -0.5708200961323295, -0.7563336379995778], [0.910087742671785, 0.03735879733279218, -0.41272826520656647], [0.2638493031197415, -0.8202248094963509, 0.507557688474819]]	0.4887253595880898	0.5112746404119101	[[-0.15618109219847068, -0.27897425674238086, -0.36963942919991183], [0.44478295929398115, 0.01825819166024751, -0.20171076982524766], [0.12894984554426264, -0.4008646649641766, 0.2480563138115556]]	0.6844171379142961	0.5444701460675215	[[-0.2500400697051796, -0.2797291624860924, -0.49876171390978274], [0.5808668897989238, -0.01888758557588934, -0.07907005092054611], [0.3092484646725144, -0.48660869330282486, 0.3048442438204285]]	[[-0.03132210465237721, 0.11094989397275999, 0.01888598991819572], [-0.042012758291381944, -0.04445658672231922, 0.20340824708846472], [0.12866547979061926, 0.07476722325896658, -0.04253693665190298]]	0.899555309633184	[[0.0, 0.0, -0.9922202624240002], [0.7071067811865475, 0.7071067811865476, 0.0], [0.7016056759907063, -0.7016056759907062, 0.0]]
3	[[0.04673222253661188, -0.9725397674033924, -0.22799671093185395], [-0.8377629715199755, -0.16246744520517667, 0.5213036857710898], [-0.5440306084466285, 0.16664552219444034, -0.8223502702654952]]	0.5728620143871888	0.42713798561281113	[[0.026771115139113816, -0.5571310902263554, -0.13061065509807546], [-0.47992258344393024, -0.09307142793257762, 0.29863507953829255], [-0.31165447024302356, 0.09546488953291209, -0.4710932323561407]]	0.7609902282128647	0.3810120643585898	[[-0.0070810640608267705, -0.818738615628283, -0.10651915025487618], [-0.6596883424559287, -0.10962314973742034, 0.22729907687002823], [-0.311901983863896, 0.04585082132110546, -0.6258005198402502]]	[[-0.04264382875385729, -0.07864535608588924, 0.0669841188289379], [-0.022158907570654897, 0.014012988466428015, -0.1694079339331208], [0.10209999301268746, -0.0809647926442937, 0.0]]	0.6082318095671387	[[1.9812005462093423e-16, -0.9922202624240002, 0.0], [-1.0, -1.7938038903913487e-16, 0.0], [0.0, 0.0, -0.9922202624240002]]
3	[[0.5319609947059123, -0.8460851799387872, 0.03402011756955908], [-0.703274286200726, -0.4190807785627857, 0.5742617690636116], [-0.47161719485230363, -0.3294103357928521, -0.8179645788128509]]	0.5319383692361197	0.46806163076388035	[[0.28297046402108705, -0.45006517085148734, 0.018096605861172295], [-0.37409857692731024, -0.22292514592689164, 0.30547186895034667], [-0.25087128153344773, -0.17522599683117238, -0.4351067441466174]]	0.7323539195862799	0.4721724535446436	[[0.5248046927486307, -0.6334702815647374, 0.11347956714968646], [-0.42910553394951645, -0.24494799462184147, 0.278001247237031], [-0.29216689916575117, -0.06924527484937741, -0.5344500895340263]]	[[0.13522097320873952, -0.013836483732703716, 0.08856480070283383], [0.08594014609382837, 0.061967456181884484, -0.14256161020525598], [0.05322380202861971, 0.17199967572075045, 0.0645894758423056]]	0.645172310858128	[[0.7034346059662184, -0.7034346059662183, 0.0], [-0.7071067811865475, -0.7071067811865476, 0.0], [0.0, 0.0, -0.9948067600000001]]
