3	[[-0.3195682178843842, -0.5708200961323295, -0.7563336379995778], [0.910087742671785, 0.03735879733279218, -0.41272826520656647], [0.2638493031197415, -0.8202248094963509, 0.507557688474819]]	0.44646718098833127	0.5535328190116687	[[-0.14267672137230583, -0.2548524391716893, -0.3376781472443204], [0.4063243089227057, 0.016679476930286118, -0.18426962508098008], [0.11780005456960671, -0.3662034584725269, 0.22660785036230607]]	0.6522955349190358	0.5685239791078012	[[-0.26687319994786074, -0.2668731999478607, -0.4438357695183972], [0.6092684100311683, -0.06957513199999549, -0.057312390902328425], [0.24633897419975628, -0.39980666648611907, 0.32705717110059895]]	[[-0.058420278319843345, 0.10547020000131264, 0.04951728545779787], [0.015622239101818617, -0.09394410869012099, 0.21190841362679452], [0.07423125188324962, 0.13522231437816745, -0.004020442805352395]]	0.9196747431690393	[[0.0, 0.0, -0.878667368552], [0.7071067811865475, 0.7071067811865476, 0.0], [0.6213116547104586, -0.6213116547104586, 0.0]]
3	[[0.034229894132735264, 0.2773841392786001, 0.9601491309293217], [-0.1827544195208179, -0.9427759796974285, 0.2788803941677556], [0.9825625356654255, -0.18501754344446375, 0.018422055382213542]]	0.8333887608987529	0.16661123910124712	[[0.02852680905697573, 0.23116882412635958, 0.8001774945032019], [-0.15230547923322532, -0.7856989055251479, 0.23241578613442165], [0.8188565741037457, -0.1541915412757128, 0.015352733908191144]]	0.9050397657373856	0.14426579612147994	[[0.009096931128104608, 0.22909760494208, 0.8371088674019245], [-0.1658497582747057, -0.8259039068669772, 0.2544553909232075], [0.8691487084618914, -0.1555146583680644, 0.0]]	[[-0.021882484239001625, -0.021946071489890577, -0.03186427712730316], [-0.0004497412441128012, 0.027345844941217647, 0.002057544316872182], [-0.020109458639076924, 0.011933575808219623, -0.016672692687519686]]	0.35656009766754915	[[0.0, 0.0, 0.9578], [0.0, -1.0, 0.0], [0.9578, 0.0, 0.0]]
3	[[0.8489524140446696, -0.5135124485683378, 0.12483895166604869], [0.522794976890395, 0.7815435453534784, -0.34040431673891397], [0.0772347773085365, 0.35425224329800037, 0.9319550081910795]]	0.7342378135554237	0.2657621864445762	[[0.6233329643007571, -0.3770402574703084, 0.09166147891783082], [0.38385584076976204, 0.5738388239386921, -0.24993772124720812], [0.056708694021459886, 0.2601053925662279, 0.6842766075462453]]	0.8608538834832343	0.21012315694100211	[[0.7139434932262999, -0.4259434233543665, 0.05424078595163796], [0.4719806807294625, 0.6268582090359408, -0.2683661474029422], [0.03215777415833778, 0.2578875883402816, 0.773863994341676]]	[[-0.01688048929652055, 0.016115762212671702, -0.053227310400055836], [0.02193059460783815, -0.0459365870928565, 0.024672230616208865], [-0.03433008382767865, -0.047071831035449666, -0.028413093691264244]]	0.440748428613399	[[0.6772668750204752, -0.6772668750204751, 0.0], [0.7071067811865475, 0.7071067811865476, 0.0], [0.0, 0.0, 0.9578]]
3	[[0.8592155572171323, 0.2624339665249735, -0.4391776855101157], [-0.4266000482917053, 0.8413623931712975, -0.33184593135155627], [0.2824199444684594, 0.4724804086637203, 0.8348660002631537]]	0.5617645722049316	0.4382354277950685	[[0.4826768599319042, 0.14742610493694505, -0.2467144646225421], [-0.239648793631193, 0.4726475848691914, -0.1864192876636541], [0.15865351928646462, 0.26542275464818604, 0.46899814148627295]]	0.780885706176458	0.3887445642790547	[[0.5346678953840147, 0.21307791841676474, -0.2864147089033523], [-0.3427581918678228, 0.7508267502130334, -0.258799247148451], [0.24263364480742297, 0.33309529219068634, 0.5287361355423847]]	[[-0.13628125177128433, 0.008146985142221855, 0.05653286818315683], [-0.00963231190264342, 0.09381888367115014, 0.0003344972967934904], [0.022095947032853953, -0.035857905383224385, -0.12319879063582313]]	0.6589313947617602	[[0.878667368552, 0.0, 0.0], [0.0, 0.7071067811865476, -0.7071067811865475], [0.0, 0.6213116547104586, 0.6213116547104586]]
3	[[-0.5446221603179724, 0.8109226453022452, -0.2139887049042392], [-0.8354447797583356, -0.5021691245819775, 0.22328947644507607], [0.07361197229480154, 0.30038414347728, 0.9509735242804028]]	0.5854955206581323	0.41450447934186785	[[-0.3188738353173281, 0.4747915764247081, -0.125289428192867], [-0.4891491763057252, -0.2940177730555633, 0.1307349882686916], [0.04309948004541683, 0.17587357048267718, 0.5567907387306534]]	0.7697238663525874	0.3371334720835811	[[-0.4823253526257359, 0.5775141696815247, -0.11012962008816218], [-0.673753516475245, -0.4250765031298419, 0.05156997508864551], [0.1342501196833039, 0.10458393218264198, 0.7319870179080578]]	[[-0.0631166776844875, -0.04667234417338721, 0.054582593206511744], [-0.030691730475573074, -0.038544942993708045, -0.12030126403650344], [0.07758922775870973, -0.12662891212570035, 0.0]]	0.4063717104005063	[[-0.6486862128946111, 0.648686212894611, 0.0], [-0.7071067811865475, -0.7071067811865476, 0.0], [0.0, 0.0, 0.91738084]]
3	[[-0.8305561570912853, 0.32773595720904825, 0.4502950280316503], [-0.5100865793185324, -0.772219296347621, -0.37879947194723407], [0.22358030216652452, -0.5443036842615101, 0.808545204538665]]	0.5005998246313158	0.4994001753686841	[[-0.41577626658635697, 0.164064562704226, 0.2254176120649976], [-0.25534925215364507, -0.3865728443285373, -0.18962694922722043], [0.11192426005557878, -0.2724783288874911, 0.40475758759854713]]	0.730207869798695	0.4740272163942251	[[-0.5015382439200657, 0.1297088154714633, 0.2520927668876974], [-0.5535527402590101, -0.5911318832606625, -0.2864254973300587], [0.21950457642964197, -0.3297535788883045, 0.451019133078086]]	[[0.10494039829775188, -0.1096065596985921, -0.07671620631223766], [-0.1810835057619215, -0.02725127585721896, -0.009823141838598354], [0.056244480255675564, 0.06770125491987433, -0.13938693836404276]]	0.6807734678071772	[[-0.6486862128946111, 0.648686212894611, 0.0], [-0.7071067811865475, -0.7071067811865476, 0.0], [0.0, 0.0, 0.91738084]]
3	[[0.8787972042104137, -0.3840163418041313, 0.28327887866788265], [-0.395223040501579, -0.9183905790867732, -0.018907472103605397], [0.2674214316928388, -0.09534250611366366, -0.9588511794847616]]	0.643690715406378	0.35630928459362204	[[0.565673601075326, -0.2471877537836415, 0.1823439840692459], [-0.2544014016855453, -0.5911594888748427, -0.012170564244895904], [0.17213669268136134, -0.06137108596894114, -0.6172036016907956]]	0.8248229780035508	0.3192028708491895	[[0.5925795243897806, -0.25580960754275167, 0.23842131516110962], [-0.34355095252792994, -0.8489898163682964, -0.021019880852180248], [0.21383465274017024, -0.07864068982299381, -0.6905519553612066]]	[[-0.13227260264824733, 0.06093589510616134, 0.004766386852760143], [-0.017561907285799632, -0.09148016395553862, -0.0054245634051653824], [-0.006740688930690207, 0.0, 0.10033052996363148]]	0.4868932678948641	[[0.6486862128946111, -0.648686212894611, 0.0], [-0.7071067811865475, -0.7071067811865476, 0.0], [0.0, 0.0, -0.91738084]]
3	[[0.22433838825039393, -0.7661379269479729, -0.6022499185961573], [-0.9416906372873723, -0.011392912655017143, -0.3362869982418849], [0.2507808429735371, 0.642575192824231, -0.724020780340167]]	0.4789739658708039	0.521026034129196	[[0.10745224751735533, -0.3669601212743068, -0.2884620319553703], [-0.4510452991649375, -0.005456908557193259, -0.16107271721870364], [0.12011749492345838, 0.30777678847721845, -0.34678710453240397]]	0.6871853601415647	0.5328529164877996	[[0.29274306307955783, -0.3985495556332986, -0.3259397022335517], [-0.6751554324370143, -0.0352770723044883, -0.0393769584686595], [0.2850241803328726, 0.2895387854101348, -0.48520845417225544]]	[[0.13858100695613268, 0.12792921161455595, 0.0879176249721766], [-0.028039412710751596, -0.027448029518588997, 0.19171454352911596], [0.11269125643749736, -0.15202947988881974, 0.012328026515778884]]	0.7342437168287486	[[1.7544655520929629e-16, -0.878667368552, 0.0], [-1.0, -1.7938038903913487e-16, 0.0], [0.0, 0.0, -0.878667368552]]
3	[[-0.30792515101507295, 0.09349718223056193, 0.9468053539599837], [0.3027085282091916, -0.9338174967034747, 0.1906631317268273], [0.9019698710720718, 0.34531602882779927, 0.2592434992682147]]	0.6748124031726807	0.32518759682731935	[[-0.20779171115379202, 0.06309305823087957, 0.6389159962424973], [0.20427146938170979, -0.6301516290751686, 0.1286618461170097], [0.6086604562874979, 0.2330235392673339, 0.17494072874807906]]	0.831800740534749	0.2793953505930618	[[-0.2369861417548066, 0.07362538896962993, 0.7287345813816539], [0.2467437517711939, -0.8487111125204383, 0.11849993221830124], [0.666814326961946, 0.2536107416214965, 0.16336075278517667]]	[[0.019146226888805472, -0.00414563644766385, -0.05881881318452549], [-0.005049426159395621, -0.07196102723818248, -0.0400938019447481], [-0.08344487973583534, -0.03362338687598564, -0.05227818188494396]]	0.4736565647950056	[[0.0, 0.0, 0.9578], [0.0, -1.0, 0.0], [0.9578, 0.0, 0.0]]
3	[[0.04673222253661188, -0.9725397674033924, -0.22799671093185395], [-0.8377629715199755, -0.16246744520517667, 0.5213036857710898], [-0.5440306084466285, 0.16664552219444034, -0.8223502702654952]]	0.5376004016849926	0.4623995983150073	[[0.025123261607314987, -0.5228377696106932, -0.12257112337982186], [-0.4503817100059518, -0.08734256380303743, 0.2802530708704051], [-0.29247107362983843, 0.08958869967073647, -0.4420958356204925]]	0.7360772753534407	0.40650430380049224	[[-0.009468134993454554, -0.7794812139040882, -0.10676529568866766], [-0.6588405337663528, -0.1297953830632317, 0.23585927959899872], [-0.2765293671138667, 0.006857252281691939, -0.5858588104523161]]	[[-0.04386666202941437, -0.06361679174093002, 0.061057902083597425], [-0.04218224829792709, -0.010206788662971013, -0.14786051705509118], [0.12391920086040213, -0.11580672964504303, 0.01945453587087513]]	0.6439054718459062	[[1.7544655520929629e-16, -0.878667368552, 0.0], [-1.0, -1.7938038903913487e-16, 0.0], [0.0, 0.0, -0.878667368552]]
3	[[-0.42203838922340475, -0.825029846081567, 0.3757783270710803], [0.2588054115689476, 0.28760896992378115, 0.9221175843470338], [-0.8688517462515349, 0.4864224845687207, 0.09214016247897017]]	0.43825295096443695	0.5617470490355633	[[-0.18495956949743475, -0.3615717646789819, 0.16468596074738026], [0.1134222353456569, 0.12604547979293906, 0.40412075247628565], [-0.3807768417453394, 0.21317608927769516, 0.040380698108751376]]	0.635741686183939	0.6122162232105228	[[-0.1114948262010086, -0.3676932945017387, 0.33023020378159396], [0.13934940377166494, 0.09200379616699288, 0.6403757994947167], [-0.48926704491551476, 0.18043616824994646, -0.030729798962488737]]	[[0.15681257099823231, 0.15681257099823231, 0.0913322564980457], [-0.025183984972706186, -0.09084121533397758, 0.054147211562072764], [0.06309822929029599, -0.12880288228755318, -0.08930714122213132]]	0.6752434526114394	[[0.0, -0.6213116547104586, 0.6213116547104586], [0.0, 0.7071067811865476, 0.7071067811865475], [-0.878667368552, 0.0, 0.0]]
3	[[0.3802729664721569, 0.7767473726770865, -0.5020517802076895], [0.4287143634067757, 0.332951791095048, 0.839849450446521], [0.8195098935212374, -0.5346088512602871, -0.20639019011321075]]	0.5324364307452273	0.467563569254773	[[0.2024711809773347, 0.41356859869892076, -0.26731065790306957], [0.22826314546151594, 0.17727566326087793, 0.4471664437590863], [0.43633692266684876, -0.2846452286098333, -0.10988965616470685]]	0.6892594643042477	0.4612908044177458	[[0.1957728100507539, 0.450923411566749, -0.29057032669006017], [0.34013777416558194, 0.2041312063204212, 0.48025024659229487], [0.5632146974004338, -0.28018632355774536, -0.07060982050080322]]	[[-0.06633393110923207, -0.08445706642439142, 0.05547361438888571], [0.04464234170429114, -0.025358966848891377, -0.09862393571869094], [-0.0016402528000454726, 0.08829788687422924, 0.07164657137428024]]	0.6957566524350095	[[0.0, 0.6213116547104586, -0.6213116547104586], [0.0, 0.7071067811865476, 0.7071067811865475], [0.878667368552, 0.0, 0.0]]
3	[[0.5319609947059123, -0.8460851799387872, 0.03402011756955908], [-0.703274286200726, -0.4190807785627857, 0.5742617690636116], [-0.47161719485230363, -0.3294103357928521, -0.8179645788128509]]	0.496272375334213	0.5037276246657871	[[0.26399754642785384, -0.4198887019832969, 0.01688324455539429], [-0.3490156005243074, -0.20797821343426495, 0.28499025219682583], [-0.2340505855378111, -0.16347724980355946, -0.4059332244667026]]	0.6995298595711972	0.517128850886878	[[0.4445184538288216, -0.5836493453660447, 0.10792067397991609], [-0.4024728407972524, -0.2190540523873447, 0.3046339403892951], [-0.3032476541074283, -0.0532434301752136, -0.46891373560419725]]	[[0.07239585390484046, 0.008212501741806095, 0.08412258591388681], [0.08948852186877536, 0.0741054657896687, -0.09707931428088036], [0.026662655978965534, 0.1771889357632611, 0.10327691134696983]]	0.672510648650611	[[0.6486862128946111, -0.648686212894611, 0.0], [-0.7071067811865475, -0.7071067811865476, 0.0], [0.0, 0.0, -0.91738084]]
3	[[0.08740825448676931, -0.06334395238859675, -0.994156597696443], [0.7119981850616444, -0.6940087028176986, 0.10681996481098455], [-0.6967197295301035, -0.717174639895393, -0.015561310176609944]]	0.7481451064590791	0.25185489354092094	[[0.06539405785840631, -0.04739046800330554, -0.7437733936206012], [0.5326779579616151, -0.5192192148530745, 0.0799168339454691], [-0.5212474562214401, -0.5365506973142904, -0.011642118058722603]]	0.876933331862975	0.19513885250179444	[[0.04294935874200878, -0.0322105272322956, -0.8223759725791865], [0.635884937419306, -0.6379798649016376, 0.07122184376724147], [-0.6042839091271752, -0.5891011274781629, 0.030369782814088135]]	[[-0.033701853097400654, 0.02333789598920619, 0.04943308503231453], [0.01150999671280715, -0.029380500797811914, -0.02245214388394094], [0.00669284466432926, 0.0398132190129333, 0.044016014395415914]]	0.18200301438193062	[[0.0, 0.0, -0.878667368552], [0.7071067811865475, -0.7071067811865476, 0.0], [-0.6213116547104586, -0.6213116547104586, 0.0]]
