3	[[-0.30792515101507295, 0.09349718223056193, 0.9468053539599837], [0.3027085282091916, -0.9338174967034747, 0.1906631317268273], [0.9019698710720718, 0.34531602882779927, 0.2592434992682147]]	0.5827076434244322	0.41729235657556807	[[-0.17943033909910552, 0.05448152272439543, 0.5517107165876574], [0.17639057311725628, -0.544142592892584, 0.11110086417646158], [0.5255847380122457, 0.2012182893949302, 0.1510631685316849]]	0.7908610964650941	0.3129891363252612	[[-0.17476049449271897, 0.06886663054112596, 0.7146003807063603], [0.26110124582043615, -0.8382089986312429, 0.12949678395394146], [0.6565254162311474, 0.23759748977659279, 0.10589386395159303]]	[[0.06876552806824127, -0.005076653514132971, -0.034191139665453577], [0.021700847291580054, -0.09968906929004345, -0.021291269459005818], [-0.05680746498339083, -0.035499523409132636, -0.09913173413111509]]	0.48529040157583886	[[0.0, 0.0, 0.9094], [0.0, -1.0, 0.0], [0.9094, 0.0, 0.0]]
3	[[0.8592155572171323, 0.2624339665249735, -0.4391776855101157], [-0.4266000482917053, 0.8413623931712975, -0.33184593135155627], [0.2824199444684594, 0.4724804086637203, 0.8348660002631537]]	0.4876122497635817	0.5123877502364184	[[0.4189640308865153, 0.12796601683162281, -0.2141484192775502], [-0.20801540929677098, 0.41025860940072745, -0.16181214116122344], [0.1377114245003713, 0.23038723503773312, 0.4070908886394394]]	0.7328989650947105	0.46869324083121017	[[0.4496382719099922, 0.17926672713728567, -0.28291741916346363], [-0.35030224521728404, 0.7496056165688877, -0.2542032712041566], [0.23519971775774104, 0.3063822746476282, 0.44470298954844945]]	[[-0.18007992076771917, -0.013070855334567345, 0.03895545203959042], [-0.037647511314939736, 0.13297198934403479, -0.01099373154571064], [0.02821443273470149, -0.0398981278895383, -0.1671694380371762]]	0.689827209058001	[[0.6430429068110464, 0.6430429068110463, 0.0], [-0.7071067811865475, 0.7071067811865476, 0.0], [0.0, 0.0, 0.9094]]
3	[[-0.5446221603179724, 0.8109226453022452, -0.2139887049042392], [-0.8354447797583356, -0.5021691245819775, 0.22328947644507607], [0.07361197229480154, 0.30038414347728, 0.9509735242804028]]	0.515964700117117	0.48403529988288296	[[-0.28100580962559907, 0.4184074595015522, -0.11041061795436605], [-0.4310600152524206, -0.25910154177301503, 0.11520948775329173], [0.0379811792101168, 0.15498761450919182, 0.49066876927465597]]	0.72833968141238	0.3857198105240544	[[-0.45671768963522247, 0.5279812936327106, -0.07703373860582552], [-0.6807818047954514, -0.4675949493320484, 0.0386349334403563], [0.09364262973891, 0.07889069428411614, 0.688103339924763]]	[[-0.0600477588991083, -0.06264584749681126, 0.07882272654997592], [-0.07229422006862923, -0.1018452491188771, -0.12399565269638756], [0.04002810928957729, -0.1398909970774566, -0.004528413781233831]]	0.4443735678345025	[[-0.5847832194539656, 0.5847832194539655, 0.0], [-0.7071067811865475, -0.7071067811865476, 0.0], [0.0, 0.0, 0.82700836]]
3	[[0.034229894132735264, 0.2773841392786001, 0.9601491309293217], [-0.1827544195208179, -0.9427759796974285, 0.2788803941677556], [0.9825625356654255, -0.18501754344446375, 0.018422055382213542]]	0.7413576254898168	0.25864237451018307	[[0.025376593035012426, 0.2056408468441196, 0.7118138798218734], [-0.1354863825037234, -0.6989341616773216, 0.20675010681587144], [0.7284302283361734, -0.13716416668194664, 0.01365733123479973]]	0.8632323051264695	0.2103922859755484	[[0.009233317464770421, 0.20818874990388403, 0.771441995251957], [-0.1688608943582286, -0.8232154422573934, 0.2579347825621018], [0.8002129620523135, -0.14255405697148135, 0.0]]	[[-0.020315032951665653, -0.031258200051103635, -0.05738975230533784], [-0.011101375523223104, -0.009380760085316617, 0.01719621705009168], [-0.04796676054106057, 0.017159063544919806, -0.015902513332755677]]	0.37901070881967325	[[0.0, 0.0, 0.9094], [0.0, -1.0, 0.0], [0.9094, 0.0, 0.0]]
3	[[0.8489524140446696, -0.5135124485683378, 0.12483895166604869], [0.522794976890395, 0.7815435453534784, -0.34040431673891397], [0.0772347773085365, 0.35425224329800037, 0.9319550081910795]]	0.6528678877650477	0.3471321122349524	[[0.5542537693703816, -0.33525578763786834, 0.08150334268501609], [0.34131605229660905, 0.5102446836513321, -0.22223904725543903], [0.05042410592342806, 0.2312799138179953, 0.6084434976897677]]	0.8155673565913854	0.27801196717677973	[[0.6437385827736982, -0.3982800831050588, 0.05128267066341805], [0.4765339719257827, 0.6251507450212176, -0.2645201109587843], [0.025375286445987032, 0.2248480402789888, 0.7114431783198414]]	[[-0.048639293420588134, 0.020523907150590076, -0.050531903146501], [0.05015945458402883, -0.01225065832377819, 0.013102537816268377], [-0.03761487672046039, -0.06406852535412967, -0.04862890417266009]]	0.4586527837921928	[[0.6430429068110464, -0.6430429068110463, 0.0], [0.7071067811865475, 0.7071067811865476, 0.0], [0.0, 0.0, 0.9094]]
3	[[0.8787972042104137, -0.3840163418041313, 0.28327887866788265], [-0.395223040501579, -0.9183905790867732, -0.018907472103605397], [0.2674214316928388, -0.09534250611366366, -0.9588511794847616]]	0.5634651584305922	0.436534841569408	[[0.4951716058987823, -0.21637982887460128, 0.15961777824863904], [-0.22269441313164254, -0.5174810931462921, -0.010653701764380026], [0.15068265937654118, -0.05372218031250519, -0.5402792317597412]]	0.7878466384738866	0.3717248413157373	[[0.5475979506214933, -0.23105102860743698, 0.22296100730616247], [-0.3455440883031954, -0.8466542291727677, -0.024665351360465142], [0.20029655788848177, -0.0751152729453259, -0.6348531048933176]]	[[-0.14475947261593078, 0.07149495540198691, -0.00021930500298084554], [-0.0341689443965977, -0.12310329863316725, -0.009769163021600845], [-0.010390518126595347, 0.0, 0.12057457366047304]]	0.5146753673172294	[[0.9094, 0.0, 0.0], [0.0, -1.0, 0.0], [0.0, 0.0, -0.9094]]
3	[[0.04673222253661188, -0.9725397674033924, -0.22799671093185395], [-0.8377629715199755, -0.16246744520517667, 0.5213036857710898], [-0.5440306084466285, 0.16664552219444034, -0.8223502702654952]]	0.4943285994911889	0.5056714005088112	[[0.023101074117633905, -0.48075422117000555, -0.11270529480354077], [-0.4141301964170462, -0.08031230465118643, 0.25769532089681757], [-0.2689298887537612, 0.08237764759785554, -0.4065112573915429]]	0.6869797973567983	0.4850041637125219	[[-1.0095708655205622e-16, -0.6798918752520594, -0.10160109774059818], [-0.6722821991991936, -0.13509321915356134, 0.23173147926179233], [-0.2464704632780143, 0.0, -0.5056109393059856]]	[[-0.032104092768234414, -0.011776702919849185, 0.05502803653338337], [-0.09675596279137177, -0.02348136656943247, -0.126393621150583], [0.12726757386854615, -0.11448210706755445, 0.05932708271731266]]	0.6926094373938284	[[1.50170697174957e-16, -0.7520814025839999, 0.0], [-1.0, -1.7938038903913487e-16, 0.0], [0.0, 0.0, -0.7520814025839999]]
3	[[-0.42203838922340475, -0.825029846081567, 0.3757783270710803], [0.2588054115689476, 0.28760896992378115, 0.9221175843470338], [-0.8688517462515349, 0.4864224845687207, 0.09214016247897017]]	0.3957312191465566	0.6042687808534435	[[-0.16701376629402698, -0.3264900668221545, 0.14870721550069213], [0.10241738104190598, 0.11381584830542327, 0.3649107158501295], [-0.3438317608017345, 0.19249256283867694, 0.03646273883016467]]	0.5882371577419724	0.6497946668960122	[[-0.08569131729175325, -0.32274586646829534, 0.2748405987840795], [0.16054139222565308, 0.08057656927399667, 0.6153378521118885], [-0.42874602257893357, 0.16592879107673852, -0.02768555898038557]]	[[0.16256734524302263, 0.1625673452430226, 0.05379382372675398], [0.008302432516094, -0.08860571373506473, 0.072914025191696], [0.08234485913521854, -0.12020298870775417, -0.08188582627089852]]	0.7116450223696176	[[0.0, -0.5318018597714361, 0.5318018597714362], [0.0, 0.7071067811865476, 0.7071067811865475], [-0.7520814025839999, 0.0, 0.0]]
3	[[0.22433838825039393, -0.7661379269479729, -0.6022499185961573], [-0.9416906372873723, -0.011392912655017143, -0.3362869982418849], [0.2507808429735371, 0.642575192824231, -0.724020780340167]]	0.4132986949364431	0.586701305063557	[[0.0927187630880329, -0.3166438053489092, -0.2489091053813708], [-0.3891995114247384, -0.004708675931843496, -0.13898697749746497], [0.10364739511602397, 0.2655754885927879, -0.29923684362145614]]	0.6334698413474648	0.5761173960710133	[[0.2548725439301576, -0.38429697136033286, -0.24883229718151234], [-0.6880690441024598, -0.04807657093800988, -0.0406777365844963], [0.2281764698666118, 0.22817646986661175, -0.45927566654832613]]	[[0.11276094071703467, 0.10102829967367503, 0.13267486320311905], [-0.09153642550163513, -0.04085950436595074, 0.1723499348390057], [0.06931436905518182, -0.17887553558557048, -0.0006303376939729571]]	0.7333172240065845	[[1.50170697174957e-16, -0.7520814025839999, 0.0], [-1.0, -1.7938038903913487e-16, 0.0], [0.0, 0.0, -0.7520814025839999]]
3	[[-0.3195682178843842, -0.5708200961323295, -0.7563336379995778], [0.910087742671785, 0.03735879733279218, -0.41272826520656647], [0.2638493031197415, -0.8202248094963509, 0.507557688474819]]	0.3985861058703493	0.6014138941296506	[[-0.127375451526464, -0.2275209592699236, -0.30146407950900617], [0.3627483293518834, 0.014890697548877271, -0.16450775201131013], [0.10516666626710318, -0.32693021275539963, 0.20230544255373395]]	0.6048574894700178	0.6146404674065983	[[-0.2597949630498549, -0.25979496304985483, -0.3540732576104008], [0.6107365669211268, -0.0961628669685258, -0.056452364507882345], [0.20911195441212296, -0.3228458474051839, 0.3249487867030505]]	[[-0.06650173306589861, 0.08546984723578019, 0.10340080787174905], [0.06026317969123532, -0.11875961533285768, 0.19318941781827711], [0.049520727328702455, 0.1732732716678025, 0.017948717490966114]]	0.9412772444475747	[[-1.50170697174957e-16, -0.7520814025839999, 0.0], [1.0, -1.7938038903913487e-16, 0.0], [0.0, 0.0, 0.7520814025839999]]
3	[[0.3802729664721569, 0.7767473726770865, -0.5020517802076895], [0.4287143634067757, 0.332951791095048, 0.839849450446521], [0.8195098935212374, -0.5346088512602871, -0.20639019011321075]]	0.48109779692584154	0.5189022030741588	[[0.1829484864002091, 0.3736914497628818, -0.24153600540061626], [0.20625353574546434, 0.16018237317834055, 0.40404972035919995], [0.39426440433199816, -0.25719914055837906, -0.0992938657705713]]	0.6377979147732742	0.5347702295929337	[[0.11626366612836125, 0.3992215634215258, -0.23128660948765334], [0.3016927672600683, 0.1404360804976515, 0.4668471481122702], [0.548145339507801, -0.26293899820937255, -0.09309271279201331]]	[[-0.12627363893222765, -0.09618629117753927, 0.08892096903702117], [0.028259640245874997, -0.07191987758279694, -0.06880708010600116], [0.025463638283887913, 0.07803341234377408, 0.038542520091852134]]	0.735362903487105	[[0.0, 0.5318018597714361, -0.5318018597714362], [0.0, 0.7071067811865476, 0.7071067811865475], [0.7520814025839999, 0.0, 0.0]]
3	[[0.5319609947059123, -0.8460851799387872, 0.03402011756955908], [-0.703274286200726, -0.4190807785627857, 0.5742617690636116], [-0.47161719485230363, -0.3294103357928521, -0.8179645788128509]]	0.45171865540830297	0.5482813445916972	[[0.24029670525821814, -0.38219245984284095, 0.015367521765353623], [-0.31768211494582593, -0.18930660579984637, 0.25940475417380804], [-0.21303828512611825, -0.14880079396194476, -0.36948985971295983]]	0.6552313186473727	0.5601152636437013	[[0.3896887348797797, -0.5240400607911406, 0.09149518188473037], [-0.4059202925680908, -0.23350364605211416, 0.30118648861845665], [-0.2663538101383249, -0.03817617145583511, -0.4365745796034924]]	[[0.04113123084965677, 0.030341447348150405, 0.06920413538908954], [0.054887045350000524, 0.041091205105347445, -0.07508780757386657], [0.04266454634152494, 0.1776637972417892, 0.09938142997889456]]	0.7072622055133115	[[0.5847832194539656, -0.5847832194539655, 0.0], [-0.7071067811865475, -0.7071067811865476, 0.0], [0.0, 0.0, -0.82700836]]
3	[[-0.8305561570912853, 0.32773595720904825, 0.4502950280316503], [-0.5100865793185324, -0.772219296347621, -0.37879947194723407], [0.22358030216652452, -0.5443036842615101, 0.808545204538665]]	0.4460424705390911	0.5539575294609089	[[-0.3704633202304503, 0.14618415603801774, 0.20085070677470657], [-0.2275202780280723, -0.34444260274085137, -0.16896065230624743], [0.09972631034223307, -0.24278256005153337, 0.3606455005749608]]	0.6761427834446698	0.5380319130961858	[[-0.42686628362105167, 0.10032946248292052, 0.24656469609998793], [-0.5427936403010498, -0.5940422648461459, -0.2687601575511445], [0.19786424922839688, -0.30369696088409665, 0.3846993207005158]]	[[0.1347082682417583, -0.12126683985930857, -0.05789903752462769], [-0.19790228076284694, -0.07191176038398112, -0.012637628221370571], [0.046692041398122656, 0.06433004723166955, -0.1619926844370969]]	0.6884840317632387	[[-0.5847832194539656, 0.5847832194539655, 0.0], [-0.7071067811865475, -0.7071067811865476, 0.0], [0.0, 0.0, 0.82700836]]
3	[[0.08740825448676931, -0.06334395238859675, -0.994156597696443], [0.7119981850616444, -0.6940087028176986, 0.10681996481098455], [-0.6967197295301035, -0.717174639895393, -0.015561310176609944]]	0.602440209184246	0.397559790815754	[[0.05265824711743911, -0.03816094392754314, -0.5989199086781435], [0.4289363355473405, -0.41809874810118164, 0.06435264194578331], [-0.41973197960090686, -0.43205484008021683, -0.009374758957977833]]	0.8085265411059723	0.3078558677820605	[[0.03573135902212643, -0.02814818742277518, -0.7046906825751402], [0.6360851158391371, -0.6399175482690782, 0.07102166534741045], [-0.5181953344926128, -0.503653672348661, 0.025265886265556727]]	[[-0.03494053464217175, 0.023067079301958338, 0.09911131267804647], [0.06041568599751583, -0.07879309228244165, -0.015345111322276596], [0.045121058544650455, 0.07620105861488229, 0.037847618557728335]]	0.28408455851006076	[[0.0, 0.0, -0.7520814025839999], [0.7071067811865475, -0.7071067811865476, 0.0], [-0.5318018597714362, -0.5318018597714361, 0.0]]
