3	[[0.8787972042104137, -0.3840163418041313, 0.28327887866788265], [-0.395223040501579, -0.9183905790867732, -0.018907472103605397], [0.2674214316928388, -0.09534250611366366, -0.9588511794847616]]	0.5867027026265446	0.41329729737345566	[[0.5155926947709011, -0.22530342558924274, 0.1662004837114638], [-0.23187842600255673, -0.5388222348169669, -0.011093064983021289], [0.15689687671444838, -0.05593770601207431, -0.5625605784203597]]	0.7994100746824115	0.35643158596945257	[[0.5604028144485742, -0.23846274783973057, 0.22852308324851686], [-0.3454927235513483, -0.8473972961639116, -0.022922793704541138], [0.20506270819466074, -0.07621775993273214, -0.6510672639205679]]	[[-0.14211652419996718, 0.06852378464117649, 0.0020670936966750266], [-0.02954744322777132, -0.11322661474853096, -0.007807970018142337], [-0.008716678486588858, 0.0, 0.11544802908066393]]	0.5069002854574148	[[0.6039721741649235, -0.6039721741649234, 0.0], [-0.7071067811865475, -0.7071067811865476, 0.0], [0.0, 0.0, -0.8541456399999998]]
3	[[0.08740825448676931, -0.06334395238859675, -0.994156597696443], [0.7119981850616444, -0.6940087028176986, 0.10681996481098455], [-0.6967197295301035, -0.717174639895393, -0.015561310176609944]]	0.6453649218766276	0.3546350781233724	[[0.05641022132822628, -0.04087996488462356, -0.6415937950054988], [0.4594986530786089, -0.4478888722756438, 0.06893785824510516], [-0.44963847381810046, -0.4628393554479889, -0.010042723726425846]]	0.8294231708962234	0.274286513629947	[[0.037768328346005034, -0.02952446993881395, -0.7394036362714613], [0.6358746919204366, -0.6394447753400144, 0.07123208926611097], [-0.5437142781462155, -0.5286666134244082, 0.026706241087540265]]	[[-0.03473010325291523, 0.023014471908435377, 0.08517288135732377], [0.04532689959425111, -0.06381787641938388, -0.017366864662438853], [0.03416120914660211, 0.06617465048398578, 0.03961315231752376]]	0.25222210418737434	[[0.0, 0.0, -0.7894014004879998], [0.7071067811865475, -0.7071067811865476, 0.0], [-0.5581910833632223, -0.5581910833632222, 0.0]]
3	[[-0.42203838922340475, -0.825029846081567, 0.3757783270710803], [0.2588054115689476, 0.28760896992378115, 0.9221175843470338], [-0.8688517462515349, 0.4864224845687207, 0.09214016247897017]]	0.40862564738197715	0.5913743526180228	[[-0.17245571001646065, -0.3371283549645333, 0.1535526621715366], [0.10575452884832028, 0.11752440152796864, 0.3768008948661116], [-0.3550351072909948, 0.19876470265804327, 0.037650833542849746]]	0.60290835353949	0.6378418236931453	[[-0.09314956958684109, -0.33611648533167615, 0.29096790066175093], [0.15396196452172223, 0.08404975656560439, 0.623037583390357], [-0.44668822215716275, 0.17045404001860445, -0.028652269936071038]]	[[0.16130090079030032, 0.1613009007903003, 0.06440800819150197], [-0.0020739800544220394, -0.08935209395433108, 0.06708518884187482], [0.07714975364526086, -0.12281413927731097, -0.08420434359112801]]	0.699627947936943	[[0.0, -0.5581910833632222, 0.5581910833632223], [0.0, 0.7071067811865476, 0.7071067811865475], [-0.7894014004879998, 0.0, 0.0]]
3	[[-0.3195682178843842, -0.5708200961323295, -0.7563336379995778], [0.910087742671785, 0.03735879733279218, -0.41272826520656647], [0.2638493031197415, -0.8202248094963509, 0.507557688474819]]	0.4128259987001796	0.5871740012998203	[[-0.13192606870095752, -0.23564937626396143, -0.31223418945771586], [0.37570788127327165, 0.015422682819147583, -0.17038495827569336], [0.1089238520667537, -0.3386101261389956, 0.20953300964257177]]	0.6194358651135176	0.6020008329944097	[[-0.2681945190334843, -0.26819451903348424, -0.37176560531681563], [0.609719330860313, -0.09651374209324973, -0.05704824759617199], [0.21912501965703135, -0.33975577020892683, 0.33425035962347827]]	[[-0.07024250352548561, 0.0853919210384266, 0.09673457605190679], [0.045978342649207596, -0.11965512103868839, 0.19861044241885886], [0.0556872983194556, 0.16832089424901547, 0.019850923768061513]]	0.9398791783339852	[[0.0, 0.0, -0.7894014004879998], [0.7071067811865475, 0.7071067811865476, 0.0], [0.5581910833632223, -0.5581910833632222, 0.0]]
3	[[-0.30792515101507295, 0.09349718223056193, 0.9468053539599837], [0.3027085282091916, -0.9338174967034747, 0.1906631317268273], [0.9019698710720718, 0.34531602882779927, 0.2592434992682147]]	0.6113067419173873	0.38869325808261274	[[-0.18823672082144371, 0.05715545784782103, 0.5787884961592165], [0.18504776413016844, -0.5708489314552518, 0.11655365785969243], [0.5513802631927142, 0.21109401651457255, 0.15847729890091494]]	0.8033207986295483	0.295713132093735	[[-0.1785645898290089, 0.07414007612817945, 0.7344700613611305], [0.2610180977740425, -0.8368660752145078, 0.13282203592624486], [0.6753507445849002, 0.24757655753525154, 0.10442451370082947]]	[[0.06879808840254378, -0.0009681549708879453, -0.026118371728735802], [0.017846041141059577, -0.0867110579884269, -0.02034162332176078], [-0.04922041258450731, -0.029822990522280334, -0.10383118117083145]]	0.4813960834530133	[[0.0, 0.0, 0.9241999999999999], [0.0, -1.0, 0.0], [0.9241999999999999, 0.0, 0.0]]
3	[[0.3802729664721569, 0.7767473726770865, -0.5020517802076895], [0.4287143634067757, 0.332951791095048, 0.839849450446521], [0.8195098935212374, -0.5346088512602871, -0.20639019011321075]]	0.5025834021483351	0.4974165978516653	[[0.1911188812346164, 0.3903803371698308, -0.2523228917514087], [0.21546472331083505, 0.16733604391993087, 0.4220943940978221], [0.4118720703801233, -0.2686855352850084, -0.10372828391713913]]	0.653912342383835	0.5143582416602664	[[0.12448655646199826, 0.41097153825928373, -0.24665770325616476], [0.30258400139476654, 0.15312705309216135, 0.4667317976887182], [0.5712614290162091, -0.28025643474312134, -0.08770456058583634]]	[[-0.12417862978905943, -0.09695315564847962, 0.08164015233741975], [0.022242387805847107, -0.06459423252369481, -0.0824561237025431], [0.03537379493700956, 0.0693308914436243, 0.047256532076138356]]	0.7225975107421473	[[0.0, 0.5581910833632222, -0.5581910833632223], [0.0, 0.7071067811865476, 0.7071067811865475], [0.7894014004879998, 0.0, 0.0]]
3	[[0.22433838825039393, -0.7661379269479729, -0.6022499185961573], [-0.9416906372873723, -0.011392912655017143, -0.3362869982418849], [0.2507808429735371, 0.642575192824231, -0.724020780340167]]	0.4327683879362243	0.5672316120637757	[[0.09708656263533377, -0.33156027558207496, -0.2606347264055813], [-0.40753393903349194, -0.004930492443610002, -0.1455343821130524], [0.10853002113894507, 0.27808623032635094, -0.3133333059401412]]	0.6506178559588756	0.5622015264568939	[[0.27059327801611804, -0.3896685714691958, -0.26917735350340327], [-0.6823788729960323, -0.049304803007877346, -0.04036575744464096], [0.24473372334146462, 0.2447337233414646, -0.4698871916519069]]	[[0.12463471684337701, 0.10879444393047187, 0.12265719728503592], [-0.0696981295875749, -0.041892370603143374, 0.1784285683383403], [0.0815712289704625, -0.1733371709061976, 0.0011736561226845382]]	0.7315514815035209	[[1.576225103491109e-16, -0.7894014004879998, 0.0], [-1.0, -1.7938038903913487e-16, 0.0], [0.0, 0.0, -0.7894014004879998]]
3	[[0.034229894132735264, 0.2773841392786001, 0.9601491309293217], [-0.1827544195208179, -0.9427759796974285, 0.2788803941677556], [0.9825625356654255, -0.18501754344446375, 0.018422055382213542]]	0.7742093022823822	0.2257906977176179	[[0.026501102453704774, 0.2147533809350841, 0.7433563887438258], [-0.14149017162623415, -0.7299059334501354, 0.2159117953888538], [0.7607090551863374, -0.1432423032201386, 0.014262526644070949]]	0.8764545844673259	0.1900668937472277	[[0.009198818709312906, 0.21446438132522128, 0.7913581331223885], [-0.16789638961074455, -0.8240864398197315, 0.25679651318179514], [0.8211031696394402, -0.14646378621968087, 0.0]]	[[-0.020802128929154146, -0.028650219204031026, -0.05016897445293447], [-0.007720440790058746, 0.0022138897117541245, 0.01237051319541086], [-0.04006826927036243, 0.015695687939102032, -0.01614609489505204]]	0.37196024295738384	[[0.0, 0.0, 0.9241999999999999], [0.0, -1.0, 0.0], [0.9241999999999999, 0.0, 0.0]]
3	[[-0.5446221603179724, 0.8109226453022452, -0.2139887049042392], [-0.8354447797583356, -0.5021691245819775, 0.22328947644507607], [0.07361197229480154, 0.30038414347728, 0.9509735242804028]]	0.5390543947732582	0.4609456052267419	[[-0.29358096901030895, 0.4371314157713314, -0.11535155181046802], [-0.4503501801191075, -0.2706964735253548, 0.12036517358433818], [0.0396808571734401, 0.1619233926616287, 0.5126264575763648]]	0.7419626102017054	0.3693775363010544	[[-0.46994179452950746, 0.5422024199304329, -0.0855293075856997], [-0.6797601601974121, -0.4615779009233922, 0.03961468325666859], [0.10199868355850414, 0.0852202852344784, 0.7055867983078026]]	[[-0.06585251488629307, -0.05947186264969277, 0.07324231045873211], [-0.05989137072852885, -0.08898718648584275, -0.12605775951709228], [0.04738135245255756, -0.13765351792312785, 0.0]]	0.43203271416160477	[[-0.6039721741649235, 0.6039721741649234, 0.0], [-0.7071067811865475, -0.7071067811865476, 0.0], [0.0, 0.0, 0.8541456399999998]]
3	[[0.8489524140446696, -0.5135124485683378, 0.12483895166604869], [0.522794976890395, 0.7815435453534784, -0.34040431673891397], [0.0772347773085365, 0.35425224329800037, 0.9319550081910795]]	0.6833070904327089	0.3166929095672911	[[0.5800952039566877, -0.350886697132207, 0.08530334083559729], [0.35722951455181107, 0.5340342460219493, -0.23260068324160157], [0.05277507096291429, 0.24206306964721674, 0.6368114650612379]]	0.8306079733251531	0.2549785447408441	[[0.6660184551346476, -0.41289699981628103, 0.0506381570899139], [0.47703980100252075, 0.6239835806586599, -0.26449773719053626], [0.029810986644691655, 0.2296220546093385, 0.7330974478780791]]	[[-0.039128188944491826, 0.013630534366303017, -0.05305407154545957], [0.04280212478301941, -0.025172719612747762, 0.018244802447106544], [-0.03434083520577139, -0.06462268324230269, -0.040991812705740045]]	0.4529486827762057	[[0.6535080871726072, -0.6535080871726071, 0.0], [0.7071067811865475, 0.7071067811865476, 0.0], [0.0, 0.0, 0.9241999999999999]]
3	[[0.04673222253661188, -0.9725397674033924, -0.22799671093185395], [-0.8377629715199755, -0.16246744520517667, 0.5213036857710898], [-0.5440306084466285, 0.16664552219444034, -0.8223502702654952]]	0.508825021494855	0.49117497850514485	[[0.023778524136693898, -0.4948525680536324, -0.11601043134065683], [-0.4262747619912451, -0.08266750129873819, 0.26525235911782186], [-0.2768163860367149, 0.08479341141260743, -0.41843239394414045]]	0.7037298562471098	0.46129655471434067	[[-1.0567494603545819e-16, -0.7132015430424025, -0.09985263067124617], [-0.6704305482852899, -0.12649158034115246, 0.23304079417940388], [-0.26016258674165427, 0.0, -0.5292388137463454]]	[[-0.03288686024779783, -0.028796272333015554, 0.060595461937641246], [-0.08087173276838586, -0.012158388482078439, -0.1338161736693737], [0.12268799513451921, -0.11727342937811805, 0.04947362373236344]]	0.677323694481016	[[1.576225103491109e-16, -0.7894014004879998, 0.0], [-1.0, -1.7938038903913487e-16, 0.0], [0.0, 0.0, -0.7894014004879998]]
3	[[0.8592155572171323, 0.2624339665249735, -0.4391776855101157], [-0.4266000482917053, 0.8413623931712975, -0.33184593135155627], [0.2824199444684594, 0.4724804086637203, 0.8348660002631537]]	0.5093195143417967	0.4906804856582033	[[0.4376152503167461, 0.13366274037729084, -0.22368176549376642], [-0.21727572941411835, 0.428522285475457, -0.16901560859227582], [0.14384198895711295, 0.24064349227661963, 0.4252135457945078]]	0.7477364347515068	0.4459242988557101	[[0.4712276294274266, 0.19148343549323435, -0.28772881424011754], [-0.35415879919560134, 0.7495085607720158, -0.2505810306469541], [0.2396722908531203, 0.31382772704982065, 0.46860748797275775]]	[[-0.17123914800914128, -0.004748002993845604, 0.040660342545634824], [-0.035174400021141056, 0.12039124456811437, -0.002447737051348164], [0.028496608473555934, -0.03946308921432452, -0.15565223855926336]]	0.6891004027464833	[[0.6535080871726072, 0.6535080871726071, 0.0], [-0.7071067811865475, 0.7071067811865476, 0.0], [0.0, 0.0, 0.9241999999999999]]
3	[[0.5319609947059123, -0.8460851799387872, 0.03402011756955908], [-0.703274286200726, -0.4190807785627857, 0.5742617690636116], [-0.47161719485230363, -0.3294103357928521, -0.8179645788128509]]	0.46541392668677106	0.5345860733132289	[[0.24758205539027928, -0.3937798259067943, 0.015833436504394116], [-0.32731364707851596, -0.19504603074985524, 0.2672694248859872], [-0.21949721054921068, -0.15331215787255909, -0.38069210651597984]]	0.6690744548153914	0.544995275592557	[[0.4039768722061641, -0.5437946136419572, 0.09594842428156683], [-0.40564028414785974, -0.23258793634233654, 0.3014664970386877], [-0.2790508290665729, -0.040659341433849694, -0.4493315472574707]]	[[0.04805535969025255, 0.022299366852969082, 0.07318643266595858], [0.06490257547757443, 0.047808307098169016, -0.08275738301887046], [0.0364961884607965, 0.17974069939730786, 0.09794765737003866]]	0.6964973643289952	[[0.6039721741649235, -0.6039721741649234, 0.0], [-0.7071067811865475, -0.7071067811865476, 0.0], [0.0, 0.0, -0.8541456399999998]]
3	[[-0.8305561570912853, 0.32773595720904825, 0.4502950280316503], [-0.5100865793185324, -0.772219296347621, -0.37879947194723407], [0.22358030216652452, -0.5443036842615101, 0.808545204538665]]	0.462405768878986	0.5375942311210139	[[-0.3840539584169716, 0.15154699728254042, 0.2082190186593597], [-0.2358669769046379, -0.35707865747081124, -0.17515906107671464], [0.10338482152950783, -0.2516891636246084, 0.3738759669781183]]	0.6926120014688787	0.5201878737914435	[[-0.44722108003182626, 0.11070275680903718, 0.24733754914817535], [-0.5445880319856204, -0.59622847922841, -0.2728780519551386], [0.20557494971016538, -0.31078109016639005, 0.4038497887762746]]	[[0.12803208226346932, -0.1162911004668405, -0.06454219146831086], [-0.1912959453613976, -0.06138012681219507, -0.01051699153441042], [0.05072054913759217, 0.06621017399685916, -0.156158323617314]]	0.6851718906394515	[[-0.6039721741649235, 0.6039721741649234, 0.0], [-0.7071067811865475, -0.7071067811865476, 0.0], [0.0, 0.0, 0.8541456399999998]]
