3	[[0.04673222253661188, -0.9725397674033924, -0.22799671093185395], [-0.8377629715199755, -0.16246744520517667, 0.5213036857710898], [-0.5440306084466285, 0.16664552219444034, -0.8223502702654952]]	0.49354854369640305	0.5064514563035971	[[0.02306462037664102, -0.4799955858887829, -0.11252744464798628], [-0.413476694556455, -0.0801855709790901, 0.2572886749358887], [-0.2685055145251016, 0.08224765479259263, -0.4058697782978786]]	0.6860721922011643	0.48637880399298405	[[-1.0070835347963517e-16, -0.6781247729561005, -0.10093496248777002], [-0.672398832575536, -0.13456230831677635, 0.23164900701046795], [-0.24573308795428422, 0.0, -0.5043652401017159]]	[[-0.03206167836212596, -0.010892282730844857, 0.055487240795902164], [-0.09763295415986487, -0.023097912023538336, -0.12600295548905052], [0.12751118420722743, -0.11433085873244747, 0.05982641257655226]]	0.6934428339431096	[[1.4977472981903457e-16, -0.7500983280560002, 0.0], [-1.0, -1.7938038903913487e-16, 0.0], [0.0, 0.0, -0.7500983280560002]]
3	[[-0.42203838922340475, -0.825029846081567, 0.3757783270710803], [0.2588054115689476, 0.28760896992378115, 0.9221175843470338], [-0.8688517462515349, 0.4864224845687207, 0.09214016247897017]]	0.39503710704895206	0.6049628929510481	[[-0.16672082434241342, -0.3259174036251044, 0.14844638321785444], [0.10223774107481046, 0.11361621544001957, 0.3642706628794203], [-0.34322868029363657, 0.19215493110759094, 0.036398783228712775]]	0.5874406609152586	0.6504504036554823	[[-0.08529877093897541, -0.32203233869893716, 0.27398858567521145], [0.16089942918802264, 0.08038951235240553, 0.6149206781091008], [-0.4277899762424423, 0.16568218917051916, -0.02763252466832084]]	[[0.16262373935803265, 0.16262373935803265, 0.053241116862945796], [0.00886660716751464, -0.08856369102477718, 0.07323131491869743], [0.08260886781293608, -0.12006215664857235, -0.08175940261180638]]	0.7123121326058774	[[0.0, -0.5303996143250892, 0.5303996143250893], [0.0, 0.7071067811865476, 0.7071067811865475], [-0.7500983280560002, 0.0, 0.0]]
3	[[0.8592155572171323, 0.2624339665249735, -0.4391776855101157], [-0.4266000482917053, 0.8413623931712975, -0.33184593135155627], [0.2824199444684594, 0.4724804086637203, 0.8348660002631537]]	0.48646093123560896	0.5135390687643911	[[0.41797480009596877, 0.12766387174359323, -0.2136427858711503], [-0.20752425675713865, 0.40928993328873, -0.16143008079202603], [0.1373862691856357, 0.22984325958913446, 0.4061296919449619]]	0.7320876508435892	0.4699238689361484	[[0.44847542062166235, 0.17860648560758602, -0.2826529128411167], [-0.3501069230713305, 0.7496044047674132, -0.2544015188976645], [0.2349498728298568, 0.3059914801416551, 0.4434138682540883]]	[[-0.18054567822969342, -0.01351818044724698, 0.03886364724690846], [-0.037798295867694336, 0.1336533868424977, -0.011461210572500685], [0.028193719132565444, -0.03990559230658691, -0.16778122064774714]]	0.6898737870221563	[[0.6424772213860972, 0.6424772213860971, 0.0], [-0.7071067811865475, 0.7071067811865476, 0.0], [0.0, 0.0, 0.9086000000000001]]
3	[[0.3802729664721569, 0.7767473726770865, -0.5020517802076895], [0.4287143634067757, 0.332951791095048, 0.839849450446521], [0.8195098935212374, -0.5346088512602871, -0.20639019011321075]]	0.4799634925686025	0.5200365074313978	[[0.1825171411173995, 0.37281038183358023, -0.240966525878767], [0.20576724317504108, 0.15980470451095094, 0.40309707546813367], [0.3933348306889765, -0.256592731408976, -0.09905975647863445]]	0.636901543435329	0.5361839082764944	[[0.11557737574311164, 0.3978371708628229, -0.23107177771165396], [0.30181494172915047, 0.14064371343054413, 0.46629742503192706], [0.5470840656309824, -0.26271068137929077, -0.09295290209011342]]	[[-0.1266190635297362, -0.09687442965455016, 0.08868577598707789], [0.028766101982480516, -0.07141379620744912, -0.06860398621077503], [0.02513694958678422, 0.07778252112257426, 0.0384973285429015]]	0.7360656204846063	[[0.0, 0.5303996143250892, -0.5303996143250893], [0.0, 0.7071067811865476, 0.7071067811865475], [0.7500983280560002, 0.0, 0.0]]
3	[[0.8489524140446696, -0.5135124485683378, 0.12483895166604869], [0.522794976890395, 0.7815435453534784, -0.34040431673891397], [0.0772347773085365, 0.35425224329800037, 0.9319550081910795]]	0.651295879103646	0.348704120896354	[[0.5529192088223855, -0.3344485416209813, 0.08130709477171674], [0.3404942140648002, 0.5090160904287739, -0.22170392872114697], [0.05030269218453762, 0.23072302622320978, 0.6069784563448547]]	0.8147368246458866	0.2792962290930942	[[0.6424588480489025, -0.39744178892341364, 0.051428324860194385], [0.47653736426536236, 0.6250356876404871, -0.2645643769467543], [0.02519607279691942, 0.22468154887421277, 0.7101247193664156]]	[[-0.04921394604531153, 0.020935712839287992, -0.050282566212323423], [0.05059704485286243, -0.011716618823294353, 0.012775555168861134], [-0.037729944419669814, -0.06394079895408211, -0.04917334472001549]]	0.4589666912265493	[[0.6424772213860972, -0.6424772213860971, 0.0], [0.7071067811865475, 0.7071067811865476, 0.0], [0.0, 0.0, 0.9086000000000001]]
3	[[-0.30792515101507295, 0.09349718223056193, 0.9468053539599837], [0.3027085282091916, -0.9338174967034747, 0.1906631317268273], [0.9019698710720718, 0.34531602882779927, 0.2592434992682147]]	0.5811534935739938	0.4188465064260062	[[-0.17895177727170927, 0.05433621409261542, 0.5502392391884062], [0.17592011870341356, -0.542691300569746, 0.11080454509880427], [0.5241829416720194, 0.2006816165403735, 0.1506602652860701]]	0.7901775775930767	0.31392558158871714	[[-0.17456014169959844, 0.06858839409707719, 0.7135368464306211], [0.26110797912219386, -0.8382816881879354, 0.1293145625385738], [0.6555176507348348, 0.2370693662802233, 0.10597174760252126]]	[[0.06875540820947426, -0.005290982869646684, -0.034607514613634364], [0.021914487585089293, -0.10040004072875296, -0.021343169025640287], [-0.05719871705083468, -0.0357916168829882, -0.09887665265598916]]	0.4855090394915449	[[0.0, 0.0, 0.9086000000000001], [0.0, -1.0, 0.0], [0.9086000000000001, 0.0, 0.0]]
3	[[-0.5446221603179724, 0.8109226453022452, -0.2139887049042392], [-0.8354447797583356, -0.5021691245819775, 0.22328947644507607], [0.07361197229480154, 0.30038414347728, 0.9509735242804028]]	0.5147356429791351	0.48526435702086484	[[-0.2803364378719571, 0.41741078923599234, -0.11014761360915598], [-0.4300332058824688, -0.25848434722597363, 0.11493505222843067], [0.03789070589012694, 0.15461842523351452, 0.4894999684766073]]	0.727549674671658	0.3866352659927182	[[-0.45564579047881154, 0.5272574469671596, -0.07665674868900482], [-0.6807521386036735, -0.4674112784450192, 0.038804146895161665], [0.09342681876230909, 0.078625209453819, 0.6868851873139928]]	[[-0.05940611492049519, -0.06272905980636924, 0.07903066394748384], [-0.07292456088436136, -0.10205829522525019, -0.12365003905005827], [0.03987045226728714, -0.13991917640960075, -0.00499529089757435]]	0.4450561389812122	[[-0.583754803351408, 0.5837548033514078, 0.0], [-0.7071067811865475, -0.7071067811865476, 0.0], [0.0, 0.0, 0.8255539600000001]]
3	[[-0.8305561570912853, 0.32773595720904825, 0.4502950280316503], [-0.5100865793185324, -0.772219296347621, -0.37879947194723407], [0.22358030216652452, -0.5443036842615101, 0.808545204538665]]	0.4451715009826545	0.5548284990173453	[[-0.36973993110271286, 0.145898707996739, 0.20045851351387628], [-0.22707600814633894, -0.34377002324283973, -0.16863072949818714], [0.09953157870562715, -0.24230848811308528, 0.35994128231680494]]	0.6752529069224198	0.5389940473361746	[[-0.42578620000358763, 0.09978418956786547, 0.2465075290670292], [-0.5426988631069862, -0.593920873723445, -0.2685388392104902], [0.1974551580284634, -0.30331458737817546, 0.38368290544579087]]	[[0.13504925943461676, -0.12152046824054612, -0.05755549758405514], [-0.19826141764003377, -0.07247754908312842, -0.012753394637442786], [0.04648190905992471, 0.06422805766799211, -0.1622895942971251]]	0.688684947569449	[[-0.583754803351408, 0.5837548033514078, 0.0], [-0.7071067811865475, -0.7071067811865476, 0.0], [0.0, 0.0, 0.8255539600000001]]
3	[[0.034229894132735264, 0.2773841392786001, 0.9601491309293217], [-0.1827544195208179, -0.9427759796974285, 0.2788803941677556], [0.9825625356654255, -0.18501754344446375, 0.018422055382213542]]	0.7396482030721203	0.26035179692787996	[[0.02531807968662656, 0.2051666801781233, 0.710172579373131], [-0.13517397800206135, -0.6973225592827605, 0.20627338241822507], [0.7267506139109182, -0.13684789354551558, 0.013625840160349333]]	0.8625065031059246	0.21148828283700472	[[0.009234996212443313, 0.2078524505779562, 0.7703695297444321], [-0.16891416998844228, -0.8231670746718771, 0.2579982766128211], [0.7990884790111009, -0.1423440344409175, 0.0]]	[[-0.020288510077668184, -0.03139317340827592, -0.057765339633609615], [-0.011287294680388544, -0.010016661210785795, 0.017462123054388292], [-0.048378097708575596, 0.01723479996861541, -0.015889142567736676]]	0.37939648715466684	[[0.0, 0.0, 0.9086000000000001], [0.0, -1.0, 0.0], [0.9086000000000001, 0.0, 0.0]]
3	[[0.8787972042104137, -0.3840163418041313, 0.28327887866788265], [-0.395223040501579, -0.9183905790867732, -0.018907472103605397], [0.2674214316928388, -0.09534250611366366, -0.9588511794847616]]	0.562239051884601	0.43776094811539895	[[0.4940941068941012, -0.21590898392414765, 0.15927044816116326], [-0.22220982757455707, -0.5163550484454973, -0.01063051918906563], [0.1503547722086043, -0.05360528024164803, -0.5391035780519439]]	0.7872154339609084	0.37255009914367304	[[0.5469060507411114, -0.2306542569767352, 0.22266304930066227], [-0.34554738140462726, -0.8466133472061468, -0.024760756057306092], [0.20004129248483124, -0.0750550923251883, -0.6339790918495375]]	[[-0.14489667173502238, 0.07164933418468455, -0.0003384561018344957], [-0.03442170406482699, -0.12364210894474272, -0.009876502200162604], [-0.010476985915694282, 0.0, 0.12084335551248807]]	0.5149027610722083	[[0.9086000000000001, 0.0, 0.0], [0.0, -1.0, 0.0], [0.0, 0.0, -0.9086000000000001]]
3	[[0.08740825448676931, -0.06334395238859675, -0.994156597696443], [0.7119981850616444, -0.6940087028176986, 0.10681996481098455], [-0.6967197295301035, -0.717174639895393, -0.015561310176609944]]	0.6001908168291055	0.3998091831708946	[[0.052461631658020404, -0.03801845852529585, -0.5966836604274726], [0.42733477227298905, -0.41653765023066236, 0.06411236193356112], [-0.41816478356762626, -0.43044163292793547, -0.009339755465830588]]	0.8073981560986154	0.3096436293743387	[[0.03562338130278307, -0.028074855911484276, -0.7028459606730099], [0.6360969036715296, -0.6399434945991086, 0.07100987751501785], [-0.5168390659173047, -0.5023247584136049, 0.025189534487991976]]	[[-0.034949882197633, 0.023068934447067223, 0.09983424318037112], [0.06123088190719718, -0.07960214762770702, -0.015236365107890065], [0.045691159022827034, 0.07672072343862388, 0.03775370763106547]]	0.28580797014347065	[[0.0, 0.0, -0.7500983280560002], [0.7071067811865475, -0.7071067811865476, 0.0], [-0.5303996143250893, -0.5303996143250892, 0.0]]
3	[[0.22433838825039393, -0.7661379269479729, -0.6022499185961573], [-0.9416906372873723, -0.011392912655017143, -0.3362869982418849], [0.2507808429735371, 0.642575192824231, -0.724020780340167]]	0.4122615993790469	0.5877384006209532	[[0.09248610274222499, -0.3158492471085187, -0.24828451466635257], [-0.3882228882483661, -0.004696860392743183, -0.13863821574557816], [0.10338731141789602, 0.2649090767150169, -0.29848596488670287]]	0.6325357025697247	0.5768933548454336	[[0.2540391907905731, -0.3839905390382907, -0.24776027872004575], [-0.6883805691946463, -0.048014797581989316, -0.04069383265581323], [0.22730134217498266, 0.2273013421749826, -0.4586926414007162]]	[[0.11213715076525055, 0.10061905284905771, 0.1331842966617341], [-0.0927276203347464, -0.04080837357143258, 0.17201970004218126], [0.0686735054736886, -0.17915040887196865, -0.0007236484331682932]]	0.7334579131619655	[[1.4977472981903457e-16, -0.7500983280560002, 0.0], [-1.0, -1.7938038903913487e-16, 0.0], [0.0, 0.0, -0.7500983280560002]]
3	[[-0.3195682178843842, -0.5708200961323295, -0.7563336379995778], [0.910087742671785, 0.03735879733279218, -0.41272826520656647], [0.2638493031197415, -0.8202248094963509, 0.507557688474819]]	0.39782587204094866	0.6021741279590512	[[-0.127132504956427, -0.22708700252234212, -0.30088908909108525], [0.36205644986218133, 0.014862296127319152, -0.16419398202175023], [0.10496607910100775, -0.32630665010750676, 0.20191958002858298]]	0.6040641751701742	0.6153214941351433	[[-0.25928125880868375, -0.25928125880868375, -0.3532203109523684], [0.6107993425110722, -0.09605266735295032, -0.05641559141867826], [0.20858619201108142, -0.32200452585707035, 0.32436183187696804]]	[[-0.0662415468617507, 0.08553071173205147, 0.10365374423930374], [0.061047940901554576, -0.1186197784491331, 0.19289876767274322], [0.0492042803528295, 0.17346389714545607, 0.017764415437146356]]	0.9409887256000862	[[-1.4977472981903457e-16, -0.7500983280560002, 0.0], [1.0, -1.7938038903913487e-16, 0.0], [0.0, 0.0, 0.7500983280560002]]
3	[[0.5319609947059123, -0.8460851799387872, 0.03402011756955908], [-0.703274286200726, -0.4190807785627857, 0.5742617690636116], [-0.47161719485230363, -0.3294103357928521, -0.8179645788128509]]	0.45097724941266987	0.5490227505873303	[[0.23990230618730016, -0.381565167217618, 0.015342299046215396], [-0.3171607031734621, -0.18899589679796522, 0.25897899305516137], [-0.2126886253102111, -0.14855656716396437, -0.3688834158700125]]	0.6544755623468026	0.5610499691476057	[[0.3890331515369831, -0.5228712151297871, 0.0912927464746438], [-0.40587886058413575, -0.23330549687125413, 0.30122792060241177], [-0.26558409492147383, -0.038154245113388774, -0.43571322377618266]]	[[0.04087768038026664, 0.030870858803946532, 0.06902741089720228], [0.05439697336113065, 0.04097263134736104, -0.07461237363976522], [0.04307783389190924, 0.1774367696474872, 0.09962460392212354]]	0.7078472397231245	[[0.583754803351408, -0.5837548033514078, 0.0], [-0.7071067811865475, -0.7071067811865476, 0.0], [0.0, 0.0, -0.8255539600000001]]
