3	[[-0.42203838922340475, -0.825029846081567, 0.3757783270710803], [0.2588054115689476, 0.28760896992378115, 0.9221175843470338], [-0.8688517462515349, 0.4864224845687207, 0.09214016247897017]]	0.4498376174776667	0.5501623825223334	[[-0.18984874349236858, -0.37112946030929833, 0.16903922734939816], [0.11642040973050236, 0.12937733379571953, 0.41480317717693105], [-0.39084219947510074, 0.21881113154596044, 0.04144811116354505]]	0.6482588203407362	0.6029801908866039	[[-0.11913355529032037, -0.3803763217205874, 0.34644399801098], [0.13382172336001544, 0.09509826856639542, 0.6470244983585017], [-0.5064506011503086, 0.18417519032442461, -0.03148275183253789]]	[[0.15445655304614847, 0.15445655304614847, 0.10284238299426621], [-0.03395116744146924, -0.09134678299580921, 0.04925364091424418], [0.05679020692570014, -0.13115247570930422, -0.09121342486715886]]	0.6672238846607593	[[0.0, -0.6469553448325822, 0.6469553448325823], [0.0, 0.7071067811865476, 0.7071067811865475], [-0.9149330229120003, 0.0, 0.0]]
3	[[0.034229894132735264, 0.2773841392786001, 0.9601491309293217], [-0.1827544195208179, -0.9427759796974285, 0.2788803941677556], [0.9825625356654255, -0.18501754344446375, 0.018422055382213542]]	0.8569873156346952	0.14301268436530487	[[0.0293345850872726, 0.2377146889200079, 0.822835626324105], [-0.15661821940552267, -0.8079470560857691, 0.23899696038097065], [0.8420436298831326, -0.1585576879017966, 0.015787467790476874]]	0.9155724566450508	0.12979153042710226	[[0.009049059064913613, 0.2349051538044467, 0.8550115847451959], [-0.16510867880680632, -0.8265509781168874, 0.25363430220375216], [0.8879706505885571, -0.1590831730336586, 0.0]]	[[-0.022290889196894825, -0.019060124029234196, -0.024074513805373884], [0.0022162340366091576, 0.036628741680631995, -0.0017009053945599216], [-0.011636543998027054, 0.010313793740221476, -0.01686672650274443]]	0.35082596129834576	[[0.0, 0.0, 0.9708000000000001], [0.0, -1.0, 0.0], [0.9708000000000001, 0.0, 0.0]]
3	[[0.5319609947059123, -0.8460851799387872, 0.03402011756955908], [-0.703274286200726, -0.4190807785627857, 0.5742617690636116], [-0.47161719485230363, -0.3294103357928521, -0.8179645788128509]]	0.5080831868925298	0.4919168131074702	[[0.2702804374927002, -0.4298816546058385, 0.017285049753200124], [-0.357321840592434, -0.21292789753758282, 0.29177274973638173], [-0.23962076735387366, -0.1673678532049707, -0.4155940499684392]]	0.7107681133380506	0.5023112897283625	[[0.46764361678444155, -0.5997501920743609, 0.11043737927183755], [-0.4084952022024664, -0.2239088342960593, 0.298611578984081], [-0.30372047906390287, -0.05844678430511824, -0.4860075922984089]]	[[0.08954270420788757, 0.0016201749940159497, 0.08625696449138337], [0.09136973535958785, 0.07396042001925326, -0.10955537517543357], [0.03148998473905278, 0.17568757858042097, 0.09537554816175428]]	0.6634172181058042	[[0.6664146526911642, -0.6664146526911641, 0.0], [-0.7071067811865475, -0.7071067811865476, 0.0], [0.0, 0.0, -0.9424526400000002]]
3	[[-0.30792515101507295, 0.09349718223056193, 0.9468053539599837], [0.3027085282091916, -0.9338174967034747, 0.1906631317268273], [0.9019698710720718, 0.34531602882779927, 0.2592434992682147]]	0.6987108483323369	0.3012891516676634	[[-0.21515064348860455, 0.06532749551299903, 0.6615431720709786], [0.2115057325424774, -0.6524684153092638, 0.1332183985145516], [0.6302161337869758, 0.24127605544502528, 0.18113624529833783]]	0.8427595617921948	0.26924221409750027	[[-0.2499054894529178, 0.07649887254694525, 0.7367900157058618], [0.2444808209347462, -0.849754277446471, 0.11824444014252863], [0.6739903653468252, 0.2597975106712153, 0.17340661690597256]]	[[0.009601375881340454, -0.002296771778488119, -0.06113924949995797], [-0.010629685649592345, -0.06277065313076623, -0.042438737201499876], [-0.0861533679476365, -0.031220874463521738, -0.04507332093478325]]	0.4710932122306476	[[0.0, 0.0, 0.9708000000000001], [0.0, -1.0, 0.0], [0.9708000000000001, 0.0, 0.0]]
3	[[0.8787972042104137, -0.3840163418041313, 0.28327887866788265], [-0.395223040501579, -0.9183905790867732, -0.018907472103605397], [0.2674214316928388, -0.09534250611366366, -0.9588511794847616]]	0.6675228945391624	0.33247710546083775	[[0.5866172534674586, -0.256339700031434, 0.18909513705019315], [-0.2638204279841826, -0.6130467376695005, -0.01262117050701713], [0.1785099281454106, -0.06364330565361054, -0.6400551147619581]]	0.834367011244655	0.3037898579281977	[[0.606290981719525, -0.2627098732994074, 0.24113224921183124], [-0.34216606962302887, -0.8495744600511353, -0.020993309048816303], [0.2163765924353477, -0.07955064187063278, -0.7069136762276393]]	[[-0.12694841504767668, 0.05770069408081148, 0.004773697868972777], [-0.012405002544701164, -0.08329965742325629, -0.005217538059539379], [-0.006751028268972843, 0.0, 0.09312011662747335]]	0.480290106068537	[[0.6664146526911642, -0.6664146526911641, 0.0], [-0.7071067811865475, -0.7071067811865476, 0.0], [0.0, 0.0, -0.9424526400000002]]
3	[[0.04673222253661188, -0.9725397674033924, -0.22799671093185395], [-0.8377629715199755, -0.16246744520517667, 0.5213036857710898], [-0.5440306084466285, 0.16664552219444034, -0.8223502702654952]]	0.5487258444268139	0.4512741555731861	[[0.02564317827334409, -0.5336577051070838, -0.12510768773261777], [-0.45970219397681544, -0.08915008606207765, 0.28605280517755177], [-0.29852365501390954, 0.09144270488609163, -0.45124484646605245]]	0.7469086546606634	0.38513163575958304	[[-0.02163247847462712, -0.8038605778772492, -0.11397969380301856], [-0.6545665214986172, -0.12736605291154132, 0.23432041342504834], [-0.2794339934833021, 0.009839930743648714, -0.6123493231746946]]	[[-0.056537179938750515, -0.07746220860198678, 0.056313022826148716], [-0.028834107516112657, -0.006017711987187875, -0.1550458211838816], [0.12690717636579146, -0.11462905204382443, 0.001871210849139154]]	0.6316449058778502	[[1.8268784395814153e-16, -0.9149330229120003, 0.0], [-1.0, -1.7938038903913487e-16, 0.0], [0.0, 0.0, -0.9149330229120003]]
3	[[-0.5446221603179724, 0.8109226453022452, -0.2139887049042392], [-0.8354447797583356, -0.5021691245819775, 0.22328947644507607], [0.07361197229480154, 0.30038414347728, 0.9509735242804028]]	0.6037674571735804	0.3962325428264196	[[-0.3288251368555642, 0.48960870351860997, -0.12919941622390022], [-0.5044143702836323, -0.3031933754199434, 0.1348149194068637], [0.04444451332996438, 0.18136217048254127, 0.5741668665941768]]	0.7792396648501985	0.32676708381463015	[[-0.47440698354390604, 0.582593686126493, -0.111429717053876], [-0.6740166458985319, -0.39282959512973487, 0.04160217360181171], [0.13987694737831566, 0.13437040678029588, 0.7410362903416732]]	[[-0.050015793867738176, -0.049309404218265185, 0.05531876963743143], [-0.023004935718798865, -0.0015194947923572802, -0.1323938431878256], [0.08251557875835243, -0.09970083250925371, 0.0]]	0.39750505552245435	[[-0.6664146526911642, 0.6664146526911641, 0.0], [-0.7071067811865475, -0.7071067811865476, 0.0], [0.0, 0.0, 0.9424526400000002]]
3	[[-0.8305561570912853, 0.32773595720904825, 0.4502950280316503], [-0.5100865793185324, -0.772219296347621, -0.37879947194723407], [0.22358030216652452, -0.5443036842615101, 0.808545204538665]]	0.5159869654893546	0.4840130345106453	[[-0.42855615116603196, 0.1691074820420458, 0.23234636508899517], [-0.2631980261994145, -0.3984550914147336, -0.19545559005902322], [0.11536452165809799, -0.28085360634677237, 0.4171987865508753]]	0.7447434498858984	0.4595600423880592	[[-0.51978919894691, 0.14263367614975497, 0.2494161601116059], [-0.5536701253211821, -0.5961988055086801, -0.2887496655842293], [0.22867045280752285, -0.3351597349641714, 0.4694403275204027]]	[[0.09876205880922792, -0.10144553127376872, -0.08593811253115266], [-0.17378648649900136, -0.021093542678291975, -0.006641240031289667], [0.06216048724549381, 0.07020686863835032, -0.13271841749642194]]	0.6803646095000714	[[-0.6664146526911642, 0.6664146526911641, 0.0], [-0.7071067811865475, -0.7071067811865476, 0.0], [0.0, 0.0, 0.9424526400000002]]
3	[[0.08740825448676931, -0.06334395238859675, -0.994156597696443], [0.7119981850616444, -0.6940087028176986, 0.10681996481098455], [-0.6967197295301035, -0.717174639895393, -0.015561310176609944]]	0.7930082117075615	0.2069917882924386	[[0.0693154635790324, -0.05023227440617003, -0.7883743456965301], [0.564620407474764, -0.5503546003309476, 0.08470910926942349], [-0.5525044667760431, -0.5687253786654601, -0.012340246754980128]]	0.8943389521145685	0.16603001356848776	[[0.050269202851777404, -0.030556083837323503, -0.852281591919999], [0.6350712724193659, -0.638218198249044, 0.06856096485208174], [-0.6242605072149733, -0.613220286027776, 0.027402341276891617]]	[[-0.027903403872083413, 0.026094880164689215, 0.036831377901622504], [-0.0016964383161396654, -0.017539182212672304, -0.02697229054188926], [-0.001156914389474995, 0.028176929899412787, 0.041319427113770735]]	0.1568983476029287	[[0.0, 0.0, -0.9149330229120003], [0.7071067811865475, -0.7071067811865476, 0.0], [-0.6469553448325823, -0.6469553448325822, 0.0]]
3	[[-0.3195682178843842, -0.5708200961323295, -0.7563336379995778], [0.910087742671785, 0.03735879733279218, -0.41272826520656647], [0.2638493031197415, -0.8202248094963509, 0.507557688474819]]	0.4600102431985701	0.5399897568014299	[[-0.1470046536275292, -0.262583091244464, -0.34792122075544496], [0.4186496838384855, 0.01718542944666385, -0.18985922965259658], [0.1213733820958855, -0.3773118140939172, 0.23348173571260555]]	0.6632757166076468	0.5584715407128592	[[-0.26565204351245514, -0.27034564671224415, -0.46191986491144843], [0.6003216143954649, -0.05424428183828669, -0.06340776978160498], [0.26747682383676186, -0.4256625268901744, 0.32236846352483867]]	[[-0.05369020479016155, 0.10826546160397262, 0.03973787082719005], [-0.003317485300999061, -0.0790234649107943, 0.21034486608751132], [0.09247198823358707, 0.11837267140788846, -0.014282226018017704]]	0.91254165536984	[[0.0, 0.0, -0.9149330229120003], [0.7071067811865475, 0.7071067811865476, 0.0], [0.6469553448325823, -0.6469553448325822, 0.0]]
3	[[0.22433838825039393, -0.7661379269479729, -0.6022499185961573], [-0.9416906372873723, -0.011392912655017143, -0.3362869982418849], [0.2507808429735371, 0.642575192824231, -0.724020780340167]]	0.4975700683313298	0.5024299316686702	[[0.11162406717108887, -0.38120730066272623, -0.29966153314842786], [-0.46855707474205127, -0.005668772328249752, -0.16732634469415245], [0.12478104117453133, 0.3197261826015701, -0.3602510691471597]]	0.6999742462773061	0.5235464059028384	[[0.28545337399124737, -0.4016677511176069, -0.35546447521980884], [-0.6779324915682383, -0.0021945062397744977, -0.03888301189439486], [0.3114202035685623, 0.3120822648795738, -0.4843310584374789]]	[[0.1284222797646123, 0.13460906684225837, 0.06609495762010542], [-0.018773297506613773, 0.005780239208824292, 0.1965092262328263], [0.13588007202737326, -0.1377038213940619, 0.02246484157023656]]	0.7381626415167422	[[-1.8268784395814153e-16, -0.9149330229120003, 0.0], [-1.0, 1.7938038903913487e-16, 0.0], [0.0, 0.0, -0.9149330229120003]]
3	[[0.3802729664721569, 0.7767473726770865, -0.5020517802076895], [0.4287143634067757, 0.332951791095048, 0.839849450446521], [0.8195098935212374, -0.5346088512602871, -0.20639019011321075]]	0.5419628257432118	0.4580371742567885	[[0.2060938114630038, 0.42096820098468946, -0.2720934014707692], [0.23234724782863833, 0.18044749353813572, 0.4551671813628799], [0.4441438976172885, -0.2897381236963576, -0.1118558106394344]]	0.7021550223797638	0.4493106140549108	[[0.2078190583870769, 0.46615962671074623, -0.301384431771129], [0.3351767377255028, 0.21680935730102893, 0.4903099550218063], [0.5829033891321919, -0.2919193310785957, -0.05747546400308222]]	[[-0.059191514896599566, -0.07923744213475621, 0.051133747196401416], [0.03415279429309207, -0.016974415026696863, -0.09939455465210302], [0.007480401506349576, 0.08345895884249105, 0.08744244455482296]]	0.6864355998491776	[[0.0, 0.6469553448325822, -0.6469553448325823], [0.0, 0.7071067811865476, 0.7071067811865475], [0.9149330229120003, 0.0, 0.0]]
3	[[0.8489524140446696, -0.5135124485683378, 0.12483895166604869], [0.522794976890395, 0.7815435453534784, -0.34040431673891397], [0.0772347773085365, 0.35425224329800037, 0.9319550081910795]]	0.7472689253559069	0.2527310746440931	[[0.6343957581214633, -0.3837318955985422, 0.09328826925404621], [0.39066844056235167, 0.5840232052551393, -0.254373567956], [0.05771514903945286, 0.26472169315421606, 0.6964210174510035]]	0.8722808356826381	0.19841388238514399	[[0.7363198650765896, -0.4398040323365645, 0.051867729797995116], [0.4707508095218628, 0.6263956724222586, -0.26978760754902315], [0.03716923525937627, 0.261536085857643, 0.7944759481170165]]	[[-0.004205056101087736, 0.008123035434062943, -0.057026895287010305], [0.014726770189223614, -0.055329784441045284, 0.027140554325974245], [-0.030201180835076415, -0.047471356968786044, -0.018450545246518315]]	0.4363194589667028	[[0.6864592631759004, -0.6864592631759003, 0.0], [0.7071067811865475, 0.7071067811865476, 0.0], [0.0, 0.0, 0.9708000000000001]]
3	[[0.8592155572171323, 0.2624339665249735, -0.4391776855101157], [-0.4266000482917053, 0.8413623931712975, -0.33184593135155627], [0.2824199444684594, 0.4724804086637203, 0.8348660002631537]]	0.5833929712108751	0.4166070287891251	[[0.5012603168355103, 0.15310213147765966, -0.2562131748392617], [-0.24887546969160068, 0.49084490641729583, -0.19359658387542447], [0.16476181053266487, 0.2756417494492563, 0.48705495645646046]]	0.7939760423661175	0.3676915844298739	[[0.5621298939740808, 0.20959427897710772, -0.28734390210833627], [-0.32416514219992854, 0.7528708281434199, -0.27245745615425854], [0.24631326858499641, 0.3483370358989369, 0.5456913958993654]]	[[-0.12006667368457631, 0.0012279968531671293, 0.061352658528496765], [0.014545075815914195, 0.08484924501758777, -0.008979736904451554], [0.022078598790670374, -0.02680108906740967, -0.11717220689560329]]	0.6469241404990178	[[0.9149330229120003, 0.0, 0.0], [0.0, 0.7071067811865476, -0.7071067811865475], [0.0, 0.6469553448325822, 0.6469553448325823]]
