3	[[-0.5446221603179724, 0.8109226453022452, -0.2139887049042392], [-0.8354447797583356, -0.5021691245819775, 0.22328947644507607], [0.07361197229480154, 0.30038414347728, 0.9509735242804028]]	0.5541035913509386	0.44589640864906144	[[-0.30177709496149513, 0.4493351500697773, -0.11857190989597521], [-0.4629229528394878, -0.27825371539643057, 0.12372550080908745], [0.04078865821497533, 0.16644393268563648, 0.5269378450834302]]	0.7507058698330932	0.35868043482927814	[[-0.47399494667419956, 0.552950061598712, -0.09278017038780885], [-0.6778732199596246, -0.4502817796027418, 0.04334380383502955], [0.11147704708570985, 0.09092520221139812, 0.7139014067331619]]	[[-0.06514389408231774, -0.05581432821026276, 0.0678624064617852], [-0.05069991987362617, -0.07330047013010542, -0.12428091680424724], [0.05621610739401132, -0.13457493750178198, 0.0]]	0.42371328548226284	[[-0.6176416230475671, 0.6176416230475671, 0.0], [-0.7071067811865475, -0.7071067811865476, 0.0], [0.0, 0.0, 0.8734771600000002]]
3	[[0.034229894132735264, 0.2773841392786001, 0.9601491309293217], [-0.1827544195208179, -0.9427759796974285, 0.2788803941677556], [0.9825625356654255, -0.18501754344446375, 0.018422055382213542]]	0.7930385010132927	0.20696149898670738	[[0.027145623932868082, 0.21997630201836343, 0.761435227541405], [-0.1449312909103438, -0.7476576497305873, 0.2211628897527931], [0.779209920435929, -0.1467260353143593, 0.01460939918589449]]	0.8855140133517616	0.17575166622932012	[[0.00917072606143852, 0.21893610547222317, 0.8054392903967988], [-0.16724210041992194, -0.824672139759347, 0.25603679763491727], [0.8358822001130832, -0.14923905906852605, 0.0]]	[[-0.021140324868645807, -0.026691436940494022, -0.04478621994863087], [-0.005410500932270985, 0.010169201714162003, 0.009084300550306769], [-0.034190694213091226, 0.014596568367464969, -0.01631298819569234]]	0.36710379448611347	[[0.0, 0.0, 0.9346000000000001], [0.0, -1.0, 0.0], [0.9346000000000001, 0.0, 0.0]]
3	[[-0.42203838922340475, -0.825029846081567, 0.3757783270710803], [0.2588054115689476, 0.28760896992378115, 0.9221175843470338], [-0.8688517462515349, 0.4864224845687207, 0.09214016247897017]]	0.4177452292221455	0.5822547707778546	[[-0.17630452364667631, -0.3446522821664556, 0.1569796033790228], [0.10811472597980172, 0.12014727506715508, 0.38521022164282276], [-0.36295867189790887, 0.20320067231496575, 0.03849111329534314]]	0.6131431046935688	0.6296667901356247	[[-0.09861583987994157, -0.3457072729029397, 0.30272159017799216], [0.1493899687221104, 0.08650296666193116, 0.6284264143581726], [-0.459590034410624, 0.1735893737585187, -0.02931387953973011]]	[[0.1601540883883696, 0.1601540883883696, 0.07231570004107468], [-0.009294784838770956, -0.08984249009485526, 0.06303637579909863], [0.07314042280447089, -0.1246572186227062, -0.08580898482905575]]	0.6916008532533526	[[0.0, -0.5772478609002561, 0.5772478609002563], [0.0, 0.7071067811865476, 0.7071067811865475], [-0.8163517537360002, 0.0, 0.0]]
3	[[-0.30792515101507295, 0.09349718223056193, 0.9468053539599837], [0.3027085282091916, -0.9338174967034747, 0.1906631317268273], [0.9019698710720718, 0.34531602882779927, 0.2592434992682147]]	0.6311992720221495	0.3688007279778505	[[-0.19436213115802453, 0.05901535336005294, 0.5976228501662155], [0.19106940264053804, -0.5894249241207795, 0.12034642994743666], [0.5693227260066038, 0.21796322601368648, 0.1636343080145718]]	0.8120961477972733	0.2966676989645056	[[-0.21162677836120924, 0.06988549727380068, 0.7173018165221451], [0.2518845649186618, -0.845518525331193, 0.12106670636216757], [0.657141613770376, 0.24407259545623283, 0.14174128108740858]]	[[0.03843805058802517, -0.006043204245538355, -0.05159516414259145], [0.006056135254595061, -0.08716893351260827, -0.03377008844015299], [-0.07534464395645675, -0.03635722132747517, -0.06878936600979386]]	0.47883381374501216	[[0.0, 0.0, 0.9346000000000001], [0.0, -1.0, 0.0], [0.9346000000000001, 0.0, 0.0]]
3	[[0.8592155572171323, 0.2624339665249735, -0.4391776855101157], [-0.4266000482917053, 0.8413623931712975, -0.33184593135155627], [0.2824199444684594, 0.4724804086637203, 0.8348660002631537]]	0.5250595386592324	0.4749404613407676	[[0.45113932408126284, 0.13779345739211504, -0.23059443294337084], [-0.22399042454804904, 0.44176535000374906, -0.1742388716213914], [0.14828728575077532, 0.2480803453984986, 0.43835435694045]]	0.7580723048963537	0.4295121875517558	[[0.4876946884726452, 0.1968651563018638, -0.29050250317519005], [-0.3541348037194676, 0.7489678381590994, -0.2519104459886724], [0.24198096710582623, 0.3227888848131042, 0.4840569083680657]]	[[-0.1636528293897511, -0.0020787655848153626, 0.04242593713850932], [-0.03074112184207889, 0.11115430951462195, -0.00034723593852102174], [0.027886228853920954, -0.035385427600973476, -0.1488318847310229]]	0.6813196023488527	[[0.8163517537360002, 0.0, 0.0], [0.0, 0.7071067811865476, -0.7071067811865475], [0.0, 0.5772478609002561, 0.5772478609002563]]
3	[[0.8787972042104137, -0.3840163418041313, 0.28327887866788265], [-0.395223040501579, -0.9183905790867732, -0.018907472103605397], [0.2674214316928388, -0.09534250611366366, -0.9588511794847616]]	0.6036876804560422	0.3963123195439579	[[0.5305190458010394, -0.2318259346409507, 0.17101196918520267], [-0.23859128058318263, -0.5544210784415757, -0.011414207977512851], [0.16143902380288377, -0.057557096364623625, -0.578846644445696]]	0.807406759558922	0.3456583884868614	[[0.5694050833024553, -0.24375242045407053, 0.23248912749702447], [-0.34546700082593096, -0.8479046726045837, -0.021723601345659066], [0.20846262246651498, -0.07698018390945989, -0.6625109105370364]]	[[-0.14014171965851507, 0.06630496969967452, 0.0037678460203043242], [-0.026361246391526476, -0.10638991113469025, -0.006457580563036318], [-0.007455249133207575, 0.0, 0.11167201319000525]]	0.5002994622048477	[[0.6176416230475671, -0.6176416230475671, 0.0], [-0.7071067811865475, -0.7071067811865476, 0.0], [0.0, 0.0, -0.8734771600000002]]
3	[[0.08740825448676931, -0.06334395238859675, -0.994156597696443], [0.7119981850616444, -0.6940087028176986, 0.10681996481098455], [-0.6967197295301035, -0.717174639895393, -0.015561310176609944]]	0.6760185809065413	0.32398141909345896	[[0.05908960415766363, -0.04282168880275069, -0.6720683323736244], [0.4813240026734059, -0.46916277841561016, 0.07221228102400845], [-0.47099548284652987, -0.4848233823242434, -0.010519734822638377]]	0.8441293369040689	0.2501521974102834	[[0.03924495305929975, -0.030513693666262647, -0.7644676149220365], [0.6357355054647791, -0.6391204693826465, 0.07137127572176839], [-0.5621366742193417, -0.5467341672339936, 0.0277503724355786]]	[[-0.03453891884055893, 0.022956794860406433, 0.07472913467026719], [0.034716949631792754, -0.053287363267489445, -0.018798590342243956], [0.025984889076886997, 0.058653985985319054, 0.04088613087631889]]	0.23000061049145631	[[0.0, 0.0, -0.8163517537360002], [0.7071067811865475, -0.7071067811865476, 0.0], [-0.5772478609002563, -0.5772478609002561, 0.0]]
3	[[0.8489524140446696, -0.5135124485683378, 0.12483895166604869], [0.522794976890395, 0.7815435453534784, -0.34040431673891397], [0.0772347773085365, 0.35425224329800037, 0.9319550081910795]]	0.7050192342863865	0.2949807657136135	[[0.5985277808953525, -0.36203615328617694, 0.08801386211271288], [0.36858051429603544, 0.5510032319065772, -0.23999159073504966], [0.05445200355834399, 0.2497546453141909, 0.6570462062642378]]	0.8400751071323519	0.2406746127144366	[[0.6800670532358932, -0.4170644204718722, 0.0524192350356022], [0.47582194489743157, 0.6236601406805565, -0.2658495665211694], [0.031055814762157595, 0.2383901801329567, 0.7447332901497937]]	[[-0.03311673694295139, 0.014324604772970467, -0.052454860659544154], [0.03663489867797753, -0.03289513691086485, 0.02011562633158875], [-0.03382719905965457, -0.05920831110748696, -0.038178913198859216]]	0.44905937087835995	[[0.6608619976969474, -0.6608619976969473, 0.0], [0.7071067811865475, 0.7071067811865476, 0.0], [0.0, 0.0, 0.9346000000000001]]
3	[[0.22433838825039393, -0.7661379269479729, -0.6022499185961573], [-0.9416906372873723, -0.011392912655017143, -0.3362869982418849], [0.2507808429735371, 0.642575192824231, -0.724020780340167]]	0.44677222401806654	0.5532277759819335	[[0.100228160651257, -0.3422891455271368, -0.26906853554590465], [-0.4207212203578698, -0.0050900369249256335, -0.15024369011288655], [0.11204191495641269, 0.2870847479969196, -0.32347237426787245]]	0.6625094526786767	0.5532256817649752	[[0.2819848220098852, -0.3930988877089763, -0.28405842712580165], [-0.6784654108847986, -0.050263972595717285, -0.040130600386172166], [0.2567856293071302, 0.2567856293071302, -0.47714013936510374]]	[[0.1333585191953003, 0.11447473094970109, 0.11493783681911611], [-0.054586462182907136, -0.04271606026822591, 0.1826627147620141], [0.09064095028643507, -0.16892650999574618, 0.0025304715460486363]]	0.7313286786607024	[[1.630037806776397e-16, -0.8163517537360002, 0.0], [-1.0, -1.7938038903913487e-16, 0.0], [0.0, 0.0, -0.8163517537360002]]
3	[[0.5319609947059123, -0.8460851799387872, 0.03402011756955908], [-0.703274286200726, -0.4190807785627857, 0.5742617690636116], [-0.47161719485230363, -0.3294103357928521, -0.8179645788128509]]	0.4750067012354622	0.5249932987645378	[[0.2526850372811906, -0.4018961302869357, 0.01615978382235886], [-0.3340599987519311, -0.19906617817629804, 0.2727781885685469], [-0.22402132797271496, -0.1564721169578286, -0.38853865630934653]]	0.6786095421186586	0.5363374802451064	[[0.416156094490307, -0.555975940453817, 0.09957076505602008], [-0.40457648957491343, -0.22823794289391688, 0.30253029161163403], [-0.2865021560070511, -0.04438351677826903, -0.4553830425576043]]	[[0.05516228744794175, 0.018185536097826353, 0.07648438864931867], [0.07267215176758768, 0.05615427235730611, -0.08716922454887432], [0.03354177264695698, 0.17915748036327195, 0.09969552573986598]]	0.6890026642920641	[[0.6176416230475671, -0.6176416230475671, 0.0], [-0.7071067811865475, -0.7071067811865476, 0.0], [0.0, 0.0, -0.8734771600000002]]
3	[[-0.3195682178843842, -0.5708200961323295, -0.7563336379995778], [0.910087742671785, 0.03735879733279218, -0.41272826520656647], [0.2638493031197415, -0.8202248094963509, 0.507557688474819]]	0.42303800622934534	0.5769619937706547	[[-0.13518950174807493, -0.24147859538346392, -0.3199578742635289], [0.3850017041536374, 0.015804191138790676, -0.17459974242748239], [0.11161828313677763, -0.346986268069181, 0.21471619257876262]]	0.6297147980025017	0.5837699767062057	[[-0.25324207669309434, -0.25324207669309434, -0.41229562174275197], [0.6091083987052842, -0.0644298551804802, -0.057406123366898106], [0.2331134056428911, -0.3715381813896943, 0.311274789937149]]	[[-0.05200524092000983, 0.1062117848386442, 0.06397886233264939], [0.03601267966416814, -0.08795524269651579, 0.2024949727875779], [0.06696359502574221, 0.14496951883894077, -0.008341797335388337]]	0.933393313903009	[[0.0, 0.0, -0.8163517537360002], [0.7071067811865475, 0.7071067811865476, 0.0], [0.5772478609002563, -0.5772478609002561, 0.0]]
3	[[-0.8305561570912853, 0.32773595720904825, 0.4502950280316503], [-0.5100865793185324, -0.772219296347621, -0.37879947194723407], [0.22358030216652452, -0.5443036842615101, 0.808545204538665]]	0.47398937138270236	0.5260106286172975	[[-0.39367479079773127, 0.155343360337025, 0.2134350572734783], [-0.24177561708194412, -0.3660237388454017, -0.1795469235883691], [0.10597468687746556, -0.2579941611444021, 0.38324183323378036]]	0.7041923382535328	0.5075985118248004	[[-0.4619555996592917, 0.11832187696492155, 0.24754525679452338], [-0.5458966264297052, -0.5976982211137134, -0.2757978792970877], [0.2111599815316063, -0.3157724228912724, 0.4177067365343084]]	[[0.12291568265368885, -0.11246727307187787, -0.06954905189902451], [-0.18669756542764185, -0.05390730917418416, -0.009050193417361468], [0.05371644576153002, 0.06752206124885306, -0.15166460163345505]]	0.6833265561426876	[[-0.6176416230475671, 0.6176416230475671, 0.0], [-0.7071067811865475, -0.7071067811865476, 0.0], [0.0, 0.0, 0.8734771600000002]]
3	[[0.3802729664721569, 0.7767473726770865, -0.5020517802076895], [0.4287143634067757, 0.332951791095048, 0.839849450446521], [0.8195098935212374, -0.5346088512602871, -0.20639019011321075]]	0.5154715715210442	0.48452842847895616	[[0.196019903634372, 0.4003911888686999, -0.2587934201285956], [0.2209900666389347, 0.17162718299651086, 0.43291851606275344], [0.4224340526904357, -0.2755756647082003, -0.10638827564418381]]	0.6649906276501377	0.5060795138016657	[[0.1262304029250088, 0.4072699102275058, -0.26763215986473027], [0.30566665647319713, 0.17531356413429833, 0.45837684028623255], [0.5909806852791273, -0.304075907141422, -0.07706477210108943]]	[[-0.12664755572769062, -0.10925981265462552, 0.06622756856845007], [0.02057562286869621, -0.04609625640323514, -0.10011517289782285], [0.04601428682094222, 0.051433968405475344, 0.060182769963125826]]	0.7139327621496621	[[0.0, 0.5772478609002561, -0.5772478609002563], [0.0, 0.7071067811865476, 0.7071067811865475], [0.8163517537360002, 0.0, 0.0]]
3	[[0.04673222253661188, -0.9725397674033924, -0.22799671093185395], [-0.8377629715199755, -0.16246744520517667, 0.5213036857710898], [-0.5440306084466285, 0.16664552219444034, -0.8223502702654952]]	0.5186426745075735	0.4813573254924263	[[0.02423732488207149, -0.5044006260310689, -0.11824882393662683], [-0.4344996281525323, -0.0842625503016255, 0.27037033781897374], [-0.28215748977874194, 0.08642947932563574, -0.42650594355252247]]	0.715400651112567	0.44469081195999705	[[-0.0007960388338447782, -0.7374397810468485, -0.10062405438888272], [-0.6706614575997362, -0.12234931331705273, 0.2326105899367461], [-0.26854793092746676, 0.0, -0.5478774480955744]]	[[-0.0342283012644744, -0.041684198213597014, 0.062484941063289307], [-0.07132528229634694, -0.006119997232673924, -0.1403304062912725], [0.12065192058041735, -0.11921831508289635, 0.040432470694956396]]	0.6667609529618398	[[-1.630037806776397e-16, -0.8163517537360002, 0.0], [-1.0, 1.7938038903913487e-16, 0.0], [0.0, 0.0, -0.8163517537360002]]
