3	[[-0.42203838922340475, -0.825029846081567, 0.3757783270710803], [0.2588054115689476, 0.28760896992378115, 0.9221175843470338], [-0.8688517462515349, 0.4864224845687207, 0.09214016247897017]]	0.42408599637362526	0.575914003626375	[[-0.17898057080172744, -0.3498836043134799, 0.15936232625155317], [0.10975575083210325, 0.12197093657611865, 0.3910571545314523], [-0.3684678585100464, 0.20628496402686028, 0.039075352610921786]]	0.620191384974712	0.6241286101144947	[[-0.10251074507695182, -0.35244257483879254, 0.31106630156746884], [0.14625022708612165, 0.08820641543557295, 0.6321458217274771], [-0.46866650955995204, 0.17573681978778566, -0.029762559734762904]]	[[0.15923382804800812, 0.15923382804800812, 0.07801182045777531], [-0.014258659553774339, -0.09016618995260717, 0.060256439981754395], [0.07018785828548442, -0.1259382145997297, -0.08690709471439037]]	0.6862775049598208	[[0.0, -0.5906919611421572, 0.5906919611421573], [0.0, 0.7071067811865476, 0.7071067811865475], [-0.835364582632, 0.0, 0.0]]
3	[[0.3802729664721569, 0.7767473726770865, -0.5020517802076895], [0.4287143634067757, 0.332951791095048, 0.839849450446521], [0.8195098935212374, -0.5346088512602871, -0.20639019011321075]]	0.5208916286173088	0.4791083713826916	[[0.19808100482481705, 0.4046012039779832, -0.26151456944260243], [0.22331372296658814, 0.17343180071454944, 0.43747054803644003], [0.4268758431042745, -0.27847327520619947, -0.1075069222587063]]	0.6726879749378001	0.498159644841887	[[0.13076055022713717, 0.40685967671653245, -0.281661334276601], [0.30945777880465286, 0.18989720131693266, 0.45453452525469773], [0.6011929994691065, -0.31730078212907653, -0.070299331288983]]	[[-0.12504450151260796, -0.11564894044787348, 0.05606286106522701], [0.021066781857800795, -0.03407546478670859, -0.11042210081879676], [0.04991854875481316, 0.04232416340902961, 0.06853686774530027]]	0.7081072578822739	[[0.0, 0.5906919611421572, -0.5906919611421573], [0.0, 0.7071067811865476, 0.7071067811865475], [0.835364582632, 0.0, 0.0]]
3	[[-0.30792515101507295, 0.09349718223056193, 0.9468053539599837], [0.3027085282091916, -0.9338174967034747, 0.1906631317268273], [0.9019698710720718, 0.34531602882779927, 0.2592434992682147]]	0.6448548856142363	0.3551451143857639	[[-0.19856703803557138, 0.060292114752542425, 0.6105520582268119], [0.19520307333279208, -0.6021767750212913, 0.12295005200055527], [0.5816396780376683, 0.22267872827051283, 0.16717443706683896]]	0.8182184217185312	0.2913383063912887	[[-0.21974498500012957, 0.07088799818827712, 0.7205403238729601], [0.2501581850164264, -0.8466719794204592, 0.12000840175852175], [0.659808958690393, 0.2468692539325273, 0.14885698681185247]]	[[0.032205046070863795, -0.005613118691543163, -0.05415325851883321], [0.002476490824362165, -0.0826053010945924, -0.035995684962915275], [-0.07819940565586485, -0.03567468216906547, -0.0632608200001754]]	0.47714636285643486	[[0.0, 0.0, 0.9418], [0.0, -1.0, 0.0], [0.9418, 0.0, 0.0]]
3	[[-0.5446221603179724, 0.8109226453022452, -0.2139887049042392], [-0.8354447797583356, -0.5021691245819775, 0.22328947644507607], [0.07361197229480154, 0.30038414347728, 0.9509735242804028]]	0.5636854451315536	0.43631455486844656	[[-0.3069955848673446, 0.45710529228445307, -0.12062231837707074], [-0.47092806256090997, -0.28306542652131444, 0.12586502792313425], [0.04149399737000682, 0.16932216962645108, 0.5360499343423212]]	0.7566796484438753	0.351597605049378	[[-0.47668610949840456, 0.5604846846017907, -0.09798954614525532], [-0.6765812273388359, -0.4424585805438, 0.04591076150024327], [0.1183013921317235, 0.0950248195715842, 0.7195823120319282]]	[[-0.06458160469425737, -0.05312397756068951, 0.06393135185264458], [-0.04441716509702784, -0.06247742389574074, -0.12304784103743385], [0.06260071081443282, -0.1322697485129186, 0.0]]	0.41814172109174214	[[-0.6271946922299397, 0.6271946922299396, 0.0], [-0.7071067811865475, -0.7071067811865476, 0.0], [0.0, 0.0, 0.88698724]]
3	[[0.04673222253661188, -0.9725397674033924, -0.22799671093185395], [-0.8377629715199755, -0.16246744520517667, 0.5213036857710898], [-0.5440306084466285, 0.16664552219444034, -0.8223502702654952]]	0.5244140113927169	0.475585988607283	[[0.02450703228172177, -0.5100134806629529, -0.11956466976411928], [-0.43933464049107285, -0.08520020466077313, 0.2733789570090256], [-0.28529727369591706, 0.08739124677462051, -0.4312520039998132]]	0.7219336376643617	0.4328909660540594	[[-0.003638207197729594, -0.7506287091680238, -0.10277952824746842], [-0.6671482578723441, -0.12421877866629918, 0.23348120484529966], [-0.2713394747997128, 0.0018604264469792083, -0.5597248150071521]]	[[-0.037375770609726154, -0.04851953711324053, 0.06181896665107486], [-0.06233898834242316, -0.006928064947290757, -0.14286546135126246], [0.12141452135691772, -0.11844658159133022, 0.033957507039887785]]	0.6595531164367837	[[1.6680013804104564e-16, -0.835364582632, 0.0], [-1.0, -1.7938038903913487e-16, 0.0], [0.0, 0.0, -0.835364582632]]
3	[[0.08740825448676931, -0.06334395238859675, -0.994156597696443], [0.7119981850616444, -0.6940087028176986, 0.10681996481098455], [-0.6967197295301035, -0.717174639895393, -0.015561310176609944]]	0.6974135901116271	0.3025864098883731	[[0.06095970456700852, -0.044176933247191234, -0.6933383219326366], [0.4965572103968042, -0.4840111010008043, 0.07449769515442642], [-0.48590180787319137, -0.5001673403464594, -0.01085266919711015]]	0.8543197921154821	0.2331968076874415	[[0.040289436490425296, -0.031209093597053164, -0.7821479163043039], [0.6356433404436734, -0.6388995951389805, 0.07146344074287403], [-0.5751302572268635, -0.559482867545104, 0.028488933752564467]]	[[-0.03438516531188862, 0.022906898639345814, 0.06717974156995635], [0.02736919899520878, -0.045994224421428934, -0.01979496938822939], [0.020091197268049574, 0.053213621720823855, 0.04178326902769042]]	0.21480417095212373	[[0.0, 0.0, -0.835364582632], [0.7071067811865475, -0.7071067811865476, 0.0], [-0.5906919611421573, -0.5906919611421572, 0.0]]
3	[[0.8787972042104137, -0.3840163418041313, 0.28327887866788265], [-0.395223040501579, -0.9183905790867732, -0.018907472103605397], [0.2674214316928388, -0.09534250611366366, -0.9588511794847616]]	0.6157804037023867	0.3842195962976133	[[0.5411460971812174, -0.23646973798446164, 0.17443758226646822], [-0.24337060343254707, -0.565526921546522, -0.011642850804949742], [0.16467287716648646, -0.05871004690466908, -0.5904417663936361]]	0.8128762750117536	0.3380066934814204	[[0.5758776934422943, -0.24745548689558336, 0.23502373457150114], [-0.3453013344540535, -0.8482484844544766, -0.021059232486620512], [0.21065870256401217, -0.07750166121996026, -0.6706399050218191]]	[[-0.13847570440701007, 0.06470228657379928, 0.004753054890446159], [-0.024033901492310453, -0.10171057152053317, -0.005689796993153112], [-0.006721834688772723, 0.0, 0.10878747004838023]]	0.49593429957958257	[[0.6271946922299397, -0.6271946922299396, 0.0], [-0.7071067811865475, -0.7071067811865476, 0.0], [0.0, 0.0, -0.88698724]]
3	[[0.034229894132735264, 0.2773841392786001, 0.9601491309293217], [-0.1827544195208179, -0.9427759796974285, 0.2788803941677556], [0.9825625356654255, -0.18501754344446375, 0.018422055382213542]]	0.8052133087605968	0.19478669123940315	[[0.027562366313144702, 0.22335340058623182, 0.7731248586192108], [-0.14715629083298, -0.7591357660321797, 0.22455820493627798], [0.7911724304073594, -0.14897858833567412, 0.014833684168483127]]	0.8916744104679692	0.1658550938525285	[[0.009149450686681474, 0.2220620519933275, 0.815229579200086], [-0.16680019681540886, -0.8250652765599809, 0.2555295850434719], [0.8461621410615442, -0.15117406819113774, 0.0]]	[[-0.02137246998450624, -0.025274286871083254, -0.04091083108265002], [-0.0038427575287676343, 0.015583939340085826, 0.006859073982863486], [-0.02996372867583713, 0.013801340785936396, -0.016426475372543534]]	0.3637888539809149	[[0.0, 0.0, 0.9418], [0.0, -1.0, 0.0], [0.9418, 0.0, 0.0]]
3	[[0.8592155572171323, 0.2624339665249735, -0.4391776855101157], [-0.4266000482917053, 0.8413623931712975, -0.33184593135155627], [0.2824199444684594, 0.4724804086637203, 0.8348660002631537]]	0.5362068634495255	0.4637931365504745	[[0.46071727896243486, 0.14071889405297386, -0.23549008924440132], [-0.22874587384191145, 0.45114428986676786, -0.17793806599850456], [0.15143551259902183, 0.2533472379709235, 0.44766087940175636]]	0.7651770824546718	0.4182939648630643	[[0.4984624152132007, 0.20255691310814278, -0.2927170903771153], [-0.35604820710109464, 0.7487704352745763, -0.2504736153281123], [0.24393736912270916, 0.3270014517500631, 0.4956955207988608]]	[[-0.1589896380578697, 0.0017484562655565583, 0.04333160970071043], [-0.029623626774225593, 0.10497921398068238, 0.003447286247924856], [0.027836099987322914, -0.03452972886823338, -0.1431248095231003]]	0.6742585171080173	[[0.835364582632, 0.0, 0.0], [0.0, 0.7071067811865476, -0.7071067811865475], [0.0, 0.5906919611421572, 0.5906919611421573]]
3	[[0.5319609947059123, -0.8460851799387872, 0.03402011756955908], [-0.703274286200726, -0.4190807785627857, 0.5742617690636116], [-0.47161719485230363, -0.3294103357928521, -0.8179645788128509]]	0.48162839498666193	0.5183716050133382	[[0.2562075200757167, -0.4074986472359192, 0.016385054622284276], [-0.3387168656982459, -0.20184120274895515, 0.2765807741363084], [-0.2271442326048268, -0.15865337131992874, -0.3939549672495743]]	0.6851555553555692	0.5303819149856667	[[0.4247365485797745, -0.5644873591126798, 0.10213741483177577], [-0.40383395010663214, -0.2252424684913583, 0.3032728310799153], [-0.29174065894706364, -0.047051583669398024, -0.45951343642886194]]	[[0.06026051782454418, 0.015212602226396612, 0.07882834228514275], [0.07801833402251772, 0.06189305508367142, -0.09018581022233504], [0.031390482107202154, 0.1786457378906181, 0.1009195388288411]]	0.6838498979957256	[[0.6271946922299397, -0.6271946922299396, 0.0], [-0.7071067811865475, -0.7071067811865476, 0.0], [0.0, 0.0, -0.88698724]]
3	[[0.8489524140446696, -0.5135124485683378, 0.12483895166604869], [0.522794976890395, 0.7815435453534784, -0.34040431673891397], [0.0772347773085365, 0.35425224329800037, 0.9319550081910795]]	0.7150964477916587	0.28490355220834135	[[0.6070828556274968, -0.3672109278680152, 0.08927189088242599], [0.37384883089764376, 0.5588790130767715, -0.24342191771294402], [0.05523031489931425, 0.2533245208046264, 0.6664377158590871]]	0.8465570498804044	0.23078942425285665	[[0.6903882781529179, -0.4196175522734023, 0.05300759831153331], [0.47457567717653193, 0.6248203688176733, -0.26661525201222847], [0.03125712230431152, 0.24447141472774253, 0.7536355275467445]]	[[-0.028298372969585133, 0.01510003126347261, -0.052675696321039266], [0.03199990384790488, -0.03680082928983928, 0.021556422132821208], [-0.03412652292217315, -0.05542331927212784, -0.03531755480876394]]	0.44642548772166424	[[0.6659531665214905, -0.6659531665214904, 0.0], [0.7071067811865475, 0.7071067811865476, 0.0], [0.0, 0.0, 0.9418]]
3	[[-0.8305561570912853, 0.32773595720904825, 0.4502950280316503], [-0.5100865793185324, -0.772219296347621, -0.37879947194723407], [0.22358030216652452, -0.5443036842615101, 0.808545204538665]]	0.482132901041711	0.5178670989582889	[[-0.4004384494964764, 0.15801228782488047, 0.21710204818955814], [-0.245929522269287, -0.37231232958846716, -0.18263168832298818], [0.1077954196993288, -0.26242671434069337, 0.3898262450875901]]	0.712213085550037	0.49885874149788817	[[-0.4723694355845048, 0.12375939419928536, 0.24751938769319703], [-0.5468262923097077, -0.598684191170994, -0.2778316610576598], [0.21511018847225594, -0.3192354687741203, 0.4274971272392499]]	[[0.11916352778006076, -0.10965844313026576, -0.07318662362906503], [-0.183535955755592, -0.04869950339797641, -0.008045720337395507], [0.055873371598025905, 0.06842473767002295, -0.14835934769191841]]	0.6822960729554777	[[-0.6271946922299397, 0.6271946922299396, 0.0], [-0.7071067811865475, -0.7071067811865476, 0.0], [0.0, 0.0, 0.88698724]]
3	[[0.22433838825039393, -0.7661379269479729, -0.6022499185961573], [-0.9416906372873723, -0.011392912655017143, -0.3362869982418849], [0.2507808429735371, 0.642575192824231, -0.724020780340167]]	0.4566234746134248	0.5433765253865753	[[0.10243817433207039, -0.34983656223610954, -0.27500145041502955], [-0.42999805080909026, -0.0052022713625012144, -0.15355653760452814], [0.11451241988506018, 0.2934149172477918, -0.3306048844112503]]	0.6705245721147259	0.5464385182701228	[[0.2900807053314, -0.39585530690519194, -0.29547503917529405], [-0.6756449197703034, -0.05107569283819252, -0.04109496514017888], [0.2661951921266762, 0.26429879438939546, -0.48168139083360917]]	[[0.13965630354089736, 0.11785899874246068, 0.10834832979752286], [-0.04421820813874448, -0.043436464955046744, 0.1843937304637066], [0.098040474697275, -0.16656366183060956, 0.0037923331061513466]]	0.7317082469592683	[[1.6680013804104564e-16, -0.835364582632, 0.0], [-1.0, -1.7938038903913487e-16, 0.0], [0.0, 0.0, -0.835364582632]]
3	[[-0.3195682178843842, -0.5708200961323295, -0.7563336379995778], [0.910087742671785, 0.03735879733279218, -0.41272826520656647], [0.2638493031197415, -0.8202248094963509, 0.507557688474819]]	0.4302112195178735	0.5697887804821264	[[-0.13748183273519446, -0.24557320968239926, -0.3253832167661882], [0.3915299576430972, 0.01607217376026164, -0.17756033030401328], [0.113510930464085, -0.3528699155722406, 0.21835701213442482]]	0.636779733321196	0.5642642946922357	[[-0.2574418643092282, -0.2574418643092282, -0.421893935744425], [0.6091465062916108, 0.03962589243230935, -0.05738380045965728], [0.32546996532892936, -0.3801566070584892, 0.31614138150790505]]	[[-0.0539472997468802, 0.1060448042802961, 0.059723996562795964], [0.029621076214182265, 0.015836567429533356, 0.2054331941926999], [0.15745607645135695, 0.14214592839602586, -0.007061068004212883]]	0.9290162819715422	[[0.0, 0.0, -0.835364582632], [0.7071067811865475, 0.7071067811865476, 0.0], [0.5906919611421573, -0.5906919611421572, 0.0]]
