3	[[0.5319609947059123, -0.8460851799387872, 0.03402011756955908], [-0.703274286200726, -0.4190807785627857, 0.5742617690636116], [-0.47161719485230363, -0.3294103357928521, -0.8179645788128509]]	0.4561649660624683	0.5438350339375317	[[0.24266196909657933, -0.3859544173927343, 0.015518785776559102], [-0.32080909089736076, -0.19116996913052597, 0.2619581003958754], [-0.21513524168427756, -0.15026545464757265, -0.37312678433446544]]	0.6597657720971689	0.5544780077746684	[[0.39359031068455136, -0.5311150026036473, 0.09275338183985166], [-0.40616539130137413, -0.23467068837672708, 0.3009413898851733], [-0.2710447052095325, -0.03827771036818268, -0.44178762428418455]]	[[0.04262065428682714, 0.02710303939863877, 0.07030807270473503], [0.0578309111299332, 0.0418244650628319, -0.07793686956696652], [0.040112177486498646, 0.1790559541629761, 0.0978774076044116]]	0.7037586424096461	[[0.59097272309959, -0.5909727230995899, 0.0], [-0.7071067811865475, -0.7071067811865476, 0.0], [0.0, 0.0, -0.8357616399999999]]
3	[[0.22433838825039393, -0.7661379269479729, -0.6022499185961573], [-0.9416906372873723, -0.011392912655017143, -0.3362869982418849], [0.2507808429735371, 0.642575192824231, -0.724020780340167]]	0.41955423649970164	0.5804457635002984	[[0.09412212119996763, -0.32143641299412096, -0.25267650477861825], [-0.39509029634602094, -0.004779944770483506, -0.14109063479215053], [0.10521616510251393, 0.2695951444190188, -0.303765985705537]]	0.6390594000040404	0.571503214654804	[[0.25990802475715835, -0.3861012152521253, -0.255323992361981], [-0.6862083101379092, -0.048457188784709074, -0.040579499534399904], [0.2334700017427882, 0.23347000174278815, -0.4627537438980644]]	[[0.11654246896398818, 0.10350642866358548, 0.12954947926856136], [-0.08441205648361894, -0.04117644085909547, 0.17432786779121884], [0.07320614669961209, -0.17717371544094543, -6.145842342018815e-05]]	0.7325678931542882	[[1.5256116563622152e-16, -0.7640532912879997, 0.0], [-1.0, -1.7938038903913487e-16, 0.0], [0.0, 0.0, -0.7640532912879997]]
3	[[0.8592155572171323, 0.2624339665249735, -0.4391776855101157], [-0.4266000482917053, 0.8413623931712975, -0.33184593135155627], [0.2824199444684594, 0.4724804086637203, 0.8348660002631537]]	0.49456677575181934	0.5054332242481807	[[0.42493946780867997, 0.12979112067201704, -0.21720269190488442], [-0.21098221041919907, 0.4161098860295631, -0.16411997231489875], [0.13967552134377387, 0.2336731123187181, 0.4128969859349655]]	0.7377465868622067	0.46130921887325926	[[0.4566240948137843, 0.18322845132086885, -0.2844948130596583], [-0.3515032908435015, 0.7495987151329346, -0.25301888711821663], [0.23668133992868767, 0.3087518487576511, 0.4524440743312915]]	[[-0.17725924990206407, -0.01038131175964099, 0.03950702545147326], [-0.03678056126104337, 0.1288864812565919, -0.008200683899495777], [0.028326989835267727, -0.03981896009326918, -0.16347546785015243]]	0.6895633925863296	[[0.6464370193607417, 0.6464370193607416, 0.0], [-0.7071067811865475, 0.7071067811865476, 0.0], [0.0, 0.0, 0.9141999999999999]]
3	[[-0.30792515101507295, 0.09349718223056193, 0.9468053539599837], [0.3027085282091916, -0.9338174967034747, 0.1906631317268273], [0.9019698710720718, 0.34531602882779927, 0.2592434992682147]]	0.5920160304839501	0.40798396951605004	[[-0.18229662559011436, 0.0553518306855718, 0.5605239472923409], [0.17920830126404444, -0.5528349275948504, 0.11287563040455477], [0.5339806226882081, 0.204432624649115, 0.1534763073655373]]	0.7949407063636883	0.307374524806185	[[-0.17597388186871826, 0.07055068187896864, 0.72100406284202], [0.26106571276951906, -0.8377730540780756, 0.13058478025755774], [0.6625930476502916, 0.24079039621575882, 0.10542319998974964]]	[[0.06880835518634922, -0.00377403420640874, -0.03165005402385123], [0.020430381532591753, -0.0954435136338444, -0.020981104354879307], [-0.05441951877850615, -0.0337153716593157, -0.10066001043871926]]	0.48399596056828836	[[0.0, 0.0, 0.9141999999999999], [0.0, -1.0, 0.0], [0.9141999999999999, 0.0, 0.0]]
3	[[0.3802729664721569, 0.7767473726770865, -0.5020517802076895], [0.4287143634067757, 0.332951791095048, 0.839849450446521], [0.8195098935212374, -0.5346088512602871, -0.20639019011321075]]	0.4879607697893509	0.5120392302106495	[[0.18555828944983374, 0.3790222459033669, -0.24498157314425817], [0.20919579078772182, 0.16246741228548284, 0.4098135843470476], [0.3998886784926119, -0.2608681465971703, -0.10071031604461281]]	0.6431658545054204	0.526249446748754	[[0.12043078111281232, 0.4076002126697187, -0.23254945063303747], [0.30095937467698897, 0.13917724580306468, 0.4701402294099811], [0.5545229560984906, -0.2642828573056578, -0.0939295066356581]]	[[-0.12414780631356354, -0.09197717501297992, 0.09035311159020853], [0.02522493479772264, -0.07496597742569203, -0.07002226004236328], [0.027442175156257766, 0.07955930134132592, 0.03881361635004124]]	0.7311724842663481	[[0.0, 0.540267263457645, -0.5402672634576451], [0.0, 0.7071067811865476, 0.7071067811865475], [0.7640532912879997, 0.0, 0.0]]
3	[[0.08740825448676931, -0.06334395238859675, -0.994156597696443], [0.7119981850616444, -0.6940087028176986, 0.10681996481098455], [-0.6967197295301035, -0.717174639895393, -0.015561310176609944]]	0.6160868684897153	0.38391313151028483	[[0.05385107778690581, -0.03902537726485219, -0.6124868250631913], [0.43865273220498924, -0.42756964842356515, 0.06581037761258104], [-0.4292398763812029, -0.4418418780533919, -0.009587118856304769]]	0.815299449587275	0.297071052912958	[[0.03638378933096944, -0.028590471370543998, -0.7158269409607113], [0.6360152799115913, -0.6397627242875276, 0.07109150127495611], [-0.5263826002927728, -0.5116767920871009, 0.02572722416119125]]	[[-0.034880112441478046, 0.023053818146561482, 0.09470838594475679], [0.05552355152369402, -0.0739378108714794, -0.01599875724037167], [0.041652611709715674, 0.07303529707756506, 0.0384143517830382]]	0.2737414669603855	[[0.0, 0.0, -0.7640532912879997], [0.7071067811865475, -0.7071067811865476, 0.0], [-0.5402672634576451, -0.540267263457645, 0.0]]
3	[[-0.3195682178843842, -0.5708200961323295, -0.7563336379995778], [0.910087742671785, 0.03735879733279218, -0.41272826520656647], [0.2638493031197415, -0.8202248094963509, 0.507557688474819]]	0.40316770650847916	0.5968322934915207	[[-0.1288395854774491, -0.23013622898662095, -0.3049292981875041], [0.3669179879344625, 0.015061860638576903, -0.16639870809455476], [0.10637551840264668, -0.33068815526599804, 0.20463086918313794]]	0.6096061453661975	0.6106161303953914	[[-0.2628874364578693, -0.2628874364578692, -0.35922168876324995], [0.6103615789425555, -0.09681454840527709, -0.056672027380002515], [0.21228769703025427, -0.3279265822646226, 0.32847852897255936]]	[[-0.06807668697182465, 0.08508800204292245, 0.10184394490846559], [0.05556649818738483, -0.11958870084283743, 0.19492965945625013], [0.05144354039787126, 0.17208750218617136, 0.01906824295044772]]	0.9430975962503761	[[-1.5256116563622152e-16, -0.7640532912879997, 0.0], [1.0, -1.7938038903913487e-16, 0.0], [0.0, 0.0, 0.7640532912879997]]
3	[[0.034229894132735264, 0.2773841392786001, 0.9601491309293217], [-0.1827544195208179, -0.9427759796974285, 0.2788803941677556], [0.9825625356654255, -0.18501754344446375, 0.018422055382213542]]	0.7517531529161581	0.248246847083842	[[0.025732430838270037, 0.20852440127162236, 0.7217951364458267], [-0.13738621108413712, -0.7087348152311619, 0.20964921560211122], [0.7386444841237786, -0.1390875216291779, 0.013848838216775109]]	0.8675632132047011	0.20380994720091822	[[0.009222842053240966, 0.21021282702832603, 0.7778855701046334], [-0.1685437152941171, -0.823502849925013, 0.2575580981371159], [0.8069700071443038, -0.1438170109352448, 0.0]]	[[-0.02047375488821159, -0.030435448136236658, -0.05510449508011005], [-0.009992703867276366, -0.00558509164650197, 0.015611727273144273], [-0.04546510347215139, 0.016697403554674556, -0.015982297561228143]]	0.3767061077504852	[[0.0, 0.0, 0.9141999999999999], [0.0, -1.0, 0.0], [0.9141999999999999, 0.0, 0.0]]
3	[[-0.8305561570912853, 0.32773595720904825, 0.4502950280316503], [-0.5100865793185324, -0.772219296347621, -0.37879947194723407], [0.22358030216652452, -0.5443036842615101, 0.808545204538665]]	0.4513098115554287	0.5486901884445713	[[-0.3748381427430689, 0.1479104530879536, 0.2032225642453106], [-0.2302070779892001, -0.3485101451141106, -0.17095591830180212], [0.10090398403827995, -0.24564959317298768, 0.3649043838943905]]	0.6814828012415326	0.5322539083334856	[[-0.4333899483626893, 0.10363415483453342, 0.24687502085261243], [-0.5433670342485837, -0.5947636399946488, -0.2700908248971005], [0.20033519685020618, -0.3059923271313809, 0.39083794282519785]]	[[0.13261978816028203, -0.1197122633518638, -0.059993296235531075], [-0.19575180329887912, -0.0685094707469068, -0.01194549964568611], [0.04796906622733471, 0.06494127234523968, -0.16017170809421932]]	0.6873247869490571	[[-0.59097272309959, 0.5909727230995899, 0.0], [-0.7071067811865475, -0.7071067811865476, 0.0], [0.0, 0.0, 0.8357616399999999]]
3	[[-0.5446221603179724, 0.8109226453022452, -0.2139887049042392], [-0.8354447797583356, -0.5021691245819775, 0.22328947644507607], [0.07361197229480154, 0.30038414347728, 0.9509735242804028]]	0.5233800166383974	0.4766199833616026	[[-0.2850443553288603, 0.4244207075907423, -0.1119974119332098], [-0.4372551027303799, -0.26282528477900485, 0.11686524989700295], [0.038527035284438474, 0.15721505801104957, 0.49772053896055257]]	0.7330711613296632	0.3802391932016446	[[-0.46318231964878287, 0.5323244569044134, -0.07933308252850998], [-0.6809627115953433, -0.4686944070330899, 0.03762674892429241], [0.09494951199608144, 0.08048947436879314, 0.6954320141982966]]	[[-0.06393552009861685, -0.062139548435826295, 0.07753586588707125], [-0.06852223667109533, -0.10056870369187923, -0.12606032688599203], [0.040986697978164253, -0.13971347853511273, -0.0016992516397011186]]	0.44031049957958823	[[-0.59097272309959, 0.5909727230995899, 0.0], [-0.7071067811865475, -0.7071067811865476, 0.0], [0.0, 0.0, 0.8357616399999999]]
3	[[0.04673222253661188, -0.9725397674033924, -0.22799671093185395], [-0.8377629715199755, -0.16246744520517667, 0.5213036857710898], [-0.5440306084466285, 0.16664552219444034, -0.8223502702654952]]	0.49901650045743107	0.5009834995425689	[[0.023320150148817907, -0.4853133912853248, -0.11377412080501824], [-0.4180575462607166, -0.08107393594454668, 0.2601391409490495], [-0.27148025036876355, 0.08315886530237075, -0.41036635401811006]]	0.6924218721246505	0.47708088458723585	[[1.0243976016820552e-16, -0.6905321550788852, -0.10256468853165318], [-0.6714668162176389, -0.1342376110424906, 0.23230804209731376], [-0.25101686036623827, 0.0, -0.5130364309217614]]	[[-0.03235841301734657, -0.01712434861775602, 0.05530522089004389], [-0.09138141108106736, -0.02174159847421297, -0.12865403194978475], [0.125681832027489, -0.11538900445906437, 0.05637688275768493]]	0.6876233510970527	[[-1.5256116563622152e-16, -0.7640532912879997, 0.0], [-1.0, 1.7938038903913487e-16, 0.0], [0.0, 0.0, -0.7640532912879997]]
3	[[0.8489524140446696, -0.5135124485683378, 0.12483895166604869], [0.522794976890395, 0.7815435453534784, -0.34040431673891397], [0.0772347773085365, 0.35425224329800037, 0.9319550081910795]]	0.6623978579834994	0.33760214201650063	[[0.56234426059311, -0.34014954597952884, 0.08269305417649626], [0.3462982728567307, 0.517692770362974, -0.2254830902561933], [0.05116015105100716, 0.2346559271464449, 0.6173250011627657]]	0.8205312776884854	0.27032461350156256	[[0.6514364009423909, -0.4033210119194608, 0.05038925467260601], [0.47651268401714075, 0.6258401158151808, -0.2642558521350628], [0.02646147947105765, 0.22583332876745804, 0.7193646396703367]]	[[-0.04515560805040606, 0.018032013613260088, -0.05204500984322802], [0.04754305366014275, -0.015440808022897594, 0.015056536809394205], [-0.03691207103590146, -0.06484171704986236, -0.045333593948872555]]	0.45678128280001506	[[0.6464370193607417, -0.6464370193607416, 0.0], [0.7071067811865475, 0.7071067811865476, 0.0], [0.0, 0.0, 0.9141999999999999]]
3	[[0.8787972042104137, -0.3840163418041313, 0.28327887866788265], [-0.395223040501579, -0.9183905790867732, -0.018907472103605397], [0.2674214316928388, -0.09534250611366366, -0.9588511794847616]]	0.5708853563718388	0.42911464362816115	[[0.5016924551042378, -0.2192293061434613, 0.16171976360092907], [-0.22562704632310557, -0.5242957330304919, -0.010793998949957355], [0.15266697933343362, -0.054429640580083094, -0.5473940973077162]]	0.7916206019687433	0.3667701607684737	[[0.5517499430005183, -0.23343996267428874, 0.22475452094838239], [-0.34552546162492553, -0.8468979680598193, -0.024095540311937485], [0.2018332000438964, -0.07547509208290702, -0.6401024556824655]]	[[-0.14392402880497832, 0.0705552849905324, 0.0005051244922825182], [-0.032658760391148484, -0.11988106500072493, -0.00912799586357416], [-0.00986311469213183, 0.0, 0.11894389221970111]]	0.5133261984109003	[[0.9141999999999999, 0.0, 0.0], [0.0, -1.0, 0.0], [0.0, 0.0, -0.9141999999999999]]
3	[[-0.42203838922340475, -0.825029846081567, 0.3757783270710803], [0.2588054115689476, 0.28760896992378115, 0.9221175843470338], [-0.8688517462515349, 0.4864224845687207, 0.09214016247897017]]	0.39990218068771854	0.6000978193122815	[[-0.16877407218437174, -0.3299312345804715, 0.15027457245090775], [0.10349684846020463, 0.11501545425786858, 0.3687568328308701], [-0.34745570802032116, 0.19452141231456954, 0.03684705190426088]]	0.593008774063565	0.6458801335482212	[[-0.0880693251338476, -0.32704679492339644, 0.2799949192125401], [0.15839827545375867, 0.0817004523084668, 0.6178388577528888], [-0.43451187490973686, 0.16740421488680207, -0.028002138001582702]]	[[0.16220314266728536, 0.16220314266728536, 0.05715507415646142], [0.0049243956182407345, -0.08885419035571938, 0.07101503951679837], [0.08072483397787344, -0.12104858636424838, -0.08264206279525446]]	0.7076782968044698	[[0.0, -0.540267263457645, 0.5402672634576451], [0.0, 0.7071067811865476, 0.7071067811865475], [-0.7640532912879997, 0.0, 0.0]]
