3	[[0.034229894132735264, 0.2773841392786001, 0.9601491309293217], [-0.1827544195208179, -0.9427759796974285, 0.2788803941677556], [0.9825625356654255, -0.18501754344446375, 0.018422055382213542]]	0.8097006521706452	0.1902993478293549	[[0.02771596760300789, 0.22459811847567562, 0.7774333774945499], [-0.14797637267307392, -0.7633663256118268, 0.22580963703523835], [0.7955815259267378, -0.14980882558999298, 0.01491635025730205]]	0.8938766640735778	0.16229241027969568	[[0.009141405124165291, 0.22319695599300482, 0.8187733917563942], [-0.1666428105073777, -0.8252048082029554, 0.25535011216665365], [0.8498840853127874, -0.15187559165590334, 0.0]]	[[-0.02145589845479584, -0.024750253092270958, -0.039481510411852924], [-0.0032828996414058457, 0.01752063949768119, 0.006065435752455824], [-0.02840563631149908, 0.013507272873322207, -0.01646704541043174]]	0.36260126541971593	[[0.0, 0.0, 0.9443999999999999], [0.0, -1.0, 0.0], [0.9443999999999999, 0.0, 0.0]]
3	[[0.8592155572171323, 0.2624339665249735, -0.4391776855101157], [-0.4266000482917053, 0.8413623931712975, -0.33184593135155627], [0.2824199444684594, 0.4724804086637203, 0.8348660002631537]]	0.5402847212262201	0.45971527877378	[[0.46422103780428964, 0.1417890624442365, -0.2372809933846094], [-0.230485488166376, 0.45457524604477983, -0.179291286510331], [0.15258718096586615, 0.25527394587972874, 0.4510653442134274]]	0.7677279908651761	0.41424041201254447	[[0.502358041347227, 0.20462479657872437, -0.2935109203281411], [-0.3567719514437369, 0.7486896235242682, -0.24994496780906367], [0.24463093992158813, 0.3285359079865136, 0.4999123588799501]]	[[-0.1572857921151848, 0.0031468947237275717, 0.043658081801358176], [-0.02925915346575895, 0.10275216382535166, 0.004822442344249725], [0.027809243374563235, -0.03420052688004171, -0.14103763814372652]]	0.6717319094905716	[[0.8423022003839997, 0.0, 0.0], [0.0, 0.7071067811865476, -0.7071067811865475], [0.0, 0.5955975976998763, 0.5955975976998764]]
3	[[-0.5446221603179724, 0.8109226453022452, -0.2139887049042392], [-0.8354447797583356, -0.5021691245819775, 0.22328947644507607], [0.07361197229480154, 0.30038414347728, 0.9509735242804028]]	0.5671804190140134	0.4328195809859867	[[-0.30889902509346473, 0.4599394457504795, -0.12137020331185246], [-0.4738479202464028, -0.28482049449630625, 0.12664541881153793], [0.0417512692906135, 0.17037200436260916, 0.5393735619725918]]	0.7588209623053436	0.34911665311584894	[[-0.477634628146529, 0.5632248506422716, -0.09990917444150399], [-0.6761176173205514, -0.439633436704709, 0.04683467126198915], [0.12081911696605657, 0.09653579428824799, 0.7216186448213593]]	[[-0.06436391636123007, -0.05212025142117287, 0.06246994053640498], [-0.04216460559135511, -0.058576978349380866, -0.12260206412671981], [0.06496080931212099, -0.13140199052644802, 0.0]]	0.416169978365011	[[-0.6306624287376922, 0.6306624287376921, 0.0], [-0.7071067811865475, -0.7071067811865476, 0.0], [0.0, 0.0, 0.8918913599999998]]
3	[[-0.42203838922340475, -0.825029846081567, 0.3757783270710803], [0.2588054115689476, 0.28760896992378115, 0.9221175843470338], [-0.8688517462515349, 0.4864224845687207, 0.09214016247897017]]	0.4263810497173541	0.573618950282646	[[-0.17994917141809658, -0.35177709182040556, 0.16022475755759835], [0.1103497230572997, 0.1226310145042287, 0.39317346357671895], [-0.37046191961548564, 0.20740132957653462, 0.03928681919891086]]	0.6227289566103583	0.6221547460326907	[[-0.10393967106532552, -0.35489412051749725, 0.31412190153030195], [0.14512162968109465, 0.08882244730276256, 0.6334865714657832], [-0.4719734766731298, 0.17650742571287187, -0.029922601769186586]]	[[0.1588758547052816, 0.1588758547052816, 0.08011385599654221], [-0.016043994230350453, -0.09027998644965358, 0.0592572502932907], [0.06908566471917646, -0.12640194057442572, -0.08730094901162455]]	0.6844066056952578	[[0.0, -0.5955975976998763, 0.5955975976998764], [0.0, 0.7071067811865476, 0.7071067811865475], [-0.8423022003839997, 0.0, 0.0]]
3	[[0.8787972042104137, -0.3840163418041313, 0.28327887866788265], [-0.395223040501579, -0.9183905790867732, -0.018907472103605397], [0.2674214316928388, -0.09534250611366366, -0.9588511794847616]]	0.6202165777763075	0.37978342222369266	[[0.5450445945547695, -0.23817330132393508, 0.175694256683704], [-0.2451238816382363, -0.5696010620231997, -0.011726727642499143], [0.16585920518857303, -0.05913300285843314, -0.5946953971368149]]	0.814832726251148	0.3349639035897598	[[0.5785786573297272, -0.24880264553233805, 0.23558044768303568], [-0.34501338689448224, -0.848370620160312, -0.021052318368714185], [0.2111783756205793, -0.0776881941842133, -0.673858655858608]]	[[-0.13749406439893108, 0.06410643718491495, 0.004755546688716712], [-0.022972719325312748, -0.10003592083966592, -0.005645891328015872], [-0.0067253586236816374, 0.0, 0.10744466479008902]]	0.49440153360273614	[[0.6306624287376922, -0.6306624287376921, 0.0], [-0.7071067811865475, -0.7071067811865476, 0.0], [0.0, 0.0, -0.8918913599999998]]
3	[[0.22433838825039393, -0.7661379269479729, -0.6022499185961573], [-0.9416906372873723, -0.011392912655017143, -0.3362869982418849], [0.2507808429735371, 0.642575192824231, -0.724020780340167]]	0.46021233943284257	0.5397876605671574	[[0.10324329448130709, -0.35258612768895486, -0.27716284396037655], [-0.43337765120802596, -0.005243158985919478, -0.15476342618174607], [0.11541243842979186, 0.29572103275114925, -0.33320329711834046]]	0.6733916010109079	0.5440451953029786	[[0.29303869671813376, -0.396856911316362, -0.2997136565822028], [-0.6746273229264079, -0.05138758813557795, -0.04151144717263438], [0.2696947291884284, 0.26697359660427317, -0.4832723305025151]]	[[0.14197111028599432, 0.11905393390631142, 0.10583638030995259], [-0.04050075702648213, -0.043715696442638535, 0.1849413929726208], [0.10082101583561315, -0.16573114126152874, 0.0042771819359168906]]	0.7319579326021828	[[1.6818539619391534e-16, -0.8423022003839997, 0.0], [-1.0, -1.7938038903913487e-16, 0.0], [0.0, 0.0, -0.8423022003839997]]
3	[[0.8489524140446696, -0.5135124485683378, 0.12483895166604869], [0.522794976890395, 0.7815435453534784, -0.34040431673891397], [0.0772347773085365, 0.35425224329800037, 0.9319550081910795]]	0.7185875255764927	0.2814124744235072	[[0.6100466145405493, -0.36900363976944794, 0.08970771337326931], [0.3756739488274887, 0.5616074423858356, -0.2446102956609729], [0.055499947514592696, 0.2545612429414318, 0.6696912432846479]]	0.8488913503288036	0.22726202341421886	[[0.6941405653985565, -0.42053347929165563, 0.05323476218252152], [0.47413326899363095, 0.6252126112381822, -0.2668951880648165], [0.03133697821201519, 0.24670418814940268, 0.7568565976010706]]	[[-0.02652779572472062, 0.015382796584170948, -0.05273994407090281], [0.03033713511602794, -0.03823294431769271, 0.022071092029433925], [-0.0342269561897728, -0.05401747702084475, -0.03427194774794602]]	0.44548633047593056	[[0.6677916441525754, -0.6677916441525753, 0.0], [0.7071067811865475, 0.7071067811865476, 0.0], [0.0, 0.0, 0.9443999999999999]]
3	[[0.08740825448676931, -0.06334395238859675, -0.994156597696443], [0.7119981850616444, -0.6940087028176986, 0.10681996481098455], [-0.6967197295301035, -0.717174639895393, -0.015561310176609944]]	0.7053432279283316	0.2946567720716687	[[0.06165282036727893, -0.04467922784751138, -0.7012216236854569], [0.5022030981304938, -0.4895143386557894, 0.07534473878697064], [-0.4914265429881173, -0.5058542754921552, -0.010976064750764049]]	0.8580036609633849	0.22621471290766218	[[0.03984715850822714, -0.032978145819369406, -0.7887950466154722], [0.6345029796249794, -0.6402039617962211, 0.07260380156156805], [-0.5810813969679941, -0.5626194518805069, 0.028176195992182646]]	[[-0.03514944383984013, 0.02137119722993696, 0.0641949537789791], [0.0236059302428028, -0.044741954038185955, -0.01904811931023663], [0.016706681634254185, 0.05271901469983766, 0.04152785709310076]]	0.2093704275192266	[[0.0, 0.0, -0.8423022003839997], [0.7071067811865475, -0.7071067811865476, 0.0], [-0.5955975976998764, -0.5955975976998763, 0.0]]
3	[[0.5319609947059123, -0.8460851799387872, 0.03402011756955908], [-0.703274286200726, -0.4190807785627857, 0.5742617690636116], [-0.47161719485230363, -0.3294103357928521, -0.8179645788128509]]	0.4840150786326869	0.5159849213673132	[[0.2574771426821044, -0.40951798489802305, 0.016466249880523406], [-0.34039535893579115, -0.20284141598951427, 0.2779513553090699], [-0.22826983365096495, -0.15943956958119712, -0.3959071899328546]]	0.6875082276557638	0.5282411285632932	[[0.42786516663195784, -0.5675767428420458, 0.10307622171969169], [-0.40356466725131884, -0.22416408013622402, 0.3035421139352286], [-0.2936485810118971, -0.04803328755753412, -0.4609928588453366]]	[[0.0621376059796989, 0.014113779663477882, 0.07968711098480341], [0.07994219081041465, 0.0639574031780743, -0.09126757712415846], [0.030592120752993147, 0.17843902857489968, 0.10136451901947996]]	0.6819966506352388	[[0.6306624287376922, -0.6306624287376921, 0.0], [-0.7071067811865475, -0.7071067811865476, 0.0], [0.0, 0.0, -0.8918913599999998]]
3	[[-0.30792515101507295, 0.09349718223056193, 0.9468053539599837], [0.3027085282091916, -0.9338174967034747, 0.1906631317268273], [0.9019698710720718, 0.34531602882779927, 0.2592434992682147]]	0.649760688242205	0.35023931175779505	[[-0.20007765805063876, 0.060750793474836806, 0.6151968984204437], [0.1966881016259893, -0.6067578993506628, 0.12388540769323754], [0.5860645642015223, 0.224372780552216, 0.16844623450683277]]	0.8204306697240333	0.28945598093659525	[[-0.22269016939805023, 0.0712563809057073, 0.721701907478479], [0.24954696463140455, -0.8470783890181468, 0.11963846258092803], [0.6607639272682145, 0.24788903856971817, 0.15143378849234296]]	[[0.029941068474120158, -0.005451574929022622, -0.05508624316921089], [0.0011956041015610437, -0.08094587479769474, -0.03678741827339452], [-0.07923981812634551, -0.035418822227916875, -0.06125752923388036]]	0.47655466543019215	[[0.0, 0.0, 0.9443999999999999], [0.0, -1.0, 0.0], [0.9443999999999999, 0.0, 0.0]]
3	[[-0.8305561570912853, 0.32773595720904825, 0.4502950280316503], [-0.5100865793185324, -0.772219296347621, -0.37879947194723407], [0.22358030216652452, -0.5443036842615101, 0.808545204538665]]	0.4850988539757763	0.5149011460242237	[[-0.40290183996750734, 0.15898433724876335, 0.2184376020491436], [-0.24744241505584408, -0.3746026956762113, -0.18375518972823246], [0.1084585483525388, -0.2640410934500514, 0.39222435210931594]]	0.7151371959669117	0.48939433593437076	[[-0.48324164182265916, 0.11691913709874419, 0.25421467632416905], [-0.5536560567543704, -0.5856374503837396, -0.28410515224995225], [0.21033541859286287, -0.32414714333888195, 0.4325488366420259]]	[[0.11071995945265646, -0.1174570363572664, -0.06780804738022722], [-0.18887417072016144, -0.0333947081221602, -0.013211560047860435], [0.05044482822805964, 0.06510466717835367, -0.14567191374424798]]	0.6819754184355948	[[-0.6306624287376922, 0.6306624287376921, 0.0], [-0.7071067811865475, -0.7071067811865476, 0.0], [0.0, 0.0, 0.8918913599999998]]
3	[[0.3802729664721569, 0.7767473726770865, -0.5020517802076895], [0.4287143634067757, 0.332951791095048, 0.839849450446521], [0.8195098935212374, -0.5346088512602871, -0.20639019011321075]]	0.5227601409586908	0.4772398590413092	[[0.19879154955576428, 0.4060525660299666, -0.26245265938993345], [0.22411478104554147, 0.1740539252452959, 0.4390398170995024], [0.4284071074542038, -0.2794721984425915, -0.10789256487607304]]	0.6753870873036291	0.48700467875411485	[[0.1423961593791009, 0.41454987226725054, -0.2829637110733282], [0.3153666365097507, 0.19220404589168882, 0.45910695842049376], [0.593735888249592, -0.3102506240835482, -0.07080025792280356]]	[[-0.11443529182683977, -0.11005527333587342, 0.05611557843674495], [0.0258184913232189, -0.032667294508522, -0.10811651569013564], [0.04024948824777622, 0.05081729081587623, 0.06859301142580013]]	0.7060419083903301	[[0.0, 0.5955975976998763, -0.5955975976998764], [0.0, 0.7071067811865476, 0.7071067811865475], [0.8423022003839997, 0.0, 0.0]]
3	[[-0.3195682178843842, -0.5708200961323295, -0.7563336379995778], [0.910087742671785, 0.03735879733279218, -0.41272826520656647], [0.2638493031197415, -0.8202248094963509, 0.507557688474819]]	0.43282284616745653	0.5671771538325434	[[-0.13831642560938104, -0.24706397865757593, -0.32735847785116406], [0.39390676704531774, 0.016169740990972285, -0.17863822244046293], [0.11420000633558645, -0.3550120365433704, 0.2196825633198464]]	0.639318457411431	0.5627164484966827	[[-0.25896523331747257, -0.2589652333174725, -0.42540170632672497], [0.6091628454712746, 0.03913842823564404, -0.05737422918980823], [0.32775955065037515, -0.3833028238391988, 0.3179057056487712]]	[[-0.05465937322190794, 0.10597059000129315, 0.05813634840754073], [0.027326953717297604, 0.015254259554097063, 0.20649056865214982], [0.15907582119078095, 0.1410820360985932, -0.0065852927942617314]]	0.9274605892615172	[[0.0, 0.0, -0.8423022003839997], [0.7071067811865475, 0.7071067811865476, 0.0], [0.5955975976998764, -0.5955975976998763, 0.0]]
3	[[0.04673222253661188, -0.9725397674033924, -0.22799671093185395], [-0.8377629715199755, -0.16246744520517667, 0.5213036857710898], [-0.5440306084466285, 0.16664552219444034, -0.8223502702654952]]	0.5265218465501108	0.47347815344988914	[[0.024605536103367586, -0.5120634341766496, -0.12004524924719157], [-0.4411005067360054, -0.08554265925370858, 0.27447777924557293], [-0.2864440005390993, 0.0877425080651242, -0.43298538281117116]]	0.7242246100267454	0.4286293491682716	[[-0.004565312275622547, -0.7552727837894515, -0.10340115241959921], [-0.6657744808444035, -0.1251228930746773, 0.23387495333046288], [-0.2721847842856869, 0.0026534257555926853, -0.5639229209358378]]	[[-0.038409937917883254, -0.050935550006227834, 0.061719676642403354], [-0.05904591950050165, -0.007459970928916745, -0.14366600520260966], [0.12181557095918574, -0.11803536256837924, 0.03164338285257922]]	0.6569738661356889	[[1.6818539619391534e-16, -0.8423022003839997, 0.0], [-1.0, -1.7938038903913487e-16, 0.0], [0.0, 0.0, -0.8423022003839997]]
