3	[[-0.5446221603179724, 0.8109226453022452, -0.2139887049042392], [-0.8354447797583356, -0.5021691245819775, 0.22328947644507607], [0.07361197229480154, 0.30038414347728, 0.9509735242804028]]	0.528362606048892	0.471637393951108	[[-0.2877579839375813, 0.4284612021759555, -0.11306362978823115], [-0.44141778104305696, -0.26532738734142425, 0.11797780967781304], [0.03889381351808019, 0.15871174886341993, 0.5024588495722929]]	0.7361724730986369	0.3766185314584236	[[-0.46718673734075, 0.5352594040739656, -0.08096131754357797], [-0.6810068355062044, -0.4689585492442231, 0.03716329518050149], [0.09604003602833255, 0.08162650314965529, 0.7000805312208308]]	[[-0.06625089467514593, -0.06171952520987698, 0.07657127656095022], [-0.06597538585416457, -0.09927546288693118, -0.12721627091097], [0.041848928334400175, -0.1395080346336297, 0.0]]	0.43763344938132887	[[-0.5951171607969382, 0.5951171607969382, 0.0], [-0.7071067811865475, -0.7071067811865476, 0.0], [0.0, 0.0, 0.84162276]]
3	[[0.8489524140446696, -0.5135124485683378, 0.12483895166604869], [0.522794976890395, 0.7815435453534784, -0.34040431673891397], [0.0772347773085365, 0.35425224329800037, 0.9319550081910795]]	0.668955244482337	0.33104475551766316	[[0.567911169691122, -0.3435168455767559, 0.08351167143268026], [0.34972644157985183, 0.5228176534555284, -0.22771525292692307], [0.0516666093369709, 0.2369788960238302, 0.623436190351002]]	0.8238221989352432	0.26521932565934203	[[0.6565867587958024, -0.4066922096231935, 0.049774971687547076], [0.47649760227866833, 0.6262987850163713, -0.26408094686975925], [0.02719601524504147, 0.2264771019890539, 0.7246557536170675]]	[[-0.04279908573386029, 0.016350744936995516, -0.05307012798674769], [0.04580749482452339, -0.017554137080377077, 0.016351685873141866], [-0.03643170883155089, -0.06536376006244754, -0.04310947053962013]]	0.4555450480313137	[[0.6486997610605387, -0.6486997610605386, 0.0], [0.7071067811865475, 0.7071067811865476, 0.0], [0.0, 0.0, 0.9174]]
3	[[0.8592155572171323, 0.2624339665249735, -0.4391776855101157], [-0.4266000482917053, 0.8413623931712975, -0.33184593135155627], [0.2824199444684594, 0.4724804086637203, 0.8348660002631537]]	0.49924823899110604	0.5007517610088942	[[0.4289618538544153, 0.13101969563904392, -0.21925868609511506], [-0.21297932286315466, 0.42004869314411275, -0.16567349684362795], [0.14099765993184432, 0.2358850119831605, 0.41680538042492776]]	0.7409592515758913	0.4563862792471648	[[0.4612897801494271, 0.1858698498383146, -0.28553730870396404], [-0.3523310259628277, 0.7495808389896395, -0.25223430882647674], [0.23765250102296723, 0.3103554525320038, 0.4576109628745092]]	[[-0.17535393606854155, -0.008583025586122256, 0.03987546046044343], [-0.03623777345836674, 0.12616558984133394, -0.006349995893723044], [0.02839083033951279, -0.03973327745573767, -0.16099072384663507]]	0.6894024651682799	[[0.6486997610605387, 0.6486997610605386, 0.0], [-0.7071067811865475, 0.7071067811865476, 0.0], [0.0, 0.0, 0.9174]]
3	[[-0.30792515101507295, 0.09349718223056193, 0.9468053539599837], [0.3027085282091916, -0.9338174967034747, 0.1906631317268273], [0.9019698710720718, 0.34531602882779927, 0.2592434992682147]]	0.5982048244704233	0.4017951755295767	[[-0.18420231091300027, 0.055930465484712484, 0.566383530573289], [0.1810817019830796, -0.5586141317029123, 0.11405560524762792], [0.5395627284022791, 0.2065697144117573, 0.15508071197484066]]	0.7976398978014857	0.30363657143894174	[[-0.17679361528806903, 0.07168735676941708, 0.7252947116669004], [0.261046621639785, -0.837482625332201, 0.13130502840448507], [0.6666582659534718, 0.24294213468470144, 0.10510625851865198]]	[[0.06881977069810079, -0.0028897261096952117, -0.029915014103640416], [0.019594222135367247, -0.09263253269640229, -0.02077549250061264], [-0.052788889828474725, -0.03249570725871929, -0.10167669974334634]]	0.48314966941351994	[[0.0, 0.0, 0.9174], [0.0, -1.0, 0.0], [0.9174, 0.0, 0.0]]
3	[[0.034229894132735264, 0.2773841392786001, 0.9601491309293217], [-0.1827544195208179, -0.9427759796974285, 0.2788803941677556], [0.9825625356654255, -0.18501754344446375, 0.018422055382213542]]	0.7588190886367214	0.24118091136327877	[[0.02597429706993363, 0.21048437976966874, 0.7285794884871281], [-0.1386775420651201, -0.7153964097025948, 0.2116197665410259], [0.7455872078422241, -0.140394843698333, 0.013979007275946488]]	0.8704277438409205	0.1994161058721961	[[0.009215476542209524, 0.2115682078685539, 0.7821896595336226], [-0.16833460365380762, -0.8236918128296428, 0.2573110129702829], [0.811484378802113, -0.1446616746721662, 0.0]]	[[-0.02057917297966079, -0.029874642660973665, -0.05355078225200762], [-0.009260086593345044, -0.0030734438741966755, 0.014565780673376806], [-0.04376531229975738, 0.016382728239187884, -0.01603506810325262]]	0.37517929177386994	[[0.0, 0.0, 0.9174], [0.0, -1.0, 0.0], [0.9174, 0.0, 0.0]]
3	[[0.8787972042104137, -0.3840163418041313, 0.28327887866788265], [-0.395223040501579, -0.9183905790867732, -0.018907472103605397], [0.2674214316928388, -0.09534250611366366, -0.9588511794847616]]	0.5758935218892386	0.4241064781107614	[[0.5060936169591516, -0.22115252354460274, 0.16313847111288124], [-0.2276063887262275, -0.5288951850601792, -0.010888690699767833], [0.15400627012625137, -0.05490713163154402, -0.5521961827211298]]	0.7941239528595644	0.36346414503030866	[[0.5545184656522067, -0.23504050561078532, 0.22595572007108297], [-0.34551410568588276, -0.8470589903904383, -0.02371815395655494], [0.20286247326623252, -0.07571376783051977, -0.643607008094305]]	[[-0.1433554439173008, 0.06991606970538104, 0.0009971771817190445], [-0.03165802250159313, -0.11774303345706569, -0.008703277471057884], [-0.009503291149048562, 0.0, 0.11783968076218945]]	0.5113925595836908	[[0.5951171607969382, -0.5951171607969382, 0.0], [-0.7071067811865475, -0.7071067811865476, 0.0], [0.0, 0.0, -0.84162276]]
3	[[-0.8305561570912853, 0.32773595720904825, 0.4502950280316503], [-0.5100865793185324, -0.772219296347621, -0.37879947194723407], [0.22358030216652452, -0.5443036842615101, 0.808545204538665]]	0.4548617703345445	0.5451382296654556	[[-0.37778824397679805, 0.14907455769839423, 0.20482199362331985], [-0.23201888449271973, -0.3512530362231752, -0.1723013984117095], [0.10169813205539775, -0.2475829374228054, 0.3677763031319636]]	0.6850435339021848	0.5283969648115643	[[-0.4377804101507816, 0.1058689419635157, 0.2470503883132791], [-0.5437538394856694, -0.5952379523844097, -0.27098054489901063], [0.20199827445050694, -0.3075236964023313, 0.3949687809732495]]	[[0.13118671480725055, -0.11864445634978588, -0.061421308988105924], [-0.19432232659322476, -0.06623411666697702, -0.011486415995995891], [0.04883603414343272, 0.06534802298015246, -0.15891988326358225]]	0.6865967372651935	[[-0.5951171607969382, 0.5951171607969382, 0.0], [-0.7071067811865475, -0.7071067811865476, 0.0], [0.0, 0.0, 0.84162276]]
3	[[-0.3195682178843842, -0.5708200961323295, -0.7563336379995778], [0.910087742671785, 0.03735879733279218, -0.41272826520656647], [0.2638493031197415, -0.8202248094963509, 0.507557688474819]]	0.40624154440622356	0.5937584555937764	[[-0.12982188637649678, -0.23189083743090655, -0.3072541451873262], [0.36971545012815976, 0.015176695525632646, -0.16766736787761696], [0.1071865483898696, -0.33320939337009803, 0.20619101924126332]]	0.6127611331124071	0.6079945880932228	[[-0.2649588433265443, -0.2649588433265443, -0.36268339207257616], [0.6101131716809307, -0.09723996087099684, -0.05681754098487038], [0.21442516459340752, -0.3313451096697093, 0.3308392981285115]]	[[-0.06913986002899639, 0.08481752558283517, 0.10076846495907421], [0.05244677524965479, -0.12013197985635526, 0.19608629847062334], [0.052748566642835705, 0.17125677400418293, 0.019827673818767204]]	0.9442132069763695	[[0.0, 0.0, -0.772104720024], [0.7071067811865475, 0.7071067811865476, 0.0], [0.5459604833151112, -0.545960483315111, 0.0]]
3	[[-0.42203838922340475, -0.825029846081567, 0.3757783270710803], [0.2588054115689476, 0.28760896992378115, 0.9221175843470338], [-0.8688517462515349, 0.4864224845687207, 0.09214016247897017]]	0.4026887462105453	0.5973112537894548	[[-0.16995010980909098, -0.33223023430486537, 0.15132170338134948], [0.10421802669720365, 0.11581689549751387, 0.3713263738994038], [-0.3498768203408736, 0.19587686043959646, 0.03710380650429242]]	0.5961827646583193	0.6432901155226398	[[-0.0896764001979066, -0.32993296108128967, 0.28347158083864743], [0.1569744332414934, 0.08245111617848763, 0.6195042062641116], [-0.4383840708875381, 0.1683837529191135, -0.028211597347536296]]	[[0.16193561348124663, 0.16193561348124663, 0.05943901890673258], [0.002679107463784039, -0.08901639465120365, 0.06975359548804588], [0.0796103652709105, -0.12161294872303512, -0.08314397415031546]]	0.7050695545408547	[[0.0, -0.545960483315111, 0.5459604833151112], [0.0, 0.7071067811865476, 0.7071067811865475], [-0.772104720024, 0.0, 0.0]]
3	[[0.5319609947059123, -0.8460851799387872, 0.03402011756955908], [-0.703274286200726, -0.4190807785627857, 0.5742617690636116], [-0.47161719485230363, -0.3294103357928521, -0.8179645788128509]]	0.45912690721788274	0.5408730927821173	[[0.24423760625987403, -0.38846047190818117, 0.0156195513629004], [-0.32289214794920346, -0.19241126173599415, 0.263659029963646], [-0.21653214406331175, -0.1512411486781764, -0.3755495472841223]]	0.6627889291747391	0.5506921966077164	[[0.39615933907442674, -0.5358917699896621, 0.09363522854457201], [-0.4063255172918835, -0.23542785017195517, 0.30078126389466403], [-0.2742428326633175, -0.03831566687981501, -0.4453069095403709]]	[[0.04358148103056607, 0.024884120412583085, 0.07108707125024522], [0.059796893775224694, 0.0423342502893895, -0.07983307908899841], [0.03833982289323508, 0.18001385683942064, 0.09683095775386515]]	0.7014293810676173	[[0.5951171607969382, -0.5951171607969382, 0.0], [-0.7071067811865475, -0.7071067811865476, 0.0], [0.0, 0.0, -0.84162276]]
3	[[0.3802729664721569, 0.7767473726770865, -0.5020517802076895], [0.4287143634067757, 0.332951791095048, 0.839849450446521], [0.8195098935212374, -0.5346088512602871, -0.20639019011321075]]	0.4925914841702146	0.5074085158297857	[[0.18731922494433006, 0.38261914113232076, -0.24730643154280413], [0.21118104455563236, 0.16400921693264098, 0.41370268727499093], [0.40368359474180093, -0.2633437674928383, -0.10166605006603924]]	0.646720230237651	0.5207256600582616	[[0.12309507442289871, 0.41277270011973366, -0.23375090675979865], [0.30057786739324455, 0.1388902107096804, 0.47198303238366496], [0.5588936020857997, -0.2655950561097185, -0.09421926776517378]]	[[-0.12283514600712918, -0.08956553957448225, 0.0909361361273408], [0.023319615584626537, -0.07643644828534726, -0.07116459757407391], [0.02889997506571217, 0.08014730326442047, 0.03925744350363447]]	0.7284047276289173	[[0.0, 0.545960483315111, -0.5459604833151112], [0.0, 0.7071067811865476, 0.7071067811865475], [0.772104720024, 0.0, 0.0]]
3	[[0.22433838825039393, -0.7661379269479729, -0.6022499185961573], [-0.9416906372873723, -0.011392912655017143, -0.3362869982418849], [0.2507808429735371, 0.642575192824231, -0.724020780340167]]	0.42375602083722014	0.57624397916278	[[0.09506474272602229, -0.32465555933594986, -0.2552070290538473], [-0.39904707731656286, -0.004827815332436108, -0.1425036402342744], [0.10626989212066984, 0.27229510679990565, -0.30680816488040813]]	0.6427709932291443	0.5684740864396352	[[0.26329868795665134, -0.38727109795435843, -0.2597086287916987], [-0.6849759108915581, -0.04872041036181528, -0.04051243253066254], [0.23703976017255973, 0.2370397601725597, -0.46505314508446655]]	[[0.11910047932152024, 0.10518013830050782, 0.12740014955652473], [-0.07968448464776778, -0.041397376578777074, 0.17564309533932138], [0.07584510865161723, -0.17598893474348026, 0.0003264110133228276]]	0.7321608342558953	[[1.5416882228400654e-16, -0.772104720024, 0.0], [-1.0, -1.7938038903913487e-16, 0.0], [0.0, 0.0, -0.772104720024]]
3	[[0.08740825448676931, -0.06334395238859675, -0.994156597696443], [0.7119981850616444, -0.6940087028176986, 0.10681996481098455], [-0.6967197295301035, -0.717174639895393, -0.015561310176609944]]	0.6253245252687505	0.3746754747312496	[[0.05465852524150915, -0.0396105269560456, -0.6216705024973244], [0.4452299270658848, -0.4339806626218585, 0.06679714378465353], [-0.43567593411378425, -0.44846689122737377, -0.009730868898748392]]	0.81981711709366	0.2898261056014787	[[0.03682310703624306, -0.02888750707803772, -0.723316015772885], [0.6359695709827088, -0.6396603117779, 0.07113721020383862], [-0.5318882118402977, -0.5170729762370733, 0.02603786868968554]]	[[-0.03483567616728913, 0.02304294935449972, 0.0917105800902546], [0.05226127152955325, -0.07070009779598375, -0.016435625395548933], [0.03929454824534646, 0.07087906949465156, 0.038795297136874136]]	0.26684761004195373	[[0.0, 0.0, -0.772104720024], [0.7071067811865475, -0.7071067811865476, 0.0], [-0.5459604833151112, -0.545960483315111, 0.0]]
3	[[0.04673222253661188, -0.9725397674033924, -0.22799671093185395], [-0.8377629715199755, -0.16246744520517667, 0.5213036857710898], [-0.5440306084466285, 0.16664552219444034, -0.8223502702654952]]	0.5021490119296912	0.4978509880703087	[[0.023466539372038103, -0.4883598832639453, -0.11448832311764987], [-0.42068184838003775, -0.08158286708052073, 0.261772130725259], [-0.27318443249098323, 0.08368088431244565, -0.41294237567393305]]	0.6960501082603585	0.4715119959161792	[[1.0343455049163502e-16, -0.6976845940900328, -0.10531727469635978], [-0.6709174329754565, -0.13640283754914256, 0.23269651471333125], [-0.2540862032772644, 0.0, -0.5180185167467356]]	[[-0.03252796855585586, -0.020748183701397548, 0.05337986063076279], [-0.08779242595245801, -0.023317354725295357, -0.13015697220415973], [0.12458636062896007, -0.11599363376454416, 0.05437847789949742]]	0.6843138043517596	[[-1.5416882228400654e-16, -0.772104720024, 0.0], [-1.0, 1.7938038903913487e-16, 0.0], [0.0, 0.0, -0.772104720024]]
