3	[[0.034229894132735264, 0.2773841392786001, 0.9601491309293217], [-0.1827544195208179, -0.9427759796974285, 0.2788803941677556], [0.9825625356654255, -0.18501754344446375, 0.018422055382213542]]	0.8276605453145667	0.17233945468543355	[[0.028330732843959552, 0.22957990797693792, 0.7946775532882696], [-0.15125862251924724, -0.7802984814658485, 0.23081829911442592], [0.8132282440745092, -0.1531317209000064, 0.015247208403458007]]	0.9024023301256561	0.148479783970537	[[0.009108006026002265, 0.22768062656670932, 0.8327193815774784], [-0.16603641743673772, -0.8257399686150764, 0.254664513712306], [0.8645356462074414, -0.15464202861514725, 0.0]]	[[-0.021781130199332564, -0.022631467058198906, -0.03372143144126513], [-0.001118403420389982, 0.02502327225038138, 0.0030021961889618856], [-0.02213107547121158, 0.012318233703261636, -0.01662410570261338]]	0.35799068553046115	[[0.0, 0.0, 0.9545999999999999], [0.0, -1.0, 0.0], [0.9545999999999999, 0.0, 0.0]]
3	[[0.22433838825039393, -0.7661379269479729, -0.6022499185961573], [-0.9416906372873723, -0.011392912655017143, -0.3362869982418849], [0.2507808429735371, 0.642575192824231, -0.724020780340167]]	0.47445317891505073	0.5255468210849493	[[0.10643806145807826, -0.36349657492785264, -0.28573938837927737], [-0.4467881164155337, -0.005405403626274379, -0.1595524353436624], [0.11898376815979086, 0.3048718429274081, -0.34351396083294794]]	0.6840308580801527	0.5373618874780629	[[0.29439245448747225, -0.39774222078508653, -0.31893943431041377], [-0.6744536691984849, -0.0371336615183119, -0.03951195795784946], [0.28419929493413665, 0.2841992949341366, -0.48531251480553195]]	[[0.1409380742722368, 0.12631976279288484, 0.09301809428561778], [-0.030308214528757642, -0.029340557698868293, 0.19051872601074593], [0.11265745972488403, -0.15534196559444177, 0.009940040838414321]]	0.7335414703693913	[[-1.7369392834418979e-16, -0.8698899033359997, 0.0], [-1.0, 1.7938038903913487e-16, 0.0], [0.0, 0.0, -0.8698899033359997]]
3	[[-0.8305561570912853, 0.32773595720904825, 0.4502950280316503], [-0.5100865793185324, -0.772219296347621, -0.37879947194723407], [0.22358030216652452, -0.5443036842615101, 0.808545204538665]]	0.4968651730856298	0.5031348269143702	[[-0.412674428750497, 0.1628405831050583, 0.22373591704254445], [-0.25344425652175945, -0.3836888743398238, -0.18821226519380763], [0.11108926553450761, -0.2704455442917412, 0.4017379530006597]]	0.7266171137831566	0.47765155981359986	[[-0.4971220279899173, 0.12660547918992637, 0.25265745372007986], [-0.5535565766732388, -0.5898449361137311, -0.28586443440973924], [0.21728945897717578, -0.32841819428812186, 0.44656100558145406]]	[[0.1063742897105824, -0.11153307612027244, -0.07453461989918345], [-0.18291893862928355, -0.02873717979396252, -0.010622255400856222], [0.054832185118169695, 0.06708217779151512, -0.14094177730364268]]	0.6809903999219454	[[-0.6443589456679194, 0.6443589456679193, 0.0], [-0.7071067811865475, -0.7071067811865476, 0.0], [0.0, 0.0, 0.9112611599999998]]
3	[[0.8592155572171323, 0.2624339665249735, -0.4391776855101157], [-0.4266000482917053, 0.8413623931712975, -0.33184593135155627], [0.2824199444684594, 0.4724804086637203, 0.8348660002631537]]	0.5565625960144874	0.4434374039855126	[[0.47820724106080154, 0.14606092969151835, -0.24442987275914416], [-0.2374296303371372, 0.46827083773237915, -0.18469303302986753], [0.15718437745963315, 0.26296492281186606, 0.46465518843069253]]	0.7777195571094353	0.39345354356420875	[[0.5308263182285442, 0.21032953423831846, -0.2845630479757746], [-0.34018251075338424, 0.7511800485189428, -0.2605219907011995], [0.24137871761309165, 0.330881645351558, 0.5240763291954149]]	[[-0.13740242439190065, 0.006229506022043661, 0.05699402709149952], [-0.008407310133095442, 0.09683606073322676, -0.0024389199418991363], [0.021735203482210086, -0.036575608817275555, -0.12521528677497068]]	0.6619522721831064	[[0.8698899033359997, 0.0, 0.0], [0.0, 0.7071067811865476, -0.7071067811865475], [0.0, 0.6151050495345957, 0.6151050495345958]]
3	[[-0.42203838922340475, -0.825029846081567, 0.3757783270710803], [0.2588054115689476, 0.28760896992378115, 0.9221175843470338], [-0.8688517462515349, 0.4864224845687207, 0.09214016247897017]]	0.43541134901207107	0.564588650987929	[[-0.1837603043866442, -0.3592273582575965, 0.1636181483195183], [0.11268681338285977, 0.12522820958248568, 0.40150046134829426], [-0.37830791092687444, 0.21179387019587004, 0.04011887244315983]]	0.6326442428621681	0.6145526206795593	[[-0.10966141750571574, -0.3646116426096699, 0.3263281990049415], [0.14072103583614004, 0.09124318768900525, 0.6387338448378104], [-0.4850989290973282, 0.17950464590404522, -0.03053980088039897]]	[[0.15733873970329415, 0.15733873970329415, 0.08859420379104564], [-0.02301071781452861, -0.09071097132879341, 0.055361463858689536], [0.06457512606944685, -0.12822773855706776, -0.08883174420910421]]	0.677354594045508	[[0.0, -0.6151050495345957, 0.6151050495345958], [0.0, 0.7071067811865476, 0.7071067811865475], [-0.8698899033359997, 0.0, 0.0]]
3	[[0.3802729664721569, 0.7767473726770865, -0.5020517802076895], [0.4287143634067757, 0.332951791095048, 0.839849450446521], [0.8195098935212374, -0.5346088512602871, -0.20639019011321075]]	0.5300823375780988	0.4699176624219016	[[0.20157598298531887, 0.4117400630163166, -0.2661287812377379], [0.22725391190797015, 0.17649186372447778, 0.4451893599063735], [0.4344077200261162, -0.28338670956599504, -0.10940379442839897]]	0.6860001095028884	0.46331210126871875	[[0.18862808611951082, 0.44506169199697054, -0.28826405576605113], [0.33832735712873396, 0.201119705048807, 0.4766943958044383], [0.5636585115328002, -0.2817124089469122, -0.07244224276995834]]	[[-0.07223921052137698, -0.0877870907155916, 0.05614352043254387], [0.044229256886224755, -0.02728526010157862, -0.09944241916781564], [0.0014746348385310283, 0.08502932155885808, 0.06914145024802619]]	0.6981548616320552	[[0.0, 0.6151050495345957, -0.6151050495345958], [0.0, 0.7071067811865476, 0.7071067811865475], [0.8698899033359997, 0.0, 0.0]]
3	[[-0.5446221603179724, 0.8109226453022452, -0.2139887049042392], [-0.8354447797583356, -0.5021691245819775, 0.22328947644507607], [0.07361197229480154, 0.30038414347728, 0.9509735242804028]]	0.5810749133544717	0.4189250866455284	[[-0.31646627461769095, 0.4712068058561812, -0.12434346816106634], [-0.4854560030105204, -0.2917978805557634, 0.12974791317828796], [0.042774070423053576, 0.1745456901441177, 0.5525868582236317]]	0.7671404004787218	0.3398569409546254	[[-0.4812354421445146, 0.5740760223226425, -0.10763886369048435], [-0.6743141893477966, -0.42855191780256235, 0.050443232786247016], [0.13097295034606832, 0.10262197604328877, 0.7295302102611296]]	[[-0.06343377996859861, -0.04801550055178628, 0.05652051708767673], [-0.03341074642612947, -0.043317694462695094, -0.12085114559651274], [0.0745022324398057, -0.1278148360813296, 0.0]]	0.4086539487956868	[[-0.6443589456679194, 0.6443589456679193, 0.0], [-0.7071067811865475, -0.7071067811865476, 0.0], [0.0, 0.0, 0.9112611599999998]]
3	[[-0.30792515101507295, 0.09349718223056193, 0.9468053539599837], [0.3027085282091916, -0.9338174967034747, 0.1906631317268273], [0.9019698710720718, 0.34531602882779927, 0.2592434992682147]]	0.668866708611006	0.33113329138899406	[[-0.2059608822579988, 0.06253715254295941, 0.6332865807984928], [0.20247165693176383, -0.624599435463422, 0.12752822137158965], [0.6032976189302701, 0.23097039563267335, 0.1733993460843305]]	0.8291008683449854	0.28201049198934564	[[-0.23391260556085064, 0.0729015857533606, 0.7266646175309222], [0.24731004652295144, -0.848468680829333, 0.11851891934315903], [0.6649487377567891, 0.2520937252554073, 0.16101101980749005]]	[[0.02138840453100717, -0.0046170092218076435, -0.05833252359098172], [-0.003665857070721862, -0.07423978343674163, -0.03956004873292783], [-0.08287526557008033, -0.034208094099163144, -0.0539279905485794]]	0.47432535520382646	[[0.0, 0.0, 0.9545999999999999], [0.0, -1.0, 0.0], [0.9545999999999999, 0.0, 0.0]]
3	[[0.5319609947059123, -0.8460851799387872, 0.03402011756955908], [-0.703274286200726, -0.4190807785627857, 0.5742617690636116], [-0.47161719485230363, -0.3294103357928521, -0.8179645788128509]]	0.4933523234386423	0.5066476765613577	[[0.2624441927168932, -0.4174180893498024, 0.016783904046597742], [-0.3469620031117808, -0.20675447581242556, 0.28331337802951784], [-0.23267343885399897, -0.16251535452810695, -0.4035447254478305]]	0.6966804291108598	0.5199077749599221	[[0.44029445079178414, -0.5797781594499936, 0.10682114500020555], [-0.4025027639886228, -0.21995083456312056, 0.3046040171979247], [-0.3012176229976271, -0.051978935241544844, -0.46673357802271986]]	[[0.06968763672982933, 0.009672826774099749, 0.08311999489344321], [0.08745466750433262, 0.07201454207811417, -0.0954729184952737], [0.027348846688135857, 0.1775147988521718, 0.10312633574210092]]	0.674765809959546	[[0.6443589456679194, -0.6443589456679193, 0.0], [-0.7071067811865475, -0.7071067811865476, 0.0], [0.0, 0.0, -0.9112611599999998]]
3	[[0.8489524140446696, -0.5135124485683378, 0.12483895166604869], [0.522794976890395, 0.7815435453534784, -0.34040431673891397], [0.0772347773085365, 0.35425224329800037, 0.9319550081910795]]	0.7307705685403271	0.269229431459673	[[0.6203894382751064, -0.37525978399281973, 0.09122863168497683], [0.38204318249222113, 0.5711290209769841, -0.24875745607687777], [0.05644090212484477, 0.25887711324156604, 0.6810452911898004]]	0.8580193691794156	0.21414082183282032	[[0.7090927707760047, -0.4240283399104102, 0.054045743027271456], [0.47234983052697926, 0.6269257583435323, -0.26796901776609205], [0.03153255082144295, 0.2556167351674171, 0.7697050704505537]]	[[-0.019324843985944477, 0.01657528727597196, -0.0530684955302512], [0.023781614245315486, -0.04365374142690319, 0.024104479348180895], [-0.034736384083540184, -0.04833855115752593, -0.029930377781153355]]	0.4418641362767471	[[0.6750041333206782, -0.6750041333206781, 0.0], [0.7071067811865475, 0.7071067811865476, 0.0], [0.0, 0.0, 0.9545999999999999]]
3	[[0.8787972042104137, -0.3840163418041313, 0.28327887866788265], [-0.395223040501579, -0.9183905790867732, -0.018907472103605397], [0.2674214316928388, -0.09534250611366366, -0.9588511794847616]]	0.6379872442514094	0.3620127557485907	[[0.5606614065700448, -0.24499752765512506, 0.18072831115595178], [-0.25214725847426556, -0.5859214746980266, -0.012062726023139604], [0.17061146225948073, -0.06082730273547942, -0.6117348216466966]]	0.8224513685088704	0.32297856931951424	[[0.5892237913949141, -0.25412656629069347, 0.2377472044354632], [-0.3438969306796896, -0.8488434966146514, -0.02102714983411341], [0.21320366338159064, -0.07841457463024801, -0.6865496224661314]]	[[-0.13354417184970988, 0.061708199555884434, 0.004764103005404887], [-0.018845200152929224, -0.09351190801908094, -0.00547667352745986], [-0.006737459082786013, 0.0, 0.10205884229745538]]	0.48862450588179385	[[0.6443589456679194, -0.6443589456679193, 0.0], [-0.7071067811865475, -0.7071067811865476, 0.0], [0.0, 0.0, -0.9112611599999998]]
3	[[0.08740825448676931, -0.06334395238859675, -0.994156597696443], [0.7119981850616444, -0.6940087028176986, 0.10681996481098455], [-0.6967197295301035, -0.717174639895393, -0.015561310176609944]]	0.737643894612893	0.262356105387107	[[0.0644761652609354, -0.04672527974009818, -0.7333335445799074], [0.5252011141861826, -0.5119312824416891, 0.07879509486558683], [-0.513931054744227, -0.5290194944900368, -0.0114787054439538]]	0.8724463132171257	0.2026397343438049	[[0.04222119182992025, -0.03240443311593813, -0.814246355828446], [0.6355352823912512, -0.6384661614064532, 0.07157149879529615], [-0.5986725141595145, -0.5827006164186576, 0.02985489105271467]]	[[-0.034037817541805925, 0.022859764610094244, 0.05310190259229701], [0.014355090816934776, -0.03298082729255246, -0.0216231856820304], [0.009178045214657407, 0.04299575409089774, 0.043431298745126155]]	0.18842463204205995	[[0.0, 0.0, -0.8698899033359997], [0.7071067811865475, -0.7071067811865476, 0.0], [-0.6151050495345958, -0.6151050495345957, 0.0]]
3	[[-0.3195682178843842, -0.5708200961323295, -0.7563336379995778], [0.910087742671785, 0.03735879733279218, -0.41272826520656647], [0.2638493031197415, -0.8202248094963509, 0.507557688474819]]	0.4431803116685613	0.5568196883314387	[[-0.1416263424013681, -0.2529762281106039, -0.33519217741406965], [0.40333296944301905, 0.016556683445509483, -0.18291304120867075], [0.11693281639013972, -0.3635074867108791, 0.2249395745680448]]	0.6492129921828212	0.570495170933344	[[-0.2649761130025986, -0.2649761130025986, -0.4393790931501369], [0.6092399783981592, -0.06888331797245564, -0.05732904576734483], [0.24449621044401576, -0.395821279895452, 0.32486285463228004]]	[[-0.05750827406334577, 0.10560770960555671, 0.05164253106408763], [0.018399191829300162, -0.09313713457322934, 0.21061950624583517], [0.07320181488029624, 0.1366793229402585, -0.004650191007853377]]	0.9214967618435712	[[0.0, 0.0, -0.8698899033359997], [0.7071067811865475, 0.7071067811865476, 0.0], [0.6151050495345958, -0.6151050495345957, 0.0]]
3	[[0.04673222253661188, -0.9725397674033924, -0.22799671093185395], [-0.8377629715199755, -0.16246744520517667, 0.5213036857710898], [-0.5440306084466285, 0.16664552219444034, -0.8223502702654952]]	0.5349206849821381	0.46507931501786187	[[0.024998032490022144, -0.520231638551792, -0.12196015678534183], [-0.4481367425781367, -0.0869071970764511, 0.27885612467638465], [-0.29101322572151983, 0.08914213688145614, -0.43989216986566504]]	0.7332475249871049	0.41180990586851873	[[-0.00816721242499839, -0.7736485876421879, -0.10587896612396326], [-0.6604383744204179, -0.12878726707452107, 0.2354464507176569], [-0.27551242964506556, 0.0058553940869660506, -0.5804998452706442]]	[[-0.042433498937115524, -0.060536210242116, 0.06129905787201902], [-0.0461507490275535, -0.00965841498684733, -0.14679818664065003], [0.12339666751565348, -0.11633702261229095, 0.02248645507400704]]	0.6469897553132576	[[1.7369392834418979e-16, -0.8698899033359997, 0.0], [-1.0, -1.7938038903913487e-16, 0.0], [0.0, 0.0, -0.8698899033359997]]
