3	[[-0.3195682178843842, -0.5708200961323295, -0.7563336379995778], [0.910087742671785, 0.03735879733279218, -0.41272826520656647], [0.2638493031197415, -0.8202248094963509, 0.507557688474819]]	0.471071874146541	0.528928125853459	[[-0.15053959931646702, -0.2688972924855651, -0.3562875043325326], [0.4287167385781927, 0.017598678675419286, -0.19442467740410788], [0.12429198571287547, -0.38638483823093556, 0.23909615154731914]]	0.6716005390787159	0.5515387932758476	[[-0.25995933543968525, -0.2739353956886735, -0.4760343829768887], [0.592592015234239, -0.040347431742168614, -0.06957187898796875], [0.2835527550138506, -0.44880047041621685, 0.31589274690782837]]	[[-0.04533714803610831, 0.10942768859076345, 0.031919696026994036], [-0.018623403353063187, -0.06543762017020441, 0.2076166464177845], [0.10635142080308879, 0.1020629538072694, -0.02498327028540696]]	0.9071821009046971	[[0.0, 0.0, -0.9446536753280002], [0.7071067811865475, 0.7071067811865476, 0.0], [0.6679710196972242, -0.667971019697224, 0.0]]
3	[[0.034229894132735264, 0.2773841392786001, 0.9601491309293217], [-0.1827544195208179, -0.9427759796974285, 0.2788803941677556], [0.9825625356654255, -0.18501754344446375, 0.018422055382213542]]	0.865986481799436	0.134013518200564	[[0.029642625592374572, 0.24021091488083968, 0.8314761678962695], [-0.15826285679413127, -0.8164312537831926, 0.24150665138817468], [0.8508858734088348, -0.1602226915186455, 0.015953250927957477]]	0.9237690054280535	0.12484151702854598	[[0.009439970345853302, 0.23934401935858457, 0.8694514916280189], [-0.1644464129053444, -0.8271167078044253, 0.2529307758209231], [0.9030870998181432, -0.16205064163297128, 0.0]]	[[-0.022180544913051117, -0.016894851104324544, -0.017504516113170537], [0.004376455452982797, 0.04379052130212717, -0.00469028853280808], [-0.004573716524373164, 0.008862830461462676, -0.017017723778367924]]	0.34632795059141674	[[0.0, 0.0, 0.9812000000000001], [0.0, -1.0, 0.0], [0.9812000000000001, 0.0, 0.0]]
3	[[0.8787972042104137, -0.3840163418041313, 0.28327887866788265], [-0.395223040501579, -0.9183905790867732, -0.018907472103605397], [0.2674214316928388, -0.09534250611366366, -0.9588511794847616]]	0.6873587969993341	0.31264120300066606	[[0.6040489890924482, -0.26395701073057276, 0.1947142292564761], [-0.2716600336655845, -0.6312638436166063, -0.01299621727943266], [0.18381447358022923, -0.06553451030518952, -0.6590747932320383]]	0.8418981034264571	0.29137700527804866	[[0.6173509696532495, -0.26830287780720163, 0.24326922456405306], [-0.3410815934419431, -0.8500311100831405, -0.020975334529376728], [0.21838551065571965, -0.08026867507301882, -0.7201210005240936]]	[[-0.12250672986797073, 0.054999752042462616, 0.004777273872789212], [-0.008344065213225907, -0.07683982334526059, -0.005057169624762703], [-0.0067560855020691426, 0.0, 0.0871339889523486]]	0.47554443662676604	[[0.6807694860346761, -0.680769486034676, 0.0], [-0.7071067811865475, -0.7071067811865476, 0.0], [0.0, 0.0, -0.9627534400000002]]
3	[[0.22433838825039393, -0.7661379269479729, -0.6022499185961573], [-0.9416906372873723, -0.011392912655017143, -0.3362869982418849], [0.2507808429735371, 0.642575192824231, -0.724020780340167]]	0.5121143073261853	0.4878856926738146	[[0.11488689830552336, -0.3923501937752808, -0.30842079989912263], [-0.48225324842997686, -0.0058344735727518405, -0.17221738316744503], [0.12842845769006983, 0.329071949778171, -0.3707814004136688]]	0.7101766364572298	0.5137330193865197	[[0.27892438814025555, -0.4039748884154925, -0.3803750013636502], [-0.6800699764483656, 0.013517257904331347, -0.03855011069635355], [0.32335034746343766, 0.3311326033629751, -0.483092649106192]]	[[0.11960450614435467, 0.14011836760673385, 0.047328820131609134], [-0.011303287076354043, 0.021608238293122414, 0.20027305859936662], [0.1452516519125823, -0.1252092857477932, 0.031089993400926674]]	0.7425949164085546	[[1.8862226951163974e-16, -0.9446536753280002, 0.0], [-1.0, -1.7938038903913487e-16, 0.0], [0.0, 0.0, -0.9446536753280002]]
3	[[0.08740825448676931, -0.06334395238859675, -0.994156597696443], [0.7119981850616444, -0.6940087028176986, 0.10681996481098455], [-0.6967197295301035, -0.717174639895393, -0.015561310176609944]]	0.821049810744626	0.1789501892553741	[[0.07176653080388004, -0.05200854012047396, -0.816252086389186], [0.5845859750953804, -0.5698157141035948, 0.08770451189180647], [-0.5720416020727388, -0.5888361023569576, -0.012776610775444019]]	0.9076943417391234	0.1433954605477345	[[0.057412285316600926, -0.02912667164907134, -0.8755175101769065], [0.6335535626317176, -0.6375849085787342, 0.06695967783642212], [-0.6396800355301051, -0.632615735575084, 0.024977663294363107]]	[[-0.021927692702332927, 0.028370275517450357, 0.026872808354773], [-0.012723161277262304, -0.00763713591340018, -0.030000199807280845], [-0.0072714792576176225, 0.018359627096757654, 0.03910257649171939]]	0.13826312830552812	[[0.0, 0.0, -0.9446536753280002], [0.7071067811865475, -0.7071067811865476, 0.0], [-0.6679710196972242, -0.667971019697224, 0.0]]
3	[[-0.30792515101507295, 0.09349718223056193, 0.9468053539599837], [0.3027085282091916, -0.9338174967034747, 0.1906631317268273], [0.9019698710720718, 0.34531602882779927, 0.2592434992682147]]	0.7175141053891634	0.2824858946108367	[[-0.22094063925740315, 0.06708554706456922, 0.6793461965242679], [0.2171976388116885, -0.6700272257439417, 0.1368034863916707], [0.6471761051302567, 0.24776912150091698, 0.18601086745538933]]	0.8513762197170907	0.25978429198959035	[[-0.25839043705702613, 0.07963769903620906, 0.7454822544935845], [0.24347447350542684, -0.8497656695192279, 0.11922328467529472], [0.6820072102488905, 0.26586702674096596, 0.17875273802081712]]	[[0.0037697139700008982, 3.6421474553290784e-05, -0.06060530856876842], [-0.014244368917439021, -0.05473565927014673, -0.043102771653713186], [-0.08590848888316142, -0.028126828490163736, -0.04196101237238589]]	0.4692240370793872	[[0.0, 0.0, 0.9812000000000001], [0.0, -1.0, 0.0], [0.9812000000000001, 0.0, 0.0]]
3	[[0.5319609947059123, -0.8460851799387872, 0.03402011756955908], [-0.703274286200726, -0.4190807785627857, 0.5742617690636116], [-0.47161719485230363, -0.3294103357928521, -0.8179645788128509]]	0.5174644304282209	0.4825355695717792	[[0.2752708931355248, -0.4378189857307833, 0.017604200761232987], [-0.36391942794367227, -0.21685939638240728, 0.2971600392452043], [-0.24404512311440263, -0.1704581317882172, -0.4232675748858514]]	0.7193964248764729	0.48908659272847105	[[0.49035883492032795, -0.6127806965773159, 0.11107829592846172], [-0.41716778062876286, -0.23316462450264303, 0.28993900055778454], [-0.29861258064233387, -0.06274096177802925, -0.5052492294397096]]	[[0.10766799715516229, -0.00411004298838521, 0.08660434497504366], [0.0887652265715929, 0.06832058932987381, -0.12318286304981639], [0.04066714324468431, 0.174235656108707, 0.08319156423384536]]	0.656224248718026	[[0.6807694860346761, -0.680769486034676, 0.0], [-0.7071067811865475, -0.7071067811865476, 0.0], [0.0, 0.0, -0.9627534400000002]]
3	[[0.8489524140446696, -0.5135124485683378, 0.12483895166604869], [0.522794976890395, 0.7815435453534784, -0.34040431673891397], [0.0772347773085365, 0.35425224329800037, 0.9319550081910795]]	0.7567570332617972	0.2432429667382028	[[0.6424507102328852, -0.38860415712157653, 0.09447275469831189], [0.39562877571574523, 0.5914385747466051, -0.25760336084484964], [0.05844796094064367, 0.2680828766645312, 0.7052635071321554]]	0.8810206998531702	0.19553881447991628	[[0.7519298934963977, -0.44280676701396304, 0.053804781843475216], [0.4684642185894865, 0.6259718779358939, -0.2722497399053106], [0.03859865845132754, 0.2723878408007914, 0.8062077359277185]]	[[0.003985243532724422, 0.009608329807028923, -0.0561809187222831], [0.007871022169788747, -0.06258416335715548, 0.027653509461047637], [-0.029446779106043063, -0.03971571851416843, -0.014863917620453231]]	0.43289864108258486	[[0.6938131737002405, -0.6938131737002404, 0.0], [0.7071067811865475, 0.7071067811865476, 0.0], [0.0, 0.0, 0.9812000000000001]]
3	[[0.04673222253661188, -0.9725397674033924, -0.22799671093185395], [-0.8377629715199755, -0.16246744520517667, 0.5213036857710898], [-0.5440306084466285, 0.16664552219444034, -0.8223502702654952]]	0.5579267443998054	0.44207325560019456	[[0.026073156778419055, -0.542605946226719, -0.1272054626640728], [-0.4674103672788467, -0.090644932774278, 0.2908492682458833], [-0.3035292262244727, 0.0929759936667496, -0.45881120904552786]]	0.7529391547860316	0.37430138375473065	[[-0.016790168308134505, -0.8181809737903076, -0.16451896738552596], [-0.6515566295290338, -0.1649088345001719, 0.23515028595605658], [-0.27835400279707684, 0.019613539690723124, -0.6191797174317667]]	[[-0.05197668844612367, -0.0859177033257933, 0.007148683437499331], [-0.020772085841749187, -0.04258073362714039, -0.15735967059527073], [0.1312679437044582, -0.10586039893923567, 0.0]]	0.6221917628638589	[[1.8862226951163974e-16, -0.9446536753280002, 0.0], [-1.0, -1.7938038903913487e-16, 0.0], [0.0, 0.0, -0.9446536753280002]]
3	[[-0.42203838922340475, -0.825029846081567, 0.3757783270710803], [0.2588054115689476, 0.28760896992378115, 0.9221175843470338], [-0.8688517462515349, 0.4864224845687207, 0.09214016247897017]]	0.45915073245373744	0.5408492675462625	[[-0.1937792355355218, -0.3788130581245458, 0.17253889411492662], [0.11883069428487328, 0.13205586920076898, 0.42339096426141165], [-0.3989339156851012, 0.22334124007169492, 0.04230622309062554]]	0.6581946900211378	0.5959062919283563	[[-0.12546717335952418, -0.390714010387449, 0.359839579395122], [0.12945175072206241, 0.09757771192282247, 0.6523173797472748], [-0.520491037401348, 0.18711157858194694, -0.0320620150977648]]	[[0.15231625341239502, 0.15231625341239502, 0.11250427989191063], [-0.04089259692135404, -0.09172498488345943, 0.045384482154938365], [0.05138256839700522, -0.13304911786807386, -0.09270818077910785]]	0.6615291617648618	[[0.0, -0.667971019697224, 0.6679710196972242], [0.0, 0.7071067811865476, 0.7071067811865475], [-0.9446536753280002, 0.0, 0.0]]
3	[[0.8592155572171323, 0.2624339665249735, -0.4391776855101157], [-0.4266000482917053, 0.8413623931712975, -0.33184593135155627], [0.2824199444684594, 0.4724804086637203, 0.8348660002631537]]	0.6013037534786371	0.398696246521363	[[0.5166495396019003, 0.15780252911175358, -0.26407919074129305], [-0.25651621027197025, 0.50591436504967, -0.19954020409830495], [0.1698201726661129, 0.2841042431746154, 0.5020080596099311]]	0.8044337155918285	0.35126314362824274	[[0.5787526406110725, 0.21385020445853592, -0.29140528225173085], [-0.3238171586832292, 0.7527312480160641, -0.2731424159074583], [0.2499797635420616, 0.3580350361721735, 0.5604548465364706]]	[[-0.11242932257540858, 0.002739473669349938, 0.061884055108191074], [0.019354303235720738, 0.07591097191804408, -0.006194360346295096], [0.02279163825606095, -0.02204413451352852, -0.1111395120765067]]	0.6376678392867791	[[0.9446536753280002, 0.0, 0.0], [0.0, 0.7071067811865476, -0.7071067811865475], [0.0, 0.667971019697224, 0.6679710196972242]]
3	[[-0.5446221603179724, 0.8109226453022452, -0.2139887049042392], [-0.8354447797583356, -0.5021691245819775, 0.22328947644507607], [0.07361197229480154, 0.30038414347728, 0.9509735242804028]]	0.6187602392740987	0.38123976072590127	[[-0.3369905382323251, 0.5017666900400024, -0.1324077022485016], [-0.5169400118235644, -0.31072228768240906, 0.13816264987254354], [0.045548161590569715, 0.18586576449214698, 0.5884246054270751]]	0.7866204946770727	0.30912183835485163	[[-0.4702881023293303, 0.5898092614187426, -0.11695038093829689], [-0.6705217317840072, -0.43648899229997634, 0.04273096411032148], [0.09001832674486024, 0.15160541539036065, 0.7442430093291331]]	[[-0.04187714916791081, -0.04807911097375004, 0.051377519968781975], [-0.01334374585512706, -0.04147246710974861, -0.13291311430708883], [0.032113640684168485, -0.08468290814488616, -0.0038122547651167596]]	0.39092312175198746	[[-0.6807694860346761, 0.680769486034676, 0.0], [-0.7071067811865475, -0.7071067811865476, 0.0], [0.0, 0.0, 0.9627534400000002]]
3	[[0.3802729664721569, 0.7767473726770865, -0.5020517802076895], [0.4287143634067757, 0.332951791095048, 0.839849450446521], [0.8195098935212374, -0.5346088512602871, -0.20639019011321075]]	0.5495401747020101	0.4504598252979901	[[0.20897527242956074, 0.4268538868802934, -0.2758976230047888], [0.23559576616382055, 0.18297038544571986, 0.46153101372176836], [0.45035361005568636, -0.2937890415188192, -0.1134197011315949]]	0.7122031186575327	0.4450054483081537	[[0.21951753529179674, 0.47687496484820063, -0.3098239628762259], [0.3363349494412171, 0.21655883465961973, 0.4874584837807102], [0.5954221784280065, -0.3032145200929929, -0.05803699068100027]]	[[-0.05131405737082477, -0.07632693638146507, 0.047738880715256664], [0.03100324280963257, -0.020570469320884716, -0.11068491403011693], [0.011764676491478526, 0.07753557103650456, 0.08895474637794949]]	0.6795282467782252	[[0.0, 0.667971019697224, -0.6679710196972242], [0.0, 0.7071067811865476, 0.7071067811865475], [0.9446536753280002, 0.0, 0.0]]
3	[[-0.8305561570912853, 0.32773595720904825, 0.4502950280316503], [-0.5100865793185324, -0.772219296347621, -0.37879947194723407], [0.22358030216652452, -0.5443036842615101, 0.808545204538665]]	0.5285481463708603	0.4714518536291397	[[-0.43898891728750394, 0.17322423268192205, 0.23800260238614335], [-0.2696053159874632, -0.4081550776763452, -0.2002137587439713], [0.11817295427515334, -0.2876907033792512, 0.42735506911595944]]	0.75559217956179	0.44637764836200966	[[-0.5344398252190501, 0.15054251269319036, 0.2503816262330865], [-0.5531665440960912, -0.5995067600288739, -0.2912657863070666], [0.2337843481289876, -0.3398019943286311, 0.4828276626576735]]	[[0.09312191176601879, -0.09709221353516394, -0.0898577754431854], [-0.16774911386358332, -0.01602389880190321, -0.005047867681600894], [0.06484882030789973, 0.07146961280603562, -0.1281027707139297]]	0.6803659102361568	[[-0.6679710196972242, 0.667971019697224, 0.0], [-0.7071067811865475, -0.7071067811865476, 0.0], [0.0, 0.0, 0.9446536753280002]]
