3	[[0.8489524140446696, -0.5135124485683378, 0.12483895166604869], [0.522794976890395, 0.7815435453534784, -0.34040431673891397], [0.0772347773085365, 0.35425224329800037, 0.9319550081910795]]	0.6427315315760016	0.35726846842399834	[[0.5456484853140744, -0.33005064255167044, 0.08023793060466189], [0.336016816197004, 0.5023226798983794, -0.21878858785268454], [0.04964122671044707, 0.22768908689915812, 0.5989968697745777]]	0.8101525046749244	0.28637320877044303	[[0.6354368364334999, -0.39284072845445983, 0.05221294394210935], [0.4765552277799597, 0.6244020271479631, -0.2648089842021005], [0.024219668876122397, 0.22375429698355237, 0.7028823701981441]]	[[-0.05234408815461263, 0.023182667934932247, -0.04892564543113183], [0.053011567820736884, -0.008767433632677655, 0.010970425606086971], [-0.03835227940839847, -0.06324404521103333, -0.05214331393219856]]	0.46070329131195836	[[0.6393659515488762, -0.6393659515488761, 0.0], [0.7071067811865475, 0.7071067811865476, 0.0], [0.0, 0.0, 0.9041999999999999]]
3	[[0.3802729664721569, 0.7767473726770865, -0.5020517802076895], [0.4287143634067757, 0.332951791095048, 0.839849450446521], [0.8195098935212374, -0.5346088512602871, -0.20639019011321075]]	0.4737724995219679	0.5262275004780325	[[0.1801628738261473, 0.36800154425034476, -0.2378583267984507], [0.20311307553219737, 0.1577434022874169, 0.3978975733601994], [0.3882612506365384, -0.2532829717281541, -0.09778199624675002]]	0.6319629325498332	0.5439244267210164	[[0.11184444840870361, 0.39028421510789374, -0.22986838317434294], [0.30248654849524886, 0.14177460357355443, 0.46326957519976725], [0.5412558422576084, -0.261433133979907, -0.0921821792474535]]	[[-0.12847397065246502, -0.10059133237949591, 0.0874097321375727], [0.03155496217046795, -0.06863858672459147, -0.06748414640478198], [0.02335596669432567, 0.07641984342964166, 0.038248770546008753]]	0.7399514062326099	[[0.0, 0.5227313057636844, -0.5227313057636845], [0.0, 0.7071067811865476, 0.7071067811865475], [0.7392537020879998, 0.0, 0.0]]
3	[[-0.5446221603179724, 0.8109226453022452, -0.2139887049042392], [-0.8354447797583356, -0.5021691245819775, 0.22328947644507607], [0.07361197229480154, 0.30038414347728, 0.9509735242804028]]	0.5080106771260694	0.4919893228739306	[[-0.2766738724409959, 0.41195736213685696, -0.10870854687573323], [-0.424414868266472, -0.2551072770106959, 0.11343343812398862], [0.03739566789006758, 0.1525983521258274, 0.483104703998652]]	0.7231973436607899	0.39167981418399767	[[-0.44977859362798595, 0.5232764241332079, -0.07461472692255694], [-0.6805915023269271, -0.4663988434626152, 0.03974090210717345], [0.09224995292896784, 0.07717012425837297, 0.6802022086719718]]	[[-0.05590929398722745, -0.06318067886375689, 0.08014133603760153], [-0.0764000568304252, -0.10323146649646489, -0.12174145412531412], [0.0390139701037357, -0.14006689038221753, -0.0075393179793552265]]	0.4488369881034529	[[-0.5781146933904938, 0.5781146933904937, 0.0], [-0.7071067811865475, -0.7071067811865476, 0.0], [0.0, 0.0, 0.8175776399999998]]
3	[[0.08740825448676931, -0.06334395238859675, -0.994156597696443], [0.7119981850616444, -0.6940087028176986, 0.10681996481098455], [-0.6967197295301035, -0.717174639895393, -0.015561310176609944]]	0.587771550326622	0.41222844967337813	[[0.051376085251032294, -0.03723177309926124, -0.5843369646954782], [0.4184922770634239, -0.40791857119532643, 0.0627857363227876], [-0.4095120355690537, -0.42153484994625195, -0.009146495407619477]]	0.8011943317382729	0.3194263986487824	[[0.03503337101726469, -0.02767349159194646, -0.692757595535133], [0.6361624955401626, -0.6400869363236449, 0.07094428564638489], [-0.5094217070851544, -0.49505781417173794, 0.024772334214132125]]	[[-0.03499762702467134, 0.023077324011696283, 0.10375503539946343], [0.06571358546083524, -0.08405109744907344, -0.01463926467665771], [0.04878619102458708, 0.07953844217888797, 0.03723996772205312]]	0.2952807279988597	[[0.0, 0.0, -0.7392537020879998], [0.7071067811865475, -0.7071067811865476, 0.0], [-0.5227313057636845, -0.5227313057636844, 0.0]]
3	[[-0.3195682178843842, -0.5708200961323295, -0.7563336379995778], [0.910087742671785, 0.03735879733279218, -0.41272826520656647], [0.2638493031197415, -0.8202248094963509, 0.507557688474819]]	0.39366157658548884	0.6063384234145112	[[-0.1258017284789817, -0.2247099389901331, -0.2977394923595521], [0.3582665756113036, 0.014706723057364805, -0.16247525958261075], [0.10386733264709998, -0.3228909916608657, 0.19980595985308364]]	0.5996914792166512	0.6191169201705288	[[-0.2564646106206378, -0.2564646106206378, -0.34855514854703495], [0.6111460270939088, -0.09543844854912392, -0.05621250829191826], [0.20571237019711672, -0.3174050518732322, 0.3211404257499879]]	[[-0.06482227332692232, 0.08585133719554988, 0.10501168960624296], [0.06537416247412307, -0.11784220098338113, 0.19129711558432985], [0.04748419131895636, 0.1744767774238304, 0.016762404760739563]]	0.9394764283269024	[[-1.4760934581057363e-16, -0.7392537020879998, 0.0], [1.0, -1.7938038903913487e-16, 0.0], [0.0, 0.0, 0.7392537020879998]]
3	[[0.8592155572171323, 0.2624339665249735, -0.4391776855101157], [-0.4266000482917053, 0.8413623931712975, -0.33184593135155627], [0.2824199444684594, 0.4724804086637203, 0.8348660002631537]]	0.4801676528112957	0.5198323471887043	[[0.4125675173679, 0.1260123017242547, -0.21087891841848963], [-0.20483954387741354, 0.4039950054927566, -0.15934168195205511], [0.1356089218425166, 0.2268698088273804, 0.40087564775831314]]	0.7276079545706714	0.4766921299061805	[[0.44208698632896337, 0.17497540624516678, -0.28118983284304977], [-0.34905814903452337, 0.7495854466511143, -0.2554960618759573], [0.2335608446649023, 0.3038629588324976, 0.436329002204363]]	[[-0.18308508779309401, -0.015973635347937287, 0.03835934460404713], [-0.03866056047724601, 0.13740347670306163, -0.014042322532651976], [0.02806984654024389, -0.039917544890026836, -0.17112614058770792]]	0.6901432430387888	[[0.6393659515488762, 0.6393659515488761, 0.0], [-0.7071067811865475, 0.7071067811865476, 0.0], [0.0, 0.0, 0.9041999999999999]]
3	[[-0.30792515101507295, 0.09349718223056193, 0.9468053539599837], [0.3027085282091916, -0.9338174967034747, 0.1906631317268273], [0.9019698710720718, 0.34531602882779927, 0.2592434992682147]]	0.5725927293974115	0.4274072706025887	[[-0.17631570266983077, 0.053535806764364625, 0.5421338618320292], [0.17332870237917436, -0.5346971091965008, 0.10917232299092222], [0.516461390311389, 0.19772544745118484, 0.14844094282452294]]	0.7863999924694592	0.3190783015343202	[[-0.17346771860976457, 0.06707050946091209, 0.7077064160485445], [0.26114919278668336, -0.8386816271676714, 0.128307810765084], [0.6499927521797112, 0.2341851341612744, 0.10639720914885249]]	[[0.06868461782964595, -0.0064556739411174725, -0.036861307175630284], [0.023099208482534054, -0.10432755479220954, -0.02162967458909651], [-0.05931634763904518, -0.03737138830849052, -0.09747187672342784]]	0.48672623618676475	[[0.0, 0.0, 0.9041999999999999], [0.0, -1.0, 0.0], [0.9041999999999999, 0.0, 0.0]]
3	[[0.034229894132735264, 0.2773841392786001, 0.9601491309293217], [-0.1827544195208179, -0.9427759796974285, 0.2788803941677556], [0.9825625356654255, -0.18501754344446375, 0.018422055382213542]]	0.7303615413746359	0.2696384586253641	[[0.025000198239875142, 0.2025907075163951, 0.7012559992150565], [-0.1334767995342514, -0.6885673177027963, 0.20368351454352798], [0.717625888045571, -0.13512969821144719, 0.013454760764242395]]	0.8584942225777189	0.21751049678644718	[[0.00924388451673994, 0.20600813639821097, 0.7644784354398774], [-0.1692093085248392, -0.8228986485150339, 0.2583511761447703], [0.7929124480745119, -0.14119129979883288, 0.0]]	[[-0.020142281835660247, -0.03212454460716052, -0.05980404627596318], [-0.012315695215672367, -0.013530916759742759, 0.0189339689615551], [-0.05061181211556986, 0.01764519232376137, -0.0158152281136371]]	0.3815268427727889	[[0.0, 0.0, 0.9041999999999999], [0.0, -1.0, 0.0], [0.9041999999999999, 0.0, 0.0]]
3	[[0.8787972042104137, -0.3840163418041313, 0.28327887866788265], [-0.395223040501579, -0.9183905790867732, -0.018907472103605397], [0.2674214316928388, -0.09534250611366366, -0.9588511794847616]]	0.5556116044907964	0.44438839550920356	[[0.48826992465337415, -0.21336393582047952, 0.1573930322950159], [-0.21959050766481336, -0.5102684631956339, -0.010505210912349155], [0.14858245073808404, -0.052973402797986235, -0.532748842301421]]	0.783732512671184	0.37708626269310136	[[0.5431011443671842, -0.22847906988186964, 0.22102915495970557], [-0.34556647358030373, -0.8463871656910754, -0.025287714362873193], [0.19864159451625021, -0.07472302188082934, -0.629176545189559]]	[[-0.14564079661705528, 0.07248702258707845, -0.000985712405349583], [-0.03581732698245607, -0.1266146095298549, -0.010469313742854217], [-0.010945276086503744, 0.0, 0.12230629898576184]]	0.5161662682106662	[[0.9041999999999999, 0.0, 0.0], [0.0, -1.0, 0.0], [0.0, 0.0, -0.9041999999999999]]
3	[[0.5319609947059123, -0.8460851799387872, 0.03402011756955908], [-0.703274286200726, -0.4190807785627857, 0.5742617690636116], [-0.47161719485230363, -0.3294103357928521, -0.8179645788128509]]	0.446896305007582	0.5531036949924181	[[0.23773140294223008, -0.37811234063631916, 0.015203464837759459], [-0.31429067990994913, -0.18728565143940962, 0.2566354627016454], [-0.2107639817575353, -0.14721226189713246, -0.36554534789854615]]	0.6503185685823835	0.5661661960857355	[[0.3854018563954442, -0.5164940290390228, 0.09021494777918314], [-0.4056479565897682, -0.232197124341318, 0.3014588245967793], [-0.2614107726549609, -0.03800922209072834, -0.43101286600602007]]	[[0.03945774377663447, 0.033730874077537734, 0.06809103361834307], [0.05170437053308531, 0.040338887694023585, -0.07199426705225594], [0.04529064642022819, 0.17621243595832148, 0.10092468803864524]]	0.7110704572034051	[[0.5781146933904938, -0.5781146933904937, 0.0], [-0.7071067811865475, -0.7071067811865476, 0.0], [0.0, 0.0, -0.8175776399999998]]
3	[[-0.8305561570912853, 0.32773595720904825, 0.4502950280316503], [-0.5100865793185324, -0.772219296347621, -0.37879947194723407], [0.22358030216652452, -0.5443036842615101, 0.808545204538665]]	0.44041567005155674	0.5595843299484433	[[-0.3657899464408044, 0.14434005119421134, 0.19831698649144375], [-0.2246501226148779, -0.34009747882767916, -0.16682922325281696], [0.09846826858899943, -0.23971987181556398, 0.35609597802386905]]	0.6703592343403655	0.5442813432866359	[[-0.4198822331196659, 0.09681314418971046, 0.24616569238623776], [-0.5421815775298363, -0.593247252328429, -0.26732395352777716], [0.19521895566915407, -0.3012124378240775, 0.3781265741822647]]	[[0.1368887564247243, -0.12288768115075391, -0.05569373783233268], [-0.20024032877056883, -0.07558291608598199, -0.013392229544694599], [0.045339835495215114, 0.06366656320610843, -0.16388917006184897]]	0.6898286157177594	[[-0.5781146933904938, 0.5781146933904937, 0.0], [-0.7071067811865475, -0.7071067811865476, 0.0], [0.0, 0.0, 0.8175776399999998]]
3	[[0.04673222253661188, -0.9725397674033924, -0.22799671093185395], [-0.8377629715199755, -0.16246744520517667, 0.5213036857710898], [-0.5440306084466285, 0.16664552219444034, -0.8223502702654952]]	0.4888683487755456	0.5111316512244544	[[0.022845904466084782, -0.47544391020904964, -0.11146037559951082], [-0.4095558005522648, -0.07942519166723616, 0.25484887207351853], [-0.26595934523465864, 0.08146772126603459, -0.40202101873981627]]	0.6810431142018335	0.4934790915993825	[[9.917582192977667e-17, -0.668208453594324, -0.09991947429808425], [-0.6718803703462553, -0.13516262957610461, 0.23201561516858143], [-0.24256365094927418, 0.0, -0.49669005113872555]]	[[-0.031826658369907265, -0.0058669417167909205, 0.055356115742720764], [-0.10132766725930917, -0.024515294737155288, -0.12301467043385547], [0.12794464884833595, -0.11349278540309242, 0.0633659378876067]]	0.6980377900831479	[[-1.4760934581057363e-16, -0.7392537020879998, 0.0], [-1.0, 1.7938038903913487e-16, 0.0], [0.0, 0.0, -0.7392537020879998]]
3	[[-0.42203838922340475, -0.825029846081567, 0.3757783270710803], [0.2588054115689476, 0.28760896992378115, 0.9221175843470338], [-0.8688517462515349, 0.4864224845687207, 0.09214016247897017]]	0.3912249101459766	0.6087750898540235	[[-0.16511193090207923, -0.32277222740101, 0.14701384224318875], [0.10125112388635404, 0.11251979341560814, 0.3607553690801933], [-0.33991644635743157, 0.19030059281838047, 0.03604752678667078]]	0.5830537357109242	0.6540731380860847	[[-0.08315902259820515, -0.31812469697894435, 0.2693382484417889], [0.16287293556877147, 0.07936207278545455, 0.6126245350101294], [-0.42255676514199153, 0.16432240542228688, -0.027339495851462736]]	[[0.16291203685192207, 0.16291203685192207, 0.05023929104379402], [0.011975473531293301, -0.08832941155257687, 0.07498043269185803], [0.08403049128892598, -0.11928804133929514, -0.0810621617938378]]	0.7160103332152605	[[0.0, -0.5227313057636844, 0.5227313057636845], [0.0, 0.7071067811865476, 0.7071067811865475], [-0.7392537020879998, 0.0, 0.0]]
3	[[0.22433838825039393, -0.7661379269479729, -0.6022499185961573], [-0.9416906372873723, -0.011392912655017143, -0.3362869982418849], [0.2507808429735371, 0.642575192824231, -0.724020780340167]]	0.4065856098149296	0.5934143901850705	[[0.09121276039168488, -0.31150065623048756, -0.24486615041341028], [-0.382877862018496, -0.004632194339408402, -0.13672945425300895], [0.1019638819702977, 0.261261826626386, -0.29437643049328815]]	0.6273851788268724	0.5811900647867786	[[0.24948584817044506, -0.3822761634246121, -0.24191479663918183], [-0.6901010438721691, -0.04768356221646711, -0.04078094177683359], [0.22252453030136657, 0.22252453030136649, -0.45546912317380595]]	[[0.10873926834023935, 0.09838741687969113, 0.13592787623773767], [-0.09929829499803942, -0.04053581767304032, 0.17020053675230354], [0.0651883462860602, -0.1806176219583757, -0.001229216425718542]]	0.734310181953105	[[1.4760934581057363e-16, -0.7392537020879998, 0.0], [-1.0, -1.7938038903913487e-16, 0.0], [0.0, 0.0, -0.7392537020879998]]
