3	[[-0.3195682178843842, -0.5708200961323295, -0.7563336379995778], [0.910087742671785, 0.03735879733279218, -0.41272826520656647], [0.2638493031197415, -0.8202248094963509, 0.507557688474819]]	0.41771392979727867	0.5822860702027214	[[-0.1334880961307991, -0.23843950556269575, -0.315931096166676], [0.38015632745176586, 0.01560529004638072, -0.1724023455978483], [0.11021352928042055, -0.342619328491945, 0.2120139166516396]]	0.6243831340037138	0.5740451478024009	[[-0.2501103994977111, -0.2501103994977111, -0.405207323202649], [0.6090867710976721, 0.04207195452295245, -0.057418792526115654], [0.3145285363935789, -0.36516463623630147, 0.30764339649546363]]	[[-0.050577394087077655, 0.10630004107769399, 0.06703464404395776], [0.04084333410989754, 0.018745751561694037, 0.2002817751954763], [0.14978548160697883, 0.14696990090462916, -0.00926706372212449]]	0.9367382279032058	[[0.0, 0.0, -0.8022830250880001], [0.7071067811865475, 0.7071067811865476, 0.0], [0.567299767470582, -0.5672997674705819, 0.0]]
3	[[0.08740825448676931, -0.06334395238859675, -0.994156597696443], [0.7119981850616444, -0.6940087028176986, 0.10681996481098455], [-0.6967197295301035, -0.717174639895393, -0.015561310176609944]]	0.6600815126678559	0.3399184873321443	[[0.057696572841283586, -0.041812171911025584, -0.656224390836197], [0.4699768390122581, -0.45810231436056276, 0.07050988395556182], [-0.45989181297377013, -0.47339372114917583, -0.010271733160470385]]	0.8364913549047456	0.26273783336493345	[[0.03847354060783884, -0.029997797720639655, -0.7513839898229476], [0.6358068815352691, -0.639288067317898, 0.07129989965127843], [-0.5525203606677368, -0.5373019697499422, 0.027204901460058856]]	[[-0.034642708617657614, 0.02298887083791932, 0.08021940957164235], [0.04022655502333441, -0.058755787182236494, -0.018054077444339296], [0.030279669875767565, 0.06260841647947821, 0.04022180289378431]]	0.24150851807888	[[0.0, 0.0, -0.8022830250880001], [0.7071067811865475, -0.7071067811865476, 0.0], [-0.567299767470582, -0.5672997674705819, 0.0]]
3	[[0.034229894132735264, 0.2773841392786001, 0.9601491309293217], [-0.1827544195208179, -0.9427759796974285, 0.2788803941677556], [0.9825625356654255, -0.18501754344446375, 0.018422055382213542]]	0.783863824551684	0.21613617544831598	[[0.02683157572888511, 0.21743139228490047, 0.7526261699102339], [-0.14325457823931123, -0.7390079851410873, 0.21860425236481806], [0.7701952270679009, -0.1450285592135347, 0.01444038278800484]]	0.8808338947094267	0.1831851776692639	[[0.009185704767120934, 0.21660784748459339, 0.7981190320575527], [-0.1675794464414379, -0.8243706895150213, 0.2564272168816328], [0.8281982003773903, -0.14779515487643508, 0.0]]	[[-0.02096514619730762, -0.027721504246798027, -0.047612866440792934], [-0.006603159319555397, 0.0060583485203598506, 0.010779913128748476], [-0.037276184708356724, 0.015174568505322545, -0.016226770790867904]]	0.369615339095136	[[0.0, 0.0, 0.9292], [0.0, -1.0, 0.0], [0.9292, 0.0, 0.0]]
3	[[0.3802729664721569, 0.7767473726770865, -0.5020517802076895], [0.4287143634067757, 0.332951791095048, 0.839849450446521], [0.8195098935212374, -0.5346088512602871, -0.20639019011321075]]	0.51006610253619	0.4899338974638103	[[0.19396434990832837, 0.39619250503662695, -0.25607959480189213], [0.21867266444417788, 0.16982742241629495, 0.42837873590641806], [0.41800421737822563, -0.2726858531436844, -0.1052726398727487]]	0.6592260933789493	0.5101589987032217	[[0.12538494433912706, 0.40933851004562327, -0.256550801284956], [0.3040638046211675, 0.16373010179556632, 0.46276415473215604], [0.5806175942531764, -0.2914923701907361, -0.08269299916054351]]	[[-0.12530091776593713, -0.10271362598665537, 0.07441483245530607], [0.02144410965707553, -0.05576040673154615, -0.09088651751216156], [0.040375288661772354, 0.06093573431139084, 0.05336479957952706]]	0.7183970827891333	[[0.0, 0.5672997674705819, -0.567299767470582], [0.0, 0.7071067811865476, 0.7071067811865475], [0.8022830250880001, 0.0, 0.0]]
3	[[-0.30792515101507295, 0.09349718223056193, 0.9468053539599837], [0.3027085282091916, -0.9338174967034747, 0.1906631317268273], [0.9019698710720718, 0.34531602882779927, 0.2592434992682147]]	0.620893814362502	0.37910618563749804	[[-0.19118882155189812, 0.05805182210727954, 0.5878655876790533], [0.18794985271986403, -0.5798015074466636, 0.11838155911616997], [0.5600275136899928, 0.214404586299404, 0.16096268510932435]]	0.8075080195888549	0.3007717030894918	[[-0.20557404473457655, 0.06915024497289145, 0.714851356214318], [0.25321239397978657, -0.8446259851142284, 0.12189365999780236], [0.6551185864018627, 0.2420008772814245, 0.13642379976168512]]	[[0.04307798414320408, -0.00634947948724787, -0.049701560098033226], [0.00877282985292527, -0.09056086769378366, -0.032068347911536926], [-0.07322931791636088, -0.03684458528959963, -0.07291740492367574]]	0.48014599093066446	[[0.0, 0.0, 0.9292], [0.0, -1.0, 0.0], [0.9292, 0.0, 0.0]]
3	[[-0.8305561570912853, 0.32773595720904825, 0.4502950280316503], [-0.5100865793185324, -0.772219296347621, -0.37879947194723407], [0.22358030216652452, -0.5443036842615101, 0.808545204538665]]	0.4679485511284823	0.5320514488715175	[[-0.3886575503417072, 0.1533635663286804, 0.2107149059477701], [-0.23869427574219093, -0.36135890087932543, -0.17725866406594237], [0.10462407845969345, -0.2547061204240686, 0.3783575569857507]]	0.6981787096046574	0.514140453991067	[[-0.45425997634629756, 0.11433139391360789, 0.24747292838215765], [-0.5452121657999818, -0.5969418574365082, -0.2742791575526674], [0.2082424945667141, -0.3131792619284532, 0.4104700979469662]]	[[0.1256166496658991, -0.11448687378165266, -0.06691347323037296], [-0.18908057606471496, -0.05779478558070944, -0.009809431029621913], [0.0521434877070706, 0.06684198198230878, -0.15403894961487274]]	0.6842332416437417	[[-0.6105249327061795, 0.6105249327061794, 0.0], [-0.7071067811865475, -0.7071067811865476, 0.0], [0.0, 0.0, 0.8634126400000001]]
3	[[-0.5446221603179724, 0.8109226453022452, -0.2139887049042392], [-0.8354447797583356, -0.5021691245819775, 0.22328947644507607], [0.07361197229480154, 0.30038414347728, 0.9509735242804028]]	0.5470060859558242	0.45299391404417577	[[-0.2979116362403395, 0.44357962221972436, -0.11705312390842376], [-0.45699337900783277, -0.27468956732545013, 0.12214070254534629], [0.04026619684446797, 0.1643119546066997, 0.5201883053642391]]	0.7461830166847585	0.3641726642835125	[[-0.47191476984803293, 0.5473498276668465, -0.08897514792469781], [-0.6788499590049961, -0.45614798597001827, 0.04141061377130342], [0.10650008908940853, 0.08793131593515396, 0.7096002931348873]]	[[-0.06552696330859821, -0.057746878102767234, 0.07069958943721197], [-0.05545525297138758, -0.08143791370349401, -0.12520420135644375], [0.05157208553835867, -0.13621023040899014, 0.0]]	0.42799444970385664	[[-0.6105249327061795, 0.6105249327061794, 0.0], [-0.7071067811865475, -0.7071067811865476, 0.0], [0.0, 0.0, 0.8634126400000001]]
3	[[0.8787972042104137, -0.3840163418041313, 0.28327887866788265], [-0.395223040501579, -0.9183905790867732, -0.018907472103605397], [0.2674214316928388, -0.09534250611366366, -0.9588511794847616]]	0.5947988479033707	0.40520115209662944	[[0.5227075646050574, -0.22841247768116427, 0.16849395066701534], [-0.2350782091552064, -0.546257658366122, -0.011246142623989618], [0.15906195947557042, -0.05670961279262722, -0.5703235768683242]]	0.8032678990686433	0.35125466050229776	[[0.5647304743449442, -0.24099744357244085, 0.23042383000935096], [-0.3454793251677299, -0.8476427293243749, -0.022343664023513288], [0.20669197234397968, -0.0765855745778619, -0.6565639579629787]]	[[-0.14117910958855207, 0.0674705565165897, 0.002875000291279796], [-0.0280093437605052, -0.10992905833690778, -0.0071558986301512], [-0.008119079257855663, 0.0, 0.1136504145012365]]	0.5036847417956298	[[0.6105249327061795, -0.6105249327061794, 0.0], [-0.7071067811865475, -0.7071067811865476, 0.0], [0.0, 0.0, -0.8634126400000001]]
3	[[0.22433838825039393, -0.7661379269479729, -0.6022499185961573], [-0.9416906372873723, -0.011392912655017143, -0.3362869982418849], [0.2507808429735371, 0.642575192824231, -0.724020780340167]]	0.4394677318316339	0.5605322681683662	[[0.09858948264716508, -0.3366928970260156, -0.26466940572123937], [-0.41384264845576746, -0.005006817483456313, -0.1477872843618298], [0.1102100882484055, 0.28239106252173957, -0.31818377013506277]]	0.6563517982205903	0.5577746562058715	[[0.27603451017073166, -0.3913537458762101, -0.27627130965952196], [-0.6804884809758887, -0.04975611733769874, -0.04025432624602323], [0.2504849490601293, 0.2504849490601292, -0.4733956210384024]]	[[0.12878960563267666, 0.11150226016108714, 0.11901650738926994], [-0.06240813782482811, -0.04227835862960812, 0.18046824976824244], [0.08588449181517269, -0.1712704342419974, 0.0018167200869412536]]	0.7313341022816355	[[-1.6019462892601198e-16, -0.8022830250880001, 0.0], [-1.0, 1.7938038903913487e-16, 0.0], [0.0, 0.0, -0.8022830250880001]]
3	[[0.8489524140446696, -0.5135124485683378, 0.12483895166604869], [0.522794976890395, 0.7815435453534784, -0.34040431673891397], [0.0772347773085365, 0.35425224329800037, 0.9319550081910795]]	0.6938120810958595	0.30618791890414054	[[0.5890134411396859, -0.35628114060982896, 0.08661477285724667], [0.3627214709027867, 0.5422443536687332, -0.23617662741064], [0.053586421577410975, 0.24578448615546242, 0.6466016437207616]]	0.8351928351818154	0.24812251877651184	[[0.67244257923545, -0.4151010173345649, 0.051939904182257045], [0.4767314393401113, 0.6228766927883124, -0.26526458682086984], [0.03084931166211233, 0.23390786768351063, 0.7381601403085523]]	[[-0.036596394384963926, 0.013780900486381318, -0.05232469380083577], [0.04009682037221061, -0.029862876673506903, 0.01903865958443244], [-0.033656620972840445, -0.06196106776606461, -0.040202005244447454]]	0.45106641327765823	[[0.65704362107854, -0.65704362107854, 0.0], [0.7071067811865475, 0.7071067811865476, 0.0], [0.0, 0.0, 0.9292]]
3	[[0.8592155572171323, 0.2624339665249735, -0.4391776855101157], [-0.4266000482917053, 0.8413623931712975, -0.33184593135155627], [0.2824199444684594, 0.4724804086637203, 0.8348660002631537]]	0.516834813184951	0.48316518681504905	[[0.4440725119999202, 0.13563501006232034, -0.22698231704561983], [-0.22048175626353458, 0.4348453752955307, -0.17150952993626759], [0.14596445923906048, 0.24419432374526323, 0.43148781328047425]]	0.7527055266831084	0.4379170683688045	[[0.47963869640271806, 0.19262958228610125, -0.2888259150668663], [-0.35278925335601197, 0.7490901460500093, -0.252960718983108], [0.2404797310190358, 0.3196641040714617, 0.4753654586374719]]	[[-0.16709760212672412, -0.0049059147066162, 0.04174555601249392], [-0.03168503932356451, 0.11579202276664734, -0.003178452447488233], [0.027900677972089827, -0.035974510779214236, -0.15304279380042535]]	0.6866724561116548	[[0.8022830250880001, 0.0, 0.0], [0.0, 0.7071067811865476, -0.7071067811865475], [0.0, 0.5672997674705819, 0.567299767470582]]
3	[[-0.42203838922340475, -0.825029846081567, 0.3757783270710803], [0.2588054115689476, 0.28760896992378115, 0.9221175843470338], [-0.8688517462515349, 0.4864224845687207, 0.09214016247897017]]	0.4130041708988829	0.5869958291011171	[[-0.17430361502871233, -0.3407407675477506, 0.15519801641376077], [0.10688771442917736, 0.11878370416645295, 0.3808384083945275], [-0.35883939509466184, 0.20089451494587918, 0.03805427141111543]]	0.6078367642240757	0.6338867115004065	[[-0.09575415950918999, -0.3407071826558015, 0.2965748231066429], [0.15175850984098066, 0.08522802139698256, 0.6256307167628243], [-0.45286043939816656, 0.171966214973436, -0.028972279111595348]]	[[0.1607762893747054, 0.16077628937470537, 0.06816294071422102], [-0.0055529340907685965, -0.08959128424330813, 0.06513374805920198], [0.07525959463380413, -0.12369925409265059, -0.08497845732789319]]	0.6957217290858867	[[0.0, -0.5672997674705819, 0.567299767470582], [0.0, 0.7071067811865476, 0.7071067811865475], [-0.8022830250880001, 0.0, 0.0]]
3	[[0.04673222253661188, -0.9725397674033924, -0.22799671093185395], [-0.8377629715199755, -0.16246744520517667, 0.5213036857710898], [-0.5440306084466285, 0.16664552219444034, -0.8223502702654952]]	0.5137508733307778	0.4862491266692221	[[0.024008720140872585, -0.4996431548524044, -0.11713350935778491], [-0.43040145826257503, -0.08346779186197983, 0.26782022383545073], [-0.27949620020813, 0.08561428256405726, -0.4224831695326994]]	0.7093590701993616	0.45335585781273086	[[-1.074442788954802e-16, -0.7249055925627282, -0.09978720207298378], [-0.670710869745232, -0.12437905197113988, 0.23284257697416677], [-0.26418307954939174, 0.0, -0.5380999455386083]]	[[-0.03314992592692065, -0.03502568742555448, 0.06194433280214873], [-0.07643610722036792, -0.009131296102730141, -0.13694892085591365], [0.12172996701830154, -0.11821151267673528, 0.045241677555117106]]	0.6722247132774727	[[1.6019462892601198e-16, -0.8022830250880001, 0.0], [-1.0, -1.7938038903913487e-16, 0.0], [0.0, 0.0, -0.8022830250880001]]
3	[[0.5319609947059123, -0.8460851799387872, 0.03402011756955908], [-0.703274286200726, -0.4190807785627857, 0.5742617690636116], [-0.47161719485230363, -0.3294103357928521, -0.8179645788128509]]	0.47002960776139857	0.5299703922386014	[[0.2500374176859834, -0.3976850852593605, 0.015990462517216517], [-0.3305597368916048, -0.19698037396820772, 0.26992003406533616], [-0.22167404510995936, -0.15483261092526487, -0.3844675701421219]]	0.6736703466244293	0.5408259316450612	[[0.40980073584435056, -0.5496344214715853, 0.09767747106057081], [-0.40513018815509877, -0.23049322704608546, 0.3019765930314487], [-0.2826162914709389, -0.04243079839014383, -0.45225336333112315]]	[[0.051434388150142514, 0.02034807497156994, 0.07475912666528212], [0.0686448440017923, 0.05182906631194205, -0.08488653198679243], [0.03509822765925351, 0.17948317670509645, 0.09878511800423537]]	0.6928866741768615	[[0.6105249327061795, -0.6105249327061794, 0.0], [-0.7071067811865475, -0.7071067811865476, 0.0], [0.0, 0.0, -0.8634126400000001]]
