3	[[0.22433838825039393, -0.7661379269479729, -0.6022499185961573], [-0.9416906372873723, -0.011392912655017143, -0.3362869982418849], [0.2507808429735371, 0.642575192824231, -0.724020780340167]]	0.5213805393959634	0.4786194606040366	[[0.11696566987321141, -0.39944940560383935, -0.3140013874088395], [-0.4909791724130188, -0.005940042945363943, -0.1753334965352034], [0.13075225117971717, 0.33502620063716276, -0.3774903449876426]]	0.7183997537324731	0.5067065739708503	[[0.2731854158887655, -0.4057162537339617, -0.4013608465616893], [-0.681742698009325, 0.026207286455816648, -0.038321096513745705], [0.3331533591387788, 0.3472032853837256, -0.4817354884117311]]	[[0.11202077301694258, 0.14467704431056946, 0.03129534664319212], [-0.005232376089901045, 0.03439195210147651, 0.20326740020665707], [0.15299246330576777, -0.11442257489579845, 0.03840086188183783]]	0.7470658199207445	[[1.9350821518692174e-16, -0.9691233551360001, 0.0], [-1.0, -1.7938038903913487e-16, 0.0], [0.0, 0.0, -0.9691233551360001]]
3	[[0.8489524140446696, -0.5135124485683378, 0.12483895166604869], [0.522794976890395, 0.7815435453534784, -0.34040431673891397], [0.0772347773085365, 0.35425224329800037, 0.9319550081910795]]	0.7645940408823201	0.23540595911767986	[[0.6491039567712147, -0.39262855809424, 0.09545111851385682], [0.3997259239336063, 0.5975635374673107, -0.2602711120691914], [0.05905325047898006, 0.2708591541948449, 0.7125672456333334]]	0.8879386505114077	0.19403683878724212	[[0.7642255345806693, -0.44355735338222113, 0.05631753931492012], [0.4664451247834629, 0.6255377199510962, -0.27444866783685007], [0.03922796835047447, 0.2830641847510994, 0.8148035019291577]]	[[0.010407873705443584, 0.012410197220357501, -0.05453179095869003], [0.002235258509262898, -0.06842500102597268, 0.02780948179655906], [-0.029351775585416552, -0.03149007410356595, -0.012715370381377461]]	0.4302173075615274	[[0.6997528706622075, -0.6997528706622074, 0.0], [0.7071067811865475, 0.7071067811865476, 0.0], [0.0, 0.0, 0.9896]]
3	[[0.8592155572171323, 0.2624339665249735, -0.4391776855101157], [-0.4266000482917053, 0.8413623931712975, -0.33184593135155627], [0.2824199444684594, 0.4724804086637203, 0.8348660002631537]]	0.6161235233779954	0.3838764766220046	[[0.5293829164538072, 0.1616917401094296, -0.27058770298548573], [-0.2628383248267083, 0.5183831621184419, -0.20445808444297325], [0.17400557125812502, 0.2911062941129665, 0.5143805816306287]]	0.812828397478576	0.3377542092193426	[[0.5919965429398899, 0.218498831908816, -0.29459358961488985], [-0.32502619043890313, 0.7524894316811601, -0.2725171804271125], [0.2527527248625777, 0.36511554737417634, 0.5731067756758528]]	[[-0.10639826152157342, 0.0051850514543755446, 0.062382504706647565], [0.021726443178326813, 0.06860618594099496, -0.0027833838368414247], [0.02319377398429137, -0.018929946039978187, -0.10549601742739473]]	0.630456311053818	[[0.9691233551360001, 0.0, 0.0], [0.0, 0.7071067811865476, -0.7071067811865475], [0.0, 0.6852736962229243, 0.6852736962229244]]
3	[[0.034229894132735264, 0.2773841392786001, 0.9601491309293217], [-0.1827544195208179, -0.9427759796974285, 0.2788803941677556], [0.9825625356654255, -0.18501754344446375, 0.018422055382213542]]	0.8673485685141517	0.1326514314858484	[[0.029689249676418887, 0.24058873613182388, 0.8327839742716542], [-0.15851178416101613, -0.8177153964200915, 0.2418865106680652], [0.8522242087850419, -0.1604747014565605, 0.015978343364851336]]	0.9301969862946702	0.123140166126451	[[0.011060921023977842, 0.24216193404421857, 0.8812774072803161], [-0.1636617676658705, -0.8277755496949392, 0.2521248360328581], [0.9152441090119795, -0.16474064555502432, 0.0]]	[[-0.02077962333947812, -0.015859956358676288, -0.011850420703585728], [0.00633584260442609, 0.04919182537061404, -0.007288866158657823], [0.0012673994899514204, 0.007362115768659087, -0.017136140397888546]]	0.34275254521195553	[[0.0, 0.0, 0.9896], [0.0, -1.0, 0.0], [0.9896, 0.0, 0.0]]
3	[[-0.42203838922340475, -0.825029846081567, 0.3757783270710803], [0.2588054115689476, 0.28760896992378115, 0.9221175843470338], [-0.8688517462515349, 0.4864224845687207, 0.09214016247897017]]	0.46656320453415434	0.5334367954658458	[[-0.19690758331250444, -0.38492856882413595, 0.17532434047276674], [0.12074908217238886, 0.1341877626604065, 0.4302261351102455], [-0.4053742549962122, 0.22694683315784756, 0.04298920947248598]]	0.666168380903525	0.5904122141745288	[[-0.13072918809830725, -0.3991893544314621, 0.3709395198479012], [0.1259564721808534, 0.09958185595975945, 0.6565747835802794], [-0.5320250667537908, 0.18944576877999014, -0.03251393223814329]]	[[0.15041944232978, 0.15041944232978, 0.12060788012432432], [-0.04645150981310284, -0.09201414586769653, 0.0422892054131461], [0.04677649429179453, -0.13459351020022436, -0.09389479509294657]]	0.6574640689927571	[[0.0, -0.6852736962229243, 0.6852736962229244], [0.0, 0.7071067811865476, 0.7071067811865475], [-0.9691233551360001, 0.0, 0.0]]
3	[[0.5319609947059123, -0.8460851799387872, 0.03402011756955908], [-0.703274286200726, -0.4190807785627857, 0.5742617690636116], [-0.47161719485230363, -0.3294103357928521, -0.8179645788128509]]	0.5249920324388619	0.4750079675611381	[[0.2792752837888555, -0.4441879782324641, 0.017860290666651846], [-0.36921339687450894, -0.22001406969373746, 0.3014828532926419], [-0.24759526965862566, -0.17293780169425743, -0.4294248866939563]]	0.7262104541562662	0.47955309280222996	[[0.5090503260931301, -0.6232560419981226, 0.11154253224756194], [-0.424010444814943, -0.24046451212184486, 0.2830963363716045], [-0.29418350806444893, -0.06633611786553979, -0.5208975214947316]]	[[0.12273469053433039, -0.008820139219889781, 0.08683676721692288], [0.08671469396331016, 0.06387633040639733, -0.13393856374466176], [0.04830982919714679, 0.17288511169435547, 0.07311690676868779]]	0.650469884498279	[[0.6924754408073206, -0.6924754408073205, 0.0], [-0.7071067811865475, -0.7071067811865476, 0.0], [0.0, 0.0, -0.9793081600000001]]
3	[[0.08740825448676931, -0.06334395238859675, -0.994156597696443], [0.7119981850616444, -0.6940087028176986, 0.10681996481098455], [-0.6967197295301035, -0.717174639895393, -0.015561310176609944]]	0.8307658099499688	0.1692341900500313	[[0.07261578933501392, -0.05262398991154484, -0.8259113111023907], [0.5915037488956446, -0.5765587021086724, 0.08874237458502476], [-0.5788109304111997, -0.5958041705882735, -0.01292780445275405]]	0.9183298826253581	0.12507221555651052	[[0.06333063030667543, -0.027869453058399885, -0.8945128911176192], [0.6323337980400855, -0.6370908424066211, 0.06565396458254401], [-0.6522228104136071, -0.6485667892983129, 0.022995218540368203]]	[[-0.016938981776646864, 0.03030119130364644, 0.018450820556180726], [-0.0215154116770424, 0.00023808819293323733, -0.03244200116437231], [-0.012404262971455951, 0.010036113578706832, 0.0372856346883512]]	0.12439595545622882	[[0.0, 0.0, -0.9691233551360001], [0.7071067811865475, -0.7071067811865476, 0.0], [-0.6852736962229244, -0.6852736962229243, 0.0]]
3	[[-0.30792515101507295, 0.09349718223056193, 0.9468053539599837], [0.3027085282091916, -0.9338174967034747, 0.1906631317268273], [0.9019698710720718, 0.34531602882779927, 0.2592434992682147]]	0.7324825556302129	0.2675174443697872	[[-0.2255498015583399, 0.06848505498446575, 0.6935184053529772], [0.2217287163537291, -0.6840050264775691, 0.13965741799172643], [0.660677196264325, 0.2529379672958627, 0.18989134087450116]]	0.8582485680230023	0.2513944609455112	[[-0.26380010009228594, 0.08204887413560347, 0.7540128511114853], [0.2430690147115924, -0.8497230903064862, 0.11973153878200568], [0.6897565972856523, 0.2711629500336278, 0.18175122595668247]]	[[0.0004762198246672012, 0.0018050513720379927, -0.05858148812118255], [-0.016730146152296864, -0.04827556096590446, -0.04390482099732493], [-0.08435775296184553, -0.025204037223220774, -0.04074413605953505]]	0.46783531263336703	[[0.0, 0.0, 0.9896], [0.0, -1.0, 0.0], [0.9896, 0.0, 0.0]]
3	[[0.8787972042104137, -0.3840163418041313, 0.28327887866788265], [-0.395223040501579, -0.9183905790867732, -0.018907472103605397], [0.2674214316928388, -0.09534250611366366, -0.9588511794847616]]	0.7039102457153061	0.29608975428469386	[[0.6185943559496764, -0.27031303751803903, 0.19940290508906566], [-0.2782015475518169, -0.6464645381875929, -0.013309163334304184], [0.18824068569244515, -0.06711256690558207, -0.6749451693555297]]	0.8478800611073268	0.2827770206495506	[[0.6243859319213589, -0.27281388469637213, 0.2469547298235129], [-0.34509397169577616, -0.8504170277531736, -0.01603126860259002], [0.21997308297695944, -0.08083900990977883, -0.730886175539396]]	[[-0.12072869528551466, 0.05278591465872685, 0.0067682168681735344], [-0.009992235964273875, -0.07173196743668704, 0.0], [-0.0067682168681735344, 0.0, 0.08210462111497623]]	0.4720936213718418	[[0.6924754408073206, -0.6924754408073205, 0.0], [-0.7071067811865475, -0.7071067811865476, 0.0], [0.0, 0.0, -0.9793081600000001]]
3	[[-0.3195682178843842, -0.5708200961323295, -0.7563336379995778], [0.910087742671785, 0.03735879733279218, -0.41272826520656647], [0.2638493031197415, -0.8202248094963509, 0.507557688474819]]	0.48015969753543397	0.5198403024645659	[[-0.15344377884130353, -0.2740848047060467, -0.36316093085775164], [0.4369874552519902, 0.017938188827601103, -0.19817547898590937], [0.12668980158091003, -0.3938388964388268, 0.2437087461798531]]	0.6782690471865963	0.5473290481272951	[[-0.25497769953525384, -0.2769071840517743, -0.48770513319074926], [0.5864645301393727, -0.02919159350728895, -0.07451259728715762], [0.2967786145401296, -0.46813302813963564, 0.31031050701914065]]	[[-0.03822446887969403, 0.11026241866686218, 0.02529256281039644], [-0.030819815938818995, -0.054530909378239095, 0.20542820990147703], [0.11781779911225519, 0.08820007187626185, -0.033950162734906024]]	0.9031092591057044	[[0.0, 0.0, -0.9691233551360001], [0.7071067811865475, 0.7071067811865476, 0.0], [0.6852736962229244, -0.6852736962229243, 0.0]]
3	[[-0.5446221603179724, 0.8109226453022452, -0.2139887049042392], [-0.8354447797583356, -0.5021691245819775, 0.22328947644507607], [0.07361197229480154, 0.30038414347728, 0.9509735242804028]]	0.6311240418935632	0.36887595810643686	[[-0.3437241391246829, 0.5117927775661733, -0.13505341635873241], [-0.5272692861799585, -0.31693100762032994, 0.140923356886314], [0.04645828548645217, 0.1895796547521169, 0.6001822543776144]]	0.7925068357323037	0.3062206258717711	[[-0.46767994696038756, 0.5967789573930711, -0.12298327922026749], [-0.6667531755637204, -0.42964887741427216, 0.04625648914475105], [0.09159122075365861, 0.16348890995650198, 0.7456700903172203]]	[[-0.03606316201709978, -0.04588278225908052, 0.04660423218584487], [-0.004657476728370398, -0.0316764134893481, -0.130701947285059], [0.033253229518291405, -0.07456757709483555, -0.007982928275438856]]	0.38597704309559355	[[-0.6924754408073206, 0.6924754408073205, 0.0], [-0.7071067811865475, -0.7071067811865476, 0.0], [0.0, 0.0, 0.9793081600000001]]
3	[[0.3802729664721569, 0.7767473726770865, -0.5020517802076895], [0.4287143634067757, 0.332951791095048, 0.839849450446521], [0.8195098935212374, -0.5346088512602871, -0.20639019011321075]]	0.5556312913505951	0.44436870864940525	[[0.21129155942664612, 0.43158514573375145, -0.27895567896166357], [0.23820711536025516, 0.18499843364363516, 0.46664663469168804], [0.4553453404117936, -0.2970454063932115, -0.1146768478546981]]	0.7202478664194244	0.44021151866758224	[[0.22727937522386377, 0.48555663323520926, -0.3169959409166992], [0.33452529157538535, 0.22012429701069103, 0.4887745531867898], [0.6086089029665651, -0.3133738907845323, -0.05374984082809928]]	[[-0.046611417534692515, -0.07389400468235585, 0.04460578260996287], [0.025744686028293422, -0.01968352014604316, -0.116125221610843], [0.018358650648284403, 0.07167699370462888, 0.09490225325084012]]	0.6743599715322368	[[0.0, 0.6852736962229243, -0.6852736962229244], [0.0, 0.7071067811865476, 0.7071067811865475], [0.9691233551360001, 0.0, 0.0]]
3	[[-0.8305561570912853, 0.32773595720904825, 0.4502950280316503], [-0.5100865793185324, -0.772219296347621, -0.37879947194723407], [0.22358030216652452, -0.5443036842615101, 0.808545204538665]]	0.5388589559463529	0.46114104405364703	[[-0.447552623665025, 0.17660345572774633, 0.2426455086729688], [-0.27486472157383085, -0.4161172837915063, -0.20411948796651633], [0.12047824819562353, -0.2933029150189106, 0.43569182475313534]]	0.76399337554859	0.43492188030951867	[[-0.5463131229601302, 0.1558608170983011, 0.25257902914338265], [-0.5524591914566873, -0.6018858229186257, -0.2935531021908486], [0.23691808021098204, -0.3436735270040102, 0.49303351579851784]]	[[0.08822627907870592, -0.09452728313848803, -0.09144338931526473], [-0.16275642390108808, -0.011915396038249737, -0.00415281496185787], [0.06610421045260526, 0.07217088205847484, -0.12468966430060203]]	0.6807905186614759	[[-0.6852736962229244, 0.6852736962229243, 0.0], [-0.7071067811865475, -0.7071067811865476, 0.0], [0.0, 0.0, 0.9691233551360001]]
3	[[0.04673222253661188, -0.9725397674033924, -0.22799671093185395], [-0.8377629715199755, -0.16246744520517667, 0.5213036857710898], [-0.5440306084466285, 0.16664552219444034, -0.8223502702654952]]	0.5655737317960328	0.4344262682039673	[[0.026430517495154224, -0.5500429455703822, -0.12894895063894998], [-0.47381673016308595, -0.09188731928005926, 0.2948356709605817], [-0.3076894214304259, 0.09425032987460823, -0.46509971119753224]]	0.7574496106471016	0.3683494040538948	[[-0.010882193934695576, -0.8292724974927556, -0.1736384247940495], [-0.6492336394929092, -0.15945081901495273, 0.2360682793553391], [-0.27694021458440965, 0.02871442497594237, -0.6228888920281381]]	[[-0.04627949769972582, -0.09262262933423343, -0.0009424048698969678], [-0.014670402900545061, -0.036389915901462476, -0.15879299446087186], [0.13513555796359503, -0.09751116092631942, 0.0]]	0.6148258421665326	[[1.9350821518692174e-16, -0.9691233551360001, 0.0], [-1.0, -1.7938038903913487e-16, 0.0], [0.0, 0.0, -0.9691233551360001]]
