3	[[-0.30792515101507295, 0.09349718223056193, 0.9468053539599837], [0.3027085282091916, -0.9338174967034747, 0.1906631317268273], [0.9019698710720718, 0.34531602882779927, 0.2592434992682147]]	0.736016544354391	0.2639834556456092	[[-0.22663800556991803, 0.06881547297221097, 0.696864404797863], [0.22279848487913292, -0.6873051269813593, 0.1403312193493655], [0.6638647476182419, 0.25415831024801805, 0.19080750447773143]]	0.8598622223747444	0.24911842137676127	[[-0.26458625963740906, 0.08257084661869493, 0.7565400252705569], [0.24309188575920948, -0.8496994983049435, 0.11976562386447646], [0.692024284084457, 0.2725275885028214, 0.18201541301871416]]	[[0.00018694503949038857, 0.0021761517201474723, -0.05758213054178129], [-0.017195742038534113, -0.04674511029707323, -0.04417840030708192], [-0.08354553377063631, -0.02439661946667143, -0.040898278398258416]]	0.46752088564018707	[[0.0, 0.0, 0.9916], [0.0, -1.0, 0.0], [0.9916, 0.0, 0.0]]
3	[[0.22433838825039393, -0.7661379269479729, -0.6022499185961573], [-0.9416906372873723, -0.011392912655017143, -0.3362869982418849], [0.2507808429735371, 0.642575192824231, -0.724020780340167]]	0.5236556254364622	0.47634437456353795	[[0.11747605900866792, -0.4011924353065352, -0.3153715577915292], [-0.4931215996363797, -0.005965962801905977, -0.17609857839050466], [0.1313227991747908, 0.336488114488328, -0.3791375545580255]]	0.7203554875117087	0.5051716169196324	[[0.27175652146447415, -0.40611474712209694, -0.4064740032752141], [-0.6821339681181045, 0.0292288539472221, -0.03827177618199864], [0.3355092716639233, 0.35112190690157463, -0.48136457786805764]]	[[0.11015313242877062, 0.14577691274572013, 0.027360030439007706], [-0.0037819500097476186, 0.0374358010970053, 0.20397440838038353], [0.15485791526512363, -0.1117606593882545, 0.040187764322491104]]	0.7482517660200946	[[-1.946838390491909e-16, -0.9750110872960001, 0.0], [-1.0, 1.7938038903913487e-16, 0.0], [0.0, 0.0, -0.9750110872960001]]
3	[[-0.3195682178843842, -0.5708200961323295, -0.7563336379995778], [0.910087742671785, 0.03735879733279218, -0.41272826520656647], [0.2638493031197415, -0.8202248094963509, 0.507557688474819]]	0.48234421090632185	0.5176557890936782	[[-0.1541418798861828, -0.2753317688384193, -0.3648131518028141], [0.4389755540945378, 0.018019799619894906, -0.19907708939979643], [0.12726618391147457, -0.3956306885023055, 0.24481751273682328]]	0.6798495202969913	0.546501067545182	[[-0.25374043899808363, -0.2776248691572041, -0.49051990262622264], [0.5850207906978612, -0.026544488367673764, -0.0756839601369495], [0.29995885538698586, -0.47282196847669794, 0.30893490004871915]]	[[-0.03648213936722064, 0.11044689937424257, 0.023673158352268586], [-0.033701924585723554, -0.05194284881324507, 0.2049091529767441], [0.12058103323033417, 0.0848074747950873, -0.036127950983936306]]	0.9021761814099102	[[0.0, 0.0, -0.9750110872960001], [0.7071067811865475, 0.7071067811865476, 0.0], [0.6894369515590706, -0.6894369515590705, 0.0]]
3	[[-0.8305561570912853, 0.32773595720904825, 0.4502950280316503], [-0.5100865793185324, -0.772219296347621, -0.37879947194723407], [0.22358030216652452, -0.5443036842615101, 0.808545204538665]]	0.5413358357777449	0.4586641642222551	[[-0.44960981145936296, 0.1774152183101794, 0.24376083534607648], [-0.2761281447344087, -0.41802997819204135, -0.2050577287387244], [0.12103202973675632, -0.2946510898366104, 0.43769449406302596]]	0.7659858070249088	0.4321874018978061	[[-0.5491611090517575, 0.1571389247201834, 0.25309624342711806], [-0.5522906090635987, -0.60244710065, -0.29409634571116905], [0.23766485149373856, -0.3445923260127807, 0.4954756045456678]]	[[0.08703311921731753, -0.09390216695367039, -0.09182335701900954], [-0.16157152895171745, -0.010938079736960295, -0.003941326491057613], [0.06640551330384029, 0.07233657084290328, -0.12385854646900148]]	0.6810059605226695	[[-0.6894369515590706, 0.6894369515590705, 0.0], [-0.7071067811865475, -0.7071067811865476, 0.0], [0.0, 0.0, 0.9750110872960001]]
3	[[0.04673222253661188, -0.9725397674033924, -0.22799671093185395], [-0.8377629715199755, -0.16246744520517667, 0.5213036857710898], [-0.5440306084466285, 0.16664552219444034, -0.8223502702654952]]	0.5674247388443746	0.4325752611556254	[[0.02651701916845413, -0.5518431235346387, -0.1293709741578836], [-0.47536743532820935, -0.0921880476662601, 0.29580060775727046], [-0.3086964259211744, 0.09455879191076474, -0.46662188734399945]]	0.7585146166048349	0.3716619443346099	[[-0.009444718458088471, -0.8319362939314143, -0.13353713685515473], [-0.6486893753669396, -0.11477189052427407, 0.23628693872507564], [-0.2765833272965452, 0.03092790556319299, -0.6237646999653145]]	[[-0.04489179231853833, -0.09425066512647477, 0.03940170092448384], [-0.013233916218738248, 0.008462041386297404, -0.15912952662226992], [0.13607184109064438, -0.09547515881303545, 0.0]]	0.6131113207101428	[[1.946838390491909e-16, -0.9750110872960001, 0.0], [-1.0, -1.7938038903913487e-16, 0.0], [0.0, 0.0, -0.9750110872960001]]
3	[[0.3802729664721569, 0.7767473726770865, -0.5020517802076895], [0.4287143634067757, 0.332951791095048, 0.839849450446521], [0.8195098935212374, -0.5346088512602871, -0.20639019011321075]]	0.5570776782571082	0.44292232174289203	[[0.21184158126625227, 0.4327086229632602, -0.2796818400829476], [0.23882720220212073, 0.18548001075477494, 0.4678613819402561], [0.45653066879154097, -0.29781865763578047, -0.11497536792331063]]	0.7221505587876984	0.4391541512081306	[[0.2291576314717284, 0.4876357703703261, -0.3187194686409781], [0.33409720947002686, 0.22096910089270813, 0.48908578510846573], [0.6117743490481002, -0.3158271092159405, -0.052702595417418965]]	[[-0.045456703757995404, -0.07329277884530862, 0.043837504976363476], [0.024500892375511424, -0.019472221095945763, -0.11741196482903092], [0.01996482150969132, 0.07024097145452536, 0.09634219570113547]]	0.6731887578850142	[[0.0, 0.6894369515590705, -0.6894369515590706], [0.0, 0.7071067811865476, 0.7071067811865475], [0.9750110872960001, 0.0, 0.0]]
3	[[0.08740825448676931, -0.06334395238859675, -0.994156597696443], [0.7119981850616444, -0.6940087028176986, 0.10681996481098455], [-0.6967197295301035, -0.717174639895393, -0.015561310176609944]]	0.8320927076402995	0.16790729235970067	[[0.07273177114600825, -0.05270804085566568, -0.8272304551957013], [0.5924484976429226, -0.5774795806535107, 0.08888411374961365], [-0.5797354062111212, -0.5967557879615142, -0.012948452719285918]]	0.9208420012831245	0.12076344739801807	[[0.06475924108102592, -0.027556423521987405, -0.8990656588077588], [0.6320441871551622, -0.6369754871773118, 0.06534160652885768], [-0.655220758012563, -0.6524024574426528, 0.02252029437951984]]	[[-0.015729950909235395, 0.030773348364710983, 0.016395492203855885], [-0.023593646486954924, 0.0020968756332429557, -0.03302270364468231], [-0.013651967938625293, 0.00800207322812504, 0.03684980238513679]]	0.12127047536879672	[[0.0, 0.0, -0.9750110872960001], [0.7071067811865475, -0.7071067811865476, 0.0], [-0.6894369515590706, -0.6894369515590705, 0.0]]
3	[[0.8787972042104137, -0.3840163418041313, 0.28327887866788265], [-0.395223040501579, -0.9183905790867732, -0.018907472103605397], [0.2674214316928388, -0.09534250611366366, -0.9588511794847616]]	0.7079236899551482	0.2920763100448518	[[0.622121359526904, -0.27185426569305804, 0.20053982907292414], [-0.2797877531871708, -0.650150447567154, -0.013385047419308363], [0.18931396669708297, -0.06749521873755607, -0.6787934650986986]]	0.8493100739368609	0.2803635703531633	[[0.6265300380593464, -0.27391734412849805, 0.24735805926861856], [-0.3448725597871525, -0.8504975400922521, -0.016058306530272234], [0.22035726204089798, -0.08097535091672128, -0.7334500256266825]]	[[-0.11984128042410674, 0.05223160352213146, 0.006766453882448096], [-0.009205650037205564, -0.0704991694651485, 0.0], [-0.006766453882448096, 0.0, 0.08091194051596667]]	0.47132551358361324	[[0.6952772807170942, -0.695277280717094, 0.0], [-0.7071067811865475, -0.7071067811865476, 0.0], [0.0, 0.0, -0.9832705600000001]]
3	[[-0.5446221603179724, 0.8109226453022452, -0.2139887049042392], [-0.8354447797583356, -0.5021691245819775, 0.22328947644507607], [0.07361197229480154, 0.30038414347728, 0.9509735242804028]]	0.6341022567397253	0.3658977432602747	[[-0.3453461409280908, 0.5142078794275015, -0.13569072069658925], [-0.5297574202261834, -0.3184265751624442, 0.14158836092005447], [0.04667751775519579, 0.1904742632677727, 0.6030144578459333]]	0.7938991209036965	0.3056471584051377	[[-0.46701795920403183, 0.5984545802574346, -0.1244454676820872], [-0.6658697994658132, -0.4280298433567898, 0.047090707337708586], [0.09194784216234962, 0.16637626956248236, 0.7459857910686726]]	[[-0.0346429049029214, -0.04533619496891801, 0.045439977024708846], [-0.0026109232520879107, -0.029358216806178943, -0.13017861171908396], [0.033507362069519375, -0.07209843787754011, -0.008991253860229507]]	0.3848518885381161	[[-0.6952772807170942, 0.695277280717094, 0.0], [-0.7071067811865475, -0.7071067811865476, 0.0], [0.0, 0.0, 0.9832705600000001]]
3	[[-0.42203838922340475, -0.825029846081567, 0.3757783270710803], [0.2588054115689476, 0.28760896992378115, 0.9221175843470338], [-0.8688517462515349, 0.4864224845687207, 0.09214016247897017]]	0.46831743427682415	0.531682565723176	[[-0.19764793560742858, -0.38637586071872254, 0.17598354199076557], [0.12120308632292703, 0.13469229486970544, 0.4318437412029459], [-0.4068984205714572, 0.22780012994778137, 0.043150844486001025]]	0.6680600316459446	0.5891342997126259	[[-0.13200149719209603, -0.40122398261380526, 0.3736197255678447], [0.12512881790178557, 0.10005915104435952, 0.6575860749559778], [-0.5347970492988599, 0.1899964226691565, -0.03261934846293047]]	[[0.14994548246829525, 0.14994548246829525, 0.12257724449287868], [-0.04776873354110728, -0.09208090650457927, 0.04155617237581626], [0.04564807579757478, -0.134962997765122, -0.09417450832449374]]	0.6565729467393044	[[0.0, -0.6894369515590705, 0.6894369515590706], [0.0, 0.7071067811865476, 0.7071067811865475], [-0.9750110872960001, 0.0, 0.0]]
3	[[0.5319609947059123, -0.8460851799387872, 0.03402011756955908], [-0.703274286200726, -0.4190807785627857, 0.5742617690636116], [-0.47161719485230363, -0.3294103357928521, -0.8179645788128509]]	0.5267772866225493	0.4732227133774507	[[0.2802249693802128, -0.44569845533970565, 0.01792102522387244], [-0.37046892023622857, -0.2207622354069697, 0.30250805651839435], [-0.24843722622883463, -0.17352588287438148, -0.43088516138039]]	0.7278124499155326	0.47747107006341377	[[0.5135458301674403, -0.6257434103366518, 0.11164599888582988], [-0.4256184147920812, -0.24217955330840096, 0.2814883663944663], [-0.29308918934416883, -0.06720892490171362, -0.5246367032178033]]	[[0.1263779953510265, -0.009952082688178914, 0.08688573377111464], [0.08623336641026658, 0.062832654849889, -0.13646649864054872], [0.0501596766635774, 0.17254001861918034, 0.07068810083210447]]	0.6491072785444315	[[0.6952772807170942, -0.695277280717094, 0.0], [-0.7071067811865475, -0.7071067811865476, 0.0], [0.0, 0.0, -0.9832705600000001]]
3	[[0.034229894132735264, 0.2773841392786001, 0.9601491309293217], [-0.1827544195208179, -0.9427759796974285, 0.2788803941677556], [0.9825625356654255, -0.18501754344446375, 0.018422055382213542]]	0.8676669204949646	0.13233307950503556	[[0.029700146831019056, 0.24067704192200934, 0.8330896396493611], [-0.15856996439247295, -0.8180155310206909, 0.2419752927939584], [0.8525370095145436, -0.16053360215800117, 0.015984208062672922]]	0.9317105639167024	0.12284275146024423	[[0.01145582239409157, 0.24283222330342683, 0.8841010933488558], [-0.16347623772779615, -0.8279334103055151, 0.25192925674391586], [0.918144434354572, -0.16538948474270473, 0.0]]	[[-0.02043653157112823, -0.015609509525386775, -0.010479994873434267], [0.006797985542214708, 0.050460929385497615, -0.007906552571435901], [0.0026805401663134005, 0.0069933149944195645, -0.017164023608666902]]	0.3419088131919655	[[0.0, 0.0, 0.9916], [0.0, -1.0, 0.0], [0.9916, 0.0, 0.0]]
3	[[0.8489524140446696, -0.5135124485683378, 0.12483895166604869], [0.522794976890395, 0.7815435453534784, -0.34040431673891397], [0.0772347773085365, 0.35425224329800037, 0.9319550081910795]]	0.7664867038793381	0.2335132961206619	[[0.6507107375915059, -0.39360046410415334, 0.09568739657826167], [0.4007153986413936, 0.5990427360161596, -0.2609153827235084], [0.059199429884074846, 0.27152963430734567, 0.7143311223922221]]	0.8895518881207147	0.19381803744746204	[[0.7670545030362453, -0.44329385026680174, 0.05715149908616287], [0.46590362749844966, 0.6254211472260189, -0.27503845112559305], [0.039232186225515574, 0.2860848521408196, 0.8166133419930403]]	[[0.011867280198170732, 0.013502117930654627, -0.05389922607938138], [0.000850368705573373, -0.06980238919172521, 0.027768851553949665], [-0.029472155757875994, -0.02904089975591545, -0.012408995186890669]]	0.4295898558234282	[[0.7011670842245806, -0.7011670842245805, 0.0], [0.7071067811865475, 0.7071067811865476, 0.0], [0.0, 0.0, 0.9916]]
3	[[0.8592155572171323, 0.2624339665249735, -0.4391776855101157], [-0.4266000482917053, 0.8413623931712975, -0.33184593135155627], [0.2824199444684594, 0.4724804086637203, 0.8348660002631537]]	0.6197124382467519	0.3802875617532483	[[0.5324665679425704, 0.16263359327395782, -0.27216387431103906], [-0.2643693560830348, 0.5214027401213072, -0.20564905124013724], [0.17501915239606125, 0.29280198607681596, 0.5173768446323923]]	0.8148227269238287	0.33451963703568616	[[0.5951703037739742, 0.2196091554123398, -0.2953494745803463], [-0.3253229775883747, 0.7524282846312714, -0.2723680153147815], [0.2534069163677823, 0.36682012763411387, 0.5761360807621505]]	[[-0.1049380595730665, 0.00577199517102409, 0.06250248473110183], [0.022280437066509527, 0.06686708509627638, -0.00197240861232868], [0.023284727078315963, -0.01816764737134373, -0.10413171018826228]]	0.6287778552660095	[[0.9750110872960001, 0.0, 0.0], [0.0, 0.7071067811865476, -0.7071067811865475], [0.0, 0.6894369515590705, 0.6894369515590706]]
