3	[[0.034229894132735264, 0.2773841392786001, 0.9601491309293217], [-0.1827544195208179, -0.9427759796974285, 0.2788803941677556], [0.9825625356654255, -0.18501754344446375, 0.018422055382213542]]	0.7460924241309503	0.25390757586904983	[[0.02553866469123824, 0.20695420488984792, 0.7163599926222828], [-0.13635168788093172, -0.703398016104886, 0.2080705493272157], [0.7330824640948707, -0.1380401874952334, 0.01374455595759032]]	0.8652223896039888	0.20737670340801334	[[0.009228601837001492, 0.20911511422938672, 0.7743934309538434], [-0.1687149952125285, -0.8233477644338598, 0.25776122771477405], [0.8033077809810573, -0.1431323102891114, 0.0]]	[[-0.020387868960415268, -0.030883853595489393, -0.05634909448501752], [-0.010591779644036573, -0.007636878418808855, 0.016467666659246212], [-0.04682732406273664, 0.016949010768567377, -0.015939174779215824]]	0.37795229102312866	[[0.0, 0.0, 0.9116], [0.0, -1.0, 0.0], [0.9116, 0.0, 0.0]]
3	[[-0.5446221603179724, 0.8109226453022452, -0.2139887049042392], [-0.8354447797583356, -0.5021691245819775, 0.22328947644507607], [0.07361197229480154, 0.30038414347728, 0.9509735242804028]]	0.5193546658657419	0.4806453341342581	[[-0.28285206009501906, 0.42115645949391106, -0.11113603233458397], [-0.4338921444406688, -0.26080387790536497, 0.1159664314304689], [0.0382307212748849, 0.15600590646700982, 0.49389253694981555]]	0.730510097462086	0.38320522252556855	[[-0.4596735696556293, 0.5299718971366235, -0.0780796137380323], [-0.6808641050684674, -0.46809940937913963, 0.03817134189462131], [0.09423905031323321, 0.07962222543986888, 0.691458114237873]]	[[-0.0618215822417355, -0.0624152835173321, 0.07824129593734908], [-0.07056325758301463, -0.1012597932383089, -0.12494387530552938], [0.04046476125778136, -0.13981142448778416, -0.003237647668067369]]	0.44250437881386506	[[-0.5876160306407551, 0.587616030640755, 0.0], [-0.7071067811865475, -0.7071067811865476, 0.0], [0.0, 0.0, 0.83101456]]
3	[[0.8787972042104137, -0.3840163418041313, 0.28327887866788265], [-0.395223040501579, -0.9183905790867732, -0.018907472103605397], [0.2674214316928388, -0.09534250611366366, -0.9588511794847616]]	0.5668524943485455	0.4331475056514547	[[0.49814838723320104, -0.2176806212222755, 0.16057733896914825], [-0.22403316633233625, -0.5205919905415425, -0.010717747723754278], [0.15158850559734482, -0.05404513740797168, -0.543527182799982]]	0.789579193674539	0.3694546062114792	[[0.5495008237606693, -0.23214418871968412, 0.2237818050191414], [-0.34553531144259664, -0.8467662726213341, -0.0244036314079601], [0.20099977490363483, -0.07528045910013635, -0.6372579381290188]]	[[-0.14437916414322838, 0.07106712479986808, 0.00011069641552701208], [-0.033475421801760136, -0.12162417970770682, -0.009474684829971509], [-0.010150623503687617, 0.0, 0.11983100302243992]]	0.5140537581659348	[[0.9116, 0.0, 0.0], [0.0, -1.0, 0.0], [0.0, 0.0, -0.9116]]
3	[[-0.3195682178843842, -0.5708200961323295, -0.7563336379995778], [0.910087742671785, 0.03735879733279218, -0.41272826520656647], [0.2638493031197415, -0.8202248094963509, 0.507557688474819]]	0.4006816929011913	0.5993183070988086	[[-0.1280451345393318, -0.2287171624603226, -0.30304904247178777], [0.3646554974223546, 0.014968986160055674, -0.16537266001113893], [0.10571958544481758, -0.328649065228555, 0.20336907386310593]]	0.6070363532119706	0.6127826239245512	[[-0.2612101661118662, -0.26121016611186615, -0.3564264016153615], [0.6105643431059502, -0.09646357773715519, -0.0565532508830491], [0.21056298751136177, -0.32516752690048256, 0.3265648818670681]]	[[-0.06722064052488116, 0.08529838338440952, 0.10269561180744471], [0.058107998691555474, -0.1191417258304385, 0.19398781009544802], [0.050396868748034104, 0.17273875027016558, 0.018458913610616592]]	0.9420924772485968	[[-1.5126320459303978e-16, -0.7575528728959999, 0.0], [1.0, -1.7938038903913487e-16, 0.0], [0.0, 0.0, 0.7575528728959999]]
3	[[0.8489524140446696, -0.5135124485683378, 0.12483895166604869], [0.522794976890395, 0.7815435453534784, -0.34040431673891397], [0.0772347773085365, 0.35425224329800037, 0.9319550081910795]]	0.6572148287884525	0.3427851712115475	[[0.557944115445911, -0.3374879959665792, 0.08204601024533212], [0.343588611228484, 0.5136420073502064, -0.2237187647444155], [0.050759840945344074, 0.23281982742702054, 0.6124946511468411]]	0.8178465883916104	0.27448455989251835	[[0.6472626196077971, -0.4005881373023945, 0.05087734428533455], [0.4765244137282738, 0.6254669125803552, -0.264398708265316], [0.025870801852550276, 0.22530254346916576, 0.7150715740301029]]	[[-0.047050215925457876, 0.01938626685584284, -0.05122176643312852], [0.048958325450193435, -0.013715809666470987, 0.01399980085338203], [-0.03729539727442207, -0.06442144514217857, -0.047124649953447006]]	0.45779246658744477	[[0.6445985417296567, -0.6445985417296567, 0.0], [0.7071067811865475, 0.7071067811865476, 0.0], [0.0, 0.0, 0.9116]]
3	[[0.5319609947059123, -0.8460851799387872, 0.03402011756955908], [-0.703274286200726, -0.4190807785627857, 0.5742617690636116], [-0.47161719485230363, -0.3294103357928521, -0.8179645788128509]]	0.45375701843550537	0.5462429815644947	[[0.2413810348817404, -0.3839170885914921, 0.015436867115188463], [-0.31911564324879965, -0.1901608445642799, 0.2605753081318031], [-0.21399961217909805, -0.14947225181120322, -0.37115716846797314]]	0.6573096076595888	0.5575376991368958	[[0.3914838718849686, -0.5272694857259521, 0.09206246643713768], [-0.40603336873094353, -0.23404319458942152, 0.30107341245560393], [-0.26848822485638635, -0.038229184093655735, -0.43895424878908657]]	[[0.04182079916462074, 0.028870431946204797, 0.0697007163049577], [0.05623557640873297, 0.041422627545358144, -0.07639436566150005], [0.04151028845749724, 0.1782953944853573, 0.0987017275898292]]	0.7056549830327586	[[0.5876160306407551, -0.587616030640755, 0.0], [-0.7071067811865475, -0.7071067811865476, 0.0], [0.0, 0.0, -0.83101456]]
3	[[-0.30792515101507295, 0.09349718223056193, 0.9468053539599837], [0.3027085282091916, -0.9338174967034747, 0.1906631317268273], [0.9019698710720718, 0.34531602882779927, 0.2592434992682147]]	0.5869775837134356	0.41302241628656466	[[-0.18074516110742225, 0.05488075010971, 0.5557535189143753], [0.17768312045768164, -0.5481299378443346, 0.11191498436424956], [0.5294360955042036, 0.20269276821886065, 0.15217012279387246]]	0.7927354988548106	0.3104148162306131	[[-0.17531422631786414, 0.06963537068044569, 0.7175306094921972], [0.26108392705383016, -0.838009148362864, 0.12999658394891167], [0.6593019298518543, 0.23905575374395766, 0.10567885563741848]]	[[0.06878897188201263, -0.004483164716617959, -0.03303560509767611], [0.02111613093631116, -0.09773886927428439, -0.021148848893775243], [-0.055721605844473734, -0.03468852063141, -0.09983266907983643]]	0.4846934079135084	[[0.0, 0.0, 0.9116], [0.0, -1.0, 0.0], [0.9116, 0.0, 0.0]]
3	[[-0.42203838922340475, -0.825029846081567, 0.3757783270710803], [0.2588054115689476, 0.28760896992378115, 0.9221175843470338], [-0.8688517462515349, 0.4864224845687207, 0.09214016247897017]]	0.3976415765459317	0.6023584234540685	[[-0.1678200104537002, -0.32806616869332167, 0.1494250864083371], [0.10291179187489505, 0.11436528422924377, 0.3666722900004807], [-0.34549157816414605, 0.1934218036312952, 0.036638759471336005]]	0.5904257213573637	0.6479962180553371	[[-0.08677639392477751, -0.32471291554111287, 0.2771939901189654], [0.1595580409227247, 0.081091358870279, 0.6164845837575855], [-0.43138240179877807, 0.16660592493957394, -0.027831007237173255]]	[[0.1624059264729511, 0.1624059264729511, 0.055324800287559504], [0.006752669105939468, -0.0887203746658178, 0.07204264384317845], [0.08161001723438965, -0.12059042139635408, -0.08223292913480393]]	0.7098191787827042	[[0.0, -0.5356707735321122, 0.5356707735321123], [0.0, 0.7071067811865476, 0.7071067811865475], [-0.7575528728959999, 0.0, 0.0]]
3	[[0.8592155572171323, 0.2624339665249735, -0.4391776855101157], [-0.4266000482917053, 0.8413623931712975, -0.33184593135155627], [0.2824199444684594, 0.4724804086637203, 0.8348660002631537]]	0.49078976747036157	0.5092102325296386	[[0.42169420353351345, 0.1287999054071164, -0.2155439141496813], [-0.20937093850393101, 0.41293205330284805, -0.16286658748401586], [0.13860881887466764, 0.2318885499023687, 0.40974369013806416]]	0.7351250873666999	0.46530895280507156	[[0.452838239964939, 0.18108245990871516, -0.28364243714068327], [-0.3508465823658825, 0.749605452166357, -0.253659330958377], [0.23588250509932732, 0.3074630305766546, 0.44824962561518306]]	[[-0.1787926716011331, -0.01183933266094559, 0.03920809728944567], [-0.037242184594804245, 0.13109884937925123, -0.009711061681280306], [0.028268518747852533, -0.03986917112131684, -0.16548131576775515]]	0.6897029592404889	[[0.6445985417296567, 0.6445985417296567, 0.0], [-0.7071067811865475, 0.7071067811865476, 0.0], [0.0, 0.0, 0.9116]]
3	[[0.22433838825039393, -0.7661379269479729, -0.6022499185961573], [-0.9416906372873723, -0.011392912655017143, -0.3362869982418849], [0.2507808429735371, 0.642575192824231, -0.724020780340167]]	0.4161588006628366	0.5838411993371635	[[0.09336039459691774, -0.31883504082098035, -0.25063160382226773], [-0.39189284620893516, -0.004741260866568389, -0.13994879386684828], [0.10436465484108237, 0.26741332158142295, -0.301307619601335]]	0.6360349905310969	0.5739931902995682	[[0.2571729477809508, -0.3851312439295826, -0.2517949708615257], [-0.6872144109485018, -0.048248899501233865, -0.040633064203965744], [0.23059357082025417, 0.2305935708202541, -0.46087407225363836]]	[[0.11448588313435, 0.10215928518228556, 0.13125705041013513], [-0.08826621537820542, -0.041002608408578514, 0.1732572335385425], [0.07108817973419998, -0.17810673586322334, -0.00037152208566288217]]	0.7329534393312938	[[1.5126320459303978e-16, -0.7575528728959999, 0.0], [-1.0, -1.7938038903913487e-16, 0.0], [0.0, 0.0, -0.7575528728959999]]
3	[[0.08740825448676931, -0.06334395238859675, -0.994156597696443], [0.7119981850616444, -0.6940087028176986, 0.10681996481098455], [-0.6967197295301035, -0.717174639895393, -0.015561310176609944]]	0.6086616380547758	0.39133836194522426	[[0.05320205135542572, -0.038555033821707024, -0.6051049832368797], [0.43336598161164785, -0.4224164738812906, 0.06501721475880735], [-0.42406657184087315, -0.43651669109007396, -0.009471572542373866]]	0.8116302439637727	0.30292519386122296	[[0.03602941704418463, -0.02835041298883589, -0.7097803302929611], [0.6360529181113471, -0.6398464062987906, 0.07105386307520031], [-0.5219372539768253, -0.5073203605432763, 0.02547664511414113]]	[[-0.03491376586935948, 0.023061454541950487, 0.0971072316335972], [0.05817365746800137, -0.07656795351788047, -0.015644451024540686], [0.04354155007606637, 0.07476026739965236, 0.038106675089179]]	0.27934423647702566	[[0.0, 0.0, -0.7575528728959999], [0.7071067811865475, -0.7071067811865476, 0.0], [-0.5356707735321123, -0.5356707735321122, 0.0]]
3	[[0.3802729664721569, 0.7767473726770865, -0.5020517802076895], [0.4287143634067757, 0.332951791095048, 0.839849450446521], [0.8195098935212374, -0.5346088512602871, -0.20639019011321075]]	0.48423109220583765	0.5157689077941626	[[0.18413999389116642, 0.37612522863944037, -0.24310908187385463], [0.20759682443679342, 0.16122560945384504, 0.40668121667819135], [0.3968321708132785, -0.25887422794867704, -0.09994054717909052]]	0.640260423870913	0.5308729558780149	[[0.11816306076553594, 0.4030463688195176, -0.2318710091927618], [0.30135669820396854, 0.13986188927228738, 0.46835760337379834], [0.5510663136065239, -0.2635605024339744, -0.09347668370396807]]	[[-0.12531066993457673, -0.09427423325133193, 0.08957287640815986], [0.026867858169597712, -0.07331396562280774, -0.06936476175684465], [0.026366561814209575, 0.07872838727907895, 0.03866678690071454]]	0.7334366962378143	[[0.0, 0.5356707735321122, -0.5356707735321123], [0.0, 0.7071067811865476, 0.7071067811865475], [0.7575528728959999, 0.0, 0.0]]
3	[[-0.8305561570912853, 0.32773595720904825, 0.4502950280316503], [-0.5100865793185324, -0.772219296347621, -0.37879947194723407], [0.22358030216652452, -0.5443036842615101, 0.808545204538665]]	0.44844776822543114	0.5515522317745689	[[-0.3724610550334776, 0.1469724585776231, 0.20193380036380154], [-0.22874718809714023, -0.34630002002770355, -0.1698717777997089], [0.10026408752574546, -0.24409177244395394, 0.36259029248473895]]	0.678590130317037	0.5353847663091282	[[-0.429847093065356, 0.10183706560144162, 0.2467139118731791], [-0.5430554363309199, -0.5943743759666378, -0.2693694613538367], [0.19899326480266816, -0.30474876027356446, 0.38750430065012254]]	[[0.13376011781083672, -0.1205613203106253, -0.05885184987993232], [-0.19691571799818544, -0.07035398302477502, -0.012319878321138381], [0.04727387841916377, 0.06461034776149714, -0.16116649506498568]]	0.6879428137789578	[[-0.5876160306407551, 0.587616030640755, 0.0], [-0.7071067811865475, -0.7071067811865476, 0.0], [0.0, 0.0, 0.83101456]]
3	[[0.04673222253661188, -0.9725397674033924, -0.22799671093185395], [-0.8377629715199755, -0.16246744520517667, 0.5213036857710898], [-0.5440306084466285, 0.16664552219444034, -0.8223502702654952]]	0.4964756078441647	0.5035243921558352	[[0.023201408589773168, -0.4828422721742218, -0.11319480564636251], [-0.4159288805147134, -0.08066112361312859, 0.2588145642646052], [-0.27009792701437074, 0.08273543692599301, -0.4082768502908749]]	0.6894740362299075	0.48119539234994035	[[-1.0163522702974095e-16, -0.6847555268490595, -0.1035616242145877], [-0.671909783368543, -0.13670547353175305, 0.23199481702106658], [-0.2485456861782312, 0.0, -0.5090071867177687]]	[[-0.03222065409431203, -0.014214608023347055, 0.053636188318741104], [-0.09429396599070453, -0.02468838833017866, -0.12743053930905415], [0.12654929326007827, -0.11489776080704142, 0.05798197331693757]]	0.6903210386166151	[[1.5126320459303978e-16, -0.7575528728959999, 0.0], [-1.0, -1.7938038903913487e-16, 0.0], [0.0, 0.0, -0.7575528728959999]]
