3	[[-0.8305561570912853, 0.32773595720904825, 0.4502950280316503], [-0.5100865793185324, -0.772219296347621, -0.37879947194723407], [0.22358030216652452, -0.5443036842615101, 0.808545204538665]]	0.5143131903823476	0.4856868096176524	[[-0.42716598694532115, 0.16855892575519815, 0.23159267248026671], [-0.2623442559805328, -0.3971625699793564, -0.1948215649323305], [0.11499029851391453, -0.2799425643894032, 0.41584546371462855]]	0.7431820260254893	0.46109959944496987	[[-0.5177994650974762, 0.14121724507047795, 0.24973428474290207], [-0.5536472944949046, -0.595665528641683, -0.2884959114667316], [0.22767036754796974, -0.3345788296129104, 0.4674323867448487]]	[[0.09945494245756976, -0.10235022760954557, -0.08491688649886434], [-0.17456011702854624, -0.021766027446080284, -0.006978952447600639], [0.061509505604460925, 0.06993788522969696, -0.13346387649738994]]	0.6803713325085552	[[-0.6644939526835627, 0.6644939526835626, 0.0], [-0.7071067811865475, -0.7071067811865476, 0.0], [0.0, 0.0, 0.93973636]]
3	[[0.8787972042104137, -0.3840163418041313, 0.28327887866788265], [-0.395223040501579, -0.9183905790867732, -0.018907472103605397], [0.2674214316928388, -0.09534250611366366, -0.9588511794847616]]	0.6649060710215642	0.3350939289784358	[[0.5843175962762815, -0.25533479703705897, 0.18835384621845624], [-0.26278619903710143, -0.6106434716038055, -0.012571692989358106], [0.17781013345384705, -0.06339381114138556, -0.6375459704456056]]	0.8333461592800536	0.30545532967165306	[[0.6048082958055694, -0.26196191293083965, 0.2408424277564727], [-0.34231363448497165, -0.8495122437624439, -0.020995947594832403], [0.21610449369411383, -0.07945331128595665, -0.7051437679189874]]	[[-0.12753397910922787, 0.058056630612409434, 0.004773062213432358], [-0.012956031623995674, -0.08417498196149704, -0.005239478335598091], [-0.006750129316286586, 0.0, 0.09391117982578817]]	0.4809666170256091	[[0.6644939526835627, -0.6644939526835626, 0.0], [-0.7071067811865475, -0.7071067811865476, 0.0], [0.0, 0.0, -0.93973636]]
3	[[-0.30792515101507295, 0.09349718223056193, 0.9468053539599837], [0.3027085282091916, -0.9338174967034747, 0.1906631317268273], [0.9019698710720718, 0.34531602882779927, 0.2592434992682147]]	0.6961576596066017	0.3038423403933983	[[-0.2143644524646626, 0.06508877956143995, 0.6591257993157823], [0.21073286054106982, -0.6500842030047868, 0.1327315995562133], [0.627913234481202, 0.24039439845340654, 0.18047434771878615]]	0.8415926877627649	0.2705008898123679	[[-0.2487404533999275, 0.0760957804716776, 0.735661312148689], [0.24463413149894203, -0.8497374643391286, 0.11813172001010465], [0.6729519574091938, 0.2590094594821669, 0.17264467292824992]]	[[0.010407102072603043, -0.0025907644199860366, -0.06116315047866954], [-0.010123152365342274, -0.06384348740855458, -0.042328977477142024], [-0.0861392906673857, -0.031605985346585076, -0.04553276040591127]]	0.47135727342436295	[[0.0, 0.0, 0.9694], [0.0, -1.0, 0.0], [0.9694, 0.0, 0.0]]
3	[[0.3802729664721569, 0.7767473726770865, -0.5020517802076895], [0.4287143634067757, 0.332951791095048, 0.839849450446521], [0.8195098935212374, -0.5346088512602871, -0.20639019011321075]]	0.5409398013629084	0.45906019863709185	[[0.20570478294713251, 0.42017356948510415, -0.2715797902594421], [0.23190866258268705, 0.18010687573837988, 0.45430799489928886], [0.44330551901631643, -0.2891912058075924, -0.11164466844309312]]	0.7007868695831646	0.450668037518119	[[0.20697304084581342, 0.46474657345908704, -0.30017777217375263], [0.3360471351168214, 0.21543870634510515, 0.4893475512351772], [0.580166448608918, -0.2901350692856797, -0.059072088349303775]]	[[-0.059517260915313175, -0.07958778629623611, 0.051653523246649014], [0.035609738439647876, -0.017889537058501333, -0.09920791606438138], [0.005864675735737599, 0.08451179404046855, 0.0855634468928074]]	0.6874046669211108	[[0.0, 0.6441604377314456, -0.6441604377314457], [0.0, 0.7071067811865476, 0.7071067811865475], [0.9109804273840001, 0.0, 0.0]]
3	[[0.5319609947059123, -0.8460851799387872, 0.03402011756955908], [-0.703274286200726, -0.4190807785627857, 0.5742617690636116], [-0.47161719485230363, -0.3294103357928521, -0.8179645788128509]]	0.5068155306181163	0.4931844693818836	[[0.269606093800018, -0.42880910941880096, 0.017241923937706786], [-0.356430330530898, -0.21239664715915163, 0.29104478320167254], [-0.23902291885769783, -0.16695027412594624, -0.414557152037859]]	0.7095903885968746	0.5041879129457401	[[0.46462202888769033, -0.5979911460369376, 0.1103455373781526], [-0.4073106993715762, -0.22264435194998294, 0.2997960818149712], [-0.30437619571301733, -0.05788189071941279, -0.48342910247203724]]	[[0.08714761993594215, 0.002382765581882869, 0.08620518893185782], [0.09172597466378643, 0.07473134056386499, -0.10769455005120554], [0.030278832851196733, 0.1758645174636641, 0.09699070086625253]]	0.6643911417171374	[[0.6644939526835627, -0.6644939526835626, 0.0], [-0.7071067811865475, -0.7071067811865476, 0.0], [0.0, 0.0, -0.93973636]]
3	[[0.08740825448676931, -0.06334395238859675, -0.994156597696443], [0.7119981850616444, -0.6940087028176986, 0.10681996481098455], [-0.6967197295301035, -0.717174639895393, -0.015561310176609944]]	0.7879947589502234	0.21200524104977664	[[0.06887724642456157, -0.04991470249340673, -0.783390188560583], [0.561050838210647, -0.5468752204861895, 0.08417357242230311], [-0.5490114953269388, -0.5651298574895834, -0.012262230861567412]]	0.8925254271500556	0.1690622621252549	[[0.04932331664695066, -0.03073789290622753, -0.8491774943081182], [0.6352762087378477, -0.6383052853479677, 0.06877510693687278], [-0.6221941371696506, -0.6106390755473968, 0.02772602770976165]]	[[-0.028690773025293867, 0.025798195256777564, 0.038132547704945674], [-0.00020027551436072554, -0.018884871419745312, -0.026564427784205123], [-0.00035406296692385114, 0.02945752626642597, 0.04161489272215494]]	0.1595146675754257	[[0.0, 0.0, -0.9109804273840001], [0.7071067811865475, -0.7071067811865476, 0.0], [-0.6441604377314457, -0.6441604377314456, 0.0]]
3	[[0.8489524140446696, -0.5135124485683378, 0.12483895166604869], [0.522794976890395, 0.7815435453534784, -0.34040431673891397], [0.0772347773085365, 0.35425224329800037, 0.9319550081910795]]	0.7459632944137584	0.25403670558624153	[[0.6332873395812748, -0.383061437856513, 0.09312527565596565], [0.38998586326412377, 0.5830027978196893, -0.2539291255472248], [0.0576143089243889, 0.2642591704640406, 0.695204228155619]]	0.8710465828179946	0.19900747065979166	[[0.7338969631161203, -0.43829564197691057, 0.05212933324895857], [0.4708783167419286, 0.6264553766761444, -0.26963537001726645], [0.03661084591093496, 0.26115103195419603, 0.7922544940070719]]	[[-0.005580136112576442, 0.008997621583041267, -0.056611209002333934], [0.015499538607137545, -0.05430545782746325, 0.02687264685465885], [-0.03066424293837454, -0.04741917402613614, -0.019521731217883958]]	0.43678834091217594	[[0.6854693136822393, -0.6854693136822392, 0.0], [0.7071067811865475, 0.7071067811865476, 0.0], [0.0, 0.0, 0.9694]]
3	[[0.04673222253661188, -0.9725397674033924, -0.22799671093185395], [-0.8377629715199755, -0.16246744520517667, 0.5213036857710898], [-0.5440306084466285, 0.16664552219444034, -0.8223502702654952]]	0.5475084070083586	0.4524915929916414	[[0.025586284716980476, -0.5324736988033111, -0.12483011600544455], [-0.4586822699874906, -0.08895229211500402, 0.2854181505641153], [-0.29786133179440166, 0.09123982439175411, -0.45024368647595436]]	0.7457617132846911	0.387413961903463	[[-0.020301012548430517, -0.8012284907470296, -0.1131925867179671], [-0.6550224410321676, -0.12762892869303763, 0.23448469979166187], [-0.27913107904327994, 0.009510531724624138, -0.6094763963936219]]	[[-0.05515211489293553, -0.07594556757078089, 0.05683863104984676], [-0.030250892064956653, -0.006466928403838487, -0.15428363005061033], [0.1265861195911907, -0.11476731841832374, 0.003800950079702581]]	0.6329429344443789	[[1.8189861552615125e-16, -0.9109804273840001, 0.0], [-1.0, -1.7938038903913487e-16, 0.0], [0.0, 0.0, -0.9109804273840001]]
3	[[-0.5446221603179724, 0.8109226453022452, -0.2139887049042392], [-0.8354447797583356, -0.5021691245819775, 0.22328947644507607], [0.07361197229480154, 0.30038414347728, 0.9509735242804028]]	0.601775070409124	0.3982249295908762	[[-0.32774003887171693, 0.48799303197311167, -0.1287730679605058], [-0.5027498411620073, -0.30219286030260756, 0.1343700404093521], [0.04429784981065868, 0.18076368909082455, 0.5722721595310521]]	0.7782359160469146	0.3255966979320716	[[-0.4754626083333638, 0.582164991061648, -0.1114157395824307], [-0.6739500004262506, -0.3965381976260678, 0.04283988860437035], [0.1393606938056332, 0.13081291464344574, 0.740081751804722]]	[[-0.05161808249885695, -0.04892413664833205, 0.0551179562024128], [-0.02377686694440953, -0.005732148946535443, -0.1309320016404994], [0.08207321311476823, -0.10295681442156307, 0.0]]	0.3984271531629633	[[-0.6644939526835627, 0.6644939526835626, 0.0], [-0.7071067811865475, -0.7071067811865476, 0.0], [0.0, 0.0, 0.93973636]]
3	[[0.034229894132735264, 0.2773841392786001, 0.9601491309293217], [-0.1827544195208179, -0.9427759796974285, 0.2788803941677556], [0.9825625356654255, -0.18501754344446375, 0.018422055382213542]]	0.8544383555888211	0.14556164441117908	[[0.02924733445475375, 0.23700764783162764, 0.8203882445512851], [-0.15615238569195722, -0.8055439577813105, 0.23828610539865935], [0.8395391172371486, -0.1580860855757709, 0.01574051070734473]]	0.9144521371196145	0.13095116735017462	[[0.009054434418752005, 0.23427577394648952, 0.8530781539069164], [-0.16518717499628702, -0.8264827319134065, 0.2537205669242956], [0.8859373806791845, -0.15869705255965205, 0.0]]	[[-0.02224716542430592, -0.019378745019911242, -0.024932270824942277], [0.0019329945025795305, 0.03564077754594561, -0.0013022055231690153], [-0.012569029913731449, 0.010492635447758955, -0.01684608791440107]]	0.35143751212557606	[[0.0, 0.0, 0.9694], [0.0, -1.0, 0.0], [0.9694, 0.0, 0.0]]
3	[[0.8592155572171323, 0.2624339665249735, -0.4391776855101157], [-0.4266000482917053, 0.8413623931712975, -0.33184593135155627], [0.2824199444684594, 0.4724804086637203, 0.8348660002631537]]	0.58102427676159	0.41897572323841015	[[0.4992250977143908, 0.15248050559784804, -0.255172897093344], [-0.24786498452514732, 0.4888519759867536, -0.1928105422598142], [0.164092843977835, 0.27452258772785854, 0.48507741399574017]]	0.7925663127713316	0.3698875272504491	[[0.5599042921353288, 0.20901816479104554, -0.2868061323280495], [-0.3242293561982269, 0.7528849017431949, -0.272359265480512], [0.24582192543459505, 0.3470585881947118, 0.5437102834992603]]	[[-0.12108101392401871, 0.001021843596392208, 0.061271306528150285], [0.013879471104401943, 0.08604941208295644, -0.009349359261040587], [0.021985391394143985, -0.027413467156584968, -0.11797638398745688]]	0.6481952492074181	[[0.9109804273840001, 0.0, 0.0], [0.0, 0.7071067811865476, -0.7071067811865475], [0.0, 0.6441604377314456, 0.6441604377314457]]
3	[[-0.42203838922340475, -0.825029846081567, 0.3757783270710803], [0.2588054115689476, 0.28760896992378115, 0.9221175843470338], [-0.8688517462515349, 0.4864224845687207, 0.09214016247897017]]	0.44858696273899085	0.5514130372610093	[[-0.1893209191809832, -0.37009763282274727, 0.16856925840395504], [0.11609673351612866, 0.1290176342745987, 0.4136499264504511], [-0.3897555659214445, 0.2182027849606361, 0.04133287563271834]]	0.6469159783634456	0.6039544027051166	[[-0.11829613970587749, -0.3789977522913858, 0.3446697542984364], [0.13441354920547358, 0.09476472093920066, 0.6463101973880649], [-0.5045805920658776, 0.1837761115274157, -0.031403169333519165]]	[[0.15472723776551406, 0.15472723776551406, 0.10157275019346959], [-0.033011806825406345, -0.09129411722514505, 0.04977759814406649], [0.05749348541322241, -0.13089836597533636, -0.09101011269016901]]	0.6680418120513462	[[0.0, -0.6441604377314456, 0.6441604377314457], [0.0, 0.7071067811865476, 0.7071067811865475], [-0.9109804273840001, 0.0, 0.0]]
3	[[-0.3195682178843842, -0.5708200961323295, -0.7563336379995778], [0.910087742671785, 0.03735879733279218, -0.41272826520656647], [0.2638493031197415, -0.8202248094963509, 0.507557688474819]]	0.45853682332832646	0.5414631766716734	[[-0.1465337954654, -0.2617420335724883, -0.3468068237446828], [0.41730874247476774, 0.01713038425234533, -0.18925110762563005], [0.12098462128991894, -0.37610327856153847, 0.2327338901291118]]	0.6621492529722878	0.5595589391025193	[[-0.2663787141692444, -0.26986953785565426, -0.46004783768208035], [0.6013742702370607, -0.05612216403708225, -0.06257400995698205], [0.2653384465395134, -0.4226143456734507, 0.32320351565831923]]	[[-0.05477685742341416, 0.10809856237993717, 0.04075791571715286], [-0.00123964871229729, -0.08085926378293369, 0.21071370253009425], [0.09063082758151783, 0.1204968992038952, -0.01287542860562326]]	0.9132877984915627	[[0.0, 0.0, -0.9109804273840001], [0.7071067811865475, 0.7071067811865476, 0.0], [0.6441604377314457, -0.6441604377314456, 0.0]]
3	[[0.22433838825039393, -0.7661379269479729, -0.6022499185961573], [-0.9416906372873723, -0.011392912655017143, -0.3362869982418849], [0.2507808429735371, 0.642575192824231, -0.724020780340167]]	0.49555049167541965	0.5044495083245805	[[0.11117099859915389, -0.3796600263902547, -0.2984452432718071], [-0.46665525831389665, -0.005645763467808869, -0.16664718732281703], [0.1242745700383125, 0.3184284527424752, -0.3587888536807908]]	0.6985989482184531	0.5248554412070641	[[0.28628445095771604, -0.4013444331771876, -0.352199815392981], [-0.677639074808285, -0.004577701169057525, -0.03893203095455981], [0.30958767009640253, 0.3095876700964025, -0.4844610172624968]]	[[0.12956188888096787, 0.13387871677893243, 0.0685313443029436], [-0.019774986052161637, 0.00338137562888212, 0.1959977123167618], [0.1343924369617524, -0.13931468376187506, 0.021339138371447703]]	0.7376559563332543	[[1.8189861552615125e-16, -0.9109804273840001, 0.0], [-1.0, -1.7938038903913487e-16, 0.0], [0.0, 0.0, -0.9109804273840001]]
