3	[[0.04673222253661188, -0.9725397674033924, -0.22799671093185395], [-0.8377629715199755, -0.16246744520517667, 0.5213036857710898], [-0.5440306084466285, 0.16664552219444034, -0.8223502702654952]]	0.5527606761341978	0.4472393238658021	[[0.02583173492659136, -0.5375817393972946, -0.12602761609106486], [-0.46308242657757637, -0.08980561486140913, 0.288156177818077], [-0.3007187269626574, 0.0921150915229353, -0.4545628914110954]]	0.7497888987730496	0.37862595364428775	[[-0.02074853704810102, -0.8106115372464228, -0.1583597804121672], [-0.653196175889142, -0.16872787325284647, 0.23451680249235754], [-0.27925041104590004, 0.013512363009966201, -0.6165891035480854]]	[[-0.05578783872104421, -0.08141201603203543, 0.012589622401304928], [-0.025050800040341777, -0.046911586425986425, -0.15635091398827974], [0.1286576997601297, -0.11143659956166302, 0.0]]	0.6274213236933083	[[1.8529709092710817e-16, -0.9280005930640002, 0.0], [-1.0, -1.7938038903913487e-16, 0.0], [0.0, 0.0, -0.9280005930640002]]
3	[[0.22433838825039393, -0.7661379269479729, -0.6022499185961573], [-0.9416906372873723, -0.011392912655017143, -0.3362869982418849], [0.2507808429735371, 0.642575192824231, -0.724020780340167]]	0.5042448053391084	0.49575519466089163	[[0.11312146691340919, -0.38632106983678866, -0.30368139296801333], [-0.47484261208863204, -0.005744817023974586, -0.16957097196655235], [0.12645493734796875, 0.3240152030213944, -0.3650837174440969]]	0.7044898662475496	0.5190707743469574	[[0.28264320858831254, -0.40270880897535094, -0.3663384742545407], [-0.6788870593728926, 0.004755107712688632, -0.03872899228670809], [0.3166686355023224, 0.3203947381002213, -0.48384293147444146]]	[[0.12459908745560161, 0.13702759670740156, 0.05794049034486391], [-0.015475548263741909, 0.01278129922519162, 0.19818179012550735], [0.13999607297844746, -0.1322929735465146, 0.026222371227849352]]	0.7399761959158991	[[1.8529709092710817e-16, -0.9280005930640002, 0.0], [-1.0, -1.7938038903913487e-16, 0.0], [0.0, 0.0, -0.9280005930640002]]
3	[[0.8489524140446696, -0.5135124485683378, 0.12483895166604869], [0.522794976890395, 0.7815435453534784, -0.34040431673891397], [0.0772347773085365, 0.35425224329800037, 0.9319550081910795]]	0.7514461148057664	0.24855388519423371	[[0.6379419931888431, -0.38587693438107334, 0.09380974520587713], [0.3928522542242578, 0.5872878607073958, -0.2557955012765684], [0.05803777333638833, 0.2662014718875095, 0.7003139700789629]]	0.8761534967414241	0.19702064076863676	[[0.7431941796975686, -0.44113990447059853, 0.052698391971165354], [0.46972810629219713, 0.6262283903553444, -0.2708796012795465], [0.03779180433698088, 0.2662830182705435, 0.7996588577686894]]	[[-0.0006184464347420227, 0.008775822962801326, -0.05667969206057684], [0.011679459210825558, -0.058523719761795406, 0.027366831137128178], [-0.029877715871938566, -0.04409632342349322, -0.016876781463607406]]	0.43479278871593474	[[0.6897119543693585, -0.6897119543693584, 0.0], [0.7071067811865475, 0.7071067811865476, 0.0], [0.0, 0.0, 0.9754]]
3	[[-0.42203838922340475, -0.825029846081567, 0.3757783270710803], [0.2588054115689476, 0.28760896992378115, 0.9221175843470338], [-0.8688517462515349, 0.4864224845687207, 0.09214016247897017]]	0.4539520187680389	0.5460479812319612	[[-0.19158517878557596, -0.37452396417261175, 0.17058533018319327], [0.11748523904981695, 0.13056067251269665, 0.41859713895584344], [-0.39441700422102016, 0.22081246884413602, 0.04182721276694362]]	0.6526621551679734	0.5998154102073061	[[-0.12191037483795722, -0.38492764758528675, 0.352321961648117], [0.13188308615194466, 0.0961946160366942, 0.6493685060379466], [-0.5126283130100424, 0.1854801691296744, -0.0317415867374412]]	[[0.15353810983621016, 0.15353810983621013, 0.1070656688364901], [-0.03702941153177905, -0.09151687411940163, 0.047537256119725944], [0.05443834021994157, -0.13198937797110716, -0.09187798375849315]]	0.6646200619833253	[[0.0, -0.6561955123006923, 0.6561955123006924], [0.0, 0.7071067811865476, 0.7071067811865475], [-0.9280005930640002, 0.0, 0.0]]
3	[[0.3802729664721569, 0.7767473726770865, -0.5020517802076895], [0.4287143634067757, 0.332951791095048, 0.839849450446521], [0.8195098935212374, -0.5346088512602871, -0.20639019011321075]]	0.5453192058423484	0.45468079415765184	[[0.20737015207991064, 0.4235752604083994, -0.2737784780745945], [0.23378617618619094, 0.181565006303739, 0.4579860353446296], [0.4468944843149488, -0.29153247420555, -0.11254853456618741]]	0.7066235414631739	0.4450145966657006	[[0.21064813595546222, 0.4708286280350865, -0.3053577501913751], [0.33232053624592883, 0.22129366312401821, 0.4934657748196897], [0.5919438338900633, -0.29783376949577345, -0.052161749814073455]]	[[-0.05806169433580007, -0.07803935126821204, 0.04940385673687339], [0.029380874499302802, -0.013977910636071395, -0.09999161815073146], [0.012858850665977917, 0.0799334302793299, 0.09367841724698125]]	0.6833153590054643	[[0.0, 0.6561955123006923, -0.6561955123006924], [0.0, 0.7071067811865476, 0.7071067811865475], [0.9280005930640002, 0.0, 0.0]]
3	[[-0.8305561570912853, 0.32773595720904825, 0.4502950280316503], [-0.5100865793185324, -0.772219296347621, -0.37879947194723407], [0.22358030216652452, -0.5443036842615101, 0.808545204538665]]	0.52151510379655	0.47848489620345	[[-0.4331475804743252, 0.17091925174173841, 0.23483565828299655], [-0.2660178553585315, -0.40272402648842837, -0.19754964593064006], [0.11660050449123902, -0.28386259239448597, 0.42166853626918455]]	0.7497619266276675	0.4544664691408387	[[-0.5261806708673508, 0.14716679330085125, 0.24854370156223457], [-0.5535274801331386, -0.5977138783260589, -0.28879645659083825], [0.2312229464799954, -0.3373392887959406, 0.4761285580081015]]	[[0.09653871364588289, -0.09855714940136757, -0.08907036620563517], [-0.17108398367635927, -0.01873325091740498, -0.00478703469813698], [0.0635909483716259, 0.0707588901865068, -0.13008785231236933]]	0.6804077077869136	[[-0.6727450402918723, 0.6727450402918722, 0.0], [-0.7071067811865475, -0.7071067811865476, 0.0], [0.0, 0.0, 0.9514051600000001]]
3	[[0.034229894132735264, 0.2773841392786001, 0.9601491309293217], [-0.1827544195208179, -0.9427759796974285, 0.2788803941677556], [0.9825625356654255, -0.18501754344446375, 0.018422055382213542]]	0.8633864744921516	0.13661352550784842	[[0.029553627617501882, 0.23948971409179046, 0.8289797731397704], [-0.15778769396793862, -0.8139800293468472, 0.2407815603254801], [0.8483312036362407, -0.15974164455371404, 0.015905353449348514]]	0.9192298820244075	0.1269292743124485	[[0.009031027955797789, 0.2369798577592861, 0.8613735719627373], [-0.16485296148630216, -0.8267728133889172, 0.2533544618019092], [0.894662120727499, -0.1603549661211427, 0.0]]	[[-0.02243411358954441, -0.01799993186522335, -0.021224200387260427], [0.0031403620092583084, 0.0398550392037953, -0.003000730027837068], [-0.00853872301383303, 0.00971868851175737, -0.01693410379563925]]	0.348826697625427	[[0.0, 0.0, 0.9754], [0.0, -1.0, 0.0], [0.9754, 0.0, 0.0]]
3	[[0.8787972042104137, -0.3840163418041313, 0.28327887866788265], [-0.395223040501579, -0.9183905790867732, -0.018907472103605397], [0.2674214316928388, -0.09534250611366366, -0.9588511794847616]]	0.6762092721775071	0.3237907278224929	[[0.594250817850752, -0.25967541099564045, 0.19155580436726927], [-0.2672534845653542, -0.6210242250589463, -0.012785407949895522], [0.18083285168968144, -0.06447148666670002, -0.6483840582059349]]	0.8377094436663288	0.2983083240747694	[[0.6111729587334611, -0.26517571522124433, 0.24208092054503874], [-0.3416838601196488, -0.8497776359675056, -0.020985008499347382], [0.21726784132166466, -0.07986931775423073, -0.7127424609821715]]	[[-0.12500375830116983, 0.05651840083027329, 0.004775528693745311], [-0.010601786736956081, -0.08043317489232726, -0.005146040562299471], [-0.0067536174461964886, 0.0, 0.09049622714281147]]	0.47812915048422366	[[0.6727450402918723, -0.6727450402918722, 0.0], [-0.7071067811865475, -0.7071067811865476, 0.0], [0.0, 0.0, -0.9514051600000001]]
3	[[-0.30792515101507295, 0.09349718223056193, 0.9468053539599837], [0.3027085282091916, -0.9338174967034747, 0.1906631317268273], [0.9019698710720718, 0.34531602882779927, 0.2592434992682147]]	0.7070636242646167	0.2929363757353834	[[-0.21772267327894695, 0.06610845652647043, 0.6694516250440893], [0.21403418905139895, -0.6602683836208705, 0.13481096493241257], [0.6377500860177081, 0.24416040285964863, 0.1833016481596254]]	0.8465790815131733	0.26503574497534726	[[-0.25363801312548895, 0.07787761567097913, 0.7406314336603496], [0.24402613585423982, -0.849761989632073, 0.11868050635995939], [0.6775359374011609, 0.2624615830807723, 0.17576039745450983]]	[[0.007044978395656682, -0.0012751429858397813, -0.06091417326684825], [-0.012240571923302128, -0.05921163097191463, -0.04273091257576327], [-0.08605288760358891, -0.029875743436042573, -0.0437097260442364]]	0.4702462664431289	[[0.0, 0.0, 0.9754], [0.0, -1.0, 0.0], [0.9754, 0.0, 0.0]]
3	[[0.08740825448676931, -0.06334395238859675, -0.994156597696443], [0.7119981850616444, -0.6940087028176986, 0.10681996481098455], [-0.6967197295301035, -0.717174639895393, -0.015561310176609944]]	0.8084871562681917	0.19151284373180838	[[0.07066845110437452, -0.05121277193344432, -0.8037628405568579], [0.5756413879086024, -0.5610971225664578, 0.08636256958270122], [-0.563288952843737, -0.5798264851566906, -0.01258111941249464]]	0.900271556449303	0.15604038406287635	[[0.05340336443660323, -0.029941045777367666, -0.8625205447731689], [0.6343989583810833, -0.6379351290443587, 0.06785493033965845], [-0.6310656426268164, -0.6217509794369811, 0.02633417392628149]]	[[-0.025287800876717358, 0.02708571283116487, 0.03249036278935144], [-0.00659275587344204, -0.013138833969307378, -0.02831204564058638], [-0.0038286873138129, 0.023900949867612674, 0.040343578859368505]]	0.1484739740718758	[[0.0, 0.0, -0.9280005930640002], [0.7071067811865475, -0.7071067811865476, 0.0], [-0.6561955123006924, -0.6561955123006923, 0.0]]
3	[[0.8592155572171323, 0.2624339665249735, -0.4391776855101157], [-0.4266000482917053, 0.8413623931712975, -0.33184593135155627], [0.2824199444684594, 0.4724804086637203, 0.8348660002631537]]	0.5912456591322718	0.40875434086772827	[[0.5080074684635456, 0.15516294351675453, -0.2596619001456139], [-0.25222542673808834, 0.4974518627196694, -0.19620246641231354], [0.16697956621935392, 0.2793519906474664, 0.49361089861271173]]	0.798604863254235	0.36045044647283336	[[0.5694628817818127, 0.211481856089314, -0.2891254263327216], [-0.3239831284923099, 0.7528167210498881, -0.2727700959409022], [0.24793122222259095, 0.35258241705712445, 0.5522113198806246]]	[[-0.11671084079548646, 0.0019008141393710432, 0.06160400914839574], [0.016701744737937316, 0.08090062210406831, -0.007756321312418359], [0.022389281090088274, -0.02474273509407095, -0.1145167280951414]]	0.6427883299264694	[[0.9280005930640002, 0.0, 0.0], [0.0, 0.7071067811865476, -0.7071067811865475], [0.0, 0.6561955123006923, 0.6561955123006924]]
3	[[0.5319609947059123, -0.8460851799387872, 0.03402011756955908], [-0.703274286200726, -0.4190807785627857, 0.5742617690636116], [-0.47161719485230363, -0.3294103357928521, -0.8179645788128509]]	0.5122405148763373	0.48775948512366274	[[0.27249197382228496, -0.4333991082010828, 0.01742648253998446], [-0.3602455824627484, -0.21467015378577753, 0.2941601442589407], [-0.2415814347156779, -0.16873732001211772, -0.41899459700170116]]	0.7146106787556393	0.49629635357861296	[[0.4776323085457999, -0.6055217689817055, 0.11072986097000057], [-0.4123586338152866, -0.22803258832109188, 0.29474814737126087], [-0.30151264656454335, -0.06032481856575406, -0.49449963287577875]]	[[0.09748730104748285, -0.0009002642605615901, 0.08641872166227131], [0.09020868119800207, 0.07144701130110213, -0.11562544520270081], [0.035510037161691925, 0.17507532508429907, 0.09002658998774347]]	0.6602265322329274	[[0.6727450402918723, -0.6727450402918722, 0.0], [-0.7071067811865475, -0.7071067811865476, 0.0], [0.0, 0.0, -0.9514051600000001]]
3	[[-0.5446221603179724, 0.8109226453022452, -0.2139887049042392], [-0.8354447797583356, -0.5021691245819775, 0.22328947644507607], [0.07361197229480154, 0.30038414347728, 0.9509735242804028]]	0.6103567542306865	0.3896432457693135	[[-0.3324138140537821, 0.4949521137188406, -0.1306094513673796], [-0.5099193641122685, -0.30650231695472097, 0.13628624009688592], [0.0449295644823743, 0.18334149083515738, 0.5804331136391037]]	0.7825193518899068	0.31166415342797854	[[-0.47192752890826434, 0.5850590924676949, -0.1128865910790599], [-0.6731792173687522, -0.44124997265938193, 0.040276033011629506], [0.08886421012283967, 0.14362800869359932, 0.7431616928776615]]	[[-0.04575014899136365, -0.04950357036706679, 0.0545637115943659], [-0.019427509772453364, -0.04829291475237101, -0.13445230338000808], [0.031261417271373805, -0.09142839657824661, -0.0009934930066999236]]	0.3945343620402199	[[-0.6727450402918723, 0.6727450402918722, 0.0], [-0.7071067811865475, -0.7071067811865476, 0.0], [0.0, 0.0, 0.9514051600000001]]
3	[[-0.3195682178843842, -0.5708200961323295, -0.7563336379995778], [0.910087742671785, 0.03735879733279218, -0.41272826520656647], [0.2638493031197415, -0.8202248094963509, 0.507557688474819]]	0.4648774285290214	0.5351225714709785	[[-0.14856005136969458, -0.2653613784426862, -0.3516024367432435], [0.42307924954904125, 0.017367261637005367, -0.19186805461047257], [0.12265758555347978, -0.38130400025437006, 0.23595211304830796]]	0.6669672306672035	0.5551609288097473	[[-0.26319839037728443, -0.27192169920219394, -0.4681174530514446], [0.5968831743734478, -0.04808603758858146, -0.06614062311288761], [0.2745460450777434, -0.4357887429862823, 0.3195635046168513]]	[[-0.05005686108568321, 0.1087965995243727, 0.0363322989455849], [-0.0101155270205193, -0.07300313118669118, 0.2091356049500152], [0.09856720606249783, 0.11127432672803333, -0.018960841269045927]]	0.910130273210154	[[0.0, 0.0, -0.9280005930640002], [0.7071067811865475, 0.7071067811865476, 0.0], [0.6561955123006924, -0.6561955123006923, 0.0]]
