3	[[0.8592155572171323, 0.2624339665249735, -0.4391776855101157], [-0.4266000482917053, 0.8413623931712975, -0.33184593135155627], [0.2824199444684594, 0.4724804086637203, 0.8348660002631537]]	0.5559156134403991	0.4440843865596009	[[0.4776513435678964, 0.14589113948832783, -0.2441457324496907], [-0.2371536275397872, 0.46772649092550417, -0.18447833449500095], [0.15700165667698707, 0.2626592362208625, 0.4641150446768235]]	0.7773219120563079	0.3940438540949072	[[0.5303438350373864, 0.2099874984537515, -0.28433370355152265], [-0.33986479383333745, 0.7512232330346009, -0.26073545097786033], [0.24122221519399328, 0.33060647788120523, 0.5234933062364631]]	[[-0.13754324476716093, 0.0059918258060379995, 0.057048734681664354], [-0.008259228611915803, 0.09721380884241686, -0.0027843371115623527], [0.021691003956934133, -0.03666289679042349, -0.12546632939889366]]	0.6623315481551373	[[0.8687968480879998, 0.0, 0.0], [0.0, 0.7071067811865476, -0.7071067811865475], [0.0, 0.6143321427565234, 0.6143321427565235]]
3	[[-0.42203838922340475, -0.825029846081567, 0.3757783270710803], [0.2588054115689476, 0.28760896992378115, 0.9221175843470338], [-0.8688517462515349, 0.4864224845687207, 0.09214016247897017]]	0.43505643281943585	0.5649435671805643	[[-0.1836105161283951, -0.35893454180581474, 0.1634847785063995], [0.11259495915155229, 0.1251261325019126, 0.40117318688609577], [-0.3779995413731304, 0.21162123097963473, 0.04008617040750398]]	0.6322566147539267	0.61484634515558	[[-0.1094335347916189, -0.36422754907951366, 0.3258428995278625], [0.14089279197418583, 0.09114814749669384, 0.6385284555387805], [-0.4845796133056089, 0.1793879052081059, -0.030515926392551542]]	[[0.15740302847497112, 0.15740302847497112, 0.08825456655600743], [-0.02273864142439376, -0.09069452620018001, 0.0555135132544565], [0.06475765050242419, -0.12815592822550764, -0.08877215360438198]]	0.6776220312936926	[[0.0, -0.6143321427565234, 0.6143321427565235], [0.0, 0.7071067811865476, 0.7071067811865475], [-0.8687968480879998, 0.0, 0.0]]
3	[[0.034229894132735264, 0.2773841392786001, 0.9601491309293217], [-0.1827544195208179, -0.9427759796974285, 0.2788803941677556], [0.9825625356654255, -0.18501754344446375, 0.018422055382213542]]	0.8269471674020341	0.17305283259796578	[[0.028306313993536933, 0.22938202825868964, 0.7939926041055275], [-0.15112824955294335, -0.7796259259054664, 0.23061935200098826], [0.8125273056638839, -0.15299973347108212, 0.015234066516044883]]	0.9020714016000291	0.1490126510659587	[[0.009109370475653727, 0.2275038521842807, 0.8321711759940862], [-0.16605986917635002, -0.8257193447849743, 0.2546908523030342], [0.8639595682493811, -0.1545331092712088, 0.0]]	[[-0.021768438101283382, -0.022716447116383716, -0.03395189628837679], [-0.0012023338106061134, 0.024731904615525623, 0.0031208242573582713], [-0.022381995458007793, 0.01236592546433288, -0.016618009318986725]]	0.3581700411700493	[[0.0, 0.0, 0.9541999999999999], [0.0, -1.0, 0.0], [0.9541999999999999, 0.0, 0.0]]
3	[[0.8489524140446696, -0.5135124485683378, 0.12483895166604869], [0.522794976890395, 0.7815435453534784, -0.34040431673891397], [0.0772347773085365, 0.35425224329800037, 0.9319550081910795]]	0.7303338577062528	0.2696661422937472	[[0.6200186915582795, -0.37503552754309794, 0.09117411316226978], [0.38181487226181354, 0.5707877124434276, -0.24860879782379225], [0.05640717286082683, 0.2587224074489226, 0.6806382963408536]]	0.8576626602640767	0.2146133766232489	[[0.7085252200463413, -0.42387685489521554, 0.05397579936304962], [0.47239913857854715, 0.6269323527439175, -0.26791697822444893], [0.031488636978637026, 0.2552525886150751, 0.7692405492422548]]	[[-0.019589565820819978, 0.016543597822624902, -0.0530939080274322], [0.024017407926034483, -0.04336836347616501, 0.024035093635223354], [-0.034752747592705927, -0.048576332776404864, -0.030062462329335817]]	0.4420042988771262	[[0.6747212906082036, -0.6747212906082035, 0.0], [0.7071067811865475, 0.7071067811865476, 0.0], [0.0, 0.0, 0.9541999999999999]]
3	[[0.3802729664721569, 0.7767473726770865, -0.5020517802076895], [0.4287143634067757, 0.332951791095048, 0.839849450446521], [0.8195098935212374, -0.5346088512602871, -0.20639019011321075]]	0.529787825616385	0.4702121743836152	[[0.20146398804797652, 0.41151130162383354, -0.26598092098306714], [0.22712765039978844, 0.17639380543932637, 0.4449420141971783], [0.4341663645597316, -0.283229260864461, -0.10934301004863024]]	0.6855831975438758	0.4634156974879708	[[0.18679722525450188, 0.4438547132288372, -0.2880503962576863], [0.33743330148813344, 0.20077397301573507, 0.47601492663312167], [0.5648631880998789, -0.28285844292712586, -0.0723876399672053]]	[[-0.0739115310389745, -0.08867023421492426, 0.0561478685496966], [0.04351393739072895, -0.027492180551168442, -0.09977174505947098], [0.0030209748807477448, 0.0836604027551601, 0.06911000651229815]]	0.6984573102196243	[[0.0, 0.6143321427565234, -0.6143321427565235], [0.0, 0.7071067811865476, 0.7071067811865475], [0.8687968480879998, 0.0, 0.0]]
3	[[-0.3195682178843842, -0.5708200961323295, -0.7563336379995778], [0.910087742671785, 0.03735879733279218, -0.41272826520656647], [0.2638493031197415, -0.8202248094963509, 0.507557688474819]]	0.4427707265465777	0.5572292734534222	[[-0.14149545201386385, -0.25274242869189883, -0.3348823944086894], [0.4029602110439211, 0.016541381837946765, -0.18274399385182002], [0.11682474764113618, -0.3631715348322276, 0.22473168649029715]]	0.6488269430838336	0.5707444168646041	[[-0.2647393565332958, -0.2647393565332958, -0.4388244264767238], [0.6092365656155161, -0.06879644036060115, -0.05733104492913174], [0.24426628449957016, -0.3953250625217941, 0.32458895737129195]]	[[-0.05739488661662226, 0.10562410149106363, 0.05190521581801691], [0.018747117599715212, -0.09303583463132517, 0.2104581737091385], [0.07307374772158859, 0.13685889326524306, -0.004728146080521576]]	0.9217262280019066	[[0.0, 0.0, -0.8687968480879998], [0.7071067811865475, 0.7071067811865476, 0.0], [0.6143321427565235, -0.6143321427565234, 0.0]]
3	[[-0.5446221603179724, 0.8109226453022452, -0.2139887049042392], [-0.8354447797583356, -0.5021691245819775, 0.22328947644507607], [0.07361197229480154, 0.30038414347728, 0.9509735242804028]]	0.5805244316031398	0.4194755683968601	[[-0.31616647005706494, 0.47076040773820044, -0.12422567128402551], [-0.4849961059050181, -0.29152144561659876, 0.12962499639624048], [0.042733548375625735, 0.174380334154744, 0.5520633646525155]]	0.7668165772623864	0.3402040696309908	[[-0.4810978631894057, 0.5736474031243464, -0.10732973654168046], [-0.6743844463468864, -0.4289863944146731, 0.050302208193370446], [0.13056639861364608, 0.10237850716169289, 0.7292222629558474]]	[[-0.06347256231313136, -0.04818152417088155, 0.05676034972579911], [-0.0337515398408713, -0.04391478509587221, -0.12091986387295305], [0.07411951797301272, -0.12796103360344857, 0.0]]	0.40894185116551096	[[-0.6438190554983478, 0.6438190554983478, 0.0], [-0.7071067811865475, -0.7071067811865476, 0.0], [0.0, 0.0, 0.9104976399999999]]
3	[[0.5319609947059123, -0.8460851799387872, 0.03402011756955908], [-0.703274286200726, -0.4190807785627857, 0.5742617690636116], [-0.47161719485230363, -0.3294103357928521, -0.8179645788128509]]	0.49298698934179397	0.5070130106582061	[[0.2622498492273337, -0.41710898558473275, 0.016771475337670802], [-0.3467050730355951, -0.20660137131468273, 0.28310358062476243], [-0.23250114101205935, -0.16239500970058757, -0.403245895097176]]	0.6963224668645794	0.520232280613156	[[0.4398023387086406, -0.5792972155528336, 0.10667241481766834], [-0.4025445651520421, -0.22011553180912163, 0.30456221603450534], [-0.30091825541542583, -0.05182135435040165, -0.4665103691139602]]	[[0.06938594659928432, 0.009850904119704261, 0.08298344262860993], [0.0871611206976736, 0.07169982973524584, -0.09530915562588604], [0.02747939311988335, 0.1775544632795666, 0.10305674421285094]]	0.6750481598545817	[[0.6438190554983478, -0.6438190554983478, 0.0], [-0.7071067811865475, -0.7071067811865476, 0.0], [0.0, 0.0, -0.9104976399999999]]
3	[[0.08740825448676931, -0.06334395238859675, -0.994156597696443], [0.7119981850616444, -0.6940087028176986, 0.10681996481098455], [-0.6967197295301035, -0.717174639895393, -0.015561310176609944]]	0.7363400579078614	0.2636599420921386	[[0.0643621991704128, -0.046642689569932144, -0.7320373267172815], [0.5242727848185834, -0.5110264084213438, 0.07865581907463609], [-0.513022645987746, -0.5280844158706234, -0.011458416036567155]]	0.871885398427278	0.2035752259470702	[[0.042130740932643705, -0.03242803466119981, -0.8132339753975824], [0.6354916879596165, -0.6385270374283877, 0.0716150932269309], [-0.5979733419044112, -0.5819041080953234, 0.029790932609886012]]	[[-0.034079239856386064, 0.022800632505090377, 0.053556645884087886], [0.014710866697646045, -0.0334309830601802, -0.021519674352282175], [0.009486417069088402, 0.043389988551810726, 0.04335861173327003]]	0.1892329566492144	[[0.0, 0.0, -0.8687968480879998], [0.7071067811865475, -0.7071067811865476, 0.0], [-0.6143321427565235, -0.6143321427565234, 0.0]]
3	[[-0.30792515101507295, 0.09349718223056193, 0.9468053539599837], [0.3027085282091916, -0.9338174967034747, 0.1906631317268273], [0.9019698710720718, 0.34531602882779927, 0.2592434992682147]]	0.6681218244266487	0.33187817557335136	[[-0.20573151368304188, 0.06246750797063384, 0.6325813204646632], [0.2022461741366307, -0.6239038495790518, 0.12738619942022636], [0.6026257558385417, 0.23071317518419446, 0.17320623970182816]]	0.8287633240755822	0.2823413933735952	[[-0.23353292100559023, 0.07281011041042505, 0.72640182061159], [0.2473805014455892, -0.8484394106464869, 0.11851912889292149], [0.6647111353105348, 0.2519035347462034, 0.1607228105951652]]	[[0.021664150716137323, -0.004676925126675908, -0.05827573178884423], [-0.0034932246190875335, -0.07452571799857612, -0.03949548193566453], [-0.08280841325517982, -0.03428172516170308, -0.054128693603346226]]	0.47440998992449834	[[0.0, 0.0, 0.9541999999999999], [0.0, -1.0, 0.0], [0.9541999999999999, 0.0, 0.0]]
3	[[0.8787972042104137, -0.3840163418041313, 0.28327887866788265], [-0.395223040501579, -0.9183905790867732, -0.018907472103605397], [0.2674214316928388, -0.09534250611366366, -0.9588511794847616]]	0.637279102790385	0.3627208972096151	[[0.5600390938339114, -0.2447255897617826, 0.1805277096369346], [-0.2518673846529343, -0.5852711242515609, -0.012049336858219899], [0.1704220900561325, -0.06075978675390238, -0.6110558193715512]]	0.8221542954984383	0.3234500134055507	[[0.5888048643672271, -0.2539166159270722, 0.23766275099513778], [-0.3439403207962327, -0.8488251388835599, -0.021028079200945692], [0.21312464244416549, -0.07838625094493469, -0.6860500307021002]]	[[-0.13370203194638292, 0.06180406902879077, 0.004763804074357168], [-0.0190060003679062, -0.0937663793420713, -0.005483219793949627], [-0.006737036330444115, 0.0, 0.1022735852550408]]	0.4888437127007327	[[0.6438190554983478, -0.6438190554983478, 0.0], [-0.7071067811865475, -0.7071067811865476, 0.0], [0.0, 0.0, -0.9104976399999999]]
3	[[-0.8305561570912853, 0.32773595720904825, 0.4502950280316503], [-0.5100865793185324, -0.772219296347621, -0.37879947194723407], [0.22358030216652452, -0.5443036842615101, 0.808545204538665]]	0.4963998012785166	0.5036001987214833	[[-0.4122879113307625, 0.16268806403039596, 0.22352636243161528], [-0.25320687660855795, -0.383329505250395, -0.18803598259901405], [0.11098521756525347, -0.270192240702578, 0.40136167885769086]]	0.7261679096539636	0.4781065061808595	[[-0.49657208822076204, 0.12621972988588223, 0.25272546073914465], [-0.5535579717776438, -0.589682960340095, -0.28579460818343977], [0.21701369949805, -0.3282511270476976, 0.4460058389016934]]	[[0.10655114022444552, -0.11177160507905315, -0.07426433849417176], [-0.18314946673136462, -0.028922088116888497, -0.010722587461491503], [0.05465685883398335, 0.06700474156943426, -0.14113374213888535]]	0.6810206598701698	[[-0.6438190554983478, 0.6438190554983478, 0.0], [-0.7071067811865475, -0.7071067811865476, 0.0], [0.0, 0.0, 0.9104976399999999]]
3	[[0.22433838825039393, -0.7661379269479729, -0.6022499185961573], [-0.9416906372873723, -0.011392912655017143, -0.3362869982418849], [0.2507808429735371, 0.642575192824231, -0.724020780340167]]	0.4738898637858577	0.5261101362141424	[[0.10631168824991803, -0.36306499784255425, -0.2854001318885768], [-0.44625764783253047, -0.005398985826210238, -0.15936299978980178], [0.11884249951683207, 0.304509870599646, -0.3431061089735322]]	0.6836363598695909	0.5377293905153271	[[0.2945946610878673, -0.39764020166728675, -0.3180716987514753], [-0.674365439419698, -0.038006258355075165, -0.03952920815100904], [0.28353756968458205, 0.283537569684582, -0.4853224542435758]]	[[0.141228781965357, 0.12611954186945998, 0.0936482433293592], [-0.03059148002128345, -0.030217649019286995, 0.19036881119854468], [0.11209466706912562, -0.1557501960802758, 0.00964447649811679]]	0.7334607343816011	[[1.7347567421893297e-16, -0.8687968480879998, 0.0], [-1.0, -1.7938038903913487e-16, 0.0], [0.0, 0.0, -0.8687968480879998]]
3	[[0.04673222253661188, -0.9725397674033924, -0.22799671093185395], [-0.8377629715199755, -0.16246744520517667, 0.5213036857710898], [-0.5440306084466285, 0.16664552219444034, -0.8223502702654952]]	0.534587271156089	0.4654127288439109	[[0.02498245132090644, -0.5199073803469572, -0.12188413952962342], [-0.44785742082048, -0.08685302818393682, 0.2786823148199782], [-0.29083183839486987, 0.08908657496030735, -0.4396179869157034]]	0.7328926090983372	0.41247236045874097	[[-0.008027045668948948, -0.7729232188893815, -0.1057806080730345], [-0.6606460681567365, -0.12864006745886067, 0.23538402295347458], [-0.2753815845252002, 0.005727064943056026, -0.5798465257540577]]	[[-0.04227674617277065, -0.06015601130521922, 0.061316496267651344], [-0.04665577815348569, -0.009568877648897522, -0.14667559544387912], [0.12333442752860535, -0.11640620661258222, 0.022847909413543917]]	0.647376983470993	[[-1.7347567421893297e-16, -0.8687968480879998, 0.0], [-1.0, 1.7938038903913487e-16, 0.0], [0.0, 0.0, -0.8687968480879998]]
