3	[[-0.5446221603179724, 0.8109226453022452, -0.2139887049042392], [-0.8354447797583356, -0.5021691245819775, 0.22328947644507607], [0.07361197229480154, 0.30038414347728, 0.9509735242804028]]	0.6263866565924487	0.37361334340755126	[[-0.34114405410773135, 0.5079511245459776, -0.13403966941351453], [-0.5233114623604386, -0.31455203899086176, 0.13986554860270953], [0.04610955721091672, 0.18815661932611982, 0.5956771263819394]]	0.7902718152394003	0.3072282608398805	[[-0.46870627097914047, 0.5941110144705674, -0.1206644245226425], [-0.6681776738167148, -0.43224697251746946, 0.04491759122231546], [0.09100614774999291, 0.15891560394532706, 0.7451457442942082]]	[[-0.038306727725052794, -0.04673829645117444, 0.04844481774275899], [-0.007949211184814002, -0.035396866876889636, -0.1315417886517901], [0.03283268078122767, -0.07846951838959543, -0.006381828983475635]]	0.3878200700838246	[[-0.6880042632085217, 0.6880042632085216, 0.0], [-0.7071067811865475, -0.7071067811865476, 0.0], [0.0, 0.0, 0.9729849599999999]]
3	[[0.8489524140446696, -0.5135124485683378, 0.12483895166604869], [0.522794976890395, 0.7815435453534784, -0.34040431673891397], [0.0772347773085365, 0.35425224329800037, 0.9319550081910795]]	0.7615875065634363	0.2384124934365638	[[0.6465515522032901, -0.39108466529444524, 0.09507578592133938], [0.3981541228938453, 0.5952137999765035, -0.2592476748086197], [0.05882104147039059, 0.2697940826678279, 0.7097652909175509]]	0.8853499257283723	0.19447564400322023	[[0.7597268361999058, -0.4439592911314716, 0.05501147957929341], [0.4673084575018914, 0.6257054673523087, -0.27351585186978644], [0.03922611317577539, 0.27829285197581194, 0.8119085098804157]]	[[0.008106879478535155, 0.010678917069100877, -0.055514677006250644], [0.004451963540814079, -0.06623405247988218, 0.0278610846726284], [-0.029153691177984768, -0.03534434531718198, -0.013197787403741062]]	0.4312300424777315	[[0.6974901289624105, -0.6974901289624104, 0.0], [0.7071067811865475, 0.7071067811865476, 0.0], [0.0, 0.0, 0.9863999999999999]]
3	[[-0.3195682178843842, -0.5708200961323295, -0.7563336379995778], [0.910087742671785, 0.03735879733279218, -0.41272826520656647], [0.2638493031197415, -0.8202248094963509, 0.507557688474819]]	0.4766811822083937	0.5233188177916063	[[-0.15233215589735777, -0.27209919825266776, -0.36053001270561397], [0.4338217010901549, 0.0178082356784792, -0.19673979738948555], [0.12577199773597922, -0.39098573186737495, 0.24194319898113628]]	0.6757344825587371	0.5487919513727517	[[-0.2569162670439001, -0.27576709878463035, -0.4832303934429805], [0.5887866518950262, -0.033434202513914504, -0.0726344189149583], [0.29171509316864774, -0.46069970330682986, 0.31247424568757093]]	[[-0.0409730026895779, 0.10995572350947795, 0.027850326072431247], [-0.02619101798234172, -0.05867883009860554, 0.2062603018117662], [0.11342302085154582, 0.09355448392002555, -0.0304999863026696]]	0.9046321118389323	[[0.0, 0.0, -0.9597523645439998], [0.7071067811865475, 0.7071067811865476, 0.0], [0.6786474052288857, -0.6786474052288856, 0.0]]
3	[[0.8787972042104137, -0.3840163418041313, 0.28327887866788265], [-0.395223040501579, -0.9183905790867732, -0.018907472103605397], [0.2674214316928388, -0.09534250611366366, -0.9588511794847616]]	0.6975474103125272	0.3024525896874728	[[0.6130027139868632, -0.26786960474316207, 0.19760044821101813], [-0.27568680839771953, -0.6406209700974009, -0.013188858201426307], [0.1865391271394081, -0.06650591823229238, -0.6688441571247077]]	0.8455850097108059	0.286633187635176	[[0.6209617432924661, -0.2710532918674888, 0.24630720731392347], [-0.34544986586975857, -0.8502875857855712, -0.01598787498233396], [0.21935671997019088, -0.08062019395797485, -0.7267922025150428]]	[[-0.12213599916362552, 0.05366517024606562, 0.0067708339446757295], [-0.011255187329296742, -0.07371027905016961, 0.0], [-0.0067708339446757295, 0.0, 0.083997981400797]]	0.47336606483706245	[[0.6880042632085217, -0.6880042632085216, 0.0], [-0.7071067811865475, -0.7071067811865476, 0.0], [0.0, 0.0, -0.9729849599999999]]
3	[[-0.30792515101507295, 0.09349718223056193, 0.9468053539599837], [0.3027085282091916, -0.9338174967034747, 0.1906631317268273], [0.9019698710720718, 0.34531602882779927, 0.2592434992682147]]	0.7268040184776925	0.2731959815223078	[[-0.22380123714810535, 0.06795412776151354, 0.6881419359743101], [0.22000977472990838, -0.6787023091288644, 0.13857473031459974], [0.655555326840988, 0.2509770773968032, 0.1884192170323572]]	0.8556560860247208	0.25504660170643334	[[-0.26254464381553116, 0.08121893383657273, 0.749981930820298], [0.24303441629318756, -0.8497597385103497, 0.11967766060960658], [0.6861391567146329, 0.26899100885858274, 0.18132570997895847]]	[[0.0009333856905972243, 0.0012175008348300279, -0.060157832576351815], [-0.015979978160593048, -0.05073311421965203, -0.043464408432986254], [-0.08563685287911812, -0.026480752809811624, -0.04049756793223469]]	0.4683514310137745	[[0.0, 0.0, 0.9863999999999999], [0.0, -1.0, 0.0], [0.9863999999999999, 0.0, 0.0]]
3	[[-0.42203838922340475, -0.825029846081567, 0.3757783270710803], [0.2588054115689476, 0.28760896992378115, 0.9221175843470338], [-0.8688517462515349, 0.4864224845687207, 0.09214016247897017]]	0.4637611812242759	0.5362388187757242	[[-0.1957250219082369, -0.3826168159640701, 0.1742714008409666], [0.12002390337644998, 0.13338187562254994, 0.42764234014445635], [-0.40293971215038665, 0.22558386601763705, 0.042731030589443914]]	0.663136248186209	0.5924812951760441	[[-0.12870908541387782, -0.39594732816589406, 0.3666811662610149], [0.12728436959697176, 0.09881826212983726, 0.6549548055572991], [-0.5276105781162436, 0.18856060499264773, -0.03234350336135439]]	[[0.15115986860628178, 0.15115986860628178, 0.11748893629740859], [-0.04433888004114789, -0.09190567113011923, 0.043465210286876874], [0.04855650912303554, -0.1340037764576679, -0.09344498501492637]]	0.6589526029211685	[[0.0, -0.6786474052288856, 0.6786474052288857], [0.0, 0.7071067811865476, 0.7071067811865475], [-0.9597523645439998, 0.0, 0.0]]
3	[[0.034229894132735264, 0.2773841392786001, 0.9601491309293217], [-0.1827544195208179, -0.9427759796974285, 0.2788803941677556], [0.9825625356654255, -0.18501754344446375, 0.018422055382213542]]	0.8668344790828203	0.1331655209171798	[[0.029671652449609662, 0.2404461358774018, 0.8322903717509412], [-0.1584178320454114, -0.817230725252816, 0.24174314120481802], [0.8517190837698341, -0.16037958589286483, 0.015968872780875942]]	0.9277617366714889	0.12368566282061473	[[0.010436268241344842, 0.2410889527380783, 0.8767658979370893], [-0.1639596558821202, -0.8275237587696369, 0.2524348248833559], [0.9106082078907571, -0.16370923291202796, 0.0]]	[[-0.02132091778532283, -0.016257438044161906, -0.014023727237518954], [0.005592901756903702, 0.04714772144661353, -0.0062997339333504855], [-0.0009757165865395845, 0.00794296450870035, -0.01709127809446078]]	0.3441085537870362	[[0.0, 0.0, 0.9863999999999999], [0.0, -1.0, 0.0], [0.9863999999999999, 0.0, 0.0]]
3	[[0.22433838825039393, -0.7661379269479729, -0.6022499185961573], [-0.9416906372873723, -0.011392912655017143, -0.3362869982418849], [0.2507808429735371, 0.642575192824231, -0.724020780340167]]	0.5177967629734994	0.48220323702650064	[[0.11616169124674608, -0.3967037385648877, -0.31184305835014375], [-0.4876043637098531, -0.005899213293607676, -0.17412831911972293], [0.12985350870746298, 0.332723354811459, -0.3748956163856855]]	0.715268884070635	0.5092768273854521	[[0.2754214363602743, -0.4050657634901555, -0.39327352063859516], [-0.6811110836325464, 0.02137291803347339, -0.0384041658392813], [0.32940135768815243, 0.34100774977405646, -0.4822905688262693]]	[[0.1149591677422102, 0.14292885656211088, 0.03749710656730909], [-0.007549072360242468, 0.02952191395454169, 0.20213146012065533], [0.15002562398817731, -0.1186062913288044, 0.03557896677159236]]	0.7452662636558283	[[1.9163707705535032e-16, -0.9597523645439998, 0.0], [-1.0, -1.7938038903913487e-16, 0.0], [0.0, 0.0, -0.9597523645439998]]
3	[[0.5319609947059123, -0.8460851799387872, 0.03402011756955908], [-0.703274286200726, -0.4190807785627857, 0.5742617690636116], [-0.47161719485230363, -0.3294103357928521, -0.8179645788128509]]	0.522129898835341	0.47787010116465906	[[0.2777527403501453, -0.4417663694075202, 0.017762920544960294], [-0.36720053190748175, -0.21881460451482326, 0.29983923938618745], [-0.2462454382372406, -0.1719949853028376, -0.42708376278644616]]	0.7236309533215477	0.48304266824389425	[[0.5018935914839762, -0.6192707913108634, 0.11137132759116515], [-0.4214207288207388, -0.23770205508324754, 0.2856860523658087], [-0.2959026357871205, -0.06495310393927975, -0.5149254121269414]]	[[0.1169501497550581, -0.007017365960525667, 0.08675331748219398], [0.0874903133492235, 0.0655577682268775, -0.12986753903781112], [0.04537416452668612, 0.173418411384473, 0.07697907582265998]]	0.65265607655096	[[0.6880042632085217, -0.6880042632085216, 0.0], [-0.7071067811865475, -0.7071067811865476, 0.0], [0.0, 0.0, -0.9729849599999999]]
3	[[0.08740825448676931, -0.06334395238859675, -0.994156597696443], [0.7119981850616444, -0.6940087028176986, 0.10681996481098455], [-0.6967197295301035, -0.717174639895393, -0.015561310176609944]]	0.8286395759657453	0.1713604240342549	[[0.07242993893382248, -0.052489305847281155, -0.8237975015587286], [0.5899898741578611, -0.5750830772193947, 0.08851525034565007], [-0.5773295412447936, -0.5942792894963046, -0.012894717466217509]]	0.9142943329773443	0.1320372714102583	[[0.061060410590714695, -0.0283593142885975, -0.8872525177250632], [0.6327978246279369, -0.637277230887947, 0.06615258877274004], [-0.6474353353514976, -0.6424599976717084, 0.0237528171690833]]	[[-0.01885646114198002, 0.02955570240868321, 0.021699225640832195], [-0.018178081064078967, -0.002749006864767273, -0.03151229970278247], [-0.010428434968615886, 0.01324871133971702, 0.037980434877260445]]	0.12954164352937464	[[0.0, 0.0, -0.9597523645439998], [0.7071067811865475, -0.7071067811865476, 0.0], [-0.6786474052288857, -0.6786474052288856, 0.0]]
3	[[0.04673222253661188, -0.9725397674033924, -0.22799671093185395], [-0.8377629715199755, -0.16246744520517667, 0.5213036857710898], [-0.5440306084466285, 0.16664552219444034, -0.8223502702654952]]	0.5626367545994536	0.4373632454005463	[[0.026293266023218704, -0.5471866184507523, -0.12827932949804807], [-0.47135623941959354, -0.09141015609830518, 0.29330461392297935], [-0.3060916159391771, 0.09376089577601114, -0.4626844872061618]]	0.7557385104659838	0.37057543382315616	[[-0.01315743310332342, -0.8250289129905551, -0.17013640523099977], [-0.6501114853081151, -0.16151999637228834, 0.23571849508415543], [-0.2774949855216627, 0.02521025345742946, -0.6214817683317446]]	[[-0.048474773353907236, -0.0900431578041809, 0.0021694894797830017], [-0.016981745088052516, -0.03873709133371443, -0.1582507759009153], [0.13364989615369516, -0.10073018526162292, 0.0]]	0.6176013006351848	[[1.9163707705535032e-16, -0.9597523645439998, 0.0], [-1.0, -1.7938038903913487e-16, 0.0], [0.0, 0.0, -0.9597523645439998]]
3	[[0.8592155572171323, 0.2624339665249735, -0.4391776855101157], [-0.4266000482917053, 0.8413623931712975, -0.33184593135155627], [0.2824199444684594, 0.4724804086637203, 0.8348660002631537]]	0.6104558825274088	0.3895441174725913	[[0.5245131912622638, 0.16020435864017116, -0.2680986015944225], [-0.26042050896614816, 0.5136146222487569, -0.20257730088634415], [0.17240491644383513, 0.2884284448477221, 0.5096488609827714]]	0.8096339440140665	0.34291501682409764	[[0.5869348767502733, 0.21672511021550017, -0.29338162803457457], [-0.32455846767315, 0.7525844103023619, -0.2727556045174249], [0.25170118780494244, 0.3624033204662856, 0.5682734265517908]]	[[-0.10871520359767733, 0.004249662854630369, 0.06219153360794979], [0.02083141194185468, 0.0713888575739707, -0.00408187431224331], [0.02304441429671004, -0.020132856269500125, -0.10766242596451485]]	0.6331734889325302	[[0.9597523645439998, 0.0, 0.0], [0.0, 0.7071067811865476, -0.7071067811865475], [0.0, 0.6786474052288856, 0.6786474052288857]]
3	[[0.3802729664721569, 0.7767473726770865, -0.5020517802076895], [0.4287143634067757, 0.332951791095048, 0.839849450446521], [0.8195098935212374, -0.5346088512602871, -0.20639019011321075]]	0.5533139588661213	0.4466860411338788	[[0.21041034052847302, 0.4297851638148173, -0.27779225806250046], [0.23721364163937214, 0.18422687364236673, 0.464700424278101], [0.4534462635141896, -0.2958065399356989, -0.11419857316267207]]	0.7171933631883568	0.44197020440487383	[[0.2242983775342958, 0.4822396947044847, -0.31425105505074535], [0.33521245871257466, 0.2187693016900275, 0.4882748855658103], [0.6035648275728197, -0.3094762524392358, -0.05540420627380151]]	[[-0.0484308702194837, -0.07483836585351489, 0.045817149691109046], [0.027741362573713756, -0.02002151314501712, -0.11405956637182332], [0.01581777087219121, 0.07394166758639334, 0.09261746830257644]]	0.6762824789353346	[[0.0, 0.6786474052288856, -0.6786474052288857], [0.0, 0.7071067811865476, 0.7071067811865475], [0.9597523645439998, 0.0, 0.0]]
3	[[-0.8305561570912853, 0.32773595720904825, 0.4502950280316503], [-0.5100865793185324, -0.772219296347621, -0.37879947194723407], [0.22358030216652452, -0.5443036842615101, 0.808545204538665]]	0.5349135189342273	0.46508648106577244	[[-0.44427571666218835, 0.17531039415196936, 0.2408688980029965], [-0.27285220710439906, -0.41307054119821895, -0.20262495850972212], [0.11959612619627351, -0.291155399117189, 0.4325017605771719]]	0.760799190669788	0.43929158152810777	[[-0.5417731680428732, 0.15382531349658918, 0.2517466937457048], [-0.5527287963602465, -0.6009836573118277, -0.292682820988859], [0.2357237646209611, -0.34220104878385166, 0.4891358545966]]	[[0.09011328407798594, -0.09551593750144294, -0.09083739914340429], [-0.16465533964318635, -0.013479841630964443, -0.004492489305260219], [0.06562405168296256, 0.071904753680889, -0.12600468263635453]]	0.6805385844572039	[[-0.6786474052288857, 0.6786474052288856, 0.0], [-0.7071067811865475, -0.7071067811865476, 0.0], [0.0, 0.0, 0.9597523645439998]]
