3	[[0.3802729664721569, 0.7767473726770865, -0.5020517802076895], [0.4287143634067757, 0.332951791095048, 0.839849450446521], [0.8195098935212374, -0.5346088512602871, -0.20639019011321075]]	0.4765766477717756	0.5234233522282247	[[0.18122921559952934, 0.37017965903597994, -0.23926615441923288], [0.20431525416401197, 0.15867704846968647, 0.40025263572677094], [0.3905592778701561, -0.2547820942027474, -0.09836074493713345]]	0.6342095405074026	0.5404133933065259	[[0.11353251553623528, 0.3937045593507172, -0.23041992890568028], [0.30218135065568286, 0.14126288893256805, 0.46464678109196406], [0.5439031724984243, -0.2620183875187131, -0.09253287795303079]]	[[-0.12764022779745826, -0.09891603496515008, 0.08798609993076204], [0.03028661123054796, -0.06989831350893905, -0.06799375297111873], [0.02416217948704997, 0.07703564639026392, 0.03836174968390403]]	0.7381808458844857	[[0.0, 0.5262076719723002, -0.5262076719723003], [0.0, 0.7071067811865476, 0.7071067811865475], [0.7441700263279998, 0.0, 0.0]]
3	[[0.8592155572171323, 0.2624339665249735, -0.4391776855101157], [-0.4266000482917053, 0.8413623931712975, -0.33184593135155627], [0.2824199444684594, 0.4724804086637203, 0.8348660002631537]]	0.483020104001307	0.516979895998693	[[0.4150183878065602, 0.12676088180436826, -0.21213165133014944], [-0.20605639969282208, 0.40639495065238856, -0.1602882562738393], [0.1364145109491986, 0.22821753613133022, 0.4032570622742638]]	0.7296478595044417	0.47361568661158987	[[0.44498931094055794, 0.17662584353140737, -0.28185661527618616], [-0.3495294664229541, 0.7495966585824603, -0.25499767649081073], [0.23419534501739392, 0.3048261126864511, 0.4395482910154499]]	[[-0.1819354812358388, -0.014858538404799856, 0.03858844289838461], [-0.03826165432241989, 0.1356983893374886, -0.012867002994889834], [0.028128237054619212, -0.03991820615281627, -0.16960989904959478]]	0.6900179806299256	[[0.6407801651112494, 0.6407801651112492, 0.0], [-0.7071067811865475, 0.7071067811865476, 0.0], [0.0, 0.0, 0.9061999999999999]]
3	[[-0.5446221603179724, 0.8109226453022452, -0.2139887049042392], [-0.8354447797583356, -0.5021691245819775, 0.22328947644507607], [0.07361197229480154, 0.30038414347728, 0.9509735242804028]]	0.5110601710188737	0.4889398289811264	[[-0.2783346943927714, 0.41443026579124287, -0.10936110412446781], [-0.4269625520201203, -0.2566386386892635, 0.11411435801873535], [0.037620147150017866, 0.1535143717368566, 0.48600469195316365]]	0.7251772066006273	0.3893848850192309	[[-0.45243957777790744, 0.5250859476709178, -0.07553635424428633], [-0.6806639850717828, -0.4668595161992472, 0.03931382576152693], [0.09278278314792704, 0.07783045497355562, 0.683236386188874]]	[[-0.0574920009057213, -0.06297667101855568, 0.07964337702225585], [-0.0748184734175566, -0.10269791319380638, -0.12261061303022994], [0.03940105870682009, -0.14000127910042032, -0.0063879376999424415]]	0.4471128725209719	[[-0.5806749856238141, 0.580674985623814, 0.0], [-0.7071067811865475, -0.7071067811865476, 0.0], [0.0, 0.0, 0.8211984399999999]]
3	[[0.08740825448676931, -0.06334395238859675, -0.994156597696443], [0.7119981850616444, -0.6940087028176986, 0.10681996481098455], [-0.6967197295301035, -0.717174639895393, -0.015561310176609944]]	0.5934434720530712	0.4065565279469288	[[0.051871858028726826, -0.037591055039053294, -0.5899757431014455], [0.42253067503846736, -0.41185493423518305, 0.06339161080201755], [-0.41346377534022133, -0.425602608367933, -0.009234757940902193]]	0.8040137653228028	0.3149901784820358	[[0.03530074739648468, -0.027855518578291, -0.6973311453494513], [0.6361325218443429, -0.6400215802730517, 0.07097425934220458], [-0.5127844076893565, -0.49835215339400923, 0.024961397865007683]]	[[-0.0349766924137165, 0.02307389109209302, 0.10198444408497284], [0.06367618016992854, -0.08202902995379982, -0.014910462777124388], [0.047387845424826734, 0.0782661292223108, 0.03747290545345989]]	0.2909764299163358	[[0.0, 0.0, -0.7441700263279998], [0.7071067811865475, -0.7071067811865476, 0.0], [-0.5262076719723003, -0.5262076719723002, 0.0]]
3	[[-0.30792515101507295, 0.09349718223056193, 0.9468053539599837], [0.3027085282091916, -0.9338174967034747, 0.1906631317268273], [0.9019698710720718, 0.34531602882779927, 0.2592434992682147]]	0.5764866245909365	0.4235133754090637	[[-0.17751473093533376, 0.05389987499286034, 0.545820622649018], [0.17450741766220715, -0.5383332966585441, 0.10991474524313578], [0.5199735664570607, 0.19907007187608458, 0.149450409840276]]	0.7881208964525274	0.3167357557744097	[[-0.17396228305971276, 0.06775785497960816, 0.7103526322761515], [0.26112957972763806, -0.8384998071945882, 0.12876637606905694], [0.6525003394573785, 0.23549186740693287, 0.1062044280801046]]	[[0.06871996299856634, -0.00592922809572762, -0.035844452052843166], [0.022558663111584776, -0.10253872456959079, -0.021499222227936515], [-0.05836096390511333, -0.036658910792259074, -0.09811079096265096]]	0.48616989091897345	[[0.0, 0.0, 0.9061999999999999], [0.0, -1.0, 0.0], [0.9061999999999999, 0.0, 0.0]]
3	[[0.8787972042104137, -0.3840163418041313, 0.28327887866788265], [-0.395223040501579, -0.9183905790867732, -0.018907472103605397], [0.2674214316928388, -0.09534250611366366, -0.9588511794847616]]	0.5586013427318903	0.4413986572681096	[[0.49089729826096834, -0.21451204416277633, 0.15823996199146348], [-0.22077212110276231, -0.5130142106301899, -0.010561739304739727], [0.14938197081890423, -0.05325845193451599, -0.5356155563402447]]	0.785318029017241	0.3750249537720822	[[0.5448305307777479, -0.22946631161144665, 0.2217708137603654], [-0.3455575885751749, -0.8464902552353462, -0.02504771919208448], [0.1992769292494737, -0.07487418898274659, -0.6313585691174918]]	[[-0.14530475753863598, 0.07210864504458489, -0.0006931968973103789], [-0.03518180938627363, -0.1252615757989189, -0.010199340465982618], [-0.010733942404515182, 0.0, 0.12164454927633797]]	0.5155892588260502	[[0.9061999999999999, 0.0, 0.0], [0.0, -1.0, 0.0], [0.0, 0.0, -0.9061999999999999]]
3	[[0.8489524140446696, -0.5135124485683378, 0.12483895166604869], [0.522794976890395, 0.7815435453534784, -0.34040431673891397], [0.0772347773085365, 0.35425224329800037, 0.9319550081910795]]	0.6466073858696523	0.35339261413034784	[[0.5489389011731544, -0.33204094198029716, 0.08072178819149162], [0.3380430933528835, 0.5053518288043127, -0.2201079453852943], [0.049940577453697524, 0.22906211697738005, 0.6026089915945643]]	0.8122397251734625	0.28315368039983	[[0.6386251916081185, -0.3949301107781063, 0.051859748558441554], [0.4765472746052632, 0.6246902329973775, -0.2646975586052143], [0.024661544959494294, 0.2241781927551469, 0.7061724180891179]]	[[-0.05092768386087144, 0.02216509932019218, -0.049539407233733006], [0.051912426253742025, -0.010110481491625462, 0.01179235007066145], [-0.03807160933542498, -0.06355955198330351, -0.050798461638036335]]	0.45991181060002123	[[0.6407801651112494, -0.6407801651112492, 0.0], [0.7071067811865475, 0.7071067811865476, 0.0], [0.0, 0.0, 0.9061999999999999]]
3	[[-0.42203838922340475, -0.825029846081567, 0.3757783270710803], [0.2588054115689476, 0.28760896992378115, 0.9221175843470338], [-0.8688517462515349, 0.4864224845687207, 0.09214016247897017]]	0.39295658544572704	0.607043414554273	[[-0.16584276435624387, -0.3242009112070263, 0.14766456829035932], [0.10169929082500967, 0.11301783876481188, 0.36235217732447267], [-0.3414210154655604, 0.19114291862015134, 0.036207083630150606]]	0.5850490865973369	0.6524230959279078	[[-0.08412760173283575, -0.3198973854742337, 0.27144455609137097], [0.1619749873538816, 0.07982879846653196, 0.6136685868166941], [-0.4249302521960403, 0.16494121147087423, -0.027472968909314884]]	[[0.16278557239132851, 0.1627855723913285, 0.05159578907536018], [0.010561117709020976, -0.08843656668457717, 0.07418453635911905], [0.08339066833692127, -0.11963981882646298, -0.08137948680656659]]	0.714323327693331	[[0.0, -0.5262076719723002, 0.5262076719723003], [0.0, 0.7071067811865476, 0.7071067811865475], [-0.7441700263279998, 0.0, 0.0]]
3	[[-0.3195682178843842, -0.5708200961323295, -0.7563336379995778], [0.910087742671785, 0.03735879733279218, -0.41272826520656647], [0.2638493031197415, -0.8202248094963509, 0.507557688474819]]	0.39555088708363795	0.6044491129163619	[[-0.12640549206790544, -0.22578839539031045, -0.29916844144192817], [0.3599860139377702, 0.01477730542536379, -0.1632550314269484], [0.10436582590541345, -0.32444065100428954, 0.20076489392233543]]	0.6016810481941552	0.61738148675103	[[-0.2577430746528102, -0.25774307465281016, -0.3506702218762756], [0.6109881454758863, -0.09571934396346407, -0.056304993202506405], [0.20701491340600467, -0.31948989951631984, 0.3226032635078382]]	[[-0.0654649343465957, 0.08570855911837837, 0.1044013942198092], [0.06340559851647412, -0.11819742430193146, 0.19202578202633583], [0.0482617881396212, 0.17402382361629598, 0.017215421487306617]]	0.9401482890273337	[[-1.4859100529068088e-16, -0.7441700263279998, 0.0], [1.0, -1.7938038903913487e-16, 0.0], [0.0, 0.0, 0.7441700263279998]]
3	[[0.034229894132735264, 0.2773841392786001, 0.9601491309293217], [-0.1827544195208179, -0.9427759796974285, 0.2788803941677556], [0.9825625356654255, -0.18501754344446375, 0.018422055382213542]]	0.7345587983541076	0.26544120164589247	[[0.025143869901930335, 0.2037549600309769, 0.7052859918561835], [-0.13424386679711445, -0.6925243907636596, 0.20485404722438647], [0.7217499555061601, -0.13590626438699419, 0.013532082864771599]]	0.860322261179079	0.21477435802005296	[[0.00923991683844089, 0.20684534336882174, 0.767154639876343], [-0.16907470826583246, -0.8230211663789222, 0.2581899921151453], [0.7957179259892845, -0.14171476951869708, 0.0]]	[[-0.020208823081754403, -0.031794406550556084, -0.058883031513898655], [-0.01184701282321237, -0.011930003740309066, 0.018262980806228943], [-0.04960249644424367, 0.01745994181524246, -0.01584890434199218]]	0.38055670014991916	[[0.0, 0.0, 0.9061999999999999], [0.0, -1.0, 0.0], [0.9061999999999999, 0.0, 0.0]]
3	[[0.04673222253661188, -0.9725397674033924, -0.22799671093185395], [-0.8377629715199755, -0.16246744520517667, 0.5213036857710898], [-0.5440306084466285, 0.16664552219444034, -0.8223502702654952]]	0.49121052806193316	0.5087894719380668	[[0.0229553597097169, -0.47772177270745, -0.11199438477321995], [-0.4115179916310614, -0.0798057195521081, 0.25606985876824906], [-0.26723356245692337, 0.08185803495628766, -0.40394711050898735]]	0.6833283329995079	0.490255172235138	[[-9.987017179229241e-17, -0.6727033345541149, -0.10038460619165278], [-0.6721145172745926, -0.13489471846506115, 0.23185004828776012], [-0.2440025483123353, 0.0, -0.5001674780156644]]	[[-0.03193345172330503, -0.008139356518625542, 0.055412006218781694], [-0.09964734249713363, -0.023876109966319017, -0.12437153029669798], [0.12774898045820743, -0.11387360688295942, 0.061767761306551344]]	0.6959468672132251	[[1.4859100529068088e-16, -0.7441700263279998, 0.0], [-1.0, -1.7938038903913487e-16, 0.0], [0.0, 0.0, -0.7441700263279998]]
3	[[-0.8305561570912853, 0.32773595720904825, 0.4502950280316503], [-0.5100865793185324, -0.772219296347621, -0.37879947194723407], [0.22358030216652452, -0.5443036842615101, 0.808545204538665]]	0.4425702289867049	0.5574297710132948	[[-0.36757942863020776, 0.14504617762918542, 0.19928717366754217], [-0.22574913421204784, -0.3417612708125189, -0.16764536903973032], [0.09894998552675544, -0.24089260618192365, 0.3578380363187792]]	0.6725834947630065	0.5418789603052417	[[-0.42255821508481606, 0.09815776662340131, 0.24632679824186476], [-0.542415873030058, -0.5935546987986893, -0.26787567686189107], [0.19623252706144764, -0.3021677740546115, 0.38064507017642646]]	[[0.1360601476485733, -0.12227202883575951, -0.05653420538606852], [-0.1993400588802919, -0.07417274573777659, -0.01310140420523893], [0.045856106070117614, 0.06392190011837502, -0.16316908916605885]]	0.6893007112302336	[[-0.5806749856238141, 0.580674985623814, 0.0], [-0.7071067811865475, -0.7071067811865476, 0.0], [0.0, 0.0, 0.8211984399999999]]
3	[[0.22433838825039393, -0.7661379269479729, -0.6022499185961573], [-0.9416906372873723, -0.011392912655017143, -0.3362869982418849], [0.2507808429735371, 0.642575192824231, -0.724020780340167]]	0.40915972518845617	0.5908402748115439	[[0.09179023328575237, -0.3134727836464861, -0.24641641118757385], [-0.3853018823650434, -0.004661521011022942, -0.13759509578510046], [0.10260942079358182, 0.2629158893088816, -0.2962401435147143]]	0.6297289866684551	0.5792313376589434	[[0.25154923485291986, -0.3830614921874189, -0.24456122124793864], [-0.6893175284956434, -0.047832335105908515, -0.04074164484839324], [0.2246881749671511, 0.22468817496715104, -0.4569378859485984]]	[[0.11027684894916479, 0.09939776819779898, 0.13469300971077905], [-0.09630763772149473, -0.040657887764462414, 0.17102802578424553], [0.06676420884556461, -0.17996005006833918, -0.001001013618080776]]	0.7339064710039853	[[1.4859100529068088e-16, -0.7441700263279998, 0.0], [-1.0, -1.7938038903913487e-16, 0.0], [0.0, 0.0, -0.7441700263279998]]
3	[[0.5319609947059123, -0.8460851799387872, 0.03402011756955908], [-0.703274286200726, -0.4190807785627857, 0.5742617690636116], [-0.47161719485230363, -0.3294103357928521, -0.8179645788128509]]	0.4487517281757874	0.5512482718242127	[[0.238718415696389, -0.37968218668145276, 0.0152665865520831], [-0.3155955513141691, -0.1880632236253046, 0.2577009612925806], [-0.2116390312273883, -0.14782345746600878, -0.36706301832884686]]	0.6522081984946222	0.5638458051512302	[[0.38705770865230926, -0.5193820318325474, 0.09069748749888698], [-0.4057535518967181, -0.2327048190440144, 0.3013532292898294], [-0.26329523764160656, -0.038080192584136564, -0.43314168324474]]	[[0.04010838662575898, 0.032441659148327175, 0.06850928790626958], [0.05292770335384866, 0.04062310056614365, -0.07318500457548349], [0.044297363392101684, 0.17676392908882807, 0.10034152113520182]]	0.7096042067419455	[[0.5806749856238141, -0.580674985623814, 0.0], [-0.7071067811865475, -0.7071067811865476, 0.0], [0.0, 0.0, -0.8211984399999999]]
