3	[[0.8787972042104137, -0.3840163418041313, 0.28327887866788265], [-0.395223040501579, -0.9183905790867732, -0.018907472103605397], [0.2674214316928388, -0.09534250611366366, -0.9588511794847616]]	0.664533250551024	0.33546674944897614	[[0.5839899626890981, -0.2551916278838124, 0.18824823405361718], [-0.2626388517971733, -0.6103010767959707, -0.012564643896711714], [0.17771043326985075, -0.06335826550339377, -0.6371884910976919]]	0.8332001863401437	0.30569314559176525	[[0.6045966029600032, -0.2618551571645814, 0.24080098290913549], [-0.3423347459957151, -0.8495033411679449, -0.020996328848468616], [0.21606559004996373, -0.07943939386004083, -0.7048910789705559]]	[[-0.12761739134331085, 0.058107330384281126, 0.004772968416828681], [-0.013034835003881327, -0.08430013953981315, -0.005242619568523527], [-0.0067499966678575595, 0.0, 0.09402390244861408]]	0.4810639658616881	[[0.6642197932423611, -0.664219793242361, 0.0], [-0.7071067811865475, -0.7071067811865476, 0.0], [0.0, 0.0, -0.9393486400000001]]
3	[[0.8489524140446696, -0.5135124485683378, 0.12483895166604869], [0.522794976890395, 0.7815435453534784, -0.34040431673891397], [0.0772347773085365, 0.35425224329800037, 0.9319550081910795]]	0.7457768010086103	0.2542231989913898	[[0.6331290155547707, -0.3829656711713934, 0.0931019940147743], [0.3898883654486891, 0.582857045102645, -0.253865642387069], [0.05759990514777275, 0.2641931047569066, 0.6950304246926964]]	0.8708702820322667	0.19909918276171285	[[0.7335507577299311, -0.43807938531689933, 0.052167084024994786], [0.47089644228671057, 0.62646373096391, -0.2696137840131881], [0.03653108094507985, 0.26109689510474526, 0.7919365382458986]]	[[-0.005776670521123841, 0.009123345594888822, -0.056551449021029536], [0.015609833317119905, -0.05415931679857115, 0.02683421931023098], [-0.030730391352304653, -0.04741085592674744, -0.019675382578850206]]	0.43685548484043313	[[0.685327892326002, -0.6853278923260019, 0.0], [0.7071067811865475, 0.7071067811865476, 0.0], [0.0, 0.0, 0.9692000000000001]]
3	[[0.08740825448676931, -0.06334395238859675, -0.994156597696443], [0.7119981850616444, -0.6940087028176986, 0.10681996481098455], [-0.6967197295301035, -0.717174639895393, -0.015561310176609944]]	0.7872822793870068	0.21271772061299338	[[0.06881496982958331, -0.049869571221876484, -0.7826818723020872], [0.5605435540547432, -0.5463807534687374, 0.08409746538043175], [-0.5485150967583587, -0.5646188852154007, -0.012251143746089703]]	0.8922660503747692	0.16949511790728236	[[0.0491884949912716, -0.030763661614188934, -0.8487345128154143], [0.6353054974693039, -0.6383177620731237, 0.06880566980383954], [-0.6218991231803616, -0.6102709050571363, 0.027772213820826064]]	[[-0.028802923009790763, 0.02575599659871171, 0.03831766806520922], [1.3689010346412418e-05, -0.019077357884258732, -0.026506158299229497], [-0.00023976189435842316, 0.029639678311273523, 0.04165704259076652]]	0.15989032492573774	[[0.0, 0.0, -0.9104167018880002], [0.7071067811865475, -0.7071067811865476, 0.0], [-0.6437618236104965, -0.6437618236104964, 0.0]]
3	[[-0.8305561570912853, 0.32773595720904825, 0.4502950280316503], [-0.5100865793185324, -0.772219296347621, -0.37879947194723407], [0.22358030216652452, -0.5443036842615101, 0.808545204538665]]	0.5140744103034527	0.4859255896965472	[[-0.4269676666806043, 0.1684806689374791, 0.23148515099794728], [-0.26222245746687994, -0.3969781793948506, -0.19473111516453362], [0.11493691199172384, -0.2798125955127325, 0.4156523992268988]]	0.7429588885674416	0.4613198812205859	[[-0.5175157003122235, 0.1410153815065396, 0.24977913675538732], [-0.5536442327393535, -0.5955891027941679, -0.2884597290496888], [0.22752775598032604, -0.33449582002272676, 0.46714601656193744]]	[[0.09955337905316332, -0.10247896100508147, -0.08477155679845257], [-0.1746708746956887, -0.021861912649407445, -0.007027294381838005], [0.061416783177112196, 0.06989944027936845, -0.13356982995864386]]	0.6803730414421958	[[-0.6642197932423611, 0.664219793242361, 0.0], [-0.7071067811865475, -0.7071067811865476, 0.0], [0.0, 0.0, 0.9393486400000001]]
3	[[0.034229894132735264, 0.2773841392786001, 0.9601491309293217], [-0.1827544195208179, -0.9427759796974285, 0.2788803941677556], [0.9825625356654255, -0.18501754344446375, 0.018422055382213542]]	0.8540746819786547	0.1459253180213455	[[0.02923488594557888, 0.23690677054029322, 0.8200390636505419], [-0.15608592273243613, -0.8052010950371957, 0.23818468395890774], [0.8391817851725888, -0.15801879957780227, 0.015733811091957192]]	0.9142918170726415	0.13112804326436192	[[0.009055198027083497, 0.23418594059629438, 0.8528020570374706], [-0.16519841435890084, -0.8264729544319408, 0.25373293249004214], [0.8856470377715437, -0.15864192848500377, 0.0]]	[[-0.022240914077739173, -0.019424108131867568, -0.025054436540616686], [0.001892455942843558, 0.03549940913806092, -0.001245129839529646], [-0.01270184834950033, 0.01051809750115138, -0.016843134489616853]]	0.35152499396608106	[[0.0, 0.0, 0.9692000000000001], [0.0, -1.0, 0.0], [0.9692000000000001, 0.0, 0.0]]
3	[[0.5319609947059123, -0.8460851799387872, 0.03402011756955908], [-0.703274286200726, -0.4190807785627857, 0.5742617690636116], [-0.47161719485230363, -0.3294103357928521, -0.8179645788128509]]	0.506634348391113	0.4933656516088871	[[0.2695097119223182, -0.428655813821665, 0.017235760097042634], [-0.3563029097295299, -0.21232071717039724, 0.29094073717547064], [-0.23893747020404144, -0.16689059082770935, -0.4144089513938599]]	0.7094218280072646	0.504457645792372	[[0.4641910773707684, -0.5977397606576688, 0.11033230962119298], [-0.407141153742653, -0.22246335193137307, 0.29996562744389454], [-0.30446925037292033, -0.05780144561575832, -0.4830609803030443]]	[[0.08680633607793728, 0.0024915343443611252, 0.08619769562597432], [0.09177697596437023, 0.07484170007934615, -0.10742820651989847], [0.03010628211885925, 0.17588943696689371, 0.09722094644356066]]	0.6645303811453664	[[0.6642197932423611, -0.664219793242361, 0.0], [-0.7071067811865475, -0.7071067811865476, 0.0], [0.0, 0.0, -0.9393486400000001]]
3	[[-0.5446221603179724, 0.8109226453022452, -0.2139887049042392], [-0.8354447797583356, -0.5021691245819775, 0.22328947644507607], [0.07361197229480154, 0.30038414347728, 0.9509735242804028]]	0.6014909367542166	0.39850906324578345	[[-0.32758529338676234, 0.4877626215580547, -0.12871226656767243], [-0.5025124631832616, -0.30205017715385857, 0.1343065963543074], [0.04427693417192559, 0.18067833984626214, 0.5720019559478783]]	0.7780923546730792	0.32547377070475114	[[-0.47561283091348566, 0.5821039951554239, -0.11141380213732381], [-0.6739405187099086, -0.3970685799222795, 0.043017720718587976], [0.13928747274712855, 0.13030551954338027, 0.7399452287390953]]	[[-0.05184649178453526, -0.04886871538552234, 0.055089173135058414], [-0.023887322828413063, -0.006334623332169848, -0.13072211378228035], [0.08201055989213692, -0.10342108596131254, 0.0]]	0.3985595518352317	[[-0.6642197932423611, 0.664219793242361, 0.0], [-0.7071067811865475, -0.7071067811865476, 0.0], [0.0, 0.0, 0.9393486400000001]]
3	[[-0.30792515101507295, 0.09349718223056193, 0.9468053539599837], [0.3027085282091916, -0.9338174967034747, 0.1906631317268273], [0.9019698710720718, 0.34531602882779927, 0.2592434992682147]]	0.6957925035653695	0.30420749643463074	[[-0.21425201173552205, 0.06505463850051026, 0.6587800676209128], [0.21062232469326178, -0.6497432139044567, 0.13266197776182298], [0.6275838747337705, 0.24026830421934575, 0.1803796833888781]]	0.8414236143846325	0.2706448451586698	[[-0.24852852426072758, 0.07605573928317565, 0.7355509600466911], [0.24467151612601987, -0.8497174443874831, 0.11814266782180709], [0.6728559442100507, 0.2589182155165924, 0.17247278497755195]]	[[0.010566969266308948, -0.002614997724042403, -0.06111342300103971], [-0.010034587784810615, -0.06398135113563583, -0.04228579360567324], [-0.08608280477345298, -0.031638845564642415, -0.04566081718242917]]	0.4713952350132598	[[0.0, 0.0, 0.9692000000000001], [0.0, -1.0, 0.0], [0.9692000000000001, 0.0, 0.0]]
3	[[0.04673222253661188, -0.9725397674033924, -0.22799671093185395], [-0.8377629715199755, -0.16246744520517667, 0.5213036857710898], [-0.5440306084466285, 0.16664552219444034, -0.8223502702654952]]	0.5473348816730363	0.45266511832696354	[[0.025578175492394422, -0.5323049385140581, -0.12479055279972776], [-0.4585368968869372, -0.08892409989709593, 0.28532769116723716], [-0.2977669287006455, 0.09121090717163534, -0.45010098786955427]]	0.7455974816576096	0.3877405886729563	[[-0.020111222710034116, -0.8008526080536806, -0.11308034277896942], [-0.655087658991964, -0.1276664595711573, 0.2345081979116889], [-0.2790876114617988, 0.009463636180646438, -0.6090663717836592]]	[[-0.05495465014559481, -0.07572940666583379, 0.0569134307180389], [-0.03045369720067436, -0.0065311415748320265, -0.15417451737806562], [0.12654024014066456, -0.11478684549704557, 0.0040759187667487136]]	0.6331288322949878	[[1.817860545048858e-16, -0.9104167018880002, 0.0], [-1.0, -1.7938038903913487e-16, 0.0], [0.0, 0.0, -0.9104167018880002]]
3	[[0.3802729664721569, 0.7767473726770865, -0.5020517802076895], [0.4287143634067757, 0.332951791095048, 0.839849450446521], [0.8195098935212374, -0.5346088512602871, -0.20639019011321075]]	0.5407935974799429	0.4592064025200574	[[0.2056491855628475, 0.42006000600313564, -0.2715063883397259], [0.23184598287807381, 0.18005819689368144, 0.4541852056485271], [0.4431857034877549, -0.2891130439176704, -0.11161449339589258]]	0.7005911089582778	0.450863853185925	[[0.20685274866969966, 0.46454500950172345, -0.3000054931594482], [0.3361715182540008, 0.21524267809273323, 0.48920999318111574], [0.5797760103291674, -0.2898807754059556, -0.05929939218375642]]	[[-0.059563110617882706, -0.07963729370254524, 0.05172752029073441], [0.035818046968505775, -0.018020386460191194, -0.09918106466521268], [0.005634665224843537, 0.08466143255739984, 0.08529573998576766]]	0.687543824887538	[[0.0, 0.6437618236104964, -0.6437618236104965], [0.0, 0.7071067811865476, 0.7071067811865475], [0.9104167018880002, 0.0, 0.0]]
3	[[0.22433838825039393, -0.7661379269479729, -0.6022499185961573], [-0.9416906372873723, -0.011392912655017143, -0.3362869982418849], [0.2507808429735371, 0.642575192824231, -0.724020780340167]]	0.4952624314635513	0.5047375685364488	[[0.1111063756355043, -0.37943933253669765, -0.2982717590326587], [-0.4663839947094052, -0.0056424816229756645, -0.16655031641885493], [0.12420233005555302, 0.318243352396289, -0.3585802921014089]]	0.6984024392499689	0.5194156054695407	[[0.28640225982252926, -0.4012979984573949, -0.3517351317277007], [-0.6775970474402045, -0.0218248772707533, -0.03893911554867389], [0.2939342380821953, 0.30923263401385437, -0.48447887761793007]]	[[0.12972378225104758, 0.13377459852498375, 0.0688776804579507], [-0.019918009339846013, -0.013868039282327485, 0.19592454431150855], [0.11878828563231361, -0.13954344805610772, 0.021179001439308585]]	0.7375852774138261	[[1.817860545048858e-16, -0.9104167018880002, 0.0], [-1.0, -1.7938038903913487e-16, 0.0], [0.0, 0.0, -0.9104167018880002]]
3	[[0.8592155572171323, 0.2624339665249735, -0.4391776855101157], [-0.4266000482917053, 0.8413623931712975, -0.33184593135155627], [0.2824199444684594, 0.4724804086637203, 0.8348660002631537]]	0.5806866900222575	0.41931330997774263	[[0.49893503793604604, 0.15239191137079883, -0.255024636530505], [-0.24772097000584548, 0.4885679431998461, -0.19269851547388853], [0.16399750274965946, 0.2743630846072993, 0.4847955743049319]]	0.7923648879664504	0.3702009346332001	[[0.5595865854582722, 0.20893580158535616, -0.2867294720540584], [-0.32423886656787076, 0.7528868211324657, -0.27234512129525934], [0.24575177231780718, 0.3468764655630275, 0.5434273913722221]]	[[-0.12122565327511205, 0.0009923411012043235, 0.0612595055225295], [0.013784032903268666, 0.08622080272810576, -0.009402057077761039], [0.021972124659565193, -0.027500420514144037, -0.11809111339329023]]	0.6483772937815486	[[0.9104167018880002, 0.0, 0.0], [0.0, 0.7071067811865476, -0.7071067811865475], [0.0, 0.6437618236104964, 0.6437618236104965]]
3	[[-0.42203838922340475, -0.825029846081567, 0.3757783270710803], [0.2588054115689476, 0.28760896992378115, 0.9221175843470338], [-0.8688517462515349, 0.4864224845687207, 0.09214016247897017]]	0.44840835747226576	0.5515916425277343	[[-0.1892455409019077, -0.36995027814703174, 0.168502142415619], [0.11605050950656554, 0.12896626579781292, 0.4134852313933469], [-0.3896003844235607, 0.2181159073430386, 0.04131641891442271]]	0.6467240414473449	0.6040939895669339	[[-0.1181768016082667, -0.3788010652563306, 0.34441684902828135], [0.13449816435780856, 0.09471707637583215, 0.6462081201088536], [-0.5043138338716894, 0.18371902822123415, -0.03139177005518927]]	[[0.15476557111622122, 0.1547655711162212, 0.10139197065655006], [-0.032877517360504704, -0.09128655900978341, 0.049852509270277026], [0.057593478882686275, -0.13086208684990763, -0.09098102831320387]]	0.6681596035644082	[[0.0, -0.6437618236104964, 0.6437618236104965], [0.0, 0.7071067811865476, 0.7071067811865475], [-0.9104167018880002, 0.0, 0.0]]
3	[[-0.3195682178843842, -0.5708200961323295, -0.7563336379995778], [0.910087742671785, 0.03735879733279218, -0.41272826520656647], [0.2638493031197415, -0.8202248094963509, 0.507557688474819]]	0.45832663329439827	0.5416733667056017	[[-0.14646662541084055, -0.2616220528771154, -0.3466478499516506], [0.417117451101258, 0.017122531805466416, -0.18916435625756312], [0.12092916279594429, -0.3759308754810017, 0.2326272065613508]]	0.661988216746899	0.5597173846141601	[[-0.2664817616769333, -0.26980165529264905, -0.45978094418360976], [0.6015248850366165, -0.05639057123276085, -0.06245482438300628], [0.26503346654419707, -0.42218017036243227, 0.3233220998725389]]	[[-0.05493136699066536, 0.1080745222292852, 0.04090301210142541], [-0.000942476817889188, -0.08112165485890473, 0.21076642390212985], [0.09036833688204729, 0.12079898860762206, -0.012675109217084599]]	0.9133948451046361	[[0.0, 0.0, -0.9104167018880002], [0.7071067811865475, 0.7071067811865476, 0.0], [0.6437618236104965, -0.6437618236104964, 0.0]]
