3	[[0.08740825448676931, -0.06334395238859675, -0.994156597696443], [0.7119981850616444, -0.6940087028176986, 0.10681996481098455], [-0.6967197295301035, -0.717174639895393, -0.015561310176609944]]	0.7995219798573024	0.20047802014269764	[[0.06988482068313275, -0.05064488222571757, -0.7948500512784599], [0.5692581985752918, -0.5548752121150045, 0.08540490975396574], [-0.5570427375595526, -0.5733968879926125, -0.01244160952157677]]	0.8966651844017535	0.16212573607973607	[[0.05149082535968385, -0.0303186491082286, -0.8562808742989031], [0.6348080013017574, -0.6381068712443079, 0.0682851272264435], [-0.6269205351979441, -0.616549323641473, 0.026985198020588304]]	[[-0.026885113267930544, 0.02647966764102838, 0.03514473469879782], [-0.0036159826002557403, -0.015813429755854532, -0.027496616218586768], [-0.002196210442494008, 0.02651620708859075, 0.04093848307963115]]	0.15356962796412965	[[0.0, 0.0, -0.9200317091759997], [0.7071067811865475, -0.7071067811865476, 0.0], [-0.650560660464999, -0.6505606604649989, 0.0]]
3	[[-0.30792515101507295, 0.09349718223056193, 0.9468053539599837], [0.3027085282091916, -0.9338174967034747, 0.1906631317268273], [0.9019698710720718, 0.34531602882779927, 0.2592434992682147]]	0.7019859960109104	0.29801400398908956	[[-0.21615914383212598, 0.06563371259233461, 0.6646440994280619], [0.21249714767592612, -0.6555268055158038, 0.13384284842781632], [0.633170218316361, 0.24240701643521495, 0.18198530604315144]]	0.844255732335405	0.2675921920769004	[[-0.2513621952764259, 0.07703657698586835, 0.7382925860152373], [0.24430108326379882, -0.8497578011790435, 0.11841567077050921], [0.6753777083823599, 0.2608361228285504, 0.17432561829055754]]	[[0.008605378598294713, -0.0018989550694915262, -0.06105326147133108], [-0.011262326903624803, -0.06137702663203718, -0.04255277113488516], [-0.0861155256640627, -0.030698913976617122, -0.044542192037322105]]	0.47075801140440154	[[0.0, 0.0, 0.9725999999999999], [0.0, -1.0, 0.0], [0.9725999999999999, 0.0, 0.0]]
3	[[0.8489524140446696, -0.5135124485683378, 0.12483895166604869], [0.522794976890395, 0.7815435453534784, -0.34040431673891397], [0.0772347773085365, 0.35425224329800037, 0.9319550081910795]]	0.7489099728964753	0.2510900271035247	[[0.6357889293925908, -0.38457459393931653, 0.0934931359086449], [0.39152637197339923, 0.5853057553680887, -0.25493218762278325], [0.057841894980801375, 0.26530303792682103, 0.6979503999251156]]	0.8737975421514853	0.1978444997558696	[[0.7390041598327814, -0.4403282426648594, 0.05218791049011578], [0.47034845515764767, 0.6263340477830566, -0.27021548767457215], [0.03741105056451376, 0.2633836768966649, 0.7965028885145911]]	[[-0.0028083729630209923, 0.008377672758345174, -0.056896058640445654], [0.013531489301677961, -0.0565767812311708, 0.027228967629646633], [-0.030076508016302735, -0.046161062598777766, -0.0178371070385418]]	0.43571951337772347	[[0.6877320553820361, -0.687732055382036, 0.0], [0.7071067811865475, 0.7071067811865476, 0.0], [0.0, 0.0, 0.9725999999999999]]
3	[[-0.3195682178843842, -0.5708200961323295, -0.7563336379995778], [0.910087742671785, 0.03735879733279218, -0.41272826520656647], [0.2638493031197415, -0.8202248094963509, 0.507557688474819]]	0.4619100364876252	0.5380899635123748	[[-0.14761176718326124, -0.26366753143235405, -0.3493580983252033], [0.42037866242446464, 0.017256403439123876, -0.1906433280410394], [0.12187464123127421, -0.37887007168251485, 0.23444599040297837]]	0.6647219968055285	0.5571286916334353	[[-0.26470399772970876, -0.2709602061173267, -0.46433647627556546], [0.5989724349681942, -0.05183235271762859, -0.06447836023775608], [0.27023518622355236, -0.42960469172310206, 0.3212820560169405]]	[[-0.0522799738220167, 0.10847646800047905, 0.038415129826703684], [-0.005982906608830885, -0.07666556707893525, 0.20987119634843454], [0.09484875059805052, 0.1156167814747466, -0.016102704160039578]]	0.9115906284744075	[[0.0, 0.0, -0.9200317091759997], [0.7071067811865475, 0.7071067811865476, 0.0], [0.650560660464999, -0.6505606604649989, 0.0]]
3	[[0.5319609947059123, -0.8460851799387872, 0.03402011756955908], [-0.703274286200726, -0.4190807785627857, 0.5742617690636116], [-0.47161719485230363, -0.3294103357928521, -0.8179645788128509]]	0.5097114155621568	0.4902885844378432	[[0.27114659163540356, -0.43125927475276143, 0.017340442283970955], [-0.35846693194783746, -0.2136102568761282, 0.29270777921264185], [-0.2403886679916212, -0.16790420855778004, -0.41692588334640157]]	0.7122766749940298	0.49992911339245294	[[0.47154117491157327, -0.6020101336533172, 0.1105535253526413], [-0.4100121817132396, -0.2255281285574821, 0.2970945994733078], [-0.3028662776972028, -0.05917765338796634, -0.48932696461339165]]	[[0.09263776637592938, 0.0006366050752074316, 0.08632178912728977], [0.09091368847061321, 0.07297333495112827, -0.11193866397151081], [0.03305564972220753, 0.17545364529923319, 0.09329012584631792]]	0.6621669743010757	[[0.6688881970645683, -0.6688881970645681, 0.0], [-0.7071067811865475, -0.7071067811865476, 0.0], [0.0, 0.0, -0.9459507599999998]]
3	[[0.034229894132735264, 0.2773841392786001, 0.9601491309293217], [-0.1827544195208179, -0.9427759796974285, 0.2788803941677556], [0.9825625356654255, -0.18501754344446375, 0.018422055382213542]]	0.8599211714347558	0.14007882856524445	[[0.029435010660709377, 0.23852849398587525, 0.8256525654208052], [-0.15715439451922053, -0.8107130248619621, 0.23981515524292285], [0.8449263266773167, -0.15910050269474407, 0.015841515444509017]]	0.9170079330984025	0.12850541679739572	[[0.009042070688762869, 0.23571576256298224, 0.857499361287421], [-0.16500821504528682, -0.8266382205035775, 0.2535241442121102], [0.8905870921263167, -0.15958026233479167, 0.0]]	[[-0.022347013780073838, -0.01864769367116625, -0.02296500873230383], [0.002579037464096736, 0.03789483201358299, -0.0022113896253311022], [-0.010430547844160597, 0.010082292766159873, -0.016893170929467946]]	0.35004179423966963	[[0.0, 0.0, 0.9725999999999999], [0.0, -1.0, 0.0], [0.9725999999999999, 0.0, 0.0]]
3	[[0.8787972042104137, -0.3840163418041313, 0.28327887866788265], [-0.395223040501579, -0.9183905790867732, -0.018907472103605397], [0.2674214316928388, -0.09534250611366366, -0.9588511794847616]]	0.6709057025659547	0.32909429743404534	[[0.5895900557037845, -0.25763875359490856, 0.19005341511477164], [-0.26515739165796465, -0.6161534766921655, -0.012685130855415568], [0.17941456351107749, -0.06396583104858634, -0.6432987242284184]]	0.8356770720204723	0.30164659313919456	[[0.6081994412024447, -0.26367325978000705, 0.2415041252363625], [-0.34197689675420656, -0.8496541911728076, -0.020989993962354174], [0.21672585104413455, -0.07967554634816042, -0.7091920637437819]]	[[-0.12619123331189094, 0.057240392346882274, 0.004774461345943745], [-0.0116980634728184, -0.08217624107038697, -0.0051894530355044545], [-0.006752107988459744, 0.0, 0.09209788243142]]	0.47943311190828103	[[0.6688881970645683, -0.6688881970645681, 0.0], [-0.7071067811865475, -0.7071067811865476, 0.0], [0.0, 0.0, -0.9459507599999998]]
3	[[0.22433838825039393, -0.7661379269479729, -0.6022499185961573], [-0.9416906372873723, -0.011392912655017143, -0.3362869982418849], [0.2507808429735371, 0.642575192824231, -0.724020780340167]]	0.5001747926270431	0.4998252073729569	[[0.11220840682142585, -0.38320287873491504, -0.3012302281434866], [-0.4710099192240395, -0.005698447724641191, -0.1682022796088056], [0.12543425612912396, 0.321399913818142, -0.36213694366431304]]	0.7017418110788474	0.5217714503583036	[[0.28436830034876426, -0.40207900770130606, -0.359692537423021], [-0.6783077528548989, 0.0005249571831521214, -0.038821458961885914], [0.313468565978197, 0.31531371957788334, -0.48415124117334013]]	[[0.12694067348342314, 0.13555200869135808, 0.06293141117473483], [-0.017484059568864018, 0.008519840343146958, 0.1971651882266436], [0.13748516304606703, -0.1356081599889321, 0.02392441248128912]]	0.7388449734606367	[[1.8370591629487325e-16, -0.9200317091759997, 0.0], [-1.0, -1.7938038903913487e-16, 0.0], [0.0, 0.0, -0.9200317091759997]]
3	[[0.04673222253661188, -0.9725397674033924, -0.22799671093185395], [-0.8377629715199755, -0.16246744520517667, 0.5213036857710898], [-0.5440306084466285, 0.16664552219444034, -0.8223502702654952]]	0.5502982948453284	0.44970170515467156	[[0.02571666237622991, -0.5351869756713592, -0.12546620125614247], [-0.46101953471199797, -0.08940555806428553, 0.28687252937641555], [-0.2993791161718462, 0.09170474670720985, -0.45253795149269704]]	0.7482574037676608	0.3826675579802737	[[-0.022624436497537304, -0.8069827636640028, -0.11515989577100476], [-0.6539982754766818, -0.12682024495084593, 0.2342110958379282], [-0.27965998122712665, 0.010619868240065639, -0.6153296782164936]]	[[-0.05759216800507496, -0.07927268224593563, 0.05544033121843013], [-0.02713592943446421, -0.005252776204855918, -0.1558582466516599], [0.12741494941928838, -0.11407387754665241, 0.0]]	0.6299845266858574	[[1.8370591629487325e-16, -0.9200317091759997, 0.0], [-1.0, -1.7938038903913487e-16, 0.0], [0.0, 0.0, -0.9200317091759997]]
3	[[0.8592155572171323, 0.2624339665249735, -0.4391776855101157], [-0.4266000482917053, 0.8413623931712975, -0.33184593135155627], [0.2824199444684594, 0.4724804086637203, 0.8348660002631537]]	0.5864529154340075	0.4135470845659926	[[0.5038894685162425, 0.15390516477748145, -0.257557034060967], [-0.25018084204495894, 0.49341942841184105, -0.1946120139160337], [0.1656259998102385, 0.27708751314629004, 0.48960959985105534]]	0.7957879082655288	0.36486283705328626	[[0.5649956269703634, 0.21033388538764347, -0.28803832018578496], [-0.32408863634776114, 0.7528510926156561, -0.2725816077852138], [0.24694571560699252, 0.34999004578792775, 0.5482407558424058]]	[[-0.11875772405665894, 0.001492108108908978, 0.061453971523206245], [0.015394523748268572, 0.08330507366058965, -0.008502628208532575], [0.02219933874597038, -0.026004150319016466, -0.11613551218901765]]	0.6452982332142484	[[0.9200317091759997, 0.0, 0.0], [0.0, 0.7071067811865476, -0.7071067811865475], [0.0, 0.6505606604649989, 0.650560660464999]]
3	[[-0.5446221603179724, 0.8109226453022452, -0.2139887049042392], [-0.8354447797583356, -0.5021691245819775, 0.22328947644507607], [0.07361197229480154, 0.30038414347728, 0.9509735242804028]]	0.6063380128167121	0.39366198718328793	[[-0.3302251184231441, 0.49169322530063475, -0.12974948609685824], [-0.506561927576765, -0.3044842290969441, 0.13538889743059146], [0.04463373700074884, 0.18213432463766405, 0.5766113969534846]]	0.7805271655972688	0.3130664917229369	[[-0.4730392991575333, 0.5831493334192818, -0.111448765756781], [-0.6741030300584738, -0.4448988763800574, 0.040029008602487696], [0.08826760786498403, 0.13895903589902756, 0.7422606694646282]]	[[-0.04794690804308497, -0.049797820437119195, 0.05557523155195519], [-0.02201568410066565, -0.05294223291962465, -0.13425449355488567], [0.03081146377569792, -0.0954989481996571, 0.0]]	0.3963317087105464	[[-0.6688881970645683, 0.6688881970645681, 0.0], [-0.7071067811865475, -0.7071067811865476, 0.0], [0.0, 0.0, 0.9459507599999998]]
3	[[0.3802729664721569, 0.7767473726770865, -0.5020517802076895], [0.4287143634067757, 0.332951791095048, 0.839849450446521], [0.8195098935212374, -0.5346088512602871, -0.20639019011321075]]	0.5432771044273462	0.45672289557265394	[[0.20659359611699074, 0.42198906349955645, -0.27275323742382795], [0.23291069797804617, 0.1808850849800164, 0.456270977593484], [0.44522096200178074, -0.2904407487139186, -0.11212706486691464]]	0.7039084822878635	0.4475995473912555	[[0.2089170511464838, 0.4679818430454149, -0.3029376535951794], [0.3340584065679462, 0.2185676219596808, 0.49154601924036234], [0.5864322620606299, -0.2942242004275249, -0.05540853326145423]]	[[-0.058760315538035776, -0.07877722117679842, 0.05046085304073525], [0.03228272968727512, -0.01579996798506017, -0.0996311327737445], [0.009572296692207109, 0.082091504680762, 0.08987127222023959]]	0.6852028118549355	[[0.0, 0.6505606604649989, -0.650560660464999], [0.0, 0.7071067811865476, 0.7071067811865475], [0.9200317091759997, 0.0, 0.0]]
3	[[-0.42203838922340475, -0.825029846081567, 0.3757783270710803], [0.2588054115689476, 0.28760896992378115, 0.9221175843470338], [-0.8688517462515349, 0.4864224845687207, 0.09214016247897017]]	0.4514466718934926	0.5485533281065075	[[-0.19052782622619654, -0.37245697822632395, 0.16964387512594353], [0.11683684172082695, 0.12984011227880654, 0.4162869145479354], [-0.39224022921410484, 0.21959381179271273, 0.041596369698856744]]	0.6499834854181727	0.6017351392713234	[[-0.12021550860676335, -0.382153300329179, 0.34873523384600813], [0.133062041165697, 0.0955272033221002, 0.6479422654258236], [-0.5088618580925488, 0.18468698720740967, -0.0315845221386147]]	[[0.15410247460093668, 0.15410247460093668, 0.1044855270717373], [-0.03515720229097223, -0.09141387738648948, 0.04858106398655266], [0.055877428247689855, -0.13147959469833476, -0.09147410609369246]]	0.6661895152368323	[[0.0, -0.6505606604649989, 0.650560660464999], [0.0, 0.7071067811865476, 0.7071067811865475], [-0.9200317091759997, 0.0, 0.0]]
3	[[-0.8305561570912853, 0.32773595720904825, 0.4502950280316503], [-0.5100865793185324, -0.772219296347621, -0.37879947194723407], [0.22358030216652452, -0.5443036842615101, 0.808545204538665]]	0.5181449221681654	0.48185507783183446	[[-0.43034845537235467, 0.1698147220397915, 0.2333180822521713], [-0.2642987709400268, -0.4001215072027936, -0.19627302290944176], [0.11584699826440878, -0.28202819011752583, 0.4189435920751299]]	0.7467496153498965	0.4575867353419576	[[-0.5223561484517212, 0.14446351174629407, 0.24899641343815146], [-0.5537030701597611, -0.5968800693762732, -0.2890771480450319], [0.22996092594087703, -0.33590621053043396, 0.4720305961696469]]	[[0.09786134238268418, -0.10027318823589286, -0.08726122553845424], [-0.17279611325850266, -0.020225606862919656, -0.006208788073690895], [0.06300242129821124, 0.07055235632538023, -0.13175022431260452]]	0.6803695107350327	[[-0.6688881970645683, 0.6688881970645681, 0.0], [-0.7071067811865475, -0.7071067811865476, 0.0], [0.0, 0.0, 0.9459507599999998]]
