3	[[0.5319609947059123, -0.8460851799387872, 0.03402011756955908], [-0.703274286200726, -0.4190807785627857, 0.5742617690636116], [-0.47161719485230363, -0.3294103357928521, -0.8179645788128509]]	0.5172846416370964	0.48271535836290363	[[0.2751752525113612, -0.43766686909909375, 0.017598084325421273], [-0.36379298710992736, -0.216784050355846, 0.29705679341595537], [-0.2439603316290666, -0.1703989075021611, -0.42312051402304407]]	0.7192324986425572	0.4893274632438748	[[0.48991754287004896, -0.6125307355706535, 0.11106665955509402], [-0.41700309893232335, -0.2329889071061281, 0.2901036822542241], [-0.2987147371498894, -0.06265674855341424, -0.5048777879110826]]	[[0.10731390746733553, -0.003998777538841912, 0.0865982853914265], [0.08881462316288566, 0.06842760839265241, -0.12292404478429247], [0.040487676306526776, 0.17426587033756258, 0.0834289199095909]]	0.6563618679744303	[[0.6804919890494672, -0.6804919890494671, 0.0], [-0.7071067811865475, -0.7071067811865476, 0.0], [0.0, 0.0, -0.9623610000000001]]
3	[[0.04673222253661188, -0.9725397674033924, -0.22799671093185395], [-0.8377629715199755, -0.16246744520517667, 0.5213036857710898], [-0.5440306084466285, 0.16664552219444034, -0.8223502702654952]]	0.5577470958627171	0.4422529041372829	[[0.026064761403005454, -0.5424312308802445, -0.12716450338849292], [-0.4672598643865865, -0.0906157457354224, 0.29075561680135575], [-0.30343149192153407, 0.09294605604247506, -0.4586634750225005]]	0.7528310177707777	0.3777114929282885	[[-0.016928300847569248, -0.8179187622277839, -0.12312303159021358], [-0.6516126773012755, -0.1214186840994725, 0.2351284365662875], [-0.27838599484667986, 0.01940068151707617, -0.619090790928047]]	[[-0.05210976750249712, -0.08576065931093274, 0.048519964349003845], [-0.02091872680122131, 0.0008918480289585862, -0.15732514776041961], [0.131177121808651, -0.10605523656350704, 0.0]]	0.6223702225601595	[[1.8850695123308607e-16, -0.9440761410000003, 0.0], [-1.0, -1.7938038903913487e-16, 0.0], [0.0, 0.0, -0.9440761410000003]]
3	[[-0.30792515101507295, 0.09349718223056193, 0.9468053539599837], [0.3027085282091916, -0.9338174967034747, 0.1906631317268273], [0.9019698710720718, 0.34531602882779927, 0.2592434992682147]]	0.7171552844031995	0.2828447155968007	[[-0.22083014925111277, 0.06705199831345642, 0.679006462893644], [0.21708902063913674, -0.6696921524290642, 0.13673507245875752], [0.6468524594118087, 0.24764521486298383, 0.18591784544737716]]	0.8512111479848957	0.25996430472981896	[[-0.25822569908990944, 0.07957660240392066, 0.7453148450994032], [0.24349309713243908, -0.8497656546124628, 0.11920469703639718], [0.6818530116282446, 0.2657487294263302, 0.17864909668598883]]	[[0.0038836221990531865, -9.241415908953221e-06, -0.06061642716312015], [-0.014175776669325058, -0.05488979123511623, -0.0430898861991909], [-0.08591379777480215, -0.028188123889766176, -0.0420218599337297]]	0.4692584312243931	[[0.0, 0.0, 0.9810000000000001], [0.0, -1.0, 0.0], [0.9810000000000001, 0.0, 0.0]]
3	[[0.3802729664721569, 0.7767473726770865, -0.5020517802076895], [0.4287143634067757, 0.332951791095048, 0.839849450446521], [0.8195098935212374, -0.5346088512602871, -0.20639019011321075]]	0.5493948295381804	0.45060517046181975	[[0.20892000159294888, 0.4267409904061574, -0.2758246522065436], [0.2355334546044351, 0.1829219925130958, 0.4614089456658009], [0.45023449825595274, -0.2937113387077479, -0.11338970331560007]]	0.7120105284287244	0.4451266059204293	[[0.21933521561429564, 0.4766692521448734, -0.3096545116922521], [0.3363782661330207, 0.21647360588559317, 0.4874269741328629], [0.5951103300065028, -0.3029754568373585, -0.058136881243490146]]	[[-0.05142314019070346, -0.07638305513056241, 0.047811641632006685], [0.03112912569877808, -0.020591574833282146, -0.1105546768801384], [0.011610657667878874, 0.07767167385115198, 0.08881510708152195]]	0.6796559788359705	[[0.0, 0.6675626412575273, -0.6675626412575274], [0.0, 0.7071067811865476, 0.7071067811865475], [0.9440761410000003, 0.0, 0.0]]
3	[[0.08740825448676931, -0.06334395238859675, -0.994156597696443], [0.7119981850616444, -0.6940087028176986, 0.10681996481098455], [-0.6967197295301035, -0.717174639895393, -0.015561310176609944]]	0.8206134454094195	0.17938655459058067	[[0.07172838887161112, -0.051980899015456605, -0.8158182709121843], [0.5842752837686894, -0.5695128727633536, 0.08765789936205498], [-0.5717375777344169, -0.5885231522048182, -0.012769820359112546]]	0.9074394561192957	0.14383218248351906	[[0.05727298900301615, -0.029155480131105933, -0.8750677230060171], [0.6335826711942838, -0.6375968613000736, 0.06699063790839106], [-0.6393823586444808, -0.6322390660141476, 0.025024612729955126]]	[[-0.022044709908794778, 0.028325321572848845, 0.027069199305052413], [-0.012512574615980421, -0.007825981473123335, -0.029942012862371036], [-0.00715138621210102, 0.018553499155079263, 0.039145559573121706]]	0.13860703466630236	[[0.0, 0.0, -0.9440761410000003], [0.7071067811865475, -0.7071067811865476, 0.0], [-0.6675626412575274, -0.6675626412575273, 0.0]]
3	[[0.8489524140446696, -0.5135124485683378, 0.12483895166604869], [0.522794976890395, 0.7815435453534784, -0.34040431673891397], [0.0772347773085365, 0.35425224329800037, 0.9319550081910795]]	0.756572571630846	0.2434274283691541	[[0.6422941110859903, -0.38850943377779984, 0.09444972670168134], [0.39553234010165483, 0.5912944099495697, -0.25754056930940117], [0.05843371408765516, 0.26801753071796425, 0.7050915971913712]]	0.8808531559930863	0.19558510446262542	[[0.7516273881285668, -0.4427496097064695, 0.0537655154435296], [0.46850733235257513, 0.6259815633839874, -0.2722026142982641], [0.03857042199671575, 0.2721750871236305, 0.8059816524656688]]	[[0.0038249749293702293, 0.009579451256688382, -0.05619926912237776], [0.008001727021338039, -0.062443535086649925, 0.02764360241487846], [-0.029462075347931844, -0.039869119403043746, -0.014933857743006144]]	0.43296337973616655	[[0.6936717523440032, -0.6936717523440031, 0.0], [0.7071067811865475, 0.7071067811865476, 0.0], [0.0, 0.0, 0.9810000000000001]]
3	[[-0.42203838922340475, -0.825029846081567, 0.3757783270710803], [0.2588054115689476, 0.28760896992378115, 0.9221175843470338], [-0.8688517462515349, 0.4864224845687207, 0.09214016247897017]]	0.4589712651238268	0.5410287348761733	[[-0.1937034934326881, -0.37866499222097294, 0.17247145418192886], [0.11878424716869256, 0.13200425278687844, 0.4232254742806852], [-0.3987779851821131, 0.2232539431271809, 0.0422896869416879]]	0.6580042770037129	0.5960395460731315	[[-0.12534348855124203, -0.3905135907598701, 0.3595783667313176], [0.1295353468647375, 0.09753000736339229, 0.6522158188082392], [-0.5202185382361284, 0.18705558738623465, -0.03205107810749655]]	[[0.152359576617516, 0.152359576617516, 0.11231462031324674], [-0.04075972085933621, -0.09171792495108798, 0.04545850440755881], [0.05148962687952639, -0.13301248789075612, -0.09267969910247598]]	0.6616320206599158	[[0.0, -0.6675626412575273, 0.6675626412575274], [0.0, 0.7071067811865476, 0.7071067811865475], [-0.9440761410000003, 0.0, 0.0]]
3	[[0.8787972042104137, -0.3840163418041313, 0.28327887866788265], [-0.395223040501579, -0.9183905790867732, -0.018907472103605397], [0.2674214316928388, -0.09534250611366366, -0.9588511794847616]]	0.6869706000096373	0.313029399990363	[[0.6037078426632194, -0.26380793674269, 0.19460426124853253], [-0.27150660927100295, -0.6309073271584387, -0.01298887745567929], [0.18371066138546566, -0.06549749863132603, -0.658702570090595]]	0.8417541431902612	0.2916163767368587	[[0.6171375178833212, -0.26819470917151916, 0.2432283939479196], [-0.3411022554980724, -0.8500224193998277, -0.02097565363876743], [0.21834708292056554, -0.0802549495433192, -0.7198660262578152]]	[[-0.12259366978481272, 0.055052637594875865, 0.004777224150938056], [-0.008421623671615808, -0.07696334438663315, -0.005060210658303305], [-0.0067560151847528924, 0.0, 0.08725092677635188]]	0.4756308871370938	[[0.6804919890494672, -0.6804919890494671, 0.0], [-0.7071067811865475, -0.7071067811865476, 0.0], [0.0, 0.0, -0.9623610000000001]]
3	[[0.034229894132735264, 0.2773841392786001, 0.9601491309293217], [-0.1827544195208179, -0.9427759796974285, 0.2788803941677556], [0.9825625356654255, -0.18501754344446375, 0.018422055382213542]]	0.8659535508772876	0.13404644912271252	[[0.029641498370395737, 0.2402017803653439, 0.831444549299988], [-0.15825683852256972, -0.8164002073008018, 0.2414974675996256], [0.8508535167184667, -0.1602165987203262, 0.01595264427268587]]	0.9236145634662076	0.12489538418562886	[[0.009402112869522528, 0.2392768739025634, 0.8691705841771239], [-0.1644651999406771, -0.827101105092549, 0.2529496570642118], [0.9027981310243197, -0.16198727690024559, 0.0]]	[[-0.022213115857378257, -0.01691915680969059, -0.01763713624862027], [0.004329443466563301, 0.04366051984211755, -0.004628336454323801], [-0.004710936432552328, 0.008897620721802916, -0.01701487863999346]]	0.3464137054117939	[[0.0, 0.0, 0.9810000000000001], [0.0, -1.0, 0.0], [0.9810000000000001, 0.0, 0.0]]
3	[[-0.5446221603179724, 0.8109226453022452, -0.2139887049042392], [-0.8354447797583356, -0.5021691245819775, 0.22328947644507607], [0.07361197229480154, 0.30038414347728, 0.9509735242804028]]	0.618468670807233	0.38153132919276694	[[-0.3368317435840202, 0.501530250567565, -0.13234530988988605], [-0.5166964224699796, -0.31057587100064743, 0.13809754570222918], [0.04552669866066475, 0.18577818194796256, 0.5881473315345707]]	0.7864795776365892	0.3092015117669313	[[-0.47034682320893495, 0.5896446290081329, -0.11680886845729564], [-0.6706126134812773, -0.4366526454544073, 0.04264659256301303], [0.08997943579108375, 0.1513272454945684, 0.7442070316666856]]	[[-0.042012616590529364, -0.04812947056512246, 0.05148887779479116], [-0.01355235595824808, -0.041706884451037984, -0.13296602056220555], [0.032085122911671954, -0.0849187487961714, -0.0037142240529443055]]	0.39104506185114374	[[-0.6804919890494672, 0.6804919890494671, 0.0], [-0.7071067811865475, -0.7071067811865476, 0.0], [0.0, 0.0, 0.9623610000000001]]
3	[[-0.3195682178843842, -0.5708200961323295, -0.7563336379995778], [0.910087742671785, 0.03735879733279218, -0.41272826520656647], [0.2638493031197415, -0.8202248094963509, 0.507557688474819]]	0.4708571900223217	0.5291428099776782	[[-0.1504709930934822, -0.26877474647314026, -0.35612513150784114], [0.4285213571881946, 0.01759065833473196, -0.19433607119795146], [0.12423534145630924, -0.386208748986046, 0.23898718696947818]]	0.6714411629357855	0.5516537537377622	[[-0.2600737416908438, -0.27386545063925277, -0.4757594704620284], [0.5927391655099783, -0.04061379430345518, -0.06945382926988174], [0.283240460368671, -0.4483472326050556, 0.3160218185499345]]	[[-0.04550248583723637, 0.10940665853495542, 0.03207406700386146], [-0.018331206803168923, -0.06569802863046748, 0.2076689170968845], [0.10608117744215527, 0.1023854673519573, -0.0247733060565971]]	0.9072819769142222	[[0.0, 0.0, -0.9440761410000003], [0.7071067811865475, 0.7071067811865476, 0.0], [0.6675626412575274, -0.6675626412575273, 0.0]]
3	[[0.8592155572171323, 0.2624339665249735, -0.4391776855101157], [-0.4266000482917053, 0.8413623931712975, -0.33184593135155627], [0.2824199444684594, 0.4724804086637203, 0.8348660002631537]]	0.6009539393937258	0.3990460606062744	[[0.5163489738980107, 0.15771072601390398, -0.2639255602011228], [-0.2563669795664539, 0.505620044634024, -0.1994241197174976], [0.16972137819167793, 0.2839389628728201, 0.5017160117240256]]	0.8042328791428763	0.35158105285810154	[[0.5784316158045992, 0.21376830188272197, -0.29132606245644954], [-0.3238211926228244, 0.7527345507005079, -0.2731304085822862], [0.2499090201965556, 0.3578454872613337, 0.5601699338521295]]	[[-0.11257778558048584, 0.0027102773994572907, 0.061875072016655486], [0.019264592457303744, 0.07608325083781473, -0.006248999779574806], [0.02277761512931526, -0.022138792136892908, -0.11125675323800384]]	0.6378425695849451	[[0.9440761410000003, 0.0, 0.0], [0.0, 0.7071067811865476, -0.7071067811865475], [0.0, 0.6675626412575273, 0.6675626412575274]]
3	[[0.22433838825039393, -0.7661379269479729, -0.6022499185961573], [-0.9416906372873723, -0.011392912655017143, -0.3362869982418849], [0.2507808429735371, 0.642575192824231, -0.724020780340167]]	0.5118991095844442	0.48810089041555577	[[0.11483862119098596, -0.3921853226235393, -0.30829119707667696], [-0.4820505987314137, -0.0058320218436765815, -0.17214501496484644], [0.12837449021898992, 0.3289336690477764, -0.3706255927767659]]	0.7099806647452186	0.5139109025057839	[[0.27905591320445067, -0.40393209603310704, -0.37988486860651605], [-0.6800295679133176, 0.01321511823349688, -0.03855599582358392], [0.32311875673360363, 0.33075750481967514, -0.4831210441932586]]	[[0.119779995186565, 0.14001101862793852, 0.04770092894113748], [-0.01144742326768064, 0.021303865933690134, 0.2002012707333637], [0.14506920713388544, -0.12545845773045944, 0.03091971072200512]]	0.7424983387690318	[[-1.8850695123308607e-16, -0.9440761410000003, 0.0], [-1.0, 1.7938038903913487e-16, 0.0], [0.0, 0.0, -0.9440761410000003]]
3	[[-0.8305561570912853, 0.32773595720904825, 0.4502950280316503], [-0.5100865793185324, -0.772219296347621, -0.37879947194723407], [0.22358030216652452, -0.5443036842615101, 0.808545204538665]]	0.5283044573834724	0.4716955426165275	[[-0.4387865198986135, 0.1731443670383792, 0.23789287044673654], [-0.2694810135054688, -0.40796689633797667, -0.20012144948422939], [0.11811847021771851, -0.287558062565602, 0.42715803555380805]]	0.7553915042252263	0.44664981880374416	[[-0.5341588620151348, 0.1504168673617512, 0.25032881521377603], [-0.5531833710807266, -0.5994496860953625, -0.2912112158404896], [0.23370978818759514, -0.33970956826472887, 0.48258567253206847]]	[[0.0932362028335745, -0.09715209034308617, -0.08982022335619275], [-0.1678683026442001, -0.016121790235587317, -0.005069312926547044], [0.0648191274188936, 0.07145281054490589, -0.12818250575848705]]	0.6803649836051974	[[-0.6675626412575274, 0.6675626412575273, 0.0], [-0.7071067811865475, -0.7071067811865476, 0.0], [0.0, 0.0, 0.9440761410000003]]
