3	[[-0.3195682178843842, -0.5708200961323295, -0.7563336379995778], [0.910087742671785, 0.03735879733279218, -0.41272826520656647], [0.2638493031197415, -0.8202248094963509, 0.507557688474819]]	0.4342338524233467	0.5657661475766532	[[-0.1387673383639996, -0.2478694093842066, -0.32842566934592154], [0.39519090654363664, 0.01622245448772143, -0.1792205846046521], [0.1145722993529007, -0.3561693788808061, 0.22039873039350955]]	0.6406826901016418	0.5619245375040179	[[-0.2597869951934569, -0.2597869951934569, -0.42729973108022323], [0.6091722058818405, 0.03887837342839819, -0.05736874598824817], [0.3289969626953862, -0.3850044472318717, 0.31885725212807176]]	[[-0.05504516968830204, 0.10592755956068181, 0.05727013872770765], [0.026094742678350463, 0.014943238654262864, 0.2070591092452787], [0.1599532813911867, 0.14049939020435706, -0.006326173105746371]]	0.9266286561251397	[[0.0, 0.0, -0.846053699912], [0.7071067811865475, 0.7071067811865476, 0.0], [0.5982503084557436, -0.5982503084557435, 0.0]]
3	[[-0.30792515101507295, 0.09349718223056193, 0.9468053539599837], [0.3027085282091916, -0.9338174967034747, 0.1906631317268273], [0.9019698710720718, 0.34531602882779927, 0.2592434992682147]]	0.6523964561171188	0.3476035438828814	[[-0.20088927727156225, 0.06099723034415504, 0.6176924575562075], [0.1974859710401055, -0.6092192255095061, 0.12438795145077355], [0.5884419474118342, 0.22528295344769303, 0.16912954019398416]]	0.8216222075366438	0.28845205486542985	[[-0.22427905480429877, 0.07145616393893489, 0.7223256776652178], [0.24922049754566206, -0.8472950277840919, 0.11944191741979013], [0.661276361954398, 0.248440362120255, 0.15282289086536388]]	[[0.02871908752875995, -0.005363197323795255, -0.05559062736289752], [0.000508448358257578, -0.08004983470624032, -0.03721114576545564], [-0.0798021146473797, -0.035278955783028754, -0.060177325292911005]]	0.4762399755048571	[[0.0, 0.0, 0.9458], [0.0, -1.0, 0.0], [0.9458, 0.0, 0.0]]
3	[[-0.5446221603179724, 0.8109226453022452, -0.2139887049042392], [-0.8354447797583356, -0.5021691245819775, 0.22328947644507607], [0.07361197229480154, 0.30038414347728, 0.9509735242804028]]	0.5690701041169061	0.430929895883094	[[-0.3099281894765228, 0.46147183419290555, -0.12177457457969726], [-0.47542664780100163, -0.28576943601016147, 0.12706736560880888], [0.0418903727380535, 0.17093963580368338, 0.54117060247467]]	0.7599704932005419	0.34779938034798374	[[-0.47814022705578063, 0.5647046267854445, -0.10095131645223769], [-0.6758686345774599, -0.43811223824615925, 0.047331481777374174], [0.12218662094404602, 0.0973561585453908, 0.7227118182680352]]	[[-0.06424345527098661, -0.051572655912390804, 0.061673785153182156], [-0.04095525326269966, -0.05647852096750955, -0.12236193176308106], [0.06624369405370108, -0.13092692712266002, 0.0]]	0.4151174180908716	[[-0.6325336312706106, 0.6325336312706105, 0.0], [-0.7071067811865475, -0.7071067811865476, 0.0], [0.0, 0.0, 0.8945376399999999]]
3	[[0.034229894132735264, 0.2773841392786001, 0.9601491309293217], [-0.1827544195208179, -0.9427759796974285, 0.2788803941677556], [0.9825625356654255, -0.18501754344446375, 0.018422055382213542]]	0.8121268322903624	0.1878731677096376	[[0.027799015491652757, 0.22527110235991823, 0.7797628722279745], [-0.14841976781250582, -0.7656536699511158, 0.22648625110334702], [0.7979653996171484, -0.1502577114756969, 0.014961045481834707]]	0.8950575959235983	0.16037826579118544	[[0.009136993719163135, 0.22380940022171722, 0.8206834547447596], [-0.16655854111010696, -0.825279411408639, 0.25525427349296664], [0.8518903543863453, -0.15225394658517968, 0.0]]	[[-0.021500733032002173, -0.024465380628323184, -0.038705318112971204], [-0.00298280972939095, 0.01855939047385665, 0.0056402583389498035], [-0.02755970663094513, 0.01334741105391196, -0.016488800602375436]]	0.3619638739224842	[[0.0, 0.0, 0.9458], [0.0, -1.0, 0.0], [0.9458, 0.0, 0.0]]
3	[[0.04673222253661188, -0.9725397674033924, -0.22799671093185395], [-0.8377629715199755, -0.16246744520517667, 0.5213036857710898], [-0.5440306084466285, 0.16664552219444034, -0.8223502702654952]]	0.5276622407213394	0.4723377592786605	[[0.024658829257556893, -0.5131725128586845, -0.12030525536739757], [-0.4420558867455979, -0.08572793618123495, 0.2750722709302662], [-0.2870644098739416, 0.08793254964729609, -0.4339231862660903]]	0.7254597048960074	0.42633018363827146	[[-0.0050630401961324, -0.7577801191126072, -0.10373753766486321], [-0.6650370786182235, -0.1256147912211174, 0.23408812506900803], [-0.2726404351790534, 0.003084296681006461, -0.5661880289052498]]	[[-0.03896538456667728, -0.05224170645251034, 0.06166488896501988], [-0.05727380052653987, -0.00775120636736179, -0.14409669297168773], [0.12203184947903317, -0.11781031467241332, 0.030393955482708408]]	0.6555905421465168	[[1.6893447109144068e-16, -0.846053699912, 0.0], [-1.0, -1.7938038903913487e-16, 0.0], [0.0, 0.0, -0.846053699912]]
3	[[-0.8305561570912853, 0.32773595720904825, 0.4502950280316503], [-0.5100865793185324, -0.772219296347621, -0.37879947194723407], [0.22358030216652452, -0.5443036842615101, 0.808545204538665]]	0.48670148449206174	0.5132985155079383	[[-0.40423291461035055, 0.15950957689507061, 0.21915925860239877], [-0.24825989537380755, -0.37584027788580254, -0.18436226532152789], [0.10881686496763125, -0.2649134111445754, 0.3935201513279059]]	0.7167159964602065	0.487764354570165	[[-0.4851292971463438, 0.11823013166299118, 0.2540225911744915], [-0.5536344995450457, -0.5862244687177374, -0.2843439986496637], [0.21128035085945523, -0.324734764571371, 0.4344543434682305]]	[[0.11014358659949658, -0.11666347148393141, -0.06871105854228929], [-0.1880472885677856, -0.03276254625015284, -0.01285235765440186], [0.05103677180330057, 0.0653763928710787, -0.14504293848582026]]	0.6818142898232216	[[-0.6325336312706106, 0.6325336312706105, 0.0], [-0.7071067811865475, -0.7071067811865476, 0.0], [0.0, 0.0, 0.8945376399999999]]
3	[[0.8489524140446696, -0.5135124485683378, 0.12483895166604869], [0.522794976890395, 0.7815435453534784, -0.34040431673891397], [0.0772347773085365, 0.35425224329800037, 0.9319550081910795]]	0.7204121169598255	0.2795878830401744	[[0.6115956058000748, -0.3699405901583397, 0.08993549344878347], [0.37662783603757255, 0.5630334400043869, -0.245231394444144], [0.05564086942376348, 0.2552076085320796, 0.6713916803622472]]	0.85014689931336	0.2253801177717407	[[0.6961666040084711, -0.4210253616964229, 0.05336038822297953], [0.47389670109806803, 0.6254180177398738, -0.26704667380157937], [0.031381588196078926, 0.24791462644591977, 0.7585924266409805]]	[[-0.02556765845619673, 0.015535654212760706, -0.05277105944944219], [0.029444172518099002, -0.0390088040207562, 0.022347000586891236], [-0.03427931825193124, -0.05325181976867725, -0.03370623387222282]]	0.44498328110544705	[[0.6687815936462367, -0.6687815936462366, 0.0], [0.7071067811865475, 0.7071067811865476, 0.0], [0.0, 0.0, 0.9458]]
3	[[0.3802729664721569, 0.7767473726770865, -0.5020517802076895], [0.4287143634067757, 0.332951791095048, 0.839849450446521], [0.8195098935212374, -0.5346088512602871, -0.20639019011321075]]	0.5237448464770943	0.47625515352290587	[[0.19916600644434906, 0.40681743345424703, -0.26294703254842827], [0.224536938445007, 0.17438178471134946, 0.4398668214879853], [0.42921408336874045, -0.27999863072861486, -0.10809579843522188]]	0.6768415052549323	0.48143804020465075	[[0.14868625920104178, 0.4187052872874716, -0.2836731164724858], [0.31853863085784445, 0.19344029960269726, 0.46155370010257757], [0.5896857214312462, -0.30641711994516424, -0.07105621030975931]]	[[-0.10869826783373124, -0.10702957363810149, 0.05613636615920524], [0.028366955805192343, -0.0319152918594007, -0.10689126612517344], [0.03500741152902252, 0.05542833966445867, 0.06863723663631786]]	0.7049386656422288	[[0.0, 0.5982503084557435, -0.5982503084557436], [0.0, 0.7071067811865476, 0.7071067811865475], [0.846053699912, 0.0, 0.0]]
3	[[0.8787972042104137, -0.3840163418041313, 0.28327887866788265], [-0.395223040501579, -0.9183905790867732, -0.018907472103605397], [0.2674214316928388, -0.09534250611366366, -0.9588511794847616]]	0.6226208103087748	0.37737918969122525	[[0.5471574273825737, -0.2390965659058997, 0.17637532497955818], [-0.24607408972979083, -0.5718090865309517, -0.011772185602037327], [0.16650214849452794, -0.05936222841335858, -0.5970006983363266]]	0.8158837653305926	0.3333233925740467	[[0.5800351279377433, -0.24952970693119078, 0.23587947430423167], [-0.3448589071354662, -0.8484361146661112, -0.021048680403568835], [0.21145762243923227, -0.07778840288407096, -0.675594557158701]]	[[-0.13696124399544696, 0.06378299196844374, 0.0047568361380515125], [-0.022402844705632603, -0.09913615095665101, -0.005622380870796122], [-0.006727182180418904, 0.0, 0.1067165535510062]]	0.49358607421192846	[[0.6325336312706106, -0.6325336312706105, 0.0], [-0.7071067811865475, -0.7071067811865476, 0.0], [0.0, 0.0, -0.8945376399999999]]
3	[[0.22433838825039393, -0.7661379269479729, -0.6022499185961573], [-0.9416906372873723, -0.011392912655017143, -0.3362869982418849], [0.2507808429735371, 0.642575192824231, -0.724020780340167]]	0.46215172627081086	0.5378482737291892	[[0.10367837339873093, -0.3540719655005461, -0.2783308395256694], [-0.435203953635419, -0.005265254250768749, -0.15541561675991628], [0.11589879949586936, 0.29696723462251756, -0.33460745349014775]]	0.674931112191394	0.5427915719212582	[[0.29463839649473633, -0.39739032337086855, -0.3020105058935104], [-0.6740817169800366, -0.05155836051852151, -0.04173541038324006], [0.2715899970706658, 0.2684189057966732, -0.4841231448227638]]	[[0.1432254386056732, 0.11969999975613577, 0.10446670148177052], [-0.038505407815447625, -0.04386892930917136, 0.18523514735566066], [0.10233020380624105, -0.1652750837627845, 0.004541005701906131]]	0.7321177769231709	[[-1.6893447109144068e-16, -0.846053699912, 0.0], [-1.0, 1.7938038903913487e-16, 0.0], [0.0, 0.0, -0.846053699912]]
3	[[0.5319609947059123, -0.8460851799387872, 0.03402011756955908], [-0.703274286200726, -0.4190807785627857, 0.5742617690636116], [-0.47161719485230363, -0.3294103357928521, -0.8179645788128509]]	0.4852991605176002	0.5147008394824	[[0.2581602241588868, -0.410604427550676, 0.016509934497217063], [-0.3412984207068268, -0.2033795500255822, 0.2786887544439227], [-0.22887542874748845, -0.1598625594260919, -0.39695752343100893]]	0.6887725897367556	0.5270908790841923	[[0.429556454355016, -0.5692437447643941, 0.10358437690113183], [-0.4034194265170607, -0.2235841466596532, 0.30368735466948676], [-0.2946795145819674, -0.04856592699693781, -0.46178678256294947]]	[[0.06315630239248432, 0.013516535759933203, 0.08015225241959775], [0.08097662488468152, 0.06506720649993257, -0.09184841119526763], [0.03015748208083775, 0.17832288307315916, 0.10160479869891229]]	0.6810004221143972	[[0.6325336312706106, -0.6325336312706105, 0.0], [-0.7071067811865475, -0.7071067811865476, 0.0], [0.0, 0.0, -0.8945376399999999]]
3	[[0.08740825448676931, -0.06334395238859675, -0.994156597696443], [0.7119981850616444, -0.6940087028176986, 0.10681996481098455], [-0.6967197295301035, -0.717174639895393, -0.015561310176609944]]	0.709662828228655	0.2903371717713449	[[0.06203038908961071, -0.04495284840327284, -0.7055159828234352], [0.5052786457045159, -0.49251217885690834, 0.07580615833904869], [-0.4944360937410369, -0.5089521832820318, -0.011043283390876367]]	0.8599895699987467	0.22300232126952688	[[0.040170524767528505, -0.03290437230588315, -0.792253737874001], [0.6346418504390055, -0.6399600965969144, 0.07246493074754196], [-0.5834748952592725, -0.5653459361498603, 0.02840485046694157]]	[[-0.034999662422889245, 0.021570766070807258, 0.06271056709038009], [0.022330837427953897, -0.043119850685333846, -0.019399124857537912], [0.01569680534896422, 0.05141677402778467, 0.04178741491434148]]	0.20645859568872715	[[0.0, 0.0, -0.846053699912], [0.7071067811865475, -0.7071067811865476, 0.0], [-0.5982503084557436, -0.5982503084557435, 0.0]]
3	[[-0.42203838922340475, -0.825029846081567, 0.3757783270710803], [0.2588054115689476, 0.28760896992378115, 0.9221175843470338], [-0.8688517462515349, 0.4864224845687207, 0.09214016247897017]]	0.4276180027800315	0.5723819972199686	[[-0.1804712130962139, -0.3527976150153165, 0.16068957771015677], [0.11066985320377742, 0.1229867733004294, 0.3943140797468258], [-0.3715366484440241, 0.20800301135857707, 0.03940079225508482]]	0.6240936461088858	0.6210978129561116	[[-0.10471404737879626, -0.3562184550401386, 0.3157765674639051], [0.14451507432439267, 0.08915433949926539, 0.6342079818964308], [-0.4737606396534131, 0.17692127455317175, -0.030008330631941613]]	[[0.15867742974955948, 0.15867742974955948, 0.08125570119341716], [-0.01700373861438266, -0.09034059119408809, 0.05872025654017225], [0.06848421459277997, -0.12665190739066448, -0.08751242058650727]]	0.6834110666950419	[[0.0, -0.5982503084557435, 0.5982503084557436], [0.0, 0.7071067811865476, 0.7071067811865475], [-0.846053699912, 0.0, 0.0]]
3	[[0.8592155572171323, 0.2624339665249735, -0.4391776855101157], [-0.4266000482917053, 0.8413623931712975, -0.33184593135155627], [0.2824199444684594, 0.4724804086637203, 0.8348660002631537]]	0.5424922837598891	0.45750771624011083	[[0.46611780987674784, 0.14236840183629915, -0.23825050558876507], [-0.23142723444984617, 0.456432606141183, -0.18002385715533317], [0.1532106406540356, 0.25631697592778735, 0.45290836311624244]]	0.7690950980271738	0.41196277289446986	[[0.5046826557121762, 0.20569982688483343, -0.29373079959518134], [-0.35682640065169824, 0.748693546119214, -0.24988104861918387], [0.2448999667952018, 0.32930084452983444, 0.5023162706804802]]	[[-0.15613581749220684, 0.0038631496746489103, 0.04403860549356843], [-0.02873039469239213, 0.10160585386675754, 0.0053400304835600305], [0.027692171919403007, -0.03408152168730872, -0.1397750776314645]]	0.6703768485778328	[[0.846053699912, 0.0, 0.0], [0.0, 0.7071067811865476, -0.7071067811865475], [0.0, 0.5982503084557435, 0.5982503084557436]]
