3	[[0.034229894132735264, 0.2773841392786001, 0.9601491309293217], [-0.1827544195208179, -0.9427759796974285, 0.2788803941677556], [0.9825625356654255, -0.18501754344446375, 0.018422055382213542]]	0.7262035291026177	0.2737964708973823	[[0.024857869920001337, 0.20143734086121146, 0.6972636873456848], [-0.1327169044151183, -0.6846472436094506, 0.20252392644215322], [0.7135403809642488, -0.13436039299526642, 0.013378161631887344]]	0.856659054974467	0.2202445210970011	[[0.009247731022247652, 0.20517278894631327, 0.761804838590758], [-0.16934465637077953, -0.8227752821810149, 0.25851366097555917], [0.7901099825543113, -0.14066866211517323, 0.0]]	[[-0.020075617737377392, -0.032450845672998246, -0.06071560854571061], [-0.012786428051668361, -0.015137702360788464, 0.0196082460569028], [-0.051611110702148306, 0.01782829180565849, -0.015781420554414345]]	0.3824999847739063	[[0.0, 0.0, 0.9021999999999999], [0.0, -1.0, 0.0], [0.9021999999999999, 0.0, 0.0]]
3	[[0.3802729664721569, 0.7767473726770865, -0.5020517802076895], [0.4287143634067757, 0.332951791095048, 0.839849450446521], [0.8195098935212374, -0.5346088512602871, -0.20639019011321075]]	0.4709847086317637	0.5290152913682366	[[0.1791027523144253, 0.3658361350008055, -0.23645871141917693], [0.20191790953539232, 0.1568152023173251, 0.39555624871310163], [0.3859766284209477, -0.2517925940427882, -0.09720662355492486]]	0.6297133927062214	0.5474228541823174	[[0.11017083168301423, 0.38688515846207316, -0.22930935472466535], [0.3027916031849627, 0.14228244260538447, 0.4618908747905147], [0.5386116808145205, -0.26084037763293316, -0.09183086351245624]]	[[-0.12929214818862694, -0.10224306486205881, 0.0868393751041169], [0.032824426902193976, -0.0673817593726912, -0.06697357201261975], [0.022555325408947877, 0.07580997586495794, 0.03813580332501576]]	0.7417288661529784	[[0.0, 0.5192702843379058, -0.5192702843379059], [0.0, 0.7071067811865476, 0.7071067811865475], [0.7343590786479998, 0.0, 0.0]]
3	[[0.8489524140446696, -0.5135124485683378, 0.12483895166604869], [0.522794976890395, 0.7815435453534784, -0.34040431673891397], [0.0772347773085365, 0.35425224329800037, 0.9319550081910795]]	0.6388837038498311	0.3611162961501689	[[0.5423818626771141, -0.3280747351143355, 0.07975757182513522], [0.3340051911898224, 0.4993154349753587, -0.21747877068462843], [0.04934404059289469, 0.22632598529533798, 0.5954108674545165]]	0.8080595554848787	0.28959689405375066	[[0.6322542638597921, -0.3907547066122102, 0.05256041483877829], [0.4765629034411849, 0.6241135203458309, -0.2649208119711552], [0.023781028810503545, 0.2233263894220923, 0.6995955514249178]]	[[-0.05374984646095832, 0.024193934313872508, -0.048316892951687285], [0.05411342680540491, -0.007420209504576775, 0.010146148898025521], [-0.03862927100940607, -0.06293052082681097, -0.05347959822587231]]	0.4614982880117974	[[0.6379517379865032, -0.6379517379865031, 0.0], [0.7071067811865475, 0.7071067811865476, 0.0], [0.0, 0.0, 0.9021999999999999]]
3	[[0.5319609947059123, -0.8460851799387872, 0.03402011756955908], [-0.703274286200726, -0.4190807785627857, 0.5742617690636116], [-0.47161719485230363, -0.3294103357928521, -0.8179645788128509]]	0.4450422302812618	0.5549577697187382	[[0.23674510750655772, -0.3765436354878805, 0.015140388997587309], [-0.31298675683023347, -0.18650864435958972, 0.2555707384693326], [-0.20988956823606164, -0.14660151051895026, -0.3640287804459441]]	0.6484107510059715	0.5684871255130844	[[0.3837808978008907, -0.5135937244282951, 0.08970291605559276], [-0.40554239486031096, -0.2316996648111267, 0.3015643863262365], [-0.2595032020124209, -0.037960071012979164, -0.4288679376108049]]	[[0.03885166971774654, 0.035017002510836406, 0.06764390607300352], [0.050468213218290224, 0.040036817548936364, -0.07079311862631767], [0.04629845748909083, 0.17563313220759333, 0.10150908923351878]]	0.7125385989198589	[[0.5755600580114231, -0.575560058011423, 0.0], [-0.7071067811865475, -0.7071067811865476, 0.0], [0.0, 0.0, -0.8139648399999998]]
3	[[-0.5446221603179724, 0.8109226453022452, -0.2139887049042392], [-0.8354447797583356, -0.5021691245819775, 0.22328947644507607], [0.07361197229480154, 0.30038414347728, 0.9509735242804028]]	0.5049733569508206	0.4950266430491794	[[-0.2750196805655745, 0.4094943304257143, -0.10805859466505224], [-0.4218773549816058, -0.25358202859721596, 0.11275523649226125], [0.03717208476147675, 0.151685989306519, 0.4802162929272277]]	0.7211122402671398	0.39413434279929954	[[-0.44749741176298824, 0.5208360820471425, -0.07416918115389513], [-0.680703473737158, -0.46594006011035516, 0.039605855886311325], [0.09163832120985457, 0.07684808881123872, 0.6771106592884927]]	[[-0.05476370563696585, -0.06393016339011472, 0.08014069323146467], [-0.07825401698613736, -0.10381975769005683, -0.12141091870107423], [0.03855582695786758, -0.1397625938323886, -0.008647989240085877]]	0.45057016833966174	[[-0.5755600580114231, 0.575560058011423, 0.0], [-0.7071067811865475, -0.7071067811865476, 0.0], [0.0, 0.0, 0.8139648399999998]]
3	[[0.8787972042104137, -0.3840163418041313, 0.28327887866788265], [-0.395223040501579, -0.9183905790867732, -0.018907472103605397], [0.2674214316928388, -0.09534250611366366, -0.9588511794847616]]	0.5526421427455557	0.4473578572544444	[[0.48566036997364675, -0.21222361398394485, 0.15655184650157694], [-0.21841690796520621, -0.5075413375038462, -0.010449065897238298], [0.14778835302681467, -0.05269028687338634, -0.5299015704045622]]	0.7821430445134969	0.3791465801849567	[[0.5413719607447363, -0.22749429165037158, 0.22028918949571177], [-0.3455757069296762, -0.8462836078776904, -0.025528491691064265], [0.19800773760309084, -0.07457147800328759, -0.6269961160462327]]	[[-0.14597316006634614, 0.0728614190712474, -0.0012754151119554972], [-0.03645475476989002, -0.12797080429824814, -0.01074014389589633], [-0.011154075149304221, 0.0, 0.12296266471133632]]	0.5167477375066649	[[0.9021999999999999, 0.0, 0.0], [0.0, -1.0, 0.0], [0.0, 0.0, -0.9021999999999999]]
3	[[-0.42203838922340475, -0.825029846081567, 0.3757783270710803], [0.2588054115689476, 0.28760896992378115, 0.9221175843470338], [-0.8688517462515349, 0.4864224845687207, 0.09214016247897017]]	0.3894951523282021	0.610504847671798	[[-0.16438190669891908, -0.32134512557485306, 0.14636383674418738], [0.10080345320241033, 0.11202229955142042, 0.3591603289797617], [-0.338413543256866, 0.18945919972295644, 0.03588814662029176]]	0.5810562457128922	0.6557285870305858	[[-0.08219714602393637, -0.3163578490003091, 0.2672443614124324], [0.16377237378045006, 0.07889584824021963, 0.6115799104107468], [-0.4201919913961894, 0.16370241561831012, -0.02720556922322745]]	[[0.16303089596493153, 0.1630308959649315, 0.048896017464239265], [0.013391872964017504, -0.08822114005704472, 0.07577772874421816], [0.08465974236181781, -0.118936407095528, -0.08074418611263373]]	0.7177070246194798	[[0.0, -0.5192702843379058, 0.5192702843379059], [0.0, 0.7071067811865476, 0.7071067811865475], [-0.7343590786479998, 0.0, 0.0]]
3	[[0.8592155572171323, 0.2624339665249735, -0.4391776855101157], [-0.4266000482917053, 0.8413623931712975, -0.33184593135155627], [0.2824199444684594, 0.4724804086637203, 0.8348660002631537]]	0.4773285998144007	0.5226714001855994	[[0.4101281588652038, 0.1252672377851049, -0.20963206969427267], [-0.20362840373183538, 0.4016063330689487, -0.15839955376614406], [0.13480711665279055, 0.22552841190718942, 0.3985054189382603]]	0.7255616664308121	0.4797274596123361	[[0.4392293183727456, 0.17342466493025405, -0.28046136891590984], [-0.3486647965623928, 0.749564261941791, -0.255940558760651], [0.23287503235104673, 0.3028358520386692, 0.43321178611450095]]	[[-0.18418455314499582, -0.016987361149653726, 0.0381891244420369], [-0.039140154624398224, 0.13910396188020843, -0.01516587181093101], [0.02796194680921388, -0.0399778206272908, -0.17253498028285966]]	0.6902731326758506	[[0.6379517379865032, 0.6379517379865031, 0.0], [-0.7071067811865475, 0.7071067811865476, 0.0], [0.0, 0.0, 0.9021999999999999]]
3	[[-0.8305561570912853, 0.32773595720904825, 0.4502950280316503], [-0.5100865793185324, -0.772219296347621, -0.37879947194723407], [0.22358030216652452, -0.5443036842615101, 0.808545204538665]]	0.4382728986750545	0.5617271013249455	[[-0.36401025448081153, 0.14363778796605314, 0.19735210719439628], [-0.22355712369317624, -0.3384427894230827, -0.16601754258689422], [0.09798918711716725, -0.23855355346080365, 0.3543634505029755]]	0.6681352016907931	0.5466821650225618	[[-0.41721892843808556, 0.09547823610275033, 0.2459951317736297], [-0.5419486640472932, -0.5929377061665998, -0.2667730634131032], [0.19421015577913386, -0.30025740054159866, 0.37561988081502357]]	[[0.1377048770956303, -0.12349369376844227, -0.05486282760065836], [-0.2011418644945389, -0.0769908108518598, -0.013683801823272026], [0.04482828549701458, 0.0634110513235072, -0.164597632495541]]	0.6903697829618943	[[-0.5755600580114231, 0.575560058011423, 0.0], [-0.7071067811865475, -0.7071067811865476, 0.0], [0.0, 0.0, 0.8139648399999998]]
3	[[0.22433838825039393, -0.7661379269479729, -0.6022499185961573], [-0.9416906372873723, -0.011392912655017143, -0.3362869982418849], [0.2507808429735371, 0.642575192824231, -0.724020780340167]]	0.4040212881558966	0.5959787118441034	[[0.09063748460374181, -0.3095360321506082, -0.24332178790300335], [-0.38046306432119137, -0.004602979246727679, -0.13586710621976605], [0.10132079922299007, 0.25961405714186947, -0.2925198083246717]]	0.6250369915007352	0.583157048006508	[[0.24743298504320685, -0.38148077784818013, -0.23928603679474353], [-0.6908870104482727, -0.04753777563467795, -0.0408197405992827], [0.22037360466554556, 0.22037360466554554, -0.45399452893439607]]	[[0.10721319377305676, 0.09738376708599089, 0.13714244045616136], [-0.10229552759376337, -0.04041678378435546, 0.16937207306263813], [0.06362630104734768, -0.18125966067031665, -0.0014547586065634457]]	0.7347405959949627	[[1.4663201940432522e-16, -0.7343590786479998, 0.0], [-1.0, -1.7938038903913487e-16, 0.0], [0.0, 0.0, -0.7343590786479998]]
3	[[0.08740825448676931, -0.06334395238859675, -0.994156597696443], [0.7119981850616444, -0.6940087028176986, 0.10681996481098455], [-0.6967197295301035, -0.717174639895393, -0.015561310176609944]]	0.5821724428259538	0.4178275571740461	[[0.05088667703771512, -0.03687710350032027, -0.5787705750324774], [0.4145057226849831, -0.40403274186185123, 0.0621876398565933], [-0.4056110269055782, -0.4175193120407246, -0.009059365959089377]]	0.7983757275088768	0.3238450683676438	[[0.034767340908219604, -0.02749215134428207, -0.6882041157941647], [0.6361927346683449, -0.6401525533848361, 0.07091404651820253], [-0.5060736837634947, -0.4917781329936237, 0.024584222520026545]]	[[-0.03501728785793589, 0.023080122727251507, 0.10550638114948258], [0.06775066568475487, -0.08607285037526428, -0.01436842060023986], [0.050170437169889476, 0.08079669188377733, 0.0370079948532688]]	0.29958175685363986	[[0.0, 0.0, -0.7343590786479998], [0.7071067811865475, -0.7071067811865476, 0.0], [-0.5192702843379059, -0.5192702843379058, 0.0]]
3	[[-0.30792515101507295, 0.09349718223056193, 0.9468053539599837], [0.3027085282091916, -0.9338174967034747, 0.1906631317268273], [0.9019698710720718, 0.34531602882779927, 0.2592434992682147]]	0.5689301395995606	0.43106986040043965	[[-0.17518789915322122, 0.05319336493859917, 0.5386661022020647], [0.1722200052120329, -0.5312769187600201, 0.10847400214983326], [0.5131578446636313, 0.19646069648696574, 0.14749144022894398]]	0.7846808528964543	0.3188074402564418	[[-0.16555464852876423, 0.0703767372028112, 0.7131692143828413], [0.2597769632175676, -0.8362584661639398, 0.1355300684932219], [0.657895057076869, 0.23297135644460504, 0.09517791132595305]]	[[0.07606832159801272, -0.002988711493281348, -0.029770818289407946], [0.02224737712334879, -0.1035097564010255, -0.014079640326093957], [-0.04986343064286917, -0.037991519574809056, -0.10824549878769099]]	0.4872876804245179	[[0.0, 0.0, 0.9021999999999999], [0.0, -1.0, 0.0], [0.9021999999999999, 0.0, 0.0]]
3	[[0.04673222253661188, -0.9725397674033924, -0.22799671093185395], [-0.8377629715199755, -0.16246744520517667, 0.5213036857710898], [-0.5440306084466285, 0.16664552219444034, -0.8223502702654952]]	0.4864597560480617	0.5135402439519382	[[0.022733345574743963, -0.4731014579980931, -0.1109112243796701], [-0.4075379707517065, -0.07903387376026204, 0.25359326380715974], [-0.2646489970676256, 0.08106634007320931, -0.4000403118594104]]	0.6787591164983835	0.49669674807086617	[[-9.848521385611154e-17, -0.6637344061015998, -0.09944855770214575], [-0.6716487589558936, -0.13542224858884644, 0.23217938915330621], [-0.24112771484607726, 0.0, -0.4932313638019225]]	[[-0.03171992208095652, -0.0036141728193299777, 0.05530628837449674], [-0.10300950457193447, -0.0251459890216313, -0.12166024002802957], [0.12813802029123422, -0.11311216741311007, 0.06494637909569198]]	0.7001323629127928	[[1.4663201940432522e-16, -0.7343590786479998, 0.0], [-1.0, -1.7938038903913487e-16, 0.0], [0.0, 0.0, -0.7343590786479998]]
3	[[-0.3195682178843842, -0.5708200961323295, -0.7563336379995778], [0.910087742671785, 0.03735879733279218, -0.41272826520656647], [0.2638493031197415, -0.8202248094963509, 0.507557688474819]]	0.3917109495008264	0.6082890504991735	[[-0.12517837005777907, -0.22359648185014783, -0.296264167480229], [0.35649133381102877, 0.014633849975436986, -0.16167018064989305], [0.1033526610501653, -0.32129103893195, 0.19881590407891597]]	0.5976986314912015	0.6208687092756133	[[-0.2551891980999573, -0.2551891980999573, -0.3464491376796923], [0.6113044050480803, -0.09515470695909634, -0.05611973263434551], [0.2044160268168612, -0.3153298792628762, 0.31967998977274403]]	[[-0.06418371160237879, 0.08598919218601214, 0.10561044270341705], [0.06734620671623762, -0.1174840089990633, 0.19056738665735692], [0.04671365942228454, 0.17491736688822418, 0.016313453968507186]]	0.9388301664830843	[[-1.4663201940432522e-16, -0.7343590786479998, 0.0], [1.0, -1.7938038903913487e-16, 0.0], [0.0, 0.0, 0.7343590786479998]]
