3	[[0.22433838825039393, -0.7661379269479729, -0.6022499185961573], [-0.9416906372873723, -0.011392912655017143, -0.3362869982418849], [0.2507808429735371, 0.642575192824231, -0.724020780340167]]	0.4148572808885143	0.5851427191114857	[[0.09306841374847025, -0.31783789715919925, -0.24984776364413094], [-0.3906672172232114, -0.004726432765460814, -0.139511109688789], [0.10403825861493106, 0.2665769972614732, -0.30036529223870206]]	0.6348696947682765	0.5749569076752593	[[0.2561257309966044, -0.38475356187407916, -0.25044564127827806], [-0.687602505057733, -0.048170122816565665, -0.040653443985630575], [0.2294929794047744, 0.2294929794047743, -0.4601484197143781]]	[[0.11370008692326974, 0.10164418995778057, 0.13190458071508374], [-0.08975165759695515, -0.04093710783675333, 0.17284497994273482], [0.07027982217243381, -0.17845853712921164, -0.0004895678939268906]]	0.7331145707586065	[[1.5076595579845937e-16, -0.7550625630160002, 0.0], [-1.0, -1.7938038903913487e-16, 0.0], [0.0, 0.0, -0.7550625630160002]]
3	[[0.8787972042104137, -0.3840163418041313, 0.28327887866788265], [-0.395223040501579, -0.9183905790867732, -0.018907472103605397], [0.2674214316928388, -0.09534250611366366, -0.9588511794847616]]	0.565309961457503	0.43469003854249716	[[0.4967928136411503, -0.21708826338434473, 0.16014037198146536], [-0.22342352179306477, -0.5191753428664777, -0.010688582326147972], [0.15117599924318895, -0.053898068456376944, -0.5420481233180119]]	0.7887922607316511	0.3704866714397703	[[0.54863585482914, -0.23164692706892143, 0.2234084578593887], [-0.3455392503406522, -0.8467154131353019, -0.02452247817085912], [0.20067990548569653, -0.07520543094121801, -0.636164596616865]]	[[-0.14455257860464654, 0.07126219134065771, -3.972926257749714e-05], [-0.033790374730174814, -0.12229603202279589, -0.009608410505535594], [-0.010260050187392532, 0.0, 0.12016979295413034]]	0.514335629787366	[[0.9106000000000001, 0.0, 0.0], [0.0, -1.0, 0.0], [0.0, 0.0, -0.9106000000000001]]
3	[[0.8489524140446696, -0.5135124485683378, 0.12483895166604869], [0.522794976890395, 0.7815435453534784, -0.34040431673891397], [0.0772347773085365, 0.35425224329800037, 0.9319550081910795]]	0.6552345805257775	0.34476541947422257	[[0.5562629789029053, -0.33647111383243977, 0.08179879812818125], [0.34255334738376164, 0.5120943571023152, -0.2230446796875862], [0.05060689691176076, 0.23211832003768093, 0.6106491488609795]]	0.8168114342125588	0.2760871212094975	[[0.6456599181547149, -0.3995385232071144, 0.051062453323161644], [0.4765288000531246, 0.6253232435630581, -0.26445383159592256], [0.025645080521678278, 0.22509656068570236, 0.7134218250508814]]	[[-0.04777412073932565, 0.01990431639399239, -0.05090742983277588], [0.04950388518015951, -0.013050460616684446, 0.01359230657173584], [-0.037441168702795014, -0.06426072223555362, -0.0478096818112512]]	0.45818298685183284	[[0.6438914349484702, -0.6438914349484701, 0.0], [0.7071067811865475, 0.7071067811865476, 0.0], [0.0, 0.0, 0.9106000000000001]]
3	[[0.034229894132735264, 0.2773841392786001, 0.9601491309293217], [-0.1827544195208179, -0.9427759796974285, 0.2788803941677556], [0.9825625356654255, -0.18501754344446375, 0.018422055382213542]]	0.7439340483114475	0.2560659516885526	[[0.025464783715438, 0.20635550567091537, 0.7142876299549684], [-0.1359572351609307, -0.701363151227099, 0.2074686206279107], [0.7309617248767409, -0.13764085010327903, 0.013704794238707806]]	0.8643188729765111	0.20874770809902668	[[0.009230763297813277, 0.20869375917130767, 0.7730514772562606], [-0.1687812024771654, -0.8232877429651768, 0.25783992509386516], [0.8019005921567326, -0.1428693420651384, 0.0]]	[[-0.020354780221097758, -0.031054587471531572, -0.056823537477947494], [-0.010823108565455583, -0.008428670723769335, 0.016798337111545443], [-0.0473467512985509, 0.017044812565663172, -0.015922530145865678]]	0.3784329404992405	[[0.0, 0.0, 0.9106000000000001], [0.0, -1.0, 0.0], [0.9106000000000001, 0.0, 0.0]]
3	[[0.3802729664721569, 0.7767473726770865, -0.5020517802076895], [0.4287143634067757, 0.332951791095048, 0.839849450446521], [0.8195098935212374, -0.5346088512602871, -0.20639019011321075]]	0.482804319037226	0.5171956809627744	[[0.18359743062585562, 0.3750169863293151, -0.2423927678646006], [0.20698514628608622, 0.16075056277186928, 0.40548294201662094], [0.3956629160857905, -0.25811146238399657, -0.09964607519357234]]	0.6391415602692067	0.532646180083018	[[0.11729749654851901, 0.40130459454404993, -0.23160653896393416], [0.3015094724838289, 0.1401234672826034, 0.46767126717864116], [0.5497381519340586, -0.2632791619570137, -0.09330224390828161]]	[[-0.12575076057069512, -0.09514693316379011, 0.08927561917394125], [0.0275003053462027, -0.0726798599723125, -0.06911142097098416], [0.025955319932843605, 0.07841157337121449, 0.038610304224934125]]	0.7343110934131504	[[0.0, 0.5339098585287085, -0.5339098585287086], [0.0, 0.7071067811865476, 0.7071067811865475], [0.7550625630160002, 0.0, 0.0]]
3	[[-0.3195682178843842, -0.5708200961323295, -0.7563336379995778], [0.910087742671785, 0.03735879733279218, -0.41272826520656647], [0.2638493031197415, -0.8202248094963509, 0.507557688474819]]	0.3997282523095895	0.6002717476904105	[[-0.12774044522861502, -0.228172919410168, -0.30232792328052494], [0.3637877828265721, 0.01493336676622517, -0.16497914812978962], [0.10546802080915743, -0.3278670296009424, 0.2028851477603345]]	0.6060464616602026	0.6136243456768614	[[-0.26056643448817307, -0.260566434488173, -0.35535541829487255], [0.6106425522973984, -0.09632731592627683, -0.05650743699940103], [0.20990248246927554, -0.32411075391208954, 0.325829935342142]]	[[-0.06689324678028538, 0.08537706501736192, 0.10301790684936005], [0.05908709605084202, -0.11896848286169612, 0.19362506775619226], [0.04999754590204601, 0.1729835896490877, 0.01822639415354653]]	0.941717937439192	[[-1.5076595579845937e-16, -0.7550625630160002, 0.0], [1.0, -1.7938038903913487e-16, 0.0], [0.0, 0.0, 0.7550625630160002]]
3	[[0.04673222253661188, -0.9725397674033924, -0.22799671093185395], [-0.8377629715199755, -0.16246744520517667, 0.5213036857710898], [-0.5440306084466285, 0.16664552219444034, -0.8223502702654952]]	0.4954993573047279	0.5045006426952722	[[0.02315578623231271, -0.48189282970167036, -0.11297222373432543], [-0.41511101396184685, -0.0805025146821061, 0.25830564126016076], [-0.26956681683940453, 0.08257274914505595, -0.4074740303959221]]	0.6883402812621526	0.48292837572169783	[[-1.0132668364211056e-16, -0.6825420215757586, -0.10266786442230992], [-0.6720793371784931, -0.13597265902340103, 0.23187492437227486], [-0.2476006161359126, 0.0, -0.5074619468800876]]	[[-0.03216767120485692, -0.013103724542679126, 0.05427145570736816], [-0.09541333773141654, -0.02413977209492646, -0.12695940131439398], [0.12687756589745977, -0.11470882561839936, 0.05859486945047063]]	0.691360584701163	[[1.5076595579845937e-16, -0.7550625630160002, 0.0], [-1.0, -1.7938038903913487e-16, 0.0], [0.0, 0.0, -0.7550625630160002]]
3	[[0.5319609947059123, -0.8460851799387872, 0.03402011756955908], [-0.703274286200726, -0.4190807785627857, 0.5742617690636116], [-0.47161719485230363, -0.3294103357928521, -0.8179645788128509]]	0.45283058389240716	0.547169416107593	[[0.24088820784066395, -0.3831332460543933, 0.015405349703111776], [-0.3184641056567905, -0.18977259365467086, 0.2600432921921619], [-0.21356268971866782, -0.14916707469727114, -0.3703993778271301]]	0.6563649354746904	0.5587106151014032	[[0.39066932045503316, -0.5257988072946606, 0.09180266893555587], [-0.40598212659137844, -0.2337989206413303, 0.30112465459516896], [-0.2675148006799166, -0.038206423857399405, -0.4378705798183905]]	[[0.04150877648983499, 0.029541837241953407, 0.06947305666217082], [0.05562245489176999, 0.041271007538715605, -0.07580063440184996], [0.04203818898807013, 0.1780069699399721, 0.09901268817468874]]	0.7063852425679243	[[0.5863275406640771, -0.586327540664077, 0.0], [-0.7071067811865475, -0.7071067811865476, 0.0], [0.0, 0.0, -0.8291923600000002]]
3	[[0.08740825448676931, -0.06334395238859675, -0.994156597696443], [0.7119981850616444, -0.6940087028176986, 0.10681996481098455], [-0.6967197295301035, -0.717174639895393, -0.015561310176609944]]	0.6058265671200136	0.3941734328799867	[[0.052954242753671964, -0.03837544922339716, -0.6022864787621482], [0.4313474162515762, -0.42044890997946005, 0.06471437258131942], [-0.4220913219860071, -0.434483450113358, -0.00942745512418535]]	0.8102193536826778	0.3051690108899469	[[0.03589373243152059, -0.028258389807773218, -0.7074638222752743], [0.6360675136615592, -0.639878705401559, 0.07103926752498824], [-0.5202341652334903, -0.5056514687209354, 0.025380701604423718]]	[[-0.03492612702528065, 0.02306410635622195, 0.09802109376970793], [0.059192804337674106, -0.07757942275444953, -0.015508335324574029], [0.044261643724360214, 0.07541730449271719, 0.037988776278172307]]	0.28149905871089487	[[0.0, 0.0, -0.7550625630160002], [0.7071067811865475, -0.7071067811865476, 0.0], [-0.5339098585287086, -0.5339098585287085, 0.0]]
3	[[-0.30792515101507295, 0.09349718223056193, 0.9468053539599837], [0.3027085282091916, -0.9338174967034747, 0.1906631317268273], [0.9019698710720718, 0.34531602882779927, 0.2592434992682147]]	0.5850374355230915	0.41496256447690844	[[-0.18014774068291894, 0.05469935172080309, 0.553916576220282], [0.17709582105447483, -0.5463181935179937, 0.1115450696342645], [0.5276861402910985, 0.20202280395043362, 0.15166715198790878]]	0.7918844575206905	0.3115847846119716	[[-0.1750620271188886, 0.06928529022087401, 0.716197684289184], [0.26109158183467207, -0.8380999808427458, 0.1297696401632346], [0.6580389392899069, 0.23839182805116932, 0.1057767368980146]]	[[0.06877911404965908, -0.004753675209487681, -0.0335627598091031], [0.021381403186849716, -0.09862441904238564, -0.021213530473459995], [-0.056216982764008036, -0.03505856811033159, -0.09951416088576112]]	0.4849639928437081	[[0.0, 0.0, 0.9106000000000001], [0.0, -1.0, 0.0], [0.9106000000000001, 0.0, 0.0]]
3	[[-0.42203838922340475, -0.825029846081567, 0.3757783270710803], [0.2588054115689476, 0.28760896992378115, 0.9221175843470338], [-0.8688517462515349, 0.4864224845687207, 0.09214016247897017]]	0.3967729513096333	0.6032270486903669	[[-0.16745341725813404, -0.3273495269483159, 0.14909867587018916], [0.10268698696311565, 0.11411545981978213, 0.36587131539588236], [-0.34473687161075023, 0.1929992847856959, 0.03655872420093014]]	0.589431248261991	0.6488128093094397	[[-0.08628216283814671, -0.32381792029297163, 0.2761223816876264], [0.16000479101310303, 0.08085729459290769, 0.615963432949693], [-0.4301827277377521, 0.16629832348157153, -0.027764966880018307]]	[[0.16248045173628473, 0.16248045173628473, 0.05462689329231682], [0.007456794215059903, -0.08866841956061211, 0.07243851416368903], [0.0819456416099009, -0.12041428878046852, -0.08207525786506037]]	0.7106475083222094	[[0.0, -0.5339098585287085, 0.5339098585287086], [0.0, 0.7071067811865476, 0.7071067811865475], [-0.7550625630160002, 0.0, 0.0]]
3	[[-0.8305561570912853, 0.32773595720904825, 0.4502950280316503], [-0.5100865793185324, -0.772219296347621, -0.37879947194723407], [0.22358030216652452, -0.5443036842615101, 0.808545204538665]]	0.44735260011418376	0.5526473998858162	[[-0.37155145641563103, 0.14661353260837856, 0.20144065160844804], [-0.22818855754149536, -0.34545431007945365, -0.16945692869747497], [0.10001922950850964, -0.24349566840611628, 0.36170479956022633]]	0.6774776660471693	0.536588246989004	[[-0.42849025354283365, 0.10115031636312, 0.24664754407041076], [-0.5429362270582186, -0.5942237277101808, -0.26909238193045004], [0.19847934425643163, -0.304270619582108, 0.3862275188719736]]	[[0.1341929932844764, -0.120883475006601, -0.05841728055311637], [-0.19736396181951504, -0.07106240114400716, -0.012464199775737707], [0.04700868297053373, 0.06448297005225527, -0.16154379919251224]]	0.6881867595730433	[[-0.5863275406640771, 0.586327540664077, 0.0], [-0.7071067811865475, -0.7071067811865476, 0.0], [0.0, 0.0, 0.8291923600000002]]
3	[[-0.5446221603179724, 0.8109226453022452, -0.2139887049042392], [-0.8354447797583356, -0.5021691245819775, 0.22328947644507607], [0.07361197229480154, 0.30038414347728, 0.9509735242804028]]	0.5178119432252457	0.4821880567747543	[[-0.28201185915778054, 0.41990543076931225, -0.11080590711471774], [-0.4326032848640512, -0.2600291702275142, 0.11562195769977254], [0.0381171584186141, 0.15554249704802137, 0.4924254485633957]]	0.7295239269042776	0.3843476789120784	[[-0.45832850424724264, 0.529067073445679, -0.07760254742864113], [-0.6808265657987349, -0.4678702241691375, 0.03838174839950069], [0.09396741403080901, 0.07928944890997973, 0.6899323346074995]]	[[-0.06101360717298432, -0.0625203991708194, 0.07850733288626008], [-0.07134960935775454, -0.10152583243400982, -0.12451326729311138], [0.04026571893513651, -0.13984797101934354, -0.0038256052075404416]]	0.44335256833518155	[[-0.5863275406640771, 0.586327540664077, 0.0], [-0.7071067811865475, -0.7071067811865476, 0.0], [0.0, 0.0, 0.8291923600000002]]
3	[[0.8592155572171323, 0.2624339665249735, -0.4391776855101157], [-0.4266000482917053, 0.8413623931712975, -0.33184593135155627], [0.2824199444684594, 0.4724804086637203, 0.8348660002631537]]	0.48934336254966165	0.5106566374503384	[[0.4204514299236128, 0.12842031962657582, -0.21490868538429783], [-0.20875390209491107, 0.41171510259727323, -0.16238660389599477], [0.13820032527728468, 0.23120515191434318, 0.4085361358471583]]	0.7341141189264137	0.4668472768056154	[[0.45138332050672647, 0.18025711451556997, -0.2833133143214808], [-0.3505978545397571, 0.7496061602880666, -0.2539063492274678], [0.23557292621287806, 0.3069706712584715, 0.4466372348758867]]	[[-0.1793789512475964, -0.012399365596274924, 0.03909322532891941], [-0.03742473595412636, 0.1319501483273008, -0.010293565714004905], [0.02824445751216829, -0.03988386765768743, -0.1662496833289175]]	0.6897587378520625	[[0.6438914349484702, 0.6438914349484701, 0.0], [-0.7071067811865475, 0.7071067811865476, 0.0], [0.0, 0.0, 0.9106000000000001]]
