3	[[-0.5446221603179724, 0.8109226453022452, -0.2139887049042392], [-0.8354447797583356, -0.5021691245819775, 0.22328947644507607], [0.07361197229480154, 0.30038414347728, 0.9509735242804028]]	0.5107546736044422	0.48924532639555784	[[-0.27816831373095213, 0.41418253101979907, -0.10929573112840198], [-0.42670732580000376, -0.2564852273200964, 0.11404614366101158], [0.03759765888281058, 0.15342260515768805, 0.48571417200030326]]	0.7249793351340393	0.3896142344335104	[[-0.4521730352675457, 0.5249049926378989, -0.07544370087449874], [-0.680656696556478, -0.466813484797099, 0.03935643733996386], [0.0927293425100814, 0.07776434118610862, 0.6829327027611739]]	[[-0.057333223580958, -0.06299716759845911, 0.07969368813317074], [-0.07497649558607603, -0.10275124673281444, -0.12252381883561511], [0.039362183777890865, -0.14000795543685768, -0.0065034506017066585]]	0.4472848713389061	[[-0.5804187018420409, 0.5804187018420408, 0.0], [-0.7071067811865475, -0.7071067811865476, 0.0], [0.0, 0.0, 0.8208359999999999]]
3	[[0.8489524140446696, -0.5135124485683378, 0.12483895166604869], [0.522794976890395, 0.7815435453534784, -0.34040431673891397], [0.0772347773085365, 0.35425224329800037, 0.9319550081910795]]	0.6462185297161185	0.3537814702838816	[[0.548608780802896, -0.3318412595047551, 0.08067324379693558], [0.3378398013090832, 0.5050479207874475, -0.21997557707204088], [0.04991054423527429, 0.2289243638126705, 0.6022465951548124]]	0.812031260983007	0.2834754363977595	[[0.6383060959319456, -0.3947210216583617, 0.05189532636501468], [0.47654808241531615, 0.6246614258562434, -0.2647086831037122], [0.024617211628651454, 0.22413598417969474, 0.705843268369048]]	[[-0.05106980335931534, 0.02226713948305721, -0.04947780497616352], [0.05202221809542669, -0.009976364790271565, 0.011710263461847021], [-0.038099841980941185, -0.06352791165163948, -0.050933332111782956]]	0.45999080012191623	[[0.6406387437550121, -0.640638743755012, 0.0], [0.7071067811865475, 0.7071067811865476, 0.0], [0.0, 0.0, 0.9059999999999999]]
3	[[-0.3195682178843842, -0.5708200961323295, -0.7563336379995778], [0.910087742671785, 0.03735879733279218, -0.41272826520656647], [0.2638493031197415, -0.8202248094963509, 0.507557688474819]]	0.39536169051591014	0.6046383094840899	[[-0.1263450308579268, -0.22568039818733218, -0.29902534571356154], [0.35981382846052545, 0.014770237269134012, -0.16317694465576701], [0.10431590652286576, -0.3242854672855677, 0.20066886574975207]]	0.6014822394066638	0.6175542747995723	[[-0.2576150909454239, -0.25761509094542384, -0.35045830595075594], [0.6110039113058313, -0.09569138238266234, -0.0562957577931468], [0.20688437922415343, -0.3192809786040046, 0.3224568717996275]]	[[-0.06540048360912783, 0.0857230587745768, 0.10446294437181905], [0.06360229778705034, -0.11816203546392985, 0.19195296342972623], [0.048183709517803715, 0.17406967662876466, 0.017169936707723606]]	0.9400799426485175	[[-1.4849264408119323e-16, -0.7436774159999998, 0.0], [1.0, -1.7938038903913487e-16, 0.0], [0.0, 0.0, 0.7436774159999998]]
3	[[0.034229894132735264, 0.2773841392786001, 0.9601491309293217], [-0.1827544195208179, -0.9427759796974285, 0.2788803941677556], [0.9825625356654255, -0.18501754344446375, 0.018422055382213542]]	0.7341372886851931	0.2658627113148069	[[0.02512944167058747, 0.20363803993426746, 0.7048812797138967], [-0.1341668340422496, -0.6921270015725969, 0.2047364964417741], [0.721335795897064, -0.13582827770351352, 0.01352431779030672]]	0.8601397780075289	0.21504806544739472	[[0.009240319048224106, 0.20676153890665858, 0.7668869020405333], [-0.16908813474717596, -0.8230089526350866, 0.2582060522198171], [0.7954372425764366, -0.14166238504493942, 0.0]]	[[-0.020202174492328022, -0.03182759307524602, -0.058975558291135356], [-0.011893788910644855, -0.012089830747309682, 0.01832993188971156], [-0.04970387872933725, 0.017478563700879968, -0.015845542626899564]]	0.3806535794602452	[[0.0, 0.0, 0.9059999999999999], [0.0, -1.0, 0.0], [0.9059999999999999, 0.0, 0.0]]
3	[[-0.42203838922340475, -0.825029846081567, 0.3757783270710803], [0.2588054115689476, 0.28760896992378115, 0.9221175843470338], [-0.8688517462515349, 0.4864224845687207, 0.09214016247897017]]	0.3927833320311226	0.6072166679688774	[[-0.16576964476421674, -0.3240579719690422, 0.14759946341205982], [0.10165445190373729, 0.11296800952870169, 0.36219241730431767], [-0.3412704839337374, 0.19105864426375943, 0.036191120032378926]]	0.5848496482389467	0.6525878523538668	[[-0.08403044166013993, -0.3197198534469369, 0.2712333650793068], [0.16206471486301566, 0.07978210372141109, 0.6135642077121992], [-0.4246925106232451, 0.16487938468177132, -0.02745964228135146]]	[[0.1627985618205, 0.1627985618205, 0.05145954267596562], [0.010702460944580841, -0.08842590116887802, 0.07426406287188927], [0.08345512754375975, -0.1196046343137594, -0.08134778389585656]]	0.7144915838053598	[[0.0, -0.5258593438688889, 0.525859343868889], [0.0, 0.7071067811865476, 0.7071067811865475], [-0.7436774159999998, 0.0, 0.0]]
3	[[-0.8305561570912853, 0.32773595720904825, 0.4502950280316503], [-0.5100865793185324, -0.772219296347621, -0.37879947194723407], [0.22358030216652452, -0.5443036842615101, 0.808545204538665]]	0.4423542377855579	0.5576457622144421	[[-0.36740003580821756, 0.14497538954612874, 0.19918991390356705], [-0.22563895999909192, -0.3415944782391517, -0.16756355168679055], [0.09890169414873767, -0.24077504137537126, 0.3576633976688691]]	0.6723610584922838	0.5421192686984089	[[-0.42229004494348604, 0.09802286616050654, 0.24631111546245169], [-0.5423923810621054, -0.5935240484197798, -0.267820467145412], [0.19613095425688098, -0.30207222667200245, 0.380392688232972]]	[[0.13614357197569418, -0.12233402893455099, -0.056449726218721324], [-0.19943002866878864, -0.07431386493932665, -0.01313045323065159], [0.04580426563417194, 0.06389637461931624, -0.16324162132950482]]	0.6893529005144794	[[-0.5804187018420409, 0.5804187018420408, 0.0], [-0.7071067811865475, -0.7071067811865476, 0.0], [0.0, 0.0, 0.8208359999999999]]
3	[[0.22433838825039393, -0.7661379269479729, -0.6022499185961573], [-0.9416906372873723, -0.011392912655017143, -0.3362869982418849], [0.2507808429735371, 0.642575192824231, -0.724020780340167]]	0.4089018727702167	0.5910981272297833	[[0.09173238708983805, -0.3132752331293176, -0.24626111958967922], [-0.38505906515698546, -0.004658583320944091, -0.13750838336938132], [0.10254475634677297, 0.26275019974151115, -0.296053453005648]]	0.6294948044356354	0.5794268076167087	[[0.2513424226052387, -0.38298341334426655, -0.2442957832512608], [-0.6893957692498847, -0.04781732357133665, -0.040745596923471926], [0.22447123804939384, 0.22447123804939378, -0.4567912733536412]]	[[0.1101225727661513, 0.09929643115057077, 0.13481741147680465], [-0.09660640569180129, -0.04064554424761432, 0.1709453212690503], [0.06660600034556327, -0.1800265072926863, -0.001023953826071556]]	0.7339456273873922	[[-1.4849264408119323e-16, -0.7436774159999998, 0.0], [-1.0, 1.7938038903913487e-16, 0.0], [0.0, 0.0, -0.7436774159999998]]
3	[[-0.30792515101507295, 0.09349718223056193, 0.9468053539599837], [0.3027085282091916, -0.9338174967034747, 0.1906631317268273], [0.9019698710720718, 0.34531602882779927, 0.2592434992682147]]	0.5760974283220635	0.42390257167793693	[[-0.17739488761546657, 0.05386348623838607, 0.5454521295379074], [0.17438960463247205, -0.5379698583730185, 0.10984053986365602], [0.5196225231486037, 0.19893567616608265, 0.14934951323763124]]	0.7879490922402131	0.3169699848772243	[[-0.1739126775653041, 0.06768892543798993, 0.7100877127058496], [0.2611314749103128, -0.8385179870498477, 0.1287205908332526], [0.6522493013556754, 0.23536087348457108, 0.10622375212731416]]	[[0.06871666565495319, -0.005982094427599139, -0.03594670647509329], [0.02261256489450931, -0.10271733820431646, -0.02151225073457719], [-0.05845703978358564, -0.036730577966288626, -0.098046927790252]]	0.48622529534113235	[[0.0, 0.0, 0.9059999999999999], [0.0, -1.0, 0.0], [0.9059999999999999, 0.0, 0.0]]
3	[[0.8592155572171323, 0.2624339665249735, -0.4391776855101157], [-0.4266000482917053, 0.8413623931712975, -0.33184593135155627], [0.2824199444684594, 0.4724804086637203, 0.8348660002631537]]	0.48273425193842956	0.5172657480615706	[[0.4147727792670732, 0.12668586451366795, -0.21200611148277654], [-0.20593445518899428, 0.4061544454766731, -0.16019339742980496], [0.13633378062547455, 0.22808247663184456, 0.4030184141058622]]	0.7294441458627983	0.47392333375851087	[[0.4446989659824211, 0.17646079573461892, -0.28179006834288306], [-0.34948192682836804, 0.7495957329406259, -0.2550474507824674], [0.23413212939828393, 0.30472947171009257, 0.439226279710339]]	[[-0.1820507922638582, -0.014970124822576567, 0.03856552334604394], [-0.038301018977196635, 0.13586886069270895, -0.012984378829686685], [0.028122554230869658, -0.03991859642452075, -0.16976183676150772]]	0.6900302983753617	[[0.6406387437550121, 0.640638743755012, 0.0], [-0.7071067811865475, 0.7071067811865476, 0.0], [0.0, 0.0, 0.9059999999999999]]
3	[[0.04673222253661188, -0.9725397674033924, -0.22799671093185395], [-0.8377629715199755, -0.16246744520517667, 0.5213036857710898], [-0.5440306084466285, 0.16664552219444034, -0.8223502702654952]]	0.4910158388374576	0.5089841611625423	[[0.022946261449553206, -0.4775324296943625, -0.11194999627038557], [-0.41135488820784183, -0.07977408889119846, 0.25596836655795], [-0.2671276455596737, 0.08182559086880929, -0.403787007772622]]	0.6830997564776053	0.4905778341059964	[[-9.980056796667596e-17, -0.6722529073117023, -0.10033835667000376], [-0.6720909886425533, -0.1349218821376763, 0.23186668554302708], [-0.2438585262494205, 0.0, -0.4998188897505793]]	[[-0.031922769834416824, -0.007911229033658002, 0.05540614104524064], [-0.0998153068113032, -0.023940409882481556, -0.12423573525808246], [0.127768649896835, -0.11383551562910559, 0.061928379607073515]]	0.6961557900889754	[[1.4849264408119323e-16, -0.7436774159999998, 0.0], [-1.0, -1.7938038903913487e-16, 0.0], [0.0, 0.0, -0.7436774159999998]]
3	[[0.8787972042104137, -0.3840163418041313, 0.28327887866788265], [-0.395223040501579, -0.9183905790867732, -0.018907472103605397], [0.2674214316928388, -0.09534250611366366, -0.9588511794847616]]	0.5583014536632463	0.44169854633675387	[[0.4906337565858707, -0.21439688185968858, 0.15815500975237326], [-0.22065359803323967, -0.5127387953347761, -0.010556069160540166], [0.14930177405481843, -0.05322985975915537, -0.5353280073530605]]	0.7851596551801863	0.37523112878059633	[[0.5446575832426839, -0.22936747651068512, 0.22169657148213445], [-0.34555846150120706, -0.8464799672996954, -0.02507168353982926], [0.19921332905483036, -0.07485908922421895, -0.6311402951844369]]	[[-0.14533852658847632, 0.07214666200380312, -0.0007225752125701234], [-0.03524527530172253, -0.12539673690319295, -0.010226299262633454], [-0.010755190040910663, 0.0, 0.1217109662689334]]	0.5156467585353681	[[0.9059999999999999, 0.0, 0.0], [0.0, -1.0, 0.0], [0.0, 0.0, -0.9059999999999999]]
3	[[0.08740825448676931, -0.06334395238859675, -0.994156597696443], [0.7119981850616444, -0.6940087028176986, 0.10681996481098455], [-0.6967197295301035, -0.717174639895393, -0.015561310176609944]]	0.5928729751836546	0.40712702481634555	[[0.05182199189318095, -0.03755491751251911, -0.5894085798747496], [0.4221244823028593, -0.41145900444287775, 0.06333067034650168], [-0.4130662989156636, -0.4251934624810477, -0.009225880262162409]]	0.8037317851355045	0.3154345886765736	[[0.035273949071802105, -0.02783728500731378, -0.6968728859385231], [0.6361355072717108, -0.6400281041922735, 0.07097127391483674], [-0.5124474762706633, -0.49802205886157513, 0.024942448587900196]]	[[-0.034978843342427436, 0.023074262923511477, 0.10216237103227854], [0.06387993497887598, -0.0822312505770289, -0.01488332709080763], [0.04752831568369264, 0.07839399471546155, 0.0374495681951942]]	0.2914069866650638	[[0.0, 0.0, -0.7436774159999998], [0.7071067811865475, -0.7071067811865476, 0.0], [-0.525859343868889, -0.5258593438688889, 0.0]]
3	[[0.3802729664721569, 0.7767473726770865, -0.5020517802076895], [0.4287143634067757, 0.332951791095048, 0.839849450446521], [0.8195098935212374, -0.5346088512602871, -0.20639019011321075]]	0.47629549132586757	0.5237045086741328	[[0.18112229940380112, 0.3699612715053097, -0.23912499932504788], [0.20419471835728678, 0.15858343692744348, 0.40001650664018557], [0.39032886738110717, -0.2546317854781761, -0.09830271700481094]]	0.633985012793462	0.5407650562668286	[[0.11336305642744851, 0.39336156498293917, -0.2303651136614701], [0.30221187652785, 0.14131423484333205, 0.4645091283715469], [0.5436382986158079, -0.2619602019498965, -0.09249783584653308]]	[[-0.12772430508640964, -0.09908462802103145, 0.08792819063648222], [0.030413395358664462, -0.06977221069366796, -0.06794283621437287], [0.02408130828737747, 0.07697379745585459, 0.03835045147283589]]	0.7383575846039213	[[0.0, 0.5258593438688889, -0.525859343868889], [0.0, 0.7071067811865476, 0.7071067811865475], [0.7436774159999998, 0.0, 0.0]]
3	[[0.5319609947059123, -0.8460851799387872, 0.03402011756955908], [-0.703274286200726, -0.4190807785627857, 0.5742617690636116], [-0.47161719485230363, -0.3294103357928521, -0.8179645788128509]]	0.44856612562734016	0.5514338743726599	[[0.23861968238009712, -0.3795251511158527, 0.015260272331563726], [-0.31546502181439284, -0.18798544116479807, 0.25759437684476666], [-0.2115514978741322, -0.14776231806820078, -0.3669112020184797]]	0.6520192430878858	0.5640782313865695	[[0.38689251189460694, -0.5190924324468981, 0.09064868684304339], [-0.4057430405117026, -0.2326543410711217, 0.3013637406748449], [-0.2631058603811529, -0.038073469895728476, -0.4329282278147616]]	[[0.040043706774179136, 0.03257138616466765, 0.06846691553557858], [0.05280532726006798, 0.040594390960067714, -0.07306598332432153], [0.044397626033678125, 0.17670840791325326, 0.1004004177354949]]	0.7097507459299698	[[0.5804187018420409, -0.5804187018420408, 0.0], [-0.7071067811865475, -0.7071067811865476, 0.0], [0.0, 0.0, -0.8208359999999999]]
