3	[[0.8787972042104137, -0.3840163418041313, 0.28327887866788265], [-0.395223040501579, -0.9183905790867732, -0.018907472103605397], [0.2674214316928388, -0.09534250611366366, -0.9588511794847616]]	0.6168008281793994	0.3831991718206006	[[0.542042843358724, -0.2368615976592115, 0.17472664696808166], [-0.2437738986969543, -0.56646406977288, -0.011662144452282704], [0.16494576054106364, -0.05880733673160719, -0.5914202016069949]]	0.8133282858084991	0.33730495943622796	[[0.5765005414862587, -0.24776601223609132, 0.23515236591753103], [-0.3452347628191328, -0.8482767278189088, -0.02105761860808226], [0.2107787508778047, -0.0775447570621124, -0.6713821090232184]]	[[-0.13825008218749882, 0.06456534076591346, 0.004753641124828188], [-0.02378868477596045, -0.10132369242758853, -0.005679636733084866], [-0.006722663749386518, 0.0, 0.10847867713258044]]	0.49557848831971724	[[0.6279940905882067, -0.6279940905882065, 0.0], [-0.7071067811865475, -0.7071067811865476, 0.0], [0.0, 0.0, -0.8881177599999999]]
3	[[-0.30792515101507295, 0.09349718223056193, 0.9468053539599837], [0.3027085282091916, -0.9338174967034747, 0.1906631317268273], [0.9019698710720718, 0.34531602882779927, 0.2592434992682147]]	0.6459882254496498	0.3540117745503503	[[-0.19891602187554236, 0.06039807883366325, 0.6116251104508373], [0.19554614496633083, -0.6032351075893119, 0.12316613812288599], [0.5826619164228971, 0.22307008868179012, 0.16746824805163157]]	0.8187288712259502	0.2909018835214623	[[-0.22042399814163324, 0.07097270616471836, 0.7208087476484335], [0.25001656412327283, -0.8467662387488225, 0.11992246050276076], [0.6600297193741942, 0.24710411798399126, 0.1494512919769149]]	[[0.03168321317101761, -0.005576136305716567, -0.05436813106991009], [0.0021803525120926946, -0.08222289374174409, -0.036178950120349225], [-0.07843905504845883, -0.035616084514420526, -0.06279884555161597]]	0.47700898037409795	[[0.0, 0.0, 0.9423999999999999], [0.0, -1.0, 0.0], [0.9423999999999999, 0.0, 0.0]]
3	[[0.034229894132735264, 0.2773841392786001, 0.9601491309293217], [-0.1827544195208179, -0.9427759796974285, 0.2788803941677556], [0.9825625356654255, -0.18501754344446375, 0.018422055382213542]]	0.80624704824874	0.19375295175125987	[[0.027597751106384672, 0.22364014352438868, 0.7741174026903588], [-0.14734521129307135, -0.760110350790866, 0.2248464946121981], [0.7921881441000468, -0.1491698482763319, 0.014852727774584486]]	0.8921836729729751	0.1650321761234394	[[0.009147611021575885, 0.2223236655629253, 0.8160469845571696], [-0.16676377439237067, -0.8250975899505365, 0.2554879960407843], [0.8470205918309199, -0.1513358273554696, 0.0]]	[[-0.02139174165124395, -0.025153934643103407, -0.0405823936771626], [-0.0037132651322434387, 0.016031746406610495, 0.006675461652045109], [-0.029605660164699336, 0.013733804119249036, -0.016435857034614844]]	0.3635143493384422	[[0.0, 0.0, 0.9423999999999999], [0.0, -1.0, 0.0], [0.9423999999999999, 0.0, 0.0]]
3	[[0.8489524140446696, -0.5135124485683378, 0.12483895166604869], [0.522794976890395, 0.7815435453534784, -0.34040431673891397], [0.0772347773085365, 0.35425224329800037, 0.9319550081910795]]	0.7159137569253391	0.28408624307466096	[[0.6077767121895554, -0.36763062628248866, 0.08937392289786172], [0.3742761160072985, 0.5595177757547579, -0.243700133270159], [0.055293439588246306, 0.25361405439870066, 0.6671994111994609]]	0.8470960323589004	0.22997235611729372	[[0.691252998463519, -0.41982920172204485, 0.05305931708701968], [0.4744732273449691, 0.6249121341016927, -0.2666796914185955], [0.03127520784650072, 0.2449849243383151, 0.7543785503603806]]	[[-0.02789122313523102, 0.01516515602709805, -0.05269126355313469], [0.03161567668395247, -0.037130302282947183, 0.021675454688780935], [-0.034150065571683784, -0.05510074541366085, -0.03507683941528944]]	0.4462081924807696	[[0.6663774305902024, -0.6663774305902023, 0.0], [0.7071067811865475, 0.7071067811865476, 0.0], [0.0, 0.0, 0.9423999999999999]]
3	[[-0.8305561570912853, 0.32773595720904825, 0.4502950280316503], [-0.5100865793185324, -0.772219296347621, -0.37879947194723407], [0.22358030216652452, -0.5443036842615101, 0.808545204538665]]	0.4828161583591016	0.5171838416408984	[[-0.4010059330683128, 0.15823621581581557, 0.21740971556244537], [-0.24627804265710904, -0.37283995407332704, -0.1828905058340198], [0.10794818257680845, -0.26279861381584774, 0.39037868951503224]]	0.7128816149391116	0.498129549663751	[[-0.47324521764418315, 0.12421859969273494, 0.24751080639517078], [-0.5469046540612452, -0.5987652029450089, -0.2780015937093472], [0.21544252625477076, -0.31952435678084445, 0.4283203522201936]]	[[0.11884299692067468, -0.1094183387560669, -0.07349624038708458], [-0.18327330963788271, -0.048264263877572586, -0.007962414409520235], [0.056056239377724186, 0.06849973267280919, -0.14807665894260416]]	0.6822196191354976	[[-0.6279940905882067, 0.6279940905882065, 0.0], [-0.7071067811865475, -0.7071067811865476, 0.0], [0.0, 0.0, 0.8881177599999999]]
3	[[0.5319609947059123, -0.8460851799387872, 0.03402011756955908], [-0.703274286200726, -0.4190807785627857, 0.5742617690636116], [-0.47161719485230363, -0.3294103357928521, -0.8179645788128509]]	0.4821793897373276	0.5178206102626726	[[0.25650062779135857, -0.4079648357286814, 0.016403799528482144], [-0.3391043661382207, -0.20207211405804806, 0.2768971893565704], [-0.22740409120351412, -0.1588348746857656, -0.3944056614387306]]	0.6856990067202918	0.5298873780800291	[[0.42545711472840003, -0.5651995472336215, 0.10235349702359411], [-0.4037718604099211, -0.2249934522852953, 0.3033349207766264], [-0.29218018057844697, -0.047277268645277856, -0.45985541592119566]]	[[0.06069198904461749, 0.014960220251164186, 0.07902593619763991], [0.0784626190898389, 0.06236982131077334, -0.09043580386772981], [0.031207261483988002, 0.17859907141127868, 0.1010220833031581]]	0.6834218688596765	[[0.6279940905882067, -0.6279940905882065, 0.0], [-0.7071067811865475, -0.7071067811865476, 0.0], [0.0, 0.0, -0.8881177599999999]]
3	[[0.22433838825039393, -0.7661379269479729, -0.6022499185961573], [-0.9416906372873723, -0.011392912655017143, -0.3362869982418849], [0.2507808429735371, 0.642575192824231, -0.724020780340167]]	0.4574501913938973	0.5425498086061026	[[0.10262363864214118, -0.35046994131647397, -0.2754993405287714], [-0.4307765622609496, -0.005211690074571555, -0.1538345517090295], [0.11471974461616746, 0.29394614494241494, -0.3312034445397683]]	0.6711871062946431	0.5458792069769605	[[0.29076183113184456, -0.3960877116562199, -0.29645007196940565], [-0.6754095914178854, -0.05114706152833923, -0.041191139293372966], [0.2670004412982744, 0.26491497447914975, -0.48204977991438536]]	[[0.1401887974912585, 0.11813418655456667, 0.10777230815933353], [-0.04335897755221584, -0.04350028545115067, 0.1845203579411095], [0.09867957298873478, -0.16637320976926817, 0.003903632539320724]]	0.7317604663595891	[[-1.6711913524377547e-16, -0.8369621770239998, 0.0], [-1.0, 1.7938038903913487e-16, 0.0], [0.0, 0.0, -0.8369621770239998]]
3	[[-0.42203838922340475, -0.825029846081567, 0.3757783270710803], [0.2588054115689476, 0.28760896992378115, 0.9221175843470338], [-0.8688517462515349, 0.4864224845687207, 0.09214016247897017]]	0.4246153754628327	0.5753846245371674	[[-0.1792039890998251, -0.35032035786196764, 0.1595612554400819], [0.10989275700516163, 0.12212319075066486, 0.39154530429839607], [-0.3689278104561333, 0.20654246591871128, 0.039124129686214315]]	0.6207773406723128	0.6236718477819374	[[-0.10283943710926394, -0.35300740201133496, 0.31176944195392636], [0.14598953544183224, 0.08834853654195073, 0.6324553387537735], [-0.4694282679025579, 0.17591488450457432, -0.029799587639963487]]	[[0.15915243181446767, 0.15915243181446764, 0.07849477139245062], [-0.014670999703542464, -0.09019259496083737, 0.060025636955644675], [0.0699352085739652, -0.12604517190921527, -0.08699811267277341]]	0.6858432534298267	[[0.0, -0.5918216309703258, 0.5918216309703259], [0.0, 0.7071067811865476, 0.7071067811865475], [-0.8369621770239998, 0.0, 0.0]]
3	[[-0.3195682178843842, -0.5708200961323295, -0.7563336379995778], [0.910087742671785, 0.03735879733279218, -0.41272826520656647], [0.2638493031197415, -0.8202248094963509, 0.507557688474819]]	0.4308128898786794	0.5691871101213206	[[-0.13767410746015102, -0.2459166552155945, -0.3258382802990529], [0.3920775304635955, 0.016094651441332146, -0.17780865666825488], [0.1136696807694915, -0.35336342052931213, 0.21866239455197922]]	0.6373661852686332	0.563897254056302	[[-0.2577930922852937, -0.2577930922852936, -0.4227014481769882], [0.6091501560825241, 0.03951287985815645, -0.05738166246164011], [0.325997356493574, -0.3808810506243095, 0.3165482062608106]]	[[-0.054111116319228277, 0.10602833486124374, 0.05936003746515015], [0.02909100327606679, 0.015701645715930766, 0.2056773774856099], [0.15782873267835704, 0.14190250726707104, -0.00695190144615016]]	0.9286560625305338	[[0.0, 0.0, -0.8369621770239998], [0.7071067811865475, 0.7071067811865476, 0.0], [0.5918216309703259, -0.5918216309703258, 0.0]]
3	[[0.04673222253661188, -0.9725397674033924, -0.22799671093185395], [-0.8377629715199755, -0.16246744520517667, 0.5213036857710898], [-0.5440306084466285, 0.16664552219444034, -0.8223502702654952]]	0.5248992889078201	0.47510071109218	[[0.024529710378549577, -0.5104854323446173, -0.11967531144145194], [-0.4397411880241375, -0.08527904645886746, 0.2736319339662707], [-0.2855612795177241, 0.08747211609953409, -0.4316510720955122]]	0.7224620048335081	0.4319084767369297	[[-0.0038524699426621288, -0.7516989908694367, -0.10292262444431705], [-0.6668307313661421, -0.12442633213013675, 0.2335718223806338], [-0.2715344429510421, 0.0020425992405355246, -0.560692626765622]]	[[-0.03761472512678829, -0.04907596073086819, 0.06179633643095597], [-0.06157881538654351, -0.007049775947026819, -0.14305028356864485], [0.12150700111810239, -0.11835245882058672, 0.033424198165764724]]	0.6589567468666504	[[1.6711913524377547e-16, -0.8369621770239998, 0.0], [-1.0, -1.7938038903913487e-16, 0.0], [0.0, 0.0, -0.8369621770239998]]
3	[[-0.5446221603179724, 0.8109226453022452, -0.2139887049042392], [-0.8354447797583356, -0.5021691245819775, 0.22328947644507607], [0.07361197229480154, 0.30038414347728, 0.9509735242804028]]	0.5644903187818832	0.43550968121811673	[[-0.3074339368935702, 0.4577579825541125, -0.12079455224711631], [-0.4716004900504433, -0.2834696092176997, 0.12604474773912078], [0.041553245706855674, 0.16956394090851268, 0.5368153478741755]]	0.7571745448739691	0.35102120981184154	[[-0.47690609875454526, 0.5611161122313378, -0.09843071944702031], [-0.6764741008163524, -0.4418066207549561, 0.04612411640508078], [0.1188798805378018, 0.09537205996508916, 0.7200529454342085]]	[[-0.0645320623875067, -0.05289387265338481, 0.06359608079701706], [-0.043896579935501154, -0.06157694239983784, -0.12294499129736652], [0.06314276891821019, -0.1320711671596774, 0.0]]	0.41768476397709753	[[-0.6279940905882067, 0.6279940905882065, 0.0], [-0.7071067811865475, -0.7071067811865476, 0.0], [0.0, 0.0, 0.8881177599999999]]
3	[[0.3802729664721569, 0.7767473726770865, -0.5020517802076895], [0.4287143634067757, 0.332951791095048, 0.839849450446521], [0.8195098935212374, -0.5346088512602871, -0.20639019011321075]]	0.5213270094199348	0.47867299058006546	[[0.1982465683741767, 0.40493938487253706, -0.2617331531496292], [0.22350037697022548, 0.17357676153259222, 0.4378362023642605], [0.42723264197947597, -0.27870603363695223, -0.10759678058533197]]	0.6733106210576055	0.495512293298487	[[0.1334404077195, 0.40863123430557224, -0.28196014707695777], [0.31082346116729176, 0.1904308243840374, 0.45559301440302846], [0.5994795446432002, -0.3156817686320412, -0.07041787517228233]]	[[-0.12260141950728595, -0.11436102159650023, 0.05607664885775804], [0.02216552688555964, -0.03374915286041144, -0.10988654067200723], [0.047694829273563714, 0.04427604903291575, 0.06854683191304088]]	0.7076287682654989	[[0.0, 0.5918216309703258, -0.5918216309703259], [0.0, 0.7071067811865476, 0.7071067811865475], [0.8369621770239998, 0.0, 0.0]]
3	[[0.8592155572171323, 0.2624339665249735, -0.4391776855101157], [-0.4266000482917053, 0.8413623931712975, -0.33184593135155627], [0.2824199444684594, 0.4724804086637203, 0.8348660002631537]]	0.5371453983207106	0.4628546016792895	[[0.4615236827247478, 0.14096519748194095, -0.2359022728168989], [-0.22914625286328244, 0.45193393781206287, -0.17824951497693886], [0.1517005735652236, 0.25379067731040617, 0.44844443025577035]]	0.7657664558445496	0.4173586292747485	[[0.49936106624989934, 0.20303352521630055, -0.2929005594041355], [-0.35621369792621027, 0.7487522323609047, -0.2503520702240577], [0.2440980365791568, 0.3273549261992787, 0.4966679786945047]]	[[-0.15859738580676386, 0.0020703967772444064, 0.04340698031495796], [-0.029537690882757456, 0.10446513446123164, 0.0037644125134572975], [0.027830316643730136, -0.034454721799122894, -0.1426443994321253]]	0.6736743132428474	[[0.8369621770239998, 0.0, 0.0], [0.0, 0.7071067811865476, -0.7071067811865475], [0.0, 0.5918216309703258, 0.5918216309703259]]
3	[[0.08740825448676931, -0.06334395238859675, -0.994156597696443], [0.7119981850616444, -0.6940087028176986, 0.10681996481098455], [-0.6967197295301035, -0.717174639895393, -0.015561310176609944]]	0.6992329426623566	0.3007670573376435	[[0.06111873099776384, -0.044292178228542714, -0.6951470432744804], [0.49785258611091066, -0.48527374750450436, 0.0746920383298741], [-0.48716938669025545, -0.5014721338568715, -0.010880980706472643]]	0.8551693104158302	0.23177525396328036	[[0.04037730382206301, -0.03126743015127711, -0.7836334795727243], [0.6356358149565262, -0.6388813198159281, 0.07147096623002125], [-0.5762219592609281, -0.5605542008190487, 0.02855106533861026]]	[[-0.03437155289203888, 0.02290237393189235, 0.0665387325246907], [0.0267568180200372, -0.04538637600473203, -0.01987818941603165], [0.01959137139443426, 0.052751541428015934, 0.041858620231508624]]	0.21354737183036204	[[0.0, 0.0, -0.8369621770239998], [0.7071067811865475, -0.7071067811865476, 0.0], [-0.5918216309703259, -0.5918216309703258, 0.0]]
