3	[[-0.8305561570912853, 0.32773595720904825, 0.4502950280316503], [-0.5100865793185324, -0.772219296347621, -0.37879947194723407], [0.22358030216652452, -0.5443036842615101, 0.808545204538665]]	0.4844132090609333	0.5155867909390666	[[-0.4023323733619062, 0.15875962675629185, 0.21812885955299466], [-0.2470926767866046, -0.374073227442527, -0.18349546779654666], [0.10830525165529928, -0.2636678943968071, 0.39166997720140345]]	0.7144602606121333	0.4900947744009298	[[-0.482434333604964, 0.1163590824288466, 0.2542949094302527], [-0.5536660686753206, -0.585384941697492, -0.28400304508873986], [0.2099313712269597, -0.32389516167253185, 0.43173390712689536]]	[[0.11096503484348756, -0.11779523497069695, -0.06742299364958802], [-0.18922947828065026, -0.033664941979252586, -0.013365875641580514], [0.05019213027332508, 0.06498819043709092, -0.14593951042448977]]	0.6820469530799158	[[-0.6298613333231504, 0.6298613333231503, 0.0], [-0.7071067811865475, -0.7071067811865476, 0.0], [0.0, 0.0, 0.8907584399999999]]
3	[[0.08740825448676931, -0.06334395238859675, -0.994156597696443], [0.7119981850616444, -0.6940087028176986, 0.10681996481098455], [-0.6967197295301035, -0.717174639895393, -0.015561310176609944]]	0.7035027040279545	0.2964972959720456	[[0.0614919433858058, -0.04456264178919582, -0.6993918547066789], [0.5008926484538627, -0.4882369990511841, 0.07514813408869857], [-0.490144213674053, -0.5045342984266835, -0.010947423787462822]]	0.8571522489881668	0.22763077942240098	[[0.039751164278258935, -0.03293156998658129, -0.7873059484750603], [0.6345005644581179, -0.6402377652399572, 0.07260621672842965], [-0.5799955114878528, -0.5615315564038081, 0.028108317821217345]]	[[-0.0351710176352054, 0.02136384126310377, 0.06483761508687005], [0.024209718857036277, -0.045366644802406667, -0.018954756346142597], [0.01719937159330265, 0.05319629909980654, 0.041446729836300995]]	0.2106214495769531	[[0.0, 0.0, -0.840697815672], [0.7071067811865475, -0.7071067811865476, 0.0], [-0.5944631263903893, -0.5944631263903893, 0.0]]
3	[[0.8787972042104137, -0.3840163418041313, 0.28327887866788265], [-0.395223040501579, -0.9183905790867732, -0.018907472103605397], [0.2674214316928388, -0.09534250611366366, -0.9588511794847616]]	0.6191895297255973	0.38081047027440285	[[0.5441420275992157, -0.23777889808864436, 0.17540331566356077], [-0.24471796858489345, -0.5686578307691584, -0.011707308760131284], [0.1655845505284348, -0.05903508152337928, -0.5937106109020037]]	0.8143817594151147	0.3356665335783667	[[0.5779549067180042, -0.24849140532003125, 0.23545213447730493], [-0.3450797142507348, -0.8483424931342285, -0.021053895660301254], [0.21105857479416287, -0.07764519787589173, -0.673115282604516]]	[[-0.13772150661595645, 0.06424449876257328, 0.004754982862613823], [-0.023217279165667747, -0.10042195750727598, -0.005655995262474892], [-0.006724561253160111, 0.0, 0.10775562796154207]]	0.49475314448147345	[[0.6298613333231504, -0.6298613333231503, 0.0], [-0.7071067811865475, -0.7071067811865476, 0.0], [0.0, 0.0, -0.8907584399999999]]
3	[[-0.5446221603179724, 0.8109226453022452, -0.2139887049042392], [-0.8354447797583356, -0.5021691245819775, 0.22328947644507607], [0.07361197229480154, 0.30038414347728, 0.9509735242804028]]	0.5663722247061205	0.4336277752938795	[[-0.3084588645635435, 0.4592840626844048, -0.1211972588585955], [-0.4731727185308434, -0.2844146442682195, 0.12646495752766262], [0.04169177651361207, 0.17012923560766957, 0.5386049905833116]]	0.7583275598461491	0.34968526291335467	[[-0.47741684018317376, 0.5625915848110892, -0.09946436432731064], [-0.6762244644774231, -0.4402853880035452, 0.046621606531816746], [0.12023557653217738, 0.09618566048950968, 0.7211494321458505]]	[[-0.06441484631110764, -0.05235340602494682, 0.06280916809735876], [-0.04268366325708102, -0.05947670112921746, -0.12270495728010197], [0.0644135892063982, -0.13160391405009167, 0.0]]	0.41662304792706173	[[-0.6298613333231504, 0.6298613333231503, 0.0], [-0.7071067811865475, -0.7071067811865476, 0.0], [0.0, 0.0, 0.8907584399999999]]
3	[[0.8592155572171323, 0.2624339665249735, -0.4391776855101157], [-0.4266000482917053, 0.8413623931712975, -0.33184593135155627], [0.2824199444684594, 0.4724804086637203, 0.8348660002631537]]	0.5393411605874293	0.46065883941257074	[[0.4634103158242629, 0.14154144008314182, -0.23686660260712683], [-0.23008296515230173, 0.4537813696076247, -0.17897816975136477], [0.1523207006226562, 0.2548281319635137, 0.4502775975169144]]	0.7671400236323603	0.415175943368843	[[0.5014587116756692, 0.20414700061506139, -0.2933280063792505], [-0.35660340950418645, 0.7487087178477876, -0.25006741197380894], [0.24447149862404383, 0.32818117064993746, 0.4989385840047397]]	[[-0.15767993119317317, 0.0028234013331590955, 0.04358277366178501], [-0.02934143837612159, 0.10326595166697902, 0.0045048836455265865], [0.027815855750259997, -0.03427746121817624, -0.14152053916699017]]	0.6723138236627032	[[0.840697815672, 0.0, 0.0], [0.0, 0.7071067811865476, -0.7071067811865475], [0.0, 0.5944631263903893, 0.5944631263903893]]
3	[[0.3802729664721569, 0.7767473726770865, -0.5020517802076895], [0.4287143634067757, 0.332951791095048, 0.839849450446521], [0.8195098935212374, -0.5346088512602871, -0.20639019011321075]]	0.5223331322937398	0.4776668677062605	[[0.19862916970403405, 0.4057208881713555, -0.2622382789295306], [0.22393171629757785, 0.17391175194548736, 0.4386811941069073], [0.4280571696286571, -0.2792439158307438, -0.10780443447653384]]	0.6747639896756568	0.48949844307864254	[[0.1397057253407798, 0.4127721035118727, -0.2826614246302516], [0.31400514483717207, 0.19167296672269296, 0.458055083206804], [0.5954641935343641, -0.31188554588336187, -0.0706876077099693]]	[[-0.11688877868177011, -0.11134905264580244, 0.056105037606454806], [0.024724130553556614, -0.03299091220625747, -0.10864508270339837], [0.04248842820330153, 0.04884925550894927, 0.06857706040073809]]	0.7065166447601481	[[0.0, 0.5944631263903893, -0.5944631263903893], [0.0, 0.7071067811865476, 0.7071067811865475], [0.840697815672, 0.0, 0.0]]
3	[[-0.42203838922340475, -0.825029846081567, 0.3757783270710803], [0.2588054115689476, 0.28760896992378115, 0.9221175843470338], [-0.8688517462515349, 0.4864224845687207, 0.09214016247897017]]	0.42585117386344323	0.5741488261365568	[[-0.17972554346622363, -0.3513399284262112, 0.1600256416956604], [0.11021258831884792, 0.12247861745569796, 0.392684855734307], [-0.37000153605451874, 0.20714358604716232, 0.03923799635163781]]	0.6221437258210835	0.6226089926787362	[[-0.10360885814167464, -0.35432746458547815, 0.3134147633728541], [0.14538182892313795, 0.08868024639579476, 0.6331772812109595], [-0.4712089414926816, 0.17632982681296072, -0.029885764445374104]]	[[0.15895967776930295, 0.15895967776930292, 0.07962663488603855], [-0.015632334093026057, -0.09025386973215042, 0.059487611640158713], [0.06934172110640306, -0.1262948700597717, -0.08721018842780058]]	0.6848358307106752	[[0.0, -0.5944631263903893, 0.5944631263903893], [0.0, 0.7071067811865476, 0.7071067811865475], [-0.840697815672, 0.0, 0.0]]
3	[[-0.30792515101507295, 0.09349718223056193, 0.9468053539599837], [0.3027085282091916, -0.9338174967034747, 0.1906631317268273], [0.9019698710720718, 0.34531602882779927, 0.2592434992682147]]	0.648629817769702	0.35137018223029814	[[-0.19972943458961478, 0.06064506027219004, 0.6141261842024425], [0.19634577748966267, -0.6057018727169344, 0.12366979238737268], [0.5850445531072395, 0.22398227285153263, 0.168153063688322]]	0.8199200813256643	0.2898883137181464	[[-0.22200986597290784, 0.0711710654594615, 0.7214342148460979], [0.24968744621342118, -0.8469850739943162, 0.11972326339501638], [0.6605439323723433, 0.24765323178618098, 0.15083880051344634]]	[[0.030464148889588233, -0.005489151798741274, -0.05487050797234615], [0.001490645146168694, -0.08132935615387471, -0.03660526707624971], [-0.07899927767036877, -0.03547831465336358, -0.061720150489698054]]	0.4766903731217474	[[0.0, 0.0, 0.9438], [0.0, -1.0, 0.0], [0.9438, 0.0, 0.0]]
3	[[0.8489524140446696, -0.5135124485683378, 0.12483895166604869], [0.522794976890395, 0.7815435453534784, -0.34040431673891397], [0.0772347773085365, 0.35425224329800037, 0.9319550081910795]]	0.7177909319017124	0.2822090680982876	[[0.609370344417332, -0.3685945790009974, 0.08960826745400591], [0.37525749365569083, 0.5609848697410414, -0.24433913173539074], [0.05543842277951565, 0.2542790478451438, 0.668948853819943]]	0.8483529627058656	0.2280727243593812	[[0.693273459683218, -0.4203223927157024, 0.05318163404074806], [0.4742350082381406, 0.6251233396025361, -0.26683042634252685], [0.03131820619615724, 0.24618718442558168, 0.756112972536333]]	[[-0.026937835967874222, 0.015317414413590354, -0.0527258604662387], [0.03072034070542945, -0.037901442581733384, 0.021952584280796692], [-0.034204145957467465, -0.05434375572147608, -0.034513819771138356]]	0.44570249186860506	[[0.6673673800838635, -0.6673673800838634, 0.0], [0.7071067811865475, 0.7071067811865476, 0.0], [0.0, 0.0, 0.9438]]
3	[[0.034229894132735264, 0.2773841392786001, 0.9601491309293217], [-0.1827544195208179, -0.9427759796974285, 0.2788803941677556], [0.9825625356654255, -0.18501754344446375, 0.018422055382213542]]	0.8086637404579927	0.19133625954200745	[[0.027680474224858795, 0.22431049561275362, 0.7764377876147962], [-0.14778687247493377, -0.762388750156071, 0.2255204626880966], [0.7945626953250928, -0.14961697873214924, 0.014897248212305099]]	0.8933695015207143	0.16311375223621058	[[0.00914327878070207, 0.22293476762006756, 0.8179551912269756], [-0.16667902803219548, -0.8251727222182996, 0.25539135706115423], [0.849024715554568, -0.15171357068743774, 0.0]]	[[-0.021436664677766462, -0.02487176261700777, -0.03981275925689988], [-0.0034118033641749503, 0.017074584809695204, 0.006248118339606105], [-0.02876668714578214, 0.013575459872129922, -0.016457702433795112]]	0.36287487865092344	[[0.0, 0.0, 0.9438], [0.0, -1.0, 0.0], [0.9438, 0.0, 0.0]]
3	[[-0.3195682178843842, -0.5708200961323295, -0.7563336379995778], [0.910087742671785, 0.03735879733279218, -0.41272826520656647], [0.2638493031197415, -0.8202248094963509, 0.507557688474819]]	0.4322191486426158	0.567780851357384	[[-0.13812350306722648, -0.24671937597841154, -0.32690188110594987], [0.39335734932767896, 0.016147187577491506, -0.17838905940832595], [0.11404072116436217, -0.35451686885606454, 0.21937615199960023]]	0.6387331912032075	0.5630642067229137	[[-0.25861336800198487, -0.25861336800198487, -0.42459024617949753], [0.6091589542160961, 0.03925039954708039, -0.057376508634317175], [0.3272302092546848, -0.3825751664830658, 0.3174982269596351]]	[[-0.05449454038557021, 0.10598837360353966, 0.05850515203430434], [0.02785570606442339, 0.015388095707192115, 0.20624673330083682], [0.15870090187626995, 0.14132964359058126, -0.006695715119609496]]	0.9278183743870198	[[0.0, 0.0, -0.840697815672], [0.7071067811865475, 0.7071067811865476, 0.0], [0.5944631263903893, -0.5944631263903893, 0.0]]
3	[[0.22433838825039393, -0.7661379269479729, -0.6022499185961573], [-0.9416906372873723, -0.011392912655017143, -0.3362869982418849], [0.2507808429735371, 0.642575192824231, -0.724020780340167]]	0.4593826569358144	0.5406173430641857	[[0.10305716484716428, -0.35195047646065664, -0.2766631677440806], [-0.43259634696865346, -0.0052337064856994705, -0.15448441474532665], [0.11520436995378672, 0.29518789936063855, -0.33260258974940765]]	0.6727308925920508	0.5445902876269497	[[0.2923545963336965, -0.3966270378901383, -0.29873240397245376], [-0.6748616541800637, -0.05131500555356026, -0.04141539909185187], [0.2688848074905022, 0.2663552541857954, -0.48290644116196296]]	[[0.1414352321633469, 0.11877761355419485, 0.10641972132822906], [-0.04135727121215263, -0.04365064125392734, 0.18481525340251276], [0.10017678715192763, -0.16592492884035867, 0.004164704651470771]]	0.7318948951385695	[[1.6786504314448473e-16, -0.840697815672, 0.0], [-1.0, -1.7938038903913487e-16, 0.0], [0.0, 0.0, -0.840697815672]]
3	[[0.04673222253661188, -0.9725397674033924, -0.22799671093185395], [-0.8377629715199755, -0.16246744520517667, 0.5213036857710898], [-0.5440306084466285, 0.16664552219444034, -0.8223502702654952]]	0.526034271966426	0.4739657280335738	[[0.02458275065941961, -0.5115892485044409, -0.11993408384577749], [-0.44069203480394015, -0.08546344425675031, 0.2742236048180098], [-0.286178745041674, 0.08766125594401732, -0.4325844257205035]]	0.7236956047354969	0.4296137570396753	[[-0.004351681299051111, -0.7541996449750357, -0.10325734467890307], [-0.6660910065397015, -0.12491316398709892, 0.23378384094448945], [-0.27198960939219796, 0.002469597833246728, -0.5629531447161702]]	[[-0.038171585348318146, -0.050376889874718174, 0.06174287291662926], [-0.05980562624054608, -0.007336187979507552, -0.14348134518046282], [0.12172295078220521, -0.11813103412772147, 0.03217813142801666]]	0.6575679110666925	[[1.6786504314448473e-16, -0.840697815672, 0.0], [-1.0, -1.7938038903913487e-16, 0.0], [0.0, 0.0, -0.840697815672]]
3	[[0.5319609947059123, -0.8460851799387872, 0.03402011756955908], [-0.703274286200726, -0.4190807785627857, 0.5742617690636116], [-0.47161719485230363, -0.3294103357928521, -0.8179645788128509]]	0.4834645289654134	0.5165354710345866	[[0.25718427173346664, -0.40905217298372276, 0.01644752011611489], [-0.3400081715115213, -0.20261069120631597, 0.27763519568318396], [-0.22801018496125858, -0.15925821283042996, -0.3954568598061477]]	0.6869658304612659	0.5287346378527827	[[0.4271417544872773, -0.5668630612376189, 0.1028590080241835], [-0.4036268617080136, -0.2244127813797847, 0.3034799194785338], [-0.2932075226496743, -0.047805877845424886, -0.46065202871547173]]	[[0.06170272798612927, 0.014368547039999666, 0.07948834970562144], [0.07949854235392206, 0.06348139369595318, -0.09101829360840583], [0.030777375271851086, 0.17848776704503622, 0.10126168745659789]]	0.6824239655995866	[[0.6298613333231504, -0.6298613333231503, 0.0], [-0.7071067811865475, -0.7071067811865476, 0.0], [0.0, 0.0, -0.8907584399999999]]
