3	[[0.22433838825039393, -0.7661379269479729, -0.6022499185961573], [-0.9416906372873723, -0.011392912655017143, -0.3362869982418849], [0.2507808429735371, 0.642575192824231, -0.724020780340167]]	0.5116841544354127	0.48831584556458735	[[0.1147903984993062, -0.39202063733127346, -0.3081617403556709], [-0.4818481774801341, -0.005829572878438938, -0.172072728343022], [0.12832058358551438, 0.32879554420143897, -0.37046996078202604]]	0.7097846843103918	0.5140892462256715	[[0.2791872021369245, -0.40388924178900104, -0.3793951750660824], [-0.6799891321907867, 0.012912978475818192, -0.03856190113480271], [0.32288725063474105, 0.3303827532532837, -0.4831492582847902]]	[[0.11995525005391655, 0.1399037248279838, 0.04807259328065014], [-0.011591540485717509, 0.02099949338803538, 0.20012945975000282], [0.14488684917367517, -0.12570727713115215, 0.030749602723118837]]	0.7424022136451233	[[1.8839167996565212e-16, -0.9434988421119997, 0.0], [-1.0, -1.7938038903913487e-16, 0.0], [0.0, 0.0, -0.9434988421119997]]
3	[[0.5319609947059123, -0.8460851799387872, 0.03402011756955908], [-0.703274286200726, -0.4190807785627857, 0.5742617690636116], [-0.47161719485230363, -0.3294103357928521, -0.8179645788128509]]	0.5171048276128982	0.48289517238710183	[[0.27507959846418656, -0.43751473111807454, 0.01759196703117738], [-0.3636665285304105, -0.2167086937545884, 0.2969535330963169], [-0.24387552824337916, -0.17033967490406973, -0.42297343252047603]]	0.719068493887392	0.48956891959144755	[[0.48947642531954316, -0.6122807495129504, 0.11105499610648516], [-0.4168383351345469, -0.23281310060873694, 0.2902684460520006], [-0.29881673996839064, -0.06257259958800576, -0.504506400384782]]	[[0.10696003404952385, -0.0038875534739237754, 0.08659220140387029], [0.08886404663353993, 0.06853468364956096, -0.1226650993256799], [0.04030832602545203, 0.17429599444150046, 0.08366615735540968]]	0.656499515318315	[[0.6802145486328006, -0.6802145486328005, 0.0], [-0.7071067811865475, -0.7071067811865476, 0.0], [0.0, 0.0, -0.9619686399999998]]
3	[[0.034229894132735264, 0.2773841392786001, 0.9601491309293217], [-0.1827544195208179, -0.9427759796974285, 0.2788803941677556], [0.9825625356654255, -0.18501754344446375, 0.018422055382213542]]	0.8659205963763141	0.13407940362368598	[[0.029640370341316218, 0.24019263930945597, 0.831412908064518], [-0.15825081594187376, -0.8163691385888612, 0.24148827723540447], [0.8508211368604286, -0.1602105015595107, 0.01595203718304384]]	0.9234600567193759	0.12495014134755887	[[0.009364289482660578, 0.2392097260522477, 0.8688897075599264], [-0.16448399179410764, -0.8270855063591493, 0.2529685238845104], [0.9025091848985951, -0.1619239436070446, 0.0]]	[[-0.02224565049465336, -0.016943446939023596, -0.0177696633471245], [0.004282414822303482, 0.04353045332590311, -0.004566380731567007], [-0.004848070017332574, 0.008932367556259466, -0.0170120323081464]]	0.34649948940621933	[[0.0, 0.0, 0.9807999999999999], [0.0, -1.0, 0.0], [0.9807999999999999, 0.0, 0.0]]
3	[[0.3802729664721569, 0.7767473726770865, -0.5020517802076895], [0.4287143634067757, 0.332951791095048, 0.839849450446521], [0.8195098935212374, -0.5346088512602871, -0.20639019011321075]]	0.5492494696427239	0.45075053035727636	[[0.20886472515429755, 0.42662808248926887, -0.2757516740122588], [0.23547113672938955, 0.18287359467555006, 0.4612868652374848], [0.45011537438350474, -0.2936336280210185, -0.11335970245914195]]	0.7118178895701123	0.4452480920776948	[[0.21915301113152455, 0.4764635854806476, -0.30948512122587873], [0.3364215934631854, 0.21638836158528096, 0.4873954563804966], [0.5947985799349123, -0.30273652460105516, -0.05823667045941716]]	[[-0.05153208932325219, -0.07643909006748559, 0.04788431741647658], [0.03125504007458011, -0.020612679680584882, -0.11042440699296452], [0.01145677704679762, 0.07780761964854452, 0.08867555909494276]]	0.6797839199909538	[[0.0, 0.6671544292990507, -0.6671544292990508], [0.0, 0.7071067811865476, 0.7071067811865475], [0.9434988421119997, 0.0, 0.0]]
3	[[0.8787972042104137, -0.3840163418041313, 0.28327887866788265], [-0.395223040501579, -0.9183905790867732, -0.018907472103605397], [0.2674214316928388, -0.09534250611366366, -0.9588511794847616]]	0.6865826722028585	0.3134173277971416	[[0.603366932791187, -0.2636589661254467, 0.1944943694944242], [-0.27135329126371255, -0.6305510579153273, -0.012981542721494389], [0.1836069211759834, -0.06546051262203657, -0.6583306050555103]]	0.8416101489739333	0.29185572275016153	[[0.6169240958780002, -0.26808656450189616, 0.24318755295908862], [-0.34112292508008735, -0.8500137251744453, -0.020975973773585108], [0.2183086471545925, -0.08024122077386861, -0.7196110906832811]]	[[-0.12268055007540213, 0.05510548613230367, 0.004777173682243141], [-0.00849920308562259, -0.0770868930929692, -0.005063253359749283], [-0.0067559438112400685, 0.0, 0.08736779332672079]]	0.47571753195071853	[[0.6802145486328006, -0.6802145486328005, 0.0], [-0.7071067811865475, -0.7071067811865476, 0.0], [0.0, 0.0, -0.9619686399999998]]
3	[[0.08740825448676931, -0.06334395238859675, -0.994156597696443], [0.7119981850616444, -0.6940087028176986, 0.10681996481098455], [-0.6967197295301035, -0.717174639895393, -0.015561310176609944]]	0.8201773074800639	0.1798226925199362	[[0.07169026681649067, -0.05195327231522465, -0.8153846815122099], [0.5839647543545518, -0.5692101892447518, 0.08761131112378849], [-0.5714337118342387, -0.5882103651423878, -0.012763033481514065]]	0.9071844936847266	0.14426886833140895	[[0.05713376810298128, -0.029184236543847095, -0.8746180512966475], [0.6336117828379404, -0.6376088228511134, 0.06702159175903982], [-0.6390847265839297, -0.6318625411334267, 0.025071550047948157]]	[[-0.022161644987464275, 0.028280414831791483, 0.027265398427930597], [-0.012301930181651814, -0.008014889172645503, -0.029883823933433504], [-0.0070313915100029475, 0.018747171443601662, 0.03918852934158703]]	0.13895154692939754	[[0.0, 0.0, -0.9434988421119997], [0.7071067811865475, -0.7071067811865476, 0.0], [-0.6671544292990508, -0.6671544292990507, 0.0]]
3	[[-0.5446221603179724, 0.8109226453022452, -0.2139887049042392], [-0.8354447797583356, -0.5021691245819775, 0.22328947644507607], [0.07361197229480154, 0.30038414347728, 0.9509735242804028]]	0.6181772313665425	0.38182276863345754	[[-0.33667301920622933, 0.5012939157253746, -0.13228294514141464], [-0.5164529409106389, -0.31042951911184713, 0.13803247034210192], [0.04550524522863102, 0.18569063816119516, 0.587870180342543]]	0.7863386248393662	0.32780107322055635	[[-0.4704053874433657, 0.5894800567099845, -0.11666745478336595], [-0.6707035490462452, -0.3826601278873327, 0.04256220095180076], [0.14103679850509282, 0.1510492966225654, 0.7441709606866347]]	[[-0.042147946841886365, -0.04817974104808433, 0.05160012916219048], [-0.013761049801848309, 0.012214850973247846, -0.1330189388971224], [0.08315286143908505, -0.08515435768290987, -0.0036162526546630277]]	0.3911671901418333	[[-0.6802145486328006, 0.6802145486328005, 0.0], [-0.7071067811865475, -0.7071067811865476, 0.0], [0.0, 0.0, 0.9619686399999998]]
3	[[0.8489524140446696, -0.5135124485683378, 0.12483895166604869], [0.522794976890395, 0.7815435453534784, -0.34040431673891397], [0.0772347773085365, 0.35425224329800037, 0.9319550081910795]]	0.7563882064263359	0.2436117935736641	[[0.6421375938005558, -0.388414759950201, 0.09442671074282658], [0.3954359548988236, 0.5911503205139973, -0.25747781059792946], [0.05841947468214139, 0.26795221893068044, 0.7049197771156918]]	0.8806855914093127	0.19563172765565737	[[0.7513249741075039, -0.4426924296511203, 0.05372632940739022], [0.4685504793278042, 0.6259911890561378, -0.2721554802390832], [0.03854221540004287, 0.2719624944873576, 0.8057555876524362]]	[[0.00366481526621037, 0.009550584812330471, -0.056217536571542465], [0.008132475919268729, -0.06230295039562116, 0.027633696766410164], [-0.029477340131292162, -0.040022351909617615, -0.01500375990319533]]	0.43302815978940057	[[0.6935303309877657, -0.6935303309877657, 0.0], [0.7071067811865475, 0.7071067811865476, 0.0], [0.0, 0.0, 0.9807999999999999]]
3	[[-0.42203838922340475, -0.825029846081567, 0.3757783270710803], [0.2588054115689476, 0.28760896992378115, 0.9221175843470338], [-0.8688517462515349, 0.4864224845687207, 0.09214016247897017]]	0.45879181207329994	0.5412081879267001	[[-0.19362775735630253, -0.3785169380983178, 0.17240401961481416], [0.1187378037480937, 0.13195264047986666, 0.42305999746722966], [-0.39862206708579273, 0.22316665312848016, 0.042273152108455]]	0.6578138379075033	0.5961729117292695	[[-0.12521987795031297, -0.3903132348301167, 0.35931729624038217], [0.129618960402319, 0.09748230354911425, 0.6521142489287303], [-0.5199461372544627, 0.18699957714628476, -0.03204013301600308]]	[[0.15240281460903554, 0.15240281460903554, 0.11212511270729379], [-0.04062682065308136, -0.09171085677307192, 0.04553254176741204], [0.051596564519895624, -0.13297586427236874, -0.09265120692171538]]	0.6617351516077004	[[0.0, -0.6671544292990507, 0.6671544292990508], [0.0, 0.7071067811865476, 0.7071067811865475], [-0.9434988421119997, 0.0, 0.0]]
3	[[-0.8305561570912853, 0.32773595720904825, 0.4502950280316503], [-0.5100865793185324, -0.772219296347621, -0.37879947194723407], [0.22358030216652452, -0.5443036842615101, 0.808545204538665]]	0.52806085215569	0.47193914784430996	[[-0.43858419207677923, 0.17306452884587079, 0.23778317622386352], [-0.2693567537481251, -0.407778779680392, -0.20002917195258182], [0.11806400488728164, -0.28742546734261465, 0.42696106971508413]]	0.7551907989035004	0.4469219614496121	[[-0.5338779793625883, 0.15029126771420423, 0.2502759814067911], [-0.5532001973368426, -0.5993925920884698, -0.2911566402913449], [0.23363523067723785, -0.33961713076210653, 0.4823437293637589]]	[[0.09335038844540061, -0.0972119116399004, -0.08978268055470502], [-0.16798750599132642, -0.016219684751010807, -0.005090764447289064], [0.06478944366501417, 0.07143600340146193, -0.12826216960138956]]	0.6803644736587987	[[-0.6671544292990508, 0.6671544292990507, 0.0], [-0.7071067811865475, -0.7071067811865476, 0.0], [0.0, 0.0, 0.9434988421119997]]
3	[[0.04673222253661188, -0.9725397674033924, -0.22799671093185395], [-0.8377629715199755, -0.16246744520517667, 0.5213036857710898], [-0.5440306084466285, 0.16664552219444034, -0.8223502702654952]]	0.5575675568982776	0.4424324431017223	[[0.02605637114816527, -0.5422566220975287, -0.12712356909511663], [-0.467109453290234, -0.0905865764985551, 0.290662022477454], [-0.3033338172294701, 0.09291613667799181, -0.45851583110657046]]	0.7527228457745401	0.37459377832166535	[[-0.017066316111204755, -0.8176566367456022, -0.1640906025068156], [-0.6516687597494194, -0.16517088214819017, 0.23510658753780492], [-0.2784179094972148, 0.01918800053532986, -0.6190018356577057]]	[[-0.052242727648332224, -0.08560373539681118, 0.007527730573044664], [-0.021065431742368475, -0.0428779244476306, -0.15729060632856637], [0.13108635828118603, -0.10624989116645353, 0.0]]	0.6225488193914532	[[1.8839167996565212e-16, -0.9434988421119997, 0.0], [-1.0, -1.7938038903913487e-16, 0.0], [0.0, 0.0, -0.9434988421119997]]
3	[[-0.30792515101507295, 0.09349718223056193, 0.9468053539599837], [0.3027085282091916, -0.9338174967034747, 0.1906631317268273], [0.9019698710720718, 0.34531602882779927, 0.2592434992682147]]	0.7167963522344527	0.2832036477655476	[[-0.2207196250088473, 0.06701843916706662, 0.6786666239945659], [0.21698036881060845, -0.6693569752897588, 0.1366666373273867], [0.6465287134098407, 0.2475212698318536, 0.1858247946159513]]	0.8510460515497077	0.2601443979974263	[[-0.2580610227751906, 0.07951553470344451, 0.7451474458469557], [0.24351174917994972, -0.8497656317158695, 0.11918610026615263], [0.6816988143032563, 0.2656304943837723, 0.1785454880717461]]	[[0.003997461169034688, -5.4873064898725704e-05, -0.06062751222681179], [-0.014107148522905986, -0.05504393827834516, -0.04307700516606551], [-0.08591908308942932, -0.028249348486951223, -0.04208266837039753]]	0.46929288673222064	[[0.0, 0.0, 0.9807999999999999], [0.0, -1.0, 0.0], [0.9807999999999999, 0.0, 0.0]]
3	[[-0.3195682178843842, -0.5708200961323295, -0.7563336379995778], [0.910087742671785, 0.03735879733279218, -0.41272826520656647], [0.2638493031197415, -0.8202248094963509, 0.507557688474819]]	0.4706425837509635	0.5293574162490364	[[-0.15040241174979743, -0.26865224490069295, -0.35596281756588716], [0.4283260466511309, 0.017582640902533943, -0.19424749712387135], [0.12417871774116623, -0.3860327235980045, 0.23887826190645545]]	0.6712817587404403	0.5517694136133129	[[-0.26018795341256495, -0.27379554239925974, -0.4754846951139455], [0.5928863743636976, -0.04088019159460685, -0.06933576030882578], [0.28292828790484564, -0.44789432143267155, 0.3161507119005109]]	[[-0.045667638073587286, 0.10938557565683762, 0.032228279596966766], [-0.01803892614513545, -0.06595847077259126, 0.207721195440929], [0.10581106366418601, 0.10270763124858151, -0.024563505881098045]]	0.9073819832282544	[[0.0, 0.0, -0.9434988421119997], [0.7071067811865475, 0.7071067811865476, 0.0], [0.6671544292990508, -0.6671544292990507, 0.0]]
3	[[0.8592155572171323, 0.2624339665249735, -0.4391776855101157], [-0.4266000482917053, 0.8413623931712975, -0.33184593135155627], [0.2824199444684594, 0.4724804086637203, 0.8348660002631537]]	0.6006043411284084	0.3993956588715916	[[0.516048593629674, 0.15761897955444654, -0.2637720244441024], [-0.2562178409295869, 0.505325905800868, -0.19930810695554452], [0.16962264466900073, 0.2837737845415549, 0.5014241440185612]]	0.8040320214882164	0.35189884768696506	[[0.5781105234095517, 0.21368686598452133, -0.29124683860897227], [-0.3238258532926877, 0.7527377939577418, -0.27311791799682267], [0.24983821787687666, 0.35765569316063117, 0.5598853033663544]]	[[-0.11272629795386353, 0.0026815533722759494, 0.06186608366424226], [0.019174245902262802, 0.07625548817205996, -0.0063031629895909415], [0.022763539017311405, -0.022233684930838594, -0.11137369449701093]]	0.6380174346784806	[[0.9434988421119997, 0.0, 0.0], [0.0, 0.7071067811865476, -0.7071067811865475], [0.0, 0.6671544292990507, 0.6671544292990508]]
