3	[[0.8489524140446696, -0.5135124485683378, 0.12483895166604869], [0.522794976890395, 0.7815435453534784, -0.34040431673891397], [0.0772347773085365, 0.35425224329800037, 0.9319550081910795]]	0.7706884914055852	0.22931150859441485	[[0.6542778552552162, -0.3957581343051203, 0.09621194332816181], [0.4029120720540763, 0.6023266159362448, -0.2623456893354626], [0.05952395400796233, 0.2730181269643802, 0.7182469993206628]]	0.8930884299749943	0.19348301970862228	[[0.7733258166879783, -0.44268085973586035, 0.059034784026882406], [0.4647070943109303, 0.6251331492162157, -0.2763542769947093], [0.03924998176341827, 0.292836075252859, 0.820596585103994]]	[[0.015136238105343047, 0.01593116672865135, -0.05245743931627321], [-0.0021950507989259615, -0.07285434866061306, 0.027656879798357993], [-0.029727504242530907, -0.023542504529271813, -0.011721649968710165]]	0.4282245152084649	[[0.7042783540618014, -0.7042783540618013, 0.0], [0.7071067811865475, 0.7071067811865476, 0.0], [0.0, 0.0, 0.996]]
3	[[0.034229894132735264, 0.2773841392786001, 0.9601491309293217], [-0.1827544195208179, -0.9427759796974285, 0.2788803941677556], [0.9825625356654255, -0.18501754344446375, 0.018422055382213542]]	0.8683594106192634	0.1316405893807366	[[0.029723850694661776, 0.24086912769909688, 0.8337545334403837], [-0.15869652002316303, -0.8186683940760577, 0.24216841471278014], [0.8532174243669979, -0.16066172497965853, 0.015996965154094375]]	0.9350174844284805	0.12230882346492511	[[0.01233754266703688, 0.2448060758623778, 0.8901138838363727], [-0.16306971617035504, -0.8280731233378344, 0.25199848120389157], [0.9245300009376198, -0.16682859669136968, 0.0]]	[[-0.019668006837206452, -0.014552944266258139, -0.007642341241353559], [0.007808861438187335, 0.053438901578451714, -0.008759563407266427], [0.005816850546064489, 0.006166041355209929, -0.017224943881479455]]	0.34006279841869974	[[0.0, 0.0, 0.996], [0.0, -1.0, 0.0], [0.996, 0.0, 0.0]]
3	[[-0.30792515101507295, 0.09349718223056193, 0.9468053539599837], [0.3027085282091916, -0.9338174967034747, 0.1906631317268273], [0.9019698710720718, 0.34531602882779927, 0.2592434992682147]]	0.7437498033983497	0.25625019660165044	[[-0.22901927052886772, 0.06953851090228011, 0.7041862958642426], [0.22513940834259, -0.6945265795831483, 0.14180566673714148], [0.6708399142810881, 0.2568287285509746, 0.19281230161303492]]	0.8633876566859129	0.24429844637520767	[[-0.2667910417602568, 0.08397909538774027, 0.7617518237290366], [0.24307238096489514, -0.8495272279819773, 0.12020102600889004], [0.6967967871538703, 0.275579705897373, 0.18281194637251652]]	[[-0.0009322671906970913, 0.0032547823149596394, -0.055708232164149926], [-0.018282425864480333, -0.04328072773085914, -0.044415168509132935], [-0.0819528662323407, -0.022561891048345755, -0.04101569097172355]]	0.4668513888056292	[[0.0, 0.0, 0.996], [0.0, -1.0, 0.0], [0.996, 0.0, 0.0]]
3	[[0.5319609947059123, -0.8460851799387872, 0.03402011756955908], [-0.703274286200726, -0.4190807785627857, 0.5742617690636116], [-0.47161719485230363, -0.3294103357928521, -0.8179645788128509]]	0.5306948367058444	0.4693051632941557	[[0.2823089532193327, -0.44901303640684964, 0.018054300738290778], [-0.3732240324747136, -0.22240400534593557, 0.30475775575962266], [-0.25028481020981164, -0.17481636436280498, -0.4340895785842507]]	0.7312788212424597	0.4733206210671877	[[0.5225723803249693, -0.6314654512441487, 0.11262636350946212], [-0.4285681461754163, -0.2448555071758134, 0.2785386350111312], [-0.291779118284776, -0.06889053027120863, -0.5323573567635368]]	[[0.1335605711694635, -0.012741278187798084, 0.08774817203466506], [0.08572144484758276, 0.06160939057695266, -0.1414068345543163], [0.05310454804449203, 0.17200027179247107, 0.06580281624880972]]	0.6461198547627832	[[0.7014612406455542, -0.701461240645554, 0.0], [-0.7071067811865475, -0.7071067811865476, 0.0], [0.0, 0.0, -0.992016]]
3	[[0.08740825448676931, -0.06334395238859675, -0.994156597696443], [0.7119981850616444, -0.6940087028176986, 0.10681996481098455], [-0.6967197295301035, -0.717174639895393, -0.015561310176609944]]	0.8350064833792139	0.1649935166207861	[[0.07298645919731261, -0.05289261092734253, -0.830127204570751], [0.5945231006807066, -0.5795017663743764, 0.08919536317151158], [-0.5817654912558488, -0.5988454740278062, -0.012993794887344246]]	0.924898166584411	0.11976703656643531	[[0.0755000842641925, -0.024528096374870616, -0.9023730885007729], [0.6282962069141935, -0.6309542709094361, 0.06579503803512932], [-0.6555567077239619, -0.6608761054168705, 0.02167424336867647]]	[[-0.005343650054964056, 0.03405860905355275, 0.01712052600646316], [-0.030229609060749677, 0.010933105920278702, -0.03300255157316159], [-0.011161907258382418, 0.002437404143213655, 0.03606687062067434]]	0.11465194316290574	[[0.0, 0.0, -0.988047936], [0.7071067811865475, -0.7071067811865476, 0.0], [-0.698655395682972, -0.6986553956829719, 0.0]]
3	[[-0.42203838922340475, -0.825029846081567, 0.3757783270710803], [0.2588054115689476, 0.28760896992378115, 0.9221175843470338], [-0.8688517462515349, 0.4864224845687207, 0.09214016247897017]]	0.4721848168394311	0.527815183160569	[[-0.19928011951466187, -0.3895665667590887, 0.17743682054028592], [0.12220398585873707, 0.13580458878483806, 0.4354099226693228], [-0.4102586026644009, 0.2296813117826624, 0.04350718574368795]]	0.6722123284837268	0.5863650170507037	[[-0.13482706678233972, -0.4057228923560144, 0.37956717297994425], [0.12331417601945498, 0.10110928358454375, 0.6598076476538624], [-0.5409305874447808, 0.19120079006334112, -0.032848229490333954]]	[[0.14887234154704654, 0.1488723415470465, 0.12696434874577395], [-0.050658012315496576, -0.09222501178072741, 0.03994883914415328], [0.043122268010115664, -0.13577840091543833, -0.09478598265719142]]	0.654723007147209	[[0.0, -0.6986553956829719, 0.698655395682972], [0.0, 0.7071067811865476, 0.7071067811865475], [-0.988047936, 0.0, 0.0]]
3	[[-0.5446221603179724, 0.8109226453022452, -0.2139887049042392], [-0.8354447797583356, -0.5021691245819775, 0.22328947644507607], [0.07361197229480154, 0.30038414347728, 0.9509735242804028]]	0.6407019305767808	0.3592980694232192	[[-0.34894046955062197, 0.5195597043935787, -0.13710297635377114], [-0.5352710832814592, -0.32174072759572486, 0.14306199863583885], [0.04716333276284386, 0.19245670064054596, 0.6092905729338592]]	0.7969497340279871	0.3226373533314427	[[-0.46550580435898004, 0.6021634064282331, -0.1276972812231851], [-0.6639450791602963, -0.3797880897447325, 0.04891898276181447], [0.13686595294594028, 0.17280742469889412, 0.746647924008089]]	[[-0.03146931854782418, -0.04410118006266308, 0.042840960235241726], [0.0018624158631794143, 0.020415460527941565, -0.1290315061023374], [0.07820091120432265, -0.06658363855154885, -0.011230173234835565]]	0.3824515731297997	[[-0.7014612406455542, 0.701461240645554, 0.0], [-0.7071067811865475, -0.7071067811865476, 0.0], [0.0, 0.0, 0.992016]]
3	[[0.3802729664721569, 0.7767473726770865, -0.5020517802076895], [0.4287143634067757, 0.332951791095048, 0.839849450446521], [0.8195098935212374, -0.5346088512602871, -0.20639019011321075]]	0.5602544293244668	0.43974557067553344	[[0.21304961381838033, 0.43517615600848003, -0.28127673361159167], [0.24018912101366524, 0.18653771571251523, 0.47052937457838273], [0.4591340477204955, -0.299516976874641, -0.1156310181800451]]	0.7263191800633622	0.4369399464734143	[[0.23333093428797957, 0.49222632564239754, -0.32253290672315105], [0.3331592263813154, 0.22282201947794203, 0.489767617884877], [0.6187733780440866, -0.3212709169261996, -0.0503626375118925]]	[[-0.04286861492033981, -0.07194018919679468, 0.04211693062664918], [0.02177576147031981, -0.019007252430841025, -0.12023114634010541], [0.023547624127928123, 0.06702574557578801, 0.09954251614425617]]	0.6706979083384554	[[0.0, 0.6986553956829719, -0.698655395682972], [0.0, 0.7071067811865476, 0.7071067811865475], [0.988047936, 0.0, 0.0]]
3	[[0.8592155572171323, 0.2624339665249735, -0.4391776855101157], [-0.4266000482917053, 0.8413623931712975, -0.33184593135155627], [0.2824199444684594, 0.4724804086637203, 0.8348660002631537]]	0.6277384932744202	0.3722615067255798	[[0.539362679285424, 0.1647399027304165, -0.2756887385818672], [-0.2677932715454299, 0.5281555609871107, -0.2083124649458726], [0.1772858704112761, 0.2965941398362461, 0.5240775250912338]]	0.8192042729280241	0.3273791020262823	[[0.6021802195343983, 0.22205656899338044, -0.2970082522147801], [-0.3259879828046868, 0.7522889292167814, -0.27203944383012113], [0.25483796296979594, 0.37059609521137615, 0.5828234224714147]]	[[-0.10169283630410966, 0.007069542254672084, 0.06276798432974673], [0.023484599587179564, 0.06304126164990623, -0.00018983891314641385], [0.023478337701138694, -0.0164618744407226, -0.10110237226648974]]	0.625141435802018	[[0.988047936, 0.0, 0.0], [0.0, 0.7071067811865476, -0.7071067811865475], [0.0, 0.6986553956829719, 0.698655395682972]]
3	[[0.8787972042104137, -0.3840163418041313, 0.28327887866788265], [-0.395223040501579, -0.9183905790867732, -0.018907472103605397], [0.2674214316928388, -0.09534250611366366, -0.9588511794847616]]	0.716854420955196	0.2831455790448042	[[0.629969660961301, -0.27528381234133326, 0.20306971653630226], [-0.2833173838469114, -0.6583523467819559, -0.013553904966556563], [0.19170223556717944, -0.0683466970125276, -0.6873567070517557]]	0.8524442279565898	0.27504514427364585	[[0.6312578595598044, -0.2763533202132234, 0.24824167593379573], [-0.34438820181468405, -0.8506736218811202, -0.016117565459968664], [0.22119962496710383, -0.08127416901550846, -0.7391043406888216]]	[[-0.11786774471375133, 0.050999193798713184, 0.006762230911344048], [-0.0074826021836595195, -0.06779687372889028, 0.0], [-0.006762230911344048, 0.0, 0.07826281273233177]]	0.4697113788490358	[[0.7014612406455542, -0.701461240645554, 0.0], [-0.7071067811865475, -0.7071067811865476, 0.0], [0.0, 0.0, -0.992016]]
3	[[-0.8305561570912853, 0.32773595720904825, 0.4502950280316503], [-0.5100865793185324, -0.772219296347621, -0.37879947194723407], [0.22358030216652452, -0.5443036842615101, 0.808545204538665]]	0.546814796951421	0.45318520304857907	[[-0.4541603963966237, 0.17921087089494525, 0.24622798432136123], [-0.27892288929770825, -0.4222609377342935, -0.20713315633813228], [0.12225701753152546, -0.297633308589368, 0.4421244818458552]]	0.7703584684654237	0.42616251515805365	[[-0.5554551935072523, 0.15996676280325578, 0.25422597051003876], [-0.5519195288286951, -0.6036749728831153, -0.29528961235074264], [0.23930863485228973, -0.3466096101540755, 0.5008645262787133]]	[[0.0843707756441181, -0.09250740725335621, -0.09266261764201834], [-0.1589700128001036, -0.008789298429315006, -0.0034782312859602616], [0.06707165569624927, 0.07269934243370894, -0.12200511917475546]]	0.681641018643067	[[-0.698655395682972, 0.6986553956829719, 0.0], [-0.7071067811865475, -0.7071067811865476, 0.0], [0.0, 0.0, 0.988047936]]
3	[[0.04673222253661188, -0.9725397674033924, -0.22799671093185395], [-0.8377629715199755, -0.16246744520517667, 0.5213036857710898], [-0.5440306084466285, 0.16664552219444034, -0.8223502702654952]]	0.571539931696599	0.42846006830340094	[[0.026709331276605373, -0.5558453122339613, -0.13030922459304103], [-0.47881499152046675, -0.09285663253548763, 0.29794587295879393], [-0.31093521679244535, 0.0952445703725545, -0.47000601729822084]]	0.7604057675574668	0.3821474287632809	[[-0.0076261025938961745, -0.8189303356436284, -0.10550465135129594], [-0.6602475392536634, -0.11088332661475377, 0.22621073671011793], [-0.3108476909546055, 0.04544737025656941, -0.6253198884623242]]	[[-0.04316155414151475, -0.07940548733109162, 0.0678653626254183], [-0.023207743863792343, 0.012657855759589151, -0.170191592599184], [0.10283632143600893, -0.08127084595770886, 0.0]]	0.6093966009986687	[[1.9728695176028528e-16, -0.988047936, 0.0], [-1.0, -1.7938038903913487e-16, 0.0], [0.0, 0.0, -0.988047936]]
3	[[-0.3195682178843842, -0.5708200961323295, -0.7563336379995778], [0.910087742671785, 0.03735879733279218, -0.41272826520656647], [0.2638493031197415, -0.8202248094963509, 0.507557688474819]]	0.4871787594128065	0.5128212405871936	[[-0.1556868479366757, -0.2780914262816472, -0.36846968346280895], [0.4433754174316416, 0.01820041253774423, -0.2010724442179348], [0.12854177616580917, -0.3995961051300377, 0.247271325001594]]	0.683316751840994	0.5449102761396157	[[-0.25094861144879993, -0.27921804258553284, -0.4967615230977316], [0.5818650745843953, -0.02073311964490955, -0.07825419693611371], [0.30699708956477256, -0.4832550563052822, 0.30584546314025723]]	[[-0.03258229481242745, 0.11083289138917449, 0.020053921728222058], [-0.0400131256283913, -0.046261011691039154, 0.20376994063780565], [0.12670444078148094, 0.07721829629916241, -0.04097720792027921]]	0.9001760523689268	[[0.0, 0.0, -0.988047936], [0.7071067811865475, 0.7071067811865476, 0.0], [0.698655395682972, -0.6986553956829719, 0.0]]
3	[[0.22433838825039393, -0.7661379269479729, -0.6022499185961573], [-0.9416906372873723, -0.011392912655017143, -0.3362869982418849], [0.2507808429735371, 0.642575192824231, -0.724020780340167]]	0.5287604762709935	0.4712395237290065	[[0.11862127301714534, -0.40510345514228185, -0.3184459537910712], [-0.4979287898720064, -0.006024121921580656, -0.17781527335412184], [0.13260299797032865, 0.339768364997666, -0.38283357264276313]]	0.7246553135051101	0.5020003654459652	[[0.2685272485310261, -0.40696957995841293, -0.4178831478585229], [-0.6829853632077405, 0.03587664750488358, -0.03817027933117327], [0.3407217242508488, 0.3598699449135018, -0.48048314245698553]]	[[0.10595924346220578, 0.1482163396822255, 0.01854045571020255], [-0.0005842392194327778, 0.044132582196641346, 0.20552188080749223], [0.15899205386478454, -0.10577558289314795, 0.04418236310463265]]	0.7510290674016283	[[1.9728695176028528e-16, -0.988047936, 0.0], [-1.0, -1.7938038903913487e-16, 0.0], [0.0, 0.0, -0.988047936]]
