3	[[0.8592155572171323, 0.2624339665249735, -0.4391776855101157], [-0.4266000482917053, 0.8413623931712975, -0.33184593135155627], [0.2824199444684594, 0.4724804086637203, 0.8348660002631537]]	0.6258983499483181	0.37410165005168206	[[0.5377815995121277, 0.16425698661837304, -0.27488058869490284], [-0.26700826631365104, 0.526607333594483, -0.20770182087000186], [0.17676617723530444, 0.29572470816552954, 0.52254125199266]]	0.8182091897246196	0.32900490032950513	[[0.6005837213875173, 0.22149977288420766, -0.29663175110420015], [-0.3258353877870193, 0.7523211841268767, -0.27211416860638343], [0.2545137119920195, 0.36973477187084913, 0.581300813501069]]	[[-0.10243434348190004, 0.006773889777591127, 0.06270746710216546], [0.023212692062220402, 0.06391074214542262, -0.000594778001814799], [0.023435118066409272, -0.016853040462650612, -0.10179422010287997]]	0.6259609262823577	[[0.9850748750000003, 0.0, 0.0], [0.0, 0.7071067811865476, -0.7071067811865475], [0.0, 0.6965531240889908, 0.696553124088991]]
3	[[0.8787972042104137, -0.3840163418041313, 0.28327887866788265], [-0.395223040501579, -0.9183905790867732, -0.018907472103605397], [0.2674214316928388, -0.09534250611366366, -0.9588511794847616]]	0.7148123678870633	0.28518763211293685	[[0.6281751104341768, -0.274499630592339, 0.2024912460329813], [-0.2825103174244585, -0.6564769444821875, -0.013515294905136779], [0.19115614681210663, -0.0681520025553947, -0.6853986820588058]]	0.8517333522432945	0.2762549281793295	[[0.6301820528865849, -0.2757986791664415, 0.2480413011856002], [-0.3444979526330307, -0.8506337289913073, -0.016104124597250403], [0.22100852023935977, -0.08120639234346755, -0.7378175981680966]]	[[-0.11831883579758584, 0.051280846954597996, 0.006763232238082966], [-0.00787330746283343, -0.06840984239706928, 0.0], [-0.006763232238082966, 0.0, 0.07886793123689637]]	0.47006893927583504	[[0.7000533910442119, -0.7000533910442118, 0.0], [-0.7071067811865475, -0.7071067811865476, 0.0], [0.0, 0.0, -0.9900250000000003]]
3	[[-0.8305561570912853, 0.32773595720904825, 0.4502950280316503], [-0.5100865793185324, -0.772219296347621, -0.37879947194723407], [0.22358030216652452, -0.5443036842615101, 0.808545204538665]]	0.5455659714678635	0.4544340285321364	[[-0.45312317670212243, 0.17880158587970454, 0.24566564441523614], [-0.27828588017863454, -0.4212965705981198, -0.20666010190440645], [0.12197780475255837, -0.296953568277668, 0.44111474998981914]]	0.7693659745575103	0.42753288382098115	[[-0.554021273781887, 0.15932214188375127, 0.2539701999694538], [-0.5520038882048943, -0.6033967463724287, -0.2950186425211207], [0.23893494004844082, -0.34615162915498, 0.4996378039154704]]	[[0.08498037344339023, -0.09282675223192664, -0.09247147311051823], [-0.15956062999878484, -0.009277494865826358, -0.003583217624566628], [0.06691986298023005, 0.07261710534212013, -0.12242936534822119]]	0.6814769593617044	[[-0.696553124088991, 0.6965531240889908, 0.0], [-0.7071067811865475, -0.7071067811865476, 0.0], [0.0, 0.0, 0.9850748750000003]]
3	[[0.22433838825039393, -0.7661379269479729, -0.6022499185961573], [-0.9416906372873723, -0.011392912655017143, -0.3362869982418849], [0.2507808429735371, 0.642575192824231, -0.724020780340167]]	0.5275879485450814	0.47241205145491866	[[0.11835823003693534, -0.4042051371810624, -0.31773979906358896], [-0.49682463149055517, -0.006010763415613834, -0.17742096752481945], [0.13230895047881464, 0.33901492776809605, -0.38198463820367773]]	0.7236784113996685	0.5026954503372995	[[0.26927157219973, -0.40677793956992125, -0.4152707096117452], [-0.6827929959388502, 0.034365736152310374, -0.03819250247072863], [0.3395335277151056, 0.3578663163046674, -0.4806914021392853]]	[[0.10692272377472288, 0.147659538316823, 0.02056455474350155], [-0.0013118115167831054, 0.04261054108370832, 0.20517113819132174], [0.15804884566254654, -0.10715147844320774, 0.04326680599763506]]	0.7503773882271293	[[-1.9669331037840873e-16, -0.9850748750000003, 0.0], [-1.0, 1.7938038903913487e-16, 0.0], [0.0, 0.0, -0.9850748750000003]]
3	[[0.04673222253661188, -0.9725397674033924, -0.22799671093185395], [-0.8377629715199755, -0.16246744520517667, 0.5213036857710898], [-0.5440306084466285, 0.16664552219444034, -0.8223502702654952]]	0.5705993821038843	0.42940061789611567	[[0.026665377303731915, -0.5549305903518311, -0.13009478237943378], [-0.478027033898812, -0.09270382384607045, 0.29745556098946124], [-0.31042352902524645, 0.09508783199452678, -0.46923255608645387]]	0.7599868325435571	0.36906669319872604	[[-0.008013936573368515, -0.8330749832790715, -0.1386089531707688], [-0.6464246105084064, -0.11178660763591128, 0.23965438127303387], [-0.2762695287585704, 0.031148619616504246, -0.6249753771404118]]	[[-0.043529810356688695, -0.09395756592751964, 0.034665545000679955], [-0.009735783360661943, 0.011686511437014751, -0.15652955566941848], [0.1371865701615269, -0.09549978295361553, 0.0]]	0.6102337557877942	[[1.9669331037840873e-16, -0.9850748750000003, 0.0], [-1.0, -1.7938038903913487e-16, 0.0], [0.0, 0.0, -0.9850748750000003]]
3	[[-0.5446221603179724, 0.8109226453022452, -0.2139887049042392], [-0.8354447797583356, -0.5021691245819775, 0.22328947644507607], [0.07361197229480154, 0.30038414347728, 0.9509735242804028]]	0.6391962144889558	0.3608037855110442	[[-0.34812042320204517, 0.5183386851205654, -0.13678077011818393], [-0.5340131406360875, -0.3209846034660328, 0.14272578807891348], [0.04705249403190305, 0.19200440740318475, 0.6078586767992545]]	0.7962579084670599	0.30476681484469864	[[-0.46585622300255136, 0.6013177552639791, -0.12695400313931737], [-0.6643802617894446, -0.4252858953338722, 0.048504310220142975], [0.09253779817340801, 0.17133624266128028, 0.7465013436204724]]	[[-0.03219652072295093, -0.04438581421296227, 0.043436195463307035], [0.0008492511806510138, -0.02542975849749237, -0.12929170127671813], [0.033923683075814164, -0.06784700716060793, -0.01071884583059002]]	0.3829878562277772	[[-0.7000533910442119, 0.7000533910442118, 0.0], [-0.7071067811865475, -0.7071067811865476, 0.0], [0.0, 0.0, 0.9900250000000003]]
3	[[-0.3195682178843842, -0.5708200961323295, -0.7563336379995778], [0.910087742671785, 0.03735879733279218, -0.41272826520656647], [0.2638493031197415, -0.8202248094963509, 0.507557688474819]]	0.4860765191469718	0.5139234808530282	[[-0.15533460697924253, -0.27746224538714254, -0.36763602207260065], [0.44237228207622625, 0.018159234167040836, -0.20061751850517606], [0.12825095083979818, -0.3986920203179743, 0.24671187448012313]]	0.6825299277153211	0.5478960871963343	[[-0.25159157802225396, -0.2788542099332262, -0.4953370255316147], [0.5825798085527125, 0.04213579807298229, -0.07767086828110889], [0.36862266644482544, -0.48086967654124446, 0.3065552328657377]]	[[-0.033476705369511216, 0.11074758901842527, 0.02088331774090302], [-0.03858231266766059, 0.01663730082990035, 0.20402852473639882], [0.1885376206587706, 0.07895830339461292, -0.03986807956033596]]	0.9006241323602601	[[0.0, 0.0, -0.9850748750000003], [0.7071067811865475, 0.7071067811865476, 0.0], [0.696553124088991, -0.6965531240889908, 0.0]]
3	[[0.08740825448676931, -0.06334395238859675, -0.994156597696443], [0.7119981850616444, -0.6940087028176986, 0.10681996481098455], [-0.6967197295301035, -0.717174639895393, -0.015561310176609944]]	0.8343449126791825	0.16565508732081755	[[0.07292863245720331, -0.05285070442441806, -0.8294694996944719], [0.5940520635429943, -0.5790426305510252, 0.08912469421261425], [-0.581304561896658, -0.598371012299246, -0.012983499980477306]]	0.9240744874487992	0.11927503393598975	[[0.07272519261409127, -0.02538666601919961, -0.9020067502684341], [0.6292557264715092, -0.6326289389951976, 0.06555651054689515], [-0.6557661734847448, -0.6590554115101757, 0.02189122986296521]]	[[-0.0080465453495643, 0.033147864317274074, 0.01666799819174843], [-0.02868363145380506, 0.008686797346073347, -0.033153093685114154], [-0.011945246523748383, 0.003667376262436628, 0.03627103958844782]]	0.11612421090324956	[[0.0, 0.0, -0.9850748750000003], [0.7071067811865475, -0.7071067811865476, 0.0], [-0.696553124088991, -0.6965531240889908, 0.0]]
3	[[0.034229894132735264, 0.2773841392786001, 0.9601491309293217], [-0.1827544195208179, -0.9427759796974285, 0.2788803941677556], [0.9825625356654255, -0.18501754344446375, 0.018422055382213542]]	0.8682029707746469	0.13179702922535308	[[0.029718495775342413, 0.24082573376744904, 0.8336043278595325], [-0.15866792995017026, -0.8185209063482857, 0.24212478670725], [0.8530637124365925, -0.16063278086391072, 0.015994083210612874]]	0.9342686745455144	0.12242148106299305	[[0.012135806056833526, 0.24435725222481144, 0.8887456008670461], [-0.1631618628244267, -0.8280410150034754, 0.2519838509260948], [0.9230772417060698, -0.16650015475178875, 0.0]]	[[-0.019844111764390326, -0.01479405991895462, -0.008291655052318698], [0.007579866468622699, 0.05276504994179013, -0.008565365289744817], [0.005099843851852862, 0.006355940329737512, -0.017211149264344708]]	0.3404811176955507	[[0.0, 0.0, 0.9950000000000001], [0.0, -1.0, 0.0], [0.9950000000000001, 0.0, 0.0]]
3	[[0.5319609947059123, -0.8460851799387872, 0.03402011756955908], [-0.703274286200726, -0.4190807785627857, 0.5742617690636116], [-0.47161719485230363, -0.3294103357928521, -0.8179645788128509]]	0.5298057144956871	0.4701942855043128	[[0.28183597488400225, -0.4482607632816812, 0.018024052696167518], [-0.37259873568701996, -0.22203139131786548, 0.30424716686630404], [-0.24986548488717647, -0.17452347831699627, -0.43336230811010634]]	0.7305095625094968	0.4741592910591534	[[0.5209808856060935, -0.6300348389596204, 0.11201914583057387], [-0.4281834417579565, -0.24478926827487357, 0.278923339428591], [-0.29150127324096575, -0.06863784668900241, -0.5308646940942761]]	[[0.13237829209136068, -0.01196152431676819, 0.08716712462831364], [0.0855651493787146, 0.061353247929166264, -0.1405803742559976], [0.05301959744254673, 0.17199955359714042, 0.0666662525225645]]	0.6467975620521844	[[0.7000533910442119, -0.7000533910442118, 0.0], [-0.7071067811865475, -0.7071067811865476, 0.0], [0.0, 0.0, -0.9900250000000003]]
3	[[0.3802729664721569, 0.7767473726770865, -0.5020517802076895], [0.4287143634067757, 0.332951791095048, 0.839849450446521], [0.8195098935212374, -0.5346088512602871, -0.20639019011321075]]	0.559533082464766	0.44046691753523437	[[0.2127753051081865, 0.43461585173041856, -0.28091458013653164], [0.2398798692539131, 0.18629754198357704, 0.46992355181468154], [0.4585428968323101, -0.29913133845861606, -0.11548213926453388]]	0.7253738582909973	0.437429738556481	[[0.2323774781824479, 0.491181026219365, -0.3216635931500523], [0.3333719449306821, 0.22240158710909297, 0.48961300372349226], [0.6171784497706018, -0.3200280346251575, -0.05089880129190136]]	[[-0.04346259071122364, -0.07225121241680844, 0.04251164372106307], [0.022393753041540503, -0.0191129382224201, -0.1195918325304746], [0.0227273963994574, 0.06776325049003493, 0.09881124722393077]]	0.6712533942347197	[[0.0, 0.6965531240889908, -0.696553124088991], [0.0, 0.7071067811865476, 0.7071067811865475], [0.9850748750000003, 0.0, 0.0]]
3	[[0.8489524140446696, -0.5135124485683378, 0.12483895166604869], [0.522794976890395, 0.7815435453534784, -0.34040431673891397], [0.0772347773085365, 0.35425224329800037, 0.9319550081910795]]	0.7697288798123112	0.23027112018768886	[[0.6534631906765608, -0.39526536180618377, 0.09609214642285092], [0.40241039193334693, 0.6015766376894752, -0.26201903340671945], [0.05944983862025312, 0.27267818240476815, 0.7173526844903929]]	0.8922861767430519	0.19354165599884884	[[0.7718947190832763, -0.44282419450205274, 0.058600850701844474], [0.4649796700682268, 0.6252023960503547, -0.27605301825956113], [0.03924489303541245, 0.2912888501218421, 0.8196910879963296]]	[[0.014386215318573814, 0.015375864940952444, -0.052791220188864764], [-0.0015030610817759825, -0.07215810599131073, 0.027685048070235252], [-0.029670631120822605, -0.024805529653180124, -0.011879483159028308]]	0.4285329926539178	[[0.7035712472806149, -0.7035712472806148, 0.0], [0.7071067811865475, 0.7071067811865476, 0.0], [0.0, 0.0, 0.9950000000000001]]
3	[[-0.30792515101507295, 0.09349718223056193, 0.9468053539599837], [0.3027085282091916, -0.9338174967034747, 0.1906631317268273], [0.9019698710720718, 0.34531602882779927, 0.2592434992682147]]	0.7419972994250563	0.25800270057494396	[[-0.22847963047823686, 0.06937465671892934, 0.7025270157194923], [0.2246089104441536, -0.6928900607098444, 0.1414715288412296], [0.6692592084982436, 0.25622356083841197, 0.1923579763505169]]	0.8625891151963204	0.2453752884851925	[[-0.26624405226725645, 0.08363384830256768, 0.7605999900550873], [0.243083382325603, -0.8495777081419784, 0.12006815476127661], [0.6957322794554024, 0.2748806292327975, 0.1826102039646888]]	[[-0.0006311687064713074, 0.0029841966089581094, -0.05610400248039411], [-0.018029699184743966, -0.04407689990568537, -0.04439578733552685], [-0.08229711356639531, -0.02298521853688097, -0.041010416689478496]]	0.46700084912500756	[[0.0, 0.0, 0.9950000000000001], [0.0, -1.0, 0.0], [0.9950000000000001, 0.0, 0.0]]
3	[[-0.42203838922340475, -0.825029846081567, 0.3757783270710803], [0.2588054115689476, 0.28760896992378115, 0.9221175843470338], [-0.8688517462515349, 0.4864224845687207, 0.09214016247897017]]	0.47130488768299245	0.5286951123170077	[[-0.1989087556308478, -0.3888405989425896, 0.17710616223393827], [0.12197625543125351, 0.13555151326654882, 0.4345985245211912], [-0.4094940746802515, 0.22925329445614306, 0.04342610892824371]]	0.6712697544690404	0.5869892580963045	[[-0.13418168654399606, -0.4046976628422956, 0.3782093052000767], [0.12372584505764056, 0.100870610335691, 0.6593031415798951], [-0.5395323424977012, 0.19092793094992866, -0.03279658095456729]]	[[0.14911991936650812, 0.1491199193665081, 0.12596067985228582], [-0.05000240002150583, -0.09219259228813924, 0.04031349714367717], [0.0437015558785636, -0.13559277083473711, -0.09464748519856309]]	0.6551297990356402	[[0.0, -0.6965531240889908, 0.696553124088991], [0.0, 0.7071067811865476, 0.7071067811865475], [-0.9850748750000003, 0.0, 0.0]]
