3	[[0.8787972042104137, -0.3840163418041313, 0.28327887866788265], [-0.395223040501579, -0.9183905790867732, -0.018907472103605397], [0.2674214316928388, -0.09534250611366366, -0.9588511794847616]]	0.6637883654232614	0.3362116345767386	[[0.5833353597213626, -0.25490557982198475, 0.18803722382988824], [-0.2623444560321545, -0.6096169813121316, -0.012550560001938136], [0.17751123502253782, -0.06328724628854611, -0.6364742571143562]]	0.8329081377069002	0.306168695705012	[[0.604173306856443, -0.26164171741138154, 0.2407180618650486], [-0.34237699216147255, -0.8494855250465857, -0.020997094604526038], [0.21598775845320894, -0.07941154921144035, -0.7043858174102287]]	[[-0.12778403592448306, 0.05820861868971388, 0.004772778582083536], [-0.013192505518443594, -0.08455053813185984, -0.005248907225966901], [-0.0067497282009863655, 0.0, 0.09424913283248892]]	0.481259188780234	[[0.6636716440655854, -0.6636716440655853, 0.0], [-0.7071067811865475, -0.7071067811865476, 0.0], [0.0, 0.0, -0.9385734400000002]]
3	[[0.04673222253661188, -0.9725397674033924, -0.22799671093185395], [-0.8377629715199755, -0.16246744520517667, 0.5213036857710898], [-0.5440306084466285, 0.16664552219444034, -0.8223502702654952]]	0.5469881248683317	0.45301187513166824	[[0.02556197077623092, -0.5319677037318653, -0.12471149338876185], [-0.4582463968758329, -0.08886776320492802, 0.28514692556687843], [-0.2975782823851989, 0.09115312170284089, -0.449815832317489]]	0.7452687310316505	0.38839423046075583	[[-0.01973195814740207, -0.8001009400580783, -0.11285600491419262], [-0.6552181597706863, -0.1277415039729513, 0.23455521559185963], [-0.27900053062095326, 0.009369966170735426, -0.6082466180262696]]	[[-0.05456002233555138, -0.07529746172753539, 0.05706281452138017], [-0.030859613080689366, -0.006659597250935213, -0.15395612078488272], [0.1264484705784423, -0.11482573068722188, 0.004625324358030786]]	0.633500973482191	[[1.8156107178970436e-16, -0.9092899486720003, 0.0], [-1.0, -1.7938038903913487e-16, 0.0], [0.0, 0.0, -0.9092899486720003]]
3	[[0.08740825448676931, -0.06334395238859675, -0.994156597696443], [0.7119981850616444, -0.6940087028176986, 0.10681996481098455], [-0.6967197295301035, -0.717174639895393, -0.015561310176609944]]	0.7858600969736887	0.21413990302631136	[[0.0686906593472734, -0.04977948456679937, -0.7812680002727591], [0.5595309627576343, -0.5453937464969004, 0.08394554790508635], [-0.5475242342120091, -0.5635989320552639, -0.012229012724428343]]	0.8917470707523347	0.1703605846043635	[[0.048919080533053855, -0.03081504621288996, -0.847848895566081], [0.6353640840090147, -0.6383427423230835, 0.06886677371159297], [-0.6213092316160123, -0.6095349942571201, 0.027864544653711715]]	[[-0.029026974365097293, 0.025671737779516535, 0.03868733829882934], [0.00044178809931459673, -0.019462514508773367, -0.026389617006469957], [-1.1453672183369811e-05, 0.030003390087457196, 0.04174129742077213]]	0.16064303895314125	[[0.0, 0.0, -0.9092899486720003], [0.7071067811865475, -0.7071067811865476, 0.0], [-0.6429650887707392, -0.6429650887707391, 0.0]]
3	[[0.8592155572171323, 0.2624339665249735, -0.4391776855101157], [-0.4266000482917053, 0.8413623931712975, -0.33184593135155627], [0.2824199444684594, 0.4724804086637203, 0.8348660002631537]]	0.5800121124458611	0.419987887554139	[[0.49835543038785657, 0.15221487930169633, -0.25472837711180624], [-0.2474331951791784, 0.48800037899578913, -0.19247465964978036], [0.16380698858799395, 0.2740443599183281, 0.4842323924218587]]	0.7919620126006297	0.3708275257198592	[[0.5589513497049814, 0.2087710295490387, -0.28657627332048474], [-0.324258140259915, 0.7528905915829749, -0.272316744930459], [0.24561149461216691, 0.3465126033575767, 0.542861700439188]]	[[-0.12151473224647034, 0.0009332972451543617, 0.06123577038539303], [0.013592892560709741, 0.086563537360552, -0.009507373263950097], [0.021945626992367663, -0.027673932002111188, -0.11832045738105701]]	0.6487417227974153	[[0.9092899486720003, 0.0, 0.0], [0.0, 0.7071067811865476, -0.7071067811865475], [0.0, 0.6429650887707391, 0.6429650887707392]]
3	[[0.3802729664721569, 0.7767473726770865, -0.5020517802076895], [0.4287143634067757, 0.332951791095048, 0.839849450446521], [0.8195098935212374, -0.5346088512602871, -0.20639019011321075]]	0.5405011466210379	0.45949885337896235	[[0.2055379744071843, 0.4198328455668439, -0.27135956286538937], [0.2317206049942706, 0.17996082485640172, 0.45393959095539316], [0.44294603711551345, -0.2889566970999411, -0.1115541344075244]]	0.7001993552792878	0.45125690794272977	[[0.20661258890417536, 0.46414210670817024, -0.2996610111798571], [0.33642031453873134, 0.2148504564352827, 0.48893482370939345], [0.5789955488988171, -0.2893726379808405, -0.059753410630264556]]	[[-0.05965429704977118, -0.0797359028552063, 0.05187532163838571], [0.03623479368233671, -0.018282173028553967, -0.09912722002492481], [0.005175249810248816, 0.08496013499821314, 0.08476086742297526]]	0.6878226758693586	[[0.0, 0.6429650887707391, -0.6429650887707392], [0.0, 0.7071067811865476, 0.7071067811865475], [0.9092899486720003, 0.0, 0.0]]
3	[[-0.3195682178843842, -0.5708200961323295, -0.7563336379995778], [0.910087742671785, 0.03735879733279218, -0.41272826520656647], [0.2638493031197415, -0.8202248094963509, 0.507557688474819]]	0.45790647655512956	0.5420935234448704	[[-0.14633235667044034, -0.26138221896681535, -0.3463300712765096], [0.41673507160284856, 0.01710683525499606, -0.18899094569544994], [0.12081830473308716, -0.37558625249957645, 0.2324139527779705]]	0.661666059633094	0.5600366179765629	[[-0.26668728544895515, -0.2696659892799712, -0.45924756096961566], [0.6018262912259481, -0.05692748932490184, -0.06221639546380601], [0.26442388400577327, -0.42131277787522015, 0.32355873678755237]]	[[-0.055239841937424615, 0.10802629448729113, 0.04119273705352787], [-0.0003478793880692336, -0.08164653754872184, 0.21087188947462546], [0.08984375527359614, 0.12140213983753556, -0.012274958982062557]]	0.9136092766025744	[[0.0, 0.0, -0.9092899486720003], [0.7071067811865475, 0.7071067811865476, 0.0], [0.6429650887707392, -0.6429650887707391, 0.0]]
3	[[0.034229894132735264, 0.2773841392786001, 0.9601491309293217], [-0.1827544195208179, -0.9427759796974285, 0.2788803941677556], [0.9825625356654255, -0.18501754344446375, 0.018422055382213542]]	0.8533476817835182	0.1466523182164818	[[0.02921000080586489, 0.23670511221690999, 0.8193410350449964], [-0.15595306023378247, -0.8045156967159859, 0.23798193785792804], [0.8384674620174263, -0.1578842917876145, 0.01572041825409951]]	0.9139709710605002	0.13148994649856566	[[0.009056722014781969, 0.2340063324139398, 0.8522499439202246], [-0.16522091233129294, -0.826453378409457, 0.2537576952166269], [0.8850664450895566, -0.15853170731047164, 0.0]]	[[-0.022228407565012202, -0.01951471871930336, -0.025298489638142956], [0.0018113219437470122, 0.03521649924711603, -0.001130889450611725], [-0.01296718976023974, 0.010568956534693185, -0.016837223846612022]]	0.3517000457556726	[[0.0, 0.0, 0.9688000000000001], [0.0, -1.0, 0.0], [0.9688000000000001, 0.0, 0.0]]
3	[[0.8489524140446696, -0.5135124485683378, 0.12483895166604869], [0.522794976890395, 0.7815435453534784, -0.34040431673891397], [0.0772347773085365, 0.35425224329800037, 0.9319550081910795]]	0.7454038334389682	0.25459616656103184	[[0.632812383836163, -0.38277414768147006, 0.09305543313437475], [0.38969337987673724, 0.5825655547059649, -0.2537386826163592], [0.057571099080588134, 0.26406098015868357, 0.6946828356982756]]	0.8705177416953157	0.19928841216229257	[[0.7328585754758267, -0.437647219765336, 0.05224244175439173], [0.4709327839084446, 0.626480295167366, -0.2695705812737326], [0.036371868503711734, 0.2609883932605536, 0.7913007167294669]]	[[-0.006169562805125732, 0.009374477294805327, -0.056432080525547636], [0.015830481256163154, -0.0538672269702946, 0.02675741579716371], [-0.030862375419256082, -0.047394469565721145, -0.01998265236267119]]	0.43698989308903796	[[0.6850450496135274, -0.6850450496135273, 0.0], [0.7071067811865475, 0.7071067811865476, 0.0], [0.0, 0.0, 0.9688000000000001]]
3	[[-0.5446221603179724, 0.8109226453022452, -0.2139887049042392], [-0.8354447797583356, -0.5021691245819775, 0.22328947644507607], [0.07361197229480154, 0.30038414347728, 0.9509735242804028]]	0.6009230382120466	0.3990769617879533	[[-0.32727600325588424, 0.4873020997699752, -0.12859074269411652], [-0.5020380153107733, -0.30176499604008555, 0.13417979058615234], [0.04423513004017314, 0.18050775212909045, 0.5714618994697972]]	0.7778051053377586	0.32526757335526857	[[-0.47591284023570757, 0.581982187156887, -0.11140997151378043], [-0.6739215847255016, -0.39812978113244746, 0.043374149160319744], [0.13914142691770526, 0.1292913432447691, 0.7396720622263382]]	[[-0.05230294346030941, -0.04875758639319959, 0.055031535645351855], [-0.02410836980168872, -0.007540072289592387, -0.13030154558685564], [0.08188565905282702, -0.10434897711436905, 0.0]]	0.3988248486372838	[[-0.6636716440655854, 0.6636716440655853, 0.0], [-0.7071067811865475, -0.7071067811865476, 0.0], [0.0, 0.0, 0.9385734400000002]]
3	[[0.5319609947059123, -0.8460851799387872, 0.03402011756955908], [-0.703274286200726, -0.4190807785627857, 0.5742617690636116], [-0.47161719485230363, -0.3294103357928521, -0.8179645788128509]]	0.5062719181350952	0.4937280818649049	[[0.26931691316281536, -0.4283491669532869, 0.0172234301771221], [-0.35604802184993145, -0.21216882961653055, 0.29073260733548767], [-0.2387665418633687, -0.16677120255537306, -0.4141124962821473]]	0.7090844711894723	0.5049983199570378	[[0.4633297025228251, -0.5972369204150626, 0.11030577353217474], [-0.40680181417985695, -0.22210108199769196, 0.30030496700669057], [-0.30465489514970556, -0.057640745753427, -0.4823249118977898]]	[[0.08612442189835756, 0.002708941983081937, 0.08618263645556024], [0.09187906115193846, 0.07506259025517331, -0.1068951358341114], [0.029761534066002546, 0.17593900800659404, 0.09768106892144005]]	0.6648089403937365	[[0.6636716440655854, -0.6636716440655853, 0.0], [-0.7071067811865475, -0.7071067811865476, 0.0], [0.0, 0.0, -0.9385734400000002]]
3	[[-0.30792515101507295, 0.09349718223056193, 0.9468053539599837], [0.3027085282091916, -0.9338174967034747, 0.1906631317268273], [0.9019698710720718, 0.34531602882779927, 0.2592434992682147]]	0.6950618818027786	0.30493811819722144	[[-0.21402703491894137, 0.06498632742443168, 0.658088311024372], [0.21040115925483022, -0.6490609465190773, 0.13252267512845967], [0.6269248759167638, 0.2400160088137127, 0.18019027444650257]]	0.8410855103850071	0.2709338959266686	[[-0.2481057462744637, 0.07597534056884693, 0.7353291696261063], [0.24474615512446468, -0.8496776829217713, 0.1181640214931441], [0.6726627457909784, 0.25873548736656454, 0.17213040570561677]]	[[0.01088563652742936, -0.0026637846671052545, -0.061015094744583914], [-0.009857601822257532, -0.06425731710047938, -0.04219997596691824], [-0.0859710435715742, -0.03170482098418889, -0.045915545190384814]]	0.4714713368110871	[[0.0, 0.0, 0.9688000000000001], [0.0, -1.0, 0.0], [0.9688000000000001, 0.0, 0.0]]
3	[[-0.42203838922340475, -0.825029846081567, 0.3757783270710803], [0.2588054115689476, 0.28760896992378115, 0.9221175843470338], [-0.8688517462515349, 0.4864224845687207, 0.09214016247897017]]	0.4480511918281831	0.551948808171817	[[-0.18909480328879308, -0.3696556058306686, 0.1683679273073983], [0.11595807310505041, 0.12886354175482617, 0.41315588267241365], [-0.38929006042999836, 0.21794217394304136, 0.041283509613945]]	0.6463400909476201	0.6043734721513763	[[-0.11793834475346515, -0.37840787963028377, 0.34391145660465283], [0.13466744606767445, 0.0946217911696467, 0.6460039399067878], [-0.5037806066538958, 0.18360480775659632, -0.03136894882809729]]	[[0.15484198612057734, 0.1548419861205773, 0.10103085850938624], [-0.03260886718353541, -0.09127141660824131, 0.05000237657552626], [0.05779311003831985, -0.13078954515851798, -0.09092282982468336]]	0.6683958891834495	[[0.0, -0.6429650887707391, 0.6429650887707392], [0.0, 0.7071067811865476, 0.7071067811865475], [-0.9092899486720003, 0.0, 0.0]]
3	[[0.22433838825039393, -0.7661379269479729, -0.6022499185961573], [-0.9416906372873723, -0.011392912655017143, -0.3362869982418849], [0.2507808429735371, 0.642575192824231, -0.724020780340167]]	0.4946866487901137	0.5053133512098864	[[0.11097720547856281, -0.37899820359289765, -0.2979249939644518], [-0.4658417855567168, -0.005635921781268916, -0.16635668819196492], [0.12405793479133877, 0.31787336873388, -0.35816341348088016]]	0.6980093928247214	0.5198699952552532	[[0.2866371914781757, -0.40120494423408665, -0.35080703396863167], [-0.6775129096008129, -0.02229896994573415, -0.03895334619220481], [0.2936191920471767, 0.3085235604592598, -0.4845140702651682]]	[[0.13004688930824165, 0.13356652497485863, 0.06956906603941003], [-0.020203999639129076, -0.01434660990090058, 0.19577813726546142], [0.11857180811114626, -0.13999995972821, 0.020859235012552747]]	0.7374451932817575	[[-1.8156107178970436e-16, -0.9092899486720003, 0.0], [-1.0, 1.7938038903913487e-16, 0.0], [0.0, 0.0, -0.9092899486720003]]
3	[[-0.8305561570912853, 0.32773595720904825, 0.4502950280316503], [-0.5100865793185324, -0.772219296347621, -0.37879947194723407], [0.22358030216652452, -0.5443036842615101, 0.808545204538665]]	0.5135970979259233	0.48640290207407666	[[-0.4265712319465914, 0.1683242365085418, 0.2312702196075279], [-0.2619789868289594, -0.39660958956653675, -0.19455030948797164], [0.11483019434612807, -0.2795527926270997, 0.4152664705929805]]	0.7425125558548052	0.46176070577789424	[[-0.5169485322396286, 0.14061201711121057, 0.2498683957604843], [-0.553638259201732, -0.5954360684218508, -0.2883874153420129], [0.22724272592583591, -0.33432978318517154, 0.4665736346422367]]	[[0.0997498427431669, -0.10273604612160098, -0.08448131639200748], [-0.17489256948469373, -0.02205354501037941, -0.007124051270021528], [0.061231544325380166, 0.06982253657702918, -0.1337813317039138]]	0.6803770189231353	[[-0.6636716440655854, 0.6636716440655853, 0.0], [-0.7071067811865475, -0.7071067811865476, 0.0], [0.0, 0.0, 0.9385734400000002]]
