3	[[-0.5446221603179724, 0.8109226453022452, -0.2139887049042392], [-0.8354447797583356, -0.5021691245819775, 0.22328947644507607], [0.07361197229480154, 0.30038414347728, 0.9509735242804028]]	0.6446315206974035	0.3553684793025966	[[-0.35108061141127955, 0.5227462980091475, -0.13794386425448768], [-0.5385540388343232, -0.3237140464265639, 0.14393943475651644], [0.04745259764193305, 0.19363708720314604, 0.6130275090998454]]	0.7987443748601675	0.3039594875764955	[[-0.4645760987016572, 0.6043697206243763, -0.1296414611733245], [-0.6628197915253542, -0.4223920519538079, 0.04999481027881538], [0.09313961498977885, 0.17665888235826588, 0.7470183155530414]]	[[-0.029562211723484534, -0.04335018075751889, 0.041280813152548904], [0.004487026812907935, -0.021287288465498926, -0.128356402997161], [0.03434246619694363, -0.06327126254140095, -0.012566437606879305]]	0.381083366755659	[[-0.7051282681285163, 0.7051282681285161, 0.0], [-0.7071067811865475, -0.7071067811865476, 0.0], [0.0, 0.0, 0.9972019599999998]]
3	[[0.04673222253661188, -0.9725397674033924, -0.22799671093185395], [-0.8377629715199755, -0.16246744520517667, 0.5213036857710898], [-0.5440306084466285, 0.16664552219444034, -0.8223502702654952]]	0.5740002187082219	0.42599978129177807	[[0.02682430595673649, -0.5582380391919907, -0.1308701619396394], [-0.4808761288781158, -0.09325634908073747, 0.29922842964600765], [-0.3122736882323317, 0.09565456618635461, -0.4720292349871597]]	0.7614892992543923	0.38004936636120634	[[-0.006611964824687389, -0.8185694044989934, -0.10739168436908446], [-0.6592108442262583, -0.1085470845123766, 0.22822841069622582], [-0.3128077073035941, 0.046197797138959086, -0.6262109310461321]]	[[-0.042198052216692164, -0.07799077852195455, 0.06622537127071927], [-0.021263306102234706, 0.01517013648856464, -0.16873876768033327], [0.10146577949536972, -0.08070098478076759, 0.0]]	0.6072402505909354	[[1.9883600674695707e-16, -0.9958058772559998, 0.0], [-1.0, -1.7938038903913487e-16, 0.0], [0.0, 0.0, -0.9958058772559998]]
3	[[0.8592155572171323, 0.2624339665249735, -0.4391776855101157], [-0.4266000482917053, 0.8413623931712975, -0.33184593135155627], [0.2824199444684594, 0.4724804086637203, 0.8348660002631537]]	0.6325680911198309	0.36743190888016913	[[0.5435123448893032, 0.1660073532497081, -0.2778097901855593], [-0.26985357821951167, 0.5322190029883803, -0.20991514734093641], [0.178649845166582, 0.29887603019992726, 0.5281095921273113]]	0.821789496385915	0.32314393015758325	[[0.6063402900763131, 0.22350578965218035, -0.29798583052147143], [-0.3263887412204587, 0.7522034615085614, -0.2718450227146793], [0.2556782994658433, 0.3728442865870868, 0.5867897903170901]]	[[-0.09975402997609743, 0.007840312467064249, 0.06292577847781831], [0.02418669762338881, 0.060780684146272634, 0.0008624780884310783], [0.023588555531769913, -0.015435150500883173, -0.0992943195888902]]	0.6230306316553509	[[0.9958058772559998, 0.0, 0.0], [0.0, 0.7071067811865476, -0.7071067811865475], [0.0, 0.7041410885531362, 0.7041410885531363]]
3	[[-0.30792515101507295, 0.09349718223056193, 0.9468053539599837], [0.3027085282091916, -0.9338174967034747, 0.1906631317268273], [0.9019698710720718, 0.34531602882779927, 0.2592434992682147]]	0.7482922507944267	0.2517077492055734	[[-0.23041800432928267, 0.06996321693424386, 0.70848710937893], [0.22651444590832417, -0.6987683964394604, 0.1426717439833819], [0.6749370649732794, 0.258397308446947, 0.19398990157123572]]	0.8654583147528849	0.24150833358741156	[[-0.2682206266877022, 0.08488256956090484, 0.7647505433592385], [0.2430442942276519, -0.8493952760796084, 0.12054767281841328], [0.699568789241936, 0.2774047558913696, 0.18333805712679735]]	[[-0.001724244420169549, 0.003964655793499328, -0.05467002267797763], [-0.018937318457601212, -0.04121515909586135, -0.044463319851394005], [-0.08104853533397625, -0.021451872475096143, -0.041026384860512556]]	0.466470264548758	[[0.0, 0.0, 0.9985999999999999], [0.0, -1.0, 0.0], [0.9985999999999999, 0.0, 0.0]]
3	[[0.3802729664721569, 0.7767473726770865, -0.5020517802076895], [0.4287143634067757, 0.332951791095048, 0.839849450446521], [0.8195098935212374, -0.5346088512602871, -0.20639019011321075]]	0.5617380933216374	0.43826190667836296	[[0.21361381112783234, 0.4363285881202178, -0.28202160976260116], [0.2408251890797216, 0.18703170429775634, 0.4717754289710537], [0.46034992504483785, -0.3003101567798244, -0.11593723187448524]]	0.7287712463457046	0.43570315188897335	[[0.2358236643312719, 0.4949496037090997, -0.32480036412618213], [0.3326074260745616, 0.22391324490692502, 0.49016865573417634], [0.6229318932653984, -0.3245180149723337, -0.04895659952525351]]	[[-0.04130833939622025, -0.0711215471725321, 0.04108053746585533], [0.020172725128300338, -0.018732446862447693, -0.12188947501048972], [0.025696646771290646, 0.06508954386807111, 0.10145463655707798]]	0.6692838090191414	[[0.0, 0.7041410885531362, -0.7041410885531363], [0.0, 0.7071067811865476, 0.7071067811865475], [0.9958058772559998, 0.0, 0.0]]
3	[[0.8787972042104137, -0.3840163418041313, 0.28327887866788265], [-0.395223040501579, -0.9183905790867732, -0.018907472103605397], [0.2674214316928388, -0.09534250611366366, -0.9588511794847616]]	0.7221982006760176	0.27780179932398247	[[0.6346657596398756, -0.2773359110811301, 0.20458349646346477], [-0.2854293687159452, -0.6632600237342735, -0.013654942332555809], [0.19313127679077272, -0.06885618636323011, -0.6924805965399721]]	0.8542885685130213	0.2718968743118727	[[0.6340585380143389, -0.27779816807578284, 0.24876142087502284], [-0.3441037551010026, -0.8507769991878966, -0.01615243727758894], [0.2216955589427143, -0.0814500130662857, -0.742454468698516]]	[[-0.11668786758382069, 0.05026260284967557, 0.0067595131278635765], [-0.006469229587544858, -0.06620642604401239, 0.0], [-0.0067595131278635765, 0.0, 0.07668113284054316]]	0.46880783262822107	[[0.7051282681285163, -0.7051282681285161, 0.0], [-0.7071067811865475, -0.7071067811865476, 0.0], [0.0, 0.0, -0.9972019599999998]]
3	[[-0.42203838922340475, -0.825029846081567, 0.3757783270710803], [0.2588054115689476, 0.28760896992378115, 0.9221175843470338], [-0.8688517462515349, 0.4864224845687207, 0.09214016247897017]]	0.4744753388240248	0.5255246611759754	[[-0.2002468077235206, -0.39145631575948453, 0.17829754905977602], [0.12279678534366759, 0.13646336345341478, 0.4375220532686502], [-0.4122487266905426, 0.23079547317736776, 0.043718234811510076]]	0.6746599011004792	0.5847563396206588	[[-0.1365139045121408, -0.40839608094040664, 0.38311469390574693], [0.12224590448623769, 0.10172984100428312, 0.6611182633440565], [-0.5445777914558605, 0.19190782926156527, -0.03298148503008289]]	[[0.148218473421927, 0.14821847342192698, 0.12959212492826844], [-0.05235972888713733, -0.09230839820010572, 0.03900250508547386], [0.04160164174117871, -0.1362619160706172, -0.09514475793552699]]	0.6537040371469518	[[0.0, -0.7041410885531362, 0.7041410885531363], [0.0, 0.7071067811865476, 0.7071067811865475], [-0.9958058772559998, 0.0, 0.0]]
3	[[0.22433838825039393, -0.7661379269479729, -0.6022499185961573], [-0.9416906372873723, -0.011392912655017143, -0.3362869982418849], [0.2507808429735371, 0.642575192824231, -0.724020780340167]]	0.5318441212686625	0.4681558787313375	[[0.11931305296585881, -0.40746595252823936, -0.3203030787398968], [-0.5008326294950294, -0.00605925361969822, -0.17885226307403154], [0.1333763170622753, 0.3417498387766445, -0.38506619570026746]]	0.7271943677323169	0.5002666888762162	[[0.2665632022143562, -0.4074605731036463, -0.42472942407584], [-0.6834824143047912, 0.03980517968391665, -0.03811481721053683], [0.34382077808695505, 0.36512222380290527, -0.4799197077016438]]	[[0.10342558981252392, 0.14967061227903278, 0.013223324694531956], [0.0013097132768420776, 0.0480900415987114, 0.20643119385256942], [0.16145436154143628, -0.10215483726338295, 0.0465841258828828]]	0.7527803722711104	[[-1.9883600674695707e-16, -0.9958058772559998, 0.0], [-1.0, 1.7938038903913487e-16, 0.0], [0.0, 0.0, -0.9958058772559998]]
3	[[0.08740825448676931, -0.06334395238859675, -0.994156597696443], [0.7119981850616444, -0.6940087028176986, 0.10681996481098455], [-0.6967197295301035, -0.717174639895393, -0.015561310176609944]]	0.8367247778252849	0.16327522217471518	[[0.07313665231553801, -0.05300145448892404, -0.8318354583310975], [0.5957465232077104, -0.5806942776739532, 0.08937891132377578], [-0.5829626608975684, -0.6000777912284013, -0.013020533800194294]]	0.9270283058075974	0.11847198335011905	[[0.07978773805396311, -0.02200389197975513, -0.9043482134724601], [0.6274616621214282, -0.6277433495923503, 0.06746472417999315], [-0.6572576159160846, -0.6637112406013667, 0.020370263457937517]]	[[-0.0012421880165059689, 0.03671774488620282, 0.017263092997518693], [-0.03258080911435234, 0.015622362396469079, -0.03156040682516106], [-0.011378705427065058, 0.00112995078903318, 0.03479603846710676]]	0.11091520664289609	[[0.0, 0.0, -0.9958058772559998], [0.7071067811865475, -0.7071067811865476, 0.0], [-0.7041410885531363, -0.7041410885531362, 0.0]]
3	[[0.034229894132735264, 0.2773841392786001, 0.9601491309293217], [-0.1827544195208179, -0.9427759796974285, 0.2788803941677556], [0.9825625356654255, -0.18501754344446375, 0.018422055382213542]]	0.8687635816803381	0.13123641831966207	[[0.029737685427293877, 0.24098123834099439, 0.8341425979334214], [-0.1587703840708168, -0.8190494368441277, 0.24228113009760385], [0.8536145477096099, -0.16073650371650985, 0.016004410815765382]]	0.9368283308944992	0.12244118566392959	[[0.012663053617501693, 0.2506341054302557, 0.8915334269921069], [-0.16295486926016173, -0.8262551380310189, 0.25650233289799407], [0.9280474046269891, -0.1676075530345906, -0.00028782476867263997]]	[[-0.019404480969564097, -0.009227214786722606, -0.007961480746213744], [0.008254648543119207, 0.05696410943634948, -0.004760721289384547], [0.007554984340081667, 0.005722123376686875, -0.017546128164037784]]	0.338978547778672	[[0.0, 0.0, 0.9985999999999999], [0.0, -1.0, 0.0], [0.9985999999999999, 0.0, 0.0]]
3	[[0.8489524140446696, -0.5135124485683378, 0.12483895166604869], [0.522794976890395, 0.7815435453534784, -0.34040431673891397], [0.0772347773085365, 0.35425224329800037, 0.9319550081910795]]	0.7731966027235371	0.22680339727646287	[[0.6564071224132842, -0.3970460806892839, 0.0965250533157567], [0.4042233000525835, 0.6042868141478182, -0.26319946125495514], [0.05971766742706937, 0.27390663102520585, 0.7205844462245288]]	0.8950883369789195	0.19358910566674717	[[0.776705873622522, -0.4410313701092685, 0.0607947526756033], [0.46379559016148597, 0.6249553181836498, -0.27733944116965326], [0.03881852780598629, 0.29815247038125237, 0.8222517349401784]]	[[0.01681846916103958, 0.018607633497737853, -0.050947136961351926], [-0.0041520962842703756, -0.07459519410340403, 0.027352492600626624], [-0.03031342057204884, -0.018934580943406405, -0.011930323480750165]]	0.42742753965621005	[[0.7061168316928863, -0.7061168316928862, 0.0], [0.7071067811865475, 0.7071067811865476, 0.0], [0.0, 0.0, 0.9985999999999999]]
3	[[-0.3195682178843842, -0.5708200961323295, -0.7563336379995778], [0.910087742671785, 0.03735879733279218, -0.41272826520656647], [0.2638493031197415, -0.8202248094963509, 0.507557688474819]]	0.490054248077417	0.509945751922583	[[-0.15660576272477203, -0.2797328129976076, -0.3706445122655404], [0.4459923644194954, 0.018307837335998133, -0.20225923966610068], [0.1293004718460954, -0.40195465227217686, 0.24873080138143927]]	0.6853592425137552	0.5441181374765476	[[-0.24925351429939974, -0.28016890974651604, -0.5004816459776097], [0.580013569747653, -0.017307059153417625, -0.07976860599029745], [0.31118277051632254, -0.48949636545020336, 0.30397904917282725]]	[[-0.03023448255868751, 0.11104791895036623, 0.017878603249453662], [-0.04372347619093502, -0.04291125619464499, 0.20309852521569122], [0.13035121199239433, 0.07265228867720484, -0.043880303732307196]]	0.899029433244808	[[0.0, 0.0, -0.9958058772559998], [0.7071067811865475, 0.7071067811865476, 0.0], [0.7041410885531363, -0.7041410885531362, 0.0]]
3	[[-0.8305561570912853, 0.32773595720904825, 0.4502950280316503], [-0.5100865793185324, -0.772219296347621, -0.37879947194723407], [0.22358030216652452, -0.5443036842615101, 0.808545204538665]]	0.5500716935705962	0.4499283064294038	[[-0.4568654319366893, 0.1802782730259616, 0.247694548675789], [-0.2805841885533774, -0.4247759761498299, -0.20836686705766258], [0.12298519546176576, -0.2994060494184439, 0.4447578299889675]]	0.7729353855082053	0.4225966462038972	[[-0.5591928825720336, 0.161648086115141, 0.254888252533031], [-0.5517001350034888, -0.6043960707347839, -0.29599350349063225], [0.2402805401091882, -0.3477990016413466, 0.5040594070730442]]	[[0.08277336089553256, -0.09167063231513538, -0.09316070855104076], [-0.15743616817535727, -0.007520451215460244, -0.0032059876107922566], [0.0674674130620646, 0.0729125763868601, -0.12089379229785947]]	0.6821228798482819	[[-0.7041410885531363, 0.7041410885531362, 0.0], [-0.7071067811865475, -0.7071067811865476, 0.0], [0.0, 0.0, 0.9958058772559998]]
3	[[0.5319609947059123, -0.8460851799387872, 0.03402011756955908], [-0.703274286200726, -0.4190807785627857, 0.5742617690636116], [-0.47161719485230363, -0.3294103357928521, -0.8179645788128509]]	0.5330030909204506	0.4669969090795495	[[0.2835368544273687, -0.4509660160893592, 0.018132827818052137], [-0.37484736830986065, -0.22337135031931374, 0.306083297908351], [-0.25137342258751033, -0.17557672715873374, -0.43597764877069406]]	0.7332737018598722	0.4712134918367924	[[0.5267220216142376, -0.6351905373302262, 0.11421376561123012], [-0.4295650414398345, -0.24502704124014482, 0.2775417397467129], [-0.29249816514541, -0.06955025956468984, -0.5362466478733597]]	[[0.1366490137811735, -0.01477852534773557, 0.08926770806329146], [0.08612749782543103, 0.0622738726349064, -0.14354931349116057], [0.05332632118470728, 0.17199767679303837, 0.06354526682299047]]	0.644361292456271	[[0.7051282681285163, -0.7051282681285161, 0.0], [-0.7071067811865475, -0.7071067811865476, 0.0], [0.0, 0.0, -0.9972019599999998]]
