3	[[0.22433838825039393, -0.7661379269479729, -0.6022499185961573], [-0.9416906372873723, -0.011392912655017143, -0.3362869982418849], [0.2507808429735371, 0.642575192824231, -0.724020780340167]]	0.44270529602959013	0.5572947039704098	[[0.0993157925811918, -0.3391733177489989, -0.2666192284959084], [-0.4168914323485996, -0.005043702769578682, -0.1488760351075759], [0.11102200732714991, 0.2844714409605222, -0.32052783389206857]]	0.6590930705879349	0.555719758917274	[[0.27866963729461164, -0.39213900928369383, -0.27971612559779546], [-0.6795869449993905, -0.049979218744578224, -0.04019976866130754], [0.25327379751277246, 0.25327379751277246, -0.4750656097205312]]	[[0.1308097601319112, 0.1128171894823205, 0.11722262251107968], [-0.0589251713257471, -0.042470228959842836, 0.18144466160873582], [0.0879858816727132, -0.17024305940938433, 0.00213146956334212]]	0.7313017458484313	[[1.6143912201182033e-16, -0.8085156664959999, 0.0], [-1.0, -1.7938038903913487e-16, 0.0], [0.0, 0.0, -0.8085156664959999]]
3	[[0.034229894132735264, 0.2773841392786001, 0.9601491309293217], [-0.1827544195208179, -0.9427759796974285, 0.2788803941677556], [0.9825625356654255, -0.18501754344446375, 0.018422055382213542]]	0.7879504718353139	0.21204952816468628	[[0.02697146123276159, 0.2185649634242053, 0.7565499607480255], [-0.14400143109141736, -0.742860778037589, 0.21974393817010132], [0.7742106135852743, -0.14578466065487589, 0.014515667230591445]]	0.8829202899554501	0.17988113351471924	[[0.00917915167675015, 0.2176409186478137, 0.8013701074064862], [-0.167428883585462, -0.8245053725001008, 0.25625262624840883], [0.8316105690251275, -0.14843611519125655, 0.0]]	[[-0.02104311637606883, -0.027267166033090873, -0.04636504167410408], [-0.006071298511501537, 0.007890668857386169, 0.010023467766923824], [-0.03591382986395236, 0.014919627913574431, -0.01626520647963934]]	0.3684964128171656	[[0.0, 0.0, 0.9316], [0.0, -1.0, 0.0], [0.9316, 0.0, 0.0]]
3	[[-0.30792515101507295, 0.09349718223056193, 0.9468053539599837], [0.3027085282091916, -0.9338174967034747, 0.1906631317268273], [0.9019698710720718, 0.34531602882779927, 0.2592434992682147]]	0.6254804680331892	0.37451953196681087	[[-0.1926011675760983, 0.058480661301356276, 0.59220825593122], [0.189338271901923, -0.5840846048956705, 0.11925606486916955], [0.5641645371099948, 0.2159884313305741, 0.1621517452568447]]	0.8095468260226034	0.2989367672810691	[[-0.20826037711652653, 0.06947529164276878, 0.7159427716157627], [0.2526187163197122, -0.8450256059805383, 0.1215225675426239], [0.6560201290355887, 0.24291895610132094, 0.13878508547375779]]	[[0.04101945154025665, -0.0062150554740396, -0.05054049754374983], [0.007561988097987492, -0.08905661543986743, -0.03282816558635866], [-0.07416671725882377, -0.03663053901095382, -0.07108466652581855]]	0.4795579108370886	[[0.0, 0.0, 0.9316], [0.0, -1.0, 0.0], [0.9316, 0.0, 0.0]]
3	[[0.8787972042104137, -0.3840163418041313, 0.28327887866788265], [-0.395223040501579, -0.9183905790867732, -0.018907472103605397], [0.2674214316928388, -0.09534250611366366, -0.9588511794847616]]	0.598730630273751	0.4012693697262491	[[0.5261628039597113, -0.22992234636380776, 0.16960774156806277], [-0.23663214013821865, -0.5498685702540989, -0.011320482689475025], [0.1601134023461622, -0.05708447877731279, -0.5740935710316409]]	0.8051109272678126	0.348768068380426	[[0.5668079921946968, -0.24221963086777787, 0.23134013112660465], [-0.3454735761598131, -0.8477595471265039, -0.022067389909203178], [0.2074775036334417, -0.07676129350520883, -0.6592057070311388]]	[[-0.14072123976751072, 0.06695612216813956, 0.003269210446919456], [-0.027275187543982518, -0.10835325640392852, -0.006844777511579136], [-0.007826413208065727, 0.0, 0.11277585519567344]]	0.5021687197235994	[[0.613682815022416, -0.6136828150224158, 0.0], [-0.7071067811865475, -0.7071067811865476, 0.0], [0.0, 0.0, -0.86787856]]
3	[[0.08740825448676931, -0.06334395238859675, -0.994156597696443], [0.7119981850616444, -0.6940087028176986, 0.10681996481098455], [-0.6967197295301035, -0.717174639895393, -0.015561310176609944]]	0.6671259219452931	0.33287407805470703	[[0.05831231236011477, -0.042258392636901364, -0.6632276367962354], [0.47499244563262494, -0.46299119570531383, 0.07126236750669182], [-0.46479979190024556, -0.47844579283599764, -0.010381353398247584]]	0.8398854747652075	0.25715847855072477	[[0.03881513202214461, -0.030226483820787575, -0.7571803149324341], [0.6357749204988703, -0.639213370575325, 0.07133186068767718], [-0.5567806869507942, -0.541480426654095, 0.02744644306550956]]	[[-0.0345977912958737, 0.02297518170461371, 0.07779737111480638], [0.03777798680640496, -0.0563255417180967, -0.01838467617199934], [0.02838409386388377, 0.060864136264013824, 0.040516161451160264]]	0.23638439562236307	[[0.0, 0.0, -0.8085156664959999], [0.7071067811865475, -0.7071067811865476, 0.0], [-0.5717069104748826, -0.5717069104748826, 0.0]]
3	[[-0.5446221603179724, 0.8109226453022452, -0.2139887049042392], [-0.8354447797583356, -0.5021691245819775, 0.22328947644507607], [0.07361197229480154, 0.30038414347728, 0.9509735242804028]]	0.5501523137950876	0.4498476862049124	[[-0.2996251416430115, 0.44613096962186327, -0.11772638112908143], [-0.4596218786320757, -0.27626950580522847, 0.12284322211235231], [0.04049779688100493, 0.16525703156138116, 0.5231802847407326]]	0.7481976799962277	0.3617141716415739	[[-0.4728458052362181, 0.5498335145410596, -0.09065552487353473], [-0.6784150415628116, -0.4535409764853183, 0.04227064087058581], [0.10869720610093696, 0.08925343391888421, 0.7115161846044336]]	[[-0.06536076841177764, -0.056896927330483835, 0.06945032768121442], [-0.053337195582665586, -0.07781920250734622, -0.12479402737319244], [0.05362089921001987, -0.13549328533847066, 0.0]]	0.42608119998251986	[[-0.613682815022416, 0.6136828150224158, 0.0], [-0.7071067811865475, -0.7071067811865476, 0.0], [0.0, 0.0, 0.86787856]]
3	[[0.8592155572171323, 0.2624339665249735, -0.4391776855101157], [-0.4266000482917053, 0.8413623931712975, -0.33184593135155627], [0.2824199444684594, 0.4724804086637203, 0.8348660002631537]]	0.5204761718883787	0.4795238281116213	[[0.4472012240473133, 0.13659062627040114, -0.22858152053310335], [-0.2220351600622642, 0.43790907756864184, -0.17271790000659173], [0.14699285156187228, 0.24591479439354993, 0.4345278598567285]]	0.7550947263838903	0.4341826331171829	[[0.48321701598279027, 0.1945085570115435, -0.2895727165035929], [-0.3533776658640443, 0.7490385327359496, -0.2524969120378779], [0.24115049963927299, 0.321049281798499, 0.4792243484478319]]	[[-0.165572120098862, -0.003653947135470439, 0.04204803777057817], [-0.03125421912386474, 0.11373022667457397, -0.0019217993023672398], [0.027896688945508178, -0.03571818310318152, -0.15117856558808718]]	0.6842877177436301	[[0.8085156664959999, 0.0, 0.0], [0.0, 0.7071067811865476, -0.7071067811865475], [0.0, 0.5717069104748826, 0.5717069104748826]]
3	[[0.5319609947059123, -0.8460851799387872, 0.03402011756955908], [-0.703274286200726, -0.4190807785627857, 0.5742617690636116], [-0.47161719485230363, -0.3294103357928521, -0.8179645788128509]]	0.4722427133300948	0.5277572866699052	[[0.25121470352569625, -0.39955756108267443, 0.016065752628857413], [-0.3321161571307165, -0.19790784397297861, 0.2711909359843402], [-0.22271778375017987, -0.15556163077379415, -0.38627781210648887]]	0.6758686762087522	0.5388290404399263	[[0.41261690799586875, -0.5524484383995252, 0.09851559880385047], [-0.40488445011762786, -0.22948997200250554, 0.3022223310689196], [-0.28433881588246834, -0.04329358456911576, -0.45364767364486186]]	[[0.05308113470929281, 0.019394032125546842, 0.07552246697764645], [0.07043661070851198, 0.0537535990292576, -0.0859032105853998], [0.034412473279643314, 0.17934454301267977, 0.0991889634230292]]	0.6911584283544117	[[0.613682815022416, -0.6136828150224158, 0.0], [-0.7071067811865475, -0.7071067811865476, 0.0], [0.0, 0.0, -0.86787856]]
3	[[0.04673222253661188, -0.9725397674033924, -0.22799671093185395], [-0.8377629715199755, -0.16246744520517667, 0.5213036857710898], [-0.5440306084466285, 0.16664552219444034, -0.8223502702654952]]	0.5161204568007108	0.48387954319928905	[[0.024119456042908577, -0.501947669009096, -0.11767376659520806], [-0.4323866075516107, -0.08385277203454025, 0.2690554964320691], [-0.2807853261450426, 0.08600916303878756, -0.42443179713961543]]	0.7120662235455061	0.4495594071163768	[[-1.0829941449293712e-16, -0.730567100646197, -0.099756727538575], [-0.6708374843924609, -0.12338255357611978, 0.23275304689851362], [-0.2661330506919294, 0.0, -0.5423826158040705]]	[[-0.033276437219533404, -0.038054381223438724, 0.0625920293954666], [-0.07429476903597074, -0.007694973419783299, -0.1384496999488594], [0.12125277015782525, -0.11866264765976395, 0.043185235575506874]]	0.6697906003994298	[[1.6143912201182033e-16, -0.8085156664959999, 0.0], [-1.0, -1.7938038903913487e-16, 0.0], [0.0, 0.0, -0.8085156664959999]]
3	[[-0.42203838922340475, -0.825029846081567, 0.3757783270710803], [0.2588054115689476, 0.28760896992378115, 0.9221175843470338], [-0.8688517462515349, 0.4864224845687207, 0.09214016247897017]]	0.41510975173280373	0.5848902482671964	[[-0.17519225097223992, -0.3424779345790726, 0.15598924805704445], [0.1074326501434919, 0.11938928810118814, 0.38278000150674985], [-0.3606688326790877, 0.20191871680657525, 0.0382482799712655]]	0.6101972480317948	0.6320044071263442	[[-0.09701975001083168, -0.34292402796600596, 0.2992949638724911], [0.15070438217842136, 0.08579436661632578, 0.6268738855317155], [-0.45584318529500684, 0.17268892064646196, -0.029124625918129417]]	[[0.16050691365706138, 0.16050691365706138, 0.06999606282372622], [-0.007217967736686481, -0.08970383534042461, 0.06420027320142904], [0.07432775921529909, -0.12412474081815955, -0.08534829949599942]]	0.6938772593160719	[[0.0, -0.5717069104748826, 0.5717069104748826], [0.0, 0.7071067811865476, 0.7071067811865475], [-0.8085156664959999, 0.0, 0.0]]
3	[[0.8489524140446696, -0.5135124485683378, 0.12483895166604869], [0.522794976890395, 0.7815435453534784, -0.34040431673891397], [0.0772347773085365, 0.35425224329800037, 0.9319550081910795]]	0.698835053465102	0.3011649465348981	[[0.5932777056582343, -0.3588604994502498, 0.08724183546207043], [0.36534745562648585, 0.5461700253024033, -0.23788646888799042], [0.05397436972977636, 0.24756388538529045, 0.6512828279762825]]	0.837366454915739	0.24481315487386268	[[0.6757965164553252, -0.4159932545405688, 0.05219126365990244], [0.4763505522941832, 0.623144146004742, -0.26553469111725253], [0.03098030949216598, 0.2358999119342114, 0.7410316412091384]]	[[-0.035087756885418285, 0.014004844072200932, -0.052344686732094046], [0.03857957584771739, -0.031294201930178296, 0.019508464828426237], [-0.03369350217888981, -0.060739033182183114, -0.03935622014079412]]	0.4501710698821758	[[0.6587406773533877, -0.6587406773533876, 0.0], [0.7071067811865475, 0.7071067811865476, 0.0], [0.0, 0.0, 0.9316]]
3	[[-0.3195682178843842, -0.5708200961323295, -0.7563336379995778], [0.910087742671785, 0.03735879733279218, -0.41272826520656647], [0.2638493031197415, -0.8202248094963509, 0.507557688474819]]	0.4200743506756884	0.5799256493243115	[[-0.13424241162436962, -0.23978688123542238, -0.31771636187685387], [0.3823045175607531, 0.01569347253159737, -0.1733765580121517], [0.11083632468425827, -0.3445554042572699, 0.2132119664165129]]	0.62675621965378	0.5859105617346412	[[-0.2515003295474279, -0.25150032954742785, -0.408346059131481], [0.6090956427709365, -0.06374247817681791, -0.05741359562023824], [0.2314258507649729, -0.36798780838280254, 0.30925538545844666]]	[[-0.05120896138471576, 0.10626471600687824, 0.06569075261812488], [0.0386924896207263, -0.08715733676393052, 0.20126641162489206], [0.06605665898335944, 0.14609319248337227, -0.008859552626241805]]	0.9352453242283285	[[0.0, 0.0, -0.8085156664959999], [0.7071067811865475, 0.7071067811865476, 0.0], [0.5717069104748826, -0.5717069104748826, 0.0]]
3	[[0.3802729664721569, 0.7767473726770865, -0.5020517802076895], [0.4287143634067757, 0.332951791095048, 0.839849450446521], [0.8195098935212374, -0.5346088512602871, -0.20639019011321075]]	0.51310704463177	0.48689295536823024	[[0.1951207379798846, 0.3985545488198319, -0.2576063051944865], [0.21997635999884133, 0.17083990953363462, 0.43093266945423053], [0.4204962995111787, -0.27431156770415144, -0.10590026048997872]]	0.6617847327226374	0.5082873236107016	[[0.12577704420227465, 0.40845885348980115, -0.2614242212548703], [0.3047755745999281, 0.16886114408162178, 0.46082740215640167], [0.5851897799228664, -0.2970266709456299, -0.08021950847886093]]	[[-0.12588179927614612, -0.10558069893031541, 0.07082598192279971], [0.021058954198419397, -0.05148126799773792, -0.09497214193460314], [0.04285064407535738, 0.05676930479681538, 0.05636636832178454]]	0.7164033538757564	[[0.0, 0.5717069104748826, -0.5717069104748826], [0.0, 0.7071067811865476, 0.7071067811865475], [0.8085156664959999, 0.0, 0.0]]
3	[[-0.8305561570912853, 0.32773595720904825, 0.4502950280316503], [-0.5100865793185324, -0.772219296347621, -0.37879947194723407], [0.22358030216652452, -0.5443036842615101, 0.808545204538665]]	0.47062632854695885	0.529373671453041	[[-0.3908815948639428, 0.1542411702741176, 0.2119206958054855], [-0.24006017406575797, -0.3634267322731968, -0.17827300473805346], [0.10522277674405107, -0.2561636445385776, 0.38052266107628185]]	0.700851229931726	0.5112342958091948	[[-0.4576681922143523, 0.11609572545688271, 0.2475146443520872], [-0.5455150290616593, -0.5972798168359571, -0.27495344004230315], [0.20953443124666457, -0.31433136171174425, 0.41367521660125517]]	[[0.12442811201044268, -0.1135984232459302, -0.06807517987603594], [-0.18802022257459877, -0.05606897321371497, -0.009471364230595783], [0.05283790148474893, 0.06714454485930495, -0.15299468445506706]]	0.6838163630777312	[[-0.613682815022416, 0.6136828150224158, 0.0], [-0.7071067811865475, -0.7071067811865476, 0.0], [0.0, 0.0, 0.86787856]]
