3	[[0.08740825448676931, -0.06334395238859675, -0.994156597696443], [0.7119981850616444, -0.6940087028176986, 0.10681996481098455], [-0.6967197295301035, -0.717174639895393, -0.015561310176609944]]	0.7285821387750857	0.27141786122491435	[[0.06368409300056738, -0.04615127230975102, -0.724324740227037], [0.518749160476192, -0.5056423450274417, 0.07782711842586652], [-0.5076175506678421, -0.5225206330102373, -0.01133769265061698]]	0.8684900738495055	0.20915175439622943	[[0.04156717202080329, -0.03257006818917615, -0.8071996038398234], [0.635246020143212, -0.638931274367938, 0.07186076104333547], [-0.5938068297265086, -0.5771382267766167, 0.029392429210657735]]	[[-0.03434602937346735, 0.022443525698715806, 0.05621553311153364], [0.0168826638183107, -0.03619160480559542, -0.020911318083958075], [0.01128733962549857, 0.04572082918912551, 0.04290727263513677]]	0.1941073865454245	[[0.0, 0.0, -0.8622577398319999], [0.7071067811865475, -0.7071067811865476, 0.0], [-0.609708294965793, -0.6097082949657929, 0.0]]
3	[[0.034229894132735264, 0.2773841392786001, 0.9601491309293217], [-0.1827544195208179, -0.9427759796974285, 0.2788803941677556], [0.9825625356654255, -0.18501754344446375, 0.018422055382213542]]	0.8226791436915171	0.177320856308483	[[0.028160219993769935, 0.2281981461753272, 0.7898946648490887], [-0.15034824935722674, -0.7756021356704116, 0.2294290838662819], [0.8083337054645979, -0.1522100742087995, 0.01515544074687714]]	0.9000799927774856	0.15223058220056554	[[0.009117463882681715, 0.22644482724851728, 0.8288841808102746], [-0.16620113923327132, -0.8255949842822181, 0.25484981505849097], [0.8605056870376458, -0.15388033524638595, 0.0]]	[[-0.021692178981084737, -0.023223086829954213, -0.03532684202189851], [-0.0017075426309199684, 0.022978812714630387, 0.0038351518901951305], [-0.02387919296751831, 0.01265025392081514, -0.016581323475369204]]	0.3592486605844833	[[0.0, 0.0, 0.9518], [0.0, -1.0, 0.0], [0.9518, 0.0, 0.0]]
3	[[0.22433838825039393, -0.7661379269479729, -0.6022499185961573], [-0.9416906372873723, -0.011392912655017143, -0.3362869982418849], [0.2507808429735371, 0.642575192824231, -0.724020780340167]]	0.47051829215744806	0.529481707842552	[[0.10555531530492988, -0.3604819089446079, -0.28336960314982607], [-0.44308267039711324, -0.005360573805137663, -0.15822918408752645], [0.11799697394171384, 0.30234338231040003, -0.34066502105215823]]	0.6812354276551942	0.5394145758517557	[[0.29572397277158957, -0.39746592732786595, -0.31305474692039315], [-0.6738727739249327, -0.04334122458113867, -0.040091051149282755], [0.2798189429753684, 0.2790314281889441, -0.4853899884172406]]	[[0.14289671491235556, 0.12445437097940021, 0.09721923392976592], [-0.03235974991357733, -0.03557996885635982, 0.18899956591290923], [0.10897814816456085, -0.1587135580952898, 0.007838617509040448]]	0.7330087794559531	[[1.721699878366715e-16, -0.8622577398319999, 0.0], [-1.0, -1.7938038903913487e-16, 0.0], [0.0, 0.0, -0.8622577398319999]]
3	[[0.3802729664721569, 0.7767473726770865, -0.5020517802076895], [0.4287143634067757, 0.332951791095048, 0.839849450446521], [0.8195098935212374, -0.5346088512602871, -0.20639019011321075]]	0.5280195916457209	0.47198040835427924	[[0.2007915764705352, 0.41013783053284186, -0.2650931759702715], [0.22636958309870095, 0.17580506877171864, 0.44345696386865513], [0.432717279326712, -0.2822839473326448, -0.10897806390326026]]	0.6830829400770488	0.46525981852382364	[[0.17584294753016866, 0.4366308850501753, -0.28677845703824467], [0.33205830286503457, 0.19869302171319175, 0.47192085870644196], [0.5720476111977244, -0.28968807163909993, -0.07204315359191019]]	[[-0.0839150284394533, -0.09395199397521212, 0.056164549056940155], [0.03921083505587385, -0.028740666651932964, -0.1017659731266614], [0.012254383709008367, 0.07549411427099073, 0.06893846427368286]]	0.7002841377574963	[[0.0, 0.6097082949657929, -0.609708294965793], [0.0, 0.7071067811865476, 0.7071067811865475], [0.8622577398319999, 0.0, 0.0]]
3	[[-0.30792515101507295, 0.09349718223056193, 0.9468053539599837], [0.3027085282091916, -0.9338174967034747, 0.1906631317268273], [0.9019698710720718, 0.34531602882779927, 0.2592434992682147]]	0.6636448516448129	0.3363551483551871	[[-0.2043529411631047, 0.06204892363060931, 0.628342498665288], [0.20089095629500864, -0.6197231740631081, 0.12653260576898578], [0.5985876612757163, 0.22916720472200083, 0.17204561361173654]]	0.8267314881293041	0.28422862639930435	[[-0.2311126666399908, 0.07232382781835635, 0.7249857555114909], [0.24784217840732736, -0.8482062394419383, 0.11862037701555954], [0.6634586310304679, 0.25082095655935965, 0.15878883882163447]]	[[0.023458751691141144, -0.004973236783012824, -0.05776804373663889], [-0.002416493588488987, -0.07618991075109326, -0.03900683760835395], [-0.08222826272874267, -0.03466267782834856, -0.05553592511622488]]	0.4749226087229776	[[0.0, 0.0, 0.9518], [0.0, -1.0, 0.0], [0.9518, 0.0, 0.0]]
3	[[0.8489524140446696, -0.5135124485683378, 0.12483895166604869], [0.522794976890395, 0.7815435453534784, -0.34040431673891397], [0.0772347773085365, 0.35425224329800037, 0.9319550081910795]]	0.7276985934120629	0.27230140658793733	[[0.6177814775740811, -0.37368228652276375, 0.09084512953042012], [0.3804371693260323, 0.5687281386440031, -0.247711742482302], [0.05620363880991592, 0.25778885916102273, 0.678182348583976]]	0.8555197265476059	0.21754969363359322	[[0.7051267758578553, -0.4229668364672572, 0.05356091545170458], [0.47269602672294503, 0.6269668953956155, -0.2676057820452374], [0.03122795027002404, 0.2530781219739817, 0.7664546928182914]]	[[-0.021168761257570258, 0.01635319311071861, -0.05324127034012319], [0.025434611053212382, -0.041659024810238636, 0.023616825926862924], [-0.03484792529294037, -0.04999166034119953, -0.030851200944012783]]	0.4428485223225306	[[0.673024234333356, -0.6730242343333559, 0.0], [0.7071067811865475, 0.7071067811865476, 0.0], [0.0, 0.0, 0.9518]]
3	[[-0.3195682178843842, -0.5708200961323295, -0.7563336379995778], [0.910087742671785, 0.03735879733279218, -0.41272826520656647], [0.2638493031197415, -0.8202248094963509, 0.507557688474819]]	0.440319114999471	0.5596808850005289	[[-0.14071199488081018, -0.2513429995529003, -0.3330281581283044], [0.4007290294251067, 0.016449792579019643, -0.18173214447102232], [0.11617789164291176, -0.36116066221804294, 0.2234873522004095]]	0.6465072501171729	0.572253343171065	[[-0.263320590443017, -0.2633205904430169, -0.4355076729104529], [0.6092167505452784, -0.06827330181488657, -0.0573426523285376], [0.24288868327826685, -0.39235686534658, 0.32294740446382875]]	[[-0.0567174206737381, 0.10571874021911574, 0.053467507563771416], [0.02083842666519722, -0.09242603514619484, 0.20948916345579094], [0.0723081958729904, 0.1379244207187879, -0.005192320987855133]]	0.923110822708451	[[0.0, 0.0, -0.8622577398319999], [0.7071067811865475, 0.7071067811865476, 0.0], [0.609708294965793, -0.6097082949657929, 0.0]]
3	[[-0.5446221603179724, 0.8109226453022452, -0.2139887049042392], [-0.8354447797583356, -0.5021691245819775, 0.22328947644507607], [0.07361197229480154, 0.30038414347728, 0.9509735242804028]]	0.5772312355200778	0.4227687644799223	[[-0.31437292249195703, 0.4680898804590248, -0.12352096451921538], [-0.48224482242870326, -0.2898677042224907, 0.12888966036702257], [0.04249112971679804, 0.17339111027003065, 0.5489316223672596]]	0.7648694795899952	0.3423162661699351	[[-0.4802661497459293, 0.5710810160920698, -0.10548529543299126], [-0.6748067914119632, -0.43159345395936477, 0.049455217709770447], [0.1281414817815414, 0.10092595060729218, 0.7273706246202154]]	[[-0.0637012814103428, -0.049168965608000645, 0.05818813392525127], [-0.03580057749202703, -0.04749961697418423, -0.12133208793669735], [0.07183793084082336, -0.12882871289126144, 0.0]]	0.41068127220990136	[[-0.6405844662384882, 0.6405844662384881, 0.0], [-0.7071067811865475, -0.7071067811865476, 0.0], [0.0, 0.0, 0.9059232399999999]]
3	[[0.8787972042104137, -0.3840163418041313, 0.28327887866788265], [-0.395223040501579, -0.9183905790867732, -0.018907472103605397], [0.2674214316928388, -0.09534250611366366, -0.9588511794847616]]	0.6330497802862316	0.3669502197137684	[[0.5563223770415572, -0.24310146080542772, 0.17932963190043316], [-0.25019585895358104, -0.5813869543078269, -0.011969371060955445], [0.16929107857698106, -0.06035655254719347, -0.6070005285000224]]	0.8203689520811492	0.32627624340159594	[[0.5862938217624801, -0.2526589188117838, 0.2371551445622999], [-0.34420133088562366, -0.8487146747609131, -0.02103375309460479], [0.2126498286289908, -0.07821603182925682, -0.683055747343469]]	[[-0.1346441197474606, 0.06237616509610784, 0.004761947722806053], [-0.019972619311017657, -0.0952955577942971, -0.005522650018466471], [-0.006734411052903995, 0.0, 0.1035559899722189]]	0.49017180766319535	[[0.6405844662384882, -0.6405844662384881, 0.0], [-0.7071067811865475, -0.7071067811865476, 0.0], [0.0, 0.0, -0.9059232399999999]]
3	[[0.8592155572171323, 0.2624339665249735, -0.4391776855101157], [-0.4266000482917053, 0.8413623931712975, -0.33184593135155627], [0.2824199444684594, 0.4724804086637203, 0.8348660002631537]]	0.5520487550142107	0.44795124498578937	[[0.47432887865055917, 0.1448763444935527, -0.24244749451588196], [-0.23550402554843808, 0.46447306166599167, -0.18319513325915784], [0.15590957873499556, 0.2608322213714122, 0.4608867360489677]]	0.7749410182435906	0.40158638199915825	[[0.5161594599235737, 0.2100448804087772, -0.2932886499888002], [-0.3548872698604242, 0.7490193433574621, -0.25103363529929557], [0.24535595737070492, 0.3321754515946476, 0.5135040135761088]]	[[-0.14968191887700488, 0.006674035168209861, 0.04704815281027225], [-0.024297394054485194, 0.09701311368143281, 0.006127388642272114], [0.02649715803201866, -0.033968997395363645, -0.1334678947647735]]	0.6646147474482964	[[0.8622577398319999, 0.0, 0.0], [0.0, 0.7071067811865476, -0.7071067811865475], [0.0, 0.6097082949657929, 0.609708294965793]]
3	[[-0.42203838922340475, -0.825029846081567, 0.3757783270710803], [0.2588054115689476, 0.28760896992378115, 0.9221175843470338], [-0.8688517462515349, 0.4864224845687207, 0.09214016247897017]]	0.43292827158452624	0.5670717284154738	[[-0.1827123503888062, -0.3571787452697406, 0.1626850616378075], [0.11204417950726647, 0.12451405424130849, 0.3992107719890599], [-0.3761504847678744, 0.21058604550418716, 0.03989008128553798]]	0.629928765975904	0.6166163843371115	[[-0.10807225864087179, -0.36192816975836567, 0.32294250179103606], [0.1419247340109101, 0.09057808251722053, 0.63729544967707], [-0.48147162109785485, 0.17868607480513093, -0.03037210517929786]]	[[0.15778186307708583, 0.1577818630770858, 0.0862289239386609], [-0.02110423952660298, -0.09059508099046787, 0.056427057684661275], [0.06584308723438377, -0.12772544064217647, -0.08841384402649483]]	0.6792427754088102	[[0.0, -0.6097082949657929, 0.609708294965793], [0.0, 0.7071067811865476, 0.7071067811865475], [-0.8622577398319999, 0.0, 0.0]]
3	[[0.5319609947059123, -0.8460851799387872, 0.03402011756955908], [-0.703274286200726, -0.4190807785627857, 0.5742617690636116], [-0.47161719485230363, -0.3294103357928521, -0.8179645788128509]]	0.4907935016521945	0.5092064983478055	[[0.2610829993340992, -0.41525310815818445, 0.016696852628583253], [-0.3451624495464019, -0.2056821227859576, 0.28184394450371375], [-0.23146665450094744, -0.1616724521841991, -0.40145169986302154]]	0.6941717193431388	0.522183629311006	[[0.4368577263883372, -0.5764157735760396, 0.1057832520423366], [-0.4027951083441424, -0.22110462756784385, 0.3043116728424051], [-0.29912642559280145, -0.05088077126082409, -0.46516780770338884]]	[[0.06758544806984762, 0.0109126304928172, 0.08216744853682002], [0.08539801207763426, 0.06980939703074632, -0.09432460674151467], [0.028256893429610255, 0.17778656790590075, 0.1026400703329142]]	0.6767443619167863	[[0.6405844662384882, -0.6405844662384881, 0.0], [-0.7071067811865475, -0.7071067811865476, 0.0], [0.0, 0.0, -0.9059232399999999]]
3	[[0.04673222253661188, -0.9725397674033924, -0.22799671093185395], [-0.8377629715199755, -0.16246744520517667, 0.5213036857710898], [-0.5440306084466285, 0.16664552219444034, -0.8223502702654952]]	0.532593889376593	0.4674061106234069	[[0.024889296159986606, -0.5179687372947799, -0.12142965504026686], [-0.4461874393775157, -0.08652916853890358, 0.27764315755117797], [-0.2897473776925042, 0.08875438681273035, -0.4379787288705925]]	0.7307649765856437	0.4164423806183195	[[-0.007184158436607612, -0.7685791916898226, -0.10519251216836567], [-0.6618948778037238, -0.12776283937711175, 0.23501082456103012], [-0.2745971186521081, 0.00496185582659825, -0.5759321889309692]]	[[-0.04133442994436977, -0.05788119133467505, 0.061419498957354365], [-0.04968703953660963, -0.009037320585821539, -0.14593965116549001], [0.12296139619126599, -0.1168168552979243, 0.025012587064793146]]	0.6497080148415098	[[1.721699878366715e-16, -0.8622577398319999, 0.0], [-1.0, -1.7938038903913487e-16, 0.0], [0.0, 0.0, -0.8622577398319999]]
3	[[-0.8305561570912853, 0.32773595720904825, 0.4502950280316503], [-0.5100865793185324, -0.772219296347621, -0.37879947194723407], [0.22358030216652452, -0.5443036842615101, 0.808545204538665]]	0.49361436241051815	0.5063856375894819	[[-0.409974447928745, 0.1617751755567452, 0.2222720931584694], [-0.2517860616244796, -0.38117853560772985, -0.1869808598266749], [0.11036244830147997, -0.2686761160644413, 0.39910952561843516]]	0.7234709988742081	0.4808453444077518	[[-0.4932821351756722, 0.12391534386009123, 0.25312153035849433], [-0.5535706255796039, -0.5887059307598407, -0.28537708180999594], [0.2153643978878366, -0.327248025632075, 0.442684600804614]]	[[0.10760115741628365, -0.1131921164689336, -0.07265386335965313], [-0.18453777852769732, -0.03002766508128909, -0.011326649467307928], [0.05361053335082382, 0.06653990451151112, -0.14227440595792493]]	0.6812167434555768	[[-0.6405844662384882, 0.6405844662384881, 0.0], [-0.7071067811865475, -0.7071067811865476, 0.0], [0.0, 0.0, 0.9059232399999999]]
