3	[[0.8592155572171323, 0.2624339665249735, -0.4391776855101157], [-0.4266000482917053, 0.8413623931712975, -0.33184593135155627], [0.2824199444684594, 0.4724804086637203, 0.8348660002631537]]	0.5999057908271366	0.40009420917286354	[[0.5154483883433224, 0.15743565622806655, -0.26346523673957745], [-0.2559198393373301, 0.5047381718476394, -0.19907629588022302], [0.16942536013170714, 0.28344373320973776, 0.5008409481225556]]	0.8036302733790298	0.3525342074181158	[[0.577468511326352, 0.21352394399662686, -0.29108853401711365], [-0.32383542359624523, 0.7527442118489622, -0.2730928535332392], [0.2496966517849633, 0.35727651499186, 0.5593161290262756]]	[[-0.11302312181156735, 0.002624063734219202, 0.061847949451350234], [0.018993289835925242, 0.07659992181387754, -0.006411417001469286], [0.0227354346040848, -0.02242304498880136, -0.11160746300005983]]	0.6383675676728303	[[0.9423449504639998, 0.0, 0.0], [0.0, 0.7071067811865476, -0.7071067811865475], [0.0, 0.6663385046899954, 0.6663385046899956]]
3	[[0.3802729664721569, 0.7767473726770865, -0.5020517802076895], [0.4287143634067757, 0.332951791095048, 0.839849450446521], [0.8195098935212374, -0.5346088512602871, -0.20639019011321075]]	0.5489587056807348	0.4510412943192655	[[0.20875415547992876, 0.4264022323457247, -0.2756056954475219], [0.23534648204252376, 0.18277678429361988, 0.4610426672837986], [0.44987709043997537, -0.2934781830333117, -0.11329969162974896]]	0.7114337044553497	0.44063320514556087	[[0.21381007450552342, 0.47594956159672874, -0.30969111182295206], [0.3292228768451897, 0.22613380047144327, 0.49688442557012535], [0.6018530245540512, -0.30435287533258326, -0.046268536869595714]]	[[-0.05672893073598814, -0.07665469917289101, 0.047485445998607434], [0.024221029133490297, -0.01073932567235039, -0.10061278014583262], [0.01882606516842815, 0.07598588015414179, 0.10056440064588969]]	0.6800404273534911	[[0.0, 0.6663385046899954, -0.6663385046899956], [0.0, 0.7071067811865476, 0.7071067811865475], [0.9423449504639998, 0.0, 0.0]]
3	[[0.08740825448676931, -0.06334395238859675, -0.994156597696443], [0.7119981850616444, -0.6940087028176986, 0.10681996481098455], [-0.6967197295301035, -0.717174639895393, -0.015561310176609944]]	0.8193057134148859	0.18069428658511422	[[0.07161408230063243, -0.051898062102257815, -0.8145181805218001], [0.5833441809620346, -0.5686052953781938, 0.08751820747641668], [-0.5708264550528875, -0.5875852799825589, -0.012749470335917728]]	0.9066743384622599	0.14514212428127682	[[0.056855552603210346, -0.02924159323580039, -0.8737190542457858], [0.6336700153646879, -0.637632772449708, 0.06708348072697154], [-0.6384895969788252, -0.6311099253261692, 0.025165388218154373]]	[[-0.022395268709722072, 0.028190742891715456, 0.02765722129852801], [-0.011880468062408254, -0.00839289093541989, -0.029767440202589757], [-0.0067916971135139085, 0.019133916862895645, 0.039274428828138225]]	0.1396423800082245	[[0.0, 0.0, -0.9423449504639998], [0.7071067811865475, -0.7071067811865476, 0.0], [-0.6663385046899956, -0.6663385046899954, 0.0]]
3	[[-0.42203838922340475, -0.825029846081567, 0.3757783270710803], [0.2588054115689476, 0.28760896992378115, 0.9221175843470338], [-0.8688517462515349, 0.4864224845687207, 0.09214016247897017]]	0.45843294885557617	0.5415670511444239	[[-0.19347630330194288, -0.3782208652330349, 0.17226916659521052], [0.11864492800533369, 0.13184942819947365, 0.4227290833837912], [-0.39831026815240794, 0.2229920939904946, 0.04224008639326621]]	0.6574328815118048	0.59643997700072	[[-0.12497287929690659, -0.38991271400380845, 0.35879558158802416], [0.12978623964602204, 0.09738689819278662, 0.6519110823736146], [-0.5194016297199471, 0.18688749960717055, -0.032018218565940566]]	[[0.15248903503883707, 0.15248903503883704, 0.11174655321199838], [-0.04036094783259979, -0.0916966956528468, 0.045680661803639486], [0.05181007742476303, -0.1329026360549749, -0.09259419108745578]]	0.6619422269261033	[[0.0, -0.6663385046899954, 0.6663385046899956], [0.0, 0.7071067811865476, 0.7071067811865475], [-0.9423449504639998, 0.0, 0.0]]
3	[[0.04673222253661188, -0.9725397674033924, -0.22799671093185395], [-0.8377629715199755, -0.16246744520517667, 0.5213036857710898], [-0.5440306084466285, 0.16664552219444034, -0.8223502702654952]]	0.5572088068593846	0.4427911931406155	[[0.02603960596151271, -0.5419077234181475, -0.12704177526620233], [-0.46680890579161805, -0.09052829129626891, 0.29047500475990845], [-0.30313864622753095, 0.09285635259042319, -0.45822081291512895]]	0.752506396751429	0.3748870208690161	[[-0.01734199496369864, -0.8171326437485509, -0.1636627712269133], [-0.6517810287634321, -0.16543312643541094, 0.23506289056699467], [-0.27848150667018207, 0.018763169895646244, -0.6188238387450516]]	[[-0.05250829135691025, -0.08529024768235119, 0.00790621218759329], [-0.02135903373316509, -0.04317533465465334, -0.15722146762584732], [0.13090500621447795, -0.10663865154565236, 0.0]]	0.6229064228436563	[[1.8816127842580662e-16, -0.9423449504639998, 0.0], [-1.0, -1.7938038903913487e-16, 0.0], [0.0, 0.0, -0.9423449504639998]]
3	[[-0.30792515101507295, 0.09349718223056193, 0.9468053539599837], [0.3027085282091916, -0.9338174967034747, 0.1906631317268273], [0.9019698710720718, 0.34531602882779927, 0.2592434992682147]]	0.7160781548539364	0.2839218451460636	[[-0.22049847397199326, 0.06695128973570302, 0.6779866308694934], [0.2167629643385887, -0.6686863100097461, 0.13652970356561955], [0.6458809210111325, 0.24727326476449926, 0.185638606613861]]	0.8507157845388938	0.2605048243069676	[[-0.25773185504395, 0.07939348606795721, 0.7448126776949495], [0.243549138578405, -0.8497655619491079, 0.11914887929955946], [0.6813904234975835, 0.2653942110009394, 0.17833836897599284]]	[[0.004224931381095159, -0.00014604266549121496, -0.060649581804743086], [-0.013969784483691301, -0.05535227762486541, -0.04305125639007089], [-0.08592958300193895, -0.02837158537715711, -0.0422041678905746]]	0.46936198171081955	[[0.0, 0.0, 0.9803999999999999], [0.0, -1.0, 0.0], [0.9803999999999999, 0.0, 0.0]]
3	[[0.034229894132735264, 0.2773841392786001, 0.9601491309293217], [-0.1827544195208179, -0.9427759796974285, 0.2788803941677556], [0.9825625356654255, -0.18501754344446375, 0.018422055382213542]]	0.865848643404216	0.134151356595784	[[0.029637907398698753, 0.240172680696222, 0.8313438224808902], [-0.15823766621822513, -0.8163013030550993, 0.24146821096218424], [0.8507504385657153, -0.16019718899736957, 0.015950711661406932]]	0.9231508488960958	0.12506243358252409	[[0.009288744930715097, 0.23907542317873764, 0.8683280468391595], [-0.16452158993720475, -0.8270543208473392, 0.25300621422697506], [0.9019313606969441, -0.16179737125032106, 0.0]]	[[-0.022310610895542947, -0.016991980466614945, -0.018034438445092407], [0.004188307582951488, 0.043270125129190366, -0.004442458389466297], [-0.005122078196093919, 0.009001731041105967, -0.017006336064501318]]	0.3466711449311461	[[0.0, 0.0, 0.9803999999999999], [0.0, -1.0, 0.0], [0.9803999999999999, 0.0, 0.0]]
3	[[0.8489524140446696, -0.5135124485683378, 0.12483895166604869], [0.522794976890395, 0.7815435453534784, -0.34040431673891397], [0.0772347773085365, 0.35425224329800037, 0.9319550081910795]]	0.7560197645435307	0.24398023545646935	[[0.641824804174713, -0.38822556045680656, 0.09438071484442732], [0.39524333533321704, 0.5908623671386528, -0.2573523913905551], [0.0583910181553718, 0.2678216975671718, 0.7045764058577841]]	0.8803504000514881	0.19572597801600972	[[0.7507204199467691, -0.44257800122529795, 0.05364819810605926], [0.46863687302819185, 0.6260102609673202, -0.27206118669442353], [0.038485891649556805, 0.27153779195523603, 0.8053035139404128]]	[[0.00334482261786762, 0.009492888303257474, -0.0562538229351551], [0.008394105977824199, -0.06202191184227285, 0.027613889725932865], [-0.029507775451900913, -0.0403283121512957, -0.015143450350592037]]	0.43315784400444374	[[0.6932474882752911, -0.693247488275291, 0.0], [0.7071067811865475, 0.7071067811865476, 0.0], [0.0, 0.0, 0.9803999999999999]]
3	[[0.5319609947059123, -0.8460851799387872, 0.03402011756955908], [-0.703274286200726, -0.4190807785627857, 0.5742617690636116], [-0.47161719485230363, -0.3294103357928521, -0.8179645788128509]]	0.5167451240888654	0.48325487591113464	[[0.27488825021974295, -0.4372103912972186, 0.017579729874999617], [-0.3634135582913025, -0.21655794892168498, 0.2967469691142674], [-0.2437058858763963, -0.1702211848454322, -0.4226792077789432]]	0.7187402488058312	0.490053574545951	[[0.48859471382310576, -0.6117807023661668, 0.1110315879968588], [-0.4165085611853002, -0.23246122024820787, 0.2905982200012473], [-0.2990202844550065, -0.06240449438153643, -0.503763787647828]]	[[0.10625293613318093, -0.0036652296260364335, 0.08657996023051028], [0.088962974257353, 0.0687490028057502, -0.12214682677520969], [0.039949975514246464, 0.1743559723254305, 0.08414027724247745]]	0.6567748941829574	[[0.6796598375050954, -0.6796598375050953, 0.0], [-0.7071067811865475, -0.7071067811865476, 0.0], [0.0, 0.0, -0.9611841599999998]]
3	[[-0.5446221603179724, 0.8109226453022452, -0.2139887049042392], [-0.8354447797583356, -0.5021691245819775, 0.22328947644507607], [0.07361197229480154, 0.30038414347728, 0.9509735242804028]]	0.6175947391406464	0.3824052608593536	[[-0.3363557810317934, 0.500821559588683, -0.13215829838437834], [-0.515966300821264, -0.3101370095006932, 0.13790240595794828], [0.045462366827036464, 0.18551566673283723, 0.5873162456576166]]	0.7860566119403569	0.3279517990789775	[[-0.4705220461066094, 0.5891510921938764, -0.11638492380972203], [-0.6708855818297663, -0.38273383118207066, 0.04239335752635642], [0.14113535441360447, 0.1504940617148118, 0.7440985386885959]]	[[-0.04241819597942612, -0.04828001491811827, 0.05182231256080911], [-0.014178688789671073, 0.011999529507893462, -0.1331248118099962], [0.08327217687330535, -0.08562488038754498, -0.003420487852238419]]	0.3914120097044036	[[-0.6796598375050954, 0.6796598375050953, 0.0], [-0.7071067811865475, -0.7071067811865476, 0.0], [0.0, 0.0, 0.9611841599999998]]
3	[[0.22433838825039393, -0.7661379269479729, -0.6022499185961573], [-0.9416906372873723, -0.011392912655017143, -0.3362869982418849], [0.2507808429735371, 0.642575192824231, -0.724020780340167]]	0.5112486786425935	0.4887513213574067	[[0.11469270456182304, -0.3916870028101269, -0.30789947509489485], [-0.481438094003271, -0.005824611540767989, -0.17192628349584782], [0.1282113745990966, 0.3285157182598978, -0.37015466725868984]]	0.7093926972181039	0.514447306827805	[[0.27944907211511794, -0.40380334773232424, -0.3784171045378476], [-0.6799081791489153, 0.012308698628586284, -0.03857377232902603], [0.3224244923952687, 0.32963429008427186, -0.4832051438203776]]	[[0.1203050577846088, 0.13968930270638485, 0.04881458961446394], [-0.011879718018591227, 0.02039074766609918, 0.19998576839316448], [0.14452239378764145, -0.12620385911875262, 0.030409910387089803]]	0.7422113191043652	[[1.8816127842580662e-16, -0.9423449504639998, 0.0], [-1.0, -1.7938038903913487e-16, 0.0], [0.0, 0.0, -0.9423449504639998]]
3	[[0.8787972042104137, -0.3840163418041313, 0.28327887866788265], [-0.395223040501579, -0.9183905790867732, -0.018907472103605397], [0.2674214316928388, -0.09534250611366366, -0.9588511794847616]]	0.6858076229215035	0.31419237707849657	[[0.6026858216496069, -0.2633613345357029, 0.19427481440308958], [-0.27104697393019705, -0.629839259957003, -0.012966888498828252], [0.18339965638753103, -0.06538661748119061, -0.6575874481379246]]	0.8413220585822131	0.29233433830200356	[[0.616497341167709, -0.26787034705825363, 0.24310583985801487], [-0.3411642868343797, -0.849996326090683, -0.020976617123284767], [0.21823175152524116, -0.08021375351393474, -0.7191013356152749]]	[[-0.12285413175488985, 0.05521107215760892, 0.004777070504290881], [-0.008654424800469882, -0.07733407351088811, -0.005069343770493709], [-0.0067557978955806435, 0.0, 0.08760131258282779]]	0.4758914031155267	[[0.6796598375050954, -0.6796598375050953, 0.0], [-0.7071067811865475, -0.7071067811865476, 0.0], [0.0, 0.0, -0.9611841599999998]]
3	[[-0.8305561570912853, 0.32773595720904825, 0.4502950280316503], [-0.5100865793185324, -0.772219296347621, -0.37879947194723407], [0.22358030216652452, -0.5443036842615101, 0.808545204538665]]	0.5275738929052269	0.47242610709477295	[[-0.43817974507305457, 0.17290493478979843, 0.23756390089452606], [-0.269108362369789, -0.4074027403506496, -0.19984471204564658], [0.11795513039092027, -0.2871604136285023, 0.42656734114831646]]	0.7547892983329382	0.4474661632065425	[[-0.5333164556799874, 0.15004020548644273, 0.2501702454550242], [-0.5532338476517461, -0.5992783438291736, -0.2910474739619634], [0.23348612294399204, -0.33943222145094454, 0.4818599839398466]]	[[0.0935784433570453, -0.09733138769384858, -0.08970762279579597], [-0.16822595635886234, -0.016415482979797575, -0.00513368632202307], [0.06473010355065469, 0.07140237447283396, -0.12842128366435424]]	0.6803647009937358	[[-0.6663385046899956, 0.6663385046899954, 0.0], [-0.7071067811865475, -0.7071067811865476, 0.0], [0.0, 0.0, 0.9423449504639998]]
3	[[-0.3195682178843842, -0.5708200961323295, -0.7563336379995778], [0.910087742671785, 0.03735879733279218, -0.41272826520656647], [0.2638493031197415, -0.8202248094963509, 0.507557688474819]]	0.4702136045309567	0.5297863954690433	[[-0.15026532362495043, -0.2684073749410899, -0.35563836615179323], [0.42793563792114175, 0.017566614754793746, -0.19407044527458822], [0.12406553187291461, -0.38568086419899633, 0.23866053020514505]]	0.6709628661803044	0.552002836060785	[[-0.26041579354397437, -0.27365583608993227, -0.4749355557470949], [0.5931809678255724, -0.04141309035729324, -0.06909956465611294], [0.28230430977367515, -0.446989478516005, 0.3164079637990496]]	[[-0.045997386132135915, 0.10934325168433251, 0.03253622979367873], [-0.01745411247305188, -0.06647945609275262, 0.2078257751205097], [0.10527122511277746, 0.10335091057586078, -0.02414439761186504]]	0.9075823855091801	[[0.0, 0.0, -0.9423449504639998], [0.7071067811865475, 0.7071067811865476, 0.0], [0.6663385046899956, -0.6663385046899954, 0.0]]
