3	[[0.3802729664721569, 0.7767473726770865, -0.5020517802076895], [0.4287143634067757, 0.332951791095048, 0.839849450446521], [0.8195098935212374, -0.5346088512602871, -0.20639019011321075]]	0.5137436701608107	0.48625632983918954	[[0.1953628294583448, 0.39904904602689356, -0.25792592417466714], [0.22024929050725256, 0.17105187514378556, 0.4314673390549357], [0.4210180204306956, -0.2746519133469149, -0.10603165375394835]]	0.6626388039127822	0.5076842190019969	[[0.125901970629941, 0.40815157872761665, -0.26306697051064176], [0.3050130465130205, 0.1705775706110783, 0.4601771430400015], [0.5867257465295068, -0.29889210470595495, -0.07938510650836976]]	[[-0.12608165303353464, -0.10655137124552412, 0.0696120206284646], [0.020930273524924783, -0.050049206000762694, -0.09633969227068871], [0.043686690891902503, 0.055360465054348135, 0.05737704220757995]]	0.7157421496469676	[[0.0, 0.5731810143750754, -0.5731810143750755], [0.0, 0.7071067811865476, 0.7071067811865475], [0.8106003642239997, 0.0, 0.0]]
3	[[0.8592155572171323, 0.2624339665249735, -0.4391776855101157], [-0.4266000482917053, 0.8413623931712975, -0.33184593135155627], [0.2824199444684594, 0.4724804086637203, 0.8348660002631537]]	0.5216949406371162	0.47830505936288387	[[0.44824840911687847, 0.13691047258740896, -0.22911677657134594], [-0.22255508686933212, 0.43893450375980203, -0.17312234345711866], [0.14733705616421058, 0.24649063875001995, 0.4355453684472326]]	0.7558897224558386	0.43293743169748095	[[0.4844105454117734, 0.19513612609788453, -0.2898210636188369], [-0.3535772309341547, 0.74902035038561, -0.2523412430445531], [0.24137282901090967, 0.321512288584143, 0.4805120595572264]]	[[-0.1650616636628236, -0.003235012021662564, 0.04214883519020207], [-0.031114638831290124, 0.11304316452657785, -0.0015023140971258796], [0.027894495570652485, -0.03563079638649784, -0.15055456966950495]]	0.6834948030716881	[[0.8106003642239997, 0.0, 0.0], [0.0, 0.7071067811865476, -0.7071067811865475], [0.0, 0.5731810143750754, 0.5731810143750755]]
3	[[0.5319609947059123, -0.8460851799387872, 0.03402011756955908], [-0.703274286200726, -0.4190807785627857, 0.5742617690636116], [-0.47161719485230363, -0.3294103357928521, -0.8179645788128509]]	0.47298004308083685	0.5270199569191633	[[0.25160693419332725, -0.4001814048575052, 0.016090836673665204], [-0.3326347021848641, -0.198216844698977, 0.27161435627138464], [-0.22306552113890601, -0.15580451481457613, -0.3868809217255008]]	0.676600340056663	0.5381641100202171	[[0.4135586275254273, -0.5533880202613324, 0.09879615959672808], [-0.40480241206678064, -0.229155875055161, 0.30230436911976677], [-0.2849145981846612, -0.04358298727957509, -0.4541112580441372]]	[[0.05363363761052638, 0.019073500202153704, 0.07577813648039676], [0.07103320912973744, 0.05439432223163087, -0.0862413391102138], [0.03418175622897703, 0.17929615793604825, 0.09932385413494281]]	0.6905830614652836	[[0.6147372526545212, -0.6147372526545212, 0.0], [-0.7071067811865475, -0.7071067811865476, 0.0], [0.0, 0.0, -0.8693697599999998]]
3	[[-0.5446221603179724, 0.8109226453022452, -0.2139887049042392], [-0.8354447797583356, -0.5021691245819775, 0.22328947644507607], [0.07361197229480154, 0.30038414347728, 0.9509735242804028]]	0.5512036496351024	0.4487963503648976	[[-0.3001977224394202, 0.4469835216623491, -0.11795135512390562], [-0.4605002116713891, -0.2767974542036504, 0.12307797434163716], [0.040575187785732644, 0.165572836177191, 0.5241800772897138]]	0.7488676316613337	0.3609007878669959	[[-0.47315383701285757, 0.550663291944681, -0.09121946676479722], [-0.6782703568555802, -0.45267189935773827, 0.042557021864655646], [0.10943485674928784, 0.0896971572495805, 0.7121532909004971]]	[[-0.06530392966525841, -0.05661042890335501, 0.06902974787911643], [-0.05263280325413087, -0.07661369633858761, -0.12465723953566765], [0.054309233394960084, -0.13525080486486843, 0.0]]	0.4254471618675487	[[-0.6147372526545212, 0.6147372526545212, 0.0], [-0.7071067811865475, -0.7071067811865476, 0.0], [0.0, 0.0, 0.8693697599999998]]
3	[[0.8489524140446696, -0.5135124485683378, 0.12483895166604869], [0.522794976890395, 0.7815435453534784, -0.34040431673891397], [0.0772347773085365, 0.35425224329800037, 0.9319550081910795]]	0.7005103013894125	0.2994896986105875	[[0.5946999114277008, -0.35972076011382154, 0.08745097165672207], [0.3662232668263615, 0.5474793045045151, -0.23845673051303362], [0.05410375713014706, 0.24815734572055778, 0.6528440836693055]]	0.8380892198387002	0.24370925924636555	[[0.6769336133787611, -0.4162793268219631, 0.052251087734972126], [0.4762090468024549, 0.6232836376481465, -0.26561841727844493], [0.03099997222085643, 0.23656150130462547, 0.7420183110759594]]	[[-0.03456425298811717, 0.014089920576135824, -0.05237509187230782], [0.0380602124847924, -0.031719582547121906, 0.019670770966997354], [-0.033729662038070665, -0.06033348490710509, -0.039043134663671916]]	0.4498738024525123	[[0.6593063627783369, -0.6593063627783368, 0.0], [0.7071067811865475, 0.7071067811865476, 0.0], [0.0, 0.0, 0.9323999999999999]]
3	[[0.08740825448676931, -0.06334395238859675, -0.994156597696443], [0.7119981850616444, -0.6940087028176986, 0.10681996481098455], [-0.6967197295301035, -0.717174639895393, -0.015561310176609944]]	0.6694840842944528	0.3305159157055472	[[0.05851843521485124, -0.042407767960471104, -0.665572019454092], [0.47667145294530733, -0.46462778089828793, 0.07151426632584766], [-0.46644277013434016, -0.4801370070695711, -0.010418049494009644]]	0.8410170415232805	0.25529359552273334	[[0.03892944285893128, -0.030302926403813695, -0.7591190382690151], [0.6357643515633632, -0.639188546139326, 0.07134242962318425], [-0.5582056244377643, -0.5428780879712617, 0.027527273033364528]]	[[-0.03458238873424547, 0.022970417032435485, 0.07698360233649766], [0.036961744392873835, -0.05551540010417543, -0.018494981157770898], [0.027747541262543265, 0.06027800592908566, 0.04061460008032314]]	0.23467957100877934	[[0.0, 0.0, -0.8106003642239997], [0.7071067811865475, -0.7071067811865476, 0.0], [-0.5731810143750755, -0.5731810143750754, 0.0]]
3	[[0.8787972042104137, -0.3840163418041313, 0.28327887866788265], [-0.395223040501579, -0.9183905790867732, -0.018907472103605397], [0.2674214316928388, -0.09534250611366366, -0.9588511794847616]]	0.6000478887188728	0.3999521112811272	[[0.5273204069985069, -0.230428195133114, 0.16998089306331268], [-0.23715275102602604, -0.5510783280003213, -0.01134538871677939], [0.16046566548546617, -0.05721006949867011, -0.5753566258454322]]	0.8057240129621573	0.3479389740251763	[[0.5675005296361759, -0.24262782525012763, 0.231646136090311], [-0.34547175674236674, -0.8477983444689448, -0.021975544256344997], [0.2077398529448257, -0.0768197466317701, -0.6600867676964093]]	[[-0.14056748032016306, 0.0667833627113445, 0.0034015411826045466], [-0.02703106253432933, -0.10782900162051035, -0.006741339958058015], [-0.007728016150813843, 0.0, 0.11248265247155054]]	0.5016674261181958	[[0.6147372526545212, -0.6147372526545212, 0.0], [-0.7071067811865475, -0.7071067811865476, 0.0], [0.0, 0.0, -0.8693697599999998]]
3	[[0.22433838825039393, -0.7661379269479729, -0.6022499185961573], [-0.9416906372873723, -0.011392912655017143, -0.3362869982418849], [0.2507808429735371, 0.642575192824231, -0.724020780340167]]	0.44378763977862123	0.5562123602213788	[[0.09955860383338228, -0.34000254234512656, -0.2672710699306554], [-0.41791066532338866, -0.005056033817374086, -0.14924001323800345], [0.11129343840491905, 0.285166928203758, -0.3213114732578384]]	0.6600052200295431	0.5550462007555541	[[0.27955137547657066, -0.39239733960435697, -0.2808701292467131], [-0.6792872825410596, -0.05005451546445365, -0.04018142913178048], [0.25420748642114915, 0.2542074864211491, -0.47562022961754385]]	[[0.13148686817829636, 0.11325769144391801, 0.116617960789118], [-0.05776654627844668, -0.042535133640801595, 0.18176974513592936], [0.08869082097520546, -0.16989549510433355, 0.0022372648168296205]]	0.7313015502762316	[[1.6185538082388132e-16, -0.8106003642239997, 0.0], [-1.0, -1.7938038903913487e-16, 0.0], [0.0, 0.0, -0.8106003642239997]]
3	[[0.034229894132735264, 0.2773841392786001, 0.9601491309293217], [-0.1827544195208179, -0.9427759796974285, 0.2788803941677556], [0.9825625356654255, -0.18501754344446375, 0.018422055382213542]]	0.7893198624426925	0.2106801375573078	[[0.02701833532827852, 0.21894481065916924, 0.757864779949603], [-0.1442516932769661, -0.7441518066090489, 0.2201258343624567], [0.7755561254927765, -0.14603802194106905, 0.014540894220200455]]	0.8836134990127977	0.1787798246155576	[[0.009176930246951437, 0.2179858834271733, 0.8024546425714492], [-0.16737892081144135, -0.824550015591874, 0.25619481106480463], [0.8327489999710288, -0.14865004389896938, 0.0]]	[[-0.02106906627851241, -0.027114486451443837, -0.045946090583105795], [-0.005894648718598714, 0.008499566613789242, 0.009772330168165835], [-0.03545652016718471, 0.014833955042745548, -0.016277976815285252]]	0.3681243919904983	[[0.0, 0.0, 0.9323999999999999], [0.0, -1.0, 0.0], [0.9323999999999999, 0.0, 0.0]]
3	[[-0.30792515101507295, 0.09349718223056193, 0.9468053539599837], [0.3027085282091916, -0.9338174967034747, 0.1906631317268273], [0.9019698710720718, 0.34531602882779927, 0.2592434992682147]]	0.6270070822503568	0.3729929177496433	[[-0.19307125048946142, 0.05862339542901454, 0.5936536624454656], [0.18980039104474505, -0.5855101839623778, 0.11954713391675348], [0.5655414971386302, 0.21651559568959852, 0.1625475100685358]]	0.8102265554430295	0.2983289811537749	[[-0.20915715993252734, 0.06958425434585148, 0.7163057482501287], [0.25242208206968575, -0.845157766457195, 0.12140013817749598], [0.6563197802522697, 0.24322593371603196, 0.13957290558667587]]	[[0.04033197450868989, -0.006169645556445922, -0.05082109236388703], [0.007159593955523376, -0.08855403269070614, -0.033080194291511905], [-0.07448016149984846, -0.036558282860381694, -0.07047306184640727]]	0.4793636198659643	[[0.0, 0.0, 0.9323999999999999], [0.0, -1.0, 0.0], [0.9323999999999999, 0.0, 0.0]]
3	[[0.04673222253661188, -0.9725397674033924, -0.22799671093185395], [-0.8377629715199755, -0.16246744520517667, 0.5213036857710898], [-0.5440306084466285, 0.16664552219444034, -0.8223502702654952]]	0.5168977561859945	0.48310224381400546	[[0.02415578097075926, -0.5027036235724625, -0.11785098829846213], [-0.43303780019438654, -0.08397905787982682, 0.2694607054665651], [-0.28120820080256365, 0.08613869650074955, -0.42507100949918064]]	0.7129693566847741	0.44829675207462083	[[-1.0858530336628684e-16, -0.732460563792244, -0.09974673443097959], [-0.6708785510470059, -0.1230529109451716, 0.23272400838860424], [-0.2667859663952275, 0.0, -0.5438143978287722]]	[[-0.033318642638377874, -0.03906951147628735, 0.06280793388834874], [-0.0735792241880843, -0.00721860105501812, -0.13894954509301127], [0.12109118652579143, -0.11881315075336836, 0.04249614533196813]]	0.6689812564735849	[[1.6185538082388132e-16, -0.8106003642239997, 0.0], [-1.0, -1.7938038903913487e-16, 0.0], [0.0, 0.0, -0.8106003642239997]]
3	[[-0.42203838922340475, -0.825029846081567, 0.3757783270710803], [0.2588054115689476, 0.28760896992378115, 0.9221175843470338], [-0.8688517462515349, 0.4864224845687207, 0.09214016247897017]]	0.4158121668699277	0.5841878331300723	[[-0.17548869712527793, -0.34305744803153937, 0.1562532004421823], [0.10761443898214759, 0.11959130899523529, 0.38342771085620353], [-0.3612791272975714, 0.20226038732277374, 0.0383130006161278]]	0.6109833272094367	0.6313793665927327	[[-0.09744383973119268, -0.3436649008793708, 0.3002058517949889], [0.15035351841782446, 0.0859832553645265, 0.6272880498558415], [-0.45684034090513886, 0.17292936190126162, -0.029175222830072758]]	[[0.1604145795266344, 0.1604145795266344, 0.07061155922790438], [-0.007772273042378805, -0.08974103001478413, 0.06388958009316242], [0.07401358987135315, -0.12426666615001625, -0.08547132587109206]]	0.6932670014496881	[[0.0, -0.5731810143750754, 0.5731810143750755], [0.0, 0.7071067811865476, 0.7071067811865475], [-0.8106003642239997, 0.0, 0.0]]
3	[[-0.8305561570912853, 0.32773595720904825, 0.4502950280316503], [-0.5100865793185324, -0.772219296347621, -0.37879947194723407], [0.22358030216652452, -0.5443036842615101, 0.808545204538665]]	0.4715214180348029	0.528478581965197	[[-0.39162501694921936, 0.15453452328420392, 0.21232375015150512], [-0.24051674720079638, -0.36411793764766776, -0.17861206416339434], [0.10542290112220934, -0.25665084504455493, 0.38124638138931105]]	0.7017421423438577	0.5102650882184787	[[-0.4588085463077992, 0.11668710841338747, 0.24752515743285716], [-0.5456164595363316, -0.5973918299249081, -0.2751784519108162], [0.20996675229122266, -0.3147155414327021, 0.4147475541114189]]	[[0.12402771070632085, -0.11329902432160487, -0.06846584022486055], [-0.1876672105844947, -0.05549300654666229, -0.009358898947842148], [0.05307103206299868, 0.06724529204662469, -0.1526426899033963]]	0.6836823289888778	[[-0.6147372526545212, 0.6147372526545212, 0.0], [-0.7071067811865475, -0.7071067811865476, 0.0], [0.0, 0.0, 0.8693697599999998]]
3	[[-0.3195682178843842, -0.5708200961323295, -0.7563336379995778], [0.910087742671785, 0.03735879733279218, -0.41272826520656647], [0.2638493031197415, -0.8202248094963509, 0.507557688474819]]	0.4208632268769701	0.5791367731230299	[[-0.1344945113861446, -0.24023718762447452, -0.3183130154841005], [0.38302246412202506, 0.015722943997721728, -0.17370214951816948], [0.1110444691202142, -0.3452024600891823, 0.21361236659772828]]	0.6275460213904617	0.5853357775585134	[[-0.2519643248776635, -0.25196432487766357, -0.4093964304575527], [0.6090988636850853, -0.06392627398190881, -0.05741170885241316], [0.23187536123175476, -0.3689322457936232, 0.3097934133696841]]	[[-0.05142056118147808, 0.10625155537990065, 0.06523773491285605], [0.03797692165518049, -0.08737063861203516, 0.20159427189335494], [0.0662977808123151, 0.14579657005156116, -0.008722394658827964]]	0.9347498983101521	[[0.0, 0.0, -0.8106003642239997], [0.7071067811865475, 0.7071067811865476, 0.0], [0.5731810143750755, -0.5731810143750754, 0.0]]
