3	[[0.04673222253661188, -0.9725397674033924, -0.22799671093185395], [-0.8377629715199755, -0.16246744520517667, 0.5213036857710898], [-0.5440306084466285, 0.16664552219444034, -0.8223502702654952]]	0.5586464384307683	0.4413535615692316	[[0.026106789680032258, -0.5433058772921932, -0.12736955053600962], [-0.46801330028881144, -0.09076185962481792, 0.2912244473968517], [-0.30392076180603295, 0.09309592745435967, -0.45940304962639866]]	0.7533713534753061	0.37371912072125985	[[-0.016236464628682827, -0.8192306822127174, -0.16537729914113103], [-0.6513327847495554, -0.16438532812699932, 0.23523768711661797], [-0.27822526026195066, 0.020466745564754606, -0.6195351361407]]	[[-0.0514431823719992, -0.08654708133546433, 0.0063888915615178815], [-0.020186161004057054, -0.04198700903710036, -0.15749757620441365], [0.13163181555548026, -0.10507921704147008, 0.0]]	0.621479303557067	[[1.8908401292873934e-16, -0.946966168, 0.0], [-1.0, -1.7938038903913487e-16, 0.0], [0.0, 0.0, -0.946966168]]
3	[[-0.5446221603179724, 0.8109226453022452, -0.2139887049042392], [-0.8354447797583356, -0.5021691245819775, 0.22328947644507607], [0.07361197229480154, 0.30038414347728, 0.9509735242804028]]	0.6199278055226056	0.3800721944773943	[[-0.33762642068490134, 0.5027134959508072, -0.13265754823790946], [-0.5179154489509017, -0.31130860340331334, 0.13842335512888754], [0.04563410844490717, 0.1862164828796577, 0.5895349300172484]]	0.7871838054433389	0.3273535238801095	[[-0.4700516517102391, 0.5904683934721885, -0.1175174191668868], [-0.670158743419363, -0.3824384281457289, 0.0430682497171438], [0.14073774238525258, 0.1527203063859569, 0.7443859872293332]]	[[-0.04133390702236544, -0.04787678037701164, 0.05093102388152392], [-0.012510142451424226, 0.012860974318862198, -0.13270161006634199], [0.08279158990804109, -0.08373722677132625, -0.004204970489577601]]	0.3904372512867694	[[-0.6818800396609362, 0.6818800396609361, 0.0], [-0.7071067811865475, -0.7071067811865476, 0.0], [0.0, 0.0, 0.964324]]
3	[[0.08740825448676931, -0.06334395238859675, -0.994156597696443], [0.7119981850616444, -0.6940087028176986, 0.10681996481098455], [-0.6967197295301035, -0.717174639895393, -0.015561310176609944]]	0.8227975482654969	0.17720245173450327	[[0.07191929748988041, -0.05211924872278377, -0.8179896111766014], [0.5858303610382044, -0.5710286591533201, 0.08789120515228474], [-0.5732592852855691, -0.59008953538412, -0.012803807861113587]]	0.908713115619079	0.14164825299857994	[[0.05797022440789177, -0.029010916656873498, -0.8773178135598171], [0.6334371592115726, -0.637537185953165, 0.06683577568179315], [-0.6408711911204149, -0.6341238610532105, 0.02478974494082891]]	[[-0.021458802857605715, 0.028550563673794847, 0.026085325746180898], [-0.013564929850923795, -0.006882375348938859, -0.030232927351917013], [-0.0077528349858323915, 0.017582140409123, 0.03893051159453101]]	0.1368936075170371	[[0.0, 0.0, -0.946966168], [0.7071067811865475, -0.7071067811865476, 0.0], [-0.6696061989470394, -0.6696061989470393, 0.0]]
3	[[0.8592155572171323, 0.2624339665249735, -0.4391776855101157], [-0.4266000482917053, 0.8413623931712975, -0.33184593135155627], [0.2824199444684594, 0.4724804086637203, 0.8348660002631537]]	0.6027051741870089	0.3972948258129912	[[0.5178536620767396, 0.15817030950702185, -0.2646946634444217], [-0.2571140564138386, 0.5070934677307056, -0.20000525985848996], [0.17021596182474819, 0.28476638700361667, 0.5031780581114155]]	0.8052344947158293	0.3499818988420785	[[0.5800079803270899, 0.21429189874537544, -0.2917099051845764], [-0.32392969559492957, 0.7527092624135236, -0.2730829569355881], [0.25024561920202115, 0.3587039628486044, 0.5616548307877949]]	[[-0.11186202474062729, 0.0029710163143675463, 0.06193111649762903], [0.019583378736990183, 0.07521524087533282, -0.005869166080213856], [0.02283133792028867, -0.021753560284855068, -0.11060807108953102]]	0.6369702739915093	[[0.946966168, 0.0, 0.0], [0.0, 0.7071067811865476, -0.7071067811865475], [0.0, 0.6696061989470393, 0.6696061989470394]]
3	[[-0.3195682178843842, -0.5708200961323295, -0.7563336379995778], [0.910087742671785, 0.03735879733279218, -0.41272826520656647], [0.2638493031197415, -0.8202248094963509, 0.507557688474819]]	0.4719313903535076	0.5280686096464924	[[-0.1508142733789701, -0.2693879216094532, -0.3569375853522673], [0.42949897374278084, 0.017630789167199568, -0.19477942403712614], [0.12451876846510368, -0.38708983474805375, 0.2395324056065338]]	0.6722377631875749	0.5510859237444061	[[-0.2594997637596651, -0.27421554526991193, -0.47713540555834866], [0.5920039998081789, -0.039282328841132676, -0.0700438854393499], [0.28480315414351354, -0.45061669048935893, 0.31537467706544725]]	[[-0.04467393978322707, 0.10951127933660164, 0.031300627474008545], [-0.01979134862993119, -0.06439632319550681, 0.20740764036740053], [0.10743368879569815, 0.10076940075742272, -0.02582476812352104]]	0.9067839062435613	[[0.0, 0.0, -0.946966168], [0.7071067811865475, 0.7071067811865476, 0.0], [0.6696061989470394, -0.6696061989470393, 0.0]]
3	[[-0.30792515101507295, 0.09349718223056193, 0.9468053539599837], [0.3027085282091916, -0.9338174967034747, 0.1906631317268273], [0.9019698710720718, 0.34531602882779927, 0.2592434992682147]]	0.718948274989144	0.2810517250108561	[[-0.2213822561480584, 0.06721963788100815, 0.6807040759800161], [0.21763177418050092, -0.6713664784096437, 0.13707692965903043], [0.6484696828994467, 0.2482643632518478, 0.18638266660103242]]	0.8520362597735407	0.25906505541423985	[[-0.25905000574469467, 0.07988237503340676, 0.7461519938493927], [0.24340026299289308, -0.8497656492684905, 0.11929754407743291], [0.682624017901553, 0.2663408392902041, 0.17916763071128794]]	[[0.0033133882163907304, 0.00021938558631363556, -0.06056049867223512], [-0.014518379184019891, -0.05411928206617138, -0.04315435755580293], [-0.0858870174751176, -0.027880938352086167, -0.041717230775806344]]	0.46908707475608846	[[0.0, 0.0, 0.982], [0.0, -1.0, 0.0], [0.982, 0.0, 0.0]]
3	[[0.22433838825039393, -0.7661379269479729, -0.6022499185961573], [-0.9416906372873723, -0.011392912655017143, -0.3362869982418849], [0.2507808429735371, 0.642575192824231, -0.724020780340167]]	0.5129775372001721	0.4870224627998278	[[0.1150805539041431, -0.39301154692141654, -0.30894068002046093], [-0.4830661439201369, -0.005844308275307353, -0.1725076761505607], [0.12864493920554812, 0.32962663988089974, -0.37140639678064574]]	0.7109604363487597	0.5130261361580869	[[0.2783959240218047, -0.4041454392447893, -0.3823399300525462], [-0.6802313388854178, 0.014725816077145196, -0.038526771928384405], [0.32427755636464733, 0.33263647214564274, -0.4829772571055784]]	[[0.1189002056215271, 0.1405483156014757, 0.045835934863582846], [-0.010726552494045909, 0.02282572622963951, 0.20055997908008064], [0.14598229881627167, -0.12420906733156085, 0.03177287281063633]]	0.7429857613040672	[[1.8908401292873934e-16, -0.946966168, 0.0], [-1.0, -1.7938038903913487e-16, 0.0], [0.0, 0.0, -0.946966168]]
3	[[0.8787972042104137, -0.3840163418041313, 0.28327887866788265], [-0.395223040501579, -0.9183905790867732, -0.018907472103605397], [0.2674214316928388, -0.09534250611366366, -0.9588511794847616]]	0.6889142828894895	0.3110857171105106	[[0.6054159457439053, -0.2645543427318382, 0.19515486555522307], [-0.27227479752854905, -0.6326923872040273, -0.013025627585508352], [0.1842304438439526, -0.06568281422818137, -0.6605662727124858]]	0.842473604663395	0.29041926568558535	[[0.6182050743464227, -0.2687357920233702, 0.24343244332825048], [-0.3409990204132979, -0.8500658374296065, -0.02097406832719833], [0.218539141312919, -0.08032354480322, -0.7211412844775329]]	[[-0.12215837405283819, 0.05478783970600675, 0.004777465291914892], [-0.008034040835905695, -0.07634601577746992, -0.005045022149001307], [-0.006756356209592779, 0.0, 0.08666552503874221]]	0.4752005845076678	[[0.6818800396609362, -0.6818800396609361, 0.0], [-0.7071067811865475, -0.7071067811865476, 0.0], [0.0, 0.0, -0.964324]]
3	[[0.034229894132735264, 0.2773841392786001, 0.9601491309293217], [-0.1827544195208179, -0.9427759796974285, 0.2788803941677556], [0.9825625356654255, -0.18501754344446375, 0.018422055382213542]]	0.8661179701264559	0.13388202987354417	[[0.029647126423888143, 0.24024738765725526, 0.8316024162991849], [-0.15828688686700956, -0.8165552178195176, 0.24154332090464237], [0.8510150689128417, -0.16024701916590228, 0.015955673213199944]]	0.9243861252997255	0.12463444871318026	[[0.00959174137887476, 0.23961257718988913, 0.8705754297062699], [-0.16437131303520675, -0.8271791583389467, 0.25285510676364104], [0.9042432014472467, -0.16230441540384652, 0.0]]	[[-0.02204989782790421, -0.016797472537455452, -0.01697310514338479], [0.004564336707042638, 0.04430987655921188, -0.004938060223150713], [-0.004023973761189445, 0.008723234693254978, -0.017029092394821338]]	0.34598522298048	[[0.0, 0.0, 0.982], [0.0, -1.0, 0.0], [0.982, 0.0, 0.0]]
3	[[-0.42203838922340475, -0.825029846081567, 0.3757783270710803], [0.2588054115689476, 0.28760896992378115, 0.9221175843470338], [-0.8688517462515349, 0.4864224845687207, 0.09214016247897017]]	0.4598687443416481	0.540131255658352	[[-0.19408226411613894, -0.37940543936191345, 0.1728087074209828], [0.11901651964703538, 0.13226237586024403, 0.4240530556490243], [-0.3995577615677417, 0.2236904971981623, 0.042372380822639444]]	0.6589560811383604	0.5953743933368943	[[-0.12596265503418008, -0.39151632617767346, 0.36088585272460616], [0.12911754018086058, 0.09776853742858173, 0.6527235339724717], [-0.5215820165073352, 0.18733535255499667, -0.03210568186361921]]	[[0.1521421080184207, 0.15214210801842068, 0.11326443894111812], [-0.041423859604013596, -0.09175314229263369, 0.04508854424237867], [0.05095312529279741, -0.13319570165399217, -0.09282200224621318]]	0.6611204604557814	[[0.0, -0.6696061989470393, 0.6696061989470394], [0.0, 0.7071067811865476, 0.7071067811865475], [-0.946966168, 0.0, 0.0]]
3	[[0.8489524140446696, -0.5135124485683378, 0.12483895166604869], [0.522794976890395, 0.7815435453534784, -0.34040431673891397], [0.0772347773085365, 0.35425224329800037, 0.9319550081910795]]	0.7574958478291592	0.24250415217084098	[[0.6430779286433783, -0.38898354759910053, 0.09456498753437698], [0.3960150242604154, 0.5920159905029398, -0.25785485651284934], [0.058505023119226174, 0.26834460338240035, 0.7059520490683328]]	0.8816906681529906	0.19535696520439289	[[0.7531408292304057, -0.44303516912382646, 0.05396265268502328], [0.468292095092307, 0.6259325389099173, -0.27243815816058015], [0.03871190350460972, 0.2732404678307161, 0.8071122564242563]]	[[0.004627408061266855, 0.009723964759269513, -0.05610668602093408], [0.0073486426107874986, -0.06314711178344798, 0.0276931513071151], [-0.029385278905201262, -0.03910042925739374, -0.014583777436262147]]	0.4326401009184498	[[0.6943788591251897, -0.6943788591251896, 0.0], [0.7071067811865475, 0.7071067811865476, 0.0], [0.0, 0.0, 0.982]]
3	[[0.3802729664721569, 0.7767473726770865, -0.5020517802076895], [0.4287143634067757, 0.332951791095048, 0.839849450446521], [0.8195098935212374, -0.5346088512602871, -0.20639019011321075]]	0.5501214079223745	0.44987859207762565	[[0.20919629971048093, 0.42730535825712423, -0.2761894321777887], [0.23584494919388008, 0.18316390808748406, 0.46201916212247274], [0.45082993643021846, -0.29409977394307246, -0.11353966196644605]]	0.712972993073684	0.44452410070232823	[[0.22024796654429657, 0.4776982762948283, -0.31050237509008954], [0.33616178911461214, 0.2168995942995089, 0.4875844412996818], [0.5966705560357255, -0.3041720839197177, -0.05763641461508055]]	[[-0.05087638854636586, -0.07610162286487436, 0.047446985322558026], [0.030500026262804188, -0.02048604074677144, -0.1112055351164629], [0.012382134398392853, 0.07698958888701317, 0.089514216970982]]	0.6790194207772654	[[0.0, 0.6696061989470393, -0.6696061989470394], [0.0, 0.7071067811865476, 0.7071067811865475], [0.946966168, 0.0, 0.0]]
3	[[-0.8305561570912853, 0.32773595720904825, 0.4502950280316503], [-0.5100865793185324, -0.772219296347621, -0.37879947194723407], [0.22358030216652452, -0.5443036842615101, 0.808545204538665]]	0.5295237402832708	0.47047625971672935	[[-0.4397992028182771, 0.1735439698866532, 0.23844190747427962], [-0.27010295334904844, -0.40890845012090765, -0.20058331320282724], [0.11839107785688192, -0.2882217227401193, 0.428143880895416]]	0.7563945809151805	0.445288689373132	[[-0.5355644837066325, 0.15104555077952495, 0.25059264230769024], [-0.5530992289311063, -0.5997348551559288, -0.29148401726486217], [0.23408261223326363, -0.3401715841461152, 0.48379609252910305]]	[[0.09266369266295309, -0.0968521512244486, -0.0900080767084994], [-0.16727250453700698, -0.015632364120454413, -0.004962149430442326], [0.0649676832751259, 0.0715367730014586, -0.1277831186088994]]	0.680373797753948	[[-0.6696061989470394, 0.6696061989470393, 0.0], [-0.7071067811865475, -0.7071067811865476, 0.0], [0.0, 0.0, 0.946966168]]
3	[[0.5319609947059123, -0.8460851799387872, 0.03402011756955908], [-0.703274286200726, -0.4190807785627857, 0.5742617690636116], [-0.47161719485230363, -0.3294103357928521, -0.8179645788128509]]	0.5181833321436691	0.481816667856331	[[0.2756533208071703, -0.43842723781805654, 0.017628657882113513], [-0.36442501303445257, -0.21716067427302743, 0.29757287701610036], [-0.2443841695248167, -0.170694945443705, -0.42385561102473596]]	0.7200513446390083	0.48812904618560815	[[0.49212574759296107, -0.6137802894867725, 0.11112457060338711], [-0.41782568665114417, -0.23386660339714885, 0.28928109453540324], [-0.298202418139398, -0.06307845753444187, -0.5067355340356384]]	[[0.10908651805946458, -0.004555517992711469, 0.08662833920264895], [0.08856790877772738, 0.06789307471934734, -0.12421686445362594], [0.041386177168880434, 0.1741138976911885, 0.08224096080563491]]	0.6556740529945789	[[0.6818800396609362, -0.6818800396609361, 0.0], [-0.7071067811865475, -0.7071067811865476, 0.0], [0.0, 0.0, -0.964324]]
