3	[[-0.5446221603179724, 0.8109226453022452, -0.2139887049042392], [-0.8354447797583356, -0.5021691245819775, 0.22328947644507607], [0.07361197229480154, 0.30038414347728, 0.9509735242804028]]	0.5952709280156817	0.4047290719843184	[[-0.3241977387903848, 0.48271867561799897, -0.12738125495322034], [-0.49731598935260113, -0.29892668081073615, 0.13291773385959613], [0.043819067060991174, 0.1788099478489161, 0.5660868923167388]]	0.7749233168619891	0.32673543363809393	[[-0.47888095232063826, 0.5807774399076017, -0.11137487169702177], [-0.673734429819343, -0.4087738389061788, 0.0469948920277172], [0.13770989437063286, 0.11919465959939674, 0.7369315576833051]]	[[-0.05684054141049314, -0.04762542610851253, 0.05444996527837267], [-0.026328790033979473, -0.01963127525943128, -0.12603732967947814], [0.08066626063919241, -0.1135800171967647, 0.0]]	0.4015138868552808	[[-0.6582025973771761, 0.658202597377176, 0.0], [-0.7071067811865475, -0.7071067811865476, 0.0], [0.0, 0.0, 0.9308390400000002]]
3	[[0.04673222253661188, -0.9725397674033924, -0.22799671093185395], [-0.8377629715199755, -0.16246744520517667, 0.5213036857710898], [-0.5440306084466285, 0.16664552219444034, -0.8223502702654952]]	0.5435417983530594	0.4564582016469407	[[0.025400916278585345, -0.5286160141443059, -0.12392574227848249], [-0.45535919213357035, -0.08830784734064885, 0.2833503428520963], [-0.2957033752741896, 0.09057880682105077, -0.4469817447762317]]	0.7419601131719878	0.3949538966000558	[[-0.01596249342645912, -0.7925914155865919, -0.11062363832681193], [-0.6565279084355612, -0.1284906326719779, 0.23502695790810674], [-0.2781190208266246, 0.008442142342540775, -0.6000708050052654]]	[[-0.05063593854850208, -0.07100569969971186, 0.05854082711902737], [-0.034941199275299234, -0.007946268640781386, -0.15175958378358542], [0.1255299909854614, -0.11520218816445117, 0.010080294587936212]]	0.6372471571259507	[[1.7932144581128567e-16, -0.8980735057920003, 0.0], [-1.0, -1.7938038903913487e-16, 0.0], [0.0, 0.0, -0.8980735057920003]]
3	[[0.8489524140446696, -0.5135124485683378, 0.12483895166604869], [0.522794976890395, 0.7815435453534784, -0.34040431673891397], [0.0772347773085365, 0.35425224329800037, 0.9319550081910795]]	0.7415931700976267	0.25840682990237324	[[0.6295773119934197, -0.38081732461838813, 0.09257971391768945], [0.3877011842232635, 0.5795873553680244, -0.2524415163653278], [0.057276783346021834, 0.2627110441215599, 0.6911314689127824]]	0.866996773763155	0.20177902001289977	[[0.7259535402301389, -0.4333510143224937, 0.05298553654969326], [0.47130290540928543, 0.626635230660051, -0.2691362833905287], [0.03480293529875309, 0.25988676681130163, 0.7849491766858633]]	[[-0.010085463825031673, 0.011862621873473332, -0.05524943178474538], [0.01804134710572966, -0.050960501716832876, 0.025993160997160814], [-0.03215936745006379, -0.04724878522642499, -0.023052808708217274]]	0.43834277060311666	[[0.6822166224887811, -0.682216622488781, 0.0], [0.7071067811865475, 0.7071067811865476, 0.0], [0.0, 0.0, 0.9648000000000001]]
3	[[-0.8305561570912853, 0.32773595720904825, 0.4502950280316503], [-0.5100865793185324, -0.772219296347621, -0.37879947194723407], [0.22358030216652452, -0.5443036842615101, 0.808545204538665]]	0.5088421091787867	0.49115789082121325	[[-0.4226219467657573, 0.1667658557199807, 0.22912907181634584], [-0.25955353088423444, -0.3929376955020819, -0.19274912226144122], [0.11376707252524476, -0.27696463473341115, 0.4114218472438478]]	0.7380449710445054	0.46618848471028623	[[-0.5113032467214285, 0.13660496208003475, 0.250728477722171], [-0.5535895437811302, -0.5938923119093933, -0.2876680272386098], [0.22440654506650098, -0.33266806575858276, 0.4608760295340875]]	[[0.10168454818984494, -0.10527891296856054, -0.08160950320293305], [-0.1771227091177932, -0.023959743696504957, -0.008096981933639445], [0.05939422742788663, 0.06905253113162099, -0.1358666925378253]]	0.6804575348878744	[[-0.6582025973771761, 0.658202597377176, 0.0], [-0.7071067811865475, -0.7071067811865476, 0.0], [0.0, 0.0, 0.9308390400000002]]
3	[[-0.30792515101507295, 0.09349718223056193, 0.9468053539599837], [0.3027085282091916, -0.9338174967034747, 0.1906631317268273], [0.9019698710720718, 0.34531602882779927, 0.2592434992682147]]	0.6877331966133996	0.31226680338660046	[[-0.21177034842526, 0.0643011160097699, 0.651149472649581], [0.2081827037474448, -0.6422172920614033, 0.13112536505881264], [0.6203146226813718, 0.23748529634758725, 0.17829036045297286]]	0.8377070506935639	0.273903007745433	[[-0.24395372654086922, 0.07514973569920652, 0.7330359475650687], [0.2454837771621009, -0.8492993693743083, 0.11833972915262243], [0.6706494343272228, 0.25689214180254777, 0.1688039908416627]]	[[0.01399734355033783, -0.003173513075316201, -0.06010957308162506], [-0.008097291223810428, -0.06703386832479358, -0.04138012060225653], [-0.08493708618301668, -0.032381530264001666, -0.04836611634179252]]	0.47224540313534213	[[0.0, 0.0, 0.9648000000000001], [0.0, -1.0, 0.0], [0.9648000000000001, 0.0, 0.0]]
3	[[0.8592155572171323, 0.2624339665249735, -0.4391776855101157], [-0.4266000482917053, 0.8413623931712975, -0.33184593135155627], [0.2824199444684594, 0.4724804086637203, 0.8348660002631537]]	0.5733095820579386	0.4266904179420617	[[0.49259651200583293, 0.15045590766623956, -0.25178477532897725], [-0.24457389539201396, 0.48236112198830344, -0.19025045221078812], [0.16191406032803868, 0.2708775456215615, 0.47863667768525137]]	0.7879314354985892	0.3770770966764502	[[0.552612061004196, 0.20712000696958072, -0.28505302396536214], [-0.3244694695058582, 0.7529232879560732, -0.2720264796571417], [0.2442107194211378, 0.34290181980318424, 0.5372116971491366]]	[[-0.12439088639661931, 0.0003400350019696005, 0.060988880217571276], [0.011662118928392667, 0.08998740973008441, -0.010554638602943707], [0.021683167162672733, -0.029380346840180996, -0.12060546888717558]]	0.6524103838898109	[[0.8980735057920003, 0.0, 0.0], [0.0, 0.7071067811865476, -0.7071067811865475], [0.0, 0.6350338659494995, 0.6350338659494996]]
3	[[0.8787972042104137, -0.3840163418041313, 0.28327887866788265], [-0.395223040501579, -0.9183905790867732, -0.018907472103605397], [0.2674214316928388, -0.09534250611366366, -0.9588511794847616]]	0.6563944766650066	0.3436055233349934	[[0.5768376309523656, -0.25206620570933297, 0.18594269131345478], [-0.2594222208359867, -0.602826503533735, -0.012410760256504259], [0.17553395070502775, -0.06258229440440845, -0.6293846181575244]]	0.82998010863085	0.31091816014125295	[[0.5999469183978395, -0.2595125825202283, 0.23988655033972012], [-0.3428011564996156, -0.8493065591784233, -0.02100499209250217], [0.21520765786916407, -0.07913238358135605, -0.6993417356524334]]	[[-0.12943728061720683, 0.059213342566386294, 0.0047707158501254674], [-0.014773894410700174, -0.0870606465824341, -0.005312166342016993], [-0.006746811057475726, 0.0, 0.09648567045714751]]	0.48324942690515527	[[0.6582025973771761, -0.658202597377176, 0.0], [-0.7071067811865475, -0.7071067811865476, 0.0], [0.0, 0.0, -0.9308390400000002]]
3	[[-0.42203838922340475, -0.825029846081567, 0.3757783270710803], [0.2588054115689476, 0.28760896992378115, 0.9221175843470338], [-0.8688517462515349, 0.4864224845687207, 0.09214016247897017]]	0.4444828471764795	0.5555171528235205	[[-0.18758882485979422, -0.36671161499190763, 0.16702702072376807], [0.11503456619884643, 0.12783725382521663, 0.40986544932206703], [-0.38618969794813834, 0.21620645087176216, 0.040954721757956086]]	0.6424949796681475	0.6071907032857118	[[-0.1155698299992064, -0.3744898178797287, 0.3388881147920524], [0.1363640247939159, 0.09366924314991693, 0.6439602691081299], [-0.49846948983105577, 0.18245868514202057, -0.031139089585086877]]	[[0.15558771630406276, 0.15558771630406273, 0.09745242618078813], [-0.029917152850081577, -0.09111807613363974, 0.051504350501441115], [0.05976339521145871, -0.13006531919108938, -0.0903386814036326]]	0.6708092806713294	[[0.0, -0.6350338659494995, 0.6350338659494996], [0.0, 0.7071067811865476, 0.7071067811865475], [-0.8980735057920003, 0.0, 0.0]]
3	[[0.034229894132735264, 0.2773841392786001, 0.9601491309293217], [-0.1827544195208179, -0.9427759796974285, 0.2788803941677556], [0.9825625356654255, -0.18501754344446375, 0.018422055382213542]]	0.8460528409435456	0.15394715905645448	[[0.028960299176197468, 0.23468163906933978, 0.812336899952229], [-0.15461989583057653, -0.7976382959963437, 0.23594754976908544], [0.8312998247044271, -0.1565346182555844, 0.0155860322921411]]	0.9107473906347288	0.13563017550955075	[[0.009071724352742144, 0.23221453758757774, 0.8467347199155993], [-0.16544730879121808, -0.8262560667616454, 0.2540076512128631], [0.8792673424406828, -0.15743147032897245, 0.0]]	[[-0.022103062410349508, -0.02041234346386748, -0.027718595698482954], [0.0009958019143313582, 0.032374696700887606, 1.805992539505915e-05], [-0.015598923052045896, 0.011072774584720467, -0.01677783886947944]]	0.3534570301111148	[[0.0, 0.0, 0.9648000000000001], [0.0, -1.0, 0.0], [0.9648000000000001, 0.0, 0.0]]
3	[[0.08740825448676931, -0.06334395238859675, -0.994156597696443], [0.7119981850616444, -0.6940087028176986, 0.10681996481098455], [-0.6967197295301035, -0.717174639895393, -0.015561310176609944]]	0.7718387167037849	0.2281612832962151	[[0.06746507497238588, -0.048891314922560165, -0.7673285525686236], [0.5495477654534036, -0.5356627865640708, 0.08244778455805378], [-0.5377552619427234, -0.5535431537093592, -0.012010821676944169]]	0.8864821780466584	0.17913611878600869	[[0.04635784638902319, -0.031334569275548715, -0.838893655210188], [0.6358393852957597, -0.6383754693911539, 0.06960153972009425], [-0.6153442787137937, -0.6022032353825907, 0.028899779968752207]]	[[-0.031128013427664664, 0.024818715603978348, 0.042408450835210214], [0.004665683437045445, -0.02314912293398446, -0.025092455344414753], [0.0022853446081311916, 0.03355930143170503, 0.04269460410737302]]	0.168268819032827	[[0.0, 0.0, -0.8980735057920003], [0.7071067811865475, -0.7071067811865476, 0.0], [-0.6350338659494996, -0.6350338659494995, 0.0]]
3	[[0.5319609947059123, -0.8460851799387872, 0.03402011756955908], [-0.703274286200726, -0.4190807785627857, 0.5742617690636116], [-0.47161719485230363, -0.3294103357928521, -0.8179645788128509]]	0.5026428832494253	0.49735711675057465	[[0.26738640815521203, -0.42527869431904086, 0.017099969983647642], [-0.3534958149311144, -0.2106479708512125, 0.2886485913420494], [-0.23705502661056793, -0.16557576095508056, -0.41114407429039324]]	0.7056936251932276	0.5104898213604809	[[0.45475473205727895, -0.5922034791343436, 0.11003451065110102], [-0.40339019306110835, -0.21845856823858734, 0.3037165881254391], [-0.3064772462177169, -0.056047681985071325, -0.4749772636735327]]	[[0.07935324924186835, 0.00487343871892357, 0.08602673055393906], [0.09290598747306145, 0.07728406563418505, -0.10153628149493708], [0.026340001721066028, 0.17641509205670491, 0.10225512522855955]]	0.6676003908620661	[[0.6582025973771761, -0.658202597377176, 0.0], [-0.7071067811865475, -0.7071067811865476, 0.0], [0.0, 0.0, -0.9308390400000002]]
3	[[-0.3195682178843842, -0.5708200961323295, -0.7563336379995778], [0.910087742671785, 0.03735879733279218, -0.41272826520656647], [0.2638493031197415, -0.8202248094963509, 0.507557688474819]]	0.45372119266639843	0.5462788073336016	[[-0.14499487295677826, -0.2589931748151087, -0.3431646002868844], [0.4129260960361126, 0.016950478082416752, -0.1872635607366569], [0.11971402049568716, -0.37215337881925376, 0.23028967976179518]]	0.6584260895365965	0.5633355782389342	[[-0.26845071065461956, -0.26845071065461956, -0.45387655841563984], [0.6049255158988494, -0.06242554782127722, -0.059856399385090374], [0.2580319430893479, -0.41270547942049646, 0.3258911893966043]]	[[-0.058038658612825415, 0.10739213307069428, 0.04411324123740987], [0.0057000023562777235, -0.08702355465889784, 0.21189465831609255], [0.0843066782092605, 0.12735193443708562, -0.008298034640104817]]	0.9157779363952521	[[0.0, 0.0, -0.8980735057920003], [0.7071067811865475, 0.7071067811865476, 0.0], [0.6350338659494996, -0.6350338659494995, 0.0]]
3	[[0.22433838825039393, -0.7661379269479729, -0.6022499185961573], [-0.9416906372873723, -0.011392912655017143, -0.3362869982418849], [0.2507808429735371, 0.642575192824231, -0.724020780340167]]	0.4889516534222849	0.511048346577715	[[0.10969062586112063, -0.37460440613073315, -0.2944710934710277], [-0.4604411941139459, -0.00557058347996629, -0.16442808381478666], [0.12261970781854538, 0.3141882029795513, -0.3540111576594177]]	0.6940768185184587	0.5284996254390427	[[0.28893640406108617, -0.4002608594782227, -0.341618711266616], [-0.6766654222421447, -0.014752709956341006, -0.03910016815062296], [0.3015056633448857, 0.30150566334488565, -0.48482741161555054]]	[[0.13322832927269393, 0.13149771540415367, 0.07638899618560552], [-0.023059780685105502, -0.006845153387088007, 0.194308841698227], [0.12744449370843594, -0.14449088214944178, 0.01769862814420447]]	0.7361369438269064	[[-1.7932144581128567e-16, -0.8980735057920003, 0.0], [-1.0, 1.7938038903913487e-16, 0.0], [0.0, 0.0, -0.8980735057920003]]
3	[[0.3802729664721569, 0.7767473726770865, -0.5020517802076895], [0.4287143634067757, 0.332951791095048, 0.839849450446521], [0.8195098935212374, -0.5346088512602871, -0.20639019011321075]]	0.5375734888196183	0.46242651118038197	[[0.20442466529022313, 0.41755879506149357, -0.2698897270543478], [0.23046547604366213, 0.17898605594770564, 0.4514807991597755], [0.4405467925824055, -0.2873915453258409, -0.11094989455730297]]	0.6962648151357391	0.4552919840909942	[[0.2042419552152246, 0.4601295077549935, -0.29622182803861274], [0.3389103967058781, 0.21091622728732307, 0.4861792982684812], [0.5712214130768508, -0.2843242604457757, -0.06425035175837726]]	[[-0.06052873148663085, -0.0806923580891892, 0.053339161896262796], [0.04041166972242342, -0.020906389988583723, -0.09857832408851783], [0.0006255085623771764, 0.087905072546898, 0.07945187580662744]]	0.6906496267315252	[[0.0, 0.6350338659494995, -0.6350338659494996], [0.0, 0.7071067811865476, 0.7071067811865475], [0.8980735057920003, 0.0, 0.0]]
