3	[[0.3802729664721569, 0.7767473726770865, -0.5020517802076895], [0.4287143634067757, 0.332951791095048, 0.839849450446521], [0.8195098935212374, -0.5346088512602871, -0.20639019011321075]]	0.5139021356753105	0.48609786432468965	[[0.1954230896096272, 0.3991721336989411, -0.25800548206832324], [0.22031722694942324, 0.17110463652066502, 0.431600426230203], [0.4211478844876102, -0.274736630413586, -0.10606435948161234]]	0.6628524158611103	0.507535070772968	[[0.12593274679515015, 0.4080736538344097, -0.26347909535674324], [0.30507243144561824, 0.17100715498621522, 0.460014212319166], [0.5871106746805268, -0.29936008873551095, -0.07917572851967988]]	[[-0.1261321077175901, -0.10679521865836736, 0.0693071400412949], [0.020898079947079012, -0.04969074410642106, -0.0966820248689363], [0.04389656193789335, 0.05500667986310346, 0.057630507606895705]]	0.7155771164083247	[[0.0, 0.5735499358490889, -0.573549935849089], [0.0, 0.7071067811865476, 0.7071067811865475], [0.8111220979760002, 0.0, 0.0]]
3	[[-0.8305561570912853, 0.32773595720904825, 0.4502950280316503], [-0.5100865793185324, -0.772219296347621, -0.37879947194723407], [0.22358030216652452, -0.5443036842615101, 0.808545204538665]]	0.47174538586156634	0.5282546141384336	[[-0.3918110348067281, 0.15460792559429226, 0.21242460175033567], [-0.2406309901834275, -0.36429088992525577, -0.1786969030579055], [0.10547297591659276, -0.2567727515578182, 0.38142746950161155]]	0.7019648761023349	0.5100227482368508	[[-0.45909397013027453, 0.1168352103585718, 0.24752751942693768], [-0.5456418544566933, -0.5974197832950995, -0.2752347244432328], [0.21007496395941544, -0.3148115979883599, 0.4150159488540341]]	[[0.12392727977834095, -0.11322392023795785, -0.06856377413479711], [-0.18757899200389597, -0.05534896061060937, -0.009330800050162787], [0.05312944485016843, 0.06727047029631548, -0.15255438547308697]]	0.6836492076007042	[[-0.6150010034839041, 0.615001003483904, 0.0], [-0.7071067811865475, -0.7071067811865476, 0.0], [0.0, 0.0, 0.8697427600000002]]
3	[[0.8489524140446696, -0.5135124485683378, 0.12483895166604869], [0.522794976890395, 0.7815435453534784, -0.34040431673891397], [0.0772347773085365, 0.35425224329800037, 0.9319550081910795]]	0.7009291867165195	0.2990708132834805	[[0.5950555251373563, -0.3599358629438136, 0.08750326486182641], [0.36644225797126617, 0.5478066816281589, -0.2385993208865995], [0.054136109645103986, 0.24830573678736997, 0.6532344659477606]]	0.8382698589026556	0.2434333028652713	[[0.6772180819887353, -0.41635079614000087, 0.0522661533098987], [0.47617373236227756, 0.6233182949503866, -0.26563937619399913], [0.031004941310142975, 0.2367271801232683, 0.7422650281092515]]	[[-0.03443313834755843, 0.01411121166613677, -0.05238257708875537], [0.03793046084934907, -0.03182610253935476, 0.01971130236858519], [-0.033738644566661945, -0.06023179788209569, -0.03896476511070778]]	0.4497995780150516	[[0.6594477841345744, -0.6594477841345743, 0.0], [0.7071067811865475, 0.7071067811865476, 0.0], [0.0, 0.0, 0.9326000000000001]]
3	[[-0.42203838922340475, -0.825029846081567, 0.3757783270710803], [0.2588054115689476, 0.28760896992378115, 0.9221175843470338], [-0.8688517462515349, 0.4864224845687207, 0.09214016247897017]]	0.41598781381589417	0.5840121861841059	[[-0.1755628268794256, -0.34320236200433474, 0.15631920475769273], [0.10765989736228924, 0.11964182663243489, 0.383589677993716], [-0.361431738453298, 0.20234582594663766, 0.038329184754268095]]	0.6111797883181486	0.6312232956551925	[[-0.09755003635083898, -0.3438502696474329, 0.30043390055630637], [0.15026584258957223, 0.08603048574636209, 0.6273915732111714], [-0.45708985731613805, 0.1729894359602641, -0.029187857444907473]]	[[0.160391297036854, 0.16039129703685398, 0.07076578216245552], [-0.007910794068728424, -0.0897503036100552, 0.0638119432055088], [0.07393476903772883, -0.12430215519163458, -0.08550206244440428]]	0.6931147991737333	[[0.0, -0.5735499358490889, 0.573549935849089], [0.0, 0.7071067811865476, 0.7071067811865475], [-0.8111220979760002, 0.0, 0.0]]
3	[[0.8592155572171323, 0.2624339665249735, -0.4391776855101157], [-0.4266000482917053, 0.8413623931712975, -0.33184593135155627], [0.2824199444684594, 0.4724804086637203, 0.8348660002631537]]	0.5220000247108113	0.47799997528918875	[[0.44851054209925656, 0.13699053701099242, -0.22925076268871739], [-0.22268523574990345, 0.4391911900261647, -0.17322358436569457], [0.1474232179913618, 0.24663478499783623, 0.4358000727675824]]	0.7560883610831625	0.43262610211846536	[[0.4847089866105999, 0.19529311571604577, -0.28988310451487054], [-0.35362738868358223, 0.7490157285973422, -0.2523022432790442], [0.241428312543633, 0.32162814083147817, 0.4808340977762797]]	[[-0.16493389586285795, -0.003130151926374976, 0.04217403194676936], [-0.03108005733270891, 0.11287141566744854, -0.0013973969113304048], [0.027893879593277788, -0.03560879699897692, -0.1503983680867433]]	0.6832967336070045	[[0.8111220979760002, 0.0, 0.0], [0.0, 0.7071067811865476, -0.7071067811865475], [0.0, 0.5735499358490889, 0.573549935849089]]
3	[[-0.30792515101507295, 0.09349718223056193, 0.9468053539599837], [0.3027085282091916, -0.9338174967034747, 0.1906631317268273], [0.9019698710720718, 0.34531602882779927, 0.2592434992682147]]	0.6273885556356666	0.37261144436433336	[[-0.19318871573924115, 0.058659062115636984, 0.5940148434890703], [0.1899158662917632, -0.5858664104841069, 0.11961986682706707], [0.5658855746387959, 0.2166473245641172, 0.16264640456382126]]	0.8103964979007013	0.29817733953252545	[[-0.209381460495663, 0.0696115432236488, 0.7163964280347829], [0.25237302148645097, -0.845190725116991, 0.12136962951725414], [0.6563946259700167, 0.2433027528361893, 0.1397699172720142]]	[[0.040160003502496724, -0.006158245819582263, -0.05089131500802174], [0.0070590903410464485, -0.08842829611009541, -0.03314310471294681], [-0.07455859875873747, -0.03654014759483688, -0.07032010663847002]]	0.4793151830910202	[[0.0, 0.0, 0.9326000000000001], [0.0, -1.0, 0.0], [0.9326000000000001, 0.0, 0.0]]
3	[[0.08740825448676931, -0.06334395238859675, -0.994156597696443], [0.7119981850616444, -0.6940087028176986, 0.10681996481098455], [-0.6967197295301035, -0.717174639895393, -0.015561310176609944]]	0.6700751198318339	0.3299248801681662	[[0.058570096599513365, -0.04244520648741095, -0.6661596013330524], [0.4770922691752294, -0.4650379647049051, 0.07157740072115275], [-0.46685455625408706, -0.4805608827682578, -0.01042724678133225]]	0.8412999480985675	0.25482697970353907	[[0.038958055547669866, -0.03032205373534784, -0.7596042365321434], [0.6357617159499452, -0.6391823458189523, 0.07134506523660222], [-0.5585622364856763, -0.5432278821137411, 0.02754750525959956]]	[[-0.034578504415435536, 0.02296921012153673, 0.07677965751172244], [0.03675767981130969, -0.055312860158468424, -0.018522565614769882], [0.027588035807247883, 0.06013110520786187, 0.04063923470352722]]	0.2342536352783464	[[0.0, 0.0, -0.8111220979760002], [0.7071067811865475, -0.7071067811865476, 0.0], [-0.573549935849089, -0.5735499358490889, 0.0]]
3	[[0.04673222253661188, -0.9725397674033924, -0.22799671093185395], [-0.8377629715199755, -0.16246744520517667, 0.5213036857710898], [-0.5440306084466285, 0.16664552219444034, -0.8223502702654952]]	0.5170560368591272	0.4829439631408727	[[0.02416317777839934, -0.5028575578214955, -0.11788707577134043], [-0.43317040188144434, -0.08400477333641604, 0.2695432177648555], [-0.2812943103334734, 0.08616507326617706, -0.4252011716535091]]	0.7131951987619392	0.44798133257437744	[[-1.0865684148241117e-16, -0.7329344217406161, -0.09974425006745469], [-0.6708887289849385, -0.12297069740344549, 0.23271681149967366], [-0.26694942461328475, 0.0, -0.5441726733627155]]	[[-0.03332919674058607, -0.03932372902346361, 0.06286190950265733], [-0.07340019999635697, -0.007099695527995165, -0.1390744742891702], [0.12105059331038723, -0.11885078632425104, 0.042323591091218755]]	0.668779082013656	[[1.619595572082573e-16, -0.8111220979760002, 0.0], [-1.0, -1.7938038903913487e-16, 0.0], [0.0, 0.0, -0.8111220979760002]]
3	[[0.034229894132735264, 0.2773841392786001, 0.9601491309293217], [-0.1827544195208179, -0.9427759796974285, 0.2788803941677556], [0.9825625356654255, -0.18501754344446375, 0.018422055382213542]]	0.7896627726751961	0.21033722732480398	[[0.02703007310923415, 0.21903992851886214, 0.758194024911328], [-0.14431436163745504, -0.7444750941394459, 0.2202214653032615], [0.7758930562403311, -0.1461014663499088, 0.014547211331494763]]	0.8837866251339518	0.17850450661717066	[[0.009176371999564689, 0.21807217214085442, 0.80272584228568], [-0.1673664476373289, -0.8245611568016092, 0.2561803869792735], [0.8330336838975598, -0.14870354761079868, 0.0]]	[[-0.021075550614697874, -0.027076220177865658, -0.045841117763642254], [-0.005850535980710839, 0.008651644552536294, 0.009709624601726485], [-0.03534194348124471, 0.014812482700558204, -0.016281166154277268]]	0.36803146133722614	[[0.0, 0.0, 0.9326000000000001], [0.0, -1.0, 0.0], [0.9326000000000001, 0.0, 0.0]]
3	[[0.8787972042104137, -0.3840163418041313, 0.28327887866788265], [-0.395223040501579, -0.9183905790867732, -0.018907472103605397], [0.2674214316928388, -0.09534250611366366, -0.9588511794847616]]	0.6003777268247084	0.3996222731752917	[[0.5276102678037572, -0.2305548583559046, 0.17007432923207577], [-0.23728311064508767, -0.5513812482093443, -0.011351625121564214], [0.16055387126395562, -0.05724151709029225, -0.5756728915022518]]	0.8058771862125211	0.3477316827789528	[[0.5676736663519499, -0.24272993627049574, 0.2317226820558879], [-0.3454713094141486, -0.8478080327423316, -0.021952602023556308], [0.20780547987456055, -0.07683435055332936, -0.6603070700751559]]	[[-0.1405289518285686, 0.06674007272224336, 0.003434696401576477], [-0.026970077608378825, -0.10769801702379493, -0.0067155016063110504], [-0.007703351030988314, 0.0, 0.11240922044458093]]	0.5015424219274244	[[0.6150010034839041, -0.615001003483904, 0.0], [-0.7071067811865475, -0.7071067811865476, 0.0], [0.0, 0.0, -0.8697427600000002]]
3	[[0.5319609947059123, -0.8460851799387872, 0.03402011756955908], [-0.703274286200726, -0.4190807785627857, 0.5742617690636116], [-0.47161719485230363, -0.3294103357928521, -0.8179645788128509]]	0.47316434569795957	0.5268356543020404	[[0.2517049759968587, -0.40033734057047665, 0.01609710667036808], [-0.33276431747636614, -0.19829408238325197, 0.2717201942183365], [-0.22315244142219734, -0.15586522600157, -0.3870316747380897]]	0.6767831689965123	0.5379979344276932	[[0.41379429172613147, -0.553623038990478, 0.09886639252603671], [-0.40478189286211697, -0.22907237603944802, 0.3023248883244305], [-0.2850586695779108, -0.0436554793935159, -0.45422706121111633]]	[[0.05377204394652725, 0.018993170329478722, 0.07584214954767657], [0.07118230722657048, 0.05455444134179969, -0.0863258115759839], [0.03412391010747679, 0.17928389156457578, 0.0993575985647423]]	0.6904392759556529	[[0.6150010034839041, -0.615001003483904, 0.0], [-0.7071067811865475, -0.7071067811865476, 0.0], [0.0, 0.0, -0.8697427600000002]]
3	[[-0.5446221603179724, 0.8109226453022452, -0.2139887049042392], [-0.8354447797583356, -0.5021691245819775, 0.22328947644507607], [0.07361197229480154, 0.30038414347728, 0.9509735242804028]]	0.5514667485964961	0.4485332514035039	[[-0.3003410119641519, 0.4471968745680989, -0.11800765532991594], [-0.4607200163252453, -0.27692957437877186, 0.12313672157098003], [0.040594555019189564, 0.16565186693335898, 0.5244302774362649]]	0.749034994422259	0.36069793248797305	[[-0.4732306639661804, 0.5508708838880695, -0.09136075085295273], [-0.6782342082402966, -0.4524546249295595, 0.04262859397478979], [0.1096196825986332, 0.08980832432194782, 0.7123124484550876]]	[[-0.06528960715016936, -0.05653855521278145, 0.06892427753142048], [-0.052456832293906124, -0.07631237749926739, -0.1246230377687969], [0.05448173934138505, -0.13518991091209165, 0.0]]	0.42528894534051526	[[-0.6150010034839041, 0.615001003483904, 0.0], [-0.7071067811865475, -0.7071067811865476, 0.0], [0.0, 0.0, 0.8697427600000002]]
3	[[-0.3195682178843842, -0.5708200961323295, -0.7563336379995778], [0.910087742671785, 0.03735879733279218, -0.41272826520656647], [0.2638493031197415, -0.8202248094963509, 0.507557688474819]]	0.42106060825368513	0.5789393917463147	[[-0.13455758820094496, -0.24034985688090565, -0.3184623016588247], [0.3832020984936051, 0.01573031792857167, -0.17378361439136514], [0.11109654805890928, -0.3453643571912965, 0.2137125490330417]]	0.6277433756869908	0.5709399627719123	[[-0.25208037720890974, -0.2520803772089097, -0.4096593462590408], [0.6090996894702269, 0.04139814155285606, -0.057411225118676815], [0.3174559815615333, -0.3691686195656839, 0.3099279748913322]]	[[-0.05147354535189058, 0.10624815684717148, 0.06512408480443657], [0.03779813771408712, 0.017946404003562927, 0.2016762093235288], [0.1518263293484866, 0.14572207116977443, -0.008688001827736725]]	0.9346262170914331	[[0.0, 0.0, -0.8111220979760002], [0.7071067811865475, 0.7071067811865476, 0.0], [0.573549935849089, -0.5735499358490889, 0.0]]
3	[[0.22433838825039393, -0.7661379269479729, -0.6022499185961573], [-0.9416906372873723, -0.011392912655017143, -0.3362869982418849], [0.2507808429735371, 0.642575192824231, -0.724020780340167]]	0.44405847231474	0.55594152768526	[[0.09961936196802093, -0.34021003742289874, -0.2674341788034861], [-0.41816570578692447, -0.005059119388802192, -0.1493310906986011], [0.11136135801663158, 0.28534095847287755, -0.3215075616419805]]	0.6602331311387943	0.5548787470528381	[[0.27977207267153587, -0.39246165405273703, -0.28115907815507446], [-0.6792124334860835, -0.05007341216512367, -0.04017683226566865], [0.25444122680156456, 0.2544412268015645, -0.47575872444915934]]	[[0.1316564361623478, 0.11336798834030799, 0.11646627132775046], [-0.05747707546575493, -0.042551433770110836, 0.18185098554483722], [0.08886740561551991, -0.16980820474889202, 0.002263782364382405]]	0.7313023356617637	[[1.619595572082573e-16, -0.8111220979760002, 0.0], [-1.0, -1.7938038903913487e-16, 0.0], [0.0, 0.0, -0.8111220979760002]]
