3	[[-0.42203838922340475, -0.825029846081567, 0.3757783270710803], [0.2588054115689476, 0.28760896992378115, 0.9221175843470338], [-0.8688517462515349, 0.4864224845687207, 0.09214016247897017]]	0.40967548651579655	0.5903245134842036	[[-0.17289878243344142, -0.3379945035835188, 0.15394716896493693], [0.10602623289742955, 0.1178263446798321, 0.37776896999214216], [-0.355947261855697, 0.19927536801791318, 0.03774756589121664]]	0.6040924871402216	0.6368885399438782	[[-0.0937707314530247, -0.33721484292273335, 0.2923061902806773], [0.1534322332995922, 0.08433233335132706, 0.6236603241816605], [-0.4481644147593727, 0.1708177566422153, -0.028729389535469857]]	[[0.16117948876159477, 0.16117948876159474, 0.06530132606691676], [-0.002910171460442007, -0.08941008461376707, 0.0666160192177278], [0.07670239758984175, -0.12302641186182924, -0.08439056945289504]]	0.698682841089519	[[0.0, -0.5603682075670331, 0.5603682075670332], [0.0, 0.7071067811865476, 0.7071067811865475], [-0.792480319064, 0.0, 0.0]]
3	[[0.8787972042104137, -0.3840163418041313, 0.28327887866788265], [-0.395223040501579, -0.9183905790867732, -0.018907472103605397], [0.2674214316928388, -0.09534250611366366, -0.9588511794847616]]	0.5886341764023646	0.4113658235976355	[[0.5172900685250975, -0.22604514308292373, 0.1667476294368545], [-0.23264178894088533, -0.5405960821364333, -0.011129584269556451], [0.15741339419685535, -0.056121857562353814, -0.5644125743284485]]	0.800338194660396	0.3551895654168419	[[0.5614413865001506, -0.23906965546943573, 0.22897825413893577], [-0.34548933085251965, -0.8474564554132784, -0.022783363341208476], [0.2054528413463131, -0.07630624921740735, -0.6523856096204054]]	[[-0.1418935813902154, 0.06827329025017234, 0.0022593478004611766], [-0.029177236129293457, -0.11243339735385467, -0.00765099125221713], [-0.00857474450823193, 0.0, 0.1150196123164202]]	0.5061216318340505	[[0.6055416118079028, -0.6055416118079027, 0.0], [-0.7071067811865475, -0.7071067811865476, 0.0], [0.0, 0.0, -0.85636516]]
3	[[-0.3195682178843842, -0.5708200961323295, -0.7563336379995778], [0.910087742671785, 0.03735879733279218, -0.41272826520656647], [0.2638493031197415, -0.8202248094963509, 0.507557688474819]]	0.413995479861408	0.586004520138592	[[-0.1322997977115006, -0.2363169396128388, -0.31311870739895964], [0.3767722117433912, 0.015466373228834436, -0.17086763620655895], [0.10923241885615546, -0.3395693636016738, 0.21012658879747972]]	0.6206145299544824	0.5904641491954556	[[-0.24791599408239556, -0.24791599408239556, -0.40027547863850027], [0.6090751616834137, -0.06230583533986724, -0.05742559316353691], [0.2279545540093716, -0.3607256343901786, 0.3050975087678526]]	[[-0.049587314751686803, 0.10634325156734263, 0.06911616659737135], [0.044261485047827724, -0.08549124778622283, 0.19871956514656527], [0.06420584277489552, 0.1483178002124042, -0.009900167489730844]]	0.9391216713673556	[[0.0, 0.0, -0.792480319064], [0.7071067811865475, 0.7071067811865476, 0.0], [0.5603682075670332, -0.5603682075670331, 0.0]]
3	[[0.034229894132735264, 0.2773841392786001, 0.9601491309293217], [-0.1827544195208179, -0.9427759796974285, 0.2788803941677556], [0.9825625356654255, -0.18501754344446375, 0.018422055382213542]]	0.7769798459464914	0.2230201540535088	[[0.026595937870017353, 0.21552188580468684, 0.7460165238351222], [-0.14199650072532555, -0.7325179354673603, 0.21668444569795955], [0.7634312875941162, -0.14375490240287772, 0.01431356575289001]]	0.8775096474849748	0.18841567307157325	[[0.009195737950238566, 0.21497773461719344, 0.792979249773762], [-0.16781991822986475, -0.8241551135470442, 0.25670719151881816], [0.822804244500304, -0.14678282722568753, 0.0]]	[[-0.020841324383625966, -0.028429523659094128, -0.04956087564103198], [-0.007451151979830678, 0.003139904054547997, 0.011986955142200143], [-0.03940385980340647, 0.015571852100799855, -0.01616553132439489]]	0.37139576341576913	[[0.0, 0.0, 0.9254], [0.0, -1.0, 0.0], [0.9254, 0.0, 0.0]]
3	[[0.3802729664721569, 0.7767473726770865, -0.5020517802076895], [0.4287143634067757, 0.332951791095048, 0.839849450446521], [0.8195098935212374, -0.5346088512602871, -0.20639019011321075]]	0.5043685880563031	0.4956314119436971	[[0.19179773917554366, 0.39176697563358526, -0.25321914751450575], [0.21623005815093227, 0.16793042476542663, 0.42359368150157395], [0.41333504789347797, -0.2696399114725531, -0.10409672877607207]]	0.6551856220784548	0.5133134135222434	[[0.12471203728749981, 0.41060388107089196, -0.24900041575312243], [0.30293878368103366, 0.15566122338072289, 0.4657878244167897], [0.5734863150138693, -0.2829172897663198, -0.0865190811363184]]	[[-0.12443734281017974, -0.09830982949435035, 0.07993669217784831], [0.022051296798396555, -0.06248400299002184, -0.08446946022626259], [0.03655521562770908, 0.06735074301529961, 0.04870480396389613]]	0.7215838119955591	[[0.0, 0.5603682075670331, -0.5603682075670332], [0.0, 0.7071067811865476, 0.7071067811865475], [0.792480319064, 0.0, 0.0]]
3	[[0.08740825448676931, -0.06334395238859675, -0.994156597696443], [0.7119981850616444, -0.6940087028176986, 0.10681996481098455], [-0.6967197295301035, -0.717174639895393, -0.015561310176609944]]	0.6489600310160645	0.3510399689839355	[[0.056724463542793875, -0.04110769330678386, -0.6451678964759089], [0.46205836426098645, -0.45038390930599226, 0.06932188767687146], [-0.45214325728536003, -0.4654176765504491, -0.010098668334863392]]	0.8311191681549456	0.2715241805009036	[[0.03793678830436826, -0.0296376854190852, -0.7422671995016993], [0.6358582664572087, -0.6394070298586135, 0.07124851472933878], [-0.5458191785585084, -0.5307305221479479, 0.0268253602664573]]	[[-0.03470988745455124, 0.02300868759777179, 0.08399540499151947], [0.044102927160943946, -0.0626030940804753, -0.01753160556670725], [0.033237943485689966, 0.06532706798373372, 0.03975866343584244]]	0.24964684927561648	[[0.0, 0.0, -0.792480319064], [0.7071067811865475, -0.7071067811865476, 0.0], [-0.5603682075670332, -0.5603682075670331, 0.0]]
3	[[0.22433838825039393, -0.7661379269479729, -0.6022499185961573], [-0.9416906372873723, -0.011392912655017143, -0.3362869982418849], [0.2507808429735371, 0.642575192824231, -0.724020780340167]]	0.43437061551695666	0.5656293844830432	[[0.09744600378840561, -0.33278780289927623, -0.26159966783565], [-0.4090427417450711, -0.004948746482490736, -0.14607319041667727], [0.10893182912227654, 0.27911578202298837, -0.3144933520034256]]	0.6519968049061107	0.5611228012233512	[[0.271893180621224, -0.39007905153867506, -0.2708697146617391], [-0.6819236844978535, -0.049411453001373756, -0.0403392897104755], [0.24610676070554008, 0.24610676070554002, -0.47073280128817097]]	[[0.1256252682641807, 0.10944042894879447, 0.12179530801792071], [-0.06794439777648748, -0.0419833103517282, 0.17891875867470036], [0.08259845235513284, -0.1728502119277865, 0.0013264341792470144]]	0.7314811145329436	[[1.582372886796404e-16, -0.792480319064, 0.0], [-1.0, -1.7938038903913487e-16, 0.0], [0.0, 0.0, -0.792480319064]]
3	[[0.8489524140446696, -0.5135124485683378, 0.12483895166604869], [0.522794976890395, 0.7815435453534784, -0.34040431673891397], [0.0772347773085365, 0.35425224329800037, 0.9319550081910795]]	0.6858672659971834	0.31413273400281666	[[0.5822686711825265, -0.3522013791550851, 0.08562295046914732], [0.358567961476876, 0.536035134709336, -0.23347217805535816], [0.05297280555250722, 0.24297001758416858, 0.6391974335003983]]	0.831741577213987	0.2533550188295303	[[0.6671772594876234, -0.41366873622285577, 0.05152152995285969], [0.4773195698851935, 0.6225022562582886, -0.26483155296477146], [0.030616197702631888, 0.23077912584196447, 0.733657335282574]]	[[-0.03893176034951181, 0.013440917668389963, -0.052312216603600345], [0.042489251246826495, -0.027540004815424856, 0.01829687033010242], [-0.03362317779174133, -0.06386719373030747, -0.04148839312274866]]	0.45249485476087753	[[0.6543566153100311, -0.654356615310031, 0.0], [0.7071067811865475, 0.7071067811865476, 0.0], [0.0, 0.0, 0.9254]]
3	[[-0.8305561570912853, 0.32773595720904825, 0.4502950280316503], [-0.5100865793185324, -0.772219296347621, -0.37879947194723407], [0.22358030216652452, -0.5443036842615101, 0.808545204538665]]	0.4637316254870387	0.5362683745129613	[[-0.38515515678621004, 0.15198152816710253, 0.20881604529784883], [-0.23654327856650617, -0.3581025095277394, -0.17566129485972276], [0.10368125695056575, -0.25241083226117395, 0.3749479819804653]]	0.6939478831202682	0.5187373667431081	[[-0.44890286042062094, 0.11156785332162145, 0.24737596218996774], [-0.5447369867754464, -0.5964008399405254, -0.27321386550500065], [0.20621222484526514, -0.3113564078861597, 0.40543166150840504]]	[[0.12745982660538147, -0.11586382040599236, -0.06510531929217779], [-0.19076348484929218, -0.06052089393547098, -0.010346773820142117], [0.051059147449415546, 0.06636198158167811, -0.15565657158824572]]	0.6849380652038316	[[-0.6055416118079028, 0.6055416118079027, 0.0], [-0.7071067811865475, -0.7071067811865476, 0.0], [0.0, 0.0, 0.85636516]]
3	[[0.04673222253661188, -0.9725397674033924, -0.22799671093185395], [-0.8377629715199755, -0.16246744520517667, 0.5213036857710898], [-0.5440306084466285, 0.16664552219444034, -0.8223502702654952]]	0.5100059031686899	0.48999409683131007	[[0.023833709361864904, -0.4960010224420348, -0.11627966847829085], [-0.4272640609313305, -0.08285935612737577, 0.2658679570868516], [-0.2774588218122346, 0.08499020005579352, -0.4194034923077701]]	0.7050795624044278	0.45938772860674465	[[-1.0609808188413447e-16, -0.7159993487310002, -0.09983672963859819], [-0.6704998724980402, -0.12598007450395166, 0.23299177455846778], [-0.2611223661743818, 0.0, -0.5313579528896182]]	[[-0.03294993501630064, -0.030281435109312194, 0.06091909153488223], [-0.07981032314010267, -0.011427599333720423, -0.13456880008482758], [0.12246249716378169, -0.11749835186551338, 0.048464415812340136]]	0.676096626008502	[[1.582372886796404e-16, -0.792480319064, 0.0], [-1.0, -1.7938038903913487e-16, 0.0], [0.0, 0.0, -0.792480319064]]
3	[[-0.30792515101507295, 0.09349718223056193, 0.9468053539599837], [0.3027085282091916, -0.9338174967034747, 0.1906631317268273], [0.9019698710720718, 0.34531602882779927, 0.2592434992682147]]	0.6136114069587212	0.386388593041279	[[-0.1889463851523356, 0.05737093753517107, 0.5809705653594355], [0.18574540589284583, -0.57300106799489, 0.11699307251405447], [0.5534590016229103, 0.21188985429442425, 0.15907476833087147]]	0.80431553175534	0.2943183732996397	[[-0.17888124976589642, 0.07457819018426876, 0.7360974468015518], [0.2610147466689873, -0.8367573667144456, 0.13308783256649592], [0.6768923636734828, 0.24840320266504334, 0.10430305958162768]]	[[0.06878773181363537, -0.0006230456591315922, -0.02543280493757545], [0.01754157583553496, -0.08567345029094985, -0.02026548561450561], [-0.04857601280514621, -0.029339842685230308, -0.10421051338640153]]	0.4810930042181728	[[0.0, 0.0, 0.9254], [0.0, -1.0, 0.0], [0.9254, 0.0, 0.0]]
3	[[0.8592155572171323, 0.2624339665249735, -0.4391776855101157], [-0.4266000482917053, 0.8413623931712975, -0.33184593135155627], [0.2824199444684594, 0.4724804086637203, 0.8348660002631537]]	0.5111145574893522	0.48888544251064786	[[0.4391575793150017, 0.13413382067058732, -0.22447010838870068], [-0.21804149490755123, 0.43003256727393013, -0.1696112863573926], [0.14434894494316408, 0.2414916149965457, 0.4267121662874072]]	0.7489254898413888	0.4440779619269492	[[0.4729847357024002, 0.19247415083191394, -0.2881122305942652], [-0.35449075649108974, 0.7494910660152079, -0.2502913094306216], [0.24002253685476854, 0.3144497275927867, 0.47055049126926285]]	[[-0.17050369636578253, -0.004069336098820542, 0.04079913265380558], [-0.03499910635786418, 0.11937332357527064, -0.0017634327412853778], [0.028511041602749733, -0.03940289390614966, -0.15470193692974066]]	0.6890527526684432	[[0.6543566153100311, 0.654356615310031, 0.0], [-0.7071067811865475, 0.7071067811865476, 0.0], [0.0, 0.0, 0.9254]]
3	[[-0.5446221603179724, 0.8109226453022452, -0.2139887049042392], [-0.8354447797583356, -0.5021691245819775, 0.22328947644507607], [0.07361197229480154, 0.30038414347728, 0.9509735242804028]]	0.5409558378460251	0.4590441621539751	[[-0.2946165370443209, 0.43867333901779115, -0.11575843915105852], [-0.4519387308082582, -0.2716513195286485, 0.12078974581254641], [0.039820826148232756, 0.16249455601041263, 0.5144346795964925]]	0.7429783682742853	0.36811860462101914	[[-0.47041940389552755, 0.5434345015993224, -0.08634955749312219], [-0.6795412071685677, -0.46027491521872277, 0.0400462201911838], [0.10306969829639433, 0.08586560739258277, 0.7065527573419002]]	[[-0.06577691989646416, -0.05906348220400687, 0.07263942130575707], [-0.05882380792044976, -0.08717411843907878, -0.1258530306707983], [0.04837759523535079, -0.1373133133836355, 0.0]]	0.4310572025873946	[[-0.6055416118079028, 0.6055416118079027, 0.0], [-0.7071067811865475, -0.7071067811865476, 0.0], [0.0, 0.0, 0.85636516]]
3	[[0.5319609947059123, -0.8460851799387872, 0.03402011756955908], [-0.703274286200726, -0.4190807785627857, 0.5742617690636116], [-0.47161719485230363, -0.3294103357928521, -0.8179645788128509]]	0.466522280827898	0.533477719172102	[[0.2481716565616796, -0.3947175879197255, 0.015871142842583952], [-0.3280931240459747, -0.19551052066624205, 0.2679059102958197], [-0.22001992942015192, -0.15367726118236516, -0.3815987009442021]]	0.6701794413633617	0.5439935891800579	[[0.4053692924321591, -0.545193371506267, 0.09636130063884593], [-0.40551809446744147, -0.2320846446327907, 0.301588686719106], [-0.27990369901790846, -0.04108129502248841, -0.45003486605967935]]	[[0.048859970173052526, 0.02183552173092876, 0.07356171725096294], [0.06580187378377805, 0.04877467743053977, -0.08326974486828109], [0.03616444916556414, 0.17968273979848265, 0.09814817842413452]]	0.6956295589915173	[[0.6055416118079028, -0.6055416118079027, 0.0], [-0.7071067811865475, -0.7071067811865476, 0.0], [0.0, 0.0, -0.85636516]]
