3	[[0.3802729664721569, 0.7767473726770865, -0.5020517802076895], [0.4287143634067757, 0.332951791095048, 0.839849450446521], [0.8195098935212374, -0.5346088512602871, -0.20639019011321075]]	0.5195704291920735	0.48042957080792675	[[0.19757858840008152, 0.4035749657956493, -0.26085125891915373], [0.22274730579606503, 0.17299190499952366, 0.436360939425226], [0.4257931071039798, -0.27776695029918874, -0.10723423965815455]]	0.6707832908089899	0.5024795610657395	[[0.12694029888092073, 0.4048736596360899, -0.2791388176026091], [0.307274539617286, 0.18703810490770617, 0.4538823585283647], [0.6016209102884988, -0.3171403773410695, -0.07120752845885187]]	[[-0.12814045297496937, -0.11615549913548304, 0.05762912768161647], [0.019700108114207776, -0.03630039320377751, -0.10947461962627429], [0.05190736706179826, 0.041466307202919765, 0.06723556245598067]]	0.7095493234952704	[[0.0, 0.5873115787450472, -0.5873115787450474], [0.0, 0.7071067811865476, 0.7071067811865475], [0.8305839999999999, 0.0, 0.0]]
3	[[0.8489524140446696, -0.5135124485683378, 0.12483895166604869], [0.522794976890395, 0.7815435453534784, -0.34040431673891397], [0.0772347773085365, 0.35425224329800037, 0.9319550081910795]]	0.7126649214073189	0.28733507859268126	[[0.605018605433698, -0.3659623088006343, 0.08896834167765666], [0.3725776411177344, 0.5569786693257338, -0.24259421563545017], [0.05504251650049995, 0.2524631471283359, 0.6641716426676529]]	0.8449390229947344	0.23324904282196826	[[0.6877983959791723, -0.418981584498666, 0.05285495196440955], [0.4748843147251201, 0.6245405586474775, -0.2664225156310253], [0.031204088428067833, 0.24293714225922122, 0.7514075410493264]]	[[-0.029514627312752128, 0.014905122090299192, -0.052626349887988505], [0.03315443772479498, -0.03581608099133166, 0.021198375177542816], [-0.03405458885222289, -0.056384402086684174, -0.036037613046694214]]	0.4470794071221566	[[0.6646803743153546, -0.6646803743153545, 0.0], [0.7071067811865475, 0.7071067811865476, 0.0], [0.0, 0.0, 0.94]]
3	[[0.04673222253661188, -0.9725397674033924, -0.22799671093185395], [-0.8377629715199755, -0.16246744520517667, 0.5213036857710898], [-0.5440306084466285, 0.16664552219444034, -0.8223502702654952]]	0.5229622471254075	0.47703775287459244	[[0.02443918811091115, -0.5086015821800992, -0.1192336722861243], [-0.4381184061445451, -0.08496434022922322, 0.27262214694560644], [-0.28450746949825156, 0.0871493167601915, -0.4300581452622295]]	0.7203496769111515	0.4358349451708	[[-0.002994293952453199, -0.7474229877660716, -0.10235151423939363], [-0.6681026555045866, -0.12360004789326395, 0.23321024494217107], [-0.27075493979603266, 0.0013168737540574665, -0.5568249075687826]]	[[-0.036657835358041485, -0.046854280533791516, 0.06188584281717258], [-0.06462036964204594, -0.006566676231134792, -0.14231069667562593], [0.12113733322827334, -0.11872617431739778, 0.03555484392476513]]	0.6613462961441713	[[1.6584558255771184e-16, -0.8305839999999999, 0.0], [-1.0, -1.7938038903913487e-16, 0.0], [0.0, 0.0, -0.8305839999999999]]
3	[[0.8787972042104137, -0.3840163418041313, 0.28327887866788265], [-0.395223040501579, -0.9183905790867732, -0.018907472103605397], [0.2674214316928388, -0.09534250611366366, -0.9588511794847616]]	0.6127309539407679	0.38726904605923235	[[0.5384662492563265, -0.23529869944248932, 0.1735737375574428], [-0.24216539062590328, -0.5627263356140526, -0.011585193418650594], [0.16385738894535898, -0.05841930472212861, -0.5875177978929285]]	0.8115170140718477	0.34005718300054616	[[0.5740803150058783, -0.2465256205113072, 0.23456752519252488], [-0.3454568432381653, -0.8481634059272549, -0.021109121436794474], [0.2102448856841064, -0.07737206587548721, -0.6684686509680717]]	[[-0.13907856812964461, 0.06511017454437554, 0.004681895426343499], [-0.024726621517926862, -0.10287382543504128, -0.005765386131629865], [-0.006772156062084675, 0.0, 0.10965539514667139]]	0.49700918584936266	[[0.6247995518564334, -0.6247995518564333, 0.0], [-0.7071067811865475, -0.7071067811865476, 0.0], [0.0, 0.0, -0.8835999999999999]]
3	[[-0.30792515101507295, 0.09349718223056193, 0.9468053539599837], [0.3027085282091916, -0.9338174967034747, 0.1906631317268273], [0.9019698710720718, 0.34531602882779927, 0.2592434992682147]]	0.6414505043052905	0.35854949569470973	[[-0.19751874340690131, 0.05997381469291757, 0.6073287717765807], [0.19417253807729817, -0.5989977041895476, 0.12230096199859944], [0.5785690286673582, 0.2215031408362921, 0.16629187334346454]]	0.816687318389794	0.29265480819976736	[[-0.21771025904041458, 0.07063495945867036, 0.7197337247427762], [0.2505851084508145, -0.8463874925784778, 0.12026829031636217], [0.6591452870773217, 0.24616634557906253, 0.14707529958174426]]	[[0.03376830680685776, -0.005723003574209176, -0.05351020081990256], [0.0033668922939285046, -0.08375058533024654, -0.03544387144942048], [-0.07748206819691697, -0.035848876001325664, -0.06464557864560058]]	0.4775615125649357	[[0.0, 0.0, 0.94], [0.0, -1.0, 0.0], [0.94, 0.0, 0.0]]
3	[[0.22433838825039393, -0.7661379269479729, -0.6022499185961573], [-0.9416906372873723, -0.011392912655017143, -0.3362869982418849], [0.2507808429735371, 0.642575192824231, -0.724020780340167]]	0.4541486608368753	0.5458513391631247	[[0.1018829785982194, -0.34794051353976163, -0.27351099401956197], [-0.42766754184668376, -0.005174076025307545, -0.15272428990840464], [0.11389178399997456, 0.29182466330812146, -0.3288130678095562]]	0.6685337030913653	0.5481394312254088	[[0.28804269010809735, -0.39515354663856084, -0.2925611304810704], [-0.6763526933103525, -0.05086377702502655, -0.04080621894331719], [0.26378785613840217, 0.2624541671023353, -0.4805717428689491]]	[[0.13806491666551302, 0.11703547874270948, 0.11006323778449191], [-0.04680076439815796, -0.043247230938771454, 0.18401297329280958], [0.09613241052092918, -0.167129006071096, 0.0034605505269626954]]	0.7315708339960669	[[1.6584558255771184e-16, -0.8305839999999999, 0.0], [-1.0, -1.7938038903913487e-16, 0.0], [0.0, 0.0, -0.8305839999999999]]
3	[[-0.3195682178843842, -0.5708200961323295, -0.7563336379995778], [0.910087742671785, 0.03735879733279218, -0.41272826520656647], [0.2638493031197415, -0.8202248094963509, 0.507557688474819]]	0.4284098346023292	0.5715901653976708	[[-0.13690616736801015, -0.24454494297173693, -0.324020768759577], [0.3898905393116266, 0.016004876186283434, -0.17681684783285143], [0.11303563630946828, -0.35139237497305864, 0.2174427053706377]]	0.6350182518031077	0.5800177507502354	[[-0.2563893288673703, -0.25638932886737026, -0.4194784841110851], [0.6091359930423076, -0.06565438136399829, -0.057389958978514434], [0.23616401937741044, -0.3779890497767969, 0.3149220844437603]]	[[-0.05345767781459401, 0.10609185067266357, 0.060807180471291224], [0.031213665703434135, -0.08937789953573458, 0.20470002246268876], [0.06861489617084399, 0.14286867483511284, -0.007386311580745599]]	0.930101225066078	[[0.0, 0.0, -0.8305839999999999], [0.7071067811865475, 0.7071067811865476, 0.0], [0.5873115787450474, -0.5873115787450472, 0.0]]
3	[[-0.42203838922340475, -0.825029846081567, 0.3757783270710803], [0.2588054115689476, 0.28760896992378115, 0.9221175843470338], [-0.8688517462515349, 0.4864224845687207, 0.09214016247897017]]	0.4224987591492583	0.5775012408507418	[[-0.17831069576024017, -0.3485740862305657, 0.15876587690271554], [0.10934496524899343, 0.12151443291299385, 0.38959353517633327], [-0.36708878467593975, 0.20551289615258372, 0.03892910431517592]]	0.6184322186203153	0.6255033569089028	[[-0.1015284780090587, -0.350751378758885, 0.30896405491973117], [0.14703318538412513, 0.08778020085083865, 0.6312168662892517], [-0.46638621962151827, 0.1752017957795285, -0.029651137240359317]]	[[0.1594736593813157, 0.1594736593813157, 0.07657063039973251], [-0.013020419483402976, -0.09008645251422898, 0.06094964277270986], [0.07093969346495371, -0.1256175405391115, -0.0866335823462652]]	0.6875891067986498	[[0.0, -0.5873115787450472, 0.5873115787450474], [0.0, 0.7071067811865476, 0.7071067811865475], [-0.8305839999999999, 0.0, 0.0]]
3	[[0.08740825448676931, -0.06334395238859675, -0.994156597696443], [0.7119981850616444, -0.6940087028176986, 0.10681996481098455], [-0.6967197295301035, -0.717174639895393, -0.015561310176609944]]	0.6919930745187619	0.30800692548123815	[[0.060485906760617866, -0.043833576365555134, -0.6879494805930736], [0.49269781313258565, -0.4802492160055969, 0.07391867586953914], [-0.4821252277154166, -0.4962798840280989, -0.010768318872652415]]	0.8517715190743964	0.23745370054716178	[[0.04002659985329038, -0.03103443984286203, -0.7777025142631441], [0.6356660599266097, -0.6389545408734616, 0.07144072125993775], [-0.5718633844445107, -0.5562771389021852, 0.028303080184102096]]	[[-0.03442526185054656, 0.022920134707349254, 0.06909176115458882], [0.029206284258439793, -0.04781769382357927, -0.019545482434588146], [0.02158263794644826, 0.05459179356314691, 0.04155776099202101]]	0.21858418730030382	[[0.0, 0.0, -0.8305839999999999], [0.7071067811865475, -0.7071067811865476, 0.0], [-0.5873115787450474, -0.5873115787450472, 0.0]]
3	[[-0.5446221603179724, 0.8109226453022452, -0.2139887049042392], [-0.8354447797583356, -0.5021691245819775, 0.22328947644507607], [0.07361197229480154, 0.30038414347728, 0.9509735242804028]]	0.5612767610068977	0.4387232389931022	[[-0.3056837621158509, 0.45515203578238966, -0.12010688718071225], [-0.4689157399828798, -0.2818558597230416, 0.12532719410601828], [0.041316689380955694, 0.168598639108759, 0.5337593395114189]]	0.7551922676220288	0.353340172845271	[[-0.4760221875308164, 0.5585936915758455, -0.09667255770758439], [-0.6769031074478924, -0.4444144560333052, 0.04527017784087882], [0.11657499439436272, 0.09398829016547391, 0.7181678522498299]]	[[-0.0647277432830786, -0.053808819796011285, 0.06493005759454921], [-0.04598166974920834, -0.06518021611047252, -0.12335630821181377], [0.060983802112921606, -0.13285949230483396, 0.0]]	0.4195194805034377	[[-0.6247995518564334, 0.6247995518564333, 0.0], [-0.7071067811865475, -0.7071067811865476, 0.0], [0.0, 0.0, 0.8835999999999999]]
3	[[0.034229894132735264, 0.2773841392786001, 0.9601491309293217], [-0.1827544195208179, -0.9427759796974285, 0.2788803941677556], [0.9825625356654255, -0.18501754344446375, 0.018422055382213542]]	0.8021285957969178	0.19787140420308244	[[0.027456776914968086, 0.2224977501358802, 0.7701630741479676], [-0.14659254590591447, -0.7562275727457617, 0.22369793896907275], [0.7881415070159665, -0.14840786232090292, 0.014776857415427998]]	0.8901428389271014	0.16832602198715269	[[0.009154908302310126, 0.22127824466173657, 0.8127787932488393], [-0.1669098343898376, -0.8249679250160703, 0.25565497488666994], [0.8435884415762414, -0.15068926099887578, 0.0]]	[[-0.021314586837176974, -0.02563326054906707, -0.041891079949976304], [-0.0042322965711022575, 0.01423736202407809, 0.0074115891010749], [-0.031032563344391754, 0.014002780374097523, -0.016398260676795853]]	0.3646139734340893	[[0.0, 0.0, 0.94], [0.0, -1.0, 0.0], [0.94, 0.0, 0.0]]
3	[[0.5319609947059123, -0.8460851799387872, 0.03402011756955908], [-0.703274286200726, -0.4190807785627857, 0.5742617690636116], [-0.47161719485230363, -0.3294103357928521, -0.8179645788128509]]	0.4799746342175608	0.5200253657824393	[[0.25532778385198, -0.40609942475801847, 0.01632879348648754], [-0.3375538182738096, -0.2011481433982836, 0.2756310825514364], [-0.2263642905899466, -0.1581086054296581, -0.39260224951861933]]	0.683523306342296	0.5318672603216058	[[0.4225799633417335, -0.562353478941193, 0.10149119970869866], [-0.4040200274523236, -0.22599008070646134, 0.30308675373422383], [-0.2904248525798565, -0.046377625579266626, -0.4584854386072048]]	[[0.05897222539521167, 0.015965460697783176, 0.07823765646539999], [0.07668433791711478, 0.060461398681277444, -0.08943454936211206], [0.031936491773469064, 0.17878201628518964, 0.10061241477383856]]	0.6851352599341018	[[0.6247995518564334, -0.6247995518564333, 0.0], [-0.7071067811865475, -0.7071067811865476, 0.0], [0.0, 0.0, -0.8835999999999999]]
3	[[-0.8305561570912853, 0.32773595720904825, 0.4502950280316503], [-0.5100865793185324, -0.772219296347621, -0.37879947194723407], [0.22358030216652452, -0.5443036842615101, 0.808545204538665]]	0.48008741520010695	0.519912584799893	[[-0.3987395586364891, 0.15734190856462482, 0.21618097608517473], [-0.24488614739329861, -0.37073276595117477, -0.18185685936631302], [0.10733808935678563, -0.26131334886100355, 0.3881723773194095]]	0.7102076212665859	0.5010455109017261	[[-0.4697494655719415, 0.12238740803774875, 0.24753915615451935], [-0.5465920319660748, -0.5984400955035176, -0.27732227772707946], [0.21411610429857256, -0.3183690890730457, 0.4250342670624085]]	[[0.12011784708417701, -0.11037316653521702, -0.07226380457200965], [-0.18432465582825036, -0.05000406594831716, -0.008296005818395555], [0.05532766973482069, 0.06819953577296015, -0.1492006993395019]]	0.6825342113093101	[[-0.6247995518564334, 0.6247995518564333, 0.0], [-0.7071067811865475, -0.7071067811865476, 0.0], [0.0, 0.0, 0.8835999999999999]]
3	[[0.8592155572171323, 0.2624339665249735, -0.4391776855101157], [-0.4266000482917053, 0.8413623931712975, -0.33184593135155627], [0.2824199444684594, 0.4724804086637203, 0.8348660002631537]]	0.5334002102048317	0.4665997897951683	[[0.45830575883088, 0.13998233290930867, -0.23425746976836723], [-0.22754855543218697, 0.44878287737601036, -0.17700668953853826], [0.15064285774551314, 0.2520211492988932, 0.44531770003323334]]	0.7634064538136278	0.421099572603806	[[0.4957676913173211, 0.20112920353798905, -0.29216568521826547], [-0.35555726720307596, 0.7488234330061216, -0.2508366073838593], [0.2434531707956255, 0.32594328568374786, 0.49278052014003826]]	[[-0.16016301027931013, 0.0007854197929146886, 0.043105394271088546], [-0.029888037139982858, 0.10652195206307408, 0.002496718281712814], [0.027851962502717237, -0.034751307590636486, -0.14456157253042307]]	0.6760151388723258	[[0.8305839999999999, 0.0, 0.0], [0.0, 0.7071067811865476, -0.7071067811865475], [0.0, 0.5873115787450472, 0.5873115787450474]]
