3	[[0.8489524140446696, -0.5135124485683378, 0.12483895166604869], [0.522794976890395, 0.7815435453534784, -0.34040431673891397], [0.0772347773085365, 0.35425224329800037, 0.9319550081910795]]	0.7042542235013428	0.2957457764986571	[[0.5978783231426194, -0.36164331072476796, 0.0879183589682948], [0.36818057050034764, 0.5504053426654005, -0.23973117776146904], [0.05439291812072251, 0.24948363852744204, 0.6563332506317964]]	0.8397142231963524	0.24122617745338285	[[0.6794966349227246, -0.41692185075097987, 0.05238826444525742], [0.47589210550388955, 0.6235924577398833, -0.26580744110667953], [0.031045467398896763, 0.23805667490169222, 0.7442394788392651]]	[[-0.03338078196746313, 0.014281856100238672, -0.052440778877645644], [0.036893727593416574, -0.03268077334073605, 0.020034905296422628], [-0.033809673632484216, -0.05941397239485337, -0.03833639691785732]]	0.4492071156292389	[[0.6605791549844727, -0.6605791549844726, 0.0], [0.7071067811865475, 0.7071067811865476, 0.0], [0.0, 0.0, 0.9341999999999999]]
3	[[0.5319609947059123, -0.8460851799387872, 0.03402011756955908], [-0.703274286200726, -0.4190807785627857, 0.5742617690636116], [-0.47161719485230363, -0.3294103357928521, -0.8179645788128509]]	0.4746383289483233	0.5253616710516767	[[0.25248907759290207, -0.4015844559540874, 0.016147251753841005], [-0.3338009319946374, -0.198911800431403, 0.2725666464472605], [-0.2238475972679932, -0.1563507713190254, -0.38823734082665073]]	0.6782445463800469	0.5366693774925001	[[0.4156829827797713, -0.5555049651651724, 0.09942959307679193], [-0.4046176007857288, -0.22840474831669533, 0.3024891804008187], [-0.28621305505538264, -0.04423745562402809, -0.45515214502276996]]	[[0.05488333923358117, 0.018347693901290603, 0.07635563386803046], [0.07237434843923392, 0.05583450423621813, -0.08700073266113381], [0.03365873533224826, 0.1791833081486938, 0.09962786968909818]]	0.6892898051734174	[[0.6171130465864944, -0.6171130465864942, 0.0], [-0.7071067811865475, -0.7071067811865476, 0.0], [0.0, 0.0, -0.8727296399999999]]
3	[[0.3802729664721569, 0.7767473726770865, -0.5020517802076895], [0.4287143634067757, 0.332951791095048, 0.839849450446521], [0.8195098935212374, -0.5346088512602871, -0.20639019011321075]]	0.5151598997554565	0.4848401002445437	[[0.19590138328750645, 0.4001490986436422, -0.2586369447638418], [0.22085644847635894, 0.17152341132392468, 0.43265675870170495], [0.4221786345950055, -0.2754090422236293, -0.10632394964923125]]	0.6645626791176562	0.5063653885531605	[[0.12617234911061279, 0.40743423567279624, -0.2667969024969201], [0.30554775658251804, 0.17445074069578542, 0.45870548900033714], [0.5902036569705511, -0.3031274914300363, -0.07748946806232862]]	[[-0.12654287228414252, -0.1087630793110888, 0.06684797361369069], [0.02064019066069073, -0.04681659361136184, -0.09942711184389418], [0.04558796656865237, 0.0521535990435127, 0.0596697496229091]]	0.7142607558887814	[[0.0, 0.5765070081211029, -0.5765070081211029], [0.0, 0.7071067811865476, 0.7071067811865475], [0.8153040296879998, 0.0, 0.0]]
3	[[-0.8305561570912853, 0.32773595720904825, 0.4502950280316503], [-0.5100865793185324, -0.772219296347621, -0.37879947194723407], [0.22358030216652452, -0.5443036842615101, 0.808545204538665]]	0.47353994713810144	0.5264600528618985	[[-0.39330151872423197, 0.15519606785202777, 0.21323268377065757], [-0.24154637180635286, -0.3656766847714744, -0.17937668192183392], [0.10587420446905675, -0.2577495378722694, 0.38287845341600485]]	0.7037468276911003	0.5080834806776711	[[-0.46138219736858477, 0.11802372131189884, 0.2475425671100973], [-0.5458455521735812, -0.5976426927802763, -0.27568518592807434], [0.21094255520080724, -0.31558021987326307, 0.417167582984752]]	[[0.12311906340371835, -0.11261941889427508, -0.06935113039225173], [-0.18687374013035937, -0.054195812693784325, -0.00910625921414442], [0.053598626816897935, 0.06747177122635298, -0.1518435397541852]]	0.683389837015614	[[-0.6171130465864944, 0.6171130465864942, 0.0], [-0.7071067811865475, -0.7071067811865476, 0.0], [0.0, 0.0, 0.8727296399999999]]
3	[[0.8592155572171323, 0.2624339665249735, -0.4391776855101157], [-0.4266000482917053, 0.8413623931712975, -0.33184593135155627], [0.2824199444684594, 0.4724804086637203, 0.8348660002631537]]	0.5244463697689897	0.4755536302310104	[[0.45061247983156477, 0.13763254104809894, -0.2303251428493273], [-0.2237288466698605, 0.44124945275883637, -0.17403539401993307], [0.1481141146268432, 0.2477906351106569, 0.4378424430815675]]	0.7576758726088274	0.4301350583399404	[[0.48709736088704814, 0.19655043603040784, -0.29037877047109856], [-0.3540324737976959, 0.7489776591906422, -0.251989065842897], [0.24187075399972321, 0.32255641206804053, 0.48341199314357686]]	[[-0.16390953618652246, -0.0022894485585972877, 0.04237556562810364], [-0.030807909953310172, 0.1114976737643279, -0.00055741023441753], [0.027887976132446597, -0.03543059385681916, -0.1491458321172497]]	0.6817145049417165	[[0.8153040296879998, 0.0, 0.0], [0.0, 0.7071067811865476, -0.7071067811865475], [0.0, 0.5765070081211029, 0.5765070081211029]]
3	[[0.08740825448676931, -0.06334395238859675, -0.994156597696443], [0.7119981850616444, -0.6940087028176986, 0.10681996481098455], [-0.6967197295301035, -0.717174639895393, -0.015561310176609944]]	0.6748250542945455	0.3251749457054546	[[0.058985280079825564, -0.04274608610986591, -0.670881780017783], [0.480474213891842, -0.46833446055984074, 0.07208478855331409], [-0.4701639293082331, -0.4839674153060797, -0.01050116198482507]]	0.843563412539883	0.251088402205928	[[0.03918746137226878, -0.03047531239570809, -0.7634932806038718], [0.6357407263765504, -0.6391328262818451, 0.07136605480999703], [-0.561420576159145, -0.5460316957253949, 0.027709719673817145]]	[[-0.03454694406674486, 0.022959328244980464, 0.07514085154797945], [0.035125107663746546, -0.05369247660056983, -0.018743359233347332], [0.026306696467133413, 0.05895059089182462, 0.04083667158998984]]	0.2308502604288222	[[0.0, 0.0, -0.8153040296879998], [0.7071067811865475, -0.7071067811865476, 0.0], [-0.5765070081211029, -0.5765070081211029, 0.0]]
3	[[0.034229894132735264, 0.2773841392786001, 0.9601491309293217], [-0.1827544195208179, -0.9427759796974285, 0.2788803941677556], [0.9825625356654255, -0.18501754344446375, 0.018422055382213542]]	0.7923690405761447	0.20763095942385532	[[0.027122708372978446, 0.21979060431122407, 0.7607924456844859], [-0.1448089440567607, -0.7470264985110863, 0.22097619036220156], [0.7785521336912772, -0.14660217338884493, 0.014597066348645146]]	0.8851690988626606	0.17630217218877284	[[0.009171864470232098, 0.21876316656423628, 0.8048963896663891], [-0.1672669140114154, -0.8246500054790991, 0.2560654209229915], [0.8353122528825591, -0.1491318877322919, 0.0]]	[[-0.021127380073405453, -0.026768702039796935, -0.04499795133208533], [-0.005498349171004403, 0.009866158899035766, 0.009209113727055653], [-0.03442174138861651, 0.01463992447222724, -0.016306634161871992]]	0.3672890894008132	[[0.0, 0.0, 0.9341999999999999], [0.0, -1.0, 0.0], [0.9341999999999999, 0.0, 0.0]]
3	[[-0.5446221603179724, 0.8109226453022452, -0.2139887049042392], [-0.8354447797583356, -0.5021691245819775, 0.22328947644507607], [0.07361197229480154, 0.30038414347728, 0.9509735242804028]]	0.5535753694110265	0.4464246305889735	[[-0.30148941358745285, 0.44890680293695717, -0.11845887636715138], [-0.4624816525772343, -0.27798845864727995, 0.12360755440867768], [0.04074977475616901, 0.16628526319065004, 0.5264355200036297]]	0.7503720949629895	0.35908230261967633	[[-0.47384267047217643, 0.5525337511437742, -0.09249532879176228], [-0.677945345066255, -0.45071636230740697, 0.04320083641594464], [0.11110424829594512, 0.09070106836479366, 0.7135839956686233]]	[[-0.0651733990711104, -0.05595997306460078, 0.06807582400564867], [-0.05105089545309934, -0.07390266426909804, -0.12434935580733618], [0.05586787843073736, -0.13469881066991612, 0.0]]	0.42402746599645247	[[-0.6171130465864944, 0.6171130465864942, 0.0], [-0.7071067811865475, -0.7071067811865476, 0.0], [0.0, 0.0, 0.8727296399999999]]
3	[[0.8787972042104137, -0.3840163418041313, 0.28327887866788265], [-0.395223040501579, -0.9183905790867732, -0.018907472103605397], [0.2674214316928388, -0.09534250611366366, -0.9588511794847616]]	0.6030240015657741	0.39697599843422593	[[0.5299358066477785, -0.23157107110137726, 0.17082396297337202], [-0.23832897939425424, -0.5538115620012145, -0.011401659487409378], [0.16126154184386396, -0.05749381955597073, -0.5782102751589633]]	0.8071011588912241	0.3460731023004537	[[0.569058792846191, -0.24354772371043107, 0.23233569486112826], [-0.3454678386648114, -0.8478853799155502, -0.02176934017829823], [0.2083310667444166, -0.07695104717593156, -0.6620700238297759]]	[[-0.14021944910240156, 0.06639231079285175, 0.0037009835988736626], [-0.026482864655473736, -0.10665127921983289, -0.006509097531774822], [-0.0075050806872239174, 0.0, 0.1118198743365924]]	0.5005470187864268	[[0.6171130465864944, -0.6171130465864942, 0.0], [-0.7071067811865475, -0.7071067811865476, 0.0], [0.0, 0.0, -0.8727296399999999]]
3	[[-0.30792515101507295, 0.09349718223056193, 0.9468053539599837], [0.3027085282091916, -0.9338174967034747, 0.1906631317268273], [0.9019698710720718, 0.34531602882779927, 0.2592434992682147]]	0.6304377177702246	0.36956228222977544	[[-0.19412762944999445, 0.05894415018338225, 0.5969018065231618], [0.1908388736737864, -0.5887137714356429, 0.12020122962878471], [0.5686358270161808, 0.2177002491236749, 0.16343688002542017]]	0.8117561847778916	0.2969686355732743	[[-0.21117737799715508, 0.06983055109310175, 0.7171209432220389], [0.2519819441581613, -0.8454532246282094, 0.1211269769654438], [0.6569924293676124, 0.24391838605654687, 0.14134682690405334]]	[[0.03878276778799667, -0.006066364841862466, -0.05145415863579853], [0.0062564241993371406, -0.0874210962253554, -0.033644999422930144], [-0.07518719195845933, -0.03639403604735994, -0.06909568699038278]]	0.4789296508604581	[[0.0, 0.0, 0.9341999999999999], [0.0, -1.0, 0.0], [0.9341999999999999, 0.0, 0.0]]
3	[[-0.3195682178843842, -0.5708200961323295, -0.7563336379995778], [0.910087742671785, 0.03735879733279218, -0.41272826520656647], [0.2638493031197415, -0.8202248094963509, 0.507557688474819]]	0.4226420041543391	0.5773579958456609	[[-0.13506295207068664, -0.24125254944094024, -0.31965836457348396], [0.3846413075191017, 0.015789396977527098, -0.17443630117804682], [0.11151379826525327, -0.3466614573426487, 0.21451519868094115]]	0.629320822485525	0.5840530538310738	[[-0.253009565786286, -0.253009565786286, -0.41176733031931095], [0.6091065912778566, -0.06433849751071002, -0.05740718213337222], [0.23288810029668383, -0.37106342128261083, 0.3110052524187221]]	[[-0.05189863206705184, 0.10621940660297814, 0.06420917682005264], [0.03636942452565398, -0.08784916657525282, 0.20233130918944808], [0.06684223984513557, 0.14512113045266584, -0.008411369551102856]]	0.9336393212836307	[[0.0, 0.0, -0.8153040296879998], [0.7071067811865475, 0.7071067811865476, 0.0], [0.5765070081211029, -0.5765070081211029, 0.0]]
3	[[-0.42203838922340475, -0.825029846081567, 0.3757783270710803], [0.2588054115689476, 0.28760896992378115, 0.9221175843470338], [-0.8688517462515349, 0.4864224845687207, 0.09214016247897017]]	0.41739360886319604	0.5826063911368041	[[-0.17615612635676708, -0.3443621848758325, 0.15684747206877267], [0.10802372472808777, 0.12004614589791338, 0.384885986326821], [-0.362653165935018, 0.20302963626634063, 0.038458714938338606]]	0.6127506300549189	0.6299774761470813	[[-0.09840212056626246, -0.345335389662851, 0.3022630035685824], [0.14956501468404165, 0.08640844499662875, 0.6282195034181844], [-0.45908926914903353, 0.1734695034212155, -0.029288722479567847]]	[[0.16020216833774192, 0.16020216833774192, 0.07200459689479452], [-0.009018164316453595, -0.08982413253361432, 0.06319137262481957], [0.07330018579091105, -0.12458618047114722, -0.08574766509191943]]	0.6919024580786713	[[0.0, -0.5765070081211029, 0.5765070081211029], [0.0, 0.7071067811865476, 0.7071067811865475], [-0.8153040296879998, 0.0, 0.0]]
3	[[0.22433838825039393, -0.7661379269479729, -0.6022499185961573], [-0.9416906372873723, -0.011392912655017143, -0.3362869982418849], [0.2507808429735371, 0.642575192824231, -0.724020780340167]]	0.446228684290215	0.553771315709785	[[0.1001062238247607, -0.3418727191268268, -0.26874118878905245], [-0.4202093740851583, -0.005083844424281647, -0.15006090476938216], [0.11190560560527248, 0.2867354828514878, -0.32307884020996747]]	0.6620545951690151	0.5535530940313804	[[0.28154143187535874, -0.3929723017708342, -0.28347712282351234], [-0.6786146015698165, -0.05022562891743343, -0.040139885011205474], [0.2563157308747413, 0.2563157308747413, -0.4768643712226998]]	[[0.13301717106137484, 0.1142528332983344, 0.11524520322323883], [-0.055163987926073396, -0.04268289874182013, 0.18250046747042886], [0.09028512140375183, -0.16910412827615678, 0.002476913399363914]]	0.7313207089377937	[[-1.6279457799001223e-16, -0.8153040296879998, 0.0], [-1.0, 1.7938038903913487e-16, 0.0], [0.0, 0.0, -0.8153040296879998]]
3	[[0.04673222253661188, -0.9725397674033924, -0.22799671093185395], [-0.8377629715199755, -0.16246744520517667, 0.5213036857710898], [-0.5440306084466285, 0.16664552219444034, -0.8223502702654952]]	0.5183247865345288	0.48167521346547104	[[0.02422246927057345, -0.5040914673357039, -0.11817634652432786], [-0.43423331337962384, -0.08421090385478347, 0.27020462164696324], [-0.2819845489913486, 0.08637650471836839, -0.42624452829197496]]	0.7149653838783688	0.4453644184334441	[[-0.0005465769910624117, -0.7365651213957383, -0.10034491250660493], [-0.6707441420994162, -0.12245039475612429, 0.2326356154023112], [-0.26823212523599604, 0.0, -0.5471227663118654]]	[[-0.03395849841644037, -0.04123285325719243, 0.0626648434477935], [-0.07177261756755406, -0.006291795427267391, -0.14007847441222457], [0.1207309275736303, -0.11914577974735927, 0.0408292103509848]]	0.6671640474252558	[[1.6279457799001223e-16, -0.8153040296879998, 0.0], [-1.0, -1.7938038903913487e-16, 0.0], [0.0, 0.0, -0.8153040296879998]]
