3	[[0.034229894132735264, 0.2773841392786001, 0.9601491309293217], [-0.1827544195208179, -0.9427759796974285, 0.2788803941677556], [0.9825625356654255, -0.18501754344446375, 0.018422055382213542]]	0.8687945187180274	0.13120548128197285	[[0.02973874439881876, 0.24098981978456566, 0.8341723021032722], [-0.15877603795118142, -0.819078603540144, 0.242289757830869], [0.8536449452838082, -0.1607422276112246, 0.016004980739587053]]	0.9368633038806738	0.1224092437783214	[[0.012515193770091967, 0.2508241739893595, 0.8915810012004902], [-0.16305360643214722, -0.8262505335439092, 0.2564147119412364], [0.9281047104071343, -0.16760332568849973, -0.0005523169738757859]]	[[-0.019553537938588085, -0.009046847179286763, -0.007947485820111773], [0.008162302838920953, 0.05700168561476281, -0.004858095526311768], [0.007577926974251105, 0.0057328213387666995, -0.017811264643529116]]	0.33889534589802034	[[0.0, 0.0, 0.9987999999999999], [0.0, -1.0, 0.0], [0.9987999999999999, 0.0, 0.0]]
3	[[0.08740825448676931, -0.06334395238859675, -0.994156597696443], [0.7119981850616444, -0.6940087028176986, 0.10681996481098455], [-0.6967197295301035, -0.717174639895393, -0.015561310176609944]]	0.8368568473601381	0.16314315263986207	[[0.07314819628305043, -0.053009820295251774, -0.8319667561305264], [0.5958405564768278, -0.580785935080518, 0.08939301898684143], [-0.5830546763481704, -0.6001725081495008, -0.013022588975191027]]	0.9271918991144804	0.11839632979002455	[[0.08011822488270787, -0.021809116533581883, -0.904499970181341], [0.6273982504775604, -0.6274973264911324, 0.06759297482610233], [-0.6573887659222651, -0.6639291527381882, 0.020269712535959487]]	[[-0.0009260005931615704, 0.036922882979018364, 0.017273973654014507], [-0.03276069889580907, 0.015981920676386548, -0.03144963121033641], [-0.01139587674872117, 0.0010293636231648818, 0.03469803327131995]]	0.11063333222600102	[[0.0, 0.0, -0.9964043182719997], [0.7071067811865475, -0.7071067811865476, 0.0], [-0.70456425025369, -0.7045642502536898, 0.0]]
3	[[-0.42203838922340475, -0.825029846081567, 0.3757783270710803], [0.2588054115689476, 0.28760896992378115, 0.9221175843470338], [-0.8688517462515349, 0.4864224845687207, 0.09214016247897017]]	0.4746516951345301	0.52534830486547	[[-0.20032123685673564, -0.39160181497919616, 0.1783638199391061], [0.12284242731119073, 0.13651408511021879, 0.43768467452367765], [-0.4124019541788878, 0.23088125685209304, 0.04373448431061422]]	0.674847988959047	0.5846334600526326	[[-0.13664419150683502, -0.4086021657352424, 0.383388603200411], [0.12216385361738184, 0.10177757623298428, 0.6612190138710632], [-0.5448590510068265, 0.19196207282349667, -0.032991673390972455]]	[[0.14816756672409517, 0.14816756672409515, 0.1297953548820975], [-0.052490457911640934, -0.09231475872666246, 0.03892981649069316], [0.041483802654578, -0.13629916267216755, -0.0951722767422653]]	0.6536280065486927	[[0.0, -0.7045642502536898, 0.70456425025369], [0.0, 0.7071067811865476, 0.7071067811865475], [-0.9964043182719997, 0.0, 0.0]]
3	[[0.8489524140446696, -0.5135124485683378, 0.12483895166604869], [0.522794976890395, 0.7815435453534784, -0.34040431673891397], [0.0772347773085365, 0.35425224329800037, 0.9319550081910795]]	0.7733903290562442	0.2266096709437559	[[0.6565715868510998, -0.3971455615727444, 0.09654923790804196], [0.4043245792062141, 0.6044382197127103, -0.2632654065348746], [0.05973262983723478, 0.2739752590131532, 0.7207649904505137]]	0.8952408307100143	0.19360560329996043	[[0.7769621671324108, -0.4408875671117051, 0.06093983302515116], [0.4637231025386559, 0.6249403925124304, -0.27741811120793], [0.038779975315245595, 0.2985804616843488, 0.8223698302350037]]	[[0.016945302749789004, 0.018829743924546984, -0.0508210937693296], [-0.004304306863723966, -0.07472930026586722, 0.02732573208669018], [-0.03036375088215159, -0.018560610886639135, -0.011954345482336308]]	0.4273665381012697	[[0.7062582530491236, -0.7062582530491236, 0.0], [0.7071067811865475, 0.7071067811865476, 0.0], [0.0, 0.0, 0.9987999999999999]]
3	[[-0.8305561570912853, 0.32773595720904825, 0.4502950280316503], [-0.5100865793185324, -0.772219296347621, -0.37879947194723407], [0.22358030216652452, -0.5443036842615101, 0.808545204538665]]	0.5503228200424527	0.44967717995754736	[[-0.4570740065740984, 0.180360576200596, 0.2478076296774731], [-0.28071228479638305, -0.4249699008572212, -0.20846199363259377], [0.12304134239422547, -0.29954273848229096, 0.4449608770935197]]	0.7731333962196703	0.4223221761745402	[[-0.559480965723461, 0.16177773612675225, 0.25493903422724296], [-0.5516832551197703, -0.6044514030072297, -0.29604761108113986], [0.2403553200045504, -0.3478904118909481, 0.5043054899309762]]	[[0.08264973675968239, -0.09160587753358378, -0.0931990900956984], [-0.15731828568515893, -0.007422875795629573, -0.00318508884835701], [0.06749792166272517, 0.07292894409703232, -0.12080781005112971]]	0.6821632875228802	[[-0.70456425025369, 0.7045642502536898, 0.0], [-0.7071067811865475, -0.7071067811865476, 0.0], [0.0, 0.0, 0.9964043182719997]]
3	[[-0.3195682178843842, -0.5708200961323295, -0.7563336379995778], [0.910087742671785, 0.03735879733279218, -0.41272826520656647], [0.2638493031197415, -0.8202248094963509, 0.507557688474819]]	0.49027602050938646	0.5097239794906135	[[-0.1566766341456324, -0.27985940515854396, -0.3708122462158199], [0.44619419679149325, 0.018316122487338063, -0.20235077141721808], [0.12935898634772164, -0.4021365555229406, 0.2488433636843771]]	0.685516162771623	0.5440617318780405	[[-0.2491217201378645, -0.28024234962997463, -0.5007687940365152], [0.5798715530826073, -0.017043760145944796, -0.07988496469085082], [0.3115055625559622, -0.4899788241067512, 0.3038342210098227]]	[[-0.030052541669995506, 0.11106405230358887, 0.01771013926005694], [-0.04400830405924307, -0.042653819539283225, 0.2030469319409433], [0.1306326007313502, 0.07229853990927265, -0.04410477797867003]]	0.8989423488555384	[[0.0, 0.0, -0.9964043182719997], [0.7071067811865475, 0.7071067811865476, 0.0], [0.70456425025369, -0.7045642502536898, 0.0]]
3	[[0.8787972042104137, -0.3840163418041313, 0.28327887866788265], [-0.395223040501579, -0.9183905790867732, -0.018907472103605397], [0.2674214316928388, -0.09534250611366366, -0.9588511794847616]]	0.7226113366428281	0.2773886633571722	[[0.6350288223724672, -0.2774945620437725, 0.20470052915688022], [-0.2855926495688885, -0.663639443914074, -0.013662753689323294], [0.19324175820250095, -0.06889557578167149, -0.6928767324490357]]	0.8544302055535391	0.27165453234008635	[[0.6342741889871296, -0.2779094766230149, 0.24880132775889652], [-0.3440819286076984, -0.850784930754188, -0.016155115275981367], [0.22173365162101252, -0.0814635170966872, -0.7427124458342146]]	[[-0.11659668684624988, 0.050205685240607166, 0.006759297229721462], [-0.006391424872439494, -0.06608427948664262, 0.0], [-0.006759297229721462, 0.0, 0.07655896454820385]]	0.46873990912764174	[[0.7054107431454647, -0.7054107431454646, 0.0], [-0.7071067811865475, -0.7071067811865476, 0.0], [0.0, 0.0, -0.9976014399999998]]
3	[[-0.5446221603179724, 0.8109226453022452, -0.2139887049042392], [-0.8354447797583356, -0.5021691245819775, 0.22328947644507607], [0.07361197229480154, 0.30038414347728, 0.9509735242804028]]	0.6449345880108649	0.35506541198913494	[[-0.3512456685862587, 0.5229920621566844, -0.13800871723639416], [-0.5388072348392701, -0.3238662374740543, 0.14400710649826687], [0.04747490702461504, 0.1937281238185161, 0.6133157180910219]]	0.7988821788983739	0.3039183098869578	[[-0.4645034676476193, 0.6045398959556373, -0.1297917113185237], [-0.6627336005472044, -0.4222316293879961, 0.05007742750492053], [0.09317234898527357, 0.17695672939362855, 0.7470461670107575]]	[[-0.02941452953645801, -0.04329175384145374, 0.041160051515016095], [0.004688345455406636, -0.021057664966456988, -0.12830455596259896], [0.034365056165395765, -0.06301480965402266, -0.012669634141036336]]	0.3809797062978983	[[-0.7054107431454647, 0.7054107431454646, 0.0], [-0.7071067811865475, -0.7071067811865476, 0.0], [0.0, 0.0, 0.9976014399999998]]
3	[[-0.30792515101507295, 0.09349718223056193, 0.9468053539599837], [0.3027085282091916, -0.9338174967034747, 0.1906631317268273], [0.9019698710720718, 0.34531602882779927, 0.2592434992682147]]	0.7486408237747197	0.25135917622528037	[[-0.23052533871687922, 0.06999580752570297, 0.7088171401429174], [0.2266199619221622, -0.6990938999873358, 0.14273820399943998], [0.6752514672993737, 0.2585176762842586, 0.19408026685039725]]	0.8656172641969737	0.24129431636610596	[[-0.26833104069246133, 0.08495241767667389, 0.7649814504765411], [0.24304216409049056, -0.8493850841575645, 0.12057440843199944], [0.6997822766029902, 0.2775455910557842, 0.18337862301578747]]	[[-0.00178571389335392, 0.004019642584128986, -0.05458960974534752], [-0.018987563947042256, -0.041056537401836415, -0.04446689003660404], [-0.08097841558251377, -0.021365925101498776, -0.041027025581614696]]	0.46644139584503674	[[0.0, 0.0, 0.9987999999999999], [0.0, -1.0, 0.0], [0.9987999999999999, 0.0, 0.0]]
3	[[0.3802729664721569, 0.7767473726770865, -0.5020517802076895], [0.4287143634067757, 0.332951791095048, 0.839849450446521], [0.8195098935212374, -0.5346088512602871, -0.20639019011321075]]	0.561846042459707	0.4381539575402932	[[0.21365486126679423, 0.4364124373295962, -0.2820758058195409], [0.24087146842572957, 0.18706764615662375, 0.4718660899953378], [0.46043839043148316, -0.3003678673445225, -0.11595951151761401]]	0.7289595212586107	0.43561019663381917	[[0.23601623637508978, 0.4951594162376535, -0.32497521789420286], [0.3325650558550375, 0.22399707135454927, 0.49019944738137466], [0.6232524801187675, -0.3247687266477156, -0.04884772335045938]]	[[-0.04118736321204552, -0.07105797668791915, 0.041000207453027696], [0.020049638749344144, -0.018711306884293767, -0.12201680594542877], [0.02586294047083096, 0.0649394856275992, 0.10160237082694042]]	0.6691768681060155	[[0.0, 0.7045642502536898, -0.70456425025369], [0.0, 0.7071067811865476, 0.7071067811865475], [0.9964043182719997, 0.0, 0.0]]
3	[[0.22433838825039393, -0.7661379269479729, -0.6022499185961573], [-0.9416906372873723, -0.011392912655017143, -0.3362869982418849], [0.2507808429735371, 0.642575192824231, -0.724020780340167]]	0.5320834605209143	0.46791653947908574	[[0.11936674594795404, -0.40764931940679683, -0.32044722078508237], [-0.5010580130280103, -0.006061980390894072, -0.1789327497527327], [0.13343633876171163, 0.3419036322428106, -0.38523948229244886]]	0.7273896269356656	0.5001378234703252	[[0.26641039250337567, -0.4074979065914485, -0.42525930041691795], [-0.6835204636783416, 0.0401073850962092, -0.03811068937572541], [0.3440597489182721, 0.36552881984040464, -0.47987504885719057]]	[[0.10322897596657313, 0.14978287427250153, 0.012811043192775857], [0.0014555376669294264, 0.048394471582052796, 0.206500984818754], [0.16164436510513927, -0.10187370994612607, 0.04677015644811297]]	0.7529185130342487	[[-1.9895549953627751e-16, -0.9964043182719997, 0.0], [-1.0, 1.7938038903913487e-16, 0.0], [0.0, 0.0, -0.9964043182719997]]
3	[[0.8592155572171323, 0.2624339665249735, -0.4391776855101157], [-0.4266000482917053, 0.8413623931712975, -0.33184593135155627], [0.2824199444684594, 0.4724804086637203, 0.8348660002631537]]	0.6329423399710786	0.36705766002892143	[[0.5438339053245659, 0.1661055688602085, -0.2779741519298551], [-0.27001323279752715, 0.5325338818975078, -0.210039340299536], [0.17875554050636874, 0.29905285545010657, 0.5284220397688558]]	0.8219882403818025	0.3228176641474348	[[0.6066608442293486, 0.22361736073465316, -0.2980609507519885], [-0.326419808756328, 0.7521967910688429, -0.27183005904484536], [0.25574277827183267, 0.37301775060485265, 0.5870953490014399]]	[[-0.09960423975623199, 0.007899726374373256, 0.06293794217542421], [0.024240414285762884, 0.06060679798254587, 0.00094339414468083], [0.023596905069477377, -0.015355589127513855, -0.09915468550946327]]	0.6228694740362102	[[0.9964043182719997, 0.0, 0.0], [0.0, 0.7071067811865476, -0.7071067811865475], [0.0, 0.7045642502536898, 0.70456425025369]]
3	[[0.04673222253661188, -0.9725397674033924, -0.22799671093185395], [-0.8377629715199755, -0.16246744520517667, 0.5213036857710898], [-0.5440306084466285, 0.16664552219444034, -0.8223502702654952]]	0.5741903713083668	0.4258096286916331	[[0.026833192210362355, -0.5584229701575065, -0.1309135161070476], [-0.4810354316854555, -0.09328724268788209, 0.29932755689732227], [-0.31237713706708636, 0.09568625426570236, -0.4721856070292805]]	0.7615723081510498	0.3798898660943614	[[-0.006533608988086779, -0.8185407651947001, -0.10753737279938536], [-0.6591314234666817, -0.10836810601106159, 0.22838298383135086], [-0.312958844862458, 0.0462557306465205, -0.6262791934347328]]	[[-0.042123575570322674, -0.07788140976461341, 0.0660986085958344], [-0.021114343562731792, 0.015362601233248865, -0.1686274673889876], [0.10135980131706093, -0.08065688433413642, 0.0]]	0.6070756128874119	[[1.9895549953627751e-16, -0.9964043182719997, 0.0], [-1.0, -1.7938038903913487e-16, 0.0], [0.0, 0.0, -0.9964043182719997]]
3	[[0.5319609947059123, -0.8460851799387872, 0.03402011756955908], [-0.703274286200726, -0.4190807785627857, 0.5742617690636116], [-0.47161719485230363, -0.3294103357928521, -0.8179645788128509]]	0.5331804392068099	0.46681956079319004	[[0.28363119679818993, -0.45111606784613534, 0.018138861227604795], [-0.37497209279935884, -0.22344567357723794, 0.3061851422490161], [-0.2514570630888349, -0.17563514751729564, -0.43612271338704917]]	0.7334268436078639	0.4710559980539219	[[0.5270419280470603, -0.6354774106675303, 0.11433639082272612], [-0.42964152650623816, -0.24504019525698317, 0.2774652546803093], [-0.2925532757499236, -0.0696011727927914, -0.5365463242050432]]	[[0.13688745477740338, -0.01493582772163406, 0.08938512337451597], [0.0861587134125338, 0.062324897381046886, -0.14371374200868345], [0.05334343486179636, 0.17199721003956672, 0.06337085501670177]]	0.6442262273475186	[[0.7054107431454647, -0.7054107431454646, 0.0], [-0.7071067811865475, -0.7071067811865476, 0.0], [0.0, 0.0, -0.9976014399999998]]
