3	[[0.08740825448676931, -0.06334395238859675, -0.994156597696443], [0.7119981850616444, -0.6940087028176986, 0.10681996481098455], [-0.6967197295301035, -0.717174639895393, -0.015561310176609944]]	0.6417874772408544	0.35821252275914567	[[0.05609752313709027, -0.0406533554019423, -0.6380372548179511], [0.4569515189907796, -0.4454060945645687, 0.06855571573499862], [-0.44714599755905554, -0.46027370287958247, -0.009987054000808925]]	0.8277274114713881	0.27704287934600436	[[0.03760036652843963, -0.029411497044650396, -0.73654745950597], [0.6358912127428415, -0.6394826072211267, 0.07121556844370591], [-0.5416147722875159, -0.5266081084246342, 0.026587474147359347]]	[[-0.03474984169912627, 0.02302002869832964, 0.08634320770250882], [0.04655079804944025, -0.06503258009921725, -0.01720224452275508], [0.03507924595748233, 0.06701699982890431, 0.039467997138948066]]	0.25479944342354227	[[0.0, 0.0, -0.7863304670000001], [0.7071067811865475, -0.7071067811865476, 0.0], [-0.5560196054692849, -0.5560196054692848, 0.0]]
3	[[-0.42203838922340475, -0.825029846081567, 0.3757783270710803], [0.2588054115689476, 0.28760896992378115, 0.9221175843470338], [-0.8688517462515349, 0.4864224845687207, 0.09214016247897017]]	0.4075764489208287	0.5924235510791713	[[-0.17201290798794186, -0.33626273491962305, 0.15315839612904064], [0.10548299060876526, 0.11722264263931215, 0.3758334105156168], [-0.3541235093758616, 0.19825434893576577, 0.03755416022616686]]	0.6017233946053576	0.6387976128355882	[[-0.09253088895046549, -0.33502027636811754, 0.2896342495721949], [0.1544922626518707, 0.08376731483230972, 0.6224146005119439], [-0.4452152651594238, 0.17008982856951602, -0.02857495335035054]]	[[0.16141948326681874, 0.1614194832668187, 0.06351963898786214], [-0.0012370081396331778, -0.08929373086917798, 0.06755487743335456], [0.0775931570038425, -0.12260196005754674, -0.08401784469668563]]	0.7005777274361217	[[0.0, -0.5560196054692848, 0.5560196054692849], [0.0, 0.7071067811865476, 0.7071067811865475], [-0.7863304670000001, 0.0, 0.0]]
3	[[0.5319609947059123, -0.8460851799387872, 0.03402011756955908], [-0.703274286200726, -0.4190807785627857, 0.5742617690636116], [-0.47161719485230363, -0.3294103357928521, -0.8179645788128509]]	0.4643052190128378	0.5356947809871623	[[0.24699226615321565, -0.3928417647749948, 0.015795718138976608], [-0.3265339214805252, -0.19458139267466482, 0.2666327364557799], [-0.21897432494611901, -0.15294693810539262, -0.37978522291044425]]	0.6679682251510699	0.5459975719156553	[[0.4025877960035447, -0.5423976185549523, 0.09553686672979891], [-0.40576232367776843, -0.2330915796048899, 0.30134445750877903], [-0.27819974739370695, -0.04023940009426519, -0.4486269208713102]]	[[0.0472547545202388, 0.02276039741538291, 0.07281250917742979], [0.06400255307011603, 0.04684106424662257, -0.08224415714475514], [0.03682555320251271, 0.17979623725170418, 0.0977474270747522]]	0.6973659433162785	[[0.6024047729894744, -0.6024047729894743, 0.0], [-0.7071067811865475, -0.7071067811865476, 0.0], [0.0, 0.0, -0.851929]]
3	[[-0.5446221603179724, 0.8109226453022452, -0.2139887049042392], [-0.8354447797583356, -0.5021691245819775, 0.22328947644507607], [0.07361197229480154, 0.30038414347728, 0.9509735242804028]]	0.5371573491836725	0.46284265081632764	[[-0.29254779594308716, 0.4355930585435655, -0.11494560548160833], [-0.4487653032843245, -0.2697438358023404, 0.11994158326784715], [0.03954121190605754, 0.1613535502470637, 0.5108224174463161]]	0.740945044071349	0.37064235948795893	[[-0.46946160563934436, 0.5409724049502663, -0.08471330935900578], [-0.6799794298134635, -0.4628807469545333, 0.0391828251020868], [0.10093353509069827, 0.08457831288544682, 0.7046191198586291]]	[[-0.06592651506031105, -0.05987671021166036, 0.0738405610270366], [-0.06096076065624517, -0.09080102280986929, -0.12626240586317852], [0.046391109034547635, -0.13798982954166084, 0.0]]	0.4330121475918491	[[-0.6024047729894744, 0.6024047729894743, 0.0], [-0.7071067811865475, -0.7071067811865476, 0.0], [0.0, 0.0, 0.851929]]
3	[[0.034229894132735264, 0.2773841392786001, 0.9601491309293217], [-0.1827544195208179, -0.9427759796974285, 0.2788803941677556], [0.9825625356654255, -0.18501754344446375, 0.018422055382213542]]	0.7714554019803694	0.2285445980196307	[[0.026406836737914774, 0.21398949267015124, 0.7407122337621822], [-0.14098688417512165, -0.7273096223949165, 0.21514378658712974], [0.7580031759226218, -0.14273278335136919, 0.014211794140190179]]	0.8753969745204595	0.19171777320329556	[[0.009201857261741539, 0.2139517081698519, 0.789737962426086], [-0.16797311802672127, -0.8240174777596871, 0.25688627390646696], [0.8194031880091132, -0.14614505231328515, 0.0]]	[[-0.02076288850021054, -0.028869528134596367, -0.05077368187789087], [-0.007990452097954522, 0.0012857625180039967, 0.012755220598940537], [-0.04072908298955144, 0.015818745451206078, -0.016126611546038085]]	0.3725257983975592	[[0.0, 0.0, 0.923], [0.0, -1.0, 0.0], [0.923, 0.0, 0.0]]
3	[[-0.3195682178843842, -0.5708200961323295, -0.7563336379995778], [0.910087742671785, 0.03735879733279218, -0.41272826520656647], [0.2638493031197415, -0.8202248094963509, 0.507557688474819]]	0.41165878828839586	0.5883412117116041	[[-0.13155306534976766, -0.23498310910450043, -0.31135138896066045], [0.37464561738438845, 0.015379077241928982, -0.1699032175473069], [0.10861588441301046, -0.3376527512013482, 0.2089405830240031]]	0.6182608866981202	0.6033256137659784	[[-0.2681927904731986, -0.26819279047319855, -0.36936372133877665], [0.6097258021042764, -0.09741268704383133, -0.057044456829223704], [0.2182414496914368, -0.3377532228416267, 0.3344260872395984]]	[[-0.07061626072346108, 0.0847229483066817, 0.09824778433045743], [0.04705414734692781, -0.12051017020877876, 0.19812928638276497], [0.05511374558994432, 0.16935969516938398, 0.020623020712708533]]	0.9406389412604573	[[0.0, 0.0, -0.7863304670000001], [0.7071067811865475, 0.7071067811865476, 0.0], [0.5560196054692849, -0.5560196054692848, 0.0]]
3	[[0.8592155572171323, 0.2624339665249735, -0.4391776855101157], [-0.4266000482917053, 0.8413623931712975, -0.33184593135155627], [0.2824199444684594, 0.4724804086637203, 0.8348660002631537]]	0.5075298558917013	0.49247014410829887	[[0.4360775479343189, 0.13319307321150736, -0.22289578743779995], [-0.21651226103288196, 0.4270165341589255, -0.16842171771710274], [0.1433365537170195, 0.2397979137207501, 0.42371942080243935]]	0.7465453194344261	0.44777060435186355	[[0.46947154618199594, 0.1904927443979919, -0.2873444078497116], [-0.35382961907297544, 0.7495246486083841, -0.25087137129683024], [0.23932019070138194, 0.313208518910615, 0.4666652252100785]]	[[-0.17197180644369667, -0.005426104971837976, 0.04052163766790963], [-0.03535334975030263, 0.12140949203820461, -0.003133344472967994], [0.028480903043523034, -0.03951951870175031, -0.15660007964131922]]	0.6891497524737641	[[0.6526595590351835, 0.6526595590351834, 0.0], [-0.7071067811865475, 0.7071067811865476, 0.0], [0.0, 0.0, 0.923]]
3	[[0.04673222253661188, -0.9725397674033924, -0.22799671093185395], [-0.8377629715199755, -0.16246744520517667, 0.5213036857710898], [-0.5440306084466285, 0.16664552219444034, -0.8223502702654952]]	0.5076449716556707	0.49235502834432926	[[0.023723377785004822, -0.49370492265750765, -0.11574138385858712], [-0.4252861599314284, -0.08247578161615116, 0.2646371947872615], [-0.276174402804706, 0.0845967613909411, -0.41746197963996046]]	0.7023809668851898	0.463206845907879	[[-1.052527604037168e-16, -0.7104107774998657, -0.09986863149389727], [-0.670359925730166, -0.1270059290401337, 0.23309073186703674], [-0.25920603354251326, 0.0, -0.5271244334574868]]	[[-0.03282382364995932, -0.02731735533677335, 0.060271918777061374], [-0.08193115977335604, -0.012891887789555183, -0.1330630549856745], [0.12291071123336776, -0.11704864300601833, 0.05047874448988877]]	0.6785527765488221	[[1.5700932642874487e-16, -0.7863304670000001, 0.0], [-1.0, -1.7938038903913487e-16, 0.0], [0.0, 0.0, -0.7863304670000001]]
3	[[0.8489524140446696, -0.5135124485683378, 0.12483895166604869], [0.522794976890395, 0.7815435453534784, -0.34040431673891397], [0.0772347773085365, 0.35425224329800037, 0.9319550081910795]]	0.6807401063290176	0.3192598936709825	[[0.5779159566050446, -0.34956851883968443, 0.0849828812311491], [0.3558875081566437, 0.532028036164684, -0.23172687077170487], [0.05257681051731113, 0.24115370976997375, 0.6344191513698559]]	0.8294691553674286	0.25660137209095446	[[0.6648633813852601, -0.41212526225500423, 0.04975710177991219], [0.47675610799295326, 0.6254725535266066, -0.2641646774441947], [0.02900789627826064, 0.22846993968124957, 0.7325380769006724]]	[[-0.03931646043951146, 0.013817474729634998, -0.05379295801548046], [0.043113800081342926, -0.022793710920608924, 0.018190203644658922], [-0.035055969220842594, -0.06537136935415964, -0.04048985658402729]]	0.4534038214988994	[[0.6526595590351835, -0.6526595590351834, 0.0], [0.7071067811865475, 0.7071067811865476, 0.0], [0.0, 0.0, 0.923]]
3	[[0.8787972042104137, -0.3840163418041313, 0.28327887866788265], [-0.395223040501579, -0.9183905790867732, -0.018907472103605397], [0.2674214316928388, -0.09534250611366366, -0.9588511794847616]]	0.5847784839650136	0.41522151603498636	[[0.5139016967908585, -0.22456449417801042, 0.16565539320671346], [-0.23111793045255657, -0.5370550505261141, -0.011056682872357164], [0.15638229940509168, -0.05575424618257328, -0.5607155390871641]]	0.7984805378496304	0.35767331945038483	[[0.559364287097952, -0.23785673576471883, 0.2280685466814113], [-0.34549622931849777, -0.8473379749992285, -0.023062501897705295], [0.20467313450137195, -0.07612913556156983, -0.6497494646921893]]	[[-0.14233817718073044, 0.06877283938209139, 0.0018758752812401578], [-0.029918323368230627, -0.11402097145398842, -0.007965253403041578], [-0.008857674109244113, 0.0, 0.1158745408205554]]	0.507683235944908	[[0.6024047729894744, -0.6024047729894743, 0.0], [-0.7071067811865475, -0.7071067811865476, 0.0], [0.0, 0.0, -0.851929]]
3	[[0.3802729664721569, 0.7767473726770865, -0.5020517802076895], [0.4287143634067757, 0.332951791095048, 0.839849450446521], [0.8195098935212374, -0.5346088512602871, -0.20639019011321075]]	0.5008048640490543	0.499195135950946	[[0.19044255127561913, 0.3889988623740084, -0.2514299735324975], [0.21470223848180714, 0.1667438764742446, 0.42060068985254295], [0.41041454081175816, -0.2677347130748292, -0.10336121110070498]]	0.6526403117309609	0.5154265458946605	[[0.12425495452147493, 0.4113240721158332, -0.24433472201254441], [0.3022294496910159, 0.1505994819232484, 0.46767057065690126], [0.5690493863414272, -0.277617892608231, -0.08887920974416524]]	[[-0.12392651285977083, -0.0956125753243455, 0.0833245083272859], [0.022433173913677287, -0.06669827880840545, -0.08044903648959259], [0.03420419396712017, 0.07128939473241372, 0.04581934826953289]]	0.7236146356736084	[[0.0, 0.5560196054692848, -0.5560196054692849], [0.0, 0.7071067811865476, 0.7071067811865475], [0.7863304670000001, 0.0, 0.0]]
3	[[-0.8305561570912853, 0.32773595720904825, 0.4502950280316503], [-0.5100865793185324, -0.772219296347621, -0.37879947194723407], [0.22358030216652452, -0.5443036842615101, 0.808545204538665]]	0.4610826881562166	0.5389173118437833	[[-0.3829550655763468, 0.15111337615539874, 0.2076232419882122], [-0.2351920911845981, -0.3560569490060631, -0.17465787879758604], [0.10308900674172028, -0.25096900591262966, 0.37280619640450563]]	0.6912762007670733	0.5216378282277269	[[-0.4455440513291732, 0.1098412942675697, 0.24729542832668605], [-0.5444396031298565, -0.5960553895335011, -0.27254252503283655], [0.20493951550094672, -0.3102059216070905, 0.40227232162512333]]	[[0.1285996534685911, -0.11671477308666131, -0.063982807875336], [-0.1918288905162691, -0.062238568195294774, -0.010687465212579003], [0.05038377365291742, 0.06605826131272693, -0.15665573551680123]]	0.6854110555423991	[[-0.6024047729894744, 0.6024047729894743, 0.0], [-0.7071067811865475, -0.7071067811865476, 0.0], [0.0, 0.0, 0.851929]]
3	[[-0.30792515101507295, 0.09349718223056193, 0.9468053539599837], [0.3027085282091916, -0.9338174967034747, 0.1906631317268273], [0.9019698710720718, 0.34531602882779927, 0.2592434992682147]]	0.608999774316804	0.3910002256831961	[[-0.18752634747464725, 0.056939762877669296, 0.5766042468835717], [0.18434942536316956, -0.5686946447454989, 0.11611380419217293], [0.5492994479234485, 0.21029738362410472, 0.1578792325474413]]	0.8023237273233826	0.2971090515427687	[[-0.17824917564310488, 0.07370354902352508, 0.7328451463050454], [0.2610219509444245, -0.8369748132810755, 0.1325556658408092], [0.67381142779808, 0.2467525624809308, 0.1045456266195798]]	[[0.06880647925592397, -0.0013114587179329056, -0.02679925433386332], [0.01815171629905055, -0.08775087868615301, -0.020417888669407993], [-0.0498604010938556, -0.030302680872697742, -0.10345158399765084]]	0.4817010841273541	[[0.0, 0.0, 0.923], [0.0, -1.0, 0.0], [0.923, 0.0, 0.0]]
3	[[0.22433838825039393, -0.7661379269479729, -0.6022499185961573], [-0.9416906372873723, -0.011392912655017143, -0.3362869982418849], [0.2507808429735371, 0.642575192824231, -0.724020780340167]]	0.43116970492040047	0.5688302950795996	[[0.0967279166642406, -0.33033546389048485, -0.25967191968944037], [-0.4060284742055002, -0.004912278787647637, -0.14499676580052073], [0.1081291020645893, 0.27705895627919314, -0.31217582621550793]]	0.6492371538690186	0.5632895275093822	[[0.2692971613829737, -0.38925429474409307, -0.2674914210040745], [-0.6828350000685091, -0.049199207391620606, -0.0403920504816618], [0.24336526959244859, 0.24336526959244853, -0.46903933137916415]]	[[0.12364834469172511, 0.10815091241871892, 0.12351160206314277], [-0.07145445089095326, -0.04180250520519902, 0.17793796314005522], [0.08054902885543604, -0.17381841974359113, 0.001021859390911796]]	0.7316331602195514	[[1.5700932642874487e-16, -0.7863304670000001, 0.0], [-1.0, -1.7938038903913487e-16, 0.0], [0.0, 0.0, -0.7863304670000001]]
