3	[[0.8489524140446696, -0.5135124485683378, 0.12483895166604869], [0.522794976890395, 0.7815435453534784, -0.34040431673891397], [0.0772347773085365, 0.35425224329800037, 0.9319550081910795]]	0.6862851698993372	0.31371483010066287	[[0.5826234517090985, -0.3524159780111463, 0.08567512115418938], [0.35878643953774475, 0.5363617448066421, -0.23361443434763335], [0.05300508226732645, 0.24311806097898955, 0.6395869011349532]]	0.8319248927854239	0.2530808681167292	[[0.6674357393478609, -0.4137557671603472, 0.05157037402929501], [0.47730519344108013, 0.6224649497346815, -0.26486138227692785], [0.030654724399998636, 0.23094920261430074, 0.7338631216132546]]	[[-0.038828906686177514, 0.013448021558847667, -0.05228625745092727], [0.042379038342780104, -0.027720580440651, 0.01832944242978864], [-0.0335988094317117, -0.06376205691038415, -0.04145344865694781]]	0.45241934439390974	[[0.6544980366662684, -0.6544980366662683, 0.0], [0.7071067811865475, 0.7071067811865476, 0.0], [0.0, 0.0, 0.9256]]
3	[[0.04673222253661188, -0.9725397674033924, -0.22799671093185395], [-0.8377629715199755, -0.16246744520517667, 0.5213036857710898], [-0.5440306084466285, 0.16664552219444034, -0.8223502702654952]]	0.510202797798862	0.4897972022011379	[[0.02384291068553842, -0.4961925102998652, -0.11632455980637026], [-0.42742901196177985, -0.08289134509491447, 0.2659705989832688], [-0.27756593851768707, 0.08502301166425581, -0.41956540866010594]]	0.7053045931463482	0.45906975163575736	[[-1.0616869689607583e-16, -0.7164663346353463, -0.0998340901945733], [-0.6705113005299641, -0.12589509986141134, 0.23298369371959873], [-0.2612826438613973, 0.0, -0.5317116053546026]]	[[-0.03296045120300965, -0.030529569668252578, 0.06097303724792347], [-0.07963322874899229, -0.011306064521447709, -0.1346941902788715], [0.12242464308821219, -0.11753585223101047, 0.04829581743879191]]	0.6758923135519808	[[1.5833990689219013e-16, -0.7929942492159999, 0.0], [-1.0, -1.7938038903913487e-16, 0.0], [0.0, 0.0, -0.7929942492159999]]
3	[[0.8592155572171323, 0.2624339665249735, -0.4391776855101157], [-0.4266000482917053, 0.8413623931712975, -0.33184593135155627], [0.2824199444684594, 0.4724804086637203, 0.8348660002631537]]	0.511414257482551	0.488585742517449	[[0.43941508621165604, 0.13421247212857, -0.22460172993806116], [-0.21816934693912285, 0.4302847235774413, -0.16971074058076172], [0.14443358619860047, 0.24163321737180876, 0.426962375622008]]	0.749123466078802	0.4437702360685642	[[0.4732776867808306, 0.19263927239152961, -0.288176037333426], [-0.3545463506866662, 0.7494880141081486, -0.250243083190459], [0.24008073101826494, 0.31455366666866535, 0.4708743975379012]]	[[-0.17038084955049668, -0.003956170228466871, 0.04082227266037791], [-0.03497024388099969, 0.1192037019073105, -0.001649508892232995], [0.028513323328269845, -0.03939249472382955, -0.1545433142905785]]	0.6890449763735061	[[0.6544980366662684, 0.6544980366662683, 0.0], [-0.7071067811865475, 0.7071067811865476, 0.0], [0.0, 0.0, 0.9256]]
3	[[0.8787972042104137, -0.3840163418041313, 0.28327887866788265], [-0.395223040501579, -0.9183905790867732, -0.018907472103605397], [0.2674214316928388, -0.09534250611366366, -0.9588511794847616]]	0.5889567969708807	0.4110432030291194	[[0.5175735865787301, -0.22616903465343605, 0.1668390210297389], [-0.2327692960229026, -0.5408923738271783, -0.011135684208955714], [0.15749966985118147, -0.05615261701587995, -0.5647219194410962]]	0.800492743604693	0.3549825344120227	[[0.5616144860729826, -0.23917089384460147, 0.2290541777271136], [-0.34548877634540154, -0.8474662995741198, -0.02276015194171308], [0.20551791804436131, -0.07632098430107384, -0.6526053869198958]]	[[-0.14185629899754515, 0.06823140119522517, 0.0022914909369992223], [-0.029115600318503868, -0.11230130522024588, -0.007624857722868802], [-0.008550997510134183, 0.0, 0.11494802445445695]]	0.5059922770417608	[[0.605803382738298, -0.6058033827382979, 0.0], [-0.7071067811865475, -0.7071067811865476, 0.0], [0.0, 0.0, -0.85673536]]
3	[[-0.5446221603179724, 0.8109226453022452, -0.2139887049042392], [-0.8354447797583356, -0.5021691245819775, 0.22328947644507607], [0.07361197229480154, 0.30038414347728, 0.9509735242804028]]	0.541273172566275	0.45872682743372506	[[-0.2947893645652074, 0.43893067292858234, -0.115826345196866], [-0.4522038464437272, -0.27181067522731595, 0.12086060331608886], [0.03984418578286798, 0.16258987832855046, 0.5147364565137852]]	0.743147485559507	0.36790936629185417	[[-0.4704987543842123, 0.543640050087936, -0.08648667968381801], [-0.6795047458667332, -0.46005773806114036, 0.0401181116538145], [0.1032487719695239, 0.08597348731163046, 0.7067135834026442]]	[[-0.06576416536392439, -0.05899507475169148, 0.07253848830390272], [-0.058646058465509784, -0.08687201580242493, -0.12581890131824258], [0.04854421985156602, -0.1372562336154563, 0.0]]	0.4308950016425532	[[-0.605803382738298, 0.6058033827382979, 0.0], [-0.7071067811865475, -0.7071067811865476, 0.0], [0.0, 0.0, 0.85673536]]
3	[[0.034229894132735264, 0.2773841392786001, 0.9601491309293217], [-0.1827544195208179, -0.9427759796974285, 0.2788803941677556], [0.9825625356654255, -0.18501754344446375, 0.018422055382213542]]	0.7774432331585851	0.22255676684141487	[[0.026611799565229785, 0.2156504220676662, 0.7464614446640977], [-0.14208118678628506, -0.7329548058002215, 0.21681367530632054], [0.763886594508226, -0.14384063716652284, 0.01432210229777461]]	0.8776852438064061	0.18814043999400892	[[0.00919522039313656, 0.2150633596675431, 0.7932495278841584], [-0.1678071979389214, -0.8241665312062676, 0.25669234714201383], [0.8230878633035321, -0.14683603061530048, 0.0]]	[[-0.020847852584220655, -0.028392606243225135, -0.049459196186052386], [-0.0074063406850941, 0.0032940343892932378, 0.01192314039406062], [-0.03929277536701747, 0.015551137111216045, -0.016168766169553206]]	0.3713017880709857	[[0.0, 0.0, 0.9256], [0.0, -1.0, 0.0], [0.9256, 0.0, 0.0]]
3	[[-0.42203838922340475, -0.825029846081567, 0.3757783270710803], [0.2588054115689476, 0.28760896992378115, 0.9221175843470338], [-0.8688517462515349, 0.4864224845687207, 0.09214016247897017]]	0.40985052178878395	0.5901494782112162	[[-0.17297265403811035, -0.3381389129078503, 0.15401294342699856], [0.10607153297329416, 0.11787668639439633, 0.37793037309524474], [-0.3560993415582877, 0.1993605091102869, 0.03776369366970926]]	0.60428976228537	0.6367299052182004	[[-0.0938744999473996, -0.33739811161525335, 0.2925296902247612], [0.15334399999535203, 0.08437944242987068, 0.6237640906354633], [-0.4484107618564865, 0.17087832768390993, -0.028742223508876227]]	[[0.16115897795171213, 0.1611589779517121, 0.06545069428698418], [-0.003049460639814608, -0.08941971363651115, 0.06653787479123464], [0.07662745334708222, -0.12306179988638138, -0.08442158039022848]]	0.6985257830780862	[[0.0, -0.5607316110625685, 0.5607316110625686], [0.0, 0.7071067811865476, 0.7071067811865475], [-0.7929942492159999, 0.0, 0.0]]
3	[[-0.8305561570912853, 0.32773595720904825, 0.4502950280316503], [-0.5100865793185324, -0.772219296347621, -0.37879947194723407], [0.22358030216652452, -0.5443036842615101, 0.808545204538665]]	0.4639528718789477	0.5360471281210523	[[-0.3853389143392443, 0.15205403856513383, 0.2089156714480953], [-0.23665613338174174, -0.3582733602608191, -0.17574510287614814], [0.10373072328572197, -0.2525312574874196, 0.37512686968966485]]	0.6941705379350464	0.5184955618718958	[[-0.44918361992458644, 0.11171238995808488, 0.24738200256555504], [-0.5447618638246913, -0.5964294959630247, -0.2732698622438918], [0.20631861688168054, -0.3114523088622035, 0.40569573595206465]]	[[0.12736399442873597, -0.11579225575837743, -0.06519953927265246], [-0.19067478866569793, -0.06037761161357359, -0.01031842903276887], [0.051115758255064, 0.06638727244163667, -0.15557252362734236]]	0.6848996158662936	[[-0.605803382738298, 0.6058033827382979, 0.0], [-0.7071067811865475, -0.7071067811865476, 0.0], [0.0, 0.0, 0.85673536]]
3	[[0.22433838825039393, -0.7661379269479729, -0.6022499185961573], [-0.9416906372873723, -0.011392912655017143, -0.3362869982418849], [0.2507808429735371, 0.642575192824231, -0.724020780340167]]	0.4346379981284796	0.5653620018715203	[[0.09750598797252083, -0.33299265485897034, -0.26176069899167353], [-0.4092945334469158, -0.004951792749229247, -0.1461631077124884], [0.10899888355899078, 0.2792875954561455, -0.31468694257046986]]	0.652226458587211	0.560943955221419	[[0.27211019910328565, -0.3901470950690723, -0.2711524001142488], [-0.6818479112148556, -0.049429330407757065, -0.040334861458713824], [0.2463360458832076, 0.24633604588320754, -0.4708735168180123]]	[[0.12579076660956848, 0.10954833181355134, 0.12165093147615895], [-0.06765236177217902, -0.04199857133378181, 0.17900041647351442], [0.08277014478906208, -0.17276849650853482, 0.0013519926868037213]]	0.731470493801257	[[1.5833990689219013e-16, -0.7929942492159999, 0.0], [-1.0, -1.7938038903913487e-16, 0.0], [0.0, 0.0, -0.7929942492159999]]
3	[[-0.30792515101507295, 0.09349718223056193, 0.9468053539599837], [0.3027085282091916, -0.9338174967034747, 0.1906631317268273], [0.9019698710720718, 0.34531602882779927, 0.2592434992682147]]	0.613995290777437	0.38600470922256314	[[-0.18906459263518594, 0.057406829590524865, 0.5813340286142943], [0.18586161079861258, -0.5733595454215081, 0.1170662650051501], [0.5538052532613841, 0.21202241553023443, 0.15917428771534778]]	0.8044810930850615	0.29408603163325686	[[-0.17893414777262828, 0.07465136359581144, 0.736368918269747], [0.2610142368418825, -0.8367392515609123, 0.1331320762429453], [0.677149524320865, 0.24854123487374785, 0.10428278417681687]]	[[0.06878581430436026, -0.0005653517654042092, -0.025318087822769283], [0.017490949181981852, -0.08550073107094519, -0.02025280837967383], [-0.04846818348898731, -0.02925898145743271, -0.10427370948967285]]	0.4810426781973029	[[0.0, 0.0, 0.9256], [0.0, -1.0, 0.0], [0.9256, 0.0, 0.0]]
3	[[0.3802729664721569, 0.7767473726770865, -0.5020517802076895], [0.4287143634067757, 0.332951791095048, 0.839849450446521], [0.8195098935212374, -0.5346088512602871, -0.20639019011321075]]	0.5046667688432245	0.4953332311567758	[[0.19191112926793127, 0.39199858677640914, -0.2533688497094034], [0.21635789253717735, 0.16802970459250213, 0.4238441084716035], [0.41357940999841775, -0.2697993215605171, -0.10415827036537287]]	0.6553979578936772	0.5131415525599816	[[0.12474901780942986, 0.4105411262426677, -0.24939279613699045], [0.3029979366176132, 0.15608422956528295, 0.46562998926129057], [0.5738583846210387, -0.28336294619970365, -0.08632044450786193]]	[[-0.12448110785859251, -0.09853751560917395, 0.07965091536801448], [0.022019418321124654, -0.062131694395453727, -0.08480562549948631], [0.03675327393355474, 0.06701860318817318, 0.04894726462162421]]	0.7214151996760902	[[0.0, 0.5607316110625685, -0.5607316110625686], [0.0, 0.7071067811865476, 0.7071067811865475], [0.7929942492159999, 0.0, 0.0]]
3	[[0.08740825448676931, -0.06334395238859675, -0.994156597696443], [0.7119981850616444, -0.6940087028176986, 0.10681996481098455], [-0.6967197295301035, -0.717174639895393, -0.015561310176609944]]	0.6495546850991497	0.3504453149008504	[[0.05677644121821977, -0.041145361046710495, -0.6457590757559551], [0.4624817568888826, -0.45079660441481945, 0.06938540860510131], [-0.4525575645172911, -0.465844147378348, -0.010107921931498072]]	0.831401857238006	0.271063213894187	[[0.03796491345256439, -0.029656578227511762, -0.7427451788480216], [0.635855538150622, -0.639400747313012, 0.07125124303592542], [-0.546170520228514, -0.5310750328350567, 0.026845247749468663]]	[[-0.03470647166566789, 0.023007701433163393, 0.08379846286221843], [0.043898924740281425, -0.06240062285103829, -0.017559074098025554], [0.033083556877175235, 0.06518529473797105, 0.039782949931358856]]	0.2492178602609576	[[0.0, 0.0, -0.7929942492159999], [0.7071067811865475, -0.7071067811865476, 0.0], [-0.5607316110625686, -0.5607316110625685, 0.0]]
3	[[0.5319609947059123, -0.8460851799387872, 0.03402011756955908], [-0.703274286200726, -0.4190807785627857, 0.5742617690636116], [-0.47161719485230363, -0.3294103357928521, -0.8179645788128509]]	0.466706971351567	0.5332930286484332	[[0.2482699047163633, -0.39487385183467694, 0.01587742603591316], [-0.328223012142176, -0.19558792091469446, 0.2680119710026711], [-0.22010703264684048, -0.15373810014978473, -0.3817497712506057]]	0.6703634848188241	0.5438267026920864	[[0.4056016879011115, -0.5454266693251864, 0.09643024175637976], [-0.40549771503596355, -0.23200079698573844, 0.3016090661505839], [-0.28004601811678975, -0.0411518165141484, -0.45015195840872585]]	[[0.048994461702368035, 0.021757940352140823, 0.07362439718850401], [0.06595168624502618, 0.048935654152196494, -0.08335505455712156], [0.03610892812487904, 0.17967284412328696, 0.09818162710261855]]	0.69548500036541	[[0.605803382738298, -0.6058033827382979, 0.0], [-0.7071067811865475, -0.7071067811865476, 0.0], [0.0, 0.0, -0.85673536]]
3	[[-0.3195682178843842, -0.5708200961323295, -0.7563336379995778], [0.910087742671785, 0.03735879733279218, -0.41272826520656647], [0.2638493031197415, -0.8202248094963509, 0.507557688474819]]	0.414190614846535	0.5858093851534648	[[-0.13236215665094456, -0.23642832658380783, -0.3132662945521618], [0.3769498017015218, 0.015473663237196275, -0.17094817393045153], [0.1092839050859955, -0.3397294181576757, 0.21022563105947134]]	0.6208132184601911	0.5777114138845465	[[-0.2480312957824057, -0.24803129578240565, -0.40053389756683894], [0.6090756979409825, 0.04279658870507828, -0.057425279031126056], [0.31144882472716834, -0.3609583203227378, 0.30523130635714363]]	[[-0.0496391219200135, 0.10634136525926154, 0.06900802246938398], [0.0440811973317416, 0.01960375349510554, 0.19880188364125378], [0.14764768966892303, 0.14824808352158897, -0.00986721577912378]]	0.938995642267592	[[0.0, 0.0, -0.7929942492159999], [0.7071067811865475, 0.7071067811865476, 0.0], [0.5607316110625686, -0.5607316110625685, 0.0]]
