3	[[-0.5446221603179724, 0.8109226453022452, -0.2139887049042392], [-0.8354447797583356, -0.5021691245819775, 0.22328947644507607], [0.07361197229480154, 0.30038414347728, 0.9509735242804028]]	0.5744995192520487	0.4255004807479513	[[-0.3128851692766873, 0.4658746698767395, -0.12293640809285392], [-0.4799626243327975, -0.28849592065556817, 0.12827969687173787], [0.04229004269455861, 0.17257054601863578, 0.5463338325205178]]	0.7632414474617267	0.34411318127576473	[[-0.4795648992295246, 0.5689493010898784, -0.10396175030164606], [-0.6751597932637562, -0.433766230908759, 0.04874829434465928], [0.12613951696251235, 0.09972626816849078, 0.7258224091695541]]	[[-0.06388669326870278, -0.049980472490099376, 0.059363298569925796], [-0.037513710286660826, -0.05048994139222232, -0.12167548886025172], [0.06995580867771549, -0.1295393602936594, 0.0]]	0.4121462760545662	[[-0.6378951977282795, 0.6378951977282794, 0.0], [-0.7071067811865475, -0.7071067811865476, 0.0], [0.0, 0.0, 0.90212004]]
3	[[0.034229894132735264, 0.2773841392786001, 0.9601491309293217], [-0.1827544195208179, -0.9427759796974285, 0.2788803941677556], [0.9825625356654255, -0.18501754344446375, 0.018422055382213542]]	0.8191378495966664	0.18086215040333384	[[0.028039001871810312, 0.22721584736089467, 0.7864944944015527], [-0.14970106221056984, -0.7722634886607418, 0.228441486373246], [0.8048541625592243, -0.15155487267475581, 0.015090202830937096]]	0.898412831976126	0.15493356053957355	[[0.009124085840325391, 0.22556442731410903, 0.8261479468442792], [-0.16631959992968146, -0.8254905380504464, 0.25498350987136237], [0.8576308370845787, -0.15333732681259368, 0.0]]	[[-0.021628490285708277, -0.023641042800438265, -0.03646235299334905], [-0.002130684331830451, 0.021511499788587064, 0.004433785164490739], [-0.025115953176239644, 0.012884808358612911, -0.016550610946755504]]	0.3601507672384175	[[0.0, 0.0, 0.9498], [0.0, -1.0, 0.0], [0.9498, 0.0, 0.0]]
3	[[0.3802729664721569, 0.7767473726770865, -0.5020517802076895], [0.4287143634067757, 0.332951791095048, 0.839849450446521], [0.8195098935212374, -0.5346088512602871, -0.20639019011321075]]	0.5265445477092743	0.47345545229072594	[[0.2002306571371459, 0.40899209403062364, -0.2643526275360939], [0.22573721057649018, 0.1753139502511349, 0.44221814902924594], [0.43150846622741545, -0.28149537578822265, -0.10867362930479167]]	0.6810009919087785	0.46880049075926156	[[0.16675457922021758, 0.4306345287400968, -0.2857315663102672], [0.32756496486009956, 0.1969501978276103, 0.46848629768647665], [0.5779778993308795, -0.2953188463912263, -0.07173406674304268]]	[[-0.09221168814341497, -0.09833120251553669, 0.056166194000737385], [0.035610058134544716, -0.02979030216592173, -0.10345201112164683], [0.019890848963859356, 0.06875031160024185, 0.06881785744429521]]	0.7018220433424853	[[0.0, 0.6058728588023198, -0.6058728588023199], [0.0, 0.7071067811865476, 0.7071067811865475], [0.856833613992, 0.0, 0.0]]
3	[[0.5319609947059123, -0.8460851799387872, 0.03402011756955908], [-0.703274286200726, -0.4190807785627857, 0.5742617690636116], [-0.47161719485230363, -0.3294103357928521, -0.8179645788128509]]	0.4889637008859024	0.5110362991140976	[[0.2601096166983488, -0.4137049408475841, 0.016634602591385148], [-0.3438755977185983, -0.20491528845620502, 0.28079315987862896], [-0.23060368899641015, -0.1610696968993408, -0.39995498764990994]]	0.6923755393256527	0.5238150570144907	[[0.4344144194475599, -0.5740200918979438, 0.10504648747384093], [-0.4030035430790379, -0.2219300627915616, 0.3041032381075095], [-0.29763894944152236, -0.050103357038986655, -0.46404469255621356]]	[[0.06609763883784325, 0.011788590877616007, 0.08149179022369533], [0.08392637012305303, 0.06823121728686157, -0.0935015639620119], [0.02889726019959284, 0.1779723018650337, 0.10229397384861444]]	0.6781605967300517	[[0.6378951977282795, -0.6378951977282794, 0.0], [-0.7071067811865475, -0.7071067811865476, 0.0], [0.0, 0.0, -0.90212004]]
3	[[-0.30792515101507295, 0.09349718223056193, 0.9468053539599837], [0.3027085282091916, -0.9338174967034747, 0.1906631317268273], [0.9019698710720718, 0.34531602882779927, 0.2592434992682147]]	0.6599041457472885	0.34009585425271166	[[-0.20320108373470658, 0.061699178169637534, 0.6248007782939219], [0.19975861271830553, -0.6162300374459779, 0.12581939106769474], [0.5952136572596074, 0.22787547901645497, 0.17107585992512905]]	0.8250279008448238	0.28562190891403816	[[-0.22883043525648328, 0.0720325269113172, 0.7241014220278975], [0.24829788482322007, -0.8479055912026353, 0.11889049965649558], [0.6627336866662367, 0.2500241954922342, 0.1567979083451661]]	[[0.025216405702807653, -0.005105257079269267, -0.057039411658348374], [-0.0014450967730353474, -0.07748010212519936, -0.03841190368058887], [-0.08141662268963115, -0.03487116289963568, -0.057085211663755686]]	0.4753560657389831	[[0.0, 0.0, 0.9498], [0.0, -1.0, 0.0], [0.9498, 0.0, 0.0]]
3	[[0.08740825448676931, -0.06334395238859675, -0.994156597696443], [0.7119981850616444, -0.6940087028176986, 0.10681996481098455], [-0.6967197295301035, -0.717174639895393, -0.015561310176609944]]	0.7222012264122832	0.277798773587717	[[0.06312634858890173, -0.04574708010084584, -0.717981114102234], [0.5142059624548392, -0.5012139363157397, 0.07714550959180998], [-0.5031718431322749, -0.5179444044842403, -0.011238397294129648]]	0.8656584912980411	0.21378329846953353	[[0.04109967634057399, -0.032684787199734805, -0.8021954555100173], [0.6350430268748457, -0.639271300947642, 0.07206375431170174], [-0.5903494810987364, -0.573188071602585, 0.029061859844992176]]	[[-0.034566021365437974, 0.022149443057832813, 0.058404644965879146], [0.018695752187439216, -0.03849677431876255, -0.02040585526708498], [0.012771868823872295, 0.047640245166476795, 0.042532640135097194]]	0.19819968407663968	[[0.0, 0.0, -0.856833613992], [0.7071067811865475, -0.7071067811865476, 0.0], [-0.6058728588023199, -0.6058728588023198, 0.0]]
3	[[0.04673222253661188, -0.9725397674033924, -0.22799671093185395], [-0.8377629715199755, -0.16246744520517667, 0.5213036857710898], [-0.5440306084466285, 0.16664552219444034, -0.8223502702654952]]	0.5309418974304451	0.4690581025695548	[[0.024812094904730506, -0.5163621094317208, -0.12105300631005922], [-0.4448034616957837, -0.08626077362791336, 0.27678196806078686], [-0.28884864350889233, 0.0884790897522035, -0.4366202128472014]]	0.7289943734792218	0.41974436011232963	[[-0.006479305603766292, -0.7649698502213256, -0.10470510771795283], [-0.6629390497043367, -0.1270396569130878, 0.23470162087247065], [-0.2739441838894701, 0.004330395736546808, -0.5726775328362934]]	[[-0.04054683289313511, -0.05599383179946138, 0.06150321172313723], [-0.05221455715704103, -0.00860180348497034, -0.14532583292863405], [0.12265106866859968, -0.11715325230870699, 0.02681118721637002]]	0.651660332511056	[[1.7108693385320792e-16, -0.856833613992, 0.0], [-1.0, -1.7938038903913487e-16, 0.0], [0.0, 0.0, -0.856833613992]]
3	[[0.8787972042104137, -0.3840163418041313, 0.28327887866788265], [-0.395223040501579, -0.9183905790867732, -0.018907472103605397], [0.2674214316928388, -0.09534250611366366, -0.9588511794847616]]	0.6295507126659753	0.370449287334025	[[0.5532474061995327, -0.24175776165817164, 0.1783384199485839], [-0.24881294680978272, -0.5781734435697957, -0.01190321253753681], [0.1683553529043821, -0.06002294267121708, -0.6036454433852428]]	0.818877357626863	0.3286282307797525	[[0.5842045872026194, -0.2516134628931375, 0.2367309782084574], [-0.34441971878529754, -0.8486222036491119, -0.021038610207169413], [0.21225324826970426, -0.07807381947587992, -0.6805647910541914]]	[[-0.13542254527107897, 0.06284882436896372, 0.004760318573400952], [-0.020780519706109887, -0.09657295297713046, -0.005555709411565402], [-0.00673210708772017, 0.0, 0.10461672915969109]]	0.4912951577006888	[[0.6378951977282795, -0.6378951977282794, 0.0], [-0.7071067811865475, -0.7071067811865476, 0.0], [0.0, 0.0, -0.90212004]]
3	[[-0.42203838922340475, -0.825029846081567, 0.3757783270710803], [0.2588054115689476, 0.28760896992378115, 0.9221175843470338], [-0.8688517462515349, 0.4864224845687207, 0.09214016247897017]]	0.43115656421629084	0.5688434357837093	[[-0.18196462186494086, -0.3557170338124237, 0.1620192924069126], [0.11158565205265052, 0.12400449531012403, 0.3975770494704928], [-0.3746111337271363, 0.20972424720420138, 0.03972683588076357]]	0.6279861777378299	0.6181013607314761	[[-0.10694572899401467, -0.36001879364737155, 0.3205403898135047], [0.14278652079172732, 0.0901032683726432, 0.6362670741687927], [-0.47889195040606264, 0.17809941725386125, -0.030251510279250986]]	[[0.15808854591302188, 0.15808854591302185, 0.08455679451942089], [-0.01973970039732202, -0.09051118933290667, 0.05718997694985789], [0.06673493674327774, -0.12736717959618826, -0.08811425873056208]]	0.6806140750131263	[[0.0, -0.6058728588023198, 0.6058728588023199], [0.0, 0.7071067811865476, 0.7071067811865475], [-0.856833613992, 0.0, 0.0]]
3	[[-0.3195682178843842, -0.5708200961323295, -0.7563336379995778], [0.910087742671785, 0.03735879733279218, -0.41272826520656647], [0.2638493031197415, -0.8202248094963509, 0.507557688474819]]	0.43828378480689095	0.5617162151931091	[[-0.1400615680383611, -0.2501811921767107, -0.33148876943921984], [0.39887670036454975, 0.01637375509084976, -0.18089210617151621], [0.11564087118998091, -0.35949123389857174, 0.22245430471258054]]	0.6445697375101516	0.559789413766694	[[-0.262140609119188, -0.26214060911918796, -0.4327584004263765], [0.6092011073448944, 0.03814467429751259, -0.05735181590316357], [0.3325500983782712, -0.3898952719049996, 0.3215818409757884]]	[[-0.05615660680086348, 0.10579275041034715, 0.05475137408910945], [0.022586089939735526, 0.014064324107019775, 0.2086803336640532], [0.16248082232414307, 0.1387968182513773, -0.005574485055684965]]	0.9242746575021381	[[0.0, 0.0, -0.856833613992], [0.7071067811865475, 0.7071067811865476, 0.0], [0.6058728588023199, -0.6058728588023198, 0.0]]
3	[[0.8489524140446696, -0.5135124485683378, 0.12483895166604869], [0.522794976890395, 0.7815435453534784, -0.34040431673891397], [0.0772347773085365, 0.35425224329800037, 0.9319550081910795]]	0.7253465648793502	0.2746534351206497	[[0.615784717273333, -0.3724744905918278, 0.09055150475410767], [0.3792075406236273, 0.5668899259257744, -0.24691110181667353], [0.056021980409968544, 0.25695564777700847, 0.6759903638135062]]	0.853730423977793	0.22009974488621917	[[0.7023036867670961, -0.42220701773330166, 0.0532213875869333], [0.4729448026583859, 0.62698906657271, -0.2673478225075502], [0.031014346890476004, 0.2512796416484933, 0.7641347977786173]]	[[-0.02247281761223053, 0.016194182700819897, -0.05335742354786565], [0.026618825384288544, -0.040238435759022445, 0.023265699145833707], [-0.034923332286971295, -0.05115627621739285, -0.031503546492580574]]	0.4435562797417726	[[0.6716100207709829, -0.6716100207709828, 0.0], [0.7071067811865475, 0.7071067811865476, 0.0], [0.0, 0.0, 0.9498]]
3	[[0.8592155572171323, 0.2624339665249735, -0.4391776855101157], [-0.4266000482917053, 0.8413623931712975, -0.33184593135155627], [0.2824199444684594, 0.4724804086637203, 0.8348660002631537]]	0.54884586202645	0.45115413797355014	[[0.47157690316737344, 0.14403579658241963, -0.2410408553865806], [-0.2341376712451862, 0.46177826795673765, -0.18213226625261503], [0.1550050178752538, 0.25931891718364897, 0.458212749591005]]	0.7729902624676046	0.40504591486310587	[[0.5123222235337223, 0.2085962292125194, -0.2934464589908645], [-0.3555271284478865, 0.7489125523909912, -0.2506515929114267], [0.2452118050588039, 0.33121546590630263, 0.509766326619381]]	[[-0.15184303555579795, 0.005737328547965573, 0.046033615401514946], [-0.02576944515018846, 0.09854761526313789, 0.005862080662819548], [0.02690393805804314, -0.034007289197467684, -0.13557696204931338]]	0.6665270537280136	[[0.856833613992, 0.0, 0.0], [0.0, 0.7071067811865476, -0.7071067811865475], [0.0, 0.6058728588023198, 0.6058728588023199]]
3	[[-0.8305561570912853, 0.32773595720904825, 0.4502950280316503], [-0.5100865793185324, -0.772219296347621, -0.37879947194723407], [0.22358030216652452, -0.5443036842615101, 0.808545204538665]]	0.4913020367340237	0.5086979632659764	[[-0.4080539316009321, 0.16101734328778022, 0.22123086440315404], [-0.250606575329886, -0.3793929131009006, -0.18610495208144873], [0.10984545782802199, -0.26741750867951286, 0.39723990578137375]]	0.7212213575490243	0.4831400061943964	[[-0.49055313406912215, 0.12200825451761457, 0.25343597498546405], [-0.5535867903787577, -0.5878849554060895, -0.2850310170997111], [0.21399684196022473, -0.32641116765650857, 0.4399296499380778]]	[[0.10846170506895525, -0.11436191745832412, -0.0713264164290987], [-0.18570145517510783, -0.03094390616870593, -0.011832747703073422], [0.052745952910462864, 0.06615227442551329, -0.1432104201190516]]	0.6813990139564259	[[-0.6378951977282795, 0.6378951977282794, 0.0], [-0.7071067811865475, -0.7071067811865476, 0.0], [0.0, 0.0, 0.90212004]]
3	[[0.22433838825039393, -0.7661379269479729, -0.6022499185961573], [-0.9416906372873723, -0.011392912655017143, -0.3362869982418849], [0.2507808429735371, 0.642575192824231, -0.724020780340167]]	0.467719540401217	0.532280459598783	[[0.10492744784682402, -0.3583376790760471, -0.2816840551324649], [-0.44044711207217896, -0.005328687870835852, -0.15728800026059928], [0.11729510061701255, 0.30054497386097273, -0.33863866662163344]]	0.6791902583904272	0.5401377195821384	[[0.29655430465749966, -0.39789662545703897, -0.3091242874154959], [-0.6735110996081574, -0.047916152056549643, -0.041171293947955184], [0.2770522676632955, 0.2745729669476229, -0.4854564918401447]]	[[0.1441858567748226, 0.12245679110946095, 0.09991799041144188], [-0.03392399234510095, -0.04017819676656899, 0.18723155928129176], [0.1067243621247297, -0.1618578443019451, 0.006291369039132078]]	0.7326742235334316	[[1.7108693385320792e-16, -0.856833613992, 0.0], [-1.0, -1.7938038903913487e-16, 0.0], [0.0, 0.0, -0.856833613992]]
