3	[[-0.30792515101507295, 0.09349718223056193, 0.9468053539599837], [0.3027085282091916, -0.9338174967034747, 0.1906631317268273], [0.9019698710720718, 0.34531602882779927, 0.2592434992682147]]	0.743399542002207	0.25660045799779313	[[-0.22891141623556566, 0.06950576244869663, 0.7038546664990893], [0.22503338123087518, -0.6941994993630106, 0.14173888480242994], [0.6705239890547681, 0.2567077776766069, 0.19272149862304033]]	0.8632280432757872	0.24451365515164278	[[-0.2666815176745308, 0.08390994653365037, 0.7615213894229061], [0.24307457228921064, -0.8495373361055509, 0.12017443151555304], [0.6965838124672683, 0.2754397633998371, 0.18277157114088044]]	[[-0.0008718920883880891, 0.003200556864962714, -0.0557875436390099], [-0.018231918199703216, -0.04343988564951639, -0.04441133060982972], [-0.08202187443199051, -0.022646716476949408, -0.041014687464388515]]	0.4668811534418966	[[0.0, 0.0, 0.9958], [0.0, -1.0, 0.0], [0.9958, 0.0, 0.0]]
3	[[0.8489524140446696, -0.5135124485683378, 0.12483895166604869], [0.522794976890395, 0.7815435453534784, -0.34040431673891397], [0.0772347773085365, 0.35425224329800037, 0.9319550081910795]]	0.7704963468143534	0.2295036531856466	[[0.6541147336406443, -0.39565946566559784, 0.09618795619882414], [0.40281161982694363, 0.6021764465711932, -0.2622802824871693], [0.0595091137632475, 0.2729500593118988, 0.7180679292065675]]	0.8929280497462355	0.19349392730101447	[[0.7730393222869293, -0.4427097158119202, 0.05894771724157094], [0.4647616395516766, 0.6251471765157828, -0.2762939214562389], [0.039248914284987176, 0.29252602200673344, 0.8204154747757317]]	[[0.014985898886663834, 0.01581995340861973, -0.05252448440195848], [-0.0020566595801919884, -0.07271497722845716, 0.027662641214639426], [-0.029716184789709135, -0.02379574271957891, -0.011753293139565746]]	0.42828612434798924	[[0.7041369327055641, -0.704136932705564, 0.0], [0.7071067811865475, 0.7071067811865476, 0.0], [0.0, 0.0, 0.9958]]
3	[[0.08740825448676931, -0.06334395238859675, -0.994156597696443], [0.7119981850616444, -0.6940087028176986, 0.10681996481098455], [-0.6967197295301035, -0.717174639895393, -0.015561310176609944]]	0.8348741998469464	0.16512580015305356	[[0.07297489652465977, -0.05288423156557278, -0.8299956940243806], [0.5944289150458184, -0.5794099604517434, 0.08918123264924968], [-0.5816733267090262, -0.5987506036331882, -0.012991736382267378]]	0.924733972183436	0.11984619383610817	[[0.07513453890143415, -0.02471816779388702, -0.9022337075039962], [0.628381589353269, -0.6312161690121584, 0.06567942431436553], [-0.6554539568567203, -0.6606343553887863, 0.02176515321208059]]	[[-0.0056948434717366565, 0.0338581369122185, 0.017096672056205808], [-0.030027320506182627, 0.010557255474325917, -0.033100626053791056], [-0.011173553869778504, 0.002561398110905732, 0.03615522538407564]]	0.11494486128350456	[[0.0, 0.0, -0.9874528459120001], [0.7071067811865475, -0.7071067811865476, 0.0], [-0.6982346034463304, -0.6982346034463303, 0.0]]
3	[[0.5319609947059123, -0.8460851799387872, 0.03402011756955908], [-0.703274286200726, -0.4190807785627857, 0.5742617690636116], [-0.47161719485230363, -0.3294103357928521, -0.8179645788128509]]	0.5305170709412855	0.4694829290587144	[[0.28221438876639315, -0.4488626314279559, 0.018048253126080667], [-0.37309901438353255, -0.2223295071309226, 0.3046556716771882], [-0.25020097281858966, -0.17475780648260925, -0.4339441724855159]]	0.7311250582554342	0.47295808584570964	[[0.52225388043331, -0.6311792347740324, 0.11132527104476052], [-0.4284912624094128, -0.24603676006089592, 0.27861551877713464], [-0.2917236064924251, -0.06883994654874019, -0.5320586810645431]]	[[0.13332386718933112, -0.012585158302226979, 0.08645231060485993], [0.08569019105864178, 0.06036369857955338, -0.14124165058336716], [0.0530875425682299, 0.17200020439775093, 0.06597571927088423]]	0.6462553369827937	[[0.7011795575882007, -0.7011795575882006, 0.0], [-0.7071067811865475, -0.7071067811865476, 0.0], [0.0, 0.0, -0.9916176400000001]]
3	[[0.034229894132735264, 0.2773841392786001, 0.9601491309293217], [-0.1827544195208179, -0.9427759796974285, 0.2788803941677556], [0.9825625356654255, -0.18501754344446375, 0.018422055382213542]]	0.8683281668088549	0.13167183319114517	[[0.029722781222339185, 0.24086046116163892, 0.8337245347229733], [-0.15869081007872823, -0.8186389381620905, 0.2421597014266181], [0.853186725369419, -0.1606559443266089, 0.015996389578888687]]	0.9348678525446269	0.1223309926233271	[[0.012297131958962707, 0.24471634531509537, 0.8898401267196933], [-0.16308813391934385, -0.8280666664643617, 0.25199565172641086], [0.9242393786876538, -0.16676284351424978, 0.0]]	[[-0.01970329566173744, -0.014601169302229211, -0.007772429434791442], [0.007763097801122952, 0.05330428910602988, -0.008720663485997853], [0.005673250979314325, 0.006204110008758278, -0.01722218735462816]]	0.34014640446825867	[[0.0, 0.0, 0.9958], [0.0, -1.0, 0.0], [0.9958, 0.0, 0.0]]
3	[[-0.8305561570912853, 0.32773595720904825, 0.4502950280316503], [-0.5100865793185324, -0.772219296347621, -0.37879947194723407], [0.22358030216652452, -0.5443036842615101, 0.808545204538665]]	0.5465648619000362	0.4534351380999637	[[-0.4539528113008231, 0.17912895819163963, 0.24611543981039186], [-0.2787954007822955, -0.42206793306478063, -0.2070384810726466], [0.12220113697721484, -0.29749726802007315, 0.44192239805861194]]	0.7701600306051382	0.4264366390007982	[[-0.555168247283648, 0.15983774783100915, 0.25417486286655555], [-0.5519364017456956, -0.6036193668036063, -0.29523542912635725], [0.23923389080058458, -0.3465180371679515, 0.5006190893605965]]	[[0.08449290808106215, -0.09257138700351565, -0.09262436970364174], [-0.15908810620646446, -0.008886929894644425, -0.0034992162182652573], [0.06704127844130803, 0.07268290496138252, -0.12209011011253935]]	0.6816072681949685	[[-0.6982346034463304, 0.6982346034463303, 0.0], [-0.7071067811865475, -0.7071067811865476, 0.0], [0.0, 0.0, 0.9874528459120001]]
3	[[0.8787972042104137, -0.3840163418041313, 0.28327887866788265], [-0.395223040501579, -0.9183905790867732, -0.018907472103605397], [0.2674214316928388, -0.09534250611366366, -0.9588511794847616]]	0.7164454248100623	0.2835545751899377	[[0.629610236292425, -0.27512675113786694, 0.20295385656692927], [-0.28315573914687825, -0.6579767285753825, -0.013546171883351965], [0.19159286123249092, -0.0683077022950597, -0.6869645406155893]]	0.8523021201420241	0.27528714988812475	[[0.6310426369916886, -0.27624234446531737, 0.2482016220117593], [-0.3444101364702099, -0.8506656491995453, -0.01611487856042906], [0.2211614200715543, -0.08126062010032943, -0.7388469135787641]]	[[-0.11795808333173037, 0.05105559782352794, 0.006762433131667678], [-0.00756070112173706, -0.06791941152542719, 0.0], [-0.006762433131667678, 0.0, 0.0783839795967789]]	0.46978244832820787	[[0.7011795575882007, -0.7011795575882006, 0.0], [-0.7071067811865475, -0.7071067811865476, 0.0], [0.0, 0.0, -0.9916176400000001]]
3	[[-0.5446221603179724, 0.8109226453022452, -0.2139887049042392], [-0.8354447797583356, -0.5021691245819775, 0.22328947644507607], [0.07361197229480154, 0.30038414347728, 0.9509735242804028]]	0.640400513295874	0.35959948670412595	[[-0.3487763110199372, 0.519315278294806, -0.13703847646019407], [-0.5350192657875966, -0.32158936514363806, 0.14299469532899367], [0.047141144842312556, 0.1923661596687916, 0.6090039330799563]]	0.7968114391772977	0.3045764853701519	[[-0.4655762060379175, 0.6019941465264893, -0.12754842643163367], [-0.6640320098030495, -0.4246417968498757, 0.04883608795798241], [0.09267358521262026, 0.17251273780601206, 0.7466187913482868]]	[[-0.03161503866710493, -0.04415829353825408, 0.042960221490799276], [0.0016599475093503017, -0.024507693981306568, -0.12908352112136398], [0.034018723627720085, -0.06683678386415927, -0.011127791153087773]]	0.38255838784451285	[[-0.7011795575882007, 0.7011795575882006, 0.0], [-0.7071067811865475, -0.7071067811865476, 0.0], [0.0, 0.0, 0.9916176400000001]]
3	[[0.04673222253661188, -0.9725397674033924, -0.22799671093185395], [-0.8377629715199755, -0.16246744520517667, 0.5213036857710898], [-0.5440306084466285, 0.16664552219444034, -0.8223502702654952]]	0.5713515700518975	0.4286484299481026	[[0.026700528718307828, -0.5556621230438353, -0.13026627875758334], [-0.47865718910928107, -0.09282602990029833, 0.2978476793391532], [-0.3108327422922703, 0.09521318074791182, -0.4698511180487929]]	0.7603220782514641	0.36850118553958655	[[-0.0077037679999001196, -0.8332455532457755, -0.13985510695911496], [-0.6458577250736098, -0.1110637721714057, 0.2405247825038014], [-0.2762022068468305, 0.03110152332600611, -0.6252510665389145]]	[[-0.04323530856024665, -0.09380209611143266, 0.033495826131090575], [-0.008888041485419877, 0.012463813415199983, -0.1558339192618218], [0.1374362759997187, -0.09560274644017128, 0.0]]	0.6095636906962827	[[1.971681280623587e-16, -0.9874528459120001, 0.0], [-1.0, -1.7938038903913487e-16, 0.0], [0.0, 0.0, -0.9874528459120001]]
3	[[-0.42203838922340475, -0.825029846081567, 0.3757783270710803], [0.2588054115689476, 0.28760896992378115, 0.9221175843470338], [-0.8688517462515349, 0.4864224845687207, 0.09214016247897017]]	0.4720087848330773	0.5279912151669228	[[-0.1992058272502486, -0.3894213350999811, 0.1773706715274273], [0.12215842782288339, 0.13575396040081703, 0.4352476004608561], [-0.41010565694828427, 0.22959568585676815, 0.043490966126021005]]	0.672023866946861	0.5864896213086841	[[-0.13469783963887366, -0.4055177168232451, 0.37929530816274826], [0.12339647450708618, 0.10106154873640465, 0.659706765192022], [-0.5406507375975353, 0.19114625900201482, -0.03283791731647008]]	[[0.14892203068706322, 0.14892203068706322, 0.12676330368961863], [-0.05052693896225187, -0.09221854340037822, 0.04002174037943004], [0.043238372721954015, -0.13574126004775677, -0.09475830560669968]]	0.6548037118922229	[[0.0, -0.6982346034463303, 0.6982346034463304], [0.0, 0.7071067811865476, 0.7071067811865475], [-0.9874528459120001, 0.0, 0.0]]
3	[[-0.3195682178843842, -0.5708200961323295, -0.7563336379995778], [0.910087742671785, 0.03735879733279218, -0.41272826520656647], [0.2638493031197415, -0.8202248094963509, 0.507557688474819]]	0.48695814675308496	0.513041853246915	[[-0.1556163471421658, -0.27796549614201704, -0.36830282668729303], [0.44317464055415096, 0.018192170714100606, -0.20098139113760538], [0.1284835676692823, -0.3994151531532453, 0.24715935134997746]]	0.6831594426396003	0.5449757453991798	[[-0.2510776038534029, -0.2791451928773792, -0.49647634312653754], [0.5820079050244088, -0.020996906826096187, -0.07813756959697823], [0.30667593307829566, -0.4827773093164631, 0.30598777613041483]]	[[-0.03276155823817668, 0.11081594584386613, 0.02022012345883531], [-0.03972713001237976, -0.046518921989652295, 0.20382164202314884], [0.1264247902181661, 0.07756701437823622, -0.04075505143548635]]	0.9002653575524734	[[0.0, 0.0, -0.9874528459120001], [0.7071067811865475, 0.7071067811865476, 0.0], [0.6982346034463304, -0.6982346034463303, 0.0]]
3	[[0.22433838825039393, -0.7661379269479729, -0.6022499185961573], [-0.9416906372873723, -0.011392912655017143, -0.3362869982418849], [0.2507808429735371, 0.642575192824231, -0.724020780340167]]	0.5285253789642924	0.4714746210357076	[[0.11856853166627802, -0.40492333817909476, -0.3183043664572482], [-0.49770740093943455, -0.006021443478500029, -0.17773621318655655], [0.13254404006957343, 0.33961729730048, -0.3826633573073096]]	0.7244599484578351	0.49326046713305044	[[0.26867660442227725, -0.40693137615482766, -0.41735974088578937], [-0.6829469428886832, 0.010045057734983896, -0.038174684291302725], [0.3152748346960038, 0.35946848916766766, -0.480525168953647]]	[[0.10615242723328303, 0.14810486691349353, 0.018946204099118107], [-0.0007297923362474239, 0.01829876664982218, 0.20545177712205331], [0.13359415812118272, -0.10605150190605817, 0.04399888825399182]]	0.7508977621463622	[[-1.971681280623587e-16, -0.9874528459120001, 0.0], [-1.0, 1.7938038903913487e-16, 0.0], [0.0, 0.0, -0.9874528459120001]]
3	[[0.3802729664721569, 0.7767473726770865, -0.5020517802076895], [0.4287143634067757, 0.332951791095048, 0.839849450446521], [0.8195098935212374, -0.5346088512602871, -0.20639019011321075]]	0.5601101902408117	0.4398898097591885	[[0.21299476359415764, 0.4350641186792136, -0.2812043181228671], [0.24012728364673758, 0.18648969105126625, 0.470408235463242], [0.4590158423644075, -0.2994398653838213, -0.11560124864814775]]	0.7261302142749086	0.43703727588319946	[[0.2331400083933188, 0.49201717186707106, -0.32235892035458025], [0.33320174843849276, 0.22273796538248214, 0.4897367114358663], [0.6184541925629993, -0.3210220740093267, -0.05047007544972215]]	[[-0.04298768223406368, -0.0720025642924141, 0.04219604638472866], [0.021899295875199714, -0.01902839002857963, -0.12010334997553031], [0.023383297980015566, 0.06717356570956831, 0.09939607752142271]]	0.6708084964055862	[[0.0, 0.6982346034463303, -0.6982346034463304], [0.0, 0.7071067811865476, 0.7071067811865475], [0.9874528459120001, 0.0, 0.0]]
3	[[0.8592155572171323, 0.2624339665249735, -0.4391776855101157], [-0.4266000482917053, 0.8413623931712975, -0.33184593135155627], [0.2824199444684594, 0.4724804086637203, 0.8348660002631537]]	0.6273696989363523	0.3726303010636477	[[0.5390458054527425, 0.16464311856944544, -0.27552677233804534], [-0.26763594386300055, 0.5278452713002459, -0.20819008204527933], [0.17718171553479875, 0.29641989173668293, 0.5237696312372915]]	0.8190052903299315	0.32770440025359543	[[0.6018607630135014, 0.22194518321755066, -0.2969329748752702], [-0.32595739522419526, 0.7522954076381807, -0.27205439111780777], [0.2547731592090084, 0.37042368152077465, 0.5825187709617773]]	[[-0.10184132388111002, 0.007010376271329232, 0.06275587295236948], [0.02343030118171561, 0.06321515654623629, -0.00027081776641987854], [0.023469730594654636, -0.016540272752060443, -0.1012408999703355]]	0.6253049990097174	[[0.9874528459120001, 0.0, 0.0], [0.0, 0.7071067811865476, -0.7071067811865475], [0.0, 0.6982346034463303, 0.6982346034463304]]
