3	[[0.08740825448676931, -0.06334395238859675, -0.994156597696443], [0.7119981850616444, -0.6940087028176986, 0.10681996481098455], [-0.6967197295301035, -0.717174639895393, -0.015561310176609944]]	0.8340801772418037	0.1659198227581964	[[0.07290549239472122, -0.05283393503547715, -0.8292063112127578], [0.5938635723920589, -0.5788589018535402, 0.08909641518250921], [-0.5811201154943302, -0.5981811507572761, -0.012979380350221514]]	0.9237442040902069	0.11906355657202639	[[0.07152184286692057, -0.025720502275356768, -0.9018922641938487], [0.6296930351128313, -0.6333365174988645, 0.06549524876119744], [-0.6559212774855885, -0.6582664370038578, 0.021955160747585044]]	[[-0.009221025604874405, 0.032793106607775485, 0.016454130886280033], [-0.02801116166060933, 0.007749999317147184, -0.03317907461406938], [-0.012330465456858827, 0.0042194799199927885, 0.03632983083127843]]	0.1167184591309582	[[0.0, 0.0, -0.9838873225359998], [0.7071067811865475, -0.7071067811865476, 0.0], [-0.6957133976886813, -0.6957133976886812, 0.0]]
3	[[0.034229894132735264, 0.2773841392786001, 0.9601491309293217], [-0.1827544195208179, -0.9427759796974285, 0.2788803941677556], [0.9825625356654255, -0.18501754344446375, 0.018422055382213542]]	0.8681402400051812	0.1318597599948188	[[0.029716348507744735, 0.24080833324695444, 0.8335440969657475], [-0.1586564656248104, -0.8184617652856456, 0.2421072923255349], [0.8530020755326819, -0.1606211745710458, 0.015992927580903607]]	0.9339686953434281	0.12246785210050246	[[0.012055333071806616, 0.24417760392951443, 0.8881986395369972], [-0.16319876197799585, -0.8280282948653912, 0.25197766090240364], [0.9224963848716218, -0.1663690044411125, 0.0]]	[[-0.0199143164930878, -0.01489049874147953, -0.00855059161218769], [0.007488144790107967, 0.05249495689373844, -0.008487896995316041], [0.00481373534285372, 0.006431589225359359, -0.017205623030870358]]	0.3406486477816112	[[0.0, 0.0, 0.9945999999999999], [0.0, -1.0, 0.0], [0.9945999999999999, 0.0, 0.0]]
3	[[0.8489524140446696, -0.5135124485683378, 0.12483895166604869], [0.522794976890395, 0.7815435453534784, -0.34040431673891397], [0.0772347773085365, 0.35425224329800037, 0.9319550081910795]]	0.769345810124818	0.23065418987518208	[[0.6531379827406162, -0.39506865075298664, 0.09604432440464919], [0.4022101250249264, 0.6012772520477941, -0.26188863483148483], [0.059420252318245916, 0.2725424791086342, 0.7169956807766473]]	0.8919650285221129	0.19356798252394877	[[0.7713232401333221, -0.44288086648532865, 0.05842825597555809], [0.4650885952004046, 0.6252294714722029, -0.2759328781204469], [0.03924303101807695, 0.29067208561106, 0.8193289265165249]]	[[0.014087375926051738, 0.015154279348388833, -0.05292372310791971], [-0.0012262412728539784, -0.07188003925028566, 0.027695867968628815], [-0.029647689326830852, -0.025308526686263315, -0.011942348945957174]]	0.4286566854910936	[[0.7032884045681401, -0.70328840456814, 0.0], [0.7071067811865475, 0.7071067811865476, 0.0], [0.0, 0.0, 0.9945999999999999]]
3	[[-0.30792515101507295, 0.09349718223056193, 0.9468053539599837], [0.3027085282091916, -0.9338174967034747, 0.1906631317268273], [0.9019698710720718, 0.34531602882779927, 0.2592434992682147]]	0.7412954614486433	0.2587045385513568	[[-0.22826351691336172, 0.06930903684575232, 0.701862511765812], [0.22439645810327233, -0.6922346721276195, 0.14133771421468191], [0.6686261717891447, 0.25598120493551646, 0.19217602941759224]]	0.8622693664651857	0.24580657564117603	[[-0.2660256973504435, 0.0834960971224924, 0.7601394931052251], [0.24308781435819415, -0.8495978577857751, 0.1200150771853546], [0.6953067323126049, 0.27460144334748415, 0.18252960022795112]]	[[-0.0005112724659799328, 0.0028763410342657284, -0.05626175961969584], [-0.01792847648435427, -0.044395636509164414, -0.044387900617005024], [-0.08243425698739561, -0.023153990060136145, -0.041008127646270216]]	0.4670610787878247	[[0.0, 0.0, 0.9945999999999999], [0.0, -1.0, 0.0], [0.9945999999999999, 0.0, 0.0]]
3	[[0.8787972042104137, -0.3840163418041313, 0.28327887866788265], [-0.395223040501579, -0.9183905790867732, -0.018907472103605397], [0.2674214316928388, -0.09534250611366366, -0.9588511794847616]]	0.7139975912349505	0.2860024087650497	[[0.6274590869902443, -0.2741867430430072, 0.20226043701660604], [-0.2821882989186807, -0.6557286612808273, -0.013499889538316275], [0.19093825807328874, -0.06807431970745939, -0.6846174325049111]]	0.8514487662484629	0.27673867020159487	[[0.6297519445615052, -0.27557698912912393, 0.24796107767156045], [-0.34454190728543593, -0.8506177511792163, -0.016098743795492042], [0.22093202215772137, -0.08117925920151545, -0.7373031763059017]]	[[-0.11849885074605007, 0.05139325131925164, 0.006763625925543781], [-0.008029737057400241, -0.0686552256815721, 0.0], [-0.006763625925543781, 0.0, 0.07910947748228193]]	0.4702135070217586	[[0.6994906471834721, -0.699490647183472, 0.0], [-0.7071067811865475, -0.7071067811865476, 0.0], [0.0, 0.0, -0.9892291599999998]]
3	[[0.3802729664721569, 0.7767473726770865, -0.5020517802076895], [0.4287143634067757, 0.332951791095048, 0.839849450446521], [0.8195098935212374, -0.5346088512602871, -0.20639019011321075]]	0.5592444377870923	0.44075556221290796	[[0.21266554134035115, 0.4343916477353983, -0.2807696655622581], [0.23975612313467337, 0.18620143722115542, 0.4696811337407631], [0.45830634966324435, -0.29897702645906254, -0.11542256583463364]]	0.7249953847111199	0.43762786024807104	[[0.2319969166926188, 0.49076323488978074, -0.32131630029554636], [0.3334571081025782, 0.2222333009565116, 0.4895511007319083], [0.6165411775498482, -0.31953181388332846, -0.05111254889971903]]	[[-0.043699228930101384, -0.07237502538759519, 0.04266892324103001], [0.022641173273299967, -0.019155210918699057, -0.11933587469398985], [0.02240028702184968, 0.06805713590609322, 0.09851938638200941]]	0.6714773608592388	[[0.0, 0.6957133976886812, -0.6957133976886813], [0.0, 0.7071067811865476, 0.7071067811865475], [0.9838873225359998, 0.0, 0.0]]
3	[[-0.5446221603179724, 0.8109226453022452, -0.2139887049042392], [-0.8354447797583356, -0.5021691245819775, 0.22328947644507607], [0.07361197229480154, 0.30038414347728, 0.9509735242804028]]	0.6385948856871498	0.3614051143128502	[[-0.34779292621094415, 0.5178510539779084, -0.1366520925466639], [-0.5335107636277004, -0.32068263470804403, 0.14259151768558692], [0.04700822903280444, 0.19182377776610607, 0.6072868290293498]]	0.7959809322076304	0.3048643516946473	[[-0.4659952780736128, 0.6009799477288351, -0.12665738888195394], [-0.6645547056102244, -0.4256081638655078, 0.048338302196240274], [0.09246946936479357, 0.1707493457490547, 0.7464420691849526]]	[[-0.03248642320277961, -0.044499015427123534, 0.043673539929625936], [0.0004434089898142021, -0.025891115954855715, -0.1293958634166651], [0.03387574303593517, -0.06835070479638122, -0.010514723176538012]]	0.38320390911544816	[[-0.6994906471834721, 0.699490647183472, 0.0], [-0.7071067811865475, -0.7071067811865476, 0.0], [0.0, 0.0, 0.9892291599999998]]
3	[[-0.8305561570912853, 0.32773595720904825, 0.4502950280316503], [-0.5100865793185324, -0.772219296347621, -0.37879947194723407], [0.22358030216652452, -0.5443036842615101, 0.808545204538665]]	0.5450670359066558	0.45493296409334405	[[-0.4527087826997697, 0.17863806675596652, 0.24544097621271616], [-0.2780313798449177, -0.4209112829301212, -0.2064711053772853], [0.12186625258902199, -0.2966819958134936, 0.44071133803443086]]	0.7689687638534618	0.4280808553636608	[[-0.5534482737518824, 0.1590646113314035, 0.25386772920947814], [-0.5520376282706758, -0.603285318400524, -0.29491021704649006], [0.2387854799211729, -0.34596835553631333, 0.4991474386682965]]	[[0.0852234676774848, -0.0929541025539693, -0.0923950818653799], [-0.1597969819138631, -0.009472800664303806, -0.003625255354881413], [0.06685921134219712, 0.072584175711145, -0.12259856778544514]]	0.6814146104896515	[[-0.6957133976886813, 0.6957133976886812, 0.0], [-0.7071067811865475, -0.7071067811865476, 0.0], [0.0, 0.0, 0.9838873225359998]]
3	[[-0.42203838922340475, -0.825029846081567, 0.3757783270710803], [0.2588054115689476, 0.28760896992378115, 0.9221175843470338], [-0.8688517462515349, 0.4864224845687207, 0.09214016247897017]]	0.470953077507745	0.5290469224922552	[[-0.19876027823117395, -0.3885503450478552, 0.17697395959483725], [0.12188520505405447, 0.13545032950443725, 0.43427411417224315], [-0.4091884037951386, 0.22908216607660264, 0.043393693081534665]]	0.6708925385294432	0.5872398063396987	[[-0.13392406302732596, -0.404288024524577, 0.37766717683805273], [0.12389063624743646, 0.10077514184983162, 0.6591012735939352], [-0.5389737470867944, 0.19081864489525238, -0.03277586030088905]]	[[0.14921834327564126, 0.14921834327564126, 0.12556030106498833], [-0.04973998330521209, -0.09217957008617217, 0.040459466608715806], [0.04393240656163757, -0.13551857057485553, -0.09459200780692069]]	0.6552947920714454	[[0.0, -0.6957133976886812, 0.6957133976886813], [0.0, 0.7071067811865476, 0.7071067811865475], [-0.9838873225359998, 0.0, 0.0]]
3	[[0.04673222253661188, -0.9725397674033924, -0.22799671093185395], [-0.8377629715199755, -0.16246744520517667, 0.5213036857710898], [-0.5440306084466285, 0.16664552219444034, -0.8223502702654952]]	0.5702240399561552	0.4297759600438448	[[0.026647836730956862, -0.554565555186782, -0.13000920560427745], [-0.4777125861457938, -0.09264284296625111, 0.2972598937444248], [-0.3102193314082418, 0.09502528290631687, -0.46892389336982676]]	0.7598189161900984	0.36935982278013185	[[-0.008168725048324168, -0.8329891928275959, -0.1379869284803857], [-0.6467085495202856, -0.11214865819312242, 0.23921841864243412], [-0.27630290648863487, 0.031172098965851432, -0.6248372910817631]]	[[-0.04367675172724697, -0.09403508080737974, 0.03524928531476273], [-0.010160396475781562, 0.011297179938849027, -0.156877982886059], [0.1370618407955222, -0.09544832109586122, 0.0]]	0.610569804858322	[[1.9645618766690693e-16, -0.9838873225359998, 0.0], [-1.0, -1.7938038903913487e-16, 0.0], [0.0, 0.0, -0.9838873225359998]]
3	[[0.8592155572171323, 0.2624339665249735, -0.4391776855101157], [-0.4266000482917053, 0.8413623931712975, -0.33184593135155627], [0.2824199444684594, 0.4724804086637203, 0.8348660002631537]]	0.6251649615103771	0.37483503848962285	[[0.5371514607567658, 0.16406452058160065, -0.2745585008581481], [-0.26669540277060905, 0.5259902881432131, -0.20745844890077092], [0.17655905371338732, 0.29537819649666197, 0.521928970920837]]	0.8178110373281356	0.32965473442767707	[[0.5999456713209095, 0.22127714744819302, -0.2964810702133795], [-0.32577458980909985, 0.7523339900464929, -0.2721440503594869], [0.2543838490709939, 0.36939076327246456, 0.5806922240167636]]	[[-0.10273029481530543, 0.006655753054267192, 0.0626832883450179], [0.023103638208572447, 0.06425853851819141, -0.0007567850077493388], [0.023417701323088576, -0.017008929854034, -0.10207040568843778]]	0.6262898875306547	[[0.9838873225359998, 0.0, 0.0], [0.0, 0.7071067811865476, -0.7071067811865475], [0.0, 0.6957133976886812, 0.6957133976886813]]
3	[[0.22433838825039393, -0.7661379269479729, -0.6022499185961573], [-0.9416906372873723, -0.011392912655017143, -0.3362869982418849], [0.2507808429735371, 0.642575192824231, -0.724020780340167]]	0.5271209971547445	0.4728790028452555	[[0.11825347491463584, -0.40384738801088427, -0.31745857762677016], [-0.49638490773820654, -0.0060054434792095115, -0.1772639378434382], [0.1321918480155183, 0.33871487638841086, -0.3816465556936651]]	0.7232875965420817	0.5029777847847208	[[0.2695675844591149, -0.4067008485027456, -0.41422894794685744], [-0.6827158629421617, 0.03376138040574979, -0.038201530628787894], [0.33905883287272487, 0.3570674164147896, -0.48077339627473076]]	[[0.10730641080936314, 0.14743721129918655, 0.021370948192221594], [-0.0016027052123967454, 0.0420017328176109, 0.2050306840779363], [0.157672159699598, -0.10769925040061307, 0.04290185378403118]]	0.7501201036386831	[[1.9645618766690693e-16, -0.9838873225359998, 0.0], [-1.0, -1.7938038903913487e-16, 0.0], [0.0, 0.0, -0.9838873225359998]]
3	[[0.5319609947059123, -0.8460851799387872, 0.03402011756955908], [-0.703274286200726, -0.4190807785627857, 0.5742617690636116], [-0.47161719485230363, -0.3294103357928521, -0.8179645788128509]]	0.5294498610321935	0.4705501389678066	[[0.28164667472159266, -0.44795968093998934, 0.018011946519501963], [-0.3723484730964895, -0.22188225997133032, 0.30404281382683074], [-0.24969765827494508, -0.17440625650809377, -0.4330712325817205]]	0.7302007538595792	0.47450258048837873	[[0.5203215358891309, -0.6294694676854115, 0.1117960912565738], [-0.42801511421855293, -0.24473558179472055, 0.2790916669679945], [-0.291419119802395, -0.06853031717556061, -0.530254821322526]]	[[0.13188321653098214, -0.011657431464691392, 0.08695457576089026], [0.0855162997352745, 0.06127751863988486, -0.14023470971499025], [0.052956111411897135, 0.1720053583495171, 0.06702353075705073]]	0.6470688520118739	[[0.6994906471834721, -0.699490647183472, 0.0], [-0.7071067811865475, -0.7071067811865476, 0.0], [0.0, 0.0, -0.9892291599999998]]
3	[[-0.3195682178843842, -0.5708200961323295, -0.7563336379995778], [0.910087742671785, 0.03735879733279218, -0.41272826520656647], [0.2638493031197415, -0.8202248094963509, 0.507557688474819]]	0.4856361982831279	0.5143638017168721	[[-0.15519389442548662, -0.27721090138931415, -0.36730299259176236], [0.44197155145519934, 0.01814278430912707, -0.20043578563890752], [0.12813477248672386, -0.39833085822131065, 0.24648838624028324]]	0.6822150033327564	0.5453822037635789	[[-0.2518473687940008, -0.2787089670636308, -0.4947682075316958], [0.5828661094594332, -0.022580361939896362, -0.07743740243576548], [0.3047514605853694, -0.4799178715646153, 0.3068378843194165]]	[[-0.033833135964962645, 0.11071306672169076, 0.02121394783686196], [-0.03800940294049937, -0.048067093986794956, 0.20413201238765505], [0.12474950737818954, 0.07965179957954734, -0.03942558581499829]]	0.9008044469844686	[[0.0, 0.0, -0.9838873225359998], [0.7071067811865475, 0.7071067811865476, 0.0], [0.6957133976886813, -0.6957133976886812, 0.0]]
