3	[[0.8787972042104137, -0.3840163418041313, 0.28327887866788265], [-0.395223040501579, -0.9183905790867732, -0.018907472103605397], [0.2674214316928388, -0.09534250611366366, -0.9588511794847616]]	0.590896787608584	0.409103212391416	[[0.5192784449273382, -0.22691402276126119, 0.16738857940221366], [-0.23353602502128032, -0.5426740429523617, -0.01117236452781932], [0.15801846492498678, -0.056337580585115635, -0.5665820817522476]]	0.801419211148212	0.3537401849117473	[[0.5626531082075378, -0.23977884693077064, 0.22951009051076393], [-0.3454855146594336, -0.8475252704209361, -0.02262104540951285], [0.20590870595446878, -0.07640931603850591, -0.6539243681379393]]	[[-0.14163185395002625, 0.06797922678591846, 0.0024849550337993666], [-0.028746177313060284, -0.11150941700326471, -0.007468234031434585], [-0.008407966876931525, 0.0, 0.114517387733271]]	0.505218691669759	[[0.6073751962600621, -0.607375196260062, 0.0], [-0.7071067811865475, -0.7071067811865476, 0.0], [0.0, 0.0, -0.8589582400000001]]
3	[[-0.30792515101507295, 0.09349718223056193, 0.9468053539599837], [0.3027085282091916, -0.9338174967034747, 0.1906631317268273], [0.9019698710720718, 0.34531602882779927, 0.2592434992682147]]	0.6162972127292141	0.383702787270786	[[-0.18977341229981182, 0.05762205280673072, 0.5835135006426349], [0.18655842220468746, -0.5755091204161237, 0.11750515665346668], [0.5558815175074464, 0.21281730607729363, 0.1597710460171688]]	0.8054730947171711	0.2926927228486028	[[-0.17925226532950217, 0.07509133116598299, 0.7379991927555832], [0.26101146929248475, -0.836630578549917, 0.1333972036493516], [0.67869383478407, 0.249370978487801, 0.1041609341635192]]	[[0.06877315899986085, -0.00021813355260303334, -0.024627045793351503], [0.017187894278547115, -0.08446570957912755, -0.020176819111123654], [-0.04781862860999943, -0.028771791907570343, -0.10465272947735837]]	0.48074184746109433	[[0.0, 0.0, 0.9268000000000001], [0.0, -1.0, 0.0], [0.9268000000000001, 0.0, 0.0]]
3	[[-0.3195682178843842, -0.5708200961323295, -0.7563336379995778], [0.910087742671785, 0.03735879733279218, -0.41272826520656647], [0.2638493031197415, -0.8202248094963509, 0.507557688474819]]	0.4153627576713634	0.5846372423286367	[[-0.1327367362445809, -0.23709740926375714, -0.3141528255991193], [0.3780165545190587, 0.015517453083434177, -0.1714319504051173], [0.10959317415348327, -0.340690838782873, 0.21082056116220363]]	0.6220045558087048	0.589420474121004	[[-0.2487235573179498, -0.24872355731794976, -0.4020870950524057], [0.6090790901931233, -0.06263213260983594, -0.057423291895828905], [0.22873647584471846, -0.36235664054387673, 0.3060345504519822]]	[[-0.04995066990219397, 0.10632914302352206, 0.06835587349470335], [0.04300036806561284, -0.08586947475036685, 0.19929556937367884], [0.06462100725728734, 0.14782692775018058, -0.00966864411509048]]	0.9382408165634107	[[0.0, 0.0, -0.7960824968320002], [0.7071067811865475, 0.7071067811865476, 0.0], [0.5629153318938256, -0.5629153318938255, 0.0]]
3	[[-0.8305561570912853, 0.32773595720904825, 0.4502950280316503], [-0.5100865793185324, -0.772219296347621, -0.37879947194723407], [0.22358030216652452, -0.5443036842615101, 0.808545204538665]]	0.4652819744423508	0.5347180255576491	[[-0.38644280865668446, 0.15248963326597978, 0.20951415972413995], [-0.2373340907618715, -0.3592997189071039, -0.17624856622532895], [0.104027884438458, -0.2532546929094413, 0.3762015091936444]]	0.6955065140814485	0.517044410660775	[[-0.45087095840773606, 0.11258173657565329, 0.24741606609239308], [-0.5449114343359525, -0.5966010081821634, -0.2736060092466638], [0.2069580494024248, -0.31202780398817415, 0.4072827605557485]]	[[0.1267862591597076, -0.11536075656195861, -0.06576705916210812], [-0.1901428956743898, -0.059517457273000424, -0.010148508976749614], [0.05145649282530841, 0.06653895405423808, -0.15506569613021012]]	0.6846720640114047	[[-0.6073751962600621, 0.607375196260062, 0.0], [-0.7071067811865475, -0.7071067811865476, 0.0], [0.0, 0.0, 0.8589582400000001]]
3	[[0.034229894132735264, 0.2773841392786001, 0.9601491309293217], [-0.1827544195208179, -0.9427759796974285, 0.2788803941677556], [0.9825625356654255, -0.18501754344446375, 0.018422055382213542]]	0.7798092735923794	0.22019072640762077	[[0.026692788878792336, 0.2163067241568926, 0.748733196330349], [-0.14251359113232598, -0.7351854518881957, 0.21747351759511394], [0.7662113771963417, -0.1442783961552738, 0.014365689625682526]]	0.8787373372766558	0.1864888867735374	[[0.009192090504093581, 0.21557750724289643, 0.7948717487632635], [-0.16773102552691788, -0.8242348698108087, 0.2566035355681007], [0.8247902143237373, -0.14715543047476465, 0.0]]	[[-0.02088699552136803, -0.028170292709557686, -0.048847141938064], [-0.007137893541653482, 0.004217584236900419, 0.011540920578462871], [-0.03862417197469805, 0.01542639300109141, -0.016188147893729417]]	0.37073856333730376	[[0.0, 0.0, 0.9268000000000001], [0.0, -1.0, 0.0], [0.9268000000000001, 0.0, 0.0]]
3	[[-0.42203838922340475, -0.825029846081567, 0.3757783270710803], [0.2588054115689476, 0.28760896992378115, 0.9221175843470338], [-0.8688517462515349, 0.4864224845687207, 0.09214016247897017]]	0.4109011047122569	0.5890988952877434	[[-0.17341604036287847, -0.33900567517549907, 0.1544077297204306], [0.10634342951919085, 0.11817884346683594, 0.3788991340827939], [-0.3570121423659293, 0.19987153626616808, 0.03786049455097568]]	0.6054729291510215	0.6357795861555383	[[-0.09449856172880684, -0.3384989795355559, 0.2938734041727662], [0.1528149322606364, 0.08466217349628119, 0.6243865464438207], [-0.4498907369683684, 0.17124146183635652, -0.02881911074026756]]	[[0.16103425800846694, 0.16103425800846694, 0.06634979976956865], [-0.0038847383621499337, -0.0894772719735786, 0.06606931162755801], [0.07617547483252844, -0.12327418470038443, -0.08460748480886068]]	0.6975862271680293	[[0.0, -0.5629153318938255, 0.5629153318938256], [0.0, 0.7071067811865476, 0.7071067811865475], [-0.7960824968320002, 0.0, 0.0]]
3	[[0.8489524140446696, -0.5135124485683378, 0.12483895166604869], [0.522794976890395, 0.7815435453534784, -0.34040431673891397], [0.0772347773085365, 0.35425224329800037, 0.9319550081910795]]	0.688793156767102	0.31120684323289816	[[0.5847526132148796, -0.3537038604885895, 0.08598821560555334], [0.36009760247431927, 0.5383218457549751, -0.23446816390374503], [0.05319878607455098, 0.24400652095305708, 0.641924232056844]]	0.8330151927332726	0.25142912728916506	[[0.6691018655921444, -0.4142048630383695, 0.05169198665011686], [0.47711326919572494, 0.6226048218848025, -0.2649953695807047], [0.03071877645482722, 0.23193138566001567, 0.7352947574648241]]	[[-0.03808839321465324, 0.013558808276719084, -0.052300756732596404], [0.04161711076138578, -0.028432825177270464, 0.01856659793479972], [-0.03361896645055471, -0.0631661150670623, -0.04103792330220668]]	0.45196704924965253	[[0.6553465648036924, -0.6553465648036922, 0.0], [0.7071067811865475, 0.7071067811865476, 0.0], [0.0, 0.0, 0.9268000000000001]]
3	[[0.8592155572171323, 0.2624339665249735, -0.4391776855101157], [-0.4266000482917053, 0.8413623931712975, -0.33184593135155627], [0.2824199444684594, 0.4724804086637203, 0.8348660002631537]]	0.5132156301438077	0.4867843698561923	[[0.4409628536265534, 0.1346852135012532, -0.22539285261417305], [-0.21893781260340628, 0.43180033079070956, -0.1703085187692477], [0.14494232976555957, 0.242484330662955, 0.4284662804106948]]	0.7503101299673697	0.4419238628543339	[[0.475035996885132, 0.19363001565453364, -0.2885583034481326], [-0.3548815116886818, 0.749468889976273, -0.24995409192698603], [0.24042881554457118, 0.3151789400414601, 0.4728182718157665]]	[[-0.1696421395204406, -0.00327684787667158, 0.04096116284573091], [-0.034799174010846215, 0.11818616340625951, -0.0009667280454570015], [0.028526270305064053, -0.039327896790051844, -0.15359014534701848]]	0.6889993117576585	[[0.6553465648036924, 0.6553465648036922, 0.0], [-0.7071067811865475, 0.7071067811865476, 0.0], [0.0, 0.0, 0.9268000000000001]]
3	[[0.08740825448676931, -0.06334395238859675, -0.994156597696443], [0.7119981850616444, -0.6940087028176986, 0.10681996481098455], [-0.6967197295301035, -0.717174639895393, -0.015561310176609944]]	0.653043972674258	0.34695602732574216	[[0.05708143375456235, -0.04136638631273828, -0.6492279740200092], [0.4649661233095177, -0.45321820035857846, 0.0697581341810898], [-0.45498862001287327, -0.46834657593851786, -0.010162219817749722]]	0.8330981274826533	0.2682939629445857	[[0.03813395562199929, -0.02977007630808148, -0.7456173718503116], [0.6358392239325699, -0.6393631020550793, 0.07126755725397764], [-0.5482817226397323, -0.533145255585744, 0.026964778613782568]]	[[-0.034685697517455455, 0.023001651814208806, 0.08261262811512064], [0.04267486918666621, -0.06118575128098953, -0.017723955407816492], [0.03215417941201757, 0.06433159398915406, 0.03992887698309307]]	0.24664535433549617	[[0.0, 0.0, -0.7960824968320002], [0.7071067811865475, -0.7071067811865476, 0.0], [-0.5629153318938256, -0.5629153318938255, 0.0]]
3	[[0.22433838825039393, -0.7661379269479729, -0.6022499185961573], [-0.9416906372873723, -0.011392912655017143, -0.3362869982418849], [0.2507808429735371, 0.642575192824231, -0.724020780340167]]	0.4362443623070033	0.5637556376929967	[[0.09786635712327404, -0.3342233513806279, -0.26272813168742526], [-0.4108072315539054, -0.004970093916007356, -0.1467033071001674], [0.10940172892180344, 0.28031980522790634, -0.31584998361651506]]	0.6536033496437268	0.5598767745482801	[[0.2734145180746876, -0.39055313321890944, -0.27285226586941935], [-0.6813938216045917, -0.04953720867476882, -0.040308190303177005], [0.24771443056026612, 0.24771443056026607, -0.47171648997581617]]	[[0.12678619606055525, 0.1101971821233867, 0.1207802982476909], [-0.06590166674542933, -0.04209076280125115, 0.17949011818935304], [0.08380323156628483, -0.17227486786761498, 0.0015059172661818915]]	0.7314134561368308	[[1.5895654798443128e-16, -0.7960824968320002, 0.0], [-1.0, -1.7938038903913487e-16, 0.0], [0.0, 0.0, -0.7960824968320002]]
3	[[0.3802729664721569, 0.7767473726770865, -0.5020517802076895], [0.4287143634067757, 0.332951791095048, 0.839849450446521], [0.8195098935212374, -0.5346088512602871, -0.20639019011321075]]	0.5064597734738088	0.49354022652619145	[[0.19259296045770183, 0.39339129841241327, -0.2542690308761088], [0.2171265793759637, 0.16862668869569689, 0.4253499624252478], [0.41504879503231107, -0.27075787770637816, -0.10452832893195306]]	0.6566727146109487	0.5121240246450869	[[0.12496727605252653, 0.41015567537331565, -0.25175870849932813], [0.3033529904048513, 0.15862615092290744, 0.464679936458313], [0.5760983738428231, -0.2860500364908317, -0.08512226164760668]]	[[-0.12474760513390303, -0.09991313040946886, 0.07792499688491471], [0.02182796559381918, -0.06001420557005515, -0.08682628203091736], [0.03794858741370266, 0.06501300912130188, 0.0504085447631052]]	0.7204055770573934	[[0.0, 0.5629153318938255, -0.5629153318938256], [0.0, 0.7071067811865476, 0.7071067811865475], [0.7960824968320002, 0.0, 0.0]]
3	[[-0.5446221603179724, 0.8109226453022452, -0.2139887049042392], [-0.8354447797583356, -0.5021691245819775, 0.22328947644507607], [0.07361197229480154, 0.30038414347728, 0.9509735242804028]]	0.5431797461549317	0.4568202538450683	[[-0.29582772679186675, 0.4404767566265593, -0.11623433040990722], [-0.45379668339559553, -0.27276809761728277, 0.12128632113450401], [0.03998453242505416, 0.1631625828029555, 0.51654955751869]]	0.7441611352563244	0.36665750516869355	[[-0.4709733491765895, 0.544874553979861, -0.0873118991459568], [-0.679286163810902, -0.45875460208601876, 0.040549271496774994], [0.10432664661256905, 0.08662272747982133, 0.7076775374272124]]	[[-0.06568670406861525, -0.058582562353319566, 0.07193017842761246], [-0.05758062806196928, -0.08505985624641979, -0.1256140787853831], [0.049547477741212445, -0.13691147774322998, 0.0]]	0.429924120193526	[[-0.6073751962600621, 0.607375196260062, 0.0], [-0.7071067811865475, -0.7071067811865476, 0.0], [0.0, 0.0, 0.8589582400000001]]
3	[[0.5319609947059123, -0.8460851799387872, 0.03402011756955908], [-0.703274286200726, -0.4190807785627857, 0.5742617690636116], [-0.47161719485230363, -0.3294103357928521, -0.8179645788128509]]	0.4678148987165564	0.5321851012834437	[[0.24885927885950496, -0.39581125275864315, 0.015915117855128627], [-0.3290021889689511, -0.19605223197740518, 0.26864821133128397], [-0.22062955024281689, -0.15410306287511996, -0.3826560165910646]]	0.6714670190808206	0.5428257633386442	[[0.4069980152095849, -0.5468274860529342, 0.0968446598540608], [-0.4053753522152782, -0.23149791768013758, 0.30173142897126926], [-0.2809009788329513, -0.04157612237341667, -0.45085374584807614]]	[[0.04980375182713774, 0.021290807609022987, 0.07400127292084989], [0.06685013633611517, 0.049901003455485565, -0.0838664092739525], [0.03577441314178359, 0.17961205385582185, 0.09838249160108786]]	0.6946181044690121	[[0.6073751962600621, -0.607375196260062, 0.0], [-0.7071067811865475, -0.7071067811865476, 0.0], [0.0, 0.0, -0.8589582400000001]]
3	[[0.04673222253661188, -0.9725397674033924, -0.22799671093185395], [-0.8377629715199755, -0.16246744520517667, 0.5213036857710898], [-0.5440306084466285, 0.16664552219444034, -0.8223502702654952]]	0.5113846525675309	0.48861534743246904	[[0.02389814138559381, -0.4973419110616912, -0.11659401880642588], [-0.42841912612468486, -0.0830833580197836, 0.266586704230222], [-0.27820890368658163, 0.08521996246933862, -0.4205373072485354]]	0.7066552577362389	0.45716296841956167	[[-1.065929411175627e-16, -0.7192723627802673, -0.09981832410739948], [-0.6705791140356342, -0.1253869096539933, 0.23293574232988343], [-0.26224620140712196, 0.0, -0.5338362954248782]]	[[-0.03302357076119673, -0.03202202278708094, 0.06129675041916456], [-0.0785695054743085, -0.01057843528878101, -0.13544624809753736], [0.12219588842113321, -0.11776093443690236, 0.04728184675905109]]	0.6746676518329882	[[1.5895654798443128e-16, -0.7960824968320002, 0.0], [-1.0, -1.7938038903913487e-16, 0.0], [0.0, 0.0, -0.7960824968320002]]
