3	[[0.034229894132735264, 0.2773841392786001, 0.9601491309293217], [-0.1827544195208179, -0.9427759796974285, 0.2788803941677556], [0.9825625356654255, -0.18501754344446375, 0.018422055382213542]]	0.8438686423710829	0.15613135762891728	[[0.028885534290297197, 0.2340757770283037, 0.8102397435911017], [-0.15422072388834798, -0.7955790860473366, 0.2353384196102564], [0.8291537130166712, -0.15613050320131244, 0.015545794865073445]]	0.9097749472965792	0.1370187040777467	[[0.009076140513359605, 0.2316785171998437, 0.8450822448937838], [-0.16551573230908145, -0.826196320161302, 0.25408346874785454], [0.877530028719198, -0.15710209791421592, 0.0]]	[[-0.022065359617217097, -0.020678623493251704, -0.02843738009429608], [0.0007496600786875505, 0.031517647080406976, 0.00036507284183543744], [-0.016380750381407665, 0.011222227921913585, -0.016759924464447986]]	0.3539864202643845	[[0.0, 0.0, 0.9636], [0.0, -1.0, 0.0], [0.9636, 0.0, 0.0]]
3	[[-0.30792515101507295, 0.09349718223056193, 0.9468053539599837], [0.3027085282091916, -0.9338174967034747, 0.1906631317268273], [0.9019698710720718, 0.34531602882779927, 0.2592434992682147]]	0.6855267313378707	0.3144732686621296	[[-0.2110909222720831, 0.06409481772381836, 0.6490603795133831], [0.2075147878913447, -0.6401568561812457, 0.13070467347933376], [0.6183244574812781, 0.23672336852089512, 0.1777183486739309]]	0.8366942033515776	0.27481959411278095	[[-0.2427335830070329, 0.07489502748140398, 0.7323230279586204], [0.2457022722673937, -0.8491922671256702, 0.1183798017485521], [0.6700184717455486, 0.2563340682257421, 0.16783855552562893]]	[[0.014905605913437772, -0.0033335229206132985, -0.05986352340193672], [-0.007572198590324463, -0.06787258064559208, -0.04114693536014255], [-0.08465449097822379, -0.0325898514188638, -0.04906897756866527]]	0.4724822276085772	[[0.0, 0.0, 0.9636], [0.0, -1.0, 0.0], [0.9636, 0.0, 0.0]]
3	[[0.8787972042104137, -0.3840163418041313, 0.28327887866788265], [-0.395223040501579, -0.9183905790867732, -0.018907472103605397], [0.2674214316928388, -0.09534250611366366, -0.9588511794847616]]	0.6541955988132889	0.34580440118671113	[[0.5749052632438757, -0.2512218006806423, 0.18531979566129247], [-0.2585531736457392, -0.6008070748301548, -0.012369185034863683], [0.17494592364180367, -0.06237264787938786, -0.627276221535862]]	0.8290990224482803	0.31234084105590654	[[0.5986813333589506, -0.2588757073863601, 0.2396362801307677], [-0.3429290118299591, -0.8492525828546801, -0.021007447134986566], [0.21497299410922624, -0.07904837861660774, -0.6978315378422488]]	[[-0.12992856958218543, 0.05951186620760981, 0.004770038746981198], [-0.015249975301062833, -0.08781585150812644, -0.005331280496919201], [-0.006745853489025974, 0.0, 0.09715103774194751]]	0.483859757623171	[[0.6565662957169679, -0.6565662957169678, 0.0], [-0.7071067811865475, -0.7071067811865476, 0.0], [0.0, 0.0, -0.9285249600000001]]
3	[[0.08740825448676931, -0.06334395238859675, -0.994156597696443], [0.7119981850616444, -0.6940087028176986, 0.10681996481098455], [-0.6967197295301035, -0.717174639895393, -0.015561310176609944]]	0.7677020234083705	0.23229797659162946	[[0.0671034938320866, -0.04862928041940922, -0.7632160316363408], [0.5466024473349119, -0.5327918854161657, 0.08200590312580378], [-0.5348731461087931, -0.5505764221848627, -0.011946449309468716]]	0.8848523079570332	0.18188627931014922	[[0.045761475714323215, -0.031490604372759634, -0.8360550656518576], [0.6358511681152587, -0.6383016587147621, 0.06988268597043658], [-0.6134474262634338, -0.5999482837124719, 0.029164359795538296]]	[[-0.031581920002790316, 0.02455943809341062, 0.043626694290551916], [0.005837930802243825, -0.024206456284254833, -0.02463720642845217], [0.0030466344104781106, 0.034645351607220674, 0.04293382102014687]]	0.17058981929554273	[[0.0, 0.0, -0.894726651456], [0.7071067811865475, -0.7071067811865476, 0.0], [-0.6326672825528703, -0.6326672825528702, 0.0]]
3	[[-0.5446221603179724, 0.8109226453022452, -0.2139887049042392], [-0.8354447797583356, -0.5021691245819775, 0.22328947644507607], [0.07361197229480154, 0.30038414347728, 0.9509735242804028]]	0.5935847515488608	0.40641524845113924	[[-0.32327940972034747, 0.4813513169370782, -0.1270204322348453], [-0.4959072820256443, -0.2980799350505021, 0.1325412283991257], [0.043694944285631414, 0.17830344717517857, 0.5644833831395274]]	0.774055479626733	0.328306468167825	[[-0.47976003871321254, 0.58042067931527, -0.11136546137441747], [-0.6736790690660138, -0.4119784293600689, 0.04810131285985106], [0.1372906316044558, 0.11618166305756115, 0.7361062674491919]]	[[-0.05819227119293686, -0.047278437834338466, 0.054273668234936887], [-0.02699845936852489, -0.02327166677802968, -0.12473712992544442], [0.0803108810835334, -0.11633232919401022, 0.0]]	0.4023331513698112	[[-0.6565662957169679, 0.6565662957169678, 0.0], [-0.7071067811865475, -0.7071067811865476, 0.0], [0.0, 0.0, 0.9285249600000001]]
3	[[0.3802729664721569, 0.7767473726770865, -0.5020517802076895], [0.4287143634067757, 0.332951791095048, 0.839849450446521], [0.8195098935212374, -0.5346088512602871, -0.20639019011321075]]	0.536694079706934	0.4633059202930662	[[0.20409024977819998, 0.4168757163437078, -0.26944821814379377], [0.2300884607257436, 0.17869325510853215, 0.45074222789976975], [0.43982610811410794, -0.28692140543032096, -0.11076839314334877]]	0.6950784429459742	0.45653969972238717	[[0.20354166853263334, 0.45893151838532686, -0.2951920974108783], [0.3396581373404526, 0.20973174265319441, 0.48535131842359575], [0.5688999937381052, -0.2828214338386176, -0.06558408812678244]]	[[-0.06077787289728015, -0.08096883597743883, 0.05377327225413693], [0.04166802515509642, -0.021695869877224765, -0.09840992990180428], [-0.0007236670294577252, 0.08877365408051874, 0.07787328385643169]]	0.6915110038982636	[[0.0, 0.6326672825528702, -0.6326672825528703], [0.0, 0.7071067811865476, 0.7071067811865475], [0.894726651456, 0.0, 0.0]]
3	[[-0.42203838922340475, -0.825029846081567, 0.3757783270710803], [0.2588054115689476, 0.28760896992378115, 0.9221175843470338], [-0.8688517462515349, 0.4864224845687207, 0.09214016247897017]]	0.4434135265920975	0.5565864734079026	[[-0.18713753052279816, -0.36582939359476296, 0.1666251932234663], [0.11475782024490633, 0.1275297076334242, 0.4088794100079042], [-0.38526061689109536, 0.2156863092963066, 0.04085619438556902]]	0.6413394656131877	0.6080437106579423	[[-0.11486495391161096, -0.3733192794997047, 0.3373919208214657], [0.13687432852530984, 0.09338359372896282, 0.643346510429895], [-0.496883633572358, 0.18211347273623066, -0.031069554591476506]]	[[0.1558049211011779, 0.15580492110117788, 0.09639044934868149], [-0.029107795828120148, -0.09107138934751437, 0.051956111652244896], [0.06034528106568623, -0.1298484635793117, -0.09016267715725151]]	0.6715507959286565	[[0.0, -0.6326672825528702, 0.6326672825528703], [0.0, 0.7071067811865476, 0.7071067811865475], [-0.894726651456, 0.0, 0.0]]
3	[[-0.3195682178843842, -0.5708200961323295, -0.7563336379995778], [0.910087742671785, 0.03735879733279218, -0.41272826520656647], [0.2638493031197415, -0.8202248094963509, 0.507557688474819]]	0.4524713404651662	0.5475286595348338	[[-0.14459545991621162, -0.2582797340614502, -0.3422192950245647], [0.41178862086761975, 0.01690378510733498, -0.18674771140587773], [0.11938424786338939, -0.37112821903559945, 0.22965530766760256]]	0.6574242449816771	0.5642411001510383	[[-0.2683941421341248, -0.26839414213412477, -0.45212488328528977], [0.6060256425952433, -0.06435524731561498, -0.059211960086671546], [0.2553863567043426, -0.41014055957136214, 0.32658811709307745]]	[[-0.05830224777134336, 0.10687682858604039, 0.045107187630827855], [0.007711895502166292, -0.08891582644554935, 0.2121256080493528], [0.08192542781190496, 0.12909511652701633, -0.007092613037125711]]	0.9164369694070468	[[0.0, 0.0, -0.894726651456], [0.7071067811865475, 0.7071067811865476, 0.0], [0.6326672825528703, -0.6326672825528702, 0.0]]
3	[[0.8592155572171323, 0.2624339665249735, -0.4391776855101157], [-0.4266000482917053, 0.8413623931712975, -0.33184593135155627], [0.2824199444684594, 0.4724804086637203, 0.8348660002631537]]	0.571313962278496	0.4286860377215041	[[0.49088184444504557, 0.14993218925184476, -0.2509083436530834], [-0.2437225638977319, 0.4806820825548117, -0.18958821390645542], [0.16135045750074836, 0.26993465437263314, 0.47697060258194224]]	0.7867216438196755	0.37894620217897	[[0.5507149269847557, 0.20662354817688486, -0.2845990639667544], [-0.32453947877917516, 0.7529313223512584, -0.2719370736380034], [0.24379115830221745, 0.3418283466102414, 0.5355191714402757]]	[[-0.12524854858454493, 0.00016106663823999695, 0.060911526706684316], [0.011076012466428212, 0.09101331734747915, -0.010866697030235944], [0.02160527534252954, -0.029882217166272637, -0.1212879806559102]]	0.6535193888457371	[[0.894726651456, 0.0, 0.0], [0.0, 0.7071067811865476, -0.7071067811865475], [0.0, 0.6326672825528702, 0.6326672825528703]]
3	[[0.5319609947059123, -0.8460851799387872, 0.03402011756955908], [-0.703274286200726, -0.4190807785627857, 0.5742617690636116], [-0.47161719485230363, -0.3294103357928521, -0.8179645788128509]]	0.5015525351084705	0.4984474648915297	[[0.26680638547357394, -0.4243561669160051, 0.01706287621170058], [-0.3527290011205741, -0.21019102690339672, 0.28802244608972943], [-0.2365407996789184, -0.16521658900783748, -0.4102522081325176]]	0.7046515299023938	0.5118161960822933	[[0.45270384756812615, -0.5907188888666373, 0.10977135021048272], [-0.4029197978598582, -0.21812844144478674, 0.3041869833266892], [-0.3063155458814103, -0.05556640133278652, -0.47352071697096665]]	[[0.07785671880020593, 0.005476327604971305, 0.08579902231763363], [0.09264350385249723, 0.07717747032216649, -0.10046745080843983], [0.02601023199954079, 0.176553095749308, 0.10285927489547578]]	0.6684398867035114	[[0.6565662957169679, -0.6565662957169678, 0.0], [-0.7071067811865475, -0.7071067811865476, 0.0], [0.0, 0.0, -0.9285249600000001]]
3	[[0.8489524140446696, -0.5135124485683378, 0.12483895166604869], [0.522794976890395, 0.7815435453534784, -0.34040431673891397], [0.0772347773085365, 0.35425224329800037, 0.9319550081910795]]	0.7403970967576771	0.259602903242323	[[0.6285619026440947, -0.38020312606892326, 0.09243039737581443], [0.38707588308914537, 0.5786525719694174, -0.2520343678372726], [0.05718440488796615, 0.2622873324577337, 0.6900167823734523]]	0.8659420320876515	0.2028279022190463	[[0.7238879942117785, -0.4320711530167056, 0.05320477620796944], [0.47141634795781345, 0.6266778633919016, -0.2690051817862671], [0.034340438250465566, 0.2595504434814432, 0.7830461135294142]]	[[-0.011255584351780017, 0.012600860198866482, -0.05489851928142088], [0.01870620330412803, -0.050093542436477054, 0.025765223982036678], [-0.032540401759925786, -0.047211463951636334, -0.023972900077832968]]	0.4387517377351914	[[0.6813680943513573, -0.6813680943513571, 0.0], [0.7071067811865475, 0.7071067811865476, 0.0], [0.0, 0.0, 0.9636]]
3	[[0.22433838825039393, -0.7661379269479729, -0.6022499185961573], [-0.9416906372873723, -0.011392912655017143, -0.3362869982418849], [0.2507808429735371, 0.642575192824231, -0.724020780340167]]	0.4872325653647957	0.5127674346352042	[[0.109304968417043, -0.3732873475701273, -0.2934357728283451], [-0.4588223449855358, -0.005550998059881085, -0.16384997685222014], [0.12218859346634248, 0.31308355963952844, -0.35276650218256084]]	0.6928962891870049	0.529488458060672	[[0.2896084932350093, -0.39997283625022717, -0.33889487262897316], [-0.6764090037614463, -0.017398715930749275, -0.03914581951607665], [0.2994259498159598, 0.2994259498159597, -0.48490779391248456]]	[[0.1341652564941177, 0.13088129033744783, 0.07840186112948], [-0.02391505562288017, -0.009504609029056255, 0.1938661936675622], [0.12566083432040698, -0.145812016815574, 0.016763518079496754]]	0.7357769446693928	[[1.786531678200292e-16, -0.894726651456, 0.0], [-1.0, -1.7938038903913487e-16, 0.0], [0.0, 0.0, -0.894726651456]]
3	[[0.04673222253661188, -0.9725397674033924, -0.22799671093185395], [-0.8377629715199755, -0.16246744520517667, 0.5213036857710898], [-0.5440306084466285, 0.16664552219444034, -0.8223502702654952]]	0.5425153000777033	0.4574846999222967	[[0.02535294573274799, -0.5276177037503511, -0.12369170404792411], [-0.4544992298881479, -0.08814107478834424, 0.28281522551771554], [-0.2951449287928782, 0.09040774547992238, -0.4461376036420656]]	0.7409600268306342	0.3969284641398996	[[-0.014839904042064783, -0.7903411012975387, -0.10995783743145734], [-0.6569225070501088, -0.12871488637403905, 0.23516903266797035], [-0.27785076595907954, 0.008166940997052258, -0.5976257884120494]]	[[-0.04946661290664779, -0.06972800914846214, 0.058978611617905526], [-0.03617363319495578, -0.008333003815706931, -0.1510961603278848], [0.1252541682722206, -0.11531072959934532, 0.011702889908051276]]	0.6383795562833214	[[1.786531678200292e-16, -0.894726651456, 0.0], [-1.0, -1.7938038903913487e-16, 0.0], [0.0, 0.0, -0.894726651456]]
3	[[-0.8305561570912853, 0.32773595720904825, 0.4502950280316503], [-0.5100865793185324, -0.772219296347621, -0.37879947194723407], [0.22358030216652452, -0.5443036842615101, 0.808545204538665]]	0.5074220267150702	0.4925779732849298	[[-0.4214424885319401, 0.1663004436344188, 0.22848961574353932], [-0.25882916587796706, -0.3918410804211953, -0.1922111957740639], [0.11344957005890566, -0.2761916786164551, 0.41027364637776037]]	0.7367031779089729	0.467523921427832	[[-0.5096189701010645, 0.1354122675540355, 0.25097503129897375], [-0.5535788456577985, -0.5934244225005807, -0.2874535398756402], [0.2235606798646227, -0.3321690490052062, 0.4591760111490968]]	[[0.10225439025994948, -0.10603185363690953, -0.08075874684855307], [-0.17779644166511824, -0.024528012838657378, -0.008390765101871981], [0.05884836074069561, 0.06882120493781044, -0.1364818105175982]]	0.680496006177836	[[-0.6565662957169679, 0.6565662957169678, 0.0], [-0.7071067811865475, -0.7071067811865476, 0.0], [0.0, 0.0, 0.9285249600000001]]
