3	[[-0.30792515101507295, 0.09349718223056193, 0.9468053539599837], [0.3027085282091916, -0.9338174967034747, 0.1906631317268273], [0.9019698710720718, 0.34531602882779927, 0.2592434992682147]]	0.6576554794699783	0.3423445205300219	[[-0.20250866283168326, 0.061488934208932124, 0.6226717290232954], [0.1990779222590673, -0.6141301935319785, 0.1253906533130542], [0.5931854280273778, 0.22709897850741517, 0.17049290781071272]]	0.8240059877179997	0.2864649201335433	[[-0.2274631940584806, 0.0718587486719951, 0.7235696953905588], [0.24857309593938914, -0.8477237238471482, 0.11905435517649653], [0.6622975358214765, 0.24954769557466183, 0.15560444538648552]]	[[0.026268974146908895, -0.0051834893207488835, -0.056603585475927774], [-0.0008605438382877934, -0.07825251512765144, -0.038053207003474865], [-0.08093103868314278, -0.03499477983444616, -0.0580137502874903]]	0.4756188654719049	[[0.0, 0.0, 0.9486000000000001], [0.0, -1.0, 0.0], [0.9486000000000001, 0.0, 0.0]]
3	[[-0.42203838922340475, -0.825029846081567, 0.3757783270710803], [0.2588054115689476, 0.28760896992378115, 0.9221175843470338], [-0.8688517462515349, 0.4864224845687207, 0.09214016247897017]]	0.430094313516516	0.5699056864834839	[[-0.18151631129065648, -0.3548406452810884, 0.1616201216160211], [0.11131073582310592, 0.12369898248056094, 0.3965975294212456], [-0.3736881953516801, 0.20920754457958204, 0.03962895992869293]]	0.6268194454114691	0.6189966195927356	[[-0.10627323580627587, -0.35887611729966895, 0.3191055973838061], [0.14330439099893771, 0.08981848938411909, 0.6356496724767433], [-0.47734863941123434, 0.17774664612041297, -0.030178832885755295]]	[[0.15826863326908847, 0.15826863326908847, 0.08356043481146198], [-0.018919873550197017, -0.09046040563886928, 0.05764843965217202], [0.0672645303189393, -0.12715242589262146, -0.08793407843094603]]	0.6814456628995933	[[0.0, -0.6035793362239075, 0.6035793362239075], [0.0, 0.7071067811865476, 0.7071067811865475], [-0.8535900832560003, 0.0, 0.0]]
3	[[0.3802729664721569, 0.7767473726770865, -0.5020517802076895], [0.4287143634067757, 0.332951791095048, 0.839849450446521], [0.8195098935212374, -0.5346088512602871, -0.20639019011321075]]	0.5256759361527564	0.4743240638472438	[[0.19990034764383685, 0.4083174022862215, -0.26391653955783506], [0.22536482432598984, 0.17502474447762628, 0.441488646090853], [0.4307966304632222, -0.28103100836180117, -0.10849435640050742]]	0.679752526023788	0.4719064887191345	[[0.1613189697811434, 0.42704690363754744, -0.28510909989915206], [0.32486267108024464, 0.19590065203727813, 0.4664154692886526], [0.5815115265516632, -0.29867108320269314, -0.07153904651633997]]	[[-0.09717253975686452, -0.10094908502204264, 0.056161865891764466], [0.03344299961180871, -0.03042416900372531, -0.10447431613206033], [0.024447606329116522, 0.06473063387616255, 0.06875520655964486]]	0.7027514002214512	[[0.0, 0.6035793362239075, -0.6035793362239075], [0.0, 0.7071067811865476, 0.7071067811865475], [0.8535900832560003, 0.0, 0.0]]
3	[[-0.5446221603179724, 0.8109226453022452, -0.2139887049042392], [-0.8354447797583356, -0.5021691245819775, 0.22328947644507607], [0.07361197229480154, 0.30038414347728, 0.9509735242804028]]	0.5728659526121436	0.4271340473878565	[[-0.3119954926842387, 0.4645499736958302, -0.12258684328320582], [-0.47859786961110146, -0.2876755939260608, 0.1279149386319753], [0.04216979263232022, 0.17207984850269484, 0.5447803538958205]]	0.7622622470606885	0.3452065075311711	[[-0.4791405976562948, 0.5676732822673443, -0.1030534953248403], [-0.6753720494506346, -0.43506997859057284, 0.048323664245943754], [0.12494651611030408, 0.09901114747404667, 0.7248912155132019]]	[[-0.0639956859332707, -0.050462435533142724, 0.06006201572107168], [-0.038544034336923605, -0.05228541328221602, -0.12188147381408462], [0.06883488869829951, -0.12996034471434503, 0.0]]	0.4130319175970434	[[-0.6362843519121942, 0.6362843519121941, 0.0], [-0.7071067811865475, -0.7071067811865476, 0.0], [0.0, 0.0, 0.8998419600000002]]
3	[[0.8592155572171323, 0.2624339665249735, -0.4391776855101157], [-0.4266000482917053, 0.8413623931712975, -0.33184593135155627], [0.2824199444684594, 0.4724804086637203, 0.8348660002631537]]	0.5469325291103185	0.4530674708896815	[[0.46993293775969774, 0.14353367303595638, -0.2402005622648637], [-0.23332144333076638, 0.4601684615954878, -0.18149733450907585], [0.15446465449933022, 0.2584149048655254, 0.45661537299214244]]	0.7718208306612251	0.4071213154773878	[[0.5100254797222625, 0.20772718389881567, -0.2935361268915252], [-0.3559141577636462, 0.7488476122851806, -0.2504213428798567], [0.2451215371160553, 0.3306403341705655, 0.5075277756611715]]	[[-0.15313498536611178, 0.0051751818617904715, 0.045430359146766505], [-0.02665535413102347, 0.09946659110059378, 0.005704259507449319], [0.027143940981111885, -0.03402988731542223, -0.13683919415275037]]	0.6676785249129973	[[0.8535900832560003, 0.0, 0.0], [0.0, 0.7071067811865476, -0.7071067811865475], [0.0, 0.6035793362239075, 0.6035793362239075]]
3	[[0.034229894132735264, 0.2773841392786001, 0.9601491309293217], [-0.1827544195208179, -0.9427759796974285, 0.2788803941677556], [0.9825625356654255, -0.18501754344446375, 0.018422055382213542]]	0.8170176182606326	0.1829823817393676	[[0.027966426577640965, 0.22662772881667742, 0.7844587561268908], [-0.14931358056350302, -0.7702645854857274, 0.22785019542252608], [0.8027709026814936, -0.15116259268142884, 0.015051143811841576]]	0.8974091913578061	0.15656237296023282	[[0.009128005345581338, 0.2250371116053093, 0.824507483205621], [-0.16639099879365235, -0.8254275138234554, 0.25506426495095147], [0.855907402551808, -0.15301194407387717, 0.0]]	[[-0.021590216268339922, -0.023889964520180267, -0.03713917196456188], [-0.0023855029544099307, 0.020628315748377347, 0.0047944359353196955], [-0.025853248038176947, 0.01302449997562676, -0.016532121823700972]]	0.36069345363499233	[[0.0, 0.0, 0.9486000000000001], [0.0, -1.0, 0.0], [0.9486000000000001, 0.0, 0.0]]
3	[[0.8489524140446696, -0.5135124485683378, 0.12483895166604869], [0.522794976890395, 0.7815435453534784, -0.34040431673891397], [0.0772347773085365, 0.35425224329800037, 0.9319550081910795]]	0.723881359380006	0.27611864061999414	[[0.614540827527593, -0.3717220893282038, 0.0903685900355942], [0.37844153854845786, 0.5657448040251452, -0.2464123395397872], [0.055908815589515444, 0.25643659544197317, 0.6746248582103632]]	0.8526552970211424	0.22166250364973467	[[0.7006137195588333, -0.4217504755421157, 0.05302035561725318], [0.4730946694784322, 0.6269994647585004, -0.2671936486179255], [0.030887757901349535, 0.25020644648515317, 0.7627435754155129]]	[[-0.023250053195240365, 0.016098633815974542, -0.05342423779536958], [0.027330763176791176, -0.039387779039826515, 0.023053895178372245], [-0.034966884085022465, -0.05184860524450933, -0.03189279890399328]]	0.44398277579379164	[[0.6707614926335591, -0.670761492633559, 0.0], [0.7071067811865475, 0.7071067811865476, 0.0], [0.0, 0.0, 0.9486000000000001]]
3	[[0.22433838825039393, -0.7661379269479729, -0.6022499185961573], [-0.9416906372873723, -0.011392912655017143, -0.3362869982418849], [0.2507808429735371, 0.642575192824231, -0.724020780340167]]	0.4660450404148063	0.5339549595851937	[[0.10455179321874734, -0.357054781127784, -0.28067558765195993], [-0.4388702511128382, -0.005309610438749836, -0.15672488768661316], [0.11687516809886131, 0.2994689817093208, -0.3374262938347928]]	0.6779633820032404	0.5406015440353472	[[0.2970428304013011, -0.39814452174915826, -0.306783471806243], [-0.6732924362398309, -0.050653579999859796, -0.041818613746114536], [0.27540426259481937, 0.27192357784296717, -0.4854877367178718]]	[[0.14494961798990802, 0.121268938285441, 0.10151991981638399], [-0.034860666983697455, -0.04292960240539685, 0.1861716569056715], [0.1053840341508566, -0.16371887307553276, 0.005371840162173042]]	0.7324916274000164	[[1.7043928684284447e-16, -0.8535900832560003, 0.0], [-1.0, -1.7938038903913487e-16, 0.0], [0.0, 0.0, -0.8535900832560003]]
3	[[-0.3195682178843842, -0.5708200961323295, -0.7563336379995778], [0.910087742671785, 0.03735879733279218, -0.41272826520656647], [0.2638493031197415, -0.8202248094963509, 0.507557688474819]]	0.4370659146124375	0.5629340853875624	[[-0.13967237543070507, -0.24948600739523616, -0.3305676532444376], [0.3977683316284124, 0.01632825692507753, -0.1803894567189126], [0.11531953698788405, -0.3584923065503349, 0.22183616533182132]]	0.6434053024173634	0.5743015573471993	[[-0.2614336355179806, -0.26143363551798054, -0.4311152268938189], [0.6091921022731591, -0.06757078377967782, -0.057357090952055954], [0.24105708486234267, -0.38842349933506004, 0.32076354896894516]]	[[-0.05582174964710049, 0.10583504105994941, 0.055513846191724], [0.023636822973083657, -0.09160763207553191, 0.2081944633393687], [0.07129504419597482, 0.13931349226916392, -0.00580175907845362]]	0.9249772215089455	[[0.0, 0.0, -0.8535900832560003], [0.7071067811865475, 0.7071067811865476, 0.0], [0.6035793362239075, -0.6035793362239075, 0.0]]
3	[[0.08740825448676931, -0.06334395238859675, -0.994156597696443], [0.7119981850616444, -0.6940087028176986, 0.10681996481098455], [-0.6967197295301035, -0.717174639895393, -0.015561310176609944]]	0.7184087270704459	0.28159127292955416	[[0.06279485284128955, -0.04550684820310272, -0.714210775859787], [0.5115057098066037, -0.4985819087670742, 0.07674039494556924], [-0.5005295340165872, -0.5152245201344547, -0.01117938103552673]]	0.863958615682916	0.21655525343630394	[[0.040820113837888375, -0.03275203783952603, -0.7992036311496235], [0.6349219955947678, -0.6394767093996873, 0.07218478559177965], [-0.5882814951888182, -0.5708272983843814, 0.028864179303577698]]	[[-0.034697000707760856, 0.02197451557801054, 0.05970652676823299], [0.019785029260161006, -0.03988191124141214, -0.020103243333616336], [0.013655517854985548, 0.048781910702535985, 0.042308507301974094]]	0.2006673830824037	[[0.0, 0.0, -0.8535900832560003], [0.7071067811865475, -0.7071067811865476, 0.0], [-0.6035793362239075, -0.6035793362239075, 0.0]]
3	[[0.8787972042104137, -0.3840163418041313, 0.28327887866788265], [-0.395223040501579, -0.9183905790867732, -0.018907472103605397], [0.2674214316928388, -0.09534250611366366, -0.9588511794847616]]	0.6274622396746433	0.3725377603253566	[[0.5514120619736811, -0.24095575390008356, 0.17774679966147114], [-0.24798753416414304, -0.5762554096498795, -0.01186372479271407], [0.16779685046698828, -0.05982382242227277, -0.6016429085941819]]	0.817980737322292	0.3300380169666904	[[0.582952487654093, -0.25098733445643157, 0.236475971261437], [-0.3445511367882379, -0.8485665379094113, -0.021041581187973377], [0.2120149058810917, -0.07798833344900974, -0.6790720855287091]]	[[-0.13588669740270995, 0.06313063595632103, 0.004759305220850254], [-0.021266302711998274, -0.09734073487816583, -0.00557563321576557], [-0.006730673990799508, 0.0, 0.10524970924858544]]	0.49197629855378877	[[0.6362843519121942, -0.6362843519121941, 0.0], [-0.7071067811865475, -0.7071067811865476, 0.0], [0.0, 0.0, -0.8998419600000002]]
3	[[0.5319609947059123, -0.8460851799387872, 0.03402011756955908], [-0.703274286200726, -0.4190807785627857, 0.5742617690636116], [-0.47161719485230363, -0.3294103357928521, -0.8179645788128509]]	0.48786501809369	0.5121349819063101	[[0.25952516030733724, -0.41277536161963935, 0.016597225273622396], [-0.343102922362144, -0.20445485161625118, 0.28016222835473326], [-0.23008553129991446, -0.16070777943182823, -0.399056304042529]]	0.6912961358568797	0.5247960632681362	[[0.43295302376033, -0.5725850875178551, 0.10460625826424252], [-0.4031284476603151, -0.22242583961792547, 0.3039783335262324], [-0.29674895026651127, -0.04963969597923728, -0.46336895013458773]]	[[0.0652104436935509, 0.012310327979601278, 0.08108828244700958], [0.08304234883775208, 0.06728308321442089, -0.09300660839777813], [0.029278194138547292, 0.17808039626567856, 0.10208680246653618]]	0.6790115197945704	[[0.6362843519121942, -0.6362843519121941, 0.0], [-0.7071067811865475, -0.7071067811865476, 0.0], [0.0, 0.0, -0.8998419600000002]]
3	[[-0.8305561570912853, 0.32773595720904825, 0.4502950280316503], [-0.5100865793185324, -0.772219296347621, -0.37879947194723407], [0.22358030216652452, -0.5443036842615101, 0.808545204538665]]	0.48991850262008696	0.5100814973799129	[[-0.40690482882405615, 0.1605639094106178, 0.2206078658705362], [-0.2499008531463376, -0.3783245213609638, -0.18558087008966856], [0.10953612685277025, -0.2666644459639956, 0.39612125590823466]]	0.7198706020525085	0.4845223262535479	[[-0.4889212142111937, 0.12086977159012893, 0.253617861621006], [-0.5535989472058362, -0.5873894062216096, -0.2848241960120856], [0.21317929271968875, -0.32590862944627447, 0.43828222373307735]]	[[0.10897174663252755, -0.11505770924020378, -0.07053629130938927], [-0.18640261425289978, -0.03149143644328329, -0.012137592084257812], [0.05223040599199094, 0.06591959144245724, -0.14376569944484013]]	0.6815165322413099	[[-0.6362843519121942, 0.6362843519121941, 0.0], [-0.7071067811865475, -0.7071067811865476, 0.0], [0.0, 0.0, 0.8998419600000002]]
3	[[0.04673222253661188, -0.9725397674033924, -0.22799671093185395], [-0.8377629715199755, -0.16246744520517667, 0.5213036857710898], [-0.5440306084466285, 0.16664552219444034, -0.8223502702654952]]	0.5299546290232099	0.4700453709767899	[[0.024765957657820244, -0.5154019516445838, -0.12082791236040272], [-0.4439763647812507, -0.08610037465205808, 0.27626730140124994], [-0.2883115392766042, 0.08831456589293372, -0.4358083324056869]]	0.7279330615307463	0.4217226804381665	[[-0.006055338317721683, -0.7628088871275482, -0.10441382633969211], [-0.6635670945606509, -0.1266091811086066, 0.23451688363064194], [-0.27355276369159676, 0.00395421779056862, -0.5707279125882878]]	[[-0.04007326814093359, -0.05486503678119685, 0.06155251746787293], [-0.05373172986501982, -0.008343756321323698, -0.14495730433996964], [0.12246510268139238, -0.11735256737082025, 0.027888037296710876]]	0.652835874336153	[[1.7043928684284447e-16, -0.8535900832560003, 0.0], [-1.0, -1.7938038903913487e-16, 0.0], [0.0, 0.0, -0.8535900832560003]]
