3	[[0.8489524140446696, -0.5135124485683378, 0.12483895166604869], [0.522794976890395, 0.7815435453534784, -0.34040431673891397], [0.0772347773085365, 0.35425224329800037, 0.9319550081910795]]	0.6769174498152294	0.3230825501847706	[[0.5746707031296006, -0.3476055371332534, 0.08450566479938837], [0.3538890425328579, 0.5290404636402297, -0.23042562199300123], [0.052281568492741695, 0.23979952512460656, 0.6308566074872367]]	0.8277042363307672	0.25920624896670486	[[0.6626509071126218, -0.4106617498712776, 0.04912618797062991], [0.47650538061623526, 0.626692392900314, -0.2639101308084063], [0.028125604133537797, 0.22730942984146743, 0.7308210539531284]]	[[-0.04003060243538284, 0.014374679217320717, -0.05420354118245046], [0.04378576351160985, -0.020194510465727154, 0.01784396422167306], [-0.03580194823680128, -0.06590665266596506, -0.04056205439630288]]	0.4540889808089019	[[0.6513867668290476, -0.6513867668290475, 0.0], [0.7071067811865475, 0.7071067811865476, 0.0], [0.0, 0.0, 0.9212]]
3	[[0.5319609947059123, -0.8460851799387872, 0.03402011756955908], [-0.703274286200726, -0.4190807785627857, 0.5742617690636116], [-0.47161719485230363, -0.3294103357928521, -0.8179645788128509]]	0.46264151936586473	0.5373584806341354	[[0.24610724283411997, -0.39143413315982156, 0.015739118881386183], [-0.3253638842988479, -0.19388416813131665, 0.2656773373533186], [-0.21818969558553683, -0.15239889824602476, -0.37842437552943686]]	0.6663065533098933	0.5475021014218772	[[0.40051044183727896, -0.540305427188642, 0.09492199773710394], [-0.405945097896664, -0.23384769971108793, 0.3011616832898834], [-0.2769264702329999, -0.039613252998677, -0.4475675397222895]]	[[0.04606134495948015, 0.0234466728629521, 0.07225417045613369], [0.06265116777321716, 0.045388569411508414, -0.08147269675253363], [0.037315157350718886, 0.17987501246811288, 0.09744761951607966]]	0.698670250491388	[[0.6000574896029187, -0.6000574896029186, 0.0], [-0.7071067811865475, -0.7071067811865476, 0.0], [0.0, 0.0, -0.84860944]]
3	[[0.8787972042104137, -0.3840163418041313, 0.28327887866788265], [-0.395223040501579, -0.9183905790867732, -0.018907472103605397], [0.2674214316928388, -0.09534250611366366, -0.9588511794847616]]	0.5819056691559817	0.4180943308440184	[[0.511377075168467, -0.22346128634436524, 0.1648415854489904], [-0.22998252784893305, -0.5344166844700382, -0.011002365206496556], [0.15561404715587204, -0.05548034481907973, -0.5579609372190826]]	0.7970835750509648	0.3595353712543026	[[0.557806583483487, -0.23694939570109813, 0.22738792798015697], [-0.34550170153828536, -0.8472486887964148, -0.0232725856396838], [0.20408981937991172, -0.07599594562739749, -0.6477737940149999]]	[[-0.14266823379334226, 0.06914372290213211, 0.0015909866351326118], [-0.030475907472774434, -0.11521464272480365, -0.008201750180165626], [-0.009067411439063571, 0.0, 0.11651073207054818]]	0.5088656238041781	[[0.6000574896029187, -0.6000574896029186, 0.0], [-0.7071067811865475, -0.7071067811865476, 0.0], [0.0, 0.0, -0.84860944]]
3	[[-0.3195682178843842, -0.5708200961323295, -0.7563336379995778], [0.910087742671785, 0.03735879733279218, -0.41272826520656647], [0.2638493031197415, -0.8202248094963509, 0.507557688474819]]	0.40991220891315583	0.5900877910868442	[[-0.1309949140914286, -0.23398612649762313, -0.31003039222773005], [0.37305607690337916, 0.015313827137023776, -0.16918235487171845], [0.10815505066201003, -0.3362201634660217, 0.20805409323356844]]	0.61649635792099	0.60494820365318	[[-0.26742877538982585, -0.2674287753898258, -0.3668249095687251], [0.6098198320245828, -0.097735773868208, -0.05698937537717717], [0.2169847106537795, -0.3354373849841567, 0.33365058288801613]]	[[-0.07041613295680157, 0.08447973490386472, 0.09945202363114697], [0.04875405327889215, -0.12076733636018272, 0.1974560969337195], [0.05432257624046761, 0.17022822274678134, 0.020743116508493798]]	0.941782731263982	[[0.0, 0.0, -0.781739016128], [0.7071067811865475, 0.7071067811865476, 0.0], [0.5527729594222087, -0.5527729594222086, 0.0]]
3	[[0.04673222253661188, -0.9725397674033924, -0.22799671093185395], [-0.8377629715199755, -0.16246744520517667, 0.5213036857710898], [-0.5440306084466285, 0.16664552219444034, -0.8223502702654952]]	0.5058764521286807	0.49412354787131924	[[0.023640730936909188, -0.49198496708808054, -0.11533816722321466], [-0.4238045597573062, -0.08218845476680565, 0.26371525903948345], [-0.27521227405038795, 0.0843020455308548, -0.4160076371289705]]	0.7003587976672057	0.46486236627899863	[[-1.046224394971748e-16, -0.7062395382816163, -0.10864136194467136], [-0.6702590814873653, -0.1389739538430337, 0.23316203951496473], [-0.25777134121521006, 0.0, -0.52396767491279]]	[[-0.03272932318805778, -0.025112756099432594, 0.05103814039563931], [-0.08352441402352993, -0.02518844925907368, -0.13193758307115844], [0.123245281610629, -0.11671165756072185, 0.051972571631654016]]	0.6804000766680542	[[1.5609253553865794e-16, -0.781739016128, 0.0], [-1.0, -1.7938038903913487e-16, 0.0], [0.0, 0.0, -0.781739016128]]
3	[[0.08740825448676931, -0.06334395238859675, -0.994156597696443], [0.7119981850616444, -0.6940087028176986, 0.10681996481098455], [-0.6967197295301035, -0.717174639895393, -0.015561310176609944]]	0.6364542997933361	0.36354570020666405	[[0.05563135940553449, -0.040315530863626756, -0.6327352412718151], [0.453154306327535, -0.4417048230023196, 0.06798602590772397], [-0.4434302676102846, -0.45644888326416033, -0.009904062772321198]]	0.8251842260652239	0.2811661679293597	[[0.03734935601016999, -0.029242493258351474, -0.732277022812617], [0.6359161727892038, -0.639539518038926, 0.0711906083973437], [-0.5384756138196799, -0.5235304661638571, 0.026409982907741738]]	[[-0.03477855682020687, 0.02302793706934513, 0.08808531984515855], [0.04838650148926663, -0.06685448372177333, -0.016955541593523055], [0.03644651697699068, 0.06827073401182848, 0.039250930602388504]]	0.25866882933350094	[[0.0, 0.0, -0.781739016128], [0.7071067811865475, -0.7071067811865476, 0.0], [-0.5527729594222087, -0.5527729594222086, 0.0]]
3	[[-0.5446221603179724, 0.8109226453022452, -0.2139887049042392], [-0.8354447797583356, -0.5021691245819775, 0.22328947644507607], [0.07361197229480154, 0.30038414347728, 0.9509735242804028]]	0.534320025630088	0.46567997436991204	[[-0.29100252665981274, 0.4332922086219144, -0.11433845028898242], [-0.4463948761329971, -0.268319019517281, 0.11930803877706198], [0.039332350923239674, 0.16050126324165226, 0.5081241978670399]]	0.7394153030528315	0.3725503156850592	[[-0.4687364946172999, 0.539131238357783, -0.08349726782698873], [-0.6803089249965134, -0.464834731975736, 0.03853443967231404], [0.09934678403430129, 0.08362161809561053, 0.7031643766510134]]	[[-0.0660345348964984, -0.060477375170780404, 0.07472925525966223], [-0.06256826998759765, -0.09352319653917793, -0.12656921622182998], [0.04491696523162396, -0.1384870143859077, 0.0]]	0.4344885578814773	[[-0.6000574896029187, 0.6000574896029186, 0.0], [-0.7071067811865475, -0.7071067811865476, 0.0], [0.0, 0.0, 0.84860944]]
3	[[0.3802729664721569, 0.7767473726770865, -0.5020517802076895], [0.4287143634067757, 0.332951791095048, 0.839849450446521], [0.8195098935212374, -0.5346088512602871, -0.20639019011321075]]	0.4981494139046262	0.5018505860953739	[[0.18943275537187856, 0.38693624845104896, -0.25009680006023477], [0.2135638088635803, 0.1658597395924938, 0.4183705115080569], [0.4082383731466471, -0.26631508592353753, -0.10281315224056033]]	0.6507345737328473	0.5170732298175966	[[0.12389621403770484, 0.4118247737457369, -0.2408869372369662], [0.3016980502316442, 0.1468204091151401, 0.4690690007418399], [0.5657551987384671, -0.27370156673311175, -0.09062099360211995]]	[[-0.12356055270167955, -0.09363159671139618, 0.08581551394830167], [0.022718791706987027, -0.06984283273668397, -0.07745007339424295], [0.03247177750807365, 0.07418689620555838, 0.04368423878384156]]	0.7251466124698022	[[0.0, 0.5527729594222086, -0.5527729594222087], [0.0, 0.7071067811865476, 0.7071067811865475], [0.781739016128, 0.0, 0.0]]
3	[[-0.30792515101507295, 0.09349718223056193, 0.9468053539599837], [0.3027085282091916, -0.9338174967034747, 0.1906631317268273], [0.9019698710720718, 0.34531602882779927, 0.2592434992682147]]	0.6055351049456107	0.39446489505438936	[[-0.18645948863530523, 0.05661582605410219, 0.5733238793732248], [0.18330064039708413, -0.565459275866386, 0.11545321947946315], [0.5461744205374061, 0.2091009777556429, 0.15698103953584575]]	0.8008237426141489	0.29920494603761383	[[-0.17777838278330782, 0.0730517302875231, 0.7304123936713427], [0.2610286758566038, -0.8371379740933159, 0.13215503588287156], [0.6715067601396655, 0.24552152709979103, 0.10472665249578474]]	[[0.06881538909760988, -0.0018230331102326094, -0.027811813414005248], [0.01861249937489835, -0.08931475146466361, -0.02053252684514075], [-0.0508121277374723, -0.031015747490742495, -0.10288169683657532]]	0.48216217610861745	[[0.0, 0.0, 0.9212], [0.0, -1.0, 0.0], [0.9212, 0.0, 0.0]]
3	[[-0.42203838922340475, -0.825029846081567, 0.3757783270710803], [0.2588054115689476, 0.28760896992378115, 0.9221175843470338], [-0.8688517462515349, 0.4864224845687207, 0.09214016247897017]]	0.40600385885174606	0.593996141148254	[[-0.17134921460827748, -0.33496530117697826, 0.15256745086371212], [0.10507599578870705, 0.11677035162943095, 0.37438329755994615], [-0.3527571617482013, 0.19748940576715454, 0.037409261521688754]]	0.5999444154381027	0.6402359217876669	[[-0.09160751138615476, -0.33337998539747427, 0.28764244818867435], [0.1552887691251092, 0.08334391116950152, 0.621479676730066], [-0.4430118832344825, 0.16954259256195894, -0.028458613538370044]]	[[0.16159206332891932, 0.1615920633289193, 0.06219633941970698], [1.9907769159360766e-05, -0.08920548416617624, 0.0682603816237894], [0.07825086977276932, -0.12228386059857171, -0.08373758945518758]]	0.7020109880809203	[[0.0, -0.5527729594222086, 0.5527729594222087], [0.0, 0.7071067811865476, 0.7071067811865475], [-0.781739016128, 0.0, 0.0]]
3	[[0.034229894132735264, 0.2773841392786001, 0.9601491309293217], [-0.1827544195208179, -0.9427759796974285, 0.2788803941677556], [0.9825625356654255, -0.18501754344446375, 0.018422055382213542]]	0.7673553937022921	0.23264460629770806	[[0.026266493888612845, 0.21285221540290164, 0.7367756143771831], [-0.1402375895422311, -0.7234442330737845, 0.21400037466244845], [0.7539746613926649, -0.1419742098916574, 0.014136263560623901]]	0.8738057809575108	0.1941933517833848	[[0.009206335761399629, 0.21318397231944947, 0.7873094789999571], [-0.16808869416130512, -0.8239134918482443, 0.25702174196958405], [0.8168552641310844, -0.14566752627705257, 0.0]]	[[-0.020703943613348024, -0.029195892128114666, -0.05167438218741428], [-0.008396825888480276, -0.00011039064075035049, 0.013334441350089904], [-0.04171355968563468, 0.01600187276327729, -0.01609729849009761]]	0.3733761495464381	[[0.0, 0.0, 0.9212], [0.0, -1.0, 0.0], [0.9212, 0.0, 0.0]]
3	[[0.8592155572171323, 0.2624339665249735, -0.4391776855101157], [-0.4266000482917053, 0.8413623931712975, -0.33184593135155627], [0.2824199444684594, 0.4724804086637203, 0.8348660002631537]]	0.5048553837126905	0.49514461628730966	[[0.43377959983076847, 0.13249120086920885, -0.22172121893626073], [-0.2153713310721611, 0.424766333845923, -0.1675342050059851], [0.14258122943274082, 0.23853427801265134, 0.4214865949115336]]	0.7447547620435464	0.4505400033192371	[[0.4668393217523169, 0.18900675390657398, -0.28676593361008373], [-0.3533411196664472, 0.7495461213911938, -0.2513080308198777], [0.2387885609940158, 0.31228491641493505, 0.4637532075129872]]	[[-0.17306555610704152, -0.006442192384876699, 0.040313739056837924], [-0.0356287022131928, 0.12293747247251542, -0.004164193181030397], [0.02845496245505672, -0.0395971179096515, -0.15801722185124514]]	0.689226959506574	[[0.6513867668290476, 0.6513867668290475, 0.0], [-0.7071067811865475, 0.7071067811865476, 0.0], [0.0, 0.0, 0.9212]]
3	[[0.22433838825039393, -0.7661379269479729, -0.6022499185961573], [-0.9416906372873723, -0.011392912655017143, -0.3362869982418849], [0.2507808429735371, 0.642575192824231, -0.724020780340167]]	0.4287783242188498	0.5712216757811502	[[0.09619143817196162, -0.3285033364372554, -0.25823171085659896], [-0.4037765333886602, -0.004885033996189971, -0.1441925755627427], [0.10752938959638375, 0.2755223143637781, -0.3104444168938808]]	0.6471628355170911	0.5649377314408702	[[0.2673600860787775, -0.3886257827414837, -0.2649745680388443], [-0.6835209436956117, -0.04904279403910389, -0.04043116181079553], [0.24132118352415796, 0.2413211835241579, -0.4677633397776682]]	[[0.1221766186233185, 0.10719021045935245, 0.12477919696978207], [-0.07409376068881923, -0.0416697243804845, 0.17720128551895373], [0.0790251420920374, -0.174529600296913, 0.000796001400571282]]	0.7317766595509155	[[1.5609253553865794e-16, -0.781739016128, 0.0], [-1.0, -1.7938038903913487e-16, 0.0], [0.0, 0.0, -0.781739016128]]
3	[[-0.8305561570912853, 0.32773595720904825, 0.4502950280316503], [-0.5100865793185324, -0.772219296347621, -0.37879947194723407], [0.22358030216652452, -0.5443036842615101, 0.808545204538665]]	0.4591032589460506	0.5408967410539491	[[-0.3813110384583171, 0.15046464602847745, 0.20673191485653386], [-0.23418241090978142, -0.35452839557421884, -0.1739080720580182], [0.10264644536079415, -0.24989159530080146, 0.37120573840890214]]	0.6892726514309918	0.523811722892481	[[-0.44303739270754705, 0.10855589604889221, 0.24722533598424107], [-0.5442179422782251, -0.5957943846972116, -0.27203977372771], [0.20398979930945038, -0.30934344263838937, 0.39991436058011737]]	[[0.12944225185309852, -0.11734353614586256, -0.06315071191332737], [-0.19262921329197547, -0.06352474281751215, -0.010943657337980346], [0.049882011627387694, 0.06583020099619913, -0.15739373635406165]]	0.685779738196847	[[-0.6000574896029187, 0.6000574896029186, 0.0], [-0.7071067811865475, -0.7071067811865476, 0.0], [0.0, 0.0, 0.84860944]]
