3	[[0.3802729664721569, 0.7767473726770865, -0.5020517802076895], [0.4287143634067757, 0.332951791095048, 0.839849450446521], [0.8195098935212374, -0.5346088512602871, -0.20639019011321075]]	0.5596773821142592	0.4403226178857409	[[0.2128301783639603, 0.4347279361040407, -0.28098702603244313], [0.23994173258628537, 0.18634558681033012, 0.47004474179600825], [0.4586611518227017, -0.29920848232846897, -0.11551192129662607]]	0.725563021195801	0.4373311506554716	[[0.23256793478784776, 0.49138999223867663, -0.32183733224130995], [0.3333293795727141, 0.2224857059441906, 0.4896439429369848], [0.6174972356423093, -0.32027634468865224, -0.050791773684573535]]	[[-0.04334406764477997, -0.07218917818681103, 0.04243287420291142], [0.022270090829259306, -0.01909180151528555, -0.11971976167862618], [0.022891161399191267, 0.06761606858977821, 0.09895731619914337]]	0.6711417893215451	[[0.0, 0.6969732405578238, -0.696973240557824], [0.0, 0.7071067811865476, 0.7071067811865475], [0.9856690094080003, 0.0, 0.0]]
3	[[0.8489524140446696, -0.5135124485683378, 0.12483895166604869], [0.522794976890395, 0.7815435453534784, -0.34040431673891397], [0.0772347773085365, 0.35425224329800037, 0.9319550081910795]]	0.7699205802881428	0.23007941971185708	[[0.6536259352582918, -0.3953638023869198, 0.09611607810928761], [0.4025106119791792, 0.6017264599590026, -0.26208428907621345], [0.05946464456381391, 0.2727460927283729, 0.7175313407089169]]	0.8924466978737154	0.19352910864451653	[[0.7721806640083074, -0.4427957166706575, 0.05868735750627836], [0.4649251849857869, 0.6251887246943841, -0.2761131662030601], [0.03924586113265073, 0.29159768738950437, 0.8198721766269337]]	[[0.014535885442222837, 0.015486772371201753, -0.05272475267410315], [-0.0016414658050115175, -0.07229723160084417, 0.02767954221254206], [-0.029682060837364445, -0.02455355735615212, -0.011847993000066689]]	0.42847121086740786	[[0.7037126686368522, -0.7037126686368521, 0.0], [0.7071067811865475, 0.7071067811865476, 0.0], [0.0, 0.0, 0.9952000000000001]]
3	[[0.034229894132735264, 0.2773841392786001, 0.9601491309293217], [-0.1827544195208179, -0.9427759796974285, 0.2788803941677556], [0.9825625356654255, -0.18501754344446375, 0.018422055382213542]]	0.8682343029415988	0.13176569705840127	[[0.029719568272100122, 0.24083442481361073, 0.8336344114124012], [-0.15867365604215383, -0.81855044556268, 0.2421335246343196], [0.8530944982500005, -0.16063857786447094, 0.015994660413527706]]	0.9344185666040704	0.12239858160178371	[[0.012176090020296895, 0.24444705101955072, 0.8890191569341014], [-0.16314342191812975, -0.8280474014676764, 0.2519868735439021], [0.9233677230850452, -0.166565778392955, 0.0]]	[[-0.019808958590222678, -0.014745838803862633, -0.008162017715019523], [0.007625700811071888, 0.05289997810994314, -0.008604144628310302], [0.005243046909697503, 0.006318049349027173, -0.017213910584148787]]	0.3403973960265061	[[0.0, 0.0, 0.9952000000000001], [0.0, -1.0, 0.0], [0.9952000000000001, 0.0, 0.0]]
3	[[-0.30792515101507295, 0.09349718223056193, 0.9468053539599837], [0.3027085282091916, -0.9338174967034747, 0.1906631317268273], [0.9019698710720718, 0.34531602882779927, 0.2592434992682147]]	0.7423480394032179	0.2576519605967822	[[-0.2285876321389792, 0.069407449918583, 0.7028590982086637], [0.22471508242672705, -0.6932175878382453, 0.14153840202388768], [0.6695755653911258, 0.2563446769748219, 0.1924489034097888]]	0.8627489183860555	0.24515976162874895	[[-0.26635332408943113, 0.08370279833623563, 0.7608302892156402], [0.24308117308122898, -0.8495676242157842, 0.1200947087570305], [0.6959451078592452, 0.2750203174433312, 0.18265052575319554]]	[[-0.0006912331073141862, 0.003038205494674405, -0.05602500583546204], [-0.018080282217485838, -0.043917588964887726, -0.04439970191638776], [-0.08222842282499462, -0.022900712929220548, -0.04101152283907284]]	0.4669708296994931	[[0.0, 0.0, 0.9952000000000001], [0.0, -1.0, 0.0], [0.9952000000000001, 0.0, 0.0]]
3	[[-0.5446221603179724, 0.8109226453022452, -0.2139887049042392], [-0.8354447797583356, -0.5021691245819775, 0.22328947644507607], [0.07361197229480154, 0.30038414347728, 0.9509735242804028]]	0.6394970838702547	0.3605029161297451	[[-0.34828428333446176, 0.5185826669151388, -0.13684515276743348], [-0.534264500390083, -0.32113569077985327, 0.14279296904554212], [0.04707464162046356, 0.19209478379458478, 0.6081447956151366]]	0.7963963438578578	0.3047186407579195	[[-0.4657864571613094, 0.6014867559580326, -0.1271024596006328], [-0.6642931193550577, -0.4251248158998878, 0.04858728443890712], [0.09257185390486605, 0.1716300286971088, 0.7465308431612393]]	[[-0.032051359900108066, -0.04432907391221804, 0.04331736261198143], [0.0010520487396141007, -0.025199161084499766, -0.12923963822388673], [0.03394754830512019, -0.0675948049210712, -0.010820994681295238]]	0.3828801587084087	[[-0.7003348478273953, 0.7003348478273952, 0.0], [-0.7071067811865475, -0.7071067811865476, 0.0], [0.0, 0.0, 0.9904230400000001]]
3	[[0.8787972042104137, -0.3840163418041313, 0.28327887866788265], [-0.395223040501579, -0.9183905790867732, -0.018907472103605397], [0.2674214316928388, -0.09534250611366366, -0.9588511794847616]]	0.7152201936536083	0.2847798063463917	[[0.628533506577622, -0.27465624235130104, 0.20260677445882008], [-0.28267149956390725, -0.6568514878240915, -0.01352300585944086], [0.19126520816247738, -0.06819088568603486, -0.6857897262760819]]	0.851875594722793	0.27601302032092045	[[0.6303971529838923, -0.27590955983775123, 0.24808139716543665], [-0.3444759869545678, -0.8506417134683436, -0.016106814042963463], [0.22104675723712958, -0.08121995409793875, -0.7380748680627005]]	[[-0.11822873799358159, 0.05122458971991439, 0.006763033927828198], [-0.007795124279134798, -0.06828719272098849, 0.0], [-0.006763033927828198, 0.0, 0.07874705071153214]]	0.46999698537779555	[[0.7003348478273953, -0.7003348478273952, 0.0], [-0.7071067811865475, -0.7071067811865476, 0.0], [0.0, 0.0, -0.9904230400000001]]
3	[[0.08740825448676931, -0.06334395238859675, -0.994156597696443], [0.7119981850616444, -0.6940087028176986, 0.10681996481098455], [-0.6967197295301035, -0.717174639895393, -0.015561310176609944]]	0.8344772574312521	0.16552274256874808	[[0.07294020048097219, -0.05285908766409203, -0.8296010711029124], [0.59414629276627, -0.5791344789607342, 0.08913883127437325], [-0.5813967690965244, -0.5984659265991534, -0.012985559438214504]]	0.9242394938330919	0.1193992429948053	[[0.0733271984602388, -0.025219644590695502, -0.9020637413868282], [0.629037132110229, -0.6322754482372989, 0.06558719026904433], [-0.6556883703063299, -0.6594500231595863, 0.021859487474814643]]	[[-0.007458962423446941, 0.033325337902328625, 0.01677504925896093], [-0.02901971006122524, 0.00915480397069153, -0.03314003993912872], [-0.01175248014189827, 0.0033911030072616716, 0.036241864915824346]]	0.11582822664719991	[[0.0, 0.0, -0.9856690094080003], [0.7071067811865475, -0.7071067811865476, 0.0], [-0.696973240557824, -0.6969732405578238, 0.0]]
3	[[-0.3195682178843842, -0.5708200961323295, -0.7563336379995778], [0.910087742671785, 0.03735879733279218, -0.41272826520656647], [0.2638493031197415, -0.8202248094963509, 0.507557688474819]]	0.4862968027194465	0.5137031972805536	[[-0.15540500260792744, -0.27758798767715887, -0.36780262994836194], [0.44257275945544744, 0.018167463696380698, -0.20070843576189704], [0.1283090725068844, -0.3988727023692426, 0.2468236811009773]]	0.6826873481712342	0.5451760493280255	[[-0.2514633836607675, -0.2789268934189797, -0.49562164466917197], [0.5824367453937259, -0.02178847752786836, -0.07778757240567082], [0.30571316790593467, -0.48134608170045834, 0.3064136379341479]]	[[-0.03329820443347007, 0.11076476429244939, 0.020717760989462104], [-0.03886864225401966, -0.04729285580985883, 0.2039767924835139], [0.12558658684229024, 0.0786110183988612, -0.04008957445464767]]	0.900534206294876	[[0.0, 0.0, -0.9856690094080003], [0.7071067811865475, 0.7071067811865476, 0.0], [0.696973240557824, -0.6969732405578238, 0.0]]
3	[[0.5319609947059123, -0.8460851799387872, 0.03402011756955908], [-0.703274286200726, -0.4190807785627857, 0.5742617690636116], [-0.47161719485230363, -0.3294103357928521, -0.8179645788128509]]	0.5299835975020754	0.47001640249792476	[[0.2819306017050219, -0.44841126745714915, 0.018030104296958484], [-0.3727238362313649, -0.22210593866667563, 0.30434931827623884], [-0.24994937757166108, -0.17458207481786242, -0.43350781010850453]]	0.7306635030168	0.4739903541038479	[[0.52129898360041, -0.630320867382654, 0.11214044191049076], [-0.42826043977781275, -0.2448025278502432, 0.27884634140873477], [-0.2915568994547466, -0.06868833640721687, -0.5311630834373589]]	[[0.13261449974028683, -0.012117305957980256, 0.08728318363407332], [0.08559641375924931, 0.061404501861449634, -0.1407457744239084], [0.053036572218994285, 0.1719997734731289, 0.06649378106170015]]	0.6466619613976512	[[0.7003348478273953, -0.7003348478273952, 0.0], [-0.7071067811865475, -0.7071067811865476, 0.0], [0.0, 0.0, -0.9904230400000001]]
3	[[0.22433838825039393, -0.7661379269479729, -0.6022499185961573], [-0.9416906372873723, -0.011392912655017143, -0.3362869982418849], [0.2507808429735371, 0.642575192824231, -0.724020780340167]]	0.5278218639708205	0.47217813602917946	[[0.11841070624653252, -0.40438434866041933, -0.31788067460969865], [-0.4970449074568908, -0.006013428393627864, -0.17749963024118368], [0.13236761198646596, 0.339165236017895, -0.382153997832755]]	0.7238738072241757	0.5025552003669858	[[0.26912319836008874, -0.4068163919149455, -0.4157922785091045], [-0.6828315225441461, 0.03466791587018987, -0.03818801816575658], [0.33977100026716933, 0.3582663125069578, -0.480650124588223]]	[[0.1067305151507408, 0.14777078612372097, 0.02016066296554583], [-0.0011663357035755911, 0.0429149469291496, 0.20524133157158633], [0.15823731668502689, -0.10687703875052718, 0.04344955418603235]]	0.7505067554821155	[[1.9681194325240141e-16, -0.9856690094080003, 0.0], [-1.0, -1.7938038903913487e-16, 0.0], [0.0, 0.0, -0.9856690094080003]]
3	[[-0.8305561570912853, 0.32773595720904825, 0.4502950280316503], [-0.5100865793185324, -0.772219296347621, -0.37879947194723407], [0.22358030216652452, -0.5443036842615101, 0.808545204538665]]	0.5458155666397009	0.45418443336029907	[[-0.4533304795088723, 0.17888338719226143, 0.2457780358801353], [-0.2784131953260514, -0.4214893128060878, -0.20675464842369906], [0.12203360931649715, -0.297089423849273, 0.44131655896908434]]	0.7695645342484615	0.4272588602752991	[[-0.5543078954648228, 0.1594509752712697, 0.25402140053043054], [-0.5519870173769162, -0.6034524309098267, -0.29507284722107713], [0.23900967392171013, -0.3462432485643749, 0.4998830559228015]]	[[0.08485866673432418, -0.09276299399478527, -0.0925096829911443], [-0.15944247653725896, -0.009179847778395008, -0.0035622080184407852], [0.06695020281779844, 0.07263356270405584, -0.12234465782682315]]	0.6815088340879787	[[-0.696973240557824, 0.6969732405578238, 0.0], [-0.7071067811865475, -0.7071067811865476, 0.0], [0.0, 0.0, 0.9856690094080003]]
3	[[0.8592155572171323, 0.2624339665249735, -0.4391776855101157], [-0.4266000482917053, 0.8413623931712975, -0.33184593135155627], [0.2824199444684594, 0.4724804086637203, 0.8348660002631537]]	0.626265614509908	0.3737343854900919	[[0.5380971589370603, 0.1643533693140352, -0.2750418830950317], [-0.26716494139336133, 0.5269163361849495, -0.20782369612049517], [0.17686990007239384, 0.2958982334756773, 0.5228478686882331]]	0.8184082404030099	0.32867987927005965	[[0.6009028641151164, 0.22161110554226127, -0.2967070742600498], [-0.3258658382121955, 0.7523147605851821, -0.2720992259826849], [0.25457860862355475, 0.36990688763663176, 0.581605205565398]]	[[-0.10228622819384861, 0.006832984776575273, 0.06271956256255053], [0.023267156666058005, 0.06373684484859524, -0.00051378122035977], [0.023443798816407114, -0.016774972242738568, -0.10165600868226858]]	0.6257966943082399	[[0.9856690094080003, 0.0, 0.0], [0.0, 0.7071067811865476, -0.7071067811865475], [0.0, 0.6969732405578238, 0.696973240557824]]
3	[[-0.42203838922340475, -0.825029846081567, 0.3757783270710803], [0.2588054115689476, 0.28760896992378115, 0.9221175843470338], [-0.8688517462515349, 0.4864224845687207, 0.09214016247897017]]	0.47148082735715396	0.5285191726428461	[[-0.19898300892753146, -0.38898575442488265, 0.17717227655036014], [0.12202178957103621, 0.13560211509500317, 0.4347607615885198], [-0.40964694017338177, 0.22933887546958293, 0.04344232003840745]]	0.6714583225241426	0.5868641662223046	[[-0.13431061153252655, -0.40490257914606864, 0.3784805875897393], [0.12364347593648153, 0.10091834477005047, 0.6594040615363752], [-0.5398117906913675, 0.19098254349747906, -0.032806928176848445]]	[[0.14907057733621196, 0.14907057733621196, 0.12616110245366313], [-0.0501335715757744, -0.09219909171786823, 0.04024053518070118], [0.04358594536886022, -0.13562988202905982, -0.0946752071120797]]	0.6550477886616859	[[0.0, -0.6969732405578238, 0.696973240557824], [0.0, 0.7071067811865476, 0.7071067811865475], [-0.9856690094080003, 0.0, 0.0]]
3	[[0.04673222253661188, -0.9725397674033924, -0.22799671093185395], [-0.8377629715199755, -0.16246744520517667, 0.5213036857710898], [-0.5440306084466285, 0.16664552219444034, -0.8223502702654952]]	0.5707872407758916	0.42921275922410834	[[0.026674156356997603, -0.5551132903810098, -0.13013761353877148], [-0.47818441493809866, -0.0927343447645711, 0.2975534924075827], [-0.3105257298928806, 0.09511913780102221, -0.4693870417161508]]	0.7600707173015515	0.3828020431283406	[[-0.007936468384929382, -0.8190371336867545, -0.10492660863096734], [-0.6605681066493598, -0.11160574065811057, 0.22558683047154923], [-0.3102463889913209, 0.04521748114601465, -0.6250443597938197]]	[[-0.043456262289427575, -0.07983813507217394, 0.0683670149894014], [-0.023809003957492993, 0.011881006957138437, -0.17064083590442558], [0.10325534580470755, -0.08144490044340527, 0.0]]	0.6100659846091888	[[1.9681194325240141e-16, -0.9856690094080003, 0.0], [-1.0, -1.7938038903913487e-16, 0.0], [0.0, 0.0, -0.9856690094080003]]
