3	[[-0.5446221603179724, 0.8109226453022452, -0.2139887049042392], [-0.8354447797583356, -0.5021691245819775, 0.22328947644507607], [0.07361197229480154, 0.30038414347728, 0.9509735242804028]]	0.5838342913957122	0.41616570860428787	[[-0.3179690930476453, 0.4734444479967729, -0.12493394389445264], [-0.4877613109904547, -0.29318355501112386, 0.13036405325643052], [0.042977193682976256, 0.17537456355356573, 0.5552109536843319]]	0.7687565492112566	0.33814334428958037	[[-0.4819188718049717, 0.5762229440665975, -0.10919188705783651], [-0.6739634801233425, -0.4263796960722504, 0.05114775051003418], [0.13301601706774308, 0.10384523501875033, 0.7310671249170696]]	[[-0.06323701921494752, -0.0471791504132205, 0.0553133312945323], [-0.031709834179766014, -0.04033389273817182, -0.12050749687707064], [0.07642633126575685, -0.1270770425586224, 0.0]]	0.40722314522617964	[[-0.6470617906283268, 0.6470617906283267, 0.0], [-0.7071067811865475, -0.7071067811865476, 0.0], [0.0, 0.0, 0.9150835599999998]]
3	[[0.08740825448676931, -0.06334395238859675, -0.994156597696443], [0.7119981850616444, -0.6940087028176986, 0.10681996481098455], [-0.6967197295301035, -0.717174639895393, -0.015561310176609944]]	0.7441868381128262	0.25581316188717396	[[0.0650480725314701, -0.047139735641639216, -0.7398382550287211], [0.5298596780830959, -0.5164721421726871, 0.07949401186000994], [-0.5184896525698311, -0.5337119276384573, -0.01158052221722429]]	0.8752505980902674	0.19795499835929078	[[0.04267520890666838, -0.03228432465203949, -0.8193211194664006], [0.6357537186451948, -0.6381622974339821, 0.07135306254135265], [-0.6021759844315304, -0.5866949842630179, 0.03017592960645776]]	[[-0.033828918110902766, 0.02315750756148122, 0.05081503726279641], [0.012576881330805655, -0.03073076521294075, -0.022141175547442903], [0.007628375540982037, 0.041012548240596976, 0.04379597564560378]]	0.18440149546224552	[[0.0, 0.0, -0.8753689334959998], [0.7071067811865475, -0.7071067811865476, 0.0], [-0.6189793089150574, -0.6189793089150574, 0.0]]
3	[[0.034229894132735264, 0.2773841392786001, 0.9601491309293217], [-0.1827544195208179, -0.9427759796974285, 0.2788803941677556], [0.9825625356654255, -0.18501754344446375, 0.018422055382213542]]	0.8312362479759491	0.16876375202405108	[[0.028453128767508815, 0.23057175118198164, 0.7981107610910576], [-0.15191209798350724, -0.7836695680455399, 0.23181549248205896], [0.8167415955482629, -0.15379328862250322, 0.015313080195916325]]	0.904052807921673	0.14583446891271407	[[0.00910111735014385, 0.22856565787463737, 0.8354620096373524], [-0.16591955693526758, -0.8258426487533113, 0.2545334824314635], [0.8674178850309192, -0.1551871563411625, 0.0]]	[[-0.02184451455541707, -0.022204252113117523, -0.03256350820285485], [-0.000699910807376759, 0.02647662293325515, 0.002410879009801069], [-0.020870534296047703, 0.012078473324575085, -0.016654510895978723]]	0.3570956815046521	[[0.0, 0.0, 0.9565999999999999], [0.0, -1.0, 0.0], [0.9565999999999999, 0.0, 0.0]]
3	[[-0.8305561570912853, 0.32773595720904825, 0.4502950280316503], [-0.5100865793185324, -0.772219296347621, -0.37879947194723407], [0.22358030216652452, -0.5443036842615101, 0.808545204538665]]	0.4991968947892184	0.5008031052107815	[[-0.4146110545680359, 0.16360477214952907, 0.2247858797324238], [-0.2546336364694657, -0.3854894748330477, -0.1890955201438549], [0.11161059257756419, -0.27171470900567707, 0.403623255402415]]	0.7288619345408975	0.4753832114604843	[[-0.49987867638500366, 0.12854145059127306, 0.2523088313871712], [-0.5535526545116609, -0.5906511226769525, -0.2862145876690283], [0.21867202098934824, -0.3292530463155538, 0.4493438315522882]]	[[0.10548209101740404, -0.11033281319872666, -0.07589407385812509], [-0.18176996352620636, -0.027809872451214912, -0.010122071742496908], [0.05571284942701674, 0.06746918997302835, -0.13997399039152883]]	0.6808495574729538	[[-0.6470617906283268, 0.6470617906283267, 0.0], [-0.7071067811865475, -0.7071067811865476, 0.0], [0.0, 0.0, 0.9150835599999998]]
3	[[0.5319609947059123, -0.8460851799387872, 0.03402011756955908], [-0.703274286200726, -0.4190807785627857, 0.5742617690636116], [-0.47161719485230363, -0.3294103357928521, -0.8179645788128509]]	0.4951779084325932	0.504822091567407	[[0.2634153327261954, -0.41896268975790285, 0.01684601066272519], [-0.3482458900953003, -0.20751954339302295, 0.28436174169772005], [-0.23353441612781045, -0.16311672109398268, -0.40503798930849455]]	0.6984656145718385	0.5182352639850359	[[0.44283688844917596, -0.5821905630797015, 0.10754045296442652], [-0.4023787277095185, -0.2192450642338395, 0.30472805347702897], [-0.302613990068005, -0.05276906671949402, -0.467958733405444]]	[[0.07128042535366441, 0.008770842106367943, 0.08377857063839819], [0.0888341788142426, 0.0734684493202612, -0.09637404597709763], [0.026794403777155872, 0.17731272591637612, 0.1033613988330689]]	0.6733555734957911	[[0.6470617906283268, -0.6470617906283267, 0.0], [-0.7071067811865475, -0.7071067811865476, 0.0], [0.0, 0.0, -0.9150835599999998]]
3	[[0.8787972042104137, -0.3840163418041313, 0.28327887866788265], [-0.395223040501579, -0.9183905790867732, -0.018907472103605397], [0.2674214316928388, -0.09534250611366366, -0.9588511794847616]]	0.641542372215371	0.3584576277846292	[[0.5637856430853846, -0.24636275489049111, 0.18173540381910366], [-0.25355232695755464, -0.5891864707275766, -0.012129944505942965], [0.1715621796694546, -0.06116625754511829, -0.6151436602881605]]	0.8239346603111548	0.3206196191146932	[[0.5913202253946434, -0.255177750661846, 0.23816883949565537], [-0.3436804566502118, -0.8489350591814648, -0.021022572272984832], [0.21359827704145928, -0.07855599538797566, -0.6890499142934183]]	[[-0.1327512505388564, 0.06122662347647321, 0.004765552827108656], [-0.018042495027401604, -0.09224122936863943, -0.005444050667958087], [-0.006739509440302507, 0.0, 0.1009808065643088]]	0.4875377799001074	[[0.6470617906283268, -0.6470617906283267, 0.0], [-0.7071067811865475, -0.7071067811865476, 0.0], [0.0, 0.0, -0.9150835599999998]]
3	[[0.22433838825039393, -0.7661379269479729, -0.6022499185961573], [-0.9416906372873723, -0.011392912655017143, -0.3362869982418849], [0.2507808429735371, 0.642575192824231, -0.724020780340167]]	0.4772756983249868	0.5227243016750132	[[0.10707126091330879, -0.36565901409735146, -0.2874392504641474], [-0.4494460565174325, -0.005437560343378891, -0.16050161192350923], [0.11969160195672376, 0.30668552388149783, -0.3455575235386551]]	0.6860027296064419	0.5343171703230777	[[0.29336821147848813, -0.3982486428483175, -0.3233024077567811], [-0.6748931191178554, -0.03668593444395775, -0.03942695850363741], [0.28409459247241103, 0.2875269310422824, -0.4852526001955255]]	[[0.13947146478320815, 0.1273240662930128, 0.08984268030544022], [-0.02889077149388817, -0.02887036526444829, 0.19126684022145238], [0.11205824965956009, -0.15328140521252576, 0.011427631409615238]]	0.7339685738481628	[[1.7478794526329305e-16, -0.8753689334959998, 0.0], [-1.0, -1.7938038903913487e-16, 0.0], [0.0, 0.0, -0.8753689334959998]]
3	[[-0.42203838922340475, -0.825029846081567, 0.3757783270710803], [0.2588054115689476, 0.28760896992378115, 0.9221175843470338], [-0.8688517462515349, 0.4864224845687207, 0.09214016247897017]]	0.43718687828603003	0.5628131217139701	[[-0.18450964590144484, -0.3606922229012042, 0.16428535373975234], [0.1131463299673594, 0.12573886772803858, 0.40313770811333466], [-0.37985058263707444, 0.21265752755673362, 0.04028246999894858]]	0.6345808923792534	0.6130895633394984	[[-0.1108051400906236, -0.36653581840489163, 0.3287628611550473], [0.1398632615791755, 0.0917185094576005, 0.6397603090229046], [-0.48770116681237885, 0.18008735027590284, -0.03065875867134079]]	[[0.1570123575610673, 0.15701235756106727, 0.0903011150254982], [-0.02436970744682726, -0.0907926473329104, 0.054602109469362455], [0.06365554966919286, -0.12858706405504955, -0.0891291452012151]]	0.6760291621085628	[[0.0, -0.6189793089150574, 0.6189793089150574], [0.0, 0.7071067811865476, 0.7071067811865475], [-0.8753689334959998, 0.0, 0.0]]
3	[[-0.30792515101507295, 0.09349718223056193, 0.9468053539599837], [0.3027085282091916, -0.9338174967034747, 0.1906631317268273], [0.9019698710720718, 0.34531602882779927, 0.2592434992682147]]	0.6725855743044161	0.3274144256955838	[[-0.20710601453824695, 0.06288485600638716, 0.6368076227476717], [0.2035973892924237, -0.6280721773158188, 0.12823727195116674], [0.6066519237402896, 0.23225457956566567, 0.17436343783999866]]	0.830788365679316	0.280369142368555	[[-0.23582590872300324, 0.07335569468215947, 0.7279652768436127], [0.246956698691373, -0.8486184311328262, 0.11851073796107467], [0.6661222622000316, 0.2530428629873813, 0.1624702140408438]]	[[0.019994724240365795, -0.004320676538790281, -0.05862959578922865], [-0.004530024736732434, -0.07281371920379626, -0.03988997364155633], [-0.08322381287991845, -0.033841676245337654, -0.052906269029183293]]	0.4739056312465715	[[0.0, 0.0, 0.9565999999999999], [0.0, -1.0, 0.0], [0.9565999999999999, 0.0, 0.0]]
3	[[-0.3195682178843842, -0.5708200961323295, -0.7563336379995778], [0.910087742671785, 0.03735879733279218, -0.41272826520656647], [0.2638493031197415, -0.8202248094963509, 0.507557688474819]]	0.44523247609936933	0.5547675239006307	[[-0.14228214893132712, -0.2541476448082771, -0.33674429840379605], [0.4052006191374446, 0.016633349840573623, -0.1837600274741167], [0.11747427854509555, -0.3651907228901937, 0.225981166402916]]	0.651140802154468	0.569258454548324	[[-0.2661611603240306, -0.2661611603240306, -0.4421604808179232], [0.6092575132879141, -0.06931636951609108, -0.05731877406674112], [0.24564723809888436, -0.3983088836428489, 0.3262336485831025]]	[[-0.05807725458771886, 0.10552309495746502, 0.05031921092552884], [0.016662250493658805, -0.09364220677889161, 0.2114254396116846], [0.07384419121759844, 0.13577295675960077, -0.004257871830058721]]	0.9203551148687803	[[0.0, 0.0, -0.8753689334959998], [0.7071067811865475, 0.7071067811865476, 0.0], [0.6189793089150574, -0.6189793089150574, 0.0]]
3	[[0.3802729664721569, 0.7767473726770865, -0.5020517802076895], [0.4287143634067757, 0.332951791095048, 0.839849450446521], [0.8195098935212374, -0.5346088512602871, -0.20639019011321075]]	0.5315540638427834	0.4684459361572169	[[0.20213564069782552, 0.41288322252571036, -0.2668676640289012], [0.2278848620966435, 0.17698187762030618, 0.44642538840097656], [0.4356138142605805, -0.28417350745372766, -0.10970754429196183]]	0.6880466553284228	0.46223094448699237	[[0.19391658893671285, 0.44914146591894344, -0.2896394667777225], [0.34004611914552013, 0.20297560406576015, 0.4791236670714744], [0.5623680862263811, -0.2799160054782837, -0.07154929273742465]]	[[-0.06772895375627216, -0.0852969658866659, 0.055795581395858614], [0.045070635312234195, -0.026110762182795323, -0.09873193828766834], [-0.0014929550194580608, 0.08791982654032715, 0.0704567872625673]]	0.6966514782204599	[[0.0, 0.6189793089150574, -0.6189793089150574], [0.0, 0.7071067811865476, 0.7071067811865475], [0.8753689334959998, 0.0, 0.0]]
3	[[0.8592155572171323, 0.2624339665249735, -0.4391776855101157], [-0.4266000482917053, 0.8413623931712975, -0.33184593135155627], [0.2824199444684594, 0.4724804086637203, 0.8348660002631537]]	0.5598083618838399	0.4401916381161602	[[0.4809960535908335, 0.14691272890302387, -0.24585534070135406], [-0.23881427421374654, 0.4710017030718912, -0.1857701272277319], [0.1581010464762133, 0.2644984835962445, 0.4673649679998295]]	0.7797015523906765	0.3905075503293428	[[0.5332311544496943, 0.2120447438372929, -0.2857167803956382], [-0.3417852229273757, 0.7509608698768107, -0.25944842257762585], [0.24216242851578515, 0.3322625959777072, 0.5269896415336243]]	[[-0.13670054935072395, 0.007424572737728268, 0.05671074277194331], [-0.009164503024395528, 0.09494930579801537, -0.0007076347482875556], [0.02195915938763862, -0.036131112131576784, -0.12395667490975171]]	0.660061412946247	[[0.8753689334959998, 0.0, 0.0], [0.0, 0.7071067811865476, -0.7071067811865475], [0.0, 0.6189793089150574, 0.6189793089150574]]
3	[[0.8489524140446696, -0.5135124485683378, 0.12483895166604869], [0.522794976890395, 0.7815435453534784, -0.34040431673891397], [0.0772347773085365, 0.35425224329800037, 0.9319550081910795]]	0.7329431666026225	0.2670568333973775	[[0.6222338706448409, -0.37637544014354385, 0.09149985654946545], [0.383179005845991, 0.5728270009692187, -0.24949701783582168], [0.05660870225236712, 0.25964676097891903, 0.6830700548347428]]	0.8598010073006234	0.21186851922890243	[[0.711935444151057, -0.42478498351174726, 0.05439890066457093], [0.47210402895705883, 0.6268892172638683, -0.2682299551467931], [0.03175413182963144, 0.2574449386034676, 0.7720285908840099]]	[[-0.01799469659484553, 0.016733537028719006, -0.05293775572825156], [0.02260438121499099, -0.045082710280352864, 0.024450019274805588], [-0.03465240749888758, -0.0471414970226586, -0.029267263917540923]]	0.44116565160897886	[[0.6764183468830514, -0.6764183468830512, 0.0], [0.7071067811865475, 0.7071067811865476, 0.0], [0.0, 0.0, 0.9565999999999999]]
3	[[0.04673222253661188, -0.9725397674033924, -0.22799671093185395], [-0.8377629715199755, -0.16246744520517667, 0.5213036857710898], [-0.5440306084466285, 0.16664552219444034, -0.8223502702654952]]	0.5365929037188985	0.4634070962811015	[[0.02507617898815829, -0.5218579377730884, -0.1223414171572818], [-0.44953766551607643, -0.0871788781824367, 0.2797278584672733], [-0.2919229638983355, 0.08942080464606689, -0.441267319395783]]	0.7350234434581014	0.40849441056944347	[[-0.008866685497729402, -0.7772812987044342, -0.10637222906165376], [-0.6594017800499453, -0.12952751649464234, 0.23575956506673829], [-0.2761670901578359, 0.006500458533165648, -0.5837704376761857]]	[[-0.04321596462704006, -0.06244176996765149, 0.06121069850459892], [-0.04362635592164155, -0.010110135470093096, -0.14741086513612822], [0.12370816100921103, -0.11598790702706538, 0.02067628970305894]]	0.6450592226115273	[[1.7478794526329305e-16, -0.8753689334959998, 0.0], [-1.0, -1.7938038903913487e-16, 0.0], [0.0, 0.0, -0.8753689334959998]]
