3	[[-0.30792515101507295, 0.09349718223056193, 0.9468053539599837], [0.3027085282091916, -0.9338174967034747, 0.1906631317268273], [0.9019698710720718, 0.34531602882779927, 0.2592434992682147]]	0.7117596988704666	0.28824030112953347	[[-0.21916871276113126, 0.0665475262696619, 0.6738978936235036], [0.21545573088369635, -0.664653660253638, 0.13570633322358674], [0.6419858038244916, 0.24578203269361978, 0.18451907497327055]]	0.8487321032520152	0.26267390904957244	[[-0.25576201962127476, 0.07866362054355426, 0.7428049110792369], [0.24377586787859815, -0.8497644716600725, 0.11892478218994242], [0.6795401818305846, 0.26398172641002327, 0.17709839907772054]]	[[0.005583941443942491, -0.0006904395791275039, -0.060779188357488925], [-0.013142577940711078, -0.05720358362940072, -0.042897138613183755], [-0.08599060391436386, -0.02909907302362828, -0.04292988131060361]]	0.46978168940305093	[[0.0, 0.0, 0.978], [0.0, -1.0, 0.0], [0.978, 0.0, 0.0]]
3	[[0.5319609947059123, -0.8460851799387872, 0.03402011756955908], [-0.703274286200726, -0.4190807785627857, 0.5742617690636116], [-0.47161719485230363, -0.3294103357928521, -0.8179645788128509]]	0.5145848130866926	0.4854151869133075	[[0.273739049030153, -0.4353825841742215, 0.01750623584071885], [-0.3618942671132777, -0.2156526041049567, 0.295506385096432], [-0.24268704606154295, -0.16950955607278945, -0.420912149899946]]	0.7167641816188531	0.4930087306890816	[[0.4833191168263258, -0.6087783314713073, 0.11088886680835953], [-0.41452301443646933, -0.23034244528492526, 0.2925837667500782], [-0.3002286304973909, -0.06140125381089037, -0.4993126885373052]]	[[0.10202852980279146, -0.0023347798926424447, 0.08650446508003733], [0.08955880376577705, 0.07003964599382158, -0.11902650018779619], [0.03780968220829978, 0.1747082759404649, 0.08697502338869781]]	0.6584295153187718	[[0.6763363224964337, -0.6763363224964337, 0.0], [-0.7071067811865475, -0.7071067811865476, 0.0], [0.0, 0.0, -0.956484]]
3	[[0.22433838825039393, -0.7661379269479729, -0.6022499185961573], [-0.9416906372873723, -0.011392912655017143, -0.3362869982418849], [0.2507808429735371, 0.642575192824231, -0.724020780340167]]	0.5080440280261873	0.49195597197381263	[[0.11397377840763281, -0.38923179843028105, -0.3059694745220352], [-0.478420304522024, -0.005788101236205456, -0.17084860115964257], [0.12740770961607856, 0.32645648927212645, -0.36783443361868184]]	0.707040034770446	0.509813217499188	[[0.28100052443730067, -0.40328278924711364, -0.37258542985887155], [-0.6794201725753791, -0.011356346112020448, -0.03864669759252775], [0.3009094249503231, 0.32517252875998426, -0.48352529845670666]]	[[0.12238430260839639, 0.13840739726113854, 0.05322937352585373], [-0.013607191644712024, -0.0033011007522805286, 0.19912167333726347], [0.12359732901455167, -0.12915385791708608, 0.02838637924953041]]	0.7411037177583695	[[-1.8678281302193827e-16, -0.9354413519999999, 0.0], [-1.0, 1.7938038903913487e-16, 0.0], [0.0, 0.0, -0.9354413519999999]]
3	[[-0.3195682178843842, -0.5708200961323295, -0.7563336379995778], [0.910087742671785, 0.03735879733279218, -0.41272826520656647], [0.2638493031197415, -0.8202248094963509, 0.507557688474819]]	0.4676462375679841	0.5323537624320158	[[-0.14944487473993803, -0.2669418702844789, -0.3536965801566082], [0.4255991087172, 0.017470701012745123, -0.19301082036181194], [0.12338813388888172, -0.383575046120885, 0.23735744336395206]]	0.6690471528055385	0.5534627328445038	[[-0.2617665306213943, -0.27282065601024347, -0.47165221877443236], [0.5949534518555869, -0.04461339899197469, -0.06768077411551408], [0.2785707376860159, -0.44158779371998597, 0.317936508325954]]	[[-0.047960324318707094, 0.10908490407127533, 0.03437064830023987], [-0.013938161182190385, -0.06960819597971846, 0.20845389660330838], [0.10204311266402742, 0.10718127973401284, -0.021643518032684078]]	0.9087955782930792	[[0.0, 0.0, -0.9354413519999999], [0.7071067811865475, 0.7071067811865476, 0.0], [0.6614569234015122, -0.6614569234015121, 0.0]]
3	[[0.3802729664721569, 0.7767473726770865, -0.5020517802076895], [0.4287143634067757, 0.332951791095048, 0.839849450446521], [0.8195098935212374, -0.5346088512602871, -0.20639019011321075]]	0.5472128876317714	0.4527871123682288	[[0.20809026807152883, 0.42504617276302026, -0.2747292043881212], [0.23459802476903835, 0.18219551104729148, 0.459576442954797], [0.44844637527656184, -0.2925448532516459, -0.11293937191072034]]	0.7091309462260709	0.44269846976804045	[[0.21228095949335823, 0.47348549812451884, -0.30760924089894687], [0.3307088120725332, 0.22381501945273652, 0.4952450233651301], [0.5970858921356053, -0.30121194248292693, -0.049112525086175]]	[[-0.05738236904523728, -0.07733010124059797, 0.04841121305421528], [0.02669418988917875, -0.012291399214159863, -0.10031821211745703], [0.015946065901263497, 0.07789573807211328, 0.09724514572058479]]	0.6815967404551111	[[0.0, 0.6614569234015121, -0.6614569234015122], [0.0, 0.7071067811865476, 0.7071067811865475], [0.9354413519999999, 0.0, 0.0]]
3	[[0.8489524140446696, -0.5135124485683378, 0.12483895166604869], [0.522794976890395, 0.7815435453534784, -0.34040431673891397], [0.0772347773085365, 0.35425224329800037, 0.9319550081910795]]	0.7538171134712207	0.24618288652877943	[[0.6399548582295773, -0.387094471711323, 0.09410573819367407], [0.39409180041677105, 0.5891408994104231, -0.25660259945727126], [0.05822089689031353, 0.2670414034836032, 0.7025236341596474]]	0.8783375085741957	0.19632005924541146	[[0.7471007469935544, -0.44188951036055474, 0.05318611829191399], [0.46915804020217755, 0.6261196572251572, -0.2714947061067688], [0.03815043982383239, 0.26900305340944003, 0.8025926339159966]]	[[0.0014339987435104088, 0.009147734336793847, -0.05646461548745765], [0.009967602705163801, -0.06033935324286085, 0.027495173365590257], [-0.029687762052630403, -0.04214997937574539, -0.015978406081800303]]	0.43393941491750687	[[0.6915504320004435, -0.6915504320004434, 0.0], [0.7071067811865475, 0.7071067811865476, 0.0], [0.0, 0.0, 0.978]]
3	[[-0.42203838922340475, -0.825029846081567, 0.3757783270710803], [0.2588054115689476, 0.28760896992378115, 0.9221175843470338], [-0.8688517462515349, 0.4864224845687207, 0.09214016247897017]]	0.4562809750395318	0.5437190249604682	[[-0.19256808773896858, -0.37644542260681224, 0.1714605014747167], [0.1180879855361868, 0.1312305012269382, 0.4207447104869624], [-0.39644052194445023, 0.22194532554016752, 0.0420418031762054]]	0.6551449569498096	0.5980516590953284	[[-0.12349711100238399, -0.3875149316568659, 0.3556772110494211], [0.13079137410951736, 0.09681453355400867, 0.6506913354273299], [-0.5161428157392209, 0.18621344443500126, -0.03188605623200183]]	[[0.15299921133655045, 0.15299921133655045, 0.10948793513776686], [-0.03876368611119857, -0.09161103266508604, 0.046570650327630025], [0.05308102415450795, -0.13246379327719274, -0.09225121901263521]]	0.6632071702487988	[[0.0, -0.6614569234015121, 0.6614569234015122], [0.0, 0.7071067811865476, 0.7071067811865475], [-0.9354413519999999, 0.0, 0.0]]
3	[[-0.5446221603179724, 0.8109226453022452, -0.2139887049042392], [-0.8354447797583356, -0.5021691245819775, 0.22328947644507607], [0.07361197229480154, 0.30038414347728, 0.9509735242804028]]	0.6141105678904215	0.38588943210957877	[[-0.3344582241585781, 0.49799616622176446, -0.13141272509087817], [-0.5130554681384796, -0.30838736627407404, 0.13712442718364054], [0.04520589010949457, 0.1844690769361102, 0.5840028910445936]]	0.7843615264120128	0.3104630267820111	[[-0.4712088571940721, 0.5871823203550439, -0.1146980314632617], [-0.6719823101296366, -0.43911188459455297, 0.04137861010528065], [0.08938825401113774, 0.14718118695205457, 0.7436561567343909]]	[[-0.044028188209259383, -0.04887420351629233, 0.05314647575035715], [-0.01669156744544072, -0.04522974352044876, -0.1337610644709184], [0.031649855059788394, -0.08842857833574982, -0.002250888347597138]]	0.3928965252701472	[[-0.6763363224964337, 0.6763363224964337, 0.0], [-0.7071067811865475, -0.7071067811865476, 0.0], [0.0, 0.0, 0.956484]]
3	[[0.034229894132735264, 0.2773841392786001, 0.9601491309293217], [-0.1827544195208179, -0.9427759796974285, 0.2788803941677556], [0.9825625356654255, -0.18501754344446375, 0.018422055382213542]]	0.8652851691750786	0.13471483082492156	[[0.02961861973548886, 0.24001638188216703, 0.830802803189483], [-0.15813468881256418, -0.8157700730866899, 0.241311069047059], [0.8501967898983518, -0.16009293637970026, 0.015940331307951312]]	0.9212811395948346	0.1258358736124583	[[0.009020587520809012, 0.23815709751670386, 0.8649757864042041], [-0.16470990651049522, -0.8268965830398785, 0.25319871040775493], [0.8984515425092992, -0.16107592280878202, 0.0]]	[[-0.022514768354007883, -0.017391678423417187, -0.019591499119351475], [0.0036582933716363814, 0.04166514591840513, -0.003728536941771615], [-0.0067647900717343985, 0.00937725046077036, -0.01697189217620485]]	0.3477035305428423	[[0.0, 0.0, 0.978], [0.0, -1.0, 0.0], [0.978, 0.0, 0.0]]
3	[[0.8787972042104137, -0.3840163418041313, 0.28327887866788265], [-0.395223040501579, -0.9183905790867732, -0.018907472103605397], [0.2674214316928388, -0.09534250611366366, -0.9588511794847616]]	0.6811797776052491	0.31882022239475094	[[0.5986188841241644, -0.26158416630691944, 0.19296384357125262], [-0.26921794283333594, -0.625589090417084, -0.012879387642611375], [0.18216207136740523, -0.0649453871108325, -0.6531500331979608]]	0.8395906594235187	0.29520387607690646	[[0.6139393140022451, -0.2665750552015027, 0.2426146892392032], [-0.3414130912129267, -0.8498916331500608, -0.020980563861872754], [0.2177697025035464, -0.08004867757906174, -0.7160460560894424]]	[[-0.12389061018032058, 0.05584147844323524, 0.004776388697680669], [-0.009587518018837865, -0.07881948124624964, -0.005106026890374917], [-0.006754833675425565, 0.0, 0.08899643798318753]]	0.4769507702104917	[[0.6763363224964337, -0.6763363224964337, 0.0], [-0.7071067811865475, -0.7071067811865476, 0.0], [0.0, 0.0, -0.956484]]
3	[[0.08740825448676931, -0.06334395238859675, -0.994156597696443], [0.7119981850616444, -0.6940087028176986, 0.10681996481098455], [-0.6967197295301035, -0.717174639895393, -0.015561310176609944]]	0.8140951947800644	0.1859048052199357	[[0.07115863996179188, -0.0515680072579338, -0.809338109043572], [0.5796343011508118, -0.5649891500994341, 0.0869616200591981], [-0.5671961839189235, -0.5838484281569625, -0.01266838783926027]]	0.9036069668836383	0.15037775614258522	[[0.05519260226322549, -0.029581369482254705, -0.8683347685198779], [0.6340196688276932, -0.6377772127159794, 0.06745428268882124], [-0.6349225901181438, -0.626606372117136, 0.025727384330973907]]	[[-0.023790105454157273, 0.02765666720602679, 0.029992059331962386], [-0.009346851602514588, -0.010666113772030692, -0.029068981716649477], [-0.00536178854945811, 0.02143762896460557, 0.03978869262039591]]	0.14383705116165765	[[0.0, 0.0, -0.9354413519999999], [0.7071067811865475, -0.7071067811865476, 0.0], [-0.6614569234015122, -0.6614569234015121, 0.0]]
3	[[0.8592155572171323, 0.2624339665249735, -0.4391776855101157], [-0.4266000482917053, 0.8413623931712975, -0.33184593135155627], [0.2824199444684594, 0.4724804086637203, 0.8348660002631537]]	0.5957324554207376	0.4042675445792625	[[0.5118625936366594, 0.1563404312637261, -0.2616324009549377], [-0.25413949425142285, 0.5012268843826051, -0.1976913915054442], [0.16824672697798368, 0.2814719139914317, 0.4973567722840587]]	0.8012188838984808	0.35633994232459554	[[0.573621286950561, 0.21254501785483926, -0.2901426598250328], [-0.32389982534024625, 0.7527807985086302, -0.2729401237792655], [0.2488483090580773, 0.3550128600740992, 0.5559035252682689]]	[[-0.11479844283116092, 0.0022779680986486986, 0.061734795192500094], [0.017900189223071836, 0.07866536089776853, -0.007058897035519752], [0.022568116360387358, -0.023547365619344892, -0.11300687966736396]]	0.6404794805035811	[[0.9354413519999999, 0.0, 0.0], [0.0, 0.7071067811865476, -0.7071067811865475], [0.0, 0.6614569234015121, 0.6614569234015122]]
3	[[-0.8305561570912853, 0.32773595720904825, 0.4502950280316503], [-0.5100865793185324, -0.772219296347621, -0.37879947194723407], [0.22358030216652452, -0.5443036842615101, 0.808545204538665]]	0.5246591633310562	0.4753408366689437	[[-0.435758898478971, 0.17194967310280207, 0.23625141265922012], [-0.2676215979316616, -0.4051519299298398, -0.1987406140220817], [0.11730345427199348, -0.28557391558265527, 0.42421065052859364]]	0.7523791055714225	0.4514736512964244	[[-0.5294379503273344, 0.1494309383737517, 0.24846926542000414], [-0.5529866061599028, -0.598131827275141, -0.28725000715043847], [0.2311586824219501, -0.3391153862610357, 0.4800327947371137]]	[[0.09545514827184465, -0.09715074797478598, -0.09032330501370756], [-0.16920812184823908, -0.017130163784124585, -0.0022491992558513487], [0.06294153465451195, 0.07040733286286917, -0.12829972306774992]]	0.6804006914584247	[[-0.6614569234015122, 0.6614569234015121, 0.0], [-0.7071067811865475, -0.7071067811865476, 0.0], [0.0, 0.0, 0.9354413519999999]]
3	[[0.04673222253661188, -0.9725397674033924, -0.22799671093185395], [-0.8377629715199755, -0.16246744520517667, 0.5213036857710898], [-0.5440306084466285, 0.16664552219444034, -0.8223502702654952]]	0.5550654012877849	0.44493459871221497	[[0.0259394398553545, -0.5398231762620929, -0.12655308584568462], [-0.46501323997078237, -0.09018005766901262, 0.2893576395353312], [-0.3019725679902656, 0.09249916364966951, -0.45645818276403555]]	0.751204752533929	0.3766645367801208	[[-0.01898623718446401, -0.8139958801248913, -0.1611069723234627], [-0.6524575676190135, -0.16701073553981116, 0.2348007393999662], [-0.27885659735532403, 0.01622903671570348, -0.617753431271001]]	[[-0.05409170485043991, -0.08341938482322135, 0.010165240490650394], [-0.023126041916261303, -0.044964418569636844, -0.1568050668647304], [0.12982178123370836, -0.10895587154525845, 0.0]]	0.6250633501759696	[[1.8678281302193827e-16, -0.9354413519999999, 0.0], [-1.0, -1.7938038903913487e-16, 0.0], [0.0, 0.0, -0.9354413519999999]]
