3	[[0.8489524140446696, -0.5135124485683378, 0.12483895166604869], [0.522794976890395, 0.7815435453534784, -0.34040431673891397], [0.0772347773085365, 0.35425224329800037, 0.9319550081910795]]	0.6672973559682834	0.3327026440317166	[[0.5665037012348995, -0.3426654991864509, 0.08330470236860663], [0.3488597057924604, 0.5215219413884543, -0.22715090052006734], [0.05153856268678558, 0.23639158529858872, 0.6218911128473071]]	0.8230008459149266	0.2664940225453278	[[0.6552977837498605, -0.4058486200785815, 0.04992994958556313], [0.4765014394674661, 0.6261841851038672, -0.2641245785189674], [0.02701159983526726, 0.22631714477883735, 0.7233322181435426]]	[[-0.04339077115042166, 0.01677255948100574, -0.0528126132387276], [0.04624073124659651, -0.017026813841396402, 0.016028462110251374], [-0.03655268722370927, -0.06523275112267733, -0.04366754195236822]]	0.45585324568501845	[[0.6481340756355896, -0.6481340756355894, 0.0], [0.7071067811865475, 0.7071067811865476, 0.0], [0.0, 0.0, 0.9166000000000001]]
3	[[-0.42203838922340475, -0.825029846081567, 0.3757783270710803], [0.2588054115689476, 0.28760896992378115, 0.9221175843470338], [-0.8688517462515349, 0.4864224845687207, 0.09214016247897017]]	0.40199166446077733	0.5980083355392228	[[-0.16965591455026185, -0.33165512105614814, 0.15105975516759], [0.10403761816805773, 0.11561640853351045, 0.37068358256021544], [-0.34927115964530747, 0.19553778420292683, 0.037039577278607676]]	0.5953898029423067	0.6439361000058068	[[-0.08927299573068413, -0.3292099998168986, 0.2825993684621114], [0.15733002368714596, 0.08226334819716123, 0.6190880211462155], [-0.4374138919024702, 0.16813917974225442, -0.028159354707431767]]	[[0.16200435766312726, 0.16200435766312726, 0.05886478435727131], [0.0032399206927076762, -0.08897609973019865, 0.07006861431219917], [0.07989157808431015, -0.12147180749182343, -0.08301866788885794]]	0.7057189646541823	[[0.0, -0.5445334472707012, 0.5445334472707012], [0.0, 0.7071067811865476, 0.7071067811865475], [-0.7700865862960002, 0.0, 0.0]]
3	[[0.04673222253661188, -0.9725397674033924, -0.22799671093185395], [-0.8377629715199755, -0.16246744520517667, 0.5213036857710898], [-0.5440306084466285, 0.16664552219444034, -0.8223502702654952]]	0.5013653383352227	0.4986346616647774	[[0.023429916563225368, -0.4875977295286606, -0.11430964811566693], [-0.42002531566083395, -0.08145554563375261, 0.26136359879202103], [-0.27275809006856083, 0.08355028861706544, -0.4122979214817218]]	0.6951430368006104	0.47290687657832714	[[-1.0318537790365103e-16, -0.6958920564877619, -0.10462514928113803], [-0.6710552106308019, -0.13586153965409142, 0.23259909119894048], [-0.25331596992518257, 0.0, -0.5167706163708177]]	[[-0.03248557909054231, -0.019837809165608324, 0.053865176736581845], [-0.08869011448930286, -0.02292342641292827, -0.12978153602332593], [0.12486311934289052, -0.11584247436746678, 0.054880447815341286]]	0.6851400467811259	[[1.5376585453625378e-16, -0.7700865862960002, 0.0], [-1.0, -1.7938038903913487e-16, 0.0], [0.0, 0.0, -0.7700865862960002]]
3	[[0.5319609947059123, -0.8460851799387872, 0.03402011756955908], [-0.703274286200726, -0.4190807785627857, 0.5742617690636116], [-0.47161719485230363, -0.3294103357928521, -0.8179645788128509]]	0.45838660675892023	0.5416133932410797	[[0.24384379529134306, -0.38783411466115114, 0.015594366254249717], [-0.3223715136723525, -0.19210101604328184, 0.26323390371244354], [-0.21618300563750795, -0.15099728605540197, -0.37494400773101216]]	0.6620331089360013	0.5516407203453083	[[0.3955195850648379, -0.5346929914245934, 0.09341144215581038], [-0.40628572799647494, -0.235240128271428, 0.30082105319007246], [-0.27343787847043455, -0.03830847983740313, -0.4444237218706634]]	[[0.04334379390699501, 0.02544341067495802, 0.07088899795486686], [0.059305134131738775, 0.04220522245581293, -0.07935925112619836], [0.03878831926531198, 0.17977206888319092, 0.09709591124033515]]	0.7020112054273541	[[0.5940796937275814, -0.5940796937275813, 0.0], [-0.7071067811865475, -0.7071067811865476, 0.0], [0.0, 0.0, -0.8401555600000001]]
3	[[-0.8305561570912853, 0.32773595720904825, 0.4502950280316503], [-0.5100865793185324, -0.772219296347621, -0.37879947194723407], [0.22358030216652452, -0.5443036842615101, 0.808545204538665]]	0.4539706976872158	0.546029302312784	[[-0.37704815810314357, 0.14878252115137913, 0.20442074804061275], [-0.23156436029411948, -0.35056493273046047, -0.17196386056343482], [0.1014989057636557, -0.24709792329791974, 0.3670558306160704]]	0.6841532967569055	0.5293615706522108	[[-0.4366796782725598, 0.10530785981756727, 0.24700893446268063], [-0.5436567952092038, -0.5951198674638145, -0.2707579203303318], [0.2015813117511414, -0.3071407663736382, 0.3939331771466277]]	[[0.13154805474318937, -0.11891377577278323, -0.06106189347841611], [-0.1946793803369769, -0.06680349004829175, -0.011601012787856638], [0.048618110934008564, 0.0652463936508038, -0.1592356901154865]]	0.6867753459429319	[[-0.5940796937275814, 0.5940796937275813, 0.0], [-0.7071067811865475, -0.7071067811865476, 0.0], [0.0, 0.0, 0.8401555600000001]]
3	[[-0.5446221603179724, 0.8109226453022452, -0.2139887049042392], [-0.8354447797583356, -0.5021691245819775, 0.22328947644507607], [0.07361197229480154, 0.30038414347728, 0.9509735242804028]]	0.5271140291289028	0.4728859708710972	[[-0.2870779812780937, 0.42744870287713466, -0.1127964484301493], [-0.4403746639731251, -0.2647003905625401, 0.11769901559104727], [0.038801903308438024, 0.1583366961547435, 0.5012714859783556]]	0.7354314028330727	0.3775071741202039	[[-0.4664360246526294, 0.5344960539754456, -0.08050705255034621], [-0.681055004746316, -0.46924252101645486, 0.037127193655850044], [0.09561075925134147, 0.08129258782403331, 0.6991090275447721]]	[[-0.06590378527600435, -0.06188192464829061, 0.0768669608878109], [-0.06664267837907573, -0.099931577265675, -0.12708689924401462], [0.04147420320126628, -0.13961934420227376, -0.0002667654738756752]]	0.43830028463792237	[[-0.5940796937275814, 0.5940796937275813, 0.0], [-0.7071067811865475, -0.7071067811865476, 0.0], [0.0, 0.0, 0.8401555600000001]]
3	[[0.8787972042104137, -0.3840163418041313, 0.28327887866788265], [-0.395223040501579, -0.9183905790867732, -0.018907472103605397], [0.2674214316928388, -0.09534250611366366, -0.9588511794847616]]	0.5746368261112295	0.42536317388877054	[[0.5049892362228942, -0.22066993182917102, 0.16278247574206012], [-0.22710971359985724, -0.5277410474968776, -0.010864929759402397], [0.15367020274209384, -0.054787315106646174, -0.5509911984921323]]	0.7934990615272999	0.3642908605363499	[[0.5538262976716829, -0.23463977516445803, 0.22565500406089303], [-0.3455168660181067, -0.8470188445445206, -0.02381231427001869], [0.20260478938157153, -0.07565418912485296, -0.6427304983104435]]	[[-0.14349845914209514, 0.07007683166826693, 0.0008734796874223074], [-0.03190775428613777, -0.11827678192365243, -0.008809252899954205], [-0.00959386569898297, 0.0, 0.11811701275505936]]	0.5119297745074551	[[0.5940796937275814, -0.5940796937275813, 0.0], [-0.7071067811865475, -0.7071067811865476, 0.0], [0.0, 0.0, -0.8401555600000001]]
3	[[-0.30792515101507295, 0.09349718223056193, 0.9468053539599837], [0.3027085282091916, -0.9338174967034747, 0.1906631317268273], [0.9019698710720718, 0.34531602882779927, 0.2592434992682147]]	0.5966589505759461	0.4033410494240541	[[-0.18372629746059313, 0.05578593063149506, 0.5649198888934508], [0.1806137527716854, -0.5571705676125522, 0.11376086408965211], [0.5381683967249837, 0.20603589937744785, 0.15467995421700903]]	0.7969666452520455	0.3045705953003724	[[-0.1765878667346905, 0.0714021376824585, 0.7242204274858339], [0.2610510519037078, -0.837555216384589, 0.1311253478373803], [0.6656404458215028, 0.2424024577105591, 0.10518572905223203]]	[[0.0688182078585217, -0.0031119979803516003, -0.03035185916632978], [0.019802451687644218, -0.0933338187591576, -0.02082680862819809], [-0.05319945644522636, -0.03280289933609075, -0.10142269286295816]]	0.4833599851190439	[[0.0, 0.0, 0.9166000000000001], [0.0, -1.0, 0.0], [0.9166000000000001, 0.0, 0.0]]
3	[[0.8592155572171323, 0.2624339665249735, -0.4391776855101157], [-0.4266000482917053, 0.8413623931712975, -0.33184593135155627], [0.2824199444684594, 0.4724804086637203, 0.8348660002631537]]	0.49807444480422247	0.5019255551957776	[[0.4279533116280737, 0.1307116521746961, -0.21874318188085426], [-0.21247858220634558, 0.41906110685794584, -0.1652839780184665], [0.14066615704276725, 0.23533041722605466, 0.41582541956699215]]	0.7401575034199841	0.4576170343842028	[[0.46012271306085717, 0.1852094822489648, -0.2852773621465432], [-0.35212210592058324, 0.7495862901845871, -0.2524300685199472], [0.23741095296360418, 0.30995274397654304, 0.4563187714215766]]	[[-0.1758321286685861, -0.009032987226763317, 0.03978329711839094], [-0.03637087921814999, 0.12684560178345644, -0.006811812450699849], [0.02837571194981868, -0.03975717571484997, -0.16161356302342703]]	0.6894415730472303	[[0.6481340756355896, 0.6481340756355894, 0.0], [-0.7071067811865475, 0.7071067811865476, 0.0], [0.0, 0.0, 0.9166000000000001]]
3	[[0.3802729664721569, 0.7767473726770865, -0.5020517802076895], [0.4287143634067757, 0.332951791095048, 0.839849450446521], [0.8195098935212374, -0.5346088512602871, -0.20639019011321075]]	0.49142958987562524	0.5085704101243751	[[0.18687738795419945, 0.38171664279167006, -0.2467231004437923], [0.21068292378278153, 0.1636223621461943, 0.412726870990203], [0.4027314108721589, -0.26272260851872203, -0.10142624648168748]]	0.6458430977048202	0.5219655499140683	[[0.1225462930502311, 0.4118362119216946, -0.23316379487251562], [0.3005924911817145, 0.13853944436528698, 0.4717833292497169], [0.5577179970238402, -0.2649378267731354, -0.0943465741917573]]	[[-0.1230503775895479, -0.08982071738215534, 0.091082882065038], [0.0237102786885325, -0.07649517178190687, -0.07062764143235517], [0.02844318879233678, 0.08033560978522392, 0.038949105526845496]]	0.7290946522116853	[[0.0, 0.5445334472707012, -0.5445334472707012], [0.0, 0.7071067811865476, 0.7071067811865475], [0.7700865862960002, 0.0, 0.0]]
3	[[0.034229894132735264, 0.2773841392786001, 0.9601491309293217], [-0.1827544195208179, -0.9427759796974285, 0.2788803941677556], [0.9825625356654255, -0.18501754344446375, 0.018422055382213542]]	0.7570422346824854	0.24295776531751465	[[0.0259134755471908, 0.20999150866494926, 0.7268734437071799], [-0.1383528141521404, -0.7137212344751108, 0.2111242368098901], [0.743841337715443, -0.14006609454466068, 0.013946273973995445]]	0.8697133152149739	0.200514956421257	[[0.009217346449310422, 0.21122891209528033, 0.781113008631725], [-0.16838670695119207, -0.8236447689005266, 0.2573724837645984], [0.8103550595643872, -0.14445030605043815, 0.0]]	[[-0.020552848256328343, -0.030015767264762995, -0.05394147512959138], [-0.009442754879553445, -0.003699946092831252, 0.014826491604501054], [-0.044192660735220934, 0.01646191503157685, -0.016021906859538783]]	0.375560277225623	[[0.0, 0.0, 0.9166000000000001], [0.0, -1.0, 0.0], [0.9166000000000001, 0.0, 0.0]]
3	[[0.22433838825039393, -0.7661379269479729, -0.6022499185961573], [-0.9416906372873723, -0.011392912655017143, -0.3362869982418849], [0.2507808429735371, 0.642575192824231, -0.724020780340167]]	0.42270321650312814	0.5772967834968717	[[0.09482855829856908, -0.32384896600594676, -0.2545729777293429], [-0.3980556613322529, -0.004815820824614956, -0.14214959582502656], [0.10600586896228006, 0.27161860085192024, -0.30604591266489345]]	0.641844217469628	0.5692273467096952	[[0.26244849666991316, -0.3869811123486, -0.2586082011825308], [-0.6852833994652451, -0.04865389590512316, -0.04052931708337462], [0.23614426491120388, 0.23614426491120388, -0.464479755656064]]	[[0.11845819941494146, 0.1047600858471248, 0.127942426539967], [-0.08086470927705627, -0.04134142079736388, 0.1753145481483982], [0.0751820309964803, -0.17628890689245996, 0.00022879553312003809]]	0.7322555257568868	[[1.5376585453625378e-16, -0.7700865862960002, 0.0], [-1.0, -1.7938038903913487e-16, 0.0], [0.0, 0.0, -0.7700865862960002]]
3	[[0.08740825448676931, -0.06334395238859675, -0.994156597696443], [0.7119981850616444, -0.6940087028176986, 0.10681996481098455], [-0.6967197295301035, -0.717174639895393, -0.015561310176609944]]	0.6230036108095878	0.3769963891904123	[[0.05445565815982064, -0.03946351106104638, -0.6193631500750588], [0.4435774401832776, -0.4323699277887043, 0.06654922378379646], [-0.434058907219534, -0.44680239023589563, -0.009694752428955976]]	0.8186875254337401	0.29164144544127807	[[0.03671294921860733, -0.028813085042441868, -0.7214388664790041], [0.6359809346038579, -0.6396858552496393, 0.0711258465826896], [-0.5305082425192554, -0.5157203622282593, 0.025959975349834602]]	[[-0.03484709834964845, 0.023045818589771054, 0.09246473838272305], [0.053076902362425994, -0.07150958771033758, -0.01632632607533454], [0.03988750877060981, 0.07142156901153357, 0.03869982587083028]]	0.2685706989083147	[[0.0, 0.0, -0.7700865862960002], [0.7071067811865475, -0.7071067811865476, 0.0], [-0.5445334472707012, -0.5445334472707012, 0.0]]
3	[[-0.3195682178843842, -0.5708200961323295, -0.7563336379995778], [0.910087742671785, 0.03735879733279218, -0.41272826520656647], [0.2638493031197415, -0.8202248094963509, 0.507557688474819]]	0.4054716146285108	0.594528385371489	[[-0.12957584128953697, -0.2314513460411774, -0.3066718213975444], [0.3690147464747453, 0.015147931875106546, -0.1673495960961307], [0.10698340295456892, -0.332577877864848, 0.20580023546299953]]	0.6119732001842471	0.6086452343367541	[[-0.2644402598854544, -0.2644402598854544, -0.36181575213421185], [0.6101751547506852, -0.09713428455572728, -0.05678123214324571], [0.21388926579066458, -0.3304881171803246, 0.3302485367406027]]	[[-0.06887307490957105, 0.08488634107412688, 0.10104016471938354], [0.05322584641937529, -0.11999686731451081, 0.19579740512170937], [0.05242056339409296, 0.17146748435767167, 0.019636833846548594]]	0.9440659888519971	[[-1.5376585453625378e-16, -0.7700865862960002, 0.0], [1.0, -1.7938038903913487e-16, 0.0], [0.0, 0.0, 0.7700865862960002]]
