3	[[0.3802729664721569, 0.7767473726770865, -0.5020517802076895], [0.4287143634067757, 0.332951791095048, 0.839849450446521], [0.8195098935212374, -0.5346088512602871, -0.20639019011321075]]	0.46876612406191953	0.5312338759380808	[[0.1782590845786813, 0.36411285526511716, -0.23534486708634533], [0.20096677046386746, 0.1560765206110996, 0.39369297168134887], [0.3841584764163469, -0.25060651909448006, -0.09674872946377251]]	0.6279116770471258	0.5502123538208871	[[0.1088422924132783, 0.3841811929256137, -0.22885680576025644], [0.3030355355063239, 0.14268592449257758, 0.4607868529649717], [0.5364986740223914, -0.26036082140079153, -0.09154936666692488]]	[[-0.1299355436999392, -0.10354755249400444, 0.08638736951444884], [0.03384078060538451, -0.06637839302975822, -0.06656442393201022], [0.021918842424759864, 0.07532631895829277, 0.038045443733136425]]	0.7431556424954947	[[0.0, 0.5165124926324897, -0.5165124926324897], [0.0, 0.7071067811865476, 0.7071067811865475], [0.7304589722160002, 0.0, 0.0]]
3	[[0.22433838825039393, -0.7661379269479729, -0.6022499185961573], [-0.9416906372873723, -0.011392912655017143, -0.3362869982418849], [0.2507808429735371, 0.642575192824231, -0.724020780340167]]	0.40195035423959363	0.5980496457604063	[[0.09017289462678534, -0.30794941113312563, -0.24207456812049188], [-0.37851288524176807, -0.0045793852775049175, -0.13517067806949523], [0.10080144866971716, 0.2582833263812748, -0.2910204091345572]]	0.6231553234343469	0.5847358873121216	[[0.24579827090803885, -0.3808372635679033, -0.23719573265165583], [-0.6915175371511972, -0.04742329968082154, -0.04085042026791652], [0.21866201942765753, 0.21866201942765753, -0.45281068498237526]]	[[0.1060006100191245, 0.09658566409468072, 0.1380995101594416], [-0.10469800349728867, -0.040323745510424995, 0.1687086128882709], [0.0623866021133449, -0.18176213268761393, -0.001633281436310207]]	0.7351038466380615	[[-1.4585327165183775e-16, -0.7304589722160002, 0.0], [-1.0, 1.7938038903913487e-16, 0.0], [0.0, 0.0, -0.7304589722160002]]
3	[[-0.30792515101507295, 0.09349718223056193, 0.9468053539599837], [0.3027085282091916, -0.9338174967034747, 0.1906631317268273], [0.9019698710720718, 0.34531602882779927, 0.2592434992682147]]	0.5660480929096282	0.43395190709037185	[[-0.17430044449099136, 0.05292390169403356, 0.5359373649656742], [0.17134758510029333, -0.5285856131346448, 0.10792450210214782], [0.5105583253822895, 0.19546547956910199, 0.14674428835999156]]	0.7833135177117401	0.3205238116845116	[[-0.16475085508250664, 0.07004816642703753, 0.7114928667672], [0.25971501725725676, -0.8362478828739812, 0.13561756477568565], [0.6564561837258628, 0.23193337360690985, 0.09470268865546913]]	[[0.07645107815102896, -0.003189440282119548, -0.03015256563150403], [0.02259933518437141, -0.10477601463041125, -0.013731443635192337], [-0.05006900885360637, -0.038557339656442265, -0.10836624870021705]]	0.4877404918156797	[[0.0, 0.0, 0.9006000000000001], [0.0, -1.0, 0.0], [0.9006000000000001, 0.0, 0.0]]
3	[[0.8489524140446696, -0.5135124485683378, 0.12483895166604869], [0.522794976890395, 0.7815435453534784, -0.34040431673891397], [0.0772347773085365, 0.35425224329800037, 0.9319550081910795]]	0.6358253983348845	0.36417460166511545	[[0.5397855068273139, -0.32650425716088527, 0.07937577617077482], [0.3324063244288122, 0.4969252360404333, -0.21643771028543415], [0.04910783304750632, 0.2252425737059775, 0.5925606643132837]]	0.8063810732052967	0.29217861579257925	[[0.629712370728304, -0.3890883166031684, 0.05283428563814414], [0.4765688442747497, 0.6238824958697023, -0.265010564608843], [0.023432444262075178, 0.22298118602662637, 0.6969684304275244]]	[[-0.05486678800926404, 0.024998402777647536, -0.04783348218414836], [0.05499686974353479, -0.006339426989108133, 0.0094850336467982], [-0.0388482183527546, -0.06268111810939911, -0.05454244925664926]]	0.4621368091847019	[[0.6368203671366048, -0.6368203671366047, 0.0], [0.7071067811865475, 0.7071067811865476, 0.0], [0.0, 0.0, 0.9006000000000001]]
3	[[0.034229894132735264, 0.2773841392786001, 0.9601491309293217], [-0.1827544195208179, -0.9427759796974285, 0.2788803941677556], [0.9825625356654255, -0.18501754344446375, 0.018422055382213542]]	0.7229049579239001	0.2770950420760999	[[0.024744960177764543, 0.20052236953395366, 0.6940965670951306], [-0.13211407595410363, -0.6815374299348332, 0.20160401961164204], [0.7102993285028151, -0.13375009945890345, 0.013317395170950836]]	0.8551857853959061	0.2224301833929327	[[0.009250720728469221, 0.20450584778609346, 0.7596678374008657], [-0.16945347519745538, -0.8226759749366425, 0.25864459104508913], [0.7878701775828051, -0.1402511496156534, 0.0]]	[[-0.020022198169452703, -0.03270912521924357, -0.06143805123012299], [-0.013164493404971838, -0.016427358286702283, 0.020150042127217188], [-0.052403336180824815, 0.017973223586921522, -0.015754279900645173]]	0.38328065836435055	[[0.0, 0.0, 0.9006000000000001], [0.0, -1.0, 0.0], [0.9006000000000001, 0.0, 0.0]]
3	[[-0.42203838922340475, -0.825029846081567, 0.3757783270710803], [0.2588054115689476, 0.28760896992378115, 0.9221175843470338], [-0.8688517462515349, 0.4864224845687207, 0.09214016247897017]]	0.38811273617117553	0.6118872638288246	[[-0.1637984740107712, -0.32020459098560067, 0.1458443547133839], [0.10044567641993143, 0.11162470426449198, 0.357885578732482], [-0.33721242856478717, 0.1887867614211476, 0.03576077057096978]]	0.5794567247536543	0.6570567331503545	[[-0.08143245776919543, -0.3149485674639298, 0.2655781635429588], [0.16449299088605787, 0.07852323829352927, 0.6107438054613169], [-0.4183064279075263, 0.16320558437373872, -0.027098107649940882]]	[[0.1631205249705066, 0.1631205249705066, 0.047830884904943166], [0.014526454749793985, -0.08813371342827714, 0.07641657019783295], [0.08515555927188118, -0.11865519538098712, -0.08048934441827447]]	0.7190711518183199	[[0.0, -0.5165124926324897, 0.5165124926324897], [0.0, 0.7071067811865476, 0.7071067811865475], [-0.7304589722160002, 0.0, 0.0]]
3	[[-0.5446221603179724, 0.8109226453022452, -0.2139887049042392], [-0.8354447797583356, -0.5021691245819775, 0.22328947644507607], [0.07361197229480154, 0.30038414347728, 0.9509735242804028]]	0.5025522607051046	0.4974477392948954	[[-0.27370109789789493, 0.4075310086536069, -0.1075405074149829], [-0.4198546627618297, -0.2523662288149761, 0.11221463117913218], [0.036993863091714055, 0.15095873038447355, 0.47791389449781707]]	0.7193809519776587	0.3961919821869439	[[-0.44589368854777234, 0.5185183579511059, -0.07408578351438097], [-0.6809002444667449, -0.46557348781170343, 0.039165491880528994], [0.0911030115197382, 0.07678862585143888, 0.6746047861787727]]	[[-0.054102880390100375, -0.06484394660666468, 0.07985361473209693], [-0.07989718347942791, -0.10432258491613289, -0.12146470425112285], [0.03814796081335082, -0.13930200524224046, -0.009507453023612585]]	0.45196312628230834	[[-0.5735204226432263, 0.5735204226432262, 0.0], [-0.7071067811865475, -0.7071067811865476, 0.0], [0.0, 0.0, 0.8110803600000002]]
3	[[0.5319609947059123, -0.8460851799387872, 0.03402011756955908], [-0.703274286200726, -0.4190807785627857, 0.5742617690636116], [-0.47161719485230363, -0.3294103357928521, -0.8179645788128509]]	0.4435746358021971	0.556425364197803	[[0.23596440448764955, -0.37530192554898395, 0.015090461260865107], [-0.31195463537053714, -0.18589360372268882, 0.25472795506751694], [-0.2091974254446644, -0.14611806972879385, -0.36282834014600784]]	0.6467727773602765	0.5703943997248087	[[0.38274568520281926, -0.5111014646115464, 0.08904583957703077], [-0.4054641321315892, -0.23140103829165198, 0.30164264905495825], [-0.2577227021488454, -0.03810010905002706, -0.42698381180352907]]	[[0.038687795209541, 0.03612339710083233, 0.06704255365044393], [0.04939453120052034, 0.03964900079770796, -0.0697742302541396], [0.04730646081664169, 0.1749535287218972, 0.1020534106175874]]	0.7137144562188782	[[0.5735204226432263, -0.5735204226432262, 0.0], [-0.7071067811865475, -0.7071067811865476, 0.0], [0.0, 0.0, -0.8110803600000002]]
3	[[0.8592155572171323, 0.2624339665249735, -0.4391776855101157], [-0.4266000482917053, 0.8413623931712975, -0.33184593135155627], [0.2824199444684594, 0.4724804086637203, 0.8348660002631537]]	0.475066910507738	0.524933089492262	[[0.40818488022732763, 0.12467369368931032, -0.20863878621922963], [-0.2026635669643923, 0.3997034327412852, -0.15764902137174677], [0.13416837048439795, 0.22445980801930712, 0.39661721143296885]]	0.7239198506598391	0.481859186193207	[[0.4372485509042, 0.17289787905769805, -0.279457711325526], [-0.34885002368950535, 0.7495045075053317, -0.25589959160445064], [0.23199440585897302, 0.30151070844629047, 0.43143867814282094]]	[[-0.18475464696103697, -0.017083278797130046, 0.038471733182090774], [-0.04002578043869395, 0.14042556948996124, -0.015669734538356822], [0.027545001836005816, -0.04052723843324968, -0.17293739208865846]]	0.6903803696133302	[[0.6368203671366048, 0.6368203671366047, 0.0], [-0.7071067811865475, 0.7071067811865476, 0.0], [0.0, 0.0, 0.9006000000000001]]
3	[[-0.8305561570912853, 0.32773595720904825, 0.4502950280316503], [-0.5100865793185324, -0.772219296347621, -0.37879947194723407], [0.22358030216652452, -0.5443036842615101, 0.808545204538665]]	0.4365670550425111	0.5634329449574889	[[-0.36259345554876765, 0.14307872167029262, 0.19658397428806265], [-0.2226869957497999, -0.33712550405348113, -0.16537136991966228], [0.09760779408235436, -0.23762505648683627, 0.35298419881418974]]	0.6663561401162894	0.5486016939586883	[[-0.4150973778136158, 0.0944172786713959, 0.24585193087029142], [-0.5417633229504034, -0.5926885523021902, -0.2663329538972846], [0.19340652909300213, -0.2994935787952471, 0.37362299515740893]]	[[0.1383488171755516, -0.12397158875174288, -0.054204925922435386], [-0.2018639988305846, -0.07811548266467247, -0.01391759989243708], [0.044422421935283125, 0.06320652330032832, -0.16515606644851155]]	0.6908121640479039	[[-0.5735204226432263, 0.5735204226432262, 0.0], [-0.7071067811865475, -0.7071067811865476, 0.0], [0.0, 0.0, 0.8110803600000002]]
3	[[0.8787972042104137, -0.3840163418041313, 0.28327887866788265], [-0.395223040501579, -0.9183905790867732, -0.018907472103605397], [0.2674214316928388, -0.09534250611366366, -0.9588511794847616]]	0.5502811075984064	0.4497188924015938	[[0.4835854988872894, -0.21131693790386555, 0.15588301511259706], [-0.2174837724756187, -0.5053729850678113, -0.01040442469105795], [0.1471569616274869, -0.05246517986543467, -0.5276376890689131]]	0.7808686239233262	0.3807941087684028	[[0.5399887653367892, -0.22670824111892485, 0.21969843165052805], [-0.34558334681016817, -0.846200423213717, -0.02572167735451836], [0.197501710922476, -0.07444997155037784, -0.6252529263035921]]	[[-0.14623639822266288, 0.07315807126973689, -0.00150515652140432], [-0.03696607503090711, -0.12905803549808165, -0.010957425631107336], [-0.011319294451116763, 0.0, 0.123483874767932]]	0.5172161115935701	[[0.9006000000000001, 0.0, 0.0], [0.0, -1.0, 0.0], [0.0, 0.0, -0.9006000000000001]]
3	[[-0.3195682178843842, -0.5708200961323295, -0.7563336379995778], [0.910087742671785, 0.03735879733279218, -0.41272826520656647], [0.2638493031197415, -0.8202248094963509, 0.507557688474819]]	0.3897483567375316	0.6102516432624684	[[-0.12455118778598019, -0.22247619446033523, -0.29477979255565456], [0.35470520219329776, 0.014560529870146242, -0.16086016314339138], [0.10283483231726206, -0.3196812716565577, 0.1978197750325607]]	0.5961020061140424	0.6222814487461854	[[-0.2541710655043992, -0.25417106550439916, -0.3447708355314165], [0.6114314648250707, -0.09492566172592215, -0.05604530274021658], [0.20338339557163232, -0.3136766890154615, 0.3185133737619885]]	[[-0.0636758097332284, 0.08609593893029299, 0.10608116337166378], [0.06892633567861918, -0.11719531576200752, 0.18998284412938626], [0.04610229667016231, 0.17526096538982158, 0.015957217443542712]]	0.9383313912959654	[[-1.4585327165183775e-16, -0.7304589722160002, 0.0], [1.0, -1.7938038903913487e-16, 0.0], [0.0, 0.0, 0.7304589722160002]]
3	[[0.04673222253661188, -0.9725397674033924, -0.22799671093185395], [-0.8377629715199755, -0.16246744520517667, 0.5213036857710898], [-0.5440306084466285, 0.16664552219444034, -0.8223502702654952]]	0.4845277951916704	0.5154722048083297	[[0.02264306075007104, -0.4712225492361857, -0.1104707436587638], [-0.4059194454837958, -0.07871999301568781, 0.2525861254919574], [-0.26359795122742785, 0.08074438744743676, -0.3984515633270146]]	0.6769328047373611	0.49926609671361305	[[-9.793541068685968e-17, -0.6601701295556786, -0.09906773821072791], [-0.6714652991853247, -0.13562395970054977, 0.2323091148011504], [-0.23998111989437879, 0.0, -0.4904778523216214]]	[[-0.03163457447331919, -0.0018260570886793797, 0.055270714791265343], [-0.10435606116920185, -0.025644416339296157, -0.12057845132779735], [0.1282910457443705, -0.11280782073600466, 0.06619802260572717]]	0.7018105285261353	[[1.4585327165183775e-16, -0.7304589722160002, 0.0], [-1.0, -1.7938038903913487e-16, 0.0], [0.0, 0.0, -0.7304589722160002]]
3	[[0.08740825448676931, -0.06334395238859675, -0.994156597696443], [0.7119981850616444, -0.6940087028176986, 0.10681996481098455], [-0.6967197295301035, -0.717174639895393, -0.015561310176609944]]	0.5777449344686435	0.42225506553135633	[[0.050499676260477036, -0.0365966476217347, -0.5743689383877012], [0.4113533447702329, -0.4009600125300798, 0.06171469356966508], [-0.4025262944803808, -0.4143440153289369, -0.00899046812823174]]	0.7961214529037791	0.3273673330740483	[[0.034555483675796514, -0.027347574307858707, -0.6845757523638826], [0.6362171171372388, -0.64020523636683, 0.07088966404930855], [-0.503405811974474, -0.48916491832463094, 0.024434416834336763]]	[[-0.03503210288199353, 0.02308190510041874, 0.1068936426080875], [0.0693800875811088, -0.08769001955173689, -0.014152001535143021], [0.05126771136576009, 0.08179319797463394, 0.03682310970122584]]	0.30301976623684873	[[0.0, 0.0, -0.7304589722160002], [0.7071067811865475, -0.7071067811865476, 0.0], [-0.5165124926324897, -0.5165124926324897, 0.0]]
