3	[[0.22433838825039393, -0.7661379269479729, -0.6022499185961573], [-0.9416906372873723, -0.011392912655017143, -0.3362869982418849], [0.2507808429735371, 0.642575192824231, -0.724020780340167]]	0.4250742379166307	0.5749257620833693	[[0.0953604694209814, -0.3256654954364368, -0.2560009251826144], [-0.4002884299981561, -0.004842833664482169, -0.14294693949894052], [0.10660047571106651, 0.27314216039389205, -0.3077625814389008]]	0.6439284029275318	0.5675365819621682	[[0.26436379454272957, -0.3876312426161278, -0.26108816795341655], [-0.6845921256162432, -0.04880421723632804, -0.040491216608637706], [0.2381619940511518, 0.23816199405115174, -0.46576850578424617]]	[[0.11990593448131691, 0.10570672910569034, 0.126717660291443], [-0.07821077749597595, -0.041467997185690005, 0.17605353309455296], [0.07667708635038195, -0.17561042362500612, 0.0004490389865428879]]	0.7320491759079051	[[1.5467352121492267e-16, -0.7746323415040003, 0.0], [-1.0, -1.7938038903913487e-16, 0.0], [0.0, 0.0, -0.7746323415040003]]
3	[[0.08740825448676931, -0.06334395238859675, -0.994156597696443], [0.7119981850616444, -0.6940087028176986, 0.10681996481098455], [-0.6967197295301035, -0.717174639895393, -0.015561310176609944]]	0.6282364951132217	0.37176350488677834	[[0.054913055442732485, -0.039794982635230805, -0.6245654565304987], [0.4473032443101024, -0.43600159503626434, 0.0671082003009706], [-0.437704760956224, -0.45055528215196855, -0.009776182964723136]]	0.8212292678870948	0.2875531009640385	[[0.03696111276803854, -0.028980687325773677, -0.7256670349987322], [0.6359554260840188, -0.639628438034138, 0.07115135510252871], [-0.533616521862641, -0.5187670942781184, 0.02613545347848074]]	[[-0.034821104071419896, 0.02303922031938862, 0.09076345989264274], [0.05124167782890436, -0.06968817911188713, -0.01657232639492136], [0.038550111541860554, 0.070197710190366, 0.03891485684218212]]	0.26469425109849537	[[0.0, 0.0, -0.7746323415040003], [0.7071067811865475, -0.7071067811865476, 0.0], [-0.5477477816038921, -0.547747781603892, 0.0]]
3	[[0.034229894132735264, 0.2773841392786001, 0.9601491309293217], [-0.1827544195208179, -0.9427759796974285, 0.2788803941677556], [0.9825625356654255, -0.18501754344446375, 0.018422055382213542]]	0.7610499906986533	0.23895000930134677	[[0.026050660611334063, 0.2111031966179326, 0.7307214871630805], [-0.1390852492764562, -0.7174996505796416, 0.21224192138740716], [0.7477792086290174, -0.14080759971749682, 0.014020105077283695]]	0.8713191830008746	0.1980421966728524	[[0.009213112474569409, 0.2119927504539193, 0.7835360627470095], [-0.16826963770381784, -0.8237504339882165, 0.257234454924202], [0.8128967091693986, -0.144926075799582, 0.0]]	[[-0.020612050915371914, -0.029697371159711404, -0.05306029357332711], [-0.009032206197139726, -0.0022916376054039136, 0.014240617722991273], [-0.04322887665386781, 0.016283258995277036, -0.016051490244827164]]	0.37470373340781093	[[0.0, 0.0, 0.9184000000000001], [0.0, -1.0, 0.0], [0.9184000000000001, 0.0, 0.0]]
3	[[0.5319609947059123, -0.8460851799387872, 0.03402011756955908], [-0.703274286200726, -0.4190807785627857, 0.5742617690636116], [-0.47161719485230363, -0.3294103357928521, -0.8179645788128509]]	0.4600521013470831	0.539947898652917	[[0.2447297734491395, -0.389243264949464, 0.01565102657595048], [-0.3235428131900139, -0.1927989928119812, 0.2641903335810079], [-0.21696848152321896, -0.15154591718694982, -0.37630632331033376]]	0.6637161910891213	0.5498448865897961	[[0.39729390096964196, -0.5370587685058895, 0.0939714020353058], [-0.4062287216306269, -0.23502543617249746, 0.3008780595559205], [-0.274953770917646, -0.03864819985230278, -0.44591382344247266]]	[[0.044222775755453664, 0.024501664460036043, 0.07139169918163393], [0.060545808897439456, 0.04312526193385798, -0.0802687744950803], [0.03806619730186094, 0.17998677352551742, 0.0969825112530101]]	0.7007025649436468	[[0.5964152674258406, -0.5964152674258405, 0.0], [-0.7071067811865475, -0.7071067811865476, 0.0], [0.0, 0.0, -0.8434585600000002]]
3	[[0.8787972042104137, -0.3840163418041313, 0.28327887866788265], [-0.395223040501579, -0.9183905790867732, -0.018907472103605397], [0.2674214316928388, -0.09534250611366366, -0.9588511794847616]]	0.5774687838908963	0.42253121610910394	[[0.5074779528021074, -0.22175744989586246, 0.1635847095663189], [-0.22822896856410935, -0.5303418908420948, -0.010918474922120051], [0.154427528946026, -0.05505732105856769, -0.5537066245494168]]	0.7949041800547159	0.36243055542906893	[[0.5553837093854617, -0.2355419765896006, 0.226332006377343], [-0.3455107284724876, -0.8471090701102436, -0.023600628031196568], [0.2031849220500457, -0.07578815664664354, -0.6447029925740413]]	[[-0.14317586166179394, 0.06971421871982392, 0.0011524416030304087], [-0.03134628152384822, -0.11707655987129645, -0.008570999421772708], [-0.009389491838808486, 0.0, 0.11749181804879048]]	0.5107235781706772	[[0.5964152674258406, -0.5964152674258405, 0.0], [-0.7071067811865475, -0.7071067811865476, 0.0], [0.0, 0.0, -0.8434585600000002]]
3	[[-0.5446221603179724, 0.8109226453022452, -0.2139887049042392], [-0.8354447797583356, -0.5021691245819775, 0.22328947644507607], [0.07361197229480154, 0.30038414347728, 0.9509735242804028]]	0.529926074197193	0.470073925802807	[[-0.28860948333809733, 0.42972905390262156, -0.1133981943124451], [-0.44272397234587324, -0.2661125127727685, 0.11832691566208575], [0.0390089034920967, 0.15918138990400132, 0.5039456663873828]]	0.7370276103837102	0.3755428094860797	[[-0.46759705877744207, 0.5362763353966573, -0.08162457046594244], [-0.6808228726196818, -0.46787351308980407, 0.03752442697273122], [0.09690458286325028, 0.08214830974859956, 0.7008937441385606]]	[[-0.06619548939627296, -0.06139604407649357, 0.07609101335873389], [-0.06507700298685054, -0.09776100319066952, -0.12704608227541297], [0.04265052682718085, -0.13924309771561766, 0.0]]	0.4368022102245981	[[-0.5964152674258406, 0.5964152674258405, 0.0], [-0.7071067811865475, -0.7071067811865476, 0.0], [0.0, 0.0, 0.8434585600000002]]
3	[[0.8489524140446696, -0.5135124485683378, 0.12483895166604869], [0.522794976890395, 0.7815435453534784, -0.34040431673891397], [0.0772347773085365, 0.35425224329800037, 0.9319550081910795]]	0.6710365277767687	0.3289634722232314	[[0.5696780801682406, -0.34458561045744396, 0.08377149665727718], [0.3508145260316667, 0.5244442669803436, -0.22842373074470423], [0.0518273567887323, 0.23771619529982124, 0.625375852740712]]	0.8248475988634052	0.26362757336070536	[[0.6581992764265276, -0.40774743551639814, 0.04957992643176883], [0.47649274320327994, 0.6264419722519654, -0.2640264958502058], [0.02742726763133429, 0.22667612149997568, 0.726310880767012]]	[[-0.04205708384750955, 0.015822074671663144, -0.05339318309459612], [0.045266561817388216, -0.018212344540044032, 0.01675518745462542], [-0.036279652980361864, -0.06552799077635477, -0.04240996998812509]]	0.4551606101902143	[[0.6494068678417254, -0.6494068678417253, 0.0], [0.7071067811865475, 0.7071067811865476, 0.0], [0.0, 0.0, 0.9184000000000001]]
3	[[-0.8305561570912853, 0.32773595720904825, 0.4502950280316503], [-0.5100865793185324, -0.772219296347621, -0.37879947194723407], [0.22358030216652452, -0.5443036842615101, 0.808545204538665]]	0.4559785309675073	0.5440214690324926	[[-0.3787157763965025, 0.14944056031341163, 0.20532486538384437], [-0.23258852910390532, -0.35211542033335036, -0.17272442674976726], [0.10194781773516327, -0.24819079434976526, 0.36867925458636314]]	0.6861563809131371	0.5271908609276603	[[-0.43915925490078106, 0.10657253692272778, 0.24709995346787184], [-0.5438754676025679, -0.5953850973518754, -0.271259007443334], [0.20252060197118735, -0.3080024430158479, 0.39626600602624357]]	[[0.13073215199409813, -0.11830558137093555, -0.06187285330950496], [-0.1938763063850017, -0.06552189969870255, -0.011343332680212415], [0.04910955099313927, 0.06547500309471672, -0.15852244532467907]]	0.6863766923306281	[[-0.5964152674258406, 0.5964152674258405, 0.0], [-0.7071067811865475, -0.7071067811865476, 0.0], [0.0, 0.0, 0.8434585600000002]]
3	[[0.04673222253661188, -0.9725397674033924, -0.22799671093185395], [-0.8377629715199755, -0.16246744520517667, 0.5213036857710898], [-0.5440306084466285, 0.16664552219444034, -0.8223502702654952]]	0.5031291169026453	0.49687088309735467	[[0.02351234185574345, -0.48931307432637283, -0.11471178382785135], [-0.4215029440345812, -0.08174210223150942, 0.2622830630601024], [-0.2737176395957609, 0.08384421441746893, -0.41374836526333025]]	0.6971839584138018	0.46976591811258755	[[-1.0374646121848098e-16, -0.6999294220673649, -0.10618617813867726], [-0.6707448075376956, -0.1370794536315249, 0.23281857933097724], [-0.2550517206894251, 0.0, -0.5195806208145751]]	[[-0.03258095589354974, -0.021890297314229618, 0.05276947129412], [-0.08666990284089009, -0.023809757070002477, -0.13062598785061574], [0.12423769240566451, -0.11618258481545499, 0.05374879581178253]]	0.6832821051724525	[[1.5467352121492267e-16, -0.7746323415040003, 0.0], [-1.0, -1.7938038903913487e-16, 0.0], [0.0, 0.0, -0.7746323415040003]]
3	[[-0.30792515101507295, 0.09349718223056193, 0.9468053539599837], [0.3027085282091916, -0.9338174967034747, 0.1906631317268273], [0.9019698710720718, 0.34531602882779927, 0.2592434992682147]]	0.600135890174138	0.3998641098258621	[[-0.1847969346114367, 0.056111014686711876, 0.5682118739204146], [0.18166625204012635, -0.5604173946443248, 0.11442378828226848], [0.5413044914860904, 0.2072365423519696, 0.15558132820518858]]	0.7984800125204641	0.30246952324662735	[[-0.177051567712956, 0.07204486659520089, 0.726639091540198], [0.2610414036624287, -0.8373919022219619, 0.13152927134500136], [0.6679319650875496, 0.2436183683282293, 0.10500670111775513]]	[[0.06882051072492526, -0.0026107646428863117, -0.029366059344212325], [0.019334694267902092, -0.09175729576234318, -0.0207114284634266], [-0.0522729488591597, -0.03210957869370874, -0.10199405142377786]]	0.4828879570913493	[[0.0, 0.0, 0.9184000000000001], [0.0, -1.0, 0.0], [0.9184000000000001, 0.0, 0.0]]
3	[[0.3802729664721569, 0.7767473726770865, -0.5020517802076895], [0.4287143634067757, 0.332951791095048, 0.839849450446521], [0.8195098935212374, -0.5346088512602871, -0.20639019011321075]]	0.49404783812284164	0.5059521618771585	[[0.18787303698212898, 0.38375036023871173, -0.24803759663733307], [0.21180540441332782, 0.16449411258963653, 0.41492580534176027], [0.4048770912144475, -0.26412234720648065, -0.10196662723519406]]	0.6477754867159159	0.5197411347596445	[[0.12331158595454669, 0.4125374593782327, -0.23561021479385943], [0.30087243619728743, 0.1409708594774024, 0.4712211981098665], [0.5606871889217057, -0.2677073205522258, -0.09328266005475387]]	[[-0.12301991998685993, -0.09062044801297588, 0.08960662148676854], [0.02316178077935928, -0.07470714905212819, -0.07281268842122315], [0.02982876877747763, 0.07859918827554344, 0.04041184579922162]]	0.727544252644786	[[0.0, 0.547747781603892, -0.5477477816038921], [0.0, 0.7071067811865476, 0.7071067811865475], [0.7746323415040003, 0.0, 0.0]]
3	[[0.8592155572171323, 0.2624339665249735, -0.4391776855101157], [-0.4266000482917053, 0.8413623931712975, -0.33184593135155627], [0.2824199444684594, 0.4724804086637203, 0.8348660002631537]]	0.5007187209682489	0.4992812790317512	[[0.4302253148457837, 0.131405600057009, -0.21990448896642106], [-0.21360663054561588, 0.42128590137951694, -0.1661614703048686], [0.14141295337017087, 0.23657978590865358, 0.4180330358316441]]	0.741960114585973	0.4548478160175597	[[0.4627492251916502, 0.1866953258105125, -0.2858616096964645], [-0.35259401578774086, 0.7495731114992777, -0.2519899748135978], [0.23795327251133191, 0.31086054160848176, 0.4592266460182819]]	[[-0.17475444809522395, -0.008020210063608283, 0.03999071616822339], [-0.03607379507484556, 0.12531577385357326, -0.005773529563108193], [0.028408938152149607, -0.03970107654327959, -0.16021062720090073]]	0.6893546355245632	[[0.6494068678417254, 0.6494068678417253, 0.0], [-0.7071067811865475, 0.7071067811865476, 0.0], [0.0, 0.0, 0.9184000000000001]]
3	[[-0.3195682178843842, -0.5708200961323295, -0.7563336379995778], [0.910087742671785, 0.03735879733279218, -0.41272826520656647], [0.2638493031197415, -0.8202248094963509, 0.507557688474819]]	0.4072053419449607	0.5927946580550392	[[-0.1301298854383524, -0.23244099243462063, -0.3079830976860941], [0.3705925904545816, 0.015212701842552127, -0.16806515436379033], [0.10744084569881392, -0.33399992402270184, 0.20668020209218252]]	0.6137452832976992	0.6071857903178378	[[-0.26560775855541124, -0.26560775855541124, -0.3637700220583684], [0.6100358040992093, -0.09737142251279746, -0.05686286186495478], [0.21509647919737623, -0.33241856766309813, 0.3315782825895126]]	[[-0.06947427213701904, 0.08473038305734523, 0.10042618086326195], [0.05147374464735103, -0.12030020816547336, 0.19644716418921726], [0.053160213906249996, 0.17099054040904116, 0.020067145286609585]]	0.9435715746140436	[[0.0, 0.0, -0.7746323415040003], [0.7071067811865475, 0.7071067811865476, 0.0], [0.5477477816038921, -0.547747781603892, 0.0]]
3	[[-0.42203838922340475, -0.825029846081567, 0.3757783270710803], [0.2588054115689476, 0.28760896992378115, 0.9221175843470338], [-0.8688517462515349, 0.4864224845687207, 0.09214016247897017]]	0.40356050908589025	0.5964394909141097	[[-0.17031802720878636, -0.33294946469573083, 0.15164929297624932], [0.10444364364694789, 0.11606762232010959, 0.37213024177614035], [-0.3506342530374341, 0.19630090550337653, 0.03718413087726985]]	0.5971734619962775	0.6424840843098016	[[-0.09018219223557941, -0.33083799568249156, 0.28456471015993756], [0.15653029346472186, 0.08268591983028478, 0.6200242936059285], [-0.43959879582792327, 0.1686891745171337, -0.028276784614587915]]	[[0.16184793375229364, 0.16184793375229362, 0.060159865639731074], [0.001978569854722015, -0.08906652444028293, 0.06936014339376588], [0.07925640944261714, -0.12178942458560005, -0.08330044443105403]]	0.704260446871201	[[0.0, -0.547747781603892, 0.5477477816038921], [0.0, 0.7071067811865476, 0.7071067811865475], [-0.7746323415040003, 0.0, 0.0]]
