3	[[0.04673222253661188, -0.9725397674033924, -0.22799671093185395], [-0.8377629715199755, -0.16246744520517667, 0.5213036857710898], [-0.5440306084466285, 0.16664552219444034, -0.8223502702654952]]	0.5180071798593828	0.48199282014061706	[[0.024207626804751428, -0.5037825822137315, -0.1181039332470246], [-0.433967234267679, -0.08415930310969238, 0.270039052116584], [-0.28181176123862206, 0.08632357698813622, -0.4259833443568305]]	0.7145303449389854	0.44603824406379367	[[-0.00029703569944457004, -0.7356909841983282, -0.10006625435429212], [-0.6708268449921783, -0.12255204143752382, 0.23266079773496434], [-0.2679167211077795, 0.0, -0.5463682901249711]]	[[-0.03368862678829518, -0.04078180872870154, 0.06284431415279959], [-0.07221977997490085, -0.006464121773713381, -0.1398265046770169], [0.12080965720295615, -0.11907328245613082, 0.04122593214850103]]	0.6675674093842794	[[1.6258555437593495e-16, -0.814257202472, 0.0], [-1.0, -1.7938038903913487e-16, 0.0], [0.0, 0.0, -0.814257202472]]
3	[[-0.30792515101507295, 0.09349718223056193, 0.9468053539599837], [0.3027085282091916, -0.9338174967034747, 0.1906631317268273], [0.9019698710720718, 0.34531602882779927, 0.2592434992682147]]	0.6296758674544262	0.3703241325455741	[[-0.1938930365764512, 0.05887291932557366, 0.5961804825652476], [0.19060825508597534, -0.5880023422808811, 0.12005597286166754], [0.5679486609850638, 0.21743716999806215, 0.163239375283634]]	0.8114162383671057	0.2972700699300431	[[-0.21072814618399324, 0.06977568273851976, 0.7169399679235371], [0.252079479252928, -0.8453877944209338, 0.12118740436447066], [0.656843138576443, 0.24376429731803273, 0.1409524634454735]]	[[0.03912732155128025, -0.006089449164926599, -0.051313270852509], [0.006456863971782854, -0.08767311392441313, -0.03351975677660354], [-0.0750298613293209, -0.03643073584128728, -0.06940192155186685]]	0.4790257065605452	[[0.0, 0.0, 0.9338], [0.0, -1.0, 0.0], [0.9338, 0.0, 0.0]]
3	[[0.8787972042104137, -0.3840163418041313, 0.28327887866788265], [-0.395223040501579, -0.9183905790867732, -0.018907472103605397], [0.2674214316928388, -0.09534250611366366, -0.9588511794847616]]	0.602361168388029	0.3976388316119709	[[0.5293533107043182, -0.23131653232923327, 0.1706361963340365], [-0.2380670124504005, -0.5532028222552674, -0.0113891269875918], [0.16108428604649785, -0.05743062337966924, -0.5775747167846809]]	0.806795401242061	0.3464877888319022	[[0.5687125058642745, -0.24334312693867216, 0.2321823340526088], [-0.34546868841753126, -0.8478660695992564, -0.021815109653068775], [0.20819957468382572, -0.07692189547539692, -0.6616291963719783]]	[[-0.14029703711706756, 0.06647949163070041, 0.0036342374743533316], [-0.026604556875952496, -0.10691277384801443, -0.006560648110767389], [-0.007554806599524515, 0.0, 0.1119675257118535]]	0.5007950947971281	[[0.6165846963995918, -0.6165846963995917, 0.0], [-0.7071067811865475, -0.7071067811865476, 0.0], [0.0, 0.0, -0.8719824399999999]]
3	[[0.08740825448676931, -0.06334395238859675, -0.994156597696443], [0.7119981850616444, -0.6940087028176986, 0.10681996481098455], [-0.6967197295301035, -0.717174639895393, -0.015561310176609944]]	0.6736339512402112	0.3263660487597888	[[0.05888116784093233, -0.042670636934702244, -0.66969763705778], [0.4796261506789346, -0.4675078246741799, 0.07195755496696385], [-0.46933406431037483, -0.4831131864020092, -0.01048262686074427]]	0.8429975113485517	0.25202398489718486	[[0.03913002580891876, -0.03043695775342785, -0.7625197759642344], [0.6357459578809446, -0.639145192358127, 0.07136082330560291], [-0.5607050835992945, -0.5453298317445109, 0.027669106597491073]]	[[-0.03455491519474865, 0.022961836469140365, 0.0755517617846104], [0.03553325978929277, -0.054097583028570546, -0.01868814119239693], [0.026627914502018887, 0.05924660488959932, 0.04078725234969614]]	0.23170039927212077	[[0.0, 0.0, -0.814257202472], [0.7071067811865475, -0.7071067811865476, 0.0], [-0.5757667894979388, -0.5757667894979387, 0.0]]
3	[[0.5319609947059123, -0.8460851799387872, 0.03402011756955908], [-0.703274286200726, -0.4190807785627857, 0.5742617690636116], [-0.47161719485230363, -0.3294103357928521, -0.8179645788128509]]	0.474269906826263	0.525730093173737	[[0.2522930913943792, -0.40127273945665065, 0.016134717989933323], [-0.33354183018972505, -0.19875740180165008, 0.2723550757076841], [-0.2236738430602656, -0.15622940926408402, -0.38793598458075423]]	0.6778794111472174	0.537001372968055	[[0.415210246815446, -0.5550341874437095, 0.09928856992588667], [-0.40465869677727956, -0.2285715944046289, 0.3024480844092679], [-0.28592415606787797, -0.04409162144346854, -0.4549210979522782]]	[[0.05460484097091411, 0.018509536113583067, 0.07622703266067483], [0.07207646222744823, 0.05551463699062962, -0.08683214544793241], [0.033775430265504135, 0.1792088630095972, 0.09956024907265879]]	0.6895770369764056	[[0.6165846963995918, -0.6165846963995917, 0.0], [-0.7071067811865475, -0.7071067811865476, 0.0], [0.0, 0.0, -0.8719824399999999]]
3	[[-0.5446221603179724, 0.8109226453022452, -0.2139887049042392], [-0.8354447797583356, -0.5021691245819775, 0.22328947644507607], [0.07361197229480154, 0.30038414347728, 0.9509735242804028]]	0.55304757484113	0.44695242515886985	[[-0.30120196496859175, 0.4484788023681606, -0.11834593429068369], [-0.46204070935902963, -0.2777234165101559, 0.12348970343549495], [0.04071092275691245, 0.16612672207083973, 0.5259336013413993]]	0.750038120022988	0.35948499424254843	[[-0.47369010395462585, 0.552117678472547, -0.09221096630466502], [-0.6780175064914054, -0.45115093854438265, 0.043057831657032676], [0.11073211291353915, 0.09047731394003956, 0.7132663943429086]]	[[-0.06520272270687555, -0.056105217894017276, 0.06828871962786451], [-0.05140207449844425, -0.07450495240932663, -0.12441778747674948], [0.05552032760236194, -0.134822244318375, 0.0]]	0.42434212398408694	[[-0.6165846963995918, 0.6165846963995917, 0.0], [-0.7071067811865475, -0.7071067811865476, 0.0], [0.0, 0.0, 0.8719824399999999]]
3	[[0.8592155572171323, 0.2624339665249735, -0.4391776855101157], [-0.4266000482917053, 0.8413623931712975, -0.33184593135155627], [0.2824199444684594, 0.4724804086637203, 0.8348660002631537]]	0.5238338354485758	0.47616616455142435	[[0.4500861808141356, 0.13747179123675995, -0.2300561314441923], [-0.22346753949919154, 0.44073408941711323, -0.17383212699789052], [0.14794112271808688, 0.2475012246446271, 0.43733105900345953]]	0.757279261681351	0.43075788590418745	[[0.48650012677314575, 0.19623587191612404, -0.2902549642282023], [-0.35393056660660693, 0.7489873588625592, -0.2520675559544936], [0.24176038178935874, 0.3223241015709365, 0.4827672544333525]]	[[-0.1641659960213747, -0.0024999284940163046, 0.04232518920182263], [-0.030875197003035666, 0.11184106695534461, -0.0007675140686267713], [0.02788961475819566, -0.03547551346082861, -0.14945945384879114]]	0.6821096711522069	[[0.814257202472, 0.0, 0.0], [0.0, 0.7071067811865476, -0.7071067811865475], [0.0, 0.5757667894979387, 0.5757667894979388]]
3	[[-0.3195682178843842, -0.5708200961323295, -0.7563336379995778], [0.910087742671785, 0.03735879733279218, -0.41272826520656647], [0.2638493031197415, -0.8202248094963509, 0.507557688474819]]	0.4222462637000467	0.5777537362999533	[[-0.13493648599896368, -0.24102665283677766, -0.31935905275598536], [0.3842811489823708, 0.015774612590098762, -0.17427296790687472], [0.11140938242217197, -0.3463368612039168, 0.2143143375707246]]	0.6289266923333008	0.5699334787582194	[[-0.2527771403613176, -0.25277714036131754, -0.41123955741204166], [0.6091048166154746, 0.04116276471008065, -0.05740822170652692], [0.31849358739857303, -0.370589085246611, 0.3107358021512138]]	[[-0.05179215811244428, 0.10622685461656518, 0.06443885583544483], [0.03672634288382891, 0.017666819874017633, 0.2021676009623003], [0.1525517179130276, 0.1452721911596408, -0.008480776029589911]]	0.9338856168561755	[[0.0, 0.0, -0.814257202472], [0.7071067811865475, 0.7071067811865476, 0.0], [0.5757667894979388, -0.5757667894979387, 0.0]]
3	[[0.8489524140446696, -0.5135124485683378, 0.12483895166604869], [0.522794976890395, 0.7815435453534784, -0.34040431673891397], [0.0772347773085365, 0.35425224329800037, 0.9319550081910795]]	0.7034431212715399	0.29655687872846015	[[0.597189735946591, -0.36122679963270254, 0.08781710181623217], [0.3677565303288621, 0.5497714309530763, -0.23945507506112754], [0.05433027282062921, 0.24919630374299034, 0.6555773398465764]]	0.8393532565582623	0.24177784493437424	[[0.6789265288981204, -0.41677920356519393, 0.05235747143653563], [0.4759623643917687, 0.6235244321627283, -0.2657653593354463], [0.031035206593618046, 0.23772362284936388, 0.7437457470161645]]	[[-0.033644444493271114, 0.014239142423847537, -0.052426509189681864], [0.037152698026514185, -0.03246668777180377, 0.019954112465851315], [-0.03379205525985426, -0.059619151205882515, -0.03849372407480006]]	0.4493550088356811	[[0.6602963122719981, -0.660296312271998, 0.0], [0.7071067811865475, 0.7071067811865476, 0.0], [0.0, 0.0, 0.9338]]
3	[[0.034229894132735264, 0.2773841392786001, 0.9601491309293217], [-0.1827544195208179, -0.9427759796974285, 0.2788803941677556], [0.9825625356654255, -0.18501754344446375, 0.018422055382213542]]	0.7916997115400228	0.20830028845997717	[[0.027099797310932032, 0.21960494305264525, 0.7601497899921478], [-0.1446866212172959, -0.7463954711733168, 0.22078952761678006], [0.7778944760563508, -0.1464783357748256, 0.014584735932072787]]	0.8848239028600288	0.17685271359946966	[[0.009172998271776573, 0.21859030379973782, 0.8043535945095203], [-0.1672917555026697, -0.8246278400795072, 0.25609409144004747], [0.8347424276682567, -0.14902475093501824, 0.0]]	[[-0.021114430249235837, -0.026845812908222973, -0.04520930684702696], [-0.005586276757340631, 0.00956288179905889, 0.009334052641390686], [-0.03465238994327144, 0.014683193953087068, -0.016300274941993778]]	0.36747450352862865	[[0.0, 0.0, 0.9338], [0.0, -1.0, 0.0], [0.9338, 0.0, 0.0]]
3	[[0.3802729664721569, 0.7767473726770865, -0.5020517802076895], [0.4287143634067757, 0.332951791095048, 0.839849450446521], [0.8195098935212374, -0.5346088512602871, -0.20639019011321075]]	0.5148471197393372	0.48515288026066317	[[0.1957824415029235, 0.39990614758789544, -0.25847991299993567], [0.22072235519086195, 0.171419270657339, 0.43239407057705653], [0.4219223082772999, -0.27524182725851454, -0.10625939492224076]]	0.6641348842869759	0.5066538856004179	[[0.12611355407939062, 0.40759676812567447, -0.2659639729333105], [0.30542888421390196, 0.17358868967312546, 0.45903355014465846], [0.5894281454471298, -0.30218170803067296, -0.07791290958976668]]	[[-0.12643898850606036, -0.10826825834743488, 0.06746612802099357], [0.020704720080578505, -0.04753620957892553, -0.0987397674461219], [0.045163037141371, 0.05287067953987091, 0.059158015439037474]]	0.7145891907156581	[[0.0, 0.5757667894979387, -0.5757667894979388], [0.0, 0.7071067811865476, 0.7071067811865475], [0.814257202472, 0.0, 0.0]]
3	[[0.22433838825039393, -0.7661379269479729, -0.6022499185961573], [-0.9416906372873723, -0.011392912655017143, -0.3362869982418849], [0.2507808429735371, 0.642575192824231, -0.724020780340167]]	0.44568553928949706	0.5543144607105029	[[0.09998437555071343, -0.34145659514194465, -0.26841407975658405], [-0.41969789952329273, -0.005077656420729461, -0.14987825216748063], [0.11176939524413557, 0.28638647134792, -0.3226855919427098]]	0.6615995339125929	0.5538821326509004	[[0.2810984618470267, -0.3928452850915159, -0.28289653588884034], [-0.6787638992772554, -0.050187400975474375, -0.04014915052409944], [0.25584634138689316, 0.2558463413868931, -0.47658834536338995]]	[[0.13267628874186388, 0.11403121029002312, 0.11555172955327435], [-0.055741812558077565, -0.04264985527300823, 0.18233817077359654], [0.08992985256139394, -0.1692811066894126, 0.0024234654526963384]]	0.7313140937092399	[[-1.6258555437593495e-16, -0.814257202472, 0.0], [-1.0, 1.7938038903913487e-16, 0.0], [0.0, 0.0, -0.814257202472]]
3	[[-0.42203838922340475, -0.825029846081567, 0.3757783270710803], [0.2588054115689476, 0.28760896992378115, 0.9221175843470338], [-0.8688517462515349, 0.4864224845687207, 0.09214016247897017]]	0.41704205703835384	0.5829579429616463	[[-0.17600775799088214, -0.3440721441278932, 0.15671536651215473], [0.10793274121337162, 0.1199450364396957, 0.3845618142073247], [-0.36234771951810596, 0.20285863355424621, 0.03842632289607786]]	0.612358060993454	0.6302884709116662	[[-0.09818868070661296, -0.3449637478252045, 0.3018049416751447], [0.1497401251080131, 0.08631393598009994, 0.6280125637629385], [-0.45858886903602614, 0.17334957432189074, -0.029263541665430423]]	[[0.1602499289830318, 0.1602499289830318, 0.07169405394653401], [-0.008741454894960449, -0.0898057351667513, 0.06334642780422103], [0.07345950158934042, -0.1245151551522294, -0.08568631290067441]]	0.6922046582768691	[[0.0, -0.5757667894979387, 0.5757667894979388], [0.0, 0.7071067811865476, 0.7071067811865475], [-0.814257202472, 0.0, 0.0]]
3	[[-0.8305561570912853, 0.32773595720904825, 0.4502950280316503], [-0.5100865793185324, -0.772219296347621, -0.37879947194723407], [0.22358030216652452, -0.5443036842615101, 0.808545204538665]]	0.4730908366736253	0.5269091633263745	[[-0.39292850726274714, 0.15504887820406008, 0.21303045156146694], [-0.2413172865857919, -0.3653298730046142, -0.1792065591150444], [0.105773792215703, -0.2575050853918146, 0.3825153273036445]]	0.7033013261993589	0.5085683887853379	[[-0.46080933369923016, 0.11772597713399882, 0.24753944781638026], [-0.5457945379101907, -0.5975870848886193, -0.2755725237319724], [0.21072534056804212, -0.3153880359789687, 0.4166289277978975]]	[[0.1233219130661138, -0.11277115621434117, -0.06915364257925687], [-0.18704997019897235, -0.05448422965060169, -0.009162352747865796], [0.05348101754227202, 0.06742146701734847, -0.15202198684627738]]	0.683453743924118	[[-0.6165846963995918, 0.6165846963995917, 0.0], [-0.7071067811865475, -0.7071067811865476, 0.0], [0.0, 0.0, 0.8719824399999999]]
