3	[[0.8787972042104137, -0.3840163418041313, 0.28327887866788265], [-0.395223040501579, -0.9183905790867732, -0.018907472103605397], [0.2674214316928388, -0.09534250611366366, -0.9588511794847616]]	0.711965737223695	0.2880342627763051	[[0.6256734993657893, -0.2734064778985248, 0.20168485569068068], [-0.28138526339849707, -0.6538626256988107, -0.013461472315279865], [0.19039489676460797, -0.06788059765396919, -0.6826691868896778]]	0.8507367116823102	0.2779475933340246	[[0.6286772097447, -0.2750231799715432, 0.24776033475899023], [-0.344651929962194, -0.8505777549144213, -0.01608528064364627], [0.22074063639971764, -0.08111137013468878, -0.7360178096427104]]	[[-0.11894783400087508, 0.051673619887173554, 0.006764593032023571], [-0.008421180104796151, -0.06926917362212737, 0.0], [-0.006764593032023571, 0.0, 0.0797120897848605]]	0.4705787577405824	[[0.6980847774811172, -0.6980847774811171, 0.0], [-0.7071067811865475, -0.7071067811865476, 0.0], [0.0, 0.0, -0.9872409600000001]]
3	[[0.034229894132735264, 0.2773841392786001, 0.9601491309293217], [-0.1827544195208179, -0.9427759796974285, 0.2788803941677556], [0.9825625356654255, -0.18501754344446375, 0.018422055382213542]]	0.8679830246143002	0.13201697538569976	[[0.029710967041558844, 0.24076472419107367, 0.8333931467448245], [-0.1586277338173102, -0.8183135463914843, 0.2420634480353568], [0.8528476015795723, -0.16059208696563335, 0.015990031350265856]]	0.9332176095990394	0.1225872612881645	[[0.011854703798948532, 0.24372819003421006, 0.8868321159926769], [-0.16329111086862858, -0.8279968023733312, 0.25196134161321493], [0.9210448621509935, -0.16604169334421431, 0.0]]	[[-0.020089236180430854, -0.0151315733640522, -0.009195960831780073], [0.0072585316602491205, 0.05181834378729572, -0.008294753196055847], [0.004100201335734195, 0.006619936282914582, -0.017191786487690437]]	0.34106797920883386	[[0.0, 0.0, 0.9936], [0.0, -1.0, 0.0], [0.9936, 0.0, 0.0]]
3	[[-0.42203838922340475, -0.825029846081567, 0.3757783270710803], [0.2588054115689476, 0.28760896992378115, 0.9221175843470338], [-0.8688517462515349, 0.4864224845687207, 0.09214016247897017]]	0.4700739551641572	0.529926044835843	[[-0.19838925485335587, -0.387825042876038, 0.17664360447127295], [0.12165768343410271, 0.13519748603276088, 0.43346346000042846], [-0.4084245768117438, 0.22865454120199477, 0.04331269060595759]]	0.6699490333371378	0.5878682964915056	[[-0.1332813243990363, -0.40326506136428697, 0.37631439948650697], [0.12430292292869605, 0.1005364732680781, 0.6585964401347071], [-0.5375790128084327, 0.1905450750127896, -0.03272390620416046]]	[[0.1494628864923464, 0.1494628864923464, 0.12456207251618988], [-0.04908351237434046, -0.09214687811144899, 0.04082465587823519], [0.04450737470606736, -0.1353331983174737, -0.09445311898847333]]	0.6557129085744712	[[0.0, -0.693617034905238, 0.6936170349052381], [0.0, 0.7071067811865476, 0.7071067811865475], [-0.9809226178560001, 0.0, 0.0]]
3	[[-0.8305561570912853, 0.32773595720904825, 0.4502950280316503], [-0.5100865793185324, -0.772219296347621, -0.37879947194723407], [0.22358030216652452, -0.5443036842615101, 0.808545204538665]]	0.5438211825284968	0.45617881747150313	[[-0.45167403150570673, 0.1782297558065335, 0.24487997463087474], [-0.27739588675692023, -0.419949210911087, -0.205999176775515], [0.121587704314278, -0.29600387322971194, 0.4397040092599621]]	0.7679752046623021	0.4294503417344615	[[-0.5520171927544063, 0.1584215797701418, 0.2536111463636383], [-0.5521219690302086, -0.6030064046094508, -0.2946390597670045], [0.23841187396946073, -0.3455099685878769, 0.497922335491337]]	[[0.08582934197130868, -0.09327150904267253, -0.09220426994738536], [-0.1603881238825653, -0.009961132452707832, -0.0037304577723554447], [0.06670774565466477, 0.07250176473130139, -0.12302033344296719]]	0.6812668742924943	[[-0.6936170349052381, 0.693617034905238, 0.0], [-0.7071067811865475, -0.7071067811865476, 0.0], [0.0, 0.0, 0.9809226178560001]]
3	[[-0.30792515101507295, 0.09349718223056193, 0.9468053539599837], [0.3027085282091916, -0.9338174967034747, 0.1906631317268273], [0.9019698710720718, 0.34531602882779927, 0.2592434992682147]]	0.7395387831265344	0.26046121687346574	[[-0.22772259147574142, 0.0691447923725496, 0.7001992793252539], [0.22386469659384978, -0.6905942551743541, 0.14100278042435202], [0.667041700869437, 0.255374595753398, 0.19172062198228015]]	0.8614691641616179	0.2468861276265568	[[-0.26548090839302074, 0.08315258643101185, 0.7589888421254591], [0.24309897401633737, -0.8496481253450333, 0.11988256090390303], [0.6942435039057576, 0.27390458910757426, 0.1823283219620089]]	[[-0.00021288592372585395, 0.00260764700338318, -0.05665477477419297], [-0.017675088764628467, -0.04519314698039643, -0.04436784782124337], [-0.08277572702566242, -0.02357452161831912, -0.04100195866691306]]	0.4672127644787849	[[0.0, 0.0, 0.9936], [0.0, -1.0, 0.0], [0.9936, 0.0, 0.0]]
3	[[0.8489524140446696, -0.5135124485683378, 0.12483895166604869], [0.522794976890395, 0.7815435453534784, -0.34040431673891397], [0.0772347773085365, 0.35425224329800037, 0.9319550081910795]]	0.768390058334058	0.23160994166594198	[[0.6523265949506232, -0.3945778603106901, 0.0959250093530378], [0.4017104627895632, 0.6005302904047657, -0.2615632927961793], [0.059346435041524336, 0.2722039018927215, 0.7161049631086611]]	0.8911615383181837	0.1936409978588065	[[0.7698969330632417, -0.4430208916657152, 0.0579992065967066], [0.4653606458108073, 0.6252955990039799, -0.2756334365895357], [0.03923880670844761, 0.2891354720763122, 0.8184236121794343]]	[[0.013343193804258385, 0.01460165194598188, -0.05325246561203874], [-0.000534130019856389, -0.07118594913587303, 0.027721797965665103], [-0.02958985624949014, -0.026560502013801265, -0.01209884656346364]]	0.42896667041893216	[[0.7025812977869537, -0.7025812977869536, 0.0], [0.7071067811865475, 0.7071067811865476, 0.0], [0.0, 0.0, 0.9936]]
3	[[0.3802729664721569, 0.7767473726770865, -0.5020517802076895], [0.4287143634067757, 0.332951791095048, 0.839849450446521], [0.8195098935212374, -0.5346088512602871, -0.20639019011321075]]	0.5585225616359507	0.4414774383640497	[[0.21239103135493104, 0.43383093233160086, -0.2804072463554879], [0.23944664446007824, 0.185961087263684, 0.46907486645193636], [0.45771476501548664, -0.2985911050791486, -0.11527357767856133]]	0.7240483391405659	0.4381286931329447	[[0.23104756332151194, 0.48971957677699324, -0.32044914852614603], [0.33367020524981794, 0.22181230316076894, 0.4893962000082632], [0.6149497432024328, -0.3182935903750375, -0.05164512432230517]]	[[-0.04428844647270937, -0.07268306834164931, 0.04306060909579592], [0.023260282459436968, -0.019260888195477097, -0.11869539971565735], [0.021584965889118776, 0.06878906046981922, 0.09779135004407072]]	0.6720416603361237	[[0.0, 0.693617034905238, -0.6936170349052381], [0.0, 0.7071067811865476, 0.7071067811865475], [0.9809226178560001, 0.0, 0.0]]
3	[[0.5319609947059123, -0.8460851799387872, 0.03402011756955908], [-0.703274286200726, -0.4190807785627857, 0.5742617690636116], [-0.47161719485230363, -0.3294103357928521, -0.8179645788128509]]	0.5285597198818992	0.4714402801181008	[[0.28117315434985346, -0.44720654570467167, 0.01798166381291543], [-0.3717224597143984, -0.22150921892503425, 0.3035316397951464], [-0.24927785240262065, -0.17411303481287232, -0.4323431286506361]]	0.7294066104074041	0.47547070659579094	[[0.5180586450619535, -0.6282281192075929, 0.11174674193018061], [-0.4272182460494125, -0.24388577373922138, 0.27988853513713496], [-0.2919796179889649, -0.06808822674634477, -0.5283808817122099]]	[[0.13004277904456296, -0.011087995992503593, 0.08693224328810714], [0.08575466723494565, 0.06179451643915603, -0.1389817953221134], [0.05202108151810219, 0.17218584971748424, 0.06824788915299179]]	0.6477475930760167	[[0.6980847774811172, -0.6980847774811171, 0.0], [-0.7071067811865475, -0.7071067811865476, 0.0], [0.0, 0.0, -0.9872409600000001]]
3	[[0.04673222253661188, -0.9725397674033924, -0.22799671093185395], [-0.8377629715199755, -0.16246744520517667, 0.5213036857710898], [-0.5440306084466285, 0.16664552219444034, -0.8223502702654952]]	0.5692878621434757	0.4307121378565242	[[0.02660408706108088, -0.5536550850345904, -0.1297957601421391], [-0.4769282910395724, -0.09249074454876727, 0.29677186080013795], [-0.30971002202319553, 0.09486927306585606, -0.4681540272925533]]	0.7593982673884068	0.38412383046806214	[[-0.00855483353583546, -0.819244707303765, -0.10377416680805855], [-0.6612114892870016, -0.11305563437445149, 0.22433464311001422], [-0.30904629225649427, 0.04475912974792288, -0.6244913704260051]]	[[-0.04404320236134785, -0.08069969297130467, 0.06936614044384679], [-0.025015740232569077, 0.010321862021380464, -0.17154247264774186], [0.1040896092041362, -0.08179119107457139, 0.0]]	0.6114128595086803	[[1.958642148203723e-16, -0.9809226178560001, 0.0], [-1.0, -1.7938038903913487e-16, 0.0], [0.0, 0.0, -0.9809226178560001]]
3	[[-0.5446221603179724, 0.8109226453022452, -0.2139887049042392], [-0.8354447797583356, -0.5021691245819775, 0.22328947644507607], [0.07361197229480154, 0.30038414347728, 0.9509735242804028]]	0.6370939498452971	0.362906050154703	[[-0.34697548329025557, 0.5166339111146042, -0.13633090922972146], [-0.5322568146138722, -0.3199289110702871, 0.14225637450728193], [0.0468977421851977, 0.19137292043883675, 0.6058594787821043]]	0.7952878758721822	0.30511517141652256	[[-0.4663401369853216, 0.6001365566664323, -0.12591759499578073], [-0.6649917429764916, -0.4264144751922574, 0.04792293441133865], [0.09229738413693601, 0.16928603924068042, 0.7462922758065679]]	[[-0.03320873595312224, -0.04478039141264134, 0.044265027588150936], [-0.000572638673981652, -0.027045458774863355, -0.12965647901527755], [0.033754675051841376, -0.0696058281710504, -0.010005438329076646]]	0.38374785567539405	[[-0.6980847774811172, 0.6980847774811171, 0.0], [-0.7071067811865475, -0.7071067811865476, 0.0], [0.0, 0.0, 0.9872409600000001]]
3	[[0.8592155572171323, 0.2624339665249735, -0.4391776855101157], [-0.4266000482917053, 0.8413623931712975, -0.33184593135155627], [0.2824199444684594, 0.4724804086637203, 0.8348660002631537]]	0.6233381082365825	0.37666189176341747	[[0.5355818000031684, 0.16358509223069964, -0.2737561876655964], [-0.2659160670757863, 0.5244532425008002, -0.20685221507468593], [0.1760431139132502, 0.29451504411529084, 0.5204037932350766]]	0.8168153587148691	0.3312781054514369	[[0.5983519194943825, 0.22072081672378616, -0.2961041650903178], [-0.32562319498613806, 0.7523657647018532, -0.272218734378538], [0.25405878540721927, 0.3685320394221052, 0.5791718860648873]]	[[-0.10346854408732531, 0.006360722217723985, 0.06262291363919337], [0.022830276487031623, 0.06512803971443931, -0.0011618809235467544], [0.023373837157981154, -0.017397215066299404, -0.10275948541890843]]	0.627115168373269	[[0.9809226178560001, 0.0, 0.0], [0.0, 0.7071067811865476, -0.7071067811865475], [0.0, 0.693617034905238, 0.6936170349052381]]
3	[[0.08740825448676931, -0.06334395238859675, -0.994156597696443], [0.7119981850616444, -0.6940087028176986, 0.10681996481098455], [-0.6967197295301035, -0.717174639895393, -0.015561310176609944]]	0.8334180706033799	0.16658192939662017	[[0.0728476188091725, -0.05279199458409666, -0.8285480735297901], [0.5933921536671839, -0.5783993940842809, 0.08902568897469168], [-0.5806588127362874, -0.5977063046672921, -0.012969077103451004]]	0.922916915787323	0.11874073647623747	[[0.06851733369650938, -0.02655388505693845, -0.9016031082557872], [0.6307870043289795, -0.6351089497879346, 0.06534266567879757], [-0.6563061039771454, -0.6562954532143237, 0.022117587582532766]]	[[-0.012153222948773199, 0.03190732011532428, 0.015920832699832573], [-0.026328164674284955, 0.0054034217461363405, -0.03324328678906668], [-0.013291680031044296, 0.005597153518816291, 0.0364793839763395]]	0.11821727106175664	[[0.0, 0.0, -0.9809226178560001], [0.7071067811865475, -0.7071067811865476, 0.0], [-0.6936170349052381, -0.693617034905238, 0.0]]
3	[[-0.3195682178843842, -0.5708200961323295, -0.7563336379995778], [0.910087742671785, 0.03735879733279218, -0.41272826520656647], [0.2638493031197415, -0.8202248094963509, 0.507557688474819]]	0.4845368298381929	0.515463170161807	[[-0.15484257121074038, -0.27658335978789145, -0.36647150325630284], [0.44097102970878393, 0.018101713226198694, -0.19998204520780663], [0.12784470488865593, -0.3974291289479976, 0.24593039333358985]]	0.6814272053007328	0.5457388196970205	[[-0.2524833608664503, -0.2783465807204008, -0.4933486122120403], [0.5835828804310631, -0.023900866329788592, -0.07685340180603743], [0.3031509707819515, -0.47754421795790786, 0.3075413729741076]]	[[-0.03472088325055878, 0.11062576211654807, 0.022037705004947953], [-0.03657566663622368, -0.04935816718966969, 0.20439086650229282], [0.12335687753652017, 0.08137928169551656, -0.03832224421218817]]	0.9012579141658941	[[0.0, 0.0, -0.9809226178560001], [0.7071067811865475, 0.7071067811865476, 0.0], [0.6936170349052381, -0.693617034905238, 0.0]]
3	[[0.22433838825039393, -0.7661379269479729, -0.6022499185961573], [-0.9416906372873723, -0.011392912655017143, -0.3362869982418849], [0.2507808429735371, 0.642575192824231, -0.724020780340167]]	0.525958711134958	0.47404128886504193	[[0.117992729542271, -0.40295691660916444, -0.31675859096596837], [-0.49529039387552354, -0.005992201656105997, -0.17687307616674566], [0.13190036894769985, 0.33796802022512973, -0.38080503646264086]]	0.7223104233275063	0.503694222127742	[[0.2703033312907111, -0.40650703379541775, -0.4116325579098276], [-0.6825225646390248, 0.032250511632064126, -0.03822444860538312], [0.33787355648356127, 0.35507652794985134, -0.4809751133785636]]	[[0.10826137510495865, 0.14688237654563058, 0.023378835740318925], [-0.0023296017764336333, 0.04047973119484287, 0.20467915545424914], [0.15673193963291673, -0.10906223159877296, 0.04199264296685375]]	0.7494853302982804	[[1.958642148203723e-16, -0.9809226178560001, 0.0], [-1.0, -1.7938038903913487e-16, 0.0], [0.0, 0.0, -0.9809226178560001]]
