3	[[0.8489524140446696, -0.5135124485683378, 0.12483895166604869], [0.522794976890395, 0.7815435453534784, -0.34040431673891397], [0.0772347773085365, 0.35425224329800037, 0.9319550081910795]]	0.7670565781613242	0.23294342183867583	[[0.6511945337389, -0.39389310164207225, 0.09575853908620627], [0.4010133260534749, 0.5994881175829089, -0.26110937038909493], [0.0592434439973379, 0.27173151355013714, 0.7148622195833582]]	0.8900351583470021	0.19376056616973797	[[0.7679058121897986, -0.4432129555208678, 0.05740436198042949], [0.4657408893066471, 0.6253844233773975, -0.27521640083355725], [0.03923391819360609, 0.2869968827338621, 0.8171563752769012]]	[[0.012308315926481456, 0.01383117795380948, -0.05370669413353588], [0.00043497926698704125, -0.0702168097663631, 0.027755409117165154], [-0.02950774905809265, -0.02830006872465445, -0.012316348010727757]]	0.4294024510936929	[[0.7015913482932925, -0.7015913482932924, 0.0], [0.7071067811865475, 0.7071067811865476, 0.0], [0.0, 0.0, 0.9922]]
3	[[0.8592155572171323, 0.2624339665249735, -0.4391776855101157], [-0.4266000482917053, 0.8413623931712975, -0.33184593135155627], [0.2824199444684594, 0.4724804086637203, 0.8348660002631537]]	0.620796245996893	0.37920375400310696	[[0.5333977924225244, 0.16291802124077784, -0.27263985849028394], [-0.2648317085215839, 0.5223146152037035, -0.2060087084323888], [0.1753252413206706, 0.2933140640055155, 0.5182816788738069]]	0.8154206948084353	0.33354790765807685	[[0.596123963962714, 0.21994251357248287, -0.2955760060226572], [-0.32541268266355106, 0.7524096727847617, -0.2723232432118696], [0.2536027209318636, 0.36733292865106965, 0.5770461401641571]]	[[-0.10449818269349695, 0.005948426247355327, 0.06253856744036176], [0.02244582511978324, 0.06634536555933439, -0.0017292032998313923], [0.023311653585632683, -0.017937374464874586, -0.10372087384236314]]	0.6282773719594964	[[0.976782045448, 0.0, 0.0], [0.0, 0.7071067811865476, -0.7071067811865475], [0.0, 0.6906892080775472, 0.6906892080775473]]
3	[[-0.8305561570912853, 0.32773595720904825, 0.4502950280316503], [-0.5100865793185324, -0.772219296347621, -0.37879947194723407], [0.22358030216652452, -0.5443036842615101, 0.808545204538665]]	0.5420805500549538	0.4579194499450462	[[-0.4502283384875726, 0.1776592879566676, 0.24409617648240772], [-0.2765080134926398, -0.41860506092716776, -0.20533982611368268], [0.12119853317988238, -0.29505644056141733, 0.43829662922061463]]	0.7665829451534463	0.43136655320805695	[[-0.5500170835438203, 0.1575232439369288, 0.25325095727216657], [-0.5522400229784564, -0.6026150987961543, -0.2942592156970346], [0.2378889317865574, -0.3448677403102583, 0.4962091368533654]]	[[0.08667310147454542, -0.09371355137306725, -0.09193753150428967], [-0.16121635072120893, -0.010644956297673263, -0.003878000869153681], [0.06649608527344562, 0.07238618102880162, -0.1236078273315799]]	0.6810794270357876	[[-0.6906892080775473, 0.6906892080775472, 0.0], [-0.7071067811865475, -0.7071067811865476, 0.0], [0.0, 0.0, 0.976782045448]]
3	[[-0.30792515101507295, 0.09349718223056193, 0.9468053539599837], [0.3027085282091916, -0.9338174967034747, 0.1906631317268273], [0.9019698710720718, 0.34531602882779927, 0.2592434992682147]]	0.7370744548370266	0.2629255451629735	[[-0.22696376281504402, 0.06891438462138957, 0.697866040106833], [0.2231187234043086, -0.6882930222999905, 0.14053292387507146], [0.6648189509998707, 0.25452362369473713, 0.19108176089316245]]	0.8603453216876534	0.24843668753069217	[[-0.2648223335819646, 0.0827279283738413, 0.7572993584622747], [0.24309893207207467, -0.8496923190002327, 0.11977590992641222], [0.6927056115164405, 0.27293805821444533, 0.18209440520812334]]	[[9.962952381756332e-05, 0.002288065050799348, -0.05728019836601999], [-0.01733493400765845, -0.046286804401322656, -0.04426022347308045], [-0.08329994736363254, -0.024152971691310608, -0.04094452656522176]]	0.46742778569683235	[[0.0, 0.0, 0.9922], [0.0, -1.0, 0.0], [0.9922, 0.0, 0.0]]
3	[[0.04673222253661188, -0.9725397674033924, -0.22799671093185395], [-0.8377629715199755, -0.16246744520517667, 0.5213036857710898], [-0.5440306084466285, 0.16664552219444034, -0.8223502702654952]]	0.5679823931261997	0.43201760687380036	[[0.026543079592450898, -0.5523854645001762, -0.12949811749997675], [-0.47583461743643185, -0.09227864833273593, 0.2960913149897719], [-0.30899980691941864, 0.09465172249976345, -0.46708047449337303]]	0.758807294315529	0.37125768028684053	[[-0.00909331519419842, -0.8324673578973679, -0.1342695054140026], [-0.6484191566740511, -0.11432985291198519, 0.2365919363223659], [-0.2764992028344657, 0.03131201147270926, -0.6240053835598044]]	[[-0.04455406653455594, -0.09449708837974576, 0.03873606192103727], [-0.012718502977240823, 0.008951629598511274, -0.1589771029943075], [0.13631519118575136, -0.09513982633345244, 0.0]]	0.6126000739351869	[[1.9503745239402268e-16, -0.976782045448, 0.0], [-1.0, -1.7938038903913487e-16, 0.0], [0.0, 0.0, -0.976782045448]]
3	[[0.034229894132735264, 0.2773841392786001, 0.9601491309293217], [-0.1827544195208179, -0.9427759796974285, 0.2788803941677556], [0.9825625356654255, -0.18501754344446375, 0.018422055382213542]]	0.8677619868390116	0.13223801316098843	[[0.02970340094191138, 0.2407034118180272, 0.8331809175169784], [-0.15858733818699522, -0.8181051572863364, 0.24200180493345835], [0.8526304181426069, -0.16055119109944105, 0.015985959380127934]]	0.9321633600779635	0.12276345241042341	[[0.011575147801512826, 0.2430983180022252, 0.8849210948745901], [-0.16342064110248095, -0.8279534513570729, 0.2519364699907561], [0.9190142230025209, -0.16558480889791075, 0.0]]	[[-0.020332705328370653, -0.015469013300048452, -0.010094745188422953], [0.006936332667142421, 0.05086777367847605, -0.00802561529652589], [0.003105428269914059, 0.0068817660726511656, -0.017172365044626513]]	0.341656258876984	[[0.0, 0.0, 0.9922], [0.0, -1.0, 0.0], [0.9922, 0.0, 0.0]]
3	[[-0.5446221603179724, 0.8109226453022452, -0.2139887049042392], [-0.8354447797583356, -0.5021691245819775, 0.22328947644507607], [0.07361197229480154, 0.30038414347728, 0.9509735242804028]]	0.634998344381455	0.36500165561854514	[[-0.3458341701153638, 0.5149345371883557, -0.13588247333052364], [-0.5305060519686723, -0.3188765627090404, 0.14178844786042522], [0.04674348053385253, 0.19074343378651423, 0.6038666134686531]]	0.7943161176756611	0.3054832661173628	[[-0.46681627659739916, 0.5989585031067381, -0.12488606183276071], [-0.6656058245386585, -0.42754484827293227, 0.04734058439392802], [0.09205345259996528, 0.16724684479960267, 0.7460787031528862]]	[[-0.03421411661349584, -0.0451704242450185, 0.045088615473217304], [-0.0019985705486195923, -0.028663818818390554, -0.1300218456537558], [0.033582276552310206, -0.07135312185859909, -0.009294894665864447]]	0.3845184393830175	[[-0.6961189357766048, 0.6961189357766047, 0.0], [-0.7071067811865475, -0.7071067811865476, 0.0], [0.0, 0.0, 0.9844608399999999]]
3	[[0.5319609947059123, -0.8460851799387872, 0.03402011756955908], [-0.703274286200726, -0.4190807785627857, 0.5742617690636116], [-0.47161719485230363, -0.3294103357928521, -0.8179645788128509]]	0.5273123153635636	0.4726876846364364	[[0.28050958380147906, -0.4461511352283192, 0.017939226964544842], [-0.3708451921921623, -0.22098645566830738, 0.30281530306970916], [-0.2486895549828372, -0.17370212687161782, -0.43132279593918654]]	0.7282915205639363	0.4768621768988203	[[0.5148978581908344, -0.6264891035089105, 0.1116765079013868], [-0.4260992180757863, -0.24269234480322432, 0.28100756311076114], [-0.29275791841694343, -0.06747203292300846, -0.5257594355213111]]	[[0.12747517647576145, -0.010292441284679515, 0.08689994474688877], [0.08608948119485732, 0.06252063265538516, -0.1372224138823126], [0.05071688554613907, 0.17243472142104466, 0.06995723134973969]]	0.6486990653069108	[[0.6961189357766048, -0.6961189357766047, 0.0], [-0.7071067811865475, -0.7071067811865476, 0.0], [0.0, 0.0, -0.9844608399999999]]
3	[[0.8787972042104137, -0.3840163418041313, 0.28327887866788265], [-0.395223040501579, -0.9183905790867732, -0.018907472103605397], [0.2674214316928388, -0.09534250611366366, -0.9588511794847616]]	0.7091332857139746	0.2908667142860255	[[0.6231843488979855, -0.2723187702314243, 0.20088248200312597], [-0.28026581330075206, -0.6512613289165633, -0.013407917817375003], [0.18963743852667797, -0.06761054462858704, -0.679953287418749]]	0.8497384194482358	0.2796390407036078	[[0.6271738677707961, -0.27424884534623784, 0.24747885252281798], [-0.34480628887331005, -0.8505216357165757, -0.01606640546107926], [0.2204723587927543, -0.08101619045125831, -0.7342199478517202]]	[[-0.11957387955048948, 0.052064593980698154, 0.006765905900502815], [-0.008970087107972232, -0.07012987660723093, 0.0], [-0.006765905900502815, 0.0, 0.08055273788973803]]	0.4710992274752729	[[0.6961189357766048, -0.6961189357766047, 0.0], [-0.7071067811865475, -0.7071067811865476, 0.0], [0.0, 0.0, -0.9844608399999999]]
3	[[-0.42203838922340475, -0.825029846081567, 0.3757783270710803], [0.2588054115689476, 0.28760896992378115, 0.9221175843470338], [-0.8688517462515349, 0.4864224845687207, 0.09214016247897017]]	0.4688441495789893	0.5311558504210109	[[-0.19787022968513368, -0.38681041656339676, 0.176181470185856], [0.1213394030934836, 0.1348437829152043, 0.43232943464501694], [-0.4073560580815206, 0.2280563361137209, 0.04319937611952265]]	0.6686270106350101	0.5887532415507403	[[-0.1323846551175362, -0.40183562822805685, 0.3744266064254607], [0.12488086452612329, 0.10020234525728318, 0.6578892820245508], [-0.5356305889447501, 0.19016122936610907, -0.032650806340080864]]	[[0.14980161144212373, 0.14980161144212373, 0.12317106693449928], [-0.04816342414738552, -0.0921007805346691, 0.041336558148616795], [0.0453071568364221, -0.135073982396729, -0.09425820773781882]]	0.6563116358992169	[[0.0, -0.6906892080775472, 0.6906892080775473], [0.0, 0.7071067811865476, 0.7071067811865475], [-0.976782045448, 0.0, 0.0]]
3	[[0.3802729664721569, 0.7767473726770865, -0.5020517802076895], [0.4287143634067757, 0.332951791095048, 0.839849450446521], [0.8195098935212374, -0.5346088512602871, -0.20639019011321075]]	0.5575113013920038	0.44248869860799667	[[0.21200647642209, 0.43304543859402217, -0.27989954134976114], [0.2390131026683559, 0.1856243863541988, 0.46822556009179905], [0.45688602724064753, -0.2980504764018069, -0.11506486348455919]]	0.7227204090379047	0.43884317331982353	[[0.2297233837625767, 0.4882604214473436, -0.3192377259360008], [0.3339689949149264, 0.22122223014274534, 0.48917899541628274], [0.6127259217660573, -0.31656565960669475, -0.05238642855094723]]	[[-0.045107650112237954, -0.0731107574529582, 0.04360534201390867], [0.024128374833156503, -0.019408824507370706, -0.11779734294068644], [0.02044939630977877, 0.06980706805142432, 0.09677597406908335]]	0.6728420667301173	[[0.0, 0.6906892080775472, -0.6906892080775473], [0.0, 0.7071067811865476, 0.7071067811865475], [0.976782045448, 0.0, 0.0]]
3	[[-0.3195682178843842, -0.5708200961323295, -0.7563336379995778], [0.910087742671785, 0.03735879733279218, -0.41272826520656647], [0.2638493031197415, -0.8202248094963509, 0.507557688474819]]	0.4830011426857737	0.5169988573142262	[[-0.1543518144042139, -0.27570675869991834, -0.36531001140548436], [0.4395734196547885, 0.018044341801104865, -0.19934822371348868], [0.12743951490368016, -0.3961695202459586, 0.24515094351228753]]	0.6803231183943311	0.5462655133385651	[[-0.2533653995244543, -0.2778409568467785, -0.4913670498946574], [0.5845888058121899, -0.0257510359609584, -0.07603499432776344], [0.3009152462050572, -0.4742351403356644, 0.3085187242807854]]	[[-0.035955752993630984, 0.11050115099611979, 0.023184209255744593], [-0.03456492529473661, -0.05116708946186537, 0.20475358610705036], [0.12141246552046359, 0.0837827598452892, -0.036784505107421865]]	0.9018991298724754	[[0.0, 0.0, -0.976782045448], [0.7071067811865475, 0.7071067811865476, 0.0], [0.6906892080775473, -0.6906892080775472, 0.0]]
3	[[0.08740825448676931, -0.06334395238859675, -0.994156597696443], [0.7119981850616444, -0.6940087028176986, 0.10681996481098455], [-0.6967197295301035, -0.717174639895393, -0.015561310176609944]]	0.8324904775765308	0.16750952242346923	[[0.07276653952182152, -0.05273323717556793, -0.8276259008021709], [0.5927317091155916, -0.5777556364509744, 0.08892660352020473], [-0.5800125403735071, -0.5970410584722923, -0.01295464254064255]]	0.9215941181463184	0.11948591525804556	[[0.06518927996055365, -0.027461481351859978, -0.9004337452044854], [0.6319573649358455, -0.6369410508647007, 0.06524779457078964], [-0.6561210069286197, -0.6535560004479303, 0.022377608680567304]]	[[-0.015365653251889481, 0.030915932589611235, 0.015775127748912408], [-0.024215974547819825, 0.0026532875944466254, -0.03319685669961046], [-0.01402820219718227, 0.007387929363368007, 0.03671882060998148]]	0.1203468258436173	[[0.0, 0.0, -0.976782045448], [0.7071067811865475, -0.7071067811865476, 0.0], [-0.6906892080775473, -0.6906892080775472, 0.0]]
3	[[0.22433838825039393, -0.7661379269479729, -0.6022499185961573], [-0.9416906372873723, -0.011392912655017143, -0.3362869982418849], [0.2507808429735371, 0.642575192824231, -0.724020780340167]]	0.5243435761142027	0.4756564238857973	[[0.11763039275490797, -0.40171950041262194, -0.31578587603119657], [-0.49376943634852344, -0.005973800563888439, -0.17632992725886054], [0.13149532402567876, 0.33693017452773066, -0.3796356451445588]]	0.7209420513834629	0.49625146802717585	[[0.2713231214033683, -0.40623308499237126, -0.4080167900198535], [-0.682250827416624, 0.005692094394028142, -0.038257368884565365], [0.3123419545182089, 0.35230450191154156, -0.48124969063052375]]	[[0.10958814357406951, 0.14610796370417384, 0.026170501738383627], [-0.003346447602065301, 0.013905724214768867, 0.20418606948152612], [0.13154349913719302, -0.1109549757712838, 0.040727335992171904]]	0.7486168157463403	[[-1.9503745239402268e-16, -0.976782045448, 0.0], [-1.0, 1.7938038903913487e-16, 0.0], [0.0, 0.0, -0.976782045448]]
