3	[[-0.8305561570912853, 0.32773595720904825, 0.4502950280316503], [-0.5100865793185324, -0.772219296347621, -0.37879947194723407], [0.22358030216652452, -0.5443036842615101, 0.808545204538665]]	0.452416278089275	0.5475837219107249	[[-0.3757571253353704, 0.1482730819565435, 0.2037208006241849], [-0.23077147171858017, -0.3493645799223095, -0.17137504724055036], [0.10115136816025451, -0.24625184698387226, 0.3657990121043144]]	0.6825954683323935	0.5310490375049546	[[-0.434758400117223, 0.10432979502513168, 0.2469325540060435], [-0.5434875184073434, -0.5949124281925314, -0.2703686392198733], [0.20085354348453893, -0.3064707802754137, 0.3921255161705129]]	[[0.13217546890885593, -0.11938128417534391, -0.06043679154096909], [-0.19530473090734113, -0.06779903594681569, -0.01180183626198769], [0.048238642417282075, 0.06506844799811906, -0.1597837763894682]]	0.6870933814218805	[[-0.5922663042450929, 0.5922663042450927, 0.0], [-0.7071067811865475, -0.7071067811865476, 0.0], [0.0, 0.0, 0.8375910400000001]]
3	[[0.8489524140446696, -0.5135124485683378, 0.12483895166604869], [0.522794976890395, 0.7815435453534784, -0.34040431673891397], [0.0772347773085365, 0.35425224329800037, 0.9319550081910795]]	0.6644112023411125	0.33558879765888744	[[0.5640534941458089, -0.34118342337041796, 0.08294439797544344], [0.3473508391736415, 0.5192662866502403, -0.22616844136660672], [0.05131565125411281, 0.23536915890166077, 0.6192013475200564]]	0.8215612686625058	0.26872738602547186	[[0.6530443000552072, -0.4043736051329309, 0.050198902102435355], [0.4765080474595836, 0.6259835273687209, -0.2642010856821426], [0.02669012667546855, 0.22603563676434796, 0.7210172446311377]]	[[-0.044422122261428464, 0.0175083335868624, -0.05236394540682085], [0.04699994299512533, -0.016102379266875345, 0.01546191663607301], [-0.03676297495499881, -0.065004285666096, -0.04464089423470157]]	0.4563939736387999	[[0.6471441261419284, -0.6471441261419283, 0.0], [0.7071067811865475, 0.7071067811865476, 0.0], [0.0, 0.0, 0.9152]]
3	[[0.034229894132735264, 0.2773841392786001, 0.9601491309293217], [-0.1827544195208179, -0.9427759796974285, 0.2788803941677556], [0.9825625356654255, -0.18501754344446375, 0.018422055382213542]]	0.753949421038698	0.24605057896130197	[[0.02580760886359168, 0.20913361121441812, 0.7239038813749712], [-0.13778758878998398, -0.7108054040620676, 0.21026171172182323], [0.7408024548992627, -0.1394938697619556, 0.013889297989762732]]	0.8684603319296663	0.20243732652075563	[[0.009220573046309015, 0.21063586746067525, 0.779229877975182], [-0.16847816761429557, -0.8235621266331715, 0.2574805391841684], [0.8083799162006304, -0.14408073624173623, 0.0]]	[[-0.020506732174123594, -0.03026125420924261, -0.05462155497367771], [-0.009763203775632544, -0.00479858636982617, 0.01528397949656322], [-0.044936669665019774, 0.016599660950854207, -0.01599882433206387]]	0.3762281543546378	[[0.0, 0.0, 0.9152], [0.0, -1.0, 0.0], [0.9152, 0.0, 0.0]]
3	[[-0.3195682178843842, -0.5708200961323295, -0.7563336379995778], [0.910087742671785, 0.03735879733279218, -0.41272826520656647], [0.2638493031197415, -0.8202248094963509, 0.507557688474819]]	0.4041265989321622	0.5958734010678376	[[-0.12914601702042833, -0.23068358405208816, -0.30565454078275844], [0.36779066417579726, 0.01509768370629723, -0.16679447010110113], [0.10662852150040222, -0.33147466262154096, 0.20511756240519852]]	0.6105930105892613	0.609791496481722	[[-0.26353391264438175, -0.2635339126443817, -0.3603009358104739], [0.6102838155839478, -0.09694826560457953, -0.056717580100819176], [0.21295390233418965, -0.3289921689254296, 0.32921561691337103]]	[[-0.06840779239771053, 0.08500484835790897, 0.10151109722561688], [0.05459060088559761, -0.11975928614000311, 0.19529141390694132], [0.05184936200042816, 0.17183136686495074, 0.01930443985980488]]	0.9434963266363136	[[-1.5306235171991195e-16, -0.7665633198080001, 0.0], [1.0, -1.7938038903913487e-16, 0.0], [0.0, 0.0, 0.7665633198080001]]
3	[[-0.42203838922340475, -0.825029846081567, 0.3757783270710803], [0.2588054115689476, 0.28760896992378115, 0.9221175843470338], [-0.8688517462515349, 0.4864224845687207, 0.09214016247897017]]	0.40077247694315193	0.5992275230568481	[[-0.16914137061416196, -0.33064925496613695, 0.15060161092183072], [0.103722085840779, 0.1152657592674223, 0.3695593483115966], [-0.3482118664416106, 0.19494474398144834, 0.036927241142641336]]	0.5940012592422338	0.6450690211618714	[[-0.08856966306659306, -0.32794709590420373, 0.28107788763089137], [0.1579529012163949, 0.08193491707453454, 0.6183594527076479], [-0.43571949730530196, 0.16771067603276846, -0.02806773346329318]]	[[0.16212167158067337, 0.16212167158067334, 0.05786508815472964], [0.004222160845735443, -0.08890517322955324, 0.07062044643610307], [0.08037953406292367, -0.12122489232478767, -0.0827991060025855]]	0.7068599060630386	[[0.0, -0.5420421216451089, 0.542042121645109], [0.0, 0.7071067811865476, 0.7071067811865475], [-0.7665633198080001, 0.0, 0.0]]
3	[[0.8592155572171323, 0.2624339665249735, -0.4391776855101157], [-0.4266000482917053, 0.8413623931712975, -0.33184593135155627], [0.2824199444684594, 0.4724804086637203, 0.8348660002631537]]	0.4960258148245565	0.5039741851754436	[[0.42619309687856344, 0.13017402208319034, -0.21784346930791798], [-0.2116046365580882, 0.4173374666355315, -0.16460414849486954], [0.14008758307767358, 0.2343624796960613, 0.4141150880498492]]	0.7387521723427554	0.4597708232624048	[[0.4580813839050649, 0.18405386762905848, -0.2848213702313308], [-0.35175967298063826, 0.7495942572073128, -0.2527732673655759], [0.23698625154462613, 0.3092509072816402, 0.454058190798708]]	[[-0.17666597549978252, -0.009819795237791641, 0.03962209898373059], [-0.03660796058361675, 0.12803596152451752, -0.007621364696508927], [0.028347904055631416, -0.03979502100807595, -0.162700880510804]]	0.6895118154821075	[[0.6471441261419284, 0.6471441261419283, 0.0], [-0.7071067811865475, 0.7071067811865476, 0.0], [0.0, 0.0, 0.9152]]
3	[[-0.30792515101507295, 0.09349718223056193, 0.9468053539599837], [0.3027085282091916, -0.9338174967034747, 0.1906631317268273], [0.9019698710720718, 0.34531602882779927, 0.2592434992682147]]	0.5939515320953277	0.4060484679046725	[[-0.1828926152160877, 0.05553279463243832, 0.5623564905805913], [0.17979419410817105, -0.5546423328644523, 0.11324465920324236], [0.5357263868270824, 0.20510098437934574, 0.1539780735761101]]	0.7957859734371276	0.30620590064893066	[[-0.176229115494232, 0.07090468975142634, 0.7223430337369184], [0.2610593538097612, -0.8376822768443442, 0.13081029484614434], [0.6638616930742774, 0.24146081965583277, 0.10532442574280568]]	[[0.0688134005520724, -0.003499056423549895, -0.031111386519611452], [0.020168153021089427, -0.09456341121754808, -0.02091675103366024], [-0.053913278787771746, -0.03333683248834072, -0.10097791467959787]]	0.48373005571497324	[[0.0, 0.0, 0.9152], [0.0, -1.0, 0.0], [0.9152, 0.0, 0.0]]
3	[[-0.5446221603179724, 0.8109226453022452, -0.2139887049042392], [-0.8354447797583356, -0.5021691245819775, 0.22328947644507607], [0.07361197229480154, 0.30038414347728, 0.9509735242804028]]	0.5249337192663496	0.4750662807336504	[[-0.2858905362105873, 0.4256806402358144, -0.11232988674637161], [-0.4385531354801996, -0.2636055062675443, 0.11721217534334975], [0.03864140639924165, 0.15768176564416536, 0.49919806902433994]]	0.7340550404775388	0.37910014960969696	[[-0.46453629563981425, 0.5332292900071456, -0.07982025324718556], [-0.6810010198219256, -0.4689229166016196, 0.0374182347788491], [0.09522439445342913, 0.08082380630213429, 0.6969630776022846]]	[[-0.06475365370264041, -0.06203256521434696, 0.07725923419303184], [-0.06773856819967192, -0.10030313953002591, -0.12648853089124967], [0.04118915515093713, -0.13967468829689128, -0.0011038312564342052]]	0.43947115198793874	[[-0.5922663042450929, 0.5922663042450927, 0.0], [-0.7071067811865475, -0.7071067811865476, 0.0], [0.0, 0.0, 0.8375910400000001]]
3	[[0.04673222253661188, -0.9725397674033924, -0.22799671093185395], [-0.8377629715199755, -0.16246744520517667, 0.5213036857710898], [-0.5440306084466285, 0.16664552219444034, -0.8223502702654952]]	0.4999947855296853	0.5000052144703147	[[0.02336586758451877, -0.4862648124219492, -0.11399716658384601], [-0.41887711726984206, -0.0812328754209182, 0.2606491245629505], [-0.27201246739185625, 0.08332189212909162, -0.41117084701167494]]	0.6935556813412671	0.47534365910814597	[[-1.027500877328961e-16, -0.6927622206760379, -0.10342031928148923], [-0.6712956293845398, -0.13491425510340446, 0.23242908946784802], [-0.2519727135743864, 0.0, -0.5145906062336136]]	[[-0.03241139844197155, -0.01825173966310085, 0.0547080949124206], [-0.09026036086951847, -0.022234035448353312, -0.12912404350283394], [0.12534280573731907, -0.11557794868803631, 0.0557550957615469]]	0.686587819211719	[[1.5306235171991195e-16, -0.7665633198080001, 0.0], [-1.0, -1.7938038903913487e-16, 0.0], [0.0, 0.0, -0.7665633198080001]]
3	[[0.8787972042104137, -0.3840163418041313, 0.28327887866788265], [-0.395223040501579, -0.9183905790867732, -0.018907472103605397], [0.2674214316928388, -0.09534250611366366, -0.9588511794847616]]	0.5724450865967693	0.42755491340323104	[[0.503063141665229, -0.21982826803864042, 0.16216160223007176], [-0.22624348764496477, -0.5257281745749847, -0.010823489505674376], [0.1530840846232391, -0.0545783491685892, -0.5488896464735686]]	0.7924039836360004	0.3657372745395586	[[0.5526150630678839, -0.2339394510552604, 0.22512941918434654], [-0.3455218225527428, -0.8469484133966553, -0.02397739356777251], [0.20215442952151608, -0.0755497816543068, -0.6411972019363801]]	[[-0.14374734235662762, 0.07035662797165725, 0.0006581072479771195], [-0.032345510834559214, -0.11921205999452295, -0.008995037352389039], [-0.00975137826153192, 0.0, 0.11860029240142267]]	0.5128742031950159	[[0.5922663042450929, -0.5922663042450927, 0.0], [-0.7071067811865475, -0.7071067811865476, 0.0], [0.0, 0.0, -0.8375910400000001]]
3	[[0.22433838825039393, -0.7661379269479729, -0.6022499185961573], [-0.9416906372873723, -0.011392912655017143, -0.3362869982418849], [0.2507808429735371, 0.642575192824231, -0.724020780340167]]	0.4208645922738197	0.5791354077261803	[[0.0944160843023679, -0.32244032625046815, -0.2534656664369129], [-0.3963242461100235, -0.004794873539365059, -0.1415312904020576], [0.10554477722814254, 0.270437146533241, -0.30471471051563725]]	0.6402205560220205	0.5705521219148297	[[0.2609647131595038, -0.3864696479637455, -0.2566893014618574], [-0.6858224859835712, -0.04853863268097021, -0.040558676160950116], [0.23458205004407118, 0.23458205004407115, -0.46347397801026097]]	[[0.11733866549675266, 0.10402760161644398, 0.12888347628599098], [-0.08293278257871892, -0.041244655806264865, 0.17473917283644572], [0.0740269993158822, -0.1768077971918152, 5.9008550618057376e-05]]	0.7324326129564719	[[1.5306235171991195e-16, -0.7665633198080001, 0.0], [-1.0, -1.7938038903913487e-16, 0.0], [0.0, 0.0, -0.7665633198080001]]
3	[[0.5319609947059123, -0.8460851799387872, 0.03402011756955908], [-0.703274286200726, -0.4190807785627857, 0.5742617690636116], [-0.47161719485230363, -0.3294103357928521, -0.8179645788128509]]	0.45709078113457524	0.5429092188654249	[[0.2431544666032511, -0.38673773580460785, 0.015550282114159833], [-0.32146019283135063, -0.19155796043174958, 0.26248976059700924], [-0.21557187199153666, -0.15057042770135748, -0.37388406826997983]]	0.6607104770184024	0.5532973155689446	[[0.3943959772293692, -0.5326025040376079, 0.09302517113610058], [-0.4062157089274893, -0.2349090978992065, 0.3008910722590582], [-0.27203793125828735, -0.03829219331879768, -0.44288355998677126]]	[[0.0429237746620421, 0.02641483879794907, 0.07054772302849503], [0.05844498018296875, 0.041981963214255014, -0.07852969511239227], [0.03956449052265907, 0.17935266677768974, 0.09755420706482411]]	0.7030301873114064	[[0.5922663042450929, -0.5922663042450927, 0.0], [-0.7071067811865475, -0.7071067811865476, 0.0], [0.0, 0.0, -0.8375910400000001]]
3	[[0.3802729664721569, 0.7767473726770865, -0.5020517802076895], [0.4287143634067757, 0.332951791095048, 0.839849450446521], [0.8195098935212374, -0.5346088512602871, -0.20639019011321075]]	0.48940305124873235	0.5105969487512679	[[0.18610675009888047, 0.38014253423760247, -0.24570567311850117], [0.2098141175654339, 0.16294762248064704, 0.4110248836380984], [0.40107064241781726, -0.26163920303136423, -0.10100798878921129]]	0.6442819240726694	0.5244662999917301	[[0.12130964290016485, 0.4093614191322985, -0.2328068265509296], [0.3008065196690848, 0.13891217463492178, 0.4708251366932662], [0.555853728735286, -0.2645571481958429, -0.0941033923768947]]	[[-0.12369335561133812, -0.0910828726544857, 0.09065606038538945], [0.024593604735777628, -0.07560264595523719, -0.07027468317179235], [0.027858317740834686, 0.0798816711204144, 0.03887007641896875]]	0.7303052689638803	[[0.0, 0.5420421216451089, -0.542042121645109], [0.0, 0.7071067811865476, 0.7071067811865475], [0.7665633198080001, 0.0, 0.0]]
3	[[0.08740825448676931, -0.06334395238859675, -0.994156597696443], [0.7119981850616444, -0.6940087028176986, 0.10681996481098455], [-0.6967197295301035, -0.717174639895393, -0.015561310176609944]]	0.6189604773525689	0.38103952264743113	[[0.05410225492168556, -0.03920740300784424, -0.6153436422733962], [0.4406987364999181, -0.42956395798287983, 0.0661173364101916], [-0.4312419763709056, -0.4439027574548092, -0.009631835975145879]]	0.8167110193324651	0.2948117147877367	[[0.03652070007327561, -0.028683108048819368, -0.7181616873698906], [0.6360009229803854, -0.6397306518878974, 0.07110585820616216], [-0.5280990193344496, -0.5133590135962895, 0.02582403467549323]]	[[-0.03486658454668528, 0.023050595875018627, 0.09377696091086689], [0.054504159495824524, -0.0729260967840528, -0.01613518413967508], [0.04091966115912073, 0.07236541759207057, 0.038533128171981]]	0.271586766586631	[[0.0, 0.0, -0.7665633198080001], [0.7071067811865475, -0.7071067811865476, 0.0], [-0.542042121645109, -0.5420421216451089, 0.0]]
