3	[[-0.3195682178843842, -0.5708200961323295, -0.7563336379995778], [0.910087742671785, 0.03735879733279218, -0.41272826520656647], [0.2638493031197415, -0.8202248094963509, 0.507557688474819]]	0.4108819047016352	0.5891180952983648	[[-0.13130479804644293, -0.23453964834082208, -0.31076380577118357], [0.37393858515459477, 0.015350053805460041, -0.16958257573227567], [0.10841090422003843, -0.3370155320093965, 0.20854626978649282]]	0.6174772543596335	0.6041588560445275	[[-0.26808058632575554, -0.26808058632575554, -0.3679203525533447], [0.6097429336430403, -0.0978645650617696, -0.057034421406160093], [0.21766214478859142, -0.33652023542462645, 0.33439181099274146]]	[[-0.07075448056590483, 0.08438783936733732, 0.09909846561846761], [0.047784453071709865, -0.12093277266500013, 0.19781589459020524], [0.05474120153351072, 0.16994992790083369, 0.020986483084188035]]	0.9411466841153832	[[0.0, 0.0, -0.7842876090479998], [0.7071067811865475, 0.7071067811865476, 0.0], [0.5545750867584245, -0.5545750867584245, 0.0]]
3	[[0.8592155572171323, 0.2624339665249735, -0.4391776855101157], [-0.4266000482917053, 0.8413623931712975, -0.33184593135155627], [0.2824199444684594, 0.4724804086637203, 0.8348660002631537]]	0.5063397234675598	0.4936602765324401	[[0.4350549676403481, 0.13288074203874994, -0.22237310783431494], [-0.21600455048326972, 0.42601520149435906, -0.16802677711438185], [0.1430004365838833, 0.2392355994666278, 0.422725819705713]]	0.7457500931357974	0.4490014571305238	[[0.468301388359826, 0.18983229729039108, -0.2870875850216993], [-0.35361172285632214, 0.7495345874771895, -0.251065272961619], [0.23908442651815937, 0.312797258942043, 0.4653707920505641]]	[[-0.17245869345857656, -0.005877857687604647, 0.04042921485063342], [-0.0354746971110472, 0.12208850440873695, -0.0035911387494605104], [0.028469726627399022, -0.03955504982376599, -0.15723060540159348]]	0.6891835955484296	[[0.6520938736102341, 0.652093873610234, 0.0], [-0.7071067811865475, 0.7071067811865476, 0.0], [0.0, 0.0, 0.9221999999999999]]
3	[[0.8489524140446696, -0.5135124485683378, 0.12483895166604869], [0.522794976890395, 0.7815435453534784, -0.34040431673891397], [0.0772347773085365, 0.35425224329800037, 0.9319550081910795]]	0.6790370463831816	0.3209629536168185	[[0.5764701397527642, -0.3486939763568396, 0.08477027301288646], [0.35499715697161754, 0.530697020656666, -0.23114714181447718], [0.052445275061651406, 0.24055039696369043, 0.6328319761240845]]	0.8287070410128152	0.25768279181429726	[[0.6640953889409174, -0.4116107662748203, 0.049171027743803775], [0.4765647884637355, 0.6264694562999528, -0.2639430663243251], [0.028473687579778743, 0.22770461657632762, 0.7321654293373783]]	[[-0.039437454062727105, 0.013940615501492452, -0.05428389049450932], [0.043320910108533096, -0.02120118259259326, 0.018152387748369414], [-0.035531316186862276, -0.06586671173931019, -0.04015224785772533]]	0.4537079740482412	[[0.6520938736102341, -0.652093873610234, 0.0], [0.7071067811865475, 0.7071067811865476, 0.0], [0.0, 0.0, 0.9221999999999999]]
3	[[0.034229894132735264, 0.2773841392786001, 0.9601491309293217], [-0.1827544195208179, -0.9427759796974285, 0.2788803941677556], [0.9825625356654255, -0.18501754344446375, 0.018422055382213542]]	0.769628632331144	0.23037136766885616	[[0.02634430660621689, 0.21348277574334054, 0.7389582624710702], [-0.1406530339482792, -0.7255873878491862, 0.2146343363473001], [0.7562082605040024, -0.14239479891843063, 0.014178141288541597]]	0.8746904855472233	0.19281814672443515	[[0.009203859471955513, 0.21361030361007707, 0.7886583739221115], [-0.1680244134555895, -0.8239713423723481, 0.25694635915541775], [0.8182704739921296, -0.1459327334301505, 0.0]]	[[-0.020736703247236747, -0.029014963858620256, -0.051174935608201175], [-0.008170861509024374, 0.0006658370714547612, 0.013012331771222553], [-0.041167627409572395, 0.015900351480041947, -0.016113596567046203]]	0.3729034332333665	[[0.0, 0.0, 0.9221999999999999], [0.0, -1.0, 0.0], [0.9221999999999999, 0.0, 0.0]]
3	[[0.22433838825039393, -0.7661379269479729, -0.6022499185961573], [-0.9416906372873723, -0.011392912655017143, -0.3362869982418849], [0.2507808429735371, 0.642575192824231, -0.724020780340167]]	0.43010588494231705	0.5698941150576831	[[0.09648926100496878, -0.3295204310578301, -0.25903123419423857], [-0.4050266848923797, -0.0049001587795566865, -0.14463901697342132], [0.10786231639371342, 0.2763753719516459, -0.3114055984448345]]	0.6483157167830095	0.5640197437186675	[[0.2684351871630142, -0.38897600592415943, -0.26637103569351134], [-0.683139604680056, -0.04912939678469672, -0.040409481967589776], [0.24245551361383408, 0.24245551361383408, -0.4684728450700108]]	[[0.122993084182515, 0.10772325333976462, 0.12407705196366549], [-0.07262676417924449, -0.04174319245051308, 0.17761066434240447], [0.07987035164599812, -0.17413608310898776, 0.0009212061020184223]]	0.7316938454418322	[[1.5660142190959671e-16, -0.7842876090479998, 0.0], [-1.0, -1.7938038903913487e-16, 0.0], [0.0, 0.0, -0.7842876090479998]]
3	[[-0.30792515101507295, 0.09349718223056193, 0.9468053539599837], [0.3027085282091916, -0.9338174967034747, 0.1906631317268273], [0.9019698710720718, 0.34531602882779927, 0.2592434992682147]]	0.6074605390973081	0.392539460902692	[[-0.18705237823723625, 0.05679584872185642, 0.5751468907367493], [0.18388348573530827, -0.5672572799659914, 0.11582032878475959], [0.5479111041309703, 0.20976586103067654, 0.15748019582294231]]	0.801657715557882	0.2980402727936625	[[-0.1780395899413724, 0.07341341177897087, 0.7317632393241749], [0.2610247995041847, -0.8370473213620344, 0.1323777672886162], [0.6727864935662414, 0.24620470207133408, 0.10462617816240155]]	[[0.06881098318418684, -0.001539325739080397, -0.02725057780935747], [0.01835617230011549, -0.08844532020674697, -0.02046880333262372], [-0.05028461277943297, -0.030620556744279253, -0.10319837323418692]]	0.4819054827258437	[[0.0, 0.0, 0.9221999999999999], [0.0, -1.0, 0.0], [0.9221999999999999, 0.0, 0.0]]
3	[[0.3802729664721569, 0.7767473726770865, -0.5020517802076895], [0.4287143634067757, 0.332951791095048, 0.839849450446521], [0.8195098935212374, -0.5346088512602871, -0.20639019011321075]]	0.4996228408593182	0.5003771591406821	[[0.1899930598108193, 0.3880807289669375, -0.25083653668584377], [0.21419548816248737, 0.1663503197361061, 0.41960796832622793], [0.409445861113398, -0.26710279301520135, -0.1031172531098571]]	0.6517929775263325	0.5161518361968194	[[0.12409718415034901, 0.41155075095998805, -0.24279695979384053], [0.3019932090289976, 0.14891808044180804, 0.468293535048931], [0.5675817800970848, -0.27587118158628093, -0.08965631878397282]]	[[-0.12376206493930933, -0.09472773186296597, 0.0844368649001252], [0.0225601975957892, -0.06809755884875862, -0.07911443893146104], [0.0334309864865899, 0.0725831133885938, 0.04486735776214264]]	0.724294591915541	[[0.0, 0.5545750867584245, -0.5545750867584245], [0.0, 0.7071067811865476, 0.7071067811865475], [0.7842876090479998, 0.0, 0.0]]
3	[[0.8787972042104137, -0.3840163418041313, 0.28327887866788265], [-0.395223040501579, -0.9183905790867732, -0.018907472103605397], [0.2674214316928388, -0.09534250611366366, -0.9588511794847616]]	0.583499681758033	0.416500318241967	[[0.5127778889866257, -0.2240734132325946, 0.165293135551482], [-0.23061251835611354, -0.535880610626708, -0.011032503955302628], [0.15604032028804898, -0.05563232197533606, -0.559489358082673]]	0.7978600592713998	0.3585009799867749	[[0.5586719611760885, -0.2374532249932789, 0.2277658739814833], [-0.3454986296655283, -0.847298337408037, -0.02315579516090932], [0.2044137287112608, -0.07606997757893147, -0.6488712362651464]]	[[-0.14248522826277257, 0.06893807623975139, 0.0017489710571907727], [-0.03016595114551569, -0.11455117554356897, -0.008070278347654383], [-0.008951150629630129, 0.0, 0.11615782263101698]]	0.5082075687076547	[[0.6013609702433579, -0.6013609702433578, 0.0], [-0.7071067811865475, -0.7071067811865476, 0.0], [0.0, 0.0, -0.8504528399999999]]
3	[[-0.8305561570912853, 0.32773595720904825, 0.4502950280316503], [-0.5100865793185324, -0.772219296347621, -0.37879947194723407], [0.22358030216652452, -0.5443036842615101, 0.808545204538665]]	0.4602021735874063	0.5397978264125939	[[-0.3822237487798127, 0.1508247998703532, 0.2072267506557675], [-0.23474295252015343, -0.3553769986653124, -0.17432434034387884], [0.10289214102836369, -0.2504897385887803, 0.3720942605723676]]	0.690385711922272	0.5226041573181667	[[-0.44442866637872847, 0.10926900069195339, 0.24726529715853057], [-0.5443409419111352, -0.5959395906345043, -0.2723190000277811], [0.204516911678129, -0.30982255745504245, 0.40122311970967306]]	[[0.12897543742616505, -0.11699522144834269, -0.06361195634415975], [-0.19218445570631365, -0.06281042196543599, -0.01080125691170919], [0.050160265595096294, 0.06595692910575585, -0.15698493694709229]]	0.6855734479672442	[[-0.6013609702433579, 0.6013609702433578, 0.0], [-0.7071067811865475, -0.7071067811865476, 0.0], [0.0, 0.0, 0.8504528399999999]]
3	[[0.5319609947059123, -0.8460851799387872, 0.03402011756955908], [-0.703274286200726, -0.4190807785627857, 0.5742617690636116], [-0.47161719485230363, -0.3294103357928521, -0.8179645788128509]]	0.4635658897429635	0.5364341102570365	[[0.2465989718193981, -0.3922162292366592, 0.015770566070292882], [-0.3260139702159872, -0.1942715539886316, 0.2662081679213414], [-0.21862564454978872, -0.15270339540234185, -0.37918047775560765]]	0.667230048875155	0.5466660949737187	[[0.40166360075636603, -0.5414672669266838, 0.09526322647361961], [-0.40584359914826335, -0.23342753619715267, 0.3012631820382841], [-0.277633351367097, -0.039960555299776435, -0.44815644580193564]]	[[0.046723240259064096, 0.023066189036417543, 0.07256398176494419], [0.06340213720608677, 0.04619575216593279, -0.08190152620116248], [0.03704381260456906, 0.1798319191512695, 0.0976141000975083]]	0.6979454230954258	[[0.6013609702433579, -0.6013609702433578, 0.0], [-0.7071067811865475, -0.7071067811865476, 0.0], [0.0, 0.0, -0.8504528399999999]]
3	[[-0.42203838922340475, -0.825029846081567, 0.3757783270710803], [0.2588054115689476, 0.28760896992378115, 0.9221175843470338], [-0.8688517462515349, 0.4864224845687207, 0.09214016247897017]]	0.40687734064446374	0.5931226593555364	[[-0.171717857457092, -0.3356859497259793, 0.1528956863905067], [0.10530205760356928, 0.11702157282808164, 0.37518875048061806], [-0.3535160879291229, 0.19791428695099375, 0.037489744275992165]]	0.6009329649811688	0.6394361811500495	[[-0.09211981164147293, -0.3342906626733292, 0.28874772084160144], [0.15484610885997516, 0.08357909666102797, 0.6219991451029778], [-0.4442350884074415, 0.16984674805703193, -0.028523300519870023]]	[[0.1614969689304242, 0.1614969689304242, 0.06293013657911378], [-0.0006785944673242117, -0.08925461439044961, 0.06786829108004178], [0.07788656759655938, -0.12246055782835623, -0.08389336155220421]]	0.7012134712539653	[[0.0, -0.5545750867584245, 0.5545750867584245], [0.0, 0.7071067811865476, 0.7071067811865475], [-0.7842876090479998, 0.0, 0.0]]
3	[[-0.5446221603179724, 0.8109226453022452, -0.2139887049042392], [-0.8354447797583356, -0.5021691245819775, 0.22328947644507607], [0.07361197229480154, 0.30038414347728, 0.9509735242804028]]	0.5358950950782035	0.46410490492179657	[[-0.2918603443852964, 0.43456946810531494, -0.11467549736031893], [-0.44771075968118196, -0.26910997076319704, 0.11965973520949634], [0.03944829489181675, 0.16097438912874165, 0.5096220472111007]]	0.7402656617851063	0.371488773989038	[[-0.46914004865573417, 0.5401535387967514, -0.0841716689556055], [-0.680125784799131, -0.46374922838884447, 0.03889474213141125], [0.10022668891995415, 0.08415218845196609, 0.7039730452915471]]	[[-0.06597496472511606, -0.060144649884444255, 0.07423682129486898], [-0.06167470202641411, -0.09201066905211942, -0.12639878991885287], [0.04573427353383598, -0.13821187830899484, 0.0]]	0.4336672609031024	[[-0.6013609702433579, 0.6013609702433578, 0.0], [-0.7071067811865475, -0.7071067811865476, 0.0], [0.0, 0.0, 0.8504528399999999]]
3	[[0.04673222253661188, -0.9725397674033924, -0.22799671093185395], [-0.8377629715199755, -0.16246744520517667, 0.5213036857710898], [-0.5440306084466285, 0.16664552219444034, -0.8223502702654952]]	0.5068587328836937	0.49314126711630624	[[0.023686635099745893, -0.4929402741850856, -0.11556212400456928], [-0.4246274782014927, -0.08234804341154679, 0.26422732561753376], [-0.2757466648472031, 0.0844657382202155, -0.41681541597333194]]	0.7014821589550514	0.4644810634635381	[[1.0497183129349918e-16, -0.7085541748263839, -0.09987934698307968], [-0.6703121211383227, -0.12735040797637665, 0.23312453481810097], [-0.25857011824453147, 0.0, -0.5257174908034683]]	[[-0.03278182035775041, -0.026334879118608708, 0.060056278036047954], [-0.08263634318389113, -0.013382393753937745, -0.13256070014782878], [0.12305764750623978, -0.11689886068914794, 0.0511465521996413]]	0.679373260982747	[[-1.5660142190959671e-16, -0.7842876090479998, 0.0], [-1.0, 1.7938038903913487e-16, 0.0], [0.0, 0.0, -0.7842876090479998]]
3	[[0.08740825448676931, -0.06334395238859675, -0.994156597696443], [0.7119981850616444, -0.6940087028176986, 0.10681996481098455], [-0.6967197295301035, -0.717174639895393, -0.015561310176609944]]	0.6394122981316998	0.36058770186830047	[[0.05588991287706562, -0.04050290216953762, -0.6356759548358741], [0.4552603957758653, -0.44375769959206435, 0.06830199918613894], [-0.4454911634125397, -0.45857028465728744, -0.009950093101966373]]	0.8265970390761995	0.27887712500926864	[[0.03748866832036654, -0.0293363167119244, -0.7346474404754816], [0.6359022796049203, -0.6395078767000631, 0.07120450158162714], [-0.5402180954235916, -0.5252387700465001, 0.026508491586984477]]	[[-0.03476273602921589, 0.023023606775873433, 0.08711945955846678], [0.047366688005337165, -0.06584233785783941, -0.01709256504535652], [0.03568837007196256, 0.06757566379157144, 0.03937142450311659]]	0.25651870694600576	[[0.0, 0.0, -0.7842876090479998], [0.7071067811865475, -0.7071067811865476, 0.0], [-0.5545750867584245, -0.5545750867584245, 0.0]]
