3	[[-0.8305561570912853, 0.32773595720904825, 0.4502950280316503], [-0.5100865793185324, -0.772219296347621, -0.37879947194723407], [0.22358030216652452, -0.5443036842615101, 0.808545204538665]]	0.47488916204944503	0.525110837950555	[[-0.39442211747608763, 0.1556382540924777, 0.21384022853698179], [-0.24223458822524563, -0.3667185745609336, -0.17988776381779426], [0.10617586234662262, -0.2584839205193742, 0.38396935466246374]]	0.705083386609761	0.5066283920543042	[[-0.4631040218219628, 0.11891942393406049, 0.2475493444707531], [-0.5459989551678963, -0.5978090393332105, -0.2760233594494712], [0.2115954704490543, -0.31615688672025816, 0.4187865401464087]]	[[0.12250732618954926, -0.11216175468868689, -0.06994619886734016], [-0.18634538235779702, -0.05333004265902321, -0.008938144922926277], [0.053952713818247525, 0.06762259832301737, -0.15130525089679503]]	0.6832018778177689	[[-0.6186994547922221, 0.618699454792222, 0.0], [-0.7071067811865475, -0.7071067811865476, 0.0], [0.0, 0.0, 0.87497316]]
3	[[0.08740825448676931, -0.06334395238859675, -0.994156597696443], [0.7119981850616444, -0.6940087028176986, 0.10681996481098455], [-0.6967197295301035, -0.717174639895393, -0.015561310176609944]]	0.6783913383378896	0.32160866166211055	[[0.059297002743058276, -0.04297198863651169, -0.6744272248287329], [0.48301340165811724, -0.47080949272264117, 0.07246573888933007], [-0.4726486297623394, -0.48652506378062965, -0.010556658037001433]]	0.8452612546371111	0.2482779300794154	[[0.039360104929929994, -0.030590536036003098, -0.7664187740276946], [0.6357250954191368, -0.639095783047687, 0.07138168576741066], [-0.5635706878148524, -0.5481409339766414, 0.02783179710416756]]	[[-0.03452270592319655, 0.022951652633655617, 0.07390327904696256], [0.03390061621458519, -0.052477116174925044, -0.0189090917090142], [0.02533950489819163, 0.05805900193525699, 0.04098516966784613]]	0.22830282361954002	[[0.0, 0.0, -0.818449893864], [0.7071067811865475, -0.7071067811865476, 0.0], [-0.5787314700126446, -0.5787314700126445, 0.0]]
3	[[0.034229894132735264, 0.2773841392786001, 0.9601491309293217], [-0.1827544195208179, -0.9427759796974285, 0.2788803941677556], [0.9825625356654255, -0.18501754344446375, 0.018422055382213542]]	0.7943778172855799	0.20562218271442026	[[0.027191468587078715, 0.22034780710977364, 0.7627211708962812], [-0.14517605687824053, -0.7489203249413176, 0.2215363988027239], [0.7805258824284853, -0.14697383232095307, 0.014634072144436861]]	0.8862029980468703	0.17465077953868668	[[0.00916843543546746, 0.21928221180901922, 0.8065254086564729], [-0.1671925568313803, -0.8247163151067928, 0.2559796925005329], [0.8370224607132324, -0.1494535054243045, 0.0]]	[[-0.021166199367789504, -0.026536444030326834, -0.044361629745189014], [-0.005235042345715963, 0.010774584587643802, 0.008835051092574896], [-0.03372740416200257, 0.014509596267446355, -0.01632568070990312]]	0.3667335622366355	[[0.0, 0.0, 0.9354], [0.0, -1.0, 0.0], [0.9354, 0.0, 0.0]]
3	[[0.04673222253661188, -0.9725397674033924, -0.22799671093185395], [-0.8377629715199755, -0.16246744520517667, 0.5213036857710898], [-0.5440306084466285, 0.16664552219444034, -0.8223502702654952]]	0.5192792986780604	0.4807207013219395	[[0.024267075744478846, -0.5050197683537576, -0.11839397215359758], [-0.4350329683093408, -0.08436598100416032, 0.27070221234549946], [-0.28250383281356384, 0.08653556989296814, -0.42702947161117977]]	0.716271871465554	0.4433442743381118	[[-0.0012947229434831324, -0.7391906695564707, -0.10118379200278191], [-0.6704961433664528, -0.12214884369947764, 0.23256100893508752], [-0.2691807491372539, 0.0, -0.5493874282793499]]	[[-0.034767699437526764, -0.04258779028376837, 0.062123838824368095], [-0.07043009191129623, -0.00577798267013848, -0.14083415767406213], [0.12049307290935679, -0.1193635000535663, 0.03963893880392062]]	0.6659555738569826	[[1.6342272358024295e-16, -0.818449893864, 0.0], [-1.0, -1.7938038903913487e-16, 0.0], [0.0, 0.0, -0.818449893864]]
3	[[0.8592155572171323, 0.2624339665249735, -0.4391776855101157], [-0.4266000482917053, 0.8413623931712975, -0.33184593135155627], [0.2824199444684594, 0.4724804086637203, 0.8348660002631537]]	0.5262877862706505	0.4737122137293495	[[0.452194653537108, 0.13811579128465432, -0.23113385188658675], [-0.22451439503839415, 0.4427987513534989, -0.17464646059393282], [0.14863416737298557, 0.24866066833188166, 0.4393797791111276]]	0.758864631944681	0.42826631918828745	[[0.4888896235196478, 0.1974950656340624, -0.2907497478697793], [-0.3543407288552869, 0.7489478324665563, -0.2517528188671153], [0.2422009152031912, 0.3232543181428123, 0.48534726820320906]]	[[-0.16313867406907528, -0.0016567897826943643, 0.04252666480317148], [-0.030609040220818784, 0.11046766964052364, 7.332169032331012e-05], [0.027882407990296523, -0.03529435327885428, -0.148203011809617]]	0.6805305952149733	[[0.818449893864, 0.0, 0.0], [0.0, 0.7071067811865476, -0.7071067811865475], [0.0, 0.5787314700126445, 0.5787314700126446]]
3	[[0.8787972042104137, -0.3840163418041313, 0.28327887866788265], [-0.395223040501579, -0.9183905790867732, -0.018907472103605397], [0.2674214316928388, -0.09534250611366366, -0.9588511794847616]]	0.6050175819254376	0.3949824180745626	[[0.5316877594942195, -0.23233663853818787, 0.17138870218219174], [-0.23911688828548464, -0.5556424474221816, -0.011439353052446005], [0.16179466795783992, -0.05768389250360004, -0.5801218220382242]]	0.8080174900280873	0.3448288798020856	[[0.5700976744036662, -0.24416211393053278, 0.23279620846491275], [-0.3454653607877815, -0.8479432051586107, -0.02163221556928393], [0.2087259251336521, -0.07703841248295007, -0.6633928614685076]]	[[-0.13998583678613297, 0.0661298067038095, 0.003901919945719099], [-0.02611823160042648, -0.1058675545794743, -0.006354647417352616], [-0.007355268882513069, 0.0, 0.11137566188924056]]	0.4998059143628221	[[0.6186994547922221, -0.618699454792222, 0.0], [-0.7071067811865475, -0.7071067811865476, 0.0], [0.0, 0.0, -0.87497316]]
3	[[0.8489524140446696, -0.5135124485683378, 0.12483895166604869], [0.522794976890395, 0.7815435453534784, -0.34040431673891397], [0.0772347773085365, 0.35425224329800037, 0.9319550081910795]]	0.7065525163388511	0.293447483661149	[[0.5998294643952037, -0.36282351270728397, 0.08820527543675093], [0.36938210645122016, 0.552201558597887, -0.24051352656448693], [0.054570426256217275, 0.250297813920885, 0.6584751561520018]]	0.8407966275092519	0.23957186190512877	[[0.6812088277560939, -0.41734932795076557, 0.052481710800338796], [0.47568191788311703, 0.6237944805114358, -0.2659339481555668], [0.031076770049920016, 0.23905855239317697, 0.7457211513781876]]	[[-0.03258749888850223, 0.014410206989511037, -0.052482458742265446], [0.03611766443489564, -0.033324696673392794, 0.020276853348103214], [-0.03386197023752559, -0.05879553905936871, -0.03786347649922925]]	0.44876432721546317	[[0.6614276831218966, -0.6614276831218965, 0.0], [0.7071067811865475, 0.7071067811865476, 0.0], [0.0, 0.0, 0.9354]]
3	[[0.22433838825039393, -0.7661379269479729, -0.6022499185961573], [-0.9416906372873723, -0.011392912655017143, -0.3362869982418849], [0.2507808429735371, 0.642575192824231, -0.724020780340167]]	0.4478604877881721	0.552139512211828	[[0.10047229999143378, -0.3431229056759382, -0.2697239423128619], [-0.4217460281610772, -0.005102435419003992, -0.15060965906943075], [0.11231483066205733, 0.28778403929883883, -0.3242602998519203]]	0.6634185550736925	0.5525758405855666	[[0.282872862485631, -0.3933507659899018, -0.2852231882817973], [-0.6781673509984212, -0.050341006920395406, -0.040111973849683076], [0.2577269529167908, 0.25772695291679076, -0.477690901318801]]	[[0.1340426131049936, 0.11491935049307658, 0.11432058250651433], [-0.05343230908280794, -0.04278273726872311, 0.18298706061401757], [0.09135428843112432, -0.1685693530328599, 0.0026379186177998837]]	0.7313486973341699	[[-1.6342272358024295e-16, -0.818449893864, 0.0], [-1.0, 1.7938038903913487e-16, 0.0], [0.0, 0.0, -0.818449893864]]
3	[[-0.30792515101507295, 0.09349718223056193, 0.9468053539599837], [0.3027085282091916, -0.9338174967034747, 0.1906631317268273], [0.9019698710720718, 0.34531602882779927, 0.2592434992682147]]	0.6327214861642986	0.36727851383570154	[[-0.194830859177623, 0.059157676093095364, 0.5990640906658756], [0.1915301898431272, -0.5908463943204474, 0.12063666006293756], [0.570695717300142, 0.2184888709562789, 0.16402893213541803]]	0.8127761240145166	0.29606732705421707	[[-0.21252608536443113, 0.0699956236776426, 0.7176632579297447], [0.25169027328096, -0.8456487388845128, 0.12094663467344066], [0.6574396641729534, 0.24438137713417885, 0.14253046168678854]]	[[0.03774812536418458, -0.005996653701992448, -0.051877527858043095], [0.0056560090169542505, -0.08666417337692398, -0.03401980652395921], [-0.07565991161487835, -0.036283246336564996, -0.0681764648243912]]	0.4786427961016163	[[0.0, 0.0, 0.9354], [0.0, -1.0, 0.0], [0.9354, 0.0, 0.0]]
3	[[-0.5446221603179724, 0.8109226453022452, -0.2139887049042392], [-0.8354447797583356, -0.5021691245819775, 0.22328947644507607], [0.07361197229480154, 0.30038414347728, 0.9509735242804028]]	0.5551613200518631	0.4448386799481368	[[-0.302353157451623, 0.45019288622594333, -0.11879825189082602], [-0.4638066267610757, -0.27878487409221897, 0.12396168049693781], [0.04086651971080322, 0.166761657615495, 0.5279437170738809]]	0.7513728195099834	0.3578792034385218	[[-0.4742986275500964, 0.5537833971696687, -0.0933512919622235], [-0.6777290788758523, -0.44941259619213936, 0.043629626401889124], [0.11222463673036041, 0.09137460931931872, 0.714535658217912]]	[[-0.06508433938436331, -0.05552183723557344, 0.06743400458496451], [-0.04999857916393436, -0.07209636518411883, -0.1241440170815557], [0.05691460155752461, -0.13432587150129655, 0.0]]	0.4230863639028747	[[-0.6186994547922221, 0.618699454792222, 0.0], [-0.7071067811865475, -0.7071067811865476, 0.0], [0.0, 0.0, 0.87497316]]
3	[[-0.42203838922340475, -0.825029846081567, 0.3757783270710803], [0.2588054115689476, 0.28760896992378115, 0.9221175843470338], [-0.8688517462515349, 0.4864224845687207, 0.09214016247897017]]	0.4184486751242092	0.5815513248757909	[[-0.17660140482208903, -0.34523264603076204, 0.15724394310328532], [0.10829678158600178, 0.12034959241844478, 0.3858588814787526], [-0.3635698620983104, 0.2035428442184073, 0.03855592891505444]]	0.6139277702865289	0.6290463491948741	[[-0.09904411746957055, -0.3464517640230222, 0.30364033903876175], [0.14904007040783296, 0.08669204757075497, 0.6288401498114449], [-0.46059266128955095, 0.17382893754391487, -0.029364122099890234]]	[[0.16005696980167247, 0.1600569698016725, 0.07293958857801144], [-0.009847758854778454, -0.08987908604895734, 0.06272655731127018], [0.07281955399621105, -0.12479933382459325, -0.08593152660444286]]	0.6909994425887679	[[0.0, -0.5787314700126445, 0.5787314700126446], [0.0, 0.7071067811865476, 0.7071067811865475], [-0.818449893864, 0.0, 0.0]]
3	[[-0.3195682178843842, -0.5708200961323295, -0.7563336379995778], [0.910087742671785, 0.03735879733279218, -0.41272826520656647], [0.2638493031197415, -0.8202248094963509, 0.507557688474819]]	0.42383079676961743	0.5761692032303826	[[-0.13544285240818524, -0.24193113615587483, -0.3205574884170246], [0.3857232131068453, 0.015833808839911985, -0.174926949491841], [0.11182746036834836, -0.3476365345390461, 0.21511857951282776]]	0.6305022844857564	0.5686622601220661	[[-0.2537073548599526, -0.25370735485995255, -0.4133537615493325], [0.6091121117543622, 0.04085090225135983, -0.05740394831310596], [0.31988063880401846, -0.37248897461651, 0.3118141267125124]]	[[-0.052218863434806424, 0.10619601978186032, 0.06351632504282438], [0.035299710917316596, 0.01729609518739396, 0.20282216577147733], [0.15352305042704661, 0.14466464156283362, -0.008202155379170854]]	0.9329021700107719	[[0.0, 0.0, -0.818449893864], [0.7071067811865475, 0.7071067811865476, 0.0], [0.5787314700126446, -0.5787314700126445, 0.0]]
3	[[0.3802729664721569, 0.7767473726770865, -0.5020517802076895], [0.4287143634067757, 0.332951791095048, 0.839849450446521], [0.8195098935212374, -0.5346088512602871, -0.20639019011321075]]	0.5160915882148227	0.48390841178517746	[[0.19625567922177747, 0.4008727852066084, -0.2591047006134657], [0.22125587670110958, 0.17183361866521324, 0.43343923674229107], [0.42294216250513567, -0.2759071311206235, -0.10651624100748612]]	0.6658469882893117	0.5055156491603776	[[0.126344276817149, 0.406935861759465, -0.26930968039302794], [0.3059045391407717, 0.17704153473209128, 0.45771777846865835], [0.5925393070774847, -0.30598066079576663, -0.07621160846431504]]	[[-0.12685933263617913, -0.11025903699920855, 0.06497998542354949], [0.020446371430000592, -0.04465341261407846, -0.10149344872759113], [0.04687111260307443, 0.049987032728704126, 0.061212678035024816]]	0.7132781081348422	[[0.0, 0.5787314700126445, -0.5787314700126446], [0.0, 0.7071067811865476, 0.7071067811865475], [0.818449893864, 0.0, 0.0]]
3	[[0.5319609947059123, -0.8460851799387872, 0.03402011756955908], [-0.703274286200726, -0.4190807785627857, 0.5742617690636116], [-0.47161719485230363, -0.3294103357928521, -0.8179645788128509]]	0.47574329460446285	0.5242567053955371	[[0.25307687622245795, -0.4025193510200885, 0.016184842815373204], [-0.33457802592773533, -0.19937487029886308, 0.27320118597970977], [-0.22436871807114986, -0.1567147584268539, -0.3891411635941775]]	0.6793391149100819	0.5356739863231369	[[0.4171034458193507, -0.5569184840100616, 0.09985355586623061], [-0.4044942217244932, -0.22790445429049894, 0.3026125594620543], [-0.28708096432819674, -0.044676320547590485, -0.45584438834750574]]	[[0.05572153450914956, 0.01786027326809137, 0.0767423593073894], [0.07326750940212753, 0.05679351089417189, -0.08750592246031738], [0.033307043399142894, 0.17910500541215854, 0.09983094465101433]]	0.6884286560765623	[[0.6186994547922221, -0.618699454792222, 0.0], [-0.7071067811865475, -0.7071067811865476, 0.0], [0.0, 0.0, -0.87497316]]
