3	[[0.3802729664721569, 0.7767473726770865, -0.5020517802076895], [0.4287143634067757, 0.332951791095048, 0.839849450446521], [0.8195098935212374, -0.5346088512602871, -0.20639019011321075]]	0.543423063103056	0.4565769368969442	[[0.2066491002555853, 0.42210243651743345, -0.2728265162368048], [0.23297327255878683, 0.18093368218251976, 0.4563935609070668], [0.44534057658057, -0.29051877951387134, -0.11215718930574306]]	0.7041029220572893	0.44741180672465963	[[0.20903976542719918, 0.46818469019970155, -0.30311035796500047], [0.3339342010619699, 0.2187627052543395, 0.49168326723171707], [0.5868250493842865, -0.29448104875547887, -0.05517789377079997]]	[[-0.05871154144524013, -0.07872540460255728, 0.05038576750329761], [0.03207516505932853, -0.01566962375989189, -0.09965718491588707], [0.009805738701125275, 0.08193860557458, 0.0901420421718712]]	0.6850667629451346	[[0.0, 0.6509620759167415, -0.6509620759167416], [0.0, 0.7071067811865476, 0.7071067811865475], [0.9205993963520003, 0.0, 0.0]]
3	[[-0.30792515101507295, 0.09349718223056193, 0.9468053539599837], [0.3027085282091916, -0.9338174967034747, 0.1906631317268273], [0.9019698710720718, 0.34531602882779927, 0.2592434992682147]]	0.7023493749007244	0.2976506250992757	[[-0.2162710373316476, 0.0656676874946143, 0.6649881485064536], [0.21260714556484397, -0.6558661350810447, 0.13391213138495164], [0.6334979751267567, 0.24253249699040536, 0.18207950965810699]]	0.8444218482744316	0.2674091664259688	[[-0.25152435647547317, 0.07709646491644319, 0.7384595849667737], [0.24428125688346322, -0.8497581525309391, 0.11843464891233367], [0.6755318617241918, 0.26095182919735727, 0.17442789155903]]	[[0.008494368674858132, -0.0018545985111392445, -0.06104354198024313], [-0.011332437995375186, -0.06122225601358798, -0.04256546517822525], [-0.08611120389433785, -0.030640570104199922, -0.04448298324616709]]	0.4707210667838428	[[0.0, 0.0, 0.9728000000000001], [0.0, -1.0, 0.0], [0.9728000000000001, 0.0, 0.0]]
3	[[0.04673222253661188, -0.9725397674033924, -0.22799671093185395], [-0.8377629715199755, -0.16246744520517667, 0.5213036857710898], [-0.5440306084466285, 0.16664552219444034, -0.8223502702654952]]	0.550473515086807	0.4495264849131929	[[0.025724850807547623, -0.5353573843242511, -0.12550615089488826], [-0.4611663277421695, -0.08943402564926677, 0.2869638723341201], [-0.2994744413464299, 0.09173394637585008, -0.4526820439056329]]	0.7483670289522935	0.38254779102642744	[[-0.0224911968615001, -0.8072414186765814, -0.11534655621295486], [-0.6539407517834057, -0.12669022837337188, 0.23423292952975341], [-0.2796312252083973, 0.01082533830416111, -0.6154198285167042]]	[[-0.057464051397561625, -0.07942472240695014, 0.05527866495801157], [-0.0269865658207568, -0.00510494910370439, -0.15589356097263696], [0.12750334489391466, -0.11388667602869568, 0.0]]	0.6298006413312907	[[1.838192683584988e-16, -0.9205993963520003, 0.0], [-1.0, -1.7938038903913487e-16, 0.0], [0.0, 0.0, -0.9205993963520003]]
3	[[0.5319609947059123, -0.8460851799387872, 0.03402011756955908], [-0.703274286200726, -0.4190807785627857, 0.5742617690636116], [-0.47161719485230363, -0.3294103357928521, -0.8179645788128509]]	0.5098922161282305	0.4901077838717696	[[0.2712427704843755, -0.4314122474322408, 0.017346593140485415], [-0.35859408433688755, -0.21368602691812297, 0.29281160606556306], [-0.24047393664742056, -0.16796376613296193, -0.4170737718052792]]	0.7124439001726789	0.4996666286162366	[[0.47197511530485853, -0.6022611200508189, 0.11056629589421182], [-0.41018032190720977, -0.22570760131379863, 0.2969264592793377], [-0.30277059355413005, -0.05925917932749371, -0.48969607118425507]]	[[0.09298274949684057, 0.0005271054230735666, 0.08632887064862207], [0.09086315344479234, 0.07286394305287518, -0.11220283519240402], [0.033230200134943454, 0.1754272050619577, 0.09305780354827499]]	0.6620281939241724	[[0.6691633181709926, -0.6691633181709925, 0.0], [-0.7071067811865475, -0.7071067811865476, 0.0], [0.0, 0.0, -0.9463398400000003]]
3	[[0.8787972042104137, -0.3840163418041313, 0.28327887866788265], [-0.395223040501579, -0.9183905790867732, -0.018907472103605397], [0.2674214316928388, -0.09534250611366366, -0.9588511794847616]]	0.671282850389319	0.3287171496106809	[[0.5899214921565311, -0.2577835845223563, 0.19016025312726634], [-0.2653064491674333, -0.6164998457000666, -0.012692261767364758], [0.1795154209219614, -0.0640017892672412, -0.6436603528636915]]	0.8358224634024172	0.3014083183946343	[[0.60841164144666, -0.26378042240481325, 0.241545392639179], [-0.34195591588511975, -0.8496630320931436, -0.020989630961661544], [0.21676461712975914, -0.07968940832688237, -0.7094454116981752]]	[[-0.1261068026076451, 0.057189062388700425, 0.0047745424411148995], [-0.011619620579696656, -0.0820515559152642, -0.0051863410513136], [-0.006752222674350635, 0.0, 0.0919839431750914]]	0.4793387884583077	[[0.6691633181709926, -0.6691633181709925, 0.0], [-0.7071067811865475, -0.7071067811865476, 0.0], [0.0, 0.0, -0.9463398400000003]]
3	[[0.8489524140446696, -0.5135124485683378, 0.12483895166604869], [0.522794976890395, 0.7815435453534784, -0.34040431673891397], [0.0772347773085365, 0.35425224329800037, 0.9319550081910795]]	0.7490905429712611	0.25090945702873896	[[0.6359422247934844, -0.38466731892055794, 0.09351567808748344], [0.3916207731014739, 0.5854468787445216, -0.2549936544557142], [0.05785584127031605, 0.2653670052808864, 0.6981186831106417]]	0.8739659604437281	0.19778318900769742	[[0.7393028627197062, -0.4403863706013441, 0.052223870211563064], [0.4703039216772711, 0.6263268957660862, -0.27026298361737605], [0.03743806098905802, 0.26358974879695196, 0.7967281955850158]]	[[-0.0026526491918649714, 0.008406029711493733, -0.05688112408204332], [0.013398907584100396, -0.05671555947736294, 0.027238802000539887], [-0.030062505341054556, -0.04601465325633015, -0.01776875823904345]]	0.4356530549128018	[[0.6878734767382736, -0.6878734767382735, 0.0], [0.7071067811865475, 0.7071067811865476, 0.0], [0.0, 0.0, 0.9728000000000001]]
3	[[-0.5446221603179724, 0.8109226453022452, -0.2139887049042392], [-0.8354447797583356, -0.5021691245819775, 0.22328947644507607], [0.07361197229480154, 0.30038414347728, 0.9509735242804028]]	0.6066242521068842	0.39337574789311575	[[-0.33038101068372555, 0.4919253432230106, -0.12981073807185484], [-0.506801064697501, -0.3046279696307109, 0.135452811651832], [0.044654807639446695, 0.182220306381672, 0.5768836029400473]]	0.780670010786865	0.3129506779285119	[[-0.4728866086898298, 0.5832113847436838, -0.11145095778434713], [-0.6741126762917804, -0.444366593738741, 0.03985546831229496], [0.08831485206147477, 0.139469904148393, 0.7423965114580051]]	[[-0.04771642091963246, -0.049851605511733, 0.05560360678151256], [-0.02190599106601051, -0.05233821783449808, -0.13445992967267603], [0.030848192856049634, -0.0950309883802184, 0.0]]	0.39620219437907755	[[-0.6691633181709926, 0.6691633181709925, 0.0], [-0.7071067811865475, -0.7071067811865476, 0.0], [0.0, 0.0, 0.9463398400000003]]
3	[[-0.3195682178843842, -0.5708200961323295, -0.7563336379995778], [0.910087742671785, 0.03735879733279218, -0.41272826520656647], [0.2638493031197415, -0.8202248094963509, 0.507557688474819]]	0.4621215009765216	0.5378784990234784	[[-0.1476793445131237, -0.26378823961223447, -0.34951803603139797], [0.42057111366381966, 0.017264303498107633, -0.19073060541269435], [0.12193043598930417, -0.37904352010263515, 0.23455332083015706]]	0.6648825536965159	0.5569832793381279	[[-0.2645977021352336, -0.27102866029873773, -0.46460566483375904], [0.5988228201253241, -0.05156453365466685, -0.0645972184541914], [0.2705422956287596, -0.43004431591996983, 0.32116045678096106]]	[[-0.05212236934801953, 0.10849966291901626, 0.03826737584597634], [-0.006278642310190052, -0.07640374622832431, 0.2098186044990834], [0.09511349717945974, 0.11530885002320229, -0.01630579528047726]]	0.9114855432485532	[[0.0, 0.0, -0.9205993963520003], [0.7071067811865475, 0.7071067811865476, 0.0], [0.6509620759167416, -0.6509620759167415, 0.0]]
3	[[-0.42203838922340475, -0.825029846081567, 0.3757783270710803], [0.2588054115689476, 0.28760896992378115, 0.9221175843470338], [-0.8688517462515349, 0.4864224845687207, 0.09214016247897017]]	0.4516255296751867	0.5483744703248133	[[-0.1906033110762828, -0.3726045412344255, 0.16971108600393212], [0.11688313108263065, 0.1298915533811625, 0.41645184245353284], [-0.39239563011006046, 0.21968081223926883, 0.04161284968392266]]	0.6501749864146616	0.6015973255797725	[[-0.12033609256327987, -0.3823510575512603, 0.34899051592401176], [0.1329777180485576, 0.0955748685638954, 0.6480441963035163], [-0.5091302596846129, 0.184743762419342, -0.03159579149207528]]	[[0.154062711416513, 0.154062711416513, 0.10466884722564787], [-0.03529108690232381, -0.09142128954903389, 0.04850640842796286], [0.05577541263083376, -0.13151596987691203, -0.09150302038008445]]	0.6660758006003632	[[0.0, -0.6509620759167415, 0.6509620759167416], [0.0, 0.7071067811865476, 0.7071067811865475], [-0.9205993963520003, 0.0, 0.0]]
3	[[-0.8305561570912853, 0.32773595720904825, 0.4502950280316503], [-0.5100865793185324, -0.772219296347621, -0.37879947194723407], [0.22358030216652452, -0.5443036842615101, 0.808545204538665]]	0.5183851096075303	0.48161489039246963	[[-0.430547944528975, 0.1698934401001413, 0.233426237461913], [-0.26442128732936754, -0.40030698457821134, -0.1963640057846415], [0.11590069944467857, -0.2821589250256854, 0.4191377944774188]]	0.7469724271637086	0.4573678983583438	[[-0.5226419725827468, 0.14466743185660716, 0.2489490276913238], [-0.5537069796967746, -0.5969554616307425, -0.28911362021136244], [0.23010463537840142, -0.3359891252167788, 0.47231900435797497]]	[[0.09776057597549298, -0.10014229156865696, -0.0874089423372282], [-0.17268636947957688, -0.020128939535308973, -0.0061608592426058316], [0.06309631440307722, 0.07059071893019025, -0.13164196954784887]]	0.6803710009544294	[[-0.6691633181709926, 0.6691633181709925, 0.0], [-0.7071067811865475, -0.7071067811865476, 0.0], [0.0, 0.0, 0.9463398400000003]]
3	[[0.034229894132735264, 0.2773841392786001, 0.9601491309293217], [-0.1827544195208179, -0.9427759796974285, 0.2788803941677556], [0.9825625356654255, -0.18501754344446375, 0.018422055382213542]]	0.8601700066291817	0.13982999337081836	[[0.029443528263071082, 0.23859751692210332, 0.8258914843164777], [-0.1571998702507342, -0.8109476207061703, 0.23988455050002716], [0.8451708228169146, -0.15914654157113928, 0.01584609950024178]]	0.9171670881565834	0.128376444854728	[[0.009041288853551935, 0.2358059279194618, 0.8577759154964716], [-0.16499708425514237, -0.8266478793077278, 0.25351195658627906], [0.8908779633208354, -0.1596355395840335, 0.0]]	[[-0.022353243476076985, -0.018601675403512076, -0.022841267114048814], [0.0026192545445128564, 0.038035220775333084, -0.002267962476521687], [-0.01029605644717196, 0.010056461994809515, -0.01689610289276411]]	0.34995481118324157	[[0.0, 0.0, 0.9728000000000001], [0.0, -1.0, 0.0], [0.9728000000000001, 0.0, 0.0]]
3	[[0.8592155572171323, 0.2624339665249735, -0.4391776855101157], [-0.4266000482917053, 0.8413623931712975, -0.33184593135155627], [0.2824199444684594, 0.4724804086637203, 0.8348660002631537]]	0.5867939226835853	0.4132060773164148	[[0.5041824672502035, 0.15399465666260193, -0.2577067968355788], [-0.2503263157540967, 0.49370633908743455, -0.19472517578436746], [0.1657223070587276, 0.2772486323909279, 0.4898942952095711]]	0.7959891808848203	0.3645481562790775	[[0.5653143357604306, 0.21041598592951746, -0.2881156894364135], [-0.3240805555018408, 0.7528487857821664, -0.2725952578198309], [0.2470160390770227, 0.3501743631037879, 0.5485241708389842]]	[[-0.118611951832329, 0.0015213878789494192, 0.061464996715674666], [0.015488467503298475, 0.083133423614453, -0.008449486743345343], [0.022212818814037267, -0.025914930372571993, -0.1160201328590697]]	0.6451181681928551	[[0.9205993963520003, 0.0, 0.0], [0.0, 0.7071067811865476, -0.7071067811865475], [0.0, 0.6509620759167415, 0.6509620759167416]]
3	[[0.08740825448676931, -0.06334395238859675, -0.994156597696443], [0.7119981850616444, -0.6940087028176986, 0.10681996481098455], [-0.6967197295301035, -0.717174639895393, -0.015561310176609944]]	0.8002505032208644	0.19974949677913573	[[0.06994849963869453, -0.05069102977497303, -0.7955743175869209], [0.569776905887923, -0.5553808136695227, 0.0854827305940254], [-0.5575503141603699, -0.5739193664735305, -0.012452946299608067]]	0.8969232759636094	0.16169154401556973	[[0.051626941553388504, -0.030292011353375243, -0.8567258154718883], [0.6347787641504744, -0.6380945461215067, 0.06825444355049434], [-0.6272163203814985, -0.616919935271547, 0.026938781865003696]]	[[-0.026771556407145486, 0.02652265393548786, 0.034956376954841654], [-0.00382898047515996, -0.015621986843001586, -0.0275548692260914], [-0.0023121781428782013, 0.026330692181450982, 0.04089608316689453]]	0.15320227640589035	[[0.0, 0.0, -0.9205993963520003], [0.7071067811865475, -0.7071067811865476, 0.0], [-0.6509620759167416, -0.6509620759167415, 0.0]]
3	[[0.22433838825039393, -0.7661379269479729, -0.6022499185961573], [-0.9416906372873723, -0.011392912655017143, -0.3362869982418849], [0.2507808429735371, 0.642575192824231, -0.724020780340167]]	0.5004647715910822	0.4995352284089179	[[0.1122734602348449, -0.3834250426172824, -0.30140486795097365], [-0.4712829896994854, -0.005701751429650301, -0.16829979576417559], [0.12550697729817029, 0.3215862471068744, -0.36234689446013874]]	0.7019381606139898	0.5215760628531654	[[0.2842465840521942, -0.40212439455546184, -0.36016445763559907], [-0.6783493106864105, 0.0008271155154531938, -0.03881472179383495], [0.31369658846619064, 0.31567445166452796, -0.4841303752751293]]	[[0.12677490844860556, 0.1356570526630136, 0.06257774245371277], [-0.01734071688149637, 0.008824235668551715, 0.19723795519047374], [0.1376639448321202, -0.1353735972426926, 0.024087439523153023]]	0.7389229460636203	[[1.838192683584988e-16, -0.9205993963520003, 0.0], [-1.0, -1.7938038903913487e-16, 0.0], [0.0, 0.0, -0.9205993963520003]]
