3	[[0.8489524140446696, -0.5135124485683378, 0.12483895166604869], [0.522794976890395, 0.7815435453534784, -0.34040431673891397], [0.0772347773085365, 0.35425224329800037, 0.9319550081910795]]	0.7427682681177307	0.2572317318822693	[[0.6305749142943259, -0.3814207520799995, 0.09272641192262408], [0.38831551956552773, 0.5805057456407944, -0.2528415248039626], [0.057367541779920275, 0.2631273252312767, 0.6922266073977337]]	0.8680522247086924	0.20089079527077697	[[0.7280218420569488, -0.43463502434169454, 0.05276460076709787], [0.47119058002898095, 0.6265908099140006, -0.269267008446298], [0.03526919998236959, 0.2602204090842956, 0.786853354441213]]	[[-0.008913189626341621, 0.01112059905365901, -0.0556021289569166], [0.01737723727274414, -0.05182980333680491, 0.026221715999358713], [-0.03177462028518596, -0.047289038818578606, -0.022132263747461113]]	0.4379352327412604	[[0.683065150626205, -0.6830651506262049, 0.0], [0.7071067811865475, 0.7071067811865476, 0.0], [0.0, 0.0, 0.966]]
3	[[0.5319609947059123, -0.8460851799387872, 0.03402011756955908], [-0.703274286200726, -0.4190807785627857, 0.5742617690636116], [-0.47161719485230363, -0.3294103357928521, -0.8179645788128509]]	0.5037324847979799	0.49626751520202	[[0.26796603367881433, -0.4262005900413112, 0.017137038356433425], [-0.35426210368241734, -0.21110460191650407, 0.28927430785489683], [-0.237568901436404, -0.16593468696707037, -0.4120353297621305]]	0.7067141771229181	0.5088266841229014	[[0.4573198142289026, -0.593714465911449, 0.11011701533816659], [-0.4044171609531301, -0.2195551080006456, 0.30268962023341733], [-0.3059370542339606, -0.056522943994674474, -0.47717905164043495]]	[[0.08137543759382485, 0.004225925804886844, 0.08607451594437074], [0.09259674751092346, 0.07661521956938523, -0.10314931334352409], [0.027361503543104095, 0.1762760104009551, 0.10088811259098307]]	0.6667618423613166	[[0.659840935504914, -0.6598409355049139, 0.0], [-0.7071067811865475, -0.7071067811865476, 0.0], [0.0, 0.0, -0.933156]]
3	[[0.04673222253661188, -0.9725397674033924, -0.22799671093185395], [-0.8377629715199755, -0.16246744520517667, 0.5213036857710898], [-0.5440306084466285, 0.16664552219444034, -0.8223502702654952]]	0.5445716817676093	0.45542831823239077	[[0.02544904501950088, -0.5296176167207449, -0.12416055230964315], [-0.45622199032326277, -0.0884751698678699, 0.2838872248720156], [-0.2962636633748362, 0.09075043228046784, -0.4478286696805287]]	0.7429567338755989	0.3929821110345398	[[-0.017088897756851403, -0.7948429050391593, -0.1112912445243901], [-0.6561340808428997, -0.12826615086192436, 0.23488513725147458], [-0.27838551917198634, 0.0087187953066318, -0.60251939384387]]	[[-0.0518089171794001, -0.07228793588500035, 0.05810044716391911], [-0.03371243976050246, -0.007559868411173586, -0.15242094648632581], [0.1258056848078756, -0.11509161757794321, 0.008451277054298219]]	0.6361186468994516	[[1.79991388254961e-16, -0.9014286959999999, 0.0], [-1.0, -1.7938038903913487e-16, 0.0], [0.0, 0.0, -0.9014286959999999]]
3	[[0.08740825448676931, -0.06334395238859675, -0.994156597696443], [0.7119981850616444, -0.6940087028176986, 0.10681996481098455], [-0.6967197295301035, -0.717174639895393, -0.015561310176609944]]	0.7760072817602284	0.22399271823977168	[[0.06782944196768413, -0.0491553683090243, -0.7714727590224137], [0.5525157762079027, -0.5385558069915046, 0.08289307053069538], [-0.540659583461377, -0.5565327428525946, -0.012075690010778864]]	0.8880937210016921	0.17642749300838959	[[0.04702045300358886, -0.031177597586725343, -0.841675704808853], [0.6357781933265945, -0.638425609634062, 0.06933942533804399], [-0.6172004891049857, -0.604435657932765, 0.028609494981841538]]	[[-0.03060626896982894, 0.02507776879301756, 0.04122852729776347], [0.0034570758087474128, -0.022080838341134366, -0.02552671468821309], [0.0015519279886964563, 0.0324826366199831, 0.04242939684024856]]	0.1659627802637844	[[0.0, 0.0, -0.9014286959999999], [0.7071067811865475, -0.7071067811865476, 0.0], [-0.6374063436977468, -0.6374063436977467, 0.0]]
3	[[-0.5446221603179724, 0.8109226453022452, -0.2139887049042392], [-0.8354447797583356, -0.5021691245819775, 0.22328947644507607], [0.07361197229480154, 0.30038414347728, 0.9509735242804028]]	0.5969614525354535	0.40303854746454654	[[-0.3251184359064133, 0.4840895602335206, -0.12774300810581513], [-0.49872832923769816, -0.29977561002891434, 0.13329521019453353], [0.043943509905104296, 0.1793177546088151, 0.5676945363771886]]	0.7757896295179019	0.32561104779359407	[[-0.47799662679370913, 0.5811363382671793, -0.11138479479713698], [-0.673790155776349, -0.40557450020832847, 0.04589783524142137], [0.1381338499350023, 0.12221505067810612, 0.7377553980828272]]	[[-0.05548440281338994, -0.04796904029952654, 0.05462542330153833], [-0.025660759604964646, -0.015996901093547067, -0.12732782496515044], [0.08102644522033617, -0.11081985270318517, 0.0]]	0.4007003623176612	[[-0.659840935504914, 0.6598409355049139, 0.0], [-0.7071067811865475, -0.7071067811865476, 0.0], [0.0, 0.0, 0.933156]]
3	[[0.8787972042104137, -0.3840163418041313, 0.28327887866788265], [-0.395223040501579, -0.9183905790867732, -0.018907472103605397], [0.2674214316928388, -0.09534250611366366, -0.9588511794847616]]	0.6586022116353123	0.34139778836468776	[[0.5787777822719077, -0.252914012016303, 0.1865680960002388], [-0.26029476856357253, -0.6048540665315841, -0.012452502943867488], [0.17612434635158525, -0.06279278538931216, -0.6315015074377918]]	0.8308599583235192	0.30949447892403	[[0.6012135797953531, -0.26015031845853864, 0.2401364433767391], [-0.3426735814182506, -0.8493604029470274, -0.02100257681745399], [0.21544202900819906, -0.07921627065605848, -0.7008533306587423]]	[[-0.12894382866973644, 0.058913483288392215, 0.004771366052808816], [-0.01429858245861414, -0.08630644468227841, -0.005293115333449309], [-0.006747730582928808, 0.0, 0.09581772036642407]]	0.4826451662626196	[[0.659840935504914, -0.6598409355049139, 0.0], [-0.7071067811865475, -0.7071067811865476, 0.0], [0.0, 0.0, -0.933156]]
3	[[0.22433838825039393, -0.7661379269479729, -0.6022499185961573], [-0.9416906372873723, -0.011392912655017143, -0.3362869982418849], [0.2507808429735371, 0.642575192824231, -0.724020780340167]]	0.49066876020114897	0.5093312397988511	[[0.11007583882834479, -0.3759199467586404, -0.2955052208888195], [-0.4620581774908249, -0.00559014632751725, -0.1650055244991116], [0.12305032530402446, 0.31529157319907963, -0.35525437864937826]]	0.6952569963987395	0.5230891362077045	[[0.2882561780038331, -0.40054666918419846, -0.3443575786488819], [-0.6769208366645237, -0.02561336685287602, -0.039055258336060134], [0.2914187730233804, 0.30359717902758104, -0.4847407569574014]]	[[0.13228334401192993, 0.13211608473280612, 0.0743608908356679], [-0.02220383264729041, -0.017692364620115676, 0.1947506299895409], [0.11706163738325501, -0.14315771949573464, 0.018639756112174777]]	0.7365118502879533	[[1.79991388254961e-16, -0.9014286959999999, 0.0], [-1.0, -1.7938038903913487e-16, 0.0], [0.0, 0.0, -0.9014286959999999]]
3	[[-0.30792515101507295, 0.09349718223056193, 0.9468053539599837], [0.3027085282091916, -0.9338174967034747, 0.1906631317268273], [0.9019698710720718, 0.34531602882779927, 0.2592434992682147]]	0.6899360589875805	0.3100639410124196	[[-0.212448665154495, 0.06450707743459752, 0.6532351545394923], [0.20884952897458048, -0.6442743634892434, 0.13154536969783712], [0.6223015381730014, 0.23824598003469355, 0.17886143820326172]]	0.8387201668831116	0.27299790569649673	[[-0.2451853110650944, 0.0754013425290578, 0.7337377394953015], [0.24526406424429886, -0.8494093213493616, 0.11829399452104061], [0.6712683641777633, 0.25744801435030906, 0.1697839685360366]]	[[0.013077722981774946, -0.0030166297544598143, -0.060367004983839435], [-0.00862368305225542, -0.06619775467585384, -0.04161901913934067], [-0.08523195661134345, -0.032175502975556075, -0.04764878243356224]]	0.47201069886909464	[[0.0, 0.0, 0.966], [0.0, -1.0, 0.0], [0.966, 0.0, 0.0]]
3	[[-0.8305561570912853, 0.32773595720904825, 0.4502950280316503], [-0.5100865793185324, -0.772219296347621, -0.37879947194723407], [0.22358030216652452, -0.5443036842615101, 0.808545204538665]]	0.5102651484150357	0.4897348515849643	[[-0.4238038607652064, 0.16723223684621877, 0.22976985930912275], [-0.2602794041004888, -0.39403659385977313, -0.19328816877269256], [0.11408523606768017, -0.27773920023255017, 0.41257243879418726]]	0.7393860618472842	0.4648563683128444	[[-0.5129918084778222, 0.1378020040539393, 0.25047664241543105], [-0.5536020516935409, -0.5943580016555847, -0.28788312799328836], [0.22525470899156477, -0.3331668456999265, 0.4625803160936023]]	[[0.10110983765691763, -0.10452139467260899, -0.08246522503030326], [-0.17645114461005867, -0.023389817246636357, -0.0078040782003921646], [0.059942549866032376, 0.06928371185515918, -0.1352467385157481]]	0.6804256416777154	[[-0.659840935504914, 0.6598409355049139, 0.0], [-0.7071067811865475, -0.7071067811865476, 0.0], [0.0, 0.0, 0.933156]]
3	[[0.034229894132735264, 0.2773841392786001, 0.9601491309293217], [-0.1827544195208179, -0.9427759796974285, 0.2788803941677556], [0.9825625356654255, -0.18501754344446375, 0.018422055382213542]]	0.8482425796283262	0.15175742037167386	[[0.02903525369955586, 0.2352890378496627, 0.8144393756473834], [-0.15502008025281594, -0.7997027290301691, 0.23655822495662146], [0.8334513798989898, -0.1569397583278278, 0.0156263717794647]]	0.911717353955862	0.13430020204090407	[[0.009067269098986409, 0.23275125818468365, 0.8483881600576658], [-0.16537911868373667, -0.826315557375707, 0.2539322182730431], [0.8810057711809419, -0.15776116487314545, 0.0]]	[[-0.022140719405900275, -0.020144675307725915, -0.026996464996235762], [0.0012412571055229853, 0.03322966420717788, -0.00032787676775087584], [-0.014813543932102172, 0.010922540271454744, -0.01679570758750008]]	0.3529286996192824	[[0.0, 0.0, 0.966], [0.0, -1.0, 0.0], [0.966, 0.0, 0.0]]
3	[[0.3802729664721569, 0.7767473726770865, -0.5020517802076895], [0.4287143634067757, 0.332951791095048, 0.839849450446521], [0.8195098935212374, -0.5346088512602871, -0.20639019011321075]]	0.5384523859124066	0.4615476140875936	[[0.2047588860949215, 0.41824147606917056, -0.2703309789044015], [0.2308422718512969, 0.1792786863089378, 0.4522189404001528], [0.44126705744533257, -0.28786141149099254, -0.11113129029537352]]	0.6974484176920256	0.45406147409258435	[[0.2049472569684882, 0.4613301616136702, -0.2972524989448629], [0.3381629783209578, 0.21209877614494163, 0.487006676196203], [0.5735478304656485, -0.2858324780583083, -0.06290952938675382]]	[[-0.06027352178857032, -0.08041106440640187, 0.052902720760454686], [0.03915682392105811, -0.02011792372202542, -0.09874499411724032], [0.001981951946301151, 0.08702961933733043, 0.08103698213486137]]	0.689794307274431	[[0.0, 0.6374063436977467, -0.6374063436977468], [0.0, 0.7071067811865476, 0.7071067811865475], [0.9014286959999999, 0.0, 0.0]]
3	[[0.8592155572171323, 0.2624339665249735, -0.4391776855101157], [-0.4266000482917053, 0.8413623931712975, -0.33184593135155627], [0.2824199444684594, 0.4724804086637203, 0.8348660002631537]]	0.5753121450245224	0.4246878549754776	[[0.49431714526102877, 0.15098144820877626, -0.25266425629772993], [-0.24542818885026582, 0.4840460031583446, -0.19091499458352426], [0.16247962404985597, 0.2718237173903879, 0.4803085494194386]]	0.7891409481105081	0.375205336400186	[[0.5545113467510682, 0.2076159383848536, -0.2855083563392318], [-0.32440251558658617, 0.7529144348024549, -0.2721148069799488], [0.24463058167050167, 0.3439797736231065, 0.5389053714469036]]	[[-0.12353083270255807, 0.0005185492249346405, 0.06106473879319947], [0.012245050986318652, 0.08896091815073116, -0.010241594086567028], [0.02176143892734457, -0.028873864033422077, -0.11992157554598917]]	0.6513052054947309	[[0.9014286959999999, 0.0, 0.0], [0.0, 0.7071067811865476, -0.7071067811865475], [0.0, 0.6374063436977467, 0.6374063436977468]]
3	[[-0.42203838922340475, -0.825029846081567, 0.3757783270710803], [0.2588054115689476, 0.28760896992378115, 0.9221175843470338], [-0.8688517462515349, 0.4864224845687207, 0.09214016247897017]]	0.4455527156707752	0.5544472843292247	[[-0.1880403504358076, -0.36759428843108394, 0.16742905411674064], [0.11531145395483726, 0.128144957600815, 0.41085199387359606], [-0.3871192550576668, 0.21672685896291927, 0.04105329961485163]]	0.6436495811983053	0.6063412890664066	[[-0.11627732375121663, -0.3756626061844678, 0.34038928942438146], [0.13585433413263853, 0.09395494730622322, 0.6445737255434574], [-0.5000587928253308, 0.18280326575688788, -0.03120835971716651]]	[[0.1553675087220352, 0.1553675087220352, 0.0985197265816809], [-0.030725660635569585, -0.09116444573409452, 0.051053128562896136], [0.05917726977288591, -0.13028236272120836, -0.09051433670829948]]	0.670075745493509	[[0.0, -0.6374063436977467, 0.6374063436977468], [0.0, 0.7071067811865476, 0.7071067811865475], [-0.9014286959999999, 0.0, 0.0]]
3	[[-0.3195682178843842, -0.5708200961323295, -0.7563336379995778], [0.910087742671785, 0.03735879733279218, -0.41272826520656647], [0.2638493031197415, -0.8202248094963509, 0.507557688474819]]	0.454973681590433	0.545026318409567	[[-0.14539512861015197, -0.25970812066313087, -0.34411189979135365], [0.41406597085370866, 0.016997269562291348, -0.18778049831746418], [0.1200444888254589, -0.37318070130836634, 0.2309253901449185]]	0.6594077974412947	0.5623596558291752	[[-0.268104669660547, -0.2687199877014218, -0.45552892508400844], [0.603942730064913, -0.060689785383976055, -0.06054523622763631], [0.2601709353347551, -0.4152767229473853, 0.32519536466868865]]	[[-0.0573788949731654, 0.10768323462442585, 0.043203373280054747], [0.0038237761913914488, -0.0853244676482482, 0.2116110000739923], [0.08618664750814585, 0.12558591208930894, -0.009492132762886565]]	0.9151227515856165	[[0.0, 0.0, -0.9014286959999999], [0.7071067811865475, 0.7071067811865476, 0.0], [0.6374063436977468, -0.6374063436977467, 0.0]]
