3	[[-0.5446221603179724, 0.8109226453022452, -0.2139887049042392], [-0.8354447797583356, -0.5021691245819775, 0.22328947644507607], [0.07361197229480154, 0.30038414347728, 0.9509735242804028]]	0.5019482027509115	0.49805179724908866	[[-0.27337211454992505, 0.40704116437947685, -0.10741124583567802], [-0.41935000569732783, -0.25206288956092215, 0.11207975139479792], [0.03694939719432555, 0.15077728095329263, 0.47733945137624845]]	0.7189477189217939	0.39670660684052794	[[-0.4454930471877145, 0.5179400597550079, -0.07406441128557363], [-0.6809492357120961, -0.46548166389703954, 0.039055357999380015], [0.09096952714700882, 0.07677368702590813, 0.6739789807392497]]	[[-0.05393818735284876, -0.06507092630706827, 0.07978227998035806], [-0.08030811701972006, -0.10444831726587274, -0.12147810175004904], [0.03804636758032698, -0.13918680772735914, -0.009721265297165091]]	0.45231224549680765	[[-0.5730110794866018, 0.5730110794866017, 0.0], [-0.7071067811865475, -0.7071067811865476, 0.0], [0.0, 0.0, 0.8103600399999998]]
3	[[0.034229894132735264, 0.2773841392786001, 0.9601491309293217], [-0.1827544195208179, -0.9427759796974285, 0.2788803941677556], [0.9825625356654255, -0.18501754344446375, 0.018422055382213542]]	0.7220841408245718	0.27791585917542805	[[0.02471686369535219, 0.2002946878893514, 0.6933084602705588], [-0.13196406800158317, -0.6807635832898616, 0.20137510981544182], [0.7094928243723817, -0.13359823389556852, 0.013302274032888344]]	0.854816754493239	0.2229763795505953	[[0.009251455977479723, 0.20433929795858635, 0.7591338475852527], [-0.16948075520781583, -0.8226510624967344, 0.25867745498502664], [0.7873105272294229, -0.14014685435655844, 0.0]]	[[-0.020008831031712204, -0.032773311727447185, -0.06161771634525428], [-0.013259215443734465, -0.01675035931759461, 0.02028582155075054], [-0.05260039059474381, 0.018009241654949895, -0.015747481592918486]]	0.3834761267999357	[[0.0, 0.0, 0.9001999999999999], [0.0, -1.0, 0.0], [0.9001999999999999, 0.0, 0.0]]
3	[[-0.30792515101507295, 0.09349718223056193, 0.9468053539599837], [0.3027085282091916, -0.9338174967034747, 0.1906631317268273], [0.9019698710720718, 0.34531602882779927, 0.2592434992682147]]	0.5653231061342484	0.43467689386575187	[[-0.1740772028286985, 0.052856117473381134, 0.5352509436051944], [0.17112812542054692, -0.5279086077989164, 0.10778627385309336], [0.5099044091539713, 0.19521513001487514, 0.1465563402514189]]	0.7829713488389195	0.3209528409447612	[[-0.16455044168216354, 0.06996622025883666, 0.711073870041427], [0.2596996783277674, -0.8362451241101083, 0.13563956395033216], [0.6560964352253711, 0.23167444635543488, 0.09458422142332691]]	[[0.0765461291495361, -0.0032393946248646735, -0.030247595036532154], [0.022687573690772518, -0.10509277914680563, -0.013644205471674387], [-0.05012013133999524, -0.038698110511566255, -0.10839601087642858]]	0.4878542009378184	[[0.0, 0.0, 0.9001999999999999], [0.0, -1.0, 0.0], [0.9001999999999999, 0.0, 0.0]]
3	[[0.3802729664721569, 0.7767473726770865, -0.5020517802076895], [0.4287143634067757, 0.332951791095048, 0.839849450446521], [0.8195098935212374, -0.5346088512602871, -0.20639019011321075]]	0.468213083063604	0.5317869169363962	[[0.17804877803767113, 0.36368328212269285, -0.23506721186861318], [0.2007296738443368, 0.15589238462016144, 0.3932285005028392], [0.3837052538467044, -0.2503108584816708, -0.09663458722698978]]	0.627460961427988	0.5509084300097948	[[0.10851159068844696, 0.3835073190315365, -0.22874293484305344], [0.3030965022776869, 0.14278640767169834, 0.4605107015265649], [0.5359707489098889, -0.2602401941695675, -0.09147893075976661]]	[[-0.13009485045924565, -0.10387133421509188, 0.08627495785269626], [0.03409497563648346, -0.066127843277971, -0.06646204210537653], [0.021760283221305354, 0.0752059896301245, 0.03802285635797383]]	0.7435129888156252	[[0.0, 0.5158245737538388, -0.5158245737538388], [0.0, 0.7071067811865476, 0.7071067811865475], [0.7294861080079997, 0.0, 0.0]]
3	[[0.8787972042104137, -0.3840163418041313, 0.28327887866788265], [-0.395223040501579, -0.9183905790867732, -0.018907472103605397], [0.2674214316928388, -0.09534250611366366, -0.9588511794847616]]	0.5496928611638097	0.4503071388361905	[[0.4830685495651791, -0.21109104165997242, 0.15571637732222407], [-0.21725128393117318, -0.5048327450840963, -0.010393302438005764], [0.14699965192375883, -0.05240909497614778, -0.5270736482812721]]	0.7805496234183422	0.38120588903109176	[[0.5396429880717541, -0.22651197443890891, 0.21955091040866165], [-0.3455852921857734, -0.8461795799207168, -0.02577005213955902], [0.19737535080011512, -0.07441955724278115, -0.6248172896170439]]	[[-0.1463018387357763, 0.07323183654279516, -0.0015623116579244491], [-0.037094096756013675, -0.12933015926358254, -0.011011831909297018], [-0.011360347001724112, 0.0, 0.12361363744402021]]	0.5173336481428186	[[0.9001999999999999, 0.0, 0.0], [0.0, -1.0, 0.0], [0.0, 0.0, -0.9001999999999999]]
3	[[0.8489524140446696, -0.5135124485683378, 0.12483895166604869], [0.522794976890395, 0.7815435453534784, -0.34040431673891397], [0.0772347773085365, 0.35425224329800037, 0.9319550081910795]]	0.6350635718869502	0.3649364281130498	[[0.5391387524252571, -0.32611304979622235, 0.07928067055566321], [0.3320080453885697, 0.4963298354973708, -0.21617838127395148], [0.04904899355145237, 0.22497269497779307, 0.5918506763397587]]	0.8059608801915941	0.29282441079401744	[[0.6290774760606997, -0.3886720570383177, 0.0529021846306514], [0.47657030175997217, 0.6238247090948502, -0.26503304318949017], [0.023345621145097604, 0.2228944866553711, 0.6963119752586603]]	[[-0.055144958803520855, 0.025198887999160542, -0.04771312673631309], [0.055218002025645384, -0.0060688146262981475, 0.009319519550423132], [-0.03890258795589224, -0.06261896316293197, -0.05480730344198638]]	0.4622967892523917	[[0.63653752442413, -0.6365375244241299, 0.0], [0.7071067811865475, 0.7071067811865476, 0.0], [0.0, 0.0, 0.9001999999999999]]
3	[[-0.42203838922340475, -0.825029846081567, 0.3757783270710803], [0.2588054115689476, 0.28760896992378115, 0.9221175843470338], [-0.8688517462515349, 0.4864224845687207, 0.09214016247897017]]	0.38776732614773873	0.6122326738522614	[[-0.16365269772085828, -0.31991961740712965, 0.1457145571126232], [0.10035628243665587, 0.11152536124345, 0.3575670700760612], [-0.3369123184627512, 0.18861874621935254, 0.03572894443528846]]	0.5790566332816409	0.6573892851196896	[[-0.081241952903419, -0.3145968291529702, 0.2651628487360287], [0.16467329266335734, 0.07843013803835999, 0.6105347236510585], [-0.41783590406805105, 0.16308126126022415, -0.02707119839965097]]	[[0.16314217587589253, 0.1631421758758925, 0.0475659158020416], [0.014810302365173125, -0.08811174378730545, 0.07657641976926562], [0.08527846293723745, -0.1185849050066302, -0.08042557067474683]]	0.7194131049092362	[[0.0, -0.5158245737538388, 0.5158245737538388], [0.0, 0.7071067811865476, 0.7071067811865475], [-0.7294861080079997, 0.0, 0.0]]
3	[[0.8592155572171323, 0.2624339665249735, -0.4391776855101157], [-0.4266000482917053, 0.8413623931712975, -0.33184593135155627], [0.2824199444684594, 0.4724804086637203, 0.8348660002631537]]	0.4745028058546102	0.5254971941453899	[[0.4077001927334616, 0.12452565346765482, -0.20839104404328349], [-0.20242291989212635, 0.3992288163003305, -0.15746182553774984], [0.13400905607958719, 0.22419327962226818, 0.39614625963748223]]	0.7235090892550717	0.48239152069019425	[[0.43675392961714654, 0.17276607583853673, -0.2792071910883136], [-0.3488972384584229, 0.749489263386344, -0.2558891793943397], [0.23177436814532107, 0.301180566008352, 0.43099572912657513]]	[[-0.18489633565880978, -0.017107284271542834, 0.038541856176260526], [-0.04024822604272161, 0.14075592456951116, -0.01579563182917423], [0.02744097133547803, -0.0406633041548004, -0.17303741037384365]]	0.6904076400516895	[[0.63653752442413, 0.6365375244241299, 0.0], [-0.7071067811865475, 0.7071067811865476, 0.0], [0.0, 0.0, 0.9001999999999999]]
3	[[0.5319609947059123, -0.8460851799387872, 0.03402011756955908], [-0.703274286200726, -0.4190807785627857, 0.5742617690636116], [-0.47161719485230363, -0.3294103357928521, -0.8179645788128509]]	0.44321033925685605	0.5567896607431441	[[0.23577061293502197, -0.374993699640868, 0.015078067849562407], [-0.31169843497764693, -0.18574093404283953, 0.2545187534889256], [-0.20902561692985627, -0.14599806668146487, -0.36253035847573506]]	0.6463627739727089	0.5708706315627731	[[0.3824868987584654, -0.5104795815625014, 0.08888193794199903], [-0.4054445093278632, -0.23132629047090456, 0.30166227185868427], [-0.25727875563648317, -0.038134883865248874, -0.42651350805850013]]	[[0.03864711457507044, 0.03639838235993151, 0.06689260037886112], [0.04912580916451476, 0.03955192407958011, -0.0695191581797468], [0.04755704268147942, 0.17478369455310053, 0.10218834611439277]]	0.7140086054303477	[[0.5730110794866018, -0.5730110794866017, 0.0], [-0.7071067811865475, -0.7071067811865476, 0.0], [0.0, 0.0, -0.8103600399999998]]
3	[[0.08740825448676931, -0.06334395238859675, -0.994156597696443], [0.7119981850616444, -0.6940087028176986, 0.10681996481098455], [-0.6967197295301035, -0.717174639895393, -0.015561310176609944]]	0.5766451857900154	0.42335481420998483	[[0.050403549148104014, -0.036526985193796255, -0.5732756159830348], [0.4105703257070257, -0.4001967773761994, 0.06159721845451309], [-0.4017600778784559, -0.41355530346636626, -0.0089733545979273]]	0.7955579699643738	0.32824613622700116	[[0.03450265340979421, -0.027311498889589045, -0.6836706613494], [0.6362232393110432, -0.640218433547919, 0.07088354187550427], [-0.5027403068076497, -0.48851307486424983, 0.02439706019499464]]	[[-0.03503568008782936, 0.023082287282202924, 0.10723854334067089], [0.06978740858508296, -0.08809427879666237, -0.014097932481188435], [0.0515406268514469, 0.08204092576085978, 0.0367769845290844]]	0.30387883386873965	[[0.0, 0.0, -0.7294861080079997], [0.7071067811865475, -0.7071067811865476, 0.0], [-0.5158245737538388, -0.5158245737538388, 0.0]]
3	[[0.04673222253661188, -0.9725397674033924, -0.22799671093185395], [-0.8377629715199755, -0.16246744520517667, 0.5213036857710898], [-0.5440306084466285, 0.16664552219444034, -0.8223502702654952]]	0.48404411264192276	0.5159558873580772	[[0.02262045718951919, -0.4707521487217571, -0.11036046562828628], [-0.405514234153647, -0.07864141034753999, 0.2523339799960309], [-0.2633348131155936, 0.08066378391635771, -0.39805380685150704]]	0.6764763506211354	0.49990774534185917	[[-9.779833150476283e-17, -0.659281134567444, -0.09897197358274015], [-0.6714196886883557, -0.1356735549810562, 0.23234136629285052], [-0.23969477246678833, 0.0, -0.4897913355412114]]	[[-0.03161324335798198, -0.0013809818804692273, 0.05526240938206233], [-0.10469285102900446, -0.02576817055391909, -0.12030824862292343], [0.12832906816138284, -0.11273175470144843, 0.06650917422029516]]	0.7022304063273236	[[1.4565901648760948e-16, -0.7294861080079997, 0.0], [-1.0, -1.7938038903913487e-16, 0.0], [0.0, 0.0, -0.7294861080079997]]
3	[[0.22433838825039393, -0.7661379269479729, -0.6022499185961573], [-0.9416906372873723, -0.011392912655017143, -0.3362869982418849], [0.2507808429735371, 0.642575192824231, -0.724020780340167]]	0.4014251990922458	0.5985748009077543	[[0.09005508216744791, -0.3075470698572105, -0.24175829347575128], [-0.37801835155638736, -0.0045734022307808595, -0.13499407522138238], [0.10066974981917336, 0.25794587471120517, -0.29064018589497465]]	0.6226844768363218	0.5851312627239089	[[0.24539064457365148, -0.38067538770041415, -0.2366749195180608], [-0.6916754112145206, -0.047394980068036066, -0.040858040196755374], [0.21823539442087522, 0.21823539442087522, -0.4525141480383309]]	[[0.10569861265165133, 0.09638680652564847, 0.1383367559677048], [-0.10529926939357069, -0.04030079021180488, 0.1685426533703498], [0.06207805641332651, -0.18188620335087965, -0.0016776472135885435]]	0.7351972567147524	[[1.4565901648760948e-16, -0.7294861080079997, 0.0], [-1.0, -1.7938038903913487e-16, 0.0], [0.0, 0.0, -0.7294861080079997]]
3	[[-0.8305561570912853, 0.32773595720904825, 0.4502950280316503], [-0.5100865793185324, -0.772219296347621, -0.37879947194723407], [0.22358030216652452, -0.5443036842615101, 0.808545204538665]]	0.43614174597945393	0.5638582540205458	[[-0.3622402124877789, 0.14293933259740188, 0.19639245973159117], [-0.222470051304672, -0.33679707218807686, -0.16521026307116188], [0.09751270335352191, -0.23739355919686447, 0.352640317210808]]	0.6659113976356427	0.5490814189644754	[[-0.4145682496735375, 0.09415300472982774, 0.24581519824350598], [-0.5417171246000164, -0.5926260526372272, -0.26622301047551006], [0.19320609428270638, -0.2993026515560701, 0.3731249471407756]]	[[0.13850856171000864, -0.12409010459070473, -0.05404139322143109], [-0.20204465765082832, -0.07839642172517054, -0.01397612468748399], [0.04432142278319672, 0.06315537556874154, -0.1652945200651633]]	0.6909240613842413	[[-0.5730110794866018, 0.5730110794866017, 0.0], [-0.7071067811865475, -0.7071067811865476, 0.0], [0.0, 0.0, 0.8103600399999998]]
3	[[-0.3195682178843842, -0.5708200961323295, -0.7563336379995778], [0.910087742671785, 0.03735879733279218, -0.41272826520656647], [0.2638493031197415, -0.8202248094963509, 0.507557688474819]]	0.38925855032624307	0.6107414496737569	[[-0.12439466122401636, -0.22219660311755732, -0.29440933549068915], [0.3542594353821021, 0.014542231291694642, -0.16065800619297327], [0.10270559723698006, -0.31927952028616846, 0.19757117002264696]]	0.5957025251253472	0.6226361564639247	[[-0.2539168375865586, -0.2539168375865586, -0.344352161853986], [0.6114632794123958, -0.09486811515932464, -0.05602666618644283], [0.2031258528890073, -0.31326435462868313, 0.31822196076878606]]	[[-0.06354924324302377, 0.0861221350717636, 0.10619769613960266], [0.06932171301718619, -0.11712284506611502, 0.1898366035877128], [0.045950156768014165, 0.17534563555874993, 0.01586856409755208]]	0.9382092105343023	[[-1.4565901648760948e-16, -0.7294861080079997, 0.0], [1.0, -1.7938038903913487e-16, 0.0], [0.0, 0.0, 0.7294861080079997]]
