3	[[-0.42203838922340475, -0.825029846081567, 0.3757783270710803], [0.2588054115689476, 0.28760896992378115, 0.9221175843470338], [-0.8688517462515349, 0.4864224845687207, 0.09214016247897017]]	0.40146904537769057	0.5985309546223094	[[-0.16943534923425851, -0.33122394471446975, 0.1508633662428522], [0.10390236152116572, 0.11546609859736132, 0.37020166631378576], [-0.34881708114234317, 0.19528357053004874, 0.03699142307137747]]	0.5947948467084754	0.6444212582565144	[[-0.088971158596514, -0.32866840040328976, 0.2819465436920801], [0.1575968787057252, 0.0821225664486151, 0.6187758154930791], [-0.43668719040219284, 0.16795561305198026, -0.02812011897161048]]	[[0.1620551004267129, 0.1620551004267129, 0.05843553124546955], [0.0036607536042491534, -0.0889457667291828, 0.07030502826419535], [0.08010135082188016, -0.12136597409262773, -0.08292461278898358]]	0.7062072470360018	[[0.0, -0.5434648036540578, 0.5434648036540579], [0.0, 0.7071067811865476, 0.7071067811865475], [-0.7685752959999999, 0.0, 0.0]]
3	[[-0.30792515101507295, 0.09349718223056193, 0.9468053539599837], [0.3027085282091916, -0.9338174967034747, 0.1906631317268273], [0.9019698710720718, 0.34531602882779927, 0.2592434992682147]]	0.595498958640553	0.40450104135944726	[[-0.18336910676871093, 0.05567747465412565, 0.5638216023184703], [0.18026261332018806, -0.556087346847247, 0.11353969639447223], [0.5371221189485728, 0.20563533556884564, 0.15437923384855481]]	0.796461029316644	0.305271325522005	[[-0.17643391246644427, 0.07118868315255543, 0.7234154247737961], [0.2610545242018442, -0.8376096668485271, 0.13099042049072698], [0.664877744406027, 0.24199846305555434, 0.10524522931388887]]	[[0.06881647026350378, -0.0032781788450037645, -0.03067814200368204], [0.01995897824142512, -0.09386042223018584, -0.02086533365715676], [-0.05350610752063592, -0.03303229670417053, -0.10123211495692205]]	0.4835182726289128	[[0.0, 0.0, 0.9159999999999999], [0.0, -1.0, 0.0], [0.9159999999999999, 0.0, 0.0]]
3	[[0.8592155572171323, 0.2624339665249735, -0.4391776855101157], [-0.4266000482917053, 0.8413623931712975, -0.33184593135155627], [0.2824199444684594, 0.4724804086637203, 0.8348660002631537]]	0.4971956040764029	0.5028043959235972	[[0.4271981980024152, 0.13048101451655067, -0.2183572146440785], [-0.21210366870941705, 0.4183216833199712, -0.16499233829863355], [0.14041795489321984, 0.23491518219982413, 0.415091705323689]]	0.7395555733612482	0.45854009181062366	[[0.4592476964170573, 0.1847142143418602, -0.28508210644982407], [-0.3519662803880126, 0.7495899503466805, -0.25257705763955157], [0.2372292486484403, 0.30965150514053924, 0.45534983392347694]]	[[-0.1761899576415632, -0.009370288240983193, 0.03971419856507546], [-0.03647183707770428, 0.12735570326028978, -0.00715854961125399], [0.028364004688416954, -0.03977401439071534, -0.1620799695809516]]	0.6894713959915064	[[0.6477098115668776, 0.6477098115668775, 0.0], [-0.7071067811865475, 0.7071067811865476, 0.0], [0.0, 0.0, 0.9159999999999999]]
3	[[0.22433838825039393, -0.7661379269479729, -0.6022499185961573], [-0.9416906372873723, -0.011392912655017143, -0.3362869982418849], [0.2507808429735371, 0.642575192824231, -0.724020780340167]]	0.4219146451483585	0.5780853548516415	[[0.09465165147181961, -0.32324481158295304, -0.2540980606951256], [-0.3973130710706333, -0.004806836700047798, -0.14188440953123152], [0.10580811037318612, 0.2711118844615734, -0.3054749706172592]]	0.6411486430077246	0.5697941099470671	[[0.2618119580747855, -0.3867625344020745, -0.25778474853611333], [-0.6855142837957663, -0.04860432009066393, -0.040541929000965454], [0.2354739803429491, 0.23547398034294909, -0.4640490731457788]]	[[0.11797770487350544, 0.10444575781736956, 0.12834696952332547], [-0.0817506095658883, -0.041299769601994274, 0.17506802358296011], [0.07468618317813255, -0.17651223256673354, 0.0001558676787130689]]	0.7323296538707785	[[1.5346408997113574e-16, -0.7685752959999999, 0.0], [-1.0, -1.7938038903913487e-16, 0.0], [0.0, 0.0, -0.7685752959999999]]
3	[[0.8787972042104137, -0.3840163418041313, 0.28327887866788265], [-0.395223040501579, -0.9183905790867732, -0.018907472103605397], [0.2674214316928388, -0.09534250611366366, -0.9588511794847616]]	0.5736963463112954	0.42630365368870465	[[0.5041627452040959, -0.2203087722168597, 0.16251605767892505], [-0.226738014313797, -0.5268773197087967, -0.010847147663821152], [0.15341869828751722, -0.05469764740557118, -0.5500894183266838]]	0.7930299790356505	0.36491080522504493	[[0.5533071877667024, -0.2343394875920531, 0.225429649369497], [-0.3455189705705559, -0.8469886872084217, -0.02388301596738451], [0.20241168664859688, -0.07560946562452507, -0.642073278342332]]	[[-0.14360534066487027, 0.07019698389822436, 0.0007810061582634235], [-0.032095251047182624, -0.118677425528699, -0.008888823761445178], [-0.009661525720458657, 0.0, 0.11832445242277735]]	0.5123338617704681	[[0.5933021873952598, -0.5933021873952598, 0.0], [-0.7071067811865475, -0.7071067811865476, 0.0], [0.0, 0.0, -0.8390559999999999]]
3	[[-0.8305561570912853, 0.32773595720904825, 0.4502950280316503], [-0.5100865793185324, -0.772219296347621, -0.37879947194723407], [0.22358030216652452, -0.5443036842615101, 0.808545204538665]]	0.4533037478765642	0.5466962521234356	[[-0.3764942188314361, 0.14856393771677484, 0.20412042385692963], [-0.23122415814662703, -0.35004990121697993, -0.17171122032734462], [0.10134978892346028, -0.24673490005876458, 0.36651657154500006]]	0.6834856425079725	0.5300848632280083	[[-0.4358554944507451, 0.10488809300375368, 0.24697679664396374], [-0.5435841622980643, -0.5950310882428477, -0.2705910369121432], [0.20126911287881089, -0.30685360759385993, 0.3931577419020361]]	[[0.13181771421774455, -0.11911472828223807, -0.060793389908394245], [-0.19494730889784345, -0.06723028632163963, -0.011687036446607265], [0.0484551864003972, 0.06517014576307498, -0.15947129671881322]]	0.6869107965606158	[[-0.5933021873952598, 0.5933021873952598, 0.0], [-0.7071067811865475, -0.7071067811865476, 0.0], [0.0, 0.0, 0.8390559999999999]]
3	[[-0.3195682178843842, -0.5708200961323295, -0.7563336379995778], [0.910087742671785, 0.03735879733279218, -0.41272826520656647], [0.2638493031197415, -0.8202248094963509, 0.507557688474819]]	0.40489481193033766	0.5951051880696623	[[-0.12939151347921088, -0.23112209546955684, -0.30623556611442715], [0.3684898054091979, 0.015126383220004515, -0.16711153331914727], [0.10683121396461835, -0.33210476998162203, 0.2055074748188087]]	0.6113818937882107	0.6091353063317185	[[-0.26405164242098966, -0.2640516424209897, -0.36116599172064867], [0.6102216939909918, -0.09705473136755988, -0.05675397008745665], [0.21348801288539998, -0.3298464064489451, 0.3298057145195124]]	[[-0.06867342017631133, 0.0849374289647624, 0.10124270021526016], [0.05381052636287792, -0.1198952236305323, 0.1955806183144568], [0.05217532626935279, 0.1716241909130083, 0.0194941337330109]]	0.9438202083505045	[[-1.5346408997113574e-16, -0.7685752959999999, 0.0], [1.0, -1.7938038903913487e-16, 0.0], [0.0, 0.0, 0.7685752959999999]]
3	[[0.034229894132735264, 0.2773841392786001, 0.9601491309293217], [-0.1827544195208179, -0.9427759796974285, 0.2788803941677556], [0.9825625356654255, -0.18501754344446375, 0.018422055382213542]]	0.7557141535011158	0.24428584649888413	[[0.02586801546895284, 0.2096231200095629, 0.7255982877150846], [-0.1381101014467627, -0.7124691514382274, 0.21075386100654295], [0.742536414902307, -0.1398203762269888, 0.013921807988920178]]	0.8691767484101868	0.2013389274039719	[[0.009218736410522626, 0.21097463748002285, 0.7803057955082364], [-0.16842586071167492, -0.8236094000040767, 0.25741871807361083], [0.809508387980551, -0.1442918683260877, 0.0]]	[[-0.02053309167019314, -0.030121206758709187, -0.05423350410177816], [-0.009579968594979265, -0.004170439491437555, 0.015022363875529812], [-0.04451212187879169, 0.01652107848381174, -0.016012022196144747]]	0.37584633064049916	[[0.0, 0.0, 0.9159999999999999], [0.0, -1.0, 0.0], [0.9159999999999999, 0.0, 0.0]]
3	[[0.8489524140446696, -0.5135124485683378, 0.12483895166604869], [0.522794976890395, 0.7815435453534784, -0.34040431673891397], [0.0772347773085365, 0.35425224329800037, 0.9319550081910795]]	0.6660580796386739	0.33394192036132603	[[0.565451614603209, -0.34202911536398045, 0.08314999241079363], [0.3482118183523614, 0.520553392972139, -0.22672904550783596], [0.051442847455444446, 0.23595256887875848, 0.620736163065395]]	0.8223842285550759	0.26745077457172206	[[0.6543316586241213, -0.4052162732415591, 0.050045566644457695], [0.47650428815247386, 0.6260982057917988, -0.264157343631102], [0.02687363026993805, 0.2261967449463675, 0.7223398973444667]]	[[-0.04383341747997363, 0.017088265627741392, -0.05262001831505017], [0.04656594438999763, -0.016630879835920633, 0.01578579778704751], [-0.03664303248456584, -0.06513471287216359, -0.04408520311479372]]	0.45608477102819006	[[0.6477098115668776, -0.6477098115668775, 0.0], [0.7071067811865475, 0.7071067811865476, 0.0], [0.0, 0.0, 0.9159999999999999]]
3	[[0.5319609947059123, -0.8460851799387872, 0.03402011756955908], [-0.703274286200726, -0.4190807785627857, 0.5742617690636116], [-0.47161719485230363, -0.3294103357928521, -0.8179645788128509]]	0.4578312989197501	0.5421687010802498	[[0.24354839318085011, -0.3873642769281255, 0.015575474616273857], [-0.32198097994813857, -0.19186829720170032, 0.26291501165034686], [-0.21592111291211907, -0.15081436191363257, -0.3744897855882338]]	0.6614662591857705	0.5523512075404924	[[0.3950386631669159, -0.5337959226711397, 0.09324506763474905], [-0.40625578042007704, -0.23509865019435663, 0.3008510007664704], [-0.2728365470505856, -0.03830207439099457, -0.4437628119394056]]	[[0.04316441396605463, 0.025860876255489263, 0.07074190772895267], [0.05893643085466009, 0.04210914469822941, -0.07900378340943956], [0.03912231459605426, 0.1795917481630318, 0.09729315815439515]]	0.7024477893074499	[[0.5933021873952598, -0.5933021873952598, 0.0], [-0.7071067811865475, -0.7071067811865476, 0.0], [0.0, 0.0, -0.8390559999999999]]
3	[[0.3802729664721569, 0.7767473726770865, -0.5020517802076895], [0.4287143634067757, 0.332951791095048, 0.839849450446521], [0.8195098935212374, -0.5346088512602871, -0.20639019011321075]]	0.4905600202620656	0.5094399797379348	[[0.18654671413769705, 0.3810412068789778, -0.2462865314712902], [0.21031012679946642, 0.1633328373858778, 0.41199656342813], [0.4020187899707414, -0.26225772890652604, -0.10124677584382821]]	0.6451742130960236	0.5230379088824616	[[0.1220154068368305, 0.41077428466251165, -0.23301128982684846], [0.30068422195549865, 0.13869941887276271, 0.4713727724822533], [0.556918856512446, -0.2647751557053508, -0.09424239028936161]]	[[-0.12332690506853389, -0.09036309027883128, 0.09089957240210535], [0.024088769901569503, -0.07611249094589642, -0.07047643582870876], [0.028192205835475614, 0.08014068922067404, 0.03891523820766783]]	0.7296129853947269	[[0.0, 0.5434648036540578, -0.5434648036540579], [0.0, 0.7071067811865476, 0.7071067811865475], [0.7685752959999999, 0.0, 0.0]]
3	[[-0.5446221603179724, 0.8109226453022452, -0.2139887049042392], [-0.8354447797583356, -0.5021691245819775, 0.22328947644507607], [0.07361197229480154, 0.30038414347728, 0.9509735242804028]]	0.5261788782369146	0.4738211217630855	[[-0.2865686773790757, 0.4266903678420467, -0.11259633670188272], [-0.43959339704212724, -0.26423078665775823, 0.11749020623797808], [0.03873306500688552, 0.15805579165503156, 0.5003821822388677]]	0.7348416858562928	0.37818963369756836	[[-0.4656212602618999, 0.533953155709886, -0.08021202836344998], [-0.681031818054542, -0.4691055916141876, 0.03725180019589547], [0.0954449553467386, 0.08109157937420247, 0.6981889832775244]]	[[-0.06541019381914494, -0.0619466080630606, 0.07703579230258593], [-0.06711216765708738, -0.10009078552138835, -0.12683061510897323], [0.041351809526419904, -0.13964321102314053, -0.0006260045093871763]]	0.43880147885706083	[[-0.5933021873952598, 0.5933021873952598, 0.0], [-0.7071067811865475, -0.7071067811865476, 0.0], [0.0, 0.0, 0.8390559999999999]]
3	[[0.08740825448676931, -0.06334395238859675, -0.994156597696443], [0.7119981850616444, -0.6940087028176986, 0.10681996481098455], [-0.6967197295301035, -0.717174639895393, -0.015561310176609944]]	0.62126796540812	0.3787320345918801	[[0.054303948424870345, -0.039353568421372324, -0.617637646747928], [0.44234166380752193, -0.43116537477508016, 0.06636382220308734], [-0.4328496488248631, -0.44555762937011195, -0.009667743512507133]]	0.817840407627564	0.2930011584979946	[[0.03663047464500444, -0.028757339833991487, -0.7200331411779841], [0.6359894851479873, -0.6397050388865594, 0.0711172960385602], [-0.5294748268115047, -0.5147074638200663, 0.025901657019564532]]	[[-0.03485552783446883, 0.023047904008239486, 0.09302829592770705], [0.05368859924708643, -0.07211667847705604, -0.016244387525217438], [0.04033072078956127, 0.07182693601213339, 0.038628325277622166]]	0.269863209387011	[[0.0, 0.0, -0.7685752959999999], [0.7071067811865475, -0.7071067811865476, 0.0], [-0.5434648036540579, -0.5434648036540578, 0.0]]
3	[[0.04673222253661188, -0.9725397674033924, -0.22799671093185395], [-0.8377629715199755, -0.16246744520517667, 0.5213036857710898], [-0.5440306084466285, 0.16664552219444034, -0.8223502702654952]]	0.5007778221647533	0.49922217783524664	[[0.023402460626803106, -0.48702634668888667, -0.11417569636118068], [-0.41953311636804563, -0.08136009338251979, 0.2610573244469052], [-0.2724384632888683, 0.08345238167803991, -0.41181477740015104]]	0.6944627384766752	0.47395187697448143	[[1.0299870621317463e-16, -0.6945495914438511, -0.1041077992678289], [-0.6711583552383305, -0.13545556279215748, 0.23252615694751425], [-0.252739564459827, 0.0, -0.5158357315401729]]	[[-0.03245378723787688, -0.019156961295422225, 0.05422742096958135], [-0.08936318784221131, -0.022627975881661197, -0.12949982825106096], [0.1250694216971505, -0.1157291056980266, 0.05525588913543683]]	0.6857602354105328	[[-1.5346408997113574e-16, -0.7685752959999999, 0.0], [-1.0, 1.7938038903913487e-16, 0.0], [0.0, 0.0, -0.7685752959999999]]
