3	[[-0.3195682178843842, -0.5708200961323295, -0.7563336379995778], [0.910087742671785, 0.03735879733279218, -0.41272826520656647], [0.2638493031197415, -0.8202248094963509, 0.507557688474819]]	0.40527928574170785	0.5947207142582921	[[-0.12951437908993368, -0.23134156084752353, -0.30652635659089633], [0.3688397103123042, 0.015140746699203275, -0.16727021652833143], [0.10693265711181621, -0.3324201249403095, 0.20570261745778684]]	0.6117761319935687	0.6088083935869861	[[-0.2643106902426868, -0.2643106902426868, -0.3615990730383873], [0.6101906628835884, -0.09710779502013556, -0.05677214768931807], [0.21375545095093523, -0.3302741152070332, 0.33010090562793515]]	[[-0.06880648199730023, 0.08490342023334685, 0.10110779451361843], [0.05342070389708532, -0.11996301554832278, 0.19572515396317103], [0.05233874485914119, 0.1715198461118062, 0.019589226209213686]]	0.9439837881691434	[[-1.5366522243569343e-16, -0.7695826029440003, 0.0], [1.0, -1.7938038903913487e-16, 0.0], [0.0, 0.0, 0.7695826029440003]]
3	[[0.5319609947059123, -0.8460851799387872, 0.03402011756955908], [-0.703274286200726, -0.4190807785627857, 0.5742617690636116], [-0.47161719485230363, -0.3294103357928521, -0.8179645788128509]]	0.4582015119161137	0.5417984880838864	[[0.24374533205464877, -0.3876775086577694, 0.015588069305935898], [-0.32224134122889825, -0.19202344635245044, 0.2631276108205689], [-0.21609571172696193, -0.15093631390107956, -0.37479260670587533]]	0.6618441576499393	0.5518776356853302	[[0.39535938253521147, -0.5343937770370415, 0.09335584500249093], [-0.40627575554757644, -0.23519303428562488, 0.300831025638971], [-0.27323720823086867, -0.038306440945024646, -0.4442032779576746]]	[[0.04328410609145307, 0.02558275617964252, 0.0708398289465142], [0.059182221999805426, 0.042173130589542744, -0.07924077117749898], [0.03889987682938157, 0.1797118652689792, 0.09716179969420415]]	0.7021567128957857	[[0.5938204683815984, -0.5938204683815984, 0.0], [-0.7071067811865475, -0.7071067811865476, 0.0], [0.0, 0.0, -0.8397889600000001]]
3	[[0.8489524140446696, -0.5135124485683378, 0.12483895166604869], [0.522794976890395, 0.7815435453534784, -0.34040431673891397], [0.0772347773085365, 0.35425224329800037, 0.9319550081910795]]	0.6668838705093529	0.333116129490647	[[0.5661526717563681, -0.3424531692559882, 0.0832530832773846], [0.34864353767151435, 0.5211987844969297, -0.22701014828493868], [0.051506627229444796, 0.2362451071471915, 0.6215057630030428]]	0.8227953641834844	0.2668128714286528	[[0.654975684310175, -0.40563780489304446, 0.0499685472676609], [0.476502391810637, 0.6261555281365676, -0.26413549628030863], [0.026965577414778504, 0.2262770526101876, 0.7230014130187432]]	[[-0.04353842637815703, 0.01687785723949383, -0.05274836343269004], [0.04634910840680802, -0.01689487788779933, 0.015947597480516298], [-0.03658283930842911, -0.06520005092700697, -0.04380684734845826]]	0.4559303849060287	[[0.6479926542793523, -0.6479926542793522, 0.0], [0.7071067811865475, 0.7071067811865476, 0.0], [0.0, 0.0, 0.9164000000000001]]
3	[[-0.42203838922340475, -0.825029846081567, 0.3757783270710803], [0.2588054115689476, 0.28760896992378115, 0.9221175843470338], [-0.8688517462515349, 0.4864224845687207, 0.09214016247897017]]	0.40181743976936446	0.5981825602306355	[[-0.16958238504213502, -0.331511380485808, 0.1509942853045163], [0.10399252787509122, 0.11556629994947784, 0.3705229269086362], [-0.34911978421793327, 0.19545303739565656, 0.03702352418723305]]	0.5951915065484931	0.6440977558817166	[[-0.08917231517313141, -0.3290294075067131, 0.28238163318643744], [0.15741895992768956, 0.08221641671378038, 0.6189839589421087], [-0.43717156928275613, 0.1680780038430471, -0.028146281232821497]]	[[0.16202134953004615, 0.16202134953004615, 0.058721564568728776], [0.003380177113064861, -0.08896599939201516, 0.07014740469974047], [0.07996161053598407, -0.12143652756647084, -0.08298732335230266]]	0.705881609361211	[[0.0, -0.5441770772248968, 0.5441770772248969], [0.0, 0.7071067811865476, 0.7071067811865475], [-0.7695826029440003, 0.0, 0.0]]
3	[[-0.8305561570912853, 0.32773595720904825, 0.4502950280316503], [-0.5100865793185324, -0.772219296347621, -0.37879947194723407], [0.22358030216652452, -0.5443036842615101, 0.808545204538665]]	0.4537482523796442	0.5462517476203557	[[-0.376863404783324, 0.1487096178255755, 0.20432058202460418], [-0.23145089392809484, -0.3503931561715716, -0.17187959839838957], [0.10144917137457328, -0.2469768454974619, 0.3668759735293613]]	0.6839307430917311	0.5296026835901353	[[-0.43640482041095746, 0.10516783810541999, 0.24699832147002743], [-0.5436325699380168, -0.5950902949292577, -0.27070228442216027], [0.20147719569378092, -0.3070450431102445, 0.3936745780782658]]	[[0.1316380692878979, -0.11898085864644416, -0.06097229166217099], [-0.1947686767035738, -0.06694577774845559, -0.011629680090533098], [0.048563753492356004, 0.0652209801342971, -0.159314344485119]]	0.6868203541161839	[[-0.5938204683815984, 0.5938204683815984, 0.0], [-0.7071067811865475, -0.7071067811865476, 0.0], [0.0, 0.0, 0.8397889600000001]]
3	[[0.8592155572171323, 0.2624339665249735, -0.4391776855101157], [-0.4266000482917053, 0.8413623931712975, -0.33184593135155627], [0.2824199444684594, 0.4724804086637203, 0.8348660002631537]]	0.4977813548358556	0.5022186451641445	[[0.4277014841675887, 0.13063473541174891, -0.21861446330690074], [-0.21235355001168654, 0.41881451198074626, -0.165186717304944], [0.14058338259017683, 0.2351919379580254, 0.41558072871738444]]	0.7399569190902248	0.45792472103948145	[[0.45983101389103975, 0.1850443922014429, -0.28521230511348794], [-0.3520700815065585, 0.7495875510998523, -0.25247904881523825], [0.23735043660908728, 0.3098522556398981, 0.45599577266842317]]	[[-0.17595148266174013, -0.009145437133003706, 0.0397602619897529], [-0.03640442408888714, 0.12701562681044049, -0.006927355839714414], [0.028371844610573668, -0.03976289188539881, -0.1617691007394789]]	0.6894514671838132	[[0.6479926542793523, 0.6479926542793522, 0.0], [-0.7071067811865475, 0.7071067811865476, 0.0], [0.0, 0.0, 0.9164000000000001]]
3	[[-0.5446221603179724, 0.8109226453022452, -0.2139887049042392], [-0.8354447797583356, -0.5021691245819775, 0.22328947644507607], [0.07361197229480154, 0.30038414347728, 0.9509735242804028]]	0.526802190094533	0.47319780990546695	[[-0.2869081468295237, 0.4271958255424749, -0.11272971839904596], [-0.440114139679736, -0.2645437946276401, 0.11762938521632771], [0.038778948222079536, 0.1582430246535015, 0.5009749353128328]]	0.7352348559379388	0.3777346195603431	[[-0.46616433736975904, 0.5343150880097836, -0.08040859737360126], [-0.6810472674876754, -0.46919688517748326, 0.037168708291572886], [0.09555545472770284, 0.08122556802898642, 0.69880228756791]]	[[-0.06573914178776555, -0.061903506285824896, 0.07692335724901318], [-0.06679914519795249, -0.09998464120897207, -0.1270014977549804], [0.04143336688222689, -0.13962732442657266, -0.00038659455718590015]]	0.43846724799481346	[[-0.5938204683815984, 0.5938204683815984, 0.0], [-0.7071067811865475, -0.7071067811865476, 0.0], [0.0, 0.0, 0.8397889600000001]]
3	[[0.3802729664721569, 0.7767473726770865, -0.5020517802076895], [0.4287143634067757, 0.332951791095048, 0.839849450446521], [0.8195098935212374, -0.5346088512602871, -0.20639019011321075]]	0.491139557400046	0.5088604425999542	[[0.18676709644433764, 0.3814913608282728, -0.24657748912310978], [0.21055858269464633, 0.16352579531397451, 0.41248328737497625], [0.4024937263889794, -0.26256755459012443, -0.10136638662391367]]	0.6456201678799053	0.5223231030124489	[[0.12236918194798109, 0.41148201906758775, -0.23311304027248375], [0.300623068795385, 0.13859280802999993, 0.4716464932335658], [0.5574515889140391, -0.2648836827184226, -0.094311852368616]]	[[-0.12314271450596245, -0.09000175008046812, 0.09102171434960998], [0.023836429520175666, -0.07636758323270013, -0.07057724995756337], [0.028359473879614697, 0.08027057358232723, 0.038937816821040666]]	0.7292673456467113	[[0.0, 0.5441770772248968, -0.5441770772248969], [0.0, 0.7071067811865476, 0.7071067811865475], [0.7695826029440003, 0.0, 0.0]]
3	[[0.08740825448676931, -0.06334395238859675, -0.994156597696443], [0.7119981850616444, -0.6940087028176986, 0.10681996481098455], [-0.6967197295301035, -0.717174639895393, -0.015561310176609944]]	0.6224245827794426	0.3775754172205575	[[0.05440504633040674, -0.0394268331370732, -0.6187875055386387], [0.44316517327671434, -0.431968077296608, 0.0664873720299918], [-0.43365548696698064, -0.446387126016887, -0.009685741994177939]]	0.8184051455714695	0.29209485395322493	[[0.03668544400609644, -0.028794496511844864, -0.7209700879609929], [0.6359837821348422, -0.6396922473124295, 0.07112299905170531], [-0.5301636219742577, -0.515382580713052, 0.025940526227550182]]	[[-0.034849921231296044, 0.023046520063816894, 0.09265278709760143], [0.05328080384284491, -0.071711953855044, -0.016299009799367745], [0.04003538969434153, 0.07155683485070338, 0.03867598254792143]]	0.2690015188623343	[[0.0, 0.0, -0.7695826029440003], [0.7071067811865475, -0.7071067811865476, 0.0], [-0.5441770772248969, -0.5441770772248968, 0.0]]
3	[[0.034229894132735264, 0.2773841392786001, 0.9601491309293217], [-0.1827544195208179, -0.9427759796974285, 0.2788803941677556], [0.9825625356654255, -0.18501754344446375, 0.018422055382213542]]	0.75659910792995	0.24340089207005003	[[0.025898307365364123, 0.20986859233210584, 0.7264479759408417], [-0.1382718307797067, -0.7133034652168591, 0.21100065744647672], [0.7434059379698507, -0.13998410832147204, 0.013938110668418902]]	0.8695345306072984	0.20078962952213253	[[0.009217810957910345, 0.2111441351127716, 0.7808439113984861], [-0.1683997509336314, -0.823632987461932, 0.2573878826909977], [0.810072805436355, -0.14439748502754068, 0.0]]	[[-0.020546263969535128, -0.030050952232755418, -0.05403891247714714], [-0.009488472539187763, -0.0038567184878929364, 0.014891750052760014], [-0.044299247805797734, 0.016481657765556518, -0.016018613279594703]]	0.3756555984261466	[[0.0, 0.0, 0.9164000000000001], [0.0, -1.0, 0.0], [0.9164000000000001, 0.0, 0.0]]
3	[[0.8787972042104137, -0.3840163418041313, 0.28327887866788265], [-0.395223040501579, -0.9183905790867732, -0.018907472103605397], [0.2674214316928388, -0.09534250611366366, -0.9588511794847616]]	0.5743231386696521	0.4256768613303478	[[0.5047135685762401, -0.22054947072538666, 0.16269361471535793], [-0.22698573709542993, -0.527452959905755, -0.010858998722851544], [0.1535863159973631, -0.054757407359829806, -0.5506904189187862]]	0.7933427401274653	0.364497517555282	[[0.5536532594922284, -0.234539654524103, 0.22557986847838735], [-0.34551756426294955, -0.8470087966690542, -0.023835873742399358], [0.2025404065612992, -0.07563928505083353, -0.6425114095112405]]	[[-0.14353412251241673, 0.07011692233651184, 0.0008426266557736025], [-0.031970234349918664, -0.11841029814910405, -0.00883576801484144], [-0.009616444826707288, 0.0, 0.11818621259565226]]	0.5120643585703515	[[0.5938204683815984, -0.5938204683815984, 0.0], [-0.7071067811865475, -0.7071067811865476, 0.0], [0.0, 0.0, -0.8397889600000001]]
3	[[-0.30792515101507295, 0.09349718223056193, 0.9468053539599837], [0.3027085282091916, -0.9338174967034747, 0.1906631317268273], [0.9019698710720718, 0.34531602882779927, 0.2592434992682147]]	0.5962723420870921	0.4037276579129079	[[-0.18360725098327912, 0.05574978382716082, 0.5645538459063179], [0.18049672308503123, -0.5568095458412864, 0.11368715210441507], [0.5378196875161368, 0.20590239726936574, 0.15457972847951174]]	0.796798171013994	0.3048041523075677	[[-0.1765365146575889, 0.07133094239664964, 0.7239520256318952], [0.26105219507546457, -0.8375733658620684, 0.1310803879509428], [0.6653861488415714, 0.242267720193667, 0.1052055722609393]]	[[0.06881768248042905, -0.0031674413996242053, -0.030460748709677014], [0.01985459344804273, -0.09350929242787351, -0.020839646688793397], [-0.05330179473838337, -0.032879459998139085, -0.10135917380324189]]	0.4834126952119302	[[0.0, 0.0, 0.9164000000000001], [0.0, -1.0, 0.0], [0.9164000000000001, 0.0, 0.0]]
3	[[0.04673222253661188, -0.9725397674033924, -0.22799671093185395], [-0.8377629715199755, -0.16246744520517667, 0.5213036857710898], [-0.5440306084466285, 0.16664552219444034, -0.8223502702654952]]	0.5011694768618071	0.4988305231381928	[[0.023420763521263318, -0.4874072464568618, -0.11426499234392992], [-0.41986123017085913, -0.08142372452055269, 0.2612614954840289], [-0.27265153543200743, 0.08351764917955033, -0.41213685474612394]]	0.694916270181956	0.4732553206915789	[[-1.0312313421760048e-16, -0.6954443836048253, -0.10445253335123889], [-0.6710896101475138, -0.13572621438122534, 0.23257476706740401], [-0.25312371395800226, 0.0, -0.516458888985998]]	[[-0.032474981782455475, -0.019610675837232798, 0.05398609062327868], [-0.08891449068230022, -0.022824943333252752, -0.12968764588074821], [0.12493200732854906, -0.11580468472588487, 0.05500569361002331]]	0.6853467283860327	[[1.5366522243569343e-16, -0.7695826029440003, 0.0], [-1.0, -1.7938038903913487e-16, 0.0], [0.0, 0.0, -0.7695826029440003]]
3	[[0.22433838825039393, -0.7661379269479729, -0.6022499185961573], [-0.9416906372873723, -0.011392912655017143, -0.3362869982418849], [0.2507808429735371, 0.642575192824231, -0.724020780340167]]	0.42244026111757976	0.5775597388824204	[[0.0947695673111934, -0.32364750591198294, -0.2544146128698018], [-0.3978080387076577, -0.004812824996875235, -0.14206116734774893], [0.1059399247890278, 0.27144963224434737, -0.305855527501454]]	0.6416124061533823	0.5694160978140059	[[0.26223621191074875, -0.3869083566424566, -0.2583335390875642], [-0.6853603354199158, -0.04863734109719013, -0.04053352596257589], [0.23592070940144808, 0.23592070940144805, -0.46433625574445636]]	[[0.1182979188328419, 0.1046552421119965, 0.12807748028859492], [-0.0811599397778529, -0.041327506995509335, 0.17523238413749814], [0.07501660932402342, -0.17636350620098035, 0.00020445923464768728]]	0.7322799397787559	[[1.5366522243569343e-16, -0.7695826029440003, 0.0], [-1.0, -1.7938038903913487e-16, 0.0], [0.0, 0.0, -0.7695826029440003]]
