3	[[-0.8305561570912853, 0.32773595720904825, 0.4502950280316503], [-0.5100865793185324, -0.772219296347621, -0.37879947194723407], [0.22358030216652452, -0.5443036842615101, 0.808545204538665]]	0.5121671415285354	0.4878328584714646	[[-0.42538357285636874, 0.16785558837987666, 0.23062631735148195], [-0.26124958526164127, -0.395505349643538, -0.19400864275973348], [0.11451048426271504, -0.278774462091668, 0.41411028620517304]]	0.7411730945139604	0.46308528388980286	[[-0.5152499151011912, 0.1394048252985518, 0.2501326180303671], [-0.5536215393127557, -0.5949755031798893, -0.28817088321689505], [0.22638917871630415, -0.33383152909390235, 0.4648593533745201]]	[[0.10033596201777975, -0.10350424828957337, -0.08361394134010167], [-0.17555909084919852, -0.022627337662530167, -0.007414906393509472], [0.060677474287174855, 0.06959171692555072, -0.13441259792782528]]	0.6803934155812214	[[-0.6620285541802777, 0.6620285541802776, 0.0], [-0.7071067811865475, -0.7071067811865476, 0.0], [0.0, 0.0, 0.93624976]]
3	[[0.8787972042104137, -0.3840163418041313, 0.28327887866788265], [-0.395223040501579, -0.9183905790867732, -0.018907472103605397], [0.2674214316928388, -0.09534250611366366, -0.9588511794847616]]	0.6615597366403175	0.3384402633596825	[[0.5813768469776887, -0.2540497499495193, 0.1874059003672889], [-0.2614636505884102, -0.6075702296335944, -0.012508422265395343], [0.17691525192269109, -0.06307476323518321, -0.6343373337771967]]	0.8320311694590086	0.30759469034803105	[[0.6029041353666265, -0.261001972336339, 0.24046904784638481], [-0.34250391604460045, -0.8494319890979711, -0.020999417934618094], [0.21575406910986106, -0.07932793686090424, -0.7028709635281261]]	[[-0.12828253016987137, 0.05851159362632265, 0.004772191145309827], [-0.013666027458926543, -0.08530240156026715, -0.005267811808741715], [-0.00674889743993395, 0.0, 0.09492310467572984]]	0.4818490376223505	[[0.6620285541802777, -0.6620285541802776, 0.0], [-0.7071067811865475, -0.7071067811865476, 0.0], [0.0, 0.0, -0.93624976]]
3	[[0.034229894132735264, 0.2773841392786001, 0.9601491309293217], [-0.1827544195208179, -0.9427759796974285, 0.2788803941677556], [0.9825625356654255, -0.18501754344446375, 0.018422055382213542]]	0.8511694528825462	0.14883054711745394	[[0.029135440261187757, 0.23610090606806206, 0.8172496104587629], [-0.15555497927540185, -0.8024621148298667, 0.23737447252343735], [0.8363272159052274, -0.1574812812272969, 0.015680290800650663]]	0.9130067848355052	0.13263807150263152	[[0.00906126811419083, 0.2334679758269125, 0.8505942493238078], [-0.16528856045083076, -0.8263944815648983, 0.25383223665800436], [0.8833254118701086, -0.15820125944059168, 0.0]]	[[-0.022190857473197517, -0.019785625340206163, -0.02602842166857645], [0.0015674645303502266, 0.03436638447879453, -0.0007874553747566149], [-0.013760849717602889, 0.010721013037801564, -0.0168194615545764]]	0.3522259062152286	[[0.0, 0.0, 0.9676], [0.0, -1.0, 0.0], [0.9676, 0.0, 0.0]]
3	[[-0.30792515101507295, 0.09349718223056193, 0.9468053539599837], [0.3027085282091916, -0.9338174967034747, 0.1906631317268273], [0.9019698710720718, 0.34531602882779927, 0.2592434992682147]]	0.6928675493479296	0.3071324506520708	[[-0.21335134476640474, 0.06478116352302621, 0.6560107053077529], [0.20973691610702117, -0.6470118404791546, 0.1321042968305683], [0.6249456541553741, 0.23925827064447627, 0.17962140802234972]]	0.8400715159724447	0.2718099481944156	[[-0.24684590210364576, 0.07573168340723418, 0.7346552998970481], [0.24496906461267404, -0.849560576761715, 0.11822383128477992], [0.6720739780907812, 0.2581854496317807, 0.1711142186964116]]	[[0.011833246315630519, -0.002812636208345898, -0.06072890913494259], [-0.009327747577809036, -0.06508709666443371, -0.041946834825029804], [-0.08564521886220469, -0.03190471019517302, -0.04666886073983886]]	0.4717010690051317	[[0.0, 0.0, 0.9676], [0.0, -1.0, 0.0], [0.9676, 0.0, 0.0]]
3	[[0.5319609947059123, -0.8460851799387872, 0.03402011756955908], [-0.703274286200726, -0.4190807785627857, 0.5742617690636116], [-0.47161719485230363, -0.3294103357928521, -0.8179645788128509]]	0.505184104930319	0.49481589506968104	[[0.2687382389683484, -0.4274287843221841, 0.01718642264400192], [-0.35528299079482273, -0.211712948011742, 0.29010791780010214], [-0.23825351045120885, -0.1664128656423078, -0.4132227036122754]]	0.7080705157142142	0.506629840490464	[[0.4607498053610951, -0.5957278462200905, 0.11022552095374333], [-0.40578180833819005, -0.2210121120738885, 0.3013249728483574], [-0.3052081118341845, -0.05716016791442168, -0.4801181198591593]]	[[0.0840839094998334, 0.0033601234773205134, 0.08613687876160742], [0.09218597818050397, 0.07572663092897759, -0.105292854127471], [0.028730118544577285, 0.17608557843201558, 0.09905848129681619]]	0.6656452596799379	[[0.6620285541802777, -0.6620285541802776, 0.0], [-0.7071067811865475, -0.7071067811865476, 0.0], [0.0, 0.0, -0.93624976]]
3	[[0.8489524140446696, -0.5135124485683378, 0.12483895166604869], [0.522794976890395, 0.7815435453534784, -0.34040431673891397], [0.0772347773085365, 0.35425224329800037, 0.9319550081910795]]	0.7442850865514758	0.25571491344852404	[[0.6318626209653213, -0.38219965722794563, 0.09291576994576056], [0.38910850462354457, 0.581691205297161, -0.2533578563465186], [0.05748469291386804, 0.2636646615641067, 0.693640213933579]]	0.8694606082125337	0.19990880831393787	[[0.7307838581073426, -0.43635350299937614, 0.052467367119029704], [0.47104253585119266, 0.6265288277334929, -0.2694407264838779], [0.03589676719839609, 0.2606610678030359, 0.7893939754163369]]	[[-0.007346824151434554, 0.010125342857558232, -0.056075183725148074], [0.01649289727361239, -0.052992498554122275, 0.026527417786110136], [-0.031255829255443665, -0.04734730311549794, -0.020904192832195814]]	0.43739407952242176	[[0.6841965214761034, -0.6841965214761033, 0.0], [0.7071067811865475, 0.7071067811865476, 0.0], [0.0, 0.0, 0.9676]]
3	[[-0.5446221603179724, 0.8109226453022452, -0.2139887049042392], [-0.8354447797583356, -0.5021691245819775, 0.22328947644507607], [0.07361197229480154, 0.30038414347728, 0.9509735242804028]]	0.5992222855424302	0.4007777144575698	[[-0.3263497356627912, 0.48592292091612477, -0.12822680083298282], [-0.5006171303712821, -0.3009109305608539, 0.1338000304129911], [0.044109934281777036, 0.17999687299516098, 0.5698445287096426]]	0.7769423441151225	0.3250096555207833	[[-0.47680938065662415, 0.5816182274020456, -0.11139883207827037], [-0.6738650194380744, -0.4013168788683512, 0.044449565895666274], [0.13870645395636583, 0.1262537281167513, 0.7388515991458354]]	[[-0.053669362762136644, -0.048421913535116864, 0.054858053924188466], [-0.024772593873890903, -0.011160422073390654, -0.12903348334980957], [0.08151419564670528, -0.10712743245149989, 0.0]]	0.3996247107065806	[[-0.6620285541802777, 0.6620285541802776, 0.0], [-0.7071067811865475, -0.7071067811865476, 0.0], [0.0, 0.0, 0.93624976]]
3	[[0.8592155572171323, 0.2624339665249735, -0.4391776855101157], [-0.4266000482917053, 0.8413623931712975, -0.33184593135155627], [0.2824199444684594, 0.4724804086637203, 0.8348660002631537]]	0.5779931274098791	0.422006872590121	[[0.4966206870351521, 0.15168502905034897, -0.25384168393662404], [-0.2465718960653282, 0.48630168091413845, -0.19180466768013], [0.16323678694624927, 0.27309042904344144, 0.48254681046027714]]	0.7907531832558808	0.372705512238381	[[0.5570470651739169, 0.20827635030504593, -0.2861176432599225], [-0.32431798675381646, 0.7529013564219892, -0.27223090981621273], [0.2451908858396889, 0.34542407039094014, 0.5411653768860243]]	[[-0.12238037179850572, 0.0007558558809558913, 0.06116350957215162], [0.013017359409962022, 0.0875913657499999, -0.009822683249457093], [0.02186641573630551, -0.02819131678593614, -0.11900757041416968]]	0.6498377049698473	[[0.9059152677760001, 0.0, 0.0], [0.0, 0.7071067811865476, -0.7071067811865475], [0.0, 0.6405788290248366, 0.6405788290248368]]
3	[[-0.42203838922340475, -0.825029846081567, 0.3757783270710803], [0.2588054115689476, 0.28760896992378115, 0.9221175843470338], [-0.8688517462515349, 0.4864224845687207, 0.09214016247897017]]	0.4469800548584866	0.5530199451415134	[[-0.18864274236746476, -0.3687718858614275, 0.16796541724886174], [0.11568085706076142, 0.12855547315432447, 0.4121681684374123], [-0.388359401203403, 0.21742114883692815, 0.04118481487951994]]	0.6451876267864536	0.6052143803599374	[[-0.11722472758216515, -0.37722982924769854, 0.342398620874355], [0.13517570209667806, 0.0943359676188974, 0.6453911946507043], [-0.5021832362078451, 0.18326171687578674, -0.0313003044459369]]	[[0.1550692191736609, 0.1550692191736609, 0.09995109383358097], [-0.03180234719298264, -0.09122578112872345, 0.05045233878778406], [0.05838915998544868, -0.13057205155867654, -0.09074799720746189]]	0.6691103242493577	[[0.0, -0.6405788290248366, 0.6405788290248368], [0.0, 0.7071067811865476, 0.7071067811865475], [-0.9059152677760001, 0.0, 0.0]]
3	[[0.3802729664721569, 0.7767473726770865, -0.5020517802076895], [0.4287143634067757, 0.332951791095048, 0.839849450446521], [0.8195098935212374, -0.5346088512602871, -0.20639019011321075]]	0.5396234497653437	0.46037655023465657	[[0.2052042100202062, 0.4191510968401765, -0.2709189135965055], [0.2313443237455175, 0.17966859411625985, 0.4532024577334798], [0.44222675585875953, -0.2884874725921636, -0.11137298638661591]]	0.6990222365581306	0.45244746246070816	[[0.20589549895664827, 0.462935195886825, -0.2986281761787282], [0.33716694001176856, 0.21367247442537318, 0.48810889189748996], [0.5766574871638122, -0.28785182720204866, -0.061110750737970676]]	[[-0.05992376056931382, -0.08002848980256375, 0.05231718209004184], [0.03748606685856909, -0.019068231251922644, -0.09896454932575406], [0.0038018485130814177, 0.08585164768969022, 0.08316058155862363]]	0.6886634749255811	[[0.0, 0.6405788290248366, -0.6405788290248368], [0.0, 0.7071067811865476, 0.7071067811865475], [0.9059152677760001, 0.0, 0.0]]
3	[[0.04673222253661188, -0.9725397674033924, -0.22799671093185395], [-0.8377629715199755, -0.16246744520517667, 0.5213036857710898], [-0.5440306084466285, 0.16664552219444034, -0.8223502702654952]]	0.5459501921196814	0.4540498078803184	[[0.02551346587204293, -0.5309582728579124, -0.12447484813590115], [-0.4573768552520859, -0.08869913292296003, 0.28460584739942457], [-0.2970136152004241, 0.09098015485793935, -0.4489622880411191]]	0.7442801785573769	0.3903579973106448	[[-0.01859668846710489, -0.7978467157611209, -0.11218419189819845], [-0.6556101803280472, -0.12796649652909783, 0.2346964398677032], [-0.27873812188697855, 0.009089924648154503, -0.6057897228889684]]	[[-0.053378555401037336, -0.0740046440239741, 0.05750924082465645], [-0.03207980629640124, -0.007045197402028226, -0.1532995604606222], [0.12617307650835655, -0.11494103436651087, 0.006269283100941501]]	0.6346201366313936	[[1.8088723757288396e-16, -0.9059152677760001, 0.0], [-1.0, -1.7938038903913487e-16, 0.0], [0.0, 0.0, -0.9059152677760001]]
3	[[0.08740825448676931, -0.06334395238859675, -0.994156597696443], [0.7119981850616444, -0.6940087028176986, 0.10681996481098455], [-0.6967197295301035, -0.717174639895393, -0.015561310176609944]]	0.7816156262780102	0.2183843737219899	[[0.06831965757254388, -0.0495106230171375, -0.7770483317269213], [0.5565089073257636, -0.5424480468952447, 0.08349215369473269], [-0.5445670277369179, -0.560554905312544, -0.012162963199397355]]	0.8901882669199379	0.1729550913788754	[[0.0481125697348173, -0.030968019815319672, -0.8451948713889197], [0.6355399325428147, -0.6384174553998831, 0.06905012730036605], [-0.6195407217945289, -0.6073308729198234, 0.028141680770645994]]	[[-0.02969723284125676, 0.025420023381344324, 0.03979166736149883], [0.0017275021326483044, -0.020619051011241927, -0.026039752047173022], [0.0006710067648017325, 0.031089576847587147, 0.04199417650776599]]	0.16291220543108056	[[0.0, 0.0, -0.9059152677760001], [0.7071067811865475, -0.7071067811865476, 0.0], [-0.6405788290248368, -0.6405788290248366, 0.0]]
3	[[-0.3195682178843842, -0.5708200961323295, -0.7563336379995778], [0.910087742671785, 0.03735879733279218, -0.41272826520656647], [0.2638493031197415, -0.8202248094963509, 0.507557688474819]]	0.4566477889439326	0.5433522110560673	[[-0.14593012011365694, -0.2606637347835913, -0.34537808349642785], [0.41558955543604537, 0.017059812199624047, -0.18847144974124358], [0.12048620088402745, -0.37455384569346695, 0.2317750962035194]]	0.6606989108000276	0.5610131657672789	[[-0.26729929183399503, -0.26925977963820663, -0.4576506384231712], [0.6027319228364199, -0.058539072973793384, -0.06150064653425179], [0.2625981602770089, -0.41871825665803236, 0.32426439685509745]]	[[-0.056160918351476484, 0.1078804361391906, 0.04205817240457227], [0.0014379425207156245, -0.08322198968036822, 0.21118846874411162], [0.08827321309044935, 0.1232033815873668, -0.011078415088395209]]	0.9142552574109146	[[0.0, 0.0, -0.9059152677760001], [0.7071067811865475, 0.7071067811865476, 0.0], [0.6405788290248368, -0.6405788290248366, 0.0]]
3	[[0.22433838825039393, -0.7661379269479729, -0.6022499185961573], [-0.9416906372873723, -0.011392912655017143, -0.3362869982418849], [0.2507808429735371, 0.642575192824231, -0.724020780340167]]	0.49296200058919476	0.5070379994108052	[[0.1105903006808697, -0.37767688519553105, -0.2968863247258415], [-0.4642177004932969, -0.005616273014955226, -0.16577671142545458], [0.12362542606167953, 0.31676515258362054, -0.3569147323446387]]	0.6968300247453852	0.5212415468565951	[[0.2873365067514356, -0.4009243036449772, -0.3480328781452785], [-0.6772598306286056, -0.023720336660441634, -0.03899653013990116], [0.29267510423149456, 0.30640431186947087, -0.48461542966230686]]	[[0.1310107821155738, 0.1329436069485569, 0.07163294753298804], [-0.021061520545148343, -0.015781413053124048, 0.19533834716654283], [0.11792348321657617, -0.14136137564700874, 0.0199039886183048]]	0.7370350958871903	[[1.8088723757288396e-16, -0.9059152677760001, 0.0], [-1.0, -1.7938038903913487e-16, 0.0], [0.0, 0.0, -0.9059152677760001]]
