3	[[0.034229894132735264, 0.2773841392786001, 0.9601491309293217], [-0.1827544195208179, -0.9427759796974285, 0.2788803941677556], [0.9825625356654255, -0.18501754344446375, 0.018422055382213542]]	0.7465253462902047	0.2534746537097954	[[0.025553483570917235, 0.20707429063036728, 0.7167756624572509], [-0.13643080631884397, -0.70380616471771, 0.20819128282963253], [0.7335078371894134, -0.13812028568964133, 0.0137525312735843]]	0.8654028795439547	0.20710244640546865	[[0.009228165950776818, 0.20919944134993118, 0.7746619001195145], [-0.16870177582488982, -0.8233597437900666, 0.25774552637818987], [0.8035893093638645, -0.14318492912054548, 0.0]]	[[-0.020394482998176998, -0.030849591521590804, -0.056253922578346105], [-0.010545574922190102, -0.0074786961950390266, 0.01640163021706106], [-0.04672313833300432, 0.01692978574244218, -0.015942499774885807]]	0.37785625102099984	[[0.0, 0.0, 0.9117999999999999], [0.0, -1.0, 0.0], [0.9117999999999999, 0.0, 0.0]]
3	[[-0.5446221603179724, 0.8109226453022452, -0.2139887049042392], [-0.8354447797583356, -0.5021691245819775, 0.22328947644507607], [0.07361197229480154, 0.30038414347728, 0.9509735242804028]]	0.5196635762812294	0.48033642371877056	[[-0.2830202995528466, 0.42140696194519967, -0.11120213567432563], [-0.43415022203470083, -0.26095900317828463, 0.1160354078754116], [0.03825346077983136, 0.15609869825757725, 0.4941863025763186]]	0.7307072551543987	0.3829768408962146	[[-0.459942879556139, 0.5301528624994813, -0.07817536175344174], [-0.6808716388050203, -0.46814522360824795, 0.03812932387522873], [0.09429348511180514, 0.07968883300779891, 0.6917634464999777]]	[[-0.06198351569393464, -0.06239419779186627, 0.07818773744117952], [-0.07040607695473566, -0.1012066009616641, -0.1250299165628156], [0.040504682889769064, -0.13980403996438942, -0.003119807151460368]]	0.44233503141181085	[[-0.5878738983417181, 0.587873898341718, 0.0], [-0.7071067811865475, -0.7071067811865476, 0.0], [0.0, 0.0, 0.8313792399999999]]
3	[[-0.30792515101507295, 0.09349718223056193, 0.9468053539599837], [0.3027085282091916, -0.9338174967034747, 0.1906631317268273], [0.9019698710720718, 0.34531602882779927, 0.2592434992682147]]	0.587365463828558	0.412634536171442	[[-0.18086459915044706, 0.05491701580751723, 0.556120765884068], [0.177800535076452, -0.5484921470824593, 0.11198893880173338], [0.5297859516816321, 0.20282670943987605, 0.1522706781922134]]	0.7929055149922255	0.3101808610754404	[[-0.1753647669318166, 0.06970551749532249, 0.717797395448901], [0.26108243947916326, -0.8379909836215597, 0.13004192508839255], [0.6595547159886206, 0.2391887548760778, 0.10565924943649413]]	[[0.06879078351284863, -0.004428913931523169, -0.03292979133013611], [0.02106317802691555, -0.09756194048914016, -0.021135923563498006], [-0.05562216914125168, -0.03461422879669861, -0.09989635085915631]]	0.48463944637429884	[[0.0, 0.0, 0.9117999999999999], [0.0, -1.0, 0.0], [0.9117999999999999, 0.0, 0.0]]
3	[[0.8787972042104137, -0.3840163418041313, 0.28327887866788265], [-0.395223040501579, -0.9183905790867732, -0.018907472103605397], [0.2674214316928388, -0.09534250611366366, -0.9588511794847616]]	0.5671615699895629	0.43283843001043704	[[0.4984200020424168, -0.2177993113192797, 0.16066489357015926], [-0.22415532014692416, -0.5208758426984782, -0.010723591562814688], [0.15167115904776712, -0.05407460545416498, -0.5438235403429216]]	0.7897364618510812	0.3692481653533283	[[0.5496738227706651, -0.2322437152171815, 0.22385652599189118], [-0.34553453373818843, -0.8467764306699902, -0.024379885413535175], [0.20106379394305846, -0.07529545344221981, -0.6374766534375698]]	[[-0.14434437196708905, 0.07102799185220861, 0.00014086663557584577], [-0.033412488090444906, -0.12148990414463626, -0.009447965291885834], [-0.010128661345194613, 0.0, 0.11976308449046173]]	0.5139975196717744	[[0.9117999999999999, 0.0, 0.0], [0.0, -1.0, 0.0], [0.0, 0.0, -0.9117999999999999]]
3	[[0.3802729664721569, 0.7767473726770865, -0.5020517802076895], [0.4287143634067757, 0.332951791095048, 0.839849450446521], [0.8195098935212374, -0.5346088512602871, -0.20639019011321075]]	0.4845169589048686	0.5154830410951317	[[0.1842487012688225, 0.37634727484684866, -0.2432526017590052], [0.20771937959668768, 0.1613207892833018, 0.40692130166827356], [0.3970664414013626, -0.25902705481625954, -0.09999954726145056]]	0.6404841043759785	0.5305179688595244	[[0.11833661510805864, 0.4033953697830577, -0.23192366893216326], [0.3013261403710381, 0.13980945725652505, 0.46849482348143934], [0.5513320344330146, -0.2636165373292601, -0.09351155318130154]]	[[-0.12522217524125728, -0.09409897553242053, 0.08963251586452424], [0.026741405291331666, -0.07344087246336461, -0.06941539959845838], [0.026448974253811368, 0.07879193396165547, 0.0386780828853462]]	0.7332620501574857	[[0.0, 0.5360234205079785, -0.5360234205079786], [0.0, 0.7071067811865476, 0.7071067811865475], [0.7580515910319998, 0.0, 0.0]]
3	[[0.5319609947059123, -0.8460851799387872, 0.03402011756955908], [-0.703274286200726, -0.4190807785627857, 0.5742617690636116], [-0.47161719485230363, -0.3294103357928521, -0.8179645788128509]]	0.45394228590610264	0.5460577140938977	[[0.241479589949686, -0.3840738406526892, 0.015443169936319986], [-0.3192459370969402, -0.19023848660010023, 0.2606817001572182], [-0.21408698750387853, -0.14953328083090417, -0.371308710696528]]	0.6574985418427512	0.5573028567330375	[[0.39164649411476277, -0.5275641760781925, 0.0921148179744318], [-0.4060435860730691, -0.23409185417044562, 0.30106319511347834], [-0.26868356114911524, -0.03823346597505989, -0.4391713857077923]]	[[0.041882915778405916, 0.028735596006321973, 0.06974664027912775], [0.056358231619409956, 0.04145314664891089, -0.07651308068188498], [0.041404056774243046, 0.1783533494766714, 0.09863913214067736]]	0.7055089906651932	[[0.5878738983417181, -0.587873898341718, 0.0], [-0.7071067811865475, -0.7071067811865476, 0.0], [0.0, 0.0, -0.8313792399999999]]
3	[[0.8489524140446696, -0.5135124485683378, 0.12483895166604869], [0.522794976890395, 0.7815435453534784, -0.34040431673891397], [0.0772347773085365, 0.35425224329800037, 0.9319550081910795]]	0.6576117558369048	0.3423882441630953	[[0.5582810876218941, -0.3376918229471329, 0.08209556220194877], [0.34379612269560667, 0.5139522231229005, -0.22385388042513907], [0.050790497517539016, 0.23296043972436042, 0.6128645692975327]]	0.8180534471531969	0.27416421409695146	[[0.6475833331859882, -0.4007981596938305, 0.05084014824237297], [0.47652352812419235, 0.6254956377225704, -0.2643876955259108], [0.02591604357009734, 0.22534361791497626, 0.7154016193156987]]	[[-0.046905115592281804, 0.019282469013577025, -0.0512847865070295], [0.04884929512462874, -0.013848753654173408, 0.01408122920818644], [-0.03726613224726047, -0.06445365087670596, -0.04698738772669971]]	0.4577144692823614	[[0.644739963085894, -0.644739963085894, 0.0], [0.7071067811865475, 0.7071067811865476, 0.0], [0.0, 0.0, 0.9117999999999999]]
3	[[0.8592155572171323, 0.2624339665249735, -0.4391776855101157], [-0.4266000482917053, 0.8413623931712975, -0.33184593135155627], [0.2824199444684594, 0.4724804086637203, 0.8348660002631537]]	0.4910794659981589	0.5089205340018412	[[0.4219431170154998, 0.1288759321408627, -0.21567114327861495], [-0.20949452390987938, 0.41317579474949373, -0.16296272276178392], [0.1386906355168007, 0.23202542678117166, 0.4099855495892483]]	0.735327100542927	0.46500128570314037	[[0.4531293019934065, 0.18124753141530095, -0.28370817575982193], [-0.3508965865197261, 0.7496051844364666, -0.2536099731616659], [0.23594426515296626, 0.30756172443583074, 0.44857216073094586]]	[[-0.1786751824364427, -0.011727276273487377, 0.03923107834948491], [-0.03720600991791374, 0.13092861535995837, -0.00959466663395881], [0.028273226251479468, -0.03986592453019995, -0.16532743458442953]]	0.6896919433470273	[[0.644739963085894, 0.644739963085894, 0.0], [-0.7071067811865475, 0.7071067811865476, 0.0], [0.0, 0.0, 0.9117999999999999]]
3	[[0.08740825448676931, -0.06334395238859675, -0.994156597696443], [0.7119981850616444, -0.6940087028176986, 0.10681996481098455], [-0.6967197295301035, -0.717174639895393, -0.015561310176609944]]	0.6092300852416634	0.39076991475833645	[[0.05325173833179949, -0.038591041513248665, -0.6056701087581663], [0.4337707149770153, -0.42281098117608285, 0.06507793626730762], [-0.4244626202111737, -0.4369243669966296, -0.009480418325368035]]	0.811912445066875	0.30247591107537114	[[0.03605659475003906, -0.028368838104316424, -0.7102442387903863], [0.6360500069566646, -0.6398399540843495, 0.07105677422988287], [-0.5222783153453052, -0.507654582403662, 0.025495862654247893]]	[[-0.034911254869341456, 0.023060905159708888, 0.09692387522469853], [0.05796981964008756, -0.07636565128194152, -0.015671684581761137], [0.04339710378381293, 0.07462843301376212, 0.03813028404818332]]	0.27891325586929155	[[0.0, 0.0, -0.7580515910319998], [0.7071067811865475, -0.7071067811865476, 0.0], [-0.5360234205079786, -0.5360234205079785, 0.0]]
3	[[0.22433838825039393, -0.7661379269479729, -0.6022499185961573], [-0.9416906372873723, -0.011392912655017143, -0.3362869982418849], [0.2507808429735371, 0.642575192824231, -0.724020780340167]]	0.41641939902597713	0.5835806009740229	[[0.09341885681368538, -0.31903469511068283, -0.25078854916525556], [-0.39213824924759705, -0.004744229840957689, -0.14003642970813557], [0.10443000791826829, 0.2675807756248677, -0.30149629823157137]]	0.636267912856065	0.5738008305379025	[[0.25738270686918846, -0.3852064731915779, -0.2520653689655777], [-0.6871368674201689, -0.0482647438767413, -0.04062897343163327], [0.23081407096024742, 0.23081407096024736, -0.4610190231452481]]	[[0.11464338880361677, 0.10226250654748123, 0.13112692975733442], [-0.08796933107723467, -0.04101579912038214, 0.173339653060362], [0.07125026741719037, -0.17803590583110968, -0.00034783237379052215]]	0.7329220637081093	[[1.513627853696945e-16, -0.7580515910319998, 0.0], [-1.0, -1.7938038903913487e-16, 0.0], [0.0, 0.0, -0.7580515910319998]]
3	[[-0.42203838922340475, -0.825029846081567, 0.3757783270710803], [0.2588054115689476, 0.28760896992378115, 0.9221175843470338], [-0.8688517462515349, 0.4864224845687207, 0.09214016247897017]]	0.39781535761917064	0.6021846423808296	[[-0.1678933527379275, -0.32820954326542784, 0.14949038956931546], [0.10295676735707754, 0.11441526522471022, 0.36683253658394105], [-0.34564256815309535, 0.1935063346527111, 0.03665477168766001]]	0.5906245500779285	0.647833078775195	[[-0.0868754432573025, -0.3248920911494035, 0.27740868938117347], [0.15946873656427804, 0.08113818537364303, 0.616588795627328], [-0.431622600912411, 0.166667407669515, -0.027844200698831277]]	[[0.16239079049338456, 0.16239079049338456, 0.05546478402578011], [0.006611906798635325, -0.0887307330859666, 0.07196351225341495], [0.08154257080182423, -0.1206256534266738, -0.08226444270708028]]	0.7096538365694267	[[0.0, -0.5360234205079785, 0.5360234205079786], [0.0, 0.7071067811865476, 0.7071067811865475], [-0.7580515910319998, 0.0, 0.0]]
3	[[-0.3195682178843842, -0.5708200961323295, -0.7563336379995778], [0.910087742671785, 0.03735879733279218, -0.41272826520656647], [0.2638493031197415, -0.8202248094963509, 0.507557688474819]]	0.4008725617374807	0.5991274382625192	[[-0.12810613015319447, -0.22882611422780194, -0.30319340299311914], [0.3648292048107197, 0.014976116790227756, -0.16545143697482262], [0.10576994605425984, -0.3288056205834392, 0.20346595080845487]]	0.6072342310836049	0.6126148368225331	[[-0.26133900393220016, -0.2613390039322001, -0.35664087309102455], [0.6105487161364342, -0.0964907451723236, -0.05656240494985276], [0.21069527779928104, -0.325379174649164, 0.32671194267316095]]	[[-0.06728624286641818, 0.08528249822978436, 0.10263080202231466], [0.0579122854965191, -0.11917628574490992, 0.19406032581932678], [0.05047694909741986, 0.17268940686104894, 0.018505539981582428]]	0.9421681846347071	[[-1.513627853696945e-16, -0.7580515910319998, 0.0], [1.0, -1.7938038903913487e-16, 0.0], [0.0, 0.0, 0.7580515910319998]]
3	[[0.04673222253661188, -0.9725397674033924, -0.22799671093185395], [-0.8377629715199755, -0.16246744520517667, 0.5213036857710898], [-0.5440306084466285, 0.16664552219444034, -0.8223502702654952]]	0.4966709255780692	0.5033290744219308	[[0.023210536221579342, -0.48303222643772303, -0.11323933744727935], [-0.41609251047985985, -0.08069285638635933, 0.25891638411918616], [-0.2702041858399872, 0.08276798575175333, -0.40843746988213886]]	0.6897007891611139	0.4808484516053423	[[-1.016969952268255e-16, -0.6851987791858258, -0.10374089976878637], [-0.671875817945849, -0.1368520309119792, 0.23201883420177938], [-0.24873505826222267, 0.0, -0.5093165327697772]]	[[-0.03223125076275399, -0.014437334117140054, 0.05350861168705169], [-0.09407003535856215, -0.024798105740978946, -0.1275247292671385], [0.12648328171121798, -0.11493554816767143, 0.057859097599190064]]	0.6901132587062578	[[1.513627853696945e-16, -0.7580515910319998, 0.0], [-1.0, -1.7938038903913487e-16, 0.0], [0.0, 0.0, -0.7580515910319998]]
3	[[-0.8305561570912853, 0.32773595720904825, 0.4502950280316503], [-0.5100865793185324, -0.772219296347621, -0.37879947194723407], [0.22358030216652452, -0.5443036842615101, 0.808545204538665]]	0.4486671741950915	0.5513328258049085	[[-0.3726432840124814, 0.1470443658031071, 0.20203259778106], [-0.22885910413768634, -0.346469449551209, -0.16995488866515832], [0.10031314237873926, -0.24421119592158905, 0.36276769212935506]]	0.6788126299403443	0.5351440237791198	[[-0.4301188468208771, 0.10197471092249327, 0.24672689292023486], [-0.5430793204959249, -0.5944044434395979, -0.26942490182306716], [0.19909619564821654, -0.3048443985590575, 0.38776001570421254]]	[[0.13367316248740402, -0.1204965961165969, -0.05893905930699069], [-0.19682610809143783, -0.07021223199518721, -0.012291036050551613], [0.04732706273170121, 0.06463581684071694, -0.16109068101433227]]	0.6878944389602879	[[-0.5878738983417181, 0.587873898341718, 0.0], [-0.7071067811865475, -0.7071067811865476, 0.0], [0.0, 0.0, 0.8313792399999999]]
