3	[[0.034229894132735264, 0.2773841392786001, 0.9601491309293217], [-0.1827544195208179, -0.9427759796974285, 0.2788803941677556], [0.9825625356654255, -0.18501754344446375, 0.018422055382213542]]	0.8664776306364869	0.13352236936351325	[[0.029659437565070234, 0.24034715177826269, 0.8319477440253206], [-0.1583526164147448, -0.8168942971092206, 0.24164362316944638], [0.8513684578555565, -0.16031356266994223, 0.01596229889903453]]	0.9260778564179273	0.12412491572306365	[[0.010011931143220723, 0.24035091219781074, 0.8736688013337159], [-0.16416518861085222, -0.8273512225786241, 0.2526458313669671], [0.9074243441879971, -0.16300490049880664, 0.0]]	[[-0.021687615840635336, -0.016528396909647056, -0.015504047678846295], [0.005079632469889434, 0.045732735781881896, -0.005619126260894648], [-0.002505062637603568, 0.00833574953395311, -0.017060257559172662]]	0.34504512678271404	[[0.0, 0.0, 0.9842], [0.0, -1.0, 0.0], [0.9842, 0.0, 0.0]]
3	[[0.8489524140446696, -0.5135124485683378, 0.12483895166604869], [0.522794976890395, 0.7815435453534784, -0.34040431673891397], [0.0772347773085365, 0.35425224329800037, 0.9319550081910795]]	0.7595356580300004	0.24046434196999958	[[0.6448096304375754, -0.3900310155299492, 0.09481963530144771], [0.39708142678722513, 0.5936101909991538, -0.2585492167105437], [0.05866256740583983, 0.2690672107219505, 0.707853060400766]]	0.8835313742043162	0.19488373298223174	[[0.7564784626763703, -0.4436614091010508, 0.054403476088532285], [0.4678214784090375, 0.625819440950092, -0.27295562155268593], [0.03902581053914443, 0.27559853594243616, 0.8096012311670235]]	[[0.006402369661411868, 0.010042950253555866, -0.05589565443119793], [0.0059157140499530424, -0.06469880167658014, 0.027802272200728034], [-0.029213538392631168, -0.03739443539360783, -0.013810257916635526]]	0.4319325447443915	[[0.6959344940438001, -0.6959344940438, 0.0], [0.7071067811865475, 0.7071067811865476, 0.0], [0.0, 0.0, 0.9842]]
3	[[0.04673222253661188, -0.9725397674033924, -0.22799671093185395], [-0.8377629715199755, -0.16246744520517667, 0.5213036857710898], [-0.5440306084466285, 0.16664552219444034, -0.8223502702654952]]	0.5606347632522141	0.4393652367477859	[[0.026199708518063147, -0.5452396022515642, -0.1278228820555634], [-0.4696790451995729, -0.09108489767879623, 0.2922609684547815], [-0.30500247136843356, 0.09342727288252163, -0.46103814908069013]]	0.7545570271763291	0.3758612764953133	[[-0.014704081125551764, -0.8221245234271702, -0.12622361740125362], [-0.6507200587954086, -0.11939242804363863, 0.23547806977492364], [-0.2778648223756443, 0.022827718223458478, -0.6205101752291827]]	[[-0.049966208036120154, -0.08828780772450785, 0.045812903005466955], [-0.018580121526888302, 0.003198524423312487, -0.15787528961657313], [0.1326372962267732, -0.1029158315958254, 0.0]]	0.6195316024523316	[[1.9035769154166707e-16, -0.9533449756879999, 0.0], [-1.0, -1.7938038903913487e-16, 0.0], [0.0, 0.0, -0.9533449756879999]]
3	[[0.08740825448676931, -0.06334395238859675, -0.994156597696443], [0.7119981850616444, -0.6940087028176986, 0.10681996481098455], [-0.6967197295301035, -0.717174639895393, -0.015561310176609944]]	0.827175503130851	0.17282449686914925	[[0.07230196688288286, -0.05239656568733417, -0.8223419838904101], [0.5889474569566185, -0.5740669979304188, 0.08835885813694594], [-0.5763094928152536, -0.5932292935881585, -0.01287193457471257]]	0.911508393018414	0.13684191659916733	[[0.059510769481830345, -0.028688283514661277, -0.8822781760178039], [0.6331173045787372, -0.6374066760506131, 0.06649454195101498], [-0.6441505609689068, -0.638283155306282, 0.02427198684847747]]	[[-0.020162588101949326, 0.029050260734503466, 0.023903906757134823], [-0.01587501691882962, -0.004811918604458518, -0.030872752516129098], [-0.00908467992069811, 0.015427548218327414, 0.0384562516808203]]	0.1331787858788601	[[0.0, 0.0, -0.9533449756879999], [0.7071067811865475, -0.7071067811865476, 0.0], [-0.674116697119109, -0.6741166971191089, 0.0]]
3	[[-0.42203838922340475, -0.825029846081567, 0.3757783270710803], [0.2588054115689476, 0.28760896992378115, 0.9221175843470338], [-0.8688517462515349, 0.4864224845687207, 0.09214016247897017]]	0.46183816206836054	0.5381618379316395	[[-0.19491343400122865, -0.38103026776585336, 0.17354877191963092], [0.11952621561234837, 0.1328287980639734, 0.4258690903657506], [-0.40126889359869455, 0.22464846626194346, 0.04255384329196771]]	0.6610477502654277	0.5939209588110477	[[-0.12733136287593724, -0.39372795880821254, 0.363774862250675], [0.1281998986844053, 0.09829336351155274, 0.6538397167029417], [-0.5245903276464228, 0.18794914872023746, -0.03222509158562693]]	[[0.1516561648458394, 0.1516561648458394, 0.11536744454183132], [-0.04288283638976556, -0.09182989901271985, 0.04427596209014405], [0.04976216452734289, -0.13359934038243507, -0.09313413870144113]]	0.6600193951226302	[[0.0, -0.6741166971191089, 0.674116697119109], [0.0, 0.7071067811865476, 0.7071067811865475], [-0.9533449756879999, 0.0, 0.0]]
3	[[-0.30792515101507295, 0.09349718223056193, 0.9468053539599837], [0.3027085282091916, -0.9338174967034747, 0.1906631317268273], [0.9019698710720718, 0.34531602882779927, 0.2592434992682147]]	0.7228829931916975	0.27711700680830287	[[-0.2225938548447813, 0.06758752294581818, 0.6844294882405174], [0.21882284693651377, -0.6750407871117856, 0.1378271353539918], [0.6520186801693089, 0.24962308451610998, 0.18740271671649666]]	0.8538493367140061	0.2570940774024602	[[-0.26086891490023023, 0.08055762543820454, 0.7479946247227233], [0.24319852244891083, -0.8497649350390011, 0.11950100892393545], [0.6843203523039832, 0.26764897849484204, 0.18031128946202574]]	[[0.002052771051549943, 0.0007251184060106785, -0.060434498753278554], [-0.015268953580180392, -0.052425484866805705, -0.04329657963683123], [-0.08582602384692298, -0.027198883676489052, -0.041043600435557326]]	0.4687155098542202	[[0.0, 0.0, 0.9842], [0.0, -1.0, 0.0], [0.9842, 0.0, 0.0]]
3	[[0.3802729664721569, 0.7767473726770865, -0.5020517802076895], [0.4287143634067757, 0.332951791095048, 0.839849450446521], [0.8195098935212374, -0.5346088512602871, -0.20639019011321075]]	0.5517185803440922	0.448281419655908	[[0.20980366120525498, 0.4285459577394056, -0.27699129543541057], [0.2365296799519075, 0.18369568950598258, 0.46336054650312064], [0.4521388350314752, -0.2949536364567115, -0.11386930268620793]]	0.7150861297373994	0.44322741684609357	[[0.2222661740361011, 0.4799661883448003, -0.3123730270200469], [0.3356864775905869, 0.2178353965731166, 0.48793015503944304], [0.6001117211230791, -0.30681621200172826, -0.05652645877037925]]	[[-0.0496617498022334, -0.07547508416655092, 0.0466372374164412], [0.02911878269920274, -0.02025381111017631, -0.11263453804244153], [0.014091563083469198, 0.07547516236934741, 0.09106030349344268]]	0.677637743277225	[[0.0, 0.6741166971191089, -0.674116697119109], [0.0, 0.7071067811865476, 0.7071067811865475], [0.9533449756879999, 0.0, 0.0]]
3	[[0.8592155572171323, 0.2624339665249735, -0.4391776855101157], [-0.4266000482917053, 0.8413623931712975, -0.33184593135155627], [0.2824199444684594, 0.4724804086637203, 0.8348660002631537]]	0.606577074188975	0.3934229258110251	[[0.5211804587944179, 0.15918642758252582, -0.2663951155258118], [-0.25876580914165803, 0.5103511387824796, -0.20129013412074243], [0.17130946360829094, 0.28659578389885065, 0.5064105757794758]]	0.8074352427109479	0.34645269357541697	[[0.5834666646087023, 0.2155076827622698, -0.29254654300806054], [-0.3242420047439244, 0.7526476678654286, -0.27291935017997204], [0.25097480786046056, 0.36054933806682826, 0.5649601790201106]]	[[-0.11029425737393513, 0.0036092493055810706, 0.06206099808503207], [0.020209908788990715, 0.07330201972729818, -0.004975250056487616], [0.022938991452157664, -0.020947995378730662, -0.10914005253348712]]	0.6350633327080392	[[0.9533449756879999, 0.0, 0.0], [0.0, 0.7071067811865476, -0.7071067811865475], [0.0, 0.6741166971191089, 0.674116697119109]]
3	[[0.8787972042104137, -0.3840163418041313, 0.28327887866788265], [-0.395223040501579, -0.9183905790867732, -0.018907472103605397], [0.2674214316928388, -0.09534250611366366, -0.9588511794847616]]	0.6932142621826779	0.3067857378173222	[[0.6091947555249222, -0.2662056050498419, 0.1963729588676926], [-0.27397424841889667, -0.6366414476771597, -0.01310692932404038], [0.18538035046278664, -0.06609278503023082, -0.6646893129295195]]	0.8440534325378996	0.28778340397940977	[[0.6205563168473378, -0.2699282837047312, 0.2438804399899461], [-0.3407725635668736, -0.8501610464360015, -0.02097067029912432], [0.21896096382849928, -0.08047416955200348, -0.723950256538225]]	[[-0.12119547987117138, 0.05420202774569309, 0.00477793008483262], [-0.007183199613450441, -0.07499032574734116, -0.005011753569461604], [-0.006757013526040723, 0.0, 0.0853713727989017]]	0.4742712309003241	[[0.6849387290379081, -0.684938729037908, 0.0], [-0.7071067811865475, -0.7071067811865476, 0.0], [0.0, 0.0, -0.96864964]]
3	[[0.5319609947059123, -0.8460851799387872, 0.03402011756955908], [-0.703274286200726, -0.4190807785627857, 0.5742617690636116], [-0.47161719485230363, -0.3294103357928521, -0.8179645788128509]]	0.5201581962855113	0.4798418037144887	[[0.2767038715004738, -0.44009814110086193, 0.017695842992402892], [-0.3658138842041501, -0.2179883018751464, 0.29870696599185503], [-0.2453155494116068, -0.17134548610381456, -0.4254709799407305]]	0.7218458972646621	0.4855465057938159	[[0.4969991377589499, -0.6165270850117484, 0.1112495902720373], [-0.4196281624881086, -0.23578970420530382, 0.2874786186984389], [-0.2970618046277289, -0.06401188027010264, -0.5108272802961331]]	[[0.11300527622565854, -0.00578396913650157, 0.08669230797998961], [0.08802749565761914, 0.0667220364227234, -0.12704988325607594], [0.043373132555875236, 0.17377161913854233, 0.07961709502774064]]	0.6541633448783026	[[0.6849387290379081, -0.684938729037908, 0.0], [-0.7071067811865475, -0.7071067811865476, 0.0], [0.0, 0.0, -0.96864964]]
3	[[0.22433838825039393, -0.7661379269479729, -0.6022499185961573], [-0.9416906372873723, -0.011392912655017143, -0.3362869982418849], [0.2507808429735371, 0.642575192824231, -0.724020780340167]]	0.5153718298246622	0.4846281701753378	[[0.11561768565252106, -0.3948459053092501, -0.31038264255865544], [-0.4853208268675453, -0.005871586242048761, -0.17331284563016322], [0.12924538192824306, 0.3311651529257591, -0.3731399143949917]]	0.7131151746680074	0.5111215166765495	[[0.2769230897458848, -0.40460934794210784, -0.387779885780127], [-0.6806728478091664, 0.01804935477117043, -0.03846425251069761], [0.3268343529268562, 0.3368008835772076, -0.48264494557444704]]	[[0.11694398082396583, 0.14173523365318105, 0.041693670113364945], [-0.009138964516754593, 0.02617381366913032, 0.2013471089791441], [0.1479987282863921, -0.12142923729097249, 0.03366525966109821]]	0.7440981941936552	[[1.9035769154166707e-16, -0.9533449756879999, 0.0], [-1.0, -1.7938038903913487e-16, 0.0], [0.0, 0.0, -0.9533449756879999]]
3	[[-0.3195682178843842, -0.5708200961323295, -0.7563336379995778], [0.910087742671785, 0.03735879733279218, -0.41272826520656647], [0.2638493031197415, -0.8202248094963509, 0.507557688474819]]	0.47430151862202513	0.5256984813779747	[[-0.15157169104589763, -0.2707408384555342, -0.35873019308812076], [0.43165599842851843, 0.017719334308835835, -0.1957576429657084], [0.12514412515705642, -0.38903387275558043, 0.24073538243189138]]	0.6739878170294127	0.5498975957847483	[[-0.25821985120376795, -0.2749890324505818, -0.48017455971755574], [0.5903917869377262, -0.03635616242485237, -0.07134031591102936], [0.28825179334000045, -0.4556383172006999, 0.31393526515537057]]	[[-0.04283476563989211, 0.10973675805816643, 0.029585097903693732], [-0.022996264050856207, -0.06153553668602529, 0.20683350658188088], [0.11042057750559406, 0.09718321162511157, -0.028152433316267354]]	0.9056998139410795	[[0.0, 0.0, -0.9533449756879999], [0.7071067811865475, 0.7071067811865476, 0.0], [0.674116697119109, -0.6741166971191089, 0.0]]
3	[[-0.5446221603179724, 0.8109226453022452, -0.2139887049042392], [-0.8354447797583356, -0.5021691245819775, 0.22328947644507607], [0.07361197229480154, 0.30038414347728, 0.9509735242804028]]	0.6231493216658163	0.3768506783341838	[[-0.33938092976631595, 0.5053258963435434, -0.1333469163052232], [-0.5206068477956542, -0.31292634934477603, 0.1391426857818644], [0.04587125060198843, 0.18718417524703423, 0.5925985065774837]]	0.788729965313941	0.3079888612676478	[[-0.4693884696788072, 0.5922860048305135, -0.1190849329003691], [-0.6691649618587311, -0.4340386292203763, 0.043994131580632444], [0.09059375316132776, 0.15580452656690813, 0.7447714906908751]]	[[-0.039828652062009216, -0.047312985071015626, 0.04969437089632666], [-0.010224629698225613, -0.037962793007101016, -0.13212096943086046], [0.03253378480655816, -0.08111744849878483, -0.005289824129283268]]	0.3891168781240536	[[-0.6849387290379081, 0.684938729037908, 0.0], [-0.7071067811865475, -0.7071067811865476, 0.0], [0.0, 0.0, 0.96864964]]
3	[[-0.8305561570912853, 0.32773595720904825, 0.4502950280316503], [-0.5100865793185324, -0.772219296347621, -0.37879947194723407], [0.22358030216652452, -0.5443036842615101, 0.808545204538665]]	0.5322135447217268	0.4677864552782731	[[-0.44203323645600834, 0.1744255155189957, 0.23965311303929393], [-0.27147498649409635, -0.41098556901168504, -0.20160220970375575], [0.11899246514600081, -0.28968579320591387, 0.4303187093752765]]	0.7585987066181512	0.4422917813139735	[[-0.5386639448295604, 0.1524326720652982, 0.2511710527324053], [-0.5529140538967067, -0.6003604645372478, -0.2920837305916486], [0.23490303994626788, -0.34118701092239656, 0.48646314249019323]]	[[0.09139488171363068, -0.0961874011857475, -0.09042217312898877], [-0.16596303456239092, -0.014555905102363691, -0.0047269411048382216], [0.06529531189744699, 0.07172105996587962, -0.1268982039151465]]	0.68043029373938	[[-0.674116697119109, 0.6741166971191089, 0.0], [-0.7071067811865475, -0.7071067811865476, 0.0], [0.0, 0.0, 0.9533449756879999]]
