3	[[-0.5446221603179724, 0.8109226453022452, -0.2139887049042392], [-0.8354447797583356, -0.5021691245819775, 0.22328947644507607], [0.07361197229480154, 0.30038414347728, 0.9509735242804028]]	0.5212099580722094	0.4787900419277907	[[-0.28386249334452646, 0.42266095795778835, -0.11153304391106494], [-0.43544213862948833, -0.2617355483685305, 0.1163806986559037], [0.038367292993386155, 0.15656320682734964, 0.49565687071797]]	0.7316926616092707	0.38183549042529574	[[-0.46129091362278596, 0.53105769170973, -0.07865578041350203], [-0.6809094363133567, -0.46837418137274434, 0.037919549711672634], [0.0945661983661113, 0.08002213118621943, 0.6932909889992963]]	[[-0.06279487556833782, -0.0622884569907002, 0.07791818463220156], [-0.06962062178440911, -0.10094071802935978, -0.12545972161776567], [0.04070485843142006, -0.13976674225989263, -0.0025293601013799943]]	0.4414897567492359	[[-0.5891640853746712, 0.5891640853746712, 0.0], [-0.7071067811865475, -0.7071067811865476, 0.0], [0.0, 0.0, 0.8332038400000001]]
3	[[0.3802729664721569, 0.7767473726770865, -0.5020517802076895], [0.4287143634067757, 0.332951791095048, 0.839849450446521], [0.8195098935212374, -0.5346088512602871, -0.20639019011321075]]	0.48594886406882926	0.5140511359311712	[[0.18479321609322866, 0.3774595034208777, -0.2439714922956602], [0.20833325790751395, 0.16179754467232066, 0.4081238864333173], [0.39823990184981245, -0.2597925639910782, -0.10029507844046447]]	0.6416020436674751	0.5287413477717657	[[0.11920659842000675, 0.4051436089650364, -0.23218579102185977], [0.3011733369922876, 0.13954671504828037, 0.4691806871927853], [0.5526610776149457, -0.263895541626205, -0.09368580818751938]]	[[-0.12477731402002236, -0.0932190927579242, 0.08993165718628779], [0.026109325280899764, -0.07407583456104855, -0.06966843658670845], [0.02686185512600476, 0.07911058990511637, 0.03873455958203535]]	0.7323900005695902	[[0.0, 0.5377889771299998, -0.53778897713], [0.0, 0.7071067811865476, 0.7071067811865475], [0.7605484651520001, 0.0, 0.0]]
3	[[-0.42203838922340475, -0.825029846081567, 0.3757783270710803], [0.2588054115689476, 0.28760896992378115, 0.9221175843470338], [-0.8688517462515349, 0.4864224845687207, 0.09214016247897017]]	0.3986845423523889	0.6013154576476113	[[-0.16826018206267251, -0.32892664661209153, 0.14981701035428002], [0.10318171706968754, 0.11466525055050464, 0.3676340271104875], [-0.34639776082636703, 0.19392912565019235, 0.03673485851020299]]	0.591618363327996	0.647018285799131	[[-0.08737170654104096, -0.3257888526826316, 0.27848407612309134], [0.1590224435465122, 0.081372385429518, 0.6171097629605758], [-0.43282491949061963, 0.16697463246019698, -0.027910094443128232]]	[[0.1623139545528935, 0.1623139545528935, 0.056166717287166476], [0.00590840953366302, -0.08878236263524017, 0.07156806691321853], [0.0812037286013847, -0.12080184174628696, -0.08242190656571217]]	0.7088287616324925	[[0.0, -0.5377889771299998, 0.53778897713], [0.0, 0.7071067811865476, 0.7071067811865475], [-0.7605484651520001, 0.0, 0.0]]
3	[[-0.30792515101507295, 0.09349718223056193, 0.9468053539599837], [0.3027085282091916, -0.9338174967034747, 0.1906631317268273], [0.9019698710720718, 0.34531602882779927, 0.2592434992682147]]	0.589304104167185	0.41069589583281507	[[-0.18146155526948277, 0.05509827321653736, 0.5579562809360827], [0.17838737804008475, -0.5503024833504844, 0.11235856603998796], [0.5315345468579188, 0.20349615302293614, 0.15277325809742157]]	0.7937546342175289	0.30901129237059705	[[-0.17561797474740798, 0.07005690563287541, 0.7191323312348705], [0.2610752180747338, -0.8379001688918666, 0.13026839264491008], [0.6608195878980893, 0.2398548419067431, 0.10556106911453259]]	[[0.0687990408629386, -0.004156916048913927, -0.03239880617283418], [0.02079892099152035, -0.09667820337007155, -0.021071351737686244], [-0.05512317718995496, -0.03424135624491635, -0.10021465982038141]]	0.48437041720863394	[[0.0, 0.0, 0.9128000000000001], [0.0, -1.0, 0.0], [0.9128000000000001, 0.0, 0.0]]
3	[[0.8592155572171323, 0.2624339665249735, -0.4391776855101157], [-0.4266000482917053, 0.8413623931712975, -0.33184593135155627], [0.2824199444684594, 0.4724804086637203, 0.8348660002631537]]	0.4925300547030272	0.5074699452969729	[[0.4231894853978462, 0.12925661588847762, -0.21630820946864615], [-0.21011334512142762, 0.41439626553372905, -0.16344409472155902], [0.13910031069827622, 0.23271080152525078, 0.4111965967793086]]	0.7363362663937557	0.4634629384715199	[[0.45458500480598685, 0.18207290093287717, -0.28403644012359364], [-0.35114789212150865, 0.7496032178733665, -0.25336341526319084], [0.23625228714925428, 0.3080563067812493, 0.4501851224439765]]	[[-0.17808657062270677, -0.011166746153025733, 0.039346017108376], [-0.03702680531899849, 0.1300775746014982, -0.009013221153827284], [0.028296239684217045, -0.03984815327839044, -0.16455699112888234]]	0.6896375635424947	[[0.6454470698670807, 0.6454470698670806, 0.0], [-0.7071067811865475, 0.7071067811865476, 0.0], [0.0, 0.0, 0.9128000000000001]]
3	[[0.04673222253661188, -0.9725397674033924, -0.22799671093185395], [-0.8377629715199755, -0.16246744520517667, 0.5213036857710898], [-0.5440306084466285, 0.16664552219444034, -0.8223502702654952]]	0.4976478528215738	0.5023521471784261	[[0.023256190202924857, -0.4839823270318912, -0.1134620736456182], [-0.41691094395033707, -0.08085157525976282, 0.2594256598919552], [-0.27073566416267897, 0.08293078630239316, -0.4092408462648646]]	0.6908345631996798	0.4795083095868745	[[-1.0200613370085223e-16, -0.6874177989867858, -0.10137372473923732], [-0.671705718061303, -0.13329028902711293, 0.23213911298362094], [-0.24968371224665403, 0.0, -0.5108647529053462]]	[[-0.032284234543430504, -0.015553713578345157, 0.056134283468333664], [-0.09295010156643495, -0.021052162484626928, -0.12799549107043304], [0.12615143550682867, -0.11512448653437876, 0.057243236850655924]]	0.689075016160255	[[1.5186134486879963e-16, -0.7605484651520001, 0.0], [-1.0, -1.7938038903913487e-16, 0.0], [0.0, 0.0, -0.7605484651520001]]
3	[[0.5319609947059123, -0.8460851799387872, 0.03402011756955908], [-0.703274286200726, -0.4190807785627857, 0.5742617690636116], [-0.47161719485230363, -0.3294103357928521, -0.8179645788128509]]	0.4548685232379312	0.5451314767620689	[[0.24197231208205924, -0.3848575163322554, 0.01547468063924616], [-0.3198973359953344, -0.19062665486225683, 0.2612136028459669], [-0.214523816956083, -0.14983839298140567, -0.37206634002553796]]	0.6584432146092649	0.5561273485189926	[[0.392458146164343, -0.529040415336949, 0.09237855369590864], [-0.40609451798415175, -0.23433417541254675, 0.3010122632023957], [-0.2696635198854068, -0.03825351122090735, -0.4402590993066942]]	[[0.042192038763439965, 0.028058630375204393, 0.06997823812202304], [0.05697166377389046, 0.04160671960528736, -0.07710650204705206], [0.0408696219581479, 0.1786444892040555, 0.09832412740335275]]	0.7047793279513392	[[0.5891640853746712, -0.5891640853746712, 0.0], [-0.7071067811865475, -0.7071067811865476, 0.0], [0.0, 0.0, -0.8332038400000001]]
3	[[0.8489524140446696, -0.5135124485683378, 0.12483895166604869], [0.522794976890395, 0.7815435453534784, -0.34040431673891397], [0.0772347773085365, 0.35425224329800037, 0.9319550081910795]]	0.6596007974309901	0.34039920256900996	[[0.559969689284828, -0.33871322056641595, 0.08234387206937455], [0.3448359836498206, 0.5155067457421975, -0.22453095876993898], [0.05094412070211563, 0.2336650621710782, 0.6147182665726413]]	0.8190868805083799	0.2725633429527145	[[0.6491877674357491, -0.40184876888301724, 0.05065329556557892], [0.47651905840321296, 0.6256392203131892, -0.2643326913905353], [0.02614273959804252, 0.2255483786941053, 0.7170523225077783]]	[[-0.046178017084157724, 0.018762540717042406, -0.051600651920501284], [0.04830455163660874, -0.014512844231850733, 0.014488018518728173], [-0.037119253214366044, -0.06461498618194941, -0.04629979792561459]]	0.45732501716815377	[[0.6454470698670807, -0.6454470698670806, 0.0], [0.7071067811865475, 0.7071067811865476, 0.0], [0.0, 0.0, 0.9128000000000001]]
3	[[0.034229894132735264, 0.2773841392786001, 0.9601491309293217], [-0.1827544195208179, -0.9427759796974285, 0.2788803941677556], [0.9825625356654255, -0.18501754344446375, 0.018422055382213542]]	0.7486962293933452	0.2513037706066548	[[0.02562779266971229, 0.20767645917140642, 0.7188600339820804], [-0.1368275448002059, -0.7058528211620818, 0.20879669956512859], [0.7356408655958684, -0.13852193714848943, 0.013792523402338662]]	0.8663042625960954	0.20573088594456704	[[0.009225968570795523, 0.20962135766193327, 0.7760046381859628], [-0.16863578902777637, -0.8234195161464761, 0.25766720994180436], [0.8049974044988601, -0.14344814932667374, 0.0]]	[[-0.020427534624606114, -0.030677704571667002, -0.05577664666604527], [-0.010314856388616747, -0.006688666261383973, 0.016071935719798345], [-0.04620070841532587, 0.016833337214323445, -0.01595910510339293]]	0.37737650042188137	[[0.0, 0.0, 0.9128000000000001], [0.0, -1.0, 0.0], [0.9128000000000001, 0.0, 0.0]]
3	[[-0.3195682178843842, -0.5708200961323295, -0.7563336379995778], [0.910087742671785, 0.03735879733279218, -0.41272826520656647], [0.2638493031197415, -0.8202248094963509, 0.507557688474819]]	0.40182781186317384	0.598172188136826	[[-0.12841139773349608, -0.22937139019638053, -0.30391589079588416], [0.3656985662412987, 0.015011803786075702, -0.1658456957020383], [0.106021988134229, -0.32958914043580734, 0.203950795354167]]	0.6082231172145504	0.6117787174097529	[[-0.26198365048776334, -0.26198365048776334, -0.3577146060387806], [0.610470655615861, -0.09662615796045121, -0.056608131744118696], [0.211357677340148, -0.3264388806405176, 0.327447603926696]]	[[-0.06761487284342454, 0.08520232775055135, 0.10230499691954391], [0.056934251829274356, -0.11934864212958878, 0.19442274028237277], [0.05087843172177199, 0.17244080980806362, 0.01873928447632993]]	0.9425507348961967	[[-1.5186134486879963e-16, -0.7605484651520001, 0.0], [1.0, -1.7938038903913487e-16, 0.0], [0.0, 0.0, 0.7605484651520001]]
3	[[0.8787972042104137, -0.3840163418041313, 0.28327887866788265], [-0.395223040501579, -0.9183905790867732, -0.018907472103605397], [0.2674214316928388, -0.09534250611366366, -0.9588511794847616]]	0.5687098032479689	0.4312901967520311	[[0.4997805851013697, -0.21839385819143234, 0.1611034753515168], [-0.22476721760271706, -0.522297725537227, -0.010752864739957894], [0.15208518980232447, -0.05422221789306993, -0.5453080656288618]]	0.7905222107564602	0.36821582303477807	[[0.5505388435030338, -0.23274171867502785, 0.22423038893853703], [-0.3455306954020529, -0.8468271517726015, -0.024261272175847958], [0.20138411533976866, -0.07537036871203473, -0.6385704645854366]]	[[-0.14416986517597885, 0.07083172881458255, 0.00029214351339140136], [-0.03309810368285461, -0.12081900085501993, -0.00931449552868972], [-0.010018466045712006, 0.0, 0.11942268960729657]]	0.5137170074174945	[[0.9128000000000001, 0.0, 0.0], [0.0, -1.0, 0.0], [0.0, 0.0, -0.9128000000000001]]
3	[[0.08740825448676931, -0.06334395238859675, -0.994156597696443], [0.7119981850616444, -0.6940087028176986, 0.10681996481098455], [-0.6967197295301035, -0.717174639895393, -0.015561310176609944]]	0.612079500999238	0.3879204990007618	[[0.05350080078947617, -0.03877153476933179, -0.6085028742331392], [0.4357994938248945, -0.42478850050978556, 0.06538231075826362], [-0.42644786438710985, -0.43896789571648037, -0.009524758967793777]]	0.8133235648833786	0.3002269047612338	[[0.03619268740076069, -0.028461066010252764, -0.7125668182101969], [0.6360354909566832, -0.6398077309272637, 0.0710712902298642], [-0.5239858419805997, -0.5093279111197471, 0.025592094690442806]]	[[-0.0348985057386521, 0.02305806316024376, 0.09600416988060513], [0.056950588891851096, -0.07535409869148382, -0.015807904350922802], [0.042672732165407436, 0.07396712364392741, 0.038248474957539205]]	0.2767583184582719	[[0.0, 0.0, -0.7605484651520001], [0.7071067811865475, -0.7071067811865476, 0.0], [-0.53778897713, -0.5377889771299998, 0.0]]
3	[[0.22433838825039393, -0.7661379269479729, -0.6022499185961573], [-0.9416906372873723, -0.011392912655017143, -0.3362869982418849], [0.2507808429735371, 0.642575192824231, -0.724020780340167]]	0.4177238631780038	0.5822761368219963	[[0.09371149819908145, -0.3200340945718945, -0.25157416259462506], [-0.39336665092623746, -0.0047590914871033785, -0.14047510404213473], [0.10475714253794227, 0.2684189919288885, -0.3024407573848475]]	0.6374318376069582	0.5728410340787459	[[0.25843308094807865, -0.3855810810229716, -0.25342002151801557], [-0.6867495271213058, -0.048344410643272266, -0.04060844555864376], [0.23191848104548704, 0.23191848104548698, -0.46174287717569473]]	[[0.11543264987984686, 0.10277962561186016, 0.1304732507913738], [-0.08648593373794858, -0.04108220539388924, 0.17375159369400883], [0.07206278747224326, -0.1776794049171081, -0.00022898069783820751]]	0.7327694646974453	[[1.5186134486879963e-16, -0.7605484651520001, 0.0], [-1.0, -1.7938038903913487e-16, 0.0], [0.0, 0.0, -0.7605484651520001]]
3	[[-0.8305561570912853, 0.32773595720904825, 0.4502950280316503], [-0.5100865793185324, -0.772219296347621, -0.37879947194723407], [0.22358030216652452, -0.5443036842615101, 0.808545204538665]]	0.44976607570610366	0.5502339242938963	[[-0.37355598342848956, 0.14740451534169707, 0.20252742766776535], [-0.22941963905044654, -0.3473180425027983, -0.17037115197725175], [0.10055883511062261, -0.24480933206267347, 0.36365620367634427]]	0.6799251618813414	0.5339400793003861	[[-0.43147954771368047, 0.1026644169802049, 0.24679033097625272], [-0.5431989533083196, -0.5945544703263179, -0.2697022268852798], [0.19961158542546698, -0.30532264134609205, 0.38904038685304854]]	[[0.13323648184815642, -0.12017150677949363, -0.059376588852530374], [-0.19637825329166655, -0.06950314024926621, -0.012146934600989968], [0.04759371228141355, 0.06476312928802577, -0.16070984223128562]]	0.6876546451337976	[[-0.5891640853746712, 0.5891640853746712, 0.0], [-0.7071067811865475, -0.7071067811865476, 0.0], [0.0, 0.0, 0.8332038400000001]]
