3	[[0.08740825448676931, -0.06334395238859675, -0.994156597696443], [0.7119981850616444, -0.6940087028176986, 0.10681996481098455], [-0.6967197295301035, -0.717174639895393, -0.015561310176609944]]	0.6441704805653561	0.3558295194346438	[[0.05630581729812112, -0.0408043042510714, -0.6404063332953371], [0.4586482130328208, -0.4470599196106163, 0.06881026806626635], [-0.44880628299077174, -0.46198273243070154, -0.010024136654693407]]	0.8288578911529849	0.275205966906276	[[0.03771228576533467, -0.029486785337317068, -0.7384507571091644], [0.6358801882654701, -0.6394573763445779, 0.0712265929210773], [-0.5430138437916392, -0.5279798450555343, 0.026666612998713056]]	[[-0.03473673571793237, 0.023016349456790316, 0.08556378393333579], [0.045734874090522876, -0.06422278648528172, -0.0173119778451914], [0.03446780195136027, 0.06645601455656232, 0.03956472773527546]]	0.25308099784817184	[[0.0, 0.0, -0.7883768692719999], [0.7071067811865475, -0.7071067811865476, 0.0], [-0.5574666303928515, -0.5574666303928514, 0.0]]
3	[[-0.42203838922340475, -0.825029846081567, 0.3757783270710803], [0.2588054115689476, 0.28760896992378115, 0.9221175843470338], [-0.8688517462515349, 0.4864224845687207, 0.09214016247897017]]	0.4082758432323787	0.5917241567676212	[[-0.17230807923662045, -0.3368397561008314, 0.15342121335339784], [0.10566399764141488, 0.11742379471682753, 0.3764783343086893], [-0.35473117934477016, 0.19859455005448318, 0.03761860253166992]]	0.6025134587806052	0.6381601433291939	[[-0.09294306721704382, -0.3357508437476901, 0.2905228354029684], [0.15413866765776812, 0.08395559418673229, 0.6228299492294218], [-0.4461968772776691, 0.1703326909805696, -0.028626519528524196]]	[[0.16134074241214513, 0.16134074241214513, 0.06411133582458234], [-0.001795076017776509, -0.08933268105837217, 0.06724169408207388], [0.07729799352391192, -0.12274340262558583, -0.08414220751633546]]	0.6999440257782918	[[0.0, -0.5574666303928514, 0.5574666303928515], [0.0, 0.7071067811865476, 0.7071067811865475], [-0.7883768692719999, 0.0, 0.0]]
3	[[-0.30792515101507295, 0.09349718223056193, 0.9468053539599837], [0.3027085282091916, -0.9338174967034747, 0.1906631317268273], [0.9019698710720718, 0.34531602882779927, 0.2592434992682147]]	0.6105380063259032	0.38946199367409673	[[-0.1880000077983453, 0.05708358323613694, 0.5780606531854197], [0.1848150613106882, -0.5701310727095853, 0.1164070883243502], [0.5506868868503748, 0.21082855979290266, 0.15827800919616652]]	0.8029887011830441	0.2961783132996068	[[-0.17845931351631208, 0.07399439084661989, 0.7339281487930482], [0.2610193262936916, -0.8369023179904362, 0.13273330960541155], [0.674837383387549, 0.24730159832778859, 0.10446492266969222]]	[[0.068801103558874, -0.0010827900769734278, -0.026345852656431357], [0.017947798389962067, -0.0870574191705115, -0.02036703090340515], [-0.04943423189085173, -0.02998327115833257, -0.10370467809783898]]	0.4814975371167276	[[0.0, 0.0, 0.9238], [0.0, -1.0, 0.0], [0.9238, 0.0, 0.0]]
3	[[-0.8305561570912853, 0.32773595720904825, 0.4502950280316503], [-0.5100865793185324, -0.772219296347621, -0.37879947194723407], [0.22358030216652452, -0.5443036842615101, 0.808545204538665]]	0.4619644338305039	0.5380355661694961	[[-0.3836874048751146, 0.15140235591797618, 0.20802028768133218], [-0.2356418578194242, -0.35673785003021885, -0.1749918835933978], [0.10328614770601145, -0.2514489433317259, 0.3735191276410733]]	0.6921667255756251	0.520671253358238	[[-0.4466615430635564, 0.11041519926286986, 0.24732391992309238], [-0.5445384973465969, -0.5961708637393122, -0.27276617776306256], [0.20536293413553797, -0.31058935087152745, 0.40332347735307394]]	[[0.1282217925969929, -0.11643272509191026, -0.0643553151725593], [-0.1914735399796169, -0.06166636196006615, -0.010573787615569728], [0.05060808848172591, 0.06615954798251092, -0.15632460935232778]]	0.6852510207230065	[[-0.6034494808322705, 0.6034494808322703, 0.0], [-0.7071067811865475, -0.7071067811865476, 0.0], [0.0, 0.0, 0.8534064399999999]]
3	[[0.04673222253661188, -0.9725397674033924, -0.22799671093185395], [-0.8377629715199755, -0.16246744520517667, 0.5213036857710898], [-0.5440306084466285, 0.16664552219444034, -0.8223502702654952]]	0.5084315792238415	0.49156842077615837	[[0.023760137704929574, -0.49446992979889437, -0.11592072779692418], [-0.42594515062515936, -0.0826035797381309, 0.26504725621180447], [-0.27660234139862677, 0.08472784601990105, -0.4181088465862386]]	0.703280135918518	0.46193316825880637	[[-1.0553411190381186e-16, -0.7122705059733023, -0.0998579539099859], [-0.6704071518520694, -0.12666271399133805, 0.23305733795598974], [-0.2598433777573072, 0.0, -0.5285334915146928]]	[[-0.032865843817322826, -0.028302606167680523, 0.060487603943143405], [-0.08122509537399943, -0.012402587045107112, -0.13356518902792666], [0.12276254249487187, -0.11719848549911842, 0.04980911833025481]]	0.6777331670056006	[[1.574179386545369e-16, -0.7883768692719999, 0.0], [-1.0, -1.7938038903913487e-16, 0.0], [0.0, 0.0, -0.7883768692719999]]
3	[[0.8787972042104137, -0.3840163418041313, 0.28327887866788265], [-0.395223040501579, -0.9183905790867732, -0.018907472103605397], [0.2674214316928388, -0.09534250611366366, -0.9588511794847616]]	0.5860604923259153	0.413939507674085	[[0.515028322154193, -0.22505680633892614, 0.1660185590976325], [-0.23162460969490054, -0.5382324349270766, -0.01108092240967748], [0.15672513591640622, -0.055876476072560306, -0.561944794316124]]	0.799100386521452	0.3568455292577093	[[0.5600566336172383, -0.2382606443338067, 0.22837150065144524], [-0.3454938795419824, -0.8473775404524432, -0.022969332220468403], [0.2049327882152998, -0.07618823348735253, -0.6506279367124894]]	[[-0.14219055194127467, 0.06860696283242863, 0.0020032392145767314], [-0.029670995114987088, -0.11349127372654248, -0.007860363954333757], [-0.008763781214567737, 0.0, 0.11559041143033372]]	0.5071607936685677	[[0.6034494808322705, -0.6034494808322703, 0.0], [-0.7071067811865475, -0.7071067811865476, 0.0], [0.0, 0.0, -0.8534064399999999]]
3	[[0.22433838825039393, -0.7661379269479729, -0.6022499185961573], [-0.9416906372873723, -0.011392912655017143, -0.3362869982418849], [0.2507808429735371, 0.642575192824231, -0.724020780340167]]	0.4322350998072047	0.5677649001927955	[[0.09696692563599647, -0.331151703320442, -0.2603135536732909], [-0.40703174659541763, -0.00492441673853616, -0.1453550442489464], [0.10839628269240176, 0.2777435526040153, -0.31294719425282236]]	0.6501578162295625	0.5625631903260141	[[0.27016081845249273, -0.3895309005877378, -0.26861466188590366], [-0.682530811220309, -0.049269487245180474, -0.040374541216311934], [0.24427706279357822, 0.24427706279357816, -0.46960482121016656]]	[[0.12430546185115685, 0.1085796609274002, 0.12294283001300571], [-0.07028328291772598, -0.04186229603290043, 0.17826507918702666], [0.08122993757369457, -0.17349822133631393, 0.0011229482406202862]]	0.7315774560416912	[[-1.574179386545369e-16, -0.7883768692719999, 0.0], [-1.0, 1.7938038903913487e-16, 0.0], [0.0, 0.0, -0.7883768692719999]]
3	[[0.8489524140446696, -0.5135124485683378, 0.12483895166604869], [0.522794976890395, 0.7815435453534784, -0.34040431673891397], [0.0772347773085365, 0.35425224329800037, 0.9319550081910795]]	0.6824497700891805	0.31755022991081955	[[0.5793673797814395, -0.3504464524633943, 0.08519631386266924], [0.35678131178262845, 0.5333642128411646, -0.23230884769583637], [0.0527088560170998, 0.24175936199229678, 0.6360124810734625]]	0.8302289472516815	0.25551957266551906	[[0.665633017620009, -0.41263975445412715, 0.05034421361781827], [0.4769456737595425, 0.624479054607031, -0.2643866324042966], [0.029543053553158605, 0.2292374655969261, 0.7329109355492798]]	[[-0.03919185135907051, 0.013693145121397141, -0.05330069779988887], [0.04290615046736275, -0.02438102028313416, 0.01822688512177989], [-0.03457949430292571, -0.06487300141791921, -0.04082508978713224]]	0.4531002501937494	[[0.6532252444601326, -0.6532252444601325, 0.0], [0.7071067811865475, 0.7071067811865476, 0.0], [0.0, 0.0, 0.9238]]
3	[[0.034229894132735264, 0.2773841392786001, 0.9601491309293217], [-0.1827544195208179, -0.9427759796974285, 0.2788803941677556], [0.9825625356654255, -0.18501754344446375, 0.018422055382213542]]	0.7732894945315079	0.22671050546849217	[[0.026469617531769876, 0.214498240853806, 0.7424732361312018], [-0.14132207269465236, -0.7290387607966715, 0.2156552790407314], [0.7598052865503135, -0.14307212264963065, 0.01424558189474335]]	0.8761023308825215	0.190617227211166	[[0.009199836254081705, 0.2142934147336524, 0.7908179711412973], [-0.16792193715453843, -0.8240634845528858, 0.2568263845545482], [0.8205363876540597, -0.14635750748434104, 0.0]]	[[-0.020789053781469606, -0.02872347623817117, -0.050370920460708964], [-0.007810364233267673, 0.0019047487600841947, 0.012498621186741127], [-0.04028894008026021, 0.015736793581511838, -0.01613960566000418]]	0.3721486418775671	[[0.0, 0.0, 0.9238], [0.0, -1.0, 0.0], [0.9238, 0.0, 0.0]]
3	[[0.8592155572171323, 0.2624339665249735, -0.4391776855101157], [-0.4266000482917053, 0.8413623931712975, -0.33184593135155627], [0.2824199444684594, 0.4724804086637203, 0.8348660002631537]]	0.5087223650617356	0.4912776349382645	[[0.4371021703653365, 0.13350602812311688, -0.2234195108550452], [-0.21702098550240695, 0.4280198665281042, -0.16881744703327806], [0.14367334209059868, 0.24036135094074315, 0.42471500616350316]]	0.7473396257113967	0.44653973752461823	[[0.47064215507698404, 0.19115320241950357, -0.2876007889686222], [-0.35404876248532313, 0.7495140801808365, -0.25067774232560086], [0.23955513021904573, 0.3136210146572073, 0.46795998504354186]]	[[-0.1714836778590767, -0.004974099897227366, 0.040614098141305205], [-0.035233642066536335, 0.12073062418055377, -0.002676128195479004], [0.028491514626553808, -0.0394823171095051, -0.15596845911229415]]	0.6891166639049232	[[0.6532252444601326, 0.6532252444601325, 0.0], [-0.7071067811865475, 0.7071067811865476, 0.0], [0.0, 0.0, 0.9238]]
3	[[-0.5446221603179724, 0.8109226453022452, -0.2139887049042392], [-0.8354447797583356, -0.5021691245819775, 0.22328947644507607], [0.07361197229480154, 0.30038414347728, 0.9509735242804028]]	0.5384215576417964	0.4615784423582037	[[-0.29323631188464283, 0.4366182338106408, -0.1152161318122912], [-0.44982147964119057, -0.2703786822570456, 0.12022386771257906], [0.039634272784051794, 0.16173329842193393, 0.5120246462191631]]	0.7416236224262207	0.3697984969200059	[[-0.4697820179789825, 0.5417921857378315, -0.08525683613045976], [-0.6798332149568579, -0.46201219895085754, 0.039470766137773824], [0.10164298288423496, 0.08500592263755312, 0.705264429908262]]	[[-0.06587735859037391, -0.05960720397867295, 0.07344224235891773], [-0.06024763105540507, -0.08959171370776732, -0.1261259842330778], [0.04705060533702564, -0.1377660539674649, 0.0]]	0.4323587583293345	[[-0.6034494808322705, 0.6034494808322703, 0.0], [-0.7071067811865475, -0.7071067811865476, 0.0], [0.0, 0.0, 0.8534064399999999]]
3	[[0.3802729664721569, 0.7767473726770865, -0.5020517802076895], [0.4287143634067757, 0.332951791095048, 0.839849450446521], [0.8195098935212374, -0.5346088512602871, -0.20639019011321075]]	0.501989819913195	0.49801018008680525	[[0.1908931579572145, 0.389919273728218, -0.252024882733557], [0.2152102460807673, 0.1671384096515789, 0.42159587438384494], [0.4113856238658076, -0.2683682009681516, -0.10360577436678077]]	0.6534881941539102	0.5147117304524229	[[0.1244100327774644, 0.4110907240888266, -0.2458811908166793], [0.3024657919697117, 0.15228379815982562, 0.46704529933969163], [0.5705226590638605, -0.27937444940542494, -0.08809731102232185]]	[[-0.12409386136797587, -0.09650451379571687, 0.08220372040299953], [0.022306016819174615, -0.06529626654318726, -0.08178640139375941], [0.0349826186554038, 0.06998612338335647, 0.04677624160584244]]	0.7229361747588449	[[0.0, 0.5574666303928514, -0.5574666303928515], [0.0, 0.7071067811865476, 0.7071067811865475], [0.7883768692719999, 0.0, 0.0]]
3	[[0.5319609947059123, -0.8460851799387872, 0.03402011756955908], [-0.703274286200726, -0.4190807785627857, 0.5742617690636116], [-0.47161719485230363, -0.3294103357928521, -0.8179645788128509]]	0.4650443961845853	0.5349556038154146	[[0.24738547957676238, -0.3934671716253596, 0.015820865033264214], [-0.3270537657783619, -0.19489116761929665, 0.26705721764607904], [-0.2193229336103574, -0.1531904307057484, -0.380389843654401]]	0.6687058496396913	0.545329307950052	[[0.40351347547073896, -0.5433287528380377, 0.09581109201949728], [-0.405680980754334, -0.23275577845715256, 0.3014258004322134], [-0.278766936651354, -0.04051913758578193, -0.44909681685367636]]	[[0.04778804653074663, 0.02245335628048007, 0.07306164039530305], [0.06460264832926979, 0.04748598963933824, -0.08258640376506116], [0.03660624033704356, 0.17975948089067323, 0.09788088179654314]]	0.6967868049651688	[[0.6034494808322705, -0.6034494808322703, 0.0], [-0.7071067811865475, -0.7071067811865476, 0.0], [0.0, 0.0, -0.8534064399999999]]
3	[[-0.3195682178843842, -0.5708200961323295, -0.7563336379995778], [0.910087742671785, 0.03735879733279218, -0.41272826520656647], [0.2638493031197415, -0.8202248094963509, 0.507557688474819]]	0.41243667674232193	0.587563323257678	[[-0.13180165377670167, -0.23542714346655072, -0.31193973216497617], [0.3753535641314725, 0.01540813821902675, -0.17022427409941995], [0.10882112973948371, -0.33829079461027906, 0.20933540628956904]]	0.6190442341096405	0.6024413846409682	[[-0.2681942353147619, -0.2681942353147619, -0.3709635989743002], [0.6097212817508364, -0.0968131438574136, -0.05704710479096211], [0.21883051072606918, -0.3390873515657107, 0.33430930705628714]]	[[-0.07036737262874057, 0.08516865390986739, 0.09724037869250647], [0.04633671211600965, -0.11993989193954921, 0.19844994803923735], [0.05549612095594648, 0.16866808742668357, 0.020108646527933368]]	0.9401321838945206	[[0.0, 0.0, -0.7883768692719999], [0.7071067811865475, 0.7071067811865476, 0.0], [0.5574666303928515, -0.5574666303928514, 0.0]]
