3	[[0.8489524140446696, -0.5135124485683378, 0.12483895166604869], [0.522794976890395, 0.7815435453534784, -0.34040431673891397], [0.0772347773085365, 0.35425224329800037, 0.9319550081910795]]	0.7463363003324666	0.2536636996675333	[[0.6336040038564151, -0.3832529810391592, 0.0931718413238224], [0.39018086888477477, 0.5832943181878344, -0.2540560983721222], [0.05764311795345507, 0.26439130864750654, 0.6955518528896439]]	0.8713992457868024	0.1988294756924357	[[0.7345896023202777, -0.4387285032222011, 0.05205368768244183], [0.4708421559891356, 0.6264385240791999, -0.269678511344275], [0.036770693604185355, 0.26125907714399693, 0.7928904953138548]]	[[-0.005186890987132259, 0.008745857162382558, -0.05673088064416807], [0.015279007425716643, -0.05459793189136458, 0.026949553524586396], [-0.030531633090985003, -0.047436060484163364, -0.01921439593108497]]	0.4366541735489135	[[0.6857521563947139, -0.6857521563947138, 0.0], [0.7071067811865475, 0.7071067811865476, 0.0], [0.0, 0.0, 0.9698]]
3	[[0.3802729664721569, 0.7767473726770865, -0.5020517802076895], [0.4287143634067757, 0.332951791095048, 0.839849450446521], [0.8195098935212374, -0.5346088512602871, -0.20639019011321075]]	0.5412321660037034	0.4587678339962968	[[0.2058159613163792, 0.4204006629517053, -0.27172657244782294], [0.23203400350354805, 0.18020421906918543, 0.4545535371821905], [0.4435451147319636, -0.2893475065323569, -0.11170500963688919]]	0.7011781582833192	0.4502778295773519	[[0.2072140502939922, 0.46514992673175154, -0.3005224060748337], [0.33579839909272063, 0.21583059740799526, 0.48962261373658644], [0.5809477401918292, -0.29064410746080327, -0.05861689155965126]]	[[-0.059425047981889176, -0.07948836549337494, 0.0515053365340557], [0.0351932513295521, -0.017627926269162902, -0.09926147716276301], [0.006325302357648964, 0.0842119422678458, 0.08609940183167397]]	0.6871268884348868	[[0.0, 0.6449581595451912, -0.6449581595451913], [0.0, 0.7071067811865476, 0.7071067811865475], [0.9121085763919999, 0.0, 0.0]]
3	[[0.034229894132735264, 0.2773841392786001, 0.9601491309293217], [-0.1827544195208179, -0.9427759796974285, 0.2788803941677556], [0.9825625356654255, -0.18501754344446375, 0.018422055382213542]]	0.8551660501486776	0.14483394985132259	[[0.02927224336249861, 0.2372094987607711, 0.8210869398505134], [-0.15628537508883222, -0.8062300107329001, 0.23848904514434588], [0.8402541226490711, -0.15822072183561342, 0.015753916336827743]]	0.9147725713541657	0.13060571911236055	[[0.009052903975346286, 0.23445549917768901, 0.8536304282826221], [-0.1651647155026082, -0.8265022658376397, 0.2536958673531639], [0.8865181596444488, -0.15880732769373412, 0.0]]	[[-0.02225966429763681, -0.019287903163058034, -0.024687661101060937], [0.002014014768788335, 0.035923341321119524, -0.0014162679199371778], [-0.01230309762248164, 0.010441646268589004, -0.016851990971616326]]	0.35126263653763	[[0.0, 0.0, 0.9698], [0.0, -1.0, 0.0], [0.9698, 0.0, 0.0]]
3	[[-0.30792515101507295, 0.09349718223056193, 0.9468053539599837], [0.3027085282091916, -0.9338174967034747, 0.1906631317268273], [0.9019698710720718, 0.34531602882779927, 0.2592434992682147]]	0.6968876612992684	0.3031123387007316	[[-0.21458923834611823, 0.06515703266272782, 0.6598169688267992], [0.21095383827904715, -0.6507658913580219, 0.13287078396510302], [0.6285716740138189, 0.24064647973895578, 0.18066359591206474]]	0.8419274779981513	0.27016099872870386	[[-0.24909834088171934, 0.07620114751004013, 0.735955578164281], [0.2445816883824632, -0.8497520384270247, 0.11814897816592523], [0.6732196461926516, 0.25922263409111523, 0.17289719337167925]]	[[0.010152304924600834, -0.0025166993252704207, -0.06118586565039487], [-0.01027693934123361, -0.06354542851692135, -0.04237555147607176], [-0.08617357258937527, -0.03150841917221067, -0.04536703215462432]]	0.47128152901690035	[[0.0, 0.0, 0.9698], [0.0, -1.0, 0.0], [0.9698, 0.0, 0.0]]
3	[[-0.42203838922340475, -0.825029846081567, 0.3757783270710803], [0.2588054115689476, 0.28760896992378115, 0.9221175843470338], [-0.8688517462515349, 0.4864224845687207, 0.09214016247897017]]	0.4489442181030545	0.5510557818969455	[[-0.18947169465937408, -0.3703923791607726, 0.168703507227], [0.11618919313766043, 0.12912038412185678, 0.4139793579037565], [-0.390065967868369, 0.21837656200244943, 0.04136579320000967]]	0.6472997754812957	0.6036755385663611	[[-0.11853503533387982, -0.3793913148790485, 0.3451759831910787], [0.1342443703295955, 0.094860013937775, 0.6465143262683154], [-0.5051143977747665, 0.18389022419507936, -0.031425945173745265]]	[[0.1546503192549178, 0.1546503192549178, 0.10193475644723157], [-0.03328031447232864, -0.09130920772029527, 0.049627820953125665], [0.05729314250038382, -0.13097094085530758, -0.09106825165919274]]	0.6678069345913766	[[0.0, -0.6449581595451912, 0.6449581595451913], [0.0, 0.7071067811865476, 0.7071067811865475], [-0.9121085763919999, 0.0, 0.0]]
3	[[-0.5446221603179724, 0.8109226453022452, -0.2139887049042392], [-0.8354447797583356, -0.5021691245819775, 0.22328947644507607], [0.07361197229480154, 0.30038414347728, 0.9509735242804028]]	0.602343706986809	0.39765629301319116	[[-0.32804973095309153, 0.48845415225090355, -0.12889474976532578], [-0.503224905622414, -0.3024784120350289, 0.13449701097307085], [0.04433970827066104, 0.18093449850216228, 0.5728129178613679]]	0.7785229122428419	0.32587892902741294	[[-0.4751617273936146, 0.5822871671233253, -0.11141965885720001], [-0.6739689932324905, -0.39547786957009007, 0.042484987363078666], [0.13950753261098187, 0.1318283185676856, 0.7403546775886181]]	[[-0.051160897070878855, -0.04903469230104763, 0.05517545087192242], [-0.023556090276951488, -0.004527700262090567, -0.13135098611212143], [0.08219892556409358, -0.10202761960381805, 0.0]]	0.3981628569554064	[[-0.6650424412715935, 0.6650424412715934, 0.0], [-0.7071067811865475, -0.7071067811865476, 0.0], [0.0, 0.0, 0.94051204]]
3	[[0.8787972042104137, -0.3840163418041313, 0.28327887866788265], [-0.395223040501579, -0.9183905790867732, -0.018907472103605397], [0.2674214316928388, -0.09534250611366366, -0.9588511794847616]]	0.6656524691642887	0.3343475308357114	[[0.5849735288773356, -0.2556214261213574, 0.18856528504736703], [-0.2630811927804937, -0.6113289566263316, -0.012585805491419844], [0.17800973631378728, -0.0634649746108715, -0.6382616551851221]]	0.8336380024287765	0.3049796162366898	[[0.6052317710759297, -0.262175496246132, 0.24092528610807673], [-0.34227143459168086, -0.8495300380277946, -0.020995188331381406], [0.21618227667990556, -0.079481136343148, -0.7056492621449884]]	[[-0.12736697478203324, 0.057955119835470276, 0.0047732475651193025], [-0.012798488594116995, -0.0839247502284898, -0.005233201055953986], [-0.00675039144315607, 0.0, 0.09368551974716458]]	0.48077244612794207	[[0.6650424412715935, -0.6650424412715934, 0.0], [-0.7071067811865475, -0.7071067811865476, 0.0], [0.0, 0.0, -0.94051204]]
3	[[0.8592155572171323, 0.2624339665249735, -0.4391776855101157], [-0.4266000482917053, 0.8413623931712975, -0.33184593135155627], [0.2824199444684594, 0.4724804086637203, 0.8348660002631537]]	0.5817000475061156	0.41829995249388446	[[0.49980573045119936, 0.15265785079479546, -0.2554696805248602], [-0.24815326835739612, 0.4894205440776027, -0.19303479403191143], [0.1642836951139774, 0.274841876165395, 0.4856415920143172]]	0.7929691364298347	0.36926048861985744	[[0.560539882956169, 0.20918284544785823, -0.28695957527466587], [-0.32421058828789934, 0.7528809946287981, -0.27238746599940616], [0.24596226046709424, 0.34742321726906145, 0.5442761608878989]]	[[-0.12079153545737958, 0.0010808096426938585, 0.06129477474354411], [0.014070083606900059, 0.0857065842912153, -0.009243884387808387], [0.022011960991378116, -0.02723916436902426, -0.11774681037540428]]	0.6478315015931213	[[0.9121085763919999, 0.0, 0.0], [0.0, 0.7071067811865476, -0.7071067811865475], [0.0, 0.6449581595451912, 0.6449581595451913]]
3	[[-0.8305561570912853, 0.32773595720904825, 0.4502950280316503], [-0.5100865793185324, -0.772219296347621, -0.37879947194723407], [0.22358030216652452, -0.5443036842615101, 0.808545204538665]]	0.5147909984245138	0.4852090015754861	[[-0.42756283335665013, 0.16871552063125972, 0.2318078270660077], [-0.2625879794503323, -0.39753154256946743, -0.19500255836639524], [0.11509712698035968, -0.28020263706712417, 0.4162317931158121]]	0.7436282432031582	0.4606592957822978	[[-0.5183673565070043, 0.14162133496459858, 0.24964413532184038], [-0.553653567914422, -0.5958181977087366, -0.28856832742819355], [0.22795578388175813, -0.33474483129770355, 0.4680054857708305]]	[[0.09925765947235457, -0.10209237912927141, -0.08520796529645258], [-0.17433878105427336, -0.02157411899817626, -0.006882341577787838], [0.06169515656683422, 0.07001476119868964, -0.13325156423059514]]	0.6803684751368719	[[-0.6650424412715935, 0.6650424412715934, 0.0], [-0.7071067811865475, -0.7071067811865476, 0.0], [0.0, 0.0, 0.94051204]]
3	[[0.5319609947059123, -0.8460851799387872, 0.03402011756955908], [-0.703274286200726, -0.4190807785627857, 0.5742617690636116], [-0.47161719485230363, -0.3294103357928521, -0.8179645788128509]]	0.5071778289936171	0.4928221710063829	[[0.26979882240422964, -0.429115644705028, 0.01725424937103659], [-0.35668512566231997, -0.2125484794444285, 0.2912528373077164], [-0.23919378500125107, -0.16706961895547712, -0.41485349927598014]]	0.7099272741322254	0.5036496677891901	[[0.465484459975829, -0.5984938471450522, 0.1103719122970366], [-0.4076495423746302, -0.22300608215739942, 0.2994572388119172], [-0.304189621941239, -0.05804297134179472, -0.48416552234634924]]	[[0.08783084105959355, 0.0021650983325645365, 0.08622010296522171], [0.09162405459513781, 0.07451079260888985, -0.1082268535377621], [0.030624287634143595, 0.17581441041860585, 0.09652984142697188]]	0.6641127433631231	[[0.6650424412715935, -0.6650424412715934, 0.0], [-0.7071067811865475, -0.7071067811865476, 0.0], [0.0, 0.0, -0.94051204]]
3	[[-0.3195682178843842, -0.5708200961323295, -0.7563336379995778], [0.910087742671785, 0.03735879733279218, -0.41272826520656647], [0.2638493031197415, -0.8202248094963509, 0.507557688474819]]	0.4589574270047736	0.5410425729952264	[[-0.14666820703271785, -0.26198212260351145, -0.34712494045344605], [0.4176915287252249, 0.017146097499851146, -0.18942470265134953], [0.12109559727683913, -0.3764482681319257, 0.23294737075889335]]	0.6624712407731622	0.5592443828310462	[[-0.26617204756232526, -0.27000540240862353, -0.4605820286816963], [0.6010732172057375, -0.05558545336251985, -0.06281232333391569], [0.2659487836850398, -0.4234836550436559, 0.32296581561758336]]	[[-0.054467293748789024, 0.10814649493441651, 0.040467254922363693], [-0.001833738894486351, -0.08033458218536782, 0.21060828261963313], [0.09115620847017047, 0.11989169221632223, -0.013276556030288137]]	0.9130740449245202	[[0.0, 0.0, -0.9121085763919999], [0.7071067811865475, 0.7071067811865476, 0.0], [0.6449581595451913, -0.6449581595451912, 0.0]]
3	[[0.04673222253661188, -0.9725397674033924, -0.22799671093185395], [-0.8377629715199755, -0.16246744520517667, 0.5213036857710898], [-0.5440306084466285, 0.16664552219444034, -0.8223502702654952]]	0.547855752470727	0.4521442475292729	[[0.02560251694242493, -0.5328115060784914, -0.1249093096284217], [-0.45897326315418846, -0.08900872444487869, 0.2855992230338838], [-0.2980502983576351, 0.09129770795771236, -0.4505293261108087]]	0.7460898892804566	0.38676111818279885	[[-0.020680907124613276, -0.8019803534866172, -0.11341722457641029], [-0.6548920700165349, -0.12755384970790107, 0.23443772501139581], [-0.2792178685834003, 0.009604443898670873, -0.6102967409076387]]	[[-0.055547345862783565, -0.07637826610377912, 0.05668881623904495], [-0.029845587351930186, -0.006338531503092257, -0.15450168418705054], [0.12667786783772428, -0.11472809530446298, 0.0032504811844981346]]	0.6325714859295448	[[1.8212387694395323e-16, -0.9121085763919999, 0.0], [-1.0, -1.7938038903913487e-16, 0.0], [0.0, 0.0, -0.9121085763919999]]
3	[[0.22433838825039393, -0.7661379269479729, -0.6022499185961573], [-0.9416906372873723, -0.011392912655017143, -0.3362869982418849], [0.2507808429735371, 0.642575192824231, -0.724020780340167]]	0.4961269500013056	0.5038730499986945	[[0.11130032033087664, -0.38010167297702085, -0.2987924152516461], [-0.4671981037221697, -0.005652331007164921, -0.16684104276284076], [0.12441913474321731, 0.31879887056238654, -0.35920622148773235]]	0.698991937729711	0.5245449417813941	[[0.2860481465354101, -0.40143711780886643, -0.35313045362463635], [-0.6777230464848106, -0.0037053520149810185, -0.038917923195670535], [0.31028521373071294, 0.31029874204119895, -0.4844247680733835]]	[[0.12923742182510706, 0.13408711631672102, 0.06783738397245229], [-0.019488883185383693, 0.004258202078134787, 0.1961439773387325], [0.13499142635514993, -0.13885613712805292, 0.021659920133167306]]	0.7377985902815897	[[1.8212387694395323e-16, -0.9121085763919999, 0.0], [-1.0, -1.7938038903913487e-16, 0.0], [0.0, 0.0, -0.9121085763919999]]
3	[[0.08740825448676931, -0.06334395238859675, -0.994156597696443], [0.7119981850616444, -0.6940087028176986, 0.10681996481098455], [-0.6967197295301035, -0.717174639895393, -0.015561310176609944]]	0.7894225043891301	0.21057749561086997	[[0.06900204316122785, -0.05000514153251187, -0.7848095911085029], [0.5620673903718787, -0.547866088246199, 0.08432608413984617], [-0.5500062337429718, -0.5661538003105937, -0.012284448451195473]]	0.8930439544966562	0.16819630711598565	[[0.04959318873931558, -0.030686202575530515, -0.850063803045178], [0.6352176403562771, -0.6382803586891388, 0.06871395946765216], [-0.6227843015044929, -0.6113758468172166, 0.027633614240047892]]	[[-0.028466224503198998, 0.025882731159029823, 0.03776173635059493], [-0.0006280344256158283, -0.018500082269726586, -0.026680964326343117], [-0.0005829590690884854, 0.02909262965968047, 0.04153054821731669]]	0.15876476403982273	[[0.0, 0.0, -0.9121085763919999], [0.7071067811865475, -0.7071067811865476, 0.0], [-0.6449581595451913, -0.6449581595451912, 0.0]]
