3	[[-0.3195682178843842, -0.5708200961323295, -0.7563336379995778], [0.910087742671785, 0.03735879733279218, -0.41272826520656647], [0.2638493031197415, -0.8202248094963509, 0.507557688474819]]	0.4691425147837131	0.5308574852162868	[[-0.1499230373832296, -0.26779597538860195, -0.35482826494663644], [0.42696085227087394, 0.017526600130001214, -0.19362837626132784], [0.1237829255895257, -0.38480232981511003, 0.238116890368885]]	0.6701651436499074	0.5525987110727903	[[-0.26098199444327214, -0.27330720997618946, -0.47356510475354163], [0.5939184769525048, -0.04274594487389283, -0.06850873874337012], [0.2807465070301263, -0.4447330788577267, 0.3170479747064118]]	[[-0.04681851379883887, 0.10923652174658714, 0.03330333640370244], [-0.015990605849152052, -0.06778250865501137, 0.20808735839716566], [0.10392390090295682, 0.10495299842361332, -0.0230994965009302]]	0.9080856495533813	[[0.0, 0.0, -0.9394643381840001], [0.7071067811865475, 0.7071067811865476, 0.0], [0.6643016042128385, -0.6643016042128383, 0.0]]
3	[[0.034229894132735264, 0.2773841392786001, 0.9601491309293217], [-0.1827544195208179, -0.9427759796974285, 0.2788803941677556], [0.9825625356654255, -0.18501754344446375, 0.018422055382213542]]	0.865618746909099	0.13438125309090096	[[0.029630038066009425, 0.24010891105480084, 0.8311230875608999], [-0.15819565161771015, -0.8160845621616863, 0.24140409733700827], [0.8505245508825326, -0.1601546541125965, 0.015946476495441703]]	0.9223766960463262	0.12536074301204406	[[0.00910047930021476, 0.2387396242703736, 0.8669244348472521], [-0.16461566929545227, -0.8269764270335744, 0.25310018717034305], [0.900487197681629, -0.16148148899515358, 0.0]]	[[-0.022472377355953126, -0.01711304165307557, -0.018694748251087273], [0.003952748370023965, 0.04261816623157808, -0.004132589394208523], [-0.005805587624346757, 0.009174381437758495, -0.016992074577828576]]	0.3471007945324305	[[0.0, 0.0, 0.9794], [0.0, -1.0, 0.0], [0.9794, 0.0, 0.0]]
3	[[0.22433838825039393, -0.7661379269479729, -0.6022499185961573], [-0.9416906372873723, -0.011392912655017143, -0.3362869982418849], [0.2507808429735371, 0.642575192824231, -0.724020780340167]]	0.5100977353039318	0.4899022646960682	[[0.11443450378826014, -0.3908052214666101, -0.30720631956287714], [-0.48035426143720494, -0.0058114989438397685, -0.17153923621534276], [0.12792274005841223, 0.32777615062212756, -0.3693213603645047]]	0.7084125758916725	0.5153503677832489	[[0.2800996236463324, -0.4035875303038833, -0.3759795953195051], [-0.6797053201617517, 0.010797996245421458, -0.038603803881676516], [0.321269078978975, 0.3277691873505957, -0.4833416961687097]]	[[0.12117548815448473, 0.13915421201363623, 0.05066182084374878], [-0.012599830107933668, 0.018868878846270965, 0.1996261347817355], [0.14361277602380657, -0.12743916020210605, 0.0295637298311668]]	0.741741969533971	[[1.8758609659988722e-16, -0.9394643381840001, 0.0], [-1.0, -1.7938038903913487e-16, 0.0], [0.0, 0.0, -0.9394643381840001]]
3	[[0.04673222253661188, -0.9725397674033924, -0.22799671093185395], [-0.8377629715199755, -0.16246744520517667, 0.5213036857710898], [-0.5440306084466285, 0.16664552219444034, -0.8223502702654952]]	0.5563138348367185	0.4436861651632814	[[0.02599778192978542, -0.5410373275353916, -0.12683772458865844], [-0.4660591313704821, -0.09038288747821621, 0.29000845254583063], [-0.30265175405349726, 0.0927072095103566, -0.4574848324304095]]	0.7519646604910641	0.37562386668968645	[[-0.01802914243771045, -0.8158241628727828, -0.1625955255522574], [-0.6520623097035243, -0.16608959908436896, 0.23495365450293781], [-0.2786391463268551, 0.017704189749082305, -0.6183783417849279]]	[[-0.053170122291446534, -0.08450862686323231, 0.008849943776693486], [-0.022094161252520943, -0.0439198218098078, -0.1570482945806601], [0.13045264545046095, -0.1076073537702161, 0.0]]	0.6238028032013657	[[1.8758609659988722e-16, -0.9394643381840001, 0.0], [-1.0, -1.7938038903913487e-16, 0.0], [0.0, 0.0, -0.9394643381840001]]
3	[[0.8592155572171323, 0.2624339665249735, -0.4391776855101157], [-0.4266000482917053, 0.8413623931712975, -0.33184593135155627], [0.2824199444684594, 0.4724804086637203, 0.8348660002631537]]	0.5981631704689699	0.4018368295310301	[[0.5139511018212625, 0.1569783334553257, -0.26269991676395504], [-0.25517643740838214, 0.5032719966127036, -0.19849801440447504], [0.16893320938692413, 0.28262037923076555, 0.4993860936341559]]	0.8026257137302938	0.35412126710906855	[[0.5758644899493653, 0.21311634748274916, -0.29069360134140154], [-0.3238608026317588, 0.7527598563599323, -0.27302970530716475], [0.24934295857126576, 0.3563309539894748, 0.5578937003744893]]	[[-0.11376400991020752, 0.0024800977935702587, 0.06180170194557373], [0.018539365605748873, 0.07746076503499158, -0.006681627807627842], [0.022665449070598566, -0.022893971237824627, -0.11219121895588023]]	0.6392452315764593	[[0.9394643381840001, 0.0, 0.0], [0.0, 0.7071067811865476, -0.7071067811865475], [0.0, 0.6643016042128383, 0.6643016042128385]]
3	[[0.8489524140446696, -0.5135124485683378, 0.12483895166604869], [0.522794976890395, 0.7815435453534784, -0.34040431673891397], [0.0772347773085365, 0.35425224329800037, 0.9319550081910795]]	0.7551003341553536	0.24489966584464648	[[0.6410442515271241, -0.3877534215068857, 0.09426593411863739], [0.3947626617446776, 0.5901437922533712, -0.2570394133174787], [0.05832000615409022, 0.2674959872896037, 0.7037195381028393]]	0.8795120586571012	0.1959675118277294	[[0.7492106303335172, -0.4422915308227056, 0.05345427061464933], [0.4688534404814585, 0.6260568928220425, -0.2718253036944923], [0.03834560249724755, 0.27047884715441284, 0.8041736554547443]]	[[0.0025467449551740233, 0.009348859963681965, -0.05634309276575152], [0.00904895410099545, -0.061320079681964845, 0.02756439769631383], [-0.029583315493306166, -0.041090272632507814, -0.015492012375187741]]	0.43348277745884295	[[0.6925403814941047, -0.6925403814941046, 0.0], [0.7071067811865475, 0.7071067811865476, 0.0], [0.0, 0.0, 0.9794]]
3	[[0.5319609947059123, -0.8460851799387872, 0.03402011756955908], [-0.703274286200726, -0.4190807785627857, 0.5742617690636116], [-0.47161719485230363, -0.3294103357928521, -0.8179645788128509]]	0.5158454276116929	0.48415457238830717	[[0.2744096467868129, -0.4364491714414398, 0.01754912209506928], [-0.3627808248935216, -0.21618090342156132, 0.296230307823666], [-0.24328157354761368, -0.16992481552677516, -0.4219432879289334]]	0.7179182618542694	0.4912752000267419	[[0.4863934906701283, -0.610530148241593, 0.1109725941402471], [-0.41568268867350117, -0.2315799589812334, 0.2914240925130463], [-0.2995264546611648, -0.061985354967967234, -0.5019082062517852]]	[[0.10448897797659154, -0.0031101464792820162, 0.08654893046663137], [0.08921076448252606, 0.06928578514109575, -0.12084891858245962], [0.03905614212778737, 0.17450434074126842, 0.08532350242789624]]	0.657463831376796	[[0.6782740496353262, -0.6782740496353261, 0.0], [-0.7071067811865475, -0.7071067811865476, 0.0], [0.0, 0.0, -0.9592243600000001]]
3	[[-0.42203838922340475, -0.825029846081567, 0.3757783270710803], [0.2588054115689476, 0.28760896992378115, 0.9221175843470338], [-0.8688517462515349, 0.4864224845687207, 0.09214016247897017]]	0.45753604149193583	0.5424639585080643	[[-0.19309777396290947, -0.3774808898888613, 0.17193212824656404], [0.11841280352594753, 0.13159146959650003, 0.4219020293322482], [-0.3975309886232831, 0.2225558180822447, 0.042157445203051785]]	0.6564800347245775	0.5971095815656584	[[-0.12435668000381397, -0.38891252559576844, 0.3574937796734376], [0.13020474188182393, 0.09714839848662127, 0.6514030099716921], [-0.5180420769643665, 0.18660697377165084, -0.031963291309942736]]	[[0.15270309640867152, 0.15270309640867152, 0.11080281046907112], [-0.03969584369186745, -0.09166114807604256, 0.04605122617940784], [0.05234174758535121, -0.1327196757888383, -0.09245146837366527]]	0.6624646284508753	[[0.0, -0.6643016042128383, 0.6643016042128385], [0.0, 0.7071067811865476, 0.7071067811865475], [-0.9394643381840001, 0.0, 0.0]]
3	[[-0.30792515101507295, 0.09349718223056193, 0.9468053539599837], [0.3027085282091916, -0.9338174967034747, 0.1906631317268273], [0.9019698710720718, 0.34531602882779927, 0.2592434992682147]]	0.7142807245749231	0.2857192754250771	[[-0.21994499998188882, 0.06678323506935939, 0.6762848142579536], [0.21621886686426986, -0.6670078381660989, 0.13618699987956218], [0.6442596930541094, 0.24665258327845546, 0.1851726344986389]]	0.8498896841597979	0.2614072678629557	[[-0.25691001360098603, 0.07908887026160466, 0.7439759335303295], [0.24364311016780582, -0.8497652476386953, 0.1190556665226192], [0.6806194684111284, 0.26480459031152065, 0.1778211433393814]]	[[0.004792395740072329, -0.0003734204141586893, -0.06070416970752661], [-0.013625745264381272, -0.0561233903024861, -0.042986962281611966], [-0.08595542043596835, -0.028675940364253336, -0.042507232374162394]]	0.46953579081244295	[[0.0, 0.0, 0.9794], [0.0, -1.0, 0.0], [0.9794, 0.0, 0.0]]
3	[[0.8787972042104137, -0.3840163418041313, 0.28327887866788265], [-0.395223040501579, -0.9183905790867732, -0.018907472103605397], [0.2674214316928388, -0.09534250611366366, -0.9588511794847616]]	0.6838746891801436	0.31612531081985656	[[0.6009871648817758, -0.2626190563913961, 0.19372725510029787], [-0.27028303397984865, -0.6280640718189389, -0.012930341608035363], [0.18288274847904912, -0.06520232673413767, -0.6557340523401555]]	0.8406012376242543	0.29353042948318064	[[0.6154309753869153, -0.26733022281003505, 0.24290137549014007], [-0.3412678231438234, -0.8499527662761758, -0.02097824350879855], [0.21803937182601837, -0.0801450286373437, -0.717827625152807]]	[[-0.12328704209309317, 0.05547438937845638, 0.004776799489106961], [-0.009042846160575449, -0.07795250887337865, -0.0050845990581617935], [-0.006755414622231935, 0.0, 0.08818386301955977]]	0.4763294573914579	[[0.6782740496353262, -0.6782740496353261, 0.0], [-0.7071067811865475, -0.7071067811865476, 0.0], [0.0, 0.0, -0.9592243600000001]]
3	[[0.08740825448676931, -0.06334395238859675, -0.994156597696443], [0.7119981850616444, -0.6940087028176986, 0.10681996481098455], [-0.6967197295301035, -0.717174639895393, -0.015561310176609944]]	0.8171307004376762	0.1828692995623238	[[0.07142396821280847, -0.05176028818378487, -0.8123558770204315], [0.5817955756697758, -0.5670958174432692, 0.08728587266672773], [-0.5693110805996818, -0.5860254158338608, -0.012715624284341222]]	0.905397607745347	0.14732450993047297	[[0.05616133463396473, -0.02938407505586356, -0.871473581905169], [0.6338156505335675, -0.6376928010953072, 0.06723809305761466], [-0.6370025581209707, -0.6292309161984421, 0.025399769608277757]]	[[-0.0229778898755527, 0.0279673879019071, 0.02863342337344387], [-0.010825802940274078, -0.009338981809711605, -0.029476447541692884], [-0.006194181735429963, 0.02009728709847727, 0.03948894261556372]]	0.14137990543849432	[[0.0, 0.0, -0.9394643381840001], [0.7071067811865475, -0.7071067811865476, 0.0], [-0.6643016042128385, -0.6643016042128383, 0.0]]
3	[[0.3802729664721569, 0.7767473726770865, -0.5020517802076895], [0.4287143634067757, 0.332951791095048, 0.839849450446521], [0.8195098935212374, -0.5346088512602871, -0.20639019011321075]]	0.5482315383897141	0.45176846161028616	[[0.20847763341705078, 0.42583740706292766, -0.27524061981455616], [0.23503473498026367, 0.18253467264164888, 0.4604319562340521], [0.4492811696507388, -0.2930894329631849, -0.1131496114343111]]	0.7104755973365288	0.441485197423451	[[0.21317037745935086, 0.4749215133812867, -0.3088232529227441], [0.3298418000003185, 0.22516865415448084, 0.4962016944843559], [0.5998643165060669, -0.3030415126679793, -0.04745694988454986]]	[[-0.05700428554588858, -0.07693854020104576, 0.04787228551418169], [0.025250706572139823, -0.011385468508040477, -0.10049084549439163], [0.017622535383370566, 0.07678503027256868, 0.09917824372053329]]	0.6806853159376085	[[0.0, 0.6643016042128383, -0.6643016042128385], [0.0, 0.7071067811865476, 0.7071067811865475], [0.9394643381840001, 0.0, 0.0]]
3	[[-0.8305561570912853, 0.32773595720904825, 0.4502950280316503], [-0.5100865793185324, -0.772219296347621, -0.37879947194723407], [0.22358030216652452, -0.5443036842615101, 0.808545204538665]]	0.5263579592774955	0.4736420407225045	[[-0.4371698439119278, 0.17250642961841123, 0.2370163720275421], [-0.2684881309449411, -0.4064637729402374, -0.199384117029539], [0.11768327158301767, -0.2864985764751108, 0.42558420384457685]]	0.7537850226644399	0.44882617859691515	[[-0.5319140555696097, 0.14941334965896833, 0.24990550723337984], [-0.5533179604836431, -0.5989923714528129, -0.29077446948486474], [0.2331133960558091, -0.33896974817541414, 0.4806514428474846]]	[[0.0941467361275348, -0.097629106273806, -0.08952014067714223], [-0.16882233673119662, -0.016905031653503728, -0.005241100937841118], [0.06458191291989314, 0.07131821680198643, -0.12881782248091714]]	0.6803725119065559	[[-0.6643016042128385, 0.6643016042128383, 0.0], [-0.7071067811865475, -0.7071067811865476, 0.0], [0.0, 0.0, 0.9394643381840001]]
3	[[-0.5446221603179724, 0.8109226453022452, -0.2139887049042392], [-0.8354447797583356, -0.5021691245819775, 0.22328947644507607], [0.07361197229480154, 0.30038414347728, 0.9509735242804028]]	0.6161407591414527	0.3838592408585474	[[-0.3355639113035735, 0.4996424942815202, -0.13184716308739425], [-0.5147515808210645, -0.3094068656373383, 0.13757774752516666], [0.04535533649161859, 0.18507891419614636, 0.5859335491735502]]	0.7853509533488303	0.30985850665836245	[[-0.4708109537490923, 0.5883297283718935, -0.11568032467388821], [-0.671341607356687, -0.4379632027243862, 0.04197089764675078], [0.08966595477966556, 0.14910983824445034, 0.7439158491478864]]	[[-0.04309142092847321, -0.048529144208380136, 0.052375908728537576], [-0.015224253103174773, -0.04358420199158272, -0.13338970555215088], [0.03185472216005547, -0.08679713520630332, -0.0029321147552247634]]	0.3920273242053056	[[-0.6782740496353262, 0.6782740496353261, 0.0], [-0.7071067811865475, -0.7071067811865476, 0.0], [0.0, 0.0, 0.9592243600000001]]
