3	[[-0.5446221603179724, 0.8109226453022452, -0.2139887049042392], [-0.8354447797583356, -0.5021691245819775, 0.22328947644507607], [0.07361197229480154, 0.30038414347728, 0.9509735242804028]]	0.5723223365486468	0.42767766345135316	[[-0.31169942732935363, 0.4641091431195906, -0.12247051558581304], [-0.4781437084086603, -0.2874026067233459, 0.12779355488577], [0.042129775981715085, 0.17191655485708082, 0.5442633894120615]]	0.7619354497973115	0.3455733919362258	[[-0.4789985727513259, 0.5672484423697587, -0.10275172083606263], [-0.675442877133501, -0.435504572823439, 0.048182041862463956], [0.12455020945533823, 0.09877355367283895, 0.7245804399679233]]	[[-0.06403164205986805, -0.05062226812943335, 0.06029385928669303], [-0.03888788308751756, -0.052884115010747704, -0.12195012580772127], [0.06846263823443137, -0.13009977379950252, 0.0]]	0.4133282255230941	[[-0.6357478558551721, 0.635747855855172, 0.0], [-0.7071067811865475, -0.7071067811865476, 0.0], [0.0, 0.0, 0.8990832399999998]]
3	[[0.08740825448676931, -0.06334395238859675, -0.994156597696443], [0.7119981850616444, -0.6940087028176986, 0.10681996481098455], [-0.6967197295301035, -0.717174639895393, -0.015561310176609944]]	0.7171505039164906	0.28284949608350946	[[0.06268487375164744, -0.04542714737554434, -0.7129599050099079], [0.510609857204585, -0.4977086909481424, 0.07660599159253935], [-0.49965290512107474, -0.5143221543971088, -0.01115980143475663]]	0.8633918372189381	0.21747805896320863	[[0.04072708203743223, -0.03277419217934542, -0.7982081312340604], [0.6348817803372668, -0.6395454123144035, 0.07222500084928057], [-0.587593235931772, -0.5700419247425287, 0.02879839588660917]]	[[-0.034740491392, 0.021916459250154063, 0.06013856013440024], [0.020148359240344242, -0.04034396334269875, -0.020002484820537698], [0.01394889137390568, 0.04916080520358506, 0.042233904069526186]]	0.20149190979955747	[[0.0, 0.0, -0.8525107281679998], [0.7071067811865475, -0.7071067811865476, 0.0], [-0.6028161169218742, -0.6028161169218741, 0.0]]
3	[[-0.42203838922340475, -0.825029846081567, 0.3757783270710803], [0.2588054115689476, 0.28760896992378115, 0.9221175843470338], [-0.8688517462515349, 0.4864224845687207, 0.09214016247897017]]	0.42974035950384004	0.5702596404961601	[[-0.18136692910928753, -0.35454862265649045, 0.16148711336927762], [0.1112191306091788, 0.12359718213157483, 0.3962711422021069], [-0.37338066178967383, 0.20903537338931313, 0.03959634654845486]]	0.6264303386174271	0.6192957442930764	[[-0.10604964128337388, -0.3584957160629628, 0.3186284101163553], [0.14347714713849846, 0.08972358181891099, 0.6354438095627278], [-0.47683494958471295, 0.1776289272057219, -0.030154554124183313]]	[[0.15832800978739703, 0.15832800978739703, 0.08322946544412811], [-0.018646414466660016, -0.09044340259985262, 0.0578013789551315], [0.06744014402797904, -0.1270808745137921, -0.08787394730614936]]	0.6817243041616575	[[0.0, -0.6028161169218741, 0.6028161169218742], [0.0, 0.7071067811865476, 0.7071067811865475], [-0.8525107281679998, 0.0, 0.0]]
3	[[-0.3195682178843842, -0.5708200961323295, -0.7563336379995778], [0.910087742671785, 0.03735879733279218, -0.41272826520656647], [0.2638493031197415, -0.8202248094963509, 0.507557688474819]]	0.4366605100761149	0.563339489923885	[[-0.13954282102551022, -0.24925459433883998, -0.3302610321566193], [0.39739937792908164, 0.01631311149916724, -0.18022213480792937], [0.1152125712834938, -0.3581597836917608, 0.22163039914246827]]	0.6430168369793163	0.5745605379106562	[[-0.26119814697846977, -0.26119814697846977, -0.4305685652636546], [0.6091891642165153, -0.06748256680127232, -0.05735881202579093], [0.24082855249578305, -0.38793377120729017, 0.32049095931671456]]	[[-0.05571040231533605, 0.10584878572077001, 0.055766698343893015], [0.02398742255005816, -0.09150490249555568, 0.20803241159929586], [0.07116900816453012, 0.13948459140701563, -0.005877180110896739]]	0.925212109151695	[[0.0, 0.0, -0.8525107281679998], [0.7071067811865475, 0.7071067811865476, 0.0], [0.6028161169218742, -0.6028161169218741, 0.0]]
3	[[-0.30792515101507295, 0.09349718223056193, 0.9468053539599837], [0.3027085282091916, -0.9338174967034747, 0.1906631317268273], [0.9019698710720718, 0.34531602882779927, 0.2592434992682147]]	0.6569052250825221	0.34309477491747803	[[-0.2022776406361261, 0.06141878753774889, 0.6219613841524201], [0.198850813857658, -0.6134295928579934, 0.1252476074619501], [0.5925087211742527, 0.22683990364172815, 0.17029840923796724]]	0.8236653894045965	0.286747082644102	[[-0.22700779564086035, 0.07180098876528881, 0.7233922641676296], [0.24866513186337852, -0.847662854074993, 0.11910927188198309], [0.6621519536484628, 0.24938912032298174, 0.15520680687557156]]	[[0.026619493777438885, -0.005209404244879505, -0.05645853639217732], [-0.0006654059001375244, -0.07850970201989993, -0.037933350756894024], [-0.080769411439329, -0.0350357410291164, -0.058323090899792734]]	0.4757069183036038	[[0.0, 0.0, 0.9481999999999999], [0.0, -1.0, 0.0], [0.9481999999999999, 0.0, 0.0]]
3	[[0.034229894132735264, 0.2773841392786001, 0.9601491309293217], [-0.1827544195208179, -0.9427759796974285, 0.2788803941677556], [0.9825625356654255, -0.18501754344446375, 0.018422055382213542]]	0.8163135857464672	0.1836864142535328	[[0.027942327619215078, 0.2264324413637116, 0.7837827799202689], [-0.14918491551005303, -0.7696008405424464, 0.22765385455746875], [0.8020791467091847, -0.151032334315153, 0.01503817408587474]]	0.8970740866596869	0.15710628871354657	[[0.00912930288174278, 0.22486149361436875, 0.8239608746521601], [-0.16641485231013356, -0.825406446123309, 0.2550912733618914], [0.8553331701333349, -0.15290355344957018, 0.0]]	[[-0.021577448133838485, -0.023972629782864865, -0.037364030033353375], [-0.0024705983354745883, 0.02033345478845325, 0.004914898476558551], [-0.02609821913475272, 0.01307089035189108, -0.01652594850639338]]	0.36087458628378255	[[0.0, 0.0, 0.9481999999999999], [0.0, -1.0, 0.0], [0.9481999999999999, 0.0, 0.0]]
3	[[0.8489524140446696, -0.5135124485683378, 0.12483895166604869], [0.522794976890395, 0.7815435453534784, -0.34040431673891397], [0.0772347773085365, 0.35425224329800037, 0.9319550081910795]]	0.7233900694030431	0.276609930596957	[[0.6141237457156545, -0.37146980580917643, 0.09030725790990608], [0.3781846946163052, 0.565360839514753, -0.24624510231085844], [0.0558708709175508, 0.2562625548655242, 0.6741669980558584]]	0.8522970412935009	0.22219486238582967	[[0.6996489342422202, -0.4218664734079297, 0.05358120457813316], [0.47349382277319674, 0.625760763276029, -0.2673075822769322], [0.031460719861121623, 0.2500030663287465, 0.7615704300934946]]	[[-0.023910696447026793, 0.015798667174245655, -0.05281866456502249], [0.027917210766408858, -0.04034648807077361, 0.022818009723180006], [-0.03436625232390647, -0.05192507250572471, -0.03273206600642287]]	0.44412524726857927	[[0.6704786499210844, -0.6704786499210843, 0.0], [0.7071067811865475, 0.7071067811865476, 0.0], [0.0, 0.0, 0.9481999999999999]]
3	[[0.3802729664721569, 0.7767473726770865, -0.5020517802076895], [0.4287143634067757, 0.332951791095048, 0.839849450446521], [0.8195098935212374, -0.5346088512602871, -0.20639019011321075]]	0.5254006932903929	0.4745993067096075	[[0.19979568022406555, 0.4081036081160324, -0.2637783533887959], [0.22524682375746932, 0.17493310187361624, 0.44125748352415756], [0.4305710662143941, -0.2808838610913354, -0.10843754897381691]]	0.6793364884375367	0.47309246232161817	[[0.15950998802025956, 0.42585271959817256, -0.2849025525484907], [0.32396084641627804, 0.19555015543555174, 0.46572349748673375], [0.5826853338390688, -0.29978414640031353, -0.07147244915241166]]	[[-0.09882331367066062, -0.10182011295936208, 0.05615954083161498], [0.03271953623678507, -0.030636145145946404, -0.10481687899580078], [0.025962360534532006, 0.06339515330247522, 0.06873593784705254]]	0.7030622700329364	[[0.0, 0.6028161169218741, -0.6028161169218742], [0.0, 0.7071067811865476, 0.7071067811865475], [0.8525107281679998, 0.0, 0.0]]
3	[[0.8592155572171323, 0.2624339665249735, -0.4391776855101157], [-0.4266000482917053, 0.8413623931712975, -0.33184593135155627], [0.2824199444684594, 0.4724804086637203, 0.8348660002631537]]	0.5462961412484495	0.4537038587515505	[[0.4693861434083557, 0.14336666324511776, -0.23992107491660128], [-0.23304996023816088, 0.4596330287810407, -0.18128615178635304], [0.15428492587472076, 0.2581142240684809, 0.4560840744032879]]	0.7714311890219638	0.407813055039399	[[0.5092608286148483, 0.20743752606217838, -0.29356518275740007], [-0.356043689689158, 0.7488258208232832, -0.25034442019720143], [0.24509082077431046, 0.33044876608206963, 0.506782266657367]]	[[-0.15356485031533304, 0.004987779226067794, 0.045230181367582535], [-0.0269511071986607, 0.09977262946078429, 0.005651881197430582], [0.027223267209489845, -0.03403735736296755, -0.13725940459964886]]	0.6680630173143456	[[0.8525107281679998, 0.0, 0.0], [0.0, 0.7071067811865476, -0.7071067811865475], [0.0, 0.6028161169218741, 0.6028161169218742]]
3	[[0.22433838825039393, -0.7661379269479729, -0.6022499185961573], [-0.9416906372873723, -0.011392912655017143, -0.3362869982418849], [0.2507808429735371, 0.642575192824231, -0.724020780340167]]	0.46548766543447173	0.5345123345655283	[[0.10442675261400797, -0.3566277550158177, -0.2803399086154258], [-0.43834537631239895, -0.00530326031428279, -0.1565374497275813], [0.11673538913144064, 0.29911082637385683, -0.3370227427665888]]	0.6775544593864034	0.5407614761437485	[[0.2972040660263149, -0.39822540810571583, -0.3060060973203098], [-0.6732192716894851, -0.05156480399850835, -0.042034250053612075], [0.274856917947253, 0.2710447057887336, -0.48549671392504373]]	[[0.1452025906557021, 0.12087476080293763, 0.10205102068961505], [-0.03517258103300199, -0.0438454852237017, 0.18581850523884463], [0.10493923946185152, -0.16433498160040216, 0.00506679448285996]]	0.7324337611471365	[[1.7022376827596132e-16, -0.8525107281679998, 0.0], [-1.0, -1.7938038903913487e-16, 0.0], [0.0, 0.0, -0.8525107281679998]]
3	[[0.8787972042104137, -0.3840163418041313, 0.28327887866788265], [-0.395223040501579, -0.9183905790867732, -0.018907472103605397], [0.2674214316928388, -0.09534250611366366, -0.9588511794847616]]	0.6267678991167894	0.3732321008832107	[[0.5508018774326693, -0.2406891157790903, 0.17755010764682871], [-0.24771311477772445, -0.5756177338228685, -0.011850596567986066], [0.16761116892092456, -0.05975762225339061, -0.6009771393313195]]	0.8176815864198105	0.3305077104907253	[[0.5825353614191523, -0.25077881579269157, 0.2363908843681099], [-0.3445950071592262, -0.8485479520632423, -0.021042581018874712], [0.21193539267009562, -0.07795981165226099, -0.6785748284679449]]	[[-0.13604093066091302, 0.0632242757848427, 0.004758961459730538], [-0.021428404412234033, -0.0975968864025611, -0.005582289234010336], [-0.006730187839161788, 0.0, 0.1054601251136616]]	0.4922045218657055	[[0.6357478558551721, -0.635747855855172, 0.0], [-0.7071067811865475, -0.7071067811865476, 0.0], [0.0, 0.0, -0.8990832399999998]]
3	[[0.5319609947059123, -0.8460851799387872, 0.03402011756955908], [-0.703274286200726, -0.4190807785627857, 0.5742617690636116], [-0.47161719485230363, -0.3294103357928521, -0.8179645788128509]]	0.4874986593729081	0.512501340627092	[[0.2593302717578109, -0.4124653909354445, 0.016584761706868775], [-0.3428452716942928, -0.20430131771831256, 0.27995184254762523], [-0.22991275022770963, -0.16058709708259492, -0.3987566355857903]]	0.6909360523638041	0.5251234071363537	[[0.4324666556099931, -0.572107153059611, 0.10445981956751851], [-0.4031700561557223, -0.22259118417926926, 0.3039367250308252], [-0.29645269749554254, -0.04948560607288358, -0.463143391419136]]	[[0.0649156259163676, 0.012483601130813406, 0.08095409383305484], [0.08274750288077953, 0.06696683458245134, -0.09284143470944115], [0.029404625342599265, 0.17811587094766476, 0.10201782563923685]]	0.6792953567213266	[[0.6357478558551721, -0.635747855855172, 0.0], [-0.7071067811865475, -0.7071067811865476, 0.0], [0.0, 0.0, -0.8990832399999998]]
3	[[-0.8305561570912853, 0.32773595720904825, 0.4502950280316503], [-0.5100865793185324, -0.772219296347621, -0.37879947194723407], [0.22358030216652452, -0.5443036842615101, 0.808545204538665]]	0.4894579669705048	0.5105420330294952	[[-0.4065223281047357, 0.1604129753186731, 0.22040048895729802], [-0.24966594009218804, -0.37796888684570035, -0.18540641942879393], [0.10943316015307825, -0.2664137747131943, 0.39574889201724595]]	0.719420188035565	0.48498403732443696	[[-0.48837815131001516, 0.12049123868834183, 0.2536773640033651], [-0.5536034097369137, -0.5872237287793411, -0.2847553919425331], [0.21290727262005119, -0.325741044737593, 0.43773400376982496]]	[[0.10914071539869348, -0.11528862527300751, -0.07027396973464471], [-0.18663682692915706, -0.03167357739624401, -0.012239404606481163], [0.05205908959436169, 0.06584201414227334, -0.14394973931463573]]	0.681557056094379	[[-0.6357478558551721, 0.635747855855172, 0.0], [-0.7071067811865475, -0.7071067811865476, 0.0], [0.0, 0.0, 0.8990832399999998]]
3	[[0.04673222253661188, -0.9725397674033924, -0.22799671093185395], [-0.8377629715199755, -0.16246744520517667, 0.5213036857710898], [-0.5440306084466285, 0.16664552219444034, -0.8223502702654952]]	0.5296261866009789	0.4703738133990211	[[0.02475060881345407, -0.5150825283276617, -0.12075302856840346], [-0.44370120788162914, -0.08604701345082125, 0.27609608315597733], [-0.2881328565457983, 0.08825983243397025, -0.43553823769099864]]	0.7275794650315058	0.422381634820885	[[-0.005913841251308935, -0.7620893376895708, -0.10431692543537296], [-0.6637767014878271, -0.12646626277496453, 0.23445543556571588], [-0.27342234678370675, 0.00382927338255406, -0.5700785671961525]]	[[-0.03991524672423017, -0.05448937400034535, 0.061568799533368204], [-0.05423756684611862, -0.00825828590754673, -0.14483442124656587], [0.12240315227065587, -0.1174185865055728, 0.028246602512130774]]	0.6532284006844008	[[1.7022376827596132e-16, -0.8525107281679998, 0.0], [-1.0, -1.7938038903913487e-16, 0.0], [0.0, 0.0, -0.8525107281679998]]
