4	[[0.3802729664721569, 0.7767473726770865, -0.5020517802076895], [0.4287143634067757, 0.332951791095048, 0.839849450446521], [0.8195098935212374, -0.5346088512602871, -0.20639019011321075]]	0.7000903133743223	0.2999096866256781	[[0.2662254202652755, 0.5437933115501828, -0.3514815881357376], [0.3001387730255226, 0.2330963237662739, 0.5879704649503573], [0.5737309381686405, -0.3742744782115009, -0.14449177287374365]]	0.835752962099698	0.26245689754059437	[[0.34673034686084414, 0.5706236836077562, -0.4256742443483333], [0.4053028229367236, 0.29348328740573554, 0.7162619350365731], [0.63659315623376, -0.42567424434833323, -0.07765093953008548]]	[[0.028916088725299927, -0.07854523391027694, -0.0060829819123303375], [0.0470035238248244, 0.015217841761649396, 0.014355269108089477], [-0.04831466474662227, 0.02112668665716857, 0.0948402732053502]]	0.3878837848132867	[[0.43973306956903657, 0.4397330695690367, -0.6218764708084834], [0.5, 0.5000000000000001, 0.7071067811865475], [0.6218764708084834, -0.6218764708084833, 0.0]]
4	[[0.5319609947059123, -0.8460851799387872, 0.03402011756955908], [-0.703274286200726, -0.4190807785627857, 0.5742617690636116], [-0.47161719485230363, -0.3294103357928521, -0.8179645788128509]]	0.6375596632959271	0.36244033670407305	[[0.3391568726712678, -0.539429782441447, 0.021689854702935926], [-0.44837931711481827, -0.2671890000742847, 0.3661261401279196], [-0.30068409995460427, -0.21001874277428906, -0.521501221455916]]	0.7673276852473577	0.39958932523047097	[[0.5012207725947287, -0.6536253615909522, 0.10108119494103512], [-0.5171064171480868, -0.3714645268649197, 0.32902793788395857], [-0.2745056443569842, -0.11594448078341785, -0.5928887335631685]]	[[0.0930323738851592, -0.004400778946428267, 0.07497661687454239], [0.02253541297630412, -0.04989224311867684, -0.11161901609767524], [0.08737928609188604, 0.13682118967706622, 0.03475813331162628]]	0.6650876066837974	[[0.6631237211629792, -0.6631237211629792, 0.0], [-0.7071067811865475, -0.7071067811865476, 0.0], [0.0, 0.0, -0.9377985599999998]]
4	[[-0.30792515101507295, 0.09349718223056193, 0.9468053539599837], [0.3027085282091916, -0.9338174967034747, 0.1906631317268273], [0.9019698710720718, 0.34531602882779927, 0.2592434992682147]]	0.7047538023440331	0.2952461976559672	[[-0.21701142101523324, 0.0658924946854415, 0.6672646732829863], [0.2133349862573937, -0.6581114314971604, 0.13437056705130274], [0.6356666962377998, 0.24336278432673325, 0.18270284184224686]]	0.8407474611076332	0.2712244461685316	[[-0.24768439442059492, 0.07589452658444662, 0.7351059487942843], [0.24482062367602425, -0.84963828810188, 0.11818466045005331], [0.672468003719115, 0.2585524453252647, 0.1717898678361483]]	[[0.01120289450651213, -0.002712991996616027, -0.06091824871068589], [-0.009680802871481865, -0.06453359861054792, -0.04211488347610694], [-0.08586087538030866, -0.03177112919147781, -0.04616844598226178]]	0.4715476765688323	[[0.0, 0.0, 0.9683999999999999], [0.0, -1.0, 0.0], [0.9683999999999999, 0.0, 0.0]]
4	[[0.034229894132735264, 0.2773841392786001, 0.9601491309293217], [-0.1827544195208179, -0.9427759796974285, 0.2788803941677556], [0.9825625356654255, -0.18501754344446375, 0.018422055382213542]]	0.8562666151189591	0.14373338488104095	[[0.029309915584917544, 0.23751477802777277, 0.8221436463502607], [-0.15648650820112095, -0.8072675969509776, 0.23879597113706516], [0.8413354965569354, -0.15842434566281594, 0.01577419100566199]]	0.9136498504125834	0.13186247767530226	[[0.009058241694233516, 0.23382680223858318, 0.8516979382783162], [-0.16524343598740254, -0.8264337742797425, 0.2537825001163532], [0.8844859765630709, -0.15842152208892507, 0.0]]	[[-0.022215895959778624, -0.019605175120133107, -0.02554217156903047], [0.0017301120700312558, 0.034933358543389845, -0.0010165302980190234], [-0.013232137168653752, 0.010619728802812879, -0.016831308144251732]]	0.35187521504398567	[[0.0, 0.0, 0.9683999999999999], [0.0, -1.0, 0.0], [0.9683999999999999, 0.0, 0.0]]
4	[[0.8592155572171323, 0.2624339665249735, -0.4391776855101157], [-0.4266000482917053, 0.8413623931712975, -0.33184593135155627], [0.2824199444684594, 0.4724804086637203, 0.8348660002631537]]	0.6915403802638095	0.3084596197361907	[[0.5941822531665164, 0.1814836850048201, -0.3037091036410451], [-0.2950111596162054, 0.5818360693133477, -0.22948486155585318], [0.19530479579180238, 0.32673928147450926, 0.5773435512913069]]	0.7915591031530923	0.37145381881682665	[[0.5583163509310652, 0.2086061968521791, -0.2864232362293803], [-0.32427775138813164, 0.7528942709398191, -0.2722882510490485], [0.24547125458382407, 0.34614925089372867, 0.5422961341823962]]	[[-0.12180354495491223, 0.0008742016727624202, 0.06121185863785775], [0.01340140024271648, 0.08690620957440766, -0.009612583243407965], [0.021919176627824152, -0.027846917645532265, -0.11854964823891509]]	0.5266986098466495	[[0.6218764708084834, 0.4397330695690367, -0.43973306956903657], [-0.7071067811865475, 0.5000000000000001, -0.5], [0.0, 0.6218764708084833, 0.6218764708084834]]
4	[[-0.42203838922340475, -0.825029846081567, 0.3757783270710803], [0.2588054115689476, 0.28760896992378115, 0.9221175843470338], [-0.8688517462515349, 0.4864224845687207, 0.09214016247897017]]	0.7062821441849203	0.2937178558150799	[[-0.2980781784690563, -0.5827038487070437, 0.26540552258198474], [0.18278964100957704, 0.20313307996458438, 0.651275184663242], [-0.6136544743213462, 0.34355151538095235, 0.06507695152119397]]	0.8358487438215262	0.2705002809399197	[[-0.2720407329115484, -0.607425406226525, 0.3247443193257963], [0.261100342728521, 0.23439040205000564, 0.8298653168339891], [-0.7063479577954415, 0.3612332055962876, 0.02349048840514099]]	[[0.08071952456529481, 0.08217475423601996, 0.01065047668807907], [0.044778164574403076, -0.006007194172589986, 0.05911449230178066], [0.019880682876043453, -0.04534241709702338, -0.05352475065841753]]	0.5067167130703613	[[-0.43973306956903657, -0.4397330695690367, 0.6218764708084834], [0.5, 0.5000000000000001, 0.7071067811865475], [-0.6218764708084834, 0.6218764708084833, 0.0]]
4	[[0.8489524140446696, -0.5135124485683378, 0.12483895166604869], [0.522794976890395, 0.7815435453534784, -0.34040431673891397], [0.0772347773085365, 0.35425224329800037, 0.9319550081910795]]	0.7910407206813542	0.20895927931864586	[[0.6715559294300708, -0.40620925739434477, 0.09875269429501592], [0.41355211528797015, 0.6182327693602762, -0.26927367603619445], [0.06109585390380862, 0.2802279498414366, 0.7372143613220689]]	0.8949365908194826	0.1770972011894932	[[0.7319015400960414, -0.4642743956222819, 0.0629699147873246], [0.5082567293874909, 0.6666679603471317, -0.29647800151595016], [0.022890561222157716, 0.2827409763923891, 0.8139716742945134]]	[[-0.027857039097065057, -0.004713315557168737, -0.04875303101816719], [0.04038837507165055, -0.032763955708481826, 0.00816227720660884], [-0.04622966707504588, -0.03429231851487724, -0.020068963533154172]]	0.4371244617259961	[[0.6847622069010526, -0.6847622069010525, 0.0], [0.7071067811865475, 0.7071067811865476, 0.0], [0.0, 0.0, 0.9683999999999999]]
4	[[-0.3195682178843842, -0.5708200961323295, -0.7563336379995778], [0.910087742671785, 0.03735879733279218, -0.41272826520656647], [0.2638493031197415, -0.8202248094963509, 0.507557688474819]]	0.6268077172577168	0.3731922827422833	[[-0.20030782516022755, -0.3577944414215359, -0.4740757611197397], [0.5704500204883298, 0.0234167824756611, -0.2587012617618655], [0.1653827793885245, -0.5141232404785533, 0.31814107608950465]]	0.7551786388015329	0.39062279067687244	[[-0.26926378117007066, -0.39644244679176605, -0.5104902246439305], [0.7802080954086648, 0.03247287948215499, -0.23324261168215088], [0.20512897917858208, -0.5104902246439305, 0.3028461776296884]]	[[-0.027932689383909692, 0.034628696406006854, 0.06067678258040197], [0.09292927270782617, 0.004260313765114692, 0.07844095783146211], [0.005875621599882735, 0.10892603050277068, -0.08045054666597795]]	0.7109795398566445	[[0.0, 0.0, -0.8794661391380734], [1.0, -1.7938038903913487e-16, 0.0], [-1.7560604849736506e-16, -0.8794661391380734, 0.0]]
4	[[0.8787972042104137, -0.3840163418041313, 0.28327887866788265], [-0.395223040501579, -0.9183905790867732, -0.018907472103605397], [0.2674214316928388, -0.09534250611366366, -0.9588511794847616]]	0.6786820978361406	0.3213179021638595	[[0.5964239301260589, -0.2606250164589882, 0.1922563036469881], [-0.26823080224078966, -0.6232952448475593, -0.012832162832053226], [0.18149413826764002, -0.0647072520621763, -0.6507551300053758]]	0.8379760766767897	0.25866121792053515	[[0.6860564158934354, -0.3085414950460635, 0.13787536814118928], [-0.35842338682288105, -0.8404846108895008, -0.026680828974907794], [0.126448275933307, -0.052608683979032116, -0.803494349501553]]	[[-0.0503546174853389, 0.013255012438735628, -0.09950555521032331], [-0.02723593393109582, -0.07089527656944145, -0.010836819681652694], [-0.09764448621594815, 0.02728605523462859, 0.0]]	0.48145510999691327	[[0.6631237211629792, -0.6631237211629792, 0.0], [-0.7071067811865475, -0.7071067811865476, 0.0], [0.0, 0.0, -0.9377985599999998]]
4	[[-0.8305561570912853, 0.32773595720904825, 0.4502950280316503], [-0.5100865793185324, -0.772219296347621, -0.37879947194723407], [0.22358030216652452, -0.5443036842615101, 0.808545204538665]]	0.6302490900676104	0.3697509099323895	[[-0.5234572622568339, 0.20655528881343996, 0.2837980316789167], [-0.32148160247120505, -0.48669050885573867, -0.23873802251283563], [0.14091128199749353, -0.3430469017262647, 0.5095848794390235]]	0.7859609118384796	0.36530999213506915	[[-0.62928530593152, 0.2501236008929629, 0.19866984388561187], [-0.5638842267487364, -0.6279718143789315, -0.3045370768055267], [0.18017885214082263, -0.28118291845262217, 0.6087608957978355]]	[[0.02349936862901019, -0.0074640508773175605, -0.15524444694247777], [-0.1629761137509718, -0.021037632082286168, -0.00681549842994406], [0.004453473980898176, 0.1466185015465982, -0.02672403042400365]]	0.6712841183376483	[[-0.8794661391380734, 0.0, 0.0], [0.0, -0.7071067811865476, -0.7071067811865475], [0.0, -0.6218764708084833, 0.6218764708084834]]
4	[[-0.5446221603179724, 0.8109226453022452, -0.2139887049042392], [-0.8354447797583356, -0.5021691245819775, 0.22328947644507607], [0.07361197229480154, 0.30038414347728, 0.9509735242804028]]	0.7024685438117768	0.29753145618822313	[[-0.38257993588619005, 0.5696476497894624, -0.15032033392624894], [-0.5868736778719887, -0.3527580136923365, 0.15685383336686662], [0.051710094985042095, 0.21101041185263272, 0.668028986804808]]	0.8253461018680778	0.2632438853520003	[[-0.4972206060867809, 0.6351925140092591, -0.1252412709444425], [-0.7360157091769816, -0.40776310991456527, 0.09508328046097435], [0.07701014357765405, 0.13185365293038415, 0.7668768272622888]]	[[-0.04771882907737117, -0.034099330207498765, 0.05137347249206975], [-0.04648461687740442, 0.006700219537674891, -0.08920781851113316], [0.016254789193318662, -0.1160672289515702, -0.018005463982289527]]	0.3990908091544797	[[-0.6631237211629792, 0.6631237211629792, 0.0], [-0.7071067811865475, -0.7071067811865476, 0.0], [0.0, 0.0, 0.9377985599999998]]
4	[[0.08740825448676931, -0.06334395238859675, -0.994156597696443], [0.7119981850616444, -0.6940087028176986, 0.10681996481098455], [-0.6967197295301035, -0.717174639895393, -0.015561310176609944]]	0.8177737036567517	0.18222629634324825	[[0.07148017200181722, -0.05180101854907971, -0.8129951229130157], [0.5822533927947462, -0.5675420672732473, 0.08735455824796276], [-0.5697590736285632, -0.5864865614359528, -0.012725630256877816]]	0.9249040063362411	0.12740452613058728	[[0.056084171274560356, -0.05608417127456037, -0.871289254274836], [0.6843799785622494, -0.6717887475611519, 0.09018538875035258], [-0.6314951741509881, -0.6425687354665189, 0.0]]	[[-0.024760073487110325, 0.0025029040668248766, 0.048210165860211], [0.025850004694601973, -0.029897317892844597, -0.008612824660023334], [0.01290369498490702, 0.020748962215481136, 0.014392718126187459]]	0.16139760297931116	[[0.0, 0.0, -0.9081641255039998], [0.7071067811865475, -0.7071067811865476, 0.0], [-0.6421690115742291, -0.642169011574229, 0.0]]
4	[[0.22433838825039393, -0.7661379269479729, -0.6022499185961573], [-0.9416906372873723, -0.011392912655017143, -0.3362869982418849], [0.2507808429735371, 0.642575192824231, -0.724020780340167]]	0.5730703207828588	0.42692967921714114	[[0.12856167211856284, -0.4390509075599893, -0.3451315540413505], [-0.5396549555884892, -0.006528940109861853, -0.19271609795758166], [0.14371505812904062, 0.3682407718788895, -0.4149148208429953]]	0.7572536118290805	0.39906403282640746	[[0.18930569087021654, -0.5162682349722758, -0.39056013307496545], [-0.8423938220518516, 0.032594742554142866, -0.17110736237613372], [0.1504831313670375, 0.3905601330749654, -0.4441980881980905]]	[[0.019424636095691148, 0.06389247736832095, 0.06549579300574426], [-0.1292951857403602, 0.04122206681140795, 0.08354718165369326], [-0.03942156775221485, -0.09603225256295128, 0.10406926275381025]]	0.7343123850293344	[[-1.7560604849736506e-16, -0.8794661391380734, 0.0], [-1.0, 1.7938038903913487e-16, 0.0], [0.0, 0.0, -0.8794661391380734]]
4	[[0.04673222253661188, -0.9725397674033924, -0.22799671093185395], [-0.8377629715199755, -0.16246744520517667, 0.5213036857710898], [-0.5440306084466285, 0.16664552219444034, -0.8223502702654952]]	0.6034890870325074	0.3965109129674925	[[0.028202386313619873, -0.5869171363330803, -0.13759352692667898], [-0.5055808108322305, -0.09804733017937592, 0.3146010853926761], [-0.32831653520919535, 0.10056875404717824, -0.4962794138234594]]	0.7769734465602309	0.36886538992603796	[[-0.013421876782375306, -0.8235530897139263, -0.1363401366890684], [-0.687833509432811, -0.15822175545752737, 0.2792932171142236], [-0.2845483603757769, 0.04904034072568803, -0.5983331319165356]]	[[-0.04973157279206644, -0.06791551471762715, 0.04080725360805084], [-0.03691392605039495, -0.03198886460262572, -0.12574590432389166], [0.1381489765032596, -0.08043880500755572, 0.04061119185138373]]	0.6338735730611488	[[1.8133627478042654e-16, -0.9081641255039998, 0.0], [-1.0, -1.7938038903913487e-16, 0.0], [0.0, 0.0, -0.9081641255039998]]
