4	[[0.04673222253661188, -0.9725397674033924, -0.22799671093185395], [-0.8377629715199755, -0.16246744520517667, 0.5213036857710898], [-0.5440306084466285, 0.16664552219444034, -0.8223502702654952]]	0.5517825597139219	0.4482174402860781	[[0.02578602537237233, -0.5366304822814262, -0.12580460876433355], [-0.46226299685883343, -0.08964670278549379, 0.287646282123074], [-0.30018660169140304, 0.09195209280131149, -0.4537585371085305]]	0.7247612190304142	0.44127744458302864	[[-0.009476379006542138, -0.746903426133389, -0.11792082619028761], [-0.6795200026631316, -0.1426120945908254, 0.27310387492190225], [-0.25550771281809, 0.015051482094665376, -0.5388973001626721]]	[[-0.043346081580177664, -0.042044318754550836, 0.047322347959607866], [-0.072341890165772, -0.024861990951164405, -0.10471681986260087], [0.13878457414954642, -0.10572672971693717, 0.05711028418493878]]	0.6695881679536693	[[1.6154311972518787e-16, -0.8090365054319999, 0.0], [-1.0, -1.7938038903913487e-16, 0.0], [0.0, 0.0, -0.8090365054319999]]
4	[[0.3802729664721569, 0.7767473726770865, -0.5020517802076895], [0.4287143634067757, 0.332951791095048, 0.839849450446521], [0.8195098935212374, -0.5346088512602871, -0.20639019011321075]]	0.5924916746312521	0.4075083253687481	[[0.22530856672208222, 0.4602163516028724, -0.2974615000068553], [0.25400969111335175, 0.1972711642773798, 0.49760380733319604], [0.485552789189277, -0.3167512935558975, -0.12228446936763873]]	0.77327858216795	0.3465417962782124	[[0.33974856678430176, 0.4712382010969365, -0.38174172749599083], [0.4029532132534627, 0.3131799863254567, 0.7267701845463618], [0.5440749066191238, -0.412585272306489, -0.05511594406452113]]	[[0.045691626433911885, -0.12940390594948117, 0.006484161277906495], [0.07143757816323604, 0.055715497377198525, 0.07733259227054413], [-0.0896345419155864, 0.000816302210502256, 0.10448116951959611]]	0.4392193550873169	[[0.37693010788076864, 0.37693010788076875, -0.5330596706317371], [0.5, 0.5000000000000001, 0.7071067811865475], [0.5330596706317371, -0.533059670631737, 0.0]]
4	[[0.8592155572171323, 0.2624339665249735, -0.4391776855101157], [-0.4266000482917053, 0.8413623931712975, -0.33184593135155627], [0.2824199444684594, 0.4724804086637203, 0.8348660002631537]]	0.5889526410758805	0.41104735892411953	[[0.5060372716765142, 0.15456117769290234, -0.2586548577827751], [-0.251247225124498, 0.4955226035601589, -0.1954415376997843], [0.1663319721872027, 0.27826858453910935, 0.4916965357994411]]	0.7552935415352675	0.4338713504704943	[[0.4835153630013166, 0.19466539089554388, -0.28963483080554675], [-0.35342739705975135, 0.7490340328968355, -0.2524580444147883], [0.24120614121767014, 0.3211649732325454, 0.4795462099506752]]	[[-0.16544459815140963, -0.003549289100251177, 0.042073238646650454], [-0.031219135766393246, 0.1135584512438981, -0.0018169556802021267], [0.027896181159893844, -0.0356964279331064, -0.15102268809546565]]	0.5857009528830752	[[0.5330596706317371, 0.37693010788076875, -0.37693010788076864], [-0.7071067811865475, 0.5000000000000001, -0.5], [0.0, 0.533059670631737, 0.5330596706317371]]
4	[[-0.5446221603179724, 0.8109226453022452, -0.2139887049042392], [-0.8354447797583356, -0.5021691245819775, 0.22328947644507607], [0.07361197229480154, 0.30038414347728, 0.9509735242804028]]	0.6285971859896705	0.37140281401032954	[[-0.3423479574034926, 0.509743692892291, -0.13451269773637878], [-0.5251582376058498, -0.3156620986031272, 0.14035913655448162], [0.04627227863966183, 0.18882062730573565, 0.5977792813133408]]	0.782503929721254	0.3159919107570393	[[-0.4576009579783583, 0.6001814525038964, -0.09683388120979772], [-0.7334767985415527, -0.4001256692682785, 0.10078572259391473], [0.07168103041514763, 0.10113119737498112, 0.7198249516757297]]	[[-0.03143197731626608, -0.034368704145065085, 0.07061312129373126], [-0.07973797531554756, -0.007176355898199206, -0.07393917018975865], [0.014079372819933364, -0.13392057532194349, -0.024315568134555765]]	0.42592251508155127	[[-0.6139463395776286, 0.6139463395776285, 0.0], [-0.7071067811865475, -0.7071067811865476, 0.0], [0.0, 0.0, 0.86825124]]
4	[[-0.30792515101507295, 0.09349718223056193, 0.9468053539599837], [0.3027085282091916, -0.9338174967034747, 0.1906631317268273], [0.9019698710720718, 0.34531602882779927, 0.2592434992682147]]	0.6324480946071158	0.3675519053928842	[[-0.19474667504109125, 0.05913211475285318, 0.5988052420758077], [0.19144743188722763, -0.5905910965008992, 0.12058453437245754], [0.5704491263525577, 0.21839446446943755, 0.1639580571514636]]	0.8097167523385476	0.2987846382896269	[[-0.20848450994378295, 0.06950250343237381, 0.7160335544485756], [0.2525694989238146, -0.845058695017086, 0.12149190093772237], [0.656095082138985, 0.24299565573068377, 0.13898200651140916]]	[[0.040847643299498713, -0.006203731316162154, -0.050610601856651206], [0.007461332557086399, -0.08893102430943618, -0.032891230874820904], [-0.07424503257271148, -0.03661251766220611, -0.07093179778093028]]	0.47950925656516497	[[0.0, 0.0, 0.9318], [0.0, -1.0, 0.0], [0.9318, 0.0, 0.0]]
4	[[-0.3195682178843842, -0.5708200961323295, -0.7563336379995778], [0.910087742671785, 0.03735879733279218, -0.41272826520656647], [0.2638493031197415, -0.8202248094963509, 0.507557688474819]]	0.5390019829305654	0.4609980170694344	[[-0.17224790312127014, -0.30767316371194176, -0.4076653306388609], [0.49053909794089434, 0.020136465842276123, -0.22246135335783165], [0.1422152975763885, -0.44210279876737846, 0.27357460053958166]]	0.7040307892699889	0.47176355623618926	[[-0.23716648935353693, -0.3836713303367598, -0.41003419987217116], [0.7881784179791873, 0.014737887059249999, -0.21792621472147683], [0.16428590325002776, -0.41003419987217116, 0.31762300351738143]]	[[-0.012180624690790197, 0.018203592474455077, 0.12244796824011356], [0.14744862620102797, -0.011563856513133339, 0.07264719158593545], [-0.02147212987370041, 0.16742932013637093, -0.039713236499596564]]	0.7234401670613101	[[0.0, 0.0, -0.7538602157615375], [1.0, 1.7938038903913487e-16, 0.0], [1.5052587895993004e-16, -0.7538602157615375, 0.0]]
4	[[-0.8305561570912853, 0.32773595720904825, 0.4502950280316503], [-0.5100865793185324, -0.772219296347621, -0.37879947194723407], [0.22358030216652452, -0.5443036842615101, 0.808545204538665]]	0.5580816215908555	0.44191837840914444	[[-0.46351812697177375, 0.18290341445285682, 0.2513013794382031], [-0.28466994533781903, -0.4309613971294297, -0.2114010235620722], [0.1247760575888675, -0.30376588275054056, 0.45123421887844806]]	0.7420827229291861	0.4130825094681337	[[-0.5141671229127952, 0.19487540140483237, 0.2539604012754418], [-0.4490692650794301, -0.6765446039238747, -0.266625507237995], [0.1550029254000427, -0.37039651883616853, 0.4912729784758963]]	[[0.10217425168710688, -0.04833179012266137, -0.08019575924775951], [-0.0705428273690994, -0.10349400579177201, 0.014475036348746334], [-0.010912154025022025, 0.03352184128100091, -0.10873444851949207]]	0.6837826226052327	[[-0.6139463395776286, 0.6139463395776285, 0.0], [-0.7071067811865475, -0.7071067811865476, 0.0], [0.0, 0.0, 0.86825124]]
4	[[0.22433838825039393, -0.7661379269479729, -0.6022499185961573], [-0.9416906372873723, -0.011392912655017143, -0.3362869982418849], [0.2507808429735371, 0.642575192824231, -0.724020780340167]]	0.49525885810403086	0.5047411418959691	[[0.11110557399378887, -0.3794365948504424, -0.2982696069771784], [-0.4663806297102012, -0.005642440912002743, -0.16654911474450818], [0.12420143392544024, 0.3182410562441062, -0.3585777049148605]]	0.715822841265963	0.46653584040874163	[[0.18992542357825845, -0.4618282715971179, -0.3361976770300992], [-0.8182394056267485, 0.047196411227412804, -0.2013099879989837], [0.1517595909878664, 0.3361976770300992, -0.38873836689482105]]	[[0.029338881095834754, 0.0865907560723947, 0.09490657085159704], [-0.1441557380501461, 0.05535171833442208, 0.03941192656332426], [-0.027755064564524243, -0.1237723232243659, 0.1295322452238769]]	0.7313011973692297	[[1.6154311972518787e-16, -0.8090365054319999, 0.0], [-1.0, -1.7938038903913487e-16, 0.0], [0.0, 0.0, -0.8090365054319999]]
4	[[0.034229894132735264, 0.2773841392786001, 0.9601491309293217], [-0.1827544195208179, -0.9427759796974285, 0.2788803941677556], [0.9825625356654255, -0.18501754344446375, 0.018422055382213542]]	0.7913258527497361	0.2086741472502641	[[0.027087000164119922, 0.21950124055388978, 0.7597908297995635], [-0.1446182968710942, -0.7460430060860354, 0.2206852657299817], [0.7775271364153858, -0.1464091653398516, 0.014577848684732997]]	0.8830936979212085	0.17960580168000098	[[0.009178598054092922, 0.21772713133703267, 0.8016412016487273], [-0.16741638237374865, -0.8245165450200822, 0.25623815461085764], [0.8318951310531377, -0.14848958445140353, 0.0]]	[[-0.021049605735035743, -0.027229053963197886, -0.04626044493948214], [-0.006027106227665677, 0.008042981202210305, 0.009960636047530034], [-0.0357996520064823, 0.014898242169265836, -0.016268401010788257]]	0.36840336287492886	[[0.0, 0.0, 0.9318], [0.0, -1.0, 0.0], [0.9318, 0.0, 0.0]]
4	[[0.8787972042104137, -0.3840163418041313, 0.28327887866788265], [-0.395223040501579, -0.9183905790867732, -0.018907472103605397], [0.2674214316928388, -0.09534250611366366, -0.9588511794847616]]	0.6126142848904601	0.38738571510954006	[[0.5383637208210982, -0.2352538966205884, 0.17354068767969635], [-0.24211928032910818, -0.562619187857379, -0.01158298750183654], [0.1638261891408915, -0.05840818120248637, -0.5874059296364316]]	0.8062284252521442	0.31720779231188273	[[0.62221888112319, -0.23960666538415248, 0.17968407621045013], [-0.3216977268960033, -0.8587415399244172, -0.019330363218406973], [0.1632365731737046, -0.05649139673251592, -0.7145152119130362]]	[[-0.0862924049433589, 0.06999822513968146, -0.04870340804515012], [-0.003057677329050823, -0.11830894958088317, -0.0040866217588183505], [-0.05236618657868666, 0.020376441831096076, 0.0585378645741243]]	0.5020432052263688	[[0.6139463395776286, -0.6139463395776285, 0.0], [-0.7071067811865475, -0.7071067811865476, 0.0], [0.0, 0.0, -0.86825124]]
4	[[-0.42203838922340475, -0.825029846081567, 0.3757783270710803], [0.2588054115689476, 0.28760896992378115, 0.9221175843470338], [-0.8688517462515349, 0.4864224845687207, 0.09214016247897017]]	0.5825478590920262	0.41745214090797383	[[-0.24585756009674167, -0.4806193705218408, 0.218908859928441], [0.15076653843092114, 0.1675459896847616, 0.5371776245924754], [-0.5061477246472001, 0.28336437699973244, 0.053676054388515526]]	0.770941942758947	0.3714824762239485	[[-0.24068149392348448, -0.513178721838053, 0.2885828154745557], [0.2706852828807625, 0.23633394269766633, 0.8272074414337166], [-0.5977026715566442, 0.31447892419668255, 0.025896108722126943]]	[[0.08468560178326387, 0.12287139053418537, -0.0011204580443298882], [0.07116133608926914, 0.01460412466972687, 0.11630831950502729], [0.07213158166801789, -0.06052457105836091, -0.04513860714553536]]	0.5553076908949867	[[-0.37693010788076864, -0.37693010788076875, 0.5330596706317371], [0.5, 0.5000000000000001, 0.7071067811865475], [-0.5330596706317371, 0.533059670631737, 0.0]]
4	[[0.08740825448676931, -0.06334395238859675, -0.994156597696443], [0.7119981850616444, -0.6940087028176986, 0.10681996481098455], [-0.6967197295301035, -0.717174639895393, -0.015561310176609944]]	0.6733396648026885	0.3266603351973116	[[0.05885544477710934, -0.04265199566861519, -0.6694050702543042], [0.4794166192695301, -0.4673035873254178, 0.0719261193000633], [-0.46912902914321963, -0.4829021316321526, -0.010478047378209204]]	0.8645279180455314	0.2253058754891737	[[0.050729646027668274, -0.05072964602766829, -0.7722687935400229], [0.6747549880619813, -0.6659895310672213, 0.09516691811921885], [-0.5557347606881581, -0.5632013373491346, 0.0]]	[[-0.024837230243772383, 0.004032969251620526, 0.08720734007771182], [0.0592126794784408, -0.0659996321147563, 0.0028180763354814327], [0.04659889654374811, 0.05681616095468327, 0.013453187089045337]]	0.23595802995912943	[[0.0, 0.0, -0.8090365054319999], [0.7071067811865475, -0.7071067811865476, 0.0], [-0.5720751992184343, -0.5720751992184342, 0.0]]
4	[[0.8489524140446696, -0.5135124485683378, 0.12483895166604869], [0.522794976890395, 0.7815435453534784, -0.34040431673891397], [0.0772347773085365, 0.35425224329800037, 0.9319550081910795]]	0.7018138684631999	0.2981861315368002	[[0.5958065778418616, -0.3603901580337551, 0.08761370760364008], [0.3669047651445773, 0.548498098936969, -0.23890047037210962], [0.054204437842797784, 0.2486191372807363, 0.6540589495322348]]	0.8563626201413572	0.2413378873082956	[[0.6762056789928756, -0.42365841859747166, 0.053990360059356104], [0.4937837668555884, 0.66530149801848, -0.3142498959341556], [0.02209440068216873, 0.26121277016850963, 0.7489653511799662]]	[[-0.05080543467374807, 0.016094447333714082, -0.052917051685081595], [0.046081690648989364, -0.0039831802349905195, -0.022740363344190804], [-0.04404657557980383, -0.042155609093119426, -0.04912608148840665]]	0.45009669760169546	[[0.658882098709625, -0.6588820987096249, 0.0], [0.7071067811865475, 0.7071067811865476, 0.0], [0.0, 0.0, 0.9318]]
4	[[0.5319609947059123, -0.8460851799387872, 0.03402011756955908], [-0.703274286200726, -0.4190807785627857, 0.5742617690636116], [-0.47161719485230363, -0.3294103357928521, -0.8179645788128509]]	0.5746192716656633	0.4253807283343368	[[0.3056750393324531, -0.4861768498635375, 0.019548615179800256], [-0.40411495811785025, -0.2408118917468271, 0.3299818794847678], [-0.27100032901103394, -0.18928552723243025, -0.4700182105257514]]	0.7291735580490815	0.4566928967773981	[[0.4502487998780827, -0.5860465344625174, 0.09197341030972069], [-0.5135212491238607, -0.3520787869420638, 0.34064294230086917], [-0.2484321671163091, -0.1065829592292514, -0.5301650000005427]]	[[0.062356908625044026, 0.030896406606045174, 0.06716684013627724], [-0.0007122355704492767, -0.046496164527457993, -0.07809355509880442], [0.09545862089127208, 0.13361434737896527, 0.06627314229054217]]	0.6910145529537558	[[0.6139463395776286, -0.6139463395776285, 0.0], [-0.7071067811865475, -0.7071067811865476, 0.0], [0.0, 0.0, -0.86825124]]
