4	[[0.8592155572171323, 0.2624339665249735, -0.4391776855101157], [-0.4266000482917053, 0.8413623931712975, -0.33184593135155627], [0.2824199444684594, 0.4724804086637203, 0.8348660002631537]]	0.7327344089960296	0.2672655910039704	[[0.6295768035176897, 0.1922943973621604, -0.3218006018364988], [-0.3125845342627003, 0.6164951759118559, -0.24315493238661962], [0.20693881109878812, 0.34620265300441366, 0.6117350452937012]]	0.8109020102464582	0.2743925204236589	[[0.6629325966619745, 0.26781320870384123, -0.27617898472470587], [-0.33757489681780734, 0.6896535297024434, -0.34804708487485014], [0.14015044859203596, 0.38758435930067014, 0.6626336389097278]]	[[-0.03380702592042874, 0.055004977691788505, 0.0799510833108338], [0.008355939913172603, 0.0073910737340674715, -0.078952552049765], [-0.08886445211113088, 0.004449046113191328, -0.014360878990083556]]	0.5000031807311361	[[0.6672487693292413, 0.47181612953108487, -0.47181612953108476], [-0.7071067811865475, 0.5000000000000001, -0.5], [0.0, 0.6672487693292412, 0.6672487693292413]]
4	[[0.034229894132735264, 0.2773841392786001, 0.9601491309293217], [-0.1827544195208179, -0.9427759796974285, 0.2788803941677556], [0.9825625356654255, -0.18501754344446375, 0.018422055382213542]]	0.8667050396138509	0.1332949603861491	[[0.02966722175029024, 0.24041023142171308, 0.8321660905573023], [-0.1583941764103968, -0.8171086928306469, 0.24170704307469099], [0.8515919013969885, -0.16035563732029132, 0.01596648823980994]]	0.9271503254431673	0.12383840939514294	[[0.010281483011181413, 0.240820608633337, 0.8756392502505279], [-0.1640343262192727, -0.827460964139422, 0.25251175419411226], [0.9094501253926691, -0.16345266501401642, 0.0]]	[[-0.02145477447386926, -0.016356186371589938, -0.014563328964567], [0.005406493315630747, 0.04663409225704975, -0.006052294018241129], [-0.0015330493177937428, 0.00808641060321349, -0.017080014642951342]]	0.3444487184446207	[[0.0, 0.0, 0.9856], [0.0, -1.0, 0.0], [0.9856, 0.0, 0.0]]
4	[[0.8489524140446696, -0.5135124485683378, 0.12483895166604869], [0.522794976890395, 0.7815435453534784, -0.34040431673891397], [0.0772347773085365, 0.35425224329800037, 0.9319550081910795]]	0.8194067237250929	0.18059327627490715	[[0.6956373161908512, -0.42077555307343195, 0.10229387637795218], [0.42838171919369417, 0.6404020359465873, -0.2789295859209123], [0.06328669583202504, 0.29027667005307894, 0.7636501999210445]]	0.9095194298858097	0.14935531305487224	[[0.7648466027550415, -0.47477846802243806, 0.05476911268423492], [0.49998288584262185, 0.6734179909492344, -0.28845582963478955], [0.02197832420454893, 0.28850118953164894, 0.8476311877291757]]	[[-0.007292112867048159, -0.007728918561297296, -0.058774339462611826], [0.024490696514104626, -0.03741104885159577, 0.02114851045625607], [-0.04826820642046866, -0.033698108828517453, 0.0]]	0.4314849111304034	[[0.6969244435374613, -0.6969244435374612, 0.0], [0.7071067811865475, 0.7071067811865476, 0.0], [0.0, 0.0, 0.9856]]
4	[[-0.30792515101507295, 0.09349718223056193, 0.9468053539599837], [0.3027085282091916, -0.9338174967034747, 0.1906631317268273], [0.9019698710720718, 0.34531602882779927, 0.2592434992682147]]	0.7359633251228789	0.2640366748771212	[[-0.2266216180300177, 0.06881049712402418, 0.696814016544534], [0.22278237496388942, -0.6872554299318121, 0.14032107240401728], [0.6638167454748564, 0.25413993279433506, 0.1907937077379259]]	0.8550015639888487	0.25584532400494653	[[-0.2620303003210515, 0.08098915988110288, 0.7491678636766154], [0.24307192295151958, -0.8497639781204844, 0.11962991862698798], [0.6853999293469168, 0.26848538021233376, 0.18104114043994865]]	[[0.0012461853883382684, 0.0010489228454220248, -0.06035219475218619], [-0.01574434210010174, -0.051348557958861896, -0.04338735719446129], [-0.0857857210905249, -0.026760364505852976, -0.040612456888316883]]	0.4684829544927495	[[0.0, 0.0, 0.9856], [0.0, -1.0, 0.0], [0.9856, 0.0, 0.0]]
4	[[0.3802729664721569, 0.7767473726770865, -0.5020517802076895], [0.4287143634067757, 0.332951791095048, 0.839849450446521], [0.8195098935212374, -0.5346088512602871, -0.20639019011321075]]	0.7560348060234549	0.24396519397654537	[[0.28749959844274087, 0.5872480492311493, -0.3795686202630507], [0.32412298057771066, 0.25172314279570634, 0.6349554163572406], [0.6195780033826308, -0.40418289916099315, -0.15603816734738526]]	0.8682572486599511	0.2184979611671079	[[0.34488619132080955, 0.6283015678682115, -0.42780863524305446], [0.4034161664961704, 0.30405911540419905, 0.7225292428674148], [0.6740605481867489, -0.4541432686657664, -0.08618939527793289]]	[[0.014711431711936725, -0.046114968836241194, 0.00810146212490444], [0.031181812863600916, 0.014971309331609985, -0.006676130265853349], [-0.037484857211610025, 0.010034741638747522, 0.09301038334016774]]	0.37250409016162667	[[0.47181612953108476, 0.47181612953108487, -0.6672487693292413], [0.5, 0.5000000000000001, 0.7071067811865475], [0.6672487693292413, -0.6672487693292412, 0.0]]
4	[[0.8787972042104137, -0.3840163418041313, 0.28327887866788265], [-0.395223040501579, -0.9183905790867732, -0.018907472103605397], [0.2674214316928388, -0.09534250611366366, -0.9588511794847616]]	0.7097676661120952	0.2902323338879049	[[0.6237418406182595, -0.27256238267122296, 0.20106218857095448], [-0.28051653505053187, -0.6518439378977547, -0.01341991234705555], [0.18980708544098132, -0.06767102804557322, -0.6805615638117289]]	0.853013960426241	0.24172487680228513	[[0.6966829417183467, -0.3168591513623406, 0.14994125814229356], [-0.3601523980662226, -0.8405082960819006, -0.024894636618847152], [0.1362740584566103, -0.057178372076911434, -0.8179134420716689]]	[[-0.05294334185668648, 0.01071214922839852, -0.09169958005530163], [-0.023021627036270014, -0.05710831099694315, -0.008766298958102027], [-0.09184015609455354, 0.024150116660067916, 0.0]]	0.4736923876664864	[[0.6868887315505219, -0.6868887315505218, 0.0], [-0.7071067811865475, -0.7071067811865476, 0.0], [0.0, 0.0, -0.97140736]]
4	[[0.5319609947059123, -0.8460851799387872, 0.03402011756955908], [-0.703274286200726, -0.4190807785627857, 0.5742617690636116], [-0.47161719485230363, -0.3294103357928521, -0.8179645788128509]]	0.6618593095840072	0.3381406904159929	[[0.3520833366816768, -0.5599893530435461, 0.022516531526555153], [-0.46546863351299794, -0.2773725147594934, 0.3800804979929326], [-0.31214423097289185, -0.2180232974176931, -0.5413774713972467]]	0.785587911731099	0.373748492763744	[[0.506488435756593, -0.708155168696733, 0.08436537328996041], [-0.5087287610381881, -0.392828012127707, 0.32855654865845296], [-0.30009358866030944, -0.09430834286989659, -0.6219744721622112]]	[[0.0885863088031771, -0.04348087904199011, 0.05763958017164397], [0.04375501683241943, -0.06360321844992511, -0.12257655528723627], [0.07040317858019056, 0.16447243492825014, 0.020608613177384372]]	0.6532037743534337	[[0.6868887315505219, -0.6868887315505218, 0.0], [-0.7071067811865475, -0.7071067811865476, 0.0], [0.0, 0.0, -0.97140736]]
4	[[-0.8305561570912853, 0.32773595720904825, 0.4502950280316503], [-0.5100865793185324, -0.772219296347621, -0.37879947194723407], [0.22358030216652452, -0.5443036842615101, 0.808545204538665]]	0.6691944689918033	0.3308055310081966	[[-0.5558035865125756, 0.21931908985402943, 0.3013349421732895], [-0.3413471175869107, -0.5167648819645703, -0.25349051148410473], [0.14961870158535437, -0.36424501495966344, 0.5410739788071209]]	0.8067138746188887	0.33968500839032195	[[-0.6603284193500729, 0.27128191165064897, 0.20273589402680528], [-0.5683110717577066, -0.6297721070250037, -0.2950521279295474], [0.1824208375275342, -0.2894623380020294, 0.6443830682632321]]	[[0.009692756225612071, 0.006892767758607322, -0.16052335275822838], [-0.15681715096455828, -0.0068120864129427045, 0.010530661788594816], [0.0020555056783153483, 0.14963499609790953, -0.00788156649467608]]	0.6492511083475053	[[-0.9436322590621697, 0.0, 0.0], [0.0, -0.7071067811865476, -0.7071067811865475], [0.0, -0.6672487693292412, 0.6672487693292413]]
4	[[-0.42203838922340475, -0.825029846081567, 0.3757783270710803], [0.2588054115689476, 0.28760896992378115, 0.9221175843470338], [-0.8688517462515349, 0.4864224845687207, 0.09214016247897017]]	0.7499247028480962	0.2500752971519038	[[-0.31649701362885097, -0.6187102621635298, 0.28180545026553466], [0.1940845713663223, 0.21568507130653872, 0.6915187554324537], [-0.6515733876267319, 0.3647802371988306, 0.06909818396741702]]	0.8641399428715975	0.22164029202736796	[[-0.2892743367061539, -0.6543579223560158, 0.3449950614574759], [0.25852056782681343, 0.23409351606093243, 0.830542782697233], [-0.7606768082443038, 0.3860455361762571, 0.023050154040066963]]	[[0.07542589284698008, 0.05858332170427231, 0.020269999369888013], [0.03487647425876281, -0.014440882778362822, 0.03370414603869165], [-0.009867309874614618, -0.03429156185041776, -0.056571840700690004]]	0.4884044258566962	[[-0.47181612953108476, -0.47181612953108487, 0.6672487693292413], [0.5, 0.5000000000000001, 0.7071067811865475], [-0.6672487693292413, 0.6672487693292412, 0.0]]
4	[[0.04673222253661188, -0.9725397674033924, -0.22799671093185395], [-0.8377629715199755, -0.16246744520517667, 0.5213036857710898], [-0.5440306084466285, 0.16664552219444034, -0.8223502702654952]]	0.6268404826322946	0.3731595173677053	[[0.029293648929329626, -0.6096272971782422, -0.14291756831909905], [-0.5251437453990467, -0.10184117176444885, 0.326774253986744], [-0.3410204091654256, 0.10446015956087376, -0.5154824403060211]]	0.798785044910661	0.337881118626232	[[-0.032436669953715275, -0.8770656573324583, -0.15536699908447602], [-0.6867649517087109, -0.14873862840961358, 0.28010206872881516], [-0.31124422724334566, 0.0458723785667642, -0.6246112955274932]]	[[-0.06976567043139793, -0.10021543554973562, 0.026753363896707925], [-0.017572418878638488, -0.018962062894876112, -0.13630751932193788], [0.1233192867574688, -0.0872415723634824, 0.032269802038824576]]	0.618301179402558	[[1.9117118485181538e-16, -0.9574190940160001, 0.0], [-1.0, -1.7938038903913487e-16, 0.0], [0.0, 0.0, -0.9574190940160001]]
4	[[0.08740825448676931, -0.06334395238859675, -0.994156597696443], [0.7119981850616444, -0.6940087028176986, 0.10681996481098455], [-0.6967197295301035, -0.717174639895393, -0.015561310176609944]]	0.8989687149396105	0.10103128506038946	[[0.07857728621108544, -0.05694423147797269, -0.8937156790799068], [0.6400640934642015, -0.6238921117289326, 0.09602780649602516], [-0.6263292399287503, -0.6447175644140394, -0.013989131012243724]]	0.9482047713481194	0.08152489669295925	[[0.06808228029394837, -0.06397574109735421, -0.9154540836896214], [0.6792168213965245, -0.6619160445852742, 0.10203432875925543], [-0.6592959688438358, -0.6774071323901157, 0.0]]	[[-0.014798643665616965, -0.003912703206438665, 0.027209945713358708], [0.004096745129871797, -0.0038536812164134265, 0.0007471284502416804], [0.0013370029889795626, 0.002621283048565266, 0.014755308557889597]]	0.1308550664601949	[[0.0, 0.0, -0.9574190940160001], [0.7071067811865475, -0.7071067811865476, 0.0], [-0.6769975338161944, -0.6769975338161943, 0.0]]
4	[[-0.5446221603179724, 0.8109226453022452, -0.2139887049042392], [-0.8354447797583356, -0.5021691245819775, 0.22328947644507607], [0.07361197229480154, 0.30038414347728, 0.9509735242804028]]	0.7359823366809868	0.2640176633190135	[[-0.40083229015906824, 0.5968247433570733, -0.15749190705876007], [-0.6148726011744722, -0.36958760571888927, 0.16433711063032122], [0.05417711137722409, 0.2210774238183253, 0.699899716521644]]	0.8446678187967138	0.23923540420870498	[[-0.5139825295573013, 0.6514372773843871, -0.13960117765374008], [-0.7367701780885298, -0.40886707500496644, 0.0938715342365954], [0.07876450050474025, 0.14941688506231016, 0.789637110578027]]	[[-0.05395771733316535, -0.03352298463592169, 0.04114819496485729], [-0.031096858244955564, 0.015299024122747607, -0.09473390079252719], [0.01658683642916614, -0.10430793420976307, -0.013619621909324598]]	0.3882888746654128	[[-0.6868887315505219, 0.6868887315505218, 0.0], [-0.7071067811865475, -0.7071067811865476, 0.0], [0.0, 0.0, 0.97140736]]
4	[[-0.3195682178843842, -0.5708200961323295, -0.7563336379995778], [0.910087742671785, 0.03735879733279218, -0.41272826520656647], [0.2638493031197415, -0.8202248094963509, 0.507557688474819]]	0.6637969482284344	0.33620305177156556	[[-0.21212840778245362, -0.37890863780010187, -0.5020519607466292], [0.6041134662056357, 0.024798655658992017, -0.27396776289173475], [0.17514236220308352, -0.5444627254049268, 0.33691524465946315]]	0.7797168440753368	0.35873618149654496	[[-0.291964416908874, -0.42230170407665246, -0.5421921823146008], [0.7740224831064824, 0.034202274763076024, -0.24014456296439468], [0.22660815645158922, -0.5421921823146006, 0.31662916883907144]]	[[-0.04279169459328229, 0.022776339814427962, 0.04753389497444835], [0.06441174055879115, 0.0050729912083012025, 0.08166661744315795], [0.020880410511587528, 0.09735091757818852, -0.07912211020468736]]	0.7116908324237925	[[0.0, 0.0, -0.9436322590621697], [1.0, -1.7938038903913487e-16, 0.0], [-1.8841831978994926e-16, -0.9436322590621697, 0.0]]
4	[[0.22433838825039393, -0.7661379269479729, -0.6022499185961573], [-0.9416906372873723, -0.011392912655017143, -0.3362869982418849], [0.2507808429735371, 0.642575192824231, -0.724020780340167]]	0.6137615713576539	0.3862384286423461	[[0.13769028168840525, -0.47022601792028323, -0.36963785638759666], [-0.5779735252742884, -0.006992531973483835, -0.20640003646808794], [0.15391964424983523, 0.39438796006324756, -0.4443761318371756]]	0.7758869158025767	0.3679574266574126	[[0.2267195200902166, -0.5839155061632149, -0.3625108912929566], [-0.8371039561688084, -0.01494713774245246, -0.15670473665960907], [0.1478716446598494, 0.36251089129295655, -0.5299541615794525]]	[[0.05265829993449736, 0.010520887055827662, 0.1047669405889688], [-0.1064585119637461, -0.0061075258805430195, 0.10421594523079353], [-0.046705930137258635, -0.13605479323868208, 0.031804088655654525]]	0.7424243919879502	[[1.8841831978994926e-16, -0.9436322590621697, 0.0], [-1.0, -1.7938038903913487e-16, 0.0], [0.0, 0.0, -0.9436322590621697]]
