4	[[-0.8305561570912853, 0.32773595720904825, 0.4502950280316503], [-0.5100865793185324, -0.772219296347621, -0.37879947194723407], [0.22358030216652452, -0.5443036842615101, 0.808545204538665]]	0.5211270986755315	0.47887290132446836	[[-0.43282532043208055, 0.17079208851199948, 0.23466094150615108], [-0.2658199391535932, -0.40242440144689634, -0.1974026697956855], [0.11651375418903966, -0.2836513997776033, 0.4213548165892487]]	0.7163900613862151	0.4317738753015546	[[-0.5016632525517257, 0.17122025463563884, 0.24252480816162697], [-0.4387144035358078, -0.670554341087623, -0.2636878570618555], [0.13928320636649222, -0.34088905499067546, 0.4702102759471098]]	[[0.09333892381159901, -0.06356652786782119, -0.08006207461187446], [-0.07329344766551996, -0.11734411197353109, 0.007680319899489321], [-0.02088750002733281, 0.04904469479017083, -0.10902347276587432]]	0.6877501459871612	[[-0.5886478408558626, 0.5886478408558625, 0.0], [-0.7071067811865475, -0.7071067811865476, 0.0], [0.0, 0.0, 0.8324737600000002]]
4	[[0.8592155572171323, 0.2624339665249735, -0.4391776855101157], [-0.4266000482917053, 0.8413623931712975, -0.33184593135155627], [0.2824199444684594, 0.4724804086637203, 0.8348660002631537]]	0.5332604884243864	0.46673951157561366	[[0.45818570770343936, 0.13994566516825643, -0.23419610708021588], [-0.2274889501139016, 0.44866532072443677, -0.17696032343417628], [0.15060339752803872, 0.2519551334949691, 0.44520105106924324]]	0.7359327798756353	0.4640782797234791	[[0.454002645002227, 0.18174275073998247, -0.28390522005240953], [-0.3510471135020815, 0.7496041298917062, -0.25346199207557324], [0.23612923397993235, 0.30785825100988795, 0.44953988043744153]]	[[-0.17832224853297007, -0.011391007778530702, 0.03930003490439743], [-0.03709815406768658, 0.130417965002336, -0.009245693325603148], [0.028287139154936462, -0.03985556957477998, -0.16486537595987402]]	0.6174673032701514	[[0.49003388139316173, 0.34650628054426896, -0.3465062805442689], [-0.7071067811865475, 0.5000000000000001, -0.5], [0.0, 0.4900338813931616, 0.49003388139316173]]
4	[[0.8787972042104137, -0.3840163418041313, 0.28327887866788265], [-0.395223040501579, -0.9183905790867732, -0.018907472103605397], [0.2674214316928388, -0.09534250611366366, -0.9588511794847616]]	0.5795837282436064	0.4204162717563937	[[0.5093365599863294, -0.2225696230893095, 0.16418382863099965], [-0.22906484330167903, -0.5322842358109167, -0.01095846317346958], [0.1549931103927784, -0.055258965153446006, -0.5557345414365575]]	0.7902080295836715	0.3686287874921407	[[0.5501928301052734, -0.23254244308810892, 0.22408079211575796], [-0.3455322207131298, -0.8468068771522709, -0.02430869412814545], [0.20125594151060494, -0.07534041389164733, -0.6381328932361721]]	[[-0.14423977703747698, 0.07091035369686328, 0.0002315475809384535], [-0.033223800632309446, -0.12108726726390474, -0.009367857852747196], [-0.01006262109583761, 0.0, 0.11955900796846047]]	0.5138290761982073	[[0.9124000000000001, 0.0, 0.0], [0.0, -1.0, 0.0], [0.0, 0.0, -0.9124000000000001]]
4	[[-0.5446221603179724, 0.8109226453022452, -0.2139887049042392], [-0.8354447797583356, -0.5021691245819775, 0.22328947644507607], [0.07361197229480154, 0.30038414347728, 0.9509735242804028]]	0.5844632069051409	0.4155367930948591	[[-0.31831161437104794, 0.4739544498253503, -0.12506852470980948], [-0.48828673516971605, -0.29349937696192974, 0.13050448347125906], [0.04302348939403208, 0.17556347980018502, 0.5558090356828082]]	0.7585757929436748	0.34170733668938	[[-0.4317772093167004, 0.5820715753161145, -0.08183431475322259], [-0.7309835040267517, -0.3901174626990689, 0.10742455200471393], [0.06785035903958472, 0.0884305196222135, 0.6958014298160414]]	[[-0.018640022198797356, -0.03307471336001857, 0.08049233675050073], [-0.09723531776091848, -0.009184120827464315, -0.06195743964558766], [0.012010098785907825, -0.13943362020377073, -0.025584065433406265]]	0.4418275734267794	[[-0.5886478408558626, 0.5886478408558625, 0.0], [-0.7071067811865475, -0.7071067811865476, 0.0], [0.0, 0.0, 0.8324737600000002]]
4	[[0.034229894132735264, 0.2773841392786001, 0.9601491309293217], [-0.1827544195208179, -0.9427759796974285, 0.2788803941677556], [0.9825625356654255, -0.18501754344446375, 0.018422055382213542]]	0.7491809300464333	0.2508190699535669	[[0.02564438392175356, 0.20781090744487102, 0.7193254188929041], [-0.1369161259867024, -0.7063097852951566, 0.20893187307431507], [0.7361171142986053, -0.1386116152726297, 0.01380145258461364]]	0.8659439226841661	0.20627956485314947	[[0.009226851110996786, 0.20945253498331606, 0.7754674645039176], [-0.16866216173187945, -0.8233956320697284, 0.25769849849970994], [0.8044340757910872, -0.14334283602601364, 0.0]]	[[-0.020414317687367706, -0.03074657467396605, -0.05596784029481214], [-0.010407082804154722, -0.007004501998129679, 0.016203716014377218], [-0.04640998062553221, 0.016871981309673444, -0.015952466901578945]]	0.37756831078321695	[[0.0, 0.0, 0.9124000000000001], [0.0, -1.0, 0.0], [0.9124000000000001, 0.0, 0.0]]
4	[[0.08740825448676931, -0.06334395238859675, -0.994156597696443], [0.7119981850616444, -0.6940087028176986, 0.10681996481098455], [-0.6967197295301035, -0.717174639895393, -0.015561310176609944]]	0.6121905288899595	0.3878094711100405	[[0.05351050554360348, -0.038778567714755456, -0.6086132533432281], [0.4358785454815793, -0.4248655548322016, 0.06539417075364351], [-0.4265252197091036, -0.43904752210402687, -0.009526486707239554]]	0.8374807318147462	0.27491128608899934	[[0.0474298638239018, -0.047429863823901804, -0.7226577557175865], [0.678757954685466, -0.6642216616023875, 0.0967889479173545], [-0.5196012646751912, -0.530642292402326, 0.0]]	[[-0.025772865110327337, 0.005619475778538635, 0.10992923925968894], [0.08247319360926889, -0.0830027452808186, 0.007329285615025705], [0.06388808428145179, 0.069977649856245, 0.013032297434703553]]	0.2776202968824076	[[0.0, 0.0, -0.7595490586240002], [0.7071067811865475, -0.7071067811865476, 0.0], [-0.5370822899968891, -0.537082289996889, 0.0]]
4	[[0.5319609947059123, -0.8460851799387872, 0.03402011756955908], [-0.703274286200726, -0.4190807785627857, 0.5742617690636116], [-0.47161719485230363, -0.3294103357928521, -0.8179645788128509]]	0.5437211381951274	0.45627886180487265	[[0.28923843751691075, -0.4600343970463465, 0.018497457046452698], [-0.3823850953564244, -0.22786307791585797, 0.3122382626972143], [-0.25642823797748776, -0.17910736271052868, -0.44474463179542123]]	0.7040933732944213	0.48702203981267733	[[0.4251090122004644, -0.544352163351546, 0.08124799504165815], [-0.5296467204679325, -0.34223643095318373, 0.32859430829309544], [-0.24269565135674015, -0.1110910868397454, -0.4901038437011808]]	[[0.05055880097692273, 0.05137080508597205, 0.0572946557022345], [-0.03447595594563706, -0.04716443189205957, -0.07573959784092485], [0.08936689027047073, 0.12084454768669188, 0.08581959583051009]]	0.7050711331084435	[[0.5886478408558626, -0.5886478408558625, 0.0], [-0.7071067811865475, -0.7071067811865476, 0.0], [0.0, 0.0, -0.8324737600000002]]
4	[[0.3802729664721569, 0.7767473726770865, -0.5020517802076895], [0.4287143634067757, 0.332951791095048, 0.839849450446521], [0.8195098935212374, -0.5346088512602871, -0.20639019011321075]]	0.541389525902704	0.4586104740972963	[[0.20587580103197584, 0.4205228918398188, -0.27180557526524957], [0.23210146595247383, 0.18025661232940418, 0.4546856958068884], [0.4436740727260381, -0.28943163252719606, -0.11173748717636009]]	0.7407278359397628	0.4015132599194513	[[0.29257488922819247, 0.4197854045438961, -0.3467078058787975], [0.41540452346975476, 0.31513687644239224, 0.7033888945204185], [0.5224799184378924, -0.3741349910478742, -0.039628385308441545]]	[[0.01089611770687775, -0.1555729958910985, 0.0251759228041497], [0.09784386082716079, 0.06851021675228935, 0.08128902857596804], [-0.08455387152131903, 0.021864666420400775, 0.11325057357331325]]	0.4721470201088333	[[0.3465062805442689, 0.34650628054426896, -0.49003388139316173], [0.5, 0.5000000000000001, 0.7071067811865475], [0.49003388139316173, -0.4900338813931616, 0.0]]
4	[[0.8489524140446696, -0.5135124485683378, 0.12483895166604869], [0.522794976890395, 0.7815435453534784, -0.34040431673891397], [0.0772347773085365, 0.35425224329800037, 0.9319550081910795]]	0.6670222708931725	0.3329777291068277	[[0.5662701670963163, -0.34252423957596617, 0.0832703610362108], [0.3487158926969749, 0.5213069504235781, -0.22705726037302917], [0.05151731655226848, 0.23629413579363284, 0.6216347459338789]]	0.8186736792625657	0.27320351794855424	[[0.6485458204696808, -0.401428425806682, 0.05072821122214524], [0.4765208546320672, 0.6255817958875487, -0.2643546811375928], [0.026051963685547654, 0.22546659673750394, 0.7163919459277025]]	[[-0.046469175855105904, 0.018970699809888122, -0.051474152653580456], [0.0485223674012195, -0.014247333890893558, 0.014325373283913707], [-0.03717811562065686, -0.06455039067028767, -0.04657508953526295]]	0.45748069108253103	[[0.6451642271546061, -0.645164227154606, 0.0], [0.7071067811865475, 0.7071067811865476, 0.0], [0.0, 0.0, 0.9124000000000001]]
4	[[0.22433838825039393, -0.7661379269479729, -0.6022499185961573], [-0.9416906372873723, -0.011392912655017143, -0.3362869982418849], [0.2507808429735371, 0.642575192824231, -0.724020780340167]]	0.45988986155005535	0.5401101384499447	[[0.10317095031283624, -0.35233906515234975, -0.2769686316817188], [-0.43307397680507304, -0.0052394850235676985, -0.15465498106254416], [0.11533156715450615, 0.2955138164634357, -0.3329698164300025]]	0.6854837717310889	0.5046557493785772	[[0.17565619685076028, -0.41795187911332343, -0.3234575624434366], [-0.8193945249403214, 0.04967892163471234, -0.20118315816484666], [0.13942245568770079, 0.3234575624434366, -0.35128860247608573]]	[[0.0218758723288069, 0.10722323671721037, 0.08937498328059845], [-0.17388087508872047, 0.05748857837247633, 0.029336121774126662], [-0.032483742431701323, -0.11701730435454892, 0.14501589284317812]]	0.7328296466022756	[[1.5166178990765408e-16, -0.7595490586240002, 0.0], [-1.0, -1.7938038903913487e-16, 0.0], [0.0, 0.0, -0.7595490586240002]]
4	[[-0.42203838922340475, -0.825029846081567, 0.3757783270710803], [0.2588054115689476, 0.28760896992378115, 0.9221175843470338], [-0.8688517462515349, 0.4864224845687207, 0.09214016247897017]]	0.5275903237349432	0.4724096762650569	[[-0.22266337039895007, -0.4352777635851643, 0.19825700923200656], [0.1365432308740163, 0.15173970955116123, 0.48650031484733536], [-0.45839777408251803, 0.25663179610556686, 0.048612258151270134]]	0.734544424460341	0.41898682708371404	[[-0.21560464227331183, -0.47906058964869735, 0.2617813057626867], [0.2695183939425972, 0.2356243643123725, 0.8280804133811266], [-0.5537257316927848, 0.2819257021344115, 0.022985307079105673]]	[[0.09440130343896332, 0.12696048380389102, -0.014244569220409786], [0.07941432185446283, 0.02436279903007705, 0.15074408310217458], [0.0844844741989112, -0.07537322183768863, -0.044695735538691765]]	0.5840832930263278	[[-0.3465062805442689, -0.34650628054426896, 0.49003388139316173], [0.5, 0.5000000000000001, 0.7071067811865475], [-0.49003388139316173, 0.4900338813931616, 0.0]]
4	[[-0.30792515101507295, 0.09349718223056193, 0.9468053539599837], [0.3027085282091916, -0.9338174967034747, 0.1906631317268273], [0.9019698710720718, 0.34531602882779927, 0.2592434992682147]]	0.5935468532865146	0.40645314671348565	[[-0.1827680044327713, 0.055494958304105876, 0.5619733385177729], [0.17967169438155783, -0.5542644367122376, 0.11316750187421054], [0.5353613787340714, 0.20496124230013563, 0.15387316322563369]]	0.793415178878798	0.30947907737587305	[[-0.17551659060841468, 0.06991621953268976, 0.7185981556166381], [0.26107806337462924, -0.8379364929735873, 0.13017785325428383], [0.6603134508089594, 0.23958819071859494, 0.10560037107572495]]	[[0.06879589816549031, -0.004265864031435107, -0.032611583658925955], [0.020904522317395834, -0.0970315167864486, -0.021097169510348672], [-0.05532313579097485, -0.03439078806352955, -0.10008735626933117]]	0.4844778730743635	[[0.0, 0.0, 0.9124000000000001], [0.0, -1.0, 0.0], [0.9124000000000001, 0.0, 0.0]]
4	[[-0.3195682178843842, -0.5708200961323295, -0.7563336379995778], [0.910087742671785, 0.03735879733279218, -0.41272826520656647], [0.2638493031197415, -0.8202248094963509, 0.507557688474819]]	0.4928506941079352	0.5071493058920648	[[-0.15749941799915462, -0.2813290805895769, -0.3727595584652716], [0.4485373756749132, 0.018412309196504252, -0.2034134119850203], [0.13003831218245956, -0.40424836668482544, 0.25015015906463367]]	0.6790763634125953	0.5084663391337073	[[-0.23427563200166646, -0.3685015090411318, -0.3713442353566645], [0.7781313576337363, 0.013094169219628832, -0.22729242484504222], [0.1575165054578868, -0.37134423535666444, 0.3080251476918636]]	[[-0.017264408738494975, 0.019128926003238636, 0.14226406106270703], [0.1601122829538028, -0.012275307014591945, 0.05298158456902213], [-0.021657319793614786, 0.18565104545690614, -0.03664528161971932]]	0.7356150517094625	[[0.0, 0.0, -0.6930125610885379], [1.0, 1.7938038903913487e-16, 0.0], [1.383762171117436e-16, -0.6930125610885379, 0.0]]
4	[[0.04673222253661188, -0.9725397674033924, -0.22799671093185395], [-0.8377629715199755, -0.16246744520517667, 0.5213036857710898], [-0.5440306084466285, 0.16664552219444034, -0.8223502702654952]]	0.517588390183135	0.48241160981686493	[[0.02418805583240495, -0.5033752925994024, -0.11800845057826788], [-0.4336163877840636, -0.08409126342091411, 0.26982073551479324], [-0.2815839268362419, 0.08625378756384826, -0.4256389525533836]]	0.6963151913423258	0.4731518382078969	[[-0.00024517951232987285, -0.6965070231888382, -0.10682644549820833], [-0.6708886053018551, -0.14880874100143987, 0.28039813915804296], [-0.24025301938626653, 0.015291281269746042, -0.5030249787625817]]	[[-0.03278553598976282, -0.019312808961323952, 0.05193112789972647], [-0.08754152148840824, -0.035680190806498556, -0.08259353654711304], [0.13856375783032954, -0.10074652740341748, 0.06959000702774984]]	0.6894901810133249	[[1.5166178990765408e-16, -0.7595490586240002, 0.0], [-1.0, -1.7938038903913487e-16, 0.0], [0.0, 0.0, -0.7595490586240002]]
