4	[[-0.30792515101507295, 0.09349718223056193, 0.9468053539599837], [0.3027085282091916, -0.9338174967034747, 0.1906631317268273], [0.9019698710720718, 0.34531602882779927, 0.2592434992682147]]	0.7338371101240971	0.26616288987590303	[[-0.2259669029554273, 0.06861170201282168, 0.6948009048000172], [0.22213875155095186, -0.6852699331641965, 0.139915681593625], [0.6618989636065336, 0.2534057166745216, 0.19024250032144516]]	0.8540140142745403	0.25691541612276386	[[-0.26103464131666976, 0.08061918599984264, 0.7481621988472937], [0.24318035212881856, -0.849764822248186, 0.11951945154514342], [0.6844745731092534, 0.26776827604057535, 0.18041545531682715]]	[[0.0019377529978066544, 0.0007712820797622279, -0.06042284222469895], [-0.015336973202251077, -0.05227159328864924, -0.04330953495503985], [-0.08582033723969616, -0.02713645193199644, -0.04098212616779977]]	0.46868210180120456	[[0.0, 0.0, 0.9843999999999999], [0.0, -1.0, 0.0], [0.9843999999999999, 0.0, 0.0]]
4	[[0.8489524140446696, -0.5135124485683378, 0.12483895166604869], [0.522794976890395, 0.7815435453534784, -0.34040431673891397], [0.0772347773085365, 0.35425224329800037, 0.9319550081910795]]	0.8178019297323401	0.18219807026766008	[[0.6942749224566592, -0.41995147138076566, 0.10209353557825696], [0.4275427409553391, 0.6391478195599295, -0.2783833071183026], [0.0631627499253687, 0.28970816818111517, 0.7621546041223835]]	0.9077713330920805	0.15149090299597973	[[0.7628916856316235, -0.4737421665065959, 0.05493920603208762], [0.5003493015848448, 0.6735818408842221, -0.28769384515732505], [0.02106368607732342, 0.28712772121025415, 0.8460020401674568]]	[[-0.007762978997446202, -0.0075902865103375525, -0.05838601554361921], [0.025771008479207554, -0.03588098515081572, 0.021315435239057684], [-0.04904783068111673, -0.03445230993923161, 0.0]]	0.43186847159575464	[[0.6960759154000374, -0.6960759154000373, 0.0], [0.7071067811865475, 0.7071067811865476, 0.0], [0.0, 0.0, 0.9843999999999999]]
4	[[-0.5446221603179724, 0.8109226453022452, -0.2139887049042392], [-0.8354447797583356, -0.5021691245819775, 0.22328947644507607], [0.07361197229480154, 0.30038414347728, 0.9509735242804028]]	0.7336352537356309	0.2663647462643692	[[-0.399554016774923, 0.5949214406462817, -0.15698965781898058], [-0.6129117429801147, -0.3684089731308987, 0.16381303170827957], [0.05400433797247696, 0.22037239731811442, 0.6976677027813204]]	0.843331523037513	0.24069755181842648	[[-0.5128103656267977, 0.6503141750780524, -0.13856205588175685], [-0.7367215032863719, -0.4088003856877998, 0.09394783265838921], [0.07865167808752917, 0.14813162346582243, 0.7880393500380146]]	[[-0.05351332968586157, -0.03356245445029889, 0.04190136453796015], [-0.032164584759035005, 0.014694666968333851, -0.09435922159028567], [0.016572381378359, -0.10519179374919094, -0.013946600561728893]]	0.3889980043211449	[[-0.6852171311197968, 0.6852171311197967, 0.0], [-0.7071067811865475, -0.7071067811865476, 0.0], [0.0, 0.0, 0.9690433599999999]]
4	[[0.8592155572171323, 0.2624339665249735, -0.4391776855101157], [-0.4266000482917053, 0.8413623931712975, -0.33184593135155627], [0.2824199444684594, 0.4724804086637203, 0.8348660002631537]]	0.7303020850940402	0.2696979149059599	[[0.6274869129809092, 0.19165607295268772, -0.32073237945481214], [-0.31154690476865066, 0.6144487100527102, -0.24234777559601522], [0.20625187431745895, 0.3450534276131991, 0.6097043807663027]]	0.8094259255141769	0.27623367885618444	[[0.6609150926235401, 0.26747509419104454, -0.2749948547450939], [-0.3381349676941273, 0.6894942423810996, -0.34803144254621], [0.13948722199600952, 0.38597802104399603, 0.6609552651007713]]	[[-0.03455625499311639, 0.055054237950211256, 0.08048694981410554], [0.007166171218778862, 0.008473708595599375, -0.07942674243386257], [-0.08911080293903566, 0.0035401289740477613, -0.014806919842550888]]	0.5018340813704257	[[0.6640051110698884, 0.4695225167800447, -0.4695225167800446], [-0.7071067811865475, 0.5000000000000001, -0.5], [0.0, 0.6640051110698882, 0.6640051110698884]]
4	[[0.08740825448676931, -0.06334395238859675, -0.994156597696443], [0.7119981850616444, -0.6940087028176986, 0.10681996481098455], [-0.6967197295301035, -0.717174639895393, -0.015561310176609944]]	0.8937084708721256	0.1062915291278745	[[0.0781174974589722, -0.05661102682820951, -0.8884861727347231], [0.6363188092351708, -0.6202414565671529, 0.09546590740983928], [-0.6226643241047897, -0.6409450507691791, -0.013907274722704917]]	0.945708854028555	0.08559306899702632	[[0.06890716038120026, -0.06263476072859356, -0.9112912127736565], [0.6784087079810105, -0.6610034153174001, 0.10377504515013833], [-0.6555001121612194, -0.6745159738205845, 0.0]]	[[-0.013755599802118636, -0.002729824105534376, 0.02889148395877396], [0.005065720315951779, -0.004673240289830506, 0.0027544586413715388], [0.003393904831779459, 0.003722433013229439, 0.01471646881430468]]	0.13284488215065435	[[0.0, 0.0, -0.9539262835839998], [0.7071067811865475, -0.7071067811865476, 0.0], [-0.6745277438743279, -0.6745277438743278, 0.0]]
4	[[-0.3195682178843842, -0.5708200961323295, -0.7563336379995778], [0.910087742671785, 0.03735879733279218, -0.41272826520656647], [0.2638493031197415, -0.8202248094963509, 0.507557688474819]]	0.6612326886904297	0.3387673113095702	[[-0.2113089519317004, -0.3774449069241098, -0.500112525001475], [0.6017797650310683, 0.024702858006603115, -0.2729094205010747], [0.17446578411096286, -0.5423594561138676, 0.33561373501570413]]	0.7780230690113868	0.3610537155619104	[[-0.29096864211609724, -0.4203432932731167, -0.5397483446508715], [0.7742148819348726, 0.03331648088993927, -0.23958525630028416], [0.22498134504300304, -0.5397483446508715, 0.3158851060198846]]	[[-0.04233719647918909, 0.023767909773133214, 0.048696673582107344], [0.06614562331172515, 0.004250474734505808, 0.0815268552634743], [0.01970050047326607, 0.0984054789127595, -0.07900648446761943]]	0.7114739827987526	[[0.0, 0.0, -0.9390450335600894], [1.0, 1.7938038903913487e-16, 0.0], [1.8750237259410137e-16, -0.9390450335600894, 0.0]]
4	[[-0.42203838922340475, -0.825029846081567, 0.3757783270710803], [0.2588054115689476, 0.28760896992378115, 0.9221175843470338], [-0.8688517462515349, 0.4864224845687207, 0.09214016247897017]]	0.7467309985030505	0.2532690014969496	[[-0.315149147791412, -0.6160753607593066, 0.28060532538959376], [0.19325802339887313, 0.21476653328961892, 0.6885737844966814], [-0.6487985320295279, 0.36322674759633555, 0.06880391553015469]]	0.8621158683119716	0.2250812119946097	[[-0.2878692746780958, -0.6511757588819935, 0.3428782856658], [0.2581894927836715, 0.23374784582634867, 0.8305480978961087], [-0.7569702592748168, 0.3841568252529657, 0.022951807187303174]]	[[0.07597671770822564, 0.060095563255908875, 0.01891382693009539], [0.0350692406650711, -0.014204411013803717, 0.035575895981027866], [-0.007919381620801781, -0.0351957173974635, -0.05648368899466034]]	0.489548245908518	[[-0.4695225167800446, -0.4695225167800447, 0.6640051110698884], [0.5, 0.5000000000000001, 0.7071067811865475], [-0.6640051110698884, 0.6640051110698882, 0.0]]
4	[[0.034229894132735264, 0.2773841392786001, 0.9601491309293217], [-0.1827544195208179, -0.9427759796974285, 0.2788803941677556], [0.9825625356654255, -0.18501754344446375, 0.018422055382213542]]	0.8665101871855115	0.13348981281448846	[[0.029660551972296674, 0.24035618244859183, 0.8319790031675728], [-0.15835856626796338, -0.816924990641623, 0.24165270255267118], [0.8514004467009187, -0.1603195862026658, 0.01596289865758372]]	0.9262312609764021	0.1240823678140877	[[0.010050335633606123, 0.24041801900891346, 0.8739502017053374], [-0.1641464792774511, -0.8273668882821523, 0.2526267203464463], [0.9077136741311455, -0.1630687712915592, 0.0]]	[[-0.021654462372046, -0.016503842089958302, -0.015369938560724756], [0.005126377164326418, 0.04586169621125992, -0.005681018805150125], [-0.0023664622664129127, 0.008300261275762735, -0.01706308358644476]]	0.3449598382680497	[[0.0, 0.0, 0.9843999999999999], [0.0, -1.0, 0.0], [0.9843999999999999, 0.0, 0.0]]
4	[[0.04673222253661188, -0.9725397674033924, -0.22799671093185395], [-0.8377629715199755, -0.16246744520517667, 0.5213036857710898], [-0.5440306084466285, 0.16664552219444034, -0.8223502702654952]]	0.6250640376064199	0.3749359623935799	[[0.029210631705056382, -0.607899633745973, -0.14251254469604846], [-0.5236555055354281, -0.10155255727954761, 0.3258481866471858], [-0.340053968697127, 0.10416412295188716, -0.5140215802588811]]	0.7992851635034346	0.3418559892869461	[[-0.03935021593232747, -0.8661587754758058, -0.16538542771955883], [-0.6947838077282309, -0.15680436367607123, 0.27436944233184096], [-0.30477092991047394, 0.05536269170973829, -0.6234978382218613]]	[[-0.07670258806338232, -0.08882216847319307, 0.01684896065585342], [-0.02517229405976409, -0.02694654517126614, -0.1423008593846477], [0.13006466391266264, -0.07783460174456021, 0.033794532004388644]]	0.6193553929552144	[[1.9047376330160644e-16, -0.9539262835839998, 0.0], [-1.0, -1.7938038903913487e-16, 0.0], [0.0, 0.0, -0.9539262835839998]]
4	[[0.3802729664721569, 0.7767473726770865, -0.5020517802076895], [0.4287143634067757, 0.332951791095048, 0.839849450446521], [0.8195098935212374, -0.5346088512602871, -0.20639019011321075]]	0.7521478226891013	0.24785217731089892	[[0.2860214837595585, 0.5842288451385506, -0.3776171533604008], [0.32245657499195046, 0.25042896473257686, 0.631690935539989], [0.6163925820841758, -0.4021048834657465, -0.15523593211804115]]	0.8662615597884875	0.22098265973601364	[[0.3447889621029296, 0.6244391449874138, -0.42708059891652994], [0.40367299122769007, 0.3039060614942828, 0.7222090211306338], [0.6709637983158783, -0.45273724413470595, -0.08566428051674883]]	[[0.01537310902136364, -0.04842724562944869, 0.007827559300770032], [0.03229421807920803, 0.015482723605915932, -0.005320273800673649], [-0.0389461203079262, 0.01037385323476182, 0.09312360749576358]]	0.37331850416356416	[[0.4695225167800446, 0.4695225167800447, -0.6640051110698884], [0.5, 0.5000000000000001, 0.7071067811865475], [0.6640051110698884, -0.6640051110698882, 0.0]]
4	[[0.8787972042104137, -0.3840163418041313, 0.28327887866788265], [-0.395223040501579, -0.9183905790867732, -0.018907472103605397], [0.2674214316928388, -0.09534250611366366, -0.9588511794847616]]	0.7075923087591741	0.29240769124082594	[[0.621830142658354, -0.2717270098984374, 0.20044595577931704], [-0.27965678370333286, -0.6498461101986849, -0.013378781838589838], [0.18922534826321957, -0.06746362402385293, -0.6784757198480799]]	0.8519763600998648	0.24290681501789863	[[0.6959537430456784, -0.316282044737618, 0.14907557756767398], [-0.3600290023550764, -0.8405067407675862, -0.025021787190904702], [0.1355715239453645, -0.05684886613467232, -0.8169185377748893]]	[[-0.05276070026344755, 0.010890800371531421, -0.09227133037295987], [-0.023308314880939686, -0.05805967804723041, -0.008913067929385236], [-0.09226521404099483, 0.024380695186845935, 0.0]]	0.47418793649161706	[[0.6852171311197968, -0.6852171311197967, 0.0], [-0.7071067811865475, -0.7071067811865476, 0.0], [0.0, 0.0, -0.9690433599999999]]
4	[[0.5319609947059123, -0.8460851799387872, 0.03402011756955908], [-0.703274286200726, -0.4190807785627857, 0.5742617690636116], [-0.47161719485230363, -0.3294103357928521, -0.8179645788128509]]	0.6603446791371063	0.3396553208628938	[[0.35127761236253147, -0.5587078466693394, 0.022465003620677118], [-0.4644034328665958, -0.2767377622525714, 0.3792107036330176], [-0.3114299052102865, -0.21752436249357737, -0.5401385573416903]]	0.7840777062169432	0.3757566255829293	[[0.5042987737265678, -0.7065926014963867, 0.08359830030541122], [-0.508543902928147, -0.3927236172194297, 0.32878464855534517], [-0.2992782053337265, -0.09306368630838105, -0.6201224789838519]]	[[0.08720001720067265, -0.043196074345832794, 0.05692388455624066], [0.04287778623747619, -0.06413172164430996, -0.12148120210013547], [0.0705063230185369, 0.16521961418423145, 0.021225311738436232]]	0.6540261779209595	[[0.6852171311197968, -0.6852171311197967, 0.0], [-0.7071067811865475, -0.7071067811865476, 0.0], [0.0, 0.0, -0.9690433599999999]]
4	[[0.22433838825039393, -0.7661379269479729, -0.6022499185961573], [-0.9416906372873723, -0.011392912655017143, -0.3362869982418849], [0.2507808429735371, 0.642575192824231, -0.724020780340167]]	0.6108425742817253	0.3891574257182747	[[0.13703543858908385, -0.4679896635517642, -0.3678798906362362], [-0.575224733057617, -0.0069592760947575945, -0.20541841570354705], [0.15318761570249648, 0.3925122849543292, -0.4422627172964512]]	0.7740301458467869	0.3703157345919478	[[0.22571988158491713, -0.581784872543718, -0.3607920049116333], [-0.8372300886633458, -0.014888922938122426, -0.1566027175265561], [0.14705700413532605, 0.3607920049116333, -0.5282241046581136]]	[[0.052075206208431556, 0.01122897879057639, 0.10536758741556576], [-0.10833314734124733, -0.006070465094139693, 0.1036935567689882], [-0.04705492832706094, -0.1365805653076334, 0.032189805544690364]]	0.7416745087356756	[[-1.8750237259410137e-16, -0.9390450335600894, 0.0], [-1.0, 1.7938038903913487e-16, 0.0], [0.0, 0.0, -0.9390450335600894]]
4	[[-0.8305561570912853, 0.32773595720904825, 0.4502950280316503], [-0.5100865793185324, -0.772219296347621, -0.37879947194723407], [0.22358030216652452, -0.5443036842615101, 0.808545204538665]]	0.6664394978214664	0.3335605021785336	[[-0.5535154282444432, 0.21841618674043567, 0.30009439235291624], [-0.3399418437665123, -0.5146374400659547, -0.2524469298595513], [0.14900274429863034, -0.3627454740016147, 0.5388464600787027]]	0.8050658312771791	0.338451764521652	[[-0.661180093080203, 0.2629217234410065, 0.20219938518706596], [-0.5603564389067637, -0.6293625137041887, -0.3033206358138356], [0.18153490110364204, -0.29622319066128494, 0.6388266641438435]]	[[0.007472289950872034, -0.0009272973889179175, -0.16031775587521524], [-0.1497031629043566, -0.007675143961812795, 0.001637875956720775], [0.0015380392827461548, 0.14197710737593888, -0.012105453073253543]]	0.650758006525805	[[-0.9390450335600894, 0.0, 0.0], [0.0, -0.7071067811865476, -0.7071067811865475], [0.0, -0.6640051110698882, 0.6640051110698884]]
