4	[[0.034229894132735264, 0.2773841392786001, 0.9601491309293217], [-0.1827544195208179, -0.9427759796974285, 0.2788803941677556], [0.9825625356654255, -0.18501754344446375, 0.018422055382213542]]	0.8113349022355347	0.18866509776446538	[[0.027771907809715463, 0.22505143352329088, 0.7790025012740748], [-0.1482750390950347, -0.7649070573178239, 0.22626539733750337], [0.7971872788144072, -0.15011119052237276, 0.01494645650250583]]	0.8918442346812734	0.16558074329805647	[[0.009148838600225785, 0.22214923737067896, 0.815502021160145], [-0.16678804916104406, -0.8250760552933184, 0.25551571053362826], [0.8464482607003568, -0.1512279791964293, 0.0]]	[[-0.02137889513580451, -0.025234208036967895, -0.04080144569340568], [-0.0037995737488797938, 0.015733266795822702, 0.006797838829474406], [-0.02984447194666597, 0.013778850239407706, -0.01642960388360627]]	0.3636973227085323	[[0.0, 0.0, 0.942], [0.0, -1.0, 0.0], [0.942, 0.0, 0.0]]
4	[[-0.42203838922340475, -0.825029846081567, 0.3757783270710803], [0.2588054115689476, 0.28760896992378115, 0.9221175843470338], [-0.8688517462515349, 0.4864224845687207, 0.09214016247897017]]	0.6150458361518105	0.3849541638481895	[[-0.25957295398807223, -0.507431171533437, 0.23112089538116104], [0.15917719075903683, 0.17689269939153293, 0.5671445806950091], [-0.5343836487652361, 0.29917212374461, 0.05667042327504188]]	0.7911509841056953	0.3448125463540251	[[-0.25225569905739514, -0.5351591694386045, 0.29981233399271395], [0.26923460926581566, 0.23982492819444445, 0.8245197385641858], [-0.6260814813605515, 0.33358581063955123, 0.023157620153323063]]	[[0.08164038790708393, 0.11756400520539748, 0.002514940724837056], [0.06448045321116333, 0.012282808601619738, 0.09498550424686351], [0.0613114327283022, -0.05124781671812947, -0.049739160067572834]]	0.5408290503319472	[[-0.3937074342479998, -0.3937074342479999, 0.556786393120635], [0.5, 0.5000000000000001, 0.7071067811865475], [-0.556786393120635, 0.556786393120635, 0.0]]
4	[[0.08740825448676931, -0.06334395238859675, -0.994156597696443], [0.7119981850616444, -0.6940087028176986, 0.10681996481098455], [-0.6967197295301035, -0.717174639895393, -0.015561310176609944]]	0.709093528663752	0.29090647133624803	[[0.06198062760836248, -0.04491678671873878, -0.7049500099049207], [0.5048733054475487, -0.492117080004355, 0.07574534577955885], [-0.494039451502156, -0.5085438960715798, -0.0110344243437635]]	0.8812974566596108	0.19835324664333467	[[0.05130030191712554, -0.051300301917125556, -0.7996272939689254], [0.6787651366972945, -0.6655665610238752, 0.09213641452263484], [-0.5745343423182622, -0.5854683289405791, 0.0]]	[[-0.025732370453120254, 0.004524562217712223, 0.07652038710232167], [0.051282947056208415, -0.05393845633100169, -0.0020037487857549503], [0.039482983321190115, 0.04657585718000291, 0.013714143080937663]]	0.21438505420012557	[[0.0, 0.0, -0.8358968879999998], [0.7071067811865475, -0.7071067811865476, 0.0], [-0.591068357877532, -0.5910683578775319, 0.0]]
4	[[-0.30792515101507295, 0.09349718223056193, 0.9468053539599837], [0.3027085282091916, -0.9338174967034747, 0.1906631317268273], [0.9019698710720718, 0.34531602882779927, 0.2592434992682147]]	0.6527811859738477	0.34721881402615234	[[-0.20100774527079554, 0.06103320150167918, 0.6180567218443869], [0.197602432048794, -0.6095784929812238, 0.1244613052501263], [0.5887889621511055, 0.2254158068339902, 0.16922927890831552]]	0.8183885669786145	0.2911926972259729	[[-0.2199712798064108, 0.0709162140243558, 0.7206298229686032], [0.2501109399627639, -0.846703430775688, 0.11997971652383646], [0.6598825712368376, 0.2469475106731182, 0.14905506578205502]]	[[0.032031143269488256, -0.005600810957852136, -0.0542248538663877], [0.0023777413494380246, -0.08247786782897412, -0.03605681062573653], [-0.07827925900772084, -0.03565517931401037, -0.06310685008258077]]	0.47710051300872497	[[0.0, 0.0, 0.942], [0.0, -1.0, 0.0], [0.942, 0.0, 0.0]]
4	[[0.3802729664721569, 0.7767473726770865, -0.5020517802076895], [0.4287143634067757, 0.332951791095048, 0.839849450446521], [0.8195098935212374, -0.5346088512602871, -0.20639019011321075]]	0.6216264608710793	0.3783735391289209	[[0.23638773831303347, 0.4828467202681666, -0.31208867130453094], [0.26650019244915163, 0.2069716435391016, 0.522072641545592], [0.5094290347584419, -0.3323270081592855, -0.12829760343858443]]	0.7908604580569234	0.3239224892174194	[[0.3427610080729251, 0.4973271567325016, -0.39620021308618214], [0.4055637076849682, 0.30602015639904556, 0.721193991455052], [0.5692058305162485, -0.4146396818566721, -0.062459706365040495]]	[[0.042018155622089985, -0.11697162621741089, 0.0008526877771649066], [0.0665104698655032, 0.04270175038274287, 0.05699027037606112], [-0.0789121392561379, 0.00816131913232419, 0.10076613392634887]]	0.42312109736765324	[[0.3937074342479998, 0.3937074342479999, -0.556786393120635], [0.5, 0.5000000000000001, 0.7071067811865475], [0.556786393120635, -0.556786393120635, 0.0]]
4	[[0.8787972042104137, -0.3840163418041313, 0.28327887866788265], [-0.395223040501579, -0.9183905790867732, -0.018907472103605397], [0.2674214316928388, -0.09534250611366366, -0.9588511794847616]]	0.6307692932431673	0.36923070675683256	[[0.5543182914038742, -0.2422257165136184, 0.1786836180880573], [-0.24929455793059674, -0.5792925764917474, -0.011926252815806091], [0.1686812274669679, -0.060139125197348, -0.6048138808089806]]	0.8151348099502025	0.2950374496279936	[[0.644026162604733, -0.2658780542628444, 0.1606153479755566], [-0.3203038286644473, -0.8540348266828655, -0.03208727239191849], [0.15301534413077714, -0.04682112273493658, -0.7423625184202063]]	[[-0.07231202943409182, 0.047147033531438204, -0.07029512695029437], [0.0018562293427485848, -0.10542269653891204, -0.016675133712107354], [-0.06496917376877608, 0.030895872866200668, 0.03923045553963234]]	0.49581555703672325	[[0.6274611017808196, -0.6274611017808195, 0.0], [-0.7071067811865475, -0.7071067811865476, 0.0], [0.0, 0.0, -0.8873639999999999]]
4	[[-0.5446221603179724, 0.8109226453022452, -0.2139887049042392], [-0.8354447797583356, -0.5021691245819775, 0.22328947644507607], [0.07361197229480154, 0.30038414347728, 0.9509735242804028]]	0.6493170885472587	0.35068291145274144	[[-0.3536324754959841, 0.5265459310846952, -0.13894652285041906], [-0.5424685720346882, -0.3260669939318952, 0.14498567274855848], [0.047797511532682004, 0.19504455748842942, 0.6174833600712768]]	0.7949934073475979	0.3023626599446807	[[-0.471680786896537, 0.6096891982791902, -0.10534848584232896], [-0.7345914590255503, -0.40550150984972627, 0.09744431603192584], [0.07381558705932877, 0.10826200207696174, 0.7324570082017998]]	[[-0.03870975994834232, -0.0349889586049693, 0.06477112380339178], [-0.07041836691470757, -0.00628036643353961, -0.08006934567200638], [0.015294554383107534, -0.13054141165923078, -0.023560674163231335]]	0.41798927370774264	[[-0.6274611017808196, 0.6274611017808195, 0.0], [-0.7071067811865475, -0.7071067811865476, 0.0], [0.0, 0.0, 0.8873639999999999]]
4	[[-0.8305561570912853, 0.32773595720904825, 0.4502950280316503], [-0.5100865793185324, -0.772219296347621, -0.37879947194723407], [0.22358030216652452, -0.5443036842615101, 0.808545204538665]]	0.5769576435058567	0.4230423564941434	[[-0.4791957231946678, 0.1890897655634687, 0.2598011582555446], [-0.2942983507875837, -0.44553782549047405, -0.218551250695939], [0.1289963642723254, -0.3140401710230767, 0.466496335878589]]	0.7513917578553764	0.4032289246716138	[[-0.5872355896550492, 0.23167615205859643, 0.1943308135775708], [-0.5700344884948723, -0.6223083739507569, -0.29220499520866094], [0.1667204654776288, -0.2511929255186427, 0.5677148967492965]]	[[0.03683746121937795, -0.014581944941124716, -0.14401715908866689], [-0.18675963700228437, -0.04206915941827623, -0.007578194107540475], [-0.0012759307891122267, 0.15779237660577108, -0.03981930579454577]]	0.6822704252509421	[[-0.6274611017808196, 0.6274611017808195, 0.0], [-0.7071067811865475, -0.7071067811865476, 0.0], [0.0, 0.0, 0.8873639999999999]]
4	[[0.8592155572171323, 0.2624339665249735, -0.4391776855101157], [-0.4266000482917053, 0.8413623931712975, -0.33184593135155627], [0.2824199444684594, 0.4724804086637203, 0.8348660002631537]]	0.6181705405899691	0.38182945941003094	[[0.5311417454882261, 0.16222894695591275, -0.27148670726683966], [-0.26371158246819043, 0.5201054454187711, -0.2051373787761733], [0.17458368974545665, 0.2920734696418215, 0.516089566702859]]	0.7653735868689806	0.41798219338806014	[[0.4987619428513025, 0.20271574439587225, -0.29277826521031985], [-0.3561032685496385, 0.7487643974232152, -0.2504331305422124], [0.24399096568848494, 0.3271192346495053, 0.4960196295035334]]	[[-0.158858950069604, 0.0018557181203992653, 0.04335673522137464], [-0.029594859430135675, 0.10480784470502978, 0.003552980224205775], [0.02783419978732186, -0.034504790454768036, -0.1429647556728358]]	0.5690676673353366	[[0.556786393120635, 0.3937074342479999, -0.3937074342479998], [-0.7071067811865475, 0.5000000000000001, -0.5], [0.0, 0.556786393120635, 0.556786393120635]]
4	[[0.5319609947059123, -0.8460851799387872, 0.03402011756955908], [-0.703274286200726, -0.4190807785627857, 0.5742617690636116], [-0.47161719485230363, -0.3294103357928521, -0.8179645788128509]]	0.5915358817106303	0.4084641182893698	[[0.3146740160390258, -0.5004897429173878, 0.020124120242408436], [-0.41601197497216064, -0.24790131785511485, 0.33969644189574993], [-0.2789784931868516, -0.19485803342781957, -0.483855398336124]]	0.7418733264395639	0.44016222138117694	[[0.4601212951170018, -0.6098347889004145, 0.08964908062221486], [-0.5078505703763848, -0.3609355747639697, 0.3412896812505561], [-0.2576366757609733, -0.10332545545784694, -0.5473843204332902]]	[[0.06547362243842736, 0.017853237991990505, 0.06441046283502101], [0.01388986372675768, -0.050030723524713536, -0.08473980761173415], [0.0922435413902012, 0.14105528612036994, 0.059441782560336213]]	0.6837071979347352	[[0.6274611017808196, -0.6274611017808195, 0.0], [-0.7071067811865475, -0.7071067811865476, 0.0], [0.0, 0.0, -0.8873639999999999]]
4	[[0.8489524140446696, -0.5135124485683378, 0.12483895166604869], [0.522794976890395, 0.7815435453534784, -0.34040431673891397], [0.0772347773085365, 0.35425224329800037, 0.9319550081910795]]	0.7213905422709731	0.278609457729027	[[0.612426242329936, -0.3704430237356084, 0.09005763903891065], [0.3771393518755029, 0.5637981219909245, -0.24556445464366522], [0.05571643788478301, 0.2555542178934532, 0.672303528731112]]	0.8670037450788148	0.22329748502270935	[[0.6927211053462103, -0.4344322272110389, 0.054275980355676226], [0.4958734818030744, 0.6667972798120289, -0.30854904429433316], [0.02235188412589885, 0.2658504622998077, 0.7680272677212572]]	[[-0.04332381702421889, 0.010784988842302345, -0.053959858270501135], [0.042608278930709495, -0.010803900951611527, -0.013417226840699629], [-0.04461095705093056, -0.041287559342130124, -0.039981214625366385]]	0.4463530182616952	[[0.6660945878777278, -0.6660945878777277, 0.0], [0.7071067811865475, 0.7071067811865476, 0.0], [0.0, 0.0, 0.942]]
4	[[0.22433838825039393, -0.7661379269479729, -0.6022499185961573], [-0.9416906372873723, -0.011392912655017143, -0.3362869982418849], [0.2507808429735371, 0.642575192824231, -0.724020780340167]]	0.5150629076652663	0.4849370923347338	[[0.1155483825531873, -0.3946092283264623, -0.31019659421330664], [-0.4850299177623916, -0.005868066718869587, -0.1732089591244895], [0.12916791016869655, 0.3309666472096176, -0.3729162483320814]]	0.731583930205258	0.4471503505005746	[[0.2096636700689568, -0.4740107625160129, -0.3524980552989224], [-0.8094532703697062, 0.040296125099969216, -0.20723793115778408], [0.1631822283099896, 0.3524980552989224, -0.3976740698855031]]	[[0.04554131029682051, 0.08648343315989393, 0.08809830711345101], [-0.12052753290551624, 0.04863099691661199, 0.03878423269294277], [-0.02028500641277831, -0.11759962971983001, 0.13200789814603417]]	0.7316030078688996	[[1.5722585262938266e-16, -0.7874148684959998, 0.0], [-1.0, -1.7938038903913487e-16, 0.0], [0.0, 0.0, -0.7874148684959998]]
4	[[0.04673222253661188, -0.9725397674033924, -0.22799671093185395], [-0.8377629715199755, -0.16246744520517667, 0.5213036857710898], [-0.5440306084466285, 0.16664552219444034, -0.8223502702654952]]	0.569133398807439	0.43086660119256104	[[0.026596868646087547, -0.5535048632976889, -0.1297605430095632], [-0.4767988873761833, -0.09246564928518353, 0.29669133849374546], [-0.3096259892405086, 0.09484353244256233, -0.46802700432641736]]	0.7397072064908339	0.4211277494949062	[[-0.012663835527565202, -0.7644043632098456, -0.12620087552151238], [-0.6800448425909003, -0.1507683574863985, 0.2784896194845275], [-0.26556055397537504, 0.02820774156975185, -0.5507120743571987]]	[[-0.04723199731323047, -0.04500968866263698, 0.042449934610987464], [-0.06034553522639921, -0.030590017447974578, -0.10712247365058084], [0.13686280764418923, -0.09506115212690386, 0.057586346817873064]]	0.6593542503740557	[[1.6690642529658457e-16, -0.8358968879999998, 0.0], [-1.0, -1.7938038903913487e-16, 0.0], [0.0, 0.0, -0.8358968879999998]]
4	[[-0.3195682178843842, -0.5708200961323295, -0.7563336379995778], [0.910087742671785, 0.03735879733279218, -0.41272826520656647], [0.2638493031197415, -0.8202248094963509, 0.507557688474819]]	0.5648002624046662	0.43519973759533387	[[-0.18049221331729176, -0.3223993400813964, -0.42717743720763723], [0.5140177958722943, 0.02110025853668377, -0.23310903249049142], [0.1490221556373183, -0.4632631876343563, 0.28666871563608354]]	0.7174892944750463	0.4412763132918568	[[-0.2342227066018617, -0.359364405552574, -0.4654797888203887], [0.7909881449475484, 0.03351301849642216, -0.22289340182972986], [0.17550957869038275, -0.4654797888203887, 0.28087304855241657]]	[[-0.004935931415346994, 0.05019290249358929, 0.07718149949567338], [0.13800993254758184, 0.006708481355680876, 0.07323470998323935], [-0.013799471652733132, 0.12302273105607739, -0.08329415925676671]]	0.7183912929334144	[[0.0, 0.0, -0.7874148684959998], [1.0, -1.7938038903913487e-16, 0.0], [-1.5722585262938266e-16, -0.7874148684959998, 0.0]]
