4	[[0.8787972042104137, -0.3840163418041313, 0.28327887866788265], [-0.395223040501579, -0.9183905790867732, -0.018907472103605397], [0.2674214316928388, -0.09534250611366366, -0.9588511794847616]]	0.6257582184171324	0.3742417815828678	[[0.5499145728566656, -0.24030138189041778, 0.17726408643041724], [-0.2473140657016703, -0.5746904525804176, -0.011831506058323728], [0.1673411586626697, -0.059661356765110723, -0.6000090058015506]]	0.8125445636323362	0.2976628829491681	[[0.6415299906495338, -0.26592850721763583, 0.15901064933295958], [-0.32144111842035833, -0.8537765830908303, -0.031573437818294574], [0.15171484768006407, -0.045464446711570974, -0.740144996179884]]	[[-0.07253190016693388, 0.04610188366128813, -0.0711660635204926], [-0.0003047854385576851, -0.10754331076271939, -0.016210274148479947], [-0.06557698284072822, 0.03200558831416922, 0.03896431704291257]]	0.49749046905374306	[[0.6237365158058689, -0.6237365158058688, 0.0], [-0.7071067811865475, -0.7071067811865476, 0.0], [0.0, 0.0, -0.8820966400000001]]
4	[[-0.8305561570912853, 0.32773595720904825, 0.4502950280316503], [-0.5100865793185324, -0.772219296347621, -0.37879947194723407], [0.22358030216652452, -0.5443036842615101, 0.808545204538665]]	0.5717061905591563	0.42829380944084366	[[-0.474834096616111, 0.1873686756052436, 0.2574364551037032], [-0.29161965511754906, -0.4414825521911705, -0.21656200309277313], [0.12782224283568883, -0.31118178583646167, 0.462250298781674]]	0.75053936461184	0.37882999816180785	[[-0.5867143277447577, 0.22822232737665174, 0.20632254174820253], [-0.4523375788934581, -0.6680944326828311, -0.24289369144465445], [0.10462985348823542, -0.3177949404577234, 0.5687803950622209]]	[[0.036650762672987086, -0.017756409707480544, -0.13164160247854295], [-0.06949752175469985, -0.08851345266108548, 0.04141022354592308], [-0.06317596443955109, 0.09072640088379391, -0.0380646090121788]]	0.6826442531135064	[[-0.6237365158058689, 0.6237365158058688, 0.0], [-0.7071067811865475, -0.7071067811865476, 0.0], [0.0, 0.0, 0.8820966400000001]]
4	[[0.8592155572171323, 0.2624339665249735, -0.4391776855101157], [-0.4266000482917053, 0.8413623931712975, -0.33184593135155627], [0.2824199444684594, 0.4724804086637203, 0.8348660002631537]]	0.6103430071172217	0.38965699288277844	[[0.5244162069538036, 0.1601747362985526, -0.2680490292330254], [-0.2603723563107114, 0.5135196531235119, -0.20253984364072383], [0.1723730381767583, 0.2883751134277889, 0.5095546251405403]]	0.7626183068239535	0.42234630347214286	[[0.4945706304179873, 0.20049568865888126, -0.29192013604215605], [-0.3553417478382304, 0.7488462099286631, -0.2509971383933962], [0.24323691760924762, 0.3254740716956023, 0.4914861075936264]]	[[-0.1606828830237418, 0.00035874145451189783, 0.0430048068764311], [-0.03000874131899334, 0.10720784622301872, 0.002074643900345496], [0.02785829774539614, -0.034848137567013694, -0.1451979879519462]]	0.5736243927514925	[[0.5501958848376638, 0.38904724114964484, -0.38904724114964473], [-0.7071067811865475, 0.5000000000000001, -0.5], [0.0, 0.5501958848376638, 0.5501958848376638]]
4	[[0.3802729664721569, 0.7767473726770865, -0.5020517802076895], [0.4287143634067757, 0.332951791095048, 0.839849450446521], [0.8195098935212374, -0.5346088512602871, -0.20639019011321075]]	0.6136949871677059	0.3863050128322942	[[0.2333716132793558, 0.476685968907614, -0.3081066608120819], [0.26309985574953243, 0.20433084516354014, 0.5154113977145827], [0.5029291135883238, -0.32808677211392384, -0.12666062507306725]]	0.7861007681027685	0.33011647426379565	[[0.34184349540946657, 0.49016864788251563, -0.3922796568561067], [0.405033881921068, 0.3079479263159193, 0.7225223256636562], [0.562245101638892, -0.4139199491658429, -0.060556055682838714]]	[[0.04291062437698561, -0.12043305840074944, 0.002383633192520187], [0.06802119155031226, 0.046214267594909604, 0.06231602757695808], [-0.08197225512597073, 0.006336479444407506, 0.10168743129403268]]	0.4274340311305566	[[0.38904724114964473, 0.38904724114964484, -0.5501958848376638], [0.5, 0.5000000000000001, 0.7071067811865475], [0.5501958848376638, -0.5501958848376638, 0.0]]
4	[[0.8489524140446696, -0.5135124485683378, 0.12483895166604869], [0.522794976890395, 0.7815435453534784, -0.34040431673891397], [0.0772347773085365, 0.35425224329800037, 0.9319550081910795]]	0.7155533368144174	0.2844466631855827	[[0.6074707326663181, -0.367445546068816, 0.0893289284290549], [0.3740876901837384, 0.5592360917434513, -0.24357744470856174], [0.05526560262124175, 0.253486374765877, 0.6668635158720346]]	0.8639001783446609	0.22821706890966365	[[0.6881872926601584, -0.43154054950190573, 0.05418590004974431], [0.49535497503105685, 0.66640437218274, -0.31001611399373996], [0.022273015686156285, 0.26450942020266666, 0.7628492370823005]]	[[-0.04522284923916207, 0.012082946398484846, -0.053662492558915656], [0.043712301257751676, -0.008771236032248587, -0.015940764053699694], [-0.04445012220509857, -0.041529155961471984, -0.04226686070317287]]	0.4473710149825424	[[0.6641146888904055, -0.6641146888904054, 0.0], [0.7071067811865475, 0.7071067811865476, 0.0], [0.0, 0.0, 0.9392]]
4	[[-0.42203838922340475, -0.825029846081567, 0.3757783270710803], [0.2588054115689476, 0.28760896992378115, 0.9221175843470338], [-0.8688517462515349, 0.4864224845687207, 0.09214016247897017]]	0.6058491588386816	0.3941508411613185	[[-0.25569160310863187, -0.4998436382653244, 0.22766498336582094], [0.15679704090194568, 0.17424765250278249, 0.5586641628270075], [-0.5263930996220121, 0.29469865311618104, 0.055823039933143526]]	0.7860381554160838	0.3521566372241471	[[-0.24866101997266027, -0.5294334623266294, 0.296338812062041], [0.26930300664596585, 0.23927033517692262, 0.8252361279860304], [-0.6187434218211908, 0.3282915309200934, 0.023368255958769932]]	[[0.08307725700728008, 0.11907147605054111, 0.0009627090057470809], [0.06587207832460985, 0.013198710976913663, 0.10041652290915276], [0.06420720213240906, -0.05405510160321241, -0.049057427395938026]]	0.5447472839553494	[[-0.38904724114964473, -0.38904724114964484, 0.5501958848376638], [0.5, 0.5000000000000001, 0.7071067811865475], [-0.5501958848376638, 0.5501958848376638, 0.0]]
4	[[-0.5446221603179724, 0.8109226453022452, -0.2139887049042392], [-0.8354447797583356, -0.5021691245819775, 0.22328947644507607], [0.07361197229480154, 0.30038414347728, 0.9509735242804028]]	0.6436363585866047	0.3563636414133953	[[-0.3505386240726298, 0.521939298517754, -0.13773091080322805], [-0.5377226358438432, -0.32321430674056706, 0.14371722552981822], [0.0473793417962041, 0.19333815628487266, 0.6120811362801086]]	0.7915816750152388	0.30613070921753127	[[-0.46786052444163045, 0.6070711176602368, -0.10299455911392762], [-0.7343065176457164, -0.4040977994479852, 0.09831069329780513], [0.07323578977547417, 0.10625377734449337, 0.728979514801309]]	[[-0.03674760252671198, -0.03484038821590289, 0.06639497834851171], [-0.07298373950187563, -0.006589922670447485, -0.0784411644798639], [0.014965901445179827, -0.13152480609726974, -0.02379370044371728]]	0.4201351019257575	[[-0.6237365158058689, 0.6237365158058688, 0.0], [-0.7071067811865475, -0.7071067811865476, 0.0], [0.0, 0.0, 0.8820966400000001]]
4	[[0.034229894132735264, 0.2773841392786001, 0.9601491309293217], [-0.1827544195208179, -0.9427759796974285, 0.2788803941677556], [0.9825625356654255, -0.18501754344446375, 0.018422055382213542]]	0.8058038590601512	0.19419614093984883	[[0.027582580787378498, 0.2235172098727744, 0.7736918749760978], [-0.14726421651017288, -0.7596925226694027, 0.22472289783659355], [0.7917526830071274, -0.14908785050137804, 0.0148445633188075]]	0.8894603173065958	0.16942509243804932	[[0.009157304297309474, 0.22093038301484783, 0.8116902432686912], [-0.1669587409463892, -0.8249244589762231, 0.25571100463302004], [0.8424453705351487, -0.15047401729037843, 0.0]]	[[-0.021288828199364417, -0.025791801523712833, -0.04232430738935568], [-0.004405936970219789, 0.013637363074488554, 0.007657960745979653], [-0.03150501421139422, 0.01409174560902119, -0.016385687225703337]]	0.36498146651236146	[[0.0, 0.0, 0.9392], [0.0, -1.0, 0.0], [0.9392, 0.0, 0.0]]
4	[[-0.30792515101507295, 0.09349718223056193, 0.9468053539599837], [0.3027085282091916, -0.9338174967034747, 0.1906631317268273], [0.9019698710720718, 0.34531602882779927, 0.2592434992682147]]	0.6472101125730394	0.3527898874269608	[[-0.19929227165253552, 0.06051232183670394, 0.6127819997211972], [0.19591602061908994, -0.6043761271641297, 0.12339910694844815], [0.5837640217940455, 0.2234920258909149, 0.16778501434520987]]	0.8160069446105755	0.29324336456050354	[[-0.21680704755572835, 0.07052301782213356, 0.7193745933922578], [0.25077584745601034, -0.8462602284275489, 0.12038479415034274], [0.6588496495131727, 0.24585474863829854, 0.1462840297335948]]	[[0.03446201409283135, -0.005771332179525473, -0.053225150633562826], [0.0037635862444636327, -0.08425866611865031, -0.035197645419949325], [-0.07716402911114333, -0.03592552897053139, -0.06526046601441507]]	0.4777474653678526	[[0.0, 0.0, 0.9392], [0.0, -1.0, 0.0], [0.9392, 0.0, 0.0]]
4	[[0.22433838825039393, -0.7661379269479729, -0.6022499185961573], [-0.9416906372873723, -0.011392912655017143, -0.3362869982418849], [0.2507808429735371, 0.642575192824231, -0.724020780340167]]	0.509467464195881	0.49053253580411915	[[0.11429310978371922, -0.3903223468664729, -0.3068267388393599], [-0.47976074103580074, -0.005804318320156786, -0.17132728423633772], [0.12776468013863335, 0.3273711540433403, -0.3688650309850278]]	0.7272839151865159	0.4524610954969052	[[0.2041574966858067, -0.47066447117513877, -0.34796817759550014], [-0.8118600549107371, 0.042204346616549676, -0.20562155784893268], [0.1599929996040387, 0.34796817759550014, -0.3952362755585015]]	[[0.04099979535242758, 0.08653531990846391, 0.09003850112187355], [-0.12698360132989173, 0.050490228737668515, 0.03895456685874632], [-0.02239587372753018, -0.11936642444343695, 0.1313323922436917]]	0.7315189591817985	[[1.6542250729620826e-16, -0.8284651642880001, 0.0], [-1.0, -1.7938038903913487e-16, 0.0], [0.0, 0.0, -0.8284651642880001]]
4	[[0.5319609947059123, -0.8460851799387872, 0.03402011756955908], [-0.703274286200726, -0.4190807785627857, 0.5742617690636116], [-0.47161719485230363, -0.3294103357928521, -0.8179645788128509]]	0.5869263813000756	0.41307361869992437	[[0.31222194161552985, -0.49658971293309573, 0.019967304496504426], [-0.4127702318611858, -0.24596956483427412, 0.3370493820354853], [-0.2768045735335552, -0.1933396163497415, -0.48008499027426704]]	0.7384769039061401	0.44500308048369747	[[0.45818494373554924, -0.6022323361935897, 0.09222974586456162], [-0.5091274471397009, -0.35767486136881455, 0.34271877436141945], [-0.2540794511733955, -0.10481788200216194, -0.5431534795038053]]	[[0.06534403536629654, 0.02258202792847508, 0.06710667477127076], [0.01022437033061194, -0.04819338552919389, -0.08136027888833922], [0.0941989547100326, 0.13844404288882545, 0.06089447016279885]]	0.6857071422391438	[[0.6237365158058689, -0.6237365158058688, 0.0], [-0.7071067811865475, -0.7071067811865476, 0.0], [0.0, 0.0, -0.8820966400000001]]
4	[[0.04673222253661188, -0.9725397674033924, -0.22799671093185395], [-0.8377629715199755, -0.16246744520517667, 0.5213036857710898], [-0.5440306084466285, 0.16664552219444034, -0.8223502702654952]]	0.5647804705520654	0.43521952944793457	[[0.026393446634171494, -0.5492714674646841, -0.12876808968441567], [-0.4731521652661483, -0.09175844015237153, 0.2944221409503221], [-0.30725786303321334, 0.09411813644037068, -0.4644473725991645]]	0.7356183801990622	0.4267058120117326	[[-0.011780165468743435, -0.7596291488460054, -0.12388162076855685], [-0.6799165419767828, -0.14847629076135907, 0.27697916995828537], [-0.2627539665014905, 0.024436033553914775, -0.5475016860281026]]	[[-0.046157247314228086, -0.04421102046954929, 0.04383695041784738], [-0.06364270187650523, -0.02896225188444701, -0.10650140296044464], [0.13744494846272864, -0.0981514755501863, 0.057434287740862]]	0.6621451912516475	[[1.6542250729620826e-16, -0.8284651642880001, 0.0], [-1.0, -1.7938038903913487e-16, 0.0], [0.0, 0.0, -0.8284651642880001]]
4	[[-0.3195682178843842, -0.5708200961323295, -0.7563336379995778], [0.910087742671785, 0.03735879733279218, -0.41272826520656647], [0.2638493031197415, -0.8202248094963509, 0.507557688474819]]	0.5576370988625983	0.44236290113740173	[[-0.1782030939097387, -0.3183104623797017, -0.4217596956662791], [0.507498688533905, 0.02083265136165399, -0.23015259242838274], [0.14713215992861092, -0.4573877831826724, 0.28303299690650446]]	0.7150263938325615	0.4584484941425953	[[-0.24272681639213634, -0.39611211709181554, -0.4199278392237178], [0.7874978923014746, 0.017017806349582415, -0.21955111389036147], [0.17083151030075316, -0.4199278392237178, 0.3258213460923293]]	[[-0.014227105974766889, 0.012039317772840072, 0.12087067448938221], [0.13676113558765196, -0.009694719785205481, 0.07556048921305877], [-0.017827705424189925, 0.16655454844245776, -0.0370957975598111]]	0.7196717074925398	[[0.0, 0.0, -0.7780944822992897], [1.0, -1.7938038903913487e-16, 0.0], [-1.553648188525988e-16, -0.7780944822992897, 0.0]]
4	[[0.08740825448676931, -0.06334395238859675, -0.994156597696443], [0.7119981850616444, -0.6940087028176986, 0.10681996481098455], [-0.6967197295301035, -0.717174639895393, -0.015561310176609944]]	0.6989653815704724	0.30103461842952794	[[0.06109534394975367, -0.04427522985147735, -0.6948810456496965], [0.497662083099096, -0.4850880577782013, 0.07466345746345424], [-0.48698297159868514, -0.5012802458271496, -0.010876817105330642]]	0.8766469358922095	0.2056914779203704	[[0.05073579853216559, -0.0507357985321656, -0.7922846705703736], [0.6786646315250588, -0.6654439775856581, 0.09221406399129153], [-0.5691368889174442, -0.5799810314147723, 0.0]]	[[-0.025890379935347194, 0.004794483236599744, 0.07923966459723736], [0.054493604229953745, -0.057043374777995585, -0.0014293308523717126], [0.041640327150770026, 0.04872791914912272, 0.013641774884793366]]	0.22026859691218093	[[0.0, 0.0, -0.8284651642880001], [0.7071067811865475, -0.7071067811865476, 0.0], [-0.585813335644872, -0.585813335644872, 0.0]]
