4	[[-0.8305561570912853, 0.32773595720904825, 0.4502950280316503], [-0.5100865793185324, -0.772219296347621, -0.37879947194723407], [0.22358030216652452, -0.5443036842615101, 0.808545204538665]]	0.5961588517955348	0.40384114820446515	[[-0.4951434049632524, 0.19538269194185673, 0.26844736688058674], [-0.3040926294428484, -0.4603653690449537, -0.22582465825681794], [0.13328937622369402, -0.3244914594374212, 0.4820213807625563]]	0.7644426250029772	0.3914416201153485	[[-0.5991256791647288, 0.2376844017732606, 0.19673623338308552], [-0.5690224880148683, -0.6238392448383814, -0.3032412708071252], [0.1759034316455959, -0.2661510133770108, 0.5787051935417502]]	[[0.0357868497745184, -0.01285093366348768, -0.14748847987121846], [-0.17909056434182002, -0.03352189886045388, -0.013670808122039897], [0.004989118558459091, 0.14993792381864965, -0.039381225049355914]]	0.6811994563046289	[[-0.6408537042164927, 0.6408537042164927, 0.0], [-0.7071067811865475, -0.7071067811865476, 0.0], [0.0, 0.0, 0.9063039999999999]]
4	[[-0.5446221603179724, 0.8109226453022452, -0.2139887049042392], [-0.8354447797583356, -0.5021691245819775, 0.22328947644507607], [0.07361197229480154, 0.30038414347728, 0.9509735242804028]]	0.669548093595102	0.33045190640489785	[[-0.3646507291705445, 0.5429517112152155, -0.14327572941951822], [-0.5593704595911736, -0.3362263800261844, 0.1495030432736492], [0.049286755715759856, 0.20112163061141042, 0.6367225102413593]]	0.8065888588354437	0.28767792749816845	[[-0.48132567514041524, 0.6194257863439729, -0.11258729194650016], [-0.7351721751256012, -0.4064332910331505, 0.09647764352853655], [0.07508944284418956, 0.1167433255387607, 0.7454294515409223]]	[[-0.0420395083530479, -0.034655384734184294, 0.0600136133458847], [-0.06131172360029658, -0.001389269894179597, -0.08362516046726111], [0.015714846114299297, -0.12554317796084075, -0.02161519819112785]]	0.4105355407547646	[[-0.6408537042164927, 0.6408537042164927, 0.0], [-0.7071067811865475, -0.7071067811865476, 0.0], [0.0, 0.0, 0.9063039999999999]]
4	[[0.22433838825039393, -0.7661379269479729, -0.6022499185961573], [-0.9416906372873723, -0.011392912655017143, -0.3362869982418849], [0.2507808429735371, 0.642575192824231, -0.724020780340167]]	0.5360711670058012	0.46392883299419896	[[0.12026134159358917, -0.410704452586405, -0.3228488166909908], [-0.5048131988890783, -0.006107411982570178, -0.18027376359640504], [0.13443637915552262, 0.34446603350626326, -0.3881266646534042]]	0.7464674112401609	0.42719092318900326	[[0.2103680584493049, -0.49782439933806844, -0.36140999767493287], [-0.8128213233951931, 0.045721097700615346, -0.20611697535898713], [0.1693017917579185, 0.3614099976749328, -0.415659910479948]]	[[0.04290676253024314, 0.0740725956436884, 0.08814993997913838], [-0.10987995119019095, 0.05422553571669127, 0.04491030965235726], [-0.017897934885163037, -0.11825144303971821, 0.12479800710465772]]	0.7313858198556434	[[1.640091738326142e-16, -0.8213869404159998, 0.0], [-1.0, -1.7938038903913487e-16, 0.0], [0.0, 0.0, -0.8213869404159998]]
4	[[0.08740825448676931, -0.06334395238859675, -0.994156597696443], [0.7119981850616444, -0.6940087028176986, 0.10681996481098455], [-0.6967197295301035, -0.717174639895393, -0.015561310176609944]]	0.7471273500767064	0.25287264992329356	[[0.06530509754953033, -0.047325999291477336, -0.7427615843982178], [0.5319533172645308, -0.5185128830663598, 0.07980811724451793], [-0.5205383652699859, -0.5358207882472611, -0.011626280435972271]]	0.8984121384693046	0.17211408747784418	[[0.05266273947465996, -0.05266273947465997, -0.8262048067453069], [0.6836399705964556, -0.6704433333612722, 0.09067146886833358], [-0.5976178087552511, -0.6085669315908605, 0.0]]	[[-0.025865897358667636, 0.004246236249877037, 0.06695754816452254], [0.043972158568960196, -0.04693749054651544, -0.005296884148718907], [0.028323653365644703, 0.035751470293513166, 0.013980469953152289]]	0.19369962985675918	[[0.0, 0.0, -0.8628014079999999], [0.7071067811865475, -0.7071067811865476, 0.0], [-0.6100927264141011, -0.6100927264141011, 0.0]]
4	[[0.8592155572171323, 0.2624339665249735, -0.4391776855101157], [-0.4266000482917053, 0.8413623931712975, -0.33184593135155627], [0.2824199444684594, 0.4724804086637203, 0.8348660002631537]]	0.6468993511362665	0.35310064886373355	[[0.5558259864499485, 0.16976836266112208, -0.28410375979002117], [-0.2759672944346041, 0.5442767862129687, -0.21467091766853175], [0.18269727882458678, 0.30564726978915874, 0.5400742738559643]]	0.7751362117412908	0.40124039714639353	[[0.5165438268531339, 0.21018976238448017, -0.2932722923331478], [-0.3548236388141822, 0.7490299236056863, -0.25107172336678174], [0.24536993830992743, 0.33227154918230173, 0.5138782490659559]]	[[-0.14946526523733625, 0.006767691740071454, 0.047150235094471304], [-0.024150493452698114, 0.09685946546130039, 0.0061540747428240035], [0.026456012434460045, -0.033965124911271356, -0.13325661968962874]]	0.5528733185658138	[[0.5808082755462242, 0.4106934702079999, -0.4106934702079998], [-0.7071067811865475, 0.5000000000000001, -0.5], [0.0, 0.580808275546224, 0.5808082755462242]]
4	[[-0.30792515101507295, 0.09349718223056193, 0.9468053539599837], [0.3027085282091916, -0.9338174967034747, 0.1906631317268273], [0.9019698710720718, 0.34531602882779927, 0.2592434992682147]]	0.6726021774774794	0.3273978225225206	[[-0.2071111270728197, 0.06288640835628466, 0.6368233427208208], [0.20360241521450526, -0.6280876816493263, 0.12824043756413955], [0.6066668993021571, 0.23226031290745386, 0.17436774210468256]]	0.8269018745796868	0.28409011476745843	[[-0.23134113075428742, 0.07235307332773386, 0.7250740605917521], [0.24779681190565178, -0.8482361354579679, 0.11859356814987519], [0.6635309905469489, 0.25090081195169756, 0.15898805742655356]]	[[0.02328275385030959, -0.0049599219266363796, -0.057841061459842365], [-0.002513437521786706, -0.0760606969185543, -0.03906613288827207], [-0.08230958665694588, -0.0346416596084229, -0.05538087809093089]]	0.474879576189977	[[0.0, 0.0, 0.952], [0.0, -1.0, 0.0], [0.952, 0.0, 0.0]]
4	[[0.034229894132735264, 0.2773841392786001, 0.9601491309293217], [-0.1827544195208179, -0.9427759796974285, 0.2788803941677556], [0.9825625356654255, -0.18501754344446375, 0.018422055382213542]]	0.8312641814541358	0.16873581854586425	[[0.028454084927509893, 0.2305794994857855, 0.7981375813958624], [-0.15191720295009845, -0.7836959030578039, 0.23182328258146614], [0.8167690419374202, -0.15379845680601714, 0.0153135947879985]]	0.9002463259829827	0.15196123461069275	[[0.00911679555077199, 0.22653297322998406, 0.8291579505854993], [-0.16618933001062997, -0.8256053881937554, 0.254836507016797], [0.8607933411898255, -0.15393468454456194, 0.0]]	[[-0.02169854088100938, -0.023181079041527646, -0.03521277692937636], [-0.0016653352798609647, 0.023125223753861647, 0.0037754567785889632], [-0.023754971591497042, 0.012626679183713393, -0.01658438767489277]]	0.35915861282658496	[[0.0, 0.0, 0.952], [0.0, -1.0, 0.0], [0.952, 0.0, 0.0]]
4	[[0.3802729664721569, 0.7767473726770865, -0.5020517802076895], [0.4287143634067757, 0.332951791095048, 0.839849450446521], [0.8195098935212374, -0.5346088512602871, -0.20639019011321075]]	0.6503146832095813	0.349685316790419	[[0.24729709372450845, 0.505130221596374, -0.3264916444005698], [0.2787992454262746, 0.21652343855003875, 0.5461664293108702], [0.5329393167923812, -0.3476639857483718, -0.1342185711010379]]	0.8078650338082134	0.3024511863602868	[[0.34581123291401367, 0.5232677559707336, -0.4101742704817204], [0.4072516893128852, 0.2989611656881388, 0.7165820801380118], [0.5943329509649834, -0.4168764279082634, -0.06939838319646233]]	[[0.03860199999863495, -0.10423928651748182, -0.004584192090761639], [0.06090834562520361, 0.029981055718632722, 0.03809707545922375], [-0.06772043687071641, 0.015015369789298573, 0.09733703471703027]]	0.4084994493707975	[[0.4106934702079998, 0.4106934702079999, -0.5808082755462242], [0.5, 0.5000000000000001, 0.7071067811865475], [0.5808082755462242, -0.580808275546224, 0.0]]
4	[[-0.42203838922340475, -0.825029846081567, 0.3757783270710803], [0.2588054115689476, 0.28760896992378115, 0.9221175843470338], [-0.8688517462515349, 0.4864224845687207, 0.09214016247897017]]	0.6487009353242712	0.3512990646757288	[[-0.2737766978319715, -0.5351976328235521, 0.24376775224559968], [0.16788731255175926, 0.18657220779720693, 0.5981785394448783], [-0.5636249404514971, 0.315542720702485, 0.05977140958103828]]	0.8083366414585207	0.31686047124445726	[[-0.25880577022281226, -0.5625811701931874, 0.3088832101166296], [0.2659080656401966, 0.2365122727289289, 0.827604282426665], [-0.6556380290171288, 0.3418613098690275, 0.02414532040048859]]	[[0.08234332388859861, 0.10432068469142682, 0.005127819279091024], [0.05670616846126334, 0.004027403927394944, 0.08222285126573967], [0.04668667347320777, -0.05133180763716128, -0.05033494908120453]]	0.5272459509012654	[[-0.4106934702079998, -0.4106934702079999, 0.5808082755462242], [0.5, 0.5000000000000001, 0.7071067811865475], [-0.5808082755462242, 0.580808275546224, 0.0]]
4	[[-0.3195682178843842, -0.5708200961323295, -0.7563336379995778], [0.910087742671785, 0.03735879733279218, -0.41272826520656647], [0.2638493031197415, -0.8202248094963509, 0.507557688474819]]	0.5904435465401311	0.4095564534598687	[[-0.1886869919291652, -0.33703704199675133, -0.4465723155880705], [0.5373554344458311, 0.02205826079164779, -0.24369274066592092], [0.15578811828616224, -0.48429644547922895, 0.2996841616567832]]	0.7317557444797321	0.4219662459019749	[[-0.2471028688866851, -0.3731235180393572, -0.48214609850679535], [0.7868821553300351, 0.033114978084121505, -0.2268345177100958], [0.1863189104826346, -0.4821460985067953, 0.2891579671508884]]	[[-0.01325698969663627, 0.04457736636994786, 0.07130538584264998], [0.1209202216493642, 0.005777463528996617, 0.07518176126396363], [-0.006754332752210398, 0.11805811760695355, -0.08225028704541479]]	0.7145353284369484	[[0.0, 0.0, -0.8213869404159998], [1.0, 1.7938038903913487e-16, 0.0], [1.640091738326142e-16, -0.8213869404159998, 0.0]]
4	[[0.8787972042104137, -0.3840163418041313, 0.28327887866788265], [-0.395223040501579, -0.9183905790867732, -0.018907472103605397], [0.2674214316928388, -0.09534250611366366, -0.9588511794847616]]	0.6488303997538014	0.3511696002461987	[[0.5701903413103658, -0.2491614765647669, 0.1837999480878909], [-0.25643272336055234, -0.5958797265589962, -0.012267742683316141], [0.1735111544279985, -0.06186111635525763, -0.6221317940895019]]	0.8241225360621863	0.2854851940203947	[[0.6530991335736644, -0.26604232207267264, 0.16602516496327988], [-0.3167890484834628, -0.8546471028460254, -0.03412388715588411], [0.15729981437607765, -0.05199147514901007, -0.7504872479940949]]	[[-0.07113744704458083, 0.050434199424271506, -0.06743134293734795], [0.008923165964906702, -0.0977807297134139, -0.01854181329533578], [-0.06308821410800534, 0.026582432783906915, 0.03972361774910528]]	0.4900602976683688	[[0.6408537042164927, -0.6408537042164927, 0.0], [-0.7071067811865475, -0.7071067811865476, 0.0], [0.0, 0.0, -0.9063039999999999]]
4	[[0.04673222253661188, -0.9725397674033924, -0.22799671093185395], [-0.8377629715199755, -0.16246744520517667, 0.5213036857710898], [-0.5440306084466285, 0.16664552219444034, -0.8223502702654952]]	0.5835769050196482	0.4164230949803518	[[0.0272718457926054, -0.5675517474698004, -0.13305361492027068], [-0.488899122059691, -0.0948122488392862, 0.3042207915176277], [-0.3174836987132395, 0.0972504780776146, -0.4799046255636089]]	0.7537327560726668	0.4032597822268115	[[-0.008918655981668624, -0.7945463464657221, -0.12319988181670179], [-0.6868091855654367, -0.144877089306848, 0.2708259860830188], [-0.26796147200252085, 0.02474205276687021, -0.5781667732615878]]	[[-0.0441422628715904, -0.06151126719049291, 0.048648707489467605], [-0.055359792106058694, -0.022420054060265173, -0.12209767774406405], [0.14209221788984638, -0.10086413596391405, 0.04166556240272615]]	0.649513267132222	[[1.7227854394182169e-16, -0.8628014079999999, 0.0], [-1.0, -1.7938038903913487e-16, 0.0], [0.0, 0.0, -0.8628014079999999]]
4	[[0.8489524140446696, -0.5135124485683378, 0.12483895166604869], [0.522794976890395, 0.7815435453534784, -0.34040431673891397], [0.0772347773085365, 0.35425224329800037, 0.9319550081910795]]	0.7478203730046442	0.25217962699535584	[[0.6348639109340779, -0.3840150708309026, 0.09335711140041328], [0.3909567346231295, 0.5844541856056104, -0.2545612831160857], [0.0577577399758004, 0.2649170447208427, 0.6969349418489995]]	0.8766964219046555	0.2059992787487085	[[0.7072856144696605, -0.4522994480385012, 0.05253724643189163], [0.5040249638420297, 0.6686697793371204, -0.2958769485063647], [0.023683462438639166, 0.2628969930495598, 0.7906892067545144]]	[[-0.03698792929062095, -0.0021049217751410586, -0.0569086158080615], [0.04569247821249329, -0.016506650436952985, 0.0025542979795402905], [-0.04402799047435766, -0.0476746811014946, -0.02635241430272896]]	0.44277795812734216	[[0.6731656556895933, -0.6731656556895932, 0.0], [0.7071067811865475, 0.7071067811865476, 0.0], [0.0, 0.0, 0.952]]
4	[[0.5319609947059123, -0.8460851799387872, 0.03402011756955908], [-0.703274286200726, -0.4190807785627857, 0.5742617690636116], [-0.47161719485230363, -0.3294103357928521, -0.8179645788128509]]	0.6083125110866022	0.3916874889133978	[[0.3235985284896802, -0.5146842004017235, 0.020694863146199897], [-0.42781054702140137, -0.2549320807556565, 0.34933061876012006], [-0.2868906400722242, -0.20038442854403074, -0.49757808691754024]]	0.7537637578387776	0.4246618840692852	[[0.47388563360548597, -0.6242063206544822, 0.09343753154858536], [-0.5054891875938325, -0.36406060170303656, 0.3437119736550602], [-0.2663474955264037, -0.10941056244705627, -0.5607649276115894]]	[[0.0729127152123035, 0.01354202402787633, 0.0677943998872375], [0.024613481164210575, -0.0481726992155505, -0.08914573537747196], [0.08914045352685161, 0.13888701013109755, 0.05578712709339809]]	0.67660287462111	[[0.6408537042164927, -0.6408537042164927, 0.0], [-0.7071067811865475, -0.7071067811865476, 0.0], [0.0, 0.0, -0.9063039999999999]]
