4	[[0.8592155572171323, 0.2624339665249735, -0.4391776855101157], [-0.4266000482917053, 0.8413623931712975, -0.33184593135155627], [0.2824199444684594, 0.4724804086637203, 0.8348660002631537]]	0.6533825057380995	0.3466174942619005	[[0.5613964137436873, 0.17146976263887573, -0.28695101662285855], [-0.2787330085008287, 0.5497314686840664, -0.21682232614547317], [0.1845282509872169, 0.3087104333248629, 0.5454868392074843]]	0.7773219120563079	0.3940438540949072	[[0.5303438350373864, 0.2099874984537515, -0.28433370355152265], [-0.33986479383333745, 0.7512232330346009, -0.26073545097786033], [0.24122221519399328, 0.33060647788120523, 0.5234933062364631]]	[[-0.13754324476716093, 0.0059918258060379995, 0.057048734681664354], [-0.008259228611915803, 0.09721380884241686, -0.0027843371115623527], [0.021691003956934133, -0.03666289679042349, -0.12546632939889366]]	0.549330849818811	[[0.5861957306182747, 0.4145029762227847, -0.4145029762227846], [-0.7071067811865475, 0.5000000000000001, -0.5], [0.0, 0.5861957306182746, 0.5861957306182747]]
4	[[-0.42203838922340475, -0.825029846081567, 0.3757783270710803], [0.2588054115689476, 0.28760896992378115, 0.9221175843470338], [-0.8688517462515349, 0.4864224845687207, 0.09214016247897017]]	0.6562885649278534	0.3437114350721467	[[-0.2769789688078912, -0.5414576537075195, 0.24661901900446884], [0.16985103215414707, 0.18875447813165647, 0.6051752261258535], [-0.5702174656824792, 0.31923351434624664, 0.060470535005542565]]	0.8120548891392597	0.3107183613207257	[[-0.2603431464904886, -0.5686628059550807, 0.310688003253968], [0.26500363873878596, 0.23603757488550361, 0.8280362675940237], [-0.6624339553229684, 0.34416776928444487, 0.024013039353289613]]	[[0.08237519088283513, 0.1013067142412667, 0.005535375523325333], [0.054839438938523694, 0.002483304698590729, 0.07922617486373107], [0.04312135315777399, -0.05083398749685094, -0.05080983007384388]]	0.5243544684142496	[[-0.4145029762227846, -0.4145029762227847, 0.5861957306182747], [0.5, 0.5000000000000001, 0.7071067811865475], [-0.5861957306182747, 0.5861957306182746, 0.0]]
4	[[0.034229894132735264, 0.2773841392786001, 0.9601491309293217], [-0.1827544195208179, -0.9427759796974285, 0.2788803941677556], [0.9825625356654255, -0.18501754344446375, 0.018422055382213542]]	0.8350850617232531	0.16491493827674675	[[0.028584873254615655, 0.23163935107052125, 0.8018061962656408], [-0.15261548570573952, -0.7872981371968277, 0.23288885117698538], [0.8205232957431181, -0.15450538668720468, 0.015383983255924983]]	0.9020714016000291	0.1490126510659587	[[0.009109370475653727, 0.2275038521842807, 0.8321711759940862], [-0.16605986917635002, -0.8257193447849743, 0.2546908523030342], [0.8639595682493811, -0.1545331092712088, 0.0]]	[[-0.021768438101283382, -0.022716447116383716, -0.03395189628837679], [-0.0012023338106061134, 0.024731904615525623, 0.0031208242573582713], [-0.022381995458007793, 0.01236592546433288, -0.016618009318986725]]	0.3581700411700493	[[0.0, 0.0, 0.9541999999999999], [0.0, -1.0, 0.0], [0.9541999999999999, 0.0, 0.0]]
4	[[0.8489524140446696, -0.5135124485683378, 0.12483895166604869], [0.522794976890395, 0.7815435453534784, -0.34040431673891397], [0.0772347773085365, 0.35425224329800037, 0.9319550081910795]]	0.752897223685773	0.2471027763142269	[[0.6391739155755667, -0.38662209685518484, 0.09399090011721045], [0.39361088665764626, 0.58842196548617, -0.25628946500338085], [0.05814984940758608, 0.2667155304635214, 0.7016663382671157]]	0.878956178769235	0.20226001264699286	[[0.710741304478372, -0.454176008107444, 0.05323293371153146], [0.5045434202016358, 0.6688158150763253, -0.29500593068457875], [0.02340250682885695, 0.2645127392279785, 0.7944204948425705]]	[[-0.03545066532724809, -0.0028210685633844445, -0.05649503420641592], [0.04502954503430368, -0.018126713089328454, 0.004194546792809508], [-0.04448347790234713, -0.04685945886166122, -0.02472711794191189]]	0.4420042988771262	[[0.6747212906082036, -0.6747212906082035, 0.0], [0.7071067811865475, 0.7071067811865476, 0.0], [0.0, 0.0, 0.9541999999999999]]
4	[[0.3802729664721569, 0.7767473726770865, -0.5020517802076895], [0.4287143634067757, 0.332951791095048, 0.839849450446521], [0.8195098935212374, -0.5346088512602871, -0.20639019011321075]]	0.6569898981429493	0.3430101018570509	[[0.24983549750905956, 0.5103151772579225, -0.3298429479411362], [0.2816610059470369, 0.2187459633180481, 0.5517726049042718], [0.538409721471657, -0.3512326147358152, -0.1355962699801823]]	0.8116079033717886	0.297891254662187	[[0.34643406225513096, 0.5290532531531731, -0.4132397033755515], [0.4075795869866587, 0.29737215829421826, 0.7155959940509653], [0.599916558148887, -0.41729736725084493, -0.07095364264966851]]	[[0.03780151722769324, -0.10136105343482239, -0.005770510657114664], [0.059631621356714494, 0.02714585319968478, 0.033967542426115646], [-0.06520414832432223, 0.01659540164451701, 0.09655426682461928]]	0.4054681131910789	[[0.4145029762227846, 0.4145029762227847, -0.5861957306182747], [0.5, 0.5000000000000001, 0.7071067811865475], [0.5861957306182747, -0.5861957306182746, 0.0]]
4	[[-0.3195682178843842, -0.5708200961323295, -0.7563336379995778], [0.910087742671785, 0.03735879733279218, -0.41272826520656647], [0.2638493031197415, -0.8202248094963509, 0.507557688474819]]	0.5960354174915274	0.4039645825084725	[[-0.19047397616374234, -0.34022899431078685, -0.4508016356879641], [0.5424445276572992, 0.022267166365232138, -0.2460006638629497], [0.15726352953982364, -0.48888303676506606, 0.3025223587511234]]	0.7348960557210222	0.41772584867864493	[[-0.25000002467867244, -0.376196825944242, -0.4858746026566336], [0.7859825985817611, 0.033028059334180404, -0.22769807153331975], [0.1887630566614991, -0.48587460265663357, 0.2909871700982575]]	[[-0.015150601821642282, 0.04329661122970169, 0.06995200471838772], [0.11716270613221758, 0.005573226527830398, 0.07561430265156598], [-0.0051387555059392385, 0.11690537464676166, -0.08201497321276639]]	0.7138479554974375	[[0.0, 0.0, -0.8290059524455694], [1.0, -1.7938038903913487e-16, 0.0], [-1.6553048833970584e-16, -0.8290059524455694, 0.0]]
4	[[-0.5446221603179724, 0.8109226453022452, -0.2139887049042392], [-0.8354447797583356, -0.5021691245819775, 0.22328947644507607], [0.07361197229480154, 0.30038414347728, 0.9509735242804028]]	0.6739848189999815	0.32601518100001853	[[-0.3670670681452875, 0.5465495523170198, -0.14422513854292407], [-0.5630770986699013, -0.33845436653876326, 0.15049371736643524], [0.04961335182334348, 0.202454352571999, 0.6409417186359018]]	0.8091238608286451	0.2844169882494166	[[-0.4834525055350506, 0.6215556848525072, -0.11422765833445056], [-0.7352929533933701, -0.4066263710361047, 0.09627688890492091], [0.07535975486038976, 0.11868201745918101, 0.7482935705091328]]	[[-0.042785720485735604, -0.03458117674782355, 0.058915708751389156], [-0.059314647686168474, -0.0003093501653943717, -0.08439195435872589], [0.015798551634008683, -0.12436596044286147, -0.02116179900244991]]	0.40894185116551096	[[-0.6438190554983478, 0.6438190554983478, 0.0], [-0.7071067811865475, -0.7071067811865476, 0.0], [0.0, 0.0, 0.9104976399999999]]
4	[[0.5319609947059123, -0.8460851799387872, 0.03402011756955908], [-0.703274286200726, -0.4190807785627857, 0.5742617690636116], [-0.47161719485230363, -0.3294103357928521, -0.8179645788128509]]	0.6121059250146811	0.3878940749853189	[[0.32561647673619226, -0.5178937517076443, 0.02082391553402318], [-0.430478357493935, -0.2565218276180466, 0.35150903135324907], [-0.2886796793078984, -0.20163401829988042, -0.5006809651434841]]	0.7562654461962682	0.4211728996466528	[[0.47689952312859013, -0.6285203217606619, 0.09371371175250616], [-0.5061013439043787, -0.36551857415659383, 0.3424959053806842], [-0.26794389504030325, -0.10970096096102458, -0.5647368125366892]]	[[0.07459580410831271, 0.011344664365795024, 0.067985472359114], [0.025760697947575358, -0.04858226216452924, -0.09179842763366637], [0.08872389325850659, 0.13942069361901932, 0.05386153463195417]]	0.6750481598545817	[[0.6438190554983478, -0.6438190554983478, 0.0], [-0.7071067811865475, -0.7071067811865476, 0.0], [0.0, 0.0, -0.9104976399999999]]
4	[[0.08740825448676931, -0.06334395238859675, -0.994156597696443], [0.7119981850616444, -0.6940087028176986, 0.10681996481098455], [-0.6967197295301035, -0.717174639895393, -0.015561310176609944]]	0.7559541240795273	0.24404587592047278	[[0.0660766304578661, -0.04788512204365693, -0.7515367800094975], [0.5382379643344885, -0.5246387410421223, 0.08075099293289376], [-0.5266881528658547, -0.5421511267141723, -0.011763636604089004]]	0.9020475267546458	0.16619678988587142	[[0.05311722990868736, -0.05311722990868738, -0.8321502065288674], [0.6837481457555996, -0.6705596295787934, 0.09061347112279948], [-0.6020324316881922, -0.6130583602368226, 0.0]]	[[-0.025729169869043562, 0.004022025678310351, 0.06462629363002247], [0.041491943866946775, -0.044530795655888446, -0.005743213942967427], [0.026441877175603534, 0.03386724993197047, 0.014037041357872902]]	0.1892329566492144	[[0.0, 0.0, -0.8687968480879998], [0.7071067811865475, -0.7071067811865476, 0.0], [-0.6143321427565235, -0.6143321427565234, 0.0]]
4	[[-0.30792515101507295, 0.09349718223056193, 0.9468053539599837], [0.3027085282091916, -0.9338174967034747, 0.1906631317268273], [0.9019698710720718, 0.34531602882779927, 0.2592434992682147]]	0.676945324603014	0.3230546753969861	[[-0.20844849130733076, 0.06329248037453489, 0.6409354576723127], [0.20491712288867184, -0.6321433884259076, 0.1290685155966443], [0.6105842871550226, 0.23376007122545833, 0.17549367476334285]]	0.8287633240755822	0.2823413933735952	[[-0.23353292100559023, 0.07281011041042505, 0.72640182061159], [0.2473805014455892, -0.8484394106464869, 0.11851912889292149], [0.6647111353105348, 0.2519035347462034, 0.1607228105951652]]	[[0.021664150716137323, -0.004676925126675908, -0.05827573178884423], [-0.0034932246190875335, -0.07452571799857612, -0.03949548193566453], [-0.08280841325517982, -0.03428172516170308, -0.054128693603346226]]	0.47440998992449834	[[0.0, 0.0, 0.9541999999999999], [0.0, -1.0, 0.0], [0.9541999999999999, 0.0, 0.0]]
4	[[0.8787972042104137, -0.3840163418041313, 0.28327887866788265], [-0.395223040501579, -0.9183905790867732, -0.018907472103605397], [0.2674214316928388, -0.09534250611366366, -0.9588511794847616]]	0.652837607218152	0.347162392781848	[[0.5737118640267281, -0.25070030971607704, 0.18493510532498167], [-0.2580164640785336, -0.5995599081427019, -0.012343508846661713], [0.17458276758520538, -0.06224317355742621, -0.6259741096931346]]	0.8260441991615982	0.2834352478541496	[[0.6543462187769551, -0.2670934272696002, 0.1675234869438216], [-0.31724457058794486, -0.8545895581130449, -0.033807290326206704], [0.15851144016691981, -0.05253846361034304, -0.7522298413759877]]	[[-0.07157911400048765, 0.050121044260960076, -0.06647738752478512], [0.009227129393393837, -0.09595834769375494, -0.018188882674213716], [-0.06239048221443924, 0.026218660498378045, 0.03982361329665611]]	0.4888437127007327	[[0.6438190554983478, -0.6438190554983478, 0.0], [-0.7071067811865475, -0.7071067811865476, 0.0], [0.0, 0.0, -0.9104976399999999]]
4	[[-0.8305561570912853, 0.32773595720904825, 0.4502950280316503], [-0.5100865793185324, -0.772219296347621, -0.37879947194723407], [0.22358030216652452, -0.5443036842615101, 0.808545204538665]]	0.6004789909830409	0.39952100901695903	[[-0.4987315231649272, 0.1967985568937503, 0.2703927040771255], [-0.3062962744631832, -0.4637014638884534, -0.2274611246997839], [0.1342552742486381, -0.3268429271137033, 0.48551440858555395]]	0.7673282897780174	0.3879896043329315	[[-0.6030247051692144, 0.23930682782058807, 0.1970315180337007], [-0.5683399959537931, -0.6243950495277589, -0.3035061394273472], [0.17654724227474017, -0.26817912471998073, 0.5825805433818715]]	[[0.03428453041624377, -0.012174243723392427, -0.14849259572136986], [-0.17693613340658468, -0.031849337527754956, -0.012842588449260083], [0.0049877513852485695, 0.14948049044427772, -0.03783906562499951]]	0.6810206598701698	[[-0.6438190554983478, 0.6438190554983478, 0.0], [-0.7071067811865475, -0.7071067811865476, 0.0], [0.0, 0.0, 0.9104976399999999]]
4	[[0.22433838825039393, -0.7661379269479729, -0.6022499185961573], [-0.9416906372873723, -0.011392912655017143, -0.3362869982418849], [0.2507808429735371, 0.642575192824231, -0.724020780340167]]	0.5408518046107839	0.4591481953892162	[[0.12133382212870028, -0.414367080370576, -0.3257279552994293], [-0.5093150805619544, -0.006161877369239066, -0.18188142986626699], [0.1356352714840512, 0.3475379526371077, -0.3915879456226873]]	0.7497575133748712	0.42248739100927835	[[0.20413182988284406, -0.5081847560902679, -0.3597385775228687], [-0.8175247633358254, 0.05066075260298518, -0.20345960747235922], [0.16866922567682488, 0.35973857752286864, -0.42406970286295453]]	[[0.03593243775370227, 0.06623291092042315, 0.09180282387400482], [-0.11148513275484728, 0.05920267446530795, 0.04867409610977608], [-0.01935559555306838, -0.1220370012054053, 0.11877031703662301]]	0.7315316723601666	[[-1.6553048833970584e-16, -0.8290059524455694, 0.0], [-1.0, 1.7938038903913487e-16, 0.0], [0.0, 0.0, -0.8290059524455694]]
4	[[0.04673222253661188, -0.9725397674033924, -0.22799671093185395], [-0.8377629715199755, -0.16246744520517667, 0.5213036857710898], [-0.5440306084466285, 0.16664552219444034, -0.8223502702654952]]	0.586416253738058	0.41358374626194205	[[0.027404534868773162, -0.5703131270119797, -0.13370097708925668], [-0.4912778232792074, -0.09527355057161283, 0.30570095446972423], [-0.31902839132410815, 0.0977236428274861, -0.48223956474957114]]	0.7569004834206184	0.39880523849205457	[[-0.00933986513976394, -0.798867311923334, -0.12458214431049285], [-0.687141124158078, -0.14616758729502297, 0.2715528562799918], [-0.26990386609424544, 0.027226467222404932, -0.5813696840847428]]	[[-0.04471150696904527, -0.06275149182993064, 0.04798867641213837], [-0.05303792602271494, -0.023195899479112093, -0.1230221554890962], [0.14187316443462084, -0.09890760908644836, 0.041067633020286674]]	0.647376983470993	[[-1.7347567421893297e-16, -0.8687968480879998, 0.0], [-1.0, 1.7938038903913487e-16, 0.0], [0.0, 0.0, -0.8687968480879998]]
