4	[[-0.3195682178843842, -0.5708200961323295, -0.7563336379995778], [0.910087742671785, 0.03735879733279218, -0.41272826520656647], [0.2638493031197415, -0.8202248094963509, 0.507557688474819]]	0.650518160255837	0.349481839744163	[[-0.20788492917438606, -0.371328838773063, -0.4920087667310895], [0.5920286040342372, 0.024302576110298638, -0.2684872317677588], [0.17163876325023883, -0.5335711340697604, 0.33017549373034444]]	0.7708785935482078	0.3702852871062198	[[-0.28485701303615635, -0.4126118894032912, -0.530249439237967], [0.7757748710865177, 0.03208024499892495, -0.23751320147628882], [0.21853859787260613, -0.530249439237967, 0.31206492966735055]]	[[-0.03850871469073504, 0.02742110347225182, 0.05279197187634692], [0.07420771201022867, 0.0032811478543695923, 0.08065018312374084], [0.015142818174985142, 0.10204430829992668, -0.07920042736869722]]	0.7108516393323983	[[0.0, 0.0, -0.9201113728174097], [1.0, -1.7938038903913487e-16, 0.0], [-1.8372182300992955e-16, -0.9201113728174097, 0.0]]
4	[[0.034229894132735264, 0.2773841392786001, 0.9601491309293217], [-0.1827544195208179, -0.9427759796974285, 0.2788803941677556], [0.9825625356654255, -0.18501754344446375, 0.018422055382213542]]	0.865618746909099	0.13438125309090096	[[0.029630038066009425, 0.24010891105480084, 0.8311230875608999], [-0.15819565161771015, -0.8160845621616863, 0.24140409733700827], [0.8505245508825326, -0.1601546541125965, 0.015946476495441703]]	0.9223766960463262	0.12536074301204406	[[0.00910047930021476, 0.2387396242703736, 0.8669244348472521], [-0.16461566929545227, -0.8269764270335744, 0.25310018717034305], [0.900487197681629, -0.16148148899515358, 0.0]]	[[-0.022472377355953126, -0.01711304165307557, -0.018694748251087273], [0.003952748370023965, 0.04261816623157808, -0.004132589394208523], [-0.005805587624346757, 0.009174381437758495, -0.016992074577828576]]	0.3471007945324305	[[0.0, 0.0, 0.9794], [0.0, -1.0, 0.0], [0.9794, 0.0, 0.0]]
4	[[0.22433838825039393, -0.7661379269479729, -0.6022499185961573], [-0.9416906372873723, -0.011392912655017143, -0.3362869982418849], [0.2507808429735371, 0.642575192824231, -0.724020780340167]]	0.5988112678765101	0.40118873212348993	[[0.13433635470159117, -0.4587720234039967, -0.3606340373330899], [-0.5638949644614901, -0.006822204471757246, -0.20137244378760888], [0.1501703945401237, 0.3847812659210707, -0.43355180144443567]]	0.7673369608108317	0.37998312378935434	[[0.2209711785700127, -0.5728221581046782, -0.35417269893941794], [-0.8379356822613075, -0.013712420485883656, -0.15638444720047676], [0.1438911084009224, 0.35417269893941794, -0.520460308761022]]	[[0.04882804153675493, 0.015063790321490269, 0.10795592324472819], [-0.11534165062119987, -0.004970217514399421, 0.10166099599064873], [-0.048542301475969905, -0.13889899661476166, 0.035107596389088565]]	0.7388558911797853	[[-1.8372182300992955e-16, -0.9201113728174097, 0.0], [-1.0, 1.7938038903913487e-16, 0.0], [0.0, 0.0, -0.9201113728174097]]
4	[[0.04673222253661188, -0.9725397674033924, -0.22799671093185395], [-0.8377629715199755, -0.16246744520517667, 0.5213036857710898], [-0.5440306084466285, 0.16664552219444034, -0.8223502702654952]]	0.6178808051126495	0.3821191948873505	[[0.028874943285625294, -0.6009136544872771, -0.14087479131360992], [-0.5176376593363281, -0.10038551584796979, 0.3221035410724326], [-0.3361460703529275, 0.10296706942191869, -0.5081144470762491]]	0.7923204387235078	0.35144476005995207	[[-0.03657977185438386, -0.8533537981367822, -0.16104409997530256], [-0.691686259722748, -0.15564375798643176, 0.2747224451530161], [-0.30018246338922616, 0.050785583117877786, -0.6147774592943104]]	[[-0.07360666691711691, -0.08279066295166829, 0.019602354057740773], [-0.027909534581731506, -0.026917480523178654, -0.13831711986531547], [0.13086410697422338, -0.08125107013852924, 0.03678746762684205]]	0.6238028032013657	[[1.8758609659988722e-16, -0.9394643381840001, 0.0], [-1.0, -1.7938038903913487e-16, 0.0], [0.0, 0.0, -0.9394643381840001]]
4	[[0.8592155572171323, 0.2624339665249735, -0.4391776855101157], [-0.4266000482917053, 0.8413623931712975, -0.33184593135155627], [0.2824199444684594, 0.4724804086637203, 0.8348660002631537]]	0.7198810361957044	0.2801189638042958	[[0.6185329856449386, 0.18892123575494674, -0.3161556873190533], [-0.30710128480537036, 0.6056808314122513, -0.23888959291868692], [0.20330876226628783, 0.3401296861710088, 0.6010042013540022]]	0.8032450255276147	0.28402077840259876	[[0.6525469789692449, 0.266052173138707, -0.2701286732922308], [-0.34046635234056893, 0.6888200227834022, -0.3479705589034904], [0.13675208021153176, 0.3793469765989538, 0.653986598659229]]	[[-0.03761364322135417, 0.05525339499804143, 0.08263861791650084], [0.002198014339583502, 0.01299986580254834, -0.0814169653037746], [-0.09010033529254341, -0.00017056131943396068, -0.01661536303428531]]	0.5095175476844678	[[0.6506169911660541, 0.46005568640870487, -0.46005568640870476], [-0.7071067811865475, 0.5000000000000001, -0.5], [0.0, 0.650616991166054, 0.6506169911660541]]
4	[[0.8489524140446696, -0.5135124485683378, 0.12483895166604869], [0.522794976890395, 0.7815435453534784, -0.34040431673891397], [0.0772347773085365, 0.35425224329800037, 0.9319550081910795]]	0.8110990102921761	0.18890098970782382	[[0.6885844628167853, -0.4165094388064908, 0.10125675014224492], [0.4240384883415205, 0.6339091961364448, -0.27610160440611753], [0.06264505143509058, 0.28733364393279126, 0.7559077847806215]]	0.9063144255228694	0.15776239909392703	[[0.75026251109653, -0.4722899535473243, 0.06622708866552875], [0.5081900757064033, 0.6669504058734228, -0.2958627713768341], [0.02297408911592167, 0.29379215135811826, 0.8316197631131668]]	[[-0.019155308334618128, -0.006886213724269248, -0.046916254096563435], [0.03437344655974316, -0.041373783454721674, 0.012650571393899619], [-0.04702490371085134, -0.02727176701669673, -0.01302450474869261]]	0.43348277745884295	[[0.6925403814941047, -0.6925403814941046, 0.0], [0.7071067811865475, 0.7071067811865476, 0.0], [0.0, 0.0, 0.9794]]
4	[[0.5319609947059123, -0.8460851799387872, 0.03402011756955908], [-0.703274286200726, -0.4190807785627857, 0.5742617690636116], [-0.47161719485230363, -0.3294103357928521, -0.8179645788128509]]	0.6541613420801131	0.345838657919887	[[0.3479883182310916, -0.5534762168228511, 0.022254645767025977], [-0.46005485091150033, -0.27414644454461057, 0.3756598495559521], [-0.30851373713264113, -0.21548750735731287, -0.5350808066502089]]	0.779032592800784	0.38154859812400604	[[0.5183424155669913, -0.6641896407837381, 0.1126512074867417], [-0.5117417782007085, -0.36230741913876413, 0.3381855750436218], [-0.2893517815375518, -0.1344678196696219, -0.5985790543784482]]	[[0.10392746259236034, -0.005061709325706931, 0.08614842708914064], [0.036131812428363594, -0.03582983362202598, -0.10918305985636857], [0.07805338457767083, 0.12215356831846055, 0.03864201227332836]]	0.657463831376796	[[0.6782740496353262, -0.6782740496353261, 0.0], [-0.7071067811865475, -0.7071067811865476, 0.0], [0.0, 0.0, -0.9592243600000001]]
4	[[-0.42203838922340475, -0.825029846081567, 0.3757783270710803], [0.2588054115689476, 0.28760896992378115, 0.9221175843470338], [-0.8688517462515349, 0.4864224845687207, 0.09214016247897017]]	0.733674799008566	0.26632520099143403	[[-0.3096389303873804, -0.6053036064999617, 0.27569908858565], [0.1898790083151769, 0.21101145320189088, 0.6765344333580745], [-0.6374546302993365, 0.3568759185992035, 0.06760091518737507]]	0.8536657534521591	0.2396489062603343	[[-0.2820711777697799, -0.6380401950476298, 0.33415897231263597], [0.25680160282453335, 0.2323138367828333, 0.8305633060369484], [-0.7416792716995628, 0.37637741312671485, 0.02253147202986028]]	[[0.07820854175235348, 0.06625953012811014, 0.01336988360251026], [0.035868286160031584, -0.013208091226750769, 0.04338310362385296], [2.9708902477955032e-05, -0.0388648036587134, -0.056125429195954146]]	0.49454703351188695	[[-0.46005568640870476, -0.46005568640870487, 0.6506169911660541], [0.5, 0.5000000000000001, 0.7071067811865475], [-0.6506169911660541, 0.650616991166054, 0.0]]
4	[[-0.30792515101507295, 0.09349718223056193, 0.9468053539599837], [0.3027085282091916, -0.9338174967034747, 0.1906631317268273], [0.9019698710720718, 0.34531602882779927, 0.2592434992682147]]	0.7249407488145597	0.2750592511854403	[[-0.22322748955570335, 0.06777991729827494, 0.6863777822813848], [0.21944574711252468, -0.6769623553163546, 0.13821947348537522], [0.6538747137431598, 0.2503336605160949, 0.18793617648480634]]	0.8498896841597979	0.2614072678629557	[[-0.25691001360098603, 0.07908887026160466, 0.7439759335303295], [0.24364311016780582, -0.8497652476386953, 0.1190556665226192], [0.6806194684111284, 0.26480459031152065, 0.1778211433393814]]	[[0.004792395740072329, -0.0003734204141586893, -0.06070416970752661], [-0.013625745264381272, -0.0561233903024861, -0.042986962281611966], [-0.08595542043596835, -0.028675940364253336, -0.042507232374162394]]	0.46953579081244295	[[0.0, 0.0, 0.9794], [0.0, -1.0, 0.0], [0.9794, 0.0, 0.0]]
4	[[0.8787972042104137, -0.3840163418041313, 0.28327887866788265], [-0.395223040501579, -0.9183905790867732, -0.018907472103605397], [0.2674214316928388, -0.09534250611366366, -0.9588511794847616]]	0.698560049120608	0.3014399508793923	[[0.6138926181402795, -0.26825847459381014, 0.19788730739706684], [-0.27608702658637907, -0.6415509680387597, -0.013208004641441132], [0.18680992845925273, -0.06660246575404274, -0.6698151270402279]]	0.8476343448233867	0.24783139161433418	[[0.6928956972323275, -0.31387216114771443, 0.145507217573946], [-0.35951925978622257, -0.8405001426741855, -0.02554745896633284], [0.132671786934604, -0.055493215705005566, -0.8127551913056974]]	[[-0.05200299519119046, 0.011633279138904126, -0.09460968914800832], [-0.024514636791559845, -0.06204074587799776, -0.009520836237526809], [-0.09400380311008746, 0.025322366998469466, 0.0]]	0.4763294573914579	[[0.6782740496353262, -0.6782740496353261, 0.0], [-0.7071067811865475, -0.7071067811865476, 0.0], [0.0, 0.0, -0.9592243600000001]]
4	[[0.08740825448676931, -0.06334395238859675, -0.994156597696443], [0.7119981850616444, -0.6940087028176986, 0.10681996481098455], [-0.6967197295301035, -0.717174639895393, -0.015561310176609944]]	0.871650110505078	0.12834988949492193	[[0.07618941468244846, -0.055213763099348764, -0.866556708241457], [0.6206132966883975, -0.6049327625025326, 0.09310963413164322], [-0.6072958292359828, -0.6251253541162591, -0.013564017735045853]]	0.935266022056603	0.10350892024863151	[[0.07223452697301284, -0.057190209085586634, -0.8940827598687051], [0.675025993144557, -0.6571814596931347, 0.11102465498718703], [-0.6398846073295205, -0.662535126006419, 0.0]]	[[-0.009515443495739129, 0.0020532372862391134, 0.03571812656017393], [0.009118282890431807, -0.008098700936162617, 0.011119571422191213], [0.011733682596451835, 0.008213946568422155, 0.014553964666866918]]	0.14137990543849432	[[0.0, 0.0, -0.9394643381840001], [0.7071067811865475, -0.7071067811865476, 0.0], [-0.6643016042128385, -0.6643016042128383, 0.0]]
4	[[0.3802729664721569, 0.7767473726770865, -0.5020517802076895], [0.4287143634067757, 0.332951791095048, 0.839849450446521], [0.8195098935212374, -0.5346088512602871, -0.20639019011321075]]	0.7362380117539126	0.2637619882460876	[[0.2799714127592231, 0.5718709412948536, -0.36962960445762155], [0.31563581052494893, 0.24513176468572218, 0.6183290895693628], [0.6033543346187363, -0.39359935771791704, -0.15195230321446232]]	0.8544073052253706	0.23606054350793226	[[0.3458441188696356, 0.6049150362289095, -0.4334677245757459], [0.40231664061490546, 0.2921122168088455, 0.7186802013221882], [0.666057169214816, -0.4334677245757459, -0.08211119151686957]]	[[0.020936118336102337, -0.05874359330100659, -0.0045110159648939704], [0.036019956665111985, 0.007635774209365032, 0.0011066955711678695], [-0.03413807051419482, 0.02330598337918703, 0.09423009464271072]]	0.3771604696426443	[[0.46005568640870476, 0.46005568640870487, -0.6506169911660541], [0.5, 0.5000000000000001, 0.7071067811865475], [0.6506169911660541, -0.650616991166054, 0.0]]
4	[[-0.8305561570912853, 0.32773595720904825, 0.4502950280316503], [-0.5100865793185324, -0.772219296347621, -0.37879947194723407], [0.22358030216652452, -0.5443036842615101, 0.808545204538665]]	0.6548872158140561	0.3451127841859438	[[-0.5439206092947337, 0.21463008853878823, 0.29489245720255974], [-0.33404917975402937, -0.505716544982983, -0.24807093153535872], [0.14641988159670064, -0.35645752434335337, 0.5295059178601328]]	0.7981877460494159	0.35050273020368805	[[-0.6484467116959447, 0.2722487670738718, 0.1999689585528981], [-0.5728410277755921, -0.6276439527583001, -0.29215713470772414], [0.17788125548865388, -0.281630482328271, 0.6354116518283702]]	[[0.014493035300213071, 0.010653942089833692, -0.15945101492894342], [-0.165696170739276, -0.011267973150726385, 0.010195962010547618], [-0.0005778019586916666, 0.15282604857881676, -0.009959222561410824]]	0.6570898235321829	[[-0.9201113728174097, 0.0, 0.0], [0.0, -0.7071067811865476, -0.7071067811865475], [0.0, -0.650616991166054, 0.6506169911660541]]
4	[[-0.5446221603179724, 0.8109226453022452, -0.2139887049042392], [-0.8354447797583356, -0.5021691245819775, 0.22328947644507607], [0.07361197229480154, 0.30038414347728, 0.9509735242804028]]	0.7239129661651693	0.2760870338348306	[[-0.39425904351506574, 0.5870374174912538, -0.1549091980930709], [-0.6047893085820635, -0.3635267404927057, 0.1616421472068227], [0.05328866120919807, 0.21745197629362156, 0.6884220647063711]]	0.8377446440357649	0.24728702174108325	[[-0.5079305669351201, 0.645617695825654, -0.13429315781962747], [-0.7365124901774518, -0.40850545144156125, 0.09427901153210966], [0.07816558788021466, 0.14287476066809066, 0.7813984538005544]]	[[-0.051676269105551204, -0.03372840700361618, 0.04497473359804878], [-0.03662310054726682, 0.012184043077119087, -0.09278055142930289], [0.016497552353335554, -0.10877044668327136, -0.01527452278516858]]	0.3920273242053056	[[-0.6782740496353262, 0.6782740496353261, 0.0], [-0.7071067811865475, -0.7071067811865476, 0.0], [0.0, 0.0, 0.9592243600000001]]
