4	[[0.04673222253661188, -0.9725397674033924, -0.22799671093185395], [-0.8377629715199755, -0.16246744520517667, 0.5213036857710898], [-0.5440306084466285, 0.16664552219444034, -0.8223502702654952]]	0.5808125531041666	0.4191874468958334	[[0.02714266148372157, -0.5648633053008967, -0.1324233517756827], [-0.4865832503846502, -0.09436313164592984, 0.30277972467531883], [-0.3159798066586995, 0.09678981120912994, -0.47763136001880363]]	0.7508471075457802	0.407288828928318	[[-0.008532453651769014, -0.7906198716008591, -0.12194816894963763], [-0.6865056879144811, -0.14371373326677522, 0.2701696505055246], [-0.26620605481098525, 0.02253016470609202, -0.5752577093910627]]	[[-0.04362120777256988, -0.060391200272775905, 0.04924250198349627], [-0.05747378393974952, -0.02172552196411571, -0.12124971410865253], [0.14227775395753678, -0.10259514361905964, 0.042201612427275007]]	0.6514647087536932	[[1.7119503427157058e-16, -0.8573749999999999, 0.0], [-1.0, -1.7938038903913487e-16, 0.0], [0.0, 0.0, -0.8573749999999999]]
4	[[0.8787972042104137, -0.3840163418041313, 0.28327887866788265], [-0.395223040501579, -0.9183905790867732, -0.018907472103605397], [0.2674214316928388, -0.09534250611366366, -0.9588511794847616]]	0.645197931733627	0.35480206826637295	[[0.5669981385698528, -0.2477665494839391, 0.18277094662033896], [-0.25499708830509427, -0.5925437021504341, -0.012199061895557447], [0.17253975462946503, -0.06151478775083649, -0.618648797843917]]	0.8223672399371428	0.28735716744497813	[[0.6518328603380683, -0.26526630811208163, 0.16472090339203882], [-0.31658687618050285, -0.8546674095858178, -0.03427703465223016], [0.15624884940327854, -0.05138837141445989, -0.7488960563993579]]	[[-0.07086117095292735, 0.050536150988140224, -0.06823836619055658], [0.008431604796346292, -0.09941308387795353, -0.018728149004199675], [-0.06366977527800044, 0.027018182186923846, 0.03963174158399955]]	0.4911821515210571	[[0.6381638700208592, -0.6381638700208591, 0.0], [-0.7071067811865475, -0.7071067811865476, 0.0], [0.0, 0.0, -0.9025]]
4	[[0.8489524140446696, -0.5135124485683378, 0.12483895166604869], [0.522794976890395, 0.7815435453534784, -0.34040431673891397], [0.0772347773085365, 0.35425224329800037, 0.9319550081910795]]	0.7400911824087743	0.2599088175912259	[[0.6283021959191027, -0.38004603524256597, 0.0923922073491978], [0.3869159526041803, 0.5784134865846011, -0.2519302332723537], [0.05716077766135315, 0.26217896161337784, 0.6897316839639147]]	0.8752294053047578	0.20932569467864304	[[0.7027442341846296, -0.45006655049119365, 0.05289314273223443], [0.50267745954273, 0.6661017434590296, -0.3034242398512118], [0.027738836865927038, 0.2657190974405234, 0.7834192460096506]]	[[-0.0402838822917251, -0.0006253555141373691, -0.05636957869331078], [0.045111922822635, -0.017928148960467353, -0.005492372148639747], [-0.03985931134666878, -0.04433288278906178, -0.03225518158021835]]	0.44348533117204986	[[0.6717514421272202, -0.67175144212722, 0.0], [0.7071067811865475, 0.7071067811865476, 0.0], [0.0, 0.0, 0.95]]
4	[[-0.30792515101507295, 0.09349718223056193, 0.9468053539599837], [0.3027085282091916, -0.9338174967034747, 0.1906631317268273], [0.9019698710720718, 0.34531602882779927, 0.2592434992682147]]	0.6686481301039888	0.33135186989601145	[[-0.20589357643821687, 0.06251671606845713, 0.6330796294977882], [0.20240549135360658, -0.6243953230291661, 0.1274865465089136], [0.6031004677024767, 0.23089491697064313, 0.17334268102730654]]	0.8251982370398325	0.2854819172357145	[[-0.22905846153234263, 0.07206156284372031, 0.724189960715711], [0.24825214684527508, -0.8479357944272454, 0.1188633205999596], [0.6628062918639002, 0.25010372534965075, 0.15699689868862235]]	[[0.025040830225519742, -0.005092147101131348, -0.05711214819194227], [-0.0015423969698722135, -0.07735124243058848, -0.03847155956951167], [-0.08149765560781856, -0.03485045286064515, -0.056930379871545575]]	0.47531246422739604	[[0.0, 0.0, 0.95], [0.0, -1.0, 0.0], [0.95, 0.0, 0.0]]
4	[[0.034229894132735264, 0.2773841392786001, 0.9601491309293217], [-0.1827544195208179, -0.9427759796974285, 0.2788803941677556], [0.9825625356654255, -0.18501754344446375, 0.018422055382213542]]	0.8273011951438812	0.1726988048561188	[[0.028318432325660416, 0.2294802299391427, 0.7943325235341869], [-0.15119294968739894, -0.7799596947566263, 0.23071808339718092], [0.8128751600596089, -0.15306523481418982, 0.015240588434712033]]	0.8985798614660269	0.15466255895491793	[[0.009123428671528344, 0.22565238063054258, 0.8264214505177367], [-0.16630772366441296, -0.825501016048516, 0.2549700900115847], [0.8579181837251592, -0.15339158804182706, 0.0]]	[[-0.021634864856261676, -0.023599420815294994, -0.036349222539459075], [-0.0020882826890922714, 0.02165849318149709, 0.004373784054731876], [-0.02499272345478696, 0.012861450515283803, -0.016553687973268925]]	0.360060423248152	[[0.0, 0.0, 0.95], [0.0, -1.0, 0.0], [0.95, 0.0, 0.0]]
4	[[0.08740825448676931, -0.06334395238859675, -0.994156597696443], [0.7119981850616444, -0.6940087028176986, 0.10681996481098455], [-0.6967197295301035, -0.717174639895393, -0.015561310176609944]]	0.7392629982945437	0.2607370017054564	[[0.06461768828758156, -0.046827840166620845, -0.734943187187375], [0.5263539130689447, -0.5130549544875188, 0.07896804746388608], [-0.5150591162233876, -0.5301806745898778, -0.01150390081855206]]	0.8911518216612505	0.17640948596895603	[[0.05039619395132461, -0.05039619395132462, -0.8225487305541068], [0.6814780189436259, -0.6690459442719537, 0.08750206763661816], [-0.591845622236194, -0.6025045722578188, 0.0]]	[[-0.02749783126279003, 0.006052884610996889, 0.06339573249962949], [0.04697953930643743, -0.05057882450720032, -0.007690738594481396], [0.029037433921891592, 0.03660691453421199, 0.01386748991132171]]	0.19778927877683963	[[0.0, 0.0, -0.8573749999999999], [0.7071067811865475, -0.7071067811865476, 0.0], [-0.6062556765198162, -0.606255676519816, 0.0]]
4	[[-0.3195682178843842, -0.5708200961323295, -0.7563336379995778], [0.910087742671785, 0.03735879733279218, -0.41272826520656647], [0.2638493031197415, -0.8202248094963509, 0.507557688474819]]	0.5852434361462825	0.4147565638537175	[[-0.1870252019178009, -0.3340687144818359, -0.44263929717589134], [0.5326228777158492, 0.021863990921335882, -0.24154650812418513], [0.15441607278259958, -0.48003118592207444, 0.29704480564546754]]	0.7289014295240549	0.42582539865646374	[[-0.24448910880440392, -0.37034416905750145, -0.4787760627256188], [0.7877011014069399, 0.03319420088877678, -0.2260483867933285], [0.1841178238455836, -0.4787760627256188, 0.28749704993121333]]	[[-0.011555377958021636, 0.04572741501441195, 0.0725166072094024], [0.12433684478115556, 0.005963320107605005, 0.07478983572072101], [-0.008202310377321644, 0.11908697344736695, -0.08246247476400714]]	0.7152123918925293	[[0.0, 0.0, -0.8145062499999999], [1.0, 1.7938038903913487e-16, 0.0], [1.6263528255799205e-16, -0.8145062499999999, 0.0]]
4	[[-0.5446221603179724, 0.8109226453022452, -0.2139887049042392], [-0.8354447797583356, -0.5021691245819775, 0.22328947644507607], [0.07361197229480154, 0.30038414347728, 0.9509735242804028]]	0.6655099513423338	0.3344900486576662	[[-0.36245146741317047, 0.5396770902174939, -0.14241161258862928], [-0.5559968147261768, -0.3341985496661742, 0.14860136860421783], [0.04898950010012659, 0.19990863670957323, 0.6328823438716985]]	0.8042792902740848	0.29063371487595213	[[-0.4793937163039, 0.6174856556880727, -0.11111113645122447], [-0.735060233800884, -0.40625396965278715, 0.09666386220102367], [0.07484050869498185, 0.11500394766811514, 0.7428289812044004]]	[[-0.04136539173582232, -0.03472263394280047, 0.060995547255827634], [-0.06312929927366077, -0.002369742536435876, -0.0829232394398941], [0.01563592386204329, -0.1265887980573805, -0.02201932997328714]]	0.41199915050129804	[[-0.6381638700208592, 0.6381638700208591, 0.0], [-0.7071067811865475, -0.7071067811865476, 0.0], [0.0, 0.0, 0.9025]]
4	[[-0.42203838922340475, -0.825029846081567, 0.3757783270710803], [0.2588054115689476, 0.28760896992378115, 0.9221175843470338], [-0.8688517462515349, 0.4864224845687207, 0.09214016247897017]]	0.6419544805997325	0.3580455194002676	[[-0.27092943494705846, -0.5296316063205696, 0.24123258077555165], [0.16614129356014376, 0.18463186690324498, 0.59195751491138], [-0.5577632714830747, 0.31226109343334446, 0.05914979014656226]]	0.8049996409245759	0.3227643858386052	[[-0.2576194884674702, -0.5568867615325296, 0.3062228808678734], [0.2658448300625729, 0.2361517511854259, 0.827021382270763], [-0.6494288864159964, 0.3401437761951362, 0.024185198327179323]]	[[0.08212126331375698, 0.1072619683151899, 0.0037214625084159188], [0.057506566680233094, 0.00462663367009487, 0.08471705798116355], [0.04999645733317971, -0.051426149220323944, -0.04998759938312375]]	0.5299067337284337	[[-0.4072531249999998, -0.40725312499999994, 0.5759428926938254], [0.5, 0.5000000000000001, 0.7071067811865475], [-0.5759428926938254, 0.5759428926938253, 0.0]]
4	[[0.22433838825039393, -0.7661379269479729, -0.6022499185961573], [-0.9416906372873723, -0.011392912655017143, -0.3362869982418849], [0.2507808429735371, 0.642575192824231, -0.724020780340167]]	0.5317767102664077	0.46822328973359223	[[0.11929793009026263, -0.40741430640271853, -0.32026248046927636], [-0.5007691491853559, -0.0060584856120376104, -0.17882959363043482], [0.13335941167430415, 0.3417065221388722, -0.3850173887338115]]	0.7424959861363284	0.43215028183731624	[[0.20635647862375944, -0.4875211517196758, -0.3653506267477735], [-0.814746724722735, 0.046448328054737614, -0.20449280270709205], [0.16656066588494337, 0.3653506267477735, -0.40643613796424727]]	[[0.039786125811548646, 0.08133318386600175, 0.08181752046080372], [-0.11554520635469995, 0.05490751997148972, 0.04519894367734199], [-0.019643103422792737, -0.11175887471499532, 0.13114638531761905]]	0.7313155454243401	[[1.6263528255799205e-16, -0.8145062499999999, 0.0], [-1.0, -1.7938038903913487e-16, 0.0], [0.0, 0.0, -0.8145062499999999]]
4	[[0.3802729664721569, 0.7767473726770865, -0.5020517802076895], [0.4287143634067757, 0.332951791095048, 0.839849450446521], [0.8195098935212374, -0.5346088512602871, -0.20639019011321075]]	0.6443689974816377	0.35563100251836255	[[0.24503611017503216, 0.5005119258284303, -0.3235066022963003], [0.27625024455440256, 0.21454381183763166, 0.5411729484197291], [0.5280667685145635, -0.3444853695314012, -0.1329914398932942]]	0.8044631247026386	0.3066530579432077	[[0.34522981700477207, 0.518032811519089, -0.40738422989410095], [0.4069398948190838, 0.30039452159964414, 0.7174875900900664], [0.5892742902413397, -0.4164712957270227, -0.06799340770653442]]	[[0.039314238156638974, -0.10683180700928491, -0.0035020860257008006], [0.062054998427966544, 0.0325470833599817, 0.041859676904064204], [-0.06999119942548172, 0.01360181125151607, 0.09803988953991072]]	0.4113170003350189	[[0.4072531249999998, 0.40725312499999994, -0.5759428926938254], [0.5, 0.5000000000000001, 0.7071067811865475], [0.5759428926938254, -0.5759428926938253, 0.0]]
4	[[0.5319609947059123, -0.8460851799387872, 0.03402011756955908], [-0.703274286200726, -0.4190807785627857, 0.5742617690636116], [-0.47161719485230363, -0.3294103357928521, -0.8179645788128509]]	0.6048968776965209	0.3951031223034791	[[0.32178154475394183, -0.5117942836102715, 0.02057866289669482], [-0.4254084198870687, -0.25350065445525616, 0.3473691510870591], [-0.28527976863415017, -0.19925928360205875, -0.4947842197902433]]	0.7514754685986995	0.4278364791034994	[[0.47115184165730956, -0.620295622083247, 0.09318482289688206], [-0.5049294508946481, -0.36272945991916344, 0.34482308733456635], [-0.2649001008296705, -0.10914528184551167, -0.5571640425633165]]	[[0.07139620388445383, 0.015516634985668184, 0.0676195391045148], [0.023563922881458366, -0.04780053546798625, -0.08672054467082932], [0.08950865167116852, 0.13839850460567682, 0.05751627259720851]]	0.6780188621740808	[[0.6381638700208592, -0.6381638700208591, 0.0], [-0.7071067811865475, -0.7071067811865476, 0.0], [0.0, 0.0, -0.9025]]
4	[[0.8592155572171323, 0.2624339665249735, -0.4391776855101157], [-0.4266000482917053, 0.8413623931712975, -0.33184593135155627], [0.2824199444684594, 0.4724804086637203, 0.8348660002631537]]	0.641056620671622	0.35894337932837816	[[0.5508058215380993, 0.1682350317299491, -0.28153776294749916], [-0.2734747853362314, 0.5393609325265806, -0.21273203133585564], [0.1810471752112177, 0.3028866941115114, 0.5351963768423308]]	0.7731852419769664	0.40469998983669625	[[0.5127054217357434, 0.2087410806348937, -0.2934311490981145], [-0.35546285131842464, 0.7489233125203878, -0.2506898927905662], [0.24522657486742852, 0.3313113837074544, 0.5101397140895942]]	[[-0.15162736678155891, 0.005831010724306941, 0.046134555943908376], [-0.02562198975261694, 0.09839432696591881, 0.005888483940558588], [0.026863641764461318, -0.034003495394580155, -0.13536635634221442]]	0.5561007000277637	[[0.5759428926938254, 0.40725312499999994, -0.4072531249999998], [-0.7071067811865475, 0.5000000000000001, -0.5], [0.0, 0.5759428926938253, 0.5759428926938254]]
4	[[-0.8305561570912853, 0.32773595720904825, 0.4502950280316503], [-0.5100865793185324, -0.772219296347621, -0.37879947194723407], [0.22358030216652452, -0.5443036842615101, 0.808545204538665]]	0.5922618530290316	0.40773814697096844	[[-0.4919067286435559, 0.1941055053208743, 0.26669256771178484], [-0.3021048226724341, -0.457356031399617, -0.22434847718188752], [0.13241808406193664, -0.3223703086512509, 0.47887048109780705]]	0.761820323695428	0.3945719987735681	[[-0.5956067139972147, 0.23621956335716318, 0.1964601753171936], [-0.5696478273626909, -0.6233303728149733, -0.30300233907240265], [0.17531687628534645, -0.26432098396565945, 0.5752088832469238]]	[[0.037127846445298915, -0.013456349650464853, -0.14658372869632003], [-0.181053504393553, -0.035038018507573196, -0.01442520273790363], [0.004988858116923195, 0.15034062496705822, -0.040757286197107806]]	0.6813800204789405	[[-0.6381638700208592, 0.6381638700208591, 0.0], [-0.7071067811865475, -0.7071067811865476, 0.0], [0.0, 0.0, 0.9025]]
