4	[[-0.8305561570912853, 0.32773595720904825, 0.4502950280316503], [-0.5100865793185324, -0.772219296347621, -0.37879947194723407], [0.22358030216652452, -0.5443036842615101, 0.808545204538665]]	0.523128644388731	0.476871355611269	[[-0.43448771654787804, 0.17144806701221255, 0.23556222758918283], [-0.2668409007597887, -0.40397003366915074, -0.19816085425492364], [0.11696126038439686, -0.2847408484835156, 0.4229731567773211]]	0.717698075504238	0.42972889111033474	[[-0.5041771727708126, 0.17265961851824965, 0.24189469059468963], [-0.43894667606030585, -0.6706316561335247, -0.26317626383248743], [0.13866396337561832, -0.3408179089877552, 0.4729916300981234]]	[[0.09191138277179839, -0.0625558472442236, -0.08128118443275273], [-0.07285851974285529, -0.11641135327760033, 0.008687388186064071], [-0.021799189209952344, 0.049827797696596926, -0.10729970715745693]]	0.6875124386704782	[[-0.5899388764169529, 0.5899388764169528, 0.0], [-0.7071067811865475, -0.7071067811865476, 0.0], [0.0, 0.0, 0.8342995599999999]]
4	[[-0.5446221603179724, 0.8109226453022452, -0.2139887049042392], [-0.8354447797583356, -0.5021691245819775, 0.22328947644507607], [0.07361197229480154, 0.30038414347728, 0.9509735242804028]]	0.5867915679222253	0.4132084320777747	[[-0.31957969137817255, 0.47584257050054307, -0.12556676766840488], [-0.4902319522268319, -0.2946686079755899, 0.13102438198373895], [0.04319488464071399, 0.1762628825300078, 0.5580232453650219]]	0.7598137008475536	0.3403882613470678	[[-0.4330718328437245, 0.5830071048311697, -0.082567985715233], [-0.7311235305280428, -0.39061976296963113, 0.10707646591897219], [0.06803990865372235, 0.08905926747686772, 0.6970401997659463]]	[[-0.019260453648936283, -0.03314303139701729, 0.08002356409763207], [-0.09634114056609246, -0.009064781969622683, -0.06258193753907373], [0.012108523557721608, -0.13917672025452693, -0.025522513125587388]]	0.44098376830427904	[[-0.5899388764169529, 0.5899388764169528, 0.0], [-0.7071067811865475, -0.7071067811865476, 0.0], [0.0, 0.0, 0.8342995599999999]]
4	[[0.8592155572171323, 0.2624339665249735, -0.4391776855101157], [-0.4266000482917053, 0.8413623931712975, -0.33184593135155627], [0.2824199444684594, 0.4724804086637203, 0.8348660002631537]]	0.5360432140322878	0.4639567859677123	[[0.4605766688372146, 0.14067594688728863, -0.23541821807210378], [-0.22867606099261487, 0.4510066014014398, -0.17788375960522612], [0.15138929473969323, 0.2532699168273895, 0.44752425406734175]]	0.7369410475343282	0.4625399206235822	[[0.4554587419330097, 0.18256813213263678, -0.2842330564045769], [-0.35129969806868966, 0.749601537308834, -0.2532156665576965], [0.23643647795618578, 0.30835394863711124, 0.451153129231074]]	[[-0.1777324708603752, -0.010830230066866056, 0.03941500720894948], [-0.036920611602405354, 0.1295670539291888, -0.008664778287475874], [0.028309628235012523, -0.039836258662978324, -0.1640938955536493]]	0.6158298565223785	[[0.4921857450215582, 0.3480278779080968, -0.34802787790809675], [-0.7071067811865475, 0.5000000000000001, -0.5], [0.0, 0.49218574502155815, 0.4921857450215582]]
4	[[-0.3195682178843842, -0.5708200961323295, -0.7563336379995778], [0.910087742671785, 0.03735879733279218, -0.41272826520656647], [0.2638493031197415, -0.8202248094963509, 0.507557688474819]]	0.495170125840038	0.5048298741599619	[[-0.15824063466428723, -0.28265305883386815, -0.37451382270530464], [0.4506482620642639, 0.01849896037651115, -0.2043707070200761], [0.13065029262860867, -0.40615082213542925, 0.2513274044731549]]	0.6806011036564131	0.5066103406262348	[[-0.23480866766201527, -0.36985715419728754, -0.37287546644253405], [0.7781245508159513, 0.013697604918875478, -0.2275491829134752], [0.15838691849819633, -0.37287546644253405, 0.3087311704074548]]	[[-0.01731018587639027, 0.018643633219635795, 0.1418860423124487], [0.1587178287293608, -0.011728833777099254, 0.05335412989631076], [-0.02118920840407524, 0.18537044414705356, -0.03671315253780492]]	0.7349164257846764	[[0.0, 0.0, -0.6960557558161936], [1.0, 1.7938038903913487e-16, 0.0], [1.3898386233780696e-16, -0.6960557558161936, 0.0]]
4	[[0.08740825448676931, -0.06334395238859675, -0.994156597696443], [0.7119981850616444, -0.6940087028176986, 0.10681996481098455], [-0.6967197295301035, -0.717174639895393, -0.015561310176609944]]	0.6152352155227363	0.38476478447726375	[[0.053776636287633704, -0.03897143019986027, -0.6116401486471215], [0.438046356838198, -0.42697859385270154, 0.06571940407261719], [-0.42864651295639583, -0.44123109414348305, -0.00957386602032277]]	0.8390334126886185	0.2724352990007125	[[0.047616282495886106, -0.04761628249588611, -0.7251271891939832], [0.6787709620588727, -0.6642912205009565, 0.09674453796665825], [-0.5214313869688326, -0.5324656627013907, 0.0]]	[[-0.025722163563303202, 0.005531410049903588, 0.10900341371816943], [0.08138069501849876, -0.08199473014022172, 0.007119018348019751], [0.06313974538630145, 0.06926782290377187, 0.01305645918338717]]	0.27546535943801254	[[0.0, 0.0, -0.762049218104], [0.7071067811865475, -0.7071067811865476, 0.0], [-0.5388501697192447, -0.5388501697192447, 0.0]]
4	[[0.034229894132735264, 0.2773841392786001, 0.9601491309293217], [-0.1827544195208179, -0.9427759796974285, 0.2788803941677556], [0.9825625356654255, -0.18501754344446375, 0.018422055382213542]]	0.7513738424120038	0.24862615758799633	[[0.025719447079869395, 0.2084191865539082, 0.7214309417949106], [-0.13731689041313225, -0.708377210398998, 0.20954343333920067], [0.7382717878330122, -0.13901734253149653, 0.01384185053766052]]	0.8668442392959743	0.2049077326556812	[[0.0092246357977982, 0.20987473212413738, 0.7768105948871444], [-0.16859628494114504, -0.8234552801924974, 0.2576203719834856], [0.8058426242430634, -0.14360618236526396, 0.0]]	[[-0.02044735074287444, -0.030574111081589337, -0.05548914812397443], [-0.010176669173644251, -0.006215353245162987, 0.01587450884657599], [-0.04588604954655591, 0.016775209338262112, -0.015969052584063212]]	0.3770890095553381	[[0.0, 0.0, 0.9134], [0.0, -1.0, 0.0], [0.9134, 0.0, 0.0]]
4	[[0.8489524140446696, -0.5135124485683378, 0.12483895166604869], [0.522794976890395, 0.7815435453534784, -0.34040431673891397], [0.0772347773085365, 0.35425224329800037, 0.9319550081910795]]	0.6688015008577946	0.3311984991422055	[[0.5677806486699227, -0.34343789631166527, 0.08349247823976708], [0.3496460651852122, 0.5226974961181283, -0.22766291793345778], [0.051654734982366744, 0.23692443199994329, 0.6232929082101322]]	0.8197062521090424	0.27160352380456504	[[0.6501511210230458, -0.40247953177081636, 0.050540485148865645], [0.4765163432071159, 0.6257253354924307, -0.26429973651146443], [0.026279147286154096, 0.22567074541636628, 0.7180431253892081]]	[[-0.04574048051243425, 0.018449832856473277, -0.05179078403853303], [0.04797803207885676, -0.014910794929282632, 0.014731810164330054], [-0.03703068255390287, -0.0647120332386582, -0.045886221509353654]]	0.45709177387104427	[[0.6458713339357925, -0.6458713339357924, 0.0], [0.7071067811865475, 0.7071067811865476, 0.0], [0.0, 0.0, 0.9134]]
4	[[-0.30792515101507295, 0.09349718223056193, 0.9468053539599837], [0.3027085282091916, -0.9338174967034747, 0.1906631317268273], [0.9019698710720718, 0.34531602882779927, 0.2592434992682147]]	0.595557165045775	0.40444283495422506	[[-0.183387029984829, 0.05568291678900167, 0.5638767124545694], [0.18028023289544517, -0.5561417010068638, 0.11355079420997843], [0.5371746193723863, 0.20565543517354928, 0.15439432348072438]]	0.7942633360530503	0.30830972641936705	[[-0.17577030380549952, 0.0702682620583343, 0.7199340984383082], [0.26107105812002673, -0.8378456873685952, 0.13040408263199754], [0.661579264745929, 0.24025536013745172, 0.10550204174716525]]	[[0.06880335389437159, -0.003993121811671791, -0.03207868059083727], [0.020640772652885307, -0.09614868717218522, -0.021032652435674485], [-0.054822334071114386, -0.0340165009119074, -0.10040556483167344]]	0.4842096233846232	[[0.0, 0.0, 0.9134], [0.0, -1.0, 0.0], [0.9134, 0.0, 0.0]]
4	[[0.22433838825039393, -0.7661379269479729, -0.6022499185961573], [-0.9416906372873723, -0.011392912655017143, -0.3362869982418849], [0.2507808429735371, 0.642575192824231, -0.724020780340167]]	0.46165086038040093	0.5383491396195992	[[0.10356600995214676, -0.3536882331455885, -0.2780291930839424], [-0.43473229291588344, -0.005259547929427422, -0.1552471820731085], [0.11577319192565559, 0.2966453906264082, -0.3342448161773273]]	0.687049594736976	0.5028698300873045	[[0.17707896044724505, -0.41903459462906845, -0.325062350502297], [-0.8188069393234307, 0.049199801994016065, -0.20157228592856138], [0.1403055498336027, 0.3250623505022969, -0.35207755182364353]]	[[0.02294736171586558, 0.10734015759316329, 0.08871321199956964], [-0.17181876860753695, 0.057027298016519345, 0.029473559928839824], [-0.03199332669916315, -0.11641867531562523, 0.14536063189021742]]	0.7326813454928983	[[1.5216100540596338e-16, -0.762049218104, 0.0], [-1.0, -1.7938038903913487e-16, 0.0], [0.0, 0.0, -0.762049218104]]
4	[[-0.42203838922340475, -0.825029846081567, 0.3757783270710803], [0.2588054115689476, 0.28760896992378115, 0.9221175843470338], [-0.8688517462515349, 0.4864224845687207, 0.09214016247897017]]	0.530227862179363	0.469772137820637	[[-0.2237765128755478, -0.43745381152199825, 0.19924813901623634], [0.13722584009665334, 0.15249828926629516, 0.48893243542632625], [-0.4606894039657578, 0.257914754108847, 0.048855281372083524]]	0.7364302803753987	0.4166385917044866	[[-0.21678527566091293, -0.4807814303975572, 0.26305580300440784], [0.26944050149448945, 0.23563022139590742, 0.8281607319126703], [-0.5559863436810937, 0.28351550351207994, 0.023065173450373202]]	[[0.0940165736440607, 0.12679553047036324, -0.013678735759546074], [0.07884835969009887, 0.023826267036457575, 0.14908542073289888], [0.08386239141557893, -0.07470074317976116, -0.04478963223784957]]	0.5825704041258659	[[-0.34802787790809675, -0.3480278779080968, 0.4921857450215582], [0.5, 0.5000000000000001, 0.7071067811865475], [-0.4921857450215582, 0.49218574502155815, 0.0]]
4	[[0.8787972042104137, -0.3840163418041313, 0.28327887866788265], [-0.395223040501579, -0.9183905790867732, -0.018907472103605397], [0.2674214316928388, -0.09534250611366366, -0.9588511794847616]]	0.5812254947916746	0.4187745052083256	[[0.5107793398387379, -0.2232000882731951, 0.16464890641777083], [-0.22971370726860035, -0.5337920187417221, -0.010989504828677828], [0.15543215395356824, -0.05541549529059242, -0.5573087512276114]]	0.7909931865731473	0.3675963079038155	[[0.5510578762036283, -0.23304081761334816, 0.22445491342063706], [-0.34552843242497133, -0.8468575291883942, -0.024190197583733013], [0.20157648941244685, -0.0754152727267166, -0.6392269386803104]]	[[-0.14406472470633974, 0.07071349228646459, 0.00038325049426060935], [-0.03290970021149929, -0.12041683851778956, -0.00923451597445929], [-0.009952041000224933, 0.0, 0.119217811229762]]	0.5135492449382789	[[0.9134, 0.0, 0.0], [0.0, -1.0, 0.0], [0.0, 0.0, -0.9134]]
4	[[0.3802729664721569, 0.7767473726770865, -0.5020517802076895], [0.4287143634067757, 0.332951791095048, 0.839849450446521], [0.8195098935212374, -0.5346088512602871, -0.20639019011321075]]	0.543853020665042	0.4561469793349582	[[0.2068126014931388, 0.42243640492406864, -0.27304237719621366], [0.2331576015412655, 0.18107683732287794, 0.456754660529216], [0.44569293105641195, -0.29074863863217526, -0.11224592832870196]]	0.7424292839684075	0.39840406816382345	[[0.2934610767873099, 0.4224589736439959, -0.34849483489712574], [0.41480981917954945, 0.31503214216801095, 0.703745039769063], [0.5244319612201432, -0.3746445330275481, -0.040372101793677874]]	[[0.011135290576844193, -0.15422102207699512, 0.02424310879753345], [0.09651972132848533, 0.06783898230931562, 0.08021621363279177], [-0.08399618223185498, 0.022264733616799808, 0.11285801927017669]]	0.47039516563907025	[[0.34802787790809675, 0.3480278779080968, -0.4921857450215582], [0.5, 0.5000000000000001, 0.7071067811865475], [0.4921857450215582, -0.49218574502155815, 0.0]]
4	[[0.5319609947059123, -0.8460851799387872, 0.03402011756955908], [-0.703274286200726, -0.4190807785627857, 0.5742617690636116], [-0.47161719485230363, -0.3294103357928521, -0.8179645788128509]]	0.5452681038487959	0.45473189615120413	[[0.2900613629048122, -0.46134326175978974, 0.018550084999866573], [-0.3834730365222853, -0.22851138148640734, 0.3131266259301706], [-0.25715781357960377, -0.1796169491859636, -0.44600999490476223]]	0.7053794377213254	0.4855341575434187	[[0.425989957156766, -0.5464934277144874, 0.08111184609693088], [-0.5292509716676747, -0.3430741528335394, 0.3286430613290133], [-0.24363386797676376, -0.11082344867243078, -0.4916173261734014]]	[[0.05075560982143268, 0.05031766077508074, 0.05711475469450192], [-0.03317575110354001, -0.047463188891106435, -0.0764293824379307], [0.08903520374786286, 0.12153582876872421, 0.08535806850556814]]	0.7043417705544226	[[0.5899388764169529, -0.5899388764169528, 0.0], [-0.7071067811865475, -0.7071067811865476, 0.0], [0.0, 0.0, -0.8342995599999999]]
4	[[0.04673222253661188, -0.9725397674033924, -0.22799671093185395], [-0.8377629715199755, -0.16246744520517667, 0.5213036857710898], [-0.5440306084466285, 0.16664552219444034, -0.8223502702654952]]	0.5192719629458302	0.48072803705416983	[[0.02426673292940781, -0.5050126340624407, -0.11839229963077687], [-0.43502682270450943, -0.08436478918648627, 0.27069838820125003], [-0.28249984195069516, 0.08653434742603995, -0.42702343906979773]]	0.6977789427532576	0.47141490569291805	[[-0.0005938601784629613, -0.6985704741290198, -0.10748319240916232], [-0.6711363283838964, -0.14908874072181874, 0.28047796981499323], [-0.2411016949477512, 0.015885453999255023, -0.5044693032815923]]	[[-0.033202621012569856, -0.019952703444781776, 0.051608111496086836], [-0.08656296783886049, -0.03572237857472786, -0.08327676489573418], [0.13851140783954868, -0.10039628229214609, 0.06934939887712056]]	0.6884526031274631	[[1.5216100540596338e-16, -0.762049218104, 0.0], [-1.0, -1.7938038903913487e-16, 0.0], [0.0, 0.0, -0.762049218104]]
