4	[[0.8787972042104137, -0.3840163418041313, 0.28327887866788265], [-0.395223040501579, -0.9183905790867732, -0.018907472103605397], [0.2674214316928388, -0.09534250611366366, -0.9588511794847616]]	0.6776011243978267	0.32239887560217323	[[0.5954739736906429, -0.2602099049936195, 0.19195008670351282], [-0.2678035766317978, -0.6223024890255688, -0.012811724356923546], [0.18120506280314416, -0.06460418934552516, -0.649718637349057]]	0.8374450863135893	0.25925165751367313	[[0.6856789661147055, -0.3082496276182265, 0.13746769377904938], [-0.35836464371345245, -0.8404837098978373, -0.026741747270630153], [0.1261149699502898, -0.05245520549690913, -0.8029852087655031]]	[[-0.050265434417425356, 0.013342970889763063, -0.09976281121779237], [-0.027387050447488362, -0.07138203212492718, -0.010907777662854556], [-0.09783579399582316, 0.02738890776480185, 0.0]]	0.48175029582234064	[[0.6623022610731394, -0.6623022610731393, 0.0], [-0.7071067811865475, -0.7071067811865476, 0.0], [0.0, 0.0, -0.93663684]]
4	[[-0.8305561570912853, 0.32773595720904825, 0.4502950280316503], [-0.5100865793185324, -0.772219296347621, -0.37879947194723407], [0.22358030216652452, -0.5443036842615101, 0.808545204538665]]	0.6289343337250831	0.3710656662749169	[[-0.5223652832814729, 0.20612439588502504, 0.2832060034348035], [-0.3208109629058079, -0.4856752286380434, -0.23823999350454705], [0.14061732837715588, -0.34233127500512084, 0.5085218395031362]]	0.7851767330346531	0.3663073222075401	[[-0.6280944944192448, 0.24964786018055934, 0.198615554211664], [-0.5640965899432471, -0.6278105001555055, -0.30460379676505567], [0.18010188365731197, -0.2806933233810355, 0.6075664290785328]]	[[0.024038875607506605, -0.007682787998826048, -0.15494562479997467], [-0.16358847602910032, -0.02148187586296179, -0.007179264906274712], [0.004551832431299676, 0.14668126520614228, -0.02728445313197162]]	0.6720674914463505	[[-0.8772885700451856, 0.0, 0.0], [0.0, -0.7071067811865476, -0.7071067811865475], [0.0, -0.6203366969364001, 0.6203366969364003]]
4	[[0.8489524140446696, -0.5135124485683378, 0.12483895166604869], [0.522794976890395, 0.7815435453534784, -0.34040431673891397], [0.0772347773085365, 0.35425224329800037, 0.9319550081910795]]	0.7894761431056367	0.2105238568943634	[[0.6702276775202053, -0.405405827332463, 0.09855737407066312], [0.41273416199042956, 0.6170099838547692, -0.2687410870755473], [0.06097501410316614, 0.27967369472542497, 0.7357562454146757]]	0.8943094148262177	0.17814366013506217	[[0.7309338916397743, -0.4637376750793742, 0.06284443559053444], [0.508194642928852, 0.6666459021662247, -0.2965933411340963], [0.022850167201196828, 0.2822551679456349, 0.8129683390492723]]	[[-0.028292244979819112, -0.004498657694245869, -0.04880021422144805], [0.04065417307191683, -0.032295848540052186, 0.007833444173000303], [-0.04622162129783368, -0.03455594845907466, -0.02048779897045483]]	0.43732661505803533	[[0.6843379428323407, -0.6843379428323406, 0.0], [0.7071067811865475, 0.7071067811865476, 0.0], [0.0, 0.0, 0.9678]]
4	[[0.04673222253661188, -0.9725397674033924, -0.22799671093185395], [-0.8377629715199755, -0.16246744520517667, 0.5213036857710898], [-0.5440306084466285, 0.16664552219444034, -0.8223502702654952]]	0.602746928155837	0.397253071844163	[[0.028167703579837805, -0.586195357311787, -0.13742431714380923], [-0.5049590576063712, -0.09792675352274699, 0.31421419523484007], [-0.3279127780639563, 0.10044507659362427, -0.49566909927064967]]	0.7761255648080068	0.3700380529450975	[[-0.013512127772118038, -0.8219585493532295, -0.13630980559134845], [-0.6875538448313083, -0.15829563245816616, 0.2794757706082945], [-0.2842378435061773, 0.04881930879880686, -0.5969612386062141]]	[[-0.049782200383079525, -0.06714557307902398, 0.04064427045500453], [-0.037344585385133404, -0.0322004947853845, -0.12512134694728816], [0.13799821974730586, -0.0805185412370784, 0.04128582937361034]]	0.6344333260241104	[[1.8099942729735382e-16, -0.906477133752, 0.0], [-1.0, -1.7938038903913487e-16, 0.0], [0.0, 0.0, -0.906477133752]]
4	[[-0.30792515101507295, 0.09349718223056193, 0.9468053539599837], [0.3027085282091916, -0.9338174967034747, 0.1906631317268273], [0.9019698710720718, 0.34531602882779927, 0.2592434992682147]]	0.7035970499806412	0.29640295001935885	[[-0.21665522786904884, 0.06578434159892582, 0.6661694539521213], [0.21298482745196898, -0.657031235900872, 0.13415001702306617], [0.6346233404577292, 0.24296333919426968, 0.18240296131177441]]	0.8402404839047964	0.27166302993700925	[[-0.2470550039087739, 0.0757725437512213, 0.7347684815710996], [0.24493201523275737, -0.8495798714721694, 0.11821429911303534], [0.6721730453081382, 0.2582773101971879, 0.17128246015755264]]	[[0.011676173986588476, -0.0027875738899209718, -0.06077570720388928], [-0.009415944991842482, -0.06494860616327625, -0.04198858295191797], [-0.08569855562900616, -0.031871196965164786, -0.046544423116744824]]	0.4716626318557721	[[0.0, 0.0, 0.9678], [0.0, -1.0, 0.0], [0.9678, 0.0, 0.0]]
4	[[0.5319609947059123, -0.8460851799387872, 0.03402011756955908], [-0.703274286200726, -0.4190807785627857, 0.5742617690636116], [-0.47161719485230363, -0.3294103357928521, -0.8179645788128509]]	0.6364484396622921	0.36355156033770786	[[0.3385657450417787, -0.5384895925934308, 0.021652050744273593], [-0.44759782210706434, -0.2667233076087435, 0.36548800687824307], [-0.30016002778165585, -0.20965269422399244, -0.520592279884463]]	0.7665702776956191	0.400517926509762	[[0.5004785020477718, -0.6521974851431468, 0.10123056891593883], [-0.5169193483142656, -0.37078425453856095, 0.3294967847414647], [-0.27410476708456805, -0.11618956495169672, -0.5915939203204329]]	[[0.09269301461282281, -0.003613733803322774, 0.07515175794340433], [0.022189816554813346, -0.0495293857387899, -0.11071521903960554], [0.08742295693939135, 0.13632660763283708, 0.035433414005314495]]	0.6655058064343518	[[0.6623022610731394, -0.6623022610731393, 0.0], [-0.7071067811865475, -0.7071067811865476, 0.0], [0.0, 0.0, -0.93663684]]
4	[[-0.3195682178843842, -0.5708200961323295, -0.7563336379995778], [0.910087742671785, 0.03735879733279218, -0.41272826520656647], [0.2638493031197415, -0.8202248094963509, 0.507557688474819]]	0.6255101936839754	0.37448980631602447	[[-0.199893177864104, -0.357053788890439, -0.4730944003948217], [0.5692691601880403, 0.023368308555435213, -0.25816573710821056], [0.16504042869781146, -0.5130589794524643, 0.31748250802367495]]	0.7543211882952546	0.3917533426422094	[[-0.26842978720292143, -0.3955725220383475, -0.5094305930491487], [0.7804509959622393, 0.03249612917420544, -0.2330093414663444], [0.20441643198217974, -0.5094305930491486, 0.30234334846054184]]	[[-0.027372709346975915, 0.03500917117900277, 0.06108789551436568], [0.09395252845711248, 0.004315596776851997, 0.07832033398731181], [0.005389312122021466, 0.10928235991938769, -0.08051817023817627]]	0.7110420054967913	[[0.0, 0.0, -0.8772885700451856], [1.0, 1.7938038903913487e-16, 0.0], [1.7517124573837903e-16, -0.8772885700451856, 0.0]]
4	[[0.22433838825039393, -0.7661379269479729, -0.6022499185961573], [-0.9416906372873723, -0.011392912655017143, -0.3362869982418849], [0.2507808429735371, 0.642575192824231, -0.724020780340167]]	0.5716944278286251	0.4283055721713748	[[0.12825300651080496, -0.4379967837843303, -0.3443029226216662], [-0.5383592900755777, -0.006513264681611543, -0.19225340304610022], [0.14337001053413656, 0.36735665719851723, -0.41391864575260645]]	0.7563893589540026	0.4002635820463113	[[0.18880757448867896, -0.5153129743395715, -0.3895968964284051], [-0.8424763681081285, 0.032659084525543045, -0.17105146763704077], [0.15006149744742991, 0.3895968964284051, -0.44345813492412084]]	[[0.019120404811189304, 0.06418560109495419, 0.06593853342864255], [-0.13019159063734656, 0.04127656242529043, 0.0833124393877044], [-0.039626463607268236, -0.09644014175165955, 0.10418347898675494]]	0.7341270547267278	[[-1.7517124573837903e-16, -0.8772885700451856, 0.0], [-1.0, 1.7938038903913487e-16, 0.0], [0.0, 0.0, -0.8772885700451856]]
4	[[-0.5446221603179724, 0.8109226453022452, -0.2139887049042392], [-0.8354447797583356, -0.5021691245819775, 0.22328947644507607], [0.07361197229480154, 0.30038414347728, 0.9509735242804028]]	0.7012710147011983	0.29872898529880193	[[-0.3819277349949432, 0.5686765463152852, -0.1500640762227911], [-0.5858732084279472, -0.35215665154721576, 0.15658643771873781], [0.05162194250533196, 0.21065069309646248, 0.6668901683260929]]	0.8246655852704211	0.2641368565422175	[[-0.4966374987903471, 0.6346203024484243, -0.12476076041308559], [-0.735987083592628, -0.40771904789256935, 0.09513015713242422], [0.07694389317068889, 0.13127346676127494, 0.7660880481569221]]	[[-0.047506346200485314, -0.03411969544878991, 0.05170836015802828], [-0.04702452533210219, 0.006402547135562018, -0.08900898964488037], [0.01623863295528638, -0.11644299872537028, -0.018147089820451247]]	0.39949098858004745	[[-0.6623022610731394, 0.6623022610731393, 0.0], [-0.7071067811865475, -0.7071067811865476, 0.0], [0.0, 0.0, 0.93663684]]
4	[[0.8592155572171323, 0.2624339665249735, -0.4391776855101157], [-0.4266000482917053, 0.8413623931712975, -0.33184593135155627], [0.2824199444684594, 0.4724804086637203, 0.8348660002631537]]	0.689955218149641	0.3100447818503591	[[0.5928202572173119, 0.1810676846236137, -0.3030129358125863], [-0.294334929381751, 0.5805023735234064, -0.22895883195773373], [0.19485711439554546, 0.32599032343100875, 0.5760201533372825]]	0.7909546757585535	0.37239270038589173	[[0.5573642975729547, 0.20835883452134954, -0.28619398164006976], [-0.3243078012108922, 0.7528996192015414, -0.2722452893803031], [0.24526096424546723, 0.3456051753378442, 0.541448019215285]]	[[-0.12223626489242703, 0.0007854616205580228, 0.061175662202975836], [0.013113501664256878, 0.08742010031529711, -0.009770198346337793], [0.021879588640668197, -0.02810541309903755, -0.11889314732469816]]	0.5276455134585148	[[0.6203366969364003, 0.4386442850225928, -0.4386442850225927], [-0.7071067811865475, 0.5000000000000001, -0.5], [0.0, 0.6203366969364001, 0.6203366969364003]]
4	[[0.034229894132735264, 0.2773841392786001, 0.9601491309293217], [-0.1827544195208179, -0.9427759796974285, 0.2788803941677556], [0.9825625356654255, -0.18501754344446375, 0.018422055382213542]]	0.8555182240710014	0.14448177592899872	[[0.029284298238576055, 0.23730718622109126, 0.8214250793359686], [-0.15634973642957684, -0.8065620318475426, 0.2385872595466191], [0.8406001555511847, -0.158285880189587, 0.01576040410432896]]	0.9131676542940603	0.13244047258856026	[[0.009060513127679018, 0.233557653193859, 0.8508701312788141], [-0.16527726968325168, -0.8264043153109919, 0.2538197866623952], [0.8836155065066575, -0.15825631163334763, 0.0]]	[[-0.022197119004244863, -0.019740570609557223, -0.02590699838439528], [0.0016081549024462103, 0.0345082145940936, -0.0008447687083771682], [-0.013628819384163025, 0.010695724517082738, -0.01682242510065121]]	0.35213818934042856	[[0.0, 0.0, 0.9678], [0.0, -1.0, 0.0], [0.9678, 0.0, 0.0]]
4	[[0.3802729664721569, 0.7767473726770865, -0.5020517802076895], [0.4287143634067757, 0.332951791095048, 0.839849450446521], [0.8195098935212374, -0.5346088512602871, -0.20639019011321075]]	0.6981685969866257	0.3018314030133745	[[0.2654946434738079, 0.5423006233950092, -0.3505167870022402], [0.2993149056077229, 0.23245648485301368, 0.5863565124982364], [0.5721560725763812, -0.3732471116210263, -0.14409514946314328]]	0.8347307694526866	0.26398144689283426	[[0.34676967310880474, 0.5687863937327118, -0.4252470884114852], [0.4054588189663173, 0.2935635616722597, 0.7161391896968831], [0.6350152608345182, -0.4252470884114851, -0.07740783451954522]]	[[0.029344127203445466, -0.07958853833238544, -0.006169019613629409], [0.04759774852436073, 0.015638456900840154, 0.015091011701242503], [-0.04905486315855362, 0.0210073693572312, 0.09487240768114148]]	0.3885486382972895	[[0.4386442850225927, 0.4386442850225928, -0.6203366969364003], [0.5, 0.5000000000000001, 0.7071067811865475], [0.6203366969364003, -0.6203366969364001, 0.0]]
4	[[0.08740825448676931, -0.06334395238859675, -0.994156597696443], [0.7119981850616444, -0.6940087028176986, 0.10681996481098455], [-0.6967197295301035, -0.717174639895393, -0.015561310176609944]]	0.8149783223170074	0.18502167768299266	[[0.07123583259828531, -0.051623948046586994, -0.8102160761110312], [0.5802630863542932, -0.5656020482957707, 0.08705595571161798], [-0.567811476297603, -0.5844817848302511, -0.012682130460788144]]	0.9239217817945987	0.1290627641376967	[[0.05594862863409461, -0.055948628634094624, -0.8696138481057043], [0.6843668348196335, -0.6718151234572569, 0.09019074465593116], [-0.6302982426182537, -0.6413097155309729, 0.0]]	[[-0.02480976159487699, 0.002576228722689902, 0.048909087020849305], [0.026536203042958603, -0.030605366168970832, -0.008502547563470023], [0.013416291300650343, 0.02130355561907811, 0.01437743342543188]]	0.16253287641750971	[[0.0, 0.0, -0.906477133752], [0.7071067811865475, -0.7071067811865476, 0.0], [-0.6409761282665842, -0.6409761282665842, 0.0]]
4	[[-0.42203838922340475, -0.825029846081567, 0.3757783270710803], [0.2588054115689476, 0.28760896992378115, 0.9221175843470338], [-0.8688517462515349, 0.4864224845687207, 0.09214016247897017]]	0.704837290578904	0.2951627094210962	[[-0.29746839478050957, -0.5815118013588619, 0.26486257791105344], [0.18241570507741514, 0.20271752710726743, 0.6499428597463272], [-0.6123991107426813, 0.3428487061000758, 0.06494382247517731]]	0.8348515370918422	0.2722195542265564	[[-0.27144114673595887, -0.6058474233092267, 0.32400830379345325], [0.2611551963583673, 0.23437927034317413, 0.8298432439325198], [-0.7045217789857139, 0.3603855372545938, 0.023490213845504614]]	[[0.08089825121896575, 0.08293001183861559, 0.010289189832360799], [0.04509110070234454, -0.005731520279096076, 0.060011961260982405], [0.020840436877311266, -0.04570502166363562, -0.05343314242795571]]	0.5074216715740059	[[-0.4386442850225927, -0.4386442850225928, 0.6203366969364003], [0.5, 0.5000000000000001, 0.7071067811865475], [-0.6203366969364003, 0.6203366969364001, 0.0]]
