4	[[-0.42203838922340475, -0.825029846081567, 0.3757783270710803], [0.2588054115689476, 0.28760896992378115, 0.9221175843470338], [-0.8688517462515349, 0.4864224845687207, 0.09214016247897017]]	0.7195102368013933	0.28048976319860686	[[-0.3036609413694105, -0.5936174199223654, 0.2703763530957445], [0.18621314296345554, 0.2069375980560646, 0.663473041472263], [-0.6251477256907458, 0.34998595705756236, 0.06629579012416269]]	0.8441714198850345	0.2562285982055102	[[-0.27568413818111265, -0.6235630341067608, 0.32458425764680354], [0.25523097177444554, 0.2307203791379786, 0.8305668127944436], [-0.7248437766821121, 0.367835166027425, 0.022041081119442966]]	[[0.08058860809560185, 0.07290358250744729, 0.00736293372118667], [0.03675484001635629, -0.012070893374252024, 0.05214150231525004], [0.008616035620637931, -0.04278879343495832, -0.055741010668867066]]	0.50055596078709	[[-0.44962358614393666, -0.44962358614393677, 0.635863773487583], [0.5, 0.5000000000000001, 0.7071067811865475], [-0.635863773487583, 0.6358637734875829, 0.0]]
4	[[0.8489524140446696, -0.5135124485683378, 0.12483895166604869], [0.522794976890395, 0.7815435453534784, -0.34040431673891397], [0.0772347773085365, 0.35425224329800037, 0.9319550081910795]]	0.8034097549478211	0.19659024505217895	[[0.6820566509299891, -0.4125609104669438, 0.10029683156596306], [0.420018584271464, 0.6278997082534895, -0.27348414869439136], [0.06205117351090085, 0.2846097079777623, 0.7487417447531899]]	0.9004462399161045	0.16758388940741514	[[0.741010606981811, -0.4672780058940775, 0.0656827489048502], [0.5082442902889734, 0.6667616344100662, -0.29626429142128863], [0.021905544791847684, 0.28911512582074445, 0.8223190689998775]]	[[-0.023425402112411696, -0.004887652430605707, -0.04672801571791167], [0.03749551910099052, -0.036976312334174796, 0.010251495637477095], [-0.0476402200263817, -0.02986997463878505, -0.016856313896762575]]	0.43532137062064463	[[0.68858058351946, -0.6885805835194599, 0.0], [0.7071067811865475, 0.7071067811865476, 0.0], [0.0, 0.0, 0.9738]]
4	[[-0.3195682178843842, -0.5708200961323295, -0.7563336379995778], [0.910087742671785, 0.03735879733279218, -0.41272826520656647], [0.2638493031197415, -0.8202248094963509, 0.507557688474819]]	0.6384677234899439	0.36153227651005615	[[-0.20403399257238108, -0.3644502072999193, -0.4828946160524576], [0.5810616492397565, 0.023852386285390072, -0.2635136759063903], [0.16845926390726945, -0.523687066869108, 0.3240592019003358]]	0.7628973232365681	0.3805376682087131	[[-0.2768506273912355, -0.40433000660705964, -0.5201058224409553], [0.7780262334777152, 0.03226447897485568, -0.23533815129657149], [0.21162716708489776, -0.5201058224409552, 0.30737812413911203]]	[[-0.033052889375758406, 0.031147116781935075, 0.056899085462698014], [0.08372273068299993, 0.0037635524903309996, 0.0795311374535905], [0.01033723999701305, 0.10564148917603494, -0.07983627778646735]]	0.7106699127276765	[[0.0, 0.0, -0.8992471722878735], [1.0, 1.7938038903913487e-16, 0.0], [1.795557958634617e-16, -0.8992471722878735, 0.0]]
4	[[-0.5446221603179724, 0.8109226453022452, -0.2139887049042392], [-0.8354447797583356, -0.5021691245819775, 0.22328947644507607], [0.07361197229480154, 0.30038414347728, 0.9509735242804028]]	0.7131323542673326	0.2868676457326676	[[-0.3883876833737161, 0.5782951751730832, -0.1526022689149776], [-0.5957827026494149, -0.358113050053511, 0.15923495002039717], [0.05249507910485346, 0.2142136514225289, 0.6781699882159862]]	0.831451073543305	0.25527382165749074	[[-0.5024736558321026, 0.6403259906687916, -0.12962712710139726], [-0.7362661182718824, -0.40814324184342116, 0.09467541556565051], [0.07759165091882445, 0.13717207591516334, 0.7739909628568876]]	[[-0.04964697596025046, -0.0339165133283373, 0.048294011317374], [-0.04163465925566411, 0.009385815890565759, -0.09097885933553056], [0.016386897528671705, -0.1125826426544073, -0.016696994817313807]]	0.39555722170808605	[[-0.6705397722312502, 0.67053977223125, 0.0], [-0.7071067811865475, -0.7071067811865476, 0.0], [0.0, 0.0, 0.94828644]]
4	[[0.08740825448676931, -0.06334395238859675, -0.994156597696443], [0.7119981850616444, -0.6940087028176986, 0.10681996481098455], [-0.6967197295301035, -0.717174639895393, -0.015561310176609944]]	0.8451737412391379	0.15482625876086226	[[0.07387516145976547, -0.05353664522514414, -0.8402350510526752], [0.6017621698240262, -0.5865579318129551, 0.09028142929833285], [-0.5888492204020779, -0.6061371735222207, -0.01315201074054809]]	0.9323022133533462	0.11417441035372065	[[0.059814907514173656, -0.057097094563281, -0.8838573818828103], [0.6819856490783187, -0.6728005963617051, 0.0919316423989813], [-0.6414325905158185, -0.6535357911336941, -0.0019217839675728337]]	[[-0.021676001609193914, 0.001958612451156739, 0.04299701456941569], [0.018188165241782114, -0.02577474663828, -0.007656847224626149], [0.00812075541204175, 0.01508771300166984, 0.012586059952758567]]	0.1513732152025851	[[0.0, 0.0, -0.923441335272], [0.7071067811865475, -0.7071067811865476, 0.0], [-0.6529716301987915, -0.6529716301987913, 0.0]]
4	[[0.04673222253661188, -0.9725397674033924, -0.22799671093185395], [-0.8377629715199755, -0.16246744520517667, 0.5213036857710898], [-0.5440306084466285, 0.16664552219444034, -0.8223502702654952]]	0.6103226140779457	0.3896773859220543	[[0.02852173222021726, -0.5935630131363957, -0.13915154861710283], [-0.5113056867557789, -0.0991575558601888, 0.31816342822827953], [-0.33203418308556165, 0.10170753073009516, -0.5018989666361422]]	0.7846191438284352	0.3621300523755906	[[-0.028854434801530607, -0.8425162007966737, -0.14930755953136793], [-0.6856512618808311, -0.14757976845819887, 0.2712109494967106], [-0.2912107999781499, 0.03694395130856881, -0.6129995312759206]]	[[-0.06552143123740704, -0.07944288115751835, 0.029583024595682506], [-0.028326396435662447, -0.02010470070131987, -0.13781390210760952], [0.1356460302377065, -0.09380931563847547, 0.03223223370687474]]	0.6288830449147437	[[1.8438672814074933e-16, -0.923441335272, 0.0], [-1.0, -1.7938038903913487e-16, 0.0], [0.0, 0.0, -0.923441335272]]
4	[[0.5319609947059123, -0.8460851799387872, 0.03402011756955908], [-0.703274286200726, -0.4190807785627857, 0.5742617690636116], [-0.47161719485230363, -0.3294103357928521, -0.8179645788128509]]	0.6474664223559409	0.35253357764405907	[[0.3444268820751446, -0.547811744463349, 0.02202688381089088], [-0.4553464860213121, -0.27134073237418915, 0.37181521311141014], [-0.3053562978725657, -0.2132821316028671, -0.5296045994578407]]	0.774044920057533	0.3911923886351249	[[0.5080243205241887, -0.6657450006693396, 0.10002926415099153], [-0.5180003676899804, -0.3769405235060736, 0.3258657552657895], [-0.2784187829774266, -0.11464434014177834, -0.6038105439589055]]	[[0.09626261490332494, -0.010837065201757524, 0.07369616496651435], [0.026365520950779233, -0.05255317576579348, -0.11863864986115125], [0.08663411090978271, 0.140334056893125, 0.029330783058181382]]	0.6613347004865359	[[0.6705397722312502, -0.67053977223125, 0.0], [-0.7071067811865475, -0.7071067811865476, 0.0], [0.0, 0.0, -0.94828644]]
4	[[-0.30792515101507295, 0.09349718223056193, 0.9468053539599837], [0.3027085282091916, -0.9338174967034747, 0.1906631317268273], [0.9019698710720718, 0.34531602882779927, 0.2592434992682147]]	0.7149097435222049	0.2850902564777952	[[-0.22013869073622197, 0.06684204656849986, 0.6768803727649823], [0.2164092762640173, -0.6675952270648287, 0.1363069306019665], [0.6448270491928912, 0.24686979360338832, 0.1853357035716383]]	0.8452520528366454	0.2664949970888143	[[-0.25233607854783824, 0.07739633410534506, 0.7392947211496704], [0.24418255759330815, -0.8497597888428773, 0.11852939779601518], [0.6763026415674814, 0.26153127821914424, 0.1749397444424932]]	[[0.00793828746768619, -0.0016323511094793186, -0.06099444792173252], [-0.01168244728667061, -0.060448632779487935, -0.04262900569634934], [-0.08608924355299158, -0.03034780402495135, -0.044186355498520666]]	0.47053724571025574	[[0.0, 0.0, 0.9738], [0.0, -1.0, 0.0], [0.9738, 0.0, 0.0]]
4	[[0.034229894132735264, 0.2773841392786001, 0.9601491309293217], [-0.1827544195208179, -0.9427759796974285, 0.2788803941677556], [0.9825625356654255, -0.18501754344446375, 0.018422055382213542]]	0.8622256121158882	0.13777438788411178	[[0.029513891421259725, 0.23916770928072975, 0.8278651721380725], [-0.157575541238221, -0.8128855961827717, 0.24045781856841328], [0.8471905837562608, -0.15952686464858068, 0.015883967978361863]]	0.9179618373750723	0.12777114160570557	[[0.00903736366402938, 0.2362570480415129, 0.8591590905523427], [-0.16494152562135636, -0.8266960692557821, 0.25345117439390225], [0.8923327859509216, -0.15991206129396857, 0.0]]	[[-0.022384372847210496, -0.018371006109373835, -0.022221169829616375], [0.0028200571103883937, 0.03873630130035341, -0.0025503846442151016], [-0.00962212462442242, 0.00992698283293363, -0.016910743806882084]]	0.3495203355105732	[[0.0, 0.0, 0.9738], [0.0, -1.0, 0.0], [0.9738, 0.0, 0.0]]
4	[[0.8592155572171323, 0.2624339665249735, -0.4391776855101157], [-0.4266000482917053, 0.8413623931712975, -0.33184593135155627], [0.2824199444684594, 0.4724804086637203, 0.8348660002631537]]	0.7057094899775564	0.29429051002244366	[[0.6063565726644843, 0.18520214066912621, -0.30993186045086746], [-0.3010557025043403, 0.5937574253712126, -0.23418682296523402], [0.1993064349703263, 0.3334339082224615, 0.5891728592453126]]	0.7969954035512844	0.3629736231338885	[[0.5669087596831306, 0.21082625283654113, -0.2885031797437852], [-0.32404140890690836, 0.7528369095005575, -0.2726630762948945], [0.24736781537034758, 0.35109790981664074, 0.5499417013188643]]	[[-0.11788209007867939, 0.0016675877804055994, 0.06151941695006858], [0.01595686873633675, 0.08227494942212475, -0.008183394320509088], [0.022280417757776387, -0.02546680415637687, -0.11544266347211454]]	0.5182200189594058	[[0.635863773487583, 0.44962358614393677, -0.44962358614393666], [-0.7071067811865475, 0.5000000000000001, -0.5], [0.0, 0.6358637734875829, 0.635863773487583]]
4	[[0.8787972042104137, -0.3840163418041313, 0.28327887866788265], [-0.395223040501579, -0.9183905790867732, -0.018907472103605397], [0.2674214316928388, -0.09534250611366366, -0.9588511794847616]]	0.6884272838430603	0.3115727161569399	[[0.6049879723434501, -0.26436732713956634, 0.19501690901143826], [-0.2720823242846978, -0.6322451318677625, -0.01301641966462349], [0.18410020986172349, -0.06563638251861986, -0.6600993131024091]]	0.8427355671155123	0.25334580675782453	[[0.6894330132101825, -0.3111632272716121, 0.14158445562431335], [-0.3589569110215708, -0.840492447636571, -0.02612838519515598], [0.12947668502356452, -0.054007937374093186, -0.8080579925224685]]	[[-0.051160647059607364, 0.012461002320316899, -0.09714473084171116], [-0.025888397847355502, -0.06653204213633536, -0.01019438596920335], [-0.09588886687294222, 0.026340583585819352, 0.0]]	0.47886988924432394	[[0.6705397722312502, -0.67053977223125, 0.0], [-0.7071067811865475, -0.7071067811865476, 0.0], [0.0, 0.0, -0.94828644]]
4	[[0.3802729664721569, 0.7767473726770865, -0.5020517802076895], [0.4287143634067757, 0.332951791095048, 0.839849450446521], [0.8195098935212374, -0.5346088512602871, -0.20639019011321075]]	0.717853630758509	0.2821463692414911	[[0.2729803296613466, 0.5575909216583792, -0.3603996932508627], [0.3077541623298768, 0.2390106521051288, 0.6028889772935737], [0.5882881525067394, -0.3837709049128328, -0.14815794732570725]]	0.8447607851039457	0.24903420062114784	[[0.346262607659185, 0.587321272794039, -0.4295490312223394], [0.4038163684777165, 0.29292347530545204, 0.717516507731262], [0.6510274245524568, -0.4295490312223394, -0.07972051647669078]]	[[0.02502291794835929, -0.06884444757608355, -0.005435375211258123], [0.041655286260870415, 0.011658858858234516, 0.008044626602941621], [-0.04126239649899468, 0.02206756169181926, 0.09462982256109773]]	0.38225739852487095	[[0.44962358614393666, 0.44962358614393677, -0.635863773487583], [0.5, 0.5000000000000001, 0.7071067811865475], [0.635863773487583, -0.6358637734875829, 0.0]]
4	[[-0.8305561570912853, 0.32773595720904825, 0.4502950280316503], [-0.5100865793185324, -0.772219296347621, -0.37879947194723407], [0.22358030216652452, -0.5443036842615101, 0.808545204538665]]	0.6421699783741721	0.35783002162582783	[[-0.5333582294378462, 0.21046219255337312, 0.2891659484130821], [-0.32756228760993733, -0.49589604883567023, -0.24325364870850308], [0.14357655780716796, -0.34953548515119615, 0.5192234565131351]]	0.7904629808699818	0.35540603266174986	[[-0.6421396446365807, 0.260631366713356, 0.19748055637593703], [-0.5638835602030253, -0.6256961971565537, -0.3026198075575526], [0.17386079274952407, -0.28646878542857407, 0.621653808953918]]	[[0.014384251077713546, 0.001568225039614922, -0.15846099375289324], [-0.1606790022131258, -0.015285430280293355, -0.0031928478101669183], [-0.002871159364838103, 0.14378312733129262, -0.017471243593844173]]	0.6642743277883606	[[-0.8992471722878735, 0.0, 0.0], [0.0, -0.7071067811865476, -0.7071067811865475], [0.0, -0.6358637734875829, 0.635863773487583]]
4	[[0.22433838825039393, -0.7661379269479729, -0.6022499185961573], [-0.9416906372873723, -0.011392912655017143, -0.3362869982418849], [0.2507808429735371, 0.642575192824231, -0.724020780340167]]	0.5855834697482194	0.4144165302517808	[[0.1313688517893889, -0.44863770556790183, -0.3526675969871204], [-0.5514384708121515, -0.006671501323063333, -0.19692410726169632], [0.14685311617482727, 0.3762814109881444, -0.4239746007214084]]	0.759594674283629	0.39085599840863355	[[0.21586745394656887, -0.5629207386737355, -0.3467516486733744], [-0.8386933343753348, -0.012613959553539542, -0.15608179250236345], [0.14035611055337302, 0.3467516486733744, -0.5119798552199808]]	[[0.04546120899419648, 0.019033550402644893, 0.11071418208001581], [-0.12339014146909029, -0.003959963776209951, 0.0993600203930004], [-0.050135682181684835, -0.14134504562268754, 0.03798247359708727]]	0.736266493193715	[[1.795557958634617e-16, -0.8992471722878735, 0.0], [-1.0, -1.7938038903913487e-16, 0.0], [0.0, 0.0, -0.8992471722878735]]
