4	[[0.8489524140446696, -0.5135124485683378, 0.12483895166604869], [0.522794976890395, 0.7815435453534784, -0.34040431673891397], [0.0772347773085365, 0.35425224329800037, 0.9319550081910795]]	0.7287905472726521	0.27120945272734787	[[0.6187084944400539, -0.37424301842343843, 0.09098144790564378], [0.3810080373193445, 0.5695815481355703, -0.24808344829012632], [0.05628797562316974, 0.2581756862657144, 0.6792000004530659]]	0.8699102848565947	0.21759618358975746	[[0.6951622948870608, -0.44596155433573237, 0.05208334045471414], [0.5023717035901933, 0.6659493741908196, -0.3040978477575501], [0.027224941635375154, 0.26183858436834284, 0.7756935531516075]]	[[-0.04335014144423142, 0.0007482060757577746, -0.05651534755029693], [0.04758697632187306, -0.013923393975457674, -0.007976631616786935], [-0.03996238549392949, -0.04632908551010835, -0.03502369349742443]]	0.4451986459445716	[[0.6683573295775248, -0.6683573295775247, 0.0], [0.7071067811865475, 0.7071067811865476, 0.0], [0.0, 0.0, 0.9452]]
4	[[0.5319609947059123, -0.8460851799387872, 0.03402011756955908], [-0.703274286200726, -0.4190807785627857, 0.5742617690636116], [-0.47161719485230363, -0.3294103357928521, -0.8179645788128509]]	0.5968236455702214	0.40317635442977867	[[0.31748690016154374, -0.5049636415540038, 0.020304010590591795], [-0.4197307233261125, -0.2501173180502484, 0.34273300252414923], [-0.2814722935453533, -0.1965998774964008, -0.4881806018743963]]	0.7451912390325826	0.43541620908052875	[[0.46427695375088984, -0.61378586077969, 0.09099511614533175], [-0.5059681905226379, -0.36238889504160887, 0.3439254142977277], [-0.2604246153790244, -0.10508110197866308, -0.5515056627131116]]	[[0.06786428098898595, 0.01670940278600039, 0.0656436225816379], [0.018105646191036037, -0.0500935704096672, -0.08400942491982777], [0.09102038640203462, 0.14039259430095147, 0.058034375257201155]]	0.6814272329086999	[[0.6317313479166764, -0.6317313479166763, 0.0], [-0.7071067811865475, -0.7071067811865476, 0.0], [0.0, 0.0, -0.89340304]]
4	[[0.8787972042104137, -0.3840163418041313, 0.28327887866788265], [-0.395223040501579, -0.9183905790867732, -0.018907472103605397], [0.2674214316928388, -0.09534250611366366, -0.9588511794847616]]	0.6365211272593821	0.363478872740618	[[0.5593729870564063, -0.24443451477118988, 0.18031299117845442], [-0.25156781525894556, -0.5845750066647096, -0.012035005457012214], [0.17021939115444362, -0.06068751946720373, -0.6103290336396288]]	0.8180557750373961	0.29195741809268205	[[0.6471629609737228, -0.2656332663851323, 0.16224185241781164], [-0.31878229915770073, -0.8543009055664155, -0.03296643064933713], [0.15430228605993496, -0.04862011814061395, -0.7449923165477621]]	[[-0.07174216701732411, 0.04851351973647193, -0.06949607022256765], [0.004532191552454719, -0.10300618860454216, -0.017499063903624275], [-0.06446336050516036, 0.029375369592206844, 0.039401428231166]]	0.49393470211754126	[[0.6317313479166764, -0.6317313479166763, 0.0], [-0.7071067811865475, -0.7071067811865476, 0.0], [0.0, 0.0, -0.89340304]]
4	[[-0.5446221603179724, 0.8109226453022452, -0.2139887049042392], [-0.8354447797583356, -0.5021691245819775, 0.22328947644507607], [0.07361197229480154, 0.30038414347728, 0.9509735242804028]]	0.6558014317909682	0.3441985682090319	[[-0.3571639925216164, 0.5318042318609318, -0.14033409906329503], [-0.5478858827478066, -0.32932323090207793, 0.14643355835653654], [0.048274836827887926, 0.19699235137970383, 0.6236497988183911]]	0.7987168777223531	0.29769008517575857	[[-0.4747630549706726, 0.6128145937138558, -0.10762647053711755], [-0.7347830674252149, -0.405809145272013, 0.09712528086808365], [0.07423102717460446, 0.11091783087917388, 0.736600188914124]]	[[-0.039764143543099026, -0.034883009616304625, 0.06328991971184636], [-0.06749922142719815, -0.004718189997328715, -0.08121979258638638], [0.015435902500316213, -0.12900405431630255, -0.022958415195741592]]	0.4155677229941194	[[-0.6317313479166764, 0.6317313479166763, 0.0], [-0.7071067811865475, -0.7071067811865476, 0.0], [0.0, 0.0, 0.89340304]]
4	[[-0.30792515101507295, 0.09349718223056193, 0.9468053539599837], [0.3027085282091916, -0.9338174967034747, 0.1906631317268273], [0.9019698710720718, 0.34531602882779927, 0.2592434992682147]]	0.6591372946265359	0.34086270537346425	[[-0.20296495098754264, 0.06162747975065683, 0.6240747195471033], [0.19952648034418696, -0.6155139384520524, 0.12567318083144377], [0.5945219806530907, 0.22761067303273455, 0.17087705875716738]]	0.8211115200641739	0.2888814733267255	[[-0.2235978446535784, 0.07137042004444427, 0.7220584922454591], [0.2493601854653237, -0.8472023702597092, 0.11952592455214889], [0.6610568987590049, 0.24820389030048573, 0.15222742460913413]]	[[0.02924304416239851, -0.005401193378609509, -0.0553742911495214], [0.000802725731085599, -0.08043406607899757, -0.0370297693602621], [-0.07956095312907092, -0.03533907903283269, -0.06064039914174522]]	0.47637450600234144	[[0.0, 0.0, 0.9452], [0.0, -1.0, 0.0], [0.9452, 0.0, 0.0]]
4	[[-0.42203838922340475, -0.825029846081567, 0.3757783270710803], [0.2588054115689476, 0.28760896992378115, 0.9221175843470338], [-0.8688517462515349, 0.4864224845687207, 0.09214016247897017]]	0.6258268347232889	0.3741731652767109	[[-0.26412294925939883, -0.5163258171254694, 0.23517216098850707], [0.16196737153145252, 0.17999341128542554, 0.5770859290545898], [-0.5437507382004005, 0.3044162438558804, 0.05766378623510345]]	0.7967487462770643	0.3357815954574864	[[-0.2542072116667885, -0.5439617802144531, 0.3030890277162887], [0.26850993834813486, 0.23831749040260286, 0.8259401955874829], [-0.6351411775271446, 0.33540461065310817, 0.024098675739112237]]	[[0.0820513458277509, 0.11337971529219482, 0.0036881167443129042], [0.06230705115085627, 0.009165404197792278, 0.09124416633894854], [0.05711536199940389, -0.05215189408799462, -0.049313883197772246]]	0.5364093147728805	[[-0.39908449594062073, -0.39908449594062084, 0.5643907066920564], [0.5, 0.5000000000000001, 0.7071067811865475], [-0.5643907066920564, 0.5643907066920564, 0.0]]
4	[[0.8592155572171323, 0.2624339665249735, -0.4391776855101157], [-0.4266000482917053, 0.8413623931712975, -0.33184593135155627], [0.2824199444684594, 0.4724804086637203, 0.8348660002631537]]	0.6272320490667928	0.3727679509332074	[[0.538927534543368, 0.1646069945681852, -0.2754663195869213], [-0.26757722242199905, 0.5277294578765733, -0.2081444034961148], [0.17714284046628162, 0.29635485487006086, 0.5236547120412554]]	0.7685112862728603	0.41299295544637904	[[0.5035574626761604, 0.205262411187904, -0.2937545463476423], [-0.35699808946385464, 0.7486637497849447, -0.24978129452132972], [0.24484295380578838, 0.32900948377354694, 0.5012113394490733]]	[[-0.1567593903864302, 0.0035789460121078516, 0.04375846164607435], [-0.029151137627131958, 0.10206725478725902, 0.005246049026070081], [0.027800039013222914, -0.03409704282733546, -0.14039260427864106]]	0.5638707829567362	[[0.5643907066920564, 0.39908449594062084, -0.39908449594062073], [-0.7071067811865475, 0.5000000000000001, -0.5], [0.0, 0.5643907066920564, 0.5643907066920564]]
4	[[0.22433838825039393, -0.7661379269479729, -0.6022499185961573], [-0.9416906372873723, -0.011392912655017143, -0.3362869982418849], [0.2507808429735371, 0.642575192824231, -0.724020780340167]]	0.5216621222055922	0.47833787779440784	[[0.11702883970688265, -0.3996651368738724, -0.3141709706330166], [-0.4912443363084672, -0.005943250993719236, -0.17542818917300992], [0.13082286675408272, 0.335207138765356, -0.3776942167932004]]	0.7353798673739302	0.4411680349146359	[[0.20748344565725763, -0.48038618479738626, -0.3573390701868303], [-0.8114896748216855, 0.045226217601226665, -0.20724363788357927], [0.16541544552333756, 0.3573390701868303, -0.4009131964331858]]	[[0.04250951145880157, 0.08301622231175186, 0.08554339507637203], [-0.11898933886602595, 0.053604336198476044, 0.040055050283115165], [-0.019003737522464547, -0.11519778989003031, 0.1315171089893358]]	0.7313815087585857	[[1.5937316567384648e-16, -0.7981689918812417, 0.0], [-1.0, -1.7938038903913487e-16, 0.0], [0.0, 0.0, -0.7981689918812417]]
4	[[0.3802729664721569, 0.7767473726770865, -0.5020517802076895], [0.4287143634067757, 0.332951791095048, 0.839849450446521], [0.8195098935212374, -0.5346088512602871, -0.20639019011321075]]	0.6305613492078872	0.3694386507921131	[[0.23978543480596898, 0.4897868713089452, -0.3165744478999823], [0.27033070741457693, 0.20994653061407603, 0.5295766026050608], [0.5167512641479635, -0.3371036785491654, -0.1301416767410585]]	0.7963007458450763	0.3169332994163395	[[0.3437758333284866, 0.5055644778592732, -0.40067761834285726], [0.4061387892005479, 0.3037907216719187, 0.7196954478390709], [0.5772011978681193, -0.41541255333733285, -0.06465648265652794]]	[[0.04096418650198831, -0.11296003433669419, -0.0008934113106259002], [0.06475322186523536, 0.038660962092478025, 0.0509227040509288], [-0.0753751415702609, 0.010296873656613184, 0.09969217966572891]]	0.4183025719620155	[[0.39908449594062073, 0.39908449594062084, -0.5643907066920564], [0.5, 0.5000000000000001, 0.7071067811865475], [0.5643907066920564, -0.5643907066920564, 0.0]]
4	[[-0.8305561570912853, 0.32773595720904825, 0.4502950280316503], [-0.5100865793185324, -0.772219296347621, -0.37879947194723407], [0.22358030216652452, -0.5443036842615101, 0.808545204538665]]	0.5830254506541124	0.4169745493458875	[[-0.4842353777816944, 0.19107840414736224, 0.26253346164545904], [-0.297393457779802, -0.4502235032568733, -0.22084973283957596], [0.1303530064280206, -0.31734290080926075, 0.4714024322503767]]	0.7555393852147977	0.3979504083038782	[[-0.5932518170921818, 0.23404355624083392, 0.19474651259152578], [-0.5687260671820168, -0.6232751104983942, -0.29150580424368955], [0.16694323454014326, -0.25333587800082896, 0.5737441809222135]]	[[0.03426607122293274, -0.013573867381673668, -0.1454691160527874], [-0.18333556663737363, -0.039833018084908973, -0.0053078840889863275], [-0.0019804895048914205, 0.15790699297626182, -0.037143565833302306]]	0.6818823507525501	[[-0.6317313479166764, 0.6317313479166763, 0.0], [-0.7071067811865475, -0.7071067811865476, 0.0], [0.0, 0.0, 0.89340304]]
4	[[0.034229894132735264, 0.2773841392786001, 0.9601491309293217], [-0.1827544195208179, -0.9427759796974285, 0.2788803941677556], [0.9825625356654255, -0.18501754344446375, 0.018422055382213542]]	0.8176921771726764	0.18230782282732366	[[0.02798951665778652, 0.22681484075988742, 0.7851064332800501], [-0.14943685918590624, -0.7709005434248933, 0.22803831667780625], [0.8034336989965672, -0.15128739791424378, 0.015063570573477812]]	0.894551901705319	0.16119818778906309	[[0.009138891093567381, 0.22354680899523552, 0.8198646971265626], [-0.16659461578379142, -0.8252474838171905, 0.2552952788435713], [0.8510303408035423, -0.15209174198618997, 0.0]]	[[-0.02148152579804269, -0.024587700299329288, -0.03903853386697138], [-0.0031113022563921157, 0.018114561703239523, 0.0058222918924765565], [-0.027922844020364185, 0.013416053350901572, -0.01647948467547983]]	0.3622368635596964	[[0.0, 0.0, 0.9452], [0.0, -1.0, 0.0], [0.9452, 0.0, 0.0]]
4	[[0.08740825448676931, -0.06334395238859675, -0.994156597696443], [0.7119981850616444, -0.6940087028176986, 0.10681996481098455], [-0.6967197295301035, -0.717174639895393, -0.015561310176609944]]	0.7209756236156621	0.27902437638433797	[[0.063019220787755, -0.04566944557564935, -0.7167626729958179], [0.5133333354880387, -0.500363357308687, 0.07701459074420267], [-0.5023179414833018, -0.5170654332399188, -0.011219325308858106]]	0.8831462424719534	0.18912431058619755	[[0.049377351555838736, -0.04937735155583875, -0.8097944545329097], [0.6814821717410131, -0.6689277684055437, 0.08748788909945691], [-0.5824624213380499, -0.5930639188559743, 0.0]]	[[-0.02781691995518383, 0.00656462197947278, 0.06819120915140528], [0.05268364995697139, -0.05601659026925877, -0.006849761444350365], [0.03284298985253668, 0.04030616956381818, 0.01374291261041364]]	0.20770526101531717	[[0.0, 0.0, -0.8444445534080001], [0.7071067811865475, -0.7071067811865476, 0.0], [-0.5971124700508426, -0.5971124700508424, 0.0]]
4	[[-0.3195682178843842, -0.5708200961323295, -0.7563336379995778], [0.910087742671785, 0.03735879733279218, -0.41272826520656647], [0.2638493031197415, -0.8202248094963509, 0.507557688474819]]	0.5729095464697606	0.42709045353023944	[[-0.18308368277429218, -0.32702828239099807, -0.4333107615261621], [0.5213979559017805, 0.02140321163658565, -0.23645596323474502], [0.1511617845866935, -0.46991462361180014, 0.29078464511134855]]	0.7220531385880519	0.4350957545782298	[[-0.23829326276066348, -0.3637300027537951, -0.47076320522750753], [0.7896711505126974, 0.03338512522185905, -0.22415742113572057], [0.17891550285059699, -0.47076320522750753, 0.28351880116080047]]	[[-0.007548028044253514, 0.048432439227687, 0.07534987190980715], [0.1325394395260198, 0.006410088353841504, 0.0738543181406826], [-0.011597714581282555, 0.12148269281711956, -0.08296482081693922]]	0.7170321299969631	[[0.0, 0.0, -0.7981689918812417], [1.0, -1.7938038903913487e-16, 0.0], [-1.5937316567384648e-16, -0.7981689918812417, 0.0]]
4	[[0.04673222253661188, -0.9725397674033924, -0.22799671093185395], [-0.8377629715199755, -0.16246744520517667, 0.5213036857710898], [-0.5440306084466285, 0.16664552219444034, -0.8223502702654952]]	0.5738489826425968	0.4261510173574031	[[0.02681723835926213, -0.5580909561039045, -0.13083568061410258], [-0.4807494289023767, -0.09323177814353242, 0.2991495897275758], [-0.3121914111835308, 0.09562936337322386, -0.47190486596771897]]	0.7443662016946082	0.41471332147651213	[[-0.013680008659168389, -0.7698317863396191, -0.1288943895317635], [-0.6801764773236373, -0.1534394213260427, 0.28024602954396716], [-0.26881278707354866, 0.03267308632386186, -0.5543481737679197]]	[[-0.04846589564549324, -0.045906053680598344, 0.04081865618344419], [-0.056574036292924915, -0.03250414623963864, -0.10779481496285853], [0.13614521054147494, -0.09137220806142823, 0.057781573372141404]]	0.6561829150207049	[[-1.6861316723851723e-16, -0.8444445534080001, 0.0], [-1.0, 1.7938038903913487e-16, 0.0], [0.0, 0.0, -0.8444445534080001]]
