4	[[0.22433838825039393, -0.7661379269479729, -0.6022499185961573], [-0.9416906372873723, -0.011392912655017143, -0.3362869982418849], [0.2507808429735371, 0.642575192824231, -0.724020780340167]]	0.6400874884438682	0.3599125115561318	[[0.14359619549674008, -0.49039530146171983, -0.38549263780973847], [-0.60276439491238, -0.007292460847410299, -0.21525310010097565], [0.1605216799287675, 0.4113043413111963, -0.46343664286910713]]	0.7910801272273646	0.3404418901737445	[[0.23415666958053138, -0.6217694365294827, -0.376306656655594], [-0.8246091913682967, 0.02678169394364012, -0.18648414948648448], [0.18366570650885292, 0.37630665665559393, -0.5350945982810014]]	[[0.0566870288614277, -0.015692947805770997, 0.1001212855701242], [-0.07965644221418412, 0.035794400736261375, 0.07954581186761442], [-0.014722034656838528, -0.13202180863694696, 0.037663852745753776]]	0.7503364442359822	[[1.9665568106004117e-16, -0.9848864207205135, 0.0], [-1.0, -1.7938038903913487e-16, 0.0], [0.0, 0.0, -0.9848864207205135]]
4	[[-0.8305561570912853, 0.32773595720904825, 0.4502950280316503], [-0.5100865793185324, -0.772219296347621, -0.37879947194723407], [0.22358030216652452, -0.5443036842615101, 0.808545204538665]]	0.6935200563758983	0.30647994362410164	[[-0.5760073528892975, 0.22729145952002805, 0.3122886332262968], [-0.35375527324557776, -0.5355495699375585, -0.2627050311400063], [0.15505742376306847, -0.37748552179465156, 0.5607423158341172]]	0.8212625286589124	0.32318407944097904	[[-0.6807603204087453, 0.27691654778269015, 0.2057145038465698], [-0.5650698023091294, -0.6327874969030731, -0.2947521000395986], [0.18711486823406925, -0.2987125986330398, 0.6640278792144616]]	[[0.0013443293572726275, 0.00775928683273803, -0.1640959295172391], [-0.14615480834301664, 0.0014072750945799302, 0.0163417121464476], [0.0034967439184656023, 0.14830362146193027, 0.0]]	0.6361835300010104	[[-0.9848864207205135, 0.0, 0.0], [0.0, -0.7071067811865476, -0.7071067811865475], [0.0, -0.696419866790022, 0.6964198667900221]]
4	[[0.034229894132735264, 0.2773841392786001, 0.9601491309293217], [-0.1827544195208179, -0.9427759796974285, 0.2788803941677556], [0.9825625356654255, -0.18501754344446375, 0.018422055382213542]]	0.8683906323898744	0.13160936761012573	[[0.029724919412564423, 0.24087778812306454, 0.833784510996302], [-0.15870222593972746, -0.8186978292114333, 0.24217712185247472], [0.8532481017090973, -0.16066750155495893, 0.015997540323281705]]	0.9351670512552479	0.12228683005916972	[[0.012377985095615036, 0.24489578920642194, 0.8903876912104292], [-0.16305130421861036, -0.8280795978185532, 0.2520012623764756], [0.9248206583256462, -0.16689438230557385, 0.0]]	[[-0.019632684065274315, -0.014504718387721533, -0.0075121403260336285], [0.007854607388537445, 0.05357343510936856, -0.008798493490285612], [0.00596054917353095, 0.006127928227875048, -0.01722769920984551]]	0.3399792212641687	[[0.0, 0.0, 0.9962], [0.0, -1.0, 0.0], [0.9962, 0.0, 0.0]]
4	[[0.04673222253661188, -0.9725397674033924, -0.22799671093185395], [-0.8377629715199755, -0.16246744520517667, 0.5213036857710898], [-0.5440306084466285, 0.16664552219444034, -0.8223502702654952]]	0.6437856090126809	0.35621439098731905	[[0.030085532346248705, -0.626107106446844, -0.14678100140015182], [-0.5393397448282606, -0.10459420315614898, 0.33560781082469626], [-0.35023907658035214, 0.107283988995184, -0.5294172695646145]]	0.8142496173436067	0.3157742158539099	[[-0.0339774038473963, -0.9060292785512118, -0.15929430495379035], [-0.6776168184436333, -0.1460625383335385, 0.28592365158871547], [-0.32773695758159493, 0.04581650406081962, -0.6412216366097051]]	[[-0.07202909816544865, -0.1141391450915591, 0.026351929678072653], [0.004531360541149694, -0.013773483244430123, -0.1385476750702062], [0.11523975716928189, -0.08987454861802895, 0.02837675627638587]]	0.6092296829754332	[[1.974058231881562e-16, -0.9886432651279999, 0.0], [-1.0, -1.7938038903913487e-16, 0.0], [0.0, 0.0, -0.9886432651279999]]
4	[[0.08740825448676931, -0.06334395238859675, -0.994156597696443], [0.7119981850616444, -0.6940087028176986, 0.10681996481098455], [-0.6967197295301035, -0.717174639895393, -0.015561310176609944]]	0.9282589408018731	0.07174105919812687	[[0.08113749372722905, -0.058799590150443094, -0.9228347503688942], [0.660918681118178, -0.6442197833848389, 0.09915658739193788], [-0.6467363181693815, -0.6657237715992622, -0.014444925302029355]]	0.9670972989261652	0.05456146003967795	[[0.06814328028880798, -0.05732104193557148, -0.9437093682652923], [0.679531850267028, -0.6726121671580154, 0.09007807517229277], [-0.6808163227831057, -0.7029363809672426, -0.00765247812719068]]	[[-0.01638900652919749, 0.0039387233227480434, 0.01773679207656401], [-0.00903967134642025, -0.0014382252317674724, -0.013227224267798404], [-0.007020554245974103, -0.009358723866062854, 0.007396822912361043]]	0.11435979752065352	[[0.0, 0.0, -0.9886432651279999], [0.7071067811865475, -0.7071067811865476, 0.0], [-0.6990763569464186, -0.6990763569464185, 0.0]]
4	[[-0.42203838922340475, -0.825029846081567, 0.3757783270710803], [0.2588054115689476, 0.28760896992378115, 0.9221175843470338], [-0.8688517462515349, 0.4864224845687207, 0.09214016247897017]]	0.7720506699586115	0.22794933004138856	[[-0.3258350211481829, -0.6369648454031238, 0.2901199091711539], [0.19981089139072017, 0.22204869791576146, 0.7119214987757438], [-0.6707975727882071, 0.37554280509421323, 0.07113687417198425]]	0.8814237662772927	0.19265398015475402	[[-0.30054516636924894, -0.6850547450106388, 0.35701261775014487], [0.25752519774521415, 0.23424257821660582, 0.8288955220357894], [-0.795811262581238, 0.4027868277613228, 0.02224822262374729]]	[[0.0714495001736464, 0.042146169213751104, 0.025792669417772977], [0.02940795714716752, -0.019262803268746007, 0.016119167890107602], [-0.029984684063607513, -0.025957510589197257, -0.058966306413868255]]	0.47936119198208754	[[-0.4924432103602566, -0.49244321036025673, 0.6964198667900221], [0.5, 0.5000000000000001, 0.7071067811865475], [-0.6964198667900221, 0.696419866790022, 0.0]]
4	[[-0.3195682178843842, -0.5708200961323295, -0.7563336379995778], [0.910087742671785, 0.03735879733279218, -0.41272826520656647], [0.2638493031197415, -0.8202248094963509, 0.507557688474819]]	0.686304228658383	0.31369577134161697	[[-0.21932101927887637, -0.39175624577880247, -0.5190749740356889], [0.6245970662458087, 0.025639500587086778, -0.2832571536981051], [0.181080892459646, -0.5629237552078622, 0.34833898788834255]]	0.7877425992030436	0.32349212541419803	[[-0.24504916111366512, -0.410632334514081, -0.5781386129328229], [0.7903252294383545, 0.060519265311959836, -0.23474267103871485], [0.20839326479324577, -0.6009402172092698, 0.31318648943743355]]	[[0.006688337465264246, 0.03902697169053151, 0.01765761292965832], [0.07341034552325199, 0.03109014919792643, 0.09038096535966893], [0.0005479289557889788, 0.045185806154206754, -0.08663832332720894]]	0.703047668007429	[[-0.4924432103602566, -0.49244321036025673, -0.6964198667900221], [0.5, 0.5000000000000001, -0.7071067811865475], [0.6964198667900221, -0.696419866790022, 0.0]]
4	[[0.8592155572171323, 0.2624339665249735, -0.4391776855101157], [-0.4266000482917053, 0.8413623931712975, -0.33184593135155627], [0.2824199444684594, 0.4724804086637203, 0.8348660002631537]]	0.7531219529547212	0.24687804704527888	[[0.6470940984604456, 0.19764478139094194, -0.3307543562055127], [-0.32128186150002747, 0.6336484886878254, -0.2499204558995624], [0.21269666013145005, 0.35583536810566585, 0.628755912573683]]	0.8230642110069675	0.2584536105865551	[[0.6716404535970308, 0.26534121118840504, -0.2964933743170973], [-0.33359730307260793, 0.6832332544743954, -0.3315135460504507], [0.14087242799731156, 0.3916153258221843, 0.6871483258031355]]	[[-0.03554912108880002, 0.04934120558909878, 0.06497806089915212], [0.01752192909013873, -0.009262019832072574, -0.058383036386709726], [-0.09157732076925254, 0.0027336110491297527, 0.0]]	0.4840759531030881	[[0.6964198667900221, 0.49244321036025673, -0.4924432103602566], [-0.7071067811865475, 0.5000000000000001, -0.5], [0.0, 0.696419866790022, 0.6964198667900221]]
4	[[0.8787972042104137, -0.3840163418041313, 0.28327887866788265], [-0.395223040501579, -0.9183905790867732, -0.018907472103605397], [0.2674214316928388, -0.09534250611366366, -0.9588511794847616]]	0.7291070868680668	0.27089291313193326	[[0.6407372695096565, -0.27998903628254196, 0.2065406379967925], [-0.2881599197232463, -0.6696050797250341, -0.013785571905498973], [0.19497886102765338, -0.06951489688723415, -0.6991051902141445]]	0.8618955835500167	0.23074087379375577	[[0.7049133729514976, -0.31900512235963524, 0.15709395913040108], [-0.3582847716882316, -0.8408923895696702, -0.025834979289445704], [0.1419495413930035, -0.06220086519981581, -0.8264295968796405]]	[[-0.05251805619355998, 0.011976866652379129, -0.08706285530644794], [-0.017643778562711262, -0.04933560548083824, -0.009538712587253074], [-0.08853980952967669, 0.019974419744141353, 0.0]]	0.4696405314683985	[[0.7017429802714501, -0.70174298027145, 0.0], [-0.7071067811865475, -0.7071067811865476, 0.0], [0.0, 0.0, -0.9924144399999999]]
4	[[-0.30792515101507295, 0.09349718223056193, 0.9468053539599837], [0.3027085282091916, -0.9338174967034747, 0.1906631317268273], [0.9019698710720718, 0.34531602882779927, 0.2592434992682147]]	0.7543495186514971	0.24565048134850284	[[-0.23228318944890988, 0.0705295544108957, 0.7142221630163741], [0.2283480325463068, -0.7044247791466124, 0.14382664164271916], [0.6804005380813704, 0.2604889801288969, 0.19556020888650746]]	0.8635472226561994	0.24408331863993143	[[-0.2669006290503294, 0.0840482940140755, 0.7619822918178824], [0.243070194090103, -0.8495171138268339, 0.12022763061420122], [0.6970097984249406, 0.2757197120194632, 0.18285233503625392]]	[[-0.0009927201052723584, 0.00330906197269319, -0.05562884199028153], [-0.018332914719290137, -0.04312160808078374, -0.044418987251433575], [-0.08188377865891718, -0.0224769856134509, -0.041016668748487355]]	0.4668216879491886	[[0.0, 0.0, 0.9962], [0.0, -1.0, 0.0], [0.9962, 0.0, 0.0]]
4	[[0.8489524140446696, -0.5135124485683378, 0.12483895166604869], [0.522794976890395, 0.7815435453534784, -0.34040431673891397], [0.0772347773085365, 0.35425224329800037, 0.9319550081910795]]	0.8335159985600631	0.16648400143993694	[[0.7076154191224189, -0.4280208413414612, 0.10405526345711805], [0.4357579772049827, 0.6514290486234764, -0.2837324439807919], [0.06437642253188891, 0.29527491231467523, 0.7767994092654394]]	0.9228229804038687	0.13444567736075091	[[0.7778956903705221, -0.48940058108187395, 0.0669728778159004], [0.5102561613423423, 0.6685883519189022, -0.2898423341834635], [0.024613398876356173, 0.3037082973552167, 0.862079690314047]]	[[-0.0055371065792389935, -0.015519492819552179, -0.048231375631057186], [0.02780894262817641, -0.05263799191960079, 0.024290591931883678], [-0.04666062851033658, -0.023203813619800458, 0.002050192052843304]]	0.4281629492959994	[[0.7044197754180387, -0.7044197754180386, 0.0], [0.7071067811865475, 0.7071067811865476, 0.0], [0.0, 0.0, 0.9962]]
4	[[0.3802729664721569, 0.7767473726770865, -0.5020517802076895], [0.4287143634067757, 0.332951791095048, 0.839849450446521], [0.8195098935212374, -0.5346088512602871, -0.20639019011321075]]	0.7908648141642857	0.20913518583571444	[[0.3007445089607041, 0.6143021665448611, -0.3970550878548031], [0.3390551053452597, 0.26331985639005123, 0.6642073795533654], [0.6481215396454669, -0.42280332980254925, -0.163226739349216]]	0.8849291168100868	0.19942194443719966	[[0.3467241917148936, 0.6586113977860055, -0.44428023845212244], [0.4042204292356476, 0.30163789181494005, 0.720722076479729], [0.7043947894336842, -0.4596458454002756, -0.09146982817146013]]	[[0.010209571347936014, -0.028754968701684102, 2.5194740157818353e-18], [0.024838606262290917, 0.0069991573808627855, -0.022485155957347805], [-0.02081337685719274, 0.013445093184345376, 0.09117086048368936]]	0.3673289863889136	[[0.4924432103602566, 0.49244321036025673, -0.6964198667900221], [0.5, 0.5000000000000001, 0.7071067811865475], [0.6964198667900221, -0.696419866790022, 0.0]]
4	[[-0.5446221603179724, 0.8109226453022452, -0.2139887049042392], [-0.8354447797583356, -0.5021691245819775, 0.22328947644507607], [0.07361197229480154, 0.30038414347728, 0.9509735242804028]]	0.7550366714217595	0.24496332857824055	[[-0.41120970310900967, 0.6122763348895355, -0.1615693194727499], [-0.6307914456654187, -0.3791561043151551, 0.16859174305859756], [0.05557973853825774, 0.22680104383896169, 0.718019884382895]]	0.8627287682699611	0.23262592509326765	[[-0.5490068453671546, 0.6571242220951308, -0.16892550953144386], [-0.7256190522786118, -0.4001621863259986, 0.1086283429962901], [0.1069865799224164, 0.16892550953144383, 0.7775437233594583]]	[[-0.07914563982350502, -0.04248207284869393, 0.015688702274274643], [-0.004856806480133962, 0.033073563987815496, -0.08400991198481489], [0.043479413734599764, -0.09022453257853727, -0.042888493900317674]]	0.38234498037674713	[[-0.7017429802714501, 0.70174298027145, 0.0], [-0.7071067811865475, -0.7071067811865476, 0.0], [0.0, 0.0, 0.9924144399999999]]
4	[[0.5319609947059123, -0.8460851799387872, 0.03402011756955908], [-0.703274286200726, -0.4190807785627857, 0.5742617690636116], [-0.47161719485230363, -0.3294103357928521, -0.8179645788128509]]	0.6757993066739943	0.3242006933260057	[[0.3594988713998639, -0.5717837779897741, 0.022990771866475815], [-0.4752722750160989, -0.28321449959312817, 0.38808570538257003], [-0.3187185732967208, -0.2226152765400571, -0.5527798952456106]]	0.7985810989073564	0.35669492601099523	[[0.5273698017717878, -0.7220152713065989, 0.0924424280323967], [-0.5131662078159267, -0.39377775825777583, 0.3237257041528286], [-0.3056837773568918, -0.10559170073381213, -0.6402218253178609]]	[[0.10255580604368997, -0.046347638541854044, 0.06527460515874078], [0.04845534449153574, -0.059107769582155835, -0.13486889044647288], [0.07094080037186563, 0.15746916721508497, 0.012989226897798538]]	0.6459844022029001	[[0.7017429802714501, -0.70174298027145, 0.0], [-0.7071067811865475, -0.7071067811865476, 0.0], [0.0, 0.0, -0.9924144399999999]]
