4	[[0.3802729664721569, 0.7767473726770865, -0.5020517802076895], [0.4287143634067757, 0.332951791095048, 0.839849450446521], [0.8195098935212374, -0.5346088512602871, -0.20639019011321075]]	0.6716902392630404	0.32830976073696	[[0.25542563983494915, 0.5217336286004101, -0.33722328037013827], [0.28796325333219913, 0.22364046822369055, 0.5641186783153566], [0.5504567964577085, -0.3590915472151614, -0.13863027617868692]]	0.8201082344203129	0.2866021469640451	[[0.34726517879522273, 0.5428226646216397, -0.41908398721129286], [0.4076387673661726, 0.29471287570160487, 0.7144353027554082], [0.6126818075264473, -0.41908398721129286, -0.07398280389209155]]	[[0.03540018766396733, -0.09419425177518254, -0.007347188157589737], [0.056046587722013375, 0.021656370159564217, 0.025667852770841965], [-0.05940500433923332, 0.01935313390125289, 0.09527949052332643]]	0.39886346238310094	[[0.42325947088916477, 0.4232594708891649, -0.5985792841343173], [0.5, 0.5000000000000001, 0.7071067811865475], [0.5985792841343173, -0.5985792841343172, 0.0]]
4	[[-0.3195682178843842, -0.5708200961323295, -0.7563336379995778], [0.910087742671785, 0.03735879733279218, -0.41272826520656647], [0.2638493031197415, -0.8202248094963509, 0.507557688474819]]	0.6068817160237846	0.39311828397621534	[[-0.1939401084563378, -0.3464202794816499, -0.4590050561156957], [0.5523156110048655, 0.0226723710339097, -0.2504772378400808], [0.1601253178489884, -0.4977794399124273, 0.3080274809626636]]	0.7420352524624638	0.4081172732746855	[[-0.25667094940662394, -0.3832444278894145, -0.4944327830097027], [0.7839431050031543, 0.032831409351299246, -0.22965611002197658], [0.1944082472287313, -0.4944327830097027, 0.2951527689720853]]	[[-0.019540066169805248, 0.0403242062547866, 0.06679343900916776], [0.10862591710670225, 0.005109864740766797, 0.07660281244897273], [-0.0013772370237711065, 0.11420294058089846, -0.0814729285345916]]	0.71251860690086	[[0.0, 0.0, -0.8465189417783298], [1.0, -1.7938038903913487e-16, 0.0], [-1.6902736754544378e-16, -0.8465189417783298, 0.0]]
4	[[-0.30792515101507295, 0.09349718223056193, 0.9468053539599837], [0.3027085282091916, -0.9338174967034747, 0.1906631317268273], [0.9019698710720718, 0.34531602882779927, 0.2592434992682147]]	0.6867902702603607	0.3132097297396397	[[-0.21147999768560433, 0.06421295505270985, 0.6502567049301335], [0.20789727189890675, -0.6413367709348329, 0.1309455837673545], [0.6194641315202906, 0.23715968876387872, 0.1780459129256588]]	0.8329817983912383	0.2782703330144102	[[-0.23835180218735552, 0.07393720536951895, 0.7296210400982333], [0.24649432296781076, -0.8488220669998291, 0.11848149321273282], [0.6676097269875617, 0.2542715517298863, 0.16441459681783657]]	[[0.018144243875073615, -0.003944245629407853, -0.0590505863698068], [-0.00565637124824655, -0.07096908922656477, -0.04033742513998535], [-0.08371475831276587, -0.03337041497641465, -0.051530519423838614]]	0.4733686210181786	[[0.0, 0.0, 0.9592], [0.0, -1.0, 0.0], [0.9592, 0.0, 0.0]]
4	[[0.034229894132735264, 0.2773841392786001, 0.9601491309293217], [-0.1827544195208179, -0.9427759796974285, 0.2788803941677556], [0.9825625356654255, -0.18501754344446375, 0.018422055382213542]]	0.8439084920071027	0.1560915079928973	[[0.028886898339119386, 0.2340868306852916, 0.8102780051844941], [-0.1542280065854469, -0.7956166553269758, 0.23534953289245708], [0.8291928677760844, -0.156137876083076, 0.015546528977275164]]	0.9061880647219367	0.14245827025194804	[[0.009091997099528426, 0.22971909071320912, 0.8390314166675819], [-0.16576862649190297, -0.8259750444226628, 0.25436478145428], [0.8711694066198461, -0.15589714801072413, 0.0]]	[[-0.02192672442025172, -0.02164310564422568, -0.031044266133709614], [-0.00015875274695205215, 0.02835729608567785, 0.0016466967745105672], [-0.019217036043085063, 0.011763541622821297, -0.016693846715008426]]	0.35593659361655133	[[0.0, 0.0, 0.9592], [0.0, -1.0, 0.0], [0.9592, 0.0, 0.0]]
4	[[0.8787972042104137, -0.3840163418041313, 0.28327887866788265], [-0.395223040501579, -0.9183905790867732, -0.018907472103605397], [0.2674214316928388, -0.09534250611366366, -0.9588511794847616]]	0.6619890823743476	0.3380109176256524	[[0.5817541548083941, -0.2542146257276707, 0.1875275249453858], [-0.2616333379148399, -0.6079645367108989, -0.0125165401078843], [0.1770300681735766, -0.06311569813345483, -0.6347490124406783]]	0.8303932052521895	0.2787800881389118	[[0.6571652286579102, -0.26948425283992905, 0.17096385632205088], [-0.31828427338017196, -0.8544574508937715, -0.03308652257443719], [0.16128871700160877, -0.05379959204656194, -0.7561798796748055]]	[[-0.07258199851303816, 0.049400308100023944, -0.06426899971521832], [0.009906254011450085, -0.09183215425249142, -0.017385886211107947], [-0.060776222814937095, 0.025372177201939697, 0.04004362461738805]]	0.4861485634654346	[[0.6505839460739598, -0.6505839460739596, 0.0], [-0.7071067811865475, -0.7071067811865476, 0.0], [0.0, 0.0, -0.9200646400000001]]
4	[[-0.8305561570912853, 0.32773595720904825, 0.4502950280316503], [-0.5100865793185324, -0.772219296347621, -0.37879947194723407], [0.22358030216652452, -0.5443036842615101, 0.808545204538665]]	0.6104390351740349	0.3895609648259651	[[-0.5070038991926583, 0.20006282151053012, 0.2748776624553056], [-0.3113767593344287, -0.4713928022052139, -0.23123398417990337], [0.13648214393845243, -0.33226421586226873, 0.49356755455317525]]	0.7738912522227275	0.380114759887551	[[-0.6119974409500752, 0.2430378338671201, 0.19766938299111486], [-0.5668096951825867, -0.6256429661338879, -0.30411607782731054], [0.17800482323566658, -0.27284794451696914, 0.5915043614742622]]	[[0.03076270350259614, -0.010594156455804438, -0.15081000012196713], [-0.17205815357176013, -0.02802920789287404, -0.010966480140757618], [0.0049779832196791465, 0.14838391528561504, -0.03422169934484657]]	0.6806927346531999	[[-0.6505839460739598, 0.6505839460739596, 0.0], [-0.7071067811865475, -0.7071067811865476, 0.0], [0.0, 0.0, 0.9200646400000001]]
4	[[-0.5446221603179724, 0.8109226453022452, -0.2139887049042392], [-0.8354447797583356, -0.5021691245819775, 0.22328947644507607], [0.07361197229480154, 0.30038414347728, 0.9509735242804028]]	0.6840462317865929	0.31595376821340726	[[-0.37254673651298265, 0.5547085797894168, -0.146378167234638], [-0.5714828534594694, -0.3435068973898738, 0.15274032495985546], [0.05035399226263808, 0.20547664143407665, 0.6505098558128255]]	0.8148636419240692	0.2769748055703117	[[-0.4882925992341305, 0.6263795401556023, -0.11802100268225675], [-0.7355584673710784, -0.4070485979929948, 0.09583648279526931], [0.07595996601823775, 0.12318843466362747, 0.7548174115558759]]	[[-0.04449980220487312, -0.03441183991408549, 0.056350612726626545], [-0.054784891510749216, 0.002150763725696985, -0.08611399318408405], [0.015976246184882102, -0.12158368246651105, -0.02009633781262043]]	0.40538514934657405	[[-0.6505839460739598, 0.6505839460739596, 0.0], [-0.7071067811865475, -0.7071067811865476, 0.0], [0.0, 0.0, 0.9200646400000001]]
4	[[0.08740825448676931, -0.06334395238859675, -0.994156597696443], [0.7119981850616444, -0.6940087028176986, 0.10681996481098455], [-0.6967197295301035, -0.717174639895393, -0.015561310176609944]]	0.7767310471770573	0.2232689528229426	[[0.06789270503942706, -0.04920121447112842, -0.7721922951867389], [0.5530310958710954, -0.5390581064895823, 0.08297038312705245], [-0.5411638451068335, -0.5570518090547776, -0.012086952748925241]]	0.9097415649765758	0.1525762809327702	[[0.054484474138180736, -0.05448447413818075, -0.8457254214366604], [0.6824744289760947, -0.6706087690425389, 0.09102298656556045], [-0.6120803630187112, -0.6223028440466107, 0.0]]	[[-0.025034448090483566, 0.0031421522396229643, 0.05870015758348988], [0.03474008583763235, -0.03924020563380252, -0.006155575392327393], [0.02175453407406184, 0.030140735213336184, 0.014156770673155045]]	0.17922013782451274	[[0.0, 0.0, -0.8825260026880002], [0.7071067811865475, -0.7071067811865476, 0.0], [-0.6240401210741422, -0.6240401210741422, 0.0]]
4	[[0.22433838825039393, -0.7661379269479729, -0.6022499185961573], [-0.9416906372873723, -0.011392912655017143, -0.3362869982418849], [0.2507808429735371, 0.642575192824231, -0.724020780340167]]	0.5519479569353735	0.4480520430646264	[[0.12382311505697954, -0.4228682635096361, -0.33241061213364403], [-0.519764223315935, -0.00628829486347994, -0.18561292162353793], [0.13841797391777452, 0.354668064856688, -0.39962179048751006]]	0.7570970718645539	0.4131067220366539	[[0.2047351872270609, -0.5137760944401163, -0.3707177632407432], [-0.8188892830721247, 0.05340113239838365, -0.20323019021336705], [0.17203820555682817, 0.3707177632407431, -0.4265419801277316]]	[[0.03488925037587418, 0.06626468669657362, 0.08524388665907345], [-0.10593805897958945, 0.062026673209505855, 0.05137171146168433], [-0.017827236338161207, -0.11577403369928321, 0.12161203263689824]]	0.7321388156391095	[[-1.6902736754544378e-16, -0.8465189417783298, 0.0], [-1.0, 1.7938038903913487e-16, 0.0], [0.0, 0.0, -0.8465189417783298]]
4	[[-0.42203838922340475, -0.825029846081567, 0.3757783270710803], [0.2588054115689476, 0.28760896992378115, 0.9221175843470338], [-0.8688517462515349, 0.4864224845687207, 0.09214016247897017]]	0.6742203471748504	0.32577965282514976	[[-0.2845468693033186, -0.5562519092547273, 0.25335739413864833], [0.17449187443874592, 0.19391181955261289, 0.6217104378544915], [-0.5857975260011847, 0.3279559364195761, 0.062122772335318384]]	0.8204816218746207	0.2966800479262841	[[-0.2638567793543153, -0.5826621624240144, 0.31481268970065107], [0.2629665760618013, 0.23497630027914118, 0.8290065161781291], [-0.6780754201668285, 0.3494555372513369, 0.023694298635621138]]	[[0.0824179627290563, 0.09425966378395836, 0.006493478440039466], [0.05062149222778253, -0.0010015738296117811, 0.0724259850139673], [0.034801469766227035, -0.04964517180388977, -0.05190501131491538]]	0.5179306637780203	[[-0.42325947088916477, -0.4232594708891649, 0.5985792841343173], [0.5, 0.5000000000000001, 0.7071067811865475], [-0.5985792841343173, 0.5985792841343172, 0.0]]
4	[[0.04673222253661188, -0.9725397674033924, -0.22799671093185395], [-0.8377629715199755, -0.16246744520517667, 0.5213036857710898], [-0.5440306084466285, 0.16664552219444034, -0.8223502702654952]]	0.5924480016441244	0.40755199835587547	[[0.027686411854204236, -0.5761792417175815, -0.13507619577300992], [-0.49633099832845295, -0.09625351324403318, 0.30884532688479865], [-0.3223098468074421, 0.09872880660703778, -0.48719977427029826]]	0.764073626086575	0.38859560763240136	[[-0.010280363983597962, -0.8086928426368303, -0.12774282815217794], [-0.6878879701431739, -0.14914437603046976, 0.2732240988580688], [-0.2743632222723397, 0.03307785374126028, -0.588659428566493]]	[[-0.04598722271223188, -0.06560085604352571, 0.0464634455053364], [-0.047775378692842055, -0.0250072860515284, -0.12509029862134427], [0.1413162174255614, -0.09425159467293659, 0.039676724348539104]]	0.6425638614634479	[[1.7621702204487466e-16, -0.8825260026880002, 0.0], [-1.0, -1.7938038903913487e-16, 0.0], [0.0, 0.0, -0.8825260026880002]]
4	[[0.8489524140446696, -0.5135124485683378, 0.12483895166604869], [0.522794976890395, 0.7815435453534784, -0.34040431673891397], [0.0772347773085365, 0.35425224329800037, 0.9319550081910795]]	0.7654679484541042	0.2345320515458959	[[0.6498458627139324, -0.3930773205112492, 0.09556021621897133], [0.4001827984224014, 0.5982465342892743, -0.26056859397905746], [0.059120746535675034, 0.27116873791258445, 0.7133816881715533]]	0.8840352489993787	0.19377185328376825	[[0.7186197628010921, -0.45843419998762486, 0.054826618529138366], [0.5057034877663709, 0.6691487853318012, -0.2930420018132073], [0.022747283925662828, 0.2682044624832108, 0.8029194437162416]]	[[-0.03188409593751111, -0.004471094653233723, -0.055535415191778396], [0.043534300195445894, -0.021763257388618423, 0.00788741309554193], [-0.0455309816637008, -0.04496700762932546, -0.020961634006177347]]	0.44026344527043215	[[0.6782568245141365, -0.6782568245141364, 0.0], [0.7071067811865475, 0.7071067811865476, 0.0], [0.0, 0.0, 0.9592]]
4	[[0.8592155572171323, 0.2624339665249735, -0.4391776855101157], [-0.4266000482917053, 0.8413623931712975, -0.33184593135155627], [0.2824199444684594, 0.4724804086637203, 0.8348660002631537]]	0.667034628519378	0.332965371480622	[[0.5731265300264002, 0.17505254337185266, -0.29294672430824026], [-0.2845570047386063, 0.5612178513791912, -0.22135272754475238], [0.18838388274498222, 0.31516079387568857, 0.5568845323489918]]	0.7822834847920578	0.3857770092364799	[[0.5437772673400951, 0.20479877665385163, -0.28294589685348503], [-0.3248224129704526, 0.7529537818550076, -0.2715999174081704], [0.24225516653911505, 0.3379301024284416, 0.5293231969419191]]	[[-0.12837287294727281, -0.0004989812071069036, 0.060615553410278675], [0.00889975941964268, 0.0947698769519796, -0.012002325816409021], [0.021322708205549178, -0.03168351815698909, -0.12377868707834791]]	0.5413126439918347	[[0.5985792841343173, 0.4232594708891649, -0.42325947088916477], [-0.7071067811865475, 0.5000000000000001, -0.5], [0.0, 0.5985792841343172, 0.5985792841343173]]
4	[[0.5319609947059123, -0.8460851799387872, 0.03402011756955908], [-0.703274286200726, -0.4190807785627857, 0.5742617690636116], [-0.47161719485230363, -0.3294103357928521, -0.8179645788128509]]	0.6208726755020301	0.3791273244979698	[[0.33028004604578115, -0.5253111693712114, 0.021122161416305758], [-0.43664378768522516, -0.2601958042377506, 0.3565434409970535], [-0.29281422958071207, -0.20452187652173023, -0.5078518565134259]]	0.7618963752272769	0.4134051549230644	[[0.4841768535691865, -0.637690571683738, 0.09612095435118634], [-0.5085351213232209, -0.3664944662949794, 0.3396579002027094], [-0.27183139395856204, -0.11181640663887146, -0.5729130662658041]]	[[0.0788776999404553, 0.00693866004514233, 0.07020115009013353], [0.02728700812366265, -0.04719834018056792, -0.09787006007845983], [0.08749203729426447, 0.1391601341641027, 0.05029118139601326]]	0.6715260646375205	[[0.6505839460739598, -0.6505839460739596, 0.0], [-0.7071067811865475, -0.7071067811865476, 0.0], [0.0, 0.0, -0.9200646400000001]]
