4	[[0.8592155572171323, 0.2624339665249735, -0.4391776855101157], [-0.4266000482917053, 0.8413623931712975, -0.33184593135155627], [0.2824199444684594, 0.4724804086637203, 0.8348660002631537]]	0.6092324870731802	0.3907675129268198	[[0.5234620308553619, 0.15988329811848934, -0.2675613136103708], [-0.2598986084062944, 0.5125853033215924, -0.20217132208242444], [0.172059405167589, 0.287850414463551, 0.5086274897131594]]	0.762223957678616	0.42296961844900594	[[0.4939722375862329, 0.20017916694791602, -0.29179725071079077], [-0.35523460839901844, 0.748857418515609, -0.2510772179099887], [0.24312854853625332, 0.3252397133668375, 0.4908391653162631]]	[[-0.160942444934847, 0.0001457103539532767, 0.042954502862864216], [-0.030069831244226054, 0.10755084535063072, 0.001863701224340826], [0.027861300736129222, -0.0348961736504333, -0.1455157015356343]]	0.5742760027350866	[[0.5492591821176921, 0.38838489230439693, -0.3883848923043968], [-0.7071067811865475, 0.5000000000000001, -0.5], [0.0, 0.549259182117692, 0.5492591821176921]]
4	[[-0.30792515101507295, 0.09349718223056193, 0.9468053539599837], [0.3027085282091916, -0.9338174967034747, 0.1906631317268273], [0.9019698710720718, 0.34531602882779927, 0.2592434992682147]]	0.6464135559508553	0.35358644404914474	[[-0.1990469918343574, 0.06043784603704268, 0.6120278156465814], [0.1956748961363533, -0.6036322886532194, 0.12324723296826476], [0.5830455517202324, 0.22321696212140582, 0.1675785122191096]]	0.8156667843068761	0.29353842944931463	[[-0.21635569764689982, 0.07046716647282111, 0.7191948786043603], [0.2508714472941394, -0.8461964052371924, 0.12044327712396667], [0.6587016748370839, 0.24569913549422434, 0.1458885311740787]]	[[0.034808620088773945, -0.005795379498935344, -0.053082799824713194], [0.003962155507480808, -0.08451249057157224, -0.03507430641753288], [-0.07700518944196079, -0.0359636793093672, -0.06556778022648799]]	0.4778407736973292	[[0.0, 0.0, 0.9388000000000001], [0.0, -1.0, 0.0], [0.9388000000000001, 0.0, 0.0]]
4	[[0.8787972042104137, -0.3840163418041313, 0.28327887866788265], [-0.395223040501579, -0.9183905790867732, -0.018907472103605397], [0.2674214316928388, -0.09534250611366366, -0.9588511794847616]]	0.6250440243564935	0.37495597564350663	[[0.5492869411129122, -0.24002711969991297, 0.1770617703377682], [-0.2470317997535164, -0.5740345434834874, -0.011818002454045648], [0.1671501678644671, -0.059593263713517926, -0.5993241999841258]]	0.8121707116160691	0.2983501417752121	[[0.6406743523073591, -0.2651938493678638, 0.1595866667286681], [-0.32147291412774087, -0.8537327733349573, -0.03164740821770489], [0.15207497105071557, -0.046027136502625, -0.7389678728748235]]	[[-0.07305899840242458, 0.04669297622739718, -0.0704841417448283], [-0.0004843360765069342, -0.10784284317655865, -0.016291313144458718], [-0.06511688342864529, 0.031407254534968634, 0.03978297190122249]]	0.49773192434203845	[[0.6232053371918416, -0.6232053371918415, 0.0], [-0.7071067811865475, -0.7071067811865476, 0.0], [0.0, 0.0, -0.8813454400000001]]
4	[[-0.42203838922340475, -0.825029846081567, 0.3757783270710803], [0.2588054115689476, 0.28760896992378115, 0.9221175843470338], [-0.8688517462515349, 0.4864224845687207, 0.09214016247897017]]	0.6045528876124573	0.39544711238754265	[[-0.25514452688831957, -0.4987741758150726, 0.22717787273300005], [0.15646155889373772, 0.17387483327066633, 0.5574688483352229], [-0.5252668321034916, 0.29406811764564605, 0.055703601291742386]]	0.7853068479079283	0.35320173923334114	[[-0.24815085437002832, -0.5286189302387655, 0.2958448472567202], [0.26931260950074404, 0.23919081154553484, 0.8253385211991315], [-0.6177003228314923, 0.3275406012548674, 0.023397702509697537]]	[[0.08327878276714301, 0.119282657617513, 0.0007435537124155871], [0.0660709475200197, 0.013329517944644056, 0.10119326763508908], [0.06461490331659972, -0.054450306853337606, -0.048960598052386874]]	0.5453107158087169	[[-0.3883848923043968, -0.38838489230439693, 0.5492591821176921], [0.5, 0.5000000000000001, 0.7071067811865475], [-0.5492591821176921, 0.549259182117692, 0.0]]
4	[[0.034229894132735264, 0.2773841392786001, 0.9601491309293217], [-0.1827544195208179, -0.9427759796974285, 0.2788803941677556], [0.9825625356654255, -0.18501754344446375, 0.018422055382213542]]	0.8050160979519256	0.1949839020480745	[[0.027555615808042055, 0.22329869743581218, 0.7729355068326551], [-0.14712024968611806, -0.758949840418828, 0.22450320670822155], [0.7909786584551305, -0.14894210087631307, 0.014830051140043815]]	0.8891186355068783	0.1699747983626718	[[0.009158495448594851, 0.22075656683882056, 0.8111461270222201], [-0.16698323557126055, -0.8249026799712754, 0.2557390891772682], [0.8418740184801571, -0.15036644756368134, 0.0]]	[[-0.021275941316247625, -0.02587084058781823, -0.042540358152773364], [-0.0044928754540593495, 0.013337012685962435, 0.0077813336452129496], [-0.03174064253086453, 0.014136098208494858, -0.016379392744665846]]	0.3651653915720829	[[0.0, 0.0, 0.9388000000000001], [0.0, -1.0, 0.0], [0.9388000000000001, 0.0, 0.0]]
4	[[-0.3195682178843842, -0.5708200961323295, -0.7563336379995778], [0.910087742671785, 0.03735879733279218, -0.41272826520656647], [0.2638493031197415, -0.8202248094963509, 0.507557688474819]]	0.5566131202568684	0.4433868797431315	[[-0.17787586289155388, -0.31772595481354154, -0.4209852262021737], [0.5065667781560722, 0.020794396752449464, -0.2297299675148313], [0.1468619838870796, -0.45654789052585937, 0.28251326869233256]]	0.7144504190386952	0.4592506419934852	[[-0.2423088440968702, -0.39568305126121367, -0.41918076264714443], [0.787625612439773, 0.01691351827728893, -0.21938019621812527], [0.17040790776378817, -0.4191807626471444, 0.3256427530052971]]	[[-0.013993196917922869, 0.01213960561623744, 0.12118212195471467], [0.13741304332593585, -0.009777490131906215, 0.07549368580781995], [-0.018099337413178863, 0.16682919620345743, -0.036982050211848805]]	0.7198613627143083	[[0.0, 0.0, -0.7767697846087939], [1.0, 1.7938038903913487e-16, 0.0], [1.551003118789596e-16, -0.7767697846087939, 0.0]]
4	[[0.3802729664721569, 0.7767473726770865, -0.5020517802076895], [0.4287143634067757, 0.332951791095048, 0.839849450446521], [0.8195098935212374, -0.5346088512602871, -0.20639019011321075]]	0.6125190441073065	0.3874809558926938	[[0.23292443392337536, 0.4757725582250306, -0.30751627650518537], [0.2625957120689906, 0.20393931281535438, 0.5144237825815497], [0.5019654166161087, -0.3274581025452563, -0.12641792196126908]]	0.7854208426859306	0.33100690517869014	[[0.3417101861037992, 0.48914974845551407, -0.3917194208355671], [0.4049561764765047, 0.3082215610813387, 0.7227133743391931], [0.561253404411443, -0.41381384205972815, -0.06028552860546757]]	[[0.04303587232655917, -0.12092382754660562, 0.0026025114471278678], [0.06823497989799265, 0.046714284745676266, 0.06307811124017079], [-0.08240674674746432, 0.006079092404483851, 0.10181762843535984]]	0.4280571360853075	[[0.3883848923043968, 0.38838489230439693, -0.5492591821176921], [0.5, 0.5000000000000001, 0.7071067811865475], [0.5492591821176921, -0.549259182117692, 0.0]]
4	[[0.8489524140446696, -0.5135124485683378, 0.12483895166604869], [0.522794976890395, 0.7815435453534784, -0.34040431673891397], [0.0772347773085365, 0.35425224329800037, 0.9319550081910795]]	0.7147517296332345	0.2852482703667656	[[0.6067902063147373, -0.3670339108024168, 0.08922885662890806], [0.3736686139759767, 0.5586096008250888, -0.24330457416375817], [0.05520369066911416, 0.2532024036236991, 0.6661164540449293]]	0.8634544192359431	0.22892114873939187	[[0.6875393403646273, -0.43112714161995386, 0.054172893584783284], [0.49528089743603876, 0.6663478185961127, -0.3102267240245943], [0.022261905920242468, 0.2643178780776629, 0.7621090595591062]]	[[-0.045492373263264926, 0.012267451429047315, -0.053619850924048765], [0.04387126428567435, -0.00847940946467518, -0.01630311240938727], [-0.04442680386551733, -0.04156278692224214, -0.042591610792550985]]	0.44751704391374514	[[0.6638318461779309, -0.6638318461779308, 0.0], [0.7071067811865475, 0.7071067811865476, 0.0], [0.0, 0.0, 0.9388000000000001]]
4	[[0.22433838825039393, -0.7661379269479729, -0.6022499185961573], [-0.9416906372873723, -0.011392912655017143, -0.3362869982418849], [0.2507808429735371, 0.642575192824231, -0.724020780340167]]	0.5086939332881097	0.4913060667118902	[[0.11411957710660794, -0.38972971550036284, -0.3063608799131232], [-0.47903231422230014, -0.005795505550088554, -0.17106715584931612], [0.12757069340551644, 0.3268741022711237, -0.36830497853356603]]	0.726667963579147	0.4532205352542269	[[0.2033763239648038, -0.47018655291338246, -0.3473244755961363], [-0.8122042149787325, 0.042476104366727566, -0.2053899635267411], [0.15954071772947478, 0.3473244755961362, -0.39488706683571384]]	[[0.040356804222262066, 0.08654133428265022, 0.09031124631584038], [-0.12790779725956855, 0.05075496900498385, 0.03897902466383363], [-0.02269368673876727, -0.11961433121992542, 0.13123563920306017]]	0.7314951294653945	[[1.6521123975176776e-16, -0.8274070990720002, 0.0], [-1.0, -1.7938038903913487e-16, 0.0], [0.0, 0.0, -0.8274070990720002]]
4	[[0.5319609947059123, -0.8460851799387872, 0.03402011756955908], [-0.703274286200726, -0.4190807785627857, 0.5742617690636116], [-0.47161719485230363, -0.3294103357928521, -0.8179645788128509]]	0.5862533456385879	0.4137466543614122	[[0.31186391289557214, -0.4960202674343406, 0.019944407744172096], [-0.4122969031867654, -0.24568750852525723, 0.33666288338587635], [-0.2764871583428488, -0.19311791144649024, -0.47953447094289214]]	0.7379876050140665	0.4456400975534532	[[0.4578296927726132, -0.6013594662702418, 0.09236402016872926], [-0.5093004482111252, -0.3573000786503402, 0.3427010133749304], [-0.2536466366707292, -0.10491717584246019, -0.5425517849336767]]	[[0.06524907232869645, 0.02304090931067894, 0.06725759508127341], [0.009707257930125836, -0.04802365857135954, -0.08109705422746524], [0.09440100744177468, 0.13818356893618616, 0.06109593557075867]]	0.6859932235152822	[[0.6232053371918416, -0.6232053371918415, 0.0], [-0.7071067811865475, -0.7071067811865476, 0.0], [0.0, 0.0, -0.8813454400000001]]
4	[[-0.5446221603179724, 0.8109226453022452, -0.2139887049042392], [-0.8354447797583356, -0.5021691245819775, 0.22328947644507607], [0.07361197229480154, 0.30038414347728, 0.9509735242804028]]	0.6428243406650207	0.3571756593349794	[[-0.3500963811179597, 0.5212808147967501, -0.13755714813982922], [-0.5370442397101856, -0.3228065364117404, 0.1435359104732437], [0.04731956755545756, 0.19309423897700945, 0.6113089287354408]]	0.7910916982809562	0.30666414838651584	[[-0.46729993667117403, 0.6066989019264498, -0.10265515217533809], [-0.7342633443399653, -0.40388078300108554, 0.09844375775911997], [0.07315029870186504, 0.10597298998410493, 0.7284848681080192]]	[[-0.03645386694378626, -0.03481527072018858, 0.06662953580029891], [-0.0733499147009843, -0.006618957411268022, -0.07819869337008081], [0.014916478525359784, -0.13165841221600688, -0.0238223922351907]]	0.42044366348342416	[[-0.6232053371918416, 0.6232053371918415, 0.0], [-0.7071067811865475, -0.7071067811865476, 0.0], [0.0, 0.0, 0.8813454400000001]]
4	[[-0.8305561570912853, 0.32773595720904825, 0.4502950280316503], [-0.5100865793185324, -0.772219296347621, -0.37879947194723407], [0.22358030216652452, -0.5443036842615101, 0.808545204538665]]	0.5709603458060688	0.4290396541939311	[[-0.47421463066419983, 0.18712423546116116, 0.25710060491970443], [-0.29123920971874406, -0.44090659648075686, -0.2162794774941491], [0.12765548664042425, -0.3107758197894691, 0.4616472495832349]]	0.7514752232115521	0.3946287209534392	[[-0.5430922932289332, 0.22096433352428865, 0.2337591362483925], [-0.4562963063585068, -0.6762671370591604, -0.2575625955794242], [0.13899848252307034, -0.3544681030645509, 0.5299654992177905]]	[[0.08105008031096914, -0.025321118073832544, -0.10462642045274398], [-0.07297888030789557, -0.09596346896806428, 0.0270958221545416], [-0.029016574953224954, 0.05456262956073758, -0.07763618883953273]]	0.6827002387845209	[[-0.6232053371918416, 0.6232053371918415, 0.0], [-0.7071067811865475, -0.7071067811865476, 0.0], [0.0, 0.0, 0.8813454400000001]]
4	[[0.08740825448676931, -0.06334395238859675, -0.994156597696443], [0.7119981850616444, -0.6940087028176986, 0.10681996481098455], [-0.6967197295301035, -0.717174639895393, -0.015561310176609944]]	0.6975384447447481	0.3024615552552519	[[0.0609706178925542, -0.04418484203312714, -0.693462446989907], [0.4966461066689828, -0.4840977512027775, 0.07451103212194288], [-0.4859887965594099, -0.5002568829230073, -0.01085461209878312]]	0.8759813338720941	0.2067362269301283	[[0.05065547970565165, -0.050655479705651665, -0.791239560925525], [0.6786503179378273, -0.6654264683850679, 0.09222509400816443], [-0.5683687360611422, -0.5792000669020737, 0.0]]	[[-0.02591251965109997, 0.004832640200441731, 0.07962306160234803], [0.054953198073017795, -0.0574877991719787, -0.0013472012511319496], [0.04194474194764246, 0.0490315307727316, 0.013631417245304173]]	0.2211117689851474	[[0.0, 0.0, -0.8274070990720002], [0.7071067811865475, -0.7071067811865476, 0.0], [-0.585065170555701, -0.5850651705557008, 0.0]]
4	[[0.04673222253661188, -0.9725397674033924, -0.22799671093185395], [-0.8377629715199755, -0.16246744520517667, 0.5213036857710898], [-0.5440306084466285, 0.16664552219444034, -0.8223502702654952]]	0.5641098942122014	0.4358901057877985	[[0.02636210911142918, -0.5486193053070864, -0.12861520048449793], [-0.4725903812390328, -0.09164949332761879, 0.29407256703276013], [-0.3068930489790272, 0.09400638789604279, -0.4638959239648437]]	0.7350333640105984	0.42749991059979975	[[-0.011654403603994123, -0.7589450795186223, -0.12355316131725809], [-0.679897225911386, -0.1481522132408828, 0.2767653867428147], [-0.2623559682958657, 0.023907332510837487, -0.5470409440588248]]	[[-0.046004146342771945, -0.0440959026500219, 0.044032028102334475], [-0.06411349071154325, -0.02873322044951411, -0.10641021508063332], [0.13752467995539236, -0.09858268626504485, 0.0574139414894471]]	0.6625450761074608	[[1.6521123975176776e-16, -0.8274070990720002, 0.0], [-1.0, -1.7938038903913487e-16, 0.0], [0.0, 0.0, -0.8274070990720002]]
