4	[[0.5319609947059123, -0.8460851799387872, 0.03402011756955908], [-0.703274286200726, -0.4190807785627857, 0.5742617690636116], [-0.47161719485230363, -0.3294103357928521, -0.8179645788128509]]	0.6052370480669912	0.3947629519330088	[[0.3219625021225868, -0.5120820967193807, 0.020590235532691924], [-0.4256476529615477, -0.25364321331895684, 0.3475644979257885], [-0.2854401988300433, -0.19937133923802222, -0.49506246710404966]]	0.7517048980340911	0.4275189078534086	[[0.4714249586824111, -0.6206862144765929, 0.09321016384370917], [-0.5049855626115167, -0.36286281849544033, 0.3447117366867451], [-0.2650446747041431, -0.10917186557450956, -0.5575237046353321]]	[[0.07154727339888953, 0.015320159437448962, 0.067637074834976], [0.023669162986998143, -0.047837744577853836, -0.08696364787209379], [0.08947228066343187, 0.13844749730403208, 0.05734427567668035]]	0.6778771522390641	[[0.6384325988819812, -0.6384325988819811, 0.0], [-0.7071067811865475, -0.7071067811865476, 0.0], [0.0, 0.0, -0.9028800399999999]]
4	[[-0.42203838922340475, -0.825029846081567, 0.3757783270710803], [0.2588054115689476, 0.28760896992378115, 0.9221175843470338], [-0.8688517462515349, 0.4864224845687207, 0.09214016247897017]]	0.642622795673318	0.357377204326682	[[-0.2712114895642083, -0.5301829862028639, 0.24148371909586003], [0.16631425711782075, 0.18482408031314346, 0.5925737799926176], [-0.5583439382018057, 0.3125861769119127, 0.05921136880602958]]	0.8053411764111731	0.3222282261689659	[[-0.2577703296205993, -0.5574220370098021, 0.30632883589528576], [0.26571298505883184, 0.23606419920562657, 0.8270505844511216], [-0.6500358593543739, 0.34037283221944226, 0.024169463907392462]]	[[0.08211456324725407, 0.10700846980785615, 0.003699075902039385], [0.05728633044431779, 0.004440853020802915, 0.0844313242836521], [0.04968622809873921, -0.051363223735977, -0.05003480293813801]]	0.5296393184663775	[[-0.4075961833152006, -0.4075961833152007, 0.5764280504158671], [0.5, 0.5000000000000001, 0.7071067811865475], [-0.5764280504158671, 0.576428050415867, 0.0]]
4	[[0.8489524140446696, -0.5135124485683378, 0.12483895166604869], [0.522794976890395, 0.7815435453534784, -0.34040431673891397], [0.0772347773085365, 0.35425224329800037, 0.9319550081910795]]	0.7405789239136855	0.2594210760863145	[[0.628716265247127, -0.38029649657702136, 0.09245309648735493], [0.3871709414129689, 0.5787946778095658, -0.2520962625860783], [0.057198448267869094, 0.26235174513564224, 0.6901862371021196]]	0.8754497904170966	0.208980037504217	[[0.7030612807541864, -0.4502378654408529, 0.05292707278770156], [0.5026900008501328, 0.6661080607910944, -0.30339644715506026], [0.027760396054478706, 0.2658817509071913, 0.7837420027881388]]	[[-0.040153932195308, -0.0006834999651314545, -0.056363161284230835], [0.04500924790032569, -0.01809407219044289, -0.005389559408903034], [-0.039854773553190705, -0.0442483012428295, -0.03213781381090541]]	0.4434144209631979	[[0.6718928634834574, -0.6718928634834573, 0.0], [0.7071067811865475, 0.7071067811865476, 0.0], [0.0, 0.0, 0.9501999999999999]]
4	[[0.08740825448676931, -0.06334395238859675, -0.994156597696443], [0.7119981850616444, -0.6940087028176986, 0.10681996481098455], [-0.6967197295301035, -0.717174639895393, -0.015561310176609944]]	0.7400427036636886	0.2599572963363115	[[0.0646858409729125, -0.04687722978640109, -0.7357183364243697], [0.5269090618766585, -0.5135960767993389, 0.07905133556398107], [-0.5156023523372916, -0.5307398595072189, -0.011516034055647693]]	0.8914842697090167	0.17587706915357396	[[0.05043894156014595, -0.050438941560145965, -0.8230831543485077], [0.6814778688939611, -0.6690509683531113, 0.08750257993821868], [-0.5922389291515798, -0.6029001735861999, 0.0]]	[[-0.027484142357531466, 0.006031195575484932, 0.06319181412530654], [0.04674268685013583, -0.05035312674997306, -0.00772573838164474], [0.028875750120428277, 0.03644973651477178, 0.013872663238510607]]	0.19737912946931824	[[0.0, 0.0, -0.8579166140079998], [0.7071067811865475, -0.7071067811865476, 0.0], [-0.6066386554576585, -0.6066386554576584, 0.0]]
4	[[0.8787972042104137, -0.3840163418041313, 0.28327887866788265], [-0.395223040501579, -0.9183905790867732, -0.018907472103605397], [0.2674214316928388, -0.09534250611366366, -0.9588511794847616]]	0.6455607282096333	0.35443927179036666	[[0.5673169630986646, -0.24790586925947442, 0.1828737191992467], [-0.2551404738314247, -0.5928768910161242, -0.01220592145980682], [0.1726367741824917, -0.06154937767606812, -0.6189966656728485]]	0.8225450839260408	0.28716597752756484	[[0.6520265574079807, -0.2652510099073294, 0.16482521102933903], [-0.3164976095553701, -0.8546818485481464, -0.03433144253868233], [0.15633036832463298, -0.051505538680510714, -0.7490576731906632]]	[[-0.07082376268324404, 0.05061974419092096, -0.06818443799900925], [0.008591159463506163, -0.09926419259633117, -0.01877919431039296], [-0.06363581565077508, 0.02691797101247181, 0.03964065071121321]]	0.4910692938133809	[[0.6384325988819812, -0.6384325988819811, 0.0], [-0.7071067811865475, -0.7071067811865476, 0.0], [0.0, 0.0, -0.9028800399999999]]
4	[[0.034229894132735264, 0.2773841392786001, 0.9601491309293217], [-0.1827544195208179, -0.9427759796974285, 0.2788803941677556], [0.9825625356654255, -0.18501754344446375, 0.018422055382213542]]	0.8277034942400188	0.17229650575998134	[[0.0283322029811309, 0.22959182132765735, 0.7947187906617168], [-0.1512664716251873, -0.7803389726811185, 0.23083027672768514], [0.8132704440796058, -0.1531396672046871, 0.015247999610941289]]	0.8987468212830072	0.15439170157728058	[[0.009122770384475593, 0.22574035320132943, 0.8266949807890352], [-0.16629585411783715, -0.8255114866183093, 0.2549566813665598], [0.8582055611030118, -0.15344585806874586, 0.0]]	[[-0.021641238160174082, -0.02355776024963533, -0.036235998591334445], [-0.002045900498080934, 0.021805428316727535, 0.00431381359013737], [-0.02486939453806057, 0.012838070983556599, -0.016556763716263932]]	0.3599701088921564	[[0.0, 0.0, 0.9501999999999999], [0.0, -1.0, 0.0], [0.9501999999999999, 0.0, 0.0]]
4	[[0.8592155572171323, 0.2624339665249735, -0.4391776855101157], [-0.4266000482917053, 0.8413623931712975, -0.33184593135155627], [0.2824199444684594, 0.4724804086637203, 0.8348660002631537]]	0.6416387076305845	0.35836129236941555	[[0.5513059597088934, 0.16838779111945207, -0.2817934025509019], [-0.27372310366103475, 0.5398506786034071, -0.21292519452488023], [0.18121156817784373, 0.30316171879576004, 0.5356823414535652]]	0.7733802427616897	0.404354058104142	[[0.5130887365432575, 0.20888593508440736, -0.29341573469387083], [-0.35539863908861213, 0.7489340546145608, -0.2507281713109382], [0.24524126601464447, 0.331407319413004, 0.5105131861528527]]	[[-0.15141159968194876, 0.0059246903444102, 0.046235610341459496], [-0.02547459017862461, 0.09824100273318652, 0.005914915637207386], [0.026823260800884395, -0.033999693739486324, -0.13515568380414594]]	0.555777676911139	[[0.5764280504158671, 0.4075961833152007, -0.4075961833152006], [-0.7071067811865475, 0.5000000000000001, -0.5], [0.0, 0.576428050415867, 0.5764280504158671]]
4	[[-0.30792515101507295, 0.09349718223056193, 0.9468053539599837], [0.3027085282091916, -0.9338174967034747, 0.1906631317268273], [0.9019698710720718, 0.34531602882779927, 0.2592434992682147]]	0.669043774879195	0.3309562251208051	[[-0.20601540541537056, 0.06255370774010316, 0.6334542280892199], [0.2025252564012028, -0.624764783042733, 0.1275619813808057], [0.6034573273693599, 0.23103153945324373, 0.1734452493632982]]	0.8253685782158512	0.28534207215181123	[[-0.2292865315021888, 0.07209061965132593, 0.7242784759250055], [0.24820644610891973, -0.8479659668453463, 0.11883617867532617], [0.6628788723818624, 0.2501832876289728, 0.15719591185086287]]	[[0.024865212588023287, -0.005079016713501298, -0.057184912920102055], [-0.0016396614329136205, -0.07722234727811397, -0.03853117927622682], [-0.08157871769842825, -0.03482971211977178, -0.05677552655184559]]	0.4752689194881462	[[0.0, 0.0, 0.9501999999999999], [0.0, -1.0, 0.0], [0.9501999999999999, 0.0, 0.0]]
4	[[0.3802729664721569, 0.7767473726770865, -0.5020517802076895], [0.4287143634067757, 0.332951791095048, 0.839849450446521], [0.8195098935212374, -0.5346088512602871, -0.20639019011321075]]	0.6449583824903964	0.35504161750960384	[[0.24526023736070707, 0.5009697290854789, -0.3238025040891753], [0.276502922373234, 0.2147400486319425, 0.5416679430954365], [0.5285497753603343, -0.34480045997388376, -0.1331130831773018]]	0.8048032882019714	0.30623057313229235	[[0.34528860787341975, 0.5185552520267769, -0.4076633635757431], [0.40697165941458335, 0.30025166755854416, 0.7173966534133034], [0.5897794115189049, -0.4165127673655478, -0.06813352175331494]]	[[0.0392436740423099, -0.10657358760598433, -0.003610440016941271], [0.061940930045395255, 0.03229097127251369, 0.04148305409932472], [-0.0697648455010344, 0.01374219403060988, 0.09796998190242706]]	0.41103268043195235	[[0.4075961833152006, 0.4075961833152007, -0.5764280504158671], [0.5, 0.5000000000000001, 0.7071067811865475], [0.5764280504158671, -0.576428050415867, 0.0]]
4	[[-0.5446221603179724, 0.8109226453022452, -0.2139887049042392], [-0.8354447797583356, -0.5021691245819775, 0.22328947644507607], [0.07361197229480154, 0.30038414347728, 0.9509735242804028]]	0.6659139620483215	0.3340860379516785	[[-0.36267150059665704, 0.5400047116479239, -0.14249806631637102], [-0.5563343433614608, -0.33440143136872164, 0.14869157994323598], [0.04901924012502258, 0.20002999511944702, 0.6332665473566188]]	0.8045104620246875	0.2903385299520407	[[-0.4795868463037313, 0.6176798329313219, -0.1112581079559389], [-0.7350715206539745, -0.40627206296885754, 0.09664508085102855], [0.07486553720606096, 0.1151769029320144, 0.7430888898272575]]	[[-0.0414326204774359, -0.034715919107069136, 0.0608980438946351], [-0.06294745489448261, -0.002271748536878084, -0.08299363900905021], [0.01564393536462171, -0.12648528312178214, -0.021979259564814602]]	0.4118521631751	[[-0.6384325988819812, 0.6384325988819811, 0.0], [-0.7071067811865475, -0.7071067811865476, 0.0], [0.0, 0.0, 0.9028800399999999]]
4	[[-0.3195682178843842, -0.5708200961323295, -0.7563336379995778], [0.910087742671785, 0.03735879733279218, -0.41272826520656647], [0.2638493031197415, -0.8202248094963509, 0.507557688474819]]	0.5857618220233102	0.4142381779766897	[[-0.18719086156869907, -0.3343646195579944, -0.4430313698521514], [0.5330946543485063, 0.021883357194255926, -0.24176046062791834], [0.1545528485350004, -0.480456378879305, 0.2973079163829496]]	0.7291868386786512	0.4254393431285276	[[-0.2447496298803543, -0.37062148128270933, -0.4791122329422511], [0.7876191565643325, 0.03318626983808359, -0.22612704648717494], [0.1843370421850229, -0.479112232942251, 0.2876630551799245]]	[[-0.011724691339069802, 0.04561302007026778, 0.07239630153698437], [0.12399515256530375, 0.005944726514148435, 0.07482897245212529], [-0.008058397044426504, 0.11898490290019212, -0.08244133112607235]]	0.7151424887580569	[[0.0, 0.0, -0.8151923666304014], [1.0, -1.7938038903913487e-16, 0.0], [-1.627722818407515e-16, -0.8151923666304014, 0.0]]
4	[[0.22433838825039393, -0.7661379269479729, -0.6022499185961573], [-0.9416906372873723, -0.011392912655017143, -0.3362869982418849], [0.2507808429735371, 0.642575192824231, -0.724020780340167]]	0.5322039871780423	0.4677960128219577	[[0.11939378470395537, -0.40774165945003094, -0.3205198079545263], [-0.5011715118525711, -0.006063353540571352, -0.17897328130046639], [0.13346656453838696, 0.3419810796827551, -0.3853267460967945]]	0.7427848325961413	0.43174614522911714	[[0.2063821184571798, -0.4879809258238897, -0.36553238141410327], [-0.8148240704535687, 0.046490633236941095, -0.20443298035648574], [0.16665220507410997, 0.36553238141410327, -0.4068149932460342]]	[[0.03974696629572273, 0.08109470598971513, 0.08180972355138309], [-0.11535054807871424, 0.05495311595618055, 0.04535590133687155], [-0.01962400139230794, -0.1117627256182763, 0.13097666087506438]]	0.7313199391298778	[[1.627722818407515e-16, -0.8151923666304014, 0.0], [-1.0, -1.7938038903913487e-16, 0.0], [0.0, 0.0, -0.8151923666304014]]
4	[[0.04673222253661188, -0.9725397674033924, -0.22799671093185395], [-0.8377629715199755, -0.16246744520517667, 0.5213036857710898], [-0.5440306084466285, 0.16664552219444034, -0.8223502702654952]]	0.5810997638563719	0.4189002361436281	[[0.027156083480508547, -0.5651426291790421, -0.13248883488252972], [-0.4868238649178701, -0.09440979404307612, 0.30292944869903654], [-0.3161360580989741, 0.09683767359491105, -0.4778675478585029]]	0.7511359209654455	0.4068868132466917	[[-0.008571203348183117, -0.7910124387712658, -0.12207312335117804], [-0.6865361115279055, -0.14382965517584725, 0.2702350938254623], [-0.266381152219286, 0.022749374490446263, -0.5755484967641579]]	[[-0.04367345436198333, -0.0605028849071987, 0.0491833960917125], [-0.05726225036450061, -0.021794521094753803, -0.12133483028888649], [0.14225977988966404, -0.10242406329784225, 0.042148330847897764]]	0.651269171387699	[[1.7130318021548252e-16, -0.8579166140079998, 0.0], [-1.0, -1.7938038903913487e-16, 0.0], [0.0, 0.0, -0.8579166140079998]]
4	[[-0.8305561570912853, 0.32773595720904825, 0.4502950280316503], [-0.5100865793185324, -0.772219296347621, -0.37879947194723407], [0.22358030216652452, -0.5443036842615101, 0.808545204538665]]	0.5926502585567353	0.40734974144326463	[[-0.49222932124603874, 0.19423279977828156, 0.2668674647897699], [-0.3023029431194489, -0.4576559656429178, -0.22449560499068302], [0.13250492388718382, -0.3225817192109676, 0.47918452452464816]]	0.762082510603067	0.39425931228403516	[[-0.5959575200183121, 0.2363656163667125, 0.19648810504626707], [-0.5695850831251507, -0.6233814146639469, -0.303026152626563], [0.17537558564887412, -0.26450340254613225, 0.5755573754973771]]	[[0.036994801374649805, -0.013396224718058323, -0.14667386042817138], [-0.18085702213315308, -0.0348865945672182, -0.014349700029898875], [0.0049889476524167704, 0.15030091568637838, -0.040620783913518976]]	0.6813611968601909	[[-0.6384325988819812, 0.6384325988819811, 0.0], [-0.7071067811865475, -0.7071067811865476, 0.0], [0.0, 0.0, 0.9028800399999999]]
