4	[[0.8787972042104137, -0.3840163418041313, 0.28327887866788265], [-0.395223040501579, -0.9183905790867732, -0.018907472103605397], [0.2674214316928388, -0.09534250611366366, -0.9588511794847616]]	0.710130508612081	0.2898694913879189	[[0.624060705592816, -0.2727017201207186, 0.20116497418748353], [-0.28065993876659945, -0.6521771690314342, -0.013426772781502033], [0.1899041173018065, -0.06770562235884642, -0.6809094757708077]]	0.8531867249695809	0.24152788780945147	[[0.6968042965215098, -0.3169552875957029, 0.1500858877413659], [-0.3601730034965908, -0.8405085544396679, -0.024873407457653034], [0.13639139591956057, -0.05723344604574522, -0.8180790975578236]]	[[-0.05297381205119718, 0.010682357402963052, -0.0916038910023402], [-0.022973951938528595, -0.05694990402570707, -0.008741803256124232], [-0.09176901957312905, 0.024111514495763722, 0.0]]	0.47361050247144837	[[0.6871675296122081, -0.687167529612208, 0.0], [-0.7071067811865475, -0.7071067811865476, 0.0], [0.0, 0.0, -0.97180164]]
4	[[0.04673222253661188, -0.9725397674033924, -0.22799671093185395], [-0.8377629715199755, -0.16246744520517667, 0.5213036857710898], [-0.5440306084466285, 0.16664552219444034, -0.8223502702654952]]	0.627138599205461	0.37286140079453906	[[0.02930758057936869, -0.6099172274009684, -0.14298553791725527], [-0.5253934964252418, -0.10188960600246452, 0.32692966325512507], [-0.3411825937061132, 0.10450983935288385, -0.5157275965505349]]	0.7990925445494257	0.33752525233935854	[[-0.03235791227660873, -0.8777346153338459, -0.15533031267164724], [-0.6869449556351155, -0.1486357221754554, 0.27987250127314023], [-0.3112521303621846, 0.045760998391659126, -0.6252706670814028]]	[[-0.06970128289584006, -0.10058533792396265, 0.026860159215787806], [-0.017494810993930323, -0.018809197980006312, -0.1366973874726742], [0.12347867285420411, -0.08740419597646397, 0.03186330289595969]]	0.6181259884145359	[[1.912875870313993e-16, -0.958002056712, 0.0], [-1.0, -1.7938038903913487e-16, 0.0], [0.0, 0.0, -0.958002056712]]
4	[[-0.5446221603179724, 0.8109226453022452, -0.2139887049042392], [-0.8354447797583356, -0.5021691245819775, 0.22328947644507607], [0.07361197229480154, 0.30038414347728, 0.9509735242804028]]	0.7363740371914897	0.2636259628085103	[[-0.4010456189372961, 0.5971423821712168, -0.15757572654371296], [-0.6151998453212006, -0.36978430562134695, 0.16442457323223475], [0.05420594522435109, 0.22119508444067237, 0.7002722133365793]]	0.8448903631433105	0.23899707669883843	[[-0.5141779272852481, 0.6516243067942635, -0.13977491673764336], [-0.7367782355665556, -0.4088780337346266, 0.09385893750411806], [0.07878315683797647, 0.14963199288600462, 0.7899035555367196]]	[[-0.0540319124783023, -0.03351642147628431, 0.041022077857466026], [-0.030918992210352526, 0.015399820292798575, -0.09479618933564193], [0.016589110834126293, -0.10415967517900673, -0.013564810732223589]]	0.3881713758811845	[[-0.6871675296122081, 0.687167529612208, 0.0], [-0.7071067811865475, -0.7071067811865476, 0.0], [0.0, 0.0, 0.97180164]]
4	[[-0.3195682178843842, -0.5708200961323295, -0.7563336379995778], [0.910087742671785, 0.03735879733279218, -0.41272826520656647], [0.2638493031197415, -0.8202248094963509, 0.507557688474819]]	0.664224033773189	0.33577596622681105	[[-0.212264890748875, -0.3791524268118154, -0.5023749799104305], [0.6045021515249892, 0.024814611061302283, -0.274144033167716], [0.17525504842643952, -0.5448130315645117, 0.33713201521133984]]	0.7799992510845278	0.35835103596740303	[[-0.292130561730634, -0.4226287703154157, -0.5426004592622872], [0.7739905330790646, 0.034350156097870455, -0.24023776744630604], [0.2268801698040092, -0.5426004592622872, 0.3167530411639058]]	[[-0.042867591110397056, 0.022610477171799582, 0.04733921194741993], [0.06412277537386381, 0.005210322156873893, 0.08168997031623225], [0.02107791097143638, 0.09717427786581606, -0.0791415757286471]]	0.7117295738126033	[[0.0, 0.0, -0.9443984275066897], [1.0, -1.7938038903913487e-16, 0.0], [-1.8857130329555344e-16, -0.9443984275066897, 0.0]]
4	[[-0.8305561570912853, 0.32773595720904825, 0.4502950280316503], [-0.5100865793185324, -0.772219296347621, -0.37879947194723407], [0.22358030216652452, -0.5443036842615101, 0.808545204538665]]	0.6696529399567999	0.3303470600432001	[[-0.5561843723954009, 0.2194693472745951, 0.3015413893693242], [-0.34158097747316263, -0.5171189220905558, -0.2536641800435485], [0.14972120666224284, -0.364494562395038, 0.5414446733072891]]	0.8069884464941806	0.33933675811958547	[[-0.6607158701833006, 0.2712480471250131, 0.2028253574424421], [-0.5681645400732961, -0.6298402652521169, -0.29514646658229676], [0.18256883635833202, -0.2897188621603, 0.644674482328065]]	[[0.009533352753972216, 0.006768916156600014, -0.16055752769287288], [-0.15653056385150313, -0.006668214939720952, 0.01054033081721755], [0.0021421156462689338, 0.14952792242295496, -0.007812156202911654]]	0.6490004616792239	[[-0.9443984275066897, 0.0, 0.0], [0.0, -0.7071067811865476, -0.7071067811865475], [0.0, -0.6677905322318923, 0.6677905322318924]]
4	[[-0.30792515101507295, 0.09349718223056193, 0.9468053539599837], [0.3027085282091916, -0.9338174967034747, 0.1906631317268273], [0.9019698710720718, 0.34531602882779927, 0.2592434992682147]]	0.7363173488620229	0.2636826511379771	[[-0.2267306308433566, 0.06884359734607677, 0.6971492081161843], [0.22288954096891683, -0.6875860234936734, 0.14038857167882815], [0.6641360642212086, 0.25426218286604707, 0.19088548609088568]]	0.855166069741326	0.25566729248989223	[[-0.2621964603782213, 0.08105092401678521, 0.7493355113314657], [0.24305395011576586, -0.8497638095450719, 0.11964829843978879], [0.6855541607211881, 0.26860511765721445, 0.18114553636143615]]	[[0.0011306807898428973, 0.001095306156787025, -0.060340302024538425], [-0.015812112230069814, -0.051194771033477915, -0.043400342563614844], [-0.08577986894860597, -0.026697433534137078, -0.04055070801375137]]	0.4684499804068348	[[0.0, 0.0, 0.9858], [0.0, -1.0, 0.0], [0.9858, 0.0, 0.0]]
4	[[0.3802729664721569, 0.7767473726770865, -0.5020517802076895], [0.4287143634067757, 0.332951791095048, 0.839849450446521], [0.8195098935212374, -0.5346088512602871, -0.20639019011321075]]	0.7566852735135341	0.24331472648646607	[[0.28774695364478703, 0.5877532981450801, -0.3798951886244122], [0.3244018453336367, 0.2519397171115774, 0.635501711121317], [0.6201110679261647, -0.40453064483864665, -0.15617241745632518]]	0.8685897726935731	0.2180872149542963	[[0.34490219181007986, 0.6289468832207206, -0.42792992984683625], [0.403373319609688, 0.30408466995416256, 0.7225826747950725], [0.6745777998687722, -0.4543776026114908, -0.08627726413956464]]	[[0.014600982300518345, -0.04572794065320014, 0.008147111804164404], [0.030996408147726764, 0.014886149408996865, -0.006901968465093507], [-0.037240112264973584, 0.00997817798465429, 0.09299114417705243]]	0.3723725791562935	[[0.4721992137533447, 0.47219921375334484, -0.6677905322318924], [0.5, 0.5000000000000001, 0.7071067811865475], [0.6677905322318924, -0.6677905322318923, 0.0]]
4	[[-0.42203838922340475, -0.825029846081567, 0.3757783270710803], [0.2588054115689476, 0.28760896992378115, 0.9221175843470338], [-0.8688517462515349, 0.4864224845687207, 0.09214016247897017]]	0.7504593121090051	0.24954068789099498	[[-0.3167226392601888, -0.6191513307597712, 0.2820063448392357], [0.19422293113612035, 0.21583882972538032, 0.6920117280326925], [-0.6520378838166347, 0.36504028316379533, 0.06914744295157989]]	0.8644771365175595	0.22106946002787647	[[-0.2895090251286361, -0.6548894023780536, 0.34534877025664773], [0.258575671253096, 0.23415118301747, 0.8305418347644712], [-0.7612959544477067, 0.38636114148394946, 0.023066448282380924]]	[[0.07533351308769604, 0.058330036504062543, 0.0204969981048813], [0.03484431014472374, -0.01448019573900524, 0.03339226591565819], [-0.010193484789898587, -0.034139975113775, -0.056586615535701865]]	0.4882159897385195	[[-0.4721992137533447, -0.47219921375334484, 0.6677905322318924], [0.5, 0.5000000000000001, 0.7071067811865475], [-0.6677905322318924, 0.6677905322318923, 0.0]]
4	[[0.8592155572171323, 0.2624339665249735, -0.4391776855101157], [-0.4266000482917053, 0.8413623931712975, -0.33184593135155627], [0.2824199444684594, 0.4724804086637203, 0.8348660002631537]]	0.7331372593833108	0.26686274061668924	[[0.6299229388376726, 0.19240011898721054, -0.32197752473719177], [-0.3127563902573689, 0.6168341190777886, -0.24328861664858223], [0.20705258408279317, 0.3463929919200266, 0.612071371385235]]	0.8111477483299814	0.27408684732255345	[[0.6632691936794867, 0.26786943562020576, -0.27637696144114965], [-0.33748153085571847, 0.6896799812869874, -0.3480497299047365], [0.14026124312259114, 0.38785264874042275, 0.6629135936247802]]	[[-0.03368157088728048, 0.054996714588167746, 0.07986102927715338], [0.008554137753559617, 0.0072107705365648134, -0.07887364989645602], [-0.08882305891647808, 0.004601229122816556, -0.014286082645934657]]	0.4996985453726097	[[0.6677905322318924, 0.47219921375334484, -0.4721992137533447], [-0.7071067811865475, 0.5000000000000001, -0.5], [0.0, 0.6677905322318923, 0.6677905322318924]]
4	[[0.034229894132735264, 0.2773841392786001, 0.9601491309293217], [-0.1827544195208179, -0.9427759796974285, 0.2788803941677556], [0.9825625356654255, -0.18501754344446375, 0.018422055382213542]]	0.8667374340693869	0.13326256593061314	[[0.02966833060907373, 0.2404192171298793, 0.8321971940656323], [-0.15840009664031396, -0.8171392335452016, 0.2417160772532197], [0.8516237309753614, -0.1603616308628758, 0.015967085012263897]]	0.9273032756519022	0.12379952077238113	[[0.010320127754811803, 0.2408876983412614, 0.8759208660331536], [-0.16401565124171688, -0.8274766570095855, 0.2524925432316871], [0.9097396124320685, -0.16351675900401072, 0.0]]	[[-0.021421365199691435, -0.01633152262566797, -0.014428568191933637], [0.005453120619799509, 0.04676259716977108, -0.0061141597951662715], [-0.0013938454233195334, 0.00805061508510865, -0.017082832300167373]]	0.34436363365108014	[[0.0, 0.0, 0.9858], [0.0, -1.0, 0.0], [0.9858, 0.0, 0.0]]
4	[[0.22433838825039393, -0.7661379269479729, -0.6022499185961573], [-0.9416906372873723, -0.011392912655017143, -0.3362869982418849], [0.2507808429735371, 0.642575192824231, -0.724020780340167]]	0.6142492659453328	0.38575073405466725	[[0.13779969030616354, -0.4705996592406713, -0.369931570413326], [-0.578432782701361, -0.006998088235323576, -0.2065640418170372], [0.154041948709647, 0.39470134050696465, -0.4447292328531147]]	0.776162325959707	0.3675703133892406	[[0.22690666409311683, -0.5842756531662459, -0.36278201153225653], [-0.837077251959806, -0.014987282391244194, -0.15671481241062524], [0.1480012224076004, 0.36278201153225653, -0.5302622484188506]]	[[0.0527836588666392, 0.010371742219640798, 0.10466168609438105], [-0.10617245658836029, -0.006144532805470275, 0.10429848633480401], [-0.04664541998087622, -0.1359606447342059, 0.03169540449313543]]	0.7425521818546994	[[1.8857130329555344e-16, -0.9443984275066897, 0.0], [-1.0, -1.7938038903913487e-16, 0.0], [0.0, 0.0, -0.9443984275066897]]
4	[[0.8489524140446696, -0.5135124485683378, 0.12483895166604869], [0.522794976890395, 0.7815435453534784, -0.34040431673891397], [0.0772347773085365, 0.35425224329800037, 0.9319550081910795]]	0.8196740417374503	0.18032595826254974	[[0.6958642564627596, -0.420912824200504, 0.10232724807837634], [0.428521471707787, 0.6406109566137018, -0.27902058212626074], [0.06330734207918003, 0.2903713680586306, 0.7638993282814408]]	0.9098112457473789	0.1490003619967365	[[0.7651732952568608, -0.47495144996457395, 0.054740851520073644], [0.49992166787619735, 0.6733905993081649, -0.28858317687257967], [0.02213135171018548, 0.28873121699807097, 0.8479031469828348]]	[[-0.0072131581453645476, -0.00775204942582767, -0.05883903061301095], [0.024276918681074948, -0.03766650729570652, 0.021120498597436976], [-0.04813771724791552, -0.03357145778568636, 0.0]]	0.43142113101014345	[[0.6970658648936986, -0.6970658648936985, 0.0], [0.7071067811865475, 0.7071067811865476, 0.0], [0.0, 0.0, 0.9858]]
4	[[0.08740825448676931, -0.06334395238859675, -0.994156597696443], [0.7119981850616444, -0.6940087028176986, 0.10681996481098455], [-0.6967197295301035, -0.717174639895393, -0.015561310176609944]]	0.8998092937646391	0.10019070623536096	[[0.07865075973893974, -0.05699747706304416, -0.8945513460646929], [0.6406625840620229, -0.6244754807489068, 0.0961175970965356], [-0.6269148877803729, -0.6453204062301827, -0.014002211520067883]]	0.9486203687156749	0.08085785848840453	[[0.06794384588739824, -0.06420044138161743, -0.9161491013978148], [0.6793513679830782, -0.6620680039864226, 0.10174424854499815], [-0.6599304249159277, -0.6778895984848974, 0.0]]	[[-0.014973404712634388, -0.004111077910838626, 0.026928096870106097], [0.003935387145009753, -0.0037172124276102832, 0.00041265413980659527], [0.0009921018024042529, 0.0024368728462017724, 0.014761775797434706]]	0.1305257189490063	[[0.0, 0.0, -0.958002056712], [0.7071067811865475, -0.7071067811865476, 0.0], [-0.6774097506917147, -0.6774097506917146, 0.0]]
4	[[0.5319609947059123, -0.8460851799387872, 0.03402011756955908], [-0.703274286200726, -0.4190807785627857, 0.5742617690636116], [-0.47161719485230363, -0.3294103357928521, -0.8179645788128509]]	0.6621129381550462	0.3378870618449539	[[0.35221825718861255, -0.5602039444187115, 0.022525160000360877], [-0.4656470039652556, -0.2774788056185103, 0.3802261471848225], [-0.3122638465680997, -0.21810684529044574, -0.5415849305845316]]	0.7858395404875246	0.37341397871163085	[[0.5068544356225972, -0.708415712339364, 0.08449397617956826], [-0.5087602523234179, -0.39284521264739436, 0.32851793268468876], [-0.30022927317760617, -0.0945165220371307, -0.6222838949693071]]	[[0.08881845198561669, -0.043528523322963086, 0.05775962262137443], [0.043900489581252373, -0.0635149661944608, -0.12275967203581278], [0.07038616651114338, 0.16434714487416535, 0.020505013780055144]]	0.6530668069856969	[[0.6871675296122081, -0.687167529612208, 0.0], [-0.7071067811865475, -0.7071067811865476, 0.0], [0.0, 0.0, -0.97180164]]
