4	[[0.22433838825039393, -0.7661379269479729, -0.6022499185961573], [-0.9416906372873723, -0.011392912655017143, -0.3362869982418849], [0.2507808429735371, 0.642575192824231, -0.724020780340167]]	0.44506620196293056	0.5549337980370695	[[0.09984543441308816, -0.3409820973264874, -0.2680410839020758], [-0.41911467536154245, -0.0050706003646638804, -0.14966997707703034], [0.11161407730729422, 0.28598850054587827, -0.32223717884823533]]	0.6723509396577597	0.5196202686873007	[[0.16399239878776217, -0.4088061533735935, -0.3102745847924289], [-0.8242938729167938, 0.05367040793426059, -0.19793713794767365], [0.1321907322317256, 0.31027458479242886, -0.3445432968458561]]	[[0.013158272646302534, 0.10630740171732417, 0.09464871388450671], [-0.19114728806971443, 0.06133044346330017, 0.028165741314945057], [-0.03642200318969713, -0.12176144990370903, 0.14225275514759958]]	0.7343520292735635	[[1.4751141833976654e-16, -0.7387632639999998, 0.0], [-1.0, -1.7938038903913487e-16, 0.0], [0.0, 0.0, -0.7387632639999998]]
4	[[-0.3195682178843842, -0.5708200961323295, -0.7563336379995778], [0.910087742671785, 0.03735879733279218, -0.41272826520656647], [0.2638493031197415, -0.8202248094963509, 0.507557688474819]]	0.47364104929244183	0.5263589507075582	[[-0.1513606260392754, -0.270363829289329, -0.35823065791728986], [0.431054913387254, 0.01769465996900739, -0.19548504860508734], [0.12496986078471388, -0.38849213942554484, 0.24040015614565957]]	0.6661246048168026	0.5236581149037488	[[-0.22842426934104088, -0.35893374702919695, -0.35810748694213174], [0.778356856101553, 0.01130664373768514, -0.2263265090795169], [0.15115034636188776, -0.3581074869421317, 0.30239983100353307]]	[[-0.0155520164907956, 0.021303563928440336, 0.1457049587799917], [0.1721250181656943, -0.013578970372052048, 0.04860194347793163], [-0.02460616640993877, 0.18826444014456217, -0.03569683365348546]]	0.7417452356538288	[[0.0, 0.0, -0.6678419906559997], [1.0, -1.7938038903913487e-16, 0.0], [-1.3335032217914892e-16, -0.6678419906559997, 0.0]]
4	[[0.08740825448676931, -0.06334395238859675, -0.994156597696443], [0.7119981850616444, -0.6940087028176986, 0.10681996481098455], [-0.6967197295301035, -0.717174639895393, -0.015561310176609944]]	0.5875035665423521	0.41249643345764797	[[0.051352661256218526, -0.037214797947189536, -0.5840705468482705], [0.4183014730953978, -0.4077325881168292, 0.06275711030438197], [-0.4093253259793588, -0.4213426587722705, -0.00914232522883014]]	0.8244486314320666	0.2954870048554179	[[0.045887421252557424, -0.04588742125255743, -0.7021402357158975], [0.6786173109311318, -0.6636357350415814, 0.09717060979341868], [-0.5044006917471843, -0.5154717313685251, 0.0]]	[[-0.026176194534925347, 0.006336413603719145, 0.11749081068409474], [0.09161138167494372, -0.09146120980158594, 0.009103035995380955], [0.07000893575562926, 0.07580191899101692, 0.012829500878395957]]	0.2957109895332995	[[0.0, 0.0, -0.7387632639999998], [0.7071067811865475, -0.7071067811865476, 0.0], [-0.5223845136659075, -0.5223845136659074, 0.0]]
4	[[0.034229894132735264, 0.2773841392786001, 0.9601491309293217], [-0.1827544195208179, -0.9427759796974285, 0.2788803941677556], [0.9825625356654255, -0.18501754344446375, 0.018422055382213542]]	0.7299439844787983	0.27005601552120184	[[0.024985905311536216, 0.20247488385624327, 0.7008550823244044], [-0.13340048916613567, -0.6881736550912437, 0.20356706611182934], [0.717215612283212, -0.13505244286033102, 0.013447068507982045]]	0.858311026688727	0.21778399526579176	[[0.009244274626319195, 0.20592451802496745, 0.7642109584427006], [-0.1692228096119146, -0.8228863501431274, 0.2583673659539467], [0.7926320660013799, -0.1411389986236622, 0.0]]	[[-0.02013562095019525, -0.03215734734641666, -0.05989562789953463], [-0.012362676161099042, -0.013691331071556921, 0.019001248512463535], [-0.050712192771490416, 0.017663599045581676, -0.015811853268824297]]	0.3816240219895909	[[0.0, 0.0, 0.9039999999999999], [0.0, -1.0, 0.0], [0.9039999999999999, 0.0, 0.0]]
4	[[0.8489524140446696, -0.5135124485683378, 0.12483895166604869], [0.522794976890395, 0.7815435453534784, -0.34040431673891397], [0.0772347773085365, 0.35425224329800037, 0.9319550081910795]]	0.6521682786497949	0.3478317213502053	[[0.5536598345231001, -0.33489652964805416, 0.08141600421649192], [0.34095030016536815, 0.5096979086630358, -0.22200089729257705], [0.050370071769208484, 0.23103207571948522, 0.6077914934710317]]	0.8099434675064167	0.28669539579302006	[[0.635118318924597, -0.39263197485471213, 0.052247948247923795], [0.47655600783151736, 0.6243731900680903, -0.2648201488601252], [0.024175659307922082, 0.22371168648487366, 0.7025535427898939]]	[[-0.05248514305468579, 0.023284078346437836, -0.04886454514434163], [0.05312163145397387, -0.00863289906276428, 0.010888103793543309], [-0.038380144037439896, -0.06321260382383555, -0.052277328104359935]]	0.4607826329527229	[[0.6392245301926389, -0.6392245301926388, 0.0], [0.7071067811865475, 0.7071067811865476, 0.0], [0.0, 0.0, 0.9039999999999999]]
4	[[0.8787972042104137, -0.3840163418041313, 0.28327887866788265], [-0.395223040501579, -0.9183905790867732, -0.018907472103605397], [0.2674214316928388, -0.09534250611366366, -0.9588511794847616]]	0.5657344614116382	0.434265538588362	[[0.4971658630140318, -0.2172512783038278, 0.1602606238524674], [-0.22359129395563088, -0.519565199625178, -0.01069660854718876], [0.15128951962867737, -0.053938541345849314, -0.5424551555997257]]	0.783573743706232	0.37729233934339307	[[0.5429282167452452, -0.22838048124210533, 0.22095508232786398], [-0.3455673811811667, -0.8463768310127423, -0.02531175688260485], [0.19857814245012576, -0.07470788444981774, -0.628958430379441]]	[[-0.1456741985164789, 0.07252464134972987, -0.0010148091428323156], [-0.03588098373638461, -0.12675008677318497, -0.010496358182361627], [-0.010966269928712295, 0.0, 0.1223721779865698]]	0.5162242147521366	[[0.9039999999999999, 0.0, 0.0], [0.0, -1.0, 0.0], [0.0, 0.0, -0.9039999999999999]]
4	[[-0.5446221603179724, 0.8109226453022452, -0.2139887049042392], [-0.8354447797583356, -0.5021691245819775, 0.22328947644507607], [0.07361197229480154, 0.30038414347728, 0.9509735242804028]]	0.5655980668192153	0.4344019331807848	[[-0.30803724102275, 0.45865628052287416, -0.12103159781498525], [-0.4725259523655198, -0.28402588607986406, 0.12629209621840973], [0.0416347892246894, 0.1698966908538954, 0.537868786929252]]	0.7481585202457246	0.35275486711453863	[[-0.42105251526607695, 0.5742030687054134, -0.07583534046250565], [-0.72975666530503, -0.38595323111512914, 0.11037627192536571], [0.06628881534433523, 0.0832604342819946, 0.6853954902175171]]	[[-0.013588805709552999, -0.032495617637662906, 0.084262132347949], [-0.10471153513401855, -0.01025112195478597, -0.056679652358225016], [0.011215391079887234, -0.14147452200724664, -0.026083454500970885]]	0.4490099010042691	[[-0.5778589752941455, 0.5778589752941454, 0.0], [-0.7071067811865475, -0.7071067811865476, 0.0], [0.0, 0.0, 0.8172159999999998]]
4	[[-0.8305561570912853, 0.32773595720904825, 0.4502950280316503], [-0.5100865793185324, -0.772219296347621, -0.37879947194723407], [0.22358030216652452, -0.5443036842615101, 0.808545204538665]]	0.5045758666700688	0.49542413332993107	[[-0.4190785927824971, 0.16536765464770006, 0.22720800402629288], [-0.25737737783641934, -0.38964322071395163, -0.19113307185194012], [0.11281322473602999, -0.274642503217963, 0.4079723973220249]]	0.7054127063648262	0.4492178057475648	[[-0.4808231341633629, 0.15929623587544253, 0.24757692861538813], [-0.4366609223096907, -0.6699125431757269, -0.2680585268945472], [0.1442817645237791, -0.34133392544560914, 0.4471526972409464]]	[[0.10506173239837038, -0.07189287267245906, -0.07006690577104357], [-0.07683936791222819, -0.12517923943201004, -0.0008485662186817414], [-0.013434621517374536, 0.04262480955364848, -0.12320536371097521]]	0.6898821381269428	[[-0.5778589752941455, 0.5778589752941454, 0.0], [-0.7071067811865475, -0.7071067811865476, 0.0], [0.0, 0.0, 0.8172159999999998]]
4	[[-0.30792515101507295, 0.09349718223056193, 0.9468053539599837], [0.3027085282091916, -0.9338174967034747, 0.1906631317268273], [0.9019698710720718, 0.34531602882779927, 0.2592434992682147]]	0.5766478527764898	0.4233521472235103	[[-0.17756437714871814, 0.0539149493739057, 0.545973274358309], [0.17455622280896183, -0.5384838543591755, 0.10994548551391602], [0.5201189894227976, 0.19912574655285492, 0.14949220719927953]]	0.7862275525744895	0.31931258307164434	[[-0.1734184440413653, 0.0670020130752418, 0.7074421581061109], [0.2611512350555908, -0.8386998117147721, 0.12826186711594043], [0.6497423345373412, 0.2340548522035648, 0.10641643096612351]]	[[0.06868079381734557, -0.006508047682503959, -0.03696229810227043], [0.023153449778252247, -0.10450676673036288, -0.021642740307830494], [-0.059411229691581545, -0.03744212400645765, -0.09740795098437138]]	0.48678215153293275	[[0.0, 0.0, 0.9039999999999999], [0.0, -1.0, 0.0], [0.9039999999999999, 0.0, 0.0]]
4	[[0.3802729664721569, 0.7767473726770865, -0.5020517802076895], [0.4287143634067757, 0.332951791095048, 0.839849450446521], [0.8195098935212374, -0.5346088512602871, -0.20639019011321075]]	0.5213005282641071	0.4786994717358932	[[0.19823649830649448, 0.40491881570432237, -0.2617198582382039], [0.22348902411836247, 0.1735679445843292, 0.43781396218009144], [0.4272109404102832, -0.2786918765766551, -0.10759131513454627]]	0.726446866416234	0.42825352737717765	[[0.28517163165509146, 0.39768325945655253, -0.3318814625196208], [0.42052465489795965, 0.316168824349339, 0.7003507248144434], [0.5062753932942371, -0.3698105525452737, -0.033483036545421264]]	[[0.00892352677858748, -0.16658243542175968, 0.032832479990947024], [0.10908644901347687, 0.07429703904066882, 0.09024472327617199], [-0.08905500085136726, 0.018554372211144414, 0.11644847032137151]]	0.48702771615594165	[[0.3339209953279998, 0.33392099532799985, -0.4722356003539803], [0.5, 0.5000000000000001, 0.7071067811865475], [0.4722356003539803, -0.47223560035398027, 0.0]]
4	[[0.04673222253661188, -0.9725397674033924, -0.22799671093185395], [-0.8377629715199755, -0.16246744520517667, 0.5213036857710898], [-0.5440306084466285, 0.16664552219444034, -0.8223502702654952]]	0.5035822367913586	0.4964177632086412	[[0.023533517155218564, -0.48975375143754807, -0.11481509367213585], [-0.42188255109900463, -0.0818157194622004, 0.26251927612818493], [-0.273964150684517, 0.08391972481794027, -0.41412098852627643]]	0.6840187227441478	0.4875665178819171	[[0.0025916313333160107, -0.6793155836889656, -0.10141402757476226], [-0.6687866545018432, -0.1464368958023451, 0.2797679348478164], [-0.2332258568691956, 0.010500955560434592, -0.4909719604414624]]	[[-0.029374083837172434, -0.014080174171806528, 0.05453999142671116], [-0.09574109676040775, -0.03530612144559547, -0.07681354645514094], [0.13890126505418882, -0.10348770168203802, 0.07153102107384623]]	0.6982470860967968	[[1.4751141833976654e-16, -0.7387632639999998, 0.0], [-1.0, -1.7938038903913487e-16, 0.0], [0.0, 0.0, -0.7387632639999998]]
4	[[0.8592155572171323, 0.2624339665249735, -0.4391776855101157], [-0.4266000482917053, 0.8413623931712975, -0.33184593135155627], [0.2824199444684594, 0.4724804086637203, 0.8348660002631537]]	0.5104600537638027	0.48953994623619734	[[0.43859521953175307, 0.133962056661786, -0.2241826649573561], [-0.21776228358662467, 0.42948189245306223, -0.16939409195901461], [0.14416410003733998, 0.24118237480882612, 0.4261657433799003]]	0.7274036248560941	0.476999770895744	[[0.44179689071846384, 0.1748103675555392, -0.281122993775612], [-0.34901151863123986, 0.7495840855463138, -0.2555459782769102], [0.2334971080058696, 0.30376704035926727, 0.43600717365439245]]	[[-0.1831996201340268, -0.016085050980089433, 0.03833644662035588], [-0.03870109714006866, 0.137574030935914, -0.014160044918041625], [0.02806381666785538, -0.03991692157621157, -0.17127738120613445]]	0.6312054295237061	[[0.4722356003539803, 0.33392099532799985, -0.3339209953279998], [-0.7071067811865475, 0.5000000000000001, -0.5], [0.0, 0.47223560035398027, 0.4722356003539803]]
4	[[-0.42203838922340475, -0.825029846081567, 0.3757783270710803], [0.2588054115689476, 0.28760896992378115, 0.9221175843470338], [-0.8688517462515349, 0.4864224845687207, 0.09214016247897017]]	0.506186423420464	0.49381357657953606	[[-0.21363010278712896, -0.41761890700316434, 0.1902138873790355], [0.13100378564394677, 0.1455837558293626, 0.4667634019937431], [-0.43980095791768903, 0.24622045773513657, 0.04664009929861035]]	0.7187035957105796	0.4384679415414079	[[-0.20589631588317664, -0.4647830560010705, 0.25126232932121373], [0.2701473098703327, 0.235594254652873, 0.8274390256240678], [-0.5350153853883803, 0.2688454699520716, 0.022335892412571716]]	[[0.0974241919795855, 0.12816886094629787, -0.018810905534877957], [0.0841429299863736, 0.028888653810035497, 0.16470980208590094], [0.08943148878201398, -0.0807481187419419, -0.04388557367042118]]	0.5968819159383979	[[-0.3339209953279998, -0.33392099532799985, 0.4722356003539803], [0.5, 0.5000000000000001, 0.7071067811865475], [-0.4722356003539803, 0.47223560035398027, 0.0]]
4	[[0.5319609947059123, -0.8460851799387872, 0.03402011756955908], [-0.703274286200726, -0.4190807785627857, 0.5742617690636116], [-0.47161719485230363, -0.3294103357928521, -0.8179645788128509]]	0.5308973277677704	0.4691026722322296	[[0.2824166705660539, -0.44918436109341525, 0.018061189508024288], [-0.3733664392317516, -0.2224888654578197, 0.3048740386350639], [-0.2503803084764199, -0.17488306701150913, -0.43425520910043247]]	0.6932321123402686	0.4991429403830971	[[0.41619478315240144, -0.5271566076682468, 0.08068507247419279], [-0.5327894346337237, -0.33590639254614935, 0.32807358188584035], [-0.23532125152195896, -0.11247555926218274, -0.47739693069897]]	[[0.04742233910979147, 0.05937680884051482, 0.05710123450938308], [-0.045257115656199894, -0.045386139181865064, -0.07002311731838654], [0.09161893268149555, 0.11588226364621337, 0.08964238209098076]]	0.7112171867042392	[[0.5778589752941455, -0.5778589752941454, 0.0], [-0.7071067811865475, -0.7071067811865476, 0.0], [0.0, 0.0, -0.8172159999999998]]
