4	[[0.034229894132735264, 0.2773841392786001, 0.9601491309293217], [-0.1827544195208179, -0.9427759796974285, 0.2788803941677556], [0.9825625356654255, -0.18501754344446375, 0.018422055382213542]]	0.8293142408243457	0.17068575917565432	[[0.028387338666187076, 0.23003861688254684, 0.7962653475948057], [-0.1515608426822011, -0.7818575458702018, 0.23127948237002655], [0.8148531033278166, -0.15343768358083087, 0.015277672873724477]]	0.8994139640185892	0.15330980253919116	[[0.009120126062342965, 0.22609243608207105, 0.8277893679073327], [-0.16624844305429376, -0.825553294702012, 0.25490315878741104], [0.8593553780487542, -0.15366302619421932, 0.0]]	[[-0.021666718707517105, -0.023390732182379158, -0.03578216799081204], [-0.0018765661511586998, 0.02239258637916102, 0.004074237981923255], [-0.024375087050242567, 0.012744335968147351, -0.016569053856686666]]	0.35960914776211317	[[0.0, 0.0, 0.9510000000000001], [0.0, -1.0, 0.0], [0.9510000000000001, 0.0, 0.0]]
4	[[0.8592155572171323, 0.2624339665249735, -0.4391776855101157], [-0.4266000482917053, 0.8413623931712975, -0.33184593135155627], [0.2824199444684594, 0.4724804086637203, 0.8348660002631537]]	0.643971912468585	0.356028087531415	[[0.5533106856038775, 0.16900010331980383, -0.28281809405147595], [-0.2747184489576002, 0.541813749409666, -0.21369945905738036], [0.18187051175862542, 0.30426411237111456, 0.5376302548444613]]	0.7741604592024435	0.40297026728744	[[0.5146231630145012, 0.20946538327895725, -0.2933530307864417], [-0.355142437868161, 0.7489768428488649, -0.2508810725958218], [0.24529924298818057, 0.3317912416087947, 0.5120079212636138]]	[[-0.1505475473145972, 0.006299383243665113, 0.04664096789953573], [-0.02488554858686993, 0.09762734619570676, 0.006020926003761525], [0.026660889090549485, -0.033984408526469126, -0.1343123248726165]]	0.5544862104551388	[[0.5783717470708378, 0.4089705844005001, -0.4089705844005], [-0.7071067811865475, 0.5000000000000001, -0.5], [0.0, 0.5783717470708377, 0.5783717470708378]]
4	[[-0.8305561570912853, 0.32773595720904825, 0.4502950280316503], [-0.5100865793185324, -0.772219296347621, -0.37879947194723407], [0.22358030216652452, -0.5443036842615101, 0.808545204538665]]	0.594206752272361	0.4057932477276389	[[-0.4935220766850255, 0.19474291873606203, 0.26756834617107855], [-0.30309688967458326, -0.4588579201247678, -0.22508520398825127], [0.13285292522244369, -0.32342892447491256, 0.48044302005431194]]	0.7631313537695446	0.3930077767258709	[[-0.5973631636522305, 0.23695078482098547, 0.19659910554134266], [-0.5693345738726955, -0.6235852380814116, -0.30312158377211496], [0.175610303889334, -0.2652343737121722, 0.5769538712386953]]	[[0.03646028089047243, -0.013154799882913088, -0.1470351487961456], [-0.1800715120576677, -0.034280481052686315, -0.014047829937833475], [0.004989165220790333, 0.15014083372006481, -0.040072325284769506]]	0.6812876044097682	[[-0.6395080800118949, 0.6395080800118947, 0.0], [-0.7071067811865475, -0.7071067811865476, 0.0], [0.0, 0.0, 0.9044010000000001]]
4	[[0.8489524140446696, -0.5135124485683378, 0.12483895166604869], [0.522794976890395, 0.7815435453534784, -0.34040431673891397], [0.0772347773085365, 0.35425224329800037, 0.9319550081910795]]	0.7425459767950959	0.2574540232049041	[[0.6303861995393538, -0.38130660271861777, 0.09269866130694192], [0.38819930677864795, 0.5803320152924011, -0.2527658558781641], [0.05735037315911895, 0.2630485780315677, 0.6920194418863267]]	0.8756929079733161	0.2076893827557677	[[0.7052748385940919, -0.45191585527428785, 0.05223729712839031], [0.5040180565320502, 0.668071132619793, -0.2973291168403861], [0.024845799404400275, 0.26257239854699677, 0.7884031043391522]]	[[-0.038146769591651405, -0.0022366459069822096, -0.057083287484392134], [0.04621020294505771, -0.016321007318569856, 0.0007605291713831939], [-0.04278814733358354, -0.04764377854269983, -0.0277032868839897]]	0.44313116407567904	[[0.6724585489084068, -0.6724585489084067, 0.0], [0.7071067811865475, 0.7071067811865476, 0.0], [0.0, 0.0, 0.9510000000000001]]
4	[[0.22433838825039393, -0.7661379269479729, -0.6022499185961573], [-0.9416906372873723, -0.011392912655017143, -0.3362869982418849], [0.2507808429735371, 0.642575192824231, -0.724020780340167]]	0.533917891486255	0.46608210851374504	[[0.11977827923407522, -0.40905474654371216, -0.321552006684629], [-0.5027854794928216, -0.006082879902653833, -0.17954964503554913], [0.1338963789055765, 0.3430823920740871, -0.386567648431455]]	0.7439394363185695	0.4301284716681545	[[0.20648416305375383, -0.4898228754641732, -0.36625986548209777], [-0.8151333860574267, 0.04666004743870464, -0.20419383841265665], [0.167018546853211, 0.36625986548209777, -0.4083328693630846]]	[[0.03958998895413934, 0.08013734205177926, 0.08177759948123184], [-0.11457258416738447, 0.055135684457304816, 0.04598332150067497], [-0.019547212108017888, -0.1117771612598568, 0.13029474184610995]]	0.7313433461607189	[[1.6332114468583262e-16, -0.8179411688010002, 0.0], [-1.0, -1.7938038903913487e-16, 0.0], [0.0, 0.0, -0.8179411688010002]]
4	[[-0.42203838922340475, -0.825029846081567, 0.3757783270710803], [0.2588054115689476, 0.28760896992378115, 0.9221175843470338], [-0.8688517462515349, 0.4864224845687207, 0.09214016247897017]]	0.6453100375655488	0.3546899624344514	[[-0.27234560880385905, -0.5324000409675949, 0.24249352635855792], [0.16700972986172494, 0.18559695518570396, 0.5950517329948375], [-0.5606787530124706, 0.31389331178976865, 0.0594589717106]]	0.8067068559968615	0.3200818139044235	[[-0.2583744050674478, -0.5595667637335524, 0.3067525942013552], [0.26518635787009204, 0.23571474077088153, 0.8271670686036071], [-0.6524679499507477, 0.34129053887988053, 0.024106048936583885]]	[[0.08208685701294482, 0.10599046950248316, 0.0036096414180836777], [0.05640625798833259, 0.003698612887172112, 0.08328849127559075], [0.04844071059521098, -0.051109814332734024, -0.050224051847866116]]	0.5285726057941186	[[-0.4089705844005, -0.4089705844005001, 0.5783717470708378], [0.5, 0.5000000000000001, 0.7071067811865475], [-0.5783717470708378, 0.5783717470708377, 0.0]]
4	[[0.8787972042104137, -0.3840163418041313, 0.28327887866788265], [-0.395223040501579, -0.9183905790867732, -0.018907472103605397], [0.2674214316928388, -0.09534250611366366, -0.9588511794847616]]	0.6470129162589905	0.3529870837410095	[[0.5685931418964274, -0.2484635332018003, 0.18328509340148344], [-0.2557144120076718, -0.5942105668397163, -0.01223337866483925], [0.17302512038973808, -0.06168783292404215, -0.6203890978968083]]	0.8232474210050562	0.28641728467467703	[[0.6525309135941009, -0.26556472960175875, 0.165347224316618], [-0.31658239662166, -0.8546731378535771, -0.03426768494935941], [0.15675117183447224, -0.05174443502115277, -0.749694232002144]]	[[-0.07093661835857616, 0.050575733412288555, -0.06786138197192065], [0.008783952193041754, -0.09861046214505091, -0.018702157302341232], [-0.0634028321281371, 0.026746037249079643, 0.03967752863634227]]	0.49061935277939234	[[0.6395080800118949, -0.6395080800118947, 0.0], [-0.7071067811865475, -0.7071067811865476, 0.0], [0.0, 0.0, -0.9044010000000001]]
4	[[-0.30792515101507295, 0.09349718223056193, 0.9468053539599837], [0.3027085282091916, -0.9338174967034747, 0.1906631317268273], [0.9019698710720718, 0.34531602882779927, 0.2592434992682147]]	0.6706258236899207	0.32937417631007926	[[-0.20650255803432657, 0.06270162484605718, 0.6349521203734411], [0.20300415606825273, -0.6262421279028276, 0.12786361976160343], [0.6048842877311998, 0.2315778462659753, 0.17385538523300387]]	0.8260499929284647	0.28478416399794704	[[-0.23019924872056902, 0.07220705600008025, 0.7246323024998486], [0.24802401516097938, -0.8480863488340565, 0.11872798179345695], [0.6631689481521388, 0.25050186154953114, 0.15799219272048878]]	[[0.024162320097928368, -0.005026290720306808, -0.05747625344342869], [-0.00202836242560921, -0.07670641228567454, -0.03876929682120769], [-0.08190325746863449, -0.03474644162175799, -0.05615589801677043]]	0.4750953088115039	[[0.0, 0.0, 0.9510000000000001], [0.0, -1.0, 0.0], [0.9510000000000001, 0.0, 0.0]]
4	[[0.08740825448676931, -0.06334395238859675, -0.994156597696443], [0.7119981850616444, -0.6940087028176986, 0.10681996481098455], [-0.6967197295301035, -0.717174639895393, -0.015561310176609944]]	0.743176410835107	0.25682358916489295	[[0.06495975284683886, -0.047075731184267236, -0.738833732084084], [0.5291402556952232, -0.5157708968483856, 0.07938607805375994], [-0.5177856679501889, -0.5329872748194185, -0.011564798644944805]]	0.8928131591746717	0.17374531899968998	[[0.05061016889427033, -0.05061016889427034, -0.8252232518209888], [0.6814772870986908, -0.66907114438884, 0.08750456631152093], [-0.5938140340982766, -0.6044843757054348, 0.0]]	[[-0.02742907093200586, 0.005944145352402719, 0.0623728408827156], [0.0457959381671716, -0.04945104193145469, -0.007865703934301456], [0.028226508682817973, 0.03581858021952855, 0.013893342499676092]]	0.19574113133888701	[[0.0, 0.0, -0.8600853510000002], [0.7071067811865475, -0.7071067811865476, 0.0], [-0.6081721840913121, -0.608172184091312, 0.0]]
4	[[0.3802729664721569, 0.7767473726770865, -0.5020517802076895], [0.4287143634067757, 0.332951791095048, 0.839849450446521], [0.8195098935212374, -0.5346088512602871, -0.20639019011321075]]	0.6473274009376015	0.3526725990623986	[[0.2461611110332531, 0.502809857940169, -0.32499187401793955], [0.2775185546087266, 0.21552881756707665, 0.5436575619364196], [0.5304912094157532, -0.3460669582045585, -0.1336020253450022]]	0.8061640017005576	0.30454567390691983	[[0.3455223298845913, 0.5206473559984166, -0.4087796163818207], [0.40709741871760435, 0.299679180333238, 0.7170337621372753], [0.5918015525192868, -0.41667652640546143, -0.06869483138744616]]	[[0.03895995349485528, -0.10553841426933781, -0.004043544188700968], [0.06148333192709092, 0.03126543205068609, 0.039977368339293724], [-0.06885782267499177, 0.014305884471069757, 0.09768951018595867]]	0.40990105470505017	[[0.4089705844005, 0.4089705844005001, -0.5783717470708378], [0.5, 0.5000000000000001, 0.7071067811865475], [0.5783717470708378, -0.5783717470708377, 0.0]]
4	[[-0.5446221603179724, 0.8109226453022452, -0.2139887049042392], [-0.8354447797583356, -0.5021691245819775, 0.22328947644507607], [0.07361197229480154, 0.30038414347728, 0.9509735242804028]]	0.667529572329295	0.3324704276707051	[[-0.36355139775811285, 0.5413148466107484, -0.1428437886680265], [-0.5576840965368238, -0.33521274096918385, 0.1490523287170138], [0.04913816838426478, 0.20051529882989028, 0.6348029499593797]]	0.8054346716549556	0.2891569046215942	[[-0.48035951304127367, 0.61845617774076, -0.1118474237820704], [-0.7351164615295136, -0.4063440788499668, 0.09657031002082773], [0.07496535207184285, 0.11587090396013831, 0.7441288308432434]]	[[-0.041701942169555015, -0.03468903681582183, 0.06050649849034473], [-0.06222026965901182, -0.0018796548770253635, -0.08327477612371903], [0.01567571733670569, -0.12606890001183976, -0.02181821743809871]]	0.41126560137332185	[[-0.6395080800118949, 0.6395080800118947, 0.0], [-0.7071067811865475, -0.7071067811865476, 0.0], [0.0, 0.0, 0.9044010000000001]]
4	[[0.04673222253661188, -0.9725397674033924, -0.22799671093185395], [-0.8377629715199755, -0.16246744520517667, 0.5213036857710898], [-0.5440306084466285, 0.16664552219444034, -0.8223502702654952]]	0.5822462300304364	0.41775376996956354	[[0.027209660392885686, -0.5662576131253028, -0.13275022539941111], [-0.4877843318266016, -0.09459605747339059, 0.3035271057411883], [-0.3167597707892139, 0.09702872704916632, -0.47881034462659516]]	0.752290624557071	0.4052767703869516	[[-0.008725920630879699, -0.7925828906008399, -0.12257342692817683], [-0.686657642161359, -0.1442942581029419, 0.27049728946493984], [-0.2670825285279126, 0.02363059979967811, -0.5767119131752271]]	[[-0.04388213350988759, -0.06095034157435343, 0.04894636113570553], [-0.056416413085809025, -0.022071522279347788, -0.12167458588769631], [0.14218659767856498, -0.10173526417161666, 0.04193448524747838]]	0.6504878912075673	[[1.717362194383098e-16, -0.8600853510000002, 0.0], [-1.0, -1.7938038903913487e-16, 0.0], [0.0, 0.0, -0.8600853510000002]]
4	[[0.5319609947059123, -0.8460851799387872, 0.03402011756955908], [-0.703274286200726, -0.4190807785627857, 0.5742617690636116], [-0.47161719485230363, -0.3294103357928521, -0.8179645788128509]]	0.6066008150586795	0.39339918494132053	[[0.3226879729680323, -0.5132359597599377, 0.020636631046086637], [-0.4266067552191714, -0.25421474185161186, 0.348347657171026], [-0.2860833747930955, -0.1998205781806974, -0.4961779801970049]]	0.7526212816796429	0.42624886694703856	[[0.4725180096164932, -0.6222496455649721, 0.09331137190678603], [-0.5052097029459044, -0.36339570992862724, 0.3442668654934591], [-0.26562333786784864, -0.10927807638011407, -0.5589633012850711]]	[[0.07215284397735175, 0.014532066970709176, 0.06770710741869235], [0.024089491706822022, -0.04798659723940075, -0.08793476315881535], [0.08932579978405007, 0.13864315274282385, 0.05665424838960624]]	0.6773105591760625	[[0.6395080800118949, -0.6395080800118947, 0.0], [-0.7071067811865475, -0.7071067811865476, 0.0], [0.0, 0.0, -0.9044010000000001]]
4	[[-0.3195682178843842, -0.5708200961323295, -0.7563336379995778], [0.910087742671785, 0.03735879733279218, -0.41272826520656647], [0.2638493031197415, -0.8202248094963509, 0.507557688474819]]	0.587838972164895	0.412161027835105	[[-0.18785465273772364, -0.33555029860149516, -0.44460238837540755], [0.5349850432320515, 0.021960957025425165, -0.24261775920242823], [0.15510090315233263, -0.4821601089584817, 0.2983621899074276]]	0.7303285251326188	0.42389541023579125	[[-0.24579361238230557, -0.37173211299278364, -0.4804587640998327], [0.7872914889443835, 0.03315456509781403, -0.22644158157371264], [0.18521589189754964, -0.48045876409983257, 0.28832726888866056]]	[[-0.012403827135543903, 0.04515408593160044, 0.07191326624858711], [0.12262845009762459, 0.0058703697410273925, 0.0749856436351434], [-0.007480780507160466, 0.11857481129682051, -0.08235658915487516]]	0.7148677361971615	[[0.0, 0.0, -0.8179411688010002], [1.0, 1.7938038903913487e-16, 0.0], [1.6332114468583262e-16, -0.8179411688010002, 0.0]]
