4	[[0.3802729664721569, 0.7767473726770865, -0.5020517802076895], [0.4287143634067757, 0.332951791095048, 0.839849450446521], [0.8195098935212374, -0.5346088512602871, -0.20639019011321075]]	0.6238899599087195	0.3761100400912807	[[0.2372484858066838, 0.48460488719871075, -0.3132250650258766], [0.26747058699814547, 0.20772527959782577, 0.52397363996844], [0.5112839946137638, -0.3335370947796271, -0.12876476743528406]]	0.7922204550552586	0.32216586537811115	[[0.34301810275551975, 0.4993808701892972, -0.3973199374055274], [0.4057105322684398, 0.3054654164682411, 0.7208173860686513], [0.5712006552885938, -0.41483788785481623, -0.0630067925404524]]	[[0.041758080211734536, -0.11597428685592095, 0.0004157523719109865], [0.06607424420159841, 0.04169419701545875, 0.05547147225799955], [-0.07803184547908748, 0.00869017956717745, 0.10049973778997676]]	0.4219050703796198	[[0.3950465739724928, 0.39504657397249293, -0.5586802226809257], [0.5, 0.5000000000000001, 0.7071067811865475], [0.5586802226809257, -0.5586802226809255, 0.0]]
4	[[-0.30792515101507295, 0.09349718223056193, 0.9468053539599837], [0.3027085282091916, -0.9338174967034747, 0.1906631317268273], [0.9019698710720718, 0.34531602882779927, 0.2592434992682147]]	0.6543713242633785	0.3456286757366215	[[-0.2014973888437341, 0.06118187495110722, 0.6195622732904514], [0.19808378047006697, -0.611063391938166, 0.124764485996287], [0.5902232189791005, 0.22596490707341804, 0.16964151192281388]]	0.8190691938460575	0.2906116111906952	[[-0.22087688823845097, 0.07102927904911091, 0.7209875744835754], [0.24992234049570242, -0.8468289205378459, 0.11986535690515705], [0.6601767650660073, 0.24726085059161435, 0.14984760918934006]]	[[0.03133511696839036, -0.00555138262735338, -0.054511523513559604], [0.0019831103250732562, -0.08196777631358763, -0.03630094069450008], [-0.07859897010642697, -0.03557687076249318, -0.06249075476610756]]	0.47691767066671914	[[0.0, 0.0, 0.9428000000000001], [0.0, -1.0, 0.0], [0.9428000000000001, 0.0, 0.0]]
4	[[-0.42203838922340475, -0.825029846081567, 0.3757783270710803], [0.2588054115689476, 0.28760896992378115, 0.9221175843470338], [-0.8688517462515349, 0.4864224845687207, 0.09214016247897017]]	0.6177136105215504	0.38228638947844956	[[-0.26069885718588875, -0.509632165011084, 0.232123387170825], [0.15986762520277048, 0.17765997523000282, 0.5696045823524165], [-0.5367015491849897, 0.30046978918180767, 0.056916232438926954]]	0.7925555577299256	0.34256942523405276	[[-0.25278803360203705, -0.5373051143429487, 0.3006432092620678], [0.26906555580165176, 0.23948787472233246, 0.8248307882586552], [-0.6283240308643527, 0.3341271423727542, 0.023369123152872314]]	[[0.0817008373523579, 0.11657687546206225, 0.002818007667429304], [0.06394788849210156, 0.011541787156260648, 0.09400137190392019], [0.060289249470652284, -0.05138970117698434, -0.04965707470997384]]	0.5397181214205918	[[-0.3950465739724928, -0.39504657397249293, 0.5586802226809257], [0.5, 0.5000000000000001, 0.7071067811865475], [-0.5586802226809257, 0.5586802226809255, 0.0]]
4	[[0.22433838825039393, -0.7661379269479729, -0.6022499185961573], [-0.9416906372873723, -0.011392912655017143, -0.3362869982418849], [0.2507808429735371, 0.642575192824231, -0.724020780340167]]	0.5167022758037129	0.4832977241962873	[[0.11591615575911549, -0.3958652104335562, -0.3111839035412352], [-0.486573695389434, -0.005886743896880299, -0.17376025731478106], [0.12957903229240017, 0.33202006450728977, -0.3741031849309443]]	0.7317613584714886	0.44579666581339716	[[0.20688047810659102, -0.4764576136037097, -0.35407761741369936], [-0.8104328619954217, 0.04576780936960849, -0.20852478536557648], [0.1647540040940409, 0.35407761741369936, -0.397396309331649]]	[[0.042718314363178446, 0.08417251659626906, 0.08662560115756807], [-0.12134004199413226, 0.05410470261099086, 0.03755704530420432], [-0.018757726238899746, -0.11613407860743868, 0.13241412045165885]]	0.7315346664392803	[[1.5776063395850701e-16, -0.7900931479449859, 0.0], [-1.0, -1.7938038903913487e-16, 0.0], [0.0, 0.0, -0.7900931479449859]]
4	[[0.08740825448676931, -0.06334395238859675, -0.994156597696443], [0.7119981850616444, -0.6940087028176986, 0.10681996481098455], [-0.6967197295301035, -0.717174639895393, -0.015561310176609944]]	0.712032942192815	0.28796705780718523	[[0.06223755661415266, -0.04510298078937413, -0.7078722472581969], [0.506966162545387, -0.494157058574705, 0.07605933382929828], [-0.4960873989011018, -0.5106519689107892, -0.01108016546942657]]	0.879125384067866	0.19716044150606343	[[0.05016946354887753, -0.041672635031151144, -0.8025521822328358], [0.6808049808570822, -0.6700507697367525, 0.08979996339968957], [-0.5762546324049007, -0.5882709625318276, 0.0]]	[[-0.026673351747505326, 0.014014641440850599, 0.07143611854065285], [0.05486930295914066, -0.059930102325701826, -0.004108179190883165], [0.03624936740591142, 0.042215468209943166, 0.01368034278561141]]	0.21271043562455028	[[0.0, 0.0, -0.8380283707520002], [0.7071067811865475, -0.7071067811865476, 0.0], [-0.5925755437854536, -0.5925755437854535, 0.0]]
4	[[0.8592155572171323, 0.2624339665249735, -0.4391776855101157], [-0.4266000482917053, 0.8413623931712975, -0.33184593135155627], [0.2824199444684594, 0.4724804086637203, 0.8348660002631537]]	0.6204243275732015	0.3795756724267986	[[0.5330782343268728, 0.16282041721362478, -0.2724765202177685], [-0.2646730481040765, 0.5220016970286818, -0.20588528881669205], [0.17522020414010486, 0.2931383398367001, 0.5179711768269954]]	0.7661591380209476	0.41673503762077485	[[0.49996028036692564, 0.20335146375750254, -0.2930227796190381], [-0.35632453535277275, 0.7487399482464724, -0.2502708892731595], [0.2442049443203359, 0.32759078564806315, 0.4973165035585212]]	[[-0.15833557032474063, 0.002285282177310626, 0.04345721734942683], [-0.02948101007390531, 0.10412246233110946, 0.003975903446907448], [0.027826323106457145, -0.03440439698551786, -0.1423237115660929]]	0.5677673059307912	[[0.5586802226809257, 0.39504657397249293, -0.3950465739724928], [-0.7071067811865475, 0.5000000000000001, -0.5], [0.0, 0.5586802226809255, 0.5586802226809257]]
4	[[0.04673222253661188, -0.9725397674033924, -0.22799671093185395], [-0.8377629715199755, -0.16246744520517667, 0.5213036857710898], [-0.5440306084466285, 0.16664552219444034, -0.8223502702654952]]	0.570317174725112	0.42968282527488794	[[0.026652189125705675, -0.5546561324533205, -0.13003044002527298], [-0.4777906110065869, -0.09265797433422324, 0.2973084452427555], [-0.3102699995732649, 0.09504080339852418, -0.46900048277224954]]	0.7408733772971335	0.4195279729687041	[[-0.012917303409382111, -0.7657643025037231, -0.12686996109563042], [-0.6800792611349198, -0.1514309020945722, 0.27892568944336227], [-0.26636911007051467, 0.029308419115462808, -0.551624458452095]]	[[-0.04753996294868286, -0.045235480471803195, 0.042046732145090526], [-0.059402979050433284, -0.03106309726457612, -0.10729433283130872], [0.13668868416235344, -0.09415481172417664, 0.05763296360071313]]	0.6585595498290985	[[-1.67332025836346e-16, -0.8380283707520002, 0.0], [-1.0, 1.7938038903913487e-16, 0.0], [0.0, 0.0, -0.8380283707520002]]
4	[[0.8489524140446696, -0.5135124485683378, 0.12483895166604869], [0.522794976890395, 0.7815435453534784, -0.34040431673891397], [0.0772347773085365, 0.35425224329800037, 0.9319550081910795]]	0.723221975649811	0.2767780243501889	[[0.6139810421180625, -0.37138348757436523, 0.090286273261971], [0.3780968160464688, 0.5652294669269006, -0.2461878824716414], [0.055857888233952976, 0.2562030072763573, 0.6740103422406883]]	0.8678851059932661	0.22189480625365762	[[0.6940158871337758, -0.43525772203234747, 0.05430141124754692], [0.49602160888427926, 0.6669085879209704, -0.30813219566691946], [0.02237477694132098, 0.26623370728780194, 0.7695056708528127]]	[[-0.04277726871262134, 0.010412083822245986, -0.05404445555122997], [0.04229563495301179, -0.011381414776486009, -0.012700359153401791], [-0.044656135949464534, -0.041216538435235414, -0.03932420021205749]]	0.446063517657115	[[0.6666602733026771, -0.666660273302677, 0.0], [0.7071067811865475, 0.7071067811865476, 0.0], [0.0, 0.0, 0.9428000000000001]]
4	[[0.8787972042104137, -0.3840163418041313, 0.28327887866788265], [-0.395223040501579, -0.9183905790867732, -0.018907472103605397], [0.2674214316928388, -0.09534250611366366, -0.9588511794847616]]	0.6322047747344001	0.36779522526560016	[[0.555579788525065, -0.24277696486460915, 0.17909025967524222], [-0.24986189329014544, -0.5806109091697488, -0.011953394142056806], [0.16906510598252195, -0.0602759876002019, -0.6061902939299775]]	0.8158685882797698	0.29426640165911816	[[0.6448121904683866, -0.26581682200997064, 0.161019993330655], [-0.31991901165357756, -0.854103006837873, -0.03230748794788412], [0.153336257799283, -0.04726739478753991, -0.743022062804161]]	[[-0.07217084391497236, 0.04749004865412747, -0.07009834549758663], [0.00253105245608408, -0.10481698158890698, -0.01688147537477646], [-0.06484448815170829, 0.030519561078470182, 0.03927449537246362]]	0.4953419763319775	[[0.6285273056697641, -0.628527305669764, 0.0], [-0.7071067811865475, -0.7071067811865476, 0.0], [0.0, 0.0, -0.8888718400000002]]
4	[[0.034229894132735264, 0.2773841392786001, 0.9601491309293217], [-0.1827544195208179, -0.9427759796974285, 0.2788803941677556], [0.9825625356654255, -0.18501754344446375, 0.018422055382213542]]	0.8129205975571878	0.18707940244281238	[[0.027826185992702424, 0.22549128025524579, 0.7805250052590785], [-0.14856483192308026, -0.7664020127781968, 0.22670761667383593], [0.7987453236304435, -0.15040457197543644, 0.01497566826954064]]	0.8925228311445043	0.16448379704904045	[[0.009146378904775158, 0.22249817035699318, 0.8165920539406873], [-0.16673952698881883, -0.8251190942248011, 0.25546032753375775], [0.847593045451776, -0.15144371039287052, 0.0]]	[[-0.021404583116350375, -0.025073506946524448, -0.040362966717286154], [-0.0036270350739279773, 0.01632999230978141, 0.006553208580457236], [-0.02936645065685232, 0.013688671293583555, -0.016442105025234088]]	0.3633314948536124	[[0.0, 0.0, 0.9428000000000001], [0.0, -1.0, 0.0], [0.9428000000000001, 0.0, 0.0]]
4	[[0.5319609947059123, -0.8460851799387872, 0.03402011756955908], [-0.703274286200726, -0.4190807785627857, 0.5742617690636116], [-0.47161719485230363, -0.3294103357928521, -0.8179645788128509]]	0.5928509066458313	0.40714909335416877	[[0.3153735580116184, -0.5016023660263114, 0.02016885754531085], [-0.4169367981948003, -0.24845241952878838, 0.34045161044140115], [-0.2795986815579519, -0.19529121623330012, -0.4849310421533741]]	0.7419502575809408	0.43855411899073016	[[0.46121474178200284, -0.6110300997676709, 0.08886207720241417], [-0.5067830460390915, -0.3613578472501307, 0.3410364700420488], [-0.2586800765209646, -0.10440343067474088, -0.5478527123197724]]	[[0.06652614473693774, 0.016723017423328827, 0.06362084220874595], [0.015011491757589479, -0.0504207556482506, -0.0850371974335845], [0.0912364226793029, 0.14000265281658997, 0.059036317622507994]]	0.683136634673322	[[0.6285273056697641, -0.628527305669764, 0.0], [-0.7071067811865475, -0.7071067811865476, 0.0], [0.0, 0.0, -0.8888718400000002]]
4	[[-0.5446221603179724, 0.8109226453022452, -0.2139887049042392], [-0.8354447797583356, -0.5021691245819775, 0.22328947644507607], [0.07361197229480154, 0.30038414347728, 0.9509735242804028]]	0.6509390024222043	0.3490609975777957	[[-0.3545158057344067, 0.5278611777746185, -0.1392935940999849], [-0.5438235915147291, -0.32688146900262416, 0.14534782904853413], [0.047916903811909044, 0.1955317546985489, 0.6190257572250133]]	0.7959254113442471	0.3011969818233487	[[-0.47245098553748544, 0.6104713872818939, -0.10591462176231467], [-0.7346398820459646, -0.4055792367489328, 0.09736369747569885], [0.07392011380416741, 0.10892089819228543, 0.7334921197134243]]	[[-0.03897236855921087, -0.03496255274866062, 0.06440442621161463], [-0.06968815206140756, -0.005890069701641986, -0.0803580709126899], [0.01533047447556618, -0.130162474766158, -0.02341187377694347]]	0.4173807692197584	[[-0.6285273056697641, 0.628527305669764, 0.0], [-0.7071067811865475, -0.7071067811865476, 0.0], [0.0, 0.0, 0.8888718400000002]]
4	[[-0.3195682178843842, -0.5708200961323295, -0.7563336379995778], [0.910087742671785, 0.03735879733279218, -0.41272826520656647], [0.2638493031197415, -0.8202248094963509, 0.507557688474819]]	0.5668191641438045	0.43318083585619543	[[-0.18113739014815183, -0.3235517697662131, -0.4287044005047635], [0.5158551735987431, 0.021175682277591052, -0.23394229030290845], [0.14955484145425713, -0.4649191409287329, 0.2876934247360584]]	0.7186301257187651	0.43973145701983485	[[-0.2352358731922605, -0.36045253172276864, -0.4667962838454648], [0.7906586222000941, 0.033480999891039614, -0.22320966203658657], [0.17635642453022304, -0.4667962838454648, 0.28153399622545744]]	[[-0.005584524598283781, 0.04975598572360493, 0.07672785351550265], [0.13664215326876208, 0.006633842667073302, 0.07338930307649605], [-0.013253633341525238, 0.12264197412054809, -0.08321224925272747]]	0.7180409103285902	[[0.0, 0.0, -0.7900931479449859], [1.0, -1.7938038903913487e-16, 0.0], [-1.5776063395850701e-16, -0.7900931479449859, 0.0]]
4	[[-0.8305561570912853, 0.32773595720904825, 0.4502950280316503], [-0.5100865793185324, -0.772219296347621, -0.37879947194723407], [0.22358030216652452, -0.5443036842615101, 0.808545204538665]]	0.5784679408803849	0.42153205911961494	[[-0.4804501099781213, 0.18958474431918007, 0.26048123765414394], [-0.29506873320911065, -0.4467041062663082, -0.21912335054389362], [0.12933403701568374, -0.3148622314483629, 0.4677174795781912]]	0.752429419881645	0.4019095469953677	[[-0.5887354262827855, 0.23226680179569292, 0.19443564297177113], [-0.5697070468240336, -0.6225505798563725, -0.2920297938193441], [0.16677724634685426, -0.2517268805790256, 0.5692183147303455]]	[[0.03619946117653865, -0.014331374361466871, -0.14437958374567256], [-0.1859028978579776, -0.0415100626841199, -0.007009926890613265], [-0.0014511507092666853, 0.1578232248093045, -0.039154884468768233]]	0.6821694665389033	[[-0.6285273056697641, 0.628527305669764, 0.0], [-0.7071067811865475, -0.7071067811865476, 0.0], [0.0, 0.0, 0.8888718400000002]]
