4	[[-0.8305561570912853, 0.32773595720904825, 0.4502950280316503], [-0.5100865793185324, -0.772219296347621, -0.37879947194723407], [0.22358030216652452, -0.5443036842615101, 0.808545204538665]]	0.5665079677407431	0.43349203225925687	[[-0.4705166806483454, 0.18566503107406507, 0.25509572121397106], [-0.2889681114215691, -0.43746838422407747, -0.21459291903409417], [0.12666002260721912, -0.3083523740047872, 0.4580473006497225]]	0.7482206629609299	0.3984620000088006	[[-0.5388690483003832, 0.21891141301117992, 0.2332858036613072], [-0.45618939982078416, -0.6759559575146538, -0.25762310818409856], [0.13862499758206637, -0.3521258495659081, 0.5256846757719704]]	[[0.08257023018474041, -0.02630740216790914, -0.10363424074054473], [-0.07453208127559881, -0.09816552365021426, 0.025802483845511072], [-0.028662404329975685, 0.05513341392431566, -0.07928555320183027]]	0.6830495750484971	[[-0.6200230172652469, 0.6200230172652468, 0.0], [-0.7071067811865475, -0.7071067811865476, 0.0], [0.0, 0.0, 0.8768449599999998]]
4	[[0.22433838825039393, -0.7661379269479729, -0.6022499185961573], [-0.9416906372873723, -0.011392912655017143, -0.3362869982418849], [0.2507808429735371, 0.642575192824231, -0.724020780340167]]	0.5040658679228005	0.49593413207719955	[[0.11308132438183696, -0.38618397909560503, -0.3035736279236079], [-0.47467410839903434, -0.005742778405619882, -0.16951079763994897], [0.12641006327186755, 0.3239002222766069, -0.3649541630363097]]	0.7229636152155792	0.45778072834167055	[[0.1987177718952352, -0.46731971157215585, -0.34348019713661065], [-0.8142708483437567, 0.044102124293448924, -0.20399684966805373], [0.15684442295595644, 0.3434801971366106, -0.392786884819769]]	[[0.03652927969409425, 0.08657013384792006, 0.09192458127495548], [-0.1334627807958151, 0.05233878561435533, 0.03912641433089453], [-0.02446100190700243, -0.1210782873154433, 0.13065379602616303]]	0.7313814098496692	[[1.6394741086298255e-16, -0.8210776205439997, 0.0], [-1.0, -1.7938038903913487e-16, 0.0], [0.0, 0.0, -0.8210776205439997]]
4	[[0.034229894132735264, 0.2773841392786001, 0.9601491309293217], [-0.1827544195208179, -0.9427759796974285, 0.2788803941677556], [0.9825625356654255, -0.18501754344446375, 0.018422055382213542]]	0.8003019904657268	0.19969800953427322	[[0.02739425240785913, 0.22199107878828603, 0.7684092606266739], [-0.146258725708919, -0.7545054931151278, 0.22318853455432125], [0.7863467530500917, -0.14806990828968342, 0.01474320759085535]]	0.8870626465552606	0.17327495808208077	[[0.009165546296790584, 0.21971527343910136, 0.8078836506816677], [-0.16713078381523083, -0.8247713598898399, 0.25590857565491226], [0.8384484732083244, -0.14972175794640924, 0.0]]	[[-0.021198514183899952, -0.026341835261826707, -0.04382877848822978], [-0.005016164765423731, 0.011529995769289779, 0.00852419513208873], [-0.0331460500850954, 0.014400393800589668, -0.016341517202333927]]	0.36627144223191793	[[0.0, 0.0, 0.9363999999999999], [0.0, -1.0, 0.0], [0.9363999999999999, 0.0, 0.0]]
4	[[-0.42203838922340475, -0.825029846081567, 0.3757783270710803], [0.2588054115689476, 0.28760896992378115, 0.9221175843470338], [-0.8688517462515349, 0.4864224845687207, 0.09214016247897017]]	0.5968651588559245	0.40313484114407555	[[-0.251900010227126, -0.49243157014235345, 0.22428899088189394], [0.15447193308887286, 0.17166377352194648, 0.5503798584651337], [-0.5185873355486698, 0.290328633523203, 0.05499525271502124]]	0.7809143550936053	0.35945089899402793	[[-0.2451074137192401, -0.5237496701581611, 0.29289285312828983], [0.26936933657895973, 0.23871212338048772, 0.8259531358828287], [-0.6114689039346817, 0.3230632131803576, 0.023571015539585047]]	[[0.084468422825899, 0.12052798002760222, -0.000557836814576774], [0.06726447550885989, 0.014114150113321986, 0.10585827718199159], [0.06702989716128828, -0.05679108765965413, -0.048382560020899947]]	0.5487097664237895	[[-0.3844285419387005, -0.38442854193870063, 0.5436640577730246], [0.5, 0.5000000000000001, 0.7071067811865475], [-0.5436640577730246, 0.5436640577730245, 0.0]]
4	[[0.8592155572171323, 0.2624339665249735, -0.4391776855101157], [-0.4266000482917053, 0.8413623931712975, -0.33184593135155627], [0.2824199444684594, 0.4724804086637203, 0.8348660002631537]]	0.6026096958386552	0.39739030416134474	[[0.5177716255944569, 0.15814525274534613, -0.26465273148437546], [-0.25707332534582017, 0.5070131358390386, -0.1999735757570566], [0.17018899683490823, 0.28472127535456804, 0.5030983464846136]]	0.7598540287562585	0.4267087535198521	[[0.4903838157060405, 0.1982833320928863, -0.29105838965449804], [-0.35460050023799194, 0.7489221447046374, -0.25155506322762206], [0.2424749517973369, 0.3238370273322002, 0.4869612101890195]]	[[-0.16249458701545108, -0.001128174653599959, 0.042652544020212416], [-0.030446734875925294, 0.10960954060941956, 0.0005994046362308124], [0.027877019191859254, -0.03517911469933115, -0.14741508358256142]]	0.578188748806089	[[0.5436640577730246, 0.38442854193870063, -0.3844285419387005], [-0.7071067811865475, 0.5000000000000001, -0.5], [0.0, 0.5436640577730245, 0.5436640577730246]]
4	[[-0.30792515101507295, 0.09349718223056193, 0.9468053539599837], [0.3027085282091916, -0.9338174967034747, 0.1906631317268273], [0.9019698710720718, 0.34531602882779927, 0.2592434992682147]]	0.6416307524571649	0.3583692475428351	[[-0.1975742463462874, 0.059990667387220115, 0.6074994316918167], [0.19422710073006455, -0.5991660230675165, 0.12233532867572378], [0.5787316070696655, 0.22156538341230092, 0.1663386015050931]]	0.8136261892762787	0.2953196981003715	[[-0.21365116999082984, 0.07013372196863847, 0.7181144895256634], [0.2514482821994642, -0.8458107802990719, 0.12079742317424098], [0.6578116321389318, 0.24476803694065047, 0.14351744802219138]]	[[0.03688479721188659, -0.0059380341176834255, -0.05223114260317653], [0.005156695931188752, -0.08603240897671008, -0.03433109412813869], [-0.07605467690345454, -0.03619012769052942, -0.06740985238205392]]	0.4784052573040214	[[0.0, 0.0, 0.9363999999999999], [0.0, -1.0, 0.0], [0.9363999999999999, 0.0, 0.0]]
4	[[0.3802729664721569, 0.7767473726770865, -0.5020517802076895], [0.4287143634067757, 0.332951791095048, 0.839849450446521], [0.8195098935212374, -0.5346088512602871, -0.20639019011321075]]	0.605536300201059	0.3944636997989413	[[0.23026908518403127, 0.4703487302417761, -0.30401057749631955], [0.2596021094603912, 0.20161439572501122, 0.5085593289492789], [0.496242988901014, -0.32372506584689253, -0.12497675211894681]]	0.7813413938037813	0.33637719873211364	[[0.3408986587713713, 0.4830560138449049, -0.3883574487759406], [0.40447941874882415, 0.30985408044688095, 0.723866343728918], [0.5553174015778937, -0.41316004650436017, -0.05866988776371557]]	[[0.04377564912211766, -0.12384886095603496, 0.003916388933205138], [0.06950714050087316, 0.04970506392321076, 0.06765720353169313], [-0.0849996008619783, 0.004551978479191075, 0.10259131104676791]]	0.4318306059345574	[[0.3844285419387005, 0.38442854193870063, -0.5436640577730246], [0.5, 0.5000000000000001, 0.7071067811865475], [0.5436640577730246, -0.5436640577730245, 0.0]]
4	[[0.8489524140446696, -0.5135124485683378, 0.12483895166604869], [0.522794976890395, 0.7815435453534784, -0.34040431673891397], [0.0772347773085365, 0.35425224329800037, 0.9319550081910795]]	0.7101797902301363	0.2898202097698637	[[0.6029088473216113, -0.3646861630048258, 0.0886581005067446], [0.37127842702138963, 0.5550364310948501, -0.24174826625507484], [0.054850577947447736, 0.2515827838339292, 0.6618556122210658]]	0.8614079227226228	0.23318103756195185	[[0.68366624290451, -0.4284712765939823, 0.05413437983557497], [0.49467843584698856, 0.6659756727281726, -0.3117276252152066], [0.02221257492074138, 0.2633646475192031, 0.7575325637575168]]	[[-0.04762809256806491, 0.013872415019477198, -0.053402882193945955], [0.04433870079401183, -0.007252129192041094, -0.018500649847324874], [-0.04431807416254942, -0.041791041499956605, -0.045260863919305935]]	0.4483963598088739	[[0.662134789903083, -0.6621347899030829, 0.0], [0.7071067811865475, 0.7071067811865476, 0.0], [0.0, 0.0, 0.9363999999999999]]
4	[[-0.5446221603179724, 0.8109226453022452, -0.2139887049042392], [-0.8354447797583356, -0.5021691245819775, 0.22328947644507607], [0.07361197229480154, 0.30038414347728, 0.9509735242804028]]	0.6379498846516481	0.3620501153483518	[[-0.3474416443535819, 0.5173280080319768, -0.13651406961041496], [-0.5329719008796518, -0.32035873510269164, 0.14244749574206317], [0.04696074923444895, 0.1916300296825149, 0.6066734501214543]]	0.7881501232033035	0.3098640028918989	[[-0.4639509531371288, 0.6044651578457866, -0.10063414733246503], [-0.7340002956843706, -0.40258427535733565, 0.0992438374644763], [0.07264088966689727, 0.1042975851313078, 0.7255164908654034]]	[[-0.034706930383269656, -0.034663624957526604, 0.06802107680192644], [-0.07554438958828173, -0.0067996179491551624, -0.07674179090571151], [0.014623604633511297, -0.13245021455862915, -0.023993409459275798]]	0.42230542913739794	[[-0.6200230172652469, 0.6200230172652468, 0.0], [-0.7071067811865475, -0.7071067811865476, 0.0], [0.0, 0.0, 0.8768449599999998]]
4	[[0.8787972042104137, -0.3840163418041313, 0.28327887866788265], [-0.395223040501579, -0.9183905790867732, -0.018907472103605397], [0.2674214316928388, -0.09534250611366366, -0.9588511794847616]]	0.6207677130033199	0.3792322869966803	[[0.5455289306514102, -0.23838494625765183, 0.17585038165280648], [-0.24534170297838373, -0.5701072194234907, -0.01173714821642919], [0.1660065905600371, -0.05918554947218403, -0.5952238537992913]]	0.8099227696968138	0.3012326514472953	[[0.6378168251059193, -0.2630687914833636, 0.1598220170972706], [-0.3216628697859644, -0.8534698995952749, -0.03209208590701419], [0.15196037842395493, -0.047119458491047914, -0.7351276062900758]]	[[-0.07394104052999556, 0.04795478767947674, -0.06961199691002859], [-0.0015627301749295748, -0.10964445811785475, -0.01677849373289686], [-0.06463032820899633, 0.03010060813036597, 0.04146779672527895]]	0.4991919327757348	[[0.6200230172652469, -0.6200230172652468, 0.0], [-0.7071067811865475, -0.7071067811865476, 0.0], [0.0, 0.0, -0.8768449599999998]]
4	[[-0.3195682178843842, -0.5708200961323295, -0.7563336379995778], [0.910087742671785, 0.03735879733279218, -0.41272826520656647], [0.2638493031197415, -0.8202248094963509, 0.507557688474819]]	0.550500472726439	0.44949952727356096	[[-0.17592245501369913, -0.3142367327625987, -0.41636202525767496], [0.5010037325633554, 0.020566035592193332, -0.2272071051037779], [0.1452491660959592, -0.45153414536969455, 0.27941074744132643]]	0.7109013380557474	0.4637984586681752	[[-0.240860870224599, -0.39214666831709777, -0.4153816445169556], [0.7876583096315275, 0.015800244380192507, -0.21888636587955743], [0.1682923329706785, -0.4153816445169556, 0.3236221744384343]]	[[-0.01367939653049973, 0.013650101812485651, 0.12229695075351557], [0.14067571561802075, -0.010758174631843045, 0.07452271010921803], [-0.01927848966222221, 0.16771727006052078, -0.0372012654387967]]	0.7210337465195896	[[0.0, 0.0, -0.7688570838774013], [1.0, 1.7938038903913487e-16, 0.0], [1.5352035553209685e-16, -0.7688570838774013, 0.0]]
4	[[0.08740825448676931, -0.06334395238859675, -0.994156597696443], [0.7119981850616444, -0.6940087028176986, 0.10681996481098455], [-0.6967197295301035, -0.717174639895393, -0.015561310176609944]]	0.6890790142120113	0.3109209857879889	[[0.060231193835735615, -0.04364898826822683, -0.6850524483130321], [0.4906230074830191, -0.47822683279217626, 0.07360739605011499], [-0.4800949444066628, -0.49418999387697155, -0.010722972276345718]]	0.87198126771348	0.21298591477650733	[[0.05017526840697344, -0.05017526840697346, -0.7849889969528354], [0.6785646712127137, -0.6653214301458378, 0.09229094270550663], [-0.5637750703751371, -0.5745296534961828, 0.0]]	[[-0.02604309214902214, 0.005059471498817445, 0.081896933412229], [0.057715591192964294, -0.060158841658673495, -0.0008540656274850112], [0.0437514826215155, 0.050833198171760616, 0.013569170975083015]]	0.22618354793108825	[[0.0, 0.0, -0.8210776205439997], [0.7071067811865475, -0.7071067811865476, 0.0], [-0.5805895533671771, -0.580589553367177, 0.0]]
4	[[0.04673222253661188, -0.9725397674033924, -0.22799671093185395], [-0.8377629715199755, -0.16246744520517667, 0.5213036857710898], [-0.5440306084466285, 0.16664552219444034, -0.8223502702654952]]	0.5600900591519187	0.43990994084808144	[[0.026174253284831542, -0.544709855852559, -0.12769869131226494], [-0.46922271227391016, -0.09099640099522843, 0.2919770121996429], [-0.30470613566532645, 0.09333650038328646, -0.4605902115165975]]	0.7315186945584299	0.4322494272648827	[[-0.010902592566051745, -0.7548311645577817, -0.12159742700015175], [-0.6797762007838523, -0.14622504769827493, 0.2754930869462716], [-0.25998325867978167, 0.020787297244403723, -0.5442657439422265]]	[[-0.045088086989847995, -0.04340014350069284, 0.04518642934433374], [-0.0669369255081687, -0.027377074273541024, -0.1058503047374939], [0.1379853018109244, -0.10111701760528116, 0.057298852232160725]]	0.6649503874163938	[[-1.6394741086298255e-16, -0.8210776205439997, 0.0], [-1.0, 1.7938038903913487e-16, 0.0], [0.0, 0.0, -0.8210776205439997]]
4	[[0.5319609947059123, -0.8460851799387872, 0.03402011756955908], [-0.703274286200726, -0.4190807785627857, 0.5742617690636116], [-0.47161719485230363, -0.3294103357928521, -0.8179645788128509]]	0.5822340047910048	0.4177659952089952	[[0.30972578034022985, -0.492619562710078, 0.01980766929598518], [-0.40947020412118396, -0.2440030800335431, 0.3343547296002737], [-0.2745915680871564, -0.19179389902822194, -0.47624679249939367]]	0.7350660039638045	0.4494570897943384	[[0.455672994962239, -0.5961750500750902, 0.09312487336022246], [-0.5103262495071577, -0.3550786638981091, 0.3425953521969276], [-0.2510716104901578, -0.10546012631014569, -0.5389588031726198]]	[[0.06464655231915357, 0.025753402155510568, 0.06811784148398789], [0.006626769740906979, -0.04702663066192218, -0.07952495161784653], [0.09559815633054403, 0.13667821288548115, 0.06229915115927885]]	0.6877116607214392	[[0.6200230172652469, -0.6200230172652468, 0.0], [-0.7071067811865475, -0.7071067811865476, 0.0], [0.0, 0.0, -0.8768449599999998]]
