4	[[0.8489524140446696, -0.5135124485683378, 0.12483895166604869], [0.522794976890395, 0.7815435453534784, -0.34040431673891397], [0.0772347773085365, 0.35425224329800037, 0.9319550081910795]]	0.7843429813411746	0.2156570186588254	[[0.6658698674485836, -0.4027698848658967, 0.09791655553725545], [0.410050570804403, 0.6129981944104986, -0.26699373665240533], [0.060578555497399225, 0.27785526065515276, 0.7309723696004301]]	0.8924223805771492	0.18128219385200747	[[0.7280353659260251, -0.4621281995945472, 0.06246903877998675], [0.508007127563822, 0.6665795664944391, -0.2969410049776197], [0.02272926492666499, 0.2808018294323676, 0.8099614749250346]]	[[-0.02958876841243646, -0.003858197787190347, -0.048940035654584095], [0.041453189733520156, -0.03088738477461724, 0.006843425725259811], [-0.046196778902365135, -0.03534080085642939, -0.021736032075644916]]	0.4379352327412604	[[0.683065150626205, -0.6830651506262049, 0.0], [0.7071067811865475, 0.7071067811865476, 0.0], [0.0, 0.0, 0.966]]
4	[[0.5319609947059123, -0.8460851799387872, 0.03402011756955908], [-0.703274286200726, -0.4190807785627857, 0.5742617690636116], [-0.47161719485230363, -0.3294103357928521, -0.8179645788128509]]	0.6331343948555928	0.3668656051444073	[[0.33680280246990707, -0.5356856283968294, 0.021539306550318913], [-0.4452671396111955, -0.2653344551309601, 0.36358487764479186], [-0.29859706726630547, -0.20856101361138507, -0.5178815086199842]]	0.7694035932102554	0.40256699176941824	[[0.493013028390917, -0.6513888726113242, 0.0965083461641573], [-0.5093755142844524, -0.37096994230741304, 0.33696370437905254], [-0.2774587036418462, -0.11247093757036682, -0.5847547736066997]]	[[0.08372032761648644, -0.00040789500447564395, 0.07033314546470323], [0.03172624853076379, -0.048527685435854256, -0.10487536418176813], [0.0854052606972574, 0.14097855842925044, 0.0445901124506209]]	0.6667618423613166	[[0.659840935504914, -0.6598409355049139, 0.0], [-0.7071067811865475, -0.7071067811865476, 0.0], [0.0, 0.0, -0.933156]]
4	[[0.04673222253661188, -0.9725397674033924, -0.22799671093185395], [-0.8377629715199755, -0.16246744520517667, 0.5213036857710898], [-0.5440306084466285, 0.16664552219444034, -0.8223502702654952]]	0.6005404002092342	0.39945959979076573	[[0.028064587624803877, -0.584049421135829, -0.1369212360294047], [-0.5031105101970833, -0.09756826456448872, 0.31306392408351913], [-0.3267123593226115, 0.10007736859172603, -0.49385456041741244]]	0.7735792880110696	0.3735553073840576	[[-0.013778158222359452, -0.8171848806886666, -0.13621251501898404], [-0.6867141374103437, -0.1585193336546443, 0.2800258287465843], [-0.2833053291572777, 0.04816429957634523, -0.5928572099798768]]	[[-0.04992923765940663, -0.06484825985829926, 0.0401610182925452], [-0.0386380543798832, -0.03283788306784618, -0.12324390532976164], [0.1375454815810942, -0.08074922483306281, 0.043295926587815524]]	0.6361186468994516	[[1.79991388254961e-16, -0.9014286959999999, 0.0], [-1.0, -1.7938038903913487e-16, 0.0], [0.0, 0.0, -0.9014286959999999]]
4	[[0.08740825448676931, -0.06334395238859675, -0.994156597696443], [0.7119981850616444, -0.6940087028176986, 0.10681996481098455], [-0.6967197295301035, -0.717174639895393, -0.015561310176609944]]	0.8066948966415902	0.1933051033584098	[[0.07051179281882619, -0.051099243124988876, -0.8019810538242872], [0.5743653023073032, -0.5598532787878876, 0.08617112047245547], [-0.5620402502014434, -0.5785411220043836, -0.012553229504528082]]	0.9209702526613667	0.13402816428475897	[[0.05554352093576514, -0.05554352093576515, -0.8646011045603753], [0.684327330021721, -0.6718943119947941, 0.090206929137293], [-0.6267167452429937, -0.6375431701766207, 0.0]]	[[-0.02495688128360383, 0.002794374900130368, 0.050987548405082364], [0.02859818163106403, -0.03273294161159111, -0.008171080843957719], [0.014941400096504846, 0.022953339130164153, 0.014331503765094357]]	0.1659627802637844	[[0.0, 0.0, -0.9014286959999999], [0.7071067811865475, -0.7071067811865476, 0.0], [-0.6374063436977468, -0.6374063436977467, 0.0]]
4	[[-0.5446221603179724, 0.8109226453022452, -0.2139887049042392], [-0.8354447797583356, -0.5021691245819775, 0.22328947644507607], [0.07361197229480154, 0.30038414347728, 0.9509735242804028]]	0.6976749980512897	0.3023250019487104	[[-0.3799692646385306, 0.5657604549809906, -0.14929456927706308], [-0.582868935089857, -0.3503508430141488, 0.15578348504369197], [0.05135723262732726, 0.20957050671514965, 0.6634704516991582]]	0.8226214168486252	0.26682024730966997	[[-0.49488887128298786, 0.6329015083963349, -0.1233273374948817], [-0.7359002241895592, -0.4075847074605184, 0.09527266216442346], [0.07674322512475566, 0.12954565259439377, 0.7637236760738331]]	[[-0.04687101811505837, -0.03418082703683312, 0.05270435412304593], [-0.04864545576596953, 0.00551036930074154, -0.08841004331621274], [0.016188440178584285, -0.11755677711174702, -0.01856751185524243]]	0.4007003623176612	[[-0.659840935504914, 0.6598409355049139, 0.0], [-0.7071067811865475, -0.7071067811865476, 0.0], [0.0, 0.0, 0.933156]]
4	[[0.8787972042104137, -0.3840163418041313, 0.28327887866788265], [-0.395223040501579, -0.9183905790867732, -0.018907472103605397], [0.2674214316928388, -0.09534250611366366, -0.9588511794847616]]	0.6743604441720247	0.3256395558279754	[[0.592626072968468, -0.25896543082835, 0.19103207044302645], [-0.26652278513966293, -0.6193262788363595, -0.012750451285957498], [0.1803384354575015, -0.06429521477128422, -0.6466113072922136]]	0.8358495287037729	0.26102275561092975	[[0.6845438944049347, -0.30737336084676403, 0.13624999585056993], [-0.35818906540113893, -0.8404809665255968, -0.026923948669413226], [0.12511887013512746, -0.05199715891125612, -0.8014553064693948]]	[[-0.04999833456053301, 0.013606517464766061, -0.10052852137571305], [-0.027842073265021906, -0.07284463382993225, -0.01112014702263492], [-0.09840520751062001, 0.02769482988928623, 0.0]]	0.4826451662626196	[[0.659840935504914, -0.6598409355049139, 0.0], [-0.7071067811865475, -0.7071067811865476, 0.0], [0.0, 0.0, -0.933156]]
4	[[0.22433838825039393, -0.7661379269479729, -0.6022499185961573], [-0.9416906372873723, -0.011392912655017143, -0.3362869982418849], [0.2507808429735371, 0.642575192824231, -0.724020780340167]]	0.5675839201595679	0.4324160798404322	[[0.12733086184543776, -0.4348475679600551, -0.34182736971258765], [-0.5344884634891286, -0.006466434026770253, -0.19087109276082276], [0.1423391739558412, 0.3647153469404673, -0.4109425527824615]]	0.7537964972339072	0.4038583029929007	[[0.18731795772230195, -0.512454067491934, -0.3867181665130388], [-0.8427246071790832, 0.03285283439909295, -0.17088348239141843], [0.14880193936023403, 0.38671816651303875, -0.44124176669630744]]	[[0.018212466464054614, 0.06505801823949493, 0.0672557125841503], [-0.13288150331389617, 0.041440772051736845, 0.08260847894861954], [-0.04023578164658466, -0.0976527630472691, 0.10452256144867052]]	0.7336083226736441	[[1.7387168105429233e-16, -0.8707801203359999, 0.0], [-1.0, -1.7938038903913487e-16, 0.0], [0.0, 0.0, -0.8707801203359999]]
4	[[-0.30792515101507295, 0.09349718223056193, 0.9468053539599837], [0.3027085282091916, -0.9338174967034747, 0.1906631317268273], [0.9019698710720718, 0.34531602882779927, 0.2592434992682147]]	0.700118746785167	0.29988125321483333	[[-0.21558417083230616, 0.06545913005120539, 0.6628761778639501], [0.21193191541100156, -0.6537831355180983, 0.13348683284272156], [0.6314860157729573, 0.24176222534774944, 0.18150123381986383]]	0.8387201668831116	0.27299790569649673	[[-0.2451853110650944, 0.0754013425290578, 0.7337377394953015], [0.24526406424429886, -0.8494093213493616, 0.11829399452104061], [0.6712683641777633, 0.25744801435030906, 0.1697839685360366]]	[[0.013077722981774946, -0.0030166297544598143, -0.060367004983839435], [-0.00862368305225542, -0.06619775467585384, -0.04161901913934067], [-0.08523195661134345, -0.032175502975556075, -0.04764878243356224]]	0.47201069886909464	[[0.0, 0.0, 0.966], [0.0, -1.0, 0.0], [0.966, 0.0, 0.0]]
4	[[-0.8305561570912853, 0.32773595720904825, 0.4502950280316503], [-0.5100865793185324, -0.772219296347621, -0.37879947194723407], [0.22358030216652452, -0.5443036842615101, 0.808545204538665]]	0.6250015280060788	0.3749984719939214	[[-0.51909886727691, 0.20483547403818997, 0.2814350805733215], [-0.31880489148947655, -0.4826382401730419, -0.236750248774917], [0.13973803048613867, -0.3401906343627821, 0.5053419882986531]]	0.7828232409415405	0.3693023846819654	[[-0.6245339103832073, 0.2482243537062924, 0.19844968949135938], [-0.5647347675669697, -0.6273253227729738, -0.3048045549735798], [0.1798687070774132, -0.27922977801755927, 0.6039945482082757]]	[[0.02564475229494392, -0.008334970489172762, -0.1540517237322389], [-0.1654271383840519, -0.022814110488533178, -0.008271524676901797], [0.004844850324725503, 0.1468637961524571, -0.02895342925642294]]	0.6744226707909328	[[-0.8707801203359999, 0.0, 0.0], [0.0, -0.7071067811865476, -0.7071067811865475], [0.0, -0.6157345280120233, 0.6157345280120234]]
4	[[0.034229894132735264, 0.2773841392786001, 0.9601491309293217], [-0.1827544195208179, -0.9427759796974285, 0.2788803941677556], [0.9825625356654255, -0.18501754344446375, 0.018422055382213542]]	0.853271257441418	0.14672874255858218	[[0.029207384808725628, 0.23668391331655653, 0.8192676562793471], [-0.15593909334750472, -0.8044436456819894, 0.23796062460727907], [0.8383923703220657, -0.15787015194357976, 0.01571901036063679]]	0.911717353955862	0.13430020204090407	[[0.009067269098986409, 0.23275125818468365, 0.8483881600576658], [-0.16537911868373667, -0.826315557375707, 0.2539322182730431], [0.8810057711809419, -0.15776116487314545, 0.0]]	[[-0.022140719405900275, -0.020144675307725915, -0.026996464996235762], [0.0012412571055229853, 0.03322966420717788, -0.00032787676775087584], [-0.014813543932102172, 0.010922540271454744, -0.01679570758750008]]	0.3529286996192824	[[0.0, 0.0, 0.966], [0.0, -1.0, 0.0], [0.966, 0.0, 0.0]]
4	[[0.3802729664721569, 0.7767473726770865, -0.5020517802076895], [0.4287143634067757, 0.332951791095048, 0.839849450446521], [0.8195098935212374, -0.5346088512602871, -0.20639019011321075]]	0.6924635319260505	0.30753646807394974	[[0.26332516145930634, 0.5378692290982556, -0.3476525489323778], [0.2968690622720842, 0.23055697322278143, 0.5815651167423505], [0.5674807153160576, -0.370197133342627, -0.14291768000068295]]	0.8316657537405692	0.2686014128909686	[[0.3468839176105121, 0.5632948129826666, -0.4239633547905031], [0.4059237665680622, 0.29380428514061274, 0.7157739530205116], [0.6302970754468927, -0.4239633547905031, -0.07668176077915934]]	[[0.0306239143222835, -0.08269937618082941, -0.006424082587280517], [0.04937671238595775, 0.016899682840277052, 0.017299926786302783], [-0.05126123784630084, 0.02065251844926343, 0.09496589224600346]]	0.39058822211207744	[[0.43539006016799986, 0.43539006016799997, -0.6157345280120234], [0.5, 0.5000000000000001, 0.7071067811865475], [0.6157345280120234, -0.6157345280120233, 0.0]]
4	[[0.8592155572171323, 0.2624339665249735, -0.4391776855101157], [-0.4266000482917053, 0.8413623931712975, -0.33184593135155627], [0.2824199444684594, 0.4724804086637203, 0.8348660002631537]]	0.6851885736299119	0.314811426370088	[[0.5887246820902371, 0.1798167551952867, -0.30091953190476217], [-0.2923014785994451, 0.5764918980828905, -0.2273770403676626], [0.19351091891498265, 0.3237381772803726, 0.57204064389242]]	0.7891409481105081	0.375205336400186	[[0.5545113467510682, 0.2076159383848536, -0.2855083563392318], [-0.32440251558658617, 0.7529144348024549, -0.2721148069799488], [0.24463058167050167, 0.3439797736231065, 0.5389053714469036]]	[[-0.12353083270255807, 0.0005185492249346405, 0.06106473879319947], [0.012245050986318652, 0.08896091815073116, -0.010241594086567028], [0.02176143892734457, -0.028873864033422077, -0.11992157554598917]]	0.5304916912386527	[[0.6157345280120234, 0.43539006016799997, -0.43539006016799986], [-0.7071067811865475, 0.5000000000000001, -0.5], [0.0, 0.6157345280120233, 0.6157345280120234]]
4	[[-0.42203838922340475, -0.825029846081567, 0.3757783270710803], [0.2588054115689476, 0.28760896992378115, 0.9221175843470338], [-0.8688517462515349, 0.4864224845687207, 0.09214016247897017]]	0.7002830609126949	0.29971693908730523	[[-0.2955463350280292, -0.5777544259583292, 0.2631511971059879], [0.18123704579427236, 0.20140768980417273, 0.6457433244879611], [-0.6084421603443649, 0.34063342639054184, 0.06452419501376627]]	0.8318574102595421	0.2773727280888999	[[-0.2696472728018425, -0.6011328475341574, 0.32180452968273066], [0.26131759308814234, 0.2343457984682572, 0.8297764452888939], [-0.6990663303158599, 0.3578523276885019, 0.02348650256478154]]	[[0.08142848868764761, 0.08517434361408366, 0.009210543693718626], [0.04602839365924262, -0.004903854419953965, 0.06270609961918558], [0.023694433220422802, -0.0467818206168463, -0.05316097437586801]]	0.5095597245391683	[[-0.43539006016799986, -0.43539006016799997, 0.6157345280120234], [0.5, 0.5000000000000001, 0.7071067811865475], [-0.6157345280120234, 0.6157345280120233, 0.0]]
4	[[-0.3195682178843842, -0.5708200961323295, -0.7563336379995778], [0.910087742671785, 0.03735879733279218, -0.41272826520656647], [0.2638493031197415, -0.8202248094963509, 0.507557688474819]]	0.6216156292983567	0.3783843707016432	[[-0.19864859886395586, -0.3548306932734465, -0.470148810344623], [0.5657247648776426, 0.02322281231385342, -0.2565583403055988], [0.16401285059871099, -0.5098645611211989, 0.31550579192649386]]	0.7517990578376513	0.3958326308134463	[[-0.2723453606590177, -0.3925438799655979, -0.5050641157165433], [0.7774913159776984, 0.028363115566133024, -0.23425707116094932], [0.2039864006150904, -0.5050641157165432, 0.30136662138486475]]	[[-0.03209427553868048, 0.0365981305014849, 0.06354680074246263], [0.09328820848745562, 0.00027680692939200703, 0.07603164976431556], [0.0056247431185478865, 0.11158012327788051, -0.08021477060876032]]	0.7112620308886095	[[0.0, 0.0, -0.8707801203359999], [1.0, 1.7938038903913487e-16, 0.0], [1.7387168105429233e-16, -0.8707801203359999, 0.0]]
