4	[[-0.5446221603179724, 0.8109226453022452, -0.2139887049042392], [-0.8354447797583356, -0.5021691245819775, 0.22328947644507607], [0.07361197229480154, 0.30038414347728, 0.9509735242804028]]	0.6988742355837196	0.3011257644162805	[[-0.38062239597417685, 0.5667329438531344, -0.14955119256350033], [-0.5838708318260158, -0.3509530630759752, 0.1560512621644415], [0.05144551086733938, 0.20993073865415443, 0.6646108948418223]]	0.8233032425579416	0.2659251682237289	[[-0.49547163076495493, 0.6334747984625141, -0.12380379597574469], [-0.7359293418644985, -0.40762984529957536, 0.09522484778437071], [0.07681043206981383, 0.13011947251976608, 0.7645114745067545]]	[[-0.047082440206257195, -0.03416044487848789, 0.052373798642689956], [-0.04810494571135541, 0.005807623281249629, -0.08861010220192553], [0.01620545658841837, -0.1171877668180685, -0.0184281116200546]]	0.40029577396686417	[[-0.6606608682441065, 0.6606608682441064, 0.0], [-0.7071067811865475, -0.7071067811865476, 0.0], [0.0, 0.0, 0.9343155599999998]]
4	[[0.8489524140446696, -0.5135124485683378, 0.12483895166604869], [0.522794976890395, 0.7815435453534784, -0.34040431673891397], [0.0772347773085365, 0.35425224329800037, 0.9319550081910795]]	0.7860327226567022	0.21396727734329782	[[0.6673043774175116, -0.4036375880662803, 0.09812750107167272], [0.41093395907640495, 0.6143188008289664, -0.267568931890383], [0.06070906229161303, 0.27845385530677175, 0.7325471324819834]]	0.8930523097408213	0.18023618781502906	[[0.729000805606437, -0.46266457715387066, 0.06259399773901815], [0.5080698423276604, 0.666601705273357, -0.2968248424734633], [0.022769519096329204, 0.28128559536027564, 0.8109632401009768]]	[[-0.02915810861620125, -0.004071098879251855, -0.0488937163919694], [0.04118658069479386, -0.0313575630675971, 0.007174018835969878], [-0.0462051771713773, -0.03508018874787093, -0.02132133253859282]]	0.4377320011012137	[[0.6834894146949169, -0.6834894146949168, 0.0], [0.7071067811865475, 0.7071067811865476, 0.0], [0.0, 0.0, 0.9665999999999999]]
4	[[-0.30792515101507295, 0.09349718223056193, 0.9468053539599837], [0.3027085282091916, -0.9338174967034747, 0.1906631317268273], [0.9019698710720718, 0.34531602882779927, 0.2592434992682147]]	0.7012827752230198	0.2987172247769802	[[-0.21594260446481797, 0.06556796343018087, 0.6639782862210709], [0.21228427674621764, -0.654870125640026, 0.13370877015010163], [0.632535934352972, 0.24216418302535142, 0.18180300062534052]]	0.8392268453310445	0.2725498365168305	[[-0.24580551545984988, 0.0755259274340168, 0.734084310244713], [0.24515372344877984, -0.8494654052808195, 0.11826893672860282], [0.671573154505715, 0.2577250708726985, 0.1702795880258331]]	[[0.012613537624615265, -0.002939417856679459, -0.060500160101667026], [-0.008887399735023489, -0.06578069340742941, -0.04174068183143984], [-0.08538417497774892, -0.03207341064269946, -0.047284516037611704]]	0.47189414381094985	[[0.0, 0.0, 0.9665999999999999], [0.0, -1.0, 0.0], [0.9665999999999999, 0.0, 0.0]]
4	[[0.3802729664721569, 0.7767473726770865, -0.5020517802076895], [0.4287143634067757, 0.332951791095048, 0.839849450446521], [0.8195098935212374, -0.5346088512602871, -0.20639019011321075]]	0.6943552915737513	0.3056447084262489	[[0.26404454651238984, 0.5393386484343436, -0.348602310231231], [0.29768008680516683, 0.2311868379858047, 0.5831539100428488], [0.5690310310635127, -0.3712084847947449, -0.14330812063402038]]	0.8326871646073929	0.2670538931214267	[[0.34684645795196073, 0.5651219603989736, -0.424391641285936], [0.40576929151503366, 0.29372405924414724, 0.7158951974191705], [0.6318672224747096, -0.424391641285936, -0.07692324486903566]]	[[0.030198039723418245, -0.0816656069717515, -0.006339567938701029], [0.04878434382338212, 0.01647937636625879, 0.01656333982977984], [-0.050528147129195976, 0.020770287244007944, 0.09493521733911459]]	0.38990095462811253	[[0.4364727828290565, 0.4364727828290566, -0.6172657290835785], [0.5, 0.5000000000000001, 0.7071067811865475], [0.6172657290835785, -0.6172657290835784, 0.0]]
4	[[0.8787972042104137, -0.3840163418041313, 0.28327887866788265], [-0.395223040501579, -0.9183905790867732, -0.018907472103605397], [0.2674214316928388, -0.09534250611366366, -0.9588511794847616]]	0.6754402956105876	0.3245597043894124	[[0.5935750433936398, -0.25938011142747885, 0.19133796954767043], [-0.2669495673085017, -0.620318004224349, -0.012770868546908183], [0.18062721087521758, -0.06439817051366721, -0.6476467241177479]]	0.8363818121996066	0.26043242732832933	[[0.6849227051997016, -0.30766556004659223, 0.13665500804952022], [-0.35824748276377905, -0.8404818878753814, -0.0268633069716274], [0.1254502671549954, -0.0521494431270862, -0.8019656871271952]]	[[-0.050087293013752046, 0.013518723825810708, -0.10027429384859593], [-0.027690119926029846, -0.07235671103174003, -0.011049441189500422], [-0.09821615450527436, 0.027593294915911882, 0.0]]	0.4823453320365156	[[0.6606608682441065, -0.6606608682441064, 0.0], [-0.7071067811865475, -0.7071067811865476, 0.0], [0.0, 0.0, -0.9343155599999998]]
4	[[0.5319609947059123, -0.8460851799387872, 0.03402011756955908], [-0.703274286200726, -0.4190807785627857, 0.5742617690636116], [-0.47161719485230363, -0.3294103357928521, -0.8179645788128509]]	0.6342358242395104	0.3657641757604896	[[0.3373887199405741, -0.5366175314753112, 0.021576777307454338], [-0.44604174657497075, -0.26579604301470416, 0.36421738643129914], [-0.29911652030267666, -0.20892383583459348, -0.5187824388420925]]	0.7700617122852049	0.4016191751968076	[[0.49384281703989086, -0.6525856861566698, 0.09658587968187769], [-0.5095301749371466, -0.37134858747237726, 0.33665220376370314], [-0.27791099149767795, -0.11255393662875599, -0.5858452729095928]]	[[0.08420002258771521, -0.001047883753871763, 0.07038828969411909], [0.032034426100739845, -0.048630525546501664, -0.10556479742135254], [0.08526335311343211, 0.141112350596332, 0.04403793123967761]]	0.6663429248736504	[[0.6606608682441065, -0.6606608682441064, 0.0], [-0.7071067811865475, -0.7071067811865476, 0.0], [0.0, 0.0, -0.9343155599999998]]
4	[[0.034229894132735264, 0.2773841392786001, 0.9601491309293217], [-0.1827544195208179, -0.9427759796974285, 0.2788803941677556], [0.9825625356654255, -0.18501754344446375, 0.018422055382213542]]	0.8540205487026843	0.14597945129731585	[[0.029233032969273362, 0.23689175482813185, 0.8199870876326648], [-0.15607602963700942, -0.8051500594849088, 0.23816958724956758], [0.8391285958436874, -0.15800878397206367, 0.015732813845749247]]	0.9122014063778731	0.13366077084431185	[[0.009065026842021512, 0.23301988123632955, 0.8492152422495766], [-0.16534511094683624, -0.8263452069721532, 0.25389464555208424], [0.8818754039050166, -0.15792613307970982, 0.0]]	[[-0.022159530726025306, -0.020010320720525228, -0.026634145316643407], [0.0013637275618256922, 0.033656367607118175, -0.0005004422189580308], [-0.014419522983193534, 0.010847130254909267, -0.016804624828026263]]	0.35266493154619744	[[0.0, 0.0, 0.9665999999999999], [0.0, -1.0, 0.0], [0.9665999999999999, 0.0, 0.0]]
4	[[0.22433838825039393, -0.7661379269479729, -0.6022499185961573], [-0.9416906372873723, -0.011392912655017143, -0.3362869982418849], [0.2507808429735371, 0.642575192824231, -0.724020780340167]]	0.5689512342633062	0.4310487657366938	[[0.12763760288770248, -0.43589511915297996, -0.34265083452025935], [-0.53577605037885, -0.00648201171692607, -0.19133090271642267], [0.14268207013938633, 0.3655939490643283, -0.4119325166068202]]	0.7546608010348456	0.40266073749478304	[[0.18781370862863667, -0.5134058916039531, -0.3876759155738947], [-0.8426417605512877, 0.03278813038919204, -0.17093952774077312], [0.149220902737, 0.3876759155738947, -0.44197997418052326]]	[[0.01851432084872815, 0.06476837004978014, 0.06681849041705187], [-0.131984749888985, 0.0413859149795473, 0.0828430877300515], [-0.04003356910560339, -0.09725039416795986, 0.10441012787686134]]	0.7337750578665775	[[1.743040630179983e-16, -0.8729455656581132, 0.0], [-1.0, -1.7938038903913487e-16, 0.0], [0.0, 0.0, -0.8729455656581132]]
4	[[-0.3195682178843842, -0.5708200961323295, -0.7563336379995778], [0.910087742671785, 0.03735879733279218, -0.41272826520656647], [0.2638493031197415, -0.8202248094963509, 0.507557688474819]]	0.6229141355653985	0.37708586443460146	[[-0.19906356019762614, -0.3555719067456277, -0.47113091431354015], [0.5669065195150599, 0.023271322946319114, -0.25709427054455497], [0.1643554605723666, -0.5109296281767131, 0.3161648587658637]]	0.7526602515897179	0.39468180268497854	[[-0.27295255145959507, -0.39342367463400935, -0.5061606837208676], [0.7773813271745901, 0.02848965927668401, -0.23441947608520086], [0.20463544215247417, -0.5061606837208676, 0.3018488811804395]]	[[-0.03242625618665672, 0.03620992253341679, 0.06310158254166123], [0.09239445780652603, 0.0003711774770953956, 0.0762246838433613], [0.006046559284597887, 0.11118992775478427, -0.0801696163233135]]	0.7111832908179703	[[0.0, 0.0, -0.8729455656581132], [1.0, -1.7938038903913487e-16, 0.0], [-1.743040630179983e-16, -0.8729455656581132, 0.0]]
4	[[-0.8305561570912853, 0.32773595720904825, 0.4502950280316503], [-0.5100865793185324, -0.772219296347621, -0.37879947194723407], [0.22358030216652452, -0.5443036842615101, 0.808545204538665]]	0.6263105631993441	0.37368943680065586	[[-0.5201860945165256, 0.2052644919402751, 0.28202453261236726], [-0.319472612773417, -0.4836491024088797, -0.23724611061488635], [0.14003070497019554, -0.34090314704130437, 0.5064004024267401]]	0.7836078971928339	0.3683035611014999	[[-0.6257187997562403, 0.24869823684516001, 0.19850547630199084], [-0.5645218601062594, -0.6274872546746844, -0.30473753578922164], [0.17994681055314501, -0.27971675508197763, 0.6051832577651124]]	[[0.0251115640026226, -0.008118247417902872, -0.15434926373027877], [-0.1648139883001784, -0.022370115691995242, -0.007907278118893654], [0.004747520118696339, 0.14680391037649643, -0.028399149748780616]]	0.6736367807548057	[[-0.8729455656581132, 0.0, 0.0], [0.0, -0.7071067811865476, -0.7071067811865475], [0.0, -0.6172657290835784, 0.6172657290835785]]
4	[[-0.42203838922340475, -0.825029846081567, 0.3757783270710803], [0.2588054115689476, 0.28760896992378115, 0.9221175843470338], [-0.8688517462515349, 0.4864224845687207, 0.09214016247897017]]	0.7019621307856284	0.2980378692143717	[[-0.2962549669725956, -0.5791397087171559, 0.2637821551738744], [0.18167159816378992, 0.20189060536075715, 0.6472916243431404], [-0.6099010231355415, 0.3414501637298986, 0.06467890478467189]]	0.8328558675684788	0.2756558618404347	[[-0.2702444175560104, -0.6027011481021027, 0.3225384096010375], [0.2612638239935117, 0.23435696869964984, 0.8297988085309319], [-0.7008809702808816, 0.35869510044874636, 0.02348822001458136]]	[[0.08125273124785165, 0.08442980012604946, 0.009569224994821272], [0.045716218409838645, -0.005179849466697511, 0.06180776781943302], [0.02274730463182842, -0.04642471994155055, -0.05325125494474194]]	0.508843226985527	[[-0.4364727828290565, -0.4364727828290566, 0.6172657290835785], [0.5, 0.5000000000000001, 0.7071067811865475], [-0.6172657290835785, 0.6172657290835784, 0.0]]
4	[[0.8592155572171323, 0.2624339665249735, -0.4391776855101157], [-0.4266000482917053, 0.8413623931712975, -0.33184593135155627], [0.2824199444684594, 0.4724804086637203, 0.8348660002631537]]	0.6867793044047372	0.31322069559526283	[[0.5900914627193107, 0.1802342169821974, -0.3016181453647197], [-0.29298008442480467, 0.5778302791344888, -0.22790491790316394], [0.19396017301207308, 0.32448976640693583, 0.5733686909318939]]	0.7897455971969713	0.37426845816179	[[0.5554617947712698, 0.20786370459079137, -0.2857365447960117], [-0.3243701826228882, 0.7529097010919239, -0.2721585681318111], [0.24484062921910038, 0.3445204407255536, 0.5397526368515211]]	[[-0.12309990858410294, 0.0006076349727562116, 0.06110209872275829], [0.01253532727950141, 0.08844745543778451, -0.010084704899191138], [0.02180072151452147, -0.0286188817784453, -0.11957911110575006]]	0.5295420670209005	[[0.6172657290835785, 0.4364727828290566, -0.4364727828290565], [-0.7071067811865475, 0.5000000000000001, -0.5], [0.0, 0.6172657290835784, 0.6172657290835785]]
4	[[0.08740825448676931, -0.06334395238859675, -0.994156597696443], [0.7119981850616444, -0.6940087028176986, 0.10681996481098455], [-0.6967197295301035, -0.717174639895393, -0.015561310176609944]]	0.8094390720904937	0.19056092790950635	[[0.07075165640482026, -0.05127307004397017, -0.804709193952051], [0.576319150246413, -0.5617577604314853, 0.08646425319734251], [-0.5639521713779867, -0.5805091750437611, -0.01259593246986751]]	0.9219549031008273	0.13237461038382586	[[0.05567830377854718, -0.05567830377854719, -0.8662697750768646], [0.6843405105967968, -0.6718679056396272, 0.09020151476935193], [-0.6279090292563408, -0.6387969344459075, 0.0]]	[[-0.024908165017014677, 0.0027219637079049504, 0.050297774619407584], [0.027910292880323616, -0.032023179282205085, -0.008281675537193113], [0.014435141471020384, 0.022405741185220426, 0.014346826215998339]]	0.1648155285347561	[[0.0, 0.0, -0.9031094202959997], [0.7071067811865475, -0.7071067811865476, 0.0], [-0.6385947952447533, -0.6385947952447532, 0.0]]
4	[[0.04673222253661188, -0.9725397674033924, -0.22799671093185395], [-0.8377629715199755, -0.16246744520517667, 0.5213036857710898], [-0.5440306084466285, 0.16664552219444034, -0.8223502702654952]]	0.6012726070690709	0.39872739293092896	[[0.028098805278720624, -0.5847615214249856, -0.1370881767851691], [-0.5037239259917474, -0.09768722434236797, 0.31344562621829886], [-0.3271107022660773, 0.10019938758623785, -0.49445669092648953]]	0.7744284835611197	0.3723830332524848	[[-0.013690260769754596, -0.8187744415985795, -0.13624598754618436], [-0.6869941581895057, -0.15844442639193398, 0.2798420772198091], [-0.2836163271746166, 0.048381297806852845, -0.5942232769744841]]	[[-0.04988102500222382, -0.06561194432548617, 0.040321159557694226], [-0.03820665057163382, -0.03262500917363965, -0.12387034562671845], [0.13769647193553922, -0.08067374123843853, 0.042628195783300224]]	0.6355558718648986	[[1.803269842933978e-16, -0.9031094202959997, 0.0], [-1.0, -1.7938038903913487e-16, 0.0], [0.0, 0.0, -0.9031094202959997]]
