4	[[0.08740825448676931, -0.06334395238859675, -0.994156597696443], [0.7119981850616444, -0.6940087028176986, 0.10681996481098455], [-0.6967197295301035, -0.717174639895393, -0.015561310176609944]]	0.70544802179457	0.29455197820542994	[[0.061661980216207765, -0.044685865905185, -0.7013258051989759], [0.5022777111730612, -0.4895870665109611, 0.07535593286407463], [-0.49149955494225933, -0.5059294309954381, -0.010977695480621196]]	0.8796383097126318	0.2009790558663091	[[0.05109823700351371, -0.05109823700351372, -0.7969995282619198], [0.6787291799408381, -0.665522777682776, 0.09216423453816668], [-0.572602581711821, -0.5835044485287157, 0.0]]	[[-0.025789412228159603, 0.004621530206108942, 0.07749870092544044], [0.05242829991475156, -0.05504613541035957, -0.001798698751730575], [0.04025878351548151, 0.04734983947763307, 0.013688324580667145]]	0.21648243580706097	[[0.0, 0.0, -0.8332376210000002], [0.7071067811865475, -0.7071067811865476, 0.0], [-0.5891879721488466, -0.5891879721488466, 0.0]]
4	[[-0.30792515101507295, 0.09349718223056193, 0.9468053539599837], [0.3027085282091916, -0.9338174967034747, 0.1906631317268273], [0.9019698710720718, 0.34531602882779927, 0.2592434992682147]]	0.6507925018874694	0.34920749811253077	[[-0.2003953794231762, 0.06084726514325606, 0.6161738251040686], [0.19700044041593337, -0.6077214249859479, 0.12408213651420208], [0.5869952290221118, 0.224729082342689, 0.16871372548682376]]	0.81753788619012	0.29192208529343106	[[-0.21884023439106748, 0.07077533598594907, 0.720182081855823], [0.2503475466331672, -0.8465458577443197, 0.12012352480282656], [0.6595142514203611, 0.24655653906988506, 0.1480648984051184]]	[[0.032900242674568814, -0.005662152739556996, -0.05386716585411041], [0.0028718563493023656, -0.08311467540201165, -0.035750808883512245], [-0.07788029038307562, -0.03575239720556052, -0.0638764839951478]]	0.47733031848944557	[[0.0, 0.0, 0.9410000000000001], [0.0, -1.0, 0.0], [0.9410000000000001, 0.0, 0.0]]
4	[[0.22433838825039393, -0.7661379269479729, -0.6022499185961573], [-0.9416906372873723, -0.011392912655017143, -0.3362869982418849], [0.2507808429735371, 0.642575192824231, -0.724020780340167]]	0.5130232959762149	0.4869767040237851	[[0.11509081935420881, -0.3930466044552336, -0.30896823823960773], [-0.4831092345311101, -0.005844829601046035, -0.1725230642319993], [0.1286564146299776, 0.3296560433352388, -0.3714395270853836]]	0.7300505601974995	0.44904592257232456	[[0.2076895540696339, -0.47281548710863974, -0.3508754235864844], [-0.8103123587381414, 0.04097881219781663, -0.20666162104413416], [0.16203854146003968, 0.3508754235864843, -0.3968047757074627]]	[[0.04391118805362976, 0.08650393564827878, 0.0887974668635387], [-0.12283058145375506, 0.04929621446389308, 0.03884489040948935], [-0.02104415343959221, -0.11823695590386177, 0.13176700057450685]]	0.7316436221465359	[[1.6637544024896575e-16, -0.8332376210000002, 0.0], [-1.0, -1.7938038903913487e-16, 0.0], [0.0, 0.0, -0.8332376210000002]]
4	[[-0.3195682178843842, -0.5708200961323295, -0.7563336379995778], [0.910087742671785, 0.03735879733279218, -0.41272826520656647], [0.2638493031197415, -0.8202248094963509, 0.507557688474819]]	0.562263475118878	0.43773652488112197	[[-0.17968153672522066, -0.3209512909190556, -0.425258779650946], [0.511709096857733, 0.021005487214597617, -0.23206202867482995], [0.14835282607980005, -0.46118245176613787, 0.28538114974515655]]	0.716063379092761	0.44320696483207367	[[-0.23296042597833655, -0.35800730804402425, -0.4638382416993202], [0.791400306483456, 0.03355308393423656, -0.22249783594154743], [0.174455347015226, -0.4638382416993202, 0.2800473289652389]]	[[-0.004129328029392724, 0.050736058846546264, 0.0777445788481784], [0.13971980219499458, 0.006801817277275675, 0.07304176028935974], [-0.01447747654796628, 0.12349470700435292, -0.08339614452855092]]	0.7188390088284877	[[0.0, 0.0, -0.7840766013610002], [1.0, 1.7938038903913487e-16, 0.0], [1.5655928927427676e-16, -0.7840766013610002, 0.0]]
4	[[-0.5446221603179724, 0.8109226453022452, -0.2139887049042392], [-0.8354447797583356, -0.5021691245819775, 0.22328947644507607], [0.07361197229480154, 0.30038414347728, 0.9509735242804028]]	0.6472889593407273	0.35271104065927283	[[-0.352527911386119, 0.5249012751835201, -0.13851252610813497], [-0.540774182076416, -0.3250485300637123, 0.1445328128398691], [0.04764821694172054, 0.19443533963386425, 0.6155546628920457]]	0.793785556772961	0.3037298933459637	[[-0.4703918011198819, 0.6087458399308927, -0.10453103629257553], [-0.7344984435210942, -0.405077701243619, 0.09771287880888208], [0.0736226187675921, 0.10752279945065099, 0.7312051136917465]]	[[-0.038078596360987454, -0.03495284357015236, 0.06533010697296088], [-0.07133444386755984, -0.006463103093123584, -0.07953108257261558], [0.015190498354407285, -0.13091779512523075, -0.02366393475551821]]	0.4187527885476103	[[-0.6261296197118453, 0.6261296197118453, 0.0], [-0.7071067811865475, -0.7071067811865476, 0.0], [0.0, 0.0, 0.8854810000000001]]
4	[[0.8489524140446696, -0.5135124485683378, 0.12483895166604869], [0.522794976890395, 0.7815435453534784, -0.34040431673891397], [0.0772347773085365, 0.35425224329800037, 0.9319550081910795]]	0.7192112642012207	0.2807887357987794	[[0.6105761389517448, -0.36932393731789853, 0.08978558024929395], [0.37600003624738904, 0.5620949212819791, -0.24482261898134708], [0.0555481218283723, 0.25478220374847327, 0.6702725396197654]]	0.865898689150157	0.22505266550601896	[[0.6911022580400192, -0.43339992225481117, 0.054244001356703854], [0.49568831019816373, 0.6666575509068782, -0.309071551317114], [0.022323493979879695, 0.2653714653785619, 0.7661786169729866]]	[[-0.04400452443212151, 0.011249833822799805, -0.05385388324580749], [0.04300082501448417, -0.010079980528464903, -0.014315899671833532], [-0.04455399844838637, -0.041375087721679096, -0.04080000296659296]]	0.4467157423246466	[[0.6653874810965413, -0.6653874810965412, 0.0], [0.7071067811865475, 0.7071067811865476, 0.0], [0.0, 0.0, 0.9410000000000001]]
4	[[0.3802729664721569, 0.7767473726770865, -0.5020517802076895], [0.4287143634067757, 0.332951791095048, 0.839849450446521], [0.8195098935212374, -0.5346088512602871, -0.20639019011321075]]	0.6188170059955963	0.38118299400440386	[[0.23531937857336394, 0.48066448357498026, -0.3106781794828815], [0.2652957387906889, 0.2060362305063089, 0.5197131224123631], [0.507126658692582, -0.33082504871563595, -0.127717759512719]]	0.7891605202450516	0.3261266058015231	[[0.34243647655723175, 0.4947652806070904, -0.3948002628110848], [0.40537732549039496, 0.3067111173055589, 0.7216665790281727], [0.5667160740253676, -0.41438726997550895, -0.0617778354091812]]	[[0.042340064500935234, -0.11821308011373606, 0.001399181247569721], [0.0670528754277777, 0.043958708628469075, 0.05889054978627556], [-0.08000877989181894, 0.007504929212668735, 0.10109715439403531]]	0.4246514381906381	[[0.3920383006805, 0.3920383006805001, -0.5544258817920646], [0.5, 0.5000000000000001, 0.7071067811865475], [0.5544258817920646, -0.5544258817920645, 0.0]]
4	[[0.034229894132735264, 0.2773841392786001, 0.9601491309293217], [-0.1827544195208179, -0.9427759796974285, 0.2788803941677556], [0.9825625356654255, -0.18501754344446375, 0.018422055382213542]]	0.8093561633315262	0.19064383666847384	[[0.027704175786514934, 0.22450256273554545, 0.7771026168350551], [-0.14791341581524928, -0.7630415498090317, 0.22571356585199842], [0.7952430440994647, -0.14974508911123513, 0.014910004064829244]]	0.8909944129573075	0.16695291101310947	[[0.009151887670134235, 0.22171350187781397, 0.8141400762225758], [-0.16684885597544039, -0.8250220854912045, 0.2555851983474538], [0.8450179686139488, -0.1509585112833492, 0.0]]	[[-0.021346756758253004, -0.025434216462390406, -0.04134743504126442], [-0.004015689239135737, 0.01498604508955637, 0.007104325260651837], [-0.030439761045110692, 0.013891086224753948, -0.016413948420742362]]	0.3641552763690447	[[0.0, 0.0, 0.9410000000000001], [0.0, -1.0, 0.0], [0.9410000000000001, 0.0, 0.0]]
4	[[-0.42203838922340475, -0.825029846081567, 0.3757783270710803], [0.2588054115689476, 0.28760896992378115, 0.9221175843470338], [-0.8688517462515349, 0.4864224845687207, 0.09214016247897017]]	0.6117364086185594	0.3882635913814408	[[-0.25817624852268733, -0.5047007950450606, 0.22987728423915293], [0.15832069300423612, 0.17594087834765718, 0.5640928993724759], [-0.5315082468738779, 0.2975623437813858, 0.056365492084415755]]	0.7893262542288917	0.3474411172171581	[[-0.2509671509756699, -0.5331094503853302, 0.2985686193885382], [0.2692592726943754, 0.23962727641294268, 0.8247755172216167], [-0.6234534294929986, 0.331687393684041, 0.023233754935887637]]	[[0.08215882993083519, 0.11810826764927218, 0.001956920061123059], [0.0649773666064913, 0.012609965500374437, 0.09692389841037857], [0.06235406485595688, -0.05225864403329831, -0.049494894377679365]]	0.5422231440498895	[[-0.3920383006805, -0.3920383006805001, 0.5544258817920646], [0.5, 0.5000000000000001, 0.7071067811865475], [-0.5544258817920646, 0.5544258817920645, 0.0]]
4	[[-0.8305561570912853, 0.32773595720904825, 0.4502950280316503], [-0.5100865793185324, -0.772219296347621, -0.37879947194723407], [0.22358030216652452, -0.5443036842615101, 0.808545204538665]]	0.5750759667639734	0.42492403323602657	[[-0.47763288499104156, 0.1884730724353097, 0.25895384857431186], [-0.29333853273493327, -0.4440847584009034, -0.21783847253973826], [0.12857565841779545, -0.3130159674398805, 0.4649749151724474]]	0.7500939772668183	0.40487778635759986	[[-0.585364740586036, 0.23093896695573696, 0.1941989291365668], [-0.5704441055643992, -0.6220051262520767, -0.29242437581116937], [0.16664847066307134, -0.2505271440595733, 0.5658392784181423]]	[[0.03763043063001035, -0.014893800680545823, -0.14356465938316718], [-0.18783123453293482, -0.042768082932505766, -0.008289173311698036], [-0.0010577674275340197, 0.15775177130912524, -0.040645609854278064]]	0.6824002908105665	[[-0.6261296197118453, 0.6261296197118453, 0.0], [-0.7071067811865475, -0.7071067811865476, 0.0], [0.0, 0.0, 0.8854810000000001]]
4	[[0.8592155572171323, 0.2624339665249735, -0.4391776855101157], [-0.4266000482917053, 0.8413623931712975, -0.33184593135155627], [0.2824199444684594, 0.4724804086637203, 0.8348660002631537]]	0.615364157043507	0.3846358429564932	[[0.5287304570855876, 0.16149245659022426, -0.27025420623625074], [-0.2625143791117445, 0.5177442598419629, -0.2042060918144678], [0.17379111106010756, 0.290747508396922, 0.5137466124962198]]	0.764390599771447	0.41954097786538547	[[0.49726453212565314, 0.2019219818931782, -0.29247220619071257], [-0.3558289849707342, 0.7487942884858263, -0.25063525071236725], [0.2437225759569156, 0.3265307385134175, 0.4943995253768987]]	[[-0.15951176298850878, 0.0013199248207538218, 0.043231088242600704], [-0.029739918194509243, 0.1056647841444782, 0.0030246597851632927], [0.027843425217251156, -0.034628844445302044, -0.14376419729304235]]	0.5706941222191342	[[0.5544258817920646, 0.3920383006805001, -0.3920383006805], [-0.7071067811865475, 0.5000000000000001, -0.5], [0.0, 0.5544258817920645, 0.5544258817920646]]
4	[[0.8787972042104137, -0.3840163418041313, 0.28327887866788265], [-0.395223040501579, -0.9183905790867732, -0.018907472103605397], [0.2674214316928388, -0.09534250611366366, -0.9588511794847616]]	0.6289772768465635	0.3710227231534366	[[0.5527434724046393, -0.24153755293254164, 0.1781759776926729], [-0.24858631176170232, -0.5776468055155374, -0.0118923703157781], [0.16820200387657108, -0.05996826986309899, -0.6030956037734408]]	0.8142142498368609	0.29600226381405015	[[0.6430418786212238, -0.26595464107324135, 0.16011140709626295], [-0.32078905844502276, -0.8539480281925722, -0.03181159270380247], [0.15261498032201928, -0.046266536106671585, -0.7415360979646647]]	[[-0.07248732776368905, 0.04671693659390501, -0.07053829259293423], [0.0010071729952136656, -0.10618133178419469, -0.016416859488654026], [-0.06512336007406479, 0.031362690986231394, 0.0391741958447097]]	0.4964106521708414	[[0.6261296197118453, -0.6261296197118453, 0.0], [-0.7071067811865475, -0.7071067811865476, 0.0], [0.0, 0.0, -0.8854810000000001]]
4	[[0.04673222253661188, -0.9725397674033924, -0.22799671093185395], [-0.8377629715199755, -0.16246744520517667, 0.5213036857710898], [-0.5440306084466285, 0.16664552219444034, -0.8223502702654952]]	0.567650733827337	0.4323492661726629	[[0.026527580416290168, -0.5520629126428035, -0.12942250027068608], [-0.47555676555668447, -0.09222476449377118, 0.2959184197748546], [-0.3088193741092613, 0.09459645296271385, -0.46680773437931733]]	0.7382481896167132	0.4231237452865112	[[-0.012347596541987839, -0.7627016440682318, -0.12536854435031436], [-0.6800004153422992, -0.14994499978601383, 0.2779473592899656], [-0.26455404488674505, 0.02684638064984573, -0.5495685193142097]]	[[-0.04684757522640703, -0.044725921452418126, 0.04294961473369191], [-0.06152341828975913, -0.030003702491639528, -0.10690414297106132], [0.13707556689505743, -0.09617937441793165, 0.057530078940107116]]	0.6603493370134169	[[1.6637544024896575e-16, -0.8332376210000002, 0.0], [-1.0, -1.7938038903913487e-16, 0.0], [0.0, 0.0, -0.8332376210000002]]
4	[[0.5319609947059123, -0.8460851799387872, 0.03402011756955908], [-0.703274286200726, -0.4190807785627857, 0.5742617690636116], [-0.47161719485230363, -0.3294103357928521, -0.8179645788128509]]	0.5898984968963067	0.4101015031036933	[[0.3138029911844818, -0.49910437589213175, 0.020068416218518514], [-0.4148604443356313, -0.2472151213523212, 0.33875615439563855], [-0.2782062743538265, -0.19431866194631112, -0.48251607555612136]]	0.7406014107399649	0.4414740231619868	[[0.45887135120542644, -0.608682806107369, 0.08883868862539736], [-0.508260268516925, -0.3604255712910377, 0.34006314809462024], [-0.2569124060527812, -0.10307348999126602, -0.5458685982679158]]	[[0.06490028806759278, 0.01792907176147388, 0.06364334155984244], [0.012585659980474475, -0.05005375547343571, -0.08523592820791848], [0.09236795378405976, 0.14088826940924576, 0.059917122736202706]]	0.6844209345038886	[[0.6261296197118453, -0.6261296197118453, 0.0], [-0.7071067811865475, -0.7071067811865476, 0.0], [0.0, 0.0, -0.8854810000000001]]
