4	[[-0.30792515101507295, 0.09349718223056193, 0.9468053539599837], [0.3027085282091916, -0.9338174967034747, 0.1906631317268273], [0.9019698710720718, 0.34531602882779927, 0.2592434992682147]]	0.7331275886359736	0.2668724113640265	[[-0.22574842344404847, 0.06854536375295006, 0.6941291260563123], [0.22192397334554925, -0.6846073695842996, 0.1397804020046719], [0.661258996601368, 0.2531607075318748, 0.19005856148805805]]	0.8536846345774063	0.25727282669796214	[[-0.26070325037301045, 0.08049609392848196, 0.7478270610298005], [0.24321672102254846, -0.8497650398564465, 0.11948255729859991], [0.6841661329655988, 0.26752974367757154, 0.18020715644452853]]	[[0.0021677196484847614, 0.0006789860819675416, -0.06044612158146006], [-0.015200898265179712, -0.05257939142115235, -0.043283628637000554], [-0.0858316868203931, -0.027261244206009373, -0.04110503549482546]]	0.46874897977528923	[[0.0, 0.0, 0.984], [0.0, -1.0, 0.0], [0.984, 0.0, 0.0]]
4	[[0.8592155572171323, 0.2624339665249735, -0.4391776855101157], [-0.4266000482917053, 0.8413623931712975, -0.33184593135155627], [0.2824199444684594, 0.4724804086637203, 0.8348660002631537]]	0.729485480038847	0.2705145199611532	[[0.6267852732133852, 0.19144176804896895, -0.3203737447366965], [-0.31119854101266986, 0.6137616492691969, -0.24207678853092818], [0.20602124876311861, 0.34466759772300465, 0.6090226249700789]]	0.8089332663870513	0.2768500146276168	[[0.6602433817906099, 0.267362101213004, -0.274601559129], [-0.33832161077385475, 0.6894409273042026, -0.3480263157466559], [0.1392667326253183, 0.3854438656001426, 0.6603963205936849]]	[[-0.034804665439615357, 0.0550705354610471, 0.08066388053500316], [0.006769359731628269, 0.008834898380918535, -0.07958510256118831], [-0.08919215554640222, 0.0032387453159104795, -0.014954559994681023]]	0.5024455447528975	[[0.6629265243099581, 0.468759840768, -0.46875984076799987], [-0.7071067811865475, 0.5000000000000001, -0.5], [0.0, 0.662926524309958, 0.6629265243099581]]
4	[[0.22433838825039393, -0.7661379269479729, -0.6022499185961573], [-0.9416906372873723, -0.011392912655017143, -0.3362869982418849], [0.2507808429735371, 0.642575192824231, -0.724020780340167]]	0.6098723002510091	0.39012769974899086	[[0.13681776887687175, -0.46724629981729987, -0.36729554318022145], [-0.5743110350872885, -0.006948221847474213, -0.20509212516228545], [0.1529442895631582, 0.3918888109319495, -0.4415602187355882]]	0.7734722774354629	0.3710918839485122	[[0.2253512019007245, -0.5810676890862847, -0.36024874628095255], [-0.8372824535663703, -0.014815050465376345, -0.15658095160362906], [0.1467977238820381, 0.3602487462809525, -0.5276134893286042]]	[[0.05183167782449114, 0.011518758099848203, 0.10557486984093946], [-0.10891085170405385, -0.0060029483674768035, 0.10352771879845712], [-0.04717430586988876, -0.13676535153633718, 0.03239651255170574]]	0.7414309392553313	[[1.8719780027505757e-16, -0.937519681536, 0.0], [-1.0, -1.7938038903913487e-16, 0.0], [0.0, 0.0, -0.937519681536]]
4	[[0.034229894132735264, 0.2773841392786001, 0.9601491309293217], [-0.1827544195208179, -0.9427759796974285, 0.2788803941677556], [0.9825625356654255, -0.18501754344446375, 0.018422055382213542]]	0.8664450508474935	0.13355494915250657	[[0.02965832236234212, 0.24033811466153487, 0.8319164625692328], [-0.15834666231431924, -0.816863581666734, 0.24163453730505002], [0.8513364461754718, -0.1603075348374167, 0.015961698712357357]]	0.9259243869760635	0.12416803927712305	[[0.009973560928354337, 0.24028380295304488, 0.8733874317469279], [-0.16418390283431866, -0.8273355607755077, 0.2526649280809956], [0.9071350367320581, -0.16294106150201254, 0.0]]	[[-0.021720732812754117, -0.016552936165375932, -0.015638063714404515], [0.005032871027661009, 0.045603710281591686, -0.005557229928426475], [-0.0026435767695976746, 0.008371193991619784, -0.017057430336615168]]	0.3451304444148138	[[0.0, 0.0, 0.984], [0.0, -1.0, 0.0], [0.984, 0.0, 0.0]]
4	[[-0.42203838922340475, -0.825029846081567, 0.3757783270710803], [0.2588054115689476, 0.28760896992378115, 0.9221175843470338], [-0.8688517462515349, 0.4864224845687207, 0.09214016247897017]]	0.7456717065579583	0.25432829344204183	[[-0.31470208592518806, -0.6152014132888916, 0.28020726643458715], [0.19298387291105193, 0.21446187142444248, 0.6875969927671548], [-0.6478781643732443, 0.36271148417652016, 0.06870631219822124]]	0.8614408312365901	0.22623385204886048	[[-0.28740208791955535, -0.6501175936164445, 0.34217477743847025], [0.25807896115986667, 0.23363274966170805, 0.8305497273773178], [-0.7557379114920793, 0.38352912617166446, 0.022918804418515484]]	[[0.07615901290680605, 0.060596802787056675, 0.018463983005663584], [0.03513341228938462, -0.014125360460533535, 0.036199989019532336], [-0.007273540979793902, -0.035495063267381666, -0.056454493737643045]]	0.48993448503607623	[[-0.46875984076799987, -0.468759840768, 0.6629265243099581], [0.5, 0.5000000000000001, 0.7071067811865475], [-0.6629265243099581, 0.662926524309958, 0.0]]
4	[[-0.5446221603179724, 0.8109226453022452, -0.2139887049042392], [-0.8354447797583356, -0.5021691245819775, 0.22328947644507607], [0.07361197229480154, 0.30038414347728, 0.9509735242804028]]	0.7328540793406059	0.26714592065939413	[[-0.39912857188831946, 0.5942879686394258, -0.15682249532188483], [-0.6122591149097103, -0.36801669146880306, 0.1636386036866021], [0.05394683418455297, 0.22013774491655846, 0.696924826613806]]	0.8428856989708826	0.24119669359185136	[[-0.5124197297198623, 0.6499394560951695, -0.1382169419074699], [-0.7367051520062968, -0.4087778003103484, 0.09397353910811601], [0.07861373558409517, 0.14770524878082647, 0.7875071075794992]]	[[-0.053365499445215916, -0.03357564460173067, 0.042151077197613726], [-0.032520694868117046, 0.014493373264527902, -0.09423396731813437], [0.01656725686376613, -0.10548424995379055, -0.014054876136391859]]	0.3892359466669598	[[-0.6846603835245618, 0.6846603835245617, 0.0], [-0.7071067811865475, -0.7071067811865476, 0.0], [0.0, 0.0, 0.968256]]
4	[[0.04673222253661188, -0.9725397674033924, -0.22799671093185395], [-0.8377629715199755, -0.16246744520517667, 0.5213036857710898], [-0.5440306084466285, 0.16664552219444034, -0.8223502702654952]]	0.6244765130021412	0.37552348699785876	[[0.029183175374503517, -0.607328242703984, -0.1423785910186813], [-0.5231632991771065, -0.1014571036580952, 0.3255419079054941], [-0.33973433732918384, 0.10406621460740505, -0.5135384292417648]]	0.7987290801074475	0.34262235793769974	[[-0.039125270055662326, -0.8651288540491817, -0.16503507741530676], [-0.6945362323533308, -0.15671328426076284, 0.27439773459015376], [-0.3044017624167331, 0.0549912600186773, -0.6227968044527575]]	[[-0.07645165517370699, -0.08833306026315897, 0.017072525774816556], [-0.02539058476309907, -0.02694581120462486, -0.1419826788024107], [0.13013130501813752, -0.07811336462771327, 0.03403827044251231]]	0.6197079557311498	[[1.9024166694619672e-16, -0.952763904, 0.0], [-1.0, -1.7938038903913487e-16, 0.0], [0.0, 0.0, -0.952763904]]
4	[[0.08740825448676931, -0.06334395238859675, -0.994156597696443], [0.7119981850616444, -0.6940087028176986, 0.10681996481098455], [-0.6967197295301035, -0.717174639895393, -0.015561310176609944]]	0.8919353171606397	0.10806468283936045	[[0.07796250918811448, -0.056498708263931496, -0.8867233802737197], [0.6350563270107574, -0.6190108724599481, 0.09527649919277387], [-0.6214289329305079, -0.6396733898946648, -0.013879682127809682]]	0.9448759994291294	0.08697261326177803	[[0.06917994246314912, -0.06219051207787916, -0.9099063471518637], [0.678139021313634, -0.6606988756526965, 0.10435536960171977], [-0.6542389658501943, -0.6735536441297518, 0.0]]	[[-0.013410019353392713, -0.0023383317569126228, 0.02944836168562595], [0.005389024611786353, -0.004946708965310055, 0.0034237485919562964], [0.004074784911555107, 0.004087460506633614, 0.014703508505551004]]	0.13351333162085255	[[0.0, 0.0, -0.952763904], [0.7071067811865475, -0.7071067811865476, 0.0], [-0.6737058173881688, -0.6737058173881687, 0.0]]
4	[[0.8489524140446696, -0.5135124485683378, 0.12483895166604869], [0.522794976890395, 0.7815435453534784, -0.34040431673891397], [0.0772347773085365, 0.35425224329800037, 0.9319550081910795]]	0.8172666613098979	0.18273333869010225	[[0.6938205050372652, -0.4196766043825161, 0.10202671322953931], [0.4272629053127983, 0.6387294839793379, -0.27820109943668925], [0.0631214085879611, 0.2895185481416984, 0.7616557580353619]]	0.9071896929435619	0.15220452632039363	[[0.7622420311276568, -0.47339733568050835, 0.054996100079935446], [0.5004711023371083, 0.6736362676376919, -0.28744064659867863], [0.02076014755085838, 0.2866724362473738, 0.8454599777180801]]	[[-0.007918848693222725, -0.007544135141101398, -0.05825651014938343], [0.026196887779474445, -0.035371981293552845, 0.021370640980359658], [-0.04930644636023723, -0.034701547574707135, 0.0]]	0.43199665966040446	[[0.6957930726875629, -0.6957930726875627, 0.0], [0.7071067811865475, 0.7071067811865476, 0.0], [0.0, 0.0, 0.984]]
4	[[0.3802729664721569, 0.7767473726770865, -0.5020517802076895], [0.4287143634067757, 0.332951791095048, 0.839849450446521], [0.8195098935212374, -0.5346088512602871, -0.20639019011321075]]	0.7508581535495232	0.2491418464504769	[[0.2855310574500834, 0.5832270980227606, -0.37696967267299675], [0.3219036753077709, 0.24999956708263424, 0.6306078076218566], [0.6153356854649227, -0.40141541492853094, -0.15496975705914048]]	0.8655961251334494	0.22181860710132725	[[0.3447560863293809, 0.6231552760156293, -0.4268378185953177], [0.40375850225126614, 0.3038551486408283, 0.7221024213126577], [0.6699341218264809, -0.4522685628756363, -0.08549004167529767]]	[[0.015593280058079695, -0.04919423998124403, 0.007736256968808481], [0.03266501049730763, 0.015653368412712997, -0.004868008689308093], [-0.03943046651402795, 0.010486787237312842, 0.09316050715225355]]	0.37359951904338345	[[0.46875984076799987, 0.468759840768, -0.6629265243099581], [0.5, 0.5000000000000001, 0.7071067811865475], [0.6629265243099581, -0.662926524309958, 0.0]]
4	[[0.8787972042104137, -0.3840163418041313, 0.28327887866788265], [-0.395223040501579, -0.9183905790867732, -0.018907472103605397], [0.2674214316928388, -0.09534250611366366, -0.9588511794847616]]	0.7068678387042253	0.29313216129577474	[[0.6211934803995308, -0.2714488015581894, 0.20024072871452264], [-0.27937045644546366, -0.6491807637253892, -0.013365083941235988], [0.18903160944390654, -0.06739455123320981, -0.6777810608813907]]	0.8516301074666875	0.24330079457882683	[[0.6957102693925921, -0.3160895660515153, 0.148787815939754], [-0.3599879608929919, -0.8405062202324333, -0.025064085336015274], [0.13533791344688112, -0.05673938802199825, -0.8165865330291677]]	[[-0.05269988807054708, 0.01095031238810137, -0.09246100594321766], [-0.023404120437321038, -0.05837715266837111, -0.008961912836498404], [-0.09240622916458663, 0.02445716070572445, 0.0]]	0.4743547251989933	[[0.6846603835245618, -0.6846603835245617, 0.0], [-0.7071067811865475, -0.7071067811865476, 0.0], [0.0, 0.0, -0.968256]]
4	[[0.5319609947059123, -0.8460851799387872, 0.03402011756955908], [-0.703274286200726, -0.4190807785627857, 0.5742617690636116], [-0.47161719485230363, -0.3294103357928521, -0.8179645788128509]]	0.6598424981846275	0.3401575018153725	[[0.3510104716835286, -0.5582829588077994, 0.022447919365632587], [-0.4640502619156977, -0.2765273078680272, 0.37892232031085715], [-0.31119306803817026, -0.21735893889739258, -0.5397277911104081]]	0.7835741437336635	0.37642633990403723	[[0.5035713020987836, -0.7060720138344022, 0.08334434012335624], [-0.5084838535931621, -0.39268836083501446, 0.3288593015629152], [-0.29900592501585194, -0.09265048277892, -0.6195068822710588]]	[[0.08674042117239049, -0.04310154343812427, 0.056687055629070456], [0.042583693026475175, -0.06430749861744245, -0.12111737241008318], [0.07054111461061427, 0.1654669390269827, 0.02142901217668768]]	0.654300540263767	[[0.6846603835245618, -0.6846603835245617, 0.0], [-0.7071067811865475, -0.7071067811865476, 0.0], [0.0, 0.0, -0.968256]]
4	[[-0.3195682178843842, -0.5708200961323295, -0.7563336379995778], [0.910087742671785, 0.03735879733279218, -0.41272826520656647], [0.2638493031197415, -0.8202248094963509, 0.507557688474819]]	0.6603772824763069	0.33962271752369316	[[-0.21103559129228597, -0.3769566238667322, -0.49946555250757985], [0.6010012703205898, 0.024670901059212408, -0.27255637017827283], [0.1742400857774822, -0.5416578307148467, 0.33517956701495694]]	0.7774587304307988	0.36182869775502696	[[-0.29063713332172597, -0.41969200572035736, -0.5389359462459048], [0.7742792813884057, 0.03302178530210145, -0.23939878993749716], [0.22444107730230609, -0.5389359462459047, 0.3156367707691476]]	[[-0.04218603235929977, 0.02409706152306999, 0.04908224373535432], [0.06672362039016844, 0.003976862157327337, 0.08148040314290603], [0.01930913307378093, 0.09875499281297205, -0.07896838533287595]]	0.7114076032581078	[[0.0, 0.0, -0.937519681536], [1.0, -1.7938038903913487e-16, 0.0], [-1.8719780027505757e-16, -0.937519681536, 0.0]]
4	[[-0.8305561570912853, 0.32773595720904825, 0.4502950280316503], [-0.5100865793185324, -0.772219296347621, -0.37879947194723407], [0.22358030216652452, -0.5443036842615101, 0.808545204538665]]	0.6655196137754116	0.3344803862245885	[[-0.5527514128861821, 0.21811470766208063, 0.29968017314061207], [-0.33947262326009053, -0.5139270878551889, -0.2520984782686531], [0.14879707634565525, -0.3622447777262538, 0.5381026922445334]]	0.8045162506418475	0.3390883001999237	[[-0.6604542554154843, 0.2628389329676283, 0.2020206524769578], [-0.5604890887840623, -0.6292257370494935, -0.3032928843081618], [0.1812403712961139, -0.29585036854449254, 0.6381729967911096]]	[[0.007741670035097729, -0.0008299705267121368, -0.16024901515773107], [-0.15011614648799124, -0.00796276407861967, 0.0014574466079385548], [0.0013663848797303042, 0.14205079072812146, -0.01231475963878288]]	0.651261440170184	[[-0.937519681536, 0.0, 0.0], [0.0, -0.7071067811865476, -0.7071067811865475], [0.0, -0.662926524309958, 0.6629265243099581]]
