4	[[-0.30792515101507295, 0.09349718223056193, 0.9468053539599837], [0.3027085282091916, -0.9338174967034747, 0.1906631317268273], [0.9019698710720718, 0.34531602882779927, 0.2592434992682147]]	0.6658771529526991	0.33412284704730116	[[-0.2050403228804467, 0.062257637512786276, 0.6304560534952462], [0.2015666929384383, -0.6218077360823261, 0.12695822332730516], [0.600601129798584, 0.2299380541447871, 0.17262432321421395]]	0.8240059877179997	0.2864649201335433	[[-0.2274631940584806, 0.0718587486719951, 0.7235696953905588], [0.24857309593938914, -0.8477237238471482, 0.11905435517649653], [0.6622975358214765, 0.24954769557466183, 0.15560444538648552]]	[[0.026268974146908895, -0.0051834893207488835, -0.056603585475927774], [-0.0008605438382877934, -0.07825251512765144, -0.038053207003474865], [-0.08093103868314278, -0.03499477983444616, -0.0580137502874903]]	0.4756188654719049	[[0.0, 0.0, 0.9486000000000001], [0.0, -1.0, 0.0], [0.9486000000000001, 0.0, 0.0]]
4	[[-0.42203838922340475, -0.825029846081567, 0.3757783270710803], [0.2588054115689476, 0.28760896992378115, 0.9221175843470338], [-0.8688517462515349, 0.4864224845687207, 0.09214016247897017]]	0.637314857600588	0.362685142399412	[[-0.26897133592989575, -0.5258037788717089, 0.23948911100669273], [0.1649405340203254, 0.1832974697116264, 0.587679236959128], [-0.5537321269383192, 0.3100042764866385, 0.05872229452957994]]	0.8026076089404297	0.3265124425594724	[[-0.25656558671440693, -0.553149966262235, 0.30548102476724953], [0.2667698592952295, 0.23676672137515423, 0.8268160551083098], [-0.6451918118600025, 0.3385445249577364, 0.02429400741198831]]	[[0.08216563574126041, 0.10902526580578231, 0.003878480185094915], [0.0590506667350326, 0.005929573714808204, 0.08671746557361198], [0.052155210722658926, -0.05186186231682749, -0.04965838808264063]]	0.5317867457323179	[[-0.4048577764883209, -0.404857776488321, 0.5725553583419988], [0.5, 0.5000000000000001, 0.7071067811865475], [-0.5725553583419988, 0.5725553583419987, 0.0]]
4	[[0.3802729664721569, 0.7767473726770865, -0.5020517802076895], [0.4287143634067757, 0.332951791095048, 0.839849450446521], [0.8195098935212374, -0.5346088512602871, -0.20639019011321075]]	0.6402751749938169	0.35972482500618325	[[0.24347934015337813, 0.497332059966809, -0.32145129142843565], [0.2744951640526361, 0.21318076630788657, 0.5377347538531073], [0.5247118404834746, -0.34229677579392376, -0.13214651509174316]]	0.8020821374316304	0.3096241378689079	[[0.3448142541050493, 0.514382284541512, -0.4054295457038342], [0.40671391360618003, 0.30139149453788816, 0.7181265310153099], [0.5857430831816073, -0.41617505274514444, -0.0670150071586926]]	[[0.03980410034959488, -0.10863290837972868, -0.002742780733495525], [0.06284978065723257, 0.03433681027468238, 0.044498288680384065], [-0.07157116386027473, 0.012625157363575258, 0.09852687767223203]]	0.4133227679592123	[[0.4048577764883209, 0.404857776488321, -0.5725553583419988], [0.5, 0.5000000000000001, 0.7071067811865475], [0.5725553583419988, -0.5725553583419987, 0.0]]
4	[[-0.5446221603179724, 0.8109226453022452, -0.2139887049042392], [-0.8354447797583356, -0.5021691245819775, 0.22328947644507607], [0.07361197229480154, 0.30038414347728, 0.9509735242804028]]	0.6626806927738975	0.33731930722610254	[[-0.3609105904995305, 0.5373827803749335, -0.14180618321173036], [-0.5536331254245902, -0.33277778336764646, 0.14796962493974386], [0.048781232796772045, 0.19905877229781777, 0.6301917938797722]]	0.8026597525442025	0.2926974658370072	[[-0.4780422193711393, 0.6161253998523447, -0.11008632995096661], [-0.7349806442196509, -0.406126321062126, 0.09679632555972639], [0.0746644783345998, 0.11379934189306772, 0.7410104720718769]]	[[-0.04089593094022659, -0.03476956995844568, 0.06167379097472443], [-0.0644027440344796, -0.0030553757898171656, -0.08242915034940287], [0.015579110868163715, -0.12730692037860802, -0.022297701603119544]]	0.4130319175970434	[[-0.6362843519121942, 0.6362843519121941, 0.0], [-0.7071067811865475, -0.7071067811865476, 0.0], [0.0, 0.0, 0.8998419600000002]]
4	[[0.8592155572171323, 0.2624339665249735, -0.4391776855101157], [-0.4266000482917053, 0.8413623931712975, -0.33184593135155627], [0.2824199444684594, 0.4724804086637203, 0.8348660002631537]]	0.6369956045422471	0.36300439545775287	[[0.5473165333016309, 0.16716928315899535, -0.2797542552829811], [-0.2717423556593266, 0.5359441462772624, -0.2113843996561697], [0.17990026326147412, 0.3009679435511145, 0.5318059725493955]]	0.7718208306612251	0.4071213154773878	[[0.5100254797222625, 0.20772718389881567, -0.2935361268915252], [-0.3559141577636462, 0.7488476122851806, -0.2504213428798567], [0.2451215371160553, 0.3306403341705655, 0.5075277756611715]]	[[-0.15313498536611178, 0.0051751818617904715, 0.045430359146766505], [-0.02665535413102347, 0.09946659110059378, 0.005704259507449319], [0.027143940981111885, -0.03402988731542223, -0.13683919415275037]]	0.5583635661106152	[[0.5725553583419988, 0.404857776488321, -0.4048577764883209], [-0.7071067811865475, 0.5000000000000001, -0.5], [0.0, 0.5725553583419987, 0.5725553583419988]]
4	[[0.034229894132735264, 0.2773841392786001, 0.9601491309293217], [-0.1827544195208179, -0.9427759796974285, 0.2788803941677556], [0.9825625356654255, -0.18501754344446375, 0.018422055382213542]]	0.8244894284794387	0.17551057152056135	[[0.028222185850410596, 0.22870029046307405, 0.7916328082149462], [-0.15067908690281073, -0.7773088286848759, 0.22993393680149343], [0.8101124234760949, -0.15254500865319567, 0.01518878991349781]]	0.8974091913578061	0.15656237296023282	[[0.009128005345581338, 0.2250371116053093, 0.824507483205621], [-0.16639099879365235, -0.8254275138234554, 0.25506426495095147], [0.855907402551808, -0.15301194407387717, 0.0]]	[[-0.021590216268339922, -0.023889964520180267, -0.03713917196456188], [-0.0023855029544099307, 0.020628315748377347, 0.0047944359353196955], [-0.025853248038176947, 0.01302449997562676, -0.016532121823700972]]	0.36069345363499233	[[0.0, 0.0, 0.9486000000000001], [0.0, -1.0, 0.0], [0.9486000000000001, 0.0, 0.0]]
4	[[0.8489524140446696, -0.5135124485683378, 0.12483895166604869], [0.522794976890395, 0.7815435453534784, -0.34040431673891397], [0.0772347773085365, 0.35425224329800037, 0.9319550081910795]]	0.7367210710651807	0.2632789289348196	[[0.6254411317583596, -0.37831544111456933, 0.09197148618206571], [0.3851540753221882, 0.5757795978168931, -0.2507830328231037], [0.05690048786222572, 0.2609850921097458, 0.686590891819091]]	0.8736839182218628	0.21174293835205293	[[0.7005274505455419, -0.4488679601147478, 0.052656054782799756], [0.5025892276665636, 0.6660574520984878, -0.30361940053069425], [0.027588252070484102, 0.264582689743594, 0.7811618638665137]]	[[-0.04118862094091427, -0.0002203919938596026, -0.056413729655503404], [0.045831663830255026, -0.016764574866945194, -0.006213623302603825], [-0.039890530791431095, -0.044921798219887496, -0.03307223929635686]]	0.44398277579379164	[[0.6707614926335591, -0.670761492633559, 0.0], [0.7071067811865475, 0.7071067811865476, 0.0], [0.0, 0.0, 0.9486000000000001]]
4	[[0.22433838825039393, -0.7661379269479729, -0.6022499185961573], [-0.9416906372873723, -0.011392912655017143, -0.3362869982418849], [0.2507808429735371, 0.642575192824231, -0.724020780340167]]	0.5287990517392454	0.47120094826075465	[[0.118629926975519, -0.40513300927155926, -0.31846918586368567], [-0.4979651160292881, -0.006024561408521166, -0.177828245782546], [0.13261267195877496, 0.3397931526366161, -0.3828615020833887]]	0.7404718789146634	0.43497604564840586	[[0.20617555655070563, -0.48431071516553725, -0.36407964336382914], [-0.8142051196380422, 0.046152738331862425, -0.20491197051967192], [0.1659204095208695, 0.3640796433638291, -0.4037910173977911]]	[[0.04005928869024912, 0.08299287510941328, 0.08186948543527056], [-0.11690968408951469, 0.05458886977183371, 0.04409909492306874], [-0.01977575247154865, -0.11172921701068134, 0.1323260101939532]]	0.7313009820113296	[[1.616787074991223e-16, -0.809715552976642, 0.0], [-1.0, -1.7938038903913487e-16, 0.0], [0.0, 0.0, -0.809715552976642]]
4	[[-0.3195682178843842, -0.5708200961323295, -0.7563336379995778], [0.910087742671785, 0.03735879733279218, -0.41272826520656647], [0.2638493031197415, -0.8202248094963509, 0.507557688474819]]	0.5816248013443448	0.41837519865565514	[[-0.18586880124297128, -0.33200312501632595, -0.43990240195155], [0.5293296025374001, 0.021728803077148882, -0.2400529952599653], [0.15346129851186344, -0.4770630918810182, 0.2952081397299614]]	0.7269037062673414	0.428528451288585	[[-0.24267076515310249, -0.3684068492593181, -0.476428041142891], [0.788275028994103, 0.033249772556400076, -0.22549747774457865], [0.18258881488678952, -0.47642804114289095, 0.2863355564903999]]	[[-0.010375443167694325, 0.04652439423115237, 0.07335368349366383], [0.12672887581750392, 0.006093524313502959, 0.07451622791536476], [-0.009204221447005684, 0.11979641285243052, -0.08261000840643073]]	0.7157151764489114	[[0.0, 0.0, -0.809715552976642], [1.0, -1.7938038903913487e-16, 0.0], [-1.616787074991223e-16, -0.809715552976642, 0.0]]
4	[[0.08740825448676931, -0.06334395238859675, -0.994156597696443], [0.7119981850616444, -0.6940087028176986, 0.10681996481098455], [-0.6967197295301035, -0.717174639895393, -0.015561310176609944]]	0.733846281171022	0.2661537188289779	[[0.06414422249876597, -0.046484723895046, -0.7295581221211705], [0.5224972203080049, -0.5092957056630932, 0.07838943393136044], [-0.5112851825341468, -0.5262959424374012, -0.01141960960325399]]	0.8888221675087787	0.1801305430815625	[[0.05009762374828203, -0.05009762374828204, -0.8188144837082669], [0.6814791208027022, -0.6690109993133105, 0.08749830565441627], [-0.5890977243029044, -0.5997403891630803, 0.0]]	[[-0.027592770462807198, 0.006203885312323405, 0.06481393829943852], [0.04863935069389476, -0.052160679804927716, -0.0074456470020945], [0.030162215844172308, 0.0377003287510708, 0.013831237440450866]]	0.2006673830824037	[[0.0, 0.0, -0.8535900832560003], [0.7071067811865475, -0.7071067811865476, 0.0], [-0.6035793362239075, -0.6035793362239075, 0.0]]
4	[[0.8787972042104137, -0.3840163418041313, 0.28327887866788265], [-0.395223040501579, -0.9183905790867732, -0.018907472103605397], [0.2674214316928388, -0.09534250611366366, -0.9588511794847616]]	0.6426611719442519	0.3573388280557482	[[0.5647688411591966, -0.24679239226958746, 0.18205233615175498], [-0.2539945023881153, -0.5902139658584658, -0.012151098180606279], [0.17186137069472948, -0.06127292671510909, -0.6162164227278051]]	0.8211183193389123	0.28869656305493674	[[0.6504750391683899, -0.26537336407447676, 0.16399301223506854], [-0.3172166431693729, -0.8545644888705944, -0.03389574024990107], [0.1556791322318667, -0.05057229120179429, -0.7477624367677483]]	[[-0.07112144419259994, 0.04994948910640883, -0.06861246452091493], [0.007308235611298541, -0.10045716007417271, -0.01837046853324123], [-0.06390550431496284, 0.027715187179817163, 0.03956783222691272]]	0.49197629855378877	[[0.6362843519121942, -0.6362843519121941, 0.0], [-0.7071067811865475, -0.7071067811865476, 0.0], [0.0, 0.0, -0.8998419600000002]]
4	[[0.5319609947059123, -0.8460851799387872, 0.03402011756955908], [-0.703274286200726, -0.4190807785627857, 0.5742617690636116], [-0.47161719485230363, -0.3294103357928521, -0.8179645788128509]]	0.6025242580224812	0.3974757419775189	[[0.3205194036320808, -0.5097868452664351, 0.020497946096436154], [-0.4237398174793824, -0.2525063351550262, 0.34600664631572997], [-0.2841608003990282, -0.1984777181585246, -0.49284350093788437]]	0.7497705529871433	0.4300569622752683	[[0.46919684208631335, -0.6179166388636705, 0.09280645421200306], [-0.5048302590709858, -0.3621548445163716, 0.3451602926512135], [-0.2637600131995457, -0.10852809824211433, -0.5550164392589773]]	[[0.07034815291807064, 0.016453114373260493, 0.06729917184918716], [0.022464091395371047, -0.04794041742706904, -0.0854042714989858], [0.08984467178311127, 0.13845407138497295, 0.05826931532142974]]	0.6790115197945704	[[0.6362843519121942, -0.6362843519121941, 0.0], [-0.7071067811865475, -0.7071067811865476, 0.0], [0.0, 0.0, -0.8998419600000002]]
4	[[-0.8305561570912853, 0.32773595720904825, 0.4502950280316503], [-0.5100865793185324, -0.772219296347621, -0.37879947194723407], [0.22358030216652452, -0.5443036842615101, 0.808545204538665]]	0.58955102315609	0.4104489768439098	[[-0.48965523220175755, 0.1932170688976349, 0.26547189449815956], [-0.30072206473543084, -0.4552626762626159, -0.2233216162574785], [0.13181199589982234, -0.32089479396400267, 0.47667865260372]]	0.7599852793988463	0.3967585365702308	[[-0.5931578213130858, 0.235199863627642, 0.19626266505074808], [-0.5700883489866525, -0.6229721145838464, -0.3028361395772344], [0.17490557963922362, -0.2630476734427619, 0.5727764863750625]]	[[0.038052631790366775, -0.013874639380924838, -0.14595492763979706], [-0.18243005748565583, -0.036096816891919084, -0.014954117053280282], [0.0049878412291190135, 0.15061511411854328, -0.041705966802852004]]	0.6815165322413099	[[-0.6362843519121942, 0.6362843519121941, 0.0], [-0.7071067811865475, -0.7071067811865476, 0.0], [0.0, 0.0, 0.8998419600000002]]
4	[[0.04673222253661188, -0.9725397674033924, -0.22799671093185395], [-0.8377629715199755, -0.16246744520517667, 0.5213036857710898], [-0.5440306084466285, 0.16664552219444034, -0.8223502702654952]]	0.5787954529960047	0.42120454700399523	[[0.027048397912588375, -0.5629015952308756, -0.13196345958540148], [-0.4848933986041831, -0.09403541854463376, 0.3017282029543648], [-0.31488244245955843, 0.09645367050828686, -0.4759725971997041]]	0.7488238886187019	0.4100973651997542	[[-0.008260458526593042, -0.7878724451819861, -0.12107487524701321], [-0.6862922658357749, -0.14290481592044738, 0.26971272728066775], [-0.26498313101484894, 0.02100789982972432, -0.5732229613807749]]	[[-0.0432546631302534, -0.05961143471864988, 0.04965450842525175], [-0.058955339761428256, -0.021245311827961032, -0.12065192584970152], [0.142399984729754, -0.10378024812081069, 0.04257256580607366]]	0.652835874336153	[[1.7043928684284447e-16, -0.8535900832560003, 0.0], [-1.0, -1.7938038903913487e-16, 0.0], [0.0, 0.0, -0.8535900832560003]]
