4	[[0.034229894132735264, 0.2773841392786001, 0.9601491309293217], [-0.1827544195208179, -0.9427759796974285, 0.2788803941677556], [0.9825625356654255, -0.18501754344446375, 0.018422055382213542]]	0.8670279483881967	0.1329720516118035	[[0.029678274883450637, 0.2404998011941505, 0.83247613113636], [-0.15845318941601055, -0.8174131234667334, 0.24179709600096078], [0.8519091794610983, -0.16041538110847747, 0.015972436883134343]]	0.928676904962806	0.12346968362282451	[[0.010669478405719943, 0.2414913950467505, 0.878456791987778], [-0.16384779864336707, -0.8276180660257584, 0.2523190042653505], [0.912346002336314, -0.16409504646429646, 0.0]]	[[-0.021119033734673155, -0.016108848904271757, -0.013211531226392225], [0.005872010045500294, 0.04791621287292669, -0.006670777045168155], [-0.0001371322178597877, 0.007726473145529623, -0.017108137375407475]]	0.3435991790545285	[[0.0, 0.0, 0.9876], [0.0, -1.0, 0.0], [0.9876, 0.0, 0.0]]
4	[[0.8489524140446696, -0.5135124485683378, 0.12483895166604869], [0.522794976890395, 0.7815435453534784, -0.34040431673891397], [0.0772347773085365, 0.35425224329800037, 0.9319550081910795]]	0.8220780014562624	0.17792199854373755	[[0.6979051038693114, -0.4221472874419709, 0.10262735588952028], [0.4297782497734289, 0.6424897558152294, -0.279838900391811], [0.06349301137272118, 0.2912229761818178, 0.7661397105808773]]	0.9124436582217262	0.14582502766797603	[[0.7681248611697429, -0.4765117225694015, 0.05448767192839685], [0.49936877446390904, 0.673142997724698, -0.28973383338573877], [0.02351618439977253, 0.2908159471936814, 0.8503564369719274]]	[[-0.006496385157341056, -0.007960545455311252, -0.0594208378183379], [0.022347813250094113, -0.03997145385720738, 0.02086592665398309], [-0.0469561983495689, -0.032419265614398965, 0.0]]	0.4308490007857081	[[0.6983386570998344, -0.6983386570998343, 0.0], [0.7071067811865475, 0.7071067811865476, 0.0], [0.0, 0.0, 0.9876]]
4	[[0.8787972042104137, -0.3840163418041313, 0.28327887866788265], [-0.395223040501579, -0.9183905790867732, -0.018907472103605397], [0.2674214316928388, -0.09534250611366366, -0.9588511794847616]]	0.7133997055590152	0.2866002944409847	[[0.626933666729795, -0.2739571451729174, 0.20209106863275547], [-0.28195200072396515, -0.6551795687086777, -0.013488585031577368], [0.19077837062984146, -0.06801731578874626, -0.6840441491193434]]	0.8547287787372951	0.23971920147224135	[[0.6980191583449387, -0.3176278603263558, 0.15134771427530247], [-0.360158614296373, -0.8405368108088742, -0.024819579748109603], [0.1374076888987072, -0.05786206875293998, -0.8195576976318253]]	[[-0.05311410276757787, 0.010601958519053007, -0.0907788957305673], [-0.022350107559617825, -0.055561952742199106, -0.008658819207985488], [-0.09116510482029194, 0.023629915059344843, 0.0]]	0.4728827029708165	[[0.6896792577517965, -0.6896792577517964, 0.0], [-0.7071067811865475, -0.7071067811865476, 0.0], [0.0, 0.0, -0.9753537600000001]]
4	[[0.3802729664721569, 0.7767473726770865, -0.5020517802076895], [0.4287143634067757, 0.332951791095048, 0.839849450446521], [0.8195098935212374, -0.5346088512602871, -0.20639019011321075]]	0.7625737415012461	0.23742625849875404	[[0.28998617883445066, 0.5923271501836286, -0.38285150446033905], [0.32692631613842993, 0.253900293074892, 0.6404471377247688], [0.6249367256997778, -0.4076786719452404, -0.15738773948378465]]	0.8706882077313652	0.21592452491073713	[[0.3430843992502398, 0.6325180461502744, -0.43713056469737444], [0.40496949136144444, 0.30168643652181765, 0.7199931222299023], [0.6831579368998673, -0.4484593858164517, -0.08677776910526173]]	[[0.011985211623907891, -0.0437867316259848, 2.667922339851544e-18], [0.031692950658105665, 0.011789238272322458, -0.011253890543551174], [-0.030379663508260983, 0.01701823672469175, 0.09292373561774546]]	0.37124443736969454	[[0.4756574785730687, 0.47565747857306884, -0.6726812572422238], [0.5, 0.5000000000000001, 0.7071067811865475], [0.6726812572422238, -0.6726812572422237, 0.0]]
4	[[0.5319609947059123, -0.8460851799387872, 0.03402011756955908], [-0.703274286200726, -0.4190807785627857, 0.5742617690636116], [-0.47161719485230363, -0.3294103357928521, -0.8179645788128509]]	0.6644111460746862	0.3355888539253138	[[0.3534408141595852, -0.5621484240799367, 0.022603345303986316], [-0.4672632744994812, -0.2784419403827722, 0.3815459201304309], [-0.3133477209403477, -0.21886389873297613, -0.5434647832575443]]	0.7881032289021719	0.37040627354338745	[[0.5101619986208497, -0.7107620596269758, 0.08566114391790096], [-0.5090523178974169, -0.3929975036152417, 0.3281627861263806], [-0.3014476959991363, -0.09639961473953959, -0.6250784027174301]]	[[0.09092182104310897, -0.04395959739094249, 0.05884977941369998], [0.0452004178612454, -0.06271858885907416, -0.12441476830772501], [0.07023533806974899, 0.1632097345325558, 0.019562122972582748]]	0.6518353900866325	[[0.6896792577517965, -0.6896792577517964, 0.0], [-0.7071067811865475, -0.7071067811865476, 0.0], [0.0, 0.0, -0.9753537600000001]]
4	[[0.08740825448676931, -0.06334395238859675, -0.994156597696443], [0.7119981850616444, -0.6940087028176986, 0.10681996481098455], [-0.6967197295301035, -0.717174639895393, -0.015561310176609944]]	0.9072337014867571	0.09276629851324288	[[0.07929971425852818, -0.05746776839230755, -0.901932369985625], [0.6459487488853286, -0.6296280843213236, 0.09691067206815467], [-0.6320876191204482, -0.6506450031647294, -0.014117745031509383]]	0.9525028568663436	0.07398201882654269	[[0.06270031830375328, -0.06270031830375329, -0.9249558856891267], [0.6798063356175675, -0.6703277701453394, 0.0932095515204398], [-0.6708835842384333, -0.680013901275715, 0.0]]	[[-0.020556293808594882, -0.002365022688409246, 0.021981113789259484], [0.0016260302626997158, -0.00928249802137643, -0.008536770132385267], [-0.007256051425863459, 0.003096992096737761, 0.014822192399804278]]	0.1275915419203856	[[0.0, 0.0, -0.9632593733760001], [0.7071067811865475, -0.7071067811865476, 0.0], [-0.6811272349556742, -0.6811272349556741, 0.0]]
4	[[0.8592155572171323, 0.2624339665249735, -0.4391776855101157], [-0.4266000482917053, 0.8413623931712975, -0.33184593135155627], [0.2824199444684594, 0.4724804086637203, 0.8348660002631537]]	0.7367306111266311	0.26326938887336915	[[0.6330104025580867, 0.19334313653832957, -0.32355564463904696], [-0.31428931428459844, 0.6198574301000546, -0.24448105580451812], [0.20806741828259728, 0.3480907802201831, 0.6150713385827193]]	0.8133558415652898	0.27135204207164415	[[0.666303031275259, 0.26837387724401385, -0.2781668130257151], [-0.3366409657709128, 0.6899167991626431, -0.3480740183531509], [0.1412617024672861, 0.3902745761541494, 0.6654361144286051]]	[[-0.032544961351071, 0.054921677545776953, 0.07904092296906123], [0.010336675519180421, 0.005589781803416214, -0.07816519158868836], [-0.0884462091406801, 0.0059798757423570985, -0.013607023809679805]]	0.49696358085183984	[[0.6726812572422238, 0.47565747857306884, -0.4756574785730687], [-0.7071067811865475, 0.5000000000000001, -0.5], [0.0, 0.6726812572422237, 0.6726812572422238]]
4	[[-0.30792515101507295, 0.09349718223056193, 0.9468053539599837], [0.3027085282091916, -0.9338174967034747, 0.1906631317268273], [0.9019698710720718, 0.34531602882779927, 0.2592434992682147]]	0.7394990578587298	0.26050094214127023	[[-0.2277103590666536, 0.0691410781719465, 0.7001616672290092], [0.22385267141649998, -0.690557159024217, 0.14099520628038373], [0.6670058698747572, 0.25536087798167556, 0.19171032346484507]]	0.8566298006997455	0.2536756364071073	[[-0.2630150951574604, 0.08152941029495249, 0.7514917184548203], [0.24304710073167113, -0.849746155357601, 0.11969776880270862], [0.6874941344707988, 0.2698038329847384, 0.18148568486250793]]	[[0.0007627655870206247, 0.0014369377147984228, -0.059569963209372655], [-0.016262045458281905, -0.049810259266568215, -0.04362995172923277], [-0.08516013642284521, -0.02600416796844684, -0.040590022248327466]]	0.46815601299826504	[[0.0, 0.0, 0.9876], [0.0, -1.0, 0.0], [0.9876, 0.0, 0.0]]
4	[[-0.42203838922340475, -0.825029846081567, 0.3757783270710803], [0.2588054115689476, 0.28760896992378115, 0.9221175843470338], [-0.8688517462515349, 0.4864224845687207, 0.09214016247897017]]	0.754994449056568	0.24500555094343218	[[-0.3186366411524458, -0.6228929540975777, 0.2837105510144291], [0.19539664912035587, 0.21714317579133222, 0.696193657559462], [-0.6559782454730145, 0.36724627574568824, 0.06956531120679274]]	0.8678447037486398	0.21773250887715317	[[-0.28991997771562955, -0.6613949794305081, 0.33881495628721725], [0.2518391531200447, 0.22867072296680946, 0.8310741080790363], [-0.7685727553741046, 0.3879682903499804, 0.022040474138368356]]	[[0.0763438031505093, 0.05460280292593526, 0.012697725355056139], [0.027236247388446582, -0.020929198332145873, 0.03081924626997329], [-0.014544369046953023, -0.03417088666723836, -0.05792287787154503]]	0.48654901110098014	[[-0.4756574785730687, -0.47565747857306884, 0.6726812572422238], [0.5, 0.5000000000000001, 0.7071067811865475], [-0.6726812572422238, 0.6726812572422237, 0.0]]
4	[[0.22433838825039393, -0.7661379269479729, -0.6022499185961573], [-0.9416906372873723, -0.011392912655017143, -0.3362869982418849], [0.2507808429735371, 0.642575192824231, -0.724020780340167]]	0.6186539488674092	0.3813460511325907	[[0.13878782977365625, -0.47397425388345416, -0.3725842903445885], [-0.5825806313693002, -0.007048270403127863, -0.20804527941510959], [0.15514655880587644, 0.3975316804849476, -0.4479183148195075]]	0.7784869581616392	0.36411666421422534	[[0.22868634182807138, -0.5875435078711002, -0.36515642082145855], [-0.8368117909493591, -0.015485313448501181, -0.1567739822026731], [0.1491414341607654, 0.3651564208214585, -0.5331270580250116]]	[[0.05404183236013736, 0.008884876410891241, 0.10368728635955879], [-0.10371791119821719, -0.0066160795310956436, 0.10502106012796034], [-0.046088181450915235, -0.13507998643040586, 0.03051367690782137]]	0.7437387066376275	[[1.8995235071198807e-16, -0.9513149571461377, 0.0], [-1.0, -1.7938038903913487e-16, 0.0], [0.0, 0.0, -0.9513149571461377]]
4	[[-0.3195682178843842, -0.5708200961323295, -0.7563336379995778], [0.910087742671785, 0.03735879733279218, -0.41272826520656647], [0.2638493031197415, -0.8202248094963509, 0.507557688474819]]	0.6680639398639494	0.3319360601360506	[[-0.2134920026951427, -0.38134432237568244, -0.505279230053632], [0.6079968029912008, 0.024958065334723986, -0.2757288709471118], [0.17626820497253193, -0.5479626178062895, 0.33908098907072665]]	0.7825423533207954	0.3548996796581562	[[-0.29362821652441606, -0.42558093600776814, -0.5462874772336316], [0.7737044764455381, 0.035684291451485106, -0.24107644103734133], [0.22933962417438183, -0.5462874772336316, 0.31786610141322325]]	[[-0.04355255125463731, 0.021109965342427733, 0.04557562774223639], [0.06152227256674892, 0.006449450269447169, 0.08190090689941455], [0.022866369589007438, 0.09557317544174389, -0.07931928657192472]]	0.7121120602392054	[[0.0, 0.0, -0.9513149571461377], [1.0, 1.7938038903913487e-16, 0.0], [1.8995235071198807e-16, -0.9513149571461377, 0.0]]
4	[[-0.5446221603179724, 0.8109226453022452, -0.2139887049042392], [-0.8354447797583356, -0.5021691245819775, 0.22328947644507607], [0.07361197229480154, 0.30038414347728, 0.9509735242804028]]	0.7399060480753347	0.2600939519246654	[[-0.40296923033512233, 0.6000065697803805, -0.15833153697845465], [-0.6181506453761585, -0.3715579724349013, 0.1652132340932868], [0.05446594351167763, 0.22225604450476855, 0.7036310621745863]]	0.8433902310892492	0.242153072407293	[[-0.49894011065240634, 0.641104396441232, -0.13909203594698458], [-0.7349001045941816, -0.40330475852797054, 0.09804559465392658], [0.06643190158138951, 0.1659323750421628, 0.7924578879759177]]	[[-0.039611101005505606, -0.042819840775733815, 0.04138394733269091], [-0.030294138731492216, 0.020219775499109263, -0.09027456848488356], [0.004348283256741442, -0.08740867714068648, -0.009583892426689]]	0.38712285503913596	[[-0.6896792577517965, 0.6896792577517964, 0.0], [-0.7071067811865475, -0.7071067811865476, 0.0], [0.0, 0.0, 0.9753537600000001]]
4	[[-0.8305561570912853, 0.32773595720904825, 0.4502950280316503], [-0.5100865793185324, -0.772219296347621, -0.37879947194723407], [0.22358030216652452, -0.5443036842615101, 0.808545204538665]]	0.6737701073302992	0.3262298926697008	[[-0.5596039111072361, 0.22081869106473878, 0.30339532936718516], [-0.34368108929519275, -0.5202982781826647, -0.25522376087054843], [0.15064172418768, -0.36673555176515493, 0.5447735892434149]]	0.8094582785732549	0.3362062875183713	[[-0.6642148132198314, 0.27093568623959874, 0.20363110947300272], [-0.5668446343656545, -0.6304523116951967, -0.29599816832020376], [0.18390524394315905, -0.29203863086777426, 0.6473029663168236]]	[[0.008085743957698129, 0.0056471024906046005, -0.1608639287675925], [-0.15395082994715503, -0.005373009392601151, 0.010624200166662342], [0.00292631742855595, 0.14855249241562807, -0.007180643097704457]]	0.6467512671549884	[[-0.9513149571461377, 0.0, 0.0], [0.0, -0.7071067811865476, -0.7071067811865475], [0.0, -0.6726812572422237, 0.6726812572422238]]
4	[[0.04673222253661188, -0.9725397674033924, -0.22799671093185395], [-0.8377629715199755, -0.16246744520517667, 0.5213036857710898], [-0.5440306084466285, 0.16664552219444034, -0.8223502702654952]]	0.6298483625339426	0.37015163746605745	[[0.029434213842256765, -0.612552579998168, -0.14360335504355284], [-0.5276636358034266, -0.1023298543275535, 0.3283422728658298], [-0.3426567878984535, 0.10496140927778203, -0.5179559711560673]]	0.8018646232522928	0.3343729910572909	[[-0.03161256238524746, -0.8837999750726195, -0.15494819823096057], [-0.6885823519742753, -0.1476764904994194, 0.27777699520667704], [-0.31128383707852747, 0.044706914466582356, -0.6312739249440533]]	[[-0.06908547840330993, -0.1039547408858257, 0.02787429848317244], [-0.01680986244168897, -0.017399593759208028, -0.14023798838418958], [0.1249550618012439, -0.08892023440454414, 0.028139664703809186]]	0.616555948181695	[[1.9233733364923862e-16, -0.9632593733760001, 0.0], [-1.0, -1.7938038903913487e-16, 0.0], [0.0, 0.0, -0.9632593733760001]]
