4	[[0.8489524140446696, -0.5135124485683378, 0.12483895166604869], [0.522794976890395, 0.7815435453534784, -0.34040431673891397], [0.0772347773085365, 0.35425224329800037, 0.9319550081910795]]	0.8051109010774142	0.1948890989225858	[[0.68350084304335, -0.41343447018132373, 0.10050920086541226], [0.4209079349229718, 0.629229228030776, -0.2740632261803085], [0.06218256115338927, 0.2852123428103485, 0.7503271364083289]]	0.9017079344011012	0.16549018101992533	[[0.7429847623061892, -0.4682659588067169, 0.06601341225001112], [0.50833431276649, 0.6668005074631622, -0.2960804210917767], [0.02192260624093213, 0.2902003172185903, 0.8243067524038936]]	[[-0.02252236536685825, -0.005227709518909421, -0.04655486098958057], [0.036925934039380465, -0.03792350846203603, 0.010864852216087647], [-0.04772060526987736, -0.029231741342605984, -0.016044472986845942]]	0.4349246899221586	[[0.6894291116568839, -0.6894291116568838, 0.0], [0.7071067811865475, 0.7071067811865476, 0.0], [0.0, 0.0, 0.9750000000000001]]
4	[[0.8592155572171323, 0.2624339665249735, -0.4391776855101157], [-0.4266000482917053, 0.8413623931712975, -0.33184593135155627], [0.2824199444684594, 0.4724804086637203, 0.8348660002631537]]	0.708796301535251	0.29120369846474925	[[0.6090088091770529, 0.18601222487012703, -0.3112875192063816], [-0.30237253646392015, 0.5963545525306634, -0.23521116882150384], [0.20017821211903497, 0.3348923662087089, 0.5917499332640512]]	0.7982025565106476	0.36108169416009406	[[0.5688240006617746, 0.21131805090625896, -0.2889696009981301], [-0.3239971967046089, 0.7528219050918409, -0.2727435123442131], [0.24779030408501815, 0.35221049848328567, 0.5516437349525418]]	[[-0.11700405370266093, 0.0018425879107953694, 0.06158315033847342], [0.01651605244939605, 0.08124429191059439, -0.007863241571744062], [0.022361982400698727, -0.024924571613291414, -0.11474844080132648]]	0.5163471133800528	[[0.6390038355371048, 0.45184394531250016, -0.45184394531250005], [-0.7071067811865475, 0.5000000000000001, -0.5], [0.0, 0.6390038355371047, 0.6390038355371048]]
4	[[-0.30792515101507295, 0.09349718223056193, 0.9468053539599837], [0.3027085282091916, -0.9338174967034747, 0.1906631317268273], [0.9019698710720718, 0.34531602882779927, 0.2592434992682147]]	0.7170649204079086	0.2829350795920915	[[-0.22080232390421647, 0.0670435495345216, 0.6789209057790973], [0.2170616666871191, -0.6696077689491896, 0.13671784337642], [0.6467709538106268, 0.24761401072698097, 0.1858944191690301]]	0.8462474740180016	0.2654001548406741	[[-0.2533121623229543, 0.07775712309311918, 0.740297198067216], [0.24406506877865117, -0.8497614875639632, 0.11864278553518788], [0.6772276076628305, 0.2622286385769864, 0.1755550392298351]]	[[0.007268718910162954, -0.0013646311972946319, -0.06093444110814017], [-0.01210125858208421, -0.05952078978483416, -0.042705408077001204], [-0.08606211737225289, -0.029994178556466116, -0.043829117181479235]]	0.4703186489186853	[[0.0, 0.0, 0.9750000000000001], [0.0, -1.0, 0.0], [0.9750000000000001, 0.0, 0.0]]
4	[[0.5319609947059123, -0.8460851799387872, 0.03402011756955908], [-0.703274286200726, -0.4190807785627857, 0.5742617690636116], [-0.47161719485230363, -0.3294103357928521, -0.8179645788128509]]	0.6488815014400359	0.35111849855996435	[[0.3451796489523073, -0.549009021904843, 0.022075024967702007], [-0.45634167475409654, -0.2719337648184796, 0.37262783892960744], [-0.30602367350070075, -0.21374827327913226, -0.5307620840248493]]	0.775533481865489	0.3893893211431551	[[0.5095007525507842, -0.6686635271635835, 0.09969740928078136], [-0.5184107741450988, -0.3783124420308436, 0.32488708155124035], [-0.27920825930842275, -0.11408567139071149, -0.6064572029059059]]	[[0.09694719010987912, -0.01249614161086697, 0.07331366904858795], [0.027001981738616537, -0.05330126664914635, -0.12047214771289773], [0.08654666592301907, 0.14138307328919905, 0.027901714943462635]]	0.6605034098268991	[[0.6721933838654619, -0.6721933838654618, 0.0], [-0.7071067811865475, -0.7071067811865476, 0.0], [0.0, 0.0, -0.9506250000000002]]
4	[[0.08740825448676931, -0.06334395238859675, -0.994156597696443], [0.7119981850616444, -0.6940087028176986, 0.10681996481098455], [-0.6967197295301035, -0.717174639895393, -0.015561310176609944]]	0.8508506013152861	0.14914939868471405	[[0.07437136588998722, -0.05389623997952439, -0.8458787389515778], [0.6058040838950925, -0.5904977221104803, 0.09088783129190389], [-0.5928044008189122, -0.6102084736030688, -0.01324035012102225]]	0.93418995883409	0.1109193261077096	[[0.06014038569325404, -0.05720390959928861, -0.8871397974984617], [0.6819388014970656, -0.6728000766649688, 0.09181814628226036], [-0.6436892835818018, -0.656100642865992, -0.0020764021588351523]]	[[-0.021515527967500638, 0.0019713746750031347, 0.04159131357821733], [0.016797246304381484, -0.02446411514920281, -0.007971992247172235], [0.007179291866823862, 0.013876704454738698, 0.012460817554456598]]	0.14919558724715962	[[0.0, 0.0, -0.9268593750000003], [0.7071067811865475, -0.7071067811865476, 0.0], [-0.6553885492688254, -0.6553885492688253, 0.0]]
4	[[0.034229894132735264, 0.2773841392786001, 0.9601491309293217], [-0.1827544195208179, -0.9427759796974285, 0.2788803941677556], [0.9825625356654255, -0.18501754344446375, 0.018422055382213542]]	0.862893857424592	0.137106142575408	[[0.029536765387431337, 0.23935306993051153, 0.828506787290472], [-0.15769766602171073, -0.8135156018083629, 0.24064417908350533], [0.8478471765612273, -0.15965050175401538, 0.01589627843044771]]	0.9189132806818568	0.12712617644413213	[[0.00903261826590973, 0.23679903786804923, 0.8608197898510033], [-0.16487506454839043, -0.8267536687784699, 0.25337857791800883], [0.8940796002007424, -0.16024418562923065, 0.0]]	[[-0.022421686048994673, -0.018092931565562357, -0.021473997995093606], [0.003060398652592734, 0.03957569967334569, -0.0028883200045328157], [-0.008810162922657811, 0.009770892201019522, -0.016928271348172708]]	0.34899993141580127	[[0.0, 0.0, 0.9750000000000001], [0.0, -1.0, 0.0], [0.9750000000000001, 0.0, 0.0]]
4	[[0.04673222253661188, -0.9725397674033924, -0.22799671093185395], [-0.8377629715199755, -0.16246744520517667, 0.5213036857710898], [-0.5440306084466285, 0.16664552219444034, -0.8223502702654952]]	0.6118798926622631	0.38812010733773694	[[0.028594507309571058, -0.59507752848857, -0.13950660301233178], [-0.5126103170900612, -0.09941056293325555, 0.3189752432940565], [-0.3328813903013088, 0.10196704423298095, -0.5031795951008342]]	0.7861671291891135	0.35987912075868744	[[-0.03421519671426468, -0.8422087153654743, -0.15729150255491275], [-0.6889550850177849, -0.15458224421110647, 0.2750318110404261], [-0.29619103766339727, 0.04687448960348119, -0.6071797982473459]]	[[-0.07095453394649949, -0.0776299184037011, 0.02195201714294307], [-0.030333374756984822, -0.02685567922746325, -0.13480001103793526], [0.13150794397009527, -0.08413674217234265, 0.03932495291517006]]	0.627786003693086	[[-1.8506921996565278e-16, -0.9268593750000003, 0.0], [-1.0, 1.7938038903913487e-16, 0.0], [0.0, 0.0, -0.9268593750000003]]
4	[[0.8787972042104137, -0.3840163418041313, 0.28327887866788265], [-0.395223040501579, -0.9183905790867732, -0.018907472103605397], [0.2674214316928388, -0.09534250611366366, -0.9588511794847616]]	0.6905968126093585	0.3094031873906417	[[0.606894548157727, -0.26520046163983896, 0.19563149068759295], [-0.27293977204016984, -0.6342376066477886, -0.013057439969250243], [0.1846803883505057, -0.0658432308282844, -0.6621795683189002]]	0.8437884787162683	0.2521642971423809	[[0.690178361803578, -0.3117445737482671, 0.14241849703407822], [-0.3590766437144183, -0.8404941294690762, -0.026004592199465198], [0.13015667349695362, -0.05432327614236844, -0.8090675780527465]]	[[-0.05134059423723664, 0.012283991104827295, -0.09660895704954481], [-0.025591995615972814, -0.06556673987409527, -0.010050685076793724], [-0.09549044952727324, 0.026125632048276327, 0.0]]	0.47831323195786835	[[0.6721933838654619, -0.6721933838654618, 0.0], [-0.7071067811865475, -0.7071067811865476, 0.0], [0.0, 0.0, -0.9506250000000002]]
4	[[-0.5446221603179724, 0.8109226453022452, -0.2139887049042392], [-0.8354447797583356, -0.5021691245819775, 0.22328947644507607], [0.07361197229480154, 0.30038414347728, 0.9509735242804028]]	0.7154329342583151	0.2845670657416848	[[-0.3896406302183895, 0.5801607675851002, -0.15309456704777658], [-0.597704710193298, -0.3592683302936136, 0.1597486453221037], [0.052664429335411655, 0.21490470917262114, 0.6803577788778997]]	0.8328029156736148	0.2535292047552466	[[-0.5036422144251089, 0.6414626946856945, -0.13061683758035497], [-0.736320032959415, -0.408223639078954, 0.0945881992527828], [0.07771718527406898, 0.13837786256705048, 0.7755756670175299]]	[[-0.050079291371838766, -0.033876048707775844, 0.04759357978511625], [-0.04055918449237204, 0.009984272034183506, -0.09136792776991146], [0.016412920118472944, -0.11178292794294971, -0.016397856731602566]]	0.39478901941135364	[[-0.6721933838654619, 0.6721933838654618, 0.0], [-0.7071067811865475, -0.7071067811865476, 0.0], [0.0, 0.0, 0.9506250000000002]]
4	[[0.3802729664721569, 0.7767473726770865, -0.5020517802076895], [0.4287143634067757, 0.332951791095048, 0.839849450446521], [0.8195098935212374, -0.5346088512602871, -0.20639019011321075]]	0.721919470072807	0.2780805299271931	[[0.2745264584385937, 0.5607490516634873, -0.3624409551166445], [0.3094972460432203, 0.24036438058712895, 0.6063036702072907], [0.5916201480502742, -0.3859445385980585, -0.14899709667475503]]	0.8468273410904599	0.2461800600088201	[[0.34617818170642156, 0.5910662810697106, -0.4303916083718047], [0.40349912398671, 0.2927488408598623, 0.7177614162664477], [0.6542282154138912, -0.4303916083718046, -0.08022976351627692]]	[[0.02415263662022338, -0.06670463123342707, -0.005240434248795131], [0.040452079535661024, 0.010796160895536689, 0.006553939228536343], [-0.03975516871402421, 0.02232978366436937, 0.09454709240444785]]	0.38109901981634736	[[0.45184394531250005, 0.45184394531250016, -0.6390038355371048], [0.5, 0.5000000000000001, 0.7071067811865475], [0.6390038355371048, -0.6390038355371047, 0.0]]
4	[[-0.42203838922340475, -0.825029846081567, 0.3757783270710803], [0.2588054115689476, 0.28760896992378115, 0.9221175843470338], [-0.8688517462515349, 0.4864224845687207, 0.09214016247897017]]	0.7225062302016814	0.2774937697983186	[[-0.3049253655981921, -0.5960892038962665, 0.27150218248362057], [0.18698852226847495, 0.20779927263181996, 0.6662356996692566], [-0.6277507997883444, 0.351443275611082, 0.06657184144285112]]	0.8462085104132087	0.2526624339889078	[[-0.2770433599766339, -0.6266445306483664, 0.3266191202560711], [0.25556898260363053, 0.23106066736797343, 0.8305672817804232], [-0.7284257271962072, 0.36965060934628347, 0.02214786769808364]]	[[0.08008911670529348, 0.07150274645075515, 0.008632301859684664], [0.03656564079299397, -0.012316490652706768, 0.0502635343042934], [0.006804014769219344, -0.04196423675210577, -0.055821921942476725]]	0.4992342232970644	[[-0.45184394531250005, -0.45184394531250016, 0.6390038355371048], [0.5, 0.5000000000000001, 0.7071067811865475], [-0.6390038355371048, 0.6390038355371047, 0.0]]
4	[[-0.8305561570912853, 0.32773595720904825, 0.4502950280316503], [-0.5100865793185324, -0.772219296347621, -0.37879947194723407], [0.22358030216652452, -0.5443036842615101, 0.808545204538665]]	0.6448410875294881	0.3551589124705119	[[-0.5355767355930566, 0.2113376110692005, 0.2903687355850507], [-0.32892478454195895, -0.4979587308680559, -0.2442654634460502], [0.1441737651992333, -0.35098937970549926, 0.5213831690114651]]	0.7921201677445993	0.3534810648274493	[[-0.6442750240014801, 0.26090059595346293, 0.19801292123821584], [-0.5634830240146576, -0.6261156260056475, -0.3026955120392975], [0.17471599773422178, -0.2875600703967255, 0.623582406444419]]	[[0.013625258474978478, 0.0012943345530948488, -0.15867485190077402], [-0.15943315724059287, -0.014425147447153642, -0.002640810778888846], [-0.0023864687223138017, 0.1435938552845053, -0.01688255660383969]]	0.6627271233553578	[[-0.9036878906250003, 0.0, 0.0], [0.0, -0.7071067811865476, -0.7071067811865475], [0.0, -0.6390038355371047, 0.6390038355371048]]
4	[[-0.3195682178843842, -0.5708200961323295, -0.7563336379995778], [0.910087742671785, 0.03735879733279218, -0.41272826520656647], [0.2638493031197415, -0.8202248094963509, 0.507557688474819]]	0.641053887877322	0.3589461121226779	[[-0.20486044851681168, -0.3659264419041366, -0.4848506191720285], [0.5834152857492436, 0.023949002276607425, -0.2645810590475319], [0.1691416215786323, -0.5258083030610716, 0.3253718295188093]]	0.7646129753415772	0.37832186515917476	[[-0.27855649256708037, -0.4060971027195284, -0.5222620348548882], [0.7775424038801572, 0.032218376299805424, -0.2358028845408621], [0.21309221133402226, -0.5222620348548882, 0.3083867684938712]]	[[-0.03421048666589592, 0.030359349368977266, 0.05604047844688843], [0.08167750713398379, 0.0036533551159961103, 0.07977450232629829], [0.01134961063383496, 0.10489249718309498, -0.07969842584835352]]	0.7106646399246217	[[0.0, 0.0, -0.9036878906250003], [1.0, 1.7938038903913487e-16, 0.0], [1.804424894665115e-16, -0.9036878906250003, 0.0]]
4	[[0.22433838825039393, -0.7661379269479729, -0.6022499185961573], [-0.9416906372873723, -0.011392912655017143, -0.3362869982418849], [0.2507808429735371, 0.642575192824231, -0.724020780340167]]	0.5883962781885058	0.4116037218114942	[[0.1319998727013399, -0.45079270479524464, -0.35436161064130955], [-0.554087266184852, -0.006703547403938914, -0.1978700181687097], [0.14755851464660533, 0.37808885191403907, -0.42601113248329203]]	0.7612552679120211	0.3885271025299555	[[0.21695406194924083, -0.5650330272031677, -0.34833310775995663], [-0.8385304729073351, -0.012847968469327786, -0.15614772430372753], [0.14110880760192962, 0.3483331077599566, -0.5137895344725463]]	[[0.046175282098736115, 0.01819350563317195, 0.11013281537095405], [-0.12166351452889455, -0.004175053693834363, 0.09985252463822798], [-0.0497994302030928, -0.14083064280707208, 0.037375098639178275]]	0.7367721935490932	[[1.804424894665115e-16, -0.9036878906250003, 0.0], [-1.0, -1.7938038903913487e-16, 0.0], [0.0, 0.0, -0.9036878906250003]]
