4	[[-0.3195682178843842, -0.5708200961323295, -0.7563336379995778], [0.910087742671785, 0.03735879733279218, -0.41272826520656647], [0.2638493031197415, -0.8202248094963509, 0.507557688474819]]	0.5744400737565314	0.42555992624346856	[[-0.18357279065174897, -0.3279019381239658, -0.4344683507970232], [0.5227908700252953, 0.021460390295304443, -0.2370876551066653], [0.15156561314471367, -0.47117000006402077, 0.2915614760031696]]	0.7229090116984483	0.43393670885070407	[[-0.23906181696282885, -0.36455244666131714, -0.47175903580455664], [0.7894245386021466, 0.03336119925695302, -0.22439412258711475], [0.1795596359645245, -0.4717590358045566, 0.2840154575283508]]	[[-0.00804307240179427, 0.04809854489131856, 0.07500136695601012], [0.13151390798841459, 0.0063541879988615844, 0.07397085971337934], [-0.01117940299109206, 0.12118887059899847, -0.08290256942692956]]	0.7167900405489153	[[0.0, 0.0, -0.8001975893767695], [1.0, -1.7938038903913487e-16, 0.0], [-1.5977822275828458e-16, -0.8001975893767695, 0.0]]
4	[[-0.30792515101507295, 0.09349718223056193, 0.9468053539599837], [0.3027085282091916, -0.9338174967034747, 0.1906631317268273], [0.9019698710720718, 0.34531602882779927, 0.2592434992682147]]	0.6603277180958222	0.33967228190417786	[[-0.20333151231409455, 0.06173878099069621, 0.6252018188613032], [0.1998868316805203, -0.6166255767161584, 0.12590015069817903], [0.5955957067562044, 0.22802174533777186, 0.17118566830295623]]	0.8216222075366438	0.28845205486542985	[[-0.22427905480429877, 0.07145616393893489, 0.7223256776652178], [0.24922049754566206, -0.8472950277840919, 0.11944191741979013], [0.661276361954398, 0.248440362120255, 0.15282289086536388]]	[[0.02871908752875995, -0.005363197323795255, -0.05559062736289752], [0.000508448358257578, -0.08004983470624032, -0.03721114576545564], [-0.0798021146473797, -0.035278955783028754, -0.060177325292911005]]	0.4762399755048571	[[0.0, 0.0, 0.9458], [0.0, -1.0, 0.0], [0.9458, 0.0, 0.0]]
4	[[-0.5446221603179724, 0.8109226453022452, -0.2139887049042392], [-0.8354447797583356, -0.5021691245819775, 0.22328947644507607], [0.07361197229480154, 0.30038414347728, 0.9509735242804028]]	0.6570162272445228	0.34298377275547715	[[-0.3578255970458758, 0.5327893370036297, -0.14059405156912474], [-0.548900777267953, -0.3299332636715355, 0.14670480939734862], [0.04836426031715885, 0.19735725667151996, 0.6248050371321379]]	0.7994136773059926	0.2968110880422208	[[-0.4753414150270552, 0.6133996020610825, -0.10805759493195793], [-0.7348183796782916, -0.4058658488818425, 0.0970664812107801], [0.07430812201100356, 0.1114218371951061, 0.7373778556844082]]	[[-0.039963011104931105, -0.03486305183068832, 0.0630079025574868], [-0.0669523961055853, -0.00442498237023294, -0.08143418025790794], [0.015461704545069437, -0.12870935554647717, -0.02284338638122823]]	0.4151174180908716	[[-0.6325336312706106, 0.6325336312706105, 0.0], [-0.7071067811865475, -0.7071067811865476, 0.0], [0.0, 0.0, 0.8945376399999999]]
4	[[0.034229894132735264, 0.2773841392786001, 0.9601491309293217], [-0.1827544195208179, -0.9427759796974285, 0.2788803941677556], [0.9825625356654255, -0.18501754344446375, 0.018422055382213542]]	0.8188884844845975	0.18111151551540244	[[0.0280304661304238, 0.22714667743391742, 0.7862550667059158], [-0.14965548963426495, -0.772028393222909, 0.2283719433325006], [0.8046091457424037, -0.15150873575430013, 0.01508560901303217]]	0.8950575959235983	0.16037826579118544	[[0.009136993719163135, 0.22380940022171722, 0.8206834547447596], [-0.16655854111010696, -0.825279411408639, 0.25525427349296664], [0.8518903543863453, -0.15225394658517968, 0.0]]	[[-0.021500733032002173, -0.024465380628323184, -0.038705318112971204], [-0.00298280972939095, 0.01855939047385665, 0.0056402583389498035], [-0.02755970663094513, 0.01334741105391196, -0.016488800602375436]]	0.3619638739224842	[[0.0, 0.0, 0.9458], [0.0, -1.0, 0.0], [0.9458, 0.0, 0.0]]
4	[[0.04673222253661188, -0.9725397674033924, -0.22799671093185395], [-0.8377629715199755, -0.16246744520517667, 0.5213036857710898], [-0.5440306084466285, 0.16664552219444034, -0.8223502702654952]]	0.5747267686168119	0.42527323138318807	[[0.02685825924874871, -0.5589446378710976, -0.13103581292912575], [-0.48148480548849365, -0.0933743897882001, 0.29960718279125226], [-0.31266895362116887, 0.09577564247527191, -0.47262671350085]]	0.745238047410577	0.41350619656187537	[[-0.013871171887210744, -0.770845678460953, -0.12940451941130893], [-0.6801993554313823, -0.1539465121686614, 0.28057897202517884], [-0.26942795872604686, 0.033529110821162084, -0.5550258851340419]]	[[-0.04869780216155204, -0.04607204117211189, 0.040507304259579636], [-0.05586651434295293, -0.03286959053617057, -0.10791636886680511], [0.13600434964430674, -0.09066147274873862, 0.05782082456617611]]	0.6555905421465168	[[1.6893447109144068e-16, -0.846053699912, 0.0], [-1.0, -1.7938038903913487e-16, 0.0], [0.0, 0.0, -0.846053699912]]
4	[[-0.8305561570912853, 0.32773595720904825, 0.4502950280316503], [-0.5100865793185324, -0.772219296347621, -0.37879947194723407], [0.22358030216652452, -0.5443036842615101, 0.808545204538665]]	0.584171106145767	0.4158288938542329	[[-0.48518690900419353, 0.19145387664655145, 0.26304934461718826], [-0.2979778412706176, -0.45110820053449563, -0.22128370653484822], [0.1306091524290235, -0.3179664853142627, 0.47232874650420736]]	0.7563165442561247	0.40111919090346515	[[-0.5882952286324262, 0.23317442511843384, 0.19585722327840438], [-0.5709763032063113, -0.6222505096271067, -0.3025063412249273], [0.17408127385272446, -0.26051994364785824, 0.5679484504017468]]	[[0.03986813390950163, -0.014697701466386688, -0.14470835621820813], [-0.18518938426469128, -0.038208280005577896, -0.016014033635750387], [0.004983792354398507, 0.15114593785868385, -0.04356766456979791]]	0.6818142898232216	[[-0.6325336312706106, 0.6325336312706105, 0.0], [-0.7071067811865475, -0.7071067811865476, 0.0], [0.0, 0.0, 0.8945376399999999]]
4	[[0.8489524140446696, -0.5135124485683378, 0.12483895166604869], [0.522794976890395, 0.7815435453534784, -0.34040431673891397], [0.0772347773085365, 0.35425224329800037, 0.9319550081910795]]	0.7302003576904541	0.2697996423095458	[[0.6199053563975923, -0.37496697362310116, 0.09115744716025007], [0.3817450791241392, 0.5706833763677757, -0.24856335384212958], [0.056396862016835934, 0.25867511476884564, 0.6805138803325365]]	0.8705783080780313	0.2165650312360979	[[0.6961071918680408, -0.446473992332258, 0.05218409220025262], [0.5024104262337268, 0.665968499842371, -0.30401295170665193], [0.027288809107267827, 0.2623212215026496, 0.77665712239477]]	[[-0.042972364389728034, 0.0005788063193726267, -0.05649799112341117], [0.047276459780793284, -0.01442635756076648, -0.007664337577629909], [-0.03995011264678141, -0.046083097100570646, -0.034682691841067564]]	0.44498328110544705	[[0.6687815936462367, -0.6687815936462366, 0.0], [0.7071067811865475, 0.7071067811865476, 0.0], [0.0, 0.0, 0.9458]]
4	[[0.3802729664721569, 0.7767473726770865, -0.5020517802076895], [0.4287143634067757, 0.332951791095048, 0.839849450446521], [0.8195098935212374, -0.5346088512602871, -0.20639019011321075]]	0.6322523781282378	0.3677476218717626	[[0.2404284873899009, 0.49110037357994846, -0.3174234319798269], [0.27105567580166745, 0.2105095617219003, 0.5309968123145067], [0.5181370790784211, -0.3380077175777219, -0.13049068852141663]]	0.7973208997152381	0.3156342973848464	[[0.34396207728094885, 0.5071156457856374, -0.4015166388746169], [0.406242979405594, 0.30336960097870297, 0.7194168237314988], [0.5787050919743735, -0.41555152346968505, -0.06507087161743709]]	[[0.0407624935159861, -0.11220126824870469, -0.0012202617757849955], [0.064420057453258, 0.03790017934099932, 0.04978730427613068], [-0.07470727365351842, 0.010703286812897082, 0.09948834045602711]]	0.41741297828180757	[[0.40009879468838466, 0.4000987946883848, -0.5658251417374422], [0.5, 0.5000000000000001, 0.7071067811865475], [0.5658251417374422, -0.5658251417374421, 0.0]]
4	[[0.8787972042104137, -0.3840163418041313, 0.28327887866788265], [-0.395223040501579, -0.9183905790867732, -0.018907472103605397], [0.2674214316928388, -0.09534250611366366, -0.9588511794847616]]	0.6376025255652037	0.3623974744347964	[[0.5603233168641998, -0.2448497893926246, 0.18061932847792087], [-0.25199520878536563, -0.5855681526810164, -0.012055451965312438], [0.17050858023761664, -0.060790622691787824, -0.6113659336806584]]	0.8185992746943936	0.2913811217192546	[[0.6477489711536629, -0.26558739853290597, 0.16254916617664755], [-0.31850223292495655, -0.8543488384573026, -0.03313077664681827], [0.15454455650014517, -0.04896156399552686, -0.7454829394559377]]	[[-0.07163378281644278, 0.0487681003387503, -0.06934271843712231], [0.0050270613721490245, -0.10255497653070596, -0.017653133696502413], [-0.06436643352134892, 0.029085742356663995, 0.03943194061015198]]	0.49358607421192846	[[0.6325336312706106, -0.6325336312706105, 0.0], [-0.7071067811865475, -0.7071067811865476, 0.0], [0.0, 0.0, -0.8945376399999999]]
4	[[0.22433838825039393, -0.7661379269479729, -0.6022499185961573], [-0.9416906372873723, -0.011392912655017143, -0.3362869982418849], [0.2507808429735371, 0.642575192824231, -0.724020780340167]]	0.522912038144805	0.4770879618551951	[[0.11730924383413409, -0.4006227448804002, -0.3149237324056595], [-0.49242137044582024, -0.00595749117684076, -0.17584851965226256], [0.13113632172696454, 0.33601030374100976, -0.37859918190686886]]	0.7362836090588267	0.4400578563963822	[[0.20735469838739068, -0.4810269914613954, -0.35845000681739947], [-0.8120246421772382, 0.044974802931635416, -0.2066045311621023], [0.16532444779023195, 0.3584500068173994, -0.4015916719650033]]	[[0.042178020235950416, 0.08306780642870568, 0.08497673680196383], [-0.11867326113838522, 0.05336321777896336, 0.040998073582992], [-0.019321376357138795, -0.1146675752468969, 0.13149296121744294]]	0.7313555468573607	[[1.5977822275828458e-16, -0.8001975893767695, 0.0], [-1.0, -1.7938038903913487e-16, 0.0], [0.0, 0.0, -0.8001975893767695]]
4	[[0.5319609947059123, -0.8460851799387872, 0.03402011756955908], [-0.703274286200726, -0.4190807785627857, 0.5742617690636116], [-0.47161719485230363, -0.3294103357928521, -0.8179645788128509]]	0.5978233940745816	0.40217660592541843	[[0.31801872737037906, -0.505809513947209, 0.02033802215225014], [-0.4204338207418967, -0.2505362934318227, 0.34330711986888185], [-0.2819437921305374, -0.1969292049869305, -0.48899836073868413]]	0.7459899609999542	0.43447466312916416	[[0.4651369471988642, -0.6145411333901485, 0.0913095009913242], [-0.5058009107455057, -0.3623573119448038, 0.3441057762218981], [-0.2610046999197849, -0.10565741369492423, -0.5521455653945277]]	[[0.06829938550470385, 0.01662991699502655, 0.06593083481239494], [0.018834646589644607, -0.049727258288920995, -0.08428773848563018], [0.09081699287499288, 0.14007938985616733, 0.05804779885341477]]	0.6810004221143972	[[0.6325336312706106, -0.6325336312706105, 0.0], [-0.7071067811865475, -0.7071067811865476, 0.0], [0.0, 0.0, -0.8945376399999999]]
4	[[0.08740825448676931, -0.06334395238859675, -0.994156597696443], [0.7119981850616444, -0.6940087028176986, 0.10681996481098455], [-0.6967197295301035, -0.717174639895393, -0.015561310176609944]]	0.7232249338319572	0.276775066168043	[[0.06321582906756061, -0.04581192577489754, -0.7189988395876138], [0.5149348402796812, -0.5019243981741326, 0.07725486198235632], [-0.5038850802888282, -0.5186785814843033, -0.01125432752281729]]	0.8841497360370202	0.1875416411042507	[[0.04950396187839947, -0.04950396187839948, -0.8113812039053159], [0.6814815947657734, -0.6689422873245017, 0.0874898590161457], [-0.5836294363549654, -0.5942383638099873, 0.0]]	[[-0.027778023253534297, 0.006501576905519914, 0.06760208952745622], [0.051968587384683115, -0.055334675920838766, -0.0069549846749700755], [0.032375128600859754, 0.03985140474596939, 0.01375852828503988]]	0.20645859568872715	[[0.0, 0.0, -0.846053699912], [0.7071067811865475, -0.7071067811865476, 0.0], [-0.5982503084557436, -0.5982503084557435, 0.0]]
4	[[-0.42203838922340475, -0.825029846081567, 0.3757783270710803], [0.2588054115689476, 0.28760896992378115, 0.9221175843470338], [-0.8688517462515349, 0.4864224845687207, 0.09214016247897017]]	0.627881330918898	0.37211866908110214	[[-0.2649900255244592, -0.5180208378055079, 0.23594419613186673], [0.16249908626492393, 0.18058430281995697, 0.5789804161235348], [-0.5455357908076224, 0.30541559699988546, 0.0578530878483793]]	0.797796688579378	0.33408245606220877	[[-0.2545613673069028, -0.5456362220698666, 0.30370317664063684], [0.26837193528381864, 0.23802824593711325, 0.8262165485432041], [-0.6368555433794355, 0.3357231910336297, 0.024280947068031317]]	[[0.08213946206890418, 0.11256985711316143, 0.003908471663430486], [0.061897834947689204, 0.008574762126194633, 0.0905541932703251], [0.056311502646449234, -0.05234305640584934, -0.04922816944285695]]	0.5355879066169021	[[-0.40009879468838466, -0.4000987946883848, 0.5658251417374422], [0.5, 0.5000000000000001, 0.7071067811865475], [-0.5658251417374422, 0.5658251417374421, 0.0]]
4	[[0.8592155572171323, 0.2624339665249735, -0.4391776855101157], [-0.4266000482917053, 0.8413623931712975, -0.33184593135155627], [0.2824199444684594, 0.4724804086637203, 0.8348660002631537]]	0.6289448584547684	0.37105514154523167	[[0.5403992070160643, 0.16505649392977292, -0.27621854724965256], [-0.268307906989624, 0.5291705512822868, -0.2087127923226954], [0.17762657199851872, 0.2971641237496547, 0.5250846783642079]]	0.7690950980271738	0.41196277289446986	[[0.5046826557121762, 0.20569982688483343, -0.29373079959518134], [-0.35682640065169824, 0.748693546119214, -0.24988104861918387], [0.2448999667952018, 0.32930084452983444, 0.5023162706804802]]	[[-0.15613581749220684, 0.0038631496746489103, 0.04403860549356843], [-0.02873039469239213, 0.10160585386675754, 0.0053400304835600305], [0.027692171919403007, -0.03408152168730872, -0.1397750776314645]]	0.5628977812431818	[[0.5658251417374422, 0.4000987946883848, -0.40009879468838466], [-0.7071067811865475, 0.5000000000000001, -0.5], [0.0, 0.5658251417374421, 0.5658251417374422]]
