4	[[0.8489524140446696, -0.5135124485683378, 0.12483895166604869], [0.522794976890395, 0.7815435453534784, -0.34040431673891397], [0.0772347773085365, 0.35425224329800037, 0.9319550081910795]]	0.8332508982970798	0.16674910170292043	[[0.7073903616141952, -0.4278847090563005, 0.1040221686182008], [0.4356193841191227, 0.6512218612240701, -0.28364220270690366], [0.06435594757211295, 0.29518099995181446, 0.7765523477476793]]	0.9226241804568436	0.13465754826724183	[[0.7776391199084836, -0.4890629955308784, 0.06689571554098545], [0.5101688695087714, 0.6687041318785778, -0.28965010846813444], [0.02434196276103097, 0.30340762393005405, 0.8618411624702583]]	[[-0.005624905346338551, -0.015283993516128615, -0.048283719928994245], [0.02782558240831611, -0.05236684114451102, 0.024415145287077833], [-0.046916710356024356, -0.023434061717761905, 0.0019969368153126433]]	0.4282245152084649	[[0.7042783540618014, -0.7042783540618013, 0.0], [0.7071067811865475, 0.7071067811865476, 0.0], [0.0, 0.0, 0.996]]
4	[[0.034229894132735264, 0.2773841392786001, 0.9601491309293217], [-0.1827544195208179, -0.9427759796974285, 0.2788803941677556], [0.9825625356654255, -0.18501754344446375, 0.018422055382213542]]	0.8683594106192634	0.1316405893807366	[[0.029723850694661776, 0.24086912769909688, 0.8337545334403837], [-0.15869652002316303, -0.8186683940760577, 0.24216841471278014], [0.8532174243669979, -0.16066172497965853, 0.015996965154094375]]	0.9350174844284805	0.12230882346492511	[[0.01233754266703688, 0.2448060758623778, 0.8901138838363727], [-0.16306971617035504, -0.8280731233378344, 0.25199848120389157], [0.9245300009376198, -0.16682859669136968, 0.0]]	[[-0.019668006837206452, -0.014552944266258139, -0.007642341241353559], [0.007808861438187335, 0.053438901578451714, -0.008759563407266427], [0.005816850546064489, 0.006166041355209929, -0.017224943881479455]]	0.34006279841869974	[[0.0, 0.0, 0.996], [0.0, -1.0, 0.0], [0.996, 0.0, 0.0]]
4	[[-0.30792515101507295, 0.09349718223056193, 0.9468053539599837], [0.3027085282091916, -0.9338174967034747, 0.1906631317268273], [0.9019698710720718, 0.34531602882779927, 0.2592434992682147]]	0.7540092016265622	0.24599079837343796	[[-0.2321783972776138, 0.07049773572799918, 0.7138999490351219], [0.2282450156805642, -0.7041069851543019, 0.14376175573296515], [0.680093582378266, 0.2603714632053039, 0.19547198391010281]]	0.8633876566859129	0.24429844637520767	[[-0.2667910417602568, 0.08397909538774027, 0.7617518237290366], [0.24307238096489514, -0.8495272279819773, 0.12020102600889004], [0.6967967871538703, 0.275579705897373, 0.18281194637251652]]	[[-0.0009322671906970913, 0.0032547823149596394, -0.055708232164149926], [-0.018282425864480333, -0.04328072773085914, -0.044415168509132935], [-0.0819528662323407, -0.022561891048345755, -0.04101569097172355]]	0.4668513888056292	[[0.0, 0.0, 0.996], [0.0, -1.0, 0.0], [0.996, 0.0, 0.0]]
4	[[0.5319609947059123, -0.8460851799387872, 0.03402011756955908], [-0.703274286200726, -0.4190807785627857, 0.5742617690636116], [-0.47161719485230363, -0.3294103357928521, -0.8179645788128509]]	0.6755263998332229	0.3244736001667771	[[0.35935369560538505, -0.5715528755562935, 0.02298148754366721], [-0.475080346652456, -0.28310012958182273, 0.3879289854173992], [-0.31858986573802023, -0.22252537820599846, -0.5525566671165437]]	0.7983441990797517	0.35699795187430944	[[0.5269457988891059, -0.7217537215027957, 0.09226456157864242], [-0.5130268409020249, -0.39375795154611826, 0.32387327527532495], [-0.30561252400306305, -0.10537434945227867, -0.6398395459722204]]	[[0.10225782462894628, -0.046286526171317, 0.06510479806497384], [0.048428105848277864, -0.059187243034692194, -0.13458527680988544], [0.07090032769353853, 0.15760848124485793, 0.013177730575731607]]	0.6461198547627832	[[0.7014612406455542, -0.701461240645554, 0.0], [-0.7071067811865475, -0.7071067811865476, 0.0], [0.0, 0.0, -0.992016]]
4	[[0.08740825448676931, -0.06334395238859675, -0.994156597696443], [0.7119981850616444, -0.6940087028176986, 0.10681996481098455], [-0.6967197295301035, -0.717174639895393, -0.015561310176609944]]	0.9282450378234613	0.07175496217653875	[[0.08113627849215392, -0.058798709480840525, -0.9228209286311786], [0.6609087822227819, -0.6442101345968259, 0.09915510227627317], [-0.6467266316900229, -0.6657138007357263, -0.014444708953469913]]	0.9667835805877827	0.054961294552681755	[[0.06791736523090361, -0.05745165187757053, -0.9433667717693958], [0.6796708494106684, -0.672626158186505, 0.09008196881810046], [-0.6807233138874191, -0.7024567183049089, -0.00740037688209643]]	[[-0.016587500014743326, 0.0037882412212590618, 0.01776750341653917], [-0.008677305315230883, -0.0016699395173279986, -0.013189819240124134], [-0.007146119106154246, -0.009104052040087303, 0.007644042289083631]]	0.11465194316290574	[[0.0, 0.0, -0.988047936], [0.7071067811865475, -0.7071067811865476, 0.0], [-0.698655395682972, -0.6986553956829719, 0.0]]
4	[[-0.42203838922340475, -0.825029846081567, 0.3757783270710803], [0.2588054115689476, 0.28760896992378115, 0.9221175843470338], [-0.8688517462515349, 0.4864224845687207, 0.09214016247897017]]	0.7716578367292557	0.22834216327074439	[[-0.3256692304448321, -0.6366407462643727, 0.28997229095740856], [0.1997092240251188, 0.22193571555531452, 0.711559260347239], [-0.6704562589508957, 0.37535172217876883, 0.07110067845440426]]	0.8811097065971473	0.1931990428769468	[[-0.30029075394247945, -0.6845011222565948, 0.3565786363983208], [0.25738934807262354, 0.23410963592623357, 0.8289519193293695], [-0.7951717708172888, 0.4024301418439711, 0.022245115036725396]]	[[0.0715713673588873, 0.04244068335822449, 0.025476704887154318], [0.02935338781935409, -0.019305419178017084, 0.016465165137284368], [-0.02961806360117976, -0.026161430816629826, -0.058940476490933494]]	0.47951266157956934	[[-0.4920478721279999, -0.492047872128, 0.69586077410024], [0.5, 0.5000000000000001, 0.7071067811865475], [-0.69586077410024, 0.6958607741002399, 0.0]]
4	[[-0.5446221603179724, 0.8109226453022452, -0.2139887049042392], [-0.8354447797583356, -0.5021691245819775, 0.22328947644507607], [0.07361197229480154, 0.30038414347728, 0.9509735242804028]]	0.7547193394309282	0.2452806605690719	[[-0.4110368770746252, 0.6120190031920912, -0.16150141401100726], [-0.6305263323102285, -0.37899674998711746, 0.1685208861645056], [0.05555637910454041, 0.2267057223406979, 0.7177181100612074]]	0.862488280023539	0.23286640995175162	[[-0.5487682213441151, 0.6569601685547628, -0.16868190728288376], [-0.7255948559768975, -0.4001097811259008, 0.10867424624262369], [0.10694586323759457, 0.16868190728288374, 0.7773215451972614]]	[[-0.07903799102876283, -0.04245110902410891, 0.015880842754438153], [-0.0050335248284863205, 0.03300520341573523, -0.08391031024384649], [0.043456399863910825, -0.09039589597117942, -0.04288197410726649]]	0.3824515731297997	[[-0.7014612406455542, 0.701461240645554, 0.0], [-0.7071067811865475, -0.7071067811865476, 0.0], [0.0, 0.0, 0.992016]]
4	[[0.3802729664721569, 0.7767473726770865, -0.5020517802076895], [0.4287143634067757, 0.332951791095048, 0.839849450446521], [0.8195098935212374, -0.5346088512602871, -0.20639019011321075]]	0.7902931386378935	0.20970686136210664	[[0.3005271162124233, 0.6138581190817123, -0.3967680771390768], [0.33881001983588727, 0.2631295159996137, 0.6637272581766911], [0.6476530458957046, -0.42249770700609124, -0.16310875112864087]]	0.8846035755817365	0.19977804744481273	[[0.3467094360965167, 0.6579656769078778, -0.4441167998988982], [0.4042539374454955, 0.30162720596248077, 0.7206841420448669], [0.7038520193039298, -0.4594417900222763, -0.09137758948551623]]	[[0.010318610258172795, -0.02914782628599264, -4.767320216664435e-19], [0.025011678672613717, 0.00709686106345796, -0.022249684770482135], [-0.02108936272956496, 0.013475111340218424, 0.0911959106536244]]	0.36739055632855017	[[0.4920478721279999, 0.492047872128, -0.69586077410024], [0.5, 0.5000000000000001, 0.7071067811865475], [0.69586077410024, -0.6958607741002399, 0.0]]
4	[[0.8592155572171323, 0.2624339665249735, -0.4391776855101157], [-0.4266000482917053, 0.8413623931712975, -0.33184593135155627], [0.2824199444684594, 0.4724804086637203, 0.8348660002631537]]	0.7527548948646723	0.24724510513532774	[[0.6467787164390733, 0.19754845288042538, -0.3305931524830773], [-0.3211252745010868, 0.6333396598147492, -0.24979864916580996], [0.21259299560604178, 0.3556619403492761, 0.6284494682541798]]	0.8228209668383202	0.2587456140845047	[[0.6713160426124025, 0.2651796884474681, -0.2962636377267992], [-0.33361908105305044, 0.6831588183392177, -0.3314689311688537], [0.1406835770083065, 0.39132574495298333, 0.6869452495169694]]	[[-0.03566453289952425, 0.049243518380173976, 0.06510097007845], [0.01739638313560464, -0.009131799471392154, -0.05841914109280331], [-0.09169747475365592, 0.0025589582841363603, 0.0]]	0.48437207610531824	[[0.69586077410024, 0.492047872128, -0.4920478721279999], [-0.7071067811865475, 0.5000000000000001, -0.5], [0.0, 0.6958607741002399, 0.69586077410024]]
4	[[0.8787972042104137, -0.3840163418041313, 0.28327887866788265], [-0.395223040501579, -0.9183905790867732, -0.018907472103605397], [0.2674214316928388, -0.09534250611366366, -0.9588511794847616]]	0.7287401825940222	0.2712598174059778	[[0.6404148350594132, -0.27984813904543104, 0.20643670176546267], [-0.2880149107004853, -0.6692681182963249, -0.013778634673172767], [0.19488074296139418, -0.06947991531424294, -0.6987533836182188]]	0.86173097161319	0.23094987078091167	[[0.7047540223066063, -0.3189747581738366, 0.15695798127342953], [-0.35832780329141095, -0.8408844701433474, -0.02581106687270044], [0.14184243536446484, -0.062097147250884534, -0.8262717585298569]]	[[-0.052532746328588543, 0.011944017164380292, -0.08715220207853991], [-0.017751868596066037, -0.049478864106502374, -0.009517912566111269], [-0.0886028947983954, 0.020062443178479356, 0.0]]	0.4697113788490358	[[0.7014612406455542, -0.701461240645554, 0.0], [-0.7071067811865475, -0.7071067811865476, 0.0], [0.0, 0.0, -0.992016]]
4	[[-0.8305561570912853, 0.32773595720904825, 0.4502950280316503], [-0.5100865793185324, -0.772219296347621, -0.37879947194723407], [0.22358030216652452, -0.5443036842615101, 0.808545204538665]]	0.6930450440603783	0.30695495593962197	[[-0.5756128284859483, 0.22713578090411507, 0.3120747375423643], [-0.3535129758384199, -0.5351827562615111, -0.2625250967257189], [0.15495122036603173, -0.37722697084124446, 0.5603582469043066]]	0.8209911787283751	0.323488664382391	[[-0.6804722984642777, 0.2769410194703743, 0.20550944102407595], [-0.56504371308299, -0.6327660807305083, -0.29474128523101406], [0.18686307907234065, -0.29852467277800054, 0.6638084805293737]]	[[0.00140697994620605, 0.007872689649645465, -0.16417880481515534], [-0.14626713107474323, 0.0012191496147214067, 0.016249739744631692], [0.0033056232561994095, 0.148343850550054, 0.0]]	0.6364256764450643	[[-0.984095744256, 0.0, 0.0], [0.0, -0.7071067811865476, -0.7071067811865475], [0.0, -0.6958607741002399, 0.69586077410024]]
4	[[0.04673222253661188, -0.9725397674033924, -0.22799671093185395], [-0.8377629715199755, -0.16246744520517667, 0.5213036857710898], [-0.5440306084466285, 0.16664552219444034, -0.8223502702654952]]	0.6434559227412741	0.35654407725872594	[[0.030070125374046082, -0.6257864734371339, -0.14670583401463158], [-0.5390635458778577, -0.10454063986991421, 0.33543594415626377], [-0.3500597171575222, 0.10722904825432505, -0.5291461519702203]]	0.8139706932243308	0.31615478354532434	[[-0.033751977834272875, -0.9056541233525652, -0.15897297492883145], [-0.6774460739024935, -0.14594057970147478, 0.286049459993847], [-0.32766281289196064, 0.045534606029267004, -0.6407803472956839]]	[[-0.07179063740831242, -0.11403525469099654, 0.02660966592123703], [0.004468432783296214, -0.013696840701431288, -0.13827646249364556], [0.11516215860059602, -0.09010996519407218, 0.02858867226553697]]	0.6093966009986687	[[1.9728695176028528e-16, -0.988047936, 0.0], [-1.0, -1.7938038903913487e-16, 0.0], [0.0, 0.0, -0.988047936]]
4	[[-0.3195682178843842, -0.5708200961323295, -0.7563336379995778], [0.910087742671785, 0.03735879733279218, -0.41272826520656647], [0.2638493031197415, -0.8202248094963509, 0.507557688474819]]	0.6858822036476547	0.3141177963523453	[[-0.21918615349829523, -0.3915153454216082, -0.5187557823239981], [0.6242129864564436, 0.02562373424024171, -0.2830829720475534], [0.1809695414546664, -0.5625775998238348, 0.3481247858494187]]	0.787454365670118	0.32396787591818726	[[-0.24485642463636634, -0.41032638112119935, -0.577839173781517], [0.7904808666929498, 0.06038488434815972, -0.23453137136638866], [0.20815580427942096, -0.6004846939582826, 0.31297351034455706]]	[[0.006788963666111425, 0.03916839559043991, 0.017739051364413165], [0.07382830058318973, 0.030966536292267276, 0.09047330290597638], [0.0003865186587621791, 0.04540491311055955, -0.08670500727437279]]	0.7032891831239164	[[-0.4920478721279999, -0.492047872128, -0.69586077410024], [0.5, 0.5000000000000001, -0.7071067811865475], [0.69586077410024, -0.6958607741002399, 0.0]]
4	[[0.22433838825039393, -0.7661379269479729, -0.6022499185961573], [-0.9416906372873723, -0.011392912655017143, -0.3362869982418849], [0.2507808429735371, 0.642575192824231, -0.724020780340167]]	0.6395816264756247	0.36041837352437534	[[0.1434827112381072, -0.4900077414220478, -0.3851879824805429], [-0.6022880294331251, -0.007286697606190617, -0.21508298529815023], [0.16039481943794315, 0.41097928695940983, -0.463070388292115]]	0.7907799192363414	0.3408554950686057	[[0.23397287820459972, -0.6215247745357456, -0.37588482054896977], [-0.8246254444451349, 0.0268178716840467, -0.18648288172037852], [0.18351701027761957, 0.3758848205489697, -0.5349225036379395]]	[[0.056570585662342146, -0.015678286539929556, 0.10036232143859272], [-0.07995539834540784, 0.03582715823324789, 0.07944612358957089], [-0.014795444475015667, -0.13225073853585215, 0.03761859056489059]]	0.7501651336130657	[[1.9649780395324416e-16, -0.984095744256, 0.0], [-1.0, -1.7938038903913487e-16, 0.0], [0.0, 0.0, -0.984095744256]]
