4	[[-0.30792515101507295, 0.09349718223056193, 0.9468053539599837], [0.3027085282091916, -0.9338174967034747, 0.1906631317268273], [0.9019698710720718, 0.34531602882779927, 0.2592434992682147]]	0.7536688332268326	0.2463311667731674	[[-0.23207358928672622, 0.07046591224170418, 0.7135776864119392], [0.22814198326323318, -0.7037891431873095, 0.14369686002793186], [0.6797865803366451, 0.26025392854117074, 0.19538374561511665]]	0.8632280432757872	0.24451365515164278	[[-0.2666815176745308, 0.08390994653365037, 0.7615213894229061], [0.24307457228921064, -0.8495373361055509, 0.12017443151555304], [0.6965838124672683, 0.2754397633998371, 0.18277157114088044]]	[[-0.0008718920883880891, 0.003200556864962714, -0.0557875436390099], [-0.018231918199703216, -0.04343988564951639, -0.04441133060982972], [-0.08202187443199051, -0.022646716476949408, -0.041014687464388515]]	0.4668811534418966	[[0.0, 0.0, 0.9958], [0.0, -1.0, 0.0], [0.9958, 0.0, 0.0]]
4	[[0.8489524140446696, -0.5135124485683378, 0.12483895166604869], [0.522794976890395, 0.7815435453534784, -0.34040431673891397], [0.0772347773085365, 0.35425224329800037, 0.9319550081910795]]	0.8329857549732609	0.1670142450267391	[[0.7071652675493716, -0.42774855465886463, 0.10398906840361401], [0.43548076852127415, 0.6510146401707462, -0.28355194677492124], [0.06433546928654295, 0.2950870723345561, 0.7763052460991579]]	0.9224255492244029	0.13487478095148084	[[0.7773829120667701, -0.48872590540984223, 0.06681868273509547], [0.510081467640329, 0.6688198309724764, -0.28945818801493206], [0.024071075174072677, 0.3031075502989168, 0.8616028821185671]]	[[-0.005712484723767027, -0.015048903005625294, -0.048335955820058174], [0.027842023950447367, -0.05209590309299281, 0.024539450811318284], [-0.047172256703978566, -0.02366376978921809, 0.0019437718354777113]]	0.42828612434798924	[[0.7041369327055641, -0.704136932705564, 0.0], [0.7071067811865475, 0.7071067811865476, 0.0], [0.0, 0.0, 0.9958]]
4	[[0.08740825448676931, -0.06334395238859675, -0.994156597696443], [0.7119981850616444, -0.6940087028176986, 0.10681996481098455], [-0.6967197295301035, -0.717174639895393, -0.015561310176609944]]	0.9282311313479913	0.07176886865200875	[[0.08113506295140703, -0.05879782858972046, -0.9228071034168394], [0.6608988808374866, -0.6442004833818243, 0.09915361678705281], [-0.6467169427741944, -0.665703827364189, -0.014444492550491659]]	0.9664839819567437	0.05537971021677899	[[0.06772416315914964, -0.05758025489169873, -0.9429907654595732], [0.6797899486844604, -0.672631412045039, 0.09010790619529759], [-0.6805963882479559, -0.7019810696594315, -0.0071728263236488345]]	[[-0.01675451469311154, 0.0036406604457106468, 0.01784566177065346], [-0.008344892359892005, -0.0018831174331554188, -0.013131878747701992], [-0.007227929743876133, -0.00884326793493848, 0.007866930700305141]]	0.11494486128350456	[[0.0, 0.0, -0.9874528459120001], [0.7071067811865475, -0.7071067811865476, 0.0], [-0.6982346034463304, -0.6982346034463303, 0.0]]
4	[[0.5319609947059123, -0.8460851799387872, 0.03402011756955908], [-0.703274286200726, -0.4190807785627857, 0.5742617690636116], [-0.47161719485230363, -0.3294103357928521, -0.8179645788128509]]	0.6752538932540936	0.3247461067459065	[[0.35920873273448756, -0.5713223117782564, 0.02297221683780673], [-0.47488869978253395, -0.2829859273124777, 0.3877724953071869], [-0.3184613469495924, -0.2224356117222617, -0.5523337663873225]]	0.7981071937748343	0.35730150560835455	[[0.5265220378049039, -0.721492123151696, 0.09208684554569554], [-0.5128874102371173, -0.39373816354877395, 0.3240209023971048], [-0.30554119862605383, -0.10515719660536789, -0.6394574101466468]]	[[0.10196014112249877, -0.046225454496274805, 0.06493514498036485], [0.04840085677654386, -0.05926677940505627, -0.13430154660242624], [0.07085987729347745, 0.15774756209469118, 0.013366004456891895]]	0.6462553369827937	[[0.7011795575882007, -0.7011795575882006, 0.0], [-0.7071067811865475, -0.7071067811865476, 0.0], [0.0, 0.0, -0.9916176400000001]]
4	[[0.034229894132735264, 0.2773841392786001, 0.9601491309293217], [-0.1827544195208179, -0.9427759796974285, 0.2788803941677556], [0.9825625356654255, -0.18501754344446375, 0.018422055382213542]]	0.8683281668088549	0.13167183319114517	[[0.029722781222339185, 0.24086046116163892, 0.8337245347229733], [-0.15869081007872823, -0.8186389381620905, 0.2421597014266181], [0.853186725369419, -0.1606559443266089, 0.015996389578888687]]	0.9348678525446269	0.1223309926233271	[[0.012297131958962707, 0.24471634531509537, 0.8898401267196933], [-0.16308813391934385, -0.8280666664643617, 0.25199565172641086], [0.9242393786876538, -0.16676284351424978, 0.0]]	[[-0.01970329566173744, -0.014601169302229211, -0.007772429434791442], [0.007763097801122952, 0.05330428910602988, -0.008720663485997853], [0.005673250979314325, 0.006204110008758278, -0.01722218735462816]]	0.34014640446825867	[[0.0, 0.0, 0.9958], [0.0, -1.0, 0.0], [0.9958, 0.0, 0.0]]
4	[[-0.8305561570912853, 0.32773595720904825, 0.4502950280316503], [-0.5100865793185324, -0.772219296347621, -0.37879947194723407], [0.22358030216652452, -0.5443036842615101, 0.808545204538665]]	0.692569877720872	0.3074301222791281	[[-0.5752181761570287, 0.2269800518090034, 0.3118607725021967], [-0.35327059986569387, -0.5348158236451697, -0.26234510396722677], [0.1548449825322655, -0.37696833605201413, 0.5599740534391405]]	0.8207239415460807	0.32372574035062973	[[-0.6774579848708538, 0.2731252387891962, 0.20952938754299782], [-0.5672603330260633, -0.6316264007776071, -0.2954568212538684], [0.19102365665152146, -0.29899195441429494, 0.6590783157280138]]	[[0.004199338052471533, 0.004144492202208508, -0.16003852272174118], [-0.1486200651179999, 0.002152463858753317, 0.01543297441823951], [0.0075259498053476415, 0.14773111073086514, -0.004514091459141395]]	0.6366680056792355	[[-0.9833055439591697, 0.0, 0.0], [0.0, -0.7071067811865476, -0.7071067811865475], [0.0, -0.6953020181118557, 0.6953020181118558]]
4	[[0.8787972042104137, -0.3840163418041313, 0.28327887866788265], [-0.395223040501579, -0.9183905790867732, -0.018907472103605397], [0.2674214316928388, -0.09534250611366366, -0.9588511794847616]]	0.7283733539750634	0.2716266460249366	[[0.640092467094648, -0.2797072708611095, 0.20633278696562077], [-0.28786993157835744, -0.6689312263485337, -0.013771698871293002], [0.1947826451269263, -0.0694449409543972, -0.6984016495642614]]	0.8615662617779304	0.23115885841737677	[[0.7045946252244444, -0.31894431434274506, 0.15682211533916357], [-0.3583708609558114, -0.8408765341788611, -0.02578716832139392], [0.14173539989248923, -0.061993564036168215, -0.8261138263100456]]	[[-0.05254739686801832, 0.011911209727076363, -0.08724140919536802], [-0.01786002338235841, -0.049622196103001046, -0.009497128261420112], [-0.08866588333041202, 0.02015032254472046, 0.0]]	0.46978244832820787	[[0.7011795575882007, -0.7011795575882006, 0.0], [-0.7071067811865475, -0.7071067811865476, 0.0], [0.0, 0.0, -0.9916176400000001]]
4	[[-0.5446221603179724, 0.8109226453022452, -0.2139887049042392], [-0.8354447797583356, -0.5021691245819775, 0.22328947644507607], [0.07361197229480154, 0.30038414347728, 0.9509735242804028]]	0.7544018751282241	0.24559812487177607	[[-0.41086397898026256, 0.6117615641999533, -0.16143348023601828], [-0.6302611084157747, -0.37883732921614255, 0.16844999972656483], [0.05553300993108516, 0.22661036109804553, 0.7174162099144318]]	0.862247763299171	0.23311204931106444	[[-0.5485296938132478, 0.6567960762583874, -0.16843855887310605], [-0.7255706136980923, -0.4000573588828607, 0.10872020252546627], [0.10690517788365474, 0.16843855887310605, 0.7770993369165413]]	[[-0.07893045423591356, -0.04242016086212033, 0.01607272330186054], [-0.005210220991498697, 0.03293684558585211, -0.08381064910754348], [0.043433419420421567, -0.09056699697071588, -0.04287545735096576]]	0.38255838784451285	[[-0.7011795575882007, 0.7011795575882006, 0.0], [-0.7071067811865475, -0.7071067811865476, 0.0], [0.0, 0.0, 0.9916176400000001]]
4	[[0.04673222253661188, -0.9725397674033924, -0.22799671093185395], [-0.8377629715199755, -0.16246744520517667, 0.5213036857710898], [-0.5440306084466285, 0.16664552219444034, -0.8223502702654952]]	0.6431259593142111	0.35687404068578893	[[0.030054705449743632, -0.6254655708825265, -0.14663060343853337], [-0.5387871147367084, -0.10448703155490816, 0.3352639330055661], [-0.34988020695353195, 0.1071740613267171, -0.5288748064567973]]	0.813691710319023	0.3165365876729004	[[-0.03352682415532889, -0.9052789902555308, -0.15865196991150077], [-0.6772754355896395, -0.14581860013593914, 0.2861752290646104], [-0.32758851065700195, 0.04525309010832642, -0.6403393292888215]]	[[-0.07155244623815366, -0.11393144356379953, 0.02686706375375136], [0.0044053495483961005, -0.013620186775776933, -0.13800525860607812], [0.11508468559583392, -0.09034498986307443, 0.028800268604820017]]	0.6095636906962827	[[1.971681280623587e-16, -0.9874528459120001, 0.0], [-1.0, -1.7938038903913487e-16, 0.0], [0.0, 0.0, -0.9874528459120001]]
4	[[-0.42203838922340475, -0.825029846081567, 0.3757783270710803], [0.2588054115689476, 0.28760896992378115, 0.9221175843470338], [-0.8688517462515349, 0.4864224845687207, 0.09214016247897017]]	0.7712651831063143	0.22873481689368572	[[-0.32550351554228324, -0.6363167953062742, 0.28982474023586124], [0.19960760314262943, 0.22182278485128354, 0.7111971875369673], [-0.670115101164931, 0.37516072662792266, 0.07106449928578848]]	0.8807955749516673	0.193746541571216	[[-0.30003652374822676, -0.6839477788037335, 0.35614503578577666], [0.25725348666864706, 0.23397671726880298, 0.829008263983199], [-0.7945326650744382, 0.4020737996460015, 0.022241921446017995]]	[[0.07169302193947755, 0.04273485882796577, 0.025161148138828738], [0.029298825385173016, -0.019347990756470666, 0.016811176105210837], [-0.029251891687057368, -0.026364972319123374, -0.05891472594078656]]	0.479664922819578	[[-0.49165277197958474, -0.49165277197958485, 0.6953020181118558], [0.5, 0.5000000000000001, 0.7071067811865475], [-0.6953020181118558, 0.6953020181118557, 0.0]]
4	[[-0.3195682178843842, -0.5708200961323295, -0.7563336379995778], [0.910087742671785, 0.03735879733279218, -0.41272826520656647], [0.2638493031197415, -0.8202248094963509, 0.507557688474819]]	0.6854600686561707	0.3145399313438293	[[-0.2190512525713601, -0.39127438228518857, -0.5184365074301619], [0.6238288065749412, 0.025607963784647775, -0.2829087450048353], [0.18085816143134087, -0.5622313542308632, 0.34791052798891664]]	0.7871661718426681	0.32444401686152474	[[-0.24466374742937524, -0.4100206254097048, -0.5775397236438139], [0.7906366165997504, 0.06025057843285578, -0.23431999012796226], [0.20791841916485942, -0.6000294498322378, 0.31276079825242076]]	[[0.006889543285259085, 0.03930964447364481, 0.01782053081615198], [0.07424633215986623, 0.030842996951755616, 0.09056573840595614], [0.0002251732847367363, 0.045623773509386456, -0.08677144437361603]]	0.7035308077683611	[[-0.49165277197958474, -0.49165277197958485, -0.6953020181118558], [0.5, 0.5000000000000001, -0.7071067811865475], [0.6953020181118558, -0.6953020181118557, 0.0]]
4	[[0.22433838825039393, -0.7661379269479729, -0.6022499185961573], [-0.9416906372873723, -0.011392912655017143, -0.3362869982418849], [0.2507808429735371, 0.642575192824231, -0.724020780340167]]	0.639076121200668	0.36092387879933197	[[0.14336930699947123, -0.4896204546586313, -0.3848835419698503], [-0.6018119998485992, -0.007280938428746261, -0.21491299044663975], [0.16026804839896197, 0.41065446180988097, -0.4627043919684749]]	0.7904796712665341	0.34126929676097945	[[0.23378921734655447, -0.6212800978207914, -0.37546335978162493], [-0.8246416784015693, 0.026854045392200376, -0.1864816314044626], [0.18336842200655853, 0.37546335978162493, -0.5347503403757671]]	[[0.05645428194991908, -0.015663641182133987, 0.1006029578905624], [-0.08025437300387438, 0.03585991124250655, 0.07934640441699212], [-0.014868736307107363, -0.132479267406103, 0.03757336805766764]]	0.7499946903623599	[[-1.9634002192449678e-16, -0.9833055439591697, 0.0], [-1.0, 1.7938038903913487e-16, 0.0], [0.0, 0.0, -0.9833055439591697]]
4	[[0.3802729664721569, 0.7767473726770865, -0.5020517802076895], [0.4287143634067757, 0.332951791095048, 0.839849450446521], [0.8195098935212374, -0.5346088512602871, -0.20639019011321075]]	0.7897213449979346	0.21027865500206555	[[0.3003096785487462, 0.6134139798741607, -0.3964810071242239], [0.3385648836895323, 0.26293913628305265, 0.6632470376024029], [0.6471844553507057, -0.4221920210650747, -0.1629907385305842]]	0.8839747930797414	0.20040896653601226	[[0.343138165683344, 0.6588703053946017, -0.44380111852440807], [0.40350002156897563, 0.30216188668359173, 0.7216595299276103], [0.7054870388473069, -0.45628603564136055, -0.09034432654621642]]	[[0.006986448832299689, -0.027754792642858583, 5.280038579170583e-19], [0.02452733088615802, 0.007840896044817466, -0.02074621424898769], [-0.018939049704929864, 0.016294713030049954, 0.09209939905279754]]	0.36745360019952394	[[0.49165277197958474, 0.49165277197958485, -0.6953020181118558], [0.5, 0.5000000000000001, 0.7071067811865475], [0.6953020181118558, -0.6953020181118557, 0.0]]
4	[[0.8592155572171323, 0.2624339665249735, -0.4391776855101157], [-0.4266000482917053, 0.8413623931712975, -0.33184593135155627], [0.2824199444684594, 0.4724804086637203, 0.8348660002631537]]	0.7523871808908622	0.24761281910913774	[[0.6464627708721695, 0.1974519522437318, -0.3304316607111296], [-0.3209684077021019, 0.6330302791057418, -0.24967662477969996], [0.21248914584597806, 0.355488202700659, 0.6281424763596242]]	0.8225776597735833	0.2590383253493714	[[0.6709917290079683, 0.26501822086532917, -0.29603404862843574], [-0.3336409324028018, 0.683084412380181, -0.3314243434620008], [0.14049493841741287, 0.3910363005399429, 0.6867421207209967]]	[[-0.03577979328875568, 0.04914590283611756, 0.06522370414325399], [0.01727073698028675, -0.009001496016166288, -0.058455293845452526], [-0.0918173985768378, 0.0023844716924735776, 0.0]]	0.48466837877480673	[[0.6953020181118558, 0.49165277197958485, -0.49165277197958474], [-0.7071067811865475, 0.5000000000000001, -0.5], [0.0, 0.6953020181118557, 0.6953020181118558]]
