4	[[0.3802729664721569, 0.7767473726770865, -0.5020517802076895], [0.4287143634067757, 0.332951791095048, 0.839849450446521], [0.8195098935212374, -0.5346088512602871, -0.20639019011321075]]	0.6634762864537502	0.33652371354624994	[[0.2523020956336982, 0.5153534623365005, -0.33309945073969216], [0.2844418137825111, 0.22090561792386731, 0.5572201945624808], [0.543725380865579, -0.3547002953394806, -0.13693499689679658]]	0.8153516921145281	0.29340205681120884	[[0.3470392613124964, 0.5348671113361397, -0.41630087017476947], [0.40789159416700743, 0.2957703221670502, 0.7146204846220443], [0.6055200956290782, -0.41769224560543483, -0.07251905784490387]]	[[0.03698305463401205, -0.09845517332163671, -0.006952101653318839], [0.05833861252949014, 0.024297515905140014, 0.02984781407901692], [-0.0626686827580595, 0.018201985889044297, 0.0957615328997417]]	0.40251166692340284	[[0.41833892311246057, 0.4183389231124607, -0.5916205787341974], [0.5, 0.5000000000000001, 0.7071067811865475], [0.5916205787341974, -0.5916205787341973, 0.0]]
4	[[0.08740825448676931, -0.06334395238859675, -0.994156597696443], [0.7119981850616444, -0.6940087028176986, 0.10681996481098455], [-0.6967197295301035, -0.717174639895393, -0.015561310176609944]]	0.7649708794477861	0.2350291205522141	[[0.06686476930573981, -0.048456278966403546, -0.760500846848667], [0.5446578777918336, -0.5308964477388719, 0.08171416242404039], [-0.5329703042272669, -0.5486177149984282, -0.011903949131161093]]	0.9051970583291883	0.16026101036857313	[[0.053546034233224675, -0.05354603423322469, -0.8381254045119617], [0.684022460042782, -0.6703236303369529, 0.09050738963101855], [-0.6061509743638278, -0.6176890041003876, 0.0]]	[[-0.025575660601887984, 0.0037927251318772602, 0.06178222324141278], [0.039523797389260554, -0.042108994091516375, -0.006185728286712078], [0.02451767528672961, 0.0314953702412171, 0.014086052195615387]]	0.18480238774911312	[[0.0, 0.0, -0.8748199981439998], [0.7071067811865475, -0.7071067811865476, 0.0], [-0.6185911530052253, -0.6185911530052252, 0.0]]
4	[[-0.5446221603179724, 0.8109226453022452, -0.2139887049042392], [-0.8354447797583356, -0.5021691245819775, 0.22328947644507607], [0.07361197229480154, 0.30038414347728, 0.9509735242804028]]	0.6784157505338921	0.32158424946610786	[[-0.36948025164950704, 0.550142695037652, -0.145173307843385], [-0.5667788972893736, -0.3406794435482299, 0.1514830977488061], [0.049939521432657855, 0.20378533414561928, 0.6451554172125499]]	0.8116530636466069	0.281147101514135	[[-0.4855810653153762, 0.623681083155767, -0.11588551910587322], [-0.7354113000298932, -0.40681501707153256, 0.09608040252203569], [0.07562630249122089, 0.12064756086121263, 0.7511615458293992]]	[[-0.04353682036346042, -0.03450676628421088, 0.057799068815422225], [-0.057319985031475285, 0.0007720913641640799, -0.08515318511465717], [0.01587891965707607, -0.1231601494629836, -0.020699028599600593]]	0.4073655678597121	[[-0.646791251573845, 0.6467912515738449, 0.0], [-0.7071067811865475, -0.7071067811865476, 0.0], [0.0, 0.0, 0.9147009599999999]]
4	[[0.8489524140446696, -0.5135124485683378, 0.12483895166604869], [0.522794976890395, 0.7815435453534784, -0.34040431673891397], [0.0772347773085365, 0.35425224329800037, 0.9319550081910795]]	0.7582454848064416	0.24175451519355842	[[0.6437143347648995, -0.38936849551884223, 0.09465857142875103], [0.39640693070663, 0.5926018644438933, -0.25811003617590333], [0.05856292116422882, 0.26861016396326176, 0.7066506770036364]]	0.8812006850877551	0.19852319420609818	[[0.714203624950678, -0.45605078522027825, 0.0539320177552184], [0.505056963799623, 0.6689621437457083, -0.2941391184284034], [0.023117060300524496, 0.26613375253460037, 0.7981568464660658]]	[[-0.033893823912388335, -0.0035432637407684466, -0.056076151978540864], [0.04436967200336984, -0.019734563845690015, 0.005825398688756823], [-0.04494227837635808, -0.046033566953471675, -0.023082545222877802]]	0.44123532515729097	[[0.6762769255268141, -0.676276925526814, 0.0], [0.7071067811865475, 0.7071067811865476, 0.0], [0.0, 0.0, 0.9563999999999999]]
4	[[0.8592155572171323, 0.2624339665249735, -0.4391776855101157], [-0.4266000482917053, 0.8413623931712975, -0.33184593135155627], [0.2824199444684594, 0.4724804086637203, 0.8348660002631537]]	0.6594946931054034	0.34050530689459674	[[0.5666481002183008, 0.1730738082138211, -0.28963535292423515], [-0.2813404679268884, 0.5548740332749325, -0.21885063065497143], [0.18625445460407172, 0.3115983221099958, 0.5505896966276842]]	0.7795038235049224	0.39080172345595954	[[0.5329912448516223, 0.2118728441880078, -0.2856008767643642], [-0.3416238898782046, 0.7509830323822617, -0.2595562506055611], [0.24208396576282631, 0.33212411540551634, 0.5266984484222628]]	[[-0.13677056721404476, 0.00730456386422813, 0.05673980828881337], [-0.0090875211274358, 0.09513782995198367, -0.0008810783024709654], [0.02193653921561428, -0.036176169679022, -0.12408279089712718]]	0.5457969649096979	[[0.5916205787341974, 0.4183389231124607, -0.41833892311246057], [-0.7071067811865475, 0.5000000000000001, -0.5], [0.0, 0.5916205787341973, 0.5916205787341974]]
4	[[-0.42203838922340475, -0.825029846081567, 0.3757783270710803], [0.2588054115689476, 0.28760896992378115, 0.9221175843470338], [-0.8688517462515349, 0.4864224845687207, 0.09214016247897017]]	0.6640577030419901	0.33594229695801	[[-0.28025784334323556, -0.5478674245300119, 0.24953849272778328], [0.1718617271413122, 0.19098895194185894, 0.6123392849961199], [-0.5769676948998165, 0.32301259781068253, 0.0611863846537007]]	0.8157667782581497	0.3045541077465961	[[-0.2618857823240719, -0.5747920639008495, 0.31249894117377114], [0.2641041846806433, 0.23556762176922647, 0.8284651441337638], [-0.6692825224708704, 0.3464865151600044, 0.023875909995386288]]	[[0.08239911475396401, 0.0982398756039276, 0.0059514659597586774], [0.05297932788926844, 0.0009457789763584398, 0.07623225317579643], [0.03949786735271173, -0.05032078794894543, -0.051288973498265646]]	0.5215018794395785	[[-0.41833892311246057, -0.4183389231124607, 0.5916205787341974], [0.5, 0.5000000000000001, 0.7071067811865475], [-0.5916205787341974, 0.5916205787341973, 0.0]]
4	[[0.8787972042104137, -0.3840163418041313, 0.28327887866788265], [-0.395223040501579, -0.9183905790867732, -0.018907472103605397], [0.2674214316928388, -0.09534250611366366, -0.9588511794847616]]	0.6568567441566733	0.34314325584332683	[[0.5772438703316394, -0.25224372398041783, 0.18607364193013864], [-0.2596049195995682, -0.6032510456430996, -0.012419500566207362], [0.17565757093947426, -0.06262636814555883, -0.6298278638871464]]	0.8279609167329629	0.28138628174504215	[[0.6555891912814227, -0.26814506641748764, 0.16903124022722804], [-0.31770129318220364, -0.8545316533021787, -0.0334903623116683], [0.1597294071998958, -0.0530902780067462, -0.7539696343217603]]	[[-0.07202054753899614, 0.04980545598309971, -0.0655125998457179], [0.009527937745472748, -0.09414014752257713, -0.017835714375664266], [-0.0616850865385484, 0.02584959075874087, 0.03992166725492573]]	0.4876457499879222	[[0.646791251573845, -0.6467912515738449, 0.0], [-0.7071067811865475, -0.7071067811865476, 0.0], [0.0, 0.0, -0.9147009599999999]]
4	[[-0.30792515101507295, 0.09349718223056193, 0.9468053539599837], [0.3027085282091916, -0.9338174967034747, 0.1906631317268273], [0.9019698710720718, 0.34531602882779927, 0.2592434992682147]]	0.6812816266622821	0.31871837333771796	[[-0.20978374777377778, 0.06369791239837704, 0.6450410916784155], [0.20622975850290334, -0.6361927031598436, 0.12989528852737783], [0.61449550096435, 0.23525746583236262, 0.17661783288307148]]	0.8306196296033138	0.280532262755388	[[-0.2356334427917337, 0.07331053772743251, 0.7278362346306562], [0.24699211846591684, -0.8486031948412343, 0.11851210184833222], [0.66600602229213, 0.2529480939110776, 0.1623229050643012]]	[[0.020135232089950633, -0.004350057145870345, -0.058598877782019866], [-0.0044435271129660584, -0.0729560516123005, -0.0398564380056129], [-0.08318785793110298, -0.033878178049956256, -0.05300983427493028]]	0.4739473444493801	[[0.0, 0.0, 0.9563999999999999], [0.0, -1.0, 0.0], [0.9563999999999999, 0.0, 0.0]]
4	[[0.04673222253661188, -0.9725397674033924, -0.22799671093185395], [-0.8377629715199755, -0.16246744520517667, 0.5213036857710898], [-0.5440306084466285, 0.16664552219444034, -0.8223502702654952]]	0.5892230670793336	0.4107769329206664	[[0.027535703494456398, -0.5730428646060486, -0.13434092129926717], [-0.4936292675644963, -0.09572956636433778, 0.3071641566098027], [-0.3205553836939585, 0.09819138570244532, -0.48454774845935394]]	0.760061235887901	0.3943274460266718	[[-0.009756787425377497, -0.8031898333794919, -0.12596971422876843], [-0.6874710402141964, -0.14746972800267802, 0.2722848923365503], [-0.2718582911723014, 0.029765587675001867, -0.5845754800732462]]	[[-0.045276138242343264, -0.0640000558167377, 0.047321747660472965], [-0.0507198806996035, -0.02398452080848153, -0.12393783134354225], [0.14163828544448984, -0.09689521387928911, 0.04046108267749549]]	0.6452518505746923	[[1.7467833744127992e-16, -0.8748199981439998, 0.0], [-1.0, -1.7938038903913487e-16, 0.0], [0.0, 0.0, -0.8748199981439998]]
4	[[-0.8305561570912853, 0.32773595720904825, 0.4502950280316503], [-0.5100865793185324, -0.772219296347621, -0.37879947194723407], [0.22358030216652452, -0.5443036842615101, 0.808545204538665]]	0.604834531950928	0.395165468049072	[[-0.5023490445332689, 0.19822602428202402, 0.27235398251935317], [-0.30851797745657444, -0.4670648966698884, -0.22911100131846404], [0.13522908741433692, -0.3292136641094761, 0.48903606034831065]]	0.7702151824120473	0.38452933205240236	[[-0.6069535317169847, 0.24094096344263743, 0.19731791439446314], [-0.5676631136291799, -0.6249467359835683, -0.30377314938242794], [0.1771895543769109, -0.27022316864468293, 0.586487005478507]]	[[0.03275343032052849, -0.011486246622116558, -0.14950615276017232], [-0.17478668589341922, -0.030171709785082563, -0.012016044999001798], [0.004984611159980489, 0.14900779281634557, -0.03626678672362698]]	0.680862854559665	[[-0.646791251573845, 0.6467912515738449, 0.0], [-0.7071067811865475, -0.7071067811865476, 0.0], [0.0, 0.0, 0.9147009599999999]]
4	[[0.034229894132735264, 0.2773841392786001, 0.9601491309293217], [-0.1827544195208179, -0.9427759796974285, 0.2788803941677556], [0.9825625356654255, -0.18501754344446375, 0.018422055382213542]]	0.8389242640843928	0.16107573591560737	[[0.0287162887449916, 0.23270428491298228, 0.8054924030761506], [-0.15331711690467253, -0.7909176449641075, 0.2339595294447498], [0.824295552150012, -0.15521570647684887, 0.015454709254445424]]	0.9038880723329855	0.14609739712347686	[[0.009101811192610481, 0.2284770677452271, 0.8351876267740871], [-0.16593121317322956, -0.8258324135942763, 0.25454653605325656], [0.8671295224190094, -0.15513260370948787, 0.0]]	[[-0.021838181831189768, -0.02224714720305107, -0.032679720333808775], [-0.0007416732022237794, 0.026331549336274393, 0.002469874157500755], [-0.02099703389022223, 0.01210254698231286, -0.0166514761278405]]	0.3571850488876212	[[0.0, 0.0, 0.9563999999999999], [0.0, -1.0, 0.0], [0.9563999999999999, 0.0, 0.0]]
4	[[0.5319609947059123, -0.8460851799387872, 0.03402011756955908], [-0.703274286200726, -0.4190807785627857, 0.5742617690636116], [-0.47161719485230363, -0.3294103357928521, -0.8179645788128509]]	0.6159380704145422	0.3840619295854578	[[0.3276550286149601, -0.5211360731378373, 0.020954285571070045], [-0.4331734068146396, -0.2581278060957863, 0.3537096859498824], [-0.290486984971647, -0.2028963666028557, -0.5038155243414311]]	0.7587509439236891	0.4176874926007376	[[0.47992043370888793, -0.6328471012964522, 0.09398800616784529], [-0.506709759170063, -0.3669699467308132, 0.34128631191070197], [-0.2695447886760659, -0.10998991388727226, -0.5687200723238148]]	[[0.0762945268451923, 0.009120827621947061, 0.06817520984954749], [0.026900269321996538, -0.04899201041602494, -0.09443534742560092], [0.08829520308876192, 0.13995048933377371, 0.05191132394657872]]	0.6734964832864238	[[0.646791251573845, -0.6467912515738449, 0.0], [-0.7071067811865475, -0.7071067811865476, 0.0], [0.0, 0.0, -0.9147009599999999]]
4	[[0.22433838825039393, -0.7661379269479729, -0.6022499185961573], [-0.9416906372873723, -0.011392912655017143, -0.3362869982418849], [0.2507808429735371, 0.642575192824231, -0.724020780340167]]	0.5456937278068712	0.4543062721931288	[[0.12242005137454272, -0.4180766613704677, -0.32864400315012177], [-0.5138746743021745, -0.006217040977294384, -0.18350970568359692], [0.13684953306477907, 0.35064925236847366, -0.3950935986334656]]	0.7529981224629718	0.4185673401892943	[[0.20293364226668645, -0.5096029659625462, -0.36594663749453227], [-0.8188697089809541, 0.05321992613404336, -0.20317470621226102], [0.16999177560105577, 0.36594663749453227, -0.42366905725012194]]	[[0.03400725711777056, 0.06729745457695081, 0.0875464204618518], [-0.10977842716260316, 0.06179876797265593, 0.050048772072586976], [-0.018845728307699056, -0.11791127624339579, 0.12151723097019956]]	0.7317509417308836	[[-1.6706236192884012e-16, -0.8366778462249214, 0.0], [-1.0, 1.7938038903913487e-16, 0.0], [0.0, 0.0, -0.8366778462249214]]
4	[[-0.3195682178843842, -0.5708200961323295, -0.7563336379995778], [0.910087742671785, 0.03735879733279218, -0.41272826520656647], [0.2638493031197415, -0.8202248094963509, 0.507557688474819]]	0.6008084524457006	0.39919154755429936	[[-0.19199928643794736, -0.34295353858217087, -0.454411642579153], [0.5467884082644361, 0.022445481210747433, -0.2479706302993559], [0.1585228914862484, -0.49279799845107214, 0.30494494933947297]]	0.7380369445169206	0.41349225317853033	[[-0.25292037733573164, -0.3792869918334811, -0.489625720329798], [0.785084377794935, 0.032941379732257026, -0.22856038845344806], [0.1912314135435623, -0.489625720329798, 0.29281862878289966]]	[[-0.017067226243623196, 0.041999327784878214, 0.06857644689477693], [0.11340600095114915, 0.005369207097936214, 0.0760483193153755], [-0.003499119943850406, 0.11573049188786207, -0.08177769678512674]]	0.7132224311632677	[[0.0, 0.0, -0.8366778462249214], [1.0, -1.7938038903913487e-16, 0.0], [-1.6706236192884012e-16, -0.8366778462249214, 0.0]]
