4	[[0.8787972042104137, -0.3840163418041313, 0.28327887866788265], [-0.395223040501579, -0.9183905790867732, -0.018907472103605397], [0.2674214316928388, -0.09534250611366366, -0.9588511794847616]]	0.7065057258150943	0.2934942741849059	[[0.6208752566049538, -0.2713097442911851, 0.20013814978133845], [-0.2792273410884165, -0.6488482026594453, -0.01335823730188637], [0.1889347726966607, -0.067360026482864, -0.6774338485105409]]	0.8514569088155476	0.2434977841173821	[[0.6955884561984321, -0.31599330618843596, 0.1486440847996638], [-0.35996745715823736, -0.8405059595475162, -0.025085218419832477], [0.13522121462678757, -0.056684715925083146, -0.816420461298237]]	[[-0.052669494774312306, 0.010980061138764456, -0.09255567356362611], [-0.023452068800080984, -0.05853595599297158, -0.008986320668980422], [-0.09247661095342508, 0.024495319609184357, 0.0]]	0.47443841903319045	[[0.6843820945797581, -0.684382094579758, 0.0], [-0.7071067811865475, -0.7071067811865476, 0.0], [0.0, 0.0, -0.96786244]]
4	[[0.22433838825039393, -0.7661379269479729, -0.6022499185961573], [-0.9416906372873723, -0.011392912655017143, -0.3362869982418849], [0.2507808429735371, 0.642575192824231, -0.724020780340167]]	0.6093876729370128	0.3906123270629873	[[0.13670904836634776, -0.46687500845161223, -0.3670036764198177], [-0.5738546660831245, -0.006942700530815561, -0.2049291512975955], [0.15282275431682618, 0.3915774014422105, -0.4412093384895345]]	0.7731932799228994	0.37148004208246216	[[0.22516703920794537, -0.5807093177791229, -0.359977307940862], [-0.8373086424372705, -0.014778170872071686, -0.1565700387604503], [0.1466681898307148, 0.359977307940862, -0.5273083693877336]]	[[0.05171010498400634, 0.01166337883111096, 0.1056782819518], [-0.10919976992036176, -0.005969247368463836, 0.10344480840561901], [-0.047233872689824014, -0.13685751299599472, 0.03249963249581732]]	0.7413103473603283	[[1.870456533356202e-16, -0.9367577027627536, 0.0], [-1.0, -1.7938038903913487e-16, 0.0], [0.0, 0.0, -0.9367577027627536]]
4	[[-0.5446221603179724, 0.8109226453022452, -0.2139887049042392], [-0.8354447797583356, -0.5021691245819775, 0.22328947644507607], [0.07361197229480154, 0.30038414347728, 0.9509735242804028]]	0.7324637142478745	0.2675362857521255	[[-0.3989159704082034, 0.5939714127457942, -0.15673896160125142], [-0.6119329864307881, -0.3678206621719188, 0.16355143926942373], [0.05391809864016198, 0.22002048543253494, 0.6965535997458152]]	0.8426627134313776	0.24144836778399204	[[-0.5122244279035736, 0.6497520309047241, -0.13804462077783586], [-0.7366969525531051, -0.4087664411932899, 0.0939864436616499], [0.07859470186715471, 0.14749244396600925, 0.7872410505534737]]	[[-0.053291640495172404, -0.033582245768616265, 0.042275681940436696], [-0.03269878751986643, 0.014392755928418518, -0.09417127244022959], [0.016564637552181856, -0.10563007344831576, -0.01410887981805042]]	0.3893552095310015	[[-0.6843820945797581, 0.684382094579758, 0.0], [-0.7071067811865475, -0.7071067811865476, 0.0], [0.0, 0.0, 0.96786244]]
4	[[-0.42203838922340475, -0.825029846081567, 0.3757783270710803], [0.2588054115689476, 0.28760896992378115, 0.9221175843470338], [-0.8688517462515349, 0.4864224845687207, 0.09214016247897017]]	0.7451430426878576	0.2548569573121424	[[-0.31447896947701015, -0.6147652498175138, 0.28000860600989774], [0.19284705184056888, 0.21430982295332682, 0.6871095025163261], [-0.6474188338465272, 0.36245433018332396, 0.0686576010233334]]	0.8611032483086475	0.2268111622126361	[[-0.2871687130804924, -0.6495889896822612, 0.34182341349890294], [0.2580236628325037, 0.2335752256186871, 0.8305505153731523], [-0.7551223309288209, 0.3832156268471061, 0.022902261880554383]]	[[0.07624991479073079, 0.06084689073015952, 0.018239475414006247], [0.0351654822506265, -0.014085792625385089, 0.03651206816939819], [-0.006951269932983283, -0.03564435466538239, -0.056439931329773395]]	0.4901285238017695	[[-0.4683788513813767, -0.4683788513813768, 0.6623877239522754], [0.5, 0.5000000000000001, 0.7071067811865475], [-0.6623877239522754, 0.6623877239522753, 0.0]]
4	[[-0.3195682178843842, -0.5708200961323295, -0.7563336379995778], [0.910087742671785, 0.03735879733279218, -0.41272826520656647], [0.2638493031197415, -0.8202248094963509, 0.507557688474819]]	0.6599494592177736	0.34005054078222646	[[-0.210898872575987, -0.37671241375316833, -0.4991419753860326], [0.6006119136169688, 0.024654918096802578, -0.27237979542696333], [0.17412720490885975, -0.5413069194641181, 0.33496242203077997]]	0.7771766084139852	0.3622166397800586	[[-0.2904714568234503, -0.41936664570388216, -0.538530161349362], [0.7743115311522077, 0.032874544173343095, -0.23930555090122418], [0.22417131812060598, -0.5385301613493619, 0.31551254448182015]]	[[-0.042110513091163176, 0.024261380622786703, 0.04927465026056077], [0.06701262594341037, 0.003840160767818249, 0.08145720244860293], [0.019113811589611823, 0.0989293742320192, -0.07894941842148169]]	0.7113755131823274	[[0.0, 0.0, -0.9367577027627536], [1.0, -1.7938038903913487e-16, 0.0], [-1.870456533356202e-16, -0.9367577027627536, 0.0]]
4	[[0.08740825448676931, -0.06334395238859675, -0.994156597696443], [0.7119981850616444, -0.6940087028176986, 0.10681996481098455], [-0.6967197295301035, -0.717174639895393, -0.015561310176609944]]	0.8910507427994209	0.10894925720057926	[[0.0778851900872366, -0.05644267582771029, -0.8858439748363608], [0.6344265116710179, -0.6183969701549729, 0.0951820089906358], [-0.6208126325208108, -0.6390389955956969, -0.013865916991800478]]	0.9444594079715067	0.08766650266486015	[[0.06931592580178685, -0.06196890124358101, -0.9092144317837455], [0.6780041192210129, -0.6605465444519144, 0.1046455471550693], [-0.6536091677857688, -0.6730727406109395, 0.0]]	[[-0.013237622482610095, -0.0021431094720716203, 0.029726119907604504], [0.005550734880905058, -0.005083495861637521, 0.0037584264301496664], [0.004414335488301037, 0.004269595196841954, 0.014697025796662011]]	0.1338485171472783	[[0.0, 0.0, -0.9521830684720001], [0.7071067811865475, -0.7071067811865476, 0.0], [-0.673295104647566, -0.6732951046475659, 0.0]]
4	[[0.5319609947059123, -0.8460851799387872, 0.03402011756955908], [-0.703274286200726, -0.4190807785627857, 0.5742617690636116], [-0.47161719485230363, -0.3294103357928521, -0.8179645788128509]]	0.6595919086238521	0.3404080913761479	[[0.35087716781151557, -0.5580709386941801, 0.02243939427931329], [-0.46387402872121414, -0.2764222905997978, 0.3787784163063774], [-0.311074885692458, -0.21727639210603134, -0.5395228177258737]]	0.7833223331809953	0.3767612488922764	[[0.5032080195249474, -0.7058117709157998, 0.08321768449195427], [-0.5084541255901751, -0.39267064598438745, 0.3288963672972873], [-0.29886969381201056, -0.09244419615636541, -0.6191994097507204]]	[[0.08651109199062906, -0.04305435369628693, 0.056568966622275535], [0.0424363291427766, -0.06439531272927806, -0.12093570150226683], [0.07055858762797203, 0.16559027665082665, 0.021530512584372174]]	0.6544377640561486	[[0.6843820945797581, -0.684382094579758, 0.0], [-0.7071067811865475, -0.7071067811865476, 0.0], [0.0, 0.0, -0.96786244]]
4	[[0.8592155572171323, 0.2624339665249735, -0.4391776855101157], [-0.4266000482917053, 0.8413623931712975, -0.33184593135155627], [0.2824199444684594, 0.4724804086637203, 0.8348660002631537]]	0.729076078345377	0.27092392165462303	[[0.6264335089092047, 0.1913343271386496, -0.32019394464851453], [-0.31102389023046484, 0.6134171940806107, -0.24194093024466184], [0.20590562555958353, 0.3444741634435663, 0.6086808294157506]]	0.8086868185463634	0.2771586554326303	[[0.6599076743845694, 0.26730555046016624, -0.27440517526748404], [-0.3384149235289934, 0.6894142287990377, -0.34802376881334063], [0.1391565977087236, 0.38517702913151985, 0.6601169441302425]]	[[-0.0349286210268942, 0.055078660992582504, 0.08075203000424683], [0.006570912315750785, 0.009015551820786508, -0.07966433834109561], [-0.08923268867751548, 0.003088350623770232, -0.015028185535094735]]	0.5027514920417493	[[0.6623877239522754, 0.4683788513813768, -0.4683788513813767], [-0.7071067811865475, 0.5000000000000001, -0.5], [0.0, 0.6623877239522753, 0.6623877239522754]]
4	[[-0.30792515101507295, 0.09349718223056193, 0.9468053539599837], [0.3027085282091916, -0.9338174967034747, 0.1906631317268273], [0.9019698710720718, 0.34531602882779927, 0.2592434992682147]]	0.7327726822540108	0.2672273177459893	[[-0.22563913884278636, 0.06851218100628088, 0.6937930987937153], [0.22181654015701321, -0.6842759517951311, 0.13971273444241705], [0.6609388817377864, 0.2530381526694498, 0.18996655431568538]]	0.8535199078567492	0.25745166352729226	[[-0.2605376477201637, 0.08043459146315679, 0.7476595077503705], [0.243234947860123, -0.8497651366994882, 0.11946409666124039], [0.6840119150833691, 0.2674105715602086, 0.18010305625700693]]	[[0.002282598800996984, 0.000632885100861881, -0.060457710719831664], [-0.01513280724443835, -0.052733312958118006, -0.04327068196192045], [-0.08583732616362966, -0.027323533546353206, -0.04116643135086094]]	0.4687825115326664	[[0.0, 0.0, 0.9838], [0.0, -1.0, 0.0], [0.9838, 0.0, 0.0]]
4	[[0.3802729664721569, 0.7767473726770865, -0.5020517802076895], [0.4287143634067757, 0.332951791095048, 0.839849450446521], [0.8195098935212374, -0.5346088512602871, -0.20639019011321075]]	0.7502144358963367	0.24978556410366345	[[0.2852862690285358, 0.582727092026902, -0.3766464930792634], [0.3216277043038714, 0.24978524013704634, 0.6300671817045851], [0.6148081524795022, -0.4010712777734249, -0.1548369000503201]]	0.8652633698251891	0.22223803040229534	[[0.34473956127218525, 0.6225140171504304, -0.42671640954898465], [0.40380123963413866, 0.3038297121055214, 0.7220491477718812], [0.6694197657589103, -0.4520342213302877, -0.08540307214758487]]	[[0.01570329284906562, -0.04957703203500754, 0.007690605620255912], [0.03285040486033095, 0.015738723353287732, -0.004641817867308783], [-0.039672126314357604, 0.010543234849561616, 0.09317879924863331]]	0.3737417948708843	[[0.4683788513813767, 0.4683788513813768, -0.6623877239522754], [0.5, 0.5000000000000001, 0.7071067811865475], [0.6623877239522754, -0.6623877239522753, 0.0]]
4	[[0.8489524140446696, -0.5135124485683378, 0.12483895166604869], [0.522794976890395, 0.7815435453534784, -0.34040431673891397], [0.0772347773085365, 0.35425224329800037, 0.9319550081910795]]	0.8169989639694393	0.18300103603056084	[[0.6935932427338495, -0.41953913846574187, 0.10199329417419267], [0.42712295448787974, 0.6385202668507942, -0.2781099741064175], [0.06310073304348468, 0.28942371575831605, 0.7614062761582422]]	0.9068990700345194	0.15256159118241877	[[0.7619175739512383, -0.4732250328174985, 0.0550245831103657], [0.5005319397444243, 0.6736634455123832, -0.2873141959976871], [0.02060862918565175, 0.28644526713683677, 0.845189130242503]]	[[-0.007996580849432874, -0.007521070759723922, -0.05819174605965817], [0.026409661383806946, -0.0351176689601677, 0.02139816228857], [-0.04943551852978322, -0.0348257628677621, 0.0]]	0.43206081632047494	[[0.6956516513313256, -0.6956516513313254, 0.0], [0.7071067811865475, 0.7071067811865476, 0.0], [0.0, 0.0, 0.9838]]
4	[[0.034229894132735264, 0.2773841392786001, 0.9601491309293217], [-0.1827544195208179, -0.9427759796974285, 0.2788803941677556], [0.9825625356654255, -0.18501754344446375, 0.018422055382213542]]	0.8664124477975241	0.1335875522024761	[[0.029657206363393265, 0.24032907109258125, 0.831885158779139], [-0.15834070396284747, -0.8168328442943578, 0.2416254449536235], [0.8513044116400234, -0.1603015027012026, 0.015961098097165186]]	0.925770852656803	0.12421175314946152	[[0.00993522497740368, 0.2402166912770418, 0.8731060929479593], [-0.16420262194336666, -0.8273199028776728, 0.252684010481259], [0.9068457517745746, -0.16287725427885458, 0.0]]	[[-0.02175381330021074, -0.016577459856381246, -0.015771986670167243], [0.004986092843219994, 0.045474619711168535, -0.005495329816689444], [-0.0027820046570368696, 0.0084065946721937, -0.017054601918882677]]	0.3452157911679346	[[0.0, 0.0, 0.9838], [0.0, -1.0, 0.0], [0.9838, 0.0, 0.0]]
4	[[-0.8305561570912853, 0.32773595720904825, 0.4502950280316503], [-0.5100865793185324, -0.772219296347621, -0.37879947194723407], [0.22358030216652452, -0.5443036842615101, 0.808545204538665]]	0.6650593827334379	0.3349406172665622	[[-0.5523691651605865, 0.21796387340100204, 0.2994729333906655], [-0.33923786558219404, -0.5135716885637986, -0.25192414299297966], [0.14869417775022437, -0.361994272274496, 0.5377305746425657]]	0.8042414167248422	0.33940670809514034	[[-0.660091553635305, 0.2627974293723726, 0.20193130555671035], [-0.5605554269515765, -0.6291573026388062, -0.3032790466335046], [0.18109325287042524, -0.2956640977530851, 0.6378463298058904]]	[[0.007876106813330877, -0.0007814011651046272, -0.16021460573161667], [-0.15032267374811129, -0.008106561721934632, 0.0013671773399610617], [0.0012807139042512426, 0.142087468405943, -0.01241921097836288]]	0.6515133667807619	[[-0.9367577027627536, 0.0, 0.0], [0.0, -0.7071067811865476, -0.7071067811865475], [0.0, -0.6623877239522753, 0.6623877239522754]]
4	[[0.04673222253661188, -0.9725397674033924, -0.22799671093185395], [-0.8377629715199755, -0.16246744520517667, 0.5213036857710898], [-0.5440306084466285, 0.16664552219444034, -0.8223502702654952]]	0.6241836093743249	0.37581639062567496	[[0.029169487336986606, -0.607043382277916, -0.14231180995491918], [-0.5229179153634981, -0.10140951635399253, 0.3253892161647377], [-0.33957498879032677, 0.10401740352939495, -0.5132975598642685]]	0.7984509666736243	0.3430056256749979	[[-0.0390130144305317, -0.8646142547718824, -0.16486010172613882], [-0.6944124300414245, -0.1566676297620647, 0.27441187747192836], [-0.30421731578690087, 0.054805889611110124, -0.6224465098645029]]	[[-0.0763264026896965, -0.08808893736010205, 0.017184092515806833], [-0.025499775587932268, -0.02694534108499723, -0.14182355436252156], [0.13016444942734973, -0.07825238867687168, 0.034159858373297984]]	0.6198844523660227	[[1.901256895056111e-16, -0.9521830684720001, 0.0], [-1.0, -1.7938038903913487e-16, 0.0], [0.0, 0.0, -0.9521830684720001]]
