4	[[0.8489524140446696, -0.5135124485683378, 0.12483895166604869], [0.522794976890395, 0.7815435453534784, -0.34040431673891397], [0.0772347773085365, 0.35425224329800037, 0.9319550081910795]]	0.7883183278872572	0.2116816721127429	[[0.6692447474955443, -0.4048112748046832, 0.09841283363257759], [0.41212886201009336, 0.6161051008441327, -0.2683469617772249], [0.06088559050261018, 0.2792635360869895, 0.7346772137233468]]	0.8938907876738819	0.1788412353128437	[[0.7302892023508677, -0.4633799249543226, 0.06276087922693224], [0.5081531357954048, 0.6666311818073932, -0.29667038635747695], [0.022823263778753784, 0.2819316744443009, 0.8122997400942145]]	[[-0.028581539737165543, -0.004355877823227444, -0.048831509610213694], [0.04083152211090078, -0.031983393550065575, 0.007613896459860494], [-0.04621619214539076, -0.034731142352588326, -0.020766256254328458]]	0.4374615839637498	[[0.6840551001198661, -0.684055100119866, 0.0], [0.7071067811865475, 0.7071067811865476, 0.0], [0.0, 0.0, 0.9674]]
4	[[0.8787972042104137, -0.3840163418041313, 0.28327887866788265], [-0.395223040501579, -0.9183905790867732, -0.018907472103605397], [0.2674214316928388, -0.09534250611366366, -0.9588511794847616]]	0.6768806820111606	0.32311931798883947	[[0.5948408509354459, -0.25993324334381135, 0.1917460005920732], [-0.2675188412012333, -0.6216408415248798, -0.012798102612595404], [0.18101240106864971, -0.0645355005628699, -0.6490278403168512]]	0.8370908531906577	0.2596452638971577	[[0.6854270807835763, -0.30805498760265776, 0.13719640412041492], [-0.35832554181660986, -0.8404831055650862, -0.02678230815579652], [0.1258931195371296, -0.05235310777018444, -0.8026455519177675]]	[[-0.05020602067048349, 0.013401579597317767, -0.09993375411457578], [-0.02748794964253723, -0.07170675215507685, -0.010955036200910907], [-0.09796291488009602, 0.027457232017837768, 0.0]]	0.48194795218297054	[[0.6617549038559586, -0.6617549038559585, 0.0], [-0.7071067811865475, -0.7071067811865476, 0.0], [0.0, 0.0, -0.9358627600000001]]
4	[[0.034229894132735264, 0.2773841392786001, 0.9601491309293217], [-0.1827544195208179, -0.9427759796974285, 0.2788803941677556], [0.9825625356654255, -0.18501754344446375, 0.018422055382213542]]	0.8550191321405639	0.1449808678594362	[[0.02926721437463468, 0.23716874603554597, 0.8209458766527052], [-0.15625852517354222, -0.8060914999638652, 0.23844807259233275], [0.8401097665184839, -0.15819353942666445, 0.01575120980514563]]	0.9128458466480612	0.13283805449081879	[[0.00906202202097843, 0.23337831794633582, 0.8503183942195289], [-0.1652998576581079, -0.8263846407669064, 0.25384469723870323], [0.8830353482524883, -0.1581462162240409, 0.0]]	[[-0.022184594669291798, -0.01983064152018164, -0.026149752112047883], [0.0015267551580481157, 0.034224496619448125, -0.0007301122889067009], [-0.013892781501682888, 0.010746279866265085, -0.016816496742374197]]	0.35231365248310953	[[0.0, 0.0, 0.9674], [0.0, -1.0, 0.0], [0.9674, 0.0, 0.0]]
4	[[-0.42203838922340475, -0.825029846081567, 0.3757783270710803], [0.2588054115689476, 0.28760896992378115, 0.9221175843470338], [-0.8688517462515349, 0.4864224845687207, 0.09214016247897017]]	0.7038767571192907	0.29612324288070957	[[-0.29706301278641906, -0.5807193325865209, 0.2645016302545041], [0.18216711382007417, 0.20244126906837065, 0.6490571349528639], [-0.6115645495689631, 0.34238148102813937, 0.06485531876614208]]	0.834186499325414	0.2733653431363029	[[-0.27104187527417223, -0.6047972302806454, 0.3235180226442085], [0.26119156611860705, 0.23437184216187595, 0.8298284751267831], [-0.7033064663774695, 0.3598213329422808, 0.023489763041490537]]	[[0.0810168512130362, 0.08343152886112207, 0.010048815462423536], [0.045299585835433635, -0.005547677633431365, 0.060610435473923925], [0.021477930260871234, -0.045945736653270494, -0.05337231654411644]]	0.5078938115203817	[[-0.43791955277740874, -0.43791955277740885, 0.619311770766172], [0.5, 0.5000000000000001, 0.7071067811865475], [-0.619311770766172, 0.6193117707661719, 0.0]]
4	[[-0.30792515101507295, 0.09349718223056193, 0.9468053539599837], [0.3027085282091916, -0.9338174967034747, 0.1906631317268273], [0.9019698710720718, 0.34531602882779927, 0.2592434992682147]]	0.7028257252105832	0.297174274789417	[[-0.21641771757274697, 0.06571222490634075, 0.6654391595301883], [0.21275134086605332, -0.6563109593349512, 0.1340029538268284], [0.6339276287543252, 0.24269698838773668, 0.18220300037931234]]	0.8399025597326175	0.27195722340733247	[[-0.24663714443700224, 0.07569072490531946, 0.7345417761556092], [0.24500607418845202, -0.8495413697104179, 0.11823319163273624], [0.6719745415084858, 0.25809351615221876, 0.17094641953168282]]	[[0.011989978106610325, -0.002837797777916525, -0.06068246420392795], [-0.009239593507341257, -0.06522566390606441, -0.04190526075126325], [-0.08559226200664623, -0.03193830037695217, -0.04679285909773171]]	0.4717395654648713	[[0.0, 0.0, 0.9674], [0.0, -1.0, 0.0], [0.9674, 0.0, 0.0]]
4	[[-0.3195682178843842, -0.5708200961323295, -0.7563336379995778], [0.910087742671785, 0.03735879733279218, -0.41272826520656647], [0.2638493031197415, -0.8202248094963509, 0.507557688474819]]	0.6246449872609064	0.37535501273909355	[[-0.19961668538938174, -0.35655991167684836, -0.4724400156732413], [0.5684817464275242, 0.023335985484024737, -0.2578086419621717], [0.16481214458602997, -0.5123493156789276, 0.3170433658515284]]	0.7538079138324609	0.39314899839268447	[[-0.2737636177400309, -0.39459893891629955, -0.5076256392878], [0.7772349107688898, 0.02865874691077716, -0.23463593088217202], [0.2055033238348637, -0.5076256392878, 0.3024922184336804]]	[[-0.032870566089445795, 0.03568976692285658, 0.0625046425339775], [0.09120356806097799, 0.0004973898300553031, 0.07648190169288052], [0.0066116310840227035, 0.11066631323227208, -0.08010878386514896]]	0.7110866876335392	[[0.0, 0.0, -0.8758391055548177], [1.0, 1.7938038903913487e-16, 0.0], [1.7488182614589736e-16, -0.8758391055548177, 0.0]]
4	[[0.3802729664721569, 0.7767473726770865, -0.5020517802076895], [0.4287143634067757, 0.332951791095048, 0.839849450446521], [0.8195098935212374, -0.5346088512602871, -0.20639019011321075]]	0.6968930530778349	0.30310694692216555	[[0.26500958860774654, 0.5413098480151217, -0.3498763979120987], [0.2987680616128683, 0.23203179022396142, 0.5852852476474175], [0.5711107517235064, -0.37256519455721554, -0.14383188971331018]]	0.8340494520517037	0.2650021830900881	[[0.3467955446146192, 0.5675634132698727, -0.4249621069746427], [0.40556253510905216, 0.2936170680925219, 0.7160576366390949], [0.633964766706955, -0.4249621069746427, -0.07724606451285672]]	[[0.02962908529844077, -0.08028230729405189, -0.006226094790836981], [0.047993555222935955, 0.015918809170063882, 0.015581662688249485], [-0.049547010935383065, 0.020928112480990548, 0.09489356045991364]]	0.388996085130352	[[0.43791955277740874, 0.43791955277740885, -0.619311770766172], [0.5, 0.5000000000000001, 0.7071067811865475], [0.619311770766172, -0.6193117707661719, 0.0]]
4	[[-0.5446221603179724, 0.8109226453022452, -0.2139887049042392], [-0.8354447797583356, -0.5021691245819775, 0.22328947644507607], [0.07361197229480154, 0.30038414347728, 0.9509735242804028]]	0.7004723417384325	0.29952765826156746	[[-0.381492760000574, 0.5680288843235881, -0.14989316922984683], [-0.5852059612704704, -0.3517555826446764, 0.15640810245103107], [0.05156315061332424, 0.21041078440262356, 0.6661306514839439]]	0.8242116649857915	0.26473264323860135	[[-0.49624882461740427, 0.634238627622756, -0.1244411718506327], [-0.7359679092142762, -0.4076894731421449, 0.09516158177350559], [0.0768995479378515, 0.13088785857647, 0.7655623782273532]]	[[-0.047364887073569714, -0.034133276036489954, 0.05193081490664349], [-0.047384576285970696, 0.006204177134024061, -0.08887620938109618], [0.016227701689865162, -0.11669225645426984, -0.01824109357720349]]	0.39975859677735004	[[-0.6617549038559586, 0.6617549038559585, 0.0], [-0.7071067811865475, -0.7071067811865476, 0.0], [0.0, 0.0, 0.9358627600000001]]
4	[[0.5319609947059123, -0.8460851799387872, 0.03402011756955908], [-0.703274286200726, -0.4190807785627857, 0.5742617690636116], [-0.47161719485230363, -0.3294103357928521, -0.8179645788128509]]	0.6357094492745888	0.3642905507254112	[[0.33817263098005795, -0.5378643437782777, 0.021626910204401155], [-0.44707810916964313, -0.2664136109417144, 0.3650636329508796], [-0.2998115072079844, -0.2094092631522314, -0.5199878119232385]]	0.7672362224023009	0.4014059594675591	[[0.5002033125020967, -0.6517795060588174, 0.10218309600577588], [-0.5186730211846307, -0.36962220055511796, 0.3282244503912514], [-0.27350762625761904, -0.11614727880005211, -0.5912470296843607]]	[[0.09206356845856228, -0.002632308772011347, 0.07608162951602525], [0.020904485472689027, -0.04808824712919098, -0.11236997997517653], [0.08833416874083228, 0.1365882628539292, 0.03632502382290016]]	0.6657847395528859	[[0.6617549038559586, -0.6617549038559585, 0.0], [-0.7071067811865475, -0.7071067811865476, 0.0], [0.0, 0.0, -0.9358627600000001]]
4	[[0.04673222253661188, -0.9725397674033924, -0.22799671093185395], [-0.8377629715199755, -0.16246744520517667, 0.5213036857710898], [-0.5440306084466285, 0.16664552219444034, -0.8223502702654952]]	0.6022540123491621	0.3977459876508379	[[0.028144668528668444, -0.5857159770878138, -0.13731193396112115], [-0.5045461109954621, -0.09784667075093537, 0.3139572364080455], [-0.327644616777738, 0.10036293438162304, -0.49526374982381227]]	0.7755600657920536	0.3708197696915335	[[-0.013571854480477069, -0.8208964425580584, -0.13628899865423064], [-0.6873673354152352, -0.158345077571256, 0.27959769528735773], [-0.28403074271206896, 0.04867270708850615, -0.5960477216000141]]	[[-0.049815500065580776, -0.06663343656529497, 0.04053614547644985], [-0.03763183010505672, -0.03234181507886222, -0.12470462554690875], [0.13789767176768924, -0.08057090506856512, 0.041734308111206535]]	0.6348070598266105	[[1.807750942173841e-16, -0.9053536340240002, 0.0], [-1.0, -1.7938038903913487e-16, 0.0], [0.0, 0.0, -0.9053536340240002]]
4	[[0.8592155572171323, 0.2624339665249735, -0.4391776855101157], [-0.4266000482917053, 0.8413623931712975, -0.33184593135155627], [0.2824199444684594, 0.4724804086637203, 0.8348660002631537]]	0.6888974057474734	0.3111025942525267	[[0.5919113683447523, 0.18079007871907352, -0.30254836821009845], [-0.29388366655990256, 0.5796123699491924, -0.22860780121594124], [0.19455836707566718, 0.3254905277949429, 0.575137021728056]]	0.7905516824654181	0.37301824981813836	[[0.5567298921791939, 0.20819385107880098, -0.2860413445955552], [-0.3243282568064996, 0.7529030708782574, -0.27221650069995496], [0.24512081653187817, 0.34524309198079894, 0.5408827659483257]]	[[-0.12252441217927187, 0.0007262373064099437, 0.061151313585735036], [0.012921129110336653, 0.08776261539355765, -0.009875141350678528], [0.02185325427054771, -0.02827709002025353, -0.11912195519288449]]	0.5282772942983972	[[0.619311770766172, 0.43791955277740885, -0.43791955277740874], [-0.7071067811865475, 0.5000000000000001, -0.5], [0.0, 0.6193117707661719, 0.619311770766172]]
4	[[-0.8305561570912853, 0.32773595720904825, 0.4502950280316503], [-0.5100865793185324, -0.772219296347621, -0.37879947194723407], [0.22358030216652452, -0.5443036842615101, 0.808545204538665]]	0.6280588954674892	0.3719411045325108	[[-0.521638182646475, 0.2058374832896951, 0.28281179794006034], [-0.3203644135995873, -0.48499919832276855, -0.23790837795484798], [0.14042159762699488, -0.341854770736169, 0.507814008098089]]	0.7846538585067152	0.3669725119776959	[[-0.6273017186911796, 0.24933104385992125, 0.19857908340834907], [-0.5642382660444173, -0.6277028431538161, -0.30464833211310083], [0.18005036079789208, -0.2803674126674169, 0.6067711856056013]]	[[0.02439737467700686, -0.007828239535550178, -0.15474664780307476], [-0.1639968634096392, -0.021777992661314798, -0.007421864849397439], [0.004617214016831322, 0.1467225733877979, -0.027656928912763515]]	0.6725902143740293	[[-0.8758391055548177, 0.0, 0.0], [0.0, -0.7071067811865476, -0.7071067811865475], [0.0, -0.6193117707661719, 0.619311770766172]]
4	[[0.08740825448676931, -0.06334395238859675, -0.994156597696443], [0.7119981850616444, -0.6940087028176986, 0.10681996481098455], [-0.6967197295301035, -0.717174639895393, -0.015561310176609944]]	0.8131243122076549	0.18687568779234498	[[0.07107377681082595, -0.051506507718492175, -0.8083728997286229], [0.5789430345213482, -0.564315349144768, 0.08685791041697771], [-0.5665197508756689, -0.5831521357977141, -0.012653279634405941]]	0.9232665150487767	0.13016740571958416	[[0.05585840777081253, -0.055858407770812545, -0.868498159131454], [0.684358065532987, -0.6718327130073035, 0.09019432603663931], [-0.6295011495889701, -0.6404713431418234, 0.0]]	[[-0.024842706735683565, 0.002624942400422804, 0.04937333823648946], [0.026993982490068624, -0.03107771654328468, -0.008428970612031367], [0.013756847060014956, 0.021671987315757323, 0.014367236616351727]]	0.16329198278378718	[[0.0, 0.0, -0.9053536340240002], [0.7071067811865475, -0.7071067811865476, 0.0], [-0.6401816939902544, -0.6401816939902543, 0.0]]
4	[[0.22433838825039393, -0.7661379269479729, -0.6022499185961573], [-0.9416906372873723, -0.011392912655017143, -0.3362869982418849], [0.2507808429735371, 0.642575192824231, -0.724020780340167]]	0.570778758702701	0.429221241297299	[[0.1280475867749245, -0.4372952549384247, -0.3437514609651174], [-0.5374970130328417, -0.006502832543238968, -0.1919454754243605], [0.14314037825885254, 0.36676827093336334, -0.41325568227752146]]	0.7558131805565251	0.40106292681180067	[[0.1884759353927523, -0.5146767709307783, -0.38895575638166546], [-0.8425314543993645, 0.03270204618095929, -0.17101417664614005], [0.14978090351094897, 0.3889557563816654, -0.4429651560404627]]	[[0.018918024648297387, 0.06438037238075174, 0.06623267008240455], [-0.1307892587308947, 0.04131295973055051, 0.08315596907486558], [-0.03976256303952665, -0.09671104385353899, 0.10425929273745621]]	0.7340069659155112	[[1.7488182614589736e-16, -0.8758391055548177, 0.0], [-1.0, -1.7938038903913487e-16, 0.0], [0.0, 0.0, -0.8758391055548177]]
