4	[[0.3802729664721569, 0.7767473726770865, -0.5020517802076895], [0.4287143634067757, 0.332951791095048, 0.839849450446521], [0.8195098935212374, -0.5346088512602871, -0.20639019011321075]]	0.7144990377923964	0.28550096220760385	[[0.2717046686428164, 0.5549852503855504, -0.3587155138803538], [0.30631600014192106, 0.23789373436866676, 0.6000716242345123], [0.5855390303822732, -0.38197750982077366, -0.14746559224567884]]	0.8430388971896415	0.25144169129633764	[[0.3463307777976984, 0.5842108639385575, -0.428845712992834], [0.40407900753166986, 0.293069347740518, 0.7173142910182895], [0.6483683514625508, -0.42884571299283397, -0.07929741770703616]]	[[0.025745875511977656, -0.07061738451808516, -0.005596533874447194], [0.04265612339586242, 0.012378036958432856, 0.009288536508527677], [-0.042510365407593814, 0.021850343401459558, 0.09469754055676549]]	0.38324904487577255	[[0.4477795463856129, 0.447779546385613, -0.6332559074518064], [0.5, 0.5000000000000001, 0.7071067811865475], [0.6332559074518064, -0.6332559074518063, 0.0]]
4	[[-0.30792515101507295, 0.09349718223056193, 0.9468053539599837], [0.3027085282091916, -0.9338174967034747, 0.1906631317268273], [0.9019698710720718, 0.34531602882779927, 0.2592434992682147]]	0.7130776090659092	0.2869223909340908	[[-0.2195745304570872, 0.06667074715936873, 0.6751456980525872], [0.21585467353927068, -0.6658843478532264, 0.1359576101087845], [0.6431745191135595, 0.24623712820866167, 0.18486073462405836]]	0.8444218482744316	0.2674091664259688	[[-0.25152435647547317, 0.07709646491644319, 0.7384595849667737], [0.24428125688346322, -0.8497581525309391, 0.11843464891233367], [0.6755318617241918, 0.26095182919735727, 0.17442789155903]]	[[0.008494368674858132, -0.0018545985111392445, -0.06104354198024313], [-0.011332437995375186, -0.06122225601358798, -0.04256546517822525], [-0.08611120389433785, -0.030640570104199922, -0.04448298324616709]]	0.4707210667838428	[[0.0, 0.0, 0.9728000000000001], [0.0, -1.0, 0.0], [0.9728000000000001, 0.0, 0.0]]
4	[[0.04673222253661188, -0.9725397674033924, -0.22799671093185395], [-0.8377629715199755, -0.16246744520517667, 0.5213036857710898], [-0.5440306084466285, 0.16664552219444034, -0.8223502702654952]]	0.6090358183230928	0.39096418167690705	[[0.02846159739464229, -0.5923115530922757, -0.13885816341735527], [-0.5102276569204541, -0.09894849344139697, 0.3174926168584401], [-0.33133412680810254, 0.10149309197957009, -0.5008407697993624]]	0.7832043352063426	0.36403588159385253	[[-0.028724573413541094, -0.8397381389285539, -0.14904874062069953], [-0.6852338674033945, -0.14785968373154978, 0.2715883887526931], [-0.29063802002068606, 0.03681493894808599, -0.6106414266426992]]	[[-0.06532545269804317, -0.07804077693764891, 0.029519271793915815], [-0.029094276233602015, -0.02061447631695641, -0.13669891790226948], [0.13544911099965773, -0.09370255647732444, 0.03342687008734422]]	0.6298006413312907	[[1.838192683584988e-16, -0.9205993963520003, 0.0], [-1.0, -1.7938038903913487e-16, 0.0], [0.0, 0.0, -0.9205993963520003]]
4	[[0.5319609947059123, -0.8460851799387872, 0.03402011756955908], [-0.703274286200726, -0.4190807785627857, 0.5742617690636116], [-0.47161719485230363, -0.3294103357928521, -0.8179645788128509]]	0.645810784978087	0.3541892150219132	[[0.3435461475687492, -0.5464109342145941, 0.021970558832643736], [-0.45418211882619464, -0.27064688657286035, 0.3708644438618759], [-0.30457547081672953, -0.21273674753827707, -0.5282503467273977]]	0.7728386261263362	0.3928578099421552	[[0.5066600300185593, -0.6641235155107679, 0.09996391961065398], [-0.5184663440502713, -0.37641862347245797, 0.32561595697762524], [-0.27745012793224305, -0.11412212270112759, -0.6024033632634784]]	[[0.09554002571724286, -0.010236207461021805, 0.07367185868753955], [0.025051189087077624, -0.052536810332039253, -0.11819571966237569], [0.08703385699496784, 0.1404589086448353, 0.02975125804625247]]	0.6620281939241724	[[0.6691633181709926, -0.6691633181709925, 0.0], [-0.7071067811865475, -0.7071067811865476, 0.0], [0.0, 0.0, -0.9463398400000003]]
4	[[0.8787972042104137, -0.3840163418041313, 0.28327887866788265], [-0.395223040501579, -0.9183905790867732, -0.018907472103605397], [0.2674214316928388, -0.09534250611366366, -0.9588511794847616]]	0.6866204214325682	0.3133795785674318	[[0.603400106708717, -0.26367346244654577, 0.1945050630538869], [-0.27136821062905514, -0.6305857264522607, -0.01298225646400206], [0.1836170161290377, -0.06546411172820094, -0.6583668009489422]]	0.8418568196724034	0.2543303213402881	[[0.6888104974952238, -0.3106784182806564, 0.14089214620042137], [-0.3588574575008287, -0.8404910306928444, -0.026231259520660206], [0.12891197547971073, -0.05374637657126478, -0.8072154045001743]]	[[-0.051010921978354704, 0.012608357932800175, -0.09758810967528694], [-0.026136245562911883, -0.06733765856575664, -0.01031387518747428], [-0.09621858051746339, 0.02651836240518079, 0.0]]	0.4793387884583077	[[0.6691633181709926, -0.6691633181709925, 0.0], [-0.7071067811865475, -0.7071067811865476, 0.0], [0.0, 0.0, -0.9463398400000003]]
4	[[0.8489524140446696, -0.5135124485683378, 0.12483895166604869], [0.522794976890395, 0.7815435453534784, -0.34040431673891397], [0.0772347773085365, 0.35425224329800037, 0.9319550081910795]]	0.8015488170641251	0.19845118293587496	[[0.6804768032212384, -0.41160529569765353, 0.10006451403144681], [0.4190456952935627, 0.6264453042621829, -0.27285067740559826], [0.06190744438786855, 0.2839504665578248, 0.7470074343725467]]	0.8993926569425502	0.16996508232528662	[[0.740520978809226, -0.4679467234030268, 0.05904079396231417], [0.5056263204672828, 0.6688973052287545, -0.2937262957877374], [0.02357080240353145, 0.28251355014798496, 0.8234156025223127]]	[[-0.02302058847620141, -0.006097397912074848, -0.05323844246653596], [0.03542835716561137, -0.03401722054301089, 0.012430847078787888], [-0.0458935891683594, -0.036098316179662304, -0.014777888445578277]]	0.4356530549128018	[[0.6878734767382736, -0.6878734767382735, 0.0], [0.7071067811865475, 0.7071067811865476, 0.0], [0.0, 0.0, 0.9728000000000001]]
4	[[-0.5446221603179724, 0.8109226453022452, -0.2139887049042392], [-0.8354447797583356, -0.5021691245819775, 0.22328947644507607], [0.07361197229480154, 0.30038414347728, 0.9509735242804028]]	0.7112191587339581	0.2887808412660419	[[-0.38734571468921913, 0.5767437215901787, -0.1521928666805622], [-0.5941843334284005, -0.35715230232736217, 0.15880775359141297], [0.052354245008256195, 0.21363895782093167, 0.6763505899169754]]	0.8303231986938115	0.2567370750356342	[[-0.5015001893727029, 0.639377598107308, -0.12880657319811858], [-0.7362207139703238, -0.40807510132666097, 0.09474904459339802], [0.07748599956670799, 0.13617394204841457, 0.7726714426082468]]	[[-0.04928777513795035, -0.033950286633299354, 0.04887321274231546], [-0.04253153210933576, 0.008887572481517649, -0.09065338772314402], [0.016364271268728126, -0.11324198080054138, -0.01694393594538427]]	0.39620219437907755	[[-0.6691633181709926, 0.6691633181709925, 0.0], [-0.7071067811865475, -0.7071067811865476, 0.0], [0.0, 0.0, 0.9463398400000003]]
4	[[-0.3195682178843842, -0.5708200961323295, -0.7563336379995778], [0.910087742671785, 0.03735879733279218, -0.41272826520656647], [0.2638493031197415, -0.8202248094963509, 0.507557688474819]]	0.6363111069235735	0.36368889307642643	[[-0.2033448064596063, -0.36321916722418324, -0.4812634943990447], [0.5790989389370599, 0.023771817684162404, -0.26262357929223656], [0.16789024212913614, -0.5219181564568003, 0.3229645945809824]]	0.761467719600381	0.38239180381348525	[[-0.27543462173148725, -0.40286141195260633, -0.5183143921838628], [0.7784297090750525, 0.03230295606474598, -0.2349506134317075], [0.21041215821094297, -0.5183143921838627, 0.30653800960994865]]	[[-0.03209373960230758, 0.03179966495134883, 0.05760925840073564], [0.08542727102651006, 0.0038554378527319265, 0.07932863748975791], [0.0094994310462038, 0.10626032306298056, -0.07995078599861229]]	0.710692261851702	[[0.0, 0.0, -0.895559092771226], [1.0, -1.7938038903913487e-16, 0.0], [-1.7881938425914767e-16, -0.895559092771226, 0.0]]
4	[[-0.42203838922340475, -0.825029846081567, 0.3757783270710803], [0.2588054115689476, 0.28760896992378115, 0.9221175843470338], [-0.8688517462515349, 0.4864224845687207, 0.09214016247897017]]	0.7170295169275671	0.28297048307243294	[[-0.30261398234974646, -0.5915707519866911, 0.269444152331626], [0.1855711192355227, 0.20622412076848406, 0.6611855260547688], [-0.6229923478964112, 0.34877927913301676, 0.06606721619192352]]	0.8431485146049509	0.25787967105465287	[[-0.27646267470545577, -0.6190964180657702, 0.3301635970074002], [0.2606873407118805, 0.2344716603110666, 0.8300242735806086], [-0.7198580944698125, 0.3674995731022634, 0.0234776909561334]]	[[0.07937836627452402, 0.07652627116265429, 0.013326658716685437], [0.04247594237579931, -0.008025415467229482, 0.05254220204730148], [0.012712964794087032, -0.04262682223230317, -0.054210150173469134]]	0.50167096563419	[[-0.4477795463856129, -0.447779546385613, 0.6332559074518064], [0.5, 0.5000000000000001, 0.7071067811865475], [-0.6332559074518064, 0.6332559074518063, 0.0]]
4	[[-0.8305561570912853, 0.32773595720904825, 0.4502950280316503], [-0.5100865793185324, -0.772219296347621, -0.37879947194723407], [0.22358030216652452, -0.5443036842615101, 0.808545204538665]]	0.6399502566288043	0.3600497433711957	[[-0.5315146258752015, 0.20973470992241725, 0.28816641874752924], [-0.32643003733780385, -0.4941819368713747, -0.24241281928348798], [0.14308027174861304, -0.34832728242715716, 0.5174287111405076]]	0.7890812131602067	0.35701053959460627	[[-0.6403640598453418, 0.2604050984625502, 0.19703728009738608], [-0.5642175815278445, -0.6253458150238264, -0.30255743596469703], [0.17315074246827186, -0.28556189090298373, 0.6200496473865951]]	[[0.015012200189928718, 0.0017948117518128588, -0.15828206690183788], [-0.16171784470243705, -0.01600207583612427, -0.003653889096127811], [-0.0032722736040148716, 0.14393792060165878, -0.01795818350564225]]	0.6655666944758197	[[-0.895559092771226, 0.0, 0.0], [0.0, -0.7071067811865476, -0.7071067811865475], [0.0, -0.6332559074518063, 0.6332559074518064]]
4	[[0.034229894132735264, 0.2773841392786001, 0.9601491309293217], [-0.1827544195208179, -0.9427759796974285, 0.2788803941677556], [0.9825625356654255, -0.18501754344446375, 0.018422055382213542]]	0.86142488164795	0.1385751183520503	[[0.029486482502113328, 0.23894559934908663, 0.8270963514751731], [-0.15742920420636036, -0.8121306867313873, 0.24023451053989253], [0.8464038159972985, -0.1593787154644416, 0.015869216877335283]]	0.9171670881565834	0.128376444854728	[[0.009041288853551935, 0.2358059279194618, 0.8577759154964716], [-0.16499708425514237, -0.8266478793077278, 0.25351195658627906], [0.8908779633208354, -0.1596355395840335, 0.0]]	[[-0.022353243476076985, -0.018601675403512076, -0.022841267114048814], [0.0026192545445128564, 0.038035220775333084, -0.002267962476521687], [-0.01029605644717196, 0.010056461994809515, -0.01689610289276411]]	0.34995481118324157	[[0.0, 0.0, 0.9728000000000001], [0.0, -1.0, 0.0], [0.9728000000000001, 0.0, 0.0]]
4	[[0.8592155572171323, 0.2624339665249735, -0.4391776855101157], [-0.4266000482917053, 0.8413623931712975, -0.33184593135155627], [0.2824199444684594, 0.4724804086637203, 0.8348660002631537]]	0.7031068976083985	0.2968931023916015	[[0.6041203848118093, 0.18451913203044049, -0.3087888599578544], [-0.2999454364739739, 0.5915677020270486, -0.23332316327656233], [0.19857141097795467, 0.33220423431629675, 0.5870000433637584]]	0.7959891808848203	0.3645481562790775	[[0.5653143357604306, 0.21041598592951746, -0.2881156894364135], [-0.3240805555018408, 0.7528487857821664, -0.2725952578198309], [0.2470160390770227, 0.3501743631037879, 0.5485241708389842]]	[[-0.118611951832329, 0.0015213878789494192, 0.061464996715674666], [0.015488467503298475, 0.083133423614453, -0.008449486743345343], [0.022212818814037267, -0.025914930372571993, -0.1160201328590697]]	0.5197839916154361	[[0.6332559074518064, 0.447779546385613, -0.4477795463856129], [-0.7071067811865475, 0.5000000000000001, -0.5], [0.0, 0.6332559074518063, 0.6332559074518064]]
4	[[0.08740825448676931, -0.06334395238859675, -0.994156597696443], [0.7119981850616444, -0.6940087028176986, 0.10681996481098455], [-0.6967197295301035, -0.717174639895393, -0.015561310176609944]]	0.8403798584813366	0.1596201415186635	[[0.07345613653569186, -0.05323298174397745, -0.835469180880424], [0.5983489340010733, -0.5832309354587534, 0.08976934691083654], [-0.5855092277036636, -0.6026991223816939, -0.013077411644003646]]	0.9309131583349719	0.11567228628657722	[[0.05841056487138346, -0.05529134309190253, -0.8828937649830696], [0.6827007289444927, -0.6703067313084933, 0.09223848397470935], [-0.6384404213502148, -0.6508320025940298, 0.0]]	[[-0.02295892937744193, 0.00367637568758615, 0.04257969325807617], [0.019892249759989582, -0.024244897856512678, -0.007201626840714829], [0.010145142540941362, 0.01679530650873661, 0.0144862284043381]]	0.15320227640589035	[[0.0, 0.0, -0.9205993963520003], [0.7071067811865475, -0.7071067811865476, 0.0], [-0.6509620759167416, -0.6509620759167415, 0.0]]
4	[[0.22433838825039393, -0.7661379269479729, -0.6022499185961573], [-0.9416906372873723, -0.011392912655017143, -0.3362869982418849], [0.2507808429735371, 0.642575192824231, -0.724020780340167]]	0.5832484336462307	0.41675156635376936	[[0.13084501355376227, -0.44684874584937545, -0.35126132168477864], [-0.5492395891771807, -0.006644898460707153, -0.1961388649801721], [0.14626753385279684, 0.37478097471465743, -0.4222839860607241]]	0.7635908701132081	0.39024984409546265	[[0.19298272705279926, -0.5233086078065896, -0.3976800658787252], [-0.8417915305824224, 0.032126581391494824, -0.1715157351426179], [0.15360247616031272, 0.3976800658787252, -0.4496421944952914]]	[[0.021679981968886167, 0.061707318458342424, 0.06219247348772329], [-0.1227251574786962, 0.04082610547886326, 0.08526994645266192], [-0.037891485933574255, -0.09298448472309191, 0.1032134631447008]]	0.7358651807537724	[[1.7881938425914767e-16, -0.895559092771226, 0.0], [-1.0, -1.7938038903913487e-16, 0.0], [0.0, 0.0, -0.895559092771226]]
