4	[[0.8489524140446696, -0.5135124485683378, 0.12483895166604869], [0.522794976890395, 0.7815435453534784, -0.34040431673891397], [0.0772347773085365, 0.35425224329800037, 0.9319550081910795]]	0.7783210927080925	0.22167890729190748	[[0.6607575705564203, -0.39967757008891697, 0.09716478927325177], [0.4069023576756342, 0.608291826218476, -0.26494385976678325], [0.060113456269846315, 0.27572199309799267, 0.7253602403300603]]	0.8897786208737799	0.18532830830933905	[[0.7242439454258598, -0.46330508612133037, 0.057015815630933483], [0.506602034508963, 0.6666723024668961, -0.2981222135900531], [0.02721581762507386, 0.2756604484860006, 0.8070817705814214]]	[[-0.031135762730272545, -0.00639268783267702, -0.05406321461381179], [0.04143024097168774, -0.028728435470526094, 0.004762269897379162], [-0.04150603601200927, -0.03954562399713691, -0.022151871323249528]]	0.4386834774689865	[[0.6815095157075945, -0.6815095157075944, 0.0], [0.7071067811865475, 0.7071067811865476, 0.0], [0.0, 0.0, 0.9638]]
4	[[0.8787972042104137, -0.3840163418041313, 0.28327887866788265], [-0.395223040501579, -0.9183905790867732, -0.018907472103605397], [0.2674214316928388, -0.09534250611366366, -0.9588511794847616]]	0.670404237346093	0.32959576265390694	[[0.5891493694705612, -0.25744618275563524, 0.1899113606095983], [-0.2649592010490651, -0.6156929357585049, -0.012675649415760113], [0.1792804609640379, -0.06391802009779589, -0.6428178937108835]]	0.8338941379384843	0.2631869519146895	[[0.6831510443207498, -0.3063010293478125, 0.1347725328436532], [-0.3579758032986038, -0.8404775262238485, -0.02714551639508747], [0.12390918918077229, -0.051442185182234874, -0.7995803777277442]]	[[-0.04967279270704329, 0.013927946955233889, -0.10145206347928128], [-0.02840162664611289, -0.07463700598545835, -0.0113786862446555], [-0.09909197506700278, 0.02806337176231336, 0.0]]	0.4837576169764317	[[0.6568388712389797, -0.6568388712389795, 0.0], [-0.7071067811865475, -0.7071067811865476, 0.0], [0.0, 0.0, -0.92891044]]
4	[[0.5319609947059123, -0.8460851799387872, 0.03402011756955908], [-0.703274286200726, -0.4190807785627857, 0.5742617690636116], [-0.47161719485230363, -0.3294103357928521, -0.8179645788128509]]	0.6291232913197984	0.37087670868020156	[[0.33466905184313733, -0.5322918931399936, 0.021402848336447514], [-0.4424462336351826, -0.2636534787382834, 0.36128145423242936], [-0.29670536186849195, -0.20723971464875915, -0.5146005680057535]]	0.767009671402981	0.4061363755921382	[[0.4905598988721044, -0.6467777514429224, 0.09677882575241244], [-0.5098168384891923, -0.3694117683295819, 0.33716779696846705], [-0.2752195714106171, -0.11249278415208722, -0.5812636779892167]]	[[0.08254067112351976, 0.0021777644008588986, 0.0706850665542942], [0.029601340675792558, -0.04797275807283421, -0.10329653382030825], [0.08651537824104402, 0.14016812926113392, 0.046123064825305676]]	0.6682999051478651	[[0.6568388712389797, -0.6568388712389795, 0.0], [-0.7071067811865475, -0.7071067811865476, 0.0], [0.0, 0.0, -0.92891044]]
4	[[-0.42203838922340475, -0.825029846081567, 0.3757783270710803], [0.2588054115689476, 0.28760896992378115, 0.9221175843470338], [-0.8688517462515349, 0.4864224845687207, 0.09214016247897017]]	0.691626291171924	0.3083737088280762	[[-0.29189284587075637, -0.5706123325515376, 0.2598981706549615], [0.1789966269386546, 0.19891792517616222, 0.6377607648863527], [-0.6009207108381985, 0.3364225789448967, 0.0637265588433086]]	0.8281929018461698	0.28365910283141854	[[-0.267464683017276, -0.5954099225237175, 0.3191197115261382], [0.2615115922770158, 0.2343047273965598, 0.8296936094795752], [-0.6924454331978408, 0.35477606937712186, 0.02347611280173069]]	[[0.08206451524413892, 0.0878739398122742, 0.007902768378241177], [0.047170787456236866, -0.0038909800016043356, 0.06600237145582494], [0.027131415804329723, -0.048075579641070655, -0.05283371573830516]]	0.5122185830605813	[[-0.4314373027704967, -0.4314373027704968, 0.6101444848917039], [0.5, 0.5000000000000001, 0.7071067811865475], [-0.6101444848917039, 0.6101444848917038, 0.0]]
4	[[0.8592155572171323, 0.2624339665249735, -0.4391776855101157], [-0.4266000482917053, 0.8413623931712975, -0.33184593135155627], [0.2824199444684594, 0.4724804086637203, 0.8348660002631537]]	0.6793402736652769	0.3206597263347233	[[0.58369973177735, 0.17828196263813964, -0.298351089062125], [-0.28980659355210736, 0.5715713584286614, -0.225436305819075], [0.1918592423637355, 0.32097497012309356, 0.5671580970926059]]	0.7869232947983946	0.37863486860590334	[[0.5510309663260409, 0.20670632769713485, -0.2846746296927659], [-0.32452759814819, 0.7529300401302793, -0.27195204982426613], [0.24386106471517985, 0.34200694900179074, 0.5358011789617324]]	[[-0.12510577090130323, 0.00019092609229105079, 0.06092452159078758], [0.011173917414672947, 0.09084237357645973, -0.010814756159657563], [0.021618231497280135, -0.02979889091155601, -0.12117432468050593]]	0.5339810892382958	[[0.6101444848917039, 0.4314373027704968, -0.4314373027704967], [-0.7071067811865475, 0.5000000000000001, -0.5], [0.0, 0.6101444848917038, 0.6101444848917039]]
4	[[0.034229894132735264, 0.2773841392786001, 0.9601491309293217], [-0.1827544195208179, -0.9427759796974285, 0.2788803941677556], [0.9825625356654255, -0.18501754344446375, 0.018422055382213542]]	0.8505882936979289	0.14941170630207104	[[0.029115547243824032, 0.23593970172785317, 0.8166916109727215], [-0.15544876986596798, -0.801914211910229, 0.23721239862095708], [0.8357561906631649, -0.15737375658260885, 0.01566958465396576]]	0.9099371935133267	0.1367836779441094	[[0.009075407205439817, 0.23176780532924013, 0.8453575904023513], [-0.16550431215155692, -0.8262062957435203, 0.2540708057194948], [0.8778195036043062, -0.1571569709650541, 0.0]]	[[-0.022071646595959588, -0.020634339891038918, -0.028317815149735356], [0.0007907314493732324, 0.03166063333413491, 0.0003071625245969741], [-0.01625069255042913, 0.011197373267531249, -0.01676291337323846]]	0.3538981149576044	[[0.0, 0.0, 0.9638], [0.0, -1.0, 0.0], [0.9638, 0.0, 0.0]]
4	[[-0.3195682178843842, -0.5708200961323295, -0.7563336379995778], [0.910087742671785, 0.03735879733279218, -0.41272826520656647], [0.2638493031197415, -0.8202248094963509, 0.507557688474819]]	0.6168519867690052	0.3831480132309948	[[-0.19712629011021274, -0.3521115103869019, -0.46654590726026923], [0.5613894322012098, 0.023044848358033453, -0.25459225038839545], [0.16275596683702998, -0.505957303335053, 0.3130879685355759]]	0.7486380870246828	0.40006045167861903	[[-0.2701271067607951, -0.3893300636219741, -0.5010590795957017], [0.7778959015676791, 0.027901126280768462, -0.23366112334329958], [0.20162024963511507, -0.5010590795957017, 0.2996001251717853]]	[[-0.030886167449942655, 0.038007601181778705, 0.06516108830872122], [0.09656955486926218, -6.709228799593042e-05, 0.07532297558196031], [0.004092612084756211, 0.11299245271583151, -0.08037689178267313]]	0.711596178568855	[[0.0, 0.0, -0.8628746055409936], [1.0, -1.7938038903913487e-16, 0.0], [-1.7229315954822378e-16, -0.8628746055409936, 0.0]]
4	[[-0.30792515101507295, 0.09349718223056193, 0.9468053539599837], [0.3027085282091916, -0.9338174967034747, 0.1906631317268273], [0.9019698710720718, 0.34531602882779927, 0.2592434992682147]]	0.6958139381720702	0.3041860618279299	[[-0.21425861199002733, 0.065056642575839, 0.6588003620212972], [0.21062881313150883, -0.6497632299152288, 0.1326660645510639], [0.6276032081032127, 0.24027570593261113, 0.18038524017132468]]	0.8368629951426594	0.27466605522994686	[[-0.24293616177150856, 0.07493768692718589, 0.7324426006121588], [0.2456659373450219, -0.8492099247729429, 0.1183735073393987], [0.6701244464307698, 0.25642722619206226, 0.16799847484432268]]	[[0.014755002386721065, -0.003306645031681203, -0.059903763719898716], [-0.00765962822734835, -0.06773261756505254, -0.04118541214079338], [-0.08470076140304258, -0.032554979963538726, -0.04895281642453936]]	0.47244260989694326	[[0.0, 0.0, 0.9638], [0.0, -1.0, 0.0], [0.9638, 0.0, 0.0]]
4	[[-0.5446221603179724, 0.8109226453022452, -0.2139887049042392], [-0.8354447797583356, -0.5021691245819775, 0.22328947644507607], [0.07361197229480154, 0.30038414347728, 0.9509735242804028]]	0.6932730763070829	0.30672692369291715	[[-0.37757188050865, 0.5621908369557649, -0.14835260774393044], [-0.5791913725477547, -0.34814033382538223, 0.1548005822420758], [0.05103319848584882, 0.20824823922236205, 0.6592843406644633]]	0.8201176609636073	0.2701053363793374	[[-0.4927530937081242, 0.6307963981061172, -0.12159182239272498], [-0.7357920370530432, -0.4074161676110906, 0.09545066079237291], [0.07649411780066732, 0.12745965587190358, 0.7608378308294783]]	[[-0.04609884147920211, -0.03425558498158106, 0.053904093745971285], [-0.050629018413380855, 0.004421600249222904, -0.08767298234755135], [0.01612363926333686, -0.11889068526723992, -0.019072351541683862]]	0.4021962115565223	[[-0.6568388712389797, 0.6568388712389795, 0.0], [-0.7071067811865475, -0.7071067811865476, 0.0], [0.0, 0.0, 0.92891044]]
4	[[0.08740825448676931, -0.06334395238859675, -0.994156597696443], [0.7119981850616444, -0.6940087028176986, 0.10681996481098455], [-0.6967197295301035, -0.717174639895393, -0.015561310176609944]]	0.7967752277830643	0.20322477221693572	[[0.06964473187881567, -0.05047089209310375, -0.7921193495816196], [0.5673025160836201, -0.5529689422710008, 0.08511150179405112], [-0.5551290211973033, -0.5714269870628889, -0.012398866460571303]]	0.917352995675098	0.1400772197512908	[[0.05505147625697588, -0.055051476256975894, -0.8585018099228974], [0.6842788950285059, -0.6719912230155034, 0.09022695053409704], [-0.6223582642408134, -0.6329609843820501, 0.0]]	[[-0.02513274784319329, 0.0030572882246041196, 0.05349072314409792], [0.03112522704697366, -0.03534026046109878, -0.0077646641831681795], [0.016779666789571115, 0.024941319948198364, 0.01427521450714252]]	0.17020196816665165	[[0.0, 0.0, -0.8952838820719999], [0.7071067811865475, -0.7071067811865476, 0.0], [-0.6330613041001285, -0.6330613041001284, 0.0]]
4	[[-0.8305561570912853, 0.32773595720904825, 0.4502950280316503], [-0.5100865793185324, -0.772219296347621, -0.37879947194723407], [0.22358030216652452, -0.5443036842615101, 0.808545204538665]]	0.6202177920644549	0.37978220793554507	[[-0.5151257059366955, 0.20326767176032662, 0.27928098806339197], [-0.3163647719866507, -0.4789441469702886, -0.23493817212629498], [0.13866848135882553, -0.337586829265222, 0.5014741215432738]]	0.7799352118059384	0.37284148010312584	[[-0.6203914257448463, 0.24652458824890677, 0.19821450577074615], [-0.5654271215803226, -0.6267725164169292, -0.30468699440204283], [0.17933862647178728, -0.27721737359375864, 0.5998594125806562]]	[[0.027388566552871425, -0.009088224953354266, -0.15298644229227998], [-0.16759263730015644, -0.024491495959414755, -0.009247948016899293], [0.004960476145903231, 0.14730423567749482, -0.030753462775883304]]	0.6773111260440865	[[-0.8628746055409936, 0.0, 0.0], [0.0, -0.7071067811865476, -0.7071067811865475], [0.0, -0.6101444848917038, 0.6101444848917039]]
4	[[0.04673222253661188, -0.9725397674033924, -0.22799671093185395], [-0.8377629715199755, -0.16246744520517667, 0.5213036857710898], [-0.5440306084466285, 0.16664552219444034, -0.8223502702654952]]	0.5978834793317243	0.4021165206682758	[[0.027940423807093943, -0.581465459923606, -0.13631546680812615], [-0.5008846402676471, -0.09713660141740722, 0.3116788614372711], [-0.3252669130410252, 0.09963460462466404, -0.49166964081571807]]	0.7706391690762707	0.3791023065302028	[[-0.011120461330003495, -0.8177352897078082, -0.13067116396715037], [-0.6885655939940629, -0.15193965432983647, 0.2747855555923008], [-0.2785212203124337, 0.03872068582400311, -0.5953770112175373]]	[[-0.04713414247470555, -0.06825805146242807, 0.04503203189749622], [-0.04295263373904156, -0.026735877354974524, -0.12695148364672904], [0.14073007573293406, -0.08970288093020164, 0.038358317749510644]]	0.6381905559495862	[[1.7876443198612137e-16, -0.8952838820719999, 0.0], [-1.0, -1.7938038903913487e-16, 0.0], [0.0, 0.0, -0.8952838820719999]]
4	[[0.22433838825039393, -0.7661379269479729, -0.6022499185961573], [-0.9416906372873723, -0.011392912655017143, -0.3362869982418849], [0.2507808429735371, 0.642575192824231, -0.724020780340167]]	0.5624567240039783	0.43754327599602194	[[0.12618063492364914, -0.43091942852635595, -0.3387395162452572], [-0.529660230873874, -0.0064080203288044285, -0.18914688335626217], [0.1410533713818518, 0.36142073788214163, -0.4072303562209343]]	0.7584350386266646	0.4080865724299764	[[0.2024933025990395, -0.4978493031063135, -0.3935739080714953], [-0.8299955396900112, 0.03192091005916686, -0.1832265341797875], [0.1581015234050276, 0.3935739080714953, -0.42362325192752714]]	[[0.03234720844090821, 0.08321654511182508, 0.0631935322018869], [-0.1157843648245945, 0.04056169420874502, 0.07182530832144157], [-0.03209945492243461, -0.09377763311868692, 0.1254994765762753]]	0.7330491430230545	[[-1.7229315954822378e-16, -0.8628746055409936, 0.0], [-1.0, 1.7938038903913487e-16, 0.0], [0.0, 0.0, -0.8628746055409936]]
4	[[0.3802729664721569, 0.7767473726770865, -0.5020517802076895], [0.4287143634067757, 0.332951791095048, 0.839849450446521], [0.8195098935212374, -0.5346088512602871, -0.20639019011321075]]	0.6856104393075134	0.31438956069248675	[[0.2607191155997468, 0.5325461074120942, -0.3442119415833131], [0.2939310430327605, 0.2282752237608993, 0.5758095506728131], [0.5618645381139491, -0.3665334093702506, -0.14150326891227963]]	0.8279228266699555	0.2743364546016299	[[0.3470159596159037, 0.5566241481540815, -0.4223898045277014], [0.4064858192519272, 0.2940983407681698, 0.7153337021656727], [0.6245619165412749, -0.4223898045277014, -0.07580094844562821]]	[[0.03217929030810632, -0.08646273224119332, -0.00672967552346803], [0.051543411666179054, 0.018439952739933242, 0.02000317117478028], [-0.053929030986822, 0.020225066770493266, 0.09507420114985074]]	0.39316974492834106	[[0.4314373027704967, 0.4314373027704968, -0.6101444848917039], [0.5, 0.5000000000000001, 0.7071067811865475], [0.6101444848917039, -0.6101444848917038, 0.0]]
