4	[[-0.5446221603179724, 0.8109226453022452, -0.2139887049042392], [-0.8354447797583356, -0.5021691245819775, 0.22328947644507607], [0.07361197229480154, 0.30038414347728, 0.9509735242804028]]	0.739513005289666	0.2604869947103341	[[-0.4027551705240941, 0.5996878424849093, -0.15824743026177746], [-0.61782227983265, -0.3713605984832989, 0.16512547177545434], [0.05443701085702834, 0.2221379806842456, 0.7032572888915058]]	0.8431538646515655	0.24242370937553667	[[-0.49851957326913565, 0.6409052598161583, -0.13885274316531437], [-0.7348590160287223, -0.4030753611841769, 0.0981817027103578], [0.06636784731395723, 0.1658109815812038, 0.7921974488282739]]	[[-0.039319294022152756, -0.04282730250390061, 0.04157266036647839], [-0.030450521272505447, 0.02033047691581081, -0.09008568229033279], [0.004301628388971329, -0.08745906987171512, -0.009619553350067292]]	0.38723855495275755	[[-0.6893999505732279, 0.6893999505732278, 0.0], [-0.7071067811865475, -0.7071067811865476, 0.0], [0.0, 0.0, 0.9749587600000001]]
4	[[0.8592155572171323, 0.2624339665249735, -0.4391776855101157], [-0.4266000482917053, 0.8413623931712975, -0.33184593135155627], [0.2824199444684594, 0.4724804086637203, 0.8348660002631537]]	0.7363342053474358	0.2636657946525641	[[0.6326698045456315, 0.19323910619734191, -0.32338155206641717], [-0.31412020756005055, 0.6195239091850042, -0.24434951015952797], [0.20795546538444998, 0.3479034862556323, 0.6147403928753615]]	0.8131108134003502	0.27165441334945134	[[0.665965540792906, 0.26831796979491923, -0.2779672206757991], [-0.3367343862127957, 0.6898905972677314, -0.3480712769399173], [0.14115024585636723, 0.39000482019552696, 0.6651555727330674]]	[[-0.03267191982215149, 0.05493007380991778, 0.07913290441661427], [0.010138726050301368, 0.005769737391752631, -0.07824376177505665], [-0.0884884649108635, 0.005825890791239463, -0.013682999821202631]]	0.49726685862659126	[[0.6721365209549356, 0.4752722918503689, -0.4752722918503688], [-0.7071067811865475, 0.5000000000000001, -0.5], [0.0, 0.6721365209549355, 0.6721365209549356]]
4	[[0.034229894132735264, 0.2773841392786001, 0.9601491309293217], [-0.1827544195208179, -0.9427759796974285, 0.2788803941677556], [0.9825625356654255, -0.18501754344446375, 0.018422055382213542]]	0.8669957608401603	0.13300423915983978	[[0.029677173107088943, 0.24049087287884288, 0.8324452262900861], [-0.15844730699935336, -0.8173827778195994, 0.2417881195248771], [0.8518775531822828, -0.16040942584741025, 0.0159718439223418]]	0.9285245393363765	0.12350465529174987	[[0.010630523931703308, 0.24142432750041098, 0.878174899457409], [-0.16386642912747126, -0.8276023385769034, 0.25233834320157356], [0.9120563141207341, -0.1640306638954681, 0.0]]	[[-0.021152772749427638, -0.016133652642468452, -0.013347130032961596], [0.0058255340697830164, 0.04778829366905259, -0.006608946322988854], [-0.0002771116771869795, 0.00776266540045061, -0.017105330487399043]]	0.34368400218296835	[[0.0, 0.0, 0.9874], [0.0, -1.0, 0.0], [0.9874, 0.0, 0.0]]
4	[[-0.8305561570912853, 0.32773595720904825, 0.4502950280316503], [-0.5100865793185324, -0.772219296347621, -0.37879947194723407], [0.22358030216652452, -0.5443036842615101, 0.808545204538665]]	0.6733134600302902	0.32668653996970975	[[-0.5592246398805946, 0.22066903132476345, 0.30318970335842704], [-0.34344815963597614, -0.5199456463259726, -0.2550507831144391], [0.1505396268463605, -0.366486996957352, 0.5444043692588272]]	0.8091839698146048	0.33655374291386225	[[-0.6638249821837404, 0.27097106786748404, 0.20354152984073415], [-0.5669913898525372, -0.6303844288725704, -0.2959032993410142], [0.1837563609307832, -0.2917798939318512, 0.6470103989144724]]	[[0.008247746165348376, 0.00577238496207689, -0.16082998852969543], [-0.15423750665041486, -0.005516953086561645, 0.010615161132924666], [0.002838764451325995, 0.14866192208359283, -0.007251419468686164]]	0.6470005807097614	[[-0.9505445837007378, 0.0, 0.0], [0.0, -0.7071067811865476, -0.7071067811865475], [0.0, -0.6721365209549355, 0.6721365209549356]]
4	[[-0.30792515101507295, 0.09349718223056193, 0.9468053539599837], [0.3027085282091916, -0.9338174967034747, 0.1906631317268273], [0.9019698710720718, 0.34531602882779927, 0.2592434992682147]]	0.7391459382029365	0.26085406179706366	[[-0.2276016246433171, 0.06910806247913956, 0.6998273316483153], [0.22374577908521298, -0.6902274097112073, 0.14092787938093587], [0.6666873665843484, 0.255238940104436, 0.19161877948961684]]	0.8564676427481556	0.2539040173151471	[[-0.262936657927485, 0.08147760167325227, 0.7512399367354008], [0.24304496239378415, -0.8497484326084601, 0.11969440937068684], [0.6872681748073317, 0.2696682245715934, 0.18145905625423275]]	[[0.0007912703052643287, 0.0014002904046481572, -0.059668212912039484], [-0.016215097201305758, -0.04996396244985178, -0.04360239361837], [-0.08523983449962352, -0.026083780641706054, -0.04057461246179829]]	0.46818842682697837	[[0.0, 0.0, 0.9874], [0.0, -1.0, 0.0], [0.9874, 0.0, 0.0]]
4	[[0.04673222253661188, -0.9725397674033924, -0.22799671093185395], [-0.8377629715199755, -0.16246744520517667, 0.5213036857710898], [-0.5440306084466285, 0.16664552219444034, -0.8223502702654952]]	0.6295448800257841	0.37045511997421593	[[0.029420031430149533, -0.6122574311902728, -0.14353416202986735], [-0.5274093893955872, -0.1022805482997885, 0.32818406631575975], [-0.3424916841248871, 0.10491083527673309, -0.5177064022334623]]	0.801556200329829	0.33471844929590167	[[-0.03169866707530987, -0.8831220349997333, -0.15499533383634445], [-0.6883988615081265, -0.14778603619087818, 0.278012464064331], [-0.3112838618103993, 0.044828684887052536, -0.6306007111170692]]	[[-0.06915716980472436, -0.1035767543702144, 0.02775684346589078], [-0.01688475727954809, -0.017559248134922257, -0.13984173752027884], [0.12478724555920519, -0.08874706668510327, 0.0285592468571492]]	0.6167297981121326	[[1.92220505954326e-16, -0.9626742796240002, 0.0], [-1.0, -1.7938038903913487e-16, 0.0], [0.0, 0.0, -0.9626742796240002]]
4	[[0.8489524140446696, -0.5135124485683378, 0.12483895166604869], [0.522794976890395, 0.7815435453534784, -0.34040431673891397], [0.0772347773085365, 0.35425224329800037, 0.9319550081910795]]	0.8218110641214403	0.17818893587855975	[[0.6976784867745154, -0.42201021179755205, 0.10259403171248054], [0.4296386962756394, 0.6422811326641853, -0.2797480337707387], [0.06347239452711086, 0.2911284130321371, 0.7658909369948166]]	0.9121506247330003	0.1461757019360062	[[0.7677958964846403, -0.47633805221139564, 0.05451569674925732], [0.49943037978737803, 0.6731706050100499, -0.289605578179553], [0.023361638486396497, 0.29058301641029105, 0.8500833429445414]]	[[-0.006576578354793775, -0.007937351441613739, -0.059356231003941835], [0.02256261500952987, -0.0397148281401692, 0.020894431995657443], [-0.04708811188669924, -0.03254838862704682, 0.0]]	0.43091240244766904	[[0.6981972357435972, -0.698197235743597, 0.0], [0.7071067811865475, 0.7071067811865476, 0.0], [0.0, 0.0, 0.9874]]
4	[[0.22433838825039393, -0.7661379269479729, -0.6022499185961573], [-0.9416906372873723, -0.011392912655017143, -0.3362869982418849], [0.2507808429735371, 0.642575192824231, -0.724020780340167]]	0.6181631646202753	0.3818368353797247	[[0.13867772802667555, -0.4735982454577763, -0.37228871557170384], [-0.582118464438846, -0.007042678941067811, -0.20788023505385658], [0.1550234795186621, 0.3972163147027103, -0.4475629768259189]]	0.7782087295914286	0.36450347536326144	[[0.22850005070156654, -0.5871824903483156, -0.3648826886459371], [-0.8368379019424703, -0.01544775849164956, -0.15676342698202436], [0.14901062644012944, 0.3648826886459371, -0.532819683911715]]	[[0.05391795858263869, 0.009032732473677193, 0.10379345540131976], [-0.10400602743092154, -0.006581694408042533, 0.1049380506979078], [-0.04614921477617442, -0.13517493582877504, 0.030619607754601312]]	0.7436036188136154	[[1.897985275793015e-16, -0.9505445837007378, 0.0], [-1.0, -1.7938038903913487e-16, 0.0], [0.0, 0.0, -0.9505445837007378]]
4	[[-0.3195682178843842, -0.5708200961323295, -0.7563336379995778], [0.910087742671785, 0.03735879733279218, -0.41272826520656647], [0.2638493031197415, -0.8202248094963509, 0.507557688474819]]	0.6676376331589975	0.3323623668410025	[[-0.21335576862116906, -0.3811009779413799, -0.5049567999525721], [0.6076088264844053, 0.024942139028932053, -0.27555292212033106], [0.17615572424551507, -0.5476129504704333, 0.3388646138249799]]	0.7822596579848193	0.3552817999203788	[[-0.2934616010806095, -0.4252521545180802, -0.5458766929220227], [0.773736127926199, 0.035535769365807435, -0.24098326969448078], [0.22906534177058285, -0.5458766929220227, 0.31774258795080873]]	[[-0.043476276255552906, 0.021277378653257666, 0.04577260006194105], [0.06181120160759225, 0.006311489341533278, 0.08187740188667571], [0.02266667615260101, 0.09575208602525646, -0.07929931584306872]]	0.7120665366126989	[[0.0, 0.0, -0.9505445837007378], [1.0, -1.7938038903913487e-16, 0.0], [-1.897985275793015e-16, -0.9505445837007378, 0.0]]
4	[[0.8787972042104137, -0.3840163418041313, 0.28327887866788265], [-0.395223040501579, -0.9183905790867732, -0.018907472103605397], [0.2674214316928388, -0.09534250611366366, -0.9588511794847616]]	0.7130361413366557	0.28696385866334445	[[0.6266141675076343, -0.27381753057023606, 0.20198807856752168], [-0.2818083117665867, -0.6548456747519695, -0.013481710951185258], [0.19068114576498582, -0.06798265266465325, -0.6836955451359155]]	0.8545599508707592	0.23992779062305597	[[0.6978577961114787, -0.3175940947442401, 0.15121652966112184], [-0.3602027628030181, -0.8405281722626319, -0.024796286536961882], [0.13730361625931495, -0.057764101001445675, -0.8193958168328673]]	[[-0.05312709954393301, 0.010570891441467056, -0.09086225497602768], [-0.02246098072899666, -0.055708364118070945, -0.008638718105014598], [-0.09122402926990547, 0.023711786338941797, 0.0]]	0.47296275035414864	[[0.6893999505732279, -0.6893999505732278, 0.0], [-0.7071067811865475, -0.7071067811865476, 0.0], [0.0, 0.0, -0.9749587600000001]]
4	[[0.08740825448676931, -0.06334395238859675, -0.994156597696443], [0.7119981850616444, -0.6940087028176986, 0.10681996481098455], [-0.6967197295301035, -0.717174639895393, -0.015561310176609944]]	0.9064157371399236	0.0935842628600764	[[0.07922821742273904, -0.057415955297666146, -0.9011191853335402], [0.6453663597549383, -0.6290604099460264, 0.09682329714540927], [-0.6315177272219571, -0.6500583798788419, -0.0141050164345949]]	0.9520855844515602	0.07456978055425288	[[0.06281819335077078, -0.0628181933507708, -0.9242730148906483], [0.6797328440816082, -0.6702079199826582, 0.09346046731923162], [-0.6704104647011466, -0.6795798641465769, 0.0]]	[[-0.0204019457081557, -0.0025093294194018538, 0.022249150463544337], [0.0018496359287423917, -0.009452238546000417, -0.008241281308929701], [-0.0070736538125450756, 0.0032317720320656903, 0.01481569909432969]]	0.12791487306468932	[[0.0, 0.0, -0.9626742796240002], [0.7071067811865475, -0.7071067811865476, 0.0], [-0.6807135111960052, -0.6807135111960051, 0.0]]
4	[[-0.42203838922340475, -0.825029846081567, 0.3757783270710803], [0.2588054115689476, 0.28760896992378115, 0.9221175843470338], [-0.8688517462515349, 0.4864224845687207, 0.09214016247897017]]	0.7545926216906573	0.24540737830934278	[[-0.31846705457819113, -0.6225614345277289, 0.28355955299909585], [0.19529265402354173, 0.21702760663653548, 0.6958231254794841], [-0.6556291170644515, 0.36705081787999433, 0.06952828676800923]]	0.8675236166434335	0.21832075214410415	[[-0.2897328699170405, -0.6608117137836973, 0.3384452770475517], [0.25176825428761607, 0.22858725528658724, 0.8310499375942366], [-0.7679154439198376, 0.38770958105675823, 0.02203457304520027]]	[[0.07639539986441667, 0.05492116212775904, 0.012448703690628955], [0.027248447636430313, -0.020920318480784, 0.03109115585099139], [-0.014166034684743145, -0.0342734119729832, -0.05789919394666953]]	0.48673162471094417	[[-0.4752722918503688, -0.4752722918503689, 0.6721365209549356], [0.5, 0.5000000000000001, 0.7071067811865475], [-0.6721365209549356, 0.6721365209549355, 0.0]]
4	[[0.5319609947059123, -0.8460851799387872, 0.03402011756955908], [-0.703274286200726, -0.4190807785627857, 0.5742617690636116], [-0.47161719485230363, -0.3294103357928521, -0.8179645788128509]]	0.6641543947621125	0.3358456052378876	[[0.35330423247595644, -0.5619311905994382, 0.0225946105941464], [-0.4670827079033999, -0.2783343408428018, 0.38139847766746293], [-0.31322663260653694, -0.2187793221968859, -0.5432547697782952]]	0.7878517963376719	0.37074016748221084	[[0.5097932866804546, -0.7105012267706637, 0.08553059248461535], [-0.5090191037205909, -0.39298080385319745, 0.3282029175711337], [-0.30131255920326444, -0.09618953893337179, -0.6247670410968823]]	[[0.09068686141982685, -0.04391149790120796, 0.058727781745819475], [0.04505680598074518, -0.0628072596519165, -0.12423024875368202], [0.07025189494485684, 0.16333698585322248, 0.019667821661409585]]	0.6519720993194861	[[0.6893999505732279, -0.6893999505732278, 0.0], [-0.7071067811865475, -0.7071067811865476, 0.0], [0.0, 0.0, -0.9749587600000001]]
4	[[0.3802729664721569, 0.7767473726770865, -0.5020517802076895], [0.4287143634067757, 0.332951791095048, 0.839849450446521], [0.8195098935212374, -0.5346088512602871, -0.20639019011321075]]	0.761916403867619	0.23808359613238111	[[0.28973621110253744, 0.5918165649037471, -0.3825214869311791], [0.32664450605328615, 0.25368143133242166, 0.6398950730744094], [0.6243980310056366, -0.4073272534280369, -0.15725207144461176]]	0.8703630764461856	0.21632706592178974	[[0.34308144465125284, 0.6318840693900982, -0.4369673319568487], [0.405004555222583, 0.30167506991230514, 0.7199533501649453], [0.6826195403832142, -0.4482683668457804, -0.08669247446014038]]	[[0.012105895663229243, -0.04416816351462258, 2.718788615906284e-18], [0.03186740297119375, 0.011886124706551478, -0.011020601277327081], [-0.030651611720015952, 0.017035437632484315, 0.09294192635510684]]	0.3713647994265028	[[0.4752722918503688, 0.4752722918503689, -0.6721365209549356], [0.5, 0.5000000000000001, 0.7071067811865475], [0.6721365209549356, -0.6721365209549355, 0.0]]
