4	[[0.8787972042104137, -0.3840163418041313, 0.28327887866788265], [-0.395223040501579, -0.9183905790867732, -0.018907472103605397], [0.2674214316928388, -0.09534250611366366, -0.9588511794847616]]	0.6779614076348225	0.32203859236517773	[[0.5957905895920385, -0.2603482596443039, 0.19205214733489184], [-0.26794596886816496, -0.6226333697562284, -0.012818536402176464], [0.1813014102621965, -0.06463853965225108, -0.6500640953557986]]	0.8376221310154681	0.2590548482816321	[[0.6858048331429711, -0.3083469291243098, 0.13760348656791863], [-0.35838421272353926, -0.8404840109568351, -0.026721451439827446], [0.12622600122575525, -0.052506320732704774, -0.8031549682867212]]	[[-0.050295153778191, 0.013313657442431038, -0.09967717145354545], [-0.02733664731219404, -0.0712197369976424, -0.01088413436428997], [-0.09777210826800779, 0.027354672414577473, 0.0]]	0.4816517270837356	[[0.6625760245345436, -0.6625760245345435, 0.0], [-0.7071067811865475, -0.7071067811865476, 0.0], [0.0, 0.0, -0.937024]]
4	[[0.22433838825039393, -0.7661379269479729, -0.6022499185961573], [-0.9416906372873723, -0.011392912655017143, -0.3362869982418849], [0.2507808429735371, 0.642575192824231, -0.724020780340167]]	0.5721527399938471	0.42784726000615286	[[0.12835582352326635, -0.4383479141164886, -0.34457894108586273], [-0.5387908783505222, -0.006518486192078718, -0.1924075274684005], [0.14348494644527596, 0.3676511572264584, -0.4142504732841099]]	0.7566774452314424	0.3998638024737066	[[0.1889735255576966, -0.5156312671106063, -0.38991777167712194], [-0.8424488416430826, 0.032637623802369925, -0.17107010477948995], [0.1502019429707129, 0.38991777167712194, -0.44370472135534994]]	[[0.019221727069048962, 0.06408802214729922, 0.06579115811706254], [-0.12989277602210475, 0.041258383843913365, 0.08339068191473009], [-0.03955826460349057, -0.09630438359821868, 0.10414547300692295]]	0.7341881372781222	[[-1.7531609017156588e-16, -0.8780139765759999, 0.0], [-1.0, 1.7938038903913487e-16, 0.0], [0.0, 0.0, -0.8780139765759999]]
4	[[-0.5446221603179724, 0.8109226453022452, -0.2139887049042392], [-0.8354447797583356, -0.5021691245819775, 0.22328947644507607], [0.07361197229480154, 0.30038414347728, 0.9509735242804028]]	0.7016702553462196	0.29832974465378037	[[-0.3821451702975215, 0.5690002995952584, -0.15014950921136436], [-0.5862067519406976, -0.3523571378724236, 0.15667558395334025], [0.05165133139663225, 0.21077061865565858, 0.6672698356093246]]	0.8248924726542729	0.2638390996490092	[[-0.4968318551074751, 0.6348110797695623, -0.12492078014710836], [-0.7359966435568573, -0.4077337752978015, 0.09511449687720912], [0.07696601236841029, 0.13146662541188195, 0.7663509378915175]]	[[-0.047577134620471, -0.034112906245150676, 0.05159689176143507], [-0.046844533415899496, 0.006501755569257372, -0.08907531146524769], [0.016244050525193635, -0.11631799344722742, -0.01809996398089219]]	0.39935743072615054	[[-0.6625760245345436, 0.6625760245345435, 0.0], [-0.7071067811865475, -0.7071067811865476, 0.0], [0.0, 0.0, 0.937024]]
4	[[0.8592155572171323, 0.2624339665249735, -0.4391776855101157], [-0.4266000482917053, 0.8413623931712975, -0.33184593135155627], [0.2824199444684594, 0.4724804086637203, 0.8348660002631537]]	0.6904838134358056	0.30951618656419455	[[0.593274434510656, 0.18120640598124818, -0.3032450830669357], [-0.29456042815635547, 0.5809471137183931, -0.229134244152779], [0.19500640024691032, 0.32624007434783325, 0.5764614595696005]]	0.7911561599347865	0.37207981422313247	[[0.5576815893498399, 0.2084413037018741, -0.286270359851321], [-0.32429770015243975, 0.7528978592153859, -0.2722596394212014], [0.24533105180247655, 0.34578640697089374, 0.5417306928991231]]	[[-0.12209209145429425, 0.0008150545095217607, 0.061187771345909456], [0.013209555882020281, 0.08724881912044018, -0.009717686683121368], [0.02189277304781452, -0.028019378791913865, -0.11877868592918808]]	0.5273297760894611	[[0.6208496368134561, 0.43900698828799994, -0.43900698828799983], [-0.7071067811865475, 0.5000000000000001, -0.5], [0.0, 0.620849636813456, 0.6208496368134561]]
4	[[0.034229894132735264, 0.2773841392786001, 0.9601491309293217], [-0.1827544195208179, -0.9427759796974285, 0.2788803941677556], [0.9825625356654255, -0.18501754344446375, 0.018422055382213542]]	0.8557677205385104	0.1442322794614898	[[0.029292838476245395, 0.2373763925839843, 0.8216646331524174], [-0.156395333011669, -0.8067972511241291, 0.23865683921982145], [0.8408453014329402, -0.15833204141310356, 0.015765000342071078]]	0.9133284550353364	0.13224530834323225	[[0.009059757061886452, 0.2336473500497428, 0.8511460400875583], [-0.16526598535224013, -0.8264141420093744, 0.2538073472448987], [0.8839056321654535, -0.15831137280431687, 0.0]]	[[-0.022203379262387773, -0.019695477328887656, -0.02578548226764019], [0.0016488262795882145, 0.03464998697210384, -0.000902052299983224], [-0.013496690509452207, 0.010670414304248465, -0.0168253873808125]]	0.3520505018556602	[[0.0, 0.0, 0.968], [0.0, -1.0, 0.0], [0.968, 0.0, 0.0]]
4	[[0.3802729664721569, 0.7767473726770865, -0.5020517802076895], [0.4287143634067757, 0.332951791095048, 0.839849450446521], [0.8195098935212374, -0.5346088512602871, -0.20639019011321075]]	0.6988080458428493	0.301191954157151	[[0.26573780858727125, 0.5427973136140422, -0.35083782343885916], [0.29958904651705, 0.23266939049500698, 0.5868935532687242], [0.5726801072404574, -0.3735889666394917, -0.14422712543414698]]	0.8350714714867841	0.26347238286461494	[[0.3467566335777188, 0.569398447727218, -0.42538951597344715], [0.4054068765048516, 0.2935368055829699, 0.716180049423289], [0.6355409386646569, -0.4253895159734471, -0.07748880953329014]]	[[0.0292015278991702, -0.0792411237477301, -0.006140397112852485], [0.047399742207235473, 0.015498263459067898, 0.014845733011545646], [-0.0488083940161005, 0.02104708411834016, 0.09486175022498586]]	0.3883261745742158	[[0.43900698828799983, 0.43900698828799994, -0.6208496368134561], [0.5, 0.5000000000000001, 0.7071067811865475], [0.6208496368134561, -0.620849636813456, 0.0]]
4	[[0.8489524140446696, -0.5135124485683378, 0.12483895166604869], [0.522794976890395, 0.7815435453534784, -0.34040431673891397], [0.0772347773085365, 0.35425224329800037, 0.9319550081910795]]	0.7900575321480398	0.20994246785196033	[[0.6707212491512525, -0.40570437784319807, 0.09862995406922684], [0.41303810926141676, 0.6174643647081987, -0.2689389944152859], [0.06101991755638577, 0.2798796530979251, 0.7362980738444506]]	0.8945185754537737	0.17779485202442577	[[0.7312563591498006, -0.4639165692096346, 0.0628862426969744], [0.5082153616357523, 0.6666532578729328, -0.2965548641803002], [0.022863626688287324, 0.2824170283021121, 0.8133027258619763]]	[[-0.02814734488947958, -0.004570145238505826, -0.048784518508481985], [0.0405655436533677, -0.032451960971752444, 0.007943120307308232], [-0.046224316285234185, -0.03446818372411879, -0.020348340452118193]]	0.4372591905905183	[[0.684479364188578, -0.6844793641885779, 0.0], [0.7071067811865475, 0.7071067811865476, 0.0], [0.0, 0.0, 0.968]]
4	[[0.5319609947059123, -0.8460851799387872, 0.03402011756955908], [-0.703274286200726, -0.4190807785627857, 0.5742617690636116], [-0.47161719485230363, -0.3294103357928521, -0.8179645788128509]]	0.6368184817659196	0.3631815182340804	[[0.3387625930073075, -0.5388026797332635, 0.021664639620144727], [-0.44785806320335725, -0.26687838514163276, 0.3657005079113002], [-0.3003345460005459, -0.2097745899176059, -0.5208949612178996]]	0.7668229045692244	0.4002081171433057	[[0.5007259402165933, -0.6526733452052816, 0.10118085725873174], [-0.5169817481079604, -0.37101113767911686, 0.32934040687387767], [-0.2742383758245115, -0.11610796172071129, -0.5920254539656145]]	[[0.0928060651386719, -0.0038758500116457695, 0.07509345189025593], [0.02230508274532837, -0.04965039781246964, -0.11101667086254212], [0.08740849137692183, 0.13649142876708717, 0.035208520194398144]]	0.6653663798383372	[[0.6625760245345436, -0.6625760245345435, 0.0], [-0.7071067811865475, -0.7071067811865476, 0.0], [0.0, 0.0, -0.937024]]
4	[[0.08740825448676931, -0.06334395238859675, -0.994156597696443], [0.7119981850616444, -0.6940087028176986, 0.10681996481098455], [-0.6967197295301035, -0.717174639895393, -0.015561310176609944]]	0.8159081948513182	0.18409180514868181	[[0.07131711113340458, -0.051682849848127814, -0.8111405150260329], [0.5809251539110611, -0.5662473879270934, 0.0871552846630117], [-0.5684593368382054, -0.5851486658301944, -0.012696600495719265]]	0.9242492801203963	0.1285101871420009	[[0.05599378132321445, -0.05599378132321446, -0.8701720670666266], [0.6843712174237353, -0.6718063303693, 0.090188957201627], [-0.6306970474902074, -0.6417291939381004, 0.0]]	[[-0.024793234962762492, 0.0025518210719267416, 0.04867645268125327], [0.02630740743348187, -0.030369286392752104, -0.008539318377411518], [0.01324566097366796, 0.021118950705821104, 0.01438252972846194]]	0.1621539980989678	[[0.0, 0.0, -0.9070392319999999], [0.7071067811865475, -0.7071067811865476, 0.0], [-0.6413735917494381, -0.641373591749438, 0.0]]
4	[[-0.30792515101507295, 0.09349718223056193, 0.9468053539599837], [0.3027085282091916, -0.9338174967034747, 0.1906631317268273], [0.9019698710720718, 0.34531602882779927, 0.2592434992682147]]	0.7039826674893763	0.2960173325106238	[[-0.21677396919866013, 0.06582039574941126, 0.6665345586739725], [0.21310155716048984, -0.6573913322775639, 0.13422354006493026], [0.634971155832366, 0.24309649910103248, 0.18250293014411798]]	0.8404094638532257	0.27151647154812575	[[-0.24726445186950113, 0.07581330501653132, 0.7348813186502781], [0.2448949255915846, -0.8495992544930626, 0.11820459400228765], [0.6722717404681412, 0.2583690969444803, 0.17145114685296983]]	[[0.011518759201999833, -0.0027626117736425596, -0.060822861244595364], [-0.009504186304501089, -0.06481019275173437, -0.042030506308832205], [-0.08575227529130186, -0.03183776170261558, -0.04641954337446459]]	0.4716242540466667	[[0.0, 0.0, 0.968], [0.0, -1.0, 0.0], [0.968, 0.0, 0.0]]
4	[[-0.3195682178843842, -0.5708200961323295, -0.7563336379995778], [0.910087742671785, 0.03735879733279218, -0.41272826520656647], [0.2638493031197415, -0.8202248094963509, 0.507557688474819]]	0.6259427402067779	0.3740572597932222	[[-0.20003140598554808, -0.3573006951381667, -0.473421549880017], [0.5696628154765779, 0.023384467973317623, -0.258344261284188], [0.16515455579641977, -0.5134137648417283, 0.3177020503369463]]	0.7546070010261587	0.39137629607622093	[[-0.2687075864396165, -0.39586235372182693, -0.5097836097280307], [0.7803700185646987, 0.03248837719919481, -0.23308710789070045], [0.20465373848771312, -0.5097836097280306, 0.30251094184994387]]	[[-0.0275591719186073, 0.0348824871460539, 0.060951048618035034], [0.0936114363964764, 0.004297167181952359, 0.07836053055555578], [0.0055512071376830445, 0.10916377393326313, -0.08049564329780864]]	0.7110205744605296	[[0.0, 0.0, -0.8780139765759999], [1.0, 1.7938038903913487e-16, 0.0], [1.7531609017156588e-16, -0.8780139765759999, 0.0]]
4	[[-0.8305561570912853, 0.32773595720904825, 0.4502950280316503], [-0.5100865793185324, -0.772219296347621, -0.37879947194723407], [0.22358030216652452, -0.5443036842615101, 0.808545204538665]]	0.629372372251798	0.370627627748202	[[-0.5227290988768791, 0.2062679568608724, 0.2834032500054696], [-0.3210344004795096, -0.4860134904409164, -0.23840592226715915], [0.1407152651633194, -0.3425697009890603, 0.5088760134533147]]	0.7854381437154888	0.3659748166087756	[[-0.6284912117519244, 0.2498063715776208, 0.19863370633349903], [-0.5640257820932134, -0.6278642943886168, -0.30458154570576645], [0.1801275819470895, -0.28085642446690584, 0.6079643710249664]]	[[0.02385927452532457, -0.007609950281472835, -0.15504518460799438], [-0.1633843260990817, -0.02133380372406056, -0.007057991619123588], [0.004519084442066359, 0.14666045091695626, -0.027097873537942893]]	0.6718062717498293	[[-0.8780139765759999, 0.0, 0.0], [0.0, -0.7071067811865476, -0.7071067811865475], [0.0, -0.620849636813456, 0.6208496368134561]]
4	[[-0.42203838922340475, -0.825029846081567, 0.3757783270710803], [0.2588054115689476, 0.28760896992378115, 0.9221175843470338], [-0.8688517462515349, 0.4864224845687207, 0.09214016247897017]]	0.7053183667391686	0.29468163326083135	[[-0.29767142738828134, -0.5819087035493186, 0.26504335590575145], [0.18254021019106845, 0.20285588892617606, 0.6503864685331174], [-0.6128170946046072, 0.34308271236121857, 0.06498814891074887]]	0.8351839860921542	0.2716465384943723	[[-0.2716409182309908, -0.606373058345009, 0.32425356310650166], [0.2611369515900423, 0.23438298231539903, 0.8298506122603134], [-0.7051300770826843, 0.3606679117057264, 0.023490358952021752]]	[[0.0808387859645245, 0.0826786571503905, 0.010409522016235536], [0.04498681633366814, -0.005823423621403096, 0.059712772519689594], [0.020520987674801722, -0.04558435788122715, -0.05346362922634329]]	0.5071862500185822	[[-0.43900698828799983, -0.43900698828799994, 0.6208496368134561], [0.5, 0.5000000000000001, 0.7071067811865475], [-0.6208496368134561, 0.620849636813456, 0.0]]
4	[[0.04673222253661188, -0.9725397674033924, -0.22799671093185395], [-0.8377629715199755, -0.16246744520517667, 0.5213036857710898], [-0.5440306084466285, 0.16664552219444034, -0.8223502702654952]]	0.6029939422563513	0.3970060577436486	[[0.028179247097752713, -0.5864355883476465, -0.13748063554628032], [-0.5051659968732254, -0.09796688527258719, 0.3143429645958755], [-0.32804716129535405, 0.10048624038739386, -0.49587223138296693]]	0.7764082410350238	0.3696471761631909	[[-0.013482132521834188, -0.822489878906679, -0.13632003346788996], [-0.6876470796582804, -0.15827096785472478, 0.27941487494396133], [-0.28434136706579294, 0.048892835167850104, -0.5974183206952438]]	[[-0.04976541522114243, -0.06740198876039995, 0.04069849182848159], [-0.03720100453618139, -0.0321299044975194, -0.12532960277064525], [0.13804848070746756, -0.08049212159549833, 0.04106120615626593]]	0.6342466283374344	[[1.8111166340037798e-16, -0.9070392319999999, 0.0], [-1.0, -1.7938038903913487e-16, 0.0], [0.0, 0.0, -0.9070392319999999]]
