4	[[0.22433838825039393, -0.7661379269479729, -0.6022499185961573], [-0.9416906372873723, -0.011392912655017143, -0.3362869982418849], [0.2507808429735371, 0.642575192824231, -0.724020780340167]]	0.6492543337398449	0.35074566626015513	[[0.1456526707957801, -0.4974183693134321, -0.3910133696430239], [-0.611396727301063, -0.007396897915189306, -0.21833579098890743], [0.16282054911950056, 0.4171947286948484, -0.4700736293535578]]	0.7964769718986631	0.33303568019908864	[[0.23748733345668588, -0.6261708084556342, -0.3839641071067631], [-0.8243133666298326, 0.026129793957465022, -0.18650994840936386], [0.18636078520705604, 0.38396410710676304, -0.5381804976581592]]	[[0.058806973302385594, -0.015959592343393638, 0.09571408438292052], [-0.07427845937786409, 0.035203986530038915, 0.08133490163922366], [-0.013380381214700884, -0.12783223669108001, 0.03848538105888408]]	0.7535696794435048	[[-1.995137709001121e-16, -0.9992002399680017, 0.0], [-1.0, 1.7938038903913487e-16, 0.0], [0.0, 0.0, -0.9992002399680017]]
4	[[0.8787972042104137, -0.3840163418041313, 0.28327887866788265], [-0.395223040501579, -0.9183905790867732, -0.018907472103605397], [0.2674214316928388, -0.09534250611366366, -0.9588511794847616]]	0.7357241918499349	0.2642758081500652	[[0.6465523628676888, -0.2825301127310129, 0.2084151240760837], [-0.29077515207349836, -0.6756821666012098, -0.013910684633350268], [0.19674841671556637, -0.07014578825942265, -0.705450009130783]]	0.8648418672288715	0.2269773466850297	[[0.7077737633646838, -0.319538029581323, 0.15956072274140784], [-0.3575146633709251, -0.8410321214862141, -0.02626774491873518], [0.14388951501790762, -0.0640908810963177, -0.8292546444602069]]	[[-0.05224685164016236, 0.012575380510962453, -0.08543071163222468], [-0.01570923105166755, -0.04676949822340476, -0.009915771440075292], [-0.08738773530434521, 0.018365309917303223, 0.0]]	0.46840371618423093	[[0.7068239667583442, -0.7068239667583441, 0.0], [-0.7071067811865475, -0.7071067811865476, 0.0], [0.0, 0.0, -0.99960004]]
4	[[0.034229894132735264, 0.2773841392786001, 0.9601491309293217], [-0.1827544195208179, -0.9427759796974285, 0.2788803941677556], [0.9825625356654255, -0.18501754344446375, 0.018422055382213542]]	0.8689488778041685	0.13105112219583154	[[0.029744028093995806, 0.24103263654681475, 0.8343205098456818], [-0.15880424775636692, -0.8192241295788064, 0.24233280555365544], [0.8537966127388897, -0.1607707867501508, 0.016007824351220695]]	0.9370369414719192	0.12226703037022647	[[0.011773841347496462, 0.25177370516918124, 0.891817581928181], [-0.1635486634708326, -0.8262261435823022, 0.25597853747864857], [0.928389505754863, -0.16758092182143555, -0.0018764079239783375]]	[[-0.02030083395754939, -0.008145480313259084, -0.007877623074752002], [0.00769897883743062, 0.057189776926568424, -0.00534269410878845], [0.00769211253003916, 0.00578735120641269, -0.01913855435495402]]	0.33847976900226967	[[0.0, 0.0, 0.9998], [0.0, -1.0, 0.0], [0.9998, 0.0, 0.0]]
4	[[0.04673222253661188, -0.9725397674033924, -0.22799671093185395], [-0.8377629715199755, -0.16246744520517667, 0.5213036857710898], [-0.5440306084466285, 0.16664552219444034, -0.8223502702654952]]	0.649672263421241	0.350327736578759	[[0.03036062879006567, -0.6318321119561291, -0.14812313924369594], [-0.544271365917887, -0.10555059285871343, 0.3386765454647393], [-0.3534415967599561, 0.10826497359307675, -0.5342581614084535]]	0.8192601607413351	0.3092266859177805	[[-0.038081783823466796, -0.9127858587354232, -0.16513404347569507], [-0.680708344875902, -0.1482542013283501, 0.28365239028041944], [-0.3290444480208662, 0.050956297073658355, -0.6492113794309261]]	[[-0.07636763197061115, -0.11602277256517927, 0.02165457857083131], [0.005637481834691609, -0.015151096054323172, -0.143430951119454], [0.11665815570332504, -0.08556974022618259, 0.024507435172464107]]	0.6062551237149225	[[1.995536816364394e-16, -0.9994001199920001, 0.0], [-1.0, -1.7938038903913487e-16, 0.0], [0.0, 0.0, -0.9994001199920001]]
4	[[-0.5446221603179724, 0.8109226453022452, -0.2139887049042392], [-0.8354447797583356, -0.5021691245819775, 0.22328947644507607], [0.07361197229480154, 0.30038414347728, 0.9509735242804028]]	0.7607258179895875	0.23927418201041256	[[-0.41430813840314573, 0.6168897926738306, -0.16278673257880982], [-0.6355444134667906, -0.38201301806673976, 0.16986206961714723], [0.05599852783778976, 0.22850997325785546, 0.7234301121446503]]	0.8670526824939986	0.22941907313017237	[[-0.5533186613632831, 0.6600705603543833, -0.1733539478357755], [-0.7260467479604484, -0.40110261078612613, 0.10781111074868115], [0.10772488773129904, 0.1733539478357755, 0.781537766473882]]	[[-0.0811025563139086, -0.04304209455005781, 0.01218553277486176], [-0.0016721105953756703, 0.03430447574834042, -0.0857926287757026], [0.04389942968941745, -0.08709492954486225, -0.04300637873421307]]	0.3804648529651067	[[-0.7068239667583442, 0.7068239667583441, 0.0], [-0.7071067811865475, -0.7071067811865476, 0.0], [0.0, 0.0, 0.99960004]]
4	[[-0.8305561570912853, 0.32773595720904825, 0.4502950280316503], [-0.5100865793185324, -0.772219296347621, -0.37879947194723407], [0.22358030216652452, -0.5443036842615101, 0.808545204538665]]	0.7020437237436254	0.2979562762563746	[[-0.5830867373025613, 0.23008497180372167, 0.31612679826257994], [-0.3581030815764306, -0.5421317103545662, -0.26593379183795507], [0.1569631478887119, -0.3821249853463252, 0.5676340862093756]]	0.8261374111061194	0.3177322649545358	[[-0.6859464206749988, 0.276450660422505, 0.20942660860856924], [-0.5655345319376565, -0.633171185164371, -0.29495236057229746], [0.1916809716945969, -0.3021052891400231, 0.6679694420398405]]	[[0.0002070927226431667, 0.0056957252074359395, -0.16257896008345574], [-0.14413292585946785, 0.004788065126441825, 0.017988054510555553], [0.006972919688420506, 0.1475643474313035, 0.0]]	0.6318571034767835	[[-0.9992002399680017, 0.0, 0.0], [0.0, -0.7071067811865476, -0.7071067811865475], [0.0, -0.7065412654445995, 0.7065412654445996]]
4	[[-0.42203838922340475, -0.825029846081567, 0.3757783270710803], [0.2588054115689476, 0.28760896992378115, 0.9221175843470338], [-0.8688517462515349, 0.4864224845687207, 0.09214016247897017]]	0.7791525080084748	0.22084749199152526	[[-0.32883226943927274, -0.642824073756299, 0.2927886259926611], [0.20164888551011106, 0.22409125024184803, 0.7184702285227077], [-0.6769680171794263, 0.3789972988034323, 0.07179123868379797]]	0.8861153200241714	0.18649544762280065	[[-0.3060674728311117, -0.6931327671368899, 0.3575498631595117], [0.25302829476953426, 0.23309478354693297, 0.8343903297871366], [-0.8003756008131031, 0.39949735414183296, 0.019917569197028074]]	[[0.06790720949807143, 0.037938818953170576, 0.024566930608773758], [0.023696854673128848, -0.021759930878900654, 0.017287811433549065], [-0.030472757629864185, -0.03152906143873153, -0.06172924036510372]]	0.47677408517341124	[[-0.4996001199840007, -0.49960011998400083, 0.7065412654445996], [0.5, 0.5000000000000001, 0.7071067811865475], [-0.7065412654445996, 0.7065412654445995, 0.0]]
4	[[0.8489524140446696, -0.5135124485683378, 0.12483895166604869], [0.522794976890395, 0.7815435453534784, -0.34040431673891397], [0.0772347773085365, 0.35425224329800037, 0.9319550081910795]]	0.8382804218172919	0.1617195781827082	[[0.711660187748174, -0.4304674319942966, 0.10465004906184382], [0.43824879375164155, 0.6551526528674955, -0.28535427422432386], [0.06474440170116458, 0.2969627199415696, 0.7812396373811558]]	0.9250868066434766	0.13109059451695304	[[0.7809182051841868, -0.49392558219430105, 0.06873251818192894], [0.5091656827306463, 0.6682851386329677, -0.2916648344223539], [0.026860969949734456, 0.3065327779572332, 0.8647787596135847]]	[[-0.004436472516667296, -0.018881990976544936, -0.04675434895953539], [0.025534947029860755, -0.05471048399090263, 0.02323870791730266], [-0.04458790355243963, -0.021181298541601872, 0.0026394771507039436]]	0.4270621848518992	[[0.7069653598303103, -0.7069653598303102, 0.0], [0.7071067811865475, 0.7071067811865476, 0.0], [0.0, 0.0, 0.9998]]
4	[[0.8592155572171323, 0.2624339665249735, -0.4391776855101157], [-0.4266000482917053, 0.8413623931712975, -0.33184593135155627], [0.2824199444684594, 0.4724804086637203, 0.8348660002631537]]	0.7595803893468233	0.24041961065317688	[[0.652643287483837, 0.19933969447087052, -0.3335907573522104], [-0.32403703077678714, 0.6390823741868291, -0.25206366173917427], [0.2145206513786606, 0.3588868527715349, 0.6341478415323112]]	0.8281499353633802	0.25380222181294676	[[0.6869778434625771, 0.2718137377770165, -0.2907993631568533], [-0.3310425012851799, 0.6914598162420323, -0.34815969118250334], [0.14826043231956826, 0.4069638819742703, 0.6826526179382552]]	[[-0.02458146471000175, 0.05447906536220422, 0.07290560871138797], [0.02224630113361066, -0.005314395279956557, -0.07334150458311127], [-0.08562562643731582, 0.015679262078946807, -0.008741606216759212]]	0.478777235974071	[[0.7065412654445996, 0.49960011998400083, -0.4996001199840007], [-0.7071067811865475, 0.5000000000000001, -0.5], [0.0, 0.7065412654445995, 0.7065412654445996]]
4	[[0.08740825448676931, -0.06334395238859675, -0.994156597696443], [0.7119981850616444, -0.6940087028176986, 0.10681996481098455], [-0.6967197295301035, -0.717174639895393, -0.015561310176609944]]	0.9285086111772893	0.07149138882271067	[[0.08115931697894121, -0.05881540525881631, -0.9230829618198635], [0.6610964459723382, -0.6443930567982136, 0.0991832571726542], [-0.6469102684458131, -0.665902828860844, -0.014448810500183118]]	0.9724242661353856	0.045805376947753114	[[0.07061895553408903, -0.05644478051633795, -0.9521324372721462], [0.6788102567083664, -0.6713155708589807, 0.08991954346111024], [-0.6842571042648393, -0.7117911067095836, -0.010022655272776756]]	[[-0.014378952189382642, 0.005152415899258038, 0.014609562666469228], [-0.013554055889929742, 0.0035553326700904983, -0.013954782428819099], [-0.006749932574484253, -0.014393083818396747, 0.005109540355818276]]	0.10923614931390851	[[0.0, 0.0, -0.9994001199920001], [0.7071067811865475, -0.7071067811865476, 0.0], [-0.7066826019649926, -0.7066826019649924, 0.0]]
4	[[-0.30792515101507295, 0.09349718223056193, 0.9468053539599837], [0.3027085282091916, -0.9338174967034747, 0.1906631317268273], [0.9019698710720718, 0.34531602882779927, 0.2592434992682147]]	0.7604660454054936	0.23953395459450655	[[-0.2341666218733219, 0.07110143242743222, 0.7200133232946974], [0.23019955735776118, -0.7101364988485488, 0.14499283778892708], [0.6859174609290815, 0.26260111485780596, 0.19714587868558117]]	0.8664113003143553	0.24022559211075292	[[-0.2688840715907294, 0.08530241104077863, 0.7661364924150807], [0.24303157735671205, -0.8493340356955119, 0.12070823705520389], [0.7008502634054415, 0.27825072610826024, 0.1835816605499508]]	[[-0.0020942411002658305, 0.004295395808669247, -0.054186365453982116], [-0.01923851218525828, -0.040264004120358285, -0.04448445482624374], [-0.08062662543448344, -0.020934983447822714, -0.04102983674906671]]	0.4662980166595042	[[0.0, 0.0, 0.9998], [0.0, -1.0, 0.0], [0.9998, 0.0, 0.0]]
4	[[0.3802729664721569, 0.7767473726770865, -0.5020517802076895], [0.4287143634067757, 0.332951791095048, 0.839849450446521], [0.8195098935212374, -0.5346088512602871, -0.20639019011321075]]	0.8011350595067568	0.1988649404932434	[[0.30465000562348243, 0.6222795526313748, -0.40221128281216045], [0.34345810703928864, 0.2667393529718125, 0.6728328394601906], [0.6565381073125124, -0.4282938938672491, -0.16534641723795793]]	0.8905995178032625	0.1934073080653752	[[0.345009677939751, 0.6711597680935153, -0.44712707336523777], [0.4031778099823144, 0.3021223079425309, 0.7219653474629425], [0.7154112774268135, -0.4616785465675643, -0.09262876086640802]]	[[0.006338757366031792, -0.02061106746764898, 5.547626254593973e-19], [0.021365004656907265, 0.005595603341548577, -0.026004168132064163], [-0.014443838578203565, 0.014443838578203569, 0.09118224292774114]]	0.36647868184386484	[[0.4996001199840007, 0.49960011998400083, -0.7065412654445996], [0.5, 0.5000000000000001, 0.7071067811865475], [0.7065412654445996, -0.7065412654445995, 0.0]]
4	[[0.5319609947059123, -0.8460851799387872, 0.03402011756955908], [-0.703274286200726, -0.4190807785627857, 0.5742617690636116], [-0.47161719485230363, -0.3294103357928521, -0.8179645788128509]]	0.6794374726965955	0.3205625273034045	[[0.3614342338161521, -0.5748619763436538, 0.023114542702302295], [-0.4778309036287234, -0.2847391850424207, 0.3901749650388563], [-0.3204343949507071, -0.2238137260312323, -0.5557557861839386]]	0.8028266366228237	0.3513412111273923	[[0.5350430883744395, -0.7267140858463056, 0.09566840313313327], [-0.5156614389735762, -0.3941385682763675, 0.32108102059203814], [-0.3069543611855331, -0.10953827477233549, -0.6471269172607833]]	[[0.10797063218016023, -0.04745436653963239, 0.06835614656725107], [0.0489458908402698, -0.057689356349532026, -0.1399516240063739], [0.07167248513123269, 0.1549211171810349, 0.009556834424142345]]	0.6435513514240727	[[0.7068239667583442, -0.7068239667583441, 0.0], [-0.7071067811865475, -0.7071067811865476, 0.0], [0.0, 0.0, -0.99960004]]
4	[[-0.3195682178843842, -0.5708200961323295, -0.7563336379995778], [0.910087742671785, 0.03735879733279218, -0.41272826520656647], [0.2638493031197415, -0.8202248094963509, 0.507557688474819]]	0.6938813154318744	0.3061186845681256	[[-0.22174241539583633, -0.3960813991792498, -0.5248057796405221], [0.6314928800435236, 0.02592257143623064, -0.28638443157744786], [0.1830801015245095, -0.5691386697631865, 0.35218479653646884]]	0.7975254737704718	0.3129508223036566	[[-0.2861209978295336, -0.45745520675600526, -0.5456674110072245], [0.7528726512592206, 0.08085320537391845, -0.2806178429679936], [0.25074003307425824, -0.5753207939658884, 0.33751320485418457]]	[[-0.031257203459304814, -0.0022116391503629613, 0.05752793196693327], [0.027054493112206122, 0.05105861283158832, 0.048543462279338256], [0.04031349259967767, 0.07882938582598381, -0.06727698111254098]]	0.6987197003989868	[[-0.4996001199840007, -0.49960011998400083, -0.7065412654445996], [0.5, 0.5000000000000001, -0.7071067811865475], [0.7065412654445996, -0.7065412654445995, 0.0]]
4	[[0.50607966, 0.26960331, 0.8192664], [-0.59451586, 0.79721188, 0.10490047], [-0.62484739, -0.54015486, 0.56373616]]	0.7152747893943001	0.28472521168859144	[[ 0.36198602  0.19284045  0.5860006 ]
 [-0.42524221  0.57022556  0.07503266]
 [-0.44693759 -0.38635915  0.40322626]]	0.8331575702322253	0.2968607139008258	[[ 0.37767451  0.28475597  0.60330339]
 [-0.51417282  0.71193566  0.1559532 ]
 [-0.40894266 -0.37448561  0.44589993]]	[[-0.04396958577600249, 0.06013393315345936, -0.07927461468072432], [-0.018847430774458915, 0.04773254814950222, 0.06855458052620966], [0.11165367078445364, 0.07554850487266611, -0.023781122094604975]]	0.610417310982831	WordDict: (word: HRZ, matrix: [[ 0.          0.          0.99920024]
 [-0.70710678  0.70710678  0.        ]
 [-0.70654127 -0.70654127  0.        ]])
