4	[[-0.5446221603179724, 0.8109226453022452, -0.2139887049042392], [-0.8354447797583356, -0.5021691245819775, 0.22328947644507607], [0.07361197229480154, 0.30038414347728, 0.9509735242804028]]	0.7502628813975316	0.24973711860246844	[[-0.4086097912731103, 0.608405160454971, -0.16054778232798064], [-0.6268032077100151, -0.3767588543577504, 0.1675258059834291], [0.05522833043925308, 0.22536707301139364, 0.7134801364593804]]	0.8499615536243202	0.23469813366815276	[[-0.5109441979675862, 0.6476854805210697, -0.14565957706776472], [-0.7361977231232918, -0.40929133183980726, 0.09426825626691299], [0.06884986670817302, 0.16853990547879644, 0.7999529725663143]]	[[-0.048036300445488844, -0.041567590949170286, 0.03622259501069865], [-0.026101780152569014, 0.017533117472055063, -0.09551921404030495], [0.00628252037113311, -0.08677506779526317, -0.008337961586652046]]	0.383966949719721	[[-0.6975228255799727, 0.6975228255799726, 0.0], [-0.7071067811865475, -0.7071067811865476, 0.0], [0.0, 0.0, 0.9864462400000001]]
4	[[-0.8305561570912853, 0.32773595720904825, 0.4502950280316503], [-0.5100865793185324, -0.772219296347621, -0.37879947194723407], [0.22358030216652452, -0.5443036842615101, 0.808545204538665]]	0.6864695278763442	0.3135304721236559	[[-0.5701514930332452, 0.22498074781339705, 0.3091138152979521], [-0.35015889328085226, -0.5301050157807541, -0.2600342946674264], [0.1534810644707045, -0.37364789315635366, 0.5550416448263396]]	0.8171181360067187	0.32462963067565076	[[-0.6780633334927455, 0.26632244862814836, 0.20489992183853598], [-0.5571830735376775, -0.6324475296318968, -0.3034337207654671], [0.18650552861651476, -0.30415157196260917, 0.6547747904107425]]	[[0.0005991654385889139, -0.001476545828886957, -0.16304431211977927], [-0.14038207864287497, -0.00145313761190876, 0.006090197672386161], [0.0038140088623852906, 0.14060883994274556, -0.005902159999062674]]	0.6398345538992459	[[-0.9730761844101379, 0.0, 0.0], [0.0, -0.7071067811865476, -0.7071067811865475], [0.0, -0.6880687686075398, 0.68806876860754]]
4	[[0.8787972042104137, -0.3840163418041313, 0.28327887866788265], [-0.395223040501579, -0.9183905790867732, -0.018907472103605397], [0.2674214316928388, -0.09534250611366366, -0.9588511794847616]]	0.7236115101608314	0.27638848983916864	[[0.635907772063814, -0.2778786450193254, 0.2049838571895335], [-0.28598794118770304, -0.6645579938504604, -0.013681664442213692], [0.19350922603662668, -0.06899093483142646, -0.6938357500064628]]	0.8594161216493467	0.2338748416358932	[[0.7025182297070278, -0.3185413084246298, 0.15506603362304286], [-0.3589329804295233, -0.8407718576024251, -0.025477760458176516], [0.14035035929920825, -0.060659221539655986, -0.8240521619116954]]	[[-0.05273425525177491, 0.011488526698646528, -0.08838840162688472], [-0.019271927775193525, -0.0514921879643728, -0.009228374112702754], [-0.08947593037216696, 0.021279665292877968, 0.0]]	0.4707263823509506	[[0.6975228255799727, -0.6975228255799726, 0.0], [-0.7071067811865475, -0.7071067811865476, 0.0], [0.0, 0.0, -0.9864462400000001]]
4	[[-0.30792515101507295, 0.09349718223056193, 0.9468053539599837], [0.3027085282091916, -0.9338174967034747, 0.1906631317268273], [0.9019698710720718, 0.34531602882779927, 0.2592434992682147]]	0.7492395276936419	0.25076047230635834	[[-0.23070969471152664, 0.07005178465511255, 0.7093839962187897], [0.2268011947042922, -0.6996529801821703, 0.14285235476359873], [0.6757914801959339, 0.25872441834398435, 0.19423547694936416]]	0.8611487510096557	0.24731846976260016	[[-0.26526343098642974, 0.08301552849586596, 0.7585288183184573], [0.24310346996753082, -0.8496681895982526, 0.11982962556046838], [0.6938184682043887, 0.27362629115771947, 0.18224790249056377]]	[[-9.407178534000492e-05, 0.0025005467950953673, -0.05681142969343758], [-0.017573601019785685, -0.045512418641092116, -0.04435969218967842], [-0.08291175971766611, -0.02374217577095412, -0.04099931311163192]]	0.4672738826791727	[[0.0, 0.0, 0.9932000000000001], [0.0, -1.0, 0.0], [0.9932000000000001, 0.0, 0.0]]
4	[[0.08740825448676931, -0.06334395238859675, -0.994156597696443], [0.7119981850616444, -0.6940087028176986, 0.10681996481098455], [-0.6967197295301035, -0.717174639895393, -0.015561310176609944]]	0.9280287238714123	0.0719712761285879	[[0.0811173708671842, -0.05878500730016093, -0.9226058786885751], [0.6607547670815195, -0.6440600108315627, 0.09913199562752717], [-0.6465759214918577, -0.6655586658550612, -0.014441342824966548]]	0.9624040565994962	0.060631449773402894	[[0.06489623438748368, -0.059016294042656514, -0.9385584954880087], [0.6813821751075498, -0.6727693086861756, 0.0903995343546828], [-0.6793416242924649, -0.6955484267261063, -0.0038115008554147566]]	[[-0.01922582431086423, 0.001946182697174355, 0.01822184703020149], [-0.0038477664872556125, -0.004852517779068389, -0.012404433105224186], [-0.008815730279789623, -0.005336644000497219, 0.011164767184557675]]	0.11882202485819233	[[0.0, 0.0, -0.9797384055680003], [0.7071067811865475, -0.7071067811865476, 0.0], [-0.6927796703660289, -0.6927796703660288, 0.0]]
4	[[0.034229894132735264, 0.2773841392786001, 0.9601491309293217], [-0.1827544195208179, -0.9427759796974285, 0.2788803941677556], [0.9825625356654255, -0.18501754344446375, 0.018422055382213542]]	0.8679199826530445	0.13208001734695565	[[0.029708809121899146, 0.24074723735091227, 0.8333326170605126], [-0.1586162126202755, -0.8182541119446992, 0.2420458668683527], [0.8527856589102674, -0.16058042309682788, 0.0159888699877642]]	0.9329167203223099	0.12263648642632119	[[0.01177467307921721, 0.243548308392892, 0.8862858585272662], [-0.1633280907602807, -0.8279843284774311, 0.25195447637022045], [0.9204645014723539, -0.1659109943332747, 0.0]]	[[-0.02015896749207404, -0.015227993092326465, -0.009453319719632647], [0.007166562923488247, 0.05154714650054633, -0.008217706318955229], [0.0038154831877924796, 0.006694965499024909, -0.017186243488770608]]	0.34123591434624984	[[0.0, 0.0, 0.9932000000000001], [0.0, -1.0, 0.0], [0.9932000000000001, 0.0, 0.0]]
4	[[0.3802729664721569, 0.7767473726770865, -0.5020517802076895], [0.4287143634067757, 0.332951791095048, 0.839849450446521], [0.8195098935212374, -0.5346088512602871, -0.20639019011321075]]	0.7812978407660589	0.21870215923394143	[[0.2971064476064, 0.6068710450933166, -0.3922519718290237], [0.33495360643510935, 0.2601345154617529, 0.6561725622024281], [0.6402813102945655, -0.4176887411440855, -0.16125220989074796]]	0.8797713336695455	0.20511269895752957	[[0.3431353589860503, 0.6504386245484841, -0.44169076424448844], [0.403972628130122, 0.3020091671513334, 0.7211236648649633], [0.6983530774817667, -0.45380555340745693, -0.08919875651190798]]	[[0.008582104114366513, -0.032921447435951774, 1.2180572043151072e-18], [0.026802020872452762, 0.009087725851979157, -0.017751806236007528], [-0.022628234496799626, 0.016527988657349533, 0.09237741630030251]]	0.36840495455223476	[[0.48653809220506883, 0.48653809220506894, -0.68806876860754], [0.5, 0.5000000000000001, 0.7071067811865475], [0.68806876860754, -0.6880687686075398, 0.0]]
4	[[0.8489524140446696, -0.5135124485683378, 0.12483895166604869], [0.522794976890395, 0.7815435453534784, -0.34040431673891397], [0.0772347773085365, 0.35425224329800037, 0.9319550081910795]]	0.8295349804895283	0.17046501951047163	[[0.704235724221083, -0.4259765390042661, 0.10355827733462887], [0.43367672095479715, 0.6483177096465145, -0.28237728824456626], [0.0640689494877499, 0.29386462773257843, 0.7730892795369055]]	0.9194311028181392	0.13725182008568962	[[0.7747657918961773, -0.48450461112961146, 0.06156955705430106], [0.50575385583106, 0.6706292854861752, -0.28941739019673307], [0.024123876375538856, 0.29840872247973566, 0.8582738959767205]]	[[-0.005787462389034725, -0.012365294231581687, -0.05321125795067448], [0.025079893680940546, -0.047946158318571866, 0.023560926146581847], [-0.046888180101162254, -0.02730180825154468, 0.0014054750187082801]]	0.4290909649839917	[[0.7022984550744791, -0.702298455074479, 0.0], [0.7071067811865475, 0.7071067811865476, 0.0], [0.0, 0.0, 0.9932000000000001]]
4	[[0.04673222253661188, -0.9725397674033924, -0.22799671093185395], [-0.8377629715199755, -0.16246744520517667, 0.5213036857710898], [-0.5440306084466285, 0.16664552219444034, -0.8223502702654952]]	0.6388113392530492	0.3611886607469508	[[0.02985307366488448, -0.6212694312918101, -0.14564688425566785], [-0.5351724858132897, -0.10378604625654014, 0.3330147056649805], [-0.347532921576442, 0.10645504921355417, -0.525326677483408]]	0.8100595986189804	0.3215914143821332	[[-0.0306245517476151, -0.9004042686340116, -0.15450839219118812], [-0.6750668204052729, -0.14423096601296273, 0.28780664106181675], [-0.32660831433203286, 0.04162804065840904, -0.6346307276206062]]	[[-0.06848043717819567, -0.11258909501022302, 0.03018253195271718], [0.003571116042042629, -0.012622652561406288, -0.1344804133925073], [0.11408890198268269, -0.0933647641620697, 0.03152200223487088]]	0.6117512435222507	[[1.9562775905337541e-16, -0.9797384055680003, 0.0], [-1.0, -1.7938038903913487e-16, 0.0], [0.0, 0.0, -0.9797384055680003]]
4	[[0.5319609947059123, -0.8460851799387872, 0.03402011756955908], [-0.703274286200726, -0.4190807785627857, 0.5742617690636116], [-0.47161719485230363, -0.3294103357928521, -0.8179645788128509]]	0.671747180559998	0.3282528194400019	[[0.3573432983615887, -0.568355334137479, 0.022852918059670962], [-0.4724225189156829, -0.28151633142644017, 0.38575872427187785], [-0.3168075209456502, -0.22128046431617063, -0.5494653996154789]]	0.7950165492105579	0.3612919704711338	[[0.5210351377131388, -0.7180869441274906, 0.08979022337857129], [-0.5110690212294062, -0.3934826247828319, 0.3259451390273811], [-0.304607422534081, -0.10235225305628623, -0.634502705170568]]	[[0.09811734338742857, -0.04543522403436216, 0.062743666904683], [0.04804567493441326, -0.06030647036937196, -0.13060247095712174], [0.0703360522657607, 0.15953441538003818, 0.0157926716536922]]	0.6480192955334646	[[0.6975228255799727, -0.6975228255799726, 0.0], [-0.7071067811865475, -0.7071067811865476, 0.0], [0.0, 0.0, -0.9864462400000001]]
4	[[0.22433838825039393, -0.7661379269479729, -0.6022499185961573], [-0.9416906372873723, -0.011392912655017143, -0.3362869982418849], [0.2507808429735371, 0.642575192824231, -0.724020780340167]]	0.6325368791082601	0.3674631208917399	[[0.1419023039680814, -0.4846104932781429, -0.380945283952017], [-0.5956540567952231, -0.007206437414757568, -0.21271392835260683], [0.15862813175461982, 0.4064525070614276, -0.4579698448058965]]	0.78615215236937	0.3533442794213977	[[0.23381558572652156, -0.5976521463282239, -0.3729414747910463], [-0.8361727997196886, -0.016527853159540362, -0.15698113934471863], [0.15275460809791508, 0.3729414747910462, -0.5417471249324431]]	[[0.05745147894439892, 0.004648833953732067, 0.10051859497760066], [-0.09586067835013715, -0.007571290354042408, 0.10739160813697374], [-0.04439729137873617, -0.13222039610688585, 0.027443369892130063]]	0.7478573246950578	[[1.9429749029181247e-16, -0.9730761844101379, 0.0], [-1.0, -1.7938038903913487e-16, 0.0], [0.0, 0.0, -0.9730761844101379]]
4	[[0.8592155572171323, 0.2624339665249735, -0.4391776855101157], [-0.4266000482917053, 0.8413623931712975, -0.33184593135155627], [0.2824199444684594, 0.4724804086637203, 0.8348660002631537]]	0.7475466438755715	0.25245335612442865	[[0.6423037061633464, 0.19618163091469798, -0.32830580486812816], [-0.31890343437762114, 0.6289576332983224, -0.24807031226561913], [0.2111220816509221, 0.3532011437935226, 0.6241012765825427]]	0.8201542918876245	0.2647994268029313	[[0.6774294016153328, 0.26931880406478403, -0.2796618784872916], [-0.3328659672947135, 0.6906839101826675, -0.3496276219416596], [0.14495811453590446, 0.3973869098562155, 0.6745332667671098]]	[[-0.027259925292914808, 0.05408246008223385, 0.0805315851851032], [0.017011893231196385, 0.0006369323903850652, -0.07746275709823472], [-0.08666981503456704, 0.009880074857846463, -0.010185666499770402]]	0.4885363644918428	[[0.68806876860754, 0.48653809220506894, -0.48653809220506883], [-0.7071067811865475, 0.5000000000000001, -0.5], [0.0, 0.6880687686075398, 0.68806876860754]]
4	[[-0.42203838922340475, -0.825029846081567, 0.3757783270710803], [0.2588054115689476, 0.28760896992378115, 0.9221175843470338], [-0.8688517462515349, 0.4864224845687207, 0.09214016247897017]]	0.7661769796401592	0.23382302035984098	[[-0.32335609834738616, -0.6321188755837603, 0.2879127036495521], [0.19829074855042453, 0.22035937189361998, 0.7065052656480901], [-0.665694206698079, 0.3726857100559244, 0.07059567139169087]]	0.8767053399195724	0.201066147837467	[[-0.29674807819240584, -0.6767797123409677, 0.35054279231603835], [0.2554862447592386, 0.2322509657627515, 0.8297359128742012], [-0.786259348891796, 0.3974725210829361, 0.022192635704915833]]	[[0.07325523129080806, 0.04652835931176494, 0.021095926346778635], [0.028590158436659477, -0.019897353978195097, 0.021310502643419948], [-0.024532383354630066, -0.028976668595407137, -0.05858713676145433]]	0.4817148291080491	[[-0.48653809220506883, -0.48653809220506894, 0.68806876860754], [0.5, 0.5000000000000001, 0.7071067811865475], [-0.68806876860754, 0.6880687686075398, 0.0]]
4	[[-0.3195682178843842, -0.5708200961323295, -0.7563336379995778], [0.910087742671785, 0.03735879733279218, -0.41272826520656647], [0.2638493031197415, -0.8202248094963509, 0.507557688474819]]	0.67996252920849	0.32003747079151	[[-0.21729441368731567, -0.38813627628917213, -0.5142785334196514], [0.6188255633087523, 0.025402582322592723, -0.2806397550856893], [0.1794076394791969, -0.5577221359846907, 0.34512020957455275]]	0.7834232523220351	0.3306670114600373	[[-0.24216431717764675, -0.4060637283121897, -0.5736459610728306], [0.792671590917701, 0.058511410836249736, -0.2315646290042576], [0.20483932286306192, -0.5941366638455807, 0.31001967693795796]]	[[0.008192855416094276, 0.04113000789057677, 0.018883397449355313], [0.07968769165535156, 0.02924366032695394, 0.09177629084910213], [-0.0018663563099083416, 0.048446524045272055, -0.08761281810803902]]	0.7066816726030812	[[-0.48653809220506883, -0.48653809220506894, -0.68806876860754], [0.5, 0.5000000000000001, -0.7071067811865475], [0.68806876860754, -0.6880687686075398, 0.0]]
