4	[[-0.30792515101507295, 0.09349718223056193, 0.9468053539599837], [0.3027085282091916, -0.9338174967034747, 0.1906631317268273], [0.9019698710720718, 0.34531602882779927, 0.2592434992682147]]	0.6856108385852141	0.31438916141478607	[[-0.2111168210089229, 0.06410268151445013, 0.6491400127054747], [0.20754024787239975, -0.6402353970004147, 0.13072070963051316], [0.6184003196843205, 0.23675241210154346, 0.17774015293104606]]	0.8324756325839736	0.2787509856434037	[[-0.23776490303255204, 0.07380395452069417, 0.7292426209797057], [0.24660135771969116, -0.8487741338844981, 0.11849017923797167], [0.6672704599081584, 0.25398858518843226, 0.16396094851185788]]	[[0.01857528184723637, -0.004030171401511923, -0.05894976499202483], [-0.005396115789819254, -0.07139382259829043, -0.04023223195676037], [-0.08359747908424997, -0.033478594351375617, -0.05185294753473205]]	0.4734916776111872	[[0.0, 0.0, 0.9585999999999999], [0.0, -1.0, 0.0], [0.9585999999999999, 0.0, 0.0]]
4	[[-0.5446221603179724, 0.8109226453022452, -0.2139887049042392], [-0.8354447797583356, -0.5021691245819775, 0.22328947644507607], [0.07361197229480154, 0.30038414347728, 0.9509735242804028]]	0.682840566954132	0.31715943304586797	[[-0.3718901047273084, 0.5537308788741296, -0.14612016857859114], [-0.5704755870690519, -0.3429014497364176, 0.15247111269064706], [0.05026524089639414, 0.20511447883605716, 0.6493633004779993]]	0.8141764546488075	0.2778697083899875	[[-0.4877113270486334, 0.6258019262596695, -0.1175609865424157], [-0.7355272538199682, -0.40699916499031125, 0.09588817216651971], [0.07588900054211292, 0.12264023338198313, 0.7540334648316701]]	[[-0.04429278743777239, -0.03443219808694505, 0.05666357855140764], [-0.055327784981472845, 0.0018551124959383623, -0.08590886212592073], [0.015955865919425206, -0.12192546358706738, -0.020226787631829758]]	0.4058070614496485	[[-0.6497702924429838, 0.6497702924429837, 0.0], [-0.7071067811865475, -0.7071067811865476, 0.0], [0.0, 0.0, 0.9189139599999998]]
4	[[-0.3195682178843842, -0.5708200961323295, -0.7563336379995778], [0.910087742671785, 0.03735879733279218, -0.41272826520656647], [0.2638493031197415, -0.8202248094963509, 0.507557688474819]]	0.6055805079546184	0.3944194920453815	[[-0.19352428371257763, -0.3456775237665202, -0.4580209086829488], [0.5511313974904517, 0.02262375946536593, -0.249940192491021], [0.15978199500672516, -0.49671215677178027, 0.3073670428028529]]	0.7411783967691334	0.4092675987473093	[[-0.2558640601715118, -0.382394089362489, -0.49339958292277386], [0.7841874835434122, 0.0328549413330925, -0.22942147874772703], [0.19372415414966923, -0.4933995829227738, 0.2946522990597057]]	[[-0.019007000781594886, 0.0406854343324735, 0.06717857031231932], [0.10965010951069912, 0.005165407820750624, 0.07648379515938158], [-0.0018352493252737703, 0.11453332636999945, -0.08153849475190791]]	0.7126605578976409	[[0.0, 0.0, -0.8444028658828813], [1.0, -1.7938038903913487e-16, 0.0], [-1.686048433460648e-16, -0.8444028658828813, 0.0]]
4	[[0.3802729664721569, 0.7767473726770865, -0.5020517802076895], [0.4287143634067757, 0.332951791095048, 0.839849450446521], [0.8195098935212374, -0.5346088512602871, -0.20639019011321075]]	0.6699139829475725	0.33008601705242785	[[0.25475017757665136, 0.5203539261741695, -0.33633150772485254], [0.28720174673666615, 0.2230490605020117, 0.5626268904249588], [0.549001136833753, -0.35814194486680534, -0.1382636743000477]]	0.8190901020495007	0.288225933730772	[[0.3472950152118338, 0.5410370246917092, -0.4186512716860782], [0.4077869186976034, 0.2947930244408325, 0.7143203501187727], [0.6111433216680067, -0.4186512716860782, -0.07374800846901453]]	[[0.03581719229748842, -0.09518906006104713, -0.007425627801628372], [0.05663122702466076, 0.02207550789522561, 0.026407978046314617], [-0.06010912064687916, 0.019241546849276814, 0.09530415341283113]]	0.3996340511394165	[[0.4222014329414405, 0.42220143294144064, -0.5970829925191402], [0.5, 0.5000000000000001, 0.7071067811865475], [0.5970829925191402, -0.5970829925191401, 0.0]]
4	[[0.22433838825039393, -0.7661379269479729, -0.6022499185961573], [-0.9416906372873723, -0.011392912655017143, -0.3362869982418849], [0.2507808429735371, 0.642575192824231, -0.724020780340167]]	0.5505989241923788	0.44940107580762123	[[0.12352047522571916, -0.42183471836053316, -0.33159815727399183], [-0.5184938518124628, -0.0062729254512701935, -0.18515925945186623], [0.13807966234928742, 0.3538012098817319, -0.39864506274822253]]	0.7562202414895338	0.41428582017781435	[[0.20429799939187143, -0.5128446123282259, -0.3697395580385908], [-0.8189103384193086, 0.05340841754338149, -0.2032121524720452], [0.17159292392962405, 0.36973955803859077, -0.42587469051240534]]	[[0.03464876925378566, 0.06652439580266092, 0.08569402083924738], [-0.10678481728141875, 0.062023968702627746, 0.051094882548223426], [-0.018052625704773076, -0.11618880945413293, 0.1216444788398764]]	0.7320452894629423	[[-1.686048433460648e-16, -0.8444028658828813, 0.0], [-1.0, 1.7938038903913487e-16, 0.0], [0.0, 0.0, -0.8444028658828813]]
4	[[-0.8305561570912853, 0.32773595720904825, 0.4502950280316503], [-0.5100865793185324, -0.772219296347621, -0.37879947194723407], [0.22358030216652452, -0.5443036842615101, 0.808545204538665]]	0.6092258577776299	0.39077414222236995	[[-0.5059962872364303, 0.19966521965525505, 0.27433137470558405], [-0.31075793382618994, -0.47045596320981725, -0.230774433222767], [0.13621090136958264, -0.3316038789357427, 0.4925866457870574]]	0.7731033453242354	0.38106165448459517	[[-0.6109124657506981, 0.24258688854030633, 0.19759530788671498], [-0.5669918124510205, -0.6254943294861522, -0.3040423010606645], [0.17783033503144988, -0.2722832860521398, 0.5904248953310872]]	[[0.031193277776215646, -0.010786876361049297, -0.15052928466742424], [-0.17264217157486708, -0.028489008155879292, -0.011191162091204002], [0.00497965547790639, 0.14851971312274007, -0.034664107143622905]]	0.680726271122006	[[-0.6497702924429838, 0.6497702924429837, 0.0], [-0.7071067811865475, -0.7071067811865476, 0.0], [0.0, 0.0, 0.9189139599999998]]
4	[[0.8489524140446696, -0.5135124485683378, 0.12483895166604869], [0.522794976890395, 0.7815435453534784, -0.34040431673891397], [0.0772347773085365, 0.35425224329800037, 0.9319550081910795]]	0.7638796871812903	0.23612031281870965	[[0.6484975044722435, -0.39226172857608027, 0.0953619393467015], [0.3993524634069848, 0.5970052389431717, -0.26002794298568244], [0.05899807752996149, 0.2706060927937468, 0.7119015001240386]]	0.8834299255648292	0.19478949290657713	[[0.7176725496578934, -0.4579237244933386, 0.05463446356550559], [0.5055656125213278, 0.6691087535800166, -0.29327652225633405], [0.022827131909610842, 0.2677600230441759, 0.8018982092155582]]	[[-0.03231741828967128, -0.004271460277998787, -0.05565200221242311], [0.043712885001379466, -0.021330202517279524, 0.007446837942271314], [-0.04540438165908574, -0.04519700988375038, -0.02141873430045687]]	0.44047106060456814	[[0.6778325604454244, -0.6778325604454243, 0.0], [0.7071067811865475, 0.7071067811865476, 0.0], [0.0, 0.0, 0.9585999999999999]]
4	[[0.8592155572171323, 0.2624339665249735, -0.4391776855101157], [-0.4266000482917053, 0.8413623931712975, -0.33184593135155627], [0.2824199444684594, 0.4724804086637203, 0.8348660002631537]]	0.6654220238381459	0.3345779761618543	[[0.5717409549966443, 0.1746293411289201, -0.29223850431669396], [-0.28386906750371727, 0.5598610664453504, -0.2208175912424069], [0.18792845102045905, 0.314398869756887, 0.5555382235287659]]	0.7816780210072117	0.38670574864830615	[[0.542833484842159, 0.20454941559137316, -0.28272180474877573], [-0.32486419951727113, 0.7529559927859577, -0.2715527932018665], [0.2420459859208503, 0.3374030728096188, 0.528479517039421]]	[[-0.12879643154193757, -0.0005894480069410096, 0.06057373933129911], [0.008599681992969968, 0.0952815023419265, -0.012156122303686914], [0.021284522635778295, -0.03192447799931671, -0.12411688585248738]]	0.5422722567116787	[[0.5970829925191402, 0.42220143294144064, -0.4222014329414405], [-0.7071067811865475, 0.5000000000000001, -0.5], [0.0, 0.5970829925191401, 0.5970829925191402]]
4	[[0.04673222253661188, -0.9725397674033924, -0.22799671093185395], [-0.8377629715199755, -0.16246744520517667, 0.5213036857710898], [-0.5440306084466285, 0.16664552219444034, -0.8223502702654952]]	0.5917514087842631	0.40824859121573687	[[0.02765385852165976, -0.575501777459677, -0.13491737489210293], [-0.495747418624236, -0.09614033958174334, 0.3084821904594711], [-0.32193087897005224, 0.09861272252614926, -0.48662693094372633]]	0.7632148248004982	0.38982690327583	[[-0.010168884501061223, -0.8075135111475207, -0.12736223771996613], [-0.6877989096404795, -0.14878385262999705, 0.27302212775462764], [-0.2738247985703608, 0.03236038742503055, -0.5877839536152506]]	[[-0.04583560953687946, -0.06525674295722332, 0.046648232068978605], [-0.048405790107516555, -0.024786289901943523, -0.12484457344900857], [0.1413874269413412, -0.09482594560038676, 0.039845963830071635]]	0.6431382470016608	[[1.7588654636560068e-16, -0.8808709220559997, 0.0], [-1.0, -1.7938038903913487e-16, 0.0], [0.0, 0.0, -0.8808709220559997]]
4	[[0.034229894132735264, 0.2773841392786001, 0.9601491309293217], [-0.1827544195208179, -0.9427759796974285, 0.2788803941677556], [0.9825625356654255, -0.18501754344446375, 0.018422055382213542]]	0.8428334381427334	0.15716656185726663	[[0.028850099359155043, 0.23378862779444537, 0.8092457931509177], [-0.1540315357405104, -0.7946031203667676, 0.23504972144701014], [0.8281365601251327, -0.15593897225801992, 0.015526724275446884]]	0.905696351994515	0.1432295992305911	[[0.009094118281424509, 0.2294526234583448, 0.8382073066779493], [-0.1658033577606008, -0.8259446003617146, 0.25440354865041725], [0.8703032078964175, -0.15573317057012284, 0.0]]	[[-0.021907771963752282, -0.021773179587421757, -0.03139625857544139], [-0.00028334668972085364, 0.027924165198301633, 0.0018225930098885639], [-0.019600096262238804, 0.011836543582514701, -0.01668478835591173]]	0.35620363249374487	[[0.0, 0.0, 0.9585999999999999], [0.0, -1.0, 0.0], [0.9585999999999999, 0.0, 0.0]]
4	[[0.8787972042104137, -0.3840163418041313, 0.28327887866788265], [-0.395223040501579, -0.9183905790867732, -0.018907472103605397], [0.2674214316928388, -0.09534250611366366, -0.9588511794847616]]	0.6608876962905784	0.3391123037094217	[[0.5807862597972212, -0.25379167547286774, 0.18721552553059528], [-0.2611980447580466, -0.6069530341076277, -0.012495715681230136], [0.1767355339302085, -0.0630106892240296, -0.6336929470951881]]	0.8298726776198834	0.27933839934256427	[[0.6568280640697258, -0.2691972169251758, 0.17054843564102634], [-0.3181591913158201, -0.8544733981766932, -0.0331731044920765], [0.16095371467753672, -0.053646934291549805, -0.7557066354734171]]	[[-0.07246172487323777, 0.04948745289761107, -0.06453696591224756], [0.009825611562296869, -0.09232614920907731, -0.01748230999043423], [-0.06097202489434215, 0.02547520654798636, 0.04001776028458548]]	0.48646676412394335	[[0.6497702924429838, -0.6497702924429837, 0.0], [-0.7071067811865475, -0.7071067811865476, 0.0], [0.0, 0.0, -0.9189139599999998]]
4	[[0.08740825448676931, -0.06334395238859675, -0.994156597696443], [0.7119981850616444, -0.6940087028176986, 0.10681996481098455], [-0.6967197295301035, -0.717174639895393, -0.015561310176609944]]	0.7741836398545104	0.22581636014548973	[[0.06767004061189641, -0.04903985162297463, -0.7696597733900086], [0.5512173464808291, -0.537290183638113, 0.08269826916649872], [-0.5393890161660654, -0.5552248731255631, -0.012047311753432922]]	0.9087465040674277	0.15420500879997895	[[0.054368915989394306, -0.05436891598939432, -0.8440821984626962], [0.6823961863010215, -0.6705765824506273, 0.09105755258579311], [-0.6108636710758714, -0.6210312340214739, 0.0]]	[[-0.02506302970209335, 0.003194679297556551, 0.0593541341895145], [0.03537032472389877, -0.03989859997267339, -0.0060147170007947524], [0.0222779474494138, 0.030698712789280984, 0.01414128622170317]]	0.1804107311797955	[[0.0, 0.0, -0.8808709220559997], [0.7071067811865475, -0.7071067811865476, 0.0], [-0.6228698023358442, -0.6228698023358441, 0.0]]
4	[[0.5319609947059123, -0.8460851799387872, 0.03402011756955908], [-0.703274286200726, -0.4190807785627857, 0.5742617690636116], [-0.47161719485230363, -0.3294103357928521, -0.8179645788128509]]	0.6198097780200473	0.3801902219799526	[[0.32971462604399504, -0.5244118675639114, 0.021086001519004288], [-0.43589627921727925, -0.2597503643334689, 0.35593305960871685], [-0.2923129488518438, -0.20417174710527694, -0.5069824440222547]]	0.7612242600020307	0.4143547211324774	[[0.48334651276238927, -0.6365094739963351, 0.09603432130714044], [-0.508366461527949, -0.3661123530262751, 0.33998483649624156], [-0.2713909075507235, -0.1117275840505662, -0.571827609623745]]	[[0.07840489821743699, 0.007551091001253219, 0.07013738248507077], [0.02698298656365522, -0.04709789748374359, -0.09715715370666331], [0.08761554260495492, 0.13902755505036807, 0.05082687159094028]]	0.6719478755743488	[[0.6497702924429838, -0.6497702924429837, 0.0], [-0.7071067811865475, -0.7071067811865476, 0.0], [0.0, 0.0, -0.9189139599999998]]
4	[[-0.42203838922340475, -0.825029846081567, 0.3757783270710803], [0.2588054115689476, 0.28760896992378115, 0.9221175843470338], [-0.8688517462515349, 0.4864224845687207, 0.09214016247897017]]	0.6720160136299514	0.32798398637004855	[[-0.2836165559247183, -0.5544332682894673, 0.25252905336683945], [0.17392138098842308, 0.19327783345239602, 0.6196777831309742], [-0.5838822869513787, 0.32688369901984826, 0.061919664684333575]]	0.8194721929589495	0.2983698297754236	[[-0.2634337002105537, -0.5809691656723276, 0.3143160437265902], [0.26320967743568274, 0.2351023743447424, 0.828890927974277], [-0.6761839878035717, 0.3488176243416642, 0.023733887282228885]]	[[0.08241502411921257, 0.09511985155271876, 0.006376153975206639], [0.051125839267633755, -0.000585178953363155, 0.07324120896340429], [0.03581585805338637, -0.049792075792406215, -0.051772413724006705]]	0.518690144197253	[[-0.4222014329414405, -0.42220143294144064, 0.5970829925191402], [0.5, 0.5000000000000001, 0.7071067811865475], [-0.5970829925191402, 0.5970829925191401, 0.0]]
