4	[[0.8592155572171323, 0.2624339665249735, -0.4391776855101157], [-0.4266000482917053, 0.8413623931712975, -0.33184593135155627], [0.2824199444684594, 0.4724804086637203, 0.8348660002631537]]	0.6846579216851713	0.3153420783148288	[[0.5882687376838482, 0.1796774941005842, -0.30068648141185955], [-0.2920751024541927, 0.5760454274927225, -0.22720094567883656], [0.1933610522222169, 0.3234874546326632, 0.5715976206257823]]	0.788939382403335	0.37551748115346	[[0.5541946499384777, 0.20753332000794872, -0.28543237127207277], [-0.32441346263563886, 0.7529159671997269, -0.27210016039661916], [0.2445605832428453, 0.3437998021476233, 0.5386230129685807]]	[[-0.12367434112374423, 0.0004888285360785602, 0.06105220069960414], [0.012148115996852085, 0.08913204035377145, -0.010293836263062812], [0.021748366675514705, -0.02895859966120761, -0.12003565366857447]]	0.5308084291011225	[[0.6152247612770328, 0.4350296006528648, -0.43502960065286467], [-0.7071067811865475, 0.5000000000000001, -0.5], [0.0, 0.6152247612770327, 0.6152247612770328]]
4	[[-0.5446221603179724, 0.8109226453022452, -0.2139887049042392], [-0.8354447797583356, -0.5021691245819775, 0.22328947644507607], [0.07361197229480154, 0.30038414347728, 0.9509735242804028]]	0.6972751281255104	0.3027248718744896	[[-0.37975148661570646, 0.5654361914030008, -0.14920900162951542], [-0.5825348658477825, -0.35015004068357364, 0.15569419829731856], [0.05132779741342926, 0.20945039212999206, 0.6630901859865861]]	0.8223940447217641	0.2671187142371568	[[-0.4946946441317014, 0.6327103322833322, -0.12316881724958909], [-0.7358904815440374, -0.4075695823626949, 0.09528866983059607], [0.07672075269349617, 0.12935484852238668, 0.7634611484729754]]	[[-0.04680062286269905, -0.0341876219432536, 0.052814219301380215], [-0.04882566997689639, 0.005411315136664926, -0.08834326584687509], [0.0161827050580279, -0.1176792822021763, -0.01861381458329564]]	0.4008355482293138	[[-0.6595677377289347, 0.6595677377289346, 0.0], [-0.7071067811865475, -0.7071067811865476, 0.0], [0.0, 0.0, 0.93276964]]
4	[[-0.3195682178843842, -0.5708200961323295, -0.7563336379995778], [0.910087742671785, 0.03735879733279218, -0.41272826520656647], [0.2638493031197415, -0.8202248094963509, 0.507557688474819]]	0.6211827266708899	0.3788172733291099	[[-0.19851025694277882, -0.35458358375402, -0.4698213915254915], [0.5653307855026147, 0.023206639592329045, -0.2563796691551611], [0.16389862954213516, -0.5095094836460545, 0.3152860688695622]]	0.7515119083057834	0.396216463374531	[[-0.27214317471945165, -0.3922509297069686, -0.5046990018143154], [0.77752801251937, 0.02832098625177734, -0.23420292408589807], [0.20377040907364297, -0.5046990018143153, 0.3012059145093935]]	[[-0.03198385346327972, 0.03672717003672908, 0.06369473379460293], [0.09358623629839409, 0.00024540517620156004, 0.07596728211122418], [0.005484515780974905, 0.11170971001003506, -0.08022973253159003]]	0.7112894674079397	[[0.0, 0.0, -0.8700592013057296], [1.0, 1.7938038903913487e-16, 0.0], [1.7372773265587372e-16, -0.8700592013057296, 0.0]]
4	[[0.8787972042104137, -0.3840163418041313, 0.28327887866788265], [-0.395223040501579, -0.9183905790867732, -0.018907472103605397], [0.2674214316928388, -0.09534250611366366, -0.9588511794847616]]	0.6740005775785705	0.32599942242142954	[[0.5923098232122519, -0.25882723617559417, 0.1909301278379627], [-0.266380557570423, -0.618995780747203, -0.012743647118380746], [0.1802421994178616, -0.06426090418839767, -0.6462662487846229]]	0.8356720051350124	0.2612195230818697	[[0.6844175233916561, -0.30727593672473386, 0.13611518881656307], [-0.35816961717073226, -0.8404806578378448, -0.026944142137977738], [0.1250085458250496, -0.051946485904698185, -0.8012850877861024]]	[[-0.04996869835790331, 0.013635769635336761, -0.10061303973222427], [-0.027892786439221474, -0.07300736111529554, -0.01114369701312351], [-0.09846805821378068, 0.027728577353904296, 0.0]]	0.4827454521508401	[[0.6595677377289347, -0.6595677377289346, 0.0], [-0.7071067811865475, -0.7071067811865476, 0.0], [0.0, 0.0, -0.93276964]]
4	[[0.04673222253661188, -0.9725397674033924, -0.22799671093185395], [-0.8377629715199755, -0.16246744520517667, 0.5213036857710898], [-0.5440306084466285, 0.16664552219444034, -0.8223502702654952]]	0.6002970596797361	0.3997029403202639	[[0.02805321578102721, -0.583812762793871, -0.13686575518904265], [-0.5029066485119998, -0.09752872965034616, 0.3129370697685942], [-0.3265799746262889, 0.10003681698211674, -0.4936544492672131]]	0.7732961262865153	0.3739460282702227	[[-0.013807286067564224, -0.8166553971675434, -0.13620112764434633], [-0.6866207710155823, -0.15854437715761838, 0.2800871676859926], [-0.2832016277955391, 0.04809226186073867, -0.5924022861489576]]	[[-0.04994513272788546, -0.06459416237491132, 0.04010784572532275], [-0.038781910392904975, -0.0329089311327887, -0.12303495313967405], [0.13749513429753474, -0.08077407491521559, 0.043517992298018796]]	0.6363064589294526	[[-1.7987961550618524e-16, -0.900868918312, 0.0], [-1.0, 1.7938038903913487e-16, 0.0], [0.0, 0.0, -0.900868918312]]
4	[[-0.30792515101507295, 0.09349718223056193, 0.9468053539599837], [0.3027085282091916, -0.9338174967034747, 0.1906631317268273], [0.9019698710720718, 0.34531602882779927, 0.2592434992682147]]	0.699727879243451	0.30027212075654913	[[-0.21546381288549643, 0.06542258503742958, 0.6625061023827642], [0.21181359647272396, -0.6534181365687507, 0.13341230881312766], [0.6311334650267498, 0.2416272525204464, 0.18139990395059905]]	0.8385512928859657	0.2731479349426655	[[-0.24497923607906236, 0.0753596308977553, 0.7336215674262277], [0.24530077135678696, -0.84939079283458, 0.11830201920022936], [0.6711660666505137, 0.2573555290885683, 0.1696196051813071]]	[[0.013231797416733268, -0.0030425521428771723, -0.06032328624827101], [-0.008535856340638543, -0.06633692365434529, -0.041578796414988885], [-0.08518193488115999, -0.0322096733392302, -0.047769366302336254]]	0.4720496687391726	[[0.0, 0.0, 0.9658], [0.0, -1.0, 0.0], [0.9658, 0.0, 0.0]]
4	[[-0.8305561570912853, 0.32773595720904825, 0.4502950280316503], [-0.5100865793185324, -0.772219296347621, -0.37879947194723407], [0.22358030216652452, -0.5443036842615101, 0.808545204538665]]	0.6245656026064392	0.3754343973935607	[[-0.5187368067522069, 0.20469260561006739, 0.28123878553327114], [-0.3185825317935365, -0.4823016101676725, -0.2365851204637252], [0.13964056615356518, -0.3399533585616952, 0.5049895229072381]]	0.7825616536472257	0.3696354199799823	[[-0.6241393847077404, 0.24806653015610255, 0.19843098327035394], [-0.5648057771338596, -0.6272712995910594, -0.30482691689009683], [0.17984258873823103, -0.2790676454986803, 0.6035987371662048]]	[[0.025822015032500926, -0.008407062477066683, -0.15395263849521823], [-0.16563158011909215, -0.02296209006296821, -0.008392975722373446], [0.004877217751849169, 0.14688354574328458, -0.02913773514610722]]	0.674684815436087	[[-0.8700592013057296, 0.0, 0.0], [0.0, -0.7071067811865476, -0.7071067811865475], [0.0, -0.6152247612770327, 0.6152247612770328]]
4	[[-0.42203838922340475, -0.825029846081567, 0.3757783270710803], [0.2588054115689476, 0.28760896992378115, 0.9221175843470338], [-0.8688517462515349, 0.4864224845687207, 0.09214016247897017]]	0.699486807776155	0.3005131922238451	[[-0.2952102856368698, -0.5770974933556479, 0.2628519824344138], [0.1810309711735571, 0.20117868025977378, 0.6450090854691662], [-0.607750334416224, 0.3402461109615204, 0.06445082812039109]]	0.8315244996074427	0.2779448064037642	[[-0.2694484050510843, -0.6006107962546452, 0.32156006098818407], [0.2613354348098052, 0.23434207214555666, 0.8297689692210497], [-0.698462303068533, 0.3575717652228305, 0.023485823560212084]]	[[0.0814868553630385, 0.08542173366953537, 0.009091175607082096], [0.046132394459237766, -0.004811832652927502, 0.06300560631765842], [0.02400921046632741, -0.04690044785598397, -0.05313097893886205]]	0.5097993923317176	[[-0.43502960065286467, -0.4350296006528648, 0.6152247612770328], [0.5, 0.5000000000000001, 0.7071067811865475], [-0.6152247612770328, 0.6152247612770327, 0.0]]
4	[[0.034229894132735264, 0.2773841392786001, 0.9601491309293217], [-0.1827544195208179, -0.9427759796974285, 0.2788803941677556], [0.9825625356654255, -0.18501754344446375, 0.018422055382213542]]	0.8530214256318794	0.14697857436812062	[[0.029198833092334148, 0.23661461393510325, 0.8190277804845401], [-0.15589343548017467, -0.8042081102529923, 0.23789095141375935], [0.8381468949457956, -0.1578239286759047, 0.015714407945205233]]	0.9115558655216477	0.13451731534882563	[[0.00906801435202908, 0.2326617561024592, 0.8481125196511754], [-0.16539046752140155, -0.8263056600115654, 0.2539447637861206], [0.8807159555955941, -0.15770619339388534, 0.0]]	[[-0.022134446420850787, -0.02018938305962238, -0.027117052422960464], [0.0012003955428039111, 0.0330873141545434, -0.00027029529648618135], [-0.01494468703204771, 0.01094763355732187, -0.016792732638621397]]	0.3530166811407806	[[0.0, 0.0, 0.9658], [0.0, -1.0, 0.0], [0.9658, 0.0, 0.0]]
4	[[0.3802729664721569, 0.7767473726770865, -0.5020517802076895], [0.4287143634067757, 0.332951791095048, 0.839849450446521], [0.8195098935212374, -0.5346088512602871, -0.20639019011321075]]	0.6918351309566695	0.30816486904333074	[[0.2630861975585459, 0.537381120296301, -0.34733705910701584], [0.2965996577505319, 0.2303477459945002, 0.5810373545335559], [0.5669657345045516, -0.3698611846222553, -0.14278798420514505]]	0.8313253416252502	0.26911887947100366	[[0.34689626610766794, 0.5626865143540363, -0.4238205098054256], [0.4059751452969496, 0.2938310240344416, 0.7157336499040909], [0.6297742662537198, -0.4238205098054256, -0.0766013862586988]]	[[0.03076571234435473, -0.0830432605932582, -0.006452142110703225], [0.04957403067816013, 0.01703976255761195, 0.017545518597858245], [-0.05150507594309521, 0.0206133761044151, 0.09497600904526646]]	0.39081893323705214	[[0.43502960065286467, 0.4350296006528648, -0.6152247612770328], [0.5, 0.5000000000000001, 0.7071067811865475], [0.6152247612770328, -0.6152247612770327, 0.0]]
4	[[0.08740825448676931, -0.06334395238859675, -0.994156597696443], [0.7119981850616444, -0.6940087028176986, 0.10681996481098455], [-0.6967197295301035, -0.717174639895393, -0.015561310176609944]]	0.8057839044448014	0.19421609555519853	[[0.07043216458105381, -0.051041537278649095, -0.8010753849213997], [0.5737166775165842, -0.5592210422751172, 0.0860738083180514], [-0.5614055439644929, -0.5778877815037041, -0.012539053272385383]]	0.9206418568882216	0.13457899163146844	[[0.05549864947885933, -0.055498649478859345, -0.8640453792700057], [0.684322933749592, -0.6719031163830361, 0.0902087382888488], [-0.6263196610678138, -0.6371256374461224, 0.0]]	[[-0.02497304823919819, 0.002818444470817471, 0.051216796870924244], [0.02882760255339612, -0.032969655524364316, -0.00813419246747051], [0.015109684457440316, 0.02313535474031404, 0.014326393496607758]]	0.1663460597572834	[[0.0, 0.0, -0.900868918312], [0.7071067811865475, -0.7071067811865476, 0.0], [-0.6370105210986052, -0.6370105210986051, 0.0]]
4	[[0.8489524140446696, -0.5135124485683378, 0.12483895166604869], [0.522794976890395, 0.7815435453534784, -0.34040431673891397], [0.0772347773085365, 0.35425224329800037, 0.9319550081910795]]	0.7837843283991455	0.2162156716008547	[[0.6653955976848346, -0.40248300962573524, 0.09784681388962735], [0.4097585098524851, 0.6125615828095632, -0.26680356877937966], [0.06053540806182884, 0.2776573565972138, 0.7304517301932651]]	0.8922122002380641	0.18163081730298494	[[0.7277137158971314, -0.4619494324464198, 0.062427424269683465], [0.507986175978766, 0.6665721809180145, -0.2969797869214459], [0.022715857212539693, 0.2806407250673467, 0.8096276692107071]]	[[-0.02973198533507919, -0.003787360859627433, -0.0489554114716952], [0.04154211937397878, -0.0307305052636697, 0.006733097486715392], [-0.04619395338480657, -0.0354274483648322, -0.02187395917033911]]	0.43800305628517633	[[0.6829237292699677, -0.6829237292699676, 0.0], [0.7071067811865475, 0.7071067811865476, 0.0], [0.0, 0.0, 0.9658]]
4	[[0.22433838825039393, -0.7661379269479729, -0.6022499185961573], [-0.9416906372873723, -0.011392912655017143, -0.3362869982418849], [0.2507808429735371, 0.642575192824231, -0.724020780340167]]	0.5671208202821802	0.43287917971781975	[[0.12722697076534567, -0.43449276958002353, -0.341548467849129], [-0.5340523666704636, -0.006461157970316635, -0.19071535829316988], [0.14222303737820896, 0.36441777044745804, -0.41060725884785976]]	0.7535083924407726	0.4042573366333698	[[0.18715288235874517, -0.5121370469485196, -0.38639932235577923], [-0.842752245033855, 0.0328744292432286, -0.17086478941396513], [0.14866248220878614, 0.3863993223557792, -0.440995826849942]]	[[0.01811202406543686, 0.06515431077395373, 0.06740104565319747], [-0.1331804467549204, 0.041459084543128834, 0.08253028603001047], [-0.040302987635145573, -0.09778647821152664, 0.10455990743789106]]	0.7335541081366108	[[1.7372773265587372e-16, -0.8700592013057296, 0.0], [-1.0, -1.7938038903913487e-16, 0.0], [0.0, 0.0, -0.8700592013057296]]
4	[[0.5319609947059123, -0.8460851799387872, 0.03402011756955908], [-0.703274286200726, -0.4190807785627857, 0.5742617690636116], [-0.47161719485230363, -0.3294103357928521, -0.8179645788128509]]	0.6327679698288575	0.3672320301711425	[[0.33660787864819985, -0.5353756016121499, 0.021526840727828914], [-0.44500944231207235, -0.26518089344547097, 0.36337445376070976], [-0.29842425492307295, -0.2084403094202853, -0.5175817859273242]]	0.7691839584303367	0.40288302115207497	[[0.4927365326475561, -0.6509901588597515, 0.09648244535172514], [-0.5093238715096191, -0.3708436445735332, 0.3370676613881557], [-0.2773080331506853, -0.11244323245440872, -0.5843914546924585]]	[[0.08356066900912314, -0.0001950109851914343, 0.07031471665330627], [0.031623427812524786, -0.04849343241654234, -0.10464527931540091], [0.08545234764962104, 0.1409339135786037, 0.044773777894613294]]	0.6669015344520516	[[0.6595677377289347, -0.6595677377289346, 0.0], [-0.7071067811865475, -0.7071067811865476, 0.0], [0.0, 0.0, -0.93276964]]
