4	[[0.8489524140446696, -0.5135124485683378, 0.12483895166604869], [0.522794976890395, 0.7815435453534784, -0.34040431673891397], [0.0772347773085365, 0.35425224329800037, 0.9319550081910795]]	0.7954432846002146	0.20455671539978537	[[0.6752934966969734, -0.4084700287722974, 0.09930230575928921], [0.4158537535901891, 0.6216735647740677, -0.2707723277988935], [0.0614358849476684, 0.2817875679859558, 0.7413173528151322]]	0.8968184168892358	0.1738712454076527	[[0.7351190303293356, -0.4642718899524084, 0.06471100242981188], [0.5079301551133591, 0.6666368852412033, -0.29687959773226613], [0.021856094652932985, 0.28593570775512833, 0.8163410354033042]]	[[-0.026237129648500022, -0.0037444687744365834, -0.047246868569445724], [0.039077991580870504, -0.034265759832703725, 0.008401262707788602], [-0.047409476061701386, -0.03176422825884468, -0.01945337965461452]]	0.4365201669786476	[[0.6860349991071885, -0.6860349991071883, 0.0], [0.7071067811865475, 0.7071067811865476, 0.0], [0.0, 0.0, 0.9702]]
4	[[0.22433838825039393, -0.7661379269479729, -0.6022499185961573], [-0.9416906372873723, -0.011392912655017143, -0.3362869982418849], [0.2507808429735371, 0.642575192824231, -0.724020780340167]]	0.5772152657484124	0.4227847342515876	[[0.12949154239152172, -0.44222650710321193, -0.34762784680944075], [-0.5435582114546226, -0.006576163105814194, -0.19410998905792556], [0.14475453092158114, 0.37090421068937585, -0.4179158471314225]]	0.759846258702319	0.39546175404560957	[[0.19080478240439736, -0.5191409060131824, -0.39346085704553724], [-0.8421467831009729, 0.032402439770163244, -0.17127474690580602], [0.15175339492184098, 0.3934608570455372, -0.44642143972889015]]	[[0.02034209740902722, 0.06300613142818542, 0.06415649040352915], [-0.1266066755031608, 0.041059301826800336, 0.0842516705585235], [-0.038801490365814956, -0.09479749915687607, 0.10372304143531919]]	0.7349061153764748	[[-1.76915314396417e-16, -0.8860231742470415, 0.0], [-1.0, 1.7938038903913487e-16, 0.0], [0.0, 0.0, -0.8860231742470415]]
4	[[0.08740825448676931, -0.06334395238859675, -0.994156597696443], [0.7119981850616444, -0.6940087028176986, 0.10681996481098455], [-0.6967197295301035, -0.717174639895393, -0.015561310176609944]]	0.8279082556270146	0.17209174437298547	[[0.07236601549954337, -0.05244298112656381, -0.8230704546189498], [0.5894691754039864, -0.5745755345397681, 0.08843713073280132], [-0.5768200159361935, -0.5937548050957273, -0.012883337163588051]]	0.9267673897239932	0.12288088575716224	[[0.05773385156915139, -0.05471961244470685, -0.8756335610114838], [0.6826752344954882, -0.6705366818455434, 0.0921510839335721], [-0.6333442232554735, -0.6453478009307229, 0.0]]	[[-0.023273268281882312, 0.003985496965273865, 0.04571835401253457], [0.022818535037687538, -0.027352047889450306, -0.006846176024712846], [0.012352901850347178, 0.019306268061375198, 0.014421714813062208]]	0.15801675785411246	[[0.0, 0.0, -0.9132376564079998], [0.7071067811865475, -0.7071067811865476, 0.0], [-0.645756539681007, -0.6457565396810069, 0.0]]
4	[[0.034229894132735264, 0.2773841392786001, 0.9601491309293217], [-0.1827544195208179, -0.9427759796974285, 0.2788803941677556], [0.9825625356654255, -0.18501754344446375, 0.018422055382213542]]	0.8585100431866776	0.14148995681332258	[[0.029386707890169957, 0.2381370693913703, 0.8242976718597831], [-0.15689650459537355, -0.8093826470454015, 0.23942161924087757], [0.8435398049277358, -0.15883941921279957, 0.015815519561771515]]	0.9150927311881414	0.13027150362874393	[[0.009051369232580275, 0.23463530246698078, 0.8541828101943361], [-0.16514228163018424, -0.8265217717380575, 0.2536712098162531], [0.8870990628319706, -0.15891763882088553, 0.0]]	[[-0.02227215807762537, -0.019196907133745167, -0.0244426803756973], [0.0020949592658244254, 0.036205674421838197, -0.0015302117575437934], [-0.012036771493249202, 0.010390570327429405, -0.01685788897380899]]	0.35108787838633204	[[0.0, 0.0, 0.9702], [0.0, -1.0, 0.0], [0.9702, 0.0, 0.0]]
4	[[-0.42203838922340475, -0.825029846081567, 0.3757783270710803], [0.2588054115689476, 0.28760896992378115, 0.9221175843470338], [-0.8688517462515349, 0.4864224845687207, 0.09214016247897017]]	0.7106462077977009	0.2893537922022992	[[-0.29991998084666266, -0.5863043314377865, 0.2670454431056274], [0.18391908428899584, 0.20438822380493815, 0.6552993644597962], [-0.6174461986120635, 0.3456742940462971, 0.06547905705154417]]	0.8388378192070577	0.2653390822863808	[[-0.273844388298794, -0.6121787859482475, 0.32695664720164547], [0.26093365174875177, 0.23442372245162083, 0.829930960748348], [-0.7118496525432395, 0.3637860362070099, 0.02348841170490871]]	[[0.08017737373902631, 0.07988745091954876, 0.011739574816063981], [0.04383788470927074, -0.006833558663632146, 0.056423857242202134], [0.016976051496641963, -0.04424353996189451, -0.053802241250334594]]	0.504625723025199	[[-0.4430115871235206, -0.44301158712352073, 0.6265129947985131], [0.5, 0.5000000000000001, 0.7071067811865475], [-0.6265129947985131, 0.626512994798513, 0.0]]
4	[[-0.30792515101507295, 0.09349718223056193, 0.9468053539599837], [0.3027085282091916, -0.9338174967034747, 0.1906631317268273], [0.9019698710720718, 0.34531602882779927, 0.2592434992682147]]	0.708201649006786	0.29179835099321416	[[-0.21807309971953823, 0.0662148586331719, 0.6705291129629141], [0.2143786788461667, -0.6613310910367896, 0.1350279442937372], [0.6387765500476795, 0.2445533810443223, 0.18359667367603916]]	0.84226038685696	0.2697933087924645	[[-0.24942101770294625, 0.0763201519294171, 0.7362893256456114], [0.2445412544295682, -0.8497529581657695, 0.1181871916730692], [0.673527931667555, 0.25945240247622187, 0.17310086577352918]]	[[0.009932139113996957, -0.0024288209461316695, -0.06116731805896519], [-0.010418147644806551, -0.06323547213850275, -0.042400811414527895], [-0.08616556087493044, -0.03139360955218949, -0.04524966421026936]]	0.47120602317054555	[[0.0, 0.0, 0.9702], [0.0, -1.0, 0.0], [0.9702, 0.0, 0.0]]
4	[[0.04673222253661188, -0.9725397674033924, -0.22799671093185395], [-0.8377629715199755, -0.16246744520517667, 0.5213036857710898], [-0.5440306084466285, 0.16664552219444034, -0.8223502702654952]]	0.6057358294491394	0.3942641705508605	[[0.028307381580216354, -0.5891021826803671, -0.1381057768079822], [-0.5074630484354281, -0.09841235267984026, 0.3157723204954446], [-0.32953883185313854, 0.10094316361043427, -0.49812702305699363]]	0.7795213345721701	0.3689903570779162	[[-0.028390885866001605, -0.83254352112026, -0.1483725569136826], [-0.6841479082824404, -0.1485855532841639, 0.2725741232373674], [-0.2891483380840677, 0.03648390254992172, -0.6045386084189046]]	[[-0.06481965034526505, -0.07442802370945964, 0.029355743469981512], [-0.031093798668042252, -0.021938713573293557, -0.13379322161230361], [0.13493512786035783, -0.09341983731156459, 0.03650097174423896]]	0.6322005026081627	[[1.8234932425934552e-16, -0.9132376564079998, 0.0], [-1.0, -1.7938038903913487e-16, 0.0], [0.0, 0.0, -0.9132376564079998]]
4	[[0.3802729664721569, 0.7767473726770865, -0.5020517802076895], [0.4287143634067757, 0.332951791095048, 0.839849450446521], [0.8195098935212374, -0.5346088512602871, -0.20639019011321075]]	0.7059167622756136	0.2940832377243865	[[0.26844106127296796, 0.5483189904262984, -0.3544067671789201], [0.30263665535716183, 0.2350362503636827, 0.5928638048581615], [0.5785057706873451, -0.37738934936554697, -0.14569429477016613]]	0.8385630519103443	0.25781883268944344	[[0.3464987334753196, 0.5761681184085954, -0.427012166198961], [0.40475446456841047, 0.29345011915460834, 0.7167965546654291], [0.6414897918998943, -0.427012166198961, -0.07820280125927882]]	[[0.027615874151427647, -0.07518352898684383, -0.006010093170979558], [0.045250439592224224, 0.014249049074929666, 0.012529836353768762], [-0.04572092548199585, 0.021291063692148723, 0.09486838644641134]]	0.3859356356648261	[[0.4430115871235206, 0.44301158712352073, -0.6265129947985131], [0.5, 0.5000000000000001, 0.7071067811865475], [0.6265129947985131, -0.626512994798513, 0.0]]
4	[[0.8787972042104137, -0.3840163418041313, 0.28327887866788265], [-0.395223040501579, -0.9183905790867732, -0.018907472103605397], [0.2674214316928388, -0.09534250611366366, -0.9588511794847616]]	0.6819272310696506	0.3180727689303494	[[0.5992757441389578, -0.26187120065198777, 0.19317558135050472], [-0.2695133536641702, -0.6262755446370962, -0.012893520098138284], [0.18236195644297928, -0.06501665119733188, -0.653866729833912]]	0.8395664594949448	0.2568896924285901	[[0.6871860404801763, -0.30941642627216925, 0.13910372215122965], [-0.35860026382966836, -0.8404872756894008, -0.026497518572060827], [0.12745201343334328, -0.05307151053310083, -0.805019289942573]]	[[-0.0506226168728167, 0.012990814204525756, -0.09872772306166264], [-0.026784255004930518, -0.06943734877200648, -0.010623439160037414], [-0.09706605116608255, 0.026974859764122894, 0.0]]	0.48057897964085144	[[0.6655911561337942, -0.665591156133794, 0.0], [-0.7071067811865475, -0.7071067811865476, 0.0], [0.0, 0.0, -0.9412880399999999]]
4	[[0.8592155572171323, 0.2624339665249735, -0.4391776855101157], [-0.4266000482917053, 0.8413623931712975, -0.33184593135155627], [0.2824199444684594, 0.4724804086637203, 0.8348660002631537]]	0.6962845640531512	0.3037154359468488	[[0.5982585296846165, 0.18272871997458046, -0.3057926432972829], [-0.2970350286498433, 0.5858276471399928, -0.23105919964393037], [0.19664464791413644, 0.3289808153700732, 0.5813043090360281]]	0.7933719252258166	0.3686331512545964	[[0.5611757102199977, 0.20934746492561704, -0.2871131822006595], [-0.32419215731855855, 0.7528769963894416, -0.27241554957242703], [0.24610263426084542, 0.34778835909727174, 0.544842162206854]]	[[-0.12050179059333134, 0.0011397236590513157, 0.06131806366871924], [0.014260344296057947, 0.08536369470652888, -0.0091383041376887], [0.02203857919573556, -0.027064332355744618, -0.11751708372750128]]	0.5238635471538882	[[0.6265129947985131, 0.44301158712352073, -0.4430115871235206], [-0.7071067811865475, 0.5000000000000001, -0.5], [0.0, 0.626512994798513, 0.6265129947985131]]
4	[[-0.5446221603179724, 0.8109226453022452, -0.2139887049042392], [-0.8354447797583356, -0.5021691245819775, 0.22328947644507607], [0.07361197229480154, 0.30038414347728, 0.9509735242804028]]	0.7060576148241547	0.29394238517584526	[[-0.3845346234944859, 0.5725581087489973, -0.15108835458399703], [-0.5898721485134618, -0.35456033434068474, 0.1576552351541447], [0.051974293580969326, 0.212088511874565, 0.6714420983143417]]	0.8273850302494121	0.2605715226945063	[[-0.4989706135507696, 0.6369069727345622, -0.1266909432478044], [-0.7361006139772696, -0.4078931224143171, 0.09494452272001117], [0.07720695156683204, 0.133607039078727, 0.7692451572179236]]	[[-0.04835839096158388, -0.03403828467876921, 0.05036010783242205], [-0.04486610960520552, 0.007594093918263118, -0.08980184750287354], [0.01630150764297881, -0.11492630455866606, -0.017576100935207565]]	0.3978992311809347	[[-0.6655911561337942, 0.665591156133794, 0.0], [-0.7071067811865475, -0.7071067811865476, 0.0], [0.0, 0.0, 0.9412880399999999]]
4	[[-0.3195682178843842, -0.5708200961323295, -0.7563336379995778], [0.910087742671785, 0.03735879733279218, -0.41272826520656647], [0.2638493031197415, -0.8202248094963509, 0.507557688474819]]	0.6306980964856099	0.3693019035143899	[[-0.2015510667169798, -0.3600151480663932, -0.47701818579437005], [0.5739906069379805, 0.02356212236478376, -0.2603069312315895], [0.16640925323667574, -0.5173142260396205, 0.32011566797770463]]	0.7577512102948842	0.38724222929123875	[[-0.271776516177786, -0.3990599671586078, -0.5136796078071211], [0.7794799618250841, 0.03240324286840998, -0.23394190083588057], [0.20727794556799362, -0.513679607807121, 0.30435554052596414]]	[[-0.029623312304114538, 0.03347965154630705, 0.059433121773791904], [0.08985987334099972, 0.00409456897432532, 0.07880344164730316], [0.007345816793547689, 0.10784673430262989, -0.08024691221030375]]	0.7108253318786042	[[0.0, 0.0, -0.8860231742470415], [1.0, 1.7938038903913487e-16, 0.0], [1.76915314396417e-16, -0.8860231742470415, 0.0]]
4	[[0.5319609947059123, -0.8460851799387872, 0.03402011756955908], [-0.703274286200726, -0.4190807785627857, 0.5742617690636116], [-0.47161719485230363, -0.3294103357928521, -0.8179645788128509]]	0.6409132256183946	0.35908677438160547	[[0.340940837020136, -0.5422671818224879, 0.021803943287423105], [-0.45073779126338137, -0.2685944135833431, 0.36805196275988494], [-0.3022656976098889, -0.21112344086503537, -0.5242443166485359]]	0.7695913910519308	0.39681861608698876	[[0.5034467901847747, -0.6579143148390396, 0.10062877474681414], [-0.5176652788122633, -0.3734985560455851, 0.32762655374688776], [-0.2757091984330302, -0.11520429543222038, -0.5967769831802899]]	[[0.0940541882836828, -0.006774444261525346, 0.07444718514270697], [0.023568557396007026, -0.050977596708324614, -0.11432035993471966], [0.08724333459736361, 0.13830706311748428, 0.032721514859498646]]	0.6638344524929257	[[0.6655911561337942, -0.665591156133794, 0.0], [-0.7071067811865475, -0.7071067811865476, 0.0], [0.0, 0.0, -0.9412880399999999]]
4	[[-0.8305561570912853, 0.32773595720904825, 0.4502950280316503], [-0.5100865793185324, -0.772219296347621, -0.37879947194723407], [0.22358030216652452, -0.5443036842615101, 0.808545204538665]]	0.6342049715391976	0.36579502846080236	[[-0.5267428439697839, 0.20785177341413613, 0.285579345437055], [-0.3234994445192365, -0.48974531686216216, -0.2402365083253587], [0.14179573917224592, -0.34520010258575146, 0.5127833884325986]]	0.7854853193691789	0.3611827654772017	[[-0.6357640702995832, 0.2598087231355155, 0.1958863013130809], [-0.5650870619047437, -0.6244311620223628, -0.3023983255212448], [0.17131571792569958, -0.2832146015339817, 0.6158915691532106]]	[[0.01662559800730294, 0.0023769401184027417, -0.15781383259071327], [-0.1644215422427944, -0.017864241407709307, -0.004856901321895398], [-0.004303327126230434, 0.14432795173199117, -0.019208819058260513]]	0.668939244502053	[[-0.8860231742470415, 0.0, 0.0], [0.0, -0.7071067811865476, -0.7071067811865475], [0.0, -0.626512994798513, 0.6265129947985131]]
