4	[[0.8489524140446696, -0.5135124485683378, 0.12483895166604869], [0.522794976890395, 0.7815435453534784, -0.34040431673891397], [0.0772347773085365, 0.35425224329800037, 0.9319550081910795]]	0.8282058299553473	0.1717941700446527	[[0.7031073386664612, -0.42529400365894265, 0.10339234757533534], [0.43298184773199616, 0.6472789206257222, -0.28192483966513515], [0.06396629284223292, 0.293393773174164, 0.7718505710399357]]	0.9182439266093688	0.13846187385494066	[[0.7738373720666383, -0.48291854887438207, 0.05915259489802679], [0.5037709188316831, 0.6713526797126724, -0.28965389904355776], [0.02450366505201105, 0.2965433457395653, 0.8569813254132683]]	[[-0.005708026110241953, -0.011388861738200045, -0.05548001427360298], [0.02371760644019251, -0.04629493418891285, 0.02292029739356192], [-0.04641670013457969, -0.028746625156568006, 0.0012192992686250591]]	0.4294024510936929	[[0.7015913482932925, -0.7015913482932924, 0.0], [0.7071067811865475, 0.7071067811865476, 0.0], [0.0, 0.0, 0.9922]]
4	[[0.8592155572171323, 0.2624339665249735, -0.4391776855101157], [-0.4266000482917053, 0.8413623931712975, -0.33184593135155627], [0.2824199444684594, 0.4724804086637203, 0.8348660002631537]]	0.745654743226638	0.254345256773362	[[0.6406781556930736, 0.1956851319231272, -0.32747492431991454], [-0.3180963494694229, 0.6273658592406934, -0.24744249273274924], [0.2105877711747105, 0.3523072578017633, 0.6225217930548721]]	0.818935160039951	0.2665639377446658	[[0.6759809737073144, 0.2689552660522857, -0.27800656562461545], [-0.33314454668520455, 0.6905572074031489, -0.34984758130287674], [0.14447243119947828, 0.39594619869074693, 0.6733124242213118]]	[[-0.027660856151113696, 0.054038863676237316, 0.0816514825445865], [0.016213232135613993, 0.0015359612998160858, -0.07808728040288344], [-0.08681119122227361, 0.009015379605981616, -0.010388697316108007]]	0.49003180501702326	[[0.6853018322545423, 0.48458157274675273, -0.4845815727467526], [-0.7071067811865475, 0.5000000000000001, -0.5], [0.0, 0.6853018322545422, 0.6853018322545423]]
4	[[-0.8305561570912853, 0.32773595720904825, 0.4502950280316503], [-0.5100865793185324, -0.772219296347621, -0.37879947194723407], [0.22358030216652452, -0.5443036842615101, 0.808545204538665]]	0.6842144110862322	0.31578558891376785	[[-0.568278491898258, 0.2242416649535715, 0.30809834741973396], [-0.34900858847142036, -0.5283635710799122, -0.2591800576181525], [0.15297686477735045, -0.37242042477905557, 0.5532182809600197]]	0.8157546884184363	0.3261578710614681	[[-0.6757956280069239, 0.26522260034762424, 0.20513426400535606], [-0.5576574652021713, -0.6320533555460247, -0.3036458608393908], [0.18663217453955502, -0.30340192495757096, 0.6523174175622641]]	[[0.0017344511350911077, -0.0021295433089609742, -0.16219601628297384], [-0.14155194662375586, -0.0021118440632670317, 0.0053615843719933285], [0.00424549480920199, 0.1406163574021842, -0.007257123838395446]]	0.6410602778145149	[[-0.9691631454935055, 0.0, 0.0], [0.0, -0.7071067811865476, -0.7071067811865475], [0.0, -0.6853018322545422, 0.6853018322545423]]
4	[[-0.30792515101507295, 0.09349718223056193, 0.9468053539599837], [0.3027085282091916, -0.9338174967034747, 0.1906631317268273], [0.9019698710720718, 0.34531602882779927, 0.2592434992682147]]	0.747533815210636	0.25246618478936417	[[-0.23018446293760866, 0.069892305344256, 0.7077690185075631], [0.2262848609890134, -0.6980601560211939, 0.14252713827976327], [0.6742529789275512, 0.25813540848303074, 0.19379328207652427]]	0.8603453216876534	0.24843668753069217	[[-0.2648223335819646, 0.0827279283738413, 0.7572993584622747], [0.24309893207207467, -0.8496923190002327, 0.11977590992641222], [0.6927056115164405, 0.27293805821444533, 0.18209440520812334]]	[[9.962952381756332e-05, 0.002288065050799348, -0.05728019836601999], [-0.01733493400765845, -0.046286804401322656, -0.04426022347308045], [-0.08329994736363254, -0.024152971691310608, -0.04094452656522176]]	0.46742778569683235	[[0.0, 0.0, 0.9922], [0.0, -1.0, 0.0], [0.9922, 0.0, 0.0]]
4	[[0.04673222253661188, -0.9725397674033924, -0.22799671093185395], [-0.8377629715199755, -0.16246744520517667, 0.5213036857710898], [-0.5440306084466285, 0.16664552219444034, -0.8223502702654952]]	0.6371395403473633	0.36286045965263664	[[0.0297749467863875, -0.619643540372929, -0.14526571960383206], [-0.5337719145942784, -0.10351443335943655, 0.3321431907335785], [-0.3466234118005813, 0.10617645141191205, -0.5239518732014876]]	0.8086600048052981	0.3235707445408796	[[-0.029520484256127175, -0.8985303674601549, -0.15292923506839018], [-0.6742221513568144, -0.14361940132976878, 0.28843232987092937], [-0.3262243039501944, 0.04025085753968834, -0.632447257053917]]	[[-0.06731096355714587, -0.1120763544783841, 0.03144258628935499], [0.0032432572182298502, -0.012238476309446258, -0.13312511116973977], [0.11371149049048543, -0.0945087112388492, 0.03255451645061636]]	0.6126000739351869	[[1.9503745239402268e-16, -0.976782045448, 0.0], [-1.0, -1.7938038903913487e-16, 0.0], [0.0, 0.0, -0.976782045448]]
4	[[0.034229894132735264, 0.2773841392786001, 0.9601491309293217], [-0.1827544195208179, -0.9427759796974285, 0.2788803941677556], [0.9825625356654255, -0.18501754344446375, 0.018422055382213542]]	0.8677619868390116	0.13223801316098843	[[0.02970340094191138, 0.2407034118180272, 0.8331809175169784], [-0.15858733818699522, -0.8181051572863364, 0.24200180493345835], [0.8526304181426069, -0.16055119109944105, 0.015985959380127934]]	0.9321633600779635	0.12276345241042341	[[0.011575147801512826, 0.2430983180022252, 0.8849210948745901], [-0.16342064110248095, -0.8279534513570729, 0.2519364699907561], [0.9190142230025209, -0.16558480889791075, 0.0]]	[[-0.020332705328370653, -0.015469013300048452, -0.010094745188422953], [0.006936332667142421, 0.05086777367847605, -0.00802561529652589], [0.003105428269914059, 0.0068817660726511656, -0.017172365044626513]]	0.341656258876984	[[0.0, 0.0, 0.9922], [0.0, -1.0, 0.0], [0.9922, 0.0, 0.0]]
4	[[-0.5446221603179724, 0.8109226453022452, -0.2139887049042392], [-0.8354447797583356, -0.5021691245819775, 0.22328947644507607], [0.07361197229480154, 0.30038414347728, 0.9509735242804028]]	0.7486650997139289	0.25133490028607114	[[-0.40773960396087006, 0.6071094831054884, -0.16020587509478676], [-0.6254683493432557, -0.3759564977284225, 0.16716903814782386], [0.05511071457822657, 0.22488712472890096, 0.7119606883806943]]	0.8487952049511224	0.2360471947878731	[[-0.5087213004023022, 0.6460975127573955, -0.14456860952327116], [-0.7358971660030208, -0.40839999445367725, 0.09493801742116931], [0.06817094934392359, 0.1684080877701652, 0.7985204607179448]]	[[-0.046448622214285924, -0.04220974016143007, 0.037063977113147836], [-0.02677564294269884, 0.017838750566007935, -0.09458901950145783], [0.0056894602331011915, -0.08655653285669997, -0.008661306726730673]]	0.3845184393830175	[[-0.6961189357766048, 0.6961189357766047, 0.0], [-0.7071067811865475, -0.7071067811865476, 0.0], [0.0, 0.0, 0.9844608399999999]]
4	[[0.5319609947059123, -0.8460851799387872, 0.03402011756955908], [-0.703274286200726, -0.4190807785627857, 0.5742617690636116], [-0.47161719485230363, -0.3294103357928521, -0.8179645788128509]]	0.6704158448486749	0.3295841551513254	[[0.3566350796923057, -0.567228910722605, 0.022807625862247174], [-0.4714862247436086, -0.2809583942200104, 0.3849941890710758], [-0.31617964013206923, -0.2208419085724507, -0.5483764141611079]]	0.7938231190707165	0.3628465068992538	[[0.5189356615311251, -0.7167750948512323, 0.08891367371597098], [-0.5103667844738333, -0.3933851852080576, 0.3266877365763373], [-0.3042450458342145, -0.1012823422562333, -0.6326035082801378]]	[[0.09665272548971691, -0.045133118312715687, 0.06190771787575115], [0.047908602960258735, -0.06070917442676272, -0.12917453210480626], [0.07013558679082295, 0.16021119795698063, 0.01671568496244454]]	0.6486990653069108	[[0.6961189357766048, -0.6961189357766047, 0.0], [-0.7071067811865475, -0.7071067811865476, 0.0], [0.0, 0.0, -0.9844608399999999]]
4	[[0.8787972042104137, -0.3840163418041313, 0.28327887866788265], [-0.395223040501579, -0.9183905790867732, -0.018907472103605397], [0.2674214316928388, -0.09534250611366366, -0.9588511794847616]]	0.7217834851890078	0.27821651481099213	[[0.6343013088293487, -0.27717665355691923, 0.2044660163253384], [-0.28526546360022614, -0.6628791529380026, -0.013647101111054244], [0.19302037298149136, -0.06881664634937443, -0.6920829461061022]]	0.8585847354088489	0.23491902470581805	[[0.7017175178461729, -0.31838273516754645, 0.15439564333572323], [-0.3591503509957275, -0.8407308486196807, -0.025359394334292674], [0.13982082625723127, -0.060152051708231284, -0.8232549862343868]]	[[-0.05280434720886136, 0.011327834053027758, -0.08882327775225625], [-0.019817881339198467, -0.05221471627248412, -0.009125727400968436], [-0.08978313291542027, 0.021707568676585187, 0.0]]	0.4710992274752729	[[0.6961189357766048, -0.6961189357766047, 0.0], [-0.7071067811865475, -0.7071067811865476, 0.0], [0.0, 0.0, -0.9844608399999999]]
4	[[-0.42203838922340475, -0.825029846081567, 0.3757783270710803], [0.2588054115689476, 0.28760896992378115, 0.9221175843470338], [-0.8688517462515349, 0.4864224845687207, 0.09214016247897017]]	0.7642280040190587	0.23577199598094142	[[-0.3225335558156212, -0.6305109125270673, 0.28718032085115275], [0.19778634311266782, 0.2197988290228288, 0.7047080809564094], [-0.6640008358262841, 0.37173768449194483, 0.07041609246129514]]	0.8751289625762817	0.20396971469345757	[[-0.29549145135222926, -0.674035312119053, 0.3484051237592178], [0.2548060352813952, 0.2315883241362764, 0.8300133625698493], [-0.7830945973728034, 0.3957181443989869, 0.022169873668645496]]	[[0.0738465663762139, 0.04797220117677833, 0.019550626230852592], [0.02831792394593443, -0.02010661534075525, 0.02304155760688277], [-0.022737270043106935, -0.029964259895415072, -0.0584646511331857]]	0.48253718542594126	[[-0.4845815727467526, -0.48458157274675273, 0.6853018322545423], [0.5, 0.5000000000000001, 0.7071067811865475], [-0.6853018322545423, 0.6853018322545422, 0.0]]
4	[[0.3802729664721569, 0.7767473726770865, -0.5020517802076895], [0.4287143634067757, 0.332951791095048, 0.839849450446521], [0.8195098935212374, -0.5346088512602871, -0.20639019011321075]]	0.7779084003134683	0.2220915996865319	[[0.2958175350308128, 0.6042383061269218, -0.3905502972158927], [0.33350050462917175, 0.2590059951922528, 0.6533259425009985], [0.6375036303101664, -0.4158767162773109, -0.1605526626313604]]	0.8781522842145619	0.2069765887936543	[[0.3431307583895512, 0.6472145133266635, -0.44087791758336964], [0.404152759860356, 0.3019509105332117, 0.7209194024534052], [0.6956226243537031, -0.4528512296725176, -0.08876179451142736]]	[[0.009193184256979183, -0.034887966247379776, 1.4805999552543421e-18], [0.027676262359104104, 0.009568534649765712, -0.016596310852551643], [-0.024031860578403973, 0.01661675422302648, 0.09248022237596638]]	0.36883456802683334	[[0.4845815727467526, 0.48458157274675273, -0.6853018322545423], [0.5, 0.5000000000000001, 0.7071067811865475], [0.6853018322545423, -0.6853018322545422, 0.0]]
4	[[-0.3195682178843842, -0.5708200961323295, -0.7563336379995778], [0.910087742671785, 0.03735879733279218, -0.41272826520656647], [0.2638493031197415, -0.8202248094963509, 0.507557688474819]]	0.6778433930993696	0.32215660690063047	[[-0.2166172051374696, -0.38692663081164663, -0.512675759496824], [0.6168969635107886, 0.025323413946171575, -0.27976512771563555], [0.1788485068935897, -0.5559839679732905, 0.34404462574944406]]	0.7819854400469982	0.33307545183162723	[[-0.2412056424852921, -0.4045506710932664, -0.5721479652278363], [0.7934593135566923, 0.05784585474641732, -0.23050122400633782], [0.20365850271136854, -0.5918827538145534, 0.308977233903406]]	[[0.008692051002063023, 0.041822332968443156, 0.019293927505610688], [0.08178394962211702, 0.02863181917450712, 0.09224627008105327], [-0.002667810694816447, 0.04952110477691602, -0.08792548846781255]]	0.7078982254596148	[[-0.4845815727467526, -0.48458157274675273, -0.6853018322545423], [0.5, 0.5000000000000001, -0.7071067811865475], [0.6853018322545423, -0.6853018322545422, 0.0]]
4	[[0.08740825448676931, -0.06334395238859675, -0.994156597696443], [0.7119981850616444, -0.6940087028176986, 0.10681996481098455], [-0.6967197295301035, -0.717174639895393, -0.015561310176609944]]	0.9258223446467666	0.07417765535323348	[[0.08092451511042204, -0.05864524651960378, -0.9204123922253731], [0.6591838290780142, -0.6425287644479427, 0.0988963102763908], [-0.6450386935552215, -0.6639763066291532, -0.014407008673484607]]	0.961235428968959	0.06144365945403181	[[0.06462636415324645, -0.06392914536860786, -0.9378217160394514], [0.682829884570115, -0.668564523905803, 0.09430350410801504], [-0.6790195748579995, -0.6931500545061727, 0.0]]	[[-0.019393546843771193, -0.0030406941217657616, 0.01779682760960958], [-0.0015679962727350389, -0.0014587707446416672, -0.00837563058952081], [-0.009307886771993257, -0.0037763818806659582, 0.014958082662932685]]	0.1203468258436173	[[0.0, 0.0, -0.976782045448], [0.7071067811865475, -0.7071067811865476, 0.0], [-0.6906892080775473, -0.6906892080775472, 0.0]]
4	[[0.22433838825039393, -0.7661379269479729, -0.6022499185961573], [-0.9416906372873723, -0.011392912655017143, -0.3362869982418849], [0.2507808429735371, 0.642575192824231, -0.724020780340167]]	0.6300376890174892	0.3699623109825108	[[0.1413416396911864, -0.4826957689629508, -0.37944014692329386], [-0.5933005928859427, -0.00717796436034503, -0.21187348321894567], [0.15800138275690517, 0.4048465895069461, -0.45616037924615815]]	0.7847520204789612	0.3552618056445236	[[0.23284892990164724, -0.5958190679401733, -0.37156691376425244], [-0.8363158229486125, -0.01633010029828756, -0.15692002803292382], [0.15208110795931756, 0.37156691376425244, -0.5401871447301801]]	[[0.056798926451157, 0.005409218197811252, 0.10104992668737194], [-0.09732219267122656, -0.007389489073122649, 0.10698187329820023], [-0.044719665261582775, -0.13269526711422097, 0.02798962551051998]]	0.747073691689445	[[1.9351616026534928e-16, -0.9691631454935055, 0.0], [-1.0, -1.7938038903913487e-16, 0.0], [0.0, 0.0, -0.9691631454935055]]
