4	[[0.8787972042104137, -0.3840163418041313, 0.28327887866788265], [-0.395223040501579, -0.9183905790867732, -0.018907472103605397], [0.2674214316928388, -0.09534250611366366, -0.9588511794847616]]	0.5956445819140519	0.4043554180859483	[[0.5234507932891497, -0.22873725336208545, 0.16873352924921242], [-0.2354124627223635, -0.5470343725139449, -0.011262133316203626], [0.1592881268755382, -0.05679024719271111, -0.5711345099219964]]	0.7977048411891532	0.3587078747021784	[[0.558498882971207, -0.2373524094385544, 0.2276902497040071], [-0.34549923767884827, -0.8472884167249447, -0.02317913779525827], [0.2043489159451824, -0.07605517869797593, -0.6486517172760018]]	[[-0.14252190125093295, 0.0689792855143497, 0.0017173167840023938], [-0.03022790492124195, -0.11468380568491598, -0.008096555763563384], [-0.008974454753929502, 0.0, 0.11622851057892222]]	0.508338945795665	[[0.601100160978185, -0.6011001609781849, 0.0], [-0.7071067811865475, -0.7071067811865476, 0.0], [0.0, 0.0, -0.8500839999999998]]
4	[[0.22433838825039393, -0.7661379269479729, -0.6022499185961573], [-0.9416906372873723, -0.011392912655017143, -0.3362869982418849], [0.2507808429735371, 0.642575192824231, -0.724020780340167]]	0.4770160239976541	0.5229839760023459	[[0.10701300599324493, -0.3654600677465272, -0.2872828616216498], [-0.4492015236346395, -0.005434601896448819, -0.16041428682345005], [0.1196264806100167, 0.3065186636005407, -0.3453695139295453]]	0.700536139516715	0.4874269597410964	[[0.1892579564419128, -0.4286941660208227, -0.33884877373661293], [-0.81398076539959, 0.04522200123408718, -0.20475080082922148], [0.1479616934581926, 0.3388487737366128, -0.359125684907887]]	[[0.03210080799157993, 0.10801313966064918, 0.08304905926099505], [-0.15429244173525913, 0.05320314828328388, 0.030830394688812903], [-0.027719350143236572, -0.11129837119368266, 0.14807703748149315]]	0.7317097914176738	[[1.5649955628709038e-16, -0.7837774479999998, 0.0], [-1.0, -1.7938038903913487e-16, 0.0], [0.0, 0.0, -0.7837774479999998]]
4	[[-0.30792515101507295, 0.09349718223056193, 0.9468053539599837], [0.3027085282091916, -0.9338174967034747, 0.1906631317268273], [0.9019698710720718, 0.34531602882779927, 0.2592434992682147]]	0.612826458016654	0.387173541983346	[[-0.1887046796308105, 0.057297547020892924, 0.5802273714985012], [0.1855077951538733, -0.5722680689387689, 0.11684341169051432], [0.5527510013268359, 0.211618798842917, 0.15887127542038304]]	0.8014910505449447	0.29827315106155733	[[-0.17798727967569475, 0.07334098750065354, 0.7314929335609528], [0.26102554668996375, -0.8370654503533602, 0.13233325284610625], [0.6725304194477, 0.24606792044508963, 0.10464629217504123]]	[[0.06881197310058686, -0.0015961673083116842, -0.027363084246012852], [0.018407370406664708, -0.08861908390324205, -0.020481540901817766], [-0.05039036007774334, -0.030699786270111624, -0.10313505240038778]]	0.48195671525046263	[[0.0, 0.0, 0.9219999999999999], [0.0, -1.0, 0.0], [0.9219999999999999, 0.0, 0.0]]
4	[[0.08740825448676931, -0.06334395238859675, -0.994156597696443], [0.7119981850616444, -0.6940087028176986, 0.10681996481098455], [-0.6967197295301035, -0.717174639895393, -0.015561310176609944]]	0.6417488806706686	0.3582511193293314	[[0.05609414947826115, -0.040650910542638086, -0.6379988837830525], [0.4569240383028579, -0.4453793082089607, 0.06855159285072954], [-0.44711910656711484, -0.4602460223982583, -0.009986453387608514]]	0.8495192128391246	0.2498511773250311	[[0.048263515947296075, -0.04826351594729608, -0.747906274775231], [0.6733958703179821, -0.6650497643010119, 0.09445180683184602], [-0.5366059777841315, -0.5437008689714616, 0.0]]	[[-0.025991475599946072, 0.0055483886239836, 0.0966488555386735], [0.06853973260152876, -0.07547603737981869, 0.0037061944101154406], [0.055270818415769724, 0.0655527665806553, 0.013219631971979137]]	0.256948642341297	[[0.0, 0.0, -0.7837774479999998], [0.7071067811865475, -0.7071067811865476, 0.0], [-0.5542143484218865, -0.5542143484218864, 0.0]]
4	[[0.3802729664721569, 0.7767473726770865, -0.5020517802076895], [0.4287143634067757, 0.332951791095048, 0.839849450446521], [0.8195098935212374, -0.5346088512602871, -0.20639019011321075]]	0.5657968930108211	0.43420310698917913	[[0.2151572629259546, 0.43948125011501393, -0.2840593373720624], [0.24256525480466584, 0.18838308892396616, 0.4751842096594872], [0.463676151545945, -0.3024800270191547, -0.11677492831396732]]	0.7570553458663399	0.37335397384070446	[[0.3009189950453935, 0.4432211745242679, -0.35850399385843895], [0.4106309868616733, 0.312533968695441, 0.7127887530872413], [0.5450166805053962, -0.38613726147735056, -0.03942646249152714]]	[[0.013031312889195582, -0.14481957634855477, 0.021576990249505126], [0.08607048619488898, 0.06047103533116203, 0.07697623690379472], [-0.07539766537521157, 0.01859122731671287, 0.11682233426804928]]	0.45554658783678	[[0.36132140352799985, 0.3613214035279999, -0.5109856292449794], [0.5, 0.5000000000000001, 0.7071067811865475], [0.5109856292449794, -0.5109856292449793, 0.0]]
4	[[0.5319609947059123, -0.8460851799387872, 0.03402011756955908], [-0.703274286200726, -0.4190807785627857, 0.5742617690636116], [-0.47161719485230363, -0.3294103357928521, -0.8179645788128509]]	0.5587727891779044	0.4412272108220957	[[0.2972453287456751, -0.47276937587648526, 0.019009515982502792], [-0.3929705344574794, -0.2341709355283755, 0.32088185041791184], [-0.26352685539188087, -0.18406553211500204, -0.4570563491519864]]	0.7164025574122562	0.4720001447280545	[[0.4382453755107733, -0.564442650131227, 0.08801103927886833], [-0.520901574386389, -0.34637046301810304, 0.3356270822260641], [-0.2441957436749125, -0.10921535422354371, -0.5105571994710818]]	[[0.05714715845989011, 0.041694936565529105, 0.06363894004857056], [-0.017074077189910032, -0.04613992149340398, -0.07577551775519373], [0.09367202083687212, 0.1267750527764856, 0.07543471666308363]]	0.698090346199122	[[0.601100160978185, -0.6011001609781849, 0.0], [-0.7071067811865475, -0.7071067811865476, 0.0], [0.0, 0.0, -0.8500839999999998]]
4	[[-0.5446221603179724, 0.8109226453022452, -0.2139887049042392], [-0.8354447797583356, -0.5021691245819775, 0.22328947644507607], [0.07361197229480154, 0.30038414347728, 0.9509735242804028]]	0.607718260452006	0.392281739547994	[[-0.3309768318720517, 0.4928124993642196, -0.1300448435007819], [-0.5077150482584449, -0.30517734684366604, 0.13569709220244083], [0.04473533975143806, 0.1825489291413784, 0.5779239759115998]]	0.7704396857869013	0.3290129881850618	[[-0.44436690808327234, 0.5910430101043336, -0.0890526983150494], [-0.7322756903736528, -0.3949992737088668, 0.10411025332861222], [0.06970425675928248, 0.09458296726446651, 0.7076922657453604]]	[[-0.024768382015310352, -0.033723977939810974, 0.07581269225331862], [-0.08861587676433372, -0.008108251154044845, -0.06792082074325387], [0.01299067195432151, -0.13684489785153656, -0.02497547749289529]]	0.43383130714135487	[[-0.601100160978185, 0.6011001609781849, 0.0], [-0.7071067811865475, -0.7071067811865476, 0.0], [0.0, 0.0, 0.8500839999999998]]
4	[[0.8592155572171323, 0.2624339665249735, -0.4391776855101157], [-0.4266000482917053, 0.8413623931712975, -0.33184593135155627], [0.2824199444684594, 0.4724804086637203, 0.8348660002631537]]	0.5603395430004868	0.4396604569995132	[[0.4814524526699565, 0.14705212887040872, -0.24608862359474978], [-0.23904087610375976, 0.4714486188874007, -0.185946397520102], [0.1582510626176794, 0.2647494562673124, 0.4678084330540999]]	0.7455511424664036	0.44930916812719024	[[0.46800891910339554, 0.18966718723039358, -0.28702331016514876], [-0.3535574446912013, 0.7495369734912221, -0.2511137907793023], [0.23902535657151336, 0.3126946366265164, 0.4650472346129872]]	[[-0.17258022120474503, -0.005990756334290323, 0.04040611501266888], [-0.035505291311097566, 0.12225828003409381, -0.0037056775373217753], [0.028466844317755216, -0.039563671845713494, -0.15738806568956384]]	0.6017416056775192	[[0.5109856292449794, 0.3613214035279999, -0.36132140352799985], [-0.7071067811865475, 0.5000000000000001, -0.5], [0.0, 0.5109856292449793, 0.5109856292449794]]
4	[[0.8489524140446696, -0.5135124485683378, 0.12483895166604869], [0.522794976890395, 0.7815435453534784, -0.34040431673891397], [0.0772347773085365, 0.35425224329800037, 0.9319550081910795]]	0.684383444239373	0.3156165557606271	[[0.5810089771192212, -0.35143941821099284, 0.08543771171644302], [0.35779222691529194, 0.5348754633920642, -0.23296707872372843], [0.05285820290947719, 0.24244437039780986, 0.6378145783819441]]	0.8285132019013581	0.25796372244084054	[[0.6638734881686562, -0.4114631627699098, 0.04906727532733317], [0.47652793129117943, 0.6266555828254059, -0.263902827365721], [0.028360031821732756, 0.22754832805828973, 0.7320178061153587]]	[[-0.03949479465338052, 0.013988680209650155, -0.05436344423951372], [0.04338539104977175, -0.02086356236074393, 0.018126643036680653], [-0.03563000082430118, -0.06595433231727545, -0.040119221749038904]]	0.453784102904766	[[0.6519524522539968, -0.6519524522539967, 0.0], [0.7071067811865475, 0.7071067811865476, 0.0], [0.0, 0.0, 0.9219999999999999]]
4	[[0.034229894132735264, 0.2773841392786001, 0.9601491309293217], [-0.1827544195208179, -0.9427759796974285, 0.2788803941677556], [0.9825625356654255, -0.18501754344446375, 0.018422055382213542]]	0.7702959352454924	0.22970406475450772	[[0.026367148314329514, 0.21366787498787523, 0.7395989727843487], [-0.1407749865050355, -0.7262165050080163, 0.21482043404708293], [0.7568639273475813, -0.14251826166437676, 0.01419043437978644]]	0.8745136862840919	0.19309321164731708	[[0.009204357084374368, 0.21352499963642194, 0.7883885424376114], [-0.168037255237228, -0.8239597883977401, 0.25696141113597726], [0.8179873713476747, -0.14587967498865884, 0.0]]	[[-0.020730153814758158, -0.029051226520846678, -0.051275013433857104], [-0.008216014137368157, 0.0005107089475541657, 0.0130766895999727], [-0.04127701372174114, 0.015920698956186256, -0.01611033956122926]]	0.37299791668973736	[[0.0, 0.0, 0.9219999999999999], [0.0, -1.0, 0.0], [0.9219999999999999, 0.0, 0.0]]
4	[[-0.3195682178843842, -0.5708200961323295, -0.7563336379995778], [0.910087742671785, 0.03735879733279218, -0.41272826520656647], [0.2638493031197415, -0.8202248094963509, 0.507557688474819]]	0.5154002427963736	0.4845997572036264	[[-0.16470553708761604, -0.29420081613965193, -0.38981454066004684], [0.4690594435390416, 0.019254733215901605, -0.21272024809639037], [0.13598799488956878, -0.4227440659620285, 0.26159535587308785]]	0.689348659811386	0.4887160075636509	[[-0.2293412398999507, -0.3659787124544618, -0.3987731985180334], [0.7893508098180313, 0.01263017036134964, -0.21588077804072237], [0.1560046914327808, -0.39877319851803333, 0.30497027299970214]]	[[-0.009047317183037473, 0.027515355807766175, 0.12260438120724546], [0.1619830440964667, -0.01312306651217579, 0.0686328984457025], [-0.02587947206498103, 0.1666476746523255, -0.04491393932737926]]	0.729210426354926	[[0.0, 0.0, -0.7226428070559998], [1.0, -1.7938038903913487e-16, 0.0], [-1.4429259089669733e-16, -0.7226428070559998, 0.0]]
4	[[0.04673222253661188, -0.9725397674033924, -0.22799671093185395], [-0.8377629715199755, -0.16246744520517667, 0.5213036857710898], [-0.5440306084466285, 0.16664552219444034, -0.8223502702654952]]	0.5342889223812632	0.46571107761873665	[[0.02496850881956772, -0.5196172242988829, -0.12181611699025269], [-0.4476074752643326, -0.08680455622071077, 0.27852678450401613], [-0.29066952752937214, 0.0890368564729304, -0.43937263972009205]]	0.7103650715664032	0.4562914685166653	[[-0.0036882345842951143, -0.7164635862978582, -0.11324038926717495], [-0.6732445044213442, -0.15147917845608413, 0.2812072227567723], [-0.24850899464086626, 0.021214038743424157, -0.5169723335367911]]	[[-0.03688517319097239, -0.025605304825174223, 0.04872051061083604], [-0.0781269512018744, -0.03606798011569824, -0.08910870729383771], [0.13795134746263696, -0.09716511955645007, 0.06719657505300858]]	0.6795785172387031	[[1.5649955628709038e-16, -0.7837774479999998, 0.0], [-1.0, -1.7938038903913487e-16, 0.0], [0.0, 0.0, -0.7837774479999998]]
4	[[-0.42203838922340475, -0.825029846081567, 0.3757783270710803], [0.2588054115689476, 0.28760896992378115, 0.9221175843470338], [-0.8688517462515349, 0.4864224845687207, 0.09214016247897017]]	0.5537528161207848	0.44624718387921536	[[-0.2337049465435402, -0.4568626006513652, 0.20808830685276802], [0.14331422548360342, 0.15926427703689192, 0.5106252091266652], [-0.4811291012782489, 0.26935782065439806, 0.05102287445055638]]	0.7526459361092954	0.39619496789691655	[[-0.22716165453628193, -0.4957694109320745, 0.2742146540129125], [0.2687443769899988, 0.23570034916260874, 0.8288859042892276], [-0.5757237068097271, 0.2974793838079037, 0.02377570888841795]]	[[0.09048382399482671, 0.12518594989009435, -0.008613376735085741], [0.0739555357295367, 0.019232626760894198, 0.13485785181551233], [0.07821402908795538, -0.0686245224349304, -0.045573209953829116]]	0.5696780465496625	[[-0.36132140352799985, -0.3613214035279999, 0.5109856292449794], [0.5, 0.5000000000000001, 0.7071067811865475], [-0.5109856292449794, 0.5109856292449793, 0.0]]
4	[[-0.8305561570912853, 0.32773595720904825, 0.4502950280316503], [-0.5100865793185324, -0.772219296347621, -0.37879947194723407], [0.22358030216652452, -0.5443036842615101, 0.808545204538665]]	0.5401496802880785	0.4598503197119214	[[-0.44862464271415275, 0.17702647250537476, 0.2432267154266073], [-0.27552310273814495, -0.4171140060344525, -0.20460841366559146], [0.12076682873396025, -0.29400546103347797, 0.436735433730019]]	0.7289927478749672	0.4324635635636327	[[-0.49196978750658205, 0.18018277621492718, 0.25863496109814144], [-0.44593079326450424, -0.6756731015917524, -0.2702798668221176], [0.1587521413696661, -0.3682032002528314, 0.4657112106459199]]	[[0.11349962771586682, -0.05873435980832954, -0.0696268487410867], [-0.07408137615294492, -0.11273083478522648, 0.005862201126283103], [-0.004236277477424059, 0.028590238215435312, -0.12371237979184876]]	0.6856144132421504	[[-0.601100160978185, 0.6011001609781849, 0.0], [-0.7071067811865475, -0.7071067811865476, 0.0], [0.0, 0.0, 0.8500839999999998]]
