4	[[0.08740825448676931, -0.06334395238859675, -0.994156597696443], [0.7119981850616444, -0.6940087028176986, 0.10681996481098455], [-0.6967197295301035, -0.717174639895393, -0.015561310176609944]]	0.9283561648268465	0.07164383517315373	[[0.08114599190954615, -0.05880574870445204, -0.922931406274776], [0.6609879044475033, -0.6442872577042932, 0.0991669728588643], [-0.6468040560657645, -0.6657934982043618, -0.014446438235238581]]	0.9692964269167519	0.051791628443239396	[[0.06972902531049072, -0.0564043589399267, -0.9461111537758119], [0.6785637936331487, -0.6725111392442658, 0.09005115523630317], [-0.681463795997692, -0.706302477645039, -0.00942196194767417]]	[[-0.014995483446564909, 0.004994707777124981, 0.01752128416706508], [-0.011573503118315618, 0.0001890166460594405, -0.013489054978357347], [-0.0061358516017567775, -0.011147661719126185, 0.00566156040465714]]	0.11233661322871479	[[0.0, 0.0, -0.9928172661760001], [0.7071067811865475, -0.7071067811865476, 0.0], [-0.7020278213921393, -0.7020278213921392, 0.0]]
4	[[0.04673222253661188, -0.9725397674033924, -0.22799671093185395], [-0.8377629715199755, -0.16246744520517667, 0.5213036857710898], [-0.5440306084466285, 0.16664552219444034, -0.8223502702654952]]	0.6460856298458194	0.3539143701541806	[[0.030193017431661796, -0.6283439681729276, -0.14730539858518207], [-0.5412666171159886, -0.10496788166482769, 0.3368068201623616], [-0.35149035831364434, 0.10766727716798048, -0.5313086923183623]]	0.8162004373265527	0.3131503137837317	[[-0.03556302180810229, -0.9086559843026344, -0.16155273166290585], [-0.6788150016503376, -0.1469156616755704, 0.28504189258410534], [-0.3282515463382606, 0.04780051055186507, -0.6443182688450667]]	[[-0.07370588227972655, -0.11486860083052154, 0.024538283508688995], [0.004967502080258632, -0.01430966184777754, -0.14044640372220188], [0.11578647419490815, -0.08821563754174885, 0.026884381381239178]]	0.6080661080909427	[[1.9823926042677634e-16, -0.9928172661760001, 0.0], [-1.0, -1.7938038903913487e-16, 0.0], [0.0, 0.0, -0.9928172661760001]]
4	[[0.8787972042104137, -0.3840163418041313, 0.28327887866788265], [-0.395223040501579, -0.9183905790867732, -0.018907472103605397], [0.2674214316928388, -0.09534250611366366, -0.9588511794847616]]	0.7316775270914996	0.26832247290850053	[[0.6429961651915991, -0.28097612733397087, 0.20726878942096935], [-0.2891758169237789, -0.6719657478103405, -0.013834172432317517], [0.19566625183228464, -0.06975996909995161, -0.7015698598541781]]	0.8630451266320551	0.22927763424348793	[[0.7060275286552238, -0.31921543946406733, 0.15804893970143083], [-0.35798428048685343, -0.8409473632399572, -0.026002752310443054], [0.14270125917995977, -0.06293066734111112, -0.8275318376197215]]	[[-0.05241411573644872, 0.012207992877057754, -0.0864335160106785], [-0.01688896144926235, -0.04833484961432671, -0.009684750654494891], [-0.08809550419951173, 0.019354217921173214, 0.0]]	0.4691508521831161	[[0.7037167415719118, -0.7037167415719117, 0.0], [-0.7071067811865475, -0.7071067811865476, 0.0], [0.0, 0.0, -0.99520576]]
4	[[0.8489524140446696, -0.5135124485683378, 0.12483895166604869], [0.522794976890395, 0.7815435453534784, -0.34040431673891397], [0.0772347773085365, 0.35425224329800037, 0.9319550081910795]]	0.8353704933629097	0.16462950663709047	[[0.7091897969621288, -0.4289731475085281, 0.1042867766441755], [0.4367274977725801, 0.6528784170665326, -0.28436372201705074], [0.0645196540250066, 0.2959318712587681, 0.7785277149846165]]	0.9242193440462186	0.13310529809548002	[[0.7797019139472299, -0.49177764676048064, 0.06751666114897623], [0.5108641220890605, 0.6677756077451765, -0.2911965114436935], [0.026528910572425877, 0.3058299180439136, 0.8637563712907097]]	[[-0.004916329287588695, -0.01717950838508393, -0.047861912871236895], [0.02768689147676163, -0.05454205508497119, 0.023411742883246857], [-0.0448529646492255, -0.021576857883865843, 0.002425524939761868]]	0.42773320047610375	[[0.7054097249116998, -0.7054097249116997, 0.0], [0.7071067811865475, 0.7071067811865476, 0.0], [0.0, 0.0, 0.9976]]
4	[[0.034229894132735264, 0.2773841392786001, 0.9601491309293217], [-0.1827544195208179, -0.9427759796974285, 0.2788803941677556], [0.9825625356654255, -0.18501754344446375, 0.018422055382213542]]	0.8686085693214166	0.13139143067858355	[[0.02973237937065873, 0.24093824037123737, 0.8339937629517196], [-0.1587420548771436, -0.8189032949155804, 0.24223790018984695], [0.8534622383731685, -0.1607078237106587, 0.016001555169504404]]	0.9362121970006365	0.12213758485282618	[[0.012661971427663446, 0.24552329615994983, 0.8923057498624937], [-0.1629225831438771, -0.8281254123539454, 0.2520193773785112], [0.9268562412195775, -0.1673557916307422, 0.0]]	[[-0.019384472961443838, -0.014167118287198993, -0.006597577453098583], [0.008174333467283842, 0.05451295887801188, -0.009071849145686761], [0.0069692110137332475, 0.0058598892010599405, -0.01724695294264954]]	0.3393949899107714	[[0.0, 0.0, 0.9976], [0.0, -1.0, 0.0], [0.9976, 0.0, 0.0]]
4	[[-0.5446221603179724, 0.8109226453022452, -0.2139887049042392], [-0.8354447797583356, -0.5021691245819775, 0.22328947644507607], [0.07361197229480154, 0.30038414347728, 0.9509735242804028]]	0.757254275524791	0.24274572447520898	[[-0.41241745944633273, 0.6140746402749988, -0.16204386170274798], [-0.6326441314368672, -0.3802697166262438, 0.169086910717726], [0.05574298075005092, 0.2274671769480225, 0.7201287671722137]]	0.8644113882802852	0.23111937091635482	[[-0.5506799214506611, 0.6582715118369995, -0.17063784684894617], [-0.7257871408262572, -0.4005285488634272, 0.10830850211689634], [0.1072724776529738, 0.17063784684894617, 0.7790981261754403]]	[[-0.07990232376199459, -0.04269925777663562, 0.014336426633627511], [-0.003619158923837132, 0.033552161267975396, -0.08470546420536991], [0.043641450487574535, -0.08901762763163382, -0.042934218165578096]]	0.3816050888720371	[[-0.7037167415719118, 0.7037167415719117, 0.0], [-0.7071067811865475, -0.7071067811865476, 0.0], [0.0, 0.0, 0.99520576]]
4	[[0.8592155572171323, 0.2624339665249735, -0.4391776855101157], [-0.4266000482917053, 0.8413623931712975, -0.33184593135155627], [0.2824199444684594, 0.4724804086637203, 0.8348660002631537]]	0.7556559085141272	0.24434409148587286	[[0.6492713124983841, 0.19830977739939495, -0.33186721294327814], [-0.3223628470640391, 0.6357804636014772, -0.250761338742177], [0.21341229971982306, 0.3570326124639096, 0.630871425916409]]	0.8254966248834982	0.2573149997983265	[[0.6838173460141025, 0.27092986018123905, -0.2870682516036124], [-0.3316129638428209, 0.6912120417443042, -0.34867542489594955], [0.14710320420509293, 0.4038063272381596, 0.6799253435927531]]	[[-0.025462196516034534, 0.05429150656008449, 0.07547144550913458], [0.020543936197119153, -0.0033297741225047912, -0.07473772858391878], [-0.08603350675340532, 0.013775344562682562, -0.00925372185446597]]	0.482008179129347	[[0.7003429546207982, 0.4952172523685889, -0.49521725236858877], [-0.7071067811865475, 0.5000000000000001, -0.5], [0.0, 0.7003429546207981, 0.7003429546207982]]
4	[[0.22433838825039393, -0.7661379269479729, -0.6022499185961573], [-0.9416906372873723, -0.011392912655017143, -0.3362869982418849], [0.2507808429735371, 0.642575192824231, -0.724020780340167]]	0.6436385342652273	0.3563614657347727	[[0.14439283139290698, -0.49311589234579306, -0.3876312548665832], [-0.6061083815149322, -0.007332917602286881, -0.2164472706408599], [0.1614122141932856, 0.413586155264584, -0.46600767383571123]]	0.7931804591176417	0.33755252960375715	[[0.23544687111001827, -0.6234816563145452, -0.37927003494032957], [-0.824494884476257, 0.02652833603751739, -0.18649351209767362], [0.18470960929115632, 0.3792700349403295, -0.5362973342554687]]	[[0.05750604531985917, -0.015796023670513876, 0.09842283199533283], [-0.07756427244587434, 0.03556497172791094, 0.08024276356311819], [-0.014204854876503038, -0.13040805152160126, 0.03798180070545817]]	0.7515600029168277	[[-1.977634862017521e-16, -0.9904345047371778, 0.0], [-1.0, 1.7938038903913487e-16, 0.0], [0.0, 0.0, -0.9904345047371778]]
4	[[-0.42203838922340475, -0.825029846081567, 0.3757783270710803], [0.2588054115689476, 0.28760896992378115, 0.9221175843470338], [-0.8688517462515349, 0.4864224845687207, 0.09214016247897017]]	0.7748055409041729	0.22519445909582733	[[-0.3269976824445659, -0.639237696155315, 0.2911551299663736], [0.20052386689960552, 0.2228410235106873, 0.7144618137172529], [-0.6731911472199555, 0.37688283626421926, 0.07139070842851686]]	0.8835708215848042	0.18926587661339825	[[-0.3022392332571942, -0.6888793976423969, 0.35947017691560373], [0.2577987511493809, 0.23475216340139143, 0.8293245388254914], [-0.7997762658281192, 0.40418272076989625, 0.022160907285542906]]	[[0.07066157304925691, 0.04009290129187784, 0.027443411731645988], [0.02912584101881255, -0.019370730449323203, 0.014568347226187925], [-0.032084214557258836, -0.025605993557810052, -0.059251451776958106]]	0.4783233601072913	[[-0.49521725236858877, -0.4952172523685889, 0.7003429546207982], [0.5, 0.5000000000000001, 0.7071067811865475], [-0.7003429546207982, 0.7003429546207981, 0.0]]
4	[[-0.8305561570912853, 0.32773595720904825, 0.4502950280316503], [-0.5100865793185324, -0.772219296347621, -0.37879947194723407], [0.22358030216652452, -0.5443036842615101, 0.808545204538665]]	0.6968408139498988	0.3031591860501012	[[-0.5787654285385911, 0.2283797911822024, 0.31378395385116775], [-0.35544914711724573, -0.5381139230146942, -0.26396293235550244], [0.1557998797448853, -0.3792930223767193, 0.5634272984460107]]	0.8231604383816713	0.3210567184915888	[[-0.6827767555388099, 0.2767410923086625, 0.20715337795043717], [-0.5652516278866658, -0.6329371141449849, -0.29482872248631226], [0.18888293817139065, -0.3000297227366388, 0.6655624250194456]]	[[0.0009042148330487672, 0.006961818099025573, -0.1635116747251831], [-0.14536853564221539, 0.00272326036330872, 0.01698401690051858], [0.004840478626487739, 0.14801953661282471, 0.0]]	0.63449369227244	[[-0.9904345047371778, 0.0, 0.0], [0.0, -0.7071067811865476, -0.7071067811865475], [0.0, -0.7003429546207981, 0.7003429546207982]]
4	[[0.5319609947059123, -0.8460851799387872, 0.03402011756955908], [-0.703274286200726, -0.4190807785627857, 0.5742617690636116], [-0.47161719485230363, -0.3294103357928521, -0.8179645788128509]]	0.6772677244112641	0.3227322755887361	[[0.36028001236002566, -0.5730261844752372, 0.02304072761053893], [-0.47630497545212175, -0.28382988524171865, 0.38892896155009904], [-0.31941110435084347, -0.2230989885199753, -0.5539810089415975]]	0.8002364401821148	0.35458929968455766	[[0.5303445940595146, -0.7238447574559945, 0.09369170533329635], [-0.5141399891980707, -0.39391692882148643, 0.3226942764357124], [-0.3061805327609856, -0.10711871843543751, -0.6429017992147815]]	[[0.10465002134031849, -0.046776564970935595, 0.06646756755485542], [0.048645722062816026, -0.05855321843565366, -0.1368509173724358], [0.07122473237629662, 0.15648743603862952, 0.011663263529477219]]	0.6450370664948686	[[0.7037167415719118, -0.7037167415719117, 0.0], [-0.7071067811865475, -0.7071067811865476, 0.0], [0.0, 0.0, -0.99520576]]
4	[[-0.30792515101507295, 0.09349718223056193, 0.9468053539599837], [0.3027085282091916, -0.9338174967034747, 0.1906631317268273], [0.9019698710720718, 0.34531602882779927, 0.2592434992682147]]	0.7567302701762253	0.2432697298237747	[[-0.23301628272169114, 0.07075214797004889, 0.7164762713064352], [0.22906870633638904, -0.7066479665757068, 0.14428056318428725], [0.6825479042271841, 0.2613110917910418, 0.19617740324266622]]	0.8646628563068374	0.24257974561714138	[[-0.2676695144645952, 0.08453408028060792, 0.763596514225259], [0.24305500953071002, -0.8494461464522259, 0.12041414557185877], [0.698501902145312, 0.2767015381363949, 0.18313543418398726]]	[[-0.0014180738591879289, 0.003690539636489352, -0.055070907496386635], [-0.01868581109908846, -0.042008842483298746, -0.04444518249946651], [-0.08139794287857531, -0.021880405678384174, -0.04102279037224678]]	0.4666155705679062	[[0.0, 0.0, 0.9976], [0.0, -1.0, 0.0], [0.9976, 0.0, 0.0]]
4	[[0.3802729664721569, 0.7767473726770865, -0.5020517802076895], [0.4287143634067757, 0.332951791095048, 0.839849450446521], [0.8195098935212374, -0.5346088512602871, -0.20639019011321075]]	0.7948632558727323	0.20513674412726787	[[0.30226500825044106, 0.6174079456366994, -0.39906251263258546], [0.3407692947369156, 0.2646511447184677, 0.6675654686248466], [0.651398302184207, -0.42494093213113315, -0.1640519784935789]]	0.887206705675002	0.19696480786354378	[[0.34682515998054414, 0.6631433663656694, -0.44542370599633435], [0.40398478047700076, 0.3017132451869907, 0.7209889376270497], [0.7082028243335136, -0.46107410122827736, -0.09211762110674578]]	[[0.009444434139521271, -0.02599211128888161, -4.52699231523943e-20], [0.023626522443319614, 0.0063161834609616815, -0.024131126566569128], [-0.01887184856553535, 0.01323445652305923, 0.0909931395472333]]	0.366939701740217	[[0.49521725236858877, 0.4952172523685889, -0.7003429546207982], [0.5, 0.5000000000000001, 0.7071067811865475], [0.7003429546207982, -0.7003429546207981, 0.0]]
4	[[-0.3195682178843842, -0.5708200961323295, -0.7563336379995778], [0.910087742671785, 0.03735879733279218, -0.41272826520656647], [0.2638493031197415, -0.8202248094963509, 0.507557688474819]]	0.6892552831574146	0.3107447168425855	[[-0.22026408250601154, -0.39344076699163155, -0.5213069558208765], [0.6272827847733334, 0.025749748434034145, -0.2844751373020204], [0.18185952613268383, -0.5653442833221438, 0.34983681828843416]]	0.7897613480597792	0.32017326307648203	[[-0.24639997976658162, -0.4127795547454587, -0.5802343628791005], [0.7892389276210594, 0.0614620370915467, -0.23621948171333756], [0.2100575905275946, -0.6041366977315281, 0.3146848488738971]]	[[0.005982646786850912, 0.03803209387562262, 0.01708871065040308], [0.07048680511590891, 0.03195750294810869, 0.08973734939857447], [0.0016796092111143468, 0.04364515352838552, -0.08616459539408138]]	0.7013601709133713	[[-0.49521725236858877, -0.4952172523685889, -0.7003429546207982], [0.5, 0.5000000000000001, -0.7071067811865475], [0.7003429546207982, -0.7003429546207981, 0.0]]
