4	[[0.5319609947059123, -0.8460851799387872, 0.03402011756955908], [-0.703274286200726, -0.4190807785627857, 0.5742617690636116], [-0.47161719485230363, -0.3294103357928521, -0.8179645788128509]]	0.6613530766865258	0.33864692331347424	[[0.35181404052597975, -0.5595610368913897, 0.02249930942386522], [-0.4651126129333705, -0.2771603622826829, 0.37978978779366673], [-0.31190548283383973, -0.21785653906894437, -0.5409633908184771]]	0.7850845916504615	0.37441768135639075	[[0.5057573410752568, -0.7076341800765312, 0.08410881676638272], [-0.5086663606895734, -0.39279344150731554, 0.32863326862689357], [-0.2998220372572795, -0.09389261594477875, -0.6213562750736047]]	[[0.08812296077259235, -0.04338574208278124, 0.05740014665638479], [0.04346344511059351, -0.06377957960079324, -0.12221079783888357], [0.0704373555786774, 0.164722363016594, 0.020815112268224148]]	0.6534777947964788	[[0.686331305132777, -0.6863313051327768, 0.0], [-0.7071067811865475, -0.7071067811865476, 0.0], [0.0, 0.0, -0.9706190400000001]]
4	[[-0.30792515101507295, 0.09349718223056193, 0.9468053539599837], [0.3027085282091916, -0.9338174967034747, 0.1906631317268273], [0.9019698710720718, 0.34531602882779927, 0.2592434992682147]]	0.735254980501215	0.2647450194987853	[[-0.2264035009054212, 0.06874426889785035, 0.6961433520642938], [0.2225679530060006, -0.6865939653304064, 0.14018601720010895], [0.6631778399677796, 0.25389533004254056, 0.190610073999518]]	0.8546724789161156	0.2562016608675571	[[-0.26169816617175384, 0.08086571891596529, 0.748832600025327], [0.2431079531762754, -0.8497642913719189, 0.11959313214637049], [0.6850914712139544, 0.2682460940793949, 0.18083244725578856]]	[[0.0014769859669178857, 0.0009562504072991238, -0.06037587889470258], [-0.015608695017323333, -0.051656176609118566, -0.043361399284506885], [-0.08579735440286239, -0.026886012288329098, -0.04073583690666469]]	0.4685490889053517	[[0.0, 0.0, 0.9852000000000001], [0.0, -1.0, 0.0], [0.9852000000000001, 0.0, 0.0]]
4	[[0.22433838825039393, -0.7661379269479729, -0.6022499185961573], [-0.9416906372873723, -0.011392912655017143, -0.3362869982418849], [0.2507808429735371, 0.642575192824231, -0.724020780340167]]	0.6127872076350436	0.3872127923649565	[[0.13747169450130525, -0.46947952091774925, -0.36905104591497156], [-0.5770559760793934, -0.006981431132697988, -0.20607237061661554], [0.1536752924941161, 0.39376185810631026, -0.4436706722543962]]	0.7753360203526196	0.3687318689146553	[[0.22634555362840714, -0.5831956432205024, -0.361969054268969], [-0.8371573882719661, -0.01486690664458526, -0.15668453736531204], [0.14761270960244602, 0.36196905426896897, -0.5293383317137892]]	[[0.05240792047002572, 0.01081868810054502, 0.10497700087306475], [-0.1070307171542525, -0.006033571086419186, 0.10405088554787936], [-0.046826711169331396, -0.1362426385126875, 0.03202105876775403]]	0.7421712251932943	[[-1.8811263204951068e-16, -0.9421013208105219, 0.0], [-1.0, 1.7938038903913487e-16, 0.0], [0.0, 0.0, -0.9421013208105219]]
4	[[0.08740825448676931, -0.06334395238859675, -0.994156597696443], [0.7119981850616444, -0.6940087028176986, 0.10681996481098455], [-0.6967197295301035, -0.717174639895393, -0.015561310176609944]]	0.8972709034083133	0.1027290965916869	[[0.07842888346868725, -0.05683668538516938, -0.8920277885444224], [0.6388552547353411, -0.6227138157504679, 0.09584644632799635], [-0.6251463411378719, -0.6434999370404708, -0.013962710840383783]]	0.9473732422038253	0.08286867719825172	[[0.0683583304714765, -0.0635273731776913, -0.9140650816068701], [0.6789476087379498, -0.6616120006536718, 0.10261452342596525], [-0.6580286118510467, -0.6764427192582326, 0.0]]	[[-0.014449910977031187, -0.0035170076293016567, 0.02777227761113329], [0.00441957971286031, -0.004126725747597578, 0.0014161470308843016], [0.0020250172212598, 0.002989344565826729, 0.014742368874954344]]	0.13151573183600124	[[0.0, 0.0, -0.9562538782080002], [0.7071067811865475, -0.7071067811865476, 0.0], [-0.676173601816812, -0.6761736018168119, 0.0]]
4	[[0.3802729664721569, 0.7767473726770865, -0.5020517802076895], [0.4287143634067757, 0.332951791095048, 0.839849450446521], [0.8195098935212374, -0.5346088512602871, -0.20639019011321075]]	0.7547361371796161	0.2452638628203841	[[0.2870057497890294, 0.58623931161872, -0.37891662125810105], [0.32356622259104806, 0.25129074867811096, 0.6338647300424307], [0.6185137314166972, -0.40348861930222096, -0.15577013483781127]]	0.8675921223729348	0.2193223410537763	[[0.34485401497271856, 0.6270122902446053, -0.4275660075133684], [0.40350182352645036, 0.3040080451989396, 0.7224224318654834], [0.6730270108775979, -0.45367459753988343, -0.08601395732410036]]	[[0.014932184910088055, -0.04688761136390917, 0.008010162018131144], [0.03155261908660411, 0.01514169411491688, -0.006224335321156821], [-0.03797331694811027, 0.010147830364385784, 0.09304854575317369]]	0.3727707521821216	[[0.47105066040526083, 0.47105066040526095, -0.6661662325099231], [0.5, 0.5000000000000001, 0.7071067811865475], [0.6661662325099231, -0.666166232509923, 0.0]]
4	[[-0.5446221603179724, 0.8109226453022452, -0.2139887049042392], [-0.8354447797583356, -0.5021691245819775, 0.22328947644507607], [0.07361197229480154, 0.30038414347728, 0.9509735242804028]]	0.7351993817294801	0.2648006182705199	[[-0.400405875541947, 0.5961898274566453, -0.15732436354268883], [-0.6142184855474501, -0.36919442991630397, 0.16416228502911925], [0.054119476519025725, 0.22084223656583568, 0.6991551470920567]]	0.8442225829879518	0.23971673563665874	[[-0.5135917657669158, 0.6510630861077177, -0.13925417307384116], [-0.7367540161084706, -0.40884502347614016, 0.09389683025896571], [0.07872706117717493, 0.14898743970355918, 0.7891043508785678]]	[[-0.0538094388307989, -0.03353612411276663, 0.04139992411066229], [-0.03145266619708794, 0.01509749197525544, -0.09460918829952385], [0.01658217178762003, -0.10460363779145364, -0.013728974142589806]]	0.38852446493262155	[[-0.686331305132777, 0.6863313051327768, 0.0], [-0.7071067811865475, -0.7071067811865476, 0.0], [0.0, 0.0, 0.9706190400000001]]
4	[[0.8787972042104137, -0.3840163418041313, 0.28327887866788265], [-0.395223040501579, -0.9183905790867732, -0.018907472103605397], [0.2674214316928388, -0.09534250611366366, -0.9588511794847616]]	0.7090422232432967	0.2909577767567033	[[0.6231043234533453, -0.27228380075455905, 0.2008566859285436], [-0.2802298233142151, -0.6511776980013845, -0.013406196056250987], [0.18961308647039585, -0.06760186250441969, -0.6798659720613327]]	0.8526682866038594	0.24211885564284366	[[0.6964400792534169, -0.31666683751637226, 0.149652298568396], [-0.36011122101005744, -0.8405077786494838, -0.024937062867370515], [0.1360395964339033, -0.05706835813438435, -0.8175819923193614]]	[[-0.05288242713293846, 0.010771718677638351, -0.09189061753641002], [-0.023117068239208262, -0.05742525714643865, -0.008815261024779017], [-0.09198217752878053, 0.0242271731940712, 0.0]]	0.4738567648699655	[[0.686331305132777, -0.6863313051327768, 0.0], [-0.7071067811865475, -0.7071067811865476, 0.0], [0.0, 0.0, -0.9706190400000001]]
4	[[-0.8305561570912853, 0.32773595720904825, 0.4502950280316503], [-0.5100865793185324, -0.772219296347621, -0.37879947194723407], [0.22358030216652452, -0.5443036842615101, 0.808545204538665]]	0.6682769317214965	0.33172306827850356	[[-0.5550415202833614, 0.2190183798984704, 0.3009217797024365], [-0.34087909413930256, -0.5160563419793212, -0.25314294885062066], [0.14941355832521008, -0.36374559604298806, 0.5403321084472288]]	0.8061646433734131	0.3403817235552944	[[-0.6595543069631086, 0.2713491364296313, 0.20255700598949763], [-0.5686040601153445, -0.629635698615185, -0.29486362799518323], [0.18212513384674878, -0.288950023920376, 0.6438006221084395]]	[[0.010010701219980118, 0.007139995365554713, -0.16045492469645875], [-0.15739029480945557, -0.0070998049690370315, 0.010511113217195965], [0.0018825992853526092, 0.1498483615891392, -0.008019934359756675]]	0.6497528354536535	[[-0.9421013208105219, 0.0, 0.0], [0.0, -0.7071067811865476, -0.7071067811865475], [0.0, -0.666166232509923, 0.6661662325099231]]
4	[[0.034229894132735264, 0.2773841392786001, 0.9601491309293217], [-0.1827544195208179, -0.9427759796974285, 0.2788803941677556], [0.9825625356654255, -0.18501754344446375, 0.018422055382213542]]	0.866640181401269	0.1333598185987311	[[0.029665001660539925, 0.24039224078224086, 0.832103817000858], [-0.15838232328540522, -0.8170475460657385, 0.24168895539080112], [0.8515281741471752, -0.1603436374131272, 0.01596529341822577]]	0.9268442302573037	0.12391765672482834	[[0.010204296582286708, 0.24068642186833716, 0.8750761109807674], [-0.16407169093411075, -0.8274295900030325, 0.252550133344854], [0.9088712185511949, -0.16332457286881383, 0.0]]	[[-0.021521483296957307, -0.016405467186921655, -0.014832571207638838], [0.005313188352782032, 0.046376887204706035, -0.005928550921412852], [-0.0018111984972909, 0.008157869769067409, -0.01707437574048513]]	0.3446189753118133	[[0.0, 0.0, 0.9852000000000001], [0.0, -1.0, 0.0], [0.9852000000000001, 0.0, 0.0]]
4	[[0.8489524140446696, -0.5135124485683378, 0.12483895166604869], [0.522794976890395, 0.7815435453534784, -0.34040431673891397], [0.0772347773085365, 0.35425224329800037, 0.9319550081910795]]	0.8188719610737948	0.18112803892620524	[[0.6951833281470908, -0.42050094579496095, 0.10222711716917399], [0.428102147965767, 0.6399840956481692, -0.27874755040597965], [0.06324539355773912, 0.29008722918422464, 0.7631518251899736]]	0.9089361991445207	0.15006614393183806	[[0.7641939678339226, -0.4744327317604094, 0.05482571091860056], [0.5001051940043287, 0.6734727027232705, -0.2882014355661834], [0.0216727734935466, 0.28804209344927056, 0.8470876429189005]]	[[-0.007449612642405037, -0.007682678545308182, -0.05864493131392427], [0.02491791477772551, -0.03690051685625356, 0.021204370262872616], [-0.04852871143504804, -0.033950594112433945, 0.0]]	0.431612597142931	[[0.6966416008249867, -0.6966416008249866, 0.0], [0.7071067811865475, 0.7071067811865476, 0.0], [0.0, 0.0, 0.9852000000000001]]
4	[[-0.3195682178843842, -0.5708200961323295, -0.7563336379995778], [0.910087742671785, 0.03735879733279218, -0.41272826520656647], [0.2638493031197415, -0.8202248094963509, 0.507557688474819]]	0.6629425256383763	0.33705747436162375	[[-0.2118553614780286, -0.3784209162151073, -0.5014057322007015], [0.6033358666793621, 0.024766735458613492, -0.2736151185383868], [0.17491692339812692, -0.5437619067987669, 0.3364815759046727]]	0.7791521255057252	0.3595074352938462	[[-0.29163228368393884, -0.42164814156264363, -0.5413764611774577], [0.7740864829116385, 0.03390672556799515, -0.23995814267428767], [0.22606488315268605, -0.5413764611774577, 0.3163813055376829]]	[[-0.0426400274752442, 0.023107549620243258, 0.04792250046139106], [0.06498968381220974, 0.004798539219812514, 0.08161996241769921], [0.02048613781373516, 0.0977034425341528, -0.07908334625424496]]	0.7116155844891293	[[0.0, 0.0, -0.9421013208105219], [1.0, -1.7938038903913487e-16, 0.0], [-1.8811263204951068e-16, -0.9421013208105219, 0.0]]
4	[[0.8592155572171323, 0.2624339665249735, -0.4391776855101157], [-0.4266000482917053, 0.8413623931712975, -0.33184593135155627], [0.2824199444684594, 0.4724804086637203, 0.8348660002631537]]	0.7319265389904728	0.2680734610095273	[[0.6288826690407061, 0.19208238483216544, -0.32144580335726536], [-0.3122398968793164, 0.6158154644706091, -0.24288684401221464], [0.20671065249668102, 0.3458209502540411, 0.6110605820934293]]	0.810410297465556	0.2750048999444132	[[0.6622596996828453, 0.26770064751166944, -0.27578356531414117], [-0.33776161083781703, 0.6896005438521398, -0.3480418272803588], [0.13992907973645166, 0.3870482665698715, 0.6620739234057392]]	[[-0.03405743562852434, 0.05502145863509985, 0.08013055344034616], [0.007959461197084431, 0.007751796525856438, -0.07911046734100974], [-0.08894695147043831, 0.004145278038058487, -0.01451008021140217]]	0.500612894902039	[[0.6661662325099231, 0.47105066040526095, -0.47105066040526083], [-0.7071067811865475, 0.5000000000000001, -0.5], [0.0, 0.666166232509923, 0.6661662325099231]]
4	[[-0.42203838922340475, -0.825029846081567, 0.3757783270710803], [0.2588054115689476, 0.28760896992378115, 0.9221175843470338], [-0.8688517462515349, 0.4864224845687207, 0.09214016247897017]]	0.7488574838170894	0.2511425161829106	[[-0.31604660622805625, -0.6178297746106429, 0.2814044124834445], [0.19380836930576834, 0.21537812954034766, 0.6905346539976125], [-0.6506461325080088, 0.3642611178661892, 0.06899985023249938]]	0.8634654248413931	0.222784299821551	[[-0.28880539850345077, -0.653295922307071, 0.3442884267505097], [0.25841029607079424, 0.23397822934609203, 0.8305446254273068], [-0.759439706275673, 0.38541502911867365, 0.023017482331472862]]	[[0.07561015854671364, 0.059088824246578436, 0.019816833919891252], [0.03494077141916132, -0.014362172057341182, 0.034327973705376], [-0.00921626407440504, -0.034593968171862784, -0.05654236220838613]]	0.4887831950334809	[[-0.47105066040526083, -0.47105066040526095, 0.6661662325099231], [0.5, 0.5000000000000001, 0.7071067811865475], [-0.6661662325099231, 0.666166232509923, 0.0]]
4	[[0.04673222253661188, -0.9725397674033924, -0.22799671093185395], [-0.8377629715199755, -0.16246744520517667, 0.5213036857710898], [-0.5440306084466285, 0.16664552219444034, -0.8223502702654952]]	0.6262460075986732	0.37375399240132673	[[0.02926586778976597, -0.6090491465673168, -0.14278202996670228], [-0.5246457162283856, -0.1017445889244981, 0.3264643519606183], [-0.34069699655117813, 0.10436109295846432, -0.5149935736014563]]	0.7981703442831175	0.3385959404535631	[[-0.03259179037718807, -0.8757306896330509, -0.1554369706820606], [-0.6864060870467943, -0.14894225997709026, 0.28055926513772156], [-0.31122583605852727, 0.04609175197344048, -0.6232970877405387]]	[[-0.06989206452835095, -0.09947828865566191, 0.026543242577835663], [-0.01772852764104795, -0.019265563302875793, -0.13552987721024728], [0.12300326198587212, -0.08691976184973585, 0.03307851059858642]]	0.6186520013460497	[[1.9093852217774125e-16, -0.9562538782080002, 0.0], [-1.0, -1.7938038903913487e-16, 0.0], [0.0, 0.0, -0.9562538782080002]]
