4	[[0.034229894132735264, 0.2773841392786001, 0.9601491309293217], [-0.1827544195208179, -0.9427759796974285, 0.2788803941677556], [0.9825625356654255, -0.18501754344446375, 0.018422055382213542]]	0.8656652834969294	0.13433471650307063	[[0.02963163100848415, 0.2401218195661611, 0.8311677696252616], [-0.1582041563848056, -0.8161284357388698, 0.2414170754789656], [0.8505702759902725, -0.16016326419775717, 0.01594733379504002]]	0.922531656109637	0.12529894612987555	[[0.00913806438735443, 0.23880678881049225, 0.8672050955403822], [-0.16459684384183293, -0.8269919977806611, 0.25308142151516944], [0.9007759848117732, -0.16154460283365518, 0.0]]	[[-0.02244009653537538, -0.017088860576740916, -0.01856287232807377], [0.003999893460062588, 0.042748688109993216, -0.004194570372918527], [-0.005669058446936212, 0.009139937929502674, -0.016994929260696907]]	0.34701480622246283	[[0.0, 0.0, 0.9796], [0.0, -1.0, 0.0], [0.9796, 0.0, 0.0]]
4	[[-0.42203838922340475, -0.825029846081567, 0.3757783270710803], [0.2588054115689476, 0.28760896992378115, 0.9221175843470338], [-0.8688517462515349, 0.4864224845687207, 0.09214016247897017]]	0.7341894623849594	0.26581053761504053	[[-0.3098561380897458, -0.6057282191461716, 0.27589248792823595], [0.19001220598212384, 0.21115947500543286, 0.6770090135074663], [-0.6379017964726477, 0.35712626243746537, 0.06764833635449793]]	0.8540042572475062	0.23906068817956944	[[-0.2823013657790312, -0.6385618087541144, 0.33450464381640616], [0.2568573796002717, 0.23237099766822955, 0.8305629145406823], [-0.7422861947346631, 0.37668581276238244, 0.022548607398771525]]	[[0.07812121533963658, 0.06601719215579865, 0.013588352716357745], [0.03583645632169752, -0.013248287069249602, 0.04307057182552916], [-0.00028310451892215455, -0.038721059880214535, -0.05613948362174592]]	0.4943401725992914	[[-0.46043158726657274, -0.46043158726657285, 0.6511485952573586], [0.5, 0.5000000000000001, 0.7071067811865475], [-0.6511485952573586, 0.6511485952573586, 0.0]]
4	[[-0.5446221603179724, 0.8109226453022452, -0.2139887049042392], [-0.8354447797583356, -0.5021691245819775, 0.22328947644507607], [0.07361197229480154, 0.30038414347728, 0.9509735242804028]]	0.7243000956527728	0.27569990434722724	[[-0.39446988281292716, 0.5873513495594158, -0.15499203943075343], [-0.6051127338915722, -0.3637211449685955, 0.16172858914742616], [0.05331715857431403, 0.2175682638531701, 0.6887902145995501]]	0.8379687063528172	0.24701105354823755	[[-0.5081256250378647, 0.6458060722369915, -0.13446204185666769], [-0.7365210460468182, -0.4085177706585229, 0.0942653528759999], [0.07818551760589341, 0.14308201634865472, 0.7816635902529787]]	[[-0.05174929790513677, -0.03372172779913544, 0.04485379636605241], [-0.036444464723511545, 0.012284241037763426, -0.09284424084287834], [0.01650098840993916, -0.10863049576990062, -0.01522246366404979]]	0.39190388966839546	[[-0.678551094072195, 0.6785510940721949, 0.0], [-0.7071067811865475, -0.7071067811865476, 0.0], [0.0, 0.0, 0.95961616]]
4	[[0.3802729664721569, 0.7767473726770865, -0.5020517802076895], [0.4287143634067757, 0.332951791095048, 0.839849450446521], [0.8195098935212374, -0.5346088512602871, -0.20639019011321075]]	0.7368657195073257	0.26313428049267445	[[0.28021011304869103, 0.5723585116431261, -0.3699447462526728], [0.3159049178548589, 0.2453407611065053, 0.6188562695811078], [0.6038687473328985, -0.39393493583889627, -0.15208185593702478]]	0.8547519419733144	0.2356141225764576	[[0.34582801838292493, 0.6055489031633902, -0.43360704285617413], [0.4022621769709882, 0.29208341273571, 0.7187227339283612], [0.6665983204370622, -0.4336070428561742, -0.08219723818914756]]	[[0.02078896181089572, -0.05837742205501914, -0.004477308752491945], [0.035817742297193415, 0.0074922227137244925, 0.0008597851939764721], [-0.033879352516559526, 0.02335091095467901, 0.09421517761436085]]	0.37699344494664044	[[0.46043158726657274, 0.46043158726657285, -0.6511485952573586], [0.5, 0.5000000000000001, 0.7071067811865475], [0.6511485952573586, -0.6511485952573586, 0.0]]
4	[[-0.3195682178843842, -0.5708200961323295, -0.7563336379995778], [0.910087742671785, 0.03735879733279218, -0.41272826520656647], [0.2638493031197415, -0.8202248094963509, 0.507557688474819]]	0.6509476124810737	0.3490523875189263	[[-0.20802216845667143, -0.3715739787335568, -0.49233357589494975], [0.5924194432404883, 0.02431861992894538, -0.2686644788396699], [0.17175207392059075, -0.5339233814393931, 0.33039346550909604]]	0.7711665507192199	0.36992493877851707	[[-0.2851477335450092, -0.41291081181474454, -0.5306123966226681], [0.7756942516442635, 0.03207039949691309, -0.23758974277808106], [0.21878764477113724, -0.5306123966226681, 0.3122352255578996]]	[[-0.03870741323962056, 0.027286552800837655, 0.05264680618638537], [0.07386502627622224, 0.00326054461876537, 0.0806924898855942], [0.015315887774616321, 0.10191754053096196, -0.07917628635424685]]	0.7108680165840068	[[0.0, 0.0, -0.9208631745331457], [1.0, -1.7938038903913487e-16, 0.0], [-1.8387193786106335e-16, -0.9208631745331457, 0.0]]
4	[[0.8489524140446696, -0.5135124485683378, 0.12483895166604869], [0.522794976890395, 0.7815435453534784, -0.34040431673891397], [0.0772347773085365, 0.35425224329800037, 0.9319550081910795]]	0.8113676291230374	0.18863237087696264	[[0.6888125074217027, -0.41664737792005785, 0.10129028423548742], [0.4241789209169929, 0.6341191334498648, -0.27619304341570006], [0.06266579815067302, 0.28742880275621596, 0.756158125445337]]	0.9065221323704252	0.1574159992814529	[[0.7505939808754056, -0.4724561979937405, 0.06628006816141205], [0.5082036800418979, 0.6669568196167153, -0.29583368289529743], [0.022979735058834026, 0.29397403624056206, 0.8319528755650977]]	[[-0.019000171785388466, -0.0069457981188126225, -0.046889204505782885], [0.0342784627986698, -0.04152970165746207, 0.012750364182960503], [-0.04703529996005541, -0.027163462750947828, -0.012884965733576646]]	0.4334177082385885	[[0.692681802850342, -0.6926818028503419, 0.0], [0.7071067811865475, 0.7071067811865476, 0.0], [0.0, 0.0, 0.9796]]
4	[[0.8592155572171323, 0.2624339665249735, -0.4391776855101157], [-0.4266000482917053, 0.8413623931712975, -0.33184593135155627], [0.2824199444684594, 0.4724804086637203, 0.8348660002631537]]	0.7203069067594184	0.2796930932405816	[[0.6188989002586427, 0.18903299865620846, -0.3163427201675521], [-0.3072829612084167, 0.6060391428889188, -0.2390309163325378], [0.2034290366072427, 0.34033090166899027, 0.6013597462081601]]	0.8034932069295095	0.28370614284388973	[[0.6528805274699361, 0.2661095330447298, -0.2703212568039073], [-0.34037316478726254, 0.6888473134083748, -0.34797285872701356], [0.13686061303935756, 0.37961031669964573, 0.6542645972382792]]	[[-0.03749333604218333, 0.05524562367434726, 0.08255503013849524], [0.002397076090923409, 0.01281834592928205, -0.08133690713884174], [-0.09006189384245887, -2.4482068932143997e-05, -0.016544562669574877]]	0.509208579600554	[[0.6511485952573586, 0.46043158726657285, -0.46043158726657274], [-0.7071067811865475, 0.5000000000000001, -0.5], [0.0, 0.6511485952573586, 0.6511485952573586]]
4	[[0.04673222253661188, -0.9725397674033924, -0.22799671093185395], [-0.8377629715199755, -0.16246744520517667, 0.5213036857710898], [-0.5440306084466285, 0.16664552219444034, -0.8223502702654952]]	0.6181615750260753	0.3818384249739248	[[0.028888064287701073, -0.601186714393574, -0.14093880593039956], [-0.517872877973313, -0.10043113181849456, 0.32224990746315507], [-0.33629881777976184, 0.10301385847075802, -0.5083453382904372]]	0.7925995959722756	0.3510610821493652	[[-0.03668887380972223, -0.8538631252952298, -0.16121617232573943], [-0.6918102830607458, -0.15569110987322235, 0.2747083533775597], [-0.30036491790249387, 0.05096593908694782, -0.6151245013765133]]	[[-0.07372881451112738, -0.08302849858432994, 0.019493928641855715], [-0.02779969031348012, -0.02691947844495141, -0.1384767373434641], [0.13083352254885505, -0.08111723447495449, 0.036669990583609854]]	0.623623257670355	[[1.8770103905784334e-16, -0.940039990336, 0.0], [-1.0, -1.7938038903913487e-16, 0.0], [0.0, 0.0, -0.940039990336]]
4	[[-0.8305561570912853, 0.32773595720904825, 0.4502950280316503], [-0.5100865793185324, -0.772219296347621, -0.37879947194723407], [0.22358030216652452, -0.5443036842615101, 0.808545204538665]]	0.6553514802301832	0.3446485197698167	[[-0.5443062069640664, 0.21478224468160567, 0.29510151316083383], [-0.334285994801951, -0.506075058923724, -0.24824679465103164], [0.1465236819751435, -0.3567102251755229, 0.5298812966274303]]	0.7984632157910696	0.3461113093915258	[[-0.6525081340351887, 0.26190926694247973, 0.2000580195358813], [-0.5619505642040744, -0.6277130655400948, -0.30299434228866173], [0.17802623766343664, -0.291773930008666, 0.6310119227026594]]	[[0.010660406050991795, 0.00022416061897863673, -0.15948599660100007], [-0.1546651937495325, -0.011124362882456322, -0.0005368977777141203], [-0.0004944093919855855, 0.1428325400937063, -0.014581681425731189]]	0.6568349811193891	[[-0.9208631745331457, 0.0, 0.0], [0.0, -0.7071067811865476, -0.7071067811865475], [0.0, -0.6511485952573586, 0.6511485952573586]]
4	[[0.08740825448676931, -0.06334395238859675, -0.994156597696443], [0.7119981850616444, -0.6940087028176986, 0.10681996481098455], [-0.6967197295301035, -0.717174639895393, -0.015561310176609944]]	0.8725729003416636	0.12742709965833632	[[0.07627007413132253, -0.05527221625482212, -0.8674741058457859], [0.6212703213772399, -0.6055731866799949, 0.0932082065095152], [-0.6079387551213418, -0.6257871555850113, -0.013578377553920782]]	0.9356862202238316	0.10277364583322154	[[0.07210906520705623, -0.0573936734841103, -0.8947640194826657], [0.6751622922414805, -0.6573383396511486, 0.11074133574465596], [-0.6405023511144837, -0.6630143077967489, 0.0]]	[[-0.009677634050031731, 0.0018763899004141504, 0.03545460972650341], [0.00895540165492232, -0.007963959709211831, 0.010791366626223133], [0.011408699164908985, 0.008036120247358988, 0.014560503500882805]]	0.14103121610537347	[[0.0, 0.0, -0.940039990336], [0.7071067811865475, -0.7071067811865476, 0.0], [-0.6647086517531223, -0.6647086517531222, 0.0]]
4	[[0.5319609947059123, -0.8460851799387872, 0.03402011756955908], [-0.703274286200726, -0.4190807785627857, 0.5742617690636116], [-0.47161719485230363, -0.3294103357928521, -0.8179645788128509]]	0.6544048407692951	0.34559515923070494	[[0.3481178500359985, -0.5536822374551024, 0.022262929621060003], [-0.4602260972783258, -0.2742484901648521, 0.3757996815439664], [-0.3086285753013834, -0.2155677183422814, -0.5352799799529473]]	0.7792784305328475	0.38122089892421174	[[0.5185947976620636, -0.664682083103407, 0.11260394934207842], [-0.5118161973260749, -0.36253430148063787, 0.3380171781751884], [-0.28948973991335536, -0.13438178116986305, -0.5990220150599583]]	[[0.1040490686029479, -0.0053461519836071475, 0.0860928055159295], [0.03623028465853535, -0.03595369009574635, -0.10949263193571937], [0.07803136750345202, 0.122320588308089, 0.03840013814878165]]	0.6573259880201014	[[0.678551094072195, -0.6785510940721949, 0.0], [-0.7071067811865475, -0.7071067811865476, 0.0], [0.0, 0.0, -0.95961616]]
4	[[-0.30792515101507295, 0.09349718223056193, 0.9468053539599837], [0.3027085282091916, -0.9338174967034747, 0.1906631317268273], [0.9019698710720718, 0.34531602882779927, 0.2592434992682147]]	0.7252977204804847	0.2747022795195153	[[-0.22333741010984143, 0.06781329314317504, 0.6867157649658946], [0.21955380548012915, -0.6772957017038228, 0.13828753482113823], [0.6541966914306504, 0.2504569285541762, 0.18802871906862034]]	0.8500549537357552	0.2612266234698988	[[-0.2570742587616083, 0.07914973564912381, 0.7441432622965856], [0.24362425888294992, -0.8497653264926871, 0.11907432743709888], [0.6807736569649984, 0.2649223902469842, 0.17792452311248447]]	[[0.0046790412385849895, -0.0003280072662999907, -0.06069331906063377], [-0.01369462505933295, -0.055969137534776205, -0.04299981218206351], [-0.08595030006021685, -0.028615210662445458, -0.04244669766425313]]	0.4695009066424067	[[0.0, 0.0, 0.9796], [0.0, -1.0, 0.0], [0.9796, 0.0, 0.0]]
4	[[0.8787972042104137, -0.3840163418041313, 0.28327887866788265], [-0.395223040501579, -0.9183905790867732, -0.018907472103605397], [0.2674214316928388, -0.09534250611366366, -0.9588511794847616]]	0.6989203451729358	0.3010796548270643	[[0.6142092453037533, -0.2683968341657915, 0.19798937165875874], [-0.2762294238876608, -0.6418818605389, -0.01321481692899955], [0.18690627934539952, -0.06663681728261453, -0.6701605973349661]]	0.8478086035377397	0.2476344204821672	[[0.6930186290024019, -0.31396871788629854, 0.14564875686278445], [-0.35953951200736883, -0.84050041089232, -0.02552655920932826], [0.1327869253834002, -0.055546906720954886, -0.8129222794794904]]	[[-0.052033201492098995, 0.011603640594333378, -0.09451751367236993], [-0.02446601795378564, -0.061880976534546675, -0.0094966416887418], [-0.09393526517616846, 0.02528529024505871, 0.0]]	0.4762414620274814	[[0.678551094072195, -0.6785510940721949, 0.0], [-0.7071067811865475, -0.7071067811865476, 0.0], [0.0, 0.0, -0.95961616]]
4	[[0.22433838825039393, -0.7661379269479729, -0.6022499185961573], [-0.9416906372873723, -0.011392912655017143, -0.3362869982418849], [0.2507808429735371, 0.642575192824231, -0.724020780340167]]	0.5992884902828131	0.40071150971718694	[[0.13444341400705823, -0.4591376415890548, -0.36092144448843816], [-0.5643443603334096, -0.0068276414249492, -0.20153292747811824], [0.15029007277746229, 0.3850879172008209, -0.4338973203834429]]	0.7676131300400051	0.37959475012699356	[[0.22115500370699792, -0.5731778564864374, -0.3544396662067077], [-0.8379087352418134, -0.013751950013082104, -0.156395020553691], [0.14401841510824853, 0.3544396662067077, -0.5207648433002996]]	[[0.048949911313983054, 0.014919675660456762, 0.10785527887322685], [-0.11505463762428636, -0.005006600669691975, 0.10174329475852001], [-0.04848425272073932, -0.13880948884316008, 0.035003014110623044]]	0.7389593128141391	[[1.8387193786106335e-16, -0.9208631745331457, 0.0], [-1.0, -1.7938038903913487e-16, 0.0], [0.0, 0.0, -0.9208631745331457]]
