4	[[0.8592155572171323, 0.2624339665249735, -0.4391776855101157], [-0.4266000482917053, 0.8413623931712975, -0.33184593135155627], [0.2824199444684594, 0.4724804086637203, 0.8348660002631537]]	0.7220027755260283	0.27799722447397185	[[0.6203560170859125, 0.1894780522233357, -0.31708750788740075], [-0.3080064189061489, 0.6074659830928981, -0.2395936834828435], [0.20390798377013447, 0.34113216643687816, 0.6027755693823109]]	0.8044851450851156	0.2824500022448452	[[0.6542156985188455, 0.26633860014363003, -0.2710932927872996], [-0.34000035892212255, 0.6889562099199888, -0.3479821724029247], [0.13729546971827397, 0.3806652512666968, 0.6553772081584148]]	[[-0.03701045368836741, 0.05521437250852436, 0.08221863125845111], [0.0031930428211472822, 0.012092662980417331, -0.08101705017366272], [-0.08990718028236484, 0.0005617811529891352, -0.016260087189918372]]	0.5079740295639034	[[0.6532782699980716, 0.46193749471745266, -0.46193749471745255], [-0.7071067811865475, 0.5000000000000001, -0.5], [0.0, 0.6532782699980715, 0.6532782699980716]]
4	[[0.3802729664721569, 0.7767473726770865, -0.5020517802076895], [0.4287143634067757, 0.332951791095048, 0.839849450446521], [0.8195098935212374, -0.5346088512602871, -0.20639019011321075]]	0.7393836945035773	0.2606163054964228	[[0.28116763087001856, 0.5743143421059312, -0.37120890008205937], [0.3169844099024511, 0.24617912539143988, 0.6209709894979478], [0.6059322527539659, -0.3952810675591446, -0.15260154127520145]]	0.8589523933608292	0.23108464202017173	[[0.3429287445313479, 0.6099562775423308, -0.4312385782004598], [0.40620797038946344, 0.3012843529738356, 0.7185880947431019], [0.6639609118830746, -0.4415794589036745, -0.08375776953756518]]	[[0.016292369849666425, -0.05723273725538855, 4.4597026034203524e-18], [0.03796274187304913, 0.015294615138969294, -0.002802600780714464], [-0.039959072539870646, 0.017624093398232687, 0.09352157822637375]]	0.3763361701670563	[[0.46193749471745255, 0.46193749471745266, -0.6532782699980716], [0.5, 0.5000000000000001, 0.7071067811865475], [0.6532782699980716, -0.6532782699980715, 0.0]]
4	[[0.08740825448676931, -0.06334395238859675, -0.994156597696443], [0.7119981850616444, -0.6940087028176986, 0.10681996481098455], [-0.6967197295301035, -0.717174639895393, -0.015561310176609944]]	0.8761296399980979	0.12387036000190232	[[0.07658096253635532, -0.055497514202277914, -0.8710100620415183], [0.6238027135573574, -0.608041594955217, 0.09358813731445738], [-0.6104168058127816, -0.6283379590673162, -0.013633725082932008]]	0.9373608922580113	0.09982703975319815	[[0.07158620871682865, -0.05825362950125138, -0.8975047186287404], [0.6757048817386836, -0.6579507654754306, 0.1095799630945018], [-0.6429814276523602, -0.6649242002274383, 0.0]]	[[-0.010346870699604745, 0.001122514228872636, 0.034378796832186434], [0.008305627703216044, -0.007414148567407438, 0.009451105568307975], [0.010096399673737955, 0.007327260129725328, 0.01458656359185077]]	0.1396423800082245	[[0.0, 0.0, -0.9423449504639998], [0.7071067811865475, -0.7071067811865476, 0.0], [-0.6663385046899956, -0.6663385046899954, 0.0]]
4	[[-0.42203838922340475, -0.825029846081567, 0.3757783270710803], [0.2588054115689476, 0.28760896992378115, 0.9221175843470338], [-0.8688517462515349, 0.4864224845687207, 0.09214016247897017]]	0.7362543354571209	0.26374566454287923	[[-0.31072759379507164, -0.6074318010590748, 0.2766684224769068], [0.19054660630740217, 0.21175335102274062, 0.6789130692767511], [-0.6396958650471828, 0.35813066312754516, 0.06783859409486531]]	0.8553578625166954	0.23671159497810965	[[-0.28322355966323043, -0.6406514297716748, 0.33588990630655996], [0.25708026864842104, 0.23259981017985645, 0.8305611667681537], [-0.7447178058639639, 0.3779217159503192, 0.022616883309006856]]	[[0.07777029484289008, 0.06504433588513252, 0.01446495968294109], [0.03570902500105233, -0.013408783574777587, 0.04182064083201637], [-0.0015386333463526603, -0.03814358073044203, -0.05619592912094607]]	0.4935183236740687	[[-0.46193749471745255, -0.46193749471745266, 0.6532782699980716], [0.5, 0.5000000000000001, 0.7071067811865475], [-0.6532782699980716, 0.6532782699980715, 0.0]]
4	[[0.04673222253661188, -0.9725397674033924, -0.22799671093185395], [-0.8377629715199755, -0.16246744520517667, 0.5213036857710898], [-0.5440306084466285, 0.16664552219444034, -0.8223502702654952]]	0.6192900068490624	0.3807099931509376	[[0.02894079841477032, -0.6022841592162326, -0.14119608467455147], [-0.5188182363704966, -0.10061446525386354, 0.3228381631316196], [-0.33691271923101224, 0.10320190658116056, -0.5092733045050468]]	0.793715753585466	0.34952630038629645	[[-0.037126702908823826, -0.8559028198459063, -0.16190577339369028], [-0.6923062735410644, -0.15587974080263448, 0.2746519617456594], [-0.3010956346034277, 0.05168962335184763, -0.6165141452763897]]	[[-0.07421880413619453, -0.0839826854694891, 0.019058807838593792], [-0.027360605275087796, -0.026926770098502195, -0.13911498605302197], [0.13071002975334767, -0.08057955287835607, 0.03619821919859948]]	0.6229064228436563	[[1.8816127842580662e-16, -0.9423449504639998, 0.0], [-1.0, -1.7938038903913487e-16, 0.0], [0.0, 0.0, -0.9423449504639998]]
4	[[-0.30792515101507295, 0.09349718223056193, 0.9468053539599837], [0.3027085282091916, -0.9338174967034747, 0.1906631317268273], [0.9019698710720718, 0.34531602882779927, 0.2592434992682147]]	0.7267246944834391	0.27327530551656104	[[-0.22377681129519572, 0.06794671119156753, 0.6880668315918536], [0.21998576268035627, -0.6786282349951226, 0.1385596061534343], [0.6554837789881185, 0.2509496855501169, 0.18839865280251097]]	0.8507157845388938	0.2605048243069676	[[-0.25773185504395, 0.07939348606795721, 0.7448126776949495], [0.243549138578405, -0.8497655619491079, 0.11914887929955946], [0.6813904234975835, 0.2653942110009394, 0.17833836897599284]]	[[0.004224931381095159, -0.00014604266549121496, -0.060649581804743086], [-0.013969784483691301, -0.05535227762486541, -0.04305125639007089], [-0.08592958300193895, -0.02837158537715711, -0.0422041678905746]]	0.46936198171081955	[[0.0, 0.0, 0.9803999999999999], [0.0, -1.0, 0.0], [0.9803999999999999, 0.0, 0.0]]
4	[[0.034229894132735264, 0.2773841392786001, 0.9601491309293217], [-0.1827544195208179, -0.9427759796974285, 0.2788803941677556], [0.9825625356654255, -0.18501754344446375, 0.018422055382213542]]	0.865848643404216	0.134151356595784	[[0.029637907398698753, 0.240172680696222, 0.8313438224808902], [-0.15823766621822513, -0.8163013030550993, 0.24146821096218424], [0.8507504385657153, -0.16019718899736957, 0.015950711661406932]]	0.9231508488960958	0.12506243358252409	[[0.009288744930715097, 0.23907542317873764, 0.8683280468391595], [-0.16452158993720475, -0.8270543208473392, 0.25300621422697506], [0.9019313606969441, -0.16179737125032106, 0.0]]	[[-0.022310610895542947, -0.016991980466614945, -0.018034438445092407], [0.004188307582951488, 0.043270125129190366, -0.004442458389466297], [-0.005122078196093919, 0.009001731041105967, -0.017006336064501318]]	0.3466711449311461	[[0.0, 0.0, 0.9803999999999999], [0.0, -1.0, 0.0], [0.9803999999999999, 0.0, 0.0]]
4	[[0.8489524140446696, -0.5135124485683378, 0.12483895166604869], [0.522794976890395, 0.7815435453534784, -0.34040431673891397], [0.0772347773085365, 0.35425224329800037, 0.9319550081910795]]	0.8124416872060004	0.18755831279399976	[[0.6897243316240584, -0.4171989201161448, 0.10142436852059292], [0.4247404330876545, 0.6349585566119391, -0.276558657423569], [0.06274875278752712, 0.2878092902415379, 0.7571590992548425]]	0.9071426033443045	0.15646371224810113	[[0.7519555084231746, -0.47491486709945113, 0.06356514149962457], [0.5082836634841443, 0.667910557480905, -0.2934511725663752], [0.02385935168807328, 0.2910335541371244, 0.8349340786413333]]	[[-0.018165394568738818, -0.009085847655460989, -0.04968159011348863], [0.03403406713246585, -0.04106088887798686, 0.015344085509802374], [-0.04620360526831014, -0.03032374808878352, -0.010482013688885107]]	0.43315784400444374	[[0.6932474882752911, -0.693247488275291, 0.0], [0.7071067811865475, 0.7071067811865476, 0.0], [0.0, 0.0, 0.9803999999999999]]
4	[[0.5319609947059123, -0.8460851799387872, 0.03402011756955908], [-0.703274286200726, -0.4190807785627857, 0.5742617690636116], [-0.47161719485230363, -0.3294103357928521, -0.8179645788128509]]	0.655381967295684	0.3446180327043162	[[0.34863764323492974, -0.554508969728005, 0.022296171580368056], [-0.46091328523869973, -0.2746579851102853, 0.37636080795160953], [-0.3090894049727746, -0.2158895939194513, -0.5360792348405516]]	0.7802600775555639	0.3799134966689496	[[0.5196040894723398, -0.6666528774907218, 0.1124140645642568], [-0.5121133799765626, -0.3634406815820644, 0.33734456059402473], [-0.2900416953049466, -0.1340365716140376, -0.6007945787822685]]	[[0.10453616248656969, -0.006486389373070372, 0.08586952499098326], [0.036623469117249674, -0.036448680798619085, -0.11072897187274418], [0.07794237372704939, 0.12298916253929755, 0.03743052691995077]]	0.6567748941829574	[[0.6796598375050954, -0.6796598375050953, 0.0], [-0.7071067811865475, -0.7071067811865476, 0.0], [0.0, 0.0, -0.9611841599999998]]
4	[[-0.5446221603179724, 0.8109226453022452, -0.2139887049042392], [-0.8354447797583356, -0.5021691245819775, 0.22328947644507607], [0.07361197229480154, 0.30038414347728, 0.9509735242804028]]	0.7258500763471812	0.274149923652819	[[-0.3953140366471669, 0.5886082640042928, -0.15532371779217646], [-0.6064076571714417, -0.3644994974170254, 0.16207468352518056], [0.05343125571024829, 0.2180338534764663, 0.6902642052030783]]	0.8388644666766013	0.2459158464399114	[[-0.5089059707577258, 0.6465591499849556, -0.13513913223911592], [-0.7365551048986573, -0.40856661625562385, 0.09421106151537938], [0.07826483651120787, 0.14391353919008038, 0.7827245468951136]]	[[-0.05204179270233153, -0.03369504238249117, 0.04436838857519533], [-0.035730165288930464, 0.012685218618292287, -0.09309854605721683], [0.016514368631116445, -0.10806804512609577, -0.01501335137393434]]	0.3914120097044036	[[-0.6796598375050954, 0.6796598375050953, 0.0], [-0.7071067811865475, -0.7071067811865476, 0.0], [0.0, 0.0, 0.9611841599999998]]
4	[[0.22433838825039393, -0.7661379269479729, -0.6022499185961573], [-0.9416906372873723, -0.011392912655017143, -0.3362869982418849], [0.2507808429735371, 0.642575192824231, -0.724020780340167]]	0.6012007201658207	0.3987992798341793	[[0.13487240057697641, -0.4606026734274703, -0.3620730847798167], [-0.5661450893105789, -0.00684942729298264, -0.20217598552542326], [0.15076962339948216, 0.38631666868661874, -0.43528181455552795]]	0.7687175674783403	0.3780413915312317	[[0.22189137367557032, -0.5746020832969702, -0.3555088700081971], [-0.8378010248844815, -0.01391027079881653, -0.15643715229436628], [0.14452837242318442, 0.35550887000819703, -0.5219841272238034]]	[[0.049438513567715975, 0.014341600259374122, 0.10745122242906939], [-0.11390688887180458, -0.005152338696158533, 0.10207257096872839], [-0.04825126715760068, -0.1384499691415713, 0.03458336584305953]]	0.7393806850236835	[[1.8447331736866078e-16, -0.9238749894349053, 0.0], [-1.0, -1.7938038903913487e-16, 0.0], [0.0, 0.0, -0.9238749894349053]]
4	[[0.8787972042104137, -0.3840163418041313, 0.28327887866788265], [-0.395223040501579, -0.9183905790867732, -0.018907472103605397], [0.2674214316928388, -0.09534250611366366, -0.9588511794847616]]	0.7003623645320649	0.2996376354679352	[[0.6154764878849733, -0.268950593164895, 0.19839786528583023], [-0.276799343163238, -0.6432061975331848, -0.013242081869805133], [0.18729190622694666, -0.06677430302217832, -0.6715432792983071]]	0.8485051568685088	0.24684652237687937	[[0.6935098481851936, -0.31435481140368643, 0.14621590906507476], [-0.359620636034041, -0.8405014798212342, -0.025442854559974148], [0.13324818821001286, -0.0557621163495898, -0.8135901704622723]]	[[-0.05215411142897032, 0.011485034938898972, -0.09414768031655232], [-0.024271848055199625, -0.061242337446651196, -0.009399766976717502], [-0.0936602756385205, 0.02513649175662116, 0.0]]	0.4758914031155267	[[0.6796598375050954, -0.6796598375050953, 0.0], [-0.7071067811865475, -0.7071067811865476, 0.0], [0.0, 0.0, -0.9611841599999998]]
4	[[-0.8305561570912853, 0.32773595720904825, 0.4502950280316503], [-0.5100865793185324, -0.772219296347621, -0.37879947194723407], [0.22358030216652452, -0.5443036842615101, 0.808545204538665]]	0.6572067797241498	0.34279322027585024	[[-0.5458471373820288, 0.2153902930371703, 0.29593694529847664], [-0.3352323581744398, -0.5075077569934688, -0.24894958111965004], [0.14693849039661397, -0.35772007152549756, 0.53138139013626]]	0.7995648071005754	0.34483195850580817	[[-0.653947702913068, 0.262080871037331, 0.20041439376497866], [-0.5616845243175761, -0.627989207414589, -0.3030477027106474], [0.17860713297923003, -0.29251175612212865, 0.6323099544202636]]	[[0.010135770617820818, 3.473363155598666e-05, -0.15962566346149598], [-0.15383724692016154, -0.010549834691061386, -0.0001729759933573544], [-0.0001598081940355434, 0.14269431418855816, -0.014174336078789408]]	0.6558168794960945	[[-0.9238749894349053, 0.0, 0.0], [0.0, -0.7071067811865476, -0.7071067811865475], [0.0, -0.6532782699980715, 0.6532782699980716]]
4	[[-0.3195682178843842, -0.5708200961323295, -0.7563336379995778], [0.910087742671785, 0.03735879733279218, -0.41272826520656647], [0.2638493031197415, -0.8202248094963509, 0.507557688474819]]	0.6526647297255491	0.34733527027445077	[[-0.208570904554387, -0.37255414376411883, -0.4936322894273357], [0.5939821705974158, 0.02438276936407842, -0.2693731816611385], [0.1722051341089206, -0.5353318036041259, 0.3312650015685422]]	0.7723180931930709	0.3684872249239871	[[-0.28631246602404903, -0.4141078517471179, -0.5320664583295167], [0.7753719120222352, 0.0320314197940017, -0.23789593647850632], [0.21978610580068703, -0.5320664583295166, 0.31291625245007804]]	[[-0.039504149342473545, 0.026746836454088308, 0.05206369478809547], [0.07249468196357596, 0.0031785446739531296, 0.08086157031271315], [0.016010515124927672, 0.10140800253035501, -0.07907973369827684]]	0.7109405168115563	[[0.0, 0.0, -0.9238749894349053], [1.0, 1.7938038903913487e-16, 0.0], [1.8447331736866078e-16, -0.9238749894349053, 0.0]]
