4	[[-0.3195682178843842, -0.5708200961323295, -0.7563336379995778], [0.910087742671785, 0.03735879733279218, -0.41272826520656647], [0.2638493031197415, -0.8202248094963509, 0.507557688474819]]	0.5035770645394837	0.4964229354605163	[[-0.16092722508233237, -0.28745190839046436, -0.3808722732362958], [0.45829931392802253, 0.018813033495572968, -0.20784048824519624], [0.13286845754582785, -0.4130464018286296, 0.25559441084659507]]	0.6859168471780297	0.5000716599299652	[[-0.23715682570991764, -0.3743452696263176, -0.3784629084207717], [0.7781626279263857, 0.014617037240636399, -0.22789194714039843], [0.16114109919094993, -0.3784629084207716, 0.3114377440537679]]	[[-0.017959601240359228, 0.017189851018629763, 0.14031907597058796], [0.15391811281758486, -0.011007991240235486, 0.05520532327134734], [-0.019837582935063457, 0.18414310688616542, -0.03670462538584855]]	0.7324603437411097	[[0.0, 0.0, -0.7070943103210001], [1.0, 1.7938038903913487e-16, 0.0], [1.411879687285449e-16, -0.7070943103210001, 0.0]]
4	[[0.8592155572171323, 0.2624339665249735, -0.4391776855101157], [-0.4266000482917053, 0.8413623931712975, -0.33184593135155627], [0.2824199444684594, 0.4724804086637203, 0.8348660002631537]]	0.5460595993740296	0.4539404006259704	[[0.46918290294992093, 0.14330458662276457, -0.23981719100366736], [-0.2329490514631102, 0.4594340113434935, -0.18120765632773259], [0.15421812173168264, 0.2580024626669888, 0.45588659363469625]]	0.7405584952390079	0.45700165852306923	[[0.4607061924497525, 0.18553966456821, -0.2854073917044835], [-0.3522264017478266, 0.7495836460015843, -0.25233215631517064], [0.23753183045245688, 0.31015394710146227, 0.45696482781111336]]	[[-0.1755931876889127, -0.008808038781128532, 0.0398293742194381], [-0.036304111916033346, 0.12650557816395774, -0.006580832742275013], [0.028383341351410376, -0.039745433368453945, -0.16130228106997702]]	0.6099331789635863	[[0.4999911817664042, 0.35354715516050006, -0.3535471551605], [-0.7071067811865475, 0.5000000000000001, -0.5], [0.0, 0.4999911817664041, 0.4999911817664042]]
4	[[-0.30792515101507295, 0.09349718223056193, 0.9468053539599837], [0.3027085282091916, -0.9338174967034747, 0.1906631317268273], [0.9019698710720718, 0.34531602882779927, 0.2592434992682147]]	0.602790755545021	0.39720924445497924	[[-0.18561443443169054, 0.05635923711809095, 0.5707255146676096], [0.1824699024291399, -0.5628965543790477, 0.1149299732281941], [0.5436991000623793, 0.2081533099189154, 0.15626958479402225]]	0.7973034004357116	0.30410354194720385	[[-0.1766906729308465, 0.07154465962133083, 0.7247574341719468], [0.2610488083031085, -0.8375189194795314, 0.1312152199184419], [0.6661492294052399, 0.2426721507659758, 0.10514601330951569]]	[[0.06881909705315109, -0.0030009617022535764, -0.030133694091085784], [0.019698269421030534, -0.09298305397148701, -0.02080114334507953], [-0.05299441589108328, -0.03264949324338473, -0.10154971019788481]]	0.4832547222848542	[[0.0, 0.0, 0.917], [0.0, -1.0, 0.0], [0.917, 0.0, 0.0]]
4	[[0.5319609947059123, -0.8460851799387872, 0.03402011756955908], [-0.703274286200726, -0.4190807785627857, 0.5742617690636116], [-0.47161719485230363, -0.3294103357928521, -0.8179645788128509]]	0.5508770166571719	0.4491229833428281	[[0.2930450857415746, -0.4660888797625256, 0.018740900873044933], [-0.38741764067395806, -0.23086196903303235, 0.31634761012203216], [-0.2598030733044612, -0.1814645830376036, -0.45059788690766345]]	0.7100206258182429	0.4801649113672492	[[0.42912761661767734, -0.5542738481347693, 0.08054076800988198], [-0.527795859640413, -0.34614122247112117, 0.3288277515156459], [-0.2470573461146726, -0.10979402062208145, -0.4970840747874798]]	[[0.05142433824569054, 0.046464080820909096, 0.05638578284273345], [-0.028456610830295395, -0.048585225807575474, -0.07890994913839088], [0.08780058972100424, 0.12409411214855695, 0.08368764735837599]]	0.7017202520934632	[[0.5945983141251748, -0.5945983141251748, 0.0], [-0.7071067811865475, -0.7071067811865476, 0.0], [0.0, 0.0, -0.8408890000000001]]
4	[[0.3802729664721569, 0.7767473726770865, -0.5020517802076895], [0.4287143634067757, 0.332951791095048, 0.839849450446521], [0.8195098935212374, -0.5346088512602871, -0.20639019011321075]]	0.5528706093715652	0.44712939062843504	[[0.2102417467009942, 0.4294407932597432, -0.2775696736595044], [0.23702357134304672, 0.1840792596340734, 0.4643280774487422], [0.453082934217113, -0.29556952137170744, -0.114107070176204]]	0.7485414046444993	0.3890992735248406	[[0.2964785174786359, 0.42999474676341315, -0.3503937119660135], [0.4134110500567762, 0.3132811864655159, 0.7100102950106667], [0.5344056664094079, -0.3823274670644959, -0.03695647330605976]]	[[0.011828457007236986, -0.15143282263421756, 0.02541283279492176], [0.09250059828099597, 0.06405298508032689, 0.08134820768351687], [-0.07903142040704313, 0.017849393393261657, 0.11753512950612825]]	0.46412945921612975	[[0.3535471551605, 0.35354715516050006, -0.4999911817664042], [0.5, 0.5000000000000001, 0.7071067811865475], [0.4999911817664042, -0.4999911817664041, 0.0]]
4	[[-0.8305561570912853, 0.32773595720904825, 0.4502950280316503], [-0.5100865793185324, -0.772219296347621, -0.37879947194723407], [0.22358030216652452, -0.5443036842615101, 0.808545204538665]]	0.5303771935813685	0.46962280641863147	[[-0.44050804370980234, 0.17382367722023845, 0.23882621325107034], [-0.27053828842248334, -0.40956750322623037, -0.20090660086147832], [0.11858189320315568, -0.28868626051461904, 0.42883393646689066]]	0.722408987771066	0.42243318218131415	[[-0.5132857669388876, 0.1778765269800086, 0.23957516055775258], [-0.4397616358438555, -0.6709115847773556, -0.26134966676777066], [0.13639154849240911, -0.3405293722651364, 0.4830690202448912]]	[[0.08671546579245416, -0.05888287412356129, -0.0857220148409357], [-0.07127050640274898, -0.11305342456558594, 0.01229847632984498], [-0.02512487128125896, 0.05268050132228302, -0.10103130253303524]]	0.6866857564845857	[[-0.5945983141251748, 0.5945983141251748, 0.0], [-0.7071067811865475, -0.7071067811865476, 0.0], [0.0, 0.0, 0.8408890000000001]]
4	[[0.8489524140446696, -0.5135124485683378, 0.12483895166604869], [0.522794976890395, 0.7815435453534784, -0.34040431673891397], [0.0772347773085365, 0.35425224329800037, 0.9319550081910795]]	0.6752990654842347	0.32470093451576526	[[0.5732967718449505, -0.34677447663271965, 0.08430362739611422], [0.3530429593339358, 0.5277756258124394, -0.229874716980588], [0.052156572939337675, 0.2392262088448334, 0.6293483461047883]]	0.82341163720786	0.26585653314985525	[[0.6559421558173941, -0.406270349112904, 0.049852578117190585], [0.4764995264363798, 0.6262414906448476, -0.26410275481778056], [0.027103742388261527, 0.22639720570903235, 0.7239939229091013]]	[[-0.04309514134269243, 0.016561776889368114, -0.052941267461463465], [0.04602405859101433, -0.017290559583895526, 0.01619012094083152], [-0.036492272044745, -0.06529821392953132, -0.04338867618958003]]	0.45569907498663015	[[0.6484169183480641, -0.648416918348064, 0.0], [0.7071067811865475, 0.7071067811865476, 0.0], [0.0, 0.0, 0.917]]
4	[[0.04673222253661188, -0.9725397674033924, -0.22799671093185395], [-0.8377629715199755, -0.16246744520517667, 0.5213036857710898], [-0.5440306084466285, 0.16664552219444034, -0.8223502702654952]]	0.5255493442900413	0.4744506557099586	[[0.024560088911332677, -0.5111176370548421, -0.11982352193052198], [-0.44028578035279964, -0.0853846592960589, 0.273970810232978], [-0.28591492954283787, 0.08758044491815965, -0.43218564531476933]]	0.7030480836408091	0.46512479400274176	[[-0.001868353041935656, -0.7060285079446762, -0.10986937693137555], [-0.6720236819381746, -0.15009303378166966, 0.2807738983639707], [-0.2441785965579855, 0.018067837326700847, -0.5096853510316375]]	[[-0.03472335254057636, -0.022286288207242894, 0.050423273765671926], [-0.08303603026582622, -0.035870607776152155, -0.08572765891228443], [0.13830108015235998, -0.09909197769942234, 0.06846643056002029]]	0.6847268283726697	[[1.5396725052185921e-16, -0.7710952130000001, 0.0], [-1.0, -1.7938038903913487e-16, 0.0], [0.0, 0.0, -0.7710952130000001]]
4	[[0.22433838825039393, -0.7661379269479729, -0.6022499185961573], [-0.9416906372873723, -0.011392912655017143, -0.3362869982418849], [0.2507808429735371, 0.642575192824231, -0.724020780340167]]	0.468039950141742	0.531960049858258	[[0.10499932805159312, -0.3585831571304268, -0.28187702187261365], [-0.440748838924927, -0.005332338271023454, -0.15739574989044788], [0.11737545324183835, 0.30075086121177336, -0.3388706499319969]]	0.6926907335867355	0.4964349217076228	[[0.18226226785871974, -0.42292076271264956, -0.33090317775756073], [-0.8166839430002877, 0.04746784797943497, -0.20297788340945838], [0.1435245064798274, 0.33090317775756073, -0.35489175948878177]]	[[0.026865145129888496, 0.10777587993356251, 0.08626976015736318], [-0.16438356464593734, 0.055359613004128276, 0.029965004098394123], [-0.03018905960901195, -0.11420270394449389, 0.14663072597708915]]	0.7322075861377164	[[1.5396725052185921e-16, -0.7710952130000001, 0.0], [-1.0, -1.7938038903913487e-16, 0.0], [0.0, 0.0, -0.7710952130000001]]
4	[[-0.5446221603179724, 0.8109226453022452, -0.2139887049042392], [-0.8354447797583356, -0.5021691245819775, 0.22328947644507607], [0.07361197229480154, 0.30038414347728, 0.9509735242804028]]	0.5953149461556773	0.4046850538443228	[[-0.3242217120448823, 0.48275437092452544, -0.12739067433799028], [-0.49735276407787515, -0.29894878536156344, 0.13292756264702982], [0.04382230732309299, 0.1788231702001962, 0.5661287524024626]]	0.7642661702520658	0.3356331358486939	[[-0.43776458851676636, 0.5863730243756807, -0.08524411779382135], [-0.7316171355874765, -0.39243990231298764, 0.10582893445811131], [0.06872902750839974, 0.09134612770808616, 0.7014995618218265]]	[[-0.021528295816143076, -0.033387720120140546, 0.07830021018054104], [-0.09311495330449276, -0.008649028649887239, -0.0648236585621558], [0.012469887357950595, -0.13822731123174167, -0.02529733159106676]]	0.4379666630024169	[[-0.5945983141251748, 0.5945983141251748, 0.0], [-0.7071067811865475, -0.7071067811865476, 0.0], [0.0, 0.0, 0.8408890000000001]]
4	[[0.08740825448676931, -0.06334395238859675, -0.994156597696443], [0.7119981850616444, -0.6940087028176986, 0.10681996481098455], [-0.6967197295301035, -0.717174639895393, -0.015561310176609944]]	0.6263883090447486	0.3736116909552515	[[0.05475150872452049, -0.03967791122490419, -0.6227280701567554], [0.4459873391836933, -0.43471893782031773, 0.06691077713017216], [-0.4364170932584762, -0.44922980997385176, -0.009747422768047543]]	0.8441636619720375	0.2626022915270013	[[0.047554242865103895, -0.0475542428651039, -0.735120330534798], [0.6742826657493904, -0.6651627149666937, 0.09511016313747957], [-0.527806883607155, -0.5353294927593227, 0.0]]	[[-0.026232629329031046, 0.005918419947036322, 0.10411054355029295], [0.0732396705303083, -0.07930578695564157, 0.00493663047091465], [0.060338594641144896, 0.07008327752824965, 0.013136292583769783]]	0.26770911436829486	[[0.0, 0.0, -0.7710952130000001], [0.7071067811865475, -0.7071067811865476, 0.0], [-0.5452466540527854, -0.5452466540527853, 0.0]]
4	[[0.8787972042104137, -0.3840163418041313, 0.28327887866788265], [-0.395223040501579, -0.9183905790867732, -0.018907472103605397], [0.2674214316928388, -0.09534250611366366, -0.9588511794847616]]	0.5871209092313132	0.4128790907686869	[[0.515960213565954, -0.22546402375972432, 0.16631895280951414], [-0.2320437108884512, -0.5392063118228986, -0.011100972212734494], [0.15700871412343909, -0.05597757887784623, -0.5629615763166104]]	0.7938115860433902	0.36387752022956293	[[0.5541723786249821, -0.2348400908058399, 0.22580532731626446], [-0.3455154793293523, -0.8470389265949794, -0.023765218600194673], [0.20273360078798316, -0.07568398599543898, -0.6431687223002054]]	[[-0.14342702385978331, 0.06999653054827823, 0.0009352713483194472], [-0.03178285070790282, -0.11800984440280049, -0.008756248181560518], [-0.009548630046103318, 0.0, 0.11797845326616864]]	0.5116609424009625	[[0.5945983141251748, -0.5945983141251748, 0.0], [-0.7071067811865475, -0.7071067811865476, 0.0], [0.0, 0.0, -0.8408890000000001]]
4	[[0.034229894132735264, 0.2773841392786001, 0.9601491309293217], [-0.1827544195208179, -0.9427759796974285, 0.2788803941677556], [0.9825625356654255, -0.18501754344446375, 0.018422055382213542]]	0.7592628563851305	0.24073714361486956	[[0.02598948719298119, 0.21060747390460077, 0.7290055717050975], [-0.13875864258238266, -0.7158147832763594, 0.2117435246656212], [0.7460232374063476, -0.1404769485170035, 0.013987182389984521]]	0.8700706714773064	0.1999655625208669	[[0.009216413869506114, 0.21139852240735785, 0.781651281684744], [-0.16836064078272406, -0.8236683072206885, 0.2573417234012955], [0.8109196586331442, -0.1445559734510753, 0.0]]	[[-0.020566013103159968, -0.029945281911928426, -0.05374631738128327], [-0.009351380274800692, -0.003386577512671539, 0.014696071585900517], [-0.04397918654171751, 0.016422364808731004, -0.016028490096394662]]	0.3753697246320414	[[0.0, 0.0, 0.917], [0.0, -1.0, 0.0], [0.917, 0.0, 0.0]]
4	[[-0.42203838922340475, -0.825029846081567, 0.3757783270710803], [0.2588054115689476, 0.28760896992378115, 0.9221175843470338], [-0.8688517462515349, 0.4864224845687207, 0.09214016247897017]]	0.5398886096654567	0.4601113903345433	[[-0.22785371918327288, -0.4454242165334831, 0.2028784385448168], [0.13972609382585544, 0.15527680689946444, 0.4978407805611897], [-0.4690831612891454, 0.2626139589038238, 0.0497454242151205]]	0.7432189889325181	0.4081346107280828	[[-0.22108002495595747, -0.4870141402790533, 0.2676835836883107], [0.2691548071303197, 0.23565528130327507, 0.8284568064303437], [-0.5641836810209957, 0.2892969968409171, 0.023357372821580312]]	[[0.09258691997336993, 0.12616370776483993, -0.01160200462021073], [0.07680571081378228, 0.021898833468599343, 0.14312150771504498], [0.08156343536032302, -0.07222143033429095, -0.045122945576117825]]	0.5771463735241401	[[-0.3535471551605, -0.35354715516050006, 0.4999911817664042], [0.5, 0.5000000000000001, 0.7071067811865475], [-0.4999911817664042, 0.4999911817664041, 0.0]]
