4	[[0.08740825448676931, -0.06334395238859675, -0.994156597696443], [0.7119981850616444, -0.6940087028176986, 0.10681996481098455], [-0.6967197295301035, -0.717174639895393, -0.015561310176609944]]	0.7408238934663246	0.2591761065336756	[[0.06475412340998375, -0.046926713436065734, -0.7364949614207135], [0.527465267598324, -0.5141382293209207, 0.07913478223120937], [-0.5161466226852958, -0.5313001090226142, -0.01152819039247332]]	0.8918166275715601	0.17534444378548644	[[0.050481712856559245, -0.05048171285655926, -0.8236178183124874], [0.6814777206844792, -0.669056000409129, 0.08750308595704186], [-0.5926324237426047, -0.6032959545518406, 0.0]]	[[-0.02747042188174805, 0.006009477139692569, 0.06298756592317072], [0.046505900445732, -0.050127499556936274, -0.0077607348180030915], [0.028713815809501587, 0.036292314179516685, 0.01387783516229928]]	0.1969692381081917	[[0.0, 0.0, -0.8584584560639997], [0.7071067811865475, -0.7071067811865476, 0.0], [-0.6070217956497881, -0.607021795649788, 0.0]]
4	[[0.3802729664721569, 0.7767473726770865, -0.5020517802076895], [0.4287143634067757, 0.332951791095048, 0.839849450446521], [0.8195098935212374, -0.5346088512602871, -0.20639019011321075]]	0.645548912928461	0.35445108707153933	[[0.24548480012218193, 0.5014284220517312, -0.32409898094687245], [0.27675609125406125, 0.2149366667989922, 0.542163899759317], [0.5290337208967536, -0.34511616277301155, -0.1332349628666816]]	0.8051434575671508	0.3058085884418449	[[0.3453472546784174, 0.5190779267204259, -0.40794246943215856], [0.40700329417695147, 0.3001087063543848, 0.7173058021812793], [0.5902846984332464, -0.416554026391238, -0.06827372121769616]]	[[0.03917296363370781, -0.1063151385730038, -0.003718763237996258], [0.06182672931492014, 0.03203475006894219, 0.041106511812895895], [-0.06953833074693028, 0.01388279255847222, 0.09789999005799593]]	0.4107489231950395	[[0.40793945832161255, 0.40793945832161266, -0.5769135145855586], [0.5, 0.5000000000000001, 0.7071067811865475], [0.5769135145855586, -0.5769135145855585, 0.0]]
4	[[0.5319609947059123, -0.8460851799387872, 0.03402011756955908], [-0.703274286200726, -0.4190807785627857, 0.5742617690636116], [-0.47161719485230363, -0.3294103357928521, -0.8179645788128509]]	0.605577526392123	0.39442247360787697	[[0.3221436233110997, -0.5123701703843652, 0.020601818645342766], [-0.4258871026126216, -0.2537859012405369, 0.3477600216111065], [-0.2856007742626499, -0.199483496317434, -0.495340966313861]]	0.7519341940826862	0.42720136076276477	[[0.4716981340050567, -0.6210769130505996, 0.09323548921890647], [-0.5050416436894414, -0.36299612279872817, 0.34460043915847594], [-0.26518928532586683, -0.1091984368684367, -0.5578834615875962]]	[[0.07169847216744248, 0.015123464851977067, 0.06765459953164187], [0.023774339923977983, -0.04787495531457511, -0.08720662135486842], [0.08943581000093734, 0.1384964584984686, 0.0571720747702288]]	0.6777354669483882	[[0.6387013843116458, -0.6387013843116458, 0.0], [-0.7071067811865475, -0.7071067811865476, 0.0], [0.0, 0.0, -0.9032601599999999]]
4	[[-0.8305561570912853, 0.32773595720904825, 0.4502950280316503], [-0.5100865793185324, -0.772219296347621, -0.37879947194723407], [0.22358030216652452, -0.5443036842615101, 0.808545204538665]]	0.593038950961718	0.40696104903828206	[[-0.49255215211621173, 0.19436018825568843, 0.26704249104716726], [-0.3025012098987136, -0.45795612141838904, -0.22464284146844038], [0.13259182785253965, -0.3227932859190441, 0.4794987999047376]]	0.7623447070334557	0.3939465463178042	[[-0.5963085677682801, 0.23651176495862256, 0.19651596301746127], [-0.5695223856788765, -0.6234324220959085, -0.3030499838734511], [0.1754342831151695, -0.2646859507070682, 0.5759061201893176]]	[[0.03686152248430845, -0.013336007324238505, -0.14676406820594887], [-0.18066058180659236, -0.034735128856200045, -0.014274211407409358], [0.004989023161578899, 0.15026108200850333, -0.040484036888016287]]	0.6813425432719898	[[-0.6387013843116458, 0.6387013843116458, 0.0], [-0.7071067811865475, -0.7071067811865476, 0.0], [0.0, 0.0, 0.9032601599999999]]
4	[[0.8592155572171323, 0.2624339665249735, -0.4391776855101157], [-0.4266000482917053, 0.8413623931712975, -0.33184593135155627], [0.2824199444684594, 0.4724804086637203, 0.8348660002631537]]	0.6422212802294314	0.3577787197705688	[[0.5518065151490309, 0.16854067795735622, -0.28204925543650505], [-0.2739716291598362, 0.5403408332793689, -0.21311851887152444], [0.18137609829885892, 0.3034369729353392, 0.5361687115090272]]	0.7735752648491766	0.4040081198234038	[[0.5134721680155465, 0.20903079256731158, -0.29340021571938407], [-0.3553344916935074, 0.7489447786840119, -0.2507664285121301], [0.24525587845041158, 0.3315032730394244, 0.5108867428554958]]	[[-0.15119573422122956, 0.006018367407335211, 0.04633677866495209], [-0.025327246351579905, 0.0980876425523884, 0.005941375722271789], [0.026782795109533304, -0.03399588422866026, -0.13494494441164614]]	0.5554547159610007	[[0.5769135145855586, 0.40793945832161266, -0.40793945832161255], [-0.7071067811865475, 0.5000000000000001, -0.5], [0.0, 0.5769135145855585, 0.5769135145855586]]
4	[[-0.42203838922340475, -0.825029846081567, 0.3757783270710803], [0.2588054115689476, 0.28760896992378115, 0.9221175843470338], [-0.8688517462515349, 0.4864224845687207, 0.09214016247897017]]	0.6432925037989052	0.3567074962010948	[[-0.27149413210278095, -0.5307355153946367, 0.24173538089491922], [0.1664875812048944, 0.18501669437729312, 0.5931913296316016], [-0.558925815276201, 0.3129119380022967, 0.059273075821534675]]	0.8056826657599656	0.32169188826969486	[[-0.257921241821221, -0.5579576748220043, 0.306434784761366], [0.26558121539369867, 0.235976722243481, 0.8270797541469096], [-0.6506432519917542, 0.34060203640851006, 0.024153681799171448]]	[[0.08210777266133369, 0.1067545709005267, 0.003676700471917824], [0.057066181487723994, 0.004255160658811234, 0.08414560064605145], [0.04937553907838348, -0.05130012764440259, -0.0500820499304416]]	0.529372196689844	[[-0.40793945832161255, -0.40793945832161266, 0.5769135145855586], [0.5, 0.5000000000000001, 0.7071067811865475], [-0.5769135145855586, 0.5769135145855585, 0.0]]
4	[[-0.30792515101507295, 0.09349718223056193, 0.9468053539599837], [0.3027085282091916, -0.9338174967034747, 0.1906631317268273], [0.9019698710720718, 0.34531602882779927, 0.2592434992682147]]	0.6694393668133349	0.33056063318666506	[[-0.20613721812143102, 0.06259069447125833, 0.633828776650447], [0.2026450054533577, -0.6251341937123875, 0.12763740617785474], [0.6038141393751932, 0.23116814368897723, 0.1735478040005869]]	0.8255389243828126	0.2852023739736162	[[-0.22951464518597306, 0.07211969735244302, 0.724366967681914], [0.24816078259321772, -0.847996108476022, 0.11880907385745892], [0.6629514282448865, 0.2502628823593993, 0.15739494783353006]]	[[0.024689552773425397, -0.00506586589899889, -0.057257705826099216], [-0.0017368901861026017, -0.07709341667758497, -0.03859076282776459], [-0.08165980894565592, -0.03480894065124641, -0.05662065170558837]]	0.4752254315490653	[[0.0, 0.0, 0.9503999999999999], [0.0, -1.0, 0.0], [0.9503999999999999, 0.0, 0.0]]
4	[[0.8489524140446696, -0.5135124485683378, 0.12483895166604869], [0.522794976890395, 0.7815435453534784, -0.34040431673891397], [0.0772347773085365, 0.35425224329800037, 0.9319550081910795]]	0.7410682653464793	0.25893173465352093	[[0.6291316928377891, -0.38054777949436114, 0.09251418535883166], [0.3874267666560179, 0.5791771194478395, -0.25226283652216047], [0.057236242444458754, 0.26252509543594804, 0.6906422813011273]]	0.875670075790509	0.20863429624623672	[[0.7033784182296552, -0.45040920236216375, 0.05296101794276084], [0.502702526383137, 0.6661143756269856, -0.3033686762596035], [0.027781967021141447, 0.2660444818273331, 0.7840648280610918]]	[[-0.04002380651937616, -0.0007417176049575314, -0.05635671632425571], [0.044906609346627345, -0.018259919966278015, -0.005286802421422283], [-0.03985021627828781, -0.044163606910384595, -0.03202028459493514]]	0.44334354913215246	[[0.6720342848396947, -0.6720342848396946, 0.0], [0.7071067811865475, 0.7071067811865476, 0.0], [0.0, 0.0, 0.9503999999999999]]
4	[[0.034229894132735264, 0.2773841392786001, 0.9601491309293217], [-0.1827544195208179, -0.9427759796974285, 0.2788803941677556], [0.9825625356654255, -0.18501754344446375, 0.018422055382213542]]	0.8281059482341853	0.1718940517658147	[[0.028345978938744507, 0.22970345568242848, 0.795105206514455], [-0.151340021871275, -0.7807183966397521, 0.23094251325621265], [0.8136658802966027, -0.15321412825403719, 0.015255413640710622]]	0.8989137114368941	0.1541209927214702	[[0.009122110979598742, 0.22582834502917398, 0.8269685376609066], [-0.166283991286745, -0.8255219497641925, 0.2549432839289558], [0.8584929692212149, -0.15350013689539765, 0.0]]	[[-0.02164761019735028, -0.023516061103480833, -0.03612268115567837], [-0.0020035377537914213, 0.021952305199176975, 0.004253873760634614], [-0.02474596643263824, 0.012814669763202061, -0.016559838175921583]]	0.35987982416799824	[[0.0, 0.0, 0.9503999999999999], [0.0, -1.0, 0.0], [0.9503999999999999, 0.0, 0.0]]
4	[[0.22433838825039393, -0.7661379269479729, -0.6022499185961573], [-0.9416906372873723, -0.011392912655017143, -0.3362869982418849], [0.2507808429735371, 0.642575192824231, -0.724020780340167]]	0.5326317423977595	0.46736825760224054	[[0.11948974662051243, -0.40806937894730616, -0.3207774235007801], [-0.5015743249380296, -0.0060682269184272886, -0.1791171298192875], [0.133573837352974, 0.34225594457554653, -0.3856364497647687]]	0.7430736009147618	0.4313418955778451	[[0.20640770679912496, -0.4884409851893795, -0.36571418258625427], [-0.8149014094838627, 0.046532957809502326, -0.2043731727381682], [0.1667437627645555, 0.3657141825862542, -0.4071940939593509]]	[[0.039707772818490764, 0.08085588298522137, 0.08180183307561449], [-0.11515595668701806, 0.0549987304409733, 0.04551281798624543], [-0.019604861264230194, -0.1117664798041445, 0.13080663442513285]]	0.7313249148253685	[[1.629093676584795e-16, -0.8158789166432253, 0.0], [-1.0, -1.7938038903913487e-16, 0.0], [0.0, 0.0, -0.8158789166432253]]
4	[[0.8787972042104137, -0.3840163418041313, 0.28327887866788265], [-0.395223040501579, -0.9183905790867732, -0.018907472103605397], [0.2674214316928388, -0.09534250611366366, -0.9588511794847616]]	0.6459236249853719	0.35407637501462813	[[0.5676358757706006, -0.24804522755174607, 0.1829765201909501], [-0.2552838989985204, -0.5932101719961435, -0.012212782920470582], [0.17273382055781644, -0.06158397716412762, -0.6193446296742967]]	0.8227218630729932	0.28697662260124845	[[0.6521895719491262, -0.26527823019299335, 0.16494139372795427], [-0.3164585280347959, -0.8546887217883549, -0.03435393058952782], [0.1564226152761983, -0.05159668731400668, -0.7492181434901666]]	[[-0.07081610116220302, 0.05066040998657689, -0.0681183330989146], [0.008700108176036154, -0.0991087135333996, -0.018798339914448937], [-0.06359084323178124, 0.026843676945874924, 0.03964968530527358]]	0.4909565848311577	[[0.6387013843116458, -0.6387013843116458, 0.0], [-0.7071067811865475, -0.7071067811865476, 0.0], [0.0, 0.0, -0.9032601599999999]]
4	[[-0.5446221603179724, 0.8109226453022452, -0.2139887049042392], [-0.8354447797583356, -0.5021691245819775, 0.22328947644507607], [0.07361197229480154, 0.30038414347728, 0.9509735242804028]]	0.6663179297451597	0.3336820702548404	[[-0.3628915103564077, 0.5403322982012605, -0.14258451084064058], [-0.556671836064975, -0.33460429147340226, 0.14878178167876366], [0.04904897698393021, 0.2001513406100542, 0.6336507099409763]]	0.8047415860484118	0.2900432558647432	[[-0.47977999099709717, 0.6178739737986904, -0.11140522235718944], [-0.7350827868238935, -0.40629012059395864, 0.09662633496788853], [0.07489053586123058, 0.11535007598876515, 0.7433488290394744]]	[[-0.04149988990569975, -0.034709201944412196, 0.06080038742389364], [-0.06276562970530428, -0.002173742813315612, -0.08306399245444146], [0.015651920524560242, -0.12638153605693486, -0.02193911317998497]]	0.41170531433711544	[[-0.6387013843116458, 0.6387013843116458, 0.0], [-0.7071067811865475, -0.7071067811865476, 0.0], [0.0, 0.0, 0.9032601599999999]]
4	[[-0.3195682178843842, -0.5708200961323295, -0.7563336379995778], [0.910087742671785, 0.03735879733279218, -0.41272826520656647], [0.2638493031197415, -0.8202248094963509, 0.507557688474819]]	0.5862805682745522	0.4137194317254479	[[-0.1873566363837427, -0.33466073034299676, -0.44342371509155193], [0.5335667589533184, 0.0219027369303232, -0.2419745618682759], [0.15468971937188664, -0.48088186742440703, 0.297571210031135]]	0.7294722528282114	0.42505331519660283	[[-0.24501034067713348, -0.3708989317344057, -0.4794485880907037], [0.7875372229038092, 0.033178340732021, -0.2262056958044295], [0.1845564580314449, -0.4794485880907037, 0.28782907973308186]]	[[-0.011894192844715091, 0.04549848975086087, 0.07227581471060505], [0.12365346698568065, 0.005926134678716524, 0.074868121621684], [-0.007914287522466467, 0.11888265151818991, -0.08242017071892381]]	0.715073070318978	[[0.0, 0.0, -0.8158789166432253], [1.0, -1.7938038903913487e-16, 0.0], [-1.629093676584795e-16, -0.8158789166432253, 0.0]]
4	[[0.04673222253661188, -0.9725397674033924, -0.22799671093185395], [-0.8377629715199755, -0.16246744520517667, 0.5213036857710898], [-0.5440306084466285, 0.16664552219444034, -0.8223502702654952]]	0.5813867371940815	0.4186132628059186	[[0.027169494382388512, -0.565421722162149, -0.13255426385965274], [-0.4870642805540166, -0.09445641786809582, 0.30307904895770255], [-0.3162921803784962, 0.09688549641662957, -0.4781035404603273]]	0.7514246795130493	0.4064845992832725	[[-0.008609925263113103, -0.7914050245348103, -0.12219812658784981], [-0.6865665187764601, -0.14394566837336162, 0.27030057935806123], [-0.2665563482540122, 0.02296902219547076, -0.5758393109749149]]	[[-0.04372567060561929, -0.06061464150002074, 0.04912422885414787], [-0.05705074639416266, -0.02186362042875779, -0.12141987565145125], [0.1422416773432848, -0.1022525359117713, 0.0420949773068042]]	0.6510737206811368	[[1.7141137169452808e-16, -0.8584584560639997, 0.0], [-1.0, -1.7938038903913487e-16, 0.0], [0.0, 0.0, -0.8584584560639997]]
