4	[[0.8489524140446696, -0.5135124485683378, 0.12483895166604869], [0.522794976890395, 0.7815435453534784, -0.34040431673891397], [0.0772347773085365, 0.35425224329800037, 0.9319550081910795]]	0.7944634074395059	0.2055365925604941	[[0.6744616276159224, -0.4079668496522058, 0.09917997892178483], [0.41534147873260097, 0.6209077481038765, -0.2704387733835145], [0.06136020435337135, 0.28144044430361825, 0.7404041513877979]]	0.8963992063637708	0.1745709691395783	[[0.7344655142420576, -0.4639415212867349, 0.06460267321380994], [0.5078979571662917, 0.6666236492707854, -0.296943750138628], [0.02185001620916261, 0.2855796578245138, 0.8156806133852751]]	[[-0.026534755948191602, -0.0036293699321602486, -0.04730286398292126], [0.03926495479077586, -0.03395136452280027, 0.00819440922893618], [-0.04738317687389208, -0.031971771920399225, -0.019723116323950185]]	0.4366541735489135	[[0.6857521563947139, -0.6857521563947138, 0.0], [0.7071067811865475, 0.7071067811865476, 0.0], [0.0, 0.0, 0.9698]]
4	[[0.3802729664721569, 0.7767473726770865, -0.5020517802076895], [0.4287143634067757, 0.332951791095048, 0.839849450446521], [0.8195098935212374, -0.5346088512602871, -0.20639019011321075]]	0.7046139731432985	0.2953860268567016	[[0.26794564578493474, 0.5473070523906204, -0.3537526995758061], [0.3020781309436482, 0.23460248438865927, 0.591769658121339], [0.577438122104241, -0.3766928667640857, -0.14542541187347016]]	0.8378746002447535	0.2588143720158153	[[0.3465233831549189, 0.5749364478767895, -0.42672945787242506], [0.4048574276190014, 0.2935088964147543, 0.7167179379531496], [0.6404360344152051, -0.42672945787242506, -0.0780350984437604]]	[[0.02790232338817393, -0.07588044649618697, -0.006073023228740515], [0.04564855176036525, 0.014537047550216255, 0.013029415394494915], [-0.046210490015522035, 0.02120571966459489, 0.09489399959178474]]	0.38636245440497563	[[0.4422814486924807, 0.4422814486924808, -0.6254804231269266], [0.5, 0.5000000000000001, 0.7071067811865475], [0.6254804231269266, -0.6254804231269265, 0.0]]
4	[[0.034229894132735264, 0.2773841392786001, 0.9601491309293217], [-0.1827544195208179, -0.9427759796974285, 0.2788803941677556], [0.9825625356654255, -0.18501754344446375, 0.018422055382213542]]	0.8580117268528492	0.1419882731471508	[[0.029369650574818384, 0.23799884434402294, 0.8238192138649297], [-0.15680543508304703, -0.8089128463755774, 0.23928264858527917], [0.843050177967206, -0.1587472219488564, 0.015806339550671865]]	0.9147725713541657	0.13060571911236055	[[0.009052903975346286, 0.23445549917768901, 0.8536304282826221], [-0.1651647155026082, -0.8265022658376397, 0.2536958673531639], [0.8865181596444488, -0.15880732769373412, 0.0]]	[[-0.02225966429763681, -0.019287903163058034, -0.024687661101060937], [0.002014014768788335, 0.035923341321119524, -0.0014162679199371778], [-0.01230309762248164, 0.010441646268589004, -0.016851990971616326]]	0.35126263653763	[[0.0, 0.0, 0.9698], [0.0, -1.0, 0.0], [0.9698, 0.0, 0.0]]
4	[[-0.30792515101507295, 0.09349718223056193, 0.9468053539599837], [0.3027085282091916, -0.9338174967034747, 0.1906631317268273], [0.9019698710720718, 0.34531602882779927, 0.2592434992682147]]	0.7074484458705044	0.2925515541294958	[[-0.2178411695300538, 0.06614443626228238, 0.6698159762008632], [0.21415067783334035, -0.6606277367695579, 0.13488433622494722], [0.6380971835119564, 0.2442932879284009, 0.18340141065932977]]	0.8419274779981513	0.27016099872870386	[[-0.24909834088171934, 0.07620114751004013, 0.735955578164281], [0.2445816883824632, -0.8497520384270247, 0.11814897816592523], [0.6732196461926516, 0.25922263409111523, 0.17289719337167925]]	[[0.010152304924600834, -0.0025166993252704207, -0.06118586565039487], [-0.01027693934123361, -0.06354542851692135, -0.04237555147607176], [-0.08617357258937527, -0.03150841917221067, -0.04536703215462432]]	0.47128152901690035	[[0.0, 0.0, 0.9698], [0.0, -1.0, 0.0], [0.9698, 0.0, 0.0]]
4	[[-0.42203838922340475, -0.825029846081567, 0.3757783270710803], [0.2588054115689476, 0.28760896992378115, 0.9221175843470338], [-0.8688517462515349, 0.4864224845687207, 0.09214016247897017]]	0.70967256173332	0.29032743826668006	[[-0.2995090648299776, -0.5855010443751524, 0.26667956801639486], [0.18366709941858125, 0.20410819446329123, 0.6544015483029002], [-0.6166002445287952, 0.3452006907085704, 0.06538934514497509]]	0.8381739124548548	0.2664863688275803	[[-0.2734429404537758, -0.6111199569311858, 0.32646446326240164], [0.2609709682281721, 0.23441632747982463, 0.8299164474066532], [-0.7106240473460882, 0.36321746496553337, 0.023489249959375114]]	[[0.0802986274477502, 0.08039853705102795, 0.011496872645494191], [0.044047023848938334, -0.006650008098301784, 0.05702154399108005], [0.017624820152793607, -0.044489172031442634, -0.053740230519849316]]	0.5050872466799399	[[-0.4422814486924807, -0.4422814486924808, 0.6254804231269266], [0.5, 0.5000000000000001, 0.7071067811865475], [-0.6254804231269266, 0.6254804231269265, 0.0]]
4	[[-0.5446221603179724, 0.8109226453022452, -0.2139887049042392], [-0.8354447797583356, -0.5021691245819775, 0.22328947644507607], [0.07361197229480154, 0.30038414347728, 0.9509735242804028]]	0.7052605046566875	0.2947394953433126	[[-0.38410049963306847, 0.5719117140633977, -0.15091778201159473], [-0.5892062069851588, -0.3541600502256925, 0.1574772488421819], [0.05191561672940583, 0.21184907261965333, 0.6706840676491456]]	0.8269322750343333	0.26116438642328454	[[-0.4985816346812339, 0.636526265004131, -0.1263677365919578], [-0.7360818715787794, -0.40786451369653115, 0.09497511523741038], [0.0771634699993745, 0.13321572970645765, 0.768718601662935]]	[[-0.04821599261537968, -0.03405184295251425, 0.05058642998615537], [-0.04522561918766134, 0.007395342946042927, -0.08967015951054155], [0.016291354279869965, -0.1151816134434491, -0.017672098267676305]]	0.3981628569554064	[[-0.6650424412715935, 0.6650424412715934, 0.0], [-0.7071067811865475, -0.7071067811865476, 0.0], [0.0, 0.0, 0.94051204]]
4	[[0.8787972042104137, -0.3840163418041313, 0.28327887866788265], [-0.395223040501579, -0.9183905790867732, -0.018907472103605397], [0.2674214316928388, -0.09534250611366366, -0.9588511794847616]]	0.6812058051552573	0.31879419484474286	[[0.5986417570623438, -0.2615941613114598, 0.19297121662643343], [-0.26922822952078695, -0.6256129938738084, -0.012879879757787089], [0.18216903169209184, -0.06494786864267828, -0.6531749897449852]]	0.8392133767135069	0.2572833906676264	[[0.6869353661482018, -0.30922208450275185, 0.13883006319547977], [-0.35856087407547743, -0.8404866883238002, -0.026538326352250795], [0.12722846544344543, -0.05296835009389968, -0.8046807361011357]]	[[-0.05056300304360897, 0.01304956641586146, -0.09890136112300983], [-0.026884411701168093, -0.06976102930651623, -0.010670922843067674], [-0.0971951772530622, 0.02704435640607616, 0.0]]	0.48077244612794207	[[0.6650424412715935, -0.6650424412715934, 0.0], [-0.7071067811865475, -0.7071067811865476, 0.0], [0.0, 0.0, -0.94051204]]
4	[[0.8592155572171323, 0.2624339665249735, -0.4391776855101157], [-0.4266000482917053, 0.8413623931712975, -0.33184593135155627], [0.2824199444684594, 0.4724804086637203, 0.8348660002631537]]	0.6952317749414302	0.30476822505857	[[0.5973539569013567, 0.18245243235207725, -0.305330281811867], [-0.2965859087639421, 0.5849418699734505, -0.2307098358606345], [0.19634731927166715, 0.3284833931403305, 0.5804253712012049]]	0.7929691364298347	0.36926048861985744	[[0.560539882956169, 0.20918284544785823, -0.28695957527466587], [-0.32421058828789934, 0.7528809946287981, -0.27238746599940616], [0.24596226046709424, 0.34742321726906145, 0.5442761608878989]]	[[-0.12079153545737958, 0.0010808096426938585, 0.06129477474354411], [0.014070083606900059, 0.0857065842912153, -0.009243884387808387], [0.022011960991378116, -0.02723916436902426, -0.11774681037540428]]	0.524492817662617	[[0.6254804231269266, 0.4422814486924808, -0.4422814486924807], [-0.7071067811865475, 0.5000000000000001, -0.5], [0.0, 0.6254804231269265, 0.6254804231269266]]
4	[[-0.8305561570912853, 0.32773595720904825, 0.4502950280316503], [-0.5100865793185324, -0.772219296347621, -0.37879947194723407], [0.22358030216652452, -0.5443036842615101, 0.808545204538665]]	0.6333243721096432	0.3666756278903568	[[-0.5260114566916364, 0.20756316931717333, 0.2851828158922391], [-0.32305026256846525, -0.4890653009903076, -0.23990293772644644], [0.1415988544856985, -0.3447207890718864, 0.512071383986713]]	0.7849316837886863	0.36182460656885856	[[-0.6350584932672111, 0.25971594286964494, 0.19570942537211283], [-0.5652209593925965, -0.6242899760930767, -0.3023742399967651], [0.17103482573904943, -0.2828548393775746, 0.6152534947011381]]	[[0.016871349599512052, 0.002465606139449888, -0.1577414091824442], [-0.16483784181008956, -0.01815058355682403, -0.005042532662957389], [-0.004460437302503868, 0.14438636800219792, -0.019399254116663933]]	0.6694596360020735	[[-0.8845628973849616, 0.0, 0.0], [0.0, -0.7071067811865476, -0.7071067811865475], [0.0, -0.6254804231269265, 0.6254804231269266]]
4	[[0.5319609947059123, -0.8460851799387872, 0.03402011756955908], [-0.703274286200726, -0.4190807785627857, 0.5742617690636116], [-0.47161719485230363, -0.3294103357928521, -0.8179645788128509]]	0.6401653945092339	0.3598346054907661	[[0.34054302003943476, -0.54163445300393, 0.021778501985167304], [-0.4502118608738876, -0.2682810119398826, 0.3676225119441775], [-0.30191300759996326, -0.2108770975682504, -0.5236326172903082]]	0.7690894495331851	0.3974323469684014	[[0.5029522228649815, -0.6569605250151989, 0.10072986930169191], [-0.5175413907015406, -0.3730474294641286, 0.3279373046059967], [-0.2754416220271687, -0.11536941959741842, -0.5959124352039339]]	[[0.09382663427348581, -0.006245339717891046, 0.07456535580706551], [0.0233394429434195, -0.05073682416933705, -0.11372136325108945], [0.08727418675217441, 0.1379765942280479, 0.033175492452885216]]	0.6641127433631231	[[0.6650424412715935, -0.6650424412715934, 0.0], [-0.7071067811865475, -0.7071067811865476, 0.0], [0.0, 0.0, -0.94051204]]
4	[[-0.3195682178843842, -0.5708200961323295, -0.7563336379995778], [0.910087742671785, 0.03735879733279218, -0.41272826520656647], [0.2638493031197415, -0.8202248094963509, 0.507557688474819]]	0.629833864054034	0.37016613594596603	[[-0.20127488549898315, -0.35952182682672024, -0.4763645377353189], [0.5732040795951837, 0.023529835680524035, -0.25995023807936984], [0.1661812261118709, -0.5166053611580705, 0.3196770201624288]]	0.7571794994206784	0.38799196533089436	[[-0.2712167342833372, -0.39847729048936387, -0.5129694939891603], [0.7796416958165748, 0.032418703061470655, -0.2337865706660324], [0.2067989263180398, -0.5129694939891603, 0.30402001385402244]]	[[-0.029246231034880874, 0.03373598415937701, 0.05971083142638058], [0.0905419143914575, 0.004131387598068406, 0.0787228105798406], [0.00701764305933909, 0.10808791667770795, -0.08029226263245762]]	0.7108552632445032	[[0.0, 0.0, -0.8845628973849616], [1.0, 1.7938038903913487e-16, 0.0], [1.7662373586024586e-16, -0.8845628973849616, 0.0]]
4	[[0.04673222253661188, -0.9725397674033924, -0.22799671093185395], [-0.8377629715199755, -0.16246744520517667, 0.5213036857710898], [-0.5440306084466285, 0.16664552219444034, -0.8223502702654952]]	0.6052339064354103	0.3947660935645897	[[0.028283925602242493, -0.5886140425893404, -0.13799134001171093], [-0.5070425559199723, -0.09833080653011, 0.3155106661784142], [-0.32926577037058613, 0.10085952038770998, -0.4977142665310012]]	0.7789541453370741	0.36975242304673084	[[-0.028340052076809397, -0.8314402836479404, -0.14826811314332788], [-0.6839807468275515, -0.14869697947828364, 0.27272634005267576], [-0.2889190971165324, 0.0364335338860001, -0.6036033285056048]]	[[-0.06474231054251799, -0.07387640032391402, 0.029330869960258358], [-0.03140180735216134, -0.022142289553387248, -0.1333453269582101], [0.13485580052321958, -0.09337568642922062, 0.036969823436766]]	0.6325714859295448	[[1.8212387694395323e-16, -0.9121085763919999, 0.0], [-1.0, -1.7938038903913487e-16, 0.0], [0.0, 0.0, -0.9121085763919999]]
4	[[0.22433838825039393, -0.7661379269479729, -0.6022499185961573], [-0.9416906372873723, -0.011392912655017143, -0.3362869982418849], [0.2507808429735371, 0.642575192824231, -0.724020780340167]]	0.576291922779931	0.42370807722006887	[[0.12928440111817024, -0.44151909903547776, -0.3470717635818365], [-0.5426887080261984, -0.006565643540023723, -0.19379948082270715], [0.1445229741935916, 0.3703108934033611, -0.417247327634861]]	0.7592701299705529	0.396262712195847	[[0.19047103557909226, -0.5185016407619724, -0.39281482187246597], [-0.8422016030730288, 0.03244508003459713, -0.17123758910958192], [0.15147041796398733, 0.39281482187246597, -0.44592690897409326]]	[[0.02013759837483122, 0.06320400260718492, 0.0644555520947933], [-0.12720403050779272, 0.041095378306915266, 0.08409508375294111], [-0.03893998527465496, -0.09507332829904103, 0.10380044301616649]]	0.7347692534787162	[[1.7662373586024586e-16, -0.8845628973849616, 0.0], [-1.0, -1.7938038903913487e-16, 0.0], [0.0, 0.0, -0.8845628973849616]]
4	[[0.08740825448676931, -0.06334395238859675, -0.994156597696443], [0.7119981850616444, -0.6940087028176986, 0.10681996481098455], [-0.6967197295301035, -0.717174639895393, -0.015561310176609944]]	0.8260254866728436	0.1739745133271563	[[0.07220144595165737, -0.05232371909957205, -0.8211986874412228], [0.5881286473257262, -0.5732688765001784, 0.08823601341936953], [-0.5755082536596758, -0.5924045309490135, -0.012854038811901301]]	0.9271927013846475	0.12352950918619436	[[0.0564014253435249, -0.056401425343524915, -0.8752072841277752], [0.6844105999986048, -0.6717272429606903, 0.09017296666386562], [-0.6342940493383282, -0.6455132763883538, 0.0]]	[[-0.024642870257379462, 0.002330624988038601, 0.0465674572897602], [0.024251079410332534, -0.02824743901069349, -0.008869725071044134], [0.011699398792669395, 0.019445815340817428, 0.014428333219735379]]	0.15876476403982273	[[0.0, 0.0, -0.9121085763919999], [0.7071067811865475, -0.7071067811865476, 0.0], [-0.6449581595451913, -0.6449581595451912, 0.0]]
