4	[[0.8787972042104137, -0.3840163418041313, 0.28327887866788265], [-0.395223040501579, -0.9183905790867732, -0.018907472103605397], [0.2674214316928388, -0.09534250611366366, -0.9588511794847616]]	0.7036117669187455	0.29638823308125456	[[0.6183320536177429, -0.2701984167824777, 0.19931835235026985], [-0.2780835818543149, -0.6461904180727743, -0.013303519854784694], [0.18816086606533886, -0.0670841091890962, -0.6746589726093963]]	0.8500695839917228	0.24507368685781641	[[0.6946121185686168, -0.3152227368575357, 0.1474978261675765], [-0.3598038363218443, -0.8405038633402806, -0.02525389994816296], [0.13429017808054972, -0.056248945694419045, -0.815090223254584]]	[[-0.05242665522761872, 0.011217875065925441, -0.09330893237527224], [-0.02383675069872318, -0.05980796583407001, -0.009181233002716015], [-0.09303664710905266, 0.024798818814351295, 0.0]]	0.47511511068681006	[[0.6821578194888576, -0.6821578194888575, 0.0], [-0.7071067811865475, -0.7071067811865476, 0.0], [0.0, 0.0, -0.9647168399999999]]
4	[[0.034229894132735264, 0.2773841392786001, 0.9601491309293217], [-0.1827544195208179, -0.9427759796974285, 0.2788803941677556], [0.9825625356654255, -0.18501754344446375, 0.018422055382213542]]	0.8661507834742835	0.13384921652571657	[[0.029648249621310428, 0.2402564895594993, 0.8316339220065845], [-0.15829288365134428, -0.8165861534556629, 0.24155247190401852], [0.8510473100790871, -0.16025309021090958, 0.0159562777025109]]	0.9245402432424371	0.12458466486245016	[[0.00962976947727823, 0.2396797106371017, 0.8708564912790029], [-0.16435255015800754, -0.8271947808699052, 0.2528361535147218], [0.9045322834112483, -0.16236793766779264, 0.0]]	[[-0.022017145170363708, -0.016773088963129273, -0.016840019779407012], [0.0046112653193998345, 0.04443955272268249, -0.0049999939446817255], [-0.00388632231376999, 0.008688226952470044, -0.01703193156409736]]	0.34589961397785546	[[0.0, 0.0, 0.9822], [0.0, -1.0, 0.0], [0.9822, 0.0, 0.0]]
4	[[0.8592155572171323, 0.2624339665249735, -0.4391776855101157], [-0.4266000482917053, 0.8413623931712975, -0.33184593135155627], [0.2824199444684594, 0.4724804086637203, 0.8348660002631537]]	0.7257743092724083	0.27422569072759173	[[0.6235965775553716, 0.19046783078428103, -0.31874388134895926], [-0.3096153553844884, 0.6106392097516788, -0.24084525161153475], [0.20497314012134804, 0.34291414224265687, 0.6059242946760086]]	0.8067123976531366	0.2796386327545633	[[0.657225561267103, 0.2668518352432402, -0.2728404027696732], [-0.33916121665805554, 0.689199662009525, -0.3480037913661663], [0.13827814883221004, 0.383048105904742, 0.6578842175062438]]	[[-0.035914280996405624, 0.055143100882255845, 0.08144968090394747], [0.004982331138289895, 0.010462188519126692, -0.08029956443411411], [-0.08955352171500654, 0.001892302587498399, -0.01561253528512899]]	0.505204172198712	[[0.6580891359985811, 0.46533929068979274, -0.46533929068979263], [-0.7071067811865475, 0.5000000000000001, -0.5], [0.0, 0.658089135998581, 0.6580891359985811]]
4	[[0.8489524140446696, -0.5135124485683378, 0.12483895166604869], [0.522794976890395, 0.7815435453534784, -0.34040431673891397], [0.0772347773085365, 0.35425224329800037, 0.9319550081910795]]	0.8148558723657869	0.18514412763421303	[[0.6917738599434101, -0.41843863424884414, 0.10172575286506842], [0.4260025569624743, 0.6368453474408585, -0.27738045647336745], [0.0629352118407248, 0.28866452075012905, 0.7594090112052062]]	0.9045787792159891	0.155422441624045	[[0.7593307393913225, -0.47184929608964926, 0.055253288459286565], [0.5010171386512721, 0.673880019437256, -0.2863061413841548], [0.019402488892625684, 0.284639203314502, 0.8430267235937139]]	[[-0.00861359891767161, -0.00733683225148888, -0.057673378037391615], [0.02810789667550737, -0.03308768672272956, 0.021616379891384846], [-0.05046245167814903, -0.03580985846252876, 0.0]]	0.4325755696037649	[[0.694520280481427, -0.6945202804814269, 0.0], [0.7071067811865475, 0.7071067811865476, 0.0], [0.0, 0.0, 0.9822]]
4	[[0.3802729664721569, 0.7767473726770865, -0.5020517802076895], [0.4287143634067757, 0.332951791095048, 0.839849450446521], [0.8195098935212374, -0.5346088512602871, -0.20639019011321075]]	0.7450913097753652	0.25490869022463497	[[0.28333808266090293, 0.578747717272544, -0.37407441849000106], [0.3194313465502664, 0.248079486119063, 0.625764527047319], [0.6106096999376088, -0.3983324092030307, -0.15377953707623881]]	0.8634569421611418	0.22711171276130523	[[0.3340394629558301, 0.6258919436397409, -0.4152115459038185], [0.400858958374033, 0.30781617200671996, 0.7266426747889196], [0.6664610166587651, -0.44827068780816015, -0.08410105796791069]]	[[0.005690130139235127, -0.04479596760371704, 0.01828854904087066], [0.030682565086257982, 0.02032663658071459, 0.0014688364306512103], [-0.041150490071885405, 0.013341036153327983, 0.094107984479299]]	0.3749218324491139	[[0.46533929068979263, 0.46533929068979274, -0.6580891359985811], [0.5, 0.5000000000000001, 0.7071067811865475], [0.6580891359985811, -0.658089135998581, 0.0]]
4	[[-0.8305561570912853, 0.32773595720904825, 0.4502950280316503], [-0.5100865793185324, -0.772219296347621, -0.37879947194723407], [0.22358030216652452, -0.5443036842615101, 0.808545204538665]]	0.6613707019917502	0.3386292980082498	[[-0.5493055086590336, 0.21675496008728645, 0.29781193879268736], [-0.33735631904046837, -0.5107232181170013, -0.2505268726758464], [0.147869461395402, -0.35998650975673085, 0.5347481095178002]]	0.8020417008161391	0.3456139736928492	[[-0.6537818123622394, 0.27183195900673757, 0.20121699708348342], [-0.5707982650525256, -0.6286087200908379, -0.29345744536586493], [0.17991981479912655, -0.2851387133943175, 0.6394483924812235]]	[[0.01235886049457158, 0.008974054468187073, -0.15993839306807253], [-0.16168755741240334, -0.00925664224514968, 0.010355527382950109], [0.0005990889805008822, 0.15141553929127485, -0.00903857855370055]]	0.6535337313310959	[[-0.9306785813795855, 0.0, 0.0], [0.0, -0.7071067811865476, -0.7071067811865475], [0.0, -0.658089135998581, 0.6580891359985811]]
4	[[0.08740825448676931, -0.06334395238859675, -0.994156597696443], [0.7119981850616444, -0.6940087028176986, 0.10681996481098455], [-0.6967197295301035, -0.717174639895393, -0.015561310176609944]]	0.8840217190650782	0.11597828093492202	[[0.07727079539187164, -0.05599742968294378, -0.8788560245154988], [0.6294218595294108, -0.6135187665110267, 0.09443116892267774], [-0.6159153730057585, -0.6339979580302035, -0.01375653617323162]]	0.9411227731439923	0.09330888157915455	[[0.07039402722899696, -0.06020830426729963, -0.9036915364933309], [0.6769235040977121, -0.65932643636717, 0.10696731396755463], [-0.6485893554581834, -0.6692318056295232, 0.0]]	[[-0.011867871629267166, -0.0005938681334424498, 0.031931877670141766], [0.0068457976990077985, -0.006179041385312749, 0.006436612457497159], [0.007109448501319756, 0.0057175802973731225, 0.014645103387164978]]	0.1365527648601974	[[0.0, 0.0, -0.9475448802479999], [0.7071067811865475, -0.7071067811865476, 0.0], [-0.6700154103019559, -0.6700154103019558, 0.0]]
4	[[-0.30792515101507295, 0.09349718223056193, 0.9468053539599837], [0.3027085282091916, -0.9338174967034747, 0.1906631317268273], [0.9019698710720718, 0.34531602882779927, 0.2592434992682147]]	0.7299299714470092	0.2700700285529909	[[-0.2247637966882483, 0.06824639555592991, 0.6911016049818861], [0.22095602735250142, -0.6816213787054849, 0.13917073429736043], [0.6583748422376999, 0.2520565190624701, 0.18922960001867073]]	0.8522012081090405	0.2588854521607132	[[-0.25921505219526975, 0.0799436164372109, 0.7463194542235951], [0.24338178131132232, -0.8497656242414834, 0.1193160861795443], [0.682778223160649, 0.26645944839270364, 0.17927143575805887]]	[[0.0031991335069341447, 0.00026520478553489733, -0.06054921226521067], [-0.014586792133460404, -0.05396522539742238, -0.04316726501991107], [-0.08588159064492618, -0.027819288553763158, -0.041656187512728905]]	0.46905298789676897	[[0.0, 0.0, 0.9822], [0.0, -1.0, 0.0], [0.9822, 0.0, 0.0]]
4	[[-0.3195682178843842, -0.5708200961323295, -0.7563336379995778], [0.910087742671785, 0.03735879733279218, -0.41272826520656647], [0.2638493031197415, -0.8202248094963509, 0.507557688474819]]	0.6565240569092199	0.3434759430907801	[[-0.2098042228647054, -0.3747571252781079, -0.49655122839639215], [0.5974944969622344, 0.024526949186174082, -0.2709660350745195], [0.1732234148968431, -0.5384973195081363, 0.3332238327529541]]	0.774907384526329	0.3652748907656849	[[-0.2889439605375327, -0.41680910681343053, -0.5353511988393795], [0.7746474575826625, 0.03194606609252537, -0.23858503625732871], [0.22204598308236767, -0.5353511988393795, 0.3144476309515053]]	[[-0.041308188639004484, 0.025523600915540744, 0.05073732241215655], [0.06941374521939851, 0.002996458162322189, 0.08124114425398081], [0.017587209692754246, 0.10024706301104433, -0.07886256992074597]]	0.7111449734316443	[[0.0, 0.0, -0.9306785813795855], [1.0, -1.7938038903913487e-16, 0.0], [-1.8583181412461858e-16, -0.9306785813795855, 0.0]]
4	[[0.5319609947059123, -0.8460851799387872, 0.03402011756955908], [-0.703274286200726, -0.4190807785627857, 0.5742617690636116], [-0.47161719485230363, -0.3294103357928521, -0.8179645788128509]]	0.6575990821864859	0.3424009178135141	[[0.34981706187761813, -0.5563848377793343, 0.022371598089618364], [-0.4624725251309534, -0.27558713534488577, 0.3776340122710187], [-0.3101350344782399, -0.21661993448012168, -0.5378927562883863]]	0.7813071692600029	0.37944145391915846	[[0.5003126453754334, -0.7037310686945233, 0.08221222455881338], [-0.5082234892760658, -0.392526824560012, 0.32918657639593274], [-0.2977776607537194, -0.09080145973446323, -0.6167474687822354]]	[[0.08468770644502176, -0.04267865180370954, 0.05563206280264875], [0.04124975248877261, -0.06509600776984377, -0.11948826080539908], [0.07070023473067716, 0.16656919724883706, 0.022334120844983568]]	0.6555365744959993	[[0.6821578194888576, -0.6821578194888575, 0.0], [-0.7071067811865475, -0.7071067811865476, 0.0], [0.0, 0.0, -0.9647168399999999]]
4	[[0.22433838825039393, -0.7661379269479729, -0.6022499185961573], [-0.9416906372873723, -0.011392912655017143, -0.3362869982418849], [0.2507808429735371, 0.642575192824231, -0.724020780340167]]	0.6055228511961379	0.394477148803862	[[0.1358420204861248, -0.46391402193503495, -0.36467608784098715], [-0.5702151996349579, -0.006898668954294623, -0.2036294619956168], [0.15185353106270705, 0.38909396286683645, -0.4384111272368306]]	0.7709597888306756	0.3745870262847535	[[0.22369798683710596, -0.5778476363815558, -0.35781038270172427], [-0.8375183067058171, -0.014484497466523971, -0.15648201799938996], [0.14563446252308698, 0.3578103827017242, -0.5248719138819561]]	[[0.050742110404968066, 0.012813897993424923, 0.10650008736246075], [-0.1115126918389201, -0.005701019931845519, 0.10278173515167544], [-0.047707483218569914, -0.13758925226587562, 0.03331899403812017]]	0.740374076318578	[[-1.8583181412461858e-16, -0.9306785813795855, 0.0], [-1.0, 1.7938038903913487e-16, 0.0], [0.0, 0.0, -0.9306785813795855]]
4	[[-0.5446221603179724, 0.8109226453022452, -0.2139887049042392], [-0.8354447797583356, -0.5021691245819775, 0.22328947644507607], [0.07361197229480154, 0.30038414347728, 0.9509735242804028]]	0.729346112881926	0.27065388711807414	[[-0.39721805561727025, 0.5914432791991212, -0.15607183012254439], [-0.6093284026442388, -0.3662550990231848, 0.1628553116926566], [0.053688605854785534, 0.2190840074165209, 0.6935888433875376]]	0.8408770656107363	0.24350899607638543	[[-0.5106624042723561, 0.6482510589132452, -0.13667170108674043], [-0.7366307817902404, -0.40867398120758236, 0.09409091260457153], [0.07844094326002925, 0.14579915489024436, 0.7851141244522235]]	[[-0.05270212023759965, -0.033635195505802726, 0.04326649316697804], [-0.034124426907243266, 0.013588518711222998, -0.09366808713032163], [0.016542324002957735, -0.10678698223292521, -0.0145377021181819]]	0.3903162581681409	[[-0.6821578194888576, 0.6821578194888575, 0.0], [-0.7071067811865475, -0.7071067811865476, 0.0], [0.0, 0.0, 0.9647168399999999]]
4	[[-0.42203838922340475, -0.825029846081567, 0.3757783270710803], [0.2588054115689476, 0.28760896992378115, 0.9221175843470338], [-0.8688517462515349, 0.4864224845687207, 0.09214016247897017]]	0.7409370942685573	0.25906290573144286	[[-0.31270389778097185, -0.6112952168405114, 0.2784281017491458], [0.1917585296288741, 0.21310015446089928, 0.6832311235200322], [-0.6437644882177741, 0.36040846230324003, 0.0682700642526009]]	0.8584010513615348	0.23145141948855952	[[-0.28530694997680633, -0.6453716314027791, 0.3390218508953835], [0.25758049506542413, 0.23311561554370658, 0.8305561753266845], [-0.7502119036421983, 0.3807160187296071, 0.022768939366894673]]	[[0.0769712470474929, 0.06283485587828329, 0.01645333985868952], [0.03542165767658479, -0.01376822661987533, 0.039009471444231975], [-0.004388651182575367, -0.03682955343007269, -0.05632427297767595]]	0.49170255269129093	[[-0.46533929068979263, -0.46533929068979274, 0.6580891359985811], [0.5, 0.5000000000000001, 0.7071067811865475], [-0.6580891359985811, 0.658089135998581, 0.0]]
4	[[0.04673222253661188, -0.9725397674033924, -0.22799671093185395], [-0.8377629715199755, -0.16246744520517667, 0.5213036857710898], [-0.5440306084466285, 0.16664552219444034, -0.8223502702654952]]	0.6218607500605344	0.37813924993946557	[[0.029060934958613283, -0.6047843092211713, -0.14178220567141747], [-0.520971909842354, -0.10103212733570992, 0.32417830104293105], [-0.3383112822245093, 0.10363030942606412, -0.511387355879784]]	0.7962243417073702	0.3460733105596936	[[-0.038120167862180726, -0.8605061202780255, -0.16346507206863398], [-0.6934216572680437, -0.15629963184670967, 0.27452494085775164], [-0.3027450239046884, 0.053331190430117394, -0.6196494842733977]]	[[-0.07532950098791699, -0.0861462841930206, 0.01807145900452701], [-0.026374386762740877, -0.02693909723933955, -0.14054974317496016], [0.13042538917438845, -0.07935603077763184, 0.0351258183216242]]	0.6213015356435017	[[1.8919956640665708e-16, -0.9475448802479999, 0.0], [-1.0, -1.7938038903913487e-16, 0.0], [0.0, 0.0, -0.9475448802479999]]
