4	[[0.034229894132735264, 0.2773841392786001, 0.9601491309293217], [-0.1827544195208179, -0.9427759796974285, 0.2788803941677556], [0.9825625356654255, -0.18501754344446375, 0.018422055382213542]]	0.7813628085904488	0.2186371914095514	[[0.02674596621730775, 0.2167376501251713, 0.7502248216086134], [-0.1427975065191034, -0.7366500873679948, 0.21790676804772893], [0.7677378224832897, -0.14456582738427157, 0.014394308933455162]]	0.8789124388441629	0.18621360461961425	[[0.009191564768661365, 0.21566326474460315, 0.79514221096714], [-0.16771835498295773, -0.8242462317295578, 0.2565887760137219], [0.8250740458855549, -0.14720869372446338, 0.0]]	[[-0.020893514964918494, -0.02813310560544028, -0.04874480335205343], [-0.00709322241236641, 0.004371303870004339, 0.011477328629918295], [-0.03851238865304908, 0.015405526613266088, -0.016191373624503548]]	0.37064479708980014	[[0.0, 0.0, 0.927], [0.0, -1.0, 0.0], [0.927, 0.0, 0.0]]
4	[[0.8489524140446696, -0.5135124485683378, 0.12483895166604869], [0.522794976890395, 0.7815435453534784, -0.34040431673891397], [0.0772347773085365, 0.35425224329800037, 0.9319550081910795]]	0.6933196942168559	0.3066803057831441	[[0.588595428110112, -0.3560282938179489, 0.08655330379545774], [0.36246405351575683, 0.541859531881631, -0.2360090167915216], [0.05354839218646149, 0.24561005699900482, 0.6461427613029066]]	0.8510297023704665	0.24989680756299612	[[0.668409759133925, -0.418619271419785, 0.05383600513801505], [0.49284539919693093, 0.6645815605344509, -0.3169263464308167], [0.021976561097911965, 0.258972516613713, 0.7400038265814005]]	[[-0.054073961117199046, 0.01839507484885696, -0.05240565074258342], [0.047931345613123205, -0.0005352102572787933, -0.027232162070876784], [-0.04375252844762112, -0.042506664564254296, -0.053117566662119475]]	0.45189179469687507	[[0.6554879861599296, -0.6554879861599295, 0.0], [0.7071067811865475, 0.7071067811865476, 0.0], [0.0, 0.0, 0.927]]
4	[[0.3802729664721569, 0.7767473726770865, -0.5020517802076895], [0.4287143634067757, 0.332951791095048, 0.839849450446521], [0.8195098935212374, -0.5346088512602871, -0.20639019011321075]]	0.5792165159042172	0.4207834840957831	[[0.22026038273256396, 0.4499049069397765, -0.29079668293540767], [0.24831843989056704, 0.1928511764021424, 0.48645467257170544], [0.474673665274407, -0.30965427619853936, -0.11954460683418294]]	0.7655746171630529	0.3579453703625238	[[0.30538958542446154, 0.45667681423740963, -0.3667141058760969], [0.4079091135474168, 0.31185822286691756, 0.715546641985923], [0.5557881667224841, -0.3899576542347791, -0.04192843927999133]]	[[0.01426225470008148, -0.13798125823225796, 0.01764399355243415], [0.07969627890997252, 0.05695878286557347, 0.07257922048572743], [-0.07160780627137134, 0.0193253124007947, 0.11607865150213967]]	0.4471256565774872	[[0.3692231651205, 0.3692231651205001, -0.5221604076557319], [0.5, 0.5000000000000001, 0.7071067811865475], [0.5221604076557319, -0.5221604076557319, 0.0]]
4	[[-0.8305561570912853, 0.32773595720904825, 0.4502950280316503], [-0.5100865793185324, -0.772219296347621, -0.37879947194723407], [0.22358030216652452, -0.5443036842615101, 0.808545204538665]]	0.5494363937236415	0.4505636062763584	[[-0.45633777973720197, 0.18007006242250512, 0.24740847631339596], [-0.28026013062760274, -0.424285385349045, -0.20812621581110802], [0.12284315493001734, -0.2990602533711358, 0.4442441613442682]]	0.7356610319886395	0.42254106295553906	[[-0.5032049954600037, 0.18761254502034533, 0.2563260211725774], [-0.4475471435090649, -0.6761222763486723, -0.26839435168500103], [0.1568927702113988, -0.369355651677863, 0.47864359166722414]]	[[0.10780280419028967, -0.05349002747984766, -0.07493848384853975], [-0.07229632416403833, -0.1080306318760404, 0.010273658764452812], [-0.007586545612758474, 0.031067358401178108, -0.11617160791315562]]	0.6846346642474032	[[-0.6076373631702549, 0.6076373631702547, 0.0], [-0.7071067811865475, -0.7071067811865476, 0.0], [0.0, 0.0, 0.8593290000000001]]
4	[[0.8592155572171323, 0.2624339665249735, -0.4391776855101157], [-0.4266000482917053, 0.8413623931712975, -0.33184593135155627], [0.2824199444684594, 0.4724804086637203, 0.8348660002631537]]	0.5750991746773382	0.42490082532266193	[[0.4941341578255021, 0.1509255575558124, -0.25257072447357115], [-0.24533733568987226, 0.4838668179173632, -0.19084432124031264], [0.16241947697623066, 0.271723093073717, 0.4801307477175101]]	0.7505099352265396	0.44133866439489366	[[0.4763615788671022, 0.19091209534502396, -0.28813903172997235], [-0.3522635295364879, 0.7491335764830656, -0.2533815924621279], [0.23985990723615078, 0.3183993826171422, 0.4718337399426575]]	[[-0.16848823332556298, -0.006047203872877765, 0.04146818457516624], [-0.032095954925441525, 0.11768274128202881, -0.004327924018280676], [0.027900933006444424, -0.0362018582848755, -0.15474148783768232]]	0.5935532450853251	[[0.5221604076557319, 0.3692231651205001, -0.3692231651205], [-0.7071067811865475, 0.5000000000000001, -0.5], [0.0, 0.5221604076557319, 0.5221604076557319]]
4	[[-0.5446221603179724, 0.8109226453022452, -0.2139887049042392], [-0.8354447797583356, -0.5021691245819775, 0.22328947644507607], [0.07361197229480154, 0.30038414347728, 0.9509735242804028]]	0.6188266856033788	0.3811733143966213	[[-0.33702672637572284, 0.5018205728731128, -0.13242192101244982], [-0.5169955240624957, -0.31075565497741536, 0.13817748663862012], [0.04555305283591978, 0.18588572391585498, 0.5884877941270059]]	0.776600890303947	0.32237631707085546	[[-0.45106966178538954, 0.5957077458557729, -0.09296971017337836], [-0.7329032110387628, -0.3975961934870489, 0.10240705327098422], [0.07070161344015981, 0.09789020941197148, 0.7138834414204382]]	[[-0.02811560720319329, -0.03405550245358252, 0.07321410857024241], [-0.08409605127865442, -0.007611204253531635, -0.07099975293176405], [0.01353449021898745, -0.13538838384567267, -0.024643444191204747]]	0.42976269587935656	[[-0.6076373631702549, 0.6076373631702547, 0.0], [-0.7071067811865475, -0.7071067811865476, 0.0], [0.0, 0.0, 0.8593290000000001]]
4	[[-0.30792515101507295, 0.09349718223056193, 0.9468053539599837], [0.3027085282091916, -0.9338174967034747, 0.1906631317268273], [0.9019698710720718, 0.34531602882779927, 0.2592434992682147]]	0.6228465141498639	0.3771534858501361	[[-0.19179010692880866, 0.05823439403514012, 0.5897144142924039], [0.18854095159853074, -0.5816249726739112, 0.11875386697295072], [0.5617887900654424, 0.21507888483546866, 0.1614689098352204]]	0.8056396039288188	0.3024687143876331	[[-0.20311684341684416, 0.0688546921530671, 0.7138475886982469], [0.253761599088732, -0.8442555051062091, 0.12223887274880507], [0.6542887339596487, 0.2411630343452246, 0.1342621512637771]]	[[0.044959853286660925, -0.006470340707623406, -0.04893630166375943], [0.009887620316403252, -0.0919351469202207, -0.03136689717942428], [-0.072373915726583, -0.03703723434987618, -0.07459467880778843]]	0.4806918968043962	[[0.0, 0.0, 0.927], [0.0, -1.0, 0.0], [0.927, 0.0, 0.0]]
4	[[0.04673222253661188, -0.9725397674033924, -0.22799671093185395], [-0.8377629715199755, -0.16246744520517667, 0.5213036857710898], [-0.5440306084466285, 0.16664552219444034, -0.8223502702654952]]	0.5431038827583888	0.4568961172416111	[[0.025380451509562973, -0.5281901238137227, -0.12382589896323193], [-0.4549923226637042, -0.08823670031276726, 0.28312205583853783], [-0.2954651357867727, 0.09050583014809983, -0.4466216247686009]]	0.717682152698782	0.45019471853199605	[[-0.007757032861099027, -0.7373692063956342, -0.11444456926802106], [-0.6787225534855986, -0.14040000014804283, 0.2718241012623836], [-0.25114167431079054, 0.010970101075939867, -0.532301128384188]]	[[-0.04129591493157307, -0.03939477254039474, 0.04918460104179388], [-0.07747502063381421, -0.023800014329720336, -0.10230625015162165], [0.13929938389321408, -0.10862841603017875, 0.05788498385237788]]	0.6744637457061936	[[1.5905947689208228e-16, -0.7965979830000001, 0.0], [-1.0, -1.7938038903913487e-16, 0.0], [0.0, 0.0, -0.7965979830000001]]
4	[[-0.42203838922340475, -0.825029846081567, 0.3757783270710803], [0.2588054115689476, 0.28760896992378115, 0.9221175843470338], [-0.8688517462515349, 0.4864224845687207, 0.09214016247897017]]	0.5681649729501151	0.4318350270498849	[[-0.2397874299970259, -0.4687530601819712, 0.21350408303557983], [0.14704416966341455, 0.16340934261695553, 0.5239149123673581], [-0.4936511289066637, 0.276368217787315, 0.0523508129224833]]	0.7620101747574333	0.3837635978920768	[[-0.23383552283386383, -0.5046108074071363, 0.281322128307586], [0.26938286030780967, 0.23595372847601165, 0.828352374119453], [-0.5870081510905962, 0.3060077480319199, 0.024685619724333925]]	[[0.08776202389260847, 0.12407032978557686, -0.005024780373903869], [0.07217050340998651, 0.016792767042585775, 0.12568939252426758], [0.07506571990883698, -0.06465113444023589, -0.04552612158844442]]	0.5622974190952458	[[-0.3692231651205, -0.3692231651205001, 0.5221604076557319], [0.5, 0.5000000000000001, 0.7071067811865475], [-0.5221604076557319, 0.5221604076557319, 0.0]]
4	[[0.8787972042104137, -0.3840163418041313, 0.28327887866788265], [-0.395223040501579, -0.9183905790867732, -0.018907472103605397], [0.2674214316928388, -0.09534250611366366, -0.9588511794847616]]	0.6042539492708886	0.39574605072911134	[[0.5310166812523581, -0.23204339111970568, 0.17117238118009698], [-0.23881508306592747, -0.5549411343863612, -0.011424914689332714], [0.16159045622007306, -0.05761108585256511, -0.579389611966717]]	0.8019550795051765	0.3224492052650975	[[0.617410295528321, -0.23666047802586984, 0.17874190170178827], [-0.3219394283970661, -0.8579494373239156, -0.021000966558266138], [0.16217691769936132, -0.05803814863070086, -0.7079630709089014]]	[[-0.0873455862431681, 0.07130337789694932, -0.04843503396245082], [-0.004988303529344568, -0.12144144745557728, -0.005838023264177381], [-0.052283057815257376, 0.01842225843990507, 0.06099250296843278]]	0.5050901865812604	[[0.6076373631702549, -0.6076373631702547, 0.0], [-0.7071067811865475, -0.7071067811865476, 0.0], [0.0, 0.0, -0.8593290000000001]]
4	[[0.22433838825039393, -0.7661379269479729, -0.6022499185961573], [-0.9416906372873723, -0.011392912655017143, -0.3362869982418849], [0.2507808429735371, 0.642575192824231, -0.724020780340167]]	0.48615908748653613	0.5138409125134639	[[0.10906414612001178, -0.372464915453853, -0.2927892708635485], [-0.45781146091824354, -0.00553876802017695, -0.16348898019886113], [0.12191938577911905, 0.3123937693849132, -0.3519892818914654]]	0.7083119387960666	0.47583496973091455	[[0.18256545520782974, -0.45408763094967375, -0.3303933231578279], [-0.8212265331003261, 0.0496035204297134, -0.1993199178031121], [0.14718706184564592, 0.3303933231578279, -0.3825216566719287]]	[[0.02366389647980855, 0.08857700947204421, 0.0961874843227896], [-0.1542158120572038, 0.05767325648092282, 0.03887617791350687], [-0.03044400325385205, -0.12475035749375955, 0.130310905979456]]	0.7314050688475057	[[1.5905947689208228e-16, -0.7965979830000001, 0.0], [-1.0, -1.7938038903913487e-16, 0.0], [0.0, 0.0, -0.7965979830000001]]
4	[[0.5319609947059123, -0.8460851799387872, 0.03402011756955908], [-0.703274286200726, -0.4190807785627857, 0.5742617690636116], [-0.47161719485230363, -0.3294103357928521, -0.8179645788128509]]	0.5667950424213724	0.4332049575786277	[[0.30151285456085297, -0.47955688545549935, 0.01928243398101833], [-0.3986123788810008, -0.2375329076634758, 0.3254887237573821], [-0.2673102879629601, -0.1867081452497482, -0.46361826814740975]]	0.7228966373441951	0.46420907044413606	[[0.4443335672279024, -0.5753616934120813, 0.09002763137794283], [-0.5171760903441619, -0.34927780171885225, 0.33814830714802874], [-0.24636995429676023, -0.10792747154929594, -0.520455085442021]]	[[0.05978075295672521, 0.03627043807242598, 0.06543460278485436], [-0.008781473719017989, -0.04632571612022738, -0.07698359466338478], [0.09456052997567208, 0.130202152501779, 0.07084875804844978]]	0.6944736980296734	[[0.6076373631702549, -0.6076373631702547, 0.0], [-0.7071067811865475, -0.7071067811865476, 0.0], [0.0, 0.0, -0.8593290000000001]]
4	[[0.08740825448676931, -0.06334395238859675, -0.994156597696443], [0.7119981850616444, -0.6940087028176986, 0.10681996481098455], [-0.6967197295301035, -0.717174639895393, -0.015561310176609944]]	0.6575490649793353	0.3424509350206647	[[0.05747521600925094, -0.04165175666521733, -0.6537067412583332], [0.46817374085426816, -0.45634477362529924, 0.0702393679825884], [-0.45812740670517504, -0.47157751389010716, -0.010232324956483282]]	0.8571636574821214	0.2372756719149752	[[0.049245774168033586, -0.04924577416803359, -0.7604577083191051], [0.674261123882485, -0.665623521932716, 0.09431158212305912], [-0.5462912756888425, -0.5536352805390959, 0.0]]	[[-0.025677404941973646, 0.00505035974074936, 0.09169719707236015], [0.0639621554544136, -0.0707444839010747, 0.0027493903935641127], [0.05091155591513551, 0.06110075684706262, 0.013338589546196737]]	0.2462168525657549	[[0.0, 0.0, -0.7965979830000001], [0.7071067811865475, -0.7071067811865476, 0.0], [-0.5632798356588262, -0.5632798356588261, 0.0]]
4	[[-0.3195682178843842, -0.5708200961323295, -0.7563336379995778], [0.910087742671785, 0.03735879733279218, -0.41272826520656647], [0.2638493031197415, -0.8202248094963509, 0.507557688474819]]	0.5273631000347335	0.4726368999652664	[[-0.16852848605608406, -0.30102945545846993, -0.3988624519960053], [0.4799466932790054, 0.01970165117499062, -0.21765765741129256], [0.13914438643523092, -0.4325562982613944, 0.26766719604054406]]	0.6968469574328958	0.4800724128499413	[[-0.23332593914321947, -0.37494397127731816, -0.40449641590588625], [0.7887416762141654, 0.013678866571818216, -0.2169242958377736], [0.16018695020151694, -0.40449641590588625, 0.3114037895223621]]	[[-0.010635798818233635, 0.022830275954048806, 0.12255237853827268], [0.15454980173635977, -0.012354497682890195, 0.07068414001797962], [-0.023675633898264693, 0.16707474700262231, -0.04228624141298909]]	0.7261620471969106	[[0.0, 0.0, -0.7384463302410001], [1.0, -1.7938038903913487e-16, 0.0], [-1.4744813507896027e-16, -0.7384463302410001, 0.0]]
