4	[[-0.42203838922340475, -0.825029846081567, 0.3757783270710803], [0.2588054115689476, 0.28760896992378115, 0.9221175843470338], [-0.8688517462515349, 0.4864224845687207, 0.09214016247897017]]	0.6705546184225023	0.32944538157749775	[[-0.28299979104534767, -0.553227573626401, 0.25197989272059446], [0.1735431640002943, 0.19285752308213008, 0.6183302049125049], [-0.5826125511734228, 0.326172843532104, 0.0617850114924732]]	0.8187989679382692	0.2994956273530799	[[-0.2631518666882803, -0.5798424876313372, 0.3139852020095236], [0.2633719483357107, 0.23518661652395212, 0.8288137420499339], [-0.6749252297386725, 0.348392863242425, 0.023760075591937692]]	[[0.08241273083817315, 0.09569109885851912, 0.006298295630153637], [0.051462344446217355, -0.00030731121942874823, 0.07378481566885273], [0.03648968338344732, -0.049889365104412324, -0.05168419435150752]]	0.5191982392430052	[[-0.4214971771598086, -0.4214971771598087, 0.5960870244413767], [0.5, 0.5000000000000001, 0.7071067811865475], [-0.5960870244413767, 0.5960870244413766, 0.0]]
4	[[-0.30792515101507295, 0.09349718223056193, 0.9468053539599837], [0.3027085282091916, -0.9338174967034747, 0.1906631317268273], [0.9019698710720718, 0.34531602882779927, 0.2592434992682147]]	0.6848242474823741	0.315175752517626	[[-0.21087460982479367, 0.06402913746276692, 0.6483952640379288], [0.20730214003735664, -0.6395008644658314, 0.1305707357074573], [0.6176908382087055, 0.2364807895855994, 0.17753623430105253]]	0.8321381878928156	0.2790726752407056	[[-0.237374988164901, 0.07371479796685645, 0.728989092862496], [0.24667259928565083, -0.8487424975794945, 0.11849531446861489], [0.6670429270414996, 0.25379974069438327, 0.16366019019804454]]	[[0.018861289007403425, -0.0040877778275676905, -0.05888379866898068], [-0.0052227268380470315, -0.07167729805005953, -0.040162758464516383], [-0.08352064700633058, -0.03355091378472487, -0.05206622550600011]]	0.4735740053381736	[[0.0, 0.0, 0.9581999999999999], [0.0, -1.0, 0.0], [0.9581999999999999, 0.0, 0.0]]
4	[[0.8787972042104137, -0.3840163418041313, 0.28327887866788265], [-0.395223040501579, -0.9183905790867732, -0.018907472103605397], [0.2674214316928388, -0.09534250611366366, -0.9588511794847616]]	0.6601539222509089	0.3398460777490911	[[0.5801414212226376, -0.2535098942504429, 0.18700766284344206], [-0.26090804035104725, -0.6062791429424167, -0.012481841869044741], [0.17653930702598103, -0.06294072936816632, -0.6329893669917758]]	0.8295254539081505	0.2797106561807017	[[0.6566031188225698, -0.2690058798167704, 0.17027187914203804], [-0.31807585079277995, -0.8544840156360095, -0.033230812200837026], [0.16073064175596768, -0.053545363204429146, -0.7553910243453854]]	[[-0.07238153089328714, 0.04954545042644897, -0.06471516126752916], [0.009771721274251693, -0.09265565365408471, -0.017546582821838075], [-0.06110224275380188, 0.025543672456248306, 0.04000043554707677]]	0.48667969746396567	[[0.6492281395317125, -0.6492281395317124, 0.0], [-0.7071067811865475, -0.7071067811865476, 0.0], [0.0, 0.0, -0.9181472399999999]]
4	[[0.8489524140446696, -0.5135124485683378, 0.12483895166604869], [0.522794976890395, 0.7815435453534784, -0.34040431673891397], [0.0772347773085365, 0.35425224329800037, 0.9319550081910795]]	0.7628333270840635	0.23716667291593654	[[0.6476091945417427, -0.39172440964046923, 0.09523131284909853], [0.39880543160413606, 0.5961874629630688, -0.25967175749172317], [0.058917262140867635, 0.27023541738200674, 0.7109263395910569]]	0.8830257452166594	0.19546808176201608	[[0.7170413460249432, -0.45758332923694267, 0.0545064976779416], [0.5054734941995399, 0.669082076863434, -0.2934330438690954], [0.022880179101571876, 0.2674639469080424, 0.8012175910674102]]	[[-0.03260549204033329, -0.004138616661854639, -0.05572951064903758], [0.0438320701353725, -0.02104099469159135, 0.007152731594251867], [-0.0453201176879413, -0.04534990422484767, -0.02172267454891569]]	0.44060966644658545	[[0.6775497177329498, -0.6775497177329497, 0.0], [0.7071067811865475, 0.7071067811865476, 0.0], [0.0, 0.0, 0.9581999999999999]]
4	[[0.8592155572171323, 0.2624339665249735, -0.4391776855101157], [-0.4266000482917053, 0.8413623931712975, -0.33184593135155627], [0.2824199444684594, 0.4724804086637203, 0.8348660002631537]]	0.664346009502625	0.33565399049737515	[[0.5708164267397762, 0.17434695841881165, -0.29176594283124424], [-0.28341003973622153, 0.55895574844893, -0.22046052026308846], [0.187624563111574, 0.313890474063912, 0.5546398957442438]]	0.7812795735643165	0.3881576981489589	[[0.5351457659443745, 0.21342298881238203, -0.28664831349500663], [-0.34308441174744486, 0.7507816069696662, -0.2585820126992154], [0.2427908870382578, 0.33337355113486383, 0.5293180426728722]]	[[-0.13614179819805322, 0.008388691356958595, 0.05647224135930001], [-0.009790507935584496, 0.09344235521974205, 0.0006824350361819831], [0.02214195325788191, -0.03576574106342159, -0.12294570999607103]]	0.5429124032413266	[[0.5960870244413767, 0.4214971771598087, -0.4214971771598086], [-0.7071067811865475, 0.5000000000000001, -0.5], [0.0, 0.5960870244413766, 0.5960870244413767]]
4	[[0.08740825448676931, -0.06334395238859675, -0.994156597696443], [0.7119981850616444, -0.6940087028176986, 0.10681996481098455], [-0.6967197295301035, -0.717174639895393, -0.015561310176609944]]	0.7724937341738477	0.22750626582615233	[[0.06752232890610241, -0.048932806317997526, -0.7679797425080929], [0.5500141367032719, -0.536117374388792, 0.08251775350115648], [-0.5382116255373028, -0.5540129156275768, -0.012021014606966912]]	0.9080826934858006	0.15528976838199587	[[0.054291975197498246, -0.05429197519749826, -0.842988046152489], [0.6823440106352701, -0.6705551935246312, 0.09108061905621585], [-0.6100535296847452, -0.6201846330312393, 0.0]]	[[-0.02508194796973957, 0.003229571703574993, 0.0597883548303766], [0.03579078098749052, -0.040337901367348994, -0.005920742307401442], [0.022625598911649687, 0.031069245664678415, 0.014130956459343959]]	0.1812061907505387	[[0.0, 0.0, -0.8797686853679998], [0.7071067811865475, -0.7071067811865476, 0.0], [-0.6220904032992869, -0.6220904032992868, 0.0]]
4	[[0.5319609947059123, -0.8460851799387872, 0.03402011756955908], [-0.703274286200726, -0.4190807785627857, 0.5742617690636116], [-0.47161719485230363, -0.3294103357928521, -0.8179645788128509]]	0.6191028505503917	0.38089714944960823	[[0.3293385682040522, -0.5238137467085442, 0.021061951763373485], [-0.4353991153056614, -0.2594541046190983, 0.35552709818939277], [-0.2919795497016407, -0.20393887789011647, -0.5064042023922866]]	0.7607755221629061	0.4149879344274592	[[0.4827932389041195, -0.6357226132931045, 0.09597646096382546], [-0.5082538321360267, -0.36585740731851624, 0.34020306785798615], [-0.2710974349593414, -0.11166829153098014, -0.5711044547492594]]	[[0.07809033538643018, 0.00795828126912259, 0.07009478825580073], [0.02678003017207555, -0.04703100917897565, -0.09668122935957717], [0.0876973827154249, 0.13893902868768515, 0.05118297480784873]]	0.6722292109751474	[[0.6492281395317125, -0.6492281395317124, 0.0], [-0.7071067811865475, -0.7071067811865476, 0.0], [0.0, 0.0, -0.9181472399999999]]
4	[[0.034229894132735264, 0.2773841392786001, 0.9601491309293217], [-0.1827544195208179, -0.9427759796974285, 0.2788803941677556], [0.9825625356654255, -0.18501754344446375, 0.018422055382213542]]	0.8421188608770342	0.15788113912296584	[[0.028825639455000492, 0.23359041539465134, 0.8085596924102748], [-0.15390094358711476, -0.7939294340850285, 0.23485043985748863], [0.8274344432750186, -0.15580676292771903, 0.015513560293483305]]	0.9053681973712281	0.14374665130540265	[[0.009095526905630704, 0.22927507547231205, 0.8376580336147205], [-0.16582654484195944, -0.8259242681162525, 0.2544294479518061], [0.8697258964474264, -0.15562389670651502, 0.0]]	[[-0.0218951306415318, -0.02185970268572376, -0.0316304542623107], [-0.00036650547877136244, 0.02763512114730196, 0.001940008201967605], [-0.01985497527248289, 0.011885103083851968, -0.016678743073267603]]	0.356381806023326	[[0.0, 0.0, 0.9581999999999999], [0.0, -1.0, 0.0], [0.9581999999999999, 0.0, 0.0]]
4	[[-0.8305561570912853, 0.32773595720904825, 0.4502950280316503], [-0.5100865793185324, -0.772219296347621, -0.37879947194723407], [0.22358030216652452, -0.5443036842615101, 0.808545204538665]]	0.6084247558577691	0.39157524414223077	[[-0.5053309271044322, 0.1994026697507274, 0.2739706424941241], [-0.3103493024882027, -0.4698373368489596, -0.2304709762385478], [0.13603179076027397, -0.3311678362092936, 0.49193891867140727]]	0.7725781283796941	0.3816926511303131	[[-0.610190406239467, 0.24228674891157814, 0.1975455475416551], [-0.5671134533725017, -0.6253950703294269, -0.3039932050701856], [0.17771394486283346, -0.2719075173141211, 0.5897065634460585]]	[[0.03147911512034948, -0.010914883511715866, -0.1503425424337192], [-0.17303171861098954, -0.028795331658497483, -0.011341018001975088], [0.004980693472453404, 0.14860960434280832, -0.03495777738680006]]	0.6807495155605058	[[-0.6492281395317125, 0.6492281395317124, 0.0], [-0.7071067811865475, -0.7071067811865476, 0.0], [0.0, 0.0, 0.9181472399999999]]
4	[[-0.5446221603179724, 0.8109226453022452, -0.2139887049042392], [-0.8354447797583356, -0.5021691245819775, 0.22328947644507607], [0.07361197229480154, 0.30038414347728, 0.9509735242804028]]	0.6820365241269124	0.3179634758730877	[[-0.37145220518575994, 0.5530788623377443, -0.14594811249530687], [-0.5698038536863491, -0.3424976842537464, 0.1522915783887178], [0.050206053718073025, 0.2048729571200838, 0.6485986770369259]]	0.8137180891226266	0.2784660784926853	[[-0.4873238813964315, 0.6254166597349955, -0.11725504144815965], [-0.7355063475510834, -0.40696602102995993, 0.09592280711329293], [0.0758415274732381, 0.12227589882191711, 0.7535110004234084]]	[[-0.04415497780865435, -0.03444576562661283, 0.05687143860034355], [-0.05568981779865687, 0.0016580794412689205, -0.08577187898078609], [0.01594213404096447, -0.12215211241115201, -0.020313358560250662]]	0.4060890869655172	[[-0.6492281395317125, 0.6492281395317124, 0.0], [-0.7071067811865475, -0.7071067811865476, 0.0], [0.0, 0.0, 0.9181472399999999]]
4	[[0.3802729664721569, 0.7767473726770865, -0.5020517802076895], [0.4287143634067757, 0.332951791095048, 0.839849450446521], [0.8195098935212374, -0.5346088512602871, -0.20639019011321075]]	0.6687347378347954	0.33126526216520485	[[0.2543017425394179, 0.5194379506310776, -0.33573946561668155], [0.2866961874188414, 0.22265642872957253, 0.5616365020650513], [0.5480347337969458, -0.3575115099917091, -0.1380202896770316]]	0.818411497369038	0.2893111940550291	[[0.3473145647239925, 0.5398484603907988, -0.4183626034575798], [0.40788539860468137, 0.29484645811132937, 0.7142440031627018], [0.6101190831228072, -0.4183626034575798, -0.07359178038637756]]	[[0.03609479682454856, -0.09585051995932159, -0.007477654261013548], [0.057020634505328086, 0.022354884209528095, 0.026901556858200865], [-0.060577235942649604, 0.019167427009093116, 0.09532032414645566]]	0.4001512082048653	[[0.4214971771598086, 0.4214971771598087, -0.5960870244413767], [0.5, 0.5000000000000001, 0.7071067811865475], [0.5960870244413767, -0.5960870244413766, 0.0]]
4	[[0.04673222253661188, -0.9725397674033924, -0.22799671093185395], [-0.8377629715199755, -0.16246744520517667, 0.5213036857710898], [-0.5440306084466285, 0.16664552219444034, -0.8223502702654952]]	0.5912886998630863	0.4087113001369136	[[0.027632235105385657, -0.5750517746331002, -0.13481187877995582], [-0.49535977822348204, -0.09606516444544605, 0.3082409785934226], [-0.32167915115413076, 0.09853561415635573, -0.48624642213734237]]	0.7626419864324179	0.3906468511494616	[[-0.010094341638218722, -0.8067273203654955, -0.1271086996898299], [-0.6877394503510451, -0.14854401382076693, 0.2728876966749052], [-0.2734663508240776, 0.03188441965335025, -0.5872004051945011]]	[[-0.045734296663942325, -0.06502766026845087, 0.04677116483529698], [-0.04882623359152591, -0.024639518678890877, -0.12468038177609969], [0.14143423308169611, -0.09520645242308533, 0.03995843846401192]]	0.6435216636280453	[[1.7566645895043516e-16, -0.8797686853679998, 0.0], [-1.0, -1.7938038903913487e-16, 0.0], [0.0, 0.0, -0.8797686853679998]]
4	[[-0.3195682178843842, -0.5708200961323295, -0.7563336379995778], [0.910087742671785, 0.03735879733279218, -0.41272826520656647], [0.2638493031197415, -0.8202248094963509, 0.507557688474819]]	0.6047129657608159	0.39528703423918404	[[-0.19324704479976457, -0.345182313248055, -0.457364757339392], [0.5503418579736215, 0.022591349132369983, -0.24958213330637938], [0.15955309460346337, -0.49600057714113854, 0.30692671509231206]]	0.7406071823426025	0.4100349503976869	[[-0.2553271037758069, -0.38182789982331033, -0.4927117283661819], [0.7843504569833695, 0.03287063937373916, -0.22926500764910834], [0.19326910709124223, -0.4927117283661818, 0.29431874195745006]]	[[-0.018652586362206295, 0.04092556319778769, 0.06743439618361532], [0.11033293819867945, 0.005202445745391641, 0.07640450991867721], [-0.00213958185532866, 0.11475265668240861, -0.08158212758020998]]	0.712757900068251	[[0.0, 0.0, -0.8429943543196174], [1.0, -1.7938038903913487e-16, 0.0], [-1.6832360096630697e-16, -0.8429943543196174, 0.0]]
4	[[0.22433838825039393, -0.7661379269479729, -0.6022499185961573], [-0.9416906372873723, -0.011392912655017143, -0.3362869982418849], [0.2507808429735371, 0.642575192824231, -0.724020780340167]]	0.5497022717060507	0.4502977282939493	[[0.1233193216521156, -0.42114775888346506, -0.33105814838709174], [-0.5176494825611873, -0.006262709967811628, -0.18485772687877278], [0.1378547990829117, 0.35322504323743337, -0.3979958677153773]]	0.7556353502484946	0.41507137796121535	[[0.20400693235045964, -0.5122242130387711, -0.3690885830775287], [-0.8189243790316986, 0.05341330538114303, -0.20320013646834673], [0.1712965678397921, 0.3690885830775287, -0.4254300833966699]]	[[0.03448891577069042, 0.06669668772921594, 0.08599274509800599], [-0.107349644499327, 0.06202219292556753, 0.050910207232174855], [-0.01820230227612929, -0.1164639478132031, 0.12166561254286055]]	0.7319861121732033	[[-1.6832360096630697e-16, -0.8429943543196174, 0.0], [-1.0, 1.7938038903913487e-16, 0.0], [0.0, 0.0, -0.8429943543196174]]
