4	[[0.8787972042104137, -0.3840163418041313, 0.28327887866788265], [-0.395223040501579, -0.9183905790867732, -0.018907472103605397], [0.2674214316928388, -0.09534250611366366, -0.9588511794847616]]	0.6059848972873707	0.39401510271262935	[[0.5325378335298763, -0.2327081034448483, 0.17166272219323844], [-0.2394991936039517, -0.5565308207375872, -0.011457642540667152], [0.1620533488168265, -0.05777611877440898, -0.5810493335139475]]	0.8028475157900726	0.3213551314713048	[[0.6184139895235163, -0.2372719345769306, 0.17893726058093992], [-0.32188990987003085, -0.8581145194126371, -0.02065194166780549], [0.16239584676942628, -0.05771962729782933, -0.7093284041654151]]	[[-0.08712616276007548, 0.07103463146330763, -0.04849248343336703], [-0.004586073620338797, -0.12078692446781497, -0.00547212465955579], [-0.05230278533419391, 0.018825866884725328, 0.06048288329630675]]	0.504449498370576	[[0.6089490462493556, -0.6089490462493555, 0.0], [-0.7071067811865475, -0.7071067811865476, 0.0], [0.0, 0.0, -0.8611839999999998]]
4	[[0.5319609947059123, -0.8460851799387872, 0.03402011756955908], [-0.703274286200726, -0.4190807785627857, 0.5742617690636116], [-0.47161719485230363, -0.3294103357928521, -0.8179645788128509]]	0.568415035680059	0.4315849643199409	[[0.30237462778616075, -0.48092753774327496, 0.019337546342140723], [-0.3997516784836537, -0.2382118156995927, 0.32641902395198663], [-0.26807430463930154, -0.18724178777307424, -0.46494336525093116]]	0.7242008106428248	0.4626456233260687	[[0.44556012671052114, -0.5775711365891169, 0.09043224987218375], [-0.5164210092361183, -0.34986053927224825, 0.3386620104581516], [-0.2468016160010677, -0.10765620875532025, -0.5224609652913735]]	[[0.060313543114135976, 0.03516443659543319, 0.0657948531501449], [-0.007109201065298547, -0.046361899712252574, -0.07721882821889854], [0.09474393882406568, 0.1309030234599884, 0.0699096457620099]]	0.6937519939450728	[[0.6089490462493556, -0.6089490462493555, 0.0], [-0.7071067811865475, -0.7071067811865476, 0.0], [0.0, 0.0, -0.8611839999999998]]
4	[[0.8592155572171323, 0.2624339665249735, -0.4391776855101157], [-0.4266000482917053, 0.8413623931712975, -0.33184593135155627], [0.2824199444684594, 0.4724804086637203, 0.8348660002631537]]	0.5779683743511936	0.4220316256488065	[[0.4965994188220409, 0.15167853300697448, -0.25383081294560134], [-0.24656133640929756, 0.48628085462144455, -0.19179645347831675], [0.1632297961887899, 0.273078733708158, 0.48252614497317814]]	0.7515085779573196	0.43978359495243335	[[0.47785081945561975, 0.19169219036787652, -0.28845152565608945], [-0.3525008675121245, 0.7491142969275802, -0.2531907994508208], [0.24014223027095163, 0.3189736632304768, 0.4734384025422454]]	[[-0.16785704210743346, -0.0055291866230052006, 0.041594272252204544], [-0.031907271863901125, 0.11682324128865108, -0.0038057354798903967], [0.02790121941667451, -0.03609941679708891, -0.15397055810043242]]	0.5919164781514639	[[0.524417175445205, 0.3708189409279999, -0.37081894092799983], [-0.7071067811865475, 0.5000000000000001, -0.5], [0.0, 0.5244171754452049, 0.524417175445205]]
4	[[-0.42203838922340475, -0.825029846081567, 0.3757783270710803], [0.2588054115689476, 0.28760896992378115, 0.9221175843470338], [-0.8688517462515349, 0.4864224845687207, 0.09214016247897017]]	0.5711161171155249	0.4288838828844751	[[-0.2410329261269615, -0.4711878421985237, 0.2146130590530031], [0.14780794174374268, 0.16425811815046565, 0.5266362142962255], [-0.49621523566822, 0.27780372066457415, 0.05262273182538303]]	0.7638728803404478	0.38121429384736083	[[-0.23524996265102321, -0.5063879192049765, 0.2828228066255155], [0.269654408616015, 0.2360322849870815, 0.8281133649835456], [-0.5892248013913783, 0.30775824717717826, 0.024935440551662847]]	[[0.08713371733930199, 0.12383000568818613, -0.0042240664437854635], [0.07195997343314794, 0.016335592719653503, 0.123732749815801], [0.07446748460660929, -0.06380669717268743, -0.045447930756184945]]	0.5608330488174906	[[-0.37081894092799983, -0.3708189409279999, 0.524417175445205], [0.5, 0.5000000000000001, 0.7071067811865475], [-0.524417175445205, 0.5244171754452049, 0.0]]
4	[[-0.3195682178843842, -0.5708200961323295, -0.7563336379995778], [0.910087742671785, 0.03735879733279218, -0.41272826520656647], [0.2638493031197415, -0.8202248094963509, 0.507557688474819]]	0.5297610233129167	0.4702389766870832	[[-0.1692947861247165, -0.3023982382546404, -0.4006760820326375], [0.4821290138623473, 0.01979123470475984, -0.2186473481259955], [0.13977707682111423, -0.434523134425429, 0.2688842804367587]]	0.698344785323626	0.4783420231496972	[[-0.23412482862145667, -0.3767523957153679, -0.40564659205220766], [0.7886225963760758, 0.013895294574908068, -0.2171330230900204], [0.1610340753254727, -0.4056465920522076, 0.3126959996931792]]	[[-0.010956030106732607, 0.021876841776575364, 0.12253506000964459], [0.1530675670942847, -0.012194026728409649, 0.07109360867265184], [-0.023223709619471507, 0.1671531264526336, -0.041754265304124086]]	0.7255779608592585	[[0.0, 0.0, -0.7416378818559998], [1.0, 1.7938038903913487e-16, 0.0], [1.480854032382947e-16, -0.7416378818559998, 0.0]]
4	[[-0.30792515101507295, 0.09349718223056193, 0.9468053539599837], [0.3027085282091916, -0.9338174967034747, 0.1906631317268273], [0.9019698710720718, 0.34531602882779927, 0.2592434992682147]]	0.6248483672285948	0.37515163277140534	[[-0.19240652784038684, 0.05842156165724103, 0.5916097795051877], [0.1891469295976844, -0.58349433810466, 0.11913554655019849], [0.5635944012287701, 0.21577015679091277, 0.16198787723237135]]	0.8064888266699572	0.30169558943381203	[[-0.20423312993510603, 0.06898875053818326, 0.7143042405933916], [0.2535113653528207, -0.8444244004041306, 0.12208135716585335], [0.6546663494419959, 0.24154343231130304, 0.1352443793969228]]	[[0.04410506380920952, -0.006415682255889805, -0.04928369840662903], [0.009380319614400168, -0.09131102316386877, -0.031686328229735106], [-0.07276227357057202, -0.0369500866083579, -0.07383260614971361]]	0.48044294988701025	[[0.0, 0.0, 0.9279999999999999], [0.0, -1.0, 0.0], [0.9279999999999999, 0.0, 0.0]]
4	[[0.034229894132735264, 0.2773841392786001, 0.9601491309293217], [-0.1827544195208179, -0.9427759796974285, 0.2788803941677556], [0.9825625356654255, -0.18501754344446375, 0.018422055382213542]]	0.7835736190657564	0.21642638093424357	[[0.026821642025825078, 0.21735089388597248, 0.7523475293651295], [-0.14320154190418877, -0.7387343863797783, 0.2185233197445129], [0.7699100820297838, -0.14497486610743426, 0.014435036606470861]]	0.8797868870612781	0.18483711113492013	[[0.009188918599238495, 0.21609233630808233, 0.7964949166554125], [-0.1676551085991204, -0.8243029222486531, 0.2565151593775013], [0.8264936598207289, -0.14747513841157572, 0.0]]	[[-0.020926093404237775, -0.027946592108009274, -0.04823169835948709], [-0.006870166752209124, 0.005139022125494139, 0.01115984553022939], [-0.037951974775392236, 0.015300870187153816, -0.016207482757988115]]	0.370176413793021	[[0.0, 0.0, 0.9279999999999999], [0.0, -1.0, 0.0], [0.9279999999999999, 0.0, 0.0]]
4	[[0.3802729664721569, 0.7767473726770865, -0.5020517802076895], [0.4287143634067757, 0.332951791095048, 0.839849450446521], [0.8195098935212374, -0.5346088512602871, -0.20639019011321075]]	0.5819623215433535	0.41803767845664674	[[0.22130453838831424, 0.4520377042558577, -0.29217521954464043], [0.24949560620718803, 0.19376539730769182, 0.48876073592876695], [0.4769238801613657, -0.311122208197062, -0.1201113141820582]]	0.7672790222106375	0.35495084928673565	[[0.3062873264454554, 0.4593956462332268, -0.3683681587034903], [0.4073716268281998, 0.31173152564622564, 0.716095752507803], [0.5579619070601902, -0.39072300859464987, -0.0424326824475087]]	[[0.014511856557560276, -0.1365863183791298, 0.016845640313375584], [0.07842808926579295, 0.05626460093153676, 0.07169688736505503], [-0.07083084273272827, 0.019471148065495363, 0.11592618081642324]]	0.4454632756815339	[[0.37081894092799983, 0.3708189409279999, -0.524417175445205], [0.5, 0.5000000000000001, 0.7071067811865475], [0.524417175445205, -0.5244171754452049, 0.0]]
4	[[-0.5446221603179724, 0.8109226453022452, -0.2139887049042392], [-0.8354447797583356, -0.5021691245819775, 0.22328947644507607], [0.07361197229480154, 0.30038414347728, 0.9509735242804028]]	0.62086297560849	0.37913702439151015	[[-0.3381357350373404, 0.50347184655066, -0.132857664073453], [-0.5186967319173398, -0.311778216946677, 0.13863216876775175], [0.04570294815936021, 0.18649739314491165, 0.5904242520096235]]	0.7778316410104121	0.3210472122674004	[[-0.45242246864774105, 0.5966401095971028, -0.09376629720887332], [-0.7330250259236778, -0.39812018729692994, 0.10206819304341705], [0.07090384677659299, 0.09856008892586943, 0.7151214388010921]]	[[-0.028798119956976877, -0.03412118233084705, 0.0726808882844839], [-0.08318964191066909, -0.007517153058568352, -0.07161342684021224], [0.013646125568514526, -0.13508820232857033, -0.024575858147388555]]	0.4289572547968692	[[-0.6089490462493556, 0.6089490462493555, 0.0], [-0.7071067811865475, -0.7071067811865476, 0.0], [0.0, 0.0, 0.8611839999999998]]
4	[[0.08740825448676931, -0.06334395238859675, -0.994156597696443], [0.7119981850616444, -0.6940087028176986, 0.10681996481098455], [-0.6967197295301035, -0.717174639895393, -0.015561310176609944]]	0.6607872757028045	0.3392127242971956	[[0.05775826235624972, -0.04185687773110901, -0.6569260298138015], [0.470479341012225, -0.45859212004894434, 0.07058527353811991], [-0.46038353200459187, -0.47389987649961657, -0.010282715757968413]]	0.8586982126083246	0.23474740958471968	[[0.04945315934913706, -0.04945315934913707, -0.7629792882038136], [0.6744313061605793, -0.665731530686703, 0.09430118170167426], [-0.5482424877586681, -0.5556384558188017, 0.0]]	[[-0.025604152545865306, 0.0049401793464977665, 0.09070120529089527], [0.0630397372677742, -0.06978749804252346, 0.0025750688475977062], [0.05002949867778697, 0.06019812558739115, 0.01336246923449869]]	0.2440754848323577	[[0.0, 0.0, -0.7991787519999999], [0.7071067811865475, -0.7071067811865476, 0.0], [-0.5651047149194021, -0.565104714919402, 0.0]]
4	[[0.22433838825039393, -0.7661379269479729, -0.6022499185961573], [-0.9416906372873723, -0.011392912655017143, -0.3362869982418849], [0.2507808429735371, 0.642575192824231, -0.724020780340167]]	0.48804720857866807	0.511952791421332	[[0.10948772416264224, -0.3739114766332058, -0.29392639163758466], [-0.4595894868727692, -0.005560279218861687, -0.16412393077325135], [0.12239289037824007, 0.3136070291597653, -0.35335632079796747]]	0.7098810231608446	0.4738545656385196	[[0.1836094161581967, -0.4562886401428189, -0.3311030815403477], [-0.8209447577339485, 0.049334564998403954, -0.1994902881821674], [0.14794955477826566, 0.3311030815403476, -0.3843925957166841]]	[[0.024355851572752288, 0.08757813532133653, 0.09642270687122784], [-0.1524564446354007, 0.057422177490729545, 0.039233470205471015], [-0.03007500662092797, -0.1250488537994945, 0.12957601662090684]]	0.7313679572451092	[[1.5957478797230034e-16, -0.7991787519999999, 0.0], [-1.0, -1.7938038903913487e-16, 0.0], [0.0, 0.0, -0.7991787519999999]]
4	[[0.8489524140446696, -0.5135124485683378, 0.12483895166604869], [0.522794976890395, 0.7815435453534784, -0.34040431673891397], [0.0772347773085365, 0.35425224329800037, 0.9319550081910795]]	0.6950744678083876	0.3049255321916125	[[0.5900851473867446, -0.3569293919016194, 0.08677236789103583], [0.3633814403349896, 0.5432309638556494, -0.2366063492969785], [0.05368392173403033, 0.24623168948028504, 0.6477781313397761]]	0.852146504359016	0.24810974324481444	[[0.6700348509637014, -0.4196705379921012, 0.05386851538825363], [0.49304128590184243, 0.6647329433231914, -0.316364989344218], [0.02200066470098399, 0.259438830352518, 0.7418726561607915]]	[[-0.0533969810316116, 0.01791730000024666, -0.05251256088181391], [0.047543373848239895, -0.0012566568541272256, -0.02629064076643309], [-0.043814680797432434, -0.042435980435212566, -0.052289546289115106]]	0.4515160712108206	[[0.6561950929411161, -0.656195092941116, 0.0], [0.7071067811865475, 0.7071067811865476, 0.0], [0.0, 0.0, 0.9279999999999999]]
4	[[0.04673222253661188, -0.9725397674033924, -0.22799671093185395], [-0.8377629715199755, -0.16246744520517667, 0.5213036857710898], [-0.5440306084466285, 0.16664552219444034, -0.8223502702654952]]	0.5448944051009588	0.45510559489904123	[[0.025464126598132727, -0.5299314779962965, -0.12423413216818786], [-0.4564923559819885, -0.08852760190334741, 0.28405546173517515], [-0.29643923474623834, 0.09080421267887819, -0.4480940613009297]]	0.7191582397808146	0.44841280621224444	[[-0.00815530193006745, -0.7395599133607231, -0.11511772927062455], [-0.6789751239006827, -0.1406098839184269, 0.2718920210858631], [-0.2520095582084302, 0.011533338594749016, -0.5338344512850752]]	[[-0.041763164830542675, -0.040149926118056886, 0.04884798403894278], [-0.07649097994883253, -0.023770082002985925, -0.10300781996452468], [0.1392345365489327, -0.10831116181395938, 0.05756552156233545]]	0.6734451029031548	[[1.5957478797230034e-16, -0.7991787519999999, 0.0], [-1.0, -1.7938038903913487e-16, 0.0], [0.0, 0.0, -0.7991787519999999]]
4	[[-0.8305561570912853, 0.32773595720904825, 0.4502950280316503], [-0.5100865793185324, -0.772219296347621, -0.37879947194723407], [0.22358030216652452, -0.5443036842615101, 0.808545204538665]]	0.5512252394152052	0.44877476058479476	[[-0.4578235165404164, 0.18065633147752905, 0.24821398463422295], [-0.28117259680734114, -0.42566676651025886, -0.20880382961446736], [0.12324310559026645, -0.30003392867162915, 0.44569052394984177]]	0.7369972391465013	0.4205643003643027	[[-0.5054744263461645, 0.1891150526330453, 0.2558453235731246], [-0.44786662616677025, -0.6762109733396537, -0.26802253199838266], [0.15650759193439376, -0.36957783300826347, 0.4812572842518644]]	[[0.10664316838624058, -0.05242544299905915, -0.07602086888759806], [-0.07193422548332903, -0.10708748391580297, 0.011151633016881355], [-0.008270473489875332, 0.031572479549738366, -0.11463829921827476]]	0.6844499275316278	[[-0.6089490462493556, 0.6089490462493555, 0.0], [-0.7071067811865475, -0.7071067811865476, 0.0], [0.0, 0.0, 0.8611839999999998]]
