4	[[0.22433838825039393, -0.7661379269479729, -0.6022499185961573], [-0.9416906372873723, -0.011392912655017143, -0.3362869982418849], [0.2507808429735371, 0.642575192824231, -0.724020780340167]]	0.4872914738767521	0.5127085261232478	[[0.1093181838576695, -0.3733324796153571, -0.29347125047487543], [-0.45887781857970167, -0.005551669199412378, -0.1638697870188769], [0.12220336659262923, 0.3131214127879577, -0.3528091531693562]]	0.7092533272937653	0.4746469413510855	[[0.18319162363355168, -0.45540750039399625, -0.3308191326168569], [-0.821057350315713, 0.049441837908834455, -0.19942212949477844], [0.14764417225021723, 0.3308191326168569, -0.3836437831659437]]	[[0.024078875327239152, 0.08797837345980125, 0.09632862600986694], [-0.15316013253825783, 0.057522299116972625, 0.03909054293391105], [-0.030222975050299295, -0.12492946093016186, 0.12987036432014815]]	0.7313818349700477	[[-1.5936853019348318e-16, -0.7981457765759999, 0.0], [-1.0, 1.7938038903913487e-16, 0.0], [0.0, 0.0, -0.7981457765759999]]
4	[[0.04673222253661188, -0.9725397674033924, -0.22799671093185395], [-0.8377629715199755, -0.16246744520517667, 0.5213036857710898], [-0.5440306084466285, 0.16664552219444034, -0.8223502702654952]]	0.5441771032030382	0.4558228967969617	[[0.025430605486213165, -0.5292338733753347, -0.12407058969471679], [-0.4558914270125096, -0.08841106369655144, 0.2836815296119784], [-0.29604900055827266, 0.09068467752952818, -0.44750418789131274]]	0.7185678008894175	0.4491260824160201	[[-0.007995672921513802, -0.7386830398222695, -0.11484817932536784], [-0.6788741115662227, -0.14052612416475077, 0.27186483395171224], [-0.25166211000782285, 0.011307589085904275, -0.5332207627121381]]	[[-0.04157594330032197, -0.039847277881708, 0.04898291585895471], [-0.07688461545453024, -0.023782249347544877, -0.10272720912836766], [0.13926076792020284, -0.10843851732542334, 0.05769366255335702]]	0.6738523815971814	[[1.5936853019348318e-16, -0.7981457765759999, 0.0], [-1.0, -1.7938038903913487e-16, 0.0], [0.0, 0.0, -0.7981457765759999]]
4	[[-0.42203838922340475, -0.825029846081567, 0.3757783270710803], [0.2588054115689476, 0.28760896992378115, 0.9221175843470338], [-0.8688517462515349, 0.4864224845687207, 0.09214016247897017]]	0.5699328480725444	0.4300671519274557	[[-0.24053354116604408, -0.4702116099221204, 0.2141684121915569], [0.14750170531207732, 0.16391779935987139, 0.5255451011046797], [-0.4951871502939409, 0.2772281519967743, 0.05251370522350645]]	0.7631279166179592	0.382234616308272	[[-0.2346834435402336, -0.505676578811664, 0.28222178219365357], [0.2695458019920378, 0.23600082047914045, 0.8282089385816002], [-0.5883374250176323, 0.30705714545633617, 0.024835363262682677]]	[[0.08738583316062261, 0.12392672877619788, -0.00454514965428188], [0.07204416745197328, 0.016518386460568114, 0.12451526756206314], [0.0747075979491773, -0.06414543178872296, -0.04547936696673408]]	0.5614183007014645	[[-0.37018001117594873, -0.3701800111759488, 0.5235135923244507], [0.5, 0.5000000000000001, 0.7071067811865475], [-0.5235135923244507, 0.5235135923244506, 0.0]]
4	[[-0.30792515101507295, 0.09349718223056193, 0.9468053539599837], [0.3027085282091916, -0.9338174967034747, 0.1906631317268273], [0.9019698710720718, 0.34531602882779927, 0.2592434992682147]]	0.6240477180031645	0.37595228199683567	[[-0.19215998780673607, 0.0583467032107082, 0.5908517205319062], [0.18890456624904256, -0.582746677849231, 0.11898289226146334], [0.5628722397501348, 0.21549367977990305, 0.16178031412548444]]	0.8061491262444433	0.30200449001002305	[[-0.20378649084727887, 0.06893507056177765, 0.7141216588193704], [0.25361133965002386, -0.844356941514378, 0.12214424303519357], [0.6545153854020646, 0.24139118539819088, 0.13485142028550123]]	[[0.044447100592210444, -0.006437601199707351, -0.04914464999903126], [0.009583124127442673, -0.0915607824750986, -0.03155867401341746], [-0.07260683806149923, -0.03698502951954048, -0.07413750013412203]]	0.4805423672797362	[[0.0, 0.0, 0.9276], [0.0, -1.0, 0.0], [0.9276, 0.0, 0.0]]
4	[[0.8489524140446696, -0.5135124485683378, 0.12483895166604869], [0.522794976890395, 0.7815435453534784, -0.34040431673891397], [0.0772347773085365, 0.35425224329800037, 0.9319550081910795]]	0.6943716276631403	0.3056283723368598	[[0.5894884695487494, -0.3565684747376813, 0.08668462606411433], [0.3630139990374974, 0.542681663676716, -0.23636709947755888], [0.053629638031928675, 0.24598270678215128, 0.6471231159464551]]	0.8517001493531953	0.24882432022261633	[[0.6693848742200176, -0.41925012285800306, 0.0538555338923583], [0.4929629557192682, 0.664672478688092, -0.31658929406889325], [0.021990995531383256, 0.2592522801966418, 0.7411252410660177]]	[[-0.053668023615583094, 0.01810850628237523, -0.052469819886711705], [0.04769839582061855, -0.0009682756154911383, -0.02666688666188794], [-0.043789875837558064, -0.042464408328969444, -0.05262097860078296]]	0.4516662506941398	[[0.6559122502286415, -0.6559122502286414, 0.0], [0.7071067811865475, 0.7071067811865476, 0.0], [0.0, 0.0, 0.9276]]
4	[[-0.3195682178843842, -0.5708200961323295, -0.7563336379995778], [0.910087742671785, 0.03735879733279218, -0.41272826520656647], [0.2638493031197415, -0.8202248094963509, 0.507557688474819]]	0.5288001801594548	0.4711998198405452	[[-0.16898773119049826, -0.3018497696734132, -0.3999493640348325], [0.48125456228575153, 0.019755338760121033, -0.21825078099813155], [0.13952355902466593, -0.4337350270329248, 0.2683965971068007]]	0.6977457287494477	0.47903423051929916	[[-0.2338051951990121, -0.3760284096153739, -0.40518629939648687], [0.7886701186250973, 0.01380845708189865, -0.21704953157367196], [0.16069479604735265, -0.40518629939648687, 0.31217889637274093]]	[[-0.010827836126110164, 0.022258874345308134, 0.12254226602724949], [0.15366028338863283, -0.012258484188273341, 0.07092985260837908], [-0.023404928237965215, 0.1671220580439213, -0.04196731285450677]]	0.7258105424701187	[[0.0, 0.0, -0.7403600223518976], [1.0, -1.7938038903913487e-16, 0.0], [-1.47830248607475e-16, -0.7403600223518976, 0.0]]
4	[[0.8787972042104137, -0.3840163418041313, 0.28327887866788265], [-0.395223040501579, -0.9183905790867732, -0.018907472103605397], [0.2674214316928388, -0.09534250611366366, -0.9588511794847616]]	0.6052921574101574	0.39470784258984276	[[0.5319290556625361, -0.23244208001137903, 0.1714664836176129], [-0.23922540684340282, -0.5558946149605967, -0.01144454458076367], [0.16186809532707144, -0.05771007121843058, -0.5803850990656053]]	0.8024906774856968	0.32179262955493104	[[0.6180126310123539, -0.23702720508599262, 0.17885905897054524], [-0.32190977064955617, -0.8580484902978832, -0.020791489272630196], [0.1623081600957866, -0.05784727015567092, -0.7087822890403804]]	[[-0.08721393276699728, 0.0711423292139836, -0.04846960028903241], [-0.004746965119486982, -0.12104861229005706, -0.005618419174665981], [-0.05229504579759454, 0.018664202168667203, 0.06068684359230538]]	0.504705405381976	[[0.6084242033120878, -0.6084242033120878, 0.0], [-0.7071067811865475, -0.7071067811865476, 0.0], [0.0, 0.0, -0.8604417599999999]]
4	[[-0.5446221603179724, 0.8109226453022452, -0.2139887049042392], [-0.8354447797583356, -0.5021691245819775, 0.22328947644507607], [0.07361197229480154, 0.30038414347728, 0.9509735242804028]]	0.6200485027580412	0.3799514972419587	[[-0.3376921550740086, 0.5028113720722475, -0.13268337608300584], [-0.5180162848261776, -0.31136921382837135, 0.13845030555139634], [0.0456429932064581, 0.18625273841534407, 0.5896497098926016]]	0.7773394005919433	0.32157892015088996	[[-0.4518808514386892, 0.596267186445055, -0.09344713146783314], [-0.7329764468462238, -0.3979104032079732, 0.10220366753568691], [0.07082284072779042, 0.09829180032120978, 0.7146262505041466]]	[[-0.0285245877880274, -0.034094936580625304, 0.0728947201358744], [-0.08355230252121108, -0.0075545569096381, -0.07136804024261734], [0.013601354307758672, -0.13520862971674333, -0.024602938838789425]]	0.42927909431313555	[[-0.6084242033120878, 0.6084242033120878, 0.0], [-0.7071067811865475, -0.7071067811865476, 0.0], [0.0, 0.0, 0.8604417599999999]]
4	[[0.8592155572171323, 0.2624339665249735, -0.4391776855101157], [-0.4266000482917053, 0.8413623931712975, -0.33184593135155627], [0.2824199444684594, 0.4724804086637203, 0.8348660002631537]]	0.5768195664137895	0.42318043358621055	[[0.49561234516996877, 0.15137704678318614, -0.2533262821345566], [-0.24607125488772313, 0.48531429082593625, -0.1914152262383848], [0.16290534991490327, 0.27253594446441715, 0.481567044285407]]	0.7511092497798466	0.4404056636774263	[[0.4772550514264926, 0.19138003627174427, -0.2883265829019217], [-0.3524056061014501, 0.7491221011719477, -0.2532672197488992], [0.2400294178414949, 0.31874383270078394, 0.47279640465068523]]	[[-0.16810970115404045, -0.0057365434415779905, 0.04154383898163072], [-0.03198236387302093, 0.11716702524407802, -0.004014671208937273], [0.02790118522892443, -0.036140572586298256, -0.15427917047367337]]	0.592571137973827	[[0.5235135923244507, 0.3701800111759488, -0.37018001117594873], [-0.7071067811865475, 0.5000000000000001, -0.5], [0.0, 0.5235135923244506, 0.5235135923244507]]
4	[[0.034229894132735264, 0.2773841392786001, 0.9601491309293217], [-0.1827544195208179, -0.9427759796974285, 0.2788803941677556], [0.9825625356654255, -0.18501754344446375, 0.018422055382213542]]	0.7826894663674001	0.21731053363259983	[[0.02679137757256316, 0.21710564395074816, 0.7514986109201941], [-0.1430399590910329, -0.7379008284533835, 0.21827674689149085], [0.7690413467125715, -0.1448112823471546, 0.014418748696495409]]	0.8794373196698527	0.18538772388279304	[[0.009189980563820437, 0.21592065086019074, 0.7959537554371271], [-0.16768038589868745, -0.8242802698375131, 0.25654456983612905], [0.8259257230106516, -0.1473685348406605, 0.0]]	[[-0.020913065784855085, -0.02802131310591053, -0.04843722275069422], [-0.00695932903747956, 0.004832110796713161, 0.01128674348076604], [-0.03817643976296424, 0.015342797658039224, -0.016201043008143463]]	0.3703636775299292	[[0.0, 0.0, 0.9276], [0.0, -1.0, 0.0], [0.9276, 0.0, 0.0]]
4	[[0.08740825448676931, -0.06334395238859675, -0.994156597696443], [0.7119981850616444, -0.6940087028176986, 0.10681996481098455], [-0.6967197295301035, -0.717174639895393, -0.015561310176609944]]	0.6594887941023334	0.34051120589766676	[[0.05764476434606936, -0.04177462677443129, -0.6556351357637058], [0.4695548244693536, -0.45769096251776875, 0.07044656977924987], [-0.45947885425511187, -0.47296863842538794, -0.010262509683024858]]	0.858084193785006	0.23575864645372438	[[0.0493684646461754, -0.049368464646175406, -0.7619711477398181], [0.6743642542500666, -0.6656889390900778, 0.09430216401254202], [-0.5474613977357493, -0.5548368167060551, 0.0]]	[[-0.025635176935258693, 0.004985979670349431, 0.09109891489057874], [0.06340986564505799, -0.070171040852975, 0.0026416406275656303], [0.05038278967219691, 0.060559405971635255, 0.013352914297134755]]	0.2449317987766635	[[0.0, 0.0, -0.7981457765759999], [0.7071067811865475, -0.7071067811865476, 0.0], [-0.5643742909922926, -0.5643742909922926, 0.0]]
4	[[-0.8305561570912853, 0.32773595720904825, 0.4502950280316503], [-0.5100865793185324, -0.772219296347621, -0.37879947194723407], [0.22358030216652452, -0.5443036842615101, 0.808545204538665]]	0.5505089334351482	0.4494910665648517	[[-0.4572285841983188, 0.1804215722515005, 0.24789143561285396], [-0.2808072187402284, -0.42511362121036955, -0.20853249328746912], [0.12308295368280164, -0.2996440406876256, 0.4451113581846842]]	0.7364626531957789	0.42135464939489886	[[-0.5045657524623792, 0.18851338371951326, 0.25603836488528386], [-0.44773898370393084, -0.6761755397490521, -0.2681710498334754], [0.15666219948690924, -0.36948929541083664, 0.480210711640591]]	[[0.10710783861715886, -0.05285190887432069, -0.07558710617977289], [-0.07207926813944537, -0.10746486791190571, 0.01080061430594459], [-0.007996343048963371, 0.03137004004463265, -0.11525263492267795]]	0.6845233691450155	[[-0.6084242033120878, 0.6084242033120878, 0.0], [-0.7071067811865475, -0.7071067811865476, 0.0], [0.0, 0.0, 0.8604417599999999]]
4	[[0.3802729664721569, 0.7767473726770865, -0.5020517802076895], [0.4287143634067757, 0.332951791095048, 0.839849450446521], [0.8195098935212374, -0.5346088512602871, -0.20639019011321075]]	0.5808614671117759	0.41913853288822434	[[0.22088591320796425, 0.4511826184684299, -0.29162253361751733], [0.24902365410035077, 0.19339886585296323, 0.48783618393938494], [0.47602171906336116, -0.3105336816739916, -0.11988410862663794]]	0.7665972399639459	0.3561439432495611	[[0.30592808492439044, 0.45830700122872997, -0.3677060553147728], [0.4075863479084943, 0.31178186896409327, 0.7158762069740486], [0.5570916293931228, -0.3904168157331901, -0.04223083107771093]]	[[0.014411878393932879, -0.13714539081477078, 0.017165453711427633], [0.07893510018795998, 0.056541944869577296, 0.07204993627650894], [-0.07114239310340481, 0.019412854103241686, 0.11598731901871047]]	0.4461273053209926	[[0.37018001117594873, 0.3701800111759488, -0.5235135923244507], [0.5, 0.5000000000000001, 0.7071067811865475], [0.5235135923244507, -0.5235135923244506, 0.0]]
4	[[0.5319609947059123, -0.8460851799387872, 0.03402011756955908], [-0.703274286200726, -0.4190807785627857, 0.5742617690636116], [-0.47161719485230363, -0.3294103357928521, -0.8179645788128509]]	0.5677664091135242	0.43223359088647595	[[0.3020295837526342, -0.4803787444180151, 0.0193154799900885], [-0.399295516098063, -0.23793998877309286, 0.3260465425124266], [-0.2677684011974857, -0.1870281234779878, -0.46441281169462856]]	0.7236789225376415	0.46327118151451874	[[0.44506914139983256, -0.5766863221253653, 0.09027035301660782], [-0.5167234417502397, -0.3496273935941213, 0.3384561500459191], [-0.2466290792446176, -0.10776526761844483, -0.5216575483429471]]	[[0.060100181919005825, 0.035607689267802854, 0.06565071098926539], [-0.0077786640640693724, -0.046347467307568606, -0.07712498824459532], [0.09467034417632253, 0.1306220492608891, 0.07028617672629277]]	0.6940406098567911	[[0.6084242033120878, -0.6084242033120878, 0.0], [-0.7071067811865475, -0.7071067811865476, 0.0], [0.0, 0.0, -0.8604417599999999]]
