4	[[0.034229894132735264, 0.2773841392786001, 0.9601491309293217], [-0.1827544195208179, -0.9427759796974285, 0.2788803941677556], [0.9825625356654255, -0.18501754344446375, 0.018422055382213542]]	0.8620775031924074	0.1379224968075926	[[0.02950882166848885, 0.2391266262144705, 0.8277229654839097], [-0.15754847367788444, -0.812745962647335, 0.24041651389345317], [0.8470450574768508, -0.1594994618993961, 0.015881239507570904]]	0.9178030243006327	0.12788705958031907	[[0.009038150835575194, 0.23616678489673473, 0.8588824016627923], [-0.16495262464953966, -0.8266864451287578, 0.25346331006370726], [0.892041759192625, -0.15985673888350338, 0.0]]	[[-0.022378149520939708, -0.01841721702619235, -0.022345374483763298], [0.002779934290973597, 0.03859620027553405, -0.0024939591216113647], [-0.009757107605600711, 0.00995292203849914, -0.016907818143629332]]	0.34960717204129044	[[0.0, 0.0, 0.9736], [0.0, -1.0, 0.0], [0.9736, 0.0, 0.0]]
4	[[-0.5446221603179724, 0.8109226453022452, -0.2139887049042392], [-0.8354447797583356, -0.5021691245819775, 0.22328947644507607], [0.07361197229480154, 0.30038414347728, 0.9509735242804028]]	0.7127494279510829	0.28725057204891724	[[-0.3881791332161175, 0.5779846515517542, -0.15252032700848955], [-0.5954627888574722, -0.3579207562805004, 0.15914944660372476], [0.052466891143470765, 0.21409862642900732, 0.6778058354274823]]	0.831225595979072	0.2555658441465178	[[-0.5022789382528489, 0.6401363947974452, -0.1294627109111426], [-0.7362570721162613, -0.40812969661093995, 0.09469007234027069], [0.07757059590107514, 0.13697196377176318, 0.7737269815932165]]	[[-0.04957505845913272, -0.03392326433683922, 0.04841017785567345], [-0.04181398715403429, 0.00928613325200307, -0.0909138557936426], [0.016382440359133808, -0.11271502491280194, -0.016746552887079866]]	0.395685868526499	[[-0.6702643682821137, 0.6702643682821136, 0.0], [-0.7071067811865475, -0.7071067811865476, 0.0], [0.0, 0.0, 0.94789696]]
4	[[0.5319609947059123, -0.8460851799387872, 0.03402011756955908], [-0.703274286200726, -0.4190807785627857, 0.5742617690636116], [-0.47161719485230363, -0.3294103357928521, -0.8179645788128509]]	0.6472315826382453	0.3527684173617548	[[0.34430195650532275, -0.5476130500585458, 0.02201889453608488], [-0.45518132928647803, -0.2712423155624598, 0.37168035363967994], [-0.3052455434236662, -0.21320477297260348, -0.5294125088870671]]	0.7737962521577773	0.39149409087948694	[[0.5077781849153341, -0.6652588419645775, 0.10008432339397688], [-0.5179317362170783, -0.376711358184573, 0.3260293101228827], [-0.278287277486889, -0.11473720015531691, -0.6033695956291418]]	[[0.09614876091777586, -0.01056130072170532, 0.07375968392068515], [0.026259270683979416, -0.05242822238132595, -0.118332294536035], [0.08664834034298774, 0.14015928310322698, 0.02956832985405705]]	0.6614733446416186	[[0.6702643682821137, -0.6702643682821136, 0.0], [-0.7071067811865475, -0.7071067811865476, 0.0], [0.0, 0.0, -0.94789696]]
4	[[0.8592155572171323, 0.2624339665249735, -0.4391776855101157], [-0.4266000482917053, 0.8413623931712975, -0.33184593135155627], [0.2824199444684594, 0.4724804086637203, 0.8348660002631537]]	0.7051948986675322	0.2948051013324679	[[0.6059144278053028, 0.18506709443049718, -0.30970586343034734], [-0.3008361778266333, 0.5933244675951054, -0.23401605793269362], [0.19916110412112528, 0.33319077391000645, 0.5887432444565426]]	0.796794177875388	0.36328868045421725	[[0.566589757661291, 0.21074423098259368, -0.2884255954063697], [-0.32404907061954696, 0.7528393303776197, -0.27264957006801965], [0.24729743873087923, 0.35091293861078, 0.5496581346168776]]	[[-0.11802819586927732, 0.0016383743787503138, 0.061508627460878665], [0.01586336414064326, 0.0824466740154267, -0.00823666401546392], [0.0222668712625204, -0.025556700172656353, -0.11555823369891541]]	0.5185325817850722	[[0.635341557090936, 0.4492543233886208, -0.4492543233886207], [-0.7071067811865475, 0.5000000000000001, -0.5], [0.0, 0.6353415570909359, 0.635341557090936]]
4	[[0.04673222253661188, -0.9725397674033924, -0.22799671093185395], [-0.8377629715199755, -0.16246744520517667, 0.5213036857710898], [-0.5440306084466285, 0.16664552219444034, -0.8223502702654952]]	0.610064463845834	0.389935536154166	[[0.02850966828612235, -0.5933119517697026, -0.13909269121325504], [-0.5110894180502266, -0.09911561485149843, 0.3180288535607971], [-0.33189374145771533, 0.10166451114986028, -0.5016866767229959]]	0.7843362593273113	0.3625112209728656	[[-0.028828394522191922, -0.8419601031418346, -0.14925585157915383], [-0.6855677958849605, -0.14763578403356364, 0.2712863625145403], [-0.29109625164216607, 0.036918073293205504, -0.6125274265749606]]	[[-0.06548217113660969, -0.07916189992960425, 0.0295702358120668], [-0.0284799206000501, -0.02020667579887037, -0.13759102035669643], [0.1356066807464237, -0.09378805221842829, 0.03247170826188154]]	0.6290663189523051	[[1.8427314289046836e-16, -0.9228724802560001, 0.0], [-1.0, -1.7938038903913487e-16, 0.0], [0.0, 0.0, -0.9228724802560001]]
4	[[-0.42203838922340475, -0.825029846081567, 0.3757783270710803], [0.2588054115689476, 0.28760896992378115, 0.9221175843470338], [-0.8688517462515349, 0.4864224845687207, 0.09214016247897017]]	0.7190129398211511	0.28098706017884895	[[-0.3034510629529035, -0.5932071350712993, 0.2701894796684515], [0.18608443981381198, 0.20679457098383094, 0.6630144751821391], [-0.624715648341057, 0.3497440606248644, 0.06624996909960283]]	0.8438317706278035	0.25682340604883996	[[-0.27545809889458295, -0.6230505478826587, 0.3242460041493306], [0.2551745596761912, 0.23066372776328883, 0.8305666693357363], [-0.7242481397096867, 0.36753338490878207, 0.022023194413446415]]	[[0.08067130235670883, 0.07313584795713418, 0.007152313053386979], [0.03678633098390871, -0.012029858575934192, 0.052454555409145794], [0.008916567742805123, -0.04292536151801696, -0.055727602037116464]]	0.5007779856081639	[[-0.4492543233886207, -0.4492543233886208, 0.635341557090936], [0.5, 0.5000000000000001, 0.7071067811865475], [-0.635341557090936, 0.6353415570909359, 0.0]]
4	[[-0.30792515101507295, 0.09349718223056193, 0.9468053539599837], [0.3027085282091916, -0.9338174967034747, 0.1906631317268273], [0.9019698710720718, 0.34531602882779927, 0.2592434992682147]]	0.71455025610918	0.28544974389082023	[[-0.2200279955202783, 0.06680843550833472, 0.6765400081576493], [0.2163004563583108, -0.667259531428701, 0.1362383896059828], [0.6445028023773129, 0.24674565683750896, 0.1852425087967429]]	0.8450860619167432	0.2666777018137181	[[-0.2521736119413325, 0.07733630297130924, 0.7391276749967636], [0.24420223980548877, -0.8497594776368496, 0.11851046690164767], [0.6761484838125723, 0.2614152660299828, 0.17483730897002328]]	[[0.008049641295113971, -0.0016768625602284412, -0.06100433298296709], [-0.011612518207430367, -0.06060332679875889, -0.04261628824209008], [-0.08609368249927744, -0.030406496888830695, -0.044245758904068386]]	0.4705738895527161	[[0.0, 0.0, 0.9736], [0.0, -1.0, 0.0], [0.9736, 0.0, 0.0]]
4	[[0.22433838825039393, -0.7661379269479729, -0.6022499185961573], [-0.9416906372873723, -0.011392912655017143, -0.3362869982418849], [0.2507808429735371, 0.642575192824231, -0.724020780340167]]	0.5851158113048966	0.4148841886951034	[[0.1312639380479622, -0.44827941469761473, -0.3523859497276986], [-0.5509980812346259, -0.006666173331266272, -0.19676683980758886], [0.14673583639618698, 0.3759809052737504, -0.42363600629034115]]	0.7593178287663951	0.391244048375822	[[0.21568672602440686, -0.5625691909895343, -0.3464885358356159], [-0.8387205047088898, -0.012575032063138522, -0.15607074646328156], [0.1402309152062371, 0.3464885358356159, -0.5116786429264565]]	[[0.04534258814916513, 0.019172996236187522, 0.11081056472755646], [-0.12367801463419928, -0.003924190362605617, 0.099277966884115], [-0.050191449976635306, -0.1414302643988269, 0.03808324398319014]]	0.7361847744809956	[[1.7940833191815998e-16, -0.8985086467772416, 0.0], [-1.0, -1.7938038903913487e-16, 0.0], [0.0, 0.0, -0.8985086467772416]]
4	[[0.8489524140446696, -0.5135124485683378, 0.12483895166604869], [0.522794976890395, 0.7815435453534784, -0.34040431673891397], [0.0772347773085365, 0.35425224329800037, 0.9319550081910795]]	0.8031253124121186	0.19687468758788146	[[0.6818151727526477, -0.41241484568395825, 0.10026132205799669], [0.41986987914258483, 0.627677404025687, -0.27338732322737413], [0.06202920465499879, 0.2845089435714004, 0.7484766571074992]]	0.9002356151521815	0.16793312072885916	[[0.7406819241005075, -0.4671133769586027, 0.06562775802388722], [0.5082292146606896, 0.6667551542767401, -0.296295011475334], [0.021902658610163085, 0.28893457358794994, 0.8219880420112121]]	[[-0.023575274591925106, -0.004831181933382285, -0.04675671242415158], [0.0375905570412944, -0.03681818004276524, 0.010149078004580224], [-0.04762683865132903, -0.029975912576465737, -0.016991048081840567]]	0.4353876263380971	[[0.6884391621632228, -0.6884391621632227, 0.0], [0.7071067811865475, 0.7071067811865476, 0.0], [0.0, 0.0, 0.9736]]
4	[[0.3802729664721569, 0.7767473726770865, -0.5020517802076895], [0.4287143634067757, 0.332951791095048, 0.839849450446521], [0.8195098935212374, -0.5346088512602871, -0.20639019011321075]]	0.7171802848644072	0.2828197151355929	[[0.27272427442073466, 0.557067902004233, -0.36006163874603336], [0.3074654892735344, 0.23878646038366116, 0.6023234681144519], [0.5877363388847611, -0.3834109282378862, -0.14801897533861166]]	0.844416389750137	0.24951361561791913	[[0.3462764005397839, 0.5866984326918192, -0.4294084524063439], [0.4038690223959175, 0.2929526245909782, 0.7174759278424596], [0.6504950101452822, -0.42940845240634384, -0.07963580397985373]]	[[0.02516767507179028, -0.06919977949207048, -0.005467700695737548], [0.04185558741393958, 0.011802675193655965, 0.008293286962771736], [-0.04151257550644025, 0.022024023703335817, 0.09464345523538813]]	0.3824538316003601	[[0.4492543233886207, 0.4492543233886208, -0.635341557090936], [0.5, 0.5000000000000001, 0.7071067811865475], [0.635341557090936, -0.6353415570909359, 0.0]]
4	[[0.08740825448676931, -0.06334395238859675, -0.994156597696443], [0.7119981850616444, -0.6940087028176986, 0.10681996481098455], [-0.6967197295301035, -0.717174639895393, -0.015561310176609944]]	0.8442331119506369	0.15576688804936306	[[0.07379294269553847, -0.053477062048278005, -0.8392999182395255], [0.6010924434777976, -0.5859051269006106, 0.09018095131083498], [-0.5881938654186054, -0.605462578050965, -0.013137373316428527]]	0.9321857854764863	0.11344846675833731	[[0.058619952066346695, -0.05546849638271109, -0.8851362097280885], [0.682708883447963, -0.6702358303269318, 0.09226525702923047], [-0.6400139306679294, -0.6525264524342675, 0.0]]	[[-0.022860780299530967, 0.0035798356298381174, 0.04160243918220154], [0.01899429604844152, -0.023290782563298033, -0.007310795772667766], [0.009458297661055201, 0.016013552580435658, 0.014506032150026379]]	0.15173799332300014	[[0.0, 0.0, -0.9228724802560001], [0.7071067811865475, -0.7071067811865476, 0.0], [-0.6525693889594659, -0.6525693889594658, 0.0]]
4	[[0.8787972042104137, -0.3840163418041313, 0.28327887866788265], [-0.395223040501579, -0.9183905790867732, -0.018907472103605397], [0.2674214316928388, -0.09534250611366366, -0.9588511794847616]]	0.6880658326250628	0.31193416737493707	[[0.6046703300236158, -0.2642285239650903, 0.19491451751571084], [-0.27193947043532796, -0.6319131784743544, -0.013009585535802408], [0.18400355005951943, -0.06560192085365812, -0.6597527351757061]]	0.8425599136885281	0.25354271546293433	[[0.6893086112671369, -0.31106629111126943, 0.14144579561846585], [-0.35893699673315727, -0.8404921653956292, -0.026148980873479034], [0.12936360149188322, -0.05395553640068921, -0.807889567026824]]	[[-0.051130685262108885, 0.012490484694203732, -0.09723363194172835], [-0.02593790584042925, -0.06669307834792026, -0.010218302809797018], [-0.09595497691369766, 0.026376237321287205, 0.0]]	0.47896330562314654	[[0.6702643682821137, -0.6702643682821136, 0.0], [-0.7071067811865475, -0.7071067811865476, 0.0], [0.0, 0.0, -0.94789696]]
4	[[-0.8305561570912853, 0.32773595720904825, 0.4502950280316503], [-0.5100865793185324, -0.772219296347621, -0.37879947194723407], [0.22358030216652452, -0.5443036842615101, 0.808545204538665]]	0.6417255849381048	0.35827441506189517	[[-0.5329891357333495, 0.21031654884522616, 0.2889658402583311], [-0.3273356084822623, -0.49555287964916883, -0.24308531270958397], [0.14347720018845123, -0.3492936001666831, 0.5188641443314743]]	0.7901866838828194	0.3557269128500269	[[-0.6417842444531576, 0.2605862517597518, 0.19739187484198836], [-0.5639503469339731, -0.6256261831800117, -0.3026072811462561], [0.17371859232326256, -0.2862872242101432, 0.621332758412882]]	[[0.014510171097263193, 0.0016136625435723227, -0.15842526012726255], [-0.1608867243291311, -0.015428778168760858, -0.003284982551708164], [-0.0029515852272221236, 0.1438142990816606, -0.017568895530881548]]	0.6645325832780197	[[-0.8985086467772416, 0.0, 0.0], [0.0, -0.7071067811865476, -0.7071067811865475], [0.0, -0.6353415570909359, 0.635341557090936]]
4	[[-0.3195682178843842, -0.5708200961323295, -0.7563336379995778], [0.910087742671785, 0.03735879733279218, -0.41272826520656647], [0.2638493031197415, -0.8202248094963509, 0.507557688474819]]	0.6380365053540188	0.36196349464598127	[[-0.20389618896116413, -0.3642040593221166, -0.48256847127094216], [0.5806692028998331, 0.02383627649444379, -0.26333569999322426], [0.16834548730261303, -0.5233333710557176, 0.3238403338200373]]	0.7626113947319128	0.3809079545353194	[[-0.2765670232096486, -0.40403599810065033, -0.5197471431727769], [0.7781069078894814, 0.032272170166571496, -0.2352606626807247], [0.21138373966517507, -0.5197471431727769, 0.3072100703540663]]	[[-0.032860658856846595, 0.03127791155183007, 0.05704150738474263], [0.0840636251221335, 0.003781925627103973, 0.07949061529373774], [0.010169254613985875, 0.10576564279095269, -0.07985920636062106]]	0.7106730838818541	[[0.0, 0.0, -0.8985086467772416], [1.0, -1.7938038903913487e-16, 0.0], [-1.7940833191815998e-16, -0.8985086467772416, 0.0]]
